"V1","V2","V3","V4","V5","V6","V7","V8","V9","V10","V11","V12","V13","V14","V15","V16","V17","V18","V19","V20","V21","V22","V23","V24","V25","V26","V27","V28","V29","V30","V31","V32","V33","V34","V35","V36","V37","V38","V39","V40","V41","V42","V43","V44","V45","V46","V47","V48","V49","V50","V51","V52","V53","V54","V55","V56","V57","V58","V59","V60","V61","V62","V63","V64","V65","V66","V67","V68","V69","V70","V71","V72","V73","V74","V75","V76","V77","V78","V79","V80","V81","V82","V83","V84","V85","V86","V87","V88","V89","V90","V91","V92","V93","V94","V95","V96","V97","V98","V99","V100","V101","V102","V103","V104","V105","V106","V107","V108","V109","V110","V111","V112","V113","V114","V115","V116","V117","V118","V119","V120","V121","V122","V123","V124","V125","V126","V127","V128","V129","V130","V131","V132","V133","V134","V135","V136","V137","V138","V139","V140","V141","V142","V143","V144","V145","V146","V147","V148","V149","V150","V151","V152","V153","V154","V155","V156","V157","V158","V159","V160","V161","V162","V163","V164","V165","V166","V167","V168","V169","V170","V171","V172","V173","V174","V175","V176","V177","V178","V179","V180","V181","V182","V183","V184","V185","V186","V187","V188","V189","V190","V191","V192","V193","V194","V195","V196","V197","V198","V199","V200","V201","V202","V203","V204","V205","V206","V207","V208","V209","V210","V211","V212","V213","V214","V215","V216","V217","V218","V219","V220","V221","V222","V223","V224","V225","V226","V227","V228","V229","V230","V231","V232","V233","V234","V235","V236","V237","V238","V239","V240","V241","V242","V243","V244","V245","V246","V247","V248","V249","V250","V251","V252","V253","V254","V255","V256","V257","V258","V259","V260","V261","V262","V263","V264","V265","V266","V267","V268","V269","V270","V271","V272","V273","V274","V275","V276","V277","V278","V279","V280","V281","V282","V283","V284","V285","V286","V287","V288","V289","V290","V291","V292","V293","V294","V295","V296","V297","V298","V299","V300","V301"
0,0,0,0,0,0,0,51,0,0,0,0,0,281,1,0,0,0,0,0,0,27,0,15,0,2621,0,0,12,0,0,0,0,58,0,0,28,0,0,0,0,0,0,114,0,33,0,0,0,0,0,0,0,0,3,0,0,0,0,6,0,45,0,0,0,0,36,0,0,0,0,0,0,11,0,0,0,0,0,12,0,0,392,0,586,1,13,0,0,0,0,13,78,0,0,8,14,0,47,0,0,2,0,0,14,0,0,853,0,0,0,0,0,36,0,0,0,0,157,1,0,0,0,0,55,0,0,0,0,0,18,108,0,0,0,0,54,0,0,0,3,0,0,0,0,0,9,0,0,0,6,0,0,0,0,0,0,0,1,15,0,0,0,0,0,0,0,0,0,0,1,0,0,0,0,0,0,0,88,0,0,0,0,0,0,0,0,0,0,0,1,0,0,0,0,0,0,0,0,0,0,0,0,271,0,38,0,0,0,0,0,0,0,0,0,0,39,23,0,0,0,38,0,0,0,96,0,0,81,1,0,0,0,1871,0,0,0,0,0,129,0,0,0,0,0,0,0,0,0,0,0,2,0,0,0,70,1,0,0,4,6,0,0,1,0,0,0,0,0,95,0,0,53,0,0,0,0,0,0,1083,0,0,59,0,0,0,0,10,15,0,0,0,0,0,0,0,3,0,0,87,0
0,0,0,0,0,0,2,13,0,0,0,0,0,0,5,0,1,1,0,0,0,16,0,5,0,3062,0,0,37,0,0,0,0,27,0,0,1,130,1,0,0,0,0,0,0,190,0,1,0,0,0,0,0,0,0,1,0,0,0,135,0,107,0,2,0,0,41,0,0,0,21,0,0,79,0,0,0,0,0,50,0,0,13,0,0,1,5,0,0,0,0,17,0,0,0,0,0,0,26,0,1,0,0,0,0,0,0,330,0,0,0,0,0,149,0,0,0,0,40,0,0,1,0,1,12,0,0,0,17,0,0,890,0,0,0,1,2,0,0,0,1,0,0,0,0,0,0,0,0,10,17,0,0,4,0,0,0,0,0,43,0,0,0,469,0,0,1,0,0,0,2,0,1,0,0,0,0,4,0,0,0,0,0,1,2,0,0,0,0,0,15,25,8,0,0,0,0,0,0,0,0,0,0,0,0,4,0,0,3,0,33,0,77,0,6,0,332,0,1,0,13,0,0,0,0,0,0,0,114,4,113,1,0,580,0,0,1,0,0,17,0,0,0,0,1,0,0,0,0,0,0,0,0,0,4,1,1,0,15,1,22,0,0,1,0,0,0,0,0,1,0,74,29,0,0,0,0,1,4,2442,0,0,8,0,0,0,0,0,0,0,0,0,0,0,0,0,1,0,0,65,0
0,0,0,0,0,0,0,0,0,0,0,0,0,0,62,0,0,0,0,0,0,0,0,12,0,2254,0,0,0,0,0,0,0,71,0,0,0,0,0,0,0,0,0,0,0,542,0,0,0,0,0,0,0,0,0,0,0,0,0,109,0,172,0,0,0,0,0,0,0,0,0,0,0,0,0,0,0,0,0,77,0,0,0,0,0,0,0,0,0,0,0,0,5,0,0,0,0,0,109,0,0,0,0,0,0,0,0,2,0,0,0,0,0,0,0,0,0,0,185,1,0,0,0,0,0,0,0,0,0,0,0,0,0,0,0,45,0,0,0,0,5,0,0,0,0,0,0,0,0,0,9,0,0,0,0,0,0,0,0,185,0,0,0,994,0,0,0,0,0,0,0,0,0,0,0,0,0,185,0,0,0,0,0,0,0,0,0,0,0,0,0,107,0,0,0,0,0,0,0,0,0,0,0,0,0,4,0,0,1,0,0,0,0,0,0,0,0,0,345,0,0,0,0,0,0,0,0,0,0,0,0,0,0,289,0,0,0,0,0,0,0,0,0,0,0,0,0,0,0,0,0,0,6,0,0,0,0,0,0,0,0,0,0,0,0,0,0,0,0,19,0,0,434,0,0,0,0,0,0,3009,0,0,753,0,0,0,0,0,0,0,0,0,0,0,9,0,0,0,0,0,0
0,0,0,0,0,18,0,18,0,0,0,0,3,0,36,0,1,14,0,0,57,8,0,395,23,142,0,0,134,6,83,0,0,23,0,0,3,13,0,0,0,0,0,0,0,1,0,71,0,0,1,0,0,18,18,6,0,84,0,2,72,0,0,0,0,57,3,0,50,93,11,17,0,3,1,0,0,16,0,168,0,0,1,0,5,29,0,0,0,86,0,1,4,1651,0,0,54,179,20,0,0,0,0,0,5,0,105,31,63,103,0,0,0,47,0,2,0,0,9,9,0,0,1,4,6,0,0,112,0,0,0,1,0,0,117,0,0,0,18,0,18,0,0,0,0,0,1,0,0,0,1,113,2,0,0,0,0,0,0,42,0,0,0,445,1,0,0,0,0,0,2,0,0,0,0,0,0,211,29,1,0,0,0,39,2,0,2,464,0,0,3,24,15,1,0,0,0,0,0,175,27,0,0,0,0,2,1,0,1,49,0,62,0,27,4,1,28,0,255,0,0,0,0,0,0,27,0,0,101,0,43,0,0,113,0,0,0,0,0,5,1,0,0,0,1,0,0,0,0,0,925,1,28,0,10,1,2,0,6,1,1,0,0,1,5,0,0,0,20,834,110,3,403,0,0,0,75,0,3,805,0,0,16,0,0,0,0,1,0,4,0,0,0,0,51,3,1,0,0,30,0
0,0,0,1,0,31,4,0,0,0,11,0,0,17,0,8,10,124,0,0,0,0,0,0,0,1329,0,5,0,0,0,0,0,14,0,0,3,518,0,0,387,0,0,0,87,0,52,0,0,0,0,0,0,20,0,0,0,32,0,0,70,0,13,0,0,313,57,1,38,50,0,0,0,0,556,22,0,0,0,0,0,0,0,0,0,0,0,303,65,0,0,26,4,1605,0,0,0,78,0,0,0,12,0,0,0,0,0,9,15,0,0,0,0,0,0,0,0,0,0,1,0,0,0,0,0,0,178,0,0,0,0,0,0,2,0,0,0,0,1,0,0,38,0,0,0,0,27,0,0,0,0,0,0,39,112,0,0,31,0,0,0,0,0,0,91,0,5,0,0,0,0,0,0,0,0,0,0,0,0,0,0,0,0,0,0,0,0,0,0,0,4,0,5,0,0,0,45,0,0,450,0,1,0,1,4,0,0,0,0,30,0,0,0,0,0,0,0,0,0,0,0,0,0,0,0,0,0,0,0,0,0,0,0,1199,0,0,0,0,0,0,0,0,20,0,0,0,0,0,0,0,0,0,0,0,0,0,7,0,0,0,0,0,0,0,0,0,0,0,0,9,0,0,178,6,37,0,0,0,0,1501,0,0,0,0,0,0,0,0,0,0,0,0,0,1,0,0,0,0,0,85,0
0,0,0,1,0,0,0,20,0,0,0,0,0,44,1,0,0,0,0,0,150,32,0,0,1,326,0,0,18,7,270,0,0,0,0,0,6,0,1,0,0,0,59,28,0,127,0,3,0,0,0,0,0,0,83,0,0,0,0,198,1,0,0,52,0,0,1256,0,0,0,0,0,0,2,0,0,0,0,0,295,0,3,0,0,69,0,0,368,0,0,74,0,0,0,0,0,0,0,3,0,0,0,0,0,0,0,0,2374,0,0,0,0,0,707,0,0,0,1,292,0,0,0,0,1,31,26,0,0,0,51,0,30,0,0,0,0,5,0,0,0,10,0,0,0,0,0,0,0,0,0,16,0,3,4,0,0,0,0,0,4,0,0,0,0,0,0,1,0,0,0,0,0,0,0,0,0,0,63,425,2,0,0,0,0,7,0,0,0,0,0,0,146,0,0,0,0,0,2,0,0,12,0,0,0,0,20,0,0,0,0,0,0,0,0,5,0,92,99,97,0,358,52,0,0,0,0,85,0,83,0,75,0,0,2,0,0,0,0,0,0,0,0,0,0,0,0,0,0,0,0,0,0,0,0,12,3,2,0,0,88,2,0,0,6,0,0,0,99,39,11,0,106,15,0,0,0,0,0,0,718,1,0,146,0,0,0,0,0,16,5,0,0,0,0,1,0,9,35,0,14,0
0,0,0,0,0,0,1,0,0,0,0,0,0,0,9,0,0,0,0,0,0,0,0,3,0,2320,0,0,0,7,0,0,0,0,0,0,0,100,0,1,1,0,0,62,0,1684,0,0,0,0,5,0,0,0,0,0,0,0,0,0,0,8,1,0,0,0,465,0,0,29,0,0,0,0,0,0,0,0,0,38,0,0,0,0,0,13,0,0,0,0,1,2,38,0,0,0,0,0,43,0,0,0,0,0,2,0,0,1426,0,1,0,0,0,190,0,0,0,0,115,0,0,0,0,1,709,0,0,0,0,0,12,0,0,0,0,0,5,0,0,0,20,0,0,0,0,0,0,0,0,4,0,0,1,0,1,0,0,0,0,148,2,0,0,0,0,1,0,0,0,0,1,0,1,0,0,0,0,62,417,0,0,0,0,0,0,0,0,0,0,0,0,0,0,3,0,0,0,0,0,0,0,0,0,0,0,42,0,0,0,0,0,0,0,0,6,0,276,0,0,0,0,17,0,0,0,0,0,0,0,0,0,0,0,0,0,0,0,0,1,0,0,0,0,0,0,19,0,0,0,0,0,0,0,0,0,20,5,0,0,0,0,0,0,1,0,0,0,0,59,1,0,0,0,0,0,0,4,0,0,1593,0,0,0,0,0,0,0,0,2,5,0,0,0,0,0,0,0,0,0,0,0
0,0,0,0,0,18,4,38,0,8,3,1,2,1,0,0,0,28,0,0,0,23,0,56,15,0,0,0,0,10,198,0,0,4,1,0,1,10,0,1,0,0,0,0,0,0,33,45,0,16,6,0,0,12,0,9,15,39,0,97,73,0,6,1,0,62,72,1,94,256,7,0,0,11,3,1,0,15,0,1305,0,0,36,0,23,0,0,0,42,20,97,1,1,1157,0,0,0,0,8,0,0,0,0,1,14,0,79,102,265,27,0,0,0,75,0,0,8,24,141,0,0,45,0,0,2,0,32,91,2,13,0,15,0,1,393,0,28,0,0,0,12,0,0,0,0,0,30,0,1,2,7,0,0,33,1,0,0,0,0,16,0,4,0,179,0,0,0,0,0,9,24,21,0,1,0,0,0,62,118,0,0,0,0,0,44,0,0,0,0,0,0,25,1,0,1,0,4,1,0,0,0,0,0,1611,0,2,1,0,0,11,0,0,0,0,35,7,38,39,85,0,17,48,8,4,0,0,0,0,34,5,53,0,4,375,0,1,7,0,2,2,0,0,1,0,0,57,0,0,0,0,0,7,5,0,5,13,1,1,8,0,3,0,0,6,29,0,0,0,13,11,0,0,55,0,1,0,0,1,2,1118,0,0,228,0,0,0,0,7,19,0,0,0,0,0,4,0,3,0,0,84,0
0,0,0,29,0,0,0,148,0,0,0,0,3,0,254,0,0,0,0,0,0,0,0,9,21,0,0,0,495,74,563,0,0,0,0,0,43,0,0,0,8,29,0,0,0,0,0,0,0,3,0,0,2,0,0,0,3,21,0,59,0,40,3,0,0,0,125,5,0,0,0,0,0,5,0,102,4,0,0,66,0,0,0,0,0,442,450,0,2,0,0,25,0,0,0,0,0,0,0,0,0,0,0,0,0,0,0,0,26,0,0,0,0,0,8,16,0,6,0,7,0,53,28,0,0,0,0,0,0,0,0,0,0,24,0,0,29,0,0,0,91,0,0,0,0,0,81,0,0,0,0,0,0,33,0,44,0,0,193,0,0,0,0,0,0,0,0,16,0,0,31,0,0,0,0,2,7,0,0,0,0,0,0,0,0,0,0,0,0,0,13,0,16,4,0,0,0,0,0,0,0,0,0,0,906,50,147,0,6,74,0,0,0,0,0,8,0,0,1597,0,0,0,0,0,13,0,0,35,144,150,0,0,0,132,0,0,0,0,12,0,0,0,0,0,13,99,0,0,0,0,0,14,0,0,133,290,354,0,10,0,20,0,0,14,0,0,105,0,0,0,0,0,0,0,16,3,0,0,7,0,13,127,1689,0,0,0,0,19,0,0,0,0,0,0,0,31,5,0,0,0,0
0,0,0,0,0,0,0,0,0,0,0,0,0,86,376,0,0,0,0,0,6,4,0,0,0,5,6,0,59,0,0,0,0,23,0,0,0,781,0,0,0,0,0,25,0,47,0,24,12,0,0,0,0,0,0,0,0,0,0,7,29,35,5,0,0,48,29,0,16,212,36,0,0,34,649,410,0,4,0,731,0,25,0,0,8,97,0,0,0,131,10,66,0,1382,0,0,1,0,41,0,0,0,0,22,21,0,50,113,0,0,0,0,0,4,0,0,0,0,73,0,0,0,0,0,26,0,0,0,0,4,0,1,0,0,0,0,0,0,0,0,0,0,4,0,0,0,20,2,0,1,18,17,30,1,1,0,0,0,0,290,0,0,0,0,0,1,0,0,1,0,6,0,0,0,0,0,0,175,119,2,0,0,0,0,5,0,0,0,0,0,0,83,2,11,0,0,0,1,1,0,0,0,0,3,0,8,17,0,2,43,0,0,4,0,11,0,61,25,0,9,164,24,0,0,0,16,0,0,48,0,127,0,0,178,0,0,3,0,0,1,0,0,0,0,0,24,0,0,0,0,26,2,0,0,0,0,5,0,27,0,0,0,0,0,11,0,0,0,95,30,0,0,207,0,17,0,1141,2,0,225,0,0,553,0,0,0,0,0,0,53,0,0,0,0,166,0,8,0,0,19,81
0,0,0,0,11,0,0,0,0,0,0,0,0,0,70,1,0,12,0,0,0,50,0,29,0,981,0,3,0,0,3,0,0,7,0,0,0,2,0,0,0,0,0,10,0,72,0,44,0,20,1,0,0,0,83,0,0,9,0,39,122,0,0,0,1,0,0,0,9,60,2,0,0,11,0,87,0,2,0,279,0,22,0,0,0,0,1,0,46,58,0,0,2,1297,4,0,0,0,0,0,0,0,0,0,0,0,11,1,24,27,0,0,0,73,0,0,0,0,80,0,16,0,0,0,633,1,0,0,1,9,0,1,22,0,0,0,0,0,0,0,0,0,2,0,0,0,7,0,0,0,11,1,0,1,0,0,0,0,0,27,0,3,0,1,0,0,0,0,0,0,2,0,1830,0,0,0,0,21,95,2,0,1,0,1,2,0,0,0,0,0,0,131,1,2,0,0,0,0,1,0,0,0,271,1044,0,23,6,0,0,2,0,0,0,0,9,0,0,14,38,0,0,31,0,0,0,0,14,0,229,0,158,0,0,470,0,0,3,0,0,0,1,0,0,0,1,15,0,0,0,0,0,1,9,0,14,0,3,0,8,2,1,0,0,1,6,0,0,0,0,91,0,16,370,0,0,0,0,0,1,13,0,0,397,0,0,0,0,0,2,46,0,0,0,0,33,0,8,65,0,91,0
0,0,0,0,0,24,0,0,0,0,13,0,7,1,3,0,0,0,0,0,0,3,0,0,10,15,0,0,0,7,1353,0,0,28,0,0,77,0,0,0,0,0,0,0,0,0,70,64,0,15,1,0,0,28,13,0,0,18,0,143,54,0,7,0,0,6,0,0,4,244,8,6,11,7,0,1,1,3,2,573,0,0,0,0,2,0,0,0,56,54,0,1,1,1331,0,0,0,0,0,0,0,0,0,0,9,0,0,18,38,5,0,94,0,7,0,8,0,68,1,2,19,0,0,0,17,0,0,0,0,0,0,2,0,0,0,0,0,0,0,0,0,0,0,0,28,0,122,0,1,0,0,4,0,30,0,0,0,0,0,0,0,0,0,0,0,0,0,0,0,0,7,0,0,0,0,0,0,0,162,0,0,0,0,0,2,0,0,0,0,0,0,44,0,17,0,0,0,1,0,0,0,0,0,105,1530,19,0,0,0,1,0,0,0,4,0,0,249,4,138,3,59,99,0,0,0,0,2,0,32,0,0,0,0,129,0,0,3,0,0,0,0,0,0,0,0,0,1,0,0,0,0,0,30,0,19,0,0,9,10,0,0,0,2,1,0,0,0,0,3,3,0,115,652,12,0,0,6,0,8,1005,0,1,170,0,0,0,3,0,0,4,0,0,0,0,503,2,3,0,0,92,0
0,0,0,0,0,2,4,0,0,0,3,0,0,0,23,0,0,0,0,0,0,55,0,9,0,1838,0,0,4,63,696,0,0,0,0,0,0,90,0,0,0,0,0,0,0,31,0,6,0,0,2,0,0,0,8,0,0,0,0,94,5,0,0,0,0,0,57,0,2,0,8,1,3,0,0,1,4,0,0,22,0,0,4,0,107,8,0,0,0,0,0,16,0,0,0,0,0,0,2,0,0,0,0,0,1,0,0,376,0,0,0,50,0,271,0,0,0,0,245,0,0,0,0,1,550,0,0,0,2,0,1,3,0,0,0,0,975,0,0,0,19,0,0,0,0,0,5,3,0,0,10,42,0,0,1,0,0,28,0,3,0,0,0,0,0,0,0,0,0,5,0,0,10,0,0,1,6,1,0,1,0,0,0,0,1,0,0,0,0,0,0,197,1,0,0,0,0,1,0,0,0,0,0,0,522,27,7,0,0,1,0,0,0,6,0,1,0,7,208,0,0,6,0,0,0,0,153,1,0,0,0,1,0,363,0,0,4,0,0,4,6,0,0,0,0,0,0,0,0,0,0,1,2,0,10,123,9,0,17,0,0,0,0,5,2,0,0,0,20,44,2,0,96,0,0,0,0,0,1,1954,0,42,46,0,0,0,0,0,0,76,0,0,15,6,0,0,0,0,0,243,0
0,1,3,0,10,18,0,1,0,1,0,0,0,0,0,0,0,12,0,0,0,3,0,0,0,185,1,0,0,0,1,0,0,17,0,0,0,112,0,0,0,0,0,0,0,0,0,30,0,0,1,0,0,5,2,11,0,0,0,1,16,0,0,1,0,25,12,0,0,114,4,0,14,18,1,0,0,10,0,111,0,7,7,0,0,0,1,0,47,1077,1,0,0,293,4,0,0,0,217,0,0,0,0,0,10,0,1,3218,0,29,0,0,0,38,0,0,0,29,0,0,0,11,0,0,175,3,1,44,1,48,0,0,0,1,0,0,0,0,0,0,0,0,0,0,128,0,13,1,1,0,96,9,0,6,1,0,0,0,0,53,0,0,0,1,0,0,1,0,0,3,1,0,0,0,0,30,3,5,6,1,0,0,0,0,3,0,0,0,0,0,0,85,0,0,0,0,0,1,0,0,0,0,5,4,0,132,1,0,0,7,1,0,0,2,6,0,21,1,461,0,0,1,0,1,0,0,14,0,71,7,81,0,0,204,0,3,1,0,0,0,3,0,0,0,0,6,0,0,0,0,0,5,14,0,9,1,0,0,1,0,1,0,0,1,0,0,0,0,2,4,1,0,530,0,0,0,0,0,0,1236,0,1,395,0,0,0,0,0,0,7,0,0,0,0,111,1,1,3,0,132,73
0,0,0,0,0,0,0,0,0,0,0,0,0,0,31,0,0,0,0,0,0,50,0,0,0,1300,0,0,62,0,0,0,0,60,0,0,0,0,0,0,0,0,0,0,0,0,0,0,0,0,0,0,0,0,0,1,1,0,0,0,0,0,0,0,0,0,0,0,0,0,61,0,0,0,0,0,0,0,0,0,0,16,0,0,0,4,147,0,0,0,0,21,0,0,0,6,0,0,0,0,0,6,0,0,0,0,0,456,0,0,0,0,0,131,0,0,0,0,0,0,0,0,0,1,0,0,0,0,0,0,0,0,0,4,0,0,0,0,0,0,0,0,3,0,0,0,50,0,0,0,11,0,0,202,0,0,0,0,0,0,0,0,0,0,0,0,0,0,0,148,0,0,10,0,0,0,0,0,0,0,0,0,0,0,0,0,0,0,0,0,0,0,2,0,0,1,0,0,0,0,0,0,0,2391,1,0,0,0,1,0,0,0,0,0,5,0,0,232,834,0,0,0,0,0,0,0,0,0,22,0,0,0,1,0,0,0,6,0,0,16,0,0,0,0,0,85,0,0,0,0,0,0,0,0,0,0,0,0,0,0,0,0,0,0,1,0,0,0,0,0,0,0,0,0,0,0,0,0,0,3199,0,0,0,0,0,0,0,0,0,0,0,0,0,0,0,0,17,0,0,405,0
0,0,7,3,0,27,224,14,0,0,0,0,0,0,79,0,5,13,0,0,0,13,0,0,0,214,0,0,0,0,0,0,0,14,0,0,5,0,0,0,0,0,0,0,0,14,0,21,0,18,0,0,0,27,0,0,0,13,0,66,29,0,0,0,0,40,34,0,10,77,0,0,17,0,0,102,0,0,0,1322,0,0,1,0,0,43,0,0,128,0,0,1,1,764,0,0,1,0,0,0,0,6,24,24,0,37,0,17,0,24,0,0,0,1,0,0,0,0,1,0,0,0,0,0,81,4,0,69,0,249,0,0,0,0,22,0,41,0,0,0,0,0,2,0,0,0,15,1,0,0,6,0,0,2,1,0,0,0,0,0,0,0,0,0,0,0,0,0,0,0,38,0,8,0,0,0,0,245,0,34,0,0,0,0,11,0,0,0,0,0,0,25,0,18,0,0,0,2,0,0,0,0,0,1215,0,14,0,0,0,0,0,0,0,0,4,0,131,0,1,0,0,55,0,0,0,0,0,0,90,0,85,0,0,753,0,0,0,0,0,48,0,0,0,0,3,24,0,0,0,0,0,0,0,0,0,7,2,0,0,53,4,0,0,6,0,0,0,0,0,18,0,0,389,0,0,0,0,0,0,2475,0,0,96,0,0,1,0,0,0,48,0,0,0,0,0,0,29,0,0,98,0
0,0,0,0,0,0,0,0,0,0,0,0,0,0,17,0,121,0,0,0,0,33,2,8,0,1423,0,0,107,0,31,0,0,228,0,0,0,1058,0,0,0,0,0,0,0,291,0,3,0,0,0,0,0,0,0,0,0,0,0,93,0,0,0,0,0,0,1,0,0,140,0,0,0,71,0,0,0,0,0,0,0,0,0,1,0,4,0,0,0,54,0,33,5,0,0,3,0,0,0,0,0,17,0,0,0,0,418,184,0,0,0,0,0,25,0,0,0,0,633,0,0,0,0,2,80,260,0,0,0,12,0,0,0,0,0,0,50,0,0,0,0,0,0,0,0,0,0,0,0,0,0,8,0,0,0,0,0,0,634,29,0,0,0,0,0,0,0,0,0,0,0,0,0,0,0,0,0,7,142,0,0,0,0,0,0,0,0,0,0,0,0,282,0,0,0,40,0,0,0,0,0,0,0,0,870,248,0,5,0,8,292,0,318,20,0,0,85,0,0,0,0,43,0,0,0,0,0,0,82,0,233,0,0,2,0,0,0,0,0,0,0,0,0,0,0,0,0,0,0,0,12,0,0,0,0,222,0,0,63,35,5,55,0,0,0,0,0,86,0,34,0,0,126,14,1,0,0,0,0,5,0,0,332,0,0,0,0,0,129,87,0,0,0,0,2,0,0,0,3,34,0
0,1,0,0,0,1,0,17,0,0,0,0,0,0,23,0,0,0,0,0,125,25,0,0,0,2074,0,0,36,0,2,0,0,0,0,0,4,0,0,0,0,0,0,0,0,87,0,0,0,0,0,0,0,2,34,0,0,0,0,10,0,0,0,0,0,0,238,0,0,14,0,0,0,149,0,0,0,0,0,2,0,0,0,0,41,0,248,0,0,32,0,3,2,0,0,2,0,0,45,0,0,0,0,0,2,0,20,430,0,0,0,0,0,206,0,1,0,0,213,15,0,0,0,4,0,0,0,0,0,0,0,68,0,0,0,0,34,0,0,0,5,0,0,0,0,0,6,0,0,1,0,0,0,0,2,0,0,0,0,29,0,0,0,216,0,0,0,0,0,0,1,0,0,0,0,0,0,3,0,0,0,0,0,0,0,0,0,0,0,0,0,158,0,0,0,0,0,0,0,0,0,0,1,2718,0,1,5,0,1,0,0,0,0,0,6,0,0,0,58,0,1,44,0,0,0,0,0,0,175,0,36,0,0,123,0,0,0,1,0,0,0,0,0,0,0,0,0,0,0,0,0,0,0,0,21,1,0,0,0,0,0,0,0,7,0,0,0,0,0,56,0,89,732,0,0,0,0,0,0,1239,0,0,0,0,0,0,0,0,0,0,0,0,0,0,29,0,5,0,0,23,0
0,0,0,0,0,0,0,0,0,0,0,0,0,0,0,0,43,0,0,0,0,12,0,2,0,1998,0,0,1,6,1155,0,0,86,0,0,0,0,0,1,0,0,0,0,0,0,0,0,0,0,0,0,0,0,0,0,0,1,0,169,0,0,0,0,0,0,41,0,0,81,0,0,0,4,0,0,0,0,0,148,0,0,125,0,147,0,19,0,0,0,0,23,0,0,0,0,0,0,0,0,0,0,0,0,0,0,0,1930,0,2,0,0,0,11,0,1,0,0,90,1,0,0,0,1,38,0,0,0,0,0,0,54,0,2,0,0,9,0,0,0,4,0,0,0,0,0,31,0,1,37,0,0,0,1,1,0,10,0,0,0,0,0,0,968,0,0,0,0,0,0,7,0,0,0,0,0,0,0,226,0,0,0,0,0,25,0,0,0,0,1,0,49,1,1,0,0,0,0,0,0,0,0,0,0,1,93,0,0,0,0,0,0,0,0,0,1,29,0,51,0,25,27,0,0,0,0,0,0,0,9,415,0,0,192,0,0,0,0,0,0,0,0,0,0,0,0,0,0,0,0,0,0,0,0,15,7,3,0,57,0,19,0,0,2,0,0,0,0,7,61,0,0,7,0,0,0,0,0,14,1285,0,0,47,0,0,0,0,0,0,0,0,0,0,0,38,0,2,0,0,33,0
0,0,0,1,0,0,0,0,0,0,0,0,0,0,0,0,0,0,0,0,0,0,0,0,0,1353,0,0,228,21,0,0,0,0,0,0,0,0,0,0,0,0,0,0,0,0,577,0,0,0,0,0,0,0,0,0,0,0,0,0,0,0,0,0,0,0,0,0,0,158,0,0,0,0,0,0,0,0,0,0,0,0,0,0,0,0,0,0,0,0,0,9,414,0,0,0,0,8,0,0,0,18,0,0,0,0,0,0,0,0,0,0,0,0,0,0,0,0,0,1,0,0,0,0,0,0,0,0,0,0,165,0,0,0,0,0,0,0,0,0,0,0,0,0,0,0,0,0,0,0,0,0,0,135,1,0,0,41,0,0,0,0,0,0,0,0,0,0,0,0,0,0,3914,0,0,0,0,0,0,0,0,0,0,0,0,0,0,0,0,0,0,61,0,0,0,0,0,0,0,0,0,0,0,0,0,8,0,2,0,49,0,0,0,0,0,0,0,0,0,0,814,0,0,0,4,0,0,370,0,0,149,0,0,0,13,0,0,0,0,0,0,0,0,0,0,0,0,0,0,0,0,0,0,0,0,2,0,0,0,0,0,0,0,0,0,0,4,0,0,13,10,0,306,0,0,0,0,0,0,0,0,54,0,0,970,0,7,1,0,0,0,0,0,4,0,0,0,0,0,116,0
0,0,0,0,0,0,0,0,0,0,0,0,0,42,47,0,0,0,0,0,11,12,0,4,0,5090,0,0,32,0,0,0,0,44,0,0,11,0,4,0,1,0,0,58,0,99,0,0,0,0,3,0,0,0,0,0,1,0,0,2,0,9,0,0,0,0,6,0,2,0,4,0,0,0,0,0,0,0,0,5,0,0,0,0,0,19,0,0,0,9,0,7,4,0,0,13,0,0,9,4,0,1,0,0,0,0,0,342,0,14,0,0,0,115,0,1,0,0,26,1,1,0,0,2,189,0,0,0,0,0,0,0,393,37,0,0,7,5,0,0,4,0,0,0,0,0,1,0,0,0,1,0,0,0,0,0,0,0,0,13,0,0,0,0,0,1,0,0,0,0,0,0,223,1,0,0,0,20,37,0,0,0,0,0,0,0,0,0,0,0,0,15,2,0,0,0,27,0,0,0,0,0,0,1,0,0,0,0,1,10,0,0,0,0,2,0,3,1,46,0,2,0,0,0,0,9,0,0,46,0,0,0,0,378,0,0,0,0,0,0,0,21,0,0,0,0,0,0,0,0,398,0,0,0,42,49,1,0,0,2,0,0,5,2,336,0,0,0,0,168,0,0,121,5,0,0,0,0,0,1214,0,0,75,0,0,0,0,2,1,0,0,0,0,0,0,0,7,0,0,24,0
0,0,0,0,0,0,0,0,0,0,41,0,31,0,98,0,0,0,19,0,0,4,0,51,25,1,0,4,0,15,0,0,0,0,0,0,0,36,0,2,0,0,0,0,0,13,0,20,0,0,3,0,0,31,0,0,0,117,0,0,70,0,0,0,0,10,408,35,6,0,0,0,0,0,833,91,0,0,0,857,0,0,0,0,0,21,0,1,44,0,0,1,3,1915,0,0,11,0,0,0,0,0,0,0,60,0,0,298,0,0,0,31,0,50,0,0,1,0,138,0,0,0,0,3,187,0,0,0,0,287,0,0,0,0,0,0,0,0,1,0,0,4,0,0,0,0,0,0,0,0,0,0,0,0,0,0,0,0,0,0,0,0,0,0,0,0,0,0,0,1,0,22,171,0,0,0,0,12,0,0,0,0,0,0,0,0,0,0,0,0,0,193,0,0,0,0,0,0,0,0,0,0,0,0,0,4,0,0,1,0,1,0,0,0,0,0,0,0,82,0,0,30,0,0,0,0,0,0,0,0,0,0,0,157,0,0,0,0,0,1,0,0,0,0,0,0,0,0,0,0,0,0,0,0,7,0,18,0,0,0,0,0,0,0,6,0,0,0,0,18,13,0,357,0,0,0,0,0,0,2633,0,0,379,0,0,0,0,0,0,0,0,0,0,0,0,0,2,0,0,23,0
0,0,5,1,0,0,0,1,0,0,0,0,4,4,51,0,0,15,0,1,3,11,0,0,0,306,0,3,23,1,0,0,0,33,0,0,23,0,4,0,0,0,0,5,0,16,0,0,0,0,1,0,0,0,5,0,0,15,1,22,30,0,3,0,0,23,24,0,4,247,0,0,0,1,0,22,0,0,0,697,0,0,0,0,5,0,0,0,39,200,0,0,1,964,0,0,17,0,21,0,0,37,0,0,0,0,0,32,30,226,96,74,0,12,0,0,0,0,76,7,2,0,0,18,544,0,1,0,0,38,0,4,0,0,0,0,707,0,0,0,0,3,0,0,0,0,23,4,0,1,0,1,0,0,1,0,0,0,0,35,0,0,0,1,0,0,0,37,0,0,4,0,0,0,0,0,0,123,333,0,0,0,0,2,4,0,0,0,0,0,0,26,0,0,0,0,0,2,0,0,0,0,0,0,0,0,0,0,0,0,0,0,0,7,0,0,75,0,0,0,0,23,0,0,0,0,0,0,61,0,0,0,0,1399,0,0,0,0,0,131,0,0,0,0,0,0,0,0,0,0,0,0,0,0,0,126,7,0,13,1,0,0,0,9,0,0,0,0,0,76,0,0,143,0,0,0,0,0,2,2107,1,0,234,0,0,0,0,0,11,69,0,0,0,0,0,0,15,0,0,142,0
0,2,0,0,0,0,2,18,0,0,0,0,0,204,4,0,0,0,0,0,0,0,0,18,2,1479,0,0,20,0,286,0,0,0,0,0,0,0,0,0,0,0,0,0,0,9,0,0,0,1,0,0,0,1,0,0,0,0,0,125,0,0,0,0,0,0,0,0,0,0,0,0,0,0,0,0,0,0,0,64,0,0,0,0,0,0,0,0,0,0,0,0,45,0,0,0,0,0,0,1,0,3,0,0,0,0,0,5796,0,0,16,0,0,0,0,0,2,0,26,0,1,0,0,0,0,0,0,0,0,0,77,141,0,0,0,0,18,0,1,0,11,0,0,0,0,0,0,0,0,0,0,14,0,0,0,0,0,0,0,35,0,0,0,300,0,0,0,0,0,157,0,0,0,0,0,0,0,22,18,0,0,0,0,26,0,0,0,0,0,4,0,0,0,0,0,0,0,0,0,305,0,0,0,0,0,0,0,0,0,0,55,0,0,0,0,0,0,0,0,0,65,0,0,0,0,0,0,0,74,0,77,0,0,241,0,0,3,0,0,0,0,0,0,0,0,0,0,0,0,0,0,6,20,0,0,0,16,0,0,8,2,0,0,0,0,0,0,35,0,1,2,24,9,1,0,0,0,0,0,0,1,5,0,0,0,0,0,0,0,0,0,0,0,0,0,0,0,0,0,104,0
0,0,0,0,0,33,0,20,0,0,0,0,17,0,23,12,0,54,0,0,0,9,0,24,0,714,0,0,2,1,71,0,0,1,0,0,25,10,0,0,0,0,0,0,0,15,0,17,0,0,0,0,0,20,3,0,0,42,0,0,27,0,10,0,0,0,66,1,0,0,4,0,0,2,0,46,2,0,0,563,1,0,1,0,0,79,144,0,82,240,0,0,1,790,0,1,17,0,18,0,0,46,0,6,12,0,0,11,356,0,0,0,0,64,10,0,0,383,2,0,0,0,0,0,48,0,0,0,0,192,0,35,0,0,0,0,9,0,0,0,44,0,0,0,2,0,0,0,0,0,8,0,0,0,1,0,0,0,0,43,0,0,0,0,0,0,6,0,0,0,13,0,70,0,0,0,0,4,0,4,0,0,0,0,13,0,0,0,0,0,0,93,2,0,0,0,0,65,0,0,0,0,0,0,0,87,6,0,8,11,0,0,0,1,15,0,2,4,1,0,21,0,0,0,0,0,0,0,5,0,388,0,0,782,0,0,0,0,0,42,0,0,0,0,5,0,0,0,0,0,0,0,0,0,12,2,32,0,4,9,0,0,0,2,0,0,0,0,0,274,0,12,412,0,0,0,0,0,15,2726,0,0,121,0,0,0,0,4,0,58,0,0,0,0,23,0,5,0,0,164,0
1,0,0,0,9,0,19,0,0,0,29,0,0,0,22,0,14,16,14,0,75,2,0,0,28,1,0,0,1,0,38,0,1,1,0,128,0,83,0,0,190,0,0,0,102,4,0,10,0,15,0,0,0,9,16,0,0,29,0,29,14,0,23,0,0,11,353,4,26,140,7,0,0,97,109,0,0,2,0,533,0,104,1,0,0,188,1,1,32,263,0,1,1,1065,1,1,0,0,1,0,0,0,0,24,0,0,38,43,21,1,0,6,0,80,5,1,0,70,10,0,0,0,0,0,7,0,36,0,1,9,0,4,114,0,80,0,78,0,0,2,0,2,0,4,0,0,14,10,1,0,9,5,0,4,9,0,0,1,0,5,1,0,0,1,0,0,0,1,0,0,4,0,1,0,1,0,0,151,46,0,0,0,0,0,2,20,0,0,0,0,1,384,1,3,10,0,0,2,1,0,0,28,0,6,1440,125,0,18,1,2,0,2,0,8,3,1,34,37,121,0,23,51,0,0,0,8,48,0,14,0,38,1,0,171,0,0,4,5,1,10,0,0,47,19,6,228,0,6,0,0,0,2,22,1,26,30,3,0,18,1,1,0,0,3,0,0,0,0,48,6,0,38,117,0,1,0,0,8,3,1807,0,0,9,1,0,0,0,0,10,42,4,0,0,0,84,4,0,2,0,30,0
0,0,0,18,0,30,0,0,0,0,0,0,6,0,0,0,0,0,0,0,0,0,0,32,0,1,0,0,0,1,9,0,0,152,0,0,2,0,0,0,0,30,0,16,0,0,0,0,0,65,0,0,0,0,0,0,14,61,0,0,112,0,20,0,0,0,12,3,24,700,0,0,0,17,0,368,0,0,0,863,0,0,9,0,0,0,0,0,301,0,0,1,1,936,0,0,0,0,0,0,0,0,0,0,0,246,0,47,569,163,0,0,0,0,0,0,0,81,0,0,0,0,0,6,41,0,297,1365,0,0,0,0,0,2,0,1,78,0,0,0,0,0,0,4,210,0,0,0,0,0,0,0,0,0,0,0,0,0,0,0,0,0,0,0,0,0,0,6,0,0,0,0,1,0,0,0,0,0,16,7,0,0,0,0,5,0,0,0,0,0,58,404,3,0,0,0,0,0,0,0,0,0,0,0,0,0,1,0,0,1,0,0,0,0,0,0,0,0,0,0,0,0,0,0,0,0,0,0,0,0,0,0,0,779,0,0,0,0,0,2,0,0,0,0,18,0,0,0,0,0,0,0,0,0,0,0,12,0,0,0,0,0,0,0,0,0,0,0,0,365,0,0,1180,0,0,0,0,0,0,7,1,0,0,42,0,0,0,1,9,0,0,0,1,0,49,18,104,0,0,0,0
0,0,0,0,0,2,5,22,0,0,0,0,10,0,32,0,0,0,0,0,41,5,0,0,0,982,0,0,37,10,93,0,0,0,0,0,19,44,11,1,0,0,0,0,0,439,0,0,0,0,0,0,0,0,0,0,0,0,0,1,0,0,0,0,0,0,17,0,0,43,0,3,0,0,0,0,0,0,0,16,0,0,24,0,0,1,0,0,0,88,0,0,9,0,0,0,0,0,37,0,0,0,0,0,0,0,0,4800,0,0,0,0,0,42,0,0,0,0,39,0,0,0,0,2,32,0,0,0,0,0,0,1103,0,0,0,0,0,0,3,0,241,0,0,0,0,0,1,0,0,0,10,2,0,10,0,0,0,3,0,0,0,0,0,1,0,0,0,0,0,0,3,0,118,0,0,0,0,1,19,0,0,0,0,0,1,0,0,0,0,0,0,41,0,5,0,0,0,0,0,0,0,0,0,0,0,5,1,0,0,103,0,0,0,3,1,0,3,0,235,0,1,14,0,0,0,0,0,0,2,0,57,0,0,1,45,0,0,0,0,0,0,0,0,0,0,0,0,0,0,0,0,0,24,0,13,1,3,0,0,4,0,0,1,2,0,0,0,0,4,21,1,0,149,0,0,0,0,0,13,762,1,0,44,0,0,0,0,0,0,0,0,0,0,0,7,0,4,0,0,11,0
0,0,0,0,0,0,90,0,0,0,0,0,0,0,0,0,5,8,0,0,0,0,0,15,0,727,0,0,10,5,0,0,0,5,0,0,0,335,0,0,170,0,0,0,0,0,0,0,0,18,0,0,0,0,0,0,0,32,0,28,21,0,5,0,0,164,513,4,13,578,0,0,0,0,6,166,0,0,1,898,0,0,0,0,0,18,0,0,93,39,0,1,1,1126,0,0,0,0,0,0,0,1,0,0,0,0,0,33,0,62,0,0,0,0,0,1,0,18,19,0,0,0,0,0,0,16,1,73,1,0,0,0,0,1,0,0,0,0,0,0,0,0,1,0,0,0,37,0,0,0,0,0,1,0,0,0,0,20,0,0,0,0,0,3475,1,0,0,0,0,0,16,0,1,1,0,0,0,0,104,1,0,0,3,0,44,8,0,0,0,0,0,155,1,1,0,0,0,0,0,0,0,0,0,33,0,30,2,1,0,1,0,0,0,0,19,0,38,0,0,0,0,0,0,0,0,4,0,1,0,0,0,0,0,78,0,0,0,0,0,3,0,0,1,0,1,27,0,0,0,0,0,1,0,0,0,4,2,0,0,0,1,0,0,8,0,0,0,0,32,6,10,0,79,1,1,0,0,0,0,195,0,0,186,0,0,1,0,1,0,0,0,0,0,2,0,0,3,0,0,50,0
0,0,10,0,0,16,0,0,0,0,0,0,0,0,9,0,0,12,0,1,20,5,0,24,0,47,0,0,0,0,67,0,0,2,0,0,1,83,0,0,0,0,0,0,0,23,0,11,0,12,0,0,0,0,7,0,0,60,0,114,24,0,0,0,6,0,27,0,1,76,0,0,0,70,0,2,0,0,0,1531,0,0,0,7,0,0,0,0,0,0,0,0,1,199,26,0,0,0,147,0,0,1,0,0,0,0,66,147,75,349,0,0,0,0,0,0,0,46,5,2,0,0,0,0,2,0,735,0,0,93,0,15,0,0,0,1,6,0,0,0,5,0,0,0,0,0,11,1,0,0,10,0,0,0,0,0,0,0,0,59,0,0,0,1176,0,0,0,0,0,0,1,0,0,0,0,0,0,0,0,1,0,0,0,0,1,0,0,0,0,3,0,25,0,3,165,0,0,0,0,0,0,0,0,997,0,2,3,0,1,0,1,0,0,0,4,0,163,0,161,0,0,29,0,0,0,0,0,0,156,0,76,0,0,601,0,0,0,0,0,1,1,0,0,0,0,0,0,0,0,0,0,4,17,0,20,2,8,0,1,1,9,0,0,1,0,0,0,0,100,15,3,0,17,0,0,0,0,0,3,1492,1,0,100,0,0,1,0,0,40,4,0,0,0,0,282,0,43,0,0,6,0
0,0,0,0,0,0,0,23,0,0,0,0,0,85,55,0,0,1,0,0,6,4,0,0,0,2952,0,0,101,11,1,0,0,58,0,0,12,113,0,0,0,0,0,0,0,50,0,0,0,0,0,0,0,0,0,0,0,0,0,1,0,0,0,0,0,0,19,0,0,40,0,0,0,0,0,0,0,0,0,5,0,0,262,0,12,0,943,0,0,40,0,0,304,0,0,0,0,0,61,0,0,0,0,0,1,0,260,978,0,13,0,0,0,100,0,0,0,0,43,0,0,10,0,2,0,0,0,0,0,0,62,340,0,0,0,0,530,0,0,0,601,0,0,0,0,0,1,0,0,0,0,0,0,1,0,0,0,0,0,15,0,0,0,2,0,0,0,0,0,0,1,0,0,0,0,0,0,0,1,0,0,0,0,0,22,0,0,0,0,0,1,35,0,0,0,0,0,0,1,0,0,0,0,0,0,16,0,0,0,0,0,0,0,0,4,0,2,1,0,0,0,4,0,0,0,50,0,0,69,1,89,0,0,319,0,0,0,0,0,0,0,0,0,0,0,0,0,0,0,0,0,0,0,0,0,16,7,0,0,308,1,0,0,12,0,0,0,0,0,14,0,0,709,0,0,1,0,1,0,4,1,0,62,0,0,0,0,0,2,9,0,0,0,0,11,0,102,0,0,8,0
0,0,0,0,0,0,1,0,0,0,0,0,0,586,48,0,1,1,0,0,39,1,0,0,0,614,0,0,0,22,4,0,0,12,0,0,5,0,7,0,0,0,77,165,0,0,0,0,0,0,2,0,0,0,0,0,0,0,0,2,0,0,0,0,0,0,18,0,0,62,0,0,0,13,0,0,0,0,0,1,0,4,0,0,0,0,0,0,0,28,0,7,0,0,0,0,0,3,12,0,0,0,0,0,0,0,0,3790,0,0,0,0,0,43,0,0,0,0,53,1,0,0,0,1,23,0,0,0,0,0,0,0,0,0,0,0,589,0,95,0,60,0,0,0,0,0,0,0,0,20,6,0,0,5,1,0,0,0,0,11,0,0,0,0,0,0,0,0,0,0,2,89,0,0,0,0,7,2,82,0,0,0,0,0,0,0,0,2,0,0,0,46,0,0,0,0,0,0,0,0,0,0,0,0,0,56,0,0,1,0,0,0,0,0,1,0,59,0,205,0,0,0,0,0,0,0,0,0,36,0,2,0,0,1,0,0,0,0,0,0,0,0,0,0,1,0,0,0,0,0,0,0,0,0,4,12,0,0,0,34,0,0,0,4,0,0,0,0,0,440,0,0,859,6,0,0,0,0,0,1511,0,3,50,0,1,0,0,0,0,10,0,4,0,0,33,0,4,0,0,2,0
0,0,0,5,0,26,0,0,0,0,0,0,0,0,0,0,1,19,0,0,0,67,0,0,0,142,0,0,0,1,0,2,0,24,0,0,1,177,0,0,0,0,40,0,26,43,0,56,0,0,0,0,0,19,0,0,0,12,0,133,80,13,18,0,0,79,67,0,12,98,26,0,0,9,0,0,0,4,0,2605,8,94,0,13,0,0,0,0,123,0,0,1,1,381,0,0,0,0,21,0,0,1,0,48,0,8,0,7,143,55,0,0,0,20,0,0,0,38,28,0,0,0,0,2,7,32,0,57,0,72,0,0,0,1,84,0,0,0,0,0,0,3,6,0,68,12,20,0,0,0,0,0,0,6,1,0,0,0,21,68,1,0,0,0,0,0,0,0,0,0,20,0,7,0,0,0,0,43,28,0,0,0,34,0,5,0,0,0,0,0,0,84,0,2,0,0,0,0,0,0,0,0,0,129,229,5,0,0,0,0,0,0,70,0,8,0,97,0,0,0,15,22,0,0,0,5,0,0,76,7,212,0,0,341,0,0,11,0,0,0,0,0,0,0,1,2,0,0,0,0,0,0,0,1,6,1,1,0,8,7,5,0,0,11,0,2,0,0,0,570,0,32,179,0,0,0,0,0,4,2010,0,0,260,3,0,0,0,0,26,92,0,0,0,0,20,29,15,0,0,20,0
0,0,0,0,0,0,0,3,0,0,0,0,0,3,28,0,0,1,0,0,1,5,0,0,2,1779,2,0,2,13,0,0,0,37,0,0,24,3,1,0,0,0,264,30,0,12,0,0,0,0,1,0,0,0,4,0,0,0,0,53,0,1,0,1,0,0,17,0,14,3,2,1,1,2,0,0,0,0,0,1,0,7,0,0,6,0,0,0,0,5,0,22,3650,0,0,100,0,0,1,0,0,0,0,15,1,0,97,831,0,30,0,0,0,189,1,0,2,0,134,1,0,0,0,1,290,0,0,0,0,67,5,1,0,0,0,1,269,0,0,0,37,0,0,0,136,0,12,1,0,0,7,0,0,4,1,0,0,0,37,12,0,3,0,1,0,0,0,0,0,0,2,0,1,0,0,0,0,1,50,1,0,0,0,0,4,0,0,0,0,0,0,11,1,0,1,0,17,1,0,0,0,0,0,13,0,16,1,0,1,1,0,0,1,0,3,0,22,4,34,1,0,10,0,0,0,0,21,0,64,1,1,0,0,139,0,3,1,0,0,0,3,0,0,0,0,0,0,0,0,0,0,1,4,0,3,143,2,0,2,0,1,0,4,2,0,0,0,44,261,469,0,1,149,0,0,0,0,1,1,4,0,0,137,0,0,0,0,1,1,24,0,0,0,0,1,0,15,0,5,16,0
0,0,0,2,0,18,0,0,0,8,0,0,8,1,11,0,0,0,0,1,98,0,0,0,15,1,0,0,0,0,0,0,0,0,0,0,0,40,0,0,0,0,0,6,0,5,0,0,0,0,0,0,0,0,0,0,0,31,0,0,56,54,7,0,0,26,32,1,13,77,3,0,0,34,625,14,0,3,0,981,0,0,0,0,5,0,0,0,93,0,1,1,4,1121,0,0,7,0,0,0,0,0,0,0,0,7,1,78,16,62,0,0,0,5,0,0,0,1031,60,0,0,0,0,0,0,0,968,0,0,0,0,30,0,0,0,0,0,0,0,2,0,0,0,0,0,0,0,0,0,0,10,0,0,0,0,8,0,0,0,11,0,0,0,278,0,0,0,0,0,0,0,0,378,0,0,0,0,59,51,1,0,0,0,0,0,0,0,0,0,0,0,0,1,0,0,0,0,0,0,0,0,0,0,1,0,5,0,0,1,5,0,0,3,0,0,0,44,24,88,18,0,32,0,0,0,0,0,0,2,0,41,0,0,59,0,0,0,0,0,0,0,0,0,0,0,0,0,54,0,0,43,0,0,0,28,0,4,0,0,0,0,0,0,0,0,0,0,0,0,5,5,0,522,0,1,0,4,0,0,2462,0,0,41,0,0,0,3,1,25,0,0,0,0,0,0,0,26,0,0,0,0
0,0,0,0,0,29,0,7,0,0,0,0,2,1,2,0,0,32,0,0,7,1,4,34,7,2567,0,0,1,0,226,0,0,13,0,0,1,10,4,0,0,0,0,7,0,0,236,18,0,19,0,0,0,0,0,0,0,10,0,0,32,0,3,0,1,0,0,0,4,0,0,4,2,1,0,1,0,2,0,295,0,0,0,0,1,0,0,0,48,24,0,0,1,1534,0,1,0,0,12,0,0,0,0,16,0,0,1,986,0,4,0,0,0,46,0,0,0,12,0,0,0,0,0,1,35,0,0,0,0,0,0,46,0,0,0,0,55,0,0,0,0,0,0,0,2,0,0,0,0,0,18,0,0,0,1,0,0,0,4,9,0,0,0,0,0,0,0,0,0,0,0,0,0,0,0,0,0,0,25,0,0,0,0,0,0,0,0,0,0,0,0,16,1,5,0,0,0,1,0,0,0,0,321,0,34,0,0,0,0,1,0,0,0,0,2,0,14,0,1,0,0,0,0,0,0,0,0,0,31,0,47,0,0,70,0,1,0,0,0,0,0,0,0,0,0,0,0,0,0,31,0,0,2,0,1,0,1,1,6,0,0,0,2,0,0,0,0,0,0,7,0,0,12,3,0,0,0,0,1,2840,0,0,28,0,0,0,0,0,15,15,0,0,0,0,14,1,2,0,0,17,0
0,0,0,0,7,0,0,13,10,1,5,0,4,7,12,0,0,13,0,0,31,2,0,0,5,519,0,1,0,0,0,1,1,3,0,123,1,43,0,0,0,14,3,35,20,19,0,32,0,0,1,2,0,0,3,0,0,7,0,68,13,12,0,0,0,4,174,0,7,0,2,0,0,3,257,118,0,5,0,956,2,22,81,0,1,0,0,1,66,61,1,0,1,801,3,0,0,0,24,0,0,0,0,13,0,0,8,1317,130,44,0,3,0,5,10,0,0,21,65,0,11,1,0,0,3,0,0,0,0,157,0,205,16,0,0,0,0,0,0,0,0,0,0,1,0,0,44,2,0,0,13,3,0,0,1,0,0,0,2,34,1,3,0,1,0,0,0,3,0,0,0,0,0,0,0,22,0,21,387,0,4,0,0,0,4,0,0,0,90,1,6,12,0,0,2,0,0,0,0,0,0,0,0,279,1325,87,0,0,0,0,0,63,5,0,1,0,175,7,5,0,0,0,0,0,0,0,0,0,13,0,29,1,0,150,0,0,0,0,0,0,0,0,97,6,0,0,0,20,1,2,1,2,10,0,9,0,2,0,1,13,0,3,0,0,1,0,0,0,6,0,0,0,0,0,0,0,1,0,30,1151,1,0,64,1,0,0,0,0,71,31,0,0,6,0,0,16,0,11,0,25,0
0,0,0,0,0,0,0,19,0,0,0,0,30,334,13,0,0,22,0,1,0,5,0,86,100,334,0,0,0,1,119,0,0,8,0,0,1,124,0,0,0,0,1,0,0,84,0,0,0,0,0,0,0,0,3,1,0,114,0,36,157,0,6,0,8,254,81,0,40,281,3,0,0,0,0,0,0,0,0,1235,0,0,3,0,0,0,52,0,53,62,0,1,1,959,0,1,3,0,41,0,0,0,0,0,0,0,124,98,28,12,0,90,0,6,0,0,11,0,8,0,0,0,0,0,2,0,1,114,1,38,58,177,0,2,0,0,0,0,0,0,0,0,0,0,7,0,19,0,0,0,23,7,0,0,0,0,0,0,190,40,0,0,0,1836,0,0,0,0,0,0,4,0,0,0,0,0,0,0,98,0,0,0,0,0,10,0,0,0,0,0,0,16,28,0,0,0,0,0,0,0,5,0,0,0,0,45,0,0,1,7,0,33,7,9,2,0,44,22,1,0,0,0,0,0,0,0,0,0,5,0,47,0,0,144,0,0,0,2,0,0,0,0,0,0,0,1,0,0,0,0,0,0,16,0,11,0,0,0,2,72,0,0,0,4,7,0,0,0,215,2,0,1,35,0,2,0,4,0,13,1216,0,0,37,0,0,0,0,0,125,2,0,0,0,0,71,0,21,0,0,49,0
0,0,0,0,58,0,2,35,8,0,0,0,0,0,730,0,21,3,0,0,135,13,0,0,0,0,5,0,431,23,215,0,0,125,4,6,13,162,0,0,0,0,0,197,0,49,0,0,0,0,0,0,0,0,0,0,0,0,0,12,0,23,109,0,9,0,86,0,0,40,62,0,0,43,0,2,0,15,0,30,0,4,77,0,0,5,371,0,0,162,38,24,152,0,18,0,0,0,84,0,0,0,0,0,0,0,211,441,0,0,0,71,0,0,0,0,0,0,0,0,4,0,0,2,36,0,0,0,5,0,0,0,50,2,0,0,731,0,0,0,0,0,0,0,0,0,34,0,0,68,39,36,0,0,0,0,0,0,0,32,0,0,0,3,0,0,0,0,0,0,11,0,1,0,0,0,0,4,119,5,0,0,0,0,24,0,0,0,0,0,0,27,0,0,0,0,0,0,4,0,0,0,140,1059,488,29,0,0,0,327,0,0,0,0,6,0,0,48,0,0,165,44,0,0,0,0,141,0,0,0,329,0,0,181,0,0,37,0,0,0,0,0,0,0,0,0,0,0,0,0,0,0,41,0,7,10,0,0,0,42,0,11,0,9,0,0,0,0,0,111,0,0,177,0,0,0,0,0,5,18,0,0,796,0,0,0,0,0,17,28,0,0,0,0,14,0,0,96,0,28,40
6,0,0,0,0,0,0,174,0,0,0,0,0,0,18,0,0,0,0,0,77,72,0,6,0,2,0,0,85,0,0,0,0,157,0,0,67,581,0,0,0,0,0,87,0,45,0,0,0,0,0,0,0,0,0,0,0,0,0,9,0,10,0,0,3,0,0,0,0,0,0,0,0,11,0,0,0,0,0,0,0,0,0,0,69,0,143,0,0,0,0,22,355,0,16,44,0,0,0,0,0,0,0,0,0,0,0,491,0,0,0,0,0,173,0,0,0,0,210,1,0,0,0,32,445,0,0,0,0,0,0,378,0,0,0,0,123,0,0,0,10,0,0,0,0,0,0,0,0,8,7,0,1,0,0,0,0,0,0,58,0,0,0,0,0,0,0,0,0,0,4,0,0,0,0,0,0,291,0,0,0,0,0,0,0,0,0,0,0,0,0,196,2,0,0,0,0,59,0,0,0,0,0,0,0,0,0,0,0,0,0,0,0,0,0,0,81,0,0,18,0,0,277,0,0,0,93,0,130,0,423,0,0,865,0,0,0,0,0,0,0,0,0,0,0,0,0,0,0,0,44,0,0,0,0,2,3,0,0,2,3,0,0,3,0,0,0,0,0,14,0,0,984,0,0,0,0,0,0,1944,0,0,227,0,0,0,0,0,0,0,0,0,0,0,164,0,12,0,0,167,0
1,0,0,0,0,0,14,72,0,0,0,0,0,0,64,0,0,0,0,0,34,0,0,32,0,0,0,0,232,36,292,0,0,1,0,0,13,0,0,0,0,0,0,0,0,0,0,0,0,0,0,0,0,0,0,0,0,3,0,0,0,28,4,0,0,0,0,1,0,0,0,0,0,0,0,0,0,0,0,0,0,0,0,0,0,0,0,0,0,97,0,242,259,0,0,262,0,0,0,0,0,35,0,0,0,0,0,501,0,0,0,0,0,11,0,0,0,0,81,1,0,0,0,0,28,0,0,0,0,0,0,0,0,0,10,0,628,0,0,0,0,0,0,0,0,0,0,0,1,13,4,0,0,0,0,0,0,0,0,0,0,0,0,0,0,0,0,11,0,404,19,0,0,0,0,0,0,0,0,0,0,0,0,0,0,0,0,0,0,0,0,0,2,0,0,0,0,0,0,0,0,0,0,0,284,51,3,0,0,0,0,0,0,0,0,0,95,0,0,8,37,4,0,0,0,0,0,0,0,0,0,0,0,2496,0,0,0,0,0,0,0,0,0,0,0,0,0,0,0,0,0,0,0,1,0,0,0,0,5,0,0,0,0,3,0,0,0,0,7,123,0,0,0,0,111,0,0,0,10,2960,0,272,0,0,0,0,0,0,0,0,0,0,0,0,95,0,0,0,0,0,0
0,0,0,0,0,0,47,10,1,0,0,0,0,2,79,0,0,10,0,0,16,3,0,0,72,142,1,0,444,19,0,0,0,16,1,0,1,102,0,0,0,6,0,7,20,462,0,8,0,0,0,0,0,0,32,0,0,23,0,37,29,118,0,0,0,174,104,4,4,521,0,0,0,8,324,0,0,0,0,280,0,6,0,0,13,26,0,0,0,0,1,40,0,1016,0,0,2,0,22,0,0,3,0,17,8,0,4,5,20,6,0,2,0,88,0,0,0,11,20,1,0,0,0,0,58,1,107,418,0,8,116,26,0,0,130,0,10,1,0,0,0,4,2,0,0,0,0,1,0,0,5,1,0,0,0,0,0,0,17,52,0,0,0,54,0,0,0,0,0,0,2,0,0,0,0,0,0,119,308,1,0,0,0,0,0,0,0,0,78,0,0,230,0,0,26,1,0,1,0,0,0,0,0,0,419,57,0,0,0,0,1,0,52,0,3,0,190,3,0,0,2,1,0,0,0,13,0,0,40,0,11,1,0,667,0,0,3,0,0,1,0,0,102,7,4,0,0,6,3,0,8,1,0,0,0,0,13,0,2,1,2,8,0,0,0,0,0,44,12,1,4,26,231,0,4,0,24,0,4,1608,0,0,117,0,0,0,0,1,0,25,0,0,0,0,0,0,6,34,0,29,1
0,0,3,0,0,0,1,0,248,0,0,0,0,0,1,0,0,10,0,0,23,0,0,1,0,2700,1,0,1,16,294,0,0,154,0,0,25,0,18,0,0,11,0,0,0,0,0,10,0,0,0,0,4,0,0,0,0,0,0,0,0,0,0,8,0,0,271,0,0,0,0,0,0,0,0,1,0,0,0,0,0,20,512,0,0,36,0,0,0,66,0,4,1,15,0,0,0,0,0,0,0,0,0,0,0,4,3,463,0,0,0,0,0,0,0,0,0,8,285,0,0,0,0,3,54,0,0,0,0,198,0,0,0,0,0,0,2,0,3,0,41,2,0,0,0,0,0,2,0,0,44,0,0,10,0,0,0,0,0,0,0,6,1,0,0,0,0,0,1,0,0,0,255,0,0,0,4,0,261,12,0,0,0,0,80,0,0,0,0,1,0,0,0,0,519,0,0,0,0,0,0,0,0,68,0,253,7,0,0,1,0,0,0,0,0,0,0,37,347,0,9,35,0,8,0,0,0,0,3,0,494,0,0,1015,0,5,0,0,0,0,0,0,283,6,0,0,0,2,0,0,0,0,0,1,43,0,28,0,0,0,7,0,0,0,0,0,0,0,3,229,0,0,171,21,1,0,0,9,0,0,0,0,135,0,28,18,0,0,0,0,0,2,9,0,1,0,0,0,2,0,0
0,1,0,0,0,0,0,0,0,0,0,0,0,0,0,0,7,0,0,0,0,0,0,65,0,1513,0,0,34,0,32,0,1,14,0,0,2,655,0,0,0,0,0,0,42,56,0,0,0,28,1,0,0,0,0,0,0,32,0,0,0,0,0,0,0,0,0,0,75,273,0,0,0,0,544,522,0,0,0,0,0,0,27,0,0,58,0,3,0,71,0,4,1,1159,0,0,10,0,0,0,0,1,0,0,0,0,0,156,0,40,0,0,0,8,0,0,0,19,18,0,0,0,0,0,23,0,175,13,0,0,0,1,0,2,111,1,0,0,0,0,0,0,0,0,0,0,0,0,0,0,4,0,2,0,0,0,0,0,0,9,0,0,0,0,0,1,0,0,0,0,0,0,1,0,0,5,0,0,0,0,0,0,0,2,0,0,16,0,0,0,0,35,0,0,0,1,83,0,1,0,0,0,0,0,0,0,1,0,1,5,0,0,0,0,0,0,0,0,0,0,86,0,0,0,0,0,0,0,0,0,0,0,0,58,0,0,0,0,0,17,0,0,78,0,0,0,0,0,0,0,0,0,0,0,0,3,0,0,0,0,0,0,0,0,2,0,0,0,0,2014,0,0,30,0,2,0,0,0,0,1427,0,0,305,0,0,2,0,0,0,0,0,0,0,0,0,0,0,0,0,18,0
0,0,0,0,5,0,1,13,0,0,0,1,0,201,4,0,0,1,0,0,18,5,1,2,0,864,2,0,2,0,1640,0,0,58,0,22,12,9,0,0,0,0,0,88,0,167,0,2,0,0,0,0,0,0,19,0,0,0,0,6,0,1,0,0,0,0,120,0,0,0,11,1,1,10,0,0,0,0,1,30,8,0,0,1,1,0,121,0,0,44,0,3,1,0,32,0,0,0,53,0,0,0,0,0,0,2,19,2043,0,21,0,95,0,99,0,0,0,3,41,0,0,28,0,0,67,0,0,0,2,0,8,18,0,0,0,0,5,0,0,0,11,0,0,0,57,0,0,6,0,0,33,31,0,0,1,0,0,0,0,100,0,0,0,6,0,0,0,0,0,2,2,0,0,0,0,0,2,0,340,0,0,0,0,0,0,0,0,0,0,1,0,39,0,0,0,0,0,0,1,0,0,0,0,93,0,0,1,0,0,2,0,0,1,0,1,0,53,19,0,0,92,51,21,0,0,0,359,0,23,1,111,1,0,229,0,1,0,0,0,0,2,0,0,17,0,0,0,0,0,0,0,1,14,0,3,0,0,2,4,108,0,0,0,1,0,0,0,22,8,18,0,18,172,0,0,0,0,0,3,1355,0,0,392,0,0,0,0,0,2,43,0,0,0,0,31,0,0,11,0,55,1
0,0,0,0,0,9,0,30,0,0,0,0,3,43,0,0,0,6,0,0,168,0,0,26,0,520,0,0,3,7,40,64,0,28,0,0,1,271,0,0,0,0,0,0,0,0,0,0,0,14,27,0,0,4,13,0,0,0,0,182,45,16,5,0,0,164,33,0,0,112,6,0,0,4,0,0,0,2,0,1718,0,0,0,0,0,0,0,0,34,22,1,1,1,1204,0,0,0,0,0,0,0,0,0,0,0,0,0,61,0,11,0,0,0,6,0,3,0,15,218,0,0,0,0,1,7,0,0,354,0,0,0,57,0,0,0,0,0,0,0,1,0,0,0,0,5,0,20,0,0,0,29,0,30,3,0,0,0,0,0,18,0,0,0,0,0,0,2,0,0,0,0,0,1670,0,0,0,6,0,52,0,0,0,0,0,0,0,0,0,0,0,0,68,0,0,0,0,0,0,0,0,127,0,0,0,236,19,0,0,0,0,0,71,0,0,12,0,95,0,311,0,0,34,0,0,0,11,0,1,9,5,0,0,0,6,0,0,0,0,0,0,0,0,0,0,0,1,0,0,0,0,0,0,26,0,23,0,34,0,0,0,0,0,0,13,0,0,0,0,0,2,0,0,17,0,7,1,22,0,16,824,1,1,254,2,0,0,0,0,115,0,0,0,0,0,3,0,3,0,0,240,0
0,0,8,0,30,20,0,16,0,3,0,0,4,18,36,1,0,13,0,0,10,1,0,126,9,20,6,0,3,8,97,0,0,1,0,0,1,6,0,0,0,0,0,6,132,1,75,41,0,23,1,0,114,27,0,0,0,19,0,51,21,0,10,1,1,32,308,0,62,97,1,0,0,9,7,629,0,19,0,706,1,44,3,0,5,0,104,1,143,15,0,9,0,1688,0,0,0,0,1,0,0,0,0,18,4,21,1,1522,13,18,0,5,0,29,17,0,0,59,49,0,0,0,0,0,2,0,1,0,3,195,124,1,0,0,0,0,432,0,49,0,0,8,0,0,3,0,2,1,0,0,2,1,0,20,15,0,0,0,59,9,0,5,0,2,0,0,0,0,1,1,1,0,0,0,0,0,7,10,65,1,0,0,6,0,8,0,0,0,3,5,0,58,2,0,2,0,0,1,0,18,0,0,0,399,0,4,1,0,0,11,0,0,28,0,2,0,2,19,307,1,110,7,16,0,3,11,67,0,18,0,3,1,1,65,0,3,1,0,0,0,2,0,0,0,0,0,0,2,3,0,1,1,1,0,12,3,2,0,7,0,1,0,0,0,2,0,0,4,0,138,5,56,64,0,6,0,0,1,1,647,0,0,91,0,0,0,50,3,14,7,0,14,0,0,1,1,0,0,0,10,57
0,0,0,0,0,0,6,1,0,0,0,0,0,0,98,3,73,0,0,0,2,1,0,6,0,2579,0,0,190,175,22,0,0,60,0,0,102,120,0,0,0,0,0,0,0,0,0,3,0,0,0,0,0,0,5,0,0,0,0,9,0,40,79,3,0,0,143,0,0,126,6,0,0,1,0,0,4,1,0,21,0,0,0,0,0,29,151,0,0,14,836,5,3,0,0,0,0,0,10,0,0,0,0,0,0,0,0,632,0,56,0,0,0,37,0,1,0,13,88,1,0,0,49,3,22,0,0,0,0,0,0,193,0,6,0,0,13,0,0,0,30,0,0,0,0,0,93,0,2,1,1,0,0,0,2,0,37,39,0,0,0,0,0,14,0,0,0,0,0,0,47,0,0,0,0,0,0,1,130,0,0,0,0,0,43,0,0,0,0,0,0,145,19,3,0,0,0,6,0,0,0,0,0,2,131,347,0,0,1,68,0,0,0,2,1,1,1,0,2,4,1,0,0,0,14,3,0,0,11,0,2,1,0,850,0,0,0,0,0,0,0,0,0,2,8,2,0,0,0,0,0,10,2,0,5,370,11,0,5,0,1,0,0,16,0,0,16,0,6,137,0,0,1123,0,0,0,0,0,7,61,0,3,9,0,1,0,0,0,30,5,0,0,0,4,1,0,33,0,0,37,0
0,2,0,0,0,0,53,129,0,0,0,0,0,0,58,0,0,0,0,0,96,59,0,15,0,0,4,0,49,0,664,0,0,0,0,0,0,618,0,0,0,0,0,181,0,0,0,2,14,0,0,0,0,0,0,0,0,1,0,32,0,0,0,0,0,1,121,0,4,0,0,0,0,20,0,0,0,0,0,0,0,0,185,0,0,3,329,0,0,0,1051,0,21,0,0,23,0,0,75,0,0,9,0,0,0,0,0,271,0,0,0,0,0,0,0,0,0,0,0,0,0,0,0,1,684,0,0,0,0,0,74,105,0,0,0,70,63,0,0,0,6,0,0,2,0,0,5,3,0,0,47,0,0,0,3,0,0,5,0,75,0,0,0,0,0,1,0,0,0,24,6,0,1,0,22,0,0,0,0,1,0,0,0,0,21,0,0,0,0,0,0,182,9,2,0,0,0,0,0,0,0,77,0,209,0,5,0,0,1,31,1,0,0,0,15,1,0,59,191,0,0,76,0,0,0,0,0,0,0,0,0,1,0,139,0,0,0,0,0,0,0,0,0,0,2,6,0,0,0,0,0,2,9,0,14,4,0,0,0,31,6,0,0,2,8,0,0,0,0,15,0,0,534,0,0,0,0,0,0,1798,2,0,764,0,0,39,0,0,155,37,0,0,0,0,65,0,11,0,0,193,0
0,0,4,0,12,18,0,11,0,0,0,7,3,15,11,0,0,17,0,0,49,18,0,0,34,981,5,2,0,0,22,0,0,20,0,0,1,55,0,0,0,0,0,84,23,18,0,0,0,24,0,0,0,31,11,0,0,44,0,13,54,10,9,0,69,185,43,0,0,289,2,0,0,7,0,0,0,2,0,205,0,0,1,0,103,0,0,0,38,52,0,1,1,762,7,0,0,0,8,1,0,0,0,0,46,0,59,6,25,31,0,210,0,735,0,0,0,11,87,0,0,0,0,2,2,0,1,0,0,174,0,31,0,1,0,0,107,0,0,0,0,4,0,0,0,0,0,0,0,1,11,4,0,0,0,0,0,0,8,37,0,0,0,168,0,1,0,0,0,27,1,0,0,0,0,0,0,186,110,0,0,0,0,1,2,0,0,0,0,2,0,124,1,0,0,1,0,4,1,0,0,0,2,0,0,0,0,0,1,1,0,0,0,4,0,0,343,279,1,4,0,28,1,0,3,0,128,0,162,0,207,0,0,175,0,0,0,0,0,0,0,0,0,0,0,0,0,1,0,0,28,6,0,0,19,61,1,0,6,4,1,0,0,0,0,0,0,150,5,105,12,19,119,0,0,0,0,0,2,2304,0,1,108,0,0,0,0,0,3,0,0,0,0,0,81,0,3,0,0,31,0
0,6,0,0,0,0,53,21,0,1,0,0,0,4,1,0,0,0,1,5,9,67,0,0,4,954,0,0,16,1,19,0,0,402,0,0,83,198,2,0,0,0,0,19,0,28,0,5,0,0,10,1,0,0,1,0,0,0,0,86,2,33,0,0,0,2,6,0,0,4,41,0,2,7,1,0,0,0,0,82,0,0,42,1,24,0,0,1,0,49,0,3,0,0,0,0,0,0,8,0,0,0,0,17,1,0,143,690,2,17,0,18,0,16,0,0,2,0,263,1,0,0,0,1,651,0,61,0,7,0,48,134,0,0,0,0,347,0,0,0,19,0,0,0,302,0,3,1,0,0,8,18,0,0,1,0,0,0,0,263,0,0,3,304,0,0,2,0,0,0,5,0,48,0,0,50,0,8,166,0,3,0,0,0,6,0,0,0,0,0,0,28,0,0,0,0,0,1,0,0,0,0,0,137,0,15,3,0,1,1,0,0,90,0,99,0,31,30,144,10,115,14,0,0,0,0,2,0,99,4,489,0,0,922,0,0,78,0,2,0,0,0,375,0,0,0,0,0,0,4,3,11,13,0,41,9,2,0,0,7,0,0,0,4,0,0,0,0,1,19,16,53,91,0,10,1,0,4,38,51,0,0,671,0,0,0,7,0,5,23,0,0,0,0,13,0,11,58,0,139,74
0,46,0,0,0,0,0,0,0,0,0,0,0,0,75,0,0,0,0,0,0,6,0,25,0,362,0,0,16,0,32,0,0,11,0,0,291,43,0,0,0,8,1,251,56,4,0,0,1,0,0,0,0,5,31,0,0,26,0,24,45,0,0,0,0,0,3,24,3,0,8,0,0,9,0,0,0,0,0,551,0,0,0,0,5,0,1,0,0,94,0,0,477,402,0,2,2,0,0,0,0,2,0,3,7,0,150,13,0,0,0,0,0,56,0,0,0,26,0,17,0,0,0,0,780,0,0,0,0,13,0,5,0,0,0,3,770,0,0,0,0,0,0,0,72,0,5,0,0,0,5,0,0,0,0,0,0,0,0,53,0,0,0,0,0,0,0,1,0,0,0,0,0,0,0,0,0,0,46,0,0,1,0,0,0,0,0,0,0,0,0,75,1,0,0,0,0,0,0,0,0,0,0,0,0,5,0,0,0,5,1,0,0,0,0,0,0,0,1,0,0,20,0,0,0,0,0,0,271,0,623,0,0,317,0,0,0,0,0,0,0,0,79,0,0,21,0,13,0,0,0,0,0,0,0,5,0,0,0,117,0,0,0,1,0,0,0,0,6,236,0,0,520,0,0,0,0,0,24,2148,0,0,102,0,0,0,0,2,0,95,0,0,0,0,243,0,22,66,0,15,0
0,0,0,0,0,0,0,0,0,0,0,0,9,0,11,0,0,10,90,0,0,1,0,0,23,764,0,1,0,4,17,6,1,32,0,0,0,0,0,0,0,0,0,0,0,201,0,20,0,0,0,0,0,13,0,4,2,24,0,0,54,0,6,0,0,25,24,0,0,0,1,0,0,6,0,0,0,0,0,515,0,19,18,0,0,0,2,1,97,58,0,1,1,1487,0,0,0,0,20,0,0,0,0,38,0,0,0,101,32,0,0,0,0,23,0,0,0,10,142,0,0,0,0,0,109,0,0,0,0,223,0,88,0,0,87,0,0,0,0,3,12,5,0,1,0,0,0,0,0,0,19,0,0,6,1,0,0,0,8,43,0,0,0,0,0,0,0,0,0,0,0,0,907,0,12,0,0,0,288,0,0,0,0,0,18,0,0,0,0,0,0,150,0,0,0,0,0,0,0,0,156,0,0,0,23,4,0,0,0,0,0,0,1,0,11,0,0,0,137,0,11,0,0,0,0,0,0,0,28,0,362,0,0,94,0,0,0,0,0,0,0,0,0,0,0,0,0,0,0,0,0,0,14,1,3,0,1,0,15,37,0,0,0,0,0,0,0,0,0,545,0,0,551,0,0,0,0,1,3,1734,0,0,227,1,0,0,0,0,24,7,41,7,0,0,6,0,0,0,0,67,0
0,0,0,0,0,22,0,0,0,0,0,0,0,0,17,0,0,24,0,0,42,4,0,27,21,2462,0,0,1,1,0,0,0,7,0,0,12,96,0,0,0,32,0,0,0,3,0,0,0,26,0,0,0,21,0,0,0,12,0,111,26,39,4,0,1,0,209,1,129,11,0,0,0,25,0,683,0,0,0,1217,0,0,0,0,54,0,121,0,46,5,0,0,0,1540,0,47,0,0,0,0,0,0,55,1,0,0,1,8,0,5,0,0,0,1,0,0,0,94,29,0,23,0,0,0,2,0,0,0,0,193,0,33,0,0,0,0,54,0,0,0,0,0,0,0,79,0,0,0,0,0,4,1,0,0,0,0,0,0,1,75,0,0,0,0,0,0,1,1,0,0,0,0,0,0,0,0,0,0,11,0,0,0,0,0,0,0,0,0,0,0,0,36,1,0,25,0,0,2,0,0,0,0,0,0,0,204,12,0,0,1,0,0,0,0,2,0,0,3,636,0,1,0,0,0,0,0,0,0,1,0,156,0,0,429,0,0,1,0,0,0,0,0,0,0,0,0,0,0,0,0,0,0,9,0,0,15,5,0,0,64,0,0,0,3,0,0,0,0,3,387,0,0,56,0,0,0,0,0,1,5,0,0,107,0,0,0,0,0,19,4,0,0,0,0,0,0,4,41,0,0,0
0,0,0,0,0,29,0,0,0,0,0,0,3,51,1,0,0,77,0,0,0,0,0,44,0,1638,0,3,75,4,0,0,0,32,0,0,8,664,1,0,0,0,0,0,0,242,37,0,0,23,0,0,0,0,0,0,0,16,0,0,53,0,9,0,0,0,384,16,3,127,0,0,0,20,0,201,0,0,0,874,0,0,0,0,0,0,0,0,46,47,0,8,1,747,0,5,0,0,0,0,0,3,0,0,0,0,52,0,125,0,0,15,0,164,0,0,0,0,334,2,0,0,7,1,5,0,38,0,0,15,0,5,0,0,0,0,6,0,0,0,0,0,0,0,121,0,0,0,0,0,0,15,0,0,0,0,0,0,0,0,0,0,0,0,0,0,0,0,0,1,0,0,1,0,0,0,0,0,395,0,0,0,0,0,0,0,0,0,0,0,0,295,200,0,20,19,0,0,0,0,0,0,0,0,0,0,19,0,0,247,0,0,0,0,0,0,102,0,472,0,0,0,0,0,0,0,0,0,0,0,0,0,0,573,0,0,0,0,0,0,0,0,0,0,0,0,0,2,0,0,0,0,0,0,0,0,0,0,0,52,0,0,38,3,78,0,0,28,0,3,0,0,9,0,11,0,0,0,0,124,0,1,768,0,0,0,0,0,39,0,0,0,0,0,0,0,13,0,0,93,0
0,1,0,0,0,0,0,0,1,0,0,0,6,0,35,0,0,58,0,0,0,10,0,0,25,4,0,1,6,0,1,0,0,8,0,0,0,2,0,0,0,0,0,45,19,61,0,0,0,0,0,0,0,0,0,0,0,22,0,0,12,0,3,0,0,159,3,1,5,112,0,0,0,0,315,0,0,0,0,502,0,0,49,0,0,15,0,0,93,0,0,0,0,923,0,0,1,0,18,0,0,4,0,0,0,0,0,24,93,191,0,12,0,18,0,0,0,258,56,0,0,0,3,0,15,0,799,0,0,0,49,23,0,0,0,0,54,1,0,0,0,4,0,0,0,0,0,0,0,0,5,2,31,0,0,0,0,0,0,25,0,0,0,0,0,0,0,0,0,0,0,0,1549,0,4,0,0,0,4,1,0,0,0,20,0,0,0,0,0,0,0,38,0,0,0,7,0,0,0,0,0,0,0,0,0,2,0,0,4,3,0,0,0,0,0,0,96,0,0,0,0,0,0,0,0,0,0,0,100,0,122,0,1,316,0,0,0,0,1,21,0,0,41,0,4,0,158,0,0,0,0,0,0,1,0,4,4,0,0,0,1,0,0,1,0,0,0,0,0,6,0,0,313,0,2,0,0,0,0,2750,0,0,26,0,0,0,0,24,12,4,1,0,0,0,59,1,97,0,0,23,3
0,0,20,1,0,0,0,0,0,0,0,0,0,427,115,3,0,0,0,0,0,21,0,29,0,4128,0,0,15,27,0,0,0,122,0,0,42,0,2,2,0,0,0,0,0,0,0,0,0,0,0,0,0,0,0,0,0,0,0,0,0,0,0,0,0,0,23,0,0,334,0,0,0,2,0,0,0,0,0,0,0,0,0,0,0,3,0,0,0,0,0,4,0,0,0,0,0,0,160,0,0,20,7,0,0,0,0,502,0,0,0,0,0,0,0,0,0,0,174,0,7,0,0,1,0,0,5,0,0,0,0,0,0,0,0,0,28,0,0,0,9,0,0,0,0,0,0,0,0,0,16,0,0,0,0,0,0,0,0,0,0,0,0,0,0,0,0,4,0,0,1,0,2,0,0,0,0,59,96,0,0,0,0,0,0,0,0,0,0,0,1,105,0,0,0,0,0,0,0,0,0,0,0,0,0,9,0,0,2,0,94,0,0,0,0,0,0,0,2,0,0,0,0,0,0,0,0,0,0,0,0,1,0,458,0,0,0,0,0,0,0,0,0,0,1,0,0,0,0,0,0,0,0,0,0,24,2,0,0,59,0,0,0,3,0,0,0,0,0,34,0,0,510,0,0,0,0,0,0,1973,0,0,143,0,0,0,0,0,0,0,0,0,0,0,10,0,57,0,0,101,0
0,0,6,16,0,0,0,0,94,5,0,0,0,0,0,0,0,0,0,0,26,222,0,0,0,900,0,0,31,0,0,0,0,265,0,0,67,0,0,0,0,0,0,49,0,269,0,0,1,0,0,0,0,0,67,2,0,0,3,202,0,0,0,0,0,4,39,0,0,0,14,0,0,0,1512,0,0,0,0,236,0,3,246,0,61,4,0,0,0,68,129,1,0,0,0,2,0,3,92,0,27,0,1,1,6,25,14,533,0,0,0,49,0,13,0,0,11,0,0,0,0,0,0,0,317,7,61,0,19,88,45,13,0,2,0,0,0,4,0,0,3,0,0,0,0,0,0,15,0,0,10,0,0,0,5,0,0,0,116,212,0,0,0,484,0,0,0,0,0,0,4,0,81,0,0,40,0,121,136,2,0,3,0,0,90,0,0,138,6,0,0,35,2,0,0,0,0,3,0,0,423,0,0,0,0,5,0,0,1,0,0,0,0,13,15,0,0,96,1,10,14,18,0,0,0,0,148,0,18,25,190,0,1,314,0,8,0,0,0,0,0,0,0,0,0,0,1,0,0,0,0,2,20,0,20,8,8,1,6,22,8,63,0,0,0,0,0,293,0,0,0,58,0,0,0,0,0,0,61,0,0,0,433,0,0,0,0,0,34,96,0,0,0,3,66,0,3,0,0,114,0
0,0,0,0,0,0,0,0,0,0,0,0,2,0,11,0,0,0,0,0,0,1,0,0,0,1018,0,15,0,10,0,0,0,0,0,0,13,0,0,0,0,0,0,0,0,20,0,19,0,0,1,0,0,0,2,0,0,32,0,0,61,0,0,0,0,5,2,0,14,67,4,0,0,3,112,190,0,0,0,80,0,0,2,0,2,37,0,1,111,0,1,0,1,396,0,0,0,0,0,0,0,74,0,0,0,0,0,1,0,0,0,7,0,82,0,0,0,0,57,0,0,0,0,42,652,0,0,0,0,1,0,1,0,0,0,0,0,2,1,0,0,0,0,0,0,0,0,0,0,0,0,0,0,0,0,0,0,2,0,155,0,0,0,1,0,0,0,0,0,0,0,0,1,0,0,0,0,2,26,0,1,0,16,0,0,0,0,0,0,0,0,261,0,0,0,0,0,0,0,0,0,0,0,1,0,15,0,0,0,0,0,0,0,0,22,0,0,3,0,0,0,3,0,1,0,1,0,0,58,0,17,0,0,1900,0,0,0,0,0,5,0,0,39,0,1,0,0,0,0,0,7,0,0,0,5,32,1,0,0,10,0,0,0,2,1,0,3,0,0,3,0,0,599,1,0,0,0,0,0,3199,0,0,283,0,0,0,0,0,0,25,47,0,0,2,3,0,0,0,0,98,0
0,0,0,0,0,0,3,1,0,0,0,0,0,0,0,0,0,0,0,0,0,92,0,0,0,5781,0,0,0,0,0,0,0,351,0,0,3,52,0,0,0,0,0,29,0,96,0,0,0,0,1,0,0,0,7,0,0,0,0,82,0,57,0,0,68,0,0,0,0,0,0,0,0,0,0,0,0,0,19,36,0,0,0,0,0,0,0,0,0,0,0,0,0,0,0,0,0,0,0,0,0,262,0,0,0,0,0,0,0,0,0,0,0,0,0,0,0,0,38,0,0,0,0,0,179,0,0,0,0,0,0,2,0,0,0,0,0,0,1,0,124,0,0,0,0,0,0,0,0,0,0,0,0,0,0,0,0,0,0,63,0,0,1,0,0,0,0,0,0,0,0,0,0,0,0,0,0,111,300,0,0,0,0,0,0,0,3,0,0,0,0,55,0,0,0,0,0,0,0,0,10,0,0,0,0,112,0,0,0,0,0,0,0,0,0,0,58,0,108,0,0,0,0,0,0,0,0,0,0,0,29,0,0,0,0,0,0,0,0,0,0,0,0,0,0,0,0,0,0,0,0,0,0,0,0,0,0,0,0,31,0,0,0,16,0,0,0,0,17,61,0,8,0,0,0,0,2,0,8,1684,0,0,0,0,0,0,0,0,0,16,0,0,0,9,13,0,0,0,0,0,0
0,0,0,0,0,0,0,0,0,0,0,0,8,35,1250,0,0,18,0,0,0,0,0,0,0,1492,0,0,0,10,11,1,0,1,0,0,0,0,0,0,0,0,0,0,0,18,32,0,0,18,1,0,0,14,5,0,0,20,0,1,30,0,0,1,0,14,65,0,0,30,0,0,0,1,112,183,0,0,0,272,0,0,0,0,0,0,0,0,88,0,0,0,0,1057,0,0,0,0,0,0,0,0,0,0,4,0,0,35,0,12,0,4,0,7,0,0,0,11,2,0,0,0,0,0,0,0,1,0,0,9,0,5,0,0,0,0,0,0,0,0,0,0,0,0,0,0,0,0,0,0,1,0,0,0,0,0,0,0,0,2,0,0,0,1380,0,1,2,0,0,0,0,0,3287,0,0,0,0,1,0,0,0,0,0,1,0,0,0,0,0,0,0,4,0,0,0,0,0,2,0,0,0,0,0,0,0,10,1,0,2,0,0,0,0,0,0,0,32,0,0,0,0,0,0,0,0,0,0,0,0,0,38,0,0,0,0,0,0,0,0,3,0,0,0,0,0,0,0,0,0,0,0,0,0,0,0,8,9,0,0,1,0,0,0,0,28,0,0,0,0,184,0,0,54,0,0,0,0,0,0,13,0,1,0,0,0,2,0,0,1,0,0,0,0,0,35,0,5,0,0,20,0
0,0,6,0,0,0,0,0,0,0,0,0,8,0,13,0,0,37,0,0,0,3,0,0,21,63,0,0,0,2,57,124,2,12,0,2,1,1,0,0,0,0,0,42,132,5,65,12,0,19,0,0,0,15,4,0,0,28,0,0,18,0,0,0,0,48,178,1,0,0,0,0,0,389,4,1,0,4,0,451,0,82,0,0,0,0,155,1,124,79,0,0,11,1234,0,37,0,0,17,0,0,0,0,24,0,0,0,65,27,2,0,4,0,0,0,0,0,51,7,0,0,0,0,0,8,0,0,508,0,63,10,0,0,0,0,0,93,0,0,1,0,0,0,0,0,0,2,0,0,0,4,128,83,0,1,0,0,0,39,0,0,0,0,0,0,0,0,0,0,0,0,0,0,0,0,0,0,145,0,7,1,0,0,0,1,0,0,0,45,0,0,224,1,0,9,0,0,0,0,0,0,0,0,0,113,26,0,0,0,0,0,0,5,1,0,0,0,5,9,0,0,0,0,0,0,0,0,0,106,0,218,1,0,379,0,0,0,0,1,0,0,0,0,0,0,0,1,0,0,0,0,1,2,0,3,3,14,0,1,136,1,15,0,0,0,0,0,0,0,22,0,1,60,0,0,0,0,0,1,3584,1,0,2,0,0,0,0,0,34,17,52,0,0,0,32,49,0,30,0,13,0
0,0,0,0,47,34,5,0,0,0,0,0,0,68,0,0,0,26,0,0,0,2,0,0,0,26,0,0,0,0,0,0,0,0,0,0,0,0,0,0,0,0,0,0,0,10,0,0,0,28,8,0,0,0,0,0,0,28,0,18,90,0,0,0,0,23,18,0,71,89,6,0,0,34,1,0,0,0,0,613,0,0,44,0,0,0,0,0,0,85,109,0,0,581,0,0,3,0,0,0,0,0,0,2,28,0,0,145,32,6,0,0,0,107,0,0,0,0,78,0,0,0,0,2,102,0,128,130,0,19,0,101,0,0,0,0,0,0,0,0,0,0,0,0,83,0,0,0,0,0,6,0,0,0,0,0,0,0,5,2,0,0,0,2548,0,0,0,0,0,144,0,0,1,0,0,0,0,62,38,0,0,0,0,3,4,0,0,0,0,0,0,180,0,0,0,0,0,0,0,0,0,0,0,0,0,253,0,0,0,0,0,0,30,0,0,0,158,0,0,0,0,0,0,0,0,2,0,0,0,0,57,0,0,26,0,0,4,0,0,0,0,0,0,0,0,0,11,0,0,0,0,0,0,1,0,141,0,0,0,11,0,0,0,0,5,0,0,0,0,1,0,0,819,0,0,0,1462,0,0,932,0,0,0,0,0,0,0,0,57,9,0,0,0,0,0,0,0,0,0,0,0
0,0,0,0,0,0,0,10,160,0,0,1,0,1,26,0,1,1,0,0,126,5,0,0,2,3212,0,0,86,16,119,1,0,35,0,0,0,145,0,0,0,0,1,133,0,132,0,0,0,0,0,0,0,2,6,1,0,0,0,1,0,62,0,0,2,0,38,0,0,16,7,0,0,2,0,0,0,1,0,11,0,0,4,0,279,6,0,0,0,77,0,2,0,0,28,9,0,0,6,0,0,0,0,2,1,1,2,428,0,13,0,0,4,2,0,1,0,0,31,0,0,18,0,0,44,7,0,1,1,0,17,177,0,0,0,0,9,0,0,1,8,0,0,0,0,0,10,11,0,3,18,73,0,4,0,0,0,0,41,31,0,0,0,2,0,0,0,0,1,0,3,0,0,0,0,0,4,95,84,0,5,0,0,1,12,0,0,63,0,0,0,26,0,20,0,0,0,3,0,0,265,0,1,1,0,16,16,2,1,0,0,3,14,6,2,0,33,19,145,8,1,1,0,5,0,1,2,8,7,1,108,0,1,319,0,0,1,0,0,62,0,0,0,4,1,10,0,0,0,0,109,1,16,0,3,2,61,0,2,39,1,0,0,2,0,1,0,0,0,410,0,7,69,0,0,1,61,1,6,1776,0,2,8,0,0,0,0,2,19,35,0,0,0,0,32,28,9,0,0,191,0
1,1,4,1,0,0,0,0,0,0,0,0,0,0,162,0,42,0,0,1,0,0,0,9,0,3285,0,0,26,13,183,0,0,0,0,0,0,0,0,0,0,0,0,0,0,0,0,0,0,1,5,0,0,1,0,0,0,0,0,0,0,0,0,0,0,0,25,0,0,0,0,0,0,0,0,0,0,0,0,0,0,0,0,0,0,9,146,0,0,0,0,5,115,0,0,171,0,0,0,0,0,1,0,0,0,0,0,3234,0,0,4,0,0,0,0,2,0,0,0,0,0,0,0,0,0,107,12,0,0,0,0,0,0,0,0,37,40,0,0,0,487,0,0,0,4,0,0,3,0,0,0,0,0,0,0,21,0,0,0,0,0,0,0,0,92,0,0,0,0,0,4,0,0,0,0,0,7,0,0,0,0,0,0,3,0,0,0,0,0,0,2,0,4,8,0,0,0,0,0,0,0,0,0,5,0,588,1,0,0,5,0,0,0,0,0,0,0,0,214,0,0,0,0,0,0,0,0,0,0,0,0,0,0,147,0,0,1,0,0,2,0,0,0,0,4,2,0,1,0,0,0,0,0,0,0,266,38,0,0,0,12,0,0,0,0,0,0,0,0,0,15,46,16,0,0,0,0,0,0,214,0,0,93,0,0,0,0,46,0,0,0,0,0,0,0,0,8,0,0,0,0
0,0,4,1,0,0,0,0,0,0,0,0,0,0,0,0,0,9,0,0,0,13,0,0,0,203,0,0,0,0,0,0,0,3,0,0,1,52,0,0,0,0,0,0,0,1,0,0,0,22,0,0,0,0,0,0,0,20,1,148,53,16,5,0,0,247,0,0,5,71,0,0,0,2,6,1,0,0,0,1582,0,0,0,0,0,0,0,0,0,0,0,0,1,826,0,0,0,0,0,0,0,7,0,0,0,0,0,4,0,66,0,88,0,0,0,0,0,14,24,1,0,0,0,0,0,0,30,0,0,120,0,6,0,0,0,0,0,0,0,0,0,0,0,0,0,0,1,0,0,0,1,0,8,0,0,0,0,0,0,14,0,0,0,971,0,0,0,38,0,0,0,0,4,0,0,0,0,201,169,2,0,0,0,0,0,0,0,0,0,0,0,1,0,0,0,0,0,0,0,0,0,0,0,0,28,4,0,0,2,0,0,0,0,0,0,0,0,0,1,2,0,6,0,0,0,0,0,0,0,0,86,0,0,324,0,0,0,0,0,0,0,0,0,0,0,0,1,1,0,0,0,7,0,0,0,0,2,0,0,0,0,0,0,0,0,0,0,0,7,3210,0,0,67,0,0,0,0,0,1,1141,0,2,1,0,0,0,0,0,38,3,0,0,0,0,0,0,0,0,0,6,0
0,0,0,0,0,0,0,40,0,0,0,0,1,0,83,0,0,0,0,0,0,0,0,0,0,0,0,0,0,140,0,0,0,133,0,0,13,0,0,0,0,0,0,0,0,0,0,0,0,0,0,0,0,6,63,0,0,0,0,0,0,0,4,280,0,0,0,0,0,385,151,0,0,0,0,0,0,0,0,35,0,0,2,0,0,0,0,0,0,120,0,10,12,0,0,0,0,0,0,0,0,186,0,0,0,0,0,0,0,0,0,0,4,0,0,0,0,1,81,0,0,0,0,0,481,0,0,0,0,0,0,22,0,0,0,0,12,0,0,0,338,0,0,2,0,0,24,0,0,2,33,0,74,0,0,0,0,0,0,0,0,0,0,0,0,0,0,0,0,0,0,0,0,0,0,0,0,736,0,0,0,0,0,0,0,1,0,0,0,0,0,0,1,0,0,0,0,1,0,0,0,0,0,0,0,107,0,0,0,0,0,0,0,0,6,0,261,0,0,0,0,54,0,0,0,0,0,0,0,0,0,0,0,0,0,0,0,0,0,6,0,0,0,0,7,0,0,0,0,0,0,0,0,0,11,59,0,0,20,0,0,0,0,13,0,2,0,0,0,0,70,0,3286,0,0,0,0,0,0,1986,0,0,0,0,0,0,0,0,0,0,0,0,0,0,382,0,137,0,0,119,0
0,0,0,0,0,11,0,0,0,2,0,0,8,0,14,0,0,11,30,0,12,7,0,0,16,975,0,1,0,3,0,0,0,6,0,0,1,74,0,0,166,0,227,0,0,60,1,0,0,0,0,0,0,16,8,0,0,16,0,0,38,0,0,74,0,28,407,0,0,0,3,0,0,74,0,125,0,2,0,828,0,0,67,0,1,49,1,0,102,0,0,0,0,1186,2,0,36,0,0,0,0,0,0,0,4,0,0,3,116,0,0,0,0,69,0,0,0,0,93,0,0,0,0,0,12,54,0,462,1,163,160,73,0,0,0,0,0,0,0,0,0,3,0,0,59,0,65,0,0,0,38,0,0,27,0,0,0,0,0,12,0,4,0,1,0,0,1,4,0,0,23,0,31,0,0,0,2,4,0,0,0,0,0,26,51,0,2,0,0,0,0,259,2,17,0,0,0,0,0,0,0,0,0,98,0,13,3,0,3,0,6,0,0,1,2,0,0,16,1,0,0,89,0,0,0,0,55,0,15,0,75,0,0,423,15,0,0,0,1,107,3,0,0,0,48,0,0,0,0,0,28,0,0,0,0,0,6,0,2,65,0,0,0,0,152,0,0,0,0,0,0,19,62,0,0,0,0,0,0,1701,0,4,248,0,0,30,0,0,21,74,0,0,0,0,0,0,85,0,0,0,0
0,0,0,0,0,0,0,0,0,0,0,0,0,0,16,0,0,0,0,0,0,34,0,2,0,3098,0,0,18,1,0,0,0,19,0,0,1,0,0,0,0,0,0,14,0,0,0,0,0,0,0,0,0,0,3,0,0,0,0,394,0,0,0,0,249,0,519,0,0,0,0,0,0,7,0,471,0,0,0,135,0,45,0,0,0,0,0,0,0,9,0,0,4,0,53,0,0,0,6,0,0,0,0,0,0,0,213,867,0,43,0,0,0,13,0,0,0,0,17,0,0,0,0,1,6,0,0,0,0,0,3,34,0,0,0,0,23,0,0,0,735,0,0,0,0,0,0,4,0,2,1,0,2,25,1,0,0,0,0,0,0,0,0,0,0,0,0,4,0,3,0,0,0,0,0,0,0,18,0,0,0,0,0,0,0,0,0,0,0,0,0,0,0,0,0,0,0,0,0,0,0,0,0,1,0,139,0,0,0,2,0,0,0,0,0,0,0,0,1,0,0,0,0,0,0,0,116,0,0,0,0,1,0,114,0,0,0,0,0,0,0,0,0,28,0,97,0,0,0,0,0,0,0,0,0,0,0,0,0,4,0,0,0,8,0,0,29,0,6,777,0,0,11,0,0,0,0,0,0,1415,0,0,16,0,0,1,0,0,109,0,0,1,0,0,11,0,0,0,0,4,0
0,0,0,0,0,0,34,0,0,0,0,0,0,0,50,0,0,0,0,0,0,0,0,0,0,3,0,0,51,48,0,0,0,157,0,0,38,16,0,0,0,0,0,0,0,0,0,0,0,0,0,0,0,0,0,0,0,0,0,0,0,0,0,0,0,0,0,0,0,0,0,0,0,0,0,0,0,0,0,0,0,0,0,0,0,0,2,0,0,0,0,0,174,0,0,0,0,0,0,0,0,91,0,0,0,0,0,863,0,0,0,0,0,0,0,0,0,0,128,0,0,0,0,7,0,0,0,0,0,0,0,0,0,0,0,33,1,0,0,0,20,0,0,0,0,0,0,0,0,0,0,0,0,0,0,0,0,0,0,0,0,0,0,0,0,0,0,0,0,0,0,0,22,0,0,0,0,0,0,0,0,0,0,0,11,0,0,0,0,0,0,0,0,0,0,0,0,0,0,0,0,0,0,0,0,0,0,0,0,194,3,0,0,0,0,0,0,0,0,0,0,0,0,0,0,0,0,0,0,0,0,0,0,1113,0,0,0,0,0,0,0,0,0,0,19,0,0,0,0,0,0,0,0,0,0,0,0,0,0,179,0,0,0,1,0,0,0,0,0,3418,0,0,3317,0,0,0,0,0,0,9,0,0,0,0,0,0,0,0,0,0,0,0,0,0,0,0,0,0,0,0,0
0,0,0,0,0,0,2,0,0,0,0,0,0,0,32,0,0,0,0,0,0,0,1,0,0,5274,0,0,151,0,1,0,0,29,0,0,10,0,1,0,0,0,0,0,0,359,0,0,0,0,0,0,0,0,0,0,0,2,0,0,0,0,0,0,0,0,186,0,0,0,0,0,0,0,0,0,0,0,0,0,0,0,0,0,51,10,0,0,0,0,0,0,32,0,0,2,0,0,0,0,0,21,0,0,1,0,0,887,0,0,0,0,0,0,0,0,0,0,9,1,5,0,4,1,41,0,0,0,0,0,0,329,0,17,0,0,448,0,0,0,60,0,0,0,0,0,0,0,0,0,0,0,0,0,0,0,0,0,0,0,0,0,0,0,0,0,0,0,0,0,0,0,1,0,0,0,0,10,0,0,0,0,0,0,0,0,0,0,0,0,0,2,3,0,0,0,0,0,0,0,0,0,0,0,0,0,0,0,1,23,0,0,0,0,9,0,32,0,104,0,0,0,0,0,0,0,0,249,0,0,0,0,0,525,0,0,0,0,0,68,0,68,0,0,0,0,0,0,0,0,707,0,0,0,0,40,0,0,0,0,0,0,0,0,0,0,0,0,0,17,0,0,67,0,3,0,0,0,0,1,0,0,87,0,0,0,0,0,0,0,0,0,0,0,0,0,6,0,0,15,0
14,1,0,0,18,0,0,0,0,0,0,0,8,1,90,0,7,14,0,0,13,1,0,44,0,273,0,0,36,0,1,0,0,3,0,0,0,58,0,0,0,0,0,12,0,4,103,95,17,28,1,0,0,8,3,0,0,36,0,0,95,0,4,1,0,9,55,48,7,56,1,0,0,2,200,0,0,4,0,168,0,34,147,0,0,94,51,0,0,31,10,2,0,1178,0,0,0,0,3,0,0,0,0,0,8,0,1,97,0,49,0,0,0,4,0,0,0,18,0,0,0,0,0,0,0,0,201,106,2,171,260,51,0,1,0,0,565,1,68,0,0,0,0,0,0,0,0,0,0,0,27,0,4,0,1,0,0,0,0,39,0,0,0,522,0,0,0,0,0,17,1,0,0,0,0,0,5,4,7,0,0,0,0,34,0,0,0,0,0,0,0,56,30,0,0,0,0,0,0,0,0,0,0,0,0,7,1,0,0,33,0,52,0,0,5,0,1,31,149,0,0,0,0,0,0,24,0,0,6,0,519,0,0,848,0,0,5,0,0,37,0,0,164,0,0,1,1,0,0,0,0,4,0,0,6,171,4,0,0,11,2,24,0,11,0,0,1,0,22,1106,8,0,973,0,1,0,0,0,5,3,0,201,36,0,0,0,0,1,11,0,0,0,0,0,28,0,9,0,0,18,29
0,0,0,0,0,0,0,0,326,1,0,0,0,92,1,0,0,5,0,22,144,0,0,21,16,228,0,0,0,2,0,0,0,5,0,0,1,179,0,0,0,0,0,116,13,0,0,0,0,13,0,1,0,0,0,0,0,10,0,120,51,13,0,0,0,0,490,1,0,401,0,0,0,17,4,82,0,2,0,1603,0,0,0,0,205,0,0,0,67,41,1,1,0,927,0,0,0,0,0,1,0,0,0,0,0,0,1,1,0,30,0,0,0,0,0,0,0,7,120,1,0,0,0,0,76,0,10,0,0,0,0,178,0,1,0,0,0,0,0,0,0,0,0,0,0,0,46,0,0,1,0,0,0,0,0,0,0,0,0,22,0,0,0,1231,0,0,0,0,0,0,3,0,0,0,0,0,0,88,59,0,0,0,0,0,0,0,0,0,0,2,0,37,1,0,0,0,0,0,0,584,0,0,0,0,0,0,0,0,0,0,0,0,0,0,23,0,30,0,1,0,0,0,0,0,0,0,0,0,84,0,251,0,0,23,0,0,0,0,0,0,0,0,28,0,0,0,0,0,0,8,107,2,11,0,2,0,5,0,0,0,0,0,0,0,2,0,0,0,2,25,0,0,396,107,0,0,0,0,1,551,0,0,482,0,0,0,0,0,28,66,0,0,0,0,1,0,3,0,0,47,0
0,0,0,2,2,0,1,28,0,0,0,0,0,0,0,0,0,7,0,0,0,29,0,1,0,305,0,0,3,11,657,47,0,21,0,9,9,127,0,0,0,2,0,0,0,337,0,5,0,0,1,0,1,0,0,0,1,0,0,4,0,0,0,0,0,0,245,0,4,0,19,0,0,0,0,0,3,0,0,11,0,1,43,0,28,0,0,0,0,39,0,0,4,0,0,0,0,0,0,0,0,66,0,0,0,0,0,1211,16,0,0,0,0,0,7,0,0,0,3,0,0,0,0,0,74,11,0,0,2,0,0,0,0,2,0,0,2,0,0,0,0,0,0,0,0,0,0,0,0,0,0,2,0,0,0,0,0,0,0,117,8,0,0,0,0,0,0,0,0,0,24,0,0,0,17,0,0,0,40,0,0,0,0,0,10,0,0,0,0,0,0,97,0,0,0,0,0,0,0,0,0,0,0,0,1621,0,0,0,0,1,0,0,0,11,6,0,0,0,174,0,0,0,0,0,0,1,0,0,82,0,0,0,0,1363,0,0,6,0,0,2,0,0,0,0,0,0,0,0,1,0,0,8,0,0,0,0,0,0,21,0,0,0,0,0,1,0,0,0,0,1,0,11,81,0,0,0,0,2,8,2065,1,0,341,0,0,0,4,0,0,40,278,0,0,0,0,1,0,0,0,160,0
0,1,0,0,0,26,0,0,0,0,0,0,24,0,45,0,0,8,0,0,0,1,0,0,0,2884,0,0,0,1,1,0,0,1,0,0,1,14,2,0,0,0,0,36,0,5,0,0,0,0,1,1,0,0,4,0,0,17,0,0,17,0,0,0,0,0,179,0,0,69,0,0,0,1,411,370,0,0,0,83,0,0,1,0,0,32,0,0,45,16,0,19,1,1434,0,0,19,0,0,0,0,82,0,0,0,0,0,6,0,0,0,16,0,8,0,0,15,0,31,1,0,0,0,3,16,0,0,0,0,0,74,1,0,0,71,0,0,0,0,0,0,0,0,2,0,0,2,0,1,0,3,4,0,0,1,0,0,0,0,17,0,0,0,0,0,0,0,0,0,0,0,0,0,0,31,0,0,3,0,1,0,0,0,0,0,0,0,0,0,0,0,4,1,0,0,4,0,0,0,0,0,0,0,0,0,6,0,0,1,0,3,0,0,0,3,0,0,0,11,0,62,1,0,0,0,0,0,0,29,0,0,0,0,225,0,0,0,0,0,0,0,0,0,0,1,0,0,0,0,0,0,0,2,0,0,4,0,0,1,11,0,0,0,1,1,0,0,0,0,2820,0,0,479,3,0,0,0,0,0,1,0,0,110,0,0,0,0,0,0,3,0,0,1,2,1,0,1,0,0,60,0
0,0,0,0,0,0,1,12,0,0,0,0,0,0,0,0,0,0,0,0,0,0,0,4,0,1260,0,0,13,2,159,0,0,92,0,0,5,7,0,0,0,0,0,0,0,25,0,0,0,0,0,0,0,0,0,0,0,3,0,0,0,1,0,0,0,0,73,0,0,0,0,0,0,0,0,0,0,0,0,0,0,0,0,0,7,0,0,0,0,8,0,0,21,0,0,0,0,0,39,2,0,8,0,0,0,0,0,1803,0,0,0,0,11,6,0,0,0,0,0,1,0,0,1,1,23,0,0,0,0,0,0,10,0,1,0,0,5,0,0,0,0,0,0,0,0,0,0,0,0,0,0,0,0,0,0,0,0,0,0,15,0,0,0,1,0,0,0,0,0,0,0,0,10,0,0,0,0,6,243,0,0,0,0,0,0,0,0,0,0,0,0,8,0,0,0,0,0,0,0,0,0,0,0,0,0,0,0,0,1,0,0,0,0,0,2,0,0,0,0,2,0,0,0,0,0,0,0,0,0,0,4,0,0,1427,0,0,0,0,0,0,0,0,0,0,0,0,0,0,0,0,54,0,0,0,0,0,4,0,0,0,0,0,3,0,0,0,0,0,0,3221,0,0,34,0,0,0,0,0,15,1274,0,0,34,0,0,0,0,0,0,0,0,0,0,0,22,0,18,0,0,0,0
0,0,0,0,0,0,1,22,0,0,0,0,3,0,42,0,0,0,0,0,0,3,0,50,0,3,0,0,5,0,0,0,0,0,0,0,0,710,0,0,0,0,0,30,0,3,0,0,0,0,0,0,0,0,44,0,0,11,0,185,86,0,6,0,0,276,27,0,3,67,6,0,0,0,0,84,0,8,0,1222,0,8,0,0,16,0,1,0,0,0,0,10,1,1579,0,0,7,0,11,0,0,5,0,0,19,0,0,74,0,17,0,0,0,16,0,0,0,0,0,0,0,0,0,2,137,121,0,53,0,263,65,22,0,0,0,0,0,0,0,0,0,0,0,0,0,0,0,0,0,0,0,6,0,0,1,0,0,0,0,53,0,0,0,1858,0,0,0,0,0,0,0,0,2,0,0,0,0,175,467,0,0,0,0,0,29,0,0,0,0,0,0,74,1,0,0,0,0,0,0,0,0,0,0,0,0,90,0,0,1,0,3,6,0,0,7,0,15,28,0,12,0,16,0,0,0,13,3,0,15,0,0,0,0,15,0,0,0,0,0,52,0,0,0,0,0,0,24,0,0,0,43,0,0,0,0,26,10,0,0,0,0,0,0,8,1,0,0,0,13,17,0,0,64,0,0,0,1,0,0,1138,0,0,262,0,0,0,0,0,0,34,0,0,0,0,0,0,2,0,0,96,0
0,0,0,0,0,0,14,0,0,0,0,0,0,0,0,0,180,26,0,0,4,50,0,0,6,0,0,2,46,10,128,0,0,0,174,39,6,0,0,0,0,0,0,49,5,0,0,9,0,0,0,0,0,0,0,0,0,0,0,0,0,0,0,0,0,0,365,0,15,0,0,0,0,3,0,0,0,0,0,0,0,0,0,0,0,13,0,0,0,77,0,19,0,0,0,3,0,0,0,0,0,0,0,52,0,0,0,0,0,59,0,0,0,82,0,0,5,0,5,6,0,0,0,0,118,0,0,0,0,81,0,0,0,0,1,37,16,0,0,0,0,0,0,0,0,973,0,0,0,1,0,0,0,0,11,0,0,0,0,0,0,0,0,0,0,0,0,0,0,279,0,1,0,0,1,0,0,0,178,0,0,0,0,0,0,60,4,0,0,0,0,84,3,0,0,0,0,0,0,0,0,0,0,0,6,0,0,0,0,0,0,0,0,0,39,0,18,0,0,0,0,0,0,0,0,0,0,0,14,0,31,0,0,0,0,0,0,0,0,0,0,0,315,51,0,0,0,0,5,0,0,10,0,0,0,0,0,0,0,12,0,0,0,0,0,0,0,136,6,35,0,0,0,2961,1,0,0,0,21,2350,0,0,407,0,0,0,0,0,0,130,11,0,0,0,44,0,0,0,0,96,0
0,0,0,0,0,0,0,0,0,0,0,0,0,0,9,0,0,95,0,0,0,0,0,12,0,274,0,0,1,8,0,0,0,62,0,0,44,0,0,9,0,0,0,0,0,33,0,0,0,27,0,0,0,36,0,0,17,13,0,0,27,0,0,0,0,0,44,1,40,7,0,0,0,0,0,289,0,0,0,1610,0,0,0,0,0,80,0,0,43,0,1,1,1,1481,0,1,0,64,0,0,0,53,0,0,0,0,0,868,13,0,0,0,0,0,0,0,0,69,0,0,19,0,0,0,242,0,1,0,0,0,0,0,0,1,0,0,5,0,0,0,0,0,0,0,0,1,0,0,0,0,0,0,0,0,0,0,0,0,122,89,0,0,0,0,0,0,0,3,0,0,0,0,1,1,0,0,0,55,38,0,0,0,0,0,0,1,0,0,0,0,0,68,1,0,0,1,0,0,0,0,0,39,0,113,1,136,0,1,5,1,0,0,4,0,0,0,0,0,212,0,0,0,0,0,0,0,0,0,0,0,0,0,0,59,0,0,0,0,0,0,0,0,0,0,9,0,0,0,0,0,0,0,0,1,0,7,0,0,0,0,0,0,0,0,2,0,0,0,0,3,0,0,197,0,1,0,0,0,0,2212,0,0,826,2,0,0,0,3,0,58,0,0,0,0,11,0,0,0,0,124,0
0,0,1,70,0,1,2,2,0,0,0,0,0,115,15,0,0,0,0,0,104,9,0,4,0,0,1,0,2,84,0,0,0,1,0,0,1,1,0,0,0,0,0,0,0,0,0,0,0,0,0,0,0,0,0,1,0,0,0,49,0,0,0,3,0,0,257,0,0,96,1,1,9,0,0,0,0,0,0,29,0,2,1,0,0,0,0,0,0,1,0,44,0,28,0,0,0,0,2,0,0,0,0,1,0,0,0,4370,0,0,0,0,0,0,0,0,0,0,50,0,0,0,0,0,0,0,0,0,0,0,3,8,0,0,0,0,0,0,0,0,0,0,0,0,0,0,4,16,0,0,11,0,0,82,0,0,13,0,0,3,0,0,0,0,0,0,0,0,0,0,22,0,1,0,0,0,0,2,174,0,0,0,0,3,1,0,0,0,0,0,0,1,0,0,0,0,0,0,0,3,0,0,0,1,0,27,0,0,0,4,0,0,2,0,3,0,0,1,0,0,1,0,0,0,0,0,0,0,0,0,25,1,0,1116,16,0,9,0,0,0,0,0,0,0,0,0,0,0,0,0,0,2,1,0,0,0,262,0,1,12,0,0,4,4,371,1,0,0,5,38,2,1,194,0,0,0,0,2,1,2029,0,0,1,0,0,0,0,0,3,0,0,3,0,0,0,0,0,0,0,159,0
0,0,0,0,0,0,0,0,0,0,0,0,0,0,4,0,43,0,0,0,0,79,0,0,0,1,0,0,9,42,497,0,0,301,0,0,9,0,0,0,0,0,0,0,0,115,0,0,0,0,0,0,0,0,0,0,0,0,0,0,0,0,0,0,0,0,0,0,0,42,0,0,0,0,0,0,0,0,0,0,0,0,376,0,0,4,0,0,0,0,0,0,12,0,0,0,3,0,0,0,0,0,0,0,0,0,0,473,0,0,0,0,0,316,0,0,0,0,590,0,0,0,105,0,82,0,0,0,0,0,0,0,0,0,0,0,0,0,0,0,0,0,0,0,0,0,0,0,0,7,0,0,0,0,0,0,0,0,0,0,0,0,0,0,0,1,0,0,0,0,0,0,17,0,0,0,0,0,0,0,0,0,0,0,0,0,0,0,0,6,0,233,0,0,0,0,0,0,0,0,0,0,0,0,403,0,0,0,1,0,0,0,0,0,0,0,0,0,429,0,0,0,0,0,0,0,0,0,0,0,0,0,0,0,0,0,0,0,3,0,0,0,0,0,54,0,1,0,0,0,0,0,0,0,0,17,11,0,0,0,0,0,0,0,0,0,0,0,0,9,0,0,1048,0,0,0,0,0,0,3639,0,0,570,0,0,0,0,0,0,0,0,0,0,0,0,0,5,0,0,448,0
0,0,2,0,42,0,0,23,0,0,0,0,8,0,6,0,1,35,0,0,0,1,0,0,0,80,0,0,6,1,121,0,0,1,0,0,1,426,0,0,0,0,6,0,0,11,465,12,0,112,0,2,0,28,3,0,0,50,0,4,55,0,148,0,3,21,1,0,0,0,2,0,0,0,0,18,0,0,0,618,0,0,1,0,9,13,1,0,44,85,0,0,1,1435,32,0,2,0,13,0,0,0,0,0,0,0,0,7,13,41,0,1,0,2,0,30,0,64,1,0,0,57,0,0,7,4,0,591,4,12,75,1,0,0,0,0,147,0,0,1,1,5,0,0,0,0,2,0,0,6,4,44,0,4,0,0,0,0,44,20,7,0,0,1867,0,0,0,0,0,0,1,0,0,0,0,0,0,1,60,1,4,0,0,0,2,0,0,0,0,0,0,19,1,0,0,1,0,4,0,0,0,5,1,0,0,3,1,0,0,8,1,0,28,13,4,0,27,6,1,0,1,0,0,0,0,7,511,0,24,0,6,0,0,85,0,0,0,0,0,1,0,0,0,24,1,29,0,1,0,0,0,2,5,0,1,1,1,0,2,2,1,0,0,3,0,0,0,0,5,1,0,25,25,0,12,0,0,0,1,1902,0,0,13,0,0,0,0,1,8,59,0,0,0,0,4,0,2,0,1,39,0
0,0,0,0,0,6,0,0,0,0,10,0,0,0,9,1,2,2,1,7,1,0,0,24,4,20,0,0,4,147,779,0,0,0,0,0,48,83,0,0,0,0,0,0,0,0,2,5,0,0,6,0,3,0,5,6,0,2,0,171,1,1,0,1,0,0,28,0,0,0,20,1,3,6,0,133,1,0,0,0,0,0,299,0,2,0,0,20,0,0,0,5,349,2,0,0,0,1,0,0,0,7,15,1,1,1,0,3762,0,0,0,0,0,4,0,23,8,0,27,1,0,0,0,2,60,0,0,0,0,142,1,5,0,0,0,99,12,0,0,0,68,0,0,0,0,0,3,3,4,0,3,0,0,38,1,0,0,2,0,52,0,0,0,0,0,0,2,0,0,0,0,0,2,0,0,0,4,8,0,5,0,0,0,3,0,0,0,0,6,5,0,0,1,0,288,1,0,0,0,193,0,0,0,128,0,44,1,0,0,33,0,0,0,6,0,0,260,8,882,0,0,36,0,0,0,0,0,0,18,0,32,1,1,90,0,0,7,0,0,0,0,0,90,0,185,0,0,0,0,0,0,1,41,0,16,6,2,0,1,19,4,0,0,2,0,0,0,0,3,174,9,26,255,1,0,0,0,0,18,10,2,7,140,0,0,0,0,1,0,0,83,2,1,0,202,0,0,0,0,74,0
1,0,0,0,0,0,1,0,0,0,0,0,0,0,48,0,1,0,0,22,0,0,0,0,0,4061,0,0,0,15,0,0,0,36,0,0,0,1,0,0,0,0,0,0,0,316,0,0,0,0,0,0,0,0,2,0,0,2,0,0,0,0,0,0,0,0,0,0,2,0,0,0,0,0,0,0,0,0,0,0,0,0,1,0,0,0,0,0,0,37,495,52,11,0,0,0,0,0,9,0,0,484,0,0,0,0,0,290,0,0,0,0,0,0,0,0,0,0,21,0,0,0,0,0,358,0,43,0,0,0,6,0,0,0,0,28,1131,0,0,1,19,0,0,0,0,0,0,0,0,0,0,0,0,0,0,0,0,0,0,0,0,0,0,0,0,0,0,0,0,3,0,0,3,0,0,0,0,0,0,0,0,0,0,0,1,0,0,0,0,0,0,38,0,0,0,1,0,0,0,0,0,5,0,0,0,0,0,0,0,0,0,0,0,0,0,0,0,0,0,0,0,0,0,0,0,0,0,0,0,0,0,0,0,0,11,0,0,0,0,16,0,0,0,0,0,0,1,0,0,0,0,0,0,0,0,0,0,0,0,0,0,0,0,0,0,0,0,0,0,2,11,0,0,0,0,0,0,0,21,2301,0,0,87,0,0,6,0,0,1,0,0,0,0,0,0,0,0,0,0,0,0
0,1,0,0,0,0,1,0,0,0,0,0,0,0,3,0,0,0,0,1,0,0,0,0,0,5916,0,0,4,0,75,0,0,84,0,0,0,260,2,0,1,0,0,0,0,80,0,0,0,0,0,0,0,0,7,0,0,0,0,0,0,0,0,0,0,0,81,0,0,0,0,0,0,0,0,0,0,0,0,0,1,6,6,0,0,0,834,0,0,0,0,0,0,0,19,0,0,0,2,0,0,0,0,0,0,4,117,76,0,0,0,28,0,74,0,0,0,0,491,1,2,0,0,2,240,0,0,28,0,0,25,0,0,0,0,0,45,0,0,0,36,0,0,0,0,0,1,0,0,0,12,2,0,3,0,0,0,0,16,0,0,0,0,0,0,0,0,0,0,0,0,0,0,0,0,0,0,0,44,0,0,0,0,0,0,0,0,0,0,0,0,166,2,0,3,0,0,0,0,0,0,0,0,1,0,15,7,0,0,1,0,0,0,0,0,0,0,3,0,0,52,15,0,0,0,0,78,0,44,0,48,0,0,127,0,0,0,0,0,2,0,0,0,17,7,0,0,0,0,0,0,0,0,1,0,7,0,0,0,0,1,0,0,0,0,3,0,0,0,27,5,0,153,0,65,0,0,0,0,352,0,0,157,0,0,0,0,0,0,6,0,2,0,0,0,0,6,0,0,0,0
1,0,0,0,0,0,0,17,0,0,0,0,19,42,0,0,0,0,0,0,0,0,0,0,0,1600,0,23,0,1,4,0,0,95,0,0,0,38,0,0,0,0,0,0,34,0,0,0,0,0,0,0,0,0,5,0,0,17,0,61,63,0,0,0,0,0,0,0,5,86,0,0,0,0,0,205,0,5,0,461,0,0,0,0,0,0,0,0,52,68,0,1,0,2220,0,0,0,0,0,0,0,21,0,0,0,0,0,1,0,3,0,0,0,0,0,0,0,22,23,0,0,0,0,273,3,0,51,0,0,0,0,1,0,0,0,0,45,0,1,0,0,0,2,0,0,0,0,0,0,0,0,0,0,204,0,0,0,3,0,3,0,0,0,0,0,0,0,0,0,0,1,0,0,0,0,1,0,0,187,0,0,0,0,0,0,0,0,0,0,6,0,193,0,0,0,0,0,0,0,0,0,0,1,0,251,0,0,0,1,0,0,0,0,4,0,0,184,0,106,115,0,49,0,0,0,0,0,0,69,0,0,0,0,380,0,0,0,0,0,0,0,0,601,0,3,0,0,0,0,0,353,0,0,0,0,0,0,0,0,1,0,0,0,2,0,0,0,0,19,110,0,0,348,0,0,0,0,0,3,1177,0,0,6,0,0,0,4,0,0,9,0,0,0,5,0,0,21,0,0,19,0
0,0,0,0,0,1,1,0,0,0,0,0,0,31,14,0,0,0,0,0,0,38,0,0,2,3757,0,0,14,0,0,0,0,0,0,0,27,0,0,0,0,0,0,0,0,0,0,1,0,0,0,0,0,2,0,1,0,0,0,6,0,0,1,5,0,0,29,0,0,0,0,0,2,3,0,0,0,0,0,1,0,0,0,0,0,7,0,1,0,0,0,0,3,0,0,0,1,0,0,0,0,0,13,0,0,0,0,1828,0,0,0,0,0,0,0,0,0,0,44,0,0,0,0,0,0,0,0,0,0,0,0,41,0,0,0,0,246,0,0,0,220,0,0,0,0,0,12,0,0,0,0,0,0,3,0,0,0,0,0,0,0,0,0,0,0,0,0,0,0,125,0,0,1,0,0,0,1,2,0,1,0,0,0,0,0,0,0,0,0,0,0,0,2,0,31,0,0,0,0,0,0,0,0,0,0,45,0,0,0,0,1,0,0,0,0,1,71,0,1,0,1,22,0,0,0,0,0,0,0,0,0,0,0,362,0,0,3,0,0,19,0,0,0,0,0,0,0,0,0,0,0,0,3,0,0,10,82,0,0,0,5,0,0,0,0,1,0,0,1,7,3,0,151,0,0,0,0,0,11,2391,0,0,25,0,0,0,0,4,0,0,0,0,0,0,98,0,3,0,0,168,0
0,0,0,0,0,0,10,0,0,0,0,0,5,0,974,0,0,0,0,0,0,0,0,3,0,374,0,0,8,0,0,0,2,18,0,0,1,0,0,0,0,0,0,0,0,0,0,0,0,0,0,0,0,0,0,0,1,0,0,0,0,1,1,0,0,0,6,0,0,0,0,0,1,1,0,0,0,0,0,1,0,0,0,0,0,1,1,0,3,13,0,4,295,0,0,12,0,0,5,0,0,0,0,0,1,0,0,209,0,0,0,0,0,3,1,0,0,1,0,0,0,0,0,1,1,0,0,0,0,0,0,1,0,0,0,0,12,0,0,0,3,0,0,0,0,0,0,0,0,24,1,0,0,0,0,0,0,0,0,0,0,0,0,0,0,0,0,0,0,0,0,0,28,0,0,0,0,0,0,0,0,0,0,0,0,0,0,0,0,0,0,0,1,5,0,0,0,0,0,0,0,0,0,0,0,1,0,0,1,2,0,0,0,0,1,1,0,0,1,0,0,0,0,0,0,37,0,0,5,0,0,0,0,0,0,0,0,0,0,0,0,14,0,0,0,0,0,0,0,0,1,0,0,0,1,0,0,0,0,0,1,0,0,0,0,0,0,0,0,7813,0,0,74,0,0,0,0,8,1,0,0,0,2,1,0,0,0,0,0,0,0,0,0,0,5,0,2,0,0,3,0
0,0,0,4,0,0,0,185,0,0,0,0,0,0,0,0,0,0,0,0,0,80,0,1,0,0,0,0,16,5,128,0,0,0,0,0,6,62,0,0,2,2,0,0,0,0,0,0,0,0,0,0,0,0,66,0,0,0,0,0,0,0,0,0,0,0,85,0,0,0,0,0,0,0,0,3,0,0,0,0,0,42,27,0,217,0,2,0,0,37,0,3,0,0,0,0,0,0,0,0,0,0,0,0,0,10,0,83,0,0,0,0,0,102,1,0,0,3,153,0,0,0,0,0,91,67,0,0,0,0,0,141,0,0,70,0,28,4,0,0,21,0,0,0,0,0,0,18,0,0,25,0,0,57,0,0,0,0,0,107,0,4,0,0,0,0,0,0,0,0,16,0,0,1,0,0,0,0,140,0,0,0,0,0,33,0,0,0,0,0,217,95,0,0,0,0,0,51,0,0,0,0,0,118,531,9,0,0,3,0,0,0,0,0,9,2,59,0,0,0,0,0,0,0,0,0,616,0,0,0,0,0,0,151,0,0,0,0,0,989,0,0,0,0,3,14,0,0,0,0,0,4,0,0,0,0,8,7,25,0,0,0,0,8,2,0,0,0,0,365,0,0,383,0,0,0,0,0,3,3803,0,0,324,0,0,0,0,0,0,41,0,0,0,0,7,0,4,0,0,0,0
0,1,0,0,0,0,1,25,0,0,0,0,0,131,2,0,0,0,0,0,0,34,0,4,0,1830,0,0,73,1,69,0,0,34,0,0,5,0,0,0,0,0,0,187,0,127,0,0,0,0,0,0,0,0,3,0,0,0,0,155,1,57,0,0,0,0,0,0,0,0,0,0,0,97,0,0,0,0,0,164,0,0,0,0,54,0,86,0,0,249,0,0,5,0,0,0,0,0,0,0,0,0,0,0,0,0,211,252,0,0,0,0,0,42,0,0,0,0,63,0,0,0,0,0,86,0,0,0,0,0,39,0,0,0,0,0,51,0,0,0,0,0,0,0,93,0,14,0,0,0,20,30,0,3,0,0,0,0,0,70,0,0,0,2874,0,0,0,0,0,0,0,0,0,0,0,0,4,72,72,0,0,0,0,0,0,0,0,0,0,0,0,29,0,0,0,0,0,0,1,0,0,0,1,0,0,0,5,0,0,0,3,0,0,0,3,0,0,0,38,24,0,44,0,0,0,0,0,0,72,0,269,0,0,1752,0,0,0,0,0,0,0,0,0,0,0,0,0,0,0,0,0,6,14,0,0,0,0,0,1,4,0,0,1,13,0,0,0,0,0,0,0,28,0,0,0,0,0,0,0,0,0,0,206,0,0,0,0,0,0,63,0,0,0,0,0,20,3,0,0,12,0
0,0,2,0,0,0,0,10,372,0,0,0,0,1,9,0,0,59,0,0,0,6,0,595,15,133,0,0,0,50,212,0,0,0,1,0,33,412,0,0,0,0,0,9,83,10,27,35,0,10,0,0,0,22,0,1,0,12,0,25,22,0,5,0,1,13,171,0,0,108,5,0,0,1,0,0,0,2,0,575,0,0,0,0,1,24,334,0,27,82,71,1,0,606,0,0,1,0,16,0,0,0,0,1,0,0,29,187,8,27,0,0,0,25,0,1,0,12,42,0,0,0,0,0,44,8,1,0,0,1,0,1,0,1,0,0,393,0,0,0,0,0,0,0,0,0,28,0,0,2,4,5,0,0,1,0,0,0,4,43,0,0,0,0,0,1,0,0,0,1,22,0,0,0,0,0,0,4,134,0,20,0,0,0,0,0,0,0,0,0,0,266,3,0,0,0,0,2,0,0,0,0,1289,15,854,96,0,0,1,54,0,0,3,1,18,5,22,11,92,0,0,7,0,0,1,0,0,0,42,0,46,0,0,702,0,0,21,0,1,0,0,0,0,1,0,0,0,0,0,0,1,4,6,0,62,47,2,0,52,0,1,7,0,0,0,0,0,20,8,2,0,0,21,1,0,0,1,0,19,11,0,0,498,0,0,0,0,3,6,50,0,0,0,0,7,18,191,0,0,159,0
0,0,2,0,0,20,0,13,0,1,11,0,4,0,40,0,0,88,0,1,8,1,0,0,21,1341,0,0,0,50,4,0,1,11,0,0,55,141,0,0,0,0,38,30,26,34,94,35,0,26,3,0,0,30,3,4,0,13,0,2,70,1,5,12,1,0,164,0,27,0,1,0,0,5,149,228,0,0,0,203,0,192,51,0,1,150,153,0,0,58,0,3,0,1296,0,0,0,0,11,0,0,0,0,4,0,0,1,139,31,38,0,25,0,10,0,0,0,274,206,0,0,0,0,0,72,4,119,0,261,17,22,1,28,0,0,0,0,0,0,0,19,3,0,0,40,0,19,2,0,0,13,1,0,9,0,0,25,0,58,36,0,0,0,0,0,0,0,3,0,0,0,0,0,0,0,0,0,5,151,1,0,0,0,0,38,0,0,0,0,0,0,295,1,0,0,0,0,1,1,0,0,0,0,0,0,6,4,0,1,0,0,0,0,8,2,0,1,5,253,0,0,0,0,0,0,0,18,0,7,0,52,0,0,42,0,0,0,0,0,0,0,0,0,0,0,0,0,0,1,0,0,1,2,0,37,72,16,0,4,58,1,0,0,4,0,1,0,0,82,17,0,4,92,0,0,0,0,0,12,1852,2,0,171,0,0,0,0,0,23,43,0,8,0,0,7,0,18,18,0,158,0
36,0,0,0,0,0,0,0,0,0,4,0,1,0,1,0,0,0,0,0,0,0,0,2,0,5232,0,0,6,2,6,0,0,25,0,0,2,49,0,0,0,0,0,0,0,0,92,0,0,0,0,0,0,0,0,0,0,0,0,0,1,0,2,0,0,0,0,0,0,0,0,1,0,0,0,3,4,0,0,21,0,0,0,0,26,5,4,0,0,1,0,3,0,0,0,0,0,0,31,0,0,0,0,0,0,0,0,895,0,0,0,0,0,0,0,0,0,0,0,0,0,0,0,1,10,0,0,0,0,0,0,59,0,0,0,0,3,0,0,0,0,0,0,0,0,0,0,0,0,0,16,0,0,0,0,0,0,0,0,0,0,0,0,0,0,0,0,0,0,0,0,0,0,0,0,0,0,0,0,1,0,0,0,0,0,0,0,0,0,0,0,6,2,19,0,3,0,0,0,0,0,0,0,0,1,21,2,0,4,2,0,0,0,2,6,0,44,0,102,0,67,0,0,0,0,0,0,0,0,0,69,0,0,328,0,0,0,0,0,3,0,0,0,0,0,0,0,0,0,0,8,0,0,1,5,23,0,1,3,0,0,0,0,11,0,2,0,0,0,0,59,13,1016,0,0,0,0,0,2,1502,0,0,74,0,0,0,0,0,0,0,0,0,1,0,0,0,2,0,0,57,0
0,7,0,0,0,0,2,31,0,0,0,0,0,0,9,0,5,0,0,0,64,80,0,29,0,3,3,0,72,19,215,0,0,70,0,0,8,246,1,0,1,0,0,246,0,0,0,19,6,0,0,0,0,0,227,0,0,4,0,40,4,0,0,0,0,0,25,0,0,0,16,1,0,12,0,0,0,0,0,0,0,55,0,0,0,1,5,0,0,64,0,1,53,0,0,0,0,0,45,0,0,0,0,0,5,0,415,474,0,0,0,0,0,84,0,4,0,13,257,0,0,0,0,1,107,0,0,0,0,0,0,13,0,2,0,0,13,0,0,0,2,0,0,0,0,0,22,18,0,0,50,18,0,2,0,0,0,0,0,214,0,0,0,0,0,0,0,0,3,0,0,0,0,0,0,0,10,139,107,27,0,0,0,0,0,0,0,0,0,0,0,51,4,3,0,0,0,9,0,0,0,0,0,0,0,5,26,0,0,42,14,0,0,0,21,4,57,321,299,0,53,0,0,0,0,11,0,0,64,0,175,0,0,750,0,0,4,0,0,3,0,0,0,0,0,19,0,0,0,0,0,12,123,0,0,134,0,0,9,5,12,0,0,5,0,0,0,0,0,166,0,0,452,0,82,0,0,0,41,1722,2,0,1321,0,0,0,0,0,0,95,0,0,0,0,25,0,13,0,0,158,0
0,2,0,0,0,18,0,0,0,0,0,0,3,0,17,0,1,24,22,0,84,18,0,0,0,68,0,0,0,2,70,0,0,5,0,0,0,278,0,0,0,0,0,0,0,0,0,24,0,0,1,0,69,12,0,0,0,0,0,11,35,0,0,0,0,179,294,0,139,196,16,0,0,11,5,54,0,0,0,678,0,17,6,0,188,88,0,0,0,0,0,0,0,517,0,0,0,0,0,0,0,111,0,14,0,0,0,31,0,0,0,0,0,1,0,0,0,0,13,13,0,0,0,0,0,0,91,0,2,31,0,14,0,0,15,4,0,0,0,0,0,0,0,3,0,0,13,0,1,0,3,6,0,1,0,0,0,0,0,76,0,2,0,0,0,0,0,0,1,0,0,0,2666,0,0,0,0,113,328,1,0,0,20,2,18,0,0,0,0,0,14,43,0,3,0,0,0,0,1,84,0,0,0,93,0,27,1,0,0,0,0,0,0,0,8,0,187,118,0,0,8,0,0,0,0,0,0,5,47,0,276,0,0,901,0,0,1,0,0,1,0,0,61,0,5,1,0,0,0,0,0,0,0,0,0,0,3,0,4,0,0,0,8,2,2,0,0,0,0,69,0,53,15,1,0,0,0,1,0,747,0,0,255,0,0,0,0,0,27,54,1,0,7,16,0,21,0,0,0,88,0
0,0,0,0,0,16,0,7,1,2,0,0,4,18,26,0,0,7,33,9,38,8,0,0,0,1019,0,0,0,3,36,1,0,64,0,0,1,248,0,0,0,0,0,73,0,194,0,17,0,16,1,1,0,29,88,0,0,8,0,20,38,1,0,0,1,94,58,4,0,128,12,0,0,6,0,1,0,13,0,291,0,0,0,0,4,0,944,0,82,61,0,1,0,997,43,0,0,0,36,8,0,0,0,0,7,0,42,1,0,29,0,0,0,6,0,0,0,0,30,0,0,12,0,0,0,22,0,0,1,143,281,1,0,0,0,0,0,0,0,0,0,0,0,0,60,0,15,0,0,0,4,24,0,6,0,1,0,0,0,33,0,0,0,1392,0,0,0,0,0,0,5,0,9,0,0,0,0,192,81,0,72,0,3,2,22,0,0,0,0,0,0,66,4,0,0,0,0,0,0,0,0,0,0,12,0,3,2,17,0,9,0,78,16,15,21,0,47,124,39,7,14,21,0,0,0,0,0,0,72,0,147,0,0,277,0,0,4,0,0,0,2,0,0,0,0,0,0,0,0,9,101,1,18,0,8,26,2,0,6,242,0,0,0,6,0,0,0,0,0,80,0,4,9,0,0,0,7,7,42,350,0,0,455,0,0,0,0,0,10,89,0,0,0,0,101,20,22,0,0,86,0
0,0,0,4,0,0,0,0,0,0,0,0,2,0,16,0,0,18,28,0,0,12,0,0,0,1481,0,0,0,1,2,6,1,71,0,0,5,101,0,0,0,0,0,14,18,7,0,0,2,0,0,0,0,0,0,0,13,11,0,0,15,0,0,0,0,43,16,0,2,0,0,0,0,34,4,0,0,0,0,1146,0,0,0,0,0,53,0,0,41,396,0,0,1,1016,0,0,0,0,0,0,0,0,0,2,0,0,0,3,0,2,0,0,0,18,0,0,0,54,0,0,16,0,0,0,339,0,15,0,0,13,0,39,0,0,0,0,0,0,0,1,0,0,0,1,0,0,5,0,0,13,0,0,0,0,0,0,0,0,0,0,0,0,0,0,0,0,0,0,0,0,0,0,1,0,0,0,0,0,363,1,0,0,0,0,0,0,0,0,0,0,0,46,0,0,0,0,0,0,0,0,0,0,0,1,0,45,0,0,1,0,0,0,0,0,18,0,0,0,1,0,0,0,0,0,0,0,0,0,44,0,280,0,0,420,0,0,0,0,0,0,0,14,0,0,0,0,1,0,0,0,0,0,0,0,1,4,0,0,0,17,0,0,0,0,1,0,0,0,0,35,0,0,36,0,0,0,0,2,0,2964,0,0,130,0,0,0,0,0,0,0,0,0,0,0,217,0,81,0,0,176,0
0,0,0,0,0,0,0,0,0,0,0,0,0,1,4,0,0,0,0,0,0,33,0,0,0,2575,0,0,1,1,100,0,0,120,0,0,13,0,0,0,0,0,0,0,0,85,0,0,0,0,1,0,0,0,0,0,0,0,0,0,0,0,0,0,0,0,11,0,0,73,0,0,1,0,0,1,2,0,0,0,0,0,262,0,0,0,0,0,0,0,0,1,1,0,0,1,0,0,0,0,0,0,0,0,0,0,0,2711,0,0,0,0,0,63,1,0,0,0,77,1,0,0,0,0,0,0,0,0,0,0,0,0,0,3,0,0,0,0,0,0,0,0,0,0,0,0,11,0,0,0,0,0,0,5,0,0,0,0,0,17,0,0,0,0,0,0,0,0,0,0,0,5,0,0,0,0,0,0,0,0,0,0,0,0,0,0,0,0,0,10,0,64,0,0,0,0,1,0,0,0,0,0,0,0,0,3,0,0,0,0,0,0,0,0,0,0,0,0,9,0,60,0,0,0,0,0,0,0,103,0,0,0,0,0,0,0,0,0,0,0,0,0,0,0,0,0,0,0,0,0,0,0,0,0,0,4,0,0,0,0,0,0,9,7,0,0,0,0,0,1,1,0,463,0,1,0,0,0,0,2786,0,0,208,0,0,0,0,0,0,0,0,0,0,0,0,0,0,0,0,96,0
0,0,2,0,0,0,32,5,0,0,0,0,2,5,418,12,25,1,0,0,9,1,0,0,1,0,0,13,0,0,5,0,0,117,0,0,42,1,0,0,1,0,0,0,0,1,0,1,0,0,7,0,0,0,0,2,0,0,0,15,0,0,0,55,0,2,1,0,1,0,4,0,0,20,2,0,0,0,0,1,0,1,0,0,42,4,0,0,0,52,0,19,572,0,0,0,0,0,6,0,0,0,0,0,1,1,0,2848,0,0,0,0,0,17,0,3,0,5,1,0,0,0,4,0,217,0,8,0,0,2,0,0,0,8,6,0,223,0,0,0,915,0,0,0,0,0,3,0,1,0,6,0,83,41,0,0,0,0,0,0,0,0,0,0,0,0,0,0,2,2,11,166,0,1,35,0,0,1,1,1,0,0,0,0,1,24,0,0,0,0,14,41,1,14,1,0,23,0,0,0,0,0,0,0,0,44,0,0,10,0,0,0,0,0,0,1,6,1,248,0,0,0,0,3,1,0,0,0,40,1,252,0,0,1733,0,2,1,0,3,0,0,0,230,0,243,166,0,2,0,0,105,1,10,0,15,3,25,0,1,0,1,0,0,0,0,0,0,0,2,0,0,0,246,1,4,0,2,1,1,0,0,0,2,7,0,29,0,0,3,0,0,0,0,0,163,1,152,0,0,3,0
0,0,0,0,0,0,1,0,0,0,0,0,0,0,37,0,0,0,0,0,118,0,0,0,0,3,0,0,20,19,0,0,0,0,0,0,21,0,0,0,0,0,0,0,0,90,0,0,0,0,23,0,0,0,0,0,0,0,0,0,0,0,0,0,0,0,302,4,0,0,0,0,0,0,0,117,0,0,0,76,2,0,0,0,1006,0,4,0,0,49,0,3,2,0,0,0,0,0,0,0,0,1,0,0,9,0,216,1065,0,0,0,0,0,292,0,2,0,0,171,11,0,0,0,1,1,0,0,0,0,0,0,356,0,0,0,0,7,0,0,0,10,0,0,0,0,0,0,1,0,0,3,5,0,0,0,0,0,0,0,0,0,0,0,0,0,0,0,0,0,0,0,0,0,0,0,0,0,0,0,0,0,0,0,0,0,0,0,0,0,0,0,208,1,0,0,0,0,0,0,0,0,0,0,0,0,9,15,0,0,3,0,0,0,0,0,0,142,0,251,0,0,0,0,0,0,0,0,0,0,0,146,0,0,177,0,0,0,0,0,0,0,0,0,0,0,0,0,1,0,0,175,0,0,1,0,7,5,0,0,11,0,0,0,0,1,0,0,0,0,813,0,50,101,0,0,0,8,0,0,3779,0,0,0,0,0,0,0,0,0,0,0,0,0,0,0,0,39,0,0,2,5
0,0,0,0,0,0,5,0,0,0,0,0,0,0,104,0,0,0,0,0,0,0,2,13,0,3712,0,0,52,0,0,0,0,175,0,0,0,262,0,0,0,0,0,0,0,0,0,0,0,0,29,0,0,0,0,0,3,4,0,0,0,0,0,0,0,0,58,0,4,0,0,0,0,0,0,3,0,0,2,0,0,0,0,0,0,3,0,0,0,0,0,24,1497,0,0,0,0,0,0,0,0,69,0,0,0,0,0,232,0,0,0,0,0,0,0,0,0,0,45,17,0,0,0,1,1315,0,0,0,0,0,0,0,0,0,0,120,0,0,0,0,28,0,0,0,0,0,0,0,0,0,0,0,0,0,0,0,0,0,0,203,0,0,0,0,0,0,0,0,0,0,0,0,1,0,0,0,0,6,0,0,0,0,0,0,0,0,0,0,0,0,0,96,18,0,0,5,0,0,0,0,0,0,0,0,0,0,0,0,0,0,0,0,0,0,0,0,0,0,2,0,0,0,0,0,0,0,0,0,0,0,0,0,0,0,0,0,0,0,0,0,0,3,0,0,0,0,0,0,0,0,0,0,0,0,0,0,0,0,0,0,0,0,0,0,0,0,0,0,0,530,0,0,42,0,0,0,0,0,0,533,0,0,737,0,0,0,0,0,0,0,0,0,0,0,0,0,0,0,0,44,0
0,0,2,0,0,17,0,6,0,0,1,0,2,35,21,0,0,32,15,0,21,8,0,0,0,288,0,0,0,1,43,0,0,12,0,0,1,0,0,0,0,0,0,36,0,19,0,0,0,83,1,0,0,14,9,1,0,10,1,2,20,0,7,0,0,58,26,0,7,3,1,0,0,1,0,325,0,0,0,212,0,7,0,0,1,17,0,0,88,180,0,10,1,1260,0,0,0,0,0,0,0,0,0,0,0,0,0,1,0,0,0,176,0,21,0,1,0,28,6,0,16,0,0,13,5,0,2,0,2,0,0,4,0,0,0,0,0,0,0,0,0,0,0,1,0,0,3,0,2,0,4,30,6,4,0,0,0,0,0,16,0,0,0,0,0,0,0,2,1,0,0,0,59,0,0,0,3,1,36,1,0,0,16,0,1,0,0,0,0,0,1,35,2,0,0,0,0,0,0,0,0,0,264,894,0,0,0,0,0,211,0,0,0,0,3,0,0,0,0,0,0,0,0,0,0,0,0,0,90,0,11,0,0,551,0,0,3,0,0,1,0,0,0,0,1,0,0,0,0,0,60,0,0,0,1,0,1,0,0,0,0,0,0,1,1,0,0,0,0,3852,0,0,122,3,20,0,0,0,0,177,0,0,296,0,0,0,0,0,1,25,0,0,0,0,5,2,1,0,0,12,0
0,0,0,0,0,0,0,0,0,0,0,0,2,93,2,0,1,22,0,0,0,14,0,0,0,1,0,0,5,1,133,0,0,8,0,0,7,112,0,0,0,0,0,0,0,27,0,66,0,0,0,0,0,6,0,13,15,16,1,56,48,0,0,0,71,10,8,0,0,205,3,0,0,5,0,0,0,4,0,635,0,76,31,0,4,14,10,0,0,118,0,0,0,769,0,0,0,0,44,0,0,0,0,0,0,0,0,138,0,70,0,0,0,24,0,0,0,0,10,0,6,0,0,0,8,4,0,0,1,0,0,6,0,0,0,0,0,0,0,0,10,0,6,2,0,122,7,0,0,15,12,0,0,15,1,0,1,0,0,113,0,0,0,3623,0,0,0,0,0,0,12,0,0,0,4,0,0,11,158,1,0,0,0,11,10,0,0,0,0,0,2,54,0,1,0,0,0,3,1,0,0,0,0,138,0,11,0,0,1,0,10,0,0,10,17,1,75,9,17,0,0,32,0,0,0,0,0,0,17,0,115,0,0,58,0,0,1,0,0,0,0,0,0,0,5,95,0,0,0,0,0,6,11,0,38,2,7,0,9,0,9,0,0,2,0,0,0,0,0,1,0,37,324,0,0,0,0,1,65,971,0,0,460,0,0,0,0,0,27,126,0,0,0,0,130,0,2,0,0,12,36
0,0,0,0,0,0,1,0,0,0,0,0,0,0,1,0,0,0,0,0,0,36,0,0,0,2952,0,0,8,0,135,0,0,64,0,0,0,90,0,0,0,0,0,10,0,201,0,0,0,0,0,0,0,0,0,0,0,0,0,0,0,5,0,0,0,0,676,0,103,0,0,0,0,0,0,0,0,0,0,197,0,0,0,0,0,0,363,0,0,0,0,0,0,0,0,1,0,0,18,0,0,0,0,0,0,0,0,1166,0,0,0,0,0,32,0,0,0,0,462,0,0,0,0,0,45,0,0,0,0,0,0,130,0,0,0,27,7,0,0,0,0,0,0,0,0,0,0,0,0,0,3,0,0,0,0,0,0,0,0,7,1,0,0,1,0,0,0,0,0,0,4,0,17,0,0,0,0,76,120,0,0,0,0,0,0,0,0,0,0,0,0,33,0,0,0,0,0,0,0,0,0,0,0,0,1034,0,0,0,1,0,0,0,0,0,17,0,114,16,0,0,0,0,0,0,0,0,0,0,26,0,170,0,0,201,0,0,0,0,0,0,0,0,0,0,101,0,0,0,0,0,0,0,0,0,0,0,0,0,0,0,0,0,0,0,0,0,0,0,0,30,0,0,63,0,0,0,0,0,1,1025,0,0,84,0,0,0,0,0,15,41,0,0,0,0,0,0,2,0,0,68,0
0,0,0,0,11,0,0,0,0,0,0,0,0,0,84,0,0,9,0,0,2,71,0,0,8,1746,0,0,17,3,3,0,0,114,0,0,1,0,0,0,0,11,0,37,23,38,37,29,0,0,0,0,0,5,2,0,0,24,0,68,34,0,0,0,0,5,0,0,4,0,3,0,2,4,692,0,2,0,0,790,7,8,0,0,1,0,0,0,37,51,0,1,1,1280,0,0,1,0,0,0,0,0,0,24,45,0,0,7,0,0,0,8,0,6,0,0,0,26,136,0,0,0,0,1,4,0,38,49,0,10,0,12,0,0,0,12,520,0,0,0,0,0,0,0,0,0,0,1,0,0,4,0,0,0,0,0,0,0,99,289,0,0,0,0,0,0,0,0,0,0,0,0,0,0,0,0,6,111,133,0,0,0,0,0,0,0,0,0,0,0,0,28,0,0,0,0,0,0,0,0,0,0,0,167,0,0,0,0,0,13,0,0,0,0,0,0,55,29,0,0,0,58,0,0,0,0,59,0,31,0,0,0,0,1299,0,0,0,0,0,0,0,0,0,0,0,0,0,0,0,0,0,0,0,0,111,0,0,0,0,130,0,0,0,34,5,0,0,0,0,15,0,0,279,0,1,0,0,0,0,2,0,0,708,0,0,0,0,0,0,7,0,0,0,0,56,0,0,13,0,97,0
0,1,1,0,0,2,0,0,0,1,15,2,0,0,0,0,16,1,1,0,1,26,0,0,0,296,0,0,0,0,170,0,0,40,4,0,13,523,0,0,1,0,0,0,0,169,2,3,0,0,0,0,0,0,0,2,0,0,0,21,4,0,0,1,0,3,170,0,0,0,19,0,0,0,515,144,0,0,0,61,20,1,0,0,0,6,2,0,0,0,0,11,0,0,0,0,0,0,0,0,7,0,0,32,16,1,0,893,0,86,0,0,0,91,0,12,0,1,50,0,1,0,0,2,0,30,0,0,23,218,0,0,0,3,0,0,0,0,0,0,0,0,0,0,9,0,30,0,0,0,7,0,7,9,0,0,0,0,0,93,0,0,0,0,0,0,5,0,0,0,2,0,0,0,0,0,0,59,693,1,0,0,0,0,1,0,0,0,0,0,8,60,1,0,402,0,0,3,1,0,0,0,0,3,0,5,21,0,0,0,0,0,0,0,4,1,55,73,0,23,84,0,37,12,1,0,0,0,0,42,61,1,1,196,0,5,4,0,0,40,0,0,0,0,1,0,0,2,3,25,0,2,21,0,23,3,1,0,4,3,1,0,0,5,0,0,0,0,397,48,8,0,555,0,0,0,0,12,0,2600,0,0,243,0,0,0,0,0,152,13,0,0,0,0,0,10,0,0,0,79,0
0,0,0,0,0,0,0,0,0,0,0,0,0,0,21,0,0,43,0,0,0,0,0,0,0,2597,0,0,0,0,17,9,0,29,0,0,0,0,0,0,0,0,0,0,175,0,0,0,0,30,0,0,0,18,0,0,0,16,10,0,0,0,0,0,0,40,53,1,0,101,0,0,0,0,6,0,0,0,0,352,0,0,0,0,0,0,0,0,54,0,0,0,0,1753,0,0,7,89,17,0,0,0,0,29,12,0,0,1,88,34,0,0,0,0,0,0,0,73,0,1,0,22,0,0,0,14,0,724,0,15,0,0,0,0,0,0,0,0,0,0,0,0,0,0,0,0,0,0,0,0,0,0,0,0,0,0,0,0,19,0,0,0,0,542,0,0,0,0,0,0,0,0,0,1,0,0,0,0,20,0,0,0,0,0,0,0,0,0,0,0,0,117,0,0,0,0,0,0,0,0,26,0,0,0,539,0,0,0,0,0,0,0,22,0,0,0,0,0,0,0,0,0,0,0,0,0,0,0,28,0,0,0,0,727,0,0,0,0,0,0,0,0,0,0,0,2,0,0,0,0,0,0,0,0,0,0,0,0,0,0,0,0,0,0,0,0,0,0,0,23,0,0,861,0,0,0,0,0,0,10,0,0,546,0,0,0,0,0,0,0,0,0,0,0,8,0,3,0,0,56,0
0,0,0,0,0,22,0,0,0,0,0,0,7,5,48,0,0,33,0,0,0,16,0,0,0,12,0,0,17,0,0,1,0,21,0,0,1,40,0,0,0,0,0,0,0,63,0,0,0,0,0,0,0,0,0,0,0,0,0,236,38,0,4,1,0,0,141,0,4,479,0,0,11,0,0,1,0,0,0,2575,0,28,112,0,0,0,0,1,51,0,0,0,1,1361,5,1,0,69,0,0,0,0,0,6,0,0,0,606,221,281,0,2,0,0,0,0,0,44,27,1,0,0,0,0,1,0,0,562,0,0,0,26,0,1,0,0,0,0,0,4,0,0,0,0,7,0,97,0,0,0,10,31,1,0,0,0,0,0,0,0,0,0,0,0,0,0,0,0,0,0,0,0,1,0,0,1,0,0,95,0,0,0,0,0,0,0,0,0,0,0,0,11,1,0,0,0,0,0,0,0,0,0,0,0,0,456,0,1,4,3,0,0,0,0,0,0,298,0,8,0,70,39,0,0,0,0,0,0,17,0,138,1,0,583,0,0,0,0,0,89,0,0,0,0,0,0,0,0,0,0,10,0,0,0,0,0,31,0,0,0,0,0,42,19,35,0,0,0,0,13,0,0,196,0,0,0,0,10,0,221,0,0,51,0,1,1,0,0,29,24,0,0,0,0,0,0,144,0,0,26,0
0,0,0,0,0,0,0,0,0,0,0,0,0,0,3,4,56,0,0,0,0,27,0,0,0,598,1,0,1,7,43,0,0,0,0,0,5,0,1,0,0,0,0,0,0,5,0,0,0,0,1,0,0,0,96,1,0,0,0,292,1,0,1,0,0,0,0,0,0,0,0,0,0,0,0,0,0,0,0,147,0,0,30,0,624,0,0,0,0,22,0,1,39,0,0,0,0,1,0,0,0,18,0,0,0,0,0,2683,0,0,0,0,0,27,0,0,0,0,55,0,0,0,0,4,117,0,0,0,0,0,0,583,0,0,7,0,30,0,0,0,34,0,0,0,0,9,0,1,0,11,18,0,0,0,1,0,0,0,9,0,0,0,0,129,0,0,0,0,0,0,0,0,1,0,0,4,0,15,23,0,0,0,0,0,0,0,9,0,0,0,0,28,0,0,0,0,0,1,0,0,0,0,0,0,1,1,1,0,1,1,0,0,0,2,12,0,15,0,78,0,52,14,0,0,0,0,0,0,30,0,191,0,0,0,0,0,1,0,0,0,0,0,0,0,0,8,1,0,0,0,0,0,0,1,4,0,0,2,0,0,0,0,0,2,0,0,0,0,0,0,0,0,694,0,0,0,4,0,0,2877,0,25,13,0,0,0,0,0,0,22,0,0,0,0,69,9,45,0,0,6,0
0,0,0,103,0,0,2,0,0,0,0,0,0,30,24,0,0,2,0,0,20,4,0,0,0,2317,1,0,23,0,235,0,0,275,3,12,21,198,0,0,0,0,0,0,0,8,0,18,0,0,0,0,0,0,0,0,0,1,0,1,0,1,0,0,0,13,32,0,41,23,2,0,0,11,0,0,0,0,0,13,0,1,136,0,19,168,0,0,0,51,1,0,0,0,0,42,0,0,2,0,0,352,0,0,3,0,4,345,0,19,0,3,0,0,0,0,0,0,205,0,0,0,0,79,109,3,86,0,1,1,0,1,1,0,0,0,81,0,0,0,294,0,0,0,0,0,0,0,0,1,0,0,0,0,9,0,0,29,11,4,0,0,0,2,0,0,0,5,0,0,6,0,54,0,22,56,0,2,67,0,0,0,0,4,10,12,20,0,2,0,1,95,0,0,0,0,0,0,0,0,0,0,0,2,1,381,0,0,0,0,0,0,3,36,17,0,2,5,0,0,2,3,0,20,0,1,0,0,5,20,56,0,0,387,0,0,0,0,3,0,0,0,146,5,5,1,0,0,0,0,0,0,0,0,41,27,9,0,14,0,1,19,0,0,0,0,0,3,0,1752,0,0,67,0,0,0,0,2,1,1,0,0,269,0,0,551,0,0,2,12,94,0,0,0,1,0,0,5,0,178,0
0,0,0,0,0,0,0,16,0,0,0,0,0,0,6,2,3,1,0,1,0,21,0,0,0,2709,0,0,4,11,143,0,0,81,0,0,16,2,0,0,0,0,0,0,0,46,0,1,1,0,0,0,0,0,10,0,0,0,0,312,0,0,0,2,0,0,1,0,0,0,10,0,0,3,0,0,0,0,0,47,0,0,19,0,0,0,1,0,0,37,0,0,0,0,43,0,0,0,11,0,0,0,0,0,0,0,155,1415,0,0,0,0,0,32,0,0,0,0,25,0,0,10,0,1,411,0,0,0,2,0,36,9,0,0,0,0,7,0,0,0,7,0,0,0,0,0,16,0,0,0,8,2,0,3,0,0,0,0,5,37,0,0,0,220,0,0,0,0,0,0,0,0,0,0,0,0,0,4,171,1,0,0,0,0,12,0,0,0,0,0,0,15,1,0,0,0,0,0,0,0,0,0,0,1,0,39,2,0,1,1,0,0,0,3,2,0,62,2,0,4,1,0,0,0,0,2,0,0,54,0,25,0,0,508,0,0,0,0,0,0,0,0,0,1,0,23,0,0,0,0,0,3,10,0,0,35,0,0,2,4,0,0,0,8,0,0,0,0,0,24,0,5,170,1,0,0,0,0,0,2738,0,0,45,0,0,0,0,2,14,12,0,0,0,0,14,0,0,5,0,15,0
0,11,0,0,0,22,0,0,0,2,20,0,0,0,0,0,0,9,48,0,0,3,21,0,0,1,0,0,0,12,1,1,10,3,0,0,0,129,0,0,0,0,0,0,0,8,0,52,0,104,1,0,0,39,13,0,0,0,0,48,86,0,0,4,0,0,16,0,76,314,17,12,0,0,764,28,1,3,0,857,0,0,0,0,0,136,0,0,68,133,0,1,0,1373,5,0,0,0,0,0,0,0,0,26,0,0,0,66,0,12,61,20,0,1,0,0,1,0,0,0,2,0,0,0,2,0,0,87,1,68,0,214,1,0,0,1,0,0,0,0,0,0,0,5,0,0,25,13,1,0,13,2,0,21,0,0,0,0,0,189,0,8,0,210,0,0,1,0,0,0,5,0,0,0,0,0,9,411,52,0,0,0,7,1,57,0,0,0,0,0,0,27,0,0,0,0,1,3,0,335,0,0,0,91,344,10,7,0,0,6,1,0,12,0,8,8,53,87,0,0,0,62,0,0,0,0,0,0,8,3,192,0,0,218,0,0,3,0,0,0,0,0,1,0,0,0,0,0,0,0,0,4,11,0,20,3,7,0,9,5,0,0,4,10,14,0,0,0,25,7,23,0,145,4,0,0,0,0,5,1763,1,1,89,0,0,12,0,0,48,21,0,0,0,6,205,0,0,0,0,43,0
0,0,0,0,11,0,1,0,0,0,0,0,0,0,28,0,0,0,0,0,2,8,0,9,0,167,0,0,243,4,16,0,0,3,0,0,7,2,18,2,0,0,0,1,0,6,0,1,0,0,1,0,0,0,31,0,0,0,0,0,0,0,0,0,0,27,292,0,0,0,6,0,0,0,0,0,0,0,0,1,0,56,186,0,0,14,0,0,0,0,35,0,324,0,0,20,0,0,16,0,0,0,0,0,0,0,0,186,0,0,0,0,0,0,2,0,0,0,129,0,0,0,0,11,89,0,0,0,2,0,4,40,0,0,0,0,1410,0,0,0,49,0,0,0,0,0,0,0,1,7,5,1,0,0,0,0,0,0,0,27,0,0,0,1,0,0,0,0,0,0,1,0,0,0,0,0,0,1,1,0,0,0,0,3,1,0,0,0,0,0,12,388,6,0,0,0,0,10,0,0,0,0,0,222,0,22,0,0,0,0,0,14,0,0,3,0,95,0,93,0,25,4,0,0,0,0,0,0,1,0,0,0,0,870,0,0,21,0,2,26,0,0,0,0,0,0,0,0,0,0,389,0,1,55,15,13,3,0,2,0,13,0,0,0,1,0,0,0,0,134,0,15,1915,0,0,1,0,0,3,1723,0,0,150,0,0,22,0,0,6,0,0,0,0,0,181,3,0,0,0,30,0
0,0,0,0,0,0,0,0,2,1,3,1,6,0,3,0,2,1,1,28,13,1,0,0,0,293,0,0,4,0,311,0,11,532,0,0,26,96,0,0,0,19,0,33,0,14,0,0,0,0,1,0,0,0,0,1,0,0,0,0,0,1,0,0,0,0,12,0,0,1,4,0,0,3,0,0,0,0,0,2,0,4,705,0,2,17,4,3,0,79,0,6,0,0,0,0,0,0,15,0,0,0,0,9,2,2,5,689,0,0,0,5,0,14,0,0,0,0,175,0,0,0,17,29,223,6,0,23,1,289,2,1,0,0,0,0,0,0,0,0,12,0,0,0,0,0,2,0,0,0,16,7,0,4,2,0,0,0,1,79,0,0,0,0,0,0,0,0,0,0,0,0,0,0,0,0,0,5,96,1,0,0,0,0,32,0,0,15,0,0,0,56,0,0,0,0,0,0,0,0,0,0,0,3,0,15,11,0,0,9,0,0,1,13,5,0,0,7,1012,3,4,1,0,14,0,0,0,0,11,7,3,0,0,467,0,0,1,0,0,0,0,0,0,0,14,0,0,0,0,0,3,1,6,0,4,2,3,0,16,0,0,0,0,1,0,0,0,0,0,0,0,3,1085,0,1,0,0,4,1,2758,3,0,104,0,0,0,0,0,33,2,0,9,0,0,16,15,11,0,0,235,0
0,21,0,0,0,42,0,0,0,0,0,0,0,0,20,0,4,15,0,0,0,1,0,224,0,6,0,0,28,6,9,0,0,0,0,0,0,11,0,0,0,0,0,0,0,1,0,0,0,29,0,0,0,20,0,0,0,18,0,3,33,150,7,1,0,0,14,0,0,102,1,0,0,0,0,0,0,5,0,727,0,0,0,0,0,80,146,0,102,88,0,21,0,2360,0,0,0,0,1,1,0,0,16,0,11,0,2,27,0,23,0,0,0,1,0,8,0,51,109,0,0,0,0,0,1,0,2,108,1,0,0,53,0,0,0,0,0,1,0,0,0,0,0,0,0,0,8,0,1,0,8,0,0,0,0,0,0,0,0,137,0,5,0,0,2,1,0,0,0,1,4,0,0,0,0,0,0,15,8,0,0,0,0,0,12,0,0,0,0,0,0,18,2,0,0,2,14,0,0,514,0,0,9,7,0,53,3,0,1,24,6,0,0,0,5,0,55,0,0,0,93,1,0,0,0,38,0,0,0,0,125,0,0,269,0,0,1,2,0,0,0,0,0,0,4,2,0,0,0,0,0,4,34,0,5,3,24,0,2,0,1,0,0,4,0,0,0,0,12,2348,0,40,571,0,0,0,0,0,3,698,0,0,49,0,0,0,0,2,0,11,0,0,0,0,8,0,5,0,0,18,0
0,0,0,0,0,24,0,0,0,0,0,0,0,0,1527,0,0,0,0,0,0,6,0,0,0,1,0,0,1,0,0,0,0,0,0,0,1,0,0,0,0,0,0,0,67,0,0,0,0,0,0,0,0,0,0,0,0,76,0,0,0,0,0,0,0,0,38,0,17,163,0,0,0,295,0,1,0,0,0,1141,0,0,0,0,0,37,0,0,41,0,0,1,3,802,0,0,0,0,41,0,0,2,0,22,0,0,0,906,0,5,0,0,0,54,0,0,0,1229,0,0,0,0,0,1,2,0,0,0,0,0,0,0,0,0,0,0,0,0,0,0,0,0,0,0,68,0,0,0,0,0,0,0,0,5,0,0,0,0,0,0,0,0,0,0,0,0,0,0,0,0,0,0,1,0,4,0,0,0,0,0,0,0,0,0,0,0,0,0,0,0,0,1,3,0,0,0,0,0,1,0,0,0,0,0,346,0,0,0,0,0,37,0,0,0,0,0,0,0,338,0,0,0,0,0,0,0,0,0,55,0,274,0,0,214,0,0,0,1,0,0,0,0,0,0,4,11,0,0,0,0,0,0,0,0,0,0,0,0,0,0,0,0,0,0,0,0,0,0,0,16,0,0,329,0,0,0,0,0,0,1228,0,0,53,0,0,0,0,0,0,0,0,0,0,0,263,0,241,0,0,8,0
0,0,0,0,0,0,0,0,0,0,0,0,7,92,30,7,0,0,0,0,0,6,0,31,16,1,0,2,5,2,0,2,0,11,0,0,0,0,0,0,0,0,0,19,0,1,0,50,0,0,0,0,0,37,240,0,0,30,0,46,51,0,4,0,0,185,14,4,0,3,0,0,0,20,0,187,0,3,0,355,0,128,3,0,0,20,0,1,65,0,1,1,21,1264,0,104,0,0,0,0,0,0,0,3,118,0,100,4,25,503,0,17,0,39,0,0,0,61,129,0,0,0,1,0,12,0,0,0,0,111,0,0,0,0,0,0,110,0,0,0,0,0,0,0,0,0,29,0,0,15,0,0,0,3,1,0,0,0,1,195,0,0,0,0,0,0,0,0,4,0,0,0,0,0,0,0,0,24,1,0,0,0,0,0,0,0,0,0,0,0,28,28,0,1,0,0,0,0,0,0,0,0,0,440,1,2,0,31,1,10,0,0,0,0,0,1,1,0,239,0,12,18,0,0,2,0,0,0,90,0,0,0,0,28,0,0,0,0,0,75,0,0,112,0,0,0,23,0,0,0,13,0,0,0,10,1,1,0,0,0,4,0,0,4,0,0,17,0,167,112,0,0,783,323,0,1,9,2,0,1089,0,332,428,0,822,0,24,0,9,0,0,0,0,0,23,36,2,75,0,7,0
0,0,0,0,0,0,1,0,0,0,0,0,0,0,208,0,0,0,0,0,0,10,0,1,0,1311,0,0,5,0,0,0,1,0,0,0,0,0,0,0,0,0,0,0,0,0,0,0,0,0,0,0,0,0,0,0,2,0,0,6,0,0,1,0,0,0,0,0,0,0,0,0,1,0,0,0,0,0,0,0,0,0,0,0,0,9,0,0,0,0,0,4,34,0,0,0,0,0,0,0,0,83,8,0,0,0,0,103,0,0,1,0,0,56,0,1,18,0,0,3,0,0,0,0,104,0,0,0,0,0,0,0,0,0,6,0,0,0,0,0,10,0,0,0,0,0,1,0,1,0,0,0,0,1,0,0,0,0,0,0,0,0,0,0,0,1,0,0,0,0,1,0,88,0,0,0,0,0,0,0,0,0,0,0,0,0,0,0,0,0,0,12,15,15,0,0,0,0,1,0,0,0,0,0,153,2,0,0,2,2,0,0,0,0,0,0,20,0,1,0,0,0,0,0,0,0,0,0,0,0,0,0,0,446,0,0,0,0,0,0,0,0,0,0,1,14,0,10,0,0,0,0,1,0,0,2,0,0,0,0,0,0,0,1,0,0,0,0,0,6286,0,0,582,0,0,0,1,0,0,250,0,18,24,0,0,0,0,10,0,0,0,0,0,0,7,0,30,0,0,23,0
0,0,0,1,0,0,0,0,0,0,0,0,0,299,1,0,0,0,0,0,51,6,0,0,0,186,0,0,1,4,0,1,0,18,0,0,2,1,0,0,0,0,68,12,2,106,0,1,0,0,2,8,0,0,2,0,0,0,0,5,0,0,0,0,0,0,59,1,0,0,0,0,0,0,1,0,1,0,0,3,0,0,39,0,0,18,0,1,0,59,107,3,0,0,0,1,0,0,0,0,0,0,0,1,6,0,8,1163,0,24,0,0,0,155,0,0,1,0,21,1,0,0,0,0,48,0,0,0,0,137,11,14,56,0,0,0,3,0,0,0,0,8,0,0,0,0,1,9,0,2,0,2,0,22,0,0,0,0,7,0,0,0,0,0,0,0,0,0,0,0,2,0,1,0,0,2,3,0,3,0,0,0,0,0,3,0,0,0,0,1,0,0,0,0,1,0,0,0,0,0,0,0,0,0,0,5,0,0,5,0,0,0,0,0,0,0,0,16,87,0,1,2,0,0,0,0,0,0,10,0,38,3,1,0,6,0,0,0,0,144,0,0,1,0,0,0,0,0,0,0,230,1,0,0,1,0,13,0,0,59,0,0,0,0,1,0,0,0,7,1,0,0,2919,0,0,0,0,0,1,3583,0,0,1,0,0,0,0,1,0,30,1,0,0,0,0,0,26,0,0,32,0
0,0,0,0,0,0,2,16,0,0,0,0,0,0,14,0,20,0,0,0,0,21,0,2,0,8,0,0,6,11,363,0,0,541,0,0,12,75,0,0,0,0,0,0,0,261,0,0,0,0,0,0,0,0,0,2,0,1,0,2,0,0,1,0,0,0,343,13,103,189,0,0,0,0,0,0,0,0,0,0,0,0,585,0,0,6,0,0,0,12,0,1,0,0,0,0,59,0,0,0,0,1,0,0,0,0,0,539,0,0,0,0,0,136,0,0,0,0,494,0,0,0,28,25,95,0,0,0,0,0,0,84,0,0,1,0,25,0,0,0,83,0,2,0,0,0,2,0,0,63,0,0,0,133,1,0,2,0,0,0,0,0,0,0,0,0,0,0,0,7,0,1,6,0,8,0,0,0,55,0,0,0,0,0,1,0,3,0,0,0,0,35,1,0,0,0,0,0,0,0,0,0,0,0,2,92,0,0,1,1,0,0,0,0,2,0,136,0,267,0,0,67,0,0,0,0,0,0,0,11,0,0,0,237,0,0,8,0,0,0,0,0,0,0,235,3,396,0,0,0,0,0,0,1,0,12,9,0,2,0,2,0,0,1,0,0,0,0,0,8,0,0,1261,0,0,0,2,0,2,2306,0,48,0,0,0,0,0,0,79,0,0,0,0,0,166,0,7,0,0,136,0
0,0,0,1,0,0,0,0,0,0,3,0,6,0,46,0,0,30,92,0,0,0,0,11,63,69,0,0,3,11,0,0,0,17,1,0,0,126,0,0,146,0,0,0,0,0,76,0,0,16,0,0,0,0,0,0,14,14,0,0,46,0,3,0,0,237,0,9,8,0,0,0,0,0,636,3,0,0,0,1279,0,0,0,0,0,135,0,0,98,0,0,0,1,1353,0,0,357,0,0,0,0,0,0,12,0,0,0,0,114,0,93,0,0,0,0,1,0,10,272,0,0,0,0,0,52,1,0,74,0,223,0,0,0,1,0,0,20,0,0,0,0,0,0,1,6,0,18,0,0,0,28,1,0,0,0,0,0,1,0,0,0,0,0,0,0,1,0,0,0,0,0,25,0,2,0,0,0,0,0,1,44,0,0,0,25,0,0,0,0,0,0,161,1,0,21,0,0,0,0,0,0,0,0,0,0,53,28,1,0,2,0,0,0,0,0,1,0,0,1,0,0,0,0,0,0,0,0,0,0,0,0,3,0,0,0,0,0,0,0,11,0,0,0,0,0,0,0,0,2,0,0,0,0,0,0,33,3,0,0,10,13,0,0,2,3,0,0,0,0,1,8,0,252,0,2,0,0,0,27,2871,0,0,0,0,0,0,0,2,0,68,0,0,0,0,0,0,0,0,0,491,0
0,0,0,0,0,0,0,0,1,0,0,7,0,0,21,0,0,0,0,0,0,27,0,2,0,133,0,0,0,16,721,0,0,189,0,0,7,130,0,0,0,0,0,0,0,0,0,0,0,0,0,0,0,0,0,0,0,0,0,0,0,0,0,0,0,0,0,0,0,0,0,0,0,46,0,0,0,0,0,0,0,0,250,0,0,0,581,0,0,0,0,0,0,0,0,0,0,0,72,0,0,0,0,0,0,0,198,19,0,0,0,0,1,0,0,0,0,0,45,0,0,0,0,0,0,0,0,0,0,0,63,251,1,0,0,0,0,0,0,0,7,0,0,0,0,0,31,0,0,0,2,0,0,0,0,0,0,0,6,57,0,0,0,4055,0,0,0,2,0,0,0,0,0,0,0,0,0,0,40,0,0,0,0,0,0,0,0,0,0,0,0,0,0,0,0,0,0,0,0,0,0,0,0,0,1,32,0,0,0,0,0,0,14,0,0,0,0,15,0,0,0,0,0,4,0,0,0,0,0,0,135,0,0,498,0,0,0,0,0,0,0,0,64,0,3,0,0,0,0,0,0,0,0,1,0,47,0,13,0,22,0,0,0,0,0,0,0,28,83,1,0,0,195,0,0,0,0,0,4,1515,0,0,162,0,0,0,0,5,14,0,0,0,0,0,11,41,0,0,0,110,0
0,0,0,0,0,0,0,0,0,0,0,0,6,63,0,0,0,110,0,43,0,4,0,0,0,1,21,0,0,87,0,0,0,0,0,0,0,0,0,0,0,13,0,0,0,3,0,57,0,19,0,0,0,0,0,0,0,43,0,48,66,0,4,0,0,85,0,0,30,0,0,0,0,7,1,250,0,0,0,1734,0,0,0,0,17,0,1,0,128,0,0,0,1,2043,54,0,9,0,0,0,2,3,0,0,0,0,0,615,0,17,0,0,0,0,0,0,0,0,46,0,0,0,0,0,9,0,0,0,1,24,0,11,0,0,0,0,0,0,0,0,0,0,0,0,0,0,0,0,0,1,3,6,0,0,0,0,0,0,0,62,0,0,0,0,0,0,0,0,0,0,0,0,1,0,0,0,0,0,0,0,0,0,0,0,9,0,0,0,0,5,0,46,0,0,0,0,0,0,1,0,0,0,0,0,0,0,0,0,1,0,17,0,14,0,8,0,0,0,18,0,125,0,0,0,0,0,0,0,85,0,123,0,0,0,13,0,6,0,1,0,0,0,0,0,0,0,0,0,0,0,0,0,0,0,0,7,3,0,0,8,0,0,0,0,39,0,0,0,0,0,95,0,0,0,0,0,0,0,0,3278,0,0,109,0,0,0,0,0,30,102,0,0,0,0,0,63,7,0,0,0,40
0,0,0,0,0,0,0,0,0,0,0,0,5,205,274,0,0,12,0,0,59,0,0,0,0,1029,0,0,28,24,13,0,0,62,0,0,14,0,0,0,0,0,0,0,0,0,0,0,8,0,0,0,2,0,0,0,3,0,0,0,0,3,20,0,0,0,0,0,0,0,0,0,0,0,0,0,0,0,0,58,0,0,0,0,7,0,285,0,0,189,0,0,87,0,0,0,0,0,0,0,0,0,0,0,0,0,0,2036,0,0,0,0,18,60,0,2,0,2,83,2,0,0,0,0,0,0,0,0,0,0,0,469,0,1,0,2,36,0,0,0,0,0,0,0,0,0,0,0,0,0,13,0,6,0,0,0,0,0,0,0,0,0,0,0,0,0,0,8,0,0,0,0,0,0,0,0,0,0,14,0,0,0,0,0,0,0,0,0,0,0,0,0,0,2,0,0,0,0,0,0,0,0,0,0,0,5,0,0,4,7,0,0,0,0,2,0,0,12,20,0,0,0,0,0,0,0,0,0,25,0,382,0,0,928,0,0,0,0,0,0,0,0,0,0,0,0,0,0,0,0,19,0,0,0,0,0,0,0,0,10,0,0,0,0,0,0,0,0,0,1658,0,0,665,6,10,0,0,0,0,1031,0,0,76,0,0,0,0,0,0,0,0,0,0,0,0,0,0,0,0,0,0
0,0,0,0,0,31,37,0,0,0,0,0,15,0,93,0,0,15,0,0,0,0,0,0,11,23,0,0,0,55,29,0,0,3,0,0,1,0,0,0,0,0,0,0,0,8,1,67,0,45,0,0,0,29,0,0,5,111,0,38,99,0,10,0,0,248,8,30,6,0,3,0,0,5,0,238,0,0,0,310,6,0,1,0,0,78,0,0,139,29,0,0,1,1821,0,2,0,0,0,0,0,0,0,26,0,133,1,1,0,0,0,5,0,7,0,0,0,12,39,0,6,0,0,0,3,0,0,0,4,269,0,1,0,0,0,0,82,0,0,0,0,0,0,0,0,0,12,0,0,0,1,11,0,0,0,0,0,0,0,4,0,0,0,0,0,0,0,5,0,0,0,0,2526,0,0,0,0,42,1,0,0,0,0,0,0,0,0,0,0,0,0,92,0,0,14,0,0,0,0,0,0,0,0,0,0,5,0,0,0,13,0,0,0,13,1,0,0,12,71,0,0,0,0,9,0,2,0,0,7,0,14,8,5,0,0,3,0,0,0,0,0,0,0,0,0,0,0,0,0,0,0,0,10,1,0,80,0,0,5,0,2,0,0,7,0,1,0,0,0,114,0,0,310,0,1,0,0,0,1,2182,0,0,51,0,0,0,0,0,0,117,0,0,0,0,1,0,0,0,0,13,0
0,0,0,0,0,15,0,0,0,0,0,2,0,1,36,0,0,0,0,1,0,1,0,0,46,1733,0,0,0,0,0,0,0,57,0,0,1,3,0,0,0,0,38,103,0,51,0,0,0,0,0,0,0,8,0,0,0,79,0,0,25,0,0,0,0,305,9,0,33,441,1,0,0,0,1,21,0,0,0,86,0,75,0,0,1,0,0,0,145,0,1,0,0,1695,0,0,0,0,49,0,0,0,6,19,5,7,36,48,165,15,0,11,0,9,0,0,0,15,0,0,0,0,0,0,19,1,0,93,1,14,165,13,0,0,0,0,0,3,0,0,0,0,0,0,36,0,0,4,0,0,15,0,0,0,1,0,0,0,6,30,0,0,0,1084,0,0,0,0,0,0,1,0,0,0,0,0,0,0,54,1,0,0,0,0,4,0,3,0,0,0,0,21,0,0,20,0,0,1,0,0,0,0,0,1,0,5,0,0,0,18,0,0,21,0,2,0,60,4,0,12,0,73,0,0,0,0,8,0,28,1,9,0,1,731,0,1,1,0,2,0,0,0,77,0,0,0,0,0,0,0,0,1,0,4,0,2,0,1,4,0,0,6,0,1,0,0,0,251,2,105,0,0,418,0,0,0,0,0,8,1033,0,0,111,0,0,0,0,0,14,1,0,2,0,0,0,0,1,0,0,0,5
0,0,0,0,0,0,8,0,0,0,0,0,0,0,0,0,0,0,0,0,0,0,0,2,0,0,0,0,0,325,0,0,0,0,0,0,0,0,0,0,0,0,0,0,0,0,0,0,0,0,0,0,0,0,0,4,0,0,0,0,0,0,0,0,0,0,0,0,0,0,0,0,0,0,0,0,0,0,5,0,0,0,0,0,0,7,0,0,0,110,0,118,3,0,0,0,0,0,0,0,0,0,0,0,0,0,0,15,0,0,0,0,0,0,0,0,0,0,0,2,0,0,7,9,248,0,0,0,0,0,0,0,0,0,41,0,2,0,0,0,0,0,0,0,0,13,0,0,0,0,0,0,2,0,0,0,0,0,0,0,0,0,0,0,0,0,0,0,0,0,0,0,312,0,0,0,0,0,0,0,0,0,0,99,0,0,11,0,0,39,0,899,0,0,0,0,0,0,0,0,0,0,0,0,0,0,0,0,0,0,35,0,0,0,59,0,0,0,186,0,0,0,0,0,0,0,0,0,0,0,0,0,0,0,0,0,0,0,0,0,0,0,0,0,0,0,2,0,0,0,0,0,0,0,0,0,0,0,0,0,0,0,0,0,0,0,0,0,0,76,0,0,1400,16,3,0,5128,0,0,0,0,147,651,0,0,0,0,0,0,0,0,0,0,0,0,0,14,0,0,0,0
0,0,0,6,0,0,4,0,0,0,0,1,0,0,3,0,1,0,0,0,80,45,0,4,12,1517,0,0,2,11,16,308,0,34,0,0,2,64,0,0,0,0,0,0,0,802,0,4,0,0,0,0,0,1,6,0,0,1,0,0,0,0,0,3,0,0,53,1,0,112,0,0,0,84,0,0,0,1,0,564,0,0,18,0,46,1,1,0,0,30,0,1,0,0,0,4,0,1,61,0,0,0,0,0,13,0,90,475,0,255,0,0,8,23,0,0,0,0,99,2,0,0,0,2,0,26,0,0,0,0,0,98,0,1,0,0,2,1,0,0,6,0,0,0,0,0,5,0,0,0,0,0,0,0,0,0,0,0,0,52,0,0,0,3,0,0,1,0,0,0,7,0,0,2,0,0,0,24,707,0,0,0,0,0,32,0,0,0,0,0,1,26,1,0,0,0,0,0,0,0,0,0,0,1,0,30,0,0,1,6,0,0,0,7,4,0,76,4,38,0,3,34,0,0,0,0,0,0,2,0,140,0,0,476,0,0,0,0,0,2,0,0,0,0,2,0,0,32,0,0,29,2,0,1,6,4,0,0,0,0,2,0,0,2,0,0,7,0,0,22,0,0,87,0,0,0,0,0,27,2607,0,0,219,0,0,0,0,5,16,0,0,0,0,0,27,0,9,0,0,206,0
0,0,0,0,0,0,2,0,0,0,0,0,0,0,0,0,3,0,0,0,0,0,1,19,0,0,0,0,17,0,0,0,0,0,0,0,20,3,0,0,0,0,0,0,0,0,0,0,40,0,0,0,0,0,0,0,0,0,0,0,0,0,3,0,0,0,121,0,0,0,0,0,0,0,0,0,0,0,0,0,0,0,0,0,0,15,0,0,0,0,0,2,90,0,0,42,0,0,0,0,0,0,0,0,0,0,0,1265,0,0,0,0,0,0,0,4,0,0,0,0,0,0,0,7,0,0,0,0,0,0,0,366,0,1,0,0,57,1,5,0,124,0,0,0,0,0,0,0,0,3,95,316,8,0,2,0,0,1,0,67,1,0,0,0,0,1,0,0,0,0,0,0,1,0,0,0,0,0,0,0,0,0,0,0,0,0,0,0,0,0,0,24,5,2,0,56,30,0,0,0,0,0,0,0,0,0,0,8,10,9,0,0,0,0,0,0,0,0,277,0,27,0,0,0,0,0,0,0,0,0,0,0,0,844,0,0,0,0,0,0,0,0,0,0,0,0,0,0,0,0,0,0,0,0,0,0,37,0,0,0,0,0,0,0,0,0,0,0,0,28,0,0,1486,3,56,0,0,0,0,4337,0,0,0,0,0,38,0,0,0,0,0,0,0,0,0,0,19,0,0,0,0
1,0,0,0,0,0,19,0,0,0,0,0,0,0,1,0,0,0,0,0,0,0,0,60,0,0,0,0,0,0,3153,0,0,18,0,304,97,0,0,0,0,0,0,0,0,0,0,0,0,0,0,0,0,0,0,0,0,0,0,15,0,0,13,0,0,0,0,0,0,0,0,0,0,0,0,0,0,0,0,0,0,0,372,0,0,3,0,1,0,240,0,0,2,0,0,1,0,0,0,0,0,1,0,0,0,0,0,1359,0,0,0,0,0,0,0,1,0,12,131,0,0,0,0,0,42,0,0,0,0,0,0,772,0,0,0,40,447,0,0,0,0,0,0,0,0,5,0,0,0,0,0,0,3,0,0,0,0,0,0,0,0,0,0,0,1,0,0,0,0,0,0,43,1,0,1,0,0,0,0,0,0,0,0,0,0,14,48,0,0,0,0,0,0,41,0,1,0,0,0,0,0,0,0,0,1,45,0,0,2,26,0,0,0,0,13,0,0,0,0,0,0,0,0,0,0,0,0,0,0,0,0,0,0,214,0,0,0,0,0,0,0,0,0,0,0,0,0,0,0,0,44,0,51,0,13,11,0,0,0,0,0,16,0,0,0,0,0,0,5,2,0,0,75,5,0,0,0,0,6,1971,0,0,139,0,0,0,0,0,0,0,0,0,0,0,0,0,0,0,0,100,0
0,0,0,0,0,0,0,0,0,0,0,0,1,0,69,0,0,0,0,0,0,0,0,0,0,4029,0,0,1123,1,10,0,0,0,0,0,0,0,0,1,0,0,0,0,1,0,0,0,9,0,0,0,0,0,0,0,0,0,0,29,0,0,0,6,0,0,80,0,0,132,0,0,0,0,0,1,0,0,0,0,0,0,0,0,0,2,0,0,0,0,1,0,6,0,0,0,1,0,0,91,0,36,0,0,0,0,0,336,0,0,0,0,0,125,0,0,0,0,108,0,2,0,0,46,0,0,0,0,0,0,0,0,0,7,0,0,0,0,0,0,0,0,0,0,0,0,9,0,0,0,10,0,3,4,0,0,0,1,0,0,0,0,0,0,0,0,0,0,0,0,0,0,0,0,0,0,0,0,180,0,0,0,0,0,0,0,0,0,0,26,0,0,0,0,0,0,18,0,0,0,0,7,0,7,270,0,0,0,0,358,0,0,0,0,0,1,0,0,0,0,0,0,0,0,0,0,0,0,0,0,0,0,0,865,21,0,0,0,0,5,0,0,0,0,0,0,0,0,0,0,0,0,0,0,0,0,0,0,0,0,0,0,2,6,1,0,0,0,0,50,0,0,302,0,0,0,0,0,0,1498,0,0,0,0,0,3,0,0,0,0,0,0,0,8,0,0,0,0,0,96,0
0,0,0,0,0,0,0,15,0,0,5,0,0,2,81,0,0,0,1,0,8,69,1,0,0,1283,3,0,19,0,216,0,4,157,0,0,3,152,1,0,1,0,0,55,0,0,0,5,0,0,0,0,0,0,27,0,0,0,0,236,0,1,1,1,0,0,0,0,0,0,8,0,1,2,0,0,1,0,0,59,15,0,0,0,9,0,0,1,0,46,0,3,3,0,0,0,0,0,0,0,0,69,0,0,2,0,28,619,0,762,0,44,0,15,0,0,0,1,77,0,0,0,0,1,138,0,0,0,0,149,0,6,0,0,0,0,3,0,0,0,0,0,0,0,0,0,120,4,0,0,155,0,0,0,0,0,0,1,3,0,0,0,1,0,0,0,0,0,0,0,0,0,1,0,0,0,0,0,50,0,0,0,0,0,14,0,0,0,18,0,0,0,3,23,182,5,6,1,0,0,0,0,0,0,538,73,0,0,8,3,0,0,0,4,10,0,1,9,0,2,1,26,0,0,0,0,4,0,8,0,59,0,0,250,0,0,0,0,0,0,0,0,111,17,0,0,0,0,0,0,1,0,21,0,4,0,0,1,10,118,0,0,6,6,0,1,1,0,386,443,14,51,0,0,0,0,0,0,8,1513,0,0,742,0,0,45,0,0,0,158,80,0,0,0,2,1,0,0,0,275,0
0,0,0,0,0,0,0,0,0,0,0,0,7,0,115,0,4,0,0,0,0,19,0,55,0,530,0,0,10,0,0,0,0,0,0,0,8,282,0,0,0,0,0,0,0,0,0,0,0,0,0,0,0,43,204,0,13,78,0,95,29,0,4,1,0,299,69,0,0,99,0,0,0,0,0,22,0,0,0,552,0,0,133,0,0,0,0,0,74,0,0,19,1,1795,0,0,0,0,0,0,0,0,0,0,0,0,0,1181,39,81,0,0,0,0,0,1,0,18,254,0,8,0,0,0,28,0,0,0,0,0,0,4,0,0,0,0,352,0,0,0,0,0,0,2,0,0,18,0,1,8,22,0,0,0,3,0,0,0,0,0,0,0,0,0,0,0,0,0,0,1,6,0,0,0,0,0,0,0,73,0,0,0,0,0,7,0,0,0,0,0,0,194,1,1,0,0,0,0,0,0,0,0,80,188,451,74,0,0,0,1,0,0,0,0,0,1,111,0,57,0,13,28,0,0,0,0,0,0,0,0,0,0,0,12,0,0,4,0,0,1,0,0,0,0,7,0,0,0,0,0,0,0,0,0,155,57,4,0,0,0,2,0,0,4,0,0,0,0,1,2,0,0,78,0,0,0,0,0,0,642,0,0,886,0,0,61,0,0,28,0,0,0,0,0,0,0,1,0,0,189,0
0,0,9,0,0,13,0,0,0,0,0,0,3,0,307,0,20,61,0,0,0,15,0,20,87,649,0,0,32,6,0,0,0,25,0,0,1,9,0,1,0,0,0,0,0,103,0,62,0,0,0,1,0,21,0,0,0,55,0,36,175,0,4,0,0,34,5,7,0,313,0,13,4,1,0,0,0,0,0,779,0,43,0,0,0,79,0,0,130,14,0,0,0,1447,0,0,18,0,13,0,0,2,60,0,0,18,0,1,0,3,0,0,0,41,4,0,0,16,93,0,0,0,0,0,0,0,35,611,2,0,0,7,0,0,30,0,129,0,0,0,1795,0,4,0,0,0,41,4,0,1,6,0,0,4,0,0,15,0,0,16,0,0,0,167,0,0,0,6,1,0,6,0,0,0,17,0,0,0,457,13,0,0,0,0,14,0,0,0,0,0,1,20,31,1,0,0,0,0,0,0,0,0,0,0,4,52,6,0,1,17,3,0,4,0,16,1,105,0,143,0,0,2,0,0,0,0,0,0,84,0,117,0,0,34,0,0,1,2,0,141,0,0,0,0,3,1,0,0,0,0,0,7,0,0,6,83,7,0,6,30,18,0,0,25,2,0,0,0,0,231,0,16,325,0,1,0,0,0,4,5,0,0,143,3,0,40,0,0,0,0,0,0,0,0,8,0,6,0,0,18,0
0,0,0,0,0,3,24,0,0,0,0,0,2,0,0,0,0,0,0,0,229,0,0,0,0,0,0,0,36,47,0,0,2,0,0,0,33,0,0,0,0,0,0,0,0,0,0,0,0,4,0,0,0,0,0,0,3,4,0,0,0,0,4,0,0,0,0,0,0,0,0,0,2,0,0,430,0,0,2,0,0,0,200,0,0,5,241,1,0,295,0,27,265,0,0,0,0,0,0,0,0,4,23,0,0,0,0,0,0,0,0,0,0,0,0,53,0,7,387,0,0,0,0,2,755,0,0,0,0,0,0,0,0,0,1,0,16,0,0,0,29,0,0,2,0,0,37,0,0,0,29,0,0,0,1,0,9,0,0,0,0,0,0,0,128,1,0,4,0,8,0,0,1,0,0,0,0,0,0,0,0,0,0,0,41,1,0,0,0,0,0,0,2,0,0,2,0,0,0,0,0,9,0,0,0,296,1,0,1,25,0,0,0,0,0,3,0,0,73,0,0,0,0,0,0,0,247,0,0,0,0,1,0,1600,0,0,0,3,0,0,0,13,0,0,9,0,0,0,0,0,0,0,13,0,3,185,0,0,0,0,0,0,0,12,0,2,0,0,0,177,0,0,0,5,1,0,0,0,0,3756,0,0,0,0,0,0,0,0,0,0,0,0,0,0,171,0,0,0,0,0,0
0,0,0,0,37,0,0,0,0,0,22,0,3,0,10,0,0,16,0,0,43,14,0,0,0,1,0,0,106,11,647,0,0,44,3,0,0,240,1,0,0,0,0,0,0,30,176,9,1,0,118,1,0,0,45,0,0,0,0,0,0,0,0,0,0,0,17,0,0,0,131,0,0,0,0,293,3,0,0,60,0,4,0,0,0,1,0,0,0,40,1306,109,0,0,0,0,0,7,45,0,0,0,0,16,10,0,142,731,0,0,0,66,0,0,0,0,0,0,85,0,0,0,33,12,55,0,0,0,0,0,0,0,137,0,0,0,1,0,0,0,11,0,0,0,0,0,0,3,0,0,22,124,0,0,2,0,0,0,11,0,0,0,0,0,0,0,0,0,0,253,3,3,0,0,0,0,0,377,11,0,0,0,0,0,0,0,0,0,0,14,0,127,0,0,0,0,10,0,0,0,0,0,0,22,0,62,0,0,2,17,0,0,0,2,20,0,113,420,226,0,0,0,0,0,1,9,696,0,46,22,0,0,2,58,0,0,3,0,0,0,0,0,0,118,0,0,0,0,0,0,221,0,41,0,0,3,3,0,8,3,0,0,0,1,0,0,0,45,15,6,9,77,1167,0,0,0,0,8,6,0,0,0,532,0,0,0,0,0,0,10,0,0,0,0,0,0,1,0,63,34,56
0,0,0,0,0,0,1,26,0,0,0,0,0,22,6,0,2,0,0,19,15,2,0,2,0,3039,1,0,5,7,0,0,0,27,0,0,0,122,0,0,1,0,0,37,0,186,0,4,1,0,0,0,0,0,0,0,0,0,0,235,9,31,0,2,24,0,191,0,0,25,12,0,0,5,0,0,0,0,0,113,0,9,0,0,0,0,169,0,0,0,0,7,0,0,0,0,0,0,13,0,4,0,0,0,0,0,69,1496,22,185,2,0,0,25,0,0,0,0,104,2,0,30,0,1,5,41,0,15,4,0,0,187,49,0,0,0,2,0,0,0,28,0,0,0,93,0,11,0,0,0,13,8,0,14,1,0,0,0,79,48,0,0,0,918,0,0,0,0,0,0,5,0,0,0,0,0,0,0,255,1,0,0,0,0,62,0,0,0,0,0,0,20,4,0,0,0,0,0,0,0,8,0,0,17,0,8,0,0,1,1,0,0,51,0,3,0,51,11,0,2,22,18,0,0,0,0,0,0,0,22,36,1,0,11,0,0,0,0,0,21,0,0,0,16,0,13,0,0,0,0,0,5,7,0,0,1,4,0,76,15,23,0,0,6,0,0,0,0,0,5,0,14,1,0,14,0,0,1,5,915,0,0,69,0,0,0,0,120,170,1,0,0,0,0,0,0,20,0,0,42,0
0,0,0,1,0,0,0,0,0,0,0,0,3,13,7,0,0,15,0,0,0,3,0,0,99,1,0,3,1,0,0,0,0,1,0,0,1,0,0,0,0,0,0,0,34,1,0,56,12,0,0,0,0,17,0,0,0,14,0,1,26,0,0,1,0,20,0,1,61,0,2,0,0,0,147,1,0,19,0,476,1,0,2,0,0,14,0,0,41,0,0,0,1,1650,0,0,42,0,0,0,0,2,0,0,0,0,0,198,0,41,0,0,0,9,0,0,0,16,23,0,0,0,0,0,1,0,1,0,0,275,0,0,0,0,0,13,27,0,0,0,0,0,3,1,0,0,0,9,0,0,1,0,0,4,1,0,0,0,0,20,0,1,0,0,0,0,0,0,0,0,7,0,1,0,0,0,0,0,0,0,0,1,0,0,0,0,0,0,0,0,0,0,1,0,0,0,0,0,0,0,0,0,0,0,0,1,0,0,1,1,0,0,0,0,0,1,20,17,1,0,0,23,0,0,0,0,0,0,33,0,19,0,0,386,0,0,3,0,1,4,0,0,62,0,3,0,0,0,0,0,0,0,0,0,0,1,1,0,0,0,0,0,0,1,1,0,0,0,0,5416,0,0,69,0,0,0,33,0,1,279,0,0,51,0,0,1,0,0,0,56,0,0,0,2,7,0,4,0,0,72,0
0,0,0,1,40,34,28,0,0,0,0,0,12,0,13,0,0,0,0,0,0,0,0,36,0,272,0,0,29,0,0,0,0,43,0,0,0,0,0,0,0,0,0,0,149,0,0,14,14,0,0,0,0,22,0,0,0,15,0,0,61,0,7,0,0,0,120,0,11,0,0,0,0,20,0,2,0,0,0,1786,0,0,162,0,0,0,0,0,68,0,0,0,1,428,0,13,14,0,0,0,0,0,0,0,0,0,0,48,0,0,0,0,15,0,0,0,0,35,10,0,0,0,0,0,0,0,1,0,0,0,0,7,0,0,0,15,0,0,0,0,0,0,0,0,0,0,114,0,0,0,5,0,0,7,0,0,0,0,0,68,0,0,0,0,0,0,0,1,0,0,0,0,0,0,0,17,0,0,0,0,0,9,0,0,0,0,0,0,0,0,2,364,1,0,0,0,0,0,0,0,0,0,0,0,0,42,1,0,0,27,0,0,0,0,0,0,0,0,136,0,0,42,0,0,0,0,0,292,0,0,0,0,0,920,0,0,0,0,2,9,0,0,0,0,0,91,0,0,0,0,0,0,0,0,0,0,1,0,0,0,0,0,0,44,0,0,0,0,0,705,0,0,31,0,1,0,0,0,0,2918,0,0,435,0,0,0,0,0,0,143,0,0,0,0,0,0,0,0,0,27,0
0,0,9,0,0,0,0,0,0,0,0,0,0,0,0,0,0,0,0,0,0,0,0,0,0,23,8,0,0,6,0,0,0,1,0,0,1,172,0,0,0,0,0,0,0,1,0,61,0,0,0,0,0,0,0,0,0,30,0,1,182,0,11,0,0,0,0,0,31,572,0,0,0,0,910,721,0,0,0,226,0,45,0,1,0,0,0,0,0,0,1,24,13,2155,0,0,0,0,0,0,0,15,0,2,0,0,1,59,24,2,0,1,0,0,0,0,0,68,15,2,0,3,0,0,0,0,130,132,0,43,0,0,0,2,0,3,0,1,0,0,553,0,0,0,0,0,4,0,0,0,0,2,0,0,2,0,0,0,0,0,0,0,0,502,0,0,0,0,0,0,2,0,0,1,0,0,0,0,28,44,0,0,0,0,8,0,0,0,6,0,0,19,25,0,0,0,0,0,0,0,0,0,0,1175,388,91,8,0,0,29,0,0,5,0,2,0,94,1,0,0,0,2,0,0,0,0,0,0,0,7,0,0,0,413,0,0,0,1,0,0,0,0,0,0,0,0,99,0,0,0,6,2,0,0,4,79,0,0,7,0,0,0,0,3,0,0,0,58,0,6,0,0,413,0,0,0,0,0,4,1,0,0,97,0,0,0,0,0,11,1,0,0,0,70,15,0,0,0,0,12,0
0,0,0,0,0,0,0,0,0,0,0,0,0,127,293,0,0,58,0,0,0,0,0,0,0,621,0,0,0,0,0,0,0,54,0,0,0,577,0,0,0,0,42,0,0,1,0,0,0,17,0,0,0,0,0,0,0,22,1,108,0,0,0,0,90,0,12,0,0,97,0,0,0,15,0,467,0,0,0,822,0,0,0,0,0,0,0,0,129,0,9,0,0,1550,34,17,0,0,0,0,0,21,0,0,0,0,102,44,0,2,0,0,0,3,0,0,0,55,153,0,0,0,2,0,0,5,0,0,0,0,0,9,0,0,0,0,0,0,0,0,8,0,0,0,0,0,0,0,0,0,33,0,0,0,0,0,0,0,0,0,0,0,0,0,0,0,0,0,0,0,0,0,104,0,0,0,0,0,15,0,0,0,0,0,0,0,0,0,0,0,0,44,1,0,0,0,0,0,0,0,0,0,1,0,0,11,0,0,0,0,0,0,0,0,28,0,9,0,0,0,0,0,0,0,0,7,0,0,0,0,940,0,0,300,0,0,0,0,0,0,0,0,0,0,0,0,0,1,0,0,97,0,0,0,0,0,20,0,0,11,0,0,0,11,0,0,0,2,0,699,0,0,29,0,115,0,0,0,0,1286,0,0,545,0,0,0,0,2,0,0,0,0,0,0,12,0,3,0,0,108,0
0,0,0,0,0,0,0,0,0,0,0,0,0,0,0,0,0,0,0,0,0,24,0,0,16,1200,0,0,0,1,160,0,0,3,0,0,1,0,0,0,0,0,0,0,0,26,0,0,0,0,0,0,0,35,0,0,0,14,0,0,63,0,0,0,0,66,78,0,32,328,2,0,0,0,0,0,0,22,0,796,0,0,0,0,0,24,0,0,50,0,0,0,1,1951,0,7,14,0,0,0,0,0,0,0,0,0,79,622,389,0,0,0,0,0,0,0,0,0,38,0,4,0,0,0,3,0,36,0,0,0,0,5,0,0,0,0,0,0,0,0,0,0,0,0,0,0,0,0,0,0,25,0,0,0,0,0,0,0,0,42,0,0,0,0,0,0,0,0,0,0,0,0,0,0,0,0,0,111,259,0,0,0,0,0,0,0,0,0,0,0,0,18,0,0,0,0,0,0,0,0,0,0,0,0,0,0,0,0,2,8,0,0,0,0,0,0,0,0,112,0,0,0,0,0,0,0,0,0,6,0,131,0,0,222,0,0,0,0,0,0,0,3,0,0,0,0,0,0,0,0,0,0,0,0,0,0,0,0,6,0,5,0,0,0,0,2,0,0,0,84,0,0,124,0,0,0,0,0,5,2351,0,0,116,0,0,0,0,0,56,0,0,0,0,0,23,0,4,0,0,198,0
0,0,0,0,0,25,0,0,0,0,0,0,0,0,23,0,0,11,0,0,0,1,0,0,0,1584,0,0,0,0,0,0,0,4,0,0,3,0,0,0,0,0,0,0,0,20,0,0,0,0,0,0,0,22,0,0,7,25,0,7,119,0,0,0,0,0,51,0,0,0,0,0,0,7,0,509,0,0,0,239,0,0,89,0,0,68,0,0,62,0,0,0,1,1974,0,2,19,0,2,0,0,0,0,2,0,0,0,158,0,0,0,0,0,0,0,0,0,17,172,0,2,0,0,3,85,0,0,134,0,0,0,62,0,1,0,0,0,0,0,1,1208,0,0,2,0,0,2,0,0,3,15,0,0,96,0,0,0,0,0,22,0,0,0,1,0,0,0,0,0,0,1,0,0,0,0,0,0,0,1,0,0,0,0,0,0,0,0,0,0,0,69,78,1,0,0,0,0,2,0,0,0,0,0,0,0,6,0,0,0,0,6,0,0,0,4,0,54,0,329,0,0,0,0,0,0,0,0,0,32,0,13,0,0,53,0,0,3,0,0,2,0,1,0,0,4,1,0,0,0,0,0,0,13,0,4,42,38,0,0,0,0,0,0,0,0,0,0,0,0,3,0,0,1027,6,0,0,1,4,1,1173,5,0,54,1,0,0,0,11,60,0,0,0,0,0,17,0,2,0,0,19,0
0,0,0,22,0,0,0,0,0,0,0,0,0,0,24,0,0,0,0,0,2,0,0,0,0,1423,0,0,7,0,0,0,0,0,0,0,18,0,0,0,3,0,0,21,0,19,0,0,0,0,0,0,0,0,1,0,0,2,0,0,0,0,0,0,0,1,0,1,0,0,0,0,0,2,0,177,0,0,0,0,0,0,0,0,71,8,0,0,0,0,0,0,549,0,0,9,4,0,0,0,0,0,21,0,3,0,0,4813,0,0,0,0,0,0,0,0,0,8,0,20,0,0,0,1,49,0,0,0,0,0,1,2,0,0,0,0,5,0,0,0,0,0,0,0,0,0,0,2,0,0,9,0,0,0,0,0,0,0,0,0,0,0,0,0,0,0,0,0,0,0,0,0,67,0,0,0,0,0,0,0,0,0,0,0,0,0,0,0,0,0,0,87,2,0,0,0,0,0,0,0,0,0,0,0,0,56,0,0,0,0,0,0,0,0,0,0,0,0,0,0,0,0,0,0,0,0,0,0,9,0,0,1,0,211,0,0,0,0,0,0,0,0,0,0,0,0,0,3,0,0,0,0,0,0,0,17,0,0,0,0,0,0,0,0,0,0,0,0,0,1013,0,0,578,0,0,0,0,0,0,590,0,0,0,0,0,0,0,0,0,4,0,0,0,0,61,0,0,0,0,0,0
0,0,4,1,0,0,1,0,0,0,0,0,0,0,1,0,0,0,0,0,0,6,0,0,16,883,0,0,0,0,53,0,0,3,0,0,0,13,0,0,0,0,0,0,130,0,0,35,0,21,0,0,0,23,0,0,0,16,0,53,67,0,7,0,0,176,257,0,30,276,0,0,0,121,0,0,0,0,0,554,0,0,0,0,0,12,0,0,37,20,0,1,1,1207,0,1,0,0,0,0,0,1,0,0,0,0,0,477,0,481,0,0,0,553,0,0,0,13,178,0,0,0,0,1,8,0,96,66,0,0,0,0,0,0,0,0,11,0,0,0,0,0,0,1,0,0,8,0,0,0,0,78,0,0,0,1,0,2,0,138,0,0,0,0,0,0,0,0,4,0,4,0,0,0,1,0,0,0,69,0,0,0,0,0,28,0,0,0,0,0,0,450,1,0,0,0,0,0,0,0,0,0,0,143,207,4,0,0,1,1,0,0,0,0,23,12,126,0,10,0,0,31,0,0,0,4,0,0,254,0,0,0,0,104,0,0,0,0,0,0,0,0,0,0,5,4,1,0,0,0,0,0,0,0,18,4,3,0,0,23,1,0,0,10,0,0,0,0,14,4,0,0,218,0,0,0,0,0,2,1916,3,0,78,0,0,0,0,0,0,50,0,0,0,0,0,0,4,0,0,35,0
0,0,0,0,0,0,0,0,0,0,0,0,0,0,44,0,0,14,0,0,1,6,0,0,85,375,0,0,20,0,367,0,0,15,0,0,1,77,0,0,0,0,0,0,0,2,0,21,3,0,0,0,0,38,0,0,0,54,0,0,49,0,0,0,0,277,193,0,10,446,1,0,2,0,0,0,0,0,0,394,0,20,8,0,1,0,0,0,79,16,0,2,0,1046,0,0,0,0,3,0,0,0,59,6,6,0,6,2,0,5,0,0,0,3,0,0,0,0,88,3,0,0,0,0,1,0,0,83,1,0,0,1,0,0,0,0,0,0,0,0,0,0,0,0,0,0,15,3,0,0,8,0,0,0,0,0,0,0,0,10,0,2,0,259,0,1,0,0,0,0,5,0,0,0,0,0,0,0,489,0,0,0,0,0,7,0,0,0,0,0,0,23,1,0,0,0,84,0,6,0,0,0,0,121,0,63,23,0,1,2,0,0,0,0,8,0,90,1,0,3,145,22,0,0,0,23,0,0,9,0,12,0,0,124,0,0,0,0,0,29,0,3,0,0,0,114,0,0,0,0,0,1,9,0,1,0,0,11,10,64,0,0,0,1,0,0,0,0,0,3590,0,93,88,0,55,0,0,0,1,2,0,0,303,0,0,0,0,0,0,3,110,0,0,0,1,0,9,0,0,13,0
1,0,0,0,0,0,0,11,0,0,0,0,0,112,19,0,0,0,0,0,7,59,0,2,0,513,0,0,11,16,30,0,0,288,0,0,11,0,1,0,0,6,0,10,0,469,0,0,0,0,23,0,0,0,4,0,0,0,8,0,0,0,0,0,0,0,128,0,0,0,11,0,0,15,0,0,0,0,0,438,0,5,339,0,74,0,10,0,0,0,0,0,16,0,0,11,0,0,71,0,0,0,0,0,3,5,1,480,0,0,0,0,0,26,0,0,0,0,505,1,0,29,29,0,292,0,0,0,0,0,13,150,0,0,0,0,3,0,0,0,523,0,0,0,0,0,0,0,0,0,23,0,0,0,0,0,0,0,36,107,0,0,0,870,0,0,0,0,0,0,0,0,0,0,0,0,1,145,168,0,0,0,0,0,0,0,0,0,0,0,0,48,0,0,0,0,0,0,0,0,0,0,0,535,0,315,7,0,0,0,0,0,0,0,0,0,39,29,169,0,0,7,0,0,1,0,0,0,37,5,254,0,0,322,0,0,0,0,0,114,0,0,0,0,0,0,0,0,0,0,7,1,0,0,0,0,174,0,0,0,24,0,0,7,0,0,5,0,0,30,0,0,195,0,0,1,0,5,0,808,0,0,453,0,0,0,0,11,79,21,0,0,0,0,5,0,67,23,0,76,0
0,0,0,0,0,0,0,0,0,0,0,0,0,0,0,25,0,0,0,0,0,0,0,0,0,3396,0,0,21,0,0,0,0,0,0,0,77,0,0,0,0,0,0,0,0,0,0,0,0,0,0,0,0,0,0,0,0,0,0,0,0,0,0,4,0,0,0,0,0,0,0,0,0,0,0,0,0,0,0,0,0,9,0,0,0,0,1700,0,0,0,330,0,0,0,0,0,0,0,0,0,0,0,35,0,0,0,0,0,0,0,0,0,0,186,0,0,0,0,0,0,0,0,0,0,0,0,0,0,0,0,0,450,0,0,0,0,0,0,0,0,131,0,0,0,0,0,76,0,0,0,147,0,0,23,2,0,0,0,0,0,0,0,0,0,0,0,0,0,0,33,0,2,60,0,0,0,0,0,0,0,0,0,0,0,0,0,0,0,0,0,0,249,5,0,0,0,0,0,0,0,0,0,0,0,0,149,0,0,0,0,0,0,0,0,0,0,0,0,0,0,0,0,0,0,0,0,0,0,0,0,765,0,0,220,0,0,0,2,0,0,0,0,0,0,0,0,0,0,0,0,0,0,0,0,0,437,49,0,0,0,0,0,0,0,662,0,0,11,0,180,0,0,178,0,0,0,0,0,0,22,0,2,283,0,0,33,0,3,0,0,0,0,0,0,0,0,45,0,0,0,0
0,0,0,0,38,2,0,0,0,0,0,0,0,410,185,0,0,0,0,0,136,7,0,3,0,1662,0,0,32,11,27,0,0,0,0,0,10,145,0,0,0,0,0,7,0,208,0,3,3,0,4,0,0,0,0,0,0,0,0,388,0,103,0,0,0,0,114,0,0,0,60,0,0,9,0,0,0,0,0,88,0,17,5,0,40,0,2,0,1,62,0,136,282,0,0,200,0,0,2,0,0,0,0,0,5,0,0,113,0,0,0,0,0,70,3,3,0,7,80,0,0,0,0,1,31,0,0,0,0,0,0,21,0,12,0,0,5,0,0,0,71,0,0,0,0,0,0,0,0,23,3,128,0,1,0,0,0,0,0,39,0,0,0,1,0,0,0,0,0,0,0,0,29,0,0,0,0,39,299,0,0,0,0,0,0,0,0,0,0,3,0,0,0,0,0,0,0,0,0,0,0,0,0,0,0,52,0,0,0,33,0,0,0,0,0,0,210,29,818,9,21,0,0,0,3,0,0,0,231,0,72,2,0,280,0,0,0,0,0,0,5,0,0,0,0,0,0,0,0,0,0,0,31,0,1,3,0,0,0,0,36,0,0,0,1,0,0,0,0,1747,0,0,0,2,1,0,0,14,3,732,0,0,57,0,0,0,0,0,156,0,0,0,1,0,8,18,0,0,0,37,0
0,0,2,0,0,22,0,13,0,9,0,0,0,12,46,0,0,27,0,0,29,4,0,311,8,499,0,3,109,2,43,0,0,12,0,0,107,0,7,0,0,0,0,11,0,5,0,8,0,13,0,1,0,22,7,0,0,13,0,3,15,0,0,0,0,14,5,0,29,70,2,0,0,1,0,0,0,2,0,269,0,0,0,0,3,16,0,0,31,39,0,1,1168,369,36,52,6,0,9,0,0,13,0,22,7,0,22,10,0,6,0,0,0,17,0,1,0,11,4,0,6,37,0,0,608,18,0,399,1,1,0,129,0,0,0,0,165,0,0,0,4,1,0,0,1,136,1,2,0,0,10,4,0,1,0,0,0,0,15,81,0,0,0,1620,0,0,0,0,1,0,2,0,0,0,0,0,4,5,4,0,6,0,0,0,1,0,0,126,0,0,0,47,1,0,0,0,0,0,1,0,0,0,0,22,0,1,1,0,1,0,7,43,13,7,10,1,11,24,69,0,68,29,0,0,0,0,37,0,33,2,41,0,0,274,0,0,1,0,1,0,2,0,0,0,2,2,0,1,0,0,7,1,40,0,27,16,1,0,17,35,1,0,0,1,3,0,0,0,5,1,0,28,517,0,0,1,0,0,43,826,0,0,634,0,0,0,1,0,17,5,0,0,1,0,0,0,2,0,0,38,0
0,0,0,0,0,13,0,0,0,0,0,0,6,0,6,0,0,67,0,0,0,0,0,0,0,152,0,0,175,16,0,0,0,13,0,0,2,0,0,0,0,0,0,0,0,0,0,28,11,28,1,0,0,0,0,0,2,14,0,0,172,0,5,0,0,0,0,0,68,0,0,0,0,0,0,188,0,9,0,1727,1,0,0,0,0,16,132,0,46,0,0,60,18,1540,0,0,0,0,0,0,0,1,0,0,0,0,0,0,0,0,0,0,0,0,0,1,0,56,225,24,0,0,0,0,800,0,0,0,0,0,0,0,0,14,39,1,849,0,0,0,0,0,0,0,0,0,13,0,0,0,0,5,0,0,1,0,0,1,0,8,0,0,0,0,0,1,0,0,0,0,0,0,0,0,0,0,0,0,0,41,0,0,0,0,0,0,0,0,0,0,0,0,6,0,0,1,0,0,0,0,0,0,0,0,0,12,1,0,0,5,0,0,0,0,48,0,0,0,178,0,0,0,0,0,0,0,0,0,0,0,0,1,0,91,0,0,0,0,0,0,0,0,0,0,0,0,1,0,0,0,0,4,32,0,0,5,1,0,0,6,0,0,0,0,0,0,0,0,6,1,0,0,201,14,0,0,37,0,5,2659,1,0,0,0,0,1,0,0,0,0,0,0,0,0,0,0,0,0,0,90,0
1,0,0,0,0,0,0,0,0,0,0,0,7,0,38,0,0,0,0,0,0,0,8,44,0,18,0,0,26,5,0,0,0,6,0,0,1,0,0,0,0,0,0,0,0,0,0,0,2,0,3,0,0,0,0,0,0,33,0,0,160,0,7,0,0,0,311,0,10,0,0,0,0,38,0,1,0,0,0,2706,0,0,0,0,0,0,0,1,0,0,0,82,1,1435,0,0,0,72,0,0,0,13,0,0,0,0,0,107,0,671,0,0,20,0,0,0,0,23,0,1,0,0,2,0,0,0,32,78,0,0,0,0,0,0,0,1,0,0,0,0,89,0,0,0,0,0,0,0,0,0,0,0,1,0,1,0,0,0,0,41,1,0,0,0,0,0,0,0,0,0,0,0,1,0,0,0,0,0,0,0,0,0,0,0,0,0,1,0,0,0,0,0,1,0,0,0,0,0,0,0,0,0,0,0,1392,179,0,0,0,16,0,0,0,0,0,0,0,0,187,0,0,0,0,0,0,0,0,0,0,0,60,0,0,124,0,0,0,0,0,13,0,0,101,0,135,0,0,0,0,0,0,0,0,0,0,0,33,0,0,0,0,0,0,0,4,0,0,0,0,565,0,0,8,0,0,0,0,0,0,239,0,0,731,0,0,0,0,0,0,0,0,0,0,0,6,0,1,0,0,112,0
0,0,0,0,0,0,1,0,0,0,0,0,0,0,982,0,0,0,0,0,0,1,0,0,0,194,0,0,40,0,0,0,0,0,0,0,35,1,0,0,0,0,0,1,0,2,0,0,2,0,0,0,0,0,0,0,0,0,0,0,0,0,0,0,1,0,16,0,0,0,0,0,0,1,0,0,0,0,0,0,0,0,0,0,0,0,0,0,0,0,0,0,3155,0,0,21,0,0,1,0,0,0,0,0,0,1,8,1566,0,0,0,0,0,1,0,0,0,0,2,0,0,0,0,0,60,0,111,0,0,0,0,1,0,0,0,5,0,0,0,1,76,0,0,0,0,0,2,0,0,10,0,0,0,0,9,0,0,0,0,3,0,0,0,169,0,0,0,0,0,0,0,0,0,0,0,0,0,1,2,0,0,5,0,0,0,0,0,0,0,0,0,0,0,0,0,0,0,0,0,1,0,0,1,419,0,0,0,0,0,18,0,0,1,0,0,0,0,0,0,0,0,0,0,0,0,0,0,0,3,0,27,0,0,976,0,0,0,0,0,0,0,2,0,0,0,0,0,0,0,0,0,1,1,0,0,0,14,0,0,0,0,0,0,2,0,0,0,0,0,1898,0,0,0,10,0,0,0,0,3,0,0,0,32,0,0,0,0,0,0,6,0,0,0,1,99,0,3,0,0,0,0
0,0,1,0,0,0,1,17,0,0,2,1,0,155,0,1,0,0,0,0,98,29,0,0,0,1683,1,0,47,5,0,0,0,63,0,0,49,124,1,0,0,0,0,64,0,132,0,6,0,0,2,0,1,0,3,1,0,0,0,2,0,5,7,0,0,50,81,0,0,0,11,0,0,77,0,0,0,0,0,39,1,0,4,1,56,3,1,0,0,147,295,5,0,23,0,0,0,0,60,0,1,0,0,10,3,1,0,182,78,0,0,0,0,107,0,0,0,0,7,0,0,0,0,1,258,0,0,0,1,7,8,205,0,0,1,0,527,0,0,0,0,0,0,0,0,0,8,5,1,0,3,4,0,0,1,0,0,0,12,15,2,0,1,195,0,0,0,0,0,9,0,0,5,0,0,0,0,5,37,1,0,0,16,23,7,0,7,0,42,0,0,41,0,0,20,0,0,0,0,0,306,0,0,63,0,42,1,0,0,0,0,0,3,6,7,0,109,3,80,2,1,0,12,0,0,5,38,0,85,1,37,1,0,456,0,0,1,0,0,4,0,0,0,0,0,0,0,0,0,0,24,5,15,0,21,7,45,4,6,1,1,0,0,2,0,1,0,0,0,0,4,1,18,0,0,0,1,0,10,3072,1,0,56,0,0,0,0,0,2,64,0,0,0,0,0,3,0,0,0,167,0
0,0,0,0,0,16,0,0,0,0,0,0,0,0,0,1,0,0,0,2,0,15,0,114,0,15,0,0,2,3,0,0,0,0,0,0,1,211,0,0,0,0,0,0,0,36,0,67,0,141,0,0,0,8,6,0,0,16,0,36,57,0,40,1,0,0,92,0,5,0,0,0,3,0,0,291,1,0,0,3342,0,0,3,0,0,0,0,0,54,0,1,1,10,1221,0,0,3,0,0,0,0,5,0,0,0,0,0,1393,63,20,0,0,0,0,0,0,0,39,17,0,0,0,0,0,256,0,1,0,0,0,0,1,0,0,0,0,105,1,0,0,19,0,1,0,0,0,23,1,0,0,0,0,0,0,1,0,2,0,0,0,0,0,0,0,0,2,0,0,0,1,1,0,0,0,0,0,0,0,0,0,0,0,0,0,1,0,0,0,0,1,0,0,2,0,0,0,0,1,0,0,0,0,0,267,551,81,2,0,1,1,0,0,0,0,21,1,0,0,11,0,21,1,0,0,1,0,0,0,20,8,0,1,0,248,0,0,3,0,0,16,0,0,0,0,7,0,0,0,0,0,0,2,0,0,11,87,4,0,0,0,0,0,0,5,0,0,0,0,13,191,15,0,17,0,0,0,0,0,12,219,0,1,296,0,0,0,0,0,0,0,0,0,0,0,24,34,16,0,0,28,0
0,0,3,0,0,0,5,1,0,5,0,1,1,41,22,0,0,4,0,0,37,7,0,0,8,98,1,0,3,0,0,0,1,17,17,0,11,4,1,0,0,0,0,3,10,10,0,5,0,11,1,0,0,0,1,0,0,12,0,12,23,19,1,0,0,13,13,0,15,70,2,0,0,1,2,0,0,0,0,344,1,16,0,1,6,0,0,0,0,35,0,1,1,769,0,0,0,0,2,0,0,0,0,20,16,2,1,286,0,13,0,8,0,23,0,0,0,10,249,1,0,0,0,0,13,3,1,32,1,72,16,21,0,0,0,1,0,1,0,0,0,1,1,0,35,0,5,2,0,0,4,4,0,0,0,0,0,0,18,16,0,0,0,0,0,0,0,0,0,0,0,0,1804,0,0,0,0,3,65,1,0,0,0,5,3,0,0,0,23,0,0,30,1,0,59,0,0,0,0,1,0,0,0,556,0,2,3,0,0,0,0,0,2,0,10,0,44,18,1,3,52,0,2,0,0,1,10,0,10,0,103,0,0,129,0,0,0,0,0,12,0,0,118,0,0,0,8,0,0,14,11,1,2,0,6,2,1,0,0,129,0,0,4,1,0,0,0,1,12,2266,0,4,144,0,1,0,0,0,4,1563,1,0,98,0,0,0,0,0,5,15,0,3,0,0,3,1,7,35,0,34,0
0,0,0,0,0,25,0,0,0,0,0,0,0,0,1,0,0,7,0,0,291,10,0,27,0,1,0,0,0,1,30,1,0,32,0,0,0,0,0,0,0,0,0,0,0,0,197,31,0,18,8,0,0,27,204,0,0,9,0,26,120,0,0,0,0,59,158,0,18,85,265,5,0,238,0,23,0,3,43,1303,0,0,7,0,0,0,0,0,92,164,0,1,1,732,0,0,0,0,0,0,0,0,0,18,15,0,0,1,0,0,0,0,0,28,0,0,0,23,298,1,0,0,0,2,6,0,1,0,0,29,0,732,0,0,0,27,8,0,0,0,0,0,1,0,240,1,10,0,1,1,18,0,0,13,0,0,0,0,0,33,0,0,0,0,0,0,1,0,3,0,3,0,1,0,0,0,0,158,120,0,0,0,2,23,32,0,0,0,0,0,0,128,0,1,0,0,0,0,1,0,0,0,1,3,2,4,0,0,0,0,1,85,0,6,22,0,59,0,216,0,0,6,0,0,0,0,0,0,226,0,137,0,0,1,0,0,2,0,0,0,1,0,0,0,1,1,0,0,0,0,0,0,58,0,16,1,13,0,82,0,0,0,0,0,0,0,0,0,50,11,0,60,19,0,0,2,0,0,5,1902,0,1,602,0,0,0,0,0,0,44,0,0,4,0,7,10,2,0,2,102,0
0,0,0,0,0,0,39,0,0,0,0,0,0,0,18,0,1,0,0,0,0,0,0,5,0,1188,0,0,18,0,472,0,0,96,17,0,0,0,0,0,0,0,0,0,0,0,0,0,1,0,0,0,0,0,0,0,0,1,0,0,0,0,0,0,0,0,0,1,0,0,0,0,0,0,0,0,0,0,0,0,0,0,174,0,0,4,0,2,0,0,0,14,0,0,0,0,0,0,0,0,0,0,1,0,1,0,0,5313,0,0,1,0,11,15,0,0,0,0,0,0,0,0,0,0,128,0,1,0,0,0,7,57,0,6,0,1,0,0,0,0,0,0,0,0,0,0,1,0,0,0,0,0,2,0,0,0,10,0,0,13,0,0,0,0,0,0,0,0,0,16,0,0,0,0,0,0,0,0,0,4,0,0,0,0,0,0,0,0,0,0,0,0,1,0,0,0,0,0,0,0,0,0,0,0,0,1,0,0,1,13,0,0,0,0,0,0,0,0,0,0,0,0,0,0,0,0,0,0,9,0,2,0,0,78,0,0,0,0,0,2,0,0,160,0,2,1,0,1,0,0,0,0,0,0,0,1,0,0,0,0,0,0,0,0,0,0,0,0,2,211,0,0,262,0,0,0,0,0,0,1452,0,0,96,0,0,0,0,0,0,0,0,0,0,0,63,0,4,0,0,0,0
0,0,0,0,0,0,0,0,0,0,0,0,0,0,8,0,0,0,0,0,0,0,0,7,0,135,0,0,67,0,593,0,0,0,0,0,108,0,0,0,0,0,0,0,0,0,0,0,0,0,0,0,0,0,0,0,0,0,0,0,0,0,0,0,0,0,50,0,0,0,0,0,0,0,0,0,0,0,0,0,0,0,0,0,0,1,1,0,0,0,0,0,0,0,0,0,0,0,0,0,0,7,0,0,0,0,0,4746,0,0,0,0,0,1,0,0,0,0,0,2,0,0,1,1,0,0,0,0,0,0,0,0,0,0,0,0,145,0,0,0,471,0,0,0,0,0,0,0,0,0,0,0,0,0,1,0,0,0,0,0,0,0,0,0,0,0,0,0,0,0,0,0,0,0,10,46,0,0,0,0,0,0,0,0,0,0,11,0,0,0,0,21,1,0,0,0,0,0,0,0,0,0,0,0,4,0,0,0,1,14,0,0,0,0,0,0,0,0,10,0,0,0,0,0,0,0,0,0,0,0,0,0,0,162,0,0,0,0,0,0,0,0,0,0,5,124,0,0,0,0,0,0,0,0,0,2,0,0,0,0,0,0,0,0,0,0,0,0,0,764,0,0,378,0,3,0,0,0,0,1887,0,0,110,0,0,0,0,0,0,0,0,0,0,0,0,0,91,0,0,13,0
0,0,0,0,93,24,0,0,0,0,0,0,0,0,2,0,0,71,37,0,0,9,0,0,0,864,0,3,2,0,37,6,0,27,0,0,0,666,0,0,0,0,0,0,0,82,34,31,0,0,0,43,0,22,0,0,9,15,6,174,74,0,0,0,0,26,70,1,7,0,0,0,0,0,120,1,0,0,0,789,0,30,0,0,0,0,0,0,42,0,0,0,1,770,40,1,1,0,0,0,0,0,0,0,0,0,0,1,57,0,0,0,0,0,5,0,0,10,97,0,15,0,3,0,3,16,978,45,1,49,0,32,0,0,0,0,0,0,1,2,1,0,0,0,68,0,14,0,0,0,16,9,0,22,0,0,0,0,0,0,0,0,0,0,0,0,0,0,0,0,3,0,1,0,0,0,0,0,202,1,0,5,0,0,23,0,0,1,0,0,6,421,2,0,0,0,0,0,1,0,0,0,0,0,0,25,0,0,1,0,2,0,0,0,0,0,201,0,7,0,0,30,0,0,0,0,0,0,50,0,200,0,0,110,0,0,7,0,1,1,3,0,0,0,0,0,0,0,0,0,4,0,10,0,0,0,1,0,0,0,3,0,0,0,13,0,0,0,0,1,0,50,57,0,6,1,0,0,0,2231,0,0,517,0,0,0,0,1,36,0,0,0,0,0,0,0,4,0,0,95,0
4,0,0,0,0,0,0,0,0,0,0,0,0,0,43,0,0,0,0,0,0,5,0,0,0,2554,0,0,102,21,0,1,0,136,0,0,0,0,0,0,0,0,1,0,0,0,0,0,0,0,0,0,0,2,0,0,0,0,0,0,0,0,0,0,0,0,158,0,0,52,12,0,1,0,0,0,0,1,0,0,0,0,0,0,0,0,0,0,0,0,0,30,0,0,0,0,0,0,0,0,0,107,0,0,0,0,0,3040,0,0,0,2,0,22,0,0,0,0,285,3,1,0,0,0,100,0,0,0,0,0,0,0,0,0,0,0,230,0,0,0,101,0,1,0,0,424,29,0,0,0,18,0,0,0,0,0,1,0,0,0,0,0,0,0,0,0,0,0,0,0,0,1,0,0,0,0,0,0,521,0,0,0,0,0,0,0,0,0,0,0,0,0,0,0,0,0,0,1,0,0,1,0,0,0,0,0,0,0,1,0,0,0,0,0,0,0,34,0,160,0,31,40,0,0,0,0,0,0,38,0,0,0,0,180,0,0,0,0,0,0,0,0,0,0,0,0,0,0,0,0,0,0,0,0,0,0,0,0,0,0,0,0,0,0,0,0,0,0,0,14,0,0,133,0,0,0,0,0,0,1036,0,2,256,0,0,1,0,0,0,0,0,0,0,1,11,0,29,0,0,24,0
0,0,0,0,0,17,0,0,0,0,0,0,2,199,12,0,0,9,0,0,0,8,0,0,8,1372,0,0,0,0,0,0,0,2,0,0,1,0,0,0,143,0,0,0,0,9,185,0,0,0,0,0,0,5,0,0,0,0,0,0,14,0,0,0,0,0,27,0,3,0,5,0,0,0,0,0,0,0,0,624,1,19,0,0,3,0,75,0,0,104,0,8,1,1335,0,0,0,0,0,0,0,0,0,1,4,0,0,1,0,75,0,0,0,25,0,1,0,9,14,2,5,0,0,0,5,0,85,40,0,0,0,5,0,1,0,0,410,0,0,0,0,0,1,0,52,0,0,1,0,0,4,0,0,0,0,0,0,0,15,0,0,0,0,0,0,0,0,0,0,2,0,0,0,0,0,0,0,0,108,1,0,0,0,0,0,0,0,0,0,0,0,78,1,0,19,0,0,1,0,0,0,0,0,0,0,4,0,0,2,0,0,0,0,0,0,0,52,0,6,5,0,0,0,0,1,0,0,0,39,1,183,0,0,338,0,0,0,0,0,0,0,0,0,0,0,0,0,1,0,0,139,0,13,0,0,1,7,0,0,0,4,0,0,0,0,0,0,0,0,531,0,0,46,389,0,0,1,0,0,2937,0,2,60,0,0,0,0,0,0,0,0,0,0,0,0,0,24,0,0,64,0
0,0,0,1,0,0,0,0,0,0,0,0,0,0,74,0,0,2,0,2,11,1,0,0,6,2,0,0,19,166,110,17,3,38,0,0,10,237,0,0,0,0,0,49,0,17,0,1,0,0,31,0,0,0,14,0,0,0,0,1,0,0,0,0,0,0,12,0,0,0,0,0,0,18,64,0,0,0,0,1,0,0,176,0,0,0,0,2,0,0,1053,8,462,0,0,3,0,0,0,7,0,0,0,0,0,0,0,4642,0,22,0,0,0,1,3,0,0,0,33,0,0,0,0,3,50,0,0,0,0,113,107,149,0,0,0,6,3,5,0,0,8,0,0,0,0,0,1,0,0,0,1,0,0,0,0,0,0,0,13,16,0,0,0,243,0,0,0,0,0,0,1,0,0,0,0,0,0,0,12,0,1,0,0,0,3,0,0,0,0,0,0,21,2,0,0,0,0,0,0,0,0,0,0,0,0,8,1,0,0,23,0,0,1,0,0,0,31,0,0,0,9,20,0,0,0,0,0,0,2,6,1,0,0,0,0,0,1,0,0,0,0,0,0,0,0,0,0,0,0,0,0,3,0,0,3,1,0,0,6,81,0,0,0,3,0,0,0,0,0,1547,0,3,114,0,0,0,0,0,1,7,0,0,21,0,0,0,0,7,5,7,0,0,0,0,12,0,1,0,0,0,0
0,0,0,0,0,98,0,0,0,0,0,0,0,97,417,0,0,0,0,0,0,0,0,0,0,751,0,0,0,8,1,0,0,11,0,0,2,0,0,0,0,0,0,0,248,1,1,0,0,0,0,0,0,0,0,0,0,65,0,0,29,0,0,0,0,0,133,0,19,0,0,0,0,49,0,718,0,0,0,747,0,0,0,0,0,0,0,0,98,50,0,0,0,2128,0,0,0,0,0,0,0,0,0,0,0,0,0,494,0,0,0,0,0,3,0,0,0,76,2,0,30,0,0,6,5,0,0,0,0,0,0,9,0,0,0,1,0,0,0,0,0,0,0,0,1,0,0,0,0,0,0,0,0,0,0,0,0,0,1,0,0,0,0,0,0,0,0,0,0,0,0,8,2,0,0,0,0,0,0,0,0,0,0,0,0,0,0,0,0,0,0,48,2,0,0,0,0,0,0,0,0,0,0,0,211,0,0,0,0,0,0,0,0,0,0,0,88,0,0,0,0,0,0,0,0,0,0,0,7,0,0,0,0,1065,0,0,0,0,0,0,0,0,0,0,0,0,0,0,0,0,0,0,0,0,0,0,0,0,0,0,0,0,0,0,0,0,0,0,8,129,0,0,507,0,0,0,0,0,0,1528,0,0,75,0,0,0,0,0,0,0,0,0,0,0,25,0,0,0,0,0,0
0,0,0,0,0,0,0,11,0,0,0,0,0,32,20,0,0,5,0,0,54,60,0,32,0,2015,0,0,129,2,3,0,0,134,0,0,1,626,0,0,0,0,0,90,0,326,0,1,0,0,0,0,0,0,0,5,0,0,0,8,0,0,0,0,0,0,278,9,0,0,25,0,0,7,0,0,0,0,0,0,0,7,335,0,16,0,137,0,0,12,0,16,208,0,0,0,0,0,44,33,0,0,0,0,0,0,0,0,0,0,0,0,0,135,0,0,0,0,198,0,0,0,0,0,10,0,0,0,0,0,0,21,0,4,0,0,31,0,0,0,0,0,0,0,0,0,32,0,0,0,20,0,0,28,0,0,0,0,4,107,0,0,0,0,0,0,0,0,0,6,0,0,0,0,7,0,0,1,99,0,0,0,0,0,0,0,0,0,0,0,0,30,4,0,17,0,0,0,0,0,33,0,0,0,0,89,0,0,0,7,0,0,0,0,4,0,0,0,448,13,20,0,0,0,0,0,0,0,191,0,30,0,0,111,0,0,0,0,0,52,0,0,0,0,0,0,0,1,0,0,0,4,32,0,0,0,12,0,8,1,6,0,0,0,0,7,0,0,0,0,0,0,57,0,2,0,0,0,5,3142,0,0,141,0,0,0,0,8,5,4,0,0,0,0,1,0,0,0,0,131,0
0,0,0,0,0,32,0,2,0,0,0,0,3,3,150,0,0,24,94,0,3,1,0,462,10,67,2,0,174,3,236,105,0,51,0,0,1,148,1,0,318,4,0,33,0,152,1,57,0,0,1,0,0,0,0,0,2,13,0,1,48,23,0,0,3,7,179,0,25,92,1,3,0,1,0,755,0,3,0,420,0,31,71,0,1,0,0,0,57,25,0,1,1,1524,0,0,0,0,37,0,0,0,0,29,16,0,0,259,34,42,463,0,0,5,19,0,0,14,26,1,0,0,0,0,3,0,0,95,0,18,0,7,0,0,0,0,43,0,0,0,0,0,0,0,148,0,31,0,0,1,9,5,0,1,0,0,0,0,6,195,0,0,10,1075,0,1,0,2,0,0,9,0,1,15,0,0,0,29,8,0,0,0,0,0,7,0,0,0,0,0,0,45,1,0,0,0,0,0,0,0,0,0,0,1,0,20,7,0,1,32,0,0,7,0,1,1,80,0,119,3,42,71,0,0,0,5,0,0,15,17,9,0,0,147,0,0,4,0,0,4,0,19,0,0,0,0,0,0,2,42,15,2,28,0,12,5,2,11,2,4,2,16,1,2,8,0,0,0,0,122,0,91,228,0,0,0,0,3,9,2,0,0,553,18,0,0,0,18,11,0,0,0,11,0,34,1,4,0,0,9,0
0,0,0,0,0,0,0,1,0,0,0,0,8,1,0,0,0,12,0,0,0,0,0,0,0,1390,0,0,0,0,1,9,0,1,0,0,1,85,0,0,0,0,0,0,182,101,0,0,0,0,0,3,0,20,2,0,0,15,1,4,0,0,0,0,0,93,75,1,0,0,6,0,0,7,0,4,0,0,0,739,0,0,0,0,138,0,0,0,51,36,0,0,1,1751,6,0,0,0,24,0,0,0,0,0,5,0,5,23,25,38,0,0,0,37,0,1,0,32,80,0,0,0,0,5,47,0,0,0,0,45,0,6,34,0,0,0,0,0,0,0,0,0,0,0,0,0,0,0,0,0,3,107,0,0,0,0,0,0,0,1,0,0,0,1565,0,0,0,0,0,0,0,1,126,0,0,0,0,90,11,0,5,0,0,0,0,0,0,0,0,0,0,19,0,0,0,0,0,0,0,0,0,0,0,0,1,6,0,0,0,18,0,0,0,2,0,0,166,0,0,0,0,0,0,0,0,58,0,0,165,0,0,0,0,209,0,0,0,0,0,0,0,0,0,0,0,0,0,0,0,0,357,0,0,0,0,0,2,0,0,0,3,0,0,0,0,0,0,0,0,1122,133,0,375,0,2,0,0,0,1,2,0,0,10,0,0,0,0,0,16,42,121,0,0,0,8,2,0,53,0,50,0
0,0,57,54,21,32,0,0,0,0,0,0,6,0,4,6,0,13,26,0,56,1,0,17,16,1239,0,0,3,3,24,0,0,0,0,0,1,151,0,0,0,0,0,0,0,2,0,40,0,0,1,0,0,23,7,0,0,25,0,0,33,0,7,1,0,0,97,0,23,468,1,0,0,8,1,0,0,0,0,1043,0,0,1,0,0,312,155,1,0,21,0,0,0,713,0,1,11,0,5,0,0,0,0,4,0,29,2,20,44,108,0,328,0,5,0,0,0,0,2,0,0,0,0,0,0,0,8,79,1,4,0,1,0,0,0,0,0,0,0,0,31,0,0,0,42,0,26,8,0,0,3,25,0,0,1,0,2,0,14,21,0,0,0,0,0,0,0,0,0,5,0,0,2,0,0,0,2,105,70,0,0,0,0,0,9,0,0,18,0,0,5,18,1,0,15,0,0,0,0,0,0,0,0,58,0,10,1,0,0,2,0,0,20,0,0,0,0,32,24,0,0,23,0,0,1,0,43,0,0,0,74,1,7,22,0,4,8,0,0,5,0,0,0,0,5,0,0,0,0,0,0,1,0,0,4,2,33,0,2,6,2,0,0,4,0,0,0,0,0,1119,18,1,130,0,0,0,0,0,3,2460,0,0,49,0,0,0,0,1,10,0,0,0,0,0,14,0,9,0,0,5,0
0,1,0,0,0,0,0,0,0,0,0,0,11,0,19,0,0,0,0,0,0,1,0,98,10,3582,0,0,31,2,0,0,0,40,0,0,0,0,0,0,0,0,0,0,0,0,0,65,0,23,0,0,0,22,0,0,0,23,0,0,82,0,9,0,0,344,63,0,0,131,0,0,0,0,0,1,0,0,0,114,0,0,0,0,0,61,0,0,137,20,0,0,0,1124,0,0,0,0,0,0,0,7,0,27,0,0,0,658,0,0,0,0,0,1,0,0,0,15,120,0,0,0,0,0,2,0,0,12,0,0,0,1,0,0,0,0,0,0,0,0,0,0,1,0,0,0,22,0,0,0,13,0,0,0,0,0,0,0,0,0,0,0,0,0,0,0,0,0,0,0,6,0,7,0,0,0,0,0,0,0,0,0,0,6,10,0,0,0,0,0,0,5,1,28,0,0,0,0,0,0,0,0,0,0,393,22,0,2,0,15,0,0,0,0,4,0,0,0,15,0,0,0,0,0,0,0,0,0,0,0,0,0,0,366,0,0,0,0,3,61,0,0,0,0,6,27,1,0,0,0,0,0,0,0,0,19,2,0,0,0,16,0,0,1,2,0,0,0,0,726,0,0,106,0,0,0,0,0,0,752,0,0,371,0,0,0,0,0,0,4,0,0,0,0,0,0,8,0,0,127,0
0,0,0,0,0,0,2,0,1,0,0,0,0,50,0,0,0,1,0,0,0,78,0,0,0,17,0,0,0,0,0,0,0,170,0,0,0,88,0,0,0,0,0,10,0,395,0,0,8,0,0,0,0,0,0,9,0,0,30,13,0,0,0,1,0,128,107,0,0,29,44,0,0,9,0,0,0,9,0,63,0,2,39,0,0,16,0,0,0,41,0,107,0,0,0,0,0,1,9,43,0,0,0,0,0,0,21,702,0,54,0,0,4,0,0,0,0,0,312,0,0,0,0,0,783,0,404,0,4,0,94,16,0,4,0,0,0,0,0,0,0,0,0,0,0,0,2,0,0,0,1,0,3,0,0,0,0,0,26,132,0,0,0,0,0,0,0,0,0,0,0,0,0,0,0,0,0,0,49,0,65,0,0,3,2,0,3,0,0,0,0,0,0,0,0,0,0,0,0,0,831,0,2,428,0,4,0,0,0,0,0,0,15,0,24,0,110,0,3,0,0,0,0,0,0,104,0,0,0,0,46,0,0,0,0,0,2,0,0,0,0,0,0,0,0,0,2,0,0,0,0,2,4,0,0,0,0,0,0,0,7,0,0,0,0,0,0,2430,0,299,0,0,0,0,11,0,0,0,4,0,0,0,779,0,0,0,0,0,4,17,472,0,0,5,18,1,6,0,0,169,0
0,0,0,0,0,0,0,0,0,0,0,0,0,0,7,0,0,0,0,0,46,0,0,11,0,1987,0,8,0,0,12,0,0,0,0,0,1,0,0,0,0,0,0,117,0,0,0,0,0,0,0,0,0,0,0,0,0,0,0,223,0,0,0,0,0,0,0,0,0,112,0,0,0,0,0,0,0,0,0,0,0,0,0,0,0,0,167,0,0,0,0,0,2,0,0,2,0,0,0,0,0,0,0,0,0,0,0,821,0,0,0,0,0,0,0,6,0,0,700,1,0,0,0,2,0,0,0,0,0,0,0,0,0,0,0,0,0,0,0,0,0,0,0,0,0,0,0,0,0,19,0,0,0,0,0,0,0,0,0,291,0,0,0,0,2,0,0,173,0,0,0,0,0,0,0,0,0,0,0,0,0,0,0,0,0,0,0,0,0,0,0,78,0,0,0,0,0,0,0,0,0,0,0,0,0,0,0,0,1,0,0,0,0,0,0,0,125,0,0,10,0,0,0,0,0,0,0,0,0,0,257,5,0,216,0,0,0,0,0,0,0,0,0,0,12,0,0,0,0,0,0,0,0,0,0,0,0,0,0,0,0,0,0,0,0,0,0,1701,0,9,0,0,0,0,0,0,0,0,0,2331,0,0,545,0,0,0,0,0,0,0,0,0,0,0,0,0,0,0,0,0,0
0,0,0,0,0,0,0,0,0,0,0,0,0,0,0,0,0,0,0,0,0,0,0,7,0,2925,0,0,194,0,0,0,0,0,0,0,81,0,0,0,0,0,0,0,0,146,0,0,5,0,0,0,0,0,0,0,0,0,0,0,0,0,0,0,0,0,0,0,0,0,0,0,0,0,0,0,0,0,0,0,0,0,0,0,0,19,0,0,0,0,870,0,0,0,0,36,0,0,0,0,0,0,0,0,0,0,0,0,0,0,0,0,0,0,0,0,0,0,0,0,0,0,0,2,0,382,0,0,0,0,0,0,0,15,0,0,0,0,0,3,0,0,0,0,0,0,0,0,0,0,0,0,0,0,0,0,0,0,0,0,0,0,0,0,0,0,0,0,0,0,0,0,1,0,0,0,0,0,25,0,0,0,0,0,0,0,0,0,0,0,0,0,7,0,0,0,0,0,0,0,0,0,0,0,1,0,0,0,2,4,0,0,0,0,17,0,0,0,0,0,0,0,0,0,0,0,0,0,0,0,0,0,0,0,0,0,0,0,0,0,0,0,0,0,0,0,0,0,0,0,0,0,0,0,0,0,0,0,0,0,0,0,0,0,0,0,0,4,0,0,0,0,0,5,14,0,0,0,0,5230,0,0,0,0,0,0,0,0,0,0,0,0,0,1,0,0,0,0,0,0,0
0,0,0,0,0,20,9,19,0,0,0,0,13,5,21,0,0,14,0,0,101,1,0,239,0,878,0,0,82,30,61,0,0,7,0,0,11,24,0,0,0,0,0,24,0,12,0,79,0,69,0,0,0,0,0,0,0,21,0,24,60,17,17,1,0,0,266,0,41,54,0,6,0,14,722,660,0,0,0,1053,0,0,1,0,1,85,0,1,0,34,0,3,1,2124,0,0,8,0,3,0,0,0,0,23,0,0,0,77,0,53,0,0,0,11,0,2,0,36,68,0,0,0,0,0,2,0,0,16,0,0,0,88,0,0,40,0,285,0,0,0,17,0,6,2,45,0,29,2,0,10,16,44,0,0,2,0,3,0,0,11,0,0,0,0,0,1,0,0,0,0,8,0,1,0,0,0,0,13,139,3,0,0,0,2,5,0,0,260,0,30,0,99,2,21,0,7,0,1,0,0,0,0,0,0,0,29,0,0,1,16,0,0,0,0,4,1,58,49,61,0,0,1,0,0,0,0,0,0,48,0,17,13,0,178,57,0,9,0,0,3,0,0,0,0,6,0,0,0,5,0,0,2,26,0,6,11,4,0,4,0,0,0,0,2,23,0,0,0,0,14,0,1,355,0,0,0,1,0,17,343,0,0,117,25,0,0,0,0,16,12,0,0,0,0,18,1,4,0,0,29,2
0,0,0,0,0,0,2,1,0,1,0,1,0,157,5,0,0,0,0,0,15,4,0,25,2,0,3,0,0,0,132,558,0,15,0,0,8,57,1,0,0,2,0,60,0,70,0,1,0,0,0,0,0,0,4,0,0,0,0,19,4,8,0,1,0,0,204,0,0,0,7,0,0,6,0,1,0,0,0,8,4,0,27,3,26,2,0,24,0,52,726,14,6,38,0,0,0,0,17,0,0,0,0,0,2,0,0,392,0,0,0,0,0,0,5,0,0,0,93,0,0,0,0,0,16,0,0,0,13,34,0,536,0,0,0,42,118,0,0,0,26,0,0,0,0,0,0,0,0,4,6,11,0,0,1,0,0,0,32,94,0,0,3,2,0,0,2,0,0,0,4,0,0,0,0,0,0,14,158,2,75,0,0,0,4,0,0,0,2,1,0,12,2,0,31,0,0,3,0,0,0,0,0,350,2706,31,0,0,0,0,0,0,38,1,2,0,345,0,166,4,0,1,194,26,0,0,2,0,46,2,25,0,1,438,0,5,1,0,0,0,0,0,0,35,0,0,0,0,5,61,7,3,7,0,2,2,4,3,3,0,1,7,0,0,0,0,0,79,4,0,1,3,976,0,0,0,1,0,6,0,1,0,137,0,0,0,0,0,18,0,71,0,7,0,77,6,4,0,1,27,0
0,0,0,0,0,0,0,0,18,0,0,0,29,43,146,0,0,0,0,0,0,0,0,0,0,2039,0,0,0,0,0,0,0,0,0,0,1,670,0,0,0,8,0,0,0,107,0,0,0,0,1,0,0,0,0,0,0,0,0,0,55,0,149,0,0,0,20,0,3,0,0,0,0,0,4,292,0,0,0,1393,0,0,0,0,0,0,0,0,120,370,0,14,1,870,0,1,1,67,0,0,0,0,0,2,0,0,0,42,0,0,0,0,0,44,0,0,0,0,108,0,0,0,0,3,0,0,2,91,0,73,0,0,0,1,0,1,0,0,0,0,0,0,0,0,0,0,0,0,0,0,0,53,3,0,1,0,0,0,28,21,0,0,0,0,0,0,0,0,0,0,0,0,0,0,0,0,0,128,460,0,0,0,0,0,0,0,0,0,0,0,0,41,22,0,0,0,0,0,0,0,0,0,0,0,0,20,1,0,0,88,0,0,0,0,0,0,0,0,0,0,0,0,0,0,0,0,0,1,124,32,188,0,0,269,0,0,0,0,0,3,0,0,0,0,0,0,0,0,0,0,0,0,0,0,0,0,17,0,0,0,0,0,0,5,0,0,0,0,0,8,0,0,158,0,0,0,0,0,30,1022,0,0,0,0,0,0,0,0,0,123,0,0,0,1,21,0,18,0,0,327,0
0,0,0,0,0,0,22,29,0,0,0,1,0,47,66,0,0,0,0,0,0,0,0,0,3,3348,0,0,0,0,0,0,0,19,0,0,0,0,0,0,0,0,0,21,13,202,0,0,11,0,0,92,0,0,0,0,0,0,0,0,0,0,0,0,0,13,196,0,0,0,3,0,0,4,0,0,0,0,0,0,0,0,0,1,0,0,0,0,0,77,0,26,0,0,0,0,0,0,3,0,0,0,0,26,2,0,85,0,0,0,0,0,0,5,0,0,0,0,166,5,0,2,0,13,210,80,0,19,0,0,0,0,0,0,0,0,181,0,0,0,10,0,0,0,240,0,0,11,0,0,40,77,0,13,0,0,0,1,0,0,0,0,0,0,0,0,0,0,0,0,0,0,0,0,0,0,0,0,195,0,7,0,0,0,0,0,0,3,0,0,0,0,0,0,410,0,0,0,0,0,608,0,0,0,0,0,0,0,0,0,0,1,10,0,0,0,46,0,0,10,0,81,0,6,0,26,0,0,4,0,29,0,0,801,0,0,0,0,0,0,0,0,0,0,0,0,0,0,0,0,0,0,0,1,0,0,0,0,0,0,0,0,0,0,0,0,0,0,0,1334,0,0,302,0,44,0,0,5,0,0,0,0,248,0,0,0,0,1,0,0,0,0,0,0,0,0,0,124,0,321,0
0,0,0,0,0,0,0,0,0,0,0,0,9,0,170,0,0,0,0,0,0,0,0,0,0,166,0,4,0,1,0,0,0,0,0,0,0,0,0,0,0,0,0,0,0,0,0,0,0,27,0,0,0,8,0,0,0,48,0,0,64,0,9,0,0,0,0,0,0,27,0,0,0,36,0,1,0,3,0,996,0,0,0,0,0,0,0,0,52,0,0,0,0,605,0,0,0,0,0,0,0,1,0,0,0,0,0,656,0,0,0,0,0,0,0,0,0,0,0,16,22,0,0,0,0,0,0,0,0,0,0,0,0,0,0,0,1351,0,0,0,0,0,0,0,0,0,0,0,0,0,0,0,0,0,1,0,0,0,0,0,0,0,0,1,0,0,0,4,0,0,1,1,6,0,6,0,0,0,0,0,0,0,0,0,0,0,0,0,0,0,0,267,1,0,0,0,0,0,1,0,0,0,0,0,0,0,0,10,2,2,0,0,0,0,0,0,0,0,485,0,0,0,0,0,0,0,0,0,74,0,0,0,0,575,21,0,0,0,0,0,0,0,0,0,0,5,0,0,0,0,0,0,0,0,0,0,1,0,0,0,0,0,0,0,0,0,0,0,0,2,0,0,108,648,0,0,0,0,0,3275,0,3,111,0,0,0,0,0,0,0,0,0,0,0,0,0,120,0,0,0,0
0,0,0,0,0,0,0,0,0,0,0,0,3,0,5,2,0,24,0,1,0,2,0,81,0,144,0,0,5,1,0,0,0,21,0,0,1,0,0,3,0,0,0,0,0,29,0,0,22,16,0,17,0,17,0,0,0,116,0,264,27,0,147,0,0,135,0,0,0,184,0,2,0,1,0,1,0,0,0,754,0,144,12,0,0,81,1,0,74,0,0,1,0,1480,32,0,6,0,0,0,0,0,7,0,0,0,0,69,0,42,0,0,0,0,0,0,0,46,15,0,0,0,0,0,2,0,41,116,0,0,237,1,0,0,502,0,15,0,0,0,0,0,0,0,0,0,2,0,0,1,1,7,0,0,0,0,0,0,0,33,0,0,0,0,0,0,0,4,0,1,3,0,1,0,0,4,2,0,177,3,0,0,0,0,7,0,0,2,0,0,0,9,1,7,0,4,0,0,0,354,0,0,2073,1,0,179,1,0,2,2,1,0,0,0,1,0,0,0,97,0,41,0,0,0,0,0,0,0,28,0,8,1,0,147,0,0,0,0,1,0,0,0,0,1,0,66,10,0,0,0,0,1,2,1,0,5,19,0,0,3,0,0,0,8,0,0,0,0,0,1098,13,0,70,0,4,0,0,0,1,417,0,0,93,0,0,20,0,0,0,7,0,0,0,0,0,0,1,0,0,8,0
0,0,0,0,0,0,2,0,0,0,0,0,0,439,24,0,0,0,0,0,0,0,0,0,0,1034,0,0,91,0,38,0,0,30,0,0,0,0,0,1,0,0,0,0,0,0,0,0,0,0,0,0,0,0,0,0,0,0,0,4,0,0,0,1,0,0,4,0,0,11,0,0,0,0,0,0,0,0,0,0,0,0,0,0,0,1,0,0,0,0,633,51,0,0,0,0,0,0,0,0,6,1,0,0,0,0,0,238,0,0,0,0,0,109,0,0,0,0,190,0,2,0,0,1,0,98,0,0,0,0,0,0,0,10,0,0,282,5,0,0,0,0,0,0,0,0,0,0,0,137,0,0,20,9,1,0,0,3,0,41,0,0,0,0,0,0,0,0,0,0,0,0,0,0,0,0,0,0,8,0,0,0,0,0,0,0,0,0,0,0,0,0,0,0,0,0,0,0,0,0,0,0,0,0,0,0,0,0,0,46,0,0,0,0,0,0,46,5,0,0,0,23,0,0,11,0,0,0,41,4,0,0,0,466,0,0,0,0,0,3,0,0,208,0,1,0,0,0,0,0,0,0,0,0,0,1,5,0,0,0,5,0,0,1,0,0,0,0,0,29,0,0,140,0,0,0,0,0,0,5258,0,0,111,0,0,13,0,0,0,0,0,0,0,0,0,0,0,0,0,63,0
0,0,0,0,0,0,1,0,0,0,1,2,0,237,0,4,0,0,0,0,54,24,0,7,0,973,0,0,8,8,339,274,0,45,0,0,20,117,0,0,0,0,0,104,0,64,0,0,0,0,4,0,1,4,7,2,0,0,2,103,1,6,0,1,0,0,60,0,0,73,12,0,7,15,0,0,0,0,0,9,0,3,41,0,31,1,0,0,0,42,1,3,0,0,0,0,0,0,45,0,0,0,0,0,23,0,240,25,0,0,0,0,0,803,0,0,0,0,60,0,0,0,0,19,25,0,0,0,1,0,32,0,0,1,0,0,7,0,0,0,0,0,0,0,0,0,7,13,1,0,5,0,36,34,0,0,0,0,0,230,0,2,0,0,0,0,0,0,0,0,8,0,0,0,0,0,4,122,93,1,0,0,0,0,1,0,0,0,0,5,0,293,0,0,0,0,6,1,0,0,4,0,0,0,0,5,4,0,0,1,0,0,0,1,0,1,95,76,1,0,54,25,0,0,0,0,0,0,93,0,148,0,0,498,0,0,3,0,0,1,2,0,0,0,0,0,0,0,0,0,0,3,39,0,29,2,1,1,1,0,2,0,0,1,0,0,0,0,0,1,1,34,285,0,5,0,1,9,4,3350,3,6,67,0,0,0,0,0,27,11,0,12,0,0,95,1,34,0,0,118,0
0,0,1,0,0,1,2,0,0,0,0,0,0,0,78,0,0,0,0,0,0,19,0,27,0,3381,0,0,112,2,2,0,0,42,0,0,3,58,0,0,0,0,0,0,0,445,0,3,0,0,0,0,0,0,15,0,0,0,0,161,0,0,0,0,0,0,21,0,0,3,0,0,1,0,0,0,0,0,0,15,0,3,1,0,914,0,0,0,0,0,0,43,389,0,0,0,9,0,2,0,0,0,0,0,16,1,0,265,83,0,0,0,0,0,2,0,0,0,58,0,0,0,0,0,123,0,0,0,0,0,23,169,0,0,0,0,326,0,0,0,52,0,0,0,102,0,1,15,0,0,0,0,0,3,0,0,0,0,0,88,0,0,0,0,0,0,0,0,0,0,1,0,0,0,0,0,0,0,129,1,0,0,0,0,1,0,0,0,0,0,0,8,1,1,0,0,0,1,0,0,0,0,0,0,0,25,4,0,0,2,0,0,0,0,0,1,83,0,60,0,28,2,0,0,0,0,0,0,0,1,0,1,0,297,0,0,2,0,0,3,0,0,0,0,0,0,0,0,0,0,0,2,0,0,0,2,47,3,12,0,2,0,0,4,0,0,0,0,0,3,0,12,32,0,0,0,0,0,3,1744,1,0,124,0,0,0,0,0,25,0,0,0,0,0,19,53,2,0,0,183,0
0,0,1,0,0,0,22,95,0,0,0,0,1,0,1,0,0,0,0,0,60,57,1,3,0,3794,1,0,3,11,0,0,23,137,0,0,5,21,0,0,0,0,0,28,0,0,0,2,0,0,3,0,0,0,42,0,0,0,0,281,2,5,0,1,0,0,29,0,4,0,0,0,6,11,0,0,0,1,0,12,0,29,5,0,15,1,0,0,0,21,0,13,1,0,0,0,0,0,0,0,0,0,0,0,0,0,227,1,0,1,0,0,0,0,0,1,0,0,381,1,0,0,0,18,267,0,54,0,0,0,0,1,0,0,0,0,25,0,0,0,1,0,0,0,0,0,1,1,2,0,13,0,0,1,1,0,0,1,0,42,0,0,0,0,0,0,0,0,0,0,0,0,882,0,0,0,4,0,0,0,0,0,0,0,16,0,0,0,0,0,2,56,1,0,0,17,0,1,0,0,0,0,0,18,0,9,0,0,0,3,0,0,0,0,0,1,43,25,138,6,0,82,0,0,0,0,14,0,0,0,278,1,0,627,0,0,0,0,1,3,0,0,0,0,0,0,1,0,0,0,150,0,20,0,5,8,1,0,20,0,28,0,0,1,0,0,0,0,2,2,0,0,0,0,0,0,0,0,3,1060,0,0,398,0,0,8,3,0,14,0,0,0,0,0,3,0,1,0,0,267,0
0,0,0,0,0,0,0,0,0,0,0,0,0,13,46,0,0,58,44,0,3,1,0,0,11,2,4,0,0,32,0,0,0,1,0,0,0,1,0,0,0,0,0,6,0,0,0,11,0,25,0,0,0,0,0,0,0,17,0,1,53,2,0,0,18,30,10,0,29,0,1,0,0,14,141,0,0,0,0,90,0,15,9,0,0,0,0,0,0,0,0,0,0,1761,0,0,0,0,0,0,0,0,0,15,0,0,0,868,216,33,160,0,0,0,0,0,0,14,1,13,0,0,0,0,31,0,1,83,0,68,0,61,0,0,0,1,0,0,0,0,0,0,0,2,156,0,9,0,0,6,4,0,0,0,0,0,0,0,0,4,0,0,0,168,0,1,0,0,0,0,1,0,1,0,0,0,0,0,1,2,0,0,0,0,1,0,0,0,0,0,0,9,0,0,0,0,0,0,0,0,20,0,0,109,0,4,0,0,0,0,0,0,0,0,0,1,1,0,0,3,0,0,0,65,0,0,0,0,15,0,15,1,0,118,0,0,0,0,0,13,0,7,0,0,0,0,0,0,1,0,0,1,0,0,0,0,0,0,0,1,0,5,0,1,0,0,0,0,3,3111,0,8,795,0,0,0,0,1,1,1271,0,0,1,0,0,0,0,3,0,8,0,0,10,0,29,0,6,2,0,1,0
0,0,0,0,0,84,34,0,0,0,0,0,0,0,76,0,0,0,0,0,0,5,0,48,0,1,0,0,0,0,0,0,0,73,0,0,0,101,0,0,401,0,0,0,0,0,121,0,30,0,0,0,0,18,0,0,0,20,0,0,76,0,7,0,0,0,29,0,7,364,0,0,0,0,0,400,0,4,0,721,0,0,0,0,0,0,0,0,59,0,0,3,23,1349,0,0,0,0,0,0,0,0,10,0,0,0,0,1123,0,53,0,0,0,0,0,0,0,121,59,0,0,0,0,0,25,0,1,15,0,0,0,0,0,0,0,4,0,0,0,0,0,0,0,0,10,0,7,0,0,0,0,0,0,0,1,0,0,0,0,0,0,0,0,0,0,0,0,0,0,5,3,0,0,0,0,0,0,0,0,0,0,9,0,0,0,0,2,0,0,0,0,0,1,0,0,0,0,0,0,0,0,0,0,0,0,134,3,0,0,1,0,0,0,0,0,0,0,33,0,0,0,0,0,0,0,0,0,0,0,0,0,0,0,104,0,0,0,0,0,0,0,0,0,0,0,27,0,0,0,0,0,0,26,1,0,0,0,0,3,0,0,0,0,1,0,2,0,0,0,29,59,0,1418,0,0,0,0,0,1,2232,0,1,234,0,0,0,0,0,0,61,0,0,0,1,0,0,107,0,0,22,0
0,0,0,1,0,0,2,0,0,0,0,0,0,0,26,0,1,16,21,0,0,3,0,185,27,102,0,0,0,2,242,0,0,77,1,0,0,0,0,0,0,28,0,0,0,0,0,25,0,16,0,0,140,19,0,1,1,14,0,4,25,0,0,0,0,41,99,1,0,186,0,0,0,1,1,9,0,0,0,809,3,12,0,0,0,0,1,0,102,51,0,1,0,1011,0,0,0,0,0,0,0,0,8,1,0,0,1,2971,15,47,46,0,0,0,0,0,0,19,0,0,13,0,0,0,9,9,0,7,1,101,0,4,0,0,18,0,56,0,0,0,0,0,4,0,1,0,12,2,0,0,5,2,0,1,1,0,0,0,32,0,0,0,0,0,0,0,0,0,0,0,10,0,1,0,8,0,0,0,0,12,39,0,0,0,9,20,0,0,114,0,0,27,2,0,8,0,0,2,0,0,0,0,0,3,0,13,3,0,0,28,0,0,2,0,0,1,0,4,0,0,0,1,0,4,0,0,0,0,0,0,10,1,0,1062,0,0,1,12,0,4,0,0,36,8,0,52,0,0,2,0,0,0,5,1,11,6,0,0,0,112,6,0,0,0,0,0,0,858,12,74,0,0,104,0,1,0,0,1,0,147,0,0,368,0,0,14,0,0,8,11,0,0,0,0,6,0,0,32,0,25,14
0,0,0,0,0,18,0,0,0,0,0,0,6,0,0,1,1,37,0,0,0,0,0,0,12,319,0,3,3,1,0,0,0,18,0,0,4,78,0,0,0,0,0,0,0,26,405,0,0,0,0,0,0,0,0,1,0,23,0,0,48,0,0,0,0,0,18,5,0,71,0,0,0,5,127,553,0,0,1,806,0,0,1,0,102,14,0,0,53,31,0,5,0,1484,0,0,7,58,0,0,0,0,0,15,0,0,0,6,11,14,0,0,0,3,0,0,0,0,52,0,0,0,0,0,94,0,0,0,0,33,432,97,0,0,22,0,49,0,0,0,0,5,0,0,0,0,7,0,0,0,11,0,0,0,2,0,17,0,25,0,0,0,0,0,0,0,0,0,0,9,0,64,1,0,0,0,0,0,57,0,0,0,0,0,11,0,7,0,0,18,0,25,1,0,11,0,0,0,0,0,362,0,0,0,1,2,0,0,3,0,0,0,0,10,2,0,14,0,0,0,0,0,0,0,0,0,0,0,107,0,68,0,1,1,0,0,0,0,0,0,0,0,0,0,0,0,0,0,0,0,0,1,0,0,1,1,0,0,8,277,0,0,0,0,0,0,0,147,0,21,6,75,309,0,0,0,0,0,0,2836,0,5,254,0,0,0,0,0,0,0,0,7,0,0,3,0,5,0,0,32,0
0,1,4,0,0,9,0,0,0,0,0,0,3,0,12,0,0,14,0,1,83,4,0,14,0,0,0,0,1,1,190,0,0,0,0,0,1,0,0,0,0,0,0,0,0,0,0,9,0,0,1,0,0,5,0,0,0,25,0,0,47,0,0,1,0,0,47,0,0,382,0,4,2,0,0,0,2,0,0,1025,0,73,51,0,0,0,0,1,90,0,0,0,1,1124,0,1,3,0,0,0,0,1,0,2,0,0,0,512,0,32,0,15,11,144,0,0,0,23,41,3,0,0,0,0,5,0,940,60,0,0,0,98,0,0,85,0,0,0,0,0,0,0,1,1,0,0,15,0,1,0,9,0,0,0,0,0,19,0,0,0,0,0,0,0,0,0,0,0,0,0,0,0,1,0,0,0,0,0,35,0,0,0,0,9,2,0,0,0,0,0,0,47,0,0,0,0,0,4,0,0,0,0,0,1,0,5,1,1,4,1,1,0,0,0,6,0,67,23,4,0,49,0,0,0,0,0,0,0,0,0,0,0,0,1,0,0,0,6,0,3,0,0,0,0,1,15,1,0,0,0,0,0,0,0,2,0,13,0,0,39,0,0,1,1,4,0,0,0,51,162,0,1,45,4,1,0,0,0,0,2684,0,1274,43,1,0,15,0,0,0,65,0,0,0,0,43,0,9,0,0,15,0
0,0,0,0,0,0,3,0,0,0,0,0,0,0,55,0,0,0,0,0,1,44,0,0,0,0,0,0,0,0,949,14,1,198,0,0,0,412,0,0,0,0,0,13,0,3,0,0,0,0,6,4,0,0,6,0,0,0,0,135,0,0,0,0,0,0,10,0,0,0,5,0,0,0,41,0,0,0,0,12,0,1,695,0,0,136,0,1,0,113,0,70,0,0,0,21,0,0,3,0,0,0,0,0,0,0,0,0,0,0,0,0,0,1,0,16,0,0,390,0,0,0,0,0,69,0,0,0,0,0,32,1,15,0,0,38,0,0,0,4,0,0,0,2,0,0,60,0,0,0,8,2,0,0,1,0,0,0,0,6,0,0,0,0,0,0,0,0,2,0,0,0,0,0,0,0,0,188,175,0,0,0,0,0,0,0,0,0,0,0,32,22,0,0,0,1,0,0,0,0,0,28,0,21,771,226,0,0,0,0,0,9,0,0,0,19,71,25,0,0,145,39,0,184,0,0,3,0,5,0,0,0,0,157,0,0,79,0,0,0,0,0,0,0,7,0,0,0,0,0,0,0,34,0,0,47,16,0,0,1,23,0,0,6,0,0,0,42,0,1582,0,0,0,0,0,5,0,0,0,1810,0,0,125,0,0,0,0,0,4,21,85,0,0,0,0,53,40,0,0,299,0
0,0,0,0,0,0,0,0,0,0,0,0,0,0,0,0,0,0,0,0,0,0,0,0,0,6,0,0,0,0,0,1,0,3,0,0,149,75,0,0,0,0,0,0,0,2,0,0,0,0,0,0,0,0,0,0,0,46,0,52,70,0,0,2,0,0,0,0,30,66,0,0,0,0,272,0,0,0,0,1347,0,18,0,0,0,0,0,0,0,0,1,0,0,3399,0,0,5,374,0,0,0,0,0,0,0,0,0,1,73,5,0,0,0,0,0,0,0,0,24,0,0,0,0,65,0,0,0,102,0,509,0,0,0,0,0,0,0,0,0,0,0,0,0,0,0,0,7,0,0,0,0,0,0,14,0,0,0,0,0,0,0,0,0,910,0,0,0,0,0,0,0,1,3,0,0,0,0,0,0,0,0,0,0,0,0,0,0,0,0,0,0,99,2,0,0,0,0,0,0,0,0,0,0,0,0,24,0,0,2,0,0,0,0,0,0,0,0,0,0,2,0,0,0,0,0,0,0,0,0,0,0,0,0,481,0,0,0,0,0,0,0,0,0,0,2,0,0,0,0,0,0,0,0,0,0,39,0,0,0,0,0,0,0,4,0,0,0,0,0,119,0,0,321,0,0,0,0,0,0,903,0,0,171,0,0,0,0,0,0,0,0,0,0,0,46,0,0,0,0,155,0
0,0,0,0,0,27,0,0,0,0,0,0,9,269,78,0,0,0,0,0,0,0,0,0,14,914,0,15,1,0,0,0,0,31,0,0,0,43,12,0,0,0,0,0,0,34,1,48,0,0,2,0,0,15,0,0,0,0,0,0,14,0,0,1,0,63,390,0,8,78,20,0,3,0,0,1,0,15,0,1326,0,0,0,0,0,51,0,0,0,34,0,1,0,775,0,0,0,0,0,0,0,40,0,0,14,0,0,1,0,0,0,3,0,0,0,0,0,12,60,0,0,0,0,0,15,0,0,0,0,223,0,0,0,0,0,0,56,0,1,0,12,0,0,0,0,0,0,0,0,0,10,0,0,0,1,0,0,0,0,82,0,0,0,0,0,0,0,0,0,4,0,0,1,0,0,0,0,44,327,0,0,0,0,0,0,0,0,0,0,0,0,37,1,1,0,0,29,0,0,0,0,0,0,19,0,9,0,0,2,0,0,0,0,0,10,0,203,0,0,0,0,24,0,0,0,0,0,0,254,0,0,0,0,591,0,0,0,0,0,3,0,0,95,0,0,0,0,0,0,0,21,0,20,0,5,3,9,0,0,0,6,4,0,0,0,0,0,41,0,500,5,0,235,0,0,0,0,0,11,1985,0,0,478,0,0,0,0,0,89,0,0,0,0,0,23,0,5,0,0,88,0
0,1,3,0,0,27,0,0,0,0,0,0,32,0,0,0,0,72,0,0,0,1,0,0,0,163,0,0,0,0,20,0,0,7,0,0,1,0,0,0,0,0,0,0,0,0,0,14,0,0,0,0,0,20,0,0,0,22,0,2,41,0,0,1,0,22,0,0,0,144,1,3,2,1,0,242,1,5,0,359,1,44,0,0,0,0,0,0,0,0,55,0,1,1514,0,0,0,0,0,2,0,138,65,2,0,0,0,3377,0,21,0,1,112,0,0,0,0,26,86,0,3,0,0,0,1,0,2,90,0,0,0,0,0,0,29,0,0,0,0,0,0,0,0,2,0,0,12,0,1,0,2,0,0,2,2,0,11,0,0,0,0,0,0,0,0,1,0,0,0,4,2,0,0,0,0,0,0,1,0,4,0,0,0,0,2,0,0,0,0,0,0,0,0,0,0,0,0,1,0,0,0,0,0,221,0,303,0,0,0,27,0,0,0,0,1,1,1,2,2,0,0,0,0,109,0,0,0,0,0,0,0,1,0,1316,0,0,1,1,0,0,0,0,0,0,0,30,0,0,0,0,0,1,1,0,1,87,8,0,1,0,1,0,0,3,1,0,0,0,3,796,0,0,81,5,0,0,1,0,0,5,0,0,65,0,0,0,0,0,4,62,0,0,0,0,0,0,36,0,0,12,0
0,0,0,0,0,2,1,32,0,0,4,1,0,0,0,0,39,0,2,0,201,74,0,0,0,2,0,0,19,85,404,473,0,92,0,0,0,202,0,0,0,0,0,0,0,189,148,5,0,0,3,0,1,6,163,1,0,0,0,460,4,92,1,0,0,0,72,0,32,0,0,0,0,0,0,0,0,0,0,0,0,0,249,0,0,0,0,0,0,0,0,7,1,0,0,0,0,0,0,0,0,0,0,0,0,0,0,0,0,0,0,366,0,0,0,0,0,0,425,0,0,0,0,0,51,0,0,0,0,0,0,0,0,0,0,0,0,0,0,0,5,0,0,0,0,0,16,0,1,0,32,16,0,7,0,0,0,0,0,0,0,0,0,0,0,0,0,0,0,3,0,0,2,0,0,0,3,508,68,3,0,0,8,0,13,0,0,0,0,0,0,160,1,0,37,0,0,0,0,0,0,0,0,0,0,43,7,0,0,0,2,0,0,0,0,0,0,0,111,0,155,0,0,0,0,0,0,0,0,0,237,0,0,0,0,0,38,0,0,17,0,0,0,0,0,0,0,0,0,0,0,0,19,0,0,4,69,0,11,0,1,0,0,3,0,0,0,0,0,24,128,0,246,0,1,0,1,0,0,3158,0,0,368,0,0,0,0,0,138,0,0,0,0,0,253,0,0,0,53,123,0
0,0,0,0,0,0,1,0,0,0,0,0,0,0,1,19,0,0,0,0,38,0,0,1,0,831,0,0,2,9,1,0,0,100,0,0,15,0,0,0,0,0,0,0,0,116,0,0,0,0,0,0,0,0,0,0,0,0,0,1,0,0,0,0,0,0,1,0,0,0,0,0,4,15,0,300,0,0,0,0,0,0,0,0,0,0,1,0,0,41,0,0,0,0,0,0,0,0,0,0,0,407,0,0,0,0,0,96,0,0,0,0,0,0,1,0,0,0,5,7,0,0,0,1,1414,0,0,0,0,0,0,11,0,0,0,0,1,0,0,0,10,0,0,0,0,0,0,0,0,0,16,5,0,4,0,0,0,0,0,47,0,0,0,147,0,0,0,1,0,0,7,0,0,0,0,0,0,0,0,1,0,0,0,0,25,0,0,0,0,0,0,9,1,1,0,0,0,0,0,0,0,0,0,0,0,2,4,0,5,1,0,0,0,0,0,0,0,0,0,0,0,0,0,0,0,0,0,0,0,0,164,1,0,587,0,0,0,0,0,0,0,0,0,0,0,0,0,0,0,0,36,2,0,1,0,0,13,0,0,0,0,0,0,0,12,0,0,0,0,15,0,0,1553,0,1,0,1,0,0,3867,0,0,0,0,0,14,0,1,0,0,0,0,0,0,0,0,5,0,0,10,0
0,0,0,0,0,10,21,0,0,0,0,0,6,275,25,0,0,0,15,1,0,29,0,0,0,664,0,0,5,1,11,0,0,36,0,0,0,73,0,0,0,0,0,0,0,0,0,43,0,14,0,0,0,14,0,0,0,11,0,5,44,0,120,0,0,26,203,1,46,0,0,0,0,36,0,1,0,0,0,708,0,0,72,0,0,0,0,1,36,0,0,2,1,418,0,1,0,0,0,0,0,0,0,0,0,0,0,25,0,252,53,0,0,0,0,0,0,19,10,0,0,0,0,0,0,0,33,0,0,1,0,0,0,0,0,0,0,0,0,0,0,0,0,0,0,0,0,0,0,0,17,0,0,0,0,0,0,0,0,271,0,0,0,0,0,1,0,0,0,0,0,0,0,0,0,0,0,0,8,1,0,0,0,0,2,0,0,0,0,0,0,75,1,1,0,1,0,1,0,0,0,0,0,0,0,4,0,3,1,1,0,0,0,0,0,0,128,0,1,0,0,0,0,0,0,0,0,0,0,0,0,0,0,1794,0,0,1,0,0,0,0,0,416,0,0,0,1,0,0,0,0,0,0,0,0,0,1,0,0,2,5,0,0,0,1,0,0,0,3,4,0,0,257,4,5,0,0,0,0,3214,0,0,218,0,1,1,0,14,20,0,0,0,0,0,119,0,12,0,0,34,0
0,0,0,0,0,0,106,0,0,0,0,0,10,0,0,0,0,0,0,0,0,0,7,0,0,4366,0,0,24,56,0,0,0,0,0,0,10,1271,0,1,0,0,0,0,0,0,0,0,0,0,0,0,0,0,0,0,0,0,0,0,0,0,0,0,0,0,0,0,0,0,0,0,0,0,0,0,0,0,0,0,0,0,0,0,0,10,0,0,0,0,0,38,6,0,0,0,95,0,0,0,0,69,0,0,0,0,0,0,0,0,0,0,0,0,0,0,0,0,1046,0,0,0,0,3,748,0,0,56,0,0,0,0,0,3,27,0,0,10,0,0,20,0,0,0,0,0,8,0,2,0,0,0,0,0,0,0,0,6,0,0,0,0,0,0,0,0,0,0,0,0,0,0,0,0,0,0,0,0,0,0,0,0,0,0,101,0,0,0,0,0,0,0,0,0,0,0,0,0,0,0,0,0,0,0,0,445,13,0,0,4,0,0,0,0,0,0,0,0,317,0,0,0,0,0,0,0,0,0,0,0,0,1,0,0,0,0,0,0,0,10,0,0,0,0,0,0,225,0,0,0,0,0,0,0,0,43,0,0,0,0,0,0,0,6,0,0,0,0,0,21,0,0,403,0,0,0,0,0,0,0,0,0,0,0,0,4,0,0,0,0,0,0,0,7,0,0,88,0,0,315,0
0,0,0,0,0,0,0,0,0,0,0,0,0,0,20,0,0,85,0,1,0,0,0,48,33,255,0,0,0,0,0,2,0,16,0,0,0,0,0,0,0,0,0,0,208,0,0,0,0,63,0,0,0,37,0,0,3,34,0,0,126,0,12,0,0,0,20,47,0,278,0,0,0,0,0,0,0,0,0,1340,0,0,0,0,0,0,0,0,58,175,0,0,1,518,0,1,0,0,0,0,0,0,0,0,0,0,0,159,43,420,0,0,0,12,0,0,0,81,0,0,0,0,0,0,277,0,0,14,0,0,0,1,0,0,0,0,44,0,0,1,14,8,9,0,0,0,0,0,0,47,28,0,0,0,0,14,43,0,0,0,0,0,0,0,0,0,0,43,0,0,0,0,0,0,0,0,0,0,703,0,0,0,0,0,0,0,0,0,0,0,0,39,0,2,0,0,0,0,0,0,0,0,0,0,0,64,0,0,0,7,0,0,0,8,0,0,74,0,1,0,0,95,0,0,0,0,0,0,109,0,70,0,0,810,0,0,0,0,0,0,0,0,0,0,2,0,0,19,0,0,0,0,0,0,0,0,0,0,0,0,0,0,0,0,0,0,0,0,0,127,0,0,526,0,1,0,0,0,0,2436,0,0,0,2,0,0,0,6,0,0,0,0,0,0,20,0,44,0,0,194,0
0,0,0,1,0,10,1,14,0,0,3,0,7,12,40,0,0,8,23,0,0,0,0,28,63,10,0,0,0,28,0,0,0,71,0,0,1,283,0,0,155,0,0,0,0,0,0,21,0,0,2,0,0,0,0,4,3,16,0,153,43,0,6,1,0,25,207,3,32,78,12,0,3,4,1,184,0,0,0,1578,0,0,85,0,21,0,0,1,43,0,0,4,1,409,0,0,0,0,0,0,0,1,0,14,0,0,0,47,0,13,52,0,0,76,0,0,0,10,315,0,0,0,0,0,5,0,117,0,0,142,0,30,0,0,0,1,45,0,0,0,414,2,0,0,0,0,38,0,0,0,0,0,0,1,0,2,0,0,0,54,0,0,0,0,1,0,3,0,0,0,7,0,0,0,0,0,1,0,107,0,0,3,0,0,5,8,0,0,0,0,0,0,1,0,222,0,0,0,0,111,0,0,0,12,63,265,0,0,0,1,0,0,0,0,45,0,112,0,197,18,58,18,0,0,0,0,0,0,0,0,156,0,0,270,0,0,4,0,1,0,0,0,0,0,0,0,0,0,0,0,0,4,39,0,102,0,22,0,0,0,0,0,0,9,1,0,0,0,11,500,0,0,288,1076,0,0,0,8,58,754,0,0,176,0,0,0,0,2,0,0,0,0,0,0,0,0,16,0,0,174,0
0,0,0,0,0,17,0,0,0,0,0,0,0,0,210,0,0,32,0,0,0,41,0,0,0,1018,0,0,21,2,53,0,0,26,0,0,1,3,0,0,0,0,0,31,0,1,0,0,0,0,0,0,0,0,0,0,0,0,0,1,31,0,0,1,0,0,6,0,2,6,0,0,0,3,120,71,1,2,0,183,0,0,1,0,0,0,0,0,34,216,0,11,1,771,0,0,0,0,33,0,0,0,0,19,0,5,0,76,0,13,0,0,0,518,0,0,0,0,37,0,0,0,0,1,99,20,0,62,0,0,0,21,1,1,0,0,0,0,0,0,0,0,0,0,0,0,25,0,0,0,0,23,0,0,0,0,0,0,0,25,0,1,0,3,0,0,0,0,0,0,2,0,1,0,0,0,0,29,102,0,0,0,0,0,0,0,0,0,0,0,1,21,0,0,0,0,0,0,0,1,0,0,0,134,0,30,0,0,0,10,0,0,0,1,18,0,149,4,0,0,23,1,0,0,0,0,0,0,132,0,110,0,0,3306,0,0,0,0,0,67,1,0,0,0,0,0,0,0,0,0,0,4,38,0,11,0,5,0,2,0,0,0,0,8,0,0,0,0,0,110,0,1,204,0,0,0,0,0,3,1294,0,0,134,0,0,0,0,0,0,30,0,0,9,0,0,0,27,0,0,87,0
0,0,0,1,0,15,0,1,0,0,0,0,5,0,0,0,0,24,0,0,8,2,0,0,0,67,0,0,6,1,0,0,0,3,0,0,8,254,2,0,0,8,0,3,25,1,0,0,0,0,1,1,0,7,4,0,0,40,0,1,57,0,8,0,0,0,31,0,0,154,1,0,0,1,0,918,0,0,0,129,0,9,3,0,0,0,0,0,56,90,0,1,1,1025,0,0,0,0,23,0,0,0,0,3,0,0,1,1613,43,83,0,0,0,52,0,1,0,14,34,2,0,0,0,2,19,0,20,11,0,12,0,1,0,0,98,0,49,0,0,0,0,0,0,0,77,0,27,9,0,0,11,0,3,23,1,0,0,0,13,0,13,0,0,0,0,0,0,6,0,0,0,0,1,0,0,16,0,1,48,0,0,0,0,0,3,0,0,0,0,0,0,207,8,0,0,0,0,0,0,0,0,0,0,14,0,8,0,0,3,25,0,0,0,0,16,0,1,4,57,0,10,27,0,0,0,0,140,0,37,0,20,1,0,176,0,0,0,0,0,15,0,0,0,0,0,0,0,0,0,0,1,0,2,0,0,2,0,0,0,5,0,0,0,8,1,0,0,0,0,390,0,0,312,0,13,0,0,0,4,2922,0,0,97,0,0,0,0,0,1,34,0,0,0,0,76,3,12,0,0,44,0
0,0,0,0,0,1,3,0,0,0,0,0,2,1,46,0,0,0,0,0,4,46,1,9,0,444,0,0,130,0,0,0,8,169,0,0,5,1421,1,0,0,0,0,30,0,191,0,0,28,0,14,2,0,0,0,0,0,0,0,0,0,102,1,0,0,8,109,0,278,49,0,9,0,0,0,0,0,0,0,0,0,0,0,0,7,38,0,2,0,23,0,16,41,0,0,0,0,0,0,0,0,17,2,0,1,0,203,572,0,0,6,0,0,191,0,0,0,0,393,3,0,0,0,2,63,0,0,0,0,0,0,31,0,0,0,0,4,0,0,0,2,0,0,0,0,0,63,0,0,34,94,0,0,0,0,0,0,41,0,65,0,0,0,0,0,0,0,0,0,0,0,0,94,0,0,0,0,27,325,0,0,0,0,0,58,0,0,0,0,0,0,149,24,0,0,0,298,0,0,0,0,0,0,152,0,11,5,0,0,18,2,0,0,0,0,1,1,0,0,0,26,0,0,0,0,0,0,0,0,0,48,1,0,33,0,0,0,0,0,5,0,0,0,0,1,0,0,0,0,0,22,0,0,0,116,26,0,0,0,349,0,0,89,1,44,0,0,0,0,756,0,0,116,0,8,0,0,0,0,1,0,0,1907,0,0,0,0,5,0,0,0,0,0,0,0,0,1,0,0,252,0
0,0,0,0,0,52,0,0,0,0,0,0,9,0,2,0,0,76,0,0,0,6,0,16,0,205,0,16,1,0,0,0,0,7,0,0,1,0,0,0,196,0,0,0,113,9,0,59,0,21,0,0,0,0,0,0,5,11,0,0,0,0,4,0,0,49,68,0,0,0,0,0,0,105,0,128,0,0,0,1450,0,0,19,0,0,46,107,0,37,0,0,2,1,1216,0,1,7,0,0,0,0,0,0,0,0,0,0,60,43,0,0,0,0,139,0,1,0,13,134,0,3,0,0,2,7,0,0,48,0,122,0,56,0,1,0,0,7,0,0,0,10,0,0,0,0,0,41,0,0,0,0,5,0,0,3,0,0,0,0,0,0,0,0,1,0,0,0,0,0,0,0,0,18,0,0,0,0,67,0,0,0,0,0,0,0,0,0,0,0,1,0,364,1,0,0,0,0,0,0,0,0,0,0,0,0,83,0,0,0,0,0,0,0,0,0,0,31,0,413,0,0,0,0,0,0,0,0,0,34,0,0,0,0,0,0,0,0,0,0,1,0,0,0,0,0,0,0,0,0,0,9,0,41,0,0,14,11,0,0,0,0,0,0,3,0,0,0,0,0,6,0,0,31,0,1,0,0,0,0,3822,0,0,241,0,0,0,0,0,0,0,0,0,0,0,5,0,27,0,0,39,0
0,0,2,0,0,0,3,0,2,0,0,0,1,0,57,0,1,0,0,0,0,24,0,11,0,3247,0,0,33,38,565,0,0,1,0,0,20,75,2,0,0,0,0,0,0,259,0,0,0,0,0,0,0,0,0,0,0,0,0,0,0,0,0,0,0,0,13,0,1,0,0,0,0,0,0,0,0,0,0,0,0,0,0,0,0,1,4,0,0,18,0,55,2,0,0,0,0,0,0,0,0,11,0,0,0,7,551,1,0,0,0,0,0,0,0,2,0,0,13,0,13,13,0,0,45,0,0,0,0,0,0,331,0,0,0,3,4,0,0,0,14,0,0,0,0,0,3,0,0,0,0,0,0,0,0,0,0,0,0,121,0,0,0,748,0,0,0,0,0,0,0,0,0,0,10,0,0,0,18,8,0,0,0,0,13,0,0,0,0,0,126,5,0,0,0,0,0,0,0,0,0,0,0,0,1,5,0,0,0,27,0,0,0,0,5,0,0,44,0,0,0,0,0,42,0,0,0,0,0,0,369,0,0,181,0,0,0,0,0,0,0,0,138,0,1,0,0,0,0,0,0,7,0,0,3,1,131,0,0,5,0,0,0,1,0,0,0,0,0,1214,0,0,228,0,1,0,0,12,0,887,0,0,96,0,0,0,0,9,21,0,0,0,0,0,0,0,1,0,0,77,0
44,0,0,27,0,0,2,1,0,0,0,0,0,0,26,0,0,0,0,0,0,0,0,1,0,364,0,0,6,96,133,61,0,235,0,0,10,0,0,0,0,0,0,0,0,212,0,0,0,0,0,0,0,0,0,0,0,0,0,8,0,0,0,0,0,0,24,0,0,221,7,0,0,0,0,0,0,0,0,47,0,0,0,0,0,0,0,0,0,0,0,2,9,0,0,0,0,0,70,3,0,81,0,0,0,0,0,3578,0,54,1,0,0,7,0,0,0,0,0,1,0,0,0,1,173,0,0,0,0,0,0,47,0,0,0,0,1,0,0,0,0,0,0,0,0,0,3,0,0,0,8,0,0,6,0,0,0,0,0,0,0,0,0,0,0,0,0,0,0,0,1,0,0,0,0,0,0,0,11,0,0,0,0,0,0,0,0,0,0,0,0,12,0,0,0,0,12,0,0,0,0,0,0,2,0,0,0,0,1,0,0,0,0,0,3,0,106,0,0,0,0,0,0,0,0,0,0,0,3,0,0,0,0,23,0,0,8,0,0,0,0,0,0,0,0,28,0,0,0,0,0,0,0,0,0,0,0,0,9,0,0,0,3,0,0,0,0,0,0,768,0,0,1181,0,0,0,0,0,0,2068,0,0,158,0,0,0,0,3,0,0,0,0,0,0,0,0,3,0,0,27,0
0,0,0,0,0,0,0,0,0,0,0,0,0,0,172,0,0,0,0,0,0,0,0,0,0,2200,0,0,0,0,208,0,0,0,0,0,0,86,0,0,0,0,0,113,0,28,0,0,0,0,0,0,0,0,0,0,0,0,0,0,0,0,0,0,0,0,869,0,0,0,0,0,0,0,0,0,0,0,0,97,0,7,0,0,0,0,0,1,0,59,0,0,0,0,0,0,0,0,212,0,0,0,0,0,0,0,200,1718,0,0,0,0,0,0,0,0,0,0,24,0,0,0,0,2,0,0,0,0,0,0,0,493,0,0,0,0,0,0,0,0,0,0,0,0,0,0,33,0,0,0,0,0,0,0,1,0,0,0,13,66,0,0,0,0,0,0,0,0,0,0,0,0,0,0,0,0,0,0,3,0,0,0,12,0,0,0,0,0,0,0,0,0,0,0,0,0,0,0,0,0,0,0,0,508,0,0,0,0,0,0,0,0,8,0,0,0,0,88,0,0,0,0,0,0,0,0,0,0,155,0,0,0,0,1080,0,0,0,0,0,221,0,0,0,0,0,0,0,0,0,0,0,0,0,0,36,0,0,0,0,0,0,0,0,0,0,0,0,0,0,0,0,0,640,3,0,0,0,0,0,565,2,0,2,0,0,0,4,0,0,0,0,0,0,0,0,0,0,70,0,0,0
0,0,0,0,0,0,0,0,0,0,0,0,0,340,32,0,0,0,0,0,0,10,0,0,0,24,0,0,4,3,105,0,0,220,0,0,14,0,0,0,0,0,496,0,0,0,0,0,0,1,0,0,0,0,0,2,0,0,0,0,0,0,0,0,35,0,0,0,0,0,0,0,0,0,0,0,0,11,0,171,0,0,0,0,7,0,0,0,0,0,0,0,0,0,0,0,4,0,46,0,0,101,0,0,0,0,0,437,0,42,0,0,1,344,0,0,0,0,30,0,0,0,0,0,0,0,0,0,0,0,17,44,0,0,0,0,0,0,0,0,1,0,0,0,0,0,4,0,0,0,0,0,0,0,0,0,0,0,0,51,0,0,0,0,0,1,0,0,0,0,0,0,0,0,0,0,0,0,78,0,0,0,0,39,1,0,0,0,0,0,0,0,0,0,0,0,0,0,1,0,0,0,0,0,0,3,1,0,0,0,0,0,0,0,0,0,0,0,1,0,0,0,0,0,0,0,0,0,0,0,60,1,0,195,1,0,0,0,0,0,0,0,0,0,0,0,31,0,0,0,0,1,0,0,0,0,1,0,0,0,0,0,0,0,0,3,0,0,29,42,0,0,186,0,0,0,0,0,2,6620,0,0,0,0,14,0,0,0,1,28,0,0,0,0,18,0,44,0,0,0,0
0,0,0,0,0,0,12,0,0,0,4,9,0,0,0,0,0,0,0,0,0,57,0,4,0,0,0,0,87,0,255,0,0,0,0,0,17,198,0,2,0,0,0,0,0,109,0,0,4,0,0,0,0,0,0,0,0,3,0,386,0,0,1,0,0,0,0,1,10,0,0,0,0,0,0,0,0,0,0,13,0,3,11,0,0,2,0,854,0,117,0,108,128,0,0,14,0,0,38,0,0,8,0,3,5,0,94,0,0,18,0,2,0,0,0,0,0,1,127,0,0,0,23,0,46,0,1,11,0,0,0,0,0,12,0,0,0,0,0,0,23,0,0,0,0,605,0,0,0,0,0,0,0,0,1,0,0,0,0,86,0,0,0,0,0,1,0,0,0,0,0,36,1,0,0,0,0,0,643,0,0,0,0,0,4,0,0,0,0,0,0,150,1,0,0,0,199,0,1,0,0,0,0,0,0,109,11,0,1,4,0,0,0,0,3,0,104,0,64,0,66,0,0,0,0,0,0,0,0,24,10,0,0,199,0,0,0,0,0,0,0,0,0,0,0,0,1,2,0,0,0,0,0,0,0,30,0,0,0,0,6,0,0,0,0,0,0,0,113,8,0,0,326,0,0,0,0,0,5,3793,0,0,507,0,0,0,0,1,10,10,0,0,0,0,44,0,0,0,0,0,0
0,0,1,1,0,22,5,0,0,0,0,0,0,30,89,0,0,8,0,0,0,9,10,105,14,54,0,0,0,0,1,0,0,1,0,0,1,0,0,0,0,0,0,0,0,0,28,46,0,14,0,0,0,11,0,0,0,54,0,0,41,0,28,0,1,171,14,23,154,34,0,0,0,90,531,1,0,0,0,1069,0,0,0,0,5,0,0,0,29,39,5,0,1,254,0,1,0,0,0,0,0,0,0,18,0,0,0,2792,0,0,0,5,0,0,0,0,0,149,38,1,0,0,0,0,4,1,4,0,0,1,0,445,0,1,0,11,0,0,0,0,0,0,0,0,0,0,0,0,0,11,3,0,0,0,0,0,0,0,0,23,0,0,0,0,0,1,0,0,0,0,0,0,1595,0,0,0,0,8,14,0,0,0,0,0,0,0,0,0,0,0,0,13,4,0,0,0,0,0,1,0,0,0,0,0,133,0,0,0,0,7,0,0,4,0,1,0,105,0,60,2,0,0,0,0,0,0,0,0,0,0,90,0,0,158,0,0,0,0,0,0,0,0,44,0,0,0,13,46,0,0,0,0,0,0,0,0,0,2,0,0,2,14,0,0,0,0,0,26,0,93,0,0,197,0,1,0,0,0,4,795,0,0,2,0,0,0,0,11,38,0,0,0,0,0,7,0,2,0,0,9,0
0,0,0,59,0,0,0,0,0,0,0,0,0,0,14,0,0,0,0,0,0,2,0,0,0,2716,0,0,98,1,0,0,0,5,0,0,1,0,0,0,0,0,0,0,0,0,0,0,0,0,0,0,0,0,0,0,0,0,0,0,0,0,0,0,0,0,1790,0,0,0,0,0,2,0,0,0,0,0,0,0,0,0,137,0,0,1,116,0,0,9,0,23,60,0,0,117,0,0,0,0,0,0,0,0,0,0,0,2585,0,0,0,0,0,0,0,1,0,0,105,0,0,0,0,145,1,0,0,0,0,0,0,0,0,2,0,0,46,0,0,0,7,0,0,0,0,0,0,0,0,0,0,0,0,0,0,0,0,0,0,0,0,0,0,0,0,0,0,0,0,0,0,0,0,0,0,5,0,0,0,0,0,0,0,0,0,0,0,0,0,0,0,0,0,0,0,0,0,0,0,0,0,0,0,0,0,19,0,0,1,4,0,0,0,5,0,0,0,0,1,0,33,0,0,0,0,0,0,0,0,0,0,0,0,831,0,0,0,0,0,0,0,0,0,0,4,49,0,0,0,0,0,0,0,0,1,2,4,0,0,0,0,0,0,1,0,0,16,0,0,881,0,0,65,0,0,0,0,0,0,6,1,0,7,0,0,0,0,2,0,0,0,0,0,0,1,0,4,0,0,15,0
0,0,0,0,0,29,0,0,0,3,0,0,5,0,24,0,0,35,0,0,0,0,0,42,0,281,0,4,2,2,0,0,0,0,0,0,213,0,0,0,0,0,0,0,32,0,0,0,0,19,0,0,0,0,0,0,3,18,0,30,0,0,35,0,0,6,0,5,4,0,0,0,0,0,0,266,3,0,1,1038,0,0,0,0,0,0,0,0,39,0,0,1,3,1741,0,5,1,0,0,0,0,22,0,0,0,0,0,1005,29,1,0,0,0,0,0,0,0,34,0,0,6,0,0,0,0,0,0,0,0,189,0,0,0,1,46,2,276,0,0,2,0,4,0,1,0,0,0,0,0,0,0,0,0,0,0,0,22,3,0,0,30,0,8,0,0,0,0,0,0,0,0,1,1,2,0,0,0,0,0,0,0,0,0,0,0,0,0,0,0,0,0,0,0,0,0,1,0,0,0,0,0,0,0,0,0,0,0,0,0,0,0,0,0,0,0,0,0,0,0,0,0,0,88,0,0,0,0,0,0,0,0,1,0,505,1,0,0,0,0,0,0,0,0,0,0,0,0,0,0,0,0,0,0,0,0,0,0,0,0,1,0,0,0,0,4,0,0,0,0,14,0,0,1159,12,0,0,0,0,0,2594,0,0,0,1,0,46,0,0,0,0,0,0,0,2,0,0,0,0,0,0,0
0,0,0,1,0,0,0,0,0,0,0,0,0,0,24,0,0,0,0,0,0,1,0,0,7,2126,0,0,0,1,0,104,0,38,0,0,5,5,0,0,0,0,0,5,120,7,0,0,0,0,0,0,0,0,0,0,0,21,0,0,125,14,0,0,7,44,68,0,22,393,0,0,0,8,1,1,0,0,0,168,0,0,0,0,4,0,0,0,42,122,1,0,0,1119,0,0,3,0,6,0,0,28,0,0,0,15,1,853,16,64,0,0,0,16,0,0,0,0,13,0,15,0,0,0,109,9,0,0,0,0,0,224,0,0,0,0,0,0,0,0,0,0,1,0,0,0,0,1,0,0,14,0,0,0,0,1,0,0,0,0,0,0,0,0,0,0,0,0,0,0,0,0,122,0,0,0,0,0,0,0,0,0,0,0,1,0,0,0,0,0,0,52,0,0,0,0,0,0,0,0,0,0,0,4,0,0,0,0,0,1,0,0,5,0,0,0,0,0,0,0,0,0,0,0,0,0,0,0,0,0,14,0,0,769,0,0,0,0,0,5,0,0,0,0,4,0,0,0,1,0,40,0,0,0,0,1,3,0,0,1,1,0,0,1,0,0,0,0,0,92,0,0,211,0,0,0,0,0,5,2537,0,0,91,0,0,0,0,0,20,1,0,0,0,0,11,0,0,0,0,22,0
0,0,0,0,0,12,0,0,0,0,0,0,0,1,74,0,0,80,0,0,0,3,0,0,0,828,0,1,46,38,0,0,0,34,0,0,1,0,0,0,0,0,229,0,0,13,0,0,0,22,6,0,0,0,16,0,0,0,0,29,60,0,0,0,0,0,112,0,0,105,0,0,0,5,0,3,0,0,0,585,0,0,121,11,0,0,0,0,99,10,0,0,1,722,8,1,0,0,0,0,0,0,0,41,0,0,0,1,34,34,0,0,0,30,0,0,1,0,515,1,6,0,0,2,1,0,102,0,0,165,0,50,0,0,0,0,26,0,0,0,0,0,0,0,2,0,50,0,0,1,0,0,0,0,0,0,0,0,0,103,0,0,0,0,0,1,0,0,0,0,8,0,1,0,0,0,0,64,397,0,0,0,0,0,0,0,0,0,0,3,0,169,1,0,0,0,4,0,1,0,0,0,1737,1597,0,114,10,0,0,0,0,0,0,0,8,0,39,0,456,0,0,2,0,0,0,0,0,0,11,3,108,0,0,0,0,0,0,0,0,0,0,0,0,0,0,0,1,0,0,0,1,5,0,0,0,0,14,0,4,0,0,0,0,2,0,0,0,0,0,2,0,24,123,0,0,0,0,0,32,89,0,2,418,0,0,0,0,0,34,14,0,0,0,0,0,0,3,0,0,64,0
0,0,0,0,0,0,0,0,0,0,0,1,0,1,75,7,0,42,0,1,7,5,0,0,29,240,0,3,8,51,107,27,1,14,0,0,1,156,0,0,0,43,0,39,0,41,87,114,0,0,1,0,0,19,8,0,0,0,0,31,54,0,0,0,0,6,40,0,0,174,18,0,0,7,145,0,0,3,0,580,4,80,1,0,0,0,0,0,73,212,0,0,0,856,32,0,0,0,17,0,0,0,0,1,10,6,60,39,0,32,0,9,0,139,41,0,0,0,103,0,0,2,0,8,0,0,1,77,1,12,185,1,1,0,0,0,0,1,0,0,0,0,0,0,0,0,8,12,0,0,4,57,0,5,1,0,0,0,2,38,0,0,0,75,0,0,0,0,0,0,5,0,7,0,0,0,0,26,365,2,32,0,0,0,5,0,0,2,0,0,1,106,0,0,0,0,70,0,0,0,1,0,0,729,0,55,7,0,0,13,0,1,8,13,2,0,95,4,0,0,0,20,0,0,0,14,31,0,107,1,43,4,0,1454,0,4,0,0,0,0,7,0,41,23,0,0,0,0,0,0,31,8,19,1,21,87,3,0,10,8,2,0,0,4,0,0,0,211,0,56,6,5,312,0,0,0,0,1,2,143,0,0,257,0,803,0,0,5,1,59,5,1,1,0,7,0,0,19,0,228,0
0,0,2,0,0,30,0,1,0,0,0,0,10,0,70,0,0,9,0,0,0,1,0,0,0,43,0,1,2,12,0,0,0,12,0,0,1,0,0,0,0,0,0,0,0,0,0,49,0,23,0,0,0,34,0,0,0,25,0,1,54,0,0,0,0,0,20,0,3,0,1,0,0,1,0,814,0,12,0,292,0,0,0,0,0,23,1,0,135,0,0,0,1,909,0,5,3,0,0,0,0,0,0,0,0,0,0,12,134,0,0,0,0,0,2,1,0,233,63,4,0,0,0,0,8,4,0,73,0,68,0,0,0,0,0,1,43,0,0,0,36,0,0,0,0,0,0,0,0,0,0,4,0,14,1,0,0,0,0,0,0,0,0,0,0,0,0,0,0,1,1,0,0,0,0,0,0,0,0,0,0,0,0,0,0,0,0,0,0,0,0,48,1,0,0,0,0,0,0,0,0,0,0,0,0,6,1,0,0,0,8,0,0,6,0,0,0,0,73,0,0,2,0,0,0,0,0,0,86,0,144,0,0,476,0,0,1,0,0,7,0,0,0,0,0,0,0,0,0,0,0,0,0,0,0,5,40,0,2,3,1,0,0,0,0,0,0,0,0,1177,0,2,1879,0,0,2,6,0,0,2591,0,35,77,0,0,6,0,0,3,0,0,0,0,0,0,0,3,0,0,15,0
0,0,0,0,0,0,0,0,0,0,0,0,0,0,6,0,0,0,0,0,0,60,0,5,0,3332,0,0,26,16,0,0,0,231,0,0,0,4,0,0,0,0,0,0,0,122,0,0,0,0,0,0,0,0,0,0,0,0,0,0,0,0,0,0,0,0,0,0,0,0,0,0,0,0,0,0,0,0,0,12,0,0,71,0,0,2,2,0,0,0,0,7,11,0,0,0,0,0,53,0,0,25,0,0,1,0,0,877,0,0,0,0,0,835,0,0,0,0,127,0,0,0,0,2,0,0,0,0,0,0,11,1,0,0,0,0,0,0,0,0,3,0,0,0,0,0,2,0,0,0,0,0,0,1,0,0,0,0,0,12,0,0,0,2,0,0,0,0,0,0,0,0,0,0,0,0,0,6,0,0,0,0,0,0,0,0,0,0,0,0,0,90,0,0,0,0,0,0,0,0,0,0,0,0,0,40,0,0,5,0,1,4,0,0,4,0,0,0,0,0,0,0,0,0,0,0,0,0,0,0,0,0,0,620,0,0,1,0,0,0,0,0,0,0,6,101,0,0,0,0,0,1,0,0,0,13,4,0,1,4,0,0,0,4,1,0,0,0,0,83,0,0,885,0,0,0,0,0,0,1694,0,0,466,0,0,0,0,0,0,0,0,0,0,0,54,0,0,0,0,52,0
0,0,0,1,0,0,0,15,0,0,0,0,6,9,2,0,0,8,0,0,0,5,0,0,11,89,0,2,0,3,0,0,0,34,0,0,1,0,1,0,0,0,0,0,0,0,1,0,0,0,0,0,0,11,7,0,0,0,0,0,13,0,0,0,0,0,139,3,0,205,1,0,0,1,0,1,0,0,0,775,0,0,69,0,0,96,0,1,77,29,0,0,1,240,0,76,0,0,12,0,0,0,0,1,0,0,0,2696,0,357,0,0,0,12,0,0,0,29,19,1,2,0,0,0,1,0,0,0,0,8,0,3,1,0,0,0,16,0,0,0,0,0,0,0,0,0,0,0,0,0,3,0,0,0,1,0,0,0,1,0,0,0,0,0,0,0,2,0,0,2,0,0,0,0,0,0,0,60,160,0,0,0,0,0,0,0,0,0,0,0,0,46,0,0,2,0,0,0,0,0,0,0,0,1,1481,29,0,0,0,0,0,0,0,4,0,0,52,2,1,0,7,0,0,0,0,0,0,0,33,0,67,1,1,776,10,0,1,0,0,2,0,0,41,0,11,0,0,0,0,0,164,0,0,0,3,6,10,0,0,1,0,0,0,0,0,0,0,0,3,268,0,0,43,1,0,0,0,0,0,1587,1,0,20,0,0,0,0,1,7,1,0,0,0,0,0,0,6,0,0,6,0
0,0,0,0,0,0,0,16,0,1,0,0,2,404,25,0,0,1,0,0,0,3,0,0,2,2389,0,0,10,1,0,0,0,0,1,0,2,0,1,0,2,0,0,0,6,3,0,0,0,0,0,0,0,0,0,0,0,0,0,14,0,1,0,0,0,1,34,0,0,0,1,0,0,0,1,0,0,0,0,26,2,0,1,0,51,2,818,0,0,10,1,13,75,0,0,0,0,0,32,0,1,62,0,1,6,0,0,255,0,0,0,0,0,1,0,0,0,1,2,0,0,9,31,5,37,0,0,0,0,0,0,74,1,0,0,0,101,0,0,0,644,1,0,0,0,0,0,0,0,0,0,8,0,0,1,0,0,0,7,35,0,0,0,223,0,0,0,0,0,0,0,0,1,0,0,0,0,1,0,1,0,0,0,0,0,0,0,0,0,11,0,2,0,0,0,0,0,0,0,0,0,0,0,1,0,114,0,0,4,1,0,0,0,0,1,0,26,0,92,0,0,0,0,0,0,8,0,0,5,0,76,1,1,2520,0,0,0,0,0,27,0,0,0,0,0,0,0,0,2,0,68,4,0,0,0,70,9,0,0,0,0,0,0,9,1,0,0,32,0,1023,0,0,128,0,2,0,1,1,0,134,0,0,49,0,0,0,1,96,0,0,0,0,0,0,0,0,15,0,0,11,0
0,0,0,0,0,20,0,0,14,0,0,0,0,0,49,0,22,11,45,4,77,6,0,48,33,1072,5,0,0,5,189,0,0,0,0,0,0,0,0,0,0,0,0,0,0,0,0,35,0,18,0,0,175,23,0,0,0,70,0,0,49,0,20,0,1,27,189,10,0,112,1,0,0,5,0,0,0,0,0,669,0,0,0,0,8,0,0,0,123,0,0,0,1,1450,6,0,9,0,0,1,0,0,0,5,0,0,0,0,11,0,0,0,0,18,0,0,0,0,0,0,7,0,0,0,4,22,0,0,1,122,0,74,0,0,0,0,0,0,1,0,0,0,0,0,0,0,0,0,0,2,7,14,0,148,0,9,17,0,2,33,0,0,0,0,0,1,0,0,0,0,0,0,1,0,0,0,0,236,0,0,4,0,6,2,0,0,0,0,4,0,0,0,3,0,270,0,0,0,0,0,0,0,1,1,0,408,0,0,0,1,0,0,2,0,1,0,70,0,0,0,0,0,14,0,0,0,0,0,30,0,119,0,0,150,15,0,7,0,0,96,0,0,0,0,0,0,0,30,0,29,0,4,0,1,0,9,36,0,0,5,29,0,0,9,0,0,0,0,0,6,11,13,230,5,0,0,0,0,9,2667,0,0,0,0,0,0,0,32,0,7,0,0,0,0,241,0,0,3,0,88,0
0,0,5,9,0,0,3,29,0,0,0,0,36,0,77,0,0,12,0,0,0,7,0,53,34,134,0,4,6,0,0,0,0,29,0,3,9,49,3,0,311,0,0,0,0,2,88,66,3,24,0,3,0,0,0,0,0,29,0,0,22,0,7,0,0,23,177,1,12,220,1,0,0,7,0,4,0,4,0,415,0,0,0,2,9,461,0,0,0,17,0,1,2,2001,0,69,0,0,6,0,9,0,0,28,11,0,5,5,84,3,0,0,0,84,0,3,0,15,44,0,0,29,0,0,42,3,0,694,0,334,0,8,0,0,0,0,272,1,0,0,33,0,0,0,101,0,0,0,0,2,6,0,0,0,1,0,0,1,54,52,0,0,0,0,0,0,0,0,0,0,6,0,0,0,0,1,0,0,70,0,10,0,0,0,0,0,0,0,0,0,0,97,0,0,0,0,0,0,0,0,0,0,0,0,0,55,4,5,0,1,1,0,82,2,9,0,78,21,1,0,0,30,0,0,4,0,0,0,51,0,8,0,0,586,0,0,0,0,0,0,0,1,123,1,6,0,0,0,0,0,6,2,0,0,0,194,2,0,14,0,1,14,0,5,0,0,0,3,0,248,0,0,1107,0,7,0,0,0,5,380,0,0,190,0,20,0,0,6,0,4,0,0,0,0,13,0,34,0,54,25,0
0,0,0,0,0,0,1,0,0,0,0,0,0,0,0,0,1,0,0,0,0,104,0,1,0,0,0,0,8,0,19,0,0,91,0,0,18,0,0,0,0,0,0,0,0,45,0,0,0,0,0,0,0,0,0,0,0,0,0,3,2,0,0,0,0,0,58,0,0,37,0,0,0,0,0,0,0,0,0,2,0,0,1,0,0,2,2,0,0,0,0,79,0,0,0,0,0,0,0,0,0,0,0,0,0,0,0,20,0,0,0,0,0,0,0,1,0,0,12,1,0,0,0,0,1628,0,0,0,0,0,51,0,0,0,0,0,543,0,0,0,9,0,0,0,0,0,6,0,0,0,6,0,0,0,58,0,0,0,0,42,0,0,0,0,0,0,0,0,0,0,20,0,0,0,0,0,0,0,65,0,0,0,0,0,1,0,9,0,0,0,0,132,1,6,0,0,0,0,6,0,0,0,0,0,1,4,1,0,4,0,9,0,0,0,79,0,0,0,17,0,1,0,0,0,0,0,0,0,303,0,222,0,0,370,0,0,0,0,0,0,0,0,0,0,6,28,1,0,0,0,0,0,0,0,0,5,7,0,0,0,0,0,0,3,0,0,0,0,0,8,0,15,0,0,1,0,0,0,0,5116,0,0,264,0,0,0,0,0,0,210,0,0,0,0,0,0,4,0,0,234,0
1,0,0,0,0,0,0,0,0,3,3,1,9,0,3,0,0,24,0,0,0,5,0,57,21,0,0,0,0,0,7,0,1,2,0,189,7,35,0,0,0,0,0,17,0,17,492,38,0,21,11,0,0,0,0,0,0,123,0,0,58,0,0,0,0,84,114,4,127,76,1,0,0,0,8,465,0,0,0,1654,0,29,3,0,17,0,67,0,57,227,0,0,0,1522,0,0,0,0,19,0,4,0,0,2,8,0,0,7,360,83,0,8,0,16,21,0,0,14,6,0,0,55,1,0,11,0,2,0,0,55,58,11,0,0,0,14,0,0,0,0,0,0,0,0,0,0,0,0,0,0,3,28,0,0,0,0,0,0,1,36,0,0,0,30,0,1,0,0,0,2,4,0,7,0,39,0,0,114,10,0,2,0,0,26,3,0,0,0,0,0,0,64,1,0,1,0,0,2,0,0,0,0,0,6,1,68,0,0,2,6,0,0,1,1,5,0,59,0,0,2,12,0,17,0,0,0,0,0,5,13,0,0,0,583,0,1,3,0,0,0,0,0,1,0,0,0,92,1,1,0,3,0,6,0,9,0,0,11,0,6,2,5,10,0,16,0,0,4,0,321,0,1,299,0,0,0,0,0,5,1513,0,0,57,0,0,0,0,1,17,0,0,0,0,0,13,30,0,0,0,62,0
0,0,4,0,0,24,0,0,17,0,0,1,7,0,3,0,0,0,0,1,25,10,0,0,11,1708,0,0,10,0,0,0,6,112,0,0,0,152,0,0,0,0,0,300,22,240,0,12,0,15,0,0,0,16,0,0,0,11,0,0,54,0,4,0,0,195,19,0,53,172,0,0,0,7,4,0,0,3,0,193,0,0,0,0,9,28,0,0,0,0,0,1,0,357,0,0,11,0,41,0,0,0,53,1,4,0,1,47,0,73,0,0,0,0,0,0,0,14,30,0,0,0,0,0,0,3,1,73,1,0,222,49,0,0,0,0,0,0,0,0,27,0,0,0,0,0,0,1,0,0,19,16,0,0,0,0,0,24,0,67,0,0,0,0,0,0,0,0,0,0,0,0,0,0,14,0,0,0,0,1,0,0,0,0,28,0,0,2,0,2,0,84,2,0,0,2,0,0,1,0,0,0,0,0,187,10,0,0,0,3,0,104,1,0,16,0,0,4,116,0,0,0,0,0,0,0,0,0,22,0,0,1,0,306,0,0,0,0,1,0,0,0,52,0,43,0,0,0,0,0,0,0,0,0,4,6,4,0,0,0,0,0,0,3,0,0,0,0,5,0,2,0,686,0,4,0,0,0,0,3036,1,0,363,0,0,0,2,0,15,0,0,0,0,0,0,0,20,4,0,214,53
0,0,0,0,0,43,0,0,0,0,0,0,0,0,0,0,0,16,0,0,0,10,0,572,0,3108,0,0,0,27,0,0,0,0,0,0,2,0,0,0,0,0,0,0,0,0,0,0,0,35,0,0,0,0,0,0,8,89,0,41,95,0,11,0,0,0,169,0,5,219,0,0,0,0,0,5,0,0,0,831,0,0,0,0,0,0,0,0,158,0,1,0,4,686,0,0,0,0,0,0,0,0,0,3,0,0,0,17,309,2,0,0,0,0,0,0,0,0,0,1,0,0,0,0,0,0,1,119,2,0,0,0,0,1,0,0,0,0,0,0,0,0,1,0,0,2,22,0,0,0,0,0,0,0,0,0,0,0,0,0,0,0,0,0,0,0,0,0,0,0,7,0,0,27,0,0,0,101,155,0,0,0,0,0,0,0,0,0,0,0,32,18,29,2,0,0,0,0,1,0,0,0,0,7,1,0,0,0,0,32,0,0,0,0,16,0,0,0,149,0,0,0,0,0,0,0,0,0,0,0,0,0,0,206,0,0,0,0,0,0,0,0,0,0,2,422,0,0,0,0,0,0,0,0,0,0,0,0,0,0,0,0,0,0,0,0,0,0,0,59,0,0,109,486,0,0,0,0,6,1517,0,0,0,0,0,0,0,0,0,0,0,0,0,0,0,0,4,0,0,0,0
0,0,0,0,0,0,1,16,0,0,0,0,9,1,25,0,0,4,0,3,37,15,0,7,0,0,0,0,14,142,725,311,0,230,0,0,0,390,0,0,0,0,0,0,0,6,0,0,0,0,0,0,0,0,0,0,0,0,3,141,0,2,0,0,0,0,65,0,9,46,0,0,0,2,0,0,0,0,0,262,0,0,0,0,21,0,166,0,0,35,0,1,0,0,0,0,0,0,84,0,0,18,0,0,10,0,293,802,0,0,22,0,0,302,0,0,0,0,202,10,0,0,100,0,222,0,0,0,5,0,57,17,0,0,0,0,6,0,0,0,28,0,0,0,0,0,35,0,0,0,9,0,0,0,0,0,0,0,0,139,0,0,0,0,0,0,8,3,0,0,8,0,1,0,0,0,0,0,43,4,0,0,0,0,32,0,0,0,0,0,0,187,2,0,26,0,0,0,0,0,304,0,0,305,0,110,0,0,0,0,61,0,0,0,21,0,55,0,211,0,0,0,0,0,0,0,0,0,78,0,83,0,0,508,0,0,0,0,0,81,0,0,0,0,121,0,0,0,0,0,12,0,0,0,0,271,0,0,0,46,0,0,0,0,0,0,0,0,0,202,0,98,119,0,0,0,0,0,7,1290,0,0,251,0,0,0,0,0,12,0,0,0,0,0,23,0,345,0,0,22,0
0,0,0,0,0,9,2,9,0,0,0,0,18,0,8,0,0,14,0,0,0,8,0,29,19,1,1,0,2,1,0,0,0,9,0,0,1,83,0,0,0,0,0,0,0,11,167,15,0,17,0,0,0,11,3,0,0,7,0,51,13,106,4,1,0,189,571,7,12,137,1,0,0,5,0,134,0,0,0,1059,1,0,42,0,0,0,1,0,75,0,30,1,2,911,0,44,0,0,4,0,1,0,0,3,22,4,0,1142,215,0,0,0,0,0,11,0,0,10,306,0,0,0,0,0,4,0,0,0,1,178,91,114,0,0,0,0,11,0,0,0,18,4,0,0,59,0,20,0,1,0,25,3,0,1,2,0,0,0,0,54,0,0,2,1,0,0,1,0,0,0,8,0,0,0,0,0,0,132,53,1,1,0,0,0,5,0,0,0,36,3,0,70,2,0,0,0,0,3,0,0,13,0,0,516,283,29,1,0,0,1,0,0,4,1,3,0,58,13,62,0,18,35,10,60,0,0,0,0,34,2,110,1,0,184,0,5,1,0,0,0,0,0,0,7,0,0,0,0,1,1,2,1,1,0,23,7,2,0,1,6,1,18,0,3,0,0,12,33,8,287,0,26,131,0,0,0,0,0,17,1198,0,0,164,0,0,13,0,0,20,4,0,0,7,0,41,18,13,0,0,33,0
0,0,0,0,0,0,0,0,0,0,0,0,9,0,16,0,0,23,0,0,0,0,0,0,0,927,0,4,18,6,0,0,0,0,0,0,0,0,0,0,0,0,0,0,0,0,0,0,0,17,0,0,0,0,47,0,0,31,0,202,72,0,5,0,0,308,0,1,0,0,0,0,0,0,4,218,0,0,0,1043,0,0,0,0,0,0,0,0,149,0,0,0,1,1761,0,1,1,0,0,0,0,1,0,0,0,0,0,0,74,0,0,0,0,0,0,0,0,0,0,7,0,0,0,0,0,0,1,0,0,0,0,0,0,0,0,0,450,0,1,0,26,0,0,0,0,0,0,0,0,0,0,0,1,0,1,0,0,0,0,0,0,0,0,0,1,0,0,6,0,0,0,0,0,0,0,0,0,0,0,0,0,0,0,0,0,5,0,0,0,0,0,0,1,25,0,2,0,0,0,0,0,0,0,0,0,5,5,6,0,1,0,0,0,0,0,0,639,0,135,0,0,0,0,0,1,0,0,345,0,0,0,0,0,68,8,0,0,0,0,4,0,0,0,0,0,0,0,0,0,0,0,0,0,1,0,69,3,0,0,23,0,0,0,0,0,0,0,0,0,21,0,0,75,1,13,0,1343,0,0,1238,0,39,332,0,9,0,0,0,0,19,0,0,0,0,0,0,7,0,1,126,0
0,0,65,0,0,0,0,0,0,0,0,0,44,0,896,0,0,161,0,0,0,0,0,229,0,99,0,6,0,43,202,0,0,7,0,0,2,0,0,0,0,0,0,0,0,0,412,0,0,42,0,0,0,27,3,0,0,105,0,0,0,0,14,0,1,32,232,13,0,103,0,0,0,0,0,389,0,0,0,944,0,0,0,0,0,145,4,0,193,0,0,1270,1,811,0,113,2,0,0,0,0,668,0,0,0,0,0,213,113,0,0,0,0,0,0,26,0,47,45,2,0,0,1,0,1,0,0,122,0,0,0,0,0,5,0,0,0,0,0,0,0,0,0,0,47,0,0,0,0,0,1,0,0,0,0,56,0,0,0,0,0,0,0,0,0,0,0,50,0,0,0,0,0,1,0,0,0,0,156,0,0,0,0,0,0,0,2,0,0,0,0,45,5,0,0,0,0,0,0,0,0,0,0,0,0,90,0,0,1,38,0,0,0,0,0,0,0,0,3,0,0,0,0,0,0,0,0,0,0,0,0,0,0,694,0,0,0,0,0,3,0,0,0,0,168,0,0,0,0,0,0,0,0,0,0,341,25,0,0,0,8,0,0,0,0,0,0,0,0,0,0,31,102,0,19,0,1,0,0,167,0,0,71,0,0,0,0,0,0,0,0,0,0,0,0,0,13,0,0,10,0
0,0,0,0,0,0,4,0,0,0,0,0,0,0,0,0,6,0,0,7,0,0,0,12,0,2822,0,0,556,0,4,0,0,153,0,0,0,0,0,0,5,0,0,0,0,96,0,0,0,0,0,0,0,0,0,0,0,0,0,42,0,0,0,0,0,0,0,0,0,70,0,0,0,0,0,0,0,0,0,0,0,0,0,0,0,0,122,0,0,0,0,13,0,0,0,0,0,0,0,0,0,14,0,0,0,0,0,1339,0,0,5,0,0,0,0,0,0,0,420,0,0,0,0,0,0,0,101,0,0,0,0,0,0,0,0,0,94,0,0,0,0,0,0,0,0,0,0,0,0,0,0,0,0,0,0,0,0,0,0,0,0,0,0,0,0,0,0,0,0,0,0,0,0,0,0,0,0,0,169,0,0,0,0,0,0,0,0,0,0,0,0,99,0,0,0,1,0,0,0,19,0,0,0,0,739,0,0,0,0,0,0,0,0,0,0,0,0,0,0,0,0,0,0,0,0,0,0,0,0,0,0,0,0,2063,0,0,0,0,0,0,0,0,0,0,0,0,0,0,0,0,0,0,0,0,0,0,0,0,0,0,0,0,0,0,0,0,0,0,0,194,0,0,333,0,1,0,0,0,0,499,0,0,0,0,0,0,0,0,0,0,0,0,0,0,0,0,0,0,0,0,0
0,0,0,0,0,0,0,0,0,0,0,0,0,0,0,0,0,0,0,0,0,11,0,0,0,2173,0,0,46,44,469,0,0,14,0,0,26,0,0,0,0,0,0,25,0,5,0,0,0,0,6,0,0,0,0,0,0,0,0,117,0,49,0,0,0,0,300,0,0,0,63,0,0,0,0,0,0,0,0,0,0,37,0,0,0,0,0,0,0,56,1143,9,9,0,0,0,0,0,0,0,0,0,0,0,0,0,0,1426,0,50,17,0,0,247,0,0,2,0,322,0,0,0,0,0,9,0,261,0,0,0,0,0,1,5,0,0,27,0,0,0,0,0,0,0,0,0,7,0,0,0,0,0,0,0,0,0,0,0,0,25,0,0,0,0,0,0,0,0,0,0,0,0,0,0,0,0,0,0,68,0,0,0,0,0,0,0,0,0,0,0,0,104,3,0,0,0,34,0,0,0,0,0,0,0,1,0,0,0,0,3,0,0,0,0,9,0,75,0,0,0,0,0,0,0,0,0,0,0,60,21,12,0,0,1042,0,0,0,0,0,0,0,27,107,0,0,0,0,0,0,0,0,0,16,0,12,11,0,0,0,8,0,0,0,0,151,0,0,4,0,0,0,0,168,16,0,0,0,0,0,889,0,0,153,0,0,0,0,0,3,0,0,0,0,0,0,0,0,0,0,0,0
0,0,0,1,0,92,0,0,0,0,0,0,0,0,106,0,0,0,0,0,0,0,0,82,0,319,0,0,0,0,1,0,0,0,0,0,0,0,0,0,0,0,0,0,0,0,144,44,0,31,0,0,0,29,0,0,0,40,0,0,82,0,58,0,0,10,102,0,180,0,0,0,0,66,0,0,0,0,18,1373,0,0,140,0,0,0,807,0,81,0,0,2,1,1466,0,0,0,0,0,0,0,0,0,0,0,0,0,11,0,0,177,0,0,65,0,0,0,90,0,0,0,0,0,0,0,0,0,0,0,189,0,0,0,1,0,25,0,0,0,0,0,0,0,0,9,0,0,0,0,0,0,0,0,2,0,0,0,0,0,346,0,0,0,0,1,0,6,0,0,0,0,0,0,2,0,0,1,316,231,0,0,0,0,0,0,0,0,0,0,0,0,0,0,0,0,0,0,0,0,0,0,0,0,0,0,69,0,0,0,0,0,0,0,0,0,3,0,0,730,0,0,34,0,143,0,0,0,0,0,0,218,0,0,127,0,0,2,0,0,1,0,0,0,0,0,0,0,2,0,0,0,0,0,0,31,0,0,0,0,0,1,0,0,0,0,0,0,0,0,2,0,0,210,0,0,0,0,0,0,1521,0,0,0,0,0,0,0,0,0,0,0,0,0,0,0,4,0,0,0,161,0
0,0,0,0,0,0,0,9,0,1,0,0,2,1,13,0,0,0,0,0,26,38,0,1,0,3096,0,0,1,4,123,0,0,0,0,0,5,100,4,0,1,0,0,52,0,64,0,0,0,0,2,0,0,0,14,0,0,0,0,53,0,3,1,1,0,2,46,0,0,0,5,0,0,17,0,0,0,0,0,46,8,0,0,0,12,1,301,0,0,77,0,3,157,1,0,0,0,0,47,0,0,0,0,0,1,0,1,1931,0,17,0,0,0,167,0,1,0,1,178,7,0,1,2,1,0,0,0,0,0,0,0,33,0,1,0,0,4,1,48,0,24,0,0,0,0,0,0,0,0,0,78,3,0,4,1,0,0,0,1,25,0,2,0,1,0,0,0,0,0,0,2,5,1,0,0,0,0,37,29,0,0,0,0,1,0,0,0,0,0,0,0,0,1,0,0,17,0,0,0,0,0,0,0,0,0,15,1,0,0,0,0,0,3,0,4,0,52,3,257,4,56,0,89,0,1,0,0,0,0,0,287,0,1,110,0,2,2,0,0,0,0,0,0,0,0,0,0,43,0,0,21,1,0,0,13,9,12,0,0,37,2,0,0,0,0,0,0,132,3,0,4,0,138,0,0,0,4,2,7,1395,0,0,0,0,1,0,0,1,24,0,0,0,0,0,63,0,94,0,0,143,12
0,0,2,22,0,15,15,1,0,0,0,0,4,3,46,0,0,9,0,0,52,10,2,20,0,7,0,0,2,0,61,0,3,13,0,17,0,0,5,0,131,0,0,114,15,1,0,98,0,0,0,0,0,0,0,0,0,0,0,0,33,0,4,0,0,18,31,0,2,1,5,0,0,77,0,0,0,0,0,784,0,0,7,1,0,0,2,0,82,57,0,0,3,554,0,3,0,0,10,0,0,0,0,18,23,0,1,362,23,0,248,4,0,40,5,0,0,17,0,0,0,0,0,0,6,0,0,45,3,82,0,1,0,0,0,1,56,0,0,0,0,0,0,0,4,0,0,0,0,0,6,0,0,0,1,0,0,0,34,190,0,0,0,0,0,1,0,0,0,0,0,0,1,0,0,4,0,100,76,7,0,0,0,0,0,0,0,0,0,0,0,21,0,0,0,0,0,0,0,0,0,0,0,0,0,1,0,0,1,9,0,0,0,0,0,0,28,0,106,0,0,40,0,0,0,0,76,0,85,0,219,0,0,1742,0,2,0,0,0,0,0,1,0,0,0,0,0,0,0,0,92,0,0,0,0,0,0,0,2,0,0,0,0,0,0,0,0,19,0,2091,0,24,415,0,1,0,0,0,0,917,0,0,284,0,0,0,0,23,23,0,0,0,0,0,5,0,3,40,0,38,0
0,0,0,0,0,0,1,41,0,0,0,0,1,350,16,0,0,0,0,0,63,0,0,0,0,0,0,0,14,0,0,0,0,0,0,0,0,0,0,0,0,0,0,19,0,0,0,0,1,0,0,0,0,0,0,0,0,0,0,0,0,0,3,0,0,0,123,0,0,0,0,0,0,0,0,2,0,0,0,0,0,0,0,0,0,0,0,36,0,23,0,21,0,0,0,0,0,0,0,0,0,0,0,0,0,0,21,0,0,0,0,0,0,127,0,0,0,0,0,1,0,0,84,30,294,0,0,0,0,0,34,76,0,0,0,0,352,0,0,0,0,0,0,0,242,0,0,0,0,8,7,0,0,0,102,0,0,0,222,0,0,0,0,0,0,0,0,0,0,0,0,52,4,0,0,0,0,0,0,0,0,0,0,0,0,0,2,0,0,0,0,0,1,0,0,3,0,0,0,0,0,0,0,0,867,206,0,0,0,2,0,0,14,0,0,0,522,0,189,0,0,0,0,0,0,0,0,0,102,0,173,0,0,0,0,0,0,0,0,0,0,0,0,46,0,0,27,0,0,0,36,0,0,0,0,0,0,0,0,0,0,0,0,0,0,0,0,0,0,808,0,0,0,380,0,0,0,0,0,3917,0,0,0,0,0,0,0,2,0,66,0,0,0,0,269,0,1,0,1,0,0
0,0,0,1,42,0,0,1,0,0,0,0,4,1,34,0,0,0,0,0,76,0,0,0,0,915,0,0,5,47,0,1,0,0,0,0,14,217,0,0,0,0,0,11,0,4,0,79,0,28,0,0,0,0,0,0,0,37,0,0,99,2,0,0,0,9,9,0,2,113,0,0,0,2,1,323,0,5,0,621,0,290,325,0,1,0,0,0,201,0,1,0,1,531,0,0,12,0,18,0,0,0,0,0,0,0,20,138,40,55,90,43,0,0,0,0,0,347,120,0,0,0,0,0,114,0,204,0,0,53,0,1,0,0,0,0,0,0,0,0,0,4,0,6,0,0,0,0,0,0,38,25,0,0,0,0,0,0,0,30,0,0,0,1275,0,1,0,0,0,2,0,0,1,0,0,0,0,79,161,0,0,0,0,1,0,0,0,0,0,7,0,91,0,0,0,0,0,0,1,0,0,0,0,100,4,56,0,0,2,0,0,0,0,0,33,0,92,21,0,0,849,0,0,0,0,0,0,0,19,0,0,1,0,107,0,0,0,0,0,0,0,0,0,0,0,0,0,0,0,0,7,0,0,0,50,6,3,0,0,0,0,16,0,2,1,0,34,53,1,156,122,0,273,0,0,0,0,0,14,1,2,0,724,0,0,0,0,0,33,0,0,0,0,0,0,42,0,0,0,155,0
0,0,0,0,0,65,0,51,0,0,0,0,0,0,43,8,0,10,0,0,58,7,0,0,9,1047,7,2,1,21,43,2,0,0,0,0,1,160,0,0,0,26,0,0,0,6,0,41,0,0,0,8,0,14,9,0,0,68,0,17,61,3,0,0,0,33,5,0,6,54,8,10,3,16,7,262,0,0,0,426,5,31,0,0,15,0,0,0,45,0,0,0,1,1033,1,0,4,0,0,0,0,0,6,1,0,8,7,6,0,2,0,0,0,114,0,0,0,0,30,1,23,0,0,0,467,0,0,0,0,3,0,7,0,0,53,0,83,0,0,0,0,4,0,0,0,0,0,1,0,0,6,79,50,43,0,0,0,0,0,39,1,1,10,0,0,0,0,0,0,1,3,0,1,0,0,0,3,29,7,3,0,0,0,0,9,0,0,0,0,1,0,118,0,5,52,1,0,5,6,0,0,0,0,1,0,124,0,0,0,0,9,0,0,0,11,2,47,0,0,0,14,2,11,0,0,0,16,0,148,0,155,1,0,496,0,0,1,0,0,0,7,0,0,0,0,0,0,3,4,0,0,7,5,0,13,5,281,0,10,14,0,0,10,0,18,0,0,0,0,2,0,0,412,0,0,0,0,0,3,2661,0,0,101,0,0,0,0,0,0,27,0,0,0,0,71,0,32,0,0,240,0
0,0,0,0,0,0,14,12,0,0,0,0,0,0,4,13,0,0,0,0,93,28,0,0,0,1630,0,0,30,8,0,192,0,42,0,0,74,368,0,0,0,0,0,46,0,238,0,6,0,0,0,0,0,0,0,0,0,0,0,173,0,24,0,0,0,0,47,0,0,17,22,0,0,10,0,0,0,0,0,151,0,0,133,0,40,1,0,0,0,127,0,0,0,0,0,0,0,0,53,0,0,1,0,0,0,0,0,1442,2,0,0,0,1,51,0,0,0,0,31,0,0,0,0,0,126,0,0,0,0,0,0,58,0,0,0,0,46,0,0,0,5,0,1,0,0,0,10,0,0,0,7,0,0,0,0,0,0,0,0,23,0,0,0,327,0,0,0,0,0,0,0,0,1,0,0,0,0,146,52,0,0,0,0,0,33,0,1,0,24,0,0,42,11,0,0,11,0,0,0,0,0,0,0,0,0,32,0,0,1,0,1,0,2,0,13,0,46,0,0,0,0,0,0,0,0,1,0,0,0,0,0,0,0,717,9,0,0,0,1,0,0,0,0,0,1,0,0,0,0,0,86,1,0,0,22,6,1,0,5,21,8,0,0,2,0,0,0,0,0,1,0,0,4,0,0,0,684,0,14,1904,0,0,40,2,0,0,0,0,42,0,0,0,0,0,164,0,4,0,0,119,0
0,1,0,1,0,31,0,14,0,0,0,0,0,42,149,0,0,22,0,0,71,1,0,0,9,1010,0,0,0,2,0,0,0,0,38,0,6,47,0,0,166,0,0,50,32,602,0,31,0,25,1,0,0,33,23,0,0,13,0,28,25,105,5,1,1,52,9,1,37,38,2,0,0,14,3,28,0,3,0,1375,0,75,0,0,13,0,0,0,133,31,1,1,0,1324,0,0,0,0,0,12,1,41,0,15,18,0,1,92,46,29,0,0,0,18,0,0,0,12,42,0,0,0,0,0,0,4,1,53,0,165,0,69,0,0,0,1,0,0,0,0,0,0,5,0,33,0,4,0,0,0,10,17,1,19,1,0,0,0,10,56,0,0,0,0,0,1,0,0,0,0,1,0,0,0,0,0,0,14,108,1,0,0,0,0,32,0,0,0,5,0,0,27,0,0,0,0,0,2,0,1,0,0,0,0,0,10,1,0,0,0,0,0,0,0,0,0,33,17,0,0,0,1,1,0,6,0,0,0,113,1,129,1,0,508,0,0,1,0,0,7,0,0,0,0,0,1,0,0,0,0,24,1,0,0,7,16,1,0,2,0,1,26,0,2,5,0,0,49,27,332,0,4,34,0,0,1,6,1,24,1861,0,0,0,0,0,0,0,1,3,31,0,0,0,0,5,0,6,0,0,12,0
0,1,12,0,0,50,0,0,0,0,0,0,17,0,116,0,0,28,0,1,11,4,0,0,36,281,0,0,1,3,0,0,0,17,0,0,1,0,4,0,0,0,0,0,0,17,0,85,0,36,0,12,0,0,4,0,0,17,0,0,81,0,0,0,0,86,132,0,21,129,9,0,0,1,0,261,0,0,0,1302,5,0,0,0,0,0,0,0,0,19,0,0,1,769,11,0,0,0,37,3,0,0,0,26,0,0,1,202,0,59,0,38,0,2,10,0,0,34,50,0,32,0,0,4,2,29,0,173,1,77,165,40,0,0,0,0,0,0,0,0,0,4,0,0,101,0,4,0,0,0,0,65,0,0,0,0,0,0,455,47,0,0,0,1510,0,0,0,0,0,0,0,0,3,0,0,0,0,226,0,0,121,4,0,0,3,0,0,0,0,0,0,2,37,0,417,0,0,0,0,0,0,0,0,2,0,30,0,0,0,5,0,0,0,0,6,0,385,0,2,0,20,0,0,0,0,25,199,0,118,0,1,1,0,106,0,0,0,0,0,4,0,0,0,0,0,0,0,13,0,4,0,0,0,0,2,0,0,0,7,19,0,0,1,2,0,0,0,0,0,765,0,0,242,0,0,0,0,0,0,236,0,0,47,0,0,17,0,0,59,11,0,0,8,0,17,0,2,0,0,74,0
0,0,0,0,0,13,0,0,0,0,0,0,8,16,84,0,26,26,42,0,10,31,0,0,0,1310,0,0,0,3,0,0,0,20,0,0,1,83,0,0,0,0,0,0,0,0,0,65,0,0,1,0,0,39,0,0,0,43,0,0,62,0,0,0,0,321,245,0,0,0,4,10,0,10,863,145,0,0,0,1607,0,0,1,0,20,64,0,30,0,28,0,2,0,556,0,0,0,0,0,0,0,0,0,3,17,0,0,136,0,0,0,0,22,11,0,0,0,0,46,0,0,0,0,0,160,0,1,0,0,78,256,1,0,0,0,0,0,0,0,0,0,5,0,2,345,0,13,14,1,0,1,0,0,1,0,0,0,0,0,74,0,0,0,0,0,0,1,0,1,0,0,0,19,0,0,0,4,13,101,3,0,0,0,0,0,0,0,0,0,0,0,57,0,0,0,0,0,2,0,0,0,0,0,2,0,39,0,0,1,0,1,0,0,0,15,0,0,0,23,7,1,0,0,0,0,0,0,0,37,0,34,0,0,574,0,0,3,0,0,3,0,0,129,0,0,0,0,0,0,37,0,2,5,1,5,0,15,0,21,63,0,0,0,0,1,0,0,0,4,181,0,45,12,1,8,0,0,1,0,1084,0,0,281,19,0,0,0,0,0,35,0,0,12,0,6,0,6,0,0,116,0
0,0,0,0,0,0,0,1,0,0,1,0,0,0,0,0,0,0,0,0,2,38,0,4,0,1232,0,0,84,62,127,0,0,149,0,0,10,90,0,0,0,3,0,0,0,139,0,6,0,0,0,0,1,0,0,0,0,0,0,317,1,0,0,0,0,0,293,0,0,153,6,0,0,0,0,0,0,0,0,88,0,5,547,0,0,0,166,0,0,39,0,14,0,0,0,0,0,0,17,0,0,0,0,0,0,0,0,225,0,0,0,0,0,17,0,2,0,0,152,0,0,0,0,0,61,14,0,0,0,0,0,29,0,5,0,0,0,0,0,0,0,0,0,0,0,0,27,0,0,0,10,25,0,58,0,0,0,0,1,35,0,0,0,2794,0,0,0,3,0,0,0,0,0,0,0,0,0,11,93,3,0,0,0,0,46,0,0,0,0,0,0,47,0,0,0,0,0,0,0,0,0,0,0,104,519,80,0,0,4,33,0,0,13,0,12,0,52,0,0,3,164,15,0,0,0,0,2,0,7,0,133,0,0,404,0,0,0,0,0,0,0,0,0,0,0,33,0,0,0,0,0,5,0,0,44,0,0,0,0,0,1,0,0,25,0,0,0,0,0,0,9,0,450,0,42,0,0,0,0,277,0,0,207,0,0,0,0,0,0,19,0,0,0,0,0,0,0,0,0,88,0
1,0,0,0,0,0,0,0,0,0,0,0,0,0,3,0,0,11,0,0,0,3,0,0,42,330,0,4,0,0,62,0,0,3,0,0,0,1,0,0,0,0,0,0,0,12,1,0,0,0,0,0,0,21,0,0,20,15,0,0,62,0,0,0,0,21,705,1,0,55,6,0,0,0,0,144,0,0,0,629,0,0,154,0,0,0,0,0,58,36,0,1,0,1423,6,1,0,71,0,0,0,105,0,0,0,0,0,471,77,9,0,14,0,73,0,0,1,0,76,2,9,0,0,0,7,0,131,636,1,212,0,0,1,0,0,0,24,0,0,0,0,0,6,0,100,0,0,0,0,2,20,0,0,0,0,0,0,0,131,0,0,0,0,195,0,0,1,0,0,5,4,0,0,0,0,0,0,0,71,0,0,0,0,0,0,0,0,0,0,0,0,51,1,0,0,0,1,0,0,0,0,3,0,0,0,15,0,0,1,1,0,0,0,1,0,0,94,0,125,0,0,32,0,0,0,53,0,0,9,15,0,0,1,346,0,0,1,1,0,0,0,0,0,0,0,45,0,1,0,0,0,0,1,1,0,0,0,0,1,0,0,0,0,0,0,0,0,0,0,9,0,0,735,0,1,0,0,0,1,1852,0,0,290,0,0,0,0,0,0,0,0,0,0,0,0,0,7,0,0,30,0
0,0,0,0,0,20,0,1,0,0,0,1,13,1,48,0,36,14,0,1,0,1,0,41,0,3677,0,28,13,1,1,0,0,18,0,0,1,3,0,2,0,0,0,0,224,97,62,16,12,164,0,0,0,24,0,0,0,40,0,5,35,0,8,0,0,30,14,1,0,5,0,0,0,3,0,0,0,6,0,152,0,0,1,0,1,0,0,0,173,29,0,1,1,557,73,1,0,105,11,0,0,0,0,0,5,0,3,19,339,2,0,0,0,4,0,0,0,24,124,1,0,0,1,25,1,0,3,131,0,0,0,1,0,0,0,0,33,0,0,0,37,0,0,0,0,0,5,0,0,0,21,1,0,0,1,0,0,1,0,22,0,0,0,1,2,0,0,0,0,0,1,0,0,0,0,0,0,1,1,0,0,0,0,0,5,0,0,8,0,0,0,67,2,1,0,2,0,0,0,0,0,0,0,0,0,28,0,0,1,2,0,0,0,1,2,0,1,0,16,0,0,0,0,0,0,12,0,12,4,1,78,0,0,1779,0,0,0,0,0,0,0,0,0,0,0,0,0,0,0,0,0,0,2,0,2,183,11,0,0,0,7,0,0,3,0,0,0,0,0,8,0,1,183,0,0,5,0,1,1,771,1,1,105,0,0,0,0,0,4,3,0,0,0,0,1,0,21,0,0,91,0
4,0,0,10,0,0,0,0,0,0,0,0,0,0,4,0,0,0,0,0,0,98,23,0,0,0,0,0,8,3,0,0,9,294,0,0,0,0,0,0,0,0,0,116,0,32,0,46,0,0,17,0,0,0,0,0,0,0,0,0,0,0,0,0,0,0,0,0,5,0,0,0,44,0,0,0,3,0,0,828,0,13,288,0,0,0,0,0,0,0,0,0,11,0,0,39,0,0,0,0,0,5,0,0,0,0,0,3462,0,159,0,0,0,0,0,0,0,246,0,0,0,0,0,0,0,0,0,0,0,0,0,1963,0,0,0,3,0,0,0,0,0,0,0,2,0,0,0,14,0,0,273,0,0,0,0,0,0,119,0,0,0,0,0,0,0,0,0,0,0,0,0,0,2,0,3,26,0,0,0,4,0,0,0,0,19,0,0,0,0,0,0,70,0,0,0,0,0,0,0,0,0,0,0,0,3,35,0,0,0,0,0,0,0,0,0,13,0,179,0,0,0,184,0,0,0,0,0,0,0,0,0,0,0,0,0,0,0,0,0,0,6,0,0,0,7,0,0,0,0,0,0,0,0,0,22,3,0,0,0,0,0,0,0,0,19,0,0,0,0,7,0,402,55,0,0,5,0,0,0,0,5,0,487,0,0,215,34,0,0,0,0,0,0,0,0,0,0,0,0,54,0
0,0,0,0,0,0,0,1,0,0,0,0,0,16,0,0,0,0,0,0,1,1,0,0,0,1421,0,0,103,7,87,0,0,9,0,0,8,0,2,0,0,0,55,0,0,4,0,0,2,0,0,0,0,0,0,0,0,0,0,1,0,0,0,0,0,0,5,0,0,0,0,0,0,1,0,0,0,0,0,0,0,0,40,0,0,0,1,0,0,16,1885,0,289,0,0,11,0,0,9,0,0,13,0,0,0,0,1,3441,0,0,0,0,0,1,0,1,0,0,2,0,0,0,0,1,60,0,0,0,0,0,11,224,0,0,0,0,14,0,0,0,312,0,0,0,0,0,2,0,0,0,0,0,0,0,0,0,0,0,2,6,0,0,0,1,0,0,0,0,0,0,0,0,0,0,0,0,0,1,5,0,0,0,0,0,0,0,0,0,0,0,0,1,0,0,0,0,0,0,0,0,0,0,1347,0,55,0,0,0,0,16,0,0,0,6,1,0,8,0,109,0,0,0,0,0,0,1,0,0,3,0,15,0,0,21,0,0,0,0,0,0,0,0,0,0,1,0,0,0,0,0,0,0,0,0,0,0,2,0,0,0,0,0,0,1,0,0,0,0,0,301,0,7,0,0,1,1,0,0,0,2,0,0,29,0,0,0,0,1,0,2,0,0,0,0,0,0,1,0,0,1,0
0,0,6,1,0,17,2,0,0,0,0,0,0,0,11,0,0,8,0,0,0,27,0,0,0,1424,0,0,0,0,22,0,0,1,0,0,1,105,1,0,0,0,0,0,0,308,0,0,0,37,0,0,0,14,0,0,0,93,0,212,37,0,33,0,0,26,0,0,0,272,0,0,0,5,0,0,0,0,0,2169,0,0,0,0,0,0,0,0,43,4,0,0,1,413,0,0,0,0,0,0,0,1,0,0,0,0,0,651,0,0,0,0,0,0,0,0,0,321,55,0,15,0,0,0,2,0,1,0,0,0,0,0,0,0,89,0,0,0,0,0,0,0,5,0,256,0,98,0,0,0,16,1,0,0,1,0,19,0,0,0,0,0,0,0,0,0,0,31,0,0,0,0,0,0,1,0,0,0,404,0,0,0,0,0,0,0,1,0,0,0,0,27,1,24,0,0,0,0,5,0,0,0,0,0,1070,37,0,0,1,1,0,0,0,0,2,0,120,0,39,0,0,0,0,0,0,0,0,0,0,0,0,0,0,8,0,0,0,2,0,0,0,0,0,0,0,0,0,2,0,0,0,0,19,0,0,0,0,0,8,10,13,0,0,14,0,1,0,0,0,75,0,17,7,0,0,0,0,0,1,1097,0,0,117,3,0,0,0,0,0,0,0,0,0,0,5,0,7,0,0,13,0
0,0,0,0,0,0,0,47,1,0,0,0,0,0,0,0,1,1,0,0,39,44,0,1,0,0,0,0,8,17,0,0,0,27,0,0,192,639,0,0,0,0,0,0,0,146,0,0,0,0,0,0,0,0,0,0,0,0,0,64,0,0,0,0,0,0,49,0,0,0,0,0,0,345,0,363,0,0,9,34,0,0,0,0,69,0,3,0,0,0,0,22,3,0,26,0,0,0,57,0,0,2,0,0,27,0,0,260,0,0,0,0,0,1,0,2,0,8,91,8,1,0,0,0,20,0,0,0,0,0,0,36,0,0,0,0,3,0,0,0,21,0,2,0,0,0,0,0,0,0,14,0,89,30,192,0,0,0,0,0,0,0,0,0,0,0,0,0,0,0,20,1,0,0,0,0,0,650,0,0,0,0,0,1,10,0,0,0,0,0,0,42,2,0,0,0,0,0,0,0,0,0,0,0,0,37,3,0,3,0,0,0,0,0,17,1,0,0,499,0,0,0,0,0,0,22,0,0,0,0,180,0,0,154,0,0,0,0,0,0,0,0,0,0,4,0,0,0,0,0,679,0,0,0,58,6,56,0,11,4,0,0,0,6,344,0,0,0,5,198,0,0,45,1,0,0,1189,0,24,1585,0,0,285,0,0,0,0,0,0,42,0,0,0,0,92,0,1,0,0,676,37
0,0,0,0,0,0,0,24,0,0,0,0,0,3,13,0,94,6,0,0,1,0,0,4,0,1,0,0,20,21,30,0,0,37,0,0,2,2,2,0,6,0,0,10,0,3,0,0,0,0,6,0,0,0,6,0,0,0,0,0,0,24,1,0,0,0,6,0,0,0,0,0,0,0,0,0,0,0,0,23,0,0,0,0,1,0,0,0,0,57,3,5,0,0,0,0,0,0,0,0,0,22,0,0,0,0,0,4145,0,0,0,0,0,79,0,0,0,0,12,0,0,0,0,2,12,0,0,0,0,0,2,15,0,0,0,0,4,0,0,0,104,0,0,0,0,0,0,0,0,0,3,3,36,0,1,0,0,0,0,0,0,0,0,0,0,0,0,0,0,0,0,0,11,0,0,0,0,0,28,2,0,0,0,0,0,0,19,0,0,0,0,62,5,0,0,0,0,2,0,0,0,0,0,0,0,32,0,0,9,3,0,0,0,0,8,0,75,0,39,0,0,0,0,0,0,0,0,0,46,0,2,0,0,71,0,0,0,0,0,28,0,0,0,0,0,0,0,0,0,0,20,0,34,0,0,0,0,0,0,1,0,0,0,1,0,0,0,0,0,436,0,0,1473,0,0,0,0,2,1,2541,0,0,2,0,0,0,0,0,53,1,0,0,0,0,97,0,46,0,0,1,0
0,0,3,0,0,0,0,0,0,0,0,0,2,58,0,0,0,9,0,0,0,0,0,0,0,1494,0,0,2,3,0,0,0,25,0,0,47,0,0,0,0,0,1,0,0,0,0,0,0,0,0,0,0,19,0,0,0,52,0,77,0,0,0,0,0,0,142,0,40,119,0,0,0,0,0,1,0,0,0,543,0,0,19,0,0,0,0,0,0,0,0,6,1,624,0,1,1,41,0,0,0,24,0,0,0,0,18,17,0,26,0,0,0,0,0,0,0,8,11,0,0,0,0,0,21,0,1,357,0,115,0,3,0,0,0,0,0,0,0,0,0,0,1,0,107,0,0,0,0,0,4,0,0,0,0,0,0,0,0,0,0,0,0,0,0,0,0,0,0,0,0,0,1,0,0,0,0,0,96,0,0,0,0,0,0,0,0,0,0,1,0,53,0,0,0,0,0,0,0,0,0,0,0,1318,0,29,0,0,1,1,0,0,0,0,0,0,73,0,1,0,0,34,0,0,0,0,0,0,0,0,0,0,0,1583,0,0,0,11,0,524,0,0,0,0,2,0,0,0,0,0,0,0,0,0,0,11,0,0,0,0,0,0,0,0,0,0,0,0,7,431,0,0,97,0,0,0,0,0,0,1317,0,0,154,0,2,7,0,0,33,0,0,0,0,0,58,0,18,0,0,94,0
0,0,0,1,0,9,9,28,0,2,0,0,3,0,54,0,0,12,16,0,59,39,0,0,8,865,0,0,18,4,0,0,0,46,0,0,1,421,0,0,0,0,0,37,0,12,0,9,0,36,1,0,0,15,21,0,0,15,0,25,47,1,14,1,0,25,79,0,3,63,0,2,0,12,0,1,0,0,0,870,1,7,0,0,11,0,0,1,90,176,0,0,1,394,0,0,0,0,0,0,0,0,5,25,0,0,88,0,0,435,0,70,0,31,0,0,1,46,0,0,16,0,0,0,67,0,5,0,1,137,277,2,0,0,0,0,997,0,1,0,0,0,0,2,0,0,14,1,0,0,3,70,0,1,1,0,0,19,0,17,0,0,0,520,0,0,1,2,0,3,0,0,0,0,0,3,0,17,0,1,0,0,0,0,6,0,0,0,0,0,0,239,2,0,0,0,0,1,0,1,0,0,0,0,0,9,1,0,0,5,0,0,0,10,0,0,0,38,207,2,0,1,0,0,0,0,51,0,25,0,194,0,0,310,0,1,0,0,0,0,0,0,0,8,0,0,1,0,2,0,4,1,13,0,4,8,2,0,6,206,0,16,7,30,1,1,0,0,4,499,0,31,10,0,0,0,0,0,5,1313,1,0,0,0,0,1,0,13,13,98,0,11,1,0,69,0,0,0,0,92,0
0,0,0,0,0,0,0,0,0,0,0,0,0,0,0,0,2,0,0,0,0,0,0,2,0,2700,0,0,8,0,0,0,0,45,0,0,4,218,0,0,0,0,0,0,1,0,0,0,0,0,0,0,0,0,0,0,0,0,0,0,0,0,0,91,0,0,21,0,1,0,0,0,0,171,0,0,0,0,0,279,0,0,0,0,0,1,0,0,0,28,558,11,1,0,0,0,0,0,0,0,0,11,0,0,0,0,0,616,0,0,0,0,0,0,0,0,0,0,92,0,0,0,0,1,541,0,0,0,19,0,0,81,0,2,0,0,1,0,0,1,0,0,0,0,0,0,0,0,0,1,0,0,0,35,1,0,0,0,0,0,0,0,0,0,0,0,0,0,0,0,0,0,1,0,0,0,0,0,0,0,0,0,0,0,12,0,0,0,0,0,1,442,1,0,0,0,0,0,0,0,0,0,0,0,0,0,0,2,1,1,0,0,0,0,0,0,0,0,180,0,0,0,0,0,0,0,0,0,0,0,219,0,0,1,0,0,0,0,0,58,0,0,0,0,2,0,0,0,0,0,115,0,0,0,0,1,20,0,0,0,0,0,0,0,0,0,0,0,0,1,0,0,0,1,0,0,0,0,3,2700,0,0,538,0,1,0,0,0,47,0,0,0,0,0,1,0,4,0,0,107,0
0,3,0,0,0,0,3,0,0,0,0,0,0,0,21,0,0,0,0,0,316,34,0,21,0,748,0,0,70,0,97,0,0,54,0,0,0,0,0,0,0,0,0,76,0,92,0,0,0,0,0,0,0,0,0,0,0,0,0,0,0,0,0,0,0,0,14,0,0,0,0,0,0,0,2,0,0,0,0,78,0,0,24,0,60,0,0,0,0,0,0,42,19,0,0,3,24,0,15,0,0,0,0,0,1,0,181,2656,0,114,0,0,0,50,0,0,0,0,0,0,0,0,0,0,53,0,0,0,15,0,11,213,0,0,0,0,0,0,0,0,0,0,0,0,0,0,0,0,0,3,7,41,0,0,0,0,0,0,0,1,0,0,0,291,0,0,0,0,0,4,1,0,0,0,0,0,0,1,0,0,0,0,4,0,0,0,0,0,0,0,0,47,0,0,0,0,0,0,0,0,0,0,0,0,0,376,0,0,2,0,0,0,0,0,5,0,104,0,215,0,145,0,0,0,0,0,0,0,41,0,140,0,0,38,0,0,0,0,0,0,0,0,0,0,0,0,0,11,0,0,1578,0,9,0,1,0,0,0,0,16,0,0,0,0,1,0,0,0,0,120,0,0,0,450,0,0,0,0,3,1169,0,0,2,0,0,0,0,0,25,0,0,0,0,0,0,0,25,0,0,12,0
0,0,0,0,0,0,1,1,0,0,1,1,0,1,11,0,0,1,0,0,1,1,0,0,1,998,1,0,0,0,24,0,0,56,0,20,6,50,6,0,0,0,0,13,0,2,0,1,0,0,0,0,0,0,40,0,0,0,0,1,0,1,0,0,1,1,24,0,0,0,2,0,1,2,0,0,0,0,0,8,2,1,0,0,1,0,0,0,0,12,1,0,0,0,9,0,0,0,5,0,0,0,0,1,1,1,1,429,1,0,0,11,0,57,0,0,98,0,22,0,1,49,0,0,161,2,0,0,2,42,33,8,0,0,0,0,0,0,0,0,0,0,0,0,17,0,0,1,0,0,1,7,0,0,0,0,0,0,4,64,0,0,5,1,0,0,0,0,0,4,1,0,0,0,0,0,0,1,45,9,4,0,0,0,0,0,0,0,59,0,0,39,0,0,12,0,0,4,0,0,0,0,0,303,0,0,0,0,0,2,0,0,4,0,2,0,18,3,0,3,0,2,6,4,0,1,35,0,2,2,100,0,0,589,0,1,4,0,0,0,0,1,135,4,0,0,0,0,1,1,5,3,12,0,16,0,0,4,12,1,1,13,0,0,0,0,0,3,0,5854,0,0,186,0,0,0,1,8,2,2,0,0,73,0,0,0,0,0,1,36,0,16,0,0,7,0,0,16,0,10,2
0,0,0,1,0,0,0,1,0,0,0,0,0,0,18,0,0,0,0,0,0,45,0,0,0,1795,0,1,0,7,0,0,0,56,0,0,0,0,0,0,0,0,0,10,0,0,0,1,0,0,0,0,0,0,19,0,0,0,0,0,0,0,0,0,24,0,0,0,0,0,17,0,0,7,0,138,0,0,0,143,0,41,0,0,19,1,0,0,0,0,0,0,0,0,0,0,0,0,0,0,0,16,0,0,0,0,0,0,9,0,0,0,0,0,0,32,0,2,46,0,2,0,0,0,51,0,0,0,641,0,0,0,76,0,0,0,0,0,0,0,0,0,0,0,143,0,104,2,0,1,3,0,1,0,1,0,0,0,0,23,0,0,0,0,0,0,0,0,1,2,2,0,0,0,0,0,0,54,448,0,0,0,0,0,9,0,8,0,0,0,63,72,0,6,0,0,0,0,1,0,0,0,0,278,2536,35,7,0,0,6,5,0,0,0,0,0,0,21,0,19,0,0,0,0,0,0,5,0,0,0,0,1,0,307,0,0,5,0,1,15,0,0,0,0,19,10,0,0,0,0,0,4,0,0,9,0,18,0,0,10,0,0,0,2,6,0,0,0,37,0,0,25,0,0,1,0,1,0,0,2202,0,0,82,0,0,0,0,0,19,63,0,0,0,0,0,33,0,0,0,59,0
0,0,0,0,0,0,0,11,0,0,0,0,2,1,9,0,0,16,0,0,0,23,0,0,0,99,0,0,21,0,35,0,0,8,0,0,1,61,0,0,0,0,0,0,0,4,0,0,0,32,0,0,0,0,0,0,0,34,0,78,109,31,26,0,0,31,0,0,0,125,0,0,0,12,0,0,0,0,0,768,0,0,0,0,18,0,0,0,98,28,1312,8,1,972,0,0,0,0,1,0,0,0,0,0,0,0,16,68,0,0,0,0,0,4,0,0,0,48,270,0,14,0,0,0,6,0,0,0,0,0,0,1,0,5,0,0,653,0,0,0,0,0,0,0,0,0,0,0,0,1,8,19,0,0,1,0,0,0,0,23,0,0,0,0,0,0,0,0,0,0,0,0,31,0,0,0,0,1,0,0,0,0,0,0,0,0,0,0,0,0,0,54,1,0,0,0,0,0,0,0,0,0,0,1303,252,180,0,0,1,16,0,0,0,7,46,0,80,0,1,13,0,0,0,0,0,15,0,0,69,0,81,1,0,767,0,0,0,0,0,0,0,0,0,0,0,0,0,0,0,0,63,0,6,0,0,11,0,0,1,7,0,0,0,15,0,0,0,22,0,550,0,0,26,0,0,0,0,0,3,930,0,0,164,0,0,0,0,0,7,64,0,0,0,0,2,0,0,0,0,100,0
0,0,0,0,0,0,4,0,0,0,3,0,0,0,54,3,0,0,0,0,1,18,0,37,0,497,0,0,39,0,215,0,5,0,0,0,12,608,0,0,0,0,0,23,0,286,0,0,0,0,0,0,0,0,0,0,0,0,0,0,0,0,0,2,0,0,1046,0,0,0,6,5,0,6,0,0,0,0,0,78,0,0,508,0,0,207,195,0,0,65,0,12,0,0,0,0,0,0,37,116,0,9,0,0,0,0,1,610,0,109,0,2,0,1,0,0,0,0,244,0,0,0,0,0,68,0,0,0,0,0,3,7,112,0,0,0,71,1,0,0,769,0,0,0,0,0,49,0,0,2,8,0,0,10,0,0,3,0,0,24,0,0,0,570,0,2,0,0,0,1,0,2,0,0,0,0,0,16,697,0,0,0,0,0,0,0,0,0,0,0,0,55,4,0,0,0,6,0,0,0,0,0,0,0,0,395,0,0,1,28,0,0,0,0,3,0,0,0,340,0,0,41,0,0,0,0,0,0,1,0,36,0,0,797,0,0,0,0,0,0,0,0,0,0,233,0,0,0,0,0,1,2,0,0,10,0,0,0,0,15,0,0,0,3,8,0,0,0,0,0,0,0,62,2,0,0,0,0,25,1,0,0,0,0,0,0,0,1,0,0,0,5,0,0,131,0,15,0,0,235,70
20,0,0,0,0,0,0,0,0,0,0,0,0,0,0,0,0,10,0,1,0,1,18,30,0,2165,0,0,1,2,0,133,0,49,0,0,0,10,0,0,0,0,0,7,0,435,0,0,0,0,0,0,0,0,0,0,0,11,3,0,25,0,0,0,0,30,7,0,0,34,0,0,0,7,7,0,0,0,1,306,0,0,0,0,0,0,0,0,56,0,0,1,0,354,0,1,0,0,1,0,0,33,0,0,0,0,33,2178,0,38,0,0,0,0,0,0,0,55,81,1,20,0,5,0,10,0,6,0,0,182,0,81,0,0,0,0,0,0,0,0,0,0,2,0,0,1,0,0,0,1,0,0,0,0,0,0,0,0,8,39,0,0,0,2,0,0,0,5,0,0,2,1,1,0,4,0,0,1,59,0,0,0,0,0,0,0,0,0,0,10,0,30,0,0,0,0,0,0,0,0,0,0,0,0,237,5,0,0,0,0,7,0,0,0,1,0,1,0,138,0,0,0,0,0,0,0,0,0,0,0,0,0,0,29,0,0,0,0,0,0,0,0,0,0,1,0,0,0,0,0,0,3,0,0,0,1,0,0,0,37,0,0,0,1,0,0,0,39,1,1,0,17,449,0,0,0,0,0,0,2315,0,5,86,0,0,0,0,0,0,2,0,0,0,0,1,0,0,0,0,15,0
0,0,0,0,0,0,1,12,0,0,0,0,0,32,124,0,0,0,0,0,0,42,0,3,0,3050,2,0,11,16,0,0,0,122,0,0,6,35,0,0,0,0,0,12,0,128,0,2,0,0,0,0,0,0,0,0,0,0,0,7,3,0,0,3,0,0,134,0,5,16,7,1,1,2,0,0,0,0,0,0,0,0,0,0,4,129,655,0,4,34,0,4,218,0,0,0,0,0,47,0,0,0,0,0,0,0,0,649,0,1,0,0,0,124,1,0,0,1,101,0,0,0,0,1,747,0,0,0,0,0,0,7,0,3,0,0,26,0,0,0,64,0,0,0,164,0,16,0,0,0,6,0,0,6,1,0,0,0,0,27,0,0,0,0,0,0,0,0,0,0,6,0,0,0,0,0,0,15,16,0,0,0,0,0,13,0,0,0,0,0,0,43,1,1,0,0,0,0,0,0,0,0,0,170,0,5,0,0,0,1,0,0,1,0,13,2,64,5,0,0,38,17,0,0,0,0,0,0,0,0,0,0,0,523,0,0,1,0,0,0,0,0,0,0,0,1,0,0,0,0,0,1,9,0,15,173,0,0,0,0,0,0,0,12,0,0,0,0,1,303,0,0,100,0,8,0,0,0,3,890,0,0,447,0,0,0,0,17,3,26,0,0,11,0,20,0,151,0,0,58,0
0,0,0,0,0,0,0,0,1,0,0,0,0,199,18,0,0,0,0,0,106,19,0,0,3,742,0,0,3,1,175,13,0,43,0,0,0,192,0,0,0,0,92,74,0,58,0,0,0,0,0,0,0,0,0,0,0,0,0,57,0,0,0,0,0,0,39,0,0,0,0,0,0,0,1325,0,0,0,0,218,0,0,1,0,632,1,0,0,0,45,0,0,0,0,0,7,0,0,6,0,0,0,0,0,13,1,82,479,0,0,0,0,0,34,0,0,0,0,32,0,0,0,0,1,19,91,0,0,5,0,22,100,0,0,0,0,0,0,0,0,0,0,0,0,0,0,9,2,0,0,20,0,0,0,0,0,0,0,126,76,0,0,0,211,0,0,0,0,0,0,0,0,0,0,0,0,0,0,368,3,0,0,2,0,0,0,0,332,0,1,0,29,0,0,0,0,0,0,0,0,0,0,1,0,0,0,0,0,0,0,0,6,55,0,0,0,0,0,0,0,0,33,0,0,0,0,0,0,126,0,155,0,0,547,0,0,0,0,0,0,0,0,458,0,0,0,0,0,0,13,0,4,0,0,6,0,1,0,0,0,4,0,0,0,0,0,0,0,0,0,0,0,35,0,1,0,0,0,0,2028,0,0,93,0,0,0,0,0,0,22,91,0,0,0,0,0,3,63,0,128,0
0,0,0,0,17,20,0,0,0,1,0,0,5,0,3,0,0,60,0,0,0,30,0,33,0,52,0,0,2,2,0,0,0,14,0,0,5,448,0,0,0,0,0,0,0,80,0,41,0,0,9,0,0,0,0,0,0,11,0,167,60,0,3,0,0,4,255,0,34,30,0,0,0,69,0,53,0,5,0,1584,0,0,69,0,0,0,91,0,0,182,0,2,1,571,0,0,0,0,21,0,0,0,0,0,5,0,0,1053,0,0,0,0,0,482,0,0,0,0,74,0,12,0,0,1,368,0,1,0,0,0,0,10,0,0,0,1,46,0,1,0,0,0,0,0,0,0,0,0,0,2,33,20,0,0,0,0,0,12,0,122,1,0,0,0,0,0,0,0,0,0,0,0,283,0,0,0,0,95,0,0,0,0,0,0,0,0,0,0,0,0,0,251,1,0,0,0,0,0,0,0,0,0,90,0,0,7,0,0,0,0,31,0,0,0,17,1,40,0,233,0,17,63,0,0,0,0,0,0,57,0,226,0,0,167,0,0,0,0,0,4,2,0,0,0,0,0,0,0,0,0,1,0,0,0,0,28,1,0,0,0,0,0,0,0,0,0,0,0,0,2,0,0,40,0,0,0,0,0,0,1388,0,0,518,0,0,11,3,0,0,0,0,0,0,1,0,0,7,0,0,141,0
0,0,0,0,0,0,0,0,0,0,0,0,0,0,59,0,0,12,0,0,0,55,3,48,12,12,0,0,24,0,0,0,0,98,0,0,0,0,0,1,0,0,0,0,0,0,0,0,0,0,0,0,0,0,0,0,0,0,0,0,0,0,0,0,0,120,243,0,0,0,0,1,0,0,0,0,0,0,1,273,0,0,0,0,0,0,0,0,0,143,0,28,5,0,0,22,0,0,0,0,0,4,0,0,97,0,0,1714,0,1230,0,0,0,204,0,0,2,4,297,0,5,0,5,1,444,196,0,0,0,0,0,0,0,0,0,0,2,0,0,0,11,0,0,0,0,0,59,0,0,0,0,0,0,0,1,2,0,2,0,0,0,0,0,0,0,0,0,0,0,0,0,3,1,0,0,0,0,0,1072,0,0,0,0,0,0,0,0,0,0,1,0,0,0,0,0,0,0,0,0,0,0,0,0,0,0,6,0,0,0,6,0,0,0,0,0,1,0,0,426,0,0,73,0,0,0,0,0,0,432,0,0,0,0,225,0,0,0,0,0,0,0,0,0,0,0,0,0,0,0,0,0,0,0,0,118,2,0,0,0,0,0,0,0,0,0,0,0,0,148,49,0,0,137,4,0,0,0,0,0,0,0,2,1416,4,0,0,0,0,0,0,0,0,0,0,63,0,3,0,0,363,0
0,1,0,0,0,35,5,0,0,0,0,0,0,1,30,0,0,0,0,0,0,3,0,33,0,848,0,1,0,1,2,0,0,0,0,0,0,0,0,0,0,0,0,0,0,12,0,20,0,21,0,0,0,18,0,0,0,52,0,1,64,0,8,0,0,16,46,0,0,75,0,0,0,2,0,31,0,0,0,214,0,30,0,0,0,0,0,0,56,0,0,3,0,1010,0,0,8,0,0,0,0,14,0,3,0,17,4,169,0,2,0,0,0,0,0,0,0,19,53,0,0,0,0,0,8,0,157,578,0,0,0,35,0,0,115,0,0,0,0,0,1698,0,0,0,0,0,4,5,0,0,10,0,0,9,0,0,0,0,0,43,0,4,0,0,0,0,0,0,0,1,2,0,0,0,16,0,3,23,42,2,0,0,0,0,0,0,0,0,0,0,0,2,0,0,0,0,0,0,1,962,0,0,0,0,0,120,23,0,2,6,0,0,0,1,0,0,0,8,155,0,0,2,0,0,0,0,0,0,0,0,0,0,0,634,0,0,0,0,0,0,0,0,0,0,0,0,0,1,0,0,0,2,0,0,0,0,87,0,1,0,0,0,0,0,39,0,0,0,4,108,0,4,845,0,1,0,0,0,0,1243,0,0,47,0,0,0,0,3,0,8,0,0,0,0,0,0,5,0,0,15,0
0,0,5,0,0,0,0,0,0,0,0,1,0,4,33,0,0,0,0,0,12,8,0,0,13,567,0,0,0,0,0,0,0,99,0,0,17,74,0,0,0,0,0,0,0,8,0,0,0,0,0,0,0,3,120,11,0,0,0,27,0,33,0,0,0,5,26,0,0,0,86,0,6,30,0,0,0,0,0,3,32,0,0,0,49,0,0,0,0,54,0,0,63,0,0,0,0,0,115,0,0,0,0,0,1,0,0,4769,0,0,0,0,25,25,0,0,0,0,1,2,0,0,0,0,0,0,0,0,0,0,0,3,0,0,0,0,61,0,0,0,18,0,0,0,0,0,0,0,5,0,13,0,0,0,0,0,0,0,359,93,0,0,0,1619,0,0,0,0,0,0,0,0,0,0,0,0,8,16,71,0,0,0,13,0,0,0,0,0,0,0,0,0,0,0,6,0,0,3,0,0,5,0,0,0,0,28,0,0,0,0,0,0,0,0,4,0,111,15,0,20,0,0,0,0,2,0,0,0,260,32,37,0,0,116,0,8,13,0,0,0,0,0,0,0,0,0,0,0,0,0,0,15,0,0,30,5,84,0,23,0,6,0,0,0,0,0,0,0,0,0,0,0,132,0,0,0,0,0,0,0,0,0,183,0,0,0,0,0,0,0,0,0,0,0,150,11,4,0,0,89,0
0,0,0,0,28,23,0,9,0,0,0,1,0,0,0,3,0,0,0,0,31,7,0,0,0,1254,0,3,1,0,32,0,0,5,0,0,0,63,0,0,0,0,0,0,0,64,0,9,0,16,0,0,0,12,84,0,0,9,1,12,110,59,6,0,1,7,1471,1,0,5,2,0,0,1,0,0,0,2,0,684,0,0,74,0,0,0,0,0,42,11,0,0,0,983,34,0,0,0,1,0,0,0,0,2,0,15,0,112,49,38,0,5,0,0,0,0,0,9,67,0,0,0,0,0,0,0,0,79,1,12,0,8,0,0,0,0,0,0,0,1,0,0,0,0,0,0,37,0,0,1,12,1,0,0,0,1,0,0,0,26,0,0,0,262,0,0,0,0,0,0,19,0,1,0,0,0,0,4,105,0,1,0,15,0,61,0,0,0,1,0,5,178,1,11,0,0,0,0,0,0,0,0,4,77,255,181,0,0,0,1,0,0,2,1,3,0,12,34,25,1,1,18,0,0,1,0,45,0,0,0,46,0,0,233,0,0,1,0,0,0,0,0,0,1,0,0,0,0,0,0,1,1,0,0,2,164,182,0,8,34,3,0,0,4,0,0,0,0,0,4,0,124,40,0,0,0,0,0,2,1736,0,0,268,0,0,0,0,0,7,97,0,0,0,0,1,20,0,0,0,67,0
0,0,0,5,0,0,99,0,0,0,0,0,7,0,71,0,0,0,55,0,0,0,0,0,0,367,0,0,20,35,0,0,0,20,0,0,4,3,0,0,0,0,0,0,0,0,0,88,0,49,44,2,0,44,0,0,18,14,0,32,37,0,25,0,0,0,0,1,25,0,0,0,0,0,1,120,0,0,0,515,0,0,10,0,0,0,0,0,64,0,0,16,1,1784,0,0,0,0,0,0,0,0,0,0,0,0,0,2,0,0,0,0,0,0,0,0,0,67,110,0,7,0,0,27,0,0,0,0,0,216,0,0,0,0,0,0,0,0,0,0,0,0,0,0,0,0,1,0,1,0,0,0,0,0,7,0,2,1,0,0,10,0,0,0,0,0,8,0,0,15,0,0,2517,0,0,0,0,0,0,0,0,0,0,0,4,1,0,0,0,0,0,18,2,0,0,0,0,0,0,0,0,1,0,0,1,5,0,7,0,16,3,0,0,0,0,0,0,0,43,0,302,0,0,0,0,0,0,0,0,0,0,1,0,0,0,0,0,0,2,0,0,0,0,0,0,0,0,0,0,0,0,0,8,0,0,0,0,0,0,1,0,0,0,0,393,0,0,0,20,19,0,0,818,4,0,0,0,0,0,1291,0,0,229,0,0,3,0,0,0,0,0,0,0,64,0,0,1,0,0,181,0
0,3,0,0,0,0,1,0,0,0,0,0,0,0,19,0,0,0,0,0,0,3,0,31,0,3020,0,0,112,0,2,0,0,24,0,0,1,2,0,0,1,0,0,0,0,296,0,0,0,0,3,0,0,0,0,0,0,0,0,1,0,18,0,0,0,0,51,0,2,0,0,0,0,0,0,0,0,0,0,4,0,0,0,0,0,4,2,0,0,0,2950,0,47,0,0,0,0,0,5,0,0,4,0,0,1,0,0,555,0,0,0,0,0,4,0,0,0,0,71,14,0,0,0,1,0,0,51,0,0,0,4,30,0,0,0,6,57,0,0,0,3,0,0,0,0,0,1,0,0,0,4,0,0,0,0,0,0,0,0,27,0,0,0,0,0,1,0,0,0,0,7,0,12,0,0,0,0,2,60,0,0,0,0,0,0,0,0,0,0,0,4,23,1,0,0,0,0,0,0,0,0,0,0,4,0,3,0,0,1,0,0,0,0,0,0,0,40,0,10,0,0,0,0,0,0,0,0,0,0,0,6,0,0,324,0,0,0,0,0,0,0,0,0,0,1,0,0,0,0,0,0,0,0,0,0,9,4,0,0,0,0,0,0,1,12,0,0,0,0,143,0,0,9,0,0,0,0,0,0,1608,0,0,33,0,0,0,0,138,63,0,0,0,0,0,1,0,2,0,0,51,0
0,0,0,0,0,0,37,13,565,1,1,1,0,39,0,0,0,0,0,0,58,37,0,1,0,636,1,0,10,17,312,0,0,42,0,0,9,143,1,0,0,1,0,60,0,24,0,1,0,0,4,0,0,0,15,0,0,0,0,162,1,3,0,0,11,0,203,0,31,0,45,1,0,46,0,0,1,0,0,57,0,5,165,1,19,1,0,0,0,22,264,2,25,14,0,0,0,0,12,0,0,0,0,1,1,0,66,2604,0,0,0,16,0,47,3,1,0,0,141,0,0,0,0,1,27,43,0,0,2,0,4,10,1,5,0,0,1,0,0,0,1,0,0,0,0,0,6,1,0,4,13,37,0,4,1,0,0,0,27,50,0,0,0,1,0,0,1,0,0,63,0,0,0,0,0,0,0,116,383,1,0,0,0,0,9,0,0,0,0,0,0,54,1,0,18,0,0,1,0,0,5,0,175,226,0,1,1,0,0,1,0,0,3,2,38,0,36,88,23,16,0,20,0,0,0,0,15,0,50,1,76,5,1,127,0,4,1,0,0,0,0,8,0,10,0,0,1,0,2,17,7,3,10,0,2,1,1,1,13,0,1,3,2,1,0,0,0,19,20,182,28,42,29,0,0,0,1,0,2,1398,2,0,246,0,0,0,0,0,55,29,0,1,0,0,5,1,4,2,0,61,0
0,0,0,0,0,0,0,19,0,0,0,0,21,0,0,0,0,17,0,0,0,37,0,0,0,1,0,0,0,1,0,0,0,3,0,0,0,610,0,0,0,0,0,0,0,34,0,0,0,0,0,0,0,9,0,0,8,26,0,106,60,0,0,0,0,9,222,0,0,108,10,0,0,31,0,0,0,0,0,2356,0,23,0,0,0,79,0,0,71,0,0,0,1,2503,0,0,0,0,39,0,0,0,0,0,0,0,0,30,54,48,0,0,0,0,0,0,0,40,88,0,0,0,0,0,2,0,25,0,0,0,0,68,0,0,0,0,20,0,0,0,27,0,0,0,0,0,135,0,0,2,18,0,0,1,0,0,0,0,0,112,0,0,0,0,0,0,0,0,0,0,0,0,0,0,0,0,0,0,33,0,0,0,0,0,0,0,0,0,0,0,6,225,0,7,0,0,0,0,0,0,0,0,0,0,0,43,0,0,0,0,0,0,0,0,0,0,44,0,0,5,0,0,0,0,0,0,0,0,10,0,169,0,0,41,0,0,0,0,2,8,0,0,0,0,0,22,0,0,0,0,0,5,0,0,0,10,8,0,4,67,1,0,0,15,0,0,0,0,0,1108,0,0,174,0,0,0,8,0,0,293,0,0,561,0,0,0,0,0,0,0,0,0,0,0,1,0,10,0,0,48,0
0,0,16,0,93,0,0,6,0,0,0,0,0,0,0,1,0,0,0,0,83,41,0,12,11,8,0,0,1,1,170,0,0,5,0,0,5,432,0,0,0,0,0,95,0,2,0,66,0,0,0,0,0,0,31,0,0,11,0,29,126,0,3,0,4,46,50,0,0,6,3,0,0,7,0,1,0,0,0,790,0,0,7,0,11,30,0,1,97,0,0,4,0,408,0,1,7,0,23,0,0,0,0,0,0,0,0,235,114,84,0,0,0,130,0,0,0,198,86,0,0,0,0,0,8,0,979,467,2,0,287,18,0,0,0,0,0,1,0,1,62,3,0,4,0,0,67,6,0,4,3,0,0,3,0,0,0,0,16,58,0,0,0,324,0,0,0,1,0,0,2,0,0,0,0,0,0,186,291,0,0,0,0,0,12,0,0,0,0,0,5,55,1,5,0,0,0,0,0,0,0,0,0,73,0,9,0,0,1,1,0,0,3,0,7,0,488,0,327,8,51,0,0,0,0,0,0,0,275,0,168,0,0,39,0,0,0,0,1,3,0,0,0,0,1,6,0,0,0,0,156,1,61,0,81,5,4,0,2,1,27,0,0,5,1,0,0,0,160,338,0,7,26,0,0,0,0,0,11,795,0,0,246,3,0,1,0,3,15,73,0,0,0,0,0,0,4,0,0,57,0
0,0,0,0,0,0,0,0,1,0,0,0,0,0,49,0,0,0,0,0,0,4,0,0,0,2057,0,0,2053,0,0,0,0,0,0,0,0,0,0,0,0,0,0,114,0,0,0,0,0,0,0,0,0,0,0,0,0,0,0,0,0,0,0,0,0,0,0,0,0,0,11,0,0,0,0,0,0,0,0,0,0,0,0,0,0,0,0,0,0,0,36,0,4,0,0,0,119,0,3,0,0,0,0,0,0,0,0,611,0,0,0,0,0,10,0,0,0,0,412,0,1,0,0,5,184,0,0,0,0,0,0,141,0,0,0,0,0,0,0,0,79,0,0,0,0,0,0,0,0,0,14,0,0,0,0,0,0,0,0,2,0,0,0,0,0,0,0,0,0,0,0,0,2,0,0,0,0,0,0,0,0,0,0,0,0,0,0,0,0,0,0,0,0,0,0,0,0,7,0,0,0,0,0,0,0,0,0,0,1,0,0,0,0,0,0,0,0,0,0,0,0,0,0,0,0,0,0,0,0,0,90,0,0,546,0,0,0,0,0,0,0,0,0,0,42,0,0,0,0,79,4,0,0,0,0,0,0,0,0,23,0,0,0,0,5,0,0,0,0,322,0,0,1969,0,0,0,0,0,0,661,0,0,72,0,0,0,1,0,0,0,0,0,0,0,26,0,241,0,0,0,0
0,0,30,0,0,58,0,0,0,0,0,0,18,0,180,62,1,0,0,0,0,0,0,0,0,1,0,1,31,184,92,0,0,0,0,0,0,0,0,0,0,0,0,0,0,0,171,0,0,0,0,0,0,96,617,0,0,48,0,0,131,0,0,0,0,0,0,0,0,17,0,0,0,14,0,41,0,0,0,0,0,0,0,0,0,885,0,0,270,0,0,0,0,1961,12,0,0,0,0,0,0,23,17,0,0,0,0,0,0,0,0,0,0,82,0,0,0,70,90,0,0,0,0,8,9,0,0,0,0,0,0,12,0,0,62,0,99,0,0,0,58,0,0,5,0,0,26,32,0,0,1,0,5,13,0,0,0,0,0,0,0,0,0,0,0,0,0,0,0,0,0,0,0,0,0,0,0,0,0,3,0,0,0,0,11,0,0,289,0,0,3,296,2,2,0,0,0,0,1,0,0,0,0,0,0,44,12,0,1,28,3,0,0,0,0,5,0,0,450,0,3,0,0,0,0,0,304,0,0,0,0,0,0,272,0,0,0,0,0,68,0,0,0,80,0,49,0,0,0,0,0,0,0,0,0,166,0,0,0,0,0,0,0,9,0,0,0,0,0,497,14,0,1599,0,2,0,0,0,0,2,7,0,204,0,0,0,0,0,0,0,0,0,0,0,15,0,2,0,0,23,0
0,0,0,1,0,0,0,0,0,0,0,0,0,0,0,0,1,0,0,6,0,0,0,0,10,2507,0,0,3,3,0,20,0,0,0,0,0,58,0,0,219,0,114,0,0,983,0,0,0,34,0,0,0,0,1,0,0,20,0,0,30,0,0,0,0,0,39,1,29,0,0,0,0,0,5,9,0,0,0,338,0,0,0,0,0,11,0,0,87,0,0,0,0,1051,0,0,6,53,0,0,0,23,8,1,0,0,0,1,249,0,0,7,0,0,0,0,0,0,42,8,0,0,1,0,109,0,89,66,0,131,58,1,0,0,0,0,0,1,0,0,0,0,0,0,0,0,2,0,0,0,0,0,0,0,0,8,0,0,0,75,0,0,0,0,0,1,0,0,0,0,0,0,73,0,0,0,0,0,0,0,0,0,0,0,0,0,0,0,0,0,0,48,1,0,0,0,0,0,0,8,0,0,0,0,977,14,0,0,0,0,0,0,0,0,0,0,49,0,0,0,0,0,0,0,0,0,0,244,0,0,0,0,0,298,0,0,0,0,0,3,0,0,0,0,1,0,0,0,0,0,0,0,0,0,0,53,1,0,0,0,0,0,0,1,0,0,0,28,0,21,175,50,50,0,0,0,0,0,0,1300,0,1,80,0,0,0,0,2,0,7,0,0,0,0,1,0,3,0,0,0,0
0,0,0,0,0,0,1,3,1,0,2,3,1,115,24,1,0,0,1,0,2,18,0,1,0,2206,1,0,2,3,150,0,4,92,0,0,8,1,1,0,0,0,0,20,0,7,285,2,0,0,1,0,1,0,2,1,0,0,0,72,1,1,0,0,0,0,19,0,0,0,348,0,0,4,0,0,1,1,0,20,0,3,1,0,19,0,277,1,0,18,0,2,4,1,0,0,0,0,53,0,0,0,0,0,1,0,28,1102,0,0,0,7,0,227,1,14,0,0,22,0,0,0,0,0,250,0,0,0,1,2,19,10,0,0,0,0,3,0,0,0,10,0,0,0,0,0,1,1,1,0,3,8,0,2,0,0,0,0,6,42,0,1,1,1,0,0,0,0,0,0,0,0,0,0,0,0,2,5,47,1,49,0,3,0,2,0,0,0,22,0,2,25,1,0,0,0,0,0,0,0,0,0,987,6,0,18,2,0,0,0,0,1,0,4,10,0,75,7,22,4,238,5,0,0,0,0,32,0,166,0,134,0,0,913,0,0,3,0,0,0,1,0,0,1,0,0,0,0,0,1,5,1,4,0,17,33,2,0,11,0,1,0,0,1,1,0,1,0,0,9,5,41,27,0,6,1,0,1,1,1189,0,0,212,0,0,0,0,0,1,28,0,0,0,0,18,2,10,21,0,7,0
0,0,0,1,0,18,4,0,0,0,0,0,6,0,4,0,0,47,0,0,96,67,0,20,0,201,0,0,0,2,8,0,0,66,0,0,1,0,0,0,0,0,0,0,0,0,196,129,0,12,0,0,0,21,0,0,0,29,0,214,29,125,3,0,0,42,15,0,0,0,19,0,2,12,0,217,0,2,0,2205,6,0,0,0,8,37,0,0,45,71,0,0,1,1075,0,1,0,0,0,0,0,0,0,25,9,0,76,1,0,0,0,0,0,48,0,0,0,187,257,10,0,0,0,1,55,0,0,0,0,115,0,0,0,1,0,0,21,0,0,0,0,0,0,0,0,0,38,7,0,0,21,0,0,12,2,0,0,0,0,122,0,0,0,0,0,0,2,0,0,0,2,0,0,0,0,0,5,531,0,1,0,0,0,0,8,0,0,0,0,0,0,68,0,10,0,0,0,0,0,0,0,0,0,0,0,29,8,0,0,1,0,0,0,0,123,1,114,231,57,0,0,25,0,52,0,0,0,0,106,0,191,0,0,176,0,0,0,0,0,70,0,0,0,0,0,18,0,0,0,0,24,5,42,0,47,94,3,0,0,0,0,0,0,9,0,0,0,0,20,2,0,32,94,0,4,0,5,7,0,950,1,0,618,0,0,0,0,0,0,34,0,0,0,0,5,0,9,0,0,107,0
0,0,4,0,0,0,0,0,0,0,0,0,0,0,17,0,0,0,0,0,0,49,0,1,0,0,0,0,15,0,0,0,0,114,0,0,24,0,0,0,0,0,0,0,0,2,0,0,0,0,3,0,0,0,0,0,0,2,0,0,0,0,2,0,0,0,175,0,7,78,0,0,0,0,0,0,0,0,0,0,0,0,8,0,0,1,104,0,0,2,0,0,93,0,0,2,0,0,0,0,0,45,0,0,0,0,131,5182,0,0,0,0,1,0,0,0,0,0,0,1,0,0,0,2,1,0,1,0,0,0,2,122,0,4,0,0,0,0,0,0,4,0,0,0,0,0,0,0,0,0,5,0,0,0,0,1,0,0,0,36,0,0,0,374,0,0,0,0,0,0,0,0,1,0,0,0,0,22,0,0,0,0,0,0,0,0,0,0,0,0,0,45,1,0,0,0,0,0,0,0,0,0,0,0,0,0,0,0,1,0,0,0,0,0,0,0,0,0,96,0,488,0,0,0,0,0,0,0,0,0,0,0,0,0,0,0,0,0,0,0,0,0,0,0,0,0,25,1,0,0,0,0,17,0,0,10,3,0,0,0,0,0,0,0,0,0,0,0,0,0,0,0,58,0,1,0,0,0,0,2561,0,3,0,0,0,0,0,0,0,0,0,0,0,0,9,0,30,0,0,19,0
0,0,33,0,68,0,0,0,0,0,0,0,9,0,0,0,0,40,0,0,0,3,0,0,0,103,0,0,0,10,0,0,0,11,0,0,0,56,0,0,0,0,0,0,0,16,0,121,0,0,18,0,0,0,0,2,0,68,0,1,131,0,0,1,0,52,12,0,7,68,3,0,0,0,13,220,0,13,0,839,0,132,337,0,0,637,0,1,0,0,1,5,0,627,0,0,27,0,0,0,0,0,0,10,0,0,0,1044,0,129,0,0,0,0,0,0,0,0,44,0,0,0,0,0,0,2,241,0,1,19,0,1,72,2,0,0,0,0,0,0,251,0,0,0,0,0,88,0,0,0,0,0,1,0,2,0,0,0,0,24,0,0,0,3,0,0,0,0,0,0,6,0,0,0,0,0,0,4,2,5,0,0,0,8,0,0,0,0,0,0,14,95,0,0,0,0,0,0,0,4,0,0,0,0,0,191,0,0,0,0,0,0,0,0,13,0,0,39,0,0,0,0,0,0,4,0,0,0,0,6,0,0,0,506,0,0,4,0,3,295,0,0,91,0,175,0,33,0,0,0,0,0,18,0,16,417,60,0,1,0,4,0,0,20,7,0,0,0,44,208,0,0,118,6,0,0,0,0,0,1621,0,0,98,0,0,0,0,0,1,141,0,0,0,0,0,4,81,0,0,17,0
0,0,0,0,0,33,0,0,0,0,0,0,6,0,347,0,0,0,0,0,0,0,0,0,0,18,0,0,316,43,0,0,0,13,0,0,0,0,0,0,0,0,0,0,0,3,0,0,21,0,0,0,0,43,0,0,0,102,0,0,252,0,0,0,0,0,64,0,0,137,0,0,0,0,0,6,0,0,0,1114,0,0,0,0,0,58,170,0,116,33,0,0,0,2988,0,0,5,0,0,0,0,0,0,0,0,0,48,41,0,0,0,0,0,2,0,0,0,0,111,0,10,0,0,0,1,0,0,17,0,0,0,16,0,0,0,0,1715,0,0,0,968,0,0,0,0,0,0,0,0,0,8,0,0,0,0,0,0,40,0,0,0,0,0,0,0,0,0,4,0,0,0,0,0,0,0,0,0,0,0,0,0,0,0,0,0,0,0,0,0,0,0,32,1,0,0,0,0,0,0,0,0,0,0,0,0,0,0,0,1,38,6,0,0,0,4,0,0,0,119,0,0,0,0,0,0,0,0,0,4,0,0,0,0,133,0,0,0,0,0,0,0,0,0,0,6,0,0,0,0,0,0,0,0,0,0,59,0,0,0,0,0,0,0,0,0,0,0,0,0,82,0,0,15,0,0,0,0,0,0,391,0,0,193,0,0,0,0,0,0,0,0,0,0,0,0,0,48,0,0,1,0
0,0,0,0,0,0,0,0,0,0,0,0,0,0,0,0,7,0,0,0,0,20,0,0,0,1,0,0,0,0,53,0,0,11,0,0,0,0,0,0,0,0,0,0,0,0,345,0,0,0,0,0,0,0,0,0,0,88,0,8,26,0,0,0,1,43,0,0,11,165,0,0,0,416,0,176,0,0,0,991,0,0,0,0,10,51,0,0,0,0,0,0,1,1735,0,0,0,0,0,0,0,0,0,0,0,0,0,1,0,0,0,0,0,59,0,0,0,0,10,29,25,0,0,0,0,0,0,0,0,0,0,0,0,0,0,0,0,0,0,0,0,0,0,0,0,0,0,0,0,0,0,0,0,0,0,0,0,0,0,0,0,0,0,0,0,0,0,0,0,0,0,0,49,0,0,0,0,216,8,0,0,0,0,0,0,0,0,0,0,0,0,477,0,0,0,0,0,0,0,0,0,0,0,0,0,2,0,0,0,0,14,0,0,0,55,1,122,0,0,129,0,0,0,0,0,0,0,0,128,0,93,0,0,157,0,0,0,0,0,1,0,0,0,0,1,0,0,0,0,0,0,0,0,0,0,7,0,0,0,0,1,0,0,0,0,0,25,0,0,18,0,0,464,0,0,0,0,0,0,3300,0,0,240,0,0,0,0,0,0,0,0,0,0,0,192,0,0,0,1,17,0
0,0,0,1,0,0,0,0,0,0,1,1,0,126,13,0,0,0,0,0,43,1,0,0,0,887,0,0,7,0,0,0,2,0,0,5,120,1,0,0,0,0,0,4,0,70,2,1,0,0,47,0,0,0,0,0,0,0,0,104,0,4,1,0,2,0,0,0,0,0,41,0,0,0,0,0,0,0,0,23,0,6,0,1,50,0,0,0,0,0,345,23,0,0,5,0,0,0,1,0,18,0,8,0,1,0,100,2757,0,1,7,0,0,67,0,0,0,0,86,0,0,0,0,1,0,0,0,0,1,0,0,19,0,0,0,0,6,0,0,0,138,0,0,0,5,0,4,1,0,0,0,29,0,118,0,0,0,0,3,5,0,0,0,0,0,0,0,0,0,0,0,0,99,0,0,0,0,19,97,1,0,0,0,0,27,0,0,0,0,0,0,63,1,0,0,0,48,1,0,0,0,0,0,1401,0,66,24,0,1,7,0,0,9,0,0,0,175,14,0,0,0,7,0,0,1,0,2,0,69,4,71,1,0,233,0,0,3,0,0,557,0,0,0,59,0,0,0,0,0,0,134,0,0,0,8,15,0,1,0,0,1,0,0,2,0,1,0,0,0,149,1,0,202,0,0,0,0,0,0,1031,3,0,70,0,0,0,0,1,2,6,0,0,0,0,0,0,0,3,0,8,0
0,0,0,0,0,25,0,1,0,0,0,0,4,0,1880,0,0,11,0,0,2,6,0,0,0,1360,0,0,0,0,0,1,1,10,0,0,4,0,0,0,0,0,45,0,83,14,0,0,0,0,0,0,0,8,0,0,0,0,0,0,0,0,0,0,0,0,28,0,68,0,1,0,0,1,0,21,0,0,0,122,0,0,0,0,0,29,145,0,142,90,0,0,13,2193,0,1,0,0,21,0,0,73,0,0,0,0,0,17,83,42,0,0,0,51,0,0,0,31,47,1,0,0,1,0,30,0,0,108,0,166,0,1,0,0,0,5,0,0,0,0,20,0,5,1,1,2,55,0,0,0,6,0,0,0,0,0,0,0,0,0,0,0,0,0,0,0,0,0,0,0,0,0,10,0,0,0,0,0,11,0,0,0,0,3,0,0,0,0,0,0,0,19,1,0,0,0,0,0,0,0,0,0,0,2,0,3,0,0,2,0,12,0,0,0,1,0,77,0,1,0,136,0,0,0,0,0,0,263,37,0,17,0,0,716,0,0,1,41,0,1,0,0,0,0,3,0,0,0,0,0,6,0,0,0,8,20,2,0,0,0,0,0,0,2,8,0,0,0,0,247,0,0,487,0,0,0,0,3,27,374,0,43,110,0,0,16,0,0,3,0,0,0,0,0,75,0,33,0,0,105,0
0,0,0,0,0,0,0,0,0,0,0,0,0,0,4,0,6,0,0,0,0,32,0,0,0,5511,0,0,6,0,8,0,0,52,0,0,10,18,0,0,0,0,0,0,0,0,0,0,7,0,0,0,0,0,0,0,0,0,0,72,0,0,0,0,50,0,240,0,0,5,0,0,0,0,0,0,0,0,0,79,0,1,0,0,0,7,175,0,0,10,0,6,0,0,0,0,0,0,54,0,0,437,0,0,1,0,0,961,0,0,0,0,0,69,0,0,0,0,6,0,0,0,0,1,0,0,0,0,0,0,0,0,0,0,0,0,0,0,0,0,0,0,0,0,0,0,3,0,0,15,0,0,0,0,0,0,0,0,0,5,0,0,0,0,0,0,0,0,1,0,3,0,2,0,0,0,0,3,11,0,0,0,0,0,4,0,0,0,0,0,0,28,0,0,0,0,0,0,0,0,0,0,0,2,0,13,1,0,5,6,0,0,0,0,7,0,28,0,324,0,1,19,0,0,0,16,0,0,0,0,131,0,0,135,0,0,0,0,0,16,0,0,0,0,9,7,0,0,0,0,0,0,0,0,0,9,5,0,0,0,0,0,0,7,0,0,0,0,4,1171,0,0,141,0,0,0,0,0,0,3,0,0,5,0,0,0,0,0,0,6,0,0,0,0,0,18,2,0,1,4,0
0,0,0,0,33,34,0,20,0,0,0,0,5,1,57,0,0,11,0,0,0,0,0,353,89,1405,7,0,4,90,144,0,0,0,0,0,10,0,0,0,0,0,0,0,0,3,0,14,0,23,0,0,0,0,9,0,0,28,0,13,64,0,9,0,0,7,45,0,0,183,1,0,0,3,1,3,0,0,0,608,0,0,0,0,0,0,0,0,132,0,1,0,0,1602,6,0,26,0,4,0,0,0,0,0,4,0,4,711,259,92,0,0,0,0,0,0,0,41,0,0,0,16,0,0,10,0,0,100,1,2,0,76,0,0,0,0,461,0,0,0,0,0,0,0,0,0,0,3,0,0,15,17,0,0,1,0,0,0,0,0,0,0,0,1,0,0,0,0,0,0,1,81,1,0,0,0,0,2,0,0,0,0,0,20,3,0,0,0,2,0,0,75,2,0,19,0,0,0,0,0,0,0,0,18,0,13,1,0,0,8,0,0,5,0,0,0,93,6,263,0,0,0,1,0,0,1,35,0,80,0,0,11,0,86,43,0,1,0,0,2,0,0,0,0,0,11,1,0,0,0,182,0,0,0,0,1,3,7,0,18,0,24,0,0,0,0,0,0,2,74,1,0,289,0,1,0,0,0,0,1447,0,0,84,0,0,0,57,0,0,0,0,0,0,0,8,0,10,0,0,49,2
0,0,0,0,0,0,0,0,0,0,0,0,4,116,0,1,0,12,0,0,0,0,0,0,0,264,0,0,0,1,0,0,0,0,0,0,4,1,0,0,0,0,0,0,0,32,109,0,0,0,3,0,0,7,0,0,0,29,0,2,31,0,0,0,0,0,171,0,136,233,0,0,0,0,0,1,0,0,0,425,0,0,1,0,0,0,0,0,134,30,0,1,1,585,0,0,0,81,0,0,0,0,0,0,0,0,0,1,0,0,0,0,0,10,0,0,0,15,10,0,0,0,0,3,6,0,0,106,0,174,0,0,0,0,209,0,54,0,0,0,6,5,0,0,83,0,0,4,0,0,0,0,0,0,2,0,0,0,0,0,0,0,0,0,0,0,0,0,0,2,0,24,2981,0,0,0,0,529,32,0,0,0,0,0,0,0,0,0,0,0,0,32,0,0,29,0,0,1,0,0,0,0,0,0,0,0,2,0,0,0,0,0,0,0,0,0,0,0,10,0,145,0,0,0,0,0,58,0,0,0,158,0,0,0,0,0,0,0,0,0,0,0,0,0,0,0,0,0,0,0,0,0,0,0,0,6,0,0,0,0,0,0,0,4,0,0,0,0,0,1245,3,0,140,0,0,0,5,0,0,1140,0,0,296,0,0,0,0,0,0,0,0,0,0,0,32,0,4,0,1,21,0
0,0,0,0,0,31,0,10,0,0,0,0,9,0,100,0,0,0,0,0,10,2,0,0,0,1420,0,0,158,0,51,0,0,127,0,0,0,3,0,0,0,10,0,6,0,63,0,55,0,0,0,0,0,19,105,0,0,25,0,1,44,0,23,0,0,31,11,11,0,127,2,0,0,1,0,845,0,0,0,148,0,17,22,0,0,0,0,0,119,58,0,20,1,1389,0,0,6,0,0,0,0,0,0,6,0,0,46,23,28,2,0,0,0,1,0,0,0,18,94,0,0,0,0,0,27,0,117,10,0,173,0,1,0,1,178,0,49,0,0,0,0,0,0,0,0,0,10,1,0,0,14,4,2,1,1,0,0,0,0,15,0,0,0,0,0,0,0,0,0,1,0,0,0,0,0,0,0,76,73,1,0,0,0,0,6,0,0,0,0,0,6,11,3,0,0,1,0,1,0,0,0,0,0,0,0,23,0,0,5,16,0,0,0,0,0,0,1,0,175,0,0,0,0,0,0,0,0,0,34,0,135,1,0,96,0,0,1,0,0,0,0,0,0,0,0,41,0,0,0,0,14,1,0,0,0,4,4,0,0,0,1,0,0,0,0,0,0,0,0,66,0,23,1917,0,0,0,1,1,0,919,0,0,358,0,0,0,0,0,3,9,0,0,0,0,20,4,1,0,0,57,0
2,0,9,0,0,0,0,0,0,0,0,0,5,0,5,0,1,17,0,0,0,0,0,77,0,698,0,0,15,6,6,0,0,12,0,0,28,0,0,0,0,0,0,0,0,58,0,0,0,45,0,0,0,0,0,0,6,139,0,0,66,0,11,0,0,0,0,0,0,122,0,0,0,0,0,358,0,0,0,570,0,0,5,0,0,0,0,0,75,0,0,1,1,3217,85,3,39,0,0,0,0,1,0,0,0,29,0,22,0,59,0,0,0,1,0,0,1,0,126,0,12,0,0,0,0,0,33,0,0,482,0,31,0,1,0,0,78,1,0,0,0,0,0,0,0,0,0,0,0,0,0,0,0,0,1,0,0,0,0,119,0,0,0,0,0,0,0,0,0,0,0,0,0,34,0,0,0,129,0,0,0,0,0,0,0,0,0,0,0,0,0,78,2,0,0,0,0,0,0,238,0,0,0,181,0,4,0,0,1,4,0,0,0,0,47,0,0,0,222,0,0,0,0,0,1,0,0,0,21,0,90,0,0,9,0,0,6,0,0,96,0,0,0,0,2,0,0,0,0,0,0,0,0,0,0,0,8,0,10,47,0,0,0,0,0,0,0,0,0,1424,0,0,26,1,3,0,0,0,0,3,0,0,287,0,0,5,0,0,0,0,0,0,0,0,86,0,1,0,0,262,0
1,0,0,0,0,0,0,1,0,0,0,0,0,0,0,0,5,69,0,0,0,1,0,0,10,1364,0,0,32,1,3,0,0,0,0,0,0,3,0,0,0,0,30,0,0,1,1,17,0,25,0,0,168,18,3,7,0,36,0,1,78,0,9,0,0,50,16,6,0,40,1,0,0,1,0,0,0,21,0,82,0,0,3,0,0,0,0,0,0,0,0,0,0,1618,21,48,0,0,0,1,0,0,0,0,0,0,0,4,35,116,0,1,0,0,0,1,0,0,1,2,0,0,0,0,0,0,161,0,1,68,0,1,0,0,0,0,0,0,0,1,25,0,0,0,0,0,4,0,0,0,5,0,0,0,0,0,0,0,0,5,0,0,0,2040,0,0,0,0,0,0,4,0,0,0,0,0,3,7,7,1,0,0,0,5,1,0,0,0,0,0,34,5,4,5,0,0,0,2,0,0,0,0,0,294,0,15,2,0,6,0,0,0,0,3,1,0,2,29,2,0,0,0,0,0,1,0,2,0,39,1,9,0,0,1263,0,0,2,0,0,30,0,0,0,0,1,0,0,0,0,0,0,2,20,0,5,8,7,0,1,2,1,0,0,2,0,0,5,37,0,467,26,1,308,0,0,0,0,0,4,971,0,1,3,0,0,0,0,5,0,8,0,0,0,0,28,0,43,0,0,15,0
0,0,0,0,0,22,0,0,0,0,18,1,4,0,38,0,18,9,0,0,0,14,0,0,15,1224,0,0,0,0,0,0,0,43,30,2,1,39,0,0,0,0,0,0,0,76,54,79,0,19,0,0,0,4,33,0,0,29,0,0,50,0,8,0,0,23,353,4,3,0,2,0,1,0,0,126,0,0,0,1148,0,0,4,1,0,0,0,0,89,50,0,0,0,1065,5,0,0,40,21,0,0,0,0,11,6,0,0,219,0,12,0,1,0,51,0,0,0,33,277,0,13,0,0,0,90,9,0,401,0,45,163,0,0,0,0,0,0,0,0,0,0,0,0,0,22,0,0,0,0,0,41,0,0,0,0,0,0,0,30,0,0,0,0,0,0,0,1,0,0,2,0,0,1,0,0,0,0,34,606,0,0,0,0,0,18,0,0,0,0,0,0,49,2,0,23,0,0,1,0,0,0,0,0,0,184,162,0,0,0,1,0,0,0,1,20,0,0,13,107,3,43,3,0,0,0,0,1,0,55,7,101,0,1,90,0,3,24,0,0,124,0,0,0,0,0,0,0,0,2,0,0,0,0,1,19,20,0,7,8,251,0,0,32,3,0,1,0,0,10,9,0,7,43,0,0,0,0,0,3,1368,0,0,186,0,0,0,0,0,0,3,0,1,0,0,3,0,2,0,0,157,0
0,0,0,0,0,39,0,0,0,0,0,0,11,0,19,0,0,17,0,0,0,0,9,0,0,51,0,0,15,0,0,0,0,10,0,0,1,0,0,0,0,0,7,0,0,1,0,0,0,26,0,0,0,17,0,0,0,35,0,0,28,0,0,0,0,0,0,0,0,0,0,0,19,0,0,1003,0,0,0,2048,0,0,0,0,0,0,0,0,0,149,0,0,1,592,0,0,1,0,0,0,0,2,0,4,15,0,0,51,0,0,0,0,188,16,0,0,0,0,77,0,0,0,0,0,5,0,1,0,0,0,0,85,0,0,0,0,41,0,0,0,29,0,0,0,0,1,6,0,0,0,3,0,0,0,0,0,0,0,0,0,0,0,0,0,0,0,0,0,0,0,5,0,1,0,0,0,0,5,0,0,0,0,0,0,0,0,0,0,0,0,0,126,0,0,0,0,0,0,0,0,0,0,0,0,0,27,0,0,1,11,2,0,0,0,0,0,0,0,562,0,0,0,0,0,0,0,0,0,16,0,323,0,0,0,0,0,0,0,0,0,0,0,0,0,0,0,100,0,0,0,0,0,2,0,0,1,32,0,0,0,0,0,0,0,0,0,0,0,0,28,0,0,226,0,0,0,0,0,3,3533,0,38,65,0,0,0,0,0,0,21,0,0,0,0,193,0,4,0,0,53,0
0,0,0,1,0,0,2,0,0,0,0,0,0,0,0,0,0,0,0,0,29,43,0,0,17,0,10,0,0,0,0,24,0,0,0,0,0,300,0,0,0,0,0,223,0,0,0,7,0,0,0,0,0,0,0,2,0,0,0,297,0,0,0,0,0,4,67,0,0,0,654,0,0,16,23,0,0,0,4,538,0,0,56,0,100,9,0,0,0,128,358,0,0,20,0,1,0,0,0,0,0,0,0,0,2,3,160,124,0,14,0,0,1,602,0,0,0,0,0,1,0,0,0,0,0,78,0,0,535,93,82,309,0,0,0,0,0,0,0,0,35,9,0,0,0,0,54,8,0,0,31,0,1,156,2,0,0,0,0,299,0,0,0,0,0,0,4,0,1,0,5,0,0,0,0,0,0,0,0,3,0,0,0,22,25,0,0,0,0,0,0,280,0,1,0,0,0,0,0,0,0,0,0,361,0,34,0,0,0,0,0,44,6,0,17,0,0,276,334,0,0,0,0,8,0,0,0,0,167,0,0,0,0,0,0,0,2,0,0,0,0,0,59,0,0,2,0,0,0,1,0,65,0,0,92,0,28,0,0,44,0,0,0,35,7,0,0,0,2,0,0,0,0,0,4,0,0,7,0,2006,0,0,363,0,0,0,0,0,0,63,0,0,0,0,30,4,19,0,0,0,51
0,0,0,1,0,47,0,0,0,0,0,0,9,0,38,0,1,29,0,0,63,1,0,0,11,18,0,1,0,3,0,0,0,1,0,0,1,1,0,0,0,0,0,0,103,17,0,15,0,0,12,0,0,0,0,0,0,11,0,4,21,0,0,1,0,9,44,1,3,8,10,0,0,68,0,673,0,0,0,420,0,0,0,0,0,0,0,0,91,0,0,0,17,1018,0,0,6,0,0,0,0,7,0,0,0,0,0,3239,111,228,134,0,0,1,0,0,0,0,5,0,0,0,4,0,5,0,113,0,1,48,0,6,0,0,0,0,0,0,0,0,66,6,1,0,0,0,1,0,1,2,8,0,0,0,0,0,0,0,0,53,0,0,0,3,1,0,1,0,0,0,2,21,0,0,0,0,0,1,5,1,0,0,16,0,2,8,0,0,0,0,0,14,1,11,0,0,0,0,1,273,0,0,0,0,286,8,0,0,1,3,3,0,0,0,0,0,199,0,198,2,0,0,0,0,0,0,0,0,35,0,24,0,0,89,0,0,14,0,0,0,0,0,0,0,1,0,0,1,0,0,0,1,0,0,3,1,3,0,7,8,1,0,0,1,0,0,0,0,0,357,0,14,217,0,0,0,0,0,2,1255,0,0,56,1,0,0,0,0,0,26,0,0,0,0,0,0,2,0,0,11,0
0,0,0,0,0,0,0,0,0,0,0,0,2,0,10,0,0,0,0,0,0,111,0,0,0,40,0,0,0,96,31,0,0,95,0,0,1,327,0,0,0,0,0,140,0,0,0,0,0,0,0,0,0,0,0,0,0,0,0,150,0,0,0,0,0,0,0,0,0,0,59,0,0,0,0,0,0,0,0,0,0,0,0,0,0,4,5,0,0,72,15,0,0,0,0,0,0,0,16,0,0,0,0,0,8,0,0,1827,0,0,0,0,0,296,0,0,0,7,544,0,0,0,0,23,84,0,0,0,0,0,138,231,0,0,0,0,1,0,0,0,17,0,0,0,0,0,54,0,0,0,0,0,1,2,0,0,0,0,0,0,0,0,0,0,0,0,0,0,0,0,0,0,0,0,0,0,0,209,0,0,0,0,0,0,75,0,0,0,0,0,2,194,0,0,0,0,0,0,0,0,0,0,0,0,0,11,0,0,1,0,0,0,0,13,0,1,206,0,361,0,0,0,0,0,0,0,0,0,40,0,0,0,0,616,0,0,0,0,0,0,0,0,0,0,11,90,0,0,0,0,0,0,0,0,15,0,4,0,41,0,5,0,0,16,809,0,0,0,0,362,0,0,517,0,0,1,0,0,0,819,0,0,961,0,0,0,0,0,0,0,0,0,0,0,3,75,7,0,0,124,0
0,0,0,0,0,25,33,0,0,0,6,0,0,0,4,0,0,0,89,0,0,52,0,122,7,978,0,0,0,1,36,0,1,43,0,0,178,648,0,2,0,0,0,0,0,0,0,43,0,16,6,0,0,0,0,0,0,10,0,31,14,161,0,0,0,0,0,1,11,134,0,7,12,68,6,23,0,0,0,880,4,22,0,0,0,40,0,1,57,0,0,24,1,1458,0,0,0,0,0,0,0,2,9,18,7,0,1,1,0,0,335,0,0,11,0,0,0,10,97,0,0,0,0,0,176,0,0,60,0,97,0,46,0,0,0,1,0,0,0,0,0,0,5,0,246,0,78,0,0,0,34,25,0,3,0,0,0,0,0,46,0,0,7,0,0,1,0,0,0,0,6,0,0,0,0,0,0,170,110,1,0,1,0,0,33,0,0,0,0,0,0,192,17,1,0,0,0,0,0,0,0,0,0,0,29,25,6,0,0,19,0,0,0,0,21,0,17,0,279,0,0,29,0,0,0,0,0,0,89,0,0,7,0,69,0,3,1,0,0,18,0,0,0,0,0,0,0,0,0,30,0,0,37,0,8,9,7,3,16,61,0,0,34,1,196,0,0,0,21,9,0,26,272,0,0,0,1,0,5,778,1,0,0,0,0,28,0,1,92,58,0,0,8,0,5,23,0,0,0,568,0
0,0,0,0,0,13,0,0,0,0,0,0,0,0,0,0,0,23,0,0,0,0,0,46,0,282,0,0,62,0,0,0,0,14,0,0,2,33,0,0,0,0,0,0,0,1,0,0,0,27,0,0,0,0,0,0,11,41,1,0,18,0,0,0,0,0,4,0,0,2,0,0,0,6,0,214,0,0,0,98,0,0,3,0,0,0,158,0,120,0,0,0,1,1918,0,0,0,0,0,0,0,0,0,0,0,0,0,12,0,1,0,0,0,0,0,1,0,37,0,0,0,0,0,0,0,0,1,0,0,0,0,1,0,0,0,0,0,0,0,0,0,0,0,0,0,0,0,0,0,0,5,0,0,1,0,0,0,0,0,37,0,0,0,0,0,0,0,0,0,0,0,0,158,0,7,0,0,0,0,0,0,0,0,0,1,0,0,0,0,0,1,17,16,0,0,0,0,0,0,0,0,5,1,0,0,8,0,0,0,19,0,0,0,0,0,0,0,0,1,0,0,0,0,0,0,0,0,0,0,0,137,0,0,516,0,0,0,0,0,0,0,0,0,0,0,0,0,0,0,0,0,0,0,0,0,0,1,0,0,0,0,0,0,0,0,0,0,0,0,5654,0,0,157,0,0,0,0,0,0,3,0,0,54,0,0,3,0,0,2,0,0,0,0,0,7,0,8,0,0,35,0
0,0,0,0,0,0,2,32,0,0,0,0,11,0,2,0,0,0,0,0,33,40,0,1,1,1,0,0,8,12,1081,0,0,91,0,0,11,116,0,0,0,0,114,16,13,25,0,0,0,0,7,0,0,0,24,0,0,0,0,151,0,8,0,0,0,0,31,17,0,0,11,0,0,2,0,0,0,0,0,0,0,0,162,0,269,0,2,0,0,16,0,3,6,0,0,2,0,0,2,2,0,29,0,0,4,0,87,803,0,0,0,0,1,36,0,0,0,0,126,0,0,0,0,1,7,3,0,0,0,0,26,268,0,0,0,0,1,0,0,0,6,0,0,0,0,0,46,0,0,0,9,45,0,11,0,0,0,0,0,90,0,0,5,0,0,0,0,0,0,0,0,0,0,0,0,0,0,61,777,0,0,0,0,0,17,0,0,0,0,0,0,17,0,0,0,0,0,0,0,0,0,0,0,0,0,69,24,0,1,1,0,0,0,12,2,0,0,24,0,4,0,81,0,21,0,2,0,0,4,0,137,0,0,69,0,0,0,0,1,0,0,0,768,0,0,0,0,0,0,0,7,0,0,0,0,9,7,0,0,8,0,0,0,0,562,0,0,0,2,115,0,108,186,0,6,0,0,0,0,2438,0,0,465,0,0,0,1,0,0,13,0,0,0,0,4,0,1,0,0,42,0
0,0,0,0,0,0,0,0,0,0,0,0,0,0,0,0,0,0,0,0,0,0,0,0,0,1104,0,0,1,0,0,0,0,8,0,0,0,0,0,0,0,0,0,0,0,1,0,0,0,109,0,0,0,16,0,2,0,0,0,190,78,0,0,0,0,240,425,0,0,169,1,0,0,0,0,0,0,8,0,365,0,38,0,0,0,0,12,0,0,0,0,1,0,1288,0,0,0,71,0,0,0,0,0,15,0,0,104,85,0,1,0,0,0,39,0,1,11,69,273,0,8,0,0,0,1,20,19,576,2,0,0,0,0,1,0,0,0,0,0,0,0,0,0,0,0,0,0,0,0,0,0,1,0,9,1,0,0,0,0,13,0,0,0,186,0,0,0,0,0,0,1,0,1,0,0,0,0,0,173,0,8,0,0,0,5,0,0,0,0,4,0,0,1,0,0,0,0,0,0,0,0,0,64,5,0,40,7,0,0,0,0,0,60,0,1,0,66,19,0,0,13,38,0,66,0,1,0,0,33,0,14,0,0,30,0,0,4,0,0,0,0,0,0,0,0,0,0,0,0,0,0,0,0,0,0,10,82,0,0,0,25,0,0,4,0,0,0,57,0,44,0,0,55,1535,0,0,0,0,1,1839,0,0,53,0,0,0,0,0,30,0,0,0,0,3,0,0,2,0,0,50,0
0,0,0,0,0,0,4,0,0,0,0,0,0,31,26,0,0,0,0,0,5,28,0,0,0,3100,0,7,20,0,0,0,0,0,0,0,0,0,0,1,2,0,0,0,0,17,0,0,0,0,0,0,0,0,0,0,0,1,0,0,0,6,0,0,0,0,53,0,0,0,0,0,0,0,0,0,0,0,0,0,0,0,0,0,0,2,0,0,0,0,0,0,160,0,0,0,5,0,1,0,0,0,0,0,0,0,0,4867,0,17,1,0,0,12,0,0,1,0,63,0,2,0,0,0,0,0,0,0,0,0,0,9,0,0,0,0,28,0,0,0,68,0,0,0,0,0,0,0,0,3,10,0,0,0,0,4,0,0,0,0,0,0,0,0,0,1,0,0,0,15,0,0,2,0,0,0,0,0,0,0,0,0,0,0,0,0,0,0,0,0,1,0,14,0,0,1,0,0,0,0,0,0,0,0,0,0,0,0,2,13,0,0,0,0,0,2,0,0,0,0,0,39,0,0,0,0,0,0,0,0,0,1,0,655,0,0,0,0,0,38,0,0,0,0,0,0,0,0,0,0,0,0,0,0,0,0,7,0,0,0,3,0,0,2,2,0,0,0,41,183,0,0,11,0,1,0,0,4,0,286,0,0,114,0,0,0,0,5,3,0,0,0,0,0,0,0,0,0,0,0,0
0,0,0,0,0,0,1,6,0,0,0,0,0,178,4,0,0,0,0,0,86,21,0,0,0,1008,0,0,8,0,294,0,0,0,4,0,2,0,0,1,0,0,0,27,0,245,0,0,0,0,17,0,0,0,23,0,0,1,0,102,0,0,0,0,0,5,134,0,0,0,17,0,0,67,0,0,0,0,0,0,0,14,13,0,0,1,2,0,0,18,255,7,1,0,0,1,12,1,13,0,0,0,0,0,3,0,204,155,0,22,0,0,2,42,0,0,0,0,97,0,0,0,0,1,25,0,0,0,0,0,110,0,0,1,0,0,5,0,0,0,0,0,0,0,0,0,0,0,0,5,8,11,0,0,1,0,0,0,5,30,0,0,0,2591,0,0,0,0,1,0,0,0,0,0,0,0,0,112,25,0,5,0,0,0,0,0,0,0,0,0,0,109,1,0,0,1,0,2,0,0,0,0,0,468,0,0,0,0,1,4,0,0,0,0,0,0,14,37,1,0,14,26,0,6,1,6,0,0,58,0,117,1,0,58,0,0,39,0,0,1,0,0,327,55,0,0,0,0,0,0,9,0,0,0,0,4,2,0,0,35,1,0,0,0,57,0,2,0,140,89,0,0,52,0,1,0,0,0,0,1833,0,0,319,0,0,1,0,1,13,0,0,0,0,0,1,1,2,0,0,24,24
0,0,0,0,0,24,0,0,0,0,0,0,0,0,9,0,0,0,0,0,0,0,0,49,0,600,0,0,0,0,0,0,0,0,0,0,3,0,0,0,0,0,0,0,0,52,0,0,0,18,0,0,0,0,0,4,0,10,0,0,62,0,0,0,0,0,0,0,0,29,0,0,15,0,0,342,0,0,0,487,0,0,0,0,0,0,0,0,0,0,0,1,0,1154,0,0,34,0,0,0,0,1,0,14,0,0,0,3355,0,32,0,0,0,13,0,0,0,29,89,0,0,0,1,0,10,0,0,435,0,0,0,0,0,0,29,0,0,0,0,0,0,0,0,0,0,0,0,0,0,0,0,0,0,0,163,0,0,0,0,0,0,0,0,0,0,0,0,0,0,0,0,1,9,0,0,0,0,0,0,0,0,0,0,0,0,0,0,0,0,0,0,239,2,0,0,0,0,0,0,0,0,0,0,0,0,15,0,0,0,6,0,0,0,0,0,0,6,0,0,0,0,0,0,0,0,0,0,0,0,0,40,0,0,70,0,0,0,0,0,0,0,0,0,0,0,0,0,0,0,0,0,0,0,0,0,13,1,0,0,0,0,0,0,0,2,0,0,0,0,1,0,0,56,0,0,0,0,0,0,1896,0,0,510,0,0,0,0,0,0,0,0,0,0,0,0,0,7,0,0,66,0
0,0,0,0,0,0,0,0,0,0,0,0,12,1,1201,0,0,7,0,0,0,0,17,118,0,1,0,0,0,0,1,0,0,0,0,0,0,1,0,0,233,0,0,0,0,2,0,0,0,17,0,0,0,0,0,0,0,0,0,0,18,0,28,0,0,153,3,0,170,0,1,0,0,0,1,1,0,0,0,53,0,0,0,0,0,0,0,0,87,14,0,0,1698,1084,0,43,12,0,0,9,0,0,0,1,0,0,0,44,0,0,0,0,0,1,0,0,0,0,0,0,13,0,0,0,3,0,0,0,0,46,0,1,0,0,0,4,0,0,0,0,0,0,0,0,0,0,0,0,0,1,1,0,0,0,0,0,0,0,4,2,0,0,0,1,0,0,0,29,0,0,0,0,1759,0,0,0,0,0,1,0,0,0,0,0,0,0,0,0,0,1,0,1,21,0,0,1,3,0,0,0,0,0,0,0,180,0,0,0,1,32,0,0,0,0,0,0,19,0,0,0,0,0,0,0,0,0,0,0,2,0,1,0,0,237,0,0,0,0,0,0,0,0,0,0,0,0,0,12,0,0,106,0,0,0,0,0,0,0,0,3,0,0,0,0,1,0,0,2,0,1914,0,0,529,0,1,0,0,0,1,11,0,0,0,0,0,0,0,4,10,0,0,0,0,0,0,0,13,0,0,9,0
0,0,0,0,0,0,0,0,0,0,0,0,0,0,6,0,6,0,0,0,0,253,0,0,0,1462,0,0,138,36,0,0,0,0,0,0,3,0,0,0,0,0,0,0,0,249,0,0,0,0,0,0,0,4,0,0,0,1,0,281,0,0,0,0,0,0,21,0,0,0,0,0,0,0,0,0,0,0,0,0,0,0,0,0,0,19,38,0,0,0,0,24,0,0,0,0,8,0,0,0,0,94,26,0,0,0,0,253,0,0,0,0,0,0,0,0,1,0,324,0,0,0,0,0,1287,0,55,0,0,0,0,0,0,1,0,0,406,0,0,0,49,0,0,1,0,0,86,0,0,0,0,0,0,0,1,0,0,0,0,64,0,0,0,0,0,0,12,0,0,18,0,0,0,0,0,0,0,142,380,0,0,0,0,0,0,0,0,0,0,0,0,218,1,0,0,1,0,0,0,10,0,0,0,509,0,165,0,0,4,0,3,0,0,0,0,0,0,0,0,0,0,0,0,0,0,0,0,0,0,0,0,0,0,666,0,0,0,0,0,3,0,0,0,0,3,0,0,0,0,0,0,0,0,0,0,216,47,0,0,0,14,0,0,34,0,5,0,0,0,11,0,0,0,0,0,0,0,0,0,2212,0,0,0,0,0,1,0,0,0,0,0,0,0,0,0,0,126,0,0,0,0
0,0,0,0,0,0,0,0,0,0,0,0,0,32,40,0,0,0,0,0,0,0,0,0,157,1,0,0,6,54,0,0,0,9,0,0,12,0,0,0,0,0,0,0,220,0,0,0,0,0,0,5,0,30,0,0,0,62,0,14,70,0,0,0,0,0,0,1,97,0,0,0,0,11,0,678,0,13,0,610,0,0,0,0,0,0,0,0,114,0,0,0,1,1330,0,0,0,0,0,0,0,47,0,0,5,0,0,377,215,121,0,0,23,0,0,0,0,20,44,0,13,0,0,0,0,0,49,179,0,0,0,0,0,0,0,0,0,0,0,0,1195,0,4,0,0,0,62,0,0,0,0,0,0,0,8,0,0,0,0,1,0,0,0,1,0,0,0,0,0,0,0,0,0,0,0,0,0,0,0,0,0,0,0,0,0,0,0,0,0,0,0,0,0,0,0,0,0,0,0,0,0,0,0,0,0,0,0,0,0,0,0,0,0,0,0,0,195,0,321,0,0,0,0,0,0,0,0,0,4,0,0,0,0,239,0,0,0,0,0,0,0,0,64,0,0,0,0,0,0,0,0,0,8,0,28,0,12,0,0,0,4,0,0,0,0,0,0,0,0,1405,0,0,1084,0,0,0,0,0,6,8,0,580,4,0,0,78,0,0,15,0,0,0,0,0,11,0,6,0,0,0,0
0,0,0,0,0,0,0,0,0,0,0,0,4,0,225,0,0,0,0,0,0,1,0,0,26,105,0,0,0,0,0,0,1,0,0,0,0,0,0,0,0,0,0,0,0,1,0,0,0,0,0,0,0,21,0,2,0,0,0,0,74,0,0,1,0,38,133,0,0,894,0,0,0,7,6,0,0,0,0,485,0,0,0,0,0,0,0,0,0,0,0,0,0,2067,0,0,15,0,0,0,0,0,59,22,0,0,3,122,0,48,0,0,0,11,0,0,0,0,49,0,0,0,1,0,12,0,23,109,0,0,0,4,0,0,0,0,0,1,0,0,0,0,0,0,0,0,46,0,0,0,7,0,0,34,0,0,0,0,0,0,0,0,0,0,0,0,0,0,0,37,0,0,1,0,0,0,0,73,163,0,0,0,0,0,0,0,0,0,0,0,0,41,0,0,0,0,0,0,0,0,0,0,0,0,0,29,0,0,1,0,0,0,0,0,9,0,0,0,0,0,606,0,0,0,0,0,0,0,0,0,2,0,0,582,0,0,0,0,0,0,0,0,0,0,0,0,0,0,0,0,6,0,0,0,0,9,7,0,0,0,0,0,0,0,0,0,0,0,0,764,0,0,627,0,0,0,0,0,0,1987,0,0,158,0,0,0,0,4,0,0,0,0,0,0,168,0,3,0,0,70,0
0,0,0,0,0,0,0,0,0,0,0,0,0,0,0,0,0,0,0,0,0,12,0,43,0,184,0,0,13,0,0,0,0,0,0,0,2,0,0,0,0,0,0,11,0,30,0,0,0,0,0,0,0,30,0,0,0,20,1,2,0,0,16,0,0,0,8,0,29,13,0,0,0,0,0,0,0,0,0,1005,0,147,5,0,0,0,0,0,0,0,0,0,0,0,0,10,5,0,0,0,0,53,90,58,0,0,0,1,0,75,0,0,0,0,0,0,0,27,0,0,0,0,0,0,0,0,4,1042,0,0,0,0,0,0,0,7,0,0,0,0,0,0,0,0,0,0,0,0,0,0,0,0,0,0,0,0,0,0,0,50,0,0,0,0,0,0,0,0,0,0,0,0,0,1,0,0,0,0,8,0,0,0,0,0,0,0,1,0,0,0,0,278,0,0,0,0,0,0,0,0,0,0,0,340,1,0,0,0,0,33,0,0,0,0,0,0,28,0,0,0,38,0,0,0,0,0,0,0,0,0,0,0,0,939,0,0,0,0,0,0,0,0,0,0,5,14,0,0,0,0,0,0,0,0,0,30,0,0,0,0,0,0,0,0,0,0,0,0,0,1111,0,0,1282,0,0,0,0,0,0,2708,0,0,189,0,0,0,0,0,0,0,0,0,0,0,0,0,0,0,0,0,0
0,0,4,0,0,12,0,0,0,0,0,0,0,0,0,0,25,23,0,1,0,15,0,12,0,48,0,0,1,0,14,0,0,1,3,0,6,3,0,0,0,0,0,0,0,1,0,41,0,17,0,0,0,0,0,0,0,13,0,161,45,0,4,0,0,0,74,0,57,192,0,0,0,1,145,0,0,0,0,998,0,168,10,0,0,20,0,0,0,35,214,15,1,1308,5,1,8,0,0,0,0,0,0,1,0,0,1,23,0,78,0,0,0,0,0,0,0,14,13,0,0,0,0,0,6,0,6,115,1,62,0,2,0,1,0,0,0,0,0,0,0,0,3,0,0,193,8,0,0,3,1,0,0,0,0,0,20,0,0,0,0,0,0,0,0,0,0,0,0,0,5,0,13,0,0,0,0,0,34,1,0,0,0,0,1,1,0,0,0,0,0,106,1,0,0,1,0,0,0,0,0,0,0,1356,0,5,0,0,1,1,11,0,0,0,9,0,0,0,77,0,0,0,0,0,0,0,0,0,0,0,43,1,0,123,0,0,9,0,0,2,0,0,0,0,1,8,0,1,0,0,0,0,0,0,11,4,0,0,6,2,0,0,0,2,0,0,0,0,1,88,0,0,1249,3,1,0,0,0,0,2473,0,0,26,0,0,0,0,1,0,33,0,0,0,0,7,0,4,0,0,40,0
0,5,0,0,0,0,32,0,0,0,0,0,0,0,0,0,0,0,0,0,0,62,0,6,0,1726,0,0,118,0,232,0,0,0,0,0,14,414,0,0,0,0,0,0,0,100,0,0,0,0,0,0,0,0,0,0,0,0,0,2,0,0,0,0,0,0,121,0,11,0,8,4,0,0,0,0,0,0,0,0,0,2,7,0,0,12,0,0,0,216,0,0,112,0,0,199,0,0,0,0,0,0,0,0,0,0,0,0,0,0,0,0,0,40,0,0,0,0,0,0,0,0,0,3,0,0,0,0,0,0,0,0,0,0,6,0,0,0,0,0,94,0,0,0,0,0,34,0,0,0,0,0,1,0,0,0,0,0,0,152,0,9,0,0,0,0,1,0,0,0,0,0,0,0,0,0,3,18,123,0,0,8,0,0,0,0,3,0,0,0,1,269,0,0,66,0,0,8,0,0,0,0,0,0,709,23,0,0,0,0,111,0,0,0,15,2,0,49,255,0,0,0,0,0,0,0,0,0,0,0,0,0,0,554,0,0,0,0,0,359,0,0,0,0,9,0,0,0,0,0,0,0,0,0,0,0,0,0,0,0,0,0,0,4,2,0,0,0,18,291,0,0,249,0,0,0,0,0,0,2592,0,0,133,0,0,2,0,0,36,0,0,0,0,0,0,2,9,0,0,335,0
0,4,22,1,0,0,0,0,0,0,0,0,8,0,85,1,0,104,0,0,0,10,0,0,0,469,0,0,0,2,0,0,0,7,0,0,1,0,0,0,0,0,0,0,0,0,0,120,4,0,0,59,0,21,0,0,2,15,0,1,20,0,0,1,0,34,58,0,11,56,3,0,0,20,0,489,0,9,0,344,0,82,0,0,0,156,3,0,47,0,0,0,1,1866,0,0,66,0,0,0,0,84,30,0,0,0,0,1,0,61,0,0,103,49,0,1,0,76,231,0,0,0,0,0,13,0,125,127,0,0,0,0,0,0,102,0,24,0,0,0,35,5,2,1,0,0,6,3,2,0,14,1,1,2,1,0,11,0,0,0,0,0,0,0,0,0,0,0,2,140,5,0,0,0,0,0,0,0,0,1,0,0,0,0,27,0,2,0,0,0,4,585,3,2,0,0,0,1,0,0,0,0,0,0,0,32,0,0,4,0,0,0,0,0,0,1,0,4,1,0,1,12,0,0,0,0,0,0,39,0,0,1,1,655,0,0,3,0,0,19,0,0,0,0,50,26,1,15,0,0,0,0,9,0,16,181,38,0,0,0,1,0,0,1,0,0,0,0,0,2,0,0,792,0,0,0,6,0,0,1785,0,0,102,3,0,0,1,7,0,10,0,0,1,0,0,0,10,0,0,94,0
0,0,0,0,0,0,1,0,0,0,0,0,0,0,27,0,0,0,0,0,0,231,0,3,0,4220,0,0,20,0,0,0,0,194,0,0,1,43,0,0,0,0,0,0,0,135,0,0,0,0,0,0,0,0,0,0,0,0,0,57,0,13,0,0,19,0,140,0,0,35,0,0,0,0,0,155,0,0,0,0,0,0,0,0,0,0,0,0,1,0,0,6,5,0,0,3,1,0,0,0,0,0,0,0,0,0,0,2076,0,0,0,0,0,0,0,0,0,0,652,0,0,0,0,0,0,0,25,0,0,0,0,0,0,0,0,0,11,0,0,0,43,0,0,0,0,0,39,0,0,1,18,0,0,0,1,0,0,0,0,0,0,0,0,0,0,0,0,0,0,0,8,0,0,0,0,0,0,0,661,0,0,0,0,0,0,0,0,0,0,0,0,0,1,21,0,0,0,0,0,0,0,0,0,0,1,39,0,0,0,0,0,0,0,0,0,0,51,0,0,0,0,35,0,0,0,0,0,0,0,0,0,0,0,308,0,0,0,0,0,0,0,0,0,0,0,0,0,0,0,0,0,0,0,0,0,0,29,0,0,0,2,0,0,0,0,0,0,0,0,3,0,0,0,0,0,0,0,0,4,6,0,0,0,0,0,0,0,0,22,0,0,0,0,0,8,0,0,0,0,627,0
0,0,0,0,0,28,0,4,0,0,0,1,0,0,22,25,0,0,0,0,50,1,0,0,17,304,0,0,1,0,16,0,0,4,0,0,3,2,0,0,0,0,0,14,0,14,87,48,0,21,0,0,0,12,4,0,0,23,0,45,65,0,8,0,0,30,153,0,0,79,3,7,2,9,0,17,0,0,0,1036,0,0,3,0,11,0,0,0,108,0,8,0,15,1201,0,0,0,0,12,0,0,0,0,0,48,15,43,1638,29,35,0,0,0,41,0,0,0,66,1,2,6,0,0,2,23,3,0,507,0,0,18,21,0,0,0,0,0,0,0,0,0,0,0,0,0,0,0,3,0,0,0,30,0,29,1,0,0,0,0,43,0,0,0,26,0,1,1,0,0,1,2,0,15,0,0,0,0,6,90,3,0,0,0,0,6,0,0,0,0,0,0,26,1,1,0,0,0,0,0,0,0,0,0,453,77,6,0,0,1,1,0,0,0,2,3,0,68,16,99,2,5,0,0,0,0,0,60,0,76,0,0,1,0,113,0,0,0,0,0,0,0,0,0,0,0,0,0,0,0,0,17,0,1,0,0,1,0,0,1,0,0,0,1,2,0,0,0,0,57,9,1,0,286,0,0,0,0,0,0,2229,0,0,69,0,0,0,0,0,0,3,0,1,0,0,14,0,28,0,0,1,0
0,0,3,0,0,21,3,0,0,0,0,0,2,0,6,1,5,85,0,0,0,2,0,0,8,609,0,1,3,0,0,0,0,1,0,0,0,0,0,0,0,0,0,0,0,0,0,47,0,0,0,0,0,27,8,0,0,23,0,92,55,0,37,0,0,30,27,0,51,292,9,0,2,110,0,0,1,7,0,756,6,67,2,0,0,11,0,0,54,19,0,0,1,1178,0,1,39,0,0,0,0,0,43,16,0,0,0,6,19,0,0,1,87,64,3,0,0,0,8,0,0,0,0,0,3,0,0,9,1,250,0,0,0,0,164,0,17,0,0,0,1,0,0,0,0,0,3,12,0,0,15,0,0,14,1,0,0,0,0,92,0,2,0,0,0,0,0,0,0,0,0,0,0,0,0,0,0,24,89,0,0,0,0,0,2,0,0,0,0,0,1,18,1,1,0,0,0,1,0,0,0,0,0,1700,0,2,1,3,0,3,0,0,0,0,0,1,75,112,1,0,0,20,0,60,0,46,59,0,133,0,0,0,0,404,0,0,2,0,0,3,0,0,159,77,3,53,0,0,0,0,0,0,0,1,4,3,0,0,0,0,3,0,0,4,1,0,0,0,0,13,0,0,47,0,5,0,0,0,0,2209,0,0,11,0,0,1,0,0,0,7,91,1,0,0,10,0,2,0,1,9,0
0,1,0,1,15,0,6,2,0,0,0,0,0,0,82,0,0,0,0,0,2,0,0,0,0,3476,0,0,0,1,1,83,0,0,0,0,0,8,0,0,0,0,0,0,0,2,0,0,0,0,1,0,0,0,1,0,0,0,0,8,0,0,0,0,0,14,50,0,0,0,4,0,0,0,943,0,0,0,0,20,0,0,3,0,85,0,7,0,0,20,0,0,45,107,0,0,0,0,14,0,0,0,0,40,1,0,0,462,0,0,0,0,0,10,0,0,0,0,1,0,0,0,0,24,75,0,0,0,0,0,2,283,0,0,0,0,0,0,0,0,34,1,0,0,0,0,0,0,0,0,1,3,0,16,2,0,0,0,18,16,0,0,0,0,0,0,0,0,0,0,1,0,224,0,0,0,0,1,11,0,0,0,0,1,1,0,0,0,0,0,0,76,0,0,0,0,0,0,0,0,0,0,0,0,0,74,0,0,0,0,0,2,0,3,0,0,5,6,0,0,1,1,0,0,0,4,42,0,0,0,43,0,0,765,0,0,2,0,1,0,2,0,0,0,0,0,0,0,0,0,0,0,3,0,0,22,7,0,0,10,0,0,0,9,0,0,0,0,0,2474,0,15,56,0,14,1,2,0,3,10,0,0,3,0,0,0,0,0,0,4,0,0,0,0,33,78,0,0,1,1,0
0,0,0,0,0,0,0,0,0,0,0,0,3,0,19,0,0,0,0,0,0,0,0,0,0,161,0,0,1,0,397,0,0,91,0,0,1,0,0,0,0,0,0,0,0,434,0,0,15,28,0,0,0,48,0,0,0,73,0,0,105,0,0,0,0,0,0,0,31,0,0,0,0,0,165,0,0,0,0,0,0,0,10,0,0,92,127,0,0,146,0,0,1,1925,0,1,12,0,0,0,0,0,0,0,0,0,21,9,0,0,0,0,0,33,0,0,0,0,347,0,0,0,0,0,231,0,0,0,0,203,0,29,0,0,0,8,43,0,0,0,0,0,0,0,0,0,0,0,0,1,17,0,0,0,0,0,0,0,0,47,0,0,0,0,0,0,0,0,0,0,0,0,0,0,0,0,0,0,0,0,0,0,0,0,0,0,0,0,0,4,0,0,0,0,0,0,0,0,0,0,0,0,0,6,0,42,28,0,1,1,0,0,0,0,0,0,0,0,0,0,0,0,0,0,0,0,0,0,64,0,0,0,0,291,0,0,0,0,0,0,0,0,74,0,0,0,0,0,0,0,0,0,0,0,0,13,0,0,0,0,0,0,0,0,0,0,0,43,0,64,0,0,104,0,2,0,0,0,5,2517,0,0,1002,0,0,0,15,0,0,0,0,0,0,0,12,0,5,0,0,835,0
0,0,0,0,0,0,4,32,0,0,0,0,5,59,59,0,0,18,0,0,0,0,0,0,0,658,0,6,0,63,0,0,0,3,1,0,102,1,0,0,0,0,0,0,40,11,105,24,0,0,45,0,0,42,0,0,0,114,0,8,130,0,44,0,0,188,10,2,11,5,1,0,0,3,0,126,0,4,0,449,0,38,0,0,5,68,0,0,201,3,0,1,1,2371,0,0,625,0,0,0,0,0,0,3,8,0,0,9,0,0,0,0,0,1,0,0,0,0,2,1,26,0,0,0,26,1,0,161,0,101,0,8,0,0,0,0,144,0,0,0,0,6,0,0,0,0,6,0,0,0,0,9,0,65,1,0,0,0,18,31,0,0,0,0,0,0,1,0,3,0,12,1,10,0,0,0,0,8,2,0,0,0,0,0,0,0,0,0,0,0,0,8,0,0,32,0,0,0,0,0,0,0,0,2,0,15,0,0,0,0,0,0,0,0,2,0,20,22,526,4,0,0,0,0,0,2,0,0,6,0,2,0,2,45,0,0,0,0,0,0,0,0,0,0,0,0,14,0,0,0,5,0,2,0,44,50,24,0,0,29,0,0,0,9,0,1,0,0,41,7,0,0,992,19,0,0,4,15,0,1658,0,0,11,0,0,0,0,0,28,1,0,0,0,0,0,0,6,0,0,5,0
0,0,0,0,0,0,0,0,0,0,0,0,13,0,138,0,0,41,0,0,0,1,0,318,0,81,0,0,65,4,0,0,2,3,0,0,11,231,0,0,0,0,0,0,0,4,0,0,18,0,0,0,0,0,0,0,32,61,0,0,74,0,12,1,0,0,197,0,57,270,0,0,0,20,1,0,0,0,0,903,0,0,24,0,0,68,0,0,81,138,0,14,2,0,0,0,0,0,0,0,0,0,0,0,0,0,0,2012,0,8,0,0,0,6,0,0,0,180,117,0,0,0,0,0,65,0,91,19,0,0,0,62,0,0,0,0,0,4,0,0,0,0,5,4,0,358,36,0,0,3,15,0,0,0,0,0,59,0,0,0,0,0,0,0,0,0,0,0,0,0,0,0,29,0,0,0,0,0,0,0,0,0,0,0,2,0,0,0,0,0,0,26,8,0,0,0,0,0,0,0,0,0,0,43,0,29,0,0,1,81,0,0,0,0,2,1,0,0,16,0,0,0,0,0,0,0,0,0,14,0,0,0,0,176,0,0,0,0,0,0,0,0,0,0,197,7,0,0,0,0,0,0,10,0,39,0,0,0,0,0,0,0,0,15,0,0,0,0,0,851,0,0,129,0,0,0,0,0,16,2189,0,0,24,0,0,0,0,0,0,0,0,0,0,0,54,0,62,0,0,46,0
7,0,0,4,0,0,0,0,215,0,0,0,0,0,0,0,0,0,0,0,0,27,0,16,0,0,0,0,0,38,1478,1,0,199,0,0,0,261,0,0,0,0,0,58,0,1,0,0,17,0,0,0,0,0,0,0,0,0,0,21,0,0,0,0,0,0,0,0,0,1,0,0,0,0,0,0,0,0,2,0,0,0,2,0,0,0,0,0,0,438,0,140,0,0,0,46,0,0,0,0,0,151,0,0,0,0,0,5394,0,0,0,0,9,0,0,5,0,0,83,3,0,0,0,0,717,0,23,0,0,0,0,0,0,0,0,167,0,0,0,0,0,0,1,0,0,0,4,0,0,0,21,0,0,0,0,0,0,0,0,17,0,0,0,0,0,0,0,6,0,0,0,0,0,0,0,15,0,0,78,0,0,0,0,0,2,0,0,0,0,0,0,28,0,56,0,0,0,0,0,0,0,50,1,0,0,0,0,0,2,0,0,0,0,0,0,0,1,0,0,0,0,0,0,0,0,0,0,0,0,0,0,0,0,0,0,0,0,1,0,0,0,0,0,0,0,0,0,0,0,0,0,2,6,0,0,0,0,0,0,0,0,0,0,1,0,0,0,0,0,0,0,0,0,0,0,1,0,0,0,0,0,0,168,0,0,0,0,0,0,0,0,0,0,0,0,0,5,11,0,0,0
0,0,0,0,0,14,28,0,11,3,0,0,3,0,57,0,0,46,0,0,0,0,22,0,34,2693,0,0,0,0,0,0,1,75,1,254,0,0,0,0,231,0,0,0,154,0,0,0,0,28,0,3,0,8,0,0,0,77,1,0,31,0,0,1,0,13,0,1,138,113,0,0,0,0,1,285,0,0,0,296,0,54,0,0,0,34,0,0,0,0,0,0,0,441,0,0,9,0,0,0,5,0,8,5,0,0,38,2,0,341,365,0,0,0,0,0,43,15,0,0,8,0,0,0,0,29,36,681,0,227,0,0,0,0,0,3,0,0,0,0,0,0,0,0,0,0,0,0,0,0,10,0,0,0,1,0,0,3,0,22,0,0,0,0,0,0,0,0,0,1,0,0,1,0,0,0,0,0,213,0,0,3,0,0,0,0,0,0,0,0,0,91,0,0,0,0,0,0,0,0,0,0,0,0,427,14,0,0,0,0,10,0,22,0,0,0,0,0,0,0,0,0,0,0,0,0,0,0,0,0,178,0,0,248,0,1,0,0,1,0,0,0,0,0,0,0,0,0,0,0,0,0,1,0,0,5,0,0,0,0,0,0,0,0,0,0,0,0,4,30,0,0,84,0,0,0,0,0,5,1138,0,0,336,0,0,0,0,0,106,69,0,0,0,0,13,0,0,0,0,0,0
0,0,0,1,0,0,2,3,0,0,0,0,0,310,2018,0,0,0,0,0,31,41,0,0,0,196,0,0,0,0,220,0,0,31,0,0,18,0,8,0,0,0,0,0,0,0,0,0,0,0,0,0,2,0,0,0,0,0,0,17,0,3,76,0,0,0,31,0,0,0,7,0,0,9,0,0,0,0,0,20,0,1,1,0,102,0,0,1,0,26,1,186,332,0,0,29,0,0,1,0,0,0,0,0,0,0,0,84,0,0,0,0,0,181,0,3,0,1,422,0,0,0,0,166,654,0,0,0,0,0,0,25,0,3,0,0,1056,0,0,3,7,15,0,0,0,0,0,0,0,25,1,0,0,6,1,0,0,0,0,1,0,0,0,0,0,1,0,0,1,0,0,0,0,0,0,0,1,0,262,0,0,0,0,0,0,0,0,0,0,0,4,57,0,0,47,0,0,0,0,0,0,0,0,0,0,29,0,0,0,0,0,0,0,0,0,0,461,0,1,0,2,0,0,0,0,0,0,0,208,0,47,1,0,244,0,0,0,0,0,1,0,0,0,0,0,0,0,0,0,0,49,0,24,0,3,0,7,0,0,0,0,0,0,0,0,0,0,0,0,0,0,0,0,0,0,0,0,3,0,2021,1,0,132,0,0,0,0,0,1,0,0,0,0,0,0,2,5,0,0,13,0
0,0,0,0,0,0,0,0,0,0,0,0,0,0,15,0,0,0,0,0,0,1,0,0,0,4046,0,0,0,0,269,0,0,8,0,0,10,120,0,0,0,0,0,0,0,0,0,0,0,0,0,0,0,0,0,0,0,0,0,0,0,0,0,0,0,0,0,0,0,0,0,0,0,0,0,0,0,0,0,0,0,0,0,0,0,0,0,0,0,141,0,0,0,0,0,0,0,0,30,0,0,0,0,0,1,0,0,487,0,0,0,0,0,100,0,0,0,0,3,0,0,0,0,1,0,48,0,0,0,0,0,6,0,0,0,0,0,0,0,0,5,0,0,0,0,0,0,0,0,0,0,0,0,3,0,0,0,0,0,0,0,0,0,824,0,0,0,0,0,0,0,0,1,0,0,0,0,0,0,0,0,0,0,0,1,0,0,0,0,0,0,12,0,0,0,0,0,0,0,0,0,0,0,0,0,1,0,0,0,0,0,0,0,4,0,0,0,0,0,0,0,5,0,0,0,0,0,0,6,0,32,0,0,1561,0,0,0,0,0,0,0,0,0,0,0,0,0,0,0,0,0,0,0,0,0,0,15,0,0,0,1,0,0,0,0,0,0,0,0,98,0,0,23,0,0,0,0,0,0,2062,0,0,1,0,0,0,2,0,0,0,0,0,0,0,45,0,15,0,0,0,0
0,0,4,0,0,0,3,0,1,0,0,0,0,0,0,0,17,49,0,0,0,12,0,0,8,2522,0,0,3,0,0,0,0,85,0,0,0,45,0,0,0,0,0,0,0,0,0,36,0,23,1,0,0,0,0,0,0,18,0,2,36,0,0,0,0,29,47,0,56,82,1,0,0,0,730,206,0,0,0,326,0,56,30,0,0,0,0,0,0,20,1,0,1,1678,0,0,0,0,0,0,0,0,0,29,0,0,13,1,0,0,0,7,0,0,0,0,0,0,247,0,0,0,0,0,0,1,1,102,0,251,0,3,0,0,0,0,0,0,0,0,0,0,0,0,0,0,23,0,0,0,0,0,0,0,0,0,0,0,0,88,0,0,0,0,0,0,0,0,0,0,2,0,41,1,14,0,1,86,118,0,0,0,0,0,0,0,0,0,0,0,0,52,0,0,12,0,0,0,0,0,0,5,0,407,0,17,0,0,0,0,0,0,11,0,40,0,32,19,1,0,442,0,0,1,0,0,0,0,0,6,0,0,0,0,0,0,0,0,0,0,0,0,128,0,0,0,1,0,0,0,0,2,9,1,0,0,0,0,0,133,1,0,0,0,0,0,0,0,0,158,0,0,262,0,2,0,0,0,48,127,0,0,483,0,0,0,0,1,23,0,91,0,0,0,0,0,0,0,0,335,0
0,0,0,0,0,0,1,0,0,0,0,0,0,0,0,0,46,0,0,0,0,0,0,0,0,2930,0,0,42,24,0,0,0,246,0,0,10,0,0,0,0,0,0,0,0,22,0,0,0,0,0,0,0,0,0,0,0,0,0,0,0,0,0,0,0,0,0,0,0,170,0,0,0,0,0,0,0,0,0,0,0,0,0,0,0,0,0,0,0,0,0,0,20,0,0,0,0,0,0,0,0,13,0,0,0,0,0,2890,0,0,0,0,0,0,0,0,0,0,0,0,0,0,0,1,50,0,0,0,0,0,13,0,0,0,0,0,0,0,0,0,0,0,0,0,0,0,0,0,0,8,0,0,0,0,0,0,0,0,0,47,0,0,0,0,0,0,0,0,0,0,0,0,1,0,14,0,0,0,0,0,0,0,0,0,0,0,0,0,0,0,0,72,3,0,0,16,0,0,0,8,0,0,0,0,1,0,0,0,0,5,0,0,0,0,0,0,0,0,0,0,0,0,0,0,0,0,0,0,0,0,79,0,0,0,0,0,0,0,0,0,0,0,0,0,5,0,0,0,0,0,0,0,0,0,0,0,0,0,0,158,0,0,0,0,81,0,0,0,0,5,0,43,0,0,0,0,0,0,0,2495,0,0,367,0,0,0,0,0,0,3,0,0,0,3,30,0,39,0,0,41,0
0,0,0,0,0,0,1,0,0,0,2,0,0,0,222,0,0,5,0,0,34,21,0,5,0,353,0,0,97,214,0,0,0,0,3,0,65,0,0,0,0,0,0,21,0,547,0,1,0,0,0,0,0,0,0,1,0,0,0,1,0,1,2,0,0,0,129,0,0,0,0,0,0,2,0,0,0,0,0,19,0,5,345,0,0,5,221,4,0,53,0,27,402,0,0,3,10,0,0,0,0,31,0,5,0,1,0,1191,0,108,0,0,0,38,0,0,0,0,257,0,0,0,0,1,156,55,0,0,0,0,34,76,0,1,1,0,9,0,0,0,81,0,0,0,12,0,23,0,0,1,12,29,3,0,1,0,0,0,224,0,0,0,0,0,0,0,0,0,0,0,0,0,59,0,0,0,0,0,583,2,0,0,0,0,5,0,0,0,0,0,0,84,0,0,0,2,0,0,0,0,0,0,0,66,0,53,0,0,7,9,0,0,0,0,21,0,58,79,337,0,970,0,0,0,0,0,0,0,46,0,142,1,0,51,0,0,0,0,0,113,0,0,0,0,6,0,0,0,1,0,0,0,0,0,45,173,58,0,0,9,0,0,0,3,58,0,0,0,0,716,0,30,0,0,81,0,0,0,0,662,0,0,185,0,0,58,0,0,0,7,0,0,0,0,0,1,13,0,0,36,0
0,0,0,0,0,18,0,0,0,0,17,1,3,22,0,0,0,8,0,0,0,6,0,0,41,125,0,2,0,1,182,0,0,23,0,0,3,68,0,0,0,0,20,0,0,146,137,30,0,0,0,0,107,10,88,0,0,26,0,98,28,0,0,0,6,16,213,0,121,0,1,0,2,47,0,1,2,1,0,1413,1,44,75,0,10,10,6,0,0,69,4,0,0,889,0,0,0,0,35,0,0,0,4,12,18,0,0,368,121,41,0,5,0,49,9,0,0,130,152,0,0,0,0,0,17,68,17,47,1,107,147,94,0,0,0,1,0,0,0,0,0,0,0,0,45,0,14,0,0,0,12,23,0,0,0,0,0,0,0,56,0,2,0,1,0,0,0,0,0,0,7,38,0,0,0,0,1,67,0,1,0,1,0,0,6,0,0,0,0,5,0,103,0,0,76,0,0,1,1,0,6,0,0,81,0,55,1,0,0,0,0,0,0,1,0,1,66,15,335,0,0,20,0,5,0,0,0,0,42,17,190,1,1,322,0,0,0,0,1,7,0,0,0,0,0,0,0,0,2,0,0,0,12,0,20,1,4,4,6,0,4,0,0,1,0,0,2,28,164,1,0,17,143,0,0,1,0,0,33,1699,1,0,156,0,0,9,0,0,95,7,34,9,0,0,96,2,1,44,0,198,0
0,0,1,1,0,0,0,6,1,1,2,1,0,0,66,0,0,0,1,0,113,9,2,7,0,1964,3,0,37,5,1,10,1,3,0,0,2,1,0,0,0,1,0,0,0,106,246,1,0,0,1,0,0,0,1,0,0,0,0,9,1,20,0,0,0,1,67,0,2,0,15,0,66,4,68,0,1,0,0,19,0,1,11,0,60,1,23,0,0,11,289,51,17,16,0,0,0,0,18,0,0,0,0,2,2,0,4,783,0,0,0,55,0,47,0,0,0,1,16,0,0,0,0,0,42,0,0,0,3,1,11,582,0,2,0,0,47,0,0,0,0,0,0,0,0,0,2,2,0,5,1,4,0,0,0,0,0,0,0,16,0,8,1,0,0,0,0,0,0,0,0,0,138,0,0,0,3,1,24,1,4,0,0,0,1,0,0,0,0,1,0,25,2,0,1,0,0,1,1,0,0,0,0,3,430,2,1,0,0,3,0,0,0,7,3,1,0,1,2,0,3,1,29,0,0,0,0,0,15,1,91,0,0,136,0,5,1,0,0,3,0,0,1,0,0,0,0,0,0,2,0,3,2,0,1,1,6,6,2,9,1,9,8,1,2,0,8,0,0,221,43,24,275,0,0,0,0,2,1,3212,2,0,1,0,0,0,0,0,56,6,0,0,9,0,36,2,0,62,43,7,0
0,1,2,1,11,1,0,35,0,1,0,0,0,101,1,0,0,15,1,0,180,90,0,4,0,1,0,0,10,3,220,0,0,221,0,0,0,82,7,0,0,0,0,0,0,0,175,17,0,0,4,0,0,8,77,14,0,0,2,780,7,0,0,10,0,0,17,0,0,0,0,3,2,0,0,131,3,0,0,1073,0,0,0,0,0,0,0,0,0,0,0,3,0,64,0,0,0,0,0,0,0,0,0,0,0,0,0,290,0,0,0,0,0,261,0,0,0,11,204,0,0,14,0,1,0,0,0,0,0,0,144,170,0,0,0,0,1,0,0,0,0,0,0,0,374,0,134,0,0,0,22,0,0,0,0,23,0,0,0,0,0,7,0,0,0,0,0,0,0,0,19,0,1,0,0,8,1,0,56,16,0,0,0,25,0,0,0,238,0,0,0,190,4,0,0,0,0,0,0,0,0,0,0,0,0,33,7,0,0,10,0,0,0,0,6,0,112,0,419,0,121,70,0,0,0,0,0,308,88,7,288,0,0,263,0,1,1,0,0,0,9,0,0,0,0,0,0,0,0,0,0,0,44,0,51,0,17,3,8,232,6,0,0,57,0,0,0,0,260,202,17,162,291,18,0,0,0,0,0,0,5,509,604,0,1,0,0,0,33,121,0,0,15,0,0,0,11,0,0,0,0
1,1,0,2,0,0,0,0,0,0,0,0,0,0,70,0,38,0,0,2,0,15,0,65,0,2175,0,0,11,0,0,0,1,76,0,0,1,49,0,0,0,0,0,0,57,26,0,19,0,19,1,0,0,14,17,0,0,53,0,0,82,0,3,0,0,206,142,25,13,0,8,0,0,0,0,2,0,0,0,1283,0,0,7,0,0,0,104,0,98,36,0,2,2,1141,8,0,0,0,10,0,0,0,41,0,0,0,0,1,0,5,0,0,0,0,0,1,0,24,54,0,0,0,1,0,65,0,1,0,0,0,0,1,0,0,0,0,214,1,0,2,57,0,0,4,0,0,23,0,0,0,4,0,0,2,1,0,0,0,0,16,0,0,0,284,0,0,0,0,0,0,5,0,4,1,0,2,0,9,0,3,0,0,0,0,9,0,0,0,0,0,13,55,23,0,0,0,0,0,0,0,0,0,0,25,0,188,0,0,4,0,0,0,0,0,7,12,45,120,10,0,33,30,0,0,0,0,0,0,15,0,118,0,0,988,0,0,0,2,0,42,0,0,0,0,3,1,0,1,0,0,0,3,0,0,1,286,43,0,0,0,27,0,0,14,0,0,0,0,0,521,34,0,124,0,2,0,0,0,1,7,0,0,248,0,0,0,0,32,0,28,0,0,0,0,43,0,53,0,0,89,0
0,0,0,0,0,21,0,0,0,0,0,0,2,0,10,0,0,26,0,0,18,5,0,0,27,1733,0,1,0,56,0,0,1,128,0,0,0,295,0,0,0,0,0,28,17,46,0,8,0,0,0,0,0,13,0,0,0,18,0,0,64,0,0,0,0,8,191,0,40,348,0,0,0,3,1,0,0,2,0,480,0,27,0,0,4,17,0,0,0,0,1,0,0,356,0,0,2,0,46,0,0,0,0,0,10,0,0,41,22,73,0,0,0,19,0,0,0,9,32,0,0,0,0,0,103,0,104,0,0,1,0,6,0,0,0,1,0,0,0,0,0,0,0,3,0,0,37,2,0,1,16,103,0,0,1,0,0,0,0,159,0,0,0,0,0,1,0,0,0,0,0,0,1,0,0,0,0,82,327,0,0,6,0,0,17,0,0,0,0,1,0,62,1,0,0,0,0,0,2,0,0,0,0,344,20,94,0,0,48,5,0,0,1,0,114,0,372,0,4,0,345,0,0,0,0,0,0,0,115,0,0,1,0,794,0,0,0,0,0,1,0,0,0,0,101,0,0,0,0,0,1,5,7,0,2,4,3,0,8,0,0,4,0,3,0,0,0,0,0,1,0,29,47,0,0,0,1,1,18,1527,0,0,377,0,0,0,0,0,0,38,0,0,0,0,215,0,12,0,0,59,0
0,0,0,0,0,0,0,0,0,0,0,1,0,7,18,0,0,0,0,0,38,66,0,0,2,669,0,0,26,0,0,0,19,428,0,0,3,0,0,0,0,0,0,0,0,146,0,5,0,0,0,0,0,0,0,0,0,0,0,0,0,0,0,0,0,0,85,0,8,0,0,0,0,0,0,0,0,0,0,11,2,1,0,0,0,13,4,0,0,90,0,0,133,0,0,168,0,0,139,0,3,0,0,2,2,3,2,621,0,43,0,0,0,33,0,0,0,6,0,0,0,0,0,1,111,352,0,1,3,0,66,0,0,4,0,0,87,0,0,0,0,0,0,0,0,0,0,18,0,0,24,40,0,0,2,0,0,0,26,403,0,0,0,0,0,0,0,0,0,0,0,0,1,0,0,0,0,0,0,0,97,0,0,0,0,0,0,0,0,0,0,35,6,0,3,0,0,0,0,0,0,0,0,157,0,23,0,2,0,0,0,0,8,0,5,0,0,22,0,5,26,0,0,5,0,21,0,0,105,0,237,0,0,1810,0,0,0,0,0,76,0,0,214,0,0,0,0,1,0,1,2,0,0,1,0,26,0,0,0,0,0,0,0,0,0,0,0,0,32,0,1,0,324,0,0,0,0,0,0,1828,0,0,830,0,0,0,0,0,13,72,0,0,0,0,0,0,11,2,0,64,0
0,0,0,0,11,26,0,1,0,0,0,0,4,0,4,0,0,13,0,2,0,0,0,0,0,123,0,0,22,49,0,0,0,29,0,0,0,720,0,0,157,0,0,0,0,15,0,0,0,0,0,0,0,36,2,0,0,0,0,114,79,0,4,0,0,49,47,0,54,166,1,0,0,2,130,0,0,0,0,853,0,0,380,0,0,0,0,0,101,0,0,0,1,1226,0,0,383,0,10,0,0,1,0,0,0,0,1,368,0,2,0,0,0,0,9,0,0,28,193,0,0,3,0,0,376,0,42,80,0,0,324,35,0,0,0,0,0,0,0,1,275,0,0,0,0,0,104,0,0,0,23,2,0,0,0,0,0,0,0,56,0,0,0,130,0,0,0,0,0,0,8,0,5,0,0,0,0,43,43,0,0,0,0,0,48,0,0,0,0,0,153,277,2,0,0,0,0,0,0,0,2,0,0,100,0,285,4,0,1,20,6,0,0,0,6,0,51,0,0,0,0,0,0,0,0,0,0,0,3,0,109,0,0,102,0,0,52,0,0,0,0,0,0,0,0,20,0,0,0,0,0,7,28,0,0,205,72,0,1,40,0,0,0,11,0,0,0,0,0,1,0,54,184,0,1,0,0,0,26,177,0,0,514,0,0,0,0,1,96,41,0,0,0,0,124,0,24,0,0,187,0
0,0,0,0,0,0,2,0,0,0,0,0,0,0,102,0,0,0,0,0,0,0,0,0,0,5773,0,0,1725,143,16,0,0,31,0,0,5,0,0,0,0,0,0,0,0,0,0,0,0,0,0,0,0,0,0,0,0,10,0,0,0,0,0,0,0,0,0,0,0,0,0,0,0,0,0,0,0,0,0,0,0,0,27,0,0,7,0,0,0,0,0,0,8,0,0,9,0,0,0,0,0,12,0,0,0,0,0,468,0,0,0,0,17,0,0,0,0,0,69,0,0,0,0,0,43,0,0,0,0,0,4,0,0,0,0,0,696,0,0,0,0,0,0,0,0,0,0,0,0,0,0,0,0,0,0,0,0,0,0,0,0,0,0,0,0,0,0,0,0,0,0,0,0,0,1,0,0,0,0,0,0,0,0,0,0,0,0,0,0,0,0,0,0,0,0,0,0,0,0,0,0,0,0,0,0,0,24,0,0,297,0,0,0,0,0,0,0,0,0,0,0,0,0,0,0,0,0,0,0,0,154,0,0,0,0,0,0,0,0,0,0,0,0,0,0,0,0,0,0,0,0,0,0,0,0,242,0,0,0,0,0,0,0,0,3,0,0,0,0,6,0,0,75,0,0,0,0,0,0,5,0,0,0,0,0,22,0,0,0,0,2,0,0,0,0,0,0,0,0,0,0
0,0,0,0,0,0,38,0,0,0,6,0,0,0,7,0,0,0,0,0,0,56,0,0,0,2671,0,0,133,0,0,0,73,15,6,0,5,0,0,0,0,0,0,0,0,101,305,0,0,0,1,0,0,0,0,0,0,0,0,0,0,0,0,4,0,0,0,0,0,0,227,0,57,0,0,0,0,0,0,332,0,3,223,0,0,0,0,0,0,0,0,36,0,0,0,0,0,0,0,0,5,0,2,5,0,0,0,51,0,0,0,0,6,0,0,0,0,0,92,0,0,0,0,0,2,0,465,52,0,0,0,0,0,1,3,17,171,0,0,0,0,0,0,0,0,0,34,7,0,0,10,0,0,0,0,0,0,0,0,234,0,0,0,0,0,1,0,0,0,303,0,0,27,1,0,0,0,493,0,0,0,0,0,0,0,0,22,0,0,1,0,97,0,0,0,0,0,0,0,0,0,0,0,0,0,73,0,0,0,0,0,0,0,0,0,0,0,355,0,0,274,14,25,0,0,0,0,0,0,0,715,0,0,0,0,0,6,2,0,4,0,0,0,0,0,0,0,2,0,0,0,0,0,0,0,13,0,1,0,0,0,0,0,0,0,0,0,0,0,1915,0,0,34,0,0,0,0,0,0,0,0,0,14,0,0,0,0,0,0,128,0,0,0,0,0,0,8,0,0,19,0
0,0,0,0,0,0,0,0,0,0,0,0,11,0,5,1,1,14,0,0,0,0,0,0,0,65,0,0,1,0,0,2,0,15,0,0,1,131,0,0,0,0,0,0,159,2,0,0,0,0,0,0,0,37,0,0,0,13,0,0,42,0,0,12,0,0,64,0,4,0,0,0,0,9,0,0,0,0,0,987,0,0,0,0,0,36,0,0,44,0,1,1,1,1528,0,0,0,63,0,0,0,3,0,0,0,0,0,1584,0,0,0,0,0,0,0,0,0,0,57,0,0,0,0,0,1,0,45,11,0,0,0,2,0,0,0,1,0,0,0,0,0,0,0,2,0,0,0,0,0,0,17,0,0,0,13,0,0,0,0,75,0,0,0,0,0,0,0,0,0,0,0,0,1,0,0,0,0,243,0,0,0,0,0,0,0,0,0,0,0,0,0,1,0,0,0,1,0,0,0,0,0,1,0,1728,0,19,0,1,1,17,0,0,0,0,0,0,0,0,93,0,0,0,0,0,0,0,0,0,59,0,142,0,0,88,0,0,0,0,0,13,0,0,0,0,5,0,1,0,0,0,0,0,0,0,0,11,8,0,0,0,0,0,0,0,0,0,0,0,0,5,0,0,160,0,0,0,0,0,0,1775,0,0,249,0,0,0,0,0,20,0,0,0,0,0,212,0,4,0,0,87,0
0,0,0,0,0,0,0,0,0,0,0,0,4,0,0,0,0,0,0,0,0,0,0,0,0,743,0,0,0,86,210,0,0,0,0,0,63,181,0,0,0,0,0,0,0,0,0,0,0,0,0,0,0,7,0,0,0,87,0,0,43,0,0,0,0,0,0,0,11,0,0,0,0,0,0,160,0,0,0,523,0,0,1,0,0,163,0,0,65,0,0,10,1,550,0,0,1,0,0,0,0,7,0,0,0,0,0,12,0,0,0,0,0,0,0,0,0,0,196,7,0,0,0,0,70,0,20,11,0,0,0,0,0,0,39,0,0,0,0,0,0,0,0,0,0,0,0,0,0,0,17,0,0,0,0,0,0,0,0,0,0,0,0,0,0,0,0,0,0,0,0,0,0,0,0,0,0,0,0,0,0,0,0,0,0,0,0,0,0,0,0,243,0,0,0,0,0,2,0,0,0,1,0,0,2521,0,0,0,0,6,11,0,0,0,0,0,0,0,199,0,0,0,0,0,0,0,0,0,0,0,0,0,0,0,0,0,0,0,0,0,0,0,0,0,3,0,22,0,0,0,0,0,0,0,0,0,0,0,0,0,0,0,0,0,0,0,0,0,0,228,0,0,347,0,0,0,0,0,0,2465,0,0,252,0,0,0,0,0,0,0,0,0,0,0,0,0,9,0,0,404,0
0,0,0,0,0,0,184,0,0,0,1,0,8,0,14,0,0,0,0,0,0,18,0,0,0,1084,0,0,23,11,0,0,0,132,0,0,69,183,2,0,2,0,0,0,0,0,0,0,0,0,0,0,0,0,12,0,0,0,13,0,0,0,53,0,0,0,0,0,0,114,0,0,0,0,0,25,0,0,0,76,0,0,0,0,0,0,0,0,0,0,7,0,0,0,0,0,0,0,0,0,0,0,11,0,0,0,0,240,111,0,0,5,0,0,0,0,0,5,156,0,0,0,0,1,88,0,0,0,0,0,0,1008,0,0,0,0,17,0,0,0,27,0,0,0,0,0,58,0,0,41,0,0,50,0,1,0,0,0,9,0,0,0,0,0,0,1,0,6,0,0,3,0,0,0,0,0,0,0,192,0,0,0,0,0,64,0,0,0,6,0,0,86,240,0,0,0,0,0,0,0,0,0,0,14,1448,69,4,0,0,25,0,0,0,3,9,0,76,0,0,0,0,13,0,0,0,0,0,0,0,0,379,0,0,471,0,0,0,0,0,34,0,0,0,0,4,0,0,0,0,0,0,0,3,0,0,2,17,0,6,3,0,0,0,0,0,0,0,0,4,26,0,0,99,2,0,0,6,0,65,2711,0,0,0,0,0,0,0,0,51,0,0,0,0,0,0,0,0,0,0,0,0
0,1,0,0,0,48,0,0,0,0,0,0,34,24,34,0,0,195,0,0,57,0,0,116,0,495,0,0,3,3,287,0,1,4,0,0,1,0,0,0,0,0,0,0,0,1,0,23,0,55,0,1,0,34,0,0,0,0,0,20,41,0,0,0,0,0,0,0,64,0,1,6,0,2,0,275,1,0,0,723,0,0,0,0,0,0,0,0,0,60,0,0,2,784,128,148,124,147,0,0,0,7,15,3,7,0,1,1170,0,0,0,0,0,36,0,0,3,0,0,20,38,0,0,0,7,0,0,0,1,6,0,63,1,0,0,1,174,0,29,0,87,0,0,4,0,0,0,0,0,0,20,61,0,0,1,0,0,0,0,15,0,2,0,0,0,0,9,0,0,0,0,0,0,0,0,0,7,0,0,4,0,3,0,25,10,0,0,3,0,0,0,29,0,0,0,1,0,0,0,2,0,0,0,0,0,94,3,0,1,0,81,0,0,0,0,0,0,0,85,0,0,0,0,0,0,0,64,0,61,0,80,1,0,261,21,1,0,0,0,0,0,0,0,0,0,0,0,0,0,0,0,0,5,0,0,4,0,0,16,101,0,0,8,0,1,0,0,120,0,50,0,0,141,1132,0,0,0,0,9,1338,0,0,12,0,0,310,0,0,0,4,0,0,1,0,167,0,18,0,0,3,0
0,0,0,0,0,0,0,0,0,0,0,0,0,93,9,0,0,17,0,0,57,122,0,1,0,2071,0,0,0,0,21,0,0,349,0,0,0,0,0,0,1,10,0,104,0,107,0,18,1,3,0,0,0,0,23,0,0,0,4,54,8,16,0,0,0,0,101,0,0,0,0,0,0,133,0,0,0,0,0,30,0,18,0,9,0,0,0,0,0,0,0,0,0,0,12,134,0,0,0,0,0,0,0,0,1,0,0,14,0,0,0,0,0,1,0,0,0,0,0,2,0,3,0,1,173,300,0,0,12,0,9,2,424,2,0,0,39,0,0,0,0,0,0,0,394,0,0,0,0,4,20,0,0,0,0,0,0,0,479,103,0,0,0,2,3,1,0,0,0,0,4,0,0,0,0,0,0,0,120,0,3,0,0,0,0,0,0,0,0,0,0,81,0,0,0,0,0,0,0,0,0,0,0,1476,0,0,0,0,0,1,0,0,0,0,235,0,1,0,303,3,0,11,0,0,0,0,0,0,75,51,212,0,0,44,0,0,0,0,0,0,0,0,0,0,0,41,0,0,0,0,199,0,0,0,0,0,0,0,25,214,0,0,0,0,0,0,0,0,8,0,0,114,0,1,11,0,9,0,0,317,0,0,744,0,0,0,0,0,0,85,0,0,0,0,0,0,0,100,0,0,0
0,0,0,0,0,0,26,0,158,0,0,0,0,0,7,0,1,0,0,11,265,31,0,0,0,1479,0,0,7,6,0,0,0,138,0,0,8,51,0,0,0,0,0,0,0,436,0,0,0,0,0,0,1,0,0,0,0,0,0,98,12,20,0,0,0,0,109,0,0,0,0,0,0,0,38,0,0,0,0,192,0,0,46,0,0,1,0,0,0,81,0,2,69,0,0,2,0,0,0,0,0,20,0,0,0,0,0,683,0,0,0,0,0,32,0,0,0,0,123,0,0,0,0,2,268,54,0,0,9,0,13,185,0,0,0,0,1,2,2,0,12,0,0,0,0,0,2,11,0,0,55,51,8,0,0,0,0,0,0,324,0,0,0,0,0,0,0,4,0,0,0,0,9,0,0,0,0,94,207,1,0,0,0,12,11,0,0,0,0,0,0,14,2,0,0,0,0,0,0,0,0,0,0,23,0,4,0,0,0,4,0,0,0,0,4,0,38,0,0,0,0,0,0,0,0,0,0,1,0,0,368,0,0,351,0,0,0,0,0,0,0,0,0,0,0,0,0,0,0,0,0,0,0,0,0,1,16,0,0,3,0,0,0,1,6,0,0,0,0,12,0,0,200,0,0,0,0,0,0,3148,0,0,192,0,0,0,0,0,0,33,0,0,0,0,0,0,3,0,0,96,0
0,0,0,0,0,0,3,0,0,0,0,0,1,0,243,0,0,0,0,0,0,0,0,6,0,5529,0,0,75,0,0,0,0,89,0,0,14,63,0,0,0,0,0,35,0,45,0,0,0,0,1,0,0,0,0,0,0,2,0,0,0,0,0,0,0,0,12,0,0,0,0,0,0,0,0,1,0,0,0,0,0,0,0,0,0,1,355,0,0,47,0,61,317,0,0,0,0,0,0,0,0,74,0,0,0,0,0,1050,0,0,0,0,0,64,0,13,0,0,99,0,0,0,5,1,139,0,0,0,0,0,0,0,0,25,0,0,44,0,0,0,9,0,0,0,0,0,0,0,0,0,0,0,0,0,1,0,0,0,0,0,0,0,0,0,0,0,0,0,0,0,0,0,0,0,0,0,0,0,0,0,0,0,0,0,0,0,0,0,0,0,0,0,1,0,0,3,0,0,0,0,0,0,0,0,0,0,2,0,1,27,2,0,0,0,0,0,0,0,2,0,0,0,0,0,0,0,0,0,0,0,0,0,0,218,0,0,0,0,0,0,0,0,0,0,0,0,0,0,0,0,0,0,0,0,0,2,3,0,0,0,0,0,0,2,8,0,0,0,0,30,0,0,135,0,8,0,4,0,0,919,0,0,147,0,0,1,0,0,0,0,0,0,0,0,0,0,32,0,0,28,0
0,0,1,2,0,0,21,3,0,0,0,0,0,3,2,0,0,0,0,1,0,17,0,2,1,293,0,0,60,1,1,0,0,75,0,0,8,150,1,0,1,0,0,111,0,29,0,1,0,0,1,0,0,0,5,0,0,0,0,12,1,15,0,0,0,0,1,0,0,0,7,1,0,0,1361,0,0,0,0,13,2,0,4,0,4,0,0,1,0,0,0,1,33,38,0,1,0,0,31,0,0,0,0,0,1,4,0,405,0,375,0,0,0,0,0,0,0,0,51,0,0,0,0,0,0,0,85,0,0,42,136,72,3,0,0,48,34,1,0,0,18,0,0,0,0,0,4,0,0,1,3,0,0,0,0,0,0,0,0,12,0,3,0,1,2,0,1,0,1,0,2,0,0,0,0,0,0,1,1,1,0,0,0,0,1,0,0,0,0,0,1,29,1,0,0,0,0,1,0,474,0,0,0,2,584,4,1,0,0,3,0,0,0,0,6,3,65,8,5,4,5,1,0,2,0,0,2,0,25,3,50,0,2,13,0,0,1,0,2,2,0,0,170,0,4,0,0,0,0,0,0,1,2,0,1,2,2,0,1,0,1,0,5,5,1,0,0,0,2,3495,0,5,1091,0,0,1,0,1,8,53,0,0,10,0,0,0,0,1,27,59,0,0,0,0,15,6,104,0,0,14,0
0,0,0,0,0,0,1,0,0,0,12,0,0,0,1,9,0,0,0,0,0,0,0,3,0,2797,0,0,8,0,19,0,0,51,0,32,2,153,0,0,0,0,0,9,0,0,0,11,0,0,0,0,0,0,0,0,0,0,0,0,0,0,1,0,0,0,108,0,0,0,55,0,0,15,0,0,0,0,0,0,0,29,327,0,0,0,5,0,0,9,10,1273,1,0,0,0,0,0,0,0,0,0,0,0,0,0,0,148,0,0,0,0,0,0,0,0,0,1,319,0,0,0,0,13,12,0,0,0,0,0,0,0,0,4,0,0,7,0,0,0,61,0,0,0,0,0,27,0,0,0,0,0,0,0,2,0,14,0,0,0,10,0,0,0,0,0,0,0,0,0,0,0,0,0,0,0,0,0,89,2,0,0,0,0,0,3,0,0,0,0,5,49,1,0,0,0,0,0,0,0,0,0,0,281,1,0,0,0,0,1,0,0,0,0,0,0,0,31,0,0,0,0,0,0,0,0,0,0,0,0,0,2,0,545,0,0,0,0,0,33,0,0,0,0,0,8,0,0,0,0,0,0,23,0,105,0,0,0,0,0,0,0,0,0,0,0,0,0,0,3,0,0,0,0,3,0,0,0,0,3041,0,0,200,0,0,0,0,0,10,0,0,0,0,0,7,0,0,0,0,0,0
0,0,0,0,0,39,0,0,0,0,0,0,7,0,134,0,32,0,0,0,0,0,0,0,0,1147,0,3,7,65,0,0,0,0,0,0,28,0,0,0,591,0,0,0,0,0,0,0,0,0,0,0,0,0,0,0,0,51,0,0,103,0,0,0,0,227,733,10,0,0,0,0,0,27,0,0,0,0,0,0,0,0,0,0,0,0,0,0,243,0,0,37,3,2488,0,0,13,0,0,0,0,8,0,26,0,0,0,23,21,55,0,0,0,45,0,0,0,0,354,11,0,0,0,0,154,0,0,131,0,0,0,0,0,0,0,0,0,0,0,0,0,0,10,7,0,0,0,0,0,0,0,0,0,0,0,0,22,0,0,0,0,0,0,0,0,0,0,0,0,0,0,12,35,0,0,0,0,0,0,0,0,0,0,0,0,0,0,0,0,0,0,195,2,0,0,45,0,0,0,0,0,0,0,0,0,0,0,0,2,1,6,0,0,0,0,0,0,8,184,0,0,0,0,0,0,0,0,0,0,0,0,1,0,0,1,0,0,0,0,0,0,0,0,0,0,0,0,0,0,0,0,0,0,0,0,0,0,0,0,80,0,0,0,4,0,0,0,0,0,355,0,0,98,0,0,0,0,0,0,1761,0,0,249,0,0,0,0,0,0,0,0,0,0,0,0,0,29,0,0,78,0
5,0,0,0,0,0,0,0,0,0,0,0,0,0,9,0,31,0,0,0,0,157,0,25,0,0,0,0,26,0,0,0,0,0,0,0,0,0,0,0,0,0,0,0,0,0,0,0,0,0,0,0,0,0,0,0,1,0,0,0,0,0,1,475,0,0,0,0,0,255,0,0,0,0,0,0,0,0,0,319,0,0,40,0,0,17,0,0,0,0,0,3,12,0,0,1,0,0,0,0,0,10,0,0,0,0,0,1823,0,134,0,0,0,0,0,1,0,0,0,1,0,0,0,0,0,0,0,0,0,0,0,0,0,0,1,4,287,0,0,0,33,0,0,0,0,1591,54,0,0,0,0,0,0,0,0,0,70,0,0,0,0,0,0,0,0,0,0,0,0,0,0,0,19,0,0,11,0,0,0,0,0,0,0,0,0,30,0,0,0,30,0,0,0,8,0,0,0,0,0,0,0,0,0,3,1343,1349,0,3,0,0,0,0,0,0,3,0,0,0,0,0,57,0,0,0,0,0,0,0,0,0,0,0,0,0,0,0,0,5,0,0,0,0,0,0,15,81,0,0,0,0,0,0,8,1,56,105,0,0,0,0,0,0,6,0,0,0,0,0,0,40,0,0,909,0,0,0,0,0,0,0,0,413,115,0,0,0,0,0,0,0,0,0,0,0,0,0,5,0,0,0,0
0,0,0,0,0,0,2,28,0,0,0,0,0,274,26,2,0,0,0,0,0,4,0,1,0,3830,0,0,17,132,120,0,0,0,0,0,5,0,1,0,0,0,0,0,0,0,0,0,0,0,0,0,0,0,18,0,0,1,0,153,0,0,0,0,0,0,0,0,0,68,20,0,0,0,0,0,1,0,0,0,0,0,0,0,0,10,150,0,0,94,0,18,96,0,0,0,0,0,39,0,0,166,0,0,0,0,0,26,0,0,0,0,0,0,0,15,0,0,54,0,0,0,0,7,431,0,0,0,0,0,0,0,0,0,0,0,91,0,0,0,42,0,0,0,0,0,7,0,0,0,0,41,0,0,0,0,0,0,0,2,0,0,0,0,0,0,0,3,0,0,0,0,0,0,0,0,0,0,12,0,0,0,0,0,6,0,0,0,0,0,0,0,1,0,0,0,0,0,0,0,0,0,0,0,0,10,1,0,1,0,0,0,0,0,0,0,103,0,149,0,0,24,0,0,0,0,0,0,9,0,0,0,0,847,0,0,0,0,0,0,0,0,0,0,0,0,0,0,0,0,0,0,0,0,3,0,7,0,6,0,0,0,0,2,0,0,0,0,0,263,0,0,166,0,0,0,0,0,4,2222,0,0,16,0,0,0,0,0,0,0,0,0,0,0,70,43,8,0,0,33,0
0,1,3,0,0,30,0,0,0,0,0,0,11,0,110,27,0,0,0,0,0,0,0,31,0,423,0,0,0,1,3,0,0,6,0,0,4,71,48,9,0,0,0,0,0,105,0,0,0,0,2,0,0,17,0,0,0,40,0,0,32,0,5,1,0,31,108,0,230,192,1,17,46,0,0,864,0,0,0,687,0,0,34,0,1,85,0,0,117,86,0,1,17,965,0,0,0,0,0,0,0,3,0,1,15,0,0,76,0,663,0,0,15,1,0,0,0,68,9,0,0,0,8,2,1,0,43,0,0,0,0,0,0,0,497,0,50,1,0,0,510,0,0,0,0,0,53,0,0,0,3,0,0,32,1,0,0,0,0,1,0,4,4,0,0,0,0,0,3,0,0,0,145,0,0,0,0,6,47,2,0,0,0,0,0,0,0,0,0,0,0,37,5,19,0,16,0,1,0,0,0,0,0,0,0,261,7,6,2,59,0,0,0,0,1,3,82,0,255,1,5,41,0,0,0,0,0,330,5,0,0,0,0,448,0,0,0,0,1,3,0,0,0,0,5,10,13,0,0,0,4,0,0,0,2,4,17,0,0,0,0,0,4,1,2,0,0,0,0,458,0,0,83,0,6,0,1,1,0,413,0,0,95,3,3,377,0,0,0,0,0,0,0,0,59,4,44,0,1,82,0
0,0,4,0,0,13,0,23,0,0,14,1,3,11,45,1,0,10,0,0,194,15,0,55,0,1314,0,0,157,1,1,0,1,1,0,0,1,69,0,0,0,0,0,309,0,39,1,11,0,16,1,0,97,6,0,0,0,19,0,3,59,0,8,1,0,19,56,0,5,83,17,0,4,304,5,0,0,3,0,93,0,42,1,0,413,0,0,1,51,150,1,1,3,495,0,0,0,0,0,0,0,0,0,30,0,0,93,126,0,33,119,0,0,68,0,1,0,29,108,0,0,0,0,0,181,0,1,10,1,21,0,49,0,1,0,0,75,0,0,0,0,4,0,0,0,0,1,9,1,0,21,28,0,3,0,0,0,0,0,40,0,0,0,0,0,1,0,0,0,0,1,0,0,0,0,0,3,6,268,1,0,0,0,3,3,0,0,0,0,0,1,91,27,3,0,0,1,1,0,0,0,0,0,2,0,4,0,0,1,14,0,0,0,0,23,1,35,48,6,0,64,19,0,0,0,17,0,0,179,0,862,1,0,479,0,0,1,0,1,1,0,0,87,0,0,0,0,0,0,0,711,1,5,0,1,3,0,0,9,168,1,0,6,1,1,0,0,0,1,2,6,9,120,1,0,0,0,1,26,911,1,0,62,0,0,1,0,1,17,25,0,0,0,0,0,2,5,0,0,363,0
0,0,0,0,0,0,0,1,0,0,0,0,7,0,26,0,0,63,0,0,4,0,0,0,9,143,0,4,9,3,0,5,0,57,0,0,1,34,0,0,0,0,0,0,0,2,0,12,13,25,0,1,0,0,0,0,0,12,0,0,55,23,9,0,0,46,68,1,0,148,2,0,0,11,0,30,0,0,0,398,0,0,0,0,4,605,0,1,74,85,0,1,1,1440,8,2,0,0,0,1,0,22,0,0,0,0,1,2,72,42,0,0,0,8,0,0,3,30,52,0,0,0,0,0,7,0,0,0,1,126,64,4,0,0,0,0,1159,0,50,0,0,3,0,0,0,0,34,0,0,3,5,0,22,0,0,0,0,0,2,61,0,0,0,0,0,0,0,0,0,0,0,7,1,0,0,0,0,79,85,0,0,0,0,3,1,0,0,0,3,0,0,14,1,0,0,1,10,0,0,0,0,0,0,0,0,121,0,0,2,7,0,0,5,0,12,0,0,0,9,4,0,0,0,0,0,7,0,0,9,0,6,0,0,1931,18,0,0,0,0,27,0,0,0,0,0,0,0,0,0,0,263,3,0,0,10,0,62,0,1,28,0,0,0,0,1,0,0,0,0,672,0,0,948,5,3,0,0,0,2,160,0,0,163,0,1,0,0,3,20,0,0,0,0,0,0,0,9,0,1,68,0
0,3,0,0,0,18,1,13,0,0,0,0,12,83,6,0,0,47,87,0,277,11,0,10,0,183,0,0,1,1,20,0,0,1,0,0,1,350,1,1,0,0,0,113,0,9,1,130,0,85,8,0,76,0,10,0,0,10,0,146,70,89,6,0,0,44,157,0,176,124,9,3,0,102,0,3,0,2,0,1781,0,0,7,0,327,11,0,1,32,34,0,14,1,651,0,1,0,0,4,0,0,0,0,0,43,0,0,5,105,0,0,7,0,27,0,1,1,211,85,0,0,0,0,5,1,0,86,0,0,212,212,247,0,1,0,0,9,0,1,0,6,2,0,0,0,0,0,0,1,0,20,69,1,0,1,0,0,0,0,48,0,1,0,0,1,1,0,0,0,0,6,0,34,0,0,0,0,31,26,2,0,0,0,0,42,0,0,0,0,0,0,80,1,1,0,0,0,1,0,171,0,0,0,0,0,12,4,0,2,3,0,0,0,0,6,0,64,238,84,3,218,41,0,0,7,0,0,0,117,7,0,0,0,163,0,2,8,0,0,0,0,0,0,0,0,0,0,0,0,0,0,2,31,0,9,63,2,0,2,4,0,0,4,5,2,0,0,0,6,19,0,43,19,0,4,0,5,6,10,1359,1,1,70,0,0,0,0,0,91,45,0,0,0,0,16,0,1,0,0,44,0
0,0,0,0,0,0,2,0,0,0,0,0,0,0,58,0,0,0,0,0,0,16,0,1,0,2951,2,0,15,0,2,0,0,150,0,0,0,84,0,0,0,0,0,0,0,0,0,7,0,0,0,0,0,0,0,0,0,0,0,158,0,0,0,0,0,0,61,0,0,67,0,0,3,0,0,1201,0,0,0,140,0,8,91,0,0,2,0,0,0,0,0,10,0,0,0,0,0,0,0,0,0,1,0,0,3,0,0,978,0,0,0,0,0,0,0,0,0,135,138,0,0,0,0,0,58,0,4,0,0,0,0,0,0,0,0,2,471,0,0,0,30,0,0,0,0,0,0,0,0,0,12,0,1,0,1,0,0,0,0,18,60,0,4,0,0,0,0,0,1,0,4,0,0,0,0,0,0,50,186,0,0,0,0,0,0,0,0,0,0,0,0,55,0,1,2,0,0,0,0,0,0,0,0,1370,0,29,8,0,0,0,0,0,0,9,10,0,27,0,0,0,0,104,10,0,0,0,0,0,0,0,0,0,0,145,0,0,2,0,0,25,0,0,0,0,6,4,0,0,0,0,0,0,16,0,59,3,6,0,0,3,0,0,0,0,0,0,14,0,3,0,0,4,385,0,0,0,0,0,44,6,0,0,87,0,0,0,1,0,224,4,0,0,0,0,63,57,0,0,0,30,0
0,0,0,0,0,1,0,0,0,0,0,0,2,1,19,0,5,7,0,0,1,16,1,4,0,1843,2,0,39,28,0,0,1,58,0,0,0,55,0,0,0,0,0,36,0,249,0,3,0,1,0,0,0,0,48,0,0,0,2,56,0,8,1,0,0,0,200,0,0,30,32,0,0,1,0,282,0,0,0,79,0,0,227,0,0,76,0,0,0,27,0,28,15,0,2,0,0,0,34,0,0,0,0,0,1,0,0,147,0,24,0,0,0,73,0,1,0,1,69,0,0,0,0,1,223,0,0,0,4,50,27,1,0,0,0,0,32,0,0,0,16,0,0,1,0,0,19,0,0,2,3,32,0,0,9,0,0,0,0,51,0,0,0,210,0,0,0,0,1,0,26,0,1,0,0,0,0,11,305,2,59,0,0,1,4,0,0,0,0,1,0,61,1,0,12,0,0,0,0,0,0,0,0,1491,0,33,0,0,0,13,0,0,45,16,49,1,41,0,56,2,28,0,8,0,1,0,0,164,55,0,25,3,0,704,0,0,44,0,0,24,0,0,0,0,77,0,0,1,0,9,2,3,14,0,74,259,8,0,3,8,2,0,0,9,59,0,1,0,0,4,2,62,229,1,0,0,0,2,2,199,0,16,377,0,585,0,0,0,13,55,0,0,0,0,5,3,25,0,0,93,0
0,0,0,5,0,0,3,0,0,0,0,0,0,0,319,0,0,0,0,0,0,0,0,0,2,201,0,0,0,0,0,0,0,19,0,0,0,179,0,0,0,0,0,0,6,0,0,2,0,0,0,0,0,0,0,0,0,0,0,39,0,61,0,2,0,2,79,0,0,0,44,0,0,0,74,0,0,0,0,2,0,0,0,0,0,38,0,0,0,0,0,0,0,0,0,0,0,0,0,0,0,2,0,0,3,0,0,1775,0,2,0,0,0,0,0,0,0,1,48,0,11,0,0,0,0,60,0,0,0,0,18,146,0,0,0,0,771,0,0,0,0,0,0,0,0,0,10,0,0,0,0,0,5,4,0,0,0,60,0,167,0,0,0,0,0,0,3,0,10,0,4,0,0,0,36,0,0,0,159,0,0,0,0,0,14,0,0,0,0,0,2,0,1,2,0,0,0,0,0,0,0,13,0,0,477,13,0,0,0,0,0,0,4,0,0,0,0,13,0,15,0,0,0,8,0,0,0,0,0,0,0,0,0,0,0,0,0,0,0,7,0,0,156,0,0,46,208,0,5,0,0,15,0,0,0,0,4,0,0,0,0,0,0,0,0,0,0,0,3,58,0,0,773,0,0,0,0,0,0,3259,0,0,353,0,0,2,0,0,18,39,99,0,0,15,0,0,7,0,0,0,0
0,0,0,0,0,0,0,0,0,0,0,0,31,0,225,0,0,0,0,0,15,11,0,33,0,192,0,1,0,3,6,0,0,1,0,0,0,38,0,0,0,0,0,0,0,1,0,0,4,0,0,0,0,0,0,0,0,68,0,0,105,0,0,0,0,252,5,0,8,76,0,0,0,2,5,0,0,0,0,237,0,0,0,0,0,150,31,0,62,0,0,0,1,881,0,0,459,0,0,0,0,0,12,0,0,0,0,7,0,0,0,0,0,0,0,0,0,0,17,0,0,0,0,0,43,0,0,0,0,0,0,1,0,0,0,0,0,0,0,0,5,0,0,4,0,0,23,0,0,0,16,0,0,4,0,0,0,0,0,0,0,0,0,0,0,0,0,5,0,131,0,0,2,0,0,0,0,0,21,4,0,0,0,0,3,0,0,0,0,0,0,3,2,0,0,5,0,0,0,0,0,0,0,0,0,1,0,0,2,0,0,0,0,6,0,0,0,0,0,0,0,0,0,0,0,0,0,0,29,0,32,0,0,158,0,0,0,0,0,0,0,0,0,0,1,0,0,0,0,0,1,0,20,0,1,9,4,0,1,0,4,0,0,4,0,0,0,0,0,5322,0,0,798,0,0,0,0,0,1,179,0,0,178,0,0,0,0,10,0,0,0,0,0,0,0,0,15,0,0,20,0
0,0,4,5,0,28,0,0,0,0,0,0,3,0,122,0,0,12,0,0,0,13,0,50,12,4,0,0,7,34,223,0,0,13,0,0,1,0,0,0,0,0,0,0,0,8,0,0,0,41,0,0,0,0,0,0,3,59,0,0,48,0,8,0,4,28,148,1,0,36,0,0,0,4,0,3,0,0,0,878,0,0,2,0,1,47,0,1,47,52,0,0,9,1497,0,1,1,0,16,0,0,85,0,0,0,0,0,389,63,0,0,0,0,8,0,0,0,27,22,0,0,0,0,0,41,0,0,0,0,0,0,1,0,1,0,0,73,0,0,0,0,0,0,0,75,0,17,1,0,0,6,0,0,22,0,31,0,0,13,36,0,0,0,0,0,0,0,0,0,0,2,0,0,0,0,0,0,1,608,3,0,0,0,0,10,0,0,0,0,0,0,47,1,21,0,0,0,0,0,0,0,0,0,0,0,34,0,0,0,22,0,0,0,0,0,0,0,0,44,0,0,17,0,0,0,0,0,0,14,0,52,0,0,868,0,0,3,0,0,8,0,0,0,0,3,0,0,1,0,0,0,2,0,0,0,211,4,0,0,0,3,0,0,3,0,0,0,0,0,2945,0,13,70,0,6,0,0,0,3,210,0,0,342,0,0,0,0,15,0,6,0,0,0,0,6,0,8,0,0,13,0
10,0,31,0,0,0,0,0,0,0,0,0,0,0,78,0,0,0,0,0,0,6,0,0,0,307,0,0,123,0,0,3,0,208,0,0,44,23,0,0,0,0,0,0,0,15,0,0,0,0,4,0,0,0,0,0,0,0,0,0,0,0,0,0,0,0,20,0,0,0,101,0,0,0,0,0,0,0,0,4,0,0,144,2,0,2,0,0,0,199,0,0,124,0,0,334,0,0,145,0,0,0,0,5,0,18,0,598,0,0,0,0,0,44,3,0,0,0,31,0,0,0,0,3,21,0,0,0,0,0,87,0,0,0,0,2,167,0,0,7,18,0,0,0,0,0,8,0,0,0,4,0,0,8,0,0,0,0,0,0,0,0,0,0,0,0,0,0,0,0,0,0,1,0,86,0,0,0,37,0,0,0,0,0,0,0,0,0,0,0,0,0,0,0,0,0,0,0,0,0,0,0,0,37,1031,9,0,0,0,0,0,132,0,0,8,1,141,0,0,0,7,87,0,0,0,3,0,0,183,0,0,0,0,0,0,0,1,1,0,2,0,38,0,0,0,0,2,0,0,0,0,6,0,3,22,13,0,0,27,5,9,0,0,9,0,0,0,0,0,1304,0,0,276,0,5,0,0,7,0,2747,3,0,237,0,0,0,0,0,0,0,150,0,0,0,388,0,9,0,0,17,0
0,0,0,0,0,0,11,0,0,0,2,0,0,78,35,0,0,0,0,1,0,0,0,0,0,935,0,0,0,64,0,17,3,87,0,0,0,0,0,0,0,0,0,11,0,76,0,1,0,0,0,0,0,0,0,0,1,0,0,8,0,9,0,0,0,0,0,0,0,0,12,0,1,4,0,0,0,0,0,16,0,2,0,0,0,0,28,0,0,0,0,2,0,0,0,0,0,0,20,0,0,41,0,0,3,0,9,4977,0,0,1,26,0,8,0,0,0,344,86,1,0,0,0,1,13,0,0,0,0,0,0,42,1,0,0,0,0,0,0,0,424,0,0,0,0,0,0,0,0,0,0,8,0,5,0,0,0,0,0,30,0,0,0,0,0,0,0,0,0,0,0,0,9,0,0,0,0,1,0,1,0,0,0,0,0,0,0,0,0,0,0,13,0,0,0,0,0,0,0,0,0,0,0,0,370,147,0,0,1,0,0,0,0,0,0,0,0,10,1,3,0,32,0,0,0,0,2,0,2,0,0,1,0,591,0,0,0,0,0,0,0,0,0,0,0,0,0,0,0,0,1,0,14,0,12,0,0,1,0,0,0,0,0,0,12,0,0,0,0,108,0,0,229,0,0,0,5,1,2,953,0,0,0,0,0,0,0,0,0,0,0,0,5,0,7,3,25,0,0,0,0
0,1,0,0,0,117,0,0,0,0,0,0,0,0,7,0,0,0,0,0,0,7,0,108,0,2616,51,0,0,1,0,0,0,48,0,0,0,300,0,0,0,0,0,0,0,0,0,0,0,43,0,0,0,33,76,0,0,51,0,0,77,0,7,0,153,151,0,3,112,158,0,0,31,225,0,288,0,0,0,1444,0,0,0,0,27,0,4,0,116,0,0,6,0,1867,0,0,0,0,0,0,0,0,21,4,10,0,7,0,0,0,0,0,0,0,0,0,0,25,0,0,0,0,0,0,0,0,2,0,0,294,0,0,0,0,0,0,0,0,0,0,0,0,0,0,69,0,44,0,0,0,0,0,0,0,0,0,0,0,0,187,1,0,0,0,0,0,0,0,0,0,9,0,0,0,0,0,0,0,255,0,0,1,0,0,0,0,0,0,0,0,0,0,0,57,0,0,0,0,0,0,4,0,1,0,0,9,1,0,0,5,0,0,0,0,0,0,0,0,4,7,0,0,0,0,0,0,0,0,0,7,351,0,0,19,0,0,0,0,0,0,0,0,0,0,0,0,0,1,7,2,0,7,0,0,0,0,2,0,4,17,0,0,0,4,0,0,0,0,10,38,0,20,30,0,0,0,0,0,5,0,0,0,146,0,0,0,0,0,0,65,0,0,13,0,107,0,1,0,0,0,0
0,0,0,0,0,0,0,0,5,0,0,0,0,0,0,0,0,13,0,0,1,63,0,0,0,0,0,0,29,25,945,0,0,123,0,0,26,47,8,0,0,0,0,0,0,109,0,0,0,0,0,0,0,0,0,0,0,2,0,0,0,0,0,0,0,0,264,0,1,0,14,0,0,0,0,0,0,0,0,186,0,0,53,0,0,0,0,0,0,28,25,0,216,0,0,0,0,0,142,0,0,4,0,0,0,0,0,1515,0,0,0,2,0,0,0,1,0,6,27,4,0,0,0,0,1773,0,0,0,0,0,0,43,0,0,0,1,12,0,0,0,55,0,2,0,0,785,19,0,0,19,5,79,0,0,0,0,0,0,0,146,0,0,0,208,0,0,0,0,0,0,10,1,0,4,0,0,0,31,0,0,0,0,0,0,1,0,0,0,0,3,0,40,6,0,0,0,0,0,0,0,0,0,0,22,508,16,0,0,1,1,0,0,0,0,6,0,101,18,229,0,28,0,0,0,0,0,0,0,0,0,0,0,0,421,0,0,7,0,0,0,0,0,0,0,6,0,0,2,0,0,0,0,17,0,9,8,0,0,0,0,0,0,0,5,1,0,0,0,10,288,0,0,96,0,4,0,0,0,42,238,0,0,512,0,0,0,0,0,0,0,0,0,0,0,198,0,0,0,0,79,0
0,0,0,1,0,44,0,0,0,0,0,0,42,0,54,0,0,21,0,0,0,1,0,38,0,1,0,0,4,1,0,0,0,48,0,0,9,315,0,4,0,0,0,0,0,188,362,36,3,23,0,0,0,27,0,0,0,17,0,0,96,0,14,0,0,0,0,0,19,12,0,0,0,0,0,1206,0,0,0,508,0,0,111,0,0,0,0,0,170,0,0,4,2,2618,0,14,60,91,0,0,0,0,0,0,0,0,0,18,0,11,0,0,0,0,0,0,0,42,13,0,0,0,0,4,9,0,0,124,0,0,0,0,0,1,0,0,10,0,0,0,13,0,0,0,0,0,0,0,0,0,7,0,0,1,0,0,0,0,0,237,0,0,0,0,0,0,1,1,0,0,1,0,0,2,0,0,0,0,0,3,0,0,0,0,5,0,0,0,0,0,0,59,3,0,0,2,0,0,0,0,0,0,0,0,0,9,2,0,0,25,0,0,0,0,0,0,0,0,3,0,0,0,0,0,0,0,0,0,10,0,0,0,0,166,0,0,0,0,0,9,0,0,0,0,1,0,120,0,0,0,0,0,0,0,0,2,3,0,0,0,0,0,0,1,0,0,0,0,0,1676,0,0,713,0,3,0,0,0,0,6,1,0,518,0,0,0,0,0,0,3,0,0,0,0,0,0,2,0,0,3,0
1,0,0,0,0,0,0,21,0,0,0,0,0,0,0,0,0,12,0,0,9,13,5,53,0,0,0,0,0,0,2,0,0,66,0,0,0,5,0,0,0,0,0,0,0,4,0,0,0,54,0,0,0,8,37,0,2,78,0,1,0,22,6,0,0,37,19,0,6,202,3,0,0,7,0,0,0,3,1,122,0,0,69,0,0,95,0,1,143,69,1,1,8,1723,0,0,0,0,15,1,0,0,0,18,14,0,0,50,24,32,0,0,0,4,0,7,0,27,78,0,0,0,1,0,205,0,1646,0,0,0,0,1,0,1,0,1,0,0,0,0,0,0,1,0,0,1,2,0,0,0,0,0,0,0,0,0,0,0,0,161,0,0,0,88,0,1,0,0,0,0,8,1,53,0,0,0,0,143,1,0,0,0,4,0,13,1,0,0,7,0,0,36,0,1,0,0,24,0,0,0,0,0,0,224,397,13,0,0,0,0,0,0,0,0,4,1,17,0,177,2,0,0,0,23,1,0,0,0,0,0,62,0,0,180,0,0,1,0,0,0,0,1,0,0,67,0,0,0,0,0,304,3,21,0,14,20,28,0,1,0,0,0,0,3,0,0,0,0,6,25,0,5,846,0,0,0,2,1,7,1571,0,0,126,1,0,0,0,0,5,21,0,0,0,0,69,66,18,0,0,98,0
0,0,0,0,0,17,0,20,0,0,0,0,2,82,4,0,0,8,0,0,194,1,4,0,22,345,0,3,9,0,0,0,0,1,0,0,1,39,1,0,0,0,0,65,106,19,1,13,0,20,0,0,0,0,2,0,0,0,0,0,69,56,7,0,0,24,112,0,21,69,4,0,0,249,0,1,0,0,0,841,0,0,0,0,376,0,0,0,45,19,85,0,1,1266,6,7,0,0,3,0,0,0,0,0,0,0,40,31,253,220,0,14,0,22,0,0,1,10,4,0,0,38,0,0,3,0,0,0,4,153,0,69,0,0,0,0,0,0,0,0,0,3,0,0,0,0,0,0,0,1,4,39,0,0,1,0,0,0,44,96,0,0,0,197,0,0,0,0,0,0,1,0,12,0,0,0,0,79,0,0,60,0,0,14,2,0,0,0,81,4,0,27,0,0,36,2,0,0,0,0,0,0,0,0,0,1,0,0,1,0,0,0,93,1,33,0,27,37,1,14,1,0,0,0,0,20,99,0,39,0,88,1,0,131,0,0,0,0,0,0,0,0,0,1,0,0,0,0,0,0,224,3,2,0,1,1,1,0,2,112,0,0,0,0,0,0,0,29,4,11,2,3,40,0,0,0,2,2,3,2948,0,0,10,0,0,0,0,0,31,26,0,0,0,0,5,0,8,135,0,8,0
0,0,2,1,0,0,0,70,0,0,0,0,0,0,0,0,0,8,0,1,273,5,0,14,10,78,0,0,1,0,0,6,0,1,0,0,1,94,0,0,0,0,0,0,0,32,0,0,0,15,0,0,0,5,36,1,0,23,0,1,40,85,6,0,0,42,46,26,0,79,20,0,51,92,0,0,0,0,0,935,0,13,0,0,48,0,0,0,45,384,0,0,1,1268,0,1,0,53,0,0,0,1,8,13,0,0,39,8,104,24,128,0,0,51,0,0,1,47,4,3,0,0,0,0,3,48,37,8,0,16,0,726,0,1,374,0,12,0,0,0,0,0,0,0,30,0,0,1,0,0,10,0,0,0,1,13,0,0,12,25,0,0,0,0,0,0,0,0,0,0,0,0,0,0,0,0,0,113,99,1,0,0,0,14,0,0,7,0,1,0,0,51,1,0,208,0,0,1,0,0,16,0,0,0,0,1,0,0,0,2,0,0,0,10,3,0,57,0,0,6,0,22,0,0,0,0,0,0,48,4,109,0,1,37,0,1,0,0,0,0,0,0,0,0,0,1,0,4,0,0,0,0,0,0,0,1,0,0,7,41,1,0,0,1,0,0,0,0,0,10,5,31,114,0,0,0,0,0,0,3175,0,0,4,0,0,0,0,0,0,6,0,0,0,0,109,0,0,0,0,31,0
0,12,1,0,0,1,0,0,0,0,0,0,0,74,17,0,1,0,0,2,0,18,0,0,0,976,0,0,4,12,166,0,0,99,0,0,0,0,0,1,0,0,0,0,0,17,0,2,0,0,0,0,0,0,1,0,0,0,0,263,0,0,0,0,0,0,58,0,0,0,0,0,0,0,0,0,0,0,0,70,0,0,0,0,0,1,0,1,0,18,0,1,71,0,0,1,0,0,2,0,0,21,0,0,0,0,0,2398,0,0,0,1,0,14,0,0,0,0,210,0,0,0,0,1,0,0,0,0,2,0,2,3,0,0,0,0,1,1,0,0,9,0,0,0,0,0,1,0,0,0,1,13,0,0,1,0,0,0,0,0,0,0,0,0,0,0,0,0,0,0,4,0,0,0,0,0,0,5,239,1,0,0,0,1,0,1,0,0,0,0,0,41,2,0,0,0,0,1,0,0,0,0,0,0,1475,107,0,9,1,0,0,0,0,0,0,0,49,26,537,0,1,22,0,0,0,0,0,251,37,0,1,0,0,141,0,0,0,8,0,1,0,0,0,0,1,0,0,0,0,0,0,0,0,0,0,13,18,0,2,0,0,0,2,1,1,0,0,0,242,832,0,12,174,0,0,0,0,0,1,1049,0,6,10,0,1,22,0,0,45,4,0,0,0,0,12,0,8,0,0,20,0
0,0,0,0,0,0,0,8,0,0,0,0,0,22,169,0,0,16,0,0,87,1,19,200,0,132,0,0,4,2,0,0,0,28,0,0,1,159,0,0,0,0,0,0,0,12,0,97,0,34,0,0,0,53,0,0,4,16,0,64,58,88,13,0,0,100,0,39,8,2,5,0,87,8,0,1,0,0,3,1745,1,0,0,0,2,0,0,0,183,85,0,7,21,2153,0,0,0,0,0,0,0,0,7,0,0,0,0,16,0,0,0,0,0,71,0,0,0,0,16,0,11,0,0,0,0,0,0,0,0,92,0,1,0,0,0,18,0,0,0,0,0,0,0,3,0,0,2,4,0,0,2,0,0,0,0,0,0,0,0,17,0,0,0,0,0,0,0,0,0,0,0,0,2,0,0,0,0,7,0,1,0,0,0,0,13,13,0,0,0,0,0,37,0,9,0,0,0,0,1,0,0,0,0,7,0,29,0,0,1,22,0,0,0,0,0,0,189,7,0,11,27,0,0,0,0,0,0,0,189,0,130,0,0,691,0,0,0,0,0,0,0,0,0,0,0,0,0,0,0,0,0,0,20,0,2,2,0,0,1,30,2,0,0,3,0,2,0,0,0,649,0,0,10,0,0,0,0,0,6,1732,0,0,41,0,0,0,0,0,0,0,0,0,0,0,85,0,26,0,0,11,0
1,1,0,0,0,0,1,27,0,0,0,0,0,0,20,0,0,0,0,0,84,0,0,0,0,1589,0,0,0,144,684,0,0,0,0,0,50,822,1,0,1,0,0,31,0,0,0,0,0,0,0,0,0,0,206,0,0,1,0,0,0,37,0,0,0,2,237,0,1,0,46,0,0,112,0,0,0,0,0,0,0,0,0,0,622,0,9,0,0,43,0,29,1,0,0,0,0,0,27,0,0,0,0,0,1,0,0,247,0,0,0,0,0,22,0,0,0,0,0,1,2,0,0,1,85,0,0,0,0,0,108,115,107,0,0,7,1,0,0,0,29,0,0,0,65,0,0,0,0,0,0,47,0,0,1,0,0,0,0,85,0,0,0,0,0,0,0,0,0,4,0,0,0,0,0,0,0,236,0,0,0,0,0,0,0,0,0,2,0,0,63,569,1,0,0,5,0,0,0,0,0,0,0,0,0,0,0,0,0,0,0,0,0,0,0,0,0,0,768,0,0,0,0,0,0,0,534,0,75,0,314,0,0,15,0,0,0,0,0,0,0,0,0,0,0,0,0,1,0,0,0,0,0,30,39,0,0,0,0,287,0,0,0,0,0,0,0,0,0,21,0,0,0,1,0,0,0,0,3,1271,0,0,0,0,0,0,0,0,0,0,0,0,0,0,8,0,2,0,0,0,0
0,0,4,0,0,0,0,47,0,1,0,3,0,102,0,0,0,39,38,1,198,9,0,84,13,236,7,0,0,0,0,0,0,30,0,216,6,182,0,0,0,39,0,0,0,2,0,29,0,20,0,0,113,6,25,1,0,12,0,32,70,163,4,0,0,32,175,0,228,77,65,0,4,18,1,0,0,0,0,452,5,0,1,3,298,0,0,5,120,84,0,2,0,505,5,1,0,0,13,0,3,0,0,31,12,13,104,41,228,67,0,4,0,161,0,0,1,37,66,0,0,51,0,0,2,97,0,92,0,51,48,4,0,0,49,0,0,0,0,0,0,0,0,0,30,0,11,7,0,0,6,43,0,0,1,0,0,0,189,67,0,0,2,259,0,0,0,0,0,0,2,0,1,0,0,0,0,271,156,1,79,0,0,0,5,0,0,0,3,1,0,127,2,0,11,0,0,5,0,0,0,0,0,0,0,2,1,0,0,0,0,0,72,3,16,0,16,175,40,9,37,38,94,5,0,0,5,0,182,1,94,1,2,225,0,4,0,0,0,0,0,0,0,13,0,0,0,0,0,13,295,1,22,1,21,0,2,3,10,59,5,5,0,5,0,0,19,27,0,502,12,5,73,0,6,0,10,0,1,1179,0,0,94,0,0,0,0,0,31,9,0,0,0,0,13,10,0,177,0,82,21
6,0,0,0,0,0,1,0,0,0,0,0,0,0,9,0,65,0,0,0,0,1,0,6,0,3401,1,0,4,8,28,0,74,0,0,0,3,2,0,0,1,0,0,196,0,0,0,1,0,0,0,0,0,0,0,0,0,0,0,7,0,0,2,1,0,0,256,0,0,0,24,0,0,0,0,0,0,0,0,12,3,20,488,0,0,188,173,0,0,12,0,7,160,0,0,203,0,0,0,0,0,0,0,0,0,1,0,20,0,15,0,0,0,6,2,9,0,0,4,0,0,0,0,0,39,0,0,295,0,0,0,7,0,6,0,0,541,4,0,1,73,0,0,0,0,0,28,0,0,0,29,0,0,58,1,0,0,0,0,31,0,0,0,0,0,0,0,0,0,0,5,0,1,2,0,0,3,0,97,0,0,0,0,0,2,0,0,0,0,0,260,9,1,0,0,0,0,1,0,0,0,0,0,225,0,117,1,9,0,1,0,0,0,0,1,0,63,23,63,0,87,37,0,28,0,0,0,0,0,0,28,0,0,1106,0,0,0,24,0,82,0,26,0,0,211,461,0,0,0,0,0,1,0,0,2,18,0,0,1,59,0,0,0,2,2,0,0,0,0,0,0,0,202,0,0,0,0,0,1,4,0,0,18,0,0,0,0,7,59,0,0,0,0,0,0,2,97,0,0,16,0
0,0,0,0,0,0,5,0,0,0,0,0,0,0,22,0,0,0,0,0,17,22,0,0,1,692,0,0,6,69,0,0,0,147,0,0,406,315,0,0,0,0,398,56,0,1099,0,0,0,0,0,0,0,0,0,0,0,6,0,97,0,36,0,0,22,0,25,14,107,0,0,0,0,6,0,0,0,0,0,0,0,0,0,0,27,0,0,0,0,0,750,4,0,0,1,0,0,0,102,0,0,0,0,0,0,0,210,572,50,0,7,6,0,46,0,0,0,0,0,1,0,0,0,1,500,0,0,0,0,0,0,35,233,0,0,0,3,0,0,0,16,1,0,0,0,0,0,0,0,5,0,0,0,0,0,8,1,0,0,128,0,0,0,177,0,0,0,2,0,3,0,0,29,0,0,0,0,556,0,0,0,0,0,0,0,1,0,0,0,0,0,47,1,0,0,0,0,0,0,0,4,0,0,0,157,0,0,0,1,8,0,0,0,0,0,0,0,0,426,0,39,0,0,0,0,0,0,0,55,0,101,0,0,155,0,0,0,0,0,0,0,0,0,0,0,0,0,55,3,0,0,0,0,0,0,0,0,0,0,37,0,0,0,0,0,0,0,0,0,6,0,0,169,0,0,0,0,0,43,1281,0,0,293,0,0,0,0,0,0,25,0,11,0,0,44,0,1,0,0,0,0
0,0,3,0,15,36,0,5,0,0,0,0,9,8,59,0,0,12,0,0,25,1,0,0,22,2169,8,2,11,0,123,0,0,10,0,0,4,2,3,0,0,0,0,0,0,1,89,15,0,0,1,0,0,50,4,0,0,32,0,3,29,0,6,2,0,67,20,0,14,156,1,3,14,1,0,528,0,10,0,81,6,33,6,0,9,0,0,0,140,76,0,0,1,453,0,0,0,0,1,0,4,0,0,0,41,5,0,6,165,15,0,0,0,44,0,0,0,32,241,0,0,0,0,0,2,0,1,106,0,149,16,2,0,0,111,0,74,0,0,0,6,0,0,0,43,0,16,2,0,0,6,1,0,98,1,0,0,0,4,0,0,0,0,0,0,0,0,0,0,11,2,0,0,0,0,0,0,13,89,1,0,0,0,0,9,0,0,0,0,0,0,46,5,40,376,0,0,1,0,0,236,0,0,1,0,22,13,0,1,7,0,0,0,14,2,0,23,5,1,3,20,35,35,0,0,0,22,0,38,4,106,0,0,523,0,0,3,0,0,5,3,0,0,0,0,0,0,0,0,0,2,1,12,4,2,50,1,0,1,10,2,0,1,2,0,0,0,0,0,86,0,13,181,0,0,0,7,4,4,2237,1,0,7,0,0,0,0,0,4,5,0,0,0,0,28,6,12,0,0,11,25
3,0,0,0,0,0,0,0,0,0,0,0,5,0,0,0,0,0,0,0,0,1,0,37,0,276,0,0,0,0,1,0,0,1,0,0,0,0,0,0,0,0,0,0,0,0,0,24,0,0,0,0,0,32,1,0,0,0,0,1,0,0,13,0,0,0,111,0,5,142,4,0,0,0,0,2,1,0,0,674,0,0,1,0,0,0,0,0,226,0,0,0,1,2742,0,1,0,0,4,0,0,12,0,0,10,0,0,19,61,31,0,0,186,0,5,1,0,25,3,21,0,0,2,0,1,0,4,179,0,0,0,0,0,0,0,0,0,0,0,0,28,0,0,3,0,0,4,0,0,0,7,0,0,30,1,0,0,0,0,6,0,0,0,0,0,0,0,0,2,0,2,0,0,0,0,0,0,1,26,0,0,0,0,0,2,0,0,0,0,0,0,248,0,3,0,0,0,3,0,0,0,0,0,0,0,10,8,0,1,0,0,0,0,0,0,0,36,0,1,0,1,0,0,0,0,0,0,0,34,0,0,0,0,61,0,0,0,0,0,1,0,0,0,0,2,1,0,0,0,0,0,0,0,0,0,0,0,0,1,0,0,0,0,1,0,0,0,0,0,19,0,28,109,0,14,2,0,0,0,4252,0,0,5,33,0,0,0,0,18,0,124,0,0,0,2,0,3,0,0,1,0
0,0,0,0,0,15,0,0,8,0,0,0,0,0,0,0,0,0,0,0,65,6,0,0,0,15,0,0,0,0,155,1,1,1,0,0,0,256,0,0,0,0,0,33,0,114,0,0,0,0,0,0,0,44,0,0,0,0,0,68,28,0,5,0,0,7,187,0,14,298,3,0,0,7,0,0,0,3,0,1719,0,0,114,0,4,0,0,0,46,78,1,3,1,1542,33,0,0,0,10,0,0,0,0,0,0,0,19,27,0,82,0,0,0,15,0,0,0,15,70,0,3,0,0,0,1,0,0,0,0,0,0,19,0,0,0,0,0,1,0,0,0,0,0,0,0,0,0,0,0,0,11,95,64,2,0,0,0,0,0,91,0,0,0,529,0,0,0,0,0,0,0,1,0,0,0,6,0,230,541,0,34,0,0,0,0,0,0,0,0,0,0,98,0,0,0,0,0,0,0,0,0,0,7,0,0,245,0,0,0,0,0,0,0,0,10,0,561,32,0,0,141,0,0,0,0,0,0,0,9,0,56,0,0,298,0,0,0,0,0,0,0,0,132,0,0,0,0,0,0,13,151,0,0,0,8,11,0,0,0,0,0,0,0,6,0,0,0,53,0,220,44,33,248,0,0,0,0,0,3,243,0,0,191,0,0,0,0,0,133,93,0,0,0,0,7,0,1,0,0,213,0
0,0,0,0,0,0,0,0,0,0,0,0,0,0,37,0,0,0,0,0,0,31,0,0,0,2492,0,0,1,0,0,0,0,191,0,0,0,80,0,0,0,0,0,0,0,1031,0,8,0,0,2,0,0,0,0,0,0,0,0,10,0,0,0,0,0,0,123,0,0,67,0,0,0,0,0,0,0,0,1,184,0,0,0,5,0,0,0,0,0,0,0,0,0,0,0,0,0,0,0,0,0,0,0,0,0,0,0,369,0,50,0,0,0,18,0,3,0,0,70,0,0,0,0,0,0,0,0,0,0,0,48,96,0,0,0,0,0,0,0,0,16,0,2,0,0,0,10,0,0,0,5,0,1,4,0,0,0,0,0,0,0,0,0,0,0,0,0,0,0,0,7,0,2,0,0,0,0,0,306,0,0,0,0,0,23,0,0,0,0,0,12,34,0,2,0,0,0,0,0,0,0,0,0,1230,0,20,0,0,0,0,3,42,11,0,0,0,285,54,0,0,0,13,0,0,0,0,0,0,0,0,0,0,0,333,0,0,0,1,0,0,3,0,0,0,2,32,0,0,0,0,0,7,32,0,0,8,0,0,0,0,2,0,0,8,0,0,0,0,0,133,0,65,43,0,0,0,0,0,0,1787,0,0,355,0,0,0,0,0,0,104,0,0,0,0,0,0,0,0,0,91,0
0,0,0,0,0,16,2,1,0,0,0,0,2,47,40,0,3,27,80,0,19,9,0,0,0,1357,2,0,0,0,0,0,0,17,2,0,1,0,0,0,0,0,0,0,0,64,0,0,0,78,1,0,0,14,0,0,0,18,0,75,17,17,7,3,0,146,33,13,3,128,12,0,0,6,0,52,0,0,0,1121,0,0,0,0,1,0,0,0,51,47,0,1,1,921,0,0,0,0,0,0,0,0,0,12,8,0,0,55,20,0,304,14,0,21,0,0,0,10,23,2,0,0,0,0,14,0,4,389,0,8,0,8,1,0,0,10,59,0,0,0,0,3,0,0,64,0,0,0,0,4,3,0,0,0,1,0,0,0,3,28,0,1,0,168,0,1,0,0,0,0,6,0,1,1,0,0,0,19,65,0,0,0,0,0,0,0,0,0,0,1,0,3,1,0,0,0,0,0,0,0,0,0,0,74,0,2,0,0,1,0,0,0,0,0,17,0,0,0,1,0,0,3,67,0,0,0,47,0,129,1,178,0,0,1020,12,0,0,0,1,9,0,0,0,0,0,0,0,0,0,0,0,0,0,0,5,4,12,0,0,0,0,0,1,2,0,0,0,0,0,36,0,0,38,0,1,0,0,0,2,2182,0,0,64,0,0,0,0,0,0,0,0,0,0,0,217,0,57,0,0,32,0
0,0,0,0,0,53,0,0,0,0,15,4,13,19,20,0,0,0,0,2,0,1,0,254,28,295,0,0,0,12,16,0,0,49,0,0,1,265,16,0,0,0,0,82,0,6,2,27,0,37,0,0,0,30,13,0,0,21,0,2,61,0,0,0,0,0,82,9,49,0,2,0,0,0,719,2,0,0,0,589,0,0,0,0,1,0,0,0,67,214,0,2,1,2672,0,0,0,0,29,0,0,0,0,0,6,0,0,3,113,43,0,0,0,31,0,0,0,21,12,0,0,0,0,0,14,0,0,0,0,18,196,43,0,1,0,0,0,2,0,0,49,0,0,0,4,0,13,0,0,0,12,29,0,0,0,0,0,0,8,133,0,0,0,0,0,1,0,0,0,0,0,0,0,0,0,0,0,13,8,0,0,0,0,0,8,0,0,0,0,0,0,174,3,0,17,0,0,0,0,0,0,0,0,0,0,32,1,0,0,17,0,0,0,0,5,0,49,0,274,0,0,0,0,0,0,0,0,0,8,0,90,0,0,537,0,0,1,0,0,6,0,0,0,0,0,0,0,0,0,22,0,0,13,0,14,1,2,0,7,54,2,0,0,7,0,0,0,0,0,581,0,68,111,0,0,0,0,0,4,1024,1,0,151,0,0,0,0,0,0,28,0,0,0,0,87,12,5,0,0,36,0
0,0,1,0,19,0,0,15,0,0,0,0,0,0,18,0,0,0,0,0,48,70,0,0,0,2,1,0,57,0,501,0,0,230,0,0,159,106,0,0,0,0,0,45,0,4,1,0,0,0,18,0,0,0,46,0,0,0,0,53,0,0,0,0,0,0,2,0,0,0,26,0,0,0,0,0,0,0,0,37,0,0,113,0,0,0,0,0,0,751,0,0,82,0,0,0,0,0,59,0,0,0,0,0,0,0,0,22,0,49,0,0,0,25,0,0,0,3,26,0,0,4,0,26,825,0,0,0,0,0,15,0,0,0,40,0,38,0,0,0,0,0,0,0,0,0,12,1,0,0,5,23,0,4,0,0,0,0,0,47,0,0,0,2,0,0,0,0,0,0,0,0,796,0,10,0,0,82,42,0,0,0,0,0,0,0,1,0,0,4,0,211,0,21,0,0,0,0,0,0,0,0,0,12,0,22,5,0,1,41,0,0,5,0,14,0,0,20,0,3,44,27,66,0,0,0,46,0,30,0,0,1,0,280,0,0,0,0,0,0,0,0,0,0,0,218,0,2,0,0,0,1,28,0,7,0,0,0,14,40,0,0,0,1,0,0,0,0,57,433,0,0,268,0,0,0,894,0,0,2006,0,0,359,0,0,0,1,0,0,32,0,0,0,0,141,0,0,0,0,74,15
0,0,0,0,0,0,0,0,0,0,0,0,0,0,35,0,0,0,0,0,0,0,0,0,0,3117,0,31,11,14,707,0,0,182,0,0,3,448,0,0,0,0,0,0,0,87,0,0,0,0,0,0,0,0,53,1,0,0,0,0,0,0,0,0,0,0,165,0,0,0,0,1,0,0,0,282,0,0,0,0,0,0,0,0,0,0,0,0,0,0,0,12,0,0,0,0,0,0,36,0,0,0,0,0,0,0,0,928,0,0,0,0,0,0,0,0,6,0,197,0,0,44,0,1,45,137,0,0,0,0,10,4,0,0,0,0,0,0,0,0,6,0,0,0,0,0,19,0,0,0,0,33,0,31,2,0,0,0,0,0,0,0,0,566,0,0,0,0,0,0,8,0,0,0,0,0,0,0,0,0,0,0,0,0,2,0,0,0,0,1,0,37,0,0,0,0,0,0,0,20,0,0,0,0,0,37,18,0,0,3,12,0,0,13,0,0,0,32,46,0,0,22,0,0,0,0,0,0,0,0,0,1,0,0,0,0,0,0,0,0,4,0,0,0,0,0,0,0,0,0,0,2,20,0,0,0,93,0,29,10,0,0,0,4,3,0,0,0,0,241,0,81,37,0,0,0,0,0,4,1817,0,6,0,0,0,0,0,0,27,61,0,0,0,3,0,0,0,0,0,94,0
2,0,7,0,0,0,0,0,0,0,0,0,0,0,2,0,0,0,0,0,0,71,0,0,0,1050,0,0,4,0,0,0,0,97,0,0,0,50,0,0,0,0,0,284,0,132,0,0,0,0,0,0,0,0,71,0,0,0,0,691,0,24,0,0,0,0,42,0,10,103,32,0,0,0,0,0,0,0,0,263,0,0,0,0,131,1,0,0,0,0,0,1,0,0,0,0,0,0,127,0,0,18,0,0,0,0,0,544,0,54,0,0,0,258,0,0,1,0,10,0,0,0,0,1,0,1342,112,0,0,0,21,336,0,0,0,0,0,0,0,0,41,0,0,0,0,0,8,2,0,0,0,0,0,4,1,0,0,2,39,42,0,0,0,0,0,0,0,0,0,20,0,0,0,0,0,0,0,143,187,0,0,0,0,0,0,0,0,0,0,0,0,0,0,10,0,0,0,2,0,0,0,0,0,0,0,12,0,0,0,0,0,0,33,0,0,0,182,33,0,19,62,73,0,0,1,0,0,0,84,0,0,0,0,354,0,0,1,0,0,0,0,0,6,0,0,28,0,0,0,0,0,1,0,0,0,0,3,0,11,0,30,0,8,6,0,4,0,0,61,137,0,0,369,0,0,0,0,0,0,1852,0,0,0,0,0,0,0,0,211,0,0,0,0,0,0,0,0,0,0,27,0
0,0,0,0,0,0,0,0,0,0,2,0,0,0,0,0,0,0,0,0,0,35,0,1,0,2532,0,0,12,16,572,0,0,54,0,0,6,0,0,0,0,0,0,0,0,0,0,1,0,0,0,0,1,0,0,0,1,0,0,332,0,0,1,0,0,0,0,0,0,0,0,0,0,0,0,0,0,0,0,0,0,0,21,0,0,0,13,0,0,21,0,14,79,0,0,26,0,0,0,0,0,13,0,0,0,0,0,1393,0,0,0,0,0,0,0,1,0,0,156,0,0,0,0,1,40,0,0,0,0,0,32,0,0,4,0,0,2,0,1,2,11,0,0,0,0,0,27,0,0,0,10,2,1,0,0,0,0,2,0,0,0,0,0,0,0,0,0,0,0,0,0,0,0,0,0,0,0,0,751,1,0,0,0,0,0,0,0,0,0,0,0,269,0,0,0,19,0,0,0,0,0,0,0,923,0,104,0,0,0,1,0,0,0,0,0,0,98,275,103,0,15,35,0,0,0,10,0,0,0,0,0,1,0,67,0,0,0,0,0,2,0,0,0,0,0,0,0,0,0,0,0,0,15,0,0,0,0,0,0,0,0,0,0,3,0,0,0,0,0,18,0,0,74,0,0,0,0,0,4,1063,0,0,615,0,0,0,0,0,30,17,0,0,0,0,0,0,0,0,0,52,0
29,0,6,0,0,32,0,0,0,17,0,0,0,0,0,0,18,15,0,0,0,70,0,47,0,0,2,0,0,47,68,0,0,81,0,0,0,0,0,0,0,0,0,0,0,0,0,76,0,33,0,0,179,49,0,2,0,0,0,0,83,0,4,0,0,0,0,0,5,506,0,0,3,0,0,5,1,4,77,1340,0,0,90,0,0,0,0,0,60,81,0,0,1,2306,0,0,31,0,0,0,0,10,0,0,0,9,0,82,0,106,0,0,140,0,0,1,0,17,0,0,10,0,0,0,0,0,67,0,0,100,0,0,0,0,0,0,113,1,0,0,0,0,0,1,0,0,65,0,0,0,27,0,0,0,0,0,1,0,0,0,0,0,0,0,0,0,0,0,3,16,13,0,0,1,7,1,0,319,0,0,0,0,46,0,39,0,0,0,0,0,0,0,0,0,0,0,0,0,0,0,0,0,0,30,0,18,0,0,0,1,0,0,0,8,0,0,0,22,237,0,23,5,0,0,0,0,0,452,0,0,0,0,0,710,0,0,2,10,0,0,0,0,0,0,3,3,0,0,0,0,0,12,55,0,86,30,38,0,114,0,10,0,0,11,0,0,1,0,0,0,18,162,366,265,0,5,0,0,0,0,0,30,417,0,0,49,0,0,0,45,0,0,0,4,0,0,29,0,0,174,0
0,1,1,0,0,1,4,0,0,0,3,0,0,0,0,0,0,0,1,0,157,166,0,0,0,1740,1,0,67,1,160,0,0,0,0,0,6,284,1,0,1,0,0,0,0,0,0,1,0,0,0,0,0,0,50,0,0,0,0,0,0,0,0,0,0,2,127,0,0,0,0,0,0,27,0,43,0,0,0,461,0,3,326,0,0,1,202,0,0,0,0,33,0,5,0,0,0,0,0,0,0,0,0,7,1,1,0,0,0,0,0,0,0,0,1,2,0,0,0,0,0,0,0,1,0,0,1,0,6,69,49,1084,0,0,0,1,1,0,0,0,0,0,0,0,76,0,47,4,1,0,72,0,0,0,1,0,0,0,0,22,0,0,1,204,0,0,0,0,0,0,5,0,0,8,0,0,2,64,0,7,0,1,0,0,32,0,0,0,3,0,1,99,16,0,0,0,0,1,0,0,0,0,0,959,0,19,1,0,0,14,0,0,0,0,0,0,56,29,278,0,0,38,1,5,1,0,0,0,0,4,514,0,0,116,0,0,1,0,0,1,0,0,0,0,0,0,0,0,0,0,0,4,0,0,0,2,2,0,14,154,2,0,0,23,0,0,0,0,0,2,0,49,7,0,0,0,0,0,34,1793,0,0,0,0,0,1,0,0,33,0,0,0,1,0,42,16,0,34,0,0,0
0,0,0,0,0,0,0,0,0,0,0,0,5,0,5,0,0,0,0,0,0,1,0,0,0,421,0,0,0,1,28,0,0,1,0,0,2,2,0,0,0,0,480,124,0,2,0,0,68,36,0,0,0,0,0,0,0,45,0,0,0,0,11,0,11,0,0,0,9,18,0,0,0,14,0,5,0,5,0,643,0,0,6,0,0,0,7,0,0,0,0,1,1,2512,88,0,22,0,8,0,0,0,0,0,0,0,0,529,0,0,0,1,0,0,0,1,0,40,1,0,0,0,0,0,6,0,0,0,0,314,0,12,0,0,0,0,0,5,0,7,0,0,0,0,0,0,0,0,0,0,0,77,0,0,0,0,0,0,18,301,0,0,0,0,0,1,0,0,0,0,0,0,0,0,0,0,0,0,0,0,0,0,0,0,0,0,0,0,0,0,0,5,0,0,0,0,0,0,0,0,0,0,0,0,0,1,0,0,0,0,0,0,0,0,2,0,0,0,9,0,0,0,0,0,0,0,0,0,60,0,180,1,0,700,0,0,0,0,0,0,0,0,0,0,0,0,0,0,3,0,0,0,0,0,0,0,2,0,0,301,0,0,0,0,0,0,0,0,0,295,0,0,346,0,0,0,0,0,2,2107,0,0,0,0,0,0,0,0,59,18,0,0,0,0,12,0,0,0,0,4,0
12,0,0,0,0,0,0,0,0,0,0,0,0,0,30,0,0,0,0,0,0,19,0,21,0,411,0,0,4,0,4,0,0,30,0,0,1,61,0,0,0,0,0,23,32,96,0,0,0,0,0,0,0,22,0,0,0,15,0,0,0,0,9,0,1,0,11,1,0,92,0,0,0,0,0,0,0,3,0,2002,0,0,1,0,0,0,3,0,133,240,0,0,1,1611,0,1,0,0,15,0,0,3,0,0,0,0,0,46,0,0,0,0,105,483,0,0,0,53,6,0,0,0,0,1,12,0,7,0,0,0,0,16,0,0,0,0,31,0,0,0,26,0,0,0,0,0,0,0,0,1,6,0,0,0,1,0,28,0,0,49,0,0,0,0,0,0,0,0,0,0,0,0,0,0,0,0,0,170,67,0,0,0,0,0,0,0,1,0,0,0,0,40,1,8,0,0,0,0,0,0,0,0,0,0,0,36,0,0,2,1,0,0,0,0,0,0,352,0,0,0,1,19,0,0,0,2,0,0,187,0,36,0,0,165,0,0,0,0,0,5,0,0,0,0,0,0,0,0,0,0,0,0,0,0,0,1,11,0,0,0,3,0,0,8,0,0,0,0,0,22,0,0,129,0,0,0,0,0,0,2311,0,0,541,2,0,3,0,1,0,0,0,0,0,0,33,0,9,0,0,39,21
0,0,1,0,0,0,2,1,0,0,0,0,0,1,0,0,0,0,0,0,0,27,0,199,0,2573,0,0,596,0,0,0,0,130,0,0,4,44,0,0,0,0,0,0,6,52,0,0,0,0,0,0,0,0,0,0,0,0,0,3,0,0,1,0,0,0,22,0,0,0,0,0,0,0,0,0,0,0,0,6,0,1,0,0,0,0,51,0,2,118,0,17,38,0,0,97,0,0,28,0,0,8,0,0,0,0,0,299,0,0,0,0,0,66,0,0,0,0,9,0,0,0,0,37,297,0,0,0,0,0,0,7,0,19,0,0,169,0,0,0,0,0,0,0,0,378,0,0,0,9,2,0,1,0,0,0,0,0,204,10,5,0,0,0,0,0,0,0,0,0,0,0,1,0,0,0,0,0,337,0,0,0,0,0,0,0,9,0,0,0,0,21,154,0,0,0,0,1,0,0,0,0,0,0,0,0,0,0,1,125,0,0,0,0,7,0,69,0,65,0,0,0,0,0,0,35,0,0,0,2,4,0,0,2048,0,0,0,0,0,0,0,0,0,0,0,0,9,0,0,0,0,0,0,0,0,0,36,0,0,0,5,0,0,0,0,0,0,0,0,0,0,0,93,0,0,0,2,0,8,1088,0,0,123,0,0,0,0,0,1,0,0,0,0,4,0,1,2,0,0,216,0
0,0,0,0,0,0,0,51,0,0,0,0,0,200,21,0,0,0,0,0,51,19,0,1,0,951,0,0,4,20,42,545,0,26,9,0,11,0,0,2,0,0,0,11,0,29,0,0,0,0,1,0,0,0,0,0,0,5,0,183,2,2,0,0,0,0,2,0,0,0,0,2,0,13,0,0,0,0,0,27,0,0,435,0,7,4,705,0,0,28,0,4,0,0,0,0,0,0,0,0,0,22,0,4,1,0,0,2155,0,0,0,0,0,20,0,0,0,0,305,1,0,0,0,2,188,0,0,0,0,0,0,312,0,0,0,0,2,0,0,0,0,0,0,0,0,0,6,0,0,5,25,0,0,0,0,0,0,40,0,1,0,9,0,0,0,0,0,9,0,0,0,0,1,0,0,78,0,0,15,0,0,0,0,0,2,0,0,0,0,5,0,5,1,0,0,1,0,0,4,0,0,0,0,2,0,15,23,0,3,2,32,0,0,0,1,0,1,0,1035,0,0,2,0,0,0,0,0,0,9,0,221,0,10,1,0,0,0,0,0,18,0,33,0,0,5,0,2,0,4,0,0,2,0,0,4,4,63,6,5,157,0,0,1,8,0,0,0,0,0,20,0,14,350,0,3,0,0,0,9,1006,0,0,185,0,0,0,0,1,47,13,0,0,0,0,27,0,6,0,0,19,0
0,2,0,0,0,0,0,12,0,0,0,0,0,4,80,0,0,9,0,0,35,1,0,22,71,2262,0,0,0,0,2,0,1,22,0,0,1,1,0,0,0,0,0,41,0,5,0,11,0,0,3,0,0,15,0,0,0,11,0,1,16,0,0,0,0,28,9,0,4,37,9,2,0,6,0,400,0,0,0,174,0,42,0,0,0,0,0,0,0,113,87,1,3,462,0,0,0,0,19,0,0,0,0,1,7,0,3,2,0,32,0,23,0,3,0,0,1,24,3,2,0,0,0,0,16,0,1,70,0,66,0,0,0,0,0,1,207,0,0,0,0,0,0,0,1,0,0,0,0,0,5,0,0,0,0,0,0,0,9,92,0,0,0,0,0,0,0,0,0,0,0,0,0,0,0,0,0,211,6,0,0,0,0,0,0,0,2,0,0,0,0,1,1,0,24,0,13,1,0,0,0,0,0,0,0,0,0,0,0,1,0,0,0,0,5,0,26,5,0,4,0,0,0,0,0,0,0,0,127,0,31,0,0,556,0,7,0,0,0,0,0,1,94,0,0,0,1,0,0,0,0,1,7,0,1,0,0,0,0,5,0,0,1,0,0,0,0,1087,1,151,0,0,463,175,1,0,0,0,0,2220,1,0,91,0,0,0,0,0,7,0,0,0,0,0,36,0,1,0,0,52,0
0,0,0,0,0,0,29,0,0,0,0,0,0,3,181,0,0,0,0,0,0,51,0,0,0,1403,0,0,124,0,58,0,0,0,0,0,0,364,0,0,0,0,0,170,0,45,0,0,0,0,1,0,0,0,0,0,0,0,0,24,0,0,0,0,0,0,41,0,3,0,31,0,0,0,0,0,0,0,1,8,0,0,11,0,0,0,0,0,0,0,0,103,44,0,0,0,13,0,0,0,0,0,0,0,29,0,0,1080,0,73,0,0,0,0,0,0,2,0,1,0,0,0,0,3,45,0,61,0,0,0,0,5,0,0,0,7,0,0,0,0,16,0,0,0,0,0,3,0,0,0,0,0,0,0,0,0,0,0,0,255,0,0,0,392,0,2,0,0,0,0,6,0,1,0,0,0,0,312,29,0,0,1,0,0,0,0,0,0,0,0,0,0,0,0,0,0,0,0,0,0,0,0,0,0,0,84,1,0,0,0,0,0,0,0,0,0,75,160,0,0,0,22,0,0,0,0,0,0,0,5,161,2,0,2057,0,0,0,0,0,0,0,0,0,0,0,20,0,0,0,0,0,5,17,0,0,0,4,0,2,0,0,0,0,1,4,0,0,0,67,1554,0,0,322,0,0,0,0,0,48,82,0,0,0,0,0,0,0,0,82,0,0,0,0,13,89,0,0,0,0,90,0
0,0,4,0,0,17,2,0,0,1,26,2,0,1,47,0,1,35,73,11,46,14,0,30,11,105,0,0,2,3,89,0,0,5,0,0,1,96,0,0,0,0,0,0,0,171,72,44,0,14,6,0,0,29,0,0,0,10,1,0,15,0,3,0,0,16,29,9,1,30,0,5,57,9,403,204,0,0,0,1643,0,0,8,0,3,24,0,0,44,62,0,8,0,1092,0,0,0,0,43,0,0,0,0,0,110,0,0,1,0,34,54,25,0,2,0,0,0,15,35,0,15,0,7,0,72,0,0,74,0,3,0,21,0,0,0,0,0,0,0,0,0,0,0,0,2,0,9,0,0,1,10,0,0,0,0,0,0,2,0,152,0,0,0,1655,0,0,1,0,0,0,23,2,121,1,0,0,0,385,28,2,2,0,0,0,1,0,0,0,0,0,0,8,1,0,1,0,0,3,0,1,0,0,0,176,24,28,14,0,0,2,0,0,0,0,35,0,259,92,0,0,33,19,0,0,0,0,0,0,64,4,90,0,0,196,0,0,1,0,0,12,0,0,0,0,0,0,0,1,0,0,0,3,0,0,47,10,0,3,10,131,1,0,0,2,0,0,0,0,3,7,0,52,244,1,0,0,0,0,8,267,0,0,216,0,0,0,0,0,0,28,0,0,0,5,85,0,1,0,0,267,10
0,0,0,0,0,0,0,0,0,0,0,0,1,0,0,6,1,0,0,0,0,2,0,5,0,13,0,1,10,7,0,0,0,21,0,0,48,1,0,0,1,0,0,0,0,3,0,0,0,0,0,0,0,0,8,0,0,0,0,0,0,0,0,0,0,0,13,0,1,0,0,0,0,0,0,265,0,0,0,0,0,0,107,0,0,1,60,0,0,0,0,30,7,0,0,0,1,0,8,0,0,4,0,0,0,2,0,4414,43,0,0,0,0,0,1,8,0,0,57,0,0,0,0,1,9,0,0,0,0,0,1,99,48,0,0,0,0,0,0,1,0,0,0,0,0,0,7,0,0,0,0,0,32,0,0,0,0,0,0,54,0,0,0,0,0,0,0,0,0,0,0,0,1,1,0,0,0,0,0,0,0,0,0,0,5,0,0,0,0,0,5,14,2,0,101,0,0,0,0,0,0,0,0,702,0,5,0,0,0,2,0,0,0,0,0,0,0,0,103,0,0,0,0,0,0,0,66,0,0,0,36,0,0,0,7,0,0,0,0,37,0,0,0,0,5,0,0,6,0,0,0,0,0,0,0,0,0,0,0,0,0,0,0,1,1,0,0,0,0,145,1,6,49,0,0,0,0,0,4,2888,0,0,21,0,0,14,0,2,1,0,1,0,0,0,368,0,0,0,0,2,0
0,0,0,0,28,16,0,20,0,2,0,0,12,94,0,0,0,79,0,0,30,3,0,35,0,187,2,0,2,11,1162,103,0,7,0,0,5,29,0,0,0,8,0,56,119,4,33,43,6,0,0,0,0,5,21,0,0,11,5,27,19,0,3,0,0,26,128,0,3,102,10,0,0,9,0,1,0,3,0,606,0,64,23,0,3,0,8,0,111,64,0,1,2,665,48,4,0,51,38,0,0,0,0,0,4,0,1,689,0,33,0,0,0,13,10,0,0,55,5,0,0,40,0,0,15,1,0,8,0,13,70,29,0,0,0,0,638,0,0,0,3,0,0,0,52,9,0,1,0,0,5,13,2,0,0,0,0,0,0,34,14,0,0,224,0,0,0,0,0,0,2,0,0,0,0,3,1,61,336,1,1,0,0,0,0,0,0,0,0,1,0,47,0,0,0,0,0,4,0,0,1,0,0,0,0,1,0,0,3,0,0,1,6,7,3,1,56,35,7,0,91,9,0,0,0,0,0,0,55,24,41,0,0,96,0,0,2,0,0,0,1,0,0,0,0,0,0,0,0,0,233,2,6,0,1,1,0,8,9,4,7,4,0,1,0,0,8,0,6,0,0,6,63,0,0,0,0,0,4,2229,1,0,95,0,0,0,1,0,130,11,0,0,0,0,50,44,1,0,4,41,0
0,0,0,0,0,10,0,0,0,0,1,0,0,0,27,0,0,9,0,0,0,11,0,0,15,44,0,0,19,9,209,0,0,46,0,0,1,109,0,0,0,0,0,0,0,1,0,42,0,14,1,0,0,25,86,0,0,14,0,45,17,0,4,0,0,94,57,0,22,0,0,2,8,0,5,0,0,0,0,489,0,56,4,0,0,0,0,0,52,153,0,6,1140,1000,0,0,6,0,13,0,0,0,0,11,11,0,0,108,0,29,0,0,0,7,5,0,0,195,59,0,0,0,8,0,6,0,0,81,0,144,0,1,0,0,18,0,0,0,0,0,27,0,0,0,0,0,7,0,1,0,2,31,0,1,0,0,0,0,0,30,0,0,0,476,0,1,0,0,0,0,10,0,1,0,0,0,1,67,57,0,0,0,0,0,1,0,0,0,0,0,0,27,0,0,0,0,0,0,0,1,0,0,0,0,0,173,4,0,1,4,0,0,0,8,5,0,106,0,448,0,15,39,0,0,0,0,0,0,21,0,0,1,0,2144,0,0,3,0,0,0,0,0,0,0,0,12,1,0,0,0,0,5,23,0,10,4,12,0,59,1,0,0,0,2,1,0,0,0,0,768,0,37,247,0,0,0,5,0,18,2,0,0,130,0,0,0,0,0,0,6,0,0,0,0,154,0,4,0,0,244,0
0,0,0,0,0,0,2,0,0,0,0,0,0,0,24,0,0,0,0,0,13,0,0,3,0,2045,0,0,111,0,15,0,0,0,0,0,0,42,0,0,0,0,0,0,0,0,0,2,0,1,2,16,0,0,0,0,0,0,0,0,0,32,0,0,0,0,31,0,0,0,4,0,0,1,0,0,0,0,0,0,0,0,0,0,0,0,113,15,0,0,0,2,2869,0,0,16,0,0,0,0,0,17,0,0,2,0,0,2189,0,0,0,0,0,26,0,2,0,0,0,1,0,0,0,8,0,0,0,0,5,0,0,0,0,1,0,11,35,0,58,0,571,0,0,0,0,0,0,0,0,0,0,6,0,0,1,0,0,1,0,78,7,0,0,0,0,0,0,0,0,0,0,0,1,0,0,0,1,0,0,0,0,1,0,0,0,0,0,0,0,0,0,9,1,5,0,0,4,0,0,0,0,0,0,0,0,96,1,0,0,9,32,0,0,0,0,0,45,0,159,0,0,0,0,0,1,0,0,0,33,0,6,0,0,375,0,0,0,0,0,2,0,0,0,0,0,0,0,1,0,0,0,1,13,0,5,4,19,0,1,2,0,0,0,0,0,0,0,0,0,8,0,1,709,0,0,0,0,0,0,14,0,0,0,0,0,0,0,1,0,0,0,0,0,0,0,0,1,0,0,66,0
0,0,2,14,0,0,0,0,0,0,0,0,2,0,11,0,4,0,0,0,0,37,0,6,0,21,0,0,6,0,0,0,0,44,0,0,99,0,0,0,0,0,0,0,0,1002,0,0,0,0,0,0,0,6,77,0,0,0,0,154,0,0,2,4,0,0,74,0,0,57,0,0,1,148,0,0,0,0,0,239,0,0,7,0,1015,1,1,0,0,50,0,22,7,0,0,16,0,0,0,0,0,19,1,0,0,0,0,115,0,0,0,0,0,71,0,0,0,7,32,0,0,0,0,1,76,83,0,0,0,0,50,0,0,0,0,0,26,3,0,0,1,0,0,1,0,0,2,15,0,0,2,0,0,0,0,0,0,0,0,92,0,0,0,0,0,0,0,0,1,0,0,0,0,0,0,0,0,997,318,0,0,0,0,0,16,0,19,0,0,0,0,320,0,1,0,0,0,5,0,0,0,0,0,105,0,7,2,0,3,0,0,0,0,0,30,1,0,0,0,0,1,0,0,0,0,69,0,0,100,0,0,0,0,139,0,0,0,1,0,1,0,0,0,0,1,1,0,0,0,0,0,0,0,0,0,50,2,0,0,0,2,0,0,2,0,2,0,0,0,155,0,96,112,0,0,0,0,0,0,3418,0,0,119,0,0,2,0,0,0,35,0,0,0,0,0,0,4,0,0,138,0
0,0,0,0,0,0,0,0,0,0,0,0,1,0,5,0,0,1,0,0,0,94,0,2,0,2166,0,0,5,1,102,0,0,238,0,0,26,116,0,1,0,0,0,73,0,331,0,0,0,0,2,0,0,0,8,1,0,0,0,13,3,0,0,0,0,0,98,0,0,0,106,0,0,0,0,109,0,0,0,273,0,12,183,0,0,1,0,0,0,43,0,6,0,0,0,0,0,0,34,0,0,3,0,13,0,0,0,145,0,20,0,0,0,145,0,0,0,0,271,0,0,0,0,0,139,0,0,0,0,0,13,0,0,0,0,0,2,0,0,0,1,0,0,0,264,0,23,0,0,0,15,90,0,0,0,6,0,0,0,72,0,0,0,0,0,0,0,0,0,0,0,0,25,0,0,0,0,120,375,1,0,0,0,0,48,0,0,0,0,0,0,110,2,0,0,0,0,0,0,0,0,0,0,13,0,2,0,0,1,1,0,0,0,0,42,1,0,92,66,0,0,23,0,0,0,0,0,0,91,18,434,0,0,128,0,0,0,0,0,4,0,0,0,0,1,0,0,0,0,0,29,0,0,0,69,1,1,0,13,146,0,0,0,1,100,0,0,0,0,1,0,0,14,0,0,0,0,0,34,2261,0,0,283,0,0,0,0,1,0,19,0,0,0,0,20,0,8,0,0,139,0
0,19,0,0,0,0,0,0,0,0,0,0,0,0,112,0,0,0,0,0,0,0,0,15,0,0,0,0,63,0,1166,0,0,305,0,0,323,772,0,0,0,0,0,509,0,0,0,0,3,0,0,493,0,0,0,0,0,0,0,0,0,0,0,0,0,0,0,0,0,0,0,0,0,0,0,18,0,0,0,7,0,0,0,0,0,5,0,0,0,0,0,0,1593,0,0,0,0,0,0,0,0,0,5,0,0,0,0,3126,0,0,0,0,0,0,0,0,0,42,0,0,0,0,0,0,114,0,0,0,0,0,0,0,0,0,0,86,145,0,0,0,51,0,0,4,0,0,0,0,0,0,18,0,0,0,0,0,0,0,0,0,0,0,0,0,0,0,0,0,0,0,0,0,0,0,0,0,0,0,0,0,0,0,0,0,0,0,0,0,0,0,0,0,15,0,0,16,0,26,0,0,0,0,0,3,9,0,0,0,0,25,0,0,0,0,0,0,0,0,0,0,0,0,0,0,0,0,0,0,650,0,0,3,0,78,0,0,0,0,0,17,0,0,0,0,5,0,0,0,0,0,0,0,0,0,0,7,0,0,0,0,0,0,0,0,0,0,0,0,0,0,0,0,0,0,3,0,0,0,0,0,0,0,6,0,0,21,0,0,0,4,0,0,0,0,0,0,56,0,0,62,0
0,0,0,0,0,0,0,0,0,0,0,0,9,1,1575,0,9,112,0,0,75,7,0,0,0,108,0,0,13,0,0,0,0,31,0,0,0,254,0,0,0,0,0,0,167,65,0,21,0,25,0,1,0,0,0,0,0,52,0,0,129,51,13,0,0,40,12,7,0,45,0,0,0,10,1003,795,0,0,0,876,0,0,0,0,0,0,0,1,67,185,0,1,2,479,0,1,0,0,23,0,0,0,0,0,0,0,1,17,291,40,0,1,0,1,0,0,0,350,8,0,0,0,20,2,44,0,51,98,0,0,0,75,0,0,0,0,0,0,0,0,0,0,0,0,0,0,0,0,0,1,0,0,7,0,0,0,0,0,0,85,0,0,0,287,0,0,0,0,0,0,0,0,1,0,0,5,0,11,1,0,0,0,0,0,0,0,0,0,0,1,0,40,0,0,0,1,0,0,0,465,0,0,0,0,0,218,0,0,0,55,0,0,0,0,0,0,2,0,0,0,0,0,0,0,0,0,0,10,4,0,100,0,0,40,0,0,0,0,0,0,0,0,0,0,0,0,0,0,0,0,1,0,0,0,0,47,332,0,0,0,6,0,0,0,0,0,0,0,0,15,0,0,203,1,38,0,0,0,1,4,0,0,653,0,0,0,0,7,13,0,0,0,0,0,15,0,22,0,0,46,0
0,0,0,0,0,26,0,1,0,0,3,0,3,98,21,0,0,18,24,0,11,23,0,0,24,479,0,1,7,0,0,0,0,0,0,0,6,150,8,0,0,0,0,39,0,167,61,0,0,14,2,0,0,0,0,0,0,11,0,0,22,14,0,0,0,37,334,0,29,0,2,0,0,71,0,108,0,0,0,187,0,0,0,0,41,0,0,1,36,278,0,0,1,787,0,0,3,0,13,0,0,0,0,19,7,0,0,19,26,26,0,20,0,105,0,0,0,0,110,0,0,0,1,9,38,1,0,76,0,124,0,104,0,0,0,0,0,0,0,0,0,0,0,0,135,0,0,0,0,0,37,1,0,0,0,3,0,0,114,65,0,0,0,0,0,1,0,0,0,0,0,12,1,0,0,0,0,38,473,0,0,0,0,0,0,0,0,1,0,0,0,346,4,0,226,0,0,0,0,0,0,0,0,1,0,0,0,0,1,3,0,0,0,0,17,0,78,0,9,3,0,0,0,0,0,0,0,0,82,3,140,0,0,663,0,0,0,0,0,0,0,15,0,0,0,0,0,0,0,0,4,5,0,0,2,0,3,0,0,0,0,0,5,1,1,0,0,0,0,2,0,146,417,0,0,0,1,2,5,2076,0,0,715,0,0,0,0,4,16,0,0,0,0,0,178,0,10,0,0,96,0
0,0,0,0,0,10,3,0,0,0,0,0,4,0,9,0,1,9,98,3,0,1,0,24,15,166,0,0,9,1,0,0,0,9,0,0,0,13,0,0,600,0,0,0,0,40,0,28,0,23,0,0,0,0,0,1,3,11,0,0,16,0,7,0,0,178,34,1,0,0,0,0,0,8,390,0,0,0,0,444,0,0,0,0,0,0,0,0,63,28,0,7,6,1223,43,0,1,0,0,1,0,1,0,0,0,0,0,253,43,14,0,0,0,1,0,0,0,0,5,0,0,0,0,2,2,0,0,99,1,0,0,1,0,0,0,0,14,0,0,1,0,0,2,1,0,0,1,0,1,1,1,0,0,0,0,0,0,1,0,0,0,0,0,0,0,0,1,4,0,0,1,0,2240,0,0,0,0,0,0,1,0,0,0,0,4,4,0,0,0,0,20,1,1,1,0,0,0,0,0,7,0,33,0,0,0,1,0,0,0,20,4,0,23,0,16,0,65,0,4,0,0,0,0,0,0,81,0,0,0,0,0,0,0,692,0,0,4,1,0,0,0,0,0,0,0,0,0,0,0,0,0,0,20,24,0,1,1,0,5,23,2,0,0,1,0,0,0,0,0,186,0,2,107,0,0,0,0,0,6,2230,0,0,76,1,0,0,0,1,0,14,0,0,0,0,0,0,1,0,0,104,0
6,0,0,0,0,0,1,0,0,0,0,0,0,0,58,0,83,0,0,0,0,0,0,0,0,2306,0,0,112,108,0,0,0,0,23,0,11,0,2,0,0,0,0,0,0,0,0,0,7,0,0,0,0,0,0,0,0,0,0,0,0,0,0,0,0,0,0,0,0,0,0,0,0,0,0,0,2,0,0,0,0,0,40,0,0,11,0,0,0,0,2,0,7,0,0,2,0,0,0,0,0,0,0,0,9,0,0,263,0,0,0,0,0,0,0,0,0,0,0,1,0,0,0,0,124,0,0,0,0,0,0,290,0,6,0,31,4,0,0,0,70,0,0,0,0,5,0,0,0,2,10,0,0,0,1,0,0,0,0,0,0,0,0,1,0,0,0,0,0,0,13,0,69,0,0,0,0,239,0,0,0,0,0,0,0,0,0,0,0,7,0,0,0,0,0,0,0,0,1,0,0,0,0,0,0,0,0,0,1,49,0,0,0,15,0,0,0,0,231,0,2,0,0,0,0,0,0,0,154,0,12,0,3,0,0,0,0,0,3,0,0,0,0,0,0,1,0,1,0,0,0,0,18,0,14,460,0,0,0,0,0,0,0,0,0,0,0,0,0,46,0,0,1103,0,0,0,0,0,9,3408,0,0,177,0,0,0,1,0,0,17,0,0,0,0,151,0,15,0,0,183,0
0,0,0,0,52,0,0,0,0,0,0,0,0,0,49,0,0,0,1,0,107,0,0,0,0,2800,0,0,0,37,0,0,0,0,0,0,0,225,0,0,0,0,0,0,0,0,0,0,0,0,12,0,0,0,0,0,0,0,0,0,0,0,0,0,0,0,0,0,107,0,28,2,0,0,0,2,0,0,0,0,0,0,0,0,0,0,0,0,0,112,0,1,0,0,0,0,0,0,0,0,0,0,0,0,0,0,0,0,0,45,0,0,0,0,0,0,0,0,500,0,0,0,0,2,0,0,0,0,0,0,21,15,0,0,0,0,4,0,0,0,0,0,0,0,0,0,0,27,0,0,0,73,0,1,1,0,0,4,0,0,0,0,0,0,0,0,0,0,0,23,0,0,15,0,0,0,0,0,0,0,0,0,0,0,0,0,0,9,0,0,0,0,0,0,0,0,0,0,0,0,0,0,0,4,0,0,0,0,0,1,0,0,12,5,0,0,0,27,0,0,0,90,0,0,1,0,118,0,236,0,0,1,0,0,0,0,0,0,0,0,6,0,0,0,0,0,0,0,0,0,0,0,0,0,0,0,0,0,15,0,0,0,0,0,0,0,0,0,0,0,187,0,41,0,0,0,0,0,0,4804,0,0,0,0,0,0,0,0,0,179,0,0,0,1,0,0,0,0,0,0,0
0,4,0,0,0,22,4,15,1,1,2,0,4,15,80,0,0,14,0,0,83,7,0,58,0,64,0,0,3,2,0,0,0,8,0,0,1,110,0,0,0,0,0,0,0,1,1,12,0,0,1,0,0,7,8,0,0,20,0,1,94,69,8,2,0,33,81,35,12,10,5,0,6,136,0,0,0,4,0,333,0,35,1,0,17,37,127,0,124,233,1,4,1,1717,0,1,0,0,13,0,0,0,0,0,60,0,31,18,0,0,0,2,0,278,0,1,0,13,45,4,0,0,0,10,11,0,0,0,0,0,0,1,0,1,0,1,36,0,0,0,0,0,0,2,0,0,23,0,0,1,20,1,0,0,1,0,39,0,0,45,0,0,0,0,69,0,8,5,0,0,3,0,1,0,0,0,0,48,9,0,0,0,0,0,2,0,0,0,0,0,0,263,2,4,0,1,0,1,0,0,0,0,0,23,0,81,0,4,1,5,0,0,0,0,4,1,37,2,647,0,52,2,0,0,1,0,2,0,98,0,236,0,0,527,0,0,3,0,1,6,0,0,0,0,5,0,0,0,0,0,4,0,12,0,10,3,18,0,0,0,1,0,0,1,1,0,0,0,14,16,1,0,299,0,1,0,62,0,0,2629,0,0,92,0,0,3,0,0,0,95,0,0,0,0,102,3,41,0,0,113,0
0,3,0,0,0,34,1,0,0,0,0,0,0,5,51,0,0,23,0,0,7,0,4,58,0,285,20,0,5,0,179,0,0,82,0,0,2,0,0,0,0,0,0,32,0,0,0,57,0,27,0,0,0,20,0,0,0,12,0,0,105,0,6,1,20,21,65,0,0,8,0,0,0,4,0,0,0,0,0,77,0,0,0,0,3,0,0,2,45,121,0,0,1,1349,0,44,0,0,0,0,0,0,0,0,0,0,1,158,0,57,0,0,0,0,0,1,0,16,69,1,0,0,0,0,0,0,1,0,1,0,0,4,0,1,0,4,239,0,0,0,0,0,0,0,0,0,0,0,0,0,11,12,49,0,1,0,0,0,0,43,0,0,0,1,0,0,0,0,0,0,0,0,2,0,0,0,0,2,375,0,0,0,0,2,13,0,0,0,0,0,0,132,0,0,0,12,0,1,1,0,0,0,0,0,86,5,7,1,0,3,0,0,0,0,2,0,20,13,171,1,15,55,0,0,0,0,0,1,0,0,7,1,0,102,0,0,2,0,1,20,0,0,0,0,0,22,0,0,0,0,1,4,5,0,0,3,1,0,9,0,0,0,0,0,16,0,0,0,15,3,2,0,2022,3,0,0,0,1,0,2815,0,0,434,0,0,0,13,0,0,9,0,0,0,0,30,0,5,0,0,74,20
0,0,0,0,0,0,16,93,0,0,3,0,0,753,32,0,0,0,0,0,87,0,0,0,0,1229,0,0,40,0,193,0,0,36,0,3,8,138,0,0,0,0,0,54,0,34,0,0,0,0,0,0,0,0,0,0,0,2,0,131,0,30,1,0,3,0,16,0,0,0,13,0,0,0,0,0,0,0,0,11,0,0,1,0,947,0,0,1,0,34,0,46,34,0,0,0,0,0,2,0,0,0,0,0,1,0,183,323,0,0,0,327,0,0,0,0,0,0,31,0,0,0,0,1,155,0,0,0,0,0,2,73,0,0,0,0,198,1,0,0,0,1,0,0,0,0,0,0,0,0,1,12,0,0,0,0,0,0,0,2,0,0,0,0,0,0,0,0,0,0,0,0,150,0,0,0,0,104,261,0,0,0,0,2,5,0,1,0,0,0,0,69,2,0,0,12,0,0,0,0,0,0,0,0,0,0,0,0,0,4,0,0,0,0,3,0,57,24,50,0,42,0,0,0,0,50,63,0,45,0,53,0,0,98,17,0,0,0,0,0,0,0,0,0,0,0,0,0,0,0,308,2,0,0,0,0,0,0,10,22,0,15,0,2,0,0,0,33,68,473,25,1,333,0,0,0,0,0,2,2096,0,0,58,0,0,0,0,0,1,33,0,0,0,0,24,0,0,4,0,39,44
0,2,0,0,0,0,0,0,0,0,0,0,0,0,2,0,0,1,2,0,0,42,0,8,0,262,0,0,5,3,15,0,0,104,0,0,62,0,0,0,0,0,0,0,0,670,0,0,0,0,0,0,2,10,0,0,0,0,0,0,0,0,0,0,0,0,38,0,0,0,24,0,3,0,0,0,0,0,0,243,0,0,0,0,0,2,5,0,0,5,0,0,0,0,0,0,0,0,0,0,0,22,0,0,25,0,0,976,0,0,0,0,0,47,0,0,0,0,311,1,0,0,0,0,51,0,0,0,0,0,0,706,0,7,0,0,1,0,0,0,1,0,0,0,0,0,10,0,0,0,37,0,0,13,0,0,0,0,0,176,0,0,0,0,0,0,0,0,0,0,0,0,0,0,0,0,5,0,104,15,0,0,0,0,0,0,0,0,0,0,0,0,2,2,565,0,0,0,0,0,0,0,0,3,0,4,39,0,1,5,7,0,0,0,0,0,23,0,21,0,0,0,0,0,0,0,0,0,78,0,463,0,0,2,0,0,0,0,0,94,0,0,317,0,0,0,0,0,0,0,0,3,0,0,0,0,2,0,0,18,17,0,0,4,0,0,0,0,0,10,0,71,105,0,0,0,0,0,2,3265,0,0,756,0,0,0,0,0,0,13,0,0,0,0,11,0,1,0,0,83,0
0,0,57,0,0,19,0,0,0,0,0,0,3,0,50,0,0,0,0,1,0,71,0,22,0,296,0,0,2,5,0,0,0,4,0,0,1,9,0,1,0,0,0,0,0,31,0,0,0,155,0,0,0,0,0,0,0,17,0,0,45,0,14,0,0,0,0,0,2,0,0,0,0,1,0,0,0,0,0,201,0,0,0,0,0,0,0,0,164,0,0,0,1,1979,0,60,2,0,0,0,0,87,0,0,0,0,0,12,0,0,0,0,0,0,0,0,0,0,79,0,0,0,0,2,25,0,0,108,0,0,0,0,0,1,0,0,64,1,0,0,0,0,0,0,0,0,0,0,0,0,0,0,0,0,1,0,0,0,0,125,0,0,0,0,0,0,0,0,0,0,0,0,0,0,0,0,0,0,0,0,0,0,0,0,7,0,0,0,0,0,0,25,1,0,0,0,0,0,0,0,0,0,0,0,0,2,0,1,0,1,0,0,0,0,0,0,0,0,1,0,0,0,0,0,0,0,0,0,0,0,0,0,0,396,0,0,0,0,0,1,0,1,0,0,0,0,0,0,0,0,0,2,0,2,0,0,0,0,8,0,0,0,6,3,1,0,0,0,0,4897,0,0,229,0,0,0,0,0,4,199,0,4,414,0,0,1,0,0,13,0,0,0,0,0,10,0,7,0,0,50,0
0,0,0,0,0,14,0,0,0,3,8,0,3,17,36,0,0,35,21,0,0,5,0,433,11,941,0,0,0,2,48,0,0,1,0,0,1,132,0,0,0,25,0,7,0,3,0,35,0,0,0,0,0,17,0,12,0,0,0,84,161,0,0,0,0,12,314,0,10,288,4,0,2,8,8,3,1,13,0,529,0,104,44,0,7,0,0,0,0,15,0,32,0,520,0,0,0,0,5,0,0,0,0,18,35,0,6,435,0,42,0,0,0,56,0,0,0,23,25,0,0,0,0,0,1,0,0,562,0,145,0,1,0,0,0,0,0,0,0,0,0,0,0,0,30,0,0,1,0,0,0,0,0,22,1,0,0,0,0,32,0,1,0,1882,0,0,0,0,0,0,8,0,0,0,0,0,7,146,848,0,0,0,0,0,2,0,0,0,0,4,0,19,0,0,0,0,79,0,0,0,0,0,0,0,216,0,0,0,0,0,0,0,0,0,5,15,45,85,1,0,265,62,0,0,0,0,0,0,34,33,32,1,0,169,0,0,2,0,0,0,1,0,0,0,3,0,0,0,0,40,0,0,3,0,21,0,0,13,11,0,0,0,0,0,1,0,0,0,5,6,0,0,15,0,0,0,0,1,3,383,0,0,38,0,0,0,0,0,58,4,0,0,0,0,7,0,1,0,0,19,0
0,0,0,0,0,0,0,7,0,0,5,0,0,171,64,0,0,0,0,0,69,28,0,1,0,40,0,0,36,3,230,86,0,197,0,0,2,58,3,0,0,0,0,0,0,0,0,2,0,0,0,0,0,0,0,0,0,0,0,36,0,0,0,0,0,0,43,0,10,0,0,0,0,0,0,0,0,2,0,74,0,0,282,0,0,8,7,0,0,71,0,5,44,0,0,22,0,0,91,0,0,0,0,0,0,0,0,450,0,0,0,0,0,142,1,3,0,0,71,0,0,0,0,26,48,0,0,0,0,0,0,376,0,2,0,0,38,0,0,0,37,0,0,0,0,0,12,0,0,11,32,0,80,2,2,0,0,0,540,0,0,0,0,0,0,0,0,0,0,0,3,0,0,0,0,0,0,189,29,0,0,0,7,1,1,0,0,0,0,0,0,93,1,2,0,0,0,0,0,0,0,0,0,1,0,29,0,0,7,0,0,0,0,0,3,0,163,27,444,0,139,65,0,0,0,0,0,0,90,0,147,0,0,689,0,0,2,0,0,14,0,0,0,0,8,17,0,0,0,0,0,0,12,0,14,5,17,0,3,0,3,0,0,2,0,0,0,0,137,302,0,0,592,0,17,0,0,0,4,2361,0,0,524,0,0,0,0,0,199,17,0,0,0,0,16,0,7,0,0,27,0
0,0,0,0,0,16,0,0,1,7,0,0,2,0,25,0,0,0,21,0,2,1,0,0,15,1903,0,0,0,0,81,0,1,99,0,0,0,3,0,0,0,0,0,7,99,24,0,39,0,32,0,0,0,12,0,0,0,9,0,0,25,0,0,0,0,32,14,0,57,16,1,0,0,1,575,0,0,6,0,52,0,0,31,0,0,0,0,0,0,88,0,0,5,998,0,0,0,0,39,0,0,0,0,4,6,0,1,6,0,0,202,0,0,25,0,0,0,42,8,0,0,0,0,0,394,0,1,0,0,196,0,1,6,0,0,26,0,0,0,0,28,0,0,1,0,0,1,1,0,0,1,0,0,16,0,0,0,0,0,56,0,0,0,133,0,0,1,0,0,0,1,0,0,0,0,0,0,18,5,3,0,1,2,0,1,0,0,0,0,0,17,86,0,2,22,0,0,0,0,0,0,0,0,0,0,11,0,0,0,0,0,0,0,0,0,0,87,4,0,0,0,12,0,0,0,0,0,0,81,0,124,0,0,1048,0,0,2,0,0,0,2,0,203,0,0,0,0,0,0,0,0,1,9,0,11,151,12,0,0,0,5,0,0,1,0,0,0,0,5,12,0,0,397,0,0,0,0,0,3,1728,1,0,134,0,0,0,0,0,9,5,0,0,1,0,218,0,15,59,0,0,0
0,0,0,0,0,0,59,37,0,0,0,0,0,0,139,0,0,0,0,0,0,0,0,0,0,1042,0,0,133,0,241,0,0,293,0,0,0,202,0,2,0,0,0,0,0,553,0,0,0,0,0,0,0,0,0,0,0,1,0,0,5,0,0,0,0,0,0,57,11,89,153,0,0,0,0,0,0,0,0,0,0,0,0,0,44,0,949,0,6,0,0,34,69,0,0,0,0,0,0,0,0,8,0,0,0,0,0,112,0,0,0,0,0,6,0,2,0,0,0,8,1,0,1,20,0,0,0,0,0,0,0,0,0,0,0,0,51,1,1,0,0,0,0,0,0,0,0,0,0,0,0,0,0,45,0,58,0,2,0,67,0,0,0,0,0,0,0,0,0,0,0,0,0,0,0,0,0,61,0,0,0,0,10,0,0,8,0,0,0,0,0,108,1,11,0,0,23,0,0,0,0,8,0,0,605,173,0,0,0,0,0,0,0,0,0,0,73,0,0,0,428,0,0,0,0,0,0,0,11,0,290,0,0,524,0,0,0,0,0,0,0,0,0,0,0,0,0,14,0,0,265,0,0,1,0,16,0,0,0,0,1,0,0,0,0,0,0,0,0,0,70,0,482,0,9,0,0,0,0,1449,0,0,0,0,0,0,0,0,0,0,0,0,0,100,92,0,47,0,0,617,0
1,0,0,0,3,0,1,0,0,0,0,0,0,0,10,0,0,0,0,0,53,32,0,4,0,1888,0,0,4,7,239,14,0,156,0,89,378,8,0,0,0,0,0,53,0,173,0,0,0,0,0,0,0,0,153,0,0,0,0,0,0,0,0,0,0,0,111,16,7,67,0,0,0,0,0,0,0,0,0,0,0,0,11,0,0,0,25,0,0,13,0,28,0,0,0,0,0,0,54,0,0,0,0,9,21,0,49,116,0,0,0,0,0,69,0,0,0,0,143,0,0,0,0,0,320,0,0,0,0,87,0,4,0,0,0,0,10,0,0,0,0,0,0,0,4,2,3,0,0,0,1,0,0,0,0,0,0,0,14,0,0,0,0,0,0,0,0,0,0,6,14,0,0,0,4,0,0,0,524,0,0,0,0,0,10,0,0,0,0,0,0,45,1,0,82,0,0,0,0,0,0,0,0,368,0,1,2,0,0,3,0,30,0,0,0,1,135,0,0,0,250,35,0,0,0,9,0,0,0,0,190,0,0,494,0,0,0,0,0,1,0,0,0,0,1,0,0,0,0,0,0,0,0,0,0,5,0,3,0,86,0,0,0,1,0,0,0,0,42,7,0,0,177,0,0,0,0,0,32,2131,0,0,444,0,0,0,0,2,84,30,0,0,0,0,142,0,0,0,0,162,0
0,0,0,0,0,0,0,10,0,0,0,0,6,53,382,0,1,10,0,0,0,0,0,0,0,727,0,3,0,0,0,0,0,3,0,18,3,8,2,0,0,0,0,0,23,1,0,0,0,0,0,0,0,0,10,0,0,20,0,1,0,0,6,0,0,0,19,0,0,128,2,0,0,0,1,225,0,0,0,354,0,0,0,0,0,0,0,0,112,68,97,0,1,759,0,0,3,50,4,0,0,5,0,0,0,0,0,1,39,0,0,79,0,10,0,0,0,57,22,0,0,0,1,7,5,0,0,0,0,40,41,2,0,0,0,0,2113,0,0,0,0,3,0,0,0,0,0,0,0,0,0,9,0,0,0,0,0,0,43,0,0,0,0,0,0,0,0,0,0,2,0,0,0,0,0,0,0,96,0,0,0,0,0,0,0,0,0,0,0,0,0,23,0,0,0,2,4,2,0,0,0,0,0,0,372,0,0,0,3,0,0,0,0,7,0,0,28,0,0,0,50,0,0,0,0,1,390,0,54,0,0,0,0,248,0,0,0,0,0,0,0,0,0,0,0,0,0,0,0,0,577,0,0,0,0,0,1,0,1,0,0,0,0,0,0,0,0,224,0,945,8,0,296,0,0,0,0,0,1,957,0,2,70,0,0,0,0,0,0,15,0,0,0,0,18,0,7,0,1,11,0
0,0,0,0,0,0,0,0,0,0,0,0,2,0,0,0,0,14,0,0,0,96,0,14,0,84,0,0,7,1,0,0,0,0,0,0,0,0,0,0,0,0,0,0,0,0,0,0,0,12,0,0,0,0,0,0,4,19,0,0,0,0,3,0,0,186,47,4,3,0,0,0,0,67,0,57,0,0,0,1042,0,0,0,0,178,0,0,0,33,0,125,1,1,1286,0,1,0,0,0,0,0,0,0,25,16,0,0,1,105,42,0,0,0,690,0,1,0,10,0,0,0,0,0,0,0,0,0,0,0,0,0,0,0,1,0,0,0,0,0,0,0,0,0,0,0,0,0,0,0,0,35,0,0,0,0,0,0,0,33,153,0,0,0,0,0,0,0,0,0,0,0,16,0,1,0,0,0,109,133,0,0,0,0,0,0,0,0,0,0,0,0,0,1,1,0,12,0,0,0,0,0,0,0,614,0,0,0,0,0,1,0,0,0,0,58,0,0,0,0,0,0,0,0,0,1,20,0,0,0,0,0,0,0,416,0,0,0,0,0,24,0,0,0,0,0,0,0,3,0,0,227,0,0,0,0,3,0,0,0,45,0,0,0,0,1,0,0,0,0,1,0,0,117,0,0,0,0,0,0,3792,0,0,0,0,0,0,0,0,8,0,0,0,0,0,0,0,0,0,0,0,0
0,0,0,0,0,0,0,0,0,0,0,0,37,0,65,0,0,0,0,0,0,0,0,0,0,1,0,0,0,2,410,0,0,0,0,0,0,0,0,0,0,0,0,0,0,0,0,0,0,0,0,0,0,0,14,0,0,36,0,7,69,0,6,0,0,357,27,0,0,88,21,0,0,7,175,1,0,0,0,951,0,0,0,0,0,0,0,0,53,0,0,0,1,1720,0,0,3,0,0,0,0,1,0,0,0,0,0,126,407,39,0,0,46,0,0,0,0,0,0,0,0,0,0,0,0,0,0,0,0,62,0,1,0,0,0,0,0,0,0,0,0,0,8,0,0,0,11,0,0,0,0,0,0,0,0,0,0,0,0,1,0,0,0,912,1,0,0,0,0,0,6,0,0,0,0,0,0,0,0,0,0,0,0,2,0,0,0,0,0,0,0,101,0,1,0,0,0,0,0,0,0,0,0,0,0,0,0,0,1,0,0,0,0,0,0,0,61,12,0,0,0,0,0,0,0,0,0,0,356,0,0,0,0,9,0,0,0,1,0,0,0,0,0,0,0,0,0,0,0,0,0,0,15,0,10,0,5,0,0,0,0,0,0,0,1,0,0,0,0,218,0,0,10,0,0,0,0,0,0,3385,0,0,109,0,0,0,0,0,0,0,0,0,0,0,32,0,4,0,0,0,0
0,0,2,0,0,0,0,0,0,0,0,0,5,115,4,0,0,70,0,0,0,11,0,0,0,191,0,0,0,0,0,0,0,26,0,0,0,0,0,0,0,0,0,0,0,0,0,0,0,15,0,0,0,25,84,0,0,17,0,0,40,0,4,0,0,92,178,0,0,128,0,0,0,0,3,0,0,3,0,2032,0,0,0,0,0,0,0,0,99,0,0,0,1,667,0,0,16,0,0,0,0,3,0,0,91,0,0,639,0,54,0,0,38,0,0,0,0,114,38,0,0,0,0,0,0,0,13,61,0,0,0,0,0,0,0,0,0,0,0,0,0,0,0,0,0,0,0,0,0,0,20,0,0,0,0,0,0,0,0,0,0,0,0,0,0,0,0,0,0,0,0,0,0,0,0,0,0,0,0,0,0,0,0,0,0,0,6,0,0,0,0,0,0,0,0,0,0,0,0,0,0,0,0,0,0,28,0,0,0,0,0,39,0,0,0,0,422,0,354,0,0,0,0,0,0,45,0,0,0,0,0,0,0,220,0,0,0,1,0,77,0,0,0,0,0,0,0,0,0,0,197,0,0,0,0,10,17,0,0,7,0,0,0,0,0,0,0,0,2,1,0,0,57,0,0,0,42,0,0,3075,0,0,356,0,0,0,1,0,0,65,0,0,0,0,0,0,2,0,0,79,0
0,0,10,0,0,0,0,0,0,0,0,0,0,0,0,2,0,0,0,0,0,8,0,0,0,269,0,0,3,0,0,0,0,10,0,0,0,0,0,0,0,0,0,0,0,0,0,0,0,0,0,0,0,0,0,0,0,15,2,150,76,0,4,0,0,26,93,0,0,156,0,0,0,0,5,0,0,0,0,1537,0,0,0,0,0,0,0,0,75,0,0,6,0,1070,0,0,10,178,0,0,0,0,63,0,0,0,0,123,0,10,0,0,0,0,0,0,0,0,153,0,0,0,10,0,0,0,54,0,0,0,0,0,0,0,624,0,0,2,0,0,0,0,0,0,0,0,0,12,0,0,0,0,1,1,0,0,40,0,0,0,0,0,0,0,0,0,0,0,0,0,0,0,0,0,0,0,0,0,0,0,0,0,0,0,0,0,0,0,0,0,0,0,0,5,0,0,0,0,0,0,0,0,0,0,0,5,0,0,0,0,0,0,0,0,0,0,68,0,254,0,158,0,0,0,0,0,0,0,0,0,0,0,0,205,0,0,0,0,0,3,0,0,0,0,0,3,0,0,0,0,0,0,0,0,0,0,2,0,0,0,7,0,0,3,0,0,0,0,0,137,139,0,104,0,0,0,1000,0,0,2234,0,37,640,0,0,0,0,0,0,0,0,0,0,0,33,0,146,0,1,15,0
0,0,0,0,0,0,0,17,8,0,0,0,11,0,35,0,1,12,0,0,0,0,0,0,83,416,0,2,5,1,0,0,0,41,0,0,1,0,0,0,0,0,0,0,0,57,0,0,0,0,0,0,0,0,0,0,0,42,0,0,64,0,33,0,0,311,42,4,0,181,2,0,0,9,835,243,0,0,0,595,0,0,0,0,7,0,0,0,46,0,0,1,1,1498,0,0,6,0,0,1,0,6,0,16,0,0,57,549,0,0,0,0,0,25,0,0,0,0,39,1,18,0,0,0,41,0,0,0,0,215,0,0,0,0,0,0,111,0,0,0,0,5,0,0,0,0,0,10,0,1,7,1,0,0,1,0,0,0,48,0,0,0,0,1,71,0,0,5,0,2,0,0,0,0,0,0,0,28,0,40,0,0,0,0,0,0,2,0,24,0,0,135,1,3,0,1,0,0,0,0,0,0,0,1,0,41,0,0,1,1,1,0,0,0,0,0,0,47,0,0,1,0,0,0,0,0,0,0,33,0,100,0,0,299,23,0,0,0,0,3,0,0,1,0,1,0,0,1,0,0,151,0,0,1,0,39,3,0,26,4,0,0,0,0,0,0,0,0,0,22,25,15,35,0,1,0,0,2,0,2862,0,0,33,0,0,0,0,0,0,35,0,0,0,0,0,0,4,0,0,121,0
0,0,0,0,82,0,0,0,0,0,0,0,0,0,262,0,0,1,0,0,312,56,0,8,0,0,0,0,67,33,258,0,0,160,7,0,5,400,0,0,0,2,0,112,0,0,0,0,0,0,228,25,0,0,12,0,0,6,8,0,0,0,0,0,0,0,0,92,0,0,0,0,0,50,0,165,0,0,0,29,0,0,425,0,0,0,0,0,0,21,0,145,0,0,74,14,36,0,0,0,0,0,0,0,0,0,49,0,169,36,0,0,0,61,0,0,0,0,466,4,0,0,0,0,12,0,0,0,0,0,0,712,38,0,0,0,855,0,0,0,26,0,0,0,618,0,0,0,0,23,0,0,0,0,0,0,0,0,0,223,0,0,0,4,0,0,0,6,0,0,24,2,0,0,0,0,0,0,0,0,0,0,0,0,0,13,0,0,0,0,0,178,0,0,0,0,0,0,0,0,0,0,0,683,0,29,0,0,0,10,172,295,0,57,0,0,78,80,108,0,0,0,0,0,0,0,0,0,34,0,0,0,0,262,0,0,0,0,0,0,0,0,0,228,0,76,0,0,0,0,0,0,107,0,19,0,0,0,0,0,0,0,0,27,0,0,0,0,49,0,0,0,0,0,0,0,0,0,12,0,0,0,763,0,0,0,0,4,0,282,0,0,0,0,2,0,10,0,0,0,0
0,0,0,0,0,0,0,0,0,0,0,0,0,0,0,0,0,0,0,0,0,28,0,8,0,3041,0,0,30,53,559,0,0,42,0,0,36,0,0,0,0,0,0,68,0,33,0,0,0,0,0,0,0,0,0,0,0,0,0,0,0,0,0,0,0,0,0,0,4,308,0,0,0,0,0,0,0,0,0,0,0,0,27,0,253,4,72,0,0,0,0,0,63,0,0,0,0,0,8,0,0,0,0,0,0,29,0,291,0,0,0,0,10,0,1,0,0,0,101,0,0,0,0,64,180,0,0,0,0,0,11,52,0,0,0,1,76,2,0,0,12,0,0,0,0,0,0,2,0,0,15,0,0,21,0,0,0,0,0,33,0,0,0,0,0,0,0,0,0,0,0,0,0,0,0,0,0,0,181,10,0,0,0,0,3,0,0,0,0,0,0,79,0,0,0,0,0,0,0,0,0,0,0,0,0,58,3,0,0,16,0,0,0,0,11,0,0,0,0,0,38,73,0,0,0,0,0,0,38,0,0,0,0,778,0,0,0,0,0,38,0,0,0,0,4,0,0,0,0,0,0,0,0,0,0,6,0,0,0,8,0,0,0,1,0,0,0,0,0,248,0,0,1007,0,0,0,0,0,0,1444,1,0,97,0,0,0,0,0,0,0,0,177,0,0,8,0,12,0,0,125,0
0,0,0,0,0,0,1,0,0,0,0,0,0,277,0,0,0,0,0,0,0,37,0,0,0,3285,0,0,0,18,0,0,0,128,0,0,0,202,0,1,0,0,118,95,0,158,0,2,0,0,11,0,0,0,0,0,0,0,0,26,0,0,0,15,0,0,50,0,0,0,0,0,0,0,0,11,0,0,0,1,0,0,16,0,0,0,0,720,0,0,0,0,0,0,0,0,1,0,0,0,0,84,0,0,0,0,0,1748,37,17,0,0,0,0,0,0,0,0,0,0,0,0,0,0,276,0,0,0,0,0,0,5,0,0,0,0,0,0,0,0,233,0,0,0,0,0,0,0,0,0,0,0,0,0,106,0,0,0,0,0,0,0,0,1,0,0,0,0,0,0,1,0,0,0,0,0,0,0,471,0,0,0,5,0,4,0,0,0,0,0,0,148,0,0,0,0,0,0,0,0,0,0,0,36,0,0,0,0,0,6,0,0,0,0,0,0,63,0,0,0,0,0,0,0,0,0,0,0,0,0,0,0,0,226,0,0,0,0,0,0,0,0,0,0,0,0,100,0,0,0,0,0,5,0,0,0,0,0,0,0,0,0,0,8,1,0,0,0,21,601,0,8,44,1,0,1,0,0,10,5,0,0,511,0,0,15,32,0,0,0,0,0,0,0,0,0,0,0,0,0,0
0,0,0,0,0,0,0,1,0,0,0,0,5,1,0,0,0,0,0,0,0,1,0,426,0,1223,0,0,85,4,46,0,0,16,0,0,1,3,0,0,0,0,31,6,0,251,0,0,23,0,0,0,0,0,0,0,0,30,0,0,18,0,6,0,19,11,306,1,228,493,0,0,0,5,0,437,0,0,0,903,0,0,0,0,1,0,2,0,116,145,0,0,1,1857,0,0,0,0,0,0,0,0,0,0,0,0,0,86,333,0,0,0,0,2,0,4,0,0,1,9,0,0,0,0,6,0,0,0,0,0,0,1,0,1,0,0,0,0,0,0,0,0,0,0,91,0,25,0,0,0,7,0,0,39,0,0,0,0,23,41,0,0,0,0,0,0,0,0,0,0,0,0,0,0,0,0,0,6,222,0,0,0,0,0,19,0,0,0,0,0,0,31,6,0,0,0,0,0,0,0,0,0,0,0,0,0,0,0,3,85,0,0,0,0,1,0,124,0,0,0,0,0,0,0,0,17,0,0,0,0,15,0,0,1434,0,0,0,0,0,0,0,0,0,0,0,0,0,0,0,0,0,0,0,0,0,8,4,0,0,8,0,0,0,2,0,0,0,0,0,15,0,0,172,0,3,0,0,0,0,372,0,0,13,0,0,0,0,1,0,0,0,0,0,0,0,0,15,0,0,56,0
7,0,0,0,0,0,0,0,0,0,0,0,0,0,44,0,135,0,0,0,0,0,0,0,0,1049,0,0,5,95,260,0,0,118,0,0,0,0,0,0,0,0,0,0,0,0,0,0,0,0,2,0,0,0,63,0,0,0,0,0,0,0,0,0,0,0,40,0,0,327,25,0,0,0,0,0,0,0,0,0,0,0,0,0,0,23,14,0,0,0,0,15,0,0,0,0,0,0,0,0,0,17,0,0,0,0,0,1300,0,0,0,0,0,248,0,5,0,0,374,0,0,0,0,0,475,0,0,0,0,0,12,0,0,0,0,0,35,0,0,0,97,0,0,0,0,0,4,0,0,0,6,0,0,0,1,0,0,0,0,0,0,0,0,0,0,0,0,0,0,2,0,0,0,0,0,0,0,0,685,0,0,0,0,0,0,0,0,0,0,0,0,0,1,0,0,0,0,0,0,0,0,0,0,0,0,12,3,57,0,1,65,0,44,0,0,0,0,6,3,0,0,0,0,15,0,0,0,0,274,0,0,0,0,353,0,0,0,0,0,14,0,0,0,0,6,0,0,0,0,0,0,0,0,0,0,19,27,0,0,0,0,0,0,0,0,0,17,0,150,126,0,0,1168,0,2,0,0,0,0,1969,0,49,13,0,14,0,0,0,2,13,0,0,0,1,62,0,0,0,0,32,0
0,0,0,0,0,0,0,0,0,0,0,0,0,0,39,0,0,0,0,0,0,0,0,0,0,8806,0,0,26,0,0,0,0,0,0,5,0,0,0,0,0,0,0,0,0,0,0,0,0,0,0,0,0,0,0,0,0,0,0,0,0,0,0,0,0,0,0,0,3,86,0,0,0,0,0,0,0,0,0,0,0,4,0,0,0,1,0,0,0,0,2,0,0,0,0,0,0,0,0,0,0,7,0,0,0,0,0,0,0,0,0,0,0,0,0,0,0,0,0,1,0,0,0,0,0,0,0,0,0,0,0,0,0,0,0,0,0,0,0,0,0,0,0,0,0,0,0,0,0,0,0,0,0,0,5,0,1,0,0,0,0,0,0,0,0,1,0,0,0,2,0,0,1,0,0,0,0,0,0,0,0,0,0,0,0,0,0,0,0,0,0,0,0,0,0,0,0,0,0,0,0,0,0,0,0,0,0,0,1,4,0,0,0,0,0,4,0,0,0,0,0,0,0,0,0,0,0,0,0,0,0,0,0,531,0,0,0,0,0,1,0,0,0,0,0,0,0,0,0,0,0,0,0,0,0,0,0,0,0,0,0,0,0,0,0,0,0,0,0,3,0,0,61,0,0,0,0,0,0,0,0,0,0,0,0,0,0,0,0,0,0,0,0,0,0,0,0,0,0,405,0
0,0,0,0,0,45,0,1,0,0,0,0,3,0,118,1,0,16,0,0,7,2,0,0,13,0,0,0,34,28,1,0,0,1,0,6,1,41,0,0,0,0,0,0,26,187,31,0,0,0,0,0,0,11,33,0,8,22,0,1,24,8,7,0,0,5,3,0,7,109,1,4,12,1,0,211,0,0,0,106,0,0,0,0,1,0,0,0,54,203,0,8,12,1047,4,0,0,0,1,0,0,3,4,2,0,3,0,4,30,25,0,1,0,4,0,0,1,9,1,2,0,0,1,13,24,0,4,0,0,38,0,3,0,0,134,0,13,0,0,0,10,1,1,1,0,0,1,1,0,1,8,1,0,0,1,0,28,0,1,0,0,0,0,0,0,0,0,3,0,0,1,0,3243,0,6,0,0,27,0,0,0,0,0,0,2,0,0,4,0,0,0,66,1,0,1,0,0,1,1,0,4,0,0,0,431,2,3,0,1,11,0,0,0,1,1,1,2,0,1,5,1,0,0,0,0,0,51,0,2,0,13,1,0,213,0,0,0,26,0,0,0,1,0,0,1,0,0,0,0,0,11,1,4,0,8,8,3,0,1,4,0,0,3,1,0,1,0,0,0,9,0,11,519,0,0,0,0,1,1,1495,0,0,68,1,678,0,0,0,1,24,0,10,0,0,150,0,29,0,0,10,0
0,0,0,0,0,0,0,0,0,0,11,0,0,0,0,0,0,0,0,0,0,68,0,328,0,1042,0,0,0,0,0,0,0,0,0,0,0,83,0,0,0,0,0,0,0,0,0,0,0,0,0,0,0,15,0,5,2,15,1,40,122,0,0,0,0,25,315,4,0,0,0,0,0,0,0,177,0,0,0,1960,0,65,0,0,0,0,0,0,94,0,0,1,0,1007,0,0,8,0,0,0,0,0,0,0,0,0,0,13,24,12,0,0,0,73,0,0,0,36,105,0,0,0,12,0,7,0,0,0,0,0,0,0,0,1,71,0,0,0,0,3,0,0,0,1,0,0,93,0,0,0,0,0,0,36,0,2,0,0,0,0,0,0,0,0,0,0,0,0,0,0,0,1,1,0,11,0,0,0,384,0,0,0,0,0,27,0,0,0,0,0,3,130,5,0,0,0,0,0,0,0,0,0,0,0,187,171,0,0,0,1,0,0,0,0,34,0,0,0,0,0,0,0,0,0,0,0,0,0,0,0,0,0,0,567,0,0,0,0,0,43,0,0,0,0,2,22,0,0,0,0,0,0,0,0,0,0,64,0,0,0,0,0,0,3,0,0,0,0,0,1,0,0,52,0,0,0,0,0,20,1931,0,0,199,0,0,0,0,0,0,0,0,0,0,0,0,0,0,0,0,266,0
0,0,0,0,0,0,11,39,0,0,0,1,0,228,6,0,0,5,0,19,75,37,0,3,2,0,0,0,44,5,152,0,0,0,0,0,27,309,0,0,0,0,49,43,0,0,0,4,0,0,0,0,0,1,109,2,0,0,0,152,0,0,0,0,0,0,16,0,0,0,47,0,0,6,0,0,0,0,112,56,0,3,77,0,0,1,0,0,1,34,416,15,2,0,34,3,0,0,37,0,0,0,0,0,6,29,152,3118,0,215,0,0,0,78,0,0,0,15,9,0,0,0,5,1,34,276,0,13,0,134,70,48,0,0,1,0,1,0,0,0,1,0,0,0,3,10,28,0,0,0,0,0,0,0,0,0,0,0,0,0,0,0,0,523,0,0,0,0,0,0,5,0,1,0,0,0,0,0,51,0,79,0,0,0,38,0,0,104,0,0,1,151,2,1,0,0,0,0,0,0,0,0,0,0,0,18,6,0,0,14,1,2,0,7,12,0,42,137,0,0,0,39,0,0,0,6,52,0,75,5,0,0,0,20,0,0,0,0,0,11,0,0,0,8,0,1,0,0,0,0,0,0,23,0,44,14,0,0,65,36,2,0,0,9,0,0,0,0,145,11,0,0,42,1,16,1,47,2,4,1382,0,0,141,0,0,0,0,1,38,82,0,0,0,0,11,8,19,11,0,10,0
0,0,0,0,0,0,0,0,1,0,0,0,0,0,9,0,0,0,0,0,0,71,0,0,0,709,0,0,0,0,0,0,0,11,0,0,3,71,0,0,0,0,0,276,0,22,0,0,0,0,0,0,0,0,0,0,0,0,0,0,0,0,0,0,0,0,97,0,4,116,0,0,0,0,0,0,0,0,0,0,0,0,0,0,0,2,0,0,0,32,0,0,10,0,0,29,0,0,0,0,0,0,0,0,0,0,0,3467,0,0,0,0,0,73,0,0,0,0,681,0,1,0,0,0,1,0,0,0,0,0,0,1034,0,0,0,0,0,0,0,0,0,0,0,0,0,0,21,0,0,78,0,0,0,0,0,0,0,0,0,0,0,0,0,0,0,0,0,0,0,32,0,0,0,0,0,0,0,0,93,0,0,0,0,0,0,0,0,0,0,0,0,13,1,0,0,0,0,0,0,0,0,0,0,0,0,0,0,0,1,0,0,0,0,0,0,0,0,0,0,0,105,0,0,0,0,0,0,0,38,0,164,0,0,4,0,0,0,0,0,0,0,0,0,0,0,0,0,0,0,0,0,0,37,0,0,0,0,0,0,0,0,0,0,0,0,0,0,0,0,2,0,0,72,0,0,0,0,0,3,2483,0,0,6,0,0,0,0,0,0,0,0,0,0,0,0,0,3,0,0,124,0
0,0,0,0,0,13,1,0,0,0,0,0,0,0,130,0,0,13,0,0,59,13,0,0,0,439,0,0,20,2,0,0,0,4,0,0,1,1,0,0,0,0,0,1,25,1,0,37,0,0,0,0,0,0,0,0,0,38,0,0,37,0,0,0,0,30,158,0,3,0,0,0,0,3,460,0,0,4,0,379,0,0,8,0,0,28,0,0,136,11,0,0,3,360,0,5,41,0,1,0,0,0,0,6,4,0,2,2778,0,0,0,0,0,9,0,0,0,0,71,0,0,0,0,0,1,0,1333,0,1,0,0,18,0,0,0,0,193,0,0,0,0,6,0,0,0,0,0,0,1,0,1,1,1,0,0,0,0,0,0,1,0,0,0,0,0,0,0,0,0,0,0,0,13,0,0,0,0,1,166,0,0,1,20,2,2,0,7,0,0,0,0,27,0,0,0,0,0,0,0,0,0,0,0,379,0,0,0,0,0,1,0,105,0,0,2,0,507,0,11,0,0,0,0,0,0,49,0,0,1,0,49,0,0,71,0,0,0,0,0,0,0,0,0,0,0,0,0,0,0,0,0,0,5,0,0,0,0,0,0,0,0,0,0,5,0,0,0,0,0,494,0,0,26,0,0,0,0,0,2,1087,0,0,3,0,0,0,26,0,0,6,0,0,0,0,38,0,2,0,0,8,0
0,0,8,0,0,16,0,16,0,0,0,0,34,103,43,0,0,18,0,1,0,3,0,64,11,1264,0,0,0,0,4,10,0,76,0,0,4,160,0,0,0,0,0,0,34,0,0,13,0,0,0,0,0,7,0,0,4,96,0,2,68,0,4,0,0,23,35,0,0,385,3,0,0,7,4,0,0,0,0,388,0,0,0,0,0,0,0,1,139,0,0,3,1,1148,0,0,0,0,65,0,0,0,0,0,0,8,0,84,85,42,0,0,0,0,3,1,0,61,3,0,8,0,0,0,0,0,1,92,0,0,0,40,0,0,0,0,0,0,0,1,360,0,0,1,0,0,2,1,0,0,15,14,0,3,0,0,0,0,1,71,0,0,0,0,0,0,0,0,0,0,0,0,0,0,0,0,0,0,68,1,0,0,0,0,3,0,0,0,0,0,4,34,0,0,0,0,0,0,0,0,6,0,0,1,0,7,0,0,0,6,0,0,1,0,0,1,15,0,55,0,19,0,0,0,0,0,0,0,93,0,152,1,0,197,0,0,0,0,0,0,0,0,0,0,6,0,0,0,0,0,0,1,13,1,12,6,2,0,0,7,1,0,0,2,0,0,0,0,0,19,0,1,571,2,0,1,7,0,0,3227,1,0,31,20,0,0,0,5,38,0,0,0,0,0,0,2,178,0,0,23,0
0,0,0,0,0,0,0,0,0,1,0,0,0,2,136,0,0,1,0,2,1,5,0,2,0,5447,0,0,21,100,2,0,0,126,0,0,18,15,6,0,0,11,0,0,0,4,0,6,0,0,4,24,0,0,0,1,0,0,0,12,6,0,0,0,0,0,0,2,0,0,18,0,0,4,0,0,1,0,0,1,3,0,0,0,0,0,94,0,0,62,0,8,10,0,0,3,0,0,73,0,0,0,0,0,3,0,0,821,0,0,0,0,0,89,0,11,0,6,146,0,0,0,0,206,39,0,0,0,0,0,0,0,0,4,0,0,65,0,0,0,70,0,0,0,0,0,0,3,0,0,5,14,0,0,3,0,0,0,0,0,0,0,0,0,0,0,5,0,0,0,15,0,0,0,0,0,0,32,33,1,0,0,0,0,15,0,0,6,0,0,0,65,2,0,0,0,0,1,0,0,0,0,0,0,0,13,8,0,1,18,0,0,0,3,1,0,46,27,206,0,85,0,0,0,0,0,0,0,7,0,19,10,1,337,0,3,7,0,0,0,0,0,0,0,0,86,0,6,0,0,0,2,8,0,67,5,4,0,11,7,1,0,0,7,0,0,0,0,6,0,0,0,839,0,0,0,2,0,5,5,1,0,127,0,0,0,0,0,0,3,0,0,0,0,0,0,8,0,0,112,0
0,0,0,3,0,0,1,0,0,0,0,0,0,0,1,0,0,0,0,0,75,44,0,0,0,1,0,0,0,0,0,0,0,22,0,0,3,0,0,0,0,0,0,58,0,0,0,6,0,0,17,0,0,0,0,0,0,0,0,0,0,0,0,1,0,0,797,0,0,3,36,0,0,0,1315,0,0,0,0,701,0,4,20,0,302,0,0,1,0,11,450,4,0,0,0,0,0,0,26,0,2,0,0,0,0,0,0,0,0,236,0,0,8,1,0,5,0,0,43,0,0,0,0,0,0,0,53,0,10,0,0,126,0,0,0,0,0,0,0,0,0,0,0,0,0,0,86,0,0,0,12,0,0,0,0,0,0,0,220,18,0,0,0,0,0,0,0,0,0,0,0,0,0,0,0,6,0,144,127,0,0,0,0,27,43,0,0,0,0,0,22,47,0,0,0,0,0,0,0,0,0,0,0,1827,0,71,1,0,0,0,0,0,0,0,9,0,50,29,0,0,0,23,0,0,0,0,0,0,5,0,0,0,0,237,0,0,5,0,0,50,0,0,0,0,0,0,0,0,0,0,205,0,0,0,117,0,15,0,0,0,0,0,0,2,0,0,0,0,0,1501,0,0,8,489,1,0,0,0,3,4,1,0,47,0,0,0,0,1,161,0,0,0,0,0,0,0,0,0,0,0,0
0,0,0,0,0,0,0,3,0,1,0,1,0,0,7,0,0,0,0,0,0,36,0,4,0,1480,0,0,35,3,10,0,0,112,0,0,0,4,0,0,0,0,0,0,0,39,0,1,0,0,42,0,0,0,0,0,0,0,0,4,0,0,0,2,0,0,9,0,12,28,22,0,0,4,0,0,0,0,0,1,0,0,1,1,0,0,1,0,0,80,0,5,85,0,0,0,0,0,14,0,0,0,0,45,0,0,0,1,0,0,0,0,0,39,7,0,0,0,24,0,0,0,0,0,1938,0,0,0,0,0,0,1,0,10,0,36,13,0,0,0,1,0,0,0,0,0,0,0,0,0,1,0,0,2,6,0,0,0,0,40,0,0,0,0,0,0,1,0,0,0,1,0,0,0,0,0,0,9,11,1,0,0,4,0,0,0,0,0,0,2,1,131,0,0,0,0,84,0,0,0,0,0,8,6,0,3,0,0,0,0,0,0,0,1,5,1,19,3,5,0,0,0,0,0,0,0,0,0,80,20,62,0,0,165,0,0,2,0,1,0,1,0,0,0,1,0,0,0,0,0,0,1,1,0,1,2,3,0,1,0,1,0,0,1,0,0,0,46,0,682,2,5,2413,0,0,0,0,0,1,1656,1,0,108,0,0,0,0,3,9,0,0,0,0,0,86,0,5,0,0,143,0
0,0,0,0,0,0,1,0,0,0,0,0,9,0,14,0,0,36,0,0,0,0,0,47,0,386,0,0,24,0,0,0,0,52,0,0,1,458,0,0,0,0,0,0,0,0,0,0,0,39,0,0,0,0,0,0,0,10,0,0,30,0,10,0,0,0,0,1,3,0,0,0,0,0,686,176,0,0,0,1326,0,0,179,0,0,0,0,0,0,0,0,45,1,1189,0,0,19,0,0,0,0,0,0,0,0,0,25,530,0,0,0,0,0,0,0,0,0,333,0,0,0,0,0,0,14,0,34,0,0,10,0,0,0,1,0,1,11,0,0,0,0,0,0,0,0,1,0,0,0,0,39,0,0,0,0,0,0,0,0,0,0,0,0,0,0,0,0,0,0,155,0,0,1,0,0,0,0,0,0,0,0,0,0,0,0,0,0,0,0,17,0,0,1,0,0,1,0,0,0,0,0,0,0,0,2,17,0,0,0,5,0,0,0,0,0,0,0,0,431,0,17,38,0,0,0,0,0,0,0,0,0,0,0,55,0,0,0,0,1,0,0,0,0,0,0,0,2,1,0,0,0,0,0,0,0,3,0,0,0,0,0,0,0,0,2,0,0,0,0,4,0,0,45,0,1,0,0,0,60,2475,0,0,737,0,0,0,0,1,0,0,0,0,0,0,0,0,4,0,0,191,0
1,0,25,0,0,0,0,0,0,0,0,0,14,0,260,0,0,0,0,0,0,0,0,531,23,1540,0,24,194,8,0,0,0,111,0,0,14,1,0,0,0,0,0,0,0,1,0,19,0,22,1,0,0,7,0,0,0,37,0,0,71,0,0,0,0,14,205,0,2,0,0,0,2,0,0,142,0,0,0,90,0,11,0,0,144,278,0,0,152,0,1,26,54,636,0,0,15,89,0,0,0,0,0,0,11,17,1,75,0,3,0,0,0,0,0,0,0,16,0,1,0,0,2,0,172,0,2,115,0,21,0,1,0,0,0,0,0,0,0,0,0,0,0,0,0,0,0,1,0,0,0,0,0,0,1,4,0,0,0,112,0,6,0,0,0,0,0,0,0,2,0,0,1,17,0,0,0,0,0,0,0,0,0,0,0,0,0,0,0,0,0,47,2,0,0,14,0,3,0,0,0,0,0,0,0,41,0,2,0,7,0,0,0,0,0,0,0,0,120,0,0,0,0,0,0,0,0,0,0,0,0,1,1,1217,0,3,0,0,0,0,0,0,0,0,0,0,1,1,0,0,0,0,1,0,15,12,9,0,0,0,0,0,0,0,0,0,0,0,0,685,0,0,732,0,0,0,0,9,6,1468,0,3,117,0,0,0,0,0,12,0,0,0,0,0,18,0,13,0,0,104,0
0,0,0,0,6,0,1,3,0,0,0,0,0,1,7,0,0,0,0,0,11,14,0,6,0,1181,0,0,4,0,667,0,0,172,2,0,6,86,1,0,1,0,0,5,0,6,0,0,0,0,0,0,0,0,33,0,1,1,0,428,0,1,0,0,175,4,9,0,0,0,12,0,0,7,0,0,0,0,0,157,0,2,109,0,1,0,0,0,0,49,1,0,10,0,0,1,0,0,26,17,0,0,0,1,0,0,79,2568,4,3,3,0,0,1,1,1,0,32,141,0,0,36,0,0,361,22,0,12,0,0,23,23,65,1,0,0,18,0,0,1,735,0,0,0,0,0,13,0,0,16,0,6,0,0,0,0,0,0,1,3,0,0,0,168,0,1,0,0,0,0,0,0,0,0,0,0,0,1,132,0,4,0,0,0,27,0,0,0,21,0,2,31,1,0,2,0,0,2,0,0,0,0,0,1,0,0,0,0,0,3,0,0,3,0,20,0,130,3,0,1,0,0,1,0,0,15,24,0,2,1,44,1,0,312,0,0,0,0,0,0,0,76,0,1,0,0,0,1,2,0,1,4,0,0,7,0,0,0,0,0,6,0,0,10,0,0,0,0,0,71,0,0,76,0,5,0,0,1,29,1054,0,0,88,0,0,0,0,9,3,0,0,0,0,0,30,0,72,0,0,114,0
1,0,0,0,0,0,0,3,0,0,0,0,0,0,10,0,0,15,0,0,0,9,0,56,15,1493,0,0,0,1,352,182,0,21,0,0,0,0,4,0,0,0,1,44,0,1,59,0,0,0,0,3,0,50,0,0,0,18,0,69,80,0,9,0,28,78,74,0,0,260,2,0,0,1,0,0,0,0,0,212,0,0,1,0,0,0,0,0,75,44,0,0,1,717,0,1,0,0,0,0,0,0,0,1,0,0,0,227,100,0,0,0,0,9,0,0,0,21,2,0,0,0,0,0,3,0,0,108,0,0,0,0,0,0,0,0,42,0,0,0,0,0,0,0,2,265,0,0,0,3,7,0,0,0,0,0,0,0,2,91,0,0,0,0,0,0,0,0,0,0,10,0,0,0,0,0,0,18,93,0,0,0,0,0,0,0,0,0,0,0,0,4,0,0,0,0,0,0,0,0,0,0,0,0,0,0,0,0,0,3,0,156,0,6,4,0,94,0,14,0,0,0,0,6,0,0,0,0,194,0,54,0,0,478,0,0,0,0,0,0,0,0,0,0,5,61,0,0,0,0,0,0,5,0,0,1,0,0,0,2,0,0,0,0,0,0,0,0,0,713,0,55,139,0,1,0,0,0,8,2500,0,0,415,2,0,0,0,0,11,12,0,0,0,0,0,0,4,0,0,65,0
0,0,0,0,0,0,0,0,183,0,0,0,0,0,7,0,0,0,0,0,0,26,0,0,0,2412,0,0,1,26,0,0,0,11,14,0,21,0,0,0,0,0,0,13,0,137,0,0,0,0,0,0,0,0,0,1,0,0,0,0,0,14,0,0,0,0,8,0,0,0,46,2,0,20,0,0,0,0,0,1,0,2,0,0,0,25,0,0,0,46,917,0,1,0,0,0,0,0,43,0,0,0,0,0,20,0,292,192,0,0,0,0,0,220,0,0,0,0,0,1,0,0,0,0,289,10,0,0,0,0,7,2,0,0,0,0,30,0,0,0,53,0,0,0,0,0,4,0,0,6,6,0,0,0,0,0,0,0,0,0,0,0,0,0,0,0,0,0,0,0,0,0,0,0,0,0,0,171,0,0,0,0,0,0,6,0,1,0,0,0,0,89,1,0,0,0,0,0,0,0,303,0,0,0,0,0,0,0,0,1,0,0,0,0,5,0,0,0,305,3,0,0,0,0,0,0,0,0,110,0,8,0,0,0,0,0,0,0,0,0,0,0,0,0,0,0,1,0,0,0,0,0,0,0,0,0,0,0,10,13,0,0,0,0,0,0,0,0,0,1,0,16,0,0,0,0,0,0,0,3088,0,0,93,0,0,0,0,0,0,18,0,0,0,0,452,0,2,0,0,194,0
0,0,0,0,0,0,0,0,0,0,0,0,0,0,0,0,0,0,0,0,0,58,0,1,0,3509,0,0,98,0,214,0,0,0,0,0,0,0,0,0,0,0,0,0,0,0,0,0,0,0,0,0,0,0,40,2,0,0,0,8,0,0,0,0,0,0,60,0,0,98,0,0,0,0,0,0,0,0,3,1,0,0,0,0,0,0,0,0,0,0,0,10,0,0,0,0,0,0,0,0,0,0,0,0,0,0,0,793,0,2,0,0,0,0,0,7,0,1,349,2,0,0,5,0,0,0,0,0,0,0,0,0,0,0,0,0,0,0,0,0,21,0,0,0,0,0,0,11,0,0,0,0,3,0,0,0,0,0,0,12,0,0,0,0,0,0,0,0,0,0,6,0,0,0,0,0,0,2,0,0,0,0,0,0,0,0,0,0,0,0,0,159,0,1,0,0,0,0,0,0,0,0,0,0,5,47,0,0,0,2,0,0,0,0,0,1,23,0,57,0,0,0,0,0,0,0,0,0,0,0,0,1,0,315,0,0,0,0,0,0,0,0,0,0,165,1,0,1,0,0,0,0,0,0,0,0,9,0,0,0,0,0,0,0,0,0,0,0,0,2,0,0,0,0,1,0,2,0,0,3643,0,0,159,0,0,0,0,0,0,0,0,0,0,0,14,0,13,0,0,63,0
0,12,0,0,0,17,0,1,0,0,0,0,9,44,4,0,0,8,16,0,7,6,0,71,0,1,4,0,4,1,81,0,0,94,0,0,1,0,0,0,0,0,0,8,104,20,0,26,0,88,1,0,103,28,0,0,0,11,0,4,30,1,0,0,67,0,130,0,3,116,1,0,0,1,0,0,0,10,0,606,0,14,113,0,1,0,98,0,0,67,0,1,8,760,0,0,0,0,17,0,0,0,0,4,27,0,1,230,0,0,0,1,0,6,0,1,0,36,7,0,0,0,0,1,22,0,0,0,0,140,0,1,0,0,0,0,67,0,0,0,0,0,0,0,131,0,8,0,0,0,2,5,0,2,0,0,0,0,95,45,0,0,0,0,0,1,0,0,0,0,0,0,0,0,0,0,1,2,65,1,0,0,0,0,0,0,0,0,0,0,0,13,0,0,0,0,0,0,0,0,0,0,0,88,0,2,0,0,2,8,0,0,0,0,3,1,19,3,63,0,51,14,0,0,0,0,2,0,63,0,25,1,0,138,0,0,0,0,0,0,3,0,0,0,0,0,0,0,0,0,1,0,3,0,1,1,33,0,0,3,0,0,0,0,12,0,0,0,0,2760,0,3,336,0,0,0,1,0,0,1706,1,0,625,1,0,0,0,0,19,23,0,2,0,0,23,0,238,0,0,1,0
0,0,0,0,0,0,0,0,0,0,0,0,3,0,79,0,0,0,6,0,0,0,0,0,0,3,0,0,79,121,484,0,0,0,0,0,0,0,8,0,0,0,698,1,0,2,0,0,0,0,3,0,0,0,7,0,0,0,0,0,0,0,0,0,0,0,80,0,0,0,9,0,0,0,0,133,0,0,0,0,0,0,5,0,0,0,0,0,0,0,0,25,63,0,0,0,0,0,0,0,0,0,0,0,0,0,0,1089,0,0,0,0,0,2,0,0,0,0,0,7,0,0,0,1,1,0,0,0,0,0,2,1,0,0,0,99,170,0,0,0,1051,0,0,0,0,0,0,0,0,0,0,0,0,0,1,0,0,0,0,56,0,0,0,0,0,0,0,0,0,0,0,0,2,0,0,0,0,163,160,0,0,0,0,0,0,0,0,0,0,18,0,0,1,0,0,0,0,0,0,0,0,0,0,1420,0,0,0,0,0,6,0,0,0,0,0,0,0,0,0,0,0,0,0,0,13,0,26,0,4,0,2,0,0,132,0,0,0,0,0,1,0,0,0,0,0,0,0,0,0,0,43,0,0,0,0,96,0,0,0,0,0,0,0,0,2,0,0,0,0,926,0,0,328,0,0,0,0,0,0,2,0,2306,0,0,2,0,0,0,0,9,0,0,0,0,45,0,5,0,0,0,0
0,0,0,0,0,0,0,19,0,0,0,0,0,0,42,0,0,4,0,0,53,56,2,8,0,0,0,0,11,27,321,0,0,0,0,0,0,0,0,0,0,0,0,139,0,360,0,0,3,0,0,0,0,0,0,0,0,0,0,0,0,0,0,0,0,0,149,0,0,0,0,0,0,0,0,0,0,0,0,151,0,0,382,0,0,8,181,0,0,74,0,6,0,0,0,0,0,0,215,51,0,0,0,3,0,0,0,0,0,0,0,0,0,828,0,0,0,0,0,0,0,0,0,1,126,0,0,0,0,0,4,456,0,0,11,0,8,0,0,0,66,0,0,0,0,0,0,0,0,2,46,0,0,0,0,0,0,0,30,0,0,0,0,0,0,0,0,12,0,0,0,0,2,0,0,0,0,0,96,0,0,0,0,0,59,0,4,420,0,0,0,45,8,0,0,0,0,0,0,0,0,0,851,0,0,288,0,0,0,0,0,0,0,0,59,0,115,0,0,0,0,28,0,0,0,0,0,0,150,0,427,0,0,1710,0,0,0,0,0,0,0,44,0,0,0,104,0,0,0,0,0,0,26,0,85,0,0,0,44,0,0,0,0,24,0,0,0,0,0,13,0,25,167,0,0,0,0,0,5,1202,0,0,46,0,0,0,0,10,0,0,0,0,0,0,90,0,0,0,0,0,0
0,0,0,0,0,0,1,6,0,0,0,0,0,0,6,0,0,0,0,0,188,16,0,0,0,1164,0,0,95,6,92,0,0,57,0,0,17,341,0,0,0,0,0,0,0,92,0,0,0,0,2,0,0,0,39,0,0,0,0,335,0,0,0,0,0,0,48,0,0,137,30,0,0,5,0,0,0,0,0,446,0,5,270,0,0,1,450,0,0,121,0,6,0,0,0,0,0,0,51,0,0,0,0,0,0,0,307,586,0,0,0,0,0,48,0,1,0,0,77,0,0,0,0,2,130,0,0,0,0,0,12,203,10,0,0,0,0,0,0,0,0,0,0,0,0,0,24,0,0,0,16,18,0,29,0,0,0,0,0,3,0,0,0,426,0,0,0,0,0,0,0,0,0,0,0,0,0,3,121,0,0,0,0,0,1,0,0,0,0,0,5,65,0,0,0,0,0,0,0,0,0,0,0,27,0,5,0,0,0,0,0,41,0,0,10,0,75,76,0,0,50,14,0,0,0,6,0,0,49,0,0,0,0,50,0,0,0,0,0,0,0,0,0,0,0,30,0,0,0,0,0,4,11,0,2,2,0,0,3,4,0,0,0,7,0,0,0,0,216,1,0,0,49,0,4,0,0,0,0,2855,0,0,136,0,0,0,0,1,36,0,0,0,0,0,0,0,104,0,0,17,0
0,0,0,0,0,0,1,0,0,0,0,0,0,0,96,0,34,0,0,0,0,48,0,3,0,878,0,0,3,0,0,0,0,148,0,0,152,508,0,0,0,0,0,0,0,192,0,0,0,0,14,0,0,0,0,1,0,0,0,17,1,0,0,0,0,0,122,0,0,0,0,0,0,0,0,0,0,0,0,124,0,7,4,0,0,0,2,0,0,0,0,3,39,0,0,0,0,1,0,0,0,0,0,0,0,2,0,1519,0,50,0,0,0,0,0,0,0,0,139,0,0,0,0,1,946,0,0,0,0,0,0,114,0,1,0,0,63,0,0,0,2,0,0,0,0,0,0,0,0,12,0,0,0,1,1,0,18,0,0,0,0,0,0,298,0,0,0,0,0,0,0,0,1,0,1,0,0,0,0,0,0,0,0,0,5,0,0,0,0,0,0,0,168,0,0,0,0,0,0,270,0,0,0,0,0,127,0,0,0,5,0,0,0,0,49,0,0,0,121,0,0,0,0,0,0,0,0,0,0,0,136,1,0,0,0,0,0,0,0,0,0,0,0,0,0,0,179,0,0,0,0,4,0,0,0,0,18,0,0,11,0,0,0,0,1,0,0,0,0,9,0,0,0,0,0,0,2,0,0,2887,0,0,95,0,0,0,0,0,0,44,0,0,0,1,0,0,31,0,0,276,0
0,0,13,0,0,56,0,0,0,0,36,0,0,20,311,0,0,159,37,0,67,0,0,0,0,0,0,0,0,86,97,0,0,3,0,0,11,3,0,0,0,0,0,87,59,11,0,117,0,0,0,0,0,61,22,0,0,30,0,0,0,0,0,0,0,76,421,0,20,309,45,5,0,10,6,2,0,0,0,389,0,0,0,0,7,240,0,0,0,57,0,0,0,1638,0,0,0,0,1,0,0,34,0,30,42,0,8,20,0,0,0,88,0,14,0,0,1,62,72,11,15,0,0,0,1,0,32,0,1,211,148,8,0,0,142,1,0,0,0,0,0,0,0,3,0,0,0,0,0,0,9,26,0,0,1,0,0,0,0,110,0,0,0,0,0,0,0,0,0,18,0,0,0,0,0,0,0,84,919,0,0,0,0,0,0,0,0,22,0,0,0,12,0,0,0,0,0,0,0,0,0,0,0,837,4,0,0,0,1,0,0,0,0,0,4,0,264,27,152,0,0,0,0,0,0,0,0,0,128,0,215,6,0,362,0,0,0,0,0,0,0,0,0,0,0,0,0,0,0,2,0,0,56,0,3,0,0,0,16,46,0,0,0,0,7,0,0,55,0,0,0,0,278,329,0,0,0,0,3,7,0,0,166,0,0,0,0,0,0,159,9,27,0,0,95,0,0,0,0,92,0
0,0,0,0,0,39,71,0,0,0,0,0,6,0,0,0,0,35,0,0,0,0,0,0,0,149,0,6,28,0,0,0,0,7,0,0,3,0,2,4,0,0,0,0,0,82,125,0,0,44,0,0,0,22,0,0,0,22,0,0,30,0,17,0,0,25,1,0,387,55,0,0,0,0,0,741,0,22,0,164,0,0,0,0,0,0,2,0,123,0,0,10,1,2831,0,1,0,107,1,0,0,0,0,0,7,0,0,1,232,0,0,152,0,1,0,1,0,99,10,0,15,0,1,91,246,0,32,18,0,0,0,1,0,1,0,0,0,0,0,0,0,0,0,0,0,0,0,0,0,0,0,0,0,0,1,0,0,0,0,16,0,0,0,0,0,0,0,0,0,0,0,0,1,0,0,0,0,1,0,0,0,0,0,0,0,0,0,0,0,0,0,48,1,0,0,0,1,0,0,377,0,0,0,0,0,12,0,0,1,30,0,0,0,0,0,0,30,0,1,0,21,0,0,0,0,0,0,0,0,1,33,0,0,604,0,0,0,0,0,0,0,0,0,0,6,0,0,0,0,0,0,0,0,0,0,36,32,0,0,0,0,0,0,0,0,0,0,0,0,950,0,0,1223,0,0,0,0,0,3,369,0,9,0,0,0,0,0,0,0,0,0,0,0,0,11,0,29,0,0,88,0
0,0,0,0,0,0,0,0,0,0,0,1,9,0,0,0,0,20,0,1,0,15,0,0,8,1,0,0,0,0,0,0,19,3,0,180,0,44,0,0,287,0,0,42,0,2,0,47,0,0,0,0,0,16,137,0,0,25,0,0,50,0,0,0,0,27,137,28,3,54,21,0,0,258,1,0,0,0,0,751,0,0,6,0,0,0,0,2,0,108,1,17,0,1387,41,0,0,0,5,0,0,0,0,0,46,0,87,356,117,1,0,25,0,91,0,0,0,24,112,0,0,0,0,0,5,0,1,454,1,168,155,36,4,0,0,0,0,1,0,0,0,0,0,0,0,0,18,0,0,0,0,23,5,0,0,0,0,0,0,23,0,0,0,2,0,0,0,0,0,104,0,0,30,0,0,0,0,361,69,0,0,0,0,0,0,3,0,0,42,0,6,74,0,0,0,0,0,0,0,0,0,0,0,219,1,24,0,0,0,20,0,0,15,0,2,0,40,356,399,11,214,0,0,16,0,0,0,0,83,0,0,1,0,35,0,0,0,0,0,7,0,0,3,0,0,0,0,0,0,0,28,0,20,1,0,5,0,0,19,8,0,0,0,1,0,0,20,26,0,19,5,26,289,2,0,0,0,6,3,1355,0,0,238,0,0,0,0,0,47,61,0,0,0,0,23,3,0,12,0,69,78
4,1,0,0,0,1,1,0,0,0,0,0,4,1,23,0,0,0,0,2,0,1,0,3,0,1088,0,0,34,30,10,0,0,2,0,0,10,1,0,0,1,0,0,0,0,1,2,1,0,1,0,0,0,5,2,0,0,0,0,11,0,0,0,0,0,0,509,1,0,0,4,0,0,0,0,1,1,0,0,1,0,0,8,0,33,7,215,0,0,0,0,74,192,0,0,3,0,6,2,0,0,0,0,0,1,0,0,1239,0,84,0,0,0,0,2,2,1,1,8,0,0,0,0,0,7,0,0,0,0,0,1,64,0,3,0,0,13,0,1,0,761,0,0,0,0,0,8,0,0,0,1,2,0,40,65,0,0,0,0,5,0,2,0,0,0,0,0,0,0,2,6,0,0,0,0,0,1,1,1,0,0,0,0,0,1,0,0,0,0,1,0,0,2,0,1,0,0,0,0,14,0,0,0,0,0,99,1,8,0,19,0,0,0,1,0,0,48,3,6,0,26,24,0,0,8,0,0,0,2,8,0,1,0,673,0,5,2,0,0,0,0,0,0,0,0,0,0,0,0,0,0,1,1,0,18,2,7,0,1,2,0,0,0,3,2,0,0,0,2,4122,0,1,171,1,0,3,0,0,1,1,0,3,1,0,0,3,0,0,12,1,0,0,0,0,73,0,6,0,0,3,0
1,0,0,0,0,1,0,0,0,0,0,0,0,0,16,0,42,0,1,0,0,44,0,0,0,1553,0,0,7,1,17,0,0,8,0,0,2,374,0,0,0,0,0,0,0,321,0,2,0,0,0,0,0,0,35,0,0,0,0,53,0,0,0,0,0,0,196,0,0,303,41,3,2,0,0,0,1,0,0,266,0,0,167,0,0,0,251,1,0,43,0,5,1,0,0,1,0,0,58,0,0,4,0,0,1,0,0,1426,0,0,0,0,0,1133,1,0,0,0,8,8,0,0,0,1,6,0,0,0,0,0,6,0,0,0,0,0,5,0,0,0,28,0,1,0,57,3,39,0,0,0,21,0,0,26,14,0,0,0,0,0,0,0,0,0,0,0,0,0,0,0,8,0,0,0,0,0,0,0,95,0,0,0,0,0,52,0,0,0,0,0,0,73,3,19,0,0,0,0,0,0,0,0,0,0,0,35,2,6,3,8,0,0,0,0,7,0,82,18,1,10,30,47,0,0,0,0,0,0,107,1,237,0,0,709,0,0,5,25,0,18,0,0,0,0,5,0,0,0,0,0,0,7,0,0,53,229,26,1,1,20,0,0,2,8,0,1,0,0,32,22,0,10,9,0,0,0,0,0,1,1206,0,3,3,0,16,0,0,0,0,65,0,0,1,1,28,0,40,0,0,8,0
0,0,5,0,0,39,0,0,0,0,0,3,0,0,179,0,0,29,0,0,51,1,0,0,25,187,0,0,52,73,167,0,0,2,0,0,72,151,0,0,0,0,0,0,0,4,98,30,0,0,0,0,150,46,38,1,0,84,0,57,75,0,0,1,0,25,8,0,0,371,1,0,5,30,1,0,0,4,0,918,0,108,7,0,0,38,0,0,160,40,0,6,4,1864,0,4,0,0,3,0,0,0,0,1,5,0,40,9,0,0,0,119,0,4,0,0,0,520,7,15,0,0,0,0,28,1,0,767,1,67,0,1,0,0,0,0,51,0,0,0,23,0,0,0,0,0,33,0,0,18,8,8,0,0,1,0,0,0,0,4,0,0,0,0,0,0,0,0,0,18,2,0,0,0,0,0,0,35,655,4,0,0,0,2,7,0,0,0,0,0,0,15,16,0,0,0,0,2,0,0,0,0,0,5,0,53,0,0,0,200,1,0,0,10,4,1,25,5,485,0,341,10,0,5,0,15,0,0,23,0,176,0,1,150,0,0,3,0,1,73,0,0,0,0,0,0,0,0,0,0,0,3,11,0,13,113,2,0,13,0,1,0,0,2,0,0,0,0,35,34,0,54,76,0,0,0,0,14,15,3,1,0,53,0,0,0,0,0,14,10,0,0,0,0,180,0,10,0,0,59,0
0,0,0,0,0,0,0,0,0,0,0,0,12,24,137,0,0,20,0,0,0,0,0,0,0,1,0,0,0,0,0,0,0,0,0,0,0,0,0,0,0,0,0,1,0,11,0,46,0,0,2,0,0,0,0,0,30,48,0,0,126,4,31,0,0,102,223,0,3,305,7,0,0,1,0,435,0,34,0,1491,0,111,3,0,0,0,0,0,75,0,0,0,0,2991,0,0,0,0,0,0,0,0,0,1,9,0,7,273,37,0,0,0,0,25,0,0,0,0,30,0,0,0,0,0,0,0,4,0,0,20,0,1,0,0,0,0,0,0,0,0,0,0,0,0,0,0,0,0,0,1,10,2,0,0,1,0,0,0,97,13,0,0,0,318,0,0,0,0,0,0,0,0,1,0,0,0,0,83,89,0,0,1,0,0,0,0,0,0,0,0,0,0,0,0,0,0,0,0,0,0,0,0,0,0,5,842,0,0,0,4,0,0,8,0,0,0,262,129,2,11,26,30,0,17,0,0,0,0,16,0,2,1,0,1,0,0,20,0,0,0,0,0,0,0,0,104,0,0,0,0,29,14,45,1,0,0,0,0,0,0,0,31,0,0,0,0,0,0,0,813,0,0,104,0,2,0,106,0,1,70,0,0,0,0,0,0,1,0,0,0,0,0,0,0,0,0,0,6,0,7,0
0,0,0,0,0,0,0,19,0,0,0,0,0,51,0,0,0,0,0,0,0,23,0,0,1,3523,0,0,64,0,14,0,0,37,0,0,6,2,1,0,1,0,2,17,0,130,0,0,0,0,0,0,0,0,4,0,0,0,0,46,0,85,0,0,78,0,50,0,0,3,0,0,0,179,0,0,0,0,0,56,0,0,0,0,0,0,0,0,0,6,0,9,3,0,0,0,0,0,17,24,0,0,0,0,1,0,0,263,4,54,0,0,0,49,0,0,0,2,114,4,0,0,0,4,51,0,0,0,0,0,13,243,0,0,0,0,40,0,0,0,9,0,2,0,0,0,28,0,0,4,0,0,1,0,0,0,0,0,17,0,0,0,0,467,0,0,0,1,0,0,10,0,30,0,0,0,0,2,107,0,0,0,0,0,0,0,0,0,0,0,0,94,2,0,0,0,0,1,0,0,0,0,0,4,424,26,0,0,4,7,0,0,21,0,8,0,87,0,6,5,0,0,0,0,1,0,0,0,21,1,159,0,0,568,0,0,0,0,0,0,0,0,0,0,0,0,0,0,0,0,0,3,0,0,0,0,7,0,0,0,1,0,0,13,0,0,0,0,0,45,0,0,338,1,0,0,12,0,5,1749,0,167,51,0,1,0,0,0,128,10,0,0,0,3,1,0,12,0,0,40,0
0,0,0,0,0,0,1,1,0,0,0,0,1,0,226,0,0,0,0,3,1,22,0,1,1,1818,0,3,4,4,316,22,0,244,0,0,0,0,0,0,0,0,0,0,0,0,0,1,0,0,0,0,0,0,1,1,0,1,0,1,0,0,0,0,0,0,38,1,0,0,4,0,0,1,0,0,0,0,0,0,0,0,0,0,43,65,0,0,0,77,0,15,32,4,0,16,0,0,0,0,0,3,0,0,0,0,0,1052,0,0,0,0,0,57,0,1,0,0,171,0,0,0,1,1,296,6,0,0,0,21,0,19,0,0,0,0,31,0,0,0,10,0,0,0,0,0,6,0,0,0,12,0,0,2,0,0,0,0,0,123,0,0,0,0,0,0,1,0,0,0,0,0,0,0,0,0,0,0,33,0,0,0,0,0,1,0,0,0,0,0,0,38,1,0,0,0,0,0,0,0,0,0,0,0,0,65,0,0,0,0,3,4,2,0,0,0,49,0,12,0,0,0,0,3,0,1,0,1,25,0,0,0,0,556,0,0,2,0,0,30,0,0,0,0,2,0,0,0,0,0,0,0,0,0,4,2,34,0,0,12,5,0,0,1,0,0,0,0,6,1867,0,0,392,7,0,0,0,0,0,1412,0,0,494,1,0,0,0,0,8,7,0,0,0,0,18,0,2,0,0,126,0
0,0,6,0,0,0,0,0,0,0,0,0,0,0,0,0,53,33,0,0,0,5,0,66,0,644,0,0,61,58,3,0,0,270,60,0,1,0,0,0,0,0,0,0,0,502,0,0,0,0,0,0,0,0,0,2,9,19,2,1,26,0,0,0,0,0,93,0,9,126,0,0,0,0,213,640,0,5,0,144,0,12,19,0,0,441,0,0,211,0,13,1,3,1422,0,1,655,0,0,0,0,7,0,0,0,0,0,59,0,2,0,0,0,0,0,1,0,0,54,0,31,0,0,0,157,13,1,115,0,0,0,33,0,2,37,0,0,0,0,0,0,0,2,0,0,0,1,0,2,1,25,0,1,1,0,15,0,0,282,88,0,0,0,0,0,0,0,0,1,0,1,0,2,0,0,10,0,0,1,1,0,0,9,0,3,0,1,0,0,0,5,98,3,0,0,0,0,0,0,0,0,0,0,1,43,23,0,0,0,22,5,0,0,0,5,0,21,0,298,0,31,1,0,14,0,0,0,0,0,0,23,0,0,275,0,0,1,0,0,3,0,0,0,0,212,1,0,0,0,0,0,1,0,0,2,20,24,0,0,0,1,0,0,2,1,0,0,0,0,2,0,0,1373,0,0,0,0,0,6,341,0,0,241,0,0,0,0,0,6,5,0,0,0,1,0,1,36,0,0,68,0
16,0,8,0,0,0,1,13,0,0,0,0,0,0,4,0,7,1,0,0,0,17,0,1,0,0,0,0,1,60,432,0,0,114,0,0,6,0,0,0,0,0,0,0,0,0,0,2,0,0,0,0,0,0,0,1,1,0,0,54,0,0,0,2,0,1,1276,0,3,0,4,0,0,4,0,0,0,0,24,148,0,13,200,0,0,21,0,0,0,44,0,12,3,0,0,19,0,0,0,0,0,1,0,0,0,0,0,2212,0,8,0,0,0,0,7,5,0,1,229,0,0,0,13,0,178,0,852,0,0,0,0,0,0,1,0,17,11,0,0,0,367,0,0,1,0,265,59,0,0,8,0,0,0,0,0,0,0,0,0,0,0,1,0,0,0,0,2,0,0,0,5,0,0,1,0,0,0,0,432,0,0,1,0,0,18,3,0,0,0,0,2,193,0,0,0,0,0,0,0,0,0,0,0,718,0,133,0,3,0,1,1,0,0,0,6,5,94,0,124,0,0,0,0,57,0,0,0,0,0,4,0,1,0,56,0,0,20,0,0,16,0,0,0,0,3,17,1,0,0,0,0,0,20,0,38,50,32,0,0,6,10,0,0,0,5,0,0,0,18,0,0,0,0,0,1,0,21,2,0,587,0,0,389,1,0,4,0,0,67,0,0,0,0,0,0,0,2,0,0,93,0
0,0,3,0,0,0,0,28,1,0,0,0,0,0,6,0,16,8,13,1,35,80,0,0,0,786,0,0,2,1,0,0,0,69,0,0,4,244,0,0,0,0,0,0,0,846,0,0,0,0,0,0,0,23,0,1,7,21,0,0,13,0,0,0,0,13,44,0,3,94,27,0,0,6,1,0,0,3,0,982,0,40,91,0,6,23,0,0,38,93,0,1,1,832,0,0,0,0,0,0,0,0,5,0,6,0,0,3,0,0,0,0,0,12,0,1,0,0,48,0,0,0,0,0,535,0,76,49,1,0,0,12,0,0,0,16,30,0,0,0,0,0,2,1,0,0,9,0,0,1,12,0,0,1,0,0,0,0,0,145,0,0,0,0,1,0,0,0,1,8,14,0,0,0,0,0,2,0,369,1,0,0,0,0,7,0,0,0,0,0,37,82,1,4,0,0,0,27,0,0,0,0,0,134,0,10,0,0,1,1,2,0,0,0,104,0,93,53,26,2,42,0,0,0,0,0,0,0,116,0,138,0,0,330,0,0,1,0,0,45,0,0,0,0,29,46,0,0,0,0,0,0,15,0,2,6,0,0,16,0,11,0,0,2,0,0,0,0,0,1,0,55,46,0,1,0,0,0,16,1544,0,0,590,0,0,0,0,0,49,54,0,0,0,0,0,0,11,0,0,389,0
0,0,0,0,0,0,3,0,0,0,0,0,1,0,8,0,0,0,0,4,17,0,0,0,3,929,0,0,65,21,41,21,0,15,0,0,27,97,2,0,1,0,0,0,0,201,0,1,0,0,5,0,0,0,32,0,0,0,0,223,0,30,0,0,0,0,62,0,0,59,20,0,0,0,0,110,0,0,0,27,0,0,137,0,39,2,63,1,0,16,0,0,4,0,0,0,20,0,34,0,0,193,0,0,3,0,0,139,49,0,0,0,0,1,0,0,0,0,241,0,0,0,0,8,122,0,0,0,0,37,96,89,0,0,0,0,7,5,0,0,5,0,0,0,0,0,36,0,0,0,10,63,0,0,0,0,0,0,0,60,0,0,3,217,0,0,1,0,0,0,4,0,0,0,0,0,0,68,60,56,0,0,0,36,43,0,0,0,83,0,0,92,0,0,54,0,0,0,0,204,0,0,0,23,0,86,32,0,4,36,0,0,0,5,0,1,57,448,342,0,0,81,0,0,0,2,211,0,4,5,107,6,0,712,0,0,0,0,0,187,0,0,0,0,7,0,0,0,0,0,14,5,18,0,10,251,1,19,4,34,2,0,0,27,267,0,1,47,278,111,163,31,321,0,0,0,0,0,20,607,0,0,466,0,0,20,0,0,49,116,0,0,0,0,1,0,21,0,0,318,0
0,0,0,0,0,0,30,37,0,0,0,0,0,123,48,0,0,2,0,0,182,87,0,10,0,4,0,0,53,16,136,0,0,79,0,0,7,46,2,0,0,0,0,78,0,101,0,2,0,0,1,0,0,3,35,0,0,0,0,439,0,78,0,0,0,0,52,0,25,0,22,0,0,14,0,0,0,0,0,874,0,0,9,0,25,1,12,0,0,78,0,7,7,0,0,39,0,0,21,0,0,0,0,0,1,0,3,289,0,0,0,0,0,233,0,0,0,0,150,0,0,0,0,1,251,0,0,0,6,108,0,313,0,0,0,23,627,0,0,0,4,0,0,0,0,0,4,0,0,158,4,55,0,0,0,0,0,0,0,52,0,5,0,12,0,0,0,0,0,0,8,0,36,0,0,0,4,14,569,0,0,5,0,0,0,0,0,0,0,0,0,58,4,0,1,0,19,1,0,0,0,0,0,1,0,17,5,0,1,15,0,0,0,4,14,1,78,6,2,0,1,28,0,0,0,0,0,0,48,17,200,1,0,606,0,5,3,0,0,1,0,25,0,0,0,98,0,0,0,0,109,2,6,0,10,4,4,3,2,8,1,0,0,10,0,0,0,0,0,90,0,50,73,0,15,0,0,10,19,2399,1,0,81,0,0,0,0,2,11,0,0,0,0,0,18,0,60,0,0,31,0
0,0,0,0,0,0,0,0,0,0,0,0,15,0,0,0,0,0,0,0,0,0,0,0,0,430,0,0,5,10,1,0,0,0,0,0,1,652,0,0,0,0,0,0,216,0,0,0,0,28,0,0,0,27,0,0,0,115,0,0,0,0,4,0,0,0,320,5,0,58,0,0,0,0,0,327,0,0,0,562,0,0,0,0,0,0,0,1,104,0,0,0,1,1212,0,0,5,0,0,0,0,0,149,0,0,0,0,14,327,56,0,0,28,0,0,24,0,65,60,0,0,0,2,0,0,0,213,126,0,0,0,0,0,0,0,0,0,0,0,0,2187,0,0,0,0,0,17,0,0,0,0,0,30,0,0,0,0,0,0,0,0,0,0,0,0,0,0,0,0,0,0,0,0,0,0,0,0,10,0,0,0,0,0,0,0,0,0,0,0,0,0,72,0,0,0,0,0,0,0,0,0,0,0,0,0,27,0,0,0,11,0,0,0,0,0,0,0,0,1011,0,21,0,0,0,0,0,0,0,0,0,0,0,0,176,14,0,0,0,0,3,0,0,0,0,0,0,0,0,0,0,0,0,0,0,0,0,44,0,0,0,0,0,0,9,0,0,0,0,5,35,0,0,82,0,0,0,0,0,0,587,0,8,101,0,0,16,0,1,36,0,0,0,0,0,27,0,0,0,0,308,0
0,0,0,0,0,0,0,0,0,0,0,0,0,0,3,0,0,0,3,0,0,0,0,0,0,0,0,0,0,0,0,0,0,478,23,0,0,0,0,0,0,0,0,0,0,160,0,0,0,0,0,0,0,0,18,0,0,40,0,0,0,0,0,0,0,13,1042,1,0,266,98,0,0,0,0,0,0,0,0,543,0,0,0,0,0,20,0,0,0,0,0,2,0,0,0,0,0,0,186,0,18,0,0,0,13,0,348,0,0,0,0,0,0,0,0,0,2,6,0,4,0,8,0,0,95,0,0,0,0,0,324,371,8,2,0,0,0,0,0,0,0,0,0,0,0,0,0,0,0,5,0,0,0,0,0,0,0,0,28,0,0,0,0,635,0,0,0,0,0,12,0,0,0,0,0,0,0,27,1829,0,5,0,0,0,0,0,0,0,12,17,0,0,40,0,41,0,0,0,0,0,0,0,0,0,0,0,0,0,2,0,0,0,246,0,64,0,417,0,0,61,0,0,0,13,5,0,0,0,216,0,0,0,2,0,0,0,0,0,0,0,0,0,975,0,0,0,0,7,0,0,0,0,0,5,0,0,0,0,0,0,0,0,0,0,0,0,0,0,25,0,0,0,0,0,2,0,0,0,0,0,0,0,662,0,0,0,0,0,0,0,0,0,0,7,146,0,0,0,0,399,0
0,0,0,0,0,0,0,5,0,0,0,0,3,0,283,0,5,40,90,0,0,1,0,36,10,1248,0,0,0,4,123,0,0,187,1,0,12,3,0,0,0,10,0,0,72,41,0,17,0,25,0,0,0,0,170,0,0,39,0,31,27,0,0,0,0,0,11,0,8,23,1,3,0,2,462,13,0,0,0,356,0,0,1,0,0,0,0,0,0,78,0,0,0,520,0,0,0,0,0,0,0,14,0,1,0,0,0,1,0,16,0,0,0,46,0,0,0,13,22,0,0,0,0,0,47,0,0,57,0,155,0,3,0,0,37,0,0,0,0,0,0,0,0,1,74,0,8,0,0,0,1,0,0,0,0,0,0,0,9,0,0,0,0,0,0,0,8,0,0,3,0,0,7,0,0,0,0,0,616,2,0,0,0,0,2,0,0,0,0,0,1,39,3,0,12,0,0,0,0,0,0,0,0,1,81,81,0,0,0,3,0,0,2,0,1,0,0,0,0,0,3,0,0,0,0,2,0,0,99,0,147,1,0,2232,0,0,0,0,0,6,0,0,0,0,2,5,0,0,3,0,0,1,0,1,0,0,0,0,0,2,0,0,5,1,2,0,0,0,0,39,0,0,699,0,0,0,0,0,0,1245,0,0,76,0,0,0,0,0,0,7,0,0,0,0,44,0,8,0,0,43,0
0,0,0,0,0,0,3,31,0,0,0,0,4,40,6,0,6,1,0,0,6,0,0,0,0,4906,1,8,62,12,0,0,0,0,3,0,1,1,1,0,0,0,0,0,0,440,0,0,0,1,1,0,1,0,0,0,0,0,0,0,0,54,1,0,0,0,149,0,0,0,17,0,0,0,0,150,1,1,0,18,0,0,282,0,22,0,13,0,0,9,11,4,1,0,0,0,0,0,0,0,0,105,0,0,1,0,0,5,0,0,0,0,0,12,0,1,0,0,49,0,0,0,0,5,25,0,0,0,3,0,0,89,82,0,0,0,2,0,29,0,0,1,0,0,0,0,0,0,0,3,19,1,0,0,1,4,0,1,0,16,0,0,0,0,0,0,0,0,0,0,0,0,8,0,0,0,0,13,0,0,0,0,0,0,0,0,0,0,0,2,0,54,0,0,0,0,9,0,0,0,0,0,8,152,0,205,0,41,1,0,0,0,0,0,5,0,0,0,2,0,0,30,0,0,11,0,1,0,3,0,23,0,0,312,12,0,0,0,3,0,0,0,0,0,4,0,0,0,0,0,231,0,0,0,1,22,238,0,2,186,0,0,0,3,17,0,0,248,0,0,2,0,87,1,0,0,0,0,0,5,0,0,0,0,696,446,0,0,132,0,0,0,0,0,0,0,3,0,0,71,0
0,0,0,5,0,0,50,0,0,0,0,0,1,0,184,0,0,0,0,0,0,0,0,76,0,4349,0,0,85,14,27,0,0,0,0,0,5,62,0,0,1,0,0,0,0,61,0,0,0,0,0,0,0,0,0,0,0,0,0,0,0,0,0,0,0,0,73,0,2,0,0,0,0,0,0,0,0,0,0,0,0,0,0,0,2,5,360,0,0,0,0,18,9,0,0,0,0,0,0,0,0,0,0,0,2,0,0,1037,0,0,0,0,0,0,0,0,0,0,117,0,0,0,0,156,0,0,0,0,0,0,3,1,0,0,0,0,252,0,0,0,519,0,0,0,0,0,0,0,0,0,15,0,0,0,0,0,0,0,0,6,0,0,0,0,0,0,0,0,0,0,0,0,0,0,0,0,0,0,0,4,0,0,0,0,0,0,0,0,0,0,0,75,17,0,0,0,0,0,0,0,0,0,0,0,0,68,2,0,0,62,0,0,0,0,0,0,0,0,0,0,0,32,0,0,0,0,0,0,7,0,11,0,0,694,0,0,0,0,0,5,0,0,0,0,25,0,0,0,0,0,0,0,0,0,0,93,3,0,5,134,0,0,0,0,0,0,0,0,0,2,0,0,75,0,0,0,0,0,0,700,0,0,0,0,0,0,0,7,1,0,0,0,1,0,0,0,427,0,0,54,0
0,0,0,0,0,31,0,0,1,0,0,0,8,54,99,0,0,94,0,1,4,5,0,0,11,1060,0,0,8,3,304,0,0,6,0,0,1,2,44,0,0,0,0,0,0,1,1,0,0,0,0,0,122,0,0,0,0,0,0,0,50,0,0,0,0,0,18,0,1,7,2,0,3,0,0,1,0,3,0,198,1,0,1,0,0,0,0,0,0,64,89,0,0,1216,0,0,0,0,2,0,0,0,0,0,3,0,22,14,0,17,0,0,0,12,0,0,0,22,1,2,0,0,0,0,0,0,2,513,0,35,0,1,0,0,0,0,1060,0,1,0,13,0,0,0,0,0,15,0,0,0,1,1,0,0,85,0,0,0,0,13,0,0,0,176,0,0,0,0,0,1,1,0,0,0,0,0,0,14,434,3,0,0,0,0,0,0,0,0,0,0,0,35,1,6,1,0,135,1,0,0,0,0,0,1261,0,11,32,0,1,5,0,0,0,7,8,0,53,21,83,4,1,10,0,0,0,0,0,0,60,0,101,0,0,747,0,0,0,0,0,50,0,0,0,0,0,0,0,1,0,0,0,7,17,0,58,0,2,0,17,0,0,0,0,4,0,0,0,0,0,873,0,0,100,0,0,0,0,0,4,98,0,0,96,0,0,0,0,36,0,2,0,0,1,0,75,0,1,0,0,2,0
0,0,13,0,101,21,0,18,0,2,6,0,11,1,470,0,0,9,29,0,93,1,0,0,7,419,0,0,0,0,1,0,0,14,0,0,1,35,1,0,0,0,0,34,0,7,84,74,0,0,1,52,107,16,7,1,0,39,0,1,37,0,0,0,0,200,10,0,13,0,1,3,11,37,1,0,0,3,0,408,0,62,1,0,1,0,0,0,0,31,0,1,10,366,0,0,0,0,12,0,0,0,0,15,6,16,17,1065,325,53,0,8,0,6,0,0,0,84,16,0,0,0,0,0,6,0,2,0,1,49,0,24,0,0,0,1,726,0,0,3,86,30,0,0,1,0,4,1,0,0,4,6,0,6,0,0,9,0,27,13,1,0,0,0,0,0,4,1,0,0,1,0,4,0,0,0,3,8,32,1,2,0,0,0,6,0,0,0,0,0,1,16,1,0,201,0,0,1,0,1,0,0,0,2,0,13,0,0,1,0,0,0,67,9,3,1,8,2,566,0,1,0,0,0,0,0,1,0,29,0,41,1,0,68,0,0,1,0,0,0,3,0,1,0,0,0,0,0,0,0,221,2,8,0,11,1,12,0,8,26,2,0,0,1,6,0,0,0,33,4,0,19,207,0,1,0,0,1,4,2661,2,0,18,1,0,0,0,0,17,1,0,0,0,0,12,1,1,68,0,70,0
0,0,3,0,23,25,0,14,0,0,0,0,0,0,10,0,0,8,22,0,3,9,0,0,0,732,0,0,0,1,37,0,0,5,0,0,0,188,0,0,0,0,0,29,0,7,0,43,0,0,1,0,0,5,1,0,0,23,0,87,43,0,8,29,0,9,46,0,8,379,2,0,0,2,110,1,0,0,0,638,0,0,39,0,0,0,0,0,0,56,0,1,0,1425,0,0,0,0,9,0,3,0,0,2,6,10,27,5,0,234,0,13,0,3,0,0,0,29,12,1,0,0,0,3,0,0,4,59,1,39,69,1,0,0,0,1,0,0,0,0,0,0,2,0,0,0,44,1,0,0,6,33,0,21,0,0,0,0,0,17,0,0,1,1404,0,0,2,0,0,0,15,0,0,0,0,0,0,6,63,1,0,1,0,0,6,0,0,0,0,0,1,15,0,12,0,0,0,0,0,0,0,16,0,18,0,118,6,0,0,5,0,0,3,0,4,2,56,16,0,2,67,15,0,15,0,9,1,0,3,0,68,1,0,539,0,0,1,0,0,0,0,0,13,0,2,228,0,0,0,0,0,4,0,0,0,7,4,0,0,26,0,0,0,30,0,0,1,0,3,1488,5,19,39,0,4,1,0,0,1,657,0,0,111,0,0,0,0,0,0,34,49,0,0,2,2,4,0,0,0,41,14
0,0,2,0,17,0,0,0,1,0,13,0,0,0,0,0,3,17,25,0,62,15,0,0,0,1266,0,0,30,3,0,0,0,17,1,0,139,126,2,0,0,0,0,0,0,1,98,13,0,0,0,0,0,22,4,2,7,29,0,33,24,0,6,47,0,13,235,0,70,127,29,0,3,7,1,20,1,4,0,259,9,18,1,0,0,0,0,0,48,60,0,2,0,1604,0,0,0,0,20,0,0,0,0,54,23,0,59,2,0,0,0,58,0,20,0,0,0,17,55,0,23,0,1,0,21,10,1,129,3,3,0,1,0,0,0,0,0,1,0,0,0,0,7,0,0,0,25,8,1,0,5,0,0,2,0,0,0,0,0,227,0,1,0,1,0,0,1,0,1,0,4,0,0,0,0,5,5,161,91,0,0,0,0,0,4,0,0,0,0,0,7,35,3,0,0,0,0,0,0,1,0,0,0,19,0,119,0,0,1,3,0,0,0,0,30,1,74,219,24,0,82,0,0,11,1,0,21,0,50,1,29,1,2,428,0,0,3,0,0,21,0,0,0,0,3,74,0,1,0,0,0,1,0,0,4,14,2,0,21,195,1,0,0,8,0,0,0,0,2,937,0,0,79,0,0,0,0,3,67,1027,0,0,417,0,0,0,0,0,0,61,0,0,0,0,164,0,4,0,0,151,0
0,0,0,0,0,0,31,0,446,0,0,0,0,0,0,1,0,0,0,0,0,0,5,102,0,0,0,0,0,0,0,0,0,80,0,0,0,141,0,0,0,0,0,0,30,0,0,0,5,25,0,0,0,0,0,0,20,31,0,7,89,0,12,0,1,40,0,0,102,629,0,0,0,0,1,219,0,16,0,992,0,0,0,0,0,73,0,0,148,129,1,1,0,1077,0,0,0,0,0,0,0,0,0,0,0,0,1,171,0,0,0,32,0,0,0,0,0,80,0,0,0,0,0,2,52,0,189,0,0,0,0,0,0,0,0,0,0,0,1,0,0,0,0,0,0,0,0,0,0,0,15,0,0,0,0,0,0,1,16,14,0,0,0,0,0,0,0,154,0,26,0,0,0,0,0,0,0,8,522,0,0,0,0,0,0,0,0,0,0,0,0,76,15,1,0,1,18,0,0,0,0,0,2347,0,465,0,0,8,0,0,0,0,0,0,5,0,64,0,0,0,0,0,0,0,0,0,0,0,3,0,0,0,0,53,0,0,0,0,0,0,0,0,150,0,0,0,1,0,0,0,5,0,0,0,0,0,0,0,12,0,0,16,0,0,0,0,0,0,4,26,5,0,976,1,0,0,0,0,6,2,0,0,0,0,0,0,0,0,0,0,0,0,0,0,0,0,0,0,1,0,2
0,0,0,0,0,0,0,0,0,0,0,0,0,0,0,0,0,0,0,0,0,0,2,0,0,9082,0,0,0,50,0,0,0,0,0,0,0,0,0,0,0,0,0,0,0,0,0,0,0,0,0,0,0,0,0,0,0,0,0,0,0,0,0,0,0,0,0,0,0,0,0,0,0,0,0,0,0,0,0,192,0,0,0,0,0,5,0,0,0,0,0,0,0,0,0,0,0,0,0,0,0,11,0,0,0,0,0,0,0,0,0,0,0,0,0,0,0,0,0,0,0,0,0,4,0,0,0,0,0,0,0,444,0,0,0,0,0,0,0,0,0,0,0,0,0,0,0,0,0,0,0,0,0,0,0,0,0,0,0,0,0,0,0,0,0,0,0,0,0,15,0,0,0,0,0,0,0,0,0,0,0,0,11,0,0,0,0,0,0,0,0,0,0,0,0,0,0,0,0,0,0,0,1,0,0,0,0,0,0,0,0,0,0,0,0,0,0,0,0,0,0,0,0,0,0,0,0,0,0,0,0,0,0,0,0,0,0,0,0,0,0,0,0,0,0,0,0,0,0,0,0,0,0,0,0,0,0,0,0,0,0,0,0,0,111,0,0,0,0,0,7,0,0,0,0,0,0,0,0,0,0,2,0,0,0,62,0,0,0,0,0,0,0,0,0,0,0,0,0,0,0
0,0,0,0,0,0,1,36,0,0,0,0,0,21,16,0,0,0,0,0,149,24,0,0,20,71,0,0,5,0,0,0,0,0,0,0,0,0,0,0,0,0,0,37,0,22,0,0,0,20,0,0,0,14,0,0,0,53,0,216,47,0,3,0,0,211,534,0,5,339,1,0,0,8,0,0,0,0,0,1924,0,0,0,0,7,0,0,0,50,28,0,0,1,421,0,1,367,0,8,0,0,0,0,13,0,0,93,19,0,35,0,0,0,155,0,0,0,0,185,1,15,0,0,0,37,0,0,73,0,42,0,10,0,0,0,0,0,0,0,0,0,0,0,0,0,0,0,11,0,0,15,14,0,0,0,0,0,0,0,2,0,0,0,622,0,0,0,0,0,0,0,0,2,0,0,0,0,118,68,0,0,0,0,2,11,0,0,0,0,0,0,165,1,0,0,0,64,5,0,0,0,0,0,0,0,0,0,0,0,1,0,91,0,0,7,0,42,0,62,0,0,9,0,0,0,9,0,0,32,0,97,0,0,102,0,0,0,0,0,0,0,0,0,0,0,0,0,0,0,0,76,0,0,3,0,0,0,0,0,0,4,0,11,15,6,0,0,0,0,32,0,0,220,0,0,0,0,9,1,2269,0,0,211,0,0,0,0,8,32,105,0,0,0,0,1,0,85,0,0,18,10
0,0,32,0,0,10,0,37,0,0,0,0,2,3,0,0,0,0,40,0,84,10,0,70,9,111,0,0,0,0,0,0,0,6,0,0,2,123,0,0,0,0,0,0,0,0,0,0,0,0,0,0,0,21,0,0,0,14,0,153,30,0,4,0,0,8,31,0,179,127,1,0,53,61,0,0,0,3,0,1316,0,0,6,0,3,0,0,1,33,91,1,0,1,1462,0,0,0,0,41,0,0,0,0,2,0,3,75,19,25,60,0,0,11,875,0,0,0,0,20,11,0,0,0,0,0,0,2,60,0,97,0,15,0,0,0,0,0,0,0,0,1,0,0,0,0,0,37,0,0,0,12,5,0,0,1,3,0,0,18,0,0,0,0,892,1,0,0,0,0,0,0,0,0,0,0,0,0,0,742,0,0,0,0,0,4,0,0,0,0,0,0,100,0,4,0,0,0,1,0,0,4,0,0,0,0,0,0,0,1,2,0,0,0,0,19,0,115,1,9,5,0,40,0,1,1,0,0,0,93,2,297,0,0,626,0,0,0,0,0,2,0,0,0,0,0,0,0,0,0,0,180,0,17,1,9,0,2,0,0,0,0,0,5,5,0,1,0,0,0,974,0,0,27,0,0,0,0,1,8,3,0,0,144,0,0,0,0,1,3,42,0,0,0,0,50,6,8,0,0,30,0
0,0,0,0,0,0,55,0,0,0,0,0,0,0,36,0,2,0,0,0,0,17,0,0,0,21,0,0,42,0,477,559,0,107,0,0,3,0,0,0,0,0,0,0,0,82,0,0,0,0,0,85,0,0,0,0,0,1,0,86,0,0,0,0,0,6,10,0,0,25,0,0,0,5,0,0,0,0,0,20,0,9,0,0,0,11,1,0,0,111,2,12,0,0,0,0,0,1,81,0,2,0,0,0,2,2,432,281,0,0,0,0,0,136,0,1,0,3,147,0,0,0,0,2,12,2,0,254,0,0,0,0,0,2,0,0,11,3,0,0,11,0,0,0,0,0,0,0,0,0,6,9,0,0,1,0,0,0,8,28,0,0,0,860,0,0,0,0,0,0,18,0,8,0,0,0,0,228,46,4,3,0,0,0,31,0,0,0,0,0,0,130,0,0,0,0,0,0,0,0,0,0,0,0,646,235,0,0,3,25,0,0,3,0,4,0,160,28,253,3,22,180,0,2,0,1,0,0,0,3,160,0,0,491,0,0,12,0,0,5,0,0,0,3,3,0,0,0,0,0,20,0,0,38,138,8,0,0,8,0,2,0,0,4,0,0,0,71,0,0,0,0,963,0,1,0,1,0,0,1471,0,0,137,0,0,0,0,0,1,74,0,0,0,0,91,6,25,0,8,114,29
0,0,0,0,0,0,0,0,0,0,0,0,0,42,0,0,0,64,0,0,0,2,0,0,7,1437,0,0,0,0,0,0,0,6,0,0,10,58,3,0,0,0,0,0,0,28,55,0,2,0,0,0,0,0,0,0,0,32,0,68,34,0,0,0,0,155,254,0,40,0,2,0,0,85,92,0,0,5,0,1678,5,0,82,0,0,0,0,0,38,65,1,0,1,1191,0,0,0,0,42,0,0,0,0,0,7,0,1,725,0,0,0,1,0,28,0,0,0,44,142,1,13,0,0,0,29,0,0,73,0,178,0,422,0,0,0,0,54,0,0,0,0,0,0,0,0,0,0,0,0,0,18,0,0,0,0,0,0,0,0,17,0,0,0,0,0,0,0,0,0,0,0,0,0,0,0,0,0,111,287,0,0,0,0,0,0,0,0,0,0,0,0,24,0,0,0,0,0,1,0,0,0,3,0,0,0,0,0,0,0,0,0,0,0,0,28,0,56,0,0,0,0,0,0,0,0,33,0,0,58,0,229,0,0,620,0,0,0,0,0,0,0,0,57,0,0,0,1,5,0,0,0,0,0,0,32,0,0,0,6,10,3,0,0,7,0,0,0,0,0,1,0,0,9,0,0,0,0,0,34,784,0,0,106,0,0,0,0,0,0,13,0,0,0,0,6,0,4,0,0,138,0
0,0,0,0,0,0,1,0,0,0,0,0,0,0,0,0,0,0,0,0,0,0,0,4,0,628,0,0,31,0,0,0,0,0,0,0,8,0,2,0,0,0,0,0,0,106,0,0,0,0,0,0,0,0,0,0,0,1,0,0,0,0,0,0,0,0,555,0,0,90,0,0,0,569,0,0,0,0,0,0,0,0,0,0,0,2,86,0,0,0,4,0,63,0,0,0,0,0,17,0,0,0,0,0,0,0,0,2266,0,0,0,0,0,0,0,0,0,0,0,0,0,0,0,1,164,0,0,0,0,0,0,207,0,0,0,0,205,0,0,0,18,0,0,0,0,0,0,0,0,0,0,0,0,0,1,0,0,0,0,25,0,0,0,0,0,0,0,0,0,0,0,0,176,0,0,0,0,191,0,0,0,0,0,0,0,0,0,0,0,0,0,485,0,0,0,0,0,0,0,0,0,0,0,0,0,0,0,0,2,0,0,0,0,0,8,0,49,0,46,0,0,0,0,0,0,0,0,0,0,0,0,0,0,0,0,0,0,0,0,0,0,80,0,0,0,0,0,0,0,0,264,0,0,0,0,0,1,0,0,0,0,0,0,0,0,0,0,0,0,172,0,0,77,0,0,0,0,0,0,3194,0,0,29,0,0,0,0,0,13,0,0,0,0,0,114,0,0,0,0,42,0
0,0,0,1,0,0,0,0,0,0,0,0,3,0,1,0,0,0,0,0,0,0,0,0,0,370,0,0,0,0,0,1,0,0,0,0,0,15,0,0,0,0,0,0,0,44,0,0,0,0,0,0,0,19,0,0,0,0,0,0,54,0,8,0,0,7,1,0,12,500,0,0,0,0,5,0,0,3,0,255,0,0,129,0,0,0,0,0,122,0,0,1,1,970,0,2,0,0,0,0,0,6,0,1,0,0,0,5,0,0,0,0,0,0,0,0,0,0,67,0,0,0,0,0,0,0,0,11,0,38,0,0,0,0,0,0,0,0,0,0,0,0,0,0,0,0,0,0,0,0,0,0,44,0,0,0,0,0,0,0,1,0,0,0,0,0,0,0,0,0,0,0,1,0,0,2,0,37,21,0,0,0,4,0,0,0,0,0,0,0,0,67,0,0,0,0,0,0,0,0,0,0,0,0,1,2,0,0,0,2,0,0,0,0,0,0,26,4,0,0,73,6,0,9,0,0,0,332,0,0,139,0,0,0,0,0,0,0,0,0,0,0,0,0,0,0,0,0,0,0,0,0,0,0,0,0,0,0,2,0,0,0,0,0,0,0,0,0,0,11,24,0,2010,0,0,0,0,3,0,4144,0,0,281,0,0,0,0,0,25,0,0,0,0,0,0,0,0,0,25,53,0
1,0,0,0,0,0,0,0,0,0,0,0,9,0,19,28,0,0,0,0,0,68,0,37,0,1149,0,1,0,1,2,0,0,24,0,0,0,65,0,0,0,0,0,0,0,0,0,0,0,0,0,1,0,0,0,0,2,0,0,207,74,0,4,43,0,0,0,0,0,193,0,0,0,0,0,461,0,20,0,1813,0,0,0,0,0,0,459,0,56,0,0,0,1,892,0,0,0,0,0,0,0,10,0,0,0,0,0,293,0,43,0,0,0,0,0,1,0,13,0,0,3,0,0,0,7,0,0,0,0,0,0,0,0,0,0,0,17,0,51,0,75,8,0,4,0,0,0,0,0,2,59,0,0,49,1,0,0,0,0,0,1,0,0,0,0,0,8,3,0,0,5,0,0,0,15,0,0,0,0,0,0,0,0,0,92,0,0,0,0,0,0,17,2,21,0,0,1,0,0,0,0,0,1,0,1,39,0,0,7,0,1,0,0,0,0,0,58,0,612,0,62,56,0,0,0,0,0,0,84,0,0,0,0,88,0,0,0,0,3,0,0,0,0,0,4,24,0,0,0,0,0,0,0,0,14,12,63,0,27,0,0,0,0,13,0,0,0,0,0,15,0,0,203,0,0,0,0,0,5,1780,0,0,303,0,0,0,0,0,0,0,0,0,0,0,7,0,4,0,1,90,0
0,0,0,1,0,22,0,0,0,0,8,2,0,0,7,0,0,10,15,0,6,17,0,0,0,233,0,0,14,8,75,0,1,37,0,0,1,11,0,0,171,8,0,23,52,53,54,50,0,34,0,0,0,22,35,0,8,14,0,0,13,0,3,0,0,179,356,0,3,0,0,0,3,1,597,1,0,0,0,309,0,0,149,0,3,0,438,2,32,75,0,1,1,1073,0,0,2,0,10,0,0,0,8,24,38,30,3,43,246,30,0,0,0,30,4,0,0,22,56,0,0,0,0,7,2,0,0,84,0,91,145,5,0,1,0,0,6,1,0,3,50,0,0,0,1,0,18,2,0,0,14,13,0,0,1,0,0,0,0,242,0,0,0,1,0,0,3,0,0,0,19,0,0,0,0,0,0,160,72,1,0,0,0,0,35,0,0,0,0,0,18,101,1,0,118,0,0,2,0,0,0,0,0,0,0,4,5,0,1,7,0,0,0,0,16,0,55,0,1,0,0,28,0,0,0,0,37,0,45,9,164,1,0,1061,0,0,0,0,0,20,0,1,0,0,0,0,0,0,0,0,3,4,7,0,5,4,6,2,4,109,0,0,0,5,0,0,0,0,0,86,0,45,282,0,0,0,0,0,1,1180,1,0,593,0,0,0,0,0,30,78,0,0,0,0,53,0,21,14,0,28,0
0,0,0,0,49,0,0,0,0,0,0,0,0,0,47,0,0,0,0,0,0,9,0,64,0,810,0,0,21,0,0,0,0,0,0,0,0,15,0,0,0,0,0,0,31,0,0,0,0,0,0,0,0,0,0,0,0,23,0,38,190,0,4,0,0,8,96,7,5,49,0,0,0,0,4,0,0,0,0,779,0,112,0,0,0,0,0,0,52,0,1,11,1,1756,0,0,20,0,0,0,0,0,0,0,0,0,0,23,0,10,376,0,0,0,0,0,0,18,82,0,0,0,0,0,9,0,1469,0,0,0,0,0,0,0,0,0,0,0,0,0,0,0,0,0,0,0,48,0,0,1,0,0,0,10,0,0,0,0,0,0,0,0,0,1,0,0,0,0,0,152,4,1,1,0,0,0,0,0,724,0,0,0,0,0,0,0,0,0,0,16,0,45,0,0,0,0,0,0,1,0,0,0,0,0,237,0,0,0,1,1,0,0,0,0,0,0,224,0,430,0,0,46,0,0,0,0,0,0,0,0,0,0,0,31,0,0,0,0,0,0,0,0,0,0,0,6,0,1,0,0,0,0,40,0,4,0,0,0,0,0,0,0,0,0,0,0,0,0,19,67,0,0,222,0,0,0,7,0,0,1126,0,0,221,0,0,0,0,0,0,0,0,0,0,0,0,0,3,0,0,126,0
0,0,0,0,0,0,4,52,3,0,0,0,0,146,45,0,0,0,0,0,3,7,0,0,0,188,0,0,47,0,1957,23,0,19,0,0,26,0,2,0,0,0,0,2,0,3,0,0,0,0,0,0,0,0,5,0,0,0,0,12,0,12,0,0,0,0,37,0,0,0,4,0,0,7,0,0,0,0,0,12,0,0,4,0,31,2,0,0,0,65,0,24,9,0,0,1,0,0,9,0,0,0,0,1,1,0,0,2735,0,0,0,19,0,124,0,0,0,0,17,1,5,0,0,1,27,0,0,0,0,0,0,34,0,0,0,0,398,0,0,0,7,0,0,0,0,0,0,0,0,12,4,13,0,0,1,0,0,0,121,12,0,0,0,0,0,0,0,0,0,0,0,0,0,0,0,0,0,23,404,0,0,0,0,0,0,0,1,0,0,0,0,36,0,0,0,0,0,0,0,0,0,0,0,27,0,0,0,0,0,0,0,0,0,0,1,0,24,1,42,0,56,17,0,1,0,0,0,0,11,0,6,0,0,14,0,0,0,0,0,0,0,0,0,0,0,0,0,0,0,1,2,0,0,24,4,1,0,0,0,5,6,0,0,0,3,0,0,0,0,153,0,0,139,0,0,0,3,0,1,2363,0,0,62,0,0,0,0,0,2,6,88,0,0,0,144,0,7,0,0,32,0
0,0,0,0,0,0,0,0,0,0,0,1,10,1,48,0,0,76,18,1,95,8,0,0,0,288,0,0,0,4,174,2,0,37,0,0,1,38,1,0,0,0,1,53,61,2,0,15,0,19,1,0,0,31,18,0,0,22,0,107,46,177,3,0,0,0,6,0,0,79,10,0,0,12,4,1,0,16,0,393,0,0,44,0,5,22,89,0,45,70,0,1,0,1253,8,0,0,0,10,0,1,85,0,3,3,0,0,375,118,0,0,0,0,7,0,0,0,54,60,0,0,0,0,2,16,0,2,0,0,151,0,20,1,0,0,0,196,1,0,0,0,0,5,0,0,0,9,0,0,0,18,5,0,0,1,0,0,0,13,51,0,0,2,224,0,0,0,0,0,0,3,0,1,0,0,0,0,5,64,0,0,0,0,4,0,0,0,0,12,0,0,13,0,0,0,4,0,0,0,0,0,0,0,0,0,17,4,0,1,4,0,0,5,7,1,0,133,20,83,0,0,35,0,119,0,7,0,0,74,3,118,1,1,142,0,0,10,0,1,1,0,0,0,0,3,0,0,0,0,0,5,1,18,0,24,4,6,1,3,2,0,0,0,1,0,2,0,0,3,3,0,61,251,0,0,2,682,0,6,2754,0,2,85,0,1,0,0,0,17,8,45,0,0,0,155,48,3,0,0,53,18
0,0,0,0,0,0,45,0,0,0,0,0,1,0,15,0,46,0,0,7,0,0,0,15,0,1339,0,0,7,8,323,0,0,71,0,0,3,0,2,0,7,0,0,0,0,78,0,0,0,0,3,0,0,0,0,0,0,0,0,831,4,0,0,0,0,0,197,1,0,0,23,0,0,0,0,362,0,0,0,0,0,0,59,0,0,11,183,0,0,10,0,133,91,0,0,260,0,0,0,0,0,1,0,0,0,0,0,357,0,0,0,0,0,0,0,0,0,0,11,0,8,0,0,0,40,0,0,0,0,0,0,5,0,2,0,0,72,0,0,0,106,0,0,0,0,0,0,0,0,0,1,0,0,10,0,0,0,0,0,0,0,0,0,0,0,0,25,0,0,0,76,0,0,0,0,0,5,0,389,0,0,0,0,0,9,0,0,0,0,0,0,95,1,0,0,0,0,0,0,0,0,0,0,0,0,103,3,0,1,1,6,0,0,0,15,0,206,90,1063,0,1,0,0,0,0,0,0,0,5,0,27,0,0,989,0,0,2,0,0,3,0,0,0,0,0,0,0,0,0,0,0,0,34,0,19,8,4,0,0,72,0,0,0,0,2,0,0,0,0,283,0,0,194,0,11,0,0,0,28,905,0,0,166,0,0,0,0,1,0,0,0,0,0,0,0,0,17,0,0,393,0
0,0,0,0,0,0,2,0,0,0,0,0,1,0,79,0,40,1,0,1,0,126,0,2,0,1448,0,0,12,9,203,0,0,0,0,0,17,0,0,0,0,0,0,0,0,0,0,0,0,1,0,0,0,0,0,0,0,2,0,205,0,0,5,0,0,0,275,0,0,140,0,0,0,0,0,0,0,0,0,40,0,0,0,0,0,32,1,0,0,0,0,0,0,0,0,0,12,0,0,0,0,0,0,0,0,0,0,0,0,0,0,0,0,0,0,1,0,0,84,0,0,0,0,0,0,0,0,0,0,0,0,7,0,0,0,0,218,0,3,0,14,0,0,0,0,0,38,0,0,5,0,0,0,0,0,0,0,0,0,0,0,0,0,0,0,0,0,35,0,0,2,0,0,0,0,0,1,0,0,1,0,0,0,16,0,0,0,0,0,0,1,0,0,0,0,0,0,0,0,0,0,0,0,0,0,96,1,0,0,0,4,0,0,0,0,0,0,0,44,0,0,0,0,0,0,0,0,7,0,0,0,0,0,890,0,0,4,0,0,51,0,0,0,0,96,2,0,0,0,0,0,0,0,0,0,113,15,0,0,25,4,0,0,3,0,0,0,0,0,3193,0,0,255,0,0,0,0,0,0,1499,0,0,0,0,16,11,0,0,18,0,0,0,0,0,0,0,18,0,0,557,0
0,0,0,0,0,0,1,6,0,0,0,0,2,2,0,1,0,0,0,1,9,1,0,53,0,0,0,0,36,66,184,0,0,35,0,0,38,35,0,1,0,0,0,0,0,88,0,0,0,0,0,0,0,0,0,0,0,0,0,3,0,0,1,0,0,0,105,0,0,0,1,0,0,5,0,0,0,0,0,8,0,0,183,0,10,0,42,0,1,9,0,34,6,0,0,7,0,0,5,0,0,26,0,0,0,1,0,1240,1,0,0,0,0,5,3,0,0,0,101,0,0,0,0,7,62,0,0,0,0,0,7,9,0,0,0,0,4071,0,0,0,5,1,0,0,76,0,5,0,1,3,2,0,0,0,0,0,0,0,0,12,0,1,0,1,1,1,0,0,0,0,1,0,0,0,0,0,0,0,295,2,0,0,0,0,1,0,0,0,0,0,1,13,1,0,0,0,0,0,1,0,0,0,0,1,0,6,3,0,1,9,0,0,0,0,1,0,183,3,168,0,45,0,0,0,0,0,0,0,0,2,23,1,0,713,0,0,0,0,0,0,2,0,0,0,0,0,0,0,0,0,0,0,6,0,22,40,4,0,1,6,1,0,0,1,5,0,0,0,0,990,0,25,34,0,30,0,2,1,3,591,0,0,128,0,0,0,0,10,3,0,0,0,0,0,9,0,2,0,0,0,0
0,0,0,0,0,0,13,139,0,0,0,0,0,638,1,0,0,0,0,0,95,0,0,0,0,281,0,0,2,0,0,0,0,75,0,0,4,0,0,0,0,0,0,225,0,0,0,0,0,0,0,0,0,0,0,0,0,1,0,0,0,0,0,0,0,0,235,0,3,0,0,4,0,0,0,0,0,0,0,561,0,0,0,0,833,2,0,0,0,319,0,0,1,0,0,1,0,0,104,0,0,0,0,0,3,0,133,466,0,0,0,0,0,174,0,0,0,0,115,0,0,0,0,2,95,0,0,0,0,0,0,193,0,0,0,0,1,0,2,0,0,0,0,0,0,0,0,0,0,0,51,2,0,0,0,0,0,0,7,185,0,0,0,0,0,0,0,0,0,0,0,0,21,0,0,0,0,0,129,0,0,0,0,0,0,0,0,0,0,0,0,482,1,0,0,1,0,0,0,0,0,0,0,450,0,0,0,0,0,1,0,0,3,0,0,0,0,0,0,0,11,20,0,0,0,2,0,0,135,0,329,0,0,59,0,0,0,0,0,3,0,0,0,0,0,0,0,0,0,0,131,0,0,0,0,0,0,0,0,0,0,0,0,0,0,0,0,0,75,5,0,0,71,1,1,0,0,0,0,2365,0,0,740,0,0,0,0,0,0,0,0,0,0,0,0,0,1,0,0,0,0
0,0,0,0,0,0,0,0,0,0,0,0,20,0,0,0,0,31,0,0,0,47,0,0,0,196,0,0,33,0,0,0,0,132,0,0,5,52,0,0,132,0,0,0,102,186,0,0,0,80,0,0,0,0,0,0,0,29,0,0,0,0,3,0,4,0,0,0,8,5,0,0,0,0,1,207,0,0,0,268,0,13,0,0,0,0,0,0,88,134,1,0,1,1217,0,0,0,52,37,0,0,7,0,13,0,0,1,106,36,3,0,170,0,0,0,0,13,16,0,0,0,0,1,0,607,0,1012,83,0,0,0,37,0,1,359,0,0,0,0,0,0,0,0,0,0,0,0,0,0,0,0,0,0,0,1,0,0,0,6,52,0,0,0,0,0,0,0,0,0,0,0,0,2,0,1,0,0,0,0,0,0,0,0,0,0,0,1,0,0,0,0,232,1,0,0,0,0,1,0,0,1,0,0,0,57,5,0,0,0,13,0,0,0,0,21,0,0,0,0,0,0,0,0,0,0,0,0,0,0,0,65,0,0,141,0,0,0,0,0,40,0,0,0,0,0,0,0,0,0,0,0,0,0,0,0,0,0,0,0,0,0,0,0,5,0,0,0,0,10,1,0,0,509,0,0,0,0,0,43,2529,0,27,669,0,0,0,0,0,0,0,0,10,0,0,11,0,0,0,0,0,1
0,0,0,0,0,0,0,0,0,0,0,0,0,0,0,0,0,0,0,0,3,2,0,0,0,679,0,0,141,0,0,0,0,8,0,0,9,168,0,0,0,0,0,71,0,32,0,0,0,0,0,0,0,0,0,0,0,0,0,6,0,3,0,0,0,0,38,0,0,0,23,0,0,2,0,0,0,0,0,0,0,26,0,0,3,0,0,0,0,0,0,0,0,0,0,0,0,0,3,0,0,0,0,0,0,0,3,1026,0,400,0,0,0,45,0,0,0,0,16,0,0,0,0,91,5,0,0,0,0,0,2,3,0,9,0,0,0,0,0,0,0,0,0,0,0,0,17,0,0,0,0,0,0,122,0,0,0,0,0,0,0,0,0,3,0,0,0,0,0,16,0,0,0,0,83,0,0,0,94,0,0,0,0,0,9,0,0,0,0,0,0,75,0,0,0,0,0,0,0,0,0,0,0,0,0,0,0,0,0,0,0,0,6,0,0,0,3,122,0,14,0,152,0,0,0,0,0,0,3,0,10,0,0,498,0,0,0,0,0,0,0,0,0,0,0,0,0,0,0,0,11,0,19,0,0,0,0,0,4,0,0,0,0,0,0,0,0,0,12,3270,0,0,2478,0,0,0,0,0,3,20,0,0,7,0,0,0,0,0,23,44,0,0,0,0,3,0,0,0,0,65,0
0,0,0,0,0,0,0,0,0,0,0,0,0,0,21,0,0,13,0,0,3,1,0,0,0,1629,0,0,0,0,0,0,0,30,0,228,1,3,0,0,0,32,0,0,196,7,122,0,0,59,0,0,0,39,0,0,8,64,0,0,0,0,7,1,0,0,21,0,7,238,0,0,0,3,0,38,0,0,0,327,0,266,1,0,0,81,137,0,68,15,0,0,1,1685,10,9,0,92,6,0,0,0,0,5,32,0,2,376,16,0,0,0,0,4,0,0,0,38,31,0,0,0,5,1,4,0,0,148,0,358,11,11,0,0,32,1,0,0,0,0,0,0,0,0,3,0,0,0,0,1,29,2,0,0,0,0,0,0,0,70,0,0,0,0,0,1,0,0,0,0,0,0,20,0,0,0,0,0,84,0,0,0,0,0,13,0,0,7,0,0,0,6,0,0,0,1,0,0,0,0,0,0,0,0,609,10,5,8,6,1,0,0,247,2,5,1,0,0,2,0,98,53,0,0,0,1,0,0,11,1,115,1,0,578,0,0,1,0,9,0,0,0,0,33,0,2,0,0,0,0,0,0,0,0,0,0,3,3,5,0,0,0,0,1,0,0,0,0,0,654,0,3,194,0,0,0,0,3,14,351,0,0,106,0,0,0,0,0,0,1,0,0,0,0,1,10,0,0,0,74,0
0,0,0,1,0,0,0,0,0,0,0,0,0,0,0,0,0,0,0,0,0,0,0,0,0,4455,0,0,0,11,0,0,0,0,0,0,0,0,0,0,0,0,0,0,0,0,0,0,0,0,0,0,0,0,0,0,0,0,0,0,0,0,0,0,0,0,79,0,0,0,0,0,0,0,0,1114,0,0,0,26,0,0,0,0,0,0,0,5,0,0,0,340,0,0,0,0,0,0,0,0,0,10,0,0,0,0,0,0,0,0,0,0,0,0,0,0,0,0,38,0,0,0,0,3,0,0,7,0,0,0,0,0,0,0,0,0,0,0,0,0,0,0,0,0,0,0,0,0,0,0,0,0,0,0,0,0,0,0,0,0,0,0,0,0,0,0,0,0,0,0,0,0,0,0,0,11,0,29,98,0,0,0,0,0,0,0,0,0,0,0,0,0,0,0,0,0,0,0,0,0,0,0,0,4,726,0,0,0,0,0,0,65,0,0,0,0,291,0,728,0,1,0,0,0,0,0,0,0,36,0,0,0,0,1602,0,0,0,0,0,27,0,0,0,0,0,6,0,0,0,0,0,0,0,0,0,0,7,0,0,0,0,0,0,0,0,0,0,0,6,0,0,0,0,0,0,0,0,0,0,0,0,0,0,0,0,0,0,0,0,0,0,0,0,0,0,52,0,0,0,220,0
0,0,0,0,0,0,0,0,0,0,0,0,4,7,115,0,0,90,0,0,0,10,0,0,42,1,0,0,0,0,0,0,0,132,0,0,2,0,0,0,0,0,32,125,38,34,0,0,0,0,0,0,0,27,65,0,0,48,0,46,0,0,0,0,0,0,1,0,332,0,6,0,0,0,0,0,0,0,0,1016,0,0,1,0,0,0,0,0,77,0,0,0,1,2042,46,1,1,103,0,0,0,0,0,44,0,0,86,108,103,60,0,0,0,234,0,0,0,67,0,0,30,0,0,0,129,0,0,112,0,105,0,1,0,0,0,0,0,0,0,0,0,0,0,0,43,2,0,0,0,0,0,0,0,0,0,0,0,0,65,46,0,0,0,5,0,0,0,0,0,0,0,4,0,0,0,0,0,137,236,0,0,0,0,0,0,0,0,0,0,0,0,113,41,0,0,0,0,0,0,0,0,0,0,0,0,0,0,0,0,10,0,4,105,0,0,0,2,159,160,0,0,0,0,0,0,0,0,0,424,0,74,0,0,110,0,0,0,0,0,0,0,0,0,0,0,0,0,0,0,0,0,0,0,0,0,0,0,0,0,3,0,0,0,0,1,0,0,0,0,54,0,0,117,0,2,0,0,0,7,1928,0,53,458,0,0,0,0,0,0,0,0,0,0,0,0,0,118,0,0,0,0
0,1,4,0,0,20,0,0,0,0,2,2,0,0,0,1,5,0,0,0,0,2,0,0,0,42,0,0,0,0,0,0,21,80,0,0,0,769,0,0,0,0,0,37,0,45,0,11,0,0,0,0,0,18,99,0,0,24,1,0,18,0,135,0,0,235,0,0,0,341,0,0,0,0,5,0,0,0,0,1118,0,76,12,0,0,66,490,0,108,211,0,53,0,1350,0,0,0,0,35,0,0,0,5,14,0,4,0,120,0,15,0,0,0,113,0,0,0,55,54,0,0,0,0,2,220,0,1,85,0,0,0,0,0,0,85,0,0,0,0,4,42,0,0,0,67,0,111,1,2,0,20,0,56,2,1,0,0,0,0,31,0,0,0,0,0,1,0,0,0,0,2,0,0,0,0,0,0,647,46,1,0,0,0,0,14,0,0,0,0,0,1,180,0,6,0,0,0,4,0,0,0,0,0,0,0,106,5,0,0,0,0,0,0,0,0,0,108,0,0,0,0,7,0,0,0,0,0,0,0,0,199,0,0,7,0,0,2,0,0,52,0,0,0,0,1,21,79,0,0,0,0,2,18,0,91,114,3,0,100,0,9,0,0,10,0,0,0,0,0,7,0,0,23,0,0,0,0,0,3,1095,0,0,293,0,0,0,0,0,18,55,0,0,0,0,84,4,28,0,0,15,0
6,0,0,1,0,0,2,0,0,0,0,0,0,89,22,0,0,0,0,0,0,30,0,0,0,0,0,0,0,0,183,112,0,211,0,0,356,108,10,0,0,1,0,40,1,21,0,0,0,0,21,3,0,0,1,0,0,3,0,0,0,0,0,0,0,0,0,0,0,0,38,0,0,0,0,0,0,0,0,282,0,8,293,0,1038,0,0,0,0,151,0,0,0,0,0,0,0,0,113,0,0,0,0,0,5,0,331,0,0,0,0,0,4,98,0,0,0,34,88,0,0,20,6,0,103,0,0,0,0,0,12,0,1,0,0,33,8,0,0,0,28,0,0,0,0,0,0,0,0,16,12,9,69,0,0,0,0,0,0,139,0,6,0,0,0,0,0,1,0,0,0,0,0,0,16,0,0,499,18,0,0,0,0,0,33,0,9,0,0,0,0,43,0,0,0,0,0,0,0,0,0,24,0,0,1,0,0,0,0,2,0,0,0,0,10,0,65,40,182,0,0,0,0,4,0,0,0,0,139,0,0,0,0,0,0,0,0,0,0,0,0,0,72,23,0,9,0,0,0,3,338,9,30,0,71,0,7,0,0,2,0,0,0,2,0,0,0,2,6,0,0,0,0,0,6,1,1,0,39,3353,0,0,51,0,0,0,0,0,27,20,1,169,0,0,351,1,4,54,0,49,46
0,4,12,0,0,13,0,0,0,0,0,0,5,0,62,0,0,0,0,0,0,9,0,76,0,680,0,0,3,12,20,0,0,12,0,0,1,3,0,0,0,0,0,0,0,9,0,32,0,0,1,0,0,28,0,0,0,0,0,3,74,0,5,0,0,0,54,0,4,91,1,0,0,0,0,0,2,0,0,305,0,75,25,0,0,45,0,0,109,59,0,3,3,1572,0,0,15,0,0,0,0,17,0,0,0,0,0,2,0,36,0,0,0,255,6,0,0,29,284,0,0,0,0,1,84,0,1306,10,0,0,0,0,0,0,0,0,1880,0,0,0,0,0,0,5,0,0,18,0,1,0,0,0,0,3,85,0,0,0,0,0,1,0,0,0,0,0,0,0,0,0,2,0,0,0,0,0,0,0,43,8,0,0,0,0,6,0,0,0,0,0,0,54,0,0,0,0,4,0,0,0,0,0,0,677,212,21,0,0,1,3,0,0,0,0,0,1,3,0,113,0,1,62,0,0,0,0,0,0,33,0,0,0,0,299,0,0,0,0,0,12,0,0,0,0,3,7,0,0,0,0,0,0,15,0,14,116,49,0,0,0,1,0,0,2,0,0,0,0,0,96,0,0,122,0,0,0,0,0,0,229,1,0,222,0,0,2,0,0,0,0,0,0,0,0,0,0,4,0,0,119,0
0,0,0,0,0,0,0,0,0,0,0,0,18,0,4,0,0,37,0,0,0,0,0,130,32,326,0,1,0,0,0,0,0,0,0,0,0,0,0,0,0,0,0,0,0,108,156,0,4,40,0,0,0,0,0,0,0,54,0,0,152,0,6,0,0,94,87,0,0,0,0,0,0,15,0,344,0,0,0,2691,0,0,0,0,0,151,0,0,235,0,0,0,1,1405,0,18,13,0,0,79,0,2,11,0,0,0,0,0,227,0,0,0,0,14,0,0,0,0,203,0,0,0,0,1,58,0,31,93,0,84,0,1,0,0,0,0,6,0,0,0,0,0,0,0,49,0,0,0,0,3,44,0,0,0,1,0,0,0,199,15,0,0,0,0,0,0,0,0,0,0,0,0,0,0,0,0,0,0,0,0,0,0,34,0,0,0,1,0,0,0,0,0,25,0,0,0,0,0,0,0,0,0,0,0,0,403,0,0,0,0,0,0,0,0,0,0,54,0,0,0,0,0,0,0,0,0,0,0,20,0,0,0,0,56,0,0,0,0,0,0,0,0,0,0,0,0,0,0,0,0,0,0,0,0,0,0,31,0,0,0,42,0,0,0,0,0,0,0,0,51,0,0,40,3,3,0,0,0,0,1612,0,0,0,0,0,0,0,1,0,0,0,0,0,0,0,0,234,0,0,148,0
0,0,0,0,0,0,1,0,0,0,0,0,0,0,1,2,3,0,0,0,0,20,0,0,0,744,0,5,2,0,678,0,0,236,0,0,0,363,0,0,0,0,0,0,8,0,0,4,0,1,8,0,0,0,0,0,0,2,0,0,0,0,1,0,0,0,41,1,0,0,0,0,0,0,0,0,0,1,0,0,0,0,0,0,0,3,0,0,1,17,0,10,1,0,0,0,0,0,35,0,0,1,0,0,2,0,0,928,0,0,0,0,1,0,0,1,0,1,40,0,0,0,2,2,20,0,0,0,0,0,52,15,0,0,0,0,2,0,0,0,23,0,0,0,0,0,41,0,0,0,0,17,1,0,0,16,7,0,0,192,0,0,0,0,0,0,0,0,0,0,0,1,1,0,35,0,0,21,0,0,0,0,4,29,0,0,0,0,0,0,0,248,1,0,0,1,0,0,1,0,0,0,0,0,0,12,0,6,1,1,0,0,0,0,0,0,0,0,356,0,19,0,0,0,1,1,0,1,67,0,0,0,0,15,0,0,0,0,6,1,0,0,49,0,5,52,0,1,0,0,0,0,0,0,11,1,1,0,0,0,7,0,0,4,0,0,0,0,0,1,0,82,69,1,49,0,0,0,0,4784,0,32,276,0,0,0,0,0,0,32,97,0,0,0,9,1,6,0,1,58,0
0,0,0,0,0,0,9,0,0,0,0,0,0,0,1,0,0,12,20,0,74,6,4,24,7,2,0,0,3,1,0,0,0,4,0,0,6,76,0,0,0,0,0,29,0,8,0,30,0,9,0,0,0,3,0,3,3,34,0,116,84,0,3,0,0,31,21,1,0,173,0,0,10,47,435,0,0,0,0,1050,0,0,1,0,267,0,0,1,28,67,0,1,0,758,0,1,0,0,0,0,0,0,0,0,5,0,61,912,123,1,0,0,0,0,0,0,0,8,39,5,0,0,0,0,0,0,26,47,1,0,0,35,0,2,0,0,0,0,0,0,0,0,0,0,0,1,12,0,0,0,17,3,0,0,0,0,0,0,0,39,0,0,2,1195,0,0,2,2,0,0,3,0,1,0,0,0,0,246,114,0,0,0,0,0,17,0,0,0,0,0,1,50,1,0,0,0,0,0,0,196,0,0,0,0,0,3,0,0,0,2,0,0,102,7,36,8,23,167,0,7,17,29,0,36,0,0,0,0,98,0,155,1,0,54,0,0,6,1,0,0,0,0,0,0,0,0,0,0,0,0,677,2,4,1,0,3,0,0,58,5,9,0,0,7,43,0,0,0,0,1,23,42,31,0,3,0,0,0,5,1502,0,0,76,0,0,0,0,0,48,57,0,0,0,0,5,4,3,0,0,20,0
0,1,0,0,0,48,0,0,0,0,0,0,9,0,30,0,0,8,0,0,0,4,0,0,0,90,0,3,1,0,16,0,0,51,0,24,42,0,0,0,0,0,0,0,28,369,59,45,2,21,26,0,0,22,0,0,0,32,0,0,73,0,19,1,0,0,8,0,46,62,0,0,0,0,0,499,0,0,0,1172,0,21,2,0,0,0,1,0,42,73,0,2,1,1164,0,0,0,0,0,0,0,0,0,3,0,0,0,79,0,13,0,0,0,2,0,0,0,1038,0,8,0,0,0,1,653,0,0,71,0,0,0,0,0,0,0,2,83,0,0,0,0,0,0,0,109,0,0,0,0,0,0,0,0,0,1,0,0,0,0,0,6,0,0,0,0,0,0,0,0,0,0,0,62,1,0,0,0,0,98,0,0,0,0,0,0,0,1,0,0,0,0,74,1,0,0,0,0,0,0,0,0,0,0,73,1,0,4,0,1,11,0,0,0,0,4,0,0,5,473,0,0,17,0,0,0,0,0,0,41,26,9,0,0,11,0,0,0,0,0,0,0,0,0,0,106,1,8,0,0,0,0,0,0,0,0,0,0,0,0,0,0,0,0,0,0,0,0,0,0,2,0,0,614,0,1,0,0,0,0,1495,0,26,319,0,0,0,10,0,0,0,0,0,0,21,0,0,38,0,0,267,0
0,0,5,0,0,0,0,0,0,0,0,0,10,0,21,0,0,0,0,0,0,0,0,12,28,0,0,0,0,3,1,0,0,13,0,0,0,0,0,3,0,0,0,0,0,0,0,0,0,19,0,0,0,29,1,0,10,25,0,0,17,0,3,0,0,0,0,0,0,7,0,0,0,0,0,221,0,0,0,244,0,0,0,0,0,0,0,0,41,0,0,13,1,491,0,0,1,63,0,0,0,3,0,0,0,0,0,465,0,34,0,0,0,0,0,0,0,238,116,1,0,0,15,0,0,0,0,74,0,0,0,0,0,0,89,0,0,0,1,0,463,0,0,0,0,0,0,0,0,0,0,0,0,0,0,34,0,0,0,0,0,0,0,0,0,1,0,0,0,0,0,0,4235,13,0,0,0,0,0,0,0,0,0,0,0,0,0,0,0,0,0,91,0,0,0,1,0,0,0,0,0,0,0,0,0,180,2,0,0,4,0,0,0,0,0,1,48,0,493,0,0,0,0,0,0,0,0,0,0,0,0,0,0,949,0,0,0,0,0,0,0,0,0,0,3,0,0,0,0,0,0,0,0,0,0,242,17,0,0,0,0,0,0,2,0,0,0,0,0,3,0,0,678,13,0,0,0,0,0,0,0,0,94,0,0,0,0,0,0,0,0,0,0,0,0,0,1,0,0,116,0
17,0,0,78,0,0,0,0,0,0,0,0,7,0,367,41,12,0,0,0,0,1,0,290,0,1,0,4,17,0,0,0,0,0,0,0,22,83,0,0,0,0,0,0,265,1,0,0,0,0,0,0,0,0,0,0,37,82,0,0,0,0,12,0,0,0,93,0,125,17,0,0,0,0,1590,0,0,0,0,1684,0,0,0,0,0,0,0,0,287,0,1,9,1,1024,0,0,0,131,3,97,0,0,0,0,0,0,0,234,0,67,0,0,0,20,0,0,0,140,102,0,0,0,8,4,0,0,82,0,0,0,0,104,0,3,0,0,365,1,0,0,0,0,0,0,0,0,0,0,0,69,0,0,93,0,1,0,0,0,1,0,0,0,0,0,0,0,0,0,0,0,0,0,18,0,0,0,0,0,14,0,0,0,0,0,0,0,0,0,0,0,0,57,0,0,0,0,9,0,0,0,0,0,0,0,1,446,0,0,4,48,0,0,0,0,0,0,151,0,0,0,64,0,0,0,0,0,0,0,0,0,100,0,0,737,0,0,0,0,0,0,0,0,180,0,14,0,0,0,0,0,105,0,0,0,25,33,15,0,0,0,0,0,0,0,0,0,0,0,0,19,0,0,56,0,0,0,0,0,7,30,0,0,81,0,0,0,0,34,8,0,0,0,0,0,0,0,44,0,0,12,0
0,0,0,0,0,0,0,4,0,0,0,0,0,0,18,0,0,0,0,3,4,3,0,0,3,3623,0,0,10,1,180,8,0,335,0,0,41,0,1,0,0,0,687,67,0,124,0,0,0,0,1,0,0,0,1,0,0,0,0,51,0,19,0,0,0,0,95,0,0,108,8,0,0,5,0,0,0,0,0,117,0,0,0,0,1,4,0,0,0,53,0,3,0,0,0,0,0,0,57,0,0,0,14,0,2,0,0,0,0,0,0,0,0,44,0,0,0,0,4,7,0,0,0,1,1348,0,0,0,0,0,0,60,0,0,0,0,2,1,3,0,67,0,0,0,0,0,4,0,2,2,1,0,0,1,1,0,0,0,2,43,0,0,0,0,0,0,10,3,0,0,2,0,0,0,0,0,1,9,65,0,0,0,3,0,28,0,0,0,0,0,0,57,0,1,0,0,0,0,0,0,0,0,0,0,0,235,0,0,0,0,0,0,0,3,0,0,59,0,245,30,0,23,0,0,0,0,0,0,146,0,20,0,0,1110,0,0,0,0,0,17,0,0,0,0,0,0,0,0,0,0,0,0,0,0,4,23,4,0,2,2,4,0,0,1,0,0,0,0,0,26,0,13,98,1,0,3,0,0,0,214,1,0,127,0,0,0,0,0,54,5,0,0,0,0,35,0,25,0,0,51,0
0,0,0,0,13,0,1,1,0,1,1,0,0,1,9,0,7,0,0,0,1,6,0,0,0,2339,0,0,6,0,274,0,0,124,0,10,10,8,0,0,0,0,0,1,0,111,0,0,0,0,0,0,0,0,0,0,0,0,7,3,0,1,0,0,0,0,79,0,0,46,2,0,0,1,0,0,0,0,0,2,0,0,161,0,1,580,47,0,0,3,0,5,0,0,0,0,0,0,18,0,0,0,0,0,1,0,1,895,0,0,0,0,0,24,0,0,0,0,178,0,1,0,0,0,269,0,684,0,2,0,3,1,0,0,0,0,0,0,0,1,5,0,0,0,0,0,2,1,0,8,1,1,0,0,0,0,0,0,0,20,0,0,0,1,0,0,0,0,0,5,1,0,8,0,0,0,0,1,402,0,0,0,16,0,5,0,0,0,0,0,86,20,1,0,5,0,0,0,1,108,0,0,0,6,0,2,0,0,0,0,31,0,6,0,2,0,56,0,0,0,56,1,0,0,0,0,0,0,14,0,5,0,0,717,0,0,0,0,0,15,0,0,0,0,0,0,0,0,0,0,1,1,1,0,0,0,9,0,1,0,1,0,0,1,0,0,0,0,0,1262,0,0,123,0,1,0,0,0,1,901,0,0,91,0,0,0,0,0,2,2,0,0,0,0,0,0,6,0,0,61,0
21,0,0,0,0,0,0,13,0,0,0,0,0,20,227,0,0,15,0,1,101,1,0,300,0,0,0,0,30,19,1,8,0,2,0,0,1,10,0,1,0,0,0,54,0,8,0,34,49,23,0,2,0,30,124,0,0,14,0,1,18,74,5,0,0,45,14,1,35,10,2,0,0,121,149,0,0,3,0,97,0,26,3,0,0,78,215,0,142,74,12,1,1,958,0,4,0,0,2,1,0,0,0,0,4,0,84,20,137,67,129,0,0,4,0,1,0,63,25,0,6,9,0,0,0,89,43,56,1,275,0,19,0,0,0,0,263,1,0,0,74,0,0,2,314,187,3,0,0,1,2,5,0,4,1,0,0,0,15,2,0,0,0,392,1,0,0,0,0,0,7,0,2360,0,0,0,0,11,1,0,0,0,0,18,5,0,0,0,0,0,1,50,2,1,0,1,7,0,0,0,0,0,1,13,0,27,0,24,1,5,0,0,4,8,1,1,9,32,481,4,20,36,0,2,6,8,0,0,6,1,101,9,0,281,0,3,1,0,0,0,0,0,0,0,5,1,0,0,0,0,190,1,24,0,28,5,28,0,4,19,1,5,1,10,0,0,0,0,14,15,0,41,291,0,1,1,0,1,2,195,0,0,19,1,0,2,0,5,8,0,0,0,0,0,14,2,6,0,0,18,0
0,0,0,0,0,0,1,0,0,0,0,0,0,702,5,0,0,0,0,0,0,0,0,0,0,2870,0,0,0,1,0,0,0,0,0,0,0,523,0,1,0,0,0,0,0,0,0,0,0,0,0,0,0,0,0,0,0,0,0,784,0,0,1,0,0,0,0,0,0,0,0,0,0,0,0,58,0,0,0,80,0,0,0,0,0,0,0,0,0,65,0,266,6,0,0,0,0,0,0,0,0,14,0,0,0,0,48,0,0,0,0,0,0,293,0,0,0,1,276,18,0,0,58,2,11,0,0,0,0,0,0,0,0,0,0,0,2,0,0,0,2,0,0,0,0,0,0,0,0,0,0,0,0,0,1,0,0,0,0,0,0,0,0,0,0,0,0,0,0,0,0,0,0,0,0,0,0,0,996,0,0,0,0,0,0,0,0,0,0,0,0,126,7,0,0,27,0,0,0,0,0,0,0,0,0,6,4,0,0,3,0,0,0,0,0,0,146,0,0,0,0,0,0,0,0,0,0,0,0,0,0,0,0,0,0,0,0,1,0,0,0,0,0,0,0,0,0,0,0,0,0,0,0,0,0,0,0,0,23,0,0,0,0,0,0,0,0,0,40,174,0,0,59,0,14,0,16,0,0,2266,0,0,0,0,0,0,0,0,0,0,0,0,1,0,0,0,0,0,0,0,0
0,0,4,1,0,7,0,26,0,1,25,1,0,62,7,0,0,8,20,0,0,21,0,0,12,782,0,0,0,0,886,0,0,6,0,5,1,200,0,0,0,0,0,40,44,7,0,63,0,0,1,0,0,22,0,3,0,7,0,151,97,0,0,1,0,82,26,0,2,64,215,2,0,5,296,432,0,0,0,969,0,51,0,1,263,0,0,1,0,45,0,0,0,1152,0,0,0,0,1,0,0,1,0,20,3,0,0,1,0,3,106,0,0,4,11,0,0,53,23,2,0,5,0,2,6,55,0,35,3,170,0,2,5,0,30,1,0,0,0,0,0,0,1,1,45,0,48,1,0,0,12,55,0,3,0,0,0,0,186,26,0,0,2,309,0,0,1,0,0,0,12,0,1,0,0,0,0,0,584,2,0,0,0,0,17,0,0,8,0,0,0,34,0,0,193,0,0,1,0,0,0,0,0,56,0,34,0,0,1,0,1,0,1,0,6,1,157,266,0,2,0,16,0,0,0,0,2,0,53,15,79,1,0,21,0,0,1,0,0,20,2,0,0,0,2,25,0,0,0,0,0,0,34,0,1,0,0,1,6,31,6,0,1,11,1,0,0,0,21,338,0,73,15,0,4,0,0,0,0,9,2,0,293,0,0,0,1,0,28,125,0,0,1,0,0,16,2,0,0,30,0
0,0,0,0,1,0,5,0,0,0,0,0,0,0,16,0,2,1,0,0,0,24,0,0,0,2237,1,0,4,9,6,0,0,0,0,0,0,0,1,0,0,0,0,0,0,0,0,5,0,0,0,0,1,0,0,0,0,0,0,1,0,0,0,1,0,0,5,0,0,0,19,0,0,0,0,84,1,0,0,7,0,1,3,0,0,895,0,0,0,0,0,1,3,0,0,0,38,0,0,0,0,39,0,0,2,0,0,23,0,0,0,0,0,0,0,0,0,0,52,0,0,0,0,1,549,0,0,0,9,0,0,0,0,0,0,0,16,0,0,0,0,0,0,0,0,0,0,0,1,0,8,0,0,0,1,0,0,0,0,0,0,3,0,746,0,0,0,0,1,4,2,0,0,0,0,0,1,71,10,1,0,0,0,0,0,0,0,0,0,0,0,0,0,0,0,0,0,0,0,0,0,0,0,1233,0,5,0,0,0,0,8,0,0,0,0,0,0,15,146,0,15,14,0,0,0,0,0,0,64,0,0,0,0,353,0,0,1,0,0,24,0,0,0,0,4,1,0,1,0,0,0,0,0,0,11,49,0,0,0,0,0,0,0,0,0,0,1,0,0,42,0,0,2698,0,1,0,0,0,0,1,0,0,236,0,0,0,0,0,0,0,0,0,8,0,0,0,2,0,0,164,0
0,2,1,0,0,0,1,5,0,0,0,0,6,0,33,0,0,0,0,0,6,2,0,0,0,3310,0,0,6,55,90,0,0,70,0,0,14,6,0,5,0,0,0,7,0,713,0,0,0,0,6,0,0,0,0,0,0,9,0,0,0,1,1,0,0,0,33,0,1,77,3,0,0,0,0,0,0,0,0,23,0,0,160,0,1,6,0,0,0,22,0,1,4,0,0,1,0,0,22,0,0,5,0,2,1,0,64,1419,0,0,0,0,0,0,0,0,1,0,70,0,0,0,0,2,50,0,1,0,0,0,1,19,0,0,0,10,1,0,0,0,409,0,0,0,0,0,11,0,0,0,8,0,0,0,1,0,0,1,0,1,0,0,0,1688,0,0,0,0,0,1,4,0,0,0,0,0,0,1,43,0,0,0,0,0,0,0,0,0,0,0,0,0,1,0,11,2,0,1,0,0,0,0,0,1,0,185,26,0,0,1,0,0,0,0,0,0,0,1,0,0,15,38,0,0,0,0,0,0,0,0,51,0,1,11,0,2,4,0,0,14,0,0,0,0,0,0,16,0,0,0,122,0,4,0,2,185,101,0,0,0,1,0,33,0,190,1,0,0,2,11,0,8,48,0,2,0,0,0,1,312,0,0,31,0,0,8,0,3,1,6,0,0,0,0,11,0,16,0,0,10,0
0,0,0,0,0,0,2,0,0,0,0,0,0,0,0,0,17,0,0,0,0,48,0,0,0,471,0,0,49,0,0,0,0,0,0,0,0,0,0,0,0,0,0,0,0,0,0,0,0,0,0,0,0,0,0,0,0,4,0,41,0,0,0,6,0,0,81,0,0,131,0,0,0,0,0,0,0,0,0,133,0,2,60,0,0,47,161,0,0,0,0,4,0,0,0,0,0,0,47,0,0,0,0,0,0,0,0,1395,0,0,0,0,0,0,0,1,0,0,172,0,0,0,0,3,0,0,332,0,0,0,0,210,0,0,0,0,415,0,0,0,98,0,0,0,0,0,14,0,0,0,0,0,0,5,1,0,0,0,0,5,0,0,0,0,0,0,0,0,0,0,3,0,0,0,0,0,0,0,38,0,0,0,0,0,8,0,0,0,0,0,295,52,0,0,0,0,0,0,0,13,0,0,0,0,0,5,1,0,0,0,0,0,0,0,0,0,128,0,424,0,0,0,0,0,0,0,0,0,0,0,229,0,0,139,0,0,0,0,0,45,0,0,0,0,9,0,2,0,0,0,0,0,0,0,0,17,1,0,0,0,0,0,0,10,0,0,0,0,0,246,0,0,1550,0,0,0,0,0,0,2681,0,0,0,0,0,0,0,4,28,0,0,0,0,0,72,44,0,0,0,0,0
0,0,0,17,0,0,2,25,0,0,0,0,0,0,2,1,0,0,0,0,34,25,0,10,20,342,0,0,0,18,623,40,0,25,0,0,110,0,0,0,0,0,0,0,0,16,0,0,0,0,20,0,0,0,0,0,0,0,0,40,0,0,0,0,0,0,710,0,0,0,36,0,0,32,0,0,0,0,0,0,0,0,0,0,122,5,0,0,0,134,0,0,0,0,0,0,0,0,46,0,0,0,0,0,0,0,0,920,0,0,3,0,0,39,0,0,0,0,0,0,0,0,0,3,37,0,0,0,0,0,0,34,0,3,0,0,21,0,0,0,0,0,0,0,0,0,0,0,0,0,15,0,0,51,1,39,0,0,16,43,0,0,0,2,0,0,0,0,0,0,0,17,0,0,0,0,0,55,663,0,0,0,0,3,0,0,0,0,0,0,0,214,1,0,0,0,5,0,0,0,0,0,0,0,1492,0,0,0,1,17,0,0,0,0,49,0,0,0,0,0,0,0,0,0,0,0,0,0,20,0,0,0,0,1326,0,0,0,0,0,0,0,0,0,0,3,47,0,0,0,0,0,0,0,0,109,0,6,0,0,2,0,0,6,0,2,0,0,0,0,0,0,0,423,0,2,0,0,0,0,1177,0,0,434,0,0,0,0,0,0,0,0,1,0,0,55,0,33,0,0,155,0
0,0,0,0,0,0,1,0,0,0,1,0,1,459,4,0,0,1,0,0,6,1,0,4,0,1661,0,0,6,0,2,0,0,5,0,0,1,2,1,0,1,0,0,54,0,2,0,0,0,0,2,0,0,0,0,0,0,0,0,3,0,24,1,0,0,16,2,0,0,0,15,1,0,94,0,0,0,0,0,1,6,0,1,0,39,0,0,1,0,45,288,1,4,0,0,1,0,0,18,0,0,0,0,0,0,0,66,160,0,7,0,0,0,22,0,0,1,1,6,0,0,0,0,1,46,0,2,0,1,0,0,379,0,0,0,18,3956,0,0,0,1,0,0,0,0,0,0,0,0,0,1,30,0,4,1,0,0,0,0,1,0,0,0,227,0,0,0,0,0,17,0,0,6,0,0,0,0,1,4,0,0,0,4,0,1,0,0,0,0,0,0,7,1,0,15,3,6,0,0,47,0,0,0,24,250,1,0,0,0,1,0,0,0,0,2,0,1,1,0,4,0,0,0,0,0,0,0,0,79,0,60,0,0,44,0,0,0,0,0,0,0,0,0,0,0,0,0,0,0,0,0,1,1,0,1,0,0,0,1,0,0,0,1,0,1,0,0,33,0,55,0,5,40,314,1,0,0,1,1,1264,0,0,3,0,0,0,0,0,6,0,0,0,0,0,0,0,1,0,0,1,0
0,0,0,0,0,37,0,0,0,0,0,0,0,0,34,0,0,11,0,0,139,1,0,0,0,157,0,0,5,4,64,0,0,26,0,0,1,0,0,0,0,0,0,0,0,55,97,93,0,23,1,0,171,34,0,0,0,13,0,12,43,0,0,0,0,0,25,0,0,81,3,0,0,371,0,33,0,0,0,242,6,70,0,0,0,0,85,0,0,80,0,0,1,2100,2,0,0,0,0,0,0,4,0,3,0,0,0,1,0,0,0,0,0,13,0,1,0,17,74,0,0,0,0,0,8,1,0,63,0,139,0,0,0,1,55,0,148,0,0,0,0,0,0,0,33,0,2,0,0,0,31,5,0,7,0,0,0,0,214,230,0,0,0,0,0,0,0,0,0,0,0,0,0,0,0,0,7,307,8,1,0,0,0,0,1,0,0,0,0,0,0,119,1,0,0,0,0,0,1,0,0,0,0,0,0,3,1,0,0,0,0,0,2,0,5,0,33,64,145,0,128,0,0,0,0,1,0,0,14,0,106,2,0,6,0,0,4,0,0,1,0,0,0,0,0,0,0,0,0,0,0,2,0,0,0,1,12,0,5,66,1,0,0,1,17,0,0,0,0,6,0,17,298,0,0,0,0,0,0,2887,0,0,414,0,0,22,0,0,22,21,0,0,0,0,0,0,2,0,0,82,0
0,0,0,0,0,14,0,0,0,5,0,0,1,0,1,0,0,5,0,0,0,59,0,0,48,113,0,0,3,2,164,0,0,45,0,0,3,358,0,0,94,0,0,0,0,0,0,0,0,53,3,0,0,0,10,6,0,14,0,0,32,0,0,0,0,0,146,1,56,344,12,0,0,0,0,1,0,0,0,1390,0,0,2,1,0,32,0,0,35,241,0,0,1,887,0,1,0,67,25,0,0,4,0,11,32,0,0,55,0,0,0,0,0,427,0,0,0,0,226,0,0,0,0,1,349,2,0,42,0,8,0,3,0,0,0,0,33,0,0,0,0,0,1,0,40,0,12,0,0,0,22,5,0,0,1,0,0,1,0,0,0,0,2,0,0,0,0,0,0,0,14,0,68,0,0,0,0,0,489,0,0,0,0,0,2,0,0,0,0,0,0,146,1,0,0,0,0,0,0,0,0,0,0,1,0,6,4,1,0,2,2,0,1,4,36,0,0,0,1,0,0,62,0,45,0,8,0,0,55,0,0,0,0,321,0,0,4,0,1,0,0,0,0,0,2,0,0,0,0,1,0,0,9,0,60,2,1,0,12,7,0,0,0,2,0,0,0,0,29,6,0,41,148,0,0,0,0,0,11,1989,0,0,414,0,0,0,0,0,0,40,48,0,0,0,13,0,55,0,0,289,0
0,2,0,0,0,2,1,9,0,0,0,0,0,186,8,0,0,0,0,0,94,21,0,0,0,1580,0,0,0,0,404,0,0,166,0,0,0,64,5,0,0,0,0,133,0,85,0,4,0,0,0,0,0,0,0,0,0,0,0,23,3,0,0,1,25,0,29,0,2,0,23,1,0,88,0,0,0,0,0,17,0,0,0,0,555,0,0,0,0,100,0,0,0,0,0,0,0,0,26,0,0,0,0,0,3,0,238,7,0,0,0,0,0,129,0,0,0,1,239,0,0,0,0,1,39,0,0,0,0,0,0,134,0,0,0,0,382,0,0,0,1,0,0,0,0,0,12,0,0,0,7,9,0,12,0,0,0,0,0,22,0,0,0,996,0,0,0,0,0,0,16,0,1,0,0,0,0,118,252,0,0,0,0,0,12,0,0,0,0,0,0,35,3,0,0,0,0,0,1,0,0,0,0,103,0,24,0,0,1,7,0,0,0,0,4,0,167,165,5,5,0,0,0,0,0,0,0,0,54,0,100,1,0,585,0,0,0,0,0,28,0,0,0,0,1,0,0,0,0,0,0,2,26,0,34,0,0,0,0,26,0,0,0,0,43,0,0,0,0,133,0,0,81,295,0,0,0,3,17,1483,0,0,151,0,0,0,0,0,1,12,0,0,6,0,55,0,10,0,0,50,0
0,0,33,0,95,25,1,0,0,2,0,0,9,0,171,1,0,83,0,0,0,103,0,29,0,10,1,0,7,2,54,0,0,0,0,0,0,150,0,0,0,0,0,0,0,0,0,45,4,0,0,0,0,34,0,0,0,24,0,0,29,0,14,10,0,8,0,1,0,41,57,0,0,0,0,61,0,7,0,1289,0,0,20,0,0,64,121,0,96,110,0,4,0,309,0,1,3,0,0,0,0,0,0,0,0,0,0,65,0,0,0,0,12,0,0,0,0,37,0,0,0,0,0,0,687,0,2,0,0,59,0,1,0,1,76,0,19,0,1,0,10,3,0,0,0,0,27,10,1,0,10,0,0,4,1,0,4,0,0,65,0,0,0,1,0,0,0,0,0,9,4,0,0,0,0,0,0,377,0,1,0,7,0,0,7,0,0,0,0,0,0,243,1,5,0,0,0,4,0,0,0,0,0,661,0,29,3,0,1,12,0,0,0,0,0,0,0,249,396,0,0,4,0,0,0,0,0,0,98,0,0,0,0,278,1,0,1,0,1,27,0,0,0,0,0,23,0,1,0,0,0,1,8,0,13,23,3,0,21,0,0,0,0,0,1,0,0,0,0,42,0,0,179,0,0,0,0,0,21,1836,0,0,767,0,0,0,3,0,0,167,0,0,0,0,48,0,5,0,0,126,77
0,0,0,0,0,0,0,25,0,0,0,0,0,0,0,0,49,1,0,4,104,71,0,0,0,0,0,0,11,105,191,24,0,182,0,0,0,428,0,0,0,0,0,0,0,303,0,1,0,0,0,0,0,0,3,0,0,0,7,492,4,0,0,1,0,0,266,0,0,346,96,0,0,0,0,11,0,0,0,164,0,0,0,0,73,0,0,0,0,0,0,0,0,0,16,0,0,0,0,0,0,28,0,0,0,0,0,0,0,0,0,0,0,1401,0,0,0,0,546,3,0,0,0,0,0,759,0,0,3,0,1,4,0,0,0,0,57,0,0,0,1,0,4,0,0,0,22,11,0,0,5,0,0,44,0,0,0,0,0,0,0,2,0,0,0,0,0,0,0,0,3,0,0,0,0,0,0,0,1021,1,0,0,0,3,3,0,1,0,0,0,0,181,0,36,0,0,0,0,0,0,0,0,0,0,0,13,1,0,0,17,42,0,15,0,47,1,286,0,520,14,649,0,0,0,0,0,0,1,0,0,0,0,0,348,0,0,0,0,0,4,0,0,0,0,5,9,0,0,0,0,0,8,0,0,0,81,7,0,11,2,0,0,0,4,0,0,0,0,11,19,0,26,155,0,1,0,0,0,0,0,0,0,265,0,0,0,0,0,0,4,0,0,0,0,0,0,13,0,49,255,0
0,0,6,0,0,17,0,0,0,0,0,0,2,1,2,0,0,8,0,0,133,8,0,0,0,54,0,0,13,0,0,0,0,4,0,0,1,0,0,0,122,0,0,0,0,16,0,0,0,11,0,0,0,24,0,0,0,13,0,106,27,0,12,0,0,22,1418,1,0,0,0,0,0,11,0,0,0,2,0,1557,0,43,0,0,10,0,0,0,0,30,0,1,1,945,7,0,0,0,1,0,0,0,0,0,3,0,1,2776,0,70,0,20,0,2,0,20,0,24,64,5,1,0,1,0,1,10,75,62,1,0,0,5,3,1,0,0,0,0,0,0,0,0,0,0,0,0,0,0,0,0,18,0,0,0,0,0,0,0,0,68,0,0,0,0,0,0,0,3,0,2,20,0,1,0,0,0,0,81,109,0,0,0,0,0,0,0,0,0,0,0,0,60,1,10,0,0,0,0,1,0,0,0,0,0,0,15,0,0,1,0,0,0,0,0,5,0,36,49,86,0,0,0,0,0,0,0,0,221,0,0,117,0,0,189,0,0,0,0,0,0,0,0,0,0,0,0,9,1,0,0,2,0,14,0,0,48,5,0,4,0,3,0,0,0,0,0,0,0,23,10,28,0,17,0,0,0,0,2,3,627,0,0,156,0,0,0,0,2,52,25,0,0,0,0,0,0,78,7,0,26,0
0,0,0,12,0,0,0,0,0,0,0,0,14,0,27,0,0,0,0,0,0,0,0,82,0,530,0,0,5,89,75,0,0,0,0,0,26,141,0,0,0,0,0,0,56,10,0,0,0,0,0,0,0,57,0,0,0,33,0,0,62,0,0,0,0,0,0,0,130,0,0,0,0,0,11,143,0,0,0,348,0,0,71,0,0,232,0,0,70,0,0,2,0,2095,0,1,0,0,0,0,0,0,0,0,0,0,0,5,0,168,0,0,0,0,0,14,0,95,0,0,27,0,0,1,0,0,1,0,0,0,0,1,0,1,0,0,0,0,0,0,0,0,0,2,0,0,0,0,0,0,0,0,2,0,0,1,0,0,0,3,20,0,0,0,0,0,0,195,1,0,0,0,1,0,0,1,0,0,149,0,0,0,0,0,0,0,0,0,0,0,2,42,3,0,0,0,0,0,0,0,0,0,0,2,2,73,0,10,0,9,0,0,0,0,0,0,0,0,337,0,0,0,0,0,2,0,0,0,0,0,0,0,0,246,0,0,0,0,0,23,0,0,0,0,6,8,0,0,0,0,0,0,0,0,0,568,29,0,0,0,0,0,0,6,7,0,0,0,0,200,0,0,115,2497,2,0,0,0,0,3,0,0,163,0,0,605,0,0,0,26,0,0,0,4,0,0,8,0,0,0,0
0,0,7,1,0,23,0,0,0,0,0,0,0,1,0,0,0,9,0,0,0,1,0,0,10,66,0,0,9,0,19,0,0,14,1,0,1,0,0,0,166,35,0,0,138,1,1,0,0,0,0,0,0,32,0,0,0,12,0,1,51,61,0,0,0,41,6,0,4,66,1,0,0,4,410,27,0,0,0,67,0,17,0,0,1,0,0,0,0,0,0,0,0,1324,17,0,0,0,0,0,7,12,0,2,5,0,1,64,0,0,0,0,0,6,0,0,0,0,0,6,0,0,0,0,5,1,109,528,1,160,0,1,1,1,0,0,0,0,0,0,0,0,0,0,27,0,0,0,0,0,2,0,0,4,1,0,0,0,1,33,0,1,0,0,0,0,0,0,0,0,0,0,0,0,0,35,0,5,7,0,0,0,0,0,0,0,1,0,0,0,1,28,0,0,2,0,3,0,0,0,0,0,0,1,0,0,0,0,0,0,0,0,0,0,1,0,0,4,0,0,0,1,0,1,0,0,0,0,35,2,63,0,4,148,0,0,0,0,0,8,0,0,15,0,5,0,0,1,0,0,130,1,0,0,0,7,1,0,3,0,0,0,0,0,1,0,0,1085,0,4655,0,2,64,0,0,0,0,1,2,4,0,0,28,0,0,0,0,3,3,2,0,0,0,0,18,0,0,0,0,12,0
0,1,0,0,0,0,1,0,0,1,0,1,4,0,10,0,0,1,1,0,20,5,1,0,1,2085,1,0,142,0,0,0,1,0,0,0,0,0,0,1,0,0,0,38,0,28,0,1,0,0,0,0,0,0,46,0,0,0,0,2,1,25,0,7,0,2,24,0,0,0,0,1,1,4,0,0,0,0,0,1,0,1,3,0,0,1,0,1,0,0,70,0,0,0,0,0,0,1,6,0,0,20,6,1,2,0,0,0,0,18,0,44,0,1,0,0,3,0,0,0,0,0,0,20,159,2,0,1,1,5,20,1,55,0,0,0,3833,0,0,0,0,0,0,0,152,0,1,6,0,9,3,0,0,0,51,0,0,0,9,0,0,0,0,220,0,0,0,0,0,7,0,0,1,0,0,0,0,7,0,1,0,0,0,0,1,0,0,0,0,11,0,1,1,0,0,0,0,1,0,0,110,0,0,1,0,1,1,0,0,5,2,0,1,0,0,0,0,0,109,18,0,1,0,0,0,0,34,0,51,0,29,1,1,0,0,1,1,0,0,1,0,0,0,0,0,0,0,0,1,0,0,0,0,1,1,3,0,2,4,0,0,8,0,1,0,0,0,0,2,0,1,0,535,0,0,0,1,0,0,1394,0,0,206,0,0,210,0,0,0,5,0,0,0,0,30,0,1,0,0,32,0
0,0,9,0,0,21,0,0,0,0,6,0,8,0,0,0,0,16,61,0,0,1,0,13,20,0,0,0,1,1,0,0,0,61,0,0,4,52,0,0,0,0,0,0,0,15,1,9,0,18,0,0,144,5,0,0,1,13,1,1,110,0,3,0,6,39,61,1,4,50,1,0,1,0,0,1,0,2,0,375,1,18,4,0,0,50,90,0,42,0,0,4,1,989,0,0,0,0,0,0,0,1,0,2,0,0,0,88,35,215,0,0,0,0,3,0,0,32,80,0,0,0,0,0,4,5,1,80,183,142,0,1,0,1,0,0,35,3,0,1,6,0,0,0,0,95,13,0,0,0,1,0,0,0,0,0,0,0,0,140,0,0,0,0,0,0,0,0,0,0,3,0,0,10,0,0,0,0,156,2,0,0,0,0,1,0,0,0,0,0,1,14,2,0,25,0,0,1,0,244,15,3,0,1,0,8,1,0,1,1,0,0,0,0,7,1,81,1,1,0,0,0,0,7,0,0,0,0,0,11,14,0,1,1369,0,3,4,1,0,22,0,57,0,0,0,0,60,0,0,0,0,1,8,0,18,11,1,4,7,0,5,0,0,2,0,0,0,0,0,2537,0,0,32,0,1,0,0,1,9,1523,0,0,120,0,0,0,0,0,1,0,0,0,0,0,2,0,57,0,0,38,0
21,0,0,1,0,0,0,0,0,0,0,0,10,0,62,0,0,60,0,0,0,1,0,0,0,4,0,0,25,0,0,0,10,43,0,23,2,0,0,0,400,0,0,0,33,32,0,0,0,0,0,0,0,0,0,0,0,62,0,0,52,0,11,0,0,31,0,1,6,0,2,0,0,16,466,72,0,0,0,520,5,0,0,0,10,0,0,0,138,220,0,55,23,931,60,0,0,0,32,0,0,0,0,1,12,6,110,1,0,0,0,0,533,1,0,0,0,93,1,0,20,0,0,0,539,0,0,0,0,188,0,27,0,13,0,0,82,0,0,0,0,0,0,0,0,0,16,2,0,0,6,0,35,0,0,0,0,0,0,127,0,0,0,0,0,0,0,0,0,0,0,0,15,0,0,0,0,121,0,0,0,0,0,0,0,0,1,0,0,0,0,11,0,0,0,0,0,0,0,0,0,0,0,0,0,11,0,0,1,0,0,0,0,0,4,0,0,49,116,0,47,10,0,0,0,0,0,0,22,0,132,0,0,366,0,0,0,0,1,0,0,0,490,0,0,0,0,4,0,0,223,4,0,0,11,0,0,0,0,0,1,0,0,0,0,0,0,0,0,1159,0,0,284,0,0,0,0,0,0,1238,0,0,231,0,0,0,0,0,0,88,0,0,0,0,49,0,0,0,0,66,0
0,0,0,0,0,0,1,0,0,0,1,0,0,0,2,0,0,0,0,0,1,4,0,0,2,5508,1,0,8,0,0,0,0,74,0,0,4,0,0,0,0,0,0,4,0,328,0,1,0,0,0,0,0,0,0,0,0,0,0,0,0,0,0,0,0,3,14,0,0,0,0,0,0,0,0,0,0,0,0,1,0,6,4,0,0,0,0,1,0,0,0,0,1,1,0,0,2,0,0,0,0,0,0,0,1,0,0,245,0,0,0,0,0,57,0,0,0,0,89,0,0,0,0,1,82,3,0,0,0,4,0,53,0,0,0,0,0,0,0,0,1216,0,0,0,0,0,0,0,0,0,16,1,0,0,0,0,0,0,0,16,0,0,0,166,0,0,0,0,1,0,0,0,1,0,0,0,0,1,0,0,0,0,0,0,4,0,0,0,0,0,0,101,0,0,0,0,0,0,0,0,0,0,0,400,0,29,0,0,1,0,140,33,0,0,16,0,0,4,172,2,1,1,0,0,0,2,1,0,21,0,0,1,0,28,0,0,0,0,0,17,0,0,0,0,0,0,0,0,0,0,48,0,0,1,25,0,15,0,0,7,0,0,0,0,1,0,0,0,1,1,0,0,82,0,0,0,0,1,0,827,0,0,5,0,0,0,1,0,0,3,0,0,0,0,0,0,0,0,0,90,0
0,0,0,0,0,0,16,0,0,0,0,0,0,0,1,0,0,0,0,0,0,0,0,0,0,0,0,1,151,0,0,0,0,133,0,0,7,238,0,5,0,0,0,0,0,663,0,0,1,0,1,0,0,0,0,0,0,0,0,366,0,0,0,0,0,0,231,0,0,548,0,0,0,0,0,0,0,3,0,41,0,7,0,0,0,0,0,0,0,113,0,0,1,0,0,0,0,0,49,0,0,0,0,0,19,0,0,1074,0,14,0,0,0,0,0,0,0,0,33,0,0,0,0,1,133,0,0,0,0,0,0,17,0,0,0,0,1,0,0,0,1,0,0,0,0,0,0,0,0,1,9,0,0,0,0,0,0,1,0,0,0,0,0,0,0,0,0,5,0,0,6,1,4,0,0,0,0,0,0,0,0,0,0,0,0,0,0,0,0,0,0,120,2,0,0,0,0,0,0,0,0,0,0,0,0,5,0,0,0,14,0,0,0,0,0,0,105,0,0,0,0,0,0,0,0,0,0,0,0,0,0,0,0,673,0,0,0,0,0,0,0,0,0,0,0,0,0,0,0,0,0,0,0,0,0,8,0,0,0,0,0,0,0,0,0,0,0,0,16,3,0,0,204,0,0,0,0,0,7,4515,0,0,184,0,0,0,0,0,0,0,0,0,0,0,0,0,0,0,0,249,0
0,0,0,3,0,0,0,0,0,0,0,0,0,0,15,0,0,0,0,0,0,0,0,0,0,3194,0,0,28,104,0,0,0,60,0,0,0,0,0,0,0,0,0,0,0,0,0,2,0,0,0,0,0,0,0,0,0,0,0,0,0,0,0,0,0,0,19,0,0,0,0,0,97,0,0,387,0,0,0,0,0,0,4,0,0,0,0,0,0,0,0,0,88,23,0,2,0,0,0,0,0,50,0,0,0,0,0,3226,0,0,0,0,0,0,0,0,0,0,0,0,0,0,0,5,2,0,0,0,0,0,0,0,0,0,0,0,0,0,0,0,96,0,0,0,0,0,15,0,0,0,0,0,0,0,0,0,0,0,10,0,0,0,0,0,0,0,0,0,0,0,2,0,0,0,0,0,0,0,0,0,0,0,0,0,0,0,0,0,0,0,0,0,0,0,0,0,0,0,0,0,0,0,0,1,0,60,0,0,0,0,0,0,0,0,0,0,0,11,298,0,0,0,0,0,0,0,0,0,0,0,0,0,0,0,0,0,0,0,0,0,0,0,0,0,0,0,1,0,0,0,0,0,0,0,0,0,0,0,0,1,0,0,0,0,4,0,0,0,9,1430,0,0,726,0,0,0,0,0,0,0,0,0,2,0,0,0,5,0,0,18,0,0,0,0,0,0,0,0,0,1,0
0,0,0,0,0,0,0,0,0,0,0,0,0,262,0,0,0,0,0,0,47,34,1,0,0,2790,0,0,13,0,0,1,0,38,0,0,0,31,0,0,0,0,155,36,0,37,0,0,0,0,0,1,0,0,0,0,0,1,0,175,0,37,0,0,21,0,132,0,0,14,0,0,0,16,0,0,0,0,30,0,0,0,0,0,0,0,0,0,0,0,0,33,0,0,0,0,0,0,18,0,0,0,0,0,3,0,10,1449,0,24,0,0,0,142,0,0,0,0,89,6,0,0,0,0,372,41,0,0,3,0,5,0,0,0,0,0,0,0,0,0,0,0,3,0,0,0,13,0,0,0,0,0,0,13,0,0,0,0,0,8,0,0,0,0,0,0,0,0,0,0,0,0,1,0,0,0,0,0,111,1,0,0,0,0,0,0,0,0,0,0,0,25,0,0,0,0,0,0,0,0,147,0,0,0,0,0,0,0,0,0,3,0,2,0,0,0,45,0,0,5,0,0,0,0,0,0,0,0,0,0,222,0,0,851,0,0,0,0,0,0,0,0,0,0,0,0,0,0,0,0,0,0,0,0,0,0,0,0,0,4,0,0,0,3,0,0,0,0,14,265,0,0,48,0,0,0,0,0,0,1919,0,0,47,0,0,0,0,0,0,33,0,0,0,45,53,0,0,0,0,56,0
0,0,0,0,0,56,0,0,0,0,0,0,5,101,2,0,0,22,0,0,239,6,0,0,0,40,0,0,0,0,188,0,0,1,0,0,1,39,0,0,0,0,0,0,0,0,0,36,0,0,10,0,0,0,113,0,0,0,0,263,53,0,0,1,0,237,165,0,7,151,6,0,0,10,0,582,0,0,0,361,0,0,0,0,464,20,0,0,109,50,0,0,1,1213,0,0,0,0,0,0,0,0,0,2,0,0,0,249,0,30,0,20,0,0,0,0,0,17,30,6,0,0,0,51,0,0,139,72,1,0,0,85,0,0,0,1,0,0,0,0,0,0,0,1,0,0,0,0,0,0,11,40,0,20,0,0,0,0,0,64,0,0,0,0,0,0,1,0,0,0,0,0,1,0,0,0,0,109,31,0,0,0,0,0,0,0,0,0,0,0,1,181,0,0,0,0,0,0,0,0,0,0,0,247,0,18,0,0,0,0,0,0,0,0,0,0,78,164,0,0,42,0,0,0,0,0,0,0,94,0,128,0,0,107,0,0,1,0,0,50,0,0,0,0,4,0,0,0,0,0,212,0,0,0,0,1,0,0,0,0,0,0,12,0,4,0,0,0,0,23,2,0,302,5,7,0,0,0,0,2675,0,0,13,0,0,0,0,3,38,0,0,0,1,0,30,0,2,0,0,26,0
0,0,0,0,0,0,0,0,0,0,0,0,30,0,52,0,0,9,0,0,0,8,0,0,0,194,0,1,2,0,1,0,0,23,0,0,1,32,1,0,179,0,0,0,138,201,0,12,0,0,0,0,0,0,0,0,0,29,0,9,0,0,31,0,0,0,136,0,4,0,0,0,0,14,0,88,0,4,0,1516,0,0,0,0,0,0,0,0,52,144,0,0,35,372,0,1,0,59,0,0,0,0,0,0,0,0,0,868,330,0,0,0,0,0,21,0,0,13,5,0,0,0,0,3,40,4,0,55,0,0,0,0,0,0,0,0,11,0,0,0,753,0,0,0,7,0,14,0,0,0,0,0,0,0,0,0,0,0,0,0,0,0,0,0,0,0,0,0,0,0,2,1,0,0,0,0,0,0,1,0,0,0,0,0,0,0,0,0,0,0,0,67,1,1,0,0,0,0,0,0,0,0,0,0,0,132,0,0,0,1,0,0,0,1,0,0,69,0,353,0,0,0,0,0,0,0,0,0,27,0,0,0,0,229,0,0,0,0,0,0,0,1,0,1,0,0,0,0,0,0,24,0,0,0,0,8,0,0,5,4,0,0,0,1,0,0,0,0,0,5,0,1,419,0,0,0,0,0,0,2992,1,0,43,1,0,0,0,1,0,3,0,0,0,0,6,0,20,0,0,81,0
0,0,0,0,0,0,1,61,0,0,0,0,0,155,36,0,0,0,0,0,0,79,0,0,0,0,0,0,0,0,50,0,0,71,0,0,9,265,0,0,0,0,0,0,0,1441,0,0,1,0,0,0,0,0,0,0,0,0,0,32,0,0,0,0,0,1,0,0,0,0,216,0,2,15,0,0,0,0,0,131,23,0,0,0,0,0,0,0,0,66,0,0,6,0,0,0,0,0,0,0,0,0,0,0,6,0,387,194,0,0,0,0,0,0,0,0,0,2,483,0,0,0,0,0,64,0,0,0,0,0,0,0,0,0,0,2,62,0,0,0,1137,0,0,0,0,0,18,25,0,0,38,0,0,0,0,0,0,0,0,0,0,0,0,5,0,0,0,0,0,0,12,0,0,0,0,0,0,0,151,2,0,0,0,0,27,0,0,0,0,0,0,195,0,0,0,0,0,9,0,0,0,0,0,2,0,131,0,0,7,4,0,0,0,0,65,2,206,0,0,8,0,0,0,0,0,0,167,0,133,0,243,0,0,24,0,0,0,6,0,0,0,0,0,0,0,46,0,0,0,0,0,0,53,0,23,0,0,0,21,139,3,0,0,24,0,0,0,0,77,28,0,100,139,0,48,0,0,0,4,2339,0,0,254,0,0,0,0,0,0,10,0,0,0,0,35,0,11,0,0,169,0
0,0,0,0,24,0,312,0,0,0,0,0,0,0,45,0,0,0,0,0,0,0,0,26,0,0,0,1,133,20,0,0,0,112,0,0,0,0,0,0,0,0,0,0,0,141,0,0,0,3,0,185,0,0,0,0,0,4,0,0,0,0,0,0,0,0,0,15,0,308,0,0,0,0,0,0,0,0,4,0,0,0,0,0,0,0,3,0,2,0,342,0,0,0,0,13,0,0,0,0,0,98,0,0,0,10,0,0,0,0,0,0,2,0,0,0,0,0,275,0,14,0,0,3,0,0,87,0,0,0,62,153,0,0,0,0,21,0,9,0,14,0,0,0,0,0,0,0,0,0,0,0,0,0,0,50,0,1,0,111,0,0,0,777,0,0,0,14,0,0,5,0,0,3,0,0,0,15,468,0,0,0,0,0,0,0,0,0,0,0,0,0,18,19,0,0,0,0,0,33,0,0,0,0,0,0,0,0,0,56,0,0,0,0,0,0,199,0,0,0,0,0,0,0,9,0,0,0,0,0,0,0,0,373,0,0,0,0,0,0,0,0,0,0,0,0,0,0,0,0,0,0,0,0,0,0,22,0,0,29,0,0,0,37,0,0,0,0,0,1358,0,0,291,0,0,3,0,0,0,3383,0,0,0,0,0,0,0,0,0,0,0,0,0,0,0,0,5,0,0,0,280
0,1,28,0,25,23,0,0,0,2,22,0,0,0,15,0,4,7,32,0,0,8,0,0,0,746,3,0,1,1,1,0,0,55,1,0,12,89,0,0,0,0,0,0,0,29,51,50,0,14,1,0,0,5,0,1,0,9,1,54,63,0,7,1,0,0,145,0,4,28,45,0,0,0,332,9,2,2,0,1216,0,142,45,0,0,0,73,0,0,0,0,1,0,665,3,0,30,0,0,0,1,0,35,22,0,0,0,10,0,0,0,162,0,2,0,0,0,0,50,0,0,0,0,0,0,0,1,403,1,122,0,7,0,0,0,0,0,0,32,0,601,4,0,1,218,0,58,6,2,0,5,19,0,0,0,0,0,0,0,95,1,6,0,0,0,0,0,0,0,0,9,0,1,0,0,0,4,103,147,1,0,0,15,1,60,0,0,253,0,0,16,20,0,0,0,0,0,1,1,633,0,0,0,397,0,119,3,0,0,0,2,0,0,0,3,0,101,34,0,0,45,12,0,0,0,0,45,0,44,24,612,0,0,182,0,0,1,0,0,3,0,0,0,0,0,1,0,0,0,0,0,3,0,0,0,8,22,0,8,0,18,0,3,8,0,1,0,0,0,357,1,59,24,0,0,0,0,0,20,108,1,0,372,0,0,0,0,0,53,40,0,0,0,0,0,0,3,0,0,40,0
0,0,0,0,0,20,2,0,0,0,0,0,14,0,426,0,0,0,0,0,0,2,0,16,0,1067,0,0,65,3,1,0,0,1,0,0,0,398,0,0,0,0,0,0,0,63,0,0,0,21,1,0,0,0,0,0,0,23,0,5,60,0,0,0,0,6,110,0,0,127,0,0,0,3,395,26,0,0,0,596,0,72,0,0,4,0,0,0,0,0,0,0,1,330,0,0,0,0,0,0,0,84,0,0,0,0,0,407,27,0,0,0,0,1,0,0,0,0,19,0,0,0,0,0,1,0,127,0,0,124,0,1,0,0,0,0,0,0,0,0,0,0,0,0,0,0,0,0,0,0,0,13,0,0,0,0,0,0,0,24,0,0,0,0,0,0,0,0,0,0,0,0,6,0,0,0,0,0,81,1,0,0,0,0,6,0,0,0,0,0,0,2,0,0,242,0,0,0,0,0,0,0,0,0,0,263,2,0,0,75,3,0,0,0,0,0,19,0,0,3,0,0,0,0,0,0,0,0,1,0,0,0,0,813,0,0,0,0,0,0,0,0,0,0,0,0,0,0,0,0,0,0,0,0,0,0,46,0,2,43,0,0,0,0,19,0,0,0,0,2256,0,1,92,0,0,0,1120,0,0,1,0,0,128,0,0,0,0,0,0,17,0,0,0,0,0,1,0,0,0,73,0
0,0,1,0,0,0,0,0,0,1,1,1,0,0,45,1,38,0,0,0,54,22,0,0,0,2147,6,0,263,1,118,0,0,15,0,0,23,108,0,0,0,0,0,0,0,0,0,1,0,0,0,0,1,2,1,3,0,0,0,11,1,0,0,3,0,23,8,0,0,0,4,2,4,6,0,0,1,2,0,9,0,2,26,0,41,1,12,0,0,159,0,13,0,0,0,0,0,0,29,0,0,0,1,0,0,2,357,226,0,0,0,0,0,56,0,1,0,0,5,0,0,0,0,29,79,0,0,0,2,0,0,1157,0,7,2,0,232,1,0,0,2,0,0,0,0,0,9,3,0,0,4,1,0,12,1,0,11,0,0,12,0,7,0,438,0,0,0,0,0,149,3,0,0,0,48,0,0,12,0,1,0,0,6,0,2,0,1,51,0,0,7,17,4,0,0,0,0,0,0,0,0,0,0,1,0,19,1,0,1,70,0,0,11,1,1,0,36,14,1,0,3,21,0,0,0,0,0,0,27,0,95,0,1,550,0,0,1,0,0,1,0,0,72,8,1,1,0,0,0,0,0,0,15,1,3,1,1,0,2,0,1,0,0,2,0,0,0,0,0,0,5,0,579,0,0,0,0,2,9,2060,1,0,10,0,0,0,0,0,11,7,0,0,0,0,177,0,8,0,0,11,0
0,0,0,0,0,12,0,0,0,0,0,0,0,0,0,0,0,77,0,0,0,32,0,0,0,209,0,0,136,4,0,0,10,19,0,0,0,663,0,0,0,0,0,0,0,0,0,36,0,0,0,0,0,26,61,0,0,0,0,65,35,0,0,0,0,0,61,0,10,178,5,0,0,0,3,386,0,17,0,798,0,73,0,0,0,0,0,0,125,58,1,71,1,1641,0,0,0,0,0,0,0,0,0,0,0,0,26,65,0,33,0,0,0,0,0,0,0,0,64,0,0,0,0,0,0,0,1072,0,0,0,0,7,0,0,0,0,0,0,0,0,0,0,0,0,0,0,48,0,0,0,2,0,0,0,0,0,0,0,0,59,0,0,0,0,0,0,0,0,0,0,0,0,0,0,0,0,0,0,474,0,0,0,0,0,0,9,0,0,0,0,0,14,1,0,0,0,68,1,0,0,0,0,0,0,0,32,0,0,0,0,0,43,0,0,0,0,73,173,0,0,0,0,0,0,0,0,0,0,0,0,0,0,0,267,0,0,1,0,0,0,0,0,0,0,0,0,0,0,0,0,0,0,15,0,55,0,0,0,9,41,0,0,0,0,0,0,0,0,166,1051,0,0,23,0,0,0,0,0,5,861,0,0,386,0,0,10,0,0,17,0,0,0,0,0,18,0,0,0,0,0,0
0,0,0,0,0,0,0,0,0,1,0,0,1,0,0,0,0,1,0,0,0,37,0,0,1,2578,1,0,1,38,491,0,0,212,0,0,96,144,2,0,0,7,0,0,0,35,0,0,0,0,0,0,0,0,2,0,0,0,0,0,0,0,0,0,0,0,101,0,0,0,0,0,0,0,0,124,0,0,0,8,8,0,32,1,0,0,0,0,0,46,0,2,1,0,0,0,0,0,51,0,0,0,0,1,2,0,0,0,0,0,0,0,0,7,1,0,0,0,106,0,0,0,0,6,210,0,0,0,0,47,14,19,0,0,0,0,1,0,0,0,0,0,0,0,5,0,10,3,0,0,0,1,0,0,1,0,0,0,1,0,0,0,6,0,0,1,0,0,0,0,0,0,0,0,0,0,0,19,51,0,0,0,0,0,0,0,0,0,0,1,0,63,0,0,0,0,0,4,0,0,0,0,0,0,0,122,0,0,1,1,0,0,0,6,6,0,57,0,53,0,0,14,0,0,0,0,0,0,44,9,65,0,0,0,0,0,4,0,0,0,0,1,0,0,0,0,0,0,1,27,7,2,8,0,1,6,0,0,13,15,0,0,30,1,0,0,0,0,0,0,0,54,1372,0,0,0,0,0,0,2474,1,0,562,0,0,0,0,0,16,6,0,0,7,0,0,0,0,0,0,421,0
0,0,0,0,0,0,0,0,1,0,0,0,0,206,20,0,8,0,0,0,0,64,0,10,0,0,0,0,70,4,0,0,0,233,0,0,0,58,0,0,0,0,0,0,0,0,0,0,8,0,0,0,0,0,0,0,0,8,0,175,0,52,0,0,0,0,0,0,0,1,0,0,0,22,0,0,0,0,0,50,0,0,0,0,0,0,0,0,3,215,0,6,222,0,0,0,0,0,93,0,0,0,0,0,0,0,6,398,0,0,0,0,4,768,0,0,0,0,23,20,0,0,0,0,1140,0,0,0,0,0,7,100,0,0,0,0,672,0,0,0,0,0,0,0,0,0,17,0,0,0,6,0,0,2,0,0,0,0,0,0,0,0,0,2135,0,0,0,0,0,0,5,0,1,0,13,0,0,121,68,0,0,0,0,0,0,1,0,0,0,0,0,103,25,1,0,2,0,0,0,0,0,6,0,0,0,18,0,0,5,3,0,0,0,0,65,0,95,0,0,0,0,0,0,0,0,0,0,0,116,0,125,0,0,570,0,0,0,3,1,0,0,0,0,0,0,10,0,0,0,0,264,5,14,1,65,0,0,0,0,0,0,0,0,0,0,0,0,0,9,3,0,0,61,0,0,0,921,8,7,0,0,0,276,0,0,0,0,0,0,10,0,0,0,0,58,0,4,0,0,104,5
0,7,0,0,14,0,1,0,0,0,1,0,0,0,16,1,1,1,0,0,0,2,0,0,0,586,0,0,6,0,1120,0,0,87,12,0,6,252,0,0,4,0,0,0,0,27,3,0,0,2,7,0,0,0,0,0,0,0,0,0,0,0,1,3,0,0,295,0,0,107,39,0,0,0,0,0,0,0,0,9,0,3,8,0,0,1,2,3,0,17,0,9,0,0,118,0,0,0,233,0,0,0,33,1,0,0,0,1959,0,71,0,0,0,11,2,2,79,4,7,0,0,0,0,3,64,0,0,40,2,0,0,141,0,0,0,0,79,0,0,8,123,0,0,0,7,0,2,0,0,16,14,40,6,0,0,0,0,0,145,59,0,0,0,0,0,2,0,0,0,7,5,0,2,1,0,0,0,2,0,0,0,0,0,0,8,0,0,168,0,0,8,2,1,0,0,0,0,0,0,0,0,0,0,3,0,10,5,0,0,4,0,0,0,0,5,0,115,0,0,0,9,56,0,0,0,174,0,0,0,5,3,1,0,20,0,0,5,0,0,5,0,0,0,0,0,6,0,0,0,0,0,0,7,1,0,2,42,0,13,72,5,0,0,1,13,0,0,0,0,291,0,6,130,0,10,0,0,0,6,2756,0,0,14,0,0,0,0,2,0,9,0,0,0,0,0,0,0,0,0,60,0
0,0,0,0,0,0,0,0,0,0,0,0,0,0,25,0,1,139,0,0,0,0,0,0,0,193,0,0,6,4,0,0,0,69,0,0,0,0,0,0,0,0,0,0,0,0,0,72,0,0,0,0,0,9,0,0,0,19,0,7,44,0,0,0,0,334,0,0,0,154,0,0,0,0,0,0,0,0,0,1240,0,0,0,0,0,159,0,0,73,100,0,0,1,1948,1,0,59,0,0,0,0,24,74,0,0,0,3,865,0,6,0,0,0,76,0,0,0,0,101,0,0,0,0,0,20,0,0,0,0,0,0,34,0,0,0,0,249,0,0,0,120,0,0,0,0,0,2,0,0,0,1,1,0,0,0,0,0,0,0,0,0,0,0,924,0,0,0,0,0,0,0,0,0,0,0,0,0,0,0,0,0,0,0,0,4,0,0,0,0,0,0,40,4,9,0,0,0,0,0,0,0,0,0,0,0,88,6,0,3,2,1,0,0,0,1,0,0,0,157,0,0,0,0,0,0,67,0,0,203,0,0,0,0,179,0,0,0,3,0,2,0,0,0,0,0,20,0,0,0,0,0,0,25,1,0,10,0,0,0,1,0,0,0,3,0,0,0,0,0,20,0,0,224,0,0,0,0,4,0,1668,0,0,12,0,0,1,0,0,0,0,0,0,0,0,36,0,25,0,0,23,0
0,0,0,0,0,0,0,0,0,0,0,0,0,0,0,0,0,23,0,0,125,7,4,0,26,1,0,0,0,0,0,0,1,0,1,0,1,1,11,0,0,0,48,10,0,2,0,0,0,0,4,0,0,23,0,1,0,40,0,0,32,0,0,1,0,0,13,0,0,0,7,0,0,10,6,0,0,0,0,1627,0,22,1,0,0,77,0,0,0,71,1,0,0,461,0,0,0,0,16,0,0,0,0,33,25,0,0,1,87,41,0,21,0,67,0,0,21,19,8,0,0,0,0,0,1,0,182,13,5,151,0,0,35,0,0,17,0,0,0,0,0,0,0,0,88,0,0,0,0,7,1,0,0,0,1,0,0,0,13,34,0,1,0,218,0,1,0,0,0,3,0,0,18,0,0,0,0,69,10,1,0,0,0,0,0,0,0,0,0,6,0,40,0,0,0,0,0,4,0,1,0,0,0,3,0,6,6,0,0,0,0,0,0,0,1,0,0,43,150,0,0,13,0,0,0,0,0,0,201,15,47,1,6,145,0,0,7,0,0,0,0,0,0,0,1,0,0,0,0,0,0,1,32,0,8,6,2,0,1,2,0,0,0,0,2,0,0,62,6,908,0,0,528,0,0,0,0,0,1,3708,0,27,38,0,0,0,0,0,12,8,0,0,0,0,88,0,4,0,0,1,0
0,0,0,0,29,0,0,1,0,0,0,1,5,0,18,0,0,7,0,1,15,0,0,0,0,191,0,0,1,1,243,0,0,4,0,0,5,159,0,0,0,0,0,0,0,73,0,77,0,0,0,0,0,0,76,0,0,13,0,75,40,0,0,0,0,11,65,0,3,68,2,0,0,6,320,0,0,3,1,1795,0,0,53,0,0,0,46,0,0,18,1,0,0,1323,22,1,6,0,8,0,0,0,0,0,42,4,0,305,20,11,0,0,0,2,0,0,0,0,6,0,0,3,0,0,8,9,0,55,2,196,98,1,110,0,0,0,0,3,1,3,0,0,0,0,0,0,53,0,0,0,14,1,0,0,0,0,0,0,0,29,0,0,0,531,0,0,1,2,0,0,2,0,0,0,0,0,0,88,409,0,0,0,14,0,16,0,0,1,0,0,2,58,1,0,0,0,0,0,0,2,0,0,1310,1,0,27,0,0,1,8,0,42,5,5,1,0,36,9,53,0,0,12,0,0,0,1,0,0,4,5,322,0,0,115,0,0,0,0,0,0,2,0,0,0,1,1,0,0,0,0,0,5,18,1,10,15,0,0,17,9,6,0,0,1,0,0,0,0,0,0,0,60,23,0,0,1,0,0,0,694,1,0,215,0,0,0,0,2,0,0,0,0,0,0,0,0,4,0,0,77,0
0,0,0,0,0,0,5,36,0,0,4,2,0,0,268,0,0,0,0,0,2,2,10,40,1,3247,1,0,158,13,912,0,0,3,0,0,18,7,0,0,0,0,0,26,0,0,0,1,0,0,2,0,0,0,10,0,0,0,0,69,4,23,0,1,0,0,0,0,0,2,31,1,3,3,0,0,0,0,0,1,0,2,6,0,7,0,0,0,0,39,0,249,0,0,0,0,0,0,15,0,0,0,0,5,3,0,212,1,0,7,0,278,0,7,0,0,0,0,1,6,0,0,0,0,32,0,0,0,2,0,0,2,0,0,0,0,514,0,0,0,55,0,0,0,7,0,3,6,1,0,1,0,0,0,0,0,2,0,0,78,0,0,4,0,0,0,0,0,0,0,2,0,0,0,0,0,0,52,14,6,0,0,0,0,1,0,0,0,0,0,0,3,4,11,32,0,0,8,0,0,41,0,0,177,839,6,13,0,0,166,0,0,0,0,1,1,3,44,3,2,1,20,0,0,0,0,127,0,67,0,35,0,0,439,0,0,5,0,0,3,0,0,0,0,0,37,0,0,0,0,0,2,10,0,3,0,0,6,2,7,6,0,0,1,0,0,1,0,14,321,0,0,676,0,0,0,0,0,2,16,0,0,71,0,0,0,0,0,28,15,0,0,0,0,55,7,17,113,0,16,0
0,0,0,0,0,0,1,0,0,0,1,0,0,146,28,0,0,0,0,9,43,51,0,2,0,2362,0,0,3,2,1,0,0,10,0,0,1,1,0,1,0,0,0,0,0,79,0,1,0,0,0,0,0,0,0,0,0,0,0,9,0,0,0,0,0,0,350,0,1,0,0,0,0,0,0,0,0,0,0,18,0,0,0,0,0,3,0,0,0,26,757,1,1,0,0,1,0,0,33,0,0,9,0,0,1,0,82,1493,0,0,0,115,0,30,0,0,36,0,24,0,0,0,0,1,25,0,0,0,1,0,16,348,0,0,0,0,421,0,0,0,489,0,0,0,0,0,65,0,0,0,18,0,0,0,0,0,0,0,0,4,0,0,0,0,0,0,0,0,0,0,0,0,1,0,0,0,0,128,47,0,0,0,0,24,9,0,0,51,0,0,0,39,1,0,0,0,0,0,0,0,0,0,0,0,0,5,0,0,3,3,0,0,0,0,0,0,0,0,9,0,0,18,0,0,0,0,0,0,36,0,0,0,0,153,0,0,0,0,0,0,0,0,0,0,0,0,1,0,0,0,0,0,0,0,1,9,0,0,1,0,1,0,4,0,0,0,0,0,4,0,0,0,107,0,5,0,0,0,1,2033,0,0,2,0,0,0,0,0,144,0,0,0,0,0,26,0,8,0,0,10,0
0,0,0,0,0,0,0,0,8,0,0,1,7,5,40,0,0,20,0,0,0,5,0,0,0,1,0,0,0,0,0,0,1,9,0,0,0,0,0,0,0,0,0,6,0,1,0,17,0,0,0,1,0,0,0,0,0,83,7,0,36,0,11,0,0,35,0,0,10,188,2,0,0,5,817,237,0,0,0,428,0,0,0,0,0,0,1,0,0,178,0,0,0,1466,0,0,0,0,2,0,0,0,0,0,19,0,4,128,0,0,0,0,0,0,0,0,0,34,34,0,0,4,0,0,19,0,0,80,0,157,14,11,0,0,0,0,73,0,0,0,0,0,4,0,88,0,0,0,0,2,2,10,0,0,1,0,0,0,1,16,0,0,0,3,0,0,0,5,0,0,3,0,0,0,0,0,0,0,1,0,83,0,0,0,11,0,0,0,15,0,0,0,2,34,0,0,0,0,0,0,0,5,0,596,0,38,0,0,0,0,0,0,2,0,1,0,86,23,316,0,0,0,0,0,0,0,0,0,5,0,15,0,0,193,0,1,0,0,0,0,0,0,0,0,0,28,0,14,0,0,0,1,18,0,0,0,0,0,1,3,1,0,0,0,0,0,0,0,13,535,0,0,875,0,2,0,0,0,5,2567,0,0,13,0,0,0,0,0,8,25,0,0,0,0,84,0,16,11,0,20,0
0,0,0,0,0,0,1,0,1,0,0,0,0,0,0,0,1,16,0,0,74,26,4,32,0,103,0,0,38,0,153,0,0,45,0,0,0,90,0,1,0,0,0,6,0,65,0,16,0,14,0,0,0,0,0,0,0,9,0,0,113,0,13,0,0,8,119,0,22,232,12,0,0,1,104,1,0,0,0,1826,0,0,0,0,0,49,0,0,103,22,1,10,2,272,0,84,0,0,1,0,0,0,0,0,0,0,1,75,0,49,0,0,0,40,0,0,1,118,206,0,0,0,0,0,46,0,86,66,1,52,0,1,0,0,0,0,0,0,0,0,0,0,0,0,0,0,51,1,0,0,11,0,0,0,1,0,0,0,0,34,0,0,0,1,0,0,0,0,0,0,4,0,1,0,0,0,0,19,742,0,0,0,0,18,4,0,0,0,0,0,0,26,3,0,0,0,0,0,0,263,0,0,0,0,0,9,0,4,0,3,0,79,138,0,30,0,0,60,0,0,84,19,0,0,0,10,0,0,400,0,92,0,0,183,0,0,3,0,0,0,0,0,126,0,0,0,0,0,0,0,0,5,26,1,0,49,5,0,15,9,0,0,0,0,50,0,0,0,223,464,0,0,38,2,3,0,0,0,18,1570,0,0,581,0,0,0,0,2,3,39,0,3,0,0,1,0,30,0,0,19,1
0,0,0,0,0,0,0,0,0,0,0,0,3,0,8,0,3,0,0,0,0,77,0,0,0,2082,0,0,0,0,247,0,49,67,0,0,0,3,0,0,0,0,0,36,0,34,0,0,0,0,0,0,0,0,1,0,0,0,0,0,0,0,0,0,0,0,287,0,0,0,0,0,0,207,0,0,0,0,0,28,0,0,0,0,0,1,1,0,0,98,0,26,0,0,0,0,0,0,185,0,0,0,0,40,0,0,288,0,0,0,0,26,0,278,0,0,0,0,36,0,0,0,0,0,32,0,0,0,0,0,3,126,0,0,0,0,3,0,0,0,1,0,0,0,0,0,1,3,0,0,9,0,0,0,0,0,0,0,0,0,0,0,0,0,0,0,0,0,0,0,0,0,1,0,0,0,0,170,0,2,0,0,0,0,2,0,0,0,0,0,0,11,2,0,20,0,0,1,0,0,0,0,0,0,0,2,0,0,0,6,0,0,0,0,72,1,0,0,2,0,0,0,0,0,0,0,0,0,0,0,249,0,0,1764,0,0,6,0,0,0,0,0,0,0,0,0,0,0,0,0,0,2,2,0,0,1,0,0,0,22,23,0,0,1,0,0,0,82,0,692,21,24,208,0,0,0,0,0,4,1931,0,0,96,0,0,0,0,0,0,3,0,0,0,0,104,66,1,0,0,117,0
0,0,0,0,0,58,0,0,0,0,0,0,0,0,1193,0,17,21,0,0,0,0,0,43,0,1849,0,0,0,0,0,0,0,24,0,0,30,10,0,0,0,0,0,0,127,0,0,0,22,0,0,0,0,0,0,0,0,38,0,0,31,0,6,0,0,0,58,0,60,22,0,0,0,0,0,0,0,0,0,189,0,0,0,0,0,55,0,0,137,96,0,17,12,1358,0,112,0,0,0,0,0,0,0,0,0,0,0,94,0,39,0,0,0,0,0,1,0,158,0,1,0,0,0,52,0,0,0,110,0,0,0,0,0,1,0,0,0,0,0,0,0,0,0,0,0,0,14,0,0,0,0,0,0,1,0,0,0,0,0,0,0,0,0,0,0,0,0,0,0,0,1,0,139,0,0,0,0,0,103,0,0,0,0,0,11,0,0,0,0,0,0,43,5,6,0,0,0,0,0,0,0,0,0,0,0,7,0,0,1,25,0,0,0,0,0,0,34,0,70,0,0,0,0,0,0,0,0,0,0,0,0,0,0,1159,0,0,0,0,0,0,0,0,0,0,1,0,0,0,0,0,0,0,0,0,0,9,1,0,0,0,0,0,0,0,0,0,0,0,0,19,0,0,282,0,7,0,0,0,4,1689,0,0,247,0,0,0,0,0,0,0,0,0,0,0,0,0,2,0,0,82,0
0,0,0,0,0,51,0,0,0,0,0,0,6,0,7,0,9,15,72,0,0,1,8,0,0,1797,0,0,1,6,0,0,0,24,0,0,0,2,0,2,0,0,0,0,0,0,0,19,0,25,0,0,0,46,0,0,0,0,0,0,32,0,15,1,0,11,4,0,0,142,1,0,0,0,0,1335,0,4,0,104,0,0,1,0,0,0,0,0,181,106,0,1,1,788,49,0,0,0,0,0,0,0,0,0,0,0,0,39,0,2,0,0,0,21,0,0,0,47,2,0,0,0,0,0,10,0,0,0,1,34,0,1,0,0,0,0,6,0,0,0,21,0,0,0,0,0,2,0,0,1,9,0,0,0,0,0,0,0,0,0,0,0,0,0,0,0,0,0,0,0,1,0,2,0,0,0,0,1,0,0,0,0,0,0,0,16,0,0,0,0,0,0,0,0,0,0,0,1,0,0,0,0,0,0,0,9,0,13,6,1,0,0,0,0,0,1,1,1,2,0,0,1,0,0,1,0,0,13,0,0,1,0,0,502,0,0,1,0,0,0,0,0,0,0,0,1,0,0,0,0,0,0,2,1,0,7,1,0,1,0,1,0,0,1,0,0,0,0,0,1063,0,0,3081,0,0,0,0,1,1,3,0,45,110,0,13,0,0,0,1,1,0,0,0,0,1,0,22,0,0,14,0
8,0,0,0,12,18,2,0,0,0,0,0,10,0,165,0,3,17,0,0,3,1,0,65,0,796,1,0,18,0,0,0,0,80,1,0,0,139,0,0,0,0,0,0,0,0,38,26,0,24,2,0,0,17,0,0,0,19,0,40,92,0,3,0,1,6,74,5,8,256,0,0,0,1,0,67,0,0,0,375,0,8,68,0,0,0,0,0,106,28,0,48,547,1521,0,108,0,0,0,0,0,0,0,3,36,0,42,37,11,15,105,11,0,0,0,0,0,34,5,0,0,0,0,0,0,0,1,0,1,3,0,1,0,0,0,0,389,0,0,0,0,0,0,1,1,0,5,0,0,1,6,0,0,0,1,3,0,0,0,119,0,0,0,0,0,0,0,0,0,3,2,0,1,2,0,0,0,13,0,1,0,3,0,1,1,9,0,0,0,0,0,96,2,5,0,1,0,2,0,0,0,0,0,14,0,25,1,3,0,3,0,0,0,0,0,0,78,16,0,0,64,2,0,0,1,0,0,0,0,0,2,0,0,419,0,0,1,0,0,27,0,0,0,0,16,26,0,1,0,0,0,0,0,0,0,7,4,0,0,25,2,10,0,1,0,0,17,0,12,4,5,1,610,0,0,0,0,0,1,2329,0,0,253,0,0,0,0,1,0,12,0,0,0,0,39,0,135,1,0,33,4
0,0,2,0,0,0,0,0,0,0,0,0,0,0,78,0,7,0,0,25,0,120,0,0,0,72,0,0,34,0,0,0,0,616,0,0,0,0,0,0,0,0,523,0,0,711,0,0,0,0,0,0,0,0,0,2,0,0,0,40,0,0,0,0,0,0,40,0,0,0,0,0,0,0,0,0,0,0,0,622,0,0,324,0,0,11,0,0,0,0,0,0,0,0,0,0,2,0,184,0,0,2,0,0,0,0,0,1487,0,0,0,0,0,0,0,0,0,0,923,0,0,0,0,0,0,522,9,0,0,0,0,0,0,0,0,0,0,0,0,10,56,0,0,0,0,0,40,0,0,0,0,0,0,0,0,0,0,0,0,221,0,0,0,0,0,0,0,0,0,0,0,0,0,0,0,0,0,0,115,1,0,0,0,0,19,0,0,0,0,0,0,162,0,0,0,0,0,0,0,923,0,0,0,5,0,15,0,0,4,0,3,0,0,0,0,0,0,0,492,0,0,0,0,0,0,0,0,0,139,0,0,0,0,122,0,0,0,0,1,16,0,0,0,0,10,0,0,0,0,0,0,0,0,0,0,12,91,0,0,0,7,0,0,0,0,0,0,0,0,32,0,0,205,0,0,0,0,0,0,38,0,0,800,0,0,0,0,94,0,0,0,0,0,0,0,0,11,0,0,0,0
0,0,0,0,0,0,3,0,0,0,0,0,3,34,2,0,0,9,0,0,0,6,0,165,11,2961,0,0,3,3,0,0,0,10,1,0,2,0,0,1,0,0,0,15,0,266,0,20,0,16,1,0,0,34,0,1,2,11,0,60,37,0,5,0,0,11,0,0,1,157,1,9,0,14,0,143,0,0,0,716,0,0,0,0,0,46,0,0,41,16,0,0,1,1411,0,1,8,0,0,0,0,10,0,0,0,0,0,40,0,0,0,0,0,3,0,0,0,45,66,2,20,0,0,0,10,0,0,54,0,0,0,0,0,0,479,0,48,0,0,0,0,0,6,0,0,0,0,1,0,1,43,0,0,0,1,0,0,1,0,55,0,0,0,0,0,0,1,1,4,28,0,0,1,0,0,0,0,0,0,0,0,0,0,1,0,0,0,0,0,0,0,28,1,0,0,1,0,0,0,0,0,0,0,0,0,318,0,0,0,1,0,0,0,0,8,0,0,29,178,0,0,0,0,0,0,0,0,0,18,0,86,1,1,457,1,0,0,0,1,0,0,0,0,1,0,0,0,0,0,0,0,0,0,1,0,3,0,0,0,19,0,0,0,1,0,5,0,0,0,15,0,0,227,12,1,0,2,0,4,947,0,0,285,0,0,0,0,0,0,3,0,0,0,58,0,0,3,0,0,116,0
0,0,5,0,0,34,4,0,403,0,0,0,4,0,74,1,1,21,0,0,4,3,0,0,0,1452,0,0,1,2,145,0,0,27,0,0,1,40,0,0,0,0,0,0,0,91,0,84,0,0,0,0,0,19,0,0,0,0,0,168,61,0,0,0,0,291,13,0,262,219,0,0,0,7,550,0,0,3,0,1523,0,0,1,0,0,77,0,0,163,24,0,0,1,1921,0,0,1,0,2,0,0,0,0,0,0,8,0,1,0,0,0,0,0,0,0,0,0,0,38,0,7,0,0,1,17,0,56,0,0,43,0,1,0,0,0,0,0,0,0,0,0,0,0,0,0,0,19,0,1,0,1,39,4,0,2,0,0,0,0,41,0,0,0,32,0,0,2,0,0,0,5,0,0,0,0,0,0,53,0,4,0,0,8,0,4,0,0,0,0,0,8,5,0,16,0,0,0,0,2,0,0,0,0,0,0,13,0,0,0,0,0,0,0,24,2,0,94,0,110,0,36,0,0,0,0,0,0,0,32,0,116,1,0,95,0,0,1,0,0,5,0,0,0,0,4,0,0,0,0,0,2,0,0,0,4,48,152,0,3,4,8,0,0,4,0,0,0,0,0,281,0,32,14,0,0,0,0,0,0,325,0,0,348,0,0,1,0,0,16,9,0,0,0,30,23,0,2,0,0,40,0
0,0,0,0,0,0,0,0,0,0,0,0,0,0,27,0,0,0,0,0,253,0,0,40,0,0,0,0,3,0,0,0,0,0,0,0,0,0,0,0,0,0,0,0,0,0,0,8,0,16,0,0,0,0,0,0,0,0,0,871,0,118,96,0,5,0,323,0,0,0,0,0,0,0,0,118,0,0,0,436,0,0,527,0,0,1,165,0,0,0,0,0,0,0,0,8,0,0,0,0,0,0,0,0,0,0,0,0,0,0,0,0,0,0,0,0,0,5,363,0,0,0,0,0,0,0,0,0,0,216,0,1052,0,0,0,0,2,0,0,0,29,0,0,0,0,0,16,0,0,0,51,0,0,0,0,0,0,0,0,0,34,0,0,0,0,0,0,0,0,0,14,0,2,0,0,0,0,0,0,0,0,0,0,0,19,0,0,0,0,29,0,0,0,0,0,0,0,0,0,0,0,0,0,0,0,8,4,0,0,0,0,0,0,0,0,0,0,84,0,0,86,86,0,0,0,16,0,0,0,0,399,0,0,291,0,0,0,1,0,7,0,0,0,49,0,82,0,0,0,0,0,0,0,0,0,8,21,0,0,0,0,0,0,3,0,0,20,0,7,15,0,0,732,0,14,0,0,0,4,3064,0,0,0,0,0,0,0,0,149,0,0,0,0,0,0,0,0,0,0,0,0
1,0,0,0,0,0,0,0,0,0,0,0,9,0,25,0,0,41,0,0,0,19,0,92,0,168,0,0,46,0,0,0,0,42,0,0,0,0,0,0,424,0,0,0,0,1,0,65,0,31,0,0,0,0,0,0,0,30,0,0,31,21,6,0,0,298,192,6,16,0,2,0,0,19,0,515,0,0,0,517,0,0,0,0,0,0,0,0,51,0,0,1,1,1528,0,19,0,0,0,0,0,0,0,36,47,0,0,70,161,19,75,0,0,7,0,0,0,69,445,0,10,0,0,0,5,115,0,0,0,25,0,0,34,0,0,1,246,0,0,0,0,0,0,0,161,0,0,0,0,1,7,0,0,0,0,0,0,0,0,47,0,0,0,0,5,0,0,3,0,0,0,0,1,2,0,0,0,0,115,0,0,0,0,0,0,0,0,0,0,0,3,34,14,1,0,0,0,0,0,0,0,0,0,1584,0,43,0,0,0,7,0,0,8,0,0,0,2,0,332,2,0,0,0,5,4,0,0,0,8,0,19,0,0,224,0,0,0,0,0,0,0,0,0,0,0,0,0,0,3,0,2,4,30,1,14,0,0,0,0,0,9,0,0,0,0,0,0,0,0,161,0,143,342,0,2,0,0,7,0,287,0,0,515,0,0,0,0,0,57,34,0,0,0,0,14,0,0,0,0,164,0
0,0,0,0,0,34,0,0,0,14,0,0,9,1,233,0,0,25,0,0,1,3,0,68,27,1991,0,0,62,0,0,0,0,0,0,0,0,0,0,10,0,0,0,0,0,18,0,0,0,52,0,0,0,34,0,0,0,21,0,1,104,0,0,0,0,13,70,0,0,0,1,10,0,1,0,711,0,0,0,84,0,0,0,0,0,89,0,0,133,94,0,2,1,1093,0,0,67,0,0,0,0,476,0,0,0,0,0,34,0,0,0,1,0,33,0,0,0,14,126,0,10,0,1,2,229,0,0,130,0,2,0,3,0,0,0,0,262,0,0,0,688,0,0,2,0,0,4,8,0,0,30,0,0,0,1,0,0,0,0,2,0,0,0,0,0,0,0,0,0,0,0,0,23,0,0,0,0,0,0,1,0,0,0,0,0,0,0,0,0,0,0,68,2,0,0,1,0,0,0,0,0,0,0,0,0,69,0,0,1,27,73,0,0,0,3,0,1,0,55,0,0,0,0,0,0,0,0,0,5,0,0,0,0,73,0,0,0,0,0,0,0,20,0,0,0,0,0,0,0,0,0,0,0,0,0,21,5,0,0,0,1,0,0,1,2,0,0,0,0,133,0,0,1415,410,1,0,1,0,0,2,0,37,271,0,0,1,0,19,0,0,0,0,0,0,1,0,54,0,0,75,0
0,0,0,4,0,0,1,0,0,0,9,0,0,44,1,0,0,1,0,0,0,27,0,31,0,3046,0,0,114,0,145,0,0,57,3,0,98,0,0,0,2,0,0,0,0,47,0,0,0,0,2,0,0,0,0,0,0,0,0,323,0,0,9,0,0,0,51,0,0,0,0,0,0,0,0,0,0,0,0,4,0,4,0,0,0,0,0,0,0,25,1,76,56,0,0,0,0,0,0,0,0,0,0,20,0,0,0,959,0,26,0,0,0,100,0,0,0,2,0,0,6,0,0,1,91,0,0,0,0,0,0,43,0,4,0,0,23,0,0,0,0,0,0,0,3,0,0,0,0,0,11,0,3,0,0,0,0,0,1,120,0,0,0,0,0,0,0,0,0,0,0,0,1,0,0,0,0,8,172,2,0,0,0,0,0,0,7,0,0,0,0,332,5,0,0,0,0,0,0,0,0,0,0,0,0,12,0,0,0,9,0,0,0,0,0,0,56,0,0,0,0,0,0,0,0,0,0,0,81,0,212,0,0,83,0,0,0,0,0,1,0,0,0,0,0,0,0,0,0,0,0,0,0,0,0,0,5,0,0,0,16,0,0,0,2,0,0,0,0,2,0,0,89,0,5,0,0,0,0,2839,0,0,313,0,0,0,0,0,27,58,0,0,0,0,0,0,0,0,0,70,0
0,0,0,0,0,34,0,0,0,0,0,0,0,0,0,0,0,11,0,14,0,0,0,161,12,1405,0,0,0,1,0,0,0,0,0,0,3,25,0,0,0,0,0,0,0,0,0,0,0,27,0,0,0,0,0,0,0,33,0,34,30,0,6,0,0,0,22,0,0,0,0,0,0,0,0,1,0,0,0,168,1,0,0,0,0,0,0,0,49,0,85,3,3,952,0,0,0,0,0,0,0,0,0,0,0,15,0,1,0,20,0,0,0,0,0,0,0,0,0,0,0,0,0,2,0,0,0,87,0,0,0,1,0,1,0,0,2997,0,16,0,5,0,0,0,0,0,0,0,0,0,7,2,1,0,0,0,0,0,0,0,0,0,0,0,5,0,0,0,0,0,0,0,0,0,0,0,0,0,0,1,0,0,0,0,0,0,0,0,0,0,0,0,1,0,3,13,0,0,0,91,0,0,0,1,0,1,1,0,0,14,0,0,0,0,0,0,41,0,9,0,0,0,0,0,0,0,0,0,0,0,0,0,0,358,0,0,0,0,0,0,0,0,0,0,0,0,0,0,0,0,0,0,2,0,0,0,1,0,0,0,0,0,0,1,0,0,0,1339,0,122,264,0,179,10,0,0,889,0,2,256,0,0,105,0,0,0,0,5,0,0,0,0,0,0,0,0,55,0,0,0,0
0,0,0,0,0,0,0,0,6,0,1,0,0,0,0,0,11,0,0,0,0,2,0,0,0,1800,2,0,0,144,0,0,0,14,0,0,0,1,0,0,0,0,0,0,0,2,0,0,0,0,0,0,4,0,5,7,0,0,0,3,0,2,0,0,0,1,0,0,0,0,0,0,0,0,41,158,0,0,0,0,0,1,82,0,2,21,100,0,0,0,0,5,0,0,0,0,0,0,0,0,0,0,0,0,0,40,0,3777,0,0,0,0,0,0,0,0,0,0,123,0,0,0,0,0,0,5,0,0,0,188,18,0,0,0,0,0,0,0,0,0,0,0,0,0,0,0,0,2,0,0,0,25,0,14,151,0,0,0,0,0,0,0,6,0,0,0,0,0,2,2,2,0,0,0,0,0,0,10,0,7,0,0,0,0,4,0,0,0,0,0,0,0,0,0,1,0,0,1,0,0,0,0,0,0,0,66,0,0,0,0,0,0,0,0,0,0,0,29,674,0,104,0,27,0,0,0,0,0,0,5,0,0,0,288,0,0,3,0,2,86,0,0,1,0,8,0,0,0,0,2,0,0,14,0,16,0,54,0,8,3,0,0,0,0,0,0,0,0,1,1725,0,0,0,0,0,0,4,2,1,0,0,0,10,0,0,0,0,0,6,33,0,0,0,0,0,0,0,0,0,32,0
14,0,0,0,0,0,0,0,0,0,0,0,0,0,3,0,2,31,0,0,0,10,0,0,0,1,3,0,0,0,0,0,0,15,0,0,0,0,0,0,0,0,0,0,0,0,0,16,0,61,0,0,0,40,0,0,0,36,0,395,0,0,31,0,0,42,0,8,36,343,0,0,0,40,0,1,0,4,0,2077,0,0,0,0,0,0,122,0,96,0,0,14,1,2217,0,0,3,0,0,0,0,0,0,0,0,0,0,55,41,102,0,0,213,0,0,0,0,17,92,0,0,0,0,0,0,0,197,0,0,16,0,0,0,0,0,0,12,0,0,0,0,0,0,0,0,0,24,0,0,0,0,0,0,0,1,0,0,0,0,0,0,0,0,0,0,0,0,0,0,0,10,0,0,0,0,0,0,0,0,0,0,0,0,0,0,0,0,0,0,0,0,0,0,0,0,0,0,0,0,0,0,0,0,1,0,77,0,0,1,0,0,0,0,0,0,0,804,0,0,0,0,3,0,0,1,0,0,0,30,0,0,0,0,1,0,0,0,7,0,0,0,0,0,0,0,0,0,1,0,0,0,0,4,0,5,2,43,0,10,0,3,0,0,3,0,0,32,0,0,23,0,0,12,0,0,0,0,0,2,2164,0,0,20,0,0,0,0,5,236,6,0,0,0,0,61,0,2,0,0,3,0
0,0,4,0,0,0,0,1,0,0,0,0,0,0,0,2,0,0,0,0,54,2,0,0,0,1114,0,0,1,0,0,0,6,12,0,0,1,41,0,0,0,0,0,17,0,0,0,35,0,0,0,0,0,0,2,0,0,25,0,40,18,0,41,0,0,10,40,0,0,71,0,0,0,7,811,0,0,0,0,483,0,0,1,13,0,34,0,0,116,53,0,8,1,847,0,1,1,0,31,0,0,1,50,3,0,6,6,296,0,104,0,22,0,9,0,8,0,246,37,0,3,0,0,0,2,0,1,77,0,176,0,5,0,0,27,0,14,0,0,0,0,0,0,2,3,0,3,1,2,0,6,4,0,0,1,0,0,0,21,0,0,0,0,9,0,0,0,0,1,1,0,0,11,0,0,0,0,42,274,0,0,0,0,0,2,0,0,0,53,0,0,29,1,0,0,1,0,1,0,0,0,0,0,1,0,5,0,0,0,0,0,0,0,0,4,0,96,12,4,0,21,11,0,0,0,0,5,0,70,0,88,0,0,285,0,0,0,0,0,0,0,0,0,2,0,0,0,1,0,0,52,2,4,0,6,1,0,0,6,0,1,0,0,2,0,0,0,0,0,825,0,0,12,0,2,0,1,0,3,2745,0,0,56,0,0,1,0,0,10,8,0,0,0,0,71,2,1,47,0,37,0
0,1,0,0,0,0,0,0,1,0,0,0,0,0,4,0,0,48,36,0,0,50,0,0,0,507,15,0,0,25,16,0,0,50,0,0,0,236,0,0,0,0,0,0,0,17,74,43,0,16,2,0,0,23,5,0,0,11,0,0,21,0,0,1,0,104,44,0,1,6,55,0,0,12,0,671,0,3,0,1038,0,0,17,0,0,17,179,0,0,63,0,0,0,1100,0,0,6,0,0,0,0,1,0,0,16,0,4,687,261,0,0,0,0,212,0,0,0,75,371,0,0,0,0,0,83,0,1,0,3,216,0,37,0,0,0,1,3,0,0,0,0,0,0,0,0,0,0,1,0,0,24,0,0,0,2,0,0,0,0,98,0,0,0,147,0,0,0,0,0,0,2,0,6,0,0,0,0,0,0,1,0,1,0,0,38,0,0,0,0,0,0,100,2,0,0,0,0,2,0,0,0,0,0,17,0,44,4,0,1,3,0,0,0,0,60,1,96,137,455,3,0,0,0,73,0,0,0,0,109,14,217,1,0,12,0,0,47,0,0,4,1,0,0,0,1,4,0,0,0,0,0,6,23,0,28,17,3,0,35,0,6,0,0,3,28,0,2,0,0,1,0,61,117,0,0,0,0,0,12,663,0,23,370,0,0,39,0,0,0,27,0,0,0,0,20,22,1,12,0,269,0
0,0,0,1,0,0,6,12,0,0,0,0,0,0,22,0,0,1,0,0,5,0,0,1,0,0,0,0,4,0,0,0,0,0,3,20,36,31,0,0,0,0,0,0,0,0,0,0,4,1,0,0,0,0,0,0,0,1,0,203,0,0,1,0,2,0,416,0,0,175,0,0,0,8,0,0,0,0,0,0,0,23,0,0,0,1242,205,0,0,16,0,1,8,0,0,7,0,0,13,0,0,0,0,0,18,0,0,3196,0,0,0,0,0,41,0,0,0,0,178,0,0,13,5,1,0,0,61,0,0,0,0,8,0,0,0,1,9,0,0,2,0,0,0,0,0,0,0,0,0,1,5,18,0,0,2,1,0,0,0,59,0,0,0,0,1,0,0,1,0,0,31,0,1,1,0,0,0,0,14,0,0,0,0,0,0,0,0,0,0,0,0,0,1,0,0,1,0,0,0,0,0,0,0,0,0,66,0,0,0,1,0,0,5,0,0,0,85,0,0,0,0,91,0,0,0,0,0,232,14,32,15,0,0,868,0,0,0,0,0,0,0,0,0,0,0,0,0,0,0,0,0,0,0,0,0,0,16,0,0,0,5,6,0,0,0,0,0,0,0,40,0,0,0,0,1,0,0,0,11,2362,0,0,0,0,0,0,0,3,10,0,0,0,0,0,7,0,0,0,0,0,0
0,0,0,0,0,0,0,14,0,0,0,1,3,52,12,0,0,25,0,0,79,15,25,0,23,14,0,0,14,0,11,0,0,48,0,0,61,119,0,0,0,0,0,0,0,1,0,0,0,18,0,0,0,0,0,0,2,15,0,28,23,14,3,0,14,37,89,6,0,40,0,0,0,7,0,82,0,0,0,460,0,0,119,0,15,0,0,0,47,119,0,0,1,1068,11,0,0,0,9,0,0,0,0,4,80,0,1,65,31,18,0,0,0,3,0,0,0,33,24,0,4,0,0,0,21,23,0,0,1,80,0,98,32,0,0,0,0,0,0,0,0,0,0,0,0,0,0,1,0,2,14,0,0,0,0,19,0,0,26,223,0,0,0,2,0,0,0,56,0,0,0,8,1,0,0,0,0,95,9,0,0,0,0,0,8,0,0,0,0,0,0,79,3,0,0,1,0,0,0,0,0,0,0,0,1,21,0,0,0,1,0,0,21,1,21,1,43,0,2,21,0,1,0,0,0,0,21,0,0,0,142,0,0,781,0,0,0,0,1,0,0,0,0,0,0,0,0,76,2,0,216,0,0,0,0,18,0,0,1,37,3,30,0,4,0,0,0,314,221,114,61,0,1032,0,0,0,0,0,12,2396,0,0,180,0,0,0,0,0,54,66,0,0,0,0,159,0,0,93,0,30,0
0,0,10,1,0,17,0,0,0,0,0,0,5,0,76,0,0,16,0,1,10,1,0,0,25,158,0,0,103,27,0,0,1,0,0,0,0,0,0,0,0,0,0,0,49,3,364,0,0,65,0,0,0,49,0,0,0,93,0,0,99,0,0,1,0,45,27,0,166,0,0,0,0,1,11,243,0,0,0,104,0,0,0,0,0,73,0,1,200,0,0,0,1,1831,0,0,32,0,0,0,5,11,0,3,0,0,0,22,44,57,91,0,0,32,0,0,0,21,0,0,0,0,0,0,22,0,3,160,0,72,156,35,0,0,0,18,0,0,0,0,0,0,1,0,42,0,2,0,0,0,17,0,1,38,0,0,0,0,9,192,0,0,0,0,0,0,0,0,0,0,0,0,0,0,0,0,0,0,1,0,0,0,0,0,0,0,0,0,0,2,0,0,320,0,0,0,0,0,0,0,0,0,0,18,0,4,9,1,0,61,0,0,3,0,0,1,0,0,68,0,0,0,0,0,1,0,0,0,10,0,127,0,0,396,0,5,1,0,0,0,0,0,0,0,147,0,0,0,0,0,0,1,0,0,4,6,2,0,0,0,0,0,0,6,0,0,0,81,23,33,0,0,571,0,0,0,0,0,0,2237,0,173,114,0,0,209,0,240,5,0,0,0,0,0,37,0,107,0,0,17,0
0,0,0,0,0,0,0,0,0,0,0,0,0,281,10,0,0,0,0,0,0,23,0,0,0,1722,0,0,107,0,0,0,0,31,0,0,0,140,0,0,0,0,0,33,0,438,0,0,0,0,0,0,0,0,0,0,4,0,0,620,0,0,0,0,0,0,107,0,5,0,0,0,0,0,0,0,0,0,0,867,0,0,59,0,0,1,101,0,0,0,0,0,212,0,0,0,0,0,39,0,0,2,0,0,3,0,0,978,0,0,0,0,0,0,0,0,0,0,233,0,0,0,0,14,112,0,0,0,0,0,0,72,0,0,0,0,74,0,0,0,6,0,0,0,0,0,9,0,0,0,8,0,0,0,1,0,0,0,0,0,0,0,0,0,0,0,0,0,0,0,0,0,0,0,0,0,0,0,0,0,0,0,0,0,10,0,0,0,0,0,0,228,1,0,0,0,0,0,0,0,0,0,0,0,0,155,0,0,0,0,0,0,0,0,0,0,827,0,242,0,0,44,0,0,0,0,0,0,249,0,0,0,0,35,0,0,0,0,0,0,0,0,0,0,1,0,0,0,0,0,217,0,0,0,19,2,0,0,0,0,0,0,0,9,2,0,0,0,5,16,0,0,72,0,0,0,0,0,0,1321,0,0,144,0,0,0,0,0,0,39,0,0,0,0,0,0,5,0,0,47,0
0,0,0,0,0,0,0,0,1,0,0,0,4,29,2,0,0,0,0,0,115,7,0,0,25,1483,0,0,0,1,36,0,1,1,0,0,0,195,0,0,0,0,0,0,22,163,0,0,0,0,0,0,0,27,0,0,0,32,0,0,23,0,7,0,0,50,114,0,52,137,0,0,0,19,309,0,0,12,0,1694,0,0,6,0,58,0,0,0,78,0,44,1,0,243,0,0,38,46,7,0,0,0,0,0,9,0,27,16,0,198,0,0,9,0,0,0,0,19,17,0,0,0,0,0,0,0,28,73,0,11,0,60,0,0,0,0,0,1,0,0,0,5,0,0,0,0,0,0,0,0,11,0,1,0,0,0,24,0,0,26,0,0,0,483,0,0,0,0,0,0,0,0,0,0,0,0,0,0,162,2,0,0,0,0,18,0,0,0,0,0,0,101,1,10,0,0,0,0,0,0,0,0,0,0,0,8,0,0,2,0,0,0,0,0,0,0,171,0,83,0,7,0,0,0,0,0,0,0,95,0,93,0,0,112,0,0,0,0,0,1,0,0,32,0,1,0,0,44,0,0,0,0,0,0,2,0,5,0,0,3,23,0,0,2,0,0,0,0,0,1,0,0,6,0,0,0,0,0,0,2634,0,0,163,0,0,0,0,0,81,0,0,0,0,0,1,0,5,0,0,37,0
0,1,0,0,0,34,0,0,0,0,0,0,0,114,41,0,8,0,0,0,3,3,0,0,0,100,0,0,0,0,0,0,0,38,0,0,0,70,0,0,0,0,0,0,0,18,0,14,24,0,0,0,0,7,3,0,0,45,0,0,61,0,27,0,0,275,165,0,40,141,0,0,0,1,0,0,0,3,0,549,0,0,30,0,0,0,0,0,49,48,0,0,4,576,0,0,3,0,0,0,0,112,0,0,18,0,1,151,0,37,0,0,15,5,0,0,0,0,26,3,0,0,12,0,11,0,21,100,0,0,0,1,0,0,0,0,0,0,0,0,22,0,0,0,0,0,21,0,0,0,3,0,0,0,0,0,0,0,9,0,0,0,0,2,0,0,1,0,0,0,1,0,41,0,0,0,0,53,411,19,0,0,0,0,35,0,0,0,0,0,0,13,17,1,0,0,0,0,0,0,0,0,0,1,0,251,0,0,3,0,0,0,0,0,0,0,64,0,233,0,558,0,0,0,0,0,0,0,3,0,237,0,0,2079,0,0,0,0,0,193,0,0,0,0,51,3,0,0,0,0,5,0,19,0,0,0,5,0,0,0,0,0,0,6,0,0,0,0,0,2212,0,0,16,0,0,0,0,0,0,2,0,0,316,0,0,0,0,0,0,11,0,0,0,0,7,0,3,0,0,61,0
0,0,0,0,0,0,2,0,0,0,11,0,3,0,99,0,0,0,0,0,0,0,0,0,0,1270,0,0,0,4,0,0,0,0,0,0,58,0,0,0,0,0,0,0,0,0,0,0,0,0,0,0,0,0,0,3,0,0,0,1080,0,0,0,25,0,0,0,0,0,0,0,0,0,0,0,4,0,0,0,339,0,2,0,0,192,4,0,0,0,0,0,0,0,0,0,0,4,0,0,0,0,104,145,0,0,0,0,0,0,0,0,0,2,0,0,0,0,0,697,0,23,0,0,4,0,0,0,0,0,0,0,0,0,0,0,0,1877,0,12,0,10,0,0,0,0,0,49,0,0,0,63,0,0,15,0,0,123,124,0,0,0,0,0,0,0,0,0,0,0,0,0,0,0,0,40,0,0,0,0,0,0,0,0,2,10,0,0,0,0,0,0,0,0,7,0,0,0,0,0,0,0,0,0,79,0,27,2,0,0,0,0,0,0,0,0,0,0,0,48,0,0,185,0,0,0,0,0,0,0,0,0,0,0,1438,40,0,0,0,0,8,0,0,0,0,4,48,4,0,0,0,0,0,0,0,0,19,11,0,0,0,0,0,0,7,2,6,0,0,37,155,0,0,405,0,0,0,0,0,0,41,0,0,975,0,0,7,0,0,0,43,0,0,0,0,0,0,0,0,0,0,0
0,0,0,0,0,0,0,0,0,0,0,0,0,0,0,0,2,0,0,5,0,30,0,0,0,3324,0,0,11,11,0,0,0,0,0,0,11,440,0,0,0,0,0,0,0,0,0,0,0,0,8,0,0,0,28,0,0,0,0,162,0,0,0,1,0,0,11,0,0,0,57,0,0,4,0,0,0,0,0,127,0,0,0,0,75,0,0,0,0,73,17,60,0,0,13,0,0,0,27,0,0,0,0,0,0,0,0,0,0,17,0,0,0,0,0,3,0,0,163,0,0,0,0,1,387,91,0,0,0,0,0,31,0,0,0,0,3,1,0,0,3,0,0,0,0,0,13,0,0,0,20,0,106,0,0,0,0,2,0,141,0,0,0,0,0,0,0,0,0,0,4,0,0,0,0,0,0,0,0,3,0,0,0,1,0,0,0,0,0,0,0,103,1,1,0,0,0,0,0,0,0,0,72,1,0,14,0,0,0,1,10,0,3,1,30,0,166,16,0,0,0,0,0,0,0,0,146,0,62,0,0,0,0,64,0,0,0,0,1,2,0,0,0,2,1,30,0,0,0,0,0,2,0,0,0,1,17,0,0,6,0,14,0,1,0,0,0,0,0,103,261,0,0,0,0,0,0,0,0,2655,0,0,569,0,0,0,0,0,43,50,0,0,0,0,0,62,3,0,0,0,2
1,0,0,0,0,0,6,0,0,0,0,0,8,0,46,0,22,18,0,0,0,7,0,318,0,1,0,1,53,8,0,0,0,16,0,0,0,0,0,0,0,0,0,0,0,1,0,0,0,21,0,0,0,0,0,0,0,23,0,0,70,0,10,0,0,0,7,38,12,90,0,0,0,0,0,110,0,4,0,1677,0,0,1,0,0,0,1,0,150,0,0,982,4,1744,0,0,0,0,0,0,0,10,0,0,0,0,0,160,0,1,0,0,68,0,0,0,0,0,0,0,3,0,0,0,0,0,1,0,0,0,0,0,0,0,0,0,0,2,0,0,0,0,0,0,0,1,0,0,0,0,0,0,0,0,0,0,30,1,0,0,0,0,0,0,0,0,0,0,0,0,6,0,96,2,19,0,0,0,46,0,0,0,0,0,0,0,0,0,0,0,0,0,0,0,0,0,0,0,0,0,0,0,0,6,0,49,0,1,0,13,4,0,0,0,10,0,0,0,0,0,39,0,0,0,0,0,0,0,0,0,61,0,0,1396,0,0,0,0,0,0,0,0,0,0,3,0,0,0,0,0,0,0,0,0,0,10,3,0,0,4,0,0,0,3,0,0,0,0,0,675,0,0,314,0,0,0,0,0,0,1446,0,0,3,0,0,0,0,0,0,0,0,0,0,6,28,0,35,0,0,0,0
0,0,3,0,0,0,0,0,0,6,0,1,13,43,69,0,0,9,0,0,0,0,0,9,0,9,0,1,2,0,0,0,1,44,0,11,3,1,0,0,0,0,0,0,13,1,36,0,11,0,0,0,0,3,0,0,3,31,0,0,19,0,0,0,0,27,0,1,57,198,1,0,2,1,4,1,0,2,0,110,3,0,0,0,1,28,0,0,29,25,1,1,5,683,0,0,0,0,6,0,0,0,0,0,48,0,1,321,0,0,0,15,0,2,0,0,0,42,0,0,2,0,0,3,2,0,0,37,0,85,0,1,2,1,0,0,41,1,0,0,0,0,0,0,0,0,1,0,0,0,1,0,0,0,0,0,0,0,0,0,0,0,0,0,0,0,0,0,0,2,0,0,0,0,0,2,0,4,0,1,0,0,0,0,0,0,0,0,0,5,0,0,1,0,69,0,70,0,0,0,0,0,0,128,0,5,0,0,2,6,0,0,0,0,2,1,40,10,1,9,37,0,0,0,0,0,0,0,15,0,5,0,0,339,0,2,0,0,0,0,0,0,244,0,0,0,0,1,0,0,110,1,2,0,2,1,0,6,0,0,1,0,0,0,0,1,0,15,0,4988,0,0,334,0,6,0,0,0,2,1353,1,0,25,0,0,0,0,1,0,0,0,0,0,1,26,0,2,0,0,4,0
0,0,0,0,0,0,1,0,0,0,0,0,0,0,15,0,0,0,0,0,0,104,0,0,0,1263,0,11,113,0,5,0,0,0,0,0,0,0,0,0,0,0,0,0,0,0,0,0,0,1,0,0,0,0,0,0,0,0,0,0,0,0,0,0,0,0,118,0,0,0,0,0,0,0,0,0,0,0,0,302,0,4,0,0,0,0,0,0,0,0,0,54,5,0,0,0,0,0,0,0,0,9,0,0,0,0,0,651,0,62,0,0,0,1848,0,30,0,0,955,0,0,0,0,2,0,0,0,0,0,0,0,0,0,0,0,0,0,0,0,0,0,0,0,0,0,0,30,0,0,0,0,0,0,0,1,0,0,0,0,27,0,0,0,0,0,1,0,0,0,0,0,1,0,0,0,0,0,0,327,0,0,0,0,0,0,0,0,0,0,0,0,604,0,0,0,0,0,0,5,0,0,0,0,0,0,88,0,4,1,2,0,0,0,0,0,0,261,0,0,0,0,0,0,0,0,0,0,0,0,0,0,0,0,0,0,0,0,0,0,0,0,0,0,0,0,0,0,0,0,0,0,0,0,0,0,67,0,0,0,15,0,0,0,0,6,0,0,0,0,22,0,78,258,6,0,0,0,0,0,1537,0,0,0,0,1105,0,0,0,0,0,0,0,0,0,1,0,0,0,0,0,0
0,0,25,0,0,0,0,0,0,0,0,0,0,0,0,0,0,55,0,0,0,55,0,0,18,1184,0,2,0,0,0,0,0,67,0,0,0,143,0,0,0,0,25,0,44,401,0,12,0,0,0,0,0,19,0,0,2,16,0,99,0,0,0,1,0,36,187,0,2,0,9,0,0,11,0,82,0,0,0,1067,0,50,89,0,0,12,0,0,26,80,0,0,0,530,0,0,0,0,0,0,0,0,0,2,0,0,70,48,143,42,0,62,0,0,0,0,1,14,78,0,13,0,0,0,149,80,0,363,1,110,0,0,0,0,0,0,0,0,0,0,0,0,2,0,0,0,24,0,0,0,28,0,1,0,1,0,0,0,0,17,0,0,0,381,0,0,0,0,0,0,0,0,0,0,37,0,0,7,0,0,0,0,0,0,55,0,0,0,0,0,0,328,1,0,0,0,0,0,0,0,123,0,0,0,1,23,0,1,0,0,0,0,0,0,13,0,0,58,1,0,0,0,0,2,0,17,0,0,214,0,110,0,0,3,0,0,0,0,0,1,0,0,0,0,0,0,0,0,0,0,0,1,0,0,0,0,4,0,6,214,0,0,0,3,0,0,0,0,2,1,0,14,86,0,1,0,0,0,3,1925,0,1,545,0,0,0,0,0,0,79,0,0,0,0,10,0,0,0,0,137,0
0,0,0,0,0,32,0,15,0,0,0,0,0,56,30,0,0,40,0,0,105,9,0,210,0,418,0,0,200,14,0,0,0,16,0,0,6,143,0,0,0,0,0,0,0,6,0,0,0,0,0,0,0,6,48,0,0,25,0,1,61,0,18,0,0,245,20,4,0,113,0,0,0,142,0,0,0,0,0,598,0,0,45,0,3,0,0,0,122,92,0,0,1,1429,0,1,0,0,0,0,0,0,0,0,6,0,97,19,29,0,0,0,0,0,0,0,0,278,112,0,0,0,0,0,12,0,121,57,0,0,0,9,0,0,0,0,0,0,0,0,6,0,0,0,0,0,0,0,0,3,7,0,0,0,0,0,0,0,0,33,0,0,0,0,1,0,0,0,0,0,6,0,21,0,0,0,0,78,410,0,0,0,0,0,23,0,0,0,0,0,0,33,12,20,0,0,0,4,0,0,0,0,0,0,0,16,0,0,0,25,0,0,0,0,14,0,48,0,361,3,0,0,0,0,0,0,0,0,0,0,211,0,0,119,0,0,0,0,0,0,0,0,0,0,0,0,0,0,0,0,0,0,30,0,0,1,0,0,0,0,2,0,0,2,0,0,0,0,0,3,0,86,70,0,110,0,60,0,38,2831,0,0,95,0,0,0,0,0,0,26,0,0,0,0,72,0,7,0,0,107,0
0,0,1,0,0,0,2,0,0,0,0,0,0,0,11,0,0,0,11,0,0,16,0,0,0,338,4,0,21,0,0,0,0,146,0,0,0,0,0,0,0,0,0,101,0,0,0,0,0,0,0,0,0,0,0,1,0,0,0,1021,0,54,0,1,319,3,0,0,0,0,67,0,59,0,0,0,0,0,0,554,0,0,0,0,79,1,0,0,0,0,0,0,1,0,0,0,0,0,0,0,0,1,8,0,2,0,0,0,0,0,0,0,0,343,0,0,0,0,0,0,7,0,0,0,8,158,0,0,0,0,0,0,0,0,0,0,0,0,0,0,5,0,0,0,95,0,30,0,0,1,17,0,0,0,0,0,0,0,0,44,0,0,0,0,0,0,0,0,1,0,5,0,0,0,0,0,0,0,909,0,0,0,0,0,18,0,0,0,0,0,0,166,2,8,0,0,0,0,0,0,0,0,0,263,0,52,1,0,0,9,0,0,96,0,0,0,836,0,0,153,0,59,0,0,0,0,0,0,118,0,114,0,0,154,0,0,2,0,0,0,0,0,0,0,0,0,0,0,0,0,0,0,0,0,0,4,3,0,0,0,52,0,0,11,1,0,0,0,0,18,0,0,57,0,0,0,1,0,0,3183,0,0,88,0,0,0,0,0,0,12,0,0,0,0,41,0,4,0,0,25,0
0,0,0,0,0,23,0,0,0,0,0,0,11,0,26,0,0,0,0,0,0,1,0,0,0,1,0,0,0,0,0,0,0,0,0,0,0,0,0,0,0,0,0,0,0,0,0,0,0,0,0,0,0,11,0,0,0,0,0,0,0,0,0,0,0,0,0,0,15,0,4,0,0,0,0,1020,0,0,0,642,0,0,106,0,0,0,0,0,232,0,0,0,32,1568,0,0,69,0,0,0,0,0,0,38,0,0,0,2897,0,0,0,0,0,0,0,0,0,0,0,0,0,0,0,1,0,0,0,0,0,5,0,0,0,0,0,0,0,0,0,0,0,0,0,0,0,0,0,0,0,0,8,0,0,1,0,0,0,0,0,0,0,0,0,0,0,0,0,0,0,0,0,0,0,0,0,0,0,3,0,0,0,0,0,0,0,0,0,0,0,0,0,0,0,0,0,0,0,0,0,0,0,0,0,3,0,0,0,0,0,0,0,0,0,0,0,0,0,0,0,0,0,1,0,0,0,0,0,0,74,0,0,0,0,23,0,0,1,0,0,0,0,0,0,0,29,0,0,0,0,0,0,0,0,0,16,0,0,0,0,0,0,0,0,0,3,0,0,0,0,28,0,0,454,888,0,0,0,0,0,1686,0,2,0,0,0,1,0,0,0,12,0,0,1,0,61,0,5,0,0,0,0
0,2,0,0,0,13,0,0,0,0,0,0,9,0,15,0,0,0,0,0,8,0,0,93,0,1106,0,0,6,2,0,149,0,68,0,0,0,2,0,0,0,0,0,0,0,30,0,0,0,0,1,0,0,0,9,0,0,22,0,0,52,0,0,0,0,153,28,0,41,233,0,3,0,5,0,4,0,0,0,381,0,92,0,0,0,166,0,0,0,0,0,1,1,1631,0,0,68,82,0,0,0,20,0,37,14,0,0,1,0,9,0,0,0,13,0,0,0,38,118,1,0,0,0,0,10,0,0,0,0,0,321,26,0,0,0,1,80,0,0,0,0,0,7,0,158,0,0,16,0,0,0,20,53,0,0,0,0,0,0,209,0,0,0,0,0,0,0,0,0,0,0,0,1,0,0,0,0,62,0,0,0,0,0,0,0,0,16,2,0,0,0,21,1,1,0,0,0,4,0,0,0,0,0,0,0,176,1,0,1,1,0,0,0,0,2,1,0,0,1,0,0,0,0,0,0,0,80,5,103,0,0,1,0,674,0,0,0,0,0,1,0,0,0,0,0,0,0,0,0,0,0,0,0,0,0,9,231,1,0,54,0,0,0,4,2,0,0,0,0,856,0,22,337,0,0,0,1,0,0,1078,0,1,442,0,0,0,0,0,0,68,0,0,0,0,17,5,3,0,0,94,0
0,0,0,0,0,1,1,0,0,0,0,0,3,112,130,0,0,0,0,0,28,0,0,11,0,1125,0,0,23,68,13,0,0,0,0,0,0,10,0,0,0,0,0,14,0,173,0,0,0,0,0,0,0,0,5,0,0,0,0,0,19,9,14,0,0,0,229,0,0,0,0,5,1,15,0,0,0,0,0,2,0,0,0,0,55,0,0,1,0,0,0,11,0,0,0,0,0,0,0,0,0,0,0,0,0,0,0,4216,0,0,0,0,0,262,2,0,0,0,151,0,0,0,0,0,25,0,0,0,0,0,27,207,0,0,0,17,0,0,0,0,78,0,0,0,0,0,6,4,0,0,6,0,0,49,0,0,0,0,0,22,0,0,0,0,0,0,1,0,0,0,0,0,0,0,0,0,0,1,0,4,0,0,0,0,7,0,0,0,0,0,0,86,2,2,0,0,0,0,0,0,0,0,0,0,0,3,0,0,3,0,0,0,0,0,0,0,0,0,26,0,20,0,0,0,0,0,0,0,42,0,174,0,0,0,0,0,0,0,0,0,0,0,0,0,0,0,0,0,0,0,0,5,0,0,15,0,5,0,7,75,0,0,0,0,0,0,0,0,0,272,0,1,0,0,0,0,0,0,0,2002,0,0,56,0,0,0,0,0,0,0,0,0,0,0,0,0,26,0,0,16,0
0,0,6,0,0,23,0,0,0,0,0,0,6,0,6,0,1,33,0,0,0,4,0,0,0,161,0,0,0,0,0,0,0,74,0,0,13,0,37,0,0,0,0,0,0,16,0,0,0,18,0,0,0,15,0,0,0,20,0,0,0,0,0,0,0,0,1,0,8,67,0,0,0,0,0,0,0,0,0,253,0,13,0,0,0,0,0,0,0,283,0,0,1,1464,0,0,0,0,0,0,0,0,0,1,0,0,1,1,0,6,0,0,0,8,0,0,0,24,4,0,0,44,0,0,642,1,113,72,0,0,0,7,0,0,0,0,0,0,0,0,0,0,0,0,0,0,1,0,0,0,15,0,0,0,0,0,0,0,0,178,0,0,0,1747,0,1,0,0,0,0,0,0,0,0,0,0,0,20,26,0,0,0,0,0,0,0,0,0,0,0,0,30,0,0,0,0,0,0,2,0,0,0,0,0,0,2,0,0,0,2,0,0,0,0,21,0,42,0,0,0,0,0,0,0,0,0,0,0,0,0,175,0,0,286,0,0,0,0,0,0,0,0,0,0,0,3,0,2,0,0,0,0,6,0,0,1,0,0,10,31,3,0,0,0,0,0,0,0,0,2,0,0,200,0,0,0,0,0,0,3286,0,0,398,0,0,0,0,1,0,10,0,0,0,0,0,0,0,0,0,57,0
0,0,0,0,0,16,5,0,0,0,0,0,10,345,8,0,0,109,0,0,0,10,0,0,0,224,0,0,0,0,0,0,0,17,0,0,0,0,3,0,0,0,0,0,164,0,0,0,0,0,0,0,0,32,0,0,0,46,0,0,0,0,3,0,0,7,24,0,6,0,0,0,0,385,0,284,0,0,0,894,0,0,0,0,0,29,0,0,166,0,0,1,1,1519,0,0,0,0,0,0,0,1,0,27,0,0,0,69,0,0,0,0,0,0,0,1,0,69,120,0,2,0,0,0,74,0,2,679,0,0,0,0,0,0,0,3,0,0,0,0,14,0,0,0,0,0,0,0,0,8,23,0,0,0,1,0,0,0,0,0,0,0,0,0,0,1,0,0,0,0,0,0,0,0,16,0,0,0,0,0,0,0,0,0,0,0,0,0,0,0,0,0,1,0,0,0,0,0,0,0,0,0,0,1,0,18,0,0,0,0,0,0,0,0,0,0,0,0,41,0,0,0,0,0,0,0,0,0,0,0,0,0,0,19,0,0,0,0,0,2,0,0,0,0,0,0,0,0,0,0,0,0,0,0,5,2,0,0,0,0,0,0,0,0,0,0,0,0,0,1,0,0,555,3,1,0,0,3,13,3740,0,0,170,0,0,1,0,3,0,0,0,0,6,0,0,0,0,0,0,0,0
0,0,0,3,0,0,1,0,0,0,0,0,5,0,61,0,0,0,1,0,0,4,1,1,0,1931,0,5,22,0,1,7,0,0,3,0,0,0,0,0,0,0,0,0,0,87,0,0,0,0,1,0,0,0,0,1,0,0,0,1,0,7,0,0,0,1,105,0,0,0,3,0,0,0,1084,0,0,0,0,0,0,0,0,0,13,0,0,0,0,0,1,2,24,34,0,0,0,0,0,0,4,0,0,0,0,0,0,2032,0,0,1,0,0,14,0,0,1,0,0,1,0,0,0,1,207,0,0,0,0,74,0,0,0,0,0,0,7,0,0,0,0,0,0,1,0,0,0,0,0,0,0,0,0,2,1,2,0,0,0,1,0,0,0,0,0,0,1,0,0,3,0,0,1877,0,0,0,0,0,0,2,0,0,0,0,0,0,0,0,0,0,0,14,0,0,0,0,0,0,0,0,0,0,0,0,0,41,0,0,0,0,0,0,1,0,0,0,1,3,0,0,0,7,0,0,0,0,0,0,9,9,104,0,1,16,0,3,1,0,0,0,1,0,0,0,0,0,0,0,0,0,0,0,0,0,0,123,5,0,0,0,0,0,0,0,50,0,0,0,0,0,0,0,901,0,0,0,927,2,2,0,1,105,0,0,0,0,0,0,12,27,0,0,0,0,0,0,0,0,0,1,0
1,1,15,0,0,0,0,0,0,0,0,0,0,216,6,0,11,21,0,0,0,1,0,26,0,0,0,0,1,2,0,0,0,11,0,0,13,0,2,0,0,0,0,0,0,0,0,0,0,0,0,0,0,27,24,0,0,45,6,3,217,0,9,89,0,0,6,0,9,21,3,0,0,0,0,0,0,6,0,221,0,134,1,0,0,153,0,0,0,0,0,0,1,808,0,0,0,0,0,0,0,207,224,6,0,29,0,55,0,21,0,0,86,0,0,0,0,146,134,0,0,0,0,0,3,440,3,1249,0,0,0,0,0,0,0,0,81,0,0,0,9,0,0,0,3,411,46,0,0,2,23,0,0,12,13,0,0,0,17,0,0,0,0,0,0,0,0,0,1,0,1,0,0,0,0,0,3,0,21,0,0,0,0,0,23,0,0,269,0,0,1,0,0,11,0,0,0,2,0,0,0,0,0,152,0,12,6,20,0,0,6,0,12,0,32,2,3,378,117,0,0,4,418,0,0,0,0,0,95,2,0,0,3,373,0,0,8,57,0,36,0,0,0,0,6,19,0,0,0,0,0,5,0,0,7,145,0,0,11,737,0,0,0,13,10,0,0,0,57,267,0,8,822,0,1,1,0,0,9,224,0,47,69,0,0,0,0,0,6,18,0,0,0,0,0,0,8,0,0,115,0
0,3,0,0,22,16,0,51,0,9,1,0,0,0,8,0,0,7,21,8,18,6,0,0,0,985,1,0,1,1,0,0,1,9,0,0,2,53,0,0,0,0,0,0,0,75,1,55,0,12,1,0,95,4,10,0,0,15,0,22,58,173,0,1,0,151,188,0,45,0,18,4,3,6,3,1,1,6,0,542,0,141,7,1,5,0,0,0,0,50,0,0,1,1068,1,0,43,0,0,0,0,0,0,2,11,0,0,13,0,1,0,16,0,6,0,1,0,0,4,1,0,0,0,0,5,3,893,0,1,52,193,32,0,1,0,0,0,0,1,0,0,3,0,3,0,0,1,10,1,0,11,12,0,13,0,0,0,1,0,32,0,1,0,0,0,1,3,0,0,4,4,0,10,0,0,0,3,109,0,1,0,0,0,1,3,0,0,268,0,0,0,49,1,0,0,0,1,1,1,1,0,0,0,1208,0,40,1,0,4,0,3,0,0,2,16,0,44,129,1,0,35,24,0,0,0,0,368,164,87,0,157,0,0,121,0,0,6,0,5,0,2,0,0,0,0,0,0,0,0,0,534,3,22,0,5,2,3,0,7,15,19,0,3,1,1,0,0,0,0,5,63,15,0,2,0,1,0,0,0,712,1,27,280,0,0,0,0,0,0,3,0,0,0,0,1,5,1,0,0,49,0
0,0,35,0,0,0,0,15,0,0,0,0,0,0,4,1,0,30,0,0,0,14,0,0,0,5,0,0,0,0,168,0,0,19,0,0,8,0,0,0,0,0,0,0,0,0,0,22,0,0,0,0,0,17,0,0,0,99,0,4,46,0,4,0,0,29,17,0,1,9,0,0,0,0,0,0,0,0,0,279,0,37,0,0,0,145,0,0,123,47,0,1,1,1126,0,0,0,0,44,0,0,0,0,0,0,0,0,85,0,35,0,0,0,0,0,1,0,33,100,0,0,0,0,0,724,5,0,0,0,0,0,0,0,0,428,0,0,0,0,0,0,0,1,4,0,0,17,0,0,0,39,0,41,18,1,0,0,0,0,0,0,0,0,0,0,0,0,0,0,0,0,0,1,0,52,0,0,0,57,2,0,0,0,0,0,0,2,0,0,0,1,261,0,0,0,0,0,0,0,0,0,0,0,1,1,33,0,0,4,0,0,0,0,0,24,1,43,2,0,0,54,0,0,0,0,0,0,0,0,0,0,0,0,509,0,0,0,0,0,48,0,0,0,0,0,4,0,0,0,0,0,0,10,0,18,58,0,0,0,0,0,0,0,0,0,0,0,0,0,1,0,0,1717,0,0,0,686,0,0,1746,0,0,425,0,0,0,0,0,10,0,0,0,0,22,143,50,0,0,0,133,0
0,0,0,0,0,0,0,51,0,1,0,0,0,0,7,0,0,0,6,0,0,0,0,251,0,1811,0,0,52,72,475,0,0,75,0,0,638,92,5,0,1,8,0,0,0,6,0,0,0,0,4,0,0,0,0,0,0,0,0,0,4,38,0,0,0,0,25,0,0,0,618,0,0,31,0,53,0,0,0,12,0,0,0,0,0,1,7,0,0,116,0,147,1,0,0,0,0,0,4,0,0,0,0,0,1,0,0,328,0,0,0,0,0,123,0,0,0,2,44,2,0,11,0,0,30,0,0,0,0,0,0,110,0,1,0,14,2,0,0,0,14,0,0,0,0,0,0,2,0,0,9,0,0,70,0,0,0,0,0,0,0,0,0,7,0,0,0,0,0,0,0,0,0,0,0,0,0,0,150,0,0,0,0,0,30,0,0,0,0,0,0,0,4,0,2,0,0,1,0,0,0,0,0,1,0,40,0,0,1,51,0,0,0,0,11,1,0,0,542,5,0,26,0,0,0,0,0,0,53,6,90,0,0,22,0,0,1,0,0,146,0,0,0,0,0,0,0,1,0,0,0,2,36,0,36,0,5,0,92,0,5,0,5,2,0,0,0,0,0,1,0,0,239,0,93,0,0,2,3,2429,0,0,167,0,0,0,0,4,14,0,0,0,1,0,122,0,5,0,0,173,0
4,0,0,0,0,0,15,0,0,0,0,0,0,0,24,0,20,0,0,0,0,164,0,7,0,2573,0,0,16,0,509,0,0,32,0,0,52,77,25,0,0,0,0,16,0,5,0,3,0,0,1,0,0,0,2,0,0,0,0,226,0,0,1,3,0,0,34,0,0,3,587,0,0,0,0,0,0,0,0,175,0,0,90,0,0,0,283,0,0,67,0,27,0,0,0,0,0,0,10,0,0,0,0,0,2,3,0,238,0,0,0,0,0,0,0,0,0,0,57,0,0,0,0,1,67,0,0,0,0,0,0,23,0,0,0,0,387,1,0,3,1,0,0,0,0,0,11,0,0,0,0,0,0,0,0,0,0,0,10,80,26,0,0,1,0,0,11,0,0,0,18,0,1,0,0,0,0,9,350,0,0,0,0,0,0,0,0,0,0,0,3,33,1,19,0,0,0,0,0,0,0,0,0,0,0,5,0,0,1,15,0,0,0,0,7,0,39,0,0,1,11,0,0,0,0,0,4,0,29,2,205,0,0,376,0,0,0,0,0,1,0,0,0,0,1,0,0,0,0,0,131,58,13,0,0,2,0,0,88,2,5,0,0,1,0,0,0,0,0,4,0,99,8,0,0,0,0,0,0,1905,0,0,301,0,0,0,0,0,12,86,0,0,0,0,23,0,6,0,0,156,0
0,0,0,0,0,0,48,0,0,0,0,0,0,0,437,0,0,0,0,0,0,71,0,28,0,0,0,0,198,0,304,0,0,123,0,0,0,107,0,0,0,0,0,0,0,302,0,0,0,3,0,0,0,0,0,0,0,4,0,0,0,1,0,0,0,0,13,0,129,112,0,0,0,0,0,0,0,0,0,0,0,0,0,0,3,33,0,0,0,47,0,0,1384,0,0,0,0,0,52,0,0,0,0,0,0,1,0,176,0,0,0,0,0,0,0,0,0,0,0,0,0,0,0,0,1573,245,0,0,18,0,0,1,0,0,0,0,0,0,0,0,0,0,0,0,0,0,0,0,0,0,3,0,0,0,0,0,0,0,0,30,0,0,0,2,0,0,0,0,0,0,1,0,11,0,0,0,0,0,147,0,0,0,0,0,6,0,0,0,0,0,0,19,17,2,871,14,0,0,2,0,0,0,0,0,11,0,0,0,0,138,0,0,0,0,3,0,0,0,0,0,0,2,0,0,0,0,0,0,0,0,0,0,0,1399,0,0,0,0,0,0,0,0,1,0,0,0,0,43,0,0,0,0,7,4,0,0,0,0,0,0,5,0,0,1,0,0,0,0,0,77,0,0,474,0,17,0,0,0,20,691,0,0,288,0,0,0,0,13,2,28,0,0,0,0,117,0,10,0,0,109,0
0,0,4,0,0,2,183,0,0,0,0,0,0,0,37,0,1,0,0,4,0,144,0,0,0,325,2,0,107,13,159,0,0,81,0,0,0,511,1,0,0,0,0,156,0,272,0,0,0,0,10,0,0,0,37,0,0,0,0,0,6,0,8,0,0,0,322,0,0,101,30,0,0,0,0,0,0,0,0,816,0,0,97,0,0,4,0,0,0,36,0,115,14,0,0,0,0,0,43,0,0,29,0,0,0,0,0,0,0,0,0,14,0,6,0,0,0,0,235,0,0,0,0,2,28,0,160,0,0,0,7,210,0,0,0,0,74,0,0,0,48,0,0,0,0,0,40,0,0,0,14,18,1,0,0,0,0,0,0,111,0,0,0,0,0,0,0,0,0,0,14,0,0,0,0,0,0,81,536,4,0,0,35,0,8,0,1,0,0,0,0,21,0,0,0,0,0,0,0,1106,0,0,0,77,0,39,0,0,0,90,0,0,0,0,9,0,353,184,0,0,39,0,0,0,0,0,0,0,0,0,0,0,0,348,0,0,3,0,0,2,0,0,0,0,4,0,0,0,0,0,0,8,26,0,20,6,20,0,0,28,18,0,0,13,0,0,0,0,0,114,0,24,181,0,0,0,0,0,0,1393,0,0,265,0,1,0,0,0,0,62,0,0,0,0,0,0,105,0,0,75,45
0,0,0,0,0,0,0,0,0,0,0,0,0,0,64,0,0,0,0,0,0,49,0,0,0,413,0,0,1,0,0,0,0,32,0,131,4,1,0,0,0,0,0,0,16,15,0,0,23,0,0,0,0,9,0,0,0,24,0,0,0,0,14,0,0,27,0,0,16,156,0,0,0,0,0,0,0,0,0,1039,0,0,1,0,0,0,0,0,86,45,0,0,1,848,0,0,0,0,8,0,0,0,0,2,5,0,32,910,24,47,0,141,0,0,0,0,0,14,15,0,0,0,0,0,25,0,0,0,0,0,0,1,0,0,0,0,0,0,0,0,0,0,0,0,0,0,20,0,0,0,4,0,0,0,0,0,1,0,0,0,0,0,0,0,0,0,0,0,0,0,0,3,0,0,0,0,0,0,270,0,0,0,0,0,0,0,1,0,0,0,0,4,1,0,0,0,0,0,0,0,0,0,0,0,0,1,0,0,1,1,0,0,0,0,1,0,23,101,30,0,0,0,0,0,0,0,30,0,109,0,225,0,0,423,0,0,0,0,0,0,0,0,0,0,0,0,0,1,0,0,178,0,0,0,13,3,0,0,4,2,0,0,0,7,0,0,0,0,0,3315,0,4,83,0,0,0,0,0,15,677,0,0,98,0,0,0,0,0,0,0,0,0,0,0,12,0,40,42,0,21,0
0,0,4,0,31,0,0,2,0,0,0,0,0,0,144,0,0,19,0,0,168,11,0,0,0,329,0,0,18,1,0,172,0,2,0,0,1,0,0,0,0,0,0,68,0,4,0,71,0,0,1,0,0,31,26,0,0,13,0,36,95,25,0,0,0,59,22,0,0,180,3,0,0,24,0,0,0,0,0,723,0,0,0,0,10,0,0,0,44,239,0,0,1,1741,5,1,0,0,7,0,0,7,0,0,10,0,55,26,0,0,0,54,0,38,0,1,0,0,14,3,0,0,0,0,36,0,0,0,0,0,0,20,0,1,0,0,299,0,0,0,14,4,0,0,0,1,0,0,0,2,13,169,0,0,1,0,0,0,209,1,0,0,0,0,0,0,0,0,0,11,0,0,47,0,0,0,0,2,180,0,0,0,0,1,0,0,1,0,0,0,0,75,0,0,0,1,0,0,1,0,0,0,0,0,0,13,0,0,1,0,9,0,0,3,1,0,91,16,57,34,13,0,0,0,0,22,0,0,69,0,61,0,0,135,0,0,0,0,0,0,0,73,0,0,0,0,0,0,0,0,53,0,0,0,15,1,0,0,13,10,0,0,0,0,0,0,0,0,0,683,13,11,421,0,2,0,63,0,7,1844,0,0,149,0,0,0,0,0,0,88,0,0,0,0,11,0,7,61,0,331,0
0,0,0,0,0,60,3,0,0,0,5,1,11,0,12,0,0,0,0,0,2,3,0,313,0,1742,0,2,0,0,0,0,0,10,0,0,1,248,0,0,315,0,0,0,35,11,0,17,0,16,1,0,0,0,0,0,0,20,0,36,57,16,6,0,0,32,410,0,9,174,6,0,5,9,145,0,0,3,0,332,0,0,0,2,7,168,0,0,44,54,1,40,1,511,0,0,3,0,0,0,0,0,0,0,4,0,2,95,50,0,0,0,0,9,0,0,0,24,121,0,0,0,0,1,2,1,1,585,1,51,0,20,0,0,36,13,0,0,0,2,932,0,0,0,0,0,53,0,0,0,6,2,0,32,0,0,0,0,0,38,0,0,0,353,0,0,4,0,0,0,5,0,5,14,0,0,3,78,431,0,0,1,0,0,24,0,14,0,0,0,5,36,28,1,144,0,0,0,0,0,0,0,0,0,0,262,4,0,2,0,4,0,0,0,27,0,96,0,0,0,0,0,0,0,0,1,0,0,16,32,15,0,0,681,0,0,0,0,1,19,0,0,0,0,46,54,0,0,0,0,138,0,18,0,36,17,16,0,10,0,2,0,0,3,1,0,0,0,0,20,0,0,33,0,8,0,0,1,14,3,0,0,75,0,0,0,0,4,50,0,0,0,0,0,15,0,4,0,0,153,0
1,0,0,0,0,0,0,0,0,0,0,0,0,0,4,0,0,2,0,1,87,0,0,1,1,4078,0,0,6,1,2,0,0,1,0,0,0,0,0,0,11,0,0,0,0,0,0,0,0,0,0,0,0,0,1,0,0,0,0,314,0,0,0,0,0,0,1384,0,0,0,0,0,0,0,0,0,0,0,0,0,0,0,84,0,0,0,0,0,0,0,0,32,1,0,0,1,0,0,0,47,0,8,0,0,0,0,0,485,0,60,0,0,0,0,0,0,0,2,160,1,0,0,24,0,4,0,0,0,0,0,0,108,0,0,0,0,10,0,0,0,1,0,1,0,0,371,19,0,0,5,0,0,1,0,0,0,0,0,0,0,0,0,0,171,0,0,0,20,0,0,3,0,11,0,0,0,0,0,0,0,0,0,0,0,0,0,0,0,0,0,0,0,1,0,0,0,0,0,0,0,0,0,0,0,0,5,0,0,0,1,0,0,0,0,0,0,166,0,113,0,0,0,0,0,0,0,0,0,0,0,0,0,0,523,0,0,0,0,0,0,0,0,0,0,0,0,0,23,0,0,0,0,0,0,0,1,3,0,0,2,5,0,0,0,0,0,0,0,0,25,0,0,22,356,0,0,0,0,4,1055,0,0,58,0,0,0,0,0,0,21,0,0,0,0,1,0,1,0,0,95,0
0,0,0,0,0,0,2,0,0,0,0,0,0,0,0,0,0,0,0,0,0,0,0,0,2,4592,0,0,4,0,0,0,0,0,0,0,0,0,0,0,55,0,0,0,0,2,0,0,0,0,0,0,0,0,0,0,0,0,0,0,0,0,0,0,0,0,25,0,0,60,0,0,0,0,0,0,0,0,0,0,0,12,0,0,0,0,0,0,0,0,0,0,0,0,0,0,0,0,0,0,0,0,0,0,0,0,478,0,0,0,0,0,0,0,0,8,0,0,0,0,0,0,0,0,0,0,7,0,0,0,0,0,0,0,0,0,123,0,0,0,0,0,0,0,0,0,0,0,0,0,0,0,0,0,0,0,0,9,0,4,0,0,0,0,0,0,0,20,0,0,0,0,0,6,0,63,0,0,3,0,0,0,0,0,0,0,0,0,0,0,0,0,0,0,0,0,0,0,0,0,0,0,0,0,154,25,0,0,0,3,44,0,0,0,0,0,9,0,0,0,0,0,0,0,0,0,0,0,0,0,0,0,0,688,0,0,0,0,0,0,0,0,0,0,0,0,0,0,0,0,0,0,0,0,0,0,0,0,0,0,0,0,0,0,0,0,0,0,0,272,2,0,1155,0,0,0,0,0,0,2168,0,0,0,0,0,0,0,3,0,2,0,0,0,0,0,0,0,0,0,0,0
0,0,0,0,0,0,0,0,0,0,0,0,6,0,0,0,0,0,0,0,0,5,0,98,0,20,0,0,37,1,0,0,0,0,0,0,0,0,0,0,840,0,0,32,0,0,0,0,0,0,0,0,0,0,201,0,4,0,0,0,69,0,0,0,0,0,66,0,10,0,0,0,0,378,0,160,0,0,0,437,0,0,0,0,0,0,291,0,172,0,0,98,1,2031,0,0,3,0,0,0,0,0,0,0,0,0,0,93,0,82,0,0,0,3,0,0,0,36,149,0,0,0,0,0,0,0,0,0,0,150,0,0,0,0,0,0,67,0,0,0,0,0,0,0,0,0,0,12,0,0,0,0,0,99,6,0,0,0,0,0,0,0,0,0,0,0,0,0,0,0,0,0,0,0,0,1,0,0,0,0,0,0,0,0,0,0,0,0,0,0,0,31,2,0,0,0,0,0,0,0,0,0,0,0,1,7,0,5,0,3,0,0,0,0,0,17,0,199,182,0,0,0,0,0,0,0,0,0,16,0,0,10,0,1,0,0,0,0,0,15,0,22,0,0,2,0,0,0,0,0,0,0,0,0,0,1,1,0,0,0,0,0,0,4,0,0,0,0,0,4,0,0,309,0,0,0,0,0,0,3370,0,2,101,0,0,0,0,0,0,0,0,0,0,0,0,0,17,0,0,26,0
0,0,3,0,0,14,0,0,0,0,0,0,10,0,0,1,0,42,0,0,0,11,0,151,0,0,0,0,7,5,0,0,0,0,0,0,1,2,0,0,0,0,0,0,28,29,0,0,0,55,0,0,0,33,0,8,22,46,0,0,48,0,10,0,0,0,370,0,68,244,0,0,0,0,0,0,0,5,0,1008,0,0,1,0,0,42,3,0,141,18,0,1,1,1159,0,0,0,0,0,0,0,3,0,0,0,0,0,16,403,40,0,0,0,0,0,1,0,76,44,0,0,0,1,0,7,0,180,0,0,0,0,1,0,4,100,0,0,0,0,0,0,10,0,1,0,0,2,0,0,0,13,0,3,0,0,4,0,0,0,49,0,0,0,0,0,0,0,0,0,0,0,0,1,1,0,0,0,0,70,0,0,0,4,0,0,0,0,0,0,0,213,45,4,0,0,5,0,0,0,1103,0,0,0,1228,0,2,0,2,0,8,0,0,0,0,12,0,0,0,14,0,38,0,0,0,1,0,0,0,0,0,0,0,0,6,0,0,0,0,0,0,0,0,0,0,6,0,104,1,0,0,0,0,0,0,0,0,5,0,0,0,17,0,0,1,218,0,0,0,0,550,0,0,128,5,2,0,0,0,3,1469,0,0,155,0,0,0,0,6,0,0,0,0,0,0,6,0,0,0,0,22,0
0,0,0,0,0,0,0,0,0,0,15,0,0,63,16,0,0,0,0,0,0,0,0,0,0,5291,0,0,0,0,325,0,0,0,3,0,33,154,0,0,1,0,0,43,0,846,134,0,0,0,1,0,0,0,11,0,0,0,0,35,0,0,0,0,0,0,77,0,0,0,8,0,0,0,975,0,0,0,0,33,0,0,0,0,7,0,0,0,0,0,0,0,0,0,0,0,0,0,0,0,0,0,0,0,0,0,0,0,0,0,1,0,0,0,0,0,0,0,0,1,0,0,0,0,0,0,0,0,0,0,0,51,68,0,0,0,0,0,0,0,0,0,0,0,0,0,0,0,0,0,0,0,0,0,0,1,0,0,0,22,0,0,0,0,0,0,0,0,0,0,0,0,0,0,0,0,0,0,63,0,0,0,0,0,0,0,0,0,0,0,0,194,0,0,0,0,0,0,0,0,0,0,0,0,0,0,0,0,0,0,0,0,0,0,0,0,25,0,0,0,0,0,0,0,0,0,0,0,62,0,188,0,1,0,0,0,3,0,0,0,0,0,0,0,0,0,0,0,0,0,0,0,12,0,0,208,0,0,0,0,0,0,0,0,244,0,0,60,0,23,4,0,88,0,0,0,0,0,6,283,0,0,281,0,0,0,0,1,0,44,0,0,0,0,0,0,0,0,0,0,0
0,0,0,0,0,0,0,0,0,0,0,0,15,0,0,0,0,0,0,0,0,0,0,0,38,396,0,0,0,0,0,0,0,0,0,0,2,396,3,0,0,0,0,0,0,94,0,0,3,0,0,0,0,0,0,0,0,43,0,0,75,0,8,0,26,0,91,0,47,107,0,0,0,0,189,920,0,0,0,1280,0,0,0,0,0,63,0,0,0,0,111,0,0,667,0,0,10,0,0,3,0,0,66,40,0,0,0,1,0,0,0,0,0,0,0,0,0,0,51,0,0,0,0,0,0,0,25,722,0,0,0,868,0,0,0,0,0,2,0,1,0,0,0,0,0,0,163,0,0,0,74,0,0,0,1,0,0,0,17,0,0,0,0,0,0,0,0,0,0,0,0,0,0,0,0,0,0,47,4,0,0,0,0,0,0,0,0,0,0,0,0,0,2,0,0,1,0,0,0,0,0,0,0,276,0,150,0,0,3,3,0,0,0,0,6,0,1,0,0,0,0,0,0,0,0,0,0,0,0,0,284,0,0,5,0,0,0,0,0,5,0,0,0,0,0,0,0,0,0,0,120,0,0,0,0,0,0,0,0,0,0,0,0,0,0,1,0,76,0,19,0,0,349,0,0,0,0,0,0,1642,0,0,0,0,0,0,0,224,165,0,0,0,0,0,0,0,0,0,0,0,0
0,0,0,0,0,31,44,0,0,0,0,0,0,1,456,0,0,22,0,0,0,0,4,131,0,0,0,0,579,39,0,0,0,11,0,0,0,0,0,0,0,0,0,0,0,0,0,0,0,19,0,0,0,18,0,0,0,12,0,0,0,0,6,0,1,0,0,0,25,47,0,0,0,1,0,656,0,0,0,90,0,0,0,0,0,0,0,0,114,59,0,746,2141,796,0,111,2,0,0,0,0,93,0,0,0,0,1,527,38,0,0,0,0,0,0,3,0,15,3,0,0,0,0,0,12,0,105,0,0,3,0,1,0,0,0,15,1005,0,0,0,0,0,0,0,0,180,0,0,0,1,5,0,0,0,1,0,0,0,0,0,0,0,0,0,0,1,0,0,0,0,0,0,1,0,0,0,0,0,0,0,0,0,0,0,0,0,0,0,0,1,0,15,0,0,0,20,0,0,0,0,0,0,0,0,0,0,5,0,0,56,0,0,0,0,0,0,46,0,218,0,0,0,0,0,0,0,0,0,32,0,0,0,0,0,0,0,0,0,0,0,0,66,0,0,0,0,0,0,0,0,0,0,0,0,0,21,0,0,0,0,0,0,0,0,0,0,0,0,0,0,0,0,947,0,0,0,0,0,0,265,0,0,0,0,0,17,0,0,0,0,0,0,0,0,19,0,109,0,0,0,0
0,1,4,4,0,15,1,5,0,1,0,0,2,61,62,0,0,0,0,0,24,0,0,19,11,877,0,1,32,1,1,0,0,72,0,0,10,27,0,1,0,0,0,33,17,39,45,0,13,16,1,0,0,0,0,0,0,23,0,0,23,42,23,0,0,4,3,2,49,0,0,0,0,1,5,148,0,0,0,522,0,0,1,0,3,79,0,1,36,0,0,0,1,790,0,1,2,0,0,0,0,0,0,0,0,5,0,0,19,23,0,0,0,14,2,0,0,9,0,0,0,0,0,1,338,0,0,353,0,13,74,31,0,0,0,0,579,0,0,0,7,5,0,0,2,0,0,0,0,0,3,0,0,0,1,1,0,1,9,67,1,0,1,0,1,0,0,0,0,0,0,0,0,0,0,0,0,5,12,0,0,0,0,0,0,0,1,0,0,0,0,0,1,0,2,0,0,0,0,0,1,0,0,0,0,14,0,0,0,5,0,0,0,0,0,0,18,0,7,0,0,3,1,0,0,0,0,0,45,3,0,0,0,1787,1,1,0,0,1,8,0,0,0,0,0,0,1,1,0,0,138,0,0,0,4,74,3,2,0,1,6,0,0,0,0,0,0,0,1,0,0,6,1148,0,7,0,1,0,0,1465,1,0,289,0,0,11,3,2,30,0,0,0,1,0,0,0,155,0,0,35,0
0,0,32,0,0,0,0,1,0,2,0,0,4,0,80,0,0,49,29,0,17,6,3,28,0,3380,0,0,0,1,0,0,0,13,0,0,0,43,0,0,0,19,0,36,0,21,0,0,0,18,2,0,0,10,17,1,0,21,0,0,125,0,6,0,0,25,68,0,7,136,5,2,0,4,380,105,0,0,0,383,0,0,5,0,6,0,0,0,42,11,0,4,1,1120,0,9,0,0,0,0,0,0,0,2,3,0,1,128,0,1,0,1,0,3,0,0,1,10,39,0,0,11,0,0,233,0,0,44,1,30,16,5,0,0,73,0,66,0,0,0,0,24,0,0,1,0,0,0,0,27,15,72,0,0,1,0,15,0,6,69,0,0,0,0,0,0,0,0,0,0,0,0,1,0,0,0,0,0,368,0,0,0,0,2,0,1,0,137,36,0,0,2,0,0,0,2,0,1,0,0,0,0,0,121,1,26,3,0,0,1,8,30,1,6,3,0,0,18,0,0,0,39,0,0,0,0,85,0,31,0,230,1,4,121,0,1,14,0,0,2,0,0,0,1,0,0,0,0,0,0,0,5,0,1,9,22,0,0,19,7,0,0,0,2,1,0,1,0,1,446,3,53,145,10,1,0,0,0,0,326,0,1,376,0,14,0,0,0,0,6,0,0,0,0,23,0,0,0,0,66,0
0,0,4,1,0,0,0,0,0,0,0,0,0,0,29,20,1,12,0,11,0,5,0,0,0,62,0,0,0,1,0,0,0,3,0,0,1,32,0,1,0,0,0,0,0,0,0,0,0,0,0,0,0,17,0,3,3,24,0,0,56,0,10,1,0,0,38,0,0,170,0,0,18,0,800,0,0,0,0,1218,0,0,3,0,0,20,0,27,115,0,0,1,1,1282,0,1,0,0,15,0,0,0,27,2,0,0,32,8,0,80,0,0,0,0,0,0,0,0,0,0,0,0,0,20,0,0,1202,10,0,0,0,224,0,1,179,0,0,4,0,0,0,0,0,0,0,133,25,0,1,1,4,0,0,3,0,0,19,0,0,0,0,9,0,342,0,0,0,0,0,0,1,0,0,0,0,0,0,204,155,0,0,0,0,0,3,10,0,0,0,0,3,11,1,20,0,0,68,0,0,0,0,0,0,789,0,1,0,0,1,1,0,0,0,0,1,0,89,145,0,0,71,52,0,0,0,0,0,0,0,0,0,0,0,5,0,0,2,2,0,0,0,0,0,0,1,0,0,0,0,0,0,0,36,0,15,1,0,0,2,0,17,0,0,4,15,5,0,0,64,438,0,0,57,0,0,0,0,0,3,1311,0,0,52,0,0,0,0,1,0,7,0,0,0,0,6,0,1,0,0,1,0
0,0,0,0,0,0,0,0,0,0,0,0,9,35,22,0,0,0,0,0,0,0,0,88,0,728,0,0,2,1,5,0,0,37,0,0,13,58,0,0,0,0,0,52,120,1,0,0,0,0,0,0,0,0,0,0,0,107,13,0,31,0,0,0,21,56,101,0,14,324,0,0,0,15,0,412,0,0,0,625,0,0,0,0,0,0,0,0,205,0,0,0,1,2382,0,0,0,0,0,0,0,14,0,0,0,0,1,16,0,0,110,0,0,15,0,0,0,118,0,1,5,0,0,0,109,0,0,0,0,0,0,17,0,0,0,0,0,0,0,0,0,0,0,0,119,0,0,0,0,0,0,0,0,0,1,0,0,0,1,42,0,0,0,0,0,0,0,0,0,0,0,0,0,0,0,0,0,0,97,0,0,0,0,0,0,0,15,0,0,0,0,68,3,0,0,0,0,0,0,0,0,0,0,0,4,0,0,0,0,6,0,0,0,0,0,0,1,0,60,0,0,0,0,0,0,0,0,0,7,0,0,0,0,910,0,0,0,0,0,0,0,0,0,0,0,0,0,0,0,0,0,0,0,0,0,0,0,0,0,0,0,0,0,0,150,0,0,0,0,360,0,0,494,0,0,0,0,0,0,1582,0,0,154,0,0,0,0,0,33,0,0,0,0,0,11,0,0,0,0,0,0
0,0,0,0,0,0,3,36,0,0,0,0,0,0,15,0,0,0,0,0,0,7,4,125,0,1732,0,0,1210,0,220,0,0,38,0,0,1,72,0,0,0,0,0,75,0,267,0,0,0,0,0,0,0,0,13,0,0,0,0,2,0,0,0,0,0,0,66,0,0,270,0,0,0,0,0,0,0,0,0,0,0,0,147,0,0,0,59,0,0,4,0,81,27,0,0,127,0,0,14,0,0,14,0,0,0,0,0,2022,0,0,0,0,0,17,0,0,0,0,121,0,0,0,0,1,42,0,0,0,0,0,0,7,0,0,0,0,33,0,0,0,22,0,0,0,0,0,0,0,0,2,13,0,0,0,2,0,0,1,0,60,0,0,0,5,0,0,0,0,0,0,0,0,50,0,0,0,0,11,0,0,0,0,0,0,0,0,0,0,0,0,0,15,16,0,0,0,0,0,0,0,0,0,0,0,0,26,0,0,1,82,2,0,0,0,4,0,99,0,29,0,0,0,0,0,0,1,0,0,0,0,0,0,0,598,0,0,0,0,0,0,0,0,0,0,0,0,0,0,0,0,0,0,0,0,0,14,0,0,14,54,0,0,0,0,0,0,0,0,0,1137,0,0,700,0,0,0,0,0,0,1,0,0,123,0,0,0,0,0,0,0,0,0,0,0,7,0,1,0,0,38,0
0,0,0,0,0,0,4,0,0,0,0,0,2,0,6,0,2,0,0,0,0,0,0,1,0,1,0,0,17,5,120,0,0,108,0,0,1,469,0,1,3,0,0,0,0,276,0,0,0,0,24,0,0,0,377,0,0,0,0,125,0,43,0,0,0,0,220,1,0,0,0,0,0,0,0,1,0,0,0,322,0,0,116,0,1283,1,16,0,0,166,0,3,1,0,0,2,8,1,0,0,0,1,0,0,24,0,0,10,0,0,0,0,0,156,0,0,0,0,187,22,0,0,3,2,7,0,0,0,0,0,0,251,0,1,0,0,1,0,96,0,8,0,0,0,0,0,83,0,0,0,25,0,0,0,65,0,0,0,0,284,0,0,0,839,0,0,2,0,0,0,12,0,1,0,0,0,0,626,0,0,0,1,26,0,60,0,0,0,0,0,0,143,1,0,0,0,0,0,0,0,0,0,0,0,0,19,6,0,1,1,0,0,0,0,95,0,387,0,0,0,0,76,0,0,0,0,0,0,133,0,233,0,0,105,0,0,0,0,0,69,0,0,0,0,1,0,0,0,0,0,65,0,0,0,0,5,3,0,0,0,0,0,0,9,1,0,1,0,82,704,0,0,70,0,1,0,42,0,0,4,0,0,1017,0,0,1,0,0,0,0,0,0,0,0,38,0,5,0,0,167,0
0,0,0,0,0,0,0,0,0,0,0,0,0,0,48,0,0,0,0,0,0,0,0,0,0,2143,0,0,12,74,0,0,0,308,0,0,0,337,0,0,0,0,0,0,0,0,0,0,0,0,6,0,0,0,0,0,0,0,0,0,0,0,0,0,0,0,292,0,0,0,0,0,0,0,0,0,0,0,0,0,0,0,0,0,0,0,0,0,0,152,0,0,25,0,0,0,0,0,0,0,0,0,0,0,0,0,184,1786,0,0,0,0,0,45,0,0,0,0,268,0,0,0,0,50,647,7,0,0,0,0,90,0,0,0,0,0,198,0,0,0,75,0,0,0,0,0,0,19,0,0,74,0,0,1,0,0,0,0,0,0,1,0,0,0,0,0,0,0,0,0,0,0,0,0,0,0,0,0,0,0,0,0,0,0,0,0,0,0,0,0,0,159,1,0,0,0,0,0,0,0,0,0,0,0,0,0,0,0,0,3,0,0,0,0,0,0,0,209,996,0,0,0,0,0,0,0,0,0,0,0,0,0,0,0,0,0,0,0,0,0,1,0,0,0,0,0,0,0,0,0,0,0,32,0,0,0,0,0,0,0,0,0,0,0,149,0,0,0,0,110,0,143,290,0,0,0,0,0,0,0,0,0,738,0,0,0,1,0,0,0,0,0,0,0,0,0,3,0,0,322,0
8,0,0,0,0,0,0,0,0,0,0,0,0,0,10,0,0,0,0,0,0,27,0,194,0,5,0,0,83,0,146,0,0,245,0,0,41,0,0,0,0,0,0,0,0,101,0,0,0,0,0,0,0,0,0,0,0,0,0,0,0,0,0,0,0,0,33,0,0,0,0,0,0,0,0,0,0,0,0,0,0,0,0,0,0,0,0,0,0,0,0,0,12,0,0,254,0,0,13,0,0,0,0,0,2,0,0,4224,0,0,0,0,0,69,0,0,0,0,24,0,0,0,0,0,0,0,150,0,0,0,22,0,0,0,0,1,0,0,0,0,9,0,0,0,0,0,0,0,0,0,11,0,0,0,0,0,0,0,0,103,0,0,0,0,0,1,0,0,0,0,7,0,0,0,0,0,0,0,19,0,0,3,0,0,0,0,0,0,0,0,0,62,0,0,0,0,0,0,1,0,0,0,0,0,0,8,0,0,0,0,6,0,0,0,0,0,0,0,0,0,20,0,0,0,0,0,0,0,184,0,0,0,0,949,0,0,0,0,0,0,0,0,0,0,0,640,0,0,0,0,0,0,0,0,0,0,5,0,0,0,3,0,0,0,0,0,0,0,0,31,0,0,1460,0,232,0,0,0,0,0,0,0,468,0,0,0,0,0,31,0,0,0,0,0,12,0,46,0,0,22,0
1,4,0,0,0,16,53,0,0,0,0,0,3,0,5,0,0,11,0,0,0,0,0,99,0,21,0,0,0,65,203,0,0,10,0,0,1,73,0,0,0,0,0,0,0,6,0,0,0,23,3,0,0,7,25,0,0,23,0,0,21,0,0,0,0,0,22,0,270,191,0,0,0,0,0,336,0,0,0,661,0,0,45,0,0,297,0,0,168,0,0,15,1,1534,0,0,4,0,0,0,0,89,0,0,40,0,0,1,394,47,0,0,65,1,0,0,0,0,2,0,0,0,0,0,4,0,141,0,0,0,0,0,0,0,43,0,11,0,0,0,0,0,0,0,0,0,0,0,0,0,1,86,0,0,0,0,0,0,0,63,0,0,0,884,5,0,1,0,0,0,8,0,1,0,0,0,0,125,206,0,0,4,0,0,6,0,0,0,0,0,0,5,0,28,0,0,0,0,0,0,0,0,0,1,0,202,40,0,81,8,0,0,0,0,1,0,96,0,86,0,0,124,0,0,0,0,0,0,0,0,0,1,0,373,0,0,0,0,0,63,0,0,0,0,6,123,0,0,0,0,0,0,0,0,18,2,0,0,0,1,0,0,0,4,295,0,0,0,0,289,3,0,189,0,4,0,0,0,0,960,0,0,41,0,0,443,0,0,0,2,0,0,0,0,0,0,1,0,0,63,0
0,0,0,0,0,0,0,0,0,0,0,0,0,0,185,0,47,0,0,0,0,9,0,73,0,1,0,0,7,0,52,0,0,11,0,0,1,13,0,0,0,0,0,0,0,9,0,0,0,26,0,0,0,0,0,0,0,39,1,0,59,0,12,0,0,0,25,0,21,538,0,0,0,0,0,2,0,0,0,279,0,0,104,0,0,76,1,0,0,0,0,0,0,0,0,0,11,0,0,0,0,0,0,0,0,0,0,78,180,0,0,0,0,66,0,0,0,0,63,0,0,0,0,12,17,0,0,102,0,0,0,13,0,0,0,0,0,0,0,0,0,0,0,6,0,0,0,0,0,0,1,0,0,0,0,0,0,0,0,0,0,0,0,0,0,0,0,0,0,0,0,0,0,0,0,0,0,0,0,0,0,0,0,0,0,0,0,0,0,0,1,12,1,0,0,2,0,0,0,0,0,0,0,0,103,0,0,0,3,6,0,0,0,0,3,0,65,0,2,0,0,0,0,0,0,0,0,0,0,0,0,1,0,586,0,0,0,0,0,166,0,0,0,0,5,0,0,0,0,0,0,0,0,2,0,0,0,0,0,0,0,0,0,0,0,0,0,0,0,871,0,0,951,0,0,0,0,0,0,4983,0,0,58,0,0,0,0,0,22,0,0,0,0,0,0,0,9,0,0,11,0
0,0,2,0,0,0,0,0,0,0,0,0,0,39,26,0,0,0,0,28,0,0,0,0,8,851,0,0,0,2,93,0,0,46,0,0,3,0,0,0,0,0,0,0,0,66,0,0,0,0,0,0,0,10,10,0,0,9,0,92,49,0,5,0,0,0,103,0,0,123,5,0,0,1,0,498,0,0,0,2063,0,0,0,0,19,0,0,0,101,53,0,0,0,926,0,0,9,51,20,0,0,1,8,0,0,0,23,56,0,0,0,0,0,1,0,0,0,0,240,0,0,0,0,0,132,0,1,66,0,0,0,61,0,0,19,0,0,0,0,0,0,0,0,0,0,0,88,0,1,0,40,31,0,28,0,0,0,0,0,0,0,0,0,383,0,0,0,0,0,0,4,0,0,0,0,0,0,8,674,0,0,0,0,0,9,0,0,0,0,0,0,21,1,0,16,0,0,0,0,0,0,0,0,0,0,122,1,0,0,17,0,0,136,0,0,0,0,59,68,0,428,14,0,0,0,1,0,0,49,0,255,0,0,22,0,0,4,0,0,90,0,0,0,0,0,0,0,0,0,0,0,0,0,0,0,0,17,0,14,67,0,0,0,0,0,0,0,0,0,84,0,28,64,0,4,0,0,0,44,266,0,0,578,0,0,0,0,0,0,75,0,0,0,0,1,0,5,0,0,265,0
0,1,47,0,0,0,0,15,0,0,0,0,8,69,164,0,0,28,0,0,0,3,0,22,0,11,0,0,0,2,0,0,0,8,2,0,0,0,0,4,0,0,0,0,0,0,0,0,0,0,1,0,0,0,0,0,2,24,0,1,52,0,20,1,0,155,5,0,5,10,0,0,0,3,9,4,0,0,0,223,0,0,0,0,0,0,0,0,136,76,111,5,1,1643,0,2,0,0,0,1,0,9,0,0,0,0,0,1,24,3,0,0,0,10,0,0,0,34,11,3,0,0,0,0,506,0,1,65,0,44,0,1,1,1,0,16,244,0,0,0,0,0,0,0,0,0,0,0,0,2,8,0,0,0,1,0,0,0,51,17,0,0,0,304,2,0,0,6,0,14,0,0,4,0,0,0,0,42,45,0,0,7,0,2,0,0,0,0,0,0,0,16,0,1,0,1,0,0,0,1,0,0,0,0,0,0,0,0,0,0,0,0,0,0,0,0,32,0,0,0,6,0,0,0,0,0,0,0,87,0,205,0,0,49,0,3,0,0,1,942,0,0,0,0,4,5,0,0,0,0,0,0,0,0,0,0,6,0,0,0,0,0,0,0,0,0,0,0,19,1946,0,0,1123,0,8,0,71,0,0,991,0,0,106,0,0,3,0,0,4,0,0,0,0,0,0,0,10,0,0,11,0
0,0,0,0,0,0,1,0,0,0,0,0,0,0,50,0,6,0,0,0,0,0,0,0,0,1296,0,0,9,0,0,0,0,141,0,0,2,0,0,0,0,0,0,0,0,301,0,0,0,0,0,0,0,0,0,0,0,0,0,0,0,0,0,0,0,0,0,0,0,14,0,0,0,0,0,0,0,0,0,446,0,0,0,0,0,0,38,0,0,126,0,87,0,0,0,0,0,0,115,0,0,0,0,0,0,0,0,485,0,0,0,0,0,128,0,0,0,0,330,0,0,0,0,20,136,0,0,0,0,0,0,695,0,0,0,0,0,0,0,0,7,0,0,0,0,0,0,0,0,0,28,0,0,0,0,0,0,0,0,0,0,0,0,0,0,0,0,0,0,2,0,0,1,0,6,0,0,149,0,0,0,0,0,0,0,0,0,0,0,0,0,179,1,0,0,0,0,0,0,0,0,0,0,0,389,11,0,0,6,1,0,0,0,0,5,0,0,0,0,0,69,0,0,0,0,0,0,0,0,0,0,0,0,88,0,0,0,0,0,0,0,0,0,0,0,39,0,0,0,0,0,0,0,0,0,1,0,0,0,0,0,0,0,0,0,0,0,0,0,7,0,0,314,0,0,0,0,0,0,3777,0,0,427,0,0,0,0,0,0,0,0,0,0,0,0,0,6,0,0,61,0
0,0,0,0,0,0,0,0,0,0,0,0,0,0,0,0,1,0,0,0,0,0,0,0,0,2017,3,0,0,0,0,0,0,2,0,0,0,24,0,0,0,0,0,0,0,1,0,0,0,0,0,0,0,0,0,0,0,24,0,0,91,0,12,0,7,0,34,0,65,93,0,0,0,44,0,171,0,5,0,0,0,0,0,0,0,0,0,0,164,0,1,0,1,1630,0,0,9,0,0,0,0,0,0,0,0,0,1,22,33,0,0,0,0,0,0,0,0,0,1,0,0,0,0,0,0,1,1,89,0,223,0,1,0,0,0,0,0,0,0,0,0,0,0,0,0,0,0,0,0,0,0,0,1,20,0,0,0,0,0,10,0,0,0,2,0,0,0,0,0,0,0,0,0,0,0,0,0,0,0,0,0,0,0,0,0,0,0,0,0,3,0,20,28,0,0,0,0,0,0,0,0,0,2131,0,0,0,0,1,0,1,0,0,9,0,0,0,0,0,2,0,0,0,0,0,0,0,0,0,0,0,117,0,0,0,0,0,0,0,0,0,0,0,0,0,0,0,0,0,0,0,0,4,0,0,0,0,7,0,0,0,0,0,0,0,0,0,0,0,0,9,0,0,15,0,0,0,0,0,0,2692,0,2,6,0,0,0,1,0,4,0,0,0,0,1,37,0,8,0,4,98,0
0,0,0,0,0,0,0,0,0,0,12,0,4,0,277,0,0,13,0,0,0,0,0,0,0,58,0,0,206,39,4,0,0,1,0,0,1,293,0,0,0,0,49,0,168,5,0,0,0,28,0,0,0,35,0,0,0,103,0,0,49,0,0,0,0,0,0,1,5,0,0,0,0,0,0,189,0,0,0,950,0,0,1,0,0,0,47,0,155,95,0,0,2,2142,0,0,0,76,12,0,0,28,0,0,0,0,108,14,0,53,0,1,0,95,0,0,0,282,0,0,0,0,0,0,7,0,1,702,0,0,0,47,199,0,0,0,0,0,0,0,0,39,0,0,0,0,7,12,0,0,3,0,0,0,0,13,0,1,0,72,0,0,0,11,0,0,0,0,0,0,0,0,0,0,47,0,0,0,167,1,0,0,0,0,0,0,0,0,0,0,0,48,0,0,0,0,0,0,0,1349,0,0,0,0,47,0,0,0,0,31,0,0,0,0,0,0,0,0,249,0,0,0,0,0,0,0,0,0,16,0,115,0,0,251,0,0,0,21,0,0,0,0,0,0,1,0,0,0,0,0,0,5,0,1,0,0,0,0,0,0,0,0,0,9,0,0,0,0,0,66,111,18,100,0,0,0,0,0,14,347,0,0,219,0,0,0,0,0,0,10,0,0,0,0,3,0,11,0,0,29,0
0,0,0,17,0,0,0,0,1,0,0,0,0,0,0,0,108,0,0,0,0,0,0,6,0,0,0,0,0,153,272,0,0,0,0,0,0,1,0,0,0,0,0,0,0,0,0,0,0,0,0,0,0,0,0,0,0,3,0,0,0,0,0,0,0,2,16,0,0,134,0,0,0,5,65,0,0,0,0,5,0,0,84,0,0,37,0,0,0,0,1,4,0,0,0,0,87,9,0,0,0,231,0,0,0,0,0,884,0,0,0,0,14,0,0,0,0,0,0,18,0,0,0,39,0,0,0,0,0,0,0,0,0,0,0,0,0,0,0,0,0,0,0,0,0,0,0,0,0,0,0,0,0,0,0,0,0,0,1,0,0,0,0,0,0,0,0,0,0,5,0,0,0,24,0,0,0,0,0,0,0,0,0,0,0,0,2,0,0,0,0,0,0,0,0,0,0,0,0,0,0,0,0,0,571,79,0,0,0,0,0,0,0,0,0,0,57,0,0,0,0,0,0,0,0,0,0,0,0,0,0,0,0,1652,0,0,0,0,0,156,0,0,0,0,244,178,0,2,0,0,0,0,0,0,0,0,5,0,0,0,0,0,0,0,0,0,1,0,112,3313,0,0,0,0,0,0,0,0,0,1052,0,0,26,0,0,0,85,0,0,154,0,0,0,0,0,0,71,0,0,16,0
0,0,18,6,0,35,48,0,0,0,0,0,12,0,0,31,0,0,0,0,0,19,0,82,44,874,0,0,0,0,0,0,0,9,0,0,2,211,0,0,0,0,0,0,162,2,0,44,0,26,0,0,0,0,0,0,0,16,0,183,66,0,36,48,0,279,190,0,11,0,4,2,13,0,1,1,0,0,0,1872,0,0,1,0,0,0,0,0,140,24,0,0,1,1106,0,0,0,0,2,0,0,0,0,35,5,0,0,48,0,335,0,0,0,0,0,0,0,83,84,13,0,0,0,7,10,0,138,670,0,203,0,1,0,1,0,0,0,0,0,0,0,0,0,0,0,0,0,0,1,0,0,0,0,2,2,0,0,1,0,10,0,0,0,0,0,1,15,0,0,0,8,0,192,0,0,0,0,46,0,0,0,0,0,0,13,0,0,0,0,0,0,69,6,0,0,0,0,0,0,94,0,0,0,0,0,32,0,0,0,30,0,0,0,0,5,0,40,0,0,0,0,35,0,0,0,0,0,0,5,8,126,0,0,36,0,0,0,0,0,0,0,0,0,0,0,0,1,0,0,0,0,4,0,0,4,5,12,0,0,0,18,0,5,13,1,0,0,0,0,1433,0,0,11,0,0,0,0,0,11,3,1,0,82,0,0,0,0,0,277,0,0,0,0,0,1,0,37,0,0,58,0
0,0,5,0,0,14,20,0,0,0,0,0,9,0,1963,1,1,46,0,0,86,7,0,39,0,0,0,0,1,0,0,0,0,78,0,0,0,50,0,0,0,0,0,0,0,0,0,24,0,0,1,0,0,7,8,0,0,33,0,2,69,0,6,11,0,14,59,14,143,197,1,0,0,1,5,0,0,16,0,939,0,20,3,0,0,65,0,0,73,163,0,7,2,617,0,0,0,0,4,0,0,0,0,0,14,0,1,35,0,22,0,0,0,0,0,0,1,36,0,12,0,0,2,0,129,0,181,0,1,4,0,1,0,1,0,20,0,0,0,0,0,0,0,0,0,1,18,1,0,0,0,0,0,0,1,0,30,0,0,17,0,1,0,1,0,0,1,0,0,1,2,3,21,0,0,3,0,2,0,0,0,5,0,3,0,0,0,0,0,0,0,74,1,8,0,0,0,0,0,0,0,0,0,0,0,14,8,8,3,1,0,0,0,0,0,1,0,1,42,0,4,5,0,0,0,0,0,0,0,0,137,1,0,611,0,0,0,0,0,2,0,0,0,0,5,32,0,20,0,0,0,0,3,0,1,3,10,0,0,0,0,0,0,3,0,0,2,0,2,799,0,0,30,0,0,0,0,1,1,2413,0,1,197,0,0,0,0,1,0,41,0,0,0,0,4,0,21,0,0,108,0
0,0,7,0,0,0,49,0,0,0,0,0,0,129,0,0,0,0,0,3,0,0,0,0,0,0,0,43,86,0,0,0,0,0,0,0,68,0,0,0,4,0,0,0,0,0,0,0,0,0,0,0,4,2,23,16,0,0,0,2,0,0,0,0,0,0,0,0,0,0,6,0,0,0,0,0,0,0,0,0,18,0,77,0,4,0,0,0,0,0,0,5,6725,0,0,0,0,0,0,33,0,18,0,0,0,0,0,0,0,0,0,0,0,0,0,0,0,0,0,0,0,0,0,0,0,14,0,0,0,0,0,0,0,0,0,0,0,5,3,0,2,0,0,0,0,0,3,0,0,0,0,0,0,64,2,0,0,0,0,0,0,0,0,0,0,0,0,0,0,6,0,0,0,0,0,0,0,0,0,0,0,0,0,0,0,0,0,0,0,0,0,0,0,0,0,0,0,0,0,0,0,2,0,110,0,0,0,0,0,6,0,0,0,0,0,0,0,55,554,0,60,41,0,0,1,0,0,0,53,0,0,13,7,0,34,0,0,0,0,0,0,0,0,0,0,0,0,3,0,0,0,0,0,6,0,0,0,0,0,0,0,0,0,0,0,0,0,0,0,228,0,0,1112,0,168,0,0,0,0,0,0,0,0,0,0,0,0,0,0,0,0,0,0,0,0,0,126,0,0,0,0
0,0,0,0,0,0,0,0,0,0,0,0,0,186,3,0,0,0,0,1,19,27,0,0,0,2589,0,0,0,1,8,1,0,32,0,0,15,1,0,0,0,0,82,47,0,750,0,1,0,0,1,0,0,0,2,0,0,0,0,180,0,22,0,0,0,0,0,0,0,0,14,0,0,28,0,33,0,0,0,145,1,5,0,0,0,0,0,0,0,106,0,0,1,12,37,0,0,0,61,0,0,1,0,0,1,0,0,0,2,0,0,3,0,92,1,0,0,0,17,1,0,0,0,1,29,18,0,0,5,17,1,1011,1,0,0,0,0,0,0,0,3,0,1,0,0,0,5,0,0,0,24,1,0,4,0,0,0,0,0,22,0,0,2,1071,0,0,0,0,0,0,7,0,3,0,0,0,0,4,21,0,1,0,0,1,11,0,0,0,8,0,0,21,0,1,0,0,0,0,0,0,0,0,0,2,0,6,1,1,0,0,0,26,0,0,2,0,39,16,1,2,0,27,0,0,1,5,1,0,43,0,246,0,0,727,0,0,0,0,0,0,2,0,0,1,0,0,0,0,0,0,28,1,0,0,10,0,4,0,2,0,3,0,0,1,20,0,1,0,1,0,0,10,457,0,0,1,1,0,14,1267,0,0,51,0,0,0,1,0,97,4,1,0,0,0,35,1,0,2,0,23,1
3,0,0,0,0,0,0,0,275,0,0,0,0,0,87,0,0,0,0,0,15,0,0,0,0,0,0,0,0,68,1,0,0,215,0,0,7,401,0,0,0,0,0,184,0,0,0,0,0,0,1,0,0,0,0,0,0,0,0,0,3,0,0,0,0,0,0,0,83,0,0,0,0,0,0,0,0,0,0,1,0,0,480,0,0,0,0,0,0,125,0,0,114,0,0,0,0,0,0,0,0,7,0,0,0,0,7,1221,0,0,0,0,1,438,0,0,0,0,453,0,0,0,0,9,187,0,0,0,0,0,118,21,0,0,0,0,356,0,0,0,0,0,0,0,0,0,0,0,0,0,18,0,0,0,0,0,0,0,0,84,0,0,0,0,0,0,0,0,0,0,0,0,0,0,0,0,0,0,0,0,0,0,0,0,0,15,0,0,0,0,0,0,0,0,110,0,0,0,0,0,0,0,0,51,0,0,0,0,1,16,0,0,0,0,0,0,0,0,0,0,0,0,0,0,0,0,0,0,9,0,273,0,0,359,0,0,0,0,0,1,0,0,517,0,0,0,0,0,0,0,1,0,0,2,62,0,0,0,0,0,0,0,0,0,14,0,0,0,0,118,0,0,2194,0,0,0,0,0,0,5,0,0,892,0,0,0,1,0,0,13,0,0,0,0,0,0,24,0,0,336,0
0,0,3,2,0,11,0,0,0,2,0,0,3,0,44,0,28,27,23,1,0,9,0,0,79,271,0,0,0,1,0,0,0,2,0,0,1,32,2,0,0,0,0,0,0,0,0,57,0,0,1,0,0,21,2,1,0,31,0,50,55,0,0,9,0,162,48,6,45,142,1,2,0,24,6,0,0,3,0,948,0,0,68,0,1,0,0,0,47,49,66,1,0,296,0,0,0,51,0,2,0,0,21,1,5,107,41,1818,0,33,0,7,0,2,0,0,0,24,22,1,0,0,0,2,0,50,958,44,0,111,0,519,0,2,0,2,0,0,0,0,0,0,0,0,53,0,15,1,0,0,0,0,2,4,1,0,8,0,0,4,0,0,0,0,0,0,3,0,0,23,10,0,1,0,0,0,0,6,1,1,0,0,0,0,9,0,0,0,0,0,0,14,178,12,0,0,0,3,0,0,0,0,0,4,0,121,0,19,0,12,0,0,3,0,1,0,44,6,0,2,1,0,0,3,2,0,0,0,2,0,70,0,1,130,0,0,1,0,0,2,0,0,1,0,0,0,0,0,0,11,0,2,38,0,4,1,0,0,3,2,0,0,0,5,0,1,0,0,10,59,4,0,245,1218,0,0,0,1,0,956,0,2,10,0,0,0,0,0,130,2,0,0,0,0,5,0,14,0,0,6,1
0,0,0,0,0,0,0,0,0,0,0,0,0,0,0,0,199,0,0,0,0,75,0,0,0,6,0,0,0,0,0,0,0,363,0,0,0,0,0,0,0,0,0,0,0,8,0,0,0,0,0,0,0,0,0,0,0,0,0,1582,0,0,0,0,0,0,42,0,0,0,0,0,0,0,0,0,0,0,0,108,0,0,0,4,0,0,0,0,0,0,0,0,0,0,0,0,10,0,0,0,0,21,0,0,0,0,0,0,0,0,0,0,0,0,71,0,0,0,477,0,0,0,0,0,0,0,0,0,0,0,0,0,0,0,0,0,0,0,18,0,96,0,0,0,0,0,101,0,0,0,14,0,0,0,0,0,0,0,37,0,0,0,0,0,0,0,0,0,0,0,23,0,4,0,0,0,0,0,134,0,0,0,0,0,0,0,0,0,0,0,0,0,0,0,0,0,0,0,0,0,0,0,0,2685,0,0,0,0,0,0,0,0,104,0,160,0,388,0,0,0,0,0,0,0,0,52,0,0,708,0,0,0,0,0,0,0,0,0,0,0,0,0,0,0,0,153,0,0,0,0,0,0,0,0,0,0,0,0,0,10,0,0,0,0,0,0,0,0,0,6,0,0,1401,10,35,0,0,0,0,0,0,0,315,0,0,2,0,0,0,221,0,0,0,358,0,0,0,0,0,0,0
0,0,0,0,0,0,2,36,1,0,0,1,0,797,8,0,0,0,0,2,143,48,0,0,0,116,0,0,0,13,0,0,0,42,0,0,0,76,0,0,0,0,0,166,0,6,0,3,0,0,3,0,0,0,13,0,0,0,0,0,2,6,0,0,0,2,44,0,0,0,16,0,0,386,0,0,0,0,0,30,0,0,1,0,39,1,0,0,0,100,0,13,0,0,0,0,0,0,108,0,0,0,0,0,31,0,227,65,0,0,0,0,0,100,0,0,0,0,43,0,0,0,0,189,58,0,0,0,0,112,110,113,0,0,0,0,636,0,0,0,2,0,0,0,0,0,0,0,0,0,5,100,0,0,1,0,0,0,0,144,0,0,0,248,0,0,1,0,0,0,5,0,8,0,0,0,0,59,0,0,0,0,0,0,2,0,0,0,0,0,0,85,0,17,53,0,0,0,0,0,0,0,0,0,0,4,3,0,0,3,0,0,0,9,16,0,81,39,106,7,0,0,0,0,0,56,552,0,153,0,140,0,0,567,0,0,0,0,0,0,4,0,0,0,0,0,0,0,0,0,0,5,5,0,3,0,1,3,10,51,1,0,0,14,0,0,0,0,13,0,1,93,108,0,0,0,2,0,4,2819,0,0,69,0,0,0,0,0,0,97,0,0,0,0,29,0,3,196,0,76,20
0,1,4,0,0,18,0,0,0,0,0,0,5,1,0,0,0,15,0,7,4,4,0,129,26,1,0,0,18,4,0,0,0,12,0,0,1,53,2,0,263,0,0,1,0,8,0,50,0,29,1,1,0,24,5,0,0,55,0,5,114,0,0,0,0,27,78,0,4,47,1,0,5,1,1,0,0,0,0,659,0,62,84,0,0,0,0,0,0,0,1,1,1,2103,71,1,0,91,1,0,0,0,0,39,0,8,2,28,0,94,0,1,0,0,0,0,1,21,174,0,0,0,0,0,2,0,2009,839,0,16,0,10,0,0,0,0,57,0,0,0,0,0,0,0,454,0,0,2,0,0,5,2,0,0,4,0,0,0,0,2,0,0,0,41,0,0,0,0,0,0,0,0,0,0,0,0,4,0,35,0,0,2,0,0,10,0,0,2,0,2,0,90,1,0,52,0,0,0,0,0,0,0,0,2,0,138,2,0,0,1,5,0,0,0,2,0,62,21,79,0,8,0,0,0,0,0,2,0,1,2,1,1,0,46,0,1,0,0,0,0,0,0,0,2,0,0,1,0,0,0,0,0,0,0,5,8,0,0,2,22,0,0,1,5,0,0,0,3,0,310,3,45,136,0,1,0,0,0,3,752,0,0,76,0,0,0,0,1,102,11,0,0,15,0,1,0,4,0,0,19,0
0,0,0,0,18,0,0,58,0,1,0,4,0,23,15,0,0,44,0,0,130,5,0,0,50,180,0,2,0,0,0,0,0,3,0,0,0,175,0,0,0,0,0,0,0,321,0,0,0,0,0,0,0,15,0,0,0,32,0,181,46,0,0,0,38,7,29,0,4,113,1,0,0,0,3,0,0,6,0,1460,0,13,0,0,9,7,0,0,22,0,42,0,0,932,0,0,0,0,5,0,0,0,0,14,0,0,13,1,114,20,142,0,0,57,0,0,0,43,67,0,4,12,0,0,0,2,0,38,0,8,0,89,4,0,0,0,0,0,0,0,0,0,0,0,0,0,11,2,0,0,7,0,0,8,0,0,0,0,0,16,0,0,0,374,0,0,0,0,0,6,1,0,1292,0,0,0,0,55,514,0,0,0,0,0,3,0,0,0,0,1,0,99,0,0,0,0,38,3,1,0,0,0,0,8,675,57,0,0,0,0,0,0,1,0,0,7,73,11,0,0,0,15,0,0,0,0,251,0,12,3,190,0,1,668,0,0,4,0,0,15,0,0,0,0,0,1,0,0,0,0,0,3,0,1,2,5,0,0,1,0,18,0,1,0,0,0,0,0,0,4,117,0,29,0,0,0,0,0,2,613,1,1,143,0,0,0,0,0,17,0,0,0,0,0,0,0,0,0,0,0,0
0,0,0,0,0,0,1,0,0,0,0,0,0,0,0,0,0,0,0,0,0,0,0,0,0,0,0,0,0,0,952,0,0,0,0,366,31,164,0,0,2,0,0,0,0,749,0,0,0,0,0,1,0,0,0,0,0,6,0,0,0,0,9,0,5,0,0,0,0,151,0,0,0,0,72,0,0,0,0,0,0,0,0,0,0,14,404,0,0,0,59,1,0,0,0,0,0,0,0,0,10,0,0,0,0,1,0,0,22,0,0,0,0,0,0,0,0,0,0,0,0,17,0,0,0,33,0,0,0,0,21,0,0,0,5,23,0,0,0,0,0,0,0,0,0,0,0,0,0,0,0,248,0,0,87,0,0,0,507,109,0,0,0,0,0,0,0,0,0,0,0,0,0,0,0,0,0,0,1293,0,13,0,0,0,0,0,1,0,9,0,0,0,0,0,0,0,0,0,0,0,0,0,0,0,2282,0,0,0,0,0,0,0,24,0,0,0,125,0,0,0,0,0,0,16,0,0,0,0,248,0,0,0,0,256,0,0,0,0,0,0,0,0,240,0,0,0,0,0,0,0,0,0,0,0,0,15,0,0,0,0,0,46,0,0,0,0,0,85,0,0,0,88,0,0,10,0,0,0,43,1069,0,0,0,0,0,0,0,0,0,0,69,0,0,0,0,0,0,0,0,0,0
0,0,7,0,0,0,0,0,0,0,0,0,0,0,1,0,0,14,0,0,0,0,0,0,0,17,0,0,8,65,2568,0,0,10,0,0,3,0,0,0,0,0,0,0,0,0,0,27,0,0,0,0,0,0,0,0,0,0,0,759,0,0,0,6,0,0,755,0,0,0,0,0,0,0,0,0,0,0,0,581,0,0,72,0,0,0,118,0,0,0,0,0,3,0,0,3,0,0,0,0,0,1,0,0,0,0,0,843,0,68,0,0,0,0,0,10,0,512,886,0,0,0,0,1,0,96,0,0,0,0,0,0,0,0,0,0,13,0,0,0,1,0,0,0,0,88,0,0,0,0,54,0,0,0,0,0,0,0,0,0,0,0,0,0,0,0,0,0,0,0,26,25,1,0,0,0,0,0,0,0,0,0,0,0,0,0,0,0,0,0,0,0,1,0,0,0,0,0,0,0,0,0,0,464,0,37,8,0,0,1,0,0,5,0,0,0,0,0,151,0,37,0,0,0,0,0,0,0,0,0,0,1,0,98,0,0,0,0,0,2,0,0,0,0,1,0,0,0,0,0,0,0,0,0,0,250,0,0,0,24,0,0,0,3,0,0,0,0,0,246,276,0,31,0,0,0,0,0,0,286,0,0,0,0,0,0,0,0,0,0,0,0,0,0,0,0,4,0,0,437,0
0,1,0,0,0,8,0,0,0,1,0,0,0,1,11,0,0,36,11,0,32,7,0,0,0,976,0,0,0,11,0,0,0,12,0,0,0,24,0,0,0,0,0,0,0,46,0,7,0,0,1,0,0,24,1,0,0,24,0,19,14,12,0,22,0,148,127,0,0,422,1,4,1,3,1,101,0,11,0,206,0,48,0,0,1,150,0,0,0,20,0,1,0,820,1,0,0,0,3,0,0,0,0,9,2,0,17,2740,0,20,0,0,0,4,0,0,0,0,167,0,0,0,0,3,12,37,1,0,2,36,52,1,0,0,0,0,0,0,0,0,0,0,0,0,53,0,2,3,0,0,7,1,0,8,1,0,0,0,0,1,0,3,0,202,0,0,1,0,0,0,16,0,278,0,0,0,2,3,236,0,0,0,0,10,19,0,0,7,0,0,0,176,0,1,0,0,0,1,0,0,0,0,0,593,0,192,0,0,0,0,0,35,111,5,17,0,0,15,0,0,0,18,0,0,0,0,38,4,34,2,31,0,0,540,0,0,2,0,0,0,1,0,0,0,77,174,0,0,0,0,0,1,2,0,8,141,11,0,6,28,1,0,0,1,0,0,0,0,15,7,7,16,33,0,0,0,0,1,0,137,0,0,62,0,0,0,0,0,14,8,0,0,0,0,7,0,2,0,3,99,2
0,0,0,1,0,0,5,0,0,0,0,0,1,222,41,0,0,0,0,0,0,0,0,0,0,3719,0,0,0,11,0,0,0,45,0,0,0,164,0,0,0,0,0,0,0,0,0,0,0,0,2,0,0,0,0,0,1,0,0,2,0,43,1,0,0,0,29,0,0,93,51,0,0,0,0,0,0,0,0,8,0,0,0,0,0,1,0,0,0,167,0,8,1,0,0,0,0,0,342,54,0,4,0,0,0,0,0,0,0,0,0,0,0,0,0,0,1,0,17,0,0,0,0,6,0,0,0,0,0,0,0,117,0,0,0,0,0,1,0,0,639,0,0,0,0,0,20,0,1,0,0,0,0,0,0,0,0,0,0,84,0,0,0,0,0,0,1,0,0,4,32,0,0,0,0,0,0,126,21,0,0,0,0,0,0,0,0,0,0,0,5,0,0,0,0,0,0,0,0,0,0,0,0,0,0,9,0,0,0,0,0,0,0,0,0,0,93,0,0,0,0,46,0,0,0,0,0,0,0,0,0,0,0,149,0,0,0,0,0,0,0,0,0,0,0,31,0,0,0,0,0,0,0,0,9,2,152,0,4,0,5,0,0,3,0,0,0,0,0,1,0,0,242,0,0,0,0,0,3,3106,0,0,0,0,0,0,0,28,8,0,0,0,0,0,0,0,22,0,0,0,0
0,0,0,0,0,0,1,0,0,0,0,0,0,0,17,0,0,0,0,0,0,0,0,0,0,3783,0,0,48,0,0,0,0,37,0,0,0,148,0,0,0,0,0,0,0,95,0,0,13,0,0,0,0,0,0,0,0,0,0,0,0,0,0,163,0,0,11,0,0,39,0,0,0,0,0,0,0,0,0,220,0,0,0,0,0,1,0,0,0,0,0,12,0,0,0,0,13,0,6,0,0,2,0,0,0,0,0,3075,0,0,0,0,0,0,0,0,0,5,60,0,0,0,0,0,43,0,0,0,0,0,0,0,0,0,0,0,4,0,0,0,8,0,0,0,0,0,16,0,0,0,38,0,0,4,0,0,31,0,0,0,0,0,0,0,0,0,0,3,0,10,0,0,0,0,0,0,0,0,0,8,0,0,0,0,10,0,0,0,0,0,3,28,3,4,0,0,0,0,0,0,0,0,0,0,1,37,0,0,3,0,3,0,0,0,0,0,0,0,205,0,0,32,0,0,0,0,0,0,0,0,0,0,0,161,0,0,0,0,0,0,0,0,0,0,1,14,0,0,0,0,14,0,0,0,0,0,6,0,0,0,7,0,0,0,0,0,0,0,0,357,0,0,10,0,0,0,0,0,0,1037,0,0,112,0,0,0,0,2,0,0,0,0,0,0,0,0,8,0,0,27,0
0,4,0,0,0,0,0,0,0,0,0,0,4,0,21,0,0,34,0,0,0,8,0,0,8,122,0,0,10,49,0,0,1,14,0,0,11,0,0,0,0,0,0,0,0,0,0,0,0,16,7,0,0,16,0,12,0,62,0,183,67,0,142,1,0,19,0,0,39,187,7,0,0,0,0,144,0,0,0,1641,0,0,0,0,0,78,1,4,118,48,0,13,0,938,0,0,0,62,0,0,0,0,0,0,0,0,0,613,0,40,0,0,0,0,0,1,0,68,105,0,0,0,0,0,0,0,0,10,1,0,0,0,0,1,0,0,0,0,0,0,86,0,0,4,0,0,127,0,2,0,13,0,5,0,0,0,0,0,0,0,0,0,0,0,0,0,13,0,0,0,0,1,0,0,0,0,0,212,0,0,0,0,0,30,60,0,0,0,0,0,0,28,1,13,0,0,0,0,0,0,0,0,0,0,459,44,3,2,1,3,0,0,0,0,21,3,0,0,104,0,0,0,0,0,0,0,0,0,80,0,0,0,0,368,0,0,59,0,0,166,0,0,0,0,7,0,0,0,0,0,0,0,35,0,127,121,7,0,0,0,0,0,0,4,361,1,0,0,182,111,0,0,249,13,12,0,0,0,0,1158,0,0,496,0,0,0,0,0,0,0,0,0,0,0,97,0,3,0,0,187,0
0,1,3,6,0,0,0,61,0,0,0,0,4,486,0,0,0,0,0,0,0,49,0,26,0,182,0,0,276,143,0,0,0,20,0,0,0,0,0,0,0,0,0,0,0,139,0,0,0,0,8,0,0,0,27,15,0,0,22,388,0,4,0,0,25,0,70,0,0,0,26,0,0,182,0,0,0,0,0,0,0,0,82,0,0,25,1,0,0,0,0,48,88,0,0,0,0,0,0,0,10,0,0,0,0,1,0,1444,0,0,0,0,0,109,0,0,0,0,52,0,0,0,0,0,323,60,0,0,0,0,35,0,0,0,0,0,12,0,0,0,5,0,0,0,0,0,0,0,0,0,0,0,82,1,0,1,0,0,335,61,0,0,0,0,0,0,0,0,0,0,5,0,0,0,0,0,0,13,321,1,0,0,0,1,0,0,0,0,0,0,0,99,0,0,0,0,0,0,0,0,0,0,0,0,0,49,0,0,0,0,1,0,0,0,0,0,0,36,0,0,0,0,28,0,0,0,118,452,0,0,12,3,0,665,0,0,10,0,12,91,0,0,0,0,1,0,0,0,0,0,0,0,0,0,0,4,2,0,0,8,5,0,0,7,0,0,1,0,0,139,0,25,0,0,0,0,0,0,0,2068,1,0,738,0,0,0,0,0,7,122,0,0,0,0,0,14,6,0,0,0,0
0,0,0,0,0,0,0,0,0,0,0,0,2,0,0,0,0,0,0,0,0,0,0,0,0,1108,0,8,3,0,10,0,0,0,0,0,18,0,1,0,0,0,0,0,0,0,0,0,0,0,0,0,0,0,0,0,0,0,0,0,0,0,0,0,0,0,8,0,0,52,0,0,0,0,0,0,0,0,0,0,0,0,48,0,0,0,1,0,0,0,0,0,6,0,0,0,0,0,0,0,0,0,0,0,0,0,0,352,0,6,0,0,1,0,0,1,0,0,54,1,0,0,0,4,0,0,0,0,0,0,0,138,0,0,0,0,0,0,0,0,5,0,0,0,0,0,2,0,0,0,7,0,0,0,0,0,0,0,0,0,0,0,0,0,0,0,0,0,0,0,0,0,0,0,0,0,0,0,47,0,0,0,0,0,0,0,0,0,0,0,0,0,0,0,0,0,0,0,0,0,0,0,0,0,0,5,0,0,0,0,0,0,0,0,0,0,56,0,14,0,20,0,0,0,0,0,0,0,0,0,0,0,0,334,0,0,0,0,0,0,0,0,0,0,3,0,0,0,0,0,0,0,0,0,0,0,21,0,0,0,0,0,0,1,0,0,0,0,0,268,0,0,647,0,0,0,0,0,13,6290,0,0,0,0,0,0,0,0,15,0,0,0,0,0,277,0,1,0,0,155,0
0,0,0,0,0,10,5,18,0,2,4,0,2,0,55,1,0,13,14,1,113,20,0,31,0,2145,0,0,0,1,74,0,0,0,0,0,1,37,0,1,0,7,0,0,0,451,0,28,0,0,2,0,137,10,38,0,0,8,0,21,25,0,4,1,0,40,34,0,40,0,17,2,2,16,0,1,0,0,1,290,0,0,1,0,7,0,0,1,82,59,0,1,3,264,0,0,7,0,0,0,0,0,0,33,0,0,0,1,0,0,0,12,0,783,0,0,0,0,34,0,0,0,1,5,122,0,0,385,184,8,0,1,0,0,0,0,0,1,0,0,1,3,0,0,0,0,1,0,1,0,13,51,0,1,0,0,1,1,0,0,0,2,1,0,0,0,5,0,0,0,0,0,9,0,0,0,1,54,421,0,0,0,0,0,7,0,0,0,0,0,0,136,1,0,0,11,101,0,0,8,0,0,0,1,26,1,0,0,2,1,0,0,0,0,1,0,0,0,8,0,0,3,0,0,0,0,18,3,0,0,131,1,0,275,12,0,0,0,1,0,9,11,0,0,0,0,0,0,0,0,0,1,0,1,2,0,0,0,4,28,0,0,4,1,0,0,0,0,0,10,29,0,146,3,0,0,0,0,2,2124,0,0,377,0,1,0,0,0,0,0,0,0,5,0,0,0,2,0,0,223,0
5,4,0,0,0,0,0,0,0,0,0,0,0,0,0,0,6,0,0,16,0,34,0,4,0,2304,0,0,6,0,0,0,0,221,0,0,0,157,0,1,0,0,0,11,0,0,0,0,0,1,0,0,0,0,20,0,0,0,0,63,0,0,0,0,0,0,36,0,0,0,3,0,0,0,0,0,0,0,0,72,0,0,0,0,0,0,0,13,0,52,0,7,7,0,0,0,0,0,52,0,0,24,0,0,0,0,0,0,0,251,0,0,0,0,0,7,0,0,0,0,0,0,0,1,665,0,53,0,0,0,22,7,0,0,0,0,18,0,0,0,681,0,0,0,0,0,31,0,0,0,0,0,1,37,0,0,0,0,0,3,0,0,0,0,1,0,0,0,0,0,0,0,0,1,0,0,0,1,0,0,0,0,0,0,0,0,0,0,0,0,21,0,11,5,0,0,0,0,0,0,0,0,0,1,0,220,5,5,0,1,0,0,0,0,0,0,113,0,571,3,0,0,0,1,1,0,0,0,31,0,0,0,0,177,0,0,0,0,0,0,0,0,113,0,0,0,0,0,0,0,0,0,0,0,0,65,120,0,0,0,2,0,0,2,0,0,0,0,0,17,0,0,22,1,0,0,0,0,0,2457,0,29,84,0,721,0,0,5,0,54,58,0,0,0,58,0,135,0,0,0,0
0,0,0,0,0,0,0,0,0,0,0,0,0,0,3,0,0,0,0,0,0,0,0,0,0,3442,0,0,6,7,0,0,0,0,0,0,0,0,0,0,7,0,0,0,0,43,0,0,0,0,0,0,1,0,0,0,0,1,0,0,2,0,0,0,0,0,0,0,0,0,0,0,0,0,0,1263,0,0,0,0,0,0,8,0,1420,1,209,0,0,0,0,14,0,0,0,0,2,0,0,0,0,0,0,0,4,0,0,0,0,0,0,0,0,1321,0,8,0,0,174,0,0,0,0,0,106,0,0,0,0,0,0,0,0,0,0,0,11,3,0,0,2,0,0,0,0,0,0,3,0,0,0,0,0,0,0,0,0,40,0,0,0,0,0,0,0,0,0,0,0,2,0,0,1,0,0,0,0,0,0,17,0,0,0,0,0,0,0,0,0,0,0,132,3,0,0,0,0,0,0,0,0,0,0,0,0,10,0,0,2,4,0,0,0,0,29,0,0,0,153,0,0,0,0,0,0,0,0,0,0,0,0,0,0,347,0,0,0,0,3,8,0,0,0,0,1,0,0,1,0,0,0,0,0,0,36,3,2,0,0,78,0,0,0,0,0,0,0,0,0,41,110,0,508,0,0,0,0,0,0,0,0,0,325,0,0,0,0,0,0,0,0,0,0,0,0,0,6,0,0,79,0
0,0,20,0,0,0,7,0,0,0,0,0,0,0,0,0,0,0,0,0,0,0,0,82,0,2760,0,0,0,0,0,0,0,0,0,0,1,0,0,0,0,0,0,0,0,160,0,0,0,0,0,0,0,25,0,0,0,123,0,49,30,0,14,0,0,49,0,0,123,225,2,0,0,0,6,0,0,0,0,203,0,0,0,0,0,0,0,0,179,0,1,0,1,1993,0,0,5,0,0,0,0,50,11,0,0,0,0,21,0,42,0,0,21,0,0,0,2,71,0,0,13,0,0,0,0,0,2,0,0,0,0,0,0,0,278,0,0,0,0,0,0,0,0,0,0,0,0,0,0,10,0,0,1,0,0,0,0,0,0,3,0,0,0,1,0,0,0,0,0,0,0,0,0,0,0,0,0,1,264,0,0,0,0,0,0,0,0,0,0,0,0,0,0,0,0,0,0,0,0,0,0,0,0,1,0,0,0,0,0,2,0,0,0,0,0,0,110,0,0,0,0,0,0,0,0,0,0,0,0,0,0,0,0,437,0,5,0,0,0,1,0,0,0,0,0,0,30,0,0,0,0,0,0,0,0,0,0,0,0,0,7,0,0,0,0,0,0,0,0,11,0,0,621,0,1,0,0,0,0,1865,0,0,0,0,0,0,0,0,0,0,0,0,0,0,61,0,0,0,0,0,0
0,0,0,0,0,0,0,0,0,1,0,0,0,0,38,0,3,1,0,1,1,3,0,13,0,2925,0,0,159,9,383,0,0,37,0,0,2,240,1,0,0,0,0,1,0,45,0,1,0,0,0,0,1,0,1,0,0,0,0,40,0,0,0,0,0,0,537,1,0,0,0,0,0,1,0,0,1,0,0,6,0,0,56,0,0,2,1,0,0,8,0,728,0,0,0,25,0,0,4,0,0,0,0,0,1,1,1,1868,0,0,0,6,0,22,0,0,0,0,171,0,0,0,10,1,50,15,6,0,1,0,7,1,14,6,0,0,52,0,2,0,35,0,0,0,0,0,11,0,0,3,8,0,0,0,0,0,0,0,0,9,0,0,0,1,0,0,4,0,0,0,6,0,0,0,0,0,0,3,252,0,0,0,0,0,1,0,0,0,0,0,3,23,1,0,0,0,0,1,0,0,0,0,1,70,221,38,0,0,0,8,4,0,0,5,4,0,53,1,54,0,31,12,0,0,0,0,0,0,31,21,1,0,0,204,0,0,0,0,0,0,0,0,0,0,3,0,0,0,0,0,0,0,6,0,4,8,7,0,0,1,16,0,0,1,0,0,0,0,3,69,0,0,9,1,0,0,0,0,2,992,0,0,131,0,2,0,0,0,25,4,0,0,0,0,4,0,1,6,0,88,0
0,0,1,0,0,0,1,1,2,0,1,0,0,234,0,0,0,1,0,1,21,4,0,0,0,0,0,0,10,80,545,0,0,56,0,0,19,126,10,0,0,0,0,41,0,26,580,0,0,0,1,0,0,0,0,1,0,0,1,14,0,61,0,0,0,4,188,0,0,40,0,0,0,346,406,0,0,0,0,11,7,1,3,0,209,0,0,0,0,130,123,20,0,0,0,0,0,0,4,0,0,0,0,0,0,1,89,531,0,1,0,128,0,0,0,0,1,0,157,2,6,42,0,1,27,0,58,0,0,0,6,339,0,0,0,0,30,0,0,0,4,0,0,0,0,0,19,1,1,5,6,9,0,0,1,0,0,0,8,15,0,0,0,2,0,0,0,2,0,0,2,0,1,0,0,1,3,103,179,1,0,0,0,0,6,0,0,0,0,0,0,59,0,0,307,0,0,1,0,1,11,0,2,1,0,44,2,0,1,0,0,0,0,6,1,0,212,15,0,3,9,0,0,0,0,0,5,0,61,32,135,1,0,464,0,0,0,0,0,0,0,0,0,0,0,0,0,0,0,0,3,2,10,0,0,0,0,0,6,8,0,0,0,6,0,0,0,40,0,148,0,41,208,0,1,0,33,0,6,2780,0,0,40,0,0,0,0,0,10,3,0,0,0,0,79,8,1,3,0,80,0
0,0,0,0,0,0,0,0,0,0,0,0,0,0,19,0,0,0,0,5,0,3,0,366,12,651,0,1,0,5,0,0,0,34,0,0,0,14,0,0,0,0,0,0,0,1,0,0,0,0,0,0,0,50,4,0,0,18,0,0,55,0,16,0,0,45,5,0,14,137,3,0,0,0,1,245,0,0,0,278,0,0,0,0,0,31,0,0,103,0,0,21,0,2649,0,1,0,0,0,0,0,108,0,0,0,0,0,139,0,0,0,0,0,0,0,0,0,102,93,0,0,0,0,0,247,0,0,162,0,0,0,0,1,0,0,0,0,2,0,0,0,0,0,0,0,0,0,0,0,0,0,0,0,0,1,0,0,0,0,59,0,0,0,1,0,0,1,0,0,0,3,0,0,0,0,0,0,0,0,0,0,0,0,0,3,0,0,2,0,0,0,25,1,0,0,0,0,0,0,0,0,0,0,0,0,0,0,0,0,25,0,53,0,0,0,0,77,0,0,0,0,0,0,0,0,0,0,0,25,0,0,0,1,629,0,0,0,0,0,3,0,0,0,0,4,0,0,0,0,0,0,0,0,1,6,7,0,0,0,0,0,0,0,3,0,0,0,0,5,789,0,0,415,0,1,2,0,0,7,1999,0,0,79,0,0,0,0,0,0,0,0,0,0,0,0,0,42,0,0,94,0
0,0,0,0,0,0,4,3,0,0,1,1,0,278,0,0,0,0,0,0,1,0,0,1,0,2685,1,0,5,1,1,0,0,0,0,0,5,48,0,0,0,0,0,5,0,0,0,1,0,8,0,0,1,0,3,0,0,0,0,205,0,0,0,0,63,0,81,1,0,0,0,0,0,6,0,0,0,0,0,58,0,0,0,0,1,0,98,0,0,38,0,0,0,0,26,0,0,0,58,0,0,0,0,0,1,0,1,1266,2,258,0,0,0,1,0,1,0,1,33,0,0,0,0,1,22,9,0,0,0,95,19,856,0,0,0,0,4,0,0,0,0,0,0,0,0,0,0,0,0,0,15,3,0,0,0,0,0,0,0,44,0,0,0,222,0,0,0,0,0,0,5,0,0,0,0,0,0,0,0,3,8,0,0,0,1,0,0,0,0,0,0,12,0,0,1,0,0,0,1,0,0,0,0,0,0,30,3,0,0,0,0,0,0,2,0,0,67,1,1,3,0,0,0,0,0,0,0,0,2,0,17,0,0,915,0,0,0,0,0,0,0,0,1,1,0,0,0,1,2,0,1,3,1,0,1,0,32,1,7,1,4,0,0,0,0,0,1,0,15,67,6,9,865,0,0,0,0,0,1,1106,0,0,93,0,0,0,0,0,103,1,0,0,0,0,14,0,0,10,0,50,0
0,0,0,1,0,0,0,0,0,0,0,0,0,0,2,0,0,0,0,0,0,0,0,12,0,0,0,0,2,10,193,0,0,0,0,0,4,1,0,0,0,0,0,0,0,0,0,0,0,0,0,0,0,0,0,0,0,2,0,62,0,0,0,0,0,0,0,8,0,0,0,0,0,0,0,0,0,0,0,0,0,0,0,0,0,0,51,0,3,0,361,2,5,0,0,3,0,0,0,0,0,2,0,0,0,0,0,4372,0,0,0,0,0,0,0,0,0,0,101,0,0,0,0,0,0,0,0,0,0,0,0,0,0,0,0,0,6,0,0,0,11,0,0,0,0,0,0,0,0,0,10,0,0,0,0,0,3,0,0,0,0,0,0,0,0,0,0,4,0,0,0,0,0,0,0,0,0,0,566,0,0,0,0,0,0,0,0,0,0,9,0,0,0,0,0,0,0,0,1,0,0,0,0,0,0,0,0,0,0,0,0,0,0,0,0,0,69,0,251,0,14,0,0,0,0,0,0,0,0,0,0,0,0,1488,0,0,0,1,0,0,0,0,0,0,0,0,0,1,0,0,0,0,0,0,10,0,4,0,0,0,0,0,0,0,0,0,0,0,0,0,0,0,0,0,1,0,0,0,0,1960,0,0,0,0,0,0,0,0,22,0,0,0,0,0,210,0,5,0,0,162,0
0,0,0,0,0,0,0,0,0,0,0,0,0,0,81,0,0,0,0,0,0,13,0,0,0,1072,0,9,3,0,0,0,0,45,0,0,0,0,0,0,0,0,0,0,0,0,0,0,0,302,0,45,0,0,0,0,0,90,0,0,0,0,0,0,0,0,0,1,0,250,0,0,0,0,0,4,0,0,0,0,0,0,0,0,0,0,0,0,0,0,0,0,0,2315,0,0,29,0,0,0,0,0,0,0,0,0,0,207,34,115,0,0,0,0,0,0,0,0,1,0,0,0,0,0,0,0,16,0,0,0,0,0,0,0,0,0,131,0,0,0,0,0,0,0,0,0,0,0,0,0,0,0,11,0,0,0,0,0,0,460,0,0,0,0,0,0,0,0,0,0,1,0,0,0,0,0,0,0,0,0,0,0,0,0,0,0,0,0,0,0,0,0,0,2,0,0,0,0,1,0,0,0,0,0,0,1,1,0,0,0,0,0,0,0,0,0,118,0,2,0,0,0,0,0,0,0,0,0,0,0,0,0,0,0,0,0,0,0,1,0,0,0,0,0,0,0,0,0,0,0,0,0,0,0,0,9,0,0,0,0,0,0,0,0,0,0,0,0,0,574,0,0,146,0,0,0,0,0,68,3310,0,0,172,0,0,0,0,0,0,0,163,0,0,0,193,2,0,0,0,4,0
0,0,0,0,0,20,0,0,0,0,0,0,12,1,0,0,0,14,42,0,2,1,0,0,115,3,0,0,0,0,148,0,0,38,0,0,1,50,0,0,0,0,0,25,0,22,139,0,0,0,1,0,0,0,28,0,0,48,0,2,116,0,0,0,0,195,21,0,83,212,4,0,0,1,0,0,0,0,0,745,12,0,0,0,1,0,0,0,0,96,13,0,1,553,0,0,0,0,7,0,0,0,0,23,5,0,0,28,0,26,0,28,0,39,0,0,0,361,2,0,31,0,0,0,33,16,0,130,1,90,139,1,0,0,0,0,0,0,0,0,0,0,6,0,59,0,17,0,0,0,16,1,0,0,76,0,0,0,9,13,0,0,0,0,0,0,0,0,0,0,0,0,0,0,0,0,0,7,35,0,0,0,0,0,0,0,0,0,0,0,0,31,0,0,0,0,0,1,0,0,0,0,0,278,0,0,0,0,0,57,0,0,6,0,2,0,79,23,25,4,0,0,0,0,0,3,74,0,90,7,10,0,0,993,0,0,6,0,0,0,0,0,0,0,210,0,0,0,0,0,0,0,3,0,14,0,0,0,0,4,1,0,0,0,24,0,0,0,0,2,0,13,965,0,0,0,0,0,1,2962,0,0,82,0,0,0,0,0,0,1,0,0,0,0,0,0,65,0,0,2,0
0,0,2,0,12,26,0,1,0,1,10,0,0,1,62,0,0,9,0,0,1,1,0,0,0,14,2,0,2,5,194,21,0,72,0,0,0,105,0,0,0,0,0,7,0,16,0,18,0,0,1,0,0,13,2,1,0,26,1,1,42,0,0,0,0,5,3,0,0,7,2,9,0,1,0,14,0,0,0,249,0,19,1,0,1,0,0,0,0,213,0,0,0,755,0,0,0,0,14,0,0,0,0,18,0,0,1,77,0,51,0,7,0,6,0,0,0,193,5,5,7,0,0,0,158,1,38,0,1,111,0,1,0,0,0,0,0,0,0,0,0,0,0,0,6,0,1,1,0,0,4,0,0,1,0,0,0,0,2,103,0,0,0,1,0,0,0,0,3,3,1,0,1,0,0,0,1,31,11,1,0,0,0,2,1,0,0,0,0,0,0,32,1,0,0,0,0,0,1,0,0,0,5,8,0,3,4,0,0,0,3,38,1,0,12,0,57,3,281,0,0,1,0,0,0,1,1,0,42,0,29,0,0,894,0,0,1,0,0,0,2,0,0,1,0,6,67,0,0,0,0,1,28,0,10,1,1,0,1,1,1,0,0,1,290,0,0,0,21,2849,0,7,757,0,0,0,0,0,0,1419,0,0,186,0,0,0,1,0,2,15,0,0,0,0,8,0,3,8,0,93,0
0,0,0,0,0,0,0,0,0,0,0,0,0,0,91,0,0,129,0,0,0,0,0,18,0,3420,0,0,0,52,0,0,0,0,0,0,0,0,0,0,0,0,0,0,0,0,0,0,0,24,0,0,0,0,0,0,25,0,0,0,62,0,5,0,0,0,101,0,7,0,0,0,0,9,0,860,0,0,1,1054,0,0,0,0,0,0,1,0,100,253,0,78,1,2007,0,0,0,0,0,0,0,136,0,0,0,0,0,32,0,0,0,0,0,9,0,0,0,0,61,0,0,0,0,0,19,0,0,0,0,100,0,0,0,0,0,1,0,0,0,0,0,0,0,0,0,0,0,0,0,0,0,0,0,0,0,0,0,0,0,0,0,0,0,0,0,0,0,0,0,0,0,0,23,0,0,0,0,0,0,0,0,0,0,0,0,0,0,0,0,0,0,128,1,0,0,0,0,0,0,0,0,0,0,0,0,256,0,0,1,0,54,0,0,0,11,0,0,0,2,0,0,0,0,0,0,0,0,0,0,0,189,0,0,0,0,0,0,0,0,0,0,0,0,0,7,0,0,0,0,0,0,0,0,1,0,0,0,0,0,37,0,0,0,0,0,0,0,0,0,289,0,0,188,7,0,0,0,0,0,3,0,0,0,0,0,0,0,0,0,0,0,0,0,0,0,0,6,0,0,144,0
0,0,0,0,0,0,0,0,0,0,0,0,0,0,11,0,0,12,0,0,0,11,0,86,0,1027,0,0,24,4,58,0,0,0,0,0,1,15,0,0,0,0,0,0,0,0,0,32,0,25,0,0,0,6,0,3,0,25,1,0,37,0,0,0,0,0,19,1,0,303,0,0,0,21,6,70,0,0,0,366,0,0,0,0,13,0,0,0,134,31,0,11,0,903,0,2,0,0,0,0,0,0,0,0,0,0,0,39,0,38,0,0,0,152,0,1,0,28,69,0,0,0,0,0,31,18,0,0,1,133,0,87,0,0,0,0,0,0,0,0,0,0,0,0,0,0,4,0,0,16,15,6,2,0,6,0,0,0,113,41,0,0,0,0,0,0,0,0,0,0,3,0,1,0,0,0,0,0,340,0,0,0,0,23,32,0,0,0,0,0,0,87,0,0,0,0,0,0,5,0,0,0,0,29,1,7,0,0,0,1,15,0,0,0,23,0,90,0,1,0,19,0,0,0,0,0,0,0,0,0,236,0,0,483,0,0,0,0,0,0,0,0,0,0,0,0,0,0,0,0,0,0,0,0,6,3,16,0,8,323,0,0,0,1,0,0,0,0,202,5,0,38,261,0,0,0,0,0,0,3365,0,0,219,0,0,0,0,0,0,34,0,0,0,0,25,0,7,0,0,38,0
1,0,0,0,0,0,0,0,1,0,0,0,4,0,0,0,5,36,0,0,0,1,0,0,0,232,0,0,2,4,95,1,0,4,0,0,1,6,0,0,0,0,0,0,0,6,69,0,0,0,0,0,0,28,2,0,0,36,6,0,19,0,6,0,0,72,28,1,5,72,0,0,0,0,5,192,0,0,0,547,0,0,1,0,1,20,0,0,132,31,1,0,1,1349,0,0,0,65,2,0,0,0,0,0,23,0,0,1573,0,17,0,0,0,16,0,0,0,14,5,0,0,0,1,0,15,0,1,71,1,140,51,1,0,0,0,0,0,0,0,2,0,0,0,0,0,0,1,0,0,0,1,0,88,0,0,0,0,0,6,44,0,0,0,1,0,0,1,1,0,0,0,0,34,2,0,0,0,50,91,0,0,0,0,23,4,0,1,0,0,0,1,20,1,0,0,0,0,0,0,0,0,0,0,7,339,2,0,0,1,0,0,0,0,0,1,0,0,0,9,0,35,0,0,3,0,0,0,0,0,1,6,0,0,216,0,0,0,0,0,6,0,0,0,0,1,0,0,1,0,0,0,0,2,0,3,2,1,0,1,2,0,0,0,1,0,0,0,1105,27,392,0,17,98,0,0,0,0,0,2,2257,0,0,5,0,0,0,0,0,3,8,0,0,0,0,54,0,3,0,0,11,0
0,0,0,0,0,0,0,0,0,0,0,0,0,0,51,0,0,14,0,0,3,1,0,0,12,1479,0,0,3,4,0,0,0,7,0,0,0,2,0,0,0,0,0,1,0,1,0,0,0,0,0,1,0,0,0,0,0,34,1,0,71,0,0,0,0,0,83,0,0,2,0,0,0,8,1,0,0,0,0,92,0,0,0,0,0,199,0,0,0,8,9,10,0,2474,0,0,0,0,1,0,0,0,0,0,16,0,0,52,0,6,0,0,0,17,0,0,0,0,4,4,0,0,1,2,23,1,0,74,0,0,0,1,0,0,0,0,0,0,0,0,0,0,0,0,0,0,0,0,0,0,0,0,0,0,0,0,0,0,0,21,0,0,0,0,0,0,0,0,0,0,5,0,0,0,0,0,0,0,13,0,0,0,0,0,0,0,0,0,0,0,0,47,1,0,0,0,0,0,0,0,0,0,0,0,0,8,0,0,0,0,5,0,0,0,5,0,1,0,0,0,0,0,0,0,0,0,0,0,68,0,3,0,0,181,0,0,0,0,0,0,0,0,0,0,2,0,0,0,0,0,0,0,0,0,0,29,4,0,16,11,0,0,0,1,0,0,0,0,0,59,0,0,462,0,0,0,0,0,0,1627,0,2191,369,0,0,0,0,0,0,4,0,0,0,0,9,0,1,0,0,90,0
0,0,0,0,0,0,2,0,0,0,0,0,0,36,0,0,0,0,0,0,0,0,0,0,0,2214,0,0,148,35,1,0,0,0,0,34,2,3,0,0,0,0,0,0,0,32,0,0,0,0,0,0,0,0,0,0,0,0,0,3,0,0,0,0,0,0,4,0,0,468,0,0,0,0,0,0,0,0,0,0,0,0,0,0,54,0,0,0,0,0,776,4,128,0,0,0,0,0,0,0,0,0,0,0,0,0,211,1193,0,0,0,0,0,146,0,0,0,0,0,7,0,0,0,0,57,0,0,0,0,0,0,57,0,0,0,0,0,0,0,0,0,0,0,0,0,0,0,0,0,0,0,2,0,0,0,0,0,0,0,1,0,0,0,0,0,0,0,0,0,0,0,0,0,0,0,0,0,0,14,0,0,0,0,0,0,0,1,0,0,0,0,70,0,0,0,2,1,0,0,508,0,0,0,0,0,0,0,0,0,4,0,0,0,0,0,0,67,0,0,0,0,1,0,0,0,0,0,0,0,0,28,0,0,66,0,0,0,0,0,0,0,0,24,0,0,0,0,0,0,0,0,0,0,0,0,0,0,0,0,0,0,0,0,0,0,0,0,55,0,26,9,0,851,4,0,0,0,0,0,2548,0,0,0,0,0,0,0,1,28,0,0,0,0,0,0,0,0,0,0,76,0
0,0,0,0,0,0,1,1,0,0,1,0,0,615,38,0,0,0,0,0,0,0,0,0,0,3310,0,0,0,0,111,0,0,101,0,0,40,5,0,0,0,0,0,0,0,5,0,0,0,0,0,0,0,0,0,0,0,0,0,56,0,48,1,0,0,7,73,0,0,0,0,0,0,12,0,0,0,0,0,14,0,0,0,0,0,0,0,0,0,0,0,13,0,0,0,0,0,0,33,0,0,28,0,0,1,0,0,622,0,23,0,0,0,102,0,0,0,0,36,7,0,0,0,1,0,0,0,0,0,72,0,106,0,0,0,0,0,0,0,0,1,0,0,0,0,0,0,0,0,0,0,0,0,0,0,0,0,0,0,12,0,0,0,1,0,0,0,0,0,0,2,0,9,0,0,0,0,46,49,0,0,0,0,0,0,0,0,0,0,0,0,50,0,0,0,0,0,0,0,0,0,0,0,3,31,1,0,0,0,0,0,0,0,0,4,0,183,0,0,2,12,0,0,0,0,0,0,0,0,1,122,0,0,942,0,0,0,0,0,0,0,0,0,0,0,1,0,0,0,0,0,0,0,0,0,0,0,0,0,1,4,0,0,4,0,0,0,0,1,675,0,0,12,0,2,0,0,0,5,2175,0,0,31,0,0,0,0,0,0,0,0,0,0,0,132,0,0,0,0,0,0
1,0,0,1,0,0,0,0,0,0,0,0,2,0,8,0,0,0,0,0,0,17,0,0,1,2281,0,0,41,17,175,0,0,0,0,0,142,146,0,2,0,0,0,90,0,281,0,0,0,0,5,0,0,0,163,0,0,0,0,6,1,0,0,0,0,0,638,1,0,0,0,0,12,0,0,0,0,0,0,0,0,0,208,0,88,58,0,156,0,112,0,3,6,0,0,0,0,0,78,0,0,0,0,0,9,0,0,0,0,0,0,0,0,179,0,0,0,0,165,4,0,0,0,1,96,0,0,0,0,0,71,0,0,0,0,0,7,0,0,0,22,0,0,0,0,0,19,8,0,0,0,0,0,0,2,0,0,0,0,49,0,0,12,0,0,0,0,0,0,0,0,0,203,0,0,0,0,306,11,1,0,0,0,0,51,0,0,0,0,0,0,398,2,0,34,0,0,1,0,0,0,0,0,0,0,86,0,0,0,113,0,0,0,0,0,0,25,0,0,0,37,0,0,0,0,0,0,0,0,0,285,0,0,280,0,1,0,0,0,42,0,0,0,0,0,0,0,1,0,0,0,0,33,0,166,8,0,0,0,206,1,0,0,0,0,0,0,0,0,10,3,0,76,0,0,0,8,0,0,1075,0,0,538,0,0,0,0,0,0,10,0,0,0,0,106,0,4,0,0,492,0
0,0,0,0,0,25,0,0,0,3,0,0,2,1,55,0,0,31,0,1,34,1,0,0,0,2521,0,0,1,3,54,0,0,6,0,0,5,17,0,0,0,0,0,13,0,7,0,29,0,20,9,0,161,25,0,0,0,0,0,1,44,0,0,0,0,5,17,0,5,0,4,0,0,12,0,0,0,2,0,158,1,0,1,0,3,18,436,0,0,105,0,0,1,1164,0,1,0,0,8,0,0,0,0,0,4,5,1,2,0,0,53,0,0,56,0,1,0,0,46,1,2,0,0,0,113,3,0,0,1,227,0,7,128,0,0,1,86,0,0,0,10,0,0,1,0,0,16,6,0,0,16,33,0,18,1,0,0,0,0,11,0,0,0,0,2,0,1,0,0,0,1,0,0,0,0,0,3,22,28,1,0,5,0,0,2,0,0,0,0,0,5,140,2,1,118,0,0,0,0,0,0,0,0,473,0,1,0,0,57,0,0,0,0,11,7,0,1,6,98,3,0,0,0,0,0,0,0,0,282,0,649,0,0,232,0,0,1,0,1,0,6,0,42,0,4,0,0,0,0,0,0,0,8,0,11,7,0,0,5,2,1,0,0,1,0,0,0,0,0,32,0,59,10,2,0,0,0,0,3,1531,0,0,73,0,0,0,0,0,11,18,0,0,0,0,112,0,2,0,0,59,0
0,0,0,0,0,19,0,0,0,0,0,0,2,0,0,0,0,0,0,0,115,5,0,0,0,1,2,0,22,0,0,0,9,0,0,16,0,351,0,0,0,0,0,52,0,60,0,17,0,0,0,0,0,0,102,0,0,18,0,0,38,0,0,0,0,213,20,0,0,0,22,0,0,8,659,15,0,11,0,1010,0,52,6,0,311,12,0,2,0,0,0,1,0,1562,0,0,14,0,10,0,0,0,0,27,33,0,159,4,24,553,0,2,0,36,7,0,0,0,44,6,0,0,0,0,5,0,2,0,1,51,207,49,0,0,0,0,0,0,0,1,0,0,0,0,0,0,11,11,0,0,12,0,0,0,1,0,0,0,122,34,1,0,0,0,0,0,0,0,0,3,0,0,14,0,0,0,0,365,13,1,0,0,0,0,1,0,0,0,90,0,0,56,1,0,0,0,0,3,1,0,164,0,0,0,0,4,0,0,0,0,0,41,0,0,0,0,29,147,1,0,0,42,0,0,0,0,0,0,16,0,98,7,0,79,0,0,4,0,0,1,0,0,147,0,0,0,1,0,0,0,1056,1,9,0,0,4,1,0,4,34,1,12,0,0,0,0,1,0,0,32,2,8,126,0,0,0,0,0,0,1015,0,0,94,0,0,0,0,0,23,28,0,0,0,0,6,3,0,49,0,11,0
0,0,0,1,0,0,0,0,0,1,4,0,0,0,1,0,2,16,2,0,86,6,0,3,0,7,0,0,1,2,445,0,0,75,2,0,0,182,0,0,0,0,0,0,0,0,0,0,0,0,10,0,0,0,0,6,0,0,0,0,3,0,0,3,0,0,6,0,0,0,0,0,0,0,0,0,1,0,0,56,0,0,31,0,0,1,97,0,0,60,0,2,0,0,0,0,0,0,0,0,0,0,0,0,0,0,0,603,0,80,0,0,0,233,0,1,0,25,44,0,0,0,0,0,127,964,0,0,3,0,0,176,135,2,0,0,1,0,0,0,11,0,0,0,0,0,20,0,0,0,17,0,0,10,0,0,10,0,0,0,0,0,0,0,0,0,0,0,0,0,2,0,1,0,0,0,0,0,53,0,0,0,0,0,4,0,0,0,0,0,0,111,1,1,0,0,0,0,0,1252,0,0,0,0,0,6,3,0,0,1,0,0,0,4,16,0,0,0,0,0,0,0,0,0,0,0,0,10,166,0,129,0,0,115,0,0,0,0,0,0,0,0,0,0,4,1,0,0,0,0,0,5,0,0,29,7,2,0,0,0,8,0,0,3,0,0,0,0,25,4,0,0,328,0,0,0,0,0,0,3834,0,0,196,0,0,0,0,0,0,6,0,0,0,0,75,0,4,0,0,22,0
0,0,0,0,0,0,0,0,0,0,0,0,0,0,0,0,0,0,0,0,0,0,0,4,0,2669,0,0,0,22,30,0,0,0,0,0,0,48,0,0,0,0,0,0,0,650,0,0,0,0,0,0,0,0,41,0,0,0,0,0,0,0,0,0,0,0,0,0,0,0,0,0,0,0,0,0,0,0,0,457,0,0,105,0,0,0,1,0,0,0,0,7,0,0,0,0,0,0,0,0,0,0,0,0,0,0,0,390,0,0,0,0,0,409,0,0,0,0,104,2,0,0,0,0,33,0,0,0,0,0,10,392,0,0,0,0,0,0,0,0,101,0,0,0,0,0,0,0,0,0,15,0,0,0,0,0,0,0,0,0,0,0,0,0,0,0,0,0,0,0,0,0,0,0,0,0,0,0,771,0,0,0,6,0,19,0,0,0,0,0,0,162,0,0,0,0,0,0,0,0,0,9,0,0,143,297,0,0,0,0,0,0,0,0,7,0,0,0,0,0,0,0,0,0,0,0,0,0,0,0,0,0,0,0,0,0,0,0,0,0,0,0,0,0,0,0,0,0,0,0,0,12,0,0,0,0,0,0,0,99,0,0,0,21,36,0,0,0,0,13,5,122,24,0,0,0,0,0,0,2727,0,0,0,0,0,0,0,0,0,0,0,0,0,0,0,0,0,0,0,33,0
0,0,0,0,0,0,0,0,0,0,0,0,0,0,5,0,0,0,1,0,0,32,0,4,0,2,1,0,9,9,0,0,0,46,0,0,0,108,0,0,0,0,0,71,0,4,0,0,0,0,0,0,0,0,0,0,0,3,0,0,3,36,0,0,0,0,0,0,0,0,13,0,0,0,0,0,0,0,0,534,0,0,0,0,834,1,216,0,0,0,0,27,16,0,0,0,0,0,10,0,0,0,0,0,3,0,0,4243,0,0,0,0,0,0,0,0,0,2,87,0,0,0,0,0,1,0,0,0,0,0,16,776,0,0,0,0,7,1,0,0,612,0,0,0,0,0,0,0,0,11,10,0,0,7,1,0,0,0,0,71,0,0,0,0,0,0,0,0,1,102,2,0,1,0,0,0,0,0,0,0,83,0,0,0,31,0,0,0,0,0,0,25,0,0,0,0,0,0,0,0,0,0,0,0,0,94,3,0,1,0,0,0,0,0,2,0,0,0,0,6,0,33,0,0,0,0,0,0,3,0,158,0,0,34,0,0,0,0,0,51,0,0,0,0,2,0,0,0,0,0,0,3,0,0,9,3,5,11,10,17,0,0,0,2,1,0,0,0,24,56,0,0,27,0,0,0,0,0,1,1143,0,0,75,0,0,0,0,0,145,0,0,0,0,0,0,0,3,0,0,6,0
0,0,0,0,0,0,0,0,0,0,0,0,4,0,54,0,0,0,0,0,0,0,0,7,0,2482,0,0,32,0,0,0,0,53,0,0,60,0,0,0,29,0,0,93,0,366,0,0,0,2,15,0,0,0,0,0,0,21,0,0,0,129,1,0,0,0,28,10,0,0,0,0,0,0,0,0,0,0,0,0,0,0,0,0,1622,39,65,1,0,52,2,0,1,0,0,1,0,0,22,0,0,0,0,0,5,0,35,668,0,0,1,0,0,70,0,3,0,0,40,9,0,0,0,1,93,0,0,0,0,0,0,107,0,3,0,12,14,0,0,0,50,0,0,0,0,0,0,0,0,0,0,0,0,0,0,0,0,2,0,72,0,0,0,0,0,0,0,9,0,0,0,0,0,4,0,0,0,0,0,0,0,0,0,0,0,0,0,0,0,0,0,25,5,0,0,0,0,0,0,0,0,0,0,0,0,10,0,0,0,6,0,0,0,0,0,0,0,0,0,23,0,0,0,0,0,0,0,0,11,0,186,0,0,10,0,0,0,0,0,41,0,31,0,0,0,0,0,0,0,0,58,0,0,0,0,7,31,0,0,0,0,0,0,0,0,0,0,4,0,728,0,0,59,0,0,0,0,0,0,1884,0,0,456,0,0,0,0,1,0,0,0,0,0,0,36,0,0,0,0,0,0
0,0,0,0,0,0,2,0,0,0,0,0,0,0,3,0,0,0,0,0,30,0,0,0,0,1175,0,0,1,0,21,0,0,41,0,0,7,30,0,0,0,0,0,30,0,10,3,0,0,0,0,1,0,0,0,0,0,0,0,0,1,0,0,0,0,0,34,0,0,0,0,0,0,19,0,0,0,0,0,0,0,0,21,0,4,0,0,0,0,0,0,5,125,0,0,0,0,0,0,0,0,0,0,0,2,0,5,3064,0,0,0,0,0,89,0,0,0,0,115,0,0,0,0,1,88,0,0,0,0,0,13,30,0,0,0,0,21,0,0,0,0,0,0,0,0,0,0,0,0,0,37,18,0,5,0,0,21,0,0,16,0,0,0,0,0,0,0,0,0,0,0,0,1,0,0,0,0,1,0,0,0,0,0,0,11,0,0,0,0,0,0,83,1,0,156,0,0,0,2,0,0,0,0,0,0,20,0,0,0,1,0,0,0,3,2,0,17,0,0,0,2,28,0,0,0,0,0,0,24,0,163,1,0,186,0,0,0,0,0,0,13,0,69,0,0,0,1,1,0,0,56,8,20,0,0,0,0,1,6,0,4,0,0,0,0,0,0,0,0,59,2,0,0,0,0,0,0,0,1,3722,0,0,0,0,0,0,0,0,0,31,0,0,7,0,0,0,0,0,0,215,0
0,0,19,0,128,28,0,28,0,0,0,0,0,0,62,0,0,28,0,10,12,6,0,0,0,516,4,0,53,6,2,0,0,98,0,0,1,468,3,0,0,0,0,12,0,0,52,68,0,28,1,0,0,43,36,0,0,17,0,0,70,0,14,0,0,0,12,0,0,277,0,0,0,12,0,2,0,0,0,859,0,0,1,1,0,0,0,0,89,92,0,19,15,1787,0,0,0,0,0,0,0,0,0,0,0,0,0,2,0,7,0,1,0,0,0,1,46,0,18,0,0,0,0,43,151,0,53,713,0,27,134,2,0,0,0,0,922,0,0,0,0,0,0,0,36,0,46,3,4,1,7,18,0,0,4,0,0,1,5,34,0,0,0,0,0,0,0,0,0,0,11,0,0,0,0,7,0,27,46,0,0,0,0,0,0,0,0,0,0,1,0,23,0,0,0,0,0,1,0,0,0,0,79,10,0,14,2,0,0,0,0,0,0,0,0,0,47,22,65,0,1,50,0,0,0,0,80,0,0,0,187,0,0,31,0,0,4,0,0,27,0,0,0,1,0,0,0,0,0,0,0,0,0,0,34,7,44,0,9,3,0,0,0,14,0,2,9,0,6,134,68,11,168,0,0,3,0,0,0,1194,0,0,124,0,1,2,0,0,0,40,0,0,0,0,98,0,5,19,0,19,0
0,0,6,0,57,34,0,22,0,2,13,0,15,5,72,0,0,17,33,0,61,6,0,0,0,1957,0,6,0,0,0,0,0,0,1,0,16,20,0,0,0,0,1,49,55,1,68,19,0,74,1,3,0,0,3,2,30,30,1,10,32,0,7,1,0,10,83,0,0,0,1,0,0,8,0,119,0,0,0,153,0,45,4,0,0,0,167,0,68,0,0,130,2,816,1,0,19,0,0,0,0,0,0,37,16,0,0,1,20,9,0,1,0,14,0,0,0,95,291,0,0,39,0,126,22,1,0,148,0,19,0,16,1,0,0,0,0,0,0,0,0,10,10,3,2,0,3,0,5,1,1,0,0,8,0,0,0,0,1,321,0,0,0,1,0,0,0,0,0,0,2,1,0,0,0,0,0,0,65,0,0,0,0,0,1,0,0,0,5,0,0,32,0,0,0,0,0,0,1,0,0,0,0,16,0,6,2,0,0,0,6,5,0,8,5,0,119,2,0,2,415,27,1,0,0,0,24,0,20,26,82,0,0,808,0,0,0,12,0,4,0,0,0,0,0,94,0,0,0,0,0,0,2,0,2,2,4,0,2,14,1,0,0,6,111,2,0,0,8,1501,0,6,277,0,2,0,0,0,16,168,0,0,261,0,0,0,0,8,22,10,0,0,1,0,0,21,0,0,0,189,0
0,0,2,0,0,26,0,0,7,0,0,0,0,0,8,0,1,8,0,0,139,5,0,42,0,205,0,0,1,1,266,0,0,1,0,0,1,4,0,0,0,0,0,0,0,55,0,27,3,13,0,0,0,32,0,1,0,25,0,102,122,0,3,0,0,25,71,1,27,165,0,0,0,67,0,1,0,0,0,1338,0,72,1,0,0,27,0,0,94,79,0,1,1,292,0,0,0,0,33,0,0,1,0,2,23,0,57,32,0,0,50,0,0,44,0,0,0,40,2,1,0,0,0,0,4,0,93,0,0,13,16,69,0,0,38,0,10,0,0,0,0,0,0,0,0,0,1,7,0,0,5,14,1,3,0,0,0,0,0,68,0,0,0,0,0,0,0,0,0,0,0,0,0,0,46,0,0,356,122,3,0,0,0,0,1,0,0,10,0,0,0,16,1,1,18,0,0,1,1,0,0,0,0,0,0,3,1,0,1,2,50,0,0,0,3,1,350,0,1,0,1,0,0,0,0,38,0,0,107,0,29,0,0,877,0,0,3,0,0,18,0,0,110,0,0,18,1,1,0,0,220,1,4,1,7,1,13,0,3,1,6,0,0,1,1,0,0,0,48,3,0,1,206,0,1,0,5,0,0,3028,0,0,2,0,0,0,0,1,15,1,0,0,0,0,238,0,1,0,0,28,0
0,0,0,0,0,0,0,0,0,0,0,0,12,91,18,0,0,0,0,0,0,0,0,0,0,1,0,0,0,0,0,0,0,45,0,0,4,0,0,0,270,0,0,0,27,0,0,121,0,0,0,0,0,39,0,0,0,34,0,87,177,0,20,0,0,272,124,39,10,0,0,0,0,0,0,1,0,0,0,2607,0,0,0,0,0,90,0,0,131,0,0,0,1,2096,0,0,2,0,0,0,0,0,0,0,0,0,0,147,0,0,0,0,0,0,0,0,0,184,138,0,0,0,0,0,0,1,0,0,0,0,0,0,0,0,0,0,0,0,0,0,0,0,0,0,45,0,0,0,0,0,0,0,0,23,0,0,0,0,0,0,0,0,0,0,0,0,0,0,1,0,0,0,118,0,0,0,0,0,0,0,0,0,0,0,0,0,0,0,0,0,0,122,13,0,0,0,0,0,0,0,0,0,0,0,0,194,0,0,0,0,0,0,0,0,0,0,114,0,261,0,0,0,0,0,0,0,0,0,31,0,0,0,0,86,0,0,0,0,0,9,0,0,0,0,0,66,0,0,0,0,0,0,0,0,0,0,11,0,0,0,0,0,0,44,0,0,0,0,242,75,0,0,76,0,0,0,39,8,0,1262,0,0,262,0,0,20,0,0,0,0,0,0,1,68,0,0,24,0,0,0,0
0,0,0,0,0,1,9,7,2,0,0,0,1,53,0,0,0,0,1,0,18,126,0,2,1,2175,0,0,68,0,176,0,0,52,0,0,0,238,3,0,1,0,0,32,0,28,0,0,0,0,0,36,0,0,21,0,0,0,0,0,0,24,0,0,0,0,36,0,0,0,25,0,0,2,0,330,0,0,0,0,9,0,55,0,15,0,0,1,0,102,2136,3,0,5,0,1,0,0,52,0,0,0,0,1,1,0,115,536,0,0,0,23,0,87,0,0,50,0,0,0,0,3,0,1,51,0,0,0,345,3,21,60,0,0,0,0,0,0,0,0,14,0,0,0,0,0,0,4,0,0,17,11,0,0,0,0,0,0,8,12,0,0,0,203,0,0,1,3,0,2,0,0,1,0,0,0,0,102,352,2,4,0,0,0,0,0,0,0,13,0,0,0,1,0,1,0,0,1,0,0,0,0,0,472,148,100,0,0,0,12,0,0,4,0,17,0,48,45,0,2,0,39,0,0,0,0,56,0,20,2,81,0,0,42,0,2,0,0,0,0,0,0,30,0,0,0,0,0,0,11,2,4,14,0,0,0,0,0,0,0,0,0,0,0,0,0,0,20,3,2,0,0,75,0,3,0,0,0,8,170,0,0,231,0,0,0,0,0,7,62,0,9,1,0,118,0,0,28,0,219,0
0,1,0,0,1,1,1,0,0,0,3,0,0,0,254,0,0,0,1,0,65,11,0,1,0,155,0,0,0,60,556,0,0,67,0,0,6,91,0,0,0,0,0,0,0,702,0,2,0,0,2,0,1,0,0,6,0,0,0,10,1,0,0,1,0,0,138,0,5,0,5,0,0,0,0,0,0,1,0,210,0,1,116,0,0,0,1,0,0,19,0,3,1,0,0,0,0,0,0,0,0,0,0,0,5,0,0,3247,0,0,0,0,0,64,0,3,0,0,69,0,0,0,0,1,111,0,0,0,4,0,0,123,0,1,0,0,0,0,2,0,18,0,0,0,0,0,18,0,1,0,4,1,1,1,0,0,0,0,0,23,0,0,0,0,0,0,10,0,0,0,1,0,11,0,0,0,2,20,706,2,0,0,5,0,6,0,0,0,0,0,1,81,0,0,0,0,0,0,0,166,0,0,0,12,0,0,0,0,2,1,0,0,0,0,2,0,0,7,85,0,54,8,0,0,0,5,0,0,34,0,39,0,0,26,0,0,4,0,0,0,0,0,0,0,1,31,0,0,0,0,0,0,16,0,94,0,0,0,0,0,1,0,0,1,1,0,0,0,0,10,0,29,0,7,0,0,0,0,0,2233,0,0,53,0,0,0,0,0,0,6,0,0,8,0,0,0,2,0,0,28,0
0,0,0,0,0,0,0,0,0,0,0,0,0,0,700,0,0,1,0,0,0,0,0,0,0,2202,0,0,38,23,165,0,0,137,0,0,188,134,0,0,0,0,0,0,0,161,0,8,0,0,0,0,0,2,0,0,0,0,0,24,0,0,0,1,0,0,84,0,0,0,0,0,0,0,0,2,0,0,0,23,0,1,0,0,0,62,0,0,0,11,0,0,0,0,0,0,0,0,0,0,0,237,0,0,0,0,0,0,0,0,0,0,0,7,7,0,0,14,148,1,0,0,74,0,298,0,0,0,0,0,0,0,0,10,0,124,106,0,0,0,89,0,0,0,0,0,0,0,0,0,2,0,0,0,1,0,0,0,0,0,0,0,0,6,0,0,5,0,0,0,0,46,0,0,0,0,0,10,302,0,0,0,0,0,0,0,0,0,0,0,0,32,7,0,0,0,0,0,0,0,0,0,0,0,2843,27,9,0,2,0,15,0,0,0,0,0,0,0,187,0,0,4,0,0,0,0,0,0,21,0,0,0,0,0,0,0,0,0,0,4,0,0,0,0,0,72,0,0,0,0,0,0,0,0,0,439,0,0,0,0,0,0,0,0,0,0,0,0,9,0,0,0,285,0,13,0,0,0,0,3,0,0,279,0,0,0,0,0,0,0,0,0,0,0,250,0,39,0,0,7,0
0,15,0,0,0,0,0,109,0,4,0,0,0,0,106,0,0,0,0,0,254,0,0,37,0,0,0,0,159,0,0,0,0,156,0,0,0,574,0,0,0,0,0,175,0,653,0,0,30,4,20,0,3,0,0,3,0,0,0,0,6,6,0,0,0,112,0,0,0,0,27,0,0,0,1607,0,0,0,0,0,0,0,20,0,0,15,0,0,0,222,0,0,28,0,0,0,4,0,0,0,0,40,0,0,0,0,0,0,0,0,0,0,0,229,0,0,0,1,100,0,0,0,0,0,515,0,0,0,0,0,361,843,0,0,0,0,996,0,2,0,0,0,0,0,0,0,0,0,0,0,78,119,0,0,0,0,0,11,0,0,0,0,0,0,0,0,3,0,0,0,0,0,1,0,0,0,0,0,0,0,0,0,0,0,125,0,0,0,0,5,0,239,7,0,0,0,0,0,0,0,0,0,0,0,0,0,23,0,7,38,15,0,0,0,75,0,0,0,5,17,0,0,0,0,0,0,0,0,212,0,0,0,0,0,0,0,0,0,5,0,0,0,0,0,0,0,4,0,0,0,0,0,119,0,0,6,29,0,0,0,9,0,0,9,17,0,0,0,21,0,0,0,38,2,434,0,0,0,0,0,0,0,732,0,0,0,22,0,0,0,0,0,0,0,0,0,134,0,0,0,0
0,0,0,0,0,0,2,0,0,0,0,0,0,0,14,0,7,0,0,0,0,18,0,29,0,3005,0,0,68,0,269,0,0,2,0,0,0,0,0,0,0,0,0,0,0,96,0,0,0,0,0,0,0,0,0,0,0,0,0,555,0,0,0,0,0,0,173,0,0,181,19,0,0,0,0,0,0,0,0,68,0,0,2,0,0,1,1,0,0,0,0,0,4,0,0,0,9,0,2,0,0,183,0,0,2,0,0,590,0,0,0,0,0,0,0,0,0,0,135,0,0,0,20,1,82,0,0,0,0,0,0,0,0,0,0,0,0,0,0,0,8,0,0,0,0,0,0,0,0,0,6,0,0,0,0,0,0,0,0,2,0,0,0,0,0,0,0,0,0,0,4,0,0,0,0,0,0,14,573,1,0,0,0,0,15,0,0,0,0,0,0,93,0,2,0,0,0,0,0,112,0,0,0,0,0,26,0,0,0,0,219,0,0,0,11,0,0,0,0,0,0,0,0,0,0,16,0,0,0,0,9,0,0,58,0,0,0,0,0,0,0,0,0,0,1,431,0,0,0,0,0,0,0,0,0,93,0,0,0,4,0,0,0,0,0,0,0,0,0,21,0,19,71,0,0,0,0,0,0,2450,0,0,77,0,0,0,0,0,0,47,0,0,0,0,0,0,20,0,0,62,0
0,0,2,0,0,6,0,0,0,0,0,0,5,0,33,1,0,12,0,0,64,2,0,0,0,1393,0,0,1,0,0,0,1,13,0,0,76,0,0,0,0,0,0,34,0,131,38,6,0,0,1,0,0,22,7,0,0,11,1,0,12,0,0,20,0,152,47,0,0,47,0,2,6,231,0,1,0,0,0,169,0,5,1,0,193,267,6,0,0,151,0,2,1,870,0,0,229,0,27,0,0,0,29,14,6,0,0,60,0,14,0,0,0,580,0,0,0,12,35,0,0,0,0,1,512,0,0,46,0,0,0,23,0,0,0,0,118,0,0,0,0,0,0,2,37,0,16,4,0,0,29,0,0,1,29,0,0,0,0,0,0,0,0,0,0,1,0,0,0,95,0,0,0,0,0,0,0,0,0,1,0,0,0,0,0,0,1,0,0,0,0,82,0,0,0,0,0,1,0,0,0,0,0,1,0,1,4,0,0,0,0,0,0,0,11,0,0,12,58,0,26,28,0,0,0,0,0,0,288,0,197,0,0,267,0,0,1,0,0,17,0,0,0,0,2,0,0,0,0,0,0,0,0,0,16,34,2,0,0,25,1,0,0,0,0,0,0,0,1,1,0,0,132,0,0,0,0,0,0,2297,0,0,352,0,0,0,0,0,0,0,0,8,0,0,81,0,17,0,0,79,0
0,0,0,0,0,0,1,0,0,0,0,0,0,0,0,0,0,0,0,0,0,0,0,8,0,3583,0,0,50,4,72,0,0,127,0,0,83,60,0,0,0,0,0,79,0,0,0,0,0,0,0,18,0,0,0,0,0,2,0,34,0,0,0,0,0,0,0,0,0,0,0,0,0,0,0,0,0,0,0,0,0,0,18,0,0,0,0,0,0,0,0,0,85,0,0,0,0,0,0,0,0,0,0,0,0,0,0,401,0,0,0,0,1,0,0,0,0,0,0,0,0,0,0,0,0,0,0,0,0,0,0,704,0,0,0,0,50,0,0,0,0,0,0,0,0,0,2,0,0,0,18,0,0,0,0,0,0,0,0,61,0,0,0,0,0,0,0,4,0,0,0,0,12,0,0,0,2,0,0,0,0,0,0,0,8,0,0,0,0,0,0,292,0,0,0,0,0,0,0,0,0,3,0,0,0,0,0,0,0,0,0,0,0,0,0,0,0,0,212,0,0,0,0,0,0,0,0,0,0,0,0,0,0,0,0,0,0,0,0,0,0,0,0,0,0,0,0,0,0,0,0,0,0,0,0,0,0,0,0,0,0,0,0,0,0,0,0,0,0,1,0,0,75,0,5,0,0,0,24,3740,0,0,0,0,0,0,0,0,0,0,0,0,0,0,165,0,0,0,0,0,0
0,0,0,1,0,0,0,7,0,0,0,0,0,2,197,0,0,0,0,0,0,13,0,25,0,2976,0,0,0,64,270,0,0,0,0,0,17,5,1,1,0,0,0,7,0,0,0,0,0,0,0,0,0,0,2,0,0,0,0,1,0,0,0,0,0,0,110,0,0,11,2,0,0,3,0,0,0,0,0,0,0,0,0,0,7,0,154,0,0,0,1,20,124,0,0,0,0,0,0,0,0,0,0,0,0,0,0,869,0,0,0,0,0,23,0,0,0,1,57,0,0,0,0,7,1045,0,0,0,0,0,0,0,0,0,0,0,335,0,0,0,36,0,0,0,0,0,0,0,0,3,0,1,0,0,1,0,0,0,0,0,0,0,0,0,0,0,0,0,0,1,0,1,0,0,0,0,0,15,37,0,0,0,0,0,0,0,0,0,0,0,0,0,0,0,0,0,0,0,0,0,0,0,0,0,17,102,0,0,40,0,0,0,0,0,1,0,20,0,0,0,150,0,0,0,0,0,0,0,0,0,0,0,0,2381,0,0,0,0,0,32,0,0,0,0,83,0,0,0,0,0,0,0,0,0,8,204,5,0,0,0,0,0,0,1,0,0,0,0,0,51,0,0,0,0,0,0,0,0,3,90,0,0,183,0,0,0,0,0,0,0,0,0,0,0,52,0,5,0,0,125,0
0,0,45,0,0,0,102,0,0,0,0,0,33,0,0,1,0,0,0,0,0,0,0,38,0,448,0,0,3,1,0,0,0,0,0,0,10,11,0,0,0,0,0,0,32,0,0,0,0,29,0,0,0,21,0,0,0,14,0,0,87,0,9,0,1,0,273,0,30,0,0,0,0,4,0,0,0,0,0,0,0,0,73,0,3,27,0,0,58,101,0,2,39,1439,0,4,13,0,0,0,0,34,0,19,0,0,0,3211,0,0,0,0,0,179,0,0,0,16,119,0,0,0,0,2,17,0,0,86,0,0,0,21,0,184,547,0,0,0,0,0,0,0,0,0,0,0,0,0,0,0,14,0,6,37,1,0,0,0,0,13,0,0,0,0,0,0,0,0,0,0,0,0,0,0,66,0,0,0,0,0,0,0,0,0,32,0,0,0,0,0,0,141,13,0,0,0,0,0,0,0,293,0,0,0,0,364,1,0,0,6,0,0,0,0,0,0,0,0,395,0,128,0,0,0,0,0,0,0,0,0,77,1,0,168,0,0,0,0,0,7,0,0,0,0,0,0,0,0,0,0,0,1,0,0,0,24,12,0,2,0,0,0,0,0,0,0,0,0,0,27,0,0,395,0,3,0,0,0,0,3,0,0,350,0,0,1,0,0,1,0,0,0,0,0,4,0,16,0,0,15,0
0,0,0,0,0,42,0,0,0,0,0,0,7,108,3,0,0,14,0,0,0,7,0,25,0,1,2,0,1,3,1,0,0,11,0,0,1,0,7,0,0,16,0,0,46,1,0,92,0,22,1,0,0,0,0,0,0,19,0,0,81,0,0,0,0,0,4,5,5,197,94,0,0,40,0,1,0,0,0,519,0,0,0,0,1,0,0,0,190,308,0,1,1,1286,0,0,5,0,7,0,0,0,0,5,89,0,0,1,0,0,0,0,0,184,0,0,0,69,6,1,0,0,0,2,7,0,1,0,0,82,0,1,0,1,0,9,22,0,0,0,3,5,0,0,221,0,0,12,0,0,3,40,0,6,7,0,0,0,0,0,0,5,0,0,0,2,0,0,0,0,12,0,2,0,0,0,0,9,44,3,0,0,0,0,0,0,0,0,0,7,0,64,1,25,0,2,0,0,0,0,0,0,0,0,0,4,3,0,2,0,0,0,0,0,12,0,39,0,11,0,23,55,0,0,0,0,0,0,129,0,146,1,0,819,0,0,5,0,0,3,1,0,0,0,0,0,0,0,0,0,70,9,34,0,7,6,1,10,0,0,0,0,0,0,3,0,0,0,0,11,0,0,360,0,0,0,4,0,1,3788,0,0,131,0,0,0,0,0,0,78,0,0,0,0,75,0,10,0,0,29,0
0,0,0,0,0,30,0,15,0,0,0,0,3,0,25,0,0,10,0,0,0,10,0,46,0,1738,0,0,31,6,3,0,0,6,0,0,0,6,0,0,0,0,0,35,0,0,0,0,0,18,1,0,0,0,4,0,17,11,0,14,32,0,3,0,0,30,120,7,32,255,22,0,0,8,0,27,0,0,1,673,0,0,6,3,0,0,0,0,106,93,0,2,1,1520,0,0,0,0,26,0,0,0,0,2,12,0,66,1,19,59,59,0,0,9,0,0,0,13,33,1,6,0,0,3,9,0,0,9,0,253,0,33,0,1,0,1,141,0,0,0,0,0,2,0,61,0,20,0,0,2,5,0,0,0,0,0,0,0,0,101,0,0,0,0,0,0,0,0,0,0,32,0,0,1,0,0,0,157,59,0,0,0,0,0,7,0,0,0,0,0,0,17,1,6,0,0,0,0,0,0,0,0,0,0,0,10,1,0,0,12,58,0,0,0,7,0,65,0,0,0,0,0,128,0,0,0,0,0,47,0,0,0,0,637,0,0,4,0,0,17,0,0,0,0,0,0,0,0,0,0,0,0,9,0,0,5,0,1,3,21,0,0,0,11,0,0,0,0,1,41,0,0,82,0,5,0,0,0,0,2336,0,0,104,2,0,0,0,0,17,26,0,0,0,0,66,0,4,0,0,88,0
0,0,0,0,0,0,0,12,0,0,0,0,0,0,425,0,0,0,0,0,20,28,0,0,0,264,0,0,12,0,264,0,23,171,0,0,0,162,1,0,0,0,0,2,0,207,0,4,0,1,0,0,0,0,3,0,0,0,0,84,0,0,0,0,0,59,10,0,0,0,0,0,0,10,0,0,0,0,0,183,0,0,0,0,0,1,0,0,0,28,0,120,0,0,0,1,0,0,39,0,0,0,0,12,27,0,0,3374,0,0,0,0,0,78,0,1,0,0,0,4,0,0,0,0,40,0,0,0,2,0,6,1,0,0,1,0,5,0,0,0,0,0,0,0,0,0,0,0,0,0,7,0,0,0,0,0,0,0,13,24,0,0,0,0,0,1,0,0,0,0,0,0,15,0,0,0,0,0,339,3,0,0,0,0,0,0,0,0,148,0,0,43,3,0,0,0,0,1,0,0,0,0,0,2,0,15,2,0,0,0,0,0,0,0,1,1,422,0,0,7,0,0,0,0,0,0,0,0,138,5,40,0,0,67,0,0,0,0,0,0,0,76,0,0,0,0,0,0,0,18,266,2,5,1,3,0,0,7,5,0,2,0,0,1,0,0,1,0,0,41,0,0,9,0,1,0,0,0,4,2282,0,0,113,0,0,0,0,0,0,17,0,0,0,4,52,4,13,44,0,49,0
0,0,13,1,0,0,5,0,0,2,0,0,0,0,2,0,0,9,0,0,0,0,0,41,14,0,0,0,1,0,103,0,0,17,1,0,21,358,0,0,162,0,0,0,21,83,209,87,0,18,0,0,0,0,0,0,5,14,0,14,82,0,0,0,0,63,0,1,22,0,0,0,0,253,5,0,0,0,0,762,5,0,2,0,301,0,0,0,43,118,1,0,1,687,0,1,0,0,53,0,1,0,0,19,16,17,55,19,0,6,0,0,0,30,0,0,0,24,0,1,16,0,0,0,25,5,0,0,0,226,0,144,0,1,0,1,0,0,0,0,0,6,2,0,0,0,0,4,0,0,14,0,0,22,0,0,0,0,0,161,0,0,3,0,0,0,1,0,0,0,0,0,1,16,12,0,0,565,20,0,0,0,0,0,45,0,0,0,87,0,0,30,3,0,253,0,0,0,0,0,0,0,0,13,0,3,0,0,2,2,0,0,0,0,22,0,0,0,289,0,0,0,0,1,0,0,0,0,0,0,637,0,0,62,0,0,0,0,0,0,0,0,51,0,0,0,0,4,1,0,240,1,0,1,0,0,0,0,0,119,3,0,0,0,13,0,0,33,0,0,0,0,86,0,1,0,0,1,0,2424,0,0,255,0,0,0,5,0,0,0,0,0,0,1,93,0,2,0,0,175,17
0,0,0,0,0,0,0,0,0,0,0,0,18,56,89,0,1,24,0,0,0,1,0,0,0,655,0,6,0,0,0,0,0,18,0,0,83,4,0,0,0,0,0,0,55,1,0,0,0,0,0,0,0,56,0,0,0,20,0,0,0,0,0,0,0,30,7,0,0,0,0,0,0,13,1,363,0,0,0,0,0,0,0,0,0,53,0,0,67,317,109,0,12,805,0,0,12,0,0,0,0,0,79,5,0,0,0,14,0,0,0,0,871,5,0,0,0,137,12,0,27,0,0,0,43,0,0,0,0,34,0,22,0,0,0,0,0,0,0,0,55,0,0,0,0,0,0,0,0,3,3,0,96,0,0,0,0,0,0,57,0,0,0,0,0,0,0,0,0,5,0,0,1,0,0,0,0,1,0,0,0,0,0,0,0,0,14,0,0,0,0,0,1,0,0,0,0,0,0,0,0,0,0,0,0,7,0,0,1,0,0,0,0,0,0,0,0,0,387,0,0,0,0,0,0,0,0,0,110,0,0,0,0,91,0,0,0,0,0,0,0,0,0,0,2,0,0,0,0,0,0,0,0,0,0,1,5,0,0,0,2,0,0,0,0,0,0,0,0,337,0,0,1601,0,1,0,0,0,0,2685,0,0,155,0,0,0,0,0,6,0,0,0,0,0,183,0,1,0,0,67,0
0,1,2,0,0,9,0,0,0,0,16,0,21,0,6,0,0,16,0,0,0,0,0,0,18,189,0,0,4,5,95,125,1,11,0,0,5,0,0,0,0,0,0,0,0,0,0,15,0,0,0,0,0,26,0,0,0,60,0,0,43,0,0,0,0,7,0,0,18,30,0,3,0,0,3,156,1,0,0,1180,0,7,69,0,0,25,0,0,0,0,0,0,1,722,0,0,3,0,0,0,0,0,8,18,0,0,0,3535,0,24,48,0,0,0,0,0,0,296,41,0,0,0,0,0,0,0,1,42,0,38,0,0,0,0,19,0,0,0,0,0,0,0,0,4,1,0,20,0,0,0,10,0,0,10,0,0,0,0,0,0,0,0,0,0,0,0,1,0,0,0,0,0,0,0,0,0,0,0,0,0,0,0,0,0,8,0,0,275,0,0,0,59,0,0,0,0,0,0,0,0,0,0,0,0,0,7,0,1,0,0,1,0,0,0,0,2,0,0,532,0,87,0,0,0,0,0,0,0,31,0,0,1,1,251,0,0,0,0,0,62,0,0,0,0,79,6,0,0,0,0,0,0,6,0,6,11,0,0,0,0,0,0,32,2,5,1,0,0,6,15,0,0,220,0,0,0,0,0,0,1194,1,0,47,0,0,0,0,0,0,0,0,0,1,0,0,0,3,0,0,43,0
0,1,0,0,33,48,0,0,0,0,4,0,6,0,51,1,0,28,0,1,0,5,0,124,0,1511,0,0,36,1,32,0,0,0,0,0,1,362,0,0,0,0,0,0,0,34,0,42,0,18,0,0,0,10,213,0,0,9,0,66,32,0,4,0,0,26,41,0,19,0,14,0,0,30,6,558,0,0,0,1374,0,21,9,0,0,34,1,1,42,0,0,18,1,676,25,9,1,0,0,0,0,0,9,22,0,13,0,7,22,12,0,79,0,0,2,1,0,55,33,0,0,0,0,0,3,0,32,45,1,154,0,5,0,0,0,0,209,0,0,1,7,0,0,1,0,0,3,8,1,0,12,72,3,0,0,0,0,0,90,37,0,3,0,0,0,0,0,0,1,11,18,0,1,1,0,0,2,47,0,1,0,0,0,0,23,0,0,0,86,0,1,30,12,0,164,2,0,1,1,0,0,0,0,67,0,6,0,0,1,14,0,0,0,0,0,2,75,18,142,0,92,20,155,0,1,0,5,0,56,19,0,1,0,180,1,0,0,0,1,41,0,0,0,0,1,12,0,0,0,0,0,0,25,0,1,6,5,0,10,0,4,0,0,2,0,0,0,0,0,110,0,0,72,0,5,0,0,0,5,1266,0,0,513,0,0,0,0,0,36,0,0,0,0,0,23,3,3,0,0,83,0
0,0,19,0,0,13,0,1,0,0,0,0,0,0,5,1,0,11,0,0,0,5,0,12,0,2341,0,0,1,42,0,0,0,75,0,0,348,83,0,1,0,0,0,36,0,11,0,0,0,0,0,0,0,26,0,0,0,47,0,34,43,0,3,0,0,0,15,0,53,164,0,0,0,1,0,0,0,0,0,373,0,0,3,0,0,0,0,0,0,55,0,1,1,1588,0,1,0,0,11,0,0,1,0,0,0,0,1,70,0,15,0,0,0,7,0,0,0,0,98,0,0,0,0,0,695,0,41,551,0,0,0,0,0,1,0,0,0,0,0,0,0,0,0,0,0,0,9,2,0,1,0,0,0,2,0,0,0,0,0,3,0,0,0,0,0,0,0,0,0,0,0,0,0,0,11,0,0,3,31,0,0,0,0,0,6,0,0,0,0,0,0,39,1,1,0,0,0,0,0,0,0,0,0,0,417,53,0,0,5,1,0,0,0,0,26,0,0,2,231,0,68,0,0,0,0,0,0,0,30,0,0,0,0,5,0,0,0,0,0,0,0,0,0,0,0,0,1,0,0,0,0,1,0,0,3,44,0,0,0,0,1,0,6,2,0,0,0,0,0,12,0,0,623,0,1,0,0,0,0,1120,1,0,171,0,0,0,0,0,0,8,0,0,0,0,1,0,14,0,0,150,0
0,0,0,0,0,0,0,0,0,0,0,0,2,0,2,0,0,0,0,0,0,4,0,0,0,1042,0,0,38,0,0,265,0,42,0,0,0,43,0,0,0,0,0,0,0,187,0,0,0,0,0,0,0,0,0,0,0,0,0,0,0,0,0,0,0,0,52,0,0,38,0,0,0,0,1465,0,0,0,0,3,0,0,126,0,0,65,0,0,0,76,0,42,0,0,0,0,13,0,28,0,0,0,0,0,0,0,0,953,0,0,0,0,0,122,0,0,0,0,171,0,0,0,0,0,544,0,45,0,0,0,17,2,0,0,0,0,0,0,0,1,1,0,0,0,0,0,21,0,0,0,21,32,0,0,0,0,0,0,0,40,0,0,0,0,0,0,4,0,0,0,0,0,4,0,0,0,0,146,207,0,0,0,20,0,28,0,0,0,0,0,15,414,0,0,0,0,0,0,0,0,0,0,0,0,0,26,0,0,0,0,0,0,12,0,65,0,43,0,0,0,0,0,0,0,0,0,0,0,113,0,0,0,0,0,17,0,5,0,0,13,0,0,0,0,8,0,0,0,0,0,290,1,0,0,0,246,2,0,0,48,0,0,0,2,362,0,0,0,0,0,6,0,304,0,0,0,0,0,0,1378,1,0,503,0,0,0,0,0,0,0,0,0,0,0,0,0,1,0,0,215,0
0,0,0,0,0,0,1,0,0,0,3,0,0,48,53,0,0,0,0,0,9,13,0,1,1,1731,0,0,3,11,106,0,0,27,0,0,21,0,1,0,0,0,51,14,0,100,68,0,0,0,5,0,0,1,3,0,0,0,0,4,0,0,0,0,0,0,167,0,0,22,10,0,0,0,0,0,0,0,0,27,0,1,13,0,108,0,37,0,0,35,0,2,1228,0,0,0,0,0,0,0,0,0,0,0,1,0,1,2830,1,8,0,0,0,58,0,0,0,0,38,2,0,0,0,1,91,0,6,0,0,0,0,55,0,0,0,0,3,0,0,0,462,0,0,0,11,2,6,0,0,0,0,0,0,0,0,0,0,0,2,41,0,0,0,1,0,1,0,0,0,0,5,0,10,0,0,0,0,64,8,0,0,0,0,0,7,0,0,0,0,0,0,48,0,0,0,0,0,0,3,0,0,0,0,0,0,34,1,0,0,1,0,0,0,2,0,0,22,2,7,0,0,1,0,0,0,0,0,0,38,2,55,0,0,119,0,0,0,0,0,0,1,0,0,0,0,0,0,0,0,0,16,0,0,0,0,7,22,0,0,0,0,0,0,0,0,0,0,0,0,455,0,1,118,0,0,1,0,0,1,1238,1,0,112,0,0,0,0,0,1,22,0,0,0,0,4,0,20,0,0,14,0
0,0,0,0,0,26,0,0,0,0,0,0,4,99,398,0,0,35,0,0,32,3,0,0,0,1,0,1,10,46,0,0,0,0,0,0,0,0,0,0,0,0,0,0,0,2,35,0,0,17,0,0,0,0,0,0,0,52,0,1,15,0,7,0,0,26,4,25,0,8,0,0,0,7,0,73,0,0,0,85,0,0,0,0,0,0,0,0,60,1140,0,0,9,1201,0,0,5,0,0,0,0,0,0,0,0,0,0,5,275,0,0,0,0,24,0,0,0,0,27,0,0,0,1,1,166,0,0,0,0,0,0,8,0,0,0,0,0,0,1,0,0,0,0,0,0,0,0,0,0,5,5,4,0,0,0,0,0,0,0,80,0,0,0,1,0,0,0,100,0,0,20,22,1,0,0,0,0,90,13,0,0,0,0,0,0,0,0,0,0,0,0,134,3,0,0,0,0,0,0,0,0,0,0,0,0,1,0,0,0,7,0,0,4,2,3,0,29,0,0,7,0,0,0,0,0,5,0,0,94,0,149,0,0,581,1,0,0,0,0,0,0,0,0,0,0,0,0,0,0,0,75,6,0,0,0,0,3,0,2,0,0,0,0,1,0,0,0,0,0,416,1,11,1640,0,0,0,1,2,0,2327,0,0,87,0,0,0,1,0,0,16,0,0,0,0,0,0,0,0,1,116,3
0,0,0,0,0,0,0,0,0,0,0,0,4,0,4,2,0,8,0,1,0,4,0,0,0,594,0,0,2,2,0,0,0,7,0,0,1,112,0,0,0,0,0,20,0,13,0,0,0,12,0,0,0,4,4,0,0,11,0,24,35,0,25,1,0,0,9,0,0,111,1,0,0,54,0,2,0,0,0,453,0,0,0,0,0,22,1,0,36,56,0,1,1,586,0,1,0,0,5,29,0,0,0,0,0,0,0,343,0,1,0,0,12,45,0,1,1,23,41,0,4,0,0,0,57,0,1,0,1,0,0,31,1,1,0,0,5,1,0,0,20,0,0,0,0,0,12,0,1,0,21,0,0,3,1,0,0,0,0,26,0,0,0,2439,0,0,1,0,0,0,0,0,0,0,0,0,0,4,415,0,0,0,0,0,6,0,0,0,0,0,1,18,1,0,0,0,0,0,0,558,0,0,1127,0,0,33,7,0,0,1,0,0,0,0,10,0,0,0,186,0,0,0,0,0,0,0,0,0,42,0,232,0,0,265,0,0,2,1,0,0,0,0,0,0,3,0,0,0,0,0,0,1,5,0,13,2,2,0,7,30,0,0,0,2,0,0,0,0,0,1,0,0,28,2,0,0,0,0,8,1328,0,0,145,0,0,0,0,0,10,20,0,0,0,0,6,0,1,0,0,134,3
1,0,0,0,0,31,0,0,0,0,0,0,3,0,12,0,0,0,0,0,0,10,0,0,0,1022,0,0,9,3,0,0,0,0,0,0,2,0,0,0,0,0,0,0,0,0,40,0,0,22,0,0,0,39,0,0,0,37,0,0,54,0,8,0,0,0,0,0,22,0,0,0,2,0,0,1,0,18,0,418,0,0,5,0,0,0,0,0,41,0,0,74,41,1340,0,0,0,0,20,0,0,0,7,29,8,0,0,94,0,291,0,0,0,0,0,0,0,209,0,0,0,0,0,3,12,0,1321,53,0,0,0,1,0,0,469,0,0,0,0,0,0,0,0,0,0,0,0,1,1,0,0,0,7,0,195,0,1,1,0,0,0,0,0,0,0,0,0,0,0,0,0,0,1,0,0,0,0,0,0,0,0,0,0,0,0,0,0,0,0,0,0,0,5,0,0,0,0,0,0,0,0,0,0,0,215,146,1,0,0,17,0,0,0,0,0,2,139,0,508,0,245,0,0,0,1,0,0,0,0,0,0,1,0,1140,0,0,0,0,0,0,0,1,0,0,17,0,0,1,0,0,0,0,0,0,3,154,126,0,0,0,0,0,0,4,0,1,0,0,0,388,0,0,145,0,0,0,0,0,11,355,0,2,273,0,0,0,4,0,0,0,0,0,0,0,55,0,3,0,0,63,0
0,0,0,0,0,21,0,0,0,0,0,0,17,7,41,0,0,103,0,0,0,0,0,0,0,2343,0,19,0,1,0,169,0,44,0,0,1,0,0,0,0,0,0,0,0,6,0,0,0,0,1,0,0,19,0,0,0,14,0,0,103,0,0,0,0,0,179,0,4,150,0,0,0,0,0,30,0,13,0,1384,0,0,0,0,0,0,0,0,0,0,0,0,0,978,0,0,0,0,9,0,0,30,0,0,4,0,0,205,0,0,0,0,98,3,7,0,0,0,9,0,0,4,0,0,0,0,0,79,0,1,0,2,0,0,0,1,0,0,0,0,695,0,0,0,6,0,0,0,0,0,5,4,0,0,0,0,0,0,0,0,0,0,0,0,0,1,0,0,0,0,0,0,0,0,0,0,0,0,217,0,0,0,0,0,0,0,0,136,0,0,0,0,0,0,0,0,0,0,0,0,0,0,0,0,0,176,5,0,3,1,0,112,0,0,0,0,0,0,112,0,0,4,0,0,0,7,0,0,63,0,0,0,0,87,0,0,0,0,0,0,0,0,0,0,0,0,0,0,0,0,0,0,0,0,0,126,33,0,0,0,0,0,0,10,0,1,0,0,0,21,0,0,35,0,0,0,0,3,0,1781,0,0,131,0,0,0,0,1,13,0,0,0,0,0,23,0,7,0,0,85,0
0,71,14,9,0,0,0,0,0,0,0,0,0,0,339,0,26,0,0,0,0,36,0,19,0,1339,0,0,32,45,20,0,0,118,4,0,18,0,2,0,0,0,0,0,0,137,0,0,0,0,0,0,0,0,0,0,0,0,0,12,1,0,0,0,0,0,127,0,0,0,13,0,0,0,0,0,4,0,0,182,0,0,8,0,0,10,295,0,0,0,0,11,756,0,0,48,0,0,0,0,0,325,28,43,0,13,0,684,0,0,0,0,0,0,1,25,0,0,0,0,0,0,0,0,316,0,0,491,0,0,0,0,0,9,0,0,7,0,0,4,95,0,0,0,0,0,0,0,0,0,0,0,0,0,0,0,0,0,144,6,17,0,0,0,0,0,2,0,2,0,0,0,0,2,0,0,13,0,16,2,0,0,0,0,17,0,0,0,0,0,20,29,5,0,0,0,0,0,0,0,0,0,0,0,0,67,0,0,1,63,0,0,0,0,4,1,36,0,0,0,0,0,0,2,0,0,0,0,11,8,17,0,3,2351,0,0,4,0,0,417,0,0,0,0,13,7,0,0,0,0,0,0,0,1,0,69,45,0,14,0,1,0,0,2,0,0,0,0,0,0,0,0,312,0,0,0,0,0,0,20,0,0,174,0,0,0,0,0,0,0,0,0,0,0,0,2,253,0,0,88,0
0,0,7,0,0,0,0,42,0,0,0,0,3,0,0,0,0,0,0,0,0,30,0,77,0,70,0,3,16,0,18,0,0,1,0,0,1,154,0,0,0,0,0,0,0,20,0,65,0,0,0,0,0,0,22,0,0,101,0,231,90,0,34,4,0,183,199,0,7,180,9,0,0,118,722,66,0,0,0,1562,0,183,1,0,442,12,58,1,53,75,11,1,1,335,0,0,0,0,10,0,0,1,0,0,0,37,0,70,28,49,0,0,0,0,0,0,0,32,19,20,0,0,10,0,1,0,129,0,0,55,0,0,31,1,0,3,0,2,0,0,0,0,0,0,0,0,115,0,0,0,26,0,0,0,1,0,0,0,0,35,0,0,0,886,0,0,0,0,0,0,0,0,0,0,0,0,0,38,95,0,0,0,0,0,26,0,0,0,0,1,0,59,1,0,0,0,0,1,0,0,0,0,0,65,298,157,0,0,1,0,0,0,0,0,13,1,85,276,41,9,11,0,0,0,0,0,95,0,31,1,264,1,0,68,0,0,0,0,0,28,0,0,0,0,1,0,0,0,0,0,30,4,16,0,9,4,29,0,4,0,0,0,0,10,0,0,0,28,12,2,0,0,8,0,0,0,2,0,26,1155,0,0,12,0,0,1,0,0,105,0,0,0,0,1,26,7,9,0,0,74,0
0,0,0,0,0,0,12,195,0,0,0,0,0,696,0,0,0,0,0,0,0,116,0,0,0,18,0,0,0,0,0,0,0,0,0,0,0,0,0,0,0,0,0,110,0,0,0,0,0,0,0,0,0,2,0,0,0,0,0,688,0,0,0,15,0,0,436,0,0,323,284,0,0,325,0,0,0,0,0,0,0,0,0,0,5,0,0,0,0,83,0,4,0,0,0,0,0,0,0,0,0,0,0,0,0,0,24,849,0,0,0,0,0,0,0,0,0,0,121,7,0,0,0,0,0,0,0,0,0,0,0,0,0,0,0,0,1,0,0,0,6,0,0,0,0,0,0,0,0,0,27,0,0,0,2,0,0,0,0,0,0,0,0,0,0,0,0,0,0,0,0,0,0,0,0,0,0,337,982,0,0,0,0,0,0,0,71,0,0,0,0,140,0,0,0,0,0,0,0,0,206,0,0,0,0,0,0,0,0,37,0,0,0,0,0,0,0,106,514,0,124,81,0,0,0,0,0,0,6,0,0,0,0,67,0,0,0,0,0,0,0,0,0,8,0,0,0,0,0,0,0,0,0,0,0,3,0,0,0,0,0,0,0,0,0,0,0,0,0,230,0,0,171,0,63,0,0,0,0,0,0,0,1942,0,0,0,0,0,0,0,0,312,0,0,0,0,5,0,0,249,0
0,0,0,0,0,1,1,23,1,0,1,0,0,54,76,1,1,0,0,1,158,126,0,0,12,1929,1,0,38,54,12,0,0,116,0,0,1,23,0,0,0,0,0,0,0,544,69,8,0,0,3,0,0,0,51,0,0,0,0,98,1,0,0,0,0,0,0,0,6,25,0,0,0,12,0,1,0,0,0,0,6,0,3,0,45,1,0,0,0,36,1,4,58,18,0,0,0,1,0,0,0,1,1,0,0,2,165,522,0,0,0,18,0,414,0,0,0,0,24,39,0,0,0,1,28,0,0,0,0,53,11,24,0,0,0,0,289,0,1,0,31,1,0,0,0,0,10,7,1,0,5,57,1,5,3,0,0,1,0,42,0,0,0,0,0,0,3,0,0,0,22,0,0,0,3,0,0,145,0,1,0,0,13,0,20,0,0,0,0,0,0,42,1,0,172,0,0,0,1,0,0,0,0,1181,0,3,10,0,0,0,0,0,0,8,9,0,60,123,0,0,13,8,122,0,0,0,82,0,197,0,160,0,0,0,14,0,4,0,0,35,0,0,0,2,0,0,0,0,0,0,0,0,0,0,81,22,11,4,6,0,0,0,0,6,0,0,0,0,2,6,4,9,58,0,0,0,0,0,2,1697,0,0,57,0,0,7,1,0,0,28,37,10,0,0,31,0,11,0,15,75,3
0,0,0,0,12,0,0,11,9,0,0,0,3,32,188,1,0,32,0,0,35,115,0,0,0,1047,0,0,42,1,13,1,0,46,0,0,1,10,0,0,0,0,0,2,0,15,1,32,0,0,0,0,214,0,1,0,0,30,0,26,84,0,0,0,0,233,0,0,0,0,0,0,0,2,6,3,0,0,0,703,1,0,1,0,13,0,81,0,111,11,0,0,22,1338,0,0,3,0,1,0,0,0,0,0,0,0,6,275,0,0,0,83,0,1,0,0,0,0,0,0,18,0,0,0,24,0,0,0,0,15,18,1,0,0,0,0,0,0,0,0,0,0,0,0,0,0,0,0,0,0,20,40,0,0,0,0,0,0,0,0,0,0,0,361,0,0,0,0,0,1,0,0,0,0,0,0,0,5,0,2,0,0,0,2,0,0,0,0,42,0,0,29,1,0,0,0,0,0,0,0,0,0,0,0,0,0,0,0,0,9,0,0,0,4,8,0,45,21,1,0,60,0,0,0,0,0,2,0,40,0,229,0,0,0,0,0,0,0,0,0,0,0,0,21,0,0,0,32,0,0,23,0,0,0,0,0,0,0,1,8,3,0,0,0,0,0,2,53,0,857,101,18,146,1424,0,0,0,0,4,1118,0,0,98,0,0,0,0,0,0,7,0,0,0,0,6,0,7,35,0,133,11
2,0,0,0,0,0,94,23,0,0,6,0,0,9,2,0,0,0,0,0,36,55,0,0,1,0,0,0,11,3,231,1,0,92,0,0,0,632,2,0,1,0,0,0,0,26,0,3,0,0,0,0,0,0,41,0,0,0,0,0,0,19,0,0,0,0,51,0,26,0,324,0,59,0,2325,0,0,0,0,141,2,0,0,0,30,1,0,23,0,62,0,84,0,45,0,0,0,0,0,0,0,1,0,21,8,0,467,30,0,0,0,63,0,0,0,0,0,0,71,1,0,0,6,0,29,0,0,0,0,270,0,0,4,0,0,112,0,5,0,0,0,0,0,0,0,0,0,0,0,0,19,26,0,0,0,0,0,0,5,0,0,0,6,45,0,1,0,0,3,0,0,0,1,3,0,0,0,0,128,0,0,0,0,0,0,5,0,0,90,1,0,124,0,0,0,3,7,0,0,0,0,0,0,9,133,0,0,0,1,1,0,0,11,0,66,1,234,308,0,28,140,31,0,149,0,0,110,0,290,0,0,0,0,141,0,0,0,0,0,1,0,25,142,2,0,0,0,1,0,54,218,0,0,0,160,0,0,0,30,0,0,0,9,0,1,0,0,60,0,0,0,135,1,0,1,0,0,5,0,451,0,0,585,0,0,0,9,0,31,0,95,0,0,10,115,0,3,0,0,189,0
0,0,0,0,13,26,0,41,0,0,0,1,2,45,0,0,8,5,0,0,29,38,0,0,5,181,3,0,6,1,89,0,0,52,0,0,1,330,0,0,0,0,12,43,0,353,1,5,0,48,0,0,0,3,0,0,0,11,0,0,20,0,0,0,1,5,9,0,2,34,28,0,0,8,0,65,0,2,0,1126,0,0,2,0,101,0,0,0,0,606,0,0,0,165,4,0,0,0,122,0,0,0,0,7,4,0,1,1,146,15,0,2,0,489,0,0,0,5,16,0,0,0,0,0,431,0,1,50,1,5,150,23,1,0,0,0,0,0,0,0,0,0,0,0,60,0,5,0,0,0,6,0,0,0,0,0,0,0,52,57,0,0,0,570,0,0,0,0,0,2,1,0,1,0,0,0,0,41,37,1,0,0,0,0,6,0,0,28,0,1,0,230,0,0,0,0,0,0,0,400,9,0,0,32,0,3,1,0,0,3,3,0,0,1,24,0,40,6,24,0,33,2,0,0,0,9,215,0,130,1,110,1,0,160,0,0,1,0,0,0,0,0,0,0,2,19,9,2,1,0,0,1,0,0,1,1,1,1,3,150,0,0,0,1,0,0,0,0,1,1,0,37,71,0,0,0,0,0,2,1707,1,0,353,0,0,0,0,1,12,40,0,65,0,0,20,0,132,0,0,53,25
0,0,0,0,0,0,1,0,0,0,0,0,0,0,0,2,0,0,0,0,312,18,0,0,0,0,0,0,51,124,0,0,33,111,0,0,85,34,0,1,0,0,0,18,11,0,0,0,0,0,0,0,0,0,66,0,0,0,0,0,0,0,3,0,0,0,0,0,2,0,27,0,0,64,0,0,0,0,0,0,0,42,176,0,0,0,0,18,5,164,43,67,116,0,0,5,1,0,71,0,0,0,0,0,0,0,316,689,0,0,0,0,1,56,0,0,0,0,105,0,0,0,0,0,85,0,0,0,0,0,105,174,0,0,0,0,0,0,0,0,6,0,0,0,0,0,27,0,2,0,2,0,0,3,0,0,0,0,0,50,0,0,0,0,0,0,0,0,0,0,0,0,45,0,0,0,0,0,0,0,0,0,0,0,4,0,0,0,0,0,10,373,1,0,0,14,0,0,0,0,0,0,0,13,0,0,0,0,0,16,0,137,0,0,0,0,0,25,150,0,0,55,0,0,0,10,0,0,87,0,0,0,0,989,0,0,0,0,0,0,0,0,0,0,5,0,0,0,0,0,0,0,0,0,70,0,0,0,0,0,0,0,0,3,5,0,0,0,0,33,0,0,1079,0,7,0,0,0,8,2986,0,0,212,0,0,1,16,6,62,0,74,0,0,0,100,2,0,0,0,115,0
0,0,0,0,0,48,0,55,0,0,0,0,0,33,31,0,0,80,0,1,81,2,0,64,0,209,0,0,5,4,12,0,0,11,0,0,1,57,0,0,0,34,0,5,104,1,68,54,0,0,0,0,0,5,0,0,8,90,0,155,56,0,8,0,0,0,63,0,3,324,0,0,0,13,3,0,0,0,0,892,2,0,84,0,1,0,24,0,92,15,0,1,0,1029,0,34,0,0,3,0,0,0,0,3,8,0,1,1831,0,12,0,1,0,10,0,0,0,195,300,0,0,0,0,0,1,0,1,90,0,49,0,8,0,1,0,3,0,0,0,0,0,0,2,0,108,0,11,0,0,0,13,72,76,37,0,0,0,0,0,1,0,0,0,0,0,0,0,0,0,0,20,0,0,0,0,1,2,22,286,1,0,0,0,0,8,0,0,0,0,0,0,23,1,5,0,0,4,3,0,835,0,31,0,13,0,139,0,0,0,14,0,0,0,0,3,0,44,10,0,0,224,83,0,0,0,0,0,0,25,0,55,0,0,68,0,0,4,0,0,0,0,0,1,0,0,0,0,0,2,0,0,4,5,0,3,0,0,0,0,0,0,0,0,2,0,0,0,0,0,8,0,31,37,0,2,0,0,0,3,1182,0,0,10,0,0,0,0,0,0,3,0,0,0,1,9,0,1,0,0,81,0
4,0,0,1,0,0,0,34,0,0,0,0,0,112,35,0,0,0,0,0,85,140,0,0,0,3,0,0,32,17,748,0,0,116,0,0,234,0,0,0,0,0,100,70,0,9,0,0,0,0,0,0,0,6,9,0,0,0,0,144,0,0,1,0,7,0,107,0,0,0,0,0,0,14,0,0,0,0,0,63,0,0,355,0,0,4,95,0,0,154,0,0,85,0,0,7,0,0,0,0,0,0,0,0,0,0,2,855,0,0,0,0,0,112,0,0,0,0,0,0,0,0,0,0,98,59,0,0,0,0,31,100,0,0,0,0,17,0,0,0,13,0,0,0,0,0,0,0,0,0,4,5,0,0,7,0,0,33,0,90,0,0,0,0,0,0,1,0,0,0,0,0,0,0,0,0,0,0,0,0,0,0,0,2,38,0,0,0,0,0,0,86,305,0,0,0,0,2,0,0,0,0,0,0,0,0,0,0,0,9,0,0,0,0,0,0,0,0,499,0,0,54,0,0,0,15,0,0,32,0,288,0,0,1303,0,0,0,0,0,0,0,0,0,0,0,0,0,13,0,0,0,0,43,0,0,29,0,0,0,17,0,0,0,3,0,0,0,0,0,167,0,54,183,0,0,0,0,0,72,1646,0,0,261,0,0,0,0,0,0,72,0,0,0,0,271,0,16,0,0,303,0
0,0,0,0,0,0,0,0,0,0,0,0,0,0,255,0,0,0,0,0,0,0,0,1,0,0,0,0,3,0,0,0,0,0,0,0,2,25,0,0,0,0,0,0,0,0,0,0,0,1,0,0,0,0,0,0,0,2,0,0,0,0,1,0,0,0,0,0,14,0,0,0,0,0,0,2,0,0,0,0,0,0,12,0,0,17,0,464,0,0,0,0,209,0,0,3,5,0,0,0,0,36,0,0,0,0,0,514,0,0,0,0,0,0,0,0,0,0,0,0,0,0,0,0,0,0,0,0,0,0,0,0,0,0,2,0,0,0,0,0,0,0,0,0,0,0,0,0,0,0,0,0,0,0,0,0,0,0,0,0,0,0,0,0,0,0,0,0,0,0,0,0,27,0,0,0,0,0,0,0,0,1,0,0,0,0,0,0,0,1,0,0,1,0,0,1,0,0,0,0,0,0,0,1,329,0,0,0,0,1,0,0,0,0,0,0,0,0,7,0,0,0,0,0,0,0,0,0,0,0,0,1,0,239,0,0,0,0,0,14,0,0,0,0,1,0,0,0,0,0,0,0,0,0,0,0,0,0,0,0,0,0,0,0,3,0,0,0,0,7732,0,0,0,0,0,0,0,0,1,1,0,0,0,0,0,1,0,0,0,0,0,0,0,0,2,0,0,0,0,73,0
0,0,0,0,0,0,1,0,0,0,0,0,0,0,9,0,0,0,0,0,31,9,0,0,0,1477,0,0,3,18,2210,0,0,85,0,0,6,210,0,0,0,0,0,42,0,133,0,0,0,0,0,0,0,0,0,0,0,0,15,100,0,15,0,0,0,0,0,0,0,0,0,0,0,3,0,149,0,0,0,34,0,0,32,0,29,0,0,0,0,16,0,7,33,0,0,0,0,0,62,0,0,0,0,0,0,0,11,281,0,13,0,0,1,122,0,1,0,0,10,0,0,0,0,2,284,0,0,0,0,0,65,33,1,0,0,0,2,0,0,0,0,0,3,0,0,0,1,0,0,8,2,0,0,1,0,0,0,0,0,202,0,0,0,0,0,0,0,5,0,0,6,0,0,0,0,0,0,0,60,0,80,0,0,0,1,0,0,0,0,0,3,110,0,0,0,0,0,0,0,0,0,0,0,24,0,0,0,0,0,0,0,112,4,0,4,0,77,18,0,0,0,45,0,0,0,0,0,0,182,0,103,0,0,319,0,0,10,0,0,0,12,0,0,0,0,0,0,0,0,0,92,0,10,0,2,0,0,0,12,27,0,0,0,1,1,0,0,0,1,69,0,179,194,0,0,0,0,0,4,1765,0,0,511,0,0,0,1,0,25,27,0,0,1,0,20,0,4,48,0,58,0
0,0,0,0,0,7,0,0,0,0,0,1,5,0,53,0,0,21,12,0,0,1,0,47,0,563,0,0,35,0,0,0,1,3,0,0,0,357,0,0,156,0,0,1,0,18,0,16,0,0,1,0,0,0,1,0,0,62,0,9,50,2,3,1,0,10,89,0,2,0,1,1,0,1,82,240,0,0,0,659,0,0,0,0,1,13,0,0,40,29,0,12,0,769,34,0,0,0,7,0,0,1,0,2,6,0,0,1264,0,168,93,0,0,22,3,0,0,38,44,0,0,0,0,0,1,0,0,50,1,111,0,1,2,0,0,1,0,0,0,0,0,0,1,0,39,0,20,0,0,0,3,16,0,11,0,0,0,0,110,1,0,0,0,2183,0,0,1,0,1,0,1,0,11,0,0,0,5,4,245,2,0,0,2,0,2,0,0,0,1,0,0,35,13,1,0,0,0,0,0,0,0,0,0,13,0,33,1,0,1,47,0,0,14,0,2,0,168,13,60,2,155,14,0,0,0,0,0,0,38,3,20,0,0,156,0,2,2,0,0,2,0,0,0,0,2,18,0,37,0,0,88,3,3,1,2,67,3,3,1,1,4,0,0,1,1,0,0,0,8,36,3,8,1,0,4,0,0,0,1,1014,0,0,1,1,0,0,0,0,6,2,0,0,1,0,0,0,4,0,0,9,0
0,0,5,0,0,0,0,12,0,0,0,0,19,44,0,0,0,25,19,1,0,8,0,208,6,1,0,0,6,2,243,1,0,93,0,0,1,117,1,0,0,5,0,0,0,70,0,11,0,0,0,0,76,23,0,1,0,0,0,81,46,0,0,0,0,0,3,0,38,96,11,0,2,7,5,75,0,0,0,886,0,0,55,0,2,0,28,0,78,123,0,1,5,867,0,0,0,0,0,0,1,0,0,0,0,0,64,463,0,36,0,0,0,37,0,0,0,0,121,1,0,0,0,0,3,1,13,37,0,48,0,6,0,1,0,0,0,2,0,0,0,0,4,0,5,0,1,0,0,0,14,0,0,1,0,0,0,0,80,121,0,0,0,2906,0,0,0,0,0,0,5,0,0,0,0,0,0,0,58,2,0,0,0,0,19,0,0,0,0,0,0,25,14,0,0,0,1,0,0,0,0,0,0,7,0,13,0,0,1,4,75,0,2,0,10,0,144,11,0,0,25,4,0,0,0,0,0,0,122,2,78,0,0,216,0,0,1,0,0,1,1,0,0,0,5,0,0,0,0,0,0,1,0,0,8,0,0,0,2,115,0,0,0,1,0,0,0,0,0,0,0,0,79,0,1,0,0,0,0,1348,1,0,176,0,0,0,0,26,5,0,0,0,0,0,0,0,20,0,0,9,0
1,0,0,0,0,0,44,0,0,0,0,0,9,0,11,0,0,9,0,0,0,0,0,16,0,2268,0,0,9,1,2,0,0,110,0,0,1,0,0,0,0,0,0,0,0,28,0,0,0,19,0,0,0,6,0,0,0,18,0,0,27,0,0,0,0,205,51,0,1,94,2,0,0,0,0,1,0,0,0,581,0,7,0,0,0,24,150,0,37,186,1,0,1,811,0,1,0,0,0,0,0,1,0,0,17,0,0,15,0,0,143,0,81,48,2,1,0,13,0,0,18,0,0,0,0,0,0,464,0,0,0,321,0,1,0,0,1114,0,0,0,0,0,0,0,0,0,0,0,0,0,12,0,0,6,0,0,0,0,0,34,0,0,0,0,0,0,0,0,0,0,0,0,0,1,0,0,0,0,63,0,0,1,0,0,21,0,0,0,0,0,26,47,1,17,0,0,0,0,0,0,0,0,0,35,0,16,1,0,1,1,0,0,0,0,8,2,0,0,2,0,0,0,0,117,0,1,0,0,36,0,0,0,0,166,0,0,1,0,0,1,0,0,0,0,1,12,0,0,0,0,0,0,0,0,0,2,1,0,0,0,0,0,0,0,1,0,0,0,0,0,0,0,199,0,1,0,0,0,0,1819,0,0,307,0,0,1,0,0,0,0,0,0,0,0,46,0,17,0,0,15,0
5,1,30,0,0,0,0,0,0,0,0,0,0,0,1210,15,1,0,0,8,0,3,0,0,0,912,0,0,0,25,0,0,0,30,0,0,0,27,0,0,0,0,0,0,0,0,0,0,0,15,0,0,0,13,2,0,0,20,0,0,76,0,7,0,0,0,5,0,27,17,0,0,0,0,6,213,0,0,0,554,0,0,1,0,0,386,0,0,107,56,0,13,0,636,0,0,32,0,0,0,0,39,0,0,0,0,0,74,0,0,0,67,0,13,0,0,0,54,17,0,0,0,0,0,220,0,37,66,0,0,0,0,0,0,37,0,0,1,1,0,0,0,1,0,0,0,15,0,0,1,1,0,0,1,0,0,24,0,0,0,0,0,0,0,0,0,0,0,0,2,0,0,0,0,0,0,0,0,311,0,0,0,0,4,6,0,0,0,0,0,0,13,1,0,0,2,0,0,0,0,0,0,0,87,0,30,9,3,0,8,0,0,0,0,20,0,68,0,0,0,0,0,0,0,0,0,0,0,0,0,0,0,1,1465,0,0,0,20,0,605,0,0,0,0,0,49,181,0,0,0,0,0,0,0,0,124,4,0,0,0,6,0,0,7,135,0,0,0,47,77,9,0,88,0,0,0,0,0,54,1201,0,0,0,0,0,0,0,0,0,66,0,0,0,0,86,0,2,0,0,88,1
0,0,0,0,0,0,278,0,0,0,0,0,0,0,0,0,0,11,21,0,0,13,0,67,0,2081,0,0,7,0,4,0,0,1,6,0,2,1,0,0,461,0,0,8,0,2,0,0,0,23,0,0,0,0,0,0,0,36,0,7,20,0,7,0,0,0,480,0,40,90,0,0,0,1,0,483,0,0,0,115,0,0,25,0,0,0,0,0,159,36,0,1,1,1074,0,1,0,0,2,0,0,0,0,17,0,6,0,269,79,18,145,0,0,0,0,0,0,57,50,0,0,0,0,4,5,1,126,650,0,0,0,1,5,1,0,0,0,0,0,0,0,0,0,0,1,0,0,0,0,0,0,1,0,0,230,1,0,0,1,5,0,0,0,1,0,0,0,6,0,0,0,0,1,1,0,0,0,1,195,0,0,0,0,0,26,0,0,0,0,0,27,14,1,0,0,0,0,0,0,0,0,0,0,143,220,14,0,0,0,2,0,0,1,3,2,0,56,33,0,0,98,22,0,0,0,0,0,0,3,1,8,1,0,756,0,0,0,0,0,2,0,0,0,0,5,0,0,0,0,0,1,0,0,0,0,0,0,0,7,17,0,0,0,0,0,0,0,0,0,107,0,10,419,0,0,0,0,0,5,219,0,0,182,0,0,0,0,41,2,24,0,0,0,0,0,0,0,0,0,91,0
0,0,0,0,0,0,0,0,0,0,0,0,7,0,9,0,0,0,0,0,0,0,0,470,26,796,0,0,0,88,0,0,0,0,0,0,161,0,0,2,0,0,0,0,0,0,0,0,5,0,0,0,0,0,0,0,0,44,0,0,111,0,9,0,0,0,160,0,43,0,0,0,0,0,0,0,0,3,0,1089,0,0,0,0,3,0,1467,1,66,0,0,1,1,931,0,0,3,225,0,0,0,1,0,0,0,0,0,2281,23,0,0,0,0,0,0,1,0,0,0,0,0,0,0,0,23,0,0,0,0,0,0,0,0,1,0,0,15,0,0,0,0,33,0,0,0,0,0,0,0,0,0,3,0,0,1,1,0,0,0,0,0,0,0,0,1,0,0,0,0,0,0,0,0,0,0,0,0,0,0,0,0,0,0,0,0,0,0,0,0,0,0,218,6,0,0,0,0,0,0,0,0,0,0,0,0,66,0,0,1,15,0,0,0,0,45,0,37,0,214,0,0,0,0,0,0,0,0,0,3,0,0,0,0,11,0,0,0,0,0,0,0,0,0,0,0,0,0,0,0,0,0,0,0,0,41,0,91,0,0,0,0,0,0,0,0,0,0,0,0,2,0,0,76,0,1,0,3,0,12,5,0,0,957,0,0,0,0,1,0,0,0,0,0,0,0,0,4,0,0,93,0
0,0,0,0,0,0,0,1,0,0,2,0,0,6,118,2,0,0,0,0,4,1,0,0,0,3334,0,0,11,93,20,0,0,119,0,0,8,389,0,0,0,0,0,43,0,315,132,1,0,0,6,0,0,1,36,0,0,0,0,5,0,6,1,0,0,0,0,0,0,0,5,0,0,2,0,0,0,0,0,30,0,1,0,0,1,119,493,1,0,9,0,114,0,0,46,0,0,0,17,0,0,0,0,0,1,0,0,0,0,0,0,17,0,15,0,0,0,1,394,0,0,0,0,2,45,0,0,0,0,0,21,5,102,0,0,0,32,0,0,0,98,2,0,0,81,0,10,2,0,0,11,36,0,21,0,0,0,0,5,9,0,0,0,0,0,0,0,0,0,0,0,0,0,0,0,0,0,1,77,0,0,0,0,0,0,0,0,2,0,0,0,80,2,0,0,0,0,0,1,0,0,0,0,0,0,312,8,0,1,4,0,0,0,22,0,0,40,18,171,2,268,2,0,0,0,0,2,0,19,0,93,1,0,292,0,0,3,0,0,0,0,0,0,0,0,0,0,0,0,0,10,1,0,0,2,366,37,0,6,357,1,0,0,8,0,2,0,0,6,668,0,29,96,0,0,0,0,0,1,1,0,0,495,0,0,0,0,0,0,59,0,0,0,0,1,1,7,0,0,25,0
0,0,0,0,0,31,0,0,0,0,0,0,0,3,43,0,1,0,0,0,0,3,0,0,14,13,0,0,1,1,0,0,0,0,0,0,4,36,0,0,0,0,0,39,0,6,1,57,4,0,0,0,0,20,7,0,0,31,0,1,55,0,3,1,0,33,104,4,234,7,3,0,1,8,4,4,0,3,0,1608,0,9,67,0,2,43,0,0,43,35,1,1,0,869,5,2,0,210,52,0,4,0,5,16,10,0,1,24,0,33,0,4,0,23,0,0,0,0,50,1,0,0,37,3,0,0,152,11,0,180,144,330,0,0,0,0,0,1,0,0,0,0,0,0,0,0,2,0,0,0,0,0,0,2,1,0,0,0,0,140,0,1,0,150,0,0,1,0,0,0,1,0,108,0,0,6,0,5,23,0,0,0,0,0,0,0,0,0,0,1,0,4,1,0,0,2,0,0,0,374,0,0,0,0,0,5,1,0,0,2,0,0,2,0,8,0,28,1,0,0,22,2,0,0,0,0,0,0,8,0,122,0,0,515,0,0,0,0,0,3,0,0,179,0,0,0,14,0,0,0,0,0,3,0,2,1,4,0,0,0,0,15,0,4,0,0,0,0,1,816,0,0,434,0,0,0,0,7,4,1096,0,38,47,0,815,0,0,5,42,71,0,1,0,0,23,0,9,0,3,61,19
0,0,0,0,0,0,6,0,0,0,0,0,0,318,5,0,0,0,0,0,113,0,0,0,0,2193,0,0,76,17,0,0,0,19,0,0,14,0,0,0,0,0,0,0,0,0,0,0,0,0,7,0,0,0,10,0,0,2,0,0,0,0,0,0,0,0,40,0,0,0,27,0,0,0,0,0,0,0,0,0,0,0,0,0,198,0,0,0,0,55,0,236,0,0,0,0,0,0,13,0,0,3,0,0,9,0,789,147,0,0,0,0,0,5,0,0,0,0,0,32,0,0,0,2,1,0,0,0,0,0,25,0,0,0,0,24,23,0,0,0,0,0,0,0,0,0,0,0,0,0,4,27,0,0,0,0,0,0,0,181,0,0,0,0,0,0,0,0,0,0,0,55,0,0,0,0,0,154,0,0,0,0,0,0,0,0,0,0,0,0,0,0,2,0,0,0,0,0,0,0,0,0,0,0,0,0,7,0,0,3,0,0,0,0,5,0,952,149,134,0,0,0,0,0,0,1,0,0,32,0,0,0,0,642,0,0,0,0,0,5,0,0,0,0,0,0,0,0,0,0,0,0,0,0,0,0,0,0,0,0,0,26,0,0,0,0,0,0,0,382,11,0,103,0,0,0,0,0,55,2530,0,0,0,0,0,0,0,0,0,58,0,0,0,0,16,0,31,0,0,27,0
0,0,0,0,0,0,0,0,0,0,0,0,0,0,0,0,1,5,0,0,76,93,0,0,0,790,0,0,176,0,0,0,0,315,0,0,13,338,0,0,0,0,0,0,0,330,0,0,0,0,1,0,0,0,44,0,0,0,5,318,0,0,0,0,0,47,154,0,0,0,55,0,0,17,0,0,0,0,0,30,0,16,447,0,0,0,0,0,0,45,1351,96,71,0,0,5,0,0,28,0,0,0,0,0,0,0,0,525,0,0,0,0,1,16,0,0,0,0,188,0,0,0,0,3,65,0,0,27,2,0,33,2,0,5,0,0,4,0,0,0,0,0,0,0,0,0,11,0,0,2,14,0,0,0,95,0,0,0,0,230,0,0,0,6,0,0,0,0,0,0,14,0,1,0,0,0,0,78,7,1,0,0,0,0,40,0,0,0,0,0,26,333,0,0,0,0,0,0,0,0,0,0,0,2,0,95,0,0,0,12,0,0,13,15,112,0,60,524,0,0,0,0,0,0,0,1,0,0,89,5,158,0,0,38,0,0,0,0,0,0,0,1,0,0,2,0,0,0,0,0,0,5,33,0,26,0,0,0,17,0,2,0,0,11,0,0,0,0,0,3,0,146,167,0,0,0,0,0,0,12,0,0,1554,0,0,0,0,0,46,153,0,0,0,0,0,13,8,0,0,83,0
0,0,0,0,0,0,3,3,0,0,0,0,0,0,0,0,0,41,0,0,0,1,0,153,0,0,0,0,3,0,56,281,24,0,0,0,3,0,0,0,0,0,0,0,152,0,0,0,0,0,0,0,0,14,0,0,4,106,0,1,86,0,0,0,1,0,31,0,20,155,0,0,0,48,0,0,0,0,0,456,0,0,0,3,0,0,0,0,156,0,205,1,0,3038,0,0,0,0,0,0,0,1,0,0,0,0,0,28,0,17,278,1,0,8,0,0,0,0,0,0,19,0,0,0,3,0,0,22,0,416,0,37,0,0,0,55,0,0,0,0,0,0,2,1,152,0,29,2,0,0,6,0,0,2,0,0,0,0,0,71,0,0,0,0,0,1,0,0,0,0,0,0,0,0,0,0,0,0,7,0,0,0,0,0,51,0,0,0,0,0,0,296,0,0,0,0,1,0,0,0,0,0,0,2,925,0,0,0,1,0,3,0,0,0,0,1,0,0,0,0,1,4,0,0,0,0,0,0,6,0,190,0,0,262,0,0,7,3,0,0,0,0,0,0,38,0,0,0,0,0,0,0,0,0,32,539,0,0,0,0,0,0,0,0,0,0,0,132,2,905,0,0,212,0,1,0,0,0,0,9,0,0,28,0,0,0,0,9,0,0,0,0,0,0,13,0,6,0,0,122,0
0,0,12,0,169,35,0,39,0,0,3,0,11,0,231,0,0,164,0,0,46,20,0,0,31,320,0,0,86,82,329,0,0,37,2,0,5,0,0,0,0,0,0,50,0,5,140,65,0,32,0,0,0,57,0,0,3,40,0,81,256,0,15,0,0,50,100,0,6,0,6,0,6,8,0,215,0,0,0,571,0,104,0,0,377,0,0,0,231,32,0,0,4,1379,31,27,0,0,0,1,0,0,0,5,0,0,0,781,0,2,0,0,0,114,0,1,0,23,0,0,34,0,0,0,104,0,0,17,1,0,0,28,0,2,150,0,0,0,0,0,0,0,10,0,10,0,0,2,2,3,5,0,1,6,0,0,0,0,25,24,0,0,0,0,0,1,0,0,0,205,1,0,0,0,0,0,10,76,74,0,0,0,0,48,63,0,0,0,0,0,0,106,46,0,0,0,0,2,3,0,0,0,0,63,0,0,0,0,0,0,0,0,0,0,6,0,77,0,280,0,461,0,0,0,0,0,0,0,145,0,332,0,0,1,0,0,4,0,0,0,0,0,0,0,0,0,0,56,0,0,0,2,0,0,24,0,0,0,17,240,0,0,0,0,8,0,0,0,0,192,0,138,0,8,0,0,0,0,3,3,0,0,265,0,0,0,0,0,0,30,0,0,0,0,130,0,16,0,0,2,0
7,0,0,0,0,0,0,0,0,0,0,0,0,0,94,0,17,13,0,0,0,7,0,27,0,290,0,0,6,13,137,0,0,3,0,0,1,299,0,0,0,7,0,0,0,0,0,0,0,0,0,0,0,18,0,0,0,18,0,0,36,0,3,0,0,0,129,0,27,334,1,0,0,0,0,192,0,0,0,1133,0,96,53,0,0,0,0,0,96,0,0,9,0,949,0,0,0,0,0,0,0,0,0,0,0,0,0,99,0,26,0,0,10,0,4,1,0,10,186,0,0,0,0,0,0,0,0,77,0,0,0,15,0,1,0,0,0,0,0,0,0,0,0,0,0,0,22,0,0,0,0,0,0,14,0,0,0,0,0,5,0,0,0,0,0,0,0,0,0,0,0,0,0,0,5,0,7,0,89,0,0,0,0,0,0,0,0,0,0,0,5,200,0,5,0,0,0,0,0,0,0,0,1246,0,912,71,0,0,0,4,0,1,0,2,6,0,0,11,77,0,0,0,0,0,0,0,0,0,15,0,0,0,0,494,0,0,0,0,0,0,0,0,0,0,2,71,0,0,0,0,0,0,0,19,0,0,0,0,0,0,0,0,0,0,0,0,0,0,0,447,0,0,31,0,1,0,0,0,0,1361,0,0,172,0,0,0,0,0,0,0,0,0,0,0,0,0,203,0,0,63,0
0,0,0,0,0,1,0,4,0,0,0,0,0,0,73,28,0,1,0,12,0,0,0,275,0,0,0,0,244,35,0,0,0,0,0,0,28,0,0,0,3,0,0,0,0,0,0,0,0,0,0,0,0,0,0,0,0,0,0,0,0,0,175,2,0,0,13,0,0,0,0,0,0,0,0,1330,7,0,0,0,0,0,15,0,0,0,0,0,13,0,0,41,5,0,0,34,0,0,163,2,0,17,0,0,0,0,0,13,0,111,0,0,0,0,14,0,0,0,0,0,0,0,0,1,0,0,0,0,0,0,0,1193,0,3,0,0,222,0,84,11,24,35,0,0,0,0,28,0,0,0,0,0,19,5,2,0,131,0,8,0,0,0,0,0,0,0,0,0,0,0,0,0,127,0,0,0,0,0,29,0,0,0,0,0,0,94,0,0,0,0,0,0,0,0,0,0,2,0,0,0,0,0,0,0,0,0,0,4,0,62,0,0,0,0,0,0,0,0,0,0,155,0,0,0,0,0,0,0,0,0,0,0,0,0,0,0,0,0,0,0,0,0,0,0,0,0,0,0,0,0,0,0,0,2,0,0,12,0,5,0,0,0,0,8,0,0,0,0,0,321,0,0,1645,16,0,0,0,0,0,0,0,0,0,0,2758,3,0,58,0,0,0,0,0,0,0,0,13,0,0,260,0
0,0,0,0,0,0,0,0,0,0,0,0,0,0,7,0,0,0,0,0,0,0,0,4,0,705,0,0,44,5,156,0,0,17,0,0,38,0,1,0,0,0,0,0,0,1,0,0,1,1,3,0,0,0,0,0,0,0,0,0,0,0,0,0,0,0,49,0,0,0,0,0,0,0,0,0,0,0,0,26,0,0,142,0,0,1,112,0,0,11,0,21,3465,0,0,114,0,0,0,0,0,12,0,0,4,0,0,588,0,0,0,0,0,68,0,0,0,0,75,0,0,0,0,1,101,2,0,0,0,0,5,0,0,4,0,0,17,0,0,0,2,0,0,0,0,0,0,0,0,1,0,0,0,0,73,0,0,0,0,89,0,0,0,0,0,0,1,0,0,0,7,0,11,0,0,0,0,0,0,0,0,0,0,0,0,0,0,139,0,4,0,15,0,0,0,0,0,0,0,0,0,0,0,1081,0,0,1,0,0,1,0,0,0,0,0,0,0,0,77,0,0,0,0,0,0,0,0,0,11,0,0,0,0,259,0,0,0,0,0,0,0,0,0,0,0,64,0,0,0,0,0,0,0,0,0,7,0,0,0,0,0,0,0,1,0,0,0,0,0,93,0,0,51,0,2,0,0,0,0,1791,0,0,315,0,0,0,10,0,0,16,0,0,0,0,27,0,2,0,0,53,0
0,0,0,0,0,0,0,0,0,0,0,0,0,0,24,0,0,0,0,0,0,0,0,0,0,2171,0,0,31,0,0,0,0,0,0,40,39,0,0,0,0,0,0,0,0,132,0,1,0,0,0,0,0,0,0,0,0,0,0,134,0,1,0,0,267,0,80,0,0,0,0,0,0,0,0,323,0,0,0,0,0,0,0,0,0,0,19,0,0,0,0,0,0,0,11,0,0,0,37,0,8,0,0,0,0,0,0,0,5,17,0,0,0,30,0,1,0,0,0,0,6,2,0,2,0,459,0,0,2,0,0,0,0,0,0,0,28,0,0,0,0,0,0,0,0,0,0,0,0,0,0,4,124,28,0,0,0,0,27,0,0,0,0,0,0,0,0,0,0,0,0,0,9,0,0,0,0,0,85,0,71,0,0,0,0,0,0,0,0,0,0,77,0,0,0,0,0,0,0,0,0,0,0,0,255,10,0,0,1,2,0,0,2,0,0,0,0,212,0,0,0,53,0,0,1,0,0,0,41,0,0,0,0,247,0,0,0,0,0,0,0,0,0,0,0,33,0,0,0,0,0,0,0,0,0,0,1,0,5,0,9,0,0,0,0,0,0,0,0,0,0,0,2581,0,1,0,0,0,0,2208,0,0,0,0,0,0,0,0,0,0,0,0,0,0,0,0,0,45,0,0,0
0,0,0,158,0,0,3,0,0,0,0,0,17,71,66,0,0,0,4,0,0,0,0,7,0,256,0,0,111,23,1,0,0,86,0,0,16,0,0,0,0,0,0,0,0,0,0,0,0,0,2,0,0,0,0,0,0,1,0,26,0,0,0,0,0,0,122,0,0,0,31,0,0,0,0,0,0,0,0,63,0,0,0,0,91,0,0,0,0,67,0,22,113,0,0,26,0,0,0,0,0,0,0,0,4,0,0,2235,0,0,0,0,0,11,0,1,0,0,0,24,0,0,0,81,418,0,0,0,0,0,0,138,0,1,0,0,560,0,0,0,89,0,0,0,0,0,0,0,0,0,19,0,0,183,0,0,0,0,0,34,0,0,0,0,0,0,0,0,0,0,7,0,0,0,0,0,0,0,51,0,0,0,0,0,70,0,0,0,0,0,0,96,4,12,0,0,0,0,0,0,0,0,0,0,0,0,0,0,0,0,0,0,0,0,0,0,35,0,2,0,0,0,0,0,0,0,0,0,71,0,0,0,0,31,0,0,0,0,0,0,0,0,0,0,0,0,0,0,0,0,0,0,0,0,0,0,19,0,1,0,4,0,0,0,10,0,0,0,0,0,0,0,300,0,2,0,0,0,10,3634,0,0,0,0,0,0,0,0,91,0,0,0,0,0,84,0,262,0,0,21,0
0,0,0,0,0,0,0,0,0,0,0,0,0,0,2,0,0,0,0,0,0,117,0,1,0,4,0,13,23,93,349,62,0,141,0,0,6,0,0,0,0,0,0,427,0,16,0,0,0,0,0,0,0,0,0,0,0,0,0,0,0,0,0,0,0,0,400,0,0,0,0,0,0,0,0,0,0,0,0,64,0,0,0,0,0,0,287,0,0,84,0,0,6,0,0,1,0,0,72,0,0,1,0,0,1,0,0,1708,0,0,0,0,0,104,0,0,0,0,0,0,0,0,5,15,12,0,0,0,0,0,81,1,0,0,0,0,45,0,0,0,34,0,0,0,0,0,0,0,0,0,0,0,0,0,119,0,0,0,0,182,0,0,0,0,0,0,0,0,0,0,0,0,1,0,0,0,0,0,988,0,0,0,0,0,0,0,0,0,0,0,0,294,1,0,0,0,0,0,0,0,0,0,0,0,3,0,0,0,1,1,0,0,0,0,0,0,0,0,220,0,0,0,0,0,0,0,0,0,28,0,0,0,0,262,0,0,0,0,0,0,0,0,0,0,0,0,0,0,0,0,0,0,0,0,81,64,0,0,0,0,0,0,0,0,0,0,0,0,712,2064,0,0,22,0,0,0,0,0,0,10,0,0,764,0,0,0,0,0,0,0,0,0,0,0,2,0,8,0,0,0,0
0,0,0,0,0,0,0,0,0,0,0,0,0,0,16,0,0,0,0,0,0,0,0,3,0,2522,0,0,0,0,152,0,0,0,0,0,7,136,0,0,0,1,0,114,0,0,0,0,0,0,0,0,0,0,0,0,0,0,0,0,0,0,0,0,0,0,0,0,0,0,0,0,0,0,0,0,0,0,0,0,0,0,0,0,0,0,1,0,0,0,0,14,0,0,0,0,0,0,0,0,0,0,0,0,0,0,0,1310,0,0,0,0,0,0,0,0,0,0,75,0,0,0,0,0,45,0,0,0,0,0,0,0,0,0,0,1,0,0,0,0,7,0,0,0,0,0,0,0,0,0,4,0,0,1,0,0,0,0,0,0,0,0,0,0,0,0,0,0,0,0,0,0,0,0,1,0,0,0,584,0,0,0,0,0,6,0,0,0,0,0,0,0,1,0,0,0,0,0,0,0,0,0,0,0,0,0,1,0,0,8,0,0,0,0,0,0,0,0,0,0,0,0,0,0,0,0,0,0,0,0,0,0,0,414,0,0,0,0,0,0,0,0,0,0,0,0,0,0,0,0,0,0,0,0,0,0,0,0,0,81,0,0,0,0,0,0,0,0,0,2232,0,0,12,0,0,0,0,0,0,2201,0,0,0,0,0,2,0,0,0,0,0,0,0,0,0,0,0,0,0,49,0
0,0,14,0,0,12,0,0,0,0,0,0,18,0,0,0,20,14,0,0,0,6,0,0,0,118,0,0,1,0,0,0,0,15,0,0,1,122,0,0,0,0,289,0,151,1,0,0,0,19,0,0,0,38,0,0,0,0,0,389,0,0,19,0,0,0,40,0,15,205,2,0,0,354,160,0,0,0,0,551,0,19,55,0,67,32,0,0,0,36,0,16,1,1511,6,1,46,0,7,0,4,1,0,1,4,0,44,106,147,9,0,0,0,870,0,0,0,14,104,0,0,0,0,0,3,34,1,82,0,208,201,55,0,1,0,0,0,0,0,0,0,0,0,0,1,0,23,0,0,0,0,2,102,0,0,0,0,0,0,2,0,0,0,0,0,0,0,0,0,0,1,0,0,0,0,0,0,8,41,0,0,0,0,0,26,0,0,0,0,16,0,360,0,0,0,0,0,0,1,0,0,0,0,0,0,189,6,0,2,1,0,0,0,0,9,0,0,0,130,0,0,0,0,0,0,9,0,5,85,7,232,1,0,1,0,0,0,0,0,29,0,0,0,0,6,0,0,0,1,0,0,7,0,0,0,11,3,0,89,10,0,0,0,5,0,0,0,0,0,16,0,59,234,0,0,0,0,1,1,1901,0,0,48,0,0,0,0,0,30,3,0,0,0,0,0,10,9,0,0,11,0
0,0,0,0,0,0,0,0,0,0,0,0,5,0,121,0,0,13,0,0,12,4,0,0,8,1035,0,0,0,0,0,0,13,44,0,10,1,0,0,0,0,0,0,34,16,358,0,0,21,13,0,0,0,0,0,0,0,17,0,0,15,10,0,0,0,3,223,0,32,0,1,0,0,3,0,0,0,0,0,1089,0,0,0,0,1,1415,1,1,33,105,0,0,1,783,28,0,0,0,23,0,1,0,0,18,3,0,19,1,22,45,0,0,0,7,0,0,0,18,30,0,0,0,0,13,48,0,0,0,0,21,0,1,0,0,0,0,65,0,0,0,0,0,0,0,0,0,0,0,0,0,1,4,24,0,0,0,0,0,0,71,0,0,0,0,0,1,0,0,0,0,0,0,1,0,0,0,0,7,0,0,0,0,0,0,0,0,0,0,3,0,0,90,1,0,153,0,0,0,0,0,0,0,0,0,0,74,0,0,1,102,0,0,0,2,1,0,51,0,266,1,8,0,0,0,0,36,0,0,23,0,100,5,0,1680,0,0,0,0,0,0,0,45,0,0,0,0,0,0,0,0,1,0,6,0,2,9,10,0,0,0,1,8,0,0,0,0,0,0,0,602,0,3,163,2,0,0,1,0,6,8,0,0,448,0,0,0,0,3,0,0,0,0,0,0,12,0,0,99,0,66,0
0,0,0,0,0,0,1,0,0,0,0,0,0,0,18,0,0,1,0,0,72,31,0,4,0,126,0,0,13,46,1256,233,0,86,0,0,57,280,0,0,0,0,0,25,0,118,0,4,0,0,0,0,0,0,0,0,0,0,0,81,0,7,0,0,0,0,85,0,0,0,34,0,0,59,0,0,0,0,0,284,0,0,63,0,470,0,0,0,0,106,0,28,19,0,0,2,0,0,26,0,0,0,0,0,17,0,0,1072,18,0,0,75,0,70,2,0,0,0,91,3,0,0,1,0,94,0,0,0,0,0,36,30,0,0,0,20,143,0,0,0,34,0,0,0,0,0,32,0,0,2,10,16,0,0,0,0,0,0,0,19,0,0,0,1053,0,0,0,0,0,0,24,0,1,0,0,0,0,0,33,0,0,0,0,0,35,0,0,0,0,0,4,108,0,0,0,0,8,0,0,0,0,0,0,682,0,26,0,0,0,7,0,0,0,14,14,0,177,0,0,0,0,40,0,0,0,1,0,0,70,0,144,0,0,19,0,0,0,0,0,0,1,40,0,0,0,0,0,0,0,0,14,0,0,0,0,8,20,0,48,13,0,0,0,6,21,0,0,0,0,22,0,102,28,0,0,0,0,0,3,1281,0,0,282,0,0,0,0,2,23,80,37,0,0,0,33,0,0,0,0,60,0
0,18,1,0,0,0,2,193,0,0,0,0,0,0,0,0,0,0,0,0,426,35,0,0,0,869,12,0,0,0,230,0,0,139,0,0,0,646,5,0,0,1,0,0,0,0,0,20,0,0,12,0,0,0,476,0,0,0,0,0,0,0,0,0,0,0,7,0,0,0,52,0,0,258,0,0,0,0,0,0,0,1,44,10,0,7,4,0,0,15,0,70,0,14,0,0,0,0,0,0,0,0,0,3,0,0,229,359,0,0,0,0,0,0,0,0,0,2,0,0,0,0,0,2,0,0,0,0,0,108,151,0,0,0,0,11,1,0,0,0,0,0,0,0,0,0,0,2,0,0,43,28,0,6,0,0,0,0,0,152,0,0,0,595,0,0,3,0,0,7,0,0,0,0,0,0,0,327,0,5,0,0,0,0,0,0,0,0,0,0,0,257,0,0,0,0,0,1,0,0,0,0,0,1,0,18,0,0,0,0,0,0,0,20,65,1,0,121,331,0,0,0,0,0,0,0,95,0,286,0,1245,2,2,114,0,0,1,0,0,0,0,0,80,41,0,12,0,0,0,0,0,2,67,1,23,0,0,9,70,115,0,0,0,3,0,0,0,0,0,0,0,134,156,0,0,0,0,4,0,0,1,1,645,0,0,0,0,0,0,85,0,5,11,0,8,6,0,282,2,78,0
0,0,0,0,0,0,0,0,0,0,0,0,0,339,0,0,1,0,0,0,120,84,0,0,0,8,0,0,23,11,0,0,0,85,0,0,0,222,0,0,0,0,0,0,0,1,0,0,0,0,0,0,0,0,54,0,0,0,20,496,0,0,0,0,0,0,47,0,0,0,0,0,0,0,0,0,0,0,0,65,0,0,0,0,0,8,0,0,0,0,1,91,0,0,0,0,0,0,10,0,0,3,0,0,7,0,0,95,0,0,0,0,0,146,0,25,0,0,238,2,0,0,0,2,130,156,0,0,0,0,12,6,0,0,0,0,87,0,0,0,1,0,0,0,0,0,15,2,0,0,1,0,0,0,1,0,0,0,0,112,0,0,0,0,0,0,0,0,0,0,4,0,0,0,0,0,0,0,0,3,0,0,0,0,2,0,0,0,0,0,0,90,1,10,0,0,0,0,0,0,0,0,0,12,0,29,0,0,1,0,0,0,0,0,0,0,98,0,0,0,0,0,0,0,0,0,0,0,0,0,332,0,0,446,0,0,0,0,0,22,0,0,0,0,1,0,0,0,0,0,0,0,0,0,0,2,2,0,14,0,4,0,0,2,0,0,0,0,102,2583,0,0,140,0,0,0,0,0,0,2116,0,0,489,0,0,0,0,0,25,115,0,0,0,0,110,0,1,0,1,518,0
0,0,0,0,0,11,0,0,0,0,0,0,6,0,34,0,0,15,0,0,90,5,0,0,0,13,0,0,122,0,50,0,1,0,0,0,299,163,0,0,0,0,0,0,0,0,0,0,31,21,0,0,0,0,0,0,0,65,0,159,32,0,0,0,0,0,35,0,9,41,0,0,0,0,0,1,0,0,0,623,0,0,1,0,0,19,1,0,0,1127,0,11,1,413,0,0,0,0,0,0,0,0,0,0,0,0,0,15,0,249,0,0,0,221,0,1,0,38,30,0,0,0,0,1,32,0,1,63,0,0,0,55,0,0,0,1,0,0,0,0,0,0,0,0,0,0,11,0,1,0,3,0,0,0,0,0,0,0,0,27,0,0,0,0,0,0,0,0,0,0,6,0,1,0,0,0,0,0,142,0,0,0,0,0,1,0,0,0,0,0,0,251,0,0,0,0,0,0,0,0,0,0,0,4,0,2,1,0,2,8,0,0,0,0,0,0,40,0,0,0,48,26,0,0,0,0,0,0,32,0,103,0,0,1490,0,0,0,0,0,3,0,0,0,0,3,0,0,0,0,0,0,0,0,0,39,3,1,0,0,0,0,0,0,9,0,0,0,0,0,6,0,0,67,0,0,0,0,0,12,2896,0,0,76,0,0,0,0,0,0,0,0,0,0,0,290,0,208,0,0,86,0
0,0,0,0,0,17,0,0,0,0,0,0,7,0,5,0,32,24,0,0,0,4,0,0,0,2162,9,5,6,34,0,183,0,16,0,0,0,0,0,0,0,0,0,0,0,43,0,45,0,30,0,0,0,24,38,0,0,17,0,0,69,0,0,0,0,8,526,0,0,187,1,0,0,5,0,0,0,4,0,126,1,0,4,16,0,0,2,0,0,63,0,0,1,1240,6,0,0,0,1,0,0,3,0,30,19,0,0,1,0,0,0,1,0,10,0,0,0,0,132,0,0,0,0,0,8,0,145,0,0,262,116,1,0,0,0,0,187,0,0,0,18,0,0,0,0,0,35,1,0,0,8,1,0,28,1,0,0,0,0,0,0,0,0,0,0,0,0,0,0,5,3,0,1,0,0,0,0,19,0,0,0,0,0,0,0,0,0,0,0,0,0,289,0,0,0,0,0,0,0,0,0,0,0,50,0,46,0,0,1,0,0,0,0,0,26,0,0,6,94,0,4,42,0,0,0,2,0,0,6,0,1,0,0,0,0,0,7,0,0,1,0,0,0,30,0,0,0,0,0,0,0,2,0,0,2,28,23,0,13,3,0,19,0,2,0,0,32,0,0,153,0,36,66,0,0,0,0,0,0,2186,0,0,475,0,0,0,0,0,0,76,0,0,0,0,1,0,4,0,0,278,2
0,0,0,0,0,1,108,15,0,0,0,0,0,75,61,0,0,1,0,0,3,25,0,303,1,1141,0,0,280,0,202,0,0,93,0,182,13,27,11,0,4,0,0,46,0,10,0,1,0,0,0,0,0,0,11,0,0,0,0,1,0,0,0,0,0,0,109,0,0,0,5,0,0,5,0,0,0,0,0,1,0,1,11,1,0,0,0,32,0,46,0,44,79,0,0,0,0,0,7,0,0,0,0,1,0,1,2,864,34,14,2,0,0,18,1,3,0,0,33,0,0,2,0,0,40,0,61,0,2,0,21,45,0,0,0,0,705,0,0,1,243,0,0,0,62,0,36,4,0,0,11,7,0,0,0,0,0,0,5,86,0,0,0,0,0,0,0,0,0,0,0,0,0,14,0,0,0,7,16,1,0,0,0,0,30,0,0,138,0,0,0,17,0,25,24,0,0,0,0,0,1,0,0,0,0,66,0,0,0,190,0,0,4,0,0,1,23,5,0,0,39,68,0,0,0,0,62,0,55,33,81,1,0,1169,0,0,1,0,0,0,0,2,0,0,0,0,0,0,0,0,2,2,0,0,0,0,0,0,2,5,1,0,0,0,0,0,0,0,0,20,1,11,902,3,27,0,0,0,15,1250,1,0,45,0,0,0,0,17,25,1,0,17,0,0,94,3,154,15,0,59,0
0,0,0,0,0,20,1,0,0,0,0,0,2,0,2,0,1,12,35,1,0,4,0,0,0,1801,5,1,6,1,0,6,0,0,0,0,0,30,1,0,0,0,27,0,0,20,0,0,0,0,1,0,0,0,1,0,0,0,0,161,68,0,0,1,0,0,1418,0,39,174,1,0,0,0,0,2,0,2,0,817,0,0,1,0,0,22,0,0,0,0,0,3,0,569,0,0,0,0,0,0,0,0,70,0,0,0,0,90,0,376,87,0,0,5,0,0,1,0,7,1,4,0,0,1,2,0,0,0,1,130,15,34,0,0,0,0,0,0,1,0,0,5,0,0,0,0,52,0,0,0,0,0,0,22,0,0,0,0,0,43,0,0,0,120,0,0,1,0,0,0,0,0,1,0,0,0,0,27,122,2,0,0,0,1,0,0,0,0,0,0,0,77,0,0,0,0,0,0,0,1,0,0,0,1361,0,103,2,0,2,0,1,0,0,0,28,0,0,0,0,0,13,0,0,0,0,0,72,0,23,0,125,0,0,0,8,0,2,0,0,4,0,0,0,0,70,0,0,0,0,0,0,0,0,0,0,5,41,0,0,3,0,0,1,5,1,0,0,0,0,9,1,0,1,1,0,0,0,0,0,904,0,15,31,0,534,1,0,0,0,12,0,0,0,0,0,0,14,0,1,62,0
0,0,0,0,0,0,0,0,0,0,0,0,4,0,50,0,0,21,0,0,7,8,6,0,0,20,0,0,5,0,0,0,0,11,0,0,11,511,0,0,0,0,0,0,0,42,146,0,0,39,0,0,0,11,0,0,0,43,0,0,119,0,8,0,0,54,2,0,0,3,0,0,0,2,1,2,0,7,0,670,0,0,0,0,3,0,0,0,198,89,0,4,1,2385,0,0,0,0,0,0,0,0,0,0,0,0,0,30,0,64,0,13,0,20,0,0,0,417,33,0,0,0,0,0,139,0,53,0,0,0,0,1,0,3,0,0,0,0,0,0,0,8,0,0,0,0,0,0,0,0,2,0,0,0,1,0,0,1,0,44,0,0,0,0,0,0,0,0,0,2,0,0,44,0,0,0,0,13,99,0,0,0,12,0,0,0,57,0,0,0,0,158,1,0,0,3,34,0,0,0,0,0,0,0,0,3,0,0,0,5,0,0,2,21,18,0,85,0,68,0,54,0,0,0,1,0,0,0,0,0,24,0,0,23,0,0,0,0,0,0,0,0,0,0,0,0,0,0,0,0,77,0,7,1,0,7,1,0,0,0,0,0,0,0,0,0,0,0,0,197,21,32,47,3,0,0,0,0,1,3172,0,12,247,0,0,0,0,0,4,0,0,0,0,0,0,0,0,0,0,138,0
0,0,0,0,0,0,0,0,0,0,0,0,23,10,78,0,0,0,0,0,0,0,0,86,0,32,0,27,4,0,0,0,0,6,0,0,1,0,0,0,0,0,0,0,0,0,0,0,5,0,0,0,0,42,0,0,0,37,0,0,0,0,11,0,0,186,0,0,4,202,0,0,0,32,0,1,0,0,0,2143,0,0,0,0,0,60,0,0,163,0,0,0,1,2604,0,0,0,0,0,0,0,14,0,0,82,0,0,4,0,0,0,0,0,0,0,0,0,21,92,0,0,0,0,0,64,0,0,0,0,0,0,0,0,2,0,0,0,0,0,0,0,0,0,0,0,0,0,0,0,3,0,0,2,5,287,0,0,0,0,0,0,0,0,0,0,0,0,0,0,0,0,21,0,0,0,0,0,0,185,0,0,0,0,0,0,0,0,0,0,0,0,0,1,0,0,0,0,0,0,0,0,0,0,0,0,14,0,0,1,25,0,0,0,0,0,0,0,0,499,0,0,0,0,0,0,0,0,0,0,0,0,0,0,273,0,0,0,0,0,46,0,0,0,0,0,0,29,0,0,0,0,0,0,0,0,0,0,0,0,0,0,0,0,0,0,0,0,0,0,2,0,0,223,0,0,0,0,1,2,1649,0,0,442,0,0,1,0,0,5,0,0,0,0,0,52,0,0,0,0,203,0
0,0,0,0,0,0,0,0,0,0,0,0,0,152,24,0,0,3,0,4,1,43,0,4,0,737,0,0,46,9,0,0,0,30,0,0,5,53,0,0,1,0,0,10,0,42,0,0,1,0,57,17,0,0,0,0,0,10,0,1,0,4,0,0,0,1,155,1,1,0,0,0,0,0,32,0,0,0,0,14,0,0,0,0,0,30,41,0,0,25,0,383,2,0,0,0,0,0,25,0,1,0,0,0,0,0,71,59,0,0,0,0,0,17,0,0,0,1,34,0,0,2,26,3,100,3,0,13,0,0,17,23,1,3,0,1,102,1,0,0,12,0,0,0,0,0,12,0,0,2,0,0,0,0,0,0,0,0,0,141,0,0,0,157,56,0,0,0,0,0,11,0,17,0,0,0,0,0,95,6,0,0,0,0,0,0,0,0,0,1,0,26,1,0,0,0,0,0,0,0,0,0,0,0,0,6,0,0,0,127,33,0,4,0,7,0,18,0,14,0,0,0,0,0,0,0,0,0,19,3,99,0,0,2464,0,0,0,0,0,59,0,0,0,0,7,22,0,4,0,0,0,0,16,0,5,1,13,0,0,0,3,0,0,2,0,0,0,0,0,57,0,0,550,0,5,0,3,2,2,3175,0,0,136,0,0,0,0,3,20,27,0,0,0,0,0,0,3,13,1,99,0
0,0,0,0,0,0,0,110,0,0,0,0,0,0,0,0,0,0,0,0,59,1,5,0,0,1327,0,0,1,12,160,0,0,0,0,0,0,1,0,0,0,0,0,11,0,59,0,0,3,0,0,0,0,0,7,0,0,0,0,407,0,14,0,0,0,0,169,0,0,0,8,0,0,63,0,0,0,0,0,88,0,0,0,0,0,0,128,0,0,3,0,0,0,0,0,0,0,0,0,0,0,1,0,0,0,0,0,2553,0,0,0,0,0,75,0,0,0,0,136,0,0,0,0,1,0,0,0,0,0,0,1,271,0,0,0,0,2,0,0,0,0,0,0,0,0,0,2,1,0,0,3,0,0,0,1,0,0,0,0,49,0,0,0,179,0,0,0,0,0,0,4,0,0,0,0,0,0,182,50,0,0,0,0,3,0,0,0,0,0,0,0,22,1,0,0,0,44,0,0,0,0,0,0,2,0,9,0,0,2,0,0,0,0,0,0,0,69,5,0,22,88,0,0,0,0,0,0,0,36,0,154,0,0,1,0,0,0,0,0,0,0,0,0,0,3,0,0,0,0,0,0,0,0,0,0,1,0,0,1,7,0,0,0,2,0,0,0,0,4,46,0,0,16,0,0,0,0,0,0,3006,0,0,3,0,0,0,0,0,294,0,0,0,0,0,0,0,5,0,0,10,0
0,0,0,0,0,0,0,7,0,0,0,0,0,0,0,0,0,0,0,0,0,151,0,0,0,650,0,0,0,0,0,0,0,0,0,0,2,0,3,0,0,0,0,0,0,0,0,0,0,0,0,0,0,0,0,0,7,0,0,0,0,0,0,0,0,0,0,0,0,0,49,0,0,14,0,0,0,0,0,0,0,0,0,0,0,0,33,0,0,281,0,16,0,0,0,0,0,0,72,0,0,0,0,0,0,0,0,192,0,0,0,0,0,14,0,0,0,0,1019,0,0,0,0,1,0,0,0,0,0,0,0,0,0,0,0,0,5,0,0,0,54,0,0,0,0,0,0,0,0,0,128,0,0,0,0,0,0,0,0,0,0,0,0,801,0,0,0,0,0,0,0,0,0,0,0,0,0,0,0,0,0,0,0,0,0,0,0,0,0,0,0,0,0,0,0,0,0,0,0,0,0,0,0,0,182,0,0,0,1,0,0,0,0,0,47,0,41,0,0,0,0,0,0,0,0,32,0,0,52,0,203,0,0,650,0,0,0,0,0,0,0,2,0,0,0,6,0,0,0,0,0,0,0,0,0,0,0,0,0,167,0,0,0,0,0,0,0,0,0,18,0,0,4500,0,5,0,0,0,0,542,0,0,0,0,0,0,0,0,0,0,0,0,0,0,34,0,15,0,0,0,0
0,0,4,0,0,29,0,0,0,0,12,0,3,0,129,0,4,85,0,0,0,2,0,0,0,179,6,0,1,1,193,0,0,3,0,0,10,83,0,0,0,0,0,0,0,0,0,50,0,0,29,0,0,38,16,3,0,17,0,0,55,0,37,0,0,0,18,0,5,9,3,0,10,0,1,1,1,0,0,761,0,35,1,0,0,14,0,0,0,90,0,1,0,1525,0,0,39,0,11,0,0,0,43,43,0,19,0,1,0,62,0,0,0,28,0,0,0,13,1,0,0,0,1,0,15,0,135,529,0,34,444,0,0,0,76,0,0,0,0,0,0,0,0,1,150,0,32,1,0,0,6,0,0,0,1,0,22,0,0,24,0,0,0,0,0,1,0,0,0,11,23,0,1,0,14,0,0,42,0,1,0,0,0,0,1,0,0,0,0,0,0,81,0,0,0,0,0,2,0,0,0,0,0,1500,0,2,1,0,0,2,0,0,0,7,2,1,0,149,88,0,1,37,0,0,0,0,0,0,0,0,0,0,0,150,0,0,1,0,0,1,0,0,0,0,0,0,0,0,0,0,0,2,23,0,11,4,1,1,5,2,0,0,0,10,0,0,0,0,0,1087,0,107,42,0,0,0,0,0,5,1100,0,0,89,0,0,0,0,0,0,85,0,1,0,0,34,0,74,0,0,7,0
0,43,0,0,0,0,2,0,0,0,0,0,0,2,233,0,0,0,3,0,0,120,0,22,0,0,0,0,0,0,0,0,0,448,0,0,0,0,0,0,0,0,0,0,0,0,0,0,0,0,0,0,0,0,0,4,0,63,3,0,0,0,0,0,0,0,0,0,86,193,0,2,27,0,0,602,0,0,0,126,0,0,0,0,0,0,0,0,0,0,0,316,0,0,0,0,0,0,0,0,0,0,9,0,0,0,0,0,0,0,0,5,0,0,0,0,0,0,0,0,0,0,0,0,0,0,0,81,0,0,0,0,0,0,0,0,0,0,0,0,180,0,0,0,14,68,0,0,0,0,0,0,0,0,0,0,0,0,0,0,0,0,0,0,0,0,0,0,0,0,0,0,0,0,0,0,0,0,0,4,0,0,0,0,0,0,0,0,0,0,0,0,0,0,0,0,0,0,0,0,0,0,0,0,0,103,0,0,0,0,0,0,0,0,0,0,0,0,0,0,388,0,0,0,0,0,0,0,0,0,0,0,0,0,0,0,0,0,0,67,0,0,0,0,0,0,0,0,0,0,0,0,0,0,0,0,0,70,0,0,0,0,0,0,0,6,0,0,27,6667,0,0,0,0,0,0,0,0,0,0,0,2,0,0,0,0,0,0,0,0,0,8,5,0,0,0,0,0,0,0,0
0,0,0,0,0,0,0,0,0,0,0,0,0,0,89,0,0,0,0,0,0,32,0,48,0,2520,0,0,27,6,0,0,0,263,0,0,39,0,0,0,0,0,0,0,0,158,0,0,0,0,0,0,0,0,0,0,0,0,0,1,0,0,0,0,0,0,1,0,0,0,4,0,0,0,0,0,0,0,0,1,0,0,0,0,0,0,0,0,0,656,0,30,267,0,0,6,0,0,0,0,0,1,0,0,0,0,0,143,0,0,12,0,0,0,0,0,0,0,25,0,0,0,0,0,960,0,0,0,0,0,0,5,0,5,0,0,174,0,0,0,0,0,0,0,0,0,0,0,0,1,13,0,0,0,0,0,0,0,0,80,0,0,0,0,0,0,0,0,0,0,1,0,0,0,0,0,0,0,0,0,0,0,0,0,0,0,0,0,0,0,0,57,2,0,0,0,0,0,0,0,0,0,0,0,0,0,0,0,42,0,0,0,0,0,13,0,0,0,0,0,0,0,0,0,0,0,0,0,193,0,0,0,0,1118,0,0,1,0,0,0,0,0,0,0,0,3,0,0,0,0,0,0,0,0,0,4,0,0,0,2,0,0,0,1,0,0,0,0,0,3,0,6,0,0,0,0,0,0,0,2563,0,0,110,0,0,0,0,0,0,0,0,0,0,0,110,0,2,0,0,204,0
0,0,0,0,0,0,0,0,0,0,0,0,0,181,2,0,0,3,0,0,62,105,0,0,0,580,0,0,19,0,0,0,0,50,0,0,7,0,0,0,0,0,0,120,0,0,0,0,0,0,0,0,0,0,0,0,0,1,0,156,0,0,0,0,108,0,11,9,0,0,46,0,0,4,0,0,0,0,0,121,0,0,0,0,33,0,0,0,0,85,1787,0,0,0,0,2,0,0,36,0,0,0,0,0,0,0,96,1118,1,7,0,0,0,25,0,3,0,1,371,0,0,0,0,0,0,49,0,0,0,12,32,75,5,0,0,0,174,0,0,0,3,0,0,0,0,0,7,0,0,0,14,0,0,0,1,0,0,0,0,89,0,0,0,558,0,0,0,0,0,0,15,1,0,0,0,0,0,107,283,0,0,0,0,0,0,0,0,0,0,0,0,0,3,0,0,0,0,0,0,0,0,0,0,241,0,2,1,0,1,7,0,0,11,0,0,0,41,54,175,2,0,0,0,0,1,0,0,0,68,0,70,0,0,296,0,0,0,0,0,0,0,0,248,17,0,0,0,0,0,0,126,4,0,0,18,5,1,0,0,0,18,10,0,0,0,0,0,82,20,35,0,0,143,0,0,0,0,0,5,1407,0,0,155,0,0,9,0,1,118,0,0,0,0,0,25,0,1,0,0,0,6
0,0,0,0,0,0,16,37,0,0,0,0,0,0,1,0,0,0,0,0,66,22,6,8,0,1949,0,0,27,5,0,0,0,9,0,0,0,0,0,0,0,0,0,117,0,108,0,0,0,0,0,0,0,0,0,0,0,0,0,0,0,0,1,0,228,0,727,0,0,130,0,0,0,0,0,0,0,0,0,37,0,0,0,0,81,0,3,0,0,41,0,10,226,0,0,2,0,0,0,0,0,0,0,0,0,0,25,2395,0,0,0,0,0,1,2,0,0,0,12,2,0,0,0,41,32,0,0,0,0,0,0,388,0,0,0,0,24,0,1,0,25,1,0,0,0,0,0,0,0,1,6,19,0,0,1,0,0,0,0,114,0,0,0,0,0,1,0,0,0,0,0,0,0,0,0,0,0,52,194,0,0,0,0,0,6,0,0,0,0,0,0,32,1,0,0,0,0,2,0,0,0,0,0,0,0,0,0,0,0,0,0,0,0,0,8,0,0,0,0,0,67,0,0,0,0,7,0,0,0,0,122,0,0,296,0,0,0,0,0,2,0,0,0,0,0,0,0,0,0,0,0,5,0,0,0,0,0,0,0,17,0,31,0,0,0,0,0,0,0,78,0,0,0,0,0,0,0,0,0,1945,0,0,0,0,0,0,0,0,0,0,0,0,0,0,72,0,0,0,0,120,0
0,0,0,0,0,0,1,0,0,0,0,0,1,0,22,0,0,0,0,0,62,18,0,1,0,61,0,0,6,0,0,0,0,115,0,0,73,97,0,0,0,0,0,33,0,269,0,0,0,0,0,0,0,0,0,0,0,1,0,0,0,32,0,0,0,60,5,0,21,0,5,0,0,0,737,0,0,0,0,30,0,0,41,0,81,2,1,0,0,0,750,0,4,0,0,19,0,0,53,0,0,0,0,0,0,0,202,729,0,0,0,0,0,42,0,0,0,0,159,0,0,0,0,0,37,0,0,0,0,0,85,95,0,0,0,3,16,0,0,0,6,0,0,0,0,0,20,0,0,0,1,0,0,0,0,0,0,0,0,74,0,0,0,733,0,0,0,28,0,0,2,0,0,0,0,0,0,152,315,0,0,0,0,0,0,0,0,0,117,0,0,65,1,0,0,11,0,0,0,0,0,0,0,0,0,11,0,0,0,1,0,0,0,0,0,0,46,0,4,0,28,0,0,0,0,2,0,0,78,0,101,0,0,106,0,0,0,0,2,2,0,0,0,0,1,0,0,1,0,0,167,2,13,0,74,12,8,0,0,0,0,20,0,0,0,0,0,20,0,91,0,0,298,0,0,0,0,0,3,3005,0,0,283,0,0,0,0,1,10,0,0,0,0,0,37,0,1,0,0,77,3
0,0,6,0,86,10,0,12,0,0,0,0,2,15,42,0,0,66,0,9,0,2,0,10,0,1,20,0,13,3,18,0,0,2,0,0,4,66,1,0,0,0,0,0,0,31,0,51,0,17,0,0,0,10,23,0,0,22,0,4,59,0,3,1,2,11,42,26,0,193,13,0,0,13,0,55,0,0,0,1213,0,0,5,0,0,38,2,0,106,23,0,2,1,971,7,1,1,0,14,0,2,0,0,12,0,0,0,5,37,61,0,0,0,9,16,0,0,27,56,0,0,10,11,0,1,3,89,410,0,53,0,82,0,1,0,0,221,0,0,1,70,3,0,2,235,0,90,0,0,1,2,11,0,0,0,0,0,0,44,7,0,0,0,1472,0,1,0,0,0,0,2,0,5,0,0,0,0,64,335,0,0,0,0,0,10,0,0,0,0,1,0,10,0,0,0,0,0,0,0,0,0,0,0,0,0,5,18,1,0,9,1,0,54,2,0,0,108,0,41,0,449,13,0,0,0,0,19,0,41,0,66,1,0,114,9,0,0,0,1,602,1,0,0,0,0,49,0,1,0,0,0,5,0,0,36,4,26,0,3,14,1,0,4,15,0,0,0,0,0,6,0,30,52,0,1,0,0,2,3,1221,0,0,6,0,0,0,0,2,88,28,0,0,0,0,0,0,6,0,0,26,0
32,0,0,7,0,0,0,0,0,0,0,0,0,0,37,0,0,0,0,0,0,0,0,16,0,3425,0,0,0,0,0,0,0,0,0,0,0,0,0,0,0,0,0,0,0,0,0,0,0,0,0,0,0,0,0,0,0,0,0,0,0,0,0,0,0,0,590,0,0,0,0,0,0,0,0,0,0,0,0,0,0,0,0,0,0,0,28,0,0,0,0,0,3,0,0,32,0,0,0,0,0,23,0,0,0,0,0,1013,0,0,0,0,1,0,0,0,0,0,0,0,9,0,0,0,0,0,0,0,0,0,0,0,0,0,0,1,170,0,0,0,0,0,0,0,0,0,0,0,0,0,0,0,0,0,0,0,0,0,0,0,0,0,0,0,0,0,0,10,0,0,0,0,0,0,0,0,0,0,0,0,0,0,0,0,0,1,0,0,0,0,0,0,0,0,0,0,0,0,0,0,0,3,0,3,0,0,0,0,9,0,0,0,0,0,0,0,0,0,0,0,0,0,0,0,2,0,0,0,0,0,0,0,0,0,0,0,0,0,0,0,0,0,232,0,2,41,0,1,0,0,0,0,0,0,0,0,0,0,0,0,0,0,0,0,6,0,0,0,0,22,0,0,105,0,0,0,0,0,0,3975,0,0,192,0,0,1,0,0,0,0,0,0,0,0,0,0,7,0,0,0,0
0,1,2,0,0,10,1,0,1,0,0,0,2,0,30,0,1,19,89,0,0,0,0,9,0,282,0,0,0,1,10,0,0,6,0,0,0,0,0,0,0,0,0,0,0,0,0,15,0,13,0,0,0,13,16,0,0,0,0,0,44,0,4,0,0,198,15,0,28,6,0,0,0,69,0,2,0,10,0,1269,1,0,0,0,0,110,1,0,0,46,0,1,0,396,0,0,0,0,0,0,0,0,0,1,15,0,11,1385,0,0,0,0,0,24,0,1,8,56,0,1,0,0,0,0,2,0,0,0,1,158,0,29,0,0,0,0,0,0,0,0,0,0,0,0,23,0,17,0,0,0,1,14,0,0,1,0,0,0,0,17,0,0,0,0,58,0,0,0,0,7,3,0,0,0,0,0,0,31,0,0,0,5,0,0,0,0,0,0,0,0,0,0,0,6,0,0,0,0,0,0,0,0,0,164,0,12,1,3,0,1,0,0,0,0,0,7,0,97,181,0,35,24,0,15,0,0,0,1,71,1,0,3,0,393,0,1,2,0,0,630,0,0,0,0,0,26,0,0,0,1,0,0,23,1,101,13,13,1,35,6,0,0,0,0,0,0,0,0,3,518,0,0,81,1,0,0,0,8,0,2795,0,0,5,0,0,0,0,0,0,7,0,1,1,0,9,0,7,0,0,113,1
0,0,2,0,0,20,0,0,0,0,0,0,24,219,0,1,0,0,0,1,0,4,0,63,0,361,0,0,89,11,1,0,0,17,0,0,1,1,0,2,0,0,0,0,0,0,0,0,0,19,0,0,0,15,0,0,0,21,1,0,16,0,3,0,0,200,17,0,0,222,0,0,0,69,0,224,0,10,0,54,0,0,1,0,0,49,1,0,34,0,1496,3,0,1318,0,0,3,0,2,0,6,6,0,0,0,0,0,1,39,43,0,0,0,0,0,1,0,12,14,11,0,0,1,1,0,0,1,90,0,0,0,1,0,0,0,0,147,0,0,0,2,0,3,0,0,0,1,0,1,0,0,0,0,0,1,0,19,0,0,0,0,0,0,3,0,0,0,0,0,0,2,0,0,0,0,0,0,28,77,0,0,0,0,0,1,0,0,0,0,0,0,101,0,15,0,0,0,0,0,0,0,0,0,0,0,5,0,1,0,15,0,0,0,0,2,0,20,0,5,0,32,0,0,0,7,0,0,0,0,5,0,1,0,479,0,0,0,0,0,3,0,0,0,0,1,0,0,0,0,0,0,0,15,1,1,3,1,0,1,0,0,0,0,1,0,0,0,0,146,93,0,0,570,0,0,1,3,0,1,1991,0,1300,11,0,0,0,0,0,4,6,0,0,0,1,5,0,6,0,0,52,0
0,0,0,0,0,0,1,61,0,0,0,0,0,185,0,0,0,0,0,0,64,5,0,2,13,3,11,0,1,0,330,0,0,0,0,0,1,107,6,0,0,0,153,83,0,4,0,0,0,0,0,0,0,0,142,0,0,0,0,219,0,118,0,0,0,2,8,0,0,0,731,0,24,53,0,0,0,0,0,88,0,0,0,0,215,0,0,0,0,9,0,0,0,65,0,0,0,0,28,0,0,0,0,0,9,0,179,284,0,10,0,0,0,145,0,0,0,0,0,11,6,0,0,2,27,0,0,0,0,121,38,1,0,0,0,0,0,0,0,0,0,0,0,0,0,0,0,0,0,14,2,40,0,1,0,0,0,0,13,171,0,0,0,352,0,0,2,0,0,0,13,0,0,0,0,0,0,210,102,0,0,0,0,0,0,0,0,0,0,0,0,18,0,0,23,0,0,4,0,0,0,0,0,259,0,2,0,0,5,0,0,0,0,0,0,0,32,170,47,8,1,39,0,0,0,0,0,0,301,7,18,0,0,26,0,0,0,0,0,0,0,0,0,0,0,0,0,1,0,0,81,0,0,0,32,0,0,0,0,23,0,0,1,3,0,0,0,0,27,0,0,0,11,0,0,0,0,0,1,3972,0,0,293,0,0,0,0,0,14,54,0,0,0,0,15,0,0,0,0,28,0
0,0,0,0,0,26,0,0,0,0,0,2,0,0,29,0,1,48,17,0,299,4,0,0,7,187,0,0,0,0,0,0,0,0,0,0,0,59,0,0,0,0,0,0,0,71,0,41,0,0,0,0,0,13,14,4,0,10,0,101,55,0,8,1,0,45,63,0,1,76,2,0,0,18,0,0,0,0,1,878,0,0,0,10,0,0,0,0,0,18,0,1,0,1019,39,0,0,0,1,0,0,0,0,1,56,0,89,97,0,31,0,0,0,55,0,0,8,12,104,1,0,14,0,1,1,70,0,455,4,118,0,46,0,0,0,0,0,0,0,0,0,0,1,0,129,1,9,1,0,0,13,0,0,5,1,0,0,1,0,0,0,0,0,3413,0,0,0,0,0,24,0,0,3,0,0,0,0,0,46,0,79,0,0,0,1,0,0,0,0,0,0,32,1,0,0,0,0,0,0,0,0,0,0,0,0,75,4,0,0,0,88,1,48,0,1,0,34,14,0,3,73,35,0,0,0,0,0,0,0,2,144,0,0,50,0,0,0,1,0,0,0,0,0,0,0,16,0,0,0,0,0,5,8,0,6,6,0,0,4,1,0,0,0,1,0,4,0,0,9,6,0,15,64,0,0,0,0,0,1,1100,0,0,41,0,0,0,0,1,0,1,0,0,0,0,1,0,0,0,0,56,0
0,1,0,5,0,14,0,0,0,0,0,0,7,0,17,0,6,17,32,0,0,3,0,0,0,52,2,0,20,3,1,0,0,5,0,0,1,17,1,0,0,0,44,10,0,1460,0,19,0,25,1,0,0,19,29,0,0,0,0,1,78,0,5,1,0,0,47,0,253,80,1,0,2,8,498,20,1,9,0,557,1,0,5,0,1,0,0,0,58,45,0,1,1,1610,0,1,0,0,6,0,0,25,0,17,7,0,0,1,0,321,0,1,0,10,0,0,0,0,26,3,0,0,0,2,6,0,124,62,1,194,307,100,0,0,0,0,0,2,0,0,0,0,0,0,0,0,28,0,1,0,5,17,0,0,1,0,0,0,0,15,0,4,1,82,0,0,1,0,2,0,3,0,0,0,0,5,1,1,8,1,0,0,4,0,46,0,0,0,0,0,0,86,2,7,0,0,0,1,0,153,0,0,0,1,403,13,0,38,1,11,0,0,0,0,1,0,65,1,0,5,12,5,0,1,0,0,0,363,1,0,1,0,0,346,0,0,1,8,0,1,0,0,0,0,6,10,0,0,0,0,0,1,5,0,2,5,34,0,1,3,0,0,4,3,2,0,0,0,12,238,1,1,235,0,0,0,0,0,3,1254,0,0,17,0,1,0,0,0,9,36,0,0,0,7,1,0,12,0,1,51,2
0,0,0,13,0,24,0,1,0,2,0,0,19,0,0,12,0,154,0,0,0,1,0,281,20,464,0,0,0,7,1,0,0,0,0,0,1,14,0,0,0,0,0,0,0,3,0,99,0,0,1,0,199,0,7,0,0,0,0,0,93,0,0,4,0,11,91,0,16,0,0,0,9,1,1,5,0,0,0,252,0,0,116,0,0,92,0,1,250,53,0,0,0,2473,0,0,0,0,0,0,0,0,0,2,0,0,0,90,0,57,0,0,0,0,0,0,0,90,0,0,0,0,0,0,1,0,0,0,0,29,0,12,0,0,0,0,0,5,0,0,0,0,0,0,0,0,0,0,2,0,1,0,0,10,1,0,0,5,0,109,2,0,4,1,0,0,1,0,0,0,5,0,15,0,0,1,0,3,0,0,0,0,4,32,4,0,0,0,0,0,0,20,0,0,0,0,121,0,0,0,0,0,0,68,0,9,9,0,3,0,0,0,0,0,1,0,0,0,895,0,50,0,0,0,0,0,0,0,7,0,102,0,0,1144,0,0,2,0,1,0,0,0,0,0,9,0,0,0,0,24,1,2,0,0,20,16,3,0,1,81,0,0,0,4,2,0,0,0,3,241,0,37,145,0,0,0,0,3,5,1430,0,0,23,0,0,87,1,0,0,4,0,0,18,0,96,0,37,0,0,2,0
0,0,0,0,0,0,0,0,0,0,0,0,0,0,3,0,0,0,0,0,0,38,0,0,0,773,0,0,0,3,0,0,0,3,0,0,0,64,0,0,0,0,0,24,0,24,0,42,0,0,0,0,0,0,17,0,0,15,0,91,40,0,0,0,0,146,34,0,2,122,0,0,0,179,86,0,0,0,0,779,0,0,0,2,213,32,0,0,0,0,7,0,0,836,0,0,0,0,2,0,0,0,0,0,0,57,109,1,131,22,0,0,53,73,0,0,0,0,158,0,0,0,0,0,3,5,18,0,2,160,158,218,3,0,0,2,0,0,0,0,0,0,0,0,0,0,74,0,0,0,0,0,0,0,0,0,0,0,0,40,0,0,0,1055,0,0,0,0,0,0,0,0,0,0,0,0,0,95,267,0,0,0,0,0,35,0,0,0,0,0,0,90,0,0,0,0,0,0,0,0,0,0,0,0,0,0,0,0,1,0,0,0,35,0,0,0,0,101,0,0,0,0,0,0,0,0,0,0,66,0,507,1,0,0,0,0,0,0,1,0,0,0,165,0,0,0,0,0,0,0,6,0,24,0,36,0,0,0,48,3,0,0,0,24,0,0,0,22,0,2,0,0,52,0,0,0,0,0,0,2054,0,0,181,0,0,0,0,0,95,49,0,0,0,0,0,0,4,48,0,70,0
0,0,0,0,0,0,0,1,0,0,0,0,0,29,0,0,0,0,0,0,21,92,0,7,0,2025,1,0,76,0,0,0,0,165,0,0,0,12,0,0,0,0,0,41,0,47,0,0,13,0,0,9,0,0,0,0,0,0,2,64,0,5,0,0,4,0,39,0,0,3,11,0,0,1,0,0,0,0,1,6,0,0,0,0,25,0,2,0,0,28,1,116,0,0,0,0,0,0,2,0,5,0,0,0,0,0,0,1717,30,28,0,0,0,94,0,0,0,1,100,0,0,2,0,0,152,249,0,0,0,0,0,1,0,2,0,0,231,0,0,0,0,0,0,0,7,0,0,0,0,1,0,0,5,0,1,0,0,0,0,4,0,0,0,3,0,0,0,0,0,0,1,0,1,0,0,4,0,0,93,0,7,0,0,0,0,0,13,0,0,0,0,62,2,31,0,0,0,0,0,0,0,0,1719,2,0,0,0,0,0,15,0,0,17,0,2,0,62,17,0,4,0,0,0,0,0,0,0,0,0,7,13,0,0,1,0,0,0,0,0,0,0,0,0,1,0,26,0,0,0,0,0,1,17,0,0,0,14,0,0,0,1,0,0,1,0,0,0,0,0,1111,0,0,84,0,0,0,0,0,1,921,0,0,200,0,0,0,0,0,3,15,0,0,0,0,17,0,36,0,0,0,0
0,0,0,0,0,1,1,0,0,0,0,0,0,0,39,0,50,0,0,0,0,0,0,0,0,1753,0,0,19,0,1,0,0,0,0,0,0,0,0,0,2,0,0,0,0,0,0,0,0,0,0,0,0,0,0,0,0,0,0,0,0,0,0,0,0,0,21,0,0,0,0,0,0,0,0,0,0,0,0,0,0,0,0,0,0,0,0,0,0,126,0,0,22,0,0,15,0,0,0,0,0,110,0,0,0,0,0,347,0,0,0,0,0,95,0,0,0,1,0,1,0,0,0,1,436,0,0,0,0,0,0,0,0,0,0,1,2,0,0,0,24,0,0,0,0,0,0,0,0,0,0,0,0,0,1,0,0,0,0,0,0,0,0,0,0,0,0,0,0,0,0,1,704,0,0,0,0,0,0,0,0,0,0,0,0,1,0,0,0,0,0,63,5,0,0,0,0,0,0,0,0,0,0,0,0,0,0,9,1,0,0,0,0,0,0,0,0,0,108,0,0,0,0,0,0,0,0,379,0,0,0,0,0,774,0,0,0,0,0,6,0,0,0,0,1,0,0,0,0,0,0,0,0,0,0,0,0,0,0,0,0,0,0,0,0,0,0,0,0,217,0,0,1369,803,0,0,0,0,0,2368,0,0,105,0,0,0,0,0,0,0,0,0,0,0,0,0,21,0,0,0,0
0,0,0,0,0,0,0,0,0,0,0,0,0,0,0,0,7,0,0,0,7,5,0,0,0,5049,0,0,0,85,1,0,0,0,0,0,0,0,0,0,0,0,0,0,0,483,0,0,0,0,0,0,0,2,0,0,0,0,1,37,0,0,0,0,0,0,200,0,0,42,0,0,0,0,0,0,0,0,0,14,0,0,0,0,0,0,0,0,0,30,0,0,0,0,0,0,10,0,12,0,0,11,0,0,0,0,0,211,0,0,0,0,0,61,0,0,0,0,60,0,0,0,0,1,32,2,0,13,0,0,3,111,0,0,0,0,0,3,0,0,0,0,0,0,0,0,0,0,0,1,2,0,0,0,0,0,0,0,0,0,0,0,0,0,0,0,0,0,0,0,2,0,0,0,0,0,0,0,40,0,0,0,0,0,0,0,0,13,0,0,0,48,0,21,0,0,0,0,0,0,0,0,0,0,0,0,0,0,2,3,0,0,1,0,0,0,0,0,0,0,3,0,0,0,0,0,0,0,5,0,15,0,0,89,0,0,0,0,0,0,0,0,0,0,3,2,0,0,0,0,0,0,0,0,0,0,0,0,0,0,0,0,0,0,0,0,0,0,0,0,0,1,500,0,0,0,0,0,0,2697,0,0,14,0,0,0,0,0,0,7,0,0,0,0,0,0,15,0,0,24,0
0,0,0,0,0,0,130,13,0,0,0,0,0,0,0,1,4,18,0,0,0,6,0,0,20,223,0,0,0,1,41,0,0,22,0,0,0,63,0,0,0,0,0,0,0,20,0,24,0,0,0,0,0,0,15,0,0,67,0,29,16,0,121,73,0,46,4,0,51,159,5,2,0,73,4,62,0,0,0,466,0,0,0,0,0,36,0,0,0,241,93,0,0,705,0,0,0,0,0,0,0,0,0,23,0,0,43,62,0,64,0,0,0,8,0,0,1,0,5,6,0,0,0,0,187,0,1,0,1,168,0,316,0,0,76,0,0,0,0,0,1,0,0,0,0,0,2,1,0,0,14,0,0,1,1,0,0,0,36,151,0,3,0,335,0,0,0,0,0,0,2,0,0,0,0,0,0,144,4,1,0,0,0,0,6,0,0,0,0,0,0,55,23,1,40,0,0,0,0,68,0,0,0,0,0,10,1,0,0,0,0,0,0,0,16,2,0,8,1,0,40,16,0,0,0,1,0,0,0,2,316,0,0,1810,0,0,2,0,0,5,0,0,118,0,4,0,1,0,0,0,0,1,27,1,26,103,1,0,5,2,3,0,0,1,0,0,0,0,4,2,0,0,257,0,2,0,6,0,9,2027,0,0,53,0,0,0,0,0,28,15,0,12,0,0,329,0,7,0,0,13,15
0,0,0,0,0,0,0,25,0,1,0,2,0,208,21,0,0,8,0,0,51,48,0,40,0,21,9,0,104,10,342,0,0,91,0,0,120,307,0,0,0,0,0,39,0,20,444,0,0,0,64,0,1,0,27,0,0,0,0,24,3,0,0,0,0,0,15,0,0,0,28,1,28,7,0,0,0,0,0,10,0,0,396,0,118,0,149,0,0,166,0,0,0,0,51,0,0,0,27,0,0,0,0,0,3,0,43,476,0,17,0,59,1,28,0,0,0,0,0,2,0,0,0,1,263,0,0,0,0,0,72,40,0,0,0,0,15,0,0,0,0,0,0,0,122,0,20,0,0,0,13,13,0,4,0,0,0,0,0,248,0,0,0,56,0,0,0,0,0,0,0,0,0,0,6,0,0,156,0,0,0,0,0,0,26,0,0,0,0,0,0,142,0,0,121,0,1,0,0,0,0,0,0,29,0,0,19,0,0,65,0,0,0,2,3,0,2,229,0,0,34,0,0,0,0,3,108,0,22,0,282,1,0,356,0,0,0,0,0,0,0,0,107,0,0,0,0,0,0,0,0,0,0,0,27,128,0,0,0,10,0,0,7,15,2,0,0,0,0,2,0,134,288,0,3,0,0,0,8,2133,3,0,543,0,0,0,0,3,0,153,0,112,1,0,117,0,36,0,0,37,0
0,1,0,0,0,0,0,0,0,0,0,0,0,0,28,0,0,0,0,0,0,0,0,20,0,109,0,0,2,10,90,0,0,19,0,0,1,0,0,0,0,0,0,0,0,0,0,0,0,16,0,0,0,23,0,0,0,31,0,42,72,0,0,1,0,0,0,0,0,0,0,0,2,0,0,1,0,0,0,655,0,0,0,0,0,300,1,0,33,0,0,1,0,665,25,53,0,43,0,0,0,143,0,0,0,0,0,1149,0,33,0,0,0,0,0,0,0,10,0,2,0,0,0,14,0,0,0,456,0,0,0,0,0,0,0,0,24,0,0,0,0,0,2,0,0,0,0,0,0,0,10,0,0,0,1,0,0,0,0,54,0,0,0,0,0,0,0,0,0,0,4,0,0,0,0,0,0,0,0,0,0,0,0,0,0,0,0,136,0,0,0,100,1,0,0,0,0,0,0,0,0,0,0,0,1029,134,1,0,1,10,0,0,0,5,0,11,28,0,75,0,0,23,0,0,0,7,0,0,5,0,0,7,0,1479,0,0,0,1,0,0,0,0,0,0,0,32,0,0,0,0,0,0,0,0,0,8,0,0,0,0,0,0,0,0,0,0,0,0,0,536,0,0,439,0,0,0,0,0,0,1326,0,1,308,0,0,0,0,0,0,0,0,0,0,0,1,0,2,0,0,157,0
0,1,0,0,0,36,0,0,0,0,0,0,9,16,69,0,0,11,0,0,0,1,0,0,11,272,0,0,4,64,145,0,0,0,0,0,1,0,0,0,0,0,0,0,0,4,48,0,0,20,0,0,0,7,0,0,0,16,0,0,180,0,0,0,0,0,70,0,31,231,1,0,0,5,0,85,0,0,0,243,0,0,99,0,0,0,0,0,0,67,0,0,1,1917,0,1,4,0,0,0,0,0,0,1,0,0,0,112,0,0,0,0,0,49,0,1,0,59,15,0,0,0,0,23,18,22,0,12,0,0,0,6,0,0,0,0,109,0,0,0,2598,0,0,0,1,0,0,0,0,0,1,0,0,0,2,0,0,0,0,10,0,0,0,0,0,0,0,0,0,0,0,0,0,0,0,0,0,121,0,0,0,0,0,0,0,0,0,6,0,0,0,366,2,0,0,0,0,0,0,0,0,0,0,0,0,0,3,0,6,0,0,0,0,4,0,0,23,0,2,0,0,0,0,0,0,0,0,0,5,0,12,0,0,388,0,0,0,0,0,5,0,1,0,0,164,5,0,0,0,0,0,0,0,0,0,0,298,0,0,0,0,0,0,9,0,1,0,0,0,28,0,4,66,0,0,0,0,0,0,1607,1,0,1,0,0,0,0,0,0,0,0,0,0,0,0,0,170,0,0,0,0
0,0,0,0,0,0,96,37,0,0,0,0,0,0,0,0,0,0,0,0,0,2,0,0,0,3736,0,0,0,0,126,0,0,0,0,0,10,463,0,0,0,0,0,99,0,0,0,0,0,0,0,0,0,0,0,0,0,0,0,0,0,0,0,0,0,0,0,0,0,0,0,0,0,0,0,0,0,0,0,0,0,0,0,0,0,0,0,0,0,0,2,742,310,0,0,0,0,0,0,0,0,0,0,0,0,0,0,14,0,0,0,0,0,31,0,0,0,0,0,0,0,0,0,0,70,0,0,0,0,0,10,46,0,0,7,1,37,0,0,0,19,0,0,0,0,0,0,0,0,0,0,0,0,0,0,0,0,0,0,158,0,0,0,0,0,0,0,0,0,0,0,0,37,0,0,0,0,0,0,0,0,0,0,0,0,0,0,0,0,0,0,131,7,0,0,42,0,0,0,0,0,0,0,0,342,0,0,0,0,0,0,0,0,0,1,0,30,0,0,0,0,0,0,0,0,0,0,0,0,0,469,0,0,781,0,0,0,0,0,0,0,0,88,0,0,0,0,0,0,0,314,0,0,0,0,0,0,0,0,0,0,0,0,0,0,0,0,0,0,1065,0,0,0,0,0,0,0,0,0,381,0,0,0,0,0,0,0,276,0,21,0,0,0,0,1,0,0,0,0,0,0
0,0,0,0,0,0,2,0,0,0,0,0,0,0,1,0,1,0,0,0,0,0,0,9,0,3997,0,0,96,0,0,0,0,0,0,0,34,0,0,0,0,0,0,0,0,0,0,0,0,0,0,0,0,0,0,0,0,8,0,0,0,0,1,0,41,0,0,0,0,0,0,0,0,195,0,0,0,0,0,0,0,0,0,0,0,0,0,0,0,0,1220,1,2,0,0,0,0,1,0,0,3,0,0,0,0,0,0,396,0,0,0,0,0,0,0,0,0,0,0,1,0,0,0,1,1413,0,0,0,0,0,0,184,0,1,0,1,10,0,0,0,0,0,0,0,0,0,0,0,0,0,0,0,0,0,7,0,0,0,0,0,0,0,0,0,0,0,0,0,0,0,0,0,0,0,0,0,0,0,0,0,0,0,0,0,0,0,2,0,0,0,0,186,4,0,0,0,0,0,0,0,0,0,0,0,0,0,0,0,0,181,0,0,0,0,0,0,0,0,233,0,0,0,0,0,0,0,0,0,0,0,306,0,0,1291,0,0,0,0,0,0,0,0,0,0,0,0,0,0,0,0,0,0,0,0,0,0,0,0,0,0,0,0,0,0,0,0,0,0,0,1,0,0,0,0,0,0,0,0,0,0,0,0,0,0,0,0,0,0,0,0,0,0,0,0,0,0,0,0,0,173,0
0,0,0,0,0,0,2,0,0,0,0,0,0,0,6,0,0,0,0,0,21,2,0,6,0,1,0,0,29,0,656,567,0,144,0,0,0,154,0,0,0,0,0,16,0,69,0,0,0,0,0,13,0,0,33,0,0,0,0,0,0,0,0,0,0,0,20,0,0,319,0,0,0,0,0,0,0,0,0,16,0,0,0,0,0,62,0,0,0,180,0,3,0,0,0,1,0,0,30,0,0,28,0,0,0,0,0,1212,0,1,0,0,0,86,0,0,1,0,313,0,0,0,0,3,115,0,0,0,2,0,19,21,0,0,0,0,2,0,0,0,0,0,0,0,0,0,11,0,0,0,28,4,0,0,0,0,0,0,21,0,0,0,0,0,0,0,0,0,0,0,0,0,1,0,0,0,0,0,29,0,0,0,0,0,0,0,0,0,0,0,0,312,0,1,0,0,0,0,0,0,0,0,0,0,604,309,0,0,1,9,0,154,0,0,0,0,91,0,159,0,71,0,0,0,0,12,0,0,19,0,0,0,0,213,0,0,0,0,0,78,0,0,0,0,147,0,0,0,0,0,0,0,0,0,0,0,0,0,0,4,0,0,0,6,0,0,0,0,0,2,0,0,2720,0,4,0,0,0,0,146,0,0,507,0,0,0,0,0,0,40,0,0,0,0,0,0,30,0,0,116,0
0,0,12,0,0,59,0,0,0,0,0,0,10,20,29,0,0,61,0,0,0,4,0,0,0,1932,0,0,0,4,1,0,0,111,0,0,0,196,0,0,0,0,0,0,248,3,0,0,0,0,0,0,195,26,0,0,0,47,0,56,107,0,0,0,0,0,17,0,0,171,2,0,0,0,0,764,0,0,0,253,0,0,12,0,1,0,0,0,0,0,0,0,0,898,0,0,0,0,0,0,0,0,0,0,0,0,0,9,0,0,0,0,0,3,0,0,0,23,3,0,0,0,0,5,0,0,0,137,0,0,0,0,0,0,0,0,0,0,1,0,0,3,0,0,128,0,0,0,0,0,0,10,0,6,0,0,0,0,0,122,0,0,0,0,0,0,0,0,0,0,0,0,0,0,0,0,0,3,116,1,0,0,0,0,0,0,0,0,0,0,0,12,0,0,0,0,0,0,0,0,0,0,0,0,0,27,0,0,0,52,0,0,0,0,0,0,48,22,0,0,1,0,0,0,0,0,0,0,33,0,103,0,0,498,0,0,0,0,0,0,0,0,0,0,0,0,0,0,0,0,0,0,0,0,0,0,30,0,0,37,0,0,0,0,0,0,0,0,0,1651,0,0,491,0,46,0,0,0,0,1136,0,3,0,0,0,0,0,0,0,0,0,0,0,0,0,0,3,0,0,0,0
0,0,0,0,0,0,6,0,0,0,0,0,4,182,31,0,0,9,0,0,0,71,0,0,0,776,0,0,0,1,0,0,0,4,0,0,2,217,1,0,0,0,0,0,81,234,0,0,0,0,1,0,0,0,0,0,0,9,0,148,42,0,23,0,0,20,54,3,6,0,40,0,0,204,0,0,0,3,0,613,0,0,1,0,0,0,0,0,72,166,0,8,1,593,0,0,0,0,0,0,0,1,0,0,11,0,0,25,206,24,0,0,0,34,0,0,0,803,64,0,0,0,0,6,147,0,30,6,0,0,0,53,0,0,0,0,51,0,0,0,0,0,0,0,0,0,15,0,0,0,0,0,0,0,4,0,0,0,0,42,0,0,0,0,1,0,2,2,0,0,15,0,3,0,0,0,0,0,62,0,0,0,0,0,1,0,0,0,0,0,0,79,2,0,0,0,0,0,0,0,0,0,0,0,0,105,0,0,0,2,0,0,0,2,0,0,327,0,221,0,0,13,0,0,0,0,0,0,43,0,129,0,0,698,0,0,0,0,1,0,1,0,0,0,0,0,0,0,0,0,0,0,34,0,23,100,0,0,0,0,0,0,0,26,0,0,0,0,0,1,0,3,6,1,0,1,0,0,36,2415,0,0,58,0,0,0,0,1,0,58,0,0,0,0,0,0,9,0,0,376,0
0,60,0,1,0,12,0,0,0,0,0,0,32,26,1,0,0,22,0,0,43,0,0,52,11,83,0,0,0,36,0,0,0,46,0,0,1,0,0,0,0,0,0,0,25,1,1,0,2,25,0,1,0,6,0,0,0,19,0,56,165,10,3,0,0,216,77,19,25,43,3,0,0,8,0,78,0,0,0,2053,0,0,0,0,15,0,0,0,63,0,0,5,1,1758,0,0,0,0,0,0,0,1,0,18,7,0,0,52,149,1,136,0,0,0,0,0,0,32,126,0,19,0,0,0,19,0,45,0,0,0,0,0,0,1,0,0,0,0,0,0,0,0,0,0,70,0,0,0,0,0,13,0,0,0,0,0,0,0,3,72,0,0,0,0,0,0,0,0,0,0,0,0,0,1,0,0,0,0,68,0,0,0,0,0,0,0,0,0,0,0,0,75,2,14,0,0,0,0,0,0,0,0,0,0,0,0,0,0,0,2,0,0,0,0,15,0,113,0,0,4,0,0,0,0,1,0,0,0,18,0,132,0,0,103,0,0,0,0,0,0,0,0,0,0,59,0,0,0,0,0,3,0,0,0,0,0,32,0,0,9,0,0,0,0,84,0,0,0,0,8,0,0,689,0,1,0,0,0,0,2512,0,0,102,3,0,0,0,0,0,0,0,0,0,0,0,0,18,0,0,69,0
0,0,0,0,0,0,0,0,0,3,0,0,0,0,0,0,0,14,0,0,158,45,0,89,26,581,0,0,35,0,0,0,0,0,0,0,2,0,0,0,450,12,0,0,0,58,0,0,0,0,0,0,0,8,0,0,0,51,0,200,56,78,7,0,0,366,41,10,0,0,5,0,0,145,1,0,0,0,3,1087,1,22,48,0,0,0,0,0,66,0,0,2,0,633,0,9,28,0,0,0,0,0,0,0,0,17,0,12,0,39,0,0,0,17,0,0,0,0,97,0,0,0,0,0,11,391,0,13,0,0,0,1,0,2,104,0,0,0,0,0,0,0,8,0,1,0,0,1,0,1,8,0,0,0,0,0,0,0,0,0,0,0,0,0,0,0,0,1,0,0,0,0,0,0,0,0,0,0,719,0,0,0,0,0,0,0,0,0,0,0,0,35,31,19,0,0,0,0,0,0,0,0,0,1,0,7,0,0,1,7,0,0,0,0,83,0,23,0,137,121,0,0,0,173,0,0,0,0,55,0,0,0,0,876,0,0,0,0,0,0,0,0,0,0,0,11,0,3,0,0,41,0,0,0,0,0,0,0,3,0,8,0,0,0,0,0,0,0,0,529,0,0,41,0,0,0,43,0,0,1322,0,0,378,0,0,0,0,0,0,0,0,0,0,0,0,0,22,0,0,251,0
0,0,0,0,0,0,2,0,0,0,0,0,0,147,0,0,28,1,0,0,0,166,0,2,0,3854,0,0,8,0,301,0,0,19,0,0,141,253,0,0,0,0,0,152,0,234,0,0,0,0,0,0,0,0,0,0,0,0,0,0,0,0,0,0,14,0,29,0,0,0,56,0,0,101,0,0,0,0,0,0,0,0,0,0,0,0,0,0,0,82,0,3,1,0,0,0,0,0,23,0,0,3,0,0,0,0,0,58,0,0,0,0,0,105,0,0,0,0,27,0,0,0,0,1,324,0,0,0,0,0,15,141,0,0,0,0,12,0,0,0,3,0,0,0,48,0,0,0,0,43,28,0,1,0,0,0,0,0,9,17,0,0,0,0,0,0,0,0,0,0,0,0,0,0,0,0,0,0,0,0,0,0,0,1,0,0,1,0,0,0,0,79,0,0,0,0,0,0,0,0,0,0,0,0,0,0,0,0,0,0,0,0,0,0,0,0,0,0,0,0,13,0,0,0,0,0,0,0,113,0,547,0,0,210,0,0,0,0,0,8,0,0,0,0,0,3,0,0,0,0,0,0,0,0,0,0,0,0,0,164,0,0,0,0,0,0,0,0,0,1,0,0,9,2,1,0,0,0,0,1531,0,0,176,0,0,0,0,0,108,65,0,0,0,0,6,0,62,0,0,450,0
0,0,0,0,0,0,0,0,0,0,0,0,0,0,67,0,0,41,0,0,0,0,0,0,0,104,0,0,0,0,0,0,0,31,0,0,5,0,0,0,0,0,0,0,0,1,0,0,0,31,1,0,0,8,0,0,0,25,0,155,83,0,0,0,0,0,15,41,0,0,0,0,0,10,0,0,0,0,0,1460,0,0,0,0,0,0,0,0,51,0,0,0,1,1980,2,4,0,0,0,0,0,2,0,0,0,0,132,4,0,5,0,0,0,191,0,0,0,36,21,0,0,0,0,0,5,0,1441,0,0,0,0,0,0,0,0,0,848,0,0,0,0,0,0,0,0,0,0,0,0,1,4,0,0,0,0,0,0,0,0,125,0,0,0,0,0,0,0,0,0,0,0,0,1,0,0,1,0,0,0,0,0,0,0,0,0,0,0,0,0,0,0,22,0,0,0,0,0,0,0,0,0,0,0,0,0,6,0,1,1,2,1,0,0,0,0,0,0,0,2,0,0,2,0,0,0,19,0,1,373,0,247,0,0,311,0,0,0,0,3,0,0,0,0,0,0,0,0,0,0,0,0,0,0,0,8,2,0,0,0,0,30,0,0,2,0,0,1,0,0,81,0,0,216,0,2,0,0,0,0,1385,0,0,213,0,0,0,0,1,0,0,0,0,0,0,117,0,3,0,0,23,0
0,0,0,0,0,0,0,1,0,0,0,1,0,133,15,0,0,12,0,0,0,8,0,0,0,2751,0,0,1,0,0,0,0,2,1,0,1,12,0,0,0,0,0,0,31,1,547,0,0,24,0,0,0,0,0,0,20,14,0,2,24,0,0,1,0,24,359,0,274,49,1,0,0,2,971,0,0,10,0,763,0,0,0,0,0,0,0,0,63,23,10,0,1,1148,0,0,0,76,41,0,0,0,0,0,4,0,1,14,0,10,77,1,0,14,0,0,0,15,0,1,25,0,0,0,7,1,0,106,0,14,0,61,0,1,0,16,216,0,0,0,0,0,0,0,0,0,0,0,0,0,4,0,0,0,0,0,0,3,0,26,0,0,0,1,0,0,1,0,0,0,1,0,0,1,0,5,0,0,0,4,0,0,0,0,0,0,0,0,0,0,0,20,1,0,0,0,2,0,0,0,0,0,0,0,0,0,0,0,1,8,0,0,0,0,0,1,2,0,0,0,0,0,0,0,0,10,0,0,5,3,59,0,0,77,0,0,0,0,0,0,0,3,4,0,2,0,2,0,0,0,0,0,0,0,1,1,0,2,0,0,1,0,0,5,0,0,0,0,0,887,0,0,370,0,0,0,0,0,0,244,1,44,109,0,0,0,0,47,0,0,0,0,0,7,25,0,2,0,0,19,0
0,0,2,0,0,0,0,0,0,0,8,0,0,0,27,0,0,0,0,0,0,1,0,0,0,224,0,0,114,28,1479,0,0,412,0,0,16,0,0,0,0,0,0,0,0,0,0,5,0,0,0,0,0,4,22,5,0,0,0,0,0,0,0,0,0,0,0,0,0,0,0,0,0,0,0,0,0,0,0,80,0,0,679,0,0,2,303,0,0,124,18,0,285,0,0,0,22,0,0,0,0,0,4,0,0,0,0,0,0,0,0,0,0,0,0,0,0,0,184,0,12,0,0,2,61,62,0,0,0,0,12,0,0,0,0,0,122,0,0,0,109,0,0,0,0,0,120,2,0,0,0,0,3,0,3,0,0,5,0,0,3,0,0,0,0,0,8,0,0,0,0,0,0,0,18,0,0,4,0,0,0,0,0,0,0,0,1,0,0,0,7,73,0,0,0,0,0,0,0,0,0,0,0,0,2975,77,0,0,0,0,0,0,0,5,0,0,0,0,358,0,0,0,0,0,0,0,0,0,0,0,0,0,1,961,0,0,0,0,0,0,0,0,0,0,19,0,0,0,0,0,0,0,27,1,16,8,0,0,5,1,0,0,0,4,0,0,0,0,6,0,0,50,288,0,0,0,0,0,0,0,4,63,361,0,0,0,0,0,0,8,0,0,0,0,0,0,0,0,0,87,0
