"V1","V2","V3","V4","V5","V6","V7","V8","V9","V10","V11","V12","V13","V14","V15","V16","V17","V18","V19","V20","V21","V22","V23","V24","V25","V26","V27","V28","V29","V30","V31","V32","V33","V34","V35","V36","V37","V38","V39","V40","V41","V42","V43","V44","V45","V46","V47","V48","V49","V50","V51","V52","V53","V54","V55","V56","V57","V58","V59","V60","V61","V62","V63","V64","V65","V66","V67","V68","V69","V70","V71","V72","V73","V74","V75","V76","V77","V78","V79","V80","V81","V82","V83","V84","V85","V86","V87","V88","V89","V90","V91","V92","V93","V94","V95","V96","V97","V98","V99","V100","V101","V102","V103","V104","V105","V106","V107","V108","V109","V110","V111","V112","V113","V114","V115","V116","V117","V118","V119","V120","V121","V122","V123","V124","V125","V126","V127","V128","V129","V130","V131","V132","V133","V134","V135","V136","V137","V138","V139","V140","V141","V142","V143","V144","V145","V146","V147","V148","V149","V150","V151","V152","V153","V154","V155","V156","V157","V158","V159","V160","V161","V162","V163","V164","V165","V166","V167","V168","V169","V170","V171","V172","V173","V174","V175","V176","V177","V178","V179","V180","V181","V182","V183","V184","V185","V186","V187","V188","V189","V190","V191","V192","V193","V194","V195","V196","V197","V198","V199","V200","V201","V202","V203","V204","V205","V206","V207","V208","V209","V210","V211","V212","V213","V214","V215","V216","V217","V218","V219","V220","V221","V222","V223","V224","V225","V226","V227","V228","V229","V230","V231","V232","V233","V234","V235","V236","V237","V238","V239","V240","V241","V242","V243","V244","V245","V246","V247","V248","V249","V250","V251","V252","V253","V254","V255","V256","V257","V258","V259","V260","V261","V262","V263","V264","V265","V266","V267","V268","V269","V270","V271","V272","V273","V274","V275","V276","V277","V278","V279","V280","V281","V282","V283","V284","V285","V286","V287","V288","V289","V290","V291","V292","V293","V294","V295","V296","V297","V298","V299","V300","V301"
0,0,0,0,0,0,1,0,0,0,0,0,2,1,54,0,0,13,0,0,13,0,7,5,0,927,0,0,5,0,0,0,0,3,0,0,2,1,19,22,29,0,0,14,0,16,0,0,22,0,0,0,0,0,0,0,0,0,0,0,0,3,1,0,0,1,196,0,0,0,3,0,0,17,0,0,0,0,0,3,0,82,0,0,36,102,100,0,2,41,0,75,3,0,0,0,0,0,36,8,0,0,0,0,0,0,0,0,0,0,0,201,0,0,0,0,0,0,8,0,0,0,0,0,9,0,0,0,185,0,0,0,0,0,0,0,1,0,1,0,0,0,0,0,0,0,0,0,0,106,86,0,0,0,1,119,0,0,0,0,0,32,0,1,44,85,0,1,0,104,0,4,1,0,0,158,0,0,0,0,0,448,130,0,0,0,0,0,558,0,0,0,3,0,0,0,0,0,0,0,1,0,0,0,0,1,485,0,36,2,0,0,13,0,1,0,1,0,2143,0,0,0,0,0,26,0,0,0,0,0,22,4,0,0,162,0,0,0,0,218,137,5,0,0,0,0,0,0,0,0,0,2,0,0,11,15,0,0,0,6,0,0,0,3,0,0,0,0,0,148,0,0,121,4,3,0,0,1,1,2163,0,0,6,0,0,0,0,4,0,0,0,0,0,0,0,0,16,0,0,96,0
0,0,0,0,0,0,30,0,87,0,0,0,0,0,0,9,0,0,0,0,0,0,1,0,0,1604,0,0,312,10,0,0,0,55,0,0,0,144,5,0,0,0,0,0,0,0,0,0,0,0,0,0,0,0,25,2,0,0,0,0,0,0,0,0,0,0,0,0,0,126,0,0,0,88,0,72,0,0,0,0,0,0,369,0,25,0,0,0,0,0,0,57,0,0,0,0,0,0,0,0,0,0,0,0,0,36,0,3531,0,0,0,0,0,0,0,0,0,0,352,0,0,0,0,0,16,0,0,0,0,0,0,0,0,0,0,0,679,0,0,0,0,0,0,0,0,0,0,0,0,0,12,0,0,0,1,0,0,0,43,0,0,0,0,0,0,1,0,0,0,0,0,0,0,0,0,0,0,0,56,0,0,0,20,0,11,0,0,0,0,0,0,101,0,0,0,0,0,0,0,0,0,0,0,255,0,317,0,2,0,0,0,0,0,0,0,0,435,0,491,0,121,0,0,1,1,0,0,0,0,0,177,0,0,0,0,0,0,0,0,0,0,0,0,0,0,0,0,0,0,0,0,0,0,0,0,0,7,0,0,0,0,0,0,0,0,0,10,0,0,0,0,0,0,0,6,0,0,0,0,0,0,0,156,0,0,0,0,0,0,0,0,0,0,0,78,0,64,0,0,0,0
0,0,0,0,0,13,1,0,0,10,26,0,13,0,17,0,0,0,13,0,0,0,12,1,0,407,4,0,3,97,0,0,0,0,0,0,0,0,0,0,0,0,0,0,0,1,76,0,0,0,8,0,0,0,332,0,0,0,0,0,4,0,90,14,0,0,0,0,0,343,0,0,12,0,0,2,8,0,0,0,0,512,6,0,0,0,0,0,0,0,0,11,8,0,0,0,6,0,0,0,0,0,0,0,0,0,0,0,0,0,0,38,13,0,0,0,1,0,0,0,0,0,0,0,40,157,206,0,59,0,0,0,0,0,0,0,0,0,1,0,35,0,0,0,0,0,0,0,0,0,53,0,0,0,1,44,81,1,0,0,0,38,12,0,0,52,0,0,58,112,0,0,0,1,0,446,8,334,0,0,0,287,18,0,0,0,0,0,0,0,0,0,2,406,0,0,0,0,0,1,0,0,0,3,0,0,222,10,9,1,0,0,157,0,0,0,0,0,2914,0,0,70,0,0,83,0,0,0,0,0,0,0,0,0,115,0,4,0,0,32,137,0,0,0,0,0,6,0,0,0,0,0,0,0,0,99,20,0,124,0,0,0,0,25,1,0,0,0,0,118,15,0,234,0,0,0,0,0,0,335,0,0,0,0,675,3,1,0,0,23,0,0,0,1,0,0,17,0,0,0,0
0,0,0,0,0,0,0,17,0,0,0,0,0,15,0,0,0,0,0,0,3,30,15,0,0,2489,0,0,44,0,0,0,0,158,0,2,30,184,0,0,0,0,1,121,0,19,0,0,3,0,0,0,0,0,2,0,0,0,10,99,12,22,7,0,145,0,37,0,30,0,0,0,5,3,0,1,0,0,0,10,0,57,0,28,28,0,26,0,8,123,8,0,0,0,0,0,0,0,72,0,13,0,0,0,0,31,0,43,2,16,0,84,0,56,20,0,0,0,0,0,0,0,9,0,177,2,0,0,0,0,8,157,0,0,0,0,199,0,0,0,17,0,0,0,11,0,0,0,0,0,7,0,0,0,9,7,0,0,0,233,0,0,0,1,0,0,0,0,0,0,10,0,1,0,0,5,0,0,123,0,72,0,0,0,0,0,0,0,0,0,0,27,2,0,0,0,0,0,0,0,0,0,0,3,0,109,0,0,0,5,0,0,3,1,14,0,218,0,30,1,0,15,0,0,0,0,43,0,13,23,5,0,0,687,0,0,0,0,0,0,0,0,0,0,0,0,0,0,0,0,1,0,2,0,2,0,0,0,0,0,0,0,0,2,0,0,0,0,0,1,0,0,596,0,0,0,0,0,51,2263,0,0,380,0,0,0,0,0,0,0,0,0,0,0,197,0,22,0,0,112,0
0,0,0,2,0,0,0,0,0,0,2,19,0,287,0,5,0,0,0,0,171,16,11,0,0,1351,0,5,251,0,0,0,0,0,0,0,0,603,0,0,0,0,0,70,1,758,0,0,0,0,0,0,0,0,0,1,0,0,0,0,11,53,0,0,0,8,370,0,7,0,0,0,0,10,336,0,0,0,0,0,0,44,0,0,534,0,0,0,0,0,431,0,0,0,0,0,2,0,13,0,27,0,0,0,0,1,0,0,0,3,0,10,10,0,23,0,0,0,0,0,0,0,0,31,0,0,1,0,0,0,0,4,0,0,0,0,0,0,0,0,0,0,0,0,0,0,0,159,0,0,154,0,4,16,4,97,0,1,0,0,12,10,9,0,0,0,0,0,47,17,0,0,1,0,0,408,0,0,0,0,0,172,114,0,0,0,4,0,0,0,101,0,0,153,0,0,0,0,0,0,267,372,0,0,0,6,139,0,0,0,0,0,262,0,0,0,0,0,1056,0,0,0,0,0,156,0,0,0,0,47,0,4,0,0,0,0,0,0,10,14,120,0,0,0,0,0,64,0,0,0,0,0,0,0,0,0,22,0,0,0,0,0,0,0,0,0,0,0,3,64,0,0,8,0,1,0,0,0,0,230,0,0,67,0,0,0,0,0,45,24,0,0,0,4,12,25,0,0,0,18,0
0,0,0,0,0,0,0,0,0,0,0,0,0,0,0,0,0,0,0,0,0,7,0,0,0,0,0,0,49,118,133,0,0,15,2,0,16,0,0,0,0,0,0,0,0,0,0,0,0,0,0,0,0,0,0,1,0,1,0,300,0,0,1,0,0,0,121,1,0,41,0,0,0,0,0,0,3,0,0,10,0,2,238,0,0,0,0,0,0,0,0,145,50,0,0,0,0,0,0,0,6,0,0,0,0,0,0,3155,0,0,1,0,21,0,0,2,0,0,497,0,0,0,0,0,7,0,0,0,0,0,0,0,0,1,0,0,521,0,0,0,0,0,0,0,0,0,16,0,1,130,0,0,2,0,0,0,0,0,31,0,0,0,0,0,0,0,0,5,0,0,25,0,0,0,0,0,0,0,149,0,0,0,0,0,2,0,0,0,0,0,26,42,2,0,0,0,0,0,1,0,0,0,0,1519,0,0,0,0,0,0,0,0,0,0,0,0,40,0,319,0,150,0,0,0,1,0,0,0,0,14,0,0,0,225,0,0,0,0,0,0,0,0,0,0,149,66,0,1,0,0,0,0,0,0,0,13,18,0,0,0,0,0,0,3,0,0,0,0,0,0,0,0,0,0,0,0,1,0,0,1278,0,0,88,0,0,0,0,0,86,0,0,0,0,0,0,63,3,0,0,69,0
0,0,0,0,0,0,18,0,0,0,41,0,1,0,0,0,66,1,0,30,0,54,0,0,0,721,0,0,4,2,135,5,0,30,0,0,17,59,150,2,0,0,0,0,0,20,108,0,0,0,0,0,0,0,0,0,0,0,0,41,8,0,0,0,0,0,16,0,0,0,4,0,0,0,0,0,7,0,0,53,0,203,0,0,57,4,87,0,2,70,0,81,3,0,0,1,0,0,0,1,0,0,0,0,0,0,0,0,0,0,6,302,0,0,0,34,0,0,0,0,10,0,0,0,36,86,1,0,65,0,0,0,0,1,1,0,3,0,0,0,1,0,63,0,1,0,59,0,0,0,56,0,0,11,1,0,0,0,1,0,0,32,0,1,1,0,0,1,59,0,0,0,0,1,0,0,0,0,10,0,0,291,81,19,0,0,0,0,0,0,0,3,3,269,0,0,0,0,0,0,362,50,0,1,0,2,168,12,15,1,0,0,101,0,0,0,5,0,888,0,2,0,0,1,34,0,0,0,1,0,0,0,0,8,0,0,4,0,0,2,170,0,0,0,1,0,0,1,0,0,0,0,0,0,0,6,4,0,20,11,2,0,13,13,0,0,0,0,0,2540,0,41,69,0,3,0,3,0,3,1372,0,5,258,0,0,11,0,0,19,103,0,0,0,0,0,0,10,0,0,66,0
0,0,0,13,0,0,13,0,0,0,21,0,0,0,0,0,0,0,11,5,0,0,30,14,0,974,0,0,0,3,349,0,0,65,0,306,3,97,0,0,0,0,0,0,2,0,0,0,7,0,12,0,0,0,0,0,0,0,0,0,7,0,14,13,0,0,186,0,17,0,0,0,0,0,0,0,2,0,0,0,0,155,0,7,0,0,0,0,2,0,844,23,2,0,0,0,0,0,0,3,43,0,0,0,0,0,0,0,0,0,5,140,0,0,36,310,0,0,0,0,0,0,0,0,0,0,1,0,0,194,0,0,30,0,0,10,6,0,0,0,0,0,0,0,0,0,0,0,0,0,116,0,0,12,1,45,9,1,5,0,7,0,0,0,1,0,0,0,0,11,0,0,0,0,0,556,0,0,0,0,0,0,174,0,0,0,0,0,0,0,0,0,6,506,0,3,5,0,0,0,0,400,0,0,0,0,104,0,0,24,0,0,588,0,0,0,0,0,105,0,0,0,0,0,62,0,0,0,15,0,0,0,0,0,0,0,5,0,30,0,158,0,87,0,0,0,0,0,0,0,0,0,0,0,17,6,1,0,0,0,0,0,0,0,0,0,0,72,0,741,0,0,83,0,72,3,0,0,6,1927,1,0,0,0,0,0,0,0,36,0,0,0,0,0,27,0,0,0,0,0,0
0,11,0,0,0,0,15,18,0,0,0,0,0,34,45,0,46,0,0,0,0,0,0,0,0,3221,0,0,0,0,56,0,0,0,0,0,0,0,0,0,0,0,0,0,0,0,0,0,0,0,1,0,0,0,6,0,0,0,0,1,0,0,1,0,0,0,82,0,0,59,6,0,0,0,0,0,0,0,0,0,0,0,0,0,3,1202,0,0,0,0,0,16,0,0,0,1,0,0,0,0,0,0,0,0,2,0,20,228,0,0,0,0,0,0,0,0,0,0,0,0,0,0,0,2,0,0,0,0,0,0,0,0,0,0,0,0,0,0,0,0,0,0,0,0,0,0,0,0,0,0,0,0,0,0,15,0,0,1,0,31,0,0,0,28,0,0,0,0,0,0,5,0,1,0,0,0,0,8,0,0,0,0,0,0,56,0,0,0,0,0,0,94,0,0,0,1,0,0,0,0,0,0,0,0,0,105,2,25,0,3,0,0,0,0,0,0,88,12,0,0,21,19,0,0,0,0,0,0,18,0,0,0,0,1964,0,0,1,0,1,54,0,0,0,0,0,17,0,0,0,0,0,0,0,0,0,354,16,0,0,0,0,0,0,0,1,0,0,0,66,830,0,0,256,0,4,0,0,3,14,205,0,0,258,0,0,0,13,0,0,79,0,0,0,0,0,0,21,0,1,238,0
0,0,0,0,0,0,0,0,0,0,12,0,0,0,0,0,1,0,9,4,0,41,15,6,0,200,0,0,37,12,374,0,64,55,0,0,0,441,0,0,0,0,0,0,0,107,0,3,0,1,0,0,1,0,11,0,0,0,0,78,3,37,0,6,0,0,60,0,14,0,0,0,0,0,0,77,3,0,0,50,0,201,27,0,0,2,0,0,0,28,0,8,0,0,0,0,0,0,0,37,63,0,0,61,0,0,0,0,0,1,0,111,0,0,0,0,0,0,0,0,0,0,1,0,25,4,1,0,18,39,20,0,1,0,0,0,0,0,0,0,0,0,55,0,19,0,0,0,51,0,141,0,0,0,1,46,0,0,0,0,0,12,0,0,0,96,0,0,53,4,1,0,0,0,0,798,6,0,154,22,0,0,33,0,8,0,0,0,631,2,0,14,4,197,0,0,0,0,0,1,13,479,0,1,471,35,140,0,7,0,0,0,685,0,1,0,19,0,427,0,0,0,0,0,163,0,0,0,10,0,0,0,0,1,0,0,15,549,0,60,0,0,0,0,0,0,0,0,0,0,0,5,15,0,32,9,1,0,1,0,1,0,0,9,0,0,0,0,3,1447,0,75,17,0,0,0,0,0,37,279,0,1,221,0,0,0,0,0,3,22,0,0,0,0,8,0,4,0,0,23,0
0,0,0,4,35,0,1,0,0,4,11,0,3,0,0,0,0,0,0,0,91,70,13,0,0,3115,1,0,15,13,0,0,0,84,0,0,0,35,0,0,0,0,0,24,0,117,0,0,2,0,0,3,0,0,0,0,0,0,0,0,2,0,0,19,0,0,184,2,4,0,0,0,4,0,0,210,3,0,0,0,0,92,188,6,0,0,0,0,0,78,0,0,0,0,0,0,0,0,0,2,0,0,0,0,0,0,0,0,0,19,0,36,0,0,15,0,0,0,0,0,3,0,0,83,0,73,4,0,71,1,0,0,0,0,0,0,0,0,2,0,0,0,0,0,1,0,0,0,0,0,0,0,0,9,1,35,16,1,0,0,9,14,7,0,0,0,0,0,0,10,0,0,1,0,0,432,0,0,0,0,0,0,0,0,0,0,0,0,0,1,0,11,0,359,0,0,0,0,0,0,316,57,0,0,0,0,301,48,0,3,0,0,152,0,0,0,0,0,803,0,0,0,0,0,32,0,0,0,0,0,0,6,0,0,0,0,0,0,0,391,123,0,0,0,0,0,0,1,0,0,0,0,0,0,54,189,0,0,0,0,0,0,0,13,0,0,0,0,35,1331,2,0,10,0,0,0,0,0,0,262,0,0,128,0,0,0,0,0,0,60,0,0,0,0,0,0,34,0,0,0,0
0,0,0,0,0,0,3,1,0,3,10,0,1,175,38,0,4,0,0,1,1,22,0,0,0,4785,1,0,12,1,0,0,0,16,0,0,2,1,6,0,0,0,0,0,0,41,0,1,0,0,4,0,2,0,1,1,0,0,0,2,2,10,1,0,0,5,48,1,0,83,4,0,0,2,0,78,0,0,0,1,6,41,1,0,22,6,124,0,6,2,4,0,0,0,0,0,36,0,6,0,26,0,0,0,0,1,0,0,0,0,0,8,0,1,0,0,0,0,1,0,0,0,0,0,31,239,1,0,16,8,1,1,0,0,0,0,15,0,1,0,0,0,0,0,0,0,0,18,13,0,49,1,0,0,1,30,21,0,12,0,0,0,1,1,1,31,0,0,0,12,1,0,1,0,0,525,0,3,0,0,0,238,30,0,1,0,0,0,116,0,0,1,2,338,0,0,0,1,0,0,0,0,0,1,0,1,92,0,14,1,0,0,49,3,1,0,1,1,59,6,0,13,0,0,34,0,0,0,1,0,0,0,0,0,37,0,1,0,18,31,93,0,0,0,0,0,0,0,0,13,3,0,1,0,1,3,14,0,1,4,0,0,4,1,0,0,0,0,0,0,0,1,560,0,0,0,3,0,2,1398,0,0,10,0,0,0,0,0,0,2,0,0,0,0,0,1,16,0,0,34,75
0,0,0,0,0,0,1,0,0,0,0,0,0,0,1,0,0,0,0,0,0,15,0,0,0,589,0,0,2,29,0,0,0,130,0,0,0,0,0,1,0,0,0,7,0,8,0,0,0,0,0,0,0,0,0,0,0,0,0,0,0,0,0,0,0,1,96,0,0,0,0,0,0,1,0,0,0,0,0,57,0,0,702,0,0,1,151,0,0,0,12,0,0,0,0,0,0,0,47,0,0,0,0,0,1,0,2,4843,0,0,0,0,0,76,0,0,0,0,19,0,0,0,13,1,14,0,0,0,0,0,1,1,0,0,0,0,1,0,0,0,42,0,0,0,0,0,11,0,0,0,0,0,0,0,0,0,0,0,5,46,0,0,0,3,0,0,0,0,0,0,0,0,1,0,0,0,0,8,329,0,0,0,0,0,0,0,0,0,0,5,0,5,0,0,0,0,0,0,0,0,0,0,0,0,0,5,0,0,0,0,0,0,0,0,1,0,0,0,285,0,0,1,0,0,0,5,0,0,0,0,6,1,0,88,0,0,0,0,0,0,0,0,0,0,4,0,0,0,0,0,1,0,0,0,0,3,13,0,0,7,20,0,0,0,0,0,0,0,0,1,0,0,111,0,0,0,1,0,0,1836,0,0,72,0,0,0,0,0,0,1,0,0,0,5,235,0,16,0,0,8,0
0,0,0,0,0,0,3,8,0,0,0,0,0,0,0,0,0,0,3,0,0,0,0,5,7,0,0,0,4,25,0,0,0,134,0,0,2,3,1,0,0,0,0,0,0,0,0,0,0,0,2,0,1,0,0,0,0,0,0,16,0,0,0,0,0,0,225,0,8,0,10,0,0,0,0,0,0,0,0,0,0,0,0,0,0,41,0,0,0,0,326,10,0,0,0,0,0,0,0,0,0,0,0,0,0,0,0,0,0,0,0,0,0,27,3,0,0,0,37,0,0,0,0,78,0,0,0,0,0,0,0,0,0,0,0,0,57,0,4,0,34,0,0,0,0,0,1,0,0,0,0,0,0,1,0,0,0,0,0,0,0,0,0,0,0,0,0,0,0,0,0,0,0,0,0,0,0,0,0,0,0,0,0,0,3,0,0,0,0,0,3,3,2,0,0,0,0,1,0,0,0,0,0,2,0,0,0,0,0,1,0,0,0,0,2,1,239,0,120,0,0,0,0,0,0,0,0,0,162,0,0,0,0,0,0,0,0,0,0,5,0,0,0,0,0,0,0,0,0,0,0,0,0,0,0,0,9,0,0,30,0,0,12,4,4,0,0,0,0,1788,0,0,181,3,0,0,0,0,0,6257,0,0,0,0,45,1,0,0,13,0,13,0,14,0,0,6,0,0,0,0,0
0,0,0,0,0,0,0,0,0,0,2,2,0,20,2,0,0,0,0,0,0,0,5,0,0,1,0,0,1,0,219,0,7,158,0,0,0,0,0,0,0,0,0,0,0,7,131,0,4,0,0,0,0,7,0,0,0,0,0,0,0,0,0,12,0,34,68,0,0,0,51,0,7,12,0,0,0,0,0,34,0,107,513,5,0,0,0,1,0,0,0,0,43,0,0,26,0,0,73,0,0,0,0,0,20,0,1,0,0,1,0,178,0,0,15,0,1,0,0,0,22,0,0,130,30,0,170,0,61,0,0,0,0,0,0,0,0,0,0,0,0,0,0,0,0,1,0,0,0,0,148,1,0,0,5,0,0,0,0,0,0,0,0,1,0,38,0,0,0,0,0,0,1,0,0,140,0,0,19,0,0,0,21,0,0,0,0,1,557,0,0,0,0,0,0,0,0,0,0,0,524,376,0,0,0,1,120,4,4,1,0,0,35,34,0,0,43,0,1048,0,74,0,0,0,83,0,0,0,3,0,0,4,0,6,0,0,0,0,0,12,121,0,0,0,0,0,0,0,0,0,10,0,15,1,0,3,0,0,0,0,0,0,0,0,0,0,0,0,0,1,0,0,278,5,0,0,0,2,0,3402,0,5,154,0,0,0,3,0,0,0,39,0,0,0,376,0,0,0,0,109,0
0,0,0,0,0,0,1,29,0,0,0,0,0,414,1,0,0,0,0,0,34,37,1,5,0,1917,0,0,12,5,0,0,0,2,0,0,5,7,0,0,0,0,0,45,0,47,0,0,0,0,0,0,0,0,5,1,0,0,0,388,0,2,3,0,0,3,0,0,0,0,8,0,0,14,0,0,0,11,0,0,0,15,0,0,79,0,4,0,1,4,199,1,9,0,0,10,0,0,44,0,0,0,0,0,2,0,243,2817,0,0,0,0,0,97,0,24,0,0,571,0,0,0,0,3,33,0,0,0,0,0,24,283,0,1,0,0,11,0,0,0,23,0,0,0,0,0,52,0,4,0,58,0,0,11,1,0,0,0,0,7,0,0,0,392,0,0,0,0,0,0,3,0,2,0,0,0,0,1,83,0,0,0,0,0,34,0,0,0,0,0,0,18,1,0,0,0,0,1,0,0,0,0,0,0,0,56,0,0,1,5,0,56,0,1,18,3,71,53,14,2,0,82,0,0,0,32,0,0,21,0,57,0,0,179,0,0,0,0,0,0,6,0,0,0,0,0,0,0,0,0,0,5,18,0,11,21,26,0,3,0,6,0,0,62,1,0,1,0,0,669,0,11,123,0,1,0,1,0,7,7,0,0,113,0,0,0,5,0,37,0,0,0,0,0,20,8,6,0,0,19,0
0,2,1,0,0,0,0,10,0,0,0,0,1,0,21,0,0,0,0,58,36,36,0,0,1,691,6,0,10,1,15,0,0,190,0,0,4,47,0,0,0,0,0,64,0,25,0,3,0,0,2,0,0,0,21,0,0,0,0,54,2,136,0,0,0,0,2,0,1,8,570,3,6,82,0,0,0,0,0,8,12,2,8,0,221,1,0,14,0,36,0,0,5,0,0,0,0,0,67,0,0,28,0,0,10,2,0,0,0,8,0,1,0,123,0,0,0,4,51,0,0,0,0,4,49,80,0,0,0,80,11,11,0,0,0,0,2,1,0,0,12,0,0,0,0,0,7,0,0,0,2,12,1,0,0,0,0,0,0,80,0,0,0,901,0,0,1,0,0,0,7,0,0,0,0,0,0,59,31,9,0,0,0,0,9,0,0,0,45,0,0,52,10,0,25,0,0,33,0,6,0,0,0,806,0,9,2,19,0,2,0,0,48,3,60,1,244,156,0,18,25,3,0,4,0,13,15,0,440,10,359,0,1,770,0,3,9,0,0,10,0,0,0,8,3,0,0,0,3,31,41,2,16,0,25,15,4,8,7,36,4,48,8,2,1,4,0,0,9,3,2,96,276,0,0,0,1,0,3,1402,0,0,377,0,0,9,0,0,11,47,0,0,0,0,114,27,1,0,0,49,34
0,0,0,0,0,0,0,0,0,0,0,0,0,3,6,0,0,0,0,0,0,0,0,304,0,476,0,0,5,0,0,37,0,34,0,0,13,29,0,0,0,0,0,84,1,20,0,0,4,0,0,0,0,0,0,0,0,0,0,346,0,1,0,0,0,0,58,0,0,0,0,0,0,0,0,0,0,0,0,43,0,0,0,0,0,0,77,0,1,52,0,9,1,0,0,20,0,0,0,0,0,0,0,0,0,0,0,57,0,28,0,0,0,0,0,0,0,0,0,0,0,0,0,2,46,0,0,0,0,0,0,0,85,1,0,0,8,0,0,2,0,0,0,0,0,0,0,0,0,0,5,0,0,0,0,0,0,0,0,0,9,0,0,1035,0,0,0,0,0,0,0,0,1,0,0,0,0,0,421,0,0,0,0,0,0,0,0,0,0,1,0,313,0,0,0,2,0,0,0,0,0,0,0,0,0,0,0,0,0,27,0,0,2,0,0,0,396,0,0,0,0,0,0,0,0,0,0,0,0,0,112,1,0,2530,0,0,0,0,0,0,0,0,0,0,0,0,0,0,0,0,2,0,0,0,0,0,0,0,0,0,0,0,0,0,2,0,0,31,0,3,0,0,60,0,6,0,0,2,0,2486,0,0,423,0,0,0,0,0,5,0,0,0,0,0,0,0,29,0,0,246,0
1,0,0,0,0,0,4,1,0,0,0,0,0,0,104,0,0,0,0,0,1,2,42,1,0,3802,0,0,27,0,1,0,122,149,0,0,1,1,0,0,0,0,0,1,0,69,0,0,0,0,3,0,0,0,3,0,0,0,22,4,0,12,2,0,52,0,122,0,0,184,1,0,4,0,0,0,0,0,0,1,0,142,340,0,1,4,142,0,14,2,0,5,0,0,0,6,0,0,4,0,26,0,0,0,0,0,0,1121,0,5,0,167,0,829,38,0,0,1,315,0,0,0,0,4,26,0,0,0,0,0,0,0,0,0,0,0,8,0,0,0,73,0,0,0,8,0,2,0,0,0,2,1,0,0,1,0,0,0,59,2,0,0,0,0,0,0,0,0,0,4,0,0,0,0,0,0,0,1,32,0,0,0,0,0,1,0,0,0,0,0,31,59,1,0,0,0,0,1,0,0,0,0,0,110,1,36,2,0,0,1,0,0,80,0,3,1,47,1,0,0,1,14,0,0,0,0,0,0,8,0,1,1,0,34,0,0,5,0,0,17,0,0,0,0,5,3,0,0,0,0,2,1,0,0,0,12,20,0,1,9,1,0,5,3,0,0,0,0,0,6,0,12,769,0,0,0,0,0,0,493,0,0,58,0,0,0,0,0,15,1,0,1,0,0,7,0,0,0,0,2,0
0,0,0,0,0,0,63,22,0,0,0,0,1,740,6,0,0,3,1,0,12,17,0,3,0,1262,0,0,9,14,0,0,0,260,0,0,7,0,0,1,0,0,0,0,0,344,0,0,0,0,0,66,0,0,0,0,0,0,0,18,0,8,0,0,0,1,8,0,0,0,4,0,0,1,0,0,0,0,0,9,0,0,0,0,20,1,0,0,1,30,0,1,57,0,0,10,0,0,0,0,0,14,0,0,4,0,32,0,0,0,0,0,0,1,0,0,0,0,168,0,1,0,0,1,33,0,0,0,0,0,0,0,0,0,0,0,7,0,0,0,6,0,0,0,0,0,0,0,0,1,37,0,0,0,0,0,0,0,0,0,0,0,0,160,0,0,0,5,0,0,9,0,4667,0,0,0,0,1,293,0,0,0,0,0,12,0,0,0,0,0,5,40,1,2,0,1,5,0,0,0,0,0,1,0,0,29,0,0,5,0,2,0,0,0,0,0,41,0,1,0,0,0,0,0,0,0,0,0,8,2,100,0,0,402,0,0,0,0,0,0,0,0,0,0,0,0,0,17,0,0,3,0,0,0,0,0,0,0,2,7,6,0,0,0,0,0,0,0,0,0,0,0,408,0,6,1,1,1,0,0,0,0,337,3,0,53,0,0,2,0,0,0,0,0,7,0,3,0,0,52,0
0,0,0,0,0,0,0,38,0,0,0,0,1,0,19,0,0,0,0,0,0,21,0,0,0,2060,2,0,198,34,0,0,0,91,0,0,14,0,0,0,0,0,0,28,0,172,0,0,0,0,0,0,0,0,0,0,0,0,0,8,0,0,0,2,0,0,20,0,3,115,9,0,0,10,0,2,0,0,0,2,0,1,363,0,0,7,3,0,0,0,0,41,0,0,0,0,0,0,30,0,0,0,0,0,0,0,0,190,0,0,0,0,0,0,1,0,0,1,50,0,0,0,0,2,90,0,0,0,0,0,0,0,0,0,0,39,16,0,0,0,18,0,0,0,0,0,0,0,0,7,0,0,3,9,0,0,0,0,0,0,0,0,0,437,0,0,0,0,0,0,8,0,0,0,0,0,0,0,11,0,0,0,0,0,1,0,0,0,0,0,1,73,3,0,0,0,0,0,0,0,0,0,0,18,0,28,1,0,2,0,0,0,42,0,6,0,0,13,468,0,0,9,0,0,0,0,0,0,7,32,18,6,0,1031,0,0,0,0,0,8,8,0,0,0,2,101,0,0,0,0,0,0,0,0,27,2,38,0,6,4,0,0,0,1,0,0,0,0,0,321,0,2,2157,0,0,0,0,6,10,35,0,0,588,0,0,346,0,0,94,4,0,0,0,0,47,10,0,0,0,247,0
0,1,0,0,1,6,0,1,0,0,12,0,0,12,12,0,35,0,4,0,1,18,0,0,0,939,0,0,0,7,26,0,0,0,0,0,4,1,0,0,0,0,0,1,0,1,0,0,0,0,0,0,1,0,1,0,0,0,0,19,0,0,0,2,0,0,26,0,0,0,2,0,2,1,0,0,0,0,0,1,0,44,18,0,0,0,235,0,2,3,0,21,2221,0,0,0,0,0,5,1,10,0,0,11,0,0,0,3523,0,1,0,68,0,1,5,0,0,35,11,0,0,0,0,0,59,0,0,0,0,0,1,1,0,8,0,0,7,0,0,0,0,0,0,0,66,0,3,0,1,1,3,9,0,1,0,0,13,0,0,2,0,0,0,1,0,0,0,0,0,1,1,0,0,0,0,0,0,1,4,1,0,0,0,0,0,0,0,0,0,0,0,2,0,0,0,0,0,1,0,0,0,0,0,1,0,0,1,0,1,2,0,0,0,0,6,0,0,0,110,0,263,0,50,0,0,50,0,0,7,0,10,0,0,432,0,0,1,0,0,1,0,0,0,0,0,2,0,0,0,0,0,0,2,0,1,0,2,0,5,2,1,0,0,0,1,0,0,0,0,1376,0,0,73,0,0,0,0,2,0,1,0,0,49,0,0,0,0,0,0,4,0,0,0,0,3,0,1,0,0,18,0
1,0,0,0,0,0,0,11,0,8,0,0,0,0,127,0,1,0,0,11,0,0,0,0,0,2494,0,0,20,2,0,0,0,0,0,0,22,0,0,0,19,0,0,0,0,0,0,0,0,0,0,0,0,0,0,0,1,2,0,12,0,0,0,1,0,0,0,0,0,0,0,0,5,0,0,1,0,0,0,0,0,67,0,11,0,0,6,0,3,0,0,48,284,0,0,0,0,0,0,0,0,104,0,0,0,1,0,0,0,0,12,3,0,0,25,29,0,0,0,0,8,0,0,0,0,572,0,1,0,0,0,0,0,0,0,0,2,0,0,0,0,0,38,0,0,0,0,0,0,0,0,0,0,13,0,343,17,0,0,0,0,0,0,0,0,34,0,0,0,0,0,0,0,1,0,828,0,0,0,0,0,0,14,0,0,0,0,0,0,0,0,0,3,48,0,0,0,0,0,0,0,105,0,1,0,0,123,10,15,10,5,0,42,0,0,10,0,0,1258,0,0,0,0,0,0,0,0,0,0,0,0,5,0,60,47,0,0,384,0,1049,49,0,0,0,0,0,0,1,1,0,0,0,0,0,0,8,0,0,0,11,0,0,0,0,0,0,0,0,0,61,0,0,295,0,0,0,0,0,0,1040,0,0,0,0,0,126,0,31,0,0,0,0,0,0,0,0,5,0,0,0,0
0,0,0,0,0,0,6,0,0,0,14,0,0,0,2,0,0,0,0,0,0,17,31,0,0,519,0,0,0,0,0,0,1,23,0,0,27,2,0,0,0,0,0,0,0,0,0,0,0,0,0,0,0,0,0,0,0,0,0,0,0,0,0,28,0,0,51,0,20,0,0,0,0,0,0,0,0,0,0,7,0,161,3,0,0,7,0,0,0,25,0,0,0,0,0,0,0,0,33,0,11,0,0,0,0,0,0,0,0,1,0,10,0,0,0,0,0,0,0,33,22,0,0,0,49,0,1,0,0,169,0,0,0,0,0,0,0,0,0,0,0,0,60,0,15,1,0,0,0,0,0,0,0,0,9,0,56,0,0,0,0,0,21,0,0,0,0,0,0,53,0,0,1,0,0,949,0,0,0,0,0,0,0,0,0,0,1,0,122,0,0,0,0,0,0,0,0,0,0,0,3,0,0,0,4,1,212,0,5,0,0,0,19,0,0,0,0,0,1547,0,0,0,0,0,26,0,0,0,0,0,0,18,0,0,0,0,0,0,0,71,169,0,0,0,0,0,0,0,0,0,5,0,2,0,6,0,0,0,0,0,0,0,0,0,0,0,0,0,1,18,0,0,146,0,0,0,0,0,1,4800,0,0,25,0,0,0,0,0,3,17,0,0,0,0,196,0,0,0,0,148,0
0,0,0,0,0,0,0,0,0,0,5,0,1,42,26,0,0,0,0,0,0,0,0,1,0,976,2,0,3,19,236,0,0,47,0,0,2,129,0,0,0,0,0,0,0,0,88,6,25,0,113,0,0,0,0,0,0,0,0,0,2,0,0,3,0,0,0,0,0,0,0,0,0,0,0,1,0,0,0,149,0,0,62,0,0,1,1,0,0,30,1067,8,0,0,0,0,0,0,0,0,0,0,0,0,0,0,0,0,0,0,0,0,0,17,0,0,0,0,210,0,0,0,0,3,1,0,0,0,0,0,0,37,0,0,0,0,30,0,2,0,20,1,0,0,0,0,0,0,0,0,7,119,0,0,1,0,0,459,0,0,0,0,0,0,0,0,0,0,0,0,0,0,0,0,0,0,0,308,0,16,0,0,0,0,13,0,0,0,0,0,0,81,1,0,34,0,0,0,0,0,0,0,0,0,0,8,3,0,1,1,0,0,0,15,0,0,338,404,106,0,0,35,0,0,0,0,0,0,161,0,191,0,0,42,23,0,0,0,1,1,0,0,0,0,0,0,0,0,0,0,0,0,64,0,168,7,10,0,0,0,9,0,0,1,0,0,0,0,0,10,7,28,16,0,0,0,45,0,0,3901,1,0,0,0,0,1,0,1,0,0,0,0,0,0,0,0,1,0,0,0,0
0,0,0,0,0,0,27,0,0,0,0,0,0,0,28,0,1,0,0,0,0,229,0,0,0,2848,0,0,60,6,0,0,0,67,0,0,0,401,0,0,0,0,0,0,0,2493,0,0,0,0,0,0,2,0,0,0,0,0,0,222,0,0,0,0,0,0,67,0,15,0,0,0,0,0,0,0,0,0,0,0,0,0,17,0,0,1,0,0,0,159,0,7,6,0,0,0,0,0,25,0,0,118,0,0,0,0,0,251,0,0,0,0,0,116,0,0,0,0,115,0,0,0,3,0,560,0,0,0,0,0,0,0,0,0,0,0,19,0,0,0,7,2,0,1,0,0,20,0,0,0,0,0,0,0,0,0,0,0,0,0,0,0,0,0,0,0,0,0,0,196,0,0,1,0,0,0,0,0,0,0,0,0,0,0,5,0,0,0,0,10,0,30,2,32,0,0,8,0,0,0,0,0,0,0,0,0,0,0,2,18,0,0,0,0,0,0,0,0,1,0,0,0,0,0,0,0,0,0,0,0,121,0,0,0,0,0,0,0,1,0,0,0,0,0,0,0,0,0,0,0,0,0,0,0,2,5,0,0,0,0,2,0,0,0,0,0,0,0,0,1,0,0,197,0,0,0,0,0,0,0,0,155,999,0,0,0,0,0,0,0,0,0,0,0,0,0,82,0,0,241,0
0,49,0,0,10,0,0,0,0,7,15,13,0,0,5,15,0,0,0,1,0,14,58,2,0,1079,0,1,2,29,0,0,59,15,0,0,0,15,0,0,0,1,0,0,0,49,0,7,0,0,0,0,0,0,0,0,0,0,0,9,35,0,0,10,0,0,23,0,0,0,11,79,175,22,0,0,3,0,0,16,0,255,37,21,0,0,4,0,14,129,0,3,0,0,0,0,0,0,14,0,0,0,9,0,0,1,0,0,0,3,0,59,0,0,19,0,0,0,8,0,21,0,0,0,32,0,322,53,79,0,0,6,0,0,6,0,58,0,0,6,1,0,116,16,72,87,14,0,76,0,198,0,0,94,324,0,0,0,0,0,1,43,19,28,0,99,0,0,109,33,0,0,0,0,28,779,21,0,0,0,0,216,150,0,7,0,0,70,0,0,284,0,0,188,0,0,0,0,0,0,67,0,1376,1,0,7,457,0,0,0,0,0,55,0,1,0,5,0,368,0,1,0,0,0,0,0,0,0,0,0,29,9,0,11,0,0,7,406,0,241,229,0,0,0,0,28,0,1,0,0,0,5,31,1,181,39,55,0,4,3,0,0,0,10,0,0,0,0,0,196,0,4,22,0,0,0,0,0,11,0,1,0,5,30,0,0,0,0,21,0,0,0,3,0,0,0,8,0,0,16,0
0,0,1,0,0,0,2,14,0,0,12,0,0,209,9,0,0,0,0,0,0,58,8,0,0,2823,0,0,11,3,89,0,0,115,0,0,1,0,0,0,0,0,0,62,0,0,0,0,21,0,0,0,0,0,39,0,0,0,0,10,2,0,0,1,0,0,310,0,0,108,14,0,6,0,0,0,2,0,0,0,0,194,5,0,632,2,0,0,0,14,0,9,0,0,0,20,0,0,0,0,0,0,0,0,0,0,0,0,0,0,0,71,0,0,0,0,0,0,0,9,4,0,0,0,141,379,1,1,0,0,0,0,0,0,0,0,0,0,0,0,0,0,0,0,0,1,0,0,12,0,52,0,0,0,1,0,11,1,35,0,0,0,1,0,0,0,0,0,34,14,0,0,1,0,0,125,0,0,58,0,0,0,29,0,0,0,13,0,0,0,0,0,3,121,0,0,0,0,0,0,0,68,0,70,0,0,101,1,0,1,0,0,103,0,3,0,11,1,113,42,5,0,0,0,0,0,1,0,31,0,0,0,0,6,0,0,0,0,0,11,45,0,22,0,0,0,2,0,0,0,0,0,0,0,0,0,0,0,0,17,0,0,0,0,0,0,19,0,9,29,0,0,38,0,1,0,0,0,0,3174,0,0,62,0,0,1,21,0,0,28,0,0,0,2,7,0,2,0,0,35,0
0,0,0,0,0,0,0,32,0,0,0,0,0,0,10,0,21,1,0,0,8,1,0,65,0,0,0,0,1,10,465,0,0,87,0,0,14,0,0,2,0,0,0,0,0,279,0,1,0,0,0,0,4,0,27,0,10,0,0,23,1,0,0,1,0,0,98,0,0,0,7,0,0,14,0,0,1,0,0,40,0,0,611,0,0,1,0,0,0,3,0,2,21,0,0,0,0,0,0,0,0,47,0,0,0,0,0,2585,0,0,0,0,0,76,0,0,0,0,24,0,0,0,0,0,36,0,0,0,1,0,0,0,0,0,5,0,4,0,0,0,20,0,0,1,0,0,2,0,2,9,2,7,0,9,0,0,22,0,0,0,0,0,0,0,0,0,0,0,1,0,0,0,1,0,0,0,6,0,0,2,0,0,0,0,21,0,0,0,0,0,0,93,1,1,0,37,0,1,0,0,0,0,0,1,0,33,3,3,7,1,12,0,0,0,1,1,0,0,252,0,1,0,0,0,0,0,0,0,32,0,185,1,1,44,0,0,1,0,1,1,0,0,1,0,2,2,0,0,0,0,0,0,0,1,1,1,28,0,1,20,2,0,7,0,1,0,0,0,18,24,0,0,501,6,45,0,0,0,0,3829,0,0,22,0,0,4,0,0,0,0,0,0,0,0,18,0,11,0,0,4,0
0,0,0,0,0,0,0,0,0,9,9,0,0,0,0,0,60,0,0,0,75,21,37,0,2,1155,0,0,19,0,0,0,106,29,0,0,10,0,0,0,0,0,0,0,21,3,0,0,2,0,0,0,0,0,0,0,1,0,0,223,2,75,0,6,0,41,10,0,0,0,0,0,0,134,0,0,0,0,0,33,0,288,0,0,81,26,75,1,0,71,0,0,0,0,0,0,0,0,0,0,13,0,0,0,0,0,0,0,0,0,0,327,0,5,37,0,0,0,0,0,4,0,0,0,6,101,0,0,51,0,0,3,0,1,0,0,0,0,0,0,0,0,0,0,18,0,0,0,0,0,33,0,0,82,0,116,0,0,39,0,0,0,0,0,0,0,0,0,57,10,0,0,0,0,0,331,0,0,0,0,0,0,95,0,14,0,0,0,0,0,0,5,6,0,0,0,0,0,0,0,23,452,0,0,0,2,223,0,5,3,0,0,39,0,1,0,0,0,2616,0,76,0,0,0,0,0,0,0,0,0,0,21,55,1,0,0,0,0,12,7,0,0,0,0,1,0,0,1,0,0,0,0,0,0,0,4,7,0,0,0,0,0,0,14,0,0,0,0,0,9,0,0,79,0,0,0,0,0,5,2127,0,0,7,0,0,0,0,0,135,38,0,0,0,0,0,0,3,0,0,52,0
0,0,0,0,0,0,1,0,0,0,2,0,1,3,10,0,0,0,0,0,84,121,8,9,0,735,0,0,66,4,61,0,0,25,0,0,2,6,9,0,19,0,0,2,0,5,0,0,0,0,0,0,1,0,0,0,0,0,0,485,0,0,0,0,0,0,0,8,201,0,32,0,10,0,0,0,3,0,0,157,1,328,28,0,46,26,76,1,10,5,0,13,58,0,0,101,0,0,21,0,0,0,0,0,25,0,0,2,0,0,0,6,0,0,30,34,0,0,0,0,0,0,5,0,27,0,208,0,0,3,5,0,0,0,0,0,1,4,0,0,0,0,0,0,0,35,0,0,0,0,52,3,0,0,1,469,0,1,0,3,5,32,2,0,1,0,0,1,162,0,0,0,0,24,0,187,0,0,14,0,0,138,38,0,0,0,0,0,0,0,0,9,0,160,0,0,0,0,0,161,0,136,0,0,73,49,171,2,39,1,0,0,311,0,16,0,7,0,1278,0,210,0,0,0,101,213,0,0,1,0,0,5,0,219,0,0,0,1032,0,97,68,0,0,0,0,0,0,1,0,0,0,0,2,0,0,11,154,0,13,6,0,0,0,8,25,0,0,0,0,28,0,48,205,0,0,0,0,3,5,337,0,0,185,0,0,0,0,0,0,9,0,0,0,0,6,0,4,0,0,292,0
0,0,0,0,0,0,0,0,0,6,3,0,0,3,40,0,4,0,0,1,16,41,0,0,0,1574,0,0,10,0,1,0,7,35,0,0,65,1,0,0,0,0,0,0,0,0,0,0,0,0,1,0,0,0,0,0,0,0,0,2,2,0,0,2,0,0,19,0,0,0,0,25,0,0,0,242,1,0,0,0,0,55,0,0,0,18,0,0,0,37,0,2,0,0,0,0,0,1,23,0,0,0,0,0,0,0,0,0,0,1,0,3,0,0,0,0,0,0,0,3,0,0,3,106,0,12,1,0,23,0,0,0,0,0,0,33,0,0,1,0,1,0,0,0,0,0,0,0,0,0,48,0,0,0,1,22,58,0,0,0,0,0,0,0,0,0,0,0,0,27,0,0,1,0,0,681,0,0,0,0,0,126,23,0,0,0,0,0,0,0,0,0,0,36,0,0,0,0,0,0,7,0,0,0,0,1,41,2,7,0,0,0,23,0,1,0,0,0,1439,0,24,0,0,0,0,0,0,1,0,0,1,0,0,48,0,0,0,0,0,51,34,0,19,0,0,0,0,0,0,0,0,0,0,0,0,2,11,0,1,1,0,0,0,0,0,0,0,0,4,10,1,0,2514,1,0,0,0,0,0,1969,0,0,64,0,0,0,0,0,0,1,0,0,0,1,100,0,5,0,0,176,0
0,0,0,0,0,0,0,0,0,0,0,0,0,183,30,0,0,0,0,0,36,48,0,0,0,16,0,0,62,187,740,0,1,57,0,0,49,0,0,0,0,0,1,25,0,0,0,0,0,0,3,0,0,0,0,0,0,3,0,111,0,0,0,0,2,0,22,0,0,100,0,0,0,0,0,0,0,0,0,14,0,1,0,0,12,67,0,0,0,42,0,473,0,0,0,0,0,0,25,0,0,74,0,0,0,0,0,177,8,0,1,135,0,0,0,0,0,0,129,2,0,0,0,0,154,0,0,0,0,0,0,1,0,0,0,30,168,0,0,0,13,0,0,0,496,0,18,0,0,0,0,0,0,0,0,0,0,0,22,115,0,0,0,0,0,0,0,0,0,0,0,74,0,14,0,0,0,0,179,0,0,0,0,0,0,0,0,0,0,0,0,254,12,0,0,2,0,0,0,0,22,0,0,0,1397,66,35,0,1,13,0,0,0,0,0,9,72,0,133,0,0,0,0,0,0,0,0,0,40,0,35,0,0,273,0,0,0,0,0,15,0,0,0,0,6,0,0,0,0,0,0,0,0,0,15,175,0,0,0,0,2,0,0,0,0,0,0,0,0,6,0,0,277,0,52,0,0,0,6,2248,0,0,665,0,0,0,0,1,3,0,0,0,0,0,44,0,3,0,0,0,0
0,0,0,0,0,0,0,0,0,0,2,0,0,0,0,0,0,0,0,0,0,71,8,1,0,3661,0,0,5,0,1,0,0,120,0,0,1,1,0,0,0,0,0,20,0,171,0,0,1,0,0,0,0,0,0,0,0,0,0,0,0,0,0,0,245,0,14,0,0,0,0,0,0,0,0,0,0,0,0,9,0,266,0,0,0,6,222,0,4,15,0,1,7,0,13,15,0,0,78,0,102,0,0,0,0,0,0,1,0,0,0,291,0,0,0,102,0,0,0,0,23,0,0,0,133,90,1,0,176,0,17,0,0,1,0,0,0,0,0,0,0,0,0,0,118,0,0,0,0,0,68,1,0,0,1,105,0,0,62,1,0,0,0,0,0,51,0,0,51,15,0,0,0,0,0,294,0,0,15,0,113,378,24,0,0,0,0,0,578,0,0,0,5,38,0,0,0,0,0,0,0,57,0,0,9,1,94,13,5,2,0,0,576,0,2,0,1,0,94,0,0,0,0,0,73,0,0,0,0,0,0,3,0,8,0,0,1,0,0,12,0,0,0,0,0,0,0,2,0,0,0,0,0,0,0,0,0,0,6,28,0,0,0,0,0,0,0,0,5,15,0,0,729,0,0,0,0,0,7,159,0,0,95,0,0,0,0,0,39,3,0,0,0,0,6,3,0,85,0,16,41
0,0,0,0,0,0,0,12,0,1,1,0,0,189,1,0,0,0,0,0,19,23,1,0,0,0,0,0,62,14,0,0,1,44,0,0,8,35,0,0,0,0,0,28,0,3,0,1,0,0,0,0,0,0,0,1,0,0,0,7,3,21,0,0,0,2,0,0,0,0,2,0,0,76,13,0,0,0,0,7,0,0,3,0,376,0,0,0,0,36,88,6,23,0,1,50,0,0,7,0,0,0,0,0,0,0,11,393,0,18,0,19,0,529,0,0,0,0,152,5,0,0,0,0,29,32,0,0,1,0,16,183,37,1,0,0,3706,0,0,0,4,0,1,1,0,301,9,6,0,8,8,16,0,0,1,0,0,0,0,32,0,0,0,102,0,0,0,0,0,0,0,0,1,0,0,0,0,0,512,1,0,0,0,0,1,1,0,0,12,0,0,29,1,0,0,0,0,0,0,0,0,0,0,114,20,4,0,0,0,0,1,0,7,0,5,5,39,1,0,5,0,0,0,0,0,0,1,0,37,0,68,0,0,172,0,0,0,0,0,0,0,0,0,11,0,0,0,1,0,0,3,0,3,0,8,1,0,0,5,3,2,0,0,1,0,0,0,0,0,901,0,0,0,0,0,0,0,0,1,1091,0,0,69,0,0,0,0,0,0,5,0,0,0,0,18,0,3,10,0,53,0
0,0,0,2,0,0,1,0,0,0,0,0,0,0,28,0,42,0,0,1,0,48,8,5,0,1698,0,7,3,13,0,0,0,88,0,0,6,0,0,0,160,0,0,0,0,87,0,0,0,0,0,0,0,0,0,0,0,0,0,0,5,0,0,0,0,0,36,0,2,0,0,0,8,0,0,0,0,0,4,0,0,86,0,0,0,0,0,0,0,16,0,4,3766,0,0,0,0,0,0,0,16,0,0,0,0,0,0,0,0,0,4,6,0,0,0,0,0,0,0,8,31,0,0,0,0,107,1,0,47,0,0,0,0,0,0,0,1,0,0,0,0,0,118,0,0,53,0,0,0,0,0,0,0,0,0,35,0,0,0,0,0,5,0,0,0,0,0,14,0,10,0,0,1,1,0,165,0,0,0,0,0,0,37,0,0,0,0,0,0,14,0,0,0,205,0,0,0,0,37,0,0,0,0,1,0,0,220,0,13,1,0,0,14,0,1,0,0,0,1304,0,11,0,0,0,0,0,0,0,0,0,0,0,0,0,0,0,0,0,0,0,66,0,0,0,0,0,0,1,0,0,0,0,0,1,0,0,0,0,0,4,0,0,0,2,0,0,0,0,0,122,0,1,127,0,0,0,0,0,0,953,0,0,45,0,0,0,0,0,0,0,0,0,0,0,0,0,0,0,0,80,0
0,0,0,0,0,0,1,9,0,0,2,0,0,0,8,2,16,0,0,0,0,56,22,1,0,2199,0,0,14,27,1,312,0,0,0,0,410,109,0,0,0,0,0,0,0,144,0,0,0,0,0,0,0,0,0,0,0,0,0,60,0,0,1,10,0,0,0,0,0,389,0,0,3,1,0,0,0,0,2,0,0,175,335,0,0,0,0,0,3,39,0,1,38,0,0,1,0,0,0,0,0,0,0,0,0,0,0,0,0,0,0,77,0,0,21,0,0,0,153,0,0,0,2,0,295,0,1,0,43,0,0,7,0,0,47,0,1,0,0,0,1,0,0,14,0,25,0,0,0,2,0,0,0,29,0,87,48,0,0,0,0,28,0,1,0,0,0,1,50,42,0,25,1,0,0,325,0,130,0,0,0,0,17,0,37,1,0,0,476,0,0,48,4,50,0,1,0,0,0,0,8,99,0,0,2,21,223,4,3,1,11,0,64,0,0,0,9,0,73,0,152,0,0,0,0,0,0,0,0,0,0,2,0,1,13,0,0,114,0,7,202,0,0,6,0,0,0,1,0,0,0,1,2,0,6,72,6,0,7,0,0,0,0,3,0,0,16,0,0,1,0,3,597,0,0,0,5,0,6,899,0,0,682,0,0,0,0,2,0,0,0,0,0,0,139,0,12,0,0,49,0
0,0,0,0,0,0,0,1,2,0,13,4,0,1,0,0,0,3,0,0,10,68,6,0,0,1226,9,0,0,0,558,0,0,68,0,0,140,207,6,0,0,0,0,9,0,587,0,0,0,0,0,0,1,0,3,0,0,0,0,246,0,0,0,0,5,0,83,0,0,0,17,0,0,9,0,0,0,1,0,218,8,87,226,0,0,0,90,0,0,11,0,0,1,0,6,0,0,0,13,93,0,0,0,0,0,0,1,1,0,0,0,264,0,1,6,10,0,0,0,0,8,0,0,0,265,111,0,0,105,12,10,0,0,0,0,0,0,0,0,0,0,0,0,0,15,0,0,0,0,0,85,5,0,0,0,0,0,0,39,3,0,0,0,1,0,0,0,0,52,83,0,0,0,0,0,126,0,103,90,0,10,0,23,0,0,0,0,0,886,0,0,12,0,57,0,0,0,0,0,0,0,106,1,38,0,0,0,0,4,0,0,1,210,0,1,0,12,1,993,17,44,0,0,1,0,235,0,0,2,0,27,0,0,27,0,0,30,0,0,0,206,3,0,0,0,0,0,1,0,14,22,3,7,0,12,182,0,0,16,23,4,0,0,2,0,0,0,0,0,1,0,0,61,0,0,0,0,0,26,242,0,0,270,0,0,0,0,0,107,75,0,0,0,0,26,0,1,16,0,520,0
0,0,0,0,0,0,0,0,0,0,0,0,1,0,35,0,0,0,0,0,0,13,0,0,0,3954,0,0,8,0,0,0,0,22,0,0,9,8,0,0,0,0,0,0,9,42,0,0,0,0,0,0,0,0,0,0,0,0,0,0,0,0,0,0,0,0,486,0,0,0,14,0,0,19,0,0,0,0,0,0,0,0,0,0,0,0,0,0,0,6,0,11,3,0,0,4,0,0,5,0,0,0,0,0,0,0,0,45,0,1,1,0,0,1,0,33,0,0,5,0,3,0,0,48,0,405,0,0,0,0,1,3,0,0,0,0,120,0,0,0,65,0,51,0,0,0,0,0,0,0,0,1,95,12,0,32,0,0,0,1,0,0,0,0,0,0,0,0,0,0,0,0,0,0,0,162,0,0,0,0,0,0,20,0,0,0,0,0,0,0,0,0,2,184,0,0,0,0,0,0,4,0,0,0,0,6,0,12,10,2,0,0,101,0,0,0,106,0,1980,0,0,0,0,0,35,0,0,0,2,0,0,0,0,104,0,0,0,0,0,28,0,60,0,0,0,0,0,1,0,0,0,0,0,0,0,9,9,0,0,8,3,0,0,18,0,0,0,0,0,93,0,0,138,0,0,0,0,0,0,1220,0,0,6,0,0,0,0,0,18,0,0,0,0,0,47,0,22,0,0,25,0
0,0,0,0,0,0,9,8,0,0,0,0,0,63,9,0,0,0,0,0,36,45,4,0,0,861,0,0,3,0,1667,240,0,111,0,23,2,0,0,0,0,0,0,33,0,196,0,0,4,0,0,0,0,0,12,0,0,2,0,345,0,8,0,0,0,4,45,0,1,2,30,0,0,74,279,0,0,0,0,169,0,90,0,5,10,1,0,12,0,24,1,0,6,0,0,0,0,0,26,0,22,0,0,0,2,0,0,0,1,0,0,4,0,1,0,0,1,0,0,13,0,0,0,0,0,296,2,0,64,86,6,1,1,0,0,0,0,3,0,0,0,0,0,0,0,0,0,0,0,0,14,1,0,0,1,316,0,0,0,42,0,4,17,4,0,33,0,0,72,79,0,0,1,0,0,303,0,253,11,0,0,233,0,1,0,0,0,0,128,0,0,12,0,61,0,0,0,2,0,0,16,0,0,1,0,0,55,0,4,0,0,0,24,0,1,0,6,4,703,19,0,0,0,0,35,21,0,0,12,0,0,3,0,3,0,0,0,0,15,2,93,22,71,0,0,0,2,0,0,0,8,0,0,0,1,1,1,0,0,0,0,4,0,0,69,0,0,26,0,395,0,0,242,0,0,0,2,2,2,1331,0,0,100,0,0,0,0,0,19,0,0,0,0,0,39,0,3,65,0,17,14
0,0,0,0,0,0,116,30,0,0,0,1,0,83,108,0,0,0,0,0,0,6,0,0,0,313,0,0,0,0,626,0,0,93,0,0,0,451,0,0,1,0,0,1,0,6,0,0,0,0,0,0,0,0,19,0,0,0,0,248,0,1,0,0,0,0,90,0,0,0,7,0,0,0,0,0,0,0,0,0,0,0,0,0,1,0,0,0,0,56,1,0,0,0,0,0,0,0,17,0,0,0,0,0,8,0,64,217,0,0,0,0,0,36,0,0,0,0,82,0,0,14,0,9,0,0,0,0,3,0,2,2,0,0,0,0,0,0,0,0,3,0,0,0,0,0,0,0,0,0,3,3,2,0,0,0,0,0,0,1,0,0,0,4436,0,0,0,0,0,0,0,0,0,0,0,0,0,2,41,0,0,0,0,0,0,0,0,0,25,0,0,0,5,0,229,0,0,1,0,0,0,0,0,0,0,270,5,0,0,2,0,0,4,0,3,0,0,20,0,3,0,46,0,1,0,2,0,0,10,0,1,0,0,1063,0,1,0,0,0,0,0,0,72,0,0,0,0,0,0,0,18,4,0,0,0,0,0,0,29,0,5,0,0,0,0,0,0,185,0,239,0,0,62,0,0,0,4,0,1,353,0,0,8,0,0,0,0,0,4,0,0,0,0,0,1,0,0,42,0,83,0
0,2,0,0,0,0,1,50,0,0,2,0,0,0,0,0,0,2,8,0,0,59,0,2,0,2286,0,0,7,10,148,0,0,296,0,0,3,0,0,0,0,0,0,0,0,173,0,0,0,0,1,0,0,1,0,0,0,0,1,4,0,0,0,1,0,0,255,0,0,15,0,0,0,0,0,0,3,0,0,3,0,72,22,0,0,0,0,0,1,40,0,0,0,0,0,0,0,0,0,0,26,0,0,0,0,0,0,0,0,0,0,84,0,0,19,0,0,0,0,0,0,0,0,0,322,13,1,31,21,0,0,0,0,0,0,0,0,0,0,0,0,0,59,0,15,1,0,0,0,0,91,0,0,57,0,0,0,0,1,0,0,0,0,1,0,0,0,0,0,8,3,0,1,0,0,265,0,0,2,0,0,0,18,1,0,0,0,0,0,0,0,31,2,48,0,0,0,0,0,0,138,0,0,1,0,1,114,0,16,1,0,0,11,0,0,0,12,0,1563,23,5,1,0,1,0,0,0,0,0,0,0,0,0,8,0,0,2,0,0,11,0,0,0,0,0,42,5,0,0,0,0,0,0,0,0,1,4,0,0,0,2,0,4,1,0,0,0,0,5,5,0,18,178,0,0,0,0,0,0,2824,0,0,263,0,0,0,0,0,23,0,0,0,0,0,11,0,16,0,0,110,0
0,0,0,0,0,0,0,0,0,0,0,0,0,0,28,0,0,0,0,0,0,13,0,2,0,985,0,0,19,78,322,0,6,335,0,0,397,168,0,0,1,0,0,0,0,0,0,2,3,0,0,0,0,0,0,0,0,0,0,0,0,0,0,1,0,0,0,0,105,0,72,0,0,0,0,0,1,0,0,0,0,0,408,0,0,1,2,0,0,144,0,46,12,0,0,0,0,0,0,0,0,0,0,0,0,0,0,807,0,0,0,0,0,0,0,0,0,2,470,0,0,0,0,1,93,0,0,0,0,0,0,0,0,1,0,11,248,0,0,0,12,0,0,0,0,0,33,9,2,0,11,0,0,21,1,0,0,0,0,0,14,0,0,0,0,0,0,0,0,0,0,0,0,0,0,0,0,0,0,0,0,0,0,0,0,0,0,0,0,0,0,52,1,26,0,0,0,0,0,0,0,16,0,0,0,4,1,0,0,1,0,0,0,0,32,1,0,0,286,0,104,32,0,0,0,0,0,0,245,0,0,1,0,76,0,0,8,0,0,0,0,0,223,0,4,18,0,0,0,0,0,0,23,0,101,1,4,0,4,0,0,0,0,1,0,0,0,0,11,121,0,0,106,0,3,0,0,0,0,2489,0,0,726,0,0,0,0,0,0,0,0,0,5,0,307,0,3,0,0,81,0
0,0,0,0,0,0,0,0,0,0,0,0,0,273,20,0,6,1,0,0,0,46,0,0,0,2830,0,0,277,0,138,0,0,34,0,0,4,0,0,0,0,0,0,0,0,145,0,0,0,0,8,0,0,0,0,0,0,0,0,143,0,0,0,0,0,0,187,0,0,0,0,0,0,2,0,0,0,0,0,57,0,0,0,0,0,1,1291,0,0,71,0,0,0,0,3,0,0,0,38,0,0,0,0,0,0,0,0,527,0,0,0,0,0,192,0,0,0,0,197,0,0,0,0,5,35,0,0,0,0,0,0,206,0,0,0,0,21,0,0,0,6,0,0,0,112,0,0,0,0,0,40,14,0,0,1,0,0,0,0,76,0,0,0,0,0,0,0,0,0,0,0,1,1,0,0,0,0,42,0,0,0,0,0,0,0,0,12,1,0,0,0,172,22,0,0,0,0,0,0,0,0,0,0,0,0,17,3,0,2,6,0,0,0,0,24,0,0,0,37,0,65,0,0,0,0,0,0,0,48,0,177,0,0,239,0,0,0,0,0,0,0,0,0,0,0,0,0,0,0,0,4,0,0,0,0,5,2,0,0,9,0,0,0,0,0,0,0,47,0,1,0,77,53,0,0,0,1,0,0,1464,0,0,349,0,0,0,0,0,52,0,0,0,0,0,11,1,0,0,0,45,0
0,0,0,0,0,0,3,15,0,0,0,0,0,229,7,0,0,0,0,0,83,140,0,1,0,1901,0,0,2,0,0,0,0,38,0,0,4,0,0,0,0,0,0,29,0,302,0,0,0,0,0,0,0,0,0,1,0,0,0,146,0,29,0,0,0,53,70,0,0,0,88,1,0,6,0,0,0,0,0,41,0,0,0,0,0,4,39,0,0,89,0,3,0,0,0,0,0,1,46,0,0,0,0,0,19,0,103,332,0,0,0,0,0,0,0,0,0,0,197,0,0,0,0,1,54,0,0,0,0,0,65,123,0,0,0,0,2,0,0,0,459,0,0,0,0,0,0,0,0,0,37,96,0,0,1,0,0,0,0,184,0,0,0,1,0,0,0,0,0,0,0,0,1,0,0,0,0,142,0,0,0,0,0,0,0,0,1,41,0,0,0,51,1,0,0,0,0,0,0,0,0,0,0,0,0,42,0,0,1,1,0,0,0,0,17,0,0,96,266,0,0,11,0,0,0,0,0,0,79,2,46,1,0,22,0,0,0,0,0,0,0,0,0,0,0,0,1,0,0,0,90,0,0,0,0,0,171,0,0,6,0,0,0,0,0,0,0,0,0,0,0,0,54,0,4,0,836,0,0,2558,0,0,267,0,0,2,0,0,6,0,0,0,0,1,0,0,1,0,0,144,0
0,0,0,3,0,0,1,0,0,0,0,0,0,0,15,0,0,0,0,0,0,8,0,3,0,4302,0,0,1,0,0,0,0,28,0,0,0,0,0,0,0,0,0,0,0,7,0,0,0,0,1,0,0,0,0,0,0,1,0,0,0,0,0,0,0,0,72,0,2,0,0,0,0,0,0,0,0,0,0,1,0,0,0,0,0,3,116,0,0,0,0,0,77,0,0,0,0,0,1,0,0,182,0,0,0,0,0,342,0,0,0,0,0,0,0,0,0,0,0,0,0,0,3,3,29,4,0,0,0,0,0,0,0,0,0,0,74,0,0,0,0,0,0,0,0,0,0,0,0,0,0,0,0,0,0,47,0,0,0,37,0,0,0,0,0,0,0,0,0,0,7,0,1,0,0,0,0,0,0,0,0,0,0,0,0,0,0,0,0,0,0,51,0,0,0,0,0,0,0,0,0,0,0,0,0,0,0,0,0,0,151,0,0,0,0,0,0,0,143,0,0,0,0,0,0,0,0,0,0,0,0,0,0,0,0,0,0,0,0,0,0,0,0,0,0,0,0,0,0,0,0,0,0,0,0,0,43,0,0,0,0,0,0,0,1,0,0,0,0,15,0,0,0,0,0,0,0,0,0,4060,0,2,59,0,0,0,0,0,0,4,0,0,0,0,44,0,5,0,0,53,0
0,0,0,0,0,0,20,0,0,0,26,0,1,0,15,5,10,0,0,0,0,229,3,0,0,2133,0,0,17,1,10,0,0,162,0,0,1,2,0,0,0,0,0,0,0,65,0,0,0,1,0,0,0,0,0,1,0,0,0,17,22,0,1,95,3,0,28,0,0,0,52,0,0,0,0,61,3,0,0,15,0,322,0,0,0,0,66,0,0,8,0,46,1,0,0,0,0,0,30,4,0,0,0,0,0,0,0,0,0,0,2,365,0,0,0,8,0,0,0,0,17,0,0,0,81,0,1,0,107,0,0,0,10,0,0,0,0,0,1,0,1,0,0,0,0,0,0,0,10,0,33,0,2,62,0,0,9,0,0,19,1,31,0,0,0,31,2,0,36,15,0,0,1,0,0,606,0,148,0,7,0,112,75,1,10,0,0,0,0,0,0,4,0,113,0,0,0,0,9,26,0,0,0,0,0,1,135,2,2,1,0,0,351,0,0,0,0,0,285,0,1,0,0,0,27,0,0,0,0,0,18,0,0,7,0,0,40,0,0,83,68,0,0,0,1,0,3,0,0,0,0,3,0,0,0,26,3,0,6,14,0,0,0,1,9,0,0,0,0,70,0,0,1231,0,0,0,0,0,3,1684,0,0,333,0,0,0,0,0,14,55,0,0,0,0,9,0,2,0,0,83,0
0,0,0,0,0,0,30,0,0,0,2,2,0,168,3,2,0,0,0,0,38,194,10,0,0,1356,0,6,9,0,0,0,0,81,0,0,27,0,0,0,0,0,0,0,0,836,0,1,0,0,0,0,0,0,0,0,0,0,0,405,20,0,0,0,0,81,93,0,0,0,33,0,0,0,0,0,3,1,0,265,0,78,116,0,0,2,235,0,0,24,1,0,1,0,0,0,6,0,40,0,0,0,0,0,0,0,0,0,0,0,0,19,3,0,27,0,0,0,0,0,4,0,0,0,38,0,0,0,53,0,0,3,1,0,0,0,1,0,0,0,1,0,109,0,0,0,0,0,0,0,131,0,0,11,1,116,0,0,0,0,1,29,0,16,0,0,0,0,45,17,4,0,1,0,0,684,0,0,0,0,0,140,17,0,0,0,2,0,0,0,117,35,0,144,0,0,0,0,0,0,10,0,0,1,0,2,76,0,14,0,0,24,37,0,3,0,0,1,1146,0,0,0,0,0,27,0,0,0,0,0,0,0,0,1,0,0,0,0,10,3,114,0,0,0,0,0,0,6,0,0,0,3,41,1,11,6,5,0,0,22,2,0,0,4,1,0,0,0,0,1,0,0,60,0,0,1,0,6,0,1945,0,1,318,0,0,0,0,0,81,3,0,0,0,0,7,0,7,0,0,69,0
0,0,0,0,0,0,9,0,0,0,13,0,0,367,76,0,52,0,17,0,0,11,34,0,0,2460,0,0,17,0,0,0,0,37,0,0,10,47,0,0,0,0,0,0,0,0,0,0,0,0,0,0,0,0,0,0,0,3,0,269,0,14,0,5,1,1,158,0,0,22,0,0,27,101,0,776,0,0,0,11,0,80,0,0,0,11,0,0,12,39,0,159,0,0,0,0,0,0,40,0,0,0,0,0,0,0,0,0,0,0,19,48,0,0,0,0,0,0,12,0,30,0,1,0,21,44,1,0,0,0,0,0,0,0,0,0,1,0,0,0,0,0,40,22,1,0,19,0,0,24,88,0,0,0,1,0,0,0,0,0,0,0,0,13,0,0,0,0,65,16,1,23,1,0,0,158,0,0,0,0,0,398,0,0,0,0,0,0,0,0,0,8,6,64,0,0,0,0,0,0,11,132,0,0,0,27,0,0,10,2,0,0,30,0,0,0,2,0,2518,14,0,0,0,0,0,0,0,0,4,0,0,0,0,0,0,0,0,270,0,16,0,0,0,0,0,0,0,1,0,0,26,0,0,0,0,15,0,0,0,0,2,0,0,4,0,0,0,0,0,19,0,0,344,0,0,0,0,0,1,167,0,0,178,0,0,0,0,0,118,0,0,0,0,0,43,0,2,0,0,48,0
0,0,0,0,0,0,1,15,0,0,2,0,0,0,15,28,45,0,0,1,0,37,7,0,0,940,0,0,8,15,0,263,0,21,0,0,1,0,0,2,0,0,0,0,0,3,0,0,1,0,0,0,0,0,0,0,0,0,0,4,5,0,1,0,0,0,0,0,0,0,0,0,0,14,0,0,0,0,0,3,0,205,0,0,0,0,0,0,7,31,351,0,7,0,1,1,0,0,5,1,0,140,0,0,0,0,0,2,0,0,0,44,0,0,0,0,0,0,0,0,24,0,0,28,2,0,0,0,29,0,0,0,0,0,0,0,0,0,0,0,5,0,56,0,0,1,0,0,0,1,70,0,0,20,1,87,48,0,0,0,1,43,0,1,0,0,0,1,0,0,0,0,1,0,0,375,0,0,0,0,0,0,74,14,0,0,0,9,0,0,0,0,2,118,0,0,0,0,0,0,9,107,0,0,1,0,0,37,4,1,0,0,14,0,1,0,0,0,88,0,45,0,0,0,0,114,0,0,0,0,0,0,0,24,131,0,0,246,0,0,0,0,0,0,0,0,3,0,0,0,0,0,0,0,7,0,0,0,1,1,0,0,0,2,69,0,0,0,0,4435,0,0,132,0,0,0,0,0,1,1219,0,0,32,0,0,0,0,0,0,3,0,0,0,0,6,0,7,0,0,30,0
0,0,0,2,9,0,0,18,0,9,13,0,11,1,33,0,20,10,8,0,25,47,33,0,0,1502,3,0,59,0,0,0,0,0,2,222,0,252,0,0,19,0,0,67,1,344,0,0,0,3,0,19,0,0,0,0,0,0,0,95,10,4,2,6,232,104,463,39,0,0,87,0,9,2,0,0,0,0,0,44,0,165,267,41,74,0,98,0,2,15,0,87,1,0,3,0,0,0,9,6,55,0,0,25,0,0,0,0,0,76,32,131,0,1,6,35,1,0,0,0,3,6,0,0,0,92,2,0,118,10,3,1,112,0,0,0,8,0,0,7,1,0,0,0,18,0,6,0,0,2,39,51,0,6,12,50,0,0,0,0,5,28,0,0,1,42,0,0,63,440,0,0,1,0,0,481,0,0,14,0,0,0,25,0,0,0,0,0,875,1,0,0,0,77,0,0,1,0,11,484,1,0,0,3,0,1,154,13,5,0,0,0,139,0,0,0,2,0,152,24,69,46,0,0,75,0,0,0,0,0,1,33,0,18,0,0,6,0,0,169,115,0,0,0,0,0,0,1,0,0,27,3,27,0,39,127,8,0,11,61,0,0,0,10,0,0,0,0,0,47,0,7,29,0,8,0,0,1,27,3,0,0,268,0,0,0,0,1,26,49,0,0,0,0,0,0,0,0,0,147,0
0,1,0,0,0,5,0,65,1,3,11,6,0,21,0,0,39,7,9,0,139,141,5,0,0,1,0,5,63,62,377,0,6,53,0,0,2,275,0,0,0,1,0,56,11,106,0,0,0,0,0,0,0,1,38,1,0,0,0,277,0,0,0,0,0,4,57,0,3,0,93,0,6,352,0,0,0,0,0,412,0,62,394,4,0,2,64,0,0,39,0,46,0,24,0,7,0,4,73,27,11,0,0,114,0,0,0,0,0,0,4,233,0,1,12,0,0,0,0,3,0,0,0,0,15,68,0,1,62,40,24,3,0,0,0,1,0,0,0,0,0,0,0,0,13,1,0,0,0,0,50,0,0,6,1,76,0,0,0,47,17,22,8,0,0,0,1,0,0,36,11,0,0,0,0,736,0,0,3,0,0,90,25,0,0,0,0,1,632,0,0,11,2,50,0,0,0,0,0,0,415,210,1,1,0,1,44,1,0,0,0,1,27,0,1,0,4,112,1101,17,55,0,0,1,0,0,0,0,0,4,38,0,23,8,0,13,1,0,0,5,90,0,0,0,0,0,0,0,0,12,0,0,19,1,28,35,0,1,7,235,0,0,0,4,0,0,0,0,13,5,0,89,35,0,0,0,0,1,7,1016,0,0,175,0,0,0,0,0,84,56,0,0,0,0,41,1,2,0,0,73,0
0,0,0,0,10,0,0,19,0,0,5,4,4,1,56,0,0,5,74,0,3,9,57,4,0,132,0,0,22,0,1,0,0,228,0,0,1,28,0,0,0,0,0,0,0,0,0,0,21,0,0,0,2,0,0,0,1,0,0,3,21,0,2,0,2,0,11,0,0,0,6,0,0,2,0,0,3,0,0,6,0,541,115,34,0,0,4,0,3,15,0,44,170,0,12,26,0,0,0,55,0,0,0,0,0,0,0,0,0,0,0,116,0,0,36,53,0,0,0,0,21,8,0,0,84,243,0,0,45,0,0,0,0,1,0,0,2,0,2,0,0,0,0,63,31,84,0,0,0,12,29,1,8,0,1,181,46,373,0,0,1,0,0,0,0,0,0,0,166,0,0,0,1,0,0,824,0,6,0,0,0,0,43,0,0,0,0,0,294,0,0,20,8,464,0,0,0,0,0,0,2,220,0,0,0,4,119,0,8,1,0,0,96,24,1,0,6,1,1983,0,13,0,0,0,71,0,0,1,5,0,1,28,0,0,151,0,0,0,0,150,105,103,0,1,0,0,0,2,0,0,164,1,9,0,6,0,0,0,4,0,1,0,0,0,0,1,0,0,0,654,0,0,316,6,1,0,0,1,3,520,2,0,57,0,0,0,0,0,14,39,0,0,0,0,13,0,53,0,0,17,0
0,0,0,2,0,0,60,0,0,0,0,0,3,0,29,0,0,0,0,0,0,0,0,1,0,4109,0,0,5,0,0,0,0,0,0,0,6,9,0,0,0,0,0,0,0,0,0,0,0,0,1,0,0,0,0,0,0,0,0,0,0,0,1,0,0,0,197,0,0,52,8,0,0,0,0,0,0,0,0,0,0,0,0,0,0,1,0,0,0,0,0,19,67,0,0,0,0,0,0,0,0,20,0,0,0,0,0,878,0,2,0,0,0,28,5,4,0,0,33,0,0,0,0,2,0,0,0,0,0,0,0,0,0,0,0,0,10,0,0,0,115,0,0,1,0,0,4,0,0,0,4,0,3,4,0,0,0,0,0,0,0,0,0,0,0,0,0,0,0,0,0,0,1,0,0,0,0,0,59,0,0,0,0,0,0,0,0,0,0,0,5,0,0,10,0,0,0,0,0,0,0,0,0,0,0,45,0,0,6,0,0,0,0,0,0,0,50,0,0,0,0,0,0,0,0,0,0,0,0,0,0,0,0,1451,0,0,0,0,0,1,0,0,0,0,12,0,0,0,0,0,0,0,0,0,0,1,4,0,0,0,0,0,0,0,0,0,0,0,0,247,0,0,380,0,1,0,0,0,0,2004,0,0,0,2,0,0,0,1,0,0,0,0,0,0,0,0,18,0,0,20,0
0,0,0,0,0,0,1,0,0,9,3,0,0,0,1,0,66,0,0,0,0,91,5,0,0,203,0,0,3,117,266,0,0,1,2,0,26,38,0,0,0,0,0,0,0,0,0,0,2,0,0,0,0,11,0,1,0,1,0,0,8,0,0,2,0,1,157,14,2,12,18,0,0,0,0,0,0,0,0,4,0,261,399,0,0,7,123,0,0,42,0,43,2,0,0,1,0,0,0,0,0,0,0,0,0,0,0,217,0,0,3,27,0,0,0,0,0,0,0,0,0,0,0,0,31,9,179,0,15,0,0,0,0,0,0,0,0,0,0,0,0,0,0,10,0,1,0,0,0,0,116,0,0,0,0,31,83,1,0,0,0,0,0,0,0,0,5,0,93,421,0,1,1,3,0,387,0,0,0,0,0,249,24,0,0,1,2,0,0,0,163,23,0,93,0,0,0,0,0,0,0,56,0,1,28,0,0,12,23,2,0,0,22,0,3,87,0,0,1970,0,0,0,0,1,43,0,0,0,0,0,0,0,0,15,0,0,0,0,10,0,0,0,0,0,25,253,0,1,0,0,0,0,26,0,130,37,0,0,0,0,0,0,0,0,0,0,0,0,0,1,0,0,321,0,0,0,0,0,0,2472,0,0,115,0,0,0,1,0,0,0,0,0,0,0,0,0,0,0,0,223,0
5,0,0,0,0,0,0,0,0,0,0,0,0,22,109,0,0,0,0,0,10,0,1,0,0,487,0,0,68,6,174,0,27,166,0,16,62,0,0,0,0,0,0,27,0,298,0,0,6,0,3,0,0,0,0,0,4,0,0,0,0,0,0,0,0,0,0,0,0,0,15,0,1,5,0,177,0,0,0,1,0,0,0,0,99,0,2,0,0,127,0,47,1,0,3,0,0,0,53,0,0,0,0,0,1,0,0,661,0,0,0,281,0,107,0,2,0,0,0,1,0,0,0,0,876,0,0,0,0,0,56,0,1,2,0,0,237,0,0,0,0,0,0,0,0,0,0,0,0,0,14,0,0,0,0,0,0,0,0,50,0,0,0,0,0,1,0,0,0,0,0,0,1,0,0,34,0,44,0,0,0,0,0,0,0,0,0,0,0,0,0,229,0,0,0,0,4,0,0,0,0,0,0,1,0,0,0,0,0,9,0,0,0,0,0,0,0,0,0,0,0,0,0,0,0,0,0,0,29,0,30,0,0,62,0,0,0,0,0,0,0,6,0,0,0,0,0,0,0,0,1,1,0,0,25,0,0,0,0,2,0,0,0,0,1,0,1,0,0,12,0,0,521,0,11,0,0,0,0,4408,0,0,83,0,0,0,0,1,0,29,0,0,0,0,129,0,7,13,0,0,0
0,0,1,1,0,0,26,0,0,1,1,0,0,0,1,0,0,0,1,3,0,88,0,0,0,2438,0,0,0,1,0,0,0,0,3,0,0,0,9,1,0,1,0,0,0,294,0,0,0,0,1,0,0,0,0,0,0,0,0,217,0,6,0,1,0,0,9,0,0,0,22,0,0,1,0,0,0,0,0,65,3,1,0,1,0,0,278,0,0,178,0,1,1,0,0,0,0,0,111,2,0,24,0,0,0,0,0,0,0,0,0,0,0,4,0,0,1,0,0,0,11,0,0,0,165,421,3,0,54,0,0,0,0,0,0,0,0,0,0,0,0,0,92,0,1,0,0,106,0,0,36,0,0,3,1,40,0,0,0,0,0,11,22,0,0,63,0,1,46,10,0,0,1,1,0,452,0,62,17,0,0,0,23,0,0,0,0,0,286,0,0,0,0,82,0,0,0,0,0,0,0,128,0,1,0,1,124,0,0,0,0,0,291,0,2,0,0,0,77,0,1,18,0,1,36,0,0,0,0,3,0,3,0,0,49,0,1,297,0,6,52,0,0,0,0,59,3,0,0,35,0,8,10,0,0,0,2,0,12,0,0,0,0,41,1,0,0,0,0,0,0,0,72,0,0,0,3,0,11,2606,0,0,0,0,0,0,0,0,0,47,0,0,0,63,0,0,3,0,0,139,0
0,11,0,0,32,0,0,0,0,0,23,0,0,202,0,0,0,0,0,0,0,81,12,4,0,179,0,0,1,1,129,0,0,119,0,0,11,309,0,0,0,0,67,51,0,65,0,0,21,1,0,0,0,0,0,0,0,0,15,0,0,0,0,0,26,0,4,0,10,0,0,0,0,0,0,0,0,0,0,223,0,290,0,0,0,0,126,0,0,21,1,16,0,0,0,0,0,0,73,1,103,0,0,0,0,0,0,0,0,1,1,129,0,0,8,27,0,0,0,35,0,0,0,0,0,160,1,0,66,0,0,0,0,0,0,0,0,0,0,0,0,0,0,0,18,0,0,0,0,0,0,0,0,0,1,0,0,0,1,13,0,0,0,0,0,46,0,0,0,0,0,0,0,3,0,676,0,0,21,0,0,0,28,8,0,0,4,0,0,0,0,0,0,39,0,0,0,0,0,0,381,0,0,1,0,0,197,0,0,1,0,0,253,0,2,0,47,0,1502,0,0,0,0,0,44,0,0,0,24,0,0,0,0,16,0,0,0,0,0,21,247,0,0,0,0,0,0,0,0,0,0,0,0,0,0,0,1,0,0,2,0,0,0,2,0,0,0,0,0,468,0,0,69,0,0,0,0,0,0,2900,0,2,262,0,0,0,0,0,0,25,0,0,0,0,29,0,1,0,0,0,0
0,0,0,0,0,0,0,68,0,1,0,0,0,0,1,0,0,0,0,5,0,53,0,0,0,236,0,0,0,0,0,380,0,102,0,0,32,130,0,0,0,0,0,144,0,682,0,7,0,0,2,0,0,0,30,1,0,0,17,360,0,0,0,0,0,0,0,0,0,79,46,0,0,0,0,0,0,0,1,303,0,0,0,0,55,0,136,0,0,0,0,2,2,0,0,0,0,0,511,0,0,0,0,0,0,0,0,577,0,76,0,0,0,218,0,7,0,0,100,8,2,0,0,0,106,0,0,0,0,0,158,0,0,0,0,0,8,0,0,0,1,0,0,0,0,0,18,0,0,0,19,20,0,3,0,0,0,0,0,182,0,0,0,458,0,0,0,0,0,0,15,0,111,0,0,0,0,197,411,0,0,0,0,2,12,0,0,0,0,0,0,179,0,0,0,0,0,0,0,0,0,0,74,4,0,18,2,0,0,0,0,0,0,0,24,0,109,190,1,4,43,0,0,0,0,0,0,0,0,0,425,0,0,223,0,0,6,0,0,0,2,0,0,0,0,0,0,0,0,0,0,81,13,0,56,7,3,0,0,46,6,0,1,11,0,0,12,0,0,16,0,38,30,0,0,4,0,0,61,1531,0,6,437,0,0,0,0,0,0,42,0,0,0,5,24,65,44,0,4,64,0
0,0,0,0,36,6,0,1,0,0,0,0,0,2,196,3,0,0,0,0,1,29,0,0,0,153,2,0,141,0,671,0,0,0,0,0,5,0,0,0,0,0,0,7,0,3,0,0,0,0,0,0,0,0,0,0,0,0,0,0,0,2,0,0,0,0,1,0,0,0,30,0,0,1,0,0,0,0,0,0,0,0,191,0,1,0,1,0,0,37,0,0,158,0,0,0,0,0,8,0,0,0,0,17,0,0,277,529,0,18,0,3,0,11,0,0,0,0,19,0,1,0,0,1,36,0,0,0,0,0,0,1,0,0,0,0,2,0,0,0,23,0,0,0,0,0,0,1,0,0,1,18,0,0,1,0,0,0,0,227,0,0,0,0,0,0,0,0,0,28,0,0,2,0,0,0,0,128,0,2,0,0,0,0,0,0,3,0,0,0,238,8,29,0,0,0,0,0,0,0,0,0,0,1368,0,0,0,0,2,377,0,0,0,0,3,0,98,225,686,0,0,14,0,0,0,0,2,0,83,0,8,3,0,353,0,0,0,0,0,0,0,0,0,0,2,0,0,0,0,0,0,2,0,0,2,0,0,0,0,2,0,0,0,10,337,0,0,0,0,920,0,0,753,0,0,0,0,0,1,864,0,0,345,0,0,0,0,0,22,44,0,0,0,0,95,0,0,60,0,14,0
0,0,0,0,0,0,4,83,0,17,0,0,0,244,0,0,0,0,0,0,0,0,48,0,3,1,0,0,0,0,0,0,0,122,0,0,0,66,0,0,0,0,0,0,0,0,0,0,0,0,0,0,0,0,0,0,0,0,0,0,0,0,0,0,0,0,24,0,85,0,186,0,7,0,0,0,0,0,201,0,0,785,0,60,0,0,0,0,0,0,693,0,0,0,0,0,0,0,219,0,22,0,0,0,0,3,0,0,0,0,0,0,0,0,48,0,0,0,0,0,0,0,0,0,0,205,348,0,0,0,0,0,0,0,0,86,0,0,0,0,0,0,0,0,0,0,0,0,0,0,0,0,0,0,0,153,0,0,0,0,0,0,16,6,0,0,0,0,211,0,0,0,0,0,0,994,0,0,0,0,0,0,129,0,0,0,0,0,0,0,0,0,0,0,0,0,0,0,0,0,832,0,0,0,0,0,274,0,0,0,0,0,152,0,0,0,11,0,1041,290,0,0,0,0,0,0,0,0,0,0,0,0,0,0,0,0,0,0,0,0,193,0,0,0,0,0,102,0,0,0,0,0,0,0,0,0,2,0,0,0,0,0,0,3,0,0,0,0,98,2,0,0,201,0,0,0,0,0,0,1300,0,0,273,0,0,0,1,0,0,0,0,0,0,0,135,0,21,0,0,0,0
0,0,0,0,0,0,0,30,1,1,0,0,0,51,0,0,0,0,0,4,11,1,0,0,0,3396,0,0,0,87,156,0,0,0,0,0,0,24,0,0,0,17,0,0,0,0,165,0,0,0,0,0,0,3,8,2,0,0,3,3,0,34,13,0,0,34,2,0,0,0,0,0,0,4,0,0,0,0,0,0,0,0,80,0,46,7,0,0,0,16,0,6,0,55,0,0,0,0,79,0,13,0,0,0,1,2,13,0,15,0,0,0,0,0,0,0,0,5,28,0,0,31,0,3,182,22,0,0,0,0,19,34,0,0,0,0,0,0,0,0,70,0,0,0,151,0,0,3,0,10,0,108,0,0,1,0,0,0,0,12,0,0,0,0,0,0,7,0,0,8,1,0,0,0,0,0,0,4,0,0,10,0,0,74,0,0,0,1,0,0,0,149,0,0,0,0,0,2,0,0,1,0,1,0,0,428,1,0,0,0,0,0,33,22,3,0,77,0,0,0,0,2,2,0,4,0,46,0,0,3,270,3,1,208,0,2,0,0,0,23,0,0,0,0,0,0,0,0,0,97,0,0,0,0,0,425,41,15,4,0,0,0,0,3,0,0,0,145,3,2243,15,17,0,0,0,3,84,1,8,42,0,362,0,0,0,0,0,0,7,16,0,0,0,0,9,4,0,0,1,0,4
4,0,0,0,0,0,1,0,0,0,10,5,0,0,41,0,0,0,0,0,0,17,27,0,0,4108,0,0,0,0,0,0,0,174,0,0,0,10,0,0,0,0,0,0,0,0,0,0,0,0,0,0,0,0,0,0,6,0,0,0,0,0,3,0,0,0,0,0,2,0,0,0,26,0,0,0,0,0,37,3,0,114,0,0,0,10,0,0,11,36,0,84,3,0,0,134,0,2,0,0,30,0,0,0,0,0,0,0,0,0,0,127,0,0,11,0,0,0,0,5,12,0,1,0,0,0,0,0,0,0,0,0,0,0,0,1,0,6,0,0,0,0,0,0,0,1,0,0,0,0,0,0,0,0,0,105,0,0,0,0,0,0,0,1,0,0,0,0,0,0,0,0,0,1,27,394,0,0,0,0,0,121,123,0,0,1,0,0,0,0,0,0,0,41,0,1,0,0,0,0,0,119,0,0,0,0,0,4,0,0,0,0,283,0,0,0,0,0,956,0,0,0,0,0,0,0,0,0,0,0,0,0,0,0,0,0,0,256,0,12,119,0,0,0,0,0,0,1,0,0,0,0,0,1,26,0,0,0,0,0,0,0,0,0,0,0,0,0,0,565,0,0,129,0,12,0,0,2,3,1247,0,0,60,0,0,0,0,0,0,0,236,0,0,0,92,0,1,0,0,0,0
0,0,0,0,0,0,1,31,0,1,0,0,0,2,85,0,0,1,0,0,0,19,0,9,0,1665,0,0,14,126,294,0,0,38,0,0,3,1,2,0,0,0,0,1,0,1,2,0,0,0,2,0,0,0,5,0,0,0,0,3,0,3,0,0,0,0,316,9,0,0,20,0,0,30,0,0,0,0,0,6,0,0,472,0,27,0,119,0,4,34,44,67,87,0,0,0,0,0,2,0,8,0,0,0,1,0,0,2294,0,0,0,0,0,151,0,0,0,0,15,0,0,15,132,5,17,66,0,0,0,0,1,19,0,2,0,0,151,0,0,0,94,0,0,0,0,0,0,0,0,4,2,0,0,5,1,0,0,0,0,5,0,0,0,1,0,0,3,0,0,0,8,0,0,0,0,0,0,1,112,0,0,0,0,0,15,0,0,0,0,8,267,79,3,0,1,0,0,0,0,0,0,0,0,0,0,258,0,0,3,3,0,0,27,19,1,0,379,0,13,7,0,30,0,0,0,0,0,0,27,27,11,0,0,0,0,0,0,0,1,0,1,0,0,0,0,0,0,0,0,0,24,0,7,0,47,8,49,0,14,0,1,0,0,1,0,0,0,0,0,1246,0,6,108,0,163,5,0,0,1,347,0,0,19,0,0,0,0,0,0,1,0,0,0,4,84,0,23,0,0,3,0
3,1,0,0,0,0,1,0,0,0,0,0,0,0,18,0,0,0,0,0,2,18,0,3,0,2714,1,0,14,3,1,0,0,104,0,0,0,1,0,0,0,0,0,44,0,0,0,1,0,0,0,0,1,0,11,0,0,0,0,0,0,0,0,0,0,0,42,0,0,0,10,0,0,0,0,0,0,0,0,12,0,0,89,0,0,10,185,1,0,0,0,1,206,0,0,151,0,0,0,0,0,605,0,0,0,0,0,0,0,0,0,0,8,0,1,1,0,0,0,0,0,0,0,0,0,93,0,0,27,0,0,0,0,0,0,0,1,0,39,0,0,0,0,0,0,0,0,0,0,0,55,2,0,0,3,77,33,0,0,0,4,0,1,0,0,0,0,0,57,0,0,0,0,0,0,679,0,0,0,0,0,258,15,0,0,0,0,0,87,0,0,0,6,46,0,0,0,0,0,0,3,275,0,0,0,0,176,1,16,15,0,13,11,0,0,0,1,0,828,0,0,0,0,0,18,0,0,0,0,0,0,0,0,1181,4,0,1,0,0,34,121,0,0,0,0,0,0,1,0,0,36,2,0,1,7,0,0,0,2,120,0,0,0,0,0,0,0,0,0,39,0,1,534,0,1,0,0,0,0,1,0,0,412,0,0,261,4,0,0,0,36,0,0,0,6,0,21,0,0,77,0
0,8,0,0,0,1,0,5,0,0,0,0,0,0,0,0,1,0,0,0,11,19,0,0,0,942,0,0,5,0,153,0,0,34,0,0,237,88,0,0,0,0,0,75,0,0,0,18,0,0,0,0,0,0,44,0,0,0,0,5,0,18,2,0,79,7,32,0,23,0,57,0,15,32,0,0,0,0,0,23,0,0,0,0,0,6,1,0,0,21,0,90,0,0,0,0,0,0,50,0,0,0,0,0,0,0,45,1869,0,55,0,0,0,40,2,1,0,3,110,0,0,0,0,40,0,0,0,0,2,0,21,29,0,0,0,0,10,0,0,0,25,0,0,0,0,0,13,0,0,0,6,0,0,9,0,0,0,0,0,80,0,0,0,800,0,0,0,0,0,0,6,0,0,0,0,0,0,8,0,5,0,0,0,0,19,0,0,0,0,0,0,30,3,0,0,0,0,0,0,0,36,0,0,0,0,3,0,0,1,4,0,0,0,0,0,1,156,51,59,5,0,0,0,0,0,0,0,0,39,42,38,0,0,202,0,0,0,0,0,0,0,0,0,0,6,0,0,0,0,0,0,0,40,0,10,10,28,0,4,0,3,0,0,1,0,0,0,0,9,112,0,0,1238,0,0,0,0,0,11,2136,0,0,160,0,0,0,0,0,33,0,0,0,0,0,124,0,1,0,0,107,0
0,0,0,0,0,0,7,0,0,0,1,0,0,0,3,0,0,0,0,0,0,79,20,0,0,2608,0,0,12,0,1,0,6,0,0,14,5,0,0,0,0,0,0,30,0,63,0,0,0,0,0,0,0,0,0,0,0,0,0,44,0,0,0,1,0,0,0,0,15,0,3,0,2,1,0,0,1,0,0,2,0,35,0,9,8,0,0,0,0,787,0,0,24,0,0,0,0,0,26,0,22,0,0,0,0,0,0,0,0,0,2,4,0,0,0,0,0,0,0,0,0,0,0,0,53,5,1,0,41,41,0,0,0,0,0,0,0,0,0,0,0,0,0,0,1,0,0,0,0,0,0,0,0,0,1,29,54,6,0,0,17,10,1,0,0,0,0,0,46,38,0,0,1,0,0,349,0,0,2,0,0,90,17,0,0,0,0,0,0,0,0,7,0,244,0,0,0,0,7,0,0,89,0,1,0,0,44,0,13,15,0,0,15,0,1,0,0,0,1127,5,10,19,0,0,30,0,0,0,1,0,0,4,0,100,0,0,0,0,0,5,0,0,0,0,0,0,0,0,0,0,0,0,0,0,1,0,0,0,0,0,0,0,0,6,0,1,0,0,0,88,0,0,1479,0,0,0,0,0,0,1771,0,0,71,0,0,0,0,0,0,6,0,0,0,0,0,0,88,0,0,117,0
0,0,0,0,0,0,1,2,1537,0,4,0,0,3,26,0,9,9,0,0,1,3,0,0,0,0,0,0,0,0,439,0,26,179,0,0,719,74,9,0,1,0,0,14,0,116,0,4,0,1,0,0,0,0,52,1,0,0,0,67,2,1,1,0,0,0,0,0,0,0,14,0,0,1,0,0,0,0,0,51,0,4,0,0,1,0,247,0,0,2,0,2,54,0,0,0,0,0,46,0,5,0,0,0,1,0,3,2068,0,0,0,126,0,63,0,6,0,1,95,0,0,0,0,0,584,84,0,0,1,115,13,165,1,0,0,0,1,0,0,0,8,0,1,0,0,0,3,0,0,0,13,88,0,0,0,0,0,0,0,42,0,0,0,484,0,0,0,0,0,0,6,1,0,0,0,0,0,8,244,1,0,0,0,0,5,1,0,0,0,0,0,41,1,0,0,0,0,0,0,0,0,0,0,0,125,27,0,0,1,0,0,0,0,9,74,0,209,2,1,4,74,0,0,0,0,0,0,0,83,0,37,0,0,118,0,0,0,16,0,0,0,0,0,0,0,0,0,0,0,0,0,4,17,0,30,34,4,1,25,45,6,0,0,2,0,1,0,0,14,0,0,9,24,0,0,0,0,3,14,166,0,0,624,0,0,0,0,0,0,7,0,0,0,0,53,0,1,81,0,60,0
0,0,0,0,0,0,0,0,0,0,0,0,0,0,85,0,0,0,0,0,0,0,0,26,0,23,0,0,237,0,0,0,0,131,0,0,0,92,0,0,0,0,0,0,0,0,0,0,4,0,0,0,0,0,0,0,0,27,0,0,0,0,0,0,0,0,155,0,0,0,0,0,0,0,0,0,0,0,0,0,0,0,0,0,0,5,17,0,0,163,0,25,69,0,0,0,0,0,229,0,0,0,0,0,0,0,0,0,0,0,0,0,0,391,0,14,0,0,798,0,0,0,0,0,0,0,0,0,0,0,0,0,0,0,0,0,10,0,0,0,29,0,0,0,0,0,10,0,0,0,0,0,0,0,56,0,0,0,0,0,0,0,0,0,0,0,0,0,0,0,0,0,0,0,0,0,0,0,4,0,0,0,0,0,0,0,0,0,0,0,0,0,17,0,0,0,0,0,0,0,0,0,0,0,0,81,0,0,0,0,0,0,0,0,24,0,0,0,0,0,0,0,0,0,0,0,0,0,0,0,0,0,0,937,0,0,0,0,0,32,0,0,0,0,0,0,0,0,0,0,0,0,0,0,0,0,12,0,0,0,0,0,0,0,0,0,0,0,0,142,0,0,5213,0,0,0,0,0,5,0,0,0,900,0,0,0,0,0,35,0,0,0,0,0,0,0,0,0,0,0,0
0,0,0,0,0,0,0,0,0,0,0,4,0,0,38,0,0,0,0,0,0,1,7,7,0,2134,0,0,6,21,21,0,0,2,0,0,5,0,0,0,0,0,0,24,0,31,0,0,0,0,0,0,0,0,2,0,0,0,0,1,6,1,14,7,0,0,3,0,0,264,0,0,36,1,0,0,0,0,0,1,0,64,0,0,1,6,3,0,0,0,0,0,46,0,0,0,0,0,3,3,41,0,0,0,0,0,0,0,0,0,4,4,0,0,14,0,0,0,0,0,0,0,0,0,4,127,0,0,0,0,0,0,0,0,0,0,1,0,0,0,0,0,52,13,0,0,0,0,0,7,38,0,0,29,1,142,99,0,0,0,0,0,2,0,0,63,0,0,83,8,0,0,0,0,0,207,0,0,0,0,0,420,34,0,0,0,0,0,386,0,0,0,0,131,0,0,0,0,0,0,0,0,0,0,0,1,206,0,21,1,0,0,23,0,0,9,4,0,103,13,1,0,14,0,63,0,0,1,0,0,0,4,0,142,0,0,1,0,0,41,69,0,0,0,3,0,0,0,0,1,5,1,0,0,0,5,4,1,1,0,1,0,0,1,0,0,0,0,0,1524,0,0,571,0,0,0,0,0,1,2240,0,0,1,0,0,0,0,0,10,0,0,0,0,0,32,1,210,0,0,1,0
10,0,0,0,0,0,0,56,0,0,8,0,0,0,16,0,1,0,0,0,0,62,0,0,0,619,0,0,54,0,288,0,5,114,0,140,85,29,0,0,0,0,58,28,11,9,0,0,1,0,0,0,0,0,0,0,0,7,0,0,3,7,0,0,35,0,0,0,3,47,4,0,7,0,0,0,0,0,0,12,0,53,0,0,71,19,0,0,0,52,0,0,0,0,0,0,0,0,18,23,0,48,0,0,0,0,0,0,0,0,11,2,0,2,5,0,0,0,0,0,6,0,0,0,701,6,1,0,0,0,0,2,0,0,0,0,0,1,10,0,0,0,55,11,0,0,0,0,0,104,146,0,0,0,0,0,4,0,0,0,0,0,0,0,0,39,0,0,0,5,0,0,0,0,0,302,0,0,9,0,0,0,80,0,0,0,0,0,0,0,0,1,0,111,0,0,0,0,0,0,7,77,0,0,0,0,0,0,141,24,0,0,5,0,0,0,14,0,1661,0,0,0,0,0,0,0,0,0,2,0,0,0,0,33,0,0,0,165,0,14,0,2,0,0,0,0,31,0,0,0,0,0,0,0,0,2,0,0,0,2,0,0,0,3,0,0,0,0,0,2,0,0,816,0,0,0,0,0,0,2906,0,0,161,0,0,0,0,0,0,0,0,0,0,0,234,0,2,0,0,80,0
0,0,0,0,0,0,1,1,63,0,0,0,0,0,0,0,30,0,0,3,0,59,0,1,0,0,0,0,1,0,1556,0,0,155,0,0,0,67,0,0,0,0,0,0,0,0,0,0,0,0,0,0,0,0,0,0,0,0,9,229,0,0,1,0,0,0,282,0,1,91,0,0,0,0,0,0,0,0,0,423,0,0,146,0,0,24,0,0,0,21,0,1,1,0,0,28,0,3,0,0,0,0,0,0,0,0,0,243,0,1,0,0,0,0,0,5,0,0,0,2,2,0,1,0,117,492,0,0,0,0,0,0,0,0,0,0,0,0,0,0,0,0,0,0,1,69,0,0,0,5,0,0,0,0,1,26,49,0,0,0,0,0,0,0,1,0,0,1,35,0,0,0,1,1,0,200,0,0,51,0,0,126,0,0,0,10,0,0,0,0,0,0,0,223,0,0,0,0,0,0,196,193,0,222,0,9,0,0,4,1,0,0,23,0,0,0,0,0,1454,0,27,0,0,0,115,0,0,0,0,0,0,0,0,0,0,0,0,446,0,183,34,0,0,0,0,0,0,1,0,0,0,0,17,0,0,244,0,0,0,0,0,0,0,0,0,0,0,0,0,445,0,0,48,0,1,0,0,1,18,733,0,21,546,0,0,0,0,0,2,0,0,0,0,0,6,0,5,0,0,154,0
0,0,0,0,0,0,47,0,0,0,0,0,0,696,0,0,0,0,0,0,4,6,0,0,0,3697,0,0,0,0,0,0,0,0,0,377,0,3,0,0,0,0,0,1,0,94,0,3,0,0,0,0,0,0,0,0,0,0,0,0,0,3,0,0,0,0,22,0,3,0,5,0,0,0,7,0,0,0,0,1,0,9,0,0,112,0,0,3,0,0,0,0,0,0,0,0,0,0,1,0,0,0,0,37,2,0,0,1157,0,0,0,102,0,1,0,0,0,0,2,0,0,0,0,0,0,0,0,0,4,0,3,9,0,0,0,0,0,0,164,0,0,0,0,0,0,0,0,0,0,0,2,3,0,0,0,0,0,0,0,19,0,0,0,0,0,0,0,0,0,0,0,0,15,0,0,0,0,0,0,8,0,0,0,6,8,0,0,0,0,0,0,5,0,0,0,0,43,1,0,0,0,0,0,274,0,0,0,0,0,0,0,0,49,0,0,0,38,41,0,0,0,50,0,0,0,0,0,0,3,0,23,0,0,68,0,0,0,0,0,0,0,0,0,0,0,0,0,0,0,0,0,14,35,0,3,0,0,0,1,0,8,0,0,0,2,0,0,0,0,2231,14,23,194,6,0,0,0,0,1,10,0,0,79,0,0,0,0,1,2,0,128,0,0,0,0,0,0,23,0,1,0
0,0,0,0,0,0,17,0,0,0,0,0,4,0,0,11,6,0,0,0,0,78,0,0,0,4597,0,0,0,0,0,0,0,0,0,0,0,317,0,0,0,0,0,0,0,0,0,0,0,0,0,0,0,0,0,0,0,0,0,247,0,0,0,6,0,0,210,0,0,19,107,0,0,0,0,1,0,0,0,0,0,0,0,0,0,4,0,0,0,153,0,0,0,0,0,0,8,0,0,0,0,0,0,0,0,0,0,0,0,0,0,0,0,0,0,0,0,0,42,0,0,0,0,27,50,0,0,0,0,0,202,0,0,0,0,0,0,0,0,0,2,0,0,0,0,0,10,0,0,0,35,0,0,0,0,0,0,0,0,0,0,0,0,0,0,0,0,0,0,0,2,1,0,0,0,0,0,197,0,0,0,0,0,0,27,0,2,0,0,0,0,380,0,0,0,0,0,0,0,0,0,0,0,0,0,13,0,0,0,0,0,0,0,0,0,0,0,0,0,0,0,0,0,0,0,0,0,0,0,0,0,0,0,0,15,0,0,0,0,8,0,0,0,0,2,0,1,0,0,0,0,0,0,0,0,2,1,0,22,0,0,0,0,2,0,0,0,0,0,2,14,0,0,0,0,0,0,0,0,2943,0,0,0,0,0,0,0,0,0,26,0,0,0,0,56,0,0,0,0,132,0
0,0,0,0,0,0,2,55,0,0,0,0,0,297,0,0,0,1,0,2,113,0,29,3,0,1,0,0,0,9,599,8,0,8,0,0,0,0,0,0,0,0,171,112,1,597,0,0,0,0,0,0,0,0,0,0,0,0,0,479,0,0,0,0,0,0,225,0,21,84,0,0,0,0,0,0,0,0,0,0,0,229,0,0,0,0,0,0,0,190,0,0,1,0,0,1,0,0,50,5,0,27,0,0,0,0,0,0,0,0,3,81,0,0,19,0,0,0,0,0,21,0,0,0,43,119,0,0,36,0,0,0,1,0,0,0,0,0,1,0,0,0,0,0,107,0,0,0,0,0,0,0,0,8,0,44,0,0,0,0,0,0,0,0,0,0,0,0,0,0,0,0,0,0,0,895,0,0,0,0,0,0,15,0,0,0,38,0,0,18,0,149,0,167,0,0,16,0,0,0,260,362,1,0,22,0,0,0,0,13,0,0,91,0,0,0,0,0,1051,0,0,0,0,0,0,0,0,0,0,0,0,0,0,0,59,0,0,0,0,0,159,0,0,0,0,0,0,0,0,0,0,5,0,0,0,0,0,0,0,155,0,0,0,0,0,0,0,4,0,63,10,0,75,0,0,0,0,0,0,1622,1,27,799,0,0,0,0,0,0,0,0,8,0,0,0,0,19,0,0,97,0
0,0,0,0,0,0,18,162,0,0,0,0,0,402,59,0,0,0,0,1,0,2,0,0,0,226,2,0,22,1,1,0,0,4,0,0,10,81,0,1,0,0,0,0,0,138,0,12,0,0,15,0,0,0,18,0,0,0,0,101,0,93,0,0,0,11,0,93,0,0,55,0,0,141,0,0,0,0,0,112,0,23,1,17,0,0,1,0,0,43,0,32,295,0,0,0,0,0,4,0,0,0,0,0,0,0,560,713,0,0,0,13,0,0,0,0,0,0,60,0,0,0,0,1,117,0,191,0,11,0,14,609,268,23,0,0,68,0,0,0,0,0,0,0,0,0,0,0,0,0,0,17,0,4,3,0,0,0,546,2,0,0,0,1,4,1,0,0,0,0,1,0,16,0,0,0,0,2,123,4,0,0,0,0,6,0,0,0,0,1,0,16,0,0,0,0,0,0,0,0,0,0,0,0,0,31,1,0,0,2,0,0,0,9,0,0,0,34,96,18,8,6,0,0,0,0,0,0,328,0,68,2,0,2,0,0,0,0,1,0,0,0,0,0,0,0,0,0,1,0,69,4,27,0,2,0,12,0,2,22,0,15,0,7,0,0,0,0,7,0,0,14,152,0,8,0,0,5,10,3284,0,0,3,0,0,0,2,0,3,18,0,0,0,0,71,12,0,50,0,1,0
0,0,0,0,0,0,0,0,0,0,2,4,0,106,0,0,0,0,7,0,0,74,8,0,0,221,0,1,0,5,581,335,0,65,0,0,27,23,0,0,0,0,0,20,0,412,2,0,0,0,4,0,0,0,51,0,0,0,0,33,2,0,0,0,3,0,119,0,0,82,0,28,0,3,366,0,0,0,0,47,0,44,117,0,18,0,0,0,0,0,473,0,0,25,0,0,0,0,55,0,53,0,0,0,0,1,0,0,0,0,0,293,0,0,15,0,0,0,0,0,0,0,0,0,15,0,2,30,15,187,27,1,21,0,0,0,0,0,0,0,0,0,0,0,8,0,0,0,0,0,0,0,0,5,44,0,0,0,16,0,2,30,2,63,0,57,0,0,0,6,0,0,1,0,0,1001,0,0,6,0,0,305,25,0,1,0,10,0,533,11,0,4,0,0,0,0,0,0,0,0,0,0,0,0,0,2,61,0,0,0,0,49,35,0,1,0,84,0,130,0,0,26,0,0,0,0,0,0,1,3,0,0,0,0,0,0,2,0,0,6,57,0,0,0,0,0,67,0,0,0,0,2,4,0,8,0,17,3,1,79,0,0,0,0,0,0,0,0,5,1708,0,34,92,0,0,0,0,0,5,997,0,0,108,0,0,0,0,0,13,4,0,0,1,0,185,3,0,0,6,52,0
0,0,0,0,0,0,0,0,0,6,14,0,0,0,108,0,0,0,0,0,0,31,11,6,0,117,0,0,179,6,109,0,76,321,0,0,18,0,0,0,0,0,0,0,0,11,0,0,3,0,1,0,0,0,0,0,0,0,0,50,0,0,0,0,0,0,1,0,10,0,0,0,0,0,0,76,4,0,0,29,0,67,7,0,0,2,0,0,0,250,0,0,4816,0,0,21,0,0,0,0,0,0,0,0,0,0,0,316,0,0,0,541,0,31,19,0,0,4,86,0,0,0,0,59,391,0,0,0,0,0,0,0,1,1,0,37,47,0,2,0,10,0,0,0,0,0,0,0,0,8,21,0,0,0,1,0,0,0,0,67,0,0,0,324,0,0,0,0,0,0,0,0,2,0,0,0,0,3,0,0,0,0,0,0,0,0,0,0,0,0,0,40,3,0,0,0,0,0,0,0,0,0,0,1,0,27,1,0,1,63,0,0,0,0,0,0,63,0,237,0,0,17,0,0,0,0,0,0,89,0,150,0,0,103,0,0,0,0,0,0,0,0,0,0,0,0,0,0,0,0,0,0,0,0,0,2,0,0,0,0,0,0,0,0,1,0,0,0,0,108,0,0,339,0,0,0,0,0,0,6,0,0,380,0,0,1,0,0,0,0,0,0,0,0,48,0,5,0,0,0,0
0,0,0,0,0,0,1,0,0,0,2,4,0,0,845,0,40,0,0,1,0,0,4,0,0,2039,0,0,195,0,0,0,0,26,1,0,15,0,0,0,13,0,0,0,0,0,81,0,0,1,0,0,0,0,0,0,0,0,2,1,0,0,11,0,0,0,1,13,0,0,0,0,0,0,0,343,0,0,0,1,0,45,1,3,0,0,0,0,0,0,0,16,2449,0,0,0,0,0,0,0,31,0,0,0,0,0,0,0,0,0,1,11,0,0,0,130,0,246,0,0,5,0,0,0,0,27,1,0,15,0,0,0,1,5,0,0,0,0,0,0,0,0,0,0,10,0,0,0,0,0,0,0,0,0,1,22,0,0,0,0,0,0,0,1,0,0,0,0,0,12,0,0,1,2,0,388,0,0,0,0,0,0,12,0,0,0,0,0,86,0,0,0,28,0,0,0,0,0,0,0,1,0,0,1,0,1,44,0,0,15,0,0,7,0,0,0,1,0,661,0,1,0,0,0,35,0,0,0,0,0,0,2,0,0,0,0,0,0,0,8,0,0,0,0,0,0,0,1,0,0,0,0,0,0,0,6,0,0,0,0,0,0,0,0,0,0,0,0,8,328,0,0,138,0,0,0,0,0,0,1471,0,3,7,0,0,0,0,0,0,0,0,0,0,0,0,0,83,0,0,0,0
0,0,0,0,0,0,10,0,0,0,0,0,0,0,0,0,0,0,0,0,1,147,13,4,0,2923,0,0,30,0,0,0,0,21,0,0,316,0,0,0,0,0,0,0,0,0,0,0,22,0,0,0,0,0,0,0,0,0,4,94,0,0,0,0,34,0,169,0,0,17,0,0,0,0,0,0,6,0,0,0,0,55,0,0,0,0,0,0,0,0,0,43,16,0,0,1,0,0,0,0,0,0,0,0,0,0,0,1,0,0,0,48,0,0,5,37,0,0,0,8,24,0,0,83,0,5,1,0,0,0,0,0,0,0,0,0,0,0,54,0,0,0,0,0,1,0,0,0,0,1,0,0,0,96,1,108,0,0,0,0,0,0,0,0,0,0,0,0,47,52,0,0,1,0,0,158,0,0,0,0,0,0,0,0,0,0,0,0,0,0,0,0,6,278,0,0,0,0,0,0,0,0,0,1,587,0,177,4,19,0,0,0,299,0,0,0,5,0,1165,8,0,0,0,0,46,0,0,0,0,0,0,0,0,946,0,0,0,0,0,85,0,0,0,0,0,0,0,0,0,0,0,0,0,0,0,0,20,0,0,0,0,0,0,0,0,0,0,0,0,1332,0,0,55,0,0,0,0,0,0,4,0,1,276,0,0,0,0,0,35,0,0,0,0,0,0,0,0,0,0,0,0
0,0,0,0,0,0,0,0,0,0,0,0,0,0,10,0,0,0,0,0,0,21,33,0,0,619,0,0,14,0,1,1,4,12,0,0,0,0,0,0,0,0,0,0,0,0,0,0,0,0,0,0,0,0,3,0,0,0,0,68,9,0,0,61,0,0,56,0,0,16,0,0,0,0,0,0,0,0,0,3,0,507,0,0,0,0,0,0,0,0,0,0,8,0,0,0,33,0,0,0,0,0,0,0,0,0,0,1,0,1,3,11,0,0,0,0,0,0,0,3,4,0,0,0,0,127,1,0,30,0,0,0,0,0,0,0,0,0,0,0,0,0,63,0,0,0,0,0,0,0,133,0,0,92,0,106,0,0,0,0,0,0,0,0,0,0,0,0,84,18,0,0,1,0,0,675,0,0,0,0,0,0,85,3,0,0,0,0,0,0,0,0,0,173,0,0,0,0,0,0,0,0,0,1,0,0,340,18,11,0,253,0,31,0,0,0,0,0,2022,12,0,0,0,0,30,0,0,0,0,0,0,0,0,41,67,0,3,0,19,244,0,0,0,0,0,0,0,0,0,0,0,0,0,0,0,0,0,0,0,0,0,0,0,0,0,0,25,0,0,1,0,0,2035,1,0,0,0,0,0,1212,0,0,394,0,0,0,0,0,0,0,0,0,0,0,0,0,42,0,0,109,0
0,0,0,0,0,0,177,0,0,0,0,0,0,0,11,1,18,19,0,0,0,119,0,0,0,455,0,0,12,0,0,0,0,78,0,0,12,0,0,0,0,0,0,0,0,0,0,0,0,0,0,0,0,0,14,0,0,0,0,447,0,0,0,0,0,0,0,0,0,156,0,0,0,0,0,0,0,0,0,1031,0,0,0,0,0,24,0,0,0,23,0,9,8,0,0,0,0,0,0,0,0,21,0,0,0,0,333,132,0,0,0,12,0,0,0,0,0,0,192,2,10,0,0,7,86,0,0,0,0,0,71,62,0,0,0,0,1,0,0,0,0,0,0,0,0,0,23,0,0,4,73,0,0,0,0,0,0,0,0,0,0,0,0,0,0,0,0,196,0,6,0,0,170,0,0,0,0,0,0,0,0,0,0,0,0,0,0,0,0,0,0,274,1,0,0,18,0,0,0,0,0,0,0,50,0,485,0,0,3,30,0,0,0,6,6,0,0,0,0,0,0,0,0,0,0,0,0,0,10,0,0,0,0,0,0,0,0,0,0,36,0,0,0,6,6,0,0,0,0,0,0,0,0,2,0,405,0,0,0,505,0,0,0,6,0,0,0,0,0,72,0,0,233,0,0,0,0,0,0,1967,0,2,1163,0,0,0,0,0,0,328,0,0,0,0,0,0,11,0,0,361,0
0,0,0,0,0,0,0,28,0,0,0,0,0,0,62,1,17,0,0,0,2,29,0,0,0,1017,0,0,11,0,1051,0,0,133,0,0,0,58,0,0,0,0,0,0,0,0,0,0,0,0,0,0,0,0,0,1,0,0,0,103,0,0,0,1,0,0,0,0,0,19,9,0,0,0,0,0,0,3,0,286,0,0,157,0,0,0,68,0,0,24,0,5,44,0,0,0,0,0,28,8,0,0,0,0,2,0,0,2156,0,14,0,0,0,141,0,4,0,0,9,0,0,0,0,0,0,0,0,0,0,0,6,105,0,0,0,0,89,0,0,0,13,0,0,0,0,0,28,0,1,0,3,0,0,8,0,0,11,0,0,101,0,0,0,88,0,0,0,0,0,0,4,0,0,0,0,0,0,0,318,1,0,0,0,0,13,0,0,0,0,0,0,13,0,14,0,0,0,0,0,0,0,0,0,0,0,71,0,0,32,0,0,0,0,0,7,0,157,3,331,0,230,15,0,0,0,0,0,0,19,0,27,0,0,914,0,0,2,0,0,0,0,0,0,0,1,13,0,0,0,0,0,0,14,0,10,2,2,0,5,0,17,0,0,5,0,0,0,0,0,72,0,0,112,0,0,0,0,0,2,1321,0,0,223,0,0,0,0,0,0,7,0,0,0,1,0,0,9,0,0,72,0
0,0,0,0,0,0,0,0,0,0,0,0,0,43,69,0,0,0,0,0,0,0,6,49,0,1658,0,0,28,14,25,94,0,0,0,0,0,0,0,0,0,0,96,35,0,190,0,0,13,0,0,0,0,0,0,0,0,0,0,1,0,0,0,0,0,0,37,0,0,0,0,0,0,0,0,0,0,0,0,0,0,0,0,0,0,0,2,0,9,79,0,0,36,11,0,0,0,0,0,39,12,0,0,0,0,0,0,0,0,0,0,0,26,0,0,0,0,0,0,37,25,0,0,115,0,0,0,0,0,0,0,0,0,0,0,0,0,0,0,0,0,0,0,0,1,0,0,0,0,0,105,0,0,8,1,52,0,1,0,0,7,0,10,1,0,0,0,1,0,0,0,0,1,0,0,506,0,0,7,0,0,0,24,1,0,0,0,0,0,0,0,0,0,75,0,0,0,0,0,0,3,0,0,0,0,0,83,0,6,16,0,0,13,0,0,0,10,0,1827,12,0,0,0,0,49,0,0,0,3,0,0,0,0,0,0,0,0,0,0,0,101,0,0,0,0,0,0,0,0,0,0,0,0,1,0,0,0,0,0,0,0,0,0,0,1,0,0,0,0,1,0,0,151,0,1,0,0,0,0,4165,0,0,6,0,0,0,1,1,0,0,0,0,0,0,0,0,3,0,0,0,0
0,0,0,0,0,2,3,19,0,0,0,0,0,0,10,0,14,4,0,0,54,30,0,103,0,3585,0,0,57,2,241,0,0,78,0,0,9,0,1,0,0,0,0,0,0,5,0,30,0,0,1,0,0,1,4,0,0,0,0,133,0,0,0,0,0,0,46,0,0,45,21,2,0,0,0,0,0,0,0,292,0,1,2,0,23,2,137,0,0,7,0,3,5,0,0,283,0,0,15,0,0,34,0,0,1,0,0,1123,0,0,0,0,0,33,0,1,0,0,51,0,0,0,41,1,103,0,0,0,0,0,60,161,0,0,0,0,7,0,0,0,3,0,0,0,354,0,0,0,0,1,4,0,0,0,1,0,0,0,0,32,0,0,0,0,0,1,0,0,0,0,8,1,48,0,0,0,0,35,86,2,0,0,0,0,26,0,0,0,0,0,0,44,10,9,0,2,0,0,0,0,0,0,0,2,0,9,5,11,1,23,4,0,0,0,9,0,10,0,212,0,70,53,0,0,0,0,85,0,41,0,190,1,0,761,0,0,13,0,0,7,0,0,0,0,1,0,0,0,0,0,0,6,0,0,2,8,5,0,108,44,0,0,0,17,2,0,0,0,0,0,16,110,32,0,0,0,0,0,0,306,0,0,208,0,0,1,0,0,0,11,0,0,0,0,1,0,11,0,0,54,0
0,0,0,3,0,0,0,0,0,7,0,0,0,0,0,0,14,0,0,0,0,0,9,0,0,1,0,0,1,44,480,0,0,0,0,0,0,32,0,0,0,0,0,0,0,0,0,0,0,0,0,0,0,0,0,0,0,0,0,330,4,0,0,0,0,0,118,0,0,0,0,0,57,0,0,0,2,0,0,0,0,123,6,0,0,0,0,0,0,0,0,0,0,0,0,3,5,0,0,0,12,0,0,0,0,0,0,189,0,0,0,0,0,0,0,14,0,0,0,0,0,0,0,0,0,76,0,0,0,0,0,0,0,0,0,0,0,0,0,0,0,0,0,0,0,0,0,0,0,0,0,1,0,61,0,225,47,0,0,0,0,20,0,0,0,0,0,0,0,0,12,0,1,0,4,367,0,0,0,0,0,0,72,0,0,0,0,0,0,0,0,0,0,88,0,0,0,0,8,0,0,0,0,0,0,1,165,0,6,1,0,0,116,0,0,0,0,0,934,0,35,0,0,0,74,0,0,1,0,0,0,3,0,0,0,0,30,0,16,13,101,0,0,0,0,0,0,0,0,0,0,0,0,0,0,12,27,0,0,0,0,0,0,0,0,0,0,0,0,4338,0,35,32,0,0,0,0,9,0,1142,0,1,120,0,0,0,0,0,0,0,0,0,0,0,260,0,9,0,0,89,0
0,0,0,0,0,0,0,0,0,0,0,0,0,0,7,0,0,0,0,0,0,6,11,0,0,234,0,0,25,0,181,0,0,0,0,0,0,0,0,0,0,0,0,0,0,97,0,0,0,0,0,0,0,0,0,0,5,6,0,46,7,0,0,0,0,0,0,20,0,52,0,0,10,0,0,0,4,0,0,22,0,0,0,13,0,0,0,0,0,0,0,0,0,0,0,0,0,0,122,0,0,0,0,0,0,0,0,0,0,0,0,4,0,0,0,0,0,0,0,14,6,0,6,0,0,581,1,0,0,0,0,0,0,0,0,68,0,0,1,0,1,0,0,0,0,0,0,0,0,79,0,0,0,0,1,149,0,0,0,0,0,0,0,36,0,80,30,13,87,0,0,0,0,0,0,212,0,0,0,0,0,0,123,0,0,0,0,0,0,8,0,15,0,199,0,0,0,0,0,0,0,0,1,0,0,4,0,0,310,0,0,0,0,0,0,0,0,0,2179,0,0,0,0,0,38,0,0,0,268,0,0,0,0,13,0,0,0,340,0,0,169,0,0,0,0,0,0,1,0,0,0,0,7,0,51,11,0,0,0,0,0,0,0,3,0,0,0,0,0,2,0,0,584,0,0,0,0,0,0,2907,0,0,0,0,0,0,0,0,0,12,0,0,0,0,442,0,12,0,0,73,0
0,0,0,0,0,1,5,18,0,0,3,2,0,83,6,0,1,1,1,7,95,11,0,0,1,486,6,0,65,11,57,26,6,123,0,0,165,145,0,0,0,0,15,75,0,32,253,9,0,0,0,0,0,3,25,1,0,0,2,41,1,45,1,1,3,49,2,0,0,50,11,1,6,102,0,0,0,0,0,30,1,1,3,0,416,1,0,0,0,53,581,6,0,0,0,0,0,1,30,0,12,0,1,8,28,1,13,16,0,0,4,4,0,1,1,2,0,0,21,0,7,0,0,0,25,515,0,1,27,0,3,2,0,0,0,0,0,0,0,0,0,0,22,7,1,3,1,41,10,1,27,9,0,8,1,75,14,0,3,0,0,0,16,0,0,31,2,0,0,16,0,0,1,0,0,0,0,95,55,8,0,0,24,0,3,1,0,1,608,0,0,6,7,122,2,0,0,3,0,0,7,0,0,1,1,1,284,9,12,12,0,0,202,12,2,6,2,6,500,139,14,26,0,1,0,0,2,0,29,19,37,3,33,2,0,14,26,284,0,57,42,39,0,1,0,0,0,0,1,0,215,4,16,0,27,1,0,1,4,0,1,20,1,1,0,1,0,0,47,305,30,5,99,0,0,0,0,1,10,2049,3,0,58,0,0,0,0,0,8,6,0,1,0,0,120,0,13,10,0,42,0
0,0,0,0,0,0,0,0,88,0,0,3,1,0,0,0,31,0,8,3,0,220,4,0,0,1741,0,0,10,0,0,0,0,85,0,0,0,68,0,0,0,0,180,153,0,14,0,0,0,0,0,0,0,0,86,0,0,0,2,378,5,42,0,0,3,0,115,0,1,0,429,0,0,0,0,0,0,0,0,356,0,311,0,3,0,0,0,0,0,0,529,0,1,0,0,0,0,0,91,69,18,0,0,0,0,0,0,0,14,0,2,79,7,0,37,0,0,0,0,0,14,0,0,0,0,98,1,0,141,69,6,0,11,0,0,0,4,0,0,0,1,0,0,0,0,0,0,0,0,0,0,0,1,0,0,0,0,0,38,7,0,0,0,107,0,0,0,0,38,0,0,0,0,1,0,232,0,0,170,0,0,76,24,0,0,0,0,0,528,0,0,0,0,192,0,0,0,0,0,0,178,77,0,0,0,1,47,0,3,0,0,0,84,0,0,0,29,0,424,0,0,0,0,0,104,0,0,0,26,31,0,0,0,0,3,0,3,0,0,7,152,0,18,0,0,0,2,0,0,0,20,45,0,0,0,2,3,0,0,15,21,0,0,2,0,0,1,0,0,1,0,0,6,0,0,1,2,0,0,1072,1,2,300,0,0,1,0,0,25,59,0,0,0,0,45,36,2,112,0,96,0
0,0,0,0,0,0,0,0,0,8,5,0,0,0,2,0,0,3,14,0,11,59,0,1,0,2515,0,0,3,1,16,8,5,138,0,0,14,117,0,0,0,0,0,61,0,15,0,7,0,0,0,0,1,0,13,0,1,0,0,47,33,0,0,135,0,0,24,0,0,0,10,0,3,88,0,0,2,0,0,9,0,492,32,0,20,0,1,0,8,34,0,6,2,0,0,0,0,0,95,7,0,0,0,0,0,0,0,1,0,0,0,92,0,7,10,15,0,0,0,0,0,0,0,0,125,123,0,0,124,0,0,0,0,0,0,0,1,0,0,0,0,0,105,0,1,1,1,0,22,13,161,4,0,36,1,0,0,0,0,0,0,0,0,0,0,53,0,0,0,0,0,0,0,0,0,274,0,0,70,0,0,0,115,0,0,0,0,1,0,0,0,29,3,63,0,0,0,0,0,0,1,0,617,43,0,1,69,0,0,1,0,0,47,9,6,0,1,0,120,0,0,34,0,0,0,30,0,0,10,0,25,0,0,1,0,0,61,610,0,8,55,56,0,0,0,0,0,0,0,0,17,3,5,0,10,1,0,0,5,325,0,0,0,0,0,0,0,0,0,65,0,1,201,0,0,0,0,0,4,1277,0,0,466,16,0,0,0,0,0,43,0,0,5,0,31,0,2,0,0,214,0
0,0,0,0,0,0,0,24,144,12,0,0,3,0,13,0,0,0,0,0,225,44,10,1,0,121,0,0,13,0,427,0,0,16,0,0,13,153,0,0,0,0,0,7,0,221,0,0,6,0,0,5,0,0,0,0,0,5,0,0,14,71,0,0,0,9,301,0,0,0,41,0,0,16,0,0,3,7,0,197,0,334,156,65,0,3,209,0,14,1,0,6,3,0,0,0,0,0,13,12,0,0,0,0,0,0,0,0,0,0,0,43,0,0,0,26,0,0,0,0,0,38,1,0,1,783,4,0,0,0,0,0,0,1,0,0,1,0,0,0,1,0,0,33,0,0,0,0,0,8,86,0,0,38,1,179,90,0,0,0,1,0,0,0,0,0,0,11,98,38,0,0,0,0,0,236,0,0,3,0,0,0,39,0,0,0,0,0,0,0,254,1,3,126,0,0,0,0,0,0,597,141,5,0,0,1,216,0,8,1,0,0,908,0,0,12,8,0,119,0,0,0,0,0,96,0,0,0,0,0,0,0,0,1,0,0,9,0,58,5,205,0,0,0,0,0,0,0,0,0,54,7,26,0,3,1,27,0,19,0,41,0,0,3,0,0,0,0,0,12,67,0,149,0,4,0,1,0,6,1601,0,0,85,0,0,0,0,0,387,12,0,0,0,0,6,16,2,0,0,6,0
0,0,0,0,0,0,0,0,0,0,1,0,0,0,183,0,19,0,0,0,0,7,0,0,0,1419,0,0,47,0,515,0,0,317,0,0,13,0,3,0,0,0,0,0,0,356,0,0,2,0,0,0,0,0,0,1,0,5,0,201,0,0,0,0,0,2,36,0,0,109,0,0,0,0,0,0,0,0,0,68,0,3,52,0,0,3,1071,0,0,0,1253,13,0,0,0,0,0,9,0,0,0,0,0,0,2,0,0,753,0,0,0,0,0,0,0,15,0,5,47,5,0,0,11,6,111,0,0,24,0,0,0,0,0,4,6,0,24,0,0,0,14,0,0,0,0,0,0,0,0,0,0,1,0,0,0,0,0,0,0,0,0,0,0,0,0,0,0,0,0,0,0,0,0,26,0,0,0,0,677,0,0,0,0,0,0,0,0,0,0,0,0,13,1,0,0,0,0,0,0,0,0,0,0,138,0,5,0,0,0,0,0,0,0,0,2,0,80,0,2,0,0,0,0,0,0,16,0,0,96,0,20,1,0,683,0,0,0,0,0,5,0,0,0,0,196,0,1,0,0,0,0,0,0,0,0,128,1,0,0,0,6,0,0,9,0,0,0,0,0,221,0,4,0,0,11,0,1,0,20,32,0,0,719,0,0,0,0,0,0,63,0,0,0,5,0,3,76,0,0,3,0
0,0,1,0,0,0,0,0,0,0,2,0,0,0,0,0,4,0,0,0,0,39,0,15,0,2157,0,0,0,0,37,0,0,0,0,0,8,0,11,0,15,0,0,0,0,0,0,0,3,0,0,0,0,0,0,0,0,0,0,0,0,0,0,0,20,0,102,0,30,235,0,0,0,0,0,0,2,0,0,92,0,87,0,0,0,18,0,0,0,0,266,0,0,0,0,0,0,0,0,1,26,0,4,0,0,0,0,0,0,0,0,8,0,0,13,0,0,0,0,0,0,0,0,0,0,88,2,0,0,100,0,0,0,0,0,1,0,0,0,0,0,0,0,0,6,0,0,0,0,0,0,0,0,0,0,38,0,0,1,0,1,0,0,0,0,0,0,0,110,38,0,0,0,1,0,773,0,0,14,0,0,330,0,0,0,0,1,0,0,0,0,0,0,45,0,0,0,0,0,0,0,0,0,0,34,0,115,0,4,10,0,0,195,0,0,0,0,0,1058,0,28,0,0,0,0,0,0,0,0,0,0,0,21,121,0,0,0,0,0,33,0,0,0,0,1,0,2,0,0,0,0,0,0,0,0,0,0,0,0,0,0,0,0,0,0,1,0,2,0,9,0,0,1541,0,0,0,0,0,5,1956,0,0,32,0,0,0,0,1,0,0,0,0,0,0,0,0,0,0,0,87,0
0,0,0,0,4,0,1,0,0,0,2,0,0,50,0,0,0,0,0,69,0,29,4,1,0,2112,0,0,0,40,14,0,0,182,0,0,9,34,0,0,0,0,0,94,0,530,0,0,0,0,0,0,0,0,0,1,0,0,0,0,2,0,1,1,0,0,9,0,0,0,0,0,0,0,0,0,2,0,0,2,0,193,18,31,20,0,25,0,0,160,0,3,0,0,0,0,4,0,0,0,28,0,0,0,0,0,0,379,0,0,0,0,0,23,0,20,0,0,119,0,0,0,0,0,1317,0,0,0,1,0,109,305,0,0,0,0,260,0,0,0,0,0,0,0,0,0,0,0,1,0,16,0,0,5,1,27,0,0,0,52,0,0,0,0,0,0,0,0,0,23,0,0,0,0,9,0,0,0,8,0,0,0,0,0,4,0,1,0,0,0,0,190,0,0,0,1,0,0,0,0,0,0,0,0,0,12,1,0,0,1,0,0,0,6,0,0,50,0,1,0,0,1,0,0,0,0,0,0,429,0,214,0,0,164,0,0,0,0,0,0,0,0,0,0,0,7,0,0,0,0,0,0,0,1,0,0,103,0,9,0,0,0,0,2,0,0,0,0,0,2,5,66,620,0,1,1,0,0,20,1244,0,0,304,0,0,0,0,7,0,97,0,0,0,0,0,0,25,0,0,64,0
0,0,0,0,0,19,162,13,0,0,0,0,1,0,558,0,0,0,0,0,2,6,12,29,0,447,0,0,26,0,0,0,0,0,0,0,4,0,0,4,75,0,0,22,0,14,0,0,0,0,0,3,0,0,0,0,0,0,0,108,2,7,0,59,0,0,39,0,3,0,21,0,12,23,0,0,0,0,0,13,0,90,0,0,8,0,3,1,13,16,0,16,2222,0,0,132,0,0,0,37,0,12,0,0,0,0,5,2963,0,0,0,0,0,14,11,0,1,0,85,0,0,0,0,5,146,0,0,0,0,0,0,7,0,1,0,0,20,0,0,0,17,0,0,0,0,0,7,0,2,3,14,35,0,0,1,0,0,1,0,0,0,0,0,0,0,1,0,0,0,0,0,0,1,0,0,0,0,0,49,0,0,0,0,0,0,0,0,0,0,2,0,17,2,0,0,2,0,0,0,0,0,0,0,0,0,7,0,0,1,4,0,0,0,0,4,0,92,0,2,0,0,22,0,0,0,2,0,0,98,0,23,0,0,376,0,0,0,0,0,0,0,0,0,0,0,0,0,0,0,0,0,0,0,0,4,3,1,0,0,13,0,0,7,0,300,0,0,0,0,771,0,0,281,0,0,0,8,1,7,206,0,0,95,0,0,0,0,1,0,0,0,0,0,0,0,0,17,0,0,11,0
0,0,0,2,0,0,0,0,0,12,2,0,8,3,2,0,0,0,9,0,7,85,8,0,0,1795,0,0,10,22,0,0,0,147,0,0,11,9,0,0,0,0,0,58,0,232,0,0,0,0,4,0,0,0,0,7,0,0,0,0,13,0,0,2,0,0,17,0,24,0,0,66,0,12,0,0,3,0,0,43,0,108,539,7,38,0,0,1,0,115,1,3,0,0,0,0,0,0,159,5,0,0,0,0,0,0,0,0,0,23,4,14,4,8,0,0,0,0,0,0,38,0,0,0,1453,19,3,0,56,0,0,0,0,0,0,0,0,0,0,0,0,0,0,0,1,0,0,185,0,0,149,0,0,4,1,551,0,1,0,39,0,0,0,0,0,0,16,0,126,0,0,0,1,4,0,220,0,0,18,0,0,184,165,0,0,0,0,0,0,0,0,0,0,52,0,0,0,0,0,0,0,119,0,1,0,0,138,0,8,33,0,0,109,0,0,0,2,0,308,0,5,0,0,0,54,0,0,0,1,0,0,0,0,185,0,0,5,0,0,16,76,0,29,0,0,0,0,0,0,0,386,0,0,0,17,0,1,0,0,31,0,0,0,4,2,0,0,0,1,11,0,0,425,3,0,0,0,0,0,863,0,0,199,0,0,0,1,0,0,10,0,0,0,1,0,0,11,0,0,20,0
0,0,0,0,0,14,0,0,0,14,0,0,0,0,35,0,0,0,16,4,0,0,7,24,0,93,0,0,102,5,0,0,0,78,0,0,0,118,0,0,0,0,0,0,0,0,0,0,7,0,27,0,3,0,0,0,1,0,0,249,0,0,0,12,0,0,21,0,0,0,219,0,4,0,0,636,7,0,0,0,0,353,80,0,0,0,1,0,0,57,0,7,2,0,0,0,0,0,0,7,0,0,0,0,0,0,0,1,0,0,0,232,0,0,13,0,0,0,17,0,0,0,0,0,0,0,1,0,0,0,0,0,0,0,0,0,0,0,0,0,0,0,0,0,1,0,0,0,0,0,188,0,0,8,1,0,69,0,0,0,2,0,0,0,0,50,0,0,0,18,0,0,0,0,0,455,0,0,5,0,0,0,105,0,0,0,0,0,0,0,0,21,0,523,0,0,0,0,0,0,0,0,0,0,0,0,180,0,0,0,0,0,99,0,0,0,9,0,2158,0,7,0,0,0,0,0,0,0,0,0,0,0,0,0,0,0,7,0,0,90,158,0,0,0,0,0,0,0,0,0,0,0,23,0,22,0,40,0,0,0,0,0,0,0,0,0,0,0,0,2,0,0,866,0,0,0,0,0,0,1990,0,0,294,0,0,0,0,0,20,0,0,0,0,0,0,0,127,0,0,0,0
0,0,0,3,0,0,4,0,0,0,0,0,0,31,1287,0,0,0,1,0,0,4,0,0,0,5,0,0,185,89,145,0,0,37,0,0,5,0,0,0,1,0,0,0,0,4,0,0,0,0,9,0,0,0,3,0,0,0,0,65,0,0,0,0,0,0,46,0,0,0,2,0,0,0,0,24,1,0,0,10,0,0,0,0,34,0,0,0,0,0,0,174,212,0,0,40,0,0,0,0,0,0,0,0,0,0,0,3,0,0,15,0,0,1,2,6,0,0,2,17,23,0,0,0,0,167,0,0,75,3,0,0,0,0,0,0,0,0,0,0,603,0,0,0,0,0,0,0,0,0,9,0,0,1,0,38,0,0,0,4,0,29,1,0,0,0,0,0,57,0,0,0,0,0,0,160,0,0,5,0,0,413,84,0,0,0,0,0,0,0,0,0,0,40,1,0,0,0,0,0,0,0,0,0,0,0,268,0,0,0,0,0,28,0,0,0,6,0,1135,6,1,6,0,1,29,0,0,0,1,0,0,0,0,0,0,0,1,0,0,132,172,0,6,0,0,0,0,0,0,0,0,0,0,0,0,0,12,0,0,0,0,0,5,0,0,0,0,0,0,3585,0,9,321,0,0,0,0,0,0,2,0,0,0,0,0,0,0,0,1,0,0,0,0,0,0,0,99,0,0,1,0
0,0,0,0,40,0,0,0,177,5,0,0,0,0,0,0,0,0,0,0,0,0,8,3,0,0,0,0,14,13,12,43,0,43,0,3,0,70,0,0,0,0,0,0,21,2832,0,0,5,0,0,0,0,0,0,0,1,0,0,0,0,0,2,0,0,0,1052,10,0,0,0,0,0,0,2,141,2,0,0,0,0,103,0,7,0,0,0,0,2,0,635,8,1,0,0,1,0,1,0,0,66,0,0,0,0,0,0,0,0,93,22,14,0,0,14,45,0,79,0,0,4,6,1,0,0,235,4,0,0,23,0,0,34,1,0,0,0,0,0,0,0,0,0,0,0,1,0,0,0,1,0,0,0,0,1,338,33,0,89,0,6,38,0,0,0,0,0,0,48,12,0,1,0,2,0,1244,0,0,0,0,0,0,154,0,0,0,0,0,449,16,0,0,0,0,0,0,10,0,0,0,0,0,0,0,340,0,0,55,0,2,0,0,719,0,0,0,19,0,94,0,0,0,0,0,111,0,0,0,0,0,0,0,0,0,71,0,0,0,33,0,0,0,0,0,0,0,4,0,0,0,7,0,0,0,0,45,53,0,0,0,0,22,0,0,0,0,1,74,0,0,0,0,0,1,5,0,0,0,0,0,0,7,0,0,4,0,0,0,0,0,0,0,0,0,0,0,0,0,0,0,0
0,0,0,1,0,0,1,0,0,0,0,0,0,0,0,0,0,0,0,0,217,0,0,0,1,1327,0,0,0,22,125,0,0,0,0,0,6,0,3,0,1,0,0,75,0,700,0,0,0,0,0,0,0,0,0,0,0,0,0,0,0,58,0,0,0,0,140,0,0,0,33,0,0,42,0,0,0,0,0,0,0,0,0,0,573,0,0,1,0,0,0,27,0,0,0,0,0,0,0,0,0,4,0,0,0,3,0,415,84,0,0,0,7,0,0,0,0,0,609,2,0,0,0,89,34,0,0,0,0,0,0,0,0,0,0,3,302,0,0,0,6,0,0,0,0,0,0,0,0,0,0,118,0,0,1,0,0,0,0,27,0,0,0,0,0,0,0,0,0,0,0,0,0,0,0,0,0,0,0,0,0,0,0,0,0,0,1,0,1,0,0,0,0,24,0,0,0,0,0,0,0,0,0,0,0,0,0,0,0,0,0,0,0,0,0,0,249,0,0,0,0,0,0,0,1,0,0,0,0,0,0,1,0,1962,0,0,0,0,0,45,0,0,80,0,0,0,0,0,0,0,207,0,0,0,0,0,5,0,3,38,0,0,0,0,0,0,0,0,0,1,0,0,0,0,2,0,0,0,0,1625,0,0,0,0,0,14,0,0,0,0,51,0,0,0,110,24,14,0,0,490,0
0,0,0,0,0,0,0,33,0,0,0,0,0,489,0,0,15,4,1,0,0,24,0,0,0,0,0,0,0,0,183,0,0,0,0,27,61,461,0,0,0,0,0,79,0,0,0,0,0,0,0,0,0,0,49,0,1,0,0,92,0,0,0,0,39,0,53,0,0,0,43,0,0,64,0,0,0,0,0,0,0,0,0,0,0,0,195,0,0,51,0,17,0,0,0,0,0,0,41,0,0,0,0,0,0,0,0,0,0,0,0,440,0,97,4,1,0,0,243,1,0,0,0,1,0,0,0,0,0,0,0,1989,0,0,0,0,100,0,0,3,0,0,0,0,0,0,24,0,1,7,0,61,0,2,1,0,0,0,343,57,0,0,0,0,0,1,0,0,0,0,0,0,0,0,19,0,0,0,115,0,0,0,0,0,0,0,0,0,0,0,0,0,0,0,0,0,1,2,0,0,0,0,1,18,0,0,0,0,0,0,0,0,17,0,0,0,91,0,0,0,0,0,0,0,0,0,0,0,96,4,300,0,0,213,0,0,0,0,0,0,0,24,0,0,0,0,0,0,0,0,0,1,0,0,3,0,0,0,4,0,2,0,0,0,0,0,0,395,0,2,0,0,1179,0,28,0,0,0,6,1965,0,0,0,0,0,0,0,0,20,0,0,0,0,1,21,10,0,5,0,57,0
0,0,0,0,0,0,1,0,0,0,0,2,6,0,0,0,17,0,0,0,0,0,21,3,0,3377,0,6,14,123,398,0,0,73,0,0,63,112,0,0,0,0,0,0,0,10,0,0,0,0,0,0,0,0,0,0,0,0,0,0,8,0,0,0,0,0,0,0,7,0,0,0,0,0,0,0,6,0,0,0,0,0,95,5,0,0,11,0,0,31,0,0,73,0,74,2,0,0,0,0,29,0,0,0,0,0,0,0,0,0,0,79,1,0,29,0,0,0,0,0,0,0,0,0,62,93,0,0,39,0,0,5,0,0,0,3,58,0,49,0,50,0,0,0,0,1,0,0,0,0,0,0,0,0,1,0,0,0,0,0,0,0,0,0,0,0,20,0,0,16,0,0,0,0,5,423,0,0,0,0,0,178,23,0,0,0,0,0,0,0,0,0,5,152,0,0,0,0,0,0,0,115,0,0,0,0,116,0,0,1,0,0,30,0,1,0,0,0,2017,0,0,0,0,0,0,0,0,31,0,0,0,0,0,0,0,0,0,0,0,11,90,0,0,0,2,0,5,0,0,0,0,0,0,0,0,161,0,0,0,3,0,0,0,7,0,0,0,0,0,0,0,0,45,0,0,0,0,0,0,1268,2,0,43,0,0,0,0,0,0,0,0,0,0,0,32,0,11,0,0,119,36
0,0,0,0,0,0,1,21,0,0,0,0,0,191,9,6,0,0,0,0,0,27,0,3,15,150,0,0,6,0,197,0,0,49,0,0,0,10,0,0,1,0,0,0,0,4,0,0,0,0,1,0,0,0,11,0,0,1,0,0,0,0,0,0,0,4,71,0,0,62,19,0,0,10,0,0,0,0,0,2,0,0,0,0,79,2,0,0,0,77,0,17,64,0,0,0,0,0,70,0,0,0,0,0,1,0,0,2440,0,0,0,0,0,105,0,5,0,0,246,0,0,0,0,0,161,0,2,0,0,0,33,69,0,0,0,0,60,0,0,0,8,0,0,0,0,0,3,12,0,0,9,84,0,17,0,0,0,0,0,32,0,0,0,1,0,0,0,0,0,0,1,0,0,1,0,0,0,2,413,0,0,0,24,0,11,0,0,0,0,0,1,18,1,2,0,0,0,0,0,0,0,6,0,0,0,36,0,0,0,0,0,0,32,0,0,1,168,0,6,0,0,12,0,0,0,0,0,0,138,0,0,0,0,112,0,0,3,0,0,4,0,0,143,0,0,0,0,0,0,51,1,1,3,0,8,4,35,0,2,0,1,0,0,1,0,0,0,0,0,481,0,0,463,0,0,0,38,0,2,3101,0,0,61,0,0,0,0,1,3,0,0,0,0,0,76,0,3,0,0,65,0
0,0,0,0,0,0,0,2,0,0,0,0,0,1,5,0,0,1,0,3,10,57,0,2,0,2193,0,0,17,13,114,0,0,174,0,0,1,95,0,1,0,0,0,7,0,0,0,0,0,0,4,0,0,0,2,0,0,2,0,354,0,0,0,0,0,0,137,0,0,14,20,0,0,1,0,0,0,0,0,48,0,0,25,0,3,0,0,0,0,9,0,933,0,0,0,0,0,0,0,0,0,0,0,0,0,0,20,133,0,1,0,0,0,0,0,0,0,0,294,0,0,0,0,0,0,0,0,0,0,0,13,1,0,0,0,0,0,0,0,0,9,0,0,0,0,0,15,0,0,11,10,0,0,0,0,0,0,0,0,28,0,0,0,272,0,0,0,2,0,0,17,0,0,0,0,0,0,0,385,1,0,0,0,0,30,0,0,0,0,0,0,8,0,0,0,1,0,0,0,820,0,0,0,1048,0,18,0,0,0,6,0,86,0,0,0,0,39,150,62,2,0,20,0,0,0,0,0,0,140,1,11,0,0,305,0,0,0,0,0,0,0,0,0,0,0,0,0,0,0,0,0,3,0,0,1,3,3,0,0,0,4,0,0,1,0,0,0,0,25,619,0,19,134,0,5,0,0,0,1,12,0,0,677,0,0,5,0,1,86,0,0,0,0,0,1,0,2,0,0,196,0
0,0,0,0,0,0,21,0,0,0,0,4,0,0,0,0,74,0,0,0,0,0,0,0,0,2916,0,0,45,0,0,0,0,12,0,26,0,4,0,0,0,0,0,0,0,1,0,0,0,0,0,0,0,0,0,0,0,0,0,0,0,0,0,0,86,0,60,0,0,70,0,0,0,0,0,0,0,0,0,1,0,322,0,0,0,0,0,0,0,7,0,0,17,0,0,0,6,0,3,0,0,0,0,0,0,0,0,0,1,1,0,30,0,0,16,0,0,0,2,0,0,0,0,0,0,0,1,0,45,11,0,0,0,0,0,0,0,0,0,0,0,0,70,0,0,0,0,0,0,3,18,3,0,0,0,0,93,0,0,0,0,0,0,1,0,64,0,0,0,49,0,107,1,1,4,519,0,0,0,0,0,134,137,0,1,0,0,0,587,0,0,0,0,59,0,0,0,0,11,0,1,58,0,0,0,4,151,0,7,2,0,15,314,0,0,0,0,0,1492,0,0,0,0,0,0,31,0,0,0,0,0,0,0,0,73,0,0,511,0,94,0,0,0,0,0,16,74,0,0,0,0,9,6,0,0,0,0,0,0,0,6,0,0,0,0,0,0,0,0,412,0,0,63,0,0,0,0,0,3,970,0,0,14,0,0,0,0,0,13,0,0,0,0,0,0,0,0,0,0,22,2
0,0,0,0,0,0,2,11,0,0,0,0,0,0,25,0,0,0,0,0,0,0,0,20,0,5340,0,0,18,11,526,0,0,175,0,0,0,128,0,0,0,0,0,0,0,78,0,0,0,0,0,0,0,0,0,0,0,0,0,0,0,0,0,0,0,0,0,0,0,66,45,0,0,0,0,0,0,0,0,60,0,0,0,0,0,0,268,0,0,53,0,12,172,0,0,0,0,0,43,0,0,12,0,0,0,0,0,585,0,0,0,0,0,0,0,0,0,0,0,0,0,0,0,4,263,0,0,1,0,0,0,0,0,0,0,0,0,0,0,0,0,0,0,0,0,0,11,0,0,0,0,20,0,0,0,0,0,0,0,0,0,0,0,0,0,0,0,0,0,0,1,0,0,0,0,0,0,0,0,0,0,0,0,0,3,0,0,0,0,0,0,74,1,0,0,0,0,0,0,0,0,0,0,0,1,13,0,0,0,4,0,0,0,7,31,0,37,0,0,0,70,0,0,0,0,0,0,0,0,0,101,0,0,1365,0,0,0,1,0,0,0,0,0,0,0,0,0,0,0,0,0,0,0,0,0,0,0,0,12,0,0,0,0,0,0,0,0,0,0,20,263,12,29,0,0,0,0,0,5,0,0,0,0,0,0,0,0,3,0,0,0,0,0,0,0,0,0,0,0,0,0
0,0,0,0,34,0,0,0,0,0,2,0,0,0,0,2,0,0,0,1,14,35,0,26,0,0,0,0,10,4,237,0,4,76,0,0,37,67,0,0,0,0,0,62,0,79,0,1,0,0,2,0,0,0,30,0,6,0,0,13,0,0,2,0,0,0,0,0,17,0,0,0,0,0,1219,0,0,0,0,14,0,0,8,0,0,20,1,0,0,84,0,11,9,0,0,1,0,0,31,0,0,0,0,0,0,0,0,2726,0,0,0,45,0,10,5,1,0,24,36,0,0,0,0,0,399,0,0,0,0,0,0,1,0,0,0,0,14,0,0,0,7,0,1,3,0,0,3,1,1,0,0,2,0,0,0,0,17,0,0,106,0,0,0,0,0,0,0,0,0,0,2,0,0,0,0,0,0,140,0,1,0,0,0,0,1,0,0,0,0,0,0,58,0,0,0,0,0,0,1,0,0,0,0,0,0,14,0,0,0,0,0,0,0,0,4,0,98,29,70,0,0,0,0,0,0,0,0,0,0,0,0,0,0,466,0,0,0,0,0,0,0,1,0,0,134,0,0,0,0,0,0,0,5,0,25,36,0,0,2,4,2,0,0,2,0,0,0,0,0,23,0,13,0,0,0,0,0,0,13,2575,1,0,208,0,0,0,0,0,0,9,0,0,0,0,289,1,97,0,0,119,0
0,0,0,0,6,0,0,0,0,5,2,9,0,0,25,0,6,1,7,2,26,36,0,17,0,1642,0,0,79,127,457,0,0,55,0,0,141,162,0,0,19,10,0,0,0,57,0,0,0,0,106,20,1,0,17,0,0,12,0,60,21,0,0,0,0,0,120,0,0,129,7,0,0,0,0,205,6,0,0,3,0,84,221,44,0,0,2,0,0,16,0,53,8,0,0,0,0,0,17,0,16,0,0,0,0,1,0,0,0,0,0,117,0,0,8,81,0,0,0,0,0,0,0,54,0,21,1,1,243,0,0,0,18,1,0,0,0,0,55,0,0,0,0,0,1,0,0,0,0,0,0,9,0,0,1,112,28,1,0,0,0,0,0,1,0,0,0,0,101,47,0,0,1,0,0,471,11,0,4,0,0,324,30,0,0,0,0,0,0,0,0,65,0,85,0,0,0,0,0,83,0,0,0,1,0,1,158,18,0,21,0,0,51,0,0,0,2,3,1438,0,53,181,0,0,32,0,0,0,0,58,0,8,0,1,0,0,1,0,0,7,127,0,0,0,0,0,0,0,0,0,0,0,20,1,21,177,2,0,0,0,1,0,0,0,197,0,0,0,0,483,0,0,75,0,6,0,7,0,0,407,0,0,310,0,0,0,0,0,44,15,0,0,0,0,0,0,5,0,0,38,0
0,0,0,1,4,0,1,21,0,6,16,0,0,115,38,0,0,0,39,0,0,15,0,0,0,876,0,0,15,67,0,0,0,57,0,0,19,266,0,0,0,0,0,3,0,37,98,5,0,0,70,0,0,0,10,0,0,2,2,25,3,0,0,193,0,0,117,5,4,44,26,0,18,13,0,134,2,0,0,101,0,61,283,0,47,10,0,0,8,0,354,0,0,0,0,0,1,0,16,0,8,0,9,0,0,1,0,0,1,1,1,6,0,0,5,0,1,0,0,0,0,0,0,0,0,213,1,1,75,0,0,0,1,0,0,0,0,0,38,0,1,215,0,12,11,0,0,19,0,5,0,0,0,53,1,79,10,0,0,1,0,21,0,0,0,0,0,0,42,6,0,0,0,0,0,307,6,0,0,0,0,297,60,15,0,0,0,0,416,0,188,0,2,115,0,0,0,3,0,0,7,0,0,172,0,0,89,0,0,2,0,0,43,0,0,0,0,3,912,0,0,0,1,0,18,0,1,0,8,0,0,3,0,0,60,4,9,0,18,880,78,0,0,0,0,14,2,0,0,0,0,0,18,0,0,3,12,0,0,15,1,0,0,3,0,0,0,0,58,15,0,0,57,0,0,0,0,0,0,1700,0,0,82,0,0,14,0,0,14,26,0,0,0,0,0,0,23,0,32,103,13
0,0,0,4,0,0,0,0,0,0,0,0,0,0,39,0,0,0,0,33,0,0,23,10,2,2777,0,0,279,0,208,0,0,87,0,0,18,0,0,0,43,0,0,0,0,5,0,0,0,0,0,0,0,0,0,0,0,0,0,181,0,0,0,0,0,0,9,0,0,39,0,0,0,0,923,0,0,0,0,0,0,50,0,0,0,5,0,0,0,0,0,0,0,0,0,0,1,0,40,4,10,1,0,0,0,0,0,917,0,31,0,0,0,24,0,0,1,0,0,0,0,0,0,0,0,0,2,0,0,0,63,171,0,0,0,0,0,3,0,0,0,0,0,0,0,0,0,0,0,0,6,0,0,0,0,0,0,0,17,44,0,0,0,0,0,0,0,0,0,0,0,0,2,0,0,0,0,0,159,0,0,0,0,0,0,0,0,0,0,0,0,113,0,0,0,0,0,0,0,0,0,0,0,0,0,0,0,0,1,0,0,0,0,0,0,0,0,0,0,0,0,5,0,0,0,0,0,0,0,0,75,0,0,175,0,0,0,0,0,0,0,0,69,0,0,29,0,0,0,0,0,0,0,0,0,0,5,0,0,0,10,0,0,0,0,0,0,35,0,70,0,0,57,0,0,0,0,0,0,2915,0,0,0,0,0,0,0,5,135,0,0,0,0,0,71,0,3,0,0,0,0
0,0,0,0,0,10,1,0,0,25,11,4,1,0,17,0,1,0,5,2,139,110,16,0,4,659,0,0,3,3,320,0,4,18,0,0,21,18,32,2,14,0,0,32,0,17,0,3,5,0,0,0,0,0,4,0,0,0,0,280,15,31,0,1,0,9,454,0,0,0,0,0,0,356,23,63,0,0,0,244,9,163,85,0,688,0,0,1,0,97,9,0,3,40,0,0,0,0,51,0,21,0,0,0,0,0,0,609,0,0,0,2,0,0,0,0,0,0,0,4,0,0,0,0,59,289,1,0,42,139,0,105,0,0,0,0,0,0,0,0,0,0,0,0,0,0,0,0,0,0,101,7,0,0,1,85,0,0,0,0,0,0,16,175,0,0,0,0,0,3,0,0,1,0,0,330,0,0,0,0,0,103,21,0,0,0,0,0,638,0,0,17,1,0,1,0,0,0,0,0,2,39,0,1,0,16,48,2,6,1,0,0,76,0,2,0,6,0,185,14,2,0,1,0,26,0,0,0,31,0,0,2,0,0,0,0,2,0,8,21,0,0,18,0,0,0,0,0,0,1,216,0,12,0,0,1,0,10,0,119,0,0,1,0,0,0,0,31,0,1,0,66,35,1,0,0,0,0,2,1658,0,0,187,0,0,0,0,0,0,29,0,0,0,0,154,3,5,36,0,40,0
1,1,0,0,0,0,1,0,0,0,0,0,0,0,17,0,0,1,0,0,7,1,0,5,0,1292,0,0,43,0,334,0,34,39,0,0,7,0,0,0,1,0,0,48,0,0,0,0,0,0,0,0,0,0,7,0,0,1,0,1,0,0,0,0,0,0,7,0,0,0,1,0,0,0,0,0,0,0,0,1,0,0,42,0,0,7,0,690,0,79,0,39,98,0,0,1,0,0,0,0,0,39,0,0,1,0,0,1019,0,0,0,0,0,7,0,1,0,0,22,3,0,0,0,41,618,0,0,0,0,0,72,0,0,0,0,0,181,0,3,0,4,0,0,0,19,0,2,0,0,0,3,6,0,0,0,0,0,0,0,2,0,0,0,0,0,0,0,0,0,0,0,0,0,0,0,0,0,0,64,0,0,0,0,0,0,0,0,0,0,0,0,0,1,1,0,0,0,0,0,0,0,0,0,0,0,8,1,0,1,4,0,0,0,0,0,0,32,0,0,0,57,1,0,0,0,5,0,0,5,0,35,0,0,484,0,0,0,0,0,6,0,0,115,0,0,0,0,0,0,0,0,0,0,0,0,4,0,0,0,17,0,0,0,0,0,0,0,0,0,3672,0,0,148,1,1,0,0,0,0,355,0,0,17,0,0,0,0,1,0,0,0,0,0,0,0,0,8,0,0,113,0
0,1,0,0,2,0,0,0,0,4,4,0,0,0,0,0,0,0,20,5,5,50,27,0,0,1395,1,0,0,15,0,0,0,5,0,0,60,46,0,0,0,0,0,66,0,0,0,1,0,0,0,0,0,0,9,0,0,0,0,0,14,0,0,5,0,0,0,14,0,0,0,0,0,10,352,0,3,0,0,12,0,103,1,0,0,2,0,0,11,0,0,0,0,0,0,0,0,0,0,111,15,0,0,0,0,0,0,0,0,1,0,127,0,0,0,0,0,0,0,0,0,0,0,0,1395,0,1,0,133,0,0,0,0,0,0,0,48,0,1,0,0,0,0,36,0,0,0,0,0,10,101,0,0,0,1,410,20,0,0,0,23,0,0,0,0,61,0,0,0,19,0,0,0,0,0,164,0,0,0,0,0,122,33,1,0,0,0,0,147,0,0,0,29,79,0,0,0,0,0,0,377,57,0,0,0,1,132,1,0,6,0,0,12,10,0,0,2,0,1482,0,0,0,0,0,27,0,0,0,0,0,0,3,0,0,0,0,3,0,8,39,93,0,0,0,0,0,0,0,0,0,0,0,8,0,8,10,1,0,0,4,0,0,0,8,0,0,0,0,4,68,0,86,430,5,0,0,0,0,14,1611,0,0,0,0,0,0,0,0,0,70,0,0,0,0,19,0,77,0,0,0,0
0,2,2,0,0,0,2,20,53,0,6,4,0,210,3,0,1,1,14,16,0,52,5,2,0,905,0,0,7,1,40,0,36,55,0,12,1,83,0,2,0,0,0,40,0,287,0,1,4,0,2,0,1,0,2,0,0,0,0,116,6,94,0,1,156,0,12,0,0,33,122,21,5,8,0,0,1,0,0,120,1,179,34,27,389,1,84,1,0,13,0,0,1,5,52,1,0,0,100,0,10,8,0,0,0,0,14,0,0,0,0,22,98,0,40,0,0,0,0,0,0,0,0,0,4,0,158,0,119,44,3,0,0,0,0,0,1,0,0,0,1,0,0,0,80,0,8,0,0,0,153,1,0,34,1,0,4,0,1,43,1,19,4,672,0,0,0,0,34,2,0,0,0,0,0,101,11,106,19,0,0,287,83,1,3,0,0,0,188,0,0,0,0,93,2,0,0,0,0,0,378,85,0,62,0,1,84,1,5,1,0,0,34,7,2,0,0,16,50,17,1,2,0,1,114,0,0,0,66,0,44,2,0,1,0,0,3,0,6,2,76,0,19,0,0,0,0,0,0,0,0,1,12,0,10,1,1,0,4,101,5,0,30,1,1,1,3,194,13,1,0,16,18,0,4,2,0,2,18,1941,0,0,326,0,0,1,1,0,114,6,69,1,0,0,94,5,4,0,0,6,0
0,0,0,0,0,0,0,2,0,0,0,0,0,263,2,0,0,1,0,0,47,0,0,0,0,1609,0,0,1,1,1,0,0,46,0,0,2,41,0,0,0,0,61,0,0,1,0,0,0,0,1,0,0,0,0,0,0,0,0,227,0,0,0,0,0,0,65,0,0,0,4,0,0,8,0,0,0,6,0,35,0,4,4,0,63,0,78,0,0,7,429,7,3,18,9,0,0,0,5,0,0,0,0,0,14,0,81,2183,0,0,0,0,0,52,0,1,0,0,87,0,0,0,0,1,13,0,0,0,0,4,0,201,0,0,0,0,26,0,0,0,85,0,0,0,49,0,0,0,0,0,2,1,0,0,0,0,0,0,0,3,0,0,0,152,0,0,0,0,0,0,0,1,0,0,0,0,0,2,18,0,0,0,0,0,6,0,0,0,0,1,0,15,0,0,0,0,0,0,0,0,0,0,0,1,0,12,1,0,1,0,0,6,0,0,7,0,54,75,3,0,3,0,0,0,0,20,0,0,6,0,47,0,0,47,0,0,3,0,0,0,1,0,0,21,0,0,0,0,0,0,0,0,20,0,5,1,0,0,2,41,0,0,0,0,1,0,0,0,0,90,0,1,37,0,0,0,0,1,0,3327,0,0,1,0,0,0,1,1,33,2,0,0,0,0,0,0,6,0,0,8,76
0,0,0,0,0,0,0,94,0,0,0,0,0,1,112,0,50,0,0,0,0,24,0,0,0,935,1,0,0,112,0,0,1,0,0,0,6,0,0,0,0,0,0,58,0,0,0,0,0,0,0,0,0,0,33,0,0,0,0,1,0,0,0,0,0,0,0,0,0,0,0,0,0,87,0,0,0,0,0,9,0,6,0,0,11,0,0,0,0,667,0,0,0,0,0,0,0,0,0,0,0,3,0,0,0,0,159,0,0,0,0,0,0,807,0,0,0,0,183,0,0,0,0,0,0,0,0,0,0,63,65,48,0,0,0,0,0,0,0,0,0,0,0,0,0,0,0,0,0,0,0,9,0,0,1,0,0,0,0,0,0,0,0,561,0,0,0,0,0,0,0,45,0,0,0,0,0,285,0,1,0,0,0,0,0,0,0,0,0,0,0,326,0,0,0,0,0,0,0,0,0,0,0,44,0,0,0,0,0,0,0,0,0,0,47,0,6,0,333,60,40,0,0,0,0,40,0,0,345,0,180,0,0,832,0,0,0,0,0,501,0,0,0,0,0,0,0,0,0,0,0,0,0,0,81,0,0,8,0,0,0,0,0,0,0,0,0,0,0,0,0,0,238,0,0,0,0,0,14,1154,0,0,501,0,0,0,8,0,0,5,0,0,0,0,331,0,1,0,0,451,12
0,0,0,0,0,0,1,0,0,0,0,0,0,0,14,0,0,0,0,0,0,0,0,74,0,1799,0,0,0,93,1832,0,0,0,0,0,0,0,0,0,1,0,0,0,0,0,0,0,0,1,0,0,0,0,0,0,0,0,0,0,0,0,0,0,0,0,160,0,0,0,0,0,0,0,0,0,0,0,0,0,0,0,0,0,0,37,0,1,0,0,1,14,0,0,0,1,0,0,0,0,0,60,0,0,0,0,0,697,0,0,0,0,0,0,0,42,0,0,0,1,0,0,0,2,0,0,0,0,0,0,0,0,0,1,0,0,149,0,0,0,1149,0,0,0,0,0,0,0,0,0,0,0,0,0,1,3,0,0,0,0,0,0,0,0,0,0,0,0,0,0,0,0,0,0,0,0,0,7,0,0,0,0,0,0,0,0,0,0,0,0,0,0,1,0,0,0,0,0,0,0,0,0,0,0,0,0,0,0,0,0,0,0,0,0,0,0,377,0,0,0,0,0,0,0,0,0,0,0,19,0,0,0,0,668,0,0,0,0,0,8,0,0,0,0,0,0,0,0,0,0,0,0,0,0,0,0,0,0,8,0,0,0,0,0,0,0,0,0,0,1,0,0,0,0,5,0,0,0,0,2449,0,0,0,0,0,0,0,0,0,0,0,0,0,0,114,0,213,0,0,0,0
0,4,0,0,0,0,0,0,0,0,3,0,0,503,3,0,2,0,0,0,0,81,0,1,0,0,0,0,1,12,2,0,0,0,0,0,2,109,1,0,0,0,0,0,0,643,0,0,0,0,6,0,0,0,0,0,0,0,0,0,0,0,0,3,0,0,13,0,2,0,29,0,41,0,0,0,0,0,0,0,0,0,9,0,0,24,242,0,0,60,0,7,3,0,0,0,0,0,0,0,0,37,0,0,1,0,0,1496,0,40,0,0,0,216,0,0,2,0,0,5,0,0,0,0,597,0,1,0,0,0,0,0,0,1,6,0,8,3,0,0,348,0,0,0,0,0,0,0,0,0,215,0,0,0,0,0,0,0,0,217,0,8,0,0,0,1,0,0,0,1,9,0,0,0,0,0,0,62,0,0,0,0,0,0,0,0,0,0,0,0,0,0,2,0,1,0,6,5,0,2,0,0,0,0,0,0,7,0,4,1,0,0,0,0,38,0,0,285,363,0,0,0,0,0,0,0,0,0,0,0,0,0,3,73,0,0,0,0,0,0,0,0,0,0,0,0,1,0,0,0,0,0,0,0,219,186,0,0,144,0,0,0,0,5,3,0,0,0,4,166,0,0,157,0,1,0,0,0,10,2100,0,4,933,0,0,0,0,0,0,157,0,0,0,0,18,0,7,0,0,19,0
0,0,0,0,0,0,0,18,0,0,16,2,0,1,7,0,16,0,0,0,94,369,0,0,0,986,2,0,18,0,133,0,7,38,0,0,33,202,0,0,21,0,0,382,0,70,0,1,0,0,0,0,0,0,15,0,0,0,7,137,9,45,1,0,3,0,29,0,0,0,57,0,0,9,0,0,3,0,0,255,0,79,0,9,54,0,0,0,8,33,30,2,4,0,0,0,0,0,136,0,106,0,0,0,0,0,0,0,0,0,0,303,0,1,11,13,0,40,0,0,5,0,0,0,29,7,1,0,237,57,0,0,0,0,1,0,0,0,0,0,0,0,0,0,0,0,0,0,0,11,128,2,1,0,1,281,0,0,0,12,0,0,2,0,0,52,0,0,148,0,0,0,1,1,0,410,0,0,0,0,12,0,29,0,0,0,2,0,174,0,0,4,0,274,0,0,0,2,0,0,3,0,0,1,0,0,208,13,25,0,0,0,285,0,14,0,2,0,657,24,0,85,0,1,142,12,0,0,24,0,0,0,0,0,0,0,0,0,0,3,0,57,22,0,0,0,3,37,0,0,170,0,0,0,16,3,1,0,0,0,1,14,0,2,8,0,0,0,0,535,0,0,71,0,0,0,36,0,0,1241,0,0,389,0,0,0,0,0,1,0,0,0,0,0,57,3,10,50,0,74,0
4,12,0,2,0,11,4,0,0,0,0,0,0,0,0,0,3,0,0,1,0,19,10,52,0,0,0,0,0,52,2,0,9,0,0,0,0,0,0,46,0,0,0,0,0,0,0,0,0,1,0,0,0,0,0,0,1,0,0,1,7,0,22,8,0,0,66,0,0,0,0,0,0,0,0,0,0,0,13,4,0,123,0,0,0,282,0,941,0,0,0,361,5,0,0,0,0,0,0,9,0,307,0,0,0,0,0,0,0,2,50,457,5,0,0,77,0,0,0,19,0,0,19,0,0,0,368,0,24,0,0,0,0,0,2,0,0,0,2,0,2,0,177,26,0,0,0,0,0,0,0,0,23,0,0,425,32,0,0,0,0,25,0,0,66,127,0,1,60,0,0,0,1,1,4,619,0,0,0,0,0,290,136,26,0,0,0,44,0,0,0,0,0,240,0,0,0,0,15,222,0,198,0,0,0,1,275,69,19,0,0,0,0,0,0,0,0,0,327,0,1,0,0,0,215,0,0,1,0,0,0,0,0,0,129,0,4,0,0,214,0,0,0,0,0,0,9,1,0,0,0,0,0,0,67,22,95,0,0,0,0,0,0,5,26,0,16,0,0,1274,0,0,0,8,42,0,0,0,0,0,0,0,14,4,937,0,0,0,0,0,0,0,0,0,49,2,3,0,0,15,0
0,0,0,0,0,0,0,65,0,0,0,0,0,0,70,0,0,0,0,1,40,44,0,0,0,1022,0,0,46,11,693,0,7,1,0,0,7,0,9,0,35,0,0,86,0,57,0,0,6,0,1,0,0,0,55,0,0,12,0,322,38,0,0,0,0,0,403,0,0,106,0,0,0,135,0,0,0,0,0,64,0,86,14,10,0,0,68,0,9,17,0,0,2,0,8,0,0,0,13,0,57,0,0,0,0,2,0,0,0,0,0,117,0,0,10,0,0,0,0,0,0,0,1,36,21,985,1,1,48,0,53,0,4,0,0,0,0,0,1,7,1,0,0,20,23,0,0,0,0,0,108,2,0,0,11,41,0,0,34,0,5,0,2,1,0,0,0,1,54,0,0,0,1,0,0,160,0,65,0,0,0,0,0,23,0,0,0,0,565,0,0,65,0,382,0,0,0,0,0,0,403,0,0,0,0,1,79,10,5,8,0,0,444,12,1,0,1,0,95,29,1,0,0,0,65,0,4,0,4,0,41,7,0,1,0,0,0,0,0,13,129,0,0,21,0,0,0,0,0,0,34,0,4,0,12,4,1,0,11,102,0,0,0,8,0,5,0,0,0,593,60,45,13,0,0,0,0,0,0,1013,0,0,115,0,0,0,0,0,44,0,0,0,0,0,12,0,16,0,0,74,0
0,0,0,0,0,0,0,0,0,0,0,0,0,9,0,0,0,0,0,0,57,7,0,7,0,1,0,0,20,0,1036,0,0,0,0,0,0,329,0,0,0,0,0,69,0,0,0,0,0,0,0,0,0,0,0,0,0,1,0,102,0,0,0,2,0,0,26,0,0,156,0,0,0,23,0,0,0,0,0,321,0,7,0,0,86,0,0,0,0,83,0,44,0,0,0,0,0,0,0,0,0,0,0,0,0,0,16,2467,0,44,0,0,0,222,0,0,0,0,262,0,0,0,0,0,0,0,0,0,0,0,0,178,0,0,0,0,0,0,0,0,0,0,0,0,0,0,16,0,0,10,7,0,0,0,0,0,0,0,0,53,0,0,0,381,0,0,0,0,0,0,0,0,1,0,0,0,0,0,231,5,0,0,0,0,0,0,0,0,0,0,0,0,0,0,0,0,0,0,0,0,0,0,0,0,0,9,0,0,0,9,0,0,30,0,0,0,239,0,0,0,807,1,0,0,0,0,0,0,0,27,184,0,0,16,0,0,0,0,0,23,0,0,106,0,0,0,0,0,0,0,0,12,0,0,0,0,0,0,0,0,4,0,0,0,0,0,0,0,6,32,0,0,203,0,0,0,0,3,0,1999,0,0,0,0,0,0,0,1,12,0,0,0,0,0,0,0,0,0,0,0,0
0,5,0,0,0,0,3,0,0,0,0,0,0,0,14,0,87,0,0,0,0,54,8,0,0,1900,0,0,0,0,13,0,0,59,0,0,3,5,0,0,0,0,97,0,0,79,0,0,0,0,0,0,0,0,0,0,0,0,0,87,0,0,0,2,0,0,24,0,15,0,0,0,0,0,0,0,4,0,0,15,0,282,22,0,32,0,3,0,0,0,0,0,5,0,0,0,0,0,0,0,43,0,0,0,0,0,0,1,0,0,0,59,0,0,14,0,0,0,0,0,0,0,0,0,6,0,1,0,0,0,0,0,0,0,0,75,0,0,0,0,1,0,0,0,0,0,0,0,0,0,17,0,0,0,1,0,0,0,0,4,6,21,0,1,0,0,0,0,0,0,0,0,0,0,0,608,0,0,82,0,0,158,29,0,0,0,0,0,0,0,0,4,0,421,0,0,0,0,0,1,0,162,0,0,0,1,98,6,6,0,0,0,66,0,0,0,0,0,1358,0,0,0,0,0,0,0,0,0,0,0,52,4,0,28,0,0,0,179,0,19,155,0,0,0,1,0,0,0,0,0,0,0,0,0,0,4,14,0,0,2,0,0,0,0,1,0,0,54,0,274,0,18,428,0,0,0,0,0,0,2472,0,0,110,0,0,3,0,0,0,0,0,0,0,0,0,0,11,0,0,108,0
0,0,0,1,0,0,1,0,0,0,18,0,0,0,1,0,1,1,0,0,0,27,6,0,1,3573,0,0,0,0,106,0,0,0,0,0,107,15,0,0,0,0,0,0,0,0,0,0,0,0,0,0,0,0,0,0,0,1,0,0,0,0,1,3,1,0,104,0,0,49,0,0,0,0,0,0,0,0,0,22,0,32,0,0,0,0,0,0,0,92,405,5,0,0,0,0,0,0,47,4,36,0,0,0,0,0,0,0,0,1,0,56,0,0,0,0,0,0,0,0,19,0,0,0,0,206,1,0,31,0,0,0,0,0,0,0,0,0,0,0,0,0,43,0,0,0,0,0,0,0,0,0,0,0,1,70,32,0,1,0,1,0,0,0,0,27,0,0,0,2,2,1,1,1,1,317,0,0,0,0,0,0,59,0,0,0,0,0,391,0,0,17,1,95,0,0,0,0,0,99,0,272,0,0,3,1,41,40,0,1,0,0,82,0,0,0,1,0,336,0,0,0,0,0,0,0,0,0,0,0,0,0,0,17,45,0,1,94,0,2,0,41,0,0,0,0,0,1,0,0,0,2,0,0,0,1,2,0,3,215,1,0,0,1,0,0,0,0,0,1,0,0,67,0,0,0,0,0,4,2398,0,0,0,12,0,0,0,0,0,7,0,0,0,0,94,0,7,0,1,81,0
0,0,0,0,0,13,2,0,0,0,9,4,0,0,11,0,0,0,13,1,5,42,0,4,0,1548,0,0,5,44,2,0,0,9,0,0,0,1,0,0,18,0,0,0,0,1,0,0,0,0,0,0,0,0,8,1,0,0,0,9,3,11,2,63,0,0,14,0,0,0,2,0,6,0,0,375,0,0,0,2,1,274,2,0,3,0,0,0,0,0,0,1,4,0,0,0,0,0,0,4,12,0,0,0,0,1,0,0,0,0,0,69,0,0,12,0,0,0,0,6,0,0,0,0,22,96,1,0,26,0,0,0,0,0,0,0,0,0,0,0,1,0,66,0,7,0,4,179,0,0,9,0,0,46,1,0,7,0,0,0,0,53,0,0,1,0,0,0,88,46,0,0,0,0,0,0,13,0,1,7,0,395,35,0,2,13,0,0,291,0,0,0,2,176,0,0,0,0,0,0,22,0,0,1,0,1,176,0,0,0,0,0,53,0,0,0,1,1,2498,14,0,0,0,0,31,0,12,0,0,5,0,0,0,2,0,0,2,251,24,12,62,0,0,0,0,0,0,1,0,0,0,1,6,0,15,8,14,0,2,0,0,0,0,0,0,0,0,0,200,73,0,2,927,0,0,0,3,3,1,1253,0,0,6,0,0,0,0,0,14,3,0,0,0,0,0,30,3,0,0,73,0
0,0,0,0,0,8,5,0,0,11,5,0,0,84,12,0,0,0,60,0,39,12,11,11,0,544,0,0,20,75,166,0,0,10,0,0,15,37,0,0,0,0,416,27,0,69,0,0,3,0,1,0,0,0,6,0,0,0,0,61,17,52,0,3,37,0,226,0,10,224,18,29,4,8,0,0,3,1,0,34,0,63,237,7,99,0,0,1,0,28,42,14,0,0,0,0,0,0,26,52,43,0,0,0,0,0,0,10,0,2,0,4,0,0,6,0,0,0,0,36,0,0,0,0,2,0,1,0,29,0,14,1,1,0,0,0,0,0,1,0,0,442,154,0,1,0,13,100,0,0,74,3,0,0,112,147,38,0,0,13,18,40,15,0,0,0,0,0,0,8,22,0,1,0,0,631,0,0,1,0,0,0,23,0,0,0,0,0,0,0,0,1,6,107,0,0,1,0,0,813,541,82,0,0,0,3,178,6,0,4,0,0,407,38,0,0,21,0,112,41,1,23,0,0,241,0,0,0,2,0,9,0,0,21,0,0,1,415,0,0,82,0,0,0,0,0,99,1,0,0,0,6,2,0,10,0,61,0,5,0,0,0,14,0,0,0,0,0,0,958,2,3,78,0,0,0,0,0,9,413,0,0,9,0,0,0,0,0,111,13,0,0,0,0,85,0,4,0,0,12,0
0,0,2,17,0,0,0,0,0,0,0,0,0,0,0,0,0,0,0,0,0,21,0,0,0,370,0,0,394,0,152,0,0,0,4,0,10,0,0,0,0,0,0,0,0,143,0,0,0,0,0,0,0,0,0,0,0,0,0,3,0,90,0,0,0,0,9,0,0,0,23,0,0,0,1457,0,0,0,0,0,0,0,4,0,0,7,0,0,0,0,0,81,22,0,0,0,0,0,47,0,0,0,0,19,0,1,0,231,0,0,0,0,0,0,0,0,0,0,82,0,3,0,0,0,208,0,2052,0,0,0,0,0,0,1,0,0,0,0,0,0,0,0,0,0,0,0,0,0,0,0,0,0,0,0,0,0,0,0,0,100,0,0,0,0,0,0,0,0,0,1,0,0,0,0,0,0,0,79,12,0,0,0,0,0,0,0,0,0,0,0,5,89,0,0,0,1,0,5,0,0,0,0,0,7,2,0,0,0,0,0,0,0,0,0,0,0,18,26,0,0,20,0,0,0,0,0,0,0,0,0,194,0,0,221,0,0,0,0,0,0,0,0,150,0,2,0,0,0,0,0,0,0,0,0,0,7,61,0,2,6,3,0,0,0,0,0,0,60,0,161,0,0,0,5,0,0,0,0,0,3309,0,0,0,0,0,0,0,0,6,0,0,0,0,0,0,0,0,0,0,0,0
0,0,0,0,0,0,23,0,0,0,2,1,0,0,63,0,14,1,0,0,0,1,6,12,0,1,0,0,0,0,102,0,11,14,0,0,0,0,0,0,0,0,0,1,0,0,0,0,1,0,0,0,0,0,0,0,3,0,0,31,1,0,1,0,0,0,36,0,5,0,0,0,0,1,0,0,0,0,0,11,0,29,0,6,0,0,1,0,0,8,0,69,81,0,0,0,0,0,4,4,21,0,0,7,0,0,0,0,0,0,20,7,0,0,9,74,0,0,0,0,0,0,0,0,1,78,0,21,15,0,0,0,1,0,1,0,0,0,0,0,0,0,33,0,1,1,0,0,0,0,5,0,0,0,1,0,4,0,1,0,0,0,0,0,0,31,0,0,0,12,0,0,0,13,2,417,0,0,1,0,0,0,15,0,0,9,0,69,0,0,0,1,0,38,0,1,0,0,0,0,2,36,0,0,183,0,124,0,0,2,0,0,14,0,0,0,5,0,79,0,0,0,0,0,0,0,0,0,0,0,1,0,0,79,0,0,0,287,0,151,31,0,0,0,0,1,0,1,0,0,0,0,1,1,4,0,0,0,0,0,0,0,0,0,0,0,0,0,0,6368,0,0,610,0,4,0,0,0,4,554,0,0,1,0,0,0,0,11,0,0,0,0,0,0,0,0,0,2,0,1,0
0,366,0,0,0,0,0,0,0,0,0,0,0,0,360,0,0,0,0,0,199,0,0,0,0,3,0,0,38,58,60,0,0,10,0,0,0,0,0,0,0,0,1,0,0,67,0,0,0,1,0,0,0,0,17,0,0,0,0,0,0,0,0,0,0,0,61,0,0,0,0,0,0,0,0,0,0,0,0,104,0,0,0,0,0,44,4,0,0,0,0,0,67,0,0,0,0,0,0,0,0,1,0,0,8,0,0,770,0,0,0,0,0,134,0,0,0,0,28,4,0,0,0,3,187,0,0,0,0,0,41,0,0,0,0,0,125,0,0,0,82,0,0,0,0,0,3,0,0,0,42,0,0,0,0,0,0,4,0,629,0,0,0,0,0,0,0,0,0,0,0,0,0,0,0,0,0,0,0,0,0,0,0,94,0,0,0,0,0,0,0,116,7,63,0,1,0,0,2,0,0,0,0,3,0,0,0,0,0,0,0,0,0,0,0,0,0,0,1128,0,397,0,0,0,0,0,0,0,0,0,57,0,0,270,0,0,0,0,0,0,0,0,0,0,0,0,0,0,0,0,0,0,0,0,0,0,9,0,0,6,0,0,0,0,0,0,0,0,0,24,0,0,486,0,0,0,0,0,0,3376,0,16,283,0,0,0,0,0,0,25,0,0,0,0,0,0,54,0,0,61,0
0,0,0,0,0,0,0,0,0,0,0,1,6,0,0,15,0,0,0,0,0,0,0,0,0,0,0,0,41,15,0,740,0,213,0,0,0,0,0,1,0,0,411,0,0,0,0,0,0,0,20,0,0,0,0,0,0,0,0,0,0,0,0,0,0,0,0,0,0,0,0,2,2,0,0,0,0,19,0,9,0,0,0,0,0,28,0,0,0,100,0,0,0,0,0,0,0,0,0,0,0,174,0,0,2,0,0,0,0,0,0,0,0,107,4,0,0,0,512,0,0,0,0,15,838,0,0,0,0,0,0,0,0,0,0,0,1433,0,0,0,101,0,0,0,0,0,33,0,0,0,14,0,0,0,0,0,0,0,0,0,0,0,0,0,0,0,0,0,0,0,0,0,46,0,0,0,0,212,0,0,0,0,0,0,0,0,0,0,0,0,0,227,0,0,0,0,0,0,0,0,268,0,0,0,0,63,2,12,0,7,0,2,0,0,0,0,0,0,977,0,0,0,0,0,0,3,0,2,0,0,0,0,0,0,0,0,0,0,0,0,0,0,0,0,0,0,2,0,0,0,0,0,0,2,0,31,15,0,0,0,5,0,0,12,0,5,0,0,0,0,0,0,354,0,0,0,0,0,0,0,2,2,0,0,2177,0,0,0,0,0,0,0,0,0,0,0,26,0,0,689,0
0,0,21,0,0,0,1,2,6,0,0,1,0,265,27,0,0,2,0,0,7,7,0,1,0,5,1,0,5,0,158,0,0,94,0,0,16,10,0,0,0,0,0,66,0,537,0,6,0,0,0,0,0,0,129,1,0,0,0,16,0,0,0,0,0,7,0,1,0,0,29,5,0,12,0,0,0,0,0,179,0,0,565,0,0,7,0,0,0,4,25,7,4,0,0,0,0,0,203,0,0,0,0,0,2,0,6,220,0,0,0,0,0,33,0,1,4,1,25,0,0,0,0,0,545,123,0,0,8,11,22,392,129,0,0,0,2,0,0,0,99,0,0,0,208,0,0,3,0,6,6,63,0,0,1,0,0,0,0,107,0,0,0,1802,0,0,5,0,3,1,0,0,0,0,0,0,0,1,0,7,8,0,0,0,18,0,0,0,22,0,0,113,0,0,17,0,0,1,0,0,0,0,0,0,0,25,3,0,0,0,0,0,0,9,4,0,128,41,64,4,0,0,149,0,0,0,0,0,70,0,83,1,8,0,0,6,27,0,0,281,0,0,86,1,0,0,0,0,0,31,7,0,2,1,12,9,0,0,9,0,2,8,0,0,0,0,0,447,12,0,0,0,1110,0,1,0,9,0,1,0,0,0,149,0,0,0,0,0,121,71,0,0,0,0,228,0,5,282,0,16,29
0,0,0,0,0,0,28,2,0,0,0,0,0,0,74,0,3,0,0,0,19,4,0,0,0,4552,0,0,67,0,0,0,0,34,0,0,40,351,0,0,0,0,0,0,0,323,0,0,0,0,0,0,0,0,4,0,0,0,0,80,0,65,0,0,0,0,265,0,0,181,0,0,0,6,0,0,0,0,0,0,0,0,0,0,0,0,175,0,0,11,0,0,6,0,0,0,356,0,26,0,0,1,0,0,0,0,167,253,0,0,0,0,0,89,0,0,0,0,18,0,4,0,32,0,80,0,0,0,0,0,4,12,0,0,0,0,16,0,0,0,0,0,0,0,0,0,0,3,0,0,13,26,0,0,0,0,0,0,0,0,0,0,0,0,0,0,0,0,0,18,2,0,1,0,0,0,0,0,0,0,0,0,0,0,9,0,0,0,0,0,0,63,13,0,0,0,0,0,0,0,0,0,0,0,0,85,0,0,0,0,0,0,0,0,1,0,64,0,0,0,47,0,0,0,0,1,0,0,0,0,181,0,0,740,0,0,0,0,0,0,0,0,0,0,0,0,0,0,0,0,0,0,0,0,0,189,30,0,2,2,0,0,0,2,0,0,0,0,0,96,0,8,636,0,0,0,0,0,4,152,0,0,167,0,0,0,0,0,0,11,0,0,0,0,13,0,0,0,0,54,18
0,0,0,0,0,0,1,0,0,0,0,0,0,0,168,0,0,1,1,0,1,1,0,0,5,16,0,0,0,45,0,1,0,83,0,0,0,0,9,0,0,7,20,43,0,0,0,2,0,0,0,0,1,0,15,0,0,0,0,1,0,0,0,0,0,1,1,0,0,0,6,0,0,6,0,389,0,0,41,1,6,0,144,0,1,67,0,0,0,104,0,0,0,47,0,95,0,0,0,0,0,0,0,0,7,0,11,95,0,0,0,0,0,25,0,0,0,0,0,7,1,0,0,0,0,20,0,0,2,174,97,1,0,0,0,0,0,1,0,0,0,0,0,0,7,0,1,0,0,0,1,0,0,0,0,0,0,0,1,171,0,2,1,398,0,0,3,0,0,0,1,0,0,0,0,0,0,2,5,0,2,0,0,1,1,0,0,0,0,0,0,0,0,6,0,0,0,0,0,0,0,0,0,5,0,1,8,2,0,0,0,49,6,5,5,0,13,3,0,1,0,0,0,141,0,0,0,0,40,0,32,0,0,2468,0,0,2,0,0,4,12,0,0,0,0,0,0,0,1,3,55,1,19,1,7,4,0,0,5,5,0,0,0,0,37,0,0,0,6,0,0,4,3653,0,0,1,0,1,0,626,0,0,0,0,0,0,0,0,1,45,41,0,0,0,311,8,3,4,0,0,0
0,0,0,0,0,0,2,0,0,0,0,0,0,0,93,0,0,0,0,0,0,79,21,0,0,0,0,0,44,0,0,0,14,0,0,0,0,0,0,2,0,0,0,74,0,0,0,0,0,0,0,0,0,0,0,4,0,0,0,0,0,0,0,18,0,0,68,0,19,6,0,0,0,0,0,0,0,0,0,0,0,0,0,0,0,0,0,0,0,0,0,14,0,0,0,0,0,0,0,0,0,354,0,0,3,0,0,6849,0,0,0,0,0,111,0,0,0,0,0,0,0,0,0,2,0,0,0,0,0,0,0,0,0,16,18,5,108,0,0,0,0,0,0,0,0,0,0,0,0,0,4,0,0,0,3,0,0,0,0,0,0,0,0,0,0,0,0,0,0,0,0,0,7,109,0,0,0,0,184,0,0,0,0,0,0,0,0,0,0,0,0,211,12,0,0,0,8,0,0,0,0,0,0,10,159,0,0,0,7,6,0,0,97,0,0,2,300,0,0,0,0,2,0,0,0,0,0,0,0,0,0,0,0,524,0,0,0,0,0,0,0,0,0,0,0,4,0,0,0,0,0,0,0,153,0,0,0,0,0,0,0,0,0,0,0,0,0,0,0,0,0,0,259,0,0,0,0,0,10,0,0,0,0,0,0,0,0,0,0,0,0,0,0,0,0,0,0,0,0,2,0
0,0,0,0,0,0,2,3,109,0,0,0,0,0,0,0,0,0,0,0,136,31,0,3,0,1803,0,0,0,0,162,0,0,93,0,0,11,0,1,0,0,0,0,54,0,0,0,0,0,0,0,0,0,0,0,0,0,0,0,0,0,12,0,0,0,0,425,0,0,37,44,0,0,12,0,0,0,0,0,43,0,0,40,1,50,0,0,32,0,24,16,0,11,0,0,42,0,0,6,0,0,0,0,0,0,0,14,1028,0,0,0,0,0,72,0,0,0,1,307,0,0,0,0,1,45,0,0,0,0,0,0,196,0,2,0,0,0,0,0,0,0,0,0,0,0,0,0,0,0,0,5,0,0,3,0,0,0,0,7,0,0,0,0,0,0,0,0,0,0,0,0,0,47,0,0,0,0,242,286,0,0,0,0,0,15,0,0,0,0,0,0,98,0,0,0,0,0,0,0,0,0,0,0,0,0,39,0,0,3,0,0,0,0,0,4,0,153,21,0,0,628,31,0,0,0,0,0,0,35,0,124,0,0,135,0,0,0,0,0,1,0,0,0,0,5,0,0,0,0,0,168,0,0,0,37,0,0,0,0,22,0,5,0,0,0,0,0,0,0,647,0,0,54,0,0,0,0,0,0,1883,0,0,61,0,0,0,0,0,74,34,0,0,0,0,105,0,0,0,0,159,0
0,0,0,1,0,0,0,0,0,0,0,0,0,0,331,0,0,0,0,0,0,0,4,0,0,49,0,0,6,13,0,253,5,10,0,0,12,0,0,0,0,0,0,0,16,1,0,0,0,0,0,0,0,0,0,0,0,0,0,3,0,0,0,3,0,0,25,0,0,0,0,0,7,0,0,0,0,0,0,0,0,209,0,0,0,1,0,1,7,0,0,8,3,0,0,1,0,0,0,0,0,0,0,0,0,0,0,0,0,0,14,43,0,0,13,0,0,0,0,8,0,0,0,48,1,0,0,0,0,0,0,0,0,1,0,0,0,0,0,0,0,0,0,0,0,0,0,0,0,0,0,0,0,0,8,0,0,0,0,0,2,0,0,0,0,0,0,0,0,0,0,0,1,0,0,134,0,0,0,0,0,0,0,0,0,0,0,0,0,0,0,1,0,255,0,0,0,0,0,0,459,0,0,0,0,0,53,36,0,3,0,0,341,0,0,0,0,0,574,0,0,0,0,0,0,0,0,0,0,0,0,2,0,0,0,0,0,0,0,45,0,24,0,0,0,0,5,0,0,0,159,0,0,0,0,1,6,0,0,0,0,0,0,0,0,0,0,0,0,4271,0,0,174,0,1,0,0,0,0,2334,0,0,4,2,0,0,0,0,0,0,0,0,0,0,0,0,3,0,0,9,0
0,0,2,0,0,0,0,0,0,0,0,0,0,0,0,0,0,0,0,0,0,47,10,0,0,5700,0,0,8,0,0,0,0,547,0,0,26,3,0,0,0,0,0,90,0,71,0,0,0,0,0,0,0,0,0,0,0,0,0,61,0,46,0,0,0,0,0,0,100,0,0,0,0,0,0,0,0,0,0,67,0,0,0,0,43,0,0,0,0,0,0,8,784,0,0,0,0,0,0,0,6,101,0,0,0,0,0,0,0,0,0,0,0,0,0,0,0,0,79,4,0,0,0,0,195,0,0,55,0,0,3,43,0,0,0,0,0,0,0,0,24,0,0,0,0,0,4,0,0,0,0,0,0,0,53,0,0,0,14,75,0,0,0,0,0,0,0,0,0,0,0,0,6,0,0,55,0,0,101,0,0,0,0,0,0,0,3,0,0,0,0,172,0,0,0,0,0,0,0,0,0,0,0,0,0,14,0,0,0,0,0,0,0,0,3,0,413,0,0,29,0,0,0,0,0,0,0,0,0,3,6,0,0,0,0,0,0,0,0,0,0,0,0,0,0,0,3,0,0,0,0,0,10,0,0,0,5,0,0,0,0,0,0,6,0,0,0,0,0,538,0,0,0,0,0,0,0,0,5,0,0,3,274,0,0,0,0,0,36,13,0,0,0,0,0,0,31,0,0,0,0
0,0,0,0,0,0,0,0,0,0,6,5,0,0,32,36,0,0,0,3,0,11,0,8,0,715,0,0,130,61,71,0,14,65,0,0,10,0,0,0,0,0,0,1,0,253,0,4,7,0,0,0,0,0,0,0,0,0,0,0,13,0,0,4,0,0,328,0,0,0,19,0,4,1,0,0,11,0,0,1,0,126,0,0,41,142,103,0,5,10,0,7,1,0,0,0,0,0,12,0,0,59,18,0,0,0,0,0,0,0,0,130,0,0,38,0,0,0,0,0,0,0,0,0,3,0,264,0,66,0,0,0,0,0,0,0,1,0,2,0,1,0,76,0,0,0,0,0,76,0,72,0,0,0,1,296,69,0,0,0,7,15,0,0,0,0,0,0,164,71,0,0,0,0,0,1443,0,0,1,0,0,617,55,0,0,0,4,0,1237,0,0,0,15,116,0,0,0,0,16,0,6,129,0,0,0,2,499,0,14,109,0,0,397,0,1,0,1,0,137,0,0,0,0,0,245,0,0,0,5,0,0,11,0,2,223,0,2,0,0,197,74,0,0,0,0,0,4,1,0,0,0,0,1,0,10,61,90,0,3,0,1,0,0,0,0,0,0,0,0,0,0,0,469,0,0,0,0,0,1,3,0,0,54,0,0,30,0,0,3,0,0,0,0,0,1,0,4,0,0,19,0
0,0,0,0,0,0,1,38,0,0,0,0,0,100,197,0,0,0,0,0,0,0,0,1,1,0,0,1,1,154,0,0,0,1,0,0,0,10,0,0,0,0,0,0,0,2704,404,0,0,0,1,0,0,4,0,0,1,3,0,88,0,0,0,0,0,0,22,0,0,91,31,2,0,0,0,0,0,0,0,0,0,0,7,0,27,0,0,0,0,0,0,2,0,0,0,0,0,0,0,0,0,0,0,0,0,0,0,3250,0,0,0,0,0,110,0,0,0,0,189,0,0,0,0,0,0,0,0,0,0,0,0,337,0,0,0,0,9,0,0,0,57,0,0,0,0,0,0,0,0,0,0,0,0,3,0,0,0,0,0,0,0,0,0,1,0,0,2,0,0,0,5,0,0,0,0,0,0,0,45,0,0,0,0,0,0,0,0,0,0,0,0,0,1,0,0,0,0,0,0,0,114,0,0,0,0,1,0,0,0,1,0,0,0,0,0,0,38,0,269,0,0,0,0,0,0,0,0,0,0,0,0,0,0,0,0,0,0,0,0,0,0,0,0,0,0,17,0,0,0,0,0,2,1,1,0,5,4,0,0,0,3,0,0,1,0,0,0,0,0,2,0,0,91,0,0,0,1483,1,0,0,0,3,0,0,0,0,0,0,0,0,0,0,0,0,0,0,5,0,0,61,0
0,0,0,4,0,0,1,1,0,0,0,0,3,2,27,0,0,0,0,0,1,1,8,9,0,5395,0,0,56,19,1,0,0,7,0,0,0,13,0,7,0,0,0,13,0,36,0,1,0,0,0,0,0,0,0,0,0,0,0,0,6,1,0,0,0,0,70,0,4,0,0,0,24,5,0,0,0,0,0,0,0,0,65,0,6,0,0,0,4,1,0,11,98,0,0,2,0,0,9,4,0,0,0,0,0,0,0,0,0,0,0,116,0,0,18,0,0,0,0,0,0,0,0,83,9,0,0,0,0,84,0,0,0,0,0,0,6,0,1,0,0,463,0,0,0,0,0,0,0,0,45,0,0,15,2,41,8,1,0,0,1,6,8,0,0,56,0,0,49,65,0,0,1,0,0,213,0,0,0,0,0,0,21,0,0,0,0,0,0,49,0,2,11,75,0,9,0,0,0,0,373,74,0,0,0,0,134,0,5,4,0,0,0,0,0,0,2,0,1198,0,0,22,0,0,33,0,0,0,0,0,0,0,0,0,62,0,0,0,0,11,74,0,0,0,0,0,0,2,0,0,1,1,0,0,2,0,344,0,5,9,2,0,0,0,1,0,0,0,0,122,4,0,19,0,1,0,0,0,0,6,0,0,2,0,0,23,3,1,22,0,0,0,0,0,8,0,4,0,60,2,0
11,3,0,0,0,0,0,0,0,0,0,0,0,0,1,0,45,0,0,5,93,86,0,0,0,1969,0,0,0,0,1482,0,0,94,0,0,30,0,0,0,0,0,0,0,0,0,0,0,0,0,0,0,0,0,35,0,0,1,0,291,4,0,0,0,0,0,414,0,0,207,0,0,0,0,0,0,2,0,0,422,0,199,0,0,0,0,0,0,0,0,0,0,1,0,0,18,0,1,0,0,0,6,0,0,0,0,0,1,0,1,0,56,2,0,0,0,0,0,0,12,6,0,3,0,16,12,124,0,0,0,0,0,0,0,1,0,0,0,11,0,0,0,31,6,0,0,0,0,0,0,0,0,0,0,0,22,4,0,0,0,0,0,0,0,0,0,0,0,97,0,0,0,1,0,1,112,0,0,0,0,0,0,0,1,0,0,2,0,0,0,0,28,0,117,0,0,0,0,0,0,0,0,0,0,0,28,0,0,4,0,0,0,96,0,0,0,44,0,797,0,0,0,0,0,93,0,0,0,0,0,0,0,0,1,0,0,0,0,0,29,0,0,0,0,1,22,0,1,0,0,0,0,0,0,0,24,0,0,0,34,0,0,0,0,0,0,0,0,0,292,0,0,36,0,0,0,888,0,0,736,0,0,565,0,0,0,0,0,0,59,0,0,0,0,1,0,3,0,0,164,0
0,0,0,0,0,0,24,0,0,0,0,0,0,0,64,0,0,1,0,0,120,5,0,0,0,3824,0,0,65,6,0,0,0,57,0,0,0,0,0,0,0,0,0,0,0,344,0,0,0,0,4,0,0,0,0,0,0,0,0,0,0,153,10,0,0,0,64,0,0,0,27,0,0,0,0,0,0,0,0,54,0,7,0,0,346,0,0,0,0,0,0,12,0,0,0,0,0,0,0,0,0,22,0,0,1,0,0,207,0,0,0,0,0,101,0,0,0,0,252,0,0,0,0,1,243,0,0,0,1,0,0,0,0,0,0,0,19,0,0,0,6,0,0,0,0,0,0,0,0,1,13,0,2,25,1,0,0,0,116,0,0,0,0,0,0,0,0,0,0,9,0,0,108,0,0,0,0,23,0,39,0,0,0,0,0,0,3,0,0,0,0,311,0,0,0,0,0,0,0,0,0,0,0,0,0,16,0,0,0,0,0,0,0,5,0,0,0,85,5,0,0,91,0,0,0,0,0,0,58,0,299,0,0,0,0,0,11,0,0,0,0,0,0,0,0,0,0,0,0,0,56,1,0,0,0,13,0,0,9,11,0,12,0,0,0,0,0,0,0,3,243,126,39,0,4,0,62,0,0,1756,0,0,326,0,0,0,0,0,0,9,0,0,0,0,0,0,0,0,0,72,0
0,0,1,0,0,0,0,0,0,4,0,0,0,0,18,0,0,0,0,1,52,239,0,1,0,0,0,0,0,1,0,0,0,0,0,0,5,92,2,0,0,1,0,48,0,0,0,0,0,0,1,0,0,0,68,0,0,0,0,0,1,0,0,0,0,0,76,0,0,0,0,0,0,23,0,0,0,0,0,415,0,0,5,0,0,86,1,0,0,0,0,5,0,0,0,8,0,0,67,0,0,0,0,0,0,1,0,1554,0,431,0,0,0,285,0,0,0,4,13,0,0,0,0,5,365,0,0,0,0,0,30,185,0,0,0,0,3,0,0,0,4,0,0,1,0,0,0,7,0,0,12,0,0,1,1,1,8,0,0,0,0,0,0,0,0,0,0,0,0,105,7,0,1,0,0,0,0,0,0,0,0,0,0,0,4,0,0,0,0,0,0,79,1,0,0,0,0,3,0,0,0,0,0,0,0,13,3,0,1,0,0,0,0,0,7,0,509,37,3,0,0,0,0,0,0,0,0,0,68,0,66,1,0,812,0,0,0,0,0,0,0,0,0,0,3,0,0,0,0,0,0,0,35,0,108,103,1,0,37,17,0,0,0,3,0,0,0,0,0,0,35,0,106,0,0,0,0,0,28,3263,1,0,0,0,0,0,0,0,93,0,0,0,0,0,0,1,3,0,0,312,0
0,0,0,0,0,0,0,1,0,0,0,0,0,0,0,1,14,0,0,2,0,47,0,0,0,1093,0,0,114,85,167,6,2,93,0,0,9,141,0,0,33,0,0,0,0,33,0,0,0,0,0,0,0,0,20,0,0,0,0,67,11,0,0,0,0,0,11,0,4,108,22,0,0,1,1119,0,0,0,0,39,0,204,714,0,23,2,2,0,2,69,0,15,18,0,0,0,0,0,18,0,0,0,0,0,0,0,0,81,0,0,0,33,0,0,18,0,0,0,34,0,0,0,0,0,53,1125,222,0,131,0,0,0,0,0,0,0,0,0,0,15,1,0,0,0,0,0,0,0,0,0,0,1,0,25,1,501,0,0,0,0,0,0,8,0,0,0,0,0,0,0,0,0,0,0,0,456,0,0,0,0,0,369,34,0,2,0,0,0,0,0,414,3,17,0,0,0,0,0,0,0,5,0,0,0,0,1,0,3,5,0,0,0,105,0,1,0,3,0,837,0,0,0,0,0,0,145,0,0,0,0,0,0,0,26,0,0,0,0,0,32,136,0,0,0,3,0,0,0,0,0,0,0,0,0,0,13,3,0,0,67,18,0,0,25,0,0,0,0,0,256,0,0,201,0,0,0,0,0,19,48,0,0,137,0,0,0,0,0,20,0,0,0,0,0,9,0,18,0,0,13,0
0,0,0,0,0,0,0,175,0,0,0,0,0,213,8,0,0,0,0,0,252,40,0,31,0,21,0,0,57,125,0,0,0,56,0,0,6,0,0,0,0,0,0,88,0,0,0,0,1,0,0,0,0,0,0,0,1,7,0,382,0,57,1,0,0,0,146,0,0,58,135,0,0,65,0,181,0,0,0,504,0,0,0,0,103,1,0,170,0,0,1463,11,0,0,0,0,0,0,7,0,9,0,0,0,0,0,271,0,150,0,0,0,174,11,0,0,0,0,201,0,0,0,0,0,0,0,0,0,0,0,166,158,0,0,0,0,2,0,0,0,0,0,0,0,0,0,23,0,0,6,9,0,0,0,0,0,0,0,11,62,0,0,0,0,0,0,0,8,0,0,0,0,140,0,0,1,0,312,190,0,0,0,0,0,0,0,0,0,0,0,0,46,0,9,0,1,0,1,0,0,0,0,0,0,0,16,0,0,0,25,0,0,11,0,0,0,380,283,0,139,0,0,0,0,0,0,0,0,107,0,0,0,0,364,0,0,0,0,0,1,0,0,0,0,0,0,0,0,0,0,407,4,0,0,0,0,0,0,0,0,7,8,0,4,0,0,0,0,0,133,0,0,55,0,7,0,0,3,0,1219,0,0,184,0,0,0,0,56,129,0,0,0,0,0,0,41,0,0,0,95,0
0,0,1,0,2,0,0,11,0,6,36,6,0,0,6,1,5,1,13,0,75,30,23,3,0,574,0,0,4,19,206,0,0,130,10,0,11,291,0,0,0,0,0,49,0,50,117,5,0,0,0,0,0,0,24,0,0,0,0,23,8,0,0,121,0,0,159,0,0,2,4,20,0,79,0,0,5,0,0,104,0,39,143,7,0,0,0,0,0,91,0,68,51,0,0,0,0,0,47,0,24,0,0,0,0,2,0,0,0,0,26,78,9,0,8,17,0,0,0,0,8,1,0,0,33,104,1,1,67,0,81,0,14,0,0,0,0,0,0,0,0,0,0,0,1,0,0,0,0,0,69,0,0,7,0,170,0,0,3,11,0,13,0,0,0,0,0,1,50,33,0,0,1,1,0,328,3,0,85,0,0,0,32,0,0,0,0,92,0,0,138,102,0,0,0,0,0,0,0,1,0,0,1,1,0,1,55,10,5,1,87,0,30,0,2,0,2,0,0,16,66,97,0,0,22,0,70,0,15,0,54,5,0,18,0,0,8,0,17,12,108,0,0,0,1,0,0,0,0,0,0,4,0,0,0,12,2,0,21,224,0,0,0,2,4,0,1,0,182,1648,0,0,8,1130,1,0,0,0,0,1279,0,0,197,0,0,0,0,0,4,77,0,0,0,5,9,3,3,151,0,48,0
0,0,0,11,0,0,0,0,58,0,0,2,0,0,4,0,1,0,0,0,0,27,5,0,0,1977,0,0,0,0,0,0,0,72,0,0,0,1,0,0,0,0,1,42,5,4,0,0,1,0,0,1,0,0,0,0,0,2,0,21,4,0,7,0,1,0,13,1,0,0,22,0,0,0,0,0,0,0,0,16,0,35,0,0,208,10,1,0,1,121,0,3,0,0,0,0,0,1,0,27,39,0,0,0,0,0,0,0,1,0,0,25,0,0,0,0,0,0,0,0,0,0,0,32,201,26,0,0,0,0,0,0,0,0,0,0,0,0,1,0,4,166,0,0,0,0,0,0,0,0,50,0,44,16,0,200,25,6,1,0,5,0,0,0,0,0,0,1,0,0,0,0,0,0,0,122,0,0,1,0,0,0,63,0,0,0,2,0,0,0,0,0,3,35,0,0,0,0,0,0,3,93,0,0,0,1,0,0,0,1,0,0,16,0,0,0,34,0,1486,0,0,0,0,0,0,0,0,0,13,0,0,0,0,31,64,0,0,672,0,0,38,0,0,0,0,0,0,0,0,0,0,0,0,0,0,92,62,0,0,0,5,0,0,0,0,0,0,0,0,1,178,0,288,0,1,0,0,0,4,3097,0,0,2,1,0,0,0,0,0,1,0,0,0,0,0,0,11,0,1,38,0
1,10,0,4,0,0,121,0,0,0,0,0,0,0,0,0,0,0,0,0,0,0,34,2,0,3428,0,1,0,2,0,0,0,0,0,0,0,0,0,0,0,0,0,0,0,0,0,0,1,0,0,0,0,0,0,0,0,0,0,0,0,0,0,2,0,0,0,9,15,0,0,0,5,0,0,10,4,0,0,0,0,0,0,0,0,0,0,0,4,0,0,0,0,0,0,0,0,0,0,46,0,35,0,0,0,0,0,344,0,0,0,0,0,0,0,0,0,0,0,0,0,0,0,9,0,0,0,0,0,0,0,0,0,0,0,0,0,4,0,0,1,0,0,0,0,0,0,0,0,0,50,0,0,1,0,0,0,0,0,0,0,0,0,0,0,0,0,0,0,0,2,0,0,0,0,0,0,0,0,0,0,0,0,0,0,0,0,0,0,0,0,0,1,20,0,0,0,0,0,0,0,0,0,0,0,0,0,0,0,3,0,0,0,0,0,0,0,0,0,0,0,0,0,0,0,0,0,0,0,0,0,0,0,197,49,0,0,0,0,10,0,0,0,0,1,0,0,0,0,0,0,0,0,0,0,0,0,0,0,63,0,0,0,0,2,0,0,0,0,231,0,0,656,0,0,0,0,0,0,4619,0,0,0,0,0,1,0,0,0,0,0,0,0,0,0,0,10,0,0,0,0
0,1,0,0,0,0,0,0,0,7,7,3,0,37,35,0,0,0,8,0,0,36,30,0,0,2554,0,0,38,0,0,0,0,75,3,28,41,57,0,0,19,0,0,7,0,1,0,0,1,0,0,0,0,0,0,0,0,0,1,0,5,66,0,143,2,0,147,13,14,0,0,0,0,87,18,7,0,0,0,9,0,80,0,0,0,0,0,0,0,0,1,0,220,0,0,0,0,0,0,2,14,0,0,0,0,0,0,0,0,1,1,17,0,0,0,0,0,0,0,0,26,2,0,0,0,104,1,0,161,9,0,0,25,0,0,0,1,0,0,0,0,0,0,0,0,0,0,0,0,13,0,0,0,0,1,378,4,0,0,0,21,0,0,0,0,46,0,0,35,5,0,0,0,0,0,912,0,0,0,0,0,170,0,0,0,7,1,0,153,0,0,0,8,77,1,0,0,0,0,0,0,369,0,0,0,13,61,11,0,0,0,0,75,0,0,0,0,0,2437,0,0,0,1,0,81,0,0,0,0,0,0,0,0,24,141,6,0,0,21,2,0,0,0,0,0,0,0,5,0,0,0,3,0,0,0,0,0,0,24,0,3,0,0,0,0,0,0,0,2,16,0,0,149,0,0,0,0,0,55,8,0,0,240,0,0,0,0,0,38,0,0,0,0,0,0,0,1,0,0,221,0
0,0,0,0,0,0,1,0,0,0,0,0,0,0,9,0,0,0,0,1,0,153,0,0,0,2355,0,0,4,0,0,0,0,60,0,0,5,10,0,0,0,0,0,0,0,0,0,6,0,0,0,0,0,0,0,0,0,0,0,0,0,0,0,0,0,0,0,0,0,0,0,0,0,0,0,0,0,0,0,105,0,0,0,0,0,0,0,0,0,0,0,1,1,0,0,0,0,1,37,0,0,10,0,0,0,0,0,1499,0,0,0,0,0,200,0,0,0,0,81,0,0,0,66,1,0,0,0,0,0,0,13,0,0,1,0,0,17,0,0,1,13,2,1,0,0,0,12,0,0,0,0,0,0,0,1,0,0,0,0,0,0,0,0,0,0,0,0,0,0,0,4,0,1,0,0,0,0,0,0,2,0,0,0,0,0,0,0,0,0,0,0,27,1,0,0,0,0,0,0,0,0,0,0,0,1028,0,0,0,0,2,0,0,0,0,0,0,55,0,14,0,0,0,0,0,0,0,0,0,0,0,0,0,0,258,0,0,0,0,0,0,0,0,0,0,0,0,0,0,0,0,0,0,0,0,0,0,0,0,0,0,3,0,0,14,0,0,0,0,0,0,0,0,544,0,0,0,0,0,0,2703,0,0,334,0,0,0,0,0,0,0,0,0,0,3,172,0,1,0,0,172,0
0,0,0,0,0,0,8,0,0,0,0,0,0,0,0,0,0,0,19,0,45,29,35,8,0,1,0,0,17,0,0,0,0,56,0,0,0,0,0,0,0,0,0,0,0,0,0,0,6,0,0,0,2,0,0,0,0,0,0,34,0,17,0,0,0,0,0,0,0,0,59,0,48,11,0,0,0,0,4,0,0,417,0,0,0,0,0,0,0,0,0,42,3,0,0,0,0,0,0,0,0,0,0,0,0,0,0,0,0,0,0,976,1,0,0,0,0,0,0,0,0,0,0,0,14,11,1,0,0,73,0,0,0,0,0,0,0,0,0,0,0,0,0,0,0,1,0,0,0,0,97,0,0,18,0,167,24,0,0,0,0,21,16,0,0,0,0,0,118,0,0,0,1,0,0,1091,0,0,0,0,0,199,54,0,0,0,0,0,0,0,0,0,0,76,0,0,0,0,0,0,5,205,0,0,0,1,437,0,7,0,4,0,445,0,0,0,0,0,1914,0,0,0,0,45,0,0,0,0,0,0,0,8,0,3,0,0,0,0,0,21,0,0,0,0,0,0,0,1,0,0,0,0,0,0,0,0,1,0,0,3,1,0,0,0,0,0,0,0,0,837,0,0,306,0,10,0,0,0,0,1640,0,0,117,0,0,0,0,0,0,0,0,0,0,0,106,0,7,0,0,61,0
0,0,0,0,0,0,0,0,0,0,3,0,0,0,93,0,0,1,0,0,0,21,0,0,0,4379,0,0,15,0,0,0,0,98,0,0,0,1,0,0,0,0,0,0,0,19,0,0,0,0,0,0,0,0,0,0,0,0,0,8,0,0,0,1,0,0,43,0,0,0,3,0,0,0,0,0,0,0,1,1,0,1,3,0,0,841,0,0,0,24,0,2,0,0,0,0,0,0,29,0,0,92,0,0,0,0,4,392,0,9,0,0,0,7,0,0,8,0,27,0,0,0,0,7,77,0,0,0,0,0,0,27,0,3,0,0,22,0,0,0,0,0,0,0,0,0,14,0,1,0,0,52,0,1,0,0,0,0,0,0,0,0,0,1,0,0,0,0,0,0,0,0,1,0,5,0,0,0,9,0,0,0,0,0,3,0,0,0,0,4,0,30,1,0,0,0,3,0,0,0,0,0,106,0,3,156,0,0,0,1,0,23,0,0,1,0,24,0,0,0,0,0,0,0,0,0,0,0,3,0,0,0,0,845,0,0,0,2,0,0,1,0,0,0,0,3,0,0,0,0,0,0,11,0,0,176,0,0,1,0,0,0,0,8,0,0,0,0,11,732,0,0,710,0,0,0,0,0,1,701,0,0,65,0,0,0,0,0,0,3,0,0,0,0,0,0,0,0,0,32,0
0,2,0,0,0,13,0,0,0,6,0,3,0,0,7,0,0,0,0,0,0,0,22,15,0,4284,0,0,89,1,0,0,0,0,0,0,0,0,0,0,0,0,0,0,0,0,0,0,0,0,2,0,0,1,0,0,0,0,0,0,7,0,0,225,0,0,307,0,4,0,0,0,2,0,0,598,5,0,30,35,0,62,53,7,0,7,0,0,0,0,0,51,1,0,0,1,0,1,0,0,0,0,1,0,3,0,0,0,0,1,0,73,0,0,0,22,0,32,0,0,0,0,0,27,0,4,3,0,21,0,0,0,0,0,0,1,0,0,45,0,61,0,0,0,0,0,0,0,0,0,0,0,0,43,36,219,0,1,0,0,0,0,0,0,0,0,1,0,0,0,0,0,0,1,0,544,11,0,0,0,0,151,70,0,0,0,0,0,0,0,0,0,12,33,0,0,0,0,0,0,0,0,0,0,0,21,84,3,0,2,0,0,0,0,0,0,0,0,1888,0,0,0,0,0,72,0,0,26,0,0,0,0,0,0,0,0,0,0,12,6,98,0,0,0,0,1,0,0,0,0,0,0,0,0,26,54,0,0,0,0,0,0,0,1,1,0,0,0,1,1,0,0,61,0,0,0,0,0,0,340,0,1,0,0,0,0,0,0,0,0,0,0,0,0,46,0,2,0,0,0,0
0,0,0,0,0,0,39,0,0,0,53,4,0,9,32,0,0,0,0,0,0,25,13,4,0,1240,0,0,31,0,244,0,22,35,0,0,2,139,0,0,23,0,0,0,0,79,0,0,0,0,0,0,0,0,0,0,0,0,0,244,0,51,23,0,0,0,4,0,0,3,0,0,3,0,0,0,0,0,0,57,0,262,0,0,32,0,38,0,11,40,0,103,20,0,0,0,0,0,42,0,14,0,0,0,0,0,0,1,0,0,1,110,0,0,8,0,0,0,0,0,14,0,0,0,0,0,0,1,0,0,0,0,0,0,1,0,0,0,0,0,0,0,46,0,9,0,0,0,0,0,37,0,0,0,1,0,8,0,1,0,1,0,0,0,0,50,0,0,0,49,0,0,0,0,0,827,0,0,14,0,0,0,152,0,0,0,0,0,654,0,0,4,0,92,0,0,0,0,0,0,356,154,0,0,0,27,95,0,24,4,0,0,39,0,0,0,43,0,936,0,1,4,0,0,75,0,0,0,0,0,0,4,0,16,0,0,3,171,0,25,73,0,0,0,0,0,0,0,0,0,4,0,0,0,0,0,0,16,12,0,0,0,0,0,2,0,0,0,3,221,0,0,97,0,4,0,0,0,5,2352,0,0,50,0,0,0,0,0,21,0,0,0,0,0,47,0,7,0,0,87,0
0,0,0,0,0,0,34,26,0,0,0,0,0,0,17,0,0,0,0,0,53,0,0,2,0,0,0,0,1,22,1500,0,0,923,0,0,61,95,0,0,0,0,0,0,0,0,0,0,0,0,0,0,0,0,0,0,0,0,0,0,0,0,0,0,0,0,6,1,0,0,0,0,0,3,0,132,0,0,0,0,0,0,379,0,0,0,1377,0,6,176,0,1,8,0,0,35,0,0,228,0,0,0,0,0,0,2,0,1192,0,0,0,0,0,0,12,0,0,6,0,0,0,0,0,0,0,0,0,0,0,0,0,622,0,0,0,0,10,0,0,0,17,0,0,0,0,0,0,0,0,6,57,0,0,3,0,0,81,0,0,0,0,0,0,0,0,0,0,0,0,0,16,0,0,0,24,0,0,0,0,0,0,0,0,0,0,0,0,0,0,0,0,0,0,0,0,0,0,0,0,0,0,0,0,0,0,11,0,0,0,4,0,0,0,7,0,0,241,0,652,0,0,54,0,0,1,0,0,0,0,0,0,0,0,692,0,0,0,0,0,0,0,0,0,0,0,0,0,0,0,0,0,0,0,0,7,0,9,0,0,0,0,0,0,0,0,0,0,0,6,82,0,0,1016,0,1,0,0,0,9,0,0,0,0,0,0,0,0,3,0,0,0,0,1,0,65,0,9,0,0,0,0
0,0,0,0,0,0,12,0,0,0,0,0,0,0,36,0,0,0,0,0,0,0,0,6,0,5,0,0,18,0,219,0,0,28,0,0,0,0,0,0,1,0,0,0,0,0,0,0,0,0,0,0,0,0,0,0,0,0,0,0,0,0,13,0,0,0,0,0,0,0,0,0,0,0,0,0,0,0,0,0,0,0,0,0,0,0,0,0,0,0,0,0,533,0,0,0,4,0,0,0,0,0,0,0,0,0,0,7132,0,0,0,0,0,0,0,14,0,0,43,0,0,0,0,0,0,0,0,0,0,0,0,0,0,0,0,0,0,0,0,0,18,0,0,0,0,0,0,0,0,0,0,0,1,0,0,0,0,0,0,0,0,0,0,0,0,0,0,0,0,0,0,0,0,0,0,0,0,0,0,0,0,0,0,0,0,0,0,0,0,0,0,0,0,1,0,0,0,0,0,0,0,0,0,0,0,36,0,0,0,0,0,0,0,0,0,0,0,0,0,0,0,0,0,0,0,0,0,0,0,0,0,0,0,1,0,0,0,0,0,0,0,0,0,0,1,0,0,0,0,0,0,0,0,0,0,0,0,0,0,0,2,0,0,0,0,0,0,0,0,162,0,0,73,0,0,0,0,0,0,1622,0,0,17,0,0,0,0,0,0,0,0,0,0,0,0,0,4,0,0,0,0
0,0,1,1,6,1,1,0,0,0,0,0,0,0,4,0,0,1,1,2,0,15,0,0,0,2203,1,0,21,0,0,0,0,35,1,0,0,0,0,0,1,0,0,31,0,16,0,3,0,0,14,0,0,0,90,0,0,0,0,242,0,0,0,0,0,0,14,0,0,0,15,0,0,0,292,0,0,0,0,45,7,0,193,1,0,0,0,0,0,0,0,3,0,0,0,67,0,0,27,0,8,0,0,2,1,2,0,191,0,201,0,0,0,0,0,6,4,0,115,0,0,4,0,0,22,14,1,0,1,0,4,0,10,0,0,0,44,0,0,0,9,0,0,0,51,0,31,0,0,4,33,0,0,0,2,0,0,0,82,1,0,0,0,3171,0,0,1,0,0,0,5,0,1,0,0,0,0,31,2,0,40,0,0,0,5,0,0,0,37,0,0,100,0,0,0,0,0,0,0,59,0,0,0,1,0,14,0,0,0,1,0,0,3,6,0,0,51,32,0,7,0,64,0,48,2,0,104,0,16,25,156,0,0,0,0,2,2,0,1,0,5,0,0,0,1,0,0,0,0,0,0,0,9,1,26,12,0,0,15,3,0,0,0,8,0,0,0,38,0,0,0,1,26,0,0,1,0,0,0,1274,0,0,51,0,0,0,0,0,127,2,0,0,0,0,0,0,186,8,0,27,0
0,0,0,0,0,0,2,30,3,0,0,0,0,1,1,0,0,0,0,0,21,52,0,0,0,2675,0,0,5,41,0,0,0,57,0,0,1,256,0,0,0,0,179,124,0,110,0,0,0,0,0,0,0,0,0,0,0,0,0,90,0,1,0,0,80,0,519,0,0,0,0,0,0,4,0,0,0,0,0,0,0,0,0,0,0,0,285,0,0,27,0,0,3,0,0,3,0,0,34,0,0,0,0,0,0,0,5,447,0,0,0,0,0,10,0,0,0,0,116,0,1,0,0,0,20,92,0,0,0,0,11,1,0,0,0,0,9,0,0,0,46,0,0,0,0,0,0,0,0,1,9,0,0,0,0,0,0,0,0,44,0,0,0,310,0,0,0,0,0,0,0,0,1,0,0,0,0,0,553,0,2,0,0,0,0,0,0,0,0,0,0,85,1,0,0,0,0,0,0,0,0,0,0,0,0,114,0,0,0,0,0,0,0,0,17,0,112,0,0,0,0,28,0,0,0,0,0,0,0,0,28,0,0,135,0,0,0,0,0,0,0,1,0,0,0,0,0,1,0,0,0,0,0,0,0,89,0,0,14,25,0,0,0,15,0,0,0,0,0,6,0,0,15,0,0,0,8,0,5,2624,0,0,44,0,0,0,0,3,149,0,0,0,0,0,44,0,11,0,0,145,0
0,0,0,0,0,0,2,22,1,21,0,0,0,5,104,0,0,0,10,58,53,52,4,4,0,2311,0,0,52,82,156,0,0,92,0,0,138,0,18,0,0,0,0,66,0,92,0,14,0,0,7,0,1,0,39,3,0,0,0,0,2,29,0,0,0,0,95,0,27,0,41,0,0,5,1,0,5,0,0,0,0,162,2,0,70,1,0,0,0,69,0,0,1,22,0,1,0,0,41,0,34,0,0,0,0,0,0,0,0,0,0,42,0,0,0,0,1,0,0,2,3,0,0,0,94,584,1,0,84,34,0,0,0,1,0,0,21,0,0,0,0,0,0,0,0,1,0,37,0,0,14,0,0,0,1,129,0,1,0,3,0,0,7,0,0,29,0,0,32,65,0,0,1,0,0,104,0,319,0,0,0,76,14,1,0,0,0,0,365,0,0,15,9,0,0,0,0,0,0,0,0,0,0,0,0,0,369,2,0,33,0,0,23,0,2,0,0,0,1777,0,16,0,0,1,46,0,0,0,19,0,0,0,30,0,0,0,4,0,15,54,77,3,26,0,0,0,4,1,0,1,1,0,0,0,0,6,39,0,29,2,0,8,0,0,0,0,0,0,0,3,0,0,99,1,0,0,4,0,8,789,0,1,139,0,0,0,0,0,0,58,0,0,0,0,43,0,14,0,0,162,0
0,0,0,1,0,0,1,1,1,6,26,0,0,1,19,0,5,0,0,0,0,5,16,0,1,2836,1,0,0,0,99,0,0,72,0,0,4,45,0,0,0,0,0,7,0,65,0,1,0,0,0,0,1,0,0,1,0,0,0,25,9,1,0,1,0,0,42,0,0,2,1,0,3,0,1,0,0,0,0,5,0,221,201,0,1,6,0,0,0,0,17,0,0,0,0,0,0,0,29,1,9,0,0,0,0,1,0,10,0,0,0,146,0,0,0,0,1,0,19,0,22,0,0,0,13,14,1,0,35,86,0,0,0,0,0,0,0,0,1,0,0,236,35,0,0,0,0,30,0,0,64,2,0,238,1,0,3,0,3,1,0,39,17,0,0,34,3,0,45,38,1,0,16,0,0,338,0,8,1,25,0,0,66,0,0,0,0,0,98,0,0,15,0,251,1,0,0,0,0,0,0,40,0,1,1,52,380,0,21,0,0,0,13,0,1,0,1,1,1776,9,38,33,1,1,0,0,0,0,1,0,4,0,21,1,36,3,1,0,20,31,46,0,21,0,0,0,0,1,3,9,11,2,4,0,5,0,0,0,3,0,1,9,0,0,0,0,0,0,241,97,33,0,27,0,0,0,1,0,1,1166,0,0,35,0,0,0,0,0,9,6,0,0,0,1,0,0,1,0,1,44,0
0,0,0,1,0,0,2,3,0,5,0,0,1,8,5,0,0,0,0,0,2,24,7,1,0,2160,0,0,1,8,0,0,0,11,0,0,7,0,18,23,21,0,0,0,0,124,0,0,2,1,1,1,0,0,1,0,0,0,0,10,0,1,1,0,0,6,107,1,0,0,18,0,0,0,0,1,0,0,0,0,0,283,1,0,4,0,49,0,4,39,626,4,1,0,0,1,0,2,95,40,0,0,0,0,0,0,0,0,1,1,0,21,0,0,5,243,0,179,0,0,13,0,1,55,0,66,0,0,0,0,0,0,0,1,0,0,1,0,0,0,0,0,0,0,20,0,0,0,0,1,0,0,0,0,1,43,0,1,0,7,0,0,12,0,0,0,0,0,0,353,0,0,1,2,0,166,0,0,1,0,8,135,18,0,0,0,0,0,0,0,0,0,2,42,0,0,0,0,0,0,319,0,0,0,0,1,244,1,0,1,0,0,53,6,0,0,7,0,372,0,0,0,0,0,48,0,0,0,0,0,0,7,0,0,0,0,0,0,0,0,56,201,0,0,0,0,0,0,2,0,0,0,0,0,0,0,8,0,0,2,0,0,0,0,0,0,1,188,0,78,27,0,119,0,1,1,0,0,0,2810,0,0,59,0,0,0,0,0,15,0,0,0,0,0,154,0,4,0,0,95,0
37,0,0,0,0,0,3,0,1,0,0,0,0,0,0,0,0,0,0,0,90,5,2,0,0,0,0,0,0,0,0,0,6,410,0,44,0,49,0,0,0,0,0,68,0,0,0,0,1,0,0,0,0,0,0,0,0,0,0,0,0,19,1,0,3,3,6,0,0,23,0,0,0,0,0,0,0,0,0,79,0,2,0,0,0,0,0,26,0,58,0,3,0,0,0,0,0,0,45,0,0,0,0,0,6,0,4,849,0,33,0,0,0,0,0,2,0,1,148,15,0,0,0,2,907,0,1,0,3,0,138,358,0,0,0,51,0,0,0,0,0,0,0,0,0,0,0,0,0,0,15,0,0,0,1,0,0,0,78,81,0,0,0,377,0,0,0,0,0,0,1,0,65,3,0,0,0,3,19,0,7,0,0,0,0,0,11,0,0,0,0,60,0,0,0,0,0,0,0,0,0,0,0,1,41,6,0,0,0,0,0,0,88,0,1,0,104,0,0,4,16,0,0,0,0,135,0,0,129,0,400,0,0,141,0,0,0,0,0,0,0,0,729,0,0,1,0,3,0,0,275,0,8,0,4,0,0,0,0,0,0,88,0,0,0,0,0,46,1,298,0,61,461,0,0,0,0,0,1,2325,0,0,159,0,0,0,1,0,0,5,0,0,0,0,29,0,0,101,65,52,0
4,0,0,0,0,0,0,0,0,0,0,0,2,0,0,0,0,0,0,0,0,58,11,1,6,1379,0,0,2,12,1,416,0,21,0,0,3,0,57,0,0,0,123,0,0,36,0,0,0,0,0,0,0,0,7,0,0,0,0,0,0,0,0,0,0,0,17,0,117,0,25,0,0,0,0,706,0,0,12,0,0,70,24,0,0,0,0,0,0,0,972,0,5,0,0,0,0,2,0,0,0,0,0,0,0,0,0,861,0,0,0,1009,0,7,13,0,0,0,34,0,0,0,0,0,232,0,0,0,0,0,69,149,0,0,0,0,3,0,3,0,116,3,0,0,0,0,0,0,0,0,0,0,0,0,0,0,0,0,0,0,0,0,0,0,0,0,2,0,0,0,0,0,0,0,0,0,0,51,0,0,0,0,0,0,0,0,0,0,0,1,0,0,0,0,1,0,0,0,0,0,0,0,0,0,0,0,0,0,0,3,5,0,0,8,0,0,37,0,335,0,1,0,0,0,0,9,0,0,6,0,0,0,0,0,0,0,0,0,0,1,0,0,0,0,5,0,0,0,0,0,0,0,0,0,9,0,0,0,0,75,0,0,0,6,0,0,1,0,0,245,0,0,994,0,0,0,0,0,0,1282,0,169,55,0,0,0,17,0,0,0,7,0,0,0,14,0,3,0,0,72,0
0,0,0,0,0,0,0,0,0,0,0,0,0,0,0,10,0,0,0,0,0,0,0,0,0,0,0,0,113,0,0,0,0,0,0,0,0,0,0,0,0,0,0,0,0,0,0,0,0,0,0,0,0,0,0,0,0,6,0,143,0,0,0,0,0,0,0,0,0,0,0,0,0,0,0,117,0,0,0,0,0,2,0,0,0,2270,901,0,0,0,0,13,0,0,0,0,0,0,0,0,0,0,0,0,0,0,0,553,0,0,0,0,0,0,0,16,0,1,0,0,0,0,0,1,27,0,0,0,0,0,0,0,0,2,0,0,0,0,0,3,1428,0,0,0,0,0,0,0,0,0,0,0,4,0,3,0,0,0,0,0,0,0,0,0,0,0,0,0,0,0,0,0,2,0,0,0,0,0,0,0,0,0,0,0,0,0,0,0,0,0,59,54,15,0,0,0,0,0,0,0,0,0,0,0,1104,353,0,0,0,5,0,0,0,0,0,0,0,0,203,0,0,0,0,0,0,0,0,0,0,0,0,0,0,0,0,0,0,0,0,0,0,0,0,0,0,567,0,0,0,0,0,0,0,0,0,476,0,0,0,0,0,0,0,0,0,0,0,0,0,1298,0,0,25,0,0,0,0,0,0,28,0,0,195,0,0,0,0,0,0,0,0,0,0,0,0,0,0,0,0,0,0
0,0,0,0,0,0,2,0,0,0,2,0,0,0,1254,0,0,0,0,0,14,52,5,1,0,62,0,0,19,5,57,0,0,88,0,0,2,1,0,2,0,0,0,11,0,15,0,0,0,0,0,0,0,0,0,1,0,0,0,1,0,30,1,1,0,0,0,1,0,0,11,0,3,8,0,0,5,0,0,3,0,72,1,0,584,7,0,0,2,34,0,9,9,0,0,0,0,0,13,0,0,0,0,0,0,0,0,1,0,0,0,23,0,0,0,0,0,0,14,0,0,0,3,0,33,0,0,0,13,0,0,0,0,1,4,0,0,0,0,0,0,0,0,0,0,1,0,0,26,18,7,1,0,4,1,0,60,0,0,0,7,20,0,1,0,0,0,1,70,37,0,0,177,0,2,828,0,0,1,0,0,354,72,0,1,0,0,0,0,0,0,1,4,117,0,0,0,0,0,0,0,74,0,1,1,1,54,3,6,2,0,0,85,0,1,0,6,0,62,4,8,0,0,0,0,0,0,0,0,0,0,2,0,25,0,0,3,241,0,287,93,0,0,0,0,27,0,1,0,28,0,0,3,1,3,2,0,0,1,11,0,0,0,1,1,0,0,0,3,2952,0,0,651,0,1,0,5,1,1,998,0,0,27,0,0,0,0,0,0,7,0,0,0,0,12,0,17,0,0,11,0
0,0,0,0,0,0,1,0,0,0,0,0,0,0,0,0,18,0,0,0,0,7,0,0,0,271,0,0,18,0,104,0,0,92,0,0,3,172,0,0,0,0,0,7,0,0,0,0,0,0,0,0,0,0,161,1,0,0,0,96,0,0,0,0,0,0,213,0,0,0,20,0,0,0,0,0,0,0,0,23,0,0,279,0,28,0,0,0,0,51,0,16,0,36,0,0,0,0,61,0,8,0,0,0,0,0,0,956,0,0,0,0,0,58,0,0,0,0,80,0,0,0,0,0,455,0,0,0,0,132,117,183,0,1,0,1,23,0,0,0,0,0,0,0,0,0,22,0,0,0,1,0,0,22,2,0,0,0,0,12,0,0,0,873,0,0,0,0,0,0,8,0,0,0,0,0,0,0,27,4,0,0,0,1,2,0,0,0,0,0,0,137,0,0,0,0,0,2,0,0,0,0,0,0,0,79,0,0,0,0,0,0,160,0,3,0,124,25,2,8,0,0,0,181,0,0,0,0,0,16,41,0,2,212,0,0,3,0,0,5,0,0,0,0,11,0,0,0,0,0,0,10,0,0,0,0,47,1,0,0,8,0,0,54,0,0,0,0,1,808,0,25,888,0,1,0,0,3,6,11,0,2153,77,0,0,0,0,0,21,70,0,0,0,0,118,1,5,0,0,12,2
0,0,0,0,0,0,1,0,0,0,0,0,0,0,0,0,0,0,0,0,0,0,1,4,0,785,0,0,74,0,0,0,0,0,0,0,0,0,0,0,1,0,0,62,0,28,0,0,0,0,0,0,0,0,0,0,0,0,0,0,0,1,0,0,0,0,0,0,0,0,0,0,1,10,0,0,0,0,0,16,0,0,0,0,0,0,0,0,0,0,0,0,3,0,0,2,0,0,0,0,0,0,0,0,0,0,0,93,0,0,0,0,0,0,0,0,0,0,141,0,0,0,0,6,0,0,0,0,0,0,0,0,0,0,0,0,15,0,0,0,15,0,0,0,0,0,56,14,0,0,39,0,0,0,0,0,0,0,0,0,0,0,0,2,0,0,0,7,0,0,0,0,9,0,0,0,0,0,43,3,0,0,0,0,0,0,0,0,0,0,0,419,7,0,0,0,0,0,0,0,0,0,0,0,2588,51,0,0,0,21,0,0,0,0,0,0,25,0,0,0,1,0,0,0,0,0,0,0,0,0,0,0,0,515,0,0,0,0,0,0,0,0,0,0,0,0,0,0,0,0,1,0,0,1,0,0,0,0,0,0,0,0,0,0,2,0,0,0,0,193,0,0,4734,0,3,0,0,0,0,0,0,0,0,0,0,0,0,0,0,0,0,0,9,0,0,0,0,0,0,0,0
4,0,0,0,0,0,0,0,0,0,0,0,0,87,2,0,0,0,0,0,204,56,0,0,0,415,0,0,2,3,209,0,0,63,0,0,1,33,0,0,0,0,64,10,0,91,0,0,0,0,1,0,0,0,49,0,0,0,0,0,0,10,0,0,0,0,145,0,0,0,546,0,0,69,0,0,0,0,0,183,0,0,398,0,45,1,0,11,0,59,0,4,0,0,0,0,0,0,27,0,0,0,0,0,1,0,148,1971,0,0,0,0,0,38,0,0,0,0,164,0,0,0,1,0,4,0,0,0,0,0,72,10,0,0,0,0,2,0,0,0,5,0,0,0,0,0,12,0,0,0,0,32,0,0,0,8,0,0,16,36,0,0,0,266,1,0,0,0,0,0,0,0,0,0,0,0,0,59,456,0,0,0,0,0,0,0,0,0,0,0,0,50,0,0,0,0,0,0,0,0,0,0,0,0,0,3,0,0,0,1,0,0,0,6,0,0,110,0,26,10,0,50,0,0,0,0,0,0,42,0,60,0,0,286,0,0,0,0,0,1,0,0,0,0,0,0,0,0,0,0,24,0,7,0,24,0,2,0,0,0,0,0,0,3,0,0,0,0,0,4,0,7,48,0,0,0,0,2,1,2715,0,0,180,0,0,0,0,0,0,44,0,0,0,0,153,0,2,0,0,52,0
0,0,12,0,12,0,0,0,0,0,0,0,0,0,0,0,0,0,0,0,0,78,0,0,0,1639,0,0,8,82,284,0,0,0,0,0,0,0,0,0,0,0,0,0,0,255,0,0,0,0,0,0,2,0,73,0,0,0,0,0,14,0,0,0,0,0,36,0,0,68,20,0,6,0,0,0,6,0,0,63,0,171,0,0,0,0,3,0,0,0,0,0,0,0,0,0,0,0,0,0,0,0,0,0,0,0,0,54,0,0,0,18,0,0,10,0,0,0,0,0,50,0,0,0,0,145,1,0,0,0,0,0,0,0,0,0,0,0,1,0,1,0,0,0,0,0,0,0,0,0,209,0,0,8,0,106,157,0,0,0,0,0,0,0,0,0,0,0,0,36,0,0,0,0,0,1461,0,0,1,0,0,0,73,0,0,0,0,0,0,0,0,0,0,678,0,0,0,0,0,0,2,0,0,1,0,1,0,0,0,2,0,0,43,0,0,0,7,0,0,101,0,0,0,0,77,0,2,0,0,0,0,0,0,1,0,0,10,0,0,5,260,0,0,0,2,0,0,0,0,0,0,0,0,0,0,0,6,0,0,0,1,0,0,6,0,0,0,0,0,52,14,0,54,0,0,0,0,0,0,2994,0,0,402,0,0,0,0,1,0,0,0,0,0,0,0,0,11,0,0,109,0
0,9,0,0,0,0,25,0,0,0,2,0,0,0,0,0,74,0,0,0,0,59,0,1,0,3533,1,0,0,0,549,0,0,44,0,0,0,21,0,0,0,0,0,0,0,150,0,3,0,0,0,0,1,1,3,1,0,0,0,7,0,0,1,1,0,0,20,0,0,0,4,0,0,0,0,0,0,0,11,17,0,1,1,0,0,1,137,0,0,0,0,10,0,0,0,0,0,0,0,0,0,0,0,3,0,0,0,955,0,1,0,0,0,0,0,0,0,0,81,0,0,0,0,0,1378,0,0,0,2,0,27,0,0,0,0,0,0,0,0,1,9,0,0,1,0,15,2,0,3,0,17,0,1,0,1,0,0,0,0,11,4,1,0,4,0,0,1,0,1,0,5,0,0,0,0,0,2,1,45,2,0,0,0,3,2,0,0,0,2,0,1,0,0,0,0,0,0,1,0,1066,0,0,0,4,0,7,2,0,0,0,0,0,0,0,4,0,39,5,22,0,1,0,1,0,0,0,0,0,0,2,36,0,0,789,0,0,1,0,0,1,0,0,0,0,6,1,0,0,0,0,0,2,3,0,1,19,4,0,3,11,3,0,0,13,0,0,0,0,1,80,0,137,68,0,0,0,0,1,3,0,0,34,337,0,0,0,0,0,1,23,0,0,1,0,0,0,3,0,0,0,0
0,0,0,0,0,2,23,0,0,0,0,0,0,407,49,0,0,0,0,0,130,0,0,0,0,236,0,0,27,24,0,0,0,123,0,0,20,76,0,0,0,0,0,136,0,7,0,0,0,0,2,0,0,0,0,0,0,1,0,577,0,12,0,0,0,0,138,0,0,0,0,2,0,23,0,2,0,0,0,33,0,0,0,0,90,0,0,0,0,23,0,0,44,0,0,0,0,0,37,0,0,11,0,0,0,0,0,0,0,0,0,0,0,94,0,0,3,0,87,5,0,0,0,80,88,0,0,0,0,0,44,4,0,0,0,0,272,0,0,0,18,2,0,0,1073,0,23,0,0,0,8,115,0,0,0,0,0,0,0,0,0,0,0,0,0,0,0,0,0,2,0,0,0,0,0,0,0,0,0,1,0,0,0,0,0,0,0,0,0,0,0,125,2,0,461,0,0,0,0,0,4,0,0,0,0,16,7,0,0,0,0,0,0,0,0,0,0,0,369,74,299,0,0,0,0,0,0,0,0,0,95,0,0,0,0,0,0,0,0,186,0,0,0,0,0,0,2,0,0,0,307,0,0,0,0,0,1,0,0,0,0,0,13,0,0,0,0,0,5,916,0,0,0,0,0,0,0,0,0,2651,0,0,119,0,0,0,0,0,56,36,0,0,0,0,0,0,3,0,0,77,0
1,0,0,0,0,0,1,2,0,0,0,0,0,188,1,0,0,0,0,0,1,0,0,0,0,2385,0,0,8,0,564,212,0,45,0,171,23,27,0,0,10,0,0,9,0,18,0,0,0,0,4,0,0,0,25,0,0,0,0,0,0,9,0,0,0,0,64,0,0,0,21,0,0,0,0,0,0,0,0,16,0,1,0,1,1,2,0,0,1,16,0,0,121,0,35,3,0,0,2,0,4,0,0,0,0,0,1,0,0,0,0,0,0,1,0,0,0,0,1,0,0,0,1,0,7,6,0,0,15,127,1,1,0,0,1,0,0,0,0,0,0,0,0,0,0,0,0,0,0,0,29,4,0,0,1,25,0,0,1,0,0,0,8,0,0,34,0,0,0,16,0,0,1,0,0,770,0,0,7,0,0,329,19,0,0,0,0,0,278,0,0,5,0,0,1,0,0,0,0,0,2,0,0,0,0,6,151,6,0,2,0,0,17,0,1,0,0,0,1655,17,0,32,0,1,106,11,1,1,0,0,19,0,36,0,51,11,0,0,0,11,46,42,0,0,0,0,0,0,1,0,1,0,0,0,0,0,0,0,14,0,0,17,5,0,0,1,8,32,0,1534,2,0,93,0,1,0,0,0,7,13,0,0,172,0,0,0,0,0,30,0,0,0,0,0,22,0,0,55,2,93,0
0,0,0,0,0,7,0,0,0,7,2,2,0,0,116,0,0,0,7,12,0,0,6,1,0,3495,0,0,48,9,0,0,56,19,0,0,1,2,0,0,0,0,0,0,0,0,0,1,1,0,0,0,1,0,0,0,0,0,0,13,2,0,3,1,0,0,1,0,0,50,2,0,7,5,0,0,2,0,0,1,0,151,1,7,1,33,1,0,10,35,0,4,0,0,0,0,0,0,0,0,28,0,0,0,0,0,4,0,0,0,1,3,0,0,15,0,0,0,0,0,0,0,0,0,0,42,1,1,24,0,0,0,0,1,0,0,0,5,0,0,0,0,0,0,0,0,0,0,0,0,52,0,0,7,1,36,0,0,0,0,0,0,10,0,0,0,0,0,0,46,0,0,0,0,0,629,0,0,0,0,0,0,31,0,0,0,0,0,0,0,0,0,6,175,0,0,0,0,0,0,3,377,0,0,0,1,141,0,26,2,0,0,29,0,0,0,2,1,1041,9,0,0,0,1,38,0,0,0,1,0,0,5,0,7,0,0,0,216,0,14,0,3,0,0,0,0,0,0,0,0,0,0,18,1,4,1,0,0,1,0,1,0,0,9,0,1,0,0,0,493,0,0,1862,0,0,0,0,0,0,195,0,0,86,0,0,0,0,0,0,0,0,0,0,0,35,0,96,0,0,44,0
0,0,0,0,0,0,0,0,0,0,0,0,0,0,0,0,0,0,0,0,0,0,0,0,0,2729,0,0,0,0,0,0,0,0,0,0,0,0,0,0,39,0,0,0,0,661,0,0,0,0,0,0,0,0,0,12,0,0,0,108,0,0,0,7,0,0,11,0,0,0,39,0,0,0,0,0,6,0,0,0,0,199,0,0,0,0,0,0,0,0,0,0,0,0,0,0,0,0,0,0,0,0,1,0,0,0,0,1,0,0,0,344,0,0,0,54,0,0,0,5,27,0,1,0,0,486,1,0,0,0,0,0,0,0,0,0,0,0,0,0,0,0,0,0,0,0,0,0,0,0,0,0,0,0,1,58,0,0,0,0,0,0,0,205,0,0,0,0,0,29,0,0,0,1,0,793,0,0,0,0,0,0,0,0,0,0,3,0,0,0,165,0,0,0,0,0,0,0,0,0,13,148,0,0,0,0,111,0,18,0,0,0,336,0,0,0,0,0,0,0,0,0,0,0,105,0,0,0,0,0,0,0,0,9,0,0,0,342,0,104,0,0,0,0,2,0,0,0,0,0,0,0,0,0,0,20,10,0,0,0,0,0,0,0,0,0,0,0,0,2,0,0,186,0,0,0,0,0,0,1623,0,0,970,0,0,0,0,0,20,0,0,0,0,0,0,0,0,0,0,0,0
0,0,0,1,0,0,39,0,0,3,1,2,0,0,10,0,0,0,10,0,0,0,18,0,0,508,0,0,3,0,0,0,0,48,1,179,2,113,0,0,14,0,0,0,0,855,0,9,0,0,27,0,1,0,0,0,0,0,0,305,7,8,2,6,0,0,123,19,22,0,16,0,0,0,0,159,2,1,0,0,9,220,0,0,43,0,90,0,3,28,0,19,3,0,34,0,0,0,0,0,24,11,0,0,0,0,0,0,0,0,0,241,0,0,22,0,0,0,0,0,7,0,0,0,0,38,0,0,33,214,0,0,2,0,0,0,1,0,0,0,0,0,0,0,0,0,0,0,0,0,0,2,0,35,1,169,0,175,0,8,7,11,0,1,35,0,0,0,51,41,0,0,1,0,0,136,0,79,0,0,0,0,13,0,0,31,0,0,439,0,137,0,5,272,0,0,1,0,0,0,0,104,0,270,0,21,279,4,5,2,0,0,31,0,0,0,0,8,1437,0,52,51,0,1,140,0,0,0,0,0,0,0,0,1,84,0,3,0,9,106,203,0,23,0,0,0,0,1,0,0,28,0,0,1,5,14,1,0,0,0,2,0,0,4,13,0,0,0,0,7,0,0,48,0,0,0,0,1,1,1273,0,0,240,0,14,0,0,0,106,8,0,0,0,0,8,0,0,150,21,20,0
0,1,0,0,0,0,2,21,0,8,4,2,0,0,10,0,0,0,8,0,72,7,35,0,0,2692,0,0,0,0,3,0,2,59,0,0,0,0,0,0,0,0,0,46,0,703,0,0,2,0,4,0,1,1,26,2,0,0,0,3,13,0,0,0,0,0,0,0,0,0,13,15,4,0,0,0,0,0,4,4,0,157,0,0,117,0,0,0,0,8,0,0,0,0,0,0,0,0,8,0,0,0,0,0,0,0,0,0,0,0,0,29,0,0,0,0,0,0,0,0,3,0,0,0,0,0,1,0,114,0,0,0,0,0,0,0,0,0,0,0,0,0,0,0,9,0,0,0,0,0,93,0,0,4,0,109,0,0,0,26,0,0,0,0,0,0,0,0,66,6,0,0,0,0,0,174,7,0,0,0,0,197,24,21,0,0,0,0,0,0,0,0,0,113,0,0,0,0,0,0,594,132,0,1,0,0,71,0,5,22,142,0,147,0,1,0,0,1,1603,0,0,0,0,0,0,0,0,0,9,0,0,3,0,1,0,0,3,422,0,0,63,0,0,0,0,0,3,0,0,0,0,0,2,0,1,0,0,0,0,370,0,0,0,0,0,0,0,0,0,1,0,0,767,1,13,0,0,0,0,42,1,0,474,0,0,0,0,0,0,4,0,0,0,0,0,0,1,0,0,49,0
0,15,0,0,0,0,1,0,0,0,7,1,0,0,0,0,35,0,0,0,0,74,3,0,0,1234,0,0,1,6,8,0,0,174,0,0,0,36,0,0,0,0,0,0,0,52,0,0,0,0,5,0,0,0,2,1,0,0,0,0,2,0,0,83,0,0,34,0,8,0,21,0,5,0,0,1,0,0,0,80,0,279,187,0,0,755,237,0,0,36,0,1,23,0,0,0,0,0,65,59,8,0,0,0,0,0,0,1159,0,0,0,28,0,0,0,0,1,0,0,0,0,0,0,0,94,488,1,0,57,0,2,0,14,0,1,0,0,0,0,0,0,0,45,0,9,0,0,0,0,0,66,0,0,8,1,0,0,0,0,0,0,9,0,0,0,0,0,0,0,10,0,0,0,0,0,354,0,0,0,0,0,0,0,11,0,0,1,0,0,0,0,2,2,228,0,0,0,0,0,0,296,212,0,0,0,2,142,0,0,1,0,0,73,0,0,0,0,0,979,0,0,0,0,0,32,0,0,0,0,0,0,0,0,0,0,0,5,0,0,182,69,0,0,0,0,28,35,0,0,0,0,0,0,0,0,131,0,2,24,0,0,0,0,4,0,0,0,0,35,11,3,0,44,0,0,0,0,0,33,725,0,16,424,0,0,0,0,0,0,10,0,0,0,0,39,0,137,0,0,185,0
0,0,0,0,3,0,3,1,0,0,0,8,0,0,792,0,0,0,0,0,157,44,20,0,0,125,2,0,99,19,136,0,0,22,0,0,0,44,0,0,0,0,0,29,0,68,0,0,0,0,0,0,0,0,56,0,0,0,24,9,0,19,0,0,0,0,29,0,0,0,40,0,0,21,0,0,0,0,0,13,0,140,5,15,184,0,2,0,0,0,0,51,103,0,0,0,10,0,3,0,49,0,0,0,10,1,0,0,0,1,0,56,0,0,25,0,0,0,0,0,7,0,1,0,289,645,1,0,113,214,48,1,0,0,0,0,0,0,0,0,1,0,0,0,86,0,0,0,0,0,0,1,0,0,1,0,0,0,0,2,0,0,11,10,0,72,0,0,64,11,0,0,0,0,0,737,12,0,1,0,0,202,145,0,0,0,0,0,997,0,0,21,3,78,0,0,0,0,0,0,7,0,0,0,0,1,101,0,0,0,0,1,171,0,1,0,1,0,1226,0,0,0,0,0,67,0,0,0,0,0,2,31,0,1,0,0,5,0,0,93,99,0,0,0,0,0,0,6,0,2,505,1,0,0,0,5,2,0,32,46,0,0,0,0,0,0,0,0,0,264,0,71,226,0,0,0,11,0,2,392,0,1,291,0,0,0,0,0,2,0,0,0,0,0,12,4,1,31,0,78,0
0,2,0,0,9,0,0,0,0,0,0,0,0,0,2,0,2,0,0,0,29,6,0,0,0,2270,0,0,139,0,215,0,0,0,0,0,2,0,0,0,0,0,0,0,0,97,0,0,2,0,0,0,0,0,0,0,0,0,0,0,0,0,6,0,0,0,0,0,6,274,0,0,0,0,0,0,0,0,0,30,0,1,160,0,0,6,4,0,0,65,0,71,8,0,0,0,0,0,20,0,0,43,1,0,0,0,0,89,0,0,0,0,0,54,0,2,0,0,164,0,0,0,8,2,54,0,0,0,0,0,16,53,0,0,0,0,744,0,0,0,9,0,0,0,0,0,0,0,0,22,20,3,4,0,1,27,0,0,0,0,0,0,0,0,0,0,0,0,0,0,0,0,74,0,0,9,0,0,0,0,0,0,0,0,0,0,1,3,0,0,11,177,2,0,0,0,0,0,0,0,0,0,0,0,0,129,0,0,1,29,0,0,0,0,12,0,92,0,8,0,0,7,0,0,0,0,0,0,5,0,170,0,0,818,0,0,0,0,0,0,0,0,0,2,5,1,1,0,0,0,0,0,0,0,0,9,2,0,0,0,0,0,0,10,0,0,0,0,0,1519,0,0,172,0,0,0,57,0,9,1472,0,0,116,0,0,0,0,277,0,12,0,0,0,0,0,12,14,0,0,23,0
0,0,1,0,0,0,1,1,0,0,0,0,0,300,1,7,0,0,0,0,55,26,0,0,0,774,0,0,2,6,0,0,0,109,0,0,7,0,0,0,0,0,0,0,0,171,0,0,0,0,0,0,1,0,3,0,1,1,0,419,0,1,1,145,0,2,268,0,0,69,12,3,0,40,0,157,0,4,0,573,0,0,270,0,22,30,0,0,0,0,0,5,2,0,0,0,0,0,0,0,0,0,0,0,0,0,0,0,0,0,0,0,3,0,0,6,0,0,131,0,21,0,7,0,11,91,0,0,112,0,0,4,0,0,48,0,0,0,1,0,1,0,26,0,0,0,22,0,0,0,195,0,0,50,0,42,0,0,13,0,0,21,9,0,0,0,0,0,52,19,0,0,1,0,0,129,0,26,0,0,0,0,19,7,0,0,0,0,0,0,0,27,0,136,0,0,0,0,0,0,325,0,0,0,0,22,284,14,12,0,0,0,32,0,0,0,92,0,1010,12,68,0,0,9,30,0,0,0,0,0,0,3,41,191,71,0,56,0,0,64,102,0,0,0,0,0,59,1,0,0,44,0,0,1,113,212,15,0,10,0,0,0,0,3,3,0,0,0,270,4,0,0,40,0,0,0,1,1,0,1765,0,6,113,15,0,0,0,0,68,0,0,0,0,0,1,0,58,0,1,47,0
0,0,0,0,0,0,23,1,0,0,0,0,0,0,0,0,0,0,0,0,0,0,0,11,0,6438,0,0,4,0,0,0,0,0,0,0,0,311,1,0,0,0,1,0,1,0,0,0,0,0,0,0,0,0,5,0,0,0,0,0,0,0,0,0,0,0,85,0,0,0,0,0,0,14,0,0,0,0,0,0,0,0,0,0,0,7,0,0,0,13,0,0,1,0,0,0,10,0,0,0,0,28,0,0,1,0,0,28,0,0,0,0,0,5,0,0,0,0,4,3,0,0,0,1,58,82,0,0,0,0,8,4,0,0,0,0,4,0,0,0,1,0,0,0,0,0,15,0,0,0,29,0,1,0,0,0,0,0,0,6,0,0,0,0,0,0,0,0,0,0,4,0,2,0,0,0,0,39,0,0,0,0,0,0,0,0,0,0,0,0,0,121,2,0,0,0,0,5,0,0,0,0,0,0,0,20,0,0,0,0,236,0,0,0,0,0,0,0,1,0,0,0,0,0,0,0,0,11,0,0,0,0,0,586,0,0,0,0,0,0,0,0,0,0,0,0,1,0,3,0,0,0,0,0,0,55,24,0,0,9,0,0,0,2,0,0,0,0,0,19,0,0,70,0,0,0,0,0,0,1395,0,0,48,0,0,0,0,0,5,24,0,0,0,0,13,0,8,0,0,99,0
0,0,0,1,0,0,2,0,68,0,20,2,0,26,69,0,0,0,0,0,121,29,11,7,1,3092,0,0,0,0,89,0,0,0,0,0,23,53,6,3,23,0,0,49,0,254,0,0,1,0,0,0,0,0,0,0,0,0,0,53,4,5,1,0,0,0,14,4,5,0,0,0,0,7,0,0,0,0,0,32,6,75,0,35,153,0,0,0,0,60,1,89,221,0,0,0,0,0,2,3,0,0,0,0,0,0,0,0,0,1,0,110,0,0,0,0,0,0,0,0,0,0,0,124,153,0,0,0,0,12,0,0,0,0,0,0,0,0,0,0,0,0,0,0,14,0,0,0,0,0,137,0,0,0,1,89,0,183,0,0,1,0,1,0,0,0,0,34,38,21,0,0,1,0,0,254,0,0,4,0,0,0,0,0,0,0,1,0,489,0,0,0,18,283,38,0,0,0,0,0,3,103,0,0,0,0,0,0,0,13,0,0,30,0,1,0,1,0,1765,10,0,0,0,0,26,0,0,0,0,0,0,0,0,6,0,0,0,0,0,10,112,0,0,0,0,0,5,2,0,0,170,0,0,0,1,0,0,0,0,130,0,0,0,0,0,0,0,0,1,99,0,0,51,0,4,0,1,0,2,280,0,0,258,0,0,0,24,0,3,92,0,0,0,0,6,0,11,0,0,62,0
0,0,0,0,0,0,42,37,0,0,0,0,0,0,92,0,0,2,0,0,63,68,0,0,0,0,4,0,242,6,0,0,0,289,0,0,18,219,0,0,0,1,0,0,0,199,0,4,0,0,5,0,1,8,15,0,0,0,0,2,0,22,0,0,0,0,28,0,0,0,46,0,0,0,0,0,0,0,0,1,0,0,438,0,0,2,25,0,0,229,0,58,5,0,0,29,0,0,0,0,0,0,0,0,0,0,0,621,0,0,0,0,0,0,0,8,0,0,79,0,0,68,0,0,35,8,0,0,0,0,0,193,0,0,0,19,16,0,0,1,1,0,0,5,0,0,0,13,0,68,0,29,0,36,22,0,0,0,0,83,0,0,0,0,0,0,1,0,0,2,3,0,26,0,0,0,0,46,0,0,0,0,0,0,74,0,0,0,0,0,1,0,0,0,0,0,0,0,0,1,0,0,0,28,0,3,0,0,0,0,1,0,0,7,2,1,147,58,0,0,128,0,0,0,0,0,0,0,204,0,362,1,0,0,0,0,4,0,1,1,5,0,0,0,0,21,0,0,0,0,0,8,5,0,46,1,3,0,16,9,11,0,0,4,0,0,3,0,0,5,0,0,0,0,0,3,2,0,6,5011,2,0,190,0,0,0,0,0,4,13,0,0,0,0,0,1,8,0,0,23,0
0,0,0,2,0,0,0,34,0,32,15,5,0,0,46,0,0,0,0,0,265,67,0,1,0,1,0,0,31,0,154,0,0,7,0,0,1,1,0,0,0,0,0,0,0,0,0,0,0,0,0,0,0,0,0,0,0,0,0,441,5,72,2,49,0,0,75,38,0,0,26,44,7,468,0,0,5,0,0,245,3,208,0,0,74,0,0,0,3,53,405,4,3,0,0,1,0,0,52,0,0,0,0,0,3,0,0,426,0,0,0,154,0,271,53,0,0,4,136,13,9,0,3,7,12,0,0,0,0,0,0,0,0,1,0,0,10,0,0,0,45,0,0,0,0,0,0,1,0,0,15,0,0,3,0,0,0,0,0,0,0,0,0,0,0,0,0,0,0,0,6,15,37,0,0,0,0,273,0,1,0,0,0,0,1,0,0,0,0,0,0,37,2,6,0,0,0,3,0,0,0,0,0,0,129,18,0,0,1,5,0,0,0,13,1,0,609,197,89,0,13,131,0,0,0,0,25,0,152,0,277,0,0,153,0,0,0,1,0,0,0,0,0,0,0,0,0,34,0,0,297,0,0,0,12,5,6,7,7,4,7,0,0,42,0,1,0,0,0,118,6,0,291,0,0,0,1,2,1,2277,0,0,1,0,0,0,0,0,241,20,0,0,0,1,279,0,29,0,0,8,0
0,0,1,1,0,0,1,10,0,0,0,1,1,178,8,1,0,0,0,0,0,0,0,1,0,1670,0,0,5,0,0,14,0,15,0,0,233,0,0,0,1,0,0,0,0,459,0,0,0,0,0,0,0,0,30,0,0,0,0,0,0,50,1,0,0,33,7,0,0,0,0,0,0,91,0,0,0,0,0,145,0,0,0,0,217,0,1,0,0,88,0,0,2,0,0,0,0,3,40,0,0,1,0,0,26,0,0,337,0,0,0,0,0,429,0,0,0,0,24,6,0,0,1,1,829,56,0,0,0,0,0,223,0,3,0,0,1,0,0,0,3,1,0,0,0,0,0,0,0,0,18,0,0,14,0,2,0,0,0,0,0,0,0,2,0,0,1,1,0,0,3,0,1,0,0,0,0,177,0,0,0,0,0,0,7,0,0,0,0,0,0,128,1,0,0,0,0,0,0,0,0,0,0,0,0,2,0,0,2,0,0,0,0,0,0,0,35,0,78,12,0,0,0,0,0,0,0,0,0,0,294,0,0,0,0,0,0,0,0,0,0,0,0,0,0,0,0,6,0,0,192,0,0,1,0,0,2,0,0,2,0,0,0,2,0,0,0,0,0,0,0,76,0,0,0,0,514,0,0,2869,0,0,204,0,0,0,0,0,0,0,0,0,0,0,36,0,2,0,0,72,0
0,0,0,0,0,0,1,0,0,0,0,0,0,0,8,0,0,0,0,0,4,0,0,0,0,3480,0,0,65,126,212,0,0,188,0,0,35,0,11,0,0,0,0,0,0,92,152,0,0,0,1,0,0,0,0,0,0,0,0,0,3,0,0,0,0,0,248,0,0,0,0,0,0,0,0,0,0,0,0,11,0,0,372,0,63,0,89,0,0,0,803,0,0,0,0,0,0,0,0,0,0,0,0,0,2,0,0,1135,0,0,0,0,3,0,0,0,0,0,454,0,0,0,0,2,412,0,0,0,0,0,0,216,0,0,0,0,23,0,0,0,0,0,0,0,0,0,23,0,0,0,25,0,0,0,0,0,0,0,0,0,0,0,0,0,0,0,0,0,0,15,0,0,0,0,0,0,0,0,40,0,0,0,0,0,46,0,1,0,0,0,0,165,0,0,174,0,0,0,0,0,0,0,0,227,0,0,1,0,0,8,0,0,0,1,33,0,3,0,0,0,0,1,0,0,0,0,0,0,0,0,205,0,0,148,0,0,0,0,0,39,1,0,0,0,68,0,0,0,0,0,0,0,0,0,4,5,0,0,21,71,0,0,0,0,0,0,0,0,0,0,7,94,350,0,0,0,0,0,0,6,0,0,0,0,0,0,0,0,13,0,0,0,0,0,0,0,1,0,0,0,0
0,0,0,0,0,0,1,0,0,0,0,0,0,0,10,11,92,0,0,0,0,24,0,0,0,5437,0,0,72,0,1,0,0,0,0,0,182,0,0,0,0,0,0,0,0,5,0,0,0,0,0,0,0,0,0,0,0,0,0,0,0,0,0,0,0,0,0,0,0,0,0,0,0,0,0,0,0,0,0,0,0,0,0,0,0,0,134,0,0,35,0,0,48,0,0,0,0,0,6,0,0,24,0,0,0,0,0,1245,0,0,0,0,0,248,0,0,0,0,143,0,0,0,100,0,392,0,0,0,0,0,0,0,0,0,0,0,17,0,0,0,446,0,0,0,0,0,0,0,0,0,6,0,0,0,0,0,0,0,0,1,0,0,0,0,0,1,0,0,0,0,0,0,175,0,0,0,0,1,0,0,0,0,0,0,0,0,0,0,0,0,0,106,0,0,0,2,0,1,0,0,0,0,0,0,1,0,0,0,2,0,0,0,0,0,0,0,0,0,0,0,55,0,0,0,0,0,0,0,0,0,90,0,0,300,0,0,0,0,0,0,0,0,0,0,3,0,0,0,0,0,0,0,0,0,0,0,0,0,0,0,0,0,0,0,0,0,0,0,0,24,0,0,174,0,0,0,0,0,7,6,0,1,265,0,0,0,0,0,0,0,0,18,0,0,48,0,25,0,0,18,0
0,0,0,1,0,0,1,0,0,0,0,0,0,2,56,0,0,0,0,0,1,1,0,0,0,1,0,0,0,0,3,17,2,6,0,0,5,1,0,0,0,0,0,1,0,1,0,1,0,0,0,0,0,0,1,0,0,0,0,0,0,1,1,0,0,1,26,0,0,0,1,1,0,1,0,0,0,0,0,1,0,0,3,2,1,3,0,0,0,4,19,0,0,0,0,0,0,0,6,0,0,0,0,0,1,0,1,4108,0,0,0,51,12,6,0,0,0,0,8,0,0,0,0,3,7,0,0,0,0,11,1,2,0,0,0,0,0,0,0,0,0,0,0,0,0,0,1,0,0,24,1,0,0,0,1,0,0,0,0,1,0,0,0,1,0,0,0,0,0,3,1,0,1,0,0,0,0,1,0,0,0,0,0,1,1,0,1,0,4,0,0,1,0,0,0,0,0,0,0,0,0,0,0,1,0,3,0,0,3,39,0,0,1,2,1,0,0,1,0,0,0,7,0,0,0,0,1,0,1,0,1,0,0,526,0,0,0,0,0,15,0,0,0,9,3,0,0,0,0,0,1,0,1,0,1,2,0,0,1,1,0,0,0,1,0,0,0,0,2,2357,0,1,2346,0,0,0,0,0,1,207,0,0,8,0,0,0,0,0,5,1,3,0,0,0,30,0,8,0,0,1,1
0,0,0,0,0,0,21,0,0,0,0,0,0,0,76,0,0,1,0,0,0,10,0,0,0,73,0,0,7,0,0,0,0,0,0,0,3,0,0,1,1,0,0,0,0,0,0,0,0,0,0,0,0,0,0,0,1,0,0,3,0,0,0,3,0,0,0,0,0,0,14,0,1,0,0,0,0,0,1,0,0,0,0,0,0,0,0,0,0,0,0,24,19,0,0,0,0,0,0,0,0,18,0,0,2,0,0,2506,0,41,0,0,0,97,1,0,0,0,8,1,0,0,0,1,0,0,0,0,0,0,0,0,0,4,0,15,23,0,0,0,0,0,3,0,0,0,7,0,0,0,0,0,0,1,0,0,0,0,0,0,0,0,0,0,0,1,0,0,0,0,0,1,12,1,0,0,0,0,130,0,0,0,0,0,0,0,0,0,0,0,0,0,0,0,0,0,6,0,0,0,0,3,0,5,2036,49,0,0,0,5,0,0,0,0,2,1,80,0,0,0,1,9,0,0,0,0,0,0,0,0,0,0,0,119,0,0,3,0,0,0,0,16,0,0,0,0,0,0,0,0,0,0,0,0,0,4,0,0,0,0,0,0,8,0,0,0,0,0,0,4481,0,0,23,0,5,0,0,0,4,0,0,0,0,0,0,0,0,1,0,0,0,0,0,0,0,0,0,0,0,13,0
0,0,0,0,0,1,2,1,0,0,0,0,0,0,30,0,17,2,0,0,0,50,0,0,0,1595,0,0,30,98,611,0,0,0,0,0,14,88,0,0,0,0,0,0,0,75,0,0,0,0,2,0,0,0,6,1,0,0,0,112,0,17,0,1,0,0,249,0,0,0,21,0,0,0,0,0,0,0,0,0,0,0,16,0,6,0,2,0,0,96,0,0,0,0,0,0,0,0,0,0,0,0,0,0,0,0,0,229,0,0,0,0,0,32,0,0,0,0,60,10,0,0,0,0,25,0,0,0,0,0,0,222,0,0,0,0,724,0,0,0,12,0,0,0,0,0,49,0,0,0,2,69,0,0,1,0,0,0,0,20,0,0,0,0,90,0,0,0,0,28,4,0,0,0,0,0,0,34,0,0,0,0,0,0,3,0,0,0,0,0,13,51,1,0,0,0,0,1,0,480,0,0,0,0,0,54,1,0,0,4,4,0,0,2,9,0,0,0,0,0,0,1,0,0,0,0,0,0,0,0,147,0,0,430,0,0,4,0,0,0,0,0,0,0,0,0,0,0,0,0,0,0,57,0,10,1,11,0,14,2,0,0,0,0,0,0,0,0,0,1457,0,5,0,0,0,0,0,0,15,11,0,2226,0,0,0,0,0,0,26,47,0,0,0,0,0,0,0,0,0,159,0
0,0,0,0,14,0,0,0,0,0,0,0,0,527,172,0,0,0,0,0,6,5,0,35,0,4548,0,0,1551,0,1,0,0,51,0,0,0,0,0,0,0,0,0,0,0,21,0,4,0,0,0,0,0,3,0,0,0,0,0,0,0,0,0,0,0,0,179,0,0,0,30,0,0,0,0,0,0,0,0,10,0,0,0,0,0,0,0,0,0,0,0,0,135,0,0,0,0,0,51,0,0,0,0,0,0,0,0,217,0,0,0,0,0,0,0,0,0,0,114,0,0,0,0,0,0,0,0,0,0,0,0,2,0,0,0,0,1203,0,127,0,0,0,0,0,0,0,0,2,0,0,5,0,0,0,0,0,0,0,0,77,0,0,0,0,0,0,0,0,0,0,0,0,0,0,0,0,0,0,0,0,0,0,0,0,0,0,0,0,0,9,0,127,0,0,0,0,8,0,0,0,0,0,0,0,0,0,0,0,0,0,0,0,0,7,0,0,68,0,1,0,0,0,0,0,0,0,0,0,0,0,90,0,0,0,0,0,0,0,0,0,0,0,0,0,0,0,0,0,0,0,0,1,0,0,0,0,5,0,0,0,2,0,0,0,0,0,0,0,0,0,74,25,358,0,0,0,0,1,0,0,0,0,101,0,0,0,6,0,0,0,0,0,0,0,0,0,0,0,0,26,0
0,0,0,0,0,0,0,0,0,0,0,0,0,0,0,0,0,0,0,0,0,20,0,0,0,203,0,0,0,0,0,0,0,85,0,0,369,0,0,0,0,0,0,0,0,315,0,0,0,0,0,0,0,0,0,0,0,0,0,0,0,1,0,0,0,0,30,0,0,0,9,0,0,16,0,0,0,0,0,2,0,0,0,0,135,0,308,0,0,218,0,0,23,0,0,0,0,0,131,0,0,0,0,4,0,0,786,885,0,0,0,0,0,70,0,0,0,0,165,0,0,0,0,0,0,0,0,0,0,0,22,27,0,4,0,0,0,0,0,0,0,0,0,0,0,0,0,0,0,0,21,0,0,0,0,0,0,0,215,0,0,0,0,0,0,0,0,0,0,5,0,0,0,0,0,0,0,19,0,0,0,0,0,0,0,0,0,0,0,0,0,229,0,0,0,0,0,2,0,0,0,0,0,0,0,0,0,0,0,0,0,0,0,0,0,0,0,222,0,6,0,0,0,0,0,0,0,0,92,0,181,0,0,1053,0,0,0,0,0,0,0,0,0,0,0,0,0,0,0,0,0,0,0,0,0,0,0,0,0,0,0,0,0,0,0,2,0,0,0,28,0,0,330,0,0,0,0,0,0,3029,0,0,543,0,0,0,0,0,4,0,0,0,0,0,0,0,0,0,0,190,0
0,0,2,0,0,0,0,0,0,14,17,0,0,0,17,0,0,0,0,13,32,11,14,9,0,243,0,0,4,0,318,0,21,31,0,0,32,1,0,0,0,0,0,10,0,201,0,0,1,0,2,0,0,0,0,0,1,0,0,5,11,0,2,11,0,0,91,0,0,103,17,0,4,0,0,0,0,0,0,83,0,54,0,23,21,8,0,0,2,43,121,1,0,0,0,5,0,0,54,0,18,0,0,0,0,0,1,0,1,1,0,105,0,6,7,0,0,0,0,0,0,0,1,0,88,70,4,1,98,0,0,21,0,1,0,0,0,1,19,0,0,0,0,0,0,0,0,0,0,0,125,0,0,9,1,46,18,0,0,21,0,0,0,0,0,53,0,0,0,20,0,0,0,1,0,1170,0,0,1,0,0,0,0,0,0,0,0,1,0,0,246,7,4,62,0,0,1,0,0,0,5,0,0,0,0,1,198,0,0,4,0,0,20,0,1,0,4,0,754,7,0,0,0,0,41,0,0,0,0,0,32,0,0,3,0,0,0,0,0,100,132,69,0,0,0,0,0,0,0,0,171,1,0,0,0,0,0,0,0,0,3,0,0,5,0,0,0,36,0,16,0,0,1145,0,0,0,0,0,0,3232,0,0,128,0,0,0,0,1,4,0,0,0,0,0,0,0,5,0,0,3,2
0,0,0,1,0,0,7,0,0,11,13,0,0,0,160,0,0,0,0,0,0,1,40,3,0,4410,0,0,15,0,0,0,2,18,0,0,0,0,0,0,0,0,0,30,0,132,0,0,0,0,0,0,0,0,0,2,0,0,0,54,0,100,0,2,0,0,37,0,0,0,0,0,0,0,0,0,0,0,0,0,0,173,2,9,100,0,0,0,0,21,0,11,6,0,0,4,0,0,11,0,29,0,0,0,2,0,0,90,0,0,0,264,0,42,0,0,0,0,143,3,0,0,0,0,102,0,0,0,0,0,0,0,0,1,0,0,29,0,0,0,0,0,0,0,0,0,0,4,11,0,11,0,0,5,1,0,0,0,0,32,0,0,0,0,0,0,0,0,0,0,0,0,0,0,0,0,0,0,98,0,0,0,0,0,0,0,0,0,0,0,0,93,0,0,0,0,0,0,0,0,0,0,0,1199,0,0,0,0,0,8,0,0,39,0,0,0,52,26,0,0,0,104,0,0,0,0,0,0,61,0,190,0,0,299,0,0,0,0,0,0,0,0,0,0,0,0,0,0,0,0,0,0,0,0,0,0,0,0,0,0,11,0,0,0,0,0,0,0,0,83,0,0,984,0,0,0,0,0,0,22,0,0,140,0,0,0,0,0,0,0,0,0,0,0,303,0,0,56,0,87,0
0,0,0,0,0,15,3,0,0,0,16,0,4,0,39,1,20,2,18,26,0,72,8,3,0,1402,0,0,4,5,17,0,0,19,0,0,6,339,0,0,0,0,0,0,0,46,0,1,13,0,0,0,0,0,91,0,0,0,0,373,5,0,0,2,0,0,226,9,0,0,33,0,6,0,0,0,2,0,0,84,0,160,27,45,83,0,0,0,9,26,0,54,18,0,11,0,0,0,0,0,0,0,0,0,0,2,0,0,0,1,35,663,0,0,29,0,0,0,0,204,13,0,0,0,20,0,2,1,223,286,0,0,5,0,0,0,1,0,1,0,0,0,0,20,20,0,0,0,0,0,0,0,0,47,1,116,0,0,0,0,1,37,0,3,1,62,1,0,65,84,0,0,1,17,0,325,11,0,0,0,0,418,31,0,0,0,0,0,0,0,53,10,0,42,0,0,0,0,0,1,0,132,0,1,0,2,510,8,5,1,0,0,116,0,0,0,4,0,1575,0,0,0,0,0,67,0,0,0,21,0,0,4,0,0,170,0,3,0,17,45,103,0,0,0,0,0,0,1,0,0,0,0,9,1,8,8,0,0,0,10,0,0,2,3,1,0,0,0,92,237,0,0,146,1,1,0,0,2,0,305,0,0,94,0,0,40,0,2,0,36,0,0,0,0,0,0,10,0,0,22,0
0,1,4,2,0,0,0,0,0,0,0,0,0,0,28,0,0,0,0,1,24,117,0,0,21,2626,0,7,0,0,0,0,0,0,0,0,0,0,0,0,0,0,0,0,1,0,0,0,0,0,0,0,0,0,0,0,0,0,0,375,0,38,0,1,0,0,58,0,0,0,0,0,0,0,0,0,0,0,0,220,0,0,0,0,3,6,134,0,0,0,0,0,0,0,0,0,0,0,0,1,0,1,2,0,0,0,0,0,0,37,0,0,0,0,0,0,0,0,185,0,0,0,0,2,0,398,0,0,0,0,130,2,0,0,0,0,0,1,1,0,18,1,0,0,0,0,16,0,1,0,0,0,0,1,1,1,0,1,0,97,0,0,0,0,0,0,0,0,0,0,40,0,0,0,0,0,0,231,0,0,0,0,0,0,0,0,0,0,0,0,0,0,0,0,0,0,0,0,0,156,0,0,0,1,0,192,1,0,0,0,0,0,0,0,0,0,0,0,0,0,0,0,0,0,0,0,0,0,137,0,235,0,0,2125,0,0,0,0,0,14,0,0,0,0,1,0,0,0,0,0,0,0,0,0,11,21,7,0,21,0,40,0,0,20,0,0,0,0,348,568,7,35,0,0,0,0,0,0,4,1018,1,0,0,0,0,0,0,0,0,156,0,0,12,0,0,0,36,0,0,0,0
0,0,1,14,0,1,0,0,0,0,5,1,0,0,384,0,0,0,0,0,0,3,0,0,1,3411,0,0,990,12,4,7,0,0,0,0,2,0,0,0,0,8,0,0,0,7,124,3,0,0,1,0,0,4,0,0,0,2,0,0,0,0,0,0,0,0,54,9,0,0,0,0,6,22,0,0,0,0,0,1,0,1,22,0,0,0,141,0,0,0,0,193,173,0,0,250,0,0,2,0,0,0,1,42,0,1,0,0,0,0,0,0,0,161,0,0,0,0,40,0,0,0,0,1,8,87,0,17,0,0,0,0,0,0,0,0,989,0,0,2,9,2,0,0,16,0,0,1,0,0,1,0,0,0,1,0,0,0,0,0,0,4,0,0,0,0,0,0,0,16,1,0,0,0,0,0,11,30,0,2,0,0,0,0,4,0,0,151,0,0,9,2,17,0,164,0,0,1,1,0,0,0,0,1146,0,6,2,0,0,44,5,0,0,2,8,0,85,0,166,0,15,25,0,0,0,0,75,0,0,0,0,3,0,553,0,0,1,0,0,30,0,0,0,0,0,0,0,0,0,0,0,0,0,0,11,9,1,4,1,5,2,0,0,2,0,0,5,0,0,0,0,41,0,0,0,0,0,0,0,5,0,0,65,0,0,0,0,0,1,1,0,0,0,0,17,4,8,0,0,10,0
0,0,0,0,0,0,1,19,0,0,0,8,0,0,0,0,0,0,0,1,23,38,0,0,0,1543,0,0,4,12,0,0,0,77,0,0,7,104,0,0,0,0,0,0,0,10,0,0,0,0,0,0,0,0,33,0,0,0,0,246,0,0,0,0,0,0,95,0,0,0,11,0,0,4,0,0,0,0,0,43,0,161,0,0,0,0,159,0,2,7,0,0,4,0,13,0,0,0,28,0,30,0,0,0,0,0,0,0,5,0,1,83,0,0,25,0,0,0,2,0,4,0,0,0,7,188,0,0,46,0,0,0,0,0,0,0,0,0,0,0,0,0,0,0,16,0,0,0,0,0,29,11,0,0,0,103,0,0,0,0,0,0,0,5,0,0,0,0,0,0,0,0,1,0,0,672,0,0,0,0,0,0,22,0,0,0,0,0,0,0,0,10,4,0,0,0,0,0,0,0,289,0,0,1,0,1,586,12,10,3,0,0,37,0,2,0,1,0,2014,23,1,0,0,0,30,12,0,0,0,0,0,0,0,3,0,0,0,0,0,85,246,0,0,0,0,0,0,0,0,0,5,0,0,0,0,38,10,0,0,24,2,0,0,5,0,0,1,0,0,150,0,0,127,0,0,0,0,0,0,2062,0,0,85,0,0,0,0,1,169,0,0,0,0,0,15,0,0,0,0,38,0
0,121,0,0,5,0,2,19,0,0,0,0,0,0,0,0,1,1,0,0,8,0,0,1,0,0,0,0,14,42,274,0,0,0,0,0,6,29,0,0,0,0,0,0,0,0,0,0,0,0,3,0,0,3,90,0,0,0,0,17,0,0,0,0,0,0,172,0,0,1,0,0,0,0,0,0,0,0,1,32,0,1,1,0,0,3,0,0,0,11,0,479,22,0,0,5,0,0,0,0,0,0,0,0,0,0,0,0,0,70,0,0,0,18,0,0,1,74,86,3,0,0,0,1,32,0,0,13,0,0,7,0,0,0,3,0,170,0,0,0,409,0,0,3,0,592,64,0,0,1,6,1,1,0,1,0,40,0,0,0,0,0,0,0,0,0,0,0,0,4,3,0,0,0,0,0,0,0,486,0,0,0,0,2,1,0,1,0,0,0,0,97,2,0,0,0,0,1,0,0,0,5,0,601,0,29,7,0,0,1,0,1,0,3,4,15,90,16,192,0,0,0,0,0,0,0,0,0,0,0,0,0,0,0,0,0,0,0,0,9,0,0,0,1,0,30,1,0,0,0,0,0,9,0,0,170,0,0,0,0,0,0,0,2,0,0,20,0,94,2037,0,0,0,0,3,0,0,0,2,2955,1,3,0,0,0,0,0,0,0,30,0,0,0,0,74,0,0,0,0,42,0
0,0,0,0,0,0,0,0,0,0,0,0,0,0,22,0,13,0,0,0,0,62,23,0,0,174,0,7,14,0,0,0,53,58,0,0,0,0,0,0,0,0,0,0,0,0,0,0,0,0,0,0,0,0,0,0,0,0,0,0,0,0,0,2,0,0,0,0,5,3,0,0,0,0,0,0,0,0,0,0,0,420,0,0,0,0,1,0,0,0,0,0,8,0,0,0,0,0,0,117,32,0,0,0,0,0,0,0,0,0,3,632,0,0,0,0,0,0,0,0,13,0,1,0,0,0,1,0,0,0,0,0,0,0,0,0,0,0,0,0,0,0,69,0,0,0,0,0,0,2,0,0,0,0,1,0,50,0,0,0,0,0,0,0,0,0,0,0,0,108,0,101,0,16,0,310,0,0,5,0,0,129,26,0,0,16,0,0,0,0,0,0,2,88,0,0,0,0,0,0,591,0,0,0,0,0,234,5,5,0,0,0,47,0,0,0,2,0,2254,0,0,0,0,0,27,0,0,0,0,0,0,0,0,2,0,0,0,0,0,6,258,0,0,0,0,0,0,7,0,0,0,0,0,0,0,6,0,0,0,0,0,0,0,0,0,0,0,0,0,5,0,0,332,1,0,0,0,0,0,3030,0,1,550,1,0,3,0,0,0,0,0,0,0,0,40,0,8,0,0,0,0
1,0,0,0,0,0,0,0,0,0,8,0,0,0,18,0,5,0,0,0,0,15,0,19,0,3001,0,1,213,34,21,200,0,140,0,0,23,0,0,0,0,0,0,0,0,14,0,1,22,0,0,0,1,3,0,0,0,0,0,4,0,0,0,0,0,0,13,0,0,0,0,0,8,0,0,0,0,0,0,0,0,83,12,0,0,21,0,0,2,0,0,0,1521,0,0,14,0,0,0,1,0,0,0,0,0,0,0,0,0,0,1,27,0,0,6,0,0,0,0,0,23,0,0,0,288,78,1,0,24,0,0,0,0,0,0,0,0,0,41,5,1,0,0,0,0,0,0,0,0,8,8,0,0,17,0,218,0,0,0,0,0,23,0,0,0,32,0,0,91,0,0,0,0,0,0,237,0,0,7,0,0,0,27,0,0,0,0,0,0,0,112,1,7,38,0,0,0,0,0,0,1,96,0,1,0,0,174,10,10,61,25,0,29,0,0,0,1,0,1037,0,0,0,0,0,0,0,0,0,0,0,0,3,0,0,38,0,8,0,0,33,198,3,0,0,0,0,0,0,0,0,0,4,0,0,1,8,30,0,0,2,3,0,0,0,5,0,0,0,0,347,0,0,760,11,3,0,0,0,0,1,1,0,140,0,0,10,0,0,1,0,0,0,0,0,0,0,16,0,0,194,0
0,0,0,0,0,0,0,13,0,0,0,0,0,0,0,0,24,0,0,0,0,77,33,3,0,200,0,0,12,0,0,0,0,0,0,0,0,0,0,0,43,0,0,0,1,0,0,0,0,0,0,0,0,0,0,0,7,3,0,0,0,0,1,73,0,0,17,13,0,0,17,0,0,0,0,0,0,0,0,0,0,487,458,0,0,0,1,16,2,0,0,8,2,0,0,164,0,0,0,44,18,0,0,0,0,0,0,0,2,1,0,0,0,0,17,33,0,0,0,9,0,0,0,0,62,229,0,0,0,0,0,0,0,1,0,0,0,0,0,0,0,0,0,0,7,0,0,0,0,0,271,0,0,2,96,39,0,0,0,0,0,0,0,0,0,0,0,0,75,0,0,0,0,0,0,572,0,0,20,0,0,0,103,0,0,0,0,0,0,0,0,0,9,380,0,0,0,0,0,0,684,0,0,0,0,0,0,0,0,11,0,0,62,0,0,0,2,0,1764,0,0,0,0,0,74,0,0,0,0,0,0,0,0,286,0,0,3,0,0,329,137,0,0,0,0,0,0,0,0,0,0,0,0,0,0,0,20,0,0,0,0,0,0,0,0,0,0,0,0,1484,0,0,362,0,3,0,5,0,0,1055,0,0,0,0,0,0,0,21,0,0,0,0,0,0,0,0,38,0,0,0,0
0,0,0,0,0,0,0,0,0,0,0,0,0,0,14,0,43,0,0,0,0,12,0,0,0,5150,0,0,9,0,0,0,0,0,0,0,102,376,0,0,0,0,0,0,0,0,0,0,0,0,0,0,0,0,0,0,1,0,0,3,0,0,0,0,0,0,0,0,0,0,0,0,0,0,0,0,0,0,0,0,0,0,203,0,0,12,0,0,0,0,0,46,3,0,0,3,0,0,0,0,0,0,0,0,0,0,0,417,0,0,0,0,0,0,0,0,0,0,231,0,0,0,16,0,1374,0,0,0,0,0,15,10,0,8,0,0,0,2,0,0,16,0,0,0,0,0,14,0,0,0,13,0,0,0,0,0,0,0,0,0,0,0,0,0,0,0,0,0,0,0,0,0,0,0,0,0,0,0,0,0,0,0,0,0,0,0,0,0,0,0,0,212,1,0,0,0,0,0,0,0,0,0,0,0,0,11,32,0,1,4,0,0,0,0,0,0,0,0,220,0,0,0,0,0,0,0,0,0,0,0,107,0,0,0,0,0,0,7,0,0,0,0,0,0,0,0,0,0,0,0,0,0,0,0,0,0,0,0,0,0,0,0,0,0,0,0,0,0,0,25,0,0,92,0,0,0,0,0,0,1182,0,0,0,0,0,0,0,0,0,0,0,0,0,0,1,0,13,0,0,0,0
0,0,0,0,0,0,18,0,0,0,6,0,0,0,334,0,53,0,0,0,0,0,27,0,0,793,0,0,48,107,0,0,0,0,0,0,7,37,12,0,0,0,0,0,0,0,0,0,1,0,0,0,0,0,0,0,0,0,0,0,5,0,1,2,0,0,0,0,0,0,0,0,0,0,0,489,5,0,0,0,0,38,0,0,19,17,0,0,0,0,0,37,4,0,0,0,0,1,0,0,0,0,0,0,0,0,0,0,0,0,0,241,0,0,0,0,0,0,0,3,0,0,2,43,342,0,1,0,0,0,0,0,1,0,0,0,1,0,0,0,0,269,31,0,1,0,0,0,0,0,0,0,0,0,1,40,48,1,0,0,0,28,0,0,0,47,0,0,0,62,0,3,0,1,0,365,0,0,0,0,0,0,0,0,0,0,1,0,0,0,0,27,6,0,0,30,2,0,0,114,0,333,0,0,0,0,153,36,20,62,0,0,0,0,0,0,0,0,1480,0,0,0,0,0,22,0,0,0,0,0,0,0,0,0,84,0,0,115,0,112,0,0,0,0,0,0,2,0,0,0,0,0,0,0,0,12,0,0,0,0,0,0,0,9,0,0,0,0,0,2166,0,0,610,3,0,0,0,0,0,184,0,2,77,0,670,0,0,0,0,0,0,0,0,0,0,0,19,0,0,63,0
0,0,0,0,0,0,0,0,0,0,0,0,4,387,6,0,0,0,0,0,74,0,0,17,0,4,0,0,216,74,1168,0,0,109,0,0,0,740,0,0,0,0,0,39,0,138,0,0,0,0,0,0,0,0,0,0,0,0,0,0,0,13,0,0,0,0,39,1,0,0,0,0,0,12,0,0,0,0,0,79,0,0,0,0,129,0,0,0,0,13,0,0,0,0,0,0,0,0,0,0,0,0,0,0,14,0,549,0,0,0,0,0,0,36,0,0,0,0,73,0,0,0,0,0,147,0,0,0,0,0,0,92,0,0,0,0,856,0,0,0,0,0,0,0,0,0,8,0,0,0,0,0,0,0,0,0,0,0,272,0,0,0,0,0,0,0,0,0,0,0,0,0,0,0,0,0,0,0,325,0,0,0,0,0,0,0,0,0,0,7,0,146,0,0,0,0,0,0,0,0,0,0,0,0,368,0,0,0,0,25,0,0,7,5,0,0,89,106,0,8,0,0,0,0,1,0,0,0,33,0,63,1,0,255,0,0,0,0,0,0,0,0,0,0,0,0,0,0,0,0,9,0,0,0,0,0,0,0,0,0,0,0,0,0,0,0,0,0,0,22,0,0,185,0,0,0,0,0,20,2269,3,0,537,0,0,0,0,1,20,110,0,0,0,0,10,0,0,0,0,68,0
0,0,0,0,0,0,0,0,0,0,0,0,0,96,8,0,0,0,0,0,2,18,0,0,0,3171,0,0,34,0,0,0,0,249,0,0,7,5,0,0,0,0,2,11,0,0,0,0,0,0,0,0,0,0,1,0,0,0,0,0,0,5,0,0,0,0,69,0,0,0,0,0,0,1,0,0,0,0,0,10,0,0,0,0,0,0,0,0,0,52,0,0,6,0,0,0,1,0,51,0,0,0,0,0,0,0,1,0,0,0,0,0,0,42,0,0,0,0,210,1,0,0,0,0,182,0,0,0,0,0,2,1,0,0,0,0,277,0,0,0,19,0,0,0,0,0,2,0,0,0,12,0,0,0,1,0,0,0,0,0,0,0,0,0,0,0,0,0,0,0,0,0,0,0,0,0,0,1,0,0,0,0,0,0,0,0,0,0,0,0,0,32,0,0,0,0,0,0,0,0,0,0,0,0,0,0,0,0,0,0,0,0,0,0,0,0,137,0,1,0,0,0,0,0,0,0,0,0,10,0,3,0,0,0,0,0,0,0,0,0,0,0,0,0,0,0,0,0,0,0,2,0,0,0,0,0,19,0,0,2,0,0,0,0,0,0,0,0,0,3883,0,0,358,0,0,0,0,0,0,907,0,0,0,0,0,0,0,0,21,4,0,0,0,0,7,0,43,0,0,22,0
0,0,0,0,0,0,4,1,1,0,19,10,0,0,40,0,4,0,0,0,0,54,0,0,0,104,1,0,29,100,380,15,0,162,15,38,48,46,0,0,0,0,0,22,0,166,0,5,0,0,12,0,0,8,8,1,0,0,0,39,11,1,0,0,7,0,468,0,0,67,18,0,0,1,0,0,0,0,0,14,0,98,155,17,15,0,138,0,0,29,118,0,0,0,0,0,0,0,45,3,37,0,0,0,0,0,0,0,0,0,1,396,0,1,32,0,0,0,39,5,6,0,0,0,22,113,4,0,32,18,0,0,0,0,0,0,1,0,0,0,0,0,0,0,10,0,0,0,0,0,22,2,0,63,1,142,0,0,1,69,0,0,27,1,0,0,0,0,64,20,0,0,0,0,0,472,0,76,22,24,7,319,42,0,0,0,1,0,351,0,436,27,4,408,1,0,0,0,0,0,1,0,0,2,12,4,325,0,13,0,0,0,64,46,1,0,0,36,624,0,80,9,0,35,172,34,0,0,10,29,28,6,0,22,0,0,7,0,0,51,150,0,0,1,0,0,48,0,0,0,4,1,21,0,48,92,3,0,11,28,2,6,0,2,0,0,10,0,0,33,0,18,415,0,0,0,1,0,5,1267,0,0,208,0,0,0,0,0,24,8,0,2,0,0,103,0,4,0,0,23,0
0,0,0,0,0,0,0,0,0,0,11,0,1,0,2,0,0,0,0,0,0,29,10,0,0,4446,0,0,35,9,0,0,2,0,0,0,2,0,0,5,0,0,0,276,0,0,0,0,0,0,0,0,0,0,0,0,0,4,0,0,0,0,0,0,0,0,0,0,5,0,10,0,5,0,0,0,0,0,0,0,0,414,0,0,0,9,0,0,6,24,0,17,7,0,0,0,0,0,0,0,0,0,0,0,0,0,0,1,0,0,0,148,0,0,0,0,0,0,0,0,36,0,0,70,13,0,0,0,0,0,0,0,0,0,0,0,0,0,0,0,0,0,59,0,0,0,0,0,0,35,112,0,0,3,69,650,133,0,0,0,0,0,0,0,0,0,0,0,70,0,0,4,1,0,0,0,0,0,0,0,0,401,39,0,0,0,0,0,0,0,0,0,11,65,0,0,0,0,0,0,2,0,0,0,0,0,113,12,21,0,0,0,0,0,0,0,0,0,566,0,9,0,0,0,216,0,0,0,1,0,0,0,0,200,9,0,0,0,0,0,0,0,0,0,0,0,0,0,0,0,0,0,0,0,15,390,0,0,0,117,0,0,0,0,1,0,0,0,0,658,0,0,1,0,0,0,0,0,0,1,0,0,90,0,0,239,0,0,0,0,0,0,0,0,1,0,11,0,0,82,0
0,0,0,0,6,18,12,0,0,0,7,3,0,0,69,0,11,0,12,0,17,45,7,0,0,2624,1,0,63,14,0,0,0,32,0,0,6,0,0,0,0,0,0,0,0,0,0,3,0,0,0,0,4,4,0,1,0,0,0,9,20,0,0,3,5,0,62,0,58,32,40,0,4,18,0,0,3,1,0,140,0,80,101,0,36,0,0,0,0,26,0,18,0,0,0,0,0,0,38,0,15,0,0,0,0,0,0,0,0,1,0,101,0,0,16,0,0,0,0,0,9,0,0,0,0,135,2,1,57,0,0,0,0,0,1,0,0,0,0,0,0,0,64,36,6,1,0,0,0,0,76,0,0,15,1,275,5,0,0,0,0,13,0,0,0,58,0,0,39,101,8,0,1,22,3,477,0,0,0,11,0,188,39,21,20,0,0,0,0,0,175,15,14,59,0,0,0,0,11,0,10,0,0,331,0,1,504,17,26,2,0,2,103,0,1,6,4,4,713,0,1,37,0,0,36,0,0,0,0,0,0,4,0,42,0,0,3,0,0,23,180,0,0,0,0,21,0,0,0,0,0,0,3,0,32,126,2,1,4,0,0,0,0,4,0,0,0,0,0,1,0,15,183,0,0,0,0,2,4,1660,0,0,14,0,0,0,0,0,0,4,0,0,0,0,83,4,9,0,0,43,0
0,0,0,0,0,2,0,0,0,3,0,0,0,0,0,0,0,0,0,0,0,0,2,18,0,257,0,0,30,0,0,0,0,44,0,0,15,0,0,0,0,0,0,13,0,13,0,0,0,0,0,0,0,0,0,0,0,0,0,0,0,1,0,7,0,0,106,0,0,0,0,0,2,0,0,0,0,0,0,0,0,0,0,0,4,0,492,36,0,0,0,0,0,1,0,0,0,0,0,0,0,0,0,0,101,0,0,1096,0,0,0,0,0,80,0,0,0,0,0,0,0,0,0,0,11,250,0,0,0,0,0,0,0,11,0,0,177,0,0,0,111,0,0,0,0,0,0,0,0,0,2,0,0,0,3,0,0,0,0,168,0,0,0,0,0,0,7,0,0,0,0,0,0,0,0,0,0,147,137,2,0,0,0,0,0,0,0,0,0,0,0,0,0,0,41,0,0,0,0,0,0,0,0,0,0,18,62,0,0,2,0,0,0,0,0,0,0,0,0,9,0,0,0,0,0,0,0,0,79,0,17,0,0,939,0,0,14,0,0,0,0,0,0,0,0,0,0,0,6,0,0,0,0,0,0,40,0,0,0,3,0,0,0,0,0,0,0,0,0,46,275,82,322,0,3,0,0,0,0,4493,0,0,176,0,0,0,0,0,0,0,0,0,0,0,0,0,23,0,0,0,0
0,0,0,0,0,1,0,20,0,0,3,0,0,366,4,0,0,0,0,0,0,4,0,0,3,0,0,0,9,0,4,0,0,14,0,0,3,0,0,0,0,0,0,0,0,0,0,2,0,0,0,0,0,0,0,0,0,0,0,28,0,0,0,0,0,0,256,0,0,0,13,0,0,0,0,0,0,0,0,31,0,0,0,0,59,0,0,145,0,25,482,5,24,0,0,145,0,0,15,0,0,0,0,29,5,0,0,1883,0,18,0,0,0,106,0,62,0,0,0,1,0,0,0,13,27,0,0,0,0,0,0,95,121,1,0,0,26,0,0,0,1,0,0,0,0,0,4,0,0,0,0,0,0,0,0,0,0,0,0,48,0,0,0,0,0,0,1,0,0,0,1,0,0,2,0,0,4,31,0,4,0,0,0,0,0,10,0,0,0,0,0,47,1,1,0,0,9,0,0,0,0,0,0,0,539,3,0,0,2,0,0,0,0,0,2,0,66,16,2,0,0,0,0,0,0,0,0,0,43,0,115,0,0,114,0,0,0,0,1,0,0,0,0,0,0,0,0,2,0,0,196,1,6,0,6,0,0,0,0,0,2,0,0,0,0,0,0,0,20,4443,0,0,100,0,7,0,0,0,2,0,0,0,91,0,0,0,0,5,0,0,0,0,0,0,1,0,5,0,0,5,0
0,1,0,0,0,0,0,0,115,0,0,0,0,0,0,0,0,0,0,0,3,47,0,0,0,3594,0,0,61,2,4,0,0,30,0,0,0,16,0,0,0,0,0,0,0,155,0,0,0,0,0,0,0,0,6,0,0,0,0,17,0,2,0,0,113,0,54,0,0,692,0,0,0,0,0,0,0,0,0,4,8,172,145,0,0,0,267,0,0,31,0,0,0,0,0,0,0,0,79,0,0,0,0,0,0,0,0,0,0,0,0,121,0,0,0,0,1,0,0,57,0,0,0,0,2,447,1,0,99,0,0,0,0,0,0,0,0,0,0,0,1,0,0,0,0,0,0,0,0,0,0,0,0,13,1,57,0,0,0,0,0,44,0,65,0,0,0,0,0,26,0,0,1,0,0,646,0,0,0,0,0,445,0,0,0,0,0,0,0,0,0,2,16,412,0,0,0,0,0,0,225,0,0,0,0,1,138,0,9,0,0,0,0,0,0,0,6,0,138,13,0,0,0,0,64,0,0,0,0,0,28,0,0,3,0,0,0,0,0,0,83,0,0,0,0,0,0,0,0,0,0,0,3,0,0,13,6,0,1,0,0,0,0,2,0,0,0,0,0,2,0,49,357,0,0,0,0,0,2,256,0,2,154,0,0,0,0,0,29,11,0,0,0,0,325,0,5,0,0,0,0
0,8,1,0,0,0,0,0,0,25,10,0,0,0,13,0,4,1,44,27,0,39,21,0,0,1,0,0,0,0,0,0,1,205,3,0,5,0,0,0,0,0,0,0,0,505,0,9,0,0,3,0,3,0,0,1,0,0,0,85,6,0,0,120,0,0,123,0,0,0,23,0,0,0,0,0,2,0,0,106,0,237,5,6,0,5,1,0,0,26,0,3,58,0,0,86,0,0,0,3,26,0,0,176,0,0,0,0,0,0,14,98,0,0,0,78,0,0,0,0,0,0,0,0,14,529,1,0,175,198,0,0,21,0,1,15,1,0,0,0,0,172,29,7,31,1,0,0,12,0,40,1,0,3,1,157,37,0,16,0,0,21,0,0,0,0,0,0,34,38,0,0,1,0,0,288,0,0,14,0,0,106,95,16,0,0,0,0,811,19,0,0,0,41,0,1,0,0,26,0,2,44,0,1,0,1,153,34,3,0,0,0,320,0,1,8,0,33,878,0,1,0,0,8,56,0,0,0,22,0,0,4,81,0,51,0,28,106,20,5,72,0,0,0,0,1,0,0,0,0,0,0,5,0,5,2,0,0,9,0,20,0,0,0,0,0,0,0,13,91,5,0,88,0,1,0,0,0,3,2191,1,0,289,0,0,0,0,0,0,42,0,0,0,0,0,31,2,0,0,94,0
0,0,0,0,0,0,0,0,0,0,27,0,0,0,0,0,186,0,0,0,10,49,29,0,0,8,0,0,16,14,0,0,4,89,0,0,79,74,0,0,0,0,0,56,3,15,0,0,0,0,0,0,0,0,0,0,4,0,0,0,0,15,20,5,47,0,2,0,8,0,0,0,0,9,0,0,0,0,0,27,0,221,0,0,4,18,0,0,0,16,0,11,0,0,0,0,0,0,57,4,0,0,0,0,0,0,0,0,0,1,0,264,0,0,42,0,0,0,7,0,0,0,0,0,111,373,1,0,0,0,0,1,0,0,0,0,0,0,0,0,0,0,0,0,0,0,0,0,0,27,106,0,11,15,11,0,42,0,0,0,66,0,0,0,0,0,0,0,204,0,0,0,0,0,4,1059,0,0,1,0,0,0,108,0,0,0,4,0,0,0,0,25,0,164,0,0,0,0,0,0,0,252,0,0,0,0,0,0,26,0,0,0,772,0,0,0,0,0,2219,0,0,0,0,0,0,0,0,0,0,0,8,0,0,1,286,0,0,0,0,239,0,0,140,0,0,0,0,0,0,0,314,4,0,0,179,0,49,0,33,6,0,0,0,21,0,0,0,0,16,43,0,0,1027,0,0,0,0,1,0,14,0,0,478,7,0,31,0,0,21,0,0,0,0,0,17,0,0,0,0,22,0
0,0,0,0,0,0,178,0,0,0,0,0,0,0,230,0,0,0,0,0,0,0,0,351,0,0,0,0,163,64,343,0,0,37,0,0,0,0,0,2,0,0,0,0,0,0,0,0,0,0,0,0,0,0,0,0,0,0,0,0,0,0,0,0,0,0,0,16,0,0,0,0,0,0,0,1698,0,0,0,0,0,0,0,0,0,3,0,0,0,0,0,113,0,0,0,0,0,0,0,0,0,229,0,0,0,0,0,0,0,0,0,0,0,0,0,0,0,0,0,0,0,0,17,0,136,0,0,0,0,0,0,0,0,0,0,0,1569,0,0,0,0,0,2,0,0,1940,0,0,0,0,0,0,0,0,3,0,0,0,0,0,0,0,0,0,0,0,0,0,0,0,0,11,0,0,50,0,0,0,263,2,0,0,0,0,0,0,0,0,0,0,0,0,6,0,0,0,0,0,0,0,0,0,0,6,871,31,0,0,0,19,0,0,0,0,0,8,361,0,93,0,215,0,0,0,0,0,0,0,0,0,0,0,0,0,0,0,0,0,0,9,0,0,0,0,0,8,0,0,0,0,0,0,0,0,0,73,0,0,0,0,0,0,0,0,0,0,0,0,0,333,0,0,122,0,6,0,0,0,0,0,0,0,202,0,0,0,0,0,0,0,0,0,0,0,0,0,216,0,0,0,0
0,26,0,0,0,0,0,17,0,9,0,0,0,50,0,0,1,0,9,2,0,36,0,0,2,1029,0,0,0,7,97,0,0,0,2,0,20,5,0,0,0,0,217,89,0,59,0,0,1,0,3,0,1,0,4,0,0,0,0,0,6,0,0,117,0,0,26,0,12,0,25,0,0,19,264,0,5,0,0,169,0,58,2,4,5,1,0,1,0,0,0,0,0,0,0,0,0,0,0,0,23,0,0,0,0,1,0,0,0,0,0,95,1,0,0,0,0,0,0,7,0,0,0,0,99,15,136,1,49,34,1,1,0,0,0,0,0,1,0,0,0,0,0,27,13,0,0,0,0,0,93,0,0,6,1,79,0,0,0,42,0,23,0,0,0,0,1,0,46,6,0,0,0,0,0,295,10,0,21,0,0,0,92,0,0,0,1,0,0,0,86,0,0,0,1,0,0,0,0,106,0,39,0,1,0,1,371,0,0,2,3,0,36,0,1,0,1,0,1329,0,4,31,0,1,46,0,0,0,0,0,0,0,36,1,42,0,4,0,15,17,38,0,54,0,1,0,0,0,0,0,0,2,0,0,9,3,12,0,0,3,0,0,0,6,0,0,0,0,11,1958,0,0,122,0,0,0,0,0,23,1668,0,0,240,0,0,0,0,28,3,25,0,0,0,0,0,0,11,0,0,0,0
0,0,0,0,0,0,0,13,0,0,0,0,3,0,146,0,0,0,0,0,35,2,0,0,1,660,0,0,90,0,689,0,0,66,0,0,0,3,0,0,0,0,0,0,0,4,0,0,0,0,1,0,0,0,0,0,0,0,0,73,0,12,0,0,0,0,0,0,3,0,0,0,0,2,0,0,0,0,0,12,0,0,0,0,0,1,0,0,0,25,0,0,431,0,0,1,0,0,0,0,0,142,0,0,0,0,0,0,0,0,1,0,0,0,0,0,0,0,0,6,0,0,0,80,18,115,0,0,0,0,0,17,0,0,0,0,0,0,0,0,0,0,59,0,0,0,0,0,0,0,0,0,0,38,0,53,0,0,0,0,1,0,0,1,0,0,0,0,0,0,0,0,1,0,0,162,0,0,0,0,0,0,36,0,0,0,0,0,0,0,0,0,2,74,0,0,0,0,0,0,11,0,0,0,1,3,161,0,0,16,0,0,8,0,0,0,3,0,2321,27,0,0,0,0,183,0,0,0,0,0,0,0,0,0,0,0,1,0,0,0,54,0,0,0,0,0,3,1,0,0,0,0,0,0,0,5,20,0,0,0,0,0,0,0,0,0,0,0,0,2873,0,0,1056,0,0,0,7,0,0,2,0,3,117,1,0,0,1,3,0,0,0,0,0,0,44,0,1,0,0,0,0
0,1,10,0,0,0,0,62,0,0,23,0,0,0,3,0,11,0,76,0,0,78,0,10,0,397,0,0,5,4,296,0,0,3,0,0,2,0,0,0,0,0,0,0,0,68,0,0,0,0,9,0,0,0,0,30,0,2,0,0,36,0,2,0,442,0,179,0,0,25,60,0,0,0,0,0,0,0,0,219,0,480,0,0,69,2,4,0,3,12,0,0,1,0,0,0,0,0,4,0,0,58,0,45,0,0,0,0,0,0,0,149,0,0,27,0,0,0,0,0,51,0,0,0,1,0,1,0,0,0,0,0,0,0,0,0,0,0,0,0,1,0,153,0,1,0,0,0,0,0,249,0,0,63,1,204,130,0,0,0,0,0,0,3,0,0,0,0,111,0,0,0,0,0,0,0,0,0,0,0,0,0,69,0,0,0,0,0,0,0,0,28,0,648,0,0,0,0,0,0,277,0,0,1,0,0,401,0,11,1,0,33,92,0,1,0,1,0,2326,0,0,0,0,0,44,0,0,0,1,0,0,0,0,1,0,0,65,289,0,80,234,0,0,0,0,62,6,0,0,0,0,0,0,0,0,1,1,0,0,0,0,0,1,7,66,2,0,0,0,70,0,57,20,0,55,0,0,0,0,499,0,3,162,0,0,0,0,0,42,15,0,0,0,0,1,0,213,0,0,245,0
0,0,0,0,2,0,1,0,0,0,13,2,0,0,0,1,58,3,0,0,6,236,0,0,0,1031,2,5,0,0,242,0,0,269,0,0,0,28,0,0,0,0,0,0,0,32,112,3,0,0,1,0,2,0,0,0,0,0,0,30,2,0,0,126,1,10,46,0,0,0,25,0,0,0,2,0,0,0,0,196,10,227,196,10,68,0,95,0,0,0,1,0,0,0,0,0,0,0,0,0,0,0,0,0,0,1,0,0,0,0,1,253,0,0,5,0,0,0,0,0,0,0,0,0,203,39,0,0,72,56,0,0,0,0,0,0,0,0,48,5,21,0,0,0,0,0,0,0,0,0,138,1,0,18,0,42,0,0,0,4,0,14,5,4,0,43,0,0,0,21,0,0,0,0,0,0,0,0,0,16,0,369,107,0,6,0,0,0,311,0,0,6,3,146,0,0,2,0,9,3,133,0,0,283,0,33,118,0,24,0,0,0,39,0,2,0,5,5,803,0,0,0,0,1,0,77,0,0,0,0,6,0,0,139,0,0,3,0,0,310,103,0,0,0,0,0,0,1,0,0,70,6,17,1,37,144,230,0,8,11,2,0,0,37,32,0,0,33,0,15,2,29,818,0,0,0,0,0,2,874,1,0,268,0,0,0,0,0,0,40,0,0,0,0,0,26,0,0,0,150,0
0,0,4,0,0,29,107,26,0,7,8,2,0,18,45,0,0,0,16,3,16,18,17,50,0,896,1,0,118,43,55,0,0,63,0,0,36,304,14,5,0,6,112,43,0,0,0,4,0,0,1,0,2,0,3,0,0,0,0,54,29,1,0,10,0,69,97,0,7,0,24,37,6,7,0,0,2,0,0,14,2,174,329,10,6,5,0,23,7,28,0,0,37,6,0,0,3,0,41,0,0,0,3,0,0,0,0,0,0,0,14,257,0,0,0,0,0,0,0,0,0,0,0,0,15,75,1,28,109,15,0,0,1,0,0,0,89,0,0,0,0,0,92,17,42,0,0,37,35,12,47,7,0,0,1,93,39,0,0,0,0,4,1,1,1,46,1,0,48,351,0,0,1,0,0,383,8,0,1,15,0,248,101,0,0,0,0,0,698,0,0,12,0,0,0,2,0,1,0,0,125,0,0,1,0,1,219,0,4,42,41,0,16,6,1,0,1,11,1955,21,1,1,0,0,0,0,1,0,1,0,0,4,20,1,0,0,2,0,18,36,49,4,0,1,0,0,8,0,3,0,1,0,4,0,5,1,0,0,9,42,0,15,0,9,0,0,0,0,4,1,0,3,28,0,0,0,1,0,2,1007,0,0,83,0,0,0,0,2,0,13,0,0,1,0,17,0,84,0,0,30,0
0,11,0,0,0,0,0,0,0,0,3,0,0,209,9,0,0,0,0,0,0,74,34,0,0,975,0,0,275,0,18,0,0,0,0,0,0,0,0,0,39,0,0,0,0,0,0,0,1,1,0,0,0,0,0,0,0,0,0,0,0,0,18,0,0,0,9,0,21,0,0,0,0,0,0,0,3,0,0,12,0,117,274,0,0,0,67,1,2,0,0,6,29,0,0,18,0,0,0,8,0,0,0,0,0,0,0,0,0,1,0,5,0,0,8,0,1,0,0,0,26,0,0,0,0,0,1,0,0,0,0,0,0,0,0,0,0,0,57,0,1,0,0,0,0,1,0,0,0,0,0,3,0,0,1,282,0,0,0,0,5,28,0,0,44,60,0,0,0,0,0,0,0,0,0,171,0,0,0,0,0,0,0,0,0,0,0,0,0,0,0,0,0,147,0,0,0,0,0,0,300,0,0,0,0,0,66,0,0,15,0,0,0,0,0,0,1,0,1233,0,193,0,0,0,176,0,0,0,4,0,0,0,0,1,0,0,0,267,0,8,117,0,0,0,0,0,0,7,0,0,0,0,38,1,39,1,0,0,0,0,0,0,0,1,0,5,0,0,70,8,0,0,713,577,0,0,0,0,6,2610,1,31,406,0,0,0,0,6,0,30,0,0,1,0,0,0,1,0,0,0,0
0,0,0,0,0,0,0,0,0,0,0,0,0,0,86,0,0,0,0,1,1,3,0,0,0,787,0,0,0,0,1,0,2,0,0,0,3,1,0,0,0,0,0,7,0,0,0,0,0,0,0,0,0,1,0,0,0,0,0,1,0,0,0,0,0,0,21,0,0,0,0,0,0,1,0,0,0,0,0,1,0,0,0,0,0,0,0,0,0,0,0,0,0,0,0,0,0,0,8,0,0,0,0,0,0,0,0,1040,0,36,0,0,0,4,0,0,0,0,29,4,0,0,0,1,0,0,0,0,0,0,0,1,0,0,0,0,0,0,0,0,0,0,0,0,0,0,1,0,0,0,1,0,0,0,0,0,0,0,0,40,0,0,0,0,0,0,0,0,0,0,0,0,0,0,0,0,0,0,0,0,0,0,0,0,0,0,0,0,0,0,0,1,14,0,0,0,0,0,0,0,0,0,0,0,822,3,0,0,0,0,0,0,0,0,0,0,45,0,0,0,7,0,0,0,0,0,0,0,4,0,1,0,0,1529,0,0,0,0,0,0,0,0,0,0,0,0,0,0,0,0,0,0,0,0,0,0,0,0,0,0,0,0,0,1,0,0,0,0,0,5225,0,0,158,2,0,0,0,0,0,1,0,0,0,0,0,0,0,86,0,0,0,0,0,0,28,0,0,0,0,0,0
0,0,0,0,25,3,0,0,0,0,1,0,1,0,1,0,0,1,1,0,40,70,0,0,0,2,0,0,1,9,0,0,0,123,0,0,10,42,0,0,0,0,0,0,0,76,2,0,0,1,22,0,1,2,0,1,0,3,0,0,0,0,0,0,0,0,47,0,25,0,58,1,0,0,0,0,2,0,0,15,0,10,752,0,571,12,12,0,0,194,0,1,1,0,0,0,0,1,775,0,0,0,10,2,14,0,0,0,0,0,0,64,0,203,4,1,0,7,76,0,0,0,0,3,495,28,0,152,0,0,0,1167,0,1,0,0,1,0,0,1,17,2,0,1,0,0,15,0,0,0,28,15,0,11,0,14,0,1,0,270,0,7,0,0,0,0,0,0,0,0,0,0,1,2,0,0,4,573,20,0,0,0,0,2,24,0,0,10,0,0,13,37,1,0,39,0,0,0,0,9,0,0,0,660,0,1,2,0,0,1,0,0,0,5,7,2,60,162,44,0,10,54,0,0,0,14,41,0,51,5,153,0,1,387,0,0,1,0,0,662,0,0,0,0,6,0,0,0,0,0,0,0,0,0,81,1,4,0,0,22,2,0,0,4,205,4,0,0,0,1,0,71,0,0,0,0,0,0,4,0,1,0,360,0,0,0,0,8,97,26,0,0,0,0,438,4,0,0,0,91,0
0,0,0,1,0,0,1,1,0,0,28,0,4,0,0,0,0,0,0,4,0,0,15,0,2,1573,0,0,238,156,0,461,115,0,0,0,8,1,0,0,0,0,0,0,0,54,0,0,0,0,0,0,0,0,1,0,0,0,0,3,0,1,0,191,0,0,42,0,0,0,0,0,36,0,3,25,0,0,0,1,0,134,0,0,1,219,0,136,3,0,0,69,2,0,0,0,0,0,2,2,0,0,0,0,0,0,0,0,1,1,0,41,0,0,9,0,0,0,0,0,0,0,0,0,0,17,3,0,55,3,0,0,0,0,0,0,0,1,0,0,0,396,0,0,0,0,0,0,30,0,0,0,0,123,1,329,0,0,0,0,0,20,2,0,0,54,0,0,75,0,0,0,1,0,0,1212,0,0,0,0,0,0,103,0,0,0,0,0,0,46,0,0,0,50,0,0,10,0,0,0,46,0,0,1,0,0,419,0,0,0,0,0,62,0,0,0,6,0,1423,6,0,9,0,0,43,0,0,0,0,0,0,4,0,5,69,0,8,0,81,53,62,0,0,0,0,0,0,0,0,0,0,0,0,0,4,21,52,0,0,0,2,0,0,2,99,0,0,0,4,920,0,0,264,0,0,0,0,0,0,9,0,0,19,0,0,184,0,0,3,0,0,0,0,0,0,0,12,0,0,0,0
0,0,0,0,0,0,1,0,0,6,0,0,0,0,0,1,0,0,0,0,0,0,20,3,0,391,0,4,0,4,0,0,0,0,0,0,5,69,0,0,0,0,0,78,14,206,0,0,5,0,0,0,0,0,0,0,1,0,0,98,0,0,0,116,0,0,626,1,20,0,0,0,0,114,0,99,0,0,0,0,0,0,0,0,616,0,0,0,3,19,0,1050,0,0,0,0,0,0,0,0,0,0,0,0,0,0,0,0,1,0,0,95,0,0,0,0,0,0,0,0,0,0,0,0,59,0,0,0,0,0,0,0,0,0,0,0,0,0,1,0,0,0,0,0,0,0,0,0,0,43,0,0,0,0,1,152,0,0,0,0,0,0,0,1,31,0,0,1,0,5,0,0,0,0,0,328,0,0,0,0,0,137,64,0,0,0,1,0,0,0,0,0,2,123,0,0,0,0,0,0,15,39,0,0,0,0,0,0,0,1,0,0,428,0,0,0,0,0,369,21,0,0,0,0,22,0,0,0,0,0,0,0,0,0,11,0,0,0,27,0,182,0,0,0,0,0,0,0,0,0,0,0,0,0,0,0,10,0,0,128,0,0,0,0,0,0,0,0,0,84,0,0,639,412,0,0,1,0,0,2268,0,0,698,0,0,0,0,0,0,0,0,0,0,0,0,0,0,0,0,0,32
0,0,0,0,0,0,23,14,92,0,15,5,4,160,15,0,0,0,0,0,28,6,25,3,0,69,0,34,3,5,0,10,8,65,0,0,0,29,0,0,0,0,0,53,0,4,0,0,0,0,1,0,0,0,0,2,0,0,0,0,11,0,0,2,0,7,4,0,0,0,15,0,116,4,0,0,0,3,0,1,0,247,0,0,31,4,13,0,0,6,0,5,0,0,0,0,0,0,32,0,119,0,6,0,0,0,0,0,0,0,18,77,0,1,69,0,0,0,0,0,33,0,0,265,22,132,0,0,95,0,0,1,0,0,0,0,36,0,1,0,0,0,0,11,60,0,0,153,0,0,15,15,0,59,1,316,0,0,0,0,15,19,0,0,0,0,0,0,98,65,0,0,0,0,0,548,0,0,0,15,0,0,99,0,0,0,1,0,0,0,0,2,2,44,0,0,1,0,0,0,337,0,0,0,0,1,539,2,5,1,185,0,95,0,1,0,1,0,1419,9,6,0,0,0,0,0,0,0,0,0,1,19,57,1,0,0,15,0,0,18,131,0,1,0,0,0,7,1,0,0,1,1,3,1,2,3,1,0,0,186,0,0,0,2,5,0,0,0,35,17,0,0,565,0,0,0,12,1,0,2414,0,2,232,2,0,0,0,1,0,9,0,0,0,0,0,9,4,0,0,43,23
0,0,0,10,0,5,4,0,0,0,4,5,1,0,54,0,0,0,7,1,0,5,0,78,0,2237,0,0,15,8,0,0,0,74,0,0,0,2,0,0,18,0,84,70,0,1,0,0,0,0,0,0,0,0,21,0,0,0,0,0,0,4,3,0,0,0,17,1,7,0,17,0,3,0,0,1,0,0,0,1,5,76,0,7,6,0,0,0,10,28,0,0,245,0,0,0,0,0,79,1,31,0,0,0,0,0,0,0,1,0,1,3,0,0,24,0,0,0,0,0,0,0,0,0,0,83,1,0,77,13,1,1,0,0,0,17,0,0,0,0,0,0,104,0,1,0,0,0,0,0,0,0,0,40,1,104,0,0,0,0,0,25,1,0,1,0,0,0,0,45,0,0,1,0,0,432,0,0,4,0,0,234,19,0,0,0,0,0,0,0,0,0,3,259,2,0,0,0,0,0,4,53,0,1,0,1,155,0,0,3,0,0,32,0,0,0,0,0,1205,12,1,0,9,0,25,0,0,0,5,0,0,0,0,87,14,0,1,0,0,24,86,0,0,0,0,0,0,33,2,0,0,0,0,0,0,11,1,0,0,0,0,0,12,9,0,0,0,0,5,6,0,0,897,0,0,0,0,0,55,2055,0,0,105,0,0,0,0,5,0,0,0,0,0,0,17,0,283,0,42,10,0
0,0,0,1,0,0,0,0,0,0,0,0,1,0,29,0,0,0,0,0,0,0,0,0,0,3302,0,0,4,6,0,0,0,0,0,0,0,0,0,1,0,0,0,0,0,0,0,0,0,0,0,0,0,0,0,0,0,0,0,0,0,0,0,0,0,0,46,0,0,10,0,0,0,0,0,0,0,0,0,0,0,0,1,0,0,1,0,0,0,0,0,0,0,0,0,0,2,0,0,0,0,5,0,0,0,0,0,409,0,0,0,0,1,0,0,0,0,0,23,0,0,0,0,12,0,0,0,0,0,0,0,0,0,0,0,0,21,0,0,0,0,0,0,0,0,0,0,0,0,0,6,0,0,0,0,0,0,1,0,0,0,0,0,0,0,0,0,0,0,0,0,0,1,0,0,0,0,0,71,0,0,1,0,0,0,0,0,0,0,0,0,185,1,0,0,0,0,0,0,0,0,0,0,0,0,3,0,0,7,1,0,0,0,0,0,0,0,0,0,0,35,0,0,0,1,0,0,0,0,0,0,0,0,189,0,0,0,0,0,1,0,0,0,0,1,0,0,0,0,0,0,0,0,0,0,1,0,0,0,0,0,0,0,0,8,0,0,0,0,3,0,0,227,0,0,0,0,0,0,4828,0,0,278,0,0,1,0,0,0,0,0,0,0,3,0,0,44,0,0,235,0
0,0,0,0,0,0,2,16,0,0,8,11,1,178,26,0,0,0,0,0,73,203,4,0,3,89,0,0,9,1,89,0,0,178,0,16,1,352,0,4,9,0,48,34,0,79,76,0,0,0,1,0,0,0,34,1,0,0,0,0,5,36,0,3,0,0,41,0,0,0,45,0,2,0,0,0,0,0,0,176,0,87,0,0,39,0,0,1,0,31,0,15,39,0,0,0,0,0,39,19,16,0,0,0,23,0,0,1,1,10,2,170,0,1,14,18,0,0,0,0,0,0,0,0,40,500,0,0,28,0,27,0,0,0,0,0,2,0,0,0,0,199,36,0,64,0,0,72,0,0,40,13,0,0,1,26,0,0,0,0,0,0,0,0,1,44,0,0,0,0,0,0,0,0,0,203,0,0,48,0,0,0,0,0,0,0,1,0,286,14,0,7,5,233,9,0,0,0,0,0,83,0,0,0,0,3,81,0,7,1,0,0,76,8,0,0,14,5,1519,30,37,0,0,0,19,0,2,0,7,0,56,2,0,27,46,0,5,0,0,40,64,2,0,0,0,0,0,2,0,0,141,5,0,0,4,5,33,5,13,0,10,0,0,0,0,0,0,0,170,14,1,65,15,0,0,0,33,0,6,2247,1,0,373,0,0,0,0,1,0,0,0,0,0,0,30,0,18,0,0,400,0
0,0,0,0,0,0,2,6,0,0,34,2,0,22,0,0,0,0,0,0,0,0,0,0,0,201,0,0,9,0,50,0,0,295,0,0,224,380,0,0,0,0,0,0,0,146,0,0,0,0,0,0,0,0,0,0,0,0,1,251,0,0,3,0,5,0,2,0,0,0,0,0,0,0,0,0,0,0,0,81,0,0,0,0,1,0,0,0,4,167,2797,11,2,0,0,0,0,0,0,114,15,0,0,0,0,0,0,1,0,0,0,47,0,0,0,0,0,0,0,0,0,0,0,0,403,0,0,0,0,0,0,0,0,0,0,0,0,0,0,0,0,0,0,0,22,0,0,0,0,0,36,0,0,0,0,0,0,0,1,1,9,0,0,0,0,0,0,0,116,6,0,0,0,0,0,0,0,0,9,0,0,0,17,0,0,0,43,0,0,0,0,81,6,332,0,0,0,0,0,0,1,59,0,0,0,0,0,0,0,0,0,0,63,0,9,0,2,0,2095,49,20,0,0,0,0,0,0,0,0,0,0,0,0,0,88,0,4,0,0,11,52,0,0,0,0,0,3,1,0,0,0,0,34,0,0,0,0,0,86,0,0,0,0,0,0,0,0,0,0,310,0,0,246,0,1,0,1,0,0,179,0,0,425,0,0,0,0,0,41,0,0,0,0,0,0,0,30,0,0,235,0
0,0,0,0,0,0,2,0,0,0,9,0,0,0,0,0,0,0,0,0,6,40,12,3,0,1,0,0,3,0,436,10,0,2,0,0,0,35,0,0,0,0,0,21,0,3,0,0,0,0,0,0,0,0,0,0,0,0,0,345,16,11,4,0,0,0,170,0,3,51,0,0,0,6,0,0,0,0,1,47,0,332,0,0,1043,0,0,0,0,14,0,0,0,0,0,0,0,0,9,4,0,0,0,0,0,0,0,1,0,1,0,4,0,0,0,0,0,0,18,0,0,0,0,0,14,0,4,0,0,0,0,0,0,0,0,0,0,0,0,0,0,0,0,0,25,0,0,0,0,0,81,0,0,0,1,0,0,0,0,0,0,0,0,1,0,0,0,0,0,56,0,0,1,0,0,502,0,249,1,0,0,139,141,0,0,0,2,0,0,0,0,35,0,461,61,0,0,0,0,0,431,323,0,0,5,33,0,0,15,6,0,0,14,0,1,0,0,0,2286,0,18,0,0,0,0,0,0,0,0,0,0,9,0,46,0,0,0,0,0,0,0,0,0,0,0,0,0,0,0,0,0,1,28,0,9,0,0,0,51,11,0,0,0,23,0,0,0,0,0,1442,0,0,470,0,0,0,0,0,3,20,0,0,116,0,0,0,0,0,47,69,0,0,0,0,8,0,0,0,0,85,0
0,0,0,8,0,0,0,0,0,11,0,3,0,0,0,0,0,0,0,0,0,0,9,0,0,1380,0,0,0,0,0,0,10,103,0,40,0,1,0,0,0,0,0,16,0,0,0,0,0,0,0,0,5,0,0,0,1,0,0,0,0,0,0,2,104,0,17,0,0,0,0,0,92,64,0,0,2,0,0,0,0,386,0,12,0,7,0,1,15,0,0,0,102,0,0,278,0,0,0,0,20,0,0,0,0,0,0,0,0,0,0,37,0,0,8,0,0,0,0,23,0,0,0,0,0,186,4,0,0,3,0,0,0,0,0,0,0,2,0,0,0,0,0,28,0,0,0,0,0,0,0,0,0,0,0,52,96,0,0,0,0,0,14,0,0,58,0,0,83,5,0,0,0,0,0,221,0,0,0,0,0,0,51,0,0,0,0,0,1418,0,0,0,0,377,0,0,0,1,0,0,4,168,0,0,0,4,0,0,0,0,0,0,136,0,0,0,0,0,101,11,1,0,0,1,98,0,0,0,0,0,0,44,0,0,0,0,0,0,0,10,0,5,0,0,0,0,0,1,0,0,0,0,0,0,0,0,0,0,0,0,0,20,0,2,0,0,26,0,0,847,0,0,182,0,0,0,0,0,16,2714,0,0,128,0,0,0,0,0,0,0,0,0,0,0,98,0,17,0,0,11,0
0,1,1,1,0,0,0,48,0,28,8,0,0,50,33,0,58,1,0,10,123,60,0,0,0,1545,1,0,0,2,10,0,0,64,0,20,1,23,13,0,0,0,0,10,15,56,0,3,1,0,1,0,4,0,54,0,0,0,0,294,7,0,2,43,0,0,30,0,18,39,33,0,0,0,0,0,2,2,0,40,0,345,101,35,16,6,137,1,0,45,0,21,65,0,0,0,0,0,16,27,88,129,0,0,0,2,0,0,0,1,0,272,1,0,10,94,0,0,25,0,0,0,0,0,56,429,2,0,35,12,3,0,1,0,0,2,45,2,44,0,1,231,97,18,1,0,10,0,0,0,43,20,0,13,1,28,3,183,0,1,2,24,9,0,1,35,0,0,98,0,3,0,0,1,0,579,0,0,2,0,0,262,17,0,1,0,0,0,310,7,0,26,0,148,0,0,0,0,0,0,0,49,0,213,0,5,81,2,11,0,0,0,360,0,1,0,13,1,108,0,68,36,25,0,77,0,0,0,6,0,0,6,0,41,0,0,3,783,9,34,153,0,79,0,1,18,5,1,0,0,0,1,9,0,3,59,14,0,5,1,0,21,0,4,0,0,0,0,5,0,0,4,61,0,1,0,0,0,1,280,1,0,83,0,0,16,0,0,79,42,0,0,9,0,0,23,25,0,0,73,0
0,0,0,2,0,15,0,0,0,14,2,0,0,0,133,6,0,2,0,0,0,46,12,4,0,1347,0,0,173,5,1,0,0,47,0,213,13,83,0,0,0,0,0,0,19,0,0,0,2,0,0,0,0,0,0,0,0,0,0,0,11,0,0,73,0,0,485,0,0,0,0,0,5,0,0,0,2,0,0,45,0,98,4,24,0,0,188,0,13,26,0,11,75,0,0,6,0,0,46,135,34,0,0,0,0,0,0,0,0,2,0,33,0,0,25,0,0,0,0,0,0,0,0,127,0,160,0,0,0,0,0,0,0,1,0,0,40,0,0,0,1,0,130,0,9,1,0,0,0,0,45,0,6,53,1,39,41,1,0,0,7,37,0,0,0,0,0,0,0,520,0,0,0,0,7,199,0,0,0,0,0,0,27,0,0,0,1,0,0,0,139,0,0,320,0,0,2,0,0,0,46,153,0,0,330,31,79,15,6,11,0,0,164,0,0,0,0,0,94,0,0,35,0,0,74,0,0,0,0,0,0,19,0,457,0,0,0,291,0,0,62,0,0,0,3,70,0,43,0,0,0,2,0,0,5,0,20,0,0,0,0,0,0,3,0,0,0,0,0,2058,0,0,13,0,0,0,0,0,73,358,0,0,15,0,0,0,0,0,0,4,0,0,0,1,0,0,26,0,0,50,0
0,0,2,0,6,0,12,26,117,0,1,1,0,0,2,0,0,1,0,0,13,37,0,9,0,1612,2,0,61,0,111,0,0,31,0,20,1,56,0,0,0,0,0,11,0,6,3,7,0,0,1,0,0,0,6,1,0,1,0,510,0,50,0,0,226,15,0,0,0,0,30,0,0,32,0,0,0,0,0,53,0,2,123,0,0,0,68,0,0,30,1,144,40,0,0,2,0,0,5,0,0,0,0,5,0,4,328,440,0,1,0,3,0,49,13,0,0,4,168,0,0,43,0,0,15,0,66,0,659,0,33,1,0,3,0,0,2,0,0,4,5,0,0,0,0,0,3,3,0,35,9,6,0,0,1,0,1,0,49,22,0,0,0,0,0,0,0,0,0,13,4,0,0,0,0,0,11,66,453,10,61,0,0,0,8,0,1,0,177,0,35,12,2,0,1,0,0,3,0,0,0,0,1,130,0,21,0,0,0,11,0,0,0,9,10,1,99,183,0,0,57,14,105,0,0,0,4,0,0,7,228,0,0,1037,0,3,4,0,0,0,0,0,0,29,0,73,0,0,0,0,0,9,8,0,9,4,0,4,130,5,9,31,0,2,0,0,0,3,10,11,0,94,92,0,0,0,0,0,1,963,4,0,71,0,0,0,0,0,57,10,0,0,0,0,7,45,1,5,0,74,0
0,1,0,0,0,0,1,0,0,0,0,0,0,0,8,0,31,0,0,0,0,0,0,4,0,1,0,0,9,0,0,0,0,1,0,0,0,0,0,0,0,0,0,0,0,0,0,0,9,0,0,0,0,0,0,0,0,0,0,0,0,0,1,0,0,0,274,0,0,0,0,0,0,0,0,0,0,0,0,0,0,0,0,0,0,0,0,0,0,0,0,16,31,0,0,0,0,0,0,0,0,4,0,0,0,0,0,2526,0,0,0,0,0,0,0,0,0,0,0,1,0,0,30,0,0,0,2,0,0,0,1,53,0,0,0,0,0,3,0,0,0,0,0,0,0,0,0,0,0,0,0,0,0,0,0,0,0,0,0,0,0,0,0,0,0,0,0,0,0,0,0,0,0,0,0,0,0,0,0,0,0,0,0,0,0,0,0,0,0,0,0,8,0,0,0,1,0,0,0,0,0,0,0,0,0,0,0,0,0,0,0,0,0,0,0,0,0,0,1,0,0,0,0,0,0,0,0,0,0,0,0,0,0,0,0,0,0,4,0,0,0,0,0,0,0,0,0,0,0,0,0,0,0,0,0,0,0,0,0,0,0,0,0,0,0,0,0,0,0,6924,0,0,1,0,1,0,0,0,0,0,0,0,1,0,0,0,0,2,0,0,0,0,0,0,0,0,56,0,0,0,0
0,0,0,0,0,0,4,0,0,0,0,0,0,0,5,0,0,0,0,8,0,0,0,0,0,0,15,1,5,1,0,0,0,0,0,0,0,32,0,0,32,0,0,102,1,433,0,11,0,0,0,0,0,0,0,0,0,0,0,0,0,0,0,0,0,0,90,0,9,0,0,0,0,13,786,220,0,0,0,0,0,0,85,0,0,8,487,0,0,0,1045,4,0,0,0,0,0,0,47,0,0,4,0,0,0,1,27,515,0,0,0,5,0,0,0,0,0,0,87,0,0,0,0,2,202,0,91,0,18,0,115,570,5,0,0,0,169,0,0,0,0,0,0,0,0,0,0,0,0,0,0,175,0,0,1,0,0,0,0,105,0,0,0,0,0,0,0,0,0,2,6,0,0,0,0,0,0,0,0,0,0,0,0,0,63,0,0,0,0,0,1,0,0,0,0,2,0,0,0,0,0,2,0,251,0,37,0,0,0,1,0,0,36,0,0,0,151,48,0,0,0,0,0,0,4,0,0,0,360,48,0,3,0,242,0,0,0,0,2,0,0,0,0,0,0,0,0,0,0,0,0,0,0,1,0,14,40,0,0,0,0,0,0,0,0,0,0,0,0,25,0,0,409,0,0,0,0,0,9,2299,0,0,0,0,0,0,0,0,7,17,198,0,2,0,157,0,0,28,0,0,0
0,0,0,0,0,0,0,0,0,0,37,8,0,0,26,2,0,0,63,0,0,76,0,5,0,720,0,0,8,10,0,0,20,0,0,0,0,0,0,8,0,0,0,48,0,96,0,0,0,0,0,0,0,0,0,1,0,0,0,0,10,82,4,6,0,0,59,0,0,0,0,32,3,107,0,0,0,0,0,62,0,292,0,0,80,0,257,668,3,0,0,13,0,0,0,0,0,0,0,0,0,0,0,0,0,0,0,0,0,0,0,213,0,0,15,0,0,0,0,0,10,0,0,0,51,0,0,0,58,0,0,2,0,0,0,0,0,0,0,0,0,0,120,0,24,0,0,50,18,0,177,0,0,56,1,54,29,1,0,0,0,0,0,0,0,0,0,0,0,19,0,0,0,0,0,440,0,0,0,0,0,0,18,0,0,0,0,0,0,0,41,9,6,155,0,0,0,0,0,0,421,0,0,1,5,3,302,0,0,11,0,0,157,0,0,0,7,0,1809,0,0,0,0,0,27,0,0,0,0,0,0,0,0,1,0,0,2,0,0,151,273,0,0,0,0,0,0,0,0,0,0,0,0,1,14,1,227,0,29,0,0,0,0,2,0,0,0,0,0,6,0,96,220,0,0,0,0,0,1,1509,0,0,106,0,0,0,0,5,0,0,0,0,0,0,15,0,2,0,0,228,0
0,0,0,0,0,0,1,0,0,0,0,0,0,0,0,0,0,0,0,0,0,3,1,0,0,2706,0,0,14,0,0,0,0,0,0,0,0,0,0,0,0,0,0,9,0,0,0,0,0,0,0,0,0,0,0,0,0,0,0,0,0,0,0,0,0,0,0,0,14,0,0,0,0,0,0,84,0,0,0,0,0,0,0,0,0,0,0,0,0,0,0,0,0,0,0,0,0,0,26,0,0,0,0,0,0,0,0,48,0,0,0,0,0,0,0,0,0,0,0,8,0,0,0,0,0,0,0,0,0,0,0,0,0,0,0,3,0,0,0,0,0,0,0,0,0,0,0,0,0,0,0,0,0,0,1,0,0,0,0,35,0,0,0,2,0,0,0,0,0,0,0,0,3873,0,0,0,0,1,0,0,0,0,0,0,0,0,0,0,0,0,0,0,1,0,0,0,0,0,0,0,0,0,0,0,0,0,0,0,0,0,0,0,0,0,0,0,0,0,0,0,0,0,0,0,0,0,0,0,0,0,0,0,0,0,0,0,0,0,0,0,0,0,15,0,0,0,0,0,0,0,0,0,0,0,0,0,0,0,0,0,0,0,0,0,0,0,0,0,0,25,0,0,1761,0,0,0,0,0,0,1321,0,0,0,0,0,0,24,0,0,0,0,0,0,0,5,0,0,0,0,0,18
25,0,0,0,0,0,1,47,0,0,8,2,0,0,6,0,0,1,0,0,51,39,15,2,0,1376,0,0,1,0,204,0,0,70,0,0,0,17,0,0,0,0,0,36,0,379,0,1,0,0,0,0,0,0,0,0,0,0,0,18,2,20,2,0,1,2,86,0,2,0,68,0,4,0,0,0,0,0,73,23,0,41,136,5,499,0,0,0,0,67,0,3,31,0,0,1,0,0,55,3,0,0,0,0,0,2,0,0,0,0,2,3,0,0,6,15,0,0,0,0,7,0,0,0,646,68,1,0,23,0,0,0,0,0,0,0,1,0,0,0,0,0,0,0,1,0,0,0,0,0,21,1,0,0,0,0,0,0,1,16,0,0,5,0,1,31,0,1,34,0,0,0,1,1,0,239,0,474,4,0,0,0,13,0,0,0,0,0,307,0,0,0,2,86,9,0,0,0,0,0,156,65,0,1,0,1,36,0,0,1,0,0,7,0,0,0,20,5,608,5,1,0,0,1,14,0,0,0,17,0,5,0,0,487,0,0,1,0,0,187,27,33,0,0,0,0,0,4,0,0,402,1,5,0,56,68,0,0,10,3,3,3,0,0,0,0,0,0,0,1,0,47,31,0,0,0,0,1,5,1962,0,0,24,1,0,0,0,0,61,0,0,0,0,0,79,2,0,39,0,85,0
0,0,0,0,0,10,7,0,0,0,13,0,1,0,10,0,94,0,0,0,0,291,0,0,0,777,0,0,8,1,0,0,0,35,0,0,9,3,0,0,14,0,0,0,0,19,0,0,0,0,0,0,0,0,0,0,0,0,0,26,2,1,1,4,0,0,41,0,2,0,0,0,81,1,0,147,0,0,0,16,0,252,20,0,17,7,2,0,0,35,0,1,4,0,0,0,0,0,0,0,0,0,0,0,0,0,0,0,0,0,0,9,0,0,22,0,0,0,12,0,0,0,1,0,75,6,1,25,165,0,0,1,0,0,0,0,1,1,0,0,1,0,0,0,97,0,0,0,0,0,105,0,0,0,1,0,0,0,0,0,0,23,0,0,0,0,0,0,0,36,0,0,0,0,0,549,0,0,11,0,0,0,20,0,5,0,0,0,0,0,0,1,4,266,0,0,0,0,0,0,17,102,0,3,0,1,378,0,5,4,0,0,10,0,1,0,0,0,1221,0,0,0,0,0,0,0,0,0,1,0,0,2,0,737,0,0,0,658,0,283,49,0,0,0,1,0,0,0,0,0,0,0,0,0,3,60,1,0,9,0,0,0,0,4,0,0,0,0,0,66,0,0,703,0,0,0,0,0,5,1687,0,0,428,0,0,0,0,4,0,0,0,0,0,0,0,0,8,0,0,168,0
0,0,0,1,0,0,0,0,0,0,3,0,9,90,0,9,3,0,0,0,0,42,0,0,0,1986,0,0,0,0,235,0,0,57,0,27,27,37,14,0,0,0,116,0,0,186,0,6,0,0,0,0,0,0,16,0,0,0,0,94,0,0,0,4,0,0,26,0,0,0,30,0,0,0,0,249,3,0,0,0,0,72,79,12,0,0,1,0,0,0,0,0,6,0,0,0,9,0,0,0,46,0,1,0,0,1,0,0,0,0,0,101,223,0,22,0,0,0,0,0,18,0,0,0,396,204,1,0,0,51,0,0,42,0,0,0,62,0,0,13,1,0,0,16,0,0,0,0,0,0,0,0,0,10,1,49,0,0,0,0,7,42,10,0,0,124,0,0,95,0,0,0,0,0,0,253,0,0,15,0,0,0,0,0,0,0,3,0,0,0,0,0,0,0,0,0,0,0,0,0,0,0,0,8,0,0,0,0,0,0,0,0,157,0,0,0,1,0,114,0,0,45,0,0,0,0,10,0,0,0,0,0,0,1,126,0,0,0,17,114,92,0,0,0,1,0,5,0,0,0,0,0,0,0,0,7,1,0,0,489,0,0,0,13,0,0,0,0,0,196,0,0,17,0,0,0,0,0,0,2827,1,0,399,0,0,10,0,0,2,68,0,25,0,0,0,0,6,0,0,0,0
0,0,0,0,0,0,28,0,0,0,0,0,1,76,145,0,0,0,0,0,64,0,0,0,0,900,0,4,21,3,0,0,18,36,0,0,881,0,0,0,0,0,0,220,0,334,0,0,0,0,5,0,0,0,0,0,0,0,0,0,0,48,0,0,0,0,36,0,0,0,61,0,0,0,0,0,0,0,0,0,0,4,0,0,62,0,0,0,0,101,0,5,294,0,0,0,0,3,0,0,0,39,0,0,3,0,156,407,0,0,0,0,0,785,0,0,0,0,130,1,0,0,0,1,1866,0,0,0,0,0,0,160,0,0,0,0,11,0,0,0,1,0,0,0,0,0,0,0,0,0,14,0,0,1,1,0,0,0,0,0,0,0,0,0,0,0,0,0,0,0,0,0,43,0,0,0,0,0,0,0,0,0,0,0,0,0,0,0,0,0,0,199,0,0,0,0,5,0,0,0,0,0,0,0,0,0,0,0,0,0,0,0,0,0,0,0,0,0,131,0,57,0,0,0,0,0,0,0,0,0,1050,0,0,0,0,0,0,0,0,0,0,0,65,0,0,0,0,0,0,0,337,0,0,0,0,26,0,0,0,0,0,0,0,0,2,0,0,0,0,85,0,0,849,0,0,0,0,0,0,0,0,0,0,0,0,0,0,0,3,0,0,0,0,0,39,0,0,0,0,182,0
19,0,0,3,0,0,1,82,0,0,0,0,0,0,353,0,0,0,0,0,0,1,0,70,0,2244,0,0,93,79,0,0,0,38,0,0,275,0,1,0,0,0,0,0,0,3,0,3,0,0,0,0,1,0,3,0,0,0,0,0,3,70,0,0,0,0,0,0,0,0,24,0,0,0,0,0,0,0,0,0,0,0,218,0,25,0,0,0,0,0,0,50,9,0,0,4,0,0,0,0,0,0,0,0,2,0,0,466,0,0,0,0,0,50,0,0,0,0,54,0,0,0,0,2,0,0,0,0,0,0,0,13,0,0,0,0,220,0,2,0,5,0,0,0,0,0,0,0,0,33,4,0,0,0,0,0,0,0,0,36,0,0,0,0,59,0,0,0,0,0,11,0,0,0,0,0,0,41,0,0,0,0,0,0,2,0,0,0,0,0,0,0,11,0,0,0,0,1,0,0,0,0,0,506,0,40,0,4,4,16,0,0,0,0,4,0,64,17,8,0,52,0,0,0,0,0,0,0,0,0,225,0,0,2662,0,0,0,0,0,0,0,62,0,0,0,0,0,0,0,0,0,2,0,0,111,0,0,0,0,1,6,0,0,0,78,0,0,0,0,21,0,0,71,1,0,0,0,0,52,1183,0,19,51,0,8,0,0,0,0,0,0,0,0,0,0,0,3,0,0,50,0
0,2,4,0,0,0,1,2,0,0,1,0,0,0,26,0,0,0,0,1,4,0,0,0,0,0,0,0,15,22,48,0,0,120,0,0,17,2,0,0,0,0,0,0,0,297,0,0,0,0,1,0,0,0,1,0,0,2,0,144,0,0,0,0,0,0,0,0,0,0,0,0,0,0,2,0,0,0,0,3,0,0,355,0,10,18,0,0,0,59,1,22,0,0,60,62,0,0,79,0,0,0,0,0,0,0,44,0,0,18,0,4,0,38,0,0,1,1,34,1,0,0,0,3,67,0,0,0,1,1,1,153,5,0,0,0,123,8,6,0,1713,1,0,0,0,0,6,0,0,2,9,2,0,0,0,0,0,0,0,86,0,0,0,2,0,0,0,68,0,0,7,0,0,0,0,0,0,2,14,0,0,0,0,5,13,0,0,0,0,0,0,9,1,44,0,0,0,0,0,0,0,0,0,253,550,569,0,0,0,0,0,0,0,0,3,0,339,2,0,0,117,0,0,0,0,0,2,0,0,0,15,0,0,1336,0,0,0,0,0,9,0,0,0,0,0,0,0,7,0,0,0,0,0,0,3,20,61,0,20,17,34,0,0,18,0,0,0,0,2,21,4,0,463,0,2,0,0,0,1,2178,0,0,0,0,0,0,0,0,0,1,0,0,0,0,57,0,15,7,0,0,0
0,0,0,9,0,0,1,28,0,0,0,0,0,64,1,0,0,0,0,0,0,0,1,3,0,1026,0,0,21,2,0,1,0,25,0,0,9,0,1,0,0,0,0,0,0,0,0,1,0,0,1,0,0,0,0,0,0,0,0,0,0,128,0,0,0,0,259,0,0,0,32,0,0,9,0,0,0,0,0,0,0,0,215,0,58,0,0,0,1,4,0,18,17,27,0,1,0,0,0,0,0,9,0,0,0,0,0,5460,0,0,0,0,0,20,0,0,0,0,425,0,0,0,0,0,18,0,0,0,0,68,0,0,0,0,0,0,3,0,0,0,0,0,0,0,0,0,0,0,0,0,33,0,0,35,1,0,0,0,0,36,0,4,3,0,0,0,0,0,0,0,0,0,2,0,0,0,0,67,355,0,0,0,0,0,42,0,0,0,0,0,0,46,0,0,0,0,0,0,0,0,0,0,0,0,0,0,0,1,0,1,0,0,0,0,0,0,0,0,69,0,51,32,0,8,0,0,0,0,46,0,115,0,0,0,0,0,2,0,0,0,0,0,0,0,0,0,0,0,0,0,0,6,0,0,87,185,1,0,22,13,0,0,0,0,1,0,0,0,0,3,0,0,81,0,0,0,0,1,0,169,0,0,331,0,0,0,0,5,43,0,0,0,0,0,40,0,3,0,0,95,0
0,0,0,0,0,0,0,0,0,0,3,0,0,0,115,0,0,0,0,0,0,1,0,0,0,2193,0,0,86,0,0,0,3,131,2,0,7,12,0,0,0,0,0,1,0,5,0,0,0,0,0,0,0,0,0,0,0,0,1,1,0,0,0,1,0,0,0,0,135,3,1,0,0,0,0,0,0,1,0,1,0,12,0,0,0,4,0,0,0,0,1,129,0,0,0,0,0,0,2,0,59,0,0,0,0,0,3,0,0,1,16,0,0,0,9,8,0,0,14,0,8,0,0,0,24,22,0,1,111,0,0,0,0,0,1,0,0,0,57,2,1,0,43,0,0,0,1,0,0,0,30,1,0,0,1,0,0,0,1,0,2,0,0,1,0,0,0,0,83,6,0,0,1,0,0,371,0,0,1,0,0,0,0,0,0,0,0,0,590,0,0,11,0,69,0,0,0,0,0,0,152,0,0,0,0,1,126,0,5,0,0,0,121,0,1,0,1,2,1510,5,8,0,0,0,60,0,0,0,0,0,2,2,0,2,0,0,2,0,0,240,111,0,0,0,0,0,0,0,0,0,1,2,19,4,0,5,0,0,2,0,0,0,0,2,0,1,0,0,0,178,0,0,164,0,0,0,1,0,0,2802,0,0,53,0,0,0,0,0,11,4,0,0,0,0,0,0,0,0,0,12,0
0,0,4,0,0,21,0,3,0,0,0,7,5,0,1931,0,0,0,0,7,39,0,10,7,0,1320,0,0,18,15,19,44,69,18,0,0,3,0,0,0,0,0,0,0,0,14,0,6,0,0,0,0,0,9,7,0,0,0,0,0,11,0,0,0,0,0,43,0,2,0,0,0,4,2,0,15,0,0,0,0,0,309,66,0,0,0,0,0,0,0,0,0,233,32,0,0,0,2,0,0,0,0,0,0,0,0,0,0,0,0,0,245,0,0,42,0,1,0,0,0,29,0,0,98,30,0,0,0,0,0,0,0,0,0,0,0,0,0,0,0,0,0,0,0,1,0,0,0,0,0,0,0,0,56,1,62,0,0,0,0,0,0,2,0,0,0,0,0,0,57,0,0,0,0,0,505,0,0,0,0,0,0,29,2,0,0,0,36,0,0,0,0,0,0,0,0,0,0,0,0,13,0,0,0,0,0,190,16,0,0,0,0,28,0,0,0,0,0,1726,0,13,0,0,0,0,0,0,0,0,0,0,6,0,0,0,0,0,0,0,52,64,0,0,0,0,0,3,0,0,0,179,0,0,0,10,0,0,0,0,1,0,0,0,0,2,0,13,0,0,13,0,0,107,12,0,0,0,0,0,807,4,29,0,0,1195,16,0,0,5,0,0,0,0,0,8,0,0,0,0,0,0
4,0,0,0,0,0,71,0,0,0,0,4,0,0,0,0,16,0,0,0,0,0,20,0,0,488,0,0,16,24,0,0,0,67,0,0,184,670,0,0,0,0,0,0,0,39,0,0,0,0,0,0,0,0,0,0,0,17,0,0,33,0,1,0,227,0,12,0,7,0,0,0,0,0,0,0,0,0,0,0,0,104,0,0,0,0,0,0,2,124,0,79,4,0,0,0,0,2,14,0,14,0,0,0,0,1,0,0,0,0,0,557,0,0,25,0,0,0,0,0,0,0,0,29,1009,174,0,1,0,0,0,0,0,0,0,0,0,0,0,0,0,0,35,0,7,44,0,0,0,0,0,0,0,0,0,98,0,0,1,0,0,0,0,0,0,0,0,0,0,0,0,0,0,2,1,139,0,0,0,0,0,113,80,0,0,0,2,0,0,0,0,24,10,0,0,0,0,0,0,0,521,0,0,0,0,0,0,0,0,70,0,0,35,0,35,0,6,0,1952,0,0,0,0,0,0,0,0,0,0,0,0,0,0,0,0,0,0,0,0,61,55,0,0,0,0,0,5,0,0,0,0,0,0,0,0,0,0,0,0,0,0,0,0,39,0,0,0,0,0,9,0,0,61,0,0,0,0,0,0,1917,0,0,561,0,0,0,0,0,0,0,0,0,0,0,53,0,28,0,0,0,0
0,3,0,1,0,0,16,5,0,0,0,0,1,0,17,0,0,0,0,0,9,17,0,1,0,1673,1,0,2,1,1,0,0,217,0,0,12,0,0,0,0,0,0,34,0,129,0,0,0,0,45,0,0,0,1,0,0,1,0,50,2,8,1,0,0,3,4,12,0,6,18,0,0,1,0,0,0,0,0,110,0,0,139,0,1,1,2,0,0,145,0,1,33,0,0,0,24,0,621,0,0,0,0,0,3,0,0,0,0,0,3,0,17,97,0,5,0,0,12,0,0,0,0,0,672,0,1,0,52,0,0,1,0,0,0,0,1,0,39,0,1,0,0,11,0,0,0,0,19,3,30,5,0,0,1,73,0,5,0,8,0,3,7,1,1,28,0,1,47,4,1,0,0,0,0,255,0,55,0,0,0,79,14,8,0,0,0,0,52,0,31,5,0,170,0,0,0,0,7,0,362,0,0,1,0,1,257,0,9,3,0,0,68,6,1,0,2,0,652,0,0,33,0,0,16,0,0,0,15,0,7,3,31,20,53,0,0,0,10,36,158,0,0,0,0,1,0,1,0,0,106,0,1,0,2,1,28,0,2,0,1,0,0,2,1,0,0,0,0,97,0,9,468,0,0,0,1,0,19,2039,0,0,190,0,0,0,0,0,17,14,0,0,0,0,43,0,19,0,0,13,0
0,0,0,0,0,0,0,0,0,0,0,0,0,321,81,0,0,0,0,0,0,13,0,4,0,4273,0,0,54,0,1,0,0,12,0,0,0,0,0,0,0,0,0,35,0,0,0,0,0,0,0,0,0,0,0,0,0,0,0,83,0,0,0,0,0,0,0,0,0,0,0,0,0,0,0,0,0,0,0,0,0,0,0,0,0,0,2,0,0,0,0,27,0,0,0,0,0,0,0,0,0,0,0,0,0,0,0,81,0,0,0,0,0,0,1,0,0,0,25,0,0,0,0,0,346,0,0,0,0,0,0,7,0,0,0,0,9,0,0,0,9,0,0,0,0,0,5,0,0,0,0,0,0,0,0,0,0,0,0,26,0,0,0,0,0,0,0,0,0,0,0,0,0,0,0,0,0,0,24,0,0,0,0,0,0,0,0,0,0,0,0,37,0,0,0,0,0,0,0,0,0,0,0,0,0,0,0,0,1,0,0,0,0,0,0,0,35,0,48,0,0,0,0,0,0,0,0,0,32,0,111,0,0,670,0,0,0,0,0,0,0,0,0,0,0,0,0,0,0,0,0,0,0,0,0,0,0,0,0,0,0,0,0,0,0,0,0,0,0,68,0,0,705,0,0,0,0,0,0,2818,0,0,0,0,0,0,0,0,1,0,0,0,0,0,14,0,21,0,0,0,0
1,2,0,0,0,0,0,0,0,0,0,0,0,0,1,0,0,0,0,0,0,122,0,0,0,2021,0,0,0,0,167,0,0,14,0,0,0,416,0,0,0,0,0,232,0,125,0,0,0,0,2,0,0,0,85,0,0,0,0,290,0,0,0,0,0,0,390,0,0,0,0,0,0,0,0,0,0,0,0,170,0,0,0,0,0,0,0,0,0,44,0,5,1,0,0,0,0,0,0,0,0,0,0,0,4,0,0,434,0,0,0,0,0,726,0,0,0,0,0,1,0,0,1,1,336,0,0,0,0,0,0,0,0,0,0,0,3,0,0,0,4,0,0,0,0,0,0,0,0,1,75,0,0,0,0,0,0,0,0,199,0,1,0,326,0,0,0,0,0,0,0,0,0,0,0,0,0,0,106,0,0,0,0,0,0,0,0,0,0,0,0,0,0,0,0,3,0,0,0,0,0,0,0,0,0,0,0,0,0,0,0,0,0,0,0,0,0,0,0,2,172,79,0,0,0,0,0,0,0,0,535,0,0,87,0,0,0,0,0,0,0,0,0,0,0,0,0,1,0,0,0,0,0,0,30,0,0,0,0,0,22,0,0,0,1,0,0,0,40,1,0,0,39,0,5,0,0,0,23,2366,0,0,174,0,0,0,0,0,0,53,0,0,0,0,61,0,4,0,0,0,0
18,0,0,11,0,0,2,13,0,0,3,0,0,0,82,0,6,0,0,0,0,1,31,29,0,1,0,0,3,110,44,0,0,9,3,0,47,151,0,7,0,0,0,0,1,1,0,0,24,0,0,0,0,0,0,0,0,0,0,70,13,0,3,0,0,0,168,9,0,0,0,0,0,0,0,0,8,0,0,3,0,96,1,46,0,0,0,0,9,0,0,194,32,0,0,21,0,1,0,9,13,0,0,0,0,1,0,0,0,0,0,12,0,0,0,0,0,0,0,0,0,0,0,0,28,41,1,1,0,0,0,0,0,1,4,0,40,0,0,0,0,0,123,0,59,35,0,0,0,31,11,0,0,0,50,0,3,243,0,0,27,0,25,0,0,0,0,1,129,0,1,0,1,1,0,1138,0,0,1,0,0,0,32,0,1,0,11,0,0,0,0,0,0,356,0,0,0,0,0,0,0,66,0,1,0,17,118,10,27,0,0,0,9,0,1,0,1,0,2296,0,46,41,0,1,31,0,0,0,0,0,1,14,0,0,116,0,5,0,22,1443,107,0,0,0,0,0,0,0,0,0,0,2,0,0,0,16,1,0,0,11,1,0,0,1,0,0,0,0,0,1260,0,6,224,0,0,1,0,0,0,255,0,0,22,4,0,0,0,0,3,1,0,0,0,1,0,0,49,0,0,79,0
0,0,0,0,5,0,2,11,0,0,2,6,0,0,0,0,1,0,0,0,64,13,0,0,0,572,1,0,0,0,0,0,0,0,0,0,37,1,0,0,0,0,0,78,0,154,0,0,0,0,8,0,0,0,27,1,0,0,0,2,6,10,1,0,0,5,1,0,36,0,16,0,5,15,1,0,0,0,0,9,0,120,20,0,743,87,0,0,0,95,0,0,0,0,0,0,29,0,114,0,0,0,0,0,0,1,0,0,0,0,0,8,0,0,4,0,0,0,3,0,0,0,0,0,283,16,1,0,35,0,5,2,0,0,9,0,0,0,0,2,0,0,0,36,0,0,0,0,14,8,203,2,0,13,1,183,13,0,0,6,1,24,2,0,0,37,0,0,53,6,0,0,0,0,0,337,4,0,0,0,0,0,76,15,0,0,11,0,114,0,0,1,7,0,26,0,0,0,0,1,339,0,0,1,0,0,53,0,0,0,0,0,33,0,1,0,1,0,1335,0,0,0,1,0,0,0,1,0,0,0,11,2,44,0,59,0,1,0,0,119,101,0,0,0,0,0,44,0,0,0,0,1,0,0,38,1,1,0,3,3,0,0,0,3,63,0,0,0,0,19,5,4,0,0,0,0,1,0,3,3749,0,0,37,0,0,0,0,0,0,4,0,0,0,0,51,3,0,0,0,18,0
2,0,0,0,0,0,0,0,0,0,0,0,1,0,128,0,16,0,0,26,0,0,0,21,0,0,0,0,104,16,407,0,0,210,0,0,71,102,0,0,0,0,0,0,0,0,0,9,0,0,1,0,3,0,0,2,0,0,0,8,6,0,0,0,0,0,0,1,0,0,0,0,0,0,0,0,1,0,0,0,0,0,9,0,0,0,0,1,0,2536,0,13,7,0,0,0,0,0,0,0,0,0,0,0,0,0,0,22,0,0,0,0,0,0,0,4,0,0,0,0,0,0,0,55,908,0,0,0,0,0,0,425,0,4,0,0,886,0,6,0,40,0,0,0,0,0,0,0,1,0,0,0,9,0,0,7,56,814,0,0,17,0,0,0,2,0,1,0,0,0,0,0,0,0,0,0,9,0,0,7,0,0,0,0,7,0,0,0,0,0,0,216,3,0,0,0,0,0,0,0,0,0,0,0,0,76,0,0,9,30,0,0,0,8,0,0,5,0,843,0,0,0,0,0,0,0,0,0,0,0,0,0,0,0,0,0,0,0,1,0,0,0,0,0,0,0,0,21,0,0,0,0,41,2,7,0,0,0,0,0,3,0,0,0,0,0,0,0,0,0,27,2,0,5,0,0,0,0,0,0,7,873,236,0,0,0,0,0,0,0,0,0,0,0,0,0,71,0,0,533,0
0,0,1,1,0,0,0,0,1,9,20,3,0,230,62,0,0,0,9,1,25,1,6,0,0,1882,0,0,4,5,28,0,13,38,0,0,2,6,0,0,0,0,0,0,0,0,444,1,0,0,0,0,0,3,6,1,0,0,2,3,3,9,1,1,0,4,0,1,0,2,14,0,73,19,0,0,2,0,0,7,9,38,0,4,0,8,28,1,6,121,0,0,0,0,0,0,0,0,85,4,11,0,4,0,0,0,2,0,0,0,0,233,0,0,5,0,0,35,2,0,9,1,0,0,0,44,1,0,28,191,0,0,0,0,1,0,1,0,0,0,0,0,39,0,1,0,0,34,32,0,69,0,0,3,1,0,25,1,1,0,0,0,16,7,0,0,1,0,46,318,1,0,0,0,0,347,0,0,1,0,0,0,18,0,1,1,0,0,632,0,0,2,0,49,0,0,0,0,0,0,7,89,0,0,0,1,295,1,0,1,0,0,23,2,1,0,4,1,70,8,1,1,0,1,19,0,0,0,6,0,22,3,0,1,0,4,1,486,0,7,37,0,0,0,0,0,0,0,0,0,39,2,3,0,2,3,4,5,2,7,2,0,0,8,0,1,0,0,4,19,5,7,100,0,0,1,3,1,3,2950,0,0,54,0,0,2,0,0,0,6,0,0,0,1,152,1,3,53,0,12,0
0,0,0,0,0,0,0,0,0,0,0,0,0,0,8,0,0,0,0,0,0,9,0,0,0,2348,0,0,10,0,24,0,41,70,0,0,0,0,0,0,0,0,0,0,0,0,0,0,0,0,0,0,1,0,0,0,0,0,0,0,0,0,0,0,0,0,0,0,41,43,0,0,0,0,0,0,0,0,0,0,0,0,194,0,0,30,0,0,0,0,0,0,13,0,0,16,0,0,100,0,0,0,0,0,0,0,0,520,0,0,0,0,0,0,0,1,0,1,14,0,0,0,0,0,0,0,0,0,0,0,0,0,0,0,0,0,0,0,0,0,0,0,0,0,0,0,0,0,0,0,0,20,0,0,0,1,0,0,0,179,0,0,0,0,0,0,0,0,0,0,0,0,3220,0,0,0,0,0,0,0,0,0,0,0,0,0,0,0,0,0,0,39,0,0,0,0,0,0,0,0,0,0,0,0,499,25,0,0,1,4,0,0,0,0,39,0,0,0,0,0,7,0,0,0,0,0,0,0,84,0,0,0,0,101,0,0,0,0,0,0,0,0,0,0,4,0,0,0,0,0,0,0,0,0,5,8,0,0,0,0,0,0,0,0,49,0,0,0,0,131,0,0,397,6,1,0,0,0,9,875,0,0,670,0,0,0,6,0,0,0,0,0,0,0,110,0,0,0,0,29,0
0,0,0,0,0,0,70,24,0,0,0,0,0,856,15,0,0,0,0,10,30,3,0,4,0,272,0,0,3,0,1,0,0,46,0,0,4,15,0,0,0,0,0,10,0,2,0,0,0,0,0,0,0,0,0,0,0,0,0,89,3,11,0,0,0,0,10,0,0,0,2,0,0,0,0,0,0,0,0,0,0,0,2,0,15,0,1,0,0,36,0,3,0,0,0,0,0,0,2,0,0,0,0,0,15,0,1,164,0,0,0,0,0,31,0,0,0,0,25,9,0,0,0,5,0,0,0,0,0,0,0,16,0,0,0,0,18,0,0,0,5,0,0,0,0,0,0,0,0,0,3,0,0,0,0,0,0,0,0,9,0,0,0,1066,0,0,0,0,0,0,9,0,0,0,0,0,0,1,1,0,0,0,0,0,0,0,0,0,0,0,0,78,1,18,325,1,91,0,0,1245,0,0,0,1,0,0,0,0,2,13,0,0,0,0,1,0,42,4,0,4,1,0,0,0,0,0,2,0,1,0,12,0,0,2227,0,0,0,0,0,0,0,0,0,0,0,0,0,0,0,0,1,0,0,0,2,8,0,0,5,2,0,0,0,12,0,0,0,0,0,483,7,0,282,0,0,0,0,0,1,2089,0,0,6,0,0,0,0,0,0,0,0,0,0,0,0,0,96,0,0,26,0
0,0,3,3,2,0,1,0,0,0,10,3,0,1,1120,0,7,0,0,0,0,1,25,1,0,1206,1,0,11,0,53,0,0,15,2,6,5,19,0,0,0,0,0,31,0,10,0,3,0,0,0,0,0,0,0,0,0,4,0,1,11,0,1,0,31,1,25,11,0,0,0,0,0,4,0,0,5,0,0,1,0,223,12,7,0,0,52,0,1,5,1,0,2,0,0,68,295,0,26,0,5,0,0,1,1,1,193,55,2,9,0,0,0,15,3,0,0,0,39,7,0,0,0,0,166,54,0,0,0,3,0,0,0,1,0,0,994,0,0,0,0,0,0,0,119,0,1,1,0,0,8,0,0,0,1,0,8,0,3,16,0,0,0,2,0,1,0,0,0,0,1,6,2,2,29,0,0,0,10,30,0,0,0,0,5,0,0,0,0,0,8,23,0,0,217,0,0,0,1,0,0,0,0,635,0,12,0,0,1,15,0,0,0,0,0,1,1,12,90,0,0,13,4,0,0,0,0,0,6,2,100,1,0,1445,0,0,0,0,0,637,0,13,0,0,83,0,0,1,0,0,26,0,0,0,0,54,0,0,1,27,2,0,0,10,0,0,0,0,0,489,0,41,461,0,0,0,0,6,0,1,0,0,45,0,0,0,0,134,2,7,0,3,0,0,34,27,23,141,0,36,0
0,0,0,0,0,0,33,0,0,0,0,0,0,560,10,0,0,2,0,0,0,0,0,0,0,0,0,0,11,2,281,0,0,53,0,0,21,194,0,0,0,0,0,0,0,323,0,1,0,0,1,0,0,0,0,0,0,0,0,423,0,0,0,0,0,102,24,0,1,0,21,0,0,0,0,0,0,0,0,110,0,5,54,0,0,1,0,0,0,24,0,3,0,0,0,0,0,0,3,0,0,50,0,0,6,0,0,1386,0,20,0,21,0,113,0,0,0,0,148,8,8,0,0,1,0,0,70,0,0,0,0,374,0,0,0,1,16,0,0,0,0,0,0,0,0,0,15,0,0,0,0,0,0,0,2,0,0,3,0,22,0,0,0,1015,0,0,0,0,0,0,54,0,1,2,0,0,0,0,0,0,0,0,0,0,58,0,0,0,0,0,5,44,0,0,0,0,104,0,0,553,0,2,0,1,0,53,1,0,2,8,0,0,0,0,13,0,124,43,0,0,0,56,0,0,0,21,0,0,135,0,0,0,0,571,0,0,16,0,0,0,0,0,156,0,5,0,0,0,0,0,0,0,0,0,11,125,0,0,9,0,0,0,0,7,0,0,0,0,0,2,0,0,88,0,0,0,0,15,94,1841,0,0,167,0,0,0,1,6,0,0,0,0,0,39,0,0,0,0,0,28,0
0,0,0,1,0,0,2,0,0,0,0,0,0,0,556,0,0,0,6,0,0,0,5,0,0,2014,0,0,0,10,0,0,0,2,0,0,0,0,0,0,0,0,0,99,1,0,0,0,0,0,104,0,0,0,0,0,0,0,0,0,0,42,0,0,0,0,0,0,0,0,0,0,0,0,0,0,0,0,0,0,0,0,0,0,0,0,0,0,0,0,0,0,234,0,0,0,0,0,0,0,0,294,0,0,0,0,0,0,0,0,2,0,0,49,0,0,0,0,0,6,0,0,0,10,291,0,0,0,0,0,0,11,0,0,0,1,0,0,0,0,0,0,1,0,0,0,0,0,0,0,8,0,0,0,0,0,0,0,0,0,0,0,5,0,0,0,0,0,0,0,0,0,177,0,0,0,0,0,0,0,0,0,0,0,0,0,0,0,0,0,0,36,1,1,0,0,0,0,0,0,0,0,0,0,0,0,0,0,0,29,0,0,0,0,0,0,0,0,0,0,0,0,0,0,0,0,0,0,0,0,0,0,0,0,0,0,0,0,0,0,0,0,174,0,0,0,1,0,0,0,893,0,0,0,0,0,0,0,0,62,0,0,0,0,98,0,0,0,9,4039,0,0,508,0,0,0,0,0,0,0,0,45,0,0,0,0,0,0,0,108,0,0,0,0,67,0,0,0,0,0,0
0,0,0,0,0,0,0,0,1364,0,0,0,0,0,1,0,0,0,0,0,0,119,0,0,0,339,0,0,4,0,340,0,0,154,0,0,7,914,1,0,0,0,0,77,0,0,0,0,0,0,0,0,0,0,0,0,0,0,0,0,0,0,0,0,1,0,0,0,0,0,0,0,0,0,0,0,0,0,0,0,0,0,0,0,0,0,86,0,0,37,0,0,1,0,0,2,0,0,26,0,0,0,0,0,1,0,0,1819,0,0,0,0,0,0,0,0,0,0,227,0,0,0,0,1,46,83,0,0,0,0,0,104,0,0,0,0,3,0,0,0,10,0,0,0,0,0,0,0,0,0,18,0,0,0,0,0,0,0,0,18,0,0,0,0,0,0,0,0,0,0,0,0,0,0,0,0,0,193,0,0,0,0,0,0,0,0,0,0,0,0,0,98,1,0,0,0,0,0,0,0,0,0,0,0,0,70,0,0,1,0,0,0,0,0,0,0,0,0,107,0,0,0,0,0,0,0,0,0,19,0,18,0,0,1,0,0,0,0,0,67,0,0,0,0,0,0,0,0,0,0,0,0,0,0,0,0,72,0,0,0,0,0,0,8,0,0,0,0,0,0,0,0,19,0,0,0,0,0,1,2393,0,0,867,0,0,0,0,0,0,106,0,0,0,0,11,0,4,0,0,143,0
0,0,0,0,0,0,0,30,0,0,13,2,0,0,31,0,0,0,0,0,0,94,0,3,0,10,0,0,0,84,494,0,0,74,0,0,6,363,46,0,0,0,0,0,0,0,0,0,6,0,0,0,0,0,0,0,0,0,0,134,0,0,1,3,0,0,71,0,0,0,677,0,97,0,0,0,5,0,0,63,0,256,0,0,0,0,1,0,2,55,0,230,1,0,0,1,0,1,0,109,29,0,0,0,0,1,0,0,0,0,0,27,0,0,25,44,0,64,0,0,0,0,1,0,16,7,0,1,0,0,0,0,0,0,0,0,1,0,0,0,1,0,37,0,40,47,0,0,0,0,99,0,0,304,0,101,3,0,0,0,0,0,0,0,0,0,0,0,0,0,0,0,0,1,0,161,0,0,9,0,0,0,24,0,0,0,2,27,0,0,0,0,0,57,0,0,0,0,0,0,369,0,0,0,0,3,181,0,0,15,0,0,34,0,0,0,2,0,2395,0,0,0,0,0,24,0,0,0,0,0,0,0,0,11,0,0,0,451,0,0,127,0,0,0,0,0,0,0,0,0,0,0,0,0,129,0,0,0,0,0,0,0,0,1,0,0,0,0,0,15,0,7,94,0,6,1,0,0,14,930,0,0,641,0,0,0,0,1,0,0,0,0,0,0,90,4,1,0,0,371,0
0,0,1,0,0,0,0,1,0,0,0,7,0,0,0,0,5,0,6,0,0,17,10,0,0,2780,0,0,0,7,0,0,0,0,0,0,0,1,0,0,0,0,0,0,0,0,0,0,0,0,0,0,0,0,2,1,0,0,0,3,7,0,0,1,0,0,9,0,0,0,15,0,7,0,0,9,0,0,0,3,0,66,97,6,0,6,122,0,0,0,2,0,0,0,0,0,1,0,0,0,23,0,1,0,0,1,0,0,0,0,0,0,0,0,5,0,0,0,0,0,18,5,0,0,0,15,0,27,12,8,0,0,0,0,2,0,0,0,0,5,0,0,0,8,1,0,1,28,0,0,6,0,0,10,1,81,0,0,1,0,1,13,8,1,0,45,0,0,30,6,1,0,0,0,0,118,8,0,0,0,0,0,19,0,1,0,0,0,0,0,131,0,0,63,0,0,0,1,0,0,8,0,524,1,0,1,108,0,0,0,2,39,62,0,0,8,8,1,75,0,0,2,0,1,58,0,0,0,0,2,0,10,29,0,0,0,2,0,16,10,96,0,0,0,0,27,0,0,0,0,0,1,1,0,1,33,2,0,1,0,0,0,0,2,0,0,0,0,1,4119,0,0,341,0,0,0,8,0,0,228,1,1,244,0,0,0,0,0,13,5,0,0,0,0,0,3,8,0,0,13,0
0,0,0,1,0,0,1,3,0,0,0,0,1,0,86,0,0,0,0,0,0,44,0,3,0,2976,0,0,13,0,135,0,0,141,0,0,48,0,32,0,0,0,0,0,0,323,0,0,0,0,0,0,0,0,31,0,0,0,0,0,0,2,0,0,0,14,68,0,0,0,91,0,0,0,0,0,0,0,0,245,0,0,23,0,0,3,0,0,0,117,0,0,2,0,0,0,0,0,81,0,0,21,0,0,2,0,0,436,0,0,0,0,0,0,0,0,0,1,86,0,0,0,0,4,1631,0,0,0,0,0,59,108,0,0,0,0,98,0,0,0,40,0,0,0,0,0,0,0,0,0,0,0,0,0,1,0,0,1,0,0,0,0,0,0,0,0,0,0,3,0,0,0,1,0,0,0,0,2,0,0,0,0,0,0,0,0,0,0,0,1,0,198,0,0,0,0,0,0,0,0,0,0,0,0,0,136,0,0,0,16,115,0,0,0,0,0,0,0,110,0,0,0,0,0,0,0,0,0,142,0,0,1,0,177,0,0,0,0,0,0,0,0,0,0,46,0,21,0,0,0,5,0,0,0,10,42,28,0,0,5,0,0,0,0,1,0,0,0,0,0,0,0,70,0,0,0,0,0,0,954,1,0,392,0,0,13,0,0,0,0,0,0,0,0,145,0,50,0,0,341,0
0,0,0,0,0,0,23,64,0,0,3,5,3,359,5,0,44,0,0,27,0,47,8,8,0,189,0,0,15,0,0,0,0,148,0,0,9,183,0,0,23,0,0,88,0,48,0,0,0,0,0,0,0,0,4,0,0,21,0,342,10,61,11,6,0,0,20,0,7,73,0,24,0,29,0,0,0,0,0,37,0,332,303,0,0,1,2,0,0,22,586,53,9,0,0,0,0,0,53,0,39,0,0,0,0,0,5,0,0,2,1,108,0,0,29,25,6,0,0,0,0,0,0,0,1,217,1,1,63,0,0,1,5,0,0,0,1,0,0,0,0,0,43,0,20,0,0,0,0,25,59,10,0,0,1,0,0,0,0,69,0,0,0,0,0,93,0,0,0,368,0,0,1,1,0,173,0,0,0,0,0,491,98,0,0,0,0,46,0,0,0,4,4,47,0,0,0,0,0,0,24,0,0,0,1,1,202,50,9,6,0,0,160,0,3,0,1,0,1211,10,0,0,0,0,30,0,0,0,0,0,0,6,55,1,65,0,6,0,0,9,108,0,0,0,0,0,7,1,0,0,11,0,0,1,0,2,0,0,1,0,0,0,0,1,0,0,0,0,37,172,0,0,79,0,0,0,7,0,16,1754,0,0,433,0,0,0,0,3,92,0,0,0,0,0,1,47,2,0,0,18,0
0,0,0,0,26,1,0,3,0,0,0,0,0,0,8,0,0,1,1,0,168,28,0,2,0,296,2,0,23,118,286,0,0,0,0,0,18,255,0,0,2,0,0,83,0,40,0,0,0,1,3,0,0,0,62,0,0,1,0,246,0,24,0,0,0,0,14,8,0,0,21,1,2,11,0,1,0,0,0,259,0,12,149,0,36,2,0,0,0,29,0,15,12,0,0,0,35,0,20,0,0,0,0,12,1,0,0,0,0,33,10,0,0,24,0,0,10,0,157,0,0,0,0,1,31,0,0,0,21,35,37,29,0,0,1,0,82,0,0,0,1,0,0,0,125,0,24,0,3,8,6,16,0,0,0,0,0,0,0,0,0,8,0,215,0,0,0,0,0,0,8,5,6,0,0,0,0,0,903,1,0,0,0,0,12,0,0,0,0,0,0,32,1,6,30,0,0,1,1,340,0,0,0,0,0,9,20,0,1,16,1,0,0,0,9,0,119,42,0,6,0,21,10,0,0,0,64,0,0,0,240,0,0,302,0,0,4,0,0,8,0,0,0,0,0,16,0,1,1,3,0,8,25,0,47,34,2,9,11,74,0,0,9,8,2,0,0,0,180,3325,0,32,12,3,0,0,57,7,59,224,0,28,95,0,0,0,0,0,23,194,0,0,0,0,18,0,0,0,0,67,0
0,0,0,0,9,0,0,0,0,0,18,3,0,2,10,0,0,0,70,0,2,60,41,6,0,554,0,0,57,45,784,0,5,148,0,0,14,0,0,0,49,0,0,15,0,60,0,0,0,0,0,0,0,0,5,0,0,0,0,30,24,1,0,0,40,0,120,10,0,0,16,0,7,2,0,0,4,0,0,7,0,59,0,51,13,0,0,0,10,86,0,0,1,0,0,0,0,0,49,0,0,0,0,0,0,0,0,0,0,0,4,111,0,0,18,0,0,0,0,0,5,0,0,0,40,111,1,0,49,0,0,1,0,0,0,0,1,0,0,0,0,0,0,0,10,0,0,0,0,0,74,0,0,0,1,60,0,0,0,0,0,0,13,0,0,0,0,1,0,28,0,0,1,0,0,465,0,0,26,0,0,0,105,0,0,0,0,0,0,0,0,42,11,86,0,0,0,0,0,0,4,0,0,0,0,14,154,0,0,1,0,0,43,45,0,0,1,0,854,0,0,1,0,0,76,0,0,0,4,0,5,0,0,1,0,0,0,0,0,11,219,0,0,0,0,0,0,0,0,0,0,0,0,0,19,9,4,0,6,17,8,0,0,3,0,0,0,0,0,2,0,0,205,0,0,0,0,0,2,3917,0,0,400,0,0,0,0,1,1,72,0,0,0,0,38,0,31,0,0,84,0
0,0,0,0,0,0,2,0,0,9,2,0,0,0,0,0,0,0,17,0,0,28,9,2,0,1038,0,0,4,13,88,0,11,136,0,0,6,164,0,0,0,0,0,0,0,13,0,0,1,0,0,20,1,0,0,0,0,0,0,368,39,0,0,0,0,0,0,0,94,0,0,0,4,0,0,0,8,0,0,59,1,0,0,14,20,6,0,1,0,39,0,5,8,0,0,0,0,0,37,2,0,3,0,0,0,0,0,0,0,0,4,71,0,0,5,0,0,0,0,0,25,0,0,67,3,0,0,0,0,0,0,0,0,0,0,0,1,0,1,0,0,0,71,23,44,0,0,36,0,0,63,0,0,96,0,114,61,1,0,0,7,0,2,0,0,0,0,0,0,0,0,0,1,0,0,427,0,0,0,22,0,460,26,0,0,0,0,0,0,0,0,13,5,75,0,0,0,0,0,0,409,435,0,0,0,16,143,0,20,1,0,0,0,0,0,0,4,0,1215,0,37,0,0,0,0,0,0,0,0,0,0,3,0,0,0,0,0,0,0,179,55,59,0,0,0,0,0,4,0,0,12,1,3,0,46,13,0,0,0,11,0,0,0,12,0,1,0,0,208,106,0,62,63,0,12,0,0,0,0,2371,1,0,316,1,0,0,0,0,0,10,0,0,0,0,31,0,8,0,0,139,0
0,0,0,0,0,12,1,20,0,0,16,5,4,199,0,0,0,0,0,0,2,38,7,0,0,564,0,0,10,0,684,0,18,242,0,8,205,70,0,0,0,0,0,14,0,87,146,0,0,0,0,0,0,0,190,0,0,0,0,0,0,1,4,0,7,0,15,0,0,0,0,0,0,1,0,543,0,0,0,0,0,116,0,5,1,0,0,0,0,56,0,9,34,0,0,0,0,0,35,0,31,0,0,0,0,0,0,0,1,0,0,132,0,0,28,28,0,0,0,0,0,0,1,0,408,0,1,0,57,10,20,1,0,0,0,7,1,0,0,0,1,0,0,0,1,0,0,0,0,0,0,0,0,0,0,117,0,0,0,8,0,0,0,0,0,47,0,0,0,17,0,0,0,0,0,305,4,0,0,0,0,0,25,0,0,0,44,0,372,0,0,0,0,0,0,0,0,0,0,0,39,0,0,0,0,16,268,0,0,0,0,0,140,25,0,0,15,0,387,9,0,0,0,0,36,0,87,34,8,0,1,0,0,0,0,20,0,0,0,0,62,0,0,0,0,0,50,0,0,0,0,0,19,0,0,0,63,0,0,0,0,5,0,0,0,0,1,0,0,12,10,124,308,0,0,0,0,0,2,2272,0,2,857,0,9,0,0,0,3,0,0,0,0,0,45,0,0,0,0,39,0
0,0,0,0,0,0,2,0,0,0,0,0,0,0,0,0,0,0,0,0,0,0,68,0,0,356,0,0,27,0,0,21,0,596,0,0,0,0,0,0,0,0,3,0,3,289,0,0,0,0,0,47,0,0,0,0,0,0,0,0,0,0,0,0,0,0,134,0,0,0,0,0,0,0,0,0,7,0,0,0,0,200,0,0,0,0,0,0,4,0,0,0,8,0,0,2,10,0,0,15,0,27,0,0,0,0,0,328,0,0,0,0,5,0,24,0,0,0,0,0,0,0,5,0,0,0,0,0,0,0,0,0,0,0,0,0,0,0,0,0,25,0,0,0,0,0,1,0,0,2,0,0,3,0,0,0,0,0,0,0,3,0,0,0,0,0,0,7,0,0,0,0,52,0,0,0,0,0,52,0,0,0,0,0,0,0,0,0,0,0,1,168,0,1,0,0,0,0,0,0,0,0,0,0,94,11,0,0,0,0,0,0,0,0,0,0,0,0,2,0,0,0,0,0,0,0,0,0,0,0,0,0,0,2464,0,0,0,0,0,0,0,0,0,0,22,37,0,0,0,0,0,0,0,0,0,0,0,0,0,0,0,0,0,0,0,0,0,0,0,72,0,0,1027,0,1,0,0,0,0,2986,0,0,478,8,0,45,0,0,0,0,0,0,0,0,0,0,255,0,0,0,0
0,0,0,0,0,4,245,0,0,0,8,0,0,0,0,0,0,0,0,0,0,0,0,0,0,0,0,0,0,0,4,0,0,0,0,33,6,310,0,0,0,0,0,0,2,177,1438,5,0,0,0,0,0,0,0,0,0,0,0,0,0,0,0,55,0,0,0,0,49,0,0,0,0,0,1702,0,0,0,0,0,40,2,133,5,0,33,0,11,0,93,0,0,0,127,0,0,0,0,0,0,22,0,0,17,0,0,0,0,0,0,0,0,0,0,0,0,0,0,470,0,0,0,0,0,30,0,0,0,0,127,7,0,0,11,0,44,0,0,0,0,0,0,0,0,0,0,0,0,0,0,45,7,0,0,4,0,0,9,0,167,0,0,0,0,0,0,0,0,0,0,0,0,0,0,0,0,0,0,28,13,0,0,30,0,0,0,0,0,0,44,0,525,0,0,109,0,41,0,0,0,0,0,0,0,15,0,0,0,0,0,0,0,15,0,0,0,0,0,0,0,82,86,0,0,0,0,0,0,0,0,365,0,0,1253,0,0,14,0,0,0,0,0,225,0,0,0,0,0,0,0,0,0,17,0,4,39,0,0,0,0,0,53,0,0,0,0,0,131,778,0,0,31,0,0,0,0,0,0,4,0,0,0,386,0,0,0,2,0,0,37,168,0,0,0,0,54,0,0,0,7,0
0,0,1,0,0,0,14,30,0,0,11,0,0,339,0,12,0,0,6,7,0,173,0,0,1,1150,0,0,10,0,247,0,0,72,0,8,9,171,0,0,20,0,0,42,0,1106,0,0,0,0,0,0,0,0,0,8,0,0,0,260,3,33,1,6,38,0,37,0,0,118,18,0,0,0,0,0,0,0,0,367,0,103,0,0,87,0,0,1,0,51,2,40,1,0,0,0,0,0,42,0,16,0,0,0,0,0,0,2,0,1,0,93,0,0,15,153,0,0,0,0,2,0,0,0,22,21,89,0,53,0,1,1,0,0,0,0,0,0,1,2,1,0,0,0,0,0,0,34,0,0,63,4,0,80,1,16,0,0,1,31,1,0,0,0,0,0,0,0,29,4,0,0,0,0,0,229,0,0,152,11,0,0,41,0,0,0,6,0,515,0,0,11,2,129,0,0,0,1,0,0,18,0,0,14,0,1,242,0,0,4,0,0,38,0,1,0,65,2,557,11,39,45,0,0,17,6,1,0,0,0,0,0,51,1,0,0,5,0,0,101,0,0,0,0,0,0,3,0,0,0,147,4,38,0,49,1,1,0,22,0,8,0,0,6,0,1,0,16,0,3,21,0,35,0,0,0,0,0,29,1341,0,0,320,0,0,0,0,1,120,14,0,0,0,0,0,0,2,0,0,83,47
0,0,0,0,0,0,3,0,0,0,0,0,0,0,33,0,0,0,0,0,26,0,7,0,0,1745,0,0,20,15,0,0,9,0,0,0,2,0,0,0,0,0,0,23,0,161,0,0,7,0,0,0,0,0,0,0,2,2,0,278,0,0,0,0,0,0,0,0,44,0,7,0,6,0,0,0,0,0,0,0,0,50,0,0,0,0,0,0,2,59,0,4,3,0,0,0,0,0,65,0,0,0,0,0,0,0,0,1,0,0,0,6,0,0,0,0,0,0,0,0,0,0,1,0,19,0,0,0,0,0,0,0,0,0,0,0,0,0,0,0,0,0,121,0,0,56,0,0,0,0,156,0,0,0,0,0,17,0,0,0,0,0,0,0,0,69,0,0,0,0,0,0,1,0,0,333,0,0,0,0,0,482,0,0,0,0,0,0,0,0,0,2,0,458,0,3,0,0,0,0,0,101,0,0,0,0,0,0,11,6,0,0,40,0,0,0,12,0,382,0,0,0,0,0,0,0,0,0,0,0,0,0,0,67,0,0,0,523,0,0,135,4,0,0,0,0,3,0,0,0,0,0,0,0,43,19,0,0,0,1,0,0,0,0,0,0,0,0,0,7,0,0,1069,0,1,0,2,0,0,2836,0,0,331,0,0,0,0,0,0,7,0,0,0,0,8,0,20,0,0,76,0
0,0,0,0,0,1,0,0,0,0,0,0,0,0,8,0,0,0,0,0,42,36,0,1,0,1,0,0,4,132,0,0,0,0,0,0,0,11,0,0,0,0,0,57,0,0,0,6,0,0,0,0,0,0,190,0,0,0,0,4,0,0,1,0,0,0,1,0,0,0,0,0,2,11,0,0,0,0,0,5,0,0,288,0,0,8,0,1,0,53,0,5,337,0,0,0,0,0,57,0,0,0,0,0,0,0,347,548,0,0,0,0,0,324,7,0,0,0,149,0,0,0,0,1,999,0,0,0,0,0,73,16,0,0,0,0,26,0,0,0,17,0,0,0,0,0,0,0,0,0,0,2,0,0,1,0,0,0,0,98,0,0,0,1,0,0,0,0,0,0,5,0,0,0,0,0,0,35,81,0,0,0,0,0,0,0,0,0,0,0,0,0,1,0,0,0,0,0,0,0,0,0,0,53,0,2,15,0,0,1,0,0,0,0,23,0,62,8,0,0,0,15,0,0,0,0,0,0,131,0,303,0,0,133,0,0,0,0,0,1,0,0,0,0,0,0,0,0,0,0,0,6,32,0,137,0,3,0,0,99,0,0,0,3,0,0,0,0,0,17,0,0,2571,0,0,0,0,0,15,1655,0,0,645,0,0,0,0,1,0,43,0,0,1,0,0,0,11,0,0,26,0
0,0,0,0,0,0,0,0,69,4,12,3,1,0,25,0,2,0,6,1,0,35,24,20,0,788,3,0,22,0,258,0,0,62,0,0,116,40,0,0,0,0,0,0,0,7,0,4,18,0,0,0,1,0,0,0,0,0,0,0,6,0,4,4,2,5,141,4,0,187,25,0,26,0,0,1,0,1,0,5,0,224,287,0,0,1,1,0,0,143,0,8,35,0,0,8,0,0,75,32,13,0,0,0,0,1,0,0,0,0,0,7,0,0,10,0,1,0,0,0,0,0,0,0,0,121,2,0,26,48,0,0,0,0,0,0,0,1,1,0,0,0,0,0,0,0,0,0,0,0,71,1,26,56,1,34,0,0,0,0,0,25,0,1,1,35,0,0,73,3,2,0,1,13,0,144,0,27,0,0,0,331,74,0,0,0,0,0,497,0,0,0,8,273,0,0,0,0,0,1,3,353,0,1,0,1,56,14,5,5,0,0,32,0,1,0,0,3,562,18,56,0,0,1,78,0,0,0,0,0,14,3,0,92,58,0,1,0,0,10,44,0,0,0,0,0,2,5,0,0,71,2,15,0,50,4,1,0,0,6,2,0,0,3,1,0,0,0,0,219,0,17,362,485,1,0,0,1,20,2208,0,0,126,0,15,0,1,2,25,0,0,0,0,0,248,0,15,0,0,14,0
0,0,0,0,0,0,27,0,0,0,0,0,0,89,10,0,0,0,0,0,105,50,0,0,0,1283,0,0,92,29,823,47,0,0,0,0,0,322,0,0,0,0,0,18,0,11,0,0,0,0,0,0,0,0,0,0,0,0,0,45,0,0,0,0,0,10,1,0,0,4,31,0,0,9,0,0,0,0,0,51,0,0,0,0,45,0,0,0,0,0,35,0,0,0,0,0,0,0,9,0,0,0,0,0,3,0,0,345,0,0,0,0,0,28,0,0,0,0,199,0,2,0,0,2,26,0,0,0,0,0,0,6,0,0,0,0,0,0,0,0,1,0,0,0,0,0,17,0,0,0,8,14,0,0,0,0,0,0,0,49,0,0,0,1091,0,0,0,0,0,0,11,0,0,0,0,0,0,10,72,0,0,0,0,0,0,0,0,0,0,0,0,364,0,0,0,0,0,0,0,0,0,0,0,0,0,55,0,0,0,0,0,0,0,29,0,0,61,0,0,0,0,0,0,0,0,0,0,0,80,0,0,0,0,738,0,0,0,0,0,0,0,0,0,0,0,0,0,0,0,0,6,0,0,0,0,0,0,0,14,47,0,0,0,0,0,0,0,0,0,7,0,215,165,0,0,0,1,0,0,3012,0,0,0,0,0,0,0,11,5,0,0,0,0,0,0,0,0,0,0,161,0
0,0,0,0,0,0,0,0,0,0,2,0,0,0,0,0,0,1,0,0,69,10,0,0,4,872,1,0,256,0,61,0,6,73,0,0,24,13,1,0,0,0,0,74,0,35,0,1,0,0,1,0,0,0,7,3,0,0,0,50,0,0,0,0,0,7,1,0,0,0,34,0,29,122,0,0,0,0,0,2,6,1,1,1,721,0,0,0,0,274,0,47,0,0,9,0,0,0,13,0,0,0,0,0,15,2,0,0,0,1,2,0,0,67,3,0,0,0,11,0,0,0,0,1,414,8,0,0,3,20,7,99,0,0,0,0,31,0,0,2,2,0,0,0,215,0,4,9,0,0,12,8,0,2,1,0,0,0,7,157,0,0,0,0,0,0,2,0,0,0,1,0,0,1,0,0,0,0,7,1,2,0,0,0,1,0,0,0,0,0,0,53,2,0,20,0,0,0,0,0,0,0,0,0,0,1,1,0,0,120,0,0,11,6,21,2,28,0,1,6,0,1,0,0,0,0,0,0,249,1,197,0,0,853,0,0,1,0,0,10,0,1,0,0,0,0,0,27,3,0,63,1,7,0,7,3,1,0,1,117,1,19,0,1,0,0,0,0,0,92,0,3,377,0,0,0,0,0,1,3499,1,0,184,0,0,0,0,2,1,7,0,0,0,0,0,32,0,0,0,27,0
0,0,1,0,0,0,0,0,0,0,0,0,0,1,24,1,0,0,0,0,0,35,0,0,0,183,0,0,25,206,0,0,80,169,0,0,0,0,0,0,0,0,0,0,0,0,0,0,5,0,0,0,0,0,0,0,0,0,0,33,0,0,0,11,0,0,1,0,0,0,0,0,0,0,0,0,5,0,0,0,0,385,0,0,0,4,0,0,7,0,0,4,25,0,0,0,0,0,0,3,0,0,0,0,0,0,0,0,0,0,0,224,0,0,35,261,0,0,0,0,0,0,0,0,650,0,1,0,0,0,0,0,0,0,0,0,0,0,0,0,1,0,0,0,0,0,4,0,0,0,0,0,0,7,0,252,0,0,0,0,0,31,0,0,0,103,0,0,107,0,0,0,0,0,0,705,0,0,2,0,0,0,39,0,0,0,0,0,0,0,0,0,0,145,0,0,0,0,0,0,10,0,0,0,0,1,162,29,14,0,0,0,0,0,0,0,8,0,622,0,17,0,0,0,62,0,0,0,0,0,0,0,0,0,0,0,2,330,0,35,0,0,0,0,0,0,8,1,0,0,0,0,0,0,0,1,2,0,0,0,1,0,0,0,19,0,0,0,2,1334,0,0,1165,2,0,0,0,2,0,2072,0,18,273,0,0,0,0,2,0,0,0,0,0,0,0,0,20,0,0,15,0
0,0,0,0,0,0,4,0,0,12,3,2,0,0,2,0,0,0,14,0,29,17,13,0,0,793,1,0,23,0,349,0,8,181,0,0,10,123,0,8,0,0,0,8,2,43,1,2,1,0,0,0,0,0,0,0,0,0,0,0,0,60,0,3,34,6,142,40,0,15,15,0,31,6,0,1,3,1,0,34,13,80,0,0,25,0,0,0,4,32,0,25,1,0,0,0,0,0,32,0,31,0,0,0,15,0,0,0,0,1,0,94,0,0,12,99,0,0,0,0,0,0,3,51,6,0,1,0,84,0,0,1,0,0,0,0,1,0,0,0,0,0,89,0,0,0,0,0,0,0,18,0,0,53,1,215,0,11,0,0,24,0,0,1,0,0,0,1,0,42,0,0,0,0,0,416,0,6,12,0,0,0,23,0,0,0,0,0,0,0,0,79,8,296,0,0,0,0,0,0,22,60,0,0,0,28,70,8,14,4,0,0,128,28,1,0,17,1,1279,15,7,38,0,0,28,0,0,0,6,0,7,0,0,66,0,0,1,0,0,0,63,0,0,7,0,0,6,1,0,0,1,2,6,0,11,7,3,0,0,0,16,5,0,10,0,0,1,0,6,1,0,42,30,0,6,0,0,0,10,3437,0,31,235,0,0,0,5,0,3,10,108,0,0,0,35,0,19,0,0,71,43
0,0,2,0,0,0,38,73,0,0,0,0,0,771,0,0,0,0,0,0,0,0,0,0,0,0,0,16,29,0,0,0,0,0,0,0,0,0,0,0,7,0,285,0,0,0,0,0,0,0,0,1,0,0,0,0,0,0,0,422,0,0,0,0,0,0,0,0,0,0,0,13,0,0,0,2,0,7,0,0,0,0,0,0,0,0,0,0,0,0,50,0,117,0,0,0,0,2,0,8,0,98,0,0,0,0,0,0,0,0,0,0,0,0,0,0,3,0,0,2,17,0,0,2,0,0,0,0,0,0,30,0,0,0,12,0,0,0,0,0,0,3,4,0,41,0,272,0,0,0,0,0,0,0,2,0,0,70,2,0,0,0,0,0,0,0,0,0,0,57,10,0,5,0,0,0,0,0,0,0,0,0,0,4,0,0,38,0,0,0,0,0,0,21,0,0,0,0,0,0,1,0,0,5287,0,0,0,5,0,0,0,0,49,0,0,0,0,0,319,0,0,0,0,0,0,0,0,0,0,0,0,0,0,0,46,0,0,0,0,0,0,0,0,1,0,0,0,0,0,0,0,0,0,77,0,0,0,0,0,0,0,0,0,0,0,0,0,0,45,326,0,0,0,1007,0,0,17,0,0,0,0,91,0,0,9,8,0,0,0,94,0,0,0,13,0,0,0,0,68,0,5
0,0,0,0,0,0,1,0,1,0,0,0,3,0,23,0,3,1,0,3,16,7,0,0,1,0,0,0,10,0,0,0,0,37,0,0,47,33,0,0,0,0,0,0,0,0,0,0,0,0,0,0,1,0,0,1,1,8,0,26,0,1,1,0,0,0,80,1,0,0,0,0,0,1,0,0,0,0,0,72,0,11,126,0,180,14,0,1,0,46,0,5,3,0,0,1,0,0,0,0,0,0,0,0,1,0,0,2470,0,54,0,0,0,1,0,0,0,1,52,1,0,0,3,0,196,4,0,0,0,0,0,499,0,1,0,0,327,0,0,1,545,0,0,0,0,3,10,0,0,16,0,0,2,0,0,12,6,0,0,0,0,0,0,0,0,0,0,0,5,0,9,0,1,0,0,0,0,0,39,0,0,0,0,0,0,0,0,0,0,0,0,5,1,2,0,0,0,0,0,0,0,0,0,96,0,22,0,0,0,19,0,0,5,0,1,0,143,0,267,3,13,0,0,0,0,0,0,0,0,0,108,0,0,565,0,0,0,0,0,37,0,0,0,0,6,4,0,79,0,0,0,0,19,0,1,7,8,0,0,0,9,0,0,11,0,0,0,0,9,33,0,0,0,4,2,0,40,2,6,3301,0,0,29,0,0,0,0,6,0,20,0,0,0,0,92,0,9,0,0,0,0
0,0,0,0,0,0,152,0,0,0,0,3,0,0,12,0,0,0,9,0,0,0,7,5,0,740,0,0,50,0,135,0,0,148,0,0,0,72,0,0,0,0,0,0,0,0,0,0,2,0,0,10,0,0,0,0,0,0,0,0,10,0,0,0,0,7,172,0,0,0,17,0,0,0,0,0,0,0,0,0,0,130,0,0,0,0,0,0,2,0,0,32,0,0,0,0,0,0,0,129,33,0,0,0,12,0,0,0,0,0,0,0,0,0,13,0,0,0,0,0,0,0,0,1175,0,184,0,0,0,0,0,0,0,0,0,0,0,0,0,0,0,0,0,0,0,0,0,0,0,0,124,21,0,67,1,0,0,0,0,34,1,0,12,18,0,0,0,0,59,19,0,0,1,0,0,778,0,0,2,0,0,353,143,0,0,0,0,0,0,0,0,0,5,110,0,0,0,0,0,0,0,145,0,0,0,1,77,0,6,23,0,0,330,0,0,0,7,0,86,22,0,0,0,0,31,0,0,0,0,0,0,0,0,186,0,0,2,0,0,10,205,0,0,0,0,30,0,0,0,34,0,0,0,0,0,0,2,0,0,0,0,0,0,0,0,0,0,0,0,9,0,0,849,0,14,0,0,13,4,2590,0,0,0,0,0,0,59,0,0,0,0,0,0,1,136,0,5,0,29,86,0
0,0,0,1,0,0,0,0,0,0,2,0,0,23,37,0,0,0,0,0,0,46,6,0,0,1,0,0,0,0,524,0,10,0,0,8,19,104,0,0,0,0,0,66,0,3,0,5,1,0,0,0,0,0,0,0,0,0,0,0,12,55,3,5,1,0,0,0,2,0,0,0,71,17,0,0,0,0,0,0,0,167,0,0,0,0,1,0,0,38,0,0,0,0,0,0,0,0,0,0,0,0,0,0,0,0,5,0,0,0,0,28,1,0,0,0,0,0,0,0,0,0,0,0,0,0,1,0,26,1,0,1,0,0,0,0,0,0,0,0,0,0,0,0,54,0,0,0,0,0,108,0,6,46,0,50,87,0,0,0,1,31,0,0,0,0,0,0,64,41,0,0,0,0,16,155,0,0,0,0,0,0,0,1,0,0,2,0,885,0,0,0,0,78,1,0,0,0,0,0,299,417,0,0,0,0,478,0,0,0,0,0,49,0,0,0,0,98,2413,0,355,0,0,0,0,0,0,0,0,0,8,0,0,13,6,0,0,0,0,0,0,0,0,0,0,0,0,0,0,0,0,0,0,0,0,0,0,0,0,42,0,0,0,0,0,1,0,0,0,8,0,0,0,0,0,0,0,0,3,2464,0,0,301,0,0,0,0,0,4,0,0,0,0,0,67,59,0,0,0,0,0
0,0,0,0,3,8,2,0,0,36,0,0,0,0,0,0,1,1,0,0,17,2,29,1,0,0,0,0,6,7,2,0,0,0,0,0,43,0,0,0,24,0,0,55,0,0,0,0,3,1,0,0,0,0,0,0,0,11,0,3,3,0,1,0,0,0,208,0,0,0,0,33,6,12,0,0,10,0,0,10,0,288,0,11,0,0,0,0,2,64,0,0,102,0,0,176,0,0,0,0,0,0,0,0,0,0,0,0,0,0,0,812,0,0,0,16,0,287,0,0,38,0,0,0,54,121,0,1,110,0,0,0,0,0,1,0,1,0,0,0,0,0,85,0,1,1,0,0,0,12,113,3,0,0,1,558,20,1,0,0,1,0,0,0,0,0,0,1,0,0,1,1,1,2,0,635,0,0,1,0,0,0,22,0,0,0,0,0,0,0,0,4,5,52,0,0,0,0,0,0,0,0,0,1,0,0,172,3,0,8,0,0,371,0,1,0,1,0,201,0,0,0,0,0,62,0,0,36,0,0,0,5,0,14,116,0,0,625,0,18,240,0,0,0,0,0,0,0,0,0,0,0,0,0,9,5,0,0,0,18,0,0,0,1,509,0,0,0,0,503,8,7,701,7,1,0,0,0,0,2190,0,0,0,2,0,15,0,0,0,3,0,0,0,0,0,0,5,0,0,11,0
0,0,0,0,0,0,0,0,0,0,0,7,0,0,0,0,6,0,0,1,2,37,7,0,0,1534,0,0,3,54,0,9,5,132,0,0,0,0,0,0,0,0,0,0,0,0,0,0,0,0,0,0,0,0,0,0,0,0,0,14,0,0,0,0,5,0,39,0,0,0,0,0,0,0,0,0,0,0,0,0,0,225,0,0,0,0,0,0,0,0,0,0,1,0,7,0,5,0,0,0,0,281,0,0,0,0,0,0,0,0,0,114,0,0,8,0,0,0,0,0,0,0,0,0,428,20,0,0,70,0,0,1,0,0,0,0,0,1,0,0,1,0,111,0,0,0,0,0,0,0,235,0,0,0,50,109,3,0,0,0,0,0,0,0,0,0,0,0,0,16,0,0,0,0,0,408,0,0,0,0,0,0,0,0,0,0,0,0,83,0,0,0,0,0,0,0,0,0,0,0,11,0,0,0,0,2,0,2,11,3,0,0,38,0,0,0,0,0,1046,0,70,0,0,0,0,0,0,0,0,0,0,0,0,2,0,0,0,0,0,141,0,0,0,1,1,0,0,0,0,0,0,0,0,0,0,2,0,0,0,4,0,0,0,0,0,0,0,0,0,8,0,0,763,0,0,0,0,0,0,2669,0,0,984,0,0,0,0,0,0,0,0,0,0,0,61,0,0,0,0,149,0
0,0,0,0,0,0,0,0,0,0,0,0,1,0,3,0,0,0,0,0,0,0,0,51,0,3516,0,0,47,5,0,0,0,46,0,0,52,0,0,0,0,0,0,0,0,0,0,0,0,0,0,0,0,0,0,0,0,2,0,0,0,0,2,0,0,0,366,0,0,0,0,0,0,0,0,0,0,0,0,0,0,0,0,0,981,3,115,0,5,12,0,39,1,0,0,0,0,0,35,0,0,26,0,0,4,0,0,932,0,0,0,0,0,3,0,0,0,0,38,0,0,0,0,1,15,0,0,0,0,0,0,658,0,0,0,0,4,0,0,0,125,2,0,0,0,0,126,0,0,0,25,0,0,40,0,0,0,0,0,0,0,0,0,0,0,0,0,0,0,0,0,0,0,0,0,0,0,113,0,0,0,0,0,0,0,0,0,0,0,0,0,34,2,0,0,0,0,0,0,0,0,0,0,0,0,0,26,0,1,13,0,0,0,0,0,0,0,0,0,0,0,0,0,0,0,10,0,0,10,0,0,0,0,239,0,0,0,0,0,8,0,0,0,0,1,0,0,0,0,0,0,0,0,0,16,194,159,0,0,0,0,0,0,26,0,0,0,0,0,149,0,0,40,0,0,0,0,0,0,1446,0,0,171,0,0,0,0,47,0,0,0,0,0,0,12,0,3,0,0,0,0
0,0,0,0,0,0,8,0,0,0,0,0,0,0,29,0,0,0,0,0,0,0,0,10,0,2174,0,0,4,0,0,0,0,39,0,0,10,1,0,0,0,0,0,0,0,4,0,0,5,0,0,0,0,0,0,0,0,0,0,0,0,0,0,0,0,0,0,0,7,4,0,0,0,0,0,0,0,0,0,0,0,0,22,0,0,0,478,0,0,0,0,1,18,0,0,127,0,0,9,0,0,66,0,0,0,0,0,2091,0,0,0,0,0,0,0,0,0,0,0,0,0,0,0,8,0,14,0,0,0,0,1,0,0,4,0,48,33,1,0,0,0,0,0,0,0,0,0,0,0,0,1,0,0,0,0,0,0,2,0,10,0,0,0,0,0,0,0,0,0,0,2,0,0,1,0,0,0,0,0,0,0,0,0,0,0,0,0,0,0,0,0,0,16,0,0,0,0,0,0,0,0,0,0,0,0,6,0,0,0,21,0,0,0,0,1,0,17,0,0,0,0,0,0,0,0,0,0,0,1,0,0,0,0,130,0,0,0,0,0,0,0,0,0,0,0,0,0,0,0,0,0,0,0,0,0,0,0,0,0,21,0,0,0,0,0,0,0,0,0,293,0,0,2682,0,0,0,0,0,0,1468,0,0,1,0,0,0,0,0,0,0,0,0,0,0,0,0,112,0,0,0,0
0,0,1,0,0,0,0,1,0,0,0,0,0,0,22,0,25,0,0,1,0,4,0,0,0,1596,0,0,24,2,0,0,0,32,0,0,1,127,0,0,0,0,0,0,0,10,0,0,0,0,0,0,0,0,3,0,0,0,0,11,0,0,0,0,0,0,64,0,0,55,0,0,0,0,0,0,0,0,0,1,0,0,11,0,0,6,3,0,0,6,128,7,33,0,0,2,37,0,15,0,0,0,0,0,0,0,0,2941,0,0,0,0,0,0,0,0,0,0,85,0,0,0,0,1,26,3,0,0,0,0,1,43,0,0,0,0,18,1,0,0,377,0,0,0,0,0,14,0,0,0,0,1,3,0,1,0,0,0,0,0,0,0,0,414,0,0,0,0,0,0,3,0,0,0,0,0,0,15,25,0,0,0,0,0,2,0,0,0,0,0,0,36,2,0,0,0,0,6,0,0,0,0,0,1,0,176,0,0,4,1,0,0,0,1,1,0,0,5,75,0,117,52,0,0,0,0,0,0,0,0,7,0,0,88,0,0,0,0,0,72,0,0,0,0,4,1,0,0,0,0,0,0,12,0,0,4,7,0,0,0,1,0,0,3,0,0,0,0,0,2671,0,0,358,0,0,0,0,0,0,4,0,0,54,0,0,0,0,0,12,1,0,0,0,0,1,0,2,0,0,20,0
0,29,0,0,0,0,1,0,0,0,0,0,0,0,2,0,1,0,0,0,0,13,0,2,0,1090,0,0,4,89,131,0,0,0,0,0,0,0,0,0,0,0,0,0,0,0,0,0,14,0,0,0,0,0,0,0,0,1,0,0,0,0,0,0,0,0,0,0,0,16,0,0,0,0,0,0,0,0,142,0,0,0,0,0,0,0,0,0,0,0,0,11,5,0,0,0,0,0,0,0,0,3,0,0,0,0,0,1524,0,0,0,0,0,971,0,1,0,0,84,0,0,0,0,1,142,0,0,0,0,0,0,0,0,3,0,0,72,0,0,0,0,1,0,0,0,0,0,0,0,0,0,0,0,4,0,0,24,0,0,0,0,0,0,0,0,0,0,0,0,0,0,15,36,0,0,0,0,0,572,0,0,0,0,0,0,0,0,0,0,0,0,355,0,1,0,0,0,0,0,0,0,0,0,0,0,19,7,0,2,0,0,0,0,0,0,0,0,0,702,0,11,0,0,0,0,0,0,0,0,0,0,0,0,232,0,0,0,0,0,0,0,0,0,0,0,1,1,0,0,0,0,0,0,0,0,0,0,0,0,0,0,0,0,18,0,0,0,0,0,38,0,0,57,0,1,0,0,0,0,3454,0,0,81,0,0,0,0,0,0,0,0,0,0,0,0,0,7,0,0,13,0
0,0,0,0,0,0,0,2,0,4,11,5,0,2,2,0,0,1,0,0,66,13,0,3,0,994,0,0,4,6,595,0,0,31,0,0,1,7,0,0,0,0,0,9,0,273,0,1,0,0,1,0,0,0,3,1,0,0,0,80,0,47,0,0,0,0,202,0,0,0,11,0,17,30,0,0,0,0,0,661,0,78,363,11,45,0,139,0,0,13,10,0,9,0,23,0,0,0,31,3,10,0,0,0,10,1,0,0,4,1,0,89,1,1,13,0,0,0,0,0,0,0,0,0,4,112,0,0,39,0,2,125,0,0,0,0,1,0,0,0,0,0,101,0,16,0,0,0,0,0,44,0,0,81,1,92,3,0,3,1,0,0,9,0,0,54,0,0,0,20,0,0,0,1,1,394,0,0,19,0,0,338,110,3,0,0,1,0,763,0,0,1,1,84,0,0,0,0,0,0,502,0,0,0,0,2,66,0,5,1,0,0,25,26,1,0,119,0,613,0,0,27,9,0,36,0,0,0,2,11,27,2,0,16,0,0,5,0,0,3,158,184,0,0,0,0,0,0,3,0,72,2,0,0,16,1,0,3,8,3,7,0,0,0,1,0,0,0,0,0,0,8,11,0,0,1,0,0,0,1616,0,0,14,0,0,0,0,0,0,7,0,0,0,0,7,0,1,0,0,24,0
1,0,0,0,0,0,0,14,0,0,0,6,0,0,71,0,0,17,0,0,27,2,43,0,0,836,0,0,30,0,25,0,0,32,0,0,45,3,0,0,0,0,0,0,0,2,0,0,0,0,0,0,0,0,0,0,0,1,0,31,0,0,0,0,8,0,189,0,43,5,14,0,0,0,0,0,0,0,0,5,0,187,0,0,107,5,377,0,0,16,0,0,0,0,0,0,0,0,12,0,48,0,0,0,1,0,0,0,0,1,0,83,0,1,33,0,0,0,0,0,15,0,1,0,145,23,1,0,69,0,0,0,0,0,0,0,2,2,1,0,1,0,0,0,28,0,0,0,0,0,45,0,0,85,0,180,0,0,0,4,0,0,0,1,0,73,0,0,0,0,0,0,0,0,0,628,0,0,0,0,0,0,53,0,0,0,0,176,0,0,0,7,3,60,0,0,0,0,0,0,17,0,0,0,0,1,96,0,8,2,0,0,59,0,0,0,1,0,2699,18,0,25,0,0,218,0,0,0,8,0,35,0,0,1,0,0,0,0,0,67,190,46,0,0,0,0,0,3,0,0,2,3,0,0,13,6,20,0,3,0,1,0,0,3,0,0,0,0,0,574,0,0,206,0,0,0,0,0,0,1515,0,0,86,0,0,0,0,9,0,0,0,0,0,0,42,0,12,72,0,21,0
0,0,0,0,0,0,0,0,0,0,0,0,0,0,0,0,0,0,0,0,0,7,0,0,0,472,0,0,0,0,8,0,0,68,0,0,4,0,0,0,0,0,0,0,0,0,0,0,0,0,0,0,0,0,0,0,0,0,0,40,0,0,0,0,0,0,144,61,0,0,0,0,0,0,0,0,0,0,0,0,0,0,0,0,0,117,1,0,0,0,0,0,0,0,0,167,0,0,5,0,0,0,0,0,0,0,0,587,0,0,0,0,0,240,0,3,0,0,142,2,0,0,0,3,0,0,0,0,0,0,0,0,0,2,0,92,3,0,0,0,14,0,0,0,0,0,0,0,0,0,0,0,0,0,0,0,0,0,0,0,0,0,0,0,0,0,0,0,0,0,13,4,0,0,0,0,0,215,0,0,0,0,0,0,0,0,0,0,0,0,0,0,5,59,0,0,0,0,0,0,0,0,0,0,0,21,0,0,9,0,0,0,0,0,0,0,179,0,2,0,0,0,0,0,0,0,0,0,0,0,0,0,0,554,0,0,0,0,0,0,0,0,0,0,2,0,0,0,0,0,0,0,0,0,0,3,29,0,0,0,7,0,0,0,0,0,0,0,25,1588,0,0,664,0,0,2,0,0,1,4279,0,0,102,0,0,0,0,0,0,0,0,0,0,0,9,13,7,0,0,26,0
0,0,0,0,0,0,21,0,0,0,8,5,0,0,0,0,0,0,0,0,312,314,36,2,0,538,0,0,3,4,17,0,0,54,0,0,0,8,0,0,0,0,317,0,0,0,0,1,0,0,0,0,1,0,0,1,0,0,0,335,3,0,0,2,0,0,0,0,9,0,0,0,21,0,0,0,6,7,1,820,0,51,1,21,0,0,0,1,0,0,0,0,2,0,0,0,0,0,0,34,0,0,0,0,0,0,0,0,0,1,0,102,0,0,33,0,0,0,0,0,25,0,0,0,0,0,256,0,118,0,18,275,0,0,0,0,0,0,2,0,0,0,0,0,8,1,2,0,0,0,0,0,0,19,0,42,3,0,0,0,1,0,12,0,0,0,0,0,0,10,0,0,0,0,0,430,7,0,0,0,0,0,24,23,0,5,0,0,0,0,0,0,0,87,0,0,0,0,0,0,11,130,0,0,16,1,0,5,0,1,0,26,298,27,0,0,18,2,125,0,1,0,0,0,149,0,0,0,0,0,0,4,0,0,6,0,3,0,0,0,102,0,0,0,0,0,89,18,0,0,0,5,29,0,13,0,0,0,7,60,0,0,0,0,17,0,0,0,45,80,0,74,0,0,0,0,0,0,33,3947,0,0,104,0,0,0,0,0,0,65,0,0,0,0,0,0,0,0,0,40,0
0,0,0,0,9,0,0,16,0,6,4,0,0,0,0,0,0,0,0,17,36,91,10,0,0,686,0,0,137,0,28,0,0,0,0,4,2,163,0,0,29,0,0,74,0,133,0,0,0,0,0,0,0,0,0,0,0,0,0,94,0,16,0,0,0,0,25,0,37,56,10,0,6,0,1412,0,0,0,0,74,0,222,59,20,27,0,1,0,0,0,0,0,6,0,0,13,9,0,83,48,51,0,0,0,0,26,0,0,1,29,0,42,0,0,15,0,0,0,0,0,0,9,0,0,0,92,3,0,122,2,29,1,0,0,0,0,0,0,0,9,0,0,0,0,0,0,0,0,0,0,20,1,0,0,1,632,0,0,0,2,0,46,16,2,0,70,0,0,0,61,0,0,0,0,0,451,0,0,21,0,0,466,25,0,0,0,0,0,123,19,609,0,0,93,25,0,0,0,15,3,0,0,0,1,0,0,159,0,0,0,0,0,640,0,1,0,6,0,136,74,52,0,1,0,67,0,0,0,6,4,0,4,0,2,0,0,0,0,0,0,87,0,0,0,0,0,0,0,2,0,0,0,29,0,2,0,1,0,1,0,1,0,7,3,2,0,0,79,0,1027,0,0,202,0,0,0,0,0,2,443,0,0,4,0,0,0,0,0,141,0,0,0,0,0,0,8,0,0,0,19,0
0,0,0,0,0,0,0,0,0,0,0,0,0,0,948,0,0,1,0,0,0,17,0,0,0,2,0,0,11,20,9,0,0,35,0,0,32,1,1,0,0,0,0,0,0,3,0,0,0,0,1,0,2,0,1,0,0,0,0,3,1,0,0,0,0,0,51,0,0,0,4,0,0,0,0,0,0,0,0,1,0,0,3,0,0,6,0,0,0,15,0,0,3185,0,0,0,0,0,5,0,0,0,0,0,0,0,0,2267,0,0,0,0,0,7,0,0,0,0,7,1,0,0,0,0,104,0,0,0,0,0,0,5,0,0,0,0,0,0,0,0,1012,0,0,0,0,0,3,0,1,0,1,1,0,0,0,0,0,0,0,51,0,0,0,1,0,0,0,0,0,3,0,0,0,0,0,0,0,57,7,1,0,0,5,0,0,0,0,0,0,0,1,1,1,2,0,0,0,0,0,1,0,0,0,1,0,0,0,0,1,32,0,0,0,0,1,0,52,3,0,0,81,0,0,0,0,0,0,0,32,0,1,0,0,235,0,0,1,0,0,0,0,0,46,0,4,0,0,50,0,0,0,0,14,0,8,3,0,0,1,17,2,0,0,1,2,0,0,0,0,155,1,15,709,3,0,0,0,0,9,473,0,0,68,0,0,0,0,0,2,5,0,0,0,0,47,0,6,0,0,30,0
0,0,0,0,0,0,3,0,0,7,23,0,0,11,0,0,138,0,0,0,0,10,41,1,0,1443,0,0,14,0,118,0,0,79,3,46,0,3,0,0,0,0,0,0,2,0,0,3,7,0,0,0,0,0,0,0,0,0,0,1,4,35,2,45,4,0,12,0,0,0,0,0,0,27,0,0,3,0,0,4,0,179,0,0,0,0,0,0,4,64,1,5,23,0,0,0,0,0,0,55,46,0,0,0,0,0,0,0,0,0,4,13,0,0,0,0,0,0,0,0,0,0,0,0,240,286,1,0,60,0,0,0,1,0,0,0,62,0,0,0,0,0,57,0,0,0,0,0,0,21,15,0,221,0,3,311,0,0,0,0,0,0,0,49,0,0,0,0,78,0,0,0,324,0,0,714,0,11,6,0,0,0,58,0,0,0,0,0,908,0,0,0,0,62,0,0,1,0,0,0,0,0,0,1,0,0,0,28,7,1,0,0,78,0,0,0,0,0,1210,12,0,24,0,2,66,0,0,50,0,0,13,0,0,339,0,0,0,0,0,113,171,0,0,0,0,0,0,1,5,0,1,1,0,0,0,0,0,0,0,0,0,18,0,2,0,0,0,90,12,40,0,0,484,299,0,0,0,0,40,438,0,0,68,0,0,0,0,0,3,11,0,0,0,0,257,0,47,0,5,97,0
0,0,0,0,0,0,1,0,0,0,1,0,0,0,0,0,0,0,0,0,0,0,0,0,0,3,0,0,0,37,66,0,0,0,0,0,19,0,0,0,0,0,0,0,0,0,0,0,0,0,0,0,0,0,0,0,0,0,0,0,0,0,0,77,0,0,0,0,0,0,0,0,0,130,0,543,0,0,0,22,0,0,0,0,0,0,0,0,0,38,0,10,90,0,0,0,0,0,0,0,0,0,0,0,16,0,0,2075,0,0,0,0,0,24,0,0,0,0,0,10,0,0,0,15,7,0,0,0,0,0,9,135,0,0,0,0,0,0,0,0,0,0,0,0,0,0,0,0,0,0,0,0,0,0,0,0,0,0,0,0,0,0,0,0,0,0,0,0,0,0,0,0,2285,0,0,0,0,0,0,0,0,0,0,0,0,0,0,0,0,0,0,101,0,0,0,0,0,0,0,0,0,0,0,0,0,0,0,0,6,0,0,0,0,0,0,0,0,0,103,0,0,0,0,0,0,0,0,0,2,0,51,0,0,0,0,0,0,0,0,0,0,0,0,0,0,0,1,0,0,0,0,0,0,0,0,0,0,0,0,0,0,0,0,0,1,0,0,0,0,641,0,0,635,0,0,0,0,0,0,2480,0,119,3,0,0,0,0,0,0,24,0,0,0,0,219,0,0,0,0,0,0
0,0,0,0,0,0,1,29,0,4,22,19,0,312,0,0,16,0,0,87,43,20,6,0,1,423,0,0,0,0,0,8,48,1,0,0,5,4,0,0,0,0,16,18,0,5,0,0,0,0,0,8,0,0,0,4,0,0,0,424,8,30,0,0,0,0,16,0,0,88,81,0,18,112,32,0,0,0,8,194,0,428,0,11,17,0,0,0,0,20,89,23,0,0,0,0,0,0,117,6,27,0,1,97,0,0,0,0,0,1,0,88,0,0,0,0,0,0,2,0,3,0,0,0,5,119,0,1,108,52,0,1,0,0,3,0,0,0,0,0,0,0,59,0,0,1,1,0,32,0,59,0,0,0,1,0,32,0,1,7,0,0,0,221,0,0,0,0,0,0,0,4,0,0,0,940,0,0,9,0,0,0,80,19,0,0,0,0,140,0,0,1,0,64,0,0,0,0,0,0,20,0,0,0,0,1,312,0,24,0,0,0,35,0,1,0,7,43,1346,26,0,0,0,1,0,0,0,0,5,0,42,3,29,24,0,0,0,131,0,81,113,2,0,0,0,0,0,0,0,0,285,1,0,0,8,5,0,0,23,4,0,0,0,3,0,4,0,1149,3,170,106,0,399,0,11,0,0,0,6,272,0,0,160,0,0,0,0,0,106,32,0,0,0,0,0,0,1,0,0,10,0
0,0,0,0,0,0,23,8,0,0,0,0,0,0,0,0,12,1,0,0,3,14,0,0,0,0,0,0,0,10,1,0,0,0,0,68,0,120,4,0,0,0,0,98,0,242,0,0,0,0,14,0,0,0,4,0,0,0,0,0,0,0,0,0,0,0,3,0,12,241,5,0,0,0,11,0,0,0,0,0,0,0,9,0,0,11,0,0,0,115,0,0,664,0,0,0,0,0,0,0,0,0,0,85,0,0,39,0,0,0,0,0,0,0,0,0,0,0,1,0,0,0,0,3,1452,0,0,0,0,0,219,107,0,0,0,24,68,0,0,0,0,0,0,0,0,0,24,0,0,0,4,27,0,0,0,0,0,0,0,0,0,0,0,0,0,0,0,0,0,636,1,0,0,0,0,0,0,0,35,0,0,0,0,5,0,0,0,0,0,0,0,0,0,0,167,0,0,0,0,0,0,0,0,2,0,0,0,0,0,0,0,0,64,2,2,0,1,6,0,0,2,0,0,0,0,1,0,0,16,0,594,4,0,531,0,0,3,0,0,0,0,0,0,0,0,0,0,0,0,0,0,0,16,0,0,26,0,0,5,5,0,0,0,0,0,0,0,0,0,334,0,0,0,0,0,0,0,0,49,3249,0,0,389,0,0,0,0,0,4,64,4,0,0,0,0,0,0,0,0,33,0
0,0,0,0,0,0,2,0,0,5,2,0,0,0,18,0,0,0,0,0,0,0,27,0,0,6105,0,0,59,17,68,0,33,10,0,19,11,0,0,0,36,0,0,0,0,1,2,0,0,0,0,0,0,0,0,0,0,0,0,0,5,0,2,0,0,0,0,0,3,63,0,0,7,0,0,0,3,0,0,1,0,76,11,5,0,0,0,0,2,0,0,0,25,0,0,0,5,0,0,0,29,0,0,0,0,0,0,0,0,0,3,66,0,0,0,0,0,0,0,0,12,0,0,0,55,0,3,0,0,14,0,0,0,0,56,0,0,0,0,0,0,0,53,0,0,48,0,0,0,0,17,0,0,0,48,39,58,0,0,0,0,0,11,0,0,40,0,0,0,24,0,0,1,1,0,164,0,0,0,0,0,0,24,0,0,0,0,0,596,9,0,2,0,0,0,0,0,0,0,0,3,0,0,1,1,0,259,0,0,1,0,0,13,0,0,0,1,0,247,0,1,0,0,0,40,0,0,0,0,0,0,3,0,0,0,0,0,0,11,26,57,0,0,0,0,0,0,0,0,0,1,0,1,0,0,0,0,0,0,0,0,0,0,10,0,0,0,0,1,1059,6,1,244,0,0,0,0,0,5,0,0,0,5,0,0,0,0,0,0,2,0,0,0,0,0,0,0,0,0,10,0
0,0,0,0,0,0,1,0,0,0,0,0,0,0,0,0,0,0,0,0,0,28,0,102,0,3114,0,3,288,0,529,0,0,0,0,0,0,125,35,0,0,0,0,11,0,233,0,0,0,0,0,0,0,0,0,0,0,0,0,2,0,0,0,0,0,0,0,0,0,0,8,0,0,0,0,0,0,0,0,0,0,0,0,0,5,0,119,0,0,0,0,6,0,0,0,0,0,0,0,0,0,1,0,0,1,0,183,1175,0,0,0,0,0,0,0,0,0,0,167,0,0,0,0,0,0,0,0,0,0,0,0,23,0,0,0,0,3,0,0,0,251,0,0,0,0,0,0,0,0,0,0,19,0,0,0,0,0,0,0,76,0,4,0,0,0,0,0,0,0,0,10,0,0,1,0,0,0,0,0,0,0,0,0,0,0,0,0,0,0,11,0,0,0,0,0,0,0,0,0,0,0,0,0,0,0,0,0,0,2,5,0,0,0,0,25,0,132,8,801,0,0,0,0,0,0,0,0,0,0,0,0,0,0,142,0,0,0,0,0,0,0,0,0,0,0,0,0,0,1,0,0,1,0,0,0,0,0,0,0,7,0,0,0,14,0,0,0,0,0,1,0,96,813,0,0,0,0,0,7,1271,0,0,0,0,0,0,0,0,4,0,0,0,0,0,0,0,0,0,0,134,0
0,0,0,0,0,4,156,0,0,0,0,0,0,0,0,0,0,0,0,0,0,89,0,80,0,33,0,0,256,26,58,0,0,21,0,457,8,199,1,2,0,5,0,0,0,1,0,0,0,0,4,0,0,0,0,0,0,0,0,0,0,0,0,62,0,0,79,0,133,85,34,2,0,0,0,237,0,0,0,0,0,0,446,0,0,2,0,2,0,12,0,22,0,0,0,0,0,0,6,0,0,33,0,43,0,51,0,1759,0,0,0,0,0,0,3,0,94,0,40,0,0,0,0,4,0,0,0,0,0,0,0,0,0,0,0,0,135,0,0,0,0,0,0,0,0,0,0,0,0,0,2,0,0,0,31,0,0,0,8,55,2,0,0,0,0,1,0,0,0,0,0,0,30,0,0,0,0,337,70,0,0,0,0,0,0,0,0,0,0,0,0,1,0,0,0,0,0,2,0,0,0,0,0,559,2,10,9,0,0,387,0,0,0,0,2,0,70,93,0,0,1036,139,0,0,0,0,0,0,8,37,0,1,0,197,0,5,24,0,0,0,0,0,0,0,0,0,0,0,0,0,0,7,117,0,0,0,0,0,5,0,0,0,4,0,10,0,0,0,651,141,0,0,55,0,42,0,0,0,14,412,0,0,192,0,0,0,0,0,367,0,0,0,11,0,0,121,0,0,0,45,0
0,0,0,0,0,0,0,0,0,0,0,0,0,0,43,1,3,0,0,0,0,0,0,2,0,772,0,0,14,1,0,0,0,0,0,0,0,0,0,0,0,0,0,0,0,0,0,0,0,0,0,0,0,0,0,0,0,0,0,0,0,0,0,1,0,0,0,0,0,0,0,0,0,0,0,0,0,0,0,0,0,0,0,0,0,1,12,0,0,0,0,14,0,0,0,0,0,0,0,0,0,22,0,0,0,0,0,389,0,0,0,0,0,35,0,1,0,0,1,0,0,0,9,0,0,0,0,0,0,0,0,0,0,6,0,0,42,0,0,0,1,0,0,0,0,0,0,0,0,0,0,0,0,0,0,0,0,0,0,0,0,0,0,0,0,0,1,0,0,0,0,0,0,0,0,0,0,0,0,0,0,0,0,0,0,1,0,0,0,0,0,0,3,0,0,0,0,0,0,0,0,0,0,0,2771,1,0,1,1,0,7,0,0,0,0,0,0,0,2,0,0,0,0,0,0,0,0,0,0,0,0,0,0,232,0,0,0,10,0,0,0,0,0,0,5,2,0,0,0,0,0,0,0,0,0,1,1,0,0,0,0,0,0,0,0,0,0,0,0,2738,0,0,229,18,0,0,0,0,0,2537,0,3,0,0,12,0,0,0,0,0,0,0,0,0,0,0,55,0,0,0,0
0,0,0,65,0,0,0,0,0,0,0,0,0,325,0,0,0,0,0,0,0,51,0,1,0,122,0,0,0,0,0,0,0,0,0,0,0,0,0,0,0,0,0,228,0,0,0,0,0,0,0,0,0,0,0,0,0,0,3,0,0,0,0,0,188,0,172,0,0,1,0,0,0,0,0,0,0,0,0,224,0,3,0,0,0,0,0,0,0,0,0,0,0,0,0,0,0,0,0,0,0,2,0,0,0,0,0,502,0,85,0,0,0,0,0,0,0,0,254,0,0,0,0,2,0,0,142,0,0,0,0,0,0,0,0,0,0,0,0,0,0,0,0,0,0,0,0,0,0,0,2,0,0,0,1,0,0,0,104,39,0,0,0,0,0,0,0,0,0,0,0,0,1,0,0,2,0,0,880,0,0,0,0,0,0,0,0,0,0,0,0,297,0,0,0,0,0,0,0,0,0,0,0,103,0,11,0,0,0,0,0,0,0,0,0,0,78,0,0,0,0,38,0,0,0,0,0,0,0,0,0,0,0,1,0,0,0,0,0,12,0,0,0,0,0,0,0,0,0,0,102,0,0,0,0,4,2,0,0,0,0,0,0,11,0,0,10,194,0,5116,0,0,0,0,0,0,0,0,0,0,0,0,284,0,0,0,0,0,162,112,0,0,0,0,0,1,0,0,0,64,0
0,0,0,0,0,0,0,0,0,0,0,0,0,0,8,0,24,0,0,2,0,0,0,0,0,4641,0,0,2,2,0,0,0,184,0,0,5,0,0,0,0,0,0,0,0,444,0,0,0,0,0,0,0,0,0,0,0,1,0,0,0,0,0,0,0,0,0,1,0,0,0,0,0,0,0,0,0,0,0,631,0,0,0,0,0,0,0,0,0,0,0,0,14,0,0,0,0,0,0,0,0,12,0,0,0,0,0,1187,0,0,2,0,0,0,0,0,0,0,38,1,0,0,0,1,0,0,0,0,0,0,0,42,0,0,0,0,2,0,0,0,456,0,0,0,0,0,21,0,0,0,0,0,0,0,0,0,0,0,0,126,0,0,0,0,0,0,0,1,0,0,0,0,8,0,0,0,0,0,0,0,0,0,0,0,46,0,0,0,0,0,0,43,0,0,0,0,0,0,0,0,0,0,0,0,0,148,0,0,0,0,10,0,0,0,0,0,0,0,0,0,0,0,0,0,0,0,0,0,0,0,0,0,0,0,0,0,0,0,1,0,0,0,0,0,40,0,0,0,0,0,0,0,0,0,0,65,51,0,0,0,8,0,0,8,0,0,0,0,0,3,0,0,15,0,0,0,0,0,0,1228,0,0,456,0,0,0,0,0,0,0,0,0,0,0,0,0,23,0,0,0,0
0,0,1,1,0,0,1,26,1,28,13,4,0,260,2,0,2,0,0,3,7,23,6,0,1,435,0,0,0,0,0,0,45,11,63,16,0,7,0,0,0,0,0,19,0,246,0,2,0,0,0,0,0,0,0,0,0,0,0,171,5,9,1,14,175,30,14,0,9,17,15,0,5,8,304,0,0,0,0,31,6,202,18,4,15,0,0,0,0,7,345,0,1,0,0,1,0,0,29,1,25,0,0,140,0,1,17,0,1,1,3,83,0,0,5,0,0,0,0,0,19,0,0,0,15,6,1,1,32,0,2,2,1,0,0,0,0,0,0,5,0,0,31,0,0,0,0,0,0,0,69,1,0,53,1,27,60,0,1,0,0,0,9,13,0,47,0,0,70,42,0,0,1,1,0,246,0,267,1,0,19,0,17,0,0,0,0,0,713,0,0,12,1,49,0,0,0,0,0,0,469,0,3,1,0,1,224,0,0,1,0,0,84,0,1,0,4,3,875,29,0,20,0,1,22,0,3,0,1,0,9,0,0,1,0,12,5,0,0,7,108,0,1,5,0,0,0,1,0,0,26,1,10,0,6,3,0,0,1,0,1,5,0,2,0,0,0,240,0,7,20,2,249,0,0,0,0,3,2,2382,0,0,245,0,0,0,0,2,21,30,0,7,0,0,11,4,17,9,1,8,48
64,0,0,0,0,0,0,0,0,0,0,0,0,0,7,0,0,0,0,1,0,0,0,0,0,1154,0,0,41,179,0,0,0,11,0,0,23,0,0,0,0,0,0,0,0,0,0,0,0,0,0,0,0,5,21,0,0,1,0,0,0,0,0,0,0,0,233,5,0,0,0,0,0,0,0,13,0,0,0,0,0,0,30,0,0,1,0,19,1,13,0,31,2,0,0,2,0,0,1,0,0,0,0,0,0,0,0,3021,0,43,0,0,0,1,0,5,0,1,102,3,0,0,1,1,9,0,0,0,0,0,0,0,0,4,0,0,3,0,0,0,10,0,0,0,0,0,0,0,0,0,0,0,0,0,1,0,0,0,0,0,0,0,0,0,0,0,0,5,0,0,0,0,0,0,0,0,0,0,87,0,0,0,0,0,9,0,0,0,0,0,0,94,1,0,0,0,0,0,0,0,0,0,0,0,0,127,21,12,0,9,0,0,0,0,0,0,75,0,54,0,95,0,0,0,0,0,0,0,2,0,0,0,0,76,0,0,0,0,0,39,0,0,0,0,0,0,0,0,0,0,1,0,0,0,0,7,4,0,0,0,0,0,0,13,0,0,0,0,0,822,0,0,630,0,0,0,0,0,0,2681,0,0,0,0,0,0,0,0,0,0,0,0,0,0,12,0,32,0,0,33,0
0,0,0,0,0,0,0,0,0,0,0,0,0,0,0,0,0,0,0,0,0,24,0,10,0,1040,0,0,42,0,263,0,0,17,0,0,12,17,0,2,0,0,445,0,0,203,0,0,0,0,0,0,0,0,0,0,0,0,0,463,0,70,0,0,0,0,22,0,0,23,0,0,0,0,0,0,0,0,0,304,0,0,54,0,0,0,0,0,0,32,0,0,3,0,0,0,0,0,88,0,0,0,0,0,0,0,42,721,0,95,0,0,0,29,0,0,0,0,13,0,0,0,62,2,88,0,0,0,0,0,15,127,0,0,0,0,3,0,0,0,9,0,0,0,0,0,0,0,0,1,15,0,0,1,0,0,0,0,0,0,0,0,0,492,0,0,0,0,0,0,0,1,20,0,0,0,0,51,93,0,0,0,0,0,0,0,0,0,0,0,0,50,4,0,0,0,0,0,0,0,0,0,0,0,0,0,0,0,4,25,0,0,0,0,6,0,0,0,1,0,0,64,0,0,0,1,0,0,0,13,0,0,0,1613,0,0,0,0,0,0,0,0,0,0,0,0,0,0,0,0,0,0,0,0,0,9,0,0,0,0,0,0,0,14,2,0,0,0,24,879,0,0,335,0,0,0,0,0,13,1519,0,1,256,0,0,0,0,1,34,0,0,0,0,0,83,0,0,0,0,31,6
0,0,0,0,0,0,2,13,0,0,7,4,0,0,12,8,1,0,0,71,53,38,21,0,0,1840,0,0,46,8,0,0,5,182,0,0,21,19,0,0,0,0,0,37,0,44,0,0,0,0,0,0,3,0,4,0,0,0,0,1,2,4,13,7,0,0,31,0,0,0,65,0,77,0,0,0,0,0,0,0,2,164,76,0,60,1,2,0,0,126,0,7,3,0,0,0,0,0,33,0,26,0,1,0,0,0,39,0,0,0,0,85,0,0,0,0,2,0,1,0,0,0,1,0,29,3,0,0,31,0,13,1,0,0,1,0,0,1,43,0,0,207,0,0,40,0,0,0,13,0,64,2,0,242,34,0,66,0,0,0,0,22,0,0,0,44,0,0,0,5,0,0,1,0,0,307,0,0,0,9,0,0,96,0,0,0,0,0,99,1,0,9,22,314,0,0,0,0,0,0,29,0,0,0,0,1,80,0,6,105,0,0,28,0,1,0,2,1,1261,27,15,0,0,0,0,0,0,0,0,0,0,0,24,0,0,0,1,187,0,10,87,0,0,0,0,0,0,0,0,0,0,1,0,0,5,1,0,0,4,0,0,0,0,1,0,0,0,0,0,194,5,29,152,0,0,0,0,0,11,2237,0,0,288,0,0,0,0,13,0,0,0,0,0,0,131,0,2,0,0,65,15
0,0,1,0,0,13,113,0,0,14,12,0,0,0,32,0,3,0,10,0,223,79,0,26,0,1,0,0,31,11,138,0,0,0,0,0,1,0,0,0,0,0,0,0,0,0,0,3,0,0,0,0,2,5,0,0,0,0,0,735,21,0,0,0,0,0,116,0,0,0,0,0,36,116,0,0,3,0,0,888,3,101,0,9,0,1,0,0,10,34,0,5,288,0,0,7,0,0,0,0,0,0,0,0,0,1,0,0,0,0,0,378,0,0,8,24,0,0,8,0,0,0,0,60,5,24,0,0,62,134,0,0,0,0,0,0,6,0,1,0,1,0,129,0,0,0,0,0,37,26,42,6,0,4,0,58,41,1,0,0,0,0,12,0,0,69,0,0,72,0,0,0,1,0,0,564,0,0,8,0,0,0,29,0,0,0,0,0,0,0,0,0,0,214,0,0,0,0,15,0,13,69,0,1,0,1,71,0,5,0,41,0,98,0,0,0,3,0,378,0,0,33,0,0,0,0,0,0,4,0,0,0,0,1,0,0,1,348,0,10,295,73,0,0,0,0,0,43,0,0,0,0,0,0,8,5,0,0,1,0,9,0,0,0,0,0,0,0,0,788,0,0,12,0,0,0,7,0,0,2471,0,0,16,0,0,0,2,0,0,0,0,0,0,0,13,0,35,0,0,12,0
0,0,0,0,0,0,0,0,0,0,0,0,0,0,235,0,0,0,0,0,0,36,9,3,0,1333,0,32,4,0,0,0,2,0,0,0,0,0,0,0,29,0,0,0,0,0,0,0,0,0,0,0,0,0,0,0,0,0,0,0,0,0,0,0,0,0,106,0,0,0,0,0,0,0,0,112,0,0,0,13,0,126,0,0,43,0,1,0,0,0,0,0,0,0,0,0,426,0,3,0,34,0,14,0,0,0,0,0,0,0,17,93,0,0,5,252,0,0,0,0,0,0,0,0,89,0,1,0,0,0,0,0,1,0,1,0,0,0,0,0,198,0,74,44,20,0,0,0,0,0,84,0,0,49,1,55,0,0,1,0,0,0,0,0,0,46,0,0,160,4,0,0,0,0,0,495,0,0,0,0,0,0,0,2,0,0,0,0,0,0,0,1,0,74,0,0,0,0,0,0,323,0,0,0,0,45,144,49,17,0,117,0,19,0,0,0,0,0,1511,0,0,0,0,0,153,0,0,0,0,0,0,3,0,46,0,0,5,0,75,148,0,0,0,0,3,0,0,0,0,0,0,0,0,1,0,278,152,0,0,22,0,0,0,4,0,0,0,0,9,124,0,0,767,0,0,0,0,0,0,1282,0,1,15,0,0,0,0,194,0,0,0,0,0,0,0,0,11,0,0,53,107
0,0,0,0,0,0,0,0,0,0,0,2,0,1,0,0,0,0,6,1,4,0,0,1,0,2070,0,0,2,16,103,248,0,180,0,0,34,1,0,0,0,0,0,32,0,158,0,0,0,0,0,15,0,0,3,0,0,2,0,2,0,0,0,0,0,0,22,0,0,42,1,0,0,1,0,0,0,0,0,8,0,93,4,0,14,0,0,1,0,26,0,0,28,0,0,1,0,0,82,29,0,0,0,0,0,0,0,19,18,1,5,7,10,0,6,248,0,0,0,7,0,0,0,0,0,15,145,0,54,2,1,0,0,0,0,0,0,0,0,0,0,0,36,0,32,0,1,0,0,0,73,0,0,3,0,0,0,0,0,5,4,4,0,0,0,0,0,0,40,0,1,0,0,1,0,372,0,0,33,0,0,337,18,17,8,0,0,0,221,0,0,10,2,285,0,0,0,0,0,0,8,99,0,1,0,1,53,0,19,1,0,19,30,0,1,0,1,0,1343,4,6,0,0,0,108,22,0,0,2,0,0,3,0,24,0,0,1,109,0,22,47,0,0,0,8,0,0,3,1,0,0,1,0,0,5,58,0,0,0,76,0,0,0,2,3,0,0,0,2,22,0,27,574,0,3,0,0,0,2,1637,0,0,157,0,0,0,0,1,2,0,33,0,0,0,0,3,17,0,0,174,0
0,0,0,0,0,0,15,1,0,0,8,0,0,111,62,0,0,0,0,0,7,30,13,6,0,640,0,0,16,0,1,0,30,16,0,29,11,0,0,10,0,0,0,1,0,3,0,0,0,0,0,0,0,0,0,0,3,0,0,1,14,0,0,29,0,0,0,0,0,0,0,0,0,4,0,0,0,0,0,0,0,78,0,0,0,3,1,0,0,44,0,0,75,0,0,0,0,0,25,0,0,0,0,0,0,0,0,0,0,0,0,167,0,0,11,0,0,0,0,0,17,0,0,0,39,0,1,0,109,0,0,1,0,0,1,0,2,0,1,0,0,0,0,35,0,0,0,0,52,1,41,0,0,0,0,54,0,1,0,3,0,0,0,0,0,97,0,1,75,41,0,0,1,0,1,495,0,0,0,0,0,0,47,0,0,0,0,0,0,0,0,0,0,0,0,0,0,0,0,0,486,202,0,0,20,0,100,0,10,0,0,0,28,0,1,0,1,0,387,0,0,0,0,0,0,20,0,0,0,0,0,0,0,42,0,0,0,0,0,0,0,0,0,0,0,0,5,0,0,0,0,0,0,0,0,0,0,0,0,0,4,0,0,0,0,0,0,0,0,27,0,0,1127,0,0,0,0,0,2,4848,0,0,2,0,0,0,0,0,0,0,0,0,0,0,0,0,0,100,0,15,0
17,0,0,4,0,0,0,0,0,9,3,2,3,315,0,6,0,0,0,0,0,32,0,0,0,2360,0,0,100,15,1,13,0,0,0,0,8,0,0,0,0,0,0,0,0,0,126,1,0,0,0,0,1,3,0,0,0,0,0,104,0,0,0,2,0,2,15,0,0,92,96,0,6,0,0,2,6,0,0,136,11,91,0,0,0,0,0,0,3,0,0,8,51,0,0,0,6,0,0,7,13,0,0,0,0,1,0,0,0,1,0,51,1,0,5,0,0,0,1,0,28,0,1,0,0,0,1,0,0,1,0,0,0,0,3,0,34,0,0,0,1,0,0,0,0,0,0,39,0,0,101,0,0,4,1,115,54,0,0,0,14,18,0,0,0,58,0,0,106,44,1,0,0,0,0,330,11,0,0,0,0,0,43,0,0,0,0,0,0,1,39,0,0,178,0,0,1,1,0,0,11,0,0,0,0,1,105,14,0,0,0,0,115,0,0,8,4,0,1176,0,11,0,0,0,51,0,0,0,0,0,0,0,55,0,173,0,2,0,0,62,275,0,0,0,0,0,0,1,0,0,0,4,0,0,7,4,5,0,0,0,7,0,0,44,41,0,0,0,0,18,0,0,768,0,0,0,12,2,0,1388,0,0,272,0,0,23,0,0,0,0,0,0,0,0,91,4,292,0,0,2,0
0,6,0,0,0,0,0,0,0,18,5,0,1,123,1,0,0,0,7,2,158,0,12,5,0,2398,0,1,21,1,1,0,0,102,0,0,4,47,0,0,0,0,0,0,0,168,0,0,3,0,1,5,0,0,28,0,0,0,0,336,9,0,0,86,0,0,156,0,2,0,0,0,0,0,0,0,2,0,0,414,0,169,138,3,0,2,0,1,5,0,0,9,0,0,0,1,0,1,0,61,0,0,0,0,0,1,0,0,0,1,10,46,0,0,0,0,1,0,0,2,0,0,0,0,149,226,1,0,59,6,0,0,1,0,0,0,0,0,1,0,0,0,0,0,13,0,43,0,0,0,71,0,0,56,101,227,14,0,0,0,13,0,0,0,1,0,0,0,24,10,0,0,1,0,0,243,3,0,45,0,0,66,47,0,0,0,0,0,0,3,0,0,2,198,0,0,0,0,0,0,2,49,0,3,0,2,73,0,3,3,0,0,317,0,0,0,0,29,433,7,0,0,0,0,14,0,0,0,0,6,0,3,20,520,8,0,20,0,12,5,33,0,0,0,0,0,0,0,0,0,0,0,17,0,55,132,34,0,0,43,0,0,1,11,0,0,0,29,2,2,0,0,5,0,1,1,0,1,0,1437,0,4,267,0,0,1,0,0,18,114,0,0,0,0,0,0,12,0,0,62,0
0,0,5,1,0,0,6,0,0,0,0,0,0,0,46,0,0,0,0,36,115,40,0,0,0,0,0,0,0,121,0,0,0,0,0,0,0,0,0,0,0,0,0,139,0,318,0,7,0,0,1,0,0,0,53,0,0,4,0,25,0,0,0,0,0,0,0,0,0,0,89,0,0,13,46,0,0,0,0,132,0,3,757,0,0,0,0,0,0,54,948,5,49,0,0,39,0,0,0,0,0,1,0,0,0,0,262,565,0,0,0,52,0,0,0,0,0,0,256,1,0,0,0,0,57,0,88,0,0,0,0,0,0,0,0,1,28,0,0,0,0,0,0,0,0,0,0,2,0,25,6,0,0,0,1,0,0,0,0,0,0,0,0,0,0,0,0,4,0,2,0,0,0,0,0,0,0,11,1236,3,0,0,0,2,91,41,0,0,161,0,10,89,1,2,0,1,0,2,0,0,0,4,0,34,0,0,0,0,1,2,0,0,0,0,13,0,217,39,378,0,106,0,0,21,0,0,0,0,0,0,0,0,0,429,0,0,2,0,1,0,0,0,0,0,0,0,1,2,0,0,5,0,71,0,10,123,0,0,0,395,6,41,0,0,0,0,0,75,0,0,82,0,0,0,0,0,0,0,0,945,0,0,596,0,0,0,0,0,0,0,0,0,0,0,148,0,45,104,0,55,0
0,0,0,0,0,0,23,0,0,0,2,0,0,0,8,0,0,0,0,3,5,38,8,0,0,2720,0,0,0,2,0,0,32,0,0,0,6,6,0,0,0,0,0,21,0,83,0,0,0,0,0,0,0,0,13,0,0,0,0,8,9,5,2,28,0,0,48,0,0,0,8,0,4,91,0,0,0,0,0,11,0,73,8,0,268,0,0,0,0,101,28,0,0,0,0,0,0,0,34,0,0,0,0,0,0,0,0,0,0,0,0,50,0,0,9,0,0,0,0,0,0,0,0,0,0,884,2,0,217,0,2,8,0,0,0,0,0,0,1,0,0,0,0,0,0,0,0,0,0,0,0,0,0,0,1,0,54,0,0,0,0,0,6,59,0,0,0,0,43,47,0,0,1,0,0,157,0,6,0,0,0,0,27,0,0,0,0,0,542,0,0,40,0,51,0,0,0,0,0,0,536,0,0,0,1,1,0,0,0,3,0,0,240,0,1,0,1,0,99,26,0,0,0,0,0,0,7,0,0,0,42,3,0,1,97,0,0,0,0,84,57,0,0,0,0,0,0,0,0,0,133,0,0,0,30,0,3,0,0,6,0,0,0,0,0,0,0,0,0,1,0,0,936,0,0,0,0,0,0,1723,0,0,18,0,0,0,1,0,0,1,0,0,0,0,1,0,41,10,0,0,0
0,0,1,0,0,2,26,26,0,1,0,0,0,0,41,0,2,0,1,1,37,49,0,0,1,957,2,0,0,5,0,0,0,0,0,0,0,71,0,0,0,0,1,17,0,90,0,5,0,0,1,0,0,2,18,2,0,0,0,42,0,3,0,34,0,7,7,0,0,27,6,0,1,12,469,0,0,0,0,20,0,0,6,0,96,1,0,0,0,53,0,24,0,10,0,0,1,0,0,0,0,1,15,0,2,1,189,2160,0,55,0,0,0,44,0,0,1,0,7,0,0,0,0,3,97,0,69,0,0,140,2,1,0,0,0,0,429,0,0,0,68,2,0,0,0,0,4,1,2,0,5,33,0,32,3,0,1,0,0,146,0,4,0,2,0,0,0,0,2,0,3,0,0,0,0,0,3,1,118,4,0,0,0,0,1,0,0,0,66,0,0,33,0,0,0,0,0,1,0,1,0,0,0,2,0,200,4,0,1,0,4,1,0,0,1,0,182,4,1,5,17,1,6,0,0,0,18,0,46,8,45,0,1,234,2,0,4,0,0,15,0,0,0,0,1,0,0,0,0,0,267,3,3,0,16,11,18,0,5,1,8,0,0,3,1,0,5,0,37,9,28,5,0,0,0,0,2,0,2,2618,0,0,51,0,0,3,0,0,16,26,0,0,0,0,94,2,12,0,0,25,0
0,0,0,0,0,0,3,1,0,0,0,0,0,0,83,0,0,0,0,5,0,9,0,0,0,728,0,4,0,19,0,52,0,0,0,0,0,2,0,0,0,1,0,0,0,0,0,4,0,0,1,0,0,0,8,0,0,0,0,1,0,0,0,0,0,0,146,0,0,0,6,0,0,16,0,0,0,0,0,43,13,1,0,0,66,0,4,0,0,15,0,12,393,8,0,0,0,0,0,0,0,213,0,0,6,0,0,0,0,0,0,0,0,0,7,0,0,0,25,1,0,0,0,39,87,0,0,0,0,0,0,63,0,0,0,0,3,0,0,0,628,0,0,0,0,0,11,0,0,0,7,37,0,7,0,0,0,0,0,0,0,0,0,0,0,0,0,0,0,0,7,0,0,0,0,0,0,0,8,0,0,0,0,0,0,0,0,0,0,0,0,38,0,1,0,0,0,0,0,0,2,0,0,29,0,16,0,0,0,0,1,0,0,3,6,0,21,19,62,0,0,0,0,0,0,124,0,0,43,0,0,0,0,1593,0,0,3,0,0,0,1,0,0,0,0,0,0,0,0,0,0,0,6,0,15,91,21,0,1,207,0,0,0,0,0,0,0,0,0,3411,0,41,0,0,0,1,8,2,0,1368,0,0,0,0,0,0,0,0,4,0,0,0,0,0,0,1,7,0,0,61,0
0,0,1,0,0,0,0,2,0,1,3,0,0,0,21,0,0,0,0,1,25,16,0,1,0,2895,0,0,1,30,0,0,0,13,0,0,0,68,1,0,0,0,153,63,0,194,0,1,0,0,5,0,0,0,40,1,0,0,0,116,0,21,0,59,0,10,142,0,0,0,16,1,0,0,0,0,0,0,0,46,0,2,23,0,14,1,0,0,0,2,28,7,0,0,0,19,0,1,4,0,0,0,0,8,1,1,120,1113,0,26,0,0,0,0,0,0,64,0,80,0,0,0,0,0,44,7,0,0,1,0,12,6,0,0,0,0,1,1,0,0,580,0,0,0,0,0,19,5,0,6,17,0,0,0,1,0,0,0,0,40,0,4,0,167,0,0,1,0,0,0,5,0,0,0,0,0,0,11,29,1,0,0,0,4,2,0,0,0,0,11,0,13,1,0,0,0,0,1,0,0,0,0,0,1000,0,6,0,0,0,0,0,0,3,0,1,0,26,130,272,0,0,30,0,0,0,0,14,0,18,0,113,0,1,69,0,3,4,0,0,2,0,0,0,0,1,0,0,0,0,14,0,3,15,0,2,79,13,1,1,35,2,11,0,1,0,0,0,2,4,885,0,7,265,0,0,0,0,0,1,162,0,0,214,0,0,0,0,0,30,39,0,6,0,0,3,0,2,0,0,69,0
0,84,0,0,0,0,1,0,0,0,0,0,0,0,0,0,17,0,11,0,29,16,8,0,0,2095,0,0,2,0,0,17,0,54,0,0,0,0,0,0,0,0,67,32,0,177,0,0,0,0,0,0,0,0,0,0,0,0,0,49,0,0,0,0,182,0,40,0,0,74,62,0,0,6,0,0,0,0,0,15,0,217,409,14,0,0,455,0,0,24,0,0,0,0,0,0,0,8,0,0,0,0,0,18,0,0,0,1,0,0,0,142,0,0,11,0,0,0,0,12,0,0,0,0,41,227,0,1,169,0,0,0,0,0,0,0,0,0,0,0,0,0,47,0,4,23,0,0,0,0,196,0,0,0,1,0,0,0,1,0,0,0,0,0,0,0,0,0,0,77,0,0,1,0,0,349,0,0,0,0,0,226,15,15,12,0,0,1,0,0,0,5,0,114,0,0,0,0,0,0,8,0,0,240,0,0,192,7,0,0,0,14,6,0,0,0,0,73,270,4,30,0,0,0,0,120,65,0,0,0,57,9,0,0,0,0,0,0,0,111,89,0,0,0,0,0,0,0,0,0,0,0,0,0,0,0,0,0,1,4,0,0,0,0,0,0,0,0,0,29,0,8,360,0,0,0,0,0,0,2045,0,1,126,0,0,0,0,0,0,105,0,112,0,0,0,0,4,0,0,44,0
0,0,0,0,0,0,0,32,0,0,0,0,0,0,0,0,0,0,0,40,101,42,0,0,0,0,0,0,189,120,303,17,0,13,0,0,12,126,0,0,0,0,0,59,0,1786,0,1,0,0,0,0,0,0,14,0,0,0,24,26,0,19,0,0,0,0,103,0,0,423,0,0,0,18,0,0,0,0,0,102,0,0,259,0,0,0,117,0,0,0,0,0,0,0,24,0,0,0,50,0,4,0,0,0,0,2,0,137,2,93,0,0,0,2,0,0,0,0,16,0,0,16,0,0,0,135,0,0,30,0,148,2333,0,0,0,0,0,0,0,4,10,0,0,0,0,0,6,0,0,0,18,93,4,29,0,0,0,0,13,98,0,0,0,3,0,0,0,0,0,0,2,0,1,0,0,9,0,4,258,1,0,0,0,3,5,0,0,0,37,0,0,69,2,0,0,0,0,0,0,0,0,0,0,0,599,31,1,0,0,0,0,0,100,5,0,0,70,3,0,13,15,6,320,0,0,0,109,0,3,0,32,0,0,206,0,0,2,0,0,0,0,0,0,0,0,0,0,0,0,0,0,1,28,0,0,1,2,0,8,75,1,0,0,2,0,0,0,7,0,2,91,15,0,0,0,0,0,0,0,359,0,0,148,0,0,0,0,0,0,33,0,0,0,0,11,6,0,0,1,0,92
0,0,0,0,0,0,10,0,0,23,11,0,0,108,280,0,2,2,5,0,0,161,0,0,0,1932,0,0,51,12,0,0,0,76,0,0,209,32,0,0,0,0,0,0,0,0,0,1,0,0,4,0,0,0,0,9,0,0,0,204,8,0,0,21,0,8,258,0,0,0,38,42,6,0,0,0,2,0,6,429,0,56,0,28,0,9,0,0,6,33,0,58,0,0,0,0,0,0,0,0,0,0,1,0,0,0,0,0,0,0,10,23,0,0,9,0,0,0,43,0,20,0,0,0,343,0,163,0,45,0,0,0,1,0,1,0,0,0,1,0,0,0,0,12,82,0,8,0,37,70,0,0,0,9,1,0,2,0,0,0,1,19,0,0,1,0,2,0,31,4,2,30,1,0,0,260,3,0,0,0,0,129,19,0,15,0,0,0,0,0,0,29,0,27,0,0,0,0,0,0,1,87,0,14,0,11,82,0,3,6,3,0,26,0,9,0,45,0,1032,0,0,0,0,0,0,0,0,0,15,0,0,2,0,43,46,0,1,320,0,239,35,0,0,0,0,1,2,0,0,0,0,0,21,0,10,115,0,0,4,10,0,0,0,3,0,0,0,0,24,18,0,0,143,0,1,0,4,2,0,1557,0,0,187,2,0,0,0,0,0,3,0,0,0,0,0,0,212,0,0,72,0
0,0,0,0,0,0,3,36,0,0,0,0,0,38,0,4,0,0,0,0,144,0,0,1,0,569,0,0,15,3,39,0,0,0,0,0,7,94,0,0,2,0,0,0,0,0,0,0,0,0,0,0,0,0,0,0,0,0,0,2,0,0,1,0,0,0,2,0,0,0,0,0,0,0,0,0,0,0,0,89,0,0,0,0,110,6,0,0,0,344,0,4,0,0,0,0,0,0,107,133,0,0,0,0,0,0,0,920,0,0,0,0,0,92,0,1,0,0,0,0,0,0,0,0,1032,0,0,0,0,0,215,494,0,0,0,0,16,0,0,0,737,0,0,0,0,0,4,2,0,0,15,0,0,0,0,0,0,0,0,58,0,0,0,485,0,0,0,0,0,0,0,0,0,0,0,0,0,0,0,0,0,0,0,0,0,0,0,0,0,0,0,53,0,4,0,0,0,0,0,0,0,0,0,0,0,9,1,0,2,11,0,0,0,0,4,0,15,0,3,18,0,0,0,0,0,0,0,0,0,0,58,0,0,156,0,0,0,0,0,0,0,0,0,0,0,0,0,2,0,0,0,8,8,0,0,1,67,0,6,0,0,0,0,2,0,0,0,0,0,1197,0,7,168,0,0,0,0,0,6,2264,0,0,24,0,0,0,0,2,0,0,0,0,0,0,27,0,13,0,0,42,0
0,0,0,0,0,0,0,5,0,16,3,0,0,368,0,0,2,1,6,0,50,19,0,0,0,1223,1,0,4,2,1,0,0,34,0,0,4,1,0,0,0,0,0,68,0,20,0,0,0,0,0,0,1,0,0,1,0,0,0,12,2,0,0,1,16,0,45,0,9,0,9,0,0,64,0,0,1,0,0,15,0,56,1,0,135,3,1,0,0,7,0,2,37,0,0,0,0,0,50,0,7,0,0,110,0,1,0,0,0,0,0,2,0,0,0,44,0,0,1,0,0,0,0,0,87,32,0,0,11,85,0,0,0,0,1,0,0,0,1,0,0,0,0,0,3,0,0,0,0,0,0,4,0,6,1,51,2,0,0,0,0,5,3,0,0,0,0,0,30,2,0,0,1,0,0,323,0,0,2,4,0,59,16,0,0,0,0,0,0,1,0,1,0,0,0,0,0,1,0,0,5,0,0,1,0,1,31,6,0,0,0,0,201,0,1,0,3,1,60,0,1,7,0,1,19,0,0,0,15,0,5,1,23,14,0,0,2,0,0,8,27,0,0,0,0,0,0,0,1,1,0,1,3,0,3,1,3,0,5,0,0,0,0,1,0,0,0,0,4,5060,0,4,153,0,0,0,389,1,1,595,1,0,106,0,0,0,0,0,35,17,0,0,0,0,0,2,1,0,0,1,0
0,0,0,0,37,0,4,153,0,5,0,7,0,206,4,0,71,0,0,0,3,107,9,26,0,143,0,0,73,0,572,0,0,42,0,0,37,5,0,0,0,0,0,0,0,112,0,1,0,0,0,0,0,0,4,0,0,4,0,90,0,11,0,0,71,0,76,0,0,402,16,0,0,0,0,0,0,0,0,273,0,196,437,8,0,0,306,0,0,41,0,0,214,0,0,11,0,0,46,0,44,0,0,0,0,0,0,0,0,0,0,87,0,0,19,0,0,0,4,0,0,1,1,0,0,167,311,0,34,0,0,1,1,0,0,0,0,0,0,8,1,0,0,0,32,0,0,0,0,18,32,0,0,17,0,271,0,0,0,8,0,0,0,1,0,0,0,0,0,12,35,0,1,0,0,218,0,65,136,0,0,162,22,0,3,0,0,0,0,0,143,3,18,373,0,0,0,0,0,0,0,0,1,0,0,5,287,0,17,0,0,0,16,36,0,0,71,0,277,33,0,4,0,0,36,0,1,0,24,16,10,0,0,1193,0,0,17,0,11,0,67,0,0,0,0,0,0,0,0,0,0,6,14,0,0,25,3,0,3,0,1,20,0,6,0,0,0,0,0,32,0,25,358,0,0,5,0,0,6,836,0,0,155,0,0,0,0,0,33,44,0,0,0,0,89,78,64,0,0,14,0
0,0,0,0,0,0,12,0,0,0,0,0,0,4,0,0,0,0,0,0,0,0,0,0,0,18,0,0,0,0,0,0,0,0,0,0,0,0,0,0,0,0,0,0,0,0,0,0,0,0,0,0,0,0,0,0,0,0,0,0,0,0,0,0,0,0,0,0,0,0,0,0,0,0,0,0,0,0,0,0,0,0,0,0,0,0,0,0,0,265,0,0,11,0,0,0,0,0,0,0,0,0,0,0,34,0,0,3042,0,0,0,0,0,472,0,0,0,0,0,0,0,0,0,17,0,0,0,0,0,0,0,0,0,0,0,0,0,0,0,0,0,0,0,0,0,0,0,0,0,0,0,0,0,0,0,0,0,0,0,0,0,0,0,0,0,0,0,0,0,0,0,0,106,0,0,0,0,0,0,0,0,0,0,0,0,0,23,0,0,0,0,0,0,0,0,0,0,0,0,0,0,0,0,0,0,0,0,0,0,0,0,0,0,0,0,0,0,0,0,0,0,0,0,0,0,36,0,0,0,0,0,0,0,0,0,0,0,0,0,0,0,0,0,0,0,0,0,0,0,0,0,0,0,0,0,0,0,0,0,0,0,0,0,0,0,0,0,0,0,216,0,0,5712,0,0,0,0,0,0,0,0,0,0,0,0,0,0,0,0,0,0,0,0,0,0,0,0,0,0,0,33
0,0,0,1,39,0,0,2,0,6,19,0,1,0,0,0,7,1,9,0,0,33,9,1,0,268,1,1,13,1,340,0,0,153,0,0,11,17,0,0,21,0,0,49,0,174,0,3,0,0,0,0,2,0,0,0,0,0,0,14,3,0,0,6,0,0,75,2,0,0,6,19,9,31,0,3,0,0,0,44,0,126,184,7,0,0,106,0,0,0,0,0,0,0,0,0,0,0,61,44,36,0,0,0,0,0,0,0,0,2,7,101,0,0,40,0,0,0,21,0,4,6,1,0,23,57,3,0,49,315,0,0,0,0,0,0,1,0,0,15,1,0,0,20,63,58,0,0,0,2,150,0,0,4,0,126,4,0,5,13,28,41,2,178,0,0,0,0,73,11,0,0,1,0,0,1214,0,0,3,13,0,0,151,0,0,0,0,0,647,24,0,3,4,0,0,0,0,0,0,0,0,0,0,0,0,6,486,9,5,1,8,0,58,0,1,0,0,0,570,0,17,19,1,0,0,0,0,0,2,15,10,0,0,46,58,0,3,0,13,232,145,0,0,0,3,0,0,0,3,0,0,1,0,0,9,2,3,0,1,24,1,0,0,1,9,0,0,0,0,264,0,2,362,4,0,0,0,0,19,1124,0,0,737,2,0,185,0,12,24,2,0,0,0,0,0,3,12,0,0,48,0
0,1,0,0,0,0,3,0,0,0,0,0,0,0,0,0,62,0,0,0,0,0,0,0,0,4235,0,0,0,0,0,0,0,65,0,0,10,3,0,1,0,0,0,0,0,214,0,0,0,0,0,0,0,0,0,0,0,0,0,375,0,9,0,0,0,5,274,0,0,0,0,0,0,0,0,100,0,0,0,0,0,0,0,0,67,6,0,0,0,10,0,0,206,0,0,0,0,0,8,0,0,0,0,0,0,0,0,748,0,0,0,0,0,0,0,0,40,0,100,0,0,0,0,2,63,0,0,0,5,0,0,0,0,0,0,0,116,0,0,0,0,0,0,0,0,0,0,0,0,0,7,0,0,0,0,0,0,0,0,58,0,0,0,197,0,0,0,0,0,0,0,0,0,0,0,0,0,36,0,0,0,0,0,0,0,0,0,0,0,0,0,226,0,0,277,0,0,3,0,0,0,0,0,0,0,0,0,0,0,0,0,0,0,0,0,0,0,0,0,0,0,0,0,0,0,15,0,0,74,0,0,0,0,810,0,0,0,0,0,170,0,0,0,0,0,0,0,0,0,0,0,0,0,2,0,0,0,0,0,0,0,0,0,13,0,0,0,0,0,60,0,0,544,0,2,0,0,0,0,20,0,0,637,0,0,24,0,0,0,0,0,0,0,0,0,0,43,0,0,58,0
0,0,0,0,0,0,1,0,0,0,0,0,0,0,0,0,0,0,0,0,82,71,40,0,0,2,0,0,0,0,3,302,0,32,0,0,0,0,0,0,0,0,21,15,0,1,0,0,0,0,0,0,1,0,0,0,0,0,0,0,0,0,0,0,66,14,196,0,3,0,8,0,0,0,0,0,0,0,0,53,0,616,673,0,14,54,0,0,0,16,0,0,0,0,0,35,0,0,0,2,0,0,0,0,0,0,0,4,0,0,0,734,4,0,31,0,0,0,0,0,11,0,0,0,18,154,0,0,97,40,0,0,0,0,0,0,0,0,20,0,0,0,0,0,0,0,0,0,0,0,38,0,0,0,2,504,0,0,0,0,0,0,7,0,0,0,0,0,115,22,0,0,1,0,0,360,0,0,0,0,0,226,34,0,0,0,0,0,649,0,0,0,0,202,0,0,0,0,0,0,25,0,0,394,0,0,0,0,0,0,0,0,76,0,0,0,0,0,1822,0,0,0,0,0,0,0,0,0,1,0,0,0,0,0,0,0,0,0,0,157,0,35,0,0,3,0,0,0,0,0,0,0,0,0,44,0,0,0,0,12,0,0,0,0,0,0,0,0,0,701,0,5,187,0,0,0,0,0,0,353,0,0,140,0,0,0,62,0,0,24,289,0,0,0,58,0,8,0,0,13,0
0,1,0,0,0,5,2,0,0,0,0,0,8,198,6,0,12,0,0,0,0,0,0,0,0,747,0,0,302,0,0,0,0,0,0,0,0,846,0,0,1,0,0,0,0,0,0,0,0,0,1,0,0,0,96,0,0,0,0,0,0,14,2,0,0,0,81,0,0,0,0,0,0,0,0,107,0,0,0,287,0,0,0,0,4,0,0,0,0,0,0,108,71,0,0,0,0,0,0,0,0,0,0,0,0,0,0,419,0,0,0,0,0,0,0,0,0,0,115,0,0,0,49,2,56,0,1574,0,0,0,95,78,0,0,0,0,63,0,0,0,33,0,0,0,0,0,0,0,0,0,0,0,4,0,0,0,0,0,0,48,0,0,0,0,5,0,0,0,0,0,0,0,0,0,0,0,0,0,0,0,0,0,0,0,0,0,0,0,0,0,0,0,6,0,0,0,86,0,0,4,0,0,0,0,0,259,6,27,0,14,0,0,0,0,0,0,0,0,19,0,0,0,0,0,0,0,0,5,0,0,153,0,0,36,0,0,0,0,0,2,0,0,0,0,0,0,0,0,0,0,0,0,0,0,0,0,27,0,0,0,0,0,15,0,0,0,0,0,0,17,0,0,0,2,0,0,0,0,0,2539,0,2,119,0,1021,0,0,6,132,37,0,0,0,0,0,0,31,0,0,0,0
0,0,0,0,0,0,31,0,0,0,0,0,1,0,16,0,0,0,0,0,0,76,33,5,0,1,0,0,7,0,0,0,0,0,0,0,0,0,0,10,31,0,0,0,0,21,0,0,7,0,0,0,0,0,0,0,0,0,0,0,0,0,2,0,0,0,14,0,0,59,0,0,0,0,0,0,0,0,0,27,0,128,0,0,0,0,2,0,0,0,0,29,95,0,0,2,3,0,0,55,45,0,0,0,0,0,0,0,0,0,0,143,0,0,0,0,0,0,0,5,0,0,1,0,0,0,0,0,0,0,0,0,0,0,0,0,0,0,0,0,1,0,0,0,0,0,0,0,0,8,0,0,0,0,1,313,23,0,0,0,13,0,0,1,0,78,0,0,0,24,0,0,1,0,0,1523,0,0,0,0,0,0,59,0,0,0,0,0,0,0,0,0,6,101,0,3,0,0,0,0,0,0,0,0,0,1,517,0,21,0,0,0,30,0,0,0,4,0,1466,0,0,0,0,0,70,0,0,0,0,0,0,0,0,22,236,0,0,0,16,13,376,0,0,0,0,0,0,0,0,0,214,0,0,0,0,2,2,0,0,0,0,0,0,0,0,0,0,0,0,332,0,0,0,0,0,0,0,0,0,3639,0,0,0,0,0,0,0,0,0,0,0,0,0,0,0,0,38,0,0,0,0
0,0,0,0,0,0,1,78,0,1,3,0,0,0,1,0,2,0,0,0,70,87,0,0,0,1935,2,0,1,0,0,0,0,1,0,0,0,11,0,0,0,0,0,0,0,40,0,1,0,0,0,0,0,0,0,0,0,0,0,131,0,37,0,1,0,1,0,0,1,0,0,0,0,137,32,0,0,0,0,52,0,1,12,0,0,1,0,0,0,46,1,1,0,0,0,0,1,0,67,0,0,0,0,0,0,0,0,622,0,8,0,0,0,998,0,0,0,0,9,0,0,0,26,1,824,7,24,0,3,0,24,229,0,0,0,0,1,1,0,0,4,0,0,0,0,0,4,0,0,2,38,2,0,0,1,0,0,0,0,107,0,0,0,150,0,0,0,0,0,2,4,0,1,0,0,0,0,92,0,0,0,0,0,10,17,0,0,0,0,0,5,158,0,0,0,0,0,2,0,68,0,0,0,1,0,4,0,0,1,0,0,0,0,0,16,0,0,0,255,0,74,20,0,0,0,0,0,0,0,0,180,0,0,196,0,0,1,0,1,1,0,0,0,0,0,28,0,0,0,0,9,2,0,0,22,0,1,0,70,0,3,0,0,1,1,0,0,0,3,1,0,0,0,0,0,0,3,1,0,2296,0,0,101,0,0,5,0,0,42,40,0,0,0,0,258,3,7,0,0,143,16
0,1,0,0,0,0,1,0,0,0,0,0,0,0,7,0,1,0,0,0,0,1,0,0,0,2536,1,0,1,0,0,0,0,46,0,0,0,1,0,0,0,0,228,0,0,297,0,1,0,0,0,0,0,0,8,0,0,0,0,25,0,0,0,0,0,0,70,0,0,0,41,0,0,0,0,0,0,0,0,3,0,1,71,0,0,0,119,0,0,0,0,0,0,0,0,0,20,0,0,0,0,0,0,0,1,0,0,610,0,0,0,0,0,0,0,0,0,0,4,0,0,0,0,0,0,0,0,0,0,14,9,0,0,0,0,0,23,0,0,1,9,0,0,0,0,0,1,0,0,0,8,0,0,0,0,0,0,0,0,130,0,0,0,1724,0,0,0,0,0,0,1,0,0,0,0,0,0,0,69,5,0,0,0,0,0,0,0,0,0,0,0,42,0,0,0,0,0,0,0,1,0,0,0,3,0,1,1,0,0,0,1,0,0,0,0,0,0,7,0,0,2,1,0,0,0,0,46,0,155,5,0,0,0,891,0,0,0,0,0,1,1,0,0,16,8,0,0,0,0,0,0,0,0,0,0,8,1,0,0,224,6,0,0,1,0,0,37,0,0,23,0,7,37,0,0,0,0,0,0,2069,0,0,9,0,0,20,0,258,4,13,0,0,0,0,0,0,2,0,0,13,0
0,0,7,0,0,0,0,10,2,0,2,0,0,188,4,0,0,0,0,39,62,47,0,0,3,116,0,0,0,24,401,0,4,0,0,0,16,260,0,0,0,0,45,26,0,95,0,0,0,0,0,0,0,0,0,1,0,0,0,0,1,25,0,0,0,0,475,0,0,0,386,0,0,55,215,0,0,0,0,418,4,4,133,0,487,1,0,1,0,18,0,0,0,0,0,0,0,0,24,0,0,0,7,2,0,0,1,662,0,0,0,21,0,102,0,0,0,0,37,0,0,0,0,1,65,0,0,7,316,55,75,66,0,0,2,0,0,0,0,0,0,0,0,1,0,0,54,1,1,1,10,23,0,0,0,0,0,0,75,37,0,0,0,0,0,0,0,0,0,0,0,0,0,0,0,0,0,0,57,1,0,0,0,0,0,0,0,3,85,0,0,172,0,0,14,0,0,2,0,0,3,0,0,1089,1,3,0,0,0,0,0,0,7,4,41,0,41,167,4,1,0,22,0,0,0,0,270,0,54,0,137,0,1,52,0,2,0,0,0,8,0,44,0,46,0,0,0,0,0,0,1,0,11,0,27,0,9,0,45,0,7,15,0,12,0,1,0,0,0,95,0,47,0,0,0,0,0,0,2,1517,2,0,386,0,0,0,0,1,89,65,28,0,0,0,21,2,0,45,0,28,0
0,0,0,0,0,0,2,0,0,0,0,0,0,0,36,0,10,0,5,0,0,23,5,0,0,1666,0,0,5,0,266,54,3,204,0,0,0,1,0,0,0,0,0,0,0,192,0,1,0,0,0,0,0,0,0,0,0,0,0,3,0,0,0,1,0,0,0,0,53,23,0,0,0,0,0,0,0,0,0,34,0,27,72,0,0,0,0,0,0,0,0,0,22,0,0,0,0,0,0,0,0,76,0,0,0,0,0,116,0,0,0,463,0,61,0,0,0,0,86,7,2,0,0,0,194,0,0,0,19,0,0,0,0,0,0,0,18,0,0,0,0,0,11,0,0,251,4,0,0,0,8,0,0,0,0,0,0,0,0,54,0,0,0,0,0,0,0,0,0,0,0,17,1,0,0,0,0,0,40,0,0,0,0,0,7,6,0,0,0,0,0,20,1,0,0,3,0,0,0,0,0,0,0,14,827,8,0,5,0,1,3,0,14,0,0,0,158,0,0,0,2,16,0,0,0,0,0,0,0,0,10,0,0,907,0,0,2,17,0,0,0,0,0,0,0,0,0,0,0,0,0,0,0,2,0,26,0,0,0,1,6,0,0,0,0,0,0,0,0,15,0,0,423,0,0,0,0,0,0,2636,0,1,53,0,577,0,0,0,0,2,38,0,0,1,34,0,11,0,0,22,0
0,0,0,0,0,0,0,0,0,0,0,1,0,0,100,0,0,0,0,0,0,0,4,1,0,1455,0,0,2,7,0,0,0,7,0,0,3,1,0,0,0,0,0,1,0,1,0,0,0,0,0,0,0,0,0,0,0,0,0,0,0,0,0,0,0,0,144,0,0,0,0,0,0,1,0,0,0,0,0,0,0,51,0,0,1,0,41,0,0,0,0,32,0,0,0,0,0,0,1,0,17,0,0,0,0,1,0,64,0,0,0,55,0,0,0,0,0,0,0,0,17,0,0,0,0,9,0,0,0,0,0,0,0,0,0,0,0,0,0,0,0,0,0,0,1,0,0,0,0,0,8,0,0,0,1,0,0,0,0,1,0,10,0,0,0,26,0,0,0,12,0,0,0,0,0,92,0,0,0,0,0,0,0,0,0,0,0,0,0,23,49,0,0,0,0,0,0,0,0,0,1,0,0,0,0,0,120,0,0,2,0,0,22,0,0,0,0,0,46,0,0,0,0,0,22,0,0,0,0,0,0,2,0,382,0,0,0,0,14,0,31,0,0,0,0,0,0,0,1,0,0,1,0,0,0,77,0,0,0,0,0,0,0,2,0,0,0,0,0,6460,0,0,433,0,0,0,0,0,1,128,0,0,5,0,0,0,0,0,1,0,0,0,0,0,4,2,0,0,0,9,0
0,0,0,0,0,0,1,0,0,0,13,2,0,0,23,0,55,0,0,0,0,43,5,0,0,0,0,0,2,35,146,0,6,18,0,182,128,111,0,0,0,0,0,0,0,0,109,0,0,1,0,0,0,0,0,0,0,1,0,170,8,0,2,123,34,0,0,0,0,14,0,0,0,0,0,0,0,0,0,39,0,203,0,0,0,15,0,0,7,72,0,0,1,0,0,7,0,0,0,0,25,0,0,0,0,0,0,0,0,0,0,16,0,0,0,23,0,0,0,0,0,0,0,0,12,0,1,0,1401,0,0,0,0,0,47,0,0,0,0,0,0,0,44,0,0,1,0,0,0,0,105,0,0,0,1,0,48,1,0,0,0,0,0,0,31,43,0,0,0,87,0,0,1,0,0,316,0,0,0,0,0,0,71,0,0,0,1,0,302,0,0,19,3,45,0,3,0,0,0,0,472,105,0,0,0,1,147,37,0,2,0,0,30,0,0,0,0,0,1461,0,16,0,0,0,37,0,0,0,0,0,0,31,0,0,69,0,0,0,9,9,0,0,0,0,0,0,8,0,0,0,0,0,28,0,0,4,0,0,0,0,1,0,0,0,0,0,0,28,0,1,20,4,48,0,1,0,0,0,2,2640,0,0,123,0,15,0,0,0,0,0,0,0,0,0,238,0,1,0,0,193,0
0,10,0,0,0,0,0,0,0,0,0,0,0,216,7,0,0,12,0,0,43,0,0,6,0,0,0,0,0,0,607,0,0,425,0,0,201,495,0,0,0,0,0,0,0,0,0,0,0,0,0,0,0,0,0,0,0,0,0,517,0,0,0,0,0,0,76,0,0,0,0,0,0,12,30,0,0,0,0,798,0,0,0,0,0,0,0,0,0,100,0,11,0,0,0,0,0,0,0,0,0,0,0,0,1,0,0,636,0,741,0,0,0,0,0,0,0,0,0,0,0,0,0,0,0,12,0,0,0,0,0,162,0,5,0,12,148,0,0,0,0,0,0,0,0,0,0,0,0,0,9,110,56,3,0,0,0,0,0,152,0,0,0,0,0,0,0,0,0,0,37,0,0,0,45,0,0,0,210,0,0,0,0,0,0,0,0,0,0,0,0,0,0,22,0,0,0,0,0,0,0,0,0,6,0,400,42,0,0,0,0,0,0,0,0,0,374,0,0,0,0,47,0,0,0,0,0,0,0,0,254,1,0,1375,0,0,0,0,0,0,0,0,78,0,0,29,0,0,0,0,0,9,0,0,0,0,243,0,0,0,0,0,0,0,0,0,0,0,0,1005,0,0,16,0,1,0,0,0,72,0,0,0,0,0,0,0,0,0,0,0,0,0,0,0,0,0,34,0,0,86,0
38,1,0,0,23,0,1,0,0,0,7,2,0,1,32,0,0,0,0,12,6,6,5,0,0,147,0,0,19,108,0,0,0,23,0,0,51,0,0,0,0,0,0,33,0,13,499,0,0,0,0,0,0,8,3,0,0,0,0,4,5,0,0,0,0,0,9,0,10,27,5,0,0,0,0,0,0,1,0,1,0,98,25,0,1,0,1,0,3,0,0,0,3518,0,0,7,0,0,28,0,0,0,0,0,0,0,0,201,0,0,0,92,0,0,0,0,0,0,0,0,19,0,0,0,278,37,0,0,33,0,0,0,0,0,0,0,0,0,43,0,0,0,0,0,0,41,0,0,0,2,45,1,0,0,1,32,0,0,0,2,0,0,0,1,0,67,0,0,0,13,0,0,0,0,0,0,0,0,0,0,0,0,20,1,0,0,0,0,0,0,0,1,0,62,0,0,0,0,12,0,314,0,0,1,0,0,225,10,0,113,0,0,6,24,1,0,2,0,1543,0,35,0,0,0,114,0,0,0,0,0,0,0,0,20,0,0,2,0,0,0,78,0,0,0,0,0,0,3,0,0,0,0,0,0,15,140,0,0,1,4,2,0,0,0,0,0,0,0,0,38,20,4,714,0,0,0,0,0,1,544,0,122,80,0,0,0,0,0,0,13,0,0,0,0,0,0,26,0,0,8,0
0,0,0,0,1,0,0,0,0,0,3,1,0,0,59,0,0,1,4,1,1,1,12,0,0,1923,0,0,26,20,1,140,10,11,0,0,25,17,0,0,0,0,0,25,0,162,1,1,0,0,5,0,0,1,1,0,0,0,0,1,1,0,0,5,0,0,1,0,0,0,1,9,0,1,0,0,0,0,0,1,0,27,1,3,0,31,0,0,0,21,0,11,4,0,14,1,0,0,67,1,0,0,0,0,0,0,0,0,1,1,8,163,0,1,0,0,0,0,1,0,16,0,1,47,201,0,1,0,8,36,1,1,0,0,0,0,1,0,1,0,1,0,48,5,1,1,1,0,14,2,17,1,0,0,1,18,0,1,0,0,0,0,4,1,1,0,0,1,0,0,1,0,523,0,0,247,0,0,1,0,11,0,11,1,1,0,0,1,83,0,0,3,8,21,0,0,0,0,0,0,162,0,0,1,0,1,36,0,14,7,0,8,9,2,1,0,1,0,53,0,0,14,0,0,23,0,0,0,1,0,8,0,0,22,27,0,1,0,0,28,52,0,0,0,0,0,0,0,0,0,6,1,3,0,3,5,1,0,1,2,1,0,0,1,0,0,0,0,0,2927,0,1,577,206,0,1,0,1,2,3,1,944,26,0,455,0,0,1,16,1,0,0,1,0,175,0,1,0,0,26,0
14,0,0,1,0,0,0,0,0,0,0,0,0,0,12,0,0,0,52,29,0,59,7,286,0,1,0,0,151,11,0,0,0,51,0,0,123,422,0,0,38,0,0,0,0,3,0,0,0,0,9,0,0,0,0,0,5,0,0,0,33,0,0,0,0,0,15,0,25,0,0,0,0,0,0,0,2,0,0,38,0,197,0,0,0,0,11,0,0,90,0,19,3,0,0,0,0,0,68,0,0,0,0,0,0,0,0,0,0,1,0,102,0,0,0,23,0,0,0,0,4,0,2,0,37,33,0,0,0,0,0,0,0,0,0,0,1,5,0,0,0,0,0,0,0,0,0,0,0,0,0,0,0,10,1,95,0,0,0,0,0,0,0,0,0,52,0,0,0,0,0,0,1,20,0,347,0,0,0,0,0,0,15,0,0,0,0,0,0,0,0,4,350,301,0,0,0,0,0,0,0,48,0,0,0,0,118,0,6,125,0,0,72,0,1,0,0,0,1400,0,0,0,0,0,23,0,0,0,0,0,0,0,0,0,0,0,0,607,0,1168,112,0,0,0,0,0,0,1,0,0,0,0,0,0,119,6,0,0,0,0,0,0,0,2,170,0,0,0,0,9,0,0,174,0,0,0,0,0,0,2351,0,5,178,0,0,0,0,16,0,0,0,0,0,0,0,0,13,0,0,99,0
0,0,0,1,0,0,0,0,0,0,5,0,0,0,87,0,0,0,0,0,0,163,0,0,0,2484,0,0,0,4,0,0,0,289,0,0,0,0,0,0,0,0,0,0,0,0,0,2,0,0,4,0,0,0,278,0,0,0,0,0,0,0,0,0,0,0,31,0,0,0,1390,0,5,0,0,0,1,5,0,524,0,0,0,0,0,0,0,0,0,0,0,0,538,0,0,0,0,0,0,0,0,0,0,0,0,0,0,0,0,0,0,0,0,0,0,0,0,0,86,0,0,0,0,1,544,0,0,0,0,0,0,0,0,0,0,0,0,0,0,0,33,0,0,0,0,0,79,0,0,0,0,0,0,61,1,7,0,0,0,0,0,0,0,0,0,0,0,0,0,0,0,0,0,0,0,12,0,0,0,0,0,0,0,0,46,0,0,0,0,0,0,0,0,0,0,0,0,0,0,0,0,0,0,0,0,71,0,0,0,39,0,0,0,0,0,28,0,373,249,0,0,79,0,0,0,0,0,0,0,0,0,0,0,0,0,0,0,0,0,0,7,0,0,0,0,0,0,0,0,0,0,0,0,0,191,10,7,0,0,0,0,0,0,19,69,0,47,0,0,2,0,163,156,0,0,1,0,0,0,0,2,5,1685,0,0,0,0,0,0,113,0,0,0,0,0,0,0,0,0,0,0
0,8,0,0,0,0,0,17,0,0,18,6,0,59,0,0,0,1,0,0,53,32,6,0,0,575,0,0,8,0,1,0,6,90,0,0,0,152,0,0,0,0,0,21,0,3,0,8,5,0,0,0,0,0,40,0,0,0,0,24,0,0,0,0,0,0,14,0,0,0,10,0,0,276,0,0,0,0,0,33,0,204,205,7,0,4,179,0,9,16,0,1,5,0,0,20,0,0,29,2,0,0,0,80,0,0,0,17,0,1,0,21,0,0,0,0,0,109,0,0,0,0,0,33,8,0,3,0,27,145,1,0,1,0,1,0,0,0,0,0,0,0,0,0,1,0,0,0,18,0,53,0,0,0,0,0,0,0,1,11,0,0,0,776,0,36,0,0,35,13,0,0,0,0,0,307,0,0,1,0,0,0,22,0,0,0,0,0,822,0,0,1,0,32,0,0,0,0,0,0,294,313,517,1,0,1,155,7,0,1,0,14,17,0,5,0,1,1,1200,0,31,0,0,0,36,136,0,1,0,0,49,5,0,1,0,0,0,626,0,0,46,141,0,4,0,0,64,0,0,0,0,6,7,0,28,0,8,0,19,0,2,0,0,11,0,0,8,0,3,6,0,19,12,0,1,0,0,0,4,973,0,26,221,0,0,0,0,0,88,6,0,0,0,0,123,6,0,3,0,40,0
0,0,0,0,0,0,2,11,0,0,0,0,0,54,48,0,16,0,0,0,5,17,20,6,0,4076,0,0,10,4,97,0,0,218,0,0,2,1,0,3,0,0,0,4,0,8,120,0,2,0,1,0,0,0,3,0,0,0,0,52,9,0,0,0,0,0,12,0,0,2,0,19,0,1,0,0,2,0,0,4,0,110,36,0,6,152,0,0,0,2,0,2,169,0,0,197,0,0,0,0,0,0,0,0,0,0,0,0,0,0,0,61,0,0,15,0,0,0,0,0,0,0,0,0,26,18,0,0,24,0,0,1,0,0,0,0,20,0,51,0,70,0,49,0,1,1,0,0,0,1,23,0,0,0,1,30,3,1,0,6,0,0,0,0,0,0,0,1,88,0,0,0,1,0,0,350,0,0,1,0,0,173,36,1,14,0,0,0,0,0,0,1,10,54,0,0,0,0,0,0,269,0,0,0,0,4,220,12,4,2,0,0,234,0,1,0,3,0,1550,12,1,1,0,0,68,0,0,0,0,0,2,0,0,21,0,0,0,0,10,127,47,0,0,0,0,0,0,0,0,0,0,0,0,0,0,231,15,0,8,0,0,0,0,39,0,0,0,0,0,11,0,9,44,0,11,0,0,0,11,276,0,0,94,0,0,0,0,5,0,8,0,0,0,0,14,0,11,0,0,2,0
0,0,0,0,0,0,10,0,0,0,0,0,0,0,681,0,0,0,0,0,0,16,0,0,0,2168,0,0,38,8,0,0,0,0,0,0,6,0,0,0,0,0,0,0,0,64,0,0,0,0,0,0,0,0,0,1,0,0,0,0,0,0,0,0,0,0,30,0,0,13,0,0,0,0,0,0,0,0,0,12,0,0,0,0,149,1,1,0,0,0,0,0,0,0,0,1,1,0,0,0,0,8,0,0,0,0,0,185,0,0,0,0,0,3,0,0,0,0,116,6,0,0,0,0,28,0,0,0,0,0,0,3,0,0,0,0,0,0,0,0,0,0,0,0,0,0,0,0,0,0,3,0,0,0,0,0,0,0,0,14,0,0,0,1,0,0,0,0,0,0,0,0,1823,0,0,0,0,100,0,0,0,0,0,1,1,0,1,0,0,0,0,20,1,0,0,0,0,0,0,246,0,0,0,0,0,0,0,0,0,0,0,0,0,0,1,0,0,0,0,0,0,0,0,0,0,0,0,0,0,0,0,0,0,179,0,0,0,0,0,0,0,0,0,0,1,0,0,0,0,0,0,0,0,0,0,0,0,0,0,0,0,0,0,2,1,0,0,0,0,2322,0,2,0,0,0,0,0,0,0,1553,0,0,85,0,0,0,0,0,0,64,0,0,0,0,0,0,2,0,0,32,0
0,0,0,0,0,0,0,12,104,0,12,3,0,0,53,0,0,0,0,3,0,6,4,0,0,1,0,0,4,20,124,195,40,36,0,0,33,20,0,0,0,0,44,41,0,1,0,0,0,0,0,0,0,0,13,1,0,0,0,44,7,0,0,0,0,0,44,0,0,0,0,0,0,20,0,0,0,0,0,16,0,167,0,0,0,0,1,0,0,20,0,2,0,0,0,0,0,4,10,0,23,0,0,0,0,0,0,1806,0,0,0,36,0,1,0,0,0,0,0,0,8,0,0,0,7,11,0,0,44,0,0,0,0,0,0,0,0,0,0,0,0,0,42,0,7,0,0,109,0,0,73,0,0,51,1,38,67,0,1,0,4,0,0,0,0,0,0,0,0,0,0,0,0,0,0,232,0,0,1,0,0,0,0,0,0,0,0,87,0,0,0,1,0,283,0,0,0,0,0,0,228,0,0,0,8,14,157,0,8,0,0,0,25,0,1,18,1,0,1838,4,0,0,0,0,0,0,2,0,0,0,1,4,0,3,0,0,2,0,0,40,194,43,0,0,0,0,0,0,0,0,0,0,0,0,0,1,2,0,6,213,1,0,0,3,0,1,0,0,0,1566,0,0,95,0,0,0,49,2,0,1083,0,0,76,0,0,0,0,0,0,3,0,119,0,0,115,0,25,0,0,16,0
0,0,0,0,0,0,0,0,0,0,0,0,0,0,10,0,12,0,0,0,0,30,0,6,0,2569,0,5,11,62,0,0,0,57,0,0,0,144,0,0,0,0,1,2,0,88,0,0,4,0,0,0,0,0,0,0,0,0,0,4,0,0,0,0,0,0,44,1,0,0,0,0,0,0,0,0,0,0,0,0,0,59,304,0,0,0,687,0,0,0,20,0,0,0,0,0,1,0,6,24,21,0,0,0,0,0,0,0,0,1,0,70,0,0,19,0,0,0,0,10,0,0,1,0,0,7,137,0,0,0,0,0,0,0,0,0,0,0,0,0,0,0,0,0,0,23,0,0,0,0,0,0,0,0,4,77,0,1,0,45,0,0,0,1,0,34,0,0,0,321,0,0,0,0,0,330,0,0,1,0,0,92,18,0,0,0,0,0,0,3,0,3,0,31,0,0,0,0,0,1,283,0,0,3,0,0,345,0,0,0,0,10,9,0,0,0,2,0,881,0,0,0,0,0,55,0,0,0,0,0,0,0,0,0,0,0,0,0,0,6,184,0,0,0,0,0,38,0,0,0,0,0,0,0,0,82,7,0,0,0,0,0,0,3,0,0,0,0,0,2,0,0,212,0,0,0,0,0,2,2097,0,0,220,0,0,0,0,0,0,1,0,0,0,1,22,0,6,0,0,130,0
0,0,0,0,50,0,1,0,0,0,0,0,0,0,120,0,0,0,0,0,0,110,0,0,0,1104,0,0,22,7,0,0,0,568,0,0,0,0,0,0,0,0,0,0,0,0,0,0,0,0,0,0,0,0,0,0,0,0,0,0,0,0,3,0,0,0,0,0,0,27,0,0,0,0,0,0,0,0,0,255,0,0,293,0,0,0,0,0,0,0,0,0,0,0,0,0,0,0,136,0,0,22,0,0,0,0,0,1283,0,0,0,0,35,0,0,0,0,8,346,0,0,0,0,0,0,0,0,0,0,0,0,229,0,0,0,0,0,0,0,0,0,0,0,0,0,0,0,0,0,0,0,0,7,0,3,0,0,0,0,0,23,0,0,0,0,0,0,0,0,0,0,0,0,0,0,0,0,0,0,0,0,0,0,0,58,0,0,0,0,0,0,122,0,0,0,0,0,0,0,0,0,0,0,0,0,0,0,0,0,5,0,0,0,0,0,0,137,0,0,0,0,0,0,0,0,0,0,0,0,0,0,0,0,0,0,0,0,0,0,5,0,0,0,0,2,5,0,0,0,0,0,0,0,0,0,0,0,0,0,0,0,0,0,4,0,0,0,0,0,0,0,0,45,0,0,0,0,0,0,2975,0,0,1489,0,0,0,0,0,0,375,0,0,0,0,0,0,5,0,0,125,0
0,0,0,0,0,0,5,0,0,0,0,0,0,0,111,0,0,0,0,0,0,3,0,0,0,893,0,0,33,0,0,0,0,346,0,0,0,0,0,0,0,0,0,0,0,564,0,0,0,0,0,0,0,0,0,0,0,2,0,11,0,5,1,0,0,0,8,0,0,53,17,0,0,0,0,0,0,0,0,50,0,0,0,0,2,0,48,0,0,157,0,103,44,0,0,0,0,0,0,0,0,85,0,0,23,0,0,812,0,0,0,0,0,17,0,0,0,0,294,0,0,0,0,1,1263,0,0,0,2,0,0,30,0,0,0,0,81,0,0,0,0,0,0,0,0,0,1,0,0,0,7,0,0,0,0,0,0,0,0,0,0,0,0,279,0,0,0,4,0,0,0,0,0,0,0,0,0,22,11,0,0,0,0,0,0,0,0,0,0,0,0,42,0,0,0,0,0,0,0,0,0,0,0,89,0,0,0,0,55,19,0,0,10,0,0,0,59,0,0,14,0,20,0,0,0,41,0,0,235,0,102,0,0,893,0,0,0,0,0,0,0,0,0,0,0,0,0,28,0,0,41,0,0,0,8,0,0,0,0,0,1,0,0,0,0,0,0,0,0,45,34,0,563,0,0,0,0,0,0,1939,0,0,230,0,0,0,0,90,0,7,0,0,0,0,0,0,0,0,0,42,0
0,0,0,0,0,0,1,7,0,0,0,0,0,20,0,0,0,0,0,0,2,3,0,0,0,273,0,0,24,0,217,161,0,197,0,0,95,353,1,0,0,0,0,17,0,8,0,0,0,0,0,0,1,0,0,0,0,0,0,15,0,2,0,0,0,0,105,0,0,0,4,0,0,1,0,0,0,0,0,10,0,1,94,0,13,0,0,0,0,68,9,35,166,0,0,0,0,0,18,0,0,0,0,0,0,0,1,2751,0,0,0,0,0,6,0,0,0,0,293,0,0,0,0,6,23,0,0,0,0,0,0,8,0,0,0,0,0,0,0,0,9,0,0,0,0,0,23,0,0,0,8,4,0,0,0,0,0,0,0,50,0,0,0,0,0,0,0,0,0,0,0,0,1,0,0,0,0,26,358,0,0,0,0,1,0,0,0,0,0,0,0,76,0,0,0,0,0,1,0,0,0,0,0,6,0,0,0,0,0,0,0,0,2,0,2,0,92,3,222,2,69,0,0,0,0,1,0,0,4,0,54,0,0,275,0,0,0,0,0,0,0,0,0,0,0,0,0,0,0,0,1,3,10,0,0,0,0,0,0,2,1,0,0,0,0,0,0,16,0,1551,0,9,110,0,0,0,0,0,0,1618,0,0,152,0,0,0,0,0,42,0,0,0,0,0,85,0,0,22,0,83,0
0,0,0,0,0,0,4,0,0,0,0,0,5,0,50,0,23,0,0,0,0,42,7,2,0,1843,0,9,6,0,1,0,2,131,0,0,0,0,9,0,23,0,0,0,0,0,0,0,0,0,0,0,0,0,0,0,0,0,0,0,0,0,13,0,0,0,23,0,20,68,0,0,0,0,0,0,2,0,0,0,0,0,0,0,0,7,579,0,0,36,0,50,331,0,0,112,0,0,51,47,0,70,0,0,0,0,0,0,0,0,0,376,0,0,19,39,0,0,0,0,6,0,1,66,0,0,1,0,0,0,0,0,0,0,0,25,0,0,1,0,0,0,0,0,0,0,0,0,0,0,0,0,0,0,1,63,0,1,0,5,0,0,0,0,1,0,0,1,66,71,0,0,1,0,0,866,0,0,0,0,0,178,112,0,0,0,0,0,0,0,0,0,16,103,0,0,0,0,0,0,0,155,0,1,0,1,304,17,13,3,0,0,37,0,0,0,0,0,1530,0,8,0,0,0,79,0,0,0,16,0,0,0,0,4,0,0,0,0,0,18,0,0,0,0,1,0,0,0,0,0,0,0,0,0,0,10,9,0,0,0,0,0,0,6,0,0,0,0,0,19,0,0,286,0,0,0,0,0,0,1749,0,0,0,0,0,0,0,0,0,0,0,0,0,0,94,0,7,0,0,57,0
0,0,0,0,0,0,2,0,0,0,0,0,0,19,0,0,0,0,0,0,5,0,24,2,0,781,0,0,15,115,2,219,0,207,0,0,0,1,0,0,0,0,0,1,0,0,0,0,3,0,0,0,0,0,0,0,0,1,0,0,0,1,0,0,0,0,6,0,4,0,4,0,0,0,0,0,0,0,0,0,0,39,6,0,0,0,0,0,2,48,1,1,2,0,0,0,0,0,0,0,0,0,0,0,0,0,0,0,0,0,0,17,11,0,0,0,0,0,0,10,0,0,0,160,317,0,1,0,0,0,0,0,0,0,0,0,0,0,0,0,0,0,0,0,0,0,0,0,0,12,0,0,0,0,1,0,0,0,0,0,0,0,0,1,0,0,0,35,0,20,0,0,0,0,0,882,0,0,1,0,0,0,77,0,0,0,2,0,0,0,0,0,0,234,0,0,1,0,0,0,497,251,0,1,1,0,0,0,14,0,0,44,34,0,1,0,1,0,1013,0,0,0,0,0,24,0,0,0,0,0,0,0,0,0,0,0,0,0,0,0,50,0,64,0,0,0,3,0,0,0,0,0,0,1,0,0,0,0,0,0,0,16,0,0,0,0,0,0,0,1,0,0,3256,0,0,0,0,0,1,1271,0,0,91,0,0,0,0,0,0,0,0,0,0,0,6,0,0,9,0,65,0
0,0,0,0,0,0,0,0,0,0,0,0,0,0,0,0,0,0,0,0,1,8,4,0,0,2825,0,0,17,0,0,0,35,164,0,0,0,124,0,0,0,0,0,30,0,7,0,1,0,0,0,0,0,0,0,0,0,0,0,1,8,7,0,2,0,0,22,0,28,0,9,0,20,1,0,0,0,0,0,2,0,99,0,28,1,0,0,1,0,0,0,0,0,0,0,0,0,0,0,0,0,0,0,0,0,0,0,0,0,1,0,68,8,0,10,9,0,0,0,0,0,0,0,0,0,35,1,0,20,0,1,1,0,0,0,0,0,0,0,0,1,0,36,0,0,0,2,80,0,0,7,0,25,50,1,0,0,0,0,6,1,0,0,0,0,0,0,0,41,0,0,0,0,0,0,683,0,0,0,0,0,0,23,0,0,0,0,0,409,0,0,0,0,225,0,0,0,0,0,0,1,0,0,0,0,1,81,0,4,0,0,0,69,0,1,0,1,0,629,3,0,0,0,7,20,0,0,0,6,0,0,0,0,1,0,0,0,0,7,30,0,0,216,0,1,0,4,0,0,0,1,4,0,0,10,4,3,0,1,0,0,0,0,1,0,0,0,0,0,2435,0,0,244,0,0,0,0,0,17,908,0,0,28,0,0,0,0,0,11,0,0,0,0,0,56,0,20,0,0,0,0
0,0,1,0,0,0,0,14,1,6,20,7,1,4,9,0,31,9,19,6,13,68,23,4,2,50,9,0,3,10,98,0,0,39,3,0,50,266,0,0,19,8,0,15,0,35,503,1,0,0,19,0,2,0,12,2,0,5,0,120,7,10,4,11,34,5,68,6,0,14,11,12,3,4,0,0,2,0,0,165,0,423,88,4,44,1,2,0,0,60,369,7,0,0,0,0,0,0,28,2,13,0,0,0,0,0,0,0,4,1,5,79,0,0,0,0,0,37,1,0,0,1,0,0,66,95,1,0,47,135,0,1,0,0,0,0,1,0,0,0,0,0,71,0,1,0,63,0,0,0,105,1,0,74,1,41,49,1,1,0,1,0,1,1,1,0,4,0,95,5,2,0,1,0,0,138,0,336,18,0,19,0,23,1,18,0,0,0,140,0,0,20,4,63,16,0,0,2,0,0,317,0,0,77,33,5,115,6,7,2,0,0,38,14,1,6,2,2,2162,5,0,44,1,1,25,0,0,0,9,3,34,10,0,1,0,16,8,0,16,115,109,0,0,0,0,49,0,0,3,2,138,6,34,0,32,19,5,1,4,2,1,18,0,1,0,1,0,43,9,11,0,36,136,0,0,0,1,3,9,1168,3,0,94,0,0,0,0,2,65,32,0,0,0,0,28,1,17,4,0,80,80
0,0,0,0,0,0,5,0,0,0,21,7,0,95,0,0,0,0,0,0,0,13,9,7,0,1,0,0,5,8,33,0,0,170,0,0,2,0,0,0,0,0,0,0,0,1,0,0,0,0,0,0,0,0,0,0,0,0,0,0,0,0,6,2,0,0,3,0,0,3,12,0,6,0,0,3,4,0,0,6,0,119,16,0,0,0,1,0,16,21,0,6,0,0,0,0,0,2,41,0,0,0,0,0,0,0,0,0,0,0,0,27,0,0,0,0,0,0,0,0,0,0,0,0,2,60,0,1,61,0,0,0,0,0,0,0,0,0,0,0,0,439,94,0,23,0,0,0,0,0,26,0,0,2,2,0,37,0,0,0,0,15,0,0,0,71,0,0,0,70,0,0,0,0,0,213,0,0,0,0,0,0,176,0,0,0,17,57,0,0,0,0,0,375,0,0,0,0,0,0,4,0,0,0,0,0,307,0,0,7,0,0,51,14,0,0,0,0,1622,0,0,1,0,0,0,0,1,0,0,0,0,0,0,13,22,0,1,0,16,37,85,0,0,0,0,0,8,0,0,0,0,0,0,0,0,0,0,1,27,0,0,0,0,2,0,1,0,0,0,3767,0,11,119,0,0,0,0,0,0,1410,0,0,18,0,0,0,0,0,0,0,0,12,0,0,0,0,10,0,0,24,0
0,0,0,0,0,0,0,12,0,3,14,13,8,171,43,0,0,0,0,4,45,46,3,1,0,226,1,0,5,59,154,0,21,48,0,0,219,16,98,0,0,3,0,13,0,352,224,3,1,0,63,0,2,0,116,0,0,0,0,215,6,1,1,0,0,4,119,0,7,0,18,0,4,4,0,102,4,0,0,363,7,285,105,5,8,0,45,1,1,21,7,27,45,16,0,0,0,0,34,0,9,0,0,71,0,0,1,0,0,0,0,21,0,1,19,0,0,0,0,16,0,0,0,33,226,0,0,0,127,21,1,1,3,0,0,0,1,0,0,0,0,0,0,0,11,0,0,17,0,0,52,31,0,7,1,31,0,0,1,1,4,21,4,0,0,32,0,0,0,11,0,0,1,0,0,627,0,0,3,0,0,0,78,0,0,0,0,25,93,0,0,4,2,44,2,2,1,1,0,0,7,0,0,58,0,0,174,0,0,3,0,0,20,23,0,7,29,3,1773,5,0,45,0,0,38,20,8,0,1,15,16,3,0,1,0,4,12,0,15,795,59,0,18,12,0,0,0,0,1,25,70,0,23,0,17,161,167,1,16,0,4,7,3,8,23,0,0,0,5,62,0,0,204,0,3,0,509,5,1,11,1,0,149,0,0,11,1,3,33,21,0,0,3,0,65,36,13,1,0,86,0
0,0,0,0,0,0,1,44,205,0,0,0,0,99,16,0,1,2,0,0,149,59,0,0,0,265,0,0,9,13,1,346,0,13,0,0,0,66,0,0,0,0,107,55,0,9,0,16,0,0,34,0,0,0,83,6,0,0,0,186,3,0,0,0,0,0,1,0,0,1,54,1,0,449,0,0,0,3,0,14,0,6,1,0,0,3,0,0,0,20,734,11,0,0,0,1,0,0,7,0,0,0,0,0,2,0,402,810,0,45,0,0,0,24,0,0,0,0,57,0,0,0,0,0,365,4,2,0,1,0,14,131,374,0,0,0,0,0,0,0,284,0,0,0,0,0,7,0,0,1,5,0,56,22,0,0,0,0,1,3,0,0,0,481,0,0,0,0,0,0,6,0,0,0,0,0,0,14,48,4,0,0,0,6,2,0,0,0,0,0,1,26,0,0,0,0,0,1,0,467,0,0,0,142,0,16,0,0,0,1,67,76,6,3,31,3,4,38,905,0,48,1,0,0,0,0,0,0,81,31,115,0,0,1,0,0,2,0,0,0,0,0,127,0,1,3,0,0,0,0,0,4,33,0,0,24,44,0,12,0,1,0,0,23,0,0,0,66,14,1,0,1,340,0,0,0,0,14,76,361,0,0,141,0,1,0,0,0,30,41,0,0,0,0,90,0,19,0,0,203,0
0,0,0,0,0,0,1,0,0,2,0,0,1,497,94,0,0,0,0,0,0,0,0,132,0,763,0,0,25,139,469,0,0,2,0,0,0,50,0,0,0,0,0,0,0,0,0,0,0,0,1,4,0,0,142,0,0,8,0,209,0,22,0,0,0,11,88,9,0,0,150,0,0,0,0,352,0,0,0,25,0,0,7,0,83,8,0,0,0,20,0,0,0,0,0,0,0,0,4,0,0,0,0,0,0,0,0,0,0,0,0,0,0,19,0,204,0,0,0,0,0,0,0,0,4,160,0,0,82,0,0,1,0,1,0,0,0,0,1,0,0,0,0,0,0,0,0,0,0,0,21,0,0,0,1,172,0,0,0,0,0,0,17,73,1,0,0,0,0,10,3,0,1,0,0,268,0,0,6,0,0,617,54,2,0,0,0,0,0,0,0,0,7,586,0,0,0,0,0,0,0,0,0,0,0,1,121,0,0,3,0,0,52,0,0,0,24,0,551,47,0,28,0,0,275,0,0,0,0,0,0,0,0,1,0,0,2,0,0,108,401,0,0,0,0,0,0,0,0,0,0,0,34,0,0,6,2,0,0,0,0,0,0,0,0,0,0,0,4,170,0,0,112,0,9,0,1,2,4,2343,0,0,1,0,0,0,2,0,0,1,0,0,0,11,33,0,5,0,0,17,0
0,6,0,0,0,1,2,0,0,0,0,0,0,0,1367,0,0,0,0,0,0,6,0,3,0,0,0,0,85,0,155,0,0,9,0,0,5,18,7,0,1,0,0,0,0,0,0,0,0,0,0,0,0,0,34,0,0,0,0,97,0,0,1,0,0,0,0,0,58,0,10,0,0,0,0,0,1,0,0,22,8,0,250,0,0,40,4,0,0,0,0,0,229,91,0,1,0,0,27,0,0,0,0,0,1,3,0,441,0,0,0,0,0,0,3,2,0,4,0,0,0,0,0,0,0,0,0,0,0,0,0,0,0,2,0,2,403,1,0,2,1837,0,0,0,0,0,60,0,0,0,7,60,0,0,0,0,0,0,0,12,0,0,0,3,1,0,0,0,0,0,3,0,0,0,0,0,5,80,0,0,0,4,0,0,0,0,0,0,0,0,0,0,1,2,0,0,0,5,0,0,0,0,0,0,0,18,0,0,1,2,0,0,0,0,0,0,0,0,26,0,0,0,0,0,0,0,0,0,0,23,0,0,0,105,0,0,12,0,0,0,0,0,0,0,0,0,0,0,5,0,0,0,2,0,3,0,9,4,4,0,2,0,0,6,0,0,0,0,0,0,0,2,2807,0,0,1,0,0,1,1322,0,0,57,0,0,0,0,0,0,0,0,0,0,0,37,11,12,0,0,51,0
0,1,0,0,0,5,11,0,0,3,1,0,0,0,58,0,0,1,1,0,0,74,0,0,0,10,0,0,731,0,2,0,0,138,9,0,6,151,2,0,2,28,0,0,0,171,0,1,0,0,1,0,0,1,93,1,0,0,0,3,0,27,0,3,0,0,49,0,0,0,45,0,4,0,0,0,1,0,0,2,8,3,4,0,0,4,2,0,0,105,0,77,853,0,0,0,0,0,166,0,0,0,36,7,1,107,0,24,0,0,0,39,0,36,6,0,0,1,30,0,0,0,0,103,40,111,1,23,0,0,0,0,0,4,0,5,0,0,0,3,35,0,0,0,21,0,3,0,0,0,9,18,0,1,0,0,0,0,0,0,0,0,0,0,0,0,0,0,0,0,0,0,0,0,0,0,5,5,1,1,0,0,0,0,0,0,0,0,0,0,9,0,6,0,35,0,0,3,0,0,0,0,0,3,0,7,0,0,0,11,0,0,0,22,9,0,0,38,1,3,1,1,0,4,0,0,88,0,85,9,110,1,0,73,0,0,3,0,0,0,0,0,0,0,0,1,0,0,4,0,0,0,4,0,2,1,13,0,0,0,3,0,0,1,3,2,0,0,0,2992,0,5,2210,0,0,0,0,2,2,300,5,0,296,0,0,0,0,0,21,23,0,0,1,0,0,15,0,0,0,38,0
0,1,0,0,0,0,0,0,0,0,0,0,0,230,88,0,6,0,0,2,25,55,0,0,13,873,0,0,11,0,58,0,0,0,0,0,7,80,0,0,103,0,0,0,0,0,0,2,0,0,0,0,0,0,24,0,0,13,0,10,1,0,0,1,0,0,25,0,2,0,0,0,0,0,0,0,0,0,0,11,0,74,0,0,19,5,0,0,0,0,0,0,182,0,0,0,2,0,59,0,0,0,0,0,0,0,0,0,0,1,0,4,0,0,0,0,0,0,0,4,0,0,1,0,997,81,1,0,31,0,0,1,12,0,0,0,1,0,1,0,1,0,80,0,1,0,0,0,0,0,162,3,0,0,1,193,0,1,0,0,0,0,0,1,0,28,0,0,67,13,0,27,0,2,0,709,0,0,0,0,0,0,0,0,0,0,0,0,0,0,0,0,5,127,0,21,0,0,0,0,27,0,0,1,0,1,55,0,7,0,0,0,34,0,0,0,4,0,653,0,0,31,0,0,18,85,0,0,1,0,0,0,34,73,59,0,0,164,0,29,0,0,0,4,0,0,0,2,0,0,18,0,0,0,5,4,13,0,0,0,3,0,0,0,0,0,0,0,59,86,9,3,732,1125,0,0,0,0,52,1464,0,0,368,0,0,0,0,4,24,0,0,0,0,0,17,0,1,0,0,183,0
0,0,0,0,0,0,0,0,0,0,18,0,0,0,49,0,0,0,0,0,0,0,10,0,0,1729,0,0,19,48,27,46,2,108,0,0,0,44,0,0,0,0,0,0,0,0,0,0,1,0,2,0,0,0,0,0,0,0,0,0,0,0,0,0,0,0,54,0,0,0,0,0,0,0,3,514,0,0,0,0,0,69,0,7,0,12,0,41,12,0,0,0,0,0,0,0,0,0,0,0,41,0,1,0,0,0,0,0,0,0,0,130,0,0,21,0,0,0,0,0,0,0,0,0,0,0,1,0,43,2,0,0,0,0,0,3,0,0,0,0,595,0,0,0,0,0,0,0,0,0,0,0,0,0,0,56,0,0,0,8,9,74,0,1,0,0,0,0,0,0,0,0,1,0,0,682,0,0,0,0,0,176,48,0,0,0,0,0,406,0,0,0,0,0,0,3,0,0,41,0,30,83,0,0,0,0,86,0,0,1,0,0,45,0,0,0,0,0,1982,0,0,0,0,0,0,0,0,0,0,0,0,0,0,0,0,0,0,0,12,10,173,17,0,0,0,0,9,0,0,0,0,0,0,0,0,7,51,0,0,0,0,0,0,4,0,0,0,0,0,311,0,0,139,0,1,0,0,0,9,1663,0,0,120,0,0,0,0,0,6,0,88,0,0,0,0,0,0,0,0,0,0
0,0,0,0,0,0,0,0,1,6,7,1,2,223,1,0,36,2,0,0,70,34,0,0,0,751,0,0,2,0,0,0,0,52,0,0,1,11,9,0,0,0,12,0,0,554,0,0,0,0,0,0,0,0,0,0,0,1,0,37,2,25,1,0,4,0,252,0,0,67,0,0,0,57,0,0,0,0,0,153,1,109,0,0,1,0,77,0,0,92,8,1,3,0,9,0,0,0,339,75,10,0,0,0,0,18,14,0,0,0,0,6,0,0,17,0,0,0,2,0,3,0,0,0,9,261,1,0,73,0,0,1,14,0,0,0,1,0,0,0,1,0,0,0,1,0,0,0,0,0,75,6,0,62,0,22,0,0,15,1,0,23,0,834,0,0,0,0,76,0,0,0,0,0,0,267,0,0,11,0,0,172,23,0,0,0,0,75,0,2,0,3,1,114,0,0,0,0,0,1,14,0,1,0,0,1,114,30,0,1,0,0,69,0,1,0,4,0,64,0,1,0,0,0,60,13,0,0,27,0,13,0,0,20,0,0,2,94,25,0,34,0,0,0,0,0,45,1,0,0,868,3,11,0,18,3,57,0,12,4,2,0,0,1,0,0,0,40,10,18,0,6,47,0,0,0,0,7,1,2687,0,0,63,0,0,0,0,1,81,15,0,0,0,0,40,0,2,2,31,41,1
0,0,0,0,0,0,0,0,0,0,0,0,0,184,1301,0,0,0,20,0,0,6,5,7,0,334,0,0,13,4,0,0,46,31,0,0,13,0,0,0,0,0,0,73,0,58,0,0,1,0,0,0,0,0,0,0,0,0,0,0,11,24,0,0,0,0,30,0,35,0,0,0,0,86,0,0,0,0,0,59,0,106,0,0,67,9,96,0,0,0,0,76,25,0,0,0,0,0,0,0,0,0,0,0,0,0,0,4,0,0,0,540,1,0,0,11,0,0,0,0,8,0,0,0,46,16,1,0,0,0,0,10,0,0,0,0,1,0,0,0,1,0,0,0,0,0,0,52,0,0,143,0,0,12,0,95,0,0,0,27,0,9,0,0,1,45,0,0,56,0,0,0,0,2,0,135,0,0,0,0,0,0,0,0,0,0,0,0,0,0,0,0,0,149,0,0,0,0,0,0,9,363,0,0,0,1,53,0,12,0,0,0,11,0,0,10,0,0,1363,0,0,0,0,0,32,0,0,0,0,0,0,3,0,69,0,0,0,0,60,59,159,3,0,0,0,0,0,0,0,0,669,1,0,0,0,20,1,0,0,158,0,0,0,2,33,0,0,0,0,2,0,0,168,0,0,0,6,0,0,2491,0,0,101,0,0,0,0,0,7,0,0,0,0,0,0,0,13,0,0,37,0
0,0,0,6,0,0,0,0,0,0,0,0,0,0,10,0,5,0,0,0,68,24,2,0,0,0,3,0,35,0,0,0,0,0,5,354,12,0,0,0,0,0,0,142,11,0,0,0,0,0,0,0,0,0,0,0,0,2,0,0,0,41,0,0,0,0,649,0,22,0,0,0,0,169,0,0,0,0,0,0,0,0,0,1,0,0,0,0,0,0,869,6,4,0,0,2,0,0,0,0,0,5,0,0,0,0,30,0,0,56,0,0,0,0,0,0,0,0,93,1,0,0,6,2,0,0,2304,0,0,11,0,0,0,0,0,49,50,0,0,0,18,0,0,1,0,0,0,27,0,1,0,0,0,0,2,0,21,0,0,0,0,0,0,0,0,0,0,0,0,0,0,0,1857,0,0,0,0,0,0,0,0,0,0,0,0,17,0,0,0,0,0,7,0,0,0,3,0,0,0,0,0,5,0,0,0,0,0,56,0,0,0,0,7,0,0,0,0,0,0,0,96,0,0,0,0,0,0,0,0,0,86,0,0,136,0,0,0,0,0,0,0,0,192,0,12,0,0,0,0,0,15,0,0,0,0,0,0,0,0,8,0,9,0,0,0,0,0,0,0,1524,0,0,0,0,0,0,0,16,0,384,0,0,148,0,14,0,0,0,54,0,0,0,0,0,41,0,0,0,1,38,153
0,0,0,1,0,0,4,0,0,0,3,2,0,1,348,0,0,0,0,12,2,8,7,81,0,3,0,25,103,80,74,0,0,46,0,0,16,80,0,0,0,1,0,0,0,35,0,4,0,0,0,0,0,0,0,0,0,0,0,7,4,2,2,0,0,15,0,19,0,0,0,0,22,1,0,0,0,0,0,39,0,40,89,0,0,0,55,0,1,18,0,67,3,0,0,177,5,0,0,0,25,0,0,0,0,0,0,0,0,0,0,249,0,0,9,0,0,0,0,0,0,0,0,0,16,83,0,0,0,0,0,0,0,0,0,0,3,0,0,0,0,0,56,0,101,26,0,0,0,0,11,0,0,3,1,97,61,0,0,0,20,11,19,0,32,0,0,1,0,13,7,0,0,0,1,573,0,0,0,0,0,0,0,0,0,0,1,0,143,0,0,0,0,64,0,0,0,0,0,0,32,49,0,0,0,1,144,0,9,21,0,0,41,0,0,0,1,0,1305,0,3,0,1,0,144,0,0,0,0,0,0,4,0,1,0,0,3,0,0,13,210,0,0,0,0,0,0,0,0,0,0,0,26,0,0,4,3,2,0,41,0,0,0,0,0,0,0,0,0,4462,0,74,61,0,0,0,0,5,4,7,0,0,93,0,0,0,0,0,2,8,0,0,0,0,5,49,38,0,0,9,0
0,0,0,0,0,0,0,0,1,3,0,0,0,0,80,0,0,0,0,0,0,0,20,0,0,2516,0,0,3,0,0,244,0,62,0,0,0,0,0,0,0,0,0,29,0,20,0,1,0,0,0,0,0,0,0,0,4,0,0,55,0,17,0,0,0,1,24,0,2,0,0,0,0,62,22,0,0,0,0,89,0,118,0,4,7,0,0,0,6,0,322,0,3,0,0,1,0,0,0,0,39,0,0,0,0,4,0,1,0,0,0,33,0,0,0,0,0,0,0,18,4,0,0,0,0,116,1,0,29,1,0,0,0,0,0,35,0,0,0,0,0,0,79,0,0,35,0,0,0,0,6,0,0,0,0,83,0,0,0,2,0,0,7,3,0,0,0,0,45,0,0,0,1,11,0,121,0,0,47,0,0,135,15,0,0,0,0,0,424,0,0,0,0,61,0,0,0,0,0,0,0,0,0,1,550,4,0,0,11,0,0,0,102,0,0,0,34,0,1874,14,0,0,0,1,45,0,0,0,0,0,0,0,0,52,0,0,0,0,8,0,42,40,1,0,0,0,0,0,0,1,222,1,0,0,3,1,0,0,0,2,0,10,0,0,1,0,0,23,0,808,0,0,36,0,0,0,0,0,0,797,0,0,10,0,0,0,0,0,29,0,0,0,0,0,208,0,6,0,0,0,0
0,2,0,0,0,0,0,21,0,0,0,4,0,0,2,0,0,0,0,0,0,76,0,0,0,1204,0,0,5,0,467,0,102,12,0,0,2,268,0,0,0,0,0,42,0,154,0,0,0,0,7,0,0,0,199,0,0,0,0,322,6,3,0,0,0,0,0,0,0,0,32,0,0,0,0,0,0,0,0,150,0,174,357,0,44,0,0,0,0,0,0,0,1,0,0,0,0,0,10,121,110,0,0,0,0,0,0,0,0,0,0,12,1,0,8,0,0,0,30,0,0,0,0,0,0,0,1,0,47,0,15,1,0,0,0,0,0,0,0,0,0,0,0,0,8,0,0,0,0,0,104,0,0,58,2,0,0,0,0,1,25,27,7,0,0,54,0,0,91,0,0,0,0,0,0,407,9,0,85,0,0,131,134,1,0,0,3,0,575,0,0,0,0,439,0,0,0,0,0,0,11,0,0,0,0,1,241,0,0,0,0,0,132,0,1,0,5,0,1266,14,57,0,0,0,0,0,0,0,0,0,5,0,0,0,17,0,6,0,0,17,64,0,0,0,0,0,3,0,0,0,0,2,8,0,8,1,0,0,0,30,2,0,0,5,5,0,0,0,38,162,0,25,63,0,0,0,0,0,1,1433,0,0,127,0,0,0,0,0,13,0,0,0,0,0,0,5,0,0,0,63,0
0,0,0,0,0,0,0,0,0,0,0,0,0,0,7,0,0,0,0,0,0,3,0,0,0,0,0,0,0,0,355,0,0,0,0,0,159,358,0,1,0,0,0,10,1,0,0,0,0,0,0,0,0,0,0,0,0,0,0,0,0,0,0,0,0,0,213,0,12,0,0,0,0,0,0,0,0,0,0,0,0,0,0,0,0,5,16,0,0,10,1,0,246,0,0,18,1,0,2,0,0,7,0,0,0,0,0,4488,0,0,0,1,11,43,0,0,0,0,22,0,0,0,28,2,46,0,0,0,0,0,0,0,0,0,0,0,0,0,0,0,0,0,2,0,0,0,0,0,0,0,4,0,0,0,0,0,28,0,6,0,0,0,0,0,0,0,0,0,0,0,0,0,0,23,13,0,0,0,92,0,0,0,0,0,0,0,0,0,0,0,0,0,0,0,0,2,0,0,0,0,0,6,0,0,1867,0,0,0,0,0,0,0,0,0,0,0,2,0,0,0,0,0,0,0,0,1,0,0,9,0,0,0,0,244,0,0,0,2,0,0,0,0,0,0,0,0,0,0,0,0,0,0,0,0,0,0,0,0,0,0,0,0,0,0,0,0,0,0,0,87,0,0,32,0,7,0,0,0,0,1467,0,0,0,0,0,0,0,0,0,0,0,0,0,7,14,0,0,0,0,21,0
0,0,0,0,0,0,0,0,0,0,0,0,0,0,153,0,0,0,0,6,0,0,0,55,0,2,0,0,49,0,0,0,0,239,0,0,92,0,0,0,5,0,0,0,0,296,0,0,0,2,0,0,0,0,0,0,0,4,0,0,0,136,0,0,0,0,58,0,0,0,0,0,0,61,0,343,0,0,0,0,0,0,0,0,0,44,9,0,0,0,0,0,0,0,0,0,26,0,0,0,0,41,0,0,0,0,0,803,0,0,0,0,0,0,0,0,0,0,0,0,0,0,0,9,0,0,0,0,0,0,0,103,0,0,0,0,0,0,0,0,0,0,0,0,0,0,0,0,0,0,33,0,134,0,0,0,0,0,0,0,0,0,0,0,0,0,0,2,0,0,0,0,0,0,0,0,0,0,0,0,0,0,0,9,0,0,0,0,0,0,0,0,10,0,0,0,0,0,0,0,0,0,0,255,0,0,0,0,0,0,0,0,0,0,0,0,0,0,0,0,0,0,0,0,0,2,0,0,138,0,330,0,0,42,0,0,0,0,0,340,0,0,0,0,17,0,0,1,0,0,0,0,0,0,0,0,52,0,0,0,0,0,0,0,0,0,0,0,0,0,0,0,2215,0,0,0,0,0,0,3157,0,0,728,0,0,0,0,0,0,0,0,0,0,0,0,0,0,0,0,0,0
0,0,0,0,0,0,0,0,1248,0,0,0,0,0,0,0,4,0,0,0,0,10,25,0,0,193,0,0,0,3,760,0,0,23,0,0,0,0,0,0,0,0,0,45,0,0,0,0,25,0,0,0,0,0,0,0,0,0,0,0,0,0,0,0,0,0,44,0,0,15,0,0,0,99,0,0,0,0,0,0,0,55,0,0,0,1,0,0,0,190,1084,0,0,0,0,0,0,0,0,4,0,0,0,0,0,0,0,0,0,0,7,0,4,0,0,0,0,0,0,6,0,0,0,0,10,580,1,0,0,0,0,0,0,0,0,8,0,0,0,0,0,0,0,0,0,0,0,0,0,26,105,0,0,0,0,0,0,0,4,0,0,0,0,0,0,0,0,0,0,0,0,0,0,0,0,192,0,0,262,0,0,160,0,0,0,0,0,0,0,0,0,0,0,185,0,0,0,0,0,0,179,140,0,1,0,0,0,0,0,16,0,0,158,0,0,0,0,0,111,0,0,0,0,0,29,0,0,0,0,0,0,0,0,3,0,0,0,0,25,9,131,64,0,0,0,0,0,0,0,0,0,0,0,0,0,0,0,0,0,0,0,0,0,0,0,0,0,0,0,2,0,0,10,0,0,0,0,0,0,3667,0,0,54,0,0,0,0,0,1,0,0,0,0,0,17,0,4,0,0,3,0
0,0,0,1,2,0,0,23,0,0,4,2,0,263,59,0,0,0,0,0,16,21,0,8,2,367,3,0,95,16,38,0,0,108,0,0,119,33,1,0,1,0,0,86,0,12,133,13,0,0,0,0,0,0,31,0,0,0,0,11,0,95,0,0,243,5,1,0,0,0,9,0,0,62,51,0,0,0,0,1,1,0,4,0,188,0,0,0,0,47,1,63,13,0,0,0,0,0,1,0,0,0,0,4,5,1,138,113,38,0,10,0,0,410,0,0,0,1,150,0,0,15,0,0,112,0,0,0,0,203,115,45,0,3,0,0,120,0,0,0,1,0,0,0,326,0,2,3,0,0,13,4,0,0,1,0,0,0,52,71,0,0,0,2,0,0,0,0,1,2,1,0,0,0,0,0,0,14,49,1,10,0,0,0,39,0,0,0,27,0,0,137,2,0,192,0,0,1,0,0,0,0,0,1,0,22,0,0,0,6,0,0,17,2,4,1,15,111,198,11,11,23,169,0,1,0,0,0,146,1,143,1,0,404,0,0,10,0,0,38,0,0,0,4,0,0,0,1,1,40,66,2,36,0,13,13,7,16,3,12,1,0,0,2,217,0,0,36,0,150,0,11,1046,0,0,0,1,3,2,1473,1,0,712,0,0,0,0,2,5,10,0,0,13,0,12,4,3,0,0,69,0
0,0,0,0,0,0,0,0,0,0,11,0,0,1009,192,0,0,0,0,0,367,16,0,1,0,7,0,0,13,6,12,0,0,60,18,255,10,41,0,0,0,0,144,379,0,10,0,0,0,0,12,0,0,6,0,0,0,0,1,470,0,42,0,0,318,0,1,0,0,56,1044,0,0,32,0,0,0,0,0,0,0,18,0,0,105,0,0,0,0,16,0,34,0,0,0,0,0,0,0,0,0,0,0,0,0,0,420,117,48,19,1,41,0,50,0,0,0,0,47,0,0,0,0,0,62,0,86,0,6,1,0,0,0,2,0,0,36,0,0,0,0,0,0,0,0,0,2,0,0,0,0,16,25,0,0,0,0,0,211,198,0,0,0,0,0,0,0,0,0,0,0,0,0,0,0,0,0,33,13,0,0,0,0,17,16,0,0,0,0,0,0,42,0,0,38,0,6,0,0,5,0,0,0,0,0,0,3,0,0,35,0,0,0,0,0,0,87,238,0,9,182,0,0,0,1,0,0,10,132,4,147,12,0,23,0,0,0,0,0,0,0,0,144,0,0,0,0,0,0,0,0,1,0,0,0,12,1,0,5,0,2,0,0,0,2,0,4,55,0,135,0,0,0,1,1,0,0,0,3,1948,0,47,427,0,0,0,0,0,6,54,0,0,0,0,0,0,0,0,0,3,0
0,0,0,0,0,2,40,0,0,0,0,0,0,0,62,0,0,0,0,0,155,129,0,17,0,539,0,0,34,0,0,0,0,4,0,0,0,0,0,0,0,0,0,0,0,0,0,10,0,0,0,0,0,11,0,0,0,0,0,256,0,0,0,0,169,0,27,0,0,0,38,0,0,0,0,0,2,11,0,120,0,17,56,0,0,0,187,0,0,0,0,8,2,0,0,0,0,0,104,0,0,0,0,0,0,0,0,1243,0,0,0,0,0,0,11,3,0,1,7,0,0,0,0,2,0,0,0,0,0,0,0,0,0,7,0,0,0,0,0,0,2,0,0,0,0,0,5,0,0,0,17,0,0,15,0,0,0,0,0,103,0,0,0,0,0,0,0,0,0,0,13,0,1,0,0,0,0,101,210,0,0,0,15,0,3,0,0,0,0,0,0,29,0,11,0,0,0,0,1,0,0,0,4,0,0,6,19,15,0,5,0,0,0,0,0,5,183,0,5,0,32,0,0,0,0,0,0,0,0,0,0,0,0,246,0,0,1,0,0,0,31,0,0,0,0,0,0,0,0,0,0,0,0,0,0,3,9,0,24,0,9,0,0,11,0,0,61,0,0,52,0,0,799,0,0,0,0,0,0,3995,0,0,133,0,0,0,0,0,113,0,0,0,0,0,416,0,0,0,0,22,0
0,0,0,0,0,0,0,0,0,15,0,9,8,84,19,0,0,0,0,0,0,0,8,0,0,97,0,0,2,46,74,0,0,23,0,0,194,176,0,0,0,1,0,15,0,103,0,0,0,0,0,0,0,0,0,0,0,0,0,0,0,2,0,0,0,0,70,0,0,0,0,0,0,0,0,83,4,0,0,0,0,66,0,17,47,1,0,1,5,1341,0,0,1,0,0,0,0,0,55,0,14,0,0,0,0,0,0,0,0,0,0,0,14,0,17,0,0,0,0,0,0,0,0,0,207,0,0,0,0,0,0,0,5,0,0,0,0,0,0,0,0,0,0,0,0,0,0,0,0,0,88,0,0,14,15,0,0,0,0,0,6,0,0,0,0,0,0,0,74,50,0,0,0,0,6,208,0,0,6,0,0,0,0,0,0,0,0,0,757,0,137,0,0,210,0,0,0,0,0,0,366,0,0,0,0,0,214,0,22,1,0,0,40,0,0,0,0,0,161,0,0,0,0,1,45,0,0,0,0,0,0,4,0,28,0,0,0,0,11,10,65,261,63,0,0,0,0,0,0,0,1,0,0,0,80,7,0,0,12,0,0,0,0,0,0,0,0,0,243,1,0,0,495,0,0,0,2,4,0,3195,0,0,118,0,0,0,0,0,17,0,0,0,0,0,65,0,0,0,0,77,0
0,0,0,1,0,0,0,0,0,0,2,0,0,177,19,1,0,0,0,0,0,19,5,2,0,2109,0,0,1,1,329,0,1,0,0,0,25,1,24,0,19,0,0,8,3,1,0,0,6,0,4,0,0,0,0,0,0,0,0,7,0,0,0,3,0,0,33,0,2,0,0,0,2,0,0,0,1,0,0,7,0,96,0,0,0,0,0,1,6,0,0,5,1948,0,0,0,0,0,0,0,0,0,0,0,0,0,0,1557,0,1,2,53,0,0,8,0,0,0,0,0,0,0,1,0,0,0,1,0,0,0,0,0,0,0,0,17,0,0,0,0,1,0,0,0,1,0,1,0,0,0,30,0,0,3,0,22,19,0,0,0,1,6,0,0,0,29,0,0,54,0,0,0,1,0,0,214,0,0,9,0,0,0,0,0,0,0,0,0,0,0,0,0,0,80,0,0,2,0,0,0,2,0,0,0,0,1,43,0,11,1,0,0,25,0,0,6,1,0,651,0,1,29,0,0,26,0,0,0,0,0,3,1,0,76,0,0,0,0,11,17,0,0,0,0,0,0,0,0,0,0,0,0,0,0,11,1,1,0,0,0,0,0,0,1,1,0,0,0,0,264,0,0,72,0,0,0,0,0,6,1625,0,13,52,0,0,0,0,1,1,0,0,0,0,0,12,0,3,0,0,57,0
0,0,0,0,6,19,0,2,0,5,2,9,0,23,0,0,0,1,8,6,36,1,9,102,14,2888,3,0,282,12,17,0,0,12,0,0,2,11,0,0,0,6,0,11,0,6,0,1,0,0,0,0,0,8,3,6,0,0,1,3,13,0,0,2,0,0,11,0,0,195,42,30,20,9,1,0,0,0,0,1,10,81,184,21,44,0,0,0,0,38,1,33,0,34,11,0,0,0,32,39,0,0,0,0,0,5,1,1,0,1,0,117,0,0,32,0,0,0,0,4,10,0,0,0,0,55,1,1,37,10,11,5,0,0,0,0,0,0,1,2,0,0,56,0,19,0,1,18,36,24,99,9,0,69,1,0,36,0,1,5,0,29,0,1,0,43,0,0,66,10,1,0,0,0,0,0,14,0,1,31,0,0,41,0,0,0,0,43,298,0,0,0,0,282,0,0,49,1,0,23,308,0,1,1,0,1,130,0,0,176,0,24,59,26,1,0,1,1,849,0,0,53,0,0,65,0,1,0,0,4,7,3,0,8,0,5,1,0,0,0,189,6,0,5,0,19,0,6,0,0,0,1,4,0,5,0,0,0,3,1,9,0,0,2,0,0,0,0,0,17,0,16,63,0,0,1,0,0,5,1904,0,2,18,0,0,0,0,0,11,1,0,9,0,0,16,0,1,2,0,10,2
1,0,0,0,2,0,0,0,0,0,2,0,0,0,19,0,0,1,0,0,0,20,9,7,0,2261,0,0,20,6,118,0,0,108,0,0,1,4,0,0,0,0,0,0,0,0,0,1,0,0,0,0,0,1,0,1,0,0,0,1,0,0,0,1,0,0,34,0,0,0,1,0,4,0,0,0,2,0,1,1,0,464,21,5,0,0,140,0,3,9,0,9,14,0,0,1,0,0,0,102,0,0,0,0,0,0,0,0,0,1,29,10,0,0,7,25,0,0,0,0,25,0,0,0,22,122,0,0,22,0,0,0,0,1,0,0,0,0,0,0,0,0,0,0,1,1,0,0,0,0,0,0,0,41,1,188,0,10,0,0,1,10,0,0,2,0,1,0,0,0,2,0,0,0,5,271,0,0,1,0,0,0,114,0,0,7,0,0,0,0,0,0,0,152,0,0,0,0,0,0,1,53,0,0,2,13,305,0,26,3,0,2,20,7,1,0,1,0,1290,0,1,0,0,0,24,0,0,0,0,0,0,0,0,36,0,0,5,221,0,330,52,0,0,0,0,6,0,1,0,0,0,0,1,1,2,63,245,0,1,4,0,0,0,1,0,0,0,0,62,1167,0,0,389,0,4,0,0,10,1,969,0,0,38,1,0,0,0,0,0,7,0,0,0,57,0,0,27,0,0,98,0
0,0,1,0,0,0,0,19,0,0,0,0,0,0,0,0,5,9,0,26,23,27,0,0,2,2363,0,0,1,1,15,10,0,29,0,0,5,0,0,0,0,0,114,0,0,1103,0,0,9,0,0,16,0,0,2,0,0,0,0,2,2,0,0,1,0,0,122,0,0,60,4,0,5,6,0,0,0,0,1,11,0,134,5,16,33,0,10,0,0,7,0,1,1,0,8,2,0,0,0,1,25,0,0,0,0,0,0,0,0,0,1,23,0,0,5,0,0,0,0,4,23,5,0,0,14,343,0,28,46,134,0,0,0,0,0,0,0,0,0,0,1,223,31,0,1,26,0,0,0,0,133,1,0,0,0,0,12,0,27,0,10,4,0,145,0,0,0,0,32,13,4,1,0,1,0,137,0,0,1,6,0,0,14,0,0,0,0,1,712,0,0,0,0,127,0,0,1,0,0,0,4,236,0,1,0,1,63,0,13,0,278,41,87,0,1,0,1,1,371,0,1,0,0,0,0,62,3,0,3,0,0,0,0,3,0,0,0,671,0,9,108,0,0,1,0,10,0,1,0,0,0,1,6,0,5,0,0,0,1,49,1,0,0,1,0,0,0,1015,0,3,0,9,67,0,1,0,0,0,0,174,0,0,84,0,0,0,0,2,0,3,0,0,0,0,0,0,3,0,0,86,0
0,0,0,1,0,0,0,0,0,0,10,0,0,0,1,0,0,0,0,0,0,60,0,0,0,3023,0,0,1,0,13,0,0,102,3,0,0,0,0,0,0,0,0,0,0,290,1,0,0,0,0,0,0,0,0,0,2,0,16,0,0,0,0,1,0,0,0,0,0,0,0,0,0,0,0,861,0,0,0,270,0,1,0,0,0,1,0,0,0,10,0,1,0,0,0,0,0,0,0,0,0,1,1,0,0,0,0,328,0,0,0,346,0,1428,0,0,0,0,831,0,0,0,0,1,28,0,0,0,0,0,0,0,0,0,0,0,1,0,0,0,1,0,1,1,0,0,0,0,0,0,21,0,0,0,0,0,0,0,0,0,0,0,0,0,0,0,0,0,0,1,0,0,0,0,0,0,0,0,0,1,0,0,0,0,0,0,1,0,0,0,0,326,0,0,0,0,0,0,0,0,0,0,0,1307,1,4,0,0,1,1,0,0,0,0,11,1,0,0,11,0,0,29,0,0,0,0,0,0,100,0,0,0,0,0,0,0,1,2,1,0,0,0,0,0,1,1,0,0,0,0,0,0,0,0,0,1,0,0,6,0,0,0,0,11,18,0,0,0,0,0,0,0,135,0,0,0,0,0,0,0,0,0,278,0,0,0,0,0,0,50,0,0,0,0,0,0,5,0,0,45,0
0,0,0,0,0,0,3,19,967,0,0,0,0,406,0,0,45,0,0,13,41,0,19,0,0,2081,0,0,15,8,78,0,0,50,0,0,0,262,0,0,0,0,0,0,0,3,0,0,0,10,0,0,0,0,0,0,0,0,0,280,32,9,9,0,0,92,139,0,0,29,11,0,0,16,17,0,0,0,0,0,0,69,1,5,0,0,0,0,0,10,1,0,23,0,0,9,0,0,25,0,48,0,0,0,0,0,1,1,0,0,0,90,0,0,0,0,12,0,11,0,0,0,0,0,121,68,1,0,61,168,15,0,0,0,0,0,149,0,0,0,0,0,0,0,0,0,0,0,0,9,80,10,0,0,2,44,0,0,0,2,0,4,0,1,0,51,0,0,56,16,0,0,1,0,0,266,0,41,0,0,6,0,22,1,0,0,0,0,540,0,0,31,0,0,0,0,0,0,0,0,0,0,0,1,0,14,299,2,4,2,0,0,33,0,1,0,0,0,1468,23,6,15,0,0,23,51,0,0,0,0,3,2,0,1,0,0,2,0,20,38,85,0,0,0,0,5,0,1,0,0,1,4,0,0,6,9,12,0,76,0,0,0,0,38,1,0,0,29,0,388,0,0,64,0,1,0,6,1,0,293,0,3,167,0,0,0,0,1,0,42,0,0,0,0,1,0,5,0,0,32,0
0,20,2,0,0,0,3,52,0,0,30,0,0,125,8,0,0,1,0,0,2,48,0,13,0,2389,0,0,43,1,587,0,0,21,13,0,19,0,0,0,0,0,0,0,0,8,0,2,0,0,1,0,0,0,0,4,0,0,0,9,10,0,10,0,0,0,308,0,0,0,49,0,0,0,0,0,0,0,0,2,0,3,0,0,0,7,22,0,0,63,0,81,13,0,0,0,0,0,0,0,0,201,3,0,2,0,0,135,0,0,0,0,0,1,0,0,0,3,20,0,0,0,0,0,75,0,0,0,0,0,0,17,0,5,0,0,24,0,0,0,49,0,0,0,250,0,58,4,0,0,12,0,0,63,0,0,0,0,0,0,0,0,0,0,0,1,0,0,0,0,5,0,0,0,0,0,0,0,12,1,0,0,0,0,2,0,0,0,0,0,0,27,2,0,0,0,0,0,0,0,0,0,0,399,0,67,1,0,5,56,0,0,0,0,16,4,0,0,104,0,0,20,0,0,0,0,0,0,5,6,171,1,0,1334,0,0,7,50,0,3,0,0,0,0,86,3,0,3,0,0,0,2,37,1,23,10,6,0,3,51,2,0,0,3,2,0,0,0,0,215,0,2,154,0,50,0,2,5,0,1613,0,0,277,0,0,0,0,10,0,14,0,0,0,0,0,0,13,0,0,228,0
0,0,0,2,9,0,0,18,154,0,4,6,1,1,70,0,54,0,22,100,1,20,30,5,2,3902,3,0,44,41,20,0,2,1,0,0,0,1,0,0,22,0,0,11,0,21,0,0,12,0,0,64,0,0,3,1,0,2,0,64,3,1,3,0,3,1,52,2,0,155,40,0,0,3,2,0,0,0,0,31,0,183,246,0,3,9,3,1,0,21,0,2,0,0,0,0,0,0,16,9,16,0,5,27,0,1,1,0,0,1,19,57,0,1,12,0,0,0,0,0,0,1,0,0,0,123,1,0,49,20,5,1,0,0,0,0,0,0,0,0,0,0,0,0,9,0,0,0,0,2,69,0,0,17,1,42,63,0,1,3,1,0,0,1,0,88,0,0,155,55,0,0,0,2,0,179,0,0,5,68,22,0,36,0,0,0,0,0,139,0,0,2,6,72,0,0,0,0,0,0,12,438,0,0,0,1,83,0,0,82,0,15,153,0,1,0,2,1,1022,11,46,0,0,0,44,0,0,0,0,0,7,6,29,14,0,4,3,0,0,24,0,0,0,0,0,0,0,1,0,37,0,1,28,1,2,13,5,4,3,4,4,0,0,11,0,0,0,0,2,7,0,0,459,0,1,0,0,2,5,4,0,0,143,0,0,0,0,3,4,60,0,0,0,0,22,1,157,49,0,40,62
0,0,0,0,0,0,1,0,0,0,0,0,1,0,1,0,0,0,0,0,0,69,1,0,0,1504,0,0,4,3,0,0,0,84,0,0,20,0,0,0,0,0,0,0,0,0,0,2,0,0,0,0,0,0,0,0,0,0,0,335,0,0,0,56,0,0,172,0,0,0,11,0,26,0,0,0,0,0,0,427,11,0,111,0,0,0,0,0,0,0,0,6,23,0,0,0,0,0,0,0,0,0,0,0,20,0,0,1911,0,0,0,0,0,0,0,0,0,0,111,5,0,0,0,1,30,0,0,0,0,0,0,0,0,3,0,0,1,1,0,0,27,0,0,0,0,389,0,0,0,0,0,0,0,29,1,0,0,0,0,50,0,0,0,0,0,0,0,0,0,0,14,0,0,0,0,0,0,32,0,0,0,0,0,0,0,0,0,0,0,14,6,0,0,0,0,0,101,0,0,0,0,0,0,1152,0,170,0,0,0,1,0,0,0,0,0,2,66,40,105,0,14,16,0,0,0,0,0,0,16,0,0,0,0,0,0,0,42,0,0,0,1,0,0,0,3,0,0,0,0,0,0,0,0,0,91,29,0,0,0,4,0,0,0,0,26,0,0,0,0,0,0,0,74,0,0,0,0,0,24,2005,0,0,358,0,0,0,3,0,0,0,0,0,0,0,14,0,57,0,0,82,0
0,0,0,0,0,0,0,14,0,0,0,2,0,209,16,0,52,0,16,14,28,97,0,0,1,229,0,0,0,3,172,5,0,84,0,0,44,0,0,0,0,0,0,11,0,19,0,0,0,0,0,0,0,0,3,0,0,0,0,138,9,9,0,9,0,1,167,0,9,117,57,0,103,5,0,0,0,0,0,151,0,267,0,42,20,2,0,0,0,38,0,0,0,0,0,0,0,0,67,0,0,59,4,0,0,2,0,0,1,0,6,11,11,2,4,0,1,0,4,4,29,0,0,0,47,318,0,1,0,134,5,0,0,0,0,0,11,0,0,0,0,0,55,10,1,0,0,17,0,5,29,1,0,80,1,118,21,0,1,0,0,35,10,46,0,42,0,0,40,16,0,0,0,1,0,699,0,0,0,8,0,0,0,0,0,0,0,29,622,0,0,12,0,165,0,0,0,0,0,0,4,55,0,1,0,2,77,0,7,0,0,0,39,0,3,7,67,0,0,14,21,18,1,0,0,146,1,0,6,0,0,3,28,107,6,0,3,144,0,11,126,0,0,0,5,0,0,0,0,0,17,0,0,0,0,2,2,0,11,5,0,0,2,2,7,0,0,0,5,14,0,12,407,0,0,0,1,1,0,2865,0,0,544,0,0,21,0,1,0,0,0,2,1,0,152,0,31,0,0,49,0
0,0,0,0,0,0,0,8,0,10,11,0,0,0,0,0,44,1,0,1,0,82,19,0,0,2327,0,0,74,3,0,0,0,44,0,0,6,98,0,0,0,0,0,0,0,70,124,0,10,1,0,0,0,0,3,0,0,0,0,225,5,0,0,0,0,0,0,0,0,189,1,0,88,0,0,99,3,0,1,68,0,128,0,11,43,0,27,0,0,33,0,0,0,0,0,0,0,0,33,0,10,0,0,0,0,0,0,0,0,0,0,73,0,0,0,18,0,0,12,0,25,0,4,0,144,817,1,1,48,0,12,0,0,0,1,0,0,0,1,0,1,0,47,0,1,0,0,0,0,0,0,0,0,0,0,91,0,1,0,0,0,0,0,1,0,0,0,0,0,49,1,1,0,0,0,390,0,0,0,0,0,164,34,0,0,0,0,0,0,0,0,7,4,157,0,0,0,0,0,0,1,46,688,1,34,4,104,14,0,1,0,0,123,3,1,0,7,0,66,30,1,0,0,0,0,0,0,1,0,0,0,0,0,170,0,0,0,256,0,14,44,0,0,0,0,10,5,0,0,0,0,4,1,0,0,3,2,0,2,0,0,0,0,3,0,0,0,0,0,400,0,8,250,0,0,0,1,0,5,1573,0,0,93,0,0,0,0,0,0,20,0,0,0,0,0,0,0,0,0,17,0
0,0,0,0,0,0,0,21,1054,6,5,6,1,114,16,0,0,0,29,0,94,200,19,0,1,898,0,0,57,1,13,0,7,30,0,0,7,27,0,0,14,0,0,28,0,59,46,1,0,0,0,0,1,0,1,0,0,0,0,147,10,4,0,0,0,1,111,16,14,0,5,0,2,67,640,0,2,0,0,70,7,54,144,0,488,0,49,1,8,26,0,2,167,0,0,10,0,0,91,0,0,0,0,0,18,0,1,1,0,0,0,4,0,0,8,83,0,135,0,2,19,0,0,0,73,41,1,0,30,112,0,7,0,0,0,0,267,0,0,0,0,0,0,0,0,0,0,0,0,0,0,4,0,0,1,142,0,0,0,33,0,20,15,22,0,0,0,1,35,11,0,0,1,0,0,326,0,104,6,0,10,0,23,0,0,0,0,7,369,0,0,1,0,216,0,0,0,0,0,0,2,0,0,0,0,1,0,0,7,9,0,0,31,13,1,0,10,1,546,8,25,0,0,0,24,0,0,0,1,0,16,3,0,262,0,4,13,0,0,0,84,0,40,0,0,0,0,11,0,0,114,4,12,0,20,6,37,0,5,2,6,0,0,0,1,0,0,0,0,1,0,17,247,1,3,1,1,7,3,861,0,0,103,0,0,0,35,1,36,12,0,0,0,0,154,2,1,49,0,109,0
0,0,0,0,0,0,0,0,0,0,0,0,0,0,1,0,0,0,0,0,0,0,0,0,0,1720,0,0,2,0,0,0,0,211,2,0,2,0,0,0,0,0,0,0,0,0,0,0,0,0,0,6,0,0,0,0,0,0,0,391,0,0,0,0,0,0,0,0,0,0,123,0,0,0,0,0,0,0,0,480,0,0,339,0,0,1,389,0,0,0,0,3,0,0,0,1,0,1,0,0,0,1,0,11,0,0,125,553,0,55,0,0,0,0,0,0,0,0,0,0,0,0,0,1,35,0,0,0,0,0,0,0,0,3,0,0,1,0,0,0,0,0,0,0,0,8,33,0,0,1,34,0,0,0,1,0,0,0,13,0,0,0,0,1192,0,0,0,0,0,0,21,0,0,0,0,0,0,0,282,0,0,0,0,0,0,0,0,0,0,0,0,0,1,0,0,0,0,0,0,0,0,0,0,297,0,34,0,0,0,1,0,23,74,0,0,0,84,0,104,0,9,0,0,84,0,0,0,0,0,0,168,3,0,356,0,0,10,3,0,5,0,0,0,0,25,26,0,41,0,0,0,0,0,0,0,1,0,0,0,44,0,0,0,0,5,0,0,0,3,1,0,0,8,0,0,0,0,0,0,2104,0,0,242,0,0,0,0,0,0,76,0,0,0,0,0,0,5,0,0,130,0
0,0,1,1,0,0,0,0,0,0,0,0,0,0,7,0,0,0,0,0,0,38,0,0,0,26,0,0,0,0,0,0,0,316,17,0,0,0,2,0,5,0,0,0,0,0,0,0,0,0,0,0,0,0,0,0,0,0,0,0,0,0,0,19,0,0,233,0,0,0,0,0,0,0,1344,0,0,0,0,194,0,0,0,0,0,161,0,0,0,0,0,10,0,0,0,0,0,0,43,0,0,37,0,0,41,0,0,1364,0,82,0,0,0,0,0,0,0,3,152,0,8,0,0,1,17,75,4,0,0,0,0,0,0,0,0,0,10,1,0,0,6,0,0,0,0,0,19,0,0,0,0,0,0,0,0,0,0,0,0,0,0,0,0,529,0,0,0,0,1,0,4,0,1,3,0,0,0,0,584,1,0,0,0,0,0,0,0,0,0,0,0,0,0,0,0,0,0,0,0,0,0,0,0,358,0,89,0,0,0,0,22,0,0,0,0,0,0,0,0,0,0,0,0,0,0,0,0,0,72,18,0,0,0,988,0,0,3,0,0,4,0,0,246,0,6,0,1,2,0,0,0,0,0,0,0,121,23,0,0,0,6,0,0,9,0,0,0,0,24,25,0,0,410,0,0,0,0,0,3,1702,0,0,328,0,0,0,0,0,0,40,0,0,0,0,102,0,40,0,0,0,0
1,0,0,0,0,0,0,0,0,0,0,6,0,0,0,0,0,0,0,40,20,50,15,0,0,1973,0,0,427,15,0,0,0,9,0,0,9,173,0,0,31,0,0,57,0,352,0,0,3,0,0,0,0,0,0,0,0,0,0,0,15,53,0,0,0,0,220,0,0,0,0,0,0,0,0,0,0,0,0,55,0,268,287,7,0,0,0,0,0,49,0,0,0,0,0,0,0,0,16,0,0,0,0,0,0,2,0,2,0,1,0,399,0,0,12,0,0,0,0,0,0,0,0,0,200,0,1,1,0,0,64,58,0,0,0,0,0,0,0,0,0,0,0,0,1,0,0,0,0,0,237,0,0,0,0,0,0,0,0,0,0,0,0,1,0,0,0,1,0,131,0,0,0,0,0,476,0,0,1,0,0,0,0,0,0,0,0,0,0,0,0,13,0,120,21,0,0,0,0,0,366,0,0,0,0,0,0,0,17,48,0,0,21,0,4,0,1,0,1425,44,0,0,0,0,0,0,0,0,0,0,386,0,0,282,0,0,0,0,0,0,65,0,0,0,0,0,0,4,0,0,0,2,0,0,0,0,0,0,0,0,0,0,0,0,0,0,0,0,0,7,0,110,657,0,0,0,0,0,6,135,0,0,475,0,0,0,0,0,14,0,0,0,0,0,0,0,0,45,0,0,0
0,0,0,0,0,0,26,0,0,0,8,8,0,0,10,0,2,0,0,0,0,0,11,1,0,785,0,0,11,7,15,0,0,36,3,0,8,32,0,0,21,0,0,0,0,0,0,0,2,0,0,0,0,0,0,0,0,0,0,61,3,0,2,289,0,0,0,0,21,0,0,0,7,0,0,375,2,0,0,48,6,86,292,6,0,0,0,0,8,90,1,0,1,0,0,1,0,0,0,0,0,0,0,0,0,0,0,0,0,0,0,86,0,0,5,0,0,0,0,0,0,0,0,0,48,0,4,1,120,0,0,0,0,1,0,2,1,0,0,0,0,0,0,0,0,0,0,0,0,0,0,5,0,0,1,0,0,8,0,0,1,0,0,1,0,0,0,1,0,0,0,0,1,1,0,412,0,0,0,0,0,0,90,0,0,0,0,0,0,0,0,0,3,0,1,0,0,0,0,0,0,420,0,0,0,0,130,13,0,2,0,0,37,0,1,0,6,0,351,0,7,0,0,0,0,143,0,0,0,0,0,7,0,0,59,0,0,240,0,7,127,0,0,0,0,0,10,1,0,0,244,0,1,1,0,1,0,0,0,52,0,0,0,1,266,0,0,0,0,1,0,0,508,0,1,0,0,0,0,3780,0,0,322,0,0,0,0,0,0,0,0,0,0,0,105,0,1,0,0,88,0
87,0,0,0,0,0,44,0,0,8,0,0,1,0,13,0,0,2,2,0,13,8,0,37,0,189,0,0,94,145,317,0,0,157,0,0,27,670,1,0,0,4,0,0,0,6,0,0,0,0,3,0,0,0,0,0,1,0,0,12,3,0,0,0,0,0,8,0,3,0,7,1,0,0,0,0,1,0,0,2,0,0,25,0,0,33,0,0,0,48,0,315,89,0,0,3,0,0,0,5,0,0,0,0,0,0,0,377,0,0,0,0,0,153,0,0,0,0,488,0,0,0,0,3,69,0,0,0,0,0,0,1,0,0,0,2,57,0,0,0,5,0,0,0,0,0,15,0,0,2,19,0,0,7,0,0,0,0,0,0,0,0,0,0,0,0,5,0,0,21,1,0,0,0,0,0,0,40,12,0,0,0,0,0,2,19,0,0,0,0,0,600,6,1,0,0,0,0,0,0,0,0,0,0,0,72,0,0,1,1,0,0,0,22,27,0,17,0,213,0,0,3,0,0,0,0,0,0,6,0,161,0,0,341,0,0,2,0,0,0,2,0,0,0,0,0,0,15,0,0,58,1,30,0,63,63,2,0,6,70,0,0,10,2,10,0,0,0,13,652,0,94,238,0,0,0,0,0,5,3325,0,0,0,5,0,0,0,0,29,36,0,0,0,0,9,0,18,0,0,88,0
0,0,0,0,0,0,0,32,0,8,2,5,0,0,0,0,51,1,8,15,17,36,12,2,0,2445,1,0,41,6,1,0,0,13,0,0,27,8,0,0,0,0,0,13,0,53,0,6,0,0,1,0,2,0,24,1,0,0,0,33,8,1,0,0,232,0,59,0,0,54,4,13,6,7,0,0,0,0,1,10,0,104,7,0,158,3,64,0,0,11,13,4,0,0,0,0,0,0,27,0,34,0,0,0,0,2,0,1,0,0,0,9,0,5,0,0,0,0,4,0,0,0,0,0,38,98,0,0,52,10,13,3,0,0,0,0,0,0,1,0,1,0,0,0,6,0,0,174,0,0,47,9,0,58,1,0,72,1,0,1,0,0,11,1,0,0,1,0,0,432,1,0,0,0,0,1001,0,0,1,12,0,0,28,1,22,0,0,10,0,0,0,15,12,179,1,0,0,0,0,22,290,405,0,1,0,1,77,0,0,3,0,0,38,5,1,0,0,1,1303,0,0,16,0,0,0,0,6,0,1,0,15,3,0,8,0,0,1,0,11,21,122,0,0,0,0,0,0,0,0,0,0,2,1,0,8,4,5,0,4,14,6,0,0,4,0,0,0,0,1,16,25,4,864,0,0,0,0,0,1,421,0,0,57,0,0,0,0,0,0,4,0,0,0,0,0,0,22,0,0,85,96
0,0,0,0,0,0,0,0,0,0,0,0,5,0,3,0,0,0,0,1,0,0,0,0,0,4487,0,0,0,0,0,0,0,95,0,0,920,0,5,1,0,0,0,0,0,0,0,0,0,0,0,0,0,0,0,0,0,0,0,0,0,0,0,0,0,0,0,0,0,0,0,0,0,0,0,0,0,0,0,0,0,0,0,0,0,5,0,0,0,169,1389,0,0,0,130,0,0,0,162,0,0,2,0,0,6,0,0,0,0,0,0,27,11,0,0,0,2,8,8,0,0,0,0,4,128,0,0,0,0,0,98,207,0,0,0,0,2,1,0,0,0,0,0,0,0,0,0,0,0,2,0,0,1,0,3,0,0,0,0,288,0,0,0,0,0,0,0,0,0,12,0,0,1,0,0,0,0,125,0,0,0,0,0,0,0,0,0,0,0,0,0,0,0,0,0,0,0,0,0,0,0,0,0,0,0,46,5,0,1,1,0,0,0,0,0,0,0,0,0,0,0,0,0,0,0,0,0,0,94,0,0,0,0,0,0,7,0,0,0,2,0,0,9,0,0,0,0,0,0,0,6,0,0,1,33,5,0,0,0,0,0,0,0,0,0,0,0,0,0,0,0,0,158,2,0,0,0,0,183,0,0,0,0,0,3,0,0,0,711,0,0,0,0,0,426,0,0,0,0,0,0
1,0,0,0,0,0,3,0,0,0,0,0,0,0,27,0,0,0,0,0,0,0,8,15,0,222,0,0,21,21,1598,0,5,82,0,0,0,1624,0,2,0,0,0,0,0,4,0,9,0,0,0,0,0,0,0,0,3,0,0,0,0,0,0,0,0,0,0,0,0,0,0,0,0,0,0,2,0,0,0,1062,0,0,121,0,0,0,0,0,0,0,0,119,6,0,0,15,2,0,0,0,0,0,0,0,0,0,0,1358,0,0,0,0,0,0,0,0,0,0,0,0,0,0,0,0,91,0,0,0,2,0,0,235,0,1,0,0,7,1,0,0,0,0,0,0,0,0,0,0,0,0,13,0,0,0,0,0,0,0,0,0,0,0,0,8,0,0,0,0,0,0,0,0,44,0,0,0,0,100,0,0,0,0,0,0,2,0,0,0,0,0,0,0,0,0,0,5,10,0,0,0,0,0,0,1,0,104,0,0,6,5,0,0,0,0,0,1,0,0,1024,0,11,0,0,0,0,0,0,0,0,0,0,0,0,0,0,0,0,0,0,0,0,0,0,0,0,0,2,0,0,0,72,0,40,0,0,0,0,0,0,0,7,0,0,0,2,0,0,0,0,1769,0,0,20,0,0,0,0,0,2,0,0,0,0,0,0,0,0,0,87,0,0,0,0,0,0,0,0,0,0,0,0
0,0,0,14,0,0,0,0,0,0,0,0,0,0,11,0,21,0,0,0,0,38,5,0,0,1803,0,0,0,0,0,0,0,0,0,0,158,0,0,0,0,0,179,0,1,262,0,0,0,0,0,0,0,0,0,0,0,0,0,0,0,0,0,0,0,0,151,0,0,0,0,0,0,0,0,0,0,0,0,62,0,427,0,0,0,0,90,0,0,0,0,0,7,0,0,1,5,0,0,105,14,21,0,0,0,0,0,0,0,0,0,62,137,0,0,0,0,0,0,0,0,0,0,0,0,0,1,0,0,0,0,0,0,0,0,0,0,0,0,0,0,0,0,0,0,0,0,0,0,0,0,0,0,0,1,46,32,1,0,0,6,0,0,0,0,54,0,0,0,0,0,0,0,0,0,940,0,0,0,0,0,0,0,0,0,0,1,0,0,0,0,0,0,79,0,0,0,0,0,0,10,268,0,0,1,64,165,0,14,0,0,0,34,0,0,0,0,0,743,0,0,0,0,0,25,0,0,0,0,0,0,0,0,335,78,0,0,0,20,0,232,0,0,0,0,0,0,1,0,0,0,6,0,0,0,205,35,0,0,0,0,0,0,0,0,0,0,272,0,0,0,0,69,0,0,0,1,0,0,2189,0,1,294,0,0,0,0,0,0,0,0,0,0,0,0,0,2,0,0,207,0
0,0,0,0,0,0,2,9,0,0,8,2,1,50,1,0,10,0,0,0,76,40,18,2,0,2450,2,2,1,0,96,0,53,53,1,0,1,63,87,0,10,0,0,27,0,1269,38,1,0,0,0,0,0,0,0,0,0,0,0,0,6,78,1,2,0,5,159,1,10,0,17,0,0,6,782,0,3,0,0,137,0,27,0,0,40,6,304,0,0,7,53,11,1,0,0,0,0,0,71,0,5,0,0,0,1,0,0,247,0,0,0,146,0,97,7,0,0,0,5,0,0,0,0,0,33,0,0,0,0,14,0,7,47,1,0,1,1,0,1,0,4,0,0,1,0,0,24,0,1,0,2,9,0,0,0,0,0,0,0,23,7,0,0,0,0,1,0,0,0,2,8,0,1,0,0,0,0,95,587,0,0,0,0,0,16,0,0,0,3,0,0,183,1,0,6,1,8,1,1,0,0,0,0,0,191,21,0,0,1,1,0,0,0,6,17,1,84,10,0,1,6,0,1,0,0,0,0,0,44,0,146,1,0,253,0,0,1,0,0,1,0,0,29,0,0,0,0,1,0,0,169,5,15,0,8,13,16,1,25,196,5,3,0,6,1,0,0,95,6,53,2,32,1,3,0,0,3,0,5,589,0,0,83,0,0,0,0,1,63,60,0,0,0,0,4,2,1,0,0,35,0
0,0,0,0,0,0,0,0,1,0,0,0,0,0,96,0,0,0,0,0,0,6,9,3,0,947,0,0,41,95,221,0,0,107,0,0,0,0,0,0,0,0,0,0,0,2,0,0,1,0,0,0,0,0,0,0,0,0,0,0,6,0,0,0,1,0,120,0,0,40,0,0,0,0,0,48,0,0,0,1,0,105,0,0,0,6,81,0,0,0,0,0,0,31,0,0,0,0,0,0,26,0,0,0,0,0,0,0,0,0,0,24,0,0,0,0,0,0,0,0,9,0,0,0,40,13,0,0,0,9,0,0,0,0,0,0,0,0,0,0,1,0,0,0,0,0,0,0,0,0,8,0,0,146,0,0,0,0,0,0,0,9,9,0,0,41,0,0,52,5,0,0,0,0,0,598,0,0,0,8,0,379,34,0,0,0,0,0,0,0,0,0,0,71,0,0,0,0,0,0,0,0,0,0,0,1,57,0,4,0,0,0,20,0,0,0,0,0,112,0,0,3,0,0,0,0,0,0,25,0,0,0,0,34,0,0,2,0,0,35,108,0,0,0,0,0,0,0,0,26,1,0,0,0,0,9,15,0,0,0,0,0,0,0,0,0,0,0,0,3290,0,0,433,0,0,0,0,1,0,2298,0,0,47,0,0,0,0,0,0,0,0,0,0,0,0,0,30,0,0,1,1
0,0,0,0,0,0,117,0,0,0,0,0,0,0,49,0,0,0,0,0,42,0,0,178,0,16,0,0,46,16,921,71,0,87,0,0,0,4,0,0,0,0,0,18,0,13,0,0,0,0,0,0,0,0,0,0,0,1,0,0,0,0,0,0,0,0,323,0,0,115,0,2,0,2,0,0,0,0,0,0,0,0,8,0,7,0,2,0,0,17,0,97,17,0,0,0,0,0,0,0,0,0,0,0,8,0,4,383,0,0,0,0,2,29,0,0,0,0,145,2,0,0,0,4,37,0,0,0,0,0,11,0,0,0,0,0,8,0,0,0,66,0,0,0,0,0,0,0,0,0,1,0,0,0,0,0,0,0,0,169,0,0,0,0,0,0,0,0,0,0,0,0,0,0,30,0,0,208,0,6,0,0,0,0,5,0,0,0,0,0,0,55,0,0,0,0,0,0,0,0,0,0,0,0,0,592,0,0,0,0,14,0,0,0,0,0,213,0,0,0,129,81,0,0,0,0,0,0,0,0,0,0,0,2915,0,0,0,0,0,0,0,0,0,0,282,0,0,0,0,0,0,0,0,0,0,211,0,0,0,3,0,0,0,0,3,0,0,0,0,698,0,0,547,0,3,0,0,0,0,453,0,0,110,0,0,0,0,0,0,15,0,0,0,0,11,0,130,0,0,249,0
0,0,1,1,0,0,0,0,0,0,0,0,0,0,0,0,0,0,0,18,0,63,5,1,2,2659,0,0,8,8,0,0,0,0,0,0,0,0,0,0,16,0,0,0,0,109,0,0,0,0,0,0,0,0,0,0,0,0,0,10,4,0,0,0,0,0,350,0,18,0,19,0,3,0,0,0,2,0,0,11,0,310,427,0,165,0,2,0,0,0,0,24,59,0,0,29,0,0,0,28,0,0,0,0,0,1,0,4,0,1,0,0,1,0,12,0,0,0,0,0,7,0,0,0,0,718,1,0,0,0,0,0,0,0,0,0,0,0,0,0,1,0,0,0,19,0,0,0,0,0,0,0,0,9,142,38,0,0,0,0,0,0,0,0,0,0,0,0,73,12,1,0,0,2,0,127,4,0,0,0,0,0,67,0,0,0,0,0,0,0,37,0,4,62,0,0,0,0,0,0,224,0,0,98,0,1,96,0,0,0,0,0,220,0,0,0,2,0,784,0,7,0,0,0,47,0,0,0,0,0,0,0,0,7,0,0,5,0,0,62,190,0,0,0,1,0,0,1,0,0,0,0,0,0,0,0,2,0,0,0,1,0,0,0,0,0,0,0,0,335,0,32,50,0,0,0,0,0,0,1381,0,0,623,0,0,0,0,0,32,0,0,0,0,0,0,0,3,0,0,105,0
0,1,0,0,0,18,0,0,0,0,22,0,0,0,0,0,0,0,11,0,16,102,26,0,0,864,0,0,22,5,318,0,0,48,0,0,0,438,0,0,0,0,0,0,0,137,0,22,0,0,0,0,0,11,28,0,0,0,0,9,34,0,16,8,0,0,87,0,3,0,173,0,7,0,0,0,3,0,0,11,0,252,314,0,324,0,0,0,8,0,0,35,0,0,0,0,0,0,122,0,98,0,0,17,0,0,0,1,0,1,1,95,0,0,57,0,0,0,0,0,4,0,0,0,0,72,1,0,110,0,0,0,0,0,0,0,0,0,0,0,0,0,0,0,5,0,0,0,15,0,0,0,0,12,176,99,0,0,0,17,6,0,10,0,0,0,0,0,59,0,0,0,0,1,0,379,13,0,0,0,0,0,82,0,0,0,0,0,0,0,0,0,0,36,0,0,0,0,0,0,277,0,0,0,0,1,248,4,0,0,0,0,19,0,2,0,10,94,1708,0,2,15,0,0,85,0,0,0,2,0,0,0,0,1,0,0,9,0,0,6,55,0,0,0,0,0,0,4,0,0,0,0,0,0,55,0,1,0,43,53,17,0,0,5,1,0,0,0,0,4,0,82,317,0,0,0,0,0,58,1191,0,0,630,0,0,0,0,0,38,67,0,0,2,0,0,29,1,0,0,0,0
0,1,0,0,6,1,18,27,0,1,3,0,0,0,0,0,0,1,0,0,104,38,0,0,0,2121,0,0,12,13,503,0,0,149,2,0,24,88,0,0,0,0,0,0,0,209,101,0,0,1,2,0,0,0,8,8,0,0,0,184,2,92,0,2,0,0,30,0,4,43,47,0,0,0,0,1,0,0,0,68,0,22,1,0,0,0,198,0,0,40,0,1,0,0,0,0,0,0,70,0,5,0,0,2,0,0,0,1470,0,21,2,0,0,527,0,24,0,2,38,0,0,0,0,1,15,8,1,0,1,0,5,122,0,0,0,0,1,0,0,0,0,0,0,0,382,0,1,1,1,0,3,34,0,0,0,0,0,0,0,54,0,0,0,0,0,1,0,0,0,1,2,0,1,0,0,0,0,12,323,1,0,0,0,0,9,0,0,0,0,0,1,267,0,0,219,0,0,1,1,284,0,0,0,1,0,4,1,0,0,0,0,0,0,7,11,2,99,99,0,26,26,15,75,0,0,0,40,0,144,7,204,1,0,159,0,0,1,0,0,0,5,0,0,0,0,1,0,0,0,0,0,3,34,0,0,0,1,0,35,0,0,0,0,1,1,0,0,0,0,53,5,97,0,0,0,0,0,0,9,505,1,0,136,0,0,0,0,0,40,7,0,0,0,0,0,0,0,0,0,65,0
0,0,0,9,0,0,1,25,0,0,10,3,0,0,9,0,3,0,13,0,0,19,8,1,0,1633,0,0,4,30,38,0,0,137,0,0,7,1,0,5,0,2,0,11,0,68,0,0,5,0,1,0,0,0,0,0,0,2,13,4,4,30,1,4,0,0,1644,0,2,71,0,0,0,0,0,0,0,0,0,1,0,64,19,0,0,24,0,0,2,0,0,8,0,0,0,0,0,0,67,5,58,0,0,0,0,0,0,1107,0,0,0,0,0,0,23,0,0,1,404,2,0,0,12,0,14,0,0,10,0,0,11,0,12,1,47,0,28,0,0,0,12,0,0,0,59,0,11,3,0,28,2,0,0,1,1,0,0,0,244,0,0,0,0,0,0,0,0,0,0,1,2,0,0,0,0,0,0,0,489,0,0,0,0,0,10,0,7,0,0,0,8,89,1,4,0,1,0,1,0,0,0,0,0,94,0,9,0,0,1,1,0,0,12,0,0,0,48,0,1,0,0,21,0,0,0,0,0,0,0,20,38,4,0,297,0,0,0,0,0,103,0,0,96,0,0,3,1,0,0,0,0,0,2,0,0,6,0,0,8,0,1,0,0,2,0,0,0,0,28,89,0,0,283,0,0,0,1,0,1,1851,0,0,81,0,0,0,0,0,58,0,0,0,0,0,52,2,2,0,0,85,0
0,0,0,0,0,0,4,0,0,0,0,0,0,0,0,0,42,0,0,0,0,0,0,0,0,2818,0,0,0,3,149,0,0,0,0,0,0,0,0,0,0,0,0,0,0,0,0,0,0,0,0,0,0,0,4,9,0,0,0,0,0,0,0,0,0,0,18,0,0,0,0,0,0,0,0,0,0,0,0,0,0,0,522,0,0,1,0,1,0,0,0,1,0,0,0,0,0,0,0,0,0,0,0,0,0,0,0,1944,0,0,0,0,0,46,0,0,0,0,0,0,0,0,0,1,111,0,0,0,2,0,130,0,0,0,0,0,0,0,0,0,0,0,0,0,0,0,0,0,0,0,25,0,0,0,1,0,0,0,0,0,0,0,0,0,0,0,0,0,0,0,0,0,0,0,0,0,0,0,0,0,0,0,0,1,0,0,13,0,0,0,0,98,0,0,0,0,0,0,0,0,0,0,0,1,0,31,0,0,0,0,9,0,0,0,0,0,0,0,0,0,0,0,0,0,0,0,0,0,0,0,0,0,0,142,0,0,0,0,0,2,0,0,0,0,2,2,0,0,0,0,0,0,0,1,0,5,0,0,0,3,0,0,0,0,0,0,0,0,11,1,0,51,0,0,0,0,0,0,0,3331,0,0,441,0,0,0,0,0,0,7,0,0,0,0,0,0,0,0,0,21,0
0,0,0,1,0,0,4,0,0,0,0,7,17,0,15,0,0,0,0,4,62,28,11,5,0,3162,0,0,15,0,1,26,25,59,0,0,0,0,0,9,37,0,0,56,0,116,0,0,1,4,0,5,0,0,0,0,0,0,0,45,0,16,3,0,0,0,48,20,8,0,9,0,94,0,0,311,0,0,0,26,0,154,0,55,0,0,0,1,0,0,0,0,187,0,0,154,0,0,93,5,0,0,0,0,0,0,0,0,0,0,1,46,0,0,35,0,0,0,0,13,0,0,1,0,6,0,1,0,62,0,1,0,0,0,0,0,0,0,0,0,0,0,0,0,11,0,0,0,0,0,0,0,0,0,0,281,0,0,0,5,32,0,2,0,0,61,0,54,0,0,0,0,1,0,0,543,0,8,1,0,0,520,0,0,0,0,0,0,0,0,0,1,6,53,0,0,0,0,0,0,211,0,0,0,0,1,297,10,15,22,0,0,112,0,0,0,0,0,175,107,5,0,0,0,60,0,0,1,0,0,21,51,0,1,0,0,0,0,0,0,0,0,0,0,0,0,4,1,0,0,319,0,0,0,0,5,7,0,0,0,0,0,0,0,253,0,0,6,0,130,0,5,214,0,6,0,0,0,0,1189,0,0,27,0,24,0,0,13,57,1,0,0,0,0,1,0,2,0,0,13,0
0,0,0,0,0,0,26,0,0,0,3,0,0,0,41,0,68,1,0,0,0,117,15,10,0,9,0,0,40,1,97,0,14,33,0,0,2,0,13,0,0,0,0,0,0,1,0,8,0,0,6,0,2,0,0,0,0,0,0,57,4,0,0,91,0,0,25,0,3,0,22,0,34,0,0,0,5,0,0,46,0,730,11,14,136,42,60,0,0,50,0,6,0,0,0,0,0,0,0,0,40,0,0,0,3,0,24,73,0,0,0,260,0,71,26,0,0,0,1,0,0,0,0,0,70,0,0,0,48,2,0,0,0,4,0,1,15,0,0,0,0,0,0,0,0,0,18,0,0,0,6,0,0,33,0,0,0,0,0,111,0,0,0,332,0,0,0,0,0,0,11,0,1,1,0,0,10,42,14,1,0,12,0,0,2,0,0,0,0,0,0,88,0,55,0,0,0,0,0,0,0,0,0,1,0,35,8,0,1,2,0,0,0,0,2,1,81,33,16,0,10,99,0,174,0,0,0,0,24,0,217,1,0,601,0,0,16,0,0,16,0,0,0,0,4,0,0,0,0,0,48,9,20,0,14,3,23,0,0,3,2,0,11,3,2,0,0,0,4,1738,0,0,697,0,1,0,0,2,0,2417,0,0,31,0,0,0,0,0,37,62,0,0,0,0,166,53,16,0,0,76,0
0,0,0,0,0,0,0,2,0,0,0,4,0,2,41,0,0,0,0,5,4,1,13,0,0,1853,0,0,16,0,0,0,8,13,0,5,51,103,0,0,0,0,369,4,3,36,130,0,1,0,0,0,0,0,0,0,0,0,0,145,8,1,0,0,0,0,23,0,14,6,0,0,14,2,0,0,0,0,5,2,0,218,16,9,52,0,212,0,0,19,0,0,8,0,0,2,0,0,15,7,22,0,0,0,0,0,0,0,0,0,2,10,22,0,27,0,0,0,0,0,48,0,0,0,88,34,1,0,75,0,1,0,0,0,0,0,0,0,0,0,0,0,0,20,1,96,0,0,0,4,31,0,0,0,0,0,0,1,0,1,1,0,11,0,0,0,13,0,0,0,0,0,0,0,0,730,0,0,1,0,0,359,39,6,0,0,2,0,0,0,0,66,3,80,1,0,1,0,0,0,8,174,0,1,0,16,293,0,0,4,0,0,69,47,0,0,1,0,2520,0,1,0,0,0,58,0,0,0,1,0,12,5,0,0,0,0,0,0,0,8,99,0,0,0,0,0,0,1,0,0,4,0,0,0,3,81,0,0,0,11,3,0,0,7,0,0,0,0,0,328,24,21,257,0,0,0,0,0,6,466,0,0,11,0,0,0,0,0,7,70,0,0,0,51,63,0,20,0,0,17,0
0,0,0,0,0,0,0,0,0,0,16,0,4,0,45,0,0,0,0,3,0,39,28,16,0,2470,0,0,13,26,0,0,0,181,0,0,18,0,0,0,0,0,0,0,0,148,0,0,0,0,0,0,0,0,3,0,0,0,0,0,0,0,0,0,0,0,35,0,44,0,0,0,0,0,0,0,2,0,0,0,0,85,0,0,18,0,0,0,3,15,0,42,173,0,0,1,6,1,0,0,0,0,0,0,0,0,0,0,0,0,0,101,0,0,0,0,0,0,0,0,0,0,0,0,67,9,0,0,26,0,0,0,0,0,0,0,0,0,0,0,0,0,64,0,24,1,0,0,0,0,0,0,0,0,0,49,59,0,0,0,0,0,0,0,0,0,0,0,0,0,0,1,1,0,0,382,0,0,0,0,0,433,17,1,0,0,0,0,0,0,0,22,7,168,0,1,0,0,0,0,156,0,0,0,0,0,263,13,4,3,0,0,0,0,0,0,0,0,1766,0,0,0,0,0,0,0,1,27,1,0,0,0,0,0,16,0,0,0,0,9,51,0,0,0,0,0,0,0,0,0,0,0,0,0,0,0,0,0,2,153,0,0,0,0,0,0,0,0,0,29,13,0,225,0,0,0,0,0,0,2090,0,0,98,0,0,0,0,0,0,34,0,0,0,0,9,0,107,0,0,65,0
0,0,0,0,0,0,41,48,1,0,0,0,1,1,22,0,0,0,1,0,0,7,0,0,0,2332,0,0,6,15,113,0,0,149,0,0,0,3,0,0,0,0,0,0,0,15,0,0,0,0,1,4,0,0,8,2,0,0,0,0,0,0,0,0,0,0,240,0,0,4,47,0,0,0,2,0,0,0,0,71,0,0,226,0,10,2,88,21,0,65,0,3,0,9,0,0,0,0,92,104,0,0,0,0,2,0,33,1132,0,0,0,13,0,14,0,0,0,0,4,0,0,18,0,0,186,0,0,0,0,99,91,5,0,0,0,0,0,0,0,0,0,0,0,0,0,0,4,1,0,0,5,63,0,3,0,0,0,0,0,184,0,0,0,1,0,0,0,0,0,0,7,0,0,0,0,0,0,2,72,0,0,0,0,0,3,0,0,0,0,1,0,27,0,0,0,0,0,0,0,0,0,0,0,385,0,9,2,0,0,0,0,54,0,11,10,0,32,23,0,0,2,17,0,13,0,0,0,0,57,9,46,0,1,882,0,4,1,1,0,0,1,0,0,0,0,0,0,0,0,2,1,4,8,0,51,0,0,1,14,28,0,0,3,2,0,2,0,0,1,139,6,21,83,0,0,0,0,2,54,1929,0,0,153,0,0,0,0,1,5,13,0,0,10,0,44,0,20,0,0,120,0
0,0,0,0,0,0,0,0,0,0,0,0,0,0,0,0,0,0,0,0,0,64,2,0,0,3177,0,0,8,0,151,0,2,36,0,0,17,0,0,0,0,0,0,0,0,166,0,0,0,0,0,0,0,0,0,0,0,0,0,0,0,0,0,0,0,0,0,0,0,0,0,0,0,0,0,0,0,0,0,0,0,0,0,0,0,4,222,1,0,52,0,0,1,0,0,0,0,0,11,0,0,0,0,0,0,0,0,641,0,0,0,0,0,1039,0,0,0,0,0,0,0,0,0,0,69,0,0,0,0,0,0,0,0,1,0,0,2,1,0,0,0,0,0,0,0,0,0,0,0,0,0,0,0,0,1,0,0,0,12,35,0,0,0,8,0,0,0,0,0,0,0,0,1,0,0,0,0,0,0,1,0,0,0,0,0,0,0,0,0,0,0,459,0,0,0,0,126,36,0,0,0,0,0,0,73,0,0,0,0,3,0,0,0,0,0,0,0,0,99,0,0,0,0,0,0,0,0,0,0,1,396,0,0,1902,0,3,0,0,0,0,0,16,44,0,0,0,0,0,0,0,0,0,0,0,110,36,0,0,10,0,3,0,0,0,0,0,0,0,0,0,0,0,9,0,0,0,0,0,4,0,0,0,628,0,0,0,0,0,0,0,0,0,0,0,6,0,0,13,0,301,0
0,0,0,0,0,0,0,13,0,25,7,5,0,0,16,6,0,0,0,27,51,58,9,1,0,490,0,0,2,3,213,0,72,43,0,0,551,76,0,0,0,0,0,15,0,11,0,5,0,1,0,0,2,0,2,1,1,0,0,323,27,40,1,4,0,0,0,0,0,0,18,0,3,361,0,0,1,0,0,469,12,194,10,31,628,0,2,1,1,88,0,4,1,0,0,1,0,0,44,3,40,0,0,0,0,0,0,53,0,1,0,21,0,112,45,0,0,0,0,0,0,0,0,0,15,522,0,0,153,122,0,41,0,0,1,0,1,1,1,0,1,0,40,30,0,36,0,53,24,0,77,9,0,29,1,205,44,1,24,0,0,0,1,0,0,0,0,0,0,5,0,0,1,0,0,285,0,0,0,0,0,0,66,0,0,0,0,0,452,0,0,58,4,125,0,0,0,0,0,0,219,0,0,0,1,3,96,0,4,1,0,0,39,9,1,0,4,15,796,19,0,5,0,0,56,104,1,0,10,0,271,4,23,1,0,0,14,0,0,42,38,0,0,0,0,0,0,2,0,0,61,0,14,1,43,1,0,2,8,4,0,0,0,10,0,2,0,0,0,159,10,14,10,0,0,0,0,0,4,1027,0,0,60,0,0,0,0,0,0,25,0,0,0,0,23,0,0,0,0,82,0
0,0,0,0,0,0,0,0,0,0,0,0,0,0,0,0,5,0,0,20,0,1,0,0,0,185,0,0,0,28,50,0,22,0,0,0,0,20,0,0,0,0,0,0,0,1,0,1,0,0,0,0,0,1,0,0,0,0,0,1,0,0,0,0,0,0,64,0,0,0,0,0,0,0,0,0,0,0,0,0,0,0,0,0,0,0,0,0,0,0,0,0,0,0,0,0,0,0,5,0,0,0,0,0,0,0,0,0,0,0,1,1,0,3,0,0,0,0,0,0,0,0,0,1,18,0,0,0,0,0,1,0,0,0,0,0,0,0,0,0,1452,0,0,0,0,0,26,0,0,0,0,0,1,0,0,0,0,0,0,1,0,0,0,0,0,0,0,0,0,0,0,0,0,0,0,0,0,1,0,0,0,0,0,0,0,0,1,0,0,0,0,13,0,0,0,0,0,0,0,0,0,1,0,22,266,0,0,0,0,4,1,0,0,0,2,0,64,0,0,0,1,0,0,0,0,5,0,6,0,0,0,0,0,89,0,0,0,0,0,0,0,0,0,0,0,0,1,0,0,0,0,0,1,0,0,12,0,0,0,5,0,0,0,1,0,0,0,0,0,7522,0,0,42,0,0,0,0,0,0,1,1,21,2,0,0,0,0,0,0,6,0,0,0,0,4,0,0,0,0,0,0
0,0,0,0,0,0,1,0,0,0,5,4,0,0,5,0,0,0,0,0,130,27,8,0,0,1388,2,0,27,0,378,1,22,99,0,3,35,351,0,0,0,0,0,54,0,3,0,1,0,0,0,0,0,0,0,0,0,0,0,0,0,0,0,0,0,0,148,0,6,0,6,0,0,10,0,0,0,0,0,22,0,210,206,6,86,0,0,0,0,97,1,0,20,0,0,0,0,0,72,0,0,0,0,42,0,0,0,0,0,0,7,13,0,0,32,0,0,0,0,0,6,0,0,0,23,0,1,0,68,221,1,1,1,0,0,0,0,0,0,4,0,0,0,0,9,0,0,0,0,0,85,0,0,0,0,0,0,0,2,0,0,0,12,5,0,57,0,0,48,12,0,0,0,1,0,187,0,0,0,0,0,0,25,0,0,0,0,0,348,0,0,11,0,214,1,0,0,0,0,0,360,0,0,1,1,3,0,0,0,0,0,17,21,0,0,0,1,0,1682,0,0,86,0,0,0,0,0,0,13,0,0,3,0,0,7,0,1,0,0,11,63,0,0,0,0,0,4,0,3,0,0,5,0,0,5,0,0,1,0,26,0,14,0,0,0,0,0,0,0,0,0,0,100,0,0,0,0,0,0,2362,1,0,39,3,0,0,0,0,141,0,128,0,0,0,0,0,0,6,0,25,0
0,0,0,0,0,0,202,0,0,0,4,0,3,0,7,0,0,0,0,0,52,20,0,3,0,877,0,0,17,0,0,0,0,216,0,0,23,794,0,0,0,0,0,0,0,438,0,2,1,0,2,0,0,0,0,0,0,0,0,0,0,1,0,1,0,0,7,0,0,0,0,0,0,0,0,0,0,0,0,84,0,0,107,0,0,0,0,0,0,149,0,19,4,0,0,0,0,0,27,0,0,0,0,0,3,0,12,11,0,0,0,0,0,14,1,0,0,0,220,5,0,0,4,2,163,0,0,0,0,0,0,127,0,1,0,0,1,0,0,0,1,0,0,0,0,0,1,5,0,0,13,37,0,0,1,0,0,0,4,0,0,0,0,331,0,0,16,0,0,0,0,0,19,0,0,0,0,185,201,0,0,0,0,0,0,0,0,0,0,0,0,67,4,0,0,0,0,0,0,0,0,0,0,0,0,2,0,0,2,175,0,0,0,9,17,0,0,0,142,26,76,1,0,0,0,0,111,0,67,0,109,0,0,74,0,0,0,0,0,2,0,0,0,0,0,0,0,0,0,0,38,0,64,1,1,0,2,0,0,0,0,0,0,0,0,0,0,0,0,9,272,0,80,0,0,0,1,0,0,3587,0,0,322,0,0,0,0,0,0,0,0,0,0,0,49,0,2,0,0,249,0
0,0,0,0,0,0,0,0,0,0,0,0,0,95,5,0,0,2,0,0,0,0,0,3,0,1860,0,0,0,0,315,0,0,0,0,0,0,0,0,0,0,0,0,0,0,0,0,0,0,0,0,0,0,0,0,0,0,0,0,0,0,0,0,0,0,0,43,0,0,0,0,0,0,0,0,0,0,0,0,0,0,0,0,0,0,0,510,0,0,14,0,0,1,0,0,0,0,0,0,0,0,0,0,0,2,0,0,2041,0,0,0,0,0,214,0,2,0,87,29,0,0,0,0,35,0,82,0,0,0,0,0,0,0,0,0,0,800,0,0,0,783,0,0,0,0,0,0,0,0,0,24,0,0,0,0,0,0,0,0,0,0,0,0,0,0,0,0,0,0,0,0,0,0,0,0,0,0,0,14,0,0,0,0,0,0,0,0,0,0,33,0,0,0,0,0,0,0,0,0,0,0,0,0,0,0,0,0,0,0,0,3,0,0,0,0,0,0,0,73,0,0,46,0,0,0,15,0,0,48,0,0,0,0,34,0,0,0,75,0,0,0,0,0,0,0,92,0,0,0,0,0,0,0,0,0,0,37,0,0,4,0,0,0,0,0,0,0,0,0,236,0,23,119,0,2,0,0,0,0,2122,0,0,40,0,0,0,0,0,0,0,0,0,0,0,0,0,0,0,0,39,0
0,0,0,1,0,0,3,0,0,0,20,0,0,0,158,0,4,0,0,0,0,3,41,0,0,1125,0,0,0,0,0,0,50,0,0,0,61,1,0,0,0,0,0,0,0,104,0,0,0,0,1,0,0,0,0,0,9,0,0,11,3,0,6,12,0,0,68,0,40,0,19,0,11,0,0,0,9,0,0,17,0,78,0,0,5,10,3,0,2,0,0,3,4,0,0,318,0,2,3,0,50,0,0,0,0,0,0,13,0,0,0,13,0,0,0,0,0,0,0,0,0,0,1,0,7,14,0,1,63,68,0,0,0,0,5,2,0,0,0,0,0,0,169,28,0,1,0,0,0,7,14,0,0,0,1,48,51,0,0,4,0,24,0,0,0,0,0,0,214,9,0,56,1,32,0,226,0,0,0,0,0,278,30,25,0,0,0,0,1285,0,0,3,0,142,0,0,0,0,0,0,2,0,0,0,1,1,301,0,12,1,0,0,183,0,1,0,9,0,192,0,1,0,0,0,0,0,0,0,0,0,0,0,0,190,0,0,1,988,16,31,0,0,0,0,0,0,4,0,0,0,0,0,0,0,14,0,0,0,1,0,1,0,0,6,0,0,0,0,0,23,0,0,0,0,0,0,0,2,2,2715,0,0,4,0,0,0,0,0,0,1,0,0,0,0,85,0,124,0,0,4,0
0,0,5,0,0,0,0,0,0,0,0,0,6,0,159,0,0,0,0,0,0,0,0,0,0,0,0,0,23,27,0,0,0,137,0,0,33,0,0,0,0,0,0,0,0,0,0,0,0,0,0,0,0,0,0,6,0,0,0,0,0,0,0,0,0,0,0,30,0,0,0,0,0,0,0,0,0,0,0,0,0,0,0,0,0,0,2572,0,0,5,0,14,19,0,0,18,3,0,0,0,0,0,0,0,0,0,0,2617,0,80,0,0,0,0,0,1,0,79,264,0,0,0,84,0,119,0,0,0,0,0,17,0,0,0,0,0,25,0,0,0,120,0,0,0,0,1523,0,4,0,0,0,0,0,0,1,0,0,0,0,0,0,0,0,0,0,0,0,0,0,0,0,0,0,0,0,0,0,0,0,0,0,0,0,0,0,0,0,0,0,0,0,143,3,0,0,0,0,0,0,0,0,0,0,0,0,51,0,16,0,0,0,0,0,0,0,0,0,0,682,0,0,0,0,0,0,0,0,0,0,0,0,1,0,194,0,0,0,0,0,0,0,0,0,0,0,11,0,8,0,0,0,0,1,0,3,15,0,0,0,0,0,0,0,5,0,0,0,0,0,0,0,0,464,0,2,0,0,0,0,46,0,80,221,0,0,0,0,0,0,0,0,0,0,2,28,0,10,0,0,22,0
0,0,0,0,0,0,0,0,0,0,0,0,0,0,5,0,0,0,0,0,0,0,0,0,0,1986,0,0,16,0,0,1,0,126,0,0,0,0,0,0,0,0,0,0,0,0,0,0,0,0,0,0,0,0,0,0,0,0,0,376,0,0,0,2,0,0,0,0,0,0,0,0,0,0,0,0,0,0,0,59,0,0,0,0,0,6,0,0,0,0,13,0,0,0,0,0,0,0,20,0,0,22,0,0,0,0,7,827,0,0,0,0,0,181,0,0,0,0,327,0,0,0,0,0,10,40,0,0,0,0,0,0,0,1,0,0,0,0,0,0,27,0,0,0,0,0,0,0,0,0,0,0,4,0,1,0,0,0,0,0,0,0,0,0,0,0,0,0,0,0,0,0,0,0,0,0,0,0,0,0,0,0,0,0,0,0,0,0,0,0,0,0,0,0,0,0,0,0,0,0,0,0,0,0,0,0,0,0,0,1,0,0,0,0,0,0,0,0,269,0,0,0,0,0,0,11,0,0,0,0,0,0,0,55,0,0,0,0,0,6,0,0,0,0,0,0,0,0,0,0,0,0,0,0,0,9,97,0,0,0,4,0,0,0,0,0,0,0,0,30,0,0,1177,0,0,0,0,0,0,4190,0,0,91,0,0,0,0,0,0,0,0,0,0,0,1,0,2,0,0,0,0
0,0,0,0,0,1,1,1,0,0,0,0,0,0,0,1,8,0,0,0,0,1,0,8,0,4370,0,0,68,0,0,0,0,0,0,0,0,13,0,5,1,0,0,0,0,148,0,0,0,0,0,0,0,0,0,0,0,0,0,1,0,27,1,2,0,0,3,0,0,113,4,1,2,0,0,0,0,0,3,0,0,24,155,0,64,0,0,0,0,3,0,42,0,0,0,0,0,1,0,0,0,0,0,0,0,0,0,151,0,0,0,0,0,31,0,0,2,0,135,0,0,0,3,1,475,0,0,0,0,0,0,16,0,3,0,0,516,0,2,0,114,0,0,0,0,0,5,0,0,6,9,0,0,186,1,0,0,0,0,0,0,4,0,2,0,0,0,0,0,0,0,0,9,0,0,0,0,7,8,0,0,0,0,0,5,0,0,0,0,0,0,37,7,0,0,0,5,0,0,243,0,0,0,166,0,86,0,0,0,6,0,0,0,0,2,0,55,0,0,4,119,0,0,0,0,0,116,0,0,0,145,0,0,525,0,0,0,0,0,0,0,0,0,0,0,0,0,0,0,0,0,1,0,0,0,0,30,0,0,0,0,0,14,0,0,0,0,0,0,119,2,0,0,0,0,0,7,3,5,1359,0,0,0,0,0,0,0,0,9,8,0,0,0,0,148,0,0,0,0,20,0
1,0,0,0,5,0,0,31,0,5,2,4,1,0,116,0,50,0,0,1,52,78,15,1,0,2426,1,0,5,1,130,0,0,17,0,0,0,0,0,0,0,0,0,0,0,0,0,3,1,6,0,0,0,0,12,0,0,0,0,0,0,0,2,0,0,0,0,0,0,45,11,0,2,0,0,0,1,0,1,136,0,65,19,3,0,0,123,0,0,104,0,2,22,0,35,0,0,0,571,1,8,0,0,0,0,0,0,0,1,1,0,333,1,0,0,56,0,0,0,0,0,0,0,0,0,0,1,0,24,0,17,140,0,0,0,0,35,0,0,0,0,0,62,6,1,1,0,0,0,15,74,0,0,0,1,113,19,0,40,0,13,0,0,14,1,31,0,1,63,0,1,0,1,1,0,83,0,0,0,0,0,0,9,1,1,0,0,0,586,0,0,24,0,23,0,0,0,0,0,0,0,0,0,1,0,1,110,2,14,2,0,12,57,9,1,0,26,0,186,0,1,0,0,0,34,0,0,0,20,0,0,0,0,277,37,0,0,142,0,8,66,0,0,0,0,12,0,20,0,0,0,0,1,0,2,7,10,0,3,6,0,0,0,1,0,0,1,0,3,0,0,5,58,0,0,0,0,0,3,2372,0,0,57,1,0,0,0,0,98,33,0,0,0,0,301,0,57,0,0,48,0
0,0,0,0,0,0,1,0,0,0,0,0,0,0,0,0,1,0,0,0,0,29,0,0,0,1643,0,0,96,0,23,303,0,65,0,0,0,0,0,0,0,0,112,1,0,135,0,0,0,0,0,0,0,0,0,0,0,0,3,85,0,28,0,0,2,0,52,1,0,18,17,0,0,0,0,0,0,0,0,25,0,25,69,0,0,0,0,0,0,16,0,0,0,0,0,0,0,0,66,0,0,58,0,0,0,0,0,76,4,26,0,0,0,1334,0,0,0,0,33,1,6,0,0,0,558,11,33,0,12,0,7,47,0,0,0,0,0,0,0,0,0,0,0,0,8,0,18,0,0,3,2,0,0,20,0,0,0,0,7,229,0,0,0,164,0,0,0,5,0,2,1,0,0,0,0,0,0,15,44,0,0,0,0,0,1,0,0,0,0,0,0,100,0,1,0,0,0,0,0,0,220,0,0,445,1,6,0,0,5,0,0,0,14,0,0,0,91,0,0,2,14,0,0,0,0,0,0,0,108,0,106,0,0,378,0,0,4,0,0,0,0,0,0,0,0,65,0,0,0,0,0,0,21,0,0,0,20,0,0,0,16,0,0,0,0,0,0,0,1,2,0,0,268,0,0,0,0,0,13,1991,0,0,322,0,0,0,0,0,56,2,0,0,0,0,72,0,0,0,0,117,0
0,0,0,0,0,0,2,1,0,0,0,0,0,0,0,0,9,0,0,0,0,9,10,0,0,2552,0,0,25,0,0,0,0,18,0,0,0,0,0,0,0,0,0,11,0,9,0,0,1,0,0,0,0,0,0,0,0,0,0,75,0,10,0,0,1,0,14,0,4,16,1,0,0,1,0,0,0,0,0,8,0,115,0,0,0,0,0,0,0,9,110,0,3434,0,0,208,0,0,19,6,0,0,0,0,0,0,0,0,0,0,18,33,0,0,11,0,0,0,0,0,23,0,0,0,79,67,2,0,56,0,0,0,0,0,0,0,0,0,0,0,0,0,0,0,0,0,0,0,0,5,0,0,8,0,0,0,0,0,0,6,0,0,0,0,0,81,0,0,45,0,0,0,0,0,0,396,0,13,1,0,0,187,16,0,0,0,0,0,0,0,0,0,0,41,0,0,0,0,0,0,1,90,1,1,1,0,0,0,7,4,0,0,37,0,1,0,1,0,962,5,1,0,0,0,40,0,0,0,1,0,0,0,0,12,0,0,0,0,0,2,0,0,0,0,0,0,0,0,0,0,1,0,3,0,0,0,0,0,0,0,0,22,0,0,0,0,0,0,0,362,0,0,327,0,0,0,0,0,0,290,0,0,47,0,0,0,0,0,3,0,0,0,0,0,1,0,18,0,0,6,0
0,0,0,0,0,0,1,59,0,6,23,3,0,190,3,0,0,0,0,0,46,5,0,15,0,1,0,0,7,0,1474,0,0,15,0,0,5,83,0,0,0,7,0,85,0,47,0,0,0,0,0,0,0,0,0,0,0,0,0,8,1,50,0,1,0,0,81,0,2,0,27,0,18,0,0,0,0,0,0,26,10,174,45,0,46,0,26,0,0,74,0,0,0,0,0,0,0,0,58,0,13,1,0,0,0,0,292,1,0,0,0,261,0,56,15,0,0,0,13,0,0,4,0,0,24,0,0,0,0,0,67,419,0,0,0,0,14,0,0,0,2,0,0,0,0,0,0,0,0,9,31,102,0,0,1,0,0,0,0,194,0,1,0,3011,0,0,0,0,0,1,18,0,0,0,0,0,0,483,0,2,0,0,0,0,1,0,0,0,0,1,0,112,0,0,0,0,0,0,0,0,0,0,0,0,0,0,2,0,0,0,0,0,0,0,3,0,42,115,1,0,0,0,0,0,0,0,0,0,46,0,87,0,0,160,0,0,0,0,0,0,0,0,0,0,0,0,0,0,0,0,0,1,33,0,14,1,1,0,6,0,0,0,0,2,25,0,0,0,0,7,0,28,202,0,0,0,0,0,8,809,0,0,170,0,0,0,0,0,123,0,0,0,0,0,212,0,5,0,0,32,0
0,0,0,0,2,0,1,0,0,8,13,0,0,243,26,0,0,0,18,0,166,36,6,0,0,546,0,0,10,15,93,0,0,19,6,0,17,74,0,0,24,0,0,0,0,76,0,0,0,0,1,0,0,0,46,0,0,0,0,67,5,97,0,1,0,0,131,0,0,0,0,0,6,0,0,468,7,0,0,8,0,150,0,0,251,0,0,0,0,23,0,0,0,0,0,0,0,0,0,0,0,0,0,0,0,0,0,0,0,0,0,3,0,0,0,0,0,0,0,0,8,0,0,0,119,101,1,0,38,0,0,0,19,0,0,0,0,0,0,0,0,0,0,0,14,0,0,0,0,0,0,0,0,0,0,29,0,0,0,0,0,25,0,0,0,0,0,0,54,45,0,0,19,0,0,889,0,0,0,0,0,0,34,18,0,0,0,0,0,0,0,67,0,236,0,0,19,0,0,1,0,0,0,1,0,0,69,0,9,1,0,0,29,0,1,0,3,0,1330,0,0,0,0,0,0,0,0,0,0,0,0,0,0,0,0,0,0,0,0,66,107,0,0,0,0,0,0,0,0,0,0,0,0,0,0,0,9,0,1,19,0,0,0,3,1,0,0,0,281,4,0,0,348,1,0,0,0,0,0,3168,0,0,51,0,0,0,0,0,0,80,0,0,0,0,0,0,27,0,0,0,0
0,0,0,0,0,0,1,0,0,7,10,1,0,0,73,1,2,0,0,0,1,1,0,1,0,401,0,0,1,62,69,0,0,19,0,0,0,1,0,0,0,0,0,10,0,4,0,0,0,0,3,0,0,0,0,0,0,0,0,0,3,0,0,1,1,0,0,0,0,12,0,0,7,0,0,0,0,0,0,0,0,33,3,0,13,0,0,0,2,55,0,10,0,0,0,0,23,0,0,0,0,0,0,0,0,0,0,0,0,0,0,71,1,0,5,0,0,0,0,0,0,0,0,0,676,0,1,0,18,0,0,1,0,0,0,0,3,0,1,0,1,0,27,0,0,0,0,0,0,0,6,0,0,1,1,35,52,0,0,0,0,0,0,0,1,0,0,0,0,36,0,0,0,0,4,482,0,0,1,0,0,0,62,0,0,0,2,0,0,0,0,1,0,60,0,1,0,0,0,0,7,289,560,1,0,0,144,0,20,1,0,0,0,0,0,0,0,0,226,0,0,1,0,0,64,0,1,0,0,0,0,0,0,0,0,0,0,0,6,0,37,0,0,0,0,0,0,1,0,0,4,0,2,0,15,1,0,0,0,0,1,0,0,0,0,0,0,0,0,4029,1,1,526,0,0,0,0,0,0,1594,0,0,26,0,0,0,0,0,0,0,0,0,0,0,52,0,16,0,0,9,0
25,0,0,0,0,0,0,0,0,0,0,0,0,0,695,0,0,3,0,0,3,24,0,8,0,146,0,0,44,46,10,0,0,37,0,0,0,6,0,0,0,0,0,0,0,11,0,1,0,1,4,0,0,0,0,0,0,0,0,7,0,0,0,0,0,0,77,0,0,41,1,0,0,0,0,0,0,0,0,17,0,0,3,0,1,18,0,0,0,3,0,25,68,0,0,49,0,0,0,0,0,0,0,0,1,0,7,967,0,266,0,0,0,9,0,1,0,0,30,1,0,0,0,0,9,0,103,0,0,0,2,30,0,0,0,0,271,0,37,0,14,0,0,0,0,0,8,0,0,0,1,0,0,0,0,0,0,0,0,5,0,0,0,0,0,0,0,0,0,0,4,0,0,1,0,0,0,26,90,0,0,0,0,0,0,0,0,0,0,0,0,0,11,0,0,0,0,0,0,472,0,0,0,1,0,28,0,0,0,13,0,0,3,0,9,0,31,0,1,0,0,0,0,0,0,0,0,0,3,0,3,0,0,79,0,0,5,0,0,0,0,1,0,0,0,0,0,0,0,0,1,1,5,0,0,2,10,0,0,3,1,0,0,1,36,0,0,86,0,5190,0,2,35,690,1,0,0,0,0,1,0,0,8,0,0,0,0,2,6,0,0,0,0,0,3,0,0,0,0,8,0
0,0,0,0,0,0,0,0,0,0,22,0,1,0,0,0,0,0,0,0,0,67,8,4,0,1,0,0,7,0,547,0,0,20,0,0,10,315,0,0,0,0,0,0,0,674,0,2,2,0,0,0,0,0,27,0,0,0,0,249,0,0,0,8,0,0,334,0,17,0,157,0,0,0,0,0,6,0,0,607,0,132,0,6,0,1,1,0,0,0,387,1,2,0,0,0,0,0,121,5,0,0,0,0,0,0,0,0,0,46,0,27,0,0,22,10,0,130,0,0,0,17,0,0,15,761,1,0,53,0,0,0,17,0,0,6,0,0,0,0,1,0,70,17,42,0,0,0,0,1,0,0,0,0,1,0,0,0,0,2,0,0,0,0,0,48,0,0,50,15,18,0,0,0,0,551,0,0,0,0,0,311,13,0,0,0,0,0,0,0,30,61,5,48,0,0,0,0,0,0,9,0,38,47,0,1,194,0,4,8,0,0,206,0,3,18,5,0,233,0,0,0,0,0,20,0,0,0,29,17,0,2,0,6,0,0,5,0,0,112,92,0,0,0,0,54,0,0,0,0,2,5,33,0,15,5,5,0,22,0,13,0,0,6,0,0,0,0,29,12,0,0,32,0,0,0,0,0,3,1954,1,0,412,0,0,0,0,0,14,0,0,0,0,0,49,3,33,0,0,122,0
0,0,0,0,0,0,2,0,0,0,6,0,0,0,0,0,0,0,0,0,0,14,0,22,0,1064,0,0,104,0,0,0,0,0,0,0,1,28,0,0,60,0,0,76,0,60,0,0,0,0,0,0,0,0,0,0,0,1,0,5,0,0,0,35,6,0,112,1,14,83,8,0,4,0,0,0,0,0,0,0,0,94,683,48,0,0,0,0,3,0,1,0,219,0,0,0,0,0,0,129,0,4,0,3,0,1,0,283,70,37,0,51,0,0,6,0,0,0,95,0,0,0,0,5,17,0,0,0,0,0,0,79,0,0,0,0,444,0,0,0,938,0,0,0,136,0,2,0,0,0,0,0,0,0,2,0,0,0,0,0,0,0,0,2,0,0,0,0,0,3,4,0,1,0,0,0,0,0,24,0,0,0,0,0,0,0,0,0,0,0,0,5,0,0,0,0,0,0,0,0,0,0,0,151,0,9,0,0,0,14,0,0,0,0,0,0,0,1,331,0,0,9,0,0,0,0,0,0,0,4,0,0,0,181,0,0,0,0,0,0,0,0,0,0,0,0,0,5,4,0,0,0,0,0,2,5,0,0,0,0,0,0,0,0,0,0,0,1415,0,485,0,0,380,0,0,0,0,0,0,1442,0,0,276,0,0,0,0,6,0,9,0,0,0,0,0,0,176,0,0,2,0
0,0,0,0,0,0,3,0,0,0,0,20,12,0,468,0,11,0,0,0,0,32,8,8,0,2812,0,0,54,0,245,0,0,78,0,173,43,130,0,0,0,0,0,0,0,306,0,0,0,1,0,0,0,0,0,0,0,0,0,34,0,41,2,0,26,0,172,22,0,3,0,0,7,0,0,83,0,0,1,35,0,44,0,0,0,9,0,0,0,0,0,0,209,0,10,0,0,0,0,110,11,0,0,0,0,0,0,0,11,1,6,52,3,0,58,0,0,0,16,0,0,0,12,0,0,0,2,0,0,0,0,0,0,0,0,0,0,0,0,0,0,0,52,0,7,30,0,0,0,0,0,0,0,0,0,0,0,0,0,0,0,0,0,0,0,56,0,0,0,7,0,1,1,1,0,291,0,0,0,0,0,251,122,0,0,0,0,0,0,0,0,0,0,167,0,0,0,0,9,0,285,125,0,0,0,22,326,0,8,0,0,0,85,0,0,7,0,0,1279,0,0,0,0,0,45,0,0,0,0,0,0,3,0,0,0,0,0,237,0,148,118,11,0,0,0,0,0,0,3,0,0,0,0,0,0,166,0,0,0,78,0,0,0,4,0,0,1,0,5,93,0,0,123,0,4,0,0,0,0,1,0,0,144,3,0,0,0,0,77,0,0,0,0,0,0,28,0,0,0,192,0
0,0,0,0,2,0,27,0,0,0,0,0,0,29,273,0,0,0,0,0,109,0,0,0,0,3189,1,9,40,28,0,0,0,0,0,0,0,0,0,0,49,0,0,62,3,269,87,0,8,2,3,0,0,0,0,0,0,2,4,3,0,0,0,0,52,0,0,10,0,0,0,0,0,0,0,0,0,0,0,0,0,332,0,6,0,0,70,0,0,0,0,5,37,0,0,0,7,0,0,0,43,0,0,0,0,0,0,0,1,0,0,4,0,0,0,0,0,0,18,0,0,0,4,67,187,0,4,0,0,0,5,0,0,0,0,0,112,0,2,0,0,0,0,0,1,0,0,0,0,0,0,1,0,0,1,352,0,0,0,0,0,0,0,0,1,73,0,0,0,25,0,0,0,0,0,513,0,0,0,0,0,491,0,0,0,0,0,0,0,0,0,7,0,219,0,0,0,0,0,1,6,0,0,0,0,0,162,0,0,0,0,0,176,0,0,0,2,0,97,0,0,0,0,0,33,0,0,0,0,0,0,3,0,0,132,0,0,0,0,0,122,0,0,0,0,0,7,0,0,0,0,0,0,0,0,0,27,0,0,0,1,0,0,5,0,0,4,0,0,95,0,0,288,0,2,0,46,0,0,1625,0,0,0,0,0,0,0,1,0,63,0,0,0,0,0,0,137,0,0,118,0
0,0,0,0,0,0,82,70,0,0,5,0,0,0,75,0,4,0,0,0,0,67,59,0,0,1253,7,0,28,0,0,0,0,3,0,0,36,0,0,0,0,0,4,1,0,122,0,0,0,0,0,0,4,0,0,0,0,0,0,571,15,0,0,0,0,0,147,0,0,0,36,0,20,0,0,0,0,0,0,0,0,810,63,0,51,0,35,0,0,0,0,3,10,0,0,311,0,0,0,10,0,350,0,6,0,0,0,2364,0,0,0,435,1,49,75,0,0,0,0,0,27,0,0,8,124,0,0,0,0,0,50,384,0,0,0,0,218,0,0,0,121,0,0,0,0,0,5,0,21,0,14,0,0,0,0,0,0,0,0,58,0,0,0,211,0,0,0,0,0,0,0,0,25,0,0,0,0,212,0,0,0,0,9,1,0,0,0,0,0,0,0,203,3,0,0,0,0,0,0,0,0,0,0,3,0,14,2,0,1,10,0,0,0,0,3,0,0,64,27,0,39,0,0,0,0,0,0,0,24,0,31,0,0,11,0,0,0,0,0,4,0,0,0,0,3,0,0,0,0,0,0,0,0,0,0,3,0,0,0,95,0,0,1,15,3,0,0,0,0,106,0,41,229,6,0,0,0,0,0,12,0,0,262,0,0,38,0,0,0,22,0,0,0,0,25,0,22,0,0,5,0
0,0,0,0,0,0,0,0,0,0,0,0,11,0,22,0,0,0,0,0,0,31,0,3,0,4309,0,0,3,12,28,0,0,33,0,0,10,2,0,0,0,0,0,14,0,33,0,0,0,0,1,0,0,0,5,0,0,0,0,0,0,1,0,0,0,0,0,0,0,115,0,0,0,1,0,1,0,0,0,0,0,0,232,0,0,9,943,0,0,16,0,3,0,0,0,0,0,0,69,0,0,0,0,0,1,0,100,0,0,0,0,0,0,90,0,0,0,0,4,0,0,0,6,3,62,0,0,0,0,0,1,3,0,0,0,0,104,0,0,0,0,0,0,0,0,0,0,0,0,0,0,0,0,0,0,0,0,0,22,101,0,0,0,685,0,0,0,0,0,0,0,0,0,0,0,0,0,19,11,0,0,0,0,0,0,0,0,0,0,0,0,41,0,0,0,0,0,0,0,0,0,0,0,0,0,28,31,0,0,1,0,0,0,12,0,0,0,0,16,3,0,0,0,0,0,0,0,0,43,1,3,1,0,575,0,0,0,0,0,21,0,0,0,0,0,0,0,0,0,0,0,5,0,0,0,0,11,5,13,3,0,0,0,0,0,0,0,0,0,0,0,6,427,0,0,0,0,0,0,1427,0,3,20,0,0,0,0,25,0,0,0,0,0,0,133,0,19,0,0,12,0
0,0,0,0,0,0,0,0,0,0,0,0,0,0,7,2,4,0,0,0,0,0,0,0,0,5027,0,0,3,4,0,0,0,0,0,0,0,0,0,1,3,0,0,0,0,0,0,0,0,0,0,0,0,0,0,2,0,0,0,293,0,0,0,4,0,0,22,0,0,4,0,0,0,113,0,0,0,0,0,0,0,0,0,0,0,1,0,0,0,0,0,505,0,0,0,0,0,0,0,0,0,0,2,0,0,0,0,103,0,0,0,0,0,0,0,3,0,0,138,0,0,0,0,25,0,0,0,0,0,0,0,22,0,0,0,0,17,0,0,0,44,0,0,0,0,0,11,0,0,0,0,0,23,19,1,0,0,0,0,0,0,0,0,0,0,0,0,0,0,0,2,0,0,0,0,0,0,0,0,0,0,0,0,0,34,0,0,0,0,0,0,0,1,0,0,0,0,0,1,0,0,0,0,0,0,50,1,0,0,1,0,0,0,0,0,0,0,0,0,0,0,0,0,0,0,0,0,0,0,0,412,0,0,366,14,0,0,29,0,3,0,0,0,0,1,0,0,0,0,0,0,0,0,0,0,8,58,0,0,0,0,0,0,0,0,0,0,0,0,237,0,0,107,0,0,0,0,0,0,1955,0,0,202,0,0,0,0,1,0,0,0,0,0,0,0,0,4,0,0,112,0
0,0,0,0,0,0,18,1,0,0,0,1,1,0,0,2,0,0,0,0,126,28,0,0,0,1436,2,0,0,0,0,12,2,0,0,0,6,0,0,0,0,0,1,85,0,78,0,1,0,0,0,0,0,0,42,0,0,0,0,123,0,0,0,0,0,34,0,0,0,0,0,0,29,22,0,0,0,0,0,237,0,0,0,0,63,0,1,0,0,44,0,0,132,0,0,0,0,0,34,0,0,0,0,0,2,0,0,636,0,0,0,0,0,42,0,0,0,0,63,0,0,0,0,0,72,0,0,0,7,0,40,798,0,0,0,0,0,0,0,0,0,0,0,0,0,0,0,0,0,0,0,0,0,0,0,0,0,0,0,79,0,0,2,1580,0,0,0,0,0,0,0,1,11,0,0,0,0,0,0,1,0,0,9,2,18,0,2,0,2,0,0,7,0,0,0,0,0,0,0,0,0,0,0,0,1,2,0,0,0,0,4,0,0,0,5,0,0,0,281,0,0,0,0,0,0,11,31,0,0,0,124,1,0,342,0,0,0,0,0,0,0,21,0,0,2,0,0,0,0,0,0,0,0,0,8,1,0,0,1,18,0,0,0,4,0,0,1,0,0,29,0,13,492,0,0,0,0,0,0,2124,0,0,108,0,0,0,33,0,0,9,6,1,0,0,372,5,8,0,0,11,0
0,6,1,0,3,1,1,26,0,1,6,1,0,181,8,0,5,0,0,0,4,2,0,4,0,2878,1,0,2,0,69,0,0,27,42,12,0,3,0,1,0,0,0,11,0,167,312,2,0,0,1,0,0,0,12,5,0,0,0,110,1,8,1,1,0,2,256,0,0,17,21,0,1,27,0,0,0,0,0,15,0,12,166,1,38,54,251,10,0,1,1,29,0,0,0,0,0,0,1,0,1,0,0,12,2,0,12,91,0,0,0,15,0,518,0,0,0,0,149,0,0,0,0,1,9,28,0,0,5,54,5,74,0,0,0,0,2,0,0,0,25,0,0,0,0,0,22,1,0,1,9,47,0,91,1,0,0,182,101,22,0,1,0,79,1,0,0,0,0,0,4,0,0,0,0,0,2,26,238,0,42,0,0,0,7,0,0,0,0,1,0,105,0,0,1,2,0,1,0,6,0,0,186,629,0,15,13,3,0,1,2,0,0,3,7,1,66,49,375,3,2,56,1,0,1,0,57,0,96,1,76,1,1,101,0,0,5,0,1,44,0,0,0,14,0,12,0,0,0,10,3,1,5,0,6,3,70,1,6,12,4,9,0,2,0,0,13,0,35,4,29,62,0,0,1,0,0,1,1,852,0,0,125,0,0,0,0,20,48,8,0,0,0,0,1,18,1,0,0,27,1
0,0,0,0,0,0,0,32,0,8,9,7,0,0,10,0,10,3,0,0,117,41,6,6,0,1667,0,0,2,11,0,0,47,110,3,0,16,82,0,0,0,0,0,131,0,0,0,0,0,0,0,0,0,0,0,0,1,17,0,570,0,101,0,1,0,0,88,6,0,0,0,0,0,118,0,0,0,0,0,0,0,469,330,0,0,10,0,0,2,12,1,8,1,0,0,3,0,0,33,0,0,0,0,0,0,0,7,0,0,0,3,178,0,1,0,0,0,642,0,7,4,0,1,0,67,360,0,0,63,0,0,0,101,1,0,0,1,0,0,0,0,0,105,0,16,1,0,0,0,2,77,0,0,0,1,252,79,0,0,0,0,0,0,0,0,0,0,7,67,17,0,1,1,14,0,153,0,0,0,0,0,0,0,0,0,14,2,0,0,0,0,5,3,302,0,0,0,0,0,0,10,118,0,1,0,3,0,2,10,1,0,0,234,0,1,21,78,0,1096,0,0,0,0,0,57,0,0,0,0,0,67,2,0,14,0,0,0,0,18,37,111,0,0,0,0,0,0,2,0,0,269,0,0,0,15,10,0,0,0,9,0,0,0,1,0,0,0,0,0,91,0,0,93,0,0,0,0,3,4,494,0,0,387,0,0,0,0,0,0,0,0,0,0,0,1,0,5,0,0,101,0
0,0,0,0,0,0,0,0,0,10,0,3,1,0,39,0,6,0,0,0,85,107,10,0,0,2,1,1,29,20,0,0,0,62,0,0,0,0,0,0,0,0,0,100,0,0,0,2,0,0,38,0,0,0,33,0,0,0,0,0,0,0,0,0,266,0,201,0,0,0,0,0,5,11,0,1,3,0,0,237,0,336,0,14,12,0,8,0,0,82,0,22,17,0,0,0,0,0,0,0,0,0,0,0,0,0,0,0,0,0,0,692,1,0,17,0,0,0,19,0,14,0,0,0,55,0,0,0,124,214,0,0,0,0,0,0,1,0,0,0,0,0,0,0,21,0,0,0,0,0,0,0,0,6,1,0,0,0,0,0,0,31,0,0,0,58,0,0,71,26,0,0,1,0,32,1148,0,0,0,0,0,0,23,0,0,0,0,0,0,44,0,0,12,0,0,0,0,0,67,0,12,0,0,1,0,1,255,1,0,0,0,0,160,0,0,0,0,0,1083,0,0,0,0,0,0,0,0,0,6,0,8,5,0,0,95,0,5,0,0,46,204,0,0,0,0,0,0,0,0,0,0,2,0,0,12,5,4,0,0,11,0,0,0,2,0,0,1,0,0,936,0,0,54,0,0,0,0,0,0,1866,0,0,560,0,0,0,0,0,0,68,0,0,1,0,8,0,21,0,0,130,0
0,1,0,0,0,0,44,0,0,0,39,0,4,0,2,2,75,0,0,0,0,42,0,0,0,1427,0,0,366,63,20,0,0,0,0,0,13,0,0,0,0,0,0,0,0,0,0,0,0,0,3,0,0,0,0,0,0,0,0,0,23,0,1,0,0,0,171,0,0,0,0,0,8,0,0,0,3,0,0,1,0,527,194,0,0,190,378,0,0,0,0,0,1,0,0,0,0,0,0,37,0,93,0,0,0,0,0,0,0,3,0,22,0,0,0,14,0,0,0,0,0,0,0,0,15,0,4,0,94,0,0,0,0,0,5,0,0,0,0,0,0,0,77,11,10,0,0,0,0,0,49,0,3,106,2,315,56,0,0,0,1,0,0,0,0,58,0,0,59,371,0,0,1,0,0,780,0,0,0,0,0,0,144,0,0,0,2,0,0,0,0,17,0,77,0,0,0,1,0,0,5,0,0,0,0,79,464,5,0,39,0,0,0,0,0,0,4,0,1222,0,0,0,0,0,196,0,0,0,0,0,0,38,0,163,0,0,3,0,0,282,0,0,0,0,81,0,0,0,0,0,0,0,0,0,0,201,9,0,0,0,0,0,0,8,0,0,0,0,0,3,14,0,820,0,0,0,0,0,0,8,0,0,94,0,0,0,0,0,0,11,0,0,0,0,0,9,46,0,0,171,0
0,0,0,1,0,0,0,0,213,0,0,0,0,0,5,0,0,0,3,0,0,0,0,0,0,0,0,0,0,0,1130,0,0,0,0,0,0,0,0,0,0,0,0,0,0,0,0,12,0,0,0,0,0,4,71,0,0,0,0,0,0,0,0,0,0,0,420,0,0,0,0,0,0,28,0,0,0,0,0,126,0,0,0,0,0,233,0,0,0,0,0,0,0,0,0,0,0,0,0,0,0,326,0,0,0,0,0,0,0,136,0,0,0,0,0,0,0,4,0,0,0,0,0,0,0,0,0,0,0,138,0,0,0,0,0,0,0,0,0,0,0,0,0,0,0,0,0,0,0,0,24,0,0,35,0,0,0,0,0,0,0,0,0,0,0,0,0,0,5,255,0,0,1,0,0,0,0,0,0,0,161,0,0,0,0,0,0,0,0,0,0,0,0,0,0,0,0,0,0,0,0,2,0,185,0,0,0,0,0,0,0,0,147,0,0,0,0,0,0,0,0,21,0,10,0,0,0,0,181,0,0,0,0,2472,0,0,12,0,0,0,0,0,239,0,0,10,0,0,0,0,0,0,0,0,0,0,5,0,0,47,0,0,0,0,0,0,1,2421,54,20,0,0,164,3,0,0,0,11,0,0,0,0,0,0,0,22,2,0,159,0,0,0,0,0,290,0,0,21,0,168,0
0,0,0,0,0,0,3,0,0,0,0,0,0,0,137,0,0,0,0,0,0,105,0,4,0,2014,0,0,0,0,0,0,0,0,0,0,22,458,2,0,0,0,0,83,0,0,0,0,0,0,0,0,0,0,86,0,0,0,0,0,0,0,0,0,0,0,0,0,0,0,1153,0,0,29,0,0,0,0,0,0,0,0,0,0,0,13,0,0,0,0,0,14,54,0,0,0,0,0,0,0,0,0,0,0,46,13,0,630,0,825,0,0,0,0,2,0,0,47,639,0,0,0,0,0,75,0,0,0,0,0,0,0,0,0,0,0,188,0,0,0,59,0,0,0,0,0,0,1,0,0,0,0,0,9,0,0,0,0,0,327,0,0,0,0,0,0,0,0,0,0,0,0,0,0,0,0,0,0,0,0,0,0,0,0,0,0,0,0,0,0,0,0,0,11,0,0,0,3,0,0,0,0,0,0,0,87,7,0,0,5,0,0,0,0,0,0,0,0,2,0,0,0,0,0,2,0,0,0,0,0,402,1,0,1043,0,0,9,0,0,0,0,26,0,0,0,0,0,0,0,0,0,4,0,0,0,10,17,0,0,78,0,0,0,0,0,0,0,0,0,0,0,0,15,0,0,0,0,0,0,0,0,0,505,0,0,0,0,0,0,0,0,0,0,0,491,0,70,0,0,176,0
0,0,0,0,0,0,0,38,2,0,1,3,0,0,0,1,0,0,0,0,43,96,7,0,0,2061,0,0,1,0,351,0,0,22,0,0,0,16,0,0,0,0,0,0,0,1,0,0,0,0,0,1,1,0,20,0,0,0,0,273,0,0,1,0,0,0,97,0,0,0,16,0,0,65,0,0,0,0,1,163,0,364,277,6,0,0,308,0,2,55,284,0,2,0,0,2,0,0,26,4,0,0,0,0,0,0,0,0,0,1,0,3,0,27,3,0,0,0,0,0,19,0,0,28,54,0,0,0,0,2,0,1,0,0,0,0,0,0,1,0,0,0,45,0,0,0,0,0,0,0,72,4,0,0,1,71,0,0,0,0,0,0,7,1,0,0,0,0,0,0,0,0,0,0,0,103,0,0,0,0,0,0,19,0,0,0,0,0,102,0,0,0,3,223,0,0,0,0,0,0,3,0,0,0,197,1,149,0,150,2,0,1,172,0,2,0,5,6,0,0,16,0,0,0,116,24,0,0,16,0,0,0,0,41,0,0,7,0,0,27,64,0,0,0,0,0,0,0,0,0,0,0,0,0,3,5,4,0,3,2,0,0,0,8,0,0,0,0,4,5,0,0,392,9,1,0,0,0,2,2861,0,0,28,0,0,0,0,0,0,74,0,0,0,2,116,3,0,0,0,85,0
0,0,0,0,0,0,0,0,0,0,0,0,0,0,6,0,4,0,0,0,0,87,36,0,0,110,0,0,28,18,138,0,9,0,0,0,0,0,0,0,0,0,0,0,0,0,0,0,0,0,0,0,0,0,0,0,0,0,0,90,23,0,0,194,0,0,54,0,0,56,113,0,4,0,0,0,2,0,0,29,0,283,0,0,0,4,0,0,0,0,0,31,2,0,0,0,0,0,0,0,0,0,0,0,0,0,0,1,0,0,0,387,0,0,0,16,0,0,30,0,13,0,1,0,80,0,4,0,69,0,0,0,0,0,0,0,0,0,0,0,1,0,70,48,0,0,0,0,0,9,128,0,0,0,1,52,8,0,0,0,0,0,0,0,0,81,0,0,68,24,0,0,2,2,0,586,0,0,0,0,0,0,0,0,0,0,0,0,371,0,0,31,64,414,0,0,0,0,0,0,1,0,0,0,0,1,0,3,33,0,0,0,104,0,0,0,9,0,992,0,573,0,0,0,97,0,0,0,5,0,0,0,0,1,0,0,17,385,0,58,0,0,0,0,0,0,0,5,0,0,0,0,0,0,0,4,0,0,6,0,8,0,0,1,0,0,0,0,0,285,9,0,909,0,0,0,0,0,0,2305,0,0,155,0,0,0,0,0,0,44,0,0,0,0,38,0,3,0,0,73,0
0,0,0,0,0,0,2,34,0,5,6,0,0,42,11,0,0,0,0,4,81,7,7,33,13,791,0,0,1,77,1528,0,3,14,0,0,6,84,0,0,0,0,0,101,0,475,0,0,15,0,0,0,0,0,12,0,0,1,0,42,7,52,0,0,0,26,36,1,7,20,28,0,0,61,0,0,0,0,98,10,0,75,5,9,80,1,0,1,6,22,0,18,3,0,0,62,0,0,36,1,8,0,0,0,0,0,12,0,0,1,3,47,0,2,19,0,1,0,4,0,0,17,0,0,48,279,1,0,145,99,7,1,1,1,0,0,0,0,0,0,0,0,0,0,1,0,0,12,0,0,50,6,0,0,0,297,0,0,33,76,0,0,16,2,27,42,0,0,0,5,0,22,0,1,0,271,0,0,78,0,0,88,15,0,0,0,0,29,107,0,0,11,1,34,1,2,0,0,0,0,8,86,0,0,0,0,288,0,3,1,0,0,181,46,1,0,8,0,58,56,0,0,0,0,0,0,5,0,137,0,41,14,0,21,48,11,1,0,6,0,88,0,0,0,0,0,0,0,0,0,209,5,6,0,0,4,0,0,3,17,1,0,0,0,0,0,0,878,2,2,0,62,34,0,2,0,0,0,1,1600,0,0,52,0,0,0,0,0,4,0,0,0,0,0,0,0,0,0,0,39,0
0,0,0,0,7,0,1,41,0,0,2,0,0,0,0,8,0,0,0,0,34,13,0,0,0,2560,0,0,0,10,22,330,0,31,0,0,253,5,2,0,0,0,0,66,0,75,0,1,0,0,3,0,1,0,3,0,0,0,0,22,0,0,0,0,0,0,9,0,0,0,5,0,0,16,1,0,1,6,0,7,2,0,4,0,0,0,0,0,0,20,1,1,1,23,0,1,0,1,0,0,0,0,0,0,0,2,0,185,0,0,0,0,0,8,0,0,0,0,82,0,0,0,0,1,279,0,0,0,0,1,0,182,0,0,0,0,0,0,0,0,0,0,0,0,0,0,0,0,1,0,5,42,0,0,1,0,0,0,3,26,1,0,0,1,0,0,0,0,0,0,6,0,924,0,0,0,3,22,8,0,0,0,2,1,6,0,0,0,88,0,0,58,0,0,0,0,4,3,0,0,0,0,0,1,0,0,0,0,0,0,0,27,0,4,2,0,29,3,0,0,16,9,0,0,0,2,6,0,27,0,304,0,0,0,0,0,2,0,0,0,0,0,115,0,0,0,0,0,0,0,0,0,3,0,3,0,0,0,1,0,5,0,0,0,6,0,0,0,0,0,90,0,0,0,1,1,0,0,1,3595,0,0,5,0,0,0,1,0,0,47,52,0,6,5,24,0,14,0,0,66,0
0,0,0,0,0,0,0,0,0,0,0,0,3,0,3,0,0,0,0,0,0,15,11,0,0,33,0,0,7,19,0,0,104,35,0,0,1,0,0,0,0,0,0,132,0,274,0,0,7,0,0,0,0,0,0,0,0,0,0,0,0,0,0,0,0,0,276,0,75,0,0,0,0,0,0,0,5,0,0,216,0,442,0,14,0,2,0,22,0,43,0,0,2,0,0,5,0,0,0,0,0,0,0,0,0,0,0,0,0,0,0,1039,0,0,0,380,0,0,0,7,0,0,8,0,1,712,1,1,73,0,0,0,0,0,0,0,0,0,0,0,1,0,0,0,0,1,0,0,0,0,159,0,0,0,1,0,0,1,0,0,0,0,0,0,0,140,0,0,196,171,0,0,0,0,0,764,0,0,0,0,0,0,42,0,0,0,0,0,0,0,0,0,4,67,0,0,0,0,0,0,972,0,0,0,0,26,115,13,9,0,0,0,177,0,1,0,0,0,2038,0,0,0,0,0,70,0,0,0,6,0,0,0,0,0,0,0,0,0,0,23,162,0,0,0,0,0,0,0,0,0,0,0,0,0,32,10,0,0,16,0,0,0,0,9,0,0,0,0,144,41,0,0,16,0,0,0,0,0,0,303,0,0,93,0,0,0,0,198,0,0,0,0,0,0,0,0,2,0,0,13,0
0,0,0,0,0,0,0,0,0,0,3,0,0,0,0,0,0,0,0,0,0,0,44,0,0,1457,0,0,0,0,1055,613,16,0,0,0,0,0,0,0,0,0,0,0,0,24,0,0,0,0,0,0,0,0,0,0,0,0,0,476,0,0,0,0,0,0,99,0,0,0,31,0,10,0,0,87,0,0,0,19,0,77,98,0,0,0,0,971,0,22,0,0,0,0,0,181,0,0,0,0,0,0,0,0,0,0,0,0,0,0,0,107,0,0,26,0,0,0,0,6,40,0,0,0,0,0,1,0,175,223,0,0,0,0,0,0,0,0,0,0,0,0,0,0,66,0,0,0,0,0,190,0,0,0,0,438,0,0,24,1,0,0,0,0,0,0,0,1,0,0,0,0,1,0,0,715,0,0,1,0,0,223,33,0,0,0,0,0,0,0,0,0,0,0,0,0,0,0,0,0,5,459,0,0,7,0,241,0,0,0,0,0,676,0,0,0,1,0,0,0,0,0,0,45,57,0,0,0,0,0,2,0,0,1,0,0,0,0,0,268,182,0,0,0,0,0,0,0,0,0,0,0,0,0,0,0,0,0,0,0,0,0,0,0,0,0,0,345,0,13,0,0,96,0,0,0,0,0,0,12,0,0,31,0,0,0,0,1,0,0,0,0,0,0,9,0,0,0,0,0,0
0,0,0,3,0,0,1,0,0,0,0,0,0,0,0,0,0,0,0,0,0,0,0,14,0,4148,0,0,0,0,0,0,0,0,0,0,0,0,0,0,0,0,0,0,0,0,0,0,0,0,0,0,0,0,0,0,0,18,0,0,0,0,0,0,0,0,0,0,2,0,0,0,0,0,0,0,0,0,0,0,0,0,0,0,0,0,0,0,1,0,0,0,6,0,0,0,0,0,0,0,0,50,0,0,0,0,0,790,0,0,0,0,0,0,0,0,0,0,0,0,8,0,0,0,0,0,0,0,0,0,0,0,0,0,0,0,46,0,0,0,0,0,0,0,0,0,0,0,0,0,0,0,0,0,0,0,0,0,0,0,0,0,0,0,0,0,0,0,0,0,0,0,0,0,0,0,0,0,0,0,0,0,0,0,0,0,0,0,0,0,0,0,3,0,0,0,0,0,0,0,0,0,0,0,1,0,0,0,0,0,0,0,0,0,0,0,0,0,0,0,0,0,0,0,0,0,0,0,0,0,0,0,0,249,0,0,0,0,0,0,0,0,0,0,0,0,0,3,0,0,0,0,0,0,0,0,0,0,0,0,0,0,0,0,0,0,0,0,0,24,0,0,117,0,1,0,0,0,0,4515,0,0,0,0,0,0,0,0,0,0,0,0,0,0,0,0,0,0,0,0,0
0,0,0,0,0,0,0,20,0,0,0,0,4,0,12,0,0,0,0,0,38,53,0,0,0,1889,0,0,8,0,17,244,0,106,0,0,6,127,1,0,0,0,0,0,0,1396,0,1,0,0,0,0,0,1,28,0,0,0,0,85,0,0,0,0,0,0,122,0,0,0,6,0,0,7,0,0,0,0,0,0,1,1,55,0,0,0,75,0,0,69,0,0,1,0,0,10,0,0,44,0,0,0,0,12,1,2,87,179,0,0,0,0,0,50,3,1,0,0,146,0,0,0,0,1,766,52,0,0,0,41,83,234,0,0,0,0,149,0,0,0,63,0,0,0,90,0,15,1,0,0,19,9,0,2,1,0,0,0,0,22,0,0,0,0,0,0,0,0,0,0,0,0,8,0,0,0,1,0,0,0,0,0,0,0,23,0,0,1,0,0,0,0,0,0,0,0,0,0,0,0,245,0,0,712,0,34,2,0,1,0,0,20,8,0,7,1,0,9,53,0,0,18,0,0,0,1,86,0,33,4,166,1,0,0,0,0,1,0,0,0,2,0,0,51,0,0,0,0,0,0,0,3,0,0,4,25,36,0,3,29,0,0,0,25,0,0,0,0,0,0,0,25,54,0,0,0,0,1,0,1461,0,1,142,0,0,1,0,0,66,0,139,0,0,0,7,0,13,0,0,27,0
0,0,0,0,0,0,9,0,0,0,0,0,1,301,1,0,0,0,0,0,112,0,0,1,0,556,0,0,1,0,141,0,0,24,0,0,131,0,1,0,0,0,0,52,0,880,0,0,0,1,0,2,0,0,0,0,0,1,0,0,0,95,1,0,0,0,22,0,0,23,0,0,0,0,0,0,0,0,0,316,0,0,0,0,653,2,0,0,0,0,73,0,1,0,0,1,0,0,21,0,0,1,0,0,9,0,0,328,0,0,0,0,6,0,0,0,1,0,254,0,0,0,4,1,815,0,123,0,0,0,153,906,0,0,0,6,1,0,0,0,18,0,0,0,0,0,0,0,0,3,36,0,0,0,1,0,0,0,1,179,0,0,0,0,0,0,0,0,0,0,1,1,0,1,0,0,0,0,265,0,0,0,0,0,0,0,0,0,0,1,0,0,2,1,0,0,0,0,0,0,0,0,0,0,0,25,0,0,1,1,0,0,8,0,0,0,21,0,0,0,0,0,0,0,0,1,0,0,21,0,0,0,0,2,0,0,0,0,0,2,0,0,0,0,2,0,0,0,0,0,188,0,0,0,0,42,0,0,0,199,0,0,0,0,0,0,0,180,0,0,0,26,34,0,1,0,0,0,0,2491,0,0,0,0,0,0,0,1,33,0,0,0,0,0,41,0,6,0,0,144,0
0,0,0,0,1,0,0,5,0,3,9,0,0,0,13,0,49,0,0,4,1,6,4,1,0,278,0,0,2,2,11,0,0,15,0,0,5,100,0,0,0,0,0,0,0,1,0,0,0,0,0,0,0,0,0,0,0,3,0,312,4,0,0,0,0,58,51,1,5,104,0,0,0,0,0,0,2,0,0,89,0,81,38,0,0,0,49,0,6,0,0,0,3,0,0,0,279,0,0,0,0,0,0,0,0,1,0,0,0,0,0,4,0,0,0,0,0,0,0,3,4,0,1,0,9,364,134,0,0,0,0,1,0,0,0,0,1,0,38,9,1,562,0,0,0,0,0,0,0,0,0,2,0,13,0,150,35,155,0,0,17,0,0,1,0,0,5,0,28,4,1,0,1,0,0,343,0,0,0,0,0,0,62,0,0,0,0,0,0,0,778,1,2,193,0,0,0,0,0,346,0,0,0,0,0,0,0,0,14,2,9,0,57,0,0,0,1,0,556,0,4,0,0,0,33,0,0,0,0,0,0,0,0,9,0,0,0,0,6,0,42,0,0,0,0,0,0,26,0,0,0,0,2,0,0,121,23,0,0,1,0,0,0,31,4,0,0,0,0,3822,0,0,158,0,0,0,2,0,0,2,0,1,163,0,0,0,0,3,0,12,0,0,0,0,1,0,21,0,0,14,0
1,0,0,7,0,0,0,0,0,0,1,0,1,0,38,0,39,0,0,0,1,1,7,1,0,45,0,0,14,51,82,0,0,0,0,0,1,18,0,4,0,0,0,0,0,36,0,0,7,0,7,0,0,0,0,0,0,0,0,0,1,0,0,1,0,0,0,25,4,0,0,0,0,0,0,1,2,0,0,1,0,47,3,0,0,88,0,1,2,0,0,0,78,0,0,1,19,0,0,66,7,0,0,0,0,0,0,0,0,1,19,6,0,0,0,0,0,0,0,0,0,0,1,0,7,0,109,0,27,0,0,0,0,0,0,0,0,0,0,0,0,0,67,0,0,1,1,0,0,0,11,0,0,0,1,23,12,0,0,0,1,10,0,0,25,25,0,0,0,9,0,1,555,0,0,175,0,0,5,0,0,111,73,1,1,0,0,0,0,0,0,1,1,167,0,0,0,0,6,82,0,75,0,0,0,7,104,26,3,4,0,0,22,0,0,0,0,0,437,0,0,0,0,0,27,0,0,16,0,0,0,0,0,0,49,0,1,82,6,23,30,0,0,0,0,0,40,1,0,0,0,1,0,0,1,6,37,0,0,0,0,0,0,1,1,0,0,0,0,6256,0,0,431,0,0,0,0,0,2,1,0,20,12,0,2,0,0,1,0,2,0,0,0,0,0,0,1,0,0,42,0
0,0,0,2,0,0,37,0,0,0,0,0,0,0,0,0,0,0,0,0,0,0,0,10,0,0,0,0,27,0,0,0,0,0,0,0,0,0,0,0,2,0,0,0,0,0,0,0,0,0,0,0,0,0,0,0,0,13,0,0,0,0,14,0,0,0,2,0,0,0,0,0,0,0,0,0,0,0,0,0,0,0,2,3,0,41,0,0,0,0,0,0,0,0,0,6,96,0,0,0,0,21,30,0,0,1,0,0,0,0,0,0,0,0,0,0,0,0,0,0,0,0,0,0,0,0,1,57,0,0,0,0,0,0,151,0,0,0,0,2,15,0,0,0,0,0,0,0,0,0,0,0,0,0,0,0,0,0,0,0,0,0,0,0,0,0,0,6,0,0,0,0,0,7,0,0,0,0,0,0,0,0,0,0,0,0,0,0,0,0,1,0,0,0,0,0,0,0,0,0,0,0,0,1,0,0,0,0,0,0,0,0,0,0,0,0,0,0,0,0,0,0,0,0,0,0,0,0,0,0,0,0,0,2939,0,0,0,0,0,0,0,0,0,0,0,0,0,0,0,0,0,0,0,0,0,0,0,0,0,0,0,0,0,9,0,0,0,0,0,13,0,0,0,0,0,0,0,0,0,6445,0,0,0,0,0,0,0,0,45,0,0,0,0,0,0,0,0,0,0,0,0
0,0,0,0,0,0,0,0,0,0,0,0,0,0,1,0,0,0,0,0,0,24,0,2,0,1680,0,0,0,0,158,0,1,57,0,0,6,0,0,0,0,0,0,23,0,77,0,0,0,0,0,0,0,0,0,0,0,0,0,0,0,0,0,0,0,0,91,0,14,0,8,0,0,0,0,0,0,0,0,12,0,0,0,0,0,2,1,0,0,23,0,0,4,0,0,1,0,0,0,0,0,19,0,0,6,0,0,0,0,0,0,0,0,1,0,8,0,0,0,5,0,0,0,0,0,0,0,0,0,266,0,1,0,0,0,14,0,0,0,0,0,0,0,0,0,0,0,0,0,0,30,0,0,0,1,116,0,0,36,13,0,0,0,0,0,41,0,0,86,0,0,0,0,0,0,1021,0,0,0,0,0,189,21,1,0,0,43,0,544,0,0,0,2,77,0,0,0,0,0,0,296,0,0,1,0,0,346,0,11,0,0,0,23,0,0,0,0,0,2102,0,0,0,0,0,30,0,0,0,4,0,0,0,0,1,0,0,0,0,0,3,0,0,74,0,0,0,0,0,0,0,27,0,0,0,4,3,62,0,0,0,0,0,0,0,0,0,0,0,0,0,0,0,277,1,0,0,0,0,0,1683,0,0,169,0,0,0,0,0,54,0,0,0,0,0,11,0,0,0,0,93,0
0,0,3,0,0,0,1,0,0,0,0,0,0,0,29,0,47,0,0,0,0,1,0,0,0,1246,0,0,0,0,0,0,0,56,0,0,0,17,0,0,0,0,0,17,0,0,0,0,0,0,0,0,0,0,20,0,0,0,0,0,0,0,0,0,0,0,105,0,0,0,0,0,0,0,0,0,0,0,0,0,0,17,0,0,0,20,4,0,0,0,0,0,628,0,0,318,0,0,0,0,0,0,0,53,0,1,0,2663,0,0,0,0,0,0,0,0,1,0,543,1,0,0,0,1,17,727,0,0,0,0,2,0,0,2,0,0,1,0,0,0,1006,0,0,0,0,0,88,0,0,0,0,3,0,0,1,0,0,0,0,19,0,0,0,0,0,0,0,0,0,29,0,0,1,0,0,0,0,1,0,0,0,0,0,0,0,0,0,0,0,0,0,0,0,0,296,0,0,0,0,0,0,0,0,0,0,430,0,0,0,0,0,0,0,0,2,0,0,42,0,14,0,0,0,0,0,0,0,0,0,0,0,14,2,237,0,0,0,0,2,47,0,0,0,0,0,0,1,0,0,0,0,0,0,0,0,349,0,0,7,0,0,0,0,0,0,0,0,0,0,653,0,0,0,0,0,0,8,0,2,2,0,0,160,0,0,0,0,0,0,5,0,0,0,0,0,0,6,0,0,32,0
4,0,0,0,0,0,1,0,0,0,0,0,0,0,0,0,0,0,0,0,77,0,0,0,0,0,0,0,0,23,0,0,0,1,0,0,4,0,0,0,0,0,0,0,0,0,0,0,0,0,0,0,0,0,0,0,1,0,0,0,0,105,1,0,89,0,0,0,36,0,0,0,0,0,0,743,0,0,0,31,0,0,0,0,0,0,0,0,0,0,3775,0,73,0,0,0,0,0,0,0,0,145,0,0,0,0,0,463,0,0,0,0,13,0,0,0,0,0,50,23,0,0,0,31,0,0,0,0,0,0,0,233,0,0,0,0,0,0,0,0,294,0,0,0,0,0,0,0,0,0,0,0,0,0,0,0,0,0,0,0,0,0,0,0,0,0,0,3,0,0,10,0,48,0,0,0,0,0,0,0,0,0,0,0,0,0,0,0,0,0,0,88,0,7,0,0,0,0,0,0,0,0,0,0,104,0,0,0,1,0,0,0,0,0,0,0,0,0,14,0,0,0,0,0,0,0,0,0,0,0,0,0,0,439,0,0,0,0,0,0,0,0,0,0,3,0,0,0,0,0,0,0,0,0,0,0,0,0,0,18,0,0,0,0,10,0,0,0,24,1643,0,0,1061,0,0,0,0,0,0,311,0,0,0,0,0,0,0,0,0,0,0,0,0,0,0,0,0,0,0,0,0
0,0,0,0,0,0,1,0,0,0,3,0,0,213,27,0,56,0,0,0,0,239,8,0,0,255,0,0,0,0,24,0,0,30,0,24,0,0,0,0,0,0,0,41,1,0,0,0,12,0,0,0,0,0,32,0,0,4,0,0,0,0,0,0,5,0,68,0,0,47,0,0,0,0,0,0,3,0,0,256,0,49,4,6,42,0,0,1,3,32,0,0,0,0,0,1,0,0,0,0,0,0,0,0,0,1,0,0,1,0,0,48,0,0,14,0,0,0,0,36,0,0,0,0,91,49,245,0,36,0,0,0,1,0,0,0,0,0,0,0,0,0,0,0,124,0,0,0,0,0,106,0,0,0,1,431,0,0,2,0,0,0,0,0,0,0,0,0,65,17,0,0,0,0,0,461,0,0,1,0,0,193,40,0,0,0,0,0,84,0,0,0,0,180,0,0,0,0,0,0,160,0,0,1,1,0,0,0,0,0,0,0,13,0,0,0,16,4,1859,10,0,0,0,0,37,0,7,0,0,0,0,0,0,132,0,0,6,0,0,253,0,0,0,0,0,0,0,0,0,0,19,0,19,0,19,0,0,0,0,0,0,6,0,0,0,0,0,0,0,227,0,0,987,0,0,0,0,0,3,1835,0,0,297,0,0,0,0,0,0,8,64,0,0,0,35,0,272,4,0,0,0
0,0,0,0,0,0,3,15,0,0,8,3,0,208,8,0,0,0,0,0,119,122,14,3,0,290,0,0,8,0,10,0,33,50,0,0,5,29,0,0,27,0,0,112,0,73,228,0,2,0,0,0,0,0,0,0,4,3,0,138,3,3,2,101,26,1,29,0,2,0,55,0,0,17,0,5,0,0,0,78,0,74,0,0,371,1,2,0,2,50,4,32,0,0,0,0,0,0,47,0,10,0,0,0,0,0,0,0,1,0,20,202,0,5,0,13,0,74,43,0,6,0,0,0,96,264,0,0,74,88,0,1,1,0,0,0,5,0,0,0,0,0,69,7,0,0,0,86,0,0,100,8,0,7,0,31,0,0,0,3,4,0,4,1,0,0,4,0,39,12,0,0,0,1,0,254,0,117,19,16,0,0,18,0,0,0,2,0,364,0,0,9,2,170,0,0,0,1,0,0,6,259,0,0,1,1,41,0,7,1,0,0,11,0,1,4,1,28,1143,5,13,6,0,0,0,0,0,0,15,10,0,0,0,1,0,0,1,165,12,85,38,2,0,0,0,0,3,4,0,0,150,4,2,0,6,1,1,1,15,0,2,16,0,5,0,0,0,0,41,8,0,0,333,0,5,0,1,0,2,2554,1,0,141,0,0,0,0,3,20,56,0,0,0,0,0,0,4,0,0,79,26
5,0,0,0,0,0,0,54,0,0,22,0,2,0,4,2,0,0,0,0,0,75,7,0,0,349,0,0,158,170,2109,0,0,94,0,0,1,307,0,0,0,0,0,0,0,21,0,0,0,0,22,0,0,0,131,0,0,0,0,0,19,0,0,0,0,0,0,0,39,0,0,0,4,0,0,1,3,0,0,37,0,81,146,0,0,2,0,0,0,9,0,0,3,0,0,0,0,0,7,0,0,0,0,0,0,0,0,0,0,0,0,96,0,0,14,213,0,0,0,0,0,0,0,57,1,0,1,0,0,0,1,0,0,0,0,0,1,0,0,0,17,0,0,20,0,0,0,0,33,0,0,0,0,0,1,110,0,1,0,0,1,24,0,0,0,39,0,0,138,0,0,0,0,0,1,145,0,0,0,0,0,0,84,0,0,0,0,0,0,0,0,3,6,419,0,0,0,1,0,0,0,0,0,0,0,0,248,58,10,0,0,0,0,0,0,0,0,0,1270,0,0,0,0,0,86,0,0,0,0,0,0,5,0,0,0,0,0,0,19,10,58,0,0,0,0,0,67,0,0,0,0,0,22,0,49,4,41,0,0,0,0,0,0,0,2,0,0,0,3,788,0,0,13,0,0,0,60,0,4,39,1,1633,62,0,0,3,0,0,75,17,0,0,0,0,6,0,4,0,0,39,0
0,0,0,0,0,0,0,0,0,0,0,0,0,83,8,0,2,14,0,0,2,11,17,0,0,2,0,0,3,0,0,0,0,248,3,0,62,0,0,0,0,0,79,55,24,74,0,0,2,0,0,84,0,0,0,0,0,0,21,16,0,0,1,5,4,0,3,0,15,261,0,0,0,3,0,0,0,0,0,60,0,163,0,13,0,25,0,0,2,16,156,1,23,0,4,6,0,2,181,2,43,0,0,0,0,0,0,1,0,2,0,272,0,0,0,0,0,0,26,49,0,0,2,0,29,1319,5,1,0,0,0,0,1,1,0,0,0,0,0,0,0,0,153,26,12,1,0,0,0,1,74,0,0,0,1,69,48,0,50,0,0,0,0,3,0,0,0,0,84,0,0,44,1,1,0,1419,0,0,1,0,0,539,0,0,0,0,0,0,0,0,0,1,0,86,0,0,0,0,0,0,800,75,0,0,0,0,0,23,7,1,0,0,146,0,1,0,6,0,1307,0,0,0,0,0,37,0,0,0,0,0,1,0,0,1,68,0,0,366,0,115,0,0,0,0,4,0,4,3,0,0,23,0,0,0,0,0,0,0,0,14,0,0,0,0,0,0,0,0,0,29,0,0,519,0,1,0,0,0,0,5,0,0,137,25,0,0,0,0,114,3,0,0,0,0,21,0,11,0,0,22,0
0,0,0,0,0,0,4,0,0,0,0,0,0,0,0,62,32,0,0,0,0,7,0,0,0,0,0,0,8,0,1275,0,0,4,0,0,24,9,0,0,0,0,0,0,0,5,0,0,0,0,0,0,0,0,0,0,0,0,6,26,0,0,0,0,0,0,0,0,0,103,0,0,0,0,0,0,0,0,0,57,0,0,0,0,3,5,0,0,0,40,0,1,0,0,0,0,0,0,73,0,0,183,0,0,0,0,0,3903,0,0,0,0,310,68,0,0,0,0,1,0,0,0,0,0,494,0,0,0,0,0,50,316,0,0,0,0,50,0,0,0,148,0,2,0,0,0,37,0,0,0,13,0,0,0,0,0,0,0,0,2,0,0,0,887,0,0,0,0,0,0,5,0,0,0,0,0,0,18,0,2,0,0,0,0,15,0,0,0,0,0,0,3,6,11,0,0,0,0,0,0,0,0,0,0,0,71,0,0,5,0,0,0,0,0,18,0,171,0,0,0,0,0,0,0,0,0,0,0,62,0,2,0,0,422,0,0,0,0,0,0,0,0,0,0,3,0,0,0,0,0,0,0,0,0,0,14,5,0,4,0,0,0,0,8,0,0,0,0,0,0,0,72,603,0,0,0,0,0,0,100,0,0,33,6,0,0,0,0,0,0,0,0,0,0,78,0,2,0,0,4,47
0,0,0,0,0,0,2,0,190,0,0,0,0,6,65,0,0,0,0,0,0,19,0,2,0,2581,0,0,5,20,267,0,0,294,0,0,1,0,2,0,0,0,0,0,0,109,0,2,6,0,0,0,0,0,0,0,0,0,0,0,0,0,0,0,0,0,142,0,3,0,0,0,0,0,0,0,0,1,0,0,0,4,29,0,0,2,0,0,0,65,0,2,104,0,0,0,0,0,99,0,0,0,0,0,0,0,0,36,0,0,0,0,0,0,0,0,0,0,2,0,0,0,0,517,142,0,0,0,0,0,0,0,0,0,0,0,0,0,0,0,184,0,0,0,0,0,0,0,0,0,54,0,0,180,1,0,0,0,0,0,1,23,0,0,0,71,0,0,68,10,0,0,0,0,0,522,0,0,1,0,0,244,43,0,0,0,0,0,0,0,0,0,3,94,0,2,0,0,0,0,0,0,0,0,0,0,264,0,8,0,0,0,0,0,0,0,6,0,143,0,0,0,0,0,0,0,0,0,9,0,0,0,0,31,0,0,0,0,0,23,212,0,0,0,0,0,17,0,0,0,0,0,0,0,13,0,7,0,0,0,11,0,0,0,0,0,0,0,2,34,0,0,479,0,36,0,0,0,5,2130,0,0,129,0,0,0,0,0,6,0,0,0,0,0,145,0,54,0,0,17,0
0,0,0,1,0,0,0,0,0,0,0,0,0,0,1,0,0,0,0,0,0,5,0,0,0,7530,0,0,0,0,368,0,0,0,0,0,0,0,0,2,0,0,0,0,0,0,0,0,0,1,1,0,0,1,0,0,0,0,0,0,0,0,0,0,0,0,327,16,0,0,10,0,0,0,0,0,0,0,0,124,0,0,0,0,0,0,0,0,0,0,0,0,5,0,0,61,0,0,0,0,0,0,0,0,0,0,0,0,16,0,0,0,0,0,0,1,0,0,44,0,0,0,0,0,274,0,7,0,4,0,0,0,0,1,0,0,4,0,0,0,0,0,0,0,0,0,0,0,0,0,0,0,0,0,0,0,0,0,0,335,0,0,0,0,0,1,0,0,0,0,0,1,208,0,0,0,0,4,344,0,0,0,0,0,0,0,0,0,0,0,0,23,0,0,0,0,0,0,1,0,0,0,0,0,0,7,1,12,0,0,3,0,0,8,0,0,0,0,10,0,0,39,0,0,0,0,0,16,0,0,0,0,0,0,20,0,0,0,1,0,0,0,0,0,0,10,0,0,0,0,0,0,0,0,0,1,2,0,8,0,0,0,0,0,0,0,0,0,0,0,10,0,0,0,0,0,7,0,0,0,0,0,0,0,0,0,0,12,0,0,0,0,0,0,0,0,0,0,0,113,0
0,1,0,3,0,17,1,17,0,4,14,0,0,0,22,0,18,9,15,2,14,33,30,1,0,2428,0,0,1,16,0,0,0,111,2,0,1,1,67,0,16,0,51,0,0,159,0,2,0,0,1,1,1,0,31,1,0,0,0,57,5,2,0,1,0,2,147,0,2,0,30,0,3,0,0,0,7,0,0,195,0,268,109,7,18,0,220,0,0,29,2,0,15,0,0,0,0,2,0,1,11,0,0,0,0,0,0,0,0,1,3,87,0,0,14,0,0,0,0,5,25,0,0,0,0,148,1,0,36,9,0,0,4,0,0,0,0,0,1,0,0,333,0,0,48,0,0,0,0,0,82,0,0,36,1,190,0,1,0,0,12,23,0,0,39,0,2,0,47,41,1,0,1,1,0,623,12,0,0,0,0,114,81,1,0,0,0,0,137,0,0,0,2,70,1,0,7,0,0,72,35,0,0,0,0,1,138,0,5,1,0,0,113,31,2,0,0,4,640,7,0,0,0,0,23,0,0,0,0,0,0,0,98,14,0,0,5,0,10,82,55,0,0,0,0,0,0,1,1,0,0,2,11,0,3,0,1,0,11,160,2,0,4,1,4,0,0,0,1,401,2,53,263,0,1,0,0,0,1,1145,0,1,89,0,0,0,0,0,24,18,0,0,0,0,0,0,2,0,0,9,0
0,0,0,0,0,0,1,0,123,0,0,0,0,433,9,0,0,0,0,0,74,1,0,6,0,3008,0,0,4,0,0,0,0,72,0,0,34,35,0,0,0,0,0,49,0,2,0,0,1,0,0,0,0,0,0,0,0,0,0,0,0,0,1,0,219,0,94,0,0,0,0,0,0,54,0,0,0,0,0,0,0,0,0,0,0,2,0,1,0,100,0,1,53,0,0,0,0,0,26,0,0,3,0,0,0,0,0,237,0,0,0,0,0,11,0,0,0,22,50,0,0,0,0,1,25,0,0,0,0,0,6,905,0,0,0,0,4,0,0,0,35,0,0,0,0,0,0,0,1,7,2,0,0,0,1,0,0,0,0,0,8,0,0,0,0,0,0,0,0,0,0,0,0,0,0,0,0,0,0,0,0,0,0,0,4,0,0,0,0,0,0,75,1,0,0,0,0,0,0,0,0,0,0,0,0,37,0,0,1,0,0,0,0,0,0,0,21,0,236,0,1,0,0,0,0,0,0,0,27,0,0,0,0,603,0,0,0,0,0,0,0,0,0,0,0,0,11,0,0,0,167,0,2,0,1,0,18,4,3,0,0,0,0,0,0,0,0,0,1,210,0,50,315,0,1,0,0,0,2,2368,0,0,3,0,0,0,1,46,0,0,0,0,1,0,55,0,9,0,0,11,0
1,1,0,0,0,11,31,0,0,0,10,0,0,0,11,0,0,0,15,0,0,9,21,1,0,3561,0,0,7,10,16,0,54,0,0,0,6,53,0,0,0,0,0,0,0,0,0,0,0,0,3,0,4,0,0,0,1,0,0,35,4,0,0,49,0,0,147,0,2,0,3,0,26,0,0,0,2,0,0,43,0,109,259,0,0,21,221,0,4,2,0,3,3,0,0,0,0,0,29,1,0,0,0,0,0,0,0,0,0,1,6,595,0,0,32,35,0,0,0,0,28,0,0,49,16,0,0,0,0,0,0,0,0,0,0,0,0,0,0,0,0,0,112,10,22,0,0,0,0,0,95,7,0,34,0,104,26,0,0,0,0,28,0,0,0,44,0,0,0,15,0,0,926,2,0,163,15,0,2,0,0,0,24,0,0,1,0,0,0,0,114,3,2,66,0,0,0,0,0,0,11,52,0,1,0,3,0,0,5,2,0,0,0,0,1,7,5,0,1168,0,428,0,0,0,0,0,0,0,0,0,0,0,0,1,0,0,2,239,0,63,176,54,0,0,0,0,0,1,0,0,0,0,8,1,10,0,0,0,0,3,5,0,0,2,37,0,0,0,0,126,0,0,64,4,2,0,0,0,0,2,0,0,41,3,0,0,0,4,0,0,0,0,1,0,6,0,1,0,0,98,0
0,0,0,0,0,0,1,40,0,0,1,0,0,178,105,1,0,2,0,0,72,14,0,19,2,2653,0,0,35,0,11,0,0,109,0,0,27,123,0,0,0,0,0,17,0,13,0,1,0,0,0,0,0,0,0,0,0,0,0,280,0,0,1,0,9,0,152,0,0,24,56,0,0,5,0,0,0,0,0,376,0,1,0,0,353,0,106,0,1,17,0,24,0,0,0,0,0,0,9,0,0,0,0,0,11,0,0,1657,0,0,2,0,0,407,0,0,0,0,272,0,0,0,0,0,24,0,0,0,0,0,0,163,0,0,0,0,196,0,0,2,463,0,0,0,0,0,16,0,0,0,4,10,0,13,0,0,0,0,8,23,0,0,0,1,0,0,0,0,0,0,3,0,0,0,0,0,0,0,471,1,0,0,0,0,1,0,0,0,0,0,0,22,15,0,0,0,0,2,0,0,7,0,0,0,0,37,0,0,2,1,0,0,0,0,10,0,189,0,34,2,54,16,0,0,0,0,0,0,41,4,142,0,1,290,0,0,2,0,0,14,0,0,0,14,2,17,0,3,0,0,0,4,0,1,26,0,37,0,6,1,20,0,1,1,0,0,0,0,0,0,0,19,6,0,0,0,0,2,7,0,0,0,34,1,0,0,0,0,148,0,0,0,0,0,0,1,157,0,0,28,0
0,1,0,0,0,2,143,22,0,0,0,0,0,1,0,0,0,0,0,0,2,18,0,0,36,2353,0,0,0,0,0,0,0,83,0,0,0,19,1,0,0,0,964,28,0,42,0,0,0,0,0,0,0,0,30,0,0,0,0,44,0,26,0,3,0,0,14,0,0,0,23,0,17,9,0,0,0,0,0,6,11,0,0,0,0,10,0,0,0,39,0,247,0,0,0,0,0,0,25,1,0,63,0,47,1,0,0,0,0,66,0,0,0,20,0,0,0,0,134,0,0,0,0,1,140,0,0,0,0,0,5,2,0,0,0,0,123,0,0,0,0,0,7,0,0,0,13,8,1,0,1,13,3,0,1,0,0,0,0,115,0,0,0,0,0,0,0,0,0,0,9,0,0,0,0,0,0,114,90,0,0,0,0,0,0,0,0,0,7,0,0,64,12,2,23,0,0,2,0,0,0,0,0,42,0,53,0,0,0,0,0,0,0,0,0,0,4,147,0,8,139,0,0,0,0,0,0,0,0,0,61,0,0,2079,0,2,5,0,0,0,0,0,0,0,0,0,0,0,0,0,0,3,33,0,13,24,0,1,4,0,0,0,0,4,0,0,0,0,174,857,213,0,313,0,0,0,0,0,119,9,0,0,85,0,0,0,0,0,0,47,0,0,0,1,59,0,62,0,0,133,0
0,0,0,0,0,0,0,0,1,0,0,0,0,834,11,2,0,3,0,0,0,281,0,0,0,3046,0,0,0,0,0,0,0,0,7,0,0,0,0,0,0,0,0,0,0,77,0,0,0,0,0,0,0,0,0,0,0,0,0,279,0,0,0,0,0,0,21,0,0,0,0,0,0,520,0,0,0,0,0,368,13,0,0,0,0,0,12,0,0,95,389,0,0,0,0,0,0,0,13,0,0,0,0,2,0,0,0,993,0,0,0,0,0,42,0,0,0,0,0,0,6,0,0,1,109,56,0,0,0,0,0,963,0,0,0,0,0,0,0,0,0,0,0,0,0,0,0,0,0,0,48,31,0,0,1,0,0,0,0,0,0,0,0,0,0,0,0,0,0,0,0,0,0,0,0,0,0,0,0,4,0,0,0,0,0,0,0,0,0,0,0,0,0,0,0,0,0,0,0,0,0,0,0,0,0,0,0,0,1,0,0,0,0,0,22,0,0,0,52,0,0,0,0,0,0,0,0,0,582,0,825,0,0,17,0,0,1,0,0,0,0,0,0,0,0,35,0,0,0,0,0,0,0,1,0,0,4,0,0,0,0,0,0,0,1,0,0,0,0,4,0,0,16,0,0,0,0,0,0,0,0,0,0,0,0,0,0,0,0,35,0,0,0,0,0,0,1,0,0,176,0
0,0,0,0,0,0,1,0,0,0,0,0,10,4,7,0,0,0,0,0,0,0,0,31,1,0,0,0,0,187,1,0,2,21,0,0,1042,0,2,10,0,0,0,186,0,0,0,4,0,0,4,0,0,0,49,0,0,0,0,0,0,0,0,0,0,0,76,0,17,76,0,0,0,0,0,0,1,0,0,61,0,0,31,0,0,179,0,1,0,0,13,54,1,39,0,28,0,0,32,0,0,148,0,0,1,0,0,2,0,0,0,0,0,0,0,0,3,7,0,15,0,0,0,5,0,0,0,0,0,0,0,347,0,0,0,1,360,0,0,0,549,0,0,0,0,0,0,0,0,0,19,6,0,0,289,0,0,0,12,0,0,0,0,0,0,0,0,0,0,0,0,0,0,0,0,0,0,109,9,0,0,0,0,41,0,0,0,0,0,0,0,0,0,0,0,0,0,1,0,0,0,0,0,0,2,49,0,0,0,0,0,0,0,2,0,0,67,42,571,0,0,0,0,0,0,0,0,0,17,0,0,6,2,117,0,3,1,0,0,5,0,0,0,0,12,0,0,0,0,0,64,0,27,0,50,232,0,1,14,0,0,0,0,0,351,0,0,0,12,7,0,0,224,1873,0,0,0,0,35,1312,2,0,205,0,0,0,0,0,42,0,0,0,15,0,391,0,62,0,0,88,0
0,0,1,0,0,1,11,26,0,0,0,0,1,92,21,0,3,0,0,2,1,4,0,19,11,2048,0,0,7,109,454,0,0,26,0,0,12,15,0,1,0,0,0,0,0,25,0,4,0,0,2,0,2,0,13,0,0,0,0,3,2,1,1,0,0,3,9,0,0,0,18,0,1,6,0,0,0,0,0,8,0,1,79,1,1,0,0,498,0,24,0,23,130,0,0,1,0,0,5,0,0,28,0,0,1,0,0,992,0,1,0,0,0,137,4,1,2,0,174,0,0,0,0,0,950,0,0,0,3,0,6,23,0,1,0,0,229,0,0,0,16,0,0,0,0,0,0,0,2,0,6,0,0,7,1,0,0,0,0,7,0,0,0,0,0,0,1,0,0,0,2,0,14,0,0,0,0,6,411,0,0,0,27,0,1,0,0,0,0,0,0,36,1,0,0,0,1,1,0,0,0,0,0,0,0,1,4,1,3,0,0,0,0,0,7,0,29,0,157,1,48,0,0,0,1,0,0,0,69,0,94,0,0,1,0,0,7,0,0,25,0,0,0,0,0,0,0,0,0,0,25,2,0,0,5,1,1,0,7,32,1,0,0,1,64,0,0,49,2,0,0,20,382,3,1,0,0,1,3,1878,0,0,83,0,0,0,2,4,1,6,0,0,0,0,19,0,114,0,0,32,0
0,0,0,0,0,0,0,15,0,0,0,0,1,0,2,0,0,0,0,0,1,0,0,2,0,3350,0,0,0,71,36,0,0,154,0,0,23,15,0,0,0,0,0,8,0,4,0,0,0,0,0,0,0,0,0,0,0,0,0,0,0,0,0,0,0,0,349,0,0,0,3,0,0,1,0,0,0,0,0,9,0,0,744,0,1,0,0,25,0,20,0,4,11,0,0,176,0,0,12,1,0,0,0,0,0,0,0,1908,0,0,0,0,0,99,0,1,0,0,112,0,0,0,0,0,246,0,0,0,0,0,77,27,0,0,0,0,19,0,0,0,0,0,0,0,0,0,0,0,0,0,14,35,0,139,0,0,4,0,12,0,0,0,0,0,0,0,0,0,0,0,0,0,0,0,0,0,0,0,70,0,0,0,0,0,0,0,0,0,0,0,0,54,1,0,0,0,0,0,0,0,0,0,0,0,0,0,0,0,1,0,0,0,0,1,0,0,0,0,33,0,0,0,0,0,0,0,0,0,56,0,77,0,0,306,0,0,0,0,0,0,0,0,0,0,0,0,0,0,0,0,8,0,0,0,9,0,0,0,8,1,0,0,0,0,0,0,0,0,0,78,0,15,0,0,0,0,0,0,3,1227,0,0,257,0,0,0,0,0,0,0,0,0,0,0,11,0,7,0,0,47,0
0,0,1,0,0,0,0,33,0,9,14,0,0,0,24,0,0,0,14,2,50,8,6,0,0,1238,0,0,102,6,0,0,0,93,0,0,26,125,0,7,0,1,0,12,0,0,0,0,0,0,1,0,0,0,0,3,6,0,0,31,3,0,0,48,0,0,0,0,5,0,2,13,5,9,0,0,2,0,0,19,1,75,217,13,0,0,0,0,8,6,0,3,41,0,0,0,0,0,7,0,0,0,0,0,0,1,0,0,0,1,0,18,0,0,14,0,0,1787,0,4,9,0,0,67,8,86,0,1,0,0,0,0,0,0,54,0,0,0,0,0,0,0,81,0,1,1,0,43,0,0,0,1,0,15,1,259,81,0,0,0,0,0,6,1,0,0,0,0,59,0,0,0,1,0,1,423,0,0,0,0,0,0,0,0,0,0,0,0,0,0,0,0,10,36,0,0,0,0,0,0,538,386,0,1,0,0,248,0,14,10,0,0,59,0,1,0,2,0,2222,19,4,54,0,1,38,0,0,0,0,0,22,3,0,4,0,0,0,771,0,0,48,0,0,0,0,0,0,2,0,0,0,0,8,0,7,0,0,0,0,0,0,0,0,1,2,0,0,0,0,25,0,0,13,0,5,0,6,3,0,1,0,0,0,0,0,0,1,0,0,2,0,0,7,0,1,1,1,0,0,117,0
0,0,0,0,0,0,0,0,0,0,0,0,0,0,25,0,0,0,0,0,1,32,0,3,0,0,0,0,8,52,0,0,0,67,0,0,0,0,0,0,0,0,242,15,0,4,0,0,0,0,0,0,0,0,0,0,0,0,0,32,1,0,0,0,0,0,0,21,0,0,0,0,0,0,0,0,0,0,0,11,0,0,364,0,0,0,0,0,0,0,0,0,13,0,0,0,0,0,0,0,0,52,0,0,0,0,0,3359,0,0,0,0,0,130,0,0,0,0,128,1,0,0,0,0,605,0,0,0,0,0,0,10,0,0,0,0,23,0,0,0,555,0,0,0,0,0,15,0,0,0,40,0,0,0,0,4,0,0,0,0,0,0,0,0,0,0,0,59,0,0,0,0,1,0,0,0,0,0,118,1,0,0,0,0,2,0,0,0,0,0,0,44,14,22,0,0,0,0,0,0,0,0,0,0,0,37,0,0,0,0,4,0,0,0,10,0,0,0,312,0,46,0,0,0,0,0,0,0,25,0,22,0,0,100,0,0,0,0,0,3,0,0,0,0,0,0,0,0,0,0,0,0,0,1,0,0,0,0,0,11,7,0,0,3,0,0,0,0,0,11,0,16,1183,1565,0,0,0,0,0,0,0,3,301,0,0,0,0,1,0,38,0,0,0,0,0,0,174,0,0,53,0
0,0,0,0,0,0,0,41,297,2,0,0,0,1,795,0,13,0,0,0,6,48,0,0,4,505,0,0,178,0,28,0,0,277,156,0,4,264,0,0,0,0,0,19,0,5,0,0,0,0,0,0,0,0,52,28,0,0,0,55,5,50,0,0,8,4,9,1,0,189,36,1,0,12,0,0,0,0,0,41,0,0,24,0,52,4,0,0,0,29,7,39,0,0,0,0,0,0,176,0,14,0,0,100,0,0,13,40,0,4,2,2,0,60,0,0,0,0,57,0,20,52,0,0,28,191,0,0,158,505,4,1,0,0,0,0,0,0,0,0,0,0,0,0,1,0,0,36,0,28,40,5,0,0,1,528,111,1,40,2,0,0,0,11,0,0,0,0,0,35,0,0,1,0,0,861,0,0,5,0,27,0,0,0,0,0,0,0,326,2,0,22,57,132,4,0,0,0,0,0,41,0,0,0,0,1,145,0,0,0,0,0,205,0,27,40,4,0,147,56,4,0,0,0,50,0,170,0,18,9,62,0,103,2,0,25,0,0,0,265,233,0,1,38,0,0,0,2,3,0,21,7,16,0,0,10,13,0,24,0,4,0,0,44,0,0,0,55,3,726,83,0,26,0,0,0,0,0,4,3,0,0,80,0,0,0,0,0,21,50,0,0,0,0,50,0,97,0,0,21,0
0,0,0,0,0,0,1,0,0,0,0,0,0,0,26,0,0,0,0,0,0,0,0,0,0,2669,0,0,2,9,0,0,0,0,0,0,0,0,0,0,0,0,0,0,0,312,0,0,0,0,0,0,0,0,0,0,0,1,0,0,0,0,0,0,0,0,368,5,0,0,0,0,0,0,0,0,0,0,0,0,0,0,0,0,0,0,2,0,0,118,0,0,47,0,0,7,0,0,104,0,0,0,0,0,0,0,252,791,0,0,0,0,0,60,0,0,0,0,0,1,5,0,13,3,0,21,0,0,0,0,128,55,0,0,0,0,24,0,0,0,0,0,0,0,0,0,0,0,0,0,0,0,0,0,0,3,0,0,0,43,0,0,0,0,0,0,0,0,0,0,0,1,0,0,0,0,0,0,0,0,0,0,0,0,0,10,0,0,0,0,0,55,1,0,0,0,0,0,0,0,0,0,0,0,0,0,0,9,0,0,3,0,0,0,0,0,0,0,0,0,0,0,0,0,0,0,0,0,0,0,0,0,0,0,0,0,0,0,0,0,0,0,0,0,0,0,0,0,0,0,0,0,0,0,0,0,0,0,0,0,0,0,0,0,0,0,0,0,0,12,0,0,0,0,0,0,0,0,0,3855,0,1,801,0,0,0,0,2,0,127,0,0,0,0,51,0,3,0,0,0,0
0,63,1,1,0,7,1,0,0,3,5,0,0,0,302,0,0,0,0,0,9,19,0,41,0,0,0,0,18,31,481,0,1,0,0,0,52,0,0,0,0,0,0,74,13,0,0,0,0,0,5,0,3,0,0,2,0,0,0,0,1,0,1,0,0,0,36,0,10,0,64,0,3,0,0,0,1,0,0,2,0,1,0,0,47,2,0,0,0,0,0,194,8,0,0,0,2,0,3,0,0,86,0,0,3,0,0,2662,0,0,0,0,0,5,1,2,0,3,101,0,0,0,0,0,77,0,0,0,0,0,0,4,0,5,6,51,0,3,0,7,5,2,0,2,0,0,3,1,1,0,4,10,0,1,0,30,42,35,0,6,0,0,0,0,0,0,0,0,2,0,0,0,1,0,0,0,0,48,0,0,0,0,0,0,0,0,0,0,0,0,0,0,1,0,0,0,0,1,10,0,0,0,0,3,0,9,0,0,3,1,0,0,0,0,18,1,0,46,3,0,206,1,0,0,0,0,0,0,91,0,128,1,0,1481,0,0,0,0,0,15,0,0,0,0,5,0,0,0,0,0,0,0,28,0,37,0,1,0,0,0,0,0,0,0,14,1,0,0,0,0,0,0,23,0,0,0,0,0,19,2855,2,0,148,0,0,0,0,0,0,0,0,0,0,8,0,0,13,0,0,116,0
0,0,0,0,0,0,0,0,0,0,0,0,0,0,0,0,0,0,0,0,0,0,0,0,0,3816,0,0,0,0,0,0,0,0,0,0,14,0,0,0,0,0,0,13,0,1075,0,0,0,0,0,0,0,0,0,0,0,2,0,1,0,0,0,0,53,0,0,0,0,0,0,0,0,0,0,0,0,0,0,0,0,4,0,0,0,0,13,0,0,0,0,0,1,0,0,0,0,0,55,0,0,0,0,2,0,0,0,0,0,0,0,35,0,0,1,0,0,39,7,0,0,0,0,1,103,2,0,0,0,0,0,0,0,0,0,0,0,0,0,0,24,0,0,0,184,0,0,0,0,0,0,2,0,0,0,0,0,0,0,25,0,0,0,0,0,1,0,0,0,0,0,0,0,0,0,0,0,0,0,0,0,0,0,0,0,0,0,0,0,0,0,157,1,0,0,0,0,0,0,0,302,0,0,0,0,0,0,0,0,14,0,0,0,0,1,0,0,0,0,0,0,0,0,0,0,2,0,0,0,0,0,5,0,267,0,0,0,0,0,0,0,0,0,0,0,0,0,0,0,0,0,0,0,0,0,0,0,0,0,2,0,0,0,0,0,0,0,0,0,4,0,0,0,0,58,0,0,0,0,3544,0,0,0,0,0,0,0,0,0,0,0,169,0,0,0,0,0,0,0,0,0
0,0,1,0,0,1,0,0,50,0,1,1,0,63,15,1,0,0,1,0,1,12,0,0,0,2656,0,0,1,0,165,6,17,237,0,0,55,4,0,0,0,0,0,23,0,0,0,1,0,0,1,0,1,1,6,2,0,0,0,1,2,4,0,2,0,0,10,0,0,0,20,0,1,2,0,0,1,4,0,5,2,1,26,1,13,0,0,0,0,28,1,0,51,12,0,9,0,0,59,0,0,0,0,13,9,1,16,1030,0,0,0,9,5,32,0,0,0,0,28,0,0,0,0,8,540,0,0,0,0,62,1,6,0,0,0,0,12,0,0,0,13,0,0,0,0,0,1,1,0,0,3,4,0,8,1,0,0,0,0,100,1,1,1,0,0,0,0,0,1,0,1,0,1,0,0,0,1,1,36,1,1,0,0,1,3,1,0,0,87,0,0,0,0,3,14,0,0,1,0,0,0,0,0,7,0,4,0,1,0,0,0,0,0,0,12,1,169,5,2,0,12,1,9,5,1,0,17,0,306,1,49,0,0,623,0,1,2,0,0,3,1,0,158,1,0,0,0,0,0,8,44,1,7,0,15,4,1,1,3,26,2,8,0,0,1,1,1,0,3,4,0,5,1096,7,0,1,0,1,3,1412,1,0,71,0,2,0,1,0,8,2,0,0,0,0,153,1,1,38,1,58,0
0,6,0,0,0,11,4,0,0,0,20,0,2,0,15,0,10,0,5,0,0,26,0,5,0,3209,0,0,6,1,70,0,33,0,0,0,27,2,9,0,0,0,0,0,0,0,0,0,0,0,2,0,0,0,2,0,0,0,0,0,0,0,0,2,0,0,91,0,0,0,8,0,4,0,0,98,1,0,0,9,0,275,334,0,67,4,330,0,0,21,0,0,0,19,0,0,0,0,33,5,18,0,1,0,0,0,0,0,0,0,0,32,0,0,13,0,0,0,0,0,0,0,0,0,0,0,2,0,0,78,0,4,0,0,0,0,0,0,0,0,0,0,0,0,0,0,4,0,0,0,138,0,0,0,1,0,21,0,0,0,4,20,6,0,0,28,2,0,0,9,1,0,1,0,0,179,10,61,0,0,0,258,20,0,0,0,0,0,0,7,0,0,0,41,0,0,0,0,0,0,0,76,0,1,0,2,67,0,8,3,0,0,0,15,0,0,0,0,1615,0,0,0,0,0,28,0,1,0,4,0,31,3,0,20,62,0,2,97,0,80,31,0,0,0,15,0,0,0,0,0,0,3,0,0,4,6,3,1,0,21,0,0,3,1,4,1,0,0,1,1,0,13,164,0,0,0,0,0,44,1255,0,1,399,0,0,11,0,0,25,0,0,0,0,0,9,0,3,0,0,147,0
0,0,0,0,0,0,18,0,0,0,12,0,0,0,0,0,1,0,11,0,43,41,0,0,0,1028,0,0,5,0,11,0,0,134,4,0,21,62,0,0,0,0,1,19,0,79,0,0,1,0,0,0,0,0,0,1,0,0,0,286,11,42,0,0,0,0,261,0,11,2,13,0,0,2,0,0,0,0,8,429,0,201,232,8,48,89,0,0,0,7,0,1,0,0,0,0,0,0,49,7,26,0,0,0,0,0,0,0,0,0,5,31,0,1,55,0,0,0,0,0,0,0,0,0,7,3,1,1,123,0,0,0,0,0,0,0,0,0,0,0,0,0,0,0,1,0,0,0,23,0,0,2,0,0,0,0,0,1,0,0,0,0,0,5,39,0,0,0,132,8,0,0,0,1,0,272,0,0,1,0,0,350,78,0,0,0,1,0,0,0,0,3,0,69,0,0,0,0,0,0,3,262,0,52,0,2,181,0,12,1,0,0,12,0,1,0,1,4,2362,6,9,0,0,0,33,32,0,0,1,45,45,34,0,1,0,0,4,0,0,38,164,56,0,0,0,0,5,0,0,0,0,6,15,0,0,0,17,0,9,2,0,0,1,5,0,0,0,0,0,7,0,1,191,0,0,0,0,0,4,1604,0,0,268,0,0,0,0,0,0,1,0,0,0,0,0,0,7,0,0,62,0
0,0,0,0,0,0,2,0,0,0,0,0,0,0,4,0,0,0,0,0,0,0,25,1,0,2552,0,0,3,0,0,0,0,75,0,0,0,0,0,0,0,0,0,0,0,0,0,0,0,0,0,0,0,0,0,0,0,0,0,0,0,0,0,0,0,0,0,0,0,0,0,0,0,0,0,0,0,0,0,0,0,136,0,0,0,1,0,0,0,0,0,0,1,0,0,1,30,0,0,1,0,0,0,0,0,0,0,0,0,0,0,267,0,0,0,0,0,0,0,0,0,0,0,291,0,18,0,0,0,0,0,0,0,0,0,0,0,0,0,0,0,0,103,0,15,0,0,0,0,0,0,0,4,0,1,0,0,0,0,0,0,0,0,0,0,0,0,6,0,94,0,0,0,0,0,0,0,0,0,0,0,126,0,0,0,0,2,0,0,0,0,0,3,163,0,0,0,0,0,0,514,0,0,0,0,0,65,0,0,1,0,0,20,0,0,0,0,0,128,0,0,0,0,0,27,0,0,0,0,0,0,0,0,0,93,0,0,0,0,20,0,0,0,0,0,0,0,0,0,0,0,0,0,1,0,0,0,0,0,0,0,0,0,0,75,0,0,0,0,13,0,0,813,0,0,0,0,0,0,4129,0,7,70,0,0,0,0,0,0,0,0,0,0,0,0,0,3,0,0,101,0
0,0,0,0,0,0,1,12,0,0,0,1,0,276,0,0,0,0,0,0,1,0,0,3,0,4305,0,0,7,10,0,82,0,257,0,0,0,0,0,0,0,0,0,0,0,624,0,0,0,0,1,0,0,0,0,0,0,0,1,58,0,1,0,0,0,23,336,0,0,67,0,0,0,8,0,0,0,0,0,0,0,0,130,0,0,0,0,0,0,0,0,1,28,0,0,0,0,1,0,0,0,6,0,0,0,0,0,1907,0,0,0,0,0,17,0,0,0,0,317,1,0,0,0,3,37,0,0,167,0,0,5,23,0,0,0,0,0,0,0,0,0,0,0,0,3,0,0,0,0,0,0,0,0,0,0,0,0,0,0,0,0,0,0,0,0,0,0,0,0,0,0,0,1,0,0,0,0,0,38,0,0,0,0,0,9,0,0,0,0,0,0,50,0,0,0,0,0,0,0,0,0,0,0,0,0,0,0,0,0,0,0,0,0,0,0,0,90,0,93,0,0,34,0,0,0,0,0,0,0,1,0,0,0,0,0,0,0,0,0,0,0,0,0,0,0,0,1,0,0,0,0,0,0,0,0,0,0,1,0,0,0,0,0,0,0,0,0,0,0,1,0,0,69,0,0,0,0,0,0,681,0,0,136,0,0,0,0,0,23,0,0,0,0,0,0,0,55,0,0,0,0
0,0,0,0,0,40,0,0,0,9,17,5,0,1,0,0,0,0,0,13,4,12,14,0,0,1254,0,0,376,0,512,98,37,12,0,0,10,0,0,0,0,0,0,10,0,5,75,0,0,0,0,0,0,1,0,14,0,0,3,41,40,0,0,56,0,0,56,0,0,99,0,0,76,7,0,0,0,0,0,13,0,53,0,9,45,0,0,0,0,29,1,0,0,0,28,0,0,0,6,0,59,0,0,0,0,0,1,0,0,1,1,12,0,4,7,0,0,0,2,20,3,0,0,0,7,4,1,38,45,0,0,0,0,0,0,0,0,0,0,0,0,0,0,0,0,0,0,50,0,0,14,1,1,59,54,0,0,0,1,9,0,0,0,0,0,64,0,0,0,17,0,0,0,0,0,441,0,0,88,0,0,0,37,0,0,0,0,31,0,0,0,8,0,401,0,0,51,0,12,0,23,0,0,0,0,75,384,0,14,0,0,0,40,0,0,0,8,0,1173,11,44,0,0,0,49,0,0,0,1,0,2,5,0,1056,0,7,1,0,12,0,133,203,0,0,0,0,3,0,0,0,90,0,0,0,0,277,0,0,4,0,2,0,0,0,0,0,0,38,0,235,0,0,196,0,0,0,0,0,0,1174,1,0,14,0,0,0,0,0,0,16,0,0,0,0,0,0,34,5,0,49,0
0,3,0,0,0,0,1,0,0,0,8,0,0,0,0,0,0,0,0,0,0,1,0,2,0,3188,0,0,5,0,101,0,0,48,0,0,14,0,0,0,0,0,0,9,2,6,0,0,12,0,0,0,0,0,0,0,0,0,0,0,3,0,1,2,0,0,20,0,6,35,0,0,0,0,0,0,8,0,0,0,0,128,0,0,0,0,79,0,4,34,0,27,57,0,0,0,0,0,3,2,0,0,0,0,0,0,0,3,0,0,4,73,13,1,16,0,0,0,0,0,0,0,0,0,31,0,1,0,0,0,0,0,0,0,0,0,0,0,0,0,0,0,0,0,19,0,0,0,0,0,15,0,0,81,0,126,0,0,0,1,14,0,0,0,0,0,0,0,65,477,0,0,0,2,0,183,10,0,0,0,0,338,94,0,0,0,2,0,0,0,0,1,4,105,0,0,0,0,0,0,0,0,0,0,0,0,0,0,17,1,0,0,0,0,1,0,1,0,2278,0,0,0,0,0,82,0,0,0,1,0,0,0,0,2,0,0,0,0,0,0,66,0,0,0,0,8,3,0,0,0,0,0,0,0,0,0,0,0,0,0,0,0,0,1,0,0,0,0,0,1179,0,0,405,0,0,0,0,0,0,307,0,0,1,0,0,0,0,0,0,0,0,0,0,0,61,0,86,0,0,22,0
0,0,1,0,4,0,0,15,0,0,0,0,1,35,10,0,0,1,0,0,0,152,0,0,0,1519,0,0,469,1,1,0,1,230,7,0,1,55,0,0,0,0,0,99,0,139,0,3,0,0,0,0,0,0,3,0,0,0,0,35,0,0,0,1,0,2,2,0,0,0,8,0,0,5,0,0,1,0,0,12,0,4,50,0,0,15,2,1,0,76,0,0,11,0,0,0,0,0,504,0,0,1,1,9,0,0,0,0,0,0,0,0,0,1,2,3,0,1,130,0,1,0,0,1,99,0,0,0,1,0,6,58,0,1,0,0,3661,0,0,0,50,0,0,2,0,0,9,0,1,9,12,18,0,0,1,0,0,0,107,107,1,0,0,100,0,0,0,0,1,0,0,0,0,0,0,0,1,23,31,1,0,0,0,0,16,0,0,0,0,0,0,14,0,0,6,0,0,1,0,0,0,0,0,13,231,10,0,18,0,13,2,0,0,0,0,1,83,13,0,0,11,0,0,0,0,5,1,0,7,0,68,1,1,167,0,0,1,0,0,10,0,0,0,0,2,0,0,0,0,0,0,0,13,0,5,9,10,0,2,31,14,0,0,5,1,0,0,0,6,30,0,2,156,1,3,0,0,0,2,750,0,0,97,0,0,3,0,0,0,10,0,0,0,1,0,0,161,0,0,78,0
0,0,0,0,0,0,0,0,0,12,15,0,0,0,30,0,0,2,0,14,35,28,0,0,0,5,0,0,3,0,0,0,7,41,0,0,164,0,0,0,28,0,0,12,0,3,0,0,1,0,0,0,0,0,0,0,0,0,0,70,9,1,0,8,0,1,11,0,0,0,7,0,0,0,0,0,0,0,0,20,0,221,0,5,0,4,0,0,0,0,0,0,16,0,0,0,0,0,21,0,35,0,0,0,0,0,0,1,0,1,16,54,0,0,0,0,1,0,0,0,0,0,5,0,409,7,1,0,71,0,0,0,2,0,3,0,0,0,1,7,1,0,55,10,54,0,0,0,0,0,55,45,0,79,0,33,0,0,0,0,0,31,0,2,0,84,0,0,0,0,0,0,1,0,0,458,0,0,0,0,0,126,0,22,0,0,0,0,290,0,0,16,0,175,0,0,0,0,0,0,3,0,0,1,0,3,479,0,8,1,0,0,38,0,2,0,0,0,1480,7,0,0,0,0,0,0,0,0,4,0,0,17,0,1,0,0,0,0,10,133,62,0,0,0,1,0,69,6,0,0,5,0,11,29,33,4,17,0,0,0,0,0,0,4,7,0,0,0,0,3835,0,58,104,0,1,0,4,0,0,258,0,0,260,0,0,0,0,1,0,37,0,0,0,0,62,0,0,0,0,11,0
0,0,0,0,0,0,0,22,0,0,0,0,0,204,41,0,0,0,0,0,0,0,1,63,0,3448,0,0,90,2,2,7,0,68,0,0,0,0,0,0,0,0,0,39,0,63,0,0,0,0,0,0,0,0,0,0,0,0,0,0,0,0,0,0,0,0,16,0,0,0,0,0,0,0,0,0,0,0,0,1,0,0,48,0,0,0,532,1,0,80,0,0,248,52,0,29,0,1,37,0,0,1,0,0,0,0,0,267,0,0,0,0,0,1097,0,0,0,0,110,0,0,0,0,1,266,0,0,0,0,0,65,386,0,0,0,0,96,0,0,0,38,0,0,0,0,0,0,0,0,0,0,0,0,2,2,0,0,0,5,17,0,0,0,389,0,0,0,0,0,0,0,0,1,0,0,0,0,0,4,0,0,0,0,0,0,0,0,0,0,0,0,56,0,0,0,0,0,0,0,0,0,0,0,1,1,6,0,0,0,16,0,37,5,0,0,0,1,0,168,0,0,1,0,0,0,0,0,0,85,0,22,1,0,6,0,0,0,0,0,0,0,0,0,0,0,0,0,0,0,0,0,0,0,0,0,5,11,0,0,0,0,0,0,0,0,0,0,0,0,1,0,0,78,0,0,0,0,0,0,1359,0,6,115,0,0,1,0,0,58,3,0,0,0,0,48,0,0,0,0,74,0
0,0,2,0,0,0,2,15,3,0,0,0,0,150,27,0,7,1,0,0,13,11,0,0,0,883,1,0,0,0,0,0,0,23,3,0,29,64,0,0,0,0,103,10,0,78,0,2,0,0,0,0,0,0,0,10,0,0,0,25,0,1,0,0,35,2,3,0,0,199,7,0,0,2,0,0,0,0,0,49,0,10,0,0,49,0,5,0,0,16,3696,17,0,0,0,0,0,0,42,0,5,0,0,0,1,0,133,1054,0,0,0,0,0,35,0,0,0,0,16,1,0,0,0,1,311,123,0,0,2,5,8,9,0,0,0,0,5,0,0,0,0,2,0,0,0,0,0,0,0,0,5,44,0,40,1,0,0,0,9,3,0,0,0,190,0,0,0,0,0,0,1,0,27,0,0,0,0,4,176,0,0,0,0,0,0,0,2,0,0,0,0,42,0,0,0,0,0,0,1,0,0,0,0,0,0,1,0,0,0,0,0,0,7,0,12,0,82,6,0,2,0,2,0,0,0,17,0,0,9,0,128,0,0,75,0,0,4,0,0,0,0,0,105,0,0,9,0,0,0,0,0,1,0,0,0,6,10,0,6,2,7,12,0,2,0,0,0,38,0,0,112,9,33,0,0,0,0,7,0,1245,0,0,54,0,0,0,0,0,31,34,0,0,0,0,0,0,3,70,0,16,0
30,2,0,0,0,0,0,0,0,0,0,0,13,0,31,0,0,0,0,0,0,71,0,3,0,1200,0,0,13,0,550,0,0,202,0,0,0,0,0,0,0,0,0,0,0,0,0,0,0,0,0,0,0,0,0,0,0,0,0,0,0,0,0,0,0,0,105,0,0,176,247,0,0,0,0,1,0,0,0,306,0,0,0,0,0,12,26,0,0,95,0,0,0,0,0,0,0,0,0,0,0,0,0,0,0,0,0,601,0,0,0,0,0,625,0,0,0,0,0,0,0,0,0,2,0,0,0,0,0,0,0,0,0,0,0,0,35,0,4,0,34,0,0,0,0,0,0,0,0,0,0,0,0,14,0,0,0,0,0,0,0,0,0,436,0,0,7,0,0,0,1,0,0,0,0,0,0,841,0,0,0,0,0,0,0,0,0,0,0,0,0,0,4,0,0,0,0,0,0,0,0,0,0,0,0,0,0,0,2,0,0,0,0,0,0,1,0,0,0,0,0,0,0,0,0,0,0,0,139,0,0,0,0,153,0,0,0,0,0,0,0,0,0,0,9,18,0,0,0,0,0,0,0,0,0,0,25,0,0,0,0,0,0,18,0,0,0,0,0,0,0,0,585,0,10,0,0,0,0,2997,0,0,0,0,0,0,8,0,0,0,0,0,0,0,0,0,54,0,0,291,0
0,0,0,0,0,0,1,13,0,0,10,0,0,0,0,0,5,0,12,0,1,54,16,0,0,2836,0,0,13,0,0,0,0,30,0,0,0,283,0,0,0,0,0,29,13,85,0,0,0,0,0,0,0,0,0,0,1,0,0,16,0,0,1,0,2,4,190,0,44,72,36,0,0,0,0,0,0,2,1,0,0,66,0,0,14,0,0,0,2,12,0,48,2,0,0,0,0,0,22,24,0,0,0,0,0,0,0,0,0,0,0,8,0,0,7,0,0,0,0,0,21,0,0,60,101,86,0,0,19,0,0,0,0,0,0,0,0,0,1,0,0,0,0,0,0,1,0,0,0,10,0,1,8,0,1,156,36,1,0,8,7,0,0,0,0,0,0,0,108,0,0,0,0,0,2,357,0,0,4,0,0,0,17,1,0,0,1,0,0,0,0,58,1,53,0,0,0,0,0,0,16,40,1,1,0,0,0,6,0,3,0,37,47,0,5,0,4,0,1101,0,19,0,0,0,33,107,0,0,0,0,3,0,0,1,0,0,0,0,0,5,135,0,0,0,0,0,51,0,0,0,1,0,4,0,0,0,0,0,0,15,0,0,0,5,0,0,0,0,0,1,0,11,143,1,6,0,0,0,2,2170,0,0,611,1,0,0,0,0,0,66,0,0,0,2,0,0,0,0,0,259,0
1,0,0,0,0,0,36,0,0,0,4,0,0,0,83,0,0,0,0,3,9,284,26,104,0,11,0,4,323,8,359,0,0,207,0,28,11,0,0,8,0,0,0,104,23,215,0,0,0,1,0,0,0,0,63,0,0,0,0,135,0,0,0,0,0,0,0,6,19,0,0,0,0,0,0,0,0,0,0,0,0,56,0,24,0,0,0,0,3,0,0,53,13,0,1,1,0,0,68,0,37,0,0,0,0,0,0,0,28,0,1,109,0,0,0,31,17,0,0,0,15,0,0,109,62,4,0,0,0,0,4,0,0,0,0,0,836,0,2,0,0,0,77,0,0,60,0,0,0,197,0,1,0,10,12,128,0,13,0,0,0,0,13,0,1,63,0,0,0,67,0,0,1,0,19,359,0,0,0,0,0,0,30,0,0,0,0,0,341,24,0,2,5,194,0,2,0,0,0,0,0,0,0,0,484,0,270,22,0,92,0,0,45,12,0,0,18,0,456,0,0,0,0,0,56,0,1,0,0,0,0,6,0,0,0,0,0,0,37,0,159,0,0,0,0,0,268,0,0,0,0,0,0,0,0,21,0,0,0,60,0,14,0,0,0,0,30,0,0,12,3,0,0,6,0,1,0,0,33,1397,0,37,844,0,0,0,0,0,0,15,0,0,0,8,346,1,0,0,1,82,0
0,0,0,0,2,0,3,0,0,6,1,0,0,490,0,0,0,0,40,0,0,192,9,3,0,1880,0,0,18,0,0,0,0,124,0,2,5,5,0,0,12,0,0,0,4,19,250,0,0,0,0,0,0,0,0,1,0,0,1,3,2,22,1,35,12,13,13,6,4,25,0,0,2,0,1,0,0,0,0,7,0,55,0,0,125,2,0,0,0,0,1,7,0,0,0,0,2,0,35,2,10,0,4,0,0,1,0,0,1,1,2,6,0,0,0,0,1,0,0,0,0,0,0,0,841,36,1,1,56,0,0,0,0,0,0,0,0,0,0,2,0,253,60,7,13,0,0,97,0,0,0,0,0,0,1,0,5,0,0,10,1,0,0,0,0,0,0,0,0,39,0,0,1,0,0,207,0,0,1,0,0,131,0,12,0,0,7,0,118,0,0,0,20,41,12,0,0,0,0,1,1,89,0,0,0,1,86,0,0,2,0,0,34,0,0,0,1,0,0,8,0,0,1,0,52,0,0,0,0,4,0,3,34,20,109,0,3,0,0,5,42,0,0,0,0,9,357,1,0,0,0,0,9,0,0,1,12,0,0,0,4,0,0,1,0,0,0,0,10,47,0,0,365,0,19,0,0,0,1,2933,0,0,183,0,0,0,0,0,14,32,0,0,0,1,0,0,0,0,0,79,0
0,0,0,0,0,0,3,45,0,0,0,0,0,0,97,0,1,1,0,0,0,2,0,0,0,3153,0,0,223,87,324,0,0,21,0,0,63,0,0,2,0,0,0,0,0,201,0,0,0,0,16,0,0,0,0,0,0,2,0,5,0,0,0,0,0,0,101,0,0,8,9,2,0,0,0,0,0,0,0,1,0,3,6,0,0,3,0,0,0,18,0,35,0,0,0,0,0,0,5,0,0,0,0,0,0,0,0,177,0,0,1,0,0,0,0,0,0,0,26,0,0,0,0,1,66,0,0,35,2,0,0,2,0,7,0,0,42,0,0,0,37,0,0,0,32,0,8,0,4,1,5,14,0,0,0,0,0,0,18,29,0,0,0,1,0,0,0,0,0,0,4,0,315,0,0,0,0,0,19,2,0,0,0,39,3,0,0,379,0,0,1,145,7,0,0,5,0,0,0,0,24,0,0,33,0,14,16,0,0,613,0,0,0,6,2,0,0,1,361,0,0,43,0,0,0,0,0,0,0,15,4,19,0,126,0,0,1,0,0,0,0,0,0,0,0,0,30,0,0,0,0,1,9,0,0,157,92,0,2,0,3,0,0,1,0,3,0,0,0,1807,0,15,404,0,17,0,0,0,1,10,0,0,206,0,0,0,0,8,2,0,0,0,0,0,0,2,0,0,0,86,0
0,25,0,0,0,0,0,28,0,0,0,0,0,0,54,0,1,0,2,2,53,37,0,0,0,0,0,0,0,47,472,0,0,37,0,0,5,130,1,0,0,0,88,0,0,227,0,20,0,0,6,0,0,0,22,0,0,0,0,281,0,0,0,2,0,0,142,0,0,3,58,0,0,7,0,0,1,0,0,670,0,0,37,0,0,0,0,0,0,114,0,2,1,0,0,1,0,0,0,0,0,14,0,0,0,0,0,852,0,31,0,271,0,0,0,0,0,0,35,1,0,0,0,0,23,46,2,0,0,0,0,0,0,0,0,0,17,1,0,0,1,0,0,1,0,0,69,0,1,1,0,0,0,0,0,3,1,0,0,18,0,3,0,24,0,0,0,2,0,0,4,0,0,0,0,0,0,138,150,0,0,0,0,0,1,0,0,0,0,0,0,135,0,5,0,0,0,1,0,786,0,4,0,181,1164,5,0,0,3,3,1,0,0,11,0,7,82,94,30,0,14,26,0,0,0,0,0,0,39,3,0,0,0,28,0,0,3,0,0,0,0,0,0,0,1,50,0,0,0,0,0,0,0,0,6,0,31,0,0,0,31,0,0,10,0,0,21,0,4,179,0,0,0,0,0,1,0,0,1,2468,0,0,68,0,0,0,0,0,0,109,0,0,0,0,55,0,24,0,0,31,0
0,0,0,0,0,0,0,37,0,0,0,0,0,0,0,0,67,0,0,1,192,26,0,0,0,430,1,0,0,0,0,0,0,0,0,0,18,0,0,1,0,0,0,94,0,0,0,0,0,0,0,0,0,0,12,2,0,1,0,131,2,114,0,331,0,0,133,0,0,77,0,0,0,0,0,0,0,0,1,0,0,0,0,0,0,0,0,0,0,0,0,0,0,0,0,0,1,0,0,0,0,0,10,0,0,0,0,0,0,54,0,0,0,2389,0,0,0,0,248,0,0,0,0,3,0,109,0,0,0,0,0,0,0,0,0,0,0,1,0,0,14,0,0,0,0,0,29,1,0,26,0,0,0,0,0,0,0,687,0,0,0,0,0,0,0,0,0,0,0,0,0,0,306,0,0,0,0,318,0,0,0,0,0,0,0,0,0,0,0,0,0,0,0,0,0,0,0,0,0,0,0,0,0,0,0,66,0,0,5,3,6,0,0,0,0,0,0,65,0,12,0,131,0,0,0,0,0,0,0,0,0,0,0,304,0,0,0,0,0,0,0,0,0,0,0,0,0,0,0,0,0,0,0,0,0,9,0,0,0,17,0,0,0,5,0,10,0,0,28,1309,0,0,161,0,0,0,0,0,0,1949,0,0,0,0,0,0,0,0,0,0,0,0,0,0,52,0,0,0,0,0,0
0,0,0,0,0,0,129,38,0,0,0,0,0,29,0,0,0,0,0,0,27,316,0,0,0,1029,0,0,0,0,106,0,0,102,0,36,3,236,0,0,0,0,0,67,0,4,0,0,0,0,0,0,0,0,0,1,0,0,0,329,0,58,11,0,1,0,191,0,0,55,0,0,0,2,0,0,0,0,0,314,0,0,26,2,2,0,0,0,0,65,0,58,0,0,0,0,0,0,73,0,0,0,0,0,0,29,5,1167,0,41,0,0,0,59,0,0,0,0,11,0,0,21,0,0,121,0,4,0,0,6,10,9,0,2,0,1,0,0,0,0,0,0,0,0,0,0,10,0,0,20,1,0,0,6,0,0,0,0,1,70,0,0,0,0,0,0,0,0,0,0,0,0,0,0,0,0,0,0,39,0,0,0,0,0,0,0,0,0,0,0,0,24,0,0,0,0,0,0,0,0,0,0,2406,0,0,0,0,0,0,0,0,0,5,0,32,0,97,0,0,3,2,20,0,0,0,0,0,0,33,1,149,1,0,827,0,0,0,0,0,0,0,0,0,0,0,0,0,0,0,0,268,2,0,0,0,0,0,0,11,26,2,0,0,0,0,0,0,0,0,0,0,0,0,0,59,0,0,0,0,959,0,0,0,0,0,0,0,0,53,0,0,0,0,0,0,0,0,12,0,70,0
0,0,0,0,0,0,2,16,0,0,2,0,0,0,45,0,0,0,0,0,0,0,6,0,0,613,2,0,42,12,0,33,0,32,0,0,0,106,0,7,0,0,0,73,0,0,0,1,0,0,0,0,0,0,0,0,0,0,0,1,2,22,0,2,0,5,18,0,0,3,29,14,6,3,0,0,0,0,0,0,0,75,0,0,65,0,0,0,0,65,2629,39,0,0,0,0,0,0,52,0,0,0,0,167,0,0,12,0,0,0,14,5,0,2,0,0,1,0,0,44,22,0,0,0,1169,72,1,0,37,10,0,0,0,0,0,0,0,0,0,0,0,0,0,0,0,0,0,0,0,0,0,0,0,0,1,0,0,1,0,0,0,29,9,0,0,40,1,0,70,23,0,0,1,21,0,144,0,0,0,0,0,132,0,0,0,1,0,0,0,0,0,12,0,0,0,0,0,0,0,132,3,55,0,1,0,0,74,42,4,12,0,0,35,0,2,0,21,0,127,0,0,0,0,0,132,168,0,0,0,0,0,2,0,480,79,0,0,0,0,9,90,56,0,0,0,0,0,0,1,0,0,0,0,0,0,0,0,0,0,46,0,0,0,7,0,0,0,0,11,415,0,0,342,9,0,0,0,0,0,1302,0,0,82,0,0,0,0,0,0,58,0,4,0,0,0,0,0,0,0,141,0
0,0,0,32,0,0,0,1,279,0,0,0,6,305,2,0,0,0,0,3,30,11,0,0,0,575,0,15,36,0,391,0,0,0,0,0,0,285,0,0,6,0,0,0,0,2,0,31,0,0,13,0,2,0,3,0,0,0,0,265,0,31,0,0,0,11,213,0,0,124,27,0,0,0,7,0,0,2,0,109,0,0,569,0,157,0,230,0,0,7,0,0,0,124,0,0,0,0,55,0,14,0,0,0,24,0,0,0,0,0,0,0,0,1,0,0,0,0,8,0,0,0,0,5,0,0,0,0,0,181,4,40,0,0,0,0,0,1,0,0,148,0,0,0,0,0,81,0,0,0,7,152,0,123,0,0,0,0,2,449,0,0,0,619,0,0,8,0,0,0,20,0,2,0,0,0,0,199,35,5,23,0,0,7,102,0,0,0,0,0,0,11,0,0,0,0,0,0,0,0,0,0,1,42,0,161,0,0,0,0,0,0,20,0,0,0,144,437,0,0,37,68,0,0,0,0,161,0,10,0,19,0,0,1179,0,0,15,0,0,0,0,0,0,0,0,0,0,0,0,3,5,0,0,0,0,14,19,0,0,1,15,0,0,9,0,0,0,0,0,441,13,6,470,0,0,0,0,19,28,40,0,0,0,0,0,0,0,0,31,5,0,0,0,0,143,11,6,10,120,52,11
0,0,0,0,0,0,1,2,0,5,4,5,0,60,0,0,0,0,0,0,53,33,5,0,0,1553,0,0,10,10,116,0,0,11,0,0,0,124,0,0,0,0,0,235,0,80,0,0,0,0,0,0,0,0,14,0,0,0,0,92,3,0,0,2,0,0,12,0,41,0,23,45,10,12,0,0,3,0,137,61,0,457,0,0,2,0,0,0,0,106,0,0,0,0,0,0,0,0,0,0,0,0,0,0,0,0,0,1,0,0,0,294,0,1,0,0,0,0,0,0,3,0,0,0,31,52,0,0,45,0,0,2,0,0,0,0,0,0,0,0,0,0,0,0,52,0,0,49,0,0,26,0,0,0,0,114,0,0,0,0,0,5,7,7,0,0,0,0,0,0,0,0,0,0,0,151,0,0,0,0,0,0,39,0,0,0,0,0,0,0,0,0,0,170,0,0,0,0,0,0,382,0,0,0,0,0,170,0,0,11,0,0,0,0,1,0,7,1,2025,0,0,0,0,0,0,0,0,0,0,0,0,0,0,0,0,0,0,0,0,0,60,0,0,0,0,0,0,0,0,0,0,0,27,0,12,0,0,8,1,0,0,0,0,23,0,0,0,0,0,364,0,40,55,0,0,0,0,1,0,2042,4,0,26,0,0,0,0,0,0,96,0,0,0,0,224,0,45,0,0,0,0
0,0,0,0,0,0,22,0,0,0,0,0,0,0,0,29,0,0,0,0,0,0,0,3,0,927,0,0,153,0,0,0,0,0,0,0,27,0,0,0,0,0,0,37,0,49,0,0,0,0,0,0,0,0,91,0,0,0,9,58,0,0,0,0,0,0,0,0,0,0,0,0,0,31,0,0,0,0,0,302,0,14,0,0,118,0,0,0,0,0,0,6,1074,0,0,0,16,0,169,0,0,250,0,0,0,0,0,1404,0,0,0,0,0,0,0,0,0,0,0,0,0,0,0,599,1525,0,0,0,0,0,20,261,0,0,0,0,0,0,0,6,0,0,0,0,0,0,4,2,0,0,9,63,0,0,0,0,0,0,0,31,0,0,0,0,0,1,0,0,0,0,0,0,55,0,0,0,0,0,0,5,0,0,0,0,5,0,118,0,0,0,0,9,13,0,0,0,0,0,0,0,1,0,0,5,0,14,0,0,0,4,0,0,0,0,0,0,0,0,33,0,0,41,0,0,0,0,0,0,0,0,38,2,0,226,35,0,0,0,0,0,0,0,0,0,0,0,3,0,0,0,0,0,0,0,0,0,0,0,0,10,0,0,0,0,4,0,0,0,0,0,0,0,0,0,0,0,211,0,0,1110,1,0,328,0,0,0,0,59,67,0,0,5,0,0,130,0,0,0,0,158,0
0,0,0,0,0,0,3,0,0,0,6,0,0,0,2,0,44,0,26,0,0,32,38,0,0,2268,0,1,50,28,320,0,0,202,0,0,8,220,0,0,0,0,0,0,0,77,0,0,2,0,0,0,0,0,0,0,0,0,0,0,23,0,0,0,0,0,4,0,0,16,0,0,0,0,0,0,0,0,0,22,0,94,0,0,43,6,2,0,9,385,0,0,2,0,0,0,0,0,43,41,0,0,0,0,0,0,0,0,0,0,0,334,0,1,0,0,0,0,17,0,11,0,0,0,27,22,1,0,52,0,0,0,1,0,0,0,0,0,1,0,0,0,129,0,0,1,10,0,0,0,255,0,0,0,0,0,0,0,1,0,0,0,0,0,0,0,0,0,69,56,0,0,1,0,0,0,0,0,5,0,0,0,38,0,0,0,1,1,0,0,0,4,8,373,0,0,0,0,0,0,0,0,1,1,0,0,569,0,29,0,0,0,19,0,1,0,0,0,1063,0,0,1,0,0,0,0,0,0,0,0,72,0,0,81,0,0,0,0,0,25,68,0,0,0,0,0,77,0,0,0,53,0,20,1,14,96,0,0,5,3,11,0,0,4,0,5,0,0,0,2,0,39,57,0,0,0,0,0,13,1991,0,0,104,0,0,0,0,0,3,22,0,0,0,0,36,0,25,0,0,57,0
0,0,0,0,0,0,9,0,0,0,0,0,1,0,10,1,62,0,0,22,0,0,0,18,1,1206,0,7,12,10,112,0,0,0,0,0,1,0,0,7,61,0,0,0,0,0,0,0,0,0,0,0,1,0,0,0,0,1,0,20,2,0,0,1,0,0,1977,8,0,84,0,0,5,0,0,1,5,0,0,0,0,162,314,0,0,2,146,2,8,0,0,12,18,0,0,125,2,0,0,35,0,17,5,0,0,0,0,0,0,0,14,50,0,0,29,215,0,0,0,0,12,0,0,44,0,0,0,0,0,0,0,0,0,0,0,0,1,0,1,0,1,0,0,38,0,0,0,0,41,0,0,0,0,15,42,47,56,1,0,0,0,0,0,0,0,0,0,1,0,23,0,0,0,0,0,158,0,0,0,0,0,0,16,0,0,0,0,0,0,0,0,0,2,414,0,0,0,0,0,0,147,0,0,0,1,1,122,0,11,3,0,0,130,0,0,0,2,0,1668,0,24,0,0,0,59,0,0,0,0,0,0,3,0,40,83,0,0,0,0,39,0,0,0,0,27,0,0,2,0,0,0,0,0,1,7,7,1,0,0,0,0,0,0,0,0,1,0,0,0,116,2,0,121,188,1,0,10,0,0,1156,1,0,0,17,0,49,0,166,0,0,0,0,0,0,0,0,17,0,0,66,0
0,0,0,0,0,0,5,0,0,0,50,0,0,0,4,0,25,1,0,47,2,10,0,0,0,1641,0,0,8,0,0,0,0,40,0,0,127,126,0,0,0,0,0,0,0,1,0,0,0,0,0,0,0,0,0,0,0,0,0,0,6,0,0,0,79,0,24,0,13,0,44,0,0,0,0,0,0,0,0,46,0,173,0,0,0,0,0,0,0,83,0,0,8,0,0,0,0,0,8,0,0,0,0,0,0,0,0,4,0,0,0,77,0,0,0,0,0,0,0,0,6,0,0,0,90,135,1,0,37,0,0,0,25,0,0,0,1,0,0,0,0,0,158,0,24,0,0,57,0,0,105,0,0,0,1,167,22,0,0,0,0,0,0,0,0,85,0,0,0,28,0,0,0,0,0,221,0,0,0,0,0,0,56,0,0,55,2,0,0,0,0,2,15,225,0,0,0,0,0,0,56,0,0,0,0,0,94,0,20,29,0,0,47,0,1,0,0,0,3770,0,0,0,0,0,0,0,0,0,2,0,0,0,0,155,0,0,2,0,0,94,0,0,0,0,0,0,0,0,0,0,1,0,26,0,3,129,0,0,17,0,0,0,0,0,0,0,0,0,0,548,0,0,84,0,0,0,0,0,89,157,0,0,123,0,0,0,0,0,0,21,0,0,0,0,215,0,4,0,0,146,0
0,2,2,0,0,0,0,0,1409,0,13,2,0,0,4,0,1,0,11,3,1,0,30,0,1,417,0,0,0,4,2,29,0,53,0,0,0,1,0,0,0,0,0,0,0,8,557,0,0,0,9,0,0,11,3,0,0,0,0,1,2,0,0,5,0,1,26,0,0,1,3,0,5,2,814,0,0,0,0,1,0,81,127,0,1,0,0,0,0,120,0,3,0,0,0,2,0,0,0,0,0,0,4,0,0,0,1,0,0,0,1,92,3,0,0,0,0,0,1,0,0,0,0,0,37,3,1,1,100,1,0,0,0,0,0,0,0,0,1,0,0,0,0,0,20,0,0,0,0,0,8,0,0,22,1,105,3,0,1,0,0,47,0,0,0,0,0,0,78,0,0,0,0,0,0,367,9,0,1,0,0,0,81,1,1,0,0,9,137,0,0,3,0,0,0,0,0,0,0,0,35,374,0,0,0,1,71,0,0,0,0,0,44,0,0,0,1,0,1576,0,1,0,0,0,0,0,0,0,13,0,0,0,0,0,76,0,1,129,0,19,228,0,0,0,0,0,5,0,0,0,0,0,0,0,3,1,1,0,1,1,1,0,0,0,0,0,0,0,2,884,2,0,655,0,5,0,0,0,0,815,1,0,74,0,0,0,0,0,1,0,0,1,0,0,68,0,3,0,1,9,0
0,0,0,0,0,0,1,0,0,0,0,5,0,93,45,0,0,0,0,0,193,52,37,11,0,1,0,0,34,0,92,0,0,156,0,0,59,91,0,0,0,0,0,193,0,459,810,0,0,0,0,0,0,0,0,0,0,0,0,126,0,59,1,0,331,24,74,0,0,61,0,0,0,0,0,0,0,0,0,241,0,354,0,0,212,0,0,0,11,0,0,0,7,0,0,0,0,0,133,0,45,0,0,0,0,0,0,1,0,0,4,394,0,0,0,76,0,447,0,0,31,0,0,0,99,0,0,0,272,0,0,0,0,0,0,0,0,0,0,0,0,0,145,0,0,0,0,0,0,0,51,0,0,0,1,0,0,0,0,0,0,0,0,0,0,0,0,0,0,26,0,0,0,0,3,507,0,0,0,0,0,0,22,0,0,0,1,0,780,0,0,31,83,52,0,0,0,0,0,0,6,77,0,0,33,1,0,0,5,0,0,0,778,39,1,0,1,0,102,27,0,0,0,0,54,0,0,0,0,0,0,0,0,1,0,0,0,0,0,0,0,0,0,0,0,0,0,9,0,0,7,0,0,2,0,7,0,0,0,0,0,0,0,0,0,0,0,0,296,172,58,20,77,0,10,0,1,0,9,515,0,0,395,4,0,0,0,0,228,0,0,0,0,0,17,0,0,0,0,13,0
0,0,6,1,0,0,0,0,0,0,10,0,3,0,109,0,0,0,1,0,0,30,0,120,0,2073,0,0,361,9,0,0,0,76,0,0,10,162,1,1,0,0,0,0,0,0,0,1,0,0,25,0,0,0,0,11,0,0,0,0,0,0,0,0,0,0,140,0,0,0,53,0,0,0,0,0,0,0,0,24,0,0,0,0,0,2,0,1,0,60,0,35,71,0,0,0,0,0,0,0,0,95,0,0,6,0,0,0,0,0,0,0,0,208,3,1,0,0,75,0,0,0,0,8,217,0,0,0,0,0,14,0,0,0,0,0,70,2,0,0,40,0,0,0,0,0,14,0,4,0,3,0,0,8,0,0,0,26,0,0,0,0,0,0,0,0,0,0,0,0,0,0,0,0,0,0,6,0,13,0,0,0,8,0,4,0,0,0,0,0,0,0,7,1,0,0,0,0,0,0,0,0,0,0,0,25,0,0,0,25,0,0,0,0,5,0,51,0,217,0,0,0,0,0,0,0,0,0,151,0,0,0,0,259,0,0,0,0,0,74,0,0,0,0,0,0,0,0,0,0,0,6,0,0,2,4,266,0,7,0,7,0,0,15,0,0,0,0,0,23,0,0,353,1,0,0,0,0,6,3785,0,0,287,0,0,0,0,0,0,0,7,0,0,80,0,0,5,0,0,109,0
0,0,0,0,0,0,52,19,0,0,0,0,0,0,141,0,0,0,0,0,11,104,0,10,0,14,0,0,6,26,213,0,0,0,0,0,19,59,0,0,0,0,0,24,0,0,0,0,1,0,6,0,0,0,0,0,0,2,0,17,0,15,1,0,0,1,12,0,19,0,24,0,3,10,0,0,0,0,0,0,0,3,0,0,3,3,0,1,0,0,0,1,3,0,0,0,0,0,0,0,0,0,0,5,0,0,0,0,0,0,0,0,0,236,0,0,0,0,70,100,0,0,0,0,243,0,0,0,0,0,0,0,0,1,5,27,156,0,0,0,11,0,0,5,0,0,6,0,0,0,0,0,0,0,0,0,3,0,0,0,2,0,0,0,0,0,0,0,2,0,0,0,127,0,0,0,6,44,0,1,0,0,0,0,0,0,0,0,0,0,0,365,2,2,42,0,0,0,0,0,0,0,0,0,0,8,0,0,0,0,258,0,0,0,4,3,0,0,237,0,0,0,0,0,0,0,0,0,0,0,24,1,0,192,0,0,0,0,2,1,0,4,0,0,0,0,32,0,0,0,0,0,59,0,6,1,15,0,0,0,4,0,0,0,0,0,0,0,0,32,0,0,0,0,0,0,1,5,0,6366,0,0,230,0,0,0,0,0,0,0,0,0,0,0,91,0,0,0,0,139,0
0,0,0,0,0,0,0,0,0,0,6,0,20,0,14,0,108,0,0,9,0,13,35,0,0,136,0,0,41,54,1038,0,8,45,0,0,52,249,0,0,0,0,0,0,0,38,0,0,0,0,0,0,0,0,0,0,1,0,0,0,0,0,0,0,0,0,464,0,39,0,0,0,0,0,0,0,0,0,61,18,0,76,0,0,0,11,16,0,13,25,0,0,2,0,0,0,0,0,3,0,0,0,0,0,0,0,0,0,0,0,0,136,0,0,0,241,0,0,58,0,16,0,1,0,9,98,5,0,0,0,0,0,0,0,0,0,0,0,0,0,1,0,87,0,0,0,0,0,0,0,0,0,0,0,0,676,43,0,0,0,0,0,0,0,69,0,0,0,0,0,0,0,0,0,0,246,0,0,0,0,0,0,40,0,0,0,0,16,0,0,0,25,0,228,0,0,0,0,0,0,2,660,0,0,0,79,0,20,9,5,0,0,0,0,1,0,0,0,1723,0,52,0,0,0,0,0,0,79,0,0,0,0,0,2,0,0,0,227,0,72,0,0,0,0,114,0,0,0,0,0,0,0,0,0,0,9,12,0,0,21,0,0,0,7,0,0,0,0,0,356,0,0,936,0,0,0,0,0,0,625,0,0,360,0,0,0,0,0,0,13,0,0,0,0,0,0,6,0,0,20,0
0,0,0,0,0,0,23,0,0,0,29,0,1,317,9,0,1,0,0,0,0,94,0,0,0,1,0,0,9,0,169,409,0,33,0,0,0,108,0,0,0,0,0,0,0,174,0,0,0,0,6,0,0,0,7,0,0,0,0,301,0,0,0,12,0,79,182,0,0,107,35,0,122,0,0,0,0,3,0,153,0,57,185,0,344,0,0,0,2,53,0,3,40,0,0,0,0,2,127,39,0,0,0,0,0,0,0,0,0,2,0,102,0,0,20,0,0,0,1,0,0,0,1,0,0,11,0,0,52,0,7,0,0,0,0,0,0,0,2,0,1,0,0,0,0,0,22,0,0,0,0,0,94,201,5,0,59,0,0,0,0,0,0,4,0,0,0,0,74,0,3,0,0,0,0,202,0,0,17,0,0,0,106,0,0,0,0,0,0,0,0,2,0,440,0,0,0,0,0,0,354,0,0,0,0,2,329,0,6,8,0,0,129,44,0,0,20,0,116,14,35,61,0,0,33,0,0,0,0,0,0,8,0,1,81,0,2,0,0,14,73,0,0,0,0,0,0,0,0,0,0,8,0,0,46,1,3,0,6,42,2,0,0,1,0,0,10,0,0,695,0,41,147,0,0,0,2,1,0,2521,0,2,112,0,0,0,0,0,223,16,0,0,0,0,73,50,3,0,0,12,0
0,0,0,0,0,0,0,11,0,1,0,0,1,449,11,0,0,0,0,0,59,1,0,0,0,4258,0,0,21,0,381,0,0,19,0,0,0,106,0,0,0,0,0,0,0,85,0,0,0,0,2,0,0,0,1,0,0,2,0,287,0,20,0,0,303,6,59,0,0,22,6,0,0,14,0,0,0,0,0,0,0,0,27,0,113,1,0,0,0,13,0,10,0,0,0,2,0,0,3,0,0,0,0,0,0,0,79,1024,0,127,0,13,0,13,0,0,0,2,61,0,0,0,0,1,42,81,0,0,0,0,1,762,0,0,0,0,7,0,0,0,34,0,0,1,0,0,37,9,0,5,9,39,1,44,1,0,10,3,7,28,0,0,0,0,0,0,0,0,0,0,0,0,0,0,0,0,0,1,209,6,0,0,0,2,5,0,0,0,0,0,0,19,4,0,0,0,0,4,0,0,0,0,0,1,0,185,0,0,0,0,0,0,95,1,0,1,53,2,0,0,0,0,0,0,0,0,2,0,25,0,96,0,0,49,0,1,0,0,0,0,0,0,0,0,0,0,0,0,0,0,3,1,36,0,0,51,24,0,7,0,4,0,0,5,0,0,1,3,22,27,3,0,17,0,0,0,8,0,0,7,1,0,18,0,0,0,0,0,229,4,0,0,0,0,7,0,2,0,8,14,0
0,0,0,0,0,0,0,0,0,0,2,0,0,334,3,0,65,0,0,0,0,75,0,8,0,1397,0,0,7,0,0,0,0,39,12,0,7,0,0,0,0,0,1,0,0,113,0,0,0,0,0,0,0,0,0,0,0,2,0,304,0,41,0,0,6,0,238,0,0,0,0,0,0,0,0,0,0,0,0,21,0,214,0,0,27,30,454,0,0,0,1,0,7,0,0,4,0,2,0,113,0,0,0,0,0,0,0,98,0,0,18,28,0,1,0,0,0,0,0,9,9,0,0,0,21,36,0,0,20,0,0,0,0,0,0,0,0,0,0,0,0,0,86,0,1,0,0,0,0,5,466,0,0,0,1,207,0,0,0,5,0,25,0,0,0,0,0,0,63,50,0,0,0,0,0,0,0,0,3,0,0,0,0,17,0,0,10,0,0,0,0,8,3,410,0,2,0,1,0,0,0,121,0,1,0,0,0,4,15,0,0,0,17,0,0,0,0,0,1443,0,0,0,0,0,0,0,0,0,0,0,0,0,49,5,67,0,6,468,22,167,0,0,0,0,0,0,0,1,0,0,0,0,0,0,0,220,18,0,0,0,15,0,0,0,2,0,0,33,0,2,0,0,741,0,0,0,2,0,0,965,0,0,379,0,0,0,0,0,0,0,0,0,0,0,0,0,18,0,0,88,0
0,0,0,0,0,0,0,0,1,0,0,0,0,0,0,0,1,0,0,6,0,23,0,0,3,5686,0,5,3,0,0,9,0,192,0,0,0,0,0,0,0,0,0,0,0,285,0,0,0,0,0,0,0,0,0,0,0,0,0,0,0,0,0,0,0,0,65,0,0,0,0,0,0,0,632,0,0,0,0,0,0,0,0,0,0,0,0,0,0,61,0,1,0,0,0,0,0,1,0,0,40,0,0,0,0,0,1,0,0,0,0,0,0,19,0,0,0,0,54,0,1,0,3,1,0,0,0,0,0,0,138,38,0,0,0,0,0,0,37,0,0,0,0,0,0,0,25,0,0,0,0,0,0,1,87,0,0,0,0,0,0,0,0,365,0,0,0,0,0,0,0,0,1,0,0,6,0,0,32,0,0,0,0,0,0,0,0,0,0,0,0,11,0,0,0,0,1,0,0,1,0,0,0,0,0,7,0,0,0,0,0,0,7,0,0,0,1,0,0,0,0,0,0,0,0,0,0,0,0,0,11,0,0,0,0,0,0,0,0,0,0,0,0,0,0,0,0,0,0,0,0,0,0,0,0,11,37,0,0,0,0,0,0,0,0,0,0,0,0,317,0,22,661,295,0,0,0,0,0,435,0,56,277,0,0,0,0,1,0,0,0,0,0,1,31,0,0,0,0,0,0
0,0,0,0,0,0,0,14,0,0,0,0,0,0,191,8,1,0,0,0,0,6,0,0,0,2413,0,0,19,22,46,0,0,17,0,0,50,12,0,0,0,0,0,0,0,0,0,0,0,0,0,0,0,0,0,0,0,0,0,8,4,0,0,3,0,0,106,0,0,86,0,0,0,0,0,0,0,0,0,0,0,0,47,0,0,151,0,0,0,0,168,23,0,0,0,0,28,0,3,0,0,0,8,0,0,0,0,1265,0,0,0,0,0,0,0,0,0,0,23,0,0,0,0,0,162,0,0,0,0,0,0,0,0,0,0,0,1,0,0,0,0,0,0,1,0,0,0,0,2,0,19,0,0,0,0,0,2,0,6,0,0,0,0,0,0,0,0,0,0,30,0,0,0,0,0,0,0,219,1,1,0,0,0,0,50,0,0,0,0,0,0,23,0,0,0,0,0,0,0,0,0,0,0,2,0,40,0,0,0,0,0,0,0,0,0,0,18,0,0,0,87,34,0,0,0,0,0,0,0,0,115,0,0,255,0,0,0,0,0,1184,0,0,0,0,83,0,0,0,0,0,377,0,0,0,27,0,0,0,2,0,2,0,0,0,0,0,0,0,0,305,62,0,99,0,0,0,0,0,0,1453,0,0,409,0,0,0,0,1,59,0,0,0,0,0,0,0,6,0,0,143,0
5,0,0,0,0,0,3,50,0,0,0,3,0,0,445,0,0,0,0,28,81,29,0,0,0,0,0,0,0,99,21,0,0,313,0,0,260,0,0,0,0,25,0,0,0,55,0,0,0,0,0,0,0,0,57,0,8,0,0,281,0,0,0,0,0,0,0,0,0,0,36,0,0,0,0,0,0,0,0,418,0,0,0,0,0,0,0,0,0,59,0,17,647,0,0,0,0,0,12,0,0,0,0,0,0,0,0,1938,0,0,0,0,0,264,0,16,0,0,535,0,0,0,0,1,110,0,0,0,0,0,16,322,0,0,0,0,24,0,0,0,0,0,0,0,0,0,0,0,0,0,0,12,0,0,0,0,0,0,0,8,0,0,0,0,0,2,0,0,0,0,0,0,0,3,0,0,0,0,25,0,0,0,0,0,21,0,0,0,0,0,0,243,0,0,0,0,0,0,0,0,0,0,0,2,0,0,0,0,2,0,0,0,0,0,4,1,213,0,1026,0,189,0,0,0,0,2,80,0,10,0,0,0,0,0,0,0,0,0,0,0,0,0,0,0,0,0,0,0,0,0,0,0,0,0,263,0,0,0,25,33,0,0,0,8,0,0,0,0,0,779,0,0,0,0,0,0,0,0,69,0,0,0,150,0,0,0,0,0,0,0,0,0,0,0,66,9,77,466,0,34,0
0,0,1,0,0,20,1,41,0,32,51,0,0,0,10,0,79,0,9,1,0,25,0,1,0,1314,3,0,3,45,358,0,0,88,0,0,3,171,0,7,0,0,0,22,0,2,0,0,0,0,95,0,1,0,0,1,0,0,0,531,11,0,0,71,0,0,0,0,6,0,56,59,81,6,0,0,6,0,0,0,0,535,0,0,33,6,0,0,0,13,14,14,48,0,0,0,0,0,4,0,0,0,0,0,0,0,0,644,0,0,0,0,0,0,0,0,0,0,222,0,0,0,0,0,13,46,0,0,0,0,0,0,0,1,0,0,13,0,0,0,31,2,0,0,0,0,0,0,8,0,14,108,7,206,1,0,2,0,0,24,0,0,0,0,0,0,0,0,0,0,6,0,1,0,0,0,12,152,207,0,0,0,0,0,28,0,0,0,0,0,0,127,1,0,332,0,0,4,1,0,0,0,0,0,0,0,19,0,1,1,63,0,0,0,5,0,0,518,713,0,106,0,0,0,0,0,0,0,67,0,27,1,0,1,0,0,5,0,0,0,0,0,0,0,0,0,2,0,0,0,0,0,0,0,58,34,0,3,0,41,0,0,2,0,5,0,0,0,9,9,0,0,0,0,0,0,12,0,0,1624,0,0,463,0,0,0,0,0,0,32,0,0,0,0,0,68,2,0,0,23,0
0,13,1,0,0,0,0,42,0,0,0,0,0,1,9,0,8,0,0,0,0,29,0,8,0,10,0,0,0,63,373,0,0,157,0,0,18,0,1,1,0,0,0,17,0,0,0,0,0,0,5,0,0,2,0,0,0,0,0,0,0,0,0,0,0,0,22,0,0,21,0,0,0,0,0,0,0,0,0,0,0,0,0,0,0,4,0,0,0,225,0,1379,0,0,0,0,0,0,14,0,0,4,0,0,0,0,0,568,0,0,0,0,0,71,0,0,12,0,0,1,0,0,0,2,0,0,4,0,0,0,0,0,0,11,0,0,617,0,0,0,3,0,0,0,0,0,0,0,0,0,0,65,0,0,2,0,0,0,10,18,0,0,0,0,0,0,0,0,0,0,0,0,0,0,0,0,0,25,39,0,0,0,0,1,0,0,0,144,0,0,0,193,0,1,0,0,0,4,0,0,0,0,0,0,0,0,0,0,1,0,0,0,0,0,0,0,172,0,0,0,0,0,0,0,0,0,0,0,64,0,102,1,6,225,0,0,0,0,0,31,0,0,135,0,0,11,0,0,0,0,0,0,0,0,0,0,0,0,0,0,0,0,6,0,1,0,0,0,0,190,0,0,80,0,0,0,70,0,0,4490,0,0,51,0,0,0,0,0,0,38,0,0,0,0,67,0,14,0,0,28,0
0,0,0,0,0,0,0,0,89,0,0,0,0,0,2,0,0,0,0,0,0,0,0,0,0,0,0,0,0,0,413,0,0,239,0,0,4,119,0,0,0,0,0,0,0,188,0,0,0,0,0,0,0,0,0,0,0,0,0,252,0,40,0,0,0,0,98,2,9,64,0,0,0,0,222,0,0,0,0,194,0,0,0,0,0,0,0,0,1,14,63,9,171,0,0,22,0,0,0,0,0,0,0,0,0,0,129,145,0,0,0,0,0,82,0,0,0,0,47,1,0,0,20,0,34,19,0,0,0,0,6,1,0,0,0,0,3,0,0,0,0,0,0,0,0,0,3,0,0,0,4,0,0,0,0,0,0,0,32,0,0,0,0,2414,0,0,0,0,0,0,8,0,0,0,0,0,0,128,298,0,0,0,0,0,0,1,0,0,0,0,0,16,1,0,0,0,0,0,0,0,0,0,0,51,759,33,0,0,0,0,0,0,8,5,0,0,250,0,0,0,36,18,0,0,0,15,0,0,22,0,60,0,0,1206,0,0,0,1,0,0,0,0,65,0,0,0,0,1,0,0,404,0,0,0,0,0,0,0,0,0,4,15,0,0,0,0,0,18,9,4,3,67,7,0,0,0,0,0,7,707,0,0,376,0,0,0,0,0,0,4,0,0,0,0,32,0,0,0,1,206,0
0,0,0,0,0,0,0,1,0,0,11,0,0,0,0,0,0,0,0,0,0,12,9,0,0,1910,0,0,0,175,193,47,0,62,0,26,208,33,64,0,0,0,75,162,0,4,0,2,0,0,0,0,0,0,8,0,0,0,0,8,0,0,0,7,0,0,11,0,37,0,20,0,14,12,0,0,7,0,51,3,0,71,4,55,0,0,0,0,0,44,0,0,0,0,0,0,0,0,0,0,0,0,0,0,0,0,0,0,1,1,4,135,0,0,14,0,0,0,0,0,38,0,0,0,138,102,0,0,157,74,0,0,0,0,0,0,0,0,0,0,0,0,146,0,0,1,0,0,0,0,22,0,0,0,7,0,0,0,0,0,0,0,2,1,0,54,0,0,0,0,0,0,0,0,0,601,0,0,15,0,0,346,22,0,0,0,0,0,0,40,0,4,0,216,0,0,0,0,0,0,209,0,0,1,762,0,271,0,0,0,0,0,143,0,1,0,3,0,1084,0,0,0,0,1,55,0,0,0,5,0,0,6,0,40,0,0,3,0,0,110,163,83,0,0,0,0,0,0,3,0,0,6,9,0,20,168,0,0,16,0,0,0,0,6,0,0,0,44,20,414,0,0,405,0,0,0,0,0,9,6,1,0,88,0,0,0,0,0,10,12,0,0,0,0,216,5,0,0,0,118,0
0,0,0,0,0,0,0,0,0,0,0,0,2,0,1,0,0,0,0,0,0,82,0,0,0,987,0,0,79,0,0,0,0,100,3,0,11,0,0,0,0,0,0,0,0,54,0,0,0,0,0,0,0,0,60,0,0,0,0,137,0,25,1,0,0,0,72,0,0,39,78,0,0,0,0,0,0,0,0,55,0,1,0,0,0,1,0,0,0,0,139,81,6,0,0,22,0,1,69,0,0,0,0,0,19,0,0,9,0,0,0,0,0,1741,0,0,0,1,83,0,0,0,6,26,0,0,0,0,0,0,129,0,0,0,0,0,0,0,0,0,4,0,0,0,0,0,0,0,0,0,0,0,19,0,58,0,0,0,0,0,0,0,0,0,0,0,0,0,0,0,0,0,2,0,0,0,0,139,0,0,0,0,0,0,0,0,0,0,0,0,0,118,2,0,0,0,0,0,0,0,0,0,0,0,0,1,0,0,1,4,0,0,0,0,0,0,0,0,0,0,80,0,0,0,0,0,0,0,382,0,400,0,0,901,0,0,0,0,0,2,0,0,0,0,1,0,0,0,0,0,5,0,0,0,0,1,3,0,0,0,0,0,0,0,0,0,0,0,0,27,0,0,103,0,0,0,0,1,0,3121,0,0,83,0,0,0,0,0,11,0,0,0,0,3,397,0,7,0,0,11,0
0,0,0,0,0,0,2,0,0,0,0,0,0,0,41,0,0,0,0,0,0,122,0,10,0,0,0,0,10,1,1086,0,0,0,0,0,38,218,0,4,9,0,0,0,0,0,0,0,0,1,0,0,0,0,0,0,0,0,0,3,0,0,22,0,0,0,300,0,0,0,0,0,0,0,0,0,0,0,0,0,0,0,0,0,0,68,3381,0,0,0,0,2,6,0,0,47,0,0,0,0,0,2,0,0,0,0,0,0,0,0,0,0,0,0,0,1,0,12,0,0,0,0,86,1,0,0,0,0,0,0,0,137,0,9,0,0,60,5,1,0,12,0,0,0,0,0,0,0,0,0,0,0,0,0,0,9,0,3,0,48,0,0,0,0,0,0,0,9,0,0,0,1,31,3,0,0,0,134,0,0,0,0,0,0,0,2,0,0,0,0,0,143,7,0,0,5,184,0,0,0,0,0,0,0,0,12,10,15,9,13,0,0,0,0,7,0,110,0,257,0,153,0,0,0,0,0,0,3,0,0,0,0,0,776,0,0,0,0,0,0,0,0,0,0,0,0,0,2,0,0,0,0,0,4,100,179,4,0,0,0,0,0,0,10,10,0,0,0,0,49,5,0,188,1,0,0,0,0,28,762,0,885,0,3,21,0,0,4,0,0,0,0,0,0,35,0,71,0,0,0,0
0,1,0,0,0,0,0,0,0,0,2,3,0,0,10,0,24,0,14,8,0,114,10,0,0,1141,0,0,5,1,0,0,62,26,0,0,4,2,0,0,0,0,0,0,0,142,0,0,0,0,0,0,0,0,1,0,0,0,0,362,4,0,2,5,94,0,345,18,0,0,0,0,8,0,0,0,0,0,0,239,0,196,4,0,0,0,46,0,13,0,0,2,6,0,0,0,0,0,611,7,65,0,5,0,0,0,0,0,0,0,0,33,0,0,0,0,0,0,0,0,0,0,0,0,5,0,1,0,48,0,0,0,0,0,0,0,0,0,0,7,0,0,80,0,1,0,12,0,0,0,71,0,91,93,0,128,5,0,0,0,0,0,0,0,0,0,0,0,0,0,0,0,0,0,0,481,0,0,0,0,0,226,20,0,0,0,0,0,0,0,0,0,2,102,0,0,0,0,0,0,25,0,0,0,0,3,144,0,0,1,0,0,702,0,0,0,0,0,91,0,1,0,0,0,74,0,0,1,0,0,20,4,0,122,0,0,0,800,0,8,299,0,0,0,0,0,0,0,0,0,0,0,0,0,0,9,65,0,0,4,0,0,0,0,0,1,0,0,0,453,0,0,186,0,0,0,0,0,0,1505,0,1,32,0,0,0,0,0,299,10,0,0,0,0,18,0,1,0,0,111,0
0,0,0,0,0,0,0,0,0,0,0,0,0,0,0,0,82,0,0,0,20,37,0,0,0,3974,0,0,0,7,0,0,0,0,0,0,0,0,0,0,0,0,0,0,0,0,0,1,0,0,0,0,0,0,0,0,0,0,0,259,0,0,0,0,0,0,12,9,0,0,0,0,0,3,0,0,0,0,0,66,0,51,0,0,0,3,0,0,0,37,0,10,0,0,0,0,0,0,0,0,4,0,0,0,0,0,179,1074,0,0,0,0,0,6,0,0,0,0,512,0,0,0,0,0,97,0,0,0,4,0,0,0,0,0,0,0,14,0,0,0,0,0,0,0,0,0,0,4,0,0,35,0,0,0,1,0,0,0,0,0,0,0,0,0,0,0,0,0,0,0,0,0,16,0,0,0,0,0,91,16,0,0,0,0,0,0,0,0,0,0,0,29,0,3,0,0,0,0,0,0,0,0,0,0,0,310,3,0,0,0,0,0,0,0,2,0,122,32,0,0,0,0,0,121,0,0,0,0,0,0,340,0,0,525,0,0,7,0,0,0,0,0,0,0,0,6,0,0,0,0,0,1,0,0,0,0,0,0,0,0,0,111,0,0,0,0,0,0,0,667,43,0,236,0,0,0,0,0,0,8,0,0,393,0,0,0,0,0,58,24,0,0,0,0,26,1,8,153,0,112,35
0,0,0,0,0,0,32,0,0,0,0,0,1,0,1,0,0,0,28,0,0,0,6,1,1,694,0,0,2,1,0,0,0,10,0,0,10,207,0,6,0,0,0,0,0,1527,0,0,1,0,0,0,0,0,198,0,0,0,0,0,0,21,0,8,0,0,19,0,0,0,467,0,0,0,0,353,1,0,0,0,0,79,0,0,0,1,0,0,0,0,0,11,1,0,0,1,0,0,0,4,69,0,0,0,0,0,0,0,0,1,4,31,0,0,0,0,0,0,0,0,0,0,0,0,18,335,1,0,0,0,0,0,0,0,0,0,1,0,0,0,0,0,44,0,0,0,0,0,0,0,46,0,0,0,1,22,0,1,0,0,0,0,0,0,0,0,0,0,76,215,0,0,1,1,0,111,0,0,0,0,0,0,0,0,0,0,0,0,0,0,0,0,1,64,0,0,0,0,0,0,255,81,0,0,0,0,86,3,3,1,0,0,388,0,0,0,0,0,798,0,0,0,0,0,31,0,0,0,0,0,0,0,0,0,0,0,44,0,10,5,0,39,0,0,0,0,2,0,0,0,0,0,0,0,0,1,1,0,0,0,3,0,0,1,47,0,1,0,0,1,0,0,64,0,0,0,0,0,0,2441,0,1,250,0,402,1,0,0,0,0,0,0,0,1,79,0,1,0,0,236,0
0,9,0,17,10,0,23,3,0,9,15,6,0,3,3,2,0,1,0,0,6,25,0,5,0,1,0,0,0,17,18,0,0,34,0,0,3,177,11,0,0,0,0,0,0,47,0,1,0,0,2,0,1,1,4,0,0,0,0,41,10,0,0,20,0,0,330,0,47,0,4,0,35,6,0,0,3,0,0,120,0,128,144,0,0,3,1,0,0,38,14,28,1,0,0,0,0,0,101,0,0,0,0,0,0,0,0,0,0,0,0,223,0,0,30,66,0,0,0,0,4,0,0,307,1,219,1,0,45,75,0,0,1,0,0,0,0,0,0,0,1,0,0,20,0,0,0,46,0,0,10,1,0,58,1,123,0,0,0,55,0,59,0,1,0,94,0,0,60,0,3,0,0,0,0,344,0,18,0,0,0,497,144,9,0,0,0,30,0,0,126,4,0,419,0,0,0,0,13,0,0,147,0,1,0,0,110,0,5,2,0,0,56,0,1,0,13,4,269,0,27,0,0,0,0,0,0,0,0,0,0,6,0,64,0,0,1,0,0,15,109,0,0,0,0,0,4,0,0,0,0,1,26,0,44,1,4,0,0,11,0,0,0,46,1,0,0,0,0,1982,0,0,31,0,8,0,1,0,64,2146,1,0,38,0,0,0,0,0,30,4,0,0,8,0,34,0,48,0,0,11,0
0,0,0,0,0,0,0,0,0,0,7,0,0,0,11,0,0,0,0,0,0,23,27,7,0,211,0,0,11,14,588,0,0,0,0,0,52,0,0,0,25,0,0,0,0,4,0,0,0,0,13,0,0,0,0,0,0,0,0,0,11,0,0,0,0,0,22,0,0,0,31,0,24,0,0,0,0,0,0,59,0,273,0,0,0,0,0,0,0,0,0,0,54,0,0,0,0,0,48,0,0,0,0,0,0,0,0,1,0,0,0,0,0,0,8,0,0,0,0,0,0,0,0,0,0,0,0,0,0,0,0,0,0,0,0,0,0,0,0,0,1,0,0,0,1,0,0,30,0,0,57,0,0,0,1,347,6,0,0,2,0,0,0,41,0,74,0,0,0,21,0,0,1,0,0,0,0,0,0,0,0,0,49,0,0,0,0,0,0,0,0,30,0,217,0,0,0,0,0,0,0,0,0,1,0,5,170,0,0,1,0,0,65,0,1,0,0,0,1348,0,0,0,0,0,0,0,0,0,0,0,37,3,0,34,0,0,5,0,0,65,315,0,0,0,0,0,0,0,0,0,0,0,0,0,129,7,0,0,5,27,0,0,0,0,0,0,0,0,0,1,0,30,76,0,0,0,0,0,0,4961,0,0,10,0,0,0,0,0,0,0,0,0,0,0,187,0,44,0,0,70,0
0,0,0,0,0,0,4,0,0,0,0,0,0,0,144,0,0,0,0,0,0,1,0,3,0,2204,0,0,11,0,0,0,0,156,0,0,48,1,0,0,0,0,0,15,8,18,0,0,0,0,0,0,0,0,0,0,1,0,0,1,0,1,0,0,0,0,1,0,2,0,0,0,0,0,0,0,0,0,0,1,0,0,18,0,11,0,0,0,0,0,0,3,0,0,0,0,0,0,27,0,0,54,0,0,1,0,0,5126,0,9,0,0,0,22,0,0,0,0,3,20,0,0,0,1,280,0,0,0,0,0,0,5,0,0,0,33,131,5,0,0,0,0,0,0,0,0,1,0,0,0,7,0,0,0,0,0,0,0,0,22,0,0,0,163,0,0,0,0,0,0,0,0,1,0,0,0,0,0,1,0,0,0,0,0,2,0,0,0,0,0,0,2,0,0,0,0,0,0,0,0,0,0,0,0,373,12,0,0,1,0,0,0,0,0,2,0,9,0,0,0,0,0,0,0,0,0,0,0,0,0,1,0,0,293,0,0,0,0,0,0,0,0,0,0,0,0,0,0,0,0,0,1,0,0,8,0,0,0,0,0,0,0,0,0,0,0,0,0,15,23,0,0,295,0,0,0,0,0,5,227,0,0,86,0,0,0,0,0,0,0,0,0,0,0,0,0,73,0,0,9,0
0,0,0,0,6,0,1,10,0,3,2,1,0,47,0,0,25,3,0,0,1,29,4,5,0,1892,2,0,137,0,161,0,0,158,0,0,7,17,0,0,0,0,0,0,0,7,2,1,0,0,0,0,0,0,0,0,0,0,0,6,5,1,0,2,152,0,1,0,3,24,36,0,0,2,0,0,4,3,0,1,0,52,40,0,34,0,0,0,0,108,7,0,27,0,0,2,0,0,43,0,10,0,0,0,0,0,0,2,0,0,0,6,0,1,0,0,0,0,13,0,6,0,2,0,456,31,1,0,34,0,0,1,0,0,0,0,10,0,1,0,0,0,0,0,0,0,0,0,0,6,88,1,0,16,0,178,0,0,0,19,0,20,0,0,0,0,0,0,39,15,1,0,0,0,0,260,0,0,1,0,0,0,11,5,0,0,11,0,0,0,0,6,0,216,0,0,0,0,0,2,3,0,0,1,0,0,0,0,0,10,0,0,14,1,1,5,1,0,1015,0,24,1,0,0,48,10,0,0,14,2,6,0,0,88,0,0,1,0,24,0,62,0,0,8,0,0,0,5,0,0,11,2,0,0,1,9,4,0,1,0,2,3,0,1,0,0,0,0,0,4,7,1,2419,0,0,0,0,0,3,1097,1,0,212,0,0,0,0,0,1,6,0,0,0,0,146,0,100,0,0,89,8
0,1,0,0,0,1,1,0,0,0,1,0,7,0,74,0,0,2,0,0,103,21,0,6,0,0,0,0,41,11,573,0,7,67,0,0,9,253,1,0,0,4,0,155,0,648,665,0,0,0,130,0,0,0,102,0,0,0,0,0,0,0,3,0,0,0,1,0,53,0,82,9,3,0,0,0,0,0,0,64,0,0,10,0,35,54,238,2,0,58,0,14,8,0,0,0,0,0,80,0,0,0,0,0,2,0,0,0,0,0,1,0,0,230,2,0,0,3,10,0,0,0,0,328,102,0,0,0,0,0,38,0,0,0,0,21,543,0,0,0,8,0,0,0,28,0,19,0,0,1,32,33,0,0,2,0,0,0,0,2,0,7,0,0,0,1,0,0,0,0,0,0,0,0,0,0,9,21,11,0,0,1,0,0,2,0,0,24,0,5,0,174,2,0,23,0,0,3,0,0,0,0,0,0,0,12,6,0,0,12,0,0,0,0,3,1,0,0,21,0,40,0,0,0,0,0,96,0,345,0,95,1,0,145,0,0,5,0,0,212,0,0,0,0,0,0,48,0,0,0,0,1,22,0,26,41,18,6,11,9,0,0,8,5,15,0,0,0,61,0,0,105,0,0,0,0,0,0,1,2248,0,706,174,2,0,0,0,0,0,70,0,3,19,0,21,57,12,0,0,30,0
0,0,0,0,0,0,11,81,0,0,0,0,0,0,66,0,0,0,0,0,112,82,0,8,0,0,0,0,0,0,545,0,0,49,0,0,64,0,0,0,0,0,0,392,0,0,0,0,0,0,0,0,0,0,0,0,2,0,0,0,0,0,0,0,0,0,0,0,6,0,180,0,0,0,0,0,0,0,0,391,0,0,0,0,0,0,0,0,0,96,0,0,74,0,0,0,0,0,147,0,0,17,0,0,0,0,0,0,0,0,0,0,0,0,0,0,0,0,200,0,0,0,0,0,0,0,0,0,0,0,0,0,0,0,0,58,0,0,0,0,0,0,0,0,0,0,0,0,0,21,58,0,0,0,0,0,0,0,44,0,0,0,0,1317,0,0,0,0,0,0,0,0,343,0,0,0,0,0,159,0,0,0,0,0,0,0,0,0,0,0,0,284,0,0,0,0,0,0,0,0,0,0,0,108,0,0,0,0,0,0,0,0,0,0,0,0,0,0,0,78,308,0,0,0,0,0,0,0,0,0,874,0,0,1374,0,0,0,0,0,0,0,8,0,0,0,0,0,0,0,0,114,0,0,0,0,0,0,0,0,0,0,0,0,0,0,0,0,0,0,153,0,0,0,0,8,0,0,0,0,0,0,0,1288,0,0,0,0,0,0,0,0,0,0,0,501,0,0,0,0,380,0
0,0,0,0,0,0,0,0,157,0,0,0,0,0,30,0,0,0,0,2,23,0,0,0,0,1095,0,0,10,0,0,0,0,68,0,0,0,102,0,0,0,0,0,0,0,126,0,0,14,0,6,0,0,0,0,0,0,0,0,0,0,7,0,0,0,0,229,0,0,0,16,0,0,0,0,0,0,0,0,0,0,0,5,1,0,0,5,0,0,42,16,0,0,0,0,0,0,0,77,0,0,0,0,0,0,0,103,1019,0,49,0,0,0,150,0,0,0,0,41,0,0,0,0,1,0,0,0,0,0,0,7,1,0,0,0,2,18,0,0,0,0,0,0,0,0,0,105,0,0,0,9,0,0,43,1,0,0,1,0,35,0,0,0,9,0,0,0,0,0,0,0,0,1,0,0,0,0,0,0,0,0,0,0,0,0,0,0,0,0,0,0,0,1,0,0,0,0,0,0,0,0,0,0,24,0,161,2,0,0,0,0,0,5,0,12,0,0,24,0,19,0,27,0,0,0,6,0,0,144,0,132,0,0,124,0,0,0,0,0,0,0,0,108,0,0,0,0,0,0,0,0,2,0,0,51,0,3,0,5,10,0,0,0,2,0,0,0,0,0,3797,0,0,51,0,0,0,0,0,0,1405,0,0,190,0,0,1,1,0,0,0,0,0,0,0,0,0,0,0,0,74,0
0,0,0,0,0,0,0,0,0,12,10,0,0,0,1,0,1,0,0,0,0,0,7,8,0,2,0,0,12,15,515,0,0,0,0,0,44,561,15,0,0,0,0,0,0,0,67,0,0,0,4,0,0,0,0,0,0,0,0,534,14,0,2,2,0,0,12,0,0,0,0,0,0,0,0,54,7,0,1,152,0,112,0,0,338,7,0,28,0,0,0,18,0,0,0,0,0,2,0,0,15,0,0,0,43,0,0,0,0,0,0,315,0,0,0,0,0,0,60,46,0,0,1,0,12,0,1,0,0,162,0,0,0,0,0,0,1,0,55,0,1,0,0,0,0,49,0,0,0,0,90,0,0,0,1,105,0,1,0,0,0,27,0,0,0,40,0,0,143,55,0,0,0,1,0,295,0,0,21,0,0,0,25,0,0,0,0,0,0,4,0,0,5,0,0,0,0,0,0,146,4,89,0,0,0,1,259,0,5,1,0,0,51,0,6,0,27,0,1794,0,167,25,0,0,0,0,0,0,0,0,0,5,0,1,57,0,1,0,37,13,246,0,0,0,0,0,5,0,0,0,0,8,77,0,43,14,1,10,85,0,0,0,0,11,0,0,0,0,67,20,0,0,156,0,0,0,61,1,11,2282,1,0,0,0,0,0,0,0,0,0,0,0,0,0,0,0,12,0,0,74,0
0,0,0,0,0,0,25,0,0,0,0,0,0,0,0,0,0,0,0,0,0,77,0,0,0,0,0,0,0,0,132,0,0,143,0,13,0,247,0,0,0,0,0,0,0,560,0,0,0,0,0,0,0,0,0,0,0,0,0,0,0,0,0,0,0,0,0,0,0,0,0,0,0,0,0,0,0,0,0,86,0,0,0,0,0,0,0,0,0,0,62,0,0,0,0,0,0,0,25,0,0,86,0,0,0,0,0,3977,0,0,0,0,0,0,0,0,0,0,58,0,0,0,28,0,916,72,0,0,0,0,104,0,0,0,0,0,0,0,0,0,13,0,0,0,0,0,0,0,0,0,20,0,0,0,0,0,0,0,0,34,0,0,0,0,0,0,0,0,0,0,0,0,0,4,0,0,0,0,136,7,0,0,0,0,0,0,2,0,7,0,0,868,5,0,0,0,0,0,0,0,0,0,0,68,0,0,0,0,0,27,0,0,0,0,0,0,0,0,0,0,28,0,0,0,0,0,0,0,0,0,0,0,0,106,0,0,0,0,0,0,0,0,0,0,0,0,0,2,0,0,0,0,19,0,0,0,0,0,0,0,2,0,0,0,0,0,0,0,0,2,0,24,1668,0,0,0,0,0,1,0,0,0,263,0,0,0,0,0,0,72,0,0,0,0,10,0,0,0,0,0,0
4,0,0,0,0,0,1,0,0,0,0,0,2,0,1,0,0,0,0,0,0,25,0,0,0,273,0,0,24,0,0,0,0,84,0,0,496,209,6,0,0,0,60,238,0,59,0,0,0,0,0,0,0,0,0,0,0,0,0,138,0,0,0,0,0,0,20,11,0,87,699,0,0,0,0,0,0,0,0,341,0,0,248,0,885,0,0,0,0,0,0,3,2,0,0,0,0,0,0,0,0,0,0,0,0,2,0,0,0,13,0,0,0,60,4,0,0,7,80,0,0,0,0,1,0,0,0,0,0,0,0,0,0,0,0,0,0,3,0,1,1,0,0,0,0,0,14,0,0,0,0,0,0,0,0,0,0,0,0,320,0,0,0,1265,0,1,0,0,0,0,0,1,0,2,0,0,0,0,136,0,0,0,0,0,31,0,0,0,0,0,0,27,0,0,0,0,0,0,0,0,0,0,0,0,0,2,5,0,0,58,0,0,0,0,0,0,34,0,190,94,113,0,0,0,0,0,0,0,0,0,859,0,0,110,0,0,0,0,0,7,0,18,0,0,1,0,0,1,0,0,0,0,0,0,18,1,0,0,0,152,0,0,0,17,0,0,0,0,0,13,0,84,47,0,2,0,0,0,0,1960,0,0,238,1,0,0,0,1,74,0,0,0,0,0,0,0,1,0,0,19,0
0,0,0,0,0,0,2,0,0,0,0,0,0,0,8,0,0,1,0,0,36,105,0,0,0,2695,0,6,46,0,0,0,0,39,0,0,2,0,1,0,0,0,0,0,0,382,0,0,0,1,0,0,0,0,0,0,0,0,0,346,0,0,0,0,0,0,0,0,0,0,0,0,0,0,0,0,0,0,0,284,0,0,1,0,0,1,3,0,0,230,0,10,11,0,0,4,0,0,0,19,0,0,0,0,0,0,0,32,0,0,0,0,0,259,0,6,1,0,112,0,0,0,0,2,54,0,0,0,6,0,0,576,73,0,0,0,27,0,1,0,53,1,0,0,0,0,0,0,0,1,0,77,0,0,0,0,0,0,0,176,0,0,0,0,0,0,0,6,0,0,27,0,4,0,0,0,3,149,0,0,0,0,0,0,0,0,0,181,0,0,0,334,1,0,0,0,0,0,0,19,0,0,0,601,0,12,0,0,1,0,0,0,0,3,0,0,0,0,1,0,0,0,0,0,0,0,0,0,145,0,192,1,0,102,8,0,0,0,0,0,0,0,0,0,0,0,0,0,0,0,0,0,17,0,0,1,0,0,0,14,0,0,0,0,0,0,0,0,0,71,0,0,77,1,0,0,0,0,5,1852,0,0,0,0,0,0,0,0,0,97,0,0,0,0,0,0,316,0,0,72,0
0,0,0,0,0,0,0,0,0,0,18,0,0,0,35,0,0,1,0,0,0,22,6,3,0,1809,0,0,12,7,0,0,0,43,0,0,570,0,34,0,14,0,0,0,0,0,0,1,0,0,18,0,2,0,0,0,0,0,0,0,0,24,0,0,0,0,7,0,0,0,0,0,6,0,0,0,4,0,0,6,0,41,0,0,0,1,1,0,1,54,21,38,8,0,0,0,0,0,29,1,0,0,0,0,0,0,0,0,0,0,0,26,0,0,9,0,0,0,0,0,0,0,0,0,61,47,1,0,20,35,0,0,0,0,0,0,0,0,0,0,0,0,0,0,1,0,0,0,0,5,0,0,0,0,1,0,0,0,0,0,0,19,1,0,0,45,0,0,89,3,0,0,1,0,0,294,0,0,0,0,0,108,13,0,0,0,0,0,282,0,0,0,0,47,0,0,0,0,0,0,226,0,0,1,0,1,185,0,0,11,0,0,17,0,0,0,0,0,1361,15,0,0,0,1,48,0,0,0,0,0,0,29,0,0,0,0,1,0,0,2,192,2,0,0,0,0,0,0,2,0,0,6,8,0,5,0,13,2,0,0,1,0,0,0,1,0,0,0,0,3,0,0,305,0,0,0,0,0,5,3115,0,0,405,0,0,0,0,0,6,0,0,0,0,0,45,0,0,0,0,49,0
0,0,0,0,0,0,0,0,0,0,0,0,0,0,0,0,0,0,0,0,0,0,0,0,0,4367,0,0,25,0,1,0,0,66,0,9,190,457,0,0,0,0,0,94,0,350,0,0,0,0,0,0,0,0,0,0,0,0,0,0,0,15,0,0,0,0,34,0,0,119,47,0,0,7,0,0,0,0,0,0,0,0,0,0,86,0,0,1,0,59,20,1,0,0,0,9,0,0,0,0,0,35,0,0,0,0,0,621,0,0,0,0,0,0,0,0,0,0,0,6,0,0,0,0,0,0,0,0,0,0,0,162,0,5,0,0,0,0,0,0,0,0,0,0,0,0,16,0,0,3,22,0,0,0,0,0,0,0,7,15,0,0,0,0,2,0,0,0,0,0,0,0,0,0,0,0,0,0,181,0,0,0,0,0,0,0,0,0,0,0,0,0,0,0,0,30,2,0,0,0,0,0,0,1,148,0,0,0,0,27,0,0,14,0,0,0,29,0,0,3,0,0,0,0,0,0,0,0,46,0,130,0,0,56,0,0,0,0,0,0,0,0,144,0,0,0,0,0,0,0,16,5,0,0,0,0,0,0,0,0,0,0,0,0,0,0,0,0,0,17,0,45,0,0,1,0,0,0,0,1985,0,0,101,0,0,0,0,0,0,0,6,0,0,0,0,0,0,0,0,162,0
0,0,0,0,0,0,1,0,0,0,0,0,1,73,9,0,0,0,0,0,0,229,0,0,2,1350,0,0,0,0,0,0,0,0,0,0,0,150,0,0,0,0,71,104,0,28,0,0,0,0,0,0,0,0,0,0,0,0,0,0,0,1,0,0,0,0,0,0,0,0,48,0,0,0,0,0,0,0,0,0,13,0,0,0,30,0,0,0,0,81,568,0,24,0,0,0,41,1,112,0,0,0,0,0,1,0,111,843,0,0,0,2,0,29,0,0,0,0,129,0,0,0,0,2,1343,0,0,0,0,0,72,1,0,0,0,0,10,0,0,0,0,0,0,0,0,0,0,0,0,0,13,0,0,0,1,0,0,0,10,0,0,0,0,0,0,0,0,0,0,0,0,0,1,0,0,0,0,0,0,0,0,0,0,0,0,0,0,0,0,0,0,89,1,0,0,0,0,4,0,0,0,0,0,0,0,0,0,0,0,1,0,0,0,0,0,0,37,0,0,0,0,0,0,0,0,9,0,0,104,0,54,0,0,0,0,4,0,0,0,0,0,0,0,0,0,0,0,0,0,0,0,0,0,0,0,0,0,3,0,0,0,0,0,0,0,0,0,0,0,482,0,0,0,0,0,0,1,0,7,2113,0,1,1062,0,0,0,0,0,0,231,0,0,0,0,53,0,1,0,0,218,24
0,0,0,0,0,0,0,0,0,0,0,0,0,0,128,0,0,19,0,16,0,0,0,1,0,1722,0,0,11,9,0,0,0,254,0,0,75,0,0,1,4,0,0,0,0,0,0,0,0,4,0,0,0,0,0,0,0,0,0,165,0,0,0,0,0,0,26,0,0,0,0,0,0,13,0,0,0,0,0,0,0,0,10,0,0,3,3,0,0,0,0,6,9,0,109,1,0,0,0,0,0,0,0,0,0,0,0,135,0,22,0,0,0,234,0,13,0,0,0,0,0,0,0,2,0,16,0,0,2,0,0,276,0,1,0,0,4,1,0,0,1,0,0,0,0,0,0,0,0,0,0,0,0,0,0,0,0,0,0,324,0,0,0,3,0,1,0,0,0,0,0,0,249,0,0,0,0,0,0,0,0,0,0,0,8,0,0,0,0,0,0,99,1,0,0,0,0,0,1,0,0,0,0,0,0,10,11,7,0,9,0,0,0,0,67,0,0,0,2,0,0,0,0,0,0,0,0,12,0,0,374,1,0,946,0,0,0,0,0,4,0,0,0,0,0,0,0,0,0,0,0,0,0,0,0,23,0,0,14,0,0,0,21,7,0,0,0,0,0,189,0,0,1366,0,0,0,0,0,0,2925,0,0,0,0,0,0,0,2,0,0,0,0,0,0,25,0,5,0,0,0,0
17,0,0,1,0,0,0,0,0,0,0,5,0,0,4,0,0,0,0,0,0,75,7,27,0,685,0,0,362,138,0,0,0,37,0,0,44,0,0,0,0,0,0,52,0,142,0,0,0,0,0,0,0,0,0,0,0,0,0,0,0,0,3,0,0,0,200,0,19,0,26,0,0,0,0,0,0,0,0,237,0,569,282,14,0,0,0,0,12,0,0,247,1,0,0,1,0,2,0,0,0,0,0,0,0,1,0,0,0,1,3,118,0,0,5,68,0,0,0,4,0,0,0,67,0,142,252,32,0,0,0,0,0,2,0,0,0,0,0,0,0,0,0,0,44,0,0,0,0,0,0,0,0,62,1,52,0,0,1,0,0,0,0,0,0,46,0,0,78,0,0,0,0,1,0,504,0,0,179,0,0,0,93,0,0,0,0,0,0,0,0,0,8,62,0,0,0,0,0,0,165,0,0,0,0,1,355,20,0,5,0,0,151,0,0,0,3,0,2188,14,0,0,0,0,79,0,0,0,0,0,0,3,0,1,0,0,6,0,0,290,130,0,0,0,0,0,0,0,0,0,0,0,0,0,0,11,0,0,0,51,0,0,0,0,0,0,0,0,0,2,0,0,279,0,0,0,0,0,0,694,0,0,404,0,0,0,0,1,0,0,0,0,0,0,0,0,3,0,0,112,0
0,0,0,0,0,0,4,0,0,9,2,0,11,0,104,0,68,0,0,0,0,0,27,46,0,1969,0,0,142,93,86,0,0,0,2,0,0,0,0,0,0,0,0,0,0,0,0,0,0,0,0,0,0,0,0,1,0,0,0,91,8,0,0,5,0,0,450,0,24,0,0,0,0,0,0,0,7,0,0,0,0,78,0,0,0,3,2,0,4,0,0,76,1882,0,0,0,0,11,0,2,15,0,0,0,0,0,0,0,0,0,1,0,0,0,0,0,0,0,0,0,27,0,0,0,0,0,182,0,0,0,0,0,0,1,0,13,0,0,0,0,0,357,37,10,0,31,0,0,0,0,0,0,0,65,0,32,58,0,0,0,9,28,0,0,42,0,5,0,60,0,7,0,0,21,0,668,0,0,15,0,0,424,16,0,0,0,0,0,0,0,0,0,0,80,0,0,46,0,14,471,0,126,0,0,38,0,460,9,5,0,250,0,0,0,0,0,0,0,148,0,2,0,0,0,44,0,0,0,0,0,0,0,0,134,0,0,2,0,20,44,0,0,0,0,69,26,0,0,0,0,0,0,0,0,0,165,6,0,0,0,0,0,0,0,7,0,0,0,0,98,0,0,197,1,0,0,0,0,0,2,0,0,165,0,0,0,0,0,0,0,0,0,0,0,0,0,5,0,0,38,0
0,0,0,0,2,0,1,0,0,0,0,0,0,636,0,1,0,0,0,0,62,10,0,0,0,1970,1,1,12,0,120,0,0,40,0,16,285,15,0,1,0,0,0,66,0,11,101,0,0,0,2,0,0,0,0,0,0,0,1,11,0,0,0,0,0,0,7,0,0,95,15,2,0,0,0,351,0,1,0,3,0,1,19,0,0,0,0,0,0,216,360,7,142,0,0,0,0,0,22,0,26,0,0,0,0,0,34,0,1,1,12,2,0,6,8,7,1,0,0,0,22,0,0,41,342,0,0,34,39,0,2,6,1,0,0,0,0,0,1,0,0,0,0,0,1,0,0,0,0,0,105,1,0,5,4,0,0,7,0,5,1,0,0,4,0,36,0,0,0,15,0,0,0,0,2,894,0,0,4,0,0,0,111,0,1,0,1,25,0,0,30,5,0,59,0,0,19,0,0,19,138,0,1,1,0,0,135,8,4,10,0,0,20,3,0,0,2,1,126,0,0,8,0,0,32,0,1,0,0,0,26,29,0,0,43,0,1,0,0,0,84,0,0,1,0,0,9,0,0,0,100,0,0,0,0,4,1,0,0,0,0,0,0,1,4,0,0,31,0,26,6,18,798,0,0,0,0,0,0,1559,0,0,81,0,0,0,0,1,23,1,0,3,0,0,0,0,0,0,0,109,19
0,0,0,0,0,0,0,0,0,0,7,0,1,0,30,2,0,1,0,3,172,279,0,1,0,0,0,1,51,1,3,0,0,88,0,0,4,0,0,0,0,0,0,0,0,0,0,2,0,0,0,20,0,0,0,0,0,1,0,147,0,0,0,0,0,0,0,0,0,0,703,0,0,0,0,0,0,0,0,105,0,0,6,1,0,1,3,1,0,146,487,0,1,0,0,5,0,0,43,0,0,9,0,0,0,0,0,80,0,66,0,0,0,0,0,10,0,1,0,0,0,0,0,1,541,0,0,0,4,0,234,267,1,3,0,1,1,0,0,0,6,0,0,0,0,0,42,0,0,0,26,0,0,0,0,0,0,0,0,177,0,0,0,0,1,0,0,0,0,0,3,0,0,0,0,0,0,0,526,1,0,0,0,0,10,1,0,1,0,0,0,153,11,0,0,21,4,0,0,0,0,0,0,163,0,5,2,0,0,4,0,0,0,1,74,0,113,0,6,0,0,0,0,0,0,2,30,0,0,0,0,0,0,435,0,0,0,0,2,0,0,0,0,0,2,0,0,0,0,0,0,0,32,0,30,10,3,0,25,12,8,0,0,11,0,0,0,40,0,3,0,22,134,1,4,2,0,0,60,2923,0,0,629,0,0,0,0,1,0,72,0,0,0,0,28,0,5,0,0,594,0
0,0,0,0,0,0,499,0,0,0,0,0,0,0,53,0,0,0,0,0,0,0,33,13,0,19,0,0,23,0,0,0,0,87,0,0,4,703,0,3,0,0,0,0,0,637,0,0,0,0,173,0,0,0,0,0,0,15,0,0,0,84,5,0,0,0,0,0,0,0,0,0,0,0,0,0,0,0,0,315,0,0,0,0,0,12,0,0,0,42,0,36,57,0,0,8,0,0,209,0,0,21,0,0,0,0,0,92,0,0,0,0,0,0,0,0,0,32,180,0,0,0,0,8,5,0,0,0,0,0,0,0,0,3,0,234,10,0,0,0,0,0,0,0,0,0,0,0,0,0,0,0,0,0,4,0,0,2,0,450,0,0,0,0,0,0,0,3,0,0,0,0,0,0,0,0,0,177,0,0,0,0,0,0,0,0,0,0,0,0,0,220,0,0,0,6,0,0,0,0,0,0,0,0,0,0,0,0,3,0,0,0,0,0,0,0,0,0,0,0,0,0,0,0,0,0,0,0,18,0,0,0,0,280,0,0,0,0,0,0,0,0,0,0,0,0,0,0,0,0,3,0,0,0,20,10,10,0,0,0,0,0,0,0,0,0,0,0,0,458,0,0,2137,0,0,0,0,0,0,1935,0,0,0,0,0,75,0,0,472,0,0,0,0,0,0,0,0,0,0,104,0
1,0,0,0,0,0,0,34,0,8,0,20,0,0,35,0,0,0,0,0,63,0,5,3,0,74,0,0,59,0,579,0,0,110,0,30,101,278,0,0,24,0,0,25,0,0,0,0,0,1,0,0,0,0,0,0,0,0,0,0,0,0,0,0,0,0,9,0,0,0,0,0,29,0,0,0,0,0,0,0,11,0,0,9,0,0,1,0,0,56,0,0,4,0,0,4,0,0,25,6,30,0,0,0,0,0,0,0,0,0,0,289,0,0,14,0,0,0,0,39,3,0,0,0,0,131,0,0,0,176,0,0,0,0,0,0,1,0,0,0,0,0,0,0,1,0,0,0,0,0,29,0,0,0,1,408,0,0,0,54,0,0,22,0,0,40,0,0,0,9,0,0,21,2,0,391,0,0,0,0,0,422,33,0,0,0,0,0,0,0,0,0,7,65,0,0,0,0,0,0,11,119,0,0,0,0,273,43,0,13,0,0,36,0,1,0,3,0,1002,48,0,0,0,0,43,0,0,0,0,0,0,5,0,70,0,0,0,254,0,15,243,5,0,0,0,0,0,0,2,0,53,4,0,0,0,0,0,0,1,22,0,0,0,4,373,0,19,0,0,904,0,0,321,0,0,0,0,0,7,2173,0,0,0,0,0,0,0,0,0,0,0,0,0,3,29,0,12,0,0,98,0
0,0,0,0,0,0,0,0,0,0,20,3,0,0,1297,0,2,2,0,0,0,18,5,0,0,787,0,0,15,0,0,0,44,64,0,0,33,108,0,0,0,0,0,55,0,52,0,10,0,0,0,0,0,0,0,0,0,0,0,116,0,0,0,11,0,2,0,0,18,0,0,0,22,0,0,0,0,0,0,47,0,146,3,5,0,26,6,0,0,53,378,0,294,0,22,2,0,0,60,0,13,0,0,0,4,0,0,0,0,1,0,24,0,1,28,23,0,0,0,0,0,0,2,0,177,57,1,1,34,0,1,1,2,0,0,0,4,0,0,3,0,0,0,0,0,41,0,0,0,1,111,0,0,0,2,0,0,0,0,55,0,0,0,149,0,69,0,0,0,0,0,0,1,1,0,141,0,0,8,0,165,261,14,0,0,1,0,1,513,0,0,1,0,0,0,0,0,0,0,0,325,0,0,0,0,4,220,10,7,10,0,0,31,6,0,0,3,0,1763,0,0,32,0,0,25,161,0,0,0,34,42,28,0,33,0,0,0,0,0,76,51,177,0,0,0,0,0,0,0,0,22,0,28,0,32,11,0,0,2,0,1,15,0,3,0,0,0,27,0,38,0,34,69,0,0,0,2,0,54,137,0,0,385,0,0,0,0,1,62,0,0,0,0,0,269,11,5,13,0,105,0
0,0,0,0,0,0,0,14,0,0,0,0,0,0,27,0,0,0,0,0,10,63,0,3,0,659,2,0,31,79,34,0,0,19,0,0,32,130,1,0,0,0,113,48,0,10,0,3,0,0,5,0,2,0,3,0,0,0,0,173,0,0,0,0,0,0,482,0,0,0,11,0,0,0,0,0,2,0,0,40,0,5,17,0,56,12,1,0,0,58,0,3,47,0,0,19,0,0,31,0,0,0,0,0,1,0,0,645,0,23,0,0,0,32,1,0,0,0,105,0,0,0,0,1,107,0,47,0,0,27,7,132,0,0,0,0,41,1,0,3,7,0,0,0,0,0,72,0,2,0,7,0,0,0,0,0,0,0,17,24,24,0,0,1,0,1,0,0,0,0,1,0,0,0,0,0,4,75,69,0,0,0,0,0,4,0,0,0,0,0,0,95,0,0,0,0,0,1,0,273,0,0,0,198,0,35,0,0,1,0,0,0,0,0,21,1,24,37,5,0,57,1,0,0,0,0,0,0,10,1,35,0,0,94,0,0,0,0,0,17,0,61,0,0,3,0,0,0,0,0,0,4,7,0,5,27,6,0,2,257,1,0,0,14,0,0,0,0,0,3833,0,8,35,0,0,0,0,0,2,699,1,0,275,0,0,0,0,0,19,24,0,0,0,0,37,0,23,0,0,34,0
5,0,0,0,0,0,44,29,0,0,4,0,0,94,0,0,24,0,0,0,8,1,9,433,0,0,0,0,33,20,32,0,0,61,0,0,0,4,0,0,0,0,266,0,0,0,0,0,9,4,0,0,0,0,0,0,0,0,0,0,0,0,111,0,343,0,11,11,1,0,0,0,0,0,0,0,0,0,0,1,0,113,0,0,0,0,0,1,4,15,0,0,46,0,0,182,0,0,3,8,16,0,0,0,0,0,0,0,0,1,8,92,0,0,15,143,0,0,0,7,0,0,0,0,0,5,1,0,0,0,0,1,0,0,0,0,0,0,0,0,0,0,64,0,0,0,0,0,0,0,0,0,204,0,0,577,118,0,0,0,9,0,0,0,1,62,0,0,0,0,0,0,1,3,0,1394,0,0,1,0,0,169,173,0,0,7,0,0,0,0,0,3,2,240,0,0,0,0,0,0,29,125,0,0,1,0,0,0,6,0,0,0,50,0,0,0,1,0,960,0,2,0,0,0,236,0,0,67,0,0,0,0,0,1,0,0,0,0,0,0,70,0,0,0,0,0,0,1,0,0,0,0,2,0,0,0,0,0,0,0,0,0,0,1,0,0,0,0,0,158,0,0,117,0,0,0,0,0,4,2878,0,0,22,2,0,0,1,3,0,0,0,0,0,0,1,0,4,0,0,18,0
0,0,0,0,2,0,55,0,0,0,0,0,0,60,51,0,0,1,0,0,42,22,0,0,0,676,0,6,0,0,19,0,0,151,0,0,8,0,0,0,0,0,0,0,0,691,0,1,0,0,0,0,0,0,0,0,0,0,0,339,0,5,0,0,0,0,81,0,0,0,40,0,0,0,0,0,0,0,0,128,0,0,20,0,63,0,1,0,0,32,0,0,285,0,0,0,0,0,26,0,0,4,0,0,37,0,0,888,0,0,0,0,0,435,0,0,0,0,21,0,1,0,0,1,41,0,0,0,0,0,7,19,21,0,0,0,1,1,2,0,12,0,0,0,0,0,13,0,1,1,17,0,0,2,0,0,0,0,14,149,0,0,0,695,0,0,0,0,0,0,8,0,0,0,0,0,0,0,534,0,0,0,0,1,57,0,0,0,0,0,1,0,0,0,0,0,0,0,0,10,0,0,0,236,0,143,0,0,0,0,0,0,0,0,0,0,286,24,0,0,47,56,0,0,0,47,0,0,129,0,94,0,0,2018,0,0,0,0,0,0,0,0,0,0,5,4,0,0,0,0,0,1,0,0,52,0,1,0,0,2,7,0,0,1,0,0,0,0,0,4,0,51,68,1,0,0,0,0,14,0,0,0,293,0,543,1,0,0,13,4,0,0,0,0,0,0,0,0,0,58,0
0,0,0,0,0,0,2,0,1164,0,0,0,0,0,2,0,0,0,0,0,0,25,0,0,0,4045,0,0,7,0,0,0,0,33,0,0,0,45,0,0,0,0,0,0,0,474,0,0,0,0,0,0,0,0,0,0,0,0,0,0,0,0,0,0,0,0,0,0,65,125,0,0,0,0,0,0,0,0,4,0,0,0,0,0,20,16,0,0,0,0,0,15,0,0,0,0,0,0,0,0,0,0,0,0,0,0,201,10,0,0,0,0,0,0,0,0,0,1,39,0,0,0,22,0,45,0,0,0,0,0,9,193,0,0,0,0,2,0,0,0,1,0,0,0,0,0,0,0,0,0,17,0,0,0,0,0,0,0,0,0,0,0,0,0,0,0,0,4,0,0,0,1,0,0,0,0,0,0,0,1,0,0,0,0,0,0,0,0,0,0,0,70,1,0,0,0,0,0,0,0,0,0,0,0,0,20,0,0,6,1,0,0,0,0,0,0,0,0,0,0,0,0,0,0,0,0,0,0,0,0,0,0,0,670,0,0,0,0,1,2,0,0,0,0,0,0,1,0,0,0,304,0,0,0,0,0,3,0,0,0,0,0,0,5,0,0,0,0,0,7,0,0,83,0,0,0,0,0,0,1926,0,0,240,0,0,0,1,0,0,1,0,0,0,0,0,0,1,0,0,64,4
0,0,0,0,0,0,0,17,0,33,0,0,0,203,1,0,0,0,0,1,53,0,28,1,0,1362,0,6,27,3,0,0,0,0,0,0,2,0,0,0,27,5,0,49,0,241,0,0,0,0,0,0,0,0,0,0,0,0,0,62,0,0,0,281,0,0,17,0,0,0,13,0,7,8,0,1,0,0,0,56,0,266,0,0,0,0,10,1,11,169,0,0,5,0,0,3,6,0,85,0,0,0,0,0,0,0,3,1,0,0,0,319,0,0,26,0,0,0,0,0,0,0,0,0,0,93,0,0,109,10,0,1,110,0,0,0,0,0,1,0,1,0,0,0,120,0,0,0,0,1,99,23,0,9,12,104,0,0,0,11,0,31,0,5,0,41,0,0,0,23,0,0,0,0,0,1009,0,0,0,0,0,258,16,0,0,0,0,1,0,11,0,0,0,61,0,1,0,0,0,0,11,0,0,1,0,1,68,19,10,3,0,0,88,0,0,0,0,4,76,49,34,52,0,0,30,0,0,0,4,0,25,3,0,78,16,0,1,0,22,3,123,0,0,0,0,0,0,1,0,0,5,0,0,0,2,2,1,0,9,1,0,0,0,0,1,0,0,0,4,29,0,0,73,0,0,0,0,2,6,3093,0,0,342,0,0,1,0,1,8,0,0,0,0,0,34,0,5,0,0,96,0
0,0,0,6,0,0,13,0,50,0,10,3,0,0,18,0,6,0,7,0,0,56,17,0,0,607,0,0,7,6,0,0,0,36,2,2,17,0,0,0,0,0,0,32,0,111,0,0,0,0,15,0,0,0,0,0,0,5,0,0,1,6,0,0,144,0,84,1,0,301,442,0,0,0,225,0,0,0,0,367,0,163,0,3,659,1,0,0,1,45,460,33,0,0,0,0,1,0,50,0,9,0,0,0,0,0,0,0,14,0,1,382,0,0,0,0,0,0,0,0,0,0,0,0,10,194,1,0,27,0,2,0,17,0,0,0,0,0,0,0,0,0,0,0,0,0,0,0,0,0,41,0,0,0,1,172,0,1,1,18,1,18,0,0,0,26,0,0,91,11,0,0,1,10,0,239,0,0,0,0,0,0,24,11,0,0,1,0,229,0,0,25,0,198,0,0,0,0,7,0,0,0,0,0,0,0,0,3,11,1,0,0,78,0,0,0,0,0,403,18,13,0,0,0,26,0,0,0,12,0,0,0,0,67,65,0,1,0,6,32,0,0,37,0,0,0,3,0,0,0,126,0,0,0,0,3,2,0,54,172,0,0,0,0,3,0,0,0,0,0,0,43,44,0,0,0,0,0,0,2717,0,0,38,0,0,0,0,0,81,8,0,0,0,0,0,0,8,54,0,76,0
0,0,0,0,0,0,44,1,0,0,0,0,0,164,0,0,0,0,0,0,0,15,2,7,0,650,0,0,19,1,0,0,0,0,0,0,1,20,0,1,12,0,0,18,0,0,0,1,0,0,0,0,0,0,0,0,1,2,0,36,0,29,1,0,0,0,192,0,0,0,11,0,0,1,0,0,0,0,0,0,0,0,0,0,16,0,0,0,0,1,6,7,3235,5,0,0,0,0,11,0,0,0,0,0,0,0,0,725,0,0,0,0,0,1,0,0,0,0,12,0,0,0,0,1,23,0,0,0,0,0,0,9,0,0,0,0,0,1,0,0,175,0,0,0,0,0,0,0,0,2,0,0,0,2,0,0,0,0,0,24,0,0,0,0,0,0,0,0,0,0,7,2,0,0,0,0,0,0,25,0,0,0,0,0,9,20,0,0,0,0,0,2,1,0,0,20,0,0,0,0,0,0,0,1,983,0,0,0,0,2,0,0,5,0,0,0,40,4,0,0,0,0,0,0,0,0,0,0,0,0,0,0,0,386,0,0,0,0,0,0,0,0,0,0,0,0,0,0,0,0,0,0,0,0,1,0,0,0,0,16,0,0,0,4,0,0,0,0,4,2606,0,0,34,0,0,0,0,0,3,203,0,0,0,0,0,0,0,0,29,0,0,0,0,0,1,0,111,0,0,0,0
0,8,0,0,0,0,32,0,0,0,0,0,0,0,0,0,0,0,0,0,10,55,0,0,0,1378,0,0,0,0,193,0,0,26,0,0,4,1219,0,0,0,0,0,0,0,0,0,0,0,0,0,0,0,0,0,0,0,4,26,427,0,0,0,0,2,0,0,0,0,48,0,0,0,0,0,0,0,0,0,60,0,0,0,0,0,0,0,0,0,5,1,0,0,0,0,0,0,0,43,0,0,148,0,0,0,0,211,3106,0,0,0,0,0,9,0,0,0,0,0,0,0,0,0,1,26,0,0,0,0,0,0,58,0,0,0,0,0,0,5,0,10,0,0,0,0,0,0,0,0,0,40,0,2,0,0,0,40,0,0,54,0,0,0,589,0,0,0,0,0,0,1,0,0,0,0,0,0,0,0,5,0,0,0,51,0,0,0,0,0,0,0,75,0,4,0,0,0,0,1,0,0,0,0,0,0,0,0,0,1,1,0,0,0,0,0,0,0,0,0,0,0,41,0,0,0,13,0,0,1,0,0,0,0,132,0,0,0,0,0,0,0,0,0,0,0,0,2,0,0,0,0,0,0,0,0,0,0,0,0,0,0,0,0,4,0,0,0,0,0,0,0,0,22,0,12,0,0,0,0,1304,0,0,206,0,0,0,0,0,0,7,0,0,0,0,12,0,7,0,0,250,8
0,0,0,0,0,0,0,52,0,25,8,4,1,264,7,0,24,3,0,0,69,30,6,1,0,1,0,0,2,4,230,0,0,8,0,0,14,24,0,0,16,0,0,0,0,1,0,1,0,1,2,0,0,0,127,0,0,1,0,279,0,5,1,0,0,8,11,0,0,0,18,0,0,0,0,0,0,0,0,74,0,139,211,0,27,1,1,0,0,22,0,10,103,0,0,24,0,0,14,0,96,0,0,0,2,0,0,0,0,0,0,120,0,1,4,11,0,81,4,0,25,6,0,0,36,149,0,0,40,13,0,1,0,0,0,0,8,0,0,0,0,0,0,0,1,0,0,0,0,0,83,0,0,69,0,107,0,1,1,10,0,0,0,9,0,0,0,0,55,17,0,0,1,1,0,353,0,0,4,0,0,0,21,0,0,0,0,0,533,0,0,3,1,162,0,0,0,0,0,0,144,0,0,0,0,1,60,0,4,1,0,0,36,34,1,0,1,0,1527,21,0,0,0,0,28,11,0,0,1,4,7,2,0,1,0,0,6,0,0,28,167,0,0,0,0,0,0,3,1,0,154,2,20,1,60,2,1,7,9,6,1,0,0,4,0,0,0,0,0,104,0,37,44,1486,0,0,760,10,25,1022,0,0,90,0,0,0,0,1,11,25,0,0,0,0,97,29,0,0,0,9,0
0,0,0,0,0,0,45,0,0,0,0,0,0,0,91,0,0,0,0,0,0,41,0,15,0,0,0,0,31,0,0,0,0,19,0,0,2,26,0,0,1,0,0,30,0,578,0,0,0,0,0,0,0,0,0,0,0,0,0,671,0,150,0,0,0,0,0,0,14,0,83,0,0,6,0,0,0,0,0,0,0,0,324,0,38,0,1,0,0,1,60,7,320,0,0,193,0,0,0,0,0,24,0,0,0,0,202,574,0,0,0,0,0,0,0,4,0,1,0,1,0,0,90,4,37,0,0,0,0,0,0,69,203,7,0,7,116,1,0,0,1252,0,0,0,0,0,0,0,0,11,0,0,0,0,2,0,0,0,0,38,0,0,0,0,0,0,0,2,0,0,9,0,0,2,0,0,0,0,0,0,0,0,0,0,7,0,0,0,0,8,0,4,2,0,0,0,0,0,0,459,0,0,0,0,0,11,0,0,0,34,0,0,0,0,1,0,253,15,0,0,0,0,0,0,0,0,0,0,4,0,3,0,0,171,0,0,0,0,0,0,0,0,0,0,6,0,0,0,0,0,0,0,0,0,0,10,0,0,0,11,0,0,0,3,0,0,0,0,0,3430,0,18,0,0,3,0,0,0,4,4,0,0,90,0,0,0,0,5,0,16,0,0,0,0,11,0,14,0,0,0,0
0,0,0,0,0,0,0,0,0,0,3,0,0,0,6,32,64,0,8,0,0,33,0,0,0,4049,0,7,0,17,160,0,0,34,0,0,0,0,0,0,0,0,0,0,0,194,0,0,0,0,0,0,4,0,0,0,0,0,0,0,3,0,0,48,0,0,130,0,0,0,0,0,0,0,0,0,7,0,0,0,0,109,0,0,0,6,0,0,0,0,0,0,0,0,0,0,0,0,0,0,0,0,0,0,0,0,0,0,0,0,0,10,0,0,0,0,0,0,0,5,27,0,0,0,0,35,0,0,39,0,0,0,106,0,0,0,0,0,1,0,1,300,82,0,0,0,0,0,0,0,154,11,0,159,4,400,3,0,0,0,0,49,0,0,0,0,0,0,60,16,0,0,0,0,0,383,0,0,0,0,0,0,16,1,0,0,0,39,0,0,0,0,0,273,0,0,0,0,9,0,0,51,0,0,0,0,121,0,27,0,12,0,102,0,0,0,0,0,1332,0,0,0,0,0,0,0,0,0,0,0,0,0,0,0,15,0,0,0,15,38,58,0,1,0,0,0,0,0,0,0,0,0,0,0,0,0,6,0,0,0,0,0,0,0,0,0,0,0,0,3,0,0,379,1,0,0,0,0,0,612,0,0,91,0,0,0,0,0,0,3,0,0,0,0,0,0,3,0,0,39,0
0,0,0,0,0,0,0,0,0,0,14,0,0,0,0,0,34,0,0,0,0,14,11,0,0,2,0,0,89,301,25,54,0,79,0,0,0,0,0,0,0,0,0,0,0,0,0,0,10,0,0,0,0,0,0,0,0,0,0,0,0,0,0,0,0,0,28,0,0,0,81,0,0,0,0,0,0,0,0,0,0,193,0,0,1,51,0,0,0,0,0,0,0,0,0,0,1,18,0,191,26,0,1,0,0,0,0,0,0,0,0,78,0,0,0,0,0,0,0,0,0,0,0,0,0,24,0,1,0,0,0,0,0,0,0,0,0,0,0,0,0,0,0,0,0,0,0,0,0,0,0,0,0,0,0,67,82,0,0,0,15,47,0,0,0,0,0,0,101,95,0,74,0,0,0,1712,0,0,0,0,0,0,57,29,0,0,30,0,0,0,0,0,0,71,0,0,0,0,0,0,7,215,0,0,0,0,337,0,0,25,0,0,54,0,0,0,0,0,1910,0,0,0,0,0,0,0,0,0,0,0,0,0,0,3,141,0,0,0,0,52,102,0,0,0,0,0,0,0,0,0,0,0,0,0,0,0,5,0,0,0,0,0,0,0,0,2,0,0,0,45,0,0,512,0,0,0,0,0,0,2822,0,0,24,0,0,0,0,0,0,4,0,0,0,0,0,0,6,0,0,28,0
0,5,0,0,0,23,0,1,0,0,17,3,14,28,11,0,0,0,15,0,0,55,10,2,0,1109,0,0,1,2,103,0,0,49,0,0,77,33,0,0,0,0,0,107,0,102,0,0,0,0,0,0,0,0,39,0,0,0,0,0,11,0,0,0,0,0,41,0,0,3,24,0,8,21,0,0,9,0,0,81,0,666,0,0,33,0,16,0,0,29,0,2,0,0,0,0,0,0,10,4,0,0,6,0,0,0,0,0,0,0,4,240,0,0,14,0,0,0,0,0,12,0,0,0,167,18,1,0,70,0,0,1,0,0,0,0,0,0,0,0,0,0,0,0,27,0,8,0,66,0,200,0,0,21,0,0,19,0,0,20,6,34,0,0,0,57,7,0,64,23,0,0,0,0,0,473,0,346,1,0,0,0,42,2,8,0,0,0,0,0,0,77,2,52,0,0,0,0,0,0,5,0,0,0,0,3,90,0,19,0,0,0,25,0,0,0,2,0,2044,36,0,0,0,0,0,0,0,0,18,0,138,6,0,20,0,0,6,0,0,28,141,0,0,0,0,0,0,1,0,0,0,1,24,0,9,21,4,0,8,35,0,0,55,2,5,6,0,0,34,273,0,0,104,0,0,0,0,0,6,1440,0,0,405,0,0,0,0,0,4,0,0,0,0,0,9,0,19,0,0,105,0
0,0,0,0,0,0,17,0,0,0,14,0,0,0,35,0,0,0,7,1,104,213,20,0,2,485,0,0,5,0,0,0,0,51,0,0,2,0,0,0,25,0,0,0,0,0,0,11,0,0,0,0,0,0,28,0,0,0,0,123,0,39,0,0,211,3,148,0,0,0,0,56,5,12,0,178,0,0,0,56,3,371,0,18,770,28,0,557,10,31,0,0,0,1,1,0,0,0,47,0,95,0,0,0,0,3,0,0,5,0,0,77,0,0,0,0,0,0,0,8,21,0,4,0,2,359,0,0,117,150,9,0,0,0,0,0,0,3,0,0,0,0,105,0,1,0,0,0,0,0,32,0,0,10,1,98,0,0,1,0,0,0,10,0,0,0,0,0,132,0,0,0,1,0,0,153,0,0,0,0,0,172,0,1,0,0,0,0,527,0,0,0,11,376,1,0,0,0,0,0,4,83,0,1,0,3,320,55,0,5,0,0,536,0,0,0,0,0,435,43,0,40,0,1,41,97,0,0,3,11,5,6,0,1,0,0,0,0,10,37,55,0,0,0,0,0,0,0,2,27,15,0,0,1,0,0,57,0,16,4,0,0,1,8,0,0,0,0,176,68,0,10,70,12,0,0,0,0,4,1183,0,0,30,0,0,19,0,0,23,35,220,1,0,0,19,0,3,0,0,0,35
0,0,0,0,0,0,1,0,0,0,0,0,0,0,9,0,1,0,0,0,0,33,0,66,0,1,1,0,123,145,155,0,0,60,0,0,0,32,0,0,0,3,0,0,0,0,162,1,0,0,4,0,1,0,30,0,0,0,0,221,1,0,0,2,0,0,7,0,0,0,38,0,0,0,0,0,0,0,0,100,0,11,248,0,0,2,0,0,0,277,0,537,0,33,0,0,0,0,0,0,0,0,0,13,0,0,0,307,0,0,0,0,0,0,2,0,0,0,85,0,0,0,0,12,319,0,0,0,0,0,0,0,0,11,5,0,8,0,0,0,8,0,0,0,0,0,3,0,3,0,2,0,0,1,1,0,0,0,18,198,0,5,0,3,0,0,0,0,0,2,6,0,0,0,0,0,3,142,101,0,0,0,0,0,13,0,0,0,0,0,0,150,0,0,1,0,0,4,0,1,0,6,0,1,0,9,9,0,0,328,0,0,0,0,4,0,0,34,682,0,136,1,0,5,0,0,0,0,0,0,90,0,0,274,0,0,3,0,0,65,0,0,0,0,1,9,0,2,0,0,0,1,13,1,9,0,2,7,1,0,0,0,6,0,0,0,0,0,12,17,0,27,506,0,0,0,0,0,5,3753,0,0,108,0,0,0,0,0,29,40,0,0,0,0,0,0,0,0,0,78,0
0,0,0,0,0,0,0,11,3,0,3,4,0,690,30,0,23,1,0,0,36,76,9,5,0,512,0,0,8,0,314,0,0,216,7,31,0,199,0,0,0,2,197,52,0,247,0,0,6,0,0,0,0,0,0,0,0,0,0,4,3,1,1,0,5,0,196,0,16,47,24,0,0,7,0,0,0,0,0,82,0,48,0,0,54,0,39,0,0,35,1,6,0,0,0,0,0,0,128,1,30,0,0,44,7,0,1,0,0,0,18,5,0,2,15,0,0,0,0,0,28,1,0,0,372,117,0,0,16,19,0,1,2,0,0,2,0,0,0,0,0,0,55,0,9,0,0,0,0,23,85,0,0,0,1,0,0,1,1,49,0,17,10,0,0,63,0,0,64,57,0,1,0,16,0,409,0,0,1,0,21,0,21,0,0,0,1,0,132,0,0,13,5,63,0,1,8,0,0,0,11,131,1,1,1,4,244,0,0,0,0,0,105,0,1,0,5,1,1184,8,0,0,0,0,26,0,0,0,32,0,19,0,0,15,0,0,1,0,0,77,184,189,6,13,0,0,0,0,1,12,55,3,27,0,0,172,0,8,9,330,0,19,0,0,0,0,0,32,0,21,0,188,253,0,0,0,0,0,3,898,0,0,389,0,0,0,0,0,26,39,0,0,0,0,28,10,0,11,0,25,0
0,0,0,0,11,0,0,0,1,0,0,0,0,0,0,2,0,0,0,0,105,11,5,0,0,884,3,0,78,0,2968,0,0,65,0,0,6,197,8,0,0,0,0,107,0,272,0,0,0,0,0,0,2,0,0,0,0,0,0,0,0,8,0,0,36,0,80,0,0,0,27,0,0,24,0,0,0,0,0,0,3,0,123,0,45,0,756,0,0,3,1,0,173,0,0,0,0,0,40,0,0,0,0,31,0,1,0,368,0,0,0,28,0,81,0,0,0,0,92,0,6,0,0,0,58,0,0,0,0,0,7,43,0,2,0,0,0,0,0,0,0,0,0,0,0,0,0,0,0,0,11,194,0,0,0,0,0,0,0,50,0,0,0,0,0,0,0,0,0,0,0,0,0,0,0,0,0,35,230,0,0,0,3,0,0,0,0,0,142,0,0,122,4,0,0,0,0,4,0,0,0,0,0,20,38,0,0,0,0,17,0,0,0,0,27,0,192,30,0,0,150,0,124,0,0,0,0,0,0,0,256,0,0,0,0,0,1,0,0,0,0,10,0,0,0,0,0,0,0,1,6,1,53,0,0,0,0,0,2,350,1,0,0,0,22,0,0,3,0,51,0,73,92,5,0,0,0,0,2,817,0,0,0,0,0,0,0,0,10,12,0,0,0,0,16,45,0,0,0,14,0
0,1,0,0,0,1,18,0,0,0,0,0,1,0,212,0,0,0,2,3,1,74,0,0,3,2003,0,0,0,19,565,0,0,74,0,0,17,0,1,0,0,0,0,0,0,13,0,1,1,0,0,0,0,2,0,0,0,0,0,0,1,0,0,0,0,1,50,0,4,0,2,0,0,0,31,0,0,0,0,1,0,1,2,0,5,4,0,0,0,0,0,0,0,38,0,0,2,0,35,0,0,0,0,2,1,0,0,1208,0,0,0,0,0,0,0,0,0,0,63,0,0,0,0,1,0,0,0,0,0,0,0,1,0,0,0,0,0,0,0,0,0,0,0,0,0,0,0,0,1,0,0,0,0,0,0,0,0,1,0,23,0,0,11,0,0,0,9,0,0,4,0,0,0,0,0,0,0,1,0,0,0,0,0,0,1,0,0,0,0,0,0,0,0,0,0,0,0,0,0,0,0,0,0,3,0,0,0,0,0,0,0,0,0,0,0,0,2,5,1,0,0,0,0,0,0,0,0,0,36,0,0,1,0,3038,0,0,0,0,0,0,0,0,21,0,0,0,301,0,0,0,0,0,0,0,1,0,0,0,0,210,0,0,0,0,1,0,0,0,4,1489,0,0,0,16,0,0,0,0,0,0,1,0,227,0,0,0,1,0,1,0,0,0,1,0,0,0,128,0,0,0,0
0,0,0,0,0,0,1,1,0,0,0,0,1,0,121,0,0,0,0,0,0,4,0,0,0,767,0,0,9,0,0,0,0,68,0,0,4,1,0,0,0,0,0,0,0,0,0,0,0,0,2,0,0,0,0,1,1,0,0,0,0,0,0,0,0,0,179,0,6,95,0,0,0,0,0,0,0,1,126,16,0,0,446,0,0,14,224,0,0,24,0,24,2,0,0,0,5,0,0,0,0,0,0,0,0,0,0,3823,0,0,0,0,0,33,0,2,0,0,121,0,0,0,0,13,16,0,0,11,0,0,0,0,0,5,9,0,508,0,1,0,738,0,0,0,0,0,14,0,0,0,1,0,0,5,0,0,21,22,0,0,0,0,0,0,0,0,0,0,0,0,0,0,1,2,0,0,0,4,0,0,0,0,29,0,1,0,0,0,0,0,3,9,0,0,0,0,0,0,0,0,0,0,0,27,0,0,0,0,3,0,0,0,0,0,1,1,128,1,44,0,0,23,0,0,0,0,0,0,2,0,0,0,0,0,0,0,0,0,0,0,0,0,0,0,92,0,1,0,0,0,0,3,0,0,0,2,0,0,0,0,1,0,0,34,0,0,0,0,0,787,0,0,114,0,1,0,0,0,0,1061,0,0,5,0,0,0,0,0,0,0,0,0,0,0,0,0,131,0,0,11,0
0,0,0,0,0,0,0,9,0,1,0,0,0,94,1,0,0,0,0,0,12,73,0,0,0,1916,0,0,4,0,68,0,0,21,0,0,7,88,0,0,0,0,91,49,0,49,0,0,0,0,0,0,1,0,24,0,0,0,0,32,0,4,0,0,12,0,928,1,0,0,18,0,0,12,0,0,0,0,0,47,4,0,62,0,12,0,208,0,0,86,50,17,1,0,12,0,0,0,12,0,0,0,0,0,8,0,116,381,0,0,0,1,0,37,0,0,0,0,90,1,0,0,0,0,60,118,0,0,0,75,42,3,1,1,0,0,5,1,0,0,1,0,0,0,0,0,29,0,0,0,9,5,0,12,0,0,0,0,1,49,0,0,0,1,0,1,0,0,0,0,13,0,1,0,0,0,0,90,336,1,0,0,0,0,0,0,0,0,0,1,0,83,1,0,0,0,9,0,0,0,0,0,0,83,0,20,0,0,1,0,0,0,0,2,71,0,40,36,172,2,1,0,0,0,0,0,0,0,10,0,94,0,0,1806,0,0,0,0,0,0,0,8,0,0,0,0,0,4,1,0,14,31,4,0,14,2,0,0,0,76,1,0,2,18,1,0,0,0,0,91,0,37,26,0,0,0,0,0,27,1080,0,0,216,0,0,0,0,0,22,55,0,0,0,0,4,0,3,2,0,319,0
0,0,0,0,0,0,0,0,0,0,0,0,0,1,458,0,24,0,0,0,0,14,6,0,0,2751,0,0,0,53,1,0,0,44,0,0,0,0,0,0,0,0,0,0,0,859,0,0,6,0,0,0,0,0,0,0,0,0,0,60,5,0,0,0,0,0,53,0,0,47,6,0,0,3,0,0,0,0,0,35,0,114,342,0,0,34,0,0,4,11,0,81,45,0,0,0,0,1,67,0,14,0,0,0,0,0,0,1,0,0,0,63,11,1,0,34,0,0,7,0,11,0,0,0,102,18,0,0,0,0,0,0,0,0,0,0,0,0,0,0,0,0,0,0,0,0,0,0,0,0,50,2,0,0,1,47,0,0,1,0,0,0,0,0,0,0,0,0,49,0,0,0,1,0,0,381,0,0,4,0,0,0,24,0,0,0,2,0,0,0,0,2,0,317,0,0,0,0,0,0,279,0,0,1,0,0,446,0,4,0,0,0,34,0,1,0,3,0,1938,0,10,0,0,0,44,11,0,0,1,0,1,0,0,1,0,0,2,0,0,13,125,0,0,0,4,11,0,0,0,0,0,0,0,1,0,74,12,0,0,0,0,0,0,6,0,0,0,0,0,95,0,0,72,0,0,0,3,0,0,2,0,0,484,0,0,0,0,0,0,3,0,0,0,3,0,8,13,0,0,34,0
0,14,0,0,0,0,0,16,1,0,0,0,0,0,2,0,0,0,0,0,0,387,0,0,0,281,0,0,0,0,0,0,0,0,0,0,0,551,0,0,0,0,0,0,0,0,0,0,0,0,0,0,0,0,0,0,0,0,0,451,0,0,0,0,0,0,406,0,0,89,81,0,0,0,0,0,0,6,0,100,0,0,0,0,0,2,47,0,0,115,0,10,1,0,0,0,0,0,9,0,0,0,0,0,0,0,357,374,0,698,0,0,0,0,0,1,0,2,0,0,0,0,0,3,0,0,0,0,0,0,0,2,0,0,0,0,0,0,0,0,1,0,0,0,0,0,0,0,0,0,0,4,1,0,1,0,0,0,0,34,0,0,0,302,0,0,0,0,0,0,0,0,0,0,0,0,0,148,0,0,0,0,0,0,0,0,0,0,0,0,0,0,0,0,0,0,0,0,0,0,0,0,0,0,0,50,0,0,0,0,0,0,0,0,56,0,130,583,224,0,97,0,0,0,0,1,0,0,106,0,0,0,0,235,0,0,0,0,0,0,0,0,0,0,3,423,0,0,0,0,0,0,102,0,0,4,1,0,0,0,0,0,0,0,0,0,0,0,0,3,0,0,0,1,0,0,0,0,6,2022,0,0,1264,0,0,0,0,0,0,0,0,0,0,0,1,0,0,0,0,189,2
0,4,0,0,0,0,4,0,0,0,0,0,6,0,74,0,0,0,0,0,0,6,0,0,0,3368,0,0,9,16,0,0,1,0,0,0,12,0,4,1,0,0,0,0,0,36,0,0,0,0,0,0,0,0,0,0,1,0,0,1,0,0,0,3,0,0,133,0,0,0,9,0,0,0,0,0,0,0,0,1,0,0,524,0,12,3,0,0,0,25,0,1,57,0,0,17,0,0,19,0,0,77,0,0,0,0,0,139,0,0,0,0,0,0,0,0,76,0,37,0,0,0,0,61,65,0,0,0,0,0,0,119,0,0,0,0,1157,3,5,0,47,0,0,0,0,0,0,0,0,0,6,0,0,0,0,0,0,0,0,27,0,0,0,0,0,0,0,0,0,0,0,0,0,0,0,0,0,11,0,0,0,0,0,0,0,0,0,0,0,0,0,0,1,0,0,26,0,0,0,0,0,0,0,0,0,0,0,0,4,7,0,0,0,0,0,0,0,0,0,0,0,0,0,0,0,0,0,0,54,0,25,0,0,158,37,0,0,0,0,11,0,0,0,0,6,0,0,0,0,0,2,0,0,0,5,2,0,0,0,5,0,0,0,0,1,0,0,0,0,128,0,0,1229,0,19,0,0,0,0,2005,0,0,0,0,0,85,0,0,0,0,0,0,0,0,11,0,5,0,0,0,0
34,0,0,0,0,0,0,0,0,0,21,0,0,0,6,56,20,0,0,0,0,101,11,1,0,127,0,0,7,217,0,0,86,0,0,0,72,325,0,0,0,0,0,0,0,0,0,0,2,0,0,0,2,0,0,0,0,0,0,0,61,0,4,247,0,0,0,0,0,0,0,0,11,0,0,0,3,0,0,0,0,0,231,15,0,0,0,0,6,241,0,9,26,0,0,11,0,0,0,0,0,14,0,0,0,0,0,799,0,0,0,0,1,86,50,0,0,0,210,1,0,0,0,10,0,0,0,0,0,0,0,681,0,0,0,0,1,0,0,0,22,0,0,0,0,0,21,0,6,0,53,0,0,80,0,0,0,0,0,0,12,0,0,0,0,0,0,0,0,0,0,0,0,0,63,0,0,0,0,0,0,0,0,0,0,0,0,0,0,0,0,531,2,2,0,0,8,0,0,0,0,0,0,0,0,231,1,0,1,10,0,0,0,0,0,0,0,0,0,0,0,94,0,0,0,0,0,0,0,0,0,0,0,100,0,0,0,13,0,3,0,0,0,0,2,1,0,1,0,0,0,0,0,1,11,8,5,0,0,6,0,0,0,2,0,0,0,0,0,30,0,0,263,0,1,0,0,0,0,4371,0,0,92,0,0,0,0,4,0,0,0,0,0,0,0,0,1,0,0,143,0
0,0,0,0,0,15,1,0,0,29,11,18,1,267,41,0,22,4,13,31,0,200,19,0,0,2060,0,0,48,11,0,0,7,8,66,2,22,325,0,3,127,0,0,0,0,181,59,0,0,9,1,0,0,0,0,1,5,0,0,17,3,95,9,127,0,0,0,0,5,0,32,0,0,0,1,0,1,0,0,109,13,41,21,5,724,0,159,0,7,33,0,41,39,0,0,0,0,1,61,28,13,0,0,152,0,0,0,0,0,0,1,16,0,0,7,0,1,0,1,0,11,0,0,0,238,85,1,1,69,0,0,1,24,1,0,0,0,0,1,5,0,0,0,0,0,43,0,0,15,0,79,16,0,0,0,90,0,1,0,6,0,9,0,0,33,49,11,0,0,279,0,0,1,19,0,0,0,240,18,0,0,106,74,0,24,33,0,0,0,0,0,8,13,0,1,0,18,0,0,1,0,109,0,0,0,1,226,0,0,2,0,0,122,0,33,0,0,0,1035,48,2,0,0,0,22,0,0,0,25,43,266,0,0,0,0,0,1,0,9,8,52,0,0,0,0,0,5,6,0,0,0,7,17,1,13,58,0,0,96,0,4,0,5,7,1,1,0,0,0,16,49,77,8,0,0,0,0,0,33,209,0,26,115,0,0,0,0,35,22,52,0,0,0,1,0,0,0,0,0,151,0
0,1,0,0,0,1,1,16,0,0,0,0,0,0,0,2,53,0,0,0,21,39,0,2,0,549,1,0,46,0,351,0,0,117,0,0,0,174,1,0,0,0,0,0,0,147,0,0,0,0,0,0,0,0,0,0,0,0,0,105,0,0,1,0,2,0,61,0,0,36,0,0,0,8,0,0,0,0,0,62,0,9,0,0,0,3,0,0,0,65,0,81,209,0,0,0,0,0,46,1,0,0,0,0,0,0,0,1279,0,0,1,0,0,286,0,1,0,0,306,0,0,0,0,1,464,0,0,0,0,0,0,279,0,1,0,0,387,0,0,0,588,0,0,0,0,0,14,0,1,26,5,36,2,0,0,0,0,0,0,82,0,0,0,0,0,0,0,0,1,0,5,0,0,0,0,0,0,6,144,0,0,0,3,0,0,0,0,0,0,0,0,65,3,1,0,0,0,0,0,0,0,0,1,76,0,30,0,0,1,1,0,0,0,0,6,0,258,0,29,3,18,0,0,0,1,0,0,0,0,0,39,0,0,163,0,0,5,0,0,25,0,0,0,0,0,22,0,57,0,0,0,2,0,0,47,0,10,0,0,0,2,0,0,10,0,0,0,0,0,0,5,66,83,1,0,0,0,0,26,2366,0,0,322,0,0,0,0,0,21,0,0,0,0,0,0,48,8,0,0,55,0
0,0,0,0,0,0,5,1,1,0,0,0,0,166,12,0,0,0,12,16,63,62,13,0,0,1097,0,0,19,2,17,0,0,91,0,0,12,41,0,0,0,0,0,41,0,950,0,0,30,0,0,0,0,0,0,0,0,0,0,72,6,6,0,0,0,0,157,0,5,17,0,0,0,13,0,0,0,0,0,127,0,180,44,0,28,0,1,0,0,22,0,0,0,0,0,0,0,0,16,0,109,0,0,0,0,2,2,94,0,0,0,36,0,0,15,0,0,0,0,0,0,0,0,0,84,0,0,0,0,0,2,1,0,0,0,0,0,0,0,0,0,0,115,0,0,0,0,0,0,0,88,0,0,0,1,52,90,0,0,0,2,0,0,1,0,0,0,0,0,0,0,0,0,0,0,471,0,0,124,23,0,0,24,0,0,0,0,0,0,0,0,11,4,73,0,0,0,0,0,0,3,0,0,0,0,1,212,0,21,1,0,0,130,0,0,0,6,0,1592,12,21,0,0,0,0,0,0,0,0,0,29,0,0,3,0,0,0,0,0,0,54,0,0,0,0,0,6,0,0,0,55,0,6,0,0,0,0,0,4,0,0,0,0,0,0,0,0,0,0,1132,0,5,75,0,0,0,0,0,3,1290,0,0,400,0,0,0,0,0,43,0,0,0,0,0,13,0,42,0,0,76,0
40,0,0,1,0,0,11,0,0,4,0,0,0,0,0,0,0,0,7,0,0,19,0,0,0,3288,0,0,123,9,0,0,0,68,0,0,15,9,0,0,0,0,0,11,0,72,0,0,0,0,0,0,0,0,0,1,1,0,0,1,3,0,0,0,0,0,0,4,152,0,4,0,4,0,0,0,1,0,0,0,0,125,15,0,0,0,94,0,0,32,0,0,13,0,0,0,0,0,67,96,25,0,0,0,0,2,0,0,0,0,0,251,0,0,0,0,0,0,0,16,24,0,0,0,69,40,1,0,47,0,0,0,0,0,0,0,0,0,0,0,0,0,46,31,1,1,0,0,0,0,0,0,0,0,1,176,49,0,0,0,5,0,8,0,0,0,0,1,0,14,0,0,0,19,1,142,0,0,0,0,0,326,0,0,0,0,1,0,0,0,0,0,47,145,0,0,0,0,0,0,33,49,0,0,0,1,0,0,24,5,0,0,11,0,1,0,0,0,1534,10,5,0,0,0,53,0,0,0,0,0,0,0,0,0,0,0,0,207,0,0,212,0,0,0,0,0,2,6,0,0,0,0,0,0,0,5,0,0,0,5,0,0,0,2,0,0,0,0,0,13,0,29,631,0,0,0,0,0,0,860,0,0,166,0,0,0,0,0,0,2,0,0,0,0,245,0,37,0,0,78,0
0,0,0,0,0,0,0,44,0,0,27,4,0,1,1,1,0,0,0,0,57,76,6,6,0,2376,0,0,8,1,0,0,0,27,0,0,10,0,0,0,0,0,0,0,0,101,0,0,1,0,0,0,0,0,0,0,0,0,0,240,11,0,2,39,180,0,72,0,0,0,0,0,5,10,0,0,1,0,0,163,0,202,0,0,32,0,2,0,2,83,403,0,1,0,0,0,2,0,51,0,15,2,0,16,0,0,0,687,0,0,0,12,0,42,3,0,0,0,170,0,0,0,0,20,22,0,0,0,0,0,0,74,0,2,0,0,5,0,0,0,1,0,0,0,0,0,0,12,0,0,19,0,0,0,0,0,0,0,6,0,0,0,0,0,0,1,0,0,0,24,0,0,30,0,0,0,0,0,0,0,0,0,0,0,23,0,0,0,0,0,0,62,1,0,0,0,0,0,0,0,0,0,0,0,0,13,0,0,1,3,0,0,0,0,21,12,125,14,33,0,0,0,0,0,0,17,0,0,54,0,0,0,0,273,0,0,0,0,0,0,0,15,0,0,2,0,0,0,0,0,239,0,0,0,0,2,1,0,0,0,0,0,0,4,0,0,0,0,0,31,0,0,42,0,0,0,0,0,0,3061,0,0,138,0,0,0,0,0,0,0,0,119,0,0,5,0,3,0,0,278,0
0,0,0,0,0,0,0,9,0,0,0,0,0,86,1545,0,0,0,0,0,0,27,0,0,0,3352,0,0,16,0,0,0,0,51,0,0,34,0,0,0,0,0,0,17,0,4,0,0,0,0,0,0,0,0,0,0,0,0,15,0,0,0,0,0,26,0,55,0,0,0,0,0,0,3,0,0,0,0,0,0,0,14,0,0,0,0,44,0,0,0,0,8,263,0,0,258,0,0,3,0,0,0,0,0,2,0,108,1824,0,0,0,0,0,23,1,0,0,0,141,0,0,0,0,1,94,0,0,15,0,0,13,9,0,5,0,0,687,0,0,0,55,0,0,0,0,0,0,0,0,1,1,0,0,21,2,0,0,0,12,9,0,0,0,4,0,0,0,0,0,0,0,0,0,0,0,0,0,0,0,0,2,0,0,0,0,0,0,0,0,0,0,1,2,0,0,0,0,0,0,0,0,0,0,0,0,2,0,0,0,3,0,0,0,0,0,0,11,0,113,0,0,0,0,0,0,111,0,0,33,0,19,0,0,99,0,0,0,0,0,0,0,9,0,31,0,0,0,0,0,0,0,0,0,0,0,0,0,0,0,0,2,0,0,0,0,0,0,0,0,0,0,0,126,0,0,0,0,0,0,378,0,0,109,0,0,0,0,0,0,0,0,0,0,0,69,0,2,0,0,22,0
0,0,0,0,0,1,0,0,0,1,0,2,0,831,0,0,0,1,0,0,23,25,0,0,0,1680,0,0,19,0,3,0,0,39,0,0,0,2,0,0,0,0,0,29,0,741,0,0,0,0,0,0,0,1,0,1,0,0,0,37,0,5,0,0,212,0,115,0,0,3,18,0,0,19,0,0,0,0,0,140,0,0,1,0,953,0,176,0,0,38,0,0,0,0,0,0,0,0,2,0,0,0,0,39,2,3,101,9,0,37,0,0,0,61,0,0,0,0,3,0,0,0,0,1,56,10,0,0,0,0,3,258,0,0,0,0,0,0,0,0,35,0,0,0,158,0,17,2,0,0,8,4,0,8,0,0,0,0,345,10,0,0,0,0,0,0,0,0,0,0,1,0,0,0,0,0,0,12,14,8,9,0,0,0,25,0,0,0,0,16,0,0,0,0,3,0,0,1,0,0,102,0,0,0,0,51,0,0,0,0,0,1,13,12,0,0,50,46,0,35,13,6,0,0,0,0,0,0,79,19,397,0,0,170,0,0,2,0,0,0,0,0,0,0,0,0,0,0,0,13,0,0,12,0,1,19,0,0,0,0,2,0,0,2,0,0,0,0,1,8,0,55,98,0,0,0,0,0,1,2275,0,0,66,0,0,0,0,0,4,56,0,0,0,0,15,0,0,0,0,1,0
0,0,0,0,0,0,34,0,0,0,0,0,0,0,0,0,141,0,0,0,0,0,0,310,0,0,0,0,225,16,0,0,0,0,0,0,0,0,0,0,0,0,0,0,0,0,0,0,0,0,0,0,0,0,0,0,0,0,0,0,0,0,0,0,0,0,0,0,0,0,0,0,0,0,0,0,0,0,0,0,0,0,0,0,0,0,0,0,0,0,0,0,0,0,0,0,0,0,0,0,0,70,0,0,0,0,0,0,0,0,0,0,0,0,0,54,0,0,0,0,0,0,0,10,0,0,0,0,0,0,0,0,0,24,0,203,2049,0,415,0,157,0,0,0,0,0,0,0,0,0,0,0,0,0,0,0,0,0,0,0,0,0,0,0,0,0,0,0,0,0,11,0,0,0,0,0,0,0,0,0,0,0,0,0,0,0,0,0,0,89,0,0,0,0,0,0,444,0,0,0,0,0,0,0,0,111,0,0,0,875,0,0,0,0,0,0,0,0,0,0,0,0,0,0,0,0,0,0,0,0,0,0,0,0,0,0,0,0,0,0,0,0,0,0,31,96,0,0,0,0,0,0,0,0,0,619,0,0,0,0,0,0,0,22,0,0,0,0,0,0,0,0,1803,0,0,0,0,0,0,0,0,0,0,0,0,2169,0,5,0,0,0,0,0,0,0,0,18,0,0,0,0
0,0,0,1,0,0,0,0,0,0,0,0,1,0,5,0,0,0,0,0,0,0,0,2,0,3812,0,0,48,6,0,0,0,0,0,0,0,0,0,0,0,0,0,0,0,42,0,0,0,0,0,0,0,0,0,0,0,0,0,0,0,0,0,0,0,0,22,0,0,0,0,0,0,0,0,0,0,0,0,0,0,0,0,0,0,4,4,0,0,0,0,0,11,0,0,0,0,0,14,0,0,1,0,0,0,0,0,0,0,0,0,0,0,700,0,0,0,0,0,0,0,0,9,4,0,0,0,0,0,0,0,0,0,0,0,0,0,0,0,0,11,0,0,0,0,0,0,0,0,20,0,0,40,0,0,0,0,0,0,0,0,0,0,0,0,0,0,0,0,0,0,0,1,0,0,0,0,0,0,0,0,0,0,0,0,0,0,0,0,0,0,181,2,0,0,0,0,0,0,0,0,0,0,0,0,0,0,0,1,0,0,0,0,0,0,0,0,0,222,0,0,0,0,0,0,0,0,0,0,0,0,0,0,0,0,0,0,0,0,13,0,0,0,0,6,186,2,0,0,0,0,0,0,0,0,1,1,0,0,0,0,0,0,9,0,0,0,0,0,7,0,0,491,0,0,0,0,0,0,3926,0,0,173,3,0,0,0,0,0,0,0,0,0,0,0,0,16,0,0,0,0
0,0,0,0,6,0,0,0,0,0,0,0,0,0,0,0,13,0,0,0,0,26,0,3,0,2667,0,0,12,11,97,0,0,0,0,0,0,0,0,0,0,0,0,0,0,0,0,0,0,0,0,0,0,0,0,0,0,0,0,0,14,0,0,9,0,0,16,0,0,4,0,0,0,0,0,0,6,0,0,1,0,181,0,0,0,3,0,0,0,0,0,0,0,0,0,0,1,0,0,0,0,0,0,0,0,0,0,0,0,0,0,0,1,0,8,0,0,0,0,0,0,0,0,0,0,8,1,0,50,0,0,0,0,0,0,0,0,0,0,0,0,0,0,0,0,0,0,0,0,0,21,0,0,24,0,0,54,0,0,0,0,57,0,0,0,0,0,0,106,10,0,0,0,0,0,169,0,0,0,0,0,155,38,2,0,0,3,1,0,0,1197,17,0,68,0,0,0,0,37,0,0,65,0,0,0,0,116,14,5,9,3,1,32,0,0,0,0,0,2090,0,0,0,0,0,0,0,0,0,0,0,0,0,0,4,0,0,4,0,0,15,0,0,0,0,1,1,247,0,0,0,0,0,0,0,0,0,7,0,6,0,0,0,0,12,1,0,0,0,0,59,0,0,222,0,0,0,0,0,0,1839,0,0,15,0,0,0,0,0,38,0,0,0,0,0,0,0,4,0,0,97,0
0,0,0,0,0,0,2,2,0,0,0,1,0,123,0,0,0,0,0,0,3,40,0,1,1,237,0,0,2,0,0,16,0,146,0,0,30,21,0,0,0,0,0,0,0,432,0,0,0,0,0,0,0,0,0,0,0,0,0,59,0,1,0,0,23,1,109,0,6,177,7,0,1,4,0,0,0,0,0,19,0,1,0,0,39,0,0,0,0,14,188,0,20,0,0,0,0,0,21,0,0,0,0,0,0,0,1,0,0,3,1,0,0,1,6,18,0,0,29,0,4,43,0,0,0,64,0,2,131,90,8,1,0,0,0,0,0,0,0,0,1,0,60,0,1,0,0,30,0,0,85,3,0,2,0,51,0,0,0,40,0,0,9,1,0,130,0,0,0,0,0,0,0,2,0,265,0,0,30,47,0,297,54,0,0,0,0,0,0,0,0,3,2,106,1,0,0,0,0,0,2,84,0,0,0,2,122,0,0,0,0,0,169,0,0,0,11,1,543,13,0,0,0,0,65,0,0,0,0,0,0,0,0,8,0,21,9,0,0,390,96,0,0,0,0,0,0,0,0,0,6,4,0,0,0,0,7,2,18,34,5,0,0,6,0,0,0,0,0,912,386,69,1173,0,2,0,1,0,6,1749,1,0,605,0,0,0,0,1,4,0,0,0,0,0,9,0,0,0,0,101,0
0,0,0,0,0,0,0,53,0,5,0,0,0,178,0,0,0,0,0,0,0,0,0,1,0,443,0,0,0,10,0,0,0,231,0,0,142,394,0,0,0,9,0,0,0,60,0,0,0,0,7,0,0,0,245,2,0,0,0,159,10,21,0,0,0,0,42,0,5,0,29,0,0,0,0,146,0,0,1,0,0,0,0,0,737,1,0,0,0,90,0,64,0,0,0,0,0,0,0,0,0,0,0,0,23,0,238,0,0,0,0,0,0,1056,3,0,0,0,152,0,0,0,0,0,419,7,0,0,0,0,138,16,0,0,0,1,193,0,0,0,6,0,0,0,0,0,0,9,0,0,0,0,0,0,1,0,0,0,0,33,0,0,0,0,0,0,3,0,0,0,0,0,0,0,4,0,0,0,0,0,0,0,0,0,0,0,0,0,0,0,0,272,0,0,30,0,0,0,0,0,0,0,0,0,0,9,4,0,0,0,0,0,7,0,54,0,118,67,15,0,0,0,0,0,0,0,0,0,256,5,640,0,0,0,0,1,0,0,0,0,0,0,0,0,0,0,16,0,0,0,0,0,0,0,0,58,0,0,88,0,0,0,0,4,0,0,0,0,0,95,0,45,96,0,0,0,0,0,8,2057,0,0,641,0,0,0,0,0,0,0,0,0,0,0,0,0,0,0,0,28,0
0,4,0,0,0,0,1,34,0,0,8,0,0,216,12,0,0,1,0,0,8,60,0,0,0,2850,0,0,34,14,11,0,0,10,7,0,8,77,0,0,0,0,0,15,0,12,0,0,0,0,1,0,0,0,3,6,0,0,0,222,16,12,0,163,29,0,195,0,0,0,7,35,0,9,0,0,0,0,0,22,2,116,4,0,5,0,102,0,0,42,0,0,0,0,0,0,0,0,10,35,17,0,0,154,0,19,0,0,0,0,0,37,0,1,18,0,1,0,0,0,30,24,0,0,2,47,0,0,47,199,0,0,0,0,11,0,0,0,1,0,0,0,51,0,1,0,0,0,59,0,114,1,0,48,1,229,0,0,0,1,14,38,12,0,0,63,0,0,81,21,0,0,0,0,18,330,0,0,2,0,0,208,23,3,2,0,11,0,669,0,0,24,7,0,18,0,0,0,65,1,424,0,0,0,0,0,371,0,0,0,0,0,137,0,1,0,3,2,84,13,1,0,33,0,45,0,0,0,1,0,2,7,30,4,0,37,6,0,0,23,199,0,0,0,0,0,0,0,0,0,0,82,1,0,0,85,20,0,11,169,2,0,5,44,2,0,0,66,0,82,0,3,14,3,0,0,38,0,1,724,0,0,16,0,0,0,0,0,0,10,0,1,0,3,0,0,11,0,0,46,0
0,0,0,0,0,0,1,9,0,22,1,3,0,58,4,0,0,0,0,0,22,8,17,2,0,2400,0,0,116,9,48,0,0,333,0,0,179,150,0,0,0,0,0,27,0,12,0,0,3,0,0,0,0,0,2,0,0,0,0,3,0,8,0,0,0,0,0,0,0,0,0,50,5,0,0,428,0,0,0,10,0,138,183,0,19,0,1118,0,0,9,0,11,37,0,0,0,0,0,70,5,0,0,0,0,0,0,0,5,0,0,0,156,0,0,25,0,0,0,51,0,0,0,0,0,16,0,0,0,0,0,1,2,0,0,0,0,0,0,0,0,0,0,43,0,7,0,0,14,0,0,28,0,0,0,1,0,2,0,0,0,7,0,0,142,0,37,0,0,0,5,0,0,0,0,0,0,0,0,0,0,0,0,16,0,0,0,1,0,471,0,0,50,8,32,0,0,0,0,0,0,1,0,0,0,0,0,62,0,5,2,0,0,340,0,3,0,8,0,1661,16,65,0,0,0,0,0,0,0,9,0,16,6,0,2,0,0,0,325,0,69,49,0,0,0,0,0,2,1,0,0,0,3,15,0,10,0,0,2,4,4,0,0,0,0,3,0,0,0,0,94,0,28,86,0,0,0,0,0,10,203,0,0,213,0,0,0,0,0,0,1,0,0,0,0,0,0,1,0,0,43,0
33,5,0,0,0,1,1,0,0,0,0,0,1,0,38,0,0,0,0,0,0,22,0,0,0,3881,0,0,34,16,0,0,0,75,0,0,0,0,0,0,0,0,0,0,0,0,0,0,0,0,0,0,0,4,0,0,0,0,0,0,0,0,0,1,0,0,40,0,0,0,0,0,0,0,0,0,0,0,0,35,0,1,660,0,0,2,0,0,0,17,0,5,279,0,0,0,0,0,0,0,0,0,36,3,5,0,0,417,0,0,0,0,0,0,2,1,0,1,0,0,0,0,0,0,2011,0,0,0,0,0,0,0,0,0,0,0,66,0,0,0,8,0,0,0,290,0,2,0,0,0,0,0,0,1,1,0,0,0,0,0,0,0,0,0,0,0,0,0,0,0,18,0,0,0,0,0,2,0,0,0,0,0,0,0,4,0,0,0,0,0,1,0,0,3,0,0,0,0,0,0,0,0,0,0,0,3,4,8,0,0,0,0,0,0,0,0,0,0,0,0,0,51,0,0,0,0,0,0,88,0,244,0,0,0,0,0,0,0,0,0,0,0,0,0,0,0,0,0,0,0,0,0,8,0,0,18,2,0,0,0,0,0,0,0,0,0,0,0,0,2,0,0,201,0,0,0,0,0,0,0,0,0,1159,0,0,1,0,0,0,0,0,0,0,0,0,0,1,0,0,191,0
0,0,0,0,0,0,0,2,0,1,0,0,0,3,0,0,0,0,0,2,14,31,0,0,1,2512,0,0,13,79,0,0,3,195,0,0,0,26,5,0,0,0,0,51,0,93,0,0,1,0,0,0,0,0,10,0,0,0,0,6,0,1,0,0,0,1,61,0,3,78,14,0,0,2,1,0,0,0,0,33,0,1,0,0,4,0,0,1,0,88,0,1,0,0,0,0,0,0,27,0,0,0,0,0,0,0,257,511,0,15,0,0,0,99,0,0,0,0,167,10,0,0,0,1,0,0,0,0,1,0,6,7,1,0,0,0,0,1,0,0,7,0,0,0,0,0,8,1,0,0,4,3,0,6,0,0,0,0,10,14,0,0,0,3,0,0,0,0,0,0,1,0,0,0,0,0,0,169,207,0,0,0,0,0,11,0,0,0,0,0,0,39,1,0,0,0,7,0,0,11,0,0,0,81,0,4,0,0,0,0,0,0,1,0,4,0,74,4,0,4,62,25,0,0,1,2,2,0,148,2,116,0,0,186,0,0,0,0,1,0,3,0,0,0,0,0,0,0,0,0,24,3,5,0,3,10,6,0,0,1,2,0,0,1,0,0,0,0,0,1212,0,0,203,0,0,0,0,0,1,2468,0,0,73,0,0,0,0,0,1,0,0,0,0,0,0,0,293,0,0,35,1
0,1,0,0,7,5,2,0,0,3,11,4,0,216,23,0,0,1,0,25,1,46,0,0,1,2260,0,0,8,0,340,0,40,88,0,6,1,4,0,0,15,0,0,10,0,68,2,1,0,1,4,0,0,0,1,1,0,0,0,4,4,1,0,3,0,67,57,0,0,0,1,0,2,2,0,0,0,0,0,7,5,41,6,7,21,0,62,1,0,30,0,0,0,0,11,0,0,0,28,0,24,0,0,0,2,1,2,1,0,1,25,22,0,0,3,24,0,90,9,0,0,0,0,0,163,16,1,0,30,43,1,0,0,0,0,0,0,0,41,0,0,0,0,0,1,0,0,0,0,0,44,2,0,0,1,25,0,0,1,1,0,0,1,13,0,40,4,0,0,14,2,0,0,0,0,313,0,30,9,5,0,300,67,0,1,0,0,8,421,1,0,3,1,37,1,0,0,0,0,0,1,0,0,0,0,1,47,0,0,1,0,0,40,21,1,0,2,1,60,6,18,36,0,0,21,0,1,0,1,0,1,3,0,2,0,12,8,0,0,12,40,0,0,0,0,0,4,1,0,0,25,1,8,0,4,1,2,6,2,7,1,17,0,1,0,0,0,42,7,2665,9,1,193,0,2,0,0,0,2,1090,1,0,66,0,0,0,0,4,3,6,0,0,1,0,1,0,14,3,0,86,0
0,0,0,0,0,0,0,0,0,0,0,0,0,0,0,0,0,0,0,0,65,3,0,0,0,4760,0,85,0,0,0,0,0,24,0,0,0,0,0,0,0,0,0,8,0,131,0,0,0,0,0,0,0,0,0,0,5,0,0,0,0,0,0,0,620,0,0,0,0,0,5,0,0,0,1262,0,0,0,0,0,0,0,0,0,231,0,0,0,0,0,46,21,0,0,0,0,0,0,0,0,0,0,0,0,0,0,0,0,0,0,0,49,0,45,0,0,0,0,0,0,2,0,0,0,136,0,0,0,0,0,0,52,0,0,0,0,0,0,0,0,0,0,0,0,0,0,0,0,0,0,0,2,0,0,0,0,0,0,138,5,0,0,0,0,0,0,0,0,0,9,0,0,0,0,0,0,0,0,0,0,0,0,0,0,0,0,0,0,330,0,0,138,0,0,0,0,0,0,0,0,0,0,0,0,0,0,0,0,0,0,0,0,0,0,0,0,2,0,0,23,0,0,0,0,0,0,0,0,4,0,43,0,0,0,0,0,0,0,0,0,0,0,0,0,0,0,0,0,0,0,0,0,0,2,0,0,25,0,0,0,0,0,0,0,0,0,0,0,0,1722,0,0,0,0,0,0,0,0,0,0,0,2,0,0,0,0,0,0,0,0,0,0,0,0,0,0,0,5,0,0,0
0,0,0,0,0,0,12,0,0,0,0,0,0,91,0,0,0,0,0,0,0,16,7,0,0,1477,0,0,35,0,0,0,0,59,0,0,9,255,0,0,0,0,0,30,8,0,0,0,1,0,0,0,0,0,0,0,0,0,0,13,0,0,0,2,0,0,34,0,0,3,0,0,0,16,0,0,0,0,50,26,0,62,0,26,54,0,0,0,0,45,1,0,0,0,0,0,0,7,77,0,44,0,0,0,0,0,22,5,0,2,0,124,0,0,0,0,0,0,0,0,0,0,0,0,26,176,1,1,268,0,0,0,2,0,0,0,0,0,0,0,0,0,143,0,0,0,0,0,0,0,0,0,0,0,16,0,0,0,0,28,0,0,0,0,0,0,0,0,0,5,0,0,0,2,0,586,0,0,1,0,0,565,0,0,0,0,3,0,0,0,0,3,0,224,0,0,5,0,0,0,746,119,0,1,1,0,613,0,0,0,0,0,26,0,0,0,1,0,2211,0,0,0,0,0,0,0,0,0,18,0,0,0,0,4,0,0,0,530,15,11,79,0,63,0,0,0,0,0,0,0,19,0,0,0,0,0,0,0,0,0,0,7,0,0,0,0,0,56,7,2,0,0,207,0,0,0,0,0,1,431,0,0,137,0,0,0,0,0,1,5,0,0,0,0,0,0,3,0,0,20,0
0,0,1,0,0,16,0,0,1,40,3,3,0,0,0,0,3,4,34,4,0,16,9,1,4,1819,0,0,3,2,170,0,0,40,0,0,8,15,0,11,0,0,0,0,0,632,0,2,0,1,0,0,2,0,66,8,0,0,0,8,3,0,0,0,0,0,3,0,0,0,22,0,11,10,0,0,2,0,0,47,3,129,61,8,27,34,0,0,0,15,0,1,1,0,4,1,0,0,38,54,42,0,0,0,0,0,0,1,0,0,5,189,0,0,39,51,0,0,0,0,34,0,0,0,36,14,0,50,186,0,0,0,0,0,0,0,1,0,0,0,0,0,0,0,0,0,0,0,0,0,124,8,0,15,0,156,0,0,0,0,0,0,2,0,0,0,1,0,66,0,0,0,1,1,0,557,0,0,0,37,33,0,33,0,0,0,0,42,0,0,0,2,0,0,0,0,0,0,0,0,228,78,0,1,0,1,349,3,43,1,0,0,128,0,1,0,8,0,189,0,0,0,0,1,0,0,0,1,14,0,47,4,0,1,0,0,9,0,0,17,180,7,0,0,0,0,0,0,0,0,0,2,0,1,14,25,15,0,4,15,6,0,0,5,12,0,0,0,0,37,355,128,122,4,1,0,0,0,0,2675,1,0,96,0,0,0,1,0,0,12,0,0,0,0,1,0,3,0,0,37,0
0,0,0,1,0,0,0,8,1,0,0,0,0,21,0,0,0,0,0,0,10,13,1,0,2,2966,0,0,10,0,0,0,0,392,0,0,0,2,0,0,0,0,1,12,0,6,0,0,0,0,0,0,0,0,0,0,0,0,0,0,0,1,0,0,0,10,38,0,0,0,0,0,0,1,1004,0,0,0,0,8,0,0,0,0,1,0,0,2,0,0,1,17,0,0,0,12,0,0,0,0,0,0,0,0,0,0,50,1749,0,0,0,0,0,0,0,0,0,0,248,3,0,0,0,0,182,0,0,0,0,0,0,0,0,7,0,177,0,0,0,0,0,0,4,0,0,0,0,0,0,0,15,0,0,0,0,0,0,0,22,53,0,0,0,0,0,0,0,12,0,0,13,1,0,0,0,0,0,9,393,0,0,0,0,0,0,0,0,0,0,0,0,6,0,0,0,0,0,0,0,0,0,0,0,0,2,382,0,0,0,0,0,0,0,0,0,0,368,0,0,7,0,0,0,0,0,0,0,0,0,0,48,0,0,838,0,0,15,0,0,0,0,0,0,0,0,0,0,0,0,7,199,3,0,0,0,0,0,0,0,0,16,59,0,0,0,0,0,76,3,448,0,0,0,0,0,0,0,0,1,0,0,0,32,0,0,0,0,0,7,3,0,0,0,0,0,0,0,0,0,0,0
0,0,0,1,7,1,1,16,0,0,0,0,0,145,2,0,0,0,0,0,9,13,0,5,0,4210,0,0,20,35,7,0,0,150,0,0,3,61,1,0,0,0,0,67,0,78,0,0,0,0,1,0,0,0,0,0,0,0,0,3,2,10,0,0,0,0,59,0,0,0,6,1,1,7,0,0,0,1,0,4,0,0,314,0,1,0,284,0,0,54,0,1,10,0,0,0,0,0,47,0,0,0,0,0,1,0,0,561,0,227,0,0,0,247,0,0,0,0,299,0,0,0,0,7,71,0,0,0,0,0,51,23,0,0,0,0,194,0,0,0,5,0,0,0,0,0,2,13,0,0,10,0,0,14,46,0,0,0,0,33,0,0,0,0,0,0,0,0,0,0,2,0,0,0,0,0,0,1,41,0,0,0,0,0,0,0,0,0,0,0,0,89,10,0,0,0,0,5,0,2,0,0,0,0,0,0,0,0,0,8,0,0,0,0,4,0,29,0,4,0,0,19,0,0,0,0,0,0,37,0,43,0,0,498,0,0,1,0,0,0,1,0,0,0,0,0,0,0,0,0,4,0,4,0,9,6,8,0,2,40,0,0,0,3,1,0,0,0,0,5,0,7,81,0,0,0,0,0,3,1431,0,0,66,0,0,0,0,0,6,7,0,0,0,0,0,0,25,0,0,58,0
0,0,0,0,18,0,73,0,0,3,9,0,0,0,0,0,0,0,0,0,0,13,0,0,0,1025,0,0,0,0,0,0,0,0,0,581,6,3,0,0,0,0,0,0,0,158,0,16,0,0,0,0,0,0,0,1,0,0,0,0,0,0,0,12,0,0,0,0,12,0,0,0,5,0,82,0,0,0,14,38,0,40,17,0,0,0,0,0,0,0,0,0,0,0,0,0,0,0,0,0,0,0,0,0,4,3,0,1734,0,3,0,0,0,0,39,0,0,0,0,0,0,0,0,5,0,23,207,612,39,0,16,0,0,0,0,0,0,0,0,10,0,0,0,0,0,0,78,0,0,0,16,0,0,12,0,0,0,0,0,276,0,15,0,2,0,0,0,0,0,0,11,0,0,0,0,50,12,0,324,125,0,0,0,0,3,0,0,0,0,2,80,275,0,0,0,0,0,0,0,0,0,0,0,18,0,0,0,0,0,0,0,0,0,13,0,3,0,52,0,0,0,64,0,0,0,0,216,0,80,0,48,0,0,0,0,0,0,0,4,0,2,0,0,0,10,0,0,0,0,0,0,0,98,0,11,0,0,0,0,0,13,0,0,0,0,0,0,0,0,0,0,0,2318,0,0,0,0,0,0,0,0,0,116,0,0,0,19,0,0,24,767,0,0,9,0,0,14,0,0,0,0
4,0,0,0,0,0,0,0,0,0,0,0,0,161,9,0,0,1,0,0,151,112,5,3,0,67,0,0,26,7,126,0,0,167,0,0,280,298,7,0,0,0,0,91,0,29,0,0,3,0,4,0,0,0,0,0,0,0,0,319,8,33,0,0,0,0,57,0,9,0,27,0,0,0,0,0,0,1,0,53,0,247,19,0,464,0,1,0,3,59,0,37,130,0,0,12,0,0,0,1,0,0,0,0,0,0,0,1,0,1,3,253,0,4,21,11,0,0,0,0,0,0,0,0,143,0,0,0,35,130,0,0,0,1,0,0,3,0,1,0,0,0,0,0,0,0,0,0,0,0,37,0,0,61,0,83,0,0,0,43,0,0,0,0,1,0,0,0,0,0,0,77,0,12,0,120,0,0,2,0,0,0,31,0,0,0,0,0,0,0,0,67,7,64,0,0,1,0,0,0,2,42,0,0,0,0,54,0,4,5,0,0,23,0,3,0,67,0,1195,0,0,0,0,0,37,0,0,0,19,0,45,0,0,325,0,0,5,0,0,71,75,0,253,0,0,0,0,1,0,0,117,2,0,0,9,199,0,0,0,0,6,0,0,0,0,0,0,0,0,170,0,0,141,2,0,0,0,0,9,2478,0,0,228,0,0,0,1,1,0,0,0,0,0,0,0,0,18,0,0,157,0
0,0,0,0,0,0,0,0,0,0,0,0,0,0,0,0,2,0,0,0,0,0,24,0,0,1216,0,0,0,15,13,0,0,0,0,0,0,0,0,0,0,0,0,0,0,0,0,0,0,0,0,0,0,0,0,0,0,0,0,0,0,0,0,0,0,0,0,0,0,3,0,0,0,0,0,0,7,0,0,0,0,50,0,0,0,0,2,0,2,0,0,0,245,0,0,0,3,0,0,127,0,314,0,0,0,0,0,1,0,0,0,0,4,0,0,0,0,0,0,0,0,0,0,0,0,0,1,0,0,0,0,0,0,0,0,0,0,0,0,0,0,0,0,0,0,0,0,0,0,0,0,0,0,0,1,472,7,0,0,0,0,0,0,1,0,0,0,0,0,0,0,9,0,0,0,767,0,0,0,0,0,291,97,0,0,0,0,0,0,0,0,0,0,161,0,0,0,0,0,0,0,0,0,0,0,1,85,68,33,4,0,0,0,0,0,0,0,0,1075,0,2,0,0,0,29,0,0,0,0,0,0,0,0,120,0,0,0,0,0,7,0,0,0,0,2,0,0,4,0,0,0,0,0,0,0,0,155,0,0,0,0,0,0,0,0,0,0,0,0,637,0,0,374,0,0,0,0,1,0,3416,0,0,53,0,0,1,0,0,0,0,0,0,0,0,94,0,4,0,0,0,0
0,0,0,1,0,0,3,0,183,0,0,0,0,39,0,0,0,0,0,7,0,0,0,0,0,125,0,0,0,0,0,0,0,38,0,0,9,0,0,0,0,0,0,56,3,171,0,0,2,0,0,0,0,0,0,0,0,0,0,0,0,0,0,0,2,0,118,1,5,0,0,0,0,0,0,0,0,0,0,0,0,399,0,0,0,0,3,0,11,0,609,0,0,0,0,0,11,0,16,4,132,0,0,0,0,0,0,0,0,1,0,247,7,0,0,0,0,0,0,0,0,0,0,0,0,126,1,0,0,0,0,1,0,0,0,0,0,0,0,0,0,0,0,0,0,0,0,0,0,75,341,0,7,0,1,133,6,0,0,0,16,0,0,0,0,0,0,0,0,57,0,0,1,0,1,194,0,0,0,0,0,0,0,15,0,0,0,0,361,0,441,0,0,230,0,0,0,0,0,0,4,0,0,0,0,0,0,0,0,0,0,0,325,0,0,0,0,0,2403,0,0,0,0,0,32,0,0,0,0,0,0,0,0,24,0,0,0,0,0,246,0,0,31,0,0,0,65,21,0,0,0,0,0,0,0,331,41,0,0,0,0,0,0,0,0,0,0,0,0,7,0,0,287,0,0,0,0,0,6,1398,0,0,388,0,0,0,0,1,0,0,0,0,0,0,0,0,187,0,0,0,0
0,89,0,0,25,0,0,7,0,0,0,7,0,108,0,0,9,0,0,2,9,7,4,0,0,2836,0,0,0,0,462,0,0,80,0,0,0,1,0,0,0,0,0,8,0,1,0,0,0,0,0,1,0,1,12,0,0,0,0,11,0,0,0,0,4,2,4,0,0,57,10,0,0,8,0,0,0,0,0,1,0,65,14,4,3,0,120,0,3,17,0,0,0,0,20,1,0,0,22,0,0,0,0,0,2,1,2,0,0,1,0,151,0,0,13,0,0,0,1,0,0,0,0,0,21,33,1,1,23,109,1,1,0,0,0,0,0,0,0,0,0,0,0,0,1,0,0,0,0,5,39,1,0,58,1,214,0,0,0,1,0,0,0,3,0,0,0,0,49,0,1,0,0,0,0,787,0,0,9,0,6,109,98,17,0,0,0,1,835,0,0,1,0,209,0,0,0,0,0,0,16,0,2,0,0,0,175,3,0,0,0,17,68,0,1,0,3,2,252,0,1,49,0,0,32,56,0,0,10,0,1,0,0,1,0,0,4,0,19,0,47,0,0,0,0,204,0,0,0,0,0,1,15,0,0,4,1,0,8,1,0,0,0,3,0,0,0,0,0,111,0,12,308,0,0,1,0,0,3,1628,0,0,10,0,0,0,0,0,8,3,4,0,0,0,24,4,1,55,0,6,1
0,0,0,0,0,0,0,17,0,1,0,0,0,31,0,0,0,0,0,0,0,40,0,4,0,436,0,0,0,16,0,0,0,0,0,0,0,0,0,0,0,0,0,19,0,0,0,0,0,0,0,0,0,0,0,0,1,0,0,208,0,9,0,0,0,0,238,0,0,0,38,0,0,1,23,0,0,0,0,262,0,0,0,0,1,0,0,0,0,0,746,36,0,0,0,0,0,0,66,0,0,0,0,0,2,0,0,3717,0,0,0,0,0,0,0,0,0,0,96,0,0,0,0,0,0,0,0,0,0,0,0,1,0,0,0,0,113,0,0,0,45,0,0,0,0,0,0,1,0,5,8,0,0,0,0,0,0,0,0,14,0,0,0,1,0,0,0,0,0,0,3,0,0,0,0,0,0,88,713,0,0,0,0,0,0,0,0,0,0,0,0,0,0,1,0,0,0,5,0,0,0,0,0,421,0,0,0,0,0,0,0,0,4,0,14,0,94,19,0,0,0,47,27,64,1,0,0,0,0,3,1,1,0,65,0,0,0,0,0,0,0,0,58,0,0,24,0,0,0,0,0,4,0,0,7,0,0,0,8,2,0,0,0,0,14,0,0,0,0,64,0,0,64,0,0,0,6,0,0,1848,0,0,0,0,0,0,0,0,9,0,0,0,0,0,0,25,20,0,0,79,0
0,0,0,0,2,0,1,0,0,0,0,3,0,591,0,0,0,1,0,0,15,1,9,7,0,549,0,0,4,0,239,0,0,34,0,25,130,2,0,0,41,0,0,119,0,2,510,0,0,0,0,0,0,0,0,0,0,0,0,152,2,0,0,0,193,0,5,0,34,0,4,0,0,0,0,0,0,0,0,3,0,450,21,4,61,0,2,0,0,62,4,0,22,0,0,0,0,0,62,0,28,0,0,0,0,14,0,1,0,0,27,268,0,0,12,191,0,0,0,0,3,1,0,0,43,64,3,1,34,12,2,0,1,0,0,0,3,0,0,0,0,0,0,0,5,0,0,0,0,0,60,2,0,0,0,0,0,0,1,46,0,0,0,1,0,0,0,0,0,13,0,0,0,0,0,399,0,0,1,0,0,0,19,0,0,0,1,0,126,4,0,0,0,0,1,0,0,0,0,0,18,0,0,0,0,1,103,0,0,0,0,0,14,48,0,0,3,0,1707,0,0,0,0,0,0,0,0,0,13,0,0,0,0,32,0,0,0,0,0,8,101,0,0,0,0,0,0,14,2,0,0,1,0,0,0,0,0,0,2,3,4,0,0,0,0,0,0,36,0,7,1,1,506,0,1,0,0,0,0,2350,1,0,61,0,0,0,0,147,17,25,0,0,0,0,0,0,0,30,0,1,0
0,31,0,0,0,0,0,0,0,0,0,0,0,0,6,0,0,0,0,7,39,42,0,0,0,2571,0,0,0,7,90,0,0,152,0,0,2,128,1,0,0,0,0,0,0,52,0,0,0,0,2,0,1,0,0,0,0,0,0,0,4,0,0,0,0,0,341,0,12,0,0,0,0,0,0,0,0,0,0,36,0,0,4,0,0,0,0,0,0,116,0,0,0,0,0,0,0,0,36,0,0,0,0,0,1,0,0,281,0,0,0,0,0,165,0,0,0,0,242,0,0,0,0,1,19,9,0,0,0,0,9,7,0,0,0,0,46,1,0,0,4,0,0,0,0,0,0,0,0,0,13,4,82,0,0,0,0,0,0,17,0,0,1,0,0,0,0,0,0,0,0,0,0,0,0,0,0,176,368,0,0,0,0,0,0,0,0,0,0,0,0,0,0,0,14,0,0,0,0,0,0,0,0,0,0,0,0,0,1,6,0,0,0,0,18,0,0,0,306,0,0,0,0,0,0,0,0,0,60,0,88,1,0,1046,0,0,0,0,0,0,0,0,150,0,0,0,0,0,0,0,0,1,16,0,13,0,0,0,1,4,0,0,0,6,0,0,0,43,0,0,202,0,77,0,0,0,0,0,0,2384,0,0,244,0,0,0,0,0,0,0,0,0,0,0,0,0,15,0,0,185,0
0,0,0,0,34,1,18,0,0,0,0,0,0,0,14,0,0,0,0,0,0,0,1,5,0,0,0,7,108,123,0,0,0,99,0,0,0,0,0,0,0,0,0,0,0,4,161,2,0,0,0,0,0,0,0,0,0,0,0,14,0,0,0,2,0,0,0,0,0,0,0,0,0,0,0,1,0,0,0,0,0,0,394,0,0,0,0,0,0,0,0,7,71,0,0,20,46,1,0,0,2,26,13,0,0,0,0,2727,0,0,0,0,0,0,0,0,0,0,464,0,0,0,0,2,152,0,0,0,1,0,80,423,0,0,0,0,0,0,0,0,0,0,0,0,0,0,0,0,0,0,0,22,0,0,0,0,0,0,0,0,9,0,0,0,0,0,0,0,0,233,0,0,3004,0,0,0,0,6,0,3,0,0,0,0,15,0,0,0,0,1,0,0,0,0,0,1,0,0,0,3,0,0,0,0,0,0,0,8,0,21,0,0,0,0,0,0,0,139,0,0,19,0,0,0,0,0,0,0,0,0,0,1,0,0,1,0,1,0,1,0,0,0,0,0,1,0,0,0,0,0,0,0,24,0,0,1,0,0,0,4,0,0,0,0,47,0,0,0,16,520,16,0,304,0,0,0,0,0,0,0,0,0,389,0,0,0,6,0,0,23,0,0,0,0,0,0,0,0,0,93,47
0,0,1,0,0,0,50,34,0,11,17,0,8,24,8,33,0,0,0,0,0,38,11,12,0,1270,0,0,362,7,3,0,68,126,0,0,7,259,0,0,0,0,0,190,25,56,89,0,0,0,0,0,0,4,0,1,0,0,0,90,11,0,0,4,0,0,0,0,27,0,7,19,0,22,0,0,4,0,0,6,0,224,7,0,770,28,145,22,15,75,3,95,53,0,0,6,0,2,114,0,20,0,2,0,0,0,0,0,0,0,0,119,0,0,19,18,0,222,0,0,38,0,0,0,30,0,1,40,21,0,0,0,2,1,3,0,41,0,0,0,0,0,0,22,0,1,0,0,45,0,0,0,0,0,2,0,0,0,0,27,0,0,0,0,0,0,0,0,82,425,0,0,0,0,0,526,0,0,0,0,0,338,30,0,0,0,3,0,107,0,0,0,14,0,2,0,28,3,0,0,4,0,0,0,363,0,85,0,0,17,0,0,43,10,0,0,8,0,1011,0,7,0,0,0,33,0,10,0,1,0,25,21,64,1,0,23,1,0,15,53,173,0,96,0,2,0,13,0,0,0,0,0,22,0,9,7,0,0,12,0,3,0,0,0,0,0,0,6,2,17,0,0,0,1,35,0,0,0,3,707,0,0,50,0,0,2,0,0,170,12,0,0,0,35,8,0,43,0,0,85,0
0,1,0,0,0,11,2,11,0,11,0,0,3,0,42,1,48,5,8,0,0,14,7,77,0,1922,1,0,52,91,105,0,0,77,0,0,59,261,0,2,17,0,0,0,0,15,0,0,0,0,0,0,0,0,0,0,0,0,0,0,2,0,3,5,0,0,23,38,24,29,6,0,7,3,0,666,3,0,0,9,0,0,54,0,17,9,29,0,1,148,0,21,87,0,0,5,0,1,0,100,92,206,0,0,0,1,0,0,0,0,1,3,0,0,13,12,0,0,0,0,0,0,0,0,79,125,3,0,23,0,0,0,0,0,0,0,94,0,0,0,36,278,0,0,22,28,0,0,0,0,87,0,0,45,43,44,31,0,0,15,1,27,0,6,0,0,0,0,0,14,4,0,0,0,0,0,0,10,0,0,0,384,111,0,1,0,0,0,0,0,359,3,2,138,0,0,0,0,12,132,10,114,0,0,0,43,61,39,4,34,0,0,126,9,1,0,4,0,718,0,15,0,1,0,32,0,0,0,0,0,1,4,43,34,139,0,1,0,0,13,84,0,0,0,1,0,0,1,1,0,0,2,0,1,0,4,184,0,2,1,0,0,12,1,13,0,0,0,0,12,0,8,255,0,3,0,0,0,0,1194,0,0,65,0,0,0,0,5,11,7,0,0,0,0,18,0,1,0,0,53,0
0,0,0,0,0,0,0,0,0,0,0,0,0,0,246,2,7,23,0,0,0,12,0,0,0,0,0,0,17,7,0,0,0,486,0,0,57,0,0,0,0,0,0,0,0,83,0,0,0,0,0,0,0,1,0,0,0,2,0,0,0,0,0,0,0,0,0,0,0,0,0,0,0,14,0,0,0,0,0,0,0,0,0,0,0,67,0,0,0,32,0,0,95,0,0,0,0,0,0,0,0,0,0,0,0,0,26,0,0,0,0,0,1,0,0,3,0,135,61,0,0,0,13,0,34,0,0,0,0,0,0,97,0,0,0,0,25,0,0,0,25,0,0,0,0,6,0,0,0,0,0,0,3,0,0,0,0,0,0,0,0,0,0,0,0,0,0,5,0,0,0,1,1,0,13,0,0,20,0,0,0,0,0,0,0,0,0,328,0,0,0,71,2,0,0,0,0,0,0,0,0,0,0,0,0,63,7,0,2,0,0,0,0,6,16,0,0,0,104,0,77,0,0,0,0,124,0,424,0,0,0,1,0,0,0,0,0,0,0,0,0,0,0,0,2,0,0,0,0,0,0,0,0,0,0,7,5,0,0,41,0,0,0,8,0,0,0,0,0,3165,0,0,52,0,0,0,0,0,0,3318,0,1,488,0,0,0,0,0,0,0,0,0,0,0,27,0,28,0,0,16,0
0,0,0,0,4,0,0,0,0,0,0,0,0,164,0,0,0,0,0,0,15,101,0,0,0,2143,0,0,20,0,157,0,0,39,0,0,9,1,0,0,0,0,0,22,0,22,0,0,0,0,0,0,0,0,0,2,0,0,1,189,0,23,0,0,88,0,992,0,0,151,15,0,0,63,0,0,0,0,0,62,0,4,54,0,0,0,163,0,0,27,0,1,0,0,7,1,0,0,33,0,3,0,0,0,0,1,5,981,30,13,0,0,0,0,0,5,0,1,0,0,0,1,0,0,25,2,0,6,1,0,0,448,11,1,0,0,5,0,0,0,0,0,0,0,76,0,49,0,0,0,16,20,1,38,1,0,0,0,56,15,0,0,0,70,0,0,0,2,0,0,4,0,0,0,0,1,2,67,76,1,0,0,0,0,5,0,1,0,0,0,2,76,1,7,12,0,0,0,0,0,1,0,165,881,0,154,0,0,0,1,0,0,6,0,1,0,101,13,45,0,0,0,0,0,1,0,0,0,35,15,118,0,0,44,0,0,0,0,0,0,3,0,0,12,0,12,0,3,0,0,0,1,5,0,0,0,0,0,2,0,7,0,0,2,0,0,0,98,0,3,2,19,0,0,0,1,0,0,3,1205,0,0,131,0,0,0,0,0,42,6,0,0,0,0,85,1,2,0,0,71,0
0,0,0,1,0,0,4,0,0,0,1,0,0,117,76,0,0,0,0,0,4,18,5,0,0,3307,0,0,78,0,0,0,7,123,0,0,67,1,0,0,0,0,0,1,1,43,0,0,20,0,2,0,0,0,0,0,0,0,0,0,6,0,1,0,0,0,4,0,2,0,0,0,0,1,17,0,0,0,0,1,0,96,0,0,5,0,0,0,1,37,0,9,54,0,0,0,0,8,2,0,11,0,0,0,0,0,0,0,0,0,0,20,0,0,0,0,0,0,0,0,0,0,0,31,112,33,167,0,0,0,0,0,1,0,0,0,0,0,0,0,0,263,38,25,0,0,0,0,0,0,59,1,0,0,0,35,0,0,0,0,3,0,0,0,0,0,0,1,0,0,0,0,1,0,0,107,0,0,0,0,0,303,16,6,0,0,1,0,256,0,0,1,5,33,0,0,0,0,0,0,109,287,0,0,0,0,0,0,12,8,0,0,9,0,1,0,4,0,669,0,132,0,0,0,29,0,0,0,8,0,0,0,0,19,0,0,0,0,7,30,36,0,15,0,0,0,4,0,0,0,37,0,3,0,0,0,0,0,0,1,0,0,0,0,0,0,0,0,0,50,0,0,557,0,22,0,0,0,1,1985,0,0,220,0,0,0,0,0,2,2,0,0,0,0,51,0,32,0,0,13,0
0,0,0,0,0,0,0,0,0,0,10,4,0,83,25,0,0,3,8,1,32,25,38,0,0,447,0,0,4,0,17,0,6,39,0,0,32,137,0,8,0,0,0,9,1,10,0,5,0,0,5,0,0,0,0,14,0,0,0,0,10,0,0,0,0,0,39,0,47,0,13,0,0,100,1,0,0,0,0,678,0,129,0,16,0,2,0,0,0,36,14,5,250,0,0,0,0,0,6,0,35,0,0,0,1,0,0,0,0,22,0,105,0,0,0,0,0,0,47,0,0,0,0,0,13,53,1,0,135,190,18,1,0,0,0,0,1,0,0,0,0,0,0,0,0,0,0,0,0,0,55,1,0,0,3,0,0,0,0,5,0,0,0,0,0,95,0,0,0,0,0,0,1,0,6,789,0,0,1,0,0,0,19,0,0,0,50,47,328,0,0,0,0,187,0,0,0,0,0,0,13,141,0,0,0,3,130,0,15,0,0,1,44,0,1,0,6,0,1754,0,0,0,0,0,0,165,0,0,1,0,9,15,0,2,0,0,4,0,26,35,208,0,34,0,0,0,4,0,0,0,0,5,11,0,59,12,0,0,28,25,1,0,0,0,1,0,0,0,6,424,0,0,10,0,0,0,1,0,1,2127,0,0,20,0,0,0,0,1,30,38,6,0,0,0,7,36,17,0,0,15,0
27,0,0,0,0,0,3,42,1,0,0,2,0,96,8,0,0,4,2,0,107,13,0,9,0,2,0,0,6,0,0,0,5,22,0,0,0,3,0,0,1,0,0,37,0,1,81,10,0,0,2,0,1,0,0,0,0,0,1,4,0,31,0,1,5,83,5,10,0,0,6,0,0,8,0,0,0,1,0,34,0,9,3,0,0,1,1,0,0,20,0,1,3,0,0,14,0,0,34,0,3,0,0,0,2,0,25,727,0,33,0,0,0,5,0,1,0,10,0,0,0,0,0,1,16,0,0,0,3,0,8,131,3,2,0,0,22,2,1,0,3,0,0,0,0,0,5,0,0,46,1,0,0,2,1,0,0,0,34,14,0,0,0,4941,0,0,1,0,0,0,2,0,0,0,0,0,0,31,16,2,2,0,0,0,4,0,0,0,0,0,4,35,1,1,0,0,85,0,0,0,243,0,1,1,0,37,0,7,0,19,0,0,32,16,0,1,29,22,13,4,0,9,0,0,8,0,0,0,4,0,29,0,0,401,0,0,1,0,0,1,0,0,0,0,0,1,0,6,0,0,284,2,7,1,38,4,2,0,1,0,4,18,0,2,1,0,0,0,2,23,15,23,112,0,9,0,0,7,5,1494,1,0,1,0,0,0,0,6,12,2,0,0,0,0,49,0,2,0,0,7,0
0,0,0,0,0,0,16,0,0,6,18,7,0,0,58,0,0,0,0,1,0,37,8,48,0,2274,0,0,223,55,0,0,40,0,0,0,0,243,0,0,0,0,0,45,0,649,0,0,0,0,0,0,0,0,0,0,0,0,0,0,7,57,0,0,0,0,22,0,3,0,0,0,0,7,0,0,0,0,0,0,0,37,0,6,556,5,0,0,3,43,1,455,1,0,0,0,0,0,42,0,0,0,0,0,0,0,0,0,0,0,0,66,0,0,0,0,0,0,0,0,10,0,0,0,143,5,1,0,180,1,0,0,0,0,0,0,1,1,0,0,0,0,0,0,0,0,0,15,0,17,70,0,0,0,1,31,0,0,0,0,0,0,0,185,0,46,0,0,49,13,0,0,0,0,0,297,0,0,0,0,0,0,18,0,0,0,0,0,101,0,0,62,6,0,0,0,0,1,0,0,0,0,0,1,0,2,175,0,20,107,12,0,110,0,0,0,1,0,758,0,0,45,0,0,0,0,0,0,5,0,0,0,0,395,0,0,0,0,0,151,40,48,0,0,0,0,0,0,0,0,41,0,0,0,7,66,3,0,0,0,1,9,0,0,0,0,0,0,0,0,0,0,171,0,0,0,3,0,0,854,0,0,382,0,0,0,0,4,0,0,0,0,0,0,17,0,3,8,0,277,0
18,0,0,11,0,0,1,25,96,6,0,0,0,242,163,0,14,0,0,67,0,90,6,0,1,803,0,0,32,7,127,0,0,24,0,0,45,225,0,0,121,0,0,91,0,312,439,0,1,0,3,0,0,0,2,0,0,0,0,0,9,52,0,0,0,4,6,8,0,70,0,0,5,13,25,0,0,0,0,8,4,98,1,4,757,0,1,0,2,155,5,0,4,1,0,1,0,0,36,6,75,0,0,0,0,1,18,0,0,0,3,4,0,0,0,0,0,0,0,25,21,0,0,0,0,67,1,0,0,2,2,1,0,0,0,0,1,0,0,0,0,0,0,0,0,0,0,0,0,7,35,0,0,0,1,198,0,0,0,8,1,8,4,127,1,30,4,0,33,7,4,0,0,16,0,110,0,0,0,0,0,89,20,0,0,0,0,0,437,8,0,7,10,0,2,0,0,0,0,1,0,0,0,0,0,35,48,3,0,15,0,0,23,0,0,0,2,0,153,34,0,0,1,0,65,0,0,0,0,0,17,0,0,73,0,0,1,0,11,94,37,0,0,0,0,0,0,3,0,9,221,1,0,0,2,0,13,3,0,14,1,0,0,8,2,0,0,43,0,1,0,29,10,0,4,1,0,0,22,2828,0,0,27,0,0,0,0,2,1,90,0,0,0,5,162,0,5,0,0,256,0
0,0,0,0,0,0,7,0,0,0,0,0,0,0,20,0,2,0,0,5,0,122,0,10,0,1,0,0,91,12,50,0,0,77,0,0,4,15,0,0,0,0,0,0,0,210,0,0,0,0,0,0,0,0,66,0,0,0,0,295,1,53,1,0,0,0,140,0,0,43,0,0,0,0,0,0,0,0,0,355,0,5,9,0,0,1,1,0,0,7,0,35,0,0,0,14,0,0,0,0,0,0,0,0,2,0,72,2915,0,0,0,0,0,0,0,0,0,0,134,0,0,0,0,0,15,0,0,0,0,0,0,61,0,13,0,13,10,0,0,0,29,0,0,0,0,0,0,0,0,2,3,0,0,0,1,0,0,0,0,31,0,0,0,1986,0,0,0,0,0,0,11,0,1,0,0,0,0,124,0,1,0,0,0,0,7,0,0,0,0,0,0,117,6,0,0,1,0,0,0,0,0,0,0,615,0,7,1,0,1,2,24,0,0,0,12,0,241,75,0,0,0,15,0,0,0,0,0,0,0,4,0,0,0,22,0,0,2,0,0,0,0,0,0,0,8,0,0,0,0,0,0,0,0,0,59,16,61,0,3,0,0,0,0,18,0,0,0,0,0,0,0,0,80,0,2,0,0,0,1,1296,0,0,42,0,0,0,1,0,0,0,0,0,0,0,127,1,35,0,0,28,0
0,0,0,0,0,0,2,4,0,0,2,0,0,450,39,0,0,5,0,0,29,43,0,108,0,0,1,0,157,16,0,0,0,112,0,0,0,146,0,0,2,0,0,30,0,1282,0,1,0,0,1,0,1,0,0,0,2,2,0,5,1,18,0,0,6,9,40,0,0,0,10,1,0,2,0,0,0,1,0,5,0,0,29,0,26,0,0,0,0,53,24,1,3,0,0,0,0,0,0,0,0,0,0,0,0,0,134,0,0,0,0,45,0,80,0,0,117,0,0,4,0,0,0,0,678,0,0,0,3,0,0,591,0,1,0,0,74,0,1,1,4,0,0,1,0,0,8,0,3,1,12,0,0,0,0,0,0,0,0,133,0,5,0,2688,1,1,0,0,1,0,7,0,0,0,0,0,0,2,18,1,0,0,3,0,4,0,0,0,70,0,1,150,3,0,0,0,0,0,0,4,0,0,0,2,0,3,0,0,0,0,12,150,0,0,4,0,2,21,1,3,0,0,0,0,0,0,0,0,0,0,10,1,0,1325,0,0,0,0,0,5,0,0,0,0,0,0,0,1,0,0,0,3,2,0,2,0,2,0,16,0,0,0,0,3,0,0,0,0,89,9,0,0,0,1,0,0,2,0,6,0,0,44,699,0,0,0,0,1,22,27,0,0,0,0,16,0,8,0,0,0,0
0,8,0,0,0,6,1,0,0,0,0,0,0,0,2,0,69,0,0,1,0,0,13,1,0,2490,0,7,1,1,1,0,0,86,0,0,0,0,0,0,28,0,0,0,0,0,0,0,0,1,0,0,0,0,0,0,0,0,0,0,0,0,2,0,0,0,291,0,0,0,0,0,0,0,0,0,0,0,0,0,0,279,0,0,0,22,260,0,3,55,0,0,2,0,0,137,48,0,57,0,0,0,0,0,0,0,0,0,0,0,0,69,0,0,32,21,0,0,0,0,30,0,0,0,0,0,1,0,41,0,0,0,0,0,0,0,4,0,0,0,42,0,0,0,0,0,0,0,0,0,176,1,0,0,51,34,0,0,0,1,0,0,0,0,39,43,0,0,0,10,0,0,0,0,6,464,0,0,0,0,0,447,29,0,0,0,0,0,0,0,174,0,5,161,0,3,0,0,0,1,0,55,0,19,0,9,62,5,8,0,0,0,0,0,0,0,0,0,1882,0,0,0,0,0,64,0,0,1,0,0,0,5,0,3,0,0,0,0,0,17,63,0,0,0,0,0,0,0,0,0,0,0,0,0,0,7,20,0,2,0,0,0,0,20,0,0,0,0,0,166,0,0,136,1,0,0,0,0,14,1424,0,0,83,0,0,1,0,1,0,0,0,0,0,0,0,0,124,0,0,62,0
0,0,0,0,0,0,1,0,0,0,13,0,2,0,0,0,6,0,0,0,0,38,6,1,0,953,0,6,3,6,0,0,0,0,0,0,0,0,0,0,0,0,0,0,0,0,0,0,0,0,0,0,0,0,0,0,0,2,0,0,0,0,0,0,0,0,91,0,4,16,0,0,0,0,0,0,2,0,0,0,0,256,0,0,67,1,0,0,0,35,0,3,1,0,0,0,33,0,0,0,0,0,0,0,0,0,0,0,0,0,0,94,145,0,0,12,0,0,0,0,12,0,1,0,0,0,1,0,80,0,0,0,0,0,0,0,0,0,1,0,0,0,0,0,0,0,0,0,0,0,0,0,0,0,1,414,34,0,0,0,0,25,0,0,1,0,0,1,62,55,0,11,0,2,0,151,0,0,0,0,0,255,22,12,0,0,0,0,0,0,0,31,3,173,0,0,0,0,0,571,0,58,0,0,0,1,59,8,5,1,0,0,0,0,0,0,0,0,447,0,0,0,0,0,44,0,0,0,0,0,0,0,0,1,102,0,0,0,0,21,60,0,0,0,1,0,0,0,0,0,0,0,0,0,3,1,1,0,0,0,0,0,0,3,2,0,0,0,0,25,0,0,75,1366,0,0,0,0,0,3882,0,0,105,0,0,0,0,1,0,0,0,0,0,0,6,0,5,0,0,10,0
1,0,0,0,0,0,1,0,0,0,5,0,3,0,27,0,20,0,42,0,0,21,10,1,0,2881,0,0,1,1,131,0,0,0,0,0,11,1,0,0,27,0,0,0,0,0,0,1,0,0,1,0,0,0,3,0,0,0,0,5,8,0,1,6,0,0,47,0,2,0,0,0,0,0,0,0,7,0,0,7,0,170,7,0,0,9,0,0,0,15,0,6,184,0,0,27,2,0,0,0,0,0,0,0,0,0,0,0,0,0,0,28,0,0,26,20,0,0,1,0,0,0,0,0,0,67,1,0,127,163,0,0,0,0,3,2,37,0,0,0,17,0,0,17,0,0,0,34,31,10,28,1,0,35,1,417,5,1,0,0,0,0,0,0,1,51,0,0,59,16,0,0,0,2,0,380,0,7,0,0,0,122,88,0,1,0,0,0,574,0,0,0,2,71,1,0,0,1,0,0,0,58,0,166,1,1,138,0,27,1,0,0,82,0,1,10,4,0,1062,0,2,31,0,0,30,0,0,0,0,0,0,4,0,3,0,0,3,0,0,42,95,0,0,0,0,0,0,0,0,0,0,4,1,0,10,7,137,0,6,3,16,0,0,1,0,0,1,0,3,114,0,0,437,0,0,0,0,0,1,1100,0,0,73,0,0,0,0,0,0,1,0,0,0,0,171,0,0,0,0,25,0
0,0,0,0,10,0,0,27,0,0,0,10,0,221,0,0,0,0,0,6,14,164,9,4,1,0,0,0,0,0,133,1,108,13,0,0,0,29,0,0,0,0,0,29,0,1185,0,0,0,0,0,0,0,11,0,0,0,2,0,130,2,14,2,0,0,0,199,0,0,541,98,0,0,4,0,0,0,0,0,29,0,294,75,9,39,0,0,0,13,0,0,5,2,0,0,4,2,2,0,0,117,0,0,0,0,0,0,0,0,1,7,75,0,0,0,0,0,0,0,0,0,0,0,0,0,0,1,1,29,0,0,0,0,0,1,0,0,0,0,4,0,0,43,21,0,0,0,0,0,3,0,1,0,13,0,118,55,0,71,0,1,19,0,0,0,70,0,0,51,7,0,0,1,2,0,1141,0,0,32,0,0,0,23,0,0,17,0,0,169,0,0,0,0,61,0,2,1,0,0,0,176,66,0,0,17,25,0,21,0,1,0,0,161,0,0,0,19,0,89,63,91,0,0,0,28,0,0,0,0,0,0,0,0,0,6,0,0,529,0,18,137,0,0,0,0,0,3,1,0,0,1,0,0,0,0,190,0,0,0,0,0,0,0,0,0,0,0,0,0,1,101,0,0,0,1,0,0,0,4,2559,0,0,0,2,10,0,0,0,16,0,0,0,0,0,0,1,0,0,1,66,0
0,0,0,0,0,0,0,0,2,0,0,2,1,0,19,0,0,0,0,27,53,0,6,0,1,2962,0,0,18,32,297,0,1,61,0,0,48,124,0,2,0,0,0,88,0,42,52,0,0,1,3,1,0,0,12,0,0,0,11,0,0,0,1,0,0,0,29,6,0,0,25,0,0,8,0,0,0,0,0,5,0,61,47,0,0,1,3,0,6,261,0,1,59,0,0,20,0,1,39,3,23,0,0,0,0,0,0,0,0,0,3,7,0,0,0,0,2,0,0,0,18,4,0,37,82,108,0,0,0,11,10,0,0,0,0,0,128,0,43,0,0,0,0,0,1,0,0,0,0,1,91,5,0,0,142,320,0,0,1,9,1,0,0,0,0,0,0,0,0,0,0,0,0,0,0,229,0,0,0,0,16,0,13,1,0,0,2,1,115,0,0,0,16,0,0,2,0,0,0,0,8,0,0,0,0,1,115,13,3,6,0,0,28,7,0,0,1,0,89,0,20,53,0,0,57,0,0,0,3,0,30,0,37,108,0,13,1,0,0,5,44,0,0,1,0,0,0,0,0,0,13,0,0,0,0,13,12,2,9,5,4,0,0,3,0,0,0,132,0,98,68,19,62,0,1,0,627,0,9,2148,0,1,0,0,0,0,0,1,0,35,0,0,0,0,52,4,38,0,0,122,0
0,0,1,6,0,0,0,0,0,14,0,0,0,280,0,0,114,0,0,0,0,0,13,0,0,279,0,0,0,0,0,0,0,0,0,0,511,0,0,0,0,0,0,0,0,578,0,0,2,0,0,0,0,0,0,0,0,0,5,137,11,0,0,29,0,0,27,0,0,35,0,0,0,0,0,0,0,0,0,0,0,899,0,20,139,0,0,0,0,0,1016,0,0,0,0,0,0,3,0,0,19,0,0,0,0,0,0,0,0,0,0,324,0,0,0,0,0,0,0,0,0,0,0,0,0,319,1,0,0,0,0,0,0,0,0,0,0,0,0,0,0,0,0,0,0,0,0,0,0,0,0,0,0,0,1,175,0,0,0,0,0,0,0,0,0,0,0,0,160,32,0,0,0,0,0,500,0,0,158,0,0,0,0,1,0,0,0,0,0,0,0,0,0,0,0,0,0,0,0,0,0,0,0,1,0,0,175,2,0,0,0,0,132,0,10,0,0,0,756,0,0,0,0,0,0,0,0,0,0,0,0,0,0,9,0,0,0,0,0,108,0,0,0,0,0,0,0,0,0,0,0,0,0,0,0,0,19,0,0,0,0,9,0,19,0,0,0,55,0,5,7,0,16,0,0,0,0,0,0,1712,0,0,824,0,0,0,2,0,0,119,0,0,0,3,0,0,0,0,1,208,0
0,0,0,1,0,0,1,0,0,0,0,0,3,800,17,0,26,0,0,0,0,0,25,0,0,1184,0,0,4,18,0,0,2,0,0,0,17,76,0,0,0,0,0,0,2,0,0,0,4,0,0,0,0,11,0,0,0,0,0,0,0,0,8,5,0,0,184,12,0,0,0,0,0,0,0,0,3,0,0,0,0,51,2,9,0,27,0,0,13,43,0,195,8,0,0,0,0,0,0,0,38,0,5,0,0,0,0,0,0,0,0,147,0,0,0,0,0,0,0,0,0,0,5,0,0,0,1,0,0,185,0,0,0,0,0,0,56,0,0,0,0,0,0,41,0,1,0,0,0,0,19,0,0,0,50,0,17,0,0,0,14,0,0,0,0,0,8,0,0,26,0,0,1,0,0,1144,0,0,0,0,0,0,0,0,0,6,0,0,0,6,0,17,0,80,0,0,0,0,0,0,12,144,0,0,0,25,173,11,15,1,0,0,37,0,0,0,0,0,1395,0,0,0,0,0,102,0,0,0,0,0,0,5,0,0,95,0,0,924,22,156,137,0,0,0,0,0,0,0,0,0,0,0,0,0,0,276,70,0,0,0,0,0,0,9,0,0,0,0,0,726,14,0,180,0,0,0,0,0,0,724,0,38,53,0,0,0,0,0,0,0,0,0,0,0,0,0,1,0,0,43,0
0,0,0,1,8,0,9,0,0,0,4,0,0,0,9,3,7,0,0,3,0,23,0,0,0,1668,0,0,29,14,0,0,0,0,0,0,11,530,0,0,0,0,0,0,0,0,0,0,0,0,1,0,0,6,0,3,0,1,0,141,3,0,0,1,0,0,43,25,0,23,0,0,7,0,0,0,1,0,0,0,0,1,61,0,35,0,0,0,0,43,21,82,0,0,0,0,0,0,0,0,0,0,1,0,3,1,361,1029,0,6,0,19,0,0,0,0,0,0,63,0,0,0,0,3,0,110,216,0,15,0,197,155,0,0,0,0,27,0,0,0,5,1,0,0,0,0,8,2,0,0,0,0,0,1,2,0,54,0,0,0,0,1,0,0,0,0,0,0,0,7,4,0,1,0,0,0,4,0,0,1,0,0,0,0,5,0,0,0,0,0,3,54,0,0,0,0,0,0,1,11,0,0,0,1,0,22,2,0,0,4,0,0,0,8,18,0,0,117,0,0,0,8,0,0,0,0,0,0,0,0,168,1,0,742,0,0,0,0,0,9,0,0,0,0,0,0,0,0,0,0,0,2,17,0,6,1,1,0,0,0,1,0,0,2,1,0,0,0,116,2756,59,111,0,0,0,0,0,0,8,277,0,1,230,0,0,0,0,0,0,18,0,2,0,0,0,0,4,0,0,39,61
0,0,0,0,0,0,2,0,0,0,0,0,2,0,21,0,0,0,0,0,50,77,0,0,0,1021,0,0,7,7,0,0,0,23,0,0,0,0,0,0,0,0,0,0,0,232,0,0,0,0,1,0,0,0,0,7,0,0,0,0,0,241,0,0,0,0,0,0,0,0,0,0,0,74,0,0,0,0,0,0,0,0,0,0,287,0,0,0,0,0,0,0,0,0,0,0,0,0,0,0,0,0,18,0,28,0,0,904,0,0,0,0,0,196,0,0,0,0,73,0,0,0,0,1,479,0,0,0,0,0,0,85,0,0,0,0,0,0,0,0,0,0,0,0,0,0,33,27,0,0,43,0,0,0,0,0,0,0,0,0,0,0,0,0,0,0,0,0,0,0,0,0,23,0,0,0,0,0,0,12,0,0,0,0,4,0,0,0,0,0,0,127,0,0,0,0,0,0,0,0,0,0,0,0,0,19,0,0,0,0,0,0,0,0,0,0,0,0,0,14,0,0,0,0,0,0,0,0,0,0,0,0,0,0,0,0,0,0,0,0,0,0,0,0,0,0,0,0,0,0,0,0,0,0,0,0,0,0,0,0,0,0,0,0,0,0,0,0,0,6,0,3,0,0,0,0,0,0,0,4917,0,0,237,0,0,0,0,0,0,61,0,0,0,0,328,0,0,0,0,311,0
42,0,0,0,0,0,18,0,164,0,0,0,0,0,359,4,12,0,0,0,0,111,0,17,0,1840,0,0,64,0,0,0,0,70,0,0,4,33,0,0,0,0,0,0,0,0,0,0,0,0,0,0,0,0,0,0,0,0,0,0,0,0,0,0,0,0,364,0,0,0,0,0,0,0,0,0,14,9,0,0,0,643,0,0,0,0,0,0,5,0,0,9,59,0,0,0,0,0,0,7,0,0,0,0,0,0,0,0,0,0,0,109,0,0,0,0,0,0,0,0,59,0,0,0,3,0,381,0,0,0,0,0,0,0,0,0,0,0,0,0,156,0,0,19,0,0,0,0,0,0,268,0,0,0,2,427,71,0,0,0,4,22,0,0,0,0,0,0,123,13,0,0,0,0,0,921,0,0,0,0,0,287,70,0,0,0,0,0,0,0,0,0,11,222,0,0,0,0,0,0,21,592,0,0,0,0,0,0,21,0,0,0,0,0,0,0,0,0,930,0,0,0,0,0,0,0,0,0,0,0,0,0,0,0,0,0,0,605,0,0,253,0,0,0,0,0,6,7,0,0,0,0,0,0,0,153,34,0,0,0,0,0,0,0,0,0,0,0,0,4,0,0,148,0,0,0,0,0,23,9,0,0,0,0,0,0,0,0,0,0,0,0,0,0,91,0,36,0,0,48,0
0,0,0,0,0,0,1,0,0,0,0,0,0,103,48,3,0,0,0,0,0,0,0,2,0,0,0,0,0,4,50,0,0,0,0,0,22,0,0,0,0,0,0,0,0,2,0,0,0,0,0,0,0,0,0,0,0,0,0,229,0,0,0,0,0,0,207,0,0,0,0,0,0,0,0,0,0,0,0,98,0,0,73,0,0,0,0,0,0,1,902,1,53,0,0,148,0,0,0,6,0,113,0,0,0,0,0,618,0,0,0,0,6,135,0,0,0,0,0,0,0,0,0,0,288,0,0,0,0,0,0,83,0,6,0,0,0,0,0,0,0,0,0,0,0,0,3,0,2,0,1,0,0,64,0,0,0,0,0,0,0,0,0,1,0,0,0,0,0,0,7,0,0,0,0,0,0,67,21,0,0,0,6,0,2,0,0,0,0,0,0,65,1,31,0,0,7,0,0,0,0,0,0,6,2,0,0,0,0,1,0,0,0,0,2,0,88,0,0,0,2,16,0,0,0,0,0,0,87,0,0,0,0,55,0,0,0,3,0,0,0,0,0,0,2,65,0,0,0,0,0,0,0,1,2,0,5,0,0,0,0,0,0,0,0,0,0,0,0,0,0,0,287,0,3,0,0,0,0,5626,0,0,21,0,0,0,0,0,0,31,0,0,0,0,140,0,75,0,0,0,0
0,0,0,0,0,0,0,0,0,0,5,0,0,0,13,0,0,0,0,0,68,7,0,1,0,679,0,0,30,3,8,0,0,17,0,0,16,264,0,0,0,1,0,141,0,80,0,1,0,0,15,0,1,0,0,0,0,0,0,179,1,63,0,0,0,0,147,0,0,0,51,1,0,83,0,0,1,0,0,190,0,0,50,0,492,2,65,0,0,44,1967,6,0,0,0,0,0,0,33,0,0,0,0,0,4,0,0,150,0,0,0,0,0,11,0,0,0,0,55,0,0,0,0,8,3,0,0,0,0,0,0,186,0,10,0,0,10,0,0,0,15,0,0,0,0,0,15,4,1,3,1,0,0,1,1,0,0,0,5,55,0,0,0,0,0,0,4,0,1,2,12,0,0,0,0,0,1,147,53,0,0,0,0,0,16,0,0,0,0,0,4,34,2,0,0,0,0,1,0,0,0,0,0,21,0,4,0,0,0,0,0,0,0,0,41,0,10,232,6,0,0,0,0,0,0,0,0,0,18,17,425,2,0,241,0,0,1,0,0,17,0,0,0,0,2,1,0,0,0,0,0,0,23,0,6,0,3,0,3,21,3,0,0,7,1,0,0,0,16,2970,0,0,5,0,0,0,0,0,12,222,0,0,22,0,0,0,0,0,60,43,0,0,0,0,0,0,4,0,0,8,0
0,0,0,0,0,0,14,0,0,0,0,0,0,0,83,0,45,0,0,0,0,135,0,8,0,1242,0,0,5,0,22,0,15,0,0,0,0,73,0,0,1,0,0,81,0,210,0,0,0,0,0,0,0,0,64,0,0,0,0,0,0,0,5,0,0,0,173,0,40,0,0,0,0,0,0,0,0,0,0,584,0,0,22,0,0,12,14,0,0,29,0,1,19,0,3,1,0,0,24,0,0,16,0,0,0,0,0,1912,0,0,0,0,0,33,0,2,0,0,0,0,0,0,2,0,0,0,0,16,2,0,38,0,1,0,0,0,6,0,0,0,391,0,0,0,14,0,94,0,0,0,12,0,0,0,1,0,0,0,0,3,0,0,0,0,0,0,0,0,0,0,0,0,0,0,0,0,0,0,171,0,0,0,0,0,48,5,0,0,0,0,0,35,2,33,0,0,0,0,0,0,0,0,0,40,1,240,5,0,0,4,5,0,0,0,0,0,0,0,0,0,0,60,0,0,0,24,66,0,75,0,71,0,0,330,0,0,0,0,0,796,0,0,0,0,4,0,0,0,0,0,0,0,0,0,0,348,0,0,0,0,0,0,0,4,0,0,0,0,0,71,0,0,182,0,0,0,0,0,0,1170,0,0,261,0,0,0,0,38,0,0,0,0,0,0,9,0,297,0,0,132,0
0,0,0,0,0,1,11,0,0,0,3,0,0,1061,1903,0,0,0,0,0,92,42,0,0,0,1288,0,0,32,0,383,0,0,132,0,45,12,110,0,0,0,0,0,76,0,0,0,0,0,0,0,0,0,0,0,0,0,0,0,0,0,37,0,0,273,0,82,0,20,2,131,0,2,20,0,0,0,0,0,5,0,0,0,0,98,0,0,0,0,124,774,9,0,0,0,0,0,0,80,0,0,0,0,0,28,0,339,286,0,15,0,0,0,30,4,0,0,0,37,0,0,0,0,0,0,0,0,0,0,0,0,334,0,0,0,0,0,0,0,0,0,0,0,0,0,0,2,16,0,0,0,24,0,0,0,0,0,0,0,0,0,0,0,0,0,0,0,0,0,2,11,0,0,0,0,0,0,254,40,0,0,12,0,0,0,0,0,0,0,0,0,0,0,2,0,0,0,0,0,0,0,0,0,0,0,0,0,0,0,7,0,0,0,0,0,0,119,41,212,28,0,37,0,0,0,0,0,0,0,0,46,0,0,383,0,0,4,0,0,0,0,0,0,0,0,0,0,0,0,0,37,0,8,0,18,0,0,0,0,0,0,0,0,0,0,1,0,0,24,17,0,0,427,0,0,0,0,0,78,0,0,0,120,0,0,0,0,0,25,0,0,0,0,0,0,0,0,0,0,87,0
0,0,0,0,3,0,1,1,1521,12,3,3,0,443,2,0,0,1,17,1,3,58,9,12,4,204,2,0,33,137,0,0,0,26,0,0,7,1,18,4,25,0,0,11,0,182,0,1,0,1,13,0,0,0,1,1,7,2,0,20,5,1,3,2,0,1,87,1,0,0,2,0,6,1,1,0,0,0,193,4,10,191,93,8,25,0,2,0,4,44,0,1,3,75,4,1,0,0,20,45,28,0,0,0,2,2,1,188,6,692,0,21,0,10,8,0,0,0,45,0,0,13,0,0,48,99,0,0,2,1,7,139,0,0,0,0,2,0,3,0,10,1,34,0,0,752,2,2,3,4,2,1,0,2,0,0,7,0,0,4,0,6,3,271,2,0,0,0,0,0,36,0,3,0,0,0,0,3,7,1,2,0,4,36,10,7,0,0,2,0,0,103,1,0,1,1,0,0,0,200,0,0,0,0,0,79,0,0,0,1,0,0,25,9,6,1,121,1,2,4,0,6,8,20,1,74,0,0,4,5,1,1,1,491,0,1,1,0,1,0,1,0,0,0,0,0,0,1,0,28,3,1,3,5,1,342,378,0,7,5,1,25,0,16,2,0,0,0,15,356,0,3,1114,1,1,0,1,4,4,22,2,0,81,0,0,0,0,6,20,11,0,0,0,0,11,2,32,0,1,36,136
0,0,0,11,0,0,11,0,0,0,0,0,0,0,0,1,1,0,0,0,0,0,9,1,0,693,0,1,7,7,0,0,0,0,0,0,0,0,0,3,0,0,0,0,0,0,0,0,0,0,0,0,0,0,0,0,1,4,0,0,0,0,9,1,0,0,0,21,0,0,0,0,9,0,0,19,2,0,0,0,0,0,0,0,0,0,0,0,0,0,0,4,3149,0,0,0,2,0,0,102,0,121,0,0,0,0,0,0,0,0,0,101,0,0,0,0,0,0,0,0,26,0,2,0,0,0,0,0,0,0,0,0,0,0,4,0,0,0,1,0,0,0,0,10,0,1,0,0,0,0,0,0,0,18,1,104,19,1,0,0,21,0,0,0,0,37,0,0,67,16,0,0,1,0,4,406,0,0,0,0,0,0,0,0,0,0,0,0,0,35,0,0,0,0,0,0,0,0,0,0,0,261,0,0,59,0,0,11,12,4,0,0,0,0,0,0,0,0,117,0,0,0,0,0,0,0,0,0,0,0,0,0,97,0,79,0,0,835,0,3,0,0,0,0,0,0,9,1,0,0,0,0,0,1,0,0,4,0,0,0,0,0,0,0,0,0,0,0,0,2440,0,0,125,0,0,0,0,0,0,0,0,21,0,0,859,0,0,1,0,0,0,0,0,0,0,0,5,0,0,0,0
0,0,0,0,0,0,0,0,0,0,0,0,0,0,0,0,0,0,0,0,0,34,0,0,0,1943,0,0,3,0,0,0,0,98,0,0,0,0,0,0,0,0,0,71,0,186,0,0,0,0,0,0,0,0,0,0,0,0,0,13,0,13,0,0,1,0,0,0,0,0,9,0,0,3,0,0,0,0,0,50,0,14,0,0,0,0,751,36,0,0,0,14,0,0,0,0,0,0,54,0,0,84,0,0,0,0,0,265,15,0,0,0,0,0,0,14,0,0,352,0,0,0,0,0,345,0,226,0,0,0,20,9,0,0,0,0,1,0,0,0,0,0,0,0,0,0,0,2,0,0,0,0,0,0,0,0,0,0,0,233,0,0,0,1,0,0,0,0,0,0,0,0,0,0,0,0,0,0,0,1,0,0,0,0,13,0,0,0,185,0,0,76,1,0,0,5,0,0,0,0,0,0,0,528,294,303,0,0,0,1,2,0,1,0,51,0,30,0,0,0,0,0,0,0,0,0,0,0,10,0,298,1,0,819,0,0,0,0,0,0,0,0,0,0,21,0,0,0,0,0,0,1,0,0,0,292,20,0,5,32,0,0,0,7,0,0,0,0,0,865,0,0,0,0,0,0,0,0,0,5,0,0,1075,0,0,0,0,1,0,39,0,0,0,0,8,0,0,0,0,156,0
0,0,2,0,0,0,0,128,0,1,0,1,0,45,10,0,0,0,3,0,166,35,0,0,4,443,0,0,0,6,157,1,0,68,0,0,0,90,8,0,0,3,0,0,0,1,181,6,0,0,122,0,0,0,271,0,0,0,0,518,2,49,0,0,0,0,614,0,0,0,1028,0,0,0,0,0,0,0,0,105,0,0,157,1,41,0,0,0,0,20,1,0,0,67,0,37,0,0,0,0,0,1,0,0,0,0,0,84,0,0,0,449,0,107,0,0,0,0,22,0,0,0,0,32,7,0,0,0,12,0,7,7,0,0,0,0,0,0,0,0,0,0,0,0,0,0,0,0,0,0,17,0,0,10,0,0,0,0,7,179,0,0,0,0,0,0,6,0,0,0,0,0,0,0,0,0,0,623,55,0,0,0,30,0,29,0,0,0,0,0,0,95,0,0,0,0,1,5,0,1,0,0,0,379,0,0,0,0,0,0,0,0,37,7,33,0,90,444,0,2,0,99,0,0,0,0,0,0,57,0,263,0,0,0,0,0,7,0,0,0,6,0,0,0,0,0,0,0,0,0,0,2,0,1,60,0,0,4,15,0,2,0,1,2,2,0,0,0,0,0,9,121,19,0,0,0,0,0,5,1688,1,7,184,0,0,0,0,0,158,76,0,0,0,0,0,0,9,0,8,28,0
0,0,0,0,0,0,0,3,0,0,0,1,0,0,0,0,0,0,0,20,48,12,0,0,0,1545,0,0,80,0,2498,0,0,13,0,0,34,154,0,0,0,6,0,48,0,800,0,0,0,0,0,0,0,0,30,0,0,0,0,250,0,0,0,0,0,0,25,0,0,0,16,0,0,1,0,0,0,0,0,99,0,0,0,0,0,0,0,0,0,32,0,62,63,0,0,0,0,0,1,0,0,0,0,0,0,0,30,77,0,77,0,0,0,98,0,0,0,0,11,0,0,2,0,5,287,0,0,17,0,0,18,9,0,0,0,0,40,0,0,0,1,0,1,0,0,0,1,1,0,0,1,11,0,4,0,0,0,0,62,5,0,0,0,1136,0,0,0,0,0,0,3,0,0,0,0,0,0,0,151,0,0,0,0,0,0,0,0,2,0,0,0,191,0,0,0,0,0,0,0,0,0,0,0,0,0,3,0,0,0,0,0,0,5,0,1,0,63,0,0,0,0,0,0,0,0,1,0,0,45,1,0,0,0,613,0,0,0,19,0,0,0,0,0,0,0,27,0,0,0,0,0,1,14,0,4,0,0,0,1,3,3,0,0,2,0,0,0,0,0,416,0,0,55,0,0,0,1,0,3,260,0,0,249,0,0,0,0,0,1,85,0,0,0,0,0,4,0,0,0,39,0
0,0,0,15,0,0,0,30,0,0,0,0,2,0,14,0,0,0,0,0,4,25,0,0,0,1164,0,0,4,0,0,10,0,41,0,0,211,125,29,0,0,0,0,66,0,427,0,0,0,0,0,0,0,0,20,0,0,0,0,0,0,41,0,0,0,0,403,0,0,0,666,0,0,151,0,0,0,0,0,67,0,0,1,0,0,2,153,0,0,44,0,0,2,0,0,1,0,0,42,0,0,0,0,0,0,0,0,57,0,0,0,0,0,0,0,0,0,0,226,0,0,0,0,1,264,0,0,0,0,0,1,14,0,0,0,0,0,0,0,0,0,0,0,0,0,0,0,0,0,0,25,0,0,0,0,0,0,1,306,38,0,0,0,0,0,0,0,0,0,0,0,0,8,0,0,0,0,108,767,0,0,0,2,0,10,0,0,0,0,0,0,285,0,0,0,0,0,0,0,0,0,0,0,68,0,50,0,0,0,0,0,0,11,0,14,0,0,0,190,0,557,0,0,0,0,0,0,0,127,0,332,0,0,264,0,0,55,0,0,0,0,0,0,0,97,0,0,0,0,0,10,0,0,0,29,0,0,0,24,55,4,0,0,1,0,0,0,0,0,1,0,66,113,0,0,0,0,0,14,1093,0,0,199,0,0,0,1,0,83,0,0,0,0,0,0,0,0,0,0,673,0
0,0,0,0,0,0,1,0,0,0,0,0,1,50,37,0,0,0,0,0,0,0,0,1,0,1024,0,0,1,122,0,0,0,0,0,0,344,0,0,0,0,0,0,0,0,0,0,0,5,0,0,0,0,0,0,0,0,0,0,0,0,0,0,0,0,0,3,0,1,0,0,0,0,0,0,0,0,0,0,0,0,0,0,0,0,19,10,0,0,101,0,2,1350,0,0,5,0,1,0,0,0,0,0,0,0,0,0,1025,0,0,0,0,0,147,0,0,0,0,0,3,0,0,1,1,1218,0,0,0,0,0,0,0,0,1,0,0,103,0,0,0,1,0,0,0,0,0,0,0,0,0,13,0,0,0,0,0,0,232,0,0,0,0,0,0,0,0,0,0,0,0,0,0,0,0,0,0,0,0,14,0,0,0,0,0,0,0,0,0,0,0,0,60,1,0,0,10,13,0,0,0,0,0,0,0,0,0,0,0,0,2,0,0,0,0,0,0,12,0,107,0,0,0,0,0,0,0,0,0,0,0,0,0,0,1986,0,0,0,0,0,0,0,12,0,0,2,0,0,0,0,0,0,0,0,0,0,238,0,0,0,0,0,0,0,0,0,0,0,0,0,26,0,0,394,0,0,0,0,0,0,828,0,0,245,0,0,0,0,1,0,0,0,0,0,0,97,0,1,0,0,129,0
28,2,0,0,0,0,3,0,0,0,0,2,0,2,2,0,1,0,0,0,0,45,0,1,0,3005,0,0,8,1,1,0,0,199,0,0,4,4,5,2,10,0,0,0,0,1369,40,0,0,0,0,0,0,0,0,0,0,0,0,41,0,0,0,0,47,0,17,1,0,0,0,0,0,0,0,1,0,0,0,12,0,241,0,0,0,4,139,0,1,22,0,0,2,0,0,0,0,0,26,0,17,0,0,0,0,0,0,0,0,0,3,115,0,0,0,0,0,0,0,0,6,0,0,18,0,96,142,0,12,0,0,0,0,0,0,0,1,0,0,0,0,0,0,0,0,0,0,0,0,0,101,0,0,0,0,23,0,0,0,0,0,0,0,1,0,37,0,0,0,31,2,0,0,0,0,266,0,0,1,0,0,228,0,0,0,0,0,0,0,0,0,7,6,261,0,0,0,0,0,0,339,0,0,0,0,1,77,1,8,1,0,0,22,4,0,0,0,0,1049,6,1,0,0,0,83,0,0,0,0,0,25,3,0,5,0,0,1,0,0,8,31,0,0,0,0,0,50,1,0,0,0,0,0,1,0,6,13,0,0,0,1,0,1,0,0,0,0,0,0,4,0,0,157,0,1,0,0,0,2,1152,0,1,188,0,0,0,0,1,25,1,0,0,0,0,9,0,62,0,0,6,0
0,3,1,1,4,0,0,61,0,6,1,6,0,0,1,0,0,0,0,25,195,91,15,3,0,467,0,0,18,93,0,0,0,125,0,0,1,472,0,0,0,0,0,169,0,643,0,0,0,0,0,1,0,0,133,0,0,1,0,246,7,0,0,0,0,0,200,28,4,69,10,0,19,86,0,0,0,0,0,160,0,116,425,9,519,0,0,0,0,89,0,0,1,0,0,1,0,0,52,0,22,0,0,0,2,0,18,0,0,1,1,80,0,0,0,0,0,58,0,0,0,0,0,44,12,14,1,0,78,0,3,1,0,0,0,0,0,0,0,0,0,0,27,15,13,0,0,35,0,0,333,1,52,0,0,74,11,0,0,9,6,4,4,2,0,0,0,7,52,0,0,0,1,1,0,485,0,0,0,0,0,99,24,9,0,0,0,0,260,0,0,88,5,237,21,0,0,0,7,0,27,41,0,0,0,13,170,3,5,3,0,0,205,0,1,0,4,0,663,35,312,0,1,0,29,0,5,0,0,0,0,3,0,1,0,0,0,0,0,32,88,0,0,0,0,0,0,1,0,0,0,0,0,0,36,4,0,1,0,53,7,0,0,2,1,0,0,0,0,4,18,0,19,0,0,0,0,0,0,957,0,0,211,0,0,0,9,0,0,7,0,0,0,0,5,0,5,0,0,159,69
0,0,0,0,0,0,2,15,0,0,0,0,0,65,7,0,53,0,0,0,0,47,5,0,0,66,0,23,67,0,18,9,0,65,0,0,0,301,6,0,0,0,14,16,0,137,0,0,1,0,0,0,0,0,110,0,0,0,0,0,28,0,0,0,32,80,13,0,0,79,0,0,0,75,0,0,0,0,0,0,0,243,0,0,22,0,0,0,0,60,347,0,1,0,0,0,0,0,30,0,0,0,0,0,0,0,0,0,0,0,1,473,0,0,0,0,0,0,0,0,0,0,0,0,2,125,2,0,85,140,0,0,0,0,0,0,0,0,1,0,0,331,0,0,0,0,0,0,0,1,46,10,0,0,1,31,0,0,0,0,7,22,0,185,0,31,0,0,40,339,0,0,1,0,0,296,0,138,1,0,0,147,67,1,0,0,2,0,0,0,0,26,0,136,0,0,0,0,0,109,0,0,0,1,0,0,0,3,18,0,0,0,329,0,1,0,13,0,1125,15,13,0,0,0,0,0,0,0,0,0,0,0,0,0,4,0,0,0,0,101,194,0,22,0,0,0,65,28,0,0,228,0,0,1,0,0,0,0,0,22,0,0,5,0,1,0,0,168,0,13,0,57,37,11,0,0,0,0,0,2251,0,0,145,0,0,0,0,1,0,43,0,0,0,0,0,0,205,0,20,33,0
0,0,0,0,0,0,1,0,0,0,0,0,0,0,0,0,0,0,0,0,1,0,0,1,0,2944,0,0,5,114,0,0,0,56,0,0,55,87,0,0,0,0,0,16,0,2,0,0,22,0,0,0,0,2,0,0,6,0,1,6,0,0,0,0,0,0,0,0,0,0,0,0,0,3,0,0,0,0,0,0,0,0,0,0,0,0,3,0,0,0,0,3,65,0,0,0,0,0,0,0,0,0,0,0,0,0,0,4676,0,0,0,0,0,0,0,0,0,1,187,0,0,0,0,3,0,0,0,0,0,0,0,0,0,0,0,0,0,1,0,2,458,0,0,0,0,0,0,0,0,0,0,0,0,26,0,0,0,0,0,29,0,0,0,0,0,0,0,0,0,0,0,0,0,0,0,0,0,0,0,0,0,0,0,29,2,0,0,0,0,0,28,43,0,0,0,1,0,0,0,0,0,2,0,0,0,134,7,0,0,1,0,0,0,0,0,0,0,0,104,0,20,0,0,0,0,0,0,0,0,16,1,1,0,397,0,0,0,0,0,0,0,0,0,0,0,0,0,0,0,0,0,0,0,0,0,0,0,0,0,12,1,0,0,0,0,0,0,0,0,77,0,0,276,0,1,1,0,0,0,0,0,0,0,0,0,0,0,0,1,0,0,0,0,0,75,0,0,0,0,0,0
0,0,0,2,0,0,0,0,0,0,15,0,0,0,1707,2,1,0,0,0,0,1,10,68,0,1708,0,0,61,18,1,27,0,0,3,0,15,8,0,0,0,0,0,0,0,0,0,1,25,0,0,0,1,0,0,1,0,0,0,5,3,0,2,2,0,0,4,0,0,0,0,0,0,0,2,0,8,0,0,1,0,92,3,0,0,42,0,0,0,0,1,32,303,0,0,0,0,0,0,9,11,143,0,0,0,0,0,695,0,0,0,115,0,0,0,0,0,78,173,0,0,0,0,0,90,26,0,0,0,0,0,0,1,0,3,0,318,0,0,0,53,1,0,0,0,0,1,0,0,0,0,0,115,0,0,0,38,0,0,0,0,0,0,0,0,0,0,0,2,1,0,0,8,0,0,0,0,14,1,0,0,0,0,0,4,0,2,0,0,1,0,51,0,0,0,0,0,0,0,0,0,0,0,1,1,5,0,0,1,13,0,0,0,0,1,0,0,5,580,0,16,1,0,0,0,10,0,0,47,0,107,12,0,151,0,0,0,0,0,67,0,0,0,24,4,6,0,4,0,0,0,2,0,0,12,4,16,0,0,0,0,0,0,1,0,0,0,0,10,115,0,0,255,0,0,0,0,0,5,1939,0,0,67,0,0,0,0,0,0,4,0,0,0,0,0,0,307,0,0,83,0
0,0,0,1,0,0,1,0,0,0,0,0,0,0,0,0,2,0,0,0,0,0,0,4,0,0,0,0,2,0,0,0,0,0,0,0,0,0,0,0,0,0,0,0,0,103,0,0,0,0,0,0,0,0,0,0,0,0,0,0,0,0,1,0,0,0,92,0,0,81,0,0,0,0,0,0,0,0,0,501,0,0,130,0,0,0,0,626,0,0,2888,18,10,0,0,12,0,0,0,0,0,5,0,0,0,3,0,748,0,0,0,0,1,0,0,0,1,0,0,2,0,0,0,1,0,0,0,0,0,0,39,62,0,270,0,0,18,0,0,0,1,0,0,0,0,0,0,0,0,3,0,0,48,0,1,0,0,0,0,0,0,0,0,0,2,0,0,0,0,0,0,0,2,0,0,0,0,0,0,0,0,0,0,0,0,3,0,0,0,2,0,0,1,19,0,0,0,0,0,0,0,0,0,8,0,173,0,0,1,1,0,0,0,0,0,0,0,0,207,0,33,0,0,0,1,0,0,0,0,0,0,0,0,0,10,0,0,0,0,0,0,0,0,0,3,0,0,1,0,0,0,0,0,1,0,0,0,0,0,0,0,0,0,0,0,0,0,0,0,0,0,0,1,0,0,0,60,0,0,3595,0,0,0,0,0,0,0,1,0,0,0,0,0,0,0,0,3,0,0,203,0
0,0,0,0,0,0,1,16,0,0,4,0,0,351,10,0,0,0,0,0,0,13,14,0,0,2921,0,1,9,0,17,0,0,39,0,20,0,0,0,0,38,0,0,0,0,0,0,0,0,0,48,0,0,0,0,0,0,0,0,77,0,0,16,4,0,0,75,0,66,3,19,0,0,0,0,2,0,0,0,28,0,135,0,46,0,0,0,0,4,14,0,4,2,0,0,0,0,1,0,0,61,0,0,0,0,0,0,0,1,1,17,60,0,0,0,0,1,0,0,10,0,0,0,0,0,69,1,0,47,185,0,0,20,0,0,0,0,0,1,0,0,0,72,0,1,0,0,0,0,0,15,0,0,0,1,235,0,244,1,2,0,6,0,51,0,52,0,0,0,0,0,43,1,2,0,172,0,0,4,0,0,292,0,1,0,0,0,0,0,0,0,0,0,44,0,0,0,0,0,0,4,60,0,0,0,0,108,0,0,0,0,0,94,0,0,0,6,6,0,13,0,33,0,0,53,0,0,0,9,56,0,0,0,1,6,0,7,924,0,0,68,0,0,0,0,0,44,0,0,0,1,0,0,0,0,0,0,0,0,0,0,0,1,0,0,6,0,0,362,24,0,12,28,1,3,0,0,2,4,1388,0,0,0,0,932,0,0,11,17,0,0,0,0,0,0,0,0,0,0,12,0
0,0,0,0,0,0,8,0,0,0,0,0,0,0,3,0,1,0,0,0,0,0,0,3,0,4,0,0,15,35,0,0,0,0,0,0,0,609,0,12,0,0,0,0,0,0,0,0,0,0,0,0,0,0,0,0,0,1,0,0,0,0,1,0,0,0,364,0,0,0,0,0,0,0,671,0,0,0,0,441,0,0,0,0,0,72,0,0,0,0,0,63,0,0,0,0,0,0,0,0,0,0,0,0,0,0,0,0,0,1,0,0,0,0,0,5,1,0,0,0,0,0,0,0,0,0,0,0,275,0,0,0,0,1,1,0,0,0,0,0,0,0,0,0,0,0,0,0,0,2,0,0,0,0,126,62,91,0,0,0,10,0,0,0,0,80,0,0,0,27,0,0,1,0,6,1590,0,0,0,0,0,0,136,0,0,0,0,0,953,0,0,0,6,222,0,3,0,0,0,5,0,200,0,5,0,10,218,19,0,6,0,0,58,0,0,0,0,0,2417,0,0,0,0,0,142,0,0,0,0,0,0,6,0,34,9,0,58,0,15,70,0,0,0,0,0,0,0,1,0,0,0,0,0,1,0,276,0,0,0,0,0,0,0,0,0,0,0,0,47,117,21,0,112,0,5,0,0,0,0,3,0,0,0,0,0,0,0,1,0,0,0,0,0,0,0,0,10,0,0,236,0
0,0,0,0,0,0,3,0,0,0,0,0,0,0,210,0,0,0,0,0,0,0,9,34,0,148,0,8,0,0,0,0,0,0,0,0,0,0,0,0,0,0,0,54,0,67,0,0,2,0,0,0,0,0,0,0,0,0,0,0,0,0,0,0,0,0,260,0,3,195,0,0,0,0,0,0,0,0,0,0,0,365,0,0,0,0,0,153,0,0,0,0,15,0,0,179,1,0,0,0,0,17,0,0,0,0,0,0,0,0,0,72,0,0,0,0,0,0,0,0,39,0,6,0,12,565,0,0,77,0,0,0,0,0,0,0,0,0,0,0,0,0,52,0,0,0,0,0,0,0,0,0,0,0,1,53,0,1,0,0,0,0,0,0,0,0,0,0,85,21,0,0,1,1,4,516,0,0,0,0,0,0,119,0,0,0,0,0,0,0,0,0,0,557,0,0,0,0,0,0,0,172,0,127,0,0,0,0,6,351,0,0,345,0,0,0,0,0,1082,0,0,0,0,0,55,0,0,0,0,0,0,0,0,144,0,0,0,0,28,206,0,0,1,0,0,0,0,0,0,0,153,0,0,0,0,0,0,0,0,0,0,0,0,0,0,0,0,0,0,708,0,0,113,1871,0,0,0,0,0,7,0,0,719,0,0,0,1,8,0,0,0,0,0,0,0,0,0,0,0,0,0
0,0,0,0,0,0,2,16,0,4,8,2,0,26,27,0,10,0,8,32,31,46,7,20,0,1,1,0,13,0,158,0,1,220,0,0,0,6,0,0,0,0,0,18,0,606,0,1,0,0,0,0,0,0,3,0,0,0,16,1,11,1,0,1,3,6,19,0,163,112,4,29,0,1,0,0,0,0,0,51,0,200,32,37,24,0,0,0,3,153,2,7,0,30,0,0,0,0,79,33,31,0,0,0,0,0,1,0,0,0,1,25,0,1,24,0,0,0,0,0,9,1,0,0,190,84,1,0,106,41,36,1,1,0,0,0,0,0,0,0,0,0,0,0,1,0,0,0,15,21,50,1,0,8,0,0,0,0,0,9,0,23,5,1,39,0,0,0,104,41,0,0,0,0,0,617,0,0,20,0,6,170,78,7,7,0,0,0,117,0,0,2,0,397,0,0,0,0,9,0,517,53,0,0,0,1,114,0,4,1,0,11,29,0,1,0,20,1,74,8,1,2,0,0,0,0,1,0,17,11,7,0,0,51,0,6,1,0,0,10,46,0,26,1,0,0,46,0,0,0,3,1,6,0,6,1,0,7,2,20,1,5,5,1,0,0,0,0,13,194,0,13,639,0,0,0,0,1,4,3264,1,0,66,0,0,0,0,0,1,8,0,0,0,0,12,4,46,17,0,15,4
1,0,0,0,0,0,1,0,0,0,8,0,0,310,10,0,0,0,0,1,0,219,5,0,0,161,0,3,0,6,0,0,0,121,0,0,477,270,12,0,0,0,0,0,0,637,0,0,0,0,0,0,0,0,10,0,0,0,0,0,0,0,0,0,0,0,0,0,8,0,62,0,25,0,0,0,7,0,0,0,0,129,0,0,0,0,0,0,4,218,0,0,2,0,0,0,0,2,142,0,0,0,0,0,0,0,0,495,0,0,0,5,0,0,4,0,0,0,0,3,9,0,1,0,0,0,0,0,0,0,0,0,0,0,0,0,0,2,0,0,0,354,0,0,0,0,0,0,0,0,0,2,0,0,0,37,0,0,0,0,0,26,0,1,0,0,0,0,0,0,0,0,0,0,0,423,0,0,0,0,0,178,0,0,0,0,0,0,0,0,0,0,0,0,0,0,0,0,0,0,20,55,0,0,0,0,0,18,0,3,0,0,272,36,0,0,1,0,348,0,16,0,0,0,0,0,0,0,0,0,0,0,0,0,0,0,0,0,0,0,48,5,0,0,0,0,0,0,0,0,0,0,0,1,0,0,0,0,0,39,0,0,0,9,0,0,0,0,0,1,0,11,56,0,0,0,0,0,15,3812,0,0,359,0,0,0,0,0,0,0,98,0,0,0,36,0,20,0,0,336,0
0,0,0,0,0,0,28,0,0,0,0,3,0,0,5,0,90,1,0,20,6,24,9,5,0,1485,0,0,77,3,0,0,0,39,0,0,2,118,11,4,0,0,0,55,0,36,0,1,1,0,3,0,0,0,0,0,0,0,0,7,3,1,0,2,0,0,49,0,0,0,7,0,4,14,0,0,0,0,0,2,0,148,475,0,0,8,208,0,0,28,0,58,103,0,0,36,0,0,46,11,0,0,0,0,0,0,0,1,0,1,0,11,0,0,10,137,0,0,26,5,0,0,0,166,4,169,1,1,169,0,0,0,0,0,0,0,1,0,0,0,0,0,0,0,0,2,0,0,0,14,111,0,0,10,2,0,0,0,0,14,31,7,0,3,0,0,0,1,0,66,1,0,1,29,0,630,0,0,1,0,0,0,114,0,27,0,0,38,0,0,107,4,16,143,0,0,0,0,0,0,6,168,0,0,0,1,90,80,6,21,0,0,560,0,1,0,4,1,1491,0,3,0,0,0,0,0,0,0,1,3,0,50,0,17,0,0,0,389,0,8,150,79,0,0,0,0,0,0,0,0,0,4,7,0,1,8,6,0,4,0,2,0,0,1,0,0,0,0,0,848,0,43,197,0,17,0,0,0,6,6,0,0,250,0,0,0,0,0,61,0,0,0,0,0,10,5,1,0,0,93,0
0,0,0,1,0,1,75,0,0,0,0,0,0,0,34,0,0,0,0,0,0,0,0,0,0,5894,0,0,0,103,104,0,0,374,0,0,0,0,2,0,0,0,0,0,0,0,0,0,0,0,0,0,0,0,0,0,0,0,0,0,0,0,0,0,0,0,0,15,0,0,0,0,0,0,0,0,0,0,0,0,0,0,717,0,0,64,0,0,0,0,0,0,5,0,0,0,0,0,0,0,0,0,0,0,1,0,0,0,0,0,0,0,0,0,0,0,0,0,154,14,0,0,0,2,0,0,0,0,0,0,0,0,0,0,0,0,855,0,0,0,63,0,0,0,0,0,0,0,0,0,0,0,0,0,2,0,0,0,0,0,0,0,0,0,0,0,0,0,0,0,0,0,0,0,0,0,0,0,839,0,0,0,0,0,0,0,0,0,0,0,0,37,0,0,0,0,0,0,0,0,0,0,0,0,0,0,0,0,0,0,0,0,0,0,0,0,0,0,1,0,0,0,0,0,1,0,0,0,0,0,0,0,0,0,0,0,0,0,0,0,0,0,0,0,0,0,0,0,0,0,0,0,0,0,0,30,25,0,0,0,0,0,0,0,0,0,0,0,0,104,0,0,238,1,0,0,0,0,8,0,0,0,139,0,0,0,0,0,0,0,0,3,0,0,0,0,0,0,0,95,0
0,0,0,0,0,0,1,0,0,9,3,0,3,0,66,1,79,0,0,0,0,52,14,112,0,190,0,0,364,14,0,0,11,86,0,0,12,30,0,0,0,0,0,0,0,1,0,0,32,0,0,0,3,0,0,0,0,0,0,284,13,0,0,6,0,0,183,0,8,108,28,0,7,0,422,0,8,0,0,0,0,280,20,0,12,2,90,0,2,24,0,93,2187,0,0,0,0,0,0,2,62,0,2,0,0,2,0,0,0,0,0,39,0,0,11,0,0,0,0,0,0,0,0,0,1,0,2,0,46,75,0,0,1,1,0,0,0,0,0,0,0,0,0,46,0,0,0,0,19,0,0,0,0,45,1,0,0,0,6,0,1,19,0,1,0,58,3,0,84,19,0,0,1,0,0,543,0,0,0,0,0,0,26,0,0,0,0,0,323,2,312,12,0,360,0,0,3,0,0,0,0,0,0,1,0,17,174,0,0,23,0,0,290,0,0,0,17,0,1371,40,7,61,0,0,0,0,0,0,0,0,0,4,0,0,0,0,6,0,77,10,58,0,0,0,0,0,0,1,0,0,62,0,0,0,42,77,21,0,11,0,7,0,0,22,0,0,0,0,0,245,2,0,122,0,0,0,0,0,0,123,0,0,43,0,0,0,0,0,57,2,0,0,0,0,0,0,14,0,1,9,0
0,0,0,0,0,0,1,0,0,0,0,0,0,0,48,0,0,0,0,0,0,0,0,10,0,2686,0,0,4,6,0,0,0,0,0,0,9,0,1,0,1,0,0,40,0,0,0,0,9,0,0,0,0,0,0,0,0,0,0,0,0,0,0,0,0,0,5,0,0,0,0,0,0,50,0,0,0,0,0,0,0,0,0,0,0,0,0,0,0,0,0,1,29,0,0,0,0,0,0,0,0,0,0,0,0,0,0,258,0,0,0,0,0,0,0,0,0,0,12,1,0,0,0,1,0,0,0,0,0,0,0,26,0,0,0,1,3387,0,0,0,0,0,0,0,0,0,0,0,0,0,22,0,0,0,0,0,0,0,0,0,0,0,0,0,0,0,0,0,0,0,0,0,1,0,0,0,0,0,0,0,0,1,0,0,0,0,0,0,0,0,0,0,1,0,0,0,0,0,0,0,0,0,0,0,0,1,0,0,0,6,0,0,0,0,0,0,21,0,0,0,0,0,0,0,0,0,0,0,0,0,8,0,0,16,0,0,0,0,0,0,0,0,0,0,0,0,0,0,0,0,25,0,0,0,0,0,0,1,0,5,0,0,0,0,0,0,0,0,0,1,0,0,983,0,1,0,0,0,0,2186,0,0,0,0,0,0,0,1,6,0,0,0,0,0,21,0,0,0,0,111,0
0,0,0,0,0,0,7,13,0,0,0,6,0,166,1,0,0,0,0,0,123,56,1,1,0,123,0,0,3,1,142,0,0,128,0,0,44,135,0,0,0,5,0,40,0,0,0,5,0,0,0,0,0,0,20,0,0,0,0,344,0,74,0,0,0,0,14,1,0,0,63,0,35,132,0,139,0,0,0,157,3,0,0,0,147,0,0,0,0,73,0,1,5,26,0,0,0,0,0,0,0,0,0,0,0,0,0,0,0,0,5,0,0,25,0,2,0,0,0,0,0,0,0,0,278,0,0,0,35,31,0,38,0,0,0,0,1,0,0,0,0,0,83,0,0,0,0,0,0,0,118,2,0,0,1,188,0,0,0,10,0,47,0,919,0,0,0,1,0,16,0,0,0,0,0,271,0,156,0,0,0,0,26,0,0,14,0,0,331,0,0,113,3,69,0,0,0,0,0,0,3,110,0,0,0,0,60,0,23,1,0,0,72,11,0,0,34,4,1021,8,0,31,0,0,0,0,0,0,22,0,0,0,0,28,0,0,2,0,0,7,53,0,0,0,0,0,0,1,0,0,241,1,0,1,12,7,0,2,42,0,0,0,0,10,0,0,0,0,15,1,4,0,299,0,0,0,57,0,28,2310,0,31,0,0,0,0,0,0,104,50,0,0,0,0,136,0,0,0,0,144,1
0,0,0,0,0,0,0,0,0,0,0,0,0,387,0,3,0,2,0,0,0,0,0,6,0,0,0,0,122,87,331,0,0,96,0,0,42,719,0,0,0,0,0,0,0,0,0,1,0,0,5,0,0,0,0,0,0,15,0,22,0,0,0,2,0,0,84,0,0,446,0,5,0,0,0,852,2,0,0,91,0,0,462,0,0,6,0,0,0,0,0,86,16,0,0,0,0,0,0,0,0,72,0,0,0,0,0,176,0,0,0,0,0,0,0,2,0,1,47,0,0,0,0,8,175,0,0,0,0,0,0,0,24,6,0,0,58,0,167,0,47,0,0,2,0,0,93,0,1,0,0,0,0,6,0,0,0,0,0,0,0,0,0,0,0,0,0,0,0,0,0,0,1,0,0,0,0,0,0,4,0,0,0,0,0,0,0,0,0,0,0,140,0,1,0,0,30,0,0,0,0,0,0,865,430,44,0,0,0,17,0,0,0,0,0,1,51,0,4,0,0,0,0,0,0,0,0,0,0,0,0,1,0,274,0,0,2,0,0,122,0,0,0,0,3,2,0,0,0,0,0,0,0,0,27,270,7,0,0,0,2,0,0,7,2,0,0,0,11,971,241,0,1043,0,0,0,0,0,0,4,7,0,630,0,0,2,0,0,0,0,0,0,2,0,0,0,11,0,0,0,0
0,0,0,0,0,0,1,0,0,0,0,0,0,0,31,0,0,0,0,0,0,0,1,5,0,1493,0,0,0,0,0,0,0,74,0,0,0,201,0,0,0,0,0,76,0,192,0,0,0,0,2,0,0,0,0,0,0,0,0,0,0,29,8,7,0,0,253,0,0,0,0,0,0,0,0,1,0,0,0,107,0,0,32,0,0,2,203,0,0,8,0,77,0,0,0,0,0,0,0,0,38,1,0,0,6,0,0,0,0,0,0,0,0,175,0,2,0,1,231,0,0,0,0,3,26,0,0,0,0,0,0,0,0,0,0,0,34,0,0,0,0,0,0,0,699,0,0,0,0,0,6,0,0,0,1,0,0,0,0,82,0,0,0,0,0,0,0,0,0,0,0,0,7,0,0,0,0,67,237,0,0,0,0,0,0,0,0,0,0,0,0,0,0,0,0,0,0,0,0,0,0,0,0,0,0,44,1,0,0,3,0,0,10,0,0,0,0,71,0,0,0,33,0,0,0,0,0,0,0,0,0,0,0,241,0,0,13,0,0,3,0,0,0,0,6,0,0,0,0,0,0,0,0,0,0,3,0,0,0,13,0,0,0,0,0,0,1,0,450,0,18,0,35,0,73,0,0,0,0,4488,0,0,0,0,0,0,0,0,0,0,0,0,0,0,0,0,57,0,0,19,0
0,1,6,0,0,0,3,0,0,12,20,7,0,0,9,0,0,0,0,9,0,259,10,8,0,241,0,8,19,3,0,0,0,37,0,0,3,430,0,3,34,0,0,0,0,0,0,0,0,0,0,0,0,0,0,0,0,0,0,0,0,0,0,0,0,0,201,0,36,0,0,0,4,0,0,0,0,0,0,0,0,228,33,0,0,3,1,0,2,29,15,0,0,14,0,0,0,2,47,2,139,0,0,0,0,36,0,0,0,0,0,428,0,0,15,0,1,0,0,0,0,0,1,0,226,63,1,0,0,0,21,0,0,0,0,0,0,1,0,0,1,570,0,0,0,0,0,0,0,0,0,0,0,0,1,143,79,1,0,0,3,0,14,0,0,0,0,0,0,21,0,0,1,0,0,638,0,0,0,0,0,0,30,2,0,0,4,54,1436,0,0,0,2,188,0,0,0,1,0,0,514,0,0,0,0,0,238,22,0,1,0,0,783,0,0,0,0,0,173,0,0,0,0,0,229,0,0,0,0,0,0,0,36,0,0,18,0,313,0,59,127,0,84,0,0,0,68,0,0,15,0,0,0,2,25,14,1,4,12,0,0,0,7,0,2,0,0,80,0,62,0,163,327,0,0,0,1,0,3,0,0,1,702,0,0,1,0,0,0,0,0,1,0,0,17,0,39,0,0,0,0
0,0,0,0,0,0,3,0,0,0,0,0,0,0,57,0,73,0,0,0,0,0,0,3,0,247,0,0,313,156,643,0,0,0,0,0,124,0,0,1,0,0,0,0,0,0,0,0,4,1,0,0,0,0,0,0,0,8,0,0,0,0,58,0,0,0,1,7,32,0,0,0,0,0,0,0,0,0,0,0,0,0,0,0,0,5,0,0,0,0,0,528,0,0,0,0,22,0,0,0,0,0,0,0,0,0,0,0,0,0,33,0,0,0,0,9,0,0,0,0,0,0,24,0,0,0,0,0,57,0,0,0,0,0,11,0,0,0,0,0,0,0,0,12,0,0,0,0,0,0,0,0,0,0,1,44,7,1,0,0,0,0,0,0,1,0,0,1,161,25,0,0,1,2,0,1127,0,0,0,0,0,210,0,0,0,17,0,0,0,0,0,21,428,53,0,8,0,0,0,0,428,59,0,0,1,0,250,5,15,42,0,0,0,0,0,0,0,0,2710,0,0,0,0,0,101,0,0,0,0,0,0,5,0,1,64,0,0,0,0,405,0,0,0,0,0,0,0,8,0,0,0,0,0,0,0,8,4,0,0,0,0,0,0,0,0,0,0,0,0,134,0,0,674,15,5,0,0,0,0,282,0,0,0,0,0,0,0,129,0,0,0,0,0,0,0,0,0,0,0,112,0
0,0,0,0,0,0,0,0,0,0,0,0,0,0,22,0,0,0,0,0,0,62,0,0,0,78,0,0,0,0,0,0,0,0,0,64,0,166,0,0,0,0,0,68,0,0,0,0,0,0,5,0,0,0,40,0,0,0,0,103,0,40,0,0,0,0,0,0,0,0,20,0,0,0,4115,0,0,0,0,25,0,0,0,0,0,0,0,0,0,0,0,21,0,0,0,0,0,0,0,0,0,0,0,1,0,0,0,339,0,94,0,0,0,0,0,0,0,0,337,0,0,0,0,42,1150,0,0,0,0,0,0,0,0,0,2,195,0,0,0,0,0,0,0,0,0,0,0,2,0,0,3,2,0,0,0,0,0,0,0,26,0,0,0,0,0,0,0,0,0,0,0,0,43,0,0,0,0,2,478,0,0,0,0,0,0,0,0,0,9,0,0,0,0,0,7,2,0,2,0,0,0,0,0,0,1185,0,0,0,0,0,0,0,6,0,0,0,132,0,0,0,58,1,80,0,0,0,0,0,0,0,0,0,0,270,0,0,3,0,0,153,0,0,150,0,0,0,0,0,0,0,68,0,3,0,0,0,0,0,0,0,2,0,0,0,0,0,0,0,0,40,35,0,0,0,0,0,2,0,12,0,0,0,0,0,0,0,0,0,106,6,0,0,0,17,0,12,0,0,0,95,0
0,0,0,0,0,0,1,0,0,0,0,0,0,0,0,0,113,0,0,0,0,0,10,6,0,1701,0,0,41,0,0,0,0,0,0,0,0,0,0,5,0,0,0,0,0,284,0,0,4,0,0,0,0,0,0,0,0,0,0,0,15,0,2,241,0,0,612,0,8,121,0,0,10,0,0,0,0,0,0,19,0,245,0,10,0,7,0,0,0,0,0,0,0,0,0,0,4,0,0,0,88,0,1,0,0,0,0,0,0,0,0,482,0,0,0,0,1,0,0,0,0,0,0,0,0,263,1,1,0,0,0,0,0,0,0,0,0,0,0,0,0,0,0,0,40,1,0,0,0,4,45,0,0,0,1,0,56,0,0,0,0,22,0,1,0,0,0,0,0,0,0,0,1,0,45,487,0,0,0,0,0,0,0,0,0,0,0,1,0,0,0,0,0,176,0,0,0,0,0,0,63,0,0,0,0,24,108,0,8,3,0,0,135,0,0,0,0,0,171,0,1,0,0,0,0,0,0,0,0,0,0,31,0,0,9,0,0,425,18,34,201,0,0,0,0,0,4,0,0,0,0,0,0,0,0,0,11,0,0,0,0,0,0,10,0,9,0,0,6,113,0,0,178,0,0,0,0,0,0,3134,0,0,77,0,0,0,0,0,0,0,0,0,0,0,0,0,0,0,0,58,0
0,0,0,3,0,0,3,0,0,0,0,0,8,0,37,0,0,0,0,0,0,0,0,459,0,0,0,0,0,45,0,0,0,0,0,0,620,0,0,3,0,0,0,0,0,0,0,0,0,0,3,0,0,0,0,0,0,0,0,0,0,0,0,0,0,0,0,0,0,0,0,0,0,0,0,1440,0,0,0,53,0,0,0,0,0,0,0,0,0,0,0,0,16,0,0,150,0,0,0,0,0,68,0,0,0,0,0,0,0,0,0,0,4,0,0,0,0,0,0,0,0,0,0,3,3486,0,0,0,0,0,0,0,0,3,0,0,2119,0,0,0,3,0,0,0,0,0,0,0,0,0,0,0,0,0,0,0,0,0,0,0,0,0,0,0,0,0,0,0,0,0,0,0,3,0,0,0,0,0,0,0,0,0,0,0,0,0,0,0,0,0,0,0,8,0,0,0,0,0,0,0,0,0,0,0,0,0,0,0,0,39,0,0,0,0,0,0,0,0,55,0,0,0,0,0,0,0,0,0,852,0,0,0,0,0,0,0,0,0,0,0,0,0,0,0,0,0,0,0,0,0,0,0,0,3,0,0,0,0,0,0,0,0,0,0,0,0,0,0,0,0,0,0,402,0,8,0,0,0,0,0,0,3,0,0,0,0,3,0,0,0,0,0,0,0,0,0,102,0,0,0,0
0,0,0,0,8,0,31,0,0,0,10,0,0,159,4,0,21,0,0,0,0,271,0,0,12,1263,0,0,316,0,79,0,51,32,0,0,0,136,0,0,0,0,0,41,0,114,63,2,0,0,0,0,0,4,0,1,0,0,0,58,13,0,0,3,0,0,58,0,8,77,3,0,0,31,0,0,0,0,0,3,0,44,1,0,56,13,209,0,0,28,0,0,0,24,0,0,11,0,37,0,96,0,4,0,0,0,0,1,0,1,5,104,0,0,4,0,0,0,0,0,23,0,0,0,0,118,1,0,101,129,0,1,0,0,0,0,0,0,0,0,0,0,0,0,17,0,0,0,0,0,33,1,0,20,1,0,0,0,0,6,0,0,0,5,0,0,0,0,58,97,0,0,0,0,0,155,0,0,19,16,66,174,80,0,0,0,0,0,499,0,156,5,0,293,0,0,0,0,0,40,4,0,0,1,0,4,70,0,5,127,0,0,257,0,0,0,2,1,645,0,0,10,0,0,129,0,0,0,1,37,0,0,0,16,0,0,4,0,0,14,114,0,86,0,0,0,0,0,0,0,0,0,0,0,7,65,6,0,2,0,25,0,0,0,2,0,0,1144,0,2,0,4,61,1,0,0,0,1,0,954,0,0,96,0,0,1,0,0,0,19,0,15,0,0,0,0,5,0,0,357,90
0,0,0,0,0,0,1,0,0,0,14,0,0,0,13,0,5,0,0,0,0,7,19,2,0,662,0,0,8,0,0,0,0,33,0,0,1,2,0,3,0,0,0,0,0,0,0,0,11,0,0,0,0,0,0,0,0,0,0,0,2,0,3,1,0,0,244,1,16,40,0,0,60,0,0,0,1,0,0,8,0,42,45,35,0,10,0,0,7,20,0,21,67,0,0,119,0,0,22,28,26,0,0,0,0,0,0,0,0,17,0,112,0,0,0,0,0,0,0,0,0,0,11,0,0,41,1,1,0,0,0,0,0,1,0,0,0,1,0,0,1,0,0,0,0,43,5,0,0,0,0,0,0,5,1,180,0,187,0,0,0,9,0,0,0,40,0,0,0,0,0,0,1,1,0,348,0,0,4,0,0,163,75,0,0,0,0,0,0,0,0,0,3,66,0,0,7,0,0,0,33,354,0,0,0,1,65,11,17,1,0,0,32,0,1,0,0,0,319,0,5,0,0,0,149,0,0,0,0,0,0,0,0,122,0,0,0,226,0,14,0,0,0,0,0,0,0,2,0,0,0,0,0,0,3,7,1,0,0,0,0,0,0,2,0,0,0,0,8,4596,0,0,138,0,2,0,0,0,1,873,0,0,41,0,0,0,0,3,0,0,0,0,0,0,49,0,3,0,0,7,0
0,0,0,0,0,0,21,0,0,0,0,0,1,0,34,0,0,0,0,0,0,0,41,0,0,861,0,11,505,152,0,0,0,0,0,0,17,0,0,0,0,0,0,0,4,222,0,0,0,0,0,0,0,0,0,0,0,0,0,0,0,0,0,0,0,0,4,0,9,0,0,0,19,0,0,0,0,0,0,0,0,88,0,0,144,0,0,1,5,0,0,124,84,0,0,0,3,2,0,0,0,0,0,0,0,0,0,0,0,0,0,6,0,0,0,0,0,0,0,0,0,0,2,143,0,253,1,1,0,0,0,0,0,0,0,0,0,0,0,0,0,0,0,0,0,0,0,0,0,0,0,0,0,0,1,197,0,405,0,0,1,0,0,0,1,110,0,0,0,0,0,0,1,1,0,754,0,0,0,0,0,0,43,0,0,0,0,1,0,0,0,0,0,0,0,0,0,0,0,0,551,0,0,0,0,0,762,23,0,23,49,0,155,0,0,0,11,0,283,0,0,0,0,0,47,0,0,0,0,0,0,0,0,0,126,0,0,0,0,0,228,0,0,0,0,0,0,0,0,0,0,0,0,0,0,0,3,0,0,0,0,0,0,0,0,0,0,0,0,10,0,0,135,2598,0,0,0,0,0,475,0,63,178,0,0,0,0,1,0,0,0,0,0,0,0,0,5,0,0,0,0
0,0,0,0,0,0,1,45,3,0,0,0,0,0,14,0,0,0,0,0,95,37,0,1,0,663,0,0,57,54,0,0,0,47,0,0,0,280,0,0,0,0,0,68,0,117,0,0,0,0,0,0,0,0,0,0,0,0,0,244,9,129,0,0,0,0,46,0,0,26,0,0,0,278,0,0,0,0,0,0,0,0,0,0,117,0,0,0,0,0,0,11,0,0,0,0,0,0,0,0,0,0,0,0,0,0,6,92,0,0,0,0,10,0,0,0,0,0,43,0,15,0,0,0,18,0,0,0,0,0,7,0,0,0,0,0,0,0,0,0,1,0,0,0,0,0,0,0,0,0,0,0,107,229,1,77,43,1,0,0,17,0,0,0,28,0,0,0,28,315,0,0,0,0,4,345,0,0,165,0,0,0,91,0,0,0,7,0,417,0,0,0,0,69,0,0,0,0,0,0,15,208,0,0,0,0,0,0,0,0,0,0,37,0,0,0,39,14,465,0,50,0,0,0,101,0,0,0,0,0,0,2,0,0,11,0,0,0,0,0,180,0,17,0,0,0,2,0,0,0,0,4,22,0,0,0,1,0,0,0,6,0,0,0,0,0,0,0,0,1,0,0,25,1161,0,0,26,0,10,2922,1,0,135,0,0,0,0,0,34,0,0,0,0,0,0,0,0,0,0,34,0
2,0,0,0,0,0,32,0,0,0,0,0,0,0,2,0,83,0,0,0,0,98,0,0,0,0,0,0,39,50,102,0,0,22,0,0,108,0,1,0,0,0,0,0,0,0,1365,0,0,0,0,0,0,0,27,0,0,0,0,772,0,0,4,0,0,0,0,1,0,161,0,0,0,0,0,0,0,0,0,25,0,0,12,0,0,2,0,0,0,22,0,72,9,0,0,0,0,0,56,0,0,0,0,0,0,18,0,19,0,0,0,0,0,0,0,1,0,43,141,0,0,0,9,0,121,0,0,0,0,0,0,0,0,0,0,0,62,0,0,0,6,0,0,0,0,174,0,0,0,268,0,0,4,0,29,0,0,0,34,0,0,0,0,0,0,0,1,6,0,0,10,61,0,3,0,0,0,180,421,0,0,0,0,0,11,0,0,0,0,0,0,165,0,0,0,0,0,0,0,0,0,0,0,51,182,88,0,2,0,6,0,0,0,20,0,0,73,0,12,0,152,0,0,0,0,0,6,0,0,0,0,0,0,1364,0,0,0,0,0,0,0,0,0,0,11,78,0,2,0,0,0,0,41,0,0,281,4,0,0,0,0,0,0,4,0,0,0,0,716,2,0,0,960,0,0,0,0,0,25,529,0,0,218,3,0,0,0,0,0,17,0,0,0,0,25,0,10,0,0,265,0
0,98,0,0,0,0,1,0,0,0,20,0,0,0,1,0,0,0,0,0,0,0,0,1,0,1221,0,0,7,0,46,0,0,0,0,0,1,0,0,2,0,0,1,0,0,7,0,0,0,0,0,0,0,0,0,0,0,0,0,0,0,36,0,0,0,0,241,1,3,0,0,0,0,0,0,156,0,0,0,0,0,140,0,0,0,1246,0,0,2,0,0,0,1,1,0,1,5,0,0,0,0,143,0,0,0,0,0,0,0,0,3,111,0,0,0,0,1,0,0,0,0,0,0,0,4,0,0,0,0,154,0,0,0,0,0,0,0,0,0,0,0,0,0,0,0,0,0,0,0,2,0,5,0,0,2,92,0,0,0,0,0,24,0,0,0,49,0,0,0,19,0,7,1,0,0,0,0,0,0,0,0,161,0,1,0,0,0,0,0,0,0,13,2,0,0,19,0,0,9,1,0,0,0,0,0,0,509,0,11,0,0,0,0,0,0,0,0,0,1330,0,0,0,0,0,0,0,0,0,4,0,0,0,27,6,13,0,0,0,0,1100,0,0,0,0,0,0,0,0,0,0,0,0,0,0,0,0,0,0,0,0,0,0,5,0,33,0,0,0,13,16,0,0,47,483,0,0,0,0,0,1957,0,0,0,0,0,333,0,0,44,0,0,0,0,0,10,0,0,0,0,0,0
0,0,0,0,0,0,0,0,0,0,0,0,1,0,93,0,0,0,0,0,0,0,0,8,0,595,0,3,14,7,0,0,0,0,0,0,33,0,0,0,0,0,0,0,0,0,0,0,0,0,0,0,0,0,0,0,0,0,0,0,0,0,0,0,0,0,0,0,0,0,0,0,5,0,0,1,0,0,0,0,0,0,1,0,0,24,38,20,0,0,0,57,21,0,0,0,9,0,0,0,0,0,5,0,0,0,0,0,0,1,0,0,0,0,0,2,0,0,0,0,21,0,0,0,0,0,0,0,0,0,0,0,0,0,0,0,0,0,0,0,2,0,0,22,0,0,0,0,0,0,0,0,0,0,1,438,36,1,0,0,0,0,0,0,0,0,0,0,151,10,0,0,0,0,0,175,0,0,0,0,0,0,0,0,0,0,0,0,0,0,0,0,4,430,0,0,0,0,0,0,0,301,0,0,0,2,179,46,0,2,0,0,34,0,0,0,0,0,2135,0,1,0,0,0,37,0,0,0,0,0,0,20,0,32,87,0,0,855,0,43,63,0,0,0,37,0,0,0,0,0,0,0,0,0,3,7,11,0,0,0,0,0,0,2,0,0,0,0,5,395,0,0,1346,589,0,0,0,0,0,1315,0,0,49,0,0,12,0,0,0,0,0,0,1,0,0,0,161,0,0,0,0
0,0,0,0,0,0,5,0,0,0,24,0,0,0,248,0,37,0,28,6,0,0,64,143,0,181,0,0,109,13,0,0,0,29,0,0,22,0,0,7,0,0,211,0,0,0,0,0,14,0,0,0,0,0,0,0,0,0,0,0,0,21,0,23,0,0,45,0,0,0,0,0,0,0,0,1,0,0,0,0,0,605,0,0,0,25,0,1,0,26,0,21,9,0,0,56,0,0,0,0,0,0,0,0,0,0,0,0,0,0,0,12,0,0,0,0,0,0,0,10,0,0,0,0,1,0,5,0,0,23,0,0,0,0,133,0,1,0,2,0,10,0,200,0,0,0,0,0,0,0,72,0,0,20,1,0,134,1,0,0,0,80,0,0,0,133,0,0,0,130,0,0,1,0,0,388,0,0,0,0,0,0,90,0,0,0,0,0,0,0,0,0,0,775,0,6,0,0,0,0,89,283,0,1,0,3,521,39,30,0,0,0,18,0,0,0,0,0,350,0,0,65,0,0,95,0,0,0,0,0,0,0,0,31,112,0,0,379,46,156,0,0,112,0,0,0,7,0,0,0,0,0,0,2,0,100,0,0,0,0,0,0,0,0,0,0,0,0,12,361,0,0,177,5,0,0,0,0,0,2248,0,0,31,0,0,48,0,94,80,0,0,0,0,0,215,0,77,0,0,14,0
0,0,1,0,0,0,3,0,0,0,7,2,0,0,38,1,0,0,32,0,1,5,5,1,0,3595,0,0,2,0,11,0,14,162,0,0,5,5,0,0,0,0,0,1,0,14,0,1,0,0,0,0,2,0,1,0,0,0,0,0,1,1,1,0,162,0,16,0,0,0,0,0,2,7,0,0,0,0,0,1,0,104,105,0,2,42,0,13,0,18,0,21,1,0,0,0,0,0,79,0,0,0,0,0,0,0,1,36,0,1,0,148,0,0,5,0,0,0,6,0,0,0,0,0,122,0,1,0,31,0,0,1,0,0,0,0,0,0,0,0,0,0,0,0,0,0,0,0,0,0,39,0,6,0,1,30,26,0,0,3,0,0,0,0,0,0,0,0,48,31,0,0,0,0,0,127,0,5,0,0,0,0,17,6,0,0,0,0,447,0,0,2,3,0,0,0,0,1,0,0,293,0,0,0,0,12,106,46,27,1,0,0,79,0,1,0,0,0,1003,0,2,0,0,0,20,0,0,0,0,0,1,2,0,8,0,0,2,0,0,34,0,45,0,0,0,0,4,1,0,0,2,1,1,0,1,4,0,0,1,0,8,0,0,0,0,0,0,0,0,4,0,1,564,10,0,0,0,0,1,1923,0,0,24,0,0,0,0,0,2,0,0,0,0,0,91,0,22,0,0,31,0
0,0,0,0,0,0,4,0,0,0,0,0,1,8,38,0,0,0,0,0,38,0,0,0,0,3377,0,16,25,4,0,0,0,0,0,0,0,0,0,0,9,0,0,0,0,23,0,0,0,0,1,0,0,0,0,0,0,0,0,0,0,0,0,0,0,0,99,0,157,0,0,0,0,0,0,0,0,0,0,0,0,0,0,0,59,0,0,0,0,0,0,97,127,0,0,0,0,0,0,0,0,8,0,0,2,0,0,2467,0,87,0,0,0,72,0,0,0,0,49,12,0,0,6,38,406,0,0,0,0,0,0,84,0,0,0,0,47,0,0,0,0,0,0,0,0,0,0,0,0,0,0,0,0,9,2,26,0,858,0,0,0,0,0,0,0,0,0,0,0,0,0,0,1,0,0,0,0,0,0,0,0,0,0,0,0,0,0,0,0,0,0,42,9,0,0,0,172,0,0,0,0,0,0,0,0,0,0,0,0,0,0,0,0,0,0,0,157,0,0,0,0,0,0,0,0,0,0,0,0,0,131,0,0,0,0,0,0,0,0,0,8,0,0,0,0,0,0,0,0,0,272,0,0,0,0,0,0,0,0,0,0,0,0,0,1,0,0,0,0,7,24,37,265,0,0,0,15,0,0,585,0,1,0,0,0,0,0,2,0,0,0,0,0,0,0,0,16,0,0,0,0
0,0,0,0,0,0,1,0,0,0,0,0,0,233,8,0,0,1,0,0,0,70,6,0,0,2145,0,22,0,0,0,0,0,79,0,0,0,0,0,0,0,0,13,61,0,614,0,0,0,0,0,0,0,0,0,0,0,0,0,336,0,0,0,0,13,0,454,8,0,0,0,0,0,0,0,63,0,0,0,0,7,82,0,0,0,0,0,0,0,79,0,0,1,0,0,1,0,0,0,83,0,2,0,0,0,0,0,0,0,0,11,236,1,0,24,0,1,0,0,0,7,0,0,0,0,56,1,0,0,193,0,0,0,0,0,0,0,0,1,0,0,0,28,0,18,1,0,0,0,2,0,0,0,0,1,0,0,0,1,10,0,0,16,746,0,0,0,0,85,0,0,0,1,0,0,220,0,0,168,0,0,227,17,0,0,0,0,0,432,4,0,0,2,303,0,0,0,0,0,0,0,94,0,0,0,0,0,0,19,0,0,0,105,0,0,0,0,0,0,58,0,0,0,0,33,0,0,0,60,0,0,0,0,0,115,0,0,0,0,29,45,0,18,0,0,0,0,3,0,0,0,0,0,0,0,4,0,0,0,119,0,0,0,0,0,0,0,47,3,5,0,0,7,0,2,0,0,0,0,1353,0,0,517,2,0,9,1,0,0,106,31,0,0,0,11,0,17,0,1,0,0
0,0,0,0,0,0,0,8,0,0,1,3,0,0,20,0,1,0,5,4,31,14,4,0,0,1598,0,5,7,0,1,0,23,85,0,0,0,26,0,0,28,0,62,95,4,211,0,0,0,0,0,40,0,0,11,0,0,0,0,1,0,7,1,0,2,4,1,26,0,21,0,0,0,7,0,0,0,0,0,6,0,32,1,3,0,0,1,0,3,83,0,3,0,0,43,4,0,0,69,1,13,83,0,0,0,0,7,90,0,20,0,82,0,26,7,0,0,0,7,0,0,0,20,4,212,42,0,0,1,0,97,926,0,0,0,0,6,0,0,0,14,0,17,0,0,0,1,0,0,0,11,4,0,0,4,0,7,0,0,0,6,0,0,3011,0,0,0,2,0,0,4,0,0,0,0,0,0,0,1,0,0,0,0,0,1,19,0,0,31,0,0,1,1,1,0,0,0,0,0,0,7,0,0,0,1,4,0,0,3,0,0,76,0,1,0,0,50,1,0,3,34,1,0,0,0,4,21,0,63,0,144,0,0,506,0,0,0,4,0,1,0,0,0,0,0,1,0,2,0,0,504,0,22,0,0,0,0,0,2,1,0,0,0,1,0,0,0,0,2,10,0,10,224,0,0,0,0,1,3,713,0,0,54,0,0,0,0,0,2,1,0,0,0,0,114,3,2,0,0,30,0
0,0,0,0,0,0,1,17,596,0,0,5,0,0,0,0,1,0,0,18,58,28,4,1,0,1065,0,0,3,0,368,0,0,72,0,0,277,62,0,12,22,0,0,205,0,171,0,0,3,0,0,0,0,0,46,0,0,0,0,251,5,41,2,0,3,5,111,0,0,119,0,0,0,74,0,0,0,0,0,145,0,252,17,7,0,0,0,0,1,21,284,5,26,0,0,1,0,0,66,4,16,0,0,0,0,0,2,0,1,1,1,163,0,0,18,0,0,0,0,0,0,0,0,37,200,23,1,19,44,0,0,3,0,0,0,0,1,0,0,0,0,0,0,0,0,0,0,0,0,32,89,24,0,0,1,0,0,0,2,47,1,0,0,5,0,26,0,0,0,4,0,0,1,1,0,84,0,0,16,0,87,0,21,0,0,0,0,0,200,0,0,11,1,77,0,0,0,0,0,2,1,0,370,1,0,2,0,0,10,2,0,0,35,0,6,0,36,0,1173,31,0,49,0,0,24,0,0,0,0,30,23,4,0,7,0,0,0,0,0,24,68,0,0,3,0,0,0,0,0,0,29,0,32,0,4,16,0,0,5,0,1,12,0,22,0,0,0,17,0,43,3,0,184,0,0,0,726,0,17,531,0,0,530,0,0,0,0,0,28,72,0,0,0,0,38,0,3,20,0,40,0
0,0,0,0,0,0,0,0,0,0,0,0,0,806,156,0,0,0,0,0,0,0,0,0,0,362,0,0,0,224,0,0,0,22,0,0,130,0,0,0,0,0,0,0,0,487,0,0,0,0,0,0,0,0,0,0,0,0,0,0,0,0,0,0,0,0,0,0,0,0,0,0,0,55,0,0,0,0,0,0,0,0,0,0,0,0,0,0,0,0,0,0,0,0,0,0,0,0,174,0,0,76,0,0,0,0,317,1367,0,0,0,0,0,0,0,0,0,0,344,0,0,0,0,0,0,28,0,0,0,0,107,21,0,0,0,0,0,0,0,0,0,0,0,0,0,0,0,0,0,0,0,0,0,0,0,0,0,0,0,218,0,0,0,617,0,0,0,0,0,0,0,0,1,0,0,0,0,0,0,0,0,0,0,0,0,0,0,0,0,0,0,111,0,0,0,0,0,0,0,0,0,0,0,0,0,0,0,0,1,0,0,0,0,0,0,0,0,0,117,8,211,0,0,0,0,0,0,0,95,0,535,0,0,0,0,0,0,0,3,0,0,0,0,0,3,0,0,0,0,0,0,0,0,0,0,0,0,0,0,863,0,0,0,0,0,0,0,0,0,266,0,0,768,0,0,0,0,0,0,630,0,0,875,0,0,0,0,0,0,0,0,0,0,0,0,0,0,0,0,0,0
29,0,0,0,0,0,23,2,0,0,0,4,0,21,635,0,1,0,0,0,0,11,0,0,0,4398,0,0,0,0,0,0,0,204,0,0,19,236,0,0,0,0,109,0,0,0,0,0,0,0,0,0,0,0,0,0,0,0,0,11,0,7,0,0,249,0,10,0,68,0,7,0,0,0,0,0,3,0,0,3,0,56,0,0,0,0,0,0,0,31,3,0,316,0,0,0,0,0,52,2,0,0,0,0,0,0,0,0,0,0,0,6,0,0,0,0,0,0,0,0,29,0,14,0,13,50,0,0,41,0,0,0,0,0,0,0,0,0,0,0,0,0,0,0,1,0,0,0,0,0,0,0,0,0,1,58,0,0,0,0,0,0,0,0,0,0,2,0,0,0,0,1,0,0,0,1182,0,18,1,0,0,0,0,0,0,0,0,0,0,0,0,1,7,49,0,0,0,0,0,0,13,0,0,1,0,1,0,2,5,0,0,0,298,0,1,0,6,0,590,0,0,0,0,1,105,0,0,0,0,0,4,0,0,0,0,0,0,0,0,3,142,0,0,0,0,0,0,0,0,0,0,0,0,0,1,3,0,0,0,0,0,0,0,2,0,0,0,0,0,47,0,0,286,0,0,0,0,0,4,265,0,0,193,0,0,0,0,0,28,5,0,0,0,0,8,0,9,0,0,0,0
0,2,0,0,38,0,0,26,0,1,0,0,3,850,38,0,0,0,0,0,59,57,0,0,1,0,2,0,10,0,677,0,0,59,0,0,0,144,0,0,0,1,612,84,0,240,0,0,1,0,9,25,0,0,171,0,0,0,1,396,0,14,0,0,0,62,85,0,0,0,50,0,0,155,0,0,0,0,12,169,2,1,3,0,702,0,0,0,0,26,0,0,2,0,54,2,0,0,77,0,0,0,0,0,3,3,141,0,0,71,0,0,0,55,0,0,0,0,43,0,0,0,0,1,157,12,0,0,1,0,48,805,0,0,0,0,1,0,1,0,0,0,0,0,95,0,0,1,0,0,38,90,7,0,0,0,0,0,1,84,0,0,11,532,0,0,0,0,0,0,16,0,1,0,0,0,7,128,70,0,5,0,0,6,0,0,17,16,0,0,0,81,0,0,196,0,0,0,0,0,240,0,0,1,0,0,9,0,0,12,0,59,1,3,3,0,101,19,183,4,0,32,239,0,0,2,118,0,27,0,138,0,0,283,0,0,0,0,0,0,15,0,0,2,0,0,0,0,0,48,40,0,23,0,0,0,8,0,7,71,0,0,0,0,0,0,0,0,0,0,0,144,0,0,0,0,0,0,0,0,1,0,351,0,0,0,2,0,0,46,0,0,6,0,0,0,14,0,1,88,0
0,0,0,0,0,8,3,0,0,0,9,2,0,0,2,0,1,0,5,1,0,23,0,0,0,1,0,0,0,18,1476,0,66,53,0,0,5,258,0,0,0,0,0,46,0,13,0,8,0,0,2,0,0,0,57,0,0,0,0,372,0,0,0,7,0,0,2,0,2,0,23,0,0,0,0,0,5,0,0,227,0,148,227,3,0,1,1,0,0,81,0,7,0,22,0,0,3,0,39,0,0,0,0,0,0,1,0,0,0,0,0,69,0,1,41,0,0,0,0,0,0,0,0,0,1,36,1,1,31,130,0,0,1,0,0,0,0,1,0,0,1,0,78,0,1,0,0,0,16,0,40,0,0,71,1,287,33,0,0,3,0,21,7,8,29,40,0,0,42,72,3,0,0,1,0,104,11,157,8,0,0,264,59,0,24,0,0,0,0,0,25,6,0,120,0,0,0,0,0,0,0,83,1,1,0,18,235,0,5,1,0,34,22,0,1,0,24,14,1039,0,46,65,0,1,18,0,61,0,4,3,0,0,0,1,0,0,1,632,0,18,171,0,0,0,1,0,0,0,0,0,0,5,39,0,71,2,3,0,7,3,0,0,0,1,49,0,0,0,219,1,0,0,26,0,0,1,0,0,7,1771,0,0,38,0,0,0,0,0,21,6,71,0,0,0,40,0,15,0,0,42,0
12,8,0,0,0,0,15,16,0,0,5,0,1,0,8,0,40,0,0,0,0,47,5,1,0,1249,0,0,4,18,139,0,0,126,0,0,52,148,0,0,30,0,0,0,0,0,0,0,0,0,0,0,0,0,4,0,0,2,0,40,7,0,1,8,0,1,57,1,32,51,0,0,15,0,0,0,2,0,2,57,0,38,6,0,27,1,0,0,1,0,0,1,3,0,0,0,0,0,0,3,0,7,0,0,0,0,0,1101,0,0,0,42,0,0,23,0,0,1,80,1,0,0,3,6,91,0,0,0,0,0,0,201,0,0,0,26,54,3,0,0,56,1,0,1,0,0,77,0,2,2,0,0,1,17,0,0,0,0,0,55,0,0,0,0,0,0,1,4,0,0,25,0,0,0,0,0,0,4,0,0,0,0,0,0,9,0,0,0,0,0,0,0,3,2,0,1,0,0,0,0,0,0,0,0,476,16,0,5,2,0,0,0,0,2,2,1,15,0,123,0,0,0,0,0,0,0,0,0,0,0,0,0,0,308,0,0,0,0,0,1,0,0,0,0,3,14,0,0,0,0,0,0,0,0,0,4,5,0,2,77,0,0,0,8,0,0,0,0,0,4,8,0,713,0,0,0,0,0,3,3423,0,0,0,0,0,0,0,0,0,0,0,0,0,0,185,0,246,0,0,180,0
0,0,0,0,0,0,27,0,0,0,0,0,0,0,0,0,0,0,0,3,0,0,0,4,1,1868,0,0,0,0,1,0,0,26,0,0,0,0,0,0,0,0,0,0,0,0,0,0,0,0,0,0,0,0,0,0,1,0,0,100,0,0,0,0,0,1,25,0,0,0,5,0,0,0,482,0,0,0,48,0,0,0,0,0,0,0,0,0,0,0,4376,0,0,0,0,142,0,0,0,0,0,0,0,0,0,0,0,707,0,0,0,0,0,0,0,0,0,0,0,0,2,0,0,0,0,425,0,0,0,0,0,0,0,1,0,0,0,3,0,0,0,0,0,0,0,0,0,0,0,0,0,0,0,0,0,0,0,0,0,0,0,0,1,1,0,0,0,0,0,0,0,0,0,0,0,0,0,1,0,3,0,0,0,0,0,1,0,0,0,0,0,86,0,0,0,0,0,0,0,0,0,4,0,0,0,0,0,0,0,8,0,0,0,0,0,0,0,12,0,3,2,0,0,11,0,0,0,0,16,0,0,0,0,9,0,0,0,42,0,0,0,0,0,0,0,0,0,0,0,0,0,0,0,0,0,0,0,0,0,65,0,0,0,0,0,0,0,1435,0,19,0,0,0,0,1,0,0,0,0,3,0,0,0,0,0,0,0,0,0,0,0,0,0,0,1,0,29,0,0,0,0
0,0,0,0,0,0,0,0,0,0,0,0,0,756,5,0,0,0,0,0,121,53,0,0,0,1339,0,3,0,2,0,0,0,43,0,0,0,0,0,0,0,0,87,97,0,386,0,0,0,0,0,0,0,0,0,0,0,0,0,216,0,0,0,0,2,0,33,0,0,0,0,0,0,108,0,77,0,0,0,89,0,0,0,0,0,0,1,0,0,81,0,0,0,0,0,0,9,0,51,0,0,2,0,0,0,0,0,3,0,28,0,0,0,0,0,0,0,0,12,0,0,0,0,2,46,61,0,0,0,0,13,53,0,0,0,0,28,0,0,0,0,0,0,0,0,0,0,0,0,0,0,0,0,0,0,0,0,0,0,0,0,0,0,4542,0,0,0,0,0,0,5,0,38,0,38,0,0,0,0,0,0,0,0,0,50,0,2,0,0,0,0,314,0,0,0,0,0,0,0,0,0,0,0,0,0,32,0,0,0,0,1,51,0,4,0,0,0,0,2,0,0,0,0,0,0,0,0,0,0,0,143,10,0,327,0,0,0,0,0,0,0,0,0,0,0,0,0,0,0,0,0,0,0,0,0,0,6,0,0,28,0,0,0,0,0,0,0,0,0,143,0,64,0,0,0,0,0,0,0,0,0,0,299,0,0,0,0,0,0,94,0,0,0,0,0,0,0,0,0,0,0
0,0,0,0,0,0,1,0,0,0,0,0,0,0,131,0,0,0,0,0,0,0,0,1,0,1618,0,0,0,1,0,0,0,0,0,0,0,0,0,0,0,0,0,0,1,0,0,0,8,0,0,0,0,0,0,0,0,0,0,0,0,0,1,0,0,0,0,0,0,0,0,0,0,0,0,0,0,0,0,0,0,0,0,0,0,0,286,0,0,0,0,2,0,0,0,0,0,0,0,0,0,0,0,0,0,0,0,1087,0,0,0,0,0,0,0,0,0,0,0,0,0,0,0,0,154,0,0,0,0,0,0,0,0,10,0,1,8,0,0,0,9,0,0,0,0,0,0,0,0,0,0,0,0,0,0,0,0,0,0,0,19,0,0,0,0,0,0,0,0,0,0,0,0,0,15,0,0,0,0,0,0,0,0,0,0,0,0,0,0,0,0,0,0,0,0,2,0,0,0,0,0,0,0,0,0,4,0,0,74,0,0,0,0,0,0,0,0,0,518,0,0,0,0,0,0,0,0,0,0,0,0,0,0,0,0,0,0,0,0,0,0,0,0,0,0,0,0,0,0,0,0,0,32,1,0,0,89,0,0,0,0,0,0,0,0,0,0,0,0,5915,0,0,0,0,0,0,0,0,5,0,0,0,0,0,0,0,0,0,0,0,0,0,0,0,0,0,9,0,0,0,0
0,0,0,2,0,0,0,0,0,0,0,0,0,0,97,0,83,40,0,0,0,70,0,25,0,644,0,0,924,0,505,0,0,133,0,0,0,0,0,0,0,0,0,33,0,0,0,0,4,0,0,0,0,0,0,0,0,0,0,707,0,0,0,0,0,0,35,0,0,0,0,0,0,9,0,0,0,0,0,0,0,0,0,0,0,0,0,0,0,0,0,25,35,0,0,0,0,0,21,0,0,0,0,0,0,0,0,284,0,0,0,0,0,33,0,2,0,0,0,0,0,0,0,2,25,0,0,0,0,0,42,0,0,0,0,2,62,0,0,0,757,0,0,0,0,0,155,0,0,2,19,0,0,0,0,0,0,0,95,3,0,0,0,0,0,0,0,0,0,0,21,0,0,0,0,0,0,0,199,128,0,0,0,0,0,0,0,0,0,0,0,0,2,0,0,0,0,0,0,0,0,0,0,132,0,1024,0,0,0,203,0,0,0,0,0,0,856,0,0,0,0,0,0,0,0,0,0,0,13,0,0,0,0,291,0,0,0,0,0,0,0,0,0,0,2,0,0,0,0,0,0,0,0,0,0,233,7,0,0,1,20,0,0,0,0,0,0,0,0,235,0,0,1277,0,0,0,0,0,2,5,0,0,305,0,0,0,0,1,0,74,0,0,0,0,30,0,25,0,0,35,0
0,0,0,0,0,0,0,0,0,0,0,0,0,0,0,0,0,0,0,0,0,47,0,0,0,4818,0,0,0,1,0,0,0,49,0,0,1,1,0,0,0,0,0,0,0,150,0,0,0,0,0,0,0,0,0,0,0,0,0,10,0,0,0,0,0,0,0,0,0,0,0,0,1,0,0,0,0,0,0,8,2,0,0,0,0,0,0,0,0,12,0,0,0,0,0,0,0,0,0,0,0,4,0,0,1,3,0,870,0,13,0,0,0,1,0,0,0,0,11,0,0,0,0,0,98,357,0,0,0,0,141,0,0,0,0,0,0,0,0,0,0,0,0,0,0,0,0,0,0,0,0,0,6,0,0,0,0,0,0,0,0,0,0,0,0,0,0,0,0,0,2,0,0,0,5,0,0,0,38,0,0,0,0,0,0,0,0,0,0,0,0,1,0,0,144,0,0,1,1,0,0,0,0,0,0,0,0,0,2,1,0,0,0,0,0,0,0,0,4,0,0,0,0,0,0,0,0,0,0,0,0,0,0,0,0,0,0,0,0,0,0,0,0,0,0,1,0,0,0,0,0,0,0,0,0,0,0,0,0,0,0,0,0,1,0,0,0,0,0,0,0,0,161,0,0,0,801,0,0,2038,0,0,71,0,0,0,0,0,0,14,0,0,0,1,0,0,1,0,0,112,0
0,0,0,0,0,0,0,0,0,0,0,0,0,125,13,0,0,0,0,0,0,39,0,0,0,6942,0,2,0,0,0,0,0,252,0,0,0,0,0,0,0,0,100,0,0,0,0,0,6,0,0,0,0,0,0,0,0,0,0,0,0,0,0,0,0,0,0,0,0,0,0,0,0,0,0,0,0,0,0,0,0,0,0,0,0,0,0,0,0,81,0,0,4,0,0,0,0,0,50,0,0,0,0,0,0,0,2,0,0,0,0,0,0,111,0,0,0,0,175,0,0,0,0,2,222,0,0,0,0,0,0,32,0,0,0,0,2,0,0,0,71,0,0,0,0,0,0,0,0,4,0,0,0,0,0,0,0,0,0,0,0,0,0,0,0,0,0,0,0,0,0,0,1,0,0,0,0,240,0,0,0,0,0,0,0,0,0,0,0,0,0,0,0,0,0,0,0,0,0,0,0,0,0,0,0,0,0,0,0,0,0,0,0,0,0,0,0,0,776,0,0,0,0,0,0,0,0,0,0,0,107,0,0,0,61,0,0,0,1,0,0,0,0,0,0,0,0,0,0,0,0,0,0,0,0,0,0,0,0,7,0,0,0,0,0,0,0,0,0,8,0,0,39,0,0,0,0,0,0,0,0,3,163,0,0,0,0,0,0,0,0,0,0,0,60,0,71,0,0,227,0
0,0,0,0,0,0,0,38,0,0,0,0,0,0,45,0,0,0,0,0,114,16,0,5,0,2048,0,0,0,0,0,0,0,19,0,0,1,45,1,0,0,0,0,180,0,0,0,0,0,0,0,0,0,0,148,0,0,0,0,0,0,0,1,0,0,0,108,0,0,0,351,0,0,243,0,0,0,0,0,0,0,0,0,0,0,6,0,0,0,65,0,189,2,0,0,0,0,0,126,0,0,0,0,0,0,0,0,3,0,0,0,0,0,0,0,0,0,0,51,4,0,0,0,296,81,0,0,0,0,0,0,190,0,0,0,1,9,0,0,0,87,0,0,0,0,0,0,0,0,0,4,0,0,0,0,0,0,0,0,103,0,0,0,0,0,0,0,0,0,0,0,0,0,0,0,0,0,69,0,0,0,0,0,0,0,0,0,0,0,0,0,112,1,0,0,0,0,0,0,0,0,0,0,0,0,0,0,0,0,0,0,0,0,0,7,0,268,0,0,0,0,0,0,0,0,0,0,0,208,0,0,0,0,399,0,0,0,0,0,29,0,13,0,0,0,0,0,0,0,0,0,0,2,0,0,7,0,0,0,255,0,0,0,13,0,0,0,0,0,26,0,0,1326,0,1,0,0,0,0,2100,2,0,281,0,0,0,0,0,40,0,0,0,0,0,52,0,2,0,0,210,0
0,0,0,0,0,0,0,8,0,0,0,0,0,0,11,0,0,0,0,0,0,27,0,2,0,2959,0,0,48,2,0,0,0,88,0,0,0,0,0,0,0,0,0,0,0,254,0,0,0,0,0,0,0,0,0,0,0,0,0,35,3,11,0,0,0,0,122,0,0,34,0,0,0,27,0,0,0,0,0,66,0,0,378,0,0,0,0,0,0,0,0,4,15,0,0,25,0,0,0,0,0,0,0,0,0,0,0,54,0,0,0,0,0,31,0,0,0,0,357,1,0,0,0,8,0,0,0,0,0,0,0,0,0,0,0,0,0,0,0,0,2,0,0,0,0,0,0,0,0,0,0,0,0,17,0,0,0,0,0,84,0,0,0,0,0,0,0,0,0,0,5,0,0,0,0,0,0,6,8,0,0,0,0,0,0,0,0,0,0,0,0,164,0,0,0,0,0,0,0,0,0,0,0,561,0,2,0,0,1,0,0,0,0,0,23,0,25,81,0,0,1,0,0,0,0,0,0,0,22,0,0,0,0,369,0,0,0,0,0,0,0,0,0,0,4,0,0,0,0,0,0,0,0,0,0,4,1,0,0,0,0,0,0,3,0,0,0,0,0,6,0,0,0,0,0,0,0,2,0,3476,0,0,376,0,0,0,0,1,0,0,0,0,0,0,0,55,17,0,0,115,0
0,0,0,0,0,22,0,0,0,42,21,0,0,0,114,2,0,0,0,18,39,0,34,0,0,602,0,0,5,12,0,0,8,0,0,0,14,0,0,0,0,0,0,0,0,0,0,7,3,0,0,0,1,0,0,0,0,0,0,0,7,0,0,8,0,0,5,0,0,0,0,0,7,0,0,178,4,0,0,1,0,75,0,0,0,0,0,1,0,0,214,15,153,0,0,0,0,0,0,3,0,0,0,0,0,0,0,0,0,1,0,13,0,0,0,0,0,0,0,0,8,0,0,0,371,0,1,0,107,0,0,1,0,1,0,0,0,0,3,0,0,0,0,57,0,0,0,0,0,0,94,0,2,3,2,62,32,1,0,0,1,39,0,0,0,63,0,0,0,33,0,0,1,0,0,698,0,0,0,12,0,0,61,0,0,0,0,0,0,0,0,0,0,107,0,0,1,0,0,0,0,0,0,0,0,1,267,0,42,1,0,0,35,0,0,0,0,0,1807,0,1,0,0,0,56,0,0,0,0,0,0,5,0,0,161,0,4,0,0,62,79,0,0,0,0,0,0,0,0,0,8,0,0,0,0,11,10,0,0,0,0,0,0,0,7,0,0,0,9,39,5,0,448,21,0,0,0,0,0,2997,5,0,408,0,0,29,0,0,0,13,0,0,0,0,0,0,2,0,0,87,0
0,0,0,0,0,13,1,20,0,7,3,19,0,98,5,1,0,0,8,0,84,76,0,7,0,1,0,0,13,3,62,0,0,71,0,0,8,326,7,0,0,0,0,231,0,50,0,6,0,0,0,0,1,0,171,1,1,0,16,57,5,68,1,2,72,0,1,0,0,0,36,0,6,10,0,178,3,0,0,66,5,198,92,0,653,8,1,0,2,64,0,5,4,0,0,8,0,0,80,0,0,0,0,128,0,1,0,0,0,0,0,77,0,1,13,25,0,0,0,0,21,0,0,0,13,148,0,0,40,0,0,1,20,0,0,0,0,0,0,0,1,0,59,33,1,0,0,151,0,2,63,8,70,3,1,98,14,0,0,16,1,5,10,0,0,0,0,0,132,92,0,0,0,0,0,926,11,0,2,0,0,0,36,0,37,0,0,0,260,0,60,4,0,157,0,0,0,2,9,0,35,0,1,1,0,1,138,0,0,16,0,0,126,0,1,8,2,43,1130,0,22,0,0,0,37,0,79,0,5,0,35,35,98,1,0,0,2,0,0,193,111,0,0,0,0,0,0,0,0,0,0,0,72,0,35,7,2,0,9,0,7,0,0,2,2,0,0,0,0,623,0,14,761,0,0,0,0,7,4,134,0,0,373,0,0,0,0,0,18,8,0,4,0,0,11,4,10,0,0,100,0
0,0,0,0,0,0,0,35,0,8,2,0,2,204,111,0,0,0,0,7,143,5,6,0,0,162,0,0,42,0,201,0,8,181,0,0,0,1,0,0,40,0,479,19,0,189,0,1,0,0,0,0,5,0,187,0,0,0,0,0,0,38,0,2,33,0,9,0,0,0,24,0,0,0,0,0,3,0,0,105,0,117,21,0,38,2,2,1,0,28,0,2,192,0,0,0,0,0,15,32,37,70,0,0,0,0,0,1742,0,24,0,99,0,29,55,0,0,0,0,0,0,0,0,0,37,0,0,0,0,171,11,34,73,0,0,0,5,1,0,0,19,0,0,1,0,0,1,0,3,0,19,0,0,0,1,0,0,0,0,45,0,0,0,0,0,0,0,0,0,0,0,0,0,0,0,0,0,4,231,0,0,0,0,26,6,0,0,0,23,1,0,74,4,0,0,0,0,1,0,0,0,0,0,1,446,47,0,0,0,0,0,0,0,0,0,0,56,16,118,0,0,0,0,0,0,0,521,0,33,0,32,0,0,86,0,0,0,0,0,4,0,0,0,0,0,0,0,0,0,0,3,1,3,0,4,1,18,0,6,22,1,0,0,1,0,0,0,60,8,10,0,41,303,0,0,0,0,0,2,2320,0,0,125,0,0,0,0,0,12,1,0,0,0,0,6,0,147,0,0,0,0
0,0,0,0,0,0,0,13,89,0,10,1,0,514,138,0,11,1,5,1,39,50,14,0,1,1548,0,0,2,2,288,0,0,106,0,0,19,63,0,0,13,0,0,0,0,0,0,0,0,0,0,0,0,0,1,1,0,1,0,60,2,7,0,0,165,8,33,0,0,0,3,0,0,226,0,0,0,0,0,24,0,146,0,5,0,0,0,0,0,142,0,0,27,0,0,0,0,0,69,21,10,0,0,0,0,1,0,0,0,1,0,6,0,1,0,27,1,0,0,17,19,1,0,0,68,50,0,1,17,6,0,18,73,0,0,0,0,0,0,0,0,0,76,0,1,0,4,0,0,9,46,6,0,34,1,22,0,0,1,0,0,0,0,1,25,0,0,0,34,0,0,1,1,0,0,198,0,0,0,0,1,0,0,0,0,0,0,1,113,0,0,0,3,56,0,0,0,0,0,0,14,0,0,0,0,4,334,2,13,0,0,16,25,0,1,0,5,1,1141,7,0,0,0,1,92,0,1,0,6,1,20,0,0,0,0,0,4,0,0,89,34,0,0,4,0,0,0,1,0,1,0,0,12,0,5,0,21,0,0,2,2,0,0,2,0,0,0,0,1,3,0,1,146,1,4,0,0,5,3,2600,0,0,160,0,0,0,0,0,13,25,0,0,0,0,271,0,0,2,0,99,0
0,0,3,0,0,0,0,173,5,0,0,0,0,468,0,2,0,2,0,0,2,59,0,0,0,2153,0,0,0,18,1,0,0,87,0,0,1,17,0,0,0,14,0,16,0,131,0,4,0,0,0,0,0,0,0,0,0,0,0,207,1,0,0,0,0,0,129,0,0,0,60,0,0,52,0,0,0,0,0,0,0,0,22,0,0,0,0,0,0,40,0,0,186,0,16,0,0,0,34,0,0,21,0,0,0,0,0,2164,0,0,0,0,0,56,0,0,0,0,52,0,0,61,0,1,27,0,0,0,6,0,18,2,0,0,0,0,167,0,0,0,0,0,0,0,0,0,0,3,0,0,4,8,1,29,0,0,54,0,29,28,0,0,0,0,0,0,0,0,0,0,0,0,63,0,84,0,0,0,210,12,0,0,0,0,8,0,0,3,32,0,0,50,0,0,0,0,0,0,0,0,0,0,0,0,0,0,0,0,0,0,12,0,17,0,0,0,117,27,0,0,0,0,276,0,0,0,0,0,9,0,168,0,0,0,0,11,0,0,0,0,0,0,167,0,0,0,0,0,0,0,0,0,0,0,0,234,0,0,15,83,36,0,0,17,0,0,0,82,0,0,7,27,0,0,2,0,0,0,0,1239,0,0,74,4,0,0,0,0,73,10,0,0,0,0,43,0,0,99,0,54,0
0,0,0,0,0,0,1,0,0,0,0,0,0,0,225,0,0,0,0,0,125,50,0,0,0,2162,0,0,27,0,0,0,0,0,0,0,15,82,0,0,1,0,0,75,0,351,0,0,0,0,0,0,0,0,28,0,0,0,0,0,0,6,0,0,0,0,0,0,2,0,0,0,0,0,0,0,0,0,0,0,1,0,154,0,138,2,84,0,0,172,0,0,138,0,0,0,0,0,0,0,0,5,0,0,0,0,0,85,0,0,0,0,0,643,0,0,0,0,101,5,0,0,0,1,895,0,0,0,0,84,18,52,0,0,0,0,602,0,0,0,0,0,0,0,0,0,0,0,0,0,23,28,0,0,0,0,0,0,0,43,0,0,0,0,0,0,0,0,0,0,0,0,0,0,0,0,0,0,267,0,0,0,0,0,19,0,0,0,0,0,0,96,0,0,18,0,0,0,0,0,0,0,0,0,0,4,2,0,0,0,0,0,0,0,0,0,19,0,0,0,128,15,0,0,0,0,0,0,275,0,438,0,0,968,0,0,0,0,0,0,0,0,0,0,0,0,0,0,0,0,0,0,0,0,0,0,1,0,41,11,0,0,0,7,0,0,0,0,0,3,0,33,81,0,0,0,0,0,7,632,0,0,399,0,0,0,0,0,0,18,0,0,0,0,0,0,0,0,0,95,0
0,0,0,0,0,0,242,0,0,0,2,9,0,0,13,6,0,0,0,0,0,138,0,65,0,122,0,0,309,109,173,0,0,0,0,0,395,0,0,0,0,0,0,55,0,189,0,0,0,0,0,0,0,0,0,0,0,0,0,104,0,0,0,6,0,0,20,0,0,0,97,0,0,0,0,0,0,0,0,269,0,133,15,0,318,0,4,0,0,185,0,0,1,0,0,0,0,0,118,0,0,0,0,0,0,0,0,7,0,0,0,38,0,1,9,0,0,0,0,0,5,1,0,35,52,102,0,0,95,0,0,0,0,0,0,0,0,0,0,9,0,0,0,0,8,0,0,0,0,7,94,0,0,48,0,55,0,0,0,0,0,12,0,1,0,0,0,0,67,63,0,0,1,0,0,501,0,0,0,0,0,0,28,0,0,0,0,0,168,0,0,14,0,0,0,0,0,0,0,0,0,0,0,1,0,0,563,0,4,25,0,0,323,0,10,0,0,0,237,0,0,18,0,0,0,0,0,0,1,0,5,0,0,15,0,0,7,0,0,155,106,0,0,0,0,0,0,0,0,0,0,0,0,0,21,0,22,0,0,24,0,0,0,0,1,0,0,0,0,1,0,0,271,0,0,0,0,0,0,2791,0,0,212,0,0,0,0,0,0,37,0,0,0,0,412,0,48,0,0,176,0
0,0,1,0,0,0,2,0,0,0,0,0,1,0,177,0,0,0,0,0,0,0,7,5,0,64,0,0,50,0,0,0,0,53,0,0,9,0,0,3,0,0,0,2,0,11,0,0,30,0,0,0,0,0,0,6,0,0,0,0,15,0,0,156,0,0,6,0,0,0,0,0,0,0,0,0,0,0,0,0,0,50,106,14,0,6,69,0,0,0,0,48,1,0,0,0,4,0,0,2,12,0,5,0,0,0,0,0,0,0,6,5,0,0,22,23,0,0,0,0,11,0,0,0,20,45,1,0,37,0,0,0,0,0,0,0,0,0,0,0,0,0,0,18,0,1,0,0,0,0,10,0,0,0,47,442,0,1,1,0,1,0,0,0,45,49,0,0,78,0,0,0,0,2,0,316,0,0,2,0,0,0,133,0,0,0,0,0,0,0,0,20,13,348,0,0,0,0,0,0,0,0,0,1,0,0,253,0,25,3,5,0,87,0,0,0,0,0,1864,0,0,0,0,0,38,0,0,0,3,0,0,3,0,0,0,0,0,0,12,14,61,0,0,0,0,0,0,0,0,0,0,0,0,0,0,20,0,0,0,0,0,0,0,0,0,0,0,0,0,0,0,0,2168,0,1,0,0,0,0,2638,0,0,132,0,0,0,0,0,0,0,0,0,0,0,0,0,9,0,0,57,0
0,0,0,0,0,0,0,0,0,0,0,0,0,0,316,0,0,0,0,0,0,0,0,0,0,7395,0,0,0,0,0,0,0,0,0,0,0,0,0,0,0,0,0,0,0,0,0,0,2,0,0,3,0,0,0,0,0,0,0,0,0,0,0,0,0,0,0,1,0,0,0,0,0,0,0,0,0,0,0,0,0,0,0,0,0,1,0,0,0,0,0,0,1083,0,0,19,0,0,0,0,0,0,0,0,0,0,0,0,0,0,0,0,0,0,0,0,0,0,0,0,0,0,0,3,0,0,0,0,0,0,0,0,0,0,0,3,1,0,0,0,0,0,0,0,0,0,0,0,0,0,30,0,168,0,0,0,0,0,0,0,0,0,0,0,0,0,0,0,0,0,0,0,126,0,0,0,0,0,0,0,0,1,0,0,0,0,0,0,0,0,0,0,0,0,0,0,0,0,0,0,0,0,0,0,0,0,0,26,0,0,0,0,0,0,0,0,0,0,0,0,0,0,0,0,0,18,0,0,0,0,0,0,0,0,0,0,0,0,0,0,0,0,247,0,0,0,0,0,0,0,0,0,0,0,0,0,0,0,0,0,0,0,0,0,0,0,0,0,0,27,0,0,187,0,6,0,0,0,0,0,0,0,0,0,0,1,139,0,0,0,0,0,0,0,0,0,0,0,0,195,0
0,0,0,0,3,10,1,0,0,5,5,0,0,40,5,0,0,0,6,4,99,143,6,0,0,1146,0,0,5,37,154,0,50,4,0,0,21,1,0,0,19,0,0,23,0,179,0,0,6,0,3,0,0,0,0,0,0,0,0,154,6,22,0,26,0,0,196,0,1,0,364,0,0,250,733,0,0,0,0,119,5,264,147,4,58,0,0,0,0,25,0,0,0,1,0,0,0,0,30,0,8,0,0,120,0,0,0,0,0,0,0,52,0,0,0,0,0,0,0,6,0,0,0,0,13,73,1,0,23,85,0,3,9,0,0,1,0,0,0,0,0,0,0,0,21,0,0,26,0,0,81,1,0,0,1,142,0,0,0,7,12,0,3,1,0,0,1,0,0,167,0,0,1,0,0,207,0,253,46,0,0,72,9,0,0,0,0,0,0,0,0,8,6,0,9,0,0,0,0,11,294,0,0,0,0,0,0,0,0,7,0,0,55,0,1,0,25,0,1256,7,0,0,0,0,24,0,44,0,12,0,57,20,0,1,0,0,0,0,16,0,49,0,0,0,0,0,0,0,0,0,104,4,17,0,69,0,0,0,0,5,0,0,0,0,4,0,0,0,0,1,0,63,7,0,0,0,0,0,4,1533,0,0,45,0,0,0,0,0,89,32,0,0,0,0,190,0,2,37,0,77,0
0,0,1,0,0,0,3,11,0,12,6,0,0,0,0,0,0,0,60,0,0,77,29,0,0,549,0,0,0,3,10,0,0,0,3,0,14,0,0,0,0,0,0,0,0,0,0,8,0,0,0,0,0,4,0,1,0,0,0,136,38,0,0,6,0,0,1,0,3,15,13,0,104,0,0,0,3,5,3,12,0,270,24,0,53,0,1,0,0,0,0,9,8,0,0,0,0,1,0,2,0,0,0,0,0,0,0,0,0,0,0,332,3,0,5,21,0,0,0,195,10,0,0,0,0,102,1,1,1754,0,0,0,115,1,3,0,1,1,0,0,0,0,0,18,0,0,0,0,33,0,0,0,0,2,1,0,16,1,0,0,0,17,6,0,39,0,0,0,54,20,0,0,0,2,0,310,11,0,22,0,0,194,26,0,0,0,0,0,0,0,0,0,0,79,0,0,0,0,0,0,0,55,0,1,0,1,234,0,0,0,0,0,106,0,0,7,2,38,1501,0,52,4,0,10,178,0,4,0,23,0,0,4,0,1,0,0,1,305,0,3,137,0,0,0,0,1,3,0,0,0,0,0,0,0,4,2,0,0,0,0,3,0,0,3,0,1,11,0,0,15,0,0,0,0,1,2,0,0,0,2310,0,0,0,0,0,0,1,0,0,0,0,0,0,65,31,0,1,0,0,0,0
0,0,0,2,0,0,5,0,0,0,0,0,0,0,39,0,0,0,0,0,0,0,0,56,0,752,0,0,95,38,495,0,0,0,0,0,0,0,0,0,0,0,0,0,0,0,0,0,0,0,0,0,0,0,0,0,0,0,0,0,0,0,0,0,0,0,158,16,0,0,0,0,0,0,0,0,0,0,0,0,0,0,0,0,0,19,0,0,0,239,0,6,35,0,0,0,0,0,0,0,0,0,0,0,14,0,0,0,0,0,5,0,0,123,0,0,0,0,0,0,0,0,0,3,141,0,0,0,0,0,0,0,0,0,0,44,25,0,0,0,0,0,0,0,0,0,0,0,0,121,0,0,0,0,0,0,0,0,0,0,0,0,0,0,0,0,0,0,0,0,0,2,4,0,0,0,0,0,192,0,0,0,0,0,0,0,0,0,0,0,0,96,0,0,0,50,0,0,2,0,0,0,0,0,257,0,0,31,6,78,0,0,0,0,0,0,0,0,0,0,0,0,0,0,0,0,0,0,0,0,0,0,0,2127,0,0,0,0,0,0,0,0,0,0,0,62,0,0,0,0,0,0,0,0,0,46,0,0,0,0,0,0,0,0,0,0,0,0,0,2603,0,0,951,0,0,0,0,9,0,9,0,0,0,0,0,0,0,0,0,107,0,0,0,0,163,0,0,0,0,774,0
0,0,0,0,0,1,5,0,0,0,0,0,0,0,7,0,0,0,0,0,56,28,0,5,0,839,2,0,0,0,57,0,0,0,0,0,0,199,0,0,0,2,0,18,0,0,0,0,0,0,0,0,0,0,0,0,0,0,0,0,0,0,1,0,0,0,25,0,0,0,0,0,0,0,0,18,0,0,0,143,0,0,0,0,0,0,89,0,0,107,0,53,0,0,0,0,0,0,0,0,0,0,0,0,0,0,0,171,0,0,0,0,0,0,0,0,0,0,117,0,0,0,0,11,0,0,0,0,0,0,0,690,0,0,0,0,29,0,0,0,2,0,0,0,0,0,17,0,0,0,3,92,0,0,0,0,30,0,0,0,0,0,0,0,0,0,0,0,0,6,0,0,0,0,0,0,0,0,0,5,0,0,0,0,0,0,0,0,0,0,0,0,2,0,0,1,0,52,0,0,0,0,0,0,0,9,2,0,0,0,0,0,0,0,30,0,0,0,0,0,0,0,0,0,0,0,0,0,0,0,233,0,0,1217,0,0,0,0,0,16,0,0,0,0,0,0,0,0,0,0,0,6,0,0,18,0,0,0,0,2,0,0,0,0,0,0,0,0,0,184,0,0,80,0,0,0,0,0,2,5120,0,0,0,0,0,0,0,0,29,0,0,0,0,0,0,12,0,105,0,54,0
0,0,0,0,0,0,0,18,0,0,1,0,0,0,0,0,1,3,1,1,56,33,0,2,3,3198,0,0,0,0,1,0,18,74,0,0,8,36,0,0,0,0,0,48,0,104,0,9,0,0,0,0,1,0,0,1,0,0,0,337,0,0,1,1,0,0,76,0,0,0,30,0,0,13,0,0,0,0,0,181,0,0,82,0,5,0,1,0,0,4,0,23,0,0,0,0,0,0,0,0,1,0,0,2,0,0,0,196,0,64,0,0,0,110,0,0,0,1,111,0,0,0,0,0,19,357,0,0,3,0,1,5,0,1,0,0,3,1,0,3,44,0,0,0,10,0,5,0,0,0,11,0,0,23,0,0,0,0,98,27,0,0,0,0,0,0,0,0,0,0,3,0,0,0,0,0,0,73,405,0,39,0,0,0,8,0,0,0,0,0,0,20,1,0,0,0,0,0,0,0,0,0,0,1159,0,26,0,0,0,2,0,0,19,0,17,0,179,35,80,0,10,0,0,66,0,1,0,0,80,5,16,0,1,149,0,0,4,0,0,0,0,0,0,0,4,0,0,0,0,0,0,5,7,1,29,48,0,0,14,33,25,0,0,1,0,0,0,0,0,15,0,4,462,1090,0,0,0,0,2,162,3,0,117,0,0,0,0,0,83,1,0,0,0,0,0,0,7,0,0,30,0
0,0,0,0,0,0,0,0,0,0,0,0,2,0,28,0,2,0,0,0,0,50,0,4,0,1,0,0,3,2,0,0,0,63,0,0,8,0,1,0,0,1,0,0,0,78,0,0,0,0,0,0,0,0,0,0,0,0,0,0,0,0,0,0,0,0,0,5,0,0,94,0,0,0,0,1,0,0,0,242,0,0,226,0,0,1,1,0,0,0,0,2,2118,0,0,43,0,1,0,0,0,0,0,0,0,0,0,3257,0,0,0,0,0,0,0,0,0,0,87,0,0,0,0,1,13,0,0,0,0,0,0,8,0,0,0,0,11,0,0,0,4,0,0,0,0,0,0,0,0,9,0,0,0,0,0,0,0,0,0,0,0,0,0,4,0,0,1,2,0,0,0,0,0,0,0,0,3,0,0,0,0,0,0,0,0,0,0,0,0,0,0,31,1,0,0,0,0,0,0,0,0,0,0,0,0,6,0,0,1,3,3,0,0,6,4,0,155,0,49,0,0,0,0,0,0,0,531,0,54,0,20,1,1,279,0,0,0,0,0,0,0,0,0,27,5,0,0,10,0,0,0,0,0,1,66,1,0,0,0,10,0,0,0,0,0,0,0,0,0,0,0,30,14,0,0,0,0,0,0,1965,0,1,311,0,0,0,0,1,0,0,0,0,0,0,13,0,3,0,0,22,0
0,0,0,0,0,0,0,1,0,0,0,0,1,0,1,11,0,15,0,0,19,27,0,22,0,1344,0,0,17,0,604,0,0,175,0,0,24,170,1,0,0,0,0,0,0,4,0,0,0,0,3,0,0,0,0,0,0,0,0,283,0,0,0,9,0,0,24,0,0,0,0,2,0,0,0,0,0,0,0,0,0,0,35,0,0,4,308,0,0,14,0,13,6,0,0,0,0,0,2,0,0,0,0,0,0,0,0,441,0,0,0,0,0,119,0,3,0,0,153,0,0,0,0,2,51,0,0,0,0,0,0,9,0,0,0,0,30,0,0,0,1,0,0,0,0,0,10,0,0,0,14,0,0,7,0,0,0,0,2,0,0,0,0,0,0,0,0,0,0,0,0,0,0,0,0,0,0,129,170,15,0,0,0,0,0,0,0,0,0,0,0,23,1,0,0,0,0,0,0,0,0,0,0,0,0,5,15,0,1,1,0,0,0,0,19,0,93,0,94,0,0,49,0,0,0,0,0,0,137,8,276,0,0,2427,0,0,0,0,0,0,0,0,0,0,58,0,0,0,0,0,0,0,0,0,48,84,1,0,0,0,20,0,0,5,0,0,0,0,0,57,0,0,235,1,9,0,0,0,0,1565,0,0,378,0,0,0,0,7,6,0,0,0,0,0,29,0,19,0,0,32,0
0,0,0,0,1,0,7,15,0,0,10,0,0,52,20,0,0,0,0,1,22,34,6,4,0,3276,0,0,13,29,109,0,0,25,3,0,21,24,0,0,33,1,0,15,0,41,0,2,1,0,0,0,0,0,1,0,0,0,0,48,2,86,0,0,13,0,90,0,0,0,7,0,0,76,0,0,0,0,0,16,10,118,209,7,9,0,0,0,0,0,9,0,0,0,0,0,0,0,0,0,24,0,0,0,0,2,1,0,0,0,14,2,0,0,0,0,0,0,0,0,4,0,0,0,69,28,1,0,31,0,0,2,17,0,0,15,0,0,0,0,0,0,0,0,0,0,0,0,0,0,93,2,0,248,1,0,0,0,0,1,0,0,17,1,0,0,0,0,41,12,0,0,1,0,0,534,0,0,29,0,0,109,27,0,0,0,0,0,222,0,0,0,0,258,0,0,0,0,0,0,301,95,0,1,1,0,317,0,0,2,0,0,97,0,1,0,11,1,1085,11,1,0,8,0,20,0,3,0,7,0,21,3,0,56,0,0,3,0,16,151,103,0,71,0,0,0,0,0,0,0,44,58,27,0,0,0,0,0,0,1,0,19,0,9,0,0,0,22,6,1,0,0,99,0,0,0,0,0,0,920,0,0,36,0,0,0,3,0,20,20,0,0,0,0,0,3,0,3,0,57,1
0,0,0,0,0,0,85,0,317,0,0,0,2,0,34,0,0,0,3,0,535,68,0,0,0,0,0,0,21,39,366,0,3,116,0,0,5,8,6,0,0,0,0,0,0,0,0,0,0,0,0,0,0,0,0,0,0,0,0,0,0,0,0,0,0,0,0,0,7,547,28,6,2,0,0,0,0,0,0,32,0,0,0,0,52,0,0,0,0,70,0,0,405,136,0,0,0,0,0,0,0,7,0,0,0,0,0,29,0,0,0,0,0,0,0,0,0,0,13,19,13,0,0,0,649,0,0,0,0,144,0,0,0,0,0,2,0,0,0,0,0,0,0,0,0,0,3,0,0,0,14,0,0,15,0,0,0,0,0,0,2,0,5,0,0,0,0,0,0,0,0,0,0,0,0,0,0,0,170,0,0,5,0,0,3,0,0,0,0,0,0,98,0,3,0,0,0,0,0,0,0,0,0,3,533,10,0,0,8,0,0,0,0,0,20,0,175,0,0,38,3,0,0,0,0,0,0,0,0,0,291,0,0,610,0,0,5,0,0,4,0,0,0,0,5,0,0,0,0,94,0,0,0,0,15,0,0,0,24,85,0,0,12,0,1,3,0,0,0,44,0,19,619,0,0,0,0,0,0,2843,0,0,65,36,0,1,0,0,82,0,0,0,0,0,0,0,13,0,0,251,0
0,0,0,0,0,15,0,0,0,7,27,4,0,0,31,0,0,2,0,1,22,19,26,0,0,3644,0,0,7,20,250,0,5,63,0,0,1,32,11,0,0,0,0,6,0,153,476,1,0,0,0,0,2,0,2,0,0,0,0,74,7,0,0,0,0,0,49,0,2,0,5,10,24,2,0,0,4,0,0,29,2,64,2,5,268,0,0,1,0,17,0,0,3,0,0,1,0,0,58,0,0,0,0,34,0,1,0,0,0,0,0,71,0,167,8,39,0,0,7,0,22,1,0,0,16,0,0,0,106,1,0,1,0,0,0,1,0,0,1,0,0,0,0,8,0,0,0,0,0,0,21,1,0,70,1,82,21,1,0,0,0,24,5,0,0,0,0,0,41,15,0,0,1,0,4,372,7,31,11,0,0,96,67,0,0,0,0,0,64,10,0,4,0,0,1,0,0,0,46,0,0,0,0,1,1,1,88,0,0,1,0,39,17,23,1,0,6,2,371,0,11,27,0,0,35,0,1,0,24,0,15,2,0,1,0,0,1,0,0,5,74,0,1,0,0,0,0,0,0,13,0,1,8,1,5,1,0,1,14,2,0,0,8,2,0,0,0,0,1,14,0,16,55,3,0,0,0,2,1,2047,1,0,51,0,0,0,0,0,8,11,33,0,0,0,17,1,0,11,0,7,0
0,0,0,0,0,0,1,87,0,0,0,0,0,0,1,0,0,0,0,0,94,0,0,15,0,163,0,0,9,0,393,0,0,63,0,125,0,67,0,0,0,0,0,79,0,14,0,0,0,0,0,0,0,0,22,0,0,0,0,196,0,0,1,0,0,0,3,0,0,41,20,0,0,0,0,0,0,0,0,0,0,0,0,0,51,0,1,0,0,168,0,6,2505,0,20,0,0,0,47,0,0,2,0,0,1,0,0,1020,0,0,0,11,0,242,0,0,0,0,0,1,0,0,0,1,428,0,0,0,0,0,41,10,1,0,0,0,0,0,0,0,0,0,0,0,0,0,1,0,0,0,8,63,0,0,0,0,0,0,0,48,0,0,0,0,0,0,0,0,0,0,0,0,1,0,0,0,0,68,0,0,0,0,0,0,0,0,0,0,0,0,0,47,0,1,0,2,0,0,0,0,0,0,0,0,0,2,0,0,0,13,0,0,0,0,0,0,0,3,0,0,0,1,0,0,0,0,3,0,130,0,0,0,0,97,0,0,0,0,0,0,0,0,0,0,0,0,0,0,0,0,895,0,0,0,0,1,0,0,4,15,0,0,0,1,0,0,0,0,0,153,78,0,207,0,4,0,0,0,0,2007,0,0,0,0,0,0,0,0,0,26,45,0,0,0,82,0,0,0,0,47,0
0,126,0,0,0,0,2,0,0,0,0,0,0,0,0,0,12,0,0,0,0,39,9,2,0,1663,0,0,5,0,0,0,0,208,0,0,0,0,0,0,0,0,0,10,0,11,0,0,0,0,0,1,0,0,0,0,0,0,0,0,0,0,0,0,0,0,2,0,6,35,8,0,0,0,0,0,0,0,0,0,0,90,0,0,0,7,140,0,0,0,0,0,380,0,0,0,36,0,0,7,59,0,0,0,0,0,0,0,0,0,0,51,1,0,0,0,0,0,0,0,0,0,0,0,0,154,1,0,128,0,0,0,0,0,0,0,0,0,0,0,0,0,0,0,0,0,0,0,0,0,0,0,1,0,1,460,0,0,0,0,0,0,0,0,0,0,0,0,0,49,0,0,0,2,0,1110,0,0,0,0,0,206,25,23,0,0,1,0,0,0,0,0,0,46,0,0,0,0,0,0,0,58,0,0,0,0,369,0,9,1,0,0,280,0,0,0,0,0,1703,0,0,0,0,0,0,0,0,0,0,0,0,0,0,0,0,0,0,0,74,143,0,0,0,0,1,0,4,0,0,0,0,0,0,0,0,21,0,0,0,0,0,0,0,0,0,0,0,0,0,28,0,0,482,0,2,0,0,0,0,1510,0,0,130,0,0,0,0,0,0,0,0,0,0,0,0,0,4,0,0,65,0
0,0,0,0,0,0,0,0,0,0,0,0,0,0,0,0,10,0,0,4,0,62,0,0,1,2845,0,0,0,10,537,0,0,0,0,0,5,6,127,0,0,0,0,0,0,29,0,0,0,0,0,0,0,7,25,0,0,0,0,164,9,0,0,0,0,0,101,0,0,0,32,0,6,0,0,0,1,0,0,0,0,131,4,0,29,0,0,0,0,0,0,1,0,0,0,0,0,0,107,0,0,0,0,0,0,1,0,0,9,45,0,89,0,0,13,0,0,0,0,0,0,0,0,38,0,314,2,1,0,0,0,1,0,0,0,0,0,0,0,0,0,0,0,0,0,0,0,0,0,0,0,19,0,0,1,335,0,0,0,9,0,0,0,810,0,37,0,0,0,0,9,0,0,1,0,122,0,0,0,0,0,0,70,0,0,0,0,0,0,0,0,2,0,0,0,0,0,0,0,17,8,0,0,0,0,0,111,0,12,1,0,0,99,30,0,0,3,0,514,0,0,0,0,0,137,0,0,0,3,44,0,0,0,5,0,0,0,0,0,2,46,0,0,0,0,0,0,0,0,0,0,0,0,0,0,2,11,0,0,8,0,0,0,1,0,0,0,0,165,4,0,8,46,0,1,0,0,0,0,2132,0,0,46,0,0,0,0,0,0,18,0,0,0,0,167,0,1,0,0,178,0
0,0,0,0,0,0,127,0,0,0,0,0,0,87,9,2,0,0,0,0,0,65,0,0,0,1539,0,0,0,13,859,0,0,21,0,0,120,410,0,0,0,0,0,126,0,1136,0,0,0,0,0,0,0,0,65,0,0,0,0,0,0,0,0,0,0,0,0,0,3,19,7,0,0,10,0,0,0,0,0,0,0,0,24,0,49,0,145,0,0,0,0,5,54,0,0,0,16,0,16,0,0,0,0,0,0,0,0,37,0,0,0,0,0,5,0,0,0,0,39,1,2,0,0,1,887,0,0,0,0,0,168,0,0,0,0,0,0,0,0,0,0,0,0,0,0,0,0,2,0,0,0,48,0,3,0,0,6,0,0,65,0,0,0,1,0,0,0,0,0,0,0,0,0,0,0,0,0,90,0,0,0,0,0,0,6,0,0,0,0,0,0,68,0,0,0,0,0,0,0,0,0,0,0,0,0,0,0,0,1,0,0,0,0,0,6,0,0,0,0,0,86,0,0,0,0,0,0,0,38,0,261,1,0,0,0,0,0,0,0,0,0,0,0,0,3,0,0,0,0,0,0,0,0,0,0,0,0,0,11,71,0,0,5,4,0,0,0,0,0,0,0,0,40,0,0,0,0,0,0,2144,0,0,649,0,0,0,0,0,0,95,0,0,0,3,32,0,18,0,0,175,0
0,0,0,0,0,0,0,0,0,0,0,0,0,0,88,0,0,0,0,0,0,0,0,0,0,6475,0,0,22,0,0,0,75,232,0,0,1,0,0,0,0,0,0,0,0,76,0,0,1,0,0,0,0,0,0,0,0,0,0,0,0,0,0,0,0,0,0,0,3,0,0,0,0,0,0,0,0,0,0,0,0,1,1,0,0,1,21,176,0,0,0,1,0,0,0,0,0,0,118,0,0,1,3,0,0,0,0,826,0,0,0,0,0,148,0,0,0,0,91,0,0,0,0,164,0,0,3,0,0,0,10,152,0,3,0,0,777,0,0,0,0,0,0,0,0,0,0,0,0,0,0,0,0,0,0,0,0,0,0,0,0,0,0,0,0,0,0,0,0,0,0,0,3,0,0,8,0,0,0,0,0,0,0,0,0,0,0,0,0,0,0,0,0,0,0,0,0,0,0,0,0,0,0,0,0,9,0,0,3,2,0,0,0,0,0,0,0,0,0,0,19,0,0,0,0,0,0,0,86,1,131,2,0,1,0,0,0,0,0,4,0,0,0,0,1,0,0,0,0,0,0,0,0,0,0,3,15,0,0,0,0,0,0,0,0,0,0,0,0,218,0,0,16,0,0,0,0,0,0,0,0,0,9,0,0,0,0,0,0,0,0,0,0,0,0,0,0,0,0,0,0
0,0,0,0,0,0,0,0,0,0,0,0,0,0,0,0,0,0,0,0,41,0,23,5,0,20,0,0,11,0,565,0,2,0,0,0,6,0,0,0,24,0,0,49,0,41,0,0,23,1,0,0,0,0,0,0,0,0,0,0,0,0,0,0,0,0,300,0,17,0,0,0,0,0,0,0,0,0,0,0,0,88,0,0,0,0,103,0,2,0,0,0,32,0,0,229,0,0,0,34,12,0,0,0,0,0,0,1,0,0,34,0,0,0,0,24,0,0,0,0,0,0,0,0,0,0,3,0,0,0,0,0,0,0,0,119,0,0,0,0,0,0,0,0,0,0,0,0,0,0,128,0,0,0,0,114,62,0,0,92,5,0,0,0,0,49,0,0,0,60,0,0,1,0,0,1079,0,0,126,0,0,200,134,1,0,0,0,0,0,0,0,0,0,468,0,0,0,0,0,0,5,0,0,0,0,0,538,0,7,0,0,0,0,0,0,0,16,0,743,0,0,0,0,0,148,0,0,0,0,0,0,0,0,152,0,0,0,0,0,0,0,4,78,0,0,0,0,0,0,0,0,0,0,0,0,0,0,0,0,0,0,0,0,0,98,0,0,0,0,2842,0,0,85,397,3,0,0,0,0,4,0,0,526,0,0,0,0,0,0,0,0,0,0,0,0,0,27,0,0,0,0
59,13,0,0,0,8,0,0,0,0,20,6,0,0,208,0,2,0,0,4,45,9,0,0,0,211,0,0,0,17,750,0,2,151,0,0,21,155,0,0,0,0,0,0,0,0,0,0,0,0,5,0,2,10,12,0,0,0,0,165,18,0,0,2,0,0,0,0,6,0,14,0,6,0,0,0,3,0,0,47,0,59,9,0,0,0,0,0,0,54,0,0,234,0,0,0,0,0,0,0,0,92,0,0,0,0,0,0,0,1,0,6,15,0,33,26,0,0,0,0,0,0,0,0,94,0,1,0,0,0,0,0,0,0,0,0,0,0,2,0,0,0,0,13,9,0,0,0,0,0,38,0,47,0,0,263,0,0,0,0,1,0,0,0,0,0,0,0,0,0,0,0,0,0,0,211,0,0,0,0,0,0,29,2,0,0,4,0,0,0,0,0,0,229,0,0,0,0,0,0,14,0,0,0,0,1,78,0,10,6,0,0,0,0,0,0,9,0,161,0,0,0,0,0,0,0,0,1,10,0,0,0,0,1,0,0,1,178,0,3,0,0,0,0,0,0,7,0,0,0,0,0,0,0,2,1,4,0,0,0,0,0,0,6,2,0,0,0,0,3365,0,55,665,0,0,0,0,0,0,1592,1,0,346,0,0,1,0,0,0,9,0,0,0,0,1,0,12,0,0,21,0
0,0,0,0,0,0,23,0,0,0,0,0,0,0,472,0,37,0,0,0,0,24,0,0,0,1644,0,0,109,0,0,0,0,24,0,0,2,30,0,0,0,0,0,0,0,0,0,0,0,0,0,0,0,0,0,0,0,2,0,0,0,0,0,0,0,0,0,0,4,0,0,0,0,0,0,0,0,0,0,14,0,0,0,0,0,13,0,0,0,0,387,0,35,0,0,29,0,0,0,0,0,50,0,0,0,0,0,1528,0,0,0,0,0,0,0,1,0,0,64,1,0,0,0,1,0,0,0,0,0,0,0,0,0,0,0,0,1841,0,0,0,731,0,0,0,0,0,0,0,0,0,0,0,0,0,0,0,0,1,0,41,0,0,0,0,0,0,0,1,0,0,0,0,173,1,0,0,0,28,0,0,0,0,0,0,0,0,0,0,0,0,0,29,2,0,0,0,0,0,0,0,0,0,0,0,0,0,0,0,1,0,0,0,0,0,0,0,0,0,202,0,0,0,0,0,0,0,0,0,0,0,0,0,0,104,0,0,0,0,0,4,0,0,0,0,2,0,0,0,0,0,0,0,0,0,0,6,0,0,0,6,0,0,0,0,0,0,0,0,0,1125,0,0,107,0,0,0,0,0,0,1074,0,0,0,0,0,0,0,0,0,0,0,0,0,0,0,0,8,0,0,20,0
0,0,0,0,0,0,13,33,0,0,9,0,0,147,4,0,1,0,0,0,0,25,0,1,0,3679,0,0,0,0,0,0,0,0,0,0,0,102,0,0,1,0,0,0,0,2312,0,0,0,0,0,0,0,0,0,0,0,0,0,145,0,13,0,0,1,4,8,0,0,0,37,0,0,12,0,0,0,0,0,11,0,2,0,0,109,1,0,0,0,102,0,4,1,0,0,0,0,0,46,0,0,0,0,0,0,0,262,572,0,0,0,0,0,100,0,0,0,1,41,0,0,0,14,1,304,0,0,0,0,31,0,0,0,0,0,0,1,0,0,0,3,0,0,0,0,0,2,0,0,0,0,0,0,4,0,0,0,0,0,0,0,0,0,344,0,0,0,0,2,0,1,0,0,0,0,0,0,49,3,1,0,0,0,0,3,0,0,0,0,0,0,355,0,0,0,0,0,0,0,0,0,0,0,0,0,5,0,0,2,0,0,0,0,0,0,0,66,0,1,0,1,17,0,0,0,0,0,0,55,0,214,0,0,198,0,0,0,0,0,1,0,0,0,23,0,0,0,1,0,0,109,1,0,0,18,0,1,0,2,0,1,17,0,2,0,0,0,0,4,2,0,0,0,0,0,0,10,1,2,0,0,0,142,0,0,0,0,0,7,58,0,0,0,0,0,0,4,0,0,121,0
0,0,0,0,0,0,0,130,0,0,0,0,0,20,46,1,60,0,0,16,208,91,0,95,0,13,0,32,377,14,1,0,0,108,0,0,4,104,0,0,0,0,0,0,21,0,0,0,0,0,0,0,0,0,0,0,0,5,8,13,10,0,0,6,0,0,147,0,2,136,0,13,0,22,0,0,0,0,0,0,0,286,596,0,84,0,0,0,12,42,151,46,0,0,0,0,0,2,33,35,37,0,0,0,0,2,0,0,0,1,0,93,0,0,5,0,1,0,155,18,0,0,0,464,21,0,1,0,0,72,0,0,0,0,0,0,0,0,18,0,1,0,0,44,133,0,0,0,0,112,54,0,0,19,205,0,38,0,0,0,14,6,0,0,0,45,0,0,69,7,0,0,0,0,1,494,0,0,1,0,0,284,0,0,0,0,1,29,0,0,72,0,10,171,0,0,1,0,0,1,3,140,0,0,0,0,73,0,5,152,0,0,467,0,0,0,4,0,891,0,21,104,0,0,189,0,0,0,0,0,0,0,0,262,6,0,1,0,0,25,67,0,32,0,0,0,0,4,0,0,1,0,0,0,48,0,3,0,0,0,0,0,1,0,0,0,0,0,19,21,0,0,30,0,0,0,5,1,2,1603,0,0,0,0,1,0,0,0,22,0,0,5,0,0,30,0,11,0,1,66,0
0,0,0,0,0,0,3,0,0,0,0,0,0,0,41,0,0,0,0,0,151,0,0,8,0,4,0,0,16,14,0,0,0,18,0,0,0,0,0,0,0,0,0,0,0,0,0,13,1,0,0,0,0,0,0,0,0,0,0,0,0,0,0,0,0,0,355,0,0,0,0,0,0,147,0,0,0,0,0,0,0,16,0,0,0,0,0,0,0,0,145,67,0,0,0,0,0,0,0,0,0,0,0,0,0,0,365,1751,0,0,0,0,0,0,0,0,0,1,0,0,0,0,0,1,0,0,0,0,0,0,0,162,0,0,0,82,11,0,0,0,1,0,0,0,0,0,0,0,0,0,0,0,2,2,0,0,0,0,0,0,0,0,0,0,0,0,0,5,0,0,0,0,0,0,0,0,0,0,0,9,0,0,0,0,0,0,0,0,0,0,0,0,1,0,0,0,0,0,0,0,0,0,0,2354,0,6,0,0,0,0,0,0,32,0,0,0,76,0,0,0,0,0,0,0,0,0,0,0,0,0,0,0,0,535,0,0,0,0,0,0,0,0,0,0,0,0,1,0,0,0,0,0,0,0,0,0,1,0,0,0,0,0,0,0,0,0,0,0,0,30,0,0,0,3,0,0,0,0,0,2593,0,0,915,0,0,0,0,0,0,0,0,0,0,0,65,0,0,0,0,0,0
0,0,0,0,0,0,23,0,0,0,12,0,0,640,1,0,0,0,0,7,0,53,0,0,0,1325,0,0,16,1,0,0,0,50,0,0,0,327,0,0,0,0,60,57,0,153,0,0,0,0,0,0,0,0,14,0,0,0,2,318,0,0,0,11,0,0,34,0,0,40,57,0,0,0,0,60,0,0,0,0,0,0,451,0,0,0,0,0,0,158,0,62,40,0,0,0,0,0,10,0,4,0,0,0,0,0,236,169,0,0,0,25,0,0,0,0,1,0,123,0,0,0,5,0,74,0,0,0,22,0,43,214,235,0,0,0,0,1,0,0,3,0,0,0,0,0,7,0,0,0,0,0,0,0,0,0,0,0,0,25,0,0,0,0,0,0,0,0,0,10,0,0,14,0,0,0,0,77,345,0,0,0,0,0,39,0,0,0,0,0,0,16,0,0,0,0,0,0,0,0,0,0,0,0,0,16,0,0,0,0,0,0,0,9,0,0,0,132,388,0,43,40,0,0,0,0,53,0,28,0,0,0,0,0,0,0,4,0,0,0,0,0,0,0,0,0,11,0,0,0,0,0,0,0,0,6,2,0,0,0,0,0,0,5,0,0,20,0,32,8,189,0,213,0,0,0,0,0,3,2307,0,26,518,0,0,0,0,0,61,71,0,0,0,0,12,0,8,0,1,113,17
0,1,0,0,0,0,2,0,0,0,0,0,0,504,0,0,0,0,0,0,0,0,0,0,0,4606,0,0,0,3,13,0,0,15,0,0,30,5,0,0,0,0,161,10,0,244,0,0,0,0,0,0,0,0,1,0,0,0,1,1,3,0,0,0,0,0,0,0,0,37,0,1,0,0,0,0,0,0,0,19,10,0,50,0,19,0,0,0,0,0,0,0,0,0,0,0,0,0,0,0,0,5,0,0,0,1,0,0,0,0,0,0,0,2,0,0,0,0,15,1,0,0,0,1,46,26,0,0,0,0,2,50,0,0,0,0,0,0,0,0,0,0,0,0,0,0,3,2,0,0,0,31,0,0,0,0,0,0,0,10,0,0,1,2,0,0,0,0,0,4,1,0,0,0,0,0,0,7,123,3,0,0,0,0,9,0,0,0,0,0,0,6,0,0,0,0,0,1,0,0,0,0,1974,17,0,0,2,0,0,0,0,0,0,0,1,0,17,3,0,4,0,0,0,0,0,0,2,0,0,0,0,0,0,185,0,0,0,0,0,14,0,0,0,0,0,0,0,0,0,0,0,0,8,0,0,4,0,0,3,1,0,0,0,1,0,0,0,29,8,74,45,10,146,0,0,0,1,0,0,1266,0,0,49,0,0,0,0,0,0,8,0,0,0,0,0,1,1,0,0,41,2
0,0,0,0,0,0,0,9,0,26,18,0,0,202,1,0,0,0,10,0,88,50,0,7,1,154,0,0,11,11,259,0,0,18,0,0,67,67,0,2,0,1,0,63,0,200,0,0,1,0,0,0,0,0,0,0,0,0,0,161,11,10,0,3,0,4,20,0,0,0,10,0,5,277,0,463,0,0,0,164,12,132,26,4,0,2,0,1,2,38,0,0,9,0,0,5,7,0,0,28,24,0,0,81,0,21,0,0,4,0,0,86,0,1,12,0,0,0,1,0,0,7,0,0,68,239,0,0,0,11,0,0,0,0,0,0,0,0,0,0,1,0,0,8,1,0,9,0,18,1,178,6,0,13,1,89,44,0,0,0,1,21,17,2,0,0,0,0,66,31,0,0,0,0,0,367,0,0,1,0,0,0,13,0,11,0,0,0,281,0,0,0,4,132,13,0,0,0,0,0,8,222,0,2,0,3,86,0,4,12,0,0,27,0,1,0,5,7,1067,38,4,2,1,0,0,0,0,0,7,10,40,4,0,24,121,0,1,0,18,33,88,161,0,0,0,0,0,0,1,0,155,2,15,0,3,4,13,0,4,0,6,0,3,5,1,0,0,0,172,10,0,0,381,0,40,0,1,1,3,2387,1,0,51,0,0,9,0,4,20,111,0,0,9,0,0,1,5,0,0,53,0
0,0,0,0,0,0,0,0,0,0,0,0,0,0,25,0,0,0,0,0,0,198,0,0,0,0,0,0,5,0,0,0,0,0,0,0,30,0,0,0,0,0,0,0,0,0,0,0,0,0,0,0,0,0,0,0,0,6,0,0,0,0,0,0,0,0,0,0,0,0,0,0,0,0,0,0,0,0,0,0,0,0,0,0,0,16,0,0,0,87,0,0,6,0,0,2,142,0,0,0,0,11,45,0,0,0,0,0,0,0,0,0,0,0,0,1,0,0,105,12,0,0,0,0,48,0,14,0,0,0,0,0,0,0,40,0,4,0,0,7,180,0,0,0,0,0,0,58,0,0,0,0,0,0,0,0,0,0,0,109,0,0,0,0,0,3,0,0,0,0,0,0,0,2,0,0,0,0,0,0,0,0,0,0,0,0,0,0,0,0,0,302,2,0,0,60,0,0,3,0,0,0,0,0,0,0,0,0,0,3,0,0,0,0,0,0,0,0,0,0,0,0,0,0,0,0,0,0,0,0,0,0,0,251,0,0,0,0,0,0,0,71,0,0,0,0,0,3,0,0,0,0,0,0,0,419,0,0,0,0,0,0,0,0,0,0,0,0,0,0,0,0,0,0,4,0,0,0,0,6389,0,0,925,0,0,0,0,1,0,0,0,0,0,0,0,0,0,0,0,411,0
0,0,0,0,0,0,1,13,0,0,0,0,0,102,0,0,0,0,0,7,114,20,0,6,18,810,1,0,6,0,0,0,0,217,0,0,7,2,0,0,0,0,0,152,0,14,0,0,0,0,0,0,0,0,4,6,0,3,1,89,1,15,2,0,279,85,40,15,0,0,50,0,0,70,0,0,0,0,0,14,0,0,0,0,25,0,4,0,0,37,2,1,27,8,11,0,0,0,43,0,2,0,0,0,0,0,178,271,0,0,0,0,0,83,0,0,0,0,100,0,0,0,8,0,53,94,0,0,2,0,17,15,0,0,0,0,24,1,0,0,8,1,0,0,0,0,0,0,0,2,10,7,0,33,0,0,0,0,447,98,0,0,0,0,0,0,0,0,0,0,5,7,1,0,0,0,0,0,172,1,0,0,0,42,4,0,0,0,0,0,0,39,1,0,0,2,0,0,0,1,0,0,0,0,0,3,0,0,2,1,1,0,31,12,2,0,80,0,57,45,0,0,128,0,0,1,0,0,164,5,180,0,0,5,0,0,0,0,0,0,0,0,0,0,0,0,327,7,0,0,0,2,0,0,0,0,2,0,1,53,3,0,0,1,0,0,0,0,0,0,0,19,0,0,68,0,0,0,1,3723,0,0,256,0,0,0,0,0,32,36,0,0,0,0,245,0,407,0,33,13,6
0,0,0,0,0,0,0,0,0,0,0,3,0,0,4,0,17,0,0,0,0,0,11,12,0,731,0,0,31,1,329,0,0,114,0,0,3,172,0,0,55,0,0,0,0,2,0,0,0,0,0,0,0,0,1,0,0,0,0,0,0,0,2,0,0,0,35,60,0,0,0,0,0,0,0,227,4,0,0,0,0,0,0,0,2,0,0,0,3,19,0,152,125,0,0,36,0,0,8,156,40,0,0,0,0,1,0,0,0,0,0,139,0,0,0,0,0,0,0,0,0,0,1,0,1,27,0,0,0,0,0,0,0,0,0,0,0,0,0,0,0,313,0,0,1,0,0,0,0,0,0,0,0,0,1,45,6,0,0,0,1,0,0,0,0,0,0,0,0,0,0,0,0,0,0,0,0,0,4,0,0,0,54,0,0,0,0,0,0,0,0,0,6,81,0,0,0,0,0,0,404,0,0,0,0,0,363,0,0,3,0,0,23,0,0,0,8,0,984,0,0,0,0,0,124,0,0,0,0,0,0,0,0,1,0,0,0,0,0,29,170,0,0,0,0,0,0,0,0,0,0,0,0,0,0,0,26,0,2,0,0,0,0,2,0,0,0,0,0,3714,0,1,22,0,155,0,0,0,6,905,0,0,18,0,0,0,0,0,0,0,0,0,0,0,1,0,6,0,0,2,0
0,0,0,0,0,0,0,0,0,0,0,0,0,0,5,2,3,0,0,0,0,28,0,1,0,2013,0,0,2,97,225,0,0,219,0,0,106,14,0,0,0,0,0,0,0,0,0,0,0,0,0,0,0,0,76,0,0,0,0,0,0,0,1,0,0,0,0,0,0,3,0,0,0,0,0,0,1,0,0,0,0,0,0,0,0,0,145,0,0,142,0,1,2,0,0,0,0,0,77,0,0,4,0,0,0,0,0,1789,0,0,0,0,0,1386,0,2,0,1,199,0,0,0,0,1,580,0,0,0,0,0,0,0,0,0,1,0,18,0,0,0,0,0,0,0,0,0,0,0,0,0,0,0,3,1,0,0,0,0,234,0,0,0,0,0,0,0,0,0,0,16,0,0,1,0,0,0,0,0,0,0,0,0,0,0,0,0,0,0,0,0,0,104,0,2,0,0,0,1,0,0,0,0,0,0,0,4,0,2,1,1,0,0,0,7,11,1,0,0,15,3,11,0,0,0,0,0,36,0,0,0,0,0,0,49,0,0,0,0,0,22,0,0,0,0,0,17,0,0,0,0,0,0,0,0,0,0,3,7,28,0,0,0,0,2,0,0,0,0,0,1,0,0,0,0,0,0,0,0,0,1851,0,1,271,0,0,0,0,0,0,0,0,0,0,0,77,4,11,0,0,60,2
0,0,0,1,0,0,18,18,0,0,0,0,0,0,3,0,0,0,0,0,67,72,6,0,0,1038,0,0,6,2,0,0,0,139,0,0,2,0,0,0,0,0,84,56,1,315,0,0,1,1,0,0,0,0,0,0,0,2,0,202,0,2,0,0,0,60,144,2,0,0,0,0,5,2,0,0,0,0,0,27,0,158,0,0,36,0,0,0,3,199,0,4,3,0,0,3,0,0,96,7,0,0,0,0,3,0,0,1,0,1,3,3,0,69,0,0,0,0,0,8,3,0,0,393,48,176,0,0,37,0,0,1,0,0,0,0,1,0,0,0,1,210,43,0,0,45,0,0,0,9,0,41,0,0,0,106,0,0,0,0,0,12,2,137,0,0,0,1,0,0,0,0,1,0,0,141,0,0,0,0,0,399,0,0,0,0,0,1,0,0,0,8,4,149,0,0,0,0,9,0,527,0,0,0,0,1,0,0,8,14,0,0,96,0,0,0,0,0,118,22,0,109,0,0,0,411,0,0,17,0,19,2,0,68,45,0,0,0,0,0,47,0,0,0,0,0,0,1,2,0,9,0,0,0,1,0,3,0,0,56,0,0,0,0,0,0,0,0,0,1,0,0,412,0,0,0,0,0,0,2719,0,0,96,1,0,0,0,0,0,0,0,0,0,0,216,0,14,0,0,121,0
0,0,0,0,0,0,0,1,0,0,0,0,0,0,14,0,0,0,0,0,8,9,0,0,0,1125,0,0,0,96,94,0,0,29,0,0,256,0,0,0,0,0,0,0,0,40,0,5,1,0,0,0,0,0,61,0,0,0,0,49,0,0,0,0,0,1,111,0,0,140,64,0,0,8,0,0,0,0,0,22,0,0,0,1,0,852,89,1,0,157,0,0,0,1,0,0,0,0,4,0,0,0,0,0,10,2,41,145,0,0,0,0,0,488,0,0,0,0,215,0,0,0,0,1,0,0,0,0,6,0,8,27,0,0,0,0,1,0,0,0,0,0,0,0,0,0,0,0,0,1,4,1,0,6,2,0,0,0,9,61,0,0,0,1,0,0,0,0,0,0,18,0,0,0,0,0,0,1,70,0,0,0,0,0,0,0,0,123,0,0,0,300,0,0,0,0,0,0,0,0,0,0,1,349,0,121,0,0,0,0,0,0,2,9,0,0,25,4,0,2,0,26,0,0,0,12,351,0,6,0,98,0,0,2151,0,0,0,0,0,0,2,0,0,61,0,42,0,0,0,0,0,0,0,1,11,0,0,0,7,0,0,0,0,10,0,0,0,0,0,2,0,44,222,0,0,1,0,0,0,947,0,0,280,0,0,0,0,0,0,0,0,0,0,0,198,21,215,1,0,0,0
0,0,0,2,0,0,5,0,0,6,2,0,0,87,88,0,0,0,0,1,0,91,9,0,0,721,0,0,0,0,0,0,0,143,0,0,0,0,0,0,32,0,0,0,0,268,0,0,0,0,0,0,0,0,0,0,0,0,0,10,6,17,0,2,0,0,59,29,0,0,39,0,0,0,0,0,0,0,0,26,0,60,0,7,23,0,0,22,0,0,0,5,0,0,0,0,0,0,64,4,37,0,0,0,0,0,0,0,1,1,1,14,0,0,0,0,0,0,0,0,36,0,0,0,58,119,1,0,19,240,0,0,35,0,0,0,0,0,0,0,0,0,0,0,0,0,0,0,0,2,0,0,0,0,1,50,0,0,7,0,0,0,0,13,48,0,0,0,80,22,0,0,0,0,0,213,0,0,16,0,0,0,110,0,0,0,0,0,361,0,0,0,0,222,0,0,0,0,0,0,489,0,0,7,0,1,0,0,22,0,0,0,49,0,0,0,19,0,2722,32,0,1,0,0,115,0,0,0,10,0,6,0,0,15,0,0,3,0,47,111,145,0,0,0,0,60,0,21,0,0,339,0,11,0,41,86,45,0,0,0,1,0,0,3,0,0,0,0,18,7,0,0,1111,0,0,0,0,2,2,420,0,0,132,0,0,0,0,1,25,10,0,0,0,0,0,0,0,50,0,289,0
0,0,0,0,0,0,3,0,0,0,0,0,0,0,83,0,155,0,0,0,0,18,77,10,0,3628,0,0,26,0,0,0,0,31,0,0,0,2,0,0,0,0,0,0,0,1,0,0,28,0,0,0,0,0,0,0,0,0,0,0,0,0,10,0,0,0,167,0,0,85,0,0,0,0,0,0,0,0,0,0,0,0,0,0,0,71,0,0,0,0,0,0,0,0,0,0,0,0,0,0,0,0,0,0,0,0,0,0,0,0,0,44,0,0,0,0,0,0,0,94,0,0,7,0,6,0,0,0,0,0,0,0,0,0,0,0,0,0,0,0,0,0,0,0,0,0,0,0,0,132,104,0,0,0,1,0,0,0,0,0,0,0,0,12,0,95,0,0,0,18,0,0,1,0,0,353,0,0,0,0,0,284,0,0,0,0,0,0,0,0,0,1,13,764,0,2,0,0,0,0,0,0,0,0,0,0,412,0,81,1,0,0,183,0,0,0,0,0,1169,0,0,0,0,0,0,0,0,0,0,0,0,0,0,0,363,0,0,0,26,93,120,0,0,0,0,0,0,3,0,0,74,0,0,0,0,0,0,0,0,0,0,0,0,0,0,0,0,0,0,93,0,0,699,0,0,0,0,0,0,41,0,0,2,0,0,0,0,0,0,0,0,0,0,0,174,0,18,0,3,126,0
0,0,0,0,0,0,74,0,0,0,0,0,1,1,19,0,0,0,0,0,28,0,0,0,0,0,0,0,21,0,441,0,0,0,0,0,123,102,1,0,1,0,0,14,0,101,0,0,0,0,0,0,0,0,0,0,0,0,0,0,0,0,1,0,0,0,28,0,0,0,0,0,0,0,0,0,0,0,0,0,1,0,0,0,48,0,0,0,0,27,0,1,1414,0,0,7,0,0,22,0,0,75,0,0,1,0,0,4780,0,0,0,0,0,1,0,1,0,0,121,1,0,0,0,1,32,0,0,0,0,0,17,599,0,0,0,1,239,0,0,0,0,0,0,0,0,0,0,0,0,0,10,9,0,0,1,0,0,0,0,0,0,0,0,0,0,0,0,0,0,0,0,0,1,0,0,0,0,35,0,0,0,0,0,0,0,0,0,0,0,0,0,65,1,0,101,0,0,0,0,0,0,0,0,0,56,68,0,0,1,13,0,0,0,0,2,0,30,0,3,0,0,0,0,0,0,0,0,0,13,0,0,0,0,7,0,0,0,0,0,0,0,0,0,0,0,0,0,0,0,0,56,0,5,0,0,46,0,0,0,0,0,0,0,1,0,0,0,0,0,7,0,0,167,0,5,0,1,0,3,882,0,0,0,0,0,0,0,0,0,26,0,0,0,0,8,0,6,0,0,26,8
0,0,0,0,0,0,0,0,0,0,0,0,0,4,24,0,0,0,6,0,88,56,4,4,0,723,0,0,4,10,12,0,0,43,0,0,0,0,0,0,0,0,0,10,0,0,0,0,0,0,0,0,0,0,49,0,0,0,0,0,9,0,0,0,0,0,43,0,0,0,0,0,0,38,0,42,2,0,0,166,0,358,0,4,0,0,0,0,0,0,0,0,2,0,0,0,3,0,0,0,0,0,0,0,0,0,0,1,0,1,0,230,0,0,20,60,0,117,0,0,0,0,0,0,0,53,1,0,0,0,0,0,2,0,0,0,0,0,0,0,0,0,0,0,14,0,0,0,0,0,0,0,0,46,1,83,0,0,0,0,0,0,0,0,0,0,0,0,0,81,0,0,0,0,0,130,8,0,0,0,0,201,0,0,0,0,0,8,0,1,0,0,0,0,0,0,0,0,0,0,444,0,0,0,0,0,365,0,0,0,0,17,80,0,0,0,0,6,1692,0,0,0,0,0,21,0,0,0,0,0,0,3,0,79,0,0,0,0,0,283,74,0,0,0,0,0,0,0,0,0,0,0,0,0,0,0,4,0,0,0,0,0,0,0,0,0,0,0,3,5,0,0,258,0,0,0,0,0,0,3371,0,2,131,0,0,0,0,0,26,0,0,0,0,0,80,0,243,0,0,59,0
0,0,0,0,0,0,17,15,0,0,0,0,0,0,0,0,46,0,0,1,0,42,20,0,0,4198,0,0,0,0,0,0,0,66,0,0,0,145,0,0,0,0,0,73,0,78,0,0,0,0,0,0,0,0,13,0,0,0,0,1,6,0,0,11,0,0,37,0,0,29,18,0,7,0,0,0,2,0,34,10,0,75,0,11,0,0,0,0,0,124,0,4,2,0,0,0,0,0,66,33,0,0,0,0,0,0,0,1,0,1,5,76,0,0,0,0,1,0,0,0,11,0,0,0,36,13,1,0,42,0,0,0,0,0,0,0,0,0,0,0,0,0,0,0,0,0,0,0,0,0,0,0,0,3,0,0,0,0,0,6,0,0,0,1,0,0,0,0,0,292,0,0,0,0,0,150,0,78,12,0,0,0,79,0,0,0,0,0,0,0,0,0,0,157,0,0,0,0,0,0,3,48,0,0,0,0,203,0,16,18,0,0,44,33,0,0,1,0,1304,5,1,0,0,0,154,0,0,0,1,0,0,0,0,86,0,0,2,0,0,0,47,0,0,0,0,0,0,5,0,0,0,0,0,0,6,0,0,0,0,0,0,0,0,8,0,0,0,0,3,18,0,0,237,0,0,0,0,0,24,1127,0,3,85,0,0,0,4,0,0,27,0,0,0,0,40,0,6,0,0,297,0
0,0,0,0,0,0,0,0,0,0,0,0,0,0,38,0,0,0,0,0,37,14,0,4,0,1696,0,0,3,13,0,0,0,35,0,0,0,71,0,0,0,0,0,101,0,232,120,0,0,0,0,0,0,0,0,0,0,0,0,1,0,0,0,0,0,0,8,0,0,0,0,0,0,5,0,0,0,0,0,45,0,5,172,0,0,0,131,0,0,33,0,28,0,0,0,0,0,0,95,0,0,0,0,0,0,0,12,2276,0,0,0,0,0,35,0,0,0,0,21,0,0,0,0,0,1580,0,0,0,0,0,69,22,0,0,0,0,17,0,0,0,1,0,0,0,164,0,0,0,0,0,18,0,0,0,0,0,0,0,7,44,0,0,0,0,0,0,0,5,0,0,0,0,8,0,0,0,0,50,14,1,0,0,0,0,0,0,0,0,0,0,0,18,0,0,0,0,0,0,0,0,0,0,0,1108,0,1,0,0,0,0,0,0,0,0,24,0,34,0,388,0,15,0,0,0,0,0,0,0,125,0,150,0,0,202,0,0,0,0,0,0,0,0,0,0,0,0,0,0,0,0,0,1,13,0,0,0,0,0,90,0,0,0,0,0,0,0,0,0,0,0,0,16,135,0,0,0,0,0,0,248,0,2,140,0,0,0,0,0,2,0,0,0,0,0,55,0,1,0,0,0,0
0,0,0,0,0,0,0,0,0,0,2,0,0,0,0,1,11,0,0,0,0,19,11,0,0,2660,0,0,4,0,1,0,9,0,0,0,0,0,0,0,0,0,0,0,0,0,0,1,0,0,0,0,0,0,0,0,0,0,0,0,2,0,0,2,69,0,0,0,0,0,30,0,7,0,0,0,2,0,0,0,0,149,0,0,0,2,0,0,0,0,2428,1,0,0,0,0,338,0,0,0,0,0,4,0,0,0,0,0,0,0,0,170,0,0,0,0,0,0,0,0,20,0,0,0,0,118,0,0,35,0,0,0,0,0,0,0,0,0,0,0,0,0,47,16,0,0,0,64,0,0,58,0,0,1,1,0,3,0,0,0,1,0,0,0,0,0,0,0,45,88,0,0,0,0,1,884,0,0,0,0,0,0,0,0,0,0,38,0,113,0,0,29,0,34,0,0,0,0,0,0,0,111,0,0,0,0,66,0,0,1,0,0,55,0,0,0,1,0,92,0,0,0,0,0,26,0,0,0,0,0,0,0,0,27,0,0,1,410,0,6,0,5,0,0,0,0,0,0,0,0,0,0,0,0,0,4,0,0,3,0,4,0,0,0,0,0,0,0,0,11,0,0,528,0,0,0,0,0,0,819,0,0,211,0,0,0,0,0,0,8,0,0,0,0,13,0,14,0,0,74,0
1,0,0,0,0,0,0,0,0,0,0,0,0,0,388,0,0,0,0,0,0,110,0,0,0,3901,0,0,0,0,74,0,0,268,0,0,0,247,0,0,0,0,0,0,0,0,0,0,0,0,0,0,0,3,0,0,0,0,6,0,0,0,0,0,0,0,0,0,0,55,0,0,0,0,0,0,0,0,0,660,0,0,0,0,0,4,0,0,0,117,0,0,0,0,0,0,0,0,91,0,0,1,0,0,0,0,0,326,0,8,0,0,0,0,0,0,0,3,100,0,0,0,0,0,83,0,0,0,0,0,68,0,0,0,0,0,44,0,0,0,1,0,0,0,0,0,0,1,0,0,12,0,0,0,0,0,0,0,0,0,0,0,0,1261,0,0,0,0,0,0,0,0,0,0,0,0,0,0,193,0,0,0,0,0,15,0,1,0,0,0,0,86,0,0,0,0,0,0,0,0,0,0,0,0,0,0,0,0,5,0,0,0,0,0,0,0,324,0,22,0,0,0,0,0,0,0,0,0,685,0,0,0,0,0,0,0,0,0,0,0,0,0,0,0,0,3,0,0,0,0,0,0,43,0,0,1,0,0,43,0,0,0,0,10,0,0,0,0,37,0,0,129,120,0,0,0,3,0,0,0,0,0,215,0,0,0,0,0,0,87,0,0,0,0,0,0,8,0,0,133,0
0,0,0,0,0,0,0,0,0,0,0,0,0,0,16,0,16,0,0,0,0,35,0,7,0,718,0,0,21,0,0,0,0,0,17,0,0,0,0,0,48,0,0,0,0,0,0,0,0,0,0,0,0,0,78,0,0,0,0,0,0,0,6,0,0,0,25,0,0,0,0,0,0,0,0,1,4,0,0,0,0,126,0,60,0,0,0,0,0,0,0,260,67,0,0,1,24,0,0,0,10,27,0,0,0,0,0,181,0,0,0,0,0,109,0,0,0,0,106,0,0,0,0,0,104,386,0,0,0,0,0,0,0,0,0,0,19,0,0,0,6,0,0,0,0,0,4,0,0,0,0,0,0,0,1,0,0,0,0,0,0,0,0,0,0,0,0,0,3,0,0,0,0,0,0,0,0,0,0,0,0,0,0,0,0,0,0,0,0,0,0,0,1,0,0,0,0,0,0,0,0,0,0,1192,0,9,0,0,0,2,0,0,0,0,0,0,0,0,0,0,0,0,0,0,0,0,0,0,82,0,0,0,0,559,0,0,0,0,0,12,0,0,0,0,8,6,0,7,0,0,438,0,0,0,0,3,1,0,0,0,0,0,0,2,0,0,0,0,0,40,0,0,517,0,0,0,0,0,0,4212,0,0,216,0,0,0,0,4,0,36,0,0,0,0,0,0,6,0,0,164,0
0,0,0,0,0,0,0,38,0,6,19,25,0,2,0,0,0,0,0,0,57,9,40,0,0,909,0,0,0,12,346,0,0,38,0,0,2,0,0,0,0,0,0,25,2,104,0,13,0,0,0,0,1,0,30,1,0,0,0,29,44,0,0,2,4,0,11,0,0,0,15,0,5,14,0,0,3,0,0,9,0,327,0,0,4,0,0,0,0,26,0,0,0,0,0,0,0,0,10,0,0,0,0,0,0,0,0,0,0,0,0,102,0,0,31,20,0,0,0,0,12,0,0,0,24,17,0,0,55,0,0,1,0,0,0,0,0,0,0,0,0,400,0,21,0,0,0,0,72,0,322,1,0,112,1,139,0,0,0,1,0,16,0,0,0,0,0,0,116,122,0,0,0,0,19,486,6,0,0,0,0,0,27,1,0,0,3,32,0,0,0,0,0,0,0,0,0,0,0,0,47,0,0,1,0,0,163,0,0,0,0,0,9,0,0,109,1,2,2205,0,0,0,0,0,32,0,13,0,1,0,0,4,0,1,0,0,3,0,0,425,62,7,0,0,0,0,0,0,0,0,0,5,0,0,19,0,5,0,29,0,8,0,0,1,0,0,0,0,13,3,0,0,64,1,0,0,0,0,0,2011,1,0,112,0,0,0,0,0,31,10,65,20,0,0,1,4,0,0,0,175,0
0,0,1,0,0,1,1,46,0,0,0,0,2,0,2,7,5,1,0,0,68,39,0,6,0,2775,0,0,61,59,47,0,0,12,0,0,1,19,0,1,0,0,0,0,0,91,0,0,0,0,2,0,0,0,6,0,0,1,0,259,0,0,0,0,0,0,76,0,0,92,23,1,0,19,0,0,0,0,0,20,0,0,14,0,640,1,1,1,0,19,0,77,9,0,0,1,0,0,0,0,0,32,0,0,0,0,0,48,0,0,0,0,0,85,0,2,0,0,213,0,0,0,0,0,19,0,0,0,0,0,0,133,0,1,0,0,8,0,0,0,6,0,0,0,0,0,2,0,1,0,7,13,0,0,1,25,0,0,0,48,0,0,0,106,0,0,0,2,0,0,6,0,336,0,0,0,0,20,41,1,0,0,5,2,8,0,0,0,0,0,11,67,1,0,0,8,0,0,0,745,0,0,0,4,0,4,9,0,1,5,5,0,0,4,13,0,39,0,1,0,11,13,0,0,0,0,0,0,0,0,124,0,0,163,0,0,4,0,0,2,0,0,0,0,2,0,0,0,0,0,0,0,25,1,7,6,3,0,3,16,25,0,0,3,49,0,0,0,0,3,17,14,246,0,4,0,0,0,3,2510,0,0,56,0,0,13,0,3,0,18,0,0,0,0,5,1,5,0,0,63,0
0,0,0,0,0,0,2,2,0,0,0,0,10,1,0,0,0,0,0,0,15,7,11,1,0,954,0,0,2,5,59,0,3,268,0,0,37,3,0,0,0,0,0,17,0,38,0,0,0,0,0,0,0,0,0,0,0,0,0,8,0,0,4,0,0,0,0,0,50,0,0,0,5,2,0,0,2,0,0,0,0,145,15,0,58,0,0,1,7,196,0,66,10,0,0,1,0,0,22,0,0,0,0,0,0,0,0,1,0,0,0,81,0,0,22,39,0,0,0,0,9,0,0,0,1029,0,1,0,0,0,0,0,0,1,0,0,0,0,0,0,0,0,0,16,0,0,0,0,0,0,11,1,0,3,1,34,0,0,0,3,11,0,1,0,0,0,0,0,72,5,0,0,0,0,0,324,0,0,55,0,0,0,24,0,0,0,0,0,0,0,0,13,2,349,0,0,1,0,0,0,249,0,0,0,0,0,64,0,30,1,0,0,31,0,1,0,5,0,1129,0,3,0,0,0,0,0,0,0,0,0,0,2,0,202,0,0,1,0,0,13,103,0,0,0,0,0,71,1,0,0,22,0,3,0,2,0,0,0,0,1,0,0,2,0,1,0,0,0,0,189,0,0,224,0,11,0,0,0,3,3145,0,0,39,2,0,10,0,0,3,0,0,0,0,0,136,0,124,0,0,54,0
0,0,0,0,0,0,3,0,1,0,0,0,0,0,1,0,33,0,5,5,0,99,4,3,0,3355,0,0,0,6,0,0,0,18,0,0,0,195,0,0,0,0,0,55,0,95,0,0,1,0,0,0,0,0,0,0,0,0,0,0,6,8,11,187,0,4,106,0,1,0,0,0,0,0,0,0,0,0,0,28,0,56,0,0,0,5,0,0,2,0,18,39,1,0,0,0,0,0,23,2,36,0,0,0,0,0,0,0,0,0,0,0,0,0,0,0,0,0,0,0,0,0,2,0,242,31,1,0,35,0,0,0,0,0,0,0,0,0,0,0,0,0,0,0,0,0,0,0,0,4,34,0,0,16,1,69,4,0,0,0,0,11,7,0,1,39,0,0,49,289,0,0,1,0,0,266,0,0,9,0,0,0,22,0,0,0,0,0,0,0,0,0,0,120,0,0,0,0,0,0,1,39,0,1,0,1,48,3,16,0,0,0,37,0,0,0,0,0,1095,13,0,0,0,1,20,0,0,0,0,0,34,0,0,52,58,0,7,0,16,7,40,0,19,0,0,0,0,3,0,0,131,5,0,1,5,4,1,0,0,0,0,0,0,0,0,0,0,0,0,2,0,0,8,0,0,0,545,1,2,1770,0,0,49,0,0,0,0,2,19,0,0,0,0,0,9,0,21,0,0,256,0
0,0,0,0,0,0,1,0,0,0,0,0,0,0,9,0,0,0,0,0,5,0,0,26,0,3874,0,0,0,101,233,0,0,0,0,0,41,0,0,0,0,0,0,51,0,68,0,0,0,3,0,0,0,0,3,0,0,1,0,0,0,0,0,0,0,0,79,0,0,56,0,0,0,0,0,0,0,0,0,0,0,0,613,0,4,3,0,1,0,0,0,8,0,0,0,111,0,0,0,0,0,66,0,0,2,0,0,894,0,0,0,0,0,69,0,0,0,0,168,0,0,0,0,1,166,0,0,0,0,0,3,69,0,0,0,0,39,0,3,0,0,0,0,0,0,0,0,0,0,0,0,0,0,0,1,0,0,1,0,58,0,0,0,0,2,0,0,0,0,0,0,0,0,0,0,0,0,1,100,0,0,0,0,0,0,0,1,0,0,0,0,0,0,0,0,32,0,0,0,0,0,0,0,0,0,0,8,7,5,7,0,0,0,0,18,0,33,0,0,0,0,21,0,0,1,2,0,0,22,0,60,0,0,535,46,0,0,0,0,1,0,0,0,0,6,0,0,0,0,0,1,0,0,0,0,5,2,0,4,66,0,0,0,0,43,0,0,0,0,37,0,0,392,6,0,0,0,0,0,1651,0,0,0,0,0,0,0,1,0,0,0,0,0,0,0,0,0,0,0,56,0
0,0,0,0,0,0,0,0,0,0,0,0,0,0,0,0,0,0,0,0,5,1,0,0,0,2491,0,0,119,84,255,0,0,36,0,0,0,0,0,0,0,0,0,24,0,1,0,0,4,0,0,0,3,0,1,0,0,0,0,0,0,0,0,0,250,0,38,0,0,0,0,0,0,8,0,0,0,0,0,0,0,87,5,0,0,0,35,0,0,51,0,0,0,0,0,0,0,0,16,0,0,0,0,0,0,0,0,0,0,0,0,9,0,0,64,0,0,0,0,0,0,0,0,0,12,0,1,0,43,201,0,64,0,0,0,0,0,0,2,0,1,0,0,0,0,0,0,0,0,0,0,1,0,0,0,0,0,0,0,1,0,0,0,1,0,0,0,0,0,345,0,0,0,0,0,427,0,0,2,0,0,131,30,0,0,0,0,0,160,0,0,0,0,73,31,0,0,0,0,0,12,0,0,1,0,0,234,0,0,0,0,0,152,0,0,0,2,0,393,9,0,0,0,0,43,0,0,0,0,0,0,0,0,45,0,0,0,0,0,139,129,0,0,0,0,0,0,0,0,0,0,0,0,0,0,0,1,0,0,1,0,0,0,0,0,0,0,0,0,1147,0,0,799,397,2,0,0,0,2,1338,0,0,1,0,0,0,0,0,0,0,6,0,0,0,26,0,0,0,0,12,0
0,0,0,0,0,0,1,20,0,0,0,0,0,0,8,0,0,0,0,0,33,126,0,1,0,2560,0,0,27,35,143,0,0,0,0,0,286,0,0,0,0,0,0,0,0,0,0,0,0,0,0,0,0,0,0,0,0,0,0,0,0,0,0,0,0,0,13,0,0,0,0,0,0,0,0,0,0,0,0,0,0,0,0,0,0,117,0,0,0,0,8,0,9,0,0,0,0,0,0,0,0,17,0,0,0,0,0,869,0,0,0,0,0,0,5,0,0,0,0,3,0,0,0,0,1442,0,0,0,0,0,0,397,0,0,0,0,14,0,0,0,1261,0,0,0,0,0,0,0,0,0,0,0,0,0,0,0,0,0,0,0,0,0,0,0,0,0,0,4,0,0,0,0,1,0,0,0,0,0,0,0,0,0,0,0,0,0,2,0,0,0,0,100,0,0,0,0,0,0,0,0,0,0,0,0,0,0,0,0,0,0,1,0,0,0,24,0,243,0,0,0,0,0,0,0,0,44,0,0,0,0,0,0,0,0,0,0,0,0,0,0,0,0,0,0,0,0,0,0,0,0,0,0,0,0,0,0,0,0,0,4,0,0,0,0,63,0,0,0,0,1,0,0,32,0,0,0,0,0,0,1477,0,0,435,0,0,0,0,0,0,0,0,0,0,0,39,0,28,0,0,112,0
0,0,0,0,0,0,1,0,0,0,0,0,0,382,0,0,0,0,0,0,0,7,0,8,0,1362,0,0,95,0,524,0,0,66,0,0,569,0,0,0,0,0,0,0,0,22,0,0,0,0,0,0,0,0,0,0,0,0,16,70,0,1,1,0,1,0,0,0,0,0,0,0,0,0,0,0,0,0,0,0,0,0,0,0,46,0,0,0,0,0,0,17,38,0,0,0,0,0,0,0,0,4,0,0,0,0,0,1091,0,0,0,0,0,113,0,0,0,0,0,0,0,0,0,2,314,0,0,0,0,0,0,42,0,1,0,0,0,0,2,0,4,0,0,0,0,0,0,0,0,0,8,0,0,4,0,0,0,1,0,0,0,0,0,0,0,0,0,0,0,0,0,0,0,0,0,0,0,0,458,2,0,0,0,0,0,0,2,0,0,0,0,222,7,0,0,0,0,0,0,0,0,0,0,0,0,12,0,0,0,0,0,0,0,0,0,0,17,0,415,0,0,11,0,0,0,0,0,0,0,0,196,0,0,356,0,0,0,0,0,1,0,0,0,0,0,0,1,0,0,0,0,0,0,0,0,0,0,0,0,38,0,0,2,0,0,0,0,0,0,27,0,10,388,10,0,0,0,0,6,2781,0,0,0,0,0,0,0,0,0,0,0,0,0,0,0,0,36,0,0,189,0
2,21,0,0,0,0,0,0,0,0,8,0,0,0,6,0,0,0,0,0,0,0,0,7,0,0,0,0,286,3,2,0,0,0,0,0,18,0,0,2,0,0,0,0,0,0,0,19,0,1,13,0,0,2,0,0,0,0,0,0,3,0,0,159,0,0,561,0,0,0,0,0,0,0,0,1,0,0,0,0,0,22,505,0,0,3,219,0,0,0,0,2202,241,0,0,0,0,0,0,0,0,1,0,0,0,0,0,0,0,944,0,0,0,0,0,30,3,10,0,0,0,0,0,23,9,0,0,0,0,0,0,0,0,32,0,0,13,0,0,0,5,0,0,0,0,0,30,0,0,0,10,0,0,9,5,0,0,0,0,0,0,0,0,0,0,1,0,0,0,5,0,0,0,0,0,0,0,0,68,0,0,0,0,0,15,0,0,670,0,0,0,0,3,0,0,4,0,0,0,0,0,0,0,0,0,23,10,0,0,30,0,0,0,0,0,2,0,0,16,0,140,47,0,0,0,0,0,0,0,0,0,16,0,366,0,0,11,0,0,58,0,0,0,0,0,0,157,0,0,0,0,0,10,0,0,17,5,0,0,0,12,0,0,0,67,0,0,0,25,1002,22,0,26,10,0,0,0,0,1,1713,0,0,0,0,0,0,0,17,0,0,0,0,0,0,0,0,0,0,0,0,0
0,0,0,0,0,0,9,0,0,0,0,0,26,0,15,0,0,0,0,0,0,0,0,2,0,2376,0,0,13,1,3,0,0,0,0,0,2,85,0,0,0,0,0,0,0,0,0,0,0,0,6,0,0,0,0,0,0,0,0,0,0,0,0,0,0,0,0,0,44,0,47,0,0,0,0,0,3,0,0,0,0,0,33,0,0,0,313,0,0,51,0,14,182,0,0,0,0,0,0,0,0,10,0,0,8,0,0,852,0,0,0,0,0,0,0,1,0,0,0,1,0,0,0,0,0,0,0,0,0,0,0,142,0,0,0,22,864,0,0,0,161,0,0,0,0,0,0,0,0,0,8,0,0,0,3,0,0,0,0,0,1,0,0,0,0,0,0,0,0,0,0,0,0,1,0,0,0,0,0,0,0,0,0,0,0,0,0,0,0,0,0,0,3,0,0,0,45,0,0,0,0,0,0,0,0,0,0,0,1,2,0,0,0,0,6,0,0,0,156,0,0,0,0,0,0,0,0,0,17,0,0,0,0,13,0,0,0,0,0,0,0,0,0,0,3,0,787,0,0,0,0,0,0,0,23,0,0,0,4,37,0,0,0,5,2,0,0,0,0,0,0,0,0,0,0,0,0,0,7,3486,0,0,28,0,0,0,0,0,0,0,0,0,0,0,36,0,4,0,0,34,0
0,0,0,0,30,0,0,0,0,5,4,5,0,0,0,0,0,0,0,98,0,6,23,0,0,976,1,0,3,0,0,0,0,84,0,18,8,2,10,0,0,0,0,0,0,23,0,2,30,0,0,0,0,0,3,0,0,0,16,8,9,6,0,0,0,0,0,0,0,0,0,0,4,9,0,0,2,0,0,3,0,311,278,6,26,0,0,0,0,0,1,76,0,0,43,0,0,0,16,0,32,0,0,0,0,0,0,0,0,0,0,336,0,0,22,0,0,0,0,0,0,0,0,0,42,988,1,0,85,69,0,0,0,0,0,0,0,0,1,0,1,0,0,0,0,0,0,0,0,0,26,0,0,0,11,440,0,0,0,4,13,0,0,0,0,0,0,0,66,7,0,0,1,0,0,501,14,0,0,110,0,0,36,1,0,0,0,0,637,0,0,0,0,50,0,0,2,0,0,0,164,0,0,2,0,4,367,0,0,2,0,0,144,0,1,0,2,0,1854,0,1,26,0,0,43,0,8,0,0,0,0,4,0,0,0,0,1,0,0,28,100,0,0,15,0,0,88,1,0,0,0,0,1,0,4,11,0,0,3,0,1,0,0,2,0,0,0,0,0,457,94,0,89,0,0,0,0,0,1,698,4,0,88,0,0,0,0,0,0,3,0,0,0,0,0,0,44,0,0,9,0
0,0,0,0,0,0,0,1,0,42,0,0,2,0,121,0,0,1,0,144,68,68,19,11,0,713,0,0,104,0,1,0,0,281,0,0,136,177,11,0,0,0,0,0,0,1,0,0,3,0,0,1,0,0,0,0,0,0,0,0,3,83,0,0,0,0,3,0,0,0,14,0,0,0,0,0,0,0,0,16,0,123,0,0,0,11,0,0,0,49,0,0,538,0,0,333,0,0,60,175,0,0,0,0,0,0,0,0,0,2,0,52,0,0,7,0,0,803,0,0,0,38,0,84,167,153,0,0,0,0,0,1,0,0,0,0,2,0,2,0,1,0,0,0,0,0,0,0,0,16,13,0,0,0,0,166,0,0,1,0,0,0,0,1,0,0,0,1,0,0,0,0,261,0,0,259,0,0,1,0,0,0,195,0,0,0,0,63,0,0,0,0,7,266,0,0,0,0,0,0,2,0,0,0,0,1,101,0,7,33,0,0,98,0,22,0,1,0,329,0,0,0,0,0,56,0,0,0,1,0,4,0,0,45,0,0,0,0,0,4,188,86,0,0,0,0,0,0,0,0,23,2,0,0,50,0,2,0,0,5,2,0,0,2,0,0,0,0,0,811,0,0,256,6,3,0,0,0,0,1308,0,0,507,0,0,0,0,0,5,0,0,0,0,0,32,0,8,0,0,133,0
0,0,0,0,0,0,0,0,0,12,0,0,0,0,75,0,0,0,0,0,0,11,12,0,0,584,0,0,0,0,0,0,0,15,0,0,0,8,22,0,0,0,0,0,0,2,0,0,33,0,0,0,0,0,0,0,0,0,0,0,14,0,0,0,0,0,63,0,90,0,38,0,0,0,0,0,9,0,0,18,0,73,0,12,0,0,0,0,0,0,0,0,66,0,0,0,0,0,0,2,48,0,0,0,0,0,0,40,0,0,0,43,0,0,0,0,0,0,0,0,18,0,0,0,16,218,0,0,0,0,0,0,0,0,0,0,0,0,0,0,0,0,0,0,0,0,0,0,0,0,41,0,0,0,0,50,0,0,0,0,0,0,0,0,0,70,0,0,149,38,0,0,1,0,0,463,0,0,0,0,0,0,26,0,0,0,0,0,0,0,0,0,0,0,0,0,0,0,0,0,0,90,0,45,0,0,0,0,19,0,0,0,58,0,1,0,0,0,4020,0,0,0,0,0,0,0,0,0,7,0,0,0,0,1,0,0,5,0,48,299,386,0,0,0,0,0,0,0,0,0,2,0,0,0,0,0,0,0,0,0,0,0,0,0,0,0,0,0,0,121,0,0,897,0,0,0,0,0,0,1498,0,0,70,0,0,0,1,0,0,0,0,0,0,0,0,0,23,0,0,29,0
2,3,0,0,0,0,2,0,0,0,11,0,0,0,345,0,5,1,0,0,2,23,0,0,0,2314,0,0,3,5,2,0,0,73,0,0,2,1,53,0,0,0,0,28,0,165,0,1,2,0,0,0,0,0,3,0,0,0,0,5,2,10,0,0,0,0,29,1,6,0,21,13,4,0,0,0,2,0,0,1,2,89,1,0,0,22,0,0,1,24,0,0,2,0,0,1,0,0,32,2,0,0,4,0,0,1,0,0,0,1,0,45,124,0,4,0,0,0,0,8,4,0,1,0,74,0,1,0,0,0,0,0,0,0,1,0,1,0,1,0,1,0,96,0,1,1,1,20,0,0,48,0,0,7,1,0,3,0,0,0,2,26,0,0,0,0,0,1,81,0,0,0,0,0,3,377,2,0,0,0,0,217,0,0,0,1,1,0,0,0,0,0,3,141,1,0,0,0,0,0,9,344,0,0,251,1,94,0,29,1,0,0,30,0,1,0,3,0,549,0,0,0,0,0,0,0,0,0,3,0,0,3,45,8,0,0,0,0,0,37,43,0,140,0,0,2,0,3,0,0,0,1,4,1,9,19,0,0,2,5,0,0,1,1,0,0,0,0,1,720,0,0,626,0,0,0,0,0,2,1921,0,0,55,0,0,0,0,0,2,6,202,0,0,0,119,0,25,0,0,72,0
0,0,2,1,0,0,0,34,0,0,3,0,0,0,19,8,0,0,1,3,0,24,0,63,0,1,0,0,373,56,0,0,0,87,0,0,28,0,0,11,2,2,0,0,0,5,0,2,0,0,2,0,0,0,51,1,0,2,0,61,1,15,8,3,0,0,1,0,0,0,136,0,0,2,0,0,0,0,0,1,0,2,0,0,0,1,21,1,0,0,0,23,453,0,0,42,0,0,0,0,0,1,0,0,2,0,0,181,0,0,0,0,0,1,7,2,0,0,13,2,0,0,0,3,57,0,0,32,0,0,0,0,0,1,0,0,494,2,0,0,11,0,5,0,4,0,1,3,0,0,1,0,0,1,3,0,0,0,30,296,0,0,0,0,0,0,0,74,2,0,12,0,0,0,0,0,5,172,9,0,0,0,0,0,1,0,0,1,0,0,5,23,4,9,0,0,0,0,0,0,0,0,3002,3,0,1,1,0,3,43,0,0,0,0,22,1,103,106,8,0,106,2,0,0,0,0,0,0,42,3,69,1,0,459,0,0,1,11,0,3,0,0,0,0,0,31,0,0,0,0,0,1,0,0,52,27,2,0,5,0,2,0,0,6,0,1,0,0,0,75,0,61,226,0,8,1,0,0,12,1517,1,0,131,0,0,0,0,1,14,0,0,0,0,0,784,5,13,0,0,15,0
0,0,0,0,0,0,0,0,0,0,12,0,0,0,0,2,2,1,14,3,4,10,0,7,0,578,1,0,62,16,3,0,0,9,0,0,2,1,27,0,0,0,0,0,0,20,0,0,0,0,0,0,1,0,2,0,0,0,0,52,2,0,0,0,0,0,382,0,0,34,4,0,0,0,0,557,3,0,0,30,0,159,3,0,0,5,0,0,4,24,0,0,6,0,0,3,0,0,7,1,28,0,0,0,0,1,0,0,0,0,0,26,11,0,10,0,0,0,112,0,0,0,1,0,5,467,1,0,1568,0,0,1,0,0,0,0,0,0,1,0,0,0,0,0,21,1,18,0,50,1,70,1,0,0,1,37,14,0,1,1,0,28,5,1,0,0,0,0,42,52,2,0,1,0,0,937,0,0,20,0,0,115,116,1,0,0,1,0,139,0,0,12,10,293,0,0,0,0,0,535,3,0,0,1,0,41,324,9,4,31,0,0,132,0,1,0,1,0,952,0,4,0,0,0,0,0,0,0,0,0,2,0,25,38,0,0,4,0,0,228,0,0,0,0,2,32,0,1,0,0,0,1,0,1,1,5,13,0,2,1,1,0,5,4,173,0,0,0,0,235,0,13,644,0,1,0,0,0,1,14,0,0,42,0,0,0,0,0,4,8,61,0,0,0,1,0,78,0,0,54,0
0,0,0,1,0,0,0,0,0,0,0,0,6,0,0,0,51,0,0,0,0,0,15,0,0,3618,0,0,62,3,0,0,0,0,0,0,13,0,0,0,0,0,0,0,0,0,0,0,0,0,0,0,0,0,0,0,0,0,0,0,0,0,0,4,0,0,0,5,14,0,0,0,0,0,97,0,5,0,0,0,0,412,0,14,0,16,0,0,0,0,0,203,15,0,0,0,25,5,0,90,95,0,0,0,0,0,0,0,0,0,16,24,0,0,0,0,16,0,0,16,0,0,0,0,0,0,1,0,0,184,0,0,12,0,0,0,2,0,0,0,0,0,321,30,0,1,0,0,0,0,0,0,0,21,2,0,0,0,0,0,2,30,0,0,0,164,0,0,0,909,0,2,1,6,0,427,0,0,0,0,0,0,0,0,0,0,0,0,0,10,0,0,0,0,0,0,11,0,0,0,0,1148,0,0,0,0,268,0,37,0,0,0,0,0,0,0,0,0,363,0,0,0,0,0,209,0,0,0,0,0,0,9,0,0,162,0,0,0,67,0,267,0,0,0,0,0,8,0,0,0,0,0,0,0,0,12,0,0,0,0,0,0,0,0,0,0,0,0,0,0,0,0,154,0,0,0,0,0,0,0,0,2,117,0,9,0,0,0,0,0,0,0,0,2,0,0,128,0,0,66,0
5,0,0,0,0,0,1,60,0,0,0,0,0,0,37,0,0,0,0,0,93,76,0,5,0,137,0,0,76,0,754,0,0,70,0,0,434,32,11,0,1,0,0,85,0,73,0,0,0,0,0,0,0,0,21,0,0,6,0,0,0,0,0,0,0,0,0,0,12,0,22,0,0,163,0,0,0,0,0,0,0,0,172,0,0,4,0,0,0,103,0,52,44,0,0,2,0,0,30,0,0,0,0,0,0,0,0,90,0,0,6,0,0,0,0,17,0,0,0,0,0,0,0,0,223,146,0,0,0,0,0,0,0,0,0,0,12,0,0,0,0,0,0,47,0,0,0,0,0,0,41,0,0,0,0,125,0,0,0,3,15,0,0,0,1,0,0,1,71,0,0,0,0,1,0,523,0,0,153,0,0,0,45,0,0,6,1,0,0,0,0,99,4,164,0,0,0,0,0,0,448,106,0,0,0,0,0,0,12,24,0,0,73,0,2,105,6,0,1925,0,0,0,0,0,105,0,0,0,19,0,0,0,0,15,0,0,0,0,0,18,111,0,0,0,0,0,0,1,0,0,22,0,0,0,0,34,0,0,2,5,2,0,0,4,0,0,0,0,0,2,0,50,462,0,0,0,0,7,0,1415,0,0,381,0,0,0,0,1,0,0,0,0,0,0,70,68,29,0,0,103,0
0,0,0,2,0,0,0,0,0,0,0,0,1,673,6,0,0,0,0,0,0,63,0,0,0,2980,0,0,253,175,0,0,0,0,0,0,0,665,0,5,0,0,0,0,0,0,0,0,0,0,0,0,0,0,0,0,0,2,0,0,0,0,9,0,0,0,185,1,0,0,0,0,0,100,0,0,0,0,0,0,0,0,0,0,0,0,0,599,0,0,15,56,4,0,0,0,0,0,0,0,0,0,0,0,0,0,0,0,6,254,0,0,0,0,0,0,0,423,732,0,0,0,23,2,101,0,9,0,0,0,0,257,0,0,0,0,173,0,0,0,1,0,0,0,0,0,0,0,0,0,0,0,35,0,0,1,0,0,0,0,0,0,0,0,0,0,0,0,0,0,0,0,11,0,0,4,0,0,0,0,0,0,0,0,0,0,0,0,0,9,0,0,3,0,0,1,0,0,0,0,0,0,0,0,1,36,0,0,0,23,0,0,0,0,0,0,92,0,346,0,74,0,0,0,1,0,0,0,0,0,0,0,0,81,0,0,0,0,1,0,0,0,0,0,0,0,25,3,0,0,24,0,0,0,0,34,12,0,0,0,0,0,0,0,0,0,0,0,0,1,0,0,0,0,0,0,7,0,0,0,0,3,697,0,0,0,0,1,0,0,0,0,0,0,0,0,1,0,0,704,0
