"V1","V2","V3","V4","V5","V6","V7","V8","V9","V10","V11","V12","V13","V14","V15","V16","V17","V18","V19","V20","V21","V22","V23","V24","V25","V26","V27","V28","V29","V30","V31","V32","V33","V34","V35","V36","V37","V38","V39","V40","V41","V42","V43","V44","V45","V46","V47","V48","V49","V50","V51","V52","V53","V54","V55","V56","V57","V58","V59","V60","V61","V62","V63","V64","V65","V66","V67","V68","V69","V70","V71","V72","V73","V74","V75","V76","V77","V78","V79","V80","V81","V82","V83","V84","V85","V86","V87","V88","V89","V90","V91","V92","V93","V94","V95","V96","V97","V98","V99","V100","V101","V102","V103","V104","V105","V106","V107","V108","V109","V110","V111","V112","V113","V114","V115","V116","V117","V118","V119","V120","V121","V122","V123","V124","V125","V126","V127","V128","V129","V130","V131","V132","V133","V134","V135","V136","V137","V138","V139","V140","V141","V142","V143","V144","V145","V146","V147","V148","V149","V150","V151","V152","V153","V154","V155","V156","V157","V158","V159","V160","V161","V162","V163","V164","V165","V166","V167","V168","V169","V170","V171","V172","V173","V174","V175","V176","V177","V178","V179","V180","V181","V182","V183","V184","V185","V186","V187","V188","V189","V190","V191","V192","V193","V194","V195","V196","V197","V198","V199","V200","V201","V202","V203","V204","V205","V206","V207","V208","V209","V210","V211","V212","V213","V214","V215","V216","V217","V218","V219","V220","V221","V222","V223","V224","V225","V226","V227","V228","V229","V230","V231","V232","V233","V234","V235","V236","V237","V238","V239","V240","V241","V242","V243","V244","V245","V246","V247","V248","V249","V250","V251","V252","V253","V254","V255","V256","V257","V258","V259","V260","V261","V262","V263","V264","V265","V266","V267","V268","V269","V270","V271","V272","V273","V274","V275","V276","V277","V278","V279","V280","V281","V282","V283","V284","V285","V286","V287","V288","V289","V290","V291","V292","V293","V294","V295","V296","V297","V298","V299","V300","V301"
0,0,0,0,0,0,0.000399800099950025,0.00179910044977511,0,0,0,0,0,0.000199900049975012,0.00079960019990005,0,0,0,0,0,0.000499750124937531,0.000699650174912544,0,0.00119940029985007,0,0.116741629185407,0,0,0.000399800099950025,0,0.111644177911044,0,0,0.000299850074962519,0,0,0.000299850074962519,0,0,0,0,0,0,0,0,0.0252873563218391,0,0,0,0,0,0,0,0,0,9.99500249875062e-05,0,0.000199900049975012,0,0.0108945527236382,0,0,0,0.000499750124937531,0,0,0.00769615192403798,0,0,0.0789605197401299,0.00349825087456272,0.000299850074962519,0,0,0,0,0,0,0,0.00139930034982509,0,0,0.0340829585207396,0,0,0,0,0,0.000599700149925037,0.00279860069965018,0,0.000399800099950025,0,0,0,0.000199900049975012,0,0,0.00599700149925037,0,0,0,0,0,0,0,0,0.0324837581209395,0,0.000199900049975012,0,0,0,0.00419790104947526,0,0,0.0136931534232884,0,0.000399800099950025,0.000299850074962519,0,0,0,0.000899550224887556,0.00679660169915042,0,0,0,0,0,0,0,0,9.99500249875062e-05,0,0,0.00109945027486257,0,0,0,0.00109945027486257,0.000299850074962519,0,0,0,0,0.000199900049975012,0,0,0,0.000199900049975012,0,0,0.00109945027486257,9.99500249875062e-05,0,0,0,0.000599700149925037,0,0,0,0,0.055872063968016,0,0,0.000199900049975012,0,0,0,0.000299850074962519,9.99500249875062e-05,0,0,0,0,0,0.0185907046476762,0.0354822588705647,0,0,0,0,0,0,0,0,0,0,0,0,0.00209895052473763,9.99500249875062e-05,0.0031984007996002,0,0.00179910044977511,0,0,0,0,0,0,0,0.0265867066466767,0,9.99500249875062e-05,0,0,0,0.000699650174912544,0,0,0,0,0,0,0.0233883058470765,0.00119940029985007,0,0,0.00209895052473763,0.0047976011994003,0,0,0,0,0,0,0.00459770114942529,0,0,0,0,0.0132933533233383,0,0,9.99500249875062e-05,0,0,0,0,0,0,0,0,0,0,0,0,0,0,0,0.00129935032483758,9.99500249875062e-05,0.000299850074962519,9.99500249875062e-05,0,0,0,0,0.000299850074962519,0,0,0.000199900049975012,0,0,0,0,0.000399800099950025,0.0885557221389305,0,0,0.0373813093453273,0,9.99500249875062e-05,0,0,9.99500249875062e-05,0,0.186606696651674,0,0,0.0063968015992004,0.000199900049975012,0,0,0,9.99500249875062e-05,0,0,0,0,0,0,0.00419790104947526,0,9.99500249875062e-05,0,0,0.00729635182408796,0
0,0,0,0,0,0,0.003999600039996,0.0052994700529947,0,0,0,0,0,0,0.0126987301269873,0,0,0,0,0,0.0180981901809819,0,0.0002999700029997,0.0012998700129987,0,0,0,0,0.0061993800619938,0,0.0191980801919808,0,0,0.0091990800919908,0,0.0066993300669933,0,0.0022997700229977,0,0,0,0,0,0.0156984301569843,0,0.0123987601239876,0,0,0,0,0,0,0,0,0,0,0,0,0,0,0,0.0035996400359964,0.0001999800019998,0,0,0.0005999400059994,0.0021997800219978,0,0.0004999500049995,0.0002999700029997,0.0012998700129987,0.0002999700029997,0,0,0,0,0,0,0.0007999200079992,0,0,0,0.044995500449955,0,0,0,0,0,0,0.0236976302369763,0,0,0.0026997300269973,0,0,0.0082991700829917,0,0,0.0034996500349965,0,0,0,0,9.99900009999e-05,0.0004999500049995,0,0.003999600039996,0.0484951504849515,0,0.0018998100189981,0,0,0,0.0068993100689931,0,0,0,0.0011998800119988,0.020997900209979,0,0,0,0,0.0004999500049995,0.0101989801019898,0,0,0,0,0,0,0,0,0,0,9.99900009999e-05,0,0,0,0,0.0022997700229977,0,0,0,0,0,9.99900009999e-05,0,0,0,0.0008999100089991,0,0,0,0,0,0,0,0,0.0061993800619938,0,0,0.0025997400259974,0,0,0,0,0,0,0,0,0.0043995600439956,0.0224977502249775,0,0.0043995600439956,0,0,0.0012998700129987,0.0038996100389961,0,0,0,0,0,0.0005999400059994,0,0,0,0,0,0,0,0.0014998500149985,0.0017998200179982,0.0030996900309969,0.0001999800019998,0,0,0,0,0,0,0,0,0.0240975902409759,0,0,0,0,0.0058994100589941,0,0,0.0021997800219978,0,0.0008999100089991,0.0001999800019998,0,0.0036996300369963,0,0,9.99900009999e-05,9.99900009999e-05,0,0,0,0.0003999600039996,0,0,0.0004999500049995,0,0,0,0,0.386361363863614,0,0,0,0,0,0,0,0,0,0,0,0,0,0,0,0,0.0263973602639736,0,0.002999700029997,0,0.0008999100089991,0,0,0,0,0,0,0,0,0,0,0,0,0,0.0007999200079992,0.0125987401259874,0,0,0.122387761223878,0,0,0,0,0.0004999500049995,0.0002999700029997,0,0,0,0,0,0,0,0,0,0.0020997900209979,0,0.0290970902909709,0.0011998800119988,0,0,0.0087991200879912,0,0,0,0,0.0103989601039896,0
0,0,0,0.000499800079968013,0,0,0,0,0,0,0.000299880047980808,0,0,0,0.000299880047980808,0,0.00949620151939224,0,0,0,0,0.00209916033586565,0.00169932027189124,0,0.000699720111955218,0.105957616953219,0,0,0.00969612155137945,0.000499800079968013,0.014094362255098,0.0039984006397441,0.000999600159936026,0.00409836065573771,0,0,0.000199920031987205,0.00539784086365454,0,0,0,0,0,9.99600159936026e-05,0,0.000199920031987205,0,0.000599760095961615,0.000299880047980808,0,0,0,0,0.000299880047980808,0,0,0,0,0,0.00279888044782087,0.000299880047980808,9.99600159936026e-05,9.99600159936026e-05,0,0,0,0.0185925629748101,0,0,0,0.00079968012794882,0,0.00039984006397441,0.000699720111955218,0,0,0,0,0,0.0139944022391044,0.00079968012794882,0,0.0200919632147141,0.00219912035185926,0.00359856057576969,9.99600159936026e-05,0,9.99600159936026e-05,0.00109956017592963,0.000199920031987205,9.99600159936026e-05,0.00039984006397441,0.0197920831667333,0,0,0.0236905237904838,0,0,9.99600159936026e-05,0,0,0,0.000199920031987205,0,0,0.000599760095961615,0.000999600159936026,0.207017193122751,0,0,0,0.00219912035185926,0.000599760095961615,0.00199920031987205,0,0.0100959616153539,0,0.000499800079968013,0.0235905637744902,0,0.000599760095961615,0,0,0,0.000699720111955218,0,0,0,0,0,0.000199920031987205,0.00279888044782087,0,0,0.00039984006397441,0,0.0196921231507397,0.00809676129548181,0,0,0,0,0,0.00079968012794882,0,0,0.00129948020791683,0.00189924030387845,0,0,0,0.00109956017592963,0,0,0,0,0,0,0.000599760095961615,0.00079968012794882,0.000299880047980808,0,0.00649740103958417,0,0,0,0.00229908036785286,0,0.000299880047980808,0,0,0,9.99600159936026e-05,0,0,0,0,0.000199920031987205,0.0113954418232707,0,0.0487804878048781,0,0,0.0164934026389444,0.00309876049580168,0,0,0,0,0,0,9.99600159936026e-05,0,0,9.99600159936026e-05,0,0.00299880047980808,0,0,0,0,0,0,0,9.99600159936026e-05,0.000499800079968013,0,0.00419832067173131,0,0,0,0,0,0,0.00209916033586565,0,0.00699720111955218,0,0.0135945621751299,0,0.00279888044782087,0,0,0,0,0,0,0,0.00219912035185926,0.00289884046381447,0.00579768092762895,0,0.00039984006397441,0.0806677329068373,0,0,0,0,0,0.000199920031987205,0,0,9.99600159936026e-05,0.0531787285085966,0.000899640143942423,0,0,0,0,0,0.00189924030387845,0.000199920031987205,0.000499800079968013,9.99600159936026e-05,0.00079968012794882,0.000499800079968013,0,0,0.000199920031987205,9.99600159936026e-05,0.0038984406237505,0,0,0.000599760095961615,0,0,0,0,0,0.0756697321071571,0.000699720111955218,0.00999600159936026,0.0207916833266693,0,0,0,0,0,0,0.0286885245901639,0,0,0.0129948020791683,0,0,0.000199920031987205,0,0,0.00589764094362255,9.99600159936026e-05,0,0,0,0,0.000199920031987205,0.00039984006397441,0.000199920031987205,0.00689724110355858,0,0.00079968012794882,0
0,0,0,0,0,0,0.000199880071956826,0,0,0,0,0,0,0,0.00149910053967619,0,0,0,0,0,0,0.000499700179892065,0,0.000299820107935239,9.9940035978413e-05,0.110733559864082,0,0,0.00249850089946032,0,0.0332800319808115,0,0,0.0276833899660204,0,0,0.00129922046771937,0,0,0,0,0,0,0,0,0,0,9.9940035978413e-05,0,0,0,0,0,0,0,0,0,0,0,0,0,0,0,0,0,0,0.00549670197881271,0,0,0,0.00129922046771937,0,0,0,0,0,0,0,0,0,0,0,0,0,0,9.9940035978413e-05,0,0,0,0,0,0,0.158904657205677,0,0,0,0,0,0.00219868079152508,0,0,0.000899460323805717,0,0,0,0,0,0.0867479512292624,0,0,0,0,0,0.00469718169098541,0,0,0,0,0,0,0,0,0,9.9940035978413e-05,0.101439136518089,0,0,0,0,0,0,0,0,0,0,0,0.00189886068358985,0.000299820107935239,0,0,0.00179892064761143,0,0,0,0,0,0,0,0,0,0,0,9.9940035978413e-05,0.000299820107935239,0,0,0,0,0.000399760143913652,0,0,0,0,0,0,0,0,0,0,0,0,0.000199880071956826,0,0,0,0,0,0.000299820107935239,0,0,0,0,0,0,0,0,0,0,0,0,0,0,9.9940035978413e-05,0,0,0,0,0,0,0,0,0,0,9.9940035978413e-05,0.0461722966220268,0.000599640215870478,0,0,0,0.000199880071956826,0,0,0,0,0.000299820107935239,0,0.00209874075554667,0.000199880071956826,0.0311812912252648,0,0,0.00419748151109334,0,0,0,0.00409754147511493,0,0,0.00559664201479113,0,0,0,0,0.0107935238856686,0,0,0,0,0,9.9940035978413e-05,0,0,0,0.000899460323805717,0,9.9940035978413e-05,0,0,0,0,0,0,0,0,9.9940035978413e-05,0,9.9940035978413e-05,0,0,0,0.000199880071956826,0,0,0.000299820107935239,0,0,0,0,0,0.00189886068358985,0,0,0.154707175694583,9.9940035978413e-05,0,0,0,0,0.000899460323805717,0.126124325404757,0,0,0.0470717569458325,0,0,0,0,9.9940035978413e-05,0,0,0.00469718169098541,0,0,0,0.00339796122326604,0,0.00819508295022986,0,0,0,0
0,0,0,0,0,0,0,0,0,0,0,0,0,0,9.99800039992002e-05,0,0,0,0,0,0,0.00339932013597281,0,0,0,0.177864427114577,0,0,0.0002999400119976,0,0,0,0,0,0,0,0,0,0,0,0,0,0,0.000799840031993601,0,0.012997400519896,0,0,0,0,0,0,0,0,0,0,0,0,0,0,0,0,0,0,0,0,0,0,0,0,0.000999800039992002,0,0,0,0,0,0,0,0,0,0,0,0,0,0,0,0,0,0,0,0,9.99800039992002e-05,0,0,0,0,0,0,0.0031993601279744,0,0,0,0,0,0,0,0,0.422015596880624,0,0.0343931213757249,0,0,0,0,0,0,0.000699860027994401,0,0.00989802039592082,0,0,0,0,0,0,0,0.106678664267147,0,0,0,0.00769846030793841,0.00689862027594481,0,0,0,0,0,0,0,0,0,0,0,0,0,0,0,0,0,0,0,0,0,0,0,0,0,0,0,0.000999800039992002,0,0,0,0,0,9.99800039992002e-05,0,0,0,0.001999600079984,0,0,9.99800039992002e-05,0,0,0,0,0,0,0,0,0,0,0,0,0,0,0,0,0,0,0,0,0,0,0,0,0,0,0,0,0,0,0,0,0,0,0,0,0,0,0,0,0,0,0,0,0.0011997600479904,0,0,0,0,0,0,0,0,0,0,0,0,0,0,0,0.010997800439912,0,0,0,0,0,0,0,0,0,0,0,0,0,0,0,0,0,0,0.0002999400119976,0,0,0,0,0,0,0.000399920015996801,0,0,0,0,0,0,0,0,0,0.00919816036792642,0,0,0.0477904419116177,0,0,0,0,0,0,0.124175164967007,0,0,0.0113977204559088,0,0,0,0,0,0.00329934013197361,0,0,0,0,0,0,0,0,0,0,0,0
0.00159936025589764,0,0,0,0,0,9.99600159936026e-05,0.00139944022391044,0,0,0,0,0,0,0.00249900039984006,0,9.99600159936026e-05,0,0,0,0,0,0,0,0,0,9.99600159936026e-05,0,0.00579768092762895,0,0.014594162335066,0,0.000199920031987205,0.00549780087964814,0,0.00169932027189124,0,0.0167932826869252,0,0,0.000199920031987205,0,0,0,0,0.00459816073570572,0,0,0,0,0,0,0,0,0,0,0,0,0,0.00269892043182727,0,0.00709716113554578,9.99600159936026e-05,0,9.99600159936026e-05,0,0,0,0,0.00449820071971212,0,0,0,0,0,0,0,0,0,0.0076969212315074,0,0,0,0,0.0269892043182727,0,0,0,0,0.00239904038384646,0.27608956417433,0.00559776089564174,0.000199920031987205,0,0,0,0,0,0.000599760095961615,0,0,9.99600159936026e-05,0,0,0,0,0,0.0196921231507397,0,0,0,0.00339864054378249,0,0.00229908036785286,0,0,0,0,0.0158936425429828,0,0,0,0.00209916033586565,0,0.0121951219512195,0,0,0,0,0,0.0100959616153539,0,0,0,0,0,0.000299880047980808,0.000299880047980808,0,0,0,0,0,0,0,0,0,0,0,0,0.00159936025589764,0.00419832067173131,0,0,0,0,0,0,0.000199920031987205,0,0,0,0,0.038984406237505,0,9.99600159936026e-05,0,0,0,0,0,0,9.99600159936026e-05,0,0,0,0,0.0179928028788485,0.0118952419032387,0,0,0,0,0,0,0,0,0,0.0152938824470212,0,0,0.00639744102359056,0,9.99600159936026e-05,0,9.99600159936026e-05,0.00039984006397441,0,0,0,0,0,0,0,0.0353858456617353,0.00319872051179528,0,0,9.99600159936026e-05,0,0,0,0,0,0.015593762495002,0,0.00429828068772491,0,0,0.00179928028788485,0.00899640143942423,0,0,0,0,9.99600159936026e-05,0,0,0.00499800079968013,0,0.0128948420631747,0,0,0.0147940823670532,0,0,0,0,0,0,0,0,0.000299880047980808,0,0,0,0,0.000599760095961615,0,0,9.99600159936026e-05,9.99600159936026e-05,0,0,0,0,0,0,0,0,0,0.00229908036785286,0,0.00039984006397441,0,0,0,0.0272890843662535,0,0.000899640143942423,0.0039984006397441,0,0.0108956417433027,0,9.99600159936026e-05,0,0,0,0.00079968012794882,0.270591763294682,0,0,0.0174930027988804,0,0,0,0,0,0,0,0,0,0,0,0.00249900039984006,0,0,0,9.99600159936026e-05,0.00599760095961615,0.00039984006397441
0,0,0.000100030009002701,0.00530159047714314,0,0,0.000300090027008102,0.00130039011703511,0.00750225067520256,0,0,0,0,0.0295088526557967,0.00160048014404321,0,0.00640192057617285,0,0,0,0.00290087026107832,0.00150045013504051,0.00120036010803241,0.000600180054016205,0.000400120036010803,0.108932679803941,0,0,0.00140042012603781,0.00180054016204861,0.00910273081924577,0,0,0.00830249074722417,0,0,0.000700210063018906,0,0,0,0,0,0,0.011703511053316,0,0.00960288086425928,0,0,0,0,0,0,0,0.000400120036010803,0,0,0,0,0,0.0112033610083025,0,0,0,0,0,0.000100030009002701,0.00450135040512154,0,0,0.000100030009002701,0.000900270081024307,0,0.00110033009902971,0.000700210063018906,0,0,0,0,0,0.00450135040512154,0.000700210063018906,0,0,0,0.000100030009002701,0.0109032709812944,0.00650195058517555,0,0.000300090027008102,0.00120036010803241,0.000100030009002701,0.000100030009002701,0.00110033009902971,0.00730219065719716,0,0.000100030009002701,0,0,0.00240072021606482,0,0,0,0,0,0.000500150045013504,0,0.000200060018005402,0.0467140142042613,0.00280084025207562,0,0,0,0.00180054016204861,0.00280084025207562,0,0.0262078623587076,0,0,0,0.000800240072021606,0,0,0.00130039011703511,0,0.000200060018005402,0,0,0.000600180054016205,0,0,0.00310093027908373,0.00180054016204861,0,0,0.000500150045013504,0,0.00870261078323497,0,0,0,0,0,0.00170051015304591,0,0,0,0,0.0131039311793538,0,0,0,0,0,0,0.000100030009002701,0,0,0,0.00340102030609183,0.00260078023407022,0,0,0.0179053716114834,0,0,0,0,0,0,0,0.00100030009002701,0.00270081024307292,0,0,0.000700210063018906,0,0,0,0.0404121236370911,0,0.0227068120436131,0,0,0.000600180054016205,0.00530159047714314,0,0,0,0,0,0,0.00580174052215665,0,0.00360108032409723,0,0,0,0,0,0,0,0,0,0,0,0.0269080724217265,0,0,0,0.000100030009002701,0,0,0.000300090027008102,0,0.000300090027008102,0,0.0105031509452836,0.00100030009002701,0,0,0,0,0,0,0.00240072021606482,0.00110033009902971,0,0,0,0.00690207062118636,0.0240072021606482,0,0,0.00440132039611884,0,0,0,0,0,0,0,0,0,0,0.000300090027008102,0,0,0,0,0,0,0,0,0,0,0.00690207062118636,0,0.00100030009002701,0.00260078023407022,0.00160048014404321,0,0,0,0.000600180054016205,0,0,0.00190057017105132,0,0,0.364509352805842,0,0.000900270081024307,0.010703210963289,0,0.000100030009002701,0.000100030009002701,0.000100030009002701,0.000200060018005402,0,0.000300090027008102,0,0,0.0266079823947184,0.000100030009002701,0,0,0,0.00370111033309993,0,0.00370111033309993,0,0,0,0,0.000100030009002701,0.00300090027008102,0.00300090027008102,0,0,0.00570171051315395,0.000200060018005402
0,0,0,0,0,0,0.000699790062981106,0,0,0,0,0,0,0,9.99700089973008e-05,9.99700089973008e-05,0,0,0,0,0.00279916025192442,0.00489853044086774,0,0,9.99700089973008e-05,0.23073078076577,0,0.000499850044986504,0.0139958012596221,0.000699790062981106,0.0558832350294912,0.000899730080975707,0,0.0111966410076977,0,0,0.00249925022493252,0,0,0,0,0,0.00179946016195141,0.00569829051284615,0,0.0298910326901929,0,0,0,0,0,0,0,0,0,0,0,0,0,0.000999700089973008,0,0,0,0,0,0,0.0157952614215735,0,0,0,0.00129961011696491,0,0,0,0,9.99700089973008e-05,0,0,0,0,0,0,0,0,0.00329901029691093,0,0,0,0,0,0,0.00979706088173548,0.00179946016195141,0,0,0,0.000599820053983805,0,0,0,0,9.99700089973008e-05,0,0,0,9.99700089973008e-05,0,0.0146955913226032,0.00179946016195141,0,0,0,0,0.00349895031490553,0,0,0,0,0,0,0.000399880035989203,0,0.00109967009897031,9.99700089973008e-05,0.00369889033290013,0,0,0,0,0,0.00909727081875437,0.000299910026991902,0,0,0,0,0.0414875537338798,0.00259922023392982,9.99700089973008e-05,0,9.99700089973008e-05,0.000199940017994602,0,9.99700089973008e-05,0,0,0.00159952014395681,0.00949715085474358,0,0,0,0.00649805058482455,0,0.00209937018894332,0,0,0,0,0,0.00469859042287314,0,0,0,0,0,0,0.00779766070178946,0,0,0,0,0.0120963710886734,0,0,0.00699790062981106,0,0,0,0.0279916025192442,0,0.00349895031490553,0,0,0.00839748075577327,0.00469859042287314,0,0,0,0,0,9.99700089973008e-05,0.00899730080975707,9.99700089973008e-05,0,0.0260921723482955,0,0.026592022393282,0,0,0.00419874037788663,0,0,0,0,0,0,0,0,0,0.00149955013495951,0,0,0,0,0,0,0.00399880035989203,0.00219934019794062,0.00189943017094872,0,0,0,0,0,0.00309907027891633,0,0,0,0.00529841047685694,0,0.00789763071078676,0,0,0.0184944516645007,0.000699790062981106,0,0,0,0,0,0,0,0,0.0121963410976707,0.000299910026991902,0,0,0,0,0,0.0173947815655303,0,0,0,0,0,0.000399880035989203,0,0,9.99700089973008e-05,0,0,0,0,0.00619814055783265,0,0,0,0,0.0157952614215735,0,0,0.000799760071978406,0,0,0,0,0,0,0.177746675997201,0,0,0.0458862341297611,0,0,0,0,0,0.000999700089973008,0.00399880035989203,0.0207937618714386,0.000399880035989203,0,0,9.99700089973008e-05,0,0.000399880035989203,0,0,0.0137958612416275,0
0,0,0,0.00219934019794062,0,0,0,0.000799760071978406,0,0,0,0,0,0.0331900429871039,0.00589823053084075,0,0.00259922023392982,0,0,0,0,0.00609817054883535,0,0,0.000599820053983805,0.149955013495951,9.99700089973008e-05,0,0.0180945716285114,0,0,9.99700089973008e-05,0,0.00159952014395681,0,0.00289913026092172,0,0.0176946915925222,0,0,0,0,9.99700089973008e-05,0.00139958012596221,0,0,0,0.000599820053983805,0.000199940017994602,0,0,0,0,0,0.000899730080975707,0,0,0.00129961011696491,0,0.00389883035089473,0,0.00169949015295411,0,0,0.00219934019794062,0.00279916025192442,0.00279916025192442,0.000599820053983805,0,0,0.00149955013495951,0,0,0.00279916025192442,0,0,0,0,0,9.99700089973008e-05,0,0.000199940017994602,0,0.000199940017994602,0.0174947515745276,0,0,9.99700089973008e-05,0.000499850044986504,0.0141957412776167,0.00259922023392982,0.00539838048585424,0,0,0,0,0,9.99700089973008e-05,0.00409877036888933,0,0,0,0.000299910026991902,0,0,0.00139958012596221,0,0.00469859042287314,0.0296910926721983,0.000999700089973008,0,0,0,0.000399880035989203,0,0.00959712086374088,0,0,0,0,0,0,0,0,0.00909727081875437,0.00119964010796761,0,0,0.000299910026991902,0,0.00139958012596221,0.00139958012596221,0,0,0,0,0.125262421273618,0,0,0.000199940017994602,0.00119964010796761,0,0,0,0,0,0.00469859042287314,0.00489853044086774,0,0,0,0.00149955013495951,0,0,0,0,0,0,0.000599820053983805,0.00339898030590823,0,0,0.0147955613316005,9.99700089973008e-05,0,0,0,0,0.000699790062981106,0,0,0,0,0,0,0,0,0,0.00169949015295411,0.00269919024292712,0.0103968809357193,0,0,0,0,0,0,0,0,0,0,0.00549835049485154,0,0.000699790062981106,0,0,0,0,0,0,0.0231930420873738,0,0,0.00119964010796761,0,0.00429871038688393,0,0,0,0,0,0,9.99700089973008e-05,0,0,0,0.00319904028791363,0.000299910026991902,0.0146955913226032,0.000499850044986504,0.00899730080975707,0.00299910026991902,0,0,0.00169949015295411,9.99700089973008e-05,0.00229931020693792,0,0.00289913026092172,0.00109967009897031,0.00239928021593522,0,0,0.0220933719884035,0,0,0.000399880035989203,0,0,0,0,0,0,0.00149955013495951,0,0,0,0,0,0,0,0.000699790062981106,0,0,0,0,0.000699790062981106,0,0.000299910026991902,0,0.000499850044986504,0,0,0,0,0,0,0,0,0.0470858742377287,0,0,0.0323902829151255,0,0,0,0,0.000199940017994602,0,0.18924322703189,0,0,0.0436868939318205,0,0,0,0,9.99700089973008e-05,0.000799760071978406,0.00599820053983805,0.00709787063880836,0,0,0,0.0159952014395681,9.99700089973008e-05,0.000399880035989203,0,0,0.012296311106668,0
0,0,0,0,0,0,0,0,0,0,0,0,0,0.0331900429871039,9.99700089973008e-05,0,0,0,0,0,0.000399880035989203,0.00479856043187044,0,0,0,0.0536838948315505,0,0,0.00239928021593522,0,0,0,0,0,0,0,0,0,0,0,0,0,0,0.00129961011696491,0,0.00159952014395681,0,0,0,0,0,0,0,0,0,0,0,0,0,0.00429871038688393,0,0,0,0,0.00529841047685694,0,9.99700089973008e-05,0,0,0,0,0,0,0,0,0,0,0,0,0,0,0,0,0,0,0,0,0,0,0,0,0,0.000699790062981106,0,0,0,0.00219934019794062,0,0,0,0,0.00319904028791363,0,0,0.000199940017994602,0,0,0.0223932820153954,0,0,0,0,0,0.000499850044986504,0,0,0,0,0.00419874037788663,0.000299910026991902,0,0,0,9.99700089973008e-05,0.0136958912326302,0.000199940017994602,0,0,0,0,0,0.00599820053983805,0,0,0,0,0.00299910026991902,0,0,0,9.99700089973008e-05,0,0,0,0,0,0,0,0,0,0.000499850044986504,0,0,0,0,0,0,0,0,0.0150954713585924,0,0,0,0,0,0,0,0,0,0,0,0,9.99700089973008e-05,0,0,0,0,0,0.00279916025192442,0,0,0,0,0,0,0,0,0,0,0,0,0.000699790062981106,0,0,0,0,0,0,0,0,0,0,0,0,0,0,0,0,9.99700089973008e-05,0,0,0,0,0,0,0,0,0,0.0101969409177247,0,0,0.00129961011696491,0,0,0,0,0,0,0,0,0.00669799060281915,0,0,0.0106967909627112,0,0,0,0,0,0,0,0,0,0,0,0,0,0,0,0,0.000399880035989203,0,0,0,0,0,0,0,0,0,0,0,0,0,0,0,0,0,0,0.000399880035989203,0,0,0.413375987203839,0.0411876437068879,0,0,0,0,0,0.295211436569029,0,0,0.0271918424472658,0,0,0,0,9.99700089973008e-05,0,0.00379886034189743,0,0,0,0,0,0,0,0,0,0.00619814055783265,0
0,0,0,0,0,0,0.000899460323805717,0,0,0,0,0,0,0.0153907655406756,0.00519688187087747,0,0.00189886068358985,0,0,0,0,0,0,0.000899460323805717,0,0.109934039576254,0,0,0.000499700179892065,0,0,0,0,0.0174895062962223,0,0,0.0221866879872077,0.017189686188287,0,0,0.000199880071956826,0,0,0,0,0,0,0,0,0,0,0,0,0,0,0,0,0,0,9.9940035978413e-05,0,0,0,0.000299820107935239,0,0,0.00269838097141715,0,0,0,0.000799520287827304,0,0,0,0,0,0,0.000199880071956826,0,0,0,0,0,0,0,9.9940035978413e-05,9.9940035978413e-05,0,0,0.0295822506496102,0,0.000699580251848891,0,0,0,0,0,0,0,0,0,0,0,0,9.9940035978413e-05,0,0,0.066560063961623,0,0,0,0,0,0,0,9.9940035978413e-05,0,0,0,9.9940035978413e-05,0,0,0,0.000499700179892065,0,0,0,0,0,0,0,0,0,9.9940035978413e-05,0,0,0.0344793124125525,0,0,0,0.000899460323805717,0,0,0,0,0,0.000199880071956826,0,0,0,0,0,0,9.9940035978413e-05,9.9940035978413e-05,0,0,9.9940035978413e-05,0,0,0,0,0,9.9940035978413e-05,0,0,0,0,0,0,0.000199880071956826,0,0,0,0,0,0,0.00179892064761143,0.0110933439936038,0,0,0,0,0,0,0,0,0,0,0,0,0,9.9940035978413e-05,0,0,0,0,0,0,0,0,0.00289826104337398,0,0,0.030481710973416,9.9940035978413e-05,0,0,9.9940035978413e-05,0,0,0,0.0092944233459924,0,0,0,0.0061962822306616,0.000199880071956826,9.9940035978413e-05,0,0.0179892064761143,0.00479712172696382,0,0.000699580251848891,0,0,0,0,0.0393763741754947,0.000299820107935239,0,0,0,0.0099940035978413,0,0,0,0,0,0,0,0,0.0158904657205677,0,0,0.000199880071956826,0,0,0,0,0,0,0,0,0,0,0.000399760143913652,0,0,0,0,0,0,0,0,0,0,0,0.00179892064761143,0.000299820107935239,0,0,0.103337997201679,0,0.000799520287827304,0,0,0,9.9940035978413e-05,0.402858285028983,0,0.00439736158305017,0,0,0,0,0,0,0.00149910053967619,0,0,0,0,0,0,0,0.00289826104337398,0,0,0,0
0,0,0,0.0011998800119988,0,0,0,0,0,0,0,0,0.0001999800019998,0.0043995600439956,0.0937906209379062,0,0.0033996600339966,0,0,0,0,0,0,0,0,0.0020997900209979,0,0,0.0082991700829917,0,0,0,0,0,0.0007999200079992,0,0.0011998800119988,0,0,0,0,0,0,0,0.0021997800219978,0,0,0,0,0.0005999400059994,0,0,0,0,0,0,0,0.0014998500149985,0,0.0005999400059994,0,0.0012998700129987,9.99900009999e-05,0.0003999600039996,0.0361963803619638,0,0.0104989501049895,0,0,0,0,0,0,0,0,0,0,0,0,0.0015998400159984,0,0.0018998100189981,0.0093990600939906,0,0,0.0002999700029997,0,0,0.0005999400059994,0,0.0001999800019998,0.0015998400159984,0.0186981301869813,0,0,0,0.0090990900909909,0,0,0,0,0,0.0042995700429957,0,0,0,0,0.03999600039996,0,0.017998200179982,0,0,0.0002999700029997,0.0086991300869913,0,0.0234976502349765,0,0.0002999700029997,0,0,0,0,0,0.032996700329967,0.0074992500749925,0,0,0,0,0,0,0.0087991200879912,0,0,0,0,0.0330966903309669,0,0,0.0017998200179982,0.0018998100189981,0,0,0.0017998200179982,0,0,0.0003999600039996,0,0,0,0,0.0008999100089991,0.0025997400259974,0,0,0,0,0.0544945505449455,0,0,0,0,0,0,0,0,0,0,0.0013998600139986,0,0,0,0.0013998600139986,0,0,0,0,0,0.0005999400059994,0,0.0197980201979802,0,0,0.0027997200279972,0,0,0,0,0,0,0,0.0355964403559644,0,0,0,0,0,0,0,0,0,0,0,0,0,0.0248975102489751,0,0,0,0,0,0,0,0,0,0,0,0,0.0074992500749925,0,0.0065993400659934,0.0006999300069993,0,0,0.002999700029997,0,0,0,0,0,0.026997300269973,0,0,0.041995800419958,0,0,0,0,0,0.007999200079992,0,0,0,0,0.0018998100189981,0,0,0,0,0,0.0010998900109989,0,0,0,0,0.001999800019998,0.0014998500149985,0,0,0,9.99900009999e-05,0,0,0,0,0,0,0,0,0.0233976602339766,0,0,0.0674932506749325,0,0,0,0,0.0003999600039996,0,0.184481551844816,0,0,0.0540945905409459,0,0,0,0,0,0.0021997800219978,0,0,0,0,0,0.0212978702129787,0,0,0,0,0.0051994800519948,0
0,0,0,0.0013997200559888,0.000999800039992002,0,0.000499900019996001,0,0,0.001499700059988,0,0,9.99800039992002e-05,0,0.000999800039992002,0,0,0,0,0,0,0,0,0.000599880023995201,0,0.272845430913817,0,0,0.0020995800839832,0.00729854029194161,0.0565886822635473,0,0,0.016996600679864,0,0,0.0021995600879824,0.000999800039992002,0.0002999400119976,0,0,0,0,0,0,0.0130973805238952,0,0,0,0,9.99800039992002e-05,0,0,0,0,0,0,0,0,0,0,0,0,0,0,0,0.0011997600479904,0,0,0,0,0,0,0,0,0.001499700059988,0,0,0,0,0,0,0.0026994601079784,0,0,0,0,0,0,0.00869826034793041,0,0.000699860027994401,0.00419916016796641,0,0,0,0,0,0,0,0,0,0,0,0,0,0,0.0590881823635273,0,0.00449910017996401,0,0,0.0256948610277944,0.0017996400719856,0,0.0130973805238952,0,0,0,0,0,0,0.00939812037592481,9.99800039992002e-05,0.00739852029594081,0,0,0,0,0,0.000399920015996801,0.000799840031993601,0,0,0,0.000599880023995201,0.0186962607478504,0,0,0,0.000799840031993601,0,0,0.0010997800439912,0,0,0,0,0,0,0,0,0,0,0,0,0,0,0,0.00419916016796641,0,0,0,0,0,0,0.0022995400919816,0,0,0,0,0.0278944211157768,0,0,0.0012997400519896,0,0,0,0,0,0,0,0,0.017996400719856,0,0,0,0,0,0,0,0.000699860027994401,0,0,0,0,0.0226954609078184,0,0,0,0,0,0,0.0022995400919816,0,0,0,0,0,0.0013997200559888,0,0,0,0,0,0,0.00639872025594881,0,0.000699860027994401,0,0,0,0,0,0,0,0,0,0.00869826034793041,0,0,0,0,0,0,0,0,0,0,0,0,0,0,0,0.000999800039992002,0,0,0,0,0,0,0,0,0,0,0.000499900019996001,0,0,0,0,0,0,0,0,0.0102979404119176,0,0,0,0,0.0468906218756249,0,0,0.00659868026394721,0,0.0001999600079984,0,0,0,0,0.287942411517696,9.99800039992002e-05,0,0.00449910017996401,0,0,0,0,0,0,0,0,0,0,0,0,0,0.0025994801039792,0,0,0.0016996600679864,0
0,0,0,0,0,0,0,0,0,0.00359820089955022,0,0,0,0,0,0,0,0,0,0.000599700149925037,0,0,0.00329835082458771,0,0.000299850074962519,0.367816091954023,0,0,0.00339830084957521,0.0115942028985507,0.0461769115442279,0,0,0,0,0,0,0,0,0,0,0,0,0,0,0,0,0,0.00079960019990005,0.00339830084957521,0,0,0,0.000399800099950025,0,0,0,0,0,0,0.000699650174912544,0,0,0,0,0,0,0,0.000399800099950025,0,0,0,0,0,0.00199900049975012,0,0,0,0,0,0,0,0,0,0,0,0,0,0,0,0,0.0134932533733133,0.000399800099950025,0,0,0,0,0,0,0,0,0.000899550224887556,0,0,0,0,0,0.200699650174913,0,0,0,0,0,0,0,0.031584207896052,0,0,0,0,9.99500249875062e-05,0,0,0,0.00079960019990005,0,0,0,0,0,0,0,0,0,0,9.99500249875062e-05,0.0103948025987006,0.00249875062468766,0,0,9.99500249875062e-05,0,0,0.00079960019990005,0,0,0,0.00339830084957521,0,0,0,0,0,0,0,0,0,9.99500249875062e-05,0,0,0,0,0,0,0,0,0.00179910044977511,0,0,0,0,0,0,0,0,0,0,0,0,0,0.00989505247376312,0,0,0,0,0,0,0,0,0.00859570214892554,0,0,0,0,0,0,0.000299850074962519,0,0,9.99500249875062e-05,0,0,0,0.0114942528735632,0.016191904047976,0,0,0,0,0,0.000299850074962519,0,0,0,0,0,0,0,0,0,0,0,0,0,0,0,0,0,0,0,0,0,0,0,0,0,0,0,0,0,0,0,0.000199900049975012,0,0.000499750124937531,0,0,0,0,0,0,0,0,0,0,0,0,0,0,0,0,0,0,0,0,0,0,0,0,9.99500249875062e-05,0,0,0.000999500249875062,0.000499750124937531,0,0,0,0,0,0.239180409795102,0,0,0,0,0,0,0,0,0,0,0,0,0,0,0,0,0,0,0,0,0
0,0,0,0,0,0,0.0127987201279872,0,0,0,0,0,0,0,0.0013998600139986,0,0,0,0,0,0,0,0,0.0024997500249975,0,0.258774122587741,0,0,0.012998700129987,0,0.0328967103289671,0,0,0.0026997300269973,0,0,0.000999900009999,0,0.0001999800019998,0,0,0,0,0,0,0,0,0,0,0,0,0,0,0,0,0,0,0,0,0.0213978602139786,0,0,0,0,0,0,0,0,0,0.0286971302869713,0.0043995600439956,0,0,0,0,0,0,0,0,0,0,0,0,0,0,0,0,0,0.0003999600039996,0.0014998500149985,0.0015998400159984,0.0072992700729927,0.0003999600039996,0,0,0,0,0,0,0,0,0,0,0,0,0,0,0.163183681631837,0,0,0,0,0,0.0037996200379962,0,0,0,0,0.0623937606239376,0,0,0,0,0.0002999700029997,0.0010998900109989,0,0,0,0,0,0,0,0,0.0005999400059994,0,0,0,0,0,0,0,0,0,0,0,0,0,0,0,0,0.0026997300269973,0,0,0.002999700029997,0.0001999800019998,0,0,0,0,0,0,0,0,9.99900009999e-05,0,0,0,0,0,0,0,0,0.0014998500149985,0,0,0,0,0,0.0252974702529747,0,0,9.99900009999e-05,0,0,0,0,0,0,0,0,0,0.0081991800819918,0,0,0,0,0,0,0,0,0,0,0,0,0,0,0,0,9.99900009999e-05,0.0034996500349965,0,0,0,0,0,0,0.0140985901409859,0,0.0331966803319668,0,0.0100989901009899,0,0,0,0,0,0,0,0,0,0,0,0,0.0070992900709929,0,0,0.0028997100289971,0,0,0,0,0,0,0,0,0,0,0,0,0,0,0,0,0,0,0.0027997200279972,0,0,0,0,0,0,0.0006999300069993,0,0,0,0,0,0,0,0,0,0.0094990500949905,0,0.000999900009999,0,0,0,0,0.182381761823818,0,0,0.0564943505649435,0,0,0,0,0,0,0,0,0,0,0,0,0,0.0004999500049995,0,0,0.0121987801219878,0
0,0,0,0,0,0,0,0.00179892064761143,0,0,0,0,0,0,0.000699580251848891,0,0,0,0,0,0.00809514291425145,0.00259844093543874,0,9.9940035978413e-05,0,0.111633020187887,0,0,0.000599640215870478,0.00129922046771937,0,0,0,0.0141914851089346,0,0,0.000199880071956826,0.0168898660803518,0,0,9.9940035978413e-05,0,0,0.00529682190685589,0,0,0,0,0,0,0.00689586248251049,0,0,0,0.00659604237457526,0.000199880071956826,0,0,0,0.0261842894263442,0.000399760143913652,0.00349790125924445,9.9940035978413e-05,0,0,0,0.00549670197881271,0,0,0.00349790125924445,0.00379772136717969,0,0,0.000299820107935239,0,0,0,0,0,0.0620627623425944,0,0.000399760143913652,0.0341794923046172,0,0.000199880071956826,0.00449730161902858,0.00149910053967619,0,0,0,0,0.000599640215870478,0,0,0,0,0,0,0,0,0,0,0,0,0,9.9940035978413e-05,0,0.146012392564461,0,0,0,0,0.000799520287827304,0.00869478313012193,0,9.9940035978413e-05,0,0,0.0405756546072357,9.9940035978413e-05,0,0,0,0,0.00919448331001399,0,0,0.00129922046771937,0,0,0.000899460323805717,0.00149910053967619,0,9.9940035978413e-05,9.9940035978413e-05,0,0.000499700179892065,9.9940035978413e-05,0,0,0.0237857285628623,0,0,0,0.00609634219468319,0,0.00109934039576254,0.000899460323805717,0,0,0.00269838097141715,0,0,0.00179892064761143,0,0,0,0,0.000899460323805717,0,0,0,0,0,0,0,0,0,0.000199880071956826,0.0030981411153308,0,0,0,9.9940035978413e-05,0,0,0.000499700179892065,0.00259844093543874,0.036777933240056,0.000299820107935239,0,0,0,0,0.00319808115130921,0,0,0,0,0,0.00239856086348191,0.0053967619428343,9.9940035978413e-05,0.00159904057565461,0,0,0,0,0,0,0,0,0,0.0813511892864281,0,0.026384169498301,9.9940035978413e-05,0,9.9940035978413e-05,0,0,0,0,0,0.00149910053967619,0.000199880071956826,0.00889466320207875,0.00299820107935239,0.0151908854687188,0,0,9.9940035978413e-05,0,0,0,0,0,0,0.00279832100739556,9.9940035978413e-05,0,9.9940035978413e-05,0,0.00489706176294223,0,0,0.00609634219468319,9.9940035978413e-05,0,0.00299820107935239,0,0,0,0,0,0,0,0,0,0,0.00529682190685589,0.000199880071956826,0,0,0.00149910053967619,0.00419748151109334,0.0202878273036178,0,0.000499700179892065,0,0.00159904057565461,0,0,0.000199880071956826,0,9.9940035978413e-05,0,0,0,0.000499700179892065,0,0,0.0214871077353588,0,9.9940035978413e-05,9.9940035978413e-05,9.9940035978413e-05,9.9940035978413e-05,0,0.098740755546672,9.9940035978413e-05,0,0.048171097341595,0,0,0,0,9.9940035978413e-05,0.0022986208275035,0,0,0,0,0,0,0.000399760143913652,0.000399760143913652,0,0,0.012092744353388,0
0,0,0,0.000199920031987205,0.000499800079968013,0,0,0.00159936025589764,0,0.00229908036785286,0,9.99600159936026e-05,0,0.0142942822870852,0.000699720111955218,0,0,0,0,9.99600159936026e-05,0.00159936025589764,0.00549780087964814,0.00169932027189124,9.99600159936026e-05,0.000299880047980808,0.163534586165534,0.000199920031987205,0,0.00149940023990404,9.99600159936026e-05,0,0,0,0.00469812075169932,0,0,0.00569772091163535,0,0,0,0,9.99600159936026e-05,9.99600159936026e-05,0,0,0.00849660135945622,0.0296881247501,0,0.000199920031987205,0.000199920031987205,0,0,0,0,0,0,0,0.000699720111955218,0,0,0.000299880047980808,0.00249900039984006,9.99600159936026e-05,0,0.00129948020791683,0,0.0079968012794882,0.000299880047980808,0,0,0,0,0.00039984006397441,0.000299880047980808,0,9.99600159936026e-05,0,0,0,0.0120951619352259,0.00039984006397441,0.000199920031987205,0.00319872051179528,0.000199920031987205,0.00129948020791683,0,0.0487804878048781,0,9.99600159936026e-05,0.00709716113554578,9.99600159936026e-05,0.000699720111955218,0.00139944022391044,0.000899640143942423,0.00149940023990404,0,0,0,0.00199920031987205,0,0.00119952019192323,0,0,0,0,0,0.00109956017592963,0.00189924030387845,0.00559776089564174,0.00159936025589764,0.00249900039984006,0.00159936025589764,0,0.0471811275489804,0,0.0037984806077569,0,0,0,0,0,0.00909636145541783,0,0,0.0625749700119952,0.0192922830867653,0,0,0,0,0.00459816073570572,0.00179928028788485,0.00039984006397441,0.000499800079968013,0,0,0.00959616153538585,0,0,0,0,0,0,0,0.00989604158336665,0,0,0.00199920031987205,0,9.99600159936026e-05,0,0.00469812075169932,0,0,9.99600159936026e-05,0,0,0,0.0109956017592963,0.00349860055977609,0,0,0.00299880047980808,0.00659736105557777,0,0.000299880047980808,0,0,0,0.000499800079968013,0.00179928028788485,0.000899640143942423,9.99600159936026e-05,0,0,0,0,0,0.00189924030387845,0,0.000699720111955218,0,0,0,0,0,0,0,0,0.000499800079968013,0,0.00679728108756497,0.000199920031987205,0,0,9.99600159936026e-05,0.00139944022391044,0,0,0,0,0,0,0,0,0.00039984006397441,0,0,0,9.99600159936026e-05,0,0,0.00079968012794882,0.00039984006397441,0.00119952019192323,0,0.00199920031987205,0,0.00169932027189124,0,0,0,9.99600159936026e-05,0,0.000699720111955218,0,0,0.014594162335066,0.00419832067173131,0.000499800079968013,0.00819672131147541,9.99600159936026e-05,0,0.084266293482607,0,0,0,0,0,0,0,0,0,0.00639744102359056,0,0,0,0.000899640143942423,9.99600159936026e-05,0,0,0.00039984006397441,0.000899640143942423,0,9.99600159936026e-05,0.000299880047980808,0.000899640143942423,0.000699720111955218,9.99600159936026e-05,0.000499800079968013,0,0.000299880047980808,0,0,0,0,0,0.00309876049580168,0.000199920031987205,0,0,0.00199920031987205,0.00819672131147541,0,0,0,0,0,9.99600159936026e-05,0.21281487405038,0,9.99600159936026e-05,0.0438824470211915,0,0,0,0,9.99600159936026e-05,0.000999600159936026,0.00429828068772491,0,0,0,0,0.000599760095961615,0,0.0163934426229508,0.00319872051179528,0,0.00529788084766094,0
0,0,0,0,0,9.99700089973008e-05,0.000799760071978406,0.000399880035989203,0,0,0,0,0,0,0,0,0,0,0,0,0.000599820053983805,0.00419874037788663,0,0.000499850044986504,0,0.094371688493452,0,0,0.000799760071978406,0.000299910026991902,0.0136958912326302,0,0,0.0160951714485654,0,0,0.000299910026991902,0.000199940017994602,0,0,0,0,0,0,0,0.0158952314305708,0,0,0,0,0,0,0.000299910026991902,0,0,0,0.000299910026991902,0,0,0.00699790062981106,0,0,0,0,0,0,0.00249925022493252,0,0,0.00929721083674898,0.010296910926722,0.000199940017994602,0.00129961011696491,0,0,0,0.000299910026991902,0,0,0,0,0,0.000799760071978406,0,0.00179946016195141,0,0.012296311106668,0,0,0.00189943017094872,0,0.000799760071978406,0,0,0,0,0,0,0.00209937018894332,0,0,0,0,0,0,0,0.0167949615115465,0.0997700689793062,0,0,0,0.00239928021593522,0,0.114465660301909,0,0.000299910026991902,0,0,0.00269919024292712,0,0.000799760071978406,0,0,0,0,0,0,0,0.00199940017994602,0,0.00419874037788663,0.00649805058482455,0,0,0,0,0.00459862041387584,0,9.99700089973008e-05,0,0.000499850044986504,0,0,0,0,0,0.00239928021593522,0.000199940017994602,0,0,9.99700089973008e-05,9.99700089973008e-05,0,9.99700089973008e-05,0,0.00289913026092172,0,0,0,0.00539838048585424,0,0,0,0,0,0,0,0,0,0,9.99700089973008e-05,0,0,0,0,0,0,9.99700089973008e-05,0.0384884534639608,0,0,0,0,0,0,0,0,0,0,0,0,0.0135959212236329,9.99700089973008e-05,0,0,0,0.00339898030590823,0,0,0.000499850044986504,0,0,9.99700089973008e-05,0,0,0.000899730080975707,0,0,0,9.99700089973008e-05,0,0,0,0,0.000499850044986504,0,0.0253923822853144,0.000799760071978406,0,0,0.00359892032390283,0.000699790062981106,0,0,0,0,0,0,0.0316904928521444,0,0.00329901029691093,0,0,0.0455863241027692,0,0,0.000199940017994602,0,0,0,0,0,0,0,0,0,0,0,0,0,0,0.000299910026991902,0.00199940017994602,0,0.00169949015295411,0.00289913026092172,9.99700089973008e-05,0,0.000999700089973008,0.00399880035989203,0,0,0,0.000299910026991902,0,0.000199940017994602,0,0,0,0.0371888433469959,0,0,0.0505848245526342,0,0,0,0,0,9.99700089973008e-05,0.236329101269619,0.000199940017994602,0,0,0,0,0,0,0,0,0.00229931020693792,0,0.025592322303309,0,0,9.99700089973008e-05,0,0,0,0,0.000199940017994602,0
0,0,0,0,0,0,0,0.000599820053983805,0,0,0,0,0,0,0,0,0,0,0,0,9.99700089973008e-05,0.000199940017994602,0,0,9.99700089973008e-05,0.207537738678396,0,0,0.000499850044986504,0,0.0130960711786464,0.00279916025192442,0,0.00849745076477057,0,0,0.00169949015295411,0.000699790062981106,0,0,0,0,0,0,0,0.00349895031490553,0,0,0,0,0,0,0,0,0,0,0,0.000799760071978406,0,9.99700089973008e-05,0,0,0,0,0,0.000299910026991902,0.0118964310706788,0,0,0,0,0,0,0.000199940017994602,0.067479756073178,0,0,0,0,0.00179946016195141,0,0,0,0,0,0,0,0,0,0.00199940017994602,0,9.99700089973008e-05,0.0107967609717085,0,0,0,0,9.99700089973008e-05,0.00289913026092172,0,0,0,0,0,0,0,9.99700089973008e-05,0.275717284814556,0,0.00249925022493252,0,0,0,0.00279916025192442,0,0,0,0,0.00309907027891633,0,0,0,0,9.99700089973008e-05,0.0192942117364791,0.00269919024292712,0,0,0,0,0.000699790062981106,0.0115965210436869,0,9.99700089973008e-05,0,0,0,0,0,9.99700089973008e-05,0,0,0,0,0,0,0,0,0,0,0,0.00209937018894332,0.00119964010796761,0,0,0,0,0,0.000699790062981106,0,0,0,0,9.99700089973008e-05,0,0,0,0,0,0,0,9.99700089973008e-05,0.166949915025492,0,0,0,0,0,0.00199940017994602,9.99700089973008e-05,0,0,0,0,0,0,0,0,0,0,0,0.00119964010796761,0,0,0,0,0,0,0,0,0,0,0,0,0,0.000499850044986504,0,0,0.000299910026991902,0,0,0,0,0,0.000699790062981106,0,0.00299910026991902,0,0.000899730080975707,0,0,0,0,0,0,0,0,0,0.00559832050384884,0,0.00629811056682995,0,0,0.0529841047685694,0,0,0,0,0,0,0,0.00109967009897031,0,0,0,0,0,0.000199940017994602,0,0,0.00129961011696491,0,0,0,0,0,0,0,0,0.00419874037788663,0.000299910026991902,0,0,0,0,0,0,0,0,0.00969709087273818,0,0,0.00169949015295411,0,0,0,0.000199940017994602,0,0,0.0755773268019594,0,0,0.000499850044986504,0,0,0,0,0,9.99700089973008e-05,0,0,0,0,0,0.00139958012596221,0,0.000699790062981106,0,0,0.00169949015295411,0
0,0.0020995800839832,0,0.0002999400119976,0,0,0,0,0.0777844431113777,0.000799840031993601,0,0,0,0,0.0010997800439912,0,9.99800039992002e-05,0,0,0.0022995400919816,0,0.00899820035992801,0.000699860027994401,0,0.0002999400119976,0.0787842431513697,0,0,0,0.000899820035992801,0.0333933213357329,0,0,0.0235952809438112,0,0,0.0002999400119976,0.00479904019196161,9.99800039992002e-05,0,0,0.000799840031993601,0,0,0,0,0,0,0,0,0,0,0,9.99800039992002e-05,0.0228954209158168,0,0,0,0,0.00979804039192162,0,0,0,0,0,0,0.0025994801039792,0,0,0,0.00469906018796241,0,0,9.99800039992002e-05,0.0686862627474505,0,0,0,0,0.0131973605278944,0.000399920015996801,0.000999800039992002,0.0015996800639872,9.99800039992002e-05,0,0.00909818036392721,0,0,0,0.0013997200559888,0.0386922615476905,0,0,0,0,0.0016996600679864,0,0,0.002999400119976,0,0,0,9.99800039992002e-05,0,0,0.000999800039992002,0.0030993801239752,0.0117976404719056,0.0020995800839832,0.0765846830633873,0.0015996800639872,0,0.000399920015996801,0,0,0.021495700859828,0,0,0,9.99800039992002e-05,0,0,0,0,0,0.0028994201159768,0,0,9.99800039992002e-05,0.0013997200559888,0,0,0,9.99800039992002e-05,0,0.0001999600079984,0.00499900019996001,0.00359928014397121,0,0,0.0112977404519096,0,0,0,0,0,0,0.00849830033993201,0,0,0.000899820035992801,0.0021995600879824,0,0,9.99800039992002e-05,0,0,0,0,0.0011997600479904,0,0,0.00409918016396721,0.00649870025994801,0,0,0.000999800039992002,0,0.0001999600079984,0.0001999600079984,0.000399920015996801,0,0,0,0,0,0,0.0167966406718656,0.0025994801039792,0,0.00709858028394321,0.000399920015996801,0,0,0.00529894021195761,0,0,0,0,0,0.000499900019996001,0.00409918016396721,0,0.0016996600679864,0,0,0,9.99800039992002e-05,0,0,0,0,9.99800039992002e-05,0.0001999600079984,9.99800039992002e-05,0.0030993801239752,0,0,9.99800039992002e-05,0,0,0,0,0,9.99800039992002e-05,0,0.00429914017196561,0.001499700059988,0,0,0,0,0.00939812037592481,0.0001999600079984,0.0016996600679864,0,0,0.0201959608078384,0.00749850029994001,0.000699860027994401,0.00879824035192961,0.0002999400119976,0,0.0103979204159168,0,0,0.000399920015996801,0,0,0.00509898020395921,0,0,0.001999600079984,0.0018996200759848,0.000699860027994401,9.99800039992002e-05,0,0,0,0.000699860027994401,0,0,0.000899820035992801,0,0.0022995400919816,0.0177964407118576,0,0,9.99800039992002e-05,0,0,0.000999800039992002,0,9.99800039992002e-05,0.0027994401119776,0,0,0.0157968406318736,0,0,0,0,0.0132973405318936,0,0,0,0,0,9.99800039992002e-05,0.213357328534293,0,0,0.010997800439912,0,0,0.00379924015196961,0,0,0.0020995800839832,0.0011997600479904,0,0,0,0,0.002999400119976,0.000399920015996801,0.000599880023995201,0.000799840031993601,0,0.00699860027994401,0
0,0,0.000599520383693046,0.00109912070343725,0,0,0,0,0,0.00109912070343725,0,0,9.99200639488409e-05,0,0.00179856115107914,0,0,0,0,0,0,0.00229816147082334,0.00299760191846523,9.99200639488409e-05,0,0.0550559552358114,0,0,0.000899280575539568,0,0.00539568345323741,0,0,0.00529576338928857,0,0,0.000699440447641887,0.000899280575539568,0.000199840127897682,0,0,0,0,0.0109912070343725,0.000999200639488409,0.00919264588329336,0,0,0.000699440447641887,0,0,0.00549560351718625,0,0,0,0,0,0,0,0,0,0,0,9.99200639488409e-05,0,0,0,0,0.0124900079936051,0,0.0759392486011191,0,0,0,0,0,0,0,0,0.000899280575539568,0.000699440447641887,0,0.00139888089528377,0,0,9.99200639488409e-05,9.99200639488409e-05,0,0.000299760191846523,0.0149880095923261,0,0,0.000599520383693046,0,0,0,0,0,0.0402677857713829,0,0,0,0.00159872102318145,0,0,0.00809352517985612,0,9.99200639488409e-05,0,0.0509592326139089,0,0,0.00369704236610711,0.00159872102318145,0.000999200639488409,0.00599520383693046,0,0.000199840127897682,0,0,0,0,0,0.00249800159872102,0.000199840127897682,0,0,0,0,0,0,0.025779376498801,0,9.99200639488409e-05,0,0.00259792166266986,0.00189848121502798,0.00339728217426059,0,0.000699440447641887,9.99200639488409e-05,0,0,0.000299760191846523,0,0,0.000199840127897682,0.00339728217426059,0,0,9.99200639488409e-05,0.00579536370903277,0.00319744204636291,0,0,0,0.00229816147082334,0,0,0.0021982414068745,0.000199840127897682,0,0,0,0,0,0.00129896083133493,0,0,0,0.00379696243005596,0,0,0,0.00159872102318145,0,0,0,9.99200639488409e-05,0,0.0310751398880895,0.00109912070343725,0,0.00899280575539568,0.000499600319744205,0,0,0,0,0,0,0.00209832134292566,0.000199840127897682,9.99200639488409e-05,0,0,0,0,0,0,0,0,0,0,9.99200639488409e-05,9.99200639488409e-05,0,0,9.99200639488409e-05,0.000399680255795364,0,0,0,0,0.000199840127897682,0.00279776179056755,0,0,0,0,0,0,0.0235811350919265,0,0,0,0,0,0.0268784972022382,0,0,0,0,0.0165867306155076,0,0,0.000599520383693046,0,0,9.99200639488409e-05,0,0,0,0,0.000399680255795364,0.00759392486011191,0,0,0,0,0,0,0.000399680255795364,0,0.000399680255795364,9.99200639488409e-05,0,0,0,0.000899280575539568,0,0,0,9.99200639488409e-05,0.00349720223820943,0,0,0,0,0.0484612310151879,0,0,0.0184852118305356,0,0.000299760191846523,0,0,0,0,0.375199840127898,0,0,0.00179856115107914,9.99200639488409e-05,0,0,0,0,0,0.00189848121502798,0,0,0,9.99200639488409e-05,0.0341726618705036,0,0.000199840127897682,0,0,0.00159872102318145,0
0,0,0,0,0,0,0,0,0,0,0,0,0,0.0644128825765153,0.000400080016003201,0,0,0,0,0,0,0,0.0001000200040008,0.0001000200040008,0,0,0,0,0.000500100020004001,0.002000400080016,0.0283056611322264,0,0,0.02750550110022,0,0,0.0012002400480096,0.0263052610522104,0.0001000200040008,0,0,0.0013002600520104,0,0,0,0,0,0,0.000500100020004001,0,0,0,0,0,0,0,0,0,0,0,0,0,0,0,0,0,0,0,0,0,0,0,0,0,0,0.012002400480096,0,0,0,0.0480096019203841,0,0,0,0,0,0,0.000600120024004801,0,0,0.0223044608921784,0,0,0.000400080016003201,0,0,0.0003000600120024,0,0,0,0,0,0,0,0,0,0,0,0,0,0,0,0,0,0,0,0,0,0,0.14752950590118,0,0,0.00840168033606721,0,0.0002000400080016,0.0251050210042008,0,0,0,0,0,0,0.0762152430486097,0,0,0,0.0002000400080016,0.00370074014802961,0,0,0,0.0013002600520104,0,0,0,0,0.110422084416883,0,0,0,0,0.001500300060012,0,0,0,0.0001000200040008,0,0,0,0,0,0,0,0,0,0,0,0,0.000700140028005601,0,0,0,0,0.00250050010002,0,0,0,0,0,0.029505901180236,0,0,0,0,0,0,0,0,0,0,0,0,0,0.0001000200040008,0,0.0284056811362272,0.0002000400080016,0,0,0,0,0,0,0,0,0.113622724544909,0.00360072014402881,0,0,0,0.0001000200040008,0,0,0,0.000800160032006401,0.00570114022804561,0,0.0657131426285257,0,0.0222044408881776,0,0,0,0,0,0,0,0,0,0.019503900780156,0,0,0,0,0.0126025205041008,0,0,0,0,0,0,0,0,0,0,0,0,0,0,0,0,0,0,0.00460092018403681,0.0001000200040008,0,0,0,0,0,0,0,0,0,0,0,0.001000200040008,0,0,0,0,0,0,0.0193038607721544,0,0,0,0,0,0.000900180036007201,0,0,0,0,0,0,0,0,0,0.0138027605521104,0,0,0,0,0,0,0,0,0,0,0.0440088017603521,0
0,0,0,0.0004995004995005,0.0010989010989011,0,9.99000999000999e-05,0.0045954045954046,0,0.0010989010989011,0,0,0,0,0.0018981018981019,0,0.0003996003996004,0,9.99000999000999e-05,0,0.0004995004995005,0.0020979020979021,0.000999000999000999,0.0002997002997003,0,0,0,0,0.0015984015984016,0.00969030969030969,0,0,0,0.0020979020979021,0.0002997002997003,0,0,0.00959040959040959,0,0,9.99000999000999e-05,0,0,0,0,0,0,0,0.0033966033966034,0,0,9.99000999000999e-05,0,0,0,0,0,0.0003996003996004,0,0.00959040959040959,0,0.0001998001998002,9.99000999000999e-05,0,0,0,0.0167832167832168,9.99000999000999e-05,0.0004995004995005,0,0.0052947052947053,0,0,0,0,0.00539460539460539,0,0,0,0,0.000699300699300699,0,0,0.0001998001998002,0,0,0.00629370629370629,0.0028971028971029,0.0001998001998002,0.0011988011988012,0.0013986013986014,0.0028971028971029,9.99000999000999e-05,0.0045954045954046,0,0,0,0,0,0,0.000999000999000999,0,0.0002997002997003,0,0,0,0,0.0002997002997003,0.0268731268731269,0.0034965034965035,0,0,0,0.00579420579420579,0,0.0126873126873127,0,0,0,0.0001998001998002,0,0,0,0,0.0020979020979021,9.99000999000999e-05,0,0,9.99000999000999e-05,0.0001998001998002,0.0020979020979021,0,0.000599400599400599,0,0,9.99000999000999e-05,0.31998001998002,0,0,0,0,0,0,0,0.0033966033966034,0,0,0.00999000999000999,0,0,0,0,0,0,9.99000999000999e-05,0,0,0,0.0030969030969031,0.000699300699300699,0.0001998001998002,0,0,0,0,0,0.00879120879120879,0,0,0,0,0.0016983016983017,9.99000999000999e-05,0,0,0,0,0,0,0,0.00659340659340659,0.0004995004995005,0,0.0136863136863137,0,0,0,0,0,0.0012987012987013,0,0.0140859140859141,0,0,0,9.99000999000999e-05,0.0016983016983017,0,0,0,0,0,0,0.0323676323676324,0.0154845154845155,0,0,0,0,0,0.0002997002997003,0,0.0004995004995005,0,0,0,0.0050949050949051,0.00819180819180819,0,0.0002997002997003,0,0.00619380619380619,0.0247752247752248,0,0.0021978021978022,0,0.0141858141858142,0,0.00559440559440559,0.0010989010989011,0,0,0,0.0013986013986014,0,0,0,0,0.000599400599400599,0,0,0,0,0,0.0001998001998002,0.0002997002997003,0,0,0,0,0,0,0,0.0003996003996004,0,0,0,0,0,0,0,0,0,0,0,0,0,0,0.0040959040959041,0.0901098901098901,0,0,0.0160839160839161,0,0.0004995004995005,0,0,0,9.99000999000999e-05,0.188411588411588,0,0,0.0280719280719281,0,0,0,0,0,0,0.00889110889110889,0,0,0.000999000999000999,0,0.000699300699300699,0,0,0.0013986013986014,9.99000999000999e-05,0,0
0,0,0,0.00710142028405681,0,0,0.000400080016003201,0,0,0,0,0,0,0,0.0173034606921384,0,0.00500100020004001,0,0,0,0,0,0,0,0,0.0022004400880176,0,0,0.00470094018803761,0.0027005401080216,0.00520104020804161,0,0,0,0,0,0.000400080016003201,0,0.000400080016003201,0,0,0,0,0,0,0,0,0,0,0,0.000600120024004801,0,0.000500100020004001,0.0016003200640128,0,0,0.0001000200040008,0.000900180036007201,0,0,0.0029005801160232,0,0.0002000400080016,0,0,0,0.0580116023204641,0,0,0.000800160032006401,0,0,0.000500100020004001,0,0,0.0279055811162232,0,0,0,0,0,0,0,0,0,0,0,0,0.0026005201040208,0.00420084016803361,0,0.00370074014802961,0.0003000600120024,0,0,0,0,0,0,0,0,0.0011002200440088,0,0,0,0,0,0.261852370474095,0,0,0,0,0,0.0012002400480096,0,0.0267053410682136,0,0,0.0675135027005401,0,0,0,0,0.0002000400080016,0.00530106021204241,0,0,0,0,0,0,0,0,0,0,0,0.0286057211442288,0,0,0,0.00570114022804561,0,0,0,0,0,0,0,0,0.0002000400080016,0,0.0014002800560112,0,0,0.0002000400080016,0,0,0.0549109821964393,0,0,0,0,0,0,0,0,0,0,0,0,0,0,0,0,0,0,0,0.000500100020004001,0,0,0,0,0,0.0297059411882376,0,0,0,0,0,0,0,0.0492098419683937,0.000500100020004001,0,0,0,0.00690138027605521,0,0,0,0,0,0,0,0,0,0.0024004800960192,0,0,0.000600120024004801,0,0,0,0,0,0,0,0,0.0249049809961992,0,0.0017003400680136,0.00810162032406481,0,0,0,0,0,0.0024004800960192,0,0,0.0511102220444089,0,0,0.00670134026805361,0.0013002600520104,0,0,0,0,0,0,0,0,0,0.00900180036007201,0.0001000200040008,0,0,0,0,0,0,0,0,0,0,0.00590118023604721,0,0,0.0103020604120824,0,0,0,0,0,0,0,0,0,0.00930186037207442,0,0,0.0019003800760152,0,0,0,0,0,0,0.105321064212843,0,0,0.0592118423684737,0,0,0.00430086017203441,0,0,0,0,0,0,0,0,0,0,0.001500300060012,0,0,0.002000400080016,0
0,0.0022997700229977,0,0,0,0,0,0,0,0,0,0,0.0003999600039996,0,0.0114988501149885,0,0,0,0,0,0,0.0021997800219978,0,0,0.0037996200379962,0.309069093090691,0,0,0.0013998600139986,0.0273972602739726,0,0,0.0007999200079992,0,0,0,0.0217978202179782,0,0.0002999700029997,0,0,0,0,0,0,0,0,0.0001999800019998,0,0,0,0,0,0,0.0292970702929707,9.99900009999e-05,0,0,0,0,0,0,0,0.005999400059994,0,0,0,0,0,0,0,0.0002999700029997,0,0.0206979302069793,0,0,0,0,0,0.0017998200179982,0,0.0003999600039996,0,0,0,0,0.00999900009999,0,0,0,0.116788321167883,0.0028997100289971,0,0.0094990500949905,0,0,0,0.0004999500049995,0.004999500049995,0,0,0,0,0.0005999400059994,0,0,0,0.0518948105189481,0,0,0,0,0,0.0050994900509949,0,0,0,0.0003999600039996,0,0,0,0,0,0.0004999500049995,0.070992900709929,0.0108989101089891,0,0.0024997500249975,0,0,0.0074992500749925,0.0156984301569843,0,0,0,0,0.0025997400259974,0.0001999800019998,0,0,0.123887611238876,0,0,0,0,0,0,0.0032996700329967,0,0,0,0,0,0,0.0002999700029997,0,0,0,0,0,0,0,0,0,0,0,0,0,0,0,0,0,0,0,0,0.0010998900109989,9.99900009999e-05,0,0,0,0,0,0,0,0,0,0,0.0002999700029997,0,0,0,0,0,0,0,0,0,0.0001999800019998,0,0,0,0,0,0,0,0,0,0,0,0,0,0,0,0,0,9.99900009999e-05,0,0,0.0304969503049695,0,0,0,0,0,0,0,0.0006999300069993,0,0.0107989201079892,0,0,9.99900009999e-05,0,0,0,0,0,0,0,0,0,0,0,0,0,0,0,0,0,0,0,0,0,0,0.0062993700629937,0,0,0,9.99900009999e-05,0,0,0,0,0.0035996400359964,0.0074992500749925,0,0,0,0,0.0075992400759924,0,0,0,9.99900009999e-05,0,0,0,0,0,0,0.0003999600039996,0.0001999800019998,0.0151984801519848,0,0,0,0,0,0,0,0,0,9.99900009999e-05,0,0.0336966303369663,0.0002999700029997,0.0001999800019998,0,0,0,0
0,0,0,0.0004999500049995,0,0,0,0,0,0.0011998800119988,0.0004999500049995,0,0,0,0.010998900109989,0,0.0025997400259974,0,0,0,0,0.0058994100589941,0,0,0.0011998800119988,0.0014998500149985,0,0,0,0.0001999800019998,0.0140985901409859,0.0354964503549645,0,0.0040995900409959,0,0,0.0008999100089991,0.010998900109989,0.0001999800019998,0,0,0,0.0535946405359464,0.014998500149985,0,0.0183981601839816,0,0,0.0008999100089991,0,0,0,0,0,0,0,0,0,0,0.0014998500149985,0,0,0,0,0,0,0,0,0,0,0.0010998900109989,0,0,0,0,0,0,0,0,0.0021997800219978,0.0037996200379962,9.99900009999e-05,0.0012998700129987,0,0.0027997200279972,0,0,0,0,0.0033996600339966,0.0013998600139986,0,0,0,0,0,0,0,0.0005999400059994,0,0,0,0,0,0,0.0007999200079992,0.0055994400559944,0.0152984701529847,0.0031996800319968,0.0104989501049895,0,0,0,0.0010998900109989,0,0.0064993500649935,0,0,0,0.0005999400059994,0,0,0,0,0.0042995700429957,0,0,0,0,0,0.0035996400359964,0,0,0,0.0003999600039996,0,0.0540945905409459,0,0,0,0.0007999200079992,0,0,0,0,0,0,0.012998700129987,0,0,0,0.0033996600339966,0,0,0,0,0,0,0,0,0,0,0,0,0,0,0,0,0,0,0,0.0250974902509749,0,0,9.99900009999e-05,0,0,0,0.000999900009999,0,0.0064993500649935,0.0012998700129987,0,0,0.0028997100289971,0,0,0,0,0,0,0.0026997300269973,0,0,0.0060993900609939,0,0.0028997100289971,0,9.99900009999e-05,0,0,0,0,0,0.0186981301869813,0,0,0,0,0,0,0,0,0,9.99900009999e-05,0,0.0128987101289871,0,0.0033996600339966,0,0,0,0,0,0,0,0,0,0,0,0,0,0,9.99900009999e-05,0,0,0,0,0,0,0,0,0,0,0,0,9.99900009999e-05,0,0,0,0,0,0.0020997900209979,0,0,0,0,0,0.0011998800119988,0.0004999500049995,0,0,0,9.99900009999e-05,0,0,0,0,0,0.225877412258774,0,0,0.0778922107789221,0,9.99900009999e-05,0,0,0,0.0001999800019998,0.259274072592741,0,0,0.0096990300969903,0,0,0,0,0,0,0.0002999700029997,0,0,0,0,0,0,0.0172982701729827,0,0,0.0017998200179982,0
0,0,0,0,0,0,0.0018,0,0,0,0,0,0,0,0.0027,0,0,0,0,0,0,0,0,0,0,4e-04,0,0,0,0.0022,0.0135,2e-04,0,0.0026,0,0,0,0,0,0,0,0,0,0,0,0,0,0,0,0,0,0,0,0,0,0,0,0,0,0,0,0,0,0,0,0,0,0,0.0013,0,0,0,0,0,0,0,0,0,0,0,0,0,0,0,0,0,0,0,0,0.0019,0,0,0,0,0,0,0,0,0,0,0,0,0,0,0,0,0,0.2112,0,0,0,0,0,1e-04,0,0,0,0,0.0032,0,0,0,0,0,0,0,0,0,0,0,0,0,0,0,0,0,0,0,0,0,0,0,0,0,0,0,0,0,0,0,2e-04,0,0,0,0,0,0,0,0,0,0,0,0,0,0,0,0,0,0,0,0,0,1e-04,0,0,0,0,0,1e-04,0,0,0,0,0,0,0,0,0,0,0,0,0,0,0,0,0,0,0,0,0,0,0,0,0,3e-04,0,0,0,0,0.0012,0,0,0,0,0,0,0,0,0,0,0,0.0037,0,0,0,3e-04,0,0,0,0,0,0,0,0,0,0,0,0,0,0,0,0,0.0034,0,0,0,1e-04,0,0,0,0,0,0,0,0,0,0,0,0,0,0,0,0,0,0,0,0,0,0,6e-04,0,0,0.7338,0,0,0,0,0,0,0,0,0,0,0,0,0,1e-04,0,0,0,0.0121,0,0,0,0,0,0,0.0029,0,0,0
0,0,0,0.000700140028005601,0,0,0,0,0,0,0,0,0,0,0.000800160032006401,0,0,0,0,0,0,0,0,0,0,0.0868173634726945,0,0,0.0350070014002801,0.002000400080016,0,0,0,0,0,0,0,0,0,0,0,0,0,0,0,0.0516103220644129,0,0,0,0,0,0.028505701140228,0,0,0,0,0,0,0,0,0,0,0,0,0,0,0,0,0,0,0,0,0,0,0,0.00650130026005201,0,0,0,0,0,0,0,0,0,0,0,0,0,0,0,0,0.000600120024004801,0,0,0.00450090018003601,0,0,0,0,0,0.0027005401080216,0,0,0,0,0,0.177935587117423,0,0.00680136027205441,0,0,0,0,0,0,0.0002000400080016,0,0,0,0,0,0,0.0002000400080016,0,0,0,0,0,0,0.000800160032006401,0,0,0,0,0,0,0,0,0,0,0,0,0,0,0,0.00660132026405281,0,0,0,0,0,0,0,0,0,0,0,0,0,0,0,0,0,0,0,0,0,0,0,0.0137027405481096,0,0.0031006201240248,0,0.0031006201240248,0.0018003600720144,0,0,0,0,0,0,0,0,0,0,0,0,0,0.00710142028405681,0,0,0,0,0,0,0,0,0.0012002400480096,0,0,0,0,0,0,0,0,0,0,0.00610122024404881,0,0,0,0,0,0,0,0,0,0,0,0,0,0,0,0,0,0.000500100020004001,0,0,0,0,0,0,0,0,0,0,0,0,0,0,0,0,0.0019003800760152,0,0,0,0,0,0,0,0,0,0,0.00640128025605121,0,0,0,0,0,0,0,0,0.000400080016003201,0,0,0,0.0302060412082416,0.314462892578516,0,0,0.0152030406081216,0,0.000400080016003201,0,0,0,0,0.002000400080016,0,0,0.131826365273055,0,0,0,0.023004600920184,0,0,0.00600120024004801,0,0,0,0.0028005601120224,0,0,0,0,0,0.016503300660132,0
0,0,0,0.00249950009998,0,0,0.0002999400119976,0,0,0,0,0,0,0,0.00569886022795441,0,0.000799840031993601,0,0,0,0,0.00659868026394721,0.00329934013197361,0,0,0.123375324935013,0,0,0.00529894021195761,0,0,0,0,0.00899820035992801,0.0017996400719856,0,0,0,0,0,0,0,0,0,0,0.0001999600079984,0,0,0.00579884023195361,0.0023995200959808,0,0,0,0,0,0,0,0.00379924015196961,0,0,0,0,0.0002999400119976,0,0,0,0.00749850029994001,0,0,0,0,0,0,0,0,0,0,0,0,0,0,0,0,0,0,0,0.0510897820435913,0,0,0,0,9.99800039992002e-05,0.0363927214557089,0,0,0.000799840031993601,0,0,0,0,0,0,0,0,0,0,0,0.114477104579084,0.00489902019596081,0,0,0,0.00439912017596481,9.99800039992002e-05,0,0.154869026194761,0,0,0,0,0.0010997800439912,0,0,0,0.0028994201159768,0.0001999600079984,0,0,0,0,0,0.000599880023995201,0,0.0001999600079984,0,0,0.0354929014197161,0,0,0,0,0,0,0,0,0,0,0,0,0.0002999400119976,0,0,0,0,0,0,0,0,0.0373925214957009,0.0010997800439912,0,0,0,0,0,0,0.0031993601279744,0,0,0.0001999600079984,0,0.0030993801239752,0,0,0,0,0,0.0011997600479904,0.0010997800439912,0,0.0128974205158968,0,0,0.0030993801239752,0,0,0,0,0,0,0,0.0001999600079984,0,0,0,0,0.00329934013197361,0,0,0,0,0,0,0,0,0,0,0,0,0.00599880023995201,0,0,0.000399920015996801,0,0,0,0,0,0,0,0,0,0,0,0.0243951209758048,0,0,0.0013997200559888,0.000499900019996001,0,0,0,0,0.015996800639872,0,0,0,0,0,0,0,0,0,0,0.0444911017796441,0.00449910017996401,0,0,0,0,0,0,0,0,0,0,0,0,0.0001999600079984,0,0,0,0,0,0,0,0,0,0,0.095880823835233,0,0,0.10877824435113,0,0,0,0,0.0002999400119976,0,0.00389922015596881,0,0,0.0213957208558288,0,0,0,0,0,0.0112977404519096,0,0,0,0,0,0,0,0.000899820035992801,0,0,0.00629874025194961,0
0,0,0,0.0006999300069993,0,0,0,9.99900009999e-05,0,0.0010998900109989,9.99900009999e-05,0,0.0007999200079992,0.0036996300369963,0.0104989501049895,0,0,0,0,9.99900009999e-05,0.0002999700029997,0.0004999500049995,0.0043995600439956,0,0.0005999400059994,0.237976202379762,0,0,0.0034996500349965,0.0011998800119988,0.0011998800119988,0,0,0,0,0,0.0008999100089991,0.0001999800019998,0.0024997500249975,0.0021997800219978,0,0,0,0.0026997300269973,0,0.0054994500549945,0,0,0.0010998900109989,0,9.99900009999e-05,9.99900009999e-05,0,0,0,0,0,0.0018998100189981,0,0,0.0001999800019998,9.99900009999e-05,0,0,0,0.000999900009999,0.0052994700529947,0,0,0,0,0,0,0.0012998700129987,0.0041995800419958,0.0020997900209979,0,0,0,9.99900009999e-05,0.0011998800119988,0,0,0,0.0003999600039996,0.0007999200079992,0,9.99900009999e-05,0,0,0,0,0,0,0,0,0.0098990100989901,0,0.0047995200479952,0,0,0.0006999300069993,0,0.0003999600039996,0.0010998900109989,0,0,0.0461953804619538,0.0013998600139986,0.0030996900309969,0,0.0003999600039996,0,0.0134986501349865,0,0.0213978602139786,0,0,0.0056994300569943,0,0.0003999600039996,0,0,0,0.0173982601739826,0,0,0,0,0,0.0003999600039996,0.001999800019998,0,0,0.0005999400059994,0,0.0904909509049095,0,0,0,0.0760923907609239,0,0,0,0,0,0,0.0036996300369963,0,0,0,0.0002999700029997,0,0,0,0,0,0,0.000999900009999,0.0015998400159984,0,0,0.030996900309969,0,0,0,0,0,0,0.0002999700029997,0,0.0021997800219978,9.99900009999e-05,0,0,0,0,0,9.99900009999e-05,0.0015998400159984,0.0164983501649835,0,0,0.0206979302069793,0,0,0,0,0.00999900009999,0,0,0.0030996900309969,0,0,0.0090990900909909,9.99900009999e-05,0.0043995600439956,0.0002999700029997,0,0,0,0,0,0,0.0001999800019998,0.000999900009999,0,0,0.0002999700029997,0.0008999100089991,0,0,0,0,0.0003999600039996,0.0014998500149985,0.001999800019998,9.99900009999e-05,0.0145985401459854,0,0,0,0.0026997300269973,0,0.0032996700329967,0,0.0035996400359964,0,0,0.0006999300069993,0,0.0010998900109989,0.0002999700029997,0.0146985301469853,0,0.0004999500049995,0,0,0.0004999500049995,0,0,0,0,0,0.0020997900209979,0,0,0.0001999800019998,0,0,0.0087991200879912,0,0.0001999800019998,0,0.0020997900209979,0.0002999700029997,0,0,0,0.000999900009999,0,0,0,0,9.99900009999e-05,0,0,0.008999100089991,0.0005999400059994,0.0002999700029997,0,0,0.101989801019898,0,0,0,9.99900009999e-05,0.0003999600039996,9.99900009999e-05,0.112088791120888,0,0,0.0021997800219978,0,0,0,0,0,0,9.99900009999e-05,0,0,0,0,0,0.0045995400459954,0,0,0,0.0024997500249975,0
0.0015996800639872,0,0,0,0,0,0,0.0012997400519896,0,0,0,0,0,0,0.0212957408518296,0,0.000999800039992002,0,0,0,0,0.00859828034393121,0,0,0,0.0803839232153569,0,0,0.0158968206358728,0.0010997800439912,0,0,0,0.00559888022395521,0,0,0.00249950009998,0.0022995400919816,0,0,0,0,0,0,0,0.000899820035992801,0,0,0,0,0,0,0,0,0,0,0,0,0,9.99800039992002e-05,0,0,0,0,0,0,0.000999800039992002,0,0,0.00679864027194561,0,0,0,0,0,0,0,0,0,0.0001999600079984,0,0,0,0,0,0.000999800039992002,0,0,0,0.00639872025594881,0,0.0017996400719856,0,0,0,9.99800039992002e-05,0,0,0,0,0,0.00469906018796241,0,0,0,0,0,0.244151169766047,0,0,0,0,0,0.000599880023995201,0,0.0018996200759848,0,0,0.00449910017996401,9.99800039992002e-05,0.000399920015996801,0,0.0001999600079984,0,0.00799840031993601,0,0,0,0,0,0,0.00469906018796241,0,0,0,0,0.428814237152569,9.99800039992002e-05,0,0,0.00659868026394721,0,0,0,0,0,0.001499700059988,0,0,0.0002999400119976,0.0002999400119976,0,0,0,0,0,0,0,0,0,0,0,0,9.99800039992002e-05,0,0,0,9.99800039992002e-05,0,0,0.0002999400119976,0,0,0,0,0,0,0.00999800039992002,0.00369926014797041,0,0,0,0,0.0010997800439912,0,0,0,0,0,0,0,0.0011997600479904,0.0002999400119976,0,0,0,9.99800039992002e-05,0,0,0,0,0,0,0,0,0.0016996600679864,0,0,9.99800039992002e-05,0,0,0,0,0,0,0,0.00419916016796641,0,0,0,0.001999600079984,0,0,0,0,0,0,0,0,0,0.0023995200959808,0,0,0.00719856028794241,0,0,0,0,0,0.001999600079984,0,0,0,0,9.99800039992002e-05,0,0,9.99800039992002e-05,0,0,0,0,0,0,0,0.000999800039992002,0,0,0,0,0.0015996800639872,0,0,0.000599880023995201,0,0,0,0,0,0.00779844031193761,0,0,0.0101979604079184,0,0,0,0,0,0.0002999400119976,0.0666866626674665,0,0,0.00329934013197361,0,0,0,0,0.0001999600079984,0,0,0,0,0,0,0,0,0.000399920015996801,0,0,0.00449910017996401,0
0,0,0,0,0,0,0,0.000199900049975012,0.00669665167416292,0.000899550224887556,0,0,0.00079960019990005,0.0263868065967016,0.0015992003998001,0,0.00559720139930035,0,0,0.00279860069965018,0.0145927036481759,0.00299850074962519,0.00279860069965018,0,0.000199900049975012,9.99500249875062e-05,0,0,0.00219890054972514,0.00149925037481259,0,0,0,0.00119940029985007,0,0,0.000199900049975012,0,0,0,0,0,0.00589705147426287,0.0015992003998001,0,9.99500249875062e-05,0,0,0.000699650174912544,0,0,0,0,0,0.00489755122438781,0,0,0.00149925037481259,0,0.000199900049975012,0,0.00139930034982509,0,0,0,0,0.00549725137431284,0,0,0,0.000499750124937531,0,0,0.0102948525737131,0,0,0,0,0,0.0015992003998001,0.000599700149925037,0,0,0,0.00199900049975012,0.00119940029985007,0,0,0,0.00119940029985007,0,0.000199900049975012,0.0031984007996002,0.00449775112443778,0,0,0,0,0,0,0,0,0,0,0,0.000399800099950025,9.99500249875062e-05,0.257171414292854,0,0.0047976011994003,0,0,0.000199900049975012,0.00379810094952524,0,0.0201899050474763,0,0,0.0047976011994003,0,0,0,0,0,0.00399800099950025,0,0,0,0.000299850074962519,0,0.00129935032483758,0.023288355822089,0,0,0,0,0.00329835082458771,0,0,0,0.000999500249875062,0,0,0,0,0,0.000299850074962519,0,0,0,9.99500249875062e-05,0.000299850074962519,0,0,9.99500249875062e-05,0,0,0,9.99500249875062e-05,0.000399800099950025,0,0,0,9.99500249875062e-05,0,0,0,0,0,0,0,0.00279860069965018,0.102248875562219,0,0,0,0,0.000199900049975012,0.000699650174912544,0,0.00289855072463768,0,0,0,0,0,0,0,0,0,0,0.00189905047476262,9.99500249875062e-05,0,0,0.00239880059970015,0,0,0,0,0,0,0,0,0,0.000299850074962519,0,0,9.99500249875062e-05,0,0,0,0.000699650174912544,0,9.99500249875062e-05,0,0.00489755122438781,0.00399800099950025,0.00989505247376312,0.000699650174912544,0,0,0,0,0,0,9.99500249875062e-05,0,0.000199900049975012,0,0.00969515242378811,0,0,0.0486756621689155,0.000899550224887556,0,0,0,0,0,0,0,0,0,0,0,0,0,0,0,0.00219890054972514,0,0,9.99500249875062e-05,0.00229885057471264,0.000299850074962519,0.000199900049975012,0,9.99500249875062e-05,0.000599700149925037,0,0,0,0,0,0,0,0,0,0.175112443778111,0.00219890054972514,0.00079960019990005,0.0621689155422289,0,0,0,0.000599700149925037,0.000199900049975012,0,0.106246876561719,0,0,0.000499750124937531,0,0,0,0,0,0.000699650174912544,0.00289855072463768,0,0,0,0,0.00109945027486257,0,0.000399800099950025,0.00309845077461269,0,0.00079960019990005,0
0,0,0,0,0,0,0.00179946016195141,0,0,9.99700089973008e-05,0.000299910026991902,0,0,0,0.000199940017994602,0,0,0,9.99700089973008e-05,0,0,0,9.99700089973008e-05,0.000199940017994602,0,0.3851844446666,0,0,0.000399880035989203,0,0,0,0,0.00719784064780566,0,0,0.00359892032390283,9.99700089973008e-05,0.000199940017994602,0,9.99700089973008e-05,0,0,0,0,0,0,9.99700089973008e-05,0,0,0,0,0,0,0,0,0,0,0,0,0,0.00159952014395681,0.000199940017994602,0,0,0,0.000299910026991902,0,0,0,0.000799760071978406,0,0,0,9.99700089973008e-05,0,0,0.000299910026991902,0,0,0.00119964010796761,0.00269919024292712,0,0,0.00349895031490553,9.99700089973008e-05,0.000199940017994602,0,0,0.00369889033290013,0.00189943017094872,9.99700089973008e-05,0.00629811056682995,0,0,0,0,0,0,0,0,0,0,0.000199940017994602,9.99700089973008e-05,0,0.0234929521143657,0.348195541337599,0,0,0,0,0,0.00769769069279216,9.99700089973008e-05,0,0,0,0.00269919024292712,0,0,0,0,0,0,0,0,0,0.000199940017994602,0.00119964010796761,0,0,0,9.99700089973008e-05,0,0.000399880035989203,9.99700089973008e-05,0,0,0,0.00339898030590823,0,0,0,0,0,0,0,0,0,0.00149955013495951,0,0,0,9.99700089973008e-05,0,0,0,0,0.00189943017094872,0,0.000599820053983805,0,0,0,0,0,0,0,0,0,0,9.99700089973008e-05,0,0,0,0,0.000199940017994602,0.00579826052184345,0,0,0,0.000299910026991902,0,0,0.00129961011696491,0,0,0,0,0,0,0,0,0,0,0.00959712086374088,0,0,0,0,0,0,9.99700089973008e-05,0,0.000199940017994602,0,0.000499850044986504,0,9.99700089973008e-05,0,0,0,0,9.99700089973008e-05,0,0,0.000499850044986504,0.0346895931220634,0,0,0,0,9.99700089973008e-05,0.000299910026991902,0,0,0,0,0,0.0168949315205438,0,0,0.00719784064780566,0,0,0,0,0,0,0,0,0.00509847045886234,0,0,0,0,0,0,0.00419874037788663,0,0.000199940017994602,0.00129961011696491,9.99700089973008e-05,0.000699790062981106,0,0,0,9.99700089973008e-05,0,0.000299910026991902,0,0,0,0,0,0,0,0,0.00159952014395681,0,0,0.0883734879536139,0.000199940017994602,9.99700089973008e-05,0,0,0.000199940017994602,0.000299910026991902,0,0,0,9.99700089973008e-05,0,0,0,0,0,0.00209937018894332,0,0,0,0,0,0,0,0,0,0,0.00239928021593522,0
0,0,0,0.0018996200759848,0,0,0,0,0,0,0,0,0,0.00249950009998,0.0111977604479104,0,0,0,0,0,0,0,0.000899820035992801,0,0.000399920015996801,0.350829834033193,0,0,0.0020995800839832,0.000699860027994401,0.0138972205558888,0,0,0.0165966806638672,0,0,0.000799840031993601,0.0011997600479904,0,0,0.000399920015996801,0,0,0,0,0,0,0,0,0,0,0,0,0.0002999400119976,0,0,0,0.000699860027994401,0.000499900019996001,0.00609878024395121,0,0,0.0001999600079984,0,0,0,0.0419916016796641,0,0,0.0010997800439912,0,0,0,0,0,0,0,0,0,0,0,0,0,0,0,0,0,0,0.0002999400119976,0,0.000599880023995201,0.000899820035992801,0,0,0,0,0,9.99800039992002e-05,0,0,0.0001999600079984,0,0.00399920015996801,0,0,0,0,0.00669866026794641,0.0100979804039192,0.0499900019996001,0,0,0.0187962407518496,0,0,0.0245950809838032,0,0,0,9.99800039992002e-05,0,0,0,0,0,0,0,0.000699860027994401,0,0,0,0,0,0,0,0,0.0986802639472106,0.00649870025994801,0,0,0.0588882223555289,0,0,0,0,0,0,0,0,0,0,0,0,0,0.00479904019196161,0,0,0,0.00839832033593281,0.00399920015996801,0,0,0,0,0,0,0.0015996800639872,0,0,0,0,0,0,0,0,0,0,0,0.0025994801039792,0,0,0,0,0.001499700059988,0,0,0,0,0,0,0,0.0131973605278944,0,0,0,0,0.0151969606078784,0,0,0,0,0,0,0,0,0,0,0,0,0.000399920015996801,0,0,0,0,0,0,0.00619876024795041,0,0,0,0.00449910017996401,0,0,0,0.0100979804039192,0,0,0,0,0.00329934013197361,0,0,0,0.00919816036792642,0,0,0,0,0,0.0001999600079984,0,0,0,0,0.0017996400719856,0,0,0,0,0,0,0,0,0,0,0.0113977204559088,0,0,0,0,0,0,0,0.0002999400119976,0,0,0,0,0,9.99800039992002e-05,0,0,0.0660867826434713,0,0,0,0,0,0,0.0880823835232953,0,0.0002999400119976,0,0,0,0,0,0.0015996800639872,0.00849830033993201,0,0,0,0,0,0.0011997600479904,0,0,0,0,0,0
0,0,0.000199900049975012,0,0,0,0,0,0,0.00189905047476262,0,0,0,0,0.0304847576211894,0,0.00119940029985007,0,0,0,0,0.00429785107446277,0.0100949525237381,0,0,0.00109945027486257,0,0,0.0413793103448276,0.000499750124937531,9.99500249875062e-05,0,0,0.00269865067466267,0.00129935032483758,0,0,0,0,0,0,0,0,0,0,0,0,0,0,0,0,0,0.000399800099950025,0,0,0.00169915042478761,9.99500249875062e-05,0.00429785107446277,0,0,0.00209895052473763,0,0,0,0,0,0,0,0,0,0,0,0,0,0,0.00259870064967516,0,0.000399800099950025,0,0,0.00229885057471264,0,0,0,0,9.99500249875062e-05,0,0,0,0.0114942528735632,0,0.0351824087956022,0.016191904047976,0,0,0,0,0,0,0,0,0.00599700149925037,0,0,0,0,0,0.0657671164417791,0,0,0,0,0,0,0,0.0222888555722139,0,0,0,0.000499750124937531,0.000199900049975012,0,0,0.000399800099950025,0.00539730134932534,0,0,0,0,0,0,0,0,0.000299850074962519,0.000199900049975012,0,0.00579710144927536,0,0.0154922538730635,0.00209895052473763,0,0,0,0.00109945027486257,0,0,0,0,0.00299850074962519,0,0,0.000399800099950025,0.000599700149925037,0,0,0,0.00759620189905048,0,0,0,0,0,0,0,0,0,0,0,0,0.00339830084957521,0,0,0.00119940029985007,0,0.0251874062968516,0,0,0,0,0,0.0181909045477261,0,0,0,0,0,0,0,0,0,0,0,0.0139930034982509,0,0,0,0.00529735132433783,9.99500249875062e-05,0.000199900049975012,0,0,0,0,0,0,0,0,0,0,0,9.99500249875062e-05,0,0,0,0,0,0,0,9.99500249875062e-05,0,0,0,0,0,0.00779610194902549,0,0,0.0031984007996002,0,0,0,0,0.00119940029985007,0.0917541229385307,0,0,0.000899550224887556,0,0,0.00079960019990005,0,0,0,0,0,0,9.99500249875062e-05,0.00289855072463768,0,0,0,0,0.000399800099950025,0,0,0.00079960019990005,0.000599700149925037,0,0,0,0,0,0,0,0.000299850074962519,0,0,0,0,0.0533733133433283,0,0,0.0464767616191904,0.000999500249875062,0,0,0,0,0,0.389805097451274,0.000299850074962519,0,0.00399800099950025,0,0,0,0,0,0,0.00929535232383808,0,0,0,0.00209895052473763,0,0,0.00329835082458771,0,0,0.00259870064967516,0
0.00289913026092172,0,0,0.00169949015295411,0,0,0,0,0,0.000699790062981106,0,0,0,0,0.000899730080975707,0,0.00599820053983805,0,0,0,0,0.00709787063880836,0,0,0,0.0211936419074278,0,0,0.0261921423572928,0.00129961011696491,0.0649805058482455,0,0,0.00979706088173548,0.000399880035989203,0,0.00179946016195141,0,0.000299910026991902,0,0,0,0,0,0,0.0259922023392982,0,0,0.000599820053983805,0,0,0,0,9.99700089973008e-05,0,0,0,0,0,0.0236928921323603,0,0,0,0,0,0,0.00659802059382185,0,0,0,0.00189943017094872,0,0,0,0,0,0.000299910026991902,0.000299910026991902,0,0.00789763071078676,0.000599820053983805,0,0.00439868039588124,0,0,0.000199940017994602,0.000199940017994602,0,0.000399880035989203,0.00539838048585424,0,0.013296011196641,0,0,0,0,0,0,0.00629811056682995,0,0,0,0,0.000199940017994602,0.00109967009897031,0.00129961011696491,0,0.104268719384185,0,0.0232930120963711,0,0,0.000699790062981106,0.000699790062981106,0,0.0133959812056383,0,0,0.0209937018894332,0,0,0,9.99700089973008e-05,9.99700089973008e-05,0.00259922023392982,0,0.000199940017994602,0,0,0,0.00169949015295411,0.0316904928521444,0,0,0,0,0.000999700089973008,0,0,0,0.00149955013495951,0,0,0,0,0,0.00309907027891633,0,0,0,0.00539838048585424,0,0,0.000199940017994602,9.99700089973008e-05,0,0,0,0.0298910326901929,0.0154953513945816,0,0,0,0,0,0,0,0,0,0,0.00359892032390283,0,0,0,0,0,0,0.0121963410976707,0.0934719584124763,0,0,0,0,0,0,0,0,0,0,9.99700089973008e-05,9.99700089973008e-05,0.00399880035989203,0,0.00169949015295411,0,0,0,0,0,0,0,0,9.99700089973008e-05,0.00189943017094872,0,0.0139958012596221,0,0.000799760071978406,0,0.00209937018894332,0,0,0,9.99700089973008e-05,0.00129961011696491,0,0,0.0203938818354494,0.000199940017994602,0,0.00769769069279216,0,0,0,0,0,0,0,0.00849745076477057,0,0.0281915425372388,0,0,0.0488853343996801,0,0,0,0,0,0,0,0,0,0,0.000399880035989203,9.99700089973008e-05,0,0,0,0,0,0.000799760071978406,0,0,0.00239928021593522,0.000499850044986504,0.00229931020693792,0,0,0.00329901029691093,0,0,0,0.000799760071978406,0,0,0,0,0.000399880035989203,0.0151954413675897,0,9.99700089973008e-05,0.00989703089073278,0,0,0,0,0.000699790062981106,0,0.1666500049985,0,0,0.0109967009897031,0,0,0,0,0,0,0.00349895031490553,0,0.000999700089973008,0,0,0.00519844046785964,0,0.000599820053983805,0,0,0.0233929821053684,0
0,0,0,0.00079968012794882,0.000299880047980808,0,0,0,0,0,0,0,0,0,0.00189924030387845,0,0,0,0,0,0,0.00169932027189124,0,0,0,0.240603758496601,0,0,0.00219912035185926,0.000599760095961615,0.0134946021591363,0,0,0,0,0,0,9.99600159936026e-05,0,0,0,0,0,0.000299880047980808,0,0.000999600159936026,0,0.000499800079968013,0,0,0,0,0,0,9.99600159936026e-05,0,0,0,0,0.00129948020791683,9.99600159936026e-05,0.00239904038384646,0,0.000199920031987205,0,0.000199920031987205,0.0149940023990404,0,0,0,0.000499800079968013,0,9.99600159936026e-05,0.000899640143942423,0.00309876049580168,0,0,0,0,0.00169932027189124,0,0.000199920031987205,0,0,0,0,0,0,0.00129948020791683,0,0,0.000499800079968013,0,0,0,0,0,0,0.00599760095961615,0,0,0,0,0.00039984006397441,0,0,0,0.072171131547381,0.00079968012794882,0.00859656137544982,0,0,0,0,0,0.0181927229108357,0,0,0.0078968412634946,0,0,0,0,0,0.000999600159936026,0,0.0113954418232707,0,0,0,0,0.0194922031187525,0,0,0,0,0,0,0,0,0.0631747301079568,0,0,0,0,0,0.00179928028788485,0.00929628148740504,0.000899640143942423,0,0.00139944022391044,0.00189924030387845,0,0,0,0,0,0,0.015593762495002,0,0.000499800079968013,0,0,9.99600159936026e-05,0,0,0.00289884046381447,0,0.000699720111955218,0.000199920031987205,0.00229908036785286,0,0,0,0,0,0,0.0182926829268293,0.000199920031987205,0,0.00139944022391044,0,0,0.00159936025589764,0,0,0,0,0,0,0.00239904038384646,0.00589764094362255,0,0,0.00139944022391044,0,0.000599760095961615,0.000299880047980808,0,0,0,0,0,0.000499800079968013,0,0.00829668132746901,0,0,0,0,0,0,0,0,0,0,0.00229908036785286,0.00409836065573771,9.99600159936026e-05,0,9.99600159936026e-05,0,0.00239904038384646,0,0.00239904038384646,0,0,0,0,0.000899640143942423,0,0,0,0.00439824070371851,0,0,0.000599760095961615,0,0,0,0,0,0,0,0,0.0079968012794882,0.000899640143942423,9.99600159936026e-05,0,0,0,0,0.000199920031987205,9.99600159936026e-05,0.00179928028788485,0,0,0,9.99600159936026e-05,0,0.000499800079968013,0,0,0.00119952019192323,0.00899640143942423,0,0.00079968012794882,0,0.000499800079968013,0.00269892043182727,0,0,0.0351859256297481,0,0,0,0,0,0,0.323370651739304,0,0,9.99600159936026e-05,0,0,0,0,0,0.0076969212315074,0.000199920031987205,0,0,0,0,0.00809676129548181,0.00269892043182727,0.000599760095961615,0,0,0.000199920031987205,0
0.0002999700029997,0,0,0.0103989601039896,0,0,0.0007999200079992,0,0,0,0,0,0.0002999700029997,9.99900009999e-05,0,0,0,0,0,0,0,0,0,0,0.0004999500049995,0.204379562043796,0,0,0,0.0177982201779822,0.0241975802419758,0,0.0002999700029997,0.003999600039996,0,0,0.0004999500049995,0,0,0,0,0,0,0,0,0,0,0,0,0,0,0,0,0.0001999800019998,0,0,9.99900009999e-05,0.0015998400159984,0,0.0001999800019998,0,0,0,0,0,0,0,0,0.0018998100189981,0,0,0,0.0001999800019998,0,0,0,0,0,0,0,0.0008999100089991,0,0,0,0,0.0025997400259974,0,0,0.0024997500249975,9.99900009999e-05,0,0,0.002999700029997,0,0,0.0001999800019998,0,0,0,0,0,0.0238976102389761,0.0032996700329967,0,0,0,0,0.215278472152785,0,0,0,0,0.0397960203979602,0,0,0.0221977802219778,0,0,0,0.0006999300069993,0.0011998800119988,0,0,0,0,0,0.0183981601839816,0,0,0,0.0024997500249975,0,0,0,0,0.0013998600139986,0.0307969203079692,0.006999300069993,0,0,0.0017998200179982,0,0,0.0030996900309969,0,0,0.0005999400059994,0,0,0,0,0,0.0065993400659934,0,0,0,0,0,0,0.0005999400059994,0,0,0,0,0,0,0,0.0002999700029997,0,0,0,0,0,0,0,0,0,0,0,0,0,0.008999100089991,0,0.0138986101389861,0,0,0,0,0,0,0,0,0,0.0013998600139986,0,0,0.0004999500049995,0,0,0,0,0.0026997300269973,0,0,0,0,0,0,0,0,0,0,0,0,0,0,0,0,0,0,0,0,0,0,0.0213978602139786,0,0,0.0533946605339466,0,0,0,0,0,0.0415958404159584,0,0,0,0.0006999300069993,0,0.0010998900109989,0,0,9.99900009999e-05,0,0.0030996900309969,0,0,0,0,0,0,0,0,0,0,0,0,0,0,0,0,0,0,0,0.0014998500149985,0,0,0,0,0.164483551644836,0,0,0.0105989401059894,0.0003999600039996,0,0,0,0,0,0.0003999600039996,0,0,0.0025997400259974,0,0,0.0002999700029997,0,0,0,0,0.0080991900809919,0,0,0,0.0057994200579942,0,0.0003999600039996,0,0,0,0
0,0,9.99900009999e-05,0.0028997100289971,0.0010998900109989,0,0,0.0013998600139986,0,0.0007999200079992,0.0005999400059994,0,0,0.0001999800019998,0.0022997700229977,0.0001999800019998,0.0088991100889911,0,0,0,0.000999900009999,0.0021997800219978,0.001999800019998,0.0005999400059994,0,0.147485251474853,0,0,0.0018998100189981,0.0048995100489951,0.0002999700029997,0,0,0.0018998100189981,0,0,0.0002999700029997,0.0025997400259974,0,0,0,0,0,0,0,0.0138986101389861,0,0,0,0,0,0,9.99900009999e-05,0.0001999800019998,0.0003999600039996,0.0016998300169983,0,0.0018998100189981,0,0.0042995700429957,0.0001999800019998,0,0,0,0,0,0.0074992500749925,0,0,0,0.0025997400259974,0,9.99900009999e-05,0.0002999700029997,0,0,0.0008999100089991,0,0,0,0,0,0.0266973302669733,0,9.99900009999e-05,0.0136986301369863,0.0044995500449955,0,0.0005999400059994,0.0008999100089991,0,9.99900009999e-05,0.0002999700029997,0,0,9.99900009999e-05,0,0,0,0,0,0.0140985901409859,0.0027997200279972,0,0,0.0005999400059994,0,0.0185981401859814,0.0038996100389961,0.0208979102089791,0,0,0.0012998700129987,0.0005999400059994,0,0.0254974502549745,0,0,0.0345965403459654,0,0,0,0.0111988801119888,0,0.0011998800119988,0,0,0,0,0,0.0050994900509949,0.0076992300769923,0,0.0003999600039996,9.99900009999e-05,0,0.147885211478852,0.0124987501249875,0,0,0.0034996500349965,0,0,0.0004999500049995,0,0.0506949305069493,0.000999900009999,0.0046995300469953,0,0,0,0.0005999400059994,0,0,9.99900009999e-05,0.0003999600039996,0.0032996700329967,0,0,0.0013998600139986,0.0014998500149985,0.0041995800419958,0.0085991400859914,0,0,0,0,0,0,9.99900009999e-05,0,0.0092990700929907,0,0,0.0027997200279972,0,0.0002999700029997,0,0.0048995100489951,0,0.0131986801319868,0,0,0.0007999200079992,0.0058994100589941,0,0.005999400059994,0,0,0,0,0.0025997400259974,9.99900009999e-05,0,0,0,0,0,0,0,0,0,0,0,0,0.0046995300469953,0.0072992700729927,0,0,0.002999700029997,0,0,0,0,9.99900009999e-05,0,0.0077992200779922,0.0014998500149985,9.99900009999e-05,0,0.0046995300469953,0,0.0001999800019998,0,0.0026997300269973,0,0,0.0001999800019998,0,0.0003999600039996,0.0018998100189981,0,0,0.0130986901309869,0,0,0,0,0,0.0011998800119988,0,0,0,0,0.0031996800319968,0,0,0,0,0,0,0.0001999800019998,0,0,0.0001999800019998,0.0343965603439656,0.0045995400459954,0,9.99900009999e-05,0.0132986701329867,9.99900009999e-05,0,0,0.0018998100189981,0.0001999800019998,0,0,0,0,0.0027997200279972,0,0.0012998700129987,0.0298970102989701,0.0001999800019998,0,0,0,0,9.99900009999e-05,0.145785421457854,0,0,0.0061993800619938,0,0,0,0,0,0,0.0024997500249975,0,0,0,0,0,0.0001999800019998,0.0024997500249975,0,0,0.0011998800119988,0
0,0,0,0.000799760071978406,0,0,0.000199940017994602,0.000199940017994602,0,0.00159952014395681,0,0,0,0.0168949315205438,0.00199940017994602,0,0,0,0,0,0,0,0.000799760071978406,9.99700089973008e-05,0.000599820053983805,0.398580425872238,0,0,0.000699790062981106,0.00129961011696491,0.0303908827351794,9.99700089973008e-05,0,0.00469859042287314,0,0,9.99700089973008e-05,0,0.00149955013495951,0,0,0,0,0.00639808057582725,0,0.021593521943417,0,0,0,0,0,0,0,0,0.000299910026991902,0,0,0,0,0.0221933419974008,0.00119964010796761,0,0,0,0,0,0.00359892032390283,0,0,0,0.00179946016195141,0,0,0,0,0,0,0,0,0,0.000499850044986504,0,0,0,0.000599820053983805,0,9.99700089973008e-05,0,0.000999700089973008,0.00259922023392982,0,0,0.000699790062981106,0.0101969409177247,0,0,0,0,0,0,0,0.000199940017994602,0,0,0,0,0,0.00719784064780566,0,0,0,0,0.00199940017994602,0.00159952014395681,0,0.0128961311606518,0,0,0,9.99700089973008e-05,0.000699790062981106,0,0,0,0.00729781065680296,0,0,0,0,0,0.00459862041387584,0.000599820053983805,0,0,0,0,0.00829751074677597,0.0106967909627112,0,0,0.00159952014395681,0,0,0,0,0,0,0.00589823053084075,0,0,0.000599820053983805,0.00139958012596221,0,0,0,9.99700089973008e-05,0,0,0,0.000499850044986504,0,0,0.0177946616015195,0,0,0,0,0,0,0,0,0,0,0,0,0,0,0,0.0181945416375087,0,0.0509847045886234,0,0,0.00139958012596221,0,0,0,0,0,0,0,0.00119964010796761,0,0,0,0,0,0,0,0,0,0,0,9.99700089973008e-05,0,0,0,0,0.000199940017994602,0,0,0,0,0,0,0,0.00909727081875437,0,9.99700089973008e-05,0,0,0.00219934019794062,0,0,0,9.99700089973008e-05,0,0,0.00859742077376787,0,0,0,0,0.0207937618714386,0,0,0,0,0,0,0,0,0,0,0,0,0,0,0,0,0,0,0,0,0,0,0.000399880035989203,0,0,0,0,0,0,0,9.99700089973008e-05,0,0,0,0,0.00319904028791363,0,0,0.00289913026092172,0,0,0,0,0,0,0.259122263321004,0,0,0.00129961011696491,0,0,0,0,0,0,0,0,0,0,0,0,0,0.000899730080975707,0,0,0.00169949015295411,0
0,0,0,0,0,0,0.0045,0,0,0,0,0,0,0.0071,0,0,0,0,0,0,0,0,0,0,0,0.0415,0,0,0.0021,0,0,0,0,0,0,0.0503,0,0,0,0,0,0,0,0,1e-04,0,0,0,0,0,0,0,0,0,0,0,0,1e-04,0,0,0,3e-04,0,0,0.0535,0,0.0599,0,0.008,0,0,0,0,0,0,0,0,0,0,0,0,0,0,0,0,0,0,0,0,0,3e-04,0,8e-04,0,0,0,0,0,0,0,0,0.0011,0,0,0,0,0,0.1154,0,0.0103,0,0,0,0,0,0,0,0,0,0,0,0,0,5e-04,0,0,0,0,0,0,0,1e-04,0,0,0,0.0085,0,0,0,0,0,0,0,0,0,0,0,0,0,0,0,0,0,0,0,0,0,8e-04,0,0.0358,0,0,0,0,0,0,0,0,0,0,0,0,1e-04,0,0,0,0,0,0,0,0,0,0,0,0,0,0.0021,0,0,0,0,0,2e-04,0.0021,0,0,0,0,0,0,0,0,0,0,0.4653,0,0,0,0,0,0,0,0,0,0,0,0,0,0,0,0,0,0,0,0,0,0,0,0,0,0,0,0,0.0254,0,0,0,0,0,0,0,0,0,0,0,0,0,0,0,0,0,0,0,0,0,0,0,0,0,0,0,0,0,0,0,0,0,0,0,0.0226,0,0,0,0,0,0,0,0,0,0.0812,0,0,0,0,0,0,0,0,0,0,0,0,0,0,0,0,0,0,0,0,0
0,0,0,8e-04,0,0,0.0133,0.0109,0.0121,0,0,0,0,0.0055,0.0042,0,4e-04,0,0,0,0.004,0.0061,0,0.0053,0,0.3397,2e-04,0,0.0347,0.0017,0.0027,0.0018,0,0.0033,0,0,0,0.0042,0,0,0,0,0,0.0038,0,0.0125,0,0,0.0025,0,0,0,0,0,0,0,0,0.0012,0,0.0062,8e-04,0.0017,0,0,0.0024,0,0.0029,4e-04,0.0038,0,0.0103,0,0,8e-04,0,0,0,1e-04,0,0.0014,0,0,0,0,0.001,0,0,0,3e-04,0.0018,0,0.0166,0.0043,0.0016,0,0,0,0,5e-04,0,0,0,0,0,1e-04,0,0,0.0069,0,0,0,0,2e-04,6e-04,0,0.0505,0,0,0.0043,0,0,0,8e-04,2e-04,0.0086,0,0,0,0,0,0.0016,1e-04,0,0,0,0,0.0022,0,0,0,9e-04,0,0,0,0,0,2e-04,0,0,0,6e-04,0.0143,1e-04,0,0,0,0,0,0,0.0067,0.0012,0,0,0,0,0,0,0,0,0,8e-04,0,0.0013,0,0,0,0,0.0057,0.0036,1e-04,0,0,0,0,0,0,0,0,0,0,0,0.0056,0,7e-04,0,0,0,0,0,0,0,0,0,0,0,4e-04,0,0,0,0,0,0,0,0,0,0,0.0012,0,0.0295,3e-04,0.0251,0,0,0,0,0.0017,0,0.0249,0.0067,0,0.0129,0,0,0.0081,0,0,0,0,0,0,0,0,0.0096,0,0,0.0028,1e-04,1e-04,0,0,0,7e-04,0,0,0,0,2e-04,0,0,0,2e-04,0,0,1e-04,0,0,0,0,0,0.007,0,0.0082,0.015,0,0,0,0.124,1e-04,4e-04,8e-04,0,0,0.0426,0,0,0,0,1e-04,0.0074,0.0019,0,0,0,0,1e-04,0,1e-04,0,1e-04,0.0219,0
0,0,9.99500249875062e-05,0.00129935032483758,0,0,0,0,0,0.000699650174912544,0,9.99500249875062e-05,0,0,0,0,0.00739630184907546,0,0,9.99500249875062e-05,0,0.000599700149925037,0,0,0.000599700149925037,0.432783608195902,0,0,0.00179910044977511,0.00109945027486257,0,0.00379810094952524,0,0.00389805097451274,0,0,0.00189905047476262,0.0117941029485257,0,0,0,0,0,0.00219890054972514,0,0.000399800099950025,0,0,0,0,0,0,0,9.99500249875062e-05,0,0,0,0.00109945027486257,0,9.99500249875062e-05,0.000499750124937531,0,0,0,0,0,0.00789605197401299,0,0,0,0,0,9.99500249875062e-05,0,0,0,0,0,0,0,0.00299850074962519,0,0.0228885557221389,0.000299850074962519,0,0,0,0,0.000199900049975012,0.0101949025487256,0,0,0.00119940029985007,0,0,0.000199900049975012,0,0,0.000599700149925037,0,0,0,0.00179910044977511,9.99500249875062e-05,0,0.000699650174912544,9.99500249875062e-05,0.00979510244877561,0.00209895052473763,0.00199900049975012,0,0.00139930034982509,0.00229885057471264,0.0131934032983508,0,0,0,0,0,0,0,0,0,0.00109945027486257,0.00629685157421289,0,0,0.000899550224887556,0,0,0.00119940029985007,0,0,0,0.000599700149925037,0,0.0230884557721139,0.00519740129935032,0,0,0,0,0,0,0,0,0,0.00249875062468766,0,9.99500249875062e-05,0,0,0,0,9.99500249875062e-05,0,0,0,0.000399800099950025,0,0,0,0,0,0,0,0.00659670164917541,0,0,0,0,0,0,0,0,0,0,0,0.00259870064967516,0.00269865067466267,0.00149925037481259,0,0,0,0,0,0.00469765117441279,0,0,0,0,0.00349825087456272,0,0,0,0,0.00469765117441279,0,0,0,0,0,0,0,0.015792103948026,0,0,0,0,9.99500249875062e-05,0,0,0,0,0,0,0.00399800099950025,0,0,0,0,9.99500249875062e-05,0,0,0,0,0,0,0,0,0.00629685157421289,0,0.000199900049975012,0.0314842578710645,0,0,0,0,0,0,0,0,0,0.0124937531234383,0,0,0,0,0,0,0,0,0,9.99500249875062e-05,0.00109945027486257,9.99500249875062e-05,0,0,0,0,0.000199900049975012,0,0,9.99500249875062e-05,0,0,0,0,0,0.0196901549225387,0.000699650174912544,0,0.00699650174912544,0,0,0,0,0,0,0.240379810094953,0,0.015992003998001,0.00399800099950025,0,0,0,0,9.99500249875062e-05,0,0.000999500249875062,0,0.000399800099950025,0,0,0.00149925037481259,0,0.000999500249875062,0,0,0.015992003998001,0
0,9.99600159936026e-05,0,0,0,9.99600159936026e-05,0,0,0,0.000899640143942423,0,0,0.000199920031987205,0,0.00559776089564174,0,0.00199920031987205,0,0,0,0,0,0,0,0.000499800079968013,0.537784886045582,0,0.00249900039984006,0.0169932027189124,0,0.0269892043182727,0,0,0.00079968012794882,0,0,0,0,0,0,0,0,0,0,0,0.000899640143942423,0,9.99600159936026e-05,0.00229908036785286,0,0,0,0,0.000299880047980808,0,0,0,0.00039984006397441,0,0,0,0,0,0,0,0,0,9.99600159936026e-05,9.99600159936026e-05,0,0,0,0,0,0,0.0460815673730508,0,0,0,0,0.000599760095961615,0,0,0,0,9.99600159936026e-05,0,0,0.000199920031987205,0,0,0,0,0,0,0.00759696121551379,0.00869652139144342,0,0,0,0,9.99600159936026e-05,0.00159936025589764,0,0,0.000499800079968013,0,0,0,0,0,0,0.000199920031987205,0,0,0.00989604158336665,0,0,0,0,0.000599760095961615,0,0.000499800079968013,0,0,0,0,0,0,0,0,0,0,0,0,9.99600159936026e-05,0.17702918832467,0,9.99600159936026e-05,0.00079968012794882,0.00129948020791683,0,0,0.000599760095961615,0,0,0,0.0139944022391044,0,0,0,0.00249900039984006,0,0,0,0,0.000599760095961615,0,0,0,9.99600159936026e-05,0,0,0,0,0,0.00509796081567373,0,0,0,0,0.00109956017592963,0,0,0.00139944022391044,0,0,0,0,0.00239904038384646,0,0.00229908036785286,0,0.000599760095961615,0,0,0,0.0079968012794882,0,0,0,0,0.00169932027189124,0,0.00309876049580168,0,0,0,0,0,0,0,0,0,0,0.014094362255098,0,0,0,0,0.00259896041583367,0,0,0,0,0,0,0,0.0239904038384646,0,0,0,0.0109956017592963,0,0.00309876049580168,0,0,0,0.0037984806077569,0,0,0,0.000999600159936026,0,0.000899640143942423,0,0,0,0,0,0,0,0,0,0.000599760095961615,0,9.99600159936026e-05,0,0,0,0,0,0,0.000299880047980808,0,0.0146941223510596,9.99600159936026e-05,0,0,0,0,0,0,0,0,0,0,0,0,0,0,0,0.00079968012794882,0,0,0,0,0,0,0.0138944422231108,0,0,0.00869652139144342,9.99600159936026e-05,0,0.000199920031987205,0,0,0,0,0,0,0,0,0.000599760095961615,0,0.00129948020791683,0,0,0,0
0,0,0,0,0,0,9.98402555910543e-05,9.98402555910543e-05,0,0,0,0,9.98402555910543e-05,9.98402555910543e-05,0.000399361022364217,0,0,0,0,9.98402555910543e-05,9.98402555910543e-05,0.000199680511182109,0.000599041533546326,0,0,0.119508785942492,0,0,9.98402555910543e-05,0,0,0,0,0,0,0,0.000199680511182109,0,0,0,9.98402555910543e-05,0,0,0.000898562300319489,0,0.000299520766773163,0,0,9.98402555910543e-05,0.000199680511182109,9.98402555910543e-05,0,0,0,0,0,0,0.000199680511182109,0,0.000499201277955272,0,9.98402555910543e-05,0,0,0,0,0.0176717252396166,0,0,0,0,0,0,0,0,0,0,0,0,0.000499201277955272,0.000199680511182109,9.98402555910543e-05,0,0,9.98402555910543e-05,0,0.000599041533546326,0,0,0,0,0,0.00898562300319489,0,0,0.0010982428115016,0.00209664536741214,0,0.000499201277955272,0,0,0.00599041533546326,0,0,0.000199680511182109,0,0.000399361022364217,0.0847643769968051,0,0.00489217252396166,0,0,0,9.98402555910543e-05,0,0.00529153354632588,0,0,0.00159744408945687,9.98402555910543e-05,0.000299520766773163,0,0.000399361022364217,9.98402555910543e-05,0,0,0,0,0,0,9.98402555910543e-05,9.98402555910543e-05,0,0,0,0,0.00818690095846645,0,0,0.000199680511182109,0.0350439297124601,0,0,0,0,0,0,0,0,0,9.98402555910543e-05,0.00159744408945687,0,0,0,9.98402555910543e-05,0,0,0,0.00139776357827476,0,0,0,0.000399361022364217,0,0,0,0,0,0,0,0,9.98402555910543e-05,0,0,0,0,0,0.00119808306709265,0,0,0,0,0,0,0,0,0,0,0,0,9.98402555910543e-05,0,0,0,0,0,0,0,0,0,0,0,0,0.00958466453674121,0.000299520766773163,0,0,9.98402555910543e-05,0,0.000199680511182109,0,0,0,9.98402555910543e-05,0,0.00439297124600639,9.98402555910543e-05,0,9.98402555910543e-05,0,0.0010982428115016,0,0,0,0,0,0,0.00159744408945687,0,9.98402555910543e-05,0,0,0.071685303514377,0,0,0,0,0,0,0,0,0,0,0.0069888178913738,0,0,0,0,0,9.98402555910543e-05,0,0,0,0,0,0,0,0,0,0.000199680511182109,0,0,0,0.000199680511182109,0,0,0,0,0.500099840255591,0,0,0.0339456869009585,0,9.98402555910543e-05,0,0.000299520766773163,0,9.98402555910543e-05,0.0586062300319489,0,0,9.98402555910543e-05,0,0,0,0,0.000299520766773163,0,0.000199680511182109,0,0,0,0,0,0,0,0,0,0.00069888178913738,0
0,0,0,0,0,0,0,0,0,0,0,0,0,0.0254923522943117,0.00239928021593522,0,0,0,0,0,0,0,0,0,0,0.237928621413576,0,0,0.00659802059382185,0,0,0,0,0.00389883035089473,0,0,0,0.000199940017994602,0,0,0,0,0,0,0,0.000399880035989203,0,0,0,0,0,0,0,0,0,0,0,0,0,0,0,9.99700089973008e-05,0,0,0,9.99700089973008e-05,0.0136958912326302,0,0,0,0,0,0,0,0,0,0,0,0,0.000299910026991902,0,0,0,0,0.00279916025192442,0.000499850044986504,0.00919724082775168,0,0,0.00159952014395681,0,0,0.00289913026092172,0,0,0,0.000799760071978406,0,0.000199940017994602,0,0,0.0123962811156653,0,0,9.99700089973008e-05,0,0,0.00629811056682995,0,0,0,0,0,0.00179946016195141,0,0,0,0,0.00479856043187044,9.99700089973008e-05,0,0,0.00279916025192442,0.00119964010796761,0.0105968209537139,0,0,0,0,0,0.00269919024292712,0.00319904028791363,0,0,0,0,0.528941317604719,0,0,0,0.00229931020693792,0,0,0,0,0,0,0,0,0,0,0,0,0,9.99700089973008e-05,0,0,0,0,0,0,0,0,9.99700089973008e-05,0,0,0,0,0,0,0,0,9.99700089973008e-05,0,0,0,0,9.99700089973008e-05,0,0,0,0,0.00159952014395681,0,0,0,0,0,0,0,0,0.000499850044986504,0,0,0,0,0,0,0,0,0,0,0,0,0,0.000399880035989203,0,0,0.000199940017994602,0,0,0,0,0,9.99700089973008e-05,0,0.00459862041387584,0,0,0,0,0,0,0,0,0.00189943017094872,0,0,0.00579826052184345,0,0,0,0,0,0,0,0,0,0,9.99700089973008e-05,0,0,0,0,0,0,0,0,0,0,0.00399880035989203,0,0,0,0,0.000599820053983805,0.000299910026991902,0,0.000299910026991902,0,9.99700089973008e-05,0,0,9.99700089973008e-05,0,0,0,0,0,0.0105968209537139,0,0,0.0540837748675397,0,0,0,0,0,0,0.0108967309807058,0,0,0.0145956213136059,0,0,0,0,0,0,0,0,0,0,0,0,0,0.000699790062981106,0,0,0.00179946016195141,0
9.9940035978413e-05,0,0.000199880071956826,0.000699580251848891,0,0,0,0,0,0,0,0,0,0.00669598241055367,9.9940035978413e-05,9.9940035978413e-05,0,0,0,0,0,0.00399760143913652,0.000699580251848891,9.9940035978413e-05,0,0.0810513691784929,0,0,0.000199880071956826,9.9940035978413e-05,0.0192884269438337,0,0,0.00749550269838097,0,0,9.9940035978413e-05,0.0092944233459924,0,0,0,0,0,0,0,0,0,0,0,0,9.9940035978413e-05,0,0,0.000299820107935239,0,0,0,0.000699580251848891,0.000399760143913652,0.0132920247851289,0,0,0,0,0.0124925044973016,0,0,0,0,0,0,0,0,0,0,0,0,0,0,0,0,0,0,0,0,0,0,0,9.9940035978413e-05,0,0,9.9940035978413e-05,0.000199880071956826,0,0,0,0,0,0,0,0,0,0,0,0,0,0,0.335198880671597,0,0.0113931641015391,0,0,0.00259844093543874,0,0,0.00739556266240256,0,0.000599640215870478,0.00609634219468319,0,0,0.000399760143913652,0.00279832100739556,0,0,0,0.0112932240655607,0,0,0,0,0,0,0,9.9940035978413e-05,0,0.000399760143913652,0,0,0,0.0221866879872077,0,0,0,0,0,0.00159904057565461,0,0,0,0.000599640215870478,0,0,0.000499700179892065,0,0,0,0,0,0.000999400359784129,0,0,0,0.267939236458125,0,0,0,9.9940035978413e-05,0,0,0.000899460323805717,0,9.9940035978413e-05,0,0,0,0,0,0.0300819508295023,0,0,0,0,0.00119928043174096,0.00129922046771937,0,0,0,0,0,0,0.00129922046771937,9.9940035978413e-05,0,0,0,0,0,0,0,0,0,0,0,0,0.0155906456126324,0.000199880071956826,0,9.9940035978413e-05,9.9940035978413e-05,0,0,0,0,0,0,0.00439736158305017,0,9.9940035978413e-05,0,0,0,0,0,9.9940035978413e-05,0,0,0,0,0,0.00129922046771937,0,0,0.0502698380971417,0,0,0,0,0,0,0,0,0,0,0,0,9.9940035978413e-05,0,0,0,0,0.000299820107935239,0,0,0,0,0.00159904057565461,0,0,0.0104937037777334,0.000599640215870478,0,0,0.00259844093543874,0,0,0.00129922046771937,0,0.00439736158305017,0.00139916050369778,0,0,0.00529682190685589,9.9940035978413e-05,9.9940035978413e-05,9.9940035978413e-05,9.9940035978413e-05,0,0,0.0114931041375175,0,0,0.0159904057565461,0,0,0.000199880071956826,0,0,0.00269838097141715,0,0,0,0,0,0.000299820107935239,9.9940035978413e-05,0,0,0,0.00349790125924445,0
0,1e-04,0,0,0.0017,0,0.0011,0,0,0,0,0,0,0.0239,0.0035,0,0.0129,0,0,0,0.0246,0.0047,0.0015,0,0,3e-04,0,0,0.0026,0.0012,0,0,2e-04,0.0155,0,0,0.0018,0.0091,0.0024,0,0,0,0,0.0173,0,0.001,0,0,0,0,9e-04,0,0,0.0017,0.0026,0,0,0,0,0.0097,5e-04,0,0,0,0,0,0.0115,0,0,0,0.0028,0,0,0,0,0,0,0,0,0.0022,0,0,0.0067,0,0,1e-04,0,0,0,0.0043,0,3e-04,0.0093,0,0,0,0,0,3e-04,0,0,0,0.0013,0,0.0027,0,0,0.0523,0,0.0037,0,0.0032,0,5e-04,0,0.0186,0.0018,0,0.0542,0,0,0,0,0.0015,0.0019,0,0.0054,0,0.001,0,0.0137,0.0106,0,0,0,0,0.0481,0.0155,0,0,0.0376,0,0,0,0,0,0,0.014,0.0022,1e-04,0.0045,0.011,0,0,0,0,0,0,0,0.002,0,0,0,0,0,0,0.0043,0,0,0,0,0,0,0,0,0,0,0.0306,0,0,0.0737,0,0,0.0105,0,0,0.0035,0,0,0.0075,0,0.0038,0,0,0.0079,0,0.0244,3e-04,0,0,0,0,0,0.009,0,0,0,0,0,0,0,0,0,0,0.0012,0,0.0075,0,0.023,0,0.004,0,0,0,0,0.0025,0,0,0.0043,0.0064,0,4e-04,0.0017,0.0128,0,0,0,0,0,7e-04,0,0,0,0,0.0023,1e-04,1e-04,0,0,0,0,0,0,0,0,0.013,0,0,0,0.0013,0,0,0,0.0012,0,0,0,0,0,0.0271,0,0,0.0267,0,0,0,0,0,7e-04,0.151,0,0.0187,0.0252,0,0,0,0,0,0,0,0,0,0,0,0,0,5e-04,0,0,0.0064,0
0,0,0.000199940017994602,0.0228931320603819,0,0,0.00549835049485154,0,0,0,0,0,0.000199940017994602,0.0811756473058083,0.000799760071978406,0,0.000699790062981106,0,0.000199940017994602,0.000199940017994602,0.000799760071978406,0.00259922023392982,0,0.000299910026991902,0.000599820053983805,0.0226931920423873,0,0,0.000599820053983805,0.00289913026092172,0,0,0,0.00439868039588124,0,0,0.0337898630410877,0,0,0.00169949015295411,9.99700089973008e-05,0,0,0,0,0,0,0,0,0.000299910026991902,0.000899730080975707,0,0,0,0,0,0,0,0.00129961011696491,0,0.000199940017994602,0,0.000199940017994602,0,0,0,0.010296910926722,9.99700089973008e-05,0,0,0,0,0,0,0,0.0144956513046086,0,0,0,0.0109967009897031,0.000799760071978406,0,0,0,0,0.00139958012596221,0.000199940017994602,0,0.00109967009897031,0.00449865040487854,0,0.000299910026991902,9.99700089973008e-05,0,0,0,0,0,0,0.00229931020693792,0.000199940017994602,0.000599820053983805,0,0,0,0,0,0.00749775067479756,0.000899730080975707,0.00159952014395681,0,0,0,0.000999700089973008,0,0.00629811056682995,0,0.000699790062981106,0,9.99700089973008e-05,9.99700089973008e-05,0,0.00569829051284615,0,0.00359892032390283,0,0,0,0,0,0.000399880035989203,0.00479856043187044,0,0,0,0,0.0107967609717085,0.00279916025192442,0,0,9.99700089973008e-05,0,0.00329901029691093,0,0.000399880035989203,0,0,0,0,0,0,0,0.00169949015295411,0,0.00979706088173548,0,0,0,0,0,0,0,0,0,0,0,0.00529841047685694,0,0,0,0,0,9.99700089973008e-05,0.00119964010796761,0,0,0,0,0.00949715085474358,0,0.0248925322403279,0,0,0.010296910926722,0.00269919024292712,0,0,0,0,0,0,0.0124962511246626,9.99700089973008e-05,9.99700089973008e-05,0.0241927421773468,0,0,0,0,0,0,0,0,0,0,0.00619814055783265,0.000899730080975707,9.99700089973008e-05,9.99700089973008e-05,0,0,0,0,0,0,0,0,0,0.00919724082775168,0,0.00479856043187044,0,0.00169949015295411,0,0.00279916025192442,0,0,0.00109967009897031,0,0.00189943017094872,0.0168949315205438,0,0,0,0,0,0.00249925022493252,0,0,0.00239928021593522,0,0,0,0,0,0,0.00159952014395681,0.000199940017994602,0,0,0,0,0,9.99700089973008e-05,0,0.00239928021593522,0.00119964010796761,0,0,0,0,0,0.000599820053983805,0,0,0,0,0,0.0236928921323603,0.00299910026991902,0,0,0.0212936119164251,0.0395881235629311,0,0,0.000699790062981106,0,0,0.430170948715385,0,0.000299910026991902,0.0236928921323603,0,0,0,0,9.99700089973008e-05,0.00249925022493252,0,0,0,0,0,0.00289913026092172,0,0.000499850044986504,0,0,0.00579826052184345,0.00399880035989203
0,0,0,0,0,0,0,0,0,0,0,0,0,0.0243853687787328,0.108634819108535,0,0,0,0,0,9.9940035978413e-05,0.00139916050369778,0,0.000399760143913652,0,0.240455726564062,0,0,0.00369778133120128,0.000999400359784129,0.0153907655406756,0,0.00219868079152508,0.00509694183489906,0,0,0.000499700179892065,0.0022986208275035,9.9940035978413e-05,0,0,0,0,0.000799520287827304,0,0.0022986208275035,0,0,0,0,0,0,0,0,0,0,0,0,0,0.000399760143913652,0,0,0,0,0,0,0.00329802118728763,0,0.00109934039576254,0,0.000799520287827304,0,0,9.9940035978413e-05,9.9940035978413e-05,0,0,0,0,9.9940035978413e-05,0,0,0,0,0.00149910053967619,0,0,0,0,0.00379772136717969,9.9940035978413e-05,0,0.0232860283829702,0,0.00369778133120128,0,0,0,0.00349790125924445,0,0,0,0,0,0,0,9.9940035978413e-05,9.9940035978413e-05,0,0.000199880071956826,0,0,0,0.0176893863681791,0,0,0,0,0.00499700179892065,9.9940035978413e-05,0,0,0,0.00109934039576254,0.0624625224865081,0,0,0,0,0,0,0.00599640215870478,0,0,0,0,0.109534279432341,0.00289826104337398,0,0,0,0,0,0,0,0,0,0.000999400359784129,0,9.9940035978413e-05,0.000899460323805717,0.000199880071956826,0,0,0,0,0,0,0.000899460323805717,0,0,0,0.0141914851089346,9.9940035978413e-05,0,0,0,0,0,0,0,0,0,0,0.00139916050369778,9.9940035978413e-05,0,0,0.00109934039576254,0,0.00109934039576254,0,0,0.00109934039576254,0,0,0.0022986208275035,0,0,0,0,0.00649610233859684,0,0,0.0129922046771937,0,0.00479712172696382,0,0,0,0,0,0,0,0.0244853088147112,0,0,0,0,0.000399760143913652,0,0,0,0,9.9940035978413e-05,0,0.00299820107935239,9.9940035978413e-05,0,0,0.00239856086348191,0,9.9940035978413e-05,0,0,9.9940035978413e-05,0,0,0.00529682190685589,0.000799520287827304,0.00559664201479113,0,0,0.0913451928842694,0,0,0,0,0,0,0,9.9940035978413e-05,9.9940035978413e-05,0.00249850089946032,0,0.000399760143913652,0,0,0,0,9.9940035978413e-05,9.9940035978413e-05,0,0,0,0,0,0,0,0.000599640215870478,0,0,0.000399760143913652,0,9.9940035978413e-05,0,0,0.00479712172696382,9.9940035978413e-05,0.0456725964421347,0,0.00599640215870478,0.0604637217669398,0.000399760143913652,0.000199880071956826,0,0,0,0.000799520287827304,0.0190885468718769,0,0,0.0135918448930642,0,0,0,0,9.9940035978413e-05,9.9940035978413e-05,0,0,0,0,0,0,0,0.000599640215870478,0.00399760143913652,0,0.00149910053967619,0
0,0,0,0,0,0,0,0,0,0,0,0,0,0,0.0084,0,0,0,0,0,0,1e-04,0,2e-04,0,8e-04,0,0,6e-04,0.0114,0,0,0,3e-04,0,0,0.008,0,0,0,0,0,0,0,0,0.0625,0,0,0,0,0,0,0,0,0,0,0,0,0,0,0,0,0,0,0,0,0,0,0,0,0,0,0,0,0,0,0,0,0.0605,0,0,0,0,0,0,0,0,0,0,0,0,0,0.0011,0,0,0,0.008,0,0,0,0,0,0,0,0,0,0,0.6404,0,0,0,0,0,0,0,0,0,0,0.001,0,0,0,9e-04,0,0.0186,0,0,0,0,0,0,0.0085,0,0,0,0,4e-04,0,0,0,0.0053,0,0,0,0,0,0,0,0,0,0,0,0,0,0,0,0,0,0,3e-04,0,0,0,0,0,0,0,0,0,0,0,0,0,8e-04,0,0,0,7e-04,0,0,0,0,0,0,0,0,0,0,0,0,0,0.0817,0,0,0,0,0,0,0,0,0,0,0,0,0,0,0,0,2e-04,0,0.0164,0,0,0,3e-04,0,0,0,4e-04,0,0,0,0,0,0,0,0,0,0,0,0,0,0,2e-04,0,0,0,0,0,0,0,0.001,0,0,0,0,0,0,0,0,0,0,0,0,0,0,0,0,0,0.0092,0,0,0,0,0,0,0,0,0,0.0113,0,0,0.0196,0,0,0,0,0,0,0.0035,0,0,0.0155,0,0,0,4e-04,0,0,0,0,0,0,0.0012,0,0,2e-04,0,0,1e-04,0
0,0,0,0,0,0,9.99200639488409e-05,0,0,0,0,0,0,0,9.99200639488409e-05,0.000499600319744205,0.00519584332533973,0,0,0,0,0,0,9.99200639488409e-05,0,0.214128697042366,0,0,0.000299760191846523,9.99200639488409e-05,0,0,0,0.0196842525979217,0,0,0,0,0,0,0,0,0,0,0,0,0,0,0,0,0,0,0,0,0,0,0,0,0,0,0,0,0,0,0,0,0.00259792166266986,0,0,0.012589928057554,0,0,0,0,0,0,0,9.99200639488409e-05,0,0,0,0,0,0,0,9.99200639488409e-05,0.000799360511590727,0,0,0,0,0.000299760191846523,9.99200639488409e-05,0,0,9.99200639488409e-05,0,0,0,0,0,0.00329736211031175,0.00119904076738609,0,0,0,0,9.99200639488409e-05,0,0,0,0,0,0,0,0.000199840127897682,0,0,0,0,0,0,0,9.99200639488409e-05,0.00489608313349321,0,0,0,0,0,0,0,0,0,0,9.99200639488409e-05,0.00149880095923261,0,0,0,0.000999200639488409,0,0,9.99200639488409e-05,0,0.0267785771382894,0.000999200639488409,0,0.000299760191846523,0,0,0,0,0,0,0,9.99200639488409e-05,0.0165867306155076,0,0,0,0,0,0,0,0,0.00119904076738609,0,0,0,0.00299760191846523,0,0,0,0.000799360511590727,0,0,0,0,0,0.0311750599520384,0.00159872102318145,0.000599520383693046,0.00869304556354916,0,0,0,0,0,0,0,0,0,0.000499600319744205,0,9.99200639488409e-05,0.0190847322142286,0,0,0,0,0,0,9.99200639488409e-05,0,0.00789368505195843,9.99200639488409e-05,9.99200639488409e-05,0,9.99200639488409e-05,0,0,0,0,0,0,0,0,0.00139888089528377,0,9.99200639488409e-05,0.00269784172661871,0,0,0.00149880095923261,0,0,0.0171862509992006,0,0,0,0,0,0.231814548361311,0,0,0,0,0,0,0,0,0,0,0.000399680255795364,0.000299760191846523,0,0,0,0,0,0,0,0,0,0.000999200639488409,0.00149880095923261,0,0,0,0,0,0,0.000199840127897682,0,0,0.00159872102318145,0,0.00119904076738609,0.00479616306954436,0,0,0.0133892885691447,0,0.000399680255795364,0,0,0,0,0.283772981614708,0,9.99200639488409e-05,0.0201838529176659,0,0,0,0,0,0,0,0,0,0,0,0.0253796962430056,0,0.00189848121502798,0,0,0,0
0,0,0,9.98801438274071e-05,0,0,9.98801438274071e-05,0.000499400719137036,0,0,0,0,0,0.0164802237315222,0.0124850179784259,0,0,0,0,0,9.98801438274071e-05,0.000299640431482221,0,0,0,0.256292449061127,0,0,0.0223731522173392,0.00729125049940072,0.000599280862964443,0,0,0.0154814222932481,0,0,0.00449460647223332,0.00209748302037555,0,0,9.98801438274071e-05,0,0,0.00329604474630443,0,0.161106671993608,0,9.98801438274071e-05,0,0,9.98801438274071e-05,0,0,0,0.000399520575309628,0,0,0,0,0.000199760287654814,0,9.98801438274071e-05,0,0,0,0,0.00299640431482221,0,0,0,0.000998801438274071,0,0,9.98801438274071e-05,0,0,0,0,0,9.98801438274071e-05,0,0,0,9.98801438274071e-05,9.98801438274071e-05,0,0,9.98801438274071e-05,0,0.00399520575309628,0.000299640431482221,0,0,0,9.98801438274071e-05,9.98801438274071e-05,0,0,0,0,0,0.00129844186975629,0,0,0,0,0.000599280862964443,0.00119856172592889,0.0126847782660807,0,0,0,0,0,0,0.000299640431482221,0,0,0,0.000299640431482221,0,0.01078705553336,0,0,0.0635237714742309,0,0,0,9.98801438274071e-05,0.00179784258889333,0.000998801438274071,9.98801438274071e-05,0.00109868158210148,0,0,9.98801438274071e-05,0.0320615261685977,0,0,0,9.98801438274071e-05,0,0,0,0,0,9.98801438274071e-05,0.00119856172592889,0,0,9.98801438274071e-05,0.00199760287654814,0,0,0,0,0,0,0.00229724330803036,0.00209748302037555,0,0,0,0.00789053136236516,0,0,0.00149820215741111,0,0,0,0,0,0,0,0,0,0,0.00119856172592889,0.00669196963643628,0,0.00449460647223332,0,0,0.000399520575309628,9.98801438274071e-05,0,0,0,0,0.00219736316420296,0,0.0134838194167,0.000299640431482221,0,0,0,0.00109868158210148,0,0,0,0,0,0,9.98801438274071e-05,0.0202756691969636,0,0,0,0,0,9.98801438274071e-05,0,0.000299640431482221,9.98801438274071e-05,0.000199760287654814,0,0.00109868158210148,9.98801438274071e-05,0,0,0,0,0.00159808230123851,0,0.00299640431482221,0,0,0,0.00908909308829405,0,0.00569316819816221,0,0,0.0562325209748302,0,0,0,0,0.000499400719137036,0,0,0,0.00469436675988813,0,0,0,0,0,0,0,0.000399520575309628,9.98801438274071e-05,9.98801438274071e-05,0,0,0.0172792648821414,0.000199760287654814,0,9.98801438274071e-05,0.0027966440271674,0,0,0,9.98801438274071e-05,0,0,0,0.0114862165401518,0.00109868158210148,0.00379544546544147,9.98801438274071e-05,9.98801438274071e-05,0.0531362365161806,9.98801438274071e-05,0,0,0,0,0,0.083899320815022,0,0.00199760287654814,0.0177786656012785,0,0,0,0,0,9.98801438274071e-05,0.00219736316420296,0,0,0,0,0.00219736316420296,0,0,0.00239712345185777,0,0.00819017179384738,0
0.00229931020693792,0,0,0.00499850044986504,0,0,0.000299910026991902,0,0,0,0,0,0,0,0.121663500949715,0,0,0,0,0,0,0,0.00119964010796761,0,0.000599820053983805,0.134759572128361,0,0,0.00169949015295411,0.00359892032390283,0.000199940017994602,0.000799760071978406,0,0.00499850044986504,0,0,0.000599820053983805,0,0.00629811056682995,0,0,0,0,0,0,0,0,0,0.000299910026991902,0,0,0,0,0,0.000299910026991902,0,0,0.000399880035989203,0,9.99700089973008e-05,0,0,0,0,0,0,0.00349895031490553,0,0,0,0,0,0,0,0,0,0,0,0,0,0.000899730080975707,9.99700089973008e-05,0,0,0,0.00189943017094872,0,0,0.000199940017994602,0,0.00289913026092172,0,0.0169949015295411,0,0,0.00809757072878137,0,9.99700089973008e-05,0,0,0,0.0209937018894332,0,0,0,0,0.000199940017994602,0.000199940017994602,0.00269919024292712,0.00329901029691093,0,0,0.00169949015295411,0,0,0.00519844046785964,0,0,0,0.000599820053983805,0.000199940017994602,0,0.00239928021593522,9.99700089973008e-05,0.0165950214935519,0,0,0,0,0,0,0,0,0,0,0,0.0958712386284115,0.00229931020693792,0,0,0.0311906428071579,0,0,0,0,0,0,0,0,0,0,0,0,0,0,0,0,0,0,0,0,0,0,9.99700089973008e-05,0,0,0,0,0,0,0,0.0127961611516545,0,0,0,0,0,0,0.000499850044986504,0,0.00299910026991902,0,0,0.0128961311606518,0,0,0,0,0,0,0,0.00319904028791363,0.000199940017994602,0,0.00109967009897031,0.00149955013495951,0.015295411376587,0,0,0,0,0,0,0,0.0971708487453764,0,0,0,0,0,0,0,0,0,0,0,0.00619814055783265,0,0.0160951714485654,0,0,0,0,0,0.00409877036888933,9.99700089973008e-05,0,0,0,0,0,0,0,0.095371388583425,0,0,0,0,0,0,0,0,0,0.0239928021593522,0,0,0,0.000399880035989203,0,0,0.0151954413675897,0,0,0,0,0,0,0,0,0,0,0,0,0,0,0,0,0,0,0.0203938818354494,0,0,0.0957712686194142,0,0,0,0.00559832050384884,0,0.000299910026991902,0.0493851844446666,0,0,0.00179946016195141,0,0,0,0,0,0,0,0,0,0,0,0.000799760071978406,0,0,0,9.99700089973008e-05,0.013296011196641,0
0,0,0,0.006000600060006,0,0,0.0074007400740074,0.0018001800180018,0,0.0007000700070007,0,0,0.0001000100010001,0,0.0018001800180018,0.0001000100010001,0.0005000500050005,0,0,0.0026002600260026,0.0012001200120012,0.0034003400340034,0,0.0007000700070007,0.0008000800080008,0.0884088408840884,0,0,0.0045004500450045,0,0,0,0,0,0,0,0.0001000100010001,0,0,0,0,0,0.0155015501550155,0,0,0.0688068806880688,0,0,0.0001000100010001,0.0005000500050005,0,0,0,0,0,0,0,0.0012001200120012,0,0.0022002200220022,0,0.0034003400340034,0,0.0001000100010001,0,0,0.0161016101610161,0.0001000100010001,0,0,0.0051005100510051,0,0.0002000200020002,0,0,0.0002000200020002,0,0,0,0.0011001100110011,0,0,0.0003000300030003,0,0,0.0003000300030003,0,0,0.0002000200020002,0,0.0831083108310831,0.0004000400040004,0,0,0,0.0001000100010001,0,0.0001000100010001,0,0.0001000100010001,0,0,0.0049004900490049,0,0.0003000300030003,0.0012001200120012,0,0.0001000100010001,0.0306030603060306,0.0034003400340034,0,0,0.001000100010001,0.0017001700170017,0,0.0117011701170117,0,0,0,0,0,0,0,0,0,0,0.0099009900990099,0,0,0.0135013501350135,0.0035003500350035,0.0072007200720072,0,0.0001000100010001,0,0,0.0084008400840084,0.0027002700270027,0,0.0004000400040004,0.003000300030003,0,0,0,0,0,0.0014001400140014,0.0114011401140114,0,0,0,0,0,0,0,0,0,0,0,0.0187018701870187,0,0.0039003900390039,0.0194019401940194,0.047004700470047,0,0,0.0016001600160016,0,0,0,0.0004000400040004,0.0016001600160016,0.0001000100010001,0,0,0,0,0.0159015901590159,0,0,0.0475047504750475,0.0008000800080008,0,0.0155015501550155,0.0022002200220022,0,0,0,0,0.0018001800180018,0,0,0.0002000200020002,0.0001000100010001,0,0,0.0341034103410341,0,0,0,0,0,0,0.0058005800580058,0,0.0003000300030003,0.0001000100010001,0,0.0001000100010001,0.0019001900190019,0,0,0,0,0.0004000400040004,0,0,0.0143014301430143,0.0087008700870087,0,0,0.0018001800180018,0.0002000200020002,0,0.0061006100610061,0,0,0,0,0.002000200020002,0.0049004900490049,0,0,0.0049004900490049,0.0001000100010001,0,0,0,0,0,0,0,0,0,0.0016001600160016,0,0,0,0,0,0.0028002800280028,0.0006000600060006,0,0,0.0004000400040004,0.0003000300030003,0.0027002700270027,0,0,0,0,0,0,0.0007000700070007,0.0079007900790079,0,0,0,0,0.0001000100010001,0,0,0.0157015701570157,0,0.0058005800580058,0,0,0,0.0002000200020002,0.207020702070207,0,0.0141014101410141,0.0162016201620162,0,0,0,0,0,0.0127012701270127,0,0,0,0,0,0.0008000800080008,0,0.0001000100010001,0,0,0.0121012101210121,0
0,0,0.000399760143913652,0.00359784129522287,0.000599640215870478,0,0.000699580251848891,9.9940035978413e-05,0,0.0022986208275035,0,9.9940035978413e-05,0,0,0.00319808115130921,0,0.00419748151109334,0,0,0.0022986208275035,0,0.00779532280631621,0,0,9.9940035978413e-05,0.26324205476714,0,0.000199880071956826,0.0099940035978413,0,0.00419748151109334,0,0,0.00339796122326604,0.000499700179892065,0,0,0.00299820107935239,0.000599640215870478,0,0.00119928043174096,9.9940035978413e-05,0,0,9.9940035978413e-05,0.0471716969818109,0,0.000199880071956826,0,0.00219868079152508,0.000199880071956826,0,0,0,0.000199880071956826,0,0,0,0.000399760143913652,0.0139916050369778,0.000599640215870478,0,0,0,0,0,0.0165900459724166,0,0,0,0,0,0,0,9.9940035978413e-05,0.0392764341395163,0,0,0,0.0128922646412153,0.000499700179892065,0,0.0161902858285029,0,0,0,0.0102938237057765,0,0,0,9.9940035978413e-05,0,0,0,0.00299820107935239,9.9940035978413e-05,0,9.9940035978413e-05,0.000199880071956826,0,0.000399760143913652,0,0,0,0,0.000899460323805717,0,0.118229062562463,0.0178892664401359,0.00569658205076954,0.00139916050369778,0,0,0.000199880071956826,0,0.0352788327003798,0,0,0,0,0,0.000899460323805717,0,9.9940035978413e-05,0.000799520287827304,9.9940035978413e-05,0,0.00909454327403558,0.000499700179892065,0,0.000699580251848891,0.00149910053967619,9.9940035978413e-05,0,0,0,0.00629622226664002,0.00169898061163302,0,0,0,0,0,0,0.00299820107935239,0,0,0,0,0,0,0.00219868079152508,0,0,0,0,0,0,9.9940035978413e-05,0.000999400359784129,0,0,0,9.9940035978413e-05,0,0,0.00119928043174096,0,0,0.000199880071956826,0.00169898061163302,0,0,0,0,0,0,0,0.0368778732760344,0.00299820107935239,0.00379772136717969,0,0,0,0.00279832100739556,0,0,0.000199880071956826,0,0.000399760143913652,0,0.00169898061163302,0.000699580251848891,0,0.00169898061163302,0,0,0,0,0.0463721766939836,0,0,0,0.00729562262642415,0,0.0167899260443734,0.00339796122326604,0,0,0,0.000199880071956826,0,9.9940035978413e-05,0.000199880071956826,0,0,0.00909454327403558,0.00159904057565461,0,0,0,0,0.000599640215870478,0,0,0,0.0022986208275035,0,0,0.00119928043174096,0.00889466320207875,0,0,0.0394763142114731,0,0,0.000599640215870478,0,0,0.000999400359784129,9.9940035978413e-05,0,0,0,0.000499700179892065,0,0,0,0,0,0,0.000299820107935239,0,0,0,0,0,0,0.000599640215870478,0,0,0,0,0.00279832100739556,0,0,0,0.00189886068358985,0,0.00169898061163302,0.00369778133120128,0.00159904057565461,0.0256845892464521,0,9.9940035978413e-05,0,0,0,0,0.0627623425944433,9.9940035978413e-05,0,0.00709574255446732,0,0,0,0,0,0.00299820107935239,0.000499700179892065,0,0,0,0,0,0,0.00189886068358985,0,0,0.00789526284229462,0
2e-04,0,0,0,0,0,0,0,0,0,0,0,0,0,0,0,0,0,0,0,0,0.0114,0,0,0,4e-04,0,0,0,0,0.135,0,4e-04,0,0,0,0,0.0256,0,0,2e-04,0,0,0,0,0,0,0,0,0,0,0,0,0,0.0269,0,0,0,0,0.0924,0,0,0,0,0,0,0,0,0,0,0.0178,0,0,0,0,0,0,0,0,0.0413,0,0,0,0,0,0,0,0,0,0.0261,0,0,0.0018,0,0,0,0,0,0,0,0,9e-04,0,0,0,0,0,0,0,0,0,0,0,0,0,0,0,0,0.0851,1e-04,0,0,0,3e-04,0,0,0,0,0,0,0,0,0,0,0,0,0.001,0,0,0,0,0,0,0,0,0,0.0079,0,0,0,0.0032,0,0,0,0,0,0,0,0,0,0,0,0,0,0,0,0,0,0,0,0,0,0,0,0,0,0,0,0,0,0,0,0,0,0,0,0,0,0,0,0,0.0179,0,0,0,0,0,0,0,0,0,0,0,0.0511,0,0.0221,0.0021,0,0,0,0,0,0,0,0,0,0.0174,0,0,0,0,0,0,0,0,0,0,0,0.0158,0,0,0,0,0,0,0,0,1e-04,0,0.0342,0,0,0,0,0,0,0,0,0,0,0,0,0,0,0,0,0,0,0,7e-04,0,0,0,0.0013,0,0,0,0,0,0.0075,0,0,0.0535,0,1e-04,0,0,0,0,0.2502,0,0,0,0,0,0,0,0,0,0.0034,0,0,0,0,0.0139,0,0.0147,0,0,0.016,0
9.99800039992002e-05,0.0001999600079984,0,0,0.0011997600479904,0,0.000999800039992002,0.00909818036392721,0,0,0,0,0,0.0485902819436113,0.00249950009998,0,0,0,0,0.0001999600079984,0.0133973205358928,0.000899820035992801,0.001499700059988,9.99800039992002e-05,0,9.99800039992002e-05,0,0,0,0,0.00799840031993601,0,0,0.0031993601279744,0.000499900019996001,0,0.0028994201159768,0,0.0013997200559888,0,9.99800039992002e-05,0,0,0.00829834033193361,0,0,0,9.99800039992002e-05,0.0001999600079984,0.000499900019996001,0,0,0,0.000599880023995201,0,0,0,0.00869826034793041,0,0.0010997800439912,0.000799840031993601,0.0020995800839832,0.0001999600079984,0,0,0,0.000899820035992801,0,0,0,0.0012997400519896,0,0,0.0141971605678864,0,0,0,0,0,0.0013997200559888,0,0,9.99800039992002e-05,0,0,0,0.0002999400119976,0,0.0018996200759848,0.000699860027994401,0,0.0002999400119976,0.0002999400119976,0,0,0.001499700059988,0,0,0.0001999600079984,0.000599880023995201,0,0,0,0,0,0,0.01499700059988,0.0206958608278344,0.0163967206558688,0.010497900419916,0.00329934013197361,0,0,9.99800039992002e-05,0,0.0121975604879024,0,0,0,0,0,0,0,0,0.000899820035992801,0,0.00339932013597281,0,0.0001999600079984,0,0.00819836032793441,0.016996600679864,9.99800039992002e-05,9.99800039992002e-05,0,0,0.0332933413317337,0.00369926014797041,0,0,0.0010997800439912,0,0,0,0,0,0,0,0,9.99800039992002e-05,0.000399920015996801,0.00499900019996001,0,0,0,0,0,0,0,0.000899820035992801,0,0,0,0,0.0001999600079984,0,0.00739852029594081,0.0148970205958808,0,0,0,0,0,0,0,0,0.000499900019996001,0.00849830033993201,0.000699860027994401,0,0.0745850829834033,0.000799840031993601,0,0.00549890021995601,0,9.99800039992002e-05,0,0,0,0,0.000499900019996001,0,9.99800039992002e-05,0,0.00609878024395121,0.0002999400119976,0,0,0,0,0,0.000699860027994401,9.99800039992002e-05,9.99800039992002e-05,0,0,0,0,0,0.000599880023995201,0,0,0,0,0,0,0.000699860027994401,0.0001999600079984,0.0112977404519096,0,0,0.00549890021995601,0.0012997400519896,0,0.0021995600879824,0,0,0.0467906418716257,0.000799840031993601,0.00369926014797041,0.00689862027594481,0,0,9.99800039992002e-05,0,0,0,0,0,0,0,0,0,0,0,0,0,0.000399920015996801,0,0,0,0.000399920015996801,0.0018996200759848,0,0.0010997800439912,0,0,0,0,0.000499900019996001,0.0020995800839832,0,0,9.99800039992002e-05,0,0,0,0,0,0.0862827434513097,0,0,0.0138972205558888,0.204759048190362,9.99800039992002e-05,0,0,0,0.0001999600079984,0.180763847230554,0,0,0.000399920015996801,0,0,0,0,9.99800039992002e-05,0.0108978204359128,0,0,0,0,0,0.000799840031993601,0,0.0002999400119976,0,0,0,0
0,0,0,0.000299730242781497,0.00089919072834449,0,0.00119892097112599,0.00139874113298032,0,0.00129883105205315,0,0,0,0.0357678089719253,9.99100809271655e-05,0,0.00219802178039764,0,0,0,0,0.00529523428913977,0,0,0,9.99100809271655e-05,0,0,0.000199820161854331,9.99100809271655e-05,0.0131881306823859,0.0273753621740434,0,0,0,0,0.000199820161854331,0.00889199720251773,0.000299730242781497,0,9.99100809271655e-05,0,0,0.00679388550304726,0,0.0103906484164252,0,0.000399640323708662,0,0,9.99100809271655e-05,0,0,0,0.00249775202317914,0,0,0,0,0.0365670896193426,0,0.0107902887401339,0,9.99100809271655e-05,0,0,0.00119892097112599,0,0,0,0.00179838145668898,0,0.000999100809271655,0,0,0.0092916375262264,0.000499550404635828,0,0,0.0490558497352383,0.000399640323708662,0.000799280647417324,0.00169847137576181,0,0.0634429013887501,9.99100809271655e-05,0,0,0,0.00279748226596064,0.0092916375262264,0.00129883105205315,9.99100809271655e-05,0.00599460485562993,0,0,0,0,0,0,0,0,9.99100809271655e-05,9.99100809271655e-05,0,0,0,0.00119892097112599,0.00109901089019882,0,0,0.000599460485562993,0,0.000199820161854331,0,0.011489659306624,9.99100809271655e-05,0,0.00729343590768308,0,0,0,0,0,0.000399640323708662,0,0,0,0,0.00649415526026576,0.00159856129483465,0,0.00559496453192127,0,0,9.99100809271655e-05,0.00129883105205315,0.00689379558397442,0,0,9.99100809271655e-05,0,0,0,0,0,0,0.0057947846937756,0,0,0.000399640323708662,0.000599460485562993,0,0,9.99100809271655e-05,0,0,0,0,0.00439604356079528,0,0.00299730242781497,0.0225796782895394,0.0222799480467579,0,0,0.00249775202317914,0,0,9.99100809271655e-05,0.000699370566490159,0.00109901089019882,0,0,0,0,0,0.015685882705565,0.0282745529023878,0,0.0403636726945749,0.00209811169947048,0,0.00189829153761615,0.000799280647417324,0,0,0,0.000399640323708662,0.0025976621041063,0,0.00209811169947048,0,0,0.0028973923468878,0,0.00139874113298032,9.99100809271655e-05,0,0,0,0,0,9.99100809271655e-05,0,0.000299730242781497,0.000199820161854331,0,0,0,0,0,0,0,0.00349685283245079,0,0.00919172744529923,0.0025976621041063,0,0,0.000799280647417324,0.00469577380357678,0.00129883105205315,0.0057947846937756,0.00889199720251773,0.00149865121390748,0.00539514437006694,0,0.00309721250874213,0.00589469477470277,0,0,0.000299730242781497,0.00349685283245079,0,9.99100809271655e-05,0.000499550404635828,0,0,9.99100809271655e-05,0,0,0.0177839944050355,0.0171845339194725,0.000699370566490159,0,0,0,0,0,0,0,0.00349685283245079,0,0.00129883105205315,9.99100809271655e-05,0.000199820161854331,0,0.000999100809271655,0.00639424517933859,0,0,0.000299730242781497,9.99100809271655e-05,0.00739334598861025,0,9.99100809271655e-05,0.00309721250874213,0.00519532420821261,0.0339694275152363,0.00109901089019882,0.000599460485562993,0.0100909181736437,0,0,0,0,0.000199820161854331,0.000399640323708662,0.251273853531821,0,0.0119892097112599,0.0149865121390748,0,0,9.99100809271655e-05,0,0,0.0199820161854331,0.000599460485562993,0,0,0,0,0.00309721250874213,0,0,0,0,0.00739334598861025,0
0,0,0,0.000500150045013504,0,0,0.00290087026107832,0,0.148744623387016,0,0,0,0.00100030009002701,0,0.00200060018005402,0,0,0,0,0,0,0,0,0,0,0.0136040812243673,0,0,0,0.00190057017105132,0.0199059717915375,0,0,0.0240072021606482,0,0,0,0,0,0,0,0,0,0,0,0,0,0,0,0,0,0,0,0,0,0,0,0.000600180054016205,0,0,0,0,0,0,0,0,0,0,0,0.00190057017105132,0.00530159047714314,0,0.000200060018005402,0,0,0,0,0,0,0,0,0,0,0,0,0.000900270081024307,0,0,0,0.0257077123136941,0,0,0,0,0,0,0,0,0.00370111033309993,0,0,0.00210063018905672,0,0,0,0,0,0.0106031809542863,0,0,0,0,0.000300090027008102,0,0,0,0,0,0.00280084025207562,0,0,0,0,0,0,0,0,0,0,0,0,0.0291087326197859,0,0,0,0,0.00140042012603781,0,0,0,0.000400120036010803,0,0,0,0,0,0.000300090027008102,0,0,0,0.00170051015304591,0,0,0.000100030009002701,0,0,0,0,0,0,0,0,0,0,0,0,0,0,0,0,0.000200060018005402,0,0,0,0,0,0,0.0573171951585476,0,0,0,0,0,0,0,0,0,0,0,0,0,0.0124037211163349,0,0.00260078023407022,0,0,0,0,0,0,0,0,0,0,0,0.00100030009002701,0.000200060018005402,0,0.000100030009002701,0,0,0,0,0,0,0,0,0,0.0469140742222667,0,0,0,0,0,0,0,0,0,0,0,0,0,0,0.0278083425027508,0,0,0,0,0,0.00350105031509453,0,0,0,0,0,0.000600180054016205,0,0,0,0,0,0,0,0,0.0166049814944483,0,0.00120036010803241,0,0,0,0,0,0,0,0,0.000100030009002701,0,0,0,0.00130039011703511,0,0,0.0502150645193558,0,0,0,0,0.000400120036010803,0,0.420926277883365,0,0,0.03110933279984,0,0,0.00230069020706212,0,0,0,0,0,0,0,0,0.00740222066619986,0,0.000300090027008102,0,0,0.0138041412423727,0
0,0,0,0,0,9.98801438274071e-05,0,0.00169796244506592,0,0,0,0,9.98801438274071e-05,0.022073511785857,0.000998801438274071,0.000599280862964443,0,0,0,0,0.00499400719137036,0.00119856172592889,0,0.000499400719137036,0,0.033859368757491,9.98801438274071e-05,0.000199760287654814,0.00409508589692369,9.98801438274071e-05,0,0,0,0.00109868158210148,0,0,9.98801438274071e-05,0.00569316819816221,0,0,0,0.000199760287654814,0,0.00609268877347183,0,0.00888933280063923,0,0.000299640431482221,0,0,0,0,0,0,0,0,0,0,0,0,0,0,0,0,0,0.000499400719137036,0.000499400719137036,0,0.00299640431482221,0,0.00159808230123851,9.98801438274071e-05,0,0.0366560127846584,0,0,0,0,0,0.00359568517778666,0,0.000799041150619257,0.000199760287654814,0,0.0674190970834998,9.98801438274071e-05,0,0,0,0.00759089093088294,0.269176987614862,0.00069916100679185,9.98801438274071e-05,0.00339592489013184,0,0,0,0,0.00649220934878146,0,0,0,0,0,0,9.98801438274071e-05,0.0216739912105473,0.00399520575309628,0,0,0,0,0,0.00369556532161406,0,0,0,0,0.00379544546544147,0,0,0,0,0,0.00129844186975629,0,0,0,0,0,0.00479424690371554,0.137634838194167,0,0,0,0,0.0189772273272074,0,0,0,0,0,0,0,0,0,0.000299640431482221,0.000599280862964443,0,0,0.0013983220135837,0,0.000199760287654814,0.000599280862964443,9.98801438274071e-05,0,0,0,0,0,9.98801438274071e-05,0,0,0,0,0,0,0,0,0.000299640431482221,9.98801438274071e-05,0,9.98801438274071e-05,0,0.000998801438274071,0,0,0,0,0,0,0,0,0,9.98801438274071e-05,0,0,0,0,0,9.98801438274071e-05,0.00529364762285258,0.000299640431482221,0,0,0,0,9.98801438274071e-05,0,0,0,0,0,0.00539352776667998,0,0,0,0,0,0,0,0,0,0,0.000599280862964443,0,9.98801438274071e-05,0.000299640431482221,0,0,0,0,0.0103875349580503,0,0,0,0,0,0,0,0.00769077107471035,0,0,0,0,0,0.000599280862964443,0,0,9.98801438274071e-05,0,0,0.0373551737914503,0,9.98801438274071e-05,0,0,0,0,0.00249700359568518,0,0.000499400719137036,0.000199760287654814,9.98801438274071e-05,0.000998801438274071,9.98801438274071e-05,0.000499400719137036,0,0.000299640431482221,0.00339592489013184,0,0,0,0,9.98801438274071e-05,0,0,0,0,0,0,0,0,9.98801438274071e-05,0,0,0,0.000199760287654814,0,0.211945665201758,0,0,0.000998801438274071,0,0,9.98801438274071e-05,0,0,0.00819017179384738,0.00239712345185777,0,0,0,0,0.00229724330803036,0.000299640431482221,0.000599280862964443,0,0,0,0
0,0,0,0,0,0,0,0,0,0,0,0,0,0,0,0,0,0,0,0,0,0,0,0.0013001300130013,0,0.0667066706670667,0,0,0.0125012501250125,0.0039003900390039,0.041004100410041,0,0,0,0,0,0.0145014501450145,0,0,0.001000100010001,0,0,0,0,0,0,0,0,0,0.0003000300030003,0,0,0,0,0,0,0,0,0,0.0006000600060006,0,0,0,0,0,0,0,0,0,0,0,0,0.0034003400340034,0,0,0.0021002100210021,0,0,0,0,0,0,0,0,0,0,0,0.0001000100010001,0,0,0,0,0.0637063706370637,0.004000400040004,0,0,0,0,0,0,0,0.007000700070007,0,0,0,0,0,0.104610461046105,0,0.0005000500050005,0,0,0,0,0,0,0,0.0006000600060006,0,0,0,0,0.0064006400640064,0,0.05000500050005,0,0,0,0,0,0.0025002500250025,0.018001800180018,0,0,0,0,0,0,0,0,0.0005000500050005,0,0,0,0,0,0,0,0,0,0,0,0,0,0,0,0,0,0,0,0,0,0,0,0,0,0,0,0,0,0.0013001300130013,0.0045004500450045,0.0223022302230223,0,0,0,0,0,0,0,0,0,0,0,0,0,0,0,0,0.0001000100010001,0,0.0099009900990099,0.0006000600060006,0,0,0,0,0,0.0003000300030003,0,0,0,0,0,0,0,0.0002000200020002,0,0.0002000200020002,0.0087008700870087,0,0,0,0.0005000500050005,0,0,0,0,0.0001000100010001,0,0,0,0,0,0,0,0,0,0,0,0,0,0,0.20962096209621,0,0,0,0.0051005100510051,0,0,0,0,0,0,0,0,0,0,0,0,0,0,0,0,0,0,0,0.0009000900090009,0,0,0,0,0,0,0.0116011601160116,0,0,0,0.0007000700070007,0.0002000200020002,0,0.0123012301230123,0,0,0,0,0,0,0,0.247724772477248,0,0,0.0115011501150115,0,0,0,0,0,0,0.0012001200120012,0,0,0,0,0.0446044604460446,0,0.0006000600060006,0,0,0,0
0,9.98502246630055e-05,0,0,0,0,0.000798801797304044,0,0,0,0,0,0,0,0.00279580629056415,0,9.98502246630055e-05,0,0,9.98502246630055e-05,0,0.00249625561657514,0,0.000199700449326011,0,0.21527708437344,0,0,0.000499251123315027,0.00139790314528208,0.0160758861707439,0,0,0.00259610584123814,0,0,0.000698951572641038,0.000898652021967049,0.000599101347978033,0,0,0,0,0,0,0.00119820269595607,0,9.98502246630055e-05,0,0,0,0,0,0,9.98502246630055e-05,0,0,0,0,0.000499251123315027,0,0,0,0,0,0,0.00329505741387918,0,0,0,0.000199700449326011,0,0,0,0,0,0,0,0,0.000698951572641038,0,0,9.98502246630055e-05,0,0,9.98502246630055e-05,0,0,0,0.00119820269595607,0.0506240639041438,9.98502246630055e-05,0.000299550673989016,0,0,0.00169745381927109,0,0,0.000299550673989016,0,0,0,0,0,9.98502246630055e-05,0,0,0.00299550673989016,0,0,0,0,0,9.98502246630055e-05,0,0,9.98502246630055e-05,0,0.000599101347978033,0,0,0,0,9.98502246630055e-05,0.00499251123315027,0,0,0,9.98502246630055e-05,0,0.000898652021967049,0.000299550673989016,0,0,0,0,0.000499251123315027,0,0,0,9.98502246630055e-05,0,0,0,0,0,9.98502246630055e-05,0,0,0,0.000199700449326011,0.000199700449326011,0,0,0,0,0,0,0,0.00668996505242137,0,0,0,9.98502246630055e-05,0,0,9.98502246630055e-05,0,0,0,0.000299550673989016,0,0,0,0,0,0,0.000698951572641038,0.0222666000998502,0,0,0,0,0,0.000199700449326011,0,0,0,0,9.98502246630055e-05,0,9.98502246630055e-05,0,0,0,0,0,0,0,0,0,0,0,9.98502246630055e-05,0,9.98502246630055e-05,0,0,9.98502246630055e-05,0.000299550673989016,0,0,0,0.000299550673989016,0.000998502246630055,0,9.98502246630055e-05,0,9.98502246630055e-05,0,0,9.98502246630055e-05,0,0,0,0,0,0,0.000299550673989016,0,0.00269595606590115,0,0,0.0596105841238143,0,0,9.98502246630055e-05,0,0,0,0,0,0.0270594108836745,0,0,9.98502246630055e-05,0,0,0,0,0,0.000299550673989016,0.000199700449326011,0,9.98502246630055e-05,0,9.98502246630055e-05,0,0.000399400898652022,0,0,0,0,9.98502246630055e-05,0.000299550673989016,0,0,0,0,0.538691962056915,0,0.000599101347978033,0.0017973040439341,0,0,0,0,0,0.00129805292061907,0.000199700449326011,0,0,0.00768846729905142,0,0,0,0,0,0,0.00109835247129306,0,0,0,0,9.98502246630055e-05,0,9.98502246630055e-05,0,0,0.00778831752371443,0
0,0,0,0.0015,0.0015,0,0,0,0,8e-04,0,0,0,0,0.0034,0,0,0,0,0.0019,0,0.0067,0,6e-04,0,0.0826,0,0,0.0152,0.0019,0,0,0,0.0197,0,0,3e-04,0.0448,0,0,0,0,0,0,0,0.0446,0,0,0.001,0,0.001,0,0,0,0,0,0,0.0018,0,0,0.0018,0,0,0,0,0,0,0,2e-04,0,0.0053,0,0,0,0,0,0,0,0,0.0025,0.0023,0,0.0269,0,0,0,0.0295,0,0,0,0,3e-04,4e-04,0,0,0,0.0128,0,0,0,0,2e-04,0,0,0,0,0,0.0263,0,0.0163,0,0,8e-04,0,0,0.0074,0,0,0,0,0,0,0,0,0.0091,0,0,0,0,0,0.0013,0,0,0,0,2e-04,0.1852,0.0082,0,0,8e-04,0,0,0.0023,0,0,0,0.0219,0,0,0,0.0041,2e-04,0,0,0,0.0025,0,0,8e-04,0.0033,0,0,0,0,0,0,0,0,0,0,0,0,0,0,0,0,0,0,0,0.0639,0.0014,0,8e-04,0,0,0,0,0,0,0,0.0299,0,1e-04,0,0,0,0,0,0,0,0,0,0.0062,0,0,0,0,2e-04,0,0,0,0,0,0.0023,0,0.0036,0,0.0173,0,8e-04,0,0,0,0.0046,0,0,0,0.0036,0,0,0,0,0.0293,0,0,0,0,0,3e-04,0,0,0,0,0.0025,0,0,0,0,0,0,0,0,0,0.0049,0.001,0,0,0,5e-04,0,0,0,0,0,0,0,0,0,2e-04,0,0,0.0089,0,0,0,0,0,0,0.1189,0,0,0.0674,0,0,0,0,0,0,0,0,0,0,0,0,0,9e-04,0,0,0.0283,0
0,0,0,0.0061962822306616,0,0,0,0,0,0,0,0,0,0,0.0160903457925245,0,0.00189886068358985,0,0,0,0,0,0,0.000499700179892065,0,0.280931441135319,0,0,0.00749550269838097,0.000299820107935239,0,0,0,0.00349790125924445,0,0,0.00119928043174096,0,0,0,0,0,0,0,0,0.0846492104737158,0,0,0,0.000599640215870478,0,0,0,0,0,0,0.000399760143913652,0.00129922046771937,0,0,0,0,0,0,0,0,0.000799520287827304,0,0,0,0,0,0,0,0,0,0,0,0,0.00429742154707176,0,0,0.0112932240655607,0,0,9.9940035978413e-05,0,0,0.000199880071956826,0.000599640215870478,0,0.000299820107935239,0.000399760143913652,0,0,0,0.00139916050369778,9.9940035978413e-05,0,0,0,0.01888866679992,0,0,0,0,0,0.0520687587447531,0,0,0,0,0.000299820107935239,0,0,0.00739556266240256,0,0,0.00159904057565461,0,0,0,0.00339796122326604,0,0.0145912452528483,0,0,0,0,0,0,0.00329802118728763,0,0.000299820107935239,0,0,0.000199880071956826,0.00279832100739556,0,0,0.00179892064761143,0,0,0,0,0,0,0,0,9.9940035978413e-05,0.000499700179892065,0,0.000299820107935239,0,0,0,0,0,0,0.000299820107935239,0,0,0,0,0,0,0,0,0,0,0,0,0.282430541674995,0,0,0,0,0,0.00109934039576254,0,0,0,0,0,0,0,0,0,0,0,0,0.00159904057565461,0,0,0,0,0,0,0,0,0,0,0,0,0,0.000499700179892065,0,0,0.000499700179892065,0.00219868079152508,0,0,0,0,0,0,0,0,0.000199880071956826,0,0,0,0,0,0,0,0,0.000499700179892065,0,0,0.00129922046771937,0,0,0.000499700179892065,9.9940035978413e-05,0,0,0,0,0,0,0,0,0,0,0,0.00169898061163302,0,0,0,0,0,0,0,0,0,0.0022986208275035,0,0,0,0,0,0,0.000999400359784129,0,0,0,0,0,0.0022986208275035,0,0,0.037277633419948,0,0,0,9.9940035978413e-05,0,0,0.111732960223866,0,0,0.010893463921647,0,0,0,0,0,0,0,0,0,0,0,0,0,0.00909454327403558,0,0,0.000299820107935239,0
0,0,0,0,0,0,0,0,0,0,0,0,0,0,9.99800039992002e-05,0,0,0,0,0,0,9.99800039992002e-05,0,0.00639872025594881,0,0.0920815836832633,0,0,0.00369926014797041,0,0,0,0,0.00449910017996401,0,0,0,0,0,0,0,0,0,0,0,0.001999600079984,0,0,0,0,0,0,0.0001999600079984,0,0,0,0,0,0,0.0263947210557888,0,0,0,0,0,0,0.0173965206958608,0,0,0,0.0017996400719856,0,0,0,0,0,0,0,0,0.00649870025994801,0,0,0.0138972205558888,0,0.0027994401119776,0,0.0016996600679864,0,0,0,0,0,0.010497900419916,0,0,0,0,0,0.000599880023995201,0,0,0,0,0,0.000499900019996001,0,0,0.240851829634073,0.0023995200959808,0,0,0,0,0,0,0.00489902019596081,0,0,0,0,0,0,0,9.99800039992002e-05,9.99800039992002e-05,0.0476904619076185,0,0,9.99800039992002e-05,0,0,0.0138972205558888,0,0,0,0,0.00249950009998,0.00349930013997201,0,0,9.99800039992002e-05,0,0,0,0,0,0,0.00539892021595681,0,0,0,0.000399920015996801,0,0,0,0,0,0,0,0.0001999600079984,0,0,0,9.99800039992002e-05,0,0,0.001999600079984,0,0,0,0,0,0,0,0,0,0,0,0,0,0.010497900419916,0,0,0.000799840031993601,0,0,0,0,0,0,9.99800039992002e-05,0.001499700059988,0,0,0,0,0,0,0,0,0,0,0,9.99800039992002e-05,0,0.0018996200759848,0,0,0,0.000499900019996001,0,0,0,0.0002999400119976,0.0002999400119976,0,0,0.001499700059988,0.0146970605878824,0.0012997400519896,0,0,0,0.0127974405118976,0.0128974205158968,0,0,0,0.00389922015596881,0.000599880023995201,0.000399920015996801,0,0,0.0180963807238552,0,0,0,0,0,9.99800039992002e-05,0,0,0,0.0211957608478304,0.000399920015996801,0.00349930013997201,0,0,0,0,0.0012997400519896,0.0001999600079984,0,9.99800039992002e-05,0.000899820035992801,0,0.000399920015996801,0,0,0.000499900019996001,0,0,0,0,0,0,0,0,0,0.000399920015996801,0,0.000799840031993601,0.019496100779844,0,0,0,0,0.000899820035992801,0,0.329534093181364,0,0,0.0015996800639872,0,0,0,0,0,0.00469906018796241,9.99800039992002e-05,0,0,0,0,0,0,0.0010997800439912,0.00839832033593281,0,0.00679864027194561,0
0,0.0161,0,0,7e-04,1e-04,2e-04,0,0,0,0,0,0,0,0.0011,0,0,0,0,0,0.0075,0,1e-04,0,0,0,0,0,0.0061,8e-04,0,0,0,0,0,0,0,0,0,0,0,0,0,0,0.0012,0.0449,0,0,0,0,0,0,1e-04,0,0,0,0,0,0,0,1e-04,0,2e-04,0,0,0,0,0,0,0,0,0,1e-04,0,0,0,0,0,0,0,0,0,0.0731,0,0,0,0,0,1e-04,0,0,0.0028,0.2788,0,0,0.0013,0,0,0,0,0,0.0724,0,0,0,0,0,0,0,0,0,0,0,0,0,0,0,0,0.0035,0,0,0,0,0,0.0608,0,0,0,0,0,0,0,0,0.0025,0,0,0,0,0,0,0,0,0,0,0,0,0,0,0,0,0.0027,0.0124,0.0084,0,0,0,0,0,0,0,0.0044,0,0,0,0,0,0,0,0,0.0042,0,0,0.1585,0,0,0,0,0.0015,0,0,0,0,0.001,2e-04,1e-04,0,3e-04,0,0,0,0,0,1e-04,0,0,0,0,0,0,0,0,0,0,0,0,0,0,0,0,0.0017,0,0,0,0,0,0,0,0,0,0,0.0161,0,0,0,0,0,0,0.0458,0,0,0.0632,0,0,0.073,0,0,4e-04,0,0,0,0,0,0,0,0,0,0,0,0,0,0,0,0,0,0,0,0,0,0,0,0,0,0,0,0.0252,0,1e-04,0,0,7e-04,9e-04,0,0,0,0.001,0,0,0,0,0,0,0,0,0,0,0,3e-04,0,0,0,0,0,0,9e-04,0,0,9e-04,0,0,0.0014,0
0,0.000199880071956826,0,9.9940035978413e-05,0,0,0.00369778133120128,9.9940035978413e-05,0,0,0,0,0,0.0259844093543874,0.0122926244253448,0,0,9.9940035978413e-05,0,0,0,0.00129922046771937,0,0,0,0,0,0,0.0109934039576254,0,0,0,0,0.0084949030581651,0,0,0.00259844093543874,0.000499700179892065,0,9.9940035978413e-05,0,0,0,0.00209874075554667,0,0.00649610233859684,0,9.9940035978413e-05,0.00119928043174096,0,0,0,0,0,0,0,0.000799520287827304,0,0,9.9940035978413e-05,0,9.9940035978413e-05,0,9.9940035978413e-05,0,0,0,0,0,0,0,0,0,0.000299820107935239,0,0,0,0,0,9.9940035978413e-05,0.000199880071956826,0,0,0,0,0,0,0,0,0.012092744353388,0,0,0.0145912452528483,0,9.9940035978413e-05,0.000299820107935239,0,0,0.00509694183489906,0,0,0.000999400359784129,0,0,0,0,0,0.0584649210473716,0,0.00729562262642415,0,0,0,0,0,0,0,0.000599640215870478,0.00239856086348191,0.000799520287827304,0.000299820107935239,0,0,0,0.0443733759744154,0,0,0,0,0,0.00209874075554667,0,0,0,0,0,0.0109934039576254,0,0,0,0,0,0.000199880071956826,0,0,0,9.9940035978413e-05,0,0,0.000399760143913652,0.000299820107935239,0.000299820107935239,0,0,0,0,0,0,0,0,0,0,0,0,0,9.9940035978413e-05,0,0.000399760143913652,0,0,9.9940035978413e-05,0,0.00409754147511493,0,0,0,0,9.9940035978413e-05,0.000999400359784129,9.9940035978413e-05,0,0,0,0,0,0,0,0,0.00799520287827304,0,0,0,0.0353787727363582,0.000199880071956826,0.000399760143913652,0,0,0,0,0,0,0,0,9.9940035978413e-05,9.9940035978413e-05,0.00119928043174096,0,0,9.9940035978413e-05,0.00109934039576254,0,0,0,0,0.000199880071956826,0,0.00149910053967619,0,0,0.000199880071956826,9.9940035978413e-05,0,0.000799520287827304,0,0,0,0,0,0,0,0.00519688187087747,0,0,0.0915450729562263,0,0,0,0.000199880071956826,0,0,0,0,0,0,0,0,0,0,0,0,0.000299820107935239,9.9940035978413e-05,9.9940035978413e-05,0,0,0.000199880071956826,0,0,0,0.000299820107935239,0.000599640215870478,0.00369778133120128,0,0,0,0,0,0.00809514291425145,0,0.0875474715170897,0,0,0.0283829702178693,0,0.00109934039576254,0,0,0,0.00239856086348191,0.456026384169498,0,0,0.00199880071956826,0.00259844093543874,0,0,0,0,0,0.00299820107935239,0,0,0,0,0.00669598241055367,0,0.00129922046771937,0,0,0.00349790125924445,0
0,9.99500249875062e-05,0,0.00459770114942529,0,0,9.99500249875062e-05,0,0,0.000499750124937531,0,0,0,0,0,0,0.000199900049975012,0,0,0,0,0,0.00079960019990005,0.000299850074962519,0,0.301449275362319,0,0,0.000699650174912544,0.00209895052473763,0.0284857571214393,0,0,0.00899550224887556,0,0,0.000299850074962519,9.99500249875062e-05,0.00119940029985007,0.00119940029985007,0,0,0,0,0,0.00989505247376312,0,0,9.99500249875062e-05,0.000299850074962519,0.000199900049975012,9.99500249875062e-05,0,0,0.00269865067466267,0,0,0.000399800099950025,0,0.0219890054972514,9.99500249875062e-05,0.000299850074962519,0,0,0.00529735132433783,0,0.016391804097951,9.99500249875062e-05,0,0.0015992003998001,0,0,0,0,0,0.0166916541729135,0,0.000199900049975012,0,0.000999500249875062,0,0,0,0,0,0.000199900049975012,0,0,0.000299850074962519,0,9.99500249875062e-05,9.99500249875062e-05,0.00259870064967516,0,0,0.000499750124937531,0,0,0,0,0,0,0,0,0,0,0,0.00779610194902549,0.00119940029985007,0.000399800099950025,0.00469765117441279,0,0.00169915042478761,0,0,0.0172913543228386,0,0,0,0,0,0,0,0,0,0,0.00199900049975012,0,0,0,0,0,0,0.000299850074962519,0,0,0.032583708145927,0.00219890054972514,0,0,0.00149925037481259,0,0,0,0,0,9.99500249875062e-05,0,0,0.000599700149925037,0,0.000399800099950025,0.00239880059970015,0,0,0,0,0,0,0.00839580209895052,0,0,0,0,9.99500249875062e-05,0,0,0,0.000399800099950025,0,9.99500249875062e-05,0,0,0,0,0,0,0.00109945027486257,0.0152923538230885,0,0.00499750124937531,0.0031984007996002,0,0.00609695152423788,0,0,0,0,0,0.00439780109945028,0,0.00399800099950025,9.99500249875062e-05,0.000499750124937531,0,0.00189905047476262,0.0154922538730635,0.000299850074962519,0,0.000299850074962519,0,0,0.00609695152423788,0,0,0.000399800099950025,0.000299850074962519,0,0.000199900049975012,9.99500249875062e-05,0,0,0,0,0,0.000699650174912544,0.00249875062468766,0,0.00229885057471264,0,0,0.000399800099950025,0.000699650174912544,0,0.00119940029985007,0,0,0.0235882058970515,0,9.99500249875062e-05,0,0,0,0.00739630184907546,0,0,0,0,0,9.99500249875062e-05,0,0,0.00719640179910045,0,0.00129935032483758,0.00369815092453773,0,0,0,0,0,0,0,0,0.000299850074962519,0.000499750124937531,0.000499750124937531,0,0,0,0.000199900049975012,0,0,9.99500249875062e-05,0.0031984007996002,0,0,0,9.99500249875062e-05,0.000599700149925037,0.00109945027486257,0,0.0590704647676162,0,0,9.99500249875062e-05,0,0,9.99500249875062e-05,0.272663668165917,0,0,0.0225887056471764,0,0,0.000199900049975012,0,0,9.99500249875062e-05,0,0,0,0,0.00229885057471264,0.000899550224887556,0.000299850074962519,0.00129935032483758,0,0,0.00139930034982509,0
0,0,0,0,0,0,0,0,0,0,0,0,0,0,0.00269865067466267,0,0.000199900049975012,0,0,0,0,0,0,0,0,0,0,0,0,0.000299850074962519,0,0,0,0,0,0,0.00789605197401299,0,0,9.99500249875062e-05,0,0,0,0,0,0,0,0,0,0,0,0,0,0,0,0,0.000599700149925037,0,0,0,0,0,0,0,0,0,0,0.000399800099950025,0,0,0,0,0,0,0,0,0,0,0,0.0015992003998001,0,0,0.00239880059970015,0,0,9.99500249875062e-05,0,0,0,0,0,0,9.99500249875062e-05,0,0,0,9.99500249875062e-05,0,0,0,0,0.000399800099950025,0,0,0,0,0,0,0,0,0,0,0,0,0,9.99500249875062e-05,0,0,0,0.00109945027486257,0,0,0,0,0,0,0,0,0,0,0,0.172113943028486,0,0,0,0,0.000399800099950025,0,0,0,9.99500249875062e-05,0,0,0,0,0,0,0,0,0.000199900049975012,0,0,0,0,0,0,0,0,0,0,0,0,0,0,0.00899550224887556,0,0,0,0,0,0,0,0.00269865067466267,0,0,0,0,0,0,0,0,0,0,0,0.0015992003998001,0,0,0,0,0,0,0.023488255872064,0,0,0,0,0,0,0,0,0,0.000599700149925037,0,0,0,0.000299850074962519,0,0,0.000199900049975012,0,0,0,0,0,0,0,0,0,0.00249875062468766,0,0,0,0,0,0,0,0,0,0,0,0,0,0,0,9.99500249875062e-05,0,0,9.99500249875062e-05,0,0.000299850074962519,0,0,0,0,0.000399800099950025,0,9.99500249875062e-05,9.99500249875062e-05,0,0,0,0,0,0,0,9.99500249875062e-05,0,0,0,0,0,0,0,0,0,0,0,0,0,0.00079960019990005,0,0,0.0865567216391804,0,0,0,0,0,0,0.598100949525237,0,0,0,0,0,0,0,9.99500249875062e-05,0,0,0,0,0,0,0.064567716141929,0,0.000299850074962519,0,0,0.0170914542728636,0
0,0,0,0,0,0,9.99600159936026e-05,0,0,0,0,0,0.000199920031987205,0,0.00209916033586565,0,0,0,0,0,0,0,0,0,0,0.116853258696521,0,0.00039984006397441,0.00509796081567373,0,0,0,0,0.0078968412634946,0,0,0.000299880047980808,0.00449820071971212,0,0,0,0,0,0.0147940823670532,0,0.000699720111955218,0,0,0,0,0,0,0,0,0,0,0,0,0,0,0,0,0,0,0,0,0.0138944422231108,0,0,0,0,0,0,0,0,0.00189924030387845,0,0,0,0.00179928028788485,0,0,0.0509796081567373,0,0.00449820071971212,0.00039984006397441,0.0158936425429828,0.00239904038384646,0,0,0,0,0.000299880047980808,0,0,0.00259896041583367,0,0,0.00809676129548181,0,0,9.99600159936026e-05,0,0,0,0,0,0.071171531387445,0.014094362255098,0,0,0,0,0.0319872051179528,0,0,0,0,0.0275889644142343,0,0,0,0.00959616153538585,9.99600159936026e-05,0.00319872051179528,0,0,0,0,0,0.00109956017592963,0.00199920031987205,0,0,0,0.00129948020791683,0.0607756897241104,0.0115953618552579,0,0,0.155437824870052,0,0,0,0,0,0.00369852059176329,0,0,0,0,0.00109956017592963,0,0,9.99600159936026e-05,0,0,0.0340863654538185,0,0.00139944022391044,0,0,0,0.0353858456617353,0,0,0,0,0,0,0,0.0502798880447821,0,0,9.99600159936026e-05,0,0,0,0,0,0.0123950419832067,0.00139944022391044,0,0,0.00109956017592963,0,0,0,0,0.00169932027189124,0,0.000899640143942423,0.00119952019192323,0,0,0,0,0,0,0,0,0,0,0,0,0.0181927229108357,0,0.000299880047980808,9.99600159936026e-05,0.000199920031987205,0,0,0,0,0,0,0,0,9.99600159936026e-05,0,0.0124950019992003,0,0,0,0,0.000899640143942423,0,0,0.0173930427828868,0.00239904038384646,0.0153938424630148,0,0,0.00189924030387845,0,0,0,0,0.00199920031987205,0.00109956017592963,0,0,0,0,0.00249900039984006,0,0,0,0,0,0.0338864454218313,0,0,0,0,0.00119952019192323,0.00209916033586565,0,0,0.000499800079968013,0,0,0,0,0,0,0,0,0,0.0817672930827669,0,0,0.00759696121551379,0,0,0,0,0,0.00139944022391044,0.000199920031987205,0,0,0.00169932027189124,0,0,9.99600159936026e-05,0,0,0,0,0,0,0,0,0.00349860055977609,0,0.000199920031987205,0,0,0.000299880047980808,0
0,0,0,0,0,0,0.003000300030003,0,0,0.0011001100110011,0,0,0,0.0001000100010001,0.0152015201520152,0,0,0.0021002100210021,0,0,0.0002000200020002,0.0019001900190019,0.0007000700070007,0,0.0002000200020002,0.212921292129213,0,0,0.0102010201020102,0.0066006600660066,0.0018001800180018,0,0,0.0032003200320032,0.0079007900790079,0,0.0007000700070007,0.0011001100110011,0,0,0,0,0,0,0,0.011001100110011,0,0,0.0002000200020002,0,0,0,0,0,0,0,0,0.0015001500150015,0,0.0082008200820082,0.0005000500050005,0.0002000200020002,0,0.0001000100010001,0,0.0003000300030003,0.0033003300330033,0,0,0,0,0,0,0.0002000200020002,0,0.0102010201020102,0,0,0,0.0028002800280028,0,0,0,0,0,0,0,0,0.0009000900090009,0.0026002600260026,0.0102010201020102,0,0.0154015401540154,0,0,0,0,0,0.0005000500050005,0,0,0,0,0,0,0,0.0044004400440044,0.262926292629263,0,0.0465046504650465,0,0.0002000200020002,0,0.001000100010001,0,0.0246024602460246,0,0,0,0,0,0,0,0,0.0044004400440044,0,0,0,0,0,0,0.0084008400840084,0,0,0,0,0.0142014201420142,0,0,0,0,0,0,0,0,0,0,0.0039003900390039,0,0.0001000100010001,0.0007000700070007,0,0,0,0,0,0,0,0,0,0,0,0.0113011301130113,0,0,0,0.0013001300130013,0,0,0,0,0.0198019801980198,0.0068006800680068,0,0,0,0,0.0001000100010001,0,0,0.008000800080008,0,0,0.0022002200220022,0,0,0.0109010901090109,0,0,0,0,0.0043004300430043,0.0001000100010001,0,0.0003000300030003,0,0.0161016101610161,0,0,0,0.0066006600660066,0,0,0,0,0,0,0,0,0.0025002500250025,0,0,0,0,0,0,0,0,0.0171017101710171,0,0,0,0,0,0,0,0,0,0,0.0006000600060006,0.0007000700070007,0,0,0.0371037103710371,0,0,0,0,0,0,0,0,0,0,0,0,0,0.0032003200320032,0,0,0,0,0.0039003900390039,0,0.0007000700070007,0.0222022202220222,0,0,0,0.0002000200020002,0,0,0,0,0,0,0,0.0002000200020002,0,0.0757075707570757,0,0,0.009000900090009,0.0001000100010001,0,0,0,0,0.001000100010001,0.0179017901790179,0,0,0.0069006900690069,0,0,0,0,0.0001000100010001,0,0,0,0,0,0,0.0005000500050005,0,0,0,0,0.0042004200420042,0
0,0,0,0,0,0,0.000399920015996801,0.00599880023995201,0,0,0,0.000399920015996801,0,0.016496700659868,0.0011997600479904,0,9.99800039992002e-05,0,0,0,0.00819836032793441,0.0023995200959808,0,0.000399920015996801,0,0,0,0,0.00249950009998,0.0001999600079984,0,0,0,0.0153969206158768,0,0,0,0.0225954809038192,0,0,0,0,0,0,0,0,0,0,0,0,0,0,0,0,0.00849830033993201,0,0,0.0001999600079984,0,0.0597880423915217,0,0.0010997800439912,0,0,0,0.0122975404919016,0.00959808038392321,0.0001999600079984,0,0,0.016496700659868,0,0.0015996800639872,0,0,0,0,0,0,0,0,0,0.000499900019996001,0,0.0202959408118376,0,0,0,0,0.00689862027594481,0.186562687462508,0,0.00659868026394721,0,0,0,0,0,0,0,0,0.0002999400119976,0,0,0.0002999400119976,0,0,0,0.0001999600079984,0,0,0,0,0,0,0,0,0,0.0223955208958208,0,0,0,0,0,0.00569886022795441,0,0,0,0,0,0,0.000699860027994401,0,0,0,0,0.0100979804039192,0,0,0,0.000999800039992002,0,0,0,0,0,0.0030993801239752,0,0,0.000999800039992002,0,0,0,0,0,0,0,0,0,0,0,0,0,0,0,0,0,0,0,0,0.000899820035992801,0.00389922015596881,0,0,0,0,0,0.0021995600879824,0.0849830033993201,0,0,0,0,0.000499900019996001,0.00629874025194961,0,0,0,0,0,0,0.0542891421715657,0.001499700059988,0.00609878024395121,0,0,0,0,0,0,0,0,0,0,0,0.00419916016796641,0,0,0,9.99800039992002e-05,0.000699860027994401,0,0,0.000699860027994401,0,0,0.0212957408518296,0,0.0002999400119976,0,0.001999600079984,0,0,0,0,0,0,0,0,0,0,0,0,0.0339932013597281,0,0,0,0,0,0.0002999400119976,0,0,0,0,0,0,0,0.000399920015996801,0,0,0.0543891221755649,0,0.00349930013997201,0,0.0021995600879824,0.0131973605278944,0,0,0.0013997200559888,0.0141971605678864,0.000399920015996801,0,0,0.000399920015996801,0,0,0,0,0.0013997200559888,0.0198960207958408,0,0,0.00939812037592481,0,0,0,0,0.000399920015996801,0.000799840031993601,0.117576484703059,0,0,0.0484903019396121,0.0030993801239752,0,0,0,9.99800039992002e-05,0.00439912017596481,0,0,0,0,0,0.0163967206558688,0,0.00369926014797041,0,0,0.00829834033193361,0
0,9.99600159936026e-05,0.000199920031987205,0.00649740103958417,0,0,0.00149940023990404,0.0100959616153539,0,0.00509796081567373,0,0,0,0.0819672131147541,0.00249900039984006,0,9.99600159936026e-05,0.000599760095961615,0,0,0.0259896041583367,0.00259896041583367,0,0,0.000499800079968013,0.190223910435826,0,0,0,9.99600159936026e-05,9.99600159936026e-05,0,0,0.000199920031987205,0,0,0.0118952419032387,0.0118952419032387,0.000299880047980808,0,0,0,0,0,0.00129948020791683,0.00959616153538585,0,0,0,0.00039984006397441,0,0,0,0,0,0,0,0.000999600159936026,0,0.0284886045581767,0,0,0,0,0,0,0.00489804078368653,0,0,0,0.00599760095961615,0,0,0.017093162734906,0,0,0,0,0,0.00699720111955218,0.00209916033586565,0,0.000299880047980808,0,0,0,0.00369852059176329,0,0,0.0112954818072771,0,0,9.99600159936026e-05,0,0,9.99600159936026e-05,0,0,0.00669732107157137,0.00299880047980808,0,9.99600159936026e-05,0,0,0,0.000499800079968013,0,0.0657736905237905,0,0.0174930027988804,0,0,0.000199920031987205,0.0038984406237505,0,0.00649740103958417,0,0,0.00459816073570572,0,0.00079968012794882,0,0,9.99600159936026e-05,0.00549780087964814,0,0,0,0,0,0.000299880047980808,0.0288884446221511,0,0,0,0,0.00219912035185926,0,0,0,0.00239904038384646,0,0,0,0,0,0,0,0,0,0.000299880047980808,0.00209916033586565,0,0,0,0,0,0,0,9.99600159936026e-05,0,0,0,0.0229908036785286,0,0,0,0,0,0,9.99600159936026e-05,0,0,0,0,0,0,0.00129948020791683,0,0,0,0,0,0,0,0,0,0,0,0,0,0.0114954018392643,0,0,0,0,0,0,0,0,0,0,0,0,0,0.000699720111955218,0,0,9.99600159936026e-05,0,0,0,0,0,0.00219912035185926,0,0.00529788084766094,0,0.0134946021591363,0,0,0,0,0,0,0,0,0,0.00479808076769292,0,0.0553778488604558,0,0,0.00409836065573771,0,0,0,0,0,0,0,0,0,0,0,0,0,0,0,0,0,9.99600159936026e-05,0,0,0,0,0.00209916033586565,0,0.00039984006397441,0.00169932027189124,0.00169932027189124,0,0,0.000499800079968013,0,0,0,0,0,0.0363854458216713,0,0.00339864054378249,0.00559776089564174,0,0,0.00039984006397441,0,0,0,0.196621351459416,0,0,0.000299880047980808,0,0,0.00609756097560976,0,0,0,0.00449820071971212,0,0,0,0,0.0173930427828868,0,0.000999600159936026,0,0,0.00259896041583367,0
0,0,7e-04,0,0,0,0,0,0.001,0,0,0,0,0,0.0016,0,7e-04,0,0,0,0,0,0,0,0,0.4098,0,0.0022,0.006,0.0176,0,0,0,0.031,0,0,0.001,0,0,0,0,0,0,0,0,0,0,0,0,0,0.0016,0,0,0,0,3e-04,0,5e-04,0,0,9e-04,0.0041,0,0,0,0,0,0,0,0,0,0,0,0,0,0,0,0,0,0,0,0,0,0,0.0276,0,0,0,0,0,0,0.0388,0.0179,0,0,0,0,0,0,0,0,2e-04,0,0,0,0,0,0,0,0,0,0,0,0,0,0,0,0,0.035,2e-04,0,0,0,0.0092,0.0106,0,0,0,0,0,0,0.0113,0,2e-04,0,0,0.0039,0,0,0,0.0035,0,0,0,0,0,0,0,0,0,0,0,0,0,0,0,0,0,0,0,0,0,0,0,7e-04,0,0,0,0,0,0,0,0,0,0,0,0,0,0,0,0,0,0,0,0,0,0,0,0,0,0,0.0439,2e-04,0,0,0,0,0,0,0.1393,0,0,0,0,0,0,0,0,0,0.001,0,0,0,0,0,0,0,0,0.0027,0,0,0,0,0,0,0,0,0,0,0,0.0351,0,0,0,0,0,0,0,2e-04,0,0,0,0,0,0.0012,0,2e-04,0,0,0,0,0,0,0,0,4e-04,0.0012,0,0,0,0,0,0,0,0,0,0,0,0,0.0063,0,0.0074,0,0.0021,0,0,0,0,0,0,0,0.013,0.1058,0,0,0,0,0,0,0,0,0,0,0,0,0,0.0019,0,0,0,0
0,0,0,0.00109945027486257,0,0,0,0.00629685157421289,0,0,0,0,9.99500249875062e-05,0.0407796101949025,0.000999500249875062,0,0.0191904047976012,0,0,0.000399800099950025,0.00129935032483758,0.00829585207396302,0.00349825087456272,0,0,0.158820589705147,0,0,0.00449775112443778,0,0,0,0.00229885057471264,0.00699650174912544,0,0,0.000399800099950025,0.0459770114942529,0,0,0,0,0,0.000399800099950025,0.000199900049975012,0.0366816591704148,0,0,0.000199900049975012,0,0,0,0,0,0.00079960019990005,0,0,0,0,0.0502748625687156,0,0.00239880059970015,9.99500249875062e-05,0,0,0,0,0,9.99500249875062e-05,0,0,0,0,0.000399800099950025,0,0,0,0,0,0.0169915042478761,0.000599700149925037,0,0,0,0,0,0,0,0.00129935032483758,0.00329835082458771,0,0.000599700149925037,9.99500249875062e-05,0,0,0,0,0,0.00579710144927536,0,0,0,0,0,0,0,0.000899550224887556,0.00779610194902549,0.00299850074962519,0.00669665167416292,0,0,0,0.016591704147926,0,0.0192903548225887,0,0,0.0340829585207396,0,0.000299850074962519,0,0.0135932033983008,0,0.000499750124937531,0,0,0,0,0,0.000699650174912544,0.0104947526236882,0,0,0,0,0.0301849075462269,0.00329835082458771,0,0,0.0047976011994003,0,0,0,0,0,0.00439780109945028,0.00779610194902549,0,0,0,0.000599700149925037,0,0,0,0,0,9.99500249875062e-05,0,0.00109945027486257,0,0,0,0,0,0,0.00789605197401299,9.99500249875062e-05,0,0,0,0.0528735632183908,0,0,0,0,0,0,0,0,0.00779610194902549,0,0,0,0,0,0,0,0,0,0,0.0205897051474263,9.99500249875062e-05,0,0,0,0.00199900049975012,0,0,0,0,0,0,0,9.99500249875062e-05,0.0468765617191404,0,0,0,0,0,0,0.00909545227386307,0,0,0,0.00919540229885057,0,9.99500249875062e-05,0,0,0,0,0,0.00329835082458771,0.00119940029985007,0,0,0.000299850074962519,0.00779610194902549,0.00239880059970015,0,0,0.00439780109945028,0,0,0,0,0,0,0,0,0,0.0079960019990005,0,0,0,0,0,0,0,0.000199900049975012,0,0,0,0.00299850074962519,0.00429785107446277,0,0,0.00129935032483758,0,0,0,0.000599700149925037,0,0,0,0,0,0.0015992003998001,0,0.000199900049975012,0.00209895052473763,0,0,0,0,0,0.000399800099950025,0.189905047476262,0,9.99500249875062e-05,0.00559720139930035,0,0,0,0,0.000199900049975012,0.00339830084957521,0,0,0,0,0,0.00119940029985007,0,0,0,0,0.0114942528735632,0.00289855072463768
0,0,0,0,0,0,9.99700089973008e-05,9.99700089973008e-05,0.00529841047685694,0.00289913026092172,0,0,0,0.0111966410076977,0.000999700089973008,0,0.000799760071978406,0,0,0.000299910026991902,0,0.00189943017094872,0.000599820053983805,0.000199940017994602,0.000199940017994602,0.0145956213136059,0,0,0,0.000699790062981106,0,9.99700089973008e-05,0,0.00859742077376787,0,0,0.000699790062981106,0.0153953813855843,0.00109967009897031,0.00179946016195141,0,0,0,0.000999700089973008,0,0.000299910026991902,0,0.000599820053983805,0.000499850044986504,0,0.000199940017994602,0,0,0,0,0,0,0,0,0.00409877036888933,0.000399880035989203,9.99700089973008e-05,0,0,0,0,0.000599820053983805,0,9.99700089973008e-05,0.00299910026991902,0.00239928021593522,0,0,0,9.99700089973008e-05,0,0,0,0,0,0.00189943017094872,9.99700089973008e-05,0,0,0.000399880035989203,0.000199940017994602,0,0,0,0.00379886034189743,0.000399880035989203,0.00109967009897031,0,0.00319904028791363,0,0,0,0,0.00149955013495951,0,0.000299910026991902,0.000399880035989203,0,0,0,0.00829751074677597,0.000199940017994602,0.389283215035489,0,0.00699790062981106,0,0.000499850044986504,0.000199940017994602,9.99700089973008e-05,0,0,9.99700089973008e-05,0,0.0144956513046086,0,0,0,0,0,0,0,0,0,0,0.00469859042287314,0.00259922023392982,0,0,0,0,0,0.00259922023392982,0.00179946016195141,9.99700089973008e-05,0,0.040887733679896,0,0,0,0,0,0.00299910026991902,0.00249925022493252,0,9.99700089973008e-05,0,0.00159952014395681,0,0.00289913026092172,9.99700089973008e-05,0,0,0.018294511646506,9.99700089973008e-05,9.99700089973008e-05,0,0,0.00879736079176247,0.00809757072878137,0,0,0.00209937018894332,0,9.99700089973008e-05,0,0,0.000999700089973008,0,0,0.000699790062981106,0,0,9.99700089973008e-05,9.99700089973008e-05,0,0.0293911826452064,0.000399880035989203,0,0.00669799060281915,0.00309907027891633,0,0,0,0,0.000899730080975707,0,0.000899730080975707,0.00239928021593522,0,0.0155953214035789,0,0.000399880035989203,0,0,0,0,0,0,0.000299910026991902,0.00869739078276517,0.00279916025192442,0,0,0,0,0,0,9.99700089973008e-05,0,9.99700089973008e-05,0,0.0207937618714386,0.00139958012596221,0.0401879436169149,0.000499850044986504,0,9.99700089973008e-05,0.0173947815655303,0,0.00299910026991902,0,0,0,0.00189943017094872,0.00169949015295411,0,0,0.000299910026991902,0.000999700089973008,0,0,0,0,0,0.000199940017994602,0,0,0.00289913026092172,0.00799760071978406,0,0,9.99700089973008e-05,0,0,0,0,9.99700089973008e-05,0,9.99700089973008e-05,0.000799760071978406,0,0,0,0,0,0.000399880035989203,0.000299910026991902,0.000299910026991902,0.000899730080975707,0,0,0,0.000299910026991902,0.000299910026991902,0.00149955013495951,0,0,0.0512846146156153,0,0.000399880035989203,0,0,0,0.000999700089973008,0.120663800859742,0,0,0.0127961611516545,0,0,0,9.99700089973008e-05,0,0.00319904028791363,0.00149955013495951,0.00419874037788663,0,0,0.000199940017994602,0.00639808057582725,0,0,0,0.00319904028791363,0.000699790062981106,0.00129961011696491
0,0,0,0,0,0,9.99800039992002e-05,0.0018996200759848,0,0,0,0,0,0.028494301139772,0.00339932013597281,0,0,0,0,0,0.015496900619876,0,0,0,0,0.196160767846431,0,0.0001999600079984,0.000499900019996001,0.000599880023995201,0,0,0,0,0,0,0,0,0,0,0,0,0.00999800039992002,0,0,0,0,0,0,0,0,0,0,0,0,0,0,0,0,0.0013997200559888,0,0,0,0,0,0,0,0,0,0,0,0,0,0.00439912017596481,0,0,0,0,0,0,0,0,0,0,0,0,0,0,0,0,0.0849830033993201,0,0.00849830033993201,0,0,0,0,0,0,0,0,0,0,0,0,0,0.000799840031993601,0.0223955208958208,0,0,0,0,0,0.00459908018396321,0,0,0,0,0,0.0002999400119976,0,0,0,0.0001999600079984,0.100979804039192,0,0,0,0,0,0,0.0143971205758848,0,0,0,0,0.0841831633673265,0,0,0,0.00799840031993601,0,0,0,0,0,0,0,0,0,0.00359928014397121,0,0,0,0,0,0,0,0,0,0,0,0,0.000599880023995201,0,0,0,0,0,0,0,0.0011997600479904,0,0,0,0,0,0,0,0,0,0,0,9.99800039992002e-05,0,0,0,0,0,0,0,0.00839832033593281,0.0001999600079984,0,0,0.0002999400119976,0,0,9.99800039992002e-05,0,0,0,0,0,0,0,0,0,9.99800039992002e-05,0,0,0,0,0,0,0,0,0,0.0182963407318536,0,0,0,0,0,0,0.0001999600079984,0,0,0,0,0,0,0,0,0,0,0,0,0,0,0,0,0,0,0,0,0,0,0,0,0,0,0,0,0,0,0,0,0,0,0,0,0,0,0,0,0,0,0,0.000499900019996001,0,0,0.0615876824635073,0,0,0,0,0,0,0.298540291941612,0,0.00349930013997201,0,0,0,0.0031993601279744,0,0.000699860027994401,0,0,0,0,0,0,0.00689862027594481,0,0,0,0,0,0
0,0,3e-04,4e-04,0,0,1e-04,0,0,0,0,0,0,0,0.0026,0,0,0,0,0,0,0,0,8e-04,0,0,0,0,0.0012,0,0,0,0,0,0,0,0.001,0,0,0,2e-04,0,0,0,0,0,0,0,0,0,0,0,0,0,0,0,0,0,0,0,0,0,0,0,0,0,0,0,0.0014,0,0,0,0,0,0,0,0,0,0,0,0,0,0,0,0,0,0,0,0,0,0,6e-04,0.0013,0,0,0,9e-04,0,0,0,0,0.0049,0,0,0,0,0,0,0,0,0,0,0,0,0,2e-04,0,2e-04,0,0,0,0,0,0,0,0,2e-04,0,0,0,0,0.0524,0,8e-04,0,0,0.0091,0,0,0,0.3139,0,0.0015,0,0,0,0,0,0,0,0,0,2e-04,0,0,0,0,4e-04,0,0,0,0,0,0,0,0,0,9e-04,0,0,0,0,2e-04,2e-04,0,0,7e-04,0,0,0,0,0,0,0,0,0,0,0,0,0,0,0,0.0049,0,0,0,0,0,2e-04,0.3812,0,0,0,0,0,0,0,0,0,0.0024,0,0,0,0,0,0,0,0,0.0169,0,0,0,0,0,0.0013,0,0,0,0,0,0,0,0,0,2e-04,0,0,0,0,0,0,0,0,0,0,0,2e-04,4e-04,0,0,0,0,0,0,0,0,0.0057,0,0,0,0,0,0,0,7e-04,0,0,0,0,0,0,0,0,0,0,0,0,0,0,0,0,0,0,0,0,0.062,0,0.001,0,0,0,0,0,3e-04,0,0,0.126,0,0,0,0
0,0,9.99700089973008e-05,0,0,0,9.99700089973008e-05,0,0,0,0,0,0.000199940017994602,0,0.000699790062981106,0,0,0,0,0,0,0.00369889033290013,0,0.000599820053983805,0,0.0969709087273818,0,0,0.000699790062981106,0.00789763071078676,0.0615815255423373,0,0,0.00449865040487854,0,0,0.0273917824652604,0.0115965210436869,0,0,0,0,0,0.00629811056682995,0,0.0298910326901929,0,0.000199940017994602,0,0,0,0,0,9.99700089973008e-05,0.00129961011696491,0.000199940017994602,0,0,0.00109967009897031,0,0,0,0,0,0,0,0.0127961611516545,0,0,0,0.00369889033290013,0,0,0,0,0,9.99700089973008e-05,0,0,0,0,0,0.0804758572428271,0,0.00719784064780566,0.000199940017994602,0.00529841047685694,0,0,0,0,0.00259922023392982,9.99700089973008e-05,0,0,0,0,0,0.00319904028791363,0,0,0,0,0,0.000599820053983805,9.99700089973008e-05,0,0.00609817054883535,0.00459862041387584,0,0,0,0,0,0.000399880035989203,9.99700089973008e-05,0,9.99700089973008e-05,0,0,0,0,0,9.99700089973008e-05,0,0.000499850044986504,0.00159952014395681,0,0,0,0.00619814055783265,0.00259922023392982,0,0,0,0,0.00709787063880836,0.00259922023392982,0,0,0.000199940017994602,0,0,9.99700089973008e-05,0,0,0.00149955013495951,0.00249925022493252,0,0,0,0.00169949015295411,9.99700089973008e-05,0.00179946016195141,0.00109967009897031,0,0,0,0,0.00589823053084075,0,0,0.0156952914125762,0,0,0,0.00259922023392982,0,9.99700089973008e-05,0,0.00249925022493252,0,0,0,0.00139958012596221,0,0.000599820053983805,0,0,0.00339898030590823,0.00339898030590823,0.00219934019794062,0,0.0118964310706788,0.00539838048585424,0,0,0,0,0,0.000199940017994602,0,0,0,0,0,0,0,0,0,0,0,0,0,0,0.00439868039588124,0.000699790062981106,0,0,0,0,0,0,0,0,0,0.00689793062081376,0.00709787063880836,9.99700089973008e-05,0,0,0.00249925022493252,0.021593521943417,0,0.00939718084574628,0,0,0.0267919624112766,0,0.00209937018894332,0.0434869539138259,0,0,0.0580825752274318,0,0,0,0,0,0.00129961011696491,0.00149955013495951,0,0,0,0.0210936718984305,0,0,0,0,0,0,0.000199940017994602,0,0,0,0.0219934019794062,0.000599820053983805,0,0.000199940017994602,0.0301909427171848,9.99700089973008e-05,0,0,0.000199940017994602,0,0,0.000199940017994602,0,0,9.99700089973008e-05,0,0.00119964010796761,0.0135959212236329,0,0,9.99700089973008e-05,0,0,0,0.139558132560232,0,0,0.0450864740577827,0,0,0.0329901029691093,0,0,0.00439868039588124,0.00689793062081376,0,0,0,0.000199940017994602,0.0158952314305708,0,0.00419874037788663,0,0,0.00729781065680296,0
9.99900009999e-05,0,0,0,0,0,0,0,0,0.000999900009999,0.0002999700029997,0,0,0,0,0,0.0036996300369963,0,0,9.99900009999e-05,0,0.0177982201779822,0,0.0001999800019998,0,0.115288471152885,0,0,0.0057994200579942,0.001999800019998,0.0227977202279772,0,0,0.0027997200279972,0,0,0,0.0112988701129887,0.0002999700029997,0,9.99900009999e-05,0,0,0,0,0.0074992500749925,0,0.0010998900109989,0,0.0002999700029997,9.99900009999e-05,0,9.99900009999e-05,0,0.0016998300169983,0,0,0,0,0.0328967103289671,0.0008999100089991,0,0,0,0,0,0.0124987501249875,0,0,0,0.0038996100389961,0,0,0,0,0.0001999800019998,9.99900009999e-05,0,0,0.0116988301169883,0.0004999500049995,0,0.0117988201179882,0,0,0.0001999800019998,0.0066993300669933,0,0,0.0035996400359964,0,0.0358964103589641,9.99900009999e-05,0.0028997100289971,0,0,0,0,0,0,0,0,0,0,0,0.0004999500049995,0,0.0250974902509749,0,0,0,0,0,0.0031996800319968,0,0.0253974602539746,0,0.0327967203279672,0,0,0,0,0.000999900009999,0,0.0024997500249975,0.0146985301469853,0,0,0,0,0.0003999600039996,0,0,0.0002999700029997,0.0002999700029997,0,0.0166983301669833,0.001999800019998,0,0,0.0007999200079992,0,0,0,0.007999200079992,0,0.0030996900309969,0.0130986901309869,0,0,0,0.000999900009999,0.0027997200279972,0,0,0,0,0,0,0,0,0,0.0213978602139786,0,0,0,0.0021997800219978,0,0.0002999700029997,0,0,0.0051994800519948,9.99900009999e-05,0,0,0,0.0006999300069993,0.0066993300669933,0.0586941305869413,0.0075992400759924,0.0254974502549745,0,0,0.0018998100189981,0.0022997700229977,0,0,0,0,0.0007999200079992,0,0.0008999100089991,0.0004999500049995,0.0020997900209979,0.0022997700229977,0,0,0,0,0,0,0,0,0.011998800119988,0,0.0026997300269973,0.0014998500149985,9.99900009999e-05,0,0.0006999300069993,0,0,0,0,0.0007999200079992,0,0.0046995300469953,0.00999900009999,0.0005999400059994,0,0.0063993600639936,0,9.99900009999e-05,0,0.0026997300269973,0,0.0120987901209879,0.0004999500049995,0,0.0013998600139986,0.0112988701129887,0,9.99900009999e-05,0.0032996700329967,0,0,0,0,0,0.0106989301069893,0,0,0,0,0.0011998800119988,0,0,0,0,0.0047995200479952,0,0.0004999500049995,0.0002999700029997,0,0.0010998900109989,0.0001999800019998,0.0004999500049995,0,0.001999800019998,0.0016998300169983,0,0,0,0.0004999500049995,9.99900009999e-05,0,0.0014998500149985,0,0.0050994900509949,0.0005999400059994,0.0086991300869913,0.0028997100289971,0.0041995800419958,0.0151984801519848,0.0001999800019998,0,0.0003999600039996,0,0,0.201879812018798,0,0.0096990300969903,0.0143985601439856,0,0,0,0,0,0,0.0034996500349965,0,0,0,0.001999800019998,0.001999800019998,0.0044995500449955,0.0005999400059994,0,0,0.0168983101689831,0
0,0,0,0,0.000299910026991902,0,0.000899730080975707,0.00199940017994602,0,0,0.000399880035989203,0,0,0,0.00209937018894332,0.000899730080975707,0.000499850044986504,0,0,0,0,0.00219934019794062,0,0.000599820053983805,0.000699790062981106,0.0934719584124763,0,0,0.00229931020693792,0.000199940017994602,0.00739778066580026,0.000499850044986504,0,0.00799760071978406,0,0,0.000699790062981106,0.00539838048585424,0.000399880035989203,0,0,0,0.0189943017094872,0,0,0.0224932520243927,0,0.000199940017994602,0,0,0.000899730080975707,0,0,0.000399880035989203,0.0143956812956113,0,0,0.00139958012596221,0,0.000699790062981106,9.99700089973008e-05,0,9.99700089973008e-05,0,0,0,0.000999700089973008,0,0,0,0.00339898030590823,0,0,0.00109967009897031,0,0,0.000199940017994602,0.000699790062981106,0,0.00109967009897031,0.00409877036888933,0,0.0158952314305708,0,0.00989703089073278,9.99700089973008e-05,0.0107967609717085,0,0.000399880035989203,0.00269919024292712,0,0.00109967009897031,0.0212936119164251,0,0,0.0109967009897031,0,0,0,0,0,0.000499850044986504,0,0,0.000699790062981106,0,0,0.00149955013495951,0.00519844046785964,0.00249925022493252,0,0,0,0.00149955013495951,0.000299910026991902,0.0264920523842847,0,0,0.0187943616914926,0,9.99700089973008e-05,0,0,9.99700089973008e-05,0.0177946616015195,0,0,0,0,0,0.00169949015295411,0,0,0,9.99700089973008e-05,0,0.00179946016195141,0.00639808057582725,0,0,0.000299910026991902,9.99700089973008e-05,0.00309907027891633,0.000699790062981106,0,0,9.99700089973008e-05,0.00169949015295411,0,0,0.00499850044986504,0.000299910026991902,0,0,9.99700089973008e-05,0,0,0,0,0.0277916625012496,0,0.00159952014395681,0.0180945716285114,9.99700089973008e-05,0,0,0.00139958012596221,0,0.000199940017994602,0,0.000399880035989203,0.00169949015295411,0,0,0,0,0.000699790062981106,0.00409877036888933,0.000799760071978406,0,0.00399880035989203,0,0,0.00229931020693792,0.00269919024292712,0,0,0,0,0,9.99700089973008e-05,0.00509847045886234,0.000399880035989203,0,0,9.99700089973008e-05,0.000599820053983805,0,0,0,0,0,0,0.000199940017994602,0,0.000399880035989203,0.000699790062981106,0,0.000199940017994602,9.99700089973008e-05,0,0,0,0,0.000199940017994602,0,0.00449865040487854,9.99700089973008e-05,0.0199940017994602,0,0.00199940017994602,9.99700089973008e-05,0.00159952014395681,0,0.0108967309807058,9.99700089973008e-05,0,0.0310906727981606,0.000499850044986504,0.000399880035989203,0.0282915125462361,0,0.000399880035989203,0.0196940917724683,0,0,0.000799760071978406,9.99700089973008e-05,0,0,0,0,0,0.00129961011696491,0.000399880035989203,9.99700089973008e-05,0,0,0,0,0,0.000399880035989203,0.000899730080975707,0,0.000399880035989203,0.000499850044986504,0.000199940017994602,0,0.00119964010796761,0.0317904628611417,0,0,0,9.99700089973008e-05,0,0,0,0,0,0.00209937018894332,0,0.00229931020693792,0.029591122663201,0,0,0,0,0,0.00379886034189743,0.291812456263121,9.99700089973008e-05,0,0.0484854543636909,0,0,0,0,0,0.00229931020693792,0.000899730080975707,0,0,0,0,0.00189943017094872,0,0.000999700089973008,0,0,0.0135959212236329,0
0,0,0,9.99600159936026e-05,0,0,0.00119952019192323,0,0,0,0,0,0,0,0.00739704118352659,0,0,0,0,0,0,0,0,0.000499800079968013,0,0.165733706517393,0,0,0.0128948420631747,0.000999600159936026,0,0,0,0,0,0,0.00119952019192323,0,0,0.00109956017592963,0,0,0,0,0,0,0,0,0.000599760095961615,0,0,0,0,0,0,0,0,9.99600159936026e-05,0,0,0,0,0,0,0,0,0,0,0,0,0,0,0,0,0,0,0,0,0,0,0,0,0,0,0.000499800079968013,0,0,0,0,0.00659736105557777,9.99600159936026e-05,0,0.0320871651339464,0,0,0.000299880047980808,0,0.00079968012794882,0,0,0,0,0.000499800079968013,0,0,0,0,0.00709716113554578,0.00129948020791683,0,0,0,0,0,0,0,0,0,0,0,0,0,0,0.000599760095961615,0.0652738904438225,0,0,0,0,0,0,0.000499800079968013,0,0,0,0,0.0408836465413834,0.0079968012794882,0,0,0,0,0,0,0,0,0,0,0,9.99600159936026e-05,0,0,0,0,9.99600159936026e-05,0,0,0,0,0,0,0,0,0,0,0,0.00209916033586565,0,0,0,0,0.0202918832467013,9.99600159936026e-05,0,0,0,0,0,0,0,0.00849660135945622,0,0,0,0.00039984006397441,0,0,0,0,0.00229908036785286,0,0.0039984006397441,0.000299880047980808,0,0,0,0.0037984806077569,0,0,0,0,0,0,0,0,0,0,0,0,0.00639744102359056,0,0,0,0,0,0,0,0,0.0127948820471811,0,0,0,0,0,0.00359856057576969,0,0,0,0,0,0,0,0,0,0,0,0,0,0,0,0,9.99600159936026e-05,0,0.00449820071971212,0,0,0,0,0,0,0,0,0,0,0.000499800079968013,0,0,0,0,0,0,0,0,0,0,0,0,0,0,0.386545381847261,0,0,0.131047580967613,0,0,0,0,0,0.00209916033586565,0.0257896841263495,0,0,0.0131947221111555,0,0,0,0,0,0,0,0,0,0,0,0.0135945621751299,0,0.00149940023990404,0,0,0,0
0,0,0,0,0,0,0.0005999400059994,0,0,0,0,0,0,0,0,0,0,0,0,0,0,0,0,0,0.0004999500049995,0.296670332966703,0,0,0.0028997100289971,0.0540945905409459,0,0,0,0.0031996800319968,0,0,0.0183981601839816,0.0073992600739926,0,0,0,0,0,0,0,0.000999900009999,0,0,0,0,0,0,0,0,0,0.0008999100089991,0,0,0,0.001999800019998,0.0001999800019998,0,0,0,0,0,0.0370962903709629,0.0124987501249875,0,0,0,0,0,0,0,0,0,0,0,0,0,0,0,0,0.0051994800519948,0,0,0,0,0.0123987601239876,0,0.0005999400059994,0,0,0,0,0,0,0,0,0,0,0,0,0,0.0012998700129987,9.99900009999e-05,0,0,0,0,0,0,0.0081991800819918,0,0,0.0001999800019998,0,0.0010998900109989,0.0008999100089991,0,0,0,0,0.031996800319968,0.0016998300169983,0,0,0,0,0.0063993600639936,0.0158984101589841,0,0.0003999600039996,0,0,0.0043995600439956,0,0,0,0.0026997300269973,0,0,0,0,0,0.0007999200079992,0,0,0,0,0,0,0,0.0005999400059994,0,0,0,0,0.013998600139986,0,0,0,0.0004999500049995,0,0,0,0,0.0002999700029997,0,0.0021997800219978,0,0,0,0,0,0,0,0.0026997300269973,0,0.001999800019998,0,0,0,0,0,0,0,0,0,0,0.0113988601139886,0.0002999700029997,0,0,0,0,0,0,0,0,0,0,0,0,0.0096990300969903,0,0,0,0.0002999700029997,0,0,0.0017998200179982,0,0,0,0.0144985501449855,0,0,0.0026997300269973,0,0,0,0,0,0,0,0,0.0024997500249975,0,0.0031996800319968,0,0,0.297770222977702,0,0,0,0,0,0,0,0,0,0,0,0,0,0.0035996400359964,0,0,0.0006999300069993,0,0,0,0,0.0166983301669833,0.0012998700129987,0,0.0073992600739926,0,0,0,0,0,0,0,0,0,0.0010998900109989,0,0,0,0.0233976602339766,0,0,0,0,0,0.0012998700129987,0.001999800019998,0,0,0.042995700429957,0,0,0,0,0,0,0,0,0,0,0,0,0,0.0012998700129987,0,0,0,0
0,0,0,0,0,0,9.9940035978413e-05,0,0,0,0,0,0,0,0.00179892064761143,0,0.000299820107935239,0,0,0,0,0,0,0,0,0.331800919448331,0,0,0.00249850089946032,0.000599640215870478,0,0,0,0.000299820107935239,0,0,0,0,0,0,0,0,0,0,0,0,0,0,0,0,9.9940035978413e-05,0,0,0,0,0,0,0,0,0.0218868678792724,0,0.0061962822306616,0,0,0,0,0.00419748151109334,0,0,0,0,0,0,0.000699580251848891,0,0,0,0,0,0,0,9.9940035978413e-05,0,0,0,9.9940035978413e-05,0.000299820107935239,0,0,0.00119928043174096,0,0.000199880071956826,0.000399760143913652,0,0,0,0,0,0.0061962822306616,0,0,9.9940035978413e-05,0,0,0,0,0.00809514291425145,0.0112932240655607,0.00519688187087747,0,0,0,0,0.00369778133120128,0,0,0,0,0,9.9940035978413e-05,0,0,0,9.9940035978413e-05,0.0162902258644813,0,0,0,0,0,0.000899460323805717,0.00299820107935239,0,0,0,0,0.111633020187887,0.00749550269838097,0,0,0.00129922046771937,0,0,0,0,0,0,0.00549670197881271,0.000199880071956826,0,0,0,0,0,9.9940035978413e-05,0,0,0,0,0.000299820107935239,0,0,0,0.167899260443734,0,0,0,0,0,0,0,0,0.000199880071956826,0,0,0,0,0,0,0,0.0411752948231061,0.00369778133120128,0.000799520287827304,0.00149910053967619,0,0,0,0,0,0,0,0.00109934039576254,0.000699580251848891,0,0,0,0.0159904057565461,0,0,0.000899460323805717,0,0,0,0.000199880071956826,0,0,0.000299820107935239,0,0,0,0,0,0,0,0.00579652208674795,0,0,0,0,0,0,0,0,0,0.00139916050369778,0,0,0.0265840495702578,0.0130921447131721,0.000799520287827304,0.00169898061163302,0,0,0.000599640215870478,0,0,0,0,0,9.9940035978413e-05,0,0,0.00679592244653208,0,0,0,0,0,0,0,0,0,0,0,0,0.000399760143913652,0.000199880071956826,0,0,0,0,0,0,0,0,0,0,0,0,9.9940035978413e-05,0,0,0.0252848291025385,0,0,0,0,0,0.00109934039576254,0.111533080151909,0,0.00289826104337398,0.00899460323805717,0,0,0,0,0,0,0.00129922046771937,0,0,0,0,0.0022986208275035,0,0.000299820107935239,0,0,0,0
0,0,1e-04,0,0,0,0,0,0,0,0,0,0,0,0,0,0,5e-04,0,0,0.003,0.0015,0,0,0,0.2282,0,0,0.0067,0,0,0,0,0,0,0,1e-04,0,0,0,0,0,0,0,0,0,0,0,0,1e-04,0,0,0,1e-04,0,0,0,1e-04,0,0.0147,0,0,0,0,0,0,0,0,0,0,0,0,0,0,0,0,0,0,0,0.0147,0,0,0,0,0,0,0,0,0,0.0012,0,0,0.0011,0,0,0,0,0,0,0,0,0,0,0,0,0,0,0,0,0.0285,0,0,0,0.0082,0,1e-04,0,1e-04,0.0119,0,0,0,0,1e-04,9e-04,0,0,0,0,0,0,0,0,2e-04,1e-04,0,0.0672,0,0,0,7e-04,0,0,0,0.0043,0,0,0,0,0,0,0,0,0,0,0,0,0,0,0,0,0,0,0,0,0,0,2e-04,0,0,0,0,0,0,0,0,0,0,0.01,0,0,0,0,0,3e-04,0,0,0,0,0,0,0.0023,0,0,0,0,0,0,1e-04,0,0,0,0,0,0,0.0013,1e-04,0,0,0,0.0029,0,0,0,0,0,0.0019,0,0,1e-04,0,0,0,0,0,0,0,0,0,0,0,0,0,0.0096,0,0,0,0,0,0,0,0,0,0,0,6e-04,0,0,0,0,0,0,0,0,0,0,0,0,1e-04,0.0025,3e-04,0,0,4e-04,0,0,0,0,0,0.5709,0,0,0,0,0,0,0,0,0,0,0,0,0.002,0,0,0,0,0,0,0,0,0,0,0,0,0,0,0,0,0,0
0,0,0,0.0011998800119988,0,0,9.99900009999e-05,0,0.0001999800019998,0.0004999500049995,0,0,9.99900009999e-05,0.0126987301269873,0.0070992900709929,0,0,0,0,0,0.0007999200079992,0.0064993500649935,0.0006999300069993,0.0001999800019998,0,0.0970902909709029,0,0,0,0,0.0246975302469753,0,0.0002999700029997,0.0062993700629937,0.0003999600039996,0,9.99900009999e-05,0.0100989901009899,0,0,9.99900009999e-05,0,0,0.0012998700129987,0,0.0286971302869713,0,0,0.0005999400059994,0.0003999600039996,0.0017998200179982,0,0,0,0,0,0,0.0008999100089991,0,0,0,0.0012998700129987,9.99900009999e-05,0,0.0020997900209979,9.99900009999e-05,0.0134986501349865,0,9.99900009999e-05,0,0.0678932106789321,0,0,0,0,0,0,0,0,0.020997900209979,0,0,0,0,0.0001999800019998,0.0013998600139986,0.0128987101289871,0.0013998600139986,0.0007999200079992,0.0023997600239976,0,0.0001999800019998,9.99900009999e-05,0,0,0,0,0,0.0056994300569943,0,0,0.0004999500049995,0,0,0.0008999100089991,0,0.0060993900609939,0.158984101589841,0.0015998400159984,0,0,0,0,0.0047995200479952,0,0.022997700229977,0,9.99900009999e-05,0,0,0,0,0,9.99900009999e-05,0.0006999300069993,0,0,0,0,0,0.0065993400659934,0.0027997200279972,0,0.0002999700029997,0,9.99900009999e-05,0.0020997900209979,0,0,0,0,0,0,0,0,0,0,0.0031996800319968,0,0,0.001999800019998,0.0018998100189981,0,0,0,9.99900009999e-05,0,0,0.0075992400759924,0.0051994800519948,0,0,0,0.0248975102489751,0,0,0,9.99900009999e-05,0,0,0,0.0012998700129987,9.99900009999e-05,0,0,0,0,0.0632936706329367,0.0292970702929707,0,0.0026997300269973,0.0015998400159984,0,0.001999800019998,0,0,0.001999800019998,0,0,0,0,0.0038996100389961,0.0001999800019998,0,0,9.99900009999e-05,0,0,0,0,0,0,0,0,0.0277972202779722,0,0,0,0.0001999800019998,0.0004999500049995,0,0,0,0,0.0005999400059994,0,0.0030996900309969,0,0,0.0002999700029997,0.0033996600339966,0,0.0034996500349965,0,0.0018998100189981,0,0,0,0.0037996200379962,0.0005999400059994,0.0014998500149985,0,0,0.0243975602439756,0,0,0,0,0,0,0,0,0,0,0,0,0,0.0001999800019998,0,0.0006999300069993,9.99900009999e-05,0,0.0021997800219978,0,0,0.0214978502149785,0.0023997600239976,0,0,0,0,0,0.0004999500049995,0,9.99900009999e-05,0,0,0,0,0.0001999800019998,0,0,0.0060993900609939,0,9.99900009999e-05,0,9.99900009999e-05,9.99900009999e-05,0.0011998800119988,0.173882611738826,0,0,0.0156984301569843,0,0,0,0,0,0,0,0,0,0,0,0.0021997800219978,0.0002999700029997,0.0002999700029997,0,0,0.0062993700629937,0
0,0,0,0.000499900019996001,0.00389922015596881,0,0,0,9.99800039992002e-05,0.001499700059988,0.0001999600079984,0,0,0,0.000999800039992002,0,0.00609878024395121,0.0018996200759848,0.0010997800439912,0.002999400119976,0.0156968606278744,0.00949810037992401,0.000999800039992002,0,0.000599880023995201,0.0932813437312538,0,0,0,0.001499700059988,0.0621875624875025,9.99800039992002e-05,0,0.00789842031593681,0,0,0.0001999600079984,0.0328934213157369,0.000399920015996801,0,0.0002999400119976,9.99800039992002e-05,0,0.00839832033593281,0,0.0025994801039792,0,0,0,0.000399920015996801,0.0002999400119976,0,0,0.000399920015996801,0.0016996600679864,0,0,0.000999800039992002,0,0.0243951209758048,0.0010997800439912,0.00249950009998,0,0,0,0,0.0353929214157169,0,0,0,0.00499900019996001,0,0,0.000999800039992002,0,0.0010997800439912,0,0,0,0.00619876024795041,0.000899820035992801,0,0,0,0.0242951409718056,0,0,0,0.000899820035992801,0.0013997200559888,9.99800039992002e-05,0.00469906018796241,0.0030993801239752,9.99800039992002e-05,0,0,0,0,0.0027994401119776,0,0.0001999600079984,0,0,0,0.0001999600079984,0.000599880023995201,0,0.0363927214557089,0.0020995800839832,0.00419916016796641,0,0,9.99800039992002e-05,0.00899820035992801,0,0.0654869026194761,0,9.99800039992002e-05,0.0281943611277744,0,0.000599880023995201,0.0147970405918816,0.0016996600679864,9.99800039992002e-05,0.0028994201159768,0,0,0,0,9.99800039992002e-05,0.0015996800639872,0.00339932013597281,0,0,0,0,0.0620875824835033,0,0,0,0.000699860027994401,0,0.0028994201159768,0,0,0,0,0.00449910017996401,0,0.000399920015996801,0.00349930013997201,0.0215956808638272,0,0,9.99800039992002e-05,0,0,0,0,0.00839832033593281,0,0,0.0127974405118976,9.99800039992002e-05,0,0,0.0012997400519896,0,0,0,0,0.0011997600479904,9.99800039992002e-05,0,0,0,0,0,0.010997800439912,0.00359928014397121,0.0311937612477504,0.000499900019996001,0,0.00899820035992801,0.0012997400519896,0,0,0,0.0013997200559888,0,0,0.00789842031593681,0,0,0,0,0,0.0001999600079984,0,0,0,0,0,0,0,0.0240951809638072,0.000399920015996801,0,0.0001999600079984,0,0,0,0,0.0002999400119976,0.00479904019196161,0,0.0100979804039192,0,0.0268946210757848,0.000699860027994401,0,0,9.99800039992002e-05,0,0.0022995400919816,0,0.00629874025194961,0.0293941211757648,0.00449910017996401,0.000399920015996801,0.0118976204759048,0,0,0.00489902019596081,0,0,0.00569886022795441,0,0,0,0.000899820035992801,0,0,0.00379924015196961,0,0.0015996800639872,0,0,9.99800039992002e-05,0.00819836032793441,0,0,0.0022995400919816,9.99800039992002e-05,0.00469906018796241,0.0012997400519896,0.0015996800639872,0.0001999600079984,0.00429914017196561,0.00379924015196961,0,0,0,0.000599880023995201,0,0,0,0,0,0.00639872025594881,0,0.0026994601079784,0.000899820035992801,0,0,0,0.0002999400119976,9.99800039992002e-05,0.000899820035992801,0.0165966806638672,0,0.0118976204759048,0.0275944811037792,0,0,0,0,0,0.0002999400119976,0.00819836032793441,0,0,0,0,0.0018996200759848,0.00329934013197361,0.000399920015996801,0.0017996400719856,0,0.0161967606478704,0.0017996400719856
0.000199860097931448,0,0,0,0,0,0.00129909063655441,0,0,0,0,0,9.9930048965724e-05,0,0.00569601279104627,0,0,0,0,0.000399720195862896,0.00689517337863496,0.00489657239932048,0.00129909063655441,9.9930048965724e-05,0.00299790146897172,0.2367342859998,0,0,0.00139902068552014,0.000199860097931448,0,0.0279804137104027,9.9930048965724e-05,0.0110922354351954,0,0,9.9930048965724e-05,0.00629559308484061,0,0.00129909063655441,0,0,0,0.00609573298690916,0,0.0309783151793744,0,0,9.9930048965724e-05,0,0,0,0,0.000399720195862896,0.00149895073448586,0,0,0.00149895073448586,0,0,0,0,0,0,0,0,0.00449685220345758,0,0,0,0,0,0.00109923053862296,0.000599580293794344,0,0,0,0,0,0.002897971420006,0,0,9.9930048965724e-05,0,0.00319776156690317,9.9930048965724e-05,0,0,0.000299790146897172,0.000699510342760068,0,0.000599580293794344,0.000199860097931448,0,0,0.000299790146897172,0.00219846107724593,9.9930048965724e-05,0.00049965024482862,0,0,0,0.000299790146897172,0,0,0.000399720195862896,0,0,0.0243829319476367,0.0806435495153393,0,0.00219846107724593,0.000199860097931448,0.000799440391725792,0,0.00509643249725192,0,0,0.018087338862796,0.00129909063655441,0,0,0.00049965024482862,0,0.000699510342760068,0,0,0.000699510342760068,0,0,0.000299790146897172,0.0024982512241431,0,0,0,0,0.0385729989007695,0.00219846107724593,0,0.000599580293794344,0.000699510342760068,0,0,0,0,0,0.000599580293794344,0.00339762166483462,0,0,0,0.000199860097931448,0,0,9.9930048965724e-05,0,0,0,0,0,0,0,0.0248825821924653,0,0,0,0.00149895073448586,0.00269811132207455,0,0,0,0,0.0237833516538423,0.000699510342760068,0,0,0,0,0,0,0.00859398421105226,0,0,0.00119916058758869,0.000299790146897172,0,0,0,0,0,0,0.00109923053862296,0.000199860097931448,0,0,0,0,0,0,0,0.0302788048366144,0,0,0.000299790146897172,0,0.00149895073448586,0,0.000299790146897172,0,9.9930048965724e-05,0,0,0,0.000199860097931448,9.9930048965724e-05,0.000699510342760068,0.0170880383731388,0,0.00549615269311482,0,0.00119916058758869,0,0,0,0.00169881083241731,0,0,9.9930048965724e-05,0.00509643249725192,0.000399720195862896,0,0.000199860097931448,0,0.0272809033676427,0,0,0,0,0,9.9930048965724e-05,0,9.9930048965724e-05,0,0.00219846107724593,0.00199860097931448,0,0,0,0,0,0.0049965024482862,0,0,9.9930048965724e-05,0.000299790146897172,9.9930048965724e-05,0.000599580293794344,0,0,0,0,0,0,0.000299790146897172,0,0,0,0,0,0.0753472569201559,0,0.00129909063655441,0.00529629259518337,0,0,0,0,0,0,0.184570800439692,0,0.00049965024482862,0.00829419406415509,0,0,0,0,0,0,0,0,0,0,0,0.000799440391725792,0,0.000799440391725792,0,0,0.00379734186069751,0
0,0,0,0,0,0,0,0.00289884046381447,0,0.000199920031987205,0.000499800079968013,0,0,0.0624750099960016,0.00159936025589764,0,0,0,0,0,0.0111955217912835,0.00079968012794882,9.99600159936026e-05,0.00819672131147541,0,0.299580167932827,0,0,0.00569772091163535,0,0,0,0.00519792083166733,0.017093162734906,0,0,0.007796881247501,0.0304878048780488,0,0,0,0,0,0.0117952818872451,0,0.00269892043182727,0,0,0.000699720111955218,0,0,0,0,0,0,0,0,0,0,0,0,0.00909636145541783,0,0.000199920031987205,0,0.00039984006397441,0.00279888044782087,0,0.000999600159936026,0,0,0,0.000299880047980808,0.00169932027189124,0,0,0,0,0,0.00229908036785286,0,0,0,0,0.000699720111955218,0,0,9.99600159936026e-05,0,0.00629748100759696,0,0.0108956417433027,0,0,0,0,0,0,0.00289884046381447,0,0,0,0,0.000199920031987205,0.00039984006397441,0,0.00569772091163535,0.188424630147941,0,0,0,0,0,0.00449820071971212,0,0,0,0.00079968012794882,0,0.000199920031987205,0,0,0,9.99600159936026e-05,0.00869652139144342,0,0,0,0,0,0,0.0440823670531787,0,0,0,0,0.00669732107157137,0,0,0,0.00429828068772491,0,0,0,0,0,0,0.000199920031987205,0,0,0.000499800079968013,0,0,0,0,0,0,0,0,0.0203918432626949,0,0,0,0,0,0,0,0,0,0,0,0,9.99600159936026e-05,0,0,0,0,0.00119952019192323,0,0.00159936025589764,0,0,0,0,0,0,0,0,0,0,0,0.00349860055977609,0,0,0,0,0,0.000499800079968013,0,0,0.000299880047980808,0,0,0,0,0,0,0,0.00079968012794882,0,0,0,0,0,0,9.99600159936026e-05,0,0,0.00249900039984006,0,0,0.00219912035185926,0,0,0,0,0.00359856057576969,0,0.00459816073570572,0,0.0244902039184326,0,0,0.0688724510195922,0,0,0,0,0.00129948020791683,0,0,9.99600159936026e-05,0,0,0,0,0,0,0,0,0.00879648140743703,0,0.00039984006397441,0,0.00129948020791683,0,0,0,0,0,0,0,0,0,0,0,0,0,0,0.00329868052778888,0,0,0.0277888844462215,0,0,0,0,0,0,0,0,0,0.0136945221911235,0,0,0,0,0,0,0,0,0,0,0,0.0277888844462215,0,0.00159936025589764,0,0,0.00669732107157137,0
0,0,0,9.99600159936026e-05,0,0,0,0,0,0,0,0,0,0,0.00039984006397441,0.00079968012794882,0,0,0,0,0,0.00469812075169932,0,0.00269892043182727,0,0.162634946021591,0,0,0.00179928028788485,0,0,0,0,0.0115953618552579,0,0,0.00109956017592963,0.031687325069972,0.000199920031987205,0,0,0,0,0,0,0,0,0,0,0,0,0,0,0,0,0,0.000699720111955218,0,0,0,0,0,0,0,0,0,0.00459816073570572,0,0,0,0,0,0,0,0,0,0,0,0,0.00129948020791683,0,0,0.0578768492602959,0,0,0,0.0381847261095562,9.99600159936026e-05,9.99600159936026e-05,0.0255897640943623,0,0.00189924030387845,0.00039984006397441,0,0,0.00239904038384646,0,0,0,0,0,0,0,0,0,0,0,0.0253898440623751,0,0.00439824070371851,0,0,0,0,0,0,0,0,0.00969612155137945,9.99600159936026e-05,0,0,0,0.000299880047980808,0.0111955217912835,0,0,0,0,0,0,0.0246901239504198,0,0.000199920031987205,0,0,0,0,0,0,0.000199920031987205,0,0,0,0,0,0.00279888044782087,0,0,0,0.00189924030387845,0,0,0,0,0,0,0,0.00649740103958417,0,0,0,0,0,0,0,0,0.000599760095961615,0,0,0.00299880047980808,0,9.99600159936026e-05,0,0,0,0,0.015593762495002,0.00709716113554578,0,0,0,0,0,0,0,0,0,0,0,0,0.00599760095961615,0,0,0,0,0,0,0,0,0,0,0,0,0,0.00239904038384646,0,0,0.000199920031987205,0,0,0,0,0,0.00229908036785286,0,0.00039984006397441,0,0.0178928428628549,0,0,0,0,0,0,0,0,0,0,0,0,0,0,0.166533386645342,0,0,0,0,0,0,0,0,0,0,0.000599760095961615,0,0,0,0,0,0,0,0,0,0.00169932027189124,0,0.000599760095961615,0,0.00139944022391044,0.00409836065573771,0,0,0,0.00039984006397441,0,0,0,0,0,0.00279888044782087,0,0,0.0317872850859656,0.000499800079968013,0,0,0,0.00039984006397441,0.00149940023990404,0.148240703718513,0,0,0.0888644542183127,0,0,0,0,0,0,0.0188924430227909,0,0,0,0,0,0.00859656137544982,0.000599760095961615,0,0,0.0286885245901639,0
0.0001000200040008,0.0001000200040008,0,0,0,0,0,0,0,0,0,0,0,0,0.0026005201040208,0,0.0012002400480096,0,0,0,0,0.000600120024004801,0,0.0002000400080016,0,0.417383476695339,0,0,0.0003000600120024,0.0003000600120024,0.0475095019003801,0,0,0.00440088017603521,0,0,0.000400080016003201,0.00920184036807361,0.0001000200040008,0,0,0,0,0,0,0,0,0,0,0,0.0001000200040008,0,0,0,0,0,0,0,0,0,0,0,0,0,0,0,0.0895179035807161,0,0,0.00790158031606321,0,0,0,0,0,0,0,0,0,0.0154030806161232,0,0,0.00380076015203041,0,0,0.0001000200040008,0.0257051410282056,0,0,0,0,0,0.00250050010002,0,0,0,0,0,0,0,0,0,0,0,0,0.0001000200040008,0,0.0545109021804361,0,0,0,0,0,0,0,0,0,0,0.0023004600920184,0,0,0,0,0,0,0,0,0,0,0,0,0,0,0,0,0,0.0016003200640128,0,0,0,0.0017003400680136,0,0,0,0,0,0.00600120024004801,0,0,0,0.00390078015603121,0,0,0,0,0,0,0,0,0,0,0,0,0.0002000400080016,0,0,0,0,0,0,0.0002000400080016,0,0,0,0,0,0,0.000800160032006401,0.00560112022404481,0,0,0,0,0,0,0,0,0,0,0,0,0.0249049809961992,0.0001000200040008,0,0,0,0,0,0.0001000200040008,0,0,0,0,0,0,0.00590118023604721,0.0002000400080016,0,0.0002000400080016,0.0001000200040008,0,0,0,0,0.0001000200040008,0,0,0.0026005201040208,0,0,0,0.0026005201040208,0,0,0,0,0,0,0.00350070014002801,0,0,0,0,0.00940188037607522,0,0,0,0,0,0,0,0,0,0,0.000600120024004801,0,0,0,0,0,0,0,0,0,0,0.0014002800560112,0.0003000600120024,0,0,0.0011002200440088,0,0,0,0.0001000200040008,0.0003000600120024,0,0,0,0,0.0026005201040208,0,0,0.00580116023204641,0,0.0001000200040008,0,0,0,0,0.220144028805761,0,0,0.00440088017603521,0,0,0,0,0,0,0.00340068013602721,0,0,0,0,0,0,0.0001000200040008,0,0,0.00360072014402881,0
0,0,0,0.00420084016803361,0,0,0.0001000200040008,0,0,0,0,0,0,0,0.0001000200040008,0,0.0018003600720144,0,0,0,0,0.00590118023604721,0,0.0003000600120024,0.0002000400080016,0.522404480896179,0,0,0.00340068013602721,0,0.0262052410482096,0,0,0,0,0,0,0,0,0,0,0,0,0,0,0,0,0.0003000600120024,0,0.0002000400080016,0,0,0,0,0,0,0,0.0001000200040008,0,0.0031006201240248,0.0001000200040008,0,0.0001000200040008,0.0001000200040008,0,0.0023004600920184,0,0,0,0.00380076015203041,0,0,0,0,0,0,0,0,0.0001000200040008,0.0002000400080016,0,0,0,0,0,0.0013002600520104,0,0,0,0,0,0.000500100020004001,0.0002000400080016,0,0,0.0001000200040008,0,0,0,0,0,0.00350070014002801,0,0,0,0,0,0.0628125625125025,0,0.00600120024004801,0.0001000200040008,0,0,0,0,0.0001000200040008,0,0.0001000200040008,0,0,0,0,0,0,0,0,0.000500100020004001,0,0,0,0,0.0013002600520104,0,0.000400080016003201,0,0,0.0003000600120024,0,0,0.000400080016003201,0.0017003400680136,0.000400080016003201,0,0.000800160032006401,0,0,0.0003000600120024,0,0,0.0003000600120024,0,0,0,0.00540108021604321,0.000400080016003201,0,0,0,0,0,0,0,0,0.00740148029605921,0.0011002200440088,0,0.000400080016003201,0,0,0,0.000400080016003201,0,0,0.0002000400080016,0,0,0,0,0,0.0001000200040008,0,0,0,0,0,0,0,0,0,0.0001000200040008,0.00810162032406481,0,0.0001000200040008,0,0,0,0,0,0,0.096119223844769,0,0,0,0,0,0.003000600120024,0,0,0,0.000900180036007201,0.0001000200040008,0,0,0.0016003200640128,0,0.0022004400880176,0.0021004200840168,0,0.0141028205641128,0,0,0.0019003800760152,0,0,0,0,0,0,0.00730146029205841,0,0,0,0,0.0221044208841768,0,0,0.000600120024004801,0,0.0001000200040008,0.000400080016003201,0,0,0,0,0.000600120024004801,0.0108021604320864,0,0.0001000200040008,0,0,0,0.0002000400080016,0.0026005201040208,0,0.0011002200440088,0.0017003400680136,0.0011002200440088,0,0,0,0.0001000200040008,0,0,0.001000200040008,0,0,0,0,0,0.0560112022404481,0,0,0.0178035607121424,0,0.0002000400080016,0,0,0,0,0,0.0003000600120024,0,0.0482096419283857,0,0,0,0,0.0001000200040008,0,0,0,0,0,0,0,0,0.0001000200040008,0,0,0.0256051210242048,0
0,0,0,0,0.0004999500049995,0,0,0,0,9.99900009999e-05,0,0,9.99900009999e-05,0,0.0018998100189981,0,0,0.0008999100089991,0,0,0,0.0030996900309969,0,0,0,0.196280371962804,0,0,0.0013998600139986,0.000999900009999,0,0,0,0.0306969303069693,0,0,0.0004999500049995,0.0024997500249975,9.99900009999e-05,0,0,9.99900009999e-05,0,0,0,0.0310968903109689,0,0,0,0,0,0,0,0,0,0,0,0,9.99900009999e-05,0,0,0,0,0.0154984501549845,0,0,0,0,0,0,0.0003999600039996,9.99900009999e-05,0,0,0,0.0196980301969803,0,0,0,0.003999600039996,0,0.0007999200079992,0.0246975302469753,0,0,9.99900009999e-05,0.0072992700729927,0,0,0,0.0464953504649535,0,0,0,0,0,0,0,0.001999800019998,0,0,0,0.0010998900109989,0,9.99900009999e-05,0,0,0,0,0.0566943305669433,0,0,0,0.0910908909109089,0,0,0,0,0.0253974602539746,0,0,0.0011998800119988,0,9.99900009999e-05,0.0274972502749725,0,0,0,0,0,0.0035996400359964,0.0043995600439956,0,0,0,0,0.0015998400159984,0,0,0,0.0030996900309969,0,0,0,0,0,0.0014998500149985,0,0,0.0012998700129987,0.0004999500049995,0,0,0,0,0,0,0,0,0.0020997900209979,0,9.99900009999e-05,0,0.0025997400259974,0,0,9.99900009999e-05,0,0,0,0.0004999500049995,0,0,0,0,0,0,0,0.0197980201979802,0.0003999600039996,0,0,0,0,0.0017998200179982,0,0,9.99900009999e-05,0,0,0.0007999200079992,0.0100989901009899,0,0,0,0,0,0.0001999800019998,0,0,0,0,0,0.125587441255874,0,0.0006999300069993,0.0005999400059994,0,0,0,0.0008999100089991,0,0,0.0008999100089991,0.0007999200079992,0,0,0,9.99900009999e-05,0,0,0.0046995300469953,0,0,0,0,0,0,0.0318968103189681,0.0002999700029997,0.0194980501949805,0,0,0.0267973202679732,0,0.0006999300069993,0.0030996900309969,0,9.99900009999e-05,0,0.0002999700029997,0,0,0,0,0,0,0,0,0,0,0.0002999700029997,0.0014998500149985,0,0,0.0063993600639936,0.0001999800019998,0,0.0003999600039996,0.0001999800019998,0,0,0,0.0002999700029997,0.0014998500149985,0,0,0.0053994600539946,0,0.010998900109989,0,0.003999600039996,0.0083991600839916,0,0,0,0,0,0,0.0757924207579242,9.99900009999e-05,0,0.011998800119988,0,0,0,0,0,0.0011998800119988,0.0022997700229977,0,0,0,0,0,0,0.001999800019998,0,0,0.0007999200079992,0
0,0,0,0,0,0,0,0,0,0,0.0026994601079784,0,9.99800039992002e-05,0,0,0,0,0,0,0,0.00729854029194161,0.0028994201159768,9.99800039992002e-05,0.0001999600079984,0,0,0,0.00489902019596081,0.00969806038792242,0,0.0546890621875625,0.0475904819036193,0,0,0,0,0,0.0021995600879824,0,0,0,0,0,0,0,9.99800039992002e-05,0,0.000699860027994401,0,0,0,0,0,0,0,0,0,0,0,0,0,0,0,0,0,0,0.00329934013197361,0,0.0001999600079984,0,0,0,0,0,0,0,0,0,0,0.000799840031993601,0,0,0.00989802039592082,0,0,0.0002999400119976,0,0,0,0.0304939012197561,0,0,0,0,0,9.99800039992002e-05,0,0,0.0002999400119976,0,0,0,0,0,0,0,0,0.0370925814837033,0,0,0,0,0,0,0,0,0,0,0.0280943811237752,0,0,0,0,0.000399920015996801,0.0182963407318536,0,0,0,0,0,0,0.0605878824235153,0,0,0,0,0,0,0.0002999400119976,9.99800039992002e-05,0.00889822035592881,0,0,0,0,0,0,0,0,0,0,0,0,0,0,0,0,0,0,0.00669866026794641,0,0,0,0,0,0,0.0002999400119976,0.000399920015996801,0,0,0,0,0.0001999600079984,0,0,0,0,0,0.0015996800639872,0,0,0,0,0.0020995800839832,0.0001999600079984,0,0,0.0110977804439112,0,0,0,0.0118976204759048,0,0,0,0.0001999600079984,0,0,0,0,0,0,0,0,0.00649870025994801,0.0267946410717856,0,0,0,0.000599880023995201,0.0001999600079984,0,0,0,0,0,9.99800039992002e-05,0,0,0,0,0,0,0,0,0,0,0,0,0,0,0,0,0.0253949210157968,0,0,0,0,0,0,0,0,0,0,0,0,0,0,0,0,0,0,0.000799840031993601,9.99800039992002e-05,0.000599880023995201,0.000699860027994401,0,0,0,0,0,0,0,0.000499900019996001,0.0002999400119976,0,0,0.00659868026394721,0,0.457708458308338,0.0002999400119976,0,0.0544891021795641,0,0,0,0,0,0,0.0025994801039792,0,0,0.00799840031993601,0,0,0,0,0,0,0,0.0112977404519096,0,0,0,0.0250949810037992,0,0,0,0,0.00429914017196561,0
0,0,0,0.00369815092453773,0,0,0,0,0,0.00119940029985007,0,0,0,0,0,0,0,0,0,0,0.00449775112443778,0.00819590204897551,0.000599700149925037,0.000399800099950025,0.000499750124937531,0.220989505247376,0,0,0,0.000599700149925037,0.00499750124937531,0,0,0,0,0,0.00139930034982509,0.000299850074962519,0.000699650174912544,0,0,0,0,0.00209895052473763,0,0.024487756121939,0,0,0.00269865067466267,0,0,0,0.000199900049975012,0,0,0,0,0.00139930034982509,0,0.00279860069965018,9.99500249875062e-05,0,0,0,0,0,0.00109945027486257,0,0,0,0.000599700149925037,0,0,0.000999500249875062,0,0,0,9.99500249875062e-05,0,0.00439780109945028,0.000599700149925037,0,0,0,0.00519740129935032,0,0,0,0.000299850074962519,0.00409795102448776,9.99500249875062e-05,0.000899550224887556,0.0190904547726137,0,0,0.000199900049975012,0,0,0,0,0,0,0,0,0.0015992003998001,0.000399800099950025,0,0.0306846576711644,0.00149925037481259,0.0426786606696652,0,0,0.000399800099950025,0.000299850074962519,0,0.0548725637181409,0,0,0,0,9.99500249875062e-05,0,0,0,0.00389805097451274,0,0,0,0,0,0,0.0122938530734633,0,0,0,0,0.115642178910545,0.00329835082458771,0,0,0.00169915042478761,0,0,0,0,0,0,0.00179910044977511,0.00109945027486257,0,0,0.00109945027486257,0,0,0,0,0,0,9.99500249875062e-05,0.00699650174912544,0,0,0,0,0,0,0,0,0.000199900049975012,0,0,0,0,0.00419790104947526,0,0,0,0.00249875062468766,0.000499750124937531,0,0.00759620189905048,0.000399800099950025,0.00329835082458771,0.00189905047476262,0,0,0,0,0,0,0,9.99500249875062e-05,9.99500249875062e-05,0,0,0,0.000199900049975012,0,0,0,0,0,0,0.000199900049975012,0,0,0,0,0.000299850074962519,0.000299850074962519,0,0,0,0,0.000199900049975012,0,0.00839580209895052,0.000199900049975012,0.0119940029985007,0,9.99500249875062e-05,0,0,0.000499750124937531,0.00869565217391304,0,0,0,0.00269865067466267,0.00149925037481259,0.015792103948026,0,0,0.0407796101949025,0,0,0,0,0,0,0,0,0.00339830084957521,0,9.99500249875062e-05,0,0,9.99500249875062e-05,0,0.00149925037481259,0.00209895052473763,0,0,0,0.00119940029985007,0,0,0,0,0.000599700149925037,0.000199900049975012,0,0,0,0.00649675162418791,0,0,0,0,0.00879560219890055,0,0,0.0341829085457271,0.000299850074962519,0.000899550224887556,0,0,0,0.000499750124937531,0.194702648675662,0,0,0.0230884557721139,0,0,0,0.000299850074962519,0,9.99500249875062e-05,0,0,0,0,0,0.00229885057471264,0.000399800099950025,0.000199900049975012,0,0,0.00589705147426287,0
0,9.99700089973008e-05,0,0,0,0,0.000699790062981106,0.00129961011696491,0,0,0,0,0,0.000199940017994602,0.00209937018894332,0,0,0,0,0,0.0188943317004899,0.0109967009897031,0,0,0,0.0512846146156153,0,0,0.000499850044986504,0,0.0495851244626612,0,0,0,0,0,0,0,0,0,0,0,0,0,0,0.0137958612416275,0,0,0,9.99700089973008e-05,9.99700089973008e-05,0,0,0,0.00129961011696491,0,0,0,0,0.00409877036888933,0,0.00139958012596221,0,0,0,0,0.0208937318804359,0,0,0,0,0,0,0,0,0,0,0,0,0.0166949915025492,0,0.000799760071978406,0,0,0,0.000399880035989203,0.0187943616914926,0,0,0.00659802059382185,0,0,9.99700089973008e-05,0,0,9.99700089973008e-05,0,0,0,0,0,0,0,0,0.000699790062981106,0,0,0.25702289313206,0,0,0,0,0,0.00929721083674898,0,0,0,0,0,0.000899730080975707,0,0,0,9.99700089973008e-05,0,0.00479856043187044,0,0,0,0,0,0.00169949015295411,0,0,0,0,0.000199940017994602,0,0,0,0.000199940017994602,0,0,0,0,0,0,0,0,0,0.00499850044986504,0.000599820053983805,0,0,0,0,0,0.000199940017994602,0,0.00219934019794062,0,0,0,0,0,0,0,0,0,0,0,0,0.000499850044986504,0,0,0,0,0.013296011196641,0.0558832350294912,0,0,0,0,0.00129961011696491,0,0,0,0,0,0,0,0.0366889933020094,9.99700089973008e-05,0,0,0,0,0,0,0,0,0,0,0,0,0.0284914525642307,0.00129961011696491,0,0,0,0,0,0,0,0,0,0.0133959812056383,0,0,0,0,0.00249925022493252,0,0,0,0,0,0,0.00309907027891633,0,0.0495851244626612,0,0,0.076776966909927,0,0,0,0,0,0,0,0,0,0,0,0,0,0,0,0,0,0,0,0,0,0.0134959512146356,0.000199940017994602,0,0,0,0,0,0,0,9.99700089973008e-05,0,0,0,0,0.00209937018894332,0,0,0,0,0,0,9.99700089973008e-05,0,0,0.194141757472758,0,0,0,0,0,0,0,0,0,0,0,0,0,0,0.00279916025192442,0,0.000399880035989203,0,0,0,0
9.99200639488409e-05,0,0,0.000299760191846523,0,0,0.000199840127897682,0,0,0,9.99200639488409e-05,0,0,0,0,0,0,0,0,0,0.000299760191846523,0.00569544364508393,0,9.99200639488409e-05,0,0.0245803357314149,0,0,0,0.00869304556354916,0.0102917665867306,0,0,9.99200639488409e-05,0,0,0.00109912070343725,0.00849320543565148,9.99200639488409e-05,0,0,0,0,0.000999200639488409,0,0.000299760191846523,0.000199840127897682,9.99200639488409e-05,0,0,0.000599520383693046,0,0,0,0.000499600319744205,0,0,0,0,0.00279776179056755,0,0,0,0,0,9.99200639488409e-05,0.0143884892086331,0.000699440447641887,0.000199840127897682,0,0.00309752198241407,0,0,9.99200639488409e-05,0.000199840127897682,0,0,0,0,0.00199840127897682,0,9.99200639488409e-05,0.00199840127897682,0,9.99200639488409e-05,0,0,0,0,0.0170863309352518,0.069744204636291,0.00139888089528377,0.000199840127897682,0,0,0,0,0,0.00399680255795364,0,0,0,0,0,9.99200639488409e-05,9.99200639488409e-05,0,0.00709432454036771,0,0.00259792166266986,0.000299760191846523,0,0,0,0,9.99200639488409e-05,0,9.99200639488409e-05,0.00329736211031175,9.99200639488409e-05,0,0,0.000399680255795364,0.000199840127897682,0.0266786570743405,0,0.000199840127897682,0,0,0,0.000599520383693046,0.000999200639488409,0,0.000399680255795364,0,9.99200639488409e-05,0.597222222222222,0,0,0,0.00209832134292566,0,0,0,0,0,0.000799360511590727,0,0,0,0,0.000299760191846523,0.00409672262190248,0,0,0,0,0,0,0.000199840127897682,0,0,0,0,9.99200639488409e-05,0,0,0,0,0,0.000199840127897682,0,0,0.0016986410871303,0.00519584332533973,0,0,0.000499600319744205,0.00519584332533973,0,0,0.000499600319744205,0,0.000199840127897682,0.000199840127897682,0,0,0,0,0,0.000599520383693046,0.00589528377298161,0.000299760191846523,0,0.00269784172661871,0,0,0,9.99200639488409e-05,0.0309752198241407,0,0,0,0,0,0.000399680255795364,9.99200639488409e-05,0.000499600319744205,0,0.0021982414068745,0,0,0,0.000399680255795364,0.00179856115107914,0,0.00139888089528377,0.000499600319744205,0,0,0,0,0.00249800159872102,0,9.99200639488409e-05,0,0,0,0,9.99200639488409e-05,0.000499600319744205,9.99200639488409e-05,0,0.013189448441247,0,0,0,0,0,0,0,0,0,0,0,0,9.99200639488409e-05,0,0,0,0.000199840127897682,0.000799360511590727,0.000499600319744205,0,0.00129896083133493,0.00139888089528377,0.000199840127897682,0,0.000399680255795364,0.000499600319744205,0.000199840127897682,0,0,0.00189848121502798,0,0,0,0.000399680255795364,0,0.0539568345323741,0,0.00129896083133493,0,0,0.000199840127897682,0.000299760191846523,9.99200639488409e-05,0,9.99200639488409e-05,0.000299760191846523,0,0,0.00689448441247002,0,0,0,0,0,0.000899280575539568,0.0109912070343725,0,0,0,0,0.00269784172661871,9.99200639488409e-05,0.00379696243005596,0,0,0.00319744204636291,0
0,0,0,0.0126987301269873,0,0,0,0,0,0,0,0,0.0003999600039996,0,0.0005999400059994,0,0,0,0,0,0,0,0,0,0,0.312468753124688,0,0,0.0024997500249975,0,0,0.0064993500649935,0,0.0086991300869913,0,0,0.0036996300369963,0,0,0,0,0,0,0,0,0.0003999600039996,0,0,0,0,0,0.0016998300169983,0,0,0.0046995300469953,0,0,0,0,0,0,0,0,0,0,0,0.0155984401559844,0,0,0,0,0,0,0,0,0,0,0,0,0.0098990100989901,0,0,0,0,0,9.99900009999e-05,0,0,0,0,0,0.0017998200179982,0,0,0,0,0,0,0,0,0,0.0017998200179982,0,0,0,0,0,0,0,0,0,0,0,0.0170982901709829,0,0,0,0,0.0214978502149785,0,0.0003999600039996,0,0,9.99900009999e-05,0.014998500149985,0,0,0,0,0,0,0,0,9.99900009999e-05,0,0,0.0006999300069993,0,0,0,0.0011998800119988,0,0,0,0,0,0.0045995400459954,0.001999800019998,0,0,0,0,0,0,0.0002999700029997,0,0,0,0,0,0,0,0,0,0,0,0,9.99900009999e-05,0.0001999800019998,0,0,0,0,0,0,0,0,0.0292970702929707,0.0040995900409959,0,0,0,0,0,0,0,0,0,0,0,0,0.0405959404059594,0.0001999800019998,0.0003999600039996,0,0,0,0,0,0,0,0,0,0,0,0.0033996600339966,0,0,0,0,0,0,0,0,0,0,0,0,0.045995400459954,0,0,0,0,0,0,0,0,0,0,0,0,0,0,0.109289071092891,0,0,0,0,0,0,0,0,0,0,0,0,0,0.0010998900109989,0,0,0,0,0,0,0,0.0011998800119988,0.0002999700029997,0,0,0,0,0,0,0.0021997800219978,0,0,0,0,0,0,0,0,0.0100989901009899,0,0,0,9.99900009999e-05,0,0,0.226377362263774,0,0,0.0515948405159484,0,0,0,0,0,0,0,0,0,0,0,0,0,0.0054994500549945,0,0,0.0213978602139786,0
0,0,9.99600159936026e-05,0,0,0,0.000199920031987205,0,0,0,0,0,0,0,0.0121951219512195,0,0,0,0,0,0.000499800079968013,9.99600159936026e-05,0,0,0,0.0703718512594962,0,0,0.00249900039984006,0.00609756097560976,0.000299880047980808,0,0,0,0,0,0.00329868052778888,0,0,0,0,0,0,0,0,0,0,0,0,0,0,0,0,0.000499800079968013,0,0,0,0.00079968012794882,0,0,0,0,0.00039984006397441,0,0,0,0,0,0,0,0.000699720111955218,0,0,0,0,0,0,0,0,0,0,0,0,0,0,0.00199920031987205,9.99600159936026e-05,0,0,0.00269892043182727,0,0.00119952019192323,0.00209916033586565,0,0,0,0,0,0,0,0,0.00039984006397441,0.00309876049580168,0,0,0,0,0,0,0,0,0,0,0.00249900039984006,0,0.000299880047980808,0,0,0,0,9.99600159936026e-05,0,0,0.000699720111955218,0.00539784086365454,0,0,0,0,0,0,0,0,0,0.00109956017592963,0,0.000299880047980808,0,0.0076969212315074,0,0.0808676529388245,0,0,0,0,0,0,0,0,0,0,0.000299880047980808,0,0,0,0,0,0,0,0,0,0,0,0,0,0,0,0,0,0.00149940023990404,0,0,0,0,0.00149940023990404,0,0,0,0,0,0,0,0,0,0,0,0,0,0,0,0,0.00119952019192323,0.00129948020791683,0,0,0,0,0,0,0,0,0,0,0,0,0.00169932027189124,0.000699720111955218,0,0,0.00249900039984006,0,0,0,0,0,0,0,0,0.0677728908436625,0,0,0,0,0,0,9.99600159936026e-05,0,0,0.00599760095961615,0,0,0,0,0.00339864054378249,0,0,0,0,0,0.0118952419032387,0,0,0,0,0,0,0,0,0,0,0,0,0,9.99600159936026e-05,0,0.00039984006397441,0.00169932027189124,0,9.99600159936026e-05,0,9.99600159936026e-05,0,0,9.99600159936026e-05,0,0.000499800079968013,0,0,0,9.99600159936026e-05,0,0,0.213814474210316,0,0.00079968012794882,0,0,0,0,0.438924430227909,0,0,0,0,0,0,0,9.99600159936026e-05,0,0,0,0,0,0,0.0329868052778888,0,0,0,0,0.00179928028788485,0
0,0,9.98901208670463e-05,0,0.000599340725202278,0,0,0.00149835181300569,0,0,0,0,0,0,0.00139846169213865,0,0,9.98901208670463e-05,0,0.00319648386774548,0.00639296773549096,0,0,0,0,0,0,0,0.000299670362601139,0,0,0,0,0.0208770352612127,0.000199780241734093,0,0,0.000199780241734093,0,0,9.98901208670463e-05,0,0,0,0,0,0.00779142942762961,9.98901208670463e-05,0,0,0.000199780241734093,0,0,9.98901208670463e-05,0,0,9.98901208670463e-05,0,0,0.00379582459294776,0.000299670362601139,0,0,0.00948956148236939,0,0,0.00219758265907502,0,0,0.0304664868644491,0.000499450604335231,0,0,0.000299670362601139,0,0,0,9.98901208670463e-05,0,0.00509439616421936,0,0.000499450604335231,0.000299670362601139,9.98901208670463e-05,0,0,0,0,0,0,0,9.98901208670463e-05,0,0,0.00329637398861253,0.000199780241734093,0,0,0,0,0.000599340725202278,0,0,0,0,0,0,0.513734891619219,0.000499450604335231,0.0040954949555489,0.000199780241734093,0,0,0,0,9.98901208670463e-05,0,9.98901208670463e-05,0.0192787933273399,0,0,0.00149835181300569,0,0,0,0.0338627509739287,0,0.00179802217560683,0.000499450604335231,0,0,0.0169813205473979,9.98901208670463e-05,9.98901208670463e-05,0,0,0.00079912096693637,0,0,9.98901208670463e-05,0.0718209969034063,0,0,0,0,0,0.00189791229647388,0,0,0,0.0053940665268205,0.000499450604335231,0,0.00159824193387274,0,0,0,0,0.000699230846069324,0,0,0,0,0,0,0,0,0,0,0.00149835181300569,0.000299670362601139,0,0,0,0,0,0,0,0.0038957147138148,0,0.00379582459294776,0,0,0,0.00239736290080911,0,0,0,0,0,9.98901208670463e-05,0.0038957147138148,9.98901208670463e-05,0,0,0,0,0,0,0.0262711017880332,0,0,0.000199780241734093,0.000599340725202278,0,0.00219758265907502,0,0,0,9.98901208670463e-05,0,0,0.00309659374687843,0.000299670362601139,0,9.98901208670463e-05,0.00589351713115573,0.000499450604335231,0,0,0.00739186894416142,0.00529417640595345,0,0.00229747277994206,9.98901208670463e-05,0,0,0,0.00209769253820797,0.000199780241734093,0,9.98901208670463e-05,0,0.0522425332134652,0,0,0,0.000199780241734093,0,0,0,0,0,0.00239736290080911,0,0.00948956148236939,0,0,0,0,0.000299670362601139,0,0.00079912096693637,9.98901208670463e-05,0,0.0025971431425432,0.0235740685246229,0,9.98901208670463e-05,0,0.000899011087803416,0,0,0.0025971431425432,0,0,0,0,0,0.00289681350514434,0.000199780241734093,0,0.0500449505543902,0,0,9.98901208670463e-05,0,0.000199780241734093,0,0,0.000199780241734093,0,0,0,0,0,0,0.00199780241734093,9.98901208670463e-05,0,0,0,0,0,0,0,0,0,0,0,0
0,0,0,0.011001100110011,0,0,0.0135013501350135,0,0,0,0,0,0,0,0.0089008900890089,0.0038003800380038,0,0,0,0,0,0,0.0064006400640064,0.0005000500050005,0,0.183918391839184,0,0.0001000100010001,0.0101010101010101,0.0005000500050005,0,0,0,0,0,0,0,0,0,0,0,0,0,0,0,0,0,0,0.0057005700570057,0,0,0,0,0,0,0,0,0.0016001600160016,0,0,0.0016001600160016,0,0,0,0,0,0,0,0,0.0001000100010001,0,0,0,0,0,0,0,0,0,0,0,0,0.016001600160016,0,0,0.0007000700070007,0,0,0.0003000300030003,0,0,0.0015001500150015,0,0.0078007800780078,0,0,0.003000300030003,0,0,0,0,0.0003000300030003,0.0002000200020002,0,0,0,0.0112011201120112,0.121412141214121,0,0,0,0,0.001000100010001,0,0,0,0,0,0,0,0,0,0,0,0,0,0,0,0,0,0,0,0,0,0.0108010801080108,0,0.0266026602660266,0.0043004300430043,0,0,0.0012001200120012,0,0,0,0,0,0,0.0063006300630063,0,0,0,0,0,0,0.0001000100010001,0,0.0053005300530053,0,0,0,0.0001000100010001,0,0,0,0,0,0.0033003300330033,0.0006000600060006,0,0.0005000500050005,0,0.0028002800280028,0,0,0.0033003300330033,0,0,0,0,0,0,0.0062006200620062,0,0.023002300230023,0,0,0,0,0,0,0,0,0.0009000900090009,0,0,0.0001000100010001,0.0161016101610161,0,0,0,0,0,0,0,0,0,0,0,0.0002000200020002,0.0009000900090009,0,0,0,0,0,0,0,0.0041004100410041,0.0257025702570257,0,0,0,0,0,0,0,0,0,0,0.0008000800080008,0,0,0.0007000700070007,0.0111011101110111,0.0002000200020002,0,0,0,0,0.0004000400040004,0,0,0,0,0.0015001500150015,0,0,0,0,0,0,0,0,0.0003000300030003,0,0,0,0,0,0,0,0,0,0.0002000200020002,0.0425042504250425,0.0001000100010001,0,0,0,0.002000200020002,0,0,0.0255025502550255,0,0.0012001200120012,0,0,0,0,0.342734273427343,0,0.0005000500050005,0.0135013501350135,0,0.0002000200020002,0.0002000200020002,0,0,0.0018001800180018,0,0,0,0,0,0,0,0.0007000700070007,0,0,0,0.0003000300030003
0,9.99000999000999e-05,0,0.000699300699300699,0.0001998001998002,9.99000999000999e-05,9.99000999000999e-05,0,0,0.0002997002997003,0,0,0,0,0.00739260739260739,0,0.0015984015984016,0.0002997002997003,0.0004995004995005,9.99000999000999e-05,0.0027972027972028,0.000999000999000999,0.0004995004995005,9.99000999000999e-05,0.0003996003996004,0.229070929070929,0,0,0.000799200799200799,0,0,0,0,0.0024975024975025,0.0002997002997003,0,0,9.99000999000999e-05,0,0.000699300699300699,0.0010989010989011,9.99000999000999e-05,0,0.0033966033966034,9.99000999000999e-05,0.001998001998002,0,9.99000999000999e-05,0.000899100899100899,0.0002997002997003,9.99000999000999e-05,0,0,0,0,0,0,0.0034965034965035,0,0.0002997002997003,0.0003996003996004,9.99000999000999e-05,0,0,0,0.0001998001998002,0.0043956043956044,9.99000999000999e-05,0,0,9.99000999000999e-05,9.99000999000999e-05,0,0.0010989010989011,0,0,0,0,0,9.99000999000999e-05,0,9.99000999000999e-05,0.0011988011988012,0.0004995004995005,0,0.0001998001998002,0,9.99000999000999e-05,9.99000999000999e-05,0.0014985014985015,0,0.000699300699300699,0.0115884115884116,0,0,9.99000999000999e-05,0.0020979020979021,0,0.000799200799200799,0,0,0,0,9.99000999000999e-05,0.0002997002997003,0,0.0037962037962038,0.334465534465534,0.0004995004995005,0.00519480519480519,0,0,0,0.000899100899100899,0,0.00689310689310689,9.99000999000999e-05,0,0.0030969030969031,0,0,0,0,9.99000999000999e-05,0.0012987012987013,0,0.0013986013986014,0,9.99000999000999e-05,0,0.0001998001998002,0.0002997002997003,0.0003996003996004,0,0,0,0.0424575424575425,0,0,0,0.0629370629370629,0,0,0,0.0001998001998002,0,0.000599400599400599,0.0012987012987013,0,9.99000999000999e-05,0,0.0001998001998002,0,0,9.99000999000999e-05,0,0,0,0,0.0003996003996004,0,0,0,0,0,0.0002997002997003,0.0011988011988012,9.99000999000999e-05,0,9.99000999000999e-05,9.99000999000999e-05,0.000799200799200799,0.0023976023976024,0,0,0,0,9.99000999000999e-05,0.0023976023976024,0,0.0018981018981019,0.0002997002997003,0,0,0.0003996003996004,0,0,0,0,0,0,0.0004995004995005,0.0001998001998002,0,0.000699300699300699,9.99000999000999e-05,0.000999000999000999,9.99000999000999e-05,0,0,0,0,0,0,0,0.0022977022977023,0.0001998001998002,0,0,0.0002997002997003,0,0,0,0,0,0,0,9.99000999000999e-05,0.0172827172827173,0,0,0.0016983016983017,0.00769230769230769,0,0.0015984015984016,0,9.99000999000999e-05,9.99000999000999e-05,0.0052947052947053,0.0002997002997003,0.00659340659340659,0.0002997002997003,0,0,0.0010989010989011,0,0,0,0.000899100899100899,0,0,0,0,0,0,0,0,0,0.0001998001998002,0,0,9.99000999000999e-05,0.0001998001998002,9.99000999000999e-05,0,0.00769230769230769,0.0036963036963037,0,0,0,0.0020979020979021,0.0016983016983017,0,0.0001998001998002,0,0,0,0,0,0.00849150849150849,0.000799200799200799,0,0.0147852147852148,0,0,0,0.000599400599400599,9.99000999000999e-05,9.99000999000999e-05,0.138461538461538,0,0,9.99000999000999e-05,0,0.0004995004995005,0.0011988011988012,0,0.0001998001998002,0.0011988011988012,0.0001998001998002,0,0,0,0,0,0,0.002997002997003,0,0,0.0011988011988012,0
0,0,0,0,0,0,0,0,0,0,0,0,0,0,0.0021997800219978,0,0,0.0002999700029997,0,0.0036996300369963,0.0087991200879912,0.0007999200079992,0,0.0007999200079992,0,0.224077592240776,0,0,0.004999500049995,0.0008999100089991,0,0,0,0.0100989901009899,0,0,0.0062993700629937,0,0.0065993400659934,9.99900009999e-05,0,0.0002999700029997,0,0.0073992600739926,0,0.0213978602139786,0,0.0001999800019998,0.0001999800019998,0,0.0010998900109989,0,0,0,0.0010998900109989,0,0,0.0004999500049995,0,0.0118988101189881,0.0004999500049995,0,0,0,0,0,0,0,0,0,0.0056994300569943,0,0,0,0,0,0,0,0,0.0003999600039996,0,0.0045995400459954,0,0,0.0001999800019998,0,0,0,0,0,0,0.0004999500049995,0.0450954904509549,0,0.0174982501749825,0.0197980201979802,0,0,0,0,0,0.0003999600039996,0,0,0.0002999700029997,0,0,0.0656934306569343,0,0.0055994400559944,0,0,0,0,0,0,0,0,0.0004999500049995,0,0,0,0,9.99900009999e-05,0,0,0,0,0,0,0.0026997300269973,0.0010998900109989,0,0,0,0,0.0003999600039996,0.0002999700029997,0,0,0.0018998100189981,0,0.0002999700029997,0,0,0,0,0,0,0,0.0022997700229977,0,0,0,0,0,0,0,0,0.0175982401759824,0,0,0,0,0,0,0,9.99900009999e-05,0,0,0.0003999600039996,0,0,0.0028997100289971,0,0,0,0,0.0006999300069993,0,0,0,0,0,0.0013998600139986,0,0,0,0,0,0,0.007999200079992,0.0007999200079992,0,0,0,0,0,0,0,0,0,0,0.0002999700029997,0,0.0003999600039996,9.99900009999e-05,0,0.0004999500049995,0.0028997100289971,0,0,0,0,0.0003999600039996,0.0001999800019998,0.0032996700329967,0.0370962903709629,0.0431956804319568,0,0,0,0,0,0,0,0.0064993500649935,0,0.0157984201579842,0,0.0022997700229977,0.0020997900209979,0,0.0287971202879712,0,0,0,0,0.0001999800019998,9.99900009999e-05,0,0,0,0.0027997200279972,0.0002999700029997,0,0,0,0,0,0,0,0,0,0.0003999600039996,0.0085991400859914,0,0,0,0.0005999400059994,0,0,0,9.99900009999e-05,0,0,0,0,0.0010998900109989,0.0042995700429957,0,0.0007999200079992,0,0,0,0,0,0,0.0071992800719928,0.258874112588741,0,0,0.0117988201179882,0,0,0,0.0008999100089991,0,0.0048995100489951,0.0006999300069993,0,0,0,0,0.0208979102089791,0.0007999200079992,9.99900009999e-05,0,0,0.0090990900909909,0
0,0,0,0,0,0,0,0,0.0596344021576266,9.98901208670463e-05,0,0,0,0.0040954949555489,0.000899011087803416,0,9.98901208670463e-05,9.98901208670463e-05,0,0,0.0132853860753172,0.00209769253820797,0,0,0,0.145040455498951,0,0,0.0133852761961842,0,0.0116871441414444,0,0,0.00299670362601139,0.000699230846069324,0,0.000998901208670463,0.015083408250924,0,0,0,0,0,0,0,9.98901208670463e-05,0,0.00119868145040456,0,0,0,0,0,0,0,0,0,0,0,0.0298671461392468,0,0,0,0.000399560483468185,0,0,0.00329637398861253,0,0,0,0.00189791229647388,0,0,0.0053940665268205,0.000199780241734093,0,0,0,0,0.000699230846069324,0,0.000499450604335231,0.00559384676855459,0,0.0375586854460094,0.00119868145040456,9.98901208670463e-05,0,0,0.00159824193387274,0.00079912096693637,0.0241734092498252,9.98901208670463e-05,0,0,0,0,0,9.98901208670463e-05,0.00379582459294776,0,0,0,9.98901208670463e-05,0,0,0.0120867046249126,0.00369593447208071,0,0.00339626410947957,0,0,0,0.00179802217560683,0,0,0,9.98901208670463e-05,0.0242732993706922,0,0,0,0,0,0.000499450604335231,0,0,0,0,9.98901208670463e-05,0,0.00988912196583758,0,0.0139846169213865,0,0,0.069123963639996,0,0,0,9.98901208670463e-05,0,0,9.98901208670463e-05,0,0,0.00549395664768754,0.00119868145040456,0,0.00339626410947957,0.000199780241734093,0.00149835181300569,0,0,0,0,0.00199780241734093,0,0,0.000499450604335231,0,0.000299670362601139,0,9.98901208670463e-05,0,0,0,0,0,9.98901208670463e-05,0.000199780241734093,0.00349615423034662,0,0,0.000499450604335231,0,0,0.0257716511836979,0.00918989111976825,0,0.0218759364698831,0.000299670362601139,0,0,0,0,0,0,0.00249725302167616,0.000299670362601139,0,0.00159824193387274,0.000998901208670463,0,0,0,0.000899011087803416,0,9.98901208670463e-05,0.0130856058335831,0,0.00079912096693637,0,0.0786135251223654,9.98901208670463e-05,0.000399560483468185,0,0,0,0,9.98901208670463e-05,0,0.00339626410947957,0,0.000899011087803416,0,0.0025971431425432,0.0126860453501149,0,0,0.00209769253820797,0.00649285785635801,9.98901208670463e-05,0,0.00569373688942164,0,0,0,0,0,0.0168814304265308,0,0,0.00449505543901708,0,0,0.000299670362601139,0.00299670362601139,0,9.98901208670463e-05,0,0,0.00459494555988413,0,0.00079912096693637,0.00119868145040456,0,0.000299670362601139,0,0,0,0.000399560483468185,0.0012985715712716,0,0.0025971431425432,0.000299670362601139,0.00319648386774548,0,9.98901208670463e-05,0.00109879132953751,0.00189791229647388,0,0,0,0,0,0,0.00149835181300569,0.00339626410947957,0.0570372590150834,0,0,0.000599340725202278,0.000499450604335231,0,0,0,0.000199780241734093,0.000599340725202278,0.143142543202477,0,0,0.00529417640595345,0,0,0,0,0,0.00239736290080911,0.0012985715712716,0,0,0,0,0,0,0.000399560483468185,0,0,0.00349615423034662,0
0,0,0,0,0,0,0.0002999400119976,0.0002999400119976,0,0,0,0,0,9.99800039992002e-05,0.00339932013597281,0,0,9.99800039992002e-05,0,0,0.0001999600079984,9.99800039992002e-05,0,0.001999600079984,0,0.251149770045991,0,0,0.0027994401119776,0.0013997200559888,0.00779844031193761,0,0,0.00989802039592082,0,0,9.99800039992002e-05,0.000599880023995201,0,0,0,0,0,0.001499700059988,0,0.0001999600079984,0,0,0,0,0,0,0,0,0,0,0,0,0,9.99800039992002e-05,0,0.0028994201159768,9.99800039992002e-05,0,0,0,0.00949810037992401,0,0,0.0020995800839832,0.000399920015996801,0,0,0.0001999600079984,0,0,0,0,0,9.99800039992002e-05,0,0,0,0,0.0028994201159768,0,0.0116976604679064,0.0721855628874225,0,0.0001999600079984,0.00409918016396721,0.002999400119976,0.00389922015596881,0,0,0,0,0,0.0001999600079984,0,0,0,0,0.0001999600079984,9.99800039992002e-05,0,9.99800039992002e-05,0.239552089582084,0,0,0,0.00379924015196961,0,9.99800039992002e-05,0,0,0,0,0.00699860027994401,0,0,0,0,0.0002999400119976,0.000499900019996001,0,0,0,0,0,0,0.000899820035992801,0,9.99800039992002e-05,0,0,0.028994201159768,0,0,0,0,0,0,0,0,0,0,0,0,9.99800039992002e-05,0.0002999400119976,0.000699860027994401,0,0,9.99800039992002e-05,0,0,0,9.99800039992002e-05,0.00369926014797041,0,0,0,0,0,0.0001999600079984,0,0,0,0,9.99800039992002e-05,0,0.0001999600079984,0,0,0,0,0.014497100579884,0.0017996400719856,0,0,0,0,0,0,0,0,0,0,0,0,9.99800039992002e-05,9.99800039992002e-05,0,0,0,0.00419916016796641,0,0,0,0,0,0,9.99800039992002e-05,9.99800039992002e-05,0,0,0,0,9.99800039992002e-05,0,0,0,0,9.99800039992002e-05,0,0.0017996400719856,0.0027994401119776,0,0,0.0102979404119176,0.00349930013997201,0,0,0,9.99800039992002e-05,0,0,0.0015996800639872,0,0.0012997400519896,0,0,9.99800039992002e-05,0,0,0.000699860027994401,0,0,0,0,0,0,0,0,0,0,0,0,0,0.00389922015596881,0.0002999400119976,0.000599880023995201,0,0,0,0,0,0.000399920015996801,0.000799840031993601,0,0,0,0,0.0291941611677664,0,0,0,0,0.00519896020795841,0,9.99800039992002e-05,0.0472905418916217,0,0,0,0,0,9.99800039992002e-05,0.176364727054589,0,0,0.00409918016396721,0,0,0,0,0,0.0012997400519896,0,0,0,0,0,0.000399920015996801,0,0,0,0,0.00399920015996801,0
0,0,0.000100040016006403,0,0,0,0.000100040016006403,0,0,0,0,0,0,0,0.00150060024009604,0,0,0,0,0.000100040016006403,0,0,0,0,0,0,0,0,0,0.0443177270908363,0,0,0,0,0,0,0,0.0481192476990796,0,0,0,0,0,0.0039015606242497,0,0,0,0,0,0,0,0,0,0,0.00110044017607043,0,0,0,0,0,0.00110044017607043,0,0,0,0,0,0,0,0.000100040016006403,0.00100040016006403,0,0,0,0,0.317927170868347,0,0,0,0,0,0,0,0,0,0.0134053621448579,0,0,0,0,0.0131052420968387,0,0,0,0,0,0,0,0,0,0.000300120048019208,0,0.000800320128051221,0,0,0,0,0.0365146058423369,0,0,0,0,0,0,0,0,0,0,0,0.126150460184074,0.000200080032012805,0,0,0,0.00040016006402561,0,0,0,0,0,0,0,0,0,0,0,0,0,0,0,0,0,0,0,0,0,0,0,0,0.000100040016006403,0,0,0,0,0,0,0,0.00170068027210884,0,0,0,0,0,0,0,0,0,0,0,0,0,0,0,0,0,0,0,0,0,0.0522208883553421,0,0,0,0,0,0,0,0,0,0,0,0,0,0,0,0,0,0,0,0,0,0,0,0,0.00430172068827531,0,0,0,0,0,0.000300120048019208,0,0,0,0,0,0,0.0517206882753101,0.0163065226090436,0,0,0,0,0,0,0,0,0,0,0,0,0,0,0,0.110644257703081,0,0,0,0,0,0,0,0,0,0,0,0,0,0,0,0,0,0,0.0185074029611845,0,0,0,0,0,0,0.00040016006402561,0,0,0,0,0,0.000100040016006403,0,0,0,0.0716286514605842,0,0,0,0,0,0,0,0,0.00140056022408964,0,0,0,0.00180072028811525,0,0,0,0,0,0,0,0,0,0,0.00210084033613445,0,0,0,0,0,0.0565226090436174,0
0.000100040016006403,0,0.000100040016006403,0.00240096038415366,0,0,0,0,0,0.00270108043217287,0,0,0,0,0.00220088035214086,0,0.0186074429771909,0,0,0.000100040016006403,0,0.0165066026410564,0.00320128051220488,0,0,0.10344137655062,0,0,0.00100040016006403,0,0,0,0.000700280112044818,0.0040016006402561,0,0,0.00120048019207683,0.0643257302921168,0,0,0,0,0,0,0,0.00140056022408964,0,0,0,0,0,0,0,0,0,0.000800320128051221,0.00110044017607043,0,0,0,0.000800320128051221,0,0,0,0,0,0.000500200080032013,0,0.000200080032012805,0.0205082032813125,0,0,0,0,0,0,0,0,0,0,0,0,0.00420168067226891,0,0,0.000100040016006403,0.0189075630252101,0,0.000700280112044818,0,0,0.000800320128051221,0.00330132052821128,0,0,0.000100040016006403,0,0,0.00230092036814726,0,0,0.00040016006402561,0,0,0,0,0,0.0475190076030412,0,0.00960384153661465,0,0,0,0,0,0.0274109643857543,0,0.000100040016006403,0.0751300520208083,0,0,0,0,0,0.00170068027210884,0.0039015606242497,0,0,0,0,0,0.0163065226090436,0,0,0,0,0.00440176070428171,0.00580232092837135,0,0.000700280112044818,0.000200080032012805,0,0,0.00340136054421769,0,0,0,0.0206082432973189,0,0,0,0.00650260104041617,0.000100040016006403,0,0,0,0,0,0,0,0,0,0,0,0,0,0,0,0,0,0,0,0,0,0,0,0,0,0,0,0,0,0,0.00480192076830732,0,0,0,0,0,0,0,0.0140056022408964,0.000200080032012805,0,0,0,0.00320128051220488,0,0,0,0,0,0,0,0,0.0266106442577031,0,0,0,0,0,0,0,0,0.00230092036814726,0,0,0,0,0,0.0116046418567427,0,0,0,0.00490196078431373,0,0,0,0,0,0.0362144857943177,0,0,0.0078031212484994,0,0,0,0,0,0,0,0,0,0,0.000300120048019208,0,0,0,0,0,0.00210084033613445,0,0,0,0,0.00490196078431373,0.00340136054421769,0,0,0.00610244097639056,0,0,0,0,0,0,0,0,0,0.0248099239695878,0.00040016006402561,0,0.00740296118447379,0,0,0,0,0,0,0.230992396958784,0,0,0.0623249299719888,0,0,0,0,0,0.00740296118447379,0,0,0,0,0,0,0,0.000100040016006403,0,0,0.038015206082433,0
0.00230069020706212,0,0,0,0,0,0,0,0,0,0,0,0,0,0.00870261078323497,0,0,0,0,0,0,0,0,0.127738321496449,0,0.238571571471441,0,0,0.045813744123237,0.0790237071121336,0,0,0,0,0,0,0,0,0,0,0,0,0,0,0,0,0,0,0,0,0,0,0,0,0,0,0,0,0,0,0,0,0,0,0,0,0.00850255076522957,0,0,0,0,0,0.00100030009002701,0,0,0,0,0,0,0,0,0,0,0,0,0,0,0,0.00110033009902971,0,0,0.0236070821246374,0.00250075022506752,0,0,0.000200060018005402,0,0,0,0,0,0.00880264079223767,0,0,0,0,0,0,0,0,0,0,0.00160048014404321,0,0,0,0,0,0.0302090627188156,0.000600180054016205,0,0,0,0,0.0232069620886266,0,0,0,0,0,0.00380114034210263,0,0,0,0,0,0.00670201060318095,0,0,0,0,0,0,0,0,0,0,0,0,0,0,0,0,0,0.000200060018005402,0,0,0,0,0,0.00770231069320796,0,0,0,0,0,0,0,0,0,0,0,0,0,0,0.000200060018005402,0,0,0,0,0,0,0,0,0,0,0,0,0,0,0,0,0,0.0129038711613484,0,0,0,0,0,0,0,0,0,0,0,0,0.0149044713414024,0.000600180054016205,0,0.0103030909272782,0,0,0,0,0,0,0,0,0,0,0,0,0,0,0,0,0,0.00360108032409723,0,0,0,0,0,0,0,0,0,0,0,0,0,0,0,0,0,0,0,0,0,0,0,0,0,0,0,0,0,0,0,0.00370111033309993,0,0,0,0,0,0,0.00120036010803241,0,0,0.00220066019805942,0,0,0.316094828448535,0,0,0,0,0,0,0,0,0,0,0,0,0.00280084025207562,0,0,0,0,0,0,0,0,0,0,0.00960288086425928,0,0,0,0
0.0001000200040008,0,0,0,0,0,0,0,0,0,0,0,0,0,0.0002000400080016,0,0.000500100020004001,0,0,0,0,0.00430086017203441,0,0.000700140028005601,0,0.0758151630326065,0,0,0.00500100020004001,0.001500300060012,0.00250050010002,0,0,0.0262052410482096,0,0,0.00660132026405281,0,0.000600120024004801,0,0,0,0,0,0,0.0001000200040008,0,0,0,0,0,0,0,0,0,0,0,0,0,0.00510102020404081,0,0,0,0,0,0,0.0142028405681136,0,0,0.00420084016803361,0.00660132026405281,0,0,0,0,0,0.001000200040008,0,0,0.00620124024804961,0,0,0.00710142028405681,0,0,0.0011002200440088,0,0,0,0.000900180036007201,0,0,0.000800160032006401,0,0,0.0001000200040008,0,0,0.003000600120024,0,0,0,0,0,0,0,0,0.00860172034406881,0,0,0,0,0.0297059411882376,0.0012002400480096,0,0.0151030206041208,0,0,0.00830166033206641,0,0,0,0.0027005401080216,0,0.000900180036007201,0,0.00440088017603521,0,0,0,0,0,0,0,0,0.00600120024004801,0.0464092818563713,0.0152030406081216,0,0,0.000500100020004001,0,0,0.0012002400480096,0,0.0001000200040008,0,0,0,0.000700140028005601,0,0,0,0,0,0,0,0,0,0,0,0,0,0,0,0,0.00320064012802561,0,0.000400080016003201,0,0.000900180036007201,0,0,0,0,0,0,0.0333066613322665,0.00320064012802561,0,0,0.00380076015203041,0,0,0.00400080016003201,0,0,0,0,0,0,0.00340068013602721,0.0001000200040008,0,0,0,0,0,0,0,0,0,0,0.220344068813763,0.0001000200040008,0,0,0,0.0001000200040008,0,0,0,0,0,0.000400080016003201,0,0,0,0.0552110422084417,0,0.0013002600520104,0,0,0,0,0,0,0,0.00870174034806961,0,0,0,0,0.0126025205041008,0,0,0.000400080016003201,0,0,0.0027005401080216,0,0,0,0,0.0019003800760152,0.0001000200040008,0,0,0,0,0,0,0.0028005601120224,0,0.00520104020804161,0,0,0,0.000600120024004801,0.000600120024004801,0,0,0.0014002800560112,0.000500100020004001,0.0269053810762152,0,0,0,0,0.0223044608921784,0,0,0.02750550110022,0,0,0,0,0,0,0.200440088017604,0,0,0.0273054610922184,0,0,0,0,0,0,0,0,0,0,0,0.010502100420084,0,0.000400080016003201,0,0,0.0019003800760152,0
0,0,0,0,0,0,0,0,0,0,0,0,0,0,0,0.0016998300169983,0,0,0,0,0.0115988401159884,0.0044995500449955,0,0.0034996500349965,0,0.0544945505449455,0,0,0.056994300569943,0,0.0001999800019998,0,0,0,0,0,0.0003999600039996,0.0278972102789721,0,0,0.0002999700029997,0,0,0.0261973802619738,0,0.0056994300569943,0,0,0,0,0,0,0,0,0.0027997200279972,0,0,0,0,0,0,0.0108989101089891,0,0,0,0,0.0027997200279972,0,0,0,0.0104989501049895,0,0,0.000999900009999,0,0,0,0,0,0.0038996100389961,0,0,0.0081991800819918,0,0,0,0.0064993500649935,0,0,0.0036996300369963,0,0.0058994100589941,0.0002999700029997,0,0,0,0,0,0.0042995700429957,0,0,0,0,0,0,0,0,0.0691930806919308,0,0,0,0,0,0.0107989201079892,0.0006999300069993,0,0,0,0,0,0,0,0,0.0002999700029997,0.0011998800119988,0,0,0,0.0008999100089991,0,0.0004999500049995,0.0151984801519848,0,0,0,0,0.0013998600139986,0,0,0.0002999700029997,0,0,0,0,0,0,0.0027997200279972,0,9.99900009999e-05,0,0.0013998600139986,0.0016998300169983,0,0,0.0001999800019998,0,0,0,0.0076992300769923,0.0035996400359964,0,0,0,0.0002999700029997,0,0,0,0,0,0,0,0,0.0001999800019998,0,0,0,0,0.0048995100489951,0,0,0,0,0,0,0,0,0,0,0,0,0,0.0104989501049895,0.0398960103989601,0,0,0,0,0,0,0,0,0,0,0,0,0,0,0,9.99900009999e-05,0.0032996700329967,0,0,0,0,0.0040995900409959,0,0.0063993600639936,0.0051994800519948,0,0.0006999300069993,0,0,0,0,0,0,0,0,0.0116988301169883,0.0054994500549945,0.0091990800919908,0,0,0.0001999800019998,0,0,0,0,0,0.0024997500249975,0,0,0,0,0,0,0,0,0,0,0,0,0,0.0001999800019998,0.0011998800119988,0,0,0,0.0020997900209979,0.0033996600339966,0,0,0,0.0003999600039996,0.0011998800119988,0,0,0,0,0.0036996300369963,0,0.0151984801519848,0.0217978202179782,0.234676532346765,0,0,0,0,0,0.212678732126787,0,0,0,0,0,0,0,0.0002999700029997,0.0194980501949805,0,0,0,0,0,0.000999900009999,0.0022997700229977,0,0,0,0.0033996600339966,0
9.99200639488409e-05,0,0,0,0,0,0,0,9.99200639488409e-05,0,0,0,0,0,0.0016986410871303,0,0.000199840127897682,0,0,0,0.00649480415667466,0.00649480415667466,0,0,0,0.0222821742605915,0,0,0.0333733013589129,0.000499600319744205,0.0721422861710631,0.0418665067945643,0,0.0038968824940048,0,0,0.00309752198241407,0.0707434052757794,0,0,0,0,0,0,0,0.0343725019984013,0,0,0,0,0,0,0,0,0,0,0,0,0,0.0377697841726619,0,0,0,0,0,0,0.0663469224620304,0,0,0,0,0,0,0,0,0,0,0,0,0.0675459632294165,0,0,0,0,0,9.99200639488409e-05,0,0,9.99200639488409e-05,0.00379696243005596,0,0.0060951239008793,0.000599520383693046,0,0,0,0,0,0.000999200639488409,0,0,0,0,0,0,0,0,0.0706434852118305,0,0,0,0,0,0.100819344524381,0,9.99200639488409e-05,0,0,0.0154876099120703,9.99200639488409e-05,0,0,0.00149880095923261,0,0.00399680255795364,0,0,0,0,0,0,0,0,0,0.00589528377298161,0,0.000499600319744205,0,0,0,0.00209832134292566,0,0,0,0,0.00769384492406075,0,0,0,0,0.00469624300559552,0,0,0,0,0,0,0,0,0,0,0,0,0,0,0,0,0,0,0,0,0,0,0,0,0,0,0,0.0167865707434053,0,0,0,0,0,0.00899280575539568,0,0,0,0,0,0,0.00979216626698641,0.000599520383693046,0,0,0,0,0.000199840127897682,0,0,0,0,0,0,0.0377697841726619,0,0,0,0,0,0,0,0,0,0.000999200639488409,0,0.00519584332533973,0,0,0.000199840127897682,0.0506594724220623,0,0,0,0,0,0,0,0,0,0.00909272581934452,0,0,0.00319744204636291,0,0,0.00619504396482814,0,0,0,0,0,0,0,0,0,0,0,0,0,0,0,0,0,0.0103916866506795,9.99200639488409e-05,9.99200639488409e-05,0,0,0.0021982414068745,0.000699440447641887,0,0,0,0,0,0,0,0,0.00129896083133493,0,0,0,0,0,0,0.0060951239008793,0,0,0.0279776179056755,0,0,0.0949240607513989,0,0,0,0,0,0,0.000899280575539568,0,0,0,0,9.99200639488409e-05,0,0,0,0,0.011290967226219,0
0,0,0,0.000799760071978406,0,0,0,0,9.99700089973008e-05,0.00139958012596221,0,0,0,0,0.00149955013495951,0,0.00219934019794062,0,0,0,0,0.00279916025192442,0,0,0.000599820053983805,0.18294511646506,0,0,0.000899730080975707,0,0,0,0,0.0209937018894332,0,0,0.00139958012596221,0,0,0,0,0,0,0,0,0.00189943017094872,0,0,0.000399880035989203,0,0,0,0,0,0,0,0.000199940017994602,0.00189943017094872,0,0.00789763071078676,0,0.00119964010796761,0,0,0,0,0.00239928021593522,0,0,0.00169949015295411,0,0,0,0.000399880035989203,0,0,0,0,0,0,0.00249925022493252,0,0,0,0.00289913026092172,0.00209937018894332,9.99700089973008e-05,0,0.000499850044986504,0,0,0.00219934019794062,0,0,0,0,0,0,0,0,0,0.00289913026092172,0,0,0.000299910026991902,0.000399880035989203,0,0.17184844546636,0,0,0,0,0.000299910026991902,0.00249925022493252,0,0.0156952914125762,0,0,0.058482455263421,0.000299910026991902,0,0,0.000699790062981106,0,0.0110966709987004,0.000199940017994602,0,0,0,0,0,0,0,0,0,0,0.000999700089973008,0.000499850044986504,0,0,0.00229931020693792,0,0.000299910026991902,0,0,0,0.00269919024292712,0,0,0,0.00269919024292712,0,0,0,0,0,0,0,0,0,0,0,0,0,0,0,0,0,0,0,0.000399880035989203,0,0.00189943017094872,0,0,0,0,0,0.00579826052184345,9.99700089973008e-05,0,0,0,0,0.00189943017094872,0,0,0,0,0,0,0.00879736079176247,0.000299910026991902,0.000599820053983805,0,0,0,0,0,0,0,0,0,0,0,0.00429871038688393,0,0,0.000199940017994602,0,0,0,0,0,0.00629811056682995,9.99700089973008e-05,0,0,0,0.000299910026991902,0,0.000199940017994602,0,0.00279916025192442,0,0,0,0,0,0,0.00279916025192442,0,0,0.00459862041387584,0,0,0,0,9.99700089973008e-05,0.000399880035989203,0,0,0,0,9.99700089973008e-05,0,0,0,0,0,0.000699790062981106,0.000499850044986504,0,0,0,0,0.00229931020693792,0,0,0,9.99700089973008e-05,0,0,0,0,0,0,0,0,0.0887733679896031,0,0,0.0335899230230931,0,9.99700089973008e-05,0,0.000199940017994602,0,0,0.244026791962411,0,0,0.0572828151554534,0,0,0,0,0,0,0,0,0,0,0,0.00219934019794062,0,0.000199940017994602,0,0,0.00989703089073278,0
0,0,0,0,0,0,5e-04,0,0,0,0,0,0,0,0.0022,0,0,0,0,0,0,0,0,0,0,0.4118,0,0,0,0,0,0,0,0,0,0,0,0.0011,0,0,0,0,0,0,0,0,0,0,0,0,0,0,0,0,0,0,0,0,0,0,0,0,0,1e-04,0,0,0.057,0,0,0,0,0,0,0,0,0,0,0,0,0,0,0,0,0,0,0,0,0,0,0.0127,0,0,0.077,0,0,0,0,0,0,0,0,0,0,0,0,0,0,0.2917,0,0,0,0,0,0,0,0,0,0,0,0,0,0,0,0,0.1197,0,0,0,0,0,0,0,0,0,0,0.0099,0,0,0,0,0.0039,0,0,0,0,0,0,0,0,0,0,0,0,0,0,0,0,0,0,0,0,0,0,0,0,0,2e-04,0,0,3e-04,0,0,0,0,0,0,0,0.0027,0,0,0,0,0,0,0,0,0,0,0,0,0,0,0,0,0,0,0,0,0,0,0,0,0,0,0,0,0,0,0,0,0,0,0,0,0,0,0,0,2e-04,0,0,0,0,0,0,0,0,0,0,0,0,0,0,0,0,0,0,0,0,0,0,0,0,0,0,0,0,0,0,0,0,0,0,0,0,0,3e-04,0,0,0,0,0,0,0,0,0,0,0,0,0.0064,0,0,0,0.0014,0,0,0,0,0,0,0,0,0,0,0,0,0,0,0,0,0,0,0,0,0,0,9e-04,0,0,0,0
0,0,0,0,0,0,9.9930048965724e-05,0,9.9930048965724e-05,9.9930048965724e-05,0.000299790146897172,0,0,0.0199860097931448,0,0,0,0,0,0,0.00309783151793744,0.00239832117517738,0,9.9930048965724e-05,0,0.00109923053862296,0,0,0,0,0.00699510342760068,0,0,0.00419706205656041,0,0,0,0.000299790146897172,0,0,0,0,0,0.000599580293794344,0,0.00929349455381233,0,0,0,0,0.00049965024482862,0,0,0,0,0,0,0,0,0.0167882482262416,0,0.00109923053862296,0,0,0,0.00489657239932048,0.00799440391725792,0,9.9930048965724e-05,0,0,0,0,0.000399720195862896,0.0298790846407515,0,0,0,0,0.0196862196462476,0,9.9930048965724e-05,0,0,0.00429699210552613,9.9930048965724e-05,0,0,0,0.00319776156690317,0.0460677525731988,0.00119916058758869,0,0,0,0,0,0,0.00239832117517738,0,0,0,0,0,0.00139902068552014,9.9930048965724e-05,0.00139902068552014,0.3781353052863,0,0,0,0,0,0,9.9930048965724e-05,0,0,9.9930048965724e-05,0.00259818127310882,0.000399720195862896,0,0,0,9.9930048965724e-05,0,0.000299790146897172,0,0,0,0,0,0.0160887378834816,0,0.000199860097931448,0,0,0,0,0,0,0,0,0,0,0,0,0.00109923053862296,0.000199860097931448,0,0,0,0,0,0.000599580293794344,0,0,0,0,0.010492655141401,0.00129909063655441,0,0,0,0,0,0,0,0,0,0,0.00049965024482862,0,0,0,0,0,0,0.00689517337863496,0.0152892974917558,0,0,9.9930048965724e-05,0,0,0.000399720195862896,0,0,0,0,0,0,0.00239832117517738,0,0,0,0,0,0,0,0,0,0,0,0,0.031877685620066,0.00139902068552014,0,0,0,0,0,0,0.000899370440691516,0,9.9930048965724e-05,0,0.00779454381932647,0.00899370440691516,0,0,0,0,0,0,0,0,0,0,0,0.000299790146897172,0.00639552313380634,9.9930048965724e-05,0,0.0137903467572699,0,0,0,0,0,0,0,0,0.0102927950434696,0,0,0,9.9930048965724e-05,0,0,0,0,0.000199860097931448,0.00309783151793744,0,0,0,0.000299790146897172,0,0,0.000699510342760068,0,0,0,9.9930048965724e-05,0,0,0,0,0.00449685220345758,0.00049965024482862,0,0,0.042370340761467,0,0,0,0,9.9930048965724e-05,0.00049965024482862,0.212551214150095,0,0,0.0132906965124413,0,0,0,0,0,0.00799440391725792,0.000599580293794344,0,0,0,0,0.002897971420006,0,0,0,0,0.000699510342760068,0
0.00100060036021613,0,0,0,0,0,0,0,0,0,0,0,0.000600360216129678,0,0,0,0.0231138683209926,0,0,0,0,0.000100060036021613,0.0069041424854913,0,0,0.0464278567140284,0,0,0.00160096057634581,0.000600360216129678,0,0,0,0.00980588353011807,0,0,0.00500300180108065,0.01240744446668,0,0,0,0,0,0,0,0,0,0,0,0.00110066039623774,0,0,0,0,0,0,0.00150090054032419,0.00340204122473484,0,0,0,0,0.0133079847908745,0,0,0,0.000100060036021613,0,0.00480288172903742,0,0,0,0,0,0,0,0,0,0.000100060036021613,0,0,0,0.00510306183710226,0,0,0,0.000100060036021613,0,0.000700420252151291,0.00740444266559936,0,0.000500300180108065,0.00780468280968581,0,0,0,0,0,0,0,0,0,0,0,0,0,0,0.017310386231739,0,0.0118070842505503,0,0,0.00250150090054032,0.000100060036021613,0,0.0622373424054433,0,0,0.00260156093656194,0.00140084050430258,0,0,0.00240144086451871,0.000200120072043226,0.0105063037822694,0,0,0,0,0,0,0.01240744446668,0,0.000100060036021613,0,0,0,0,0,0,0.00200120072043226,0,0,0,0,0.110266159695817,0.000100060036021613,0,0,0,0,0,0,0,0,0,0,0,0,0,0,0,0,0,0,0.000100060036021613,0,0,0,0,0,0,0.00570342205323194,0.000400240144086452,0.00410246147688613,0,0,0,0.000400240144086452,0,0,0,0,0,0.000200120072043226,0,0,0,0,0,0,0.0179107464478687,0.000600360216129678,0,0,0,0,0,0,0,0,0,0,0.000200120072043226,0,0.00110066039623774,0,0,0,0,0,0,0,0,0.000100060036021613,0,0.00990594356613968,0,0.000300180108064839,0,0.00580348208925355,0,0,0,0,0,0,0,0,0,0,0,0,0,0,0,0,0,0,0,0,0,0,0,0.00200120072043226,0,0,0,0,0,0,0,0,0,0,0.000300180108064839,0.000300180108064839,0,0,0.00100060036021613,0,0,0,0.000100060036021613,0,0,0,0,0,0.301180708425055,0,0,0.0287172303382029,0,0,0,0,0,0,0.226736041624975,0,0,0,0,0,0,0,0,0,0,0,0,0,0,0.00340204122473484,0,0,0,0,0,0
0,0,0,0,0,0,0,0.00770154030806161,0,0,0.0002000400080016,0,0,0,0.000500100020004001,0,0,0,0,0,0,0.0021004200840168,0,0,0,0.0517103420684137,0,0,0.000800160032006401,0.00370074014802961,0.0289057811562312,0,0,0.00760152030406081,0,0,0.00250050010002,0.0173034606921384,0,0,0,0.0002000400080016,0,0,0,0.0289057811562312,0,0.0003000600120024,0.000600120024004801,0,0.00740148029605921,0,0,0.000400080016003201,0.0021004200840168,0.0012002400480096,0,0.000400080016003201,0,0.0239047809561912,0,0.001000200040008,0,0,0,0,0.026505301060212,0,0,0.0132026405281056,0.0018003600720144,0,0.0001000200040008,0,0,0,0,0.0001000200040008,0,0.0243048609721944,0,0.001000200040008,0.0268053610722144,0,0,0.0003000600120024,0.00910182036407282,0,0,0.0028005601120224,0,0.000500100020004001,0,0,0,0,0,0,0.00360072014402881,0,0,0,0,0.002000400080016,0.0002000400080016,0,0,0,0,0.0028005601120224,0,0,0,0.00600120024004801,0.0002000400080016,0,0,0,0.00930186037207442,0,0,0,0,0.0001000200040008,0.0218043608721744,0.0608121624324865,0,0.0173034606921384,0,0,0.00330066013202641,0.0003000600120024,0,0.000400080016003201,0,0,0,0,0,0,0.00430086017203441,0,0,0,0.0415083016603321,0,0.00480096019203841,0,0,0,0.00480096019203841,0,0,0.001500300060012,0,0,0,0,0.026005201040208,0.0173034606921384,0,0,0,0,0,0.0001000200040008,0,0,0,0,0.0003000600120024,0,0,0.0001000200040008,0,0,0.0001000200040008,0.0188037607521504,0.01500300060012,0.001000200040008,0.0001000200040008,0,0,0,0.00530106021204241,0,0,0.0316063212642528,0,0,0.0153030606121224,0.00810162032406481,0.001000200040008,0.000500100020004001,0,0,0,0,0,0,0,0,0.0303060612122424,0.0132026405281056,0,0.001000200040008,0.000400080016003201,0,0,0.0012002400480096,0,0.00510102020404081,0,0,0.0021004200840168,0.0002000400080016,0.0001000200040008,0.017003400680136,0.0219043808761752,0,0.00440088017603521,0.00910182036407282,0,0,0,0.000600120024004801,0,0,0.003000600120024,0.0021004200840168,0.0199039807961592,0,0,0.00740148029605921,0,0,0.000700140028005601,0,0,0.000500100020004001,0,0.000600120024004801,0,0,0,0.0258051610322064,0,0,0,0,0,0.0002000400080016,0.0021004200840168,0,0.000600120024004801,0.00620124024804961,0.0014002800560112,0.0001000200040008,0.001500300060012,0.00400080016003201,0.0031006201240248,0.001500300060012,0,0.000700140028005601,0,0.0001000200040008,0,0,0.0267053410682136,0,0,0,0.00610122024404881,0,0,0.0001000200040008,0,0,0.0001000200040008,0.112222444488898,0.0001000200040008,0,0.0332066413282657,0,0,0,0,0,0.00440088017603521,0,0,0,0,0,0.000500100020004001,0.000400080016003201,0.0027005401080216,0,0,0.00370074014802961,0
0,0,0,0.00149955013495951,0,0,0.000699790062981106,0.000999700089973008,0.0780765770268919,0.000399880035989203,0,9.99700089973008e-05,0,0.00759772068379486,0.00129961011696491,0,0.000599820053983805,0,9.99700089973008e-05,0,0.00479856043187044,0.000399880035989203,0.000599820053983805,0.000399880035989203,0.00109967009897031,0.0725782265320404,9.99700089973008e-05,0,0.00279916025192442,0,0.000299910026991902,0,0,0.00629811056682995,0,0,0,9.99700089973008e-05,9.99700089973008e-05,0,9.99700089973008e-05,0,0,0.00659802059382185,0,0.000399880035989203,0,9.99700089973008e-05,0,0,0,0,0,0,0.00429871038688393,0,0,0.000799760071978406,0,0.000699790062981106,9.99700089973008e-05,0.000899730080975707,9.99700089973008e-05,0,0,0.00439868039588124,0.0125962211336599,0.000799760071978406,0,0,0.00119964010796761,0,0,0.00179946016195141,0,0,0,9.99700089973008e-05,0,0.000199940017994602,0.000699790062981106,0,0.0282915125462361,9.99700089973008e-05,0.00119964010796761,9.99700089973008e-05,0,0,9.99700089973008e-05,0.00339898030590823,0.0431870438868339,0.000199940017994602,0.0287913625912226,0.00339898030590823,0,0,0,0,0.00239928021593522,0.00189943017094872,9.99700089973008e-05,0,0,0,0.000299910026991902,0.00129961011696491,0.00819754073777867,0.028591422573228,0.00209937018894332,0.0125962211336599,0,0,0,0.00109967009897031,0,0.00959712086374088,0,9.99700089973008e-05,0.00589823053084075,9.99700089973008e-05,9.99700089973008e-05,0,0.00549835049485154,9.99700089973008e-05,0.000499850044986504,0,0,0,0,0.00419874037788663,0.00149955013495951,0.00179946016195141,0,0,0,0,0.0113965810256923,0.00629811056682995,0,0,0,0,0,0,0,0,9.99700089973008e-05,0.00169949015295411,0,0.000499850044986504,0.000199940017994602,0.00199940017994602,0,0.000999700089973008,9.99700089973008e-05,0,0,0,0.00149955013495951,9.99700089973008e-05,0,0,0.0134959512146356,0.0680795761271619,0,0,0.000999700089973008,0,0,0,0,0,0.000299910026991902,0,0,0,0,0.000999700089973008,0.00299910026991902,0,0.0171948415475357,0,0.000699790062981106,0,0,0,0,0,0.000299910026991902,0,0,0.00139958012596221,0.000199940017994602,0,0.000899730080975707,0,0.00719784064780566,9.99700089973008e-05,0,0,0,0,0,0,0,0.000499850044986504,0,0,0,0,0,0,0.00119964010796761,0.000199940017994602,0.000299910026991902,0,0.00149955013495951,0.000199940017994602,0,0.000599820053983805,0,0.000799760071978406,0.00179946016195141,0.000999700089973008,0.00179946016195141,0,0,0,0.000299910026991902,0.00299910026991902,0.00999700089973008,0,0.000199940017994602,0.021593521943417,0,0,0.000599820053983805,0,0,0,0,0,9.99700089973008e-05,0,0,0,0,0,0,0.00649805058482455,0.00419874037788663,9.99700089973008e-05,0.000399880035989203,9.99700089973008e-05,0.000299910026991902,9.99700089973008e-05,0.000299910026991902,0,9.99700089973008e-05,0,9.99700089973008e-05,0.00179946016195141,0,0.000199940017994602,0,0,9.99700089973008e-05,0.0905728281515545,0,0.264320703788863,9.99700089973008e-05,0.000799760071978406,0.0177946616015195,0,0.000599820053983805,0,0.000399880035989203,9.99700089973008e-05,9.99700089973008e-05,0.00129961011696491,0,0.000199940017994602,0.00279916025192442,0,0,0,0,0,0.00129961011696491,0.000599820053983805,0,0,0,0,0.00319904028791363,0.000299910026991902,0.00139958012596221,0,0.000199940017994602,0.000599820053983805,0
0,0,0,0,0,0,9.99800039992002e-05,0,0,0,0,0,0,9.99800039992002e-05,0,0,0,0,0,0,0,0,0,0,0,0.301339732053589,0,0,0,0.00499900019996001,0.0334933013397321,0,0,0.00599880023995201,0,0,0,0.0025994801039792,0,0,0,0,0,0,0,0.0128974205158968,0,0,0,0,0,0,0,0,0,0,0,0,0,0,0,0,0,0,0,0,0.001499700059988,0,0,0,0,0,0,0,0,0,0,0,0,0,0,0,0,0,0,0.000999800039992002,0,0,0,0.0021995600879824,0,0.0112977404519096,0.0116976604679064,0,0,0,0,0,0.00509898020395921,0,0,0.00589882023595281,0,0,9.99800039992002e-05,0,0.000799840031993601,0,0,0,0,0,0,0.00399920015996801,0,0,0,0,0,0.001499700059988,0,0,0,0.0001999600079984,0.0123975204959008,0,0,0,0,0,0,0.00919816036792642,0,0,0,0,0,0,0,0,0,0,0,0,0,0,0,0,0,0,0,0,0,0,0,0,0,0,0,0.0031993601279744,0,0,0,0.0485902819436113,0,0,0,0,0,0,0,0,0,0,0,0,0,0,0.00779844031193761,0,0,0,0,0,0,0,0,0,0,0,0,0.00669866026794641,0,0,0,0,0.000899820035992801,0,0,0,0,0,0,0,0,0,0,0,0,0,0,0,0,0,0,0,0.0150969806038792,0,0,0,0,0,0,0,0,9.99800039992002e-05,0,0,0,0,0,0,0,0.167066586682663,0,0,0,0,0,0,0,0,0,0,0,0,0,0,0,0,0,0,0,0,0,0,0,0,0,0,0,0,0,0,0,0,0,0,0,0.00799840031993601,0,0,0.0188962207558488,0,0,0,0,0.0001999600079984,0,0.278044391121776,0,0,0,0,0,0,0.0011997600479904,0,0,0,0,0,0,0.0012997400519896,0.00629874025194961,0,0,0,0,0.00819836032793441,0
0,9.99900009999e-05,0,0.0030996900309969,0,0,0,0,0,0,0.0006999300069993,0,0,0,0,0.0046995300469953,0,0,0,0,0,0.0032996700329967,0,0,0,0.0160983901609839,0,0,0.0012998700129987,0,0,0,9.99900009999e-05,0,0,0,0.0071992800719928,0,0,0,0,0,0,0,9.99900009999e-05,0,0,0,0,0,0,0,0,0,0,0,0,0,0,0,0,0.0013998600139986,0,0,0.0002999700029997,0,0,0,0,0,0,0,0.0011998800119988,0,0,0,0,0,0,0,0.0042995700429957,0,0,0,0,0,0,0,0.0006999300069993,0.0044995500449955,0,0.0011998800119988,0,0,0,0,0,0,0.0088991100889911,0,0,0.0003999600039996,0.0030996900309969,0,0,0,0,0.33036696330367,0.0167983201679832,0.0261973802619738,0,0,0.005999400059994,0.007999200079992,0,0.0174982501749825,0.0050994900509949,0,0,0,0,0,0,0,0.0002999700029997,0,0,0,0,0,0.008999100089991,0.0138986101389861,0,0,0.0005999400059994,0,0.0037996200379962,0.0064993500649935,0,0,0.0005999400059994,0,0,0,0,0,0.0154984501549845,0.0055994400559944,0,0,0,0.0005999400059994,0,0,0.0001999800019998,0,0.0037996200379962,0,0,0,0,0,0,0,0,0,0,0,0,0.0015998400159984,0,0.0020997900209979,0,0,0.0030996900309969,0,0,0,0,0,0,0,0,0,0,0,0,0,0,0,0,0,0.0003999600039996,0,0,0,0,0,0,0,0,0,0,0,0,0,0,0,0,0.0004999500049995,0,0,0,0,0,0,0,0,0.0123987601239876,0,0,0,0,0,0.0054994500549945,0,0,0,0,0,0,0,0,0.0081991800819918,0,0,0,0,0,0,0,0,0,0,0,0,0,0,0,0,0,0,0,0,0.0032996700329967,0,0,0,0,0,0,0,0,0.0005999400059994,0,9.99900009999e-05,0,0,0,0.0007999200079992,0,0,0.0056994300569943,0,0,0,0,0,0.0006999300069993,0.403759624037596,0,0,0.0081991800819918,0,0,0,0,0,0,0,0,0,0,0,0.00999900009999,0,0,0,0,0,0
0,0,0,0,0,0,9.99100809271655e-05,0.000199820161854331,0,0,0,0,0,0.00679388550304726,0,0,0,9.99100809271655e-05,0,0,0.000299730242781497,0.00189829153761615,0,0,0,0.237885902687581,0,0,0.00459586372264962,0,0,9.99100809271655e-05,0,0.0057947846937756,0,0,0.000799280647417324,0.000599460485562993,9.99100809271655e-05,0,0,0,0.0407633130182835,0.00469577380357678,0,0.0106903786592067,0,0,9.99100809271655e-05,0,0.000199820161854331,0,0,0,0.00129883105205315,9.99100809271655e-05,0,0,0,0.00559496453192127,0,0.000199820161854331,0,0,0.000199820161854331,0.000499550404635828,0.00269757218503347,0,0,0.00329703267059646,0.00169847137576181,0,0,0.000299730242781497,0,0,0,0,0,0.00179838145668898,0,0.000799280647417324,0.0215805774802678,0,0.05674892596663,0,0,0,0,0.000499550404635828,9.99100809271655e-05,0.000699370566490159,0,0,0,0,0,9.99100809271655e-05,0.000499550404635828,0,0,0,0,0,0,0,0.0207812968328504,0.0184833649715256,0,0.000499550404635828,0,0,0,0.00159856129483465,0,0,0,0,0.00809271655510041,0,0,0,0,9.99100809271655e-05,0.00849235687880907,0.0288740133879508,0,0,0,0,0.000999100809271655,0.00119892097112599,0,0,0,0,0.00159856129483465,0,0,0,0.0386652013188131,0,0,0,0,0,0.00119892097112599,0.00089919072834449,0,0.00109901089019882,0.00159856129483465,0.000399640323708662,0,0.000199820161854331,0,0,0,0,0.000199820161854331,0.0130882206014587,0,0,0,0.0189829153761615,0,0,0,0,0,0,0.000199820161854331,0,0,0,0,0,0,0.00179838145668898,0.00199820161854331,9.99100809271655e-05,0,0,0,0,0.00089919072834449,0,0,0,0,0,0.00189829153761615,0.000199820161854331,0,0,0,0,0,0,0,0,0.00799280647417324,0,0,0.0171845339194725,0,0.00299730242781497,0,0,0,0,0,9.99100809271655e-05,0.000299730242781497,0,0.00109901089019882,0,0.000199820161854331,0.00679388550304726,0,0.000299730242781497,0.0025976621041063,0.00089919072834449,0,0,0,0.00089919072834449,0,0,0.000699370566490159,0.0028973923468878,0.0208812069137776,0,0,0.240083924467979,0,0,0,0,0,0,0,0,0,0,0,0,0,0,0,0,0.00089919072834449,9.99100809271655e-05,0.00189829153761615,0,0.00299730242781497,0,0,0,0,0.000299730242781497,0.000199820161854331,0.00089919072834449,0,0.0031971225896693,0,0,0,0,0,0.00559496453192127,0,0,0.0414626835847737,0,0.000499550404635828,0,0,0,0.000299730242781497,0.000699370566490159,9.99100809271655e-05,0,0.0418623239084824,0,0,0,0,0,9.99100809271655e-05,0.00159856129483465,0,0,0,0,0,0,0,0,0,0.00279748226596064,0
0,0,0.0001000200040008,0.003000600120024,0,0,0,0,0,0.001000200040008,0,0,0,0,0.00470094018803761,0,0,0,0,0.002000400080016,0.00870174034806961,0.0022004400880176,0,0,0.0002000400080016,0.236347269453891,0,0,0.01500300060012,0.000500100020004001,0.0002000400080016,0,0,0,0,0,0.000800160032006401,0.0236047209441888,0,0,0,0,0,0,0,0.011502300460092,0,0,0.0013002600520104,0,0,0,0,0,0,0,0,0.000400080016003201,0,0.00480096019203841,0,0.00580116023204641,0,0,0,0,0.0322064412882576,0,0.00540108021604321,0.000400080016003201,0.00350070014002801,0,0,0,0,0,0,0,0,0.00360072014402881,0,0.000400080016003201,0.00420084016803361,0,0,0.0001000200040008,0,0.0001000200040008,0.000900180036007201,0,0,0.0113022604520904,0.0002000400080016,0,0,0,0,0,0.000900180036007201,0,0,0.001500300060012,0.0001000200040008,0,0.0002000400080016,0.001000200040008,0,0.00460092018403681,0,0.0016003200640128,0,0,0.0001000200040008,0.0187037407481496,0,0.0262052410482096,0,0,0.0012002400480096,0,0,0,0,0.0001000200040008,0.000400080016003201,0,0,0,0,0,0.001500300060012,0,0,0,0,0,0.000700140028005601,0,0,0,0,0,0,0,0,0,0,0.0014002800560112,0,0,0.0013002600520104,0.00790158031606321,0,0,0,0,0,0,0.0128025605121024,0,0,0,0,0,0,0,0,0,0,0.000900180036007201,0,0,0.0001000200040008,0,0,0,0,0.0143028605721144,0.000600120024004801,0,0,0,0,0,0,0,0,0,0,0,0,0.0166033206641328,0,0,0,0,0,0.0003000600120024,0,0,0,0,0,0,0.0001000200040008,0.00320064012802561,0,0,0.0001000200040008,0,0,0,0,0,0.0002000400080016,0,0,0,0,0.0001000200040008,0.00630126025205041,0.00470094018803761,0,0,0,0,0.0443088617723545,0,0.00400080016003201,0,0.0694138827765553,0.000400080016003201,0,0.192138427685537,0,0,0.000900180036007201,0,0,0,0,0,0.00570114022804561,0,0,0,0.0001000200040008,0,0,0,0.00970194038807762,0,0,0,0,0,0.000600120024004801,0,0,0.00830166033206641,0,0,0.000800160032006401,0.0003000600120024,0,0.0001000200040008,0,0,0.0003000600120024,0.000700140028005601,0.0011002200440088,0.00750150030006001,0.0237047409481896,0,0,0,0,0,0,0.0863172634526905,0,0,0.021004200840168,0,0,0,0,0,0.00360072014402881,0.000700140028005601,0,0,0,0,0,0,0,0,0,0.00410082016403281,0
0,0,0,0.00229931020693792,0,0,0,0,0,0,0,0,0,0,0.000299910026991902,0.000899730080975707,0,0,0,0,0,0.00729781065680296,0,0,0,0.0268919324202739,0,0,0.000699790062981106,0.00309907027891633,0.000399880035989203,0,0,0,0,0,0.00129961011696491,0,0,0,0,0,0,0,0,0.0252924122763171,0,0,0,9.99700089973008e-05,0,0,0,0,0,0,0,0,0,0,0,0,0,0,0,0,0,0,0,0,0,0,0,0,0.000299910026991902,0,0,0,0,0,0,0,0,0,0,0.00259922023392982,0.0444866540037989,9.99700089973008e-05,0,0,0,0.000599820053983805,0.00159952014395681,0,0,0.000299910026991902,0.00159952014395681,0,0.00399880035989203,0,0,0.0138958312506248,0,0,0,0,0,0.000699790062981106,0,0,0,0,0,0.0351894431670499,0,0,0,0,0.00699790062981106,0,0,0,0,0,0.0522843147055883,0,0.0130960711786464,0,0,0.00569829051284615,0.0157952614215735,0.00729781065680296,0,0.000499850044986504,0,0,0.00239928021593522,9.99700089973008e-05,0,0,0.00119964010796761,0,0,0,0,0,0,0,0,0,0.000999700089973008,0,0,0,0,0,0,0,0,0.00769769069279216,0,9.99700089973008e-05,0,0.0430870738778366,0,9.99700089973008e-05,0,0,0,0.00229931020693792,0,0,0.0194941517544737,0,0,0,0,0.0176946915925222,0.00139958012596221,0,0,0,0.000699790062981106,0,0,0,0,0,0.00989703089073278,0,0,0.0359892032390283,0,0,0,0.00489853044086774,0,0,9.99700089973008e-05,0.00209937018894332,0,0,0,0,9.99700089973008e-05,0.000399880035989203,0.00139958012596221,0,9.99700089973008e-05,0,0.000599820053983805,0,0,0,0,0,0,0,0,0,0,0.00199940017994602,0,0,0,0,0,0.0475857242827152,0,0,0.0233929821053684,0,0,0.0806757972608217,0,0,0,0,0,0,0,0,0.0116964910526842,0,0,0,0,0,0,0,0,0.000299910026991902,0,0,0,0,0.000899730080975707,0,0,0,0.000199940017994602,0,0,0.000199940017994602,0.000799760071978406,0,0,0,0,0,0,0,0,0,0,0,0,0,0.000199940017994602,0.314305708287514,0,0,0.0517844646606018,0,0,9.99700089973008e-05,0,0,0,0.0137958612416275,0.0110966709987004,0,0,0,0.00189943017094872,0,0,0,0,0.0105968209537139,0
0,0,0,0.00309845077461269,0,0,0.000199900049975012,0,0,0,0,0,0,9.99500249875062e-05,0.0738630684657671,0,0.00469765117441279,0,0,0,0,0.0015992003998001,0,0,0.000599700149925037,0.0518740629685157,0,0,0.0109945027486257,0.000899550224887556,0.000399800099950025,0,0,0.00229885057471264,0,0,9.99500249875062e-05,0,0,0,0,0,0,0,0,0.00439780109945028,0,0,0,0.000299850074962519,0,0,0,9.99500249875062e-05,0,0,0,0,0,0,0.000299850074962519,0,0,0,0,0,0.00259870064967516,0,0,0.0132933533233383,0,0,0,0,0,0,0,0,0,0.00309845077461269,0,0,0,0,9.99500249875062e-05,0.00079960019990005,0.000699650174912544,0,0,0.00709645177411294,9.99500249875062e-05,0,0,0,0,0,0,0,0.000599700149925037,0,0,0.00109945027486257,0.000499750124937531,0,0,0,0,0.00779610194902549,0.0015992003998001,0.00489755122438781,0.00309845077461269,0,0.000499750124937531,0.000899550224887556,0,0.00589705147426287,0,0,0,0,0.000399800099950025,0,0,0,0.00859570214892554,0,0,0,0,0,0,0.0015992003998001,0,0,0,0,0.0811594202898551,0.00139930034982509,0,0,0.000499750124937531,0,0,0,0,0,0,0.00129935032483758,0,0.000299850074962519,0.000999500249875062,9.99500249875062e-05,0,0,0,0,0,0,0,0,0,0,0,0,0,0.000199900049975012,0.00329835082458771,0,0,0.000399800099950025,9.99500249875062e-05,0,0,0,0,0,0,0,0,0.000899550224887556,0.023888055972014,0,0,0.00679660169915042,0,0,0,0,0,0,0,0.00119940029985007,0,0,0,0,0.00079960019990005,0,0,0,0,0,0,0,0,0,0,0,9.99500249875062e-05,0,0.00169915042478761,0,0,0,9.99500249875062e-05,0,0,0,9.99500249875062e-05,0,0,0,0,0,0,0,0,0,0.000199900049975012,0,0,0,0,0.00899550224887556,0,0,0,0,0,0,0,0,0,0,0.000499750124937531,0,0,0,0,0,0,0,0,0,0,0.000199900049975012,0.000199900049975012,0,9.99500249875062e-05,0,0,0,0,0.000199900049975012,9.99500249875062e-05,0,0,0,0,0.594102948525737,0,0,0.00329835082458771,0,0,0,0,0,0,0.0131934032983508,0,0,0.0136931534232884,0,0,0,0,0,0,0,0,0,0,0,9.99500249875062e-05,0,0.0173913043478261,0,0,0.00129935032483758,0
0,0,0,0.00179928028788485,0,9.99600159936026e-05,0.000999600159936026,0.00039984006397441,0,0.00159936025589764,0.000299880047980808,0.000299880047980808,0,0,0.00079968012794882,0,0,0,0,9.99600159936026e-05,0.0039984006397441,0.00249900039984006,0,0.00039984006397441,0.00109956017592963,0.184326269492203,0.000199920031987205,0,0,0.000899640143942423,0.0354858056777289,0,0,0.00639744102359056,0,0,0.000299880047980808,0.00179928028788485,0.000199920031987205,0,0,0.000699720111955218,0,0.00259896041583367,0,0.00449820071971212,0.00809676129548181,0.000199920031987205,0,0,9.99600159936026e-05,0,0,0.000499800079968013,0.00039984006397441,0,0,0,0,0.0327868852459016,0.00129948020791683,0.000299880047980808,0,0,0,0,0.0076969212315074,0,0.000699720111955218,0,0.00079968012794882,9.99600159936026e-05,0.000199920031987205,0.00229908036785286,0,0,0,0,9.99600159936026e-05,0.00139944022391044,0.000699720111955218,9.99600159936026e-05,0.00039984006397441,0.000299880047980808,0.00139944022391044,0.000199920031987205,0,0,0.00139944022391044,0.00489804078368653,0,0.000299880047980808,0.000499800079968013,0.00039984006397441,0,0,0,0,0.000699720111955218,0,0,0,0.00249900039984006,0,0.000199920031987205,0.00229908036785286,0,0.0128948420631747,0.00299880047980808,0.00679728108756497,0,0,0.00079968012794882,0.007796881247501,0.000899640143942423,0.0176929228308677,0,0,0.0197920831667333,0,0,0,0,9.99600159936026e-05,0.00309876049580168,0,0,0,0,0,0.00439824070371851,0.00739704118352659,0,0,0.00169932027189124,0,0.0188924430227909,0.00499800079968013,0,0,0.000499800079968013,0,0,0.00219912035185926,0.00479808076769292,0,0.00279888044782087,0.00229908036785286,0.00119952019192323,0,0.00299880047980808,0.00079968012794882,0,0.00149940023990404,0,0,0,0,0,0.00079968012794882,0,0.000899640143942423,0.00849660135945622,9.99600159936026e-05,0,0,0.00439824070371851,0,0.000299880047980808,0,0.00149940023990404,0,0,0,0,0,0.000599760095961615,9.99600159936026e-05,0.014594162335066,0,0.0317872850859656,0,0,0,0.00259896041583367,0,0,0,0,0,9.99600159936026e-05,0.00939624150339864,0,0,0.00189924030387845,0,0.00199920031987205,9.99600159936026e-05,0,0,0,0,0,9.99600159936026e-05,0,0.0039984006397441,9.99600159936026e-05,0,0.000299880047980808,0.00039984006397441,0,0,0,9.99600159936026e-05,0.000199920031987205,0.00119952019192323,0.00989604158336665,9.99600159936026e-05,9.99600159936026e-05,0,9.99600159936026e-05,0.00129948020791683,9.99600159936026e-05,0,0,0,0.000599760095961615,0,0.00729708116753299,0.00129948020791683,0.00419832067173131,0,0.000499800079968013,0.0117952818872451,0,0,0,0,0,0,0.000699720111955218,0,0,0.0158936425429828,0,0,0.0272890843662535,0,0,0,9.99600159936026e-05,0.000199920031987205,0.000599760095961615,0,9.99600159936026e-05,0.00109956017592963,0,9.99600159936026e-05,0.000299880047980808,0,0.000199920031987205,0,9.99600159936026e-05,0.000499800079968013,0,0,9.99600159936026e-05,0,0.000199920031987205,0.00359856057576969,0.000199920031987205,0.00269892043182727,0.0129948020791683,0,0,0,0,0,9.99600159936026e-05,0.319572171131547,9.99600159936026e-05,0,0.0141943222710916,0,0,0,0,0,9.99600159936026e-05,0.00629748100759696,0,0.00199920031987205,9.99600159936026e-05,0,0.00319872051179528,0.00039984006397441,0.00569772091163535,0,0,0.00349860055977609,0
0,0,0,0,0,9.9930048965724e-05,9.9930048965724e-05,0,0,0,0,0,0,0.000299790146897172,0.0149895073448586,0,0,0,0,0,0,0,0,0,0,0.0190866393524533,0,0,0.00659538323173778,0.000899370440691516,0.00369741181173179,0.00179874088138303,0,0.0024982512241431,0,0,0.000199860097931448,0,9.9930048965724e-05,0,0,0,0,0.00569601279104627,0,9.9930048965724e-05,0,0,0,0,9.9930048965724e-05,0,0,0,0.00139902068552014,0,0,0,0,0.0124912561207155,0,0,0,0,0,0,0.00349755171380034,0,0,0,0,0,0,0,0,0,0,0,0,0.000399720195862896,0.000199860097931448,0,0.000399720195862896,0,0,0,0,0,0,0.00389727190966324,0.000699510342760068,0.00369741181173179,0.357749575297292,9.9930048965724e-05,0,0,0,0,0.00239832117517738,0,0,0,0,0,0.00119916058758869,9.9930048965724e-05,0,0.111222144498851,0,0,0,0,0,0.0134905566103727,0,0,9.9930048965724e-05,0,0,9.9930048965724e-05,0,0,0,0.000199860097931448,0.0020985310282802,0,0,0,0,0,0.00339762166483462,0,0,0,0,0,0.166183671429999,0,0,0,0,0,0,0,0,0,0,0.0045967822524233,0,0,0,0.00239832117517738,0.00299790146897172,0,0,0,0,0,0.000799440391725792,0,0.000899370440691516,0,0.00449685220345758,0.0239832117517738,0,0,0.00719496352553213,0,0,0,0,0,9.9930048965724e-05,0,0,0,0,0.000199860097931448,0,0,0.0342760067952433,0.00049965024482862,0,0.00049965024482862,0,0,0,0,0,0.000299790146897172,0,0.000799440391725792,0,0,0,0,0.00269811132207455,0,0,0,0,0,0,0,0,0,0,0,0,0,0,0,0,0,0,0,0.00179874088138303,0,0,0,0,0.00159888078345158,0.000699510342760068,0,0,0,0,0,0.0070950334765664,0.000399720195862896,0,0,0,0,0,0,0,0,0,0,0,0,0,0,0,0,0,0,0,0.000899370440691516,0.0157889477365844,0,0,0,0,0,0,9.9930048965724e-05,0,0,0,0,0,0,0.00299790146897172,0,0,0,0,0,0.00049965024482862,0,0.0171879684221045,0,0.000299790146897172,0,0,0,0,0.099930048965724,0,0,0.00329769161586889,0,0,0,0,0,0,0.00769461377036075,0,0,9.9930048965724e-05,0,0.00599580293794344,0,0.00199860097931448,0,0.00049965024482862,0.00309783151793744,0
0,0,0,0,0,0,0,0,0,0,0,0,0,0.0070992900709929,0.0021997800219978,9.99900009999e-05,0,0,0,0,0,0,0,0,0,0.074992500749925,0,0.0015998400159984,0.0011998800119988,0.0112988701129887,0,0,0,0,0,0,0.0126987301269873,0,0,0,0,0,0,0,0,0.0792920707929207,0,0,0,0,0,0,0,0,0,0,9.99900009999e-05,0,0,0.0038996100389961,0,0,0,0.0007999200079992,0,0,0,9.99900009999e-05,0,0.0040995900409959,0,0,0,0.0002999700029997,0,0.0066993300669933,0.0004999500049995,0,0,0.0208979102089791,0,0,0,0,0.0012998700129987,0,0,0,0.0001999800019998,0.0001999800019998,0,0,0.0011998800119988,0,0,0,0,0,0,0,0,0.0372962703729627,0,0,0,0,0,0,0,0,0,0,0,0.0080991900809919,0,0,0,0,0.0036996300369963,0,0.0012998700129987,0,0.0004999500049995,0,0.0050994900509949,0,0,0,0,0,0,0.0346965303469653,0,0.0001999800019998,0,0,0.0005999400059994,0,0.0004999500049995,0,0.0022997700229977,0.0005999400059994,0,0,0,0,0,0,0,0.0036996300369963,0.0022997700229977,0,0,0.0093990600939906,0.0001999800019998,0,0,0,0,0,0,0,0,0,0,0,0,0,0,0,0.0006999300069993,0.0001999800019998,0,0,0,0,0,0,0,0,0,0,0,0.0003999600039996,0.0031996800319968,0,0,0,0,0,0,0.0104989501049895,0.0002999700029997,0,0,0,0,0,9.99900009999e-05,0,0,0,0,0,0,0,0.0033996600339966,0,0.0004999500049995,0,0,0,0,0,0.0002999700029997,0,0.0065993400659934,0,0.0030996900309969,0,0,0,0,0,0,9.99900009999e-05,0,0,0.0035996400359964,0,0,0,0,0,0.0106989301069893,0,0.0005999400059994,0,0,0,0,0,0,0,0,0,0,0,0,0,0,0,0,0,0,0,0.0001999800019998,0,0,0,0,0,0.0012998700129987,0.0003999600039996,0.0705929407059294,0,0,0,0,0,0,0,0,0,0,0,0.0002999700029997,0,0,0.523847615238476,0,0.0091990800919908,0,0,0,0.0055994400559944,0,0,0,0,0,0,0,0,0,0,0.0025997400259974,0,0,0.0003999600039996,0
0,9.99800039992002e-05,0,0.00699860027994401,0,0,0,0,9.99800039992002e-05,0.0012997400519896,0,0,0.000999800039992002,9.99800039992002e-05,0.000399920015996801,0,0,0,0.0001999600079984,0,0.00329934013197361,0.000499900019996001,0.000999800039992002,0,0,0.0013997200559888,0,0,0,0,0,0,0,0.0016996600679864,0,0,0,0.016496700659868,0.0001999600079984,0,0,0.000499900019996001,0,0.00349930013997201,0,0.00649870025994801,0,0,0.000799840031993601,0,9.99800039992002e-05,9.99800039992002e-05,0,0,0,0,0,0,0,0,0,0.000799840031993601,0,0,0,0.00499900019996001,0.00369926014797041,0,0,0,0.000599880023995201,0,0.0002999400119976,0.0001999600079984,0,0,0,0,0,0.00809838032393521,0.000499900019996001,0,0,0,0,0.0001999600079984,0.0191961607678464,0,0.0001999600079984,0.000399920015996801,0,0,0,0,0,0.001499700059988,0,0,0.0001999600079984,0.00879824035192961,0,0,0,0,0.000499900019996001,0,0.0021995600879824,0.593381323735253,0,0.0102979404119176,0,0,0.000599880023995201,0.0001999600079984,0,0.0281943611277744,0,0,0,0.0001999600079984,0.000499900019996001,0,0,9.99800039992002e-05,0,0,0,0,0,0,0.0022995400919816,0,0,0,0,0,0.00979804039192162,0.00949810037992401,0,0,0.000999800039992002,0,0,0,0,0,0.000799840031993601,0.00409918016396721,0,0,0.0013997200559888,0.000899820035992801,0,0.000699860027994401,0,0,0,0,0.0125974805038992,0.0001999600079984,0,0,0.0143971205758848,0,0,0,0.00939812037592481,9.99800039992002e-05,0,0,0,0,0,0,0,0.000399920015996801,0,0,0.00919816036792642,0,0.00609878024395121,0.0011997600479904,0,0,0,0,0,0,0,0,0,0,0,0.0017996400719856,0,0,0.000699860027994401,0,0,0,0,0.001499700059988,0,0,0,0,0,0,0,0,0,0,0,0,0,0,0.0023995200959808,0.0017996400719856,0,0.000399920015996801,0,0.0022995400919816,0.00439912017596481,0,0.0016996600679864,0,0,0,0.001499700059988,0.00749850029994001,0.0022995400919816,0,0,0.001499700059988,0,0,0,0,0,9.99800039992002e-05,0.0001999600079984,0,0.00649870025994801,0,0,0,0,0,0,0.0172965406918616,0.00589882023595281,0,0.0011997600479904,9.99800039992002e-05,0,0,0,0,0,0.00529894021195761,0,0,0,0.0002999400119976,0.00389922015596881,0,0,0,0,0.0860827834433113,0,0,0.000999800039992002,0,0,0.000399920015996801,0,9.99800039992002e-05,0,9.99800039992002e-05,0,0,0.018496300739852,0,0,0.0018996200759848,0,0,0.000399920015996801,0.0025994801039792,0,0,9.99800039992002e-05,0,9.99800039992002e-05,0,0.000799840031993601,0,0,0.0010997800439912,0
0,0,0,0,0,0,0,0,0,0.0034,0,0,0,0,0.0033,2e-04,0.0023,0,0,0,0,6e-04,0,0.03,0,0.0233,0,0,0.0112,0,0.0308,0,0,0.0013,0,0,0,0.0096,2e-04,0,0,0,0,0,0,5e-04,0,0,5e-04,0,0,0,0,0,0,0,0,0.0014,0,0,6e-04,0,0,0,0,0,0.0077,0,0,0.0095,0.0108,0,0,0,0,0,0,0,0,0,0,0,0.0242,0,0.016,6e-04,0,0,0.0013,0.0158,0,0.0059,0.0033,0,0,0,0,0,0.0021,0,0,0,0,0,0,0,0,0.0542,0,0,0,0,0,0.0034,0,0.0285,0,0,0.0111,0,0,0,0.0046,4e-04,0.0036,0,0,0,0,0,0,0,0,0.0257,0,0,0.1748,0,0,0,3e-04,0,0,0,0,0,2e-04,0,0,0.003,0.0017,0,0,0,1e-04,0,0,0,0,0,0,0,0,4e-04,0,1e-04,0,0,0,0.0011,0,0,0,0,0,0,0,0.0507,0.0099,1e-04,0,0,0,0,0,0,0,0,0,0,0,0.0033,0,0,0,0,0,0,0,0,0,0,0,0.0022,0,0.0036,0,0,1e-04,0.006,0,0,0,0.001,8e-04,0,0.0073,0,0.0121,0,0.0089,0,0,0,0,0,0,0,0.007,0,0,0,0,0.0329,0,0,0,0,0,0.0056,0,0,0,0,0,0,0,0,0,0,0.0163,4e-04,0.0018,0,0.0011,2e-04,1e-04,0,3e-04,0,0,0,0,2e-04,0,0,0,0.0062,0,4e-04,0,0.004,0.0028,0,0.0012,0,0,0,3e-04,0.2565,1e-04,0,0.0045,0,0,0,0,0,0,0.0075,0,0,0,0,0.0043,0,0.0034,0,0,0.0073,0
0,0,0,0,0,0,0.000199860097931448,0.00219846107724593,0,9.9930048965724e-05,0,0,0,0.023883281702808,0.00189867093034876,0,0,0,0,0,0.00199860097931448,0.00309783151793744,0,0,0,0.142600179874088,9.9930048965724e-05,0,0.00239832117517738,0,0,0,0,0.00339762166483462,0,0,0.000899370440691516,0,0,0,0,0,0,0.0024982512241431,0,0.000399720195862896,0,0,0.0020985310282802,0,0,0,0,0,0,0,0,0,0,0.0053962226441491,0,0,0,0.000199860097931448,0,0,0.00629559308484061,0,0.00309783151793744,0.0356750274807635,0,0,0,9.9930048965724e-05,0,0.00259818127310882,0,0,0,0.00149895073448586,0,0,0,0,0.00129909063655441,0.000399720195862896,0.00389727190966324,0,0,0.00179874088138303,0.00419706205656041,0,0.00119916058758869,0,0,0,0,0,0.00809433396622364,0,0.000599580293794344,9.9930048965724e-05,0,0,0,0,0.0123913260717498,0.00779454381932647,0.0117917457779554,0.0049965024482862,0,0,0,0.00429699210552613,0,0,0,9.9930048965724e-05,0.00379734186069751,0,0,0,0,0.0101928649945038,0.000699510342760068,0.00159888078345158,0,0,0,0,0,0.0137903467572699,0,0,0,0,0.0476666333566503,0.00379734186069751,0,0,0,0,0,0,0,0,0,0.00419706205656041,0,0,0.000199860097931448,0,0,0,0,0,0,0,0,0,0,0,0.00609573298690916,0,0,0.00119916058758869,0,0,0,0,0,0.00299790146897172,9.9930048965724e-05,0,0,0,0,0,0.000399720195862896,0,0.0103927250924353,0,0,0,0,0,0,0,0,0.000599580293794344,0,0.00119916058758869,0.00049965024482862,0,0,0,0.00159888078345158,0,0,0,0,0,0,0,0,0,0.00099930048965724,0,0.000399720195862896,0.000299790146897172,0,0,0.000399720195862896,0,9.9930048965724e-05,0,0.0123913260717498,0,0.00339762166483462,0,0,0.00259818127310882,0.000199860097931448,0,0,9.9930048965724e-05,0,0,0.000399720195862896,0.00099930048965724,0.0110922354351954,0,0,0.401219146597382,0,0,0,0,0,0,0,0.00139902068552014,0,0,0,0,0,0,0,0,0.0121914659738183,9.9930048965724e-05,0,0,0,0.000699510342760068,0.00049965024482862,0,0,9.9930048965724e-05,0.00279804137104027,0,0,0,0,0,0,0.00419706205656041,0,0.0195862895972819,0,0,0.077845508144299,0,0,0,9.9930048965724e-05,0,0,0.011591885680024,0,0,9.9930048965724e-05,0,0,0,0,0.000599580293794344,0,0,0,0,0,0,0.0127910462676127,0,0.000399720195862896,0,0,0.00379734186069751,0
0,0,0,0.0002000200020002,0,0,0,0,0,0,0,0,0.0005000500050005,0.0194019401940194,0.0017001700170017,0,0,0,0,0,0,0,0,0.0004000400040004,0,0.128512851285129,0,0,0.0014001400140014,0,0.0001000100010001,0,0,0,0,0,0.0017001700170017,0,0,0,0.0002000200020002,0,0,0,0.0016001600160016,0.0036003600360036,0,0,0,0,0,0,0,0,0,0,0,0,0,0,0,0,0,0,0,0,0.0031003100310031,0,0.0014001400140014,0,0,0,0,0,0,0,0,0,0,0,0,0,0,0,0,0,0.0006000600060006,0.0001000100010001,0,0.0058005800580058,0,0.0011001100110011,0.0081008100810081,0,0,0.0001000100010001,0,0,0,0,0,0.0004000400040004,0,0,0.0002000200020002,0,0,0.115911591159116,0,0,0,0,0,0.0139013901390139,0.0002000200020002,0.0003000300030003,0,0,0,0,0,0,0,0.0003000300030003,0,0,0,0,0,0,0,0,0,0.0002000200020002,0,0.0015001500150015,0.0046004600460046,0,0,0,0.0431043104310431,0,0,0,0,0,0,0,0,0,0,0,0,0,0,0,0,0,0,0,0,0,0,0,0,0,0,0,0,0,0,0,0,0,0,0,0,0,0,0,0,0,0,0,0,0.0018001800180018,0,0,0,0,0,0.0091009100910091,0.0003000300030003,0,0,0,0,0,0,0,0,0,0,0,0,0,0,0,0,0,0,0,0,0,0,0,0.0127012701270127,0,0.135713571357136,0,0,0,0,0,0,0,0,0,0.0008000800080008,0,0,0,0,0.0164016401640164,0,0,0,0,0,0,0,0.0039003900390039,0,0,0,0,0,0,0,0,0,0,0,0,0,0.0008000800080008,0.0041004100410041,0,0,0,0,0,0,0,0,0,0,0,0,0,0,0,0.152815281528153,0,0,0,0.0002000200020002,0,0,0.289428942894289,0.0001000100010001,0,0,0.0006000600060006,0,0,0,0.0036003600360036,0,0,0,0,0,0,0,0,0,0,0,0.0074007400740074,0
0,0,0,0,0,0,0,0,0,9.9930048965724e-05,0,0,9.9930048965724e-05,0.00189867093034876,0.00159888078345158,0,0,0,0,0,0,0.0129909063655441,0,0,0,0.265614070150894,0,0,0.0024982512241431,0,9.9930048965724e-05,0,0,0.0262816028779854,0,0,0,0.00809433396622364,0,0,0,0,0,0.0158888777855501,0,0,0,0,0,0,0,0,0,0,0,0,0,0,0,0,0,0,0,0,0,0,0,0,0.000299790146897172,0,0.00429699210552613,0,0,0,0,9.9930048965724e-05,0,0,0,0.0053962226441491,0,0,0,0,0,0.000199860097931448,9.9930048965724e-05,0,0,0.00699510342760068,0.00179874088138303,9.9930048965724e-05,0,0,0,0,0,0,0.00669531328070351,0,0,0,0,0,0,0,0,0.00409713200759468,0,0.00409713200759468,0,0,0,0.0159888078345158,9.9930048965724e-05,9.9930048965724e-05,0,0.000399720195862896,0.0222844009193565,0,0,0,0,9.9930048965724e-05,0.0972319376436494,0,0,0,0,0,0,0,0,9.9930048965724e-05,0,0,0.0351753772359348,0,0,0,0,0,0,0,0,0,0,9.9930048965724e-05,0,0,0.00119916058758869,0,0,0,9.9930048965724e-05,0,0,0,0,0,0,0,0,0,0,0,0,0,0,0,0,0,0,0,0,0,0,0,0.0219846107724593,0,0,0,0,0,0,0,0,0,0,0,0,0.00319776156690317,9.9930048965724e-05,0,0,0,0,0,0,0,0,0,0,0,0,0,0,0,0,0,0,0,0,0,0.00169881083241731,0,0.00449685220345758,0,0.00099930048965724,0,0,0,0,0,0,0,0,0,0.0208853802338363,0,0,0,0,0.0590586589387429,0,0,0,0,0,9.9930048965724e-05,0,0,0,0,0,0,0,0,0,0,0.076746277605676,0,0,0,0,0,9.9930048965724e-05,0,9.9930048965724e-05,0,0,0,0,0,0,0,0,0,0,0,0,0,0.0251823723393624,0,0,0,0.000599580293794344,0,0,0.167282901968622,0,0,0.0490656540421705,0,0,0,0,0,0,0,0,0,0,0,0.00439692215449186,0.000299790146897172,0.00609573298690916,0,0,0.0153892275407215,0
0,0,0,0.024495100979804,0,0,0,0.000699860027994401,0,0.000699860027994401,0,0,9.99800039992002e-05,0.000799840031993601,0.0157968406318736,0,0,0,0,9.99800039992002e-05,0.00959808038392321,0,0.0010997800439912,0,0.0011997600479904,0.000699860027994401,0,0,0.0016996600679864,0,0,0,0,0.00589882023595281,0,0,0.000899820035992801,0.001499700059988,0.000399920015996801,0,0,0,0,0,0,0.0013997200559888,0,0,0.000899820035992801,0,9.99800039992002e-05,0.000999800039992002,0,0,0,0,0,0.0011997600479904,0,0.0015996800639872,0.000599880023995201,0.0027994401119776,0,0,0,0,0.000699860027994401,0.000399920015996801,0,0,0.00949810037992401,0,0,0,9.99800039992002e-05,0,0,0,0,0.001999600079984,0.000599880023995201,0,0.0030993801239752,0,9.99800039992002e-05,0,0,9.99800039992002e-05,0.0001999600079984,0.0025994801039792,0.0015996800639872,0.0001999600079984,0.00539892021595681,0.00429914017196561,0,0.0031993601279744,0,9.99800039992002e-05,0,0,0,0,0,0,0,0,0,0.0240951809638072,0.0313937212557489,0.00999800039992002,0,0,0,9.99800039992002e-05,0,0.0148970205958808,0,0,0.00789842031593681,9.99800039992002e-05,0,0,0.00699860027994401,9.99800039992002e-05,0.0022995400919816,0,0,0,0,0,0,0.000599880023995201,9.99800039992002e-05,9.99800039992002e-05,0,0.00249950009998,0.0182963407318536,0.00599880023995201,9.99800039992002e-05,0,0,0,0,0,0,0,0.000399920015996801,0,0,0.0012997400519896,0.0001999600079984,0,0,0,0.00649870025994801,0,0,0.0303939212157568,0.0002999400119976,0,0,0,0,9.99800039992002e-05,0,0,0.00699860027994401,0.000399920015996801,0,0,0,0.00779844031193761,0,0,0,0,0,0,0.00329934013197361,0,0.00769846030793841,0.0021995600879824,0,0,0,0,0,0,0,0,0,0.000999800039992002,0.000399920015996801,0,0,0,0.0002999400119976,0,0,0,0,0,0,0,0,0.000799840031993601,0,0,9.99800039992002e-05,0.0026994601079784,0,0,0.000399920015996801,0,9.99800039992002e-05,0,9.99800039992002e-05,0,0.0317936412717457,0,0.000399920015996801,0,0,0,0.00499900019996001,0,0,0,0.0030993801239752,0.000499900019996001,0.0020995800839832,0,0.0001999600079984,0.0106978604279144,0,0,0,0,0.0002999400119976,0,0,0,0,0,0.0015996800639872,0,0,0.0001999600079984,0,0,9.99800039992002e-05,0,0.0027994401119776,0,0.000399920015996801,0.00429914017196561,0,0,0,0.0017996400719856,0,0,0,0,0,0,0,0,0.00339932013597281,0.602979404119176,0,0.000599880023995201,0.00599880023995201,0,9.99800039992002e-05,0,0,0,0.00729854029194161,0.000999800039992002,0,0,0.001499700059988,0,0,0,0,9.99800039992002e-05,0.0012997400519896,0,0,0,0,0,0,0,0.000399920015996801,0,0,0.001499700059988,0
0,0,0,0,0.000599221012683511,9.98701687805852e-05,0.00159792270048936,9.98701687805852e-05,0,0,0,0,0,0,0,0,0,9.98701687805852e-05,0,0.000299610506341756,0.000499350843902926,0.00109857185658644,0,0,0,0.0572256067112753,9.98701687805852e-05,0,0.000798961350244682,0.0155797463297713,0.0169779286926995,0,0,0.0144811744731849,0,0,0.000599221012683511,9.98701687805852e-05,0.000599221012683511,0,0,0,0,0.00119844202536702,0,0.00589233995805453,9.98701687805852e-05,9.98701687805852e-05,0,9.98701687805852e-05,9.98701687805852e-05,0,9.98701687805852e-05,0,0,9.98701687805852e-05,0,0,0,0.016378707680016,0.000299610506341756,9.98701687805852e-05,9.98701687805852e-05,0,0.000299610506341756,0,0.00529311894537102,0,0,0.00928792569659443,0.000499350843902926,0,0,9.98701687805852e-05,0,0,0,9.98701687805852e-05,0,0.000998701687805852,0,0,0.013482472785379,0,9.98701687805852e-05,0,9.98701687805852e-05,0,0,0.00319584540097873,0,0.00019974033756117,0,0,0.000898831519025267,0,0,0,0.00019974033756117,0,0,0,0,0,9.98701687805852e-05,0.000299610506341756,0,0.173774093678218,0,0,0,0,0,0.00139818236292819,0.00019974033756117,0,0,0,0.0282632577649056,0,0,0.00119844202536702,0,0.00019974033756117,0.00499350843902926,0,0.184859682412863,0,0.00019974033756117,0,0.00139818236292819,0.000599221012683511,0,0,0,0,0,0,9.98701687805852e-05,9.98701687805852e-05,0.00289623489463697,0,0,0,0,0,0.000798961350244682,0,0,9.98701687805852e-05,0.000299610506341756,9.98701687805852e-05,0,0,0,0,0,0,9.98701687805852e-05,0.00159792270048936,0,0,0,9.98701687805852e-05,0,0,0,0,0,0,0.000998701687805852,0,0,0,0,0,0.000299610506341756,9.98701687805852e-05,0.0141815639668431,9.98701687805852e-05,0.000299610506341756,0,0.00239688405073405,0.000599221012683511,0.00139818236292819,0,0,0.019974033756117,0,0,0.000599221012683511,0.0107859782283032,0,0,0,0,0,0,0,0.0159792270048936,0,0,9.98701687805852e-05,0.000599221012683511,0,0.000798961350244682,0.000898831519025267,0,0,0.00019974033756117,0,0,0.00019974033756117,9.98701687805852e-05,9.98701687805852e-05,0,0.00379506641366224,0.000399480675122341,0,0,0.00559272945171277,0.00129831219414761,0,0,0,0.000699091181464097,0,0,0.00139818236292819,9.98701687805852e-05,9.98701687805852e-05,9.98701687805852e-05,0,0.0303605313092979,0,0,0.000299610506341756,0,0,0,0.000299610506341756,0,0,0,0.0153800059922101,0,0,0,0,0,0,9.98701687805852e-05,0.000998701687805852,0,0.00129831219414761,0.00019974033756117,0.00019974033756117,0,9.98701687805852e-05,0.00469389793268751,9.98701687805852e-05,0,0,0.00019974033756117,0.000699091181464097,0,0,0,0,0,0.000299610506341756,0.000898831519025267,0.0272645560770998,0,0,0,0,0,9.98701687805852e-05,0.234595026465595,9.98701687805852e-05,0,0.0127833816039149,0,0,0,0,0,9.98701687805852e-05,0.00439428742634575,0,0.00159792270048936,0,0,0,9.98701687805852e-05,0,0,0,0.00479376810146809,0
0.000199880071956826,9.9940035978413e-05,0.000399760143913652,0.000199880071956826,0,0,9.9940035978413e-05,0,0,0,0,0,0,0,9.9940035978413e-05,0,0,0,0,0,0.00899460323805717,0.00339796122326604,0,0.000299820107935239,0,0.000199880071956826,0,0,0.0022986208275035,0.000999400359784129,0,0,0,0,0,0,0.000999400359784129,0,0,0,9.9940035978413e-05,0,0,0,0,0,0,0,0,0,0,0,0,0,0,0.000399760143913652,0,9.9940035978413e-05,0,0,0,0.00409754147511493,9.9940035978413e-05,0,0,0,0.00589646212272636,0.000799520287827304,0,0,0,0,0,0,0,0,0,0,0,0.0662602438536878,0,9.9940035978413e-05,0.025884469318409,0,0.0947431541075355,9.9940035978413e-05,0.00629622226664002,0,0,0,0,0.000599640215870478,0,0,0,9.9940035978413e-05,0,0,0,0,0,0,0,0,0,0,0,0.141015390765541,0,0.00729562262642415,0,0,0,0,0,0,0,0,0,0,0,0,0,0,0,0,0.0158904657205677,0,0,0,0,0.0991405156905856,0,9.9940035978413e-05,0.000299820107935239,0,0.000299820107935239,0,0,0,0.00149910053967619,0,0,0,0,0,0.00299820107935239,0,0,0,0,0,0.00989406356186288,0,0,0.00369778133120128,0.00329802118728763,0,0,0.0061962822306616,0,0,0,0,0.0076953827703378,0,0,0.000199880071956826,0,0,0.000499700179892065,0,0.0101938836697981,0,0,0,0,0,0,0,0,0,0,0,0,0,0,0,0,0,9.9940035978413e-05,0.0265840495702578,9.9940035978413e-05,0,0,0,0,0.000299820107935239,0,0.0231860883469918,0,0,0,0,0.0456725964421347,0.00589646212272636,0,0,0,0.000299820107935239,0,0,0,0,0.000899460323805717,0,0.0274835098940636,0,0,0,0,0,0,0,9.9940035978413e-05,0,0,9.9940035978413e-05,0,0,0.0186887867279632,9.9940035978413e-05,0.000199880071956826,0.0315810513691785,0,0,0,0,0,0.000599640215870478,0,0,0,0,0,0.000199880071956826,0,0.000999400359784129,0,0,0,0,0,0,0,0,0.000499700179892065,0,0,0,0.000599640215870478,0,0,0,0,0,0,0,0,0.000799520287827304,0,0.0126923845692584,0,0,0,0,0.000199880071956826,0,0.00319808115130921,0.255546671996802,0,0,0,0,0,0,0,9.9940035978413e-05,0,0.0076953827703378,0,0,0,0,0,0,0.00149910053967619,0,0,0,0
0,0,0,0,0,0,0,0,0,0,0,0,0,0,0.0037,0,0,0,0,0,0,0,0,0,0,0.1745,0,0,0.0542,0.0223,0.0063,0,0,0.0375,0,0,0.0025,0,0,0,0,0,0,0.0023,0,0.0063,0,0,0,0,0,0,0,0,0,0,0,0,0,0,0,0,0,0,0,0,0,0,0,0,0,0,0,0,0,0,0,0,0,0,0,0,0,0,0,3e-04,0,0,0,0,2e-04,0,0,0,0,3e-04,0,0,0.002,0,0,0,0,0,0,0,0,0.1014,0,0,0,0,0,0.0022,0,0,0,0,0,4e-04,0,0,0,3e-04,0.0186,0.0088,0,0,0,0,0.0107,0,0,0,0,0,0,0,0,0,0,0,0,0,0,0,0,0,0,0,0,0,0,0,1e-04,0,0,0,0,0.0202,0,0,0,0.0017,0,0,0,0,0,0,0,0,0,0,0.0119,0,0,0,0,0,0,0,0,0,0,0,0,0.001,0,0,0,0.0387,0,0,0,0,0,0,0,0,0,0,0,0,0,0,0,0,0,6e-04,0,0,0,0.0019,0.0024,0,0,0,0,0,0,1e-04,0,0,0,0,0,0,0.0081,0,0,7e-04,0,0.0167,0,0,0,0,0,3e-04,0,0,0.0129,0,0,0,0,0,0,0,0,0,0,1e-04,0,2e-04,0,0,0,0,0,0,0,3e-04,0,0,0,0,4e-04,0.0015,0,0,0.0949,0.0385,0,0,0,0,0,0.2062,0,0,0.0631,0,0,0,0,0,0,0.0017,0,0.0028,0,0,0.003,0,2e-04,0,0,0.015,0
0,0,1e-04,3e-04,0,0,0,0,0,0,0,0,0,0,0.0105,0,0,0,0,1e-04,0.0479,0.0017,0,0,0,0.1567,0,0,0.1564,0,0,0,0,0.0091,0,0,0.0021,0.0204,0,0,4e-04,0,0,0.0114,0,0,0,0,0,0,0,0,0,0,0.0096,0,0,0,0,0.0575,0,0,0.0013,0,0,0,0,0.0055,0,0,0,0,0,0,0,0,0,0,0,0,0,0,0.0682,0,0,0,0,0,0,0,0,0,0.0089,0,0,0.0386,0,1e-04,8e-04,0,0,0,3e-04,0,0,0,0,0,0,0.0084,0,0,0,0,0,0,0,0.0126,0.0115,0,1e-04,0,0,2e-04,0.0047,0,0,0,0,0,0,0,0,0,0,0,0,0,0,0,0.0099,0,0,5e-04,0,0,0.0036,0,0,0,0,0,0,0,0,0.0063,0,0,0,0,0,0,0,0,0,0,0,0.0055,0,0,0,0,1e-04,0,0,0,0,0,0,0,0,0,0,0,0.0155,0,0,0,0,0,0,0.0139,7e-04,0,0,0,0,0,0,0,0,0,0,0,2e-04,0.0534,0,0,0,0.0499,0,0,0,0,0,0,0.0219,0,0.1054,0,0.0072,0,0,0,0,0,0.0012,0,0,0,0,0,0,0,0,0,0,0,0,0,0,0,0,0,0,0,0,4e-04,0,0,0,0,0,0,0,0.0432,0.003,0,0,0.002,0,0,0,0.0036,0,0,0,0,0,0.001,0.0011,0,0,0,0,0,0,0,0.001,0,0,0,0,0,0,0,0,0,0,0.0016,0,0,0,1e-04,9e-04,0,0,0,0,0.0015,0
0,0,0,0.0103979204159168,0,0,0.0001999600079984,0.0022995400919816,0,0.000899820035992801,0,0,0.000499900019996001,0.0002999400119976,0.0176964607078584,0,0.0002999400119976,0,0,0,0,0,0.0015996800639872,0.000499900019996001,0.000899820035992801,0.0367926414717057,0,0,0.0031993601279744,0.0022995400919816,0.00449910017996401,0,0,0.0028994201159768,0,0,0.0030993801239752,0.0025994801039792,0.0002999400119976,0.0021995600879824,0.0002999400119976,0,0,0,0,0.0152969406118776,0,0,0,0.00519896020795841,0.0001999600079984,0,0,0,0.0130973805238952,0,0,0.00909818036392721,0,0,0.0021995600879824,0,0,0,0,0,0.001499700059988,0,0.000399920015996801,0,0.002999400119976,0,0,0,0,0,0,0,0,0,0,0,0.000499900019996001,0,0,0.00529894021195761,0,0.0020995800839832,0.000699860027994401,0.0015996800639872,9.99800039992002e-05,0.0027994401119776,0.00519896020795841,0.0155968806238752,0,0.0321935612877425,0,0,0.0001999600079984,0,0,0.001999600079984,0,0,0.0140971805638872,0,0,0.00339932013597281,0.00449910017996401,0.010997800439912,0,0,0,0.0011997600479904,0,0.0840831833633273,9.99800039992002e-05,0,0,0,0,0,0,0.0001999600079984,0.00559888022395521,0,0,0,0,0.0105978804239152,0.0200959808038392,0.0025994801039792,0,0,0,0.0010997800439912,0.001999600079984,0.00389922015596881,0,0,0,0,0,0.000499900019996001,0,0,0,0,0,0.0001999600079984,0.0018996200759848,0.0010997800439912,0,0,9.99800039992002e-05,0,0,0,0,0.00499900019996001,9.99800039992002e-05,0,0.0435912817436513,0.0111977604479104,0,0.0010997800439912,0.00769846030793841,0,0,0,0,0.0313937212557489,0.000699860027994401,0,0,0,0,0.0185962807438512,0.00989802039592082,0,0.00499900019996001,0.00589882023595281,0,0.0110977804439112,0,0,0,0,0,0.000699860027994401,0,0.0010997800439912,0.00689862027594481,0,0.00639872025594881,9.99800039992002e-05,0.000399920015996801,0,0,0,0,0,0,0,0,0,0,0.000699860027994401,0.0001999600079984,0.0011997600479904,0,0,0,0,0,0,0.000699860027994401,0,0.0599880023995201,0,0,0.0016996600679864,0.00659868026394721,0,0.0171965606878624,0,0,0.000999800039992002,0.0015996800639872,0,0,0,0,0.0278944211157768,0,0,0,0,0,0.0217956408718256,0,0,0,0,0.000699860027994401,0,0,0,0,0,0.000599880023995201,0,0,0,0.0012997400519896,0.0136972605478904,0.0021995600879824,0,0,0,0,0,0.000599880023995201,0,0.00589882023595281,0,0,0.00519896020795841,0,0.023495300939812,0,0,0.0429914017196561,0,0.0001999600079984,0,0,0,0.00859828034393121,0.149570085982803,0,0,0.0124975004999,0,0,0.0001999600079984,0,0.0001999600079984,0,0.0030993801239752,0,0,0,0,0.0217956408718256,0,0.0002999400119976,0,9.99800039992002e-05,0.018996200759848,0
0,0,0,0.00169813205473979,0,0,0.000299670362601139,0,0,0.000499450604335231,0,0,0,0,0.0284686844471082,0,0.000699230846069324,0,0,9.98901208670463e-05,0,9.98901208670463e-05,0,0,0.000299670362601139,0.116272100689242,0,0,0,0.000499450604335231,0.000299670362601139,0,0,0.00149835181300569,0,0,0.000899011087803416,9.98901208670463e-05,0,0.00109879132953751,0,0,0,0,0,9.98901208670463e-05,0,0,0,0,9.98901208670463e-05,0,0,0.000299670362601139,9.98901208670463e-05,0,0,0,0,0.00079912096693637,9.98901208670463e-05,0,0,0,0,0,0.00948956148236939,0.000899011087803416,0,0,0.000399560483468185,0,9.98901208670463e-05,0,0,0,0.000199780241734093,0,0,0.000699230846069324,0.000399560483468185,0,9.98901208670463e-05,0,0.00079912096693637,0,0,0,0.00109879132953751,0.000199780241734093,0,0.00109879132953751,0.032364399160923,0,0,0,0.00289681350514434,0,0,0,0,0,0,0,0,0,0,0.0701228648486665,0.0227749475576865,0.00709219858156028,0,0.000299670362601139,0.00329637398861253,9.98901208670463e-05,0,0.0580361602237539,9.98901208670463e-05,0,0.00219758265907502,0,9.98901208670463e-05,0,0.0105883528119069,0,0.00149835181300569,0,0,0,0,0,9.98901208670463e-05,0,0,0,0,0,0.0284686844471082,0.00439516531815004,9.98901208670463e-05,0,0.0923983618020178,0,0,0,0,0,0,0.00139846169213865,0,0.000199780241734093,0,9.98901208670463e-05,0,0,0,0,0,0,0,0,0,0,0,0,0,0,0.00119868145040456,0,0,0,0,0.03246428928179,0,0,0,0,0,9.98901208670463e-05,9.98901208670463e-05,0,0.00329637398861253,0,0,0.0079912096693637,0,0,0,0,0,0.00269703326341025,0,0.000699230846069324,0.00169813205473979,0,0.00209769253820797,0,0.000499450604335231,0,0,0,0,0,0,0,0,0,9.98901208670463e-05,0,9.98901208670463e-05,0.000899011087803416,0,0,0,9.98901208670463e-05,0,0,0,9.98901208670463e-05,0.0144840675257217,0,0,9.98901208670463e-05,0,0,0.00119868145040456,0,0.000699230846069324,0,9.98901208670463e-05,0.000499450604335231,0.00379582459294776,0,0.000299670362601139,0.0134851663170512,0,0,0,0,0,0,0,0,0,0.00339626410947957,0,0,0,0,0,0,0,0,0,0,9.98901208670463e-05,0.000499450604335231,0,0,0,0.00079912096693637,9.98901208670463e-05,0,0,0.000199780241734093,0,0,0,0,0.000199780241734093,0.219458595544901,9.98901208670463e-05,9.98901208670463e-05,0.00839077015283188,0,0,0,0,0,0,0.019478573569074,0,0.140944960543402,9.98901208670463e-05,0,0,9.98901208670463e-05,0,0,0,9.98901208670463e-05,0,0,0,0,0.00619318749375687,0,0.00239736290080911,0,0,9.98901208670463e-05,0
0,0,0,0.00609878024395121,0,0,0,0,0,0.0011997600479904,0,0,0.0001999600079984,0,0.000799840031993601,0,0,0,0,0,0,0.0028994201159768,0.0016996600679864,0,0,0.0120975804839032,0,0,0.0397920415916817,0,0,0,9.99800039992002e-05,0,0,0,0,0,0,0,0,0,0,0,0,0.015996800639872,0,0,0.00389922015596881,0,0,0,0,0,0,0,0,0,0,0,0,0.0015996800639872,0,0,0,0,0.0152969406118776,0,0,0,0,0,0,0,0,0,0,0,0,0.0017996400719856,0.000499900019996001,0,0,0,0,0.0030993801239752,0,0,0,0,0,0,0.0001999600079984,0,0,0,0.0013997200559888,0,0,0,0,0.0122975404919016,0,0,0,0,0,0.337432513497301,0,0,0,0.0030993801239752,0.0010997800439912,9.99800039992002e-05,0,0.0111977604479104,0,0,0.0187962407518496,9.99800039992002e-05,0,0,0.000699860027994401,0,0.00389922015596881,0,0,0,0,0,0,0,0,0,0,0,0,0,0,0,0.00249950009998,0,0,0,0,0,0.0031993601279744,0,0,0,0.00359928014397121,0,0,0,0,0,0,0,0,0,0,0,0,0,0,0,0,0,0,0,0,0,0.134173165366927,0,0,0,0,0,0,0,0,0,0,0,0,0,0,0,0,0,0,0.00839832033593281,0,0,0,0.0001999600079984,0,0,0,0,0,0,0,0,0.0510897820435913,0.0260947810437912,0,0,0,0,0,0,0,0,0,0,0,0,0,0,0,0,0,0,0,0,0,0,0,0,0,0,0,0.00979804039192162,0,0,0,0,0,0,0,0,0,0,0.0123975204959008,0,0,0,0,0,0,0,0,0,0,0.0010997800439912,0,0,0,0,0,0,0,0,0,0,0,0,0,0.0001999600079984,0,0,0.0508898220355929,0,0,0,0,0,0,0.139372125574885,0,0,0.0338932213557289,0,0,0,0,0,0,0,0,0,0,0,0,0,0.0002999400119976,0,0,0.0253949210157968,0
0,0,0,0.000999400359784129,0.000499700179892065,0,0.000499700179892065,0,0,0.000799520287827304,0,0,9.9940035978413e-05,0,0.0472716370177893,0,9.9940035978413e-05,0,0,0,0,0,0.000399760143913652,0,0.000299820107935239,0.121427143713772,0,0,0.00609634219468319,0.00669598241055367,0.0169898061163302,0,0,0,0,0,0.000899460323805717,9.9940035978413e-05,0,0,0,0,0,0,0,0.000199880071956826,0,0,0,0,0,0,0,0,0,0,0,0.00279832100739556,0,0,9.9940035978413e-05,0,0,0,0,0,0,0,0.000199880071956826,0,0,0,0,0,0.00149910053967619,0.00559664201479113,0,0,0,0,0,9.9940035978413e-05,0.000399760143913652,0,0,0,0,0,0,0,0,0,0,0,0,0,0,0,0,0,0,0,0.000899460323805717,0,0,0,0,0.0186887867279632,0,0.000199880071956826,0.00259844093543874,0,0,9.9940035978413e-05,0,0.00419748151109334,0,9.9940035978413e-05,0,0,0.000299820107935239,0,0,9.9940035978413e-05,0.000999400359784129,0,0,0,0,0,0,9.9940035978413e-05,0,0,0,0.000499700179892065,0.0654607235658605,0,0,0.000299820107935239,0.0310813511892864,0,0,0.000899460323805717,0,0,0,0.00109934039576254,0,0,0,0.000599640215870478,0,0,0,0,0,0,0,9.9940035978413e-05,0,0,0,0,0,0,0.00289826104337398,0,0,0,0,0.000599640215870478,0.00329802118728763,0,0.000499700179892065,0,0,0,0,0,0.00429742154707176,0.000299820107935239,0,0,0,0,0.00759544273435938,0,0,0,0,9.9940035978413e-05,0.00189886068358985,0,0.00759544273435938,0,0,0,0,0,0,0,0,0,0.0966420147911253,0,0,0,0,0,0,0,0,0,9.9940035978413e-05,0,0.00149910053967619,0,0,0,0,0,0.0121926843893664,0,0,0,0,0,0,9.9940035978413e-05,0,0,0,0,0,0,0,0,0,0,0,0,0,0,0.000499700179892065,9.9940035978413e-05,9.9940035978413e-05,0,0,0,0,0,0,0,0,9.9940035978413e-05,0,0,0,0,0,0,0,0,9.9940035978413e-05,0,0,0,0,0.499200479712173,0,0,0.0177893264041575,0,0,0,0,0,0,9.9940035978413e-05,0,0,0,0,0,0,0,0,0,0,0,0,0,0,0,0,0,0,0,0,0
0,0,0,0,0.00319872051179528,0,0,9.99600159936026e-05,0,0.00109956017592963,0,0,0,0.00189924030387845,0.00129948020791683,0,0,0,0,0,0.00309876049580168,0.000999600159936026,0.000699720111955218,0.0267892842862855,0.000299880047980808,0.0422830867652939,0,0,0.00299880047980808,0,0.0293882447021192,0,0,0.00929628148740504,0,0.0180927628948421,0.000699720111955218,0.00259896041583367,0,0,0,0,0.00489804078368653,0.00269892043182727,0,0.0172930827668932,0,0,0.00039984006397441,0,0.000199920031987205,0,0,0,0,0,0,0.00119952019192323,0,9.99600159936026e-05,0,0.00079968012794882,0,0,0.000199920031987205,0.00419832067173131,0.00109956017592963,0,0.000299880047980808,0.00339864054378249,0.000599760095961615,0,0,0,0,0,0,0,0,0.000299880047980808,0,0.000599760095961615,0.0135945621751299,0.00179928028788485,0.000499800079968013,0,0,0.00259896041583367,0,0.00259896041583367,9.99600159936026e-05,0.00269892043182727,0,0,0,0.000299880047980808,0,0,0.00469812075169932,0,0,0,0,0,0,0,0.000299880047980808,0.0105957616953219,0,0.0133946421431427,0,0,0,0.000499800079968013,0,0.0476809276289484,0,0,0,9.99600159936026e-05,0,0,0,0,0.0152938824470212,0,0.0978608556577369,0,0,0.000199920031987205,0.00109956017592963,0.000199920031987205,0.0198920431827269,0,0.000499800079968013,0.00239904038384646,0.0139944022391044,0,0,0.000599760095961615,0,0,0,0.000599760095961615,0.00729708116753299,0,0.000199920031987205,0.00319872051179528,0,0,0.000299880047980808,0.00119952019192323,0,0,0,0,0,0,0.00079968012794882,0.00289884046381447,0.00229908036785286,0,0.0120951619352259,0,0,0,0,0,0,0,0,0.00109956017592963,9.99600159936026e-05,0,0,0,0,0,0.00459816073570572,0,0.0078968412634946,0.00409836065573771,0,0.00319872051179528,0,0,0.0249900039984006,0,0,0,0,0.00409836065573771,0.000199920031987205,0,0.000299880047980808,0.000199920031987205,0.014594162335066,0,0,0,0,0,0,9.99600159936026e-05,0.0201919232307077,0.000599760095961615,0,0,0,0,0,0.00359856057576969,0.000299880047980808,0,9.99600159936026e-05,0,0.00229908036785286,0.00109956017592963,0.0271891243502599,0,0,0.00349860055977609,0.00369852059176329,0,0,0,0.0104958016793283,0,0.00339864054378249,0.000999600159936026,0.00249900039984006,0,0,0.00329868052778888,0,0,0,0,0,0,0,0,0,0.0175929628148741,0,0.000199920031987205,0.00119952019192323,0,0,0,0.00079968012794882,9.99600159936026e-05,0.000199920031987205,0,0.00039984006397441,0,0.00139944022391044,0,0,0.000299880047980808,0,0.00129948020791683,0,0,0,0,0,0.00299880047980808,0,0.000499800079968013,0,0.000499800079968013,0.0367852858856457,0,9.99600159936026e-05,0,0,0,0.00209916033586565,0.281387445021991,0,0,0.0039984006397441,0,0,0,0,0,0.00169932027189124,0.00299880047980808,0,0,0,0,0.0149940023990404,0,0,0.00759696121551379,9.99600159936026e-05,0.00449820071971212,0
0,0,0,0,0,0,0.00249900039984006,0,0,0,0,0,0,0,0.00569772091163535,0,0,0,0,0,0,0.00219912035185926,0,0.000699720111955218,0,0.111655337864854,0.00039984006397441,0,0.00229908036785286,0.016593362654938,0,0,0,0.0266893242702919,0,0,0.00039984006397441,0,0.000199920031987205,0,0,0,0,0,0,0,0,0.000199920031987205,0.000199920031987205,0,0,0,0,0,0,0,0,0,0,0.00279888044782087,0,0.00339864054378249,0.00179928028788485,0,0.0114954018392643,0,0,0,0,0,0.00169932027189124,0,0,0,0,0.00409836065573771,0,0.00039984006397441,0,0.00529788084766094,0,0.00109956017592963,0.0332866853258697,0,0,0,0,0,0,0,0,0.000599760095961615,0.000899640143942423,0,0,0.00079968012794882,0,0,0,0,0,0,0,0,0,0,0,0.0358856457417033,0,0,0,0,0,0,0,0,0,0,0,0,0,0,0,0,0.00729708116753299,0,0,0,0,0,0,0,0,0,0,0,0.00309876049580168,0,0,0,0.0806677329068373,0,0,0,0,0,0,0,0,9.99600159936026e-05,0.000599760095961615,0,0,0.000499800079968013,0.00249900039984006,0,0,0,0,0.00449820071971212,0,0.000199920031987205,0,0,0,0,0,0,9.99600159936026e-05,0,0.000499800079968013,0,0,0,0,0,0.000899640143942423,0,0,0,0,0,0,0,0.000299880047980808,0,0,0,0,0,0,0.00489804078368653,0.00209916033586565,0.000199920031987205,0,0,0,0,0,0,0,0,0,9.99600159936026e-05,0,0.0261895241903239,0.00129948020791683,0,0,0.00209916033586565,0,0,0,0,0,0,0.00969612155137945,0.00219912035185926,0.0078968412634946,0,0,0.00289884046381447,0,0,0,0,0,0,0.000499800079968013,0,0.015093962415034,0,0,0.245601759296281,0,0,0,0,0.000199920031987205,0,0,0,0,0.000299880047980808,0,0.0038984406237505,0,0,0,0,0,0.000199920031987205,0,0,0.000499800079968013,0.0413834466213515,0,0,0,0,0,0,0,0,0,0,0,0,0,0.0211915233906437,0,0,0.0552778888444622,0,0.000499800079968013,0,0,0.000299880047980808,9.99600159936026e-05,0.166833266693323,0,0,0.00229908036785286,0,0,0,0,0,0.00239904038384646,0,0,0,0,0,9.99600159936026e-05,0.00169932027189124,0.00369852059176329,0,0,0.0037984806077569,0
0,0,9.98801438274071e-05,0,0,0,0.000299640431482221,0.00129844186975629,0,0.00239712345185777,0.000199760287654814,0.000199760287654814,0,0.0133839392728726,0.00249700359568518,0,0.00329604474630443,0,9.98801438274071e-05,9.98801438274071e-05,0.0109868158210148,0.00379544546544147,0.000499400719137036,0.000199760287654814,0,0.0325609268877347,0.000199760287654814,0,0.000299640431482221,0.00109868158210148,0,0,0,0.0119856172592889,0.000199760287654814,0,0.000199760287654814,0.00259688373951258,0,0,9.98801438274071e-05,0,0,0.0128845385537355,0,0.0232720735117859,0,0.00069916100679185,0,0,0,0,0.000199760287654814,0,0.000399520575309628,9.98801438274071e-05,0,0,0,0.000998801438274071,9.98801438274071e-05,0.00609268877347183,0,9.98801438274071e-05,0,0,0.000299640431482221,0,0,0,0.0013983220135837,0.000399520575309628,0.000199760287654814,0.00649220934878146,0,0,0,0,0,0.00219736316420296,0.000499400719137036,0,0,0,0.0449460647223332,9.98801438274071e-05,0,0,0.000199760287654814,0.0151817818617659,0,0.000399520575309628,0.000299640431482221,0.00349580503395925,9.98801438274071e-05,0,0,0,0,0,9.98801438274071e-05,0,9.98801438274071e-05,0,0.0013983220135837,0,0.000499400719137036,0.00329604474630443,0,0,0,0.000199760287654814,0,0.00858969236915701,0,0.00858969236915701,0,0,0,0,0.000299640431482221,0,0,0,0.0816020775069916,0.00339592489013184,0,0,0.000499400719137036,0.00809029165001998,0.00619256891729924,0.00189772273272074,0.000998801438274071,0,9.98801438274071e-05,0,0.00409508589692369,0.00179784258889333,0,0,0,0,0.00409508589692369,0.000599280862964443,0.0237714742309229,0,9.98801438274071e-05,0.00888933280063923,0,0,0.00339592489013184,0.00149820215741111,0,0,9.98801438274071e-05,0,0,0,0.000299640431482221,0.0041949660407511,0,0.000898921294446664,0.00379544546544147,9.98801438274071e-05,0,0,0.00119856172592889,0,0,0,0,0,9.98801438274071e-05,0,0,0,0,0.01078705553336,0,0,0.00459448661606073,0,0,0.00249700359568518,0.000399520575309628,0,0,0,0,0,0,0.0231721933679584,0.000199760287654814,0,0.0229724330803036,0,0.000399520575309628,0.00249700359568518,9.98801438274071e-05,0,0,0,0,9.98801438274071e-05,0,0,0.000199760287654814,0,9.98801438274071e-05,0,0.00878945265681183,0,0,0,0.000199760287654814,0.00179784258889333,0,9.98801438274071e-05,0.0136835797043548,0,0.000898921294446664,9.98801438274071e-05,0.000599280862964443,0,0.00129844186975629,0,0.00719137035557331,0,0.0110866959648422,0.000199760287654814,0.019376747902517,0,0.000299640431482221,0.0307630842988414,0,0,0.000199760287654814,9.98801438274071e-05,0,0.000199760287654814,0,0,0,0.00948861366360368,0.000998801438274071,0,0,0,0,0,0.0159808230123851,9.98801438274071e-05,0,0,0.000499400719137036,0.000399520575309628,0.00169796244506592,0.000499400719137036,9.98801438274071e-05,0.00069916100679185,0.000199760287654814,0,0,9.98801438274071e-05,0,0,0,0,0.000299640431482221,0,0.000299640431482221,0.00229724330803036,0.0666200559328805,0,0,0,0,0,0,0.28465840990811,0,0,0.019876148621654,0,0,0,0,0,0,0.00409508589692369,0,0,0,0,0.0098881342389133,0,0.000998801438274071,0.00329604474630443,0,0.0175789053136237,0
0,0,0,0,0,0,0.0069,0.0081,0,9e-04,0,0,0,0,0.0119,0,6e-04,0,0,1e-04,0.0064,7e-04,0,6e-04,0,0.0278,4e-04,0,0.0011,0.0017,0.0093,0,0,0.0117,0,0,0,0.0079,6e-04,0,0,0.001,0,0,0,0.002,0,8e-04,9e-04,7e-04,0,0,0,0,7e-04,0,0,0,0,0,2e-04,0,0,0,0,0,3e-04,0,0.0039,0,0.0031,0,0,0,0,0,0,0,0,0.0017,0,0,0.0027,0,0,6e-04,0.0473,0,0,0.0122,0,4e-04,0.0132,0.0068,0,0,0,0,0,0,0,0,0,0,0,6e-04,0,0.0068,0,0,0,0,0,0.1036,0,0.0401,0,0,0,0,0,0,0,0,0.014,0,0,0,0,0,7e-04,0.0049,0,0,0,0.004,0.2568,0,0,0,5e-04,0,0,0,0,0,0,0.0034,0,0.0021,5e-04,0.0103,0,0,0,0,0,0,0,3e-04,0,0,0.0266,0,0,0,0.002,0,0,0,1e-04,0,0,0,0,0,0,0,0,0,0.0047,0.0028,0,0.0023,4e-04,0,0,0,0,0.0086,0,0.0068,0,0,0,0,0,0,0,0,0,0,0,1e-04,0,0,5e-04,0,0,0,0.0011,0.0033,0,0,0,0,0,0,0.0117,0,0,0,0,0,0,0,0,0,0.0136,3e-04,0,0,0,0.0057,0,0,0,0,0,0,2e-04,0,0,0.0037,5e-04,0,0,0,0,0,0,9e-04,0.0017,0,0.0017,2e-04,1e-04,0,5e-04,0.007,0,0,0,2e-04,0,0,0,0,0,4e-04,0,0.0082,0.0135,0,9e-04,0,0,0,0,0.1987,0,0.0216,9e-04,0,0,0.0026,0,0,0,0,0,0,0,0,0,0,5e-04,0,0,0.0016,0
0,0,9.99100809271655e-05,0.00089919072834449,0,0,0,9.99100809271655e-05,0,0.000399640323708662,0,0,9.99100809271655e-05,0.00249775202317914,0.000499550404635828,0,0,0,9.99100809271655e-05,0,0.00499550404635828,0.00189829153761615,0,0.000199820161854331,0,0.177240483564792,0.00089919072834449,0,0.000799280647417324,0,0,0,0,0.0028973923468878,0,0,0.000399640323708662,0.00489559396543111,0,0,9.99100809271655e-05,0.000699370566490159,0,0,9.99100809271655e-05,0.154161254870616,0,0,9.99100809271655e-05,0,0.000699370566490159,0,0,0,0,0,0,0.000499550404635828,0,0.013288040763313,0.00089919072834449,0.00429613347986812,0,0,0,0.00309721250874213,0.00739334598861025,0,0.000299730242781497,0,0.00119892097112599,0,9.99100809271655e-05,0,0,0,0,0,0,0.016884803676691,0.000299730242781497,0.000699370566490159,0.0100909181736437,0.000199820161854331,0.000999100809271655,9.99100809271655e-05,0.00199820161854331,0,0,0.000799280647417324,0,0.000999100809271655,9.99100809271655e-05,0.000199820161854331,0,0,0,0.000199820161854331,0.00439604356079528,0,9.99100809271655e-05,0.00499550404635828,0,0.00159856129483465,0.00169847137576181,0.000199820161854331,0,0.129083824557898,0,0.00629433509841143,0,0,0,0.00359676291337796,0.000399640323708662,0.0147866919772205,0,0.0028973923468878,0.012089119792187,9.99100809271655e-05,0,0,0.000599460485562993,9.99100809271655e-05,0.0028973923468878,0,0,0.0121890298731142,0,0.000299730242781497,0.00109901089019882,0.00809271655510041,0,9.99100809271655e-05,0,0.00239784194225197,9.99100809271655e-05,0,0,0,0.000699370566490159,0,0,0,0.0293735637925867,0.000699370566490159,0.000799280647417324,0,0,0,0.00159856129483465,0.00119892097112599,0,0.00119892097112599,9.99100809271655e-05,0,0,0,0.0125886701968229,0,9.99100809271655e-05,0,0,0.0231791387751024,0,0,0,0,9.99100809271655e-05,0,0.000599460485562993,0.00169847137576181,0.000399640323708662,0,0,0,0,0,0.0306723948446398,0.000299730242781497,0,0,0,0,0,0,0,0,0,9.99100809271655e-05,0,0.00279748226596064,0,9.99100809271655e-05,0,0,0,0,0,0,0.000699370566490159,0,0,0,0,0.0116894794684784,0.000499550404635828,0,0.000299730242781497,0,0,0,0,0,0.000499550404635828,0,0.0252772504745729,0.0200819262663603,0.0121890298731142,9.99100809271655e-05,0.00209811169947048,0.00299730242781497,0,0,0,0,0,0,0.00389649315615946,0.00209811169947048,0.0137875911679488,9.99100809271655e-05,0,0.040463582775502,0,0,0,0,0,0.00089919072834449,0,0,0,0,0,0,9.99100809271655e-05,0,0,0,0,0,0.000699370566490159,0,0.00129883105205315,0.00109901089019882,0.000299730242781497,0.000199820161854331,0,0,0,0,0,0.000299730242781497,0,0.000299730242781497,0,0,0.000799280647417324,0.000399640323708662,0,0.00409631331801379,0.00799280647417324,0,9.99100809271655e-05,0,9.99100809271655e-05,0.000699370566490159,0,0.0844240183834549,0,0,0.0107902887401339,9.99100809271655e-05,0,0,9.99100809271655e-05,0.000199820161854331,0.00329703267059646,0.000499550404635828,0,0,9.99100809271655e-05,0,0,0.00199820161854331,9.99100809271655e-05,0,0,0.00439604356079528,0
0,0,0,0,0,0,0.000800240072021606,0,0,0.000300090027008102,0,0,0,0,0.00480144043212964,0,0,0,0,0,0.0169050715214564,0.00190057017105132,0,0.000900270081024307,0,0.000900270081024307,0.00420126037811343,0,0.00300090027008102,0.00200060018005402,0.0982294688406522,0,0,0.00400120036010803,0,0,0,0,0,0,0,0,0,0,0,0.000600180054016205,0,0.00150045013504051,0,0,0,0,0,0,0.0122036610983295,0,0,0,0,0.0389116735020506,0.000800240072021606,0,0,0.000700210063018906,0,0.00140042012603781,0,0.0129038711613484,0,0.0151045313594078,0.022406722016605,0,0,0,0,0,0,0,0,0.000200060018005402,0,0,0.000300090027008102,0,0,0,0,0,0,0.0148044413323997,0,0.0146043813143943,0,0,0,0,0,0,0.00230069020706212,0,0,0,0,0,0.000500150045013504,0,0.000800240072021606,0.160648194458338,0,0,0,0,0,0,0,0,0,0,0.00590177053115935,0,0,0,0,0,0.0200060018005402,0,0.00140042012603781,0,0.00320096028808643,0,0.00480144043212964,0,0,0,0,0,0.0363108932679804,0,0,0,0,0,0,0,0,0,0,0.00110033009902971,0,0,0.00130039011703511,0,0,0,0.019405821746524,0,0,0,0,0,0,0,0,0.000200060018005402,0,0,0.00110033009902971,0,0,0.000200060018005402,0.000800240072021606,0,0,0,0,0,0,0.000700210063018906,0,0,0,0,0,0,0.000300090027008102,0,0,0,0,0,0,0.00760228068420526,0,0.000600180054016205,0,0,0,0,0,0,0,0,0,0,0,0.00100030009002701,0,0,0.000200060018005402,0,0,0,0,0.00360108032409723,0,0,0,0.00140042012603781,0.0428128438531559,0.00120036010803241,0,0.0205061518455537,0,0,0,0,0,0,0.0239071721516455,0,0,0,0,0,0,0,0,0,0,0,0,0,0,0,0,0.112333700110033,0,0,0,0,0.00400120036010803,0.00100030009002701,0.00350105031509453,0,0.00520156046814044,0.000400120036010803,0,0,0.00950285085525658,0,0,0,0,0,0,0,0,0,0.000300090027008102,0,0.000700210063018906,0.00340102030609183,0.0130039011703511,0,0,0,0,0,0,0,0,0,0.113834150245074,0,0,0,0,0,0,0.0168050415124537,0,0,0,0,0.0176052815844753,0,0.00250075022506752,0,0,0.0366109832949885,0.0211063318995699
0,9.99900009999e-05,0,0,0,0,0,0,0.0211978802119788,0,0,0,9.99900009999e-05,0,0.0037996200379962,0,0.0012998700129987,0,0,0,0.0008999100089991,0.002999700029997,0,0,0,0,0,0,0.0071992800719928,0.0131986801319868,0.0658934106589341,0,0,0.0245975402459754,0,0,0,0.1000899910009,0,0,0,0,0,0,0,0,0,0,0,0,0,0,0,0,0,0,0,0,0,0,0,0,0,0,0,0,0,0,0,0,0,0,0,0,0,0,0,0,0,0,0,0,0.0325967403259674,0,0,0.0007999200079992,0,0,0,0.0027997200279972,0,0.0030996900309969,9.99900009999e-05,0,0,0,0,0,0,0.0004999500049995,0,0,0,0,0,0,0,0,0,0,0,0,0,9.99900009999e-05,0,0,0,0.0002999700029997,0.0210978902109789,0,0,0,0.0028997100289971,9.99900009999e-05,0.0056994300569943,0,0,0,0,0,0.0045995400459954,0,0,0,0,0,0.0025997400259974,0,0,0,0,0,0,0,0,0,0.0072992700729927,0,0,0,0.0035996400359964,0,0,0,0,0,0.0008999100089991,0,0,0,0,0,0,0,0,0,0,0,0,0,0,0,9.99900009999e-05,0,0,0,0,0,0.135886411358864,9.99900009999e-05,0,0,0,0,0,0,0,0,0,0,0,0.0071992800719928,0.0027997200279972,0,0,0,0,0,0,0,0,0,0,0,0,0.0156984301569843,0,0,9.99900009999e-05,0.0023997600239976,0,0,0,0,0,9.99900009999e-05,0,0,0,0,0.0165983401659834,0,0,0,0,9.99900009999e-05,0,0,0,0,0.0293970602939706,0,0,0.0806919308069193,0,0,0.0007999200079992,9.99900009999e-05,0,0.0015998400159984,0,0,0,0,0,0,0,0,0,0,0,0,0,0,0,0,0.0044995500449955,0,0,0.0003999600039996,0,0,0,0.0002999700029997,0,0,0,0,0.0086991300869913,0.0586941305869413,0,0.0234976502349765,0.0090990900909909,0.0005999400059994,0,0,0,0,0,0,0,0.218178182181782,0.0417958204179582,0,0,0,0,0,0,0.0070992900709929,0,0,0,0,0.0025997400259974,0,0.0003999600039996,0,0,0,0
0,0,0,0.000499900019996001,0,0,0,0,0,0.000499900019996001,0,0,0,0,0.001499700059988,0,0.00459908018396321,0,0,0,0,0,0.00359928014397121,0.00549890021995601,0,0.275744851029794,0,0,0,0,0,0,0,0.00729854029194161,0,0,0,0.00509898020395921,0.0001999600079984,0,0,0,0,0,0,0,0,0,0,0,0,0,0,0,9.99800039992002e-05,0,0,0.0015996800639872,0,0,0,0,0,0,0,0,0.0023995200959808,0,0,0,0.000499900019996001,0,0,0,0,0,0,0,0,0,0,0,0,0,9.99800039992002e-05,0,0,0,0.0001999600079984,0.0011997600479904,0,0.000399920015996801,0.00589882023595281,0,0,0,0,0,0.0026994601079784,0,0,0,0,0,0,0,0,0.52129574085183,0.00999800039992002,0,0,0,0.00369926014797041,0.0002999400119976,0,0.00759848030393921,0,0,0,0,0,0,0,0,0,0,0.002999400119976,0,0,0,0.0002999400119976,9.99800039992002e-05,0,0,0,0,0,0.00399920015996801,0,0,0.0135972805438912,0,0,0,0,0,0,0,0,0,0,0,0,0,9.99800039992002e-05,0,0.0022995400919816,0,0,9.99800039992002e-05,0,0,0,9.99800039992002e-05,0,0,0,0,0,0,0,0.0025994801039792,0,0,0,0,0,0.0001999600079984,0.0027994401119776,0,0.00629874025194961,0.0010997800439912,0.000799840031993601,0.001499700059988,0,0,0,0,0,0,0,0.000699860027994401,0,0,0,0,0.0023995200959808,0,0,0,0,0,0,0,0,0,0,0,0,0,0,0,0,0,0,0,0,0,0,0,0,0,0,0,0.0011997600479904,0,0,0.000599880023995201,0,0,0,0,0,0.0030993801239752,0,0,0,0,0,0,0,0,0,0,0.018996200759848,0,0,0,0,0,0,0,0,0,0,0,0.0017996400719856,0,0,0.000499900019996001,0,0,0,0,0,0,0,0,0,0.015996800639872,0,0,0.0361927614477105,0,0,0,0,0,0,0.0002999400119976,0,0,0.00879824035192961,0,0,0,0,0,0,0,0,0,0,0,0.00769846030793841,0,0.0002999400119976,0,0,0,0
0,0,0,0,0,0,0,0.00899730080975707,0,0.000999700089973008,0,0,0,0,0.000399880035989203,0,0.00649805058482455,0,0,0,0,0.0149955013495951,0.000499850044986504,0,0,0.0199940017994602,0,0,0,0,0,0,0,0.0138958312506248,0,0,0,0.0324902529241228,0,0,0,0,9.99700089973008e-05,0.0146955913226032,0,0.0154953513945816,0,0.000399880035989203,0,0,0,0,0,0,0.0240927721683495,0,0,0,0,0.0165950214935519,0,0.00119964010796761,0,0,0,0,0.00609817054883535,0,0,0,0.00349895031490553,0,0,0.00189943017094872,0,0,0,0,0.000199940017994602,0.0253923822853144,0,0.000299910026991902,0,0.000399880035989203,0.000499850044986504,0,0,0,0,0.00979706088173548,0,0,0,0,0,0,0,0,0.00919724082775168,0,0,9.99700089973008e-05,0,0,0.000299910026991902,0,0.0139958012596221,0.0667799660101969,0,0.0445866240127962,0,0,0,0.0100969709087274,0,0.0125962211336599,0,0,0.0134959512146356,0,0,0,0.000899730080975707,9.99700089973008e-05,0.0455863241027692,0,0,0,0,0.000699790062981106,0.00599820053983805,0.00789763071078676,0,0,0,0,0,0,0,0,0.00339898030590823,0,0,0,0,0,0.00179946016195141,0.00369889033290013,0,0,0,0,0,0.000299910026991902,0,0,0,0,0,0.0108967309807058,0,0,0.000299910026991902,0,0,0,0,0,0,0,0,0,0,0,0,0,0,0.00449865040487854,0.0176946915925222,0.000699790062981106,0,0,0,0,0,0,0,0,0,0,0,0.0149955013495951,0,0,0,0,0,0.00329901029691093,0,0,0,0,0,0,0,0.00179946016195141,0,0,0,0,0.00899730080975707,0.00879736079176247,0,0,0.00209937018894332,0,0.0201939418174548,0.00179946016195141,0,0.000199940017994602,0,0,0,0,0,0.00129961011696491,0,0,0,0,0.0135959212236329,0,0,0.0345896231130661,0,0,0,0,0,0,0,0,0,0,0,0,0,0,0,0,0.00199940017994602,0.000299910026991902,0.00189943017094872,0,0,0,0,0,0.00659802059382185,0.000599820053983805,0,0,0,0,0,0,0,0,0.00319904028791363,9.99700089973008e-05,0,0.00689793062081376,0.00649805058482455,0,0,0,0,9.99700089973008e-05,0,0.311006697990603,0,0,0.0240927721683495,0,0,0,0,0,0,0.00549835049485154,0,0,0,0,0,0.00269919024292712,0,0.00459862041387584,0,0.0171948415475357,0
0,0,9.99000999000999e-05,0,0.0022977022977023,0,9.99000999000999e-05,0.000599400599400599,0,0.0002997002997003,9.99000999000999e-05,9.99000999000999e-05,0.0004995004995005,0,0.0047952047952048,0,0,0,0,0,0.0016983016983017,0.0004995004995005,0.000799200799200799,9.99000999000999e-05,0.0024975024975025,0.12037962037962,9.99000999000999e-05,0,0.0018981018981019,0.0101898101898102,0,0,0,0.0136863136863137,0.0001998001998002,0,0.0025974025974026,0.0003996003996004,0,0,9.99000999000999e-05,9.99000999000999e-05,0,0.000699300699300699,0,0.00899100899100899,0,9.99000999000999e-05,9.99000999000999e-05,0,0.0016983016983017,0,0,0,0,9.99000999000999e-05,0,0.000599400599400599,0,0.0037962037962038,0.0002997002997003,9.99000999000999e-05,0,0,0,9.99000999000999e-05,0.0227772227772228,0,0,0,0.001998001998002,0,9.99000999000999e-05,9.99000999000999e-05,0,0.0332667332667333,0,0,0,0.0022977022977023,0.0003996003996004,0.0014985014985015,0.0185814185814186,0,9.99000999000999e-05,0.0661338661338661,9.99000999000999e-05,0,0,0.000699300699300699,0,0.068031968031968,0.00759240759240759,0,0,0,0,0,0,0,0,0.0010989010989011,0,0.0001998001998002,9.99000999000999e-05,0.0001998001998002,0,0.0101898101898102,0,0.00939060939060939,0,0,0.000999000999000999,0.004995004995005,0.000699300699300699,0.0180819180819181,0,9.99000999000999e-05,0.00969030969030969,0,0,0,0,0,0.0265734265734266,9.99000999000999e-05,0,0,0,0,0.0004995004995005,0.0004995004995005,0,0.0001998001998002,0,0,0.0372627372627373,0,0,0,0.0100899100899101,0,0,0,9.99000999000999e-05,0,0.000599400599400599,0.0003996003996004,0,0,9.99000999000999e-05,0.0001998001998002,0.0024975024975025,0.00969030969030969,0,0,0,0,0.0032967032967033,0.0013986013986014,0.0003996003996004,0,0,0,0,0,0,0,9.99000999000999e-05,0,9.99000999000999e-05,0,0.134265734265734,0,0,0,0.0003996003996004,0,0.00989010989010989,9.99000999000999e-05,0,0,0,0,0.000599400599400599,0,9.99000999000999e-05,0,0.002997002997003,0,0,0.0167832167832168,0.000699300699300699,9.99000999000999e-05,0.0014985014985015,0,0,0.0002997002997003,0,0,0,0,0,0.0325674325674326,0,0.0025974025974026,9.99000999000999e-05,0,9.99000999000999e-05,9.99000999000999e-05,0,0,0.0002997002997003,0,0.000699300699300699,0.000799200799200799,0.0300699300699301,0.0001998001998002,0.0303696303696304,0.0001998001998002,0,9.99000999000999e-05,9.99000999000999e-05,0,0,0.0026973026973027,0,0,0.00549450549450549,9.99000999000999e-05,0.0027972027972028,9.99000999000999e-05,0,0.0342657342657343,0,0,0.0001998001998002,0,0,0.00969030969030969,0,0,0,0,0,9.99000999000999e-05,0,0,9.99000999000999e-05,0,0.0107892107892108,9.99000999000999e-05,9.99000999000999e-05,0,0.0031968031968032,0.0137862137862138,0.0003996003996004,0,0.000699300699300699,0.0027972027972028,0.0003996003996004,0,0,9.99000999000999e-05,0.000899100899100899,0,0,0,0,0.0238761238761239,0,0.0004995004995005,0.0015984015984016,0,0.0003996003996004,0,9.99000999000999e-05,9.99000999000999e-05,0,0.0482517482517483,0,0,0.0017982017982018,0,0,0,0.000699300699300699,0,0.00669330669330669,0.0001998001998002,0,0,0,0,0,0.0003996003996004,0.0004995004995005,0,0,0.00579420579420579,0
0,0,0,0.00039984006397441,0.000199920031987205,0,0,0,0,0.000999600159936026,0,0,0,0,0.000599760095961615,0,0,0,0,0,0,0.000499800079968013,0.000599760095961615,0.000299880047980808,0,0.0679728108756497,0,0,0.00429828068772491,0,0,0,0,0,0,0,0,0,0,0,0,0,0,0,0,0.000599760095961615,0,0,9.99600159936026e-05,0,0,0,0,0.000699720111955218,0,0,0,0,0,0.00079968012794882,0.000699720111955218,0,0,0,0,0,0.00249900039984006,0,0,0,0,0,9.99600159936026e-05,0,0,0,0,0,0,0.000299880047980808,0,9.99600159936026e-05,0,0,0,9.99600159936026e-05,9.99600159936026e-05,0,0.00079968012794882,0,0,0,0.0039984006397441,0,0,0.00149940023990404,0,0,0.00639744102359056,0,0,0,0.000299880047980808,0,0,0,0,0.262295081967213,0,0.0899640143942423,0,0,0,0,0,0.0122950819672131,0,0,0,0,0.000599760095961615,0,0,0.00119952019192323,0.00509796081567373,0,0,0,0.000499800079968013,0,0,0,0,0,0,0,0.0928628548580568,0,0,0,0.0132946821271491,0,0,0,0,0,0.00509796081567373,0.0112954818072771,0,0.00289884046381447,0,0,0,0.00209916033586565,0,0,0,0,0,0.00319872051179528,0,0,0,0,0,0,0.00279888044782087,0,0.000199920031987205,0,0.000299880047980808,0.00109956017592963,9.99600159936026e-05,0,0,0,0,0,0.00349860055977609,0,0.00499800079968013,0,0,0,0.00229908036785286,0,0,0,0,0.00579768092762895,0.000299880047980808,0.00289884046381447,0,0,0,0,0.000199920031987205,0,0,0,0,0,9.99600159936026e-05,9.99600159936026e-05,0,0.000499800079968013,9.99600159936026e-05,0,0,0,0.000199920031987205,0,0,0,0,0,0,0,0.0239904038384646,0,0,0.000199920031987205,0,0,0,0,0.00299880047980808,0,0,0.00129948020791683,0.000899640143942423,0.000199920031987205,0,0.00199920031987205,0,0,0,0,0,0,0,0,0,0,0.00169932027189124,0.00139944022391044,0,0,0,0,0,0,0,0,0.000199920031987205,0,0.00039984006397441,0,9.99600159936026e-05,0,9.99600159936026e-05,0,0,0.000299880047980808,0,0,0,0,0,0.110255897640944,0,0,0.0359856057576969,0,0,0,0,0,0,0.179028388644542,0,0,0.00559776089564174,0,0,0,0,0,0.000699720111955218,0.00289884046381447,0,0,0,0,0,0,0.00259896041583367,0,0,0.0039984006397441,0
0,0,0,0,0,0,0,0,0,0,0,0,0,0,0,0,9.99800039992002e-05,0,9.99800039992002e-05,0,0,0.001499700059988,0,0.0027994401119776,0,0.52749450109978,0,0,0,0.000999800039992002,9.99800039992002e-05,0,0,0.000899820035992801,0,0,0,9.99800039992002e-05,0,0,0,0,0,0.00609878024395121,0,0,0,9.99800039992002e-05,0,0,0,0,0,0,9.99800039992002e-05,0,0,0,0,0.0002999400119976,0,0,0,9.99800039992002e-05,0.0263947210557888,0,0.0016996600679864,0,0,0.00659868026394721,0.0020995800839832,0,0,0.0010997800439912,0,0,0,0,0,9.99800039992002e-05,0,0,0,0,0,0,0,0,0,0,0,0.0002999400119976,0,0,0,0,0,0,0.000799840031993601,0,0,0,0,0,0,0.000399920015996801,0,0.0288942211557688,0,0,0,0,0,9.99800039992002e-05,9.99800039992002e-05,0,0,0,0.000399920015996801,0.0001999600079984,0,0,0,0.0001999600079984,0,0.0378924215156969,0,0,0.0002999400119976,0,0.00549890021995601,0.00459908018396321,0,0,0,0,0.0021995600879824,0,0,0,0.0002999400119976,0,0,0,0,0,9.99800039992002e-05,0,0,0,0.0001999600079984,0,0.013497300539892,9.99800039992002e-05,0.000399920015996801,0,0.00439912017596481,0,0,0.0027994401119776,0,0,0,0.0001999600079984,0,0,0,0,0,0,0.000699860027994401,0,0,0,0,0,0,0.000899820035992801,0.0018996200759848,0,0,0,0,0,9.99800039992002e-05,0,0,0,0,0,0,0.002999400119976,0,0,0,0,0,0,0,0,0,0,0,9.99800039992002e-05,0,9.99800039992002e-05,9.99800039992002e-05,0,0,0,0,0,0.0001999600079984,0.0010997800439912,0.0001999600079984,0,0.00499900019996001,0.0021995600879824,9.99800039992002e-05,0.000599880023995201,0,9.99800039992002e-05,0,9.99800039992002e-05,0,0,0.0135972805438912,0,0.00479904019196161,9.99800039992002e-05,0.0001999600079984,0,0,0.0863827234553089,0,0,0,0,0,9.99800039992002e-05,0,0,0,0,0.000599880023995201,0.0022995400919816,0,0,0,0,0,0.0001999600079984,0,0,9.99800039992002e-05,0.0001999600079984,0,0,9.99800039992002e-05,0,9.99800039992002e-05,0,0,0.0001999600079984,0,0,9.99800039992002e-05,0,0,0.00339932013597281,0,9.99800039992002e-05,0.0949810037992402,0,0,0,0,0,9.99800039992002e-05,0.0896820635872825,0,0,0.000799840031993601,0,0,0,0,0,9.99800039992002e-05,0,0.0001999600079984,0,0,0,0.000799840031993601,9.99800039992002e-05,0.000499900019996001,0,0,0.000999800039992002,0
0,0,9.99900009999e-05,0,0,0,0,0,0,0,0,0,0.0010998900109989,0,0.0078992100789921,0.0001999800019998,0,0,0,0,0,0.0005999400059994,0,0,0,0.0302969703029697,0,0,0.0022997700229977,0,0,0,0,0,0,0,0.0003999600039996,0,0,0,0,0,0,0,0,0,0,9.99900009999e-05,0,0,0,0,0,0,0,0,0,0,0,0.0022997700229977,0,0,0,0.000999900009999,0,0,0.0150984901509849,0,0,0,0.0018998100189981,0,0,0,0,0.0547945205479452,0.0002999700029997,0,0,0,0,0.0004999500049995,0.0066993300669933,0,0,0.0004999500049995,0,0.001999800019998,0,0,0,0.0077992200779922,0.0027997200279972,0,0,0.0192980701929807,0,0,0,0,0,0.0016998300169983,0.0014998500149985,0,0,0,0,0.128387161283872,0,0,0,0,0.0011998800119988,0,0.0002999700029997,9.99900009999e-05,0,0,0,0,0,0,0,0.0001999800019998,0,0,0.0278972102789721,0,0,0,0,0,0,9.99900009999e-05,0,0,0.0001999800019998,0,0,0,0.0003999600039996,0,0,0,0,0,0.0025997400259974,0,0,0,0.0006999300069993,0,9.99900009999e-05,9.99900009999e-05,9.99900009999e-05,0,0,0,0.0011998800119988,0,0,0,0,0,0,0,0,0,0,0,0,0,0,0,0,0,0.0001999800019998,0.0226977302269773,0.0046995300469953,0,0,0,0,0,0.0002999700029997,0,0,0,0,0,9.99900009999e-05,0,9.99900009999e-05,9.99900009999e-05,0,0,0,0,0,0,0,0,0,0,0,0.0037996200379962,0,0,0,0,0,0,0,0,0,0,0.0035996400359964,0.006999300069993,0,0,0,0.0032996700329967,0,0,0,0,0,0,0.0127987201279872,0,0,0,0,0.0131986801319868,0,0,0.0003999600039996,0,0,0.0004999500049995,0,0,0,0,0,0,0,0,0,0,0,0,0,0,0,0.002999700029997,0.0001999800019998,0,0,0,0.0001999800019998,0,0,0,0.0001999800019998,0.0002999700029997,0,0,0,0.489151084891511,0,0,0.0956904309569043,0,9.99900009999e-05,0,0,0.000999900009999,0,0.0003999600039996,0,0,0,0,0,0.004999500049995,0,0,0.0056994300569943,0,0,0,0,0,9.99900009999e-05,9.99900009999e-05,0,0,0,0.0012998700129987,0
0,0,0,0,0,0,0,0.00359892032390283,0,9.99700089973008e-05,0.000999700089973008,0,0,9.99700089973008e-05,0.00389883035089473,0,0,0.000299910026991902,0,0,0.000199940017994602,0.000799760071978406,0,0,0,0.00309907027891633,0.000199940017994602,0,0.000799760071978406,0.00189943017094872,0.0448865340397881,0,0,0.00649805058482455,0,0,0.000599820053983805,0.0233929821053684,0.000299910026991902,0,0,0,0,0.0121963410976707,0,0.00659802059382185,0.0149955013495951,9.99700089973008e-05,0,0,0.000799760071978406,0,0,0,0.000499850044986504,0,0,0,0,0.000199940017994602,0,9.99700089973008e-05,0,0,0,9.99700089973008e-05,0.00439868039588124,0,0,0,0.000599820053983805,0,0,9.99700089973008e-05,0,0,0,0,0,0.000499850044986504,0.000599820053983805,0,0.0232930120963711,9.99700089973008e-05,0.000199940017994602,0,0.0276916924922523,0,0,0.00619814055783265,0.00379886034189743,0.000599820053983805,0.000599820053983805,0,0.00159952014395681,0,0,0,0.0118964310706788,0,0,0,0,0,0.000199940017994602,0,0.00619814055783265,0.0133959812056383,0,0,0,0,0,0.129161251624513,0,9.99700089973008e-05,0,9.99700089973008e-05,0.0171948415475357,0,0,0.00469859042287314,0,0.0186943916824953,0.0373887833649905,0,0,0,0,0.00399880035989203,0.00499850044986504,0.00299910026991902,0,0,0,0,0.0367889633110067,0,0,0,0.00139958012596221,0,0,0,0.014295711286614,0,0.00119964010796761,0,0,0,0.000599820053983805,0.00129961011696491,0,0.000799760071978406,0,0,0,0,0,0.00449865040487854,0,0,0,0.123662901129661,0,0,0,0,0,0,0.000199940017994602,0.00329901029691093,0,0,0,0,0,0.00609817054883535,0.00539838048585424,0,0,0,0,0,9.99700089973008e-05,0,0,0,0,0.000399880035989203,0,0.010296910926722,0,0,0,0,0,0,0,0,0,0,0,0.000599820053983805,0,0.000499850044986504,0.000299910026991902,0,0,0.000199940017994602,0.00109967009897031,0,0,0.00229931020693792,0.00289913026092172,0,0.00219934019794062,0.00189943017094872,9.99700089973008e-05,0,0.00489853044086774,0.00949715085474358,0,0,0,0.000499850044986504,0.0545836249125262,0,0.0108967309807058,0.00189943017094872,0.00169949015295411,0,0,0.0178946316105168,0,0,9.99700089973008e-05,0,0,0,0.000399880035989203,0,0,0,0,0,0,0,0,0,0.000299910026991902,0.000199940017994602,0.000599820053983805,0,0.000899730080975707,0.00119964010796761,0.000799760071978406,0,9.99700089973008e-05,0.010296910926722,0,0,0,0.00129961011696491,0,0,0,0,0.000799760071978406,0.0100969709087274,0,0.00249925022493252,0.0287913625912226,0,9.99700089973008e-05,0.000199940017994602,0,9.99700089973008e-05,9.99700089973008e-05,0.127961611516545,9.99700089973008e-05,0,0.0100969709087274,0,0,0,0,0,0,0.00639808057582725,0,0,0,0,0.00689793062081376,0,0.0125962211336599,0,0,0.00419874037788663,0
0,0,0,0.000299850074962519,0.00079960019990005,0,0,0.00939530234882559,0,0,0,0,0,0,0,9.99500249875062e-05,0.00539730134932534,0,9.99500249875062e-05,0.00149925037481259,0.0215892053973013,0.0160919540229885,0,0,0.00289855072463768,9.99500249875062e-05,0,0.000399800099950025,0,0.000699650174912544,0.00669665167416292,0.000599700149925037,0,0,0,0,0,0,0,0,0,0,0,0,0,0.0472763618190905,0,0,0.000499750124937531,0,0,0,0,0.000299850074962519,0.0201899050474763,0,0,0,0,0.0279860069965017,0.000399800099950025,0,0,0,0,0,0.00599700149925037,0,0,0.0116941529235382,0.0528735632183908,0,0,0,0,0,0,0,0,0,0,0,0,0,0,0,0,0,0.000599700149925037,0,0.0401799100449775,0,0.000499750124937531,9.99500249875062e-05,0.00459770114942529,0,0,0,0,0,0,9.99500249875062e-05,0,0,0,0.000299850074962519,0,0.00789605197401299,0.0118940529735132,0.0676661669165417,0.000299850074962519,0,9.99500249875062e-05,0.00419790104947526,0,0.00839580209895052,0,0,0,0,0.000399800099950025,0,0.000899550224887556,9.99500249875062e-05,0.00079960019990005,0,0,0,0,0,0.0208895552223888,0,0,0,0,0,0.00529735132433783,0,0,0,0.000199900049975012,0,0,0,0,0,0,0.0111944027986007,0,9.99500249875062e-05,0,0.0149925037481259,0,0.000899550224887556,0,0,0.000299850074962519,0,0,0.00669665167416292,0,0,0.00399800099950025,0.224887556221889,0,0,0,0,0,0.000199900049975012,0,0.0130934532733633,9.99500249875062e-05,0,0,0,0,0,0.0365817091454273,0,0.0324837581209395,0,0,0.00629685157421289,0.0015992003998001,0,0.00149925037481259,0,0,0.000299850074962519,0,0.00829585207396302,0,0,0,0,0.00629685157421289,0,0,0,0,0,0,0,0,0,0,0,9.99500249875062e-05,0,9.99500249875062e-05,0,0,0,0,0,0,0,0,0,0.00539730134932534,0,0.0120939530234883,0,0,0,0.0345827086456772,0,0,0,0,0,0,0.00399800099950025,0,0,0.000699650174912544,0,0,0,0,0,0,0,0.000199900049975012,0,0,0,0,0,0,0,0,0,0,0.000299850074962519,0.00109945027486257,0,0,0.00519740129935032,0,0,0.000399800099950025,0,9.99500249875062e-05,0,0,0,0.0205897051474263,0.00139930034982509,0.0156921539230385,0,0.000599700149925037,0,9.99500249875062e-05,0,0,0,0,0.0648675662168915,0,0,0.0262868565717141,0,0,9.99500249875062e-05,0,0,0,0.00929535232383808,0,0.00109945027486257,0,0,0.00659670164917541,0,0.000199900049975012,0,9.99500249875062e-05,0.00969515242378811,0
0,0,0,0.0032003200320032,0,0,0,0,0,0.0023002300230023,0,0,0.0001000100010001,0,0.0002000200020002,0,0,0,0,0,0.0104010401040104,0,0.0033003300330033,0,0.0023002300230023,0.003000300030003,0,0,0.001000100010001,0.0025002500250025,0,0,0,0.002000200020002,0,0,0.0018001800180018,0,0,0,0.0005000500050005,0,0,0,0,0.0002000200020002,0,0,0.0005000500050005,0,0,0,0,0.0018001800180018,0,0,0,0.007000700070007,0.0028002800280028,0,0.0003000300030003,0,0,0,0,0,0.0257025702570257,0.0002000200020002,0,0,0,0,0.0007000700070007,0.0214021402140214,0,0,0,0,0,0,0.0011001100110011,0,0,0,0,0,0.0355035503550355,0,0.001000100010001,0,0,0.0004000400040004,0,0,0,0,0,0,0,0,0,0,0.0039003900390039,0,0,0.0271027102710271,0,0,0.0049004900490049,0.0222022202220222,0,0,0,0.0064006400640064,0,0.0284028402840284,0,0,0,0,0.0004000400040004,0,0.0026002600260026,0,0.0015001500150015,0,0,0.0009000900090009,0,0,0,0.0324032403240324,0,0,0,0,0.0056005600560056,0.0058005800580058,0,0.0015001500150015,0.0035003500350035,0,0,0.0035003500350035,0,0,0,0.0156015601560156,0,0,0,0,0,0,0,0,0,0,0.0013001300130013,0,0,0,0.0409040904090409,0,0,0,0.0066006600660066,0,0,0,0,0,0.0001000100010001,0,0,0.0079007900790079,0,0,0,0,0.0522052205220522,0,0,0,0,0,0,0,0,0,0,0.0057005700570057,0.0004000400040004,0,0,0,0.0014001400140014,0,0,0,0,0,0,0,0,0.0229022902290229,0.0059005900590059,0,0,0,0.0005000500050005,0,0,0,0,0,0.0002000200020002,0,0,0,0,0,0.0095009500950095,0,0.0036003600360036,0,0,0.0027002700270027,0,0.0165016501650165,0,0,0,0.0663066306630663,0,0,0,0,0,0,0,0,0,0,0,0,0,0,0,0,0,0,0,0,0,0.0003000300030003,0.0023002300230023,0,0,0,0,0,0,0.0019001900190019,0,0.0005000500050005,0,0,0,0.004000400040004,0,0,0.164116411641164,0,0,0,0,0,0,0.247124712471247,0.0003000300030003,0,0.0189018901890189,0,0,0,0,0,0.0176017601760176,0,0,0,0.0001000100010001,0,0,0,0.0008000800080008,0,0,0,0
0,0,0,0,0,0,0.000399760143913652,0.00169898061163302,0,0.000499700179892065,0,0,0,0,0.013791724965021,0,0.00179892064761143,0,0,0,0.00209874075554667,0.00509694183489906,0,0.000299820107935239,0,0.126923845692584,0,0,0.00139916050369778,0.00189886068358985,0.00169898061163302,0,0,0.00339796122326604,0,0,0.000799520287827304,0.00259844093543874,0,0,9.9940035978413e-05,0,0,0.00529682190685589,0,0.000299820107935239,0,9.9940035978413e-05,0,0,0,0,0,0.000799520287827304,0,0,0,0.000999400359784129,0,0.00779532280631621,0.000299820107935239,0.000599640215870478,0,0,0,0,0.00389766140315811,0,0.000399760143913652,0,0.00279832100739556,0,0,0.00129922046771937,0,0,0,0,0,9.9940035978413e-05,0.0022986208275035,0.000199880071956826,9.9940035978413e-05,0,0,0.00269838097141715,0.0270837497501499,0,0,0.0061962822306616,0,0.000599640215870478,0.00139916050369778,0,0,0.000199880071956826,0,0,0.00239856086348191,0,0,0,0,0.00149910053967619,0.000399760143913652,0,9.9940035978413e-05,0.121027383569858,0.00919448331001399,0,0,0,0,0,0,0.00719568259044573,0,0,0.0118928642814311,0,0,0,0,0,0.00819508295022986,0,0,0,0,0,0,0.00139916050369778,9.9940035978413e-05,0,0,9.9940035978413e-05,0.112932240655607,0,0,0,0.0022986208275035,0,0,0.00129922046771937,0,0,0.00359784129522287,0.00139916050369778,0,0.000899460323805717,0.00199880071956826,9.9940035978413e-05,0,0,9.9940035978413e-05,0,0,0,0,0.000899460323805717,0,0,0,0,0,0,0,0,0,0.000699580251848891,0,0,0,0,0.00669598241055367,0,0,0.000199880071956826,0.00889466320207875,0.00319808115130921,0.00559664201479113,0,0,0,0.00219868079152508,0,0,0,0,0,9.9940035978413e-05,0.00639616230261843,0.00119928043174096,0,0.00159904057565461,0.000999400359784129,0,0,0,0,0,0,0,0.000599640215870478,0.087847291625025,0.0117929242454527,0,0,9.9940035978413e-05,0.000599640215870478,0.010893463921647,0,0,0.000199880071956826,9.9940035978413e-05,0,0.00569658205076954,9.9940035978413e-05,0.00989406356186288,0,0.00169898061163302,0.00149910053967619,0,0,0.00109934039576254,0,0,0,0.00449730161902858,9.9940035978413e-05,0.00979412352588447,0,0,0.0587647411553068,0,0,0.000199880071956826,0,0,0.00579652208674795,0,0,0,0.00259844093543874,0,0,0,0,0,0,9.9940035978413e-05,9.9940035978413e-05,0.000199880071956826,0,0.000599640215870478,0.0145912452528483,9.9940035978413e-05,0,0.000999400359784129,0,0.000199880071956826,0,0,0,0,0,0,0,0,0.00969418348990606,0,0.000299820107935239,0.0273835698580851,0,0,0,0,0,0.000999400359784129,0.103537877273636,9.9940035978413e-05,0,0.0153907655406756,0,0,0,0,0.000499700179892065,0.000199880071956826,0.000799520287827304,0,0,0,0,0.033879672196682,0.000299820107935239,0.012092744353388,0,0,0.00729562262642415,0
0,0,0,0,0,0,9.9930048965724e-05,0.00199860097931448,0,0,0,0,0,0,0.00279804137104027,0,0,0,0,0,0.00139902068552014,0.00149895073448586,0,0.00949335465174378,0,0.162586189667233,0,0,0,0.00419706205656041,0.00719496352553213,0,0,0.00319776156690317,0,0,0.00189867093034876,0.027880483661437,9.9930048965724e-05,0,0,0,0,0.0108923753372639,0,0.0124912561207155,0,0.000199860097931448,0,0,9.9930048965724e-05,0,0,0,0,0,0,0.000299790146897172,0,0,0,0.0045967822524233,0,0,0,0,0.00199860097931448,0,0,0.00519636254621765,0.00149895073448586,9.9930048965724e-05,0,9.9930048965724e-05,0,0,0,0.00049965024482862,0,0.00119916058758869,0,0,0.0326771260117917,9.9930048965724e-05,0,0,9.9930048965724e-05,0,0,0.0119916058758869,0.0556610372739083,0.013390626561407,0.000299790146897172,0,0,0,0,0,0.00329769161586889,0,0,0,0,0,9.9930048965724e-05,9.9930048965724e-05,9.9930048965724e-05,0.158988707904467,0,0,0,0,0,0.00339762166483462,0,9.9930048965724e-05,0,0,0.0114919556310583,0,0,0,0,9.9930048965724e-05,0.0245827920455681,0,0,0,0,0,0.0024982512241431,0.00129909063655441,0,0,0,0,0.0074947536724293,0,0,0,0.00229839112621165,0,0,0,0,0,0.000299790146897172,0,0,0,0.00129909063655441,0.00159888078345158,0,0.000599580293794344,0,0,0.00259818127310882,0,0,0.00149895073448586,0,0,0,0,0,0,0,0,0,0,0.00229839112621165,0,0.00139902068552014,0,0,0,0,0.000699510342760068,0.0711501948635955,0,0,0,0,0,0.00299790146897172,0,0,0,0,0,0,0.00679524332966923,0,0.00049965024482862,0,0,0,0,0,0,0,0,0,0,0,0.0178874787648646,0,0,0.000199860097931448,0,0,0,0,0.000799440391725792,0.000199860097931448,0,0.00769461377036075,9.9930048965724e-05,0.0291795742979914,0.00049965024482862,0.00339762166483462,0.00429699210552613,0,0,0,0,0,0,0.00189867093034876,0,0.0131907664634756,0,0,0.0410712501249126,0,0,9.9930048965724e-05,0,9.9930048965724e-05,0,0,0,0,0,0,0,0,0,0,0,0.000299790146897172,0.00049965024482862,0.00189867093034876,0,0.00119916058758869,0.000699510342760068,0.000599580293794344,0,0.000199860097931448,0.000399720195862896,0,0,0,0.000399720195862896,0,0,0,0,0,0.0143899270510643,0,0.000799440391725792,0.0290796442490257,0,0,0,0.000599580293794344,0,0.00239832117517738,0.0978315179374438,0,0,0.013390626561407,0,0,0,0,0,0,0.00259818127310882,0,0,0,0,0.00319776156690317,0.00589587288897772,0.00049965024482862,0,0,0.01518936744279,0
0,0,0,9.99100809271655e-05,0,0,9.99100809271655e-05,0,0,0,0,0,0,0,0,0,0,0,9.99100809271655e-05,0,0,0,0,0,9.99100809271655e-05,0.352282945349186,0,0,0,0,0,0.0263762613647717,0,0.0278749125786792,0,0,0,0.0264761714456989,0,0,0,0,0,0,0,0.150964132280947,0,0,0,0,0,0,0,9.99100809271655e-05,0,0,0,0,0,0.000199820161854331,0,0,0,0,0,0,0.00339694275152363,0,0,0.00619442501748426,0,0,0,0,0.000199820161854331,0,0,0,9.99100809271655e-05,0.000199820161854331,0,0,0,0,0.00179838145668898,0.000999100809271655,0,0,0,0,0,0.000499550404635828,0,0,0,0,0,9.99100809271655e-05,0,0,0,9.99100809271655e-05,0,0,0.000499550404635828,9.99100809271655e-05,0,0.0060945149365571,0,0,0,0,0,0,0,0,0,0,0.0145868718153662,0,0,0,0,0,0,0.00169847137576181,9.99100809271655e-05,0,0,0,0.0155859726246378,0,0,0,0,0,0,0,0,0,0.000799280647417324,0,0,0,0,0,0,0,0,0,0,0,9.99100809271655e-05,0.000299730242781497,0,0,0,0,0,0.00169847137576181,0,0,0,0,0,0,9.99100809271655e-05,0,9.99100809271655e-05,0,0,0,0,0,0,0,0.000299730242781497,0.00819262663602758,0.00849235687880907,9.99100809271655e-05,0,0,0,0,0.000499550404635828,0,0,0,0,0,0,0,0,0,0,0,0,0,0,0,0,0.000299730242781497,0,0.000299730242781497,0,0.000299730242781497,0,0,0,0,0,0,0.00119892097112599,0,0,0,0,0,0,0,0,0,0,0.000199820161854331,0,0,0,0,0.0359676291337796,0,0,0,0,0,0,0,0,0,0,0,0,0,0.00639424517933859,0,0,9.99100809271655e-05,0,0,0,0,0,0,0,0,0,0,0,0,0,0,0,0,0,0,0,0,0,0,0,0,0.00359676291337796,0,0,0,0,0,0,0,0,0.264661804376062,0,0,0,0,0,0,0,0,0.00159856129483465,0,0,0,0,0,0.0146867818962933,0,0.000699370566490159,0,0,0.0123888500349685,0
0,0,0,0,0,0,0.00309907027891633,0.0147955613316005,0,0,0,0.000599820053983805,0,0,0,9.99700089973008e-05,0,0,0,0.000999700089973008,0.0113965810256923,0.00509847045886234,0,0,0.000199940017994602,0.276317104868539,0.000199940017994602,0.000599820053983805,0.00219934019794062,0.000199940017994602,0.000199940017994602,0,0,0,0,0,0,0.0147955613316005,0,0,0,0,0,0,0,0,0,0.000599820053983805,0,0,0,0,9.99700089973008e-05,0,0.00349895031490553,9.99700089973008e-05,0,0,0,0,0,0,9.99700089973008e-05,0,0,0.00799760071978406,0.00409877036888933,0,0,0,0.00689793062081376,0,9.99700089973008e-05,0.00119964010796761,0,0,0,0,0,0,0.000999700089973008,0,0.00489853044086774,0,0.0107967609717085,0.000299910026991902,0.0117964610616815,9.99700089973008e-05,0,0.00149955013495951,0,0.000199940017994602,0,0,0,0.0211936419074278,0,0,0.00229931020693792,0,0,0,9.99700089973008e-05,9.99700089973008e-05,0,0.000299910026991902,0.0307907627711686,0,0,0,0,0.00209937018894332,0,0.00979706088173548,0,0,0,0,0,0,0,0,0,9.99700089973008e-05,0.00299910026991902,0,0,0,9.99700089973008e-05,0.00359892032390283,0.00139958012596221,0.182345296411077,0,0,0,0,0.0346895931220634,0,0,0,0.00159952014395681,0,0,0,0,0,0.00229931020693792,0.000299910026991902,0,0,0.00269919024292712,0.000899730080975707,0,0.00449865040487854,9.99700089973008e-05,0,0,0,0,0,0,0,0.000399880035989203,0.0733779866040188,0,0,0,0,0,0.00199940017994602,0,0,0,0,9.99700089973008e-05,0,0,0.0226931920423873,0,9.99700089973008e-05,0.000399880035989203,0,0,0,0.00279916025192442,0,0,0.012296311106668,0.0105968209537139,0,0,0,9.99700089973008e-05,0,0,0,0,0.00409877036888933,0,0,0,0,0,0,0,0.000499850044986504,0.00119964010796761,0,0,0.000599820053983805,0,0,0,0.000399880035989203,0,0,0,0.0296910926721983,0,0,0.00159952014395681,0.00359892032390283,0,0,0,0,0.049185244426672,0,0,0,0,0,9.99700089973008e-05,0.00139958012596221,0,9.99700089973008e-05,0.000499850044986504,0,0,0,0,0,0,0.00249925022493252,0,0,0,0,0,0,0,0,0.00539838048585424,9.99700089973008e-05,0.000799760071978406,0.000299910026991902,0,9.99700089973008e-05,0.00199940017994602,0,0.000399880035989203,0,0,0,0,0.000199940017994602,0,0,0,0.000799760071978406,0.0107967609717085,0.00399880035989203,0.0150954713585924,0,0.000599820053983805,0,0,0.000499850044986504,0.000399880035989203,0,0,0,0.0384884534639608,0,0,0,0,0.000299910026991902,0.00439868039588124,0,0,9.99700089973008e-05,0,0,9.99700089973008e-05,0.00329901029691093,0,0.000999700089973008,0,0,9.99700089973008e-05
0,0,0,0,0,0,0.00349755171380034,0,0,0,0,0,0,0,0.00759468372139502,0,0.00049965024482862,0,0,0,0,0,0.00049965024482862,0,0.000799440391725792,0.0455681023283701,0,0,0.00199860097931448,0,0,0,0,0.0107924452882982,0,0,0.000299790146897172,0.0024982512241431,0,0,9.9930048965724e-05,0,0,0,9.9930048965724e-05,0.00609573298690916,0,0,0,0.000199860097931448,0,0,0,0,0,0,0,0,0,0,0,0,0,0,0,0,0,0,0,0,0,0,0,0,0,9.9930048965724e-05,0,0,0,0,0.000599580293794344,0,0,0,0,0,0,0,0,0.000399720195862896,0.000699510342760068,0.00739482362346358,0.0126911162186469,0,0,0,0,9.9930048965724e-05,0.000599580293794344,0,0,0.00529629259518337,0,0,0,0.000199860097931448,0,0.37273908264215,0,0.00599580293794344,0,0,0,9.9930048965724e-05,0,0.0404716698311182,9.9930048965724e-05,0,0.00049965024482862,9.9930048965724e-05,0,0,0.00169881083241731,9.9930048965724e-05,0.00619566303587489,0,0,0,0,0,0.00179874088138303,9.9930048965724e-05,0,9.9930048965724e-05,0,0,9.9930048965724e-05,0,0,0,0.0386729289497352,0,0,0,0,0,0,0,0,0,0,0,0,0,0,0,0,0,0,0.00239832117517738,0,0,0,0,0,9.9930048965724e-05,0,0,0,0,0,0,0.00589587288897772,0,0,0,0,0,0,0,0,0,0,0,0.000699510342760068,0,0,0,0,0,0,0.00109923053862296,0.000199860097931448,0,0,0,0,0,0,0,0,0,0,0,0,0.0138902768062356,9.9930048965724e-05,0,0,0.00139902068552014,0,0,0,0,0,0,0,0,0.0288797841510942,0,0,0,0,0,0,9.9930048965724e-05,0,0.0196862196462476,0,0,0,0.000199860097931448,0,0.0322774058159288,0,0,0,0,0,0,0,0,0,0,0,0,0,0,0,0,0,9.9930048965724e-05,0,0,0,0,0.000199860097931448,0,0,0,0,0,0,9.9930048965724e-05,0,0,0,0,0,0.307284900569601,0,0,0.00349755171380034,0,0,0,0,0,0,9.9930048965724e-05,0,0,0.00379734186069751,0,0,0,0,0,0,9.9930048965724e-05,0,0,0,0,0,0,0,0,0,0.00049965024482862,0
0,0,0,0,0,0,0,0.00079968012794882,0,0.00079968012794882,0.000199920031987205,0,0,0.0107956817273091,0.00869652139144342,0,0,0,0,0,9.99600159936026e-05,0.00319872051179528,0.00259896041583367,0,0.000199920031987205,0.188524590163934,0,0,0.00579768092762895,0,0,0,0,0.0079968012794882,0,0,9.99600159936026e-05,9.99600159936026e-05,9.99600159936026e-05,0,0,0,0.0196921231507397,0.00079968012794882,0,0.023390643742503,0,9.99600159936026e-05,0,0,0,0,0,0,0.000199920031987205,0.000199920031987205,0,0.000699720111955218,0,0.00129948020791683,0,0.000499800079968013,0,9.99600159936026e-05,0,0,0.00189924030387845,0,0.00109956017592963,0,0.00039984006397441,9.99600159936026e-05,0.00219912035185926,9.99600159936026e-05,0,0,0,0,0,0.000199920031987205,0.00119952019192323,0,0.0176929228308677,0,0.000699720111955218,0.000499800079968013,0,0,0.000599760095961615,0.00269892043182727,0,0.00219912035185926,0,0,0,0,0,0,0.00169932027189124,0,0,0,0,0,0.000299880047980808,0.000299880047980808,0,0.030687724910036,0.00709716113554578,0.00199920031987205,0,0,9.99600159936026e-05,0.00529788084766094,0,0.00559776089564174,0,0,0.0137944822071172,0,0,0,0,0,0.00689724110355858,0,0.0742702918832467,0,0,0.0079968012794882,0.000199920031987205,0.00359856057576969,0.0037984806077569,0,0,0,0.0695721711315474,0.00319872051179528,0,0,0.00869652139144342,0,0.00169932027189124,0,0,0,0.000599760095961615,0.00229908036785286,0,0,0.00259896041583367,9.99600159936026e-05,0,0,0,0,0,0,0,0.00169932027189124,0,0.00039984006397441,0.00419832067173131,9.99600159936026e-05,0,0,0,0,0,0,9.99600159936026e-05,0,0,0,0,0,0,0.0138944422231108,0.00509796081567373,0.000699720111955218,0.000899640143942423,0,0,0.000999600159936026,0.000199920031987205,0,0,0,0,0.00319872051179528,0,0.00239904038384646,0,0,9.99600159936026e-05,0,0.0039984006397441,0.000199920031987205,0,0,0,0,0,9.99600159936026e-05,0,0.0039984006397441,0.00039984006397441,0,0.000199920031987205,0,0,0,0.000199920031987205,0,9.99600159936026e-05,0.00169932027189124,0.00519792083166733,0.000599760095961615,0.00039984006397441,0,0.00419832067173131,0.000699720111955218,9.99600159936026e-05,0,0.00149940023990404,0,0.00189924030387845,0,0.000299880047980808,0.00119952019192323,0.00119952019192323,0,0,0.0108956417433027,0,0,0.000199920031987205,0,0.000199920031987205,0,9.99600159936026e-05,0,0,0.007796881247501,0,0,0,0,0,0.000599760095961615,0,9.99600159936026e-05,0.000499800079968013,0,0.000299880047980808,0.000499800079968013,0.00239904038384646,0,9.99600159936026e-05,0,0.00039984006397441,0,0,0.000299880047980808,0,0,0,0,0.00039984006397441,0.00039984006397441,0,9.99600159936026e-05,0.137045181927229,0,0,0,9.99600159936026e-05,9.99600159936026e-05,9.99600159936026e-05,0.170231907237105,0,0,0.0159936025589764,0,0,0,0,0,0.00519792083166733,0.000199920031987205,0,0,0,0,0.00109956017592963,9.99600159936026e-05,0.0206917233106757,0,0,0.000699720111955218,0
0,0.0018001800180018,0,0,0,0,0.0002000200020002,0.0005000500050005,0,0,0,0,0,0,0.001000100010001,0,0,0,0,0,0.0014001400140014,0,0,0.0005000500050005,0,0.147114711471147,0,0,0.0015001500150015,0.0018001800180018,0.0004000400040004,0,0,0,0,0,0.0015001500150015,0,0,0,0,0,0,0,0,0.0262026202620262,0,0,0,0.0001000100010001,0.0002000200020002,0,0,0,0.0143014301430143,0.0004000400040004,0,0.0002000200020002,0,0.0123012301230123,0,0,0,0,0,0,0.0095009500950095,0,0,0,0.0036003600360036,0,0,0,0,0,0.0001000100010001,0,0,0.0056005600560056,0,0,0.0641064106410641,0,0,0,0.058005800580058,0,0,0.0015001500150015,0,0.0004000400040004,0.0002000200020002,0,0,0.0002000200020002,0,0,0.0102010201020102,0,0,0,0,0,0.0005000500050005,0,0.0017001700170017,0.0379037903790379,0,0,0,0,0.0006000600060006,0.0248024802480248,0,0.0003000300030003,0,0,0.0115011501150115,0,0,0,0,0.0001000100010001,0,0,0.0104010401040104,0,0,0,0,0.0144014401440144,0,0,0,0,0.0002000200020002,0,0.0002000200020002,0,0.001000100010001,0,0,0,0,0,0,0,0,0,0.0015001500150015,0.0008000800080008,0,0.0068006800680068,0.0001000100010001,0,0,0.0001000100010001,0,0.0132013201320132,0,0,0,0.0579057905790579,0,0,0,0,0,0,0,0,0,0,0,0,0,0.0003000300030003,0,0.0003000300030003,0,0,0,0.0002000200020002,0,0,0,0,0,0,0,0,0,0,0,0,0,0,0,0.0001000100010001,0,0,0,0.0003000300030003,0,0.0021002100210021,0,0,0.0001000100010001,0,0,0,0,0,0,0,0.0079007900790079,0.0294029402940294,0.0071007100710071,0,0.0063006300630063,0.0083008300830083,0,0,0,0,0,0,0.0114011401140114,0,0.0148014801480148,0,0,0.0059005900590059,0,0,0,0,0,0,0,0,0.0001000100010001,0,0.0009000900090009,0.0013001300130013,0,0,0,0,0,0,0,0,0.0005000500050005,0,0.0007000700070007,0,0,0.0016001600160016,0,0,0,0.0004000400040004,0,0,0,0,0.011001100110011,0.0002000200020002,0,0,0.0488048804880488,0,0,0,0,0,0,0.198119811981198,0,0,0.0857085708570857,0,0,0.0004000400040004,0,0,0,0.0042004200420042,0,0,0,0,0.0012001200120012,0,0.0009000900090009,0,0,0.0006000600060006,0
0,0,0,0.0017001700170017,0,0.0007000700070007,0.0001000100010001,0,0,0,0,0,0.0012001200120012,0,0,0,0,0,0,0,0,0,0,0,0.0031003100310031,0.561456145614561,0,0,0,0,0,0,0,0,0,0,0,0,0,0,0.0001000100010001,0,0,0,0,0,0,0,0,0,0,0,0,0,0,0,0,0,0,0,0,0.0018001800180018,0,0,0,0.0007000700070007,0.0033003300330033,0,0.0005000500050005,0,0,0,0,0,0,0.106310631063106,0,0,0,0,0,0.0016001600160016,0,0,0.0002000200020002,0.0214021402140214,0,0.0002000200020002,0,0,0,0,0.0033003300330033,0,0,0,0.0011001100110011,0,0,0,0,0.0074007400740074,0.0019001900190019,0.0001000100010001,0,0,0,0,0,0,0,0,0,0,0,0,0,0,0,0,0.001000100010001,0,0,0.0003000300030003,0,0,0,0,0,0,0,0.0013001300130013,0,0,0,0.0001000100010001,0,0,0,0,0,0,0,0,0,0,0,0,0,0,0.005000500050005,0,0,0,0.0001000100010001,0,0,0.0033003300330033,0,0,0,0,0,0,0,0,0,0,0,0,0,0,0.0003000300030003,0,0,0,0,0,0,0,0,0,0,0,0,0,0,0,0,0,0,0,0.0003000300030003,0,0,0,0,0,0,0,0,0,0,0,0,0,0,0,0,0,0,0,0,0,0,0,0,0,0,0,0,0.0007000700070007,0,0,0,0,0,0,0,0,0,0,0,0.0229022902290229,0.0064006400640064,0,0.0002000200020002,0,0,0.0004000400040004,0,0,0,0,0,0,0.0043004300430043,0,0,0,0,0,0,0,0,0,0,0,0,0,0,0,0.0073007300730073,0,0.0024002400240024,0,0,0,0,0.0116011601160116,0,0,0.146614661466147,0,0,0,0,0,0,0,0,0,0,0,0,0.0631063106310631,0,0.0009000900090009,0.0033003300330033,0,0,0,0,0,0,0,0,0,0,0,0
0,0,0,0,0,0,0.0087008700870087,0,0,0,0.0003000300030003,0,0,0,0.0004000400040004,0,0,0,0,0,0.0001000100010001,0.0003000300030003,0,0,0,0.208820882088209,0,0,0.0112011201120112,0.0008000800080008,0,0,0.0044004400440044,0.0043004300430043,0,0,0.0027002700270027,0,0,0,0,0,0,0,0,0.137613761376138,0,0,0,0,0,0,0,0,0,0,0,0,0,0,0,0.0002000200020002,0,0,0,0,0.0107010701070107,0,0,0,0,0,0,0.0009000900090009,0,0.0004000400040004,0,0,0,0.0017001700170017,0,0,0,0,0.0077007700770077,0.0002000200020002,0,0,0,0.0021002100210021,0,0,0.0001000100010001,0,0,0,0,0,0.0046004600460046,0,0,0.0105010501050105,0,0,0,0,0,0.214821482148215,0,0,0,0,0,0,0,0.0001000100010001,0,0.0001000100010001,0.0046004600460046,0,0,0,0,0,0.0052005200520052,0,0,0,0,0,0.0034003400340034,0.134313431343134,0,0,0.0001000100010001,0,0.0008000800080008,0,0,0,0.0023002300230023,0,0,0,0,0,0.002000200020002,0.0002000200020002,0,0,0.0045004500450045,0,0,0,0.0002000200020002,0,0,0,0,0,0,0,0,0,0,0,0,0,0,0.0004000400040004,0,0,0.0001000100010001,0,0,0,0,0,0,0.0001000100010001,0,0,0,0.0001000100010001,0,0,0,0,0,0,0,0.0041004100410041,0.0003000300030003,0,0,0,0,0,0,0,0.0287028702870287,0,0,0,0,0.0016001600160016,0,0,0.0001000100010001,0,0,0,0,0,0.0002000200020002,0,0,0,0.0001000100010001,0,0,0,0,0,0,0,0,0,0.0007000700070007,0,0,0.0006000600060006,0,0.0122012201220122,0,0,0,0,0,0.0019001900190019,0,0,0,0,0,0,0,0,0,0,0,0,0.0004000400040004,0,0.0045004500450045,0.0001000100010001,0.0004000400040004,0,0.0001000100010001,0.0004000400040004,0,0,0,0.0002000200020002,0,0,0,0,0,0.0002000200020002,0,0.0016001600160016,0,0,0,0,0.0009000900090009,0,0,0.127912791279128,0,0,0.0187018701870187,0,0,0,0,0,0,0,0,0,0,0,0.0009000900090009,0,0.0009000900090009,0,0,0.0002000200020002,0
0,0,0,0.00699580251848891,0,0,0,0.00189886068358985,0,0,0,0,0,0,0.00909454327403558,0,0.00869478313012193,0,0,0,0,0.00489706176294223,0.000799520287827304,9.9940035978413e-05,0,0.229362382570458,0,0,0.000799520287827304,0.000399760143913652,0,0,0,0,0,0,0,0,0,0,0,0,0,0,0,0.0141914851089346,0,0,0.000199880071956826,0.00119928043174096,0,0,0,0,9.9940035978413e-05,0,0,0.00119928043174096,0,0.000199880071956826,0,0.00159904057565461,9.9940035978413e-05,0,0.00129922046771937,0,0.00179892064761143,0,0,0,0,0,0,0.000599640215870478,0,0,0,0,0,0,0,0,0,0,0,0.000399760143913652,0.0159904057565461,0,0.000299820107935239,0.018388966620028,0,0.000599640215870478,0.00159904057565461,0,0,0,0,0,0,0,0,0,0,0,0,0,0.000199880071956826,0.126524085548671,0.00299820107935239,0.000699580251848891,0,0,0,9.9940035978413e-05,0,0.0244853088147112,0,0,0,0,9.9940035978413e-05,0,0,0.00139916050369778,0.0136917849290426,0,0,0,0,0,0.000399760143913652,0.00169898061163302,0,0,0,0,0.0142914251449131,0,0,0,0.00109934039576254,0,0,0,0,0,0,0.00249850089946032,0,9.9940035978413e-05,0,0,0,0,9.9940035978413e-05,0,0,0,0,0.00169898061163302,0,0,0,9.9940035978413e-05,0,0,0,0,0,0,0,0.00439736158305017,0,0,0,0,0,0,0,0,0,0,0,0.0022986208275035,0.000199880071956826,0,0,0,0,0,0,0.00119928043174096,0.000299820107935239,0.00159904057565461,0,0.000199880071956826,0,0,0,0,0,0,0,0,0,0.00209874075554667,0,0,0.000399760143913652,0,0,0,0,0,0,0.000899460323805717,0.00649610233859684,0,0.00239856086348191,0,0,0,0,0,0.00149910053967619,0,0,0,0,0,0.00709574255446732,0,0,0.0225864481311213,0,0,0,0,0,0,0,0,0,0,0,0,0,0,0,0,0,0,0,0,0,0,0.00389766140315811,0,0,0,0.000399760143913652,0,0,9.9940035978413e-05,0,0,0,0,0,0.00149910053967619,0,0,0.0105936438137118,0,0,0,0.0858484909054567,0,0.000499700179892065,0.296222266640016,0,0,0.00209874075554667,0,0,0,0,0,0,0,0,0,0,0,0.0106935838496902,0,0.0022986208275035,0,0,0.017189686188287,0
0,0,0,0,0,0,0.000199820161854331,0.00539514437006694,0,0,0,0,0,0,0.000199820161854331,0,0,0,0,0,0,0,0,0.000199820161854331,0,0.0965131381756419,0,0,0.000199820161854331,0,0,0,0,0,0,0,0.000199820161854331,0,0,9.99100809271655e-05,0,0,0,0,0,0.0550504545908682,0,0,0,9.99100809271655e-05,0,0,0,0,0,0,0,0,0,0,0,0.00329703267059646,0,0,0,0,0.123688680187831,0,0,0,0,0,0,0,0,0,0,0,0,0.046458187631132,0,0,0.0536517134578879,0,0,0,0,0,0,0,0,0,9.99100809271655e-05,0,0,0.000199820161854331,0,0,0.0263762613647717,9.99100809271655e-05,0,9.99100809271655e-05,0,0,0,0,0,0.183834548905985,0,0,0,0,0,0,0,0,0,0,0,0,0,0,0,9.99100809271655e-05,0.000299730242781497,0,0,0,0,0,0,0.0198821061045059,0,9.99100809271655e-05,0,0,9.99100809271655e-05,0,0,0,0,0,0,0,0,0,0,0,0,0,0.00229793186132481,0.00949145768808073,0,0,0,0,0,0,0,0.00419622339894095,0,0,0,0,9.99100809271655e-05,9.99100809271655e-05,0,0,0,0,0,0,9.99100809271655e-05,0,0,0,0,0,0.0418623239084824,0,0,0,0,0,0,0,0,0,0,9.99100809271655e-05,0,0.0209811169947048,0,0,0,9.99100809271655e-05,0,0,0,0,0,0,0,0.110500549505445,0,0,0,0,0,0,0,0,0,0,0,0,0,0,0,0,0,0,0,0,0,0,0,0,0,0,0.0517534219202718,9.99100809271655e-05,0,0.000599460485562993,0.000999100809271655,0,0,0,0,0,0,0,0,0,0,0,0,0,0,0,0.0031971225896693,0.00419622339894095,0,0,0,0,0,0,0,0,0,0,0,0,9.99100809271655e-05,0,0,0,0,9.99100809271655e-05,0.00139874113298032,0.00179838145668898,0,0,0,0,9.99100809271655e-05,0,0,0.076031571585573,0,0,0.0421620541512639,0,0,0,0,0,0,0,0,0,0,0,0,0,0,0,0,0.0111899290638425,0
0,0.0004000400040004,0,0,0,0,0.0002000200020002,0,0,0,0,0,0,0,0.0088008800880088,0,0,0,0,0,0.0057005700570057,0.0109010901090109,0.0001000100010001,0.0001000100010001,0,0,0,0,0.0008000800080008,0,0.0002000200020002,0,0.0026002600260026,0.0036003600360036,0,0,0.0008000800080008,0.0028002800280028,0.0001000100010001,0,0,0,0,0.0014001400140014,0,0,0,0.0001000100010001,0.0019001900190019,0,0,0,0,0,0,0,0,0.0001000100010001,0,0,0,0.0014001400140014,0.0008000800080008,0,0,0.0001000100010001,0,0,0.0001000100010001,0,0,0,0,0.0002000200020002,0.0001000100010001,0,0,0,0,0.0014001400140014,0,0,0,0,0,0.0002000200020002,0.0001000100010001,0,0,0.0075007500750075,0,0.0004000400040004,0.0003000300030003,0,0,0.0003000300030003,0,0,0.003000300030003,0,0,0,0,0,0.0001000100010001,0,0.0001000100010001,0.0779077907790779,0,0,0,0,0,0,0,0,0,0.0043004300430043,0.0014001400140014,0,0,0,0,0.0002000200020002,0.0439043904390439,0,0,0,0,0,0.0146014601460146,0.0161016101610161,0.0015001500150015,0.0002000200020002,0,0.0002000200020002,0.0056005600560056,0,0,0,0.0053005300530053,0,0,0.0001000100010001,0,0,0,0,0,0,0.0009000900090009,0.0001000100010001,0,0,0,0,0,0,0,0.0035003500350035,0,0,0,0.0001000100010001,0,0,0,0,0,0,0.0002000200020002,0,0.0007000700070007,0,0,0,0,0.0002000200020002,0,0,0,0.0001000100010001,0,0,0.0001000100010001,0,0,0,0,0,0,0.0083008300830083,0.0008000800080008,0,0,0.0001000100010001,0,0,0.0001000100010001,0,0,0.0005000500050005,0,0,0.138113811381138,0.0007000700070007,0,0,0.0002000200020002,0.0001000100010001,0,0.0039003900390039,0,0,0.001000100010001,0,0,0.0003000300030003,0.0001000100010001,0,0,0,0,0,0,0,0,0,0.0035003500350035,0,0.0099009900990099,0.0009000900090009,0,0.0205020502050205,0,0,0,0.0008000800080008,0.0001000100010001,0,0,0,0,0,0.0003000300030003,0.0017001700170017,0.009000900090009,0.0014001400140014,0,0,0,0,0.0019001900190019,0,0.0003000300030003,0,0,0,0,0.0016001600160016,0,0,0,0.0002000200020002,0,0,0,0,0.0001000100010001,0.0027002700270027,0,0,0.0808080808080808,0,0.0004000400040004,0,0,0,0.0001000100010001,0.44014401440144,0,0,0.0086008600860086,0,0,0,0,0,0,0.0126012601260126,0,0,0,0,0.0084008400840084,0,0.0023002300230023,0,0,0.0036003600360036,0
0,0.00129831219414761,9.98701687805852e-05,0.00159792270048936,9.98701687805852e-05,0,0,0.00659143113951863,0,0.000499350843902926,0.00019974033756117,9.98701687805852e-05,0,0,0,0,0.000399480675122341,0,9.98701687805852e-05,0.00109857185658644,0.015180265654649,0.00259662438829522,0.000399480675122341,0,0.00019974033756117,0.00828922400878858,9.98701687805852e-05,0,0.000299610506341756,0.000299610506341756,0.00119844202536702,0,0,0.00529311894537102,0,0,0.000299610506341756,0.0019974033756117,0.00019974033756117,0,0,9.98701687805852e-05,0,0.0209727354439229,0,0.00749026265854389,0,9.98701687805852e-05,0,0,0.00019974033756117,0,9.98701687805852e-05,0,0.00249675421951463,9.98701687805852e-05,0,0.000499350843902926,0,0.004094676920004,9.98701687805852e-05,0.0060920802956157,0,9.98701687805852e-05,0,0,0.000399480675122341,0,0,0,0.00499350843902926,0,9.98701687805852e-05,0.021671826625387,0,0,0,0,0,0.0114850694097673,0.00019974033756117,0.00019974033756117,0.0162788375112354,0,0.0450414461200439,0,9.98701687805852e-05,0,0,0.00359532607610107,0.0161789673424548,9.98701687805852e-05,0,0.00209727354439229,0,0,0,0,0.0033955857385399,0,9.98701687805852e-05,9.98701687805852e-05,0,0,0.000399480675122341,0.000599221012683511,0,9.98701687805852e-05,0.000898831519025267,0.00159792270048936,0,0,0,0.00109857185658644,9.98701687805852e-05,0.00589233995805453,0,0.00019974033756117,0,0,0,0,0,0,0.00239688405073405,0.000798961350244682,0,0,0,0,0.010586237890742,0.067412363926895,0,9.98701687805852e-05,9.98701687805852e-05,0,0.00439428742634575,0.00109857185658644,0,0.000299610506341756,0.00019974033756117,0,0,0.000399480675122341,0,0,9.98701687805852e-05,0.0060920802956157,0,0,0.00369519624488165,0.0104863677219615,0,0,9.98701687805852e-05,0,0,0,0.000499350843902926,0.00868870468391092,0.0019974033756117,0,0.00838909417756916,0.157894736842105,0,0.00019974033756117,0,0,9.98701687805852e-05,0,9.98701687805852e-05,0,0,0,0,0,0,0.0345550783980825,9.98701687805852e-05,0.000499350843902926,0.0227703984819734,0,0,0,0.0019974033756117,0,0,0,0.00759013282732448,0,0,0.000499350843902926,9.98701687805852e-05,0,0.0154798761609907,0,0.000699091181464097,9.98701687805852e-05,0,0,0,0,9.98701687805852e-05,9.98701687805852e-05,0,9.98701687805852e-05,0.000299610506341756,0,0,9.98701687805852e-05,0,0,0.00259662438829522,0,0.000299610506341756,0.00139818236292819,0.00129831219414761,0.00629182063317687,0.00239688405073405,0,0.00279636472585639,0.000299610506341756,0.00109857185658644,0,0.00399480675122341,0,0.00349545590732048,0,0.012284030760012,0.00019974033756117,0.0443423549385798,0,0,0.00229701388195346,0,9.98701687805852e-05,9.98701687805852e-05,0,0,9.98701687805852e-05,0.00019974033756117,0,0,0.00908818535903326,0,9.98701687805852e-05,0,9.98701687805852e-05,0.00019974033756117,0.00749026265854389,0.0591231399181065,9.98701687805852e-05,0.00219714371317288,0,0.000399480675122341,9.98701687805852e-05,9.98701687805852e-05,9.98701687805852e-05,0.00019974033756117,0.00259662438829522,0.000299610506341756,0.00279636472585639,0,9.98701687805852e-05,0,0,0,0.0559272945171277,0.000898831519025267,0.00259662438829522,0.00019974033756117,0.00569259962049336,0.00759013282732448,0,0,0,0.000499350843902926,0,0.00019974033756117,0.137321482073305,9.98701687805852e-05,0,0.00349545590732048,0,0,0,0.000299610506341756,0,0.00589233995805453,0.000399480675122341,0,0,0,0,0.0067911714770798,9.98701687805852e-05,0.00019974033756117,0.00159792270048936,0,0.000499350843902926,0
0,0,0,0.000999000999000999,0.000699300699300699,0,0.000599400599400599,0,0,0.000599400599400599,0,0,0,0,0.0150849150849151,0,0,0,0,0.0031968031968032,0,0.017982017982018,0,9.99000999000999e-05,0.0001998001998002,0.269130869130869,0,0,0,0.0010989010989011,0.0011988011988012,0,0,0.0023976023976024,0,0,0.003996003996004,0.00709290709290709,0,0,0,9.99000999000999e-05,9.99000999000999e-05,0,0,0.00559440559440559,0,0,0,0.0003996003996004,0,0,9.99000999000999e-05,0.000699300699300699,0.0050949050949051,0.000599400599400599,0,0,9.99000999000999e-05,0,9.99000999000999e-05,0,0,0,0,0,0.0208791208791209,0,0,0,0.000799200799200799,0,0,0,0,0.0001998001998002,0,0,0,0.0017982017982018,0.000899100899100899,0.0010989010989011,0.0193806193806194,0,0.0013986013986014,0.000599400599400599,0.125074925074925,0,0.000899100899100899,0.0012987012987013,0.043956043956044,0,0,0,0,0,0,0,0.00959040959040959,0,0,0.0002997002997003,0,0,0.0003996003996004,0,0,0.00639360639360639,0.0025974025974026,0,0,0.0001998001998002,9.99000999000999e-05,0.00749250749250749,0,0.00949050949050949,0,0,0,0,9.99000999000999e-05,0,0.0025974025974026,0,0.0016983016983017,0.0003996003996004,0,0,9.99000999000999e-05,0,0.0002997002997003,0.001998001998002,0,0,0,0,0.131668331668332,0.00829170829170829,9.99000999000999e-05,0,0.0231768231768232,0,0,0,0,0,0,0.0043956043956044,0,0,0.000799200799200799,0.0043956043956044,0,0,0,0.0011988011988012,0,0,9.99000999000999e-05,0.0001998001998002,0,0,0,0,0,0,0.00549450549450549,0,0,0.000899100899100899,0.000999000999000999,0,0,0,0,0,0,0.0004995004995005,0.0016983016983017,0,0.0012987012987013,0,0,0.0017982017982018,0,0,0.0016983016983017,0,0,0,0.0022977022977023,0.0050949050949051,0.0002997002997003,0,0,0,0.00889110889110889,0,0,0,0,0,0,0.0466533466533467,9.99000999000999e-05,0.0035964035964036,0.0011988011988012,0,0,0.0025974025974026,0,0,0,0.0001998001998002,0.0002997002997003,0,0,0.0018981018981019,0.000599400599400599,0,0,0.0027972027972028,0,0,0.00999000999000999,0.000699300699300699,0,0,9.99000999000999e-05,0.0016983016983017,0,0,0.0002997002997003,0.0128871128871129,0,0,0.000799200799200799,0,0,0,0,0,0,0,0.000799200799200799,0,0,0,0,0,0,0,0,9.99000999000999e-05,0,0.0158841158841159,0.0016983016983017,0,0.000699300699300699,0.00879120879120879,9.99000999000999e-05,0,0,0.000999000999000999,0,0,0,0,0,0,0,9.99000999000999e-05,0.0272727272727273,0,0,0,0,0,0.0003996003996004,0.0001998001998002,0,0,0.0380619380619381,0,0,0,0,0,0.0022977022977023,0.002997002997003,0,0,0,0,0,0,0.0018981018981019,0,0,0.00669330669330669,0
0.000199940017994602,0,0,0,0,0,0,0,0,0.00179946016195141,0,0,0,0,0.00159952014395681,0,0,0,0,0,0.000199940017994602,0.00669799060281915,0,9.99700089973008e-05,0,0.167249825052484,0,0,0,0,0.0694791562531241,0,0,0.00489853044086774,0,0,0.00129961011696491,0.00269919024292712,0,0,0,0,0,0.0117964610616815,0,0.00219934019794062,0,0,0,0.000899730080975707,0,0,0,0,0,0,9.99700089973008e-05,0,0,0,0,0.00889733080075977,0,0,0,0,0,0,0,0,0,0,0,0,0,0,0,0,0,0.00429871038688393,0,0,0,0,0,0,0.000299910026991902,0,0,0.00519844046785964,0,0.000899730080975707,9.99700089973008e-05,0,0,0,0,0,0.00919724082775168,0,0,0.0161951414575627,0,0,0.00119964010796761,0,0,0.0427871638508447,0,0.0138958312506248,0,0,0,0.00139958012596221,0,0.0525842247325802,0,0,0,9.99700089973008e-05,0,0,0,0,0.00279916025192442,0,0,0,0,0,0.0104968509447166,0.00269919024292712,0,0,0,0,0.00339898030590823,0,0,0,0.000499850044986504,0,0,0,0,0,0,0,0,0,0,0.00469859042287314,0.000299910026991902,0,0,0,0,0,0,0,0,0,0,0,0,0,0.00229931020693792,0,0,0,0.00169949015295411,0,0,0,0.0126961911426572,0,0,0,0,0,0.0792762171348595,0,0,0.00219934019794062,0,0,0,0,0,0,0,0.00139958012596221,0,0,0,0,0,0,0,0,0,0,0,0,0,0,0,0,0.000599820053983805,0,0,0,0,0,0,0,0,0,9.99700089973008e-05,0,0,0,0,0,0.00569829051284615,9.99700089973008e-05,0,0,0.0169949015295411,0,0,0,0,0.0464860541837449,0,0,0,0,0,0,0,0,0,0,0,0,0,0,0,0,0.00549835049485154,0,0.00489853044086774,0,0.00319904028791363,0,0,0,0.00379886034189743,0,0,0,0,0.000199940017994602,0,0,0,0,0,0.0342897130860742,0,0,0.0778766370088973,0,0,0,0,0,0.00499850044986504,0.200139958012596,0,0,0.0317904628611417,0,0,0,0,0,0,0.00129961011696491,0,0,0,0,0.00149955013495951,0,0.000799760071978406,0,0,0.00699790062981106,0
0,0,9.99100809271655e-05,0.000599460485562993,0,0,0,0.00409631331801379,9.99100809271655e-05,0.0025976621041063,0,0,0,0,0,0,0.00179838145668898,0,0,0.00109901089019882,0.0124887601158957,0.00339694275152363,0,0.000199820161854331,0.000399640323708662,0.205415126386252,0.000199820161854331,0,0.000999100809271655,9.99100809271655e-05,9.99100809271655e-05,9.99100809271655e-05,0,0.0025976621041063,0,0,0.00219802178039764,0.0237785992606654,0.000699370566490159,0,0,0.000799280647417324,0,0.00469577380357678,0,0.0230792286941752,0,9.99100809271655e-05,0,0,0,0,0.000199820161854331,0,0.00269757218503347,0.000499550404635828,0,0,0.000499550404635828,0.0141872314916575,0.000499550404635828,0.00539514437006694,0,0,0,0,0.0111899290638425,0,0,0.00369667299430513,0.00389649315615946,0,0,0.0112898391447697,0,0,0,0,0,0.013288040763313,0.00309721250874213,0.000499550404635828,9.99100809271655e-05,0,0.0031971225896693,0.000199820161854331,0.00839244679788191,0,0,0.00529523428913977,0,0.000399640323708662,0.000499550404635828,0.00339694275152363,0,9.99100809271655e-05,0,0,0.00329703267059646,0,0,0.00089919072834449,0,0,0,0.000499550404635828,0,0.00439604356079528,0,0,0,0,0,0.00209811169947048,0,0.00849235687880907,0,0,0.0155859726246378,0.000199820161854331,0,0,0.00089919072834449,0,0.00509541412728544,0.00129883105205315,0,0,0,0.00109901089019882,0.00409631331801379,0.0395643920471576,0,0,0,0,0.00819262663602758,0.00519532420821261,0,0.000999100809271655,0.028973923468878,0,0.00419622339894095,0.000499550404635828,0,0,0.00169847137576181,0.00699370566490159,0,9.99100809271655e-05,0.00369667299430513,0.00719352582675592,0,0,0,0,0,0,0.000299730242781497,0.00629433509841143,0,0.00279748226596064,0.00459586372264962,0,0,0,0.00279748226596064,0,9.99100809271655e-05,0,0.00119892097112599,0,0,0,0,0,0,0.00879208712159057,0.000199820161854331,0.00339694275152363,0.00239784194225197,0,0,0.000499550404635828,0.000299730242781497,0,0.00209811169947048,0,0,0,0,0.0196822859426516,0.00149865121390748,0,0.0250774303127186,0,0,9.99100809271655e-05,0,0,0,0,0,0.000499550404635828,0,0.00139874113298032,0,0,9.99100809271655e-05,0,0.000199820161854331,0,0.000499550404635828,0,0.000499550404635828,0,0.00089919072834449,0.000199820161854331,0.0281746428214607,0.000999100809271655,9.99100809271655e-05,0.0028973923468878,0.00179838145668898,9.99100809271655e-05,0,0.00719352582675592,0,0,0.00269757218503347,0.00239784194225197,0.0315715855729843,0,0.00089919072834449,0.00209811169947048,0,0,0.000399640323708662,0,0,0.000199820161854331,0,0,0,0.00859226695973624,0.00109901089019882,0,0,0,0,0,0.000799280647417324,0.000199820161854331,0.000799280647417324,0,0.000299730242781497,0.000799280647417324,0.0197821960235788,0,0.000499550404635828,0.000399640323708662,0.000199820161854331,0,0,0.000499550404635828,0,0,0,0.00469577380357678,0,0,0,0.00209811169947048,0.00509541412728544,9.99100809271655e-05,0,0,0,0,0.000199820161854331,0.192226995703867,0,0,0.0278749125786792,0,0,0,0,0,0.00839244679788191,0.00519532420821261,0,0,0,0,0.00439604356079528,0,0.000599460485562993,0,0,0.00769307623139175,0
0,0.0042004200420042,0,0.0012001200120012,0.0004000400040004,0,0.0006000600060006,0,0,0.001000100010001,0,0,0,0,0.0009000900090009,0,0,0,0,0,0,0,0.0022002200220022,0.0007000700070007,0.0009000900090009,0.0331033103310331,0,0,0,0,0.103810381038104,0,0,0,0,0,0,0,0,0,0,0,0,0,0,0.0041004100410041,0,0,0.0002000200020002,0.0006000600060006,0,0,0,0,0,0,0,0.0044004400440044,0,0,0,0,0,0,0,0,0.0082008200820082,0,0,0,0,0,0,0,0,0,0,0,0,0.0178017801780178,0.0062006200620062,0,0,0,0.0148014801480148,0,0.0046004600460046,0.0002000200020002,0,0.0082008200820082,0,0.0148014801480148,0.0001000100010001,0,0,0.0002000200020002,0,0,0.0641064106410641,0,0,0,0,0,0,0,0,0.0028002800280028,0,0.0007000700070007,0,0,0,0.0182018201820182,0,0.0124012401240124,0,0,0,0,0,0,0,0,0,0,0,0,0,0,0,0.0111011101110111,0,0,0,0,0.0146014601460146,0.0054005400540054,0,0,0,0,0,0,0,0,0,0.0066006600660066,0,0,0,0.0342034203420342,0,0,0,0,0,0,0.0031003100310031,0.0098009800980098,0,0,0,0,0,0.0009000900090009,0,0,0,0.0034003400340034,0,0,0,0,0,0,0,0.112811281128113,0,0,0.0143014301430143,0,0,0.0054005400540054,0,0,0,0,0,0.0006000600060006,0,0.0426042604260426,0,0,0,0,0,0,0,0,0,0,0,0,0.0001000100010001,0.0072007200720072,0,0,0,0,0,0,0,0,0,0,0.0084008400840084,0,0.0413041304130413,0,0.059005900590059,0,0.0189018901890189,0,0,0,0,0.0015001500150015,0.0042004200420042,0,0,0,0,0.0202020202020202,0,0,0,0,0,0,0,0,0,0,0,0,0,0,0,0,0,0.0109010901090109,0,0,0,0,0.0005000500050005,0,0,0,0,0,0,0,0,0,0,0,0,0.0028002800280028,0.0003000300030003,0,0,0,0,0,0,0,0,0.198419841984198,0,0,0,0,0,0,0,0,0,0,0,0,0,0,0,0,0,0.0105010501050105,0,0.0193019301930193,0
0,0,0,0.0022995400919816,0,0,0.000699860027994401,0,0.000499900019996001,0.0023995200959808,0,0,0.0001999600079984,0,0,0,0,0,0,0,0,0,0.001999600079984,0.0001999600079984,0.000499900019996001,0.0504899020195961,0,0,0.000699860027994401,0,0,0,0,0,0,0,0,0,0,0,9.99800039992002e-05,0,0,0,0,0.0627874425114977,0,0,0.0028994201159768,0.000599880023995201,0,0,0,0,0,0,0,0.000899820035992801,0,0,0,0,0,0,0,0,0,0,0.00779844031193761,0,0,0,0,0,0,9.99800039992002e-05,0,0,0,0,0,0,0,0,0,0,0,0,0,0,9.99800039992002e-05,0,9.99800039992002e-05,0,0,9.99800039992002e-05,0,0.0001999600079984,0,0,0,0.0015996800639872,0,0,0,0,0,0.0631873625274945,0.0015996800639872,0,0,0,0,0,0,0.0107978404319136,0.0002999400119976,0,0,0,0,0,0,9.99800039992002e-05,0.00499900019996001,0,0,0,0,0,0.00339932013597281,0,0,0,0,0,0.0023995200959808,0,0,0,0,0,0,0,0,0,0,0.026494701059788,0,0,0,0,0,0,9.99800039992002e-05,0.000399920015996801,0,0,0,9.99800039992002e-05,0,0,0,0,0,0,0,0.0002999400119976,0,0,0,0,0.00849830033993201,0,0,0,0,0,0,0,0.0822835432913417,0,0,0,0,0,0,0,0,0.000899820035992801,0,0,0.0001999600079984,0,0,0,0.0319936012797441,0,0,0,0,0,0,0,0.0642871425714857,0,0,0,0.0002999400119976,0.0001999600079984,0,0,0,0,0,0,0,0,0,0,0,0,0,0,0.0168966206758648,0,0,0,0,0,0,0,0,0,0,0,0,0,0,0,0,0,0,0.0113977204559088,0.000399920015996801,0,0,0.0002999400119976,0,0,0.0031993601279744,0,0,9.99800039992002e-05,0,0.001999600079984,0.0001999600079984,0,0,0,0,0,0,0,0,0,0,0.00659868026394721,0,0.013497300539892,9.99800039992002e-05,0,0.020495900819836,0,0,0,0,0,0,0.463307338532294,0,0,0,0,0,0,0,0.000499900019996001,0,0.0208958208358328,0,0,0,0,0,0,0,0,0,0,0
0,0.0025994801039792,0,0,0,0,0,0,0,0,0,0,0,0,0.0018996200759848,0,0.00789842031593681,0,0,0,0.0001999600079984,0.0025994801039792,0.000899820035992801,0,0.000499900019996001,0.349430113977205,0,0,0.0021995600879824,0,0,0,0.0026994601079784,0.0312937412517496,0,0,0.000699860027994401,0.00899820035992801,0.000799840031993601,0,0,0,0,0,0,0.00699860027994401,0,0,0.0001999600079984,0,0,0,0,0,0.0001999600079984,0,0,0.000699860027994401,0,0,0,9.99800039992002e-05,0,0,0,0,0.00719856028794241,0,9.99800039992002e-05,0.00439912017596481,0,0,0,9.99800039992002e-05,0,0,0,0,0,9.99800039992002e-05,0,0,0.000599880023995201,0,0,0.0102979404119176,0,0,0,0.0110977804439112,0,0.00739852029594081,0,0,0,0,0,0,0.000999800039992002,0,0,0,0,0,0,0,0,0.0126974605078984,0.0017996400719856,0.000499900019996001,0,0,0,0.00589882023595281,0,0.0170965806838632,0,0,0.01499700059988,0,0,0,0,0,0.00249950009998,0,0,0,0,0,9.99800039992002e-05,9.99800039992002e-05,0,0,0,0,0.0146970605878824,0.00389922015596881,0,0,0.0002999400119976,0,0,0,0,0,0,0.00339932013597281,0,0,0.0013997200559888,0.0028994201159768,0,0,0,0,0,0,0,0.0027994401119776,0,0,0,0,0,0,0,0,0,0,0,0,9.99800039992002e-05,0,0,0,0,0,0.001999600079984,0,0.00369926014797041,0,0,0,0,0,0,0,0,0,0,0.0175964807038592,0.000399920015996801,0,0,0,0,0.0001999600079984,0,0,0.0012997400519896,0,0,0,9.99800039992002e-05,0.0012997400519896,0,0,0.000399920015996801,0.0002999400119976,0,0,0,0,0.000399920015996801,0.000799840031993601,0.0030993801239752,0,0.0185962807438512,0,0,0,0,0,0.0012997400519896,0,0.000499900019996001,0,0.0012997400519896,0.000399920015996801,0.00519896020795841,0,0,0.135672865426915,0,0,0,0,0,0.001999600079984,0,0,0,0.0027994401119776,0.0020995800839832,0,0,0,0,0,0.0012997400519896,0.000399920015996801,0,0,0,0,0,0,0.000499900019996001,0,0,0,0,9.99800039992002e-05,0,0,0,0,0,0.0202959408118376,0.00819836032793441,0,0.0329934013197361,0,0,0,0,0,9.99800039992002e-05,0.150169966006799,0,0,0.0153969206158768,0,0,0,0,0,0.0002999400119976,0,0,0,0,0,0.0013997200559888,0,0.000899820035992801,0,0,0.0180963807238552,0
0,0,0,0,0.000699650174912544,0,0.000399800099950025,0,0,0,0,0,0,0,0.00229885057471264,0,0,0,0,0,0,0,0,0.000399800099950025,0,0.315342328835582,0,0,0.0172913543228386,0,0.0121939030484758,0,0,0.0031984007996002,0,0,0.00399800099950025,0.00329835082458771,0,0,0,0,0,0,0,0.0980509745127436,0,0,0.000199900049975012,0.00289855072463768,0,0,0,0.000699650174912544,0,0,0,0.00149925037481259,0,0,0,0,0,0,0,0,0.0140929535232384,0,0.00349825087456272,0,0,0,0,0,0,0,0,0,0,0,0,0.000399800099950025,0.0184907546226887,0,0,0.00149925037481259,0.00949525237381309,0,0.00079960019990005,0.0031984007996002,0,0.000499750124937531,0.00289855072463768,0,0,0.000199900049975012,0,0,0.00329835082458771,0,0,0,0,0,0.000199900049975012,0,0,0.0015992003998001,0.00929535232383808,0.0192903548225887,0,0,0.00079960019990005,0,0,0.00729635182408796,0,0,0,0,0,0,0,0,0.00339830084957521,0,0,0,0,0,0,0,0,0.000299850074962519,0,0,0.0617691154422789,0,0,0,0.000399800099950025,0,0,0.000299850074962519,0,0,0,0.00339830084957521,0,0,0.00119940029985007,0.00659670164917541,0,0,9.99500249875062e-05,0,0,0,0,0.00199900049975012,0,0,0,0,0,0,0.00279860069965018,0,0,0,0,0,0,0.000699650174912544,0.00109945027486257,0,0,0,0,0,0.0203898050974513,0.000999500249875062,0,0,0.00519740129935032,0,0,0,0,0,9.99500249875062e-05,0.00149925037481259,0.000499750124937531,0,0,0,0.00379810094952524,0,0,0,0,0,0,0.00119940029985007,0,0.00139930034982509,0.000399800099950025,0,0,0.0212893553223388,0,0,0,0,0,0.000899550224887556,0,0,0.000599700149925037,0,0,0.0015992003998001,0,0,0.00129935032483758,0,0,0,0.00119940029985007,0.000399800099950025,0,0,0,0.134032983508246,0,0,0,0,0,0,0,0,0,0.0227886056971514,0,0.000499750124937531,0,0,0,0,0,0,0.000499750124937531,9.99500249875062e-05,9.99500249875062e-05,0.031784107946027,0.000199900049975012,0,0,0,0,0,0,0,0,0,0,0,0,0.00869565217391304,0,0,0.0373813093453273,0,9.99500249875062e-05,0,0,0,0.000399800099950025,0.0219890054972514,0,0,0.0284857571214393,0,0,0,0,0,0,0,0,0,0,0,0.00239880059970015,0,0,0,0,0.00439780109945028,0
0.0002999700029997,9.99900009999e-05,0,0.0093990600939906,0,0,0,0.0055994400559944,0,0,0,0,0,0.0067993200679932,0.0044995500449955,0,0,0,0,0,0.0105989401059894,0.0023997600239976,0.0013998600139986,0,0.0077992200779922,0.074992500749925,0,0,0.0064993500649935,0.0010998900109989,0.0107989201079892,0.0020997900209979,0.0005999400059994,0.0090990900909909,0,0,9.99900009999e-05,0,0.0003999600039996,0,0,0,0.0158984101589841,0.011998800119988,0,0.0316968303169683,0,0,0.0004999500049995,0,9.99900009999e-05,0,9.99900009999e-05,0,0.0054994500549945,0,0,0.0023997600239976,0,0.0226977302269773,0,0.0021997800219978,0,0,0,0,0.0221977802219778,0,0,0,0.0027997200279972,0,0.0022997700229977,0,0,0,0,0,0,0.0055994400559944,0.0055994400559944,0.0015998400159984,0.0006999300069993,0,0.0010998900109989,0.0002999700029997,0,0,0.0002999700029997,0.0003999600039996,0.0008999100089991,0.0004999500049995,0.0032996700329967,0.0130986901309869,0,0.0001999800019998,0,0,0.0043995600439956,0,0,0,0,0,0.0081991800819918,0,0.0072992700729927,0.0018998100189981,0,0.0166983301669833,0,0,0.0003999600039996,0.0051994800519948,0,0.0097990200979902,0,0,0,0.0003999600039996,0,0,0,0,0.0006999300069993,0,0,0,0,0,0.0025997400259974,0.0097990200979902,0,0,0,0,0.0241975802419758,0.0073992600739926,0,0,0,0,0,0,0,0,0.0015998400159984,0,0,0,0.001999800019998,0.0050994900509949,0,0,0,0,0,0,0,0.0025997400259974,0,0,0.048995100489951,0.0242975702429757,0,0,0,0,0,0,0,0,0.0003999600039996,0,0,0,0,0.0007999200079992,0.0110988901109889,0,0.0055994400559944,0,0,0.000999900009999,0,0,0,0,0,0,0,0.0036996300369963,0.0005999400059994,0,0,9.99900009999e-05,0.002999700029997,0,0,0,0,0,0,0.0084991500849915,0,0,0,0,0.0001999800019998,0.0002999700029997,0,0.003999600039996,0,0,0.0003999600039996,0,0.0036996300369963,0.0033996600339966,0.0008999100089991,0,0.0035996400359964,0.0110988901109889,0,0.0001999800019998,0.0076992300769923,0.002999700029997,0,0,0.0040995900409959,0.0031996800319968,0.028997100289971,0,0,0.0093990600939906,0,0,0,0,0,0.0006999300069993,0,9.99900009999e-05,0,0.0211978802119788,0.0015998400159984,0,0,0,0,0,0.0002999700029997,0,0,0,0.0002999700029997,0,0,0,0.0005999400059994,0.0083991600839916,0,0,0,0.0005999400059994,0.0005999400059994,0,0.0013998600139986,0,0,0.214978502149785,0,0,0.0287971202879712,0,0.000999900009999,0,0,0,0.0002999700029997,0.0007999200079992,0,0,0.0095990400959904,0,0,0,9.99900009999e-05,9.99900009999e-05,0.0432956704329567,0,0.0416958304169583,0,0,0,9.99900009999e-05,0.0007999200079992,0.0031996800319968,0,0,0.0082991700829917,0
0,0.000199840127897682,9.99200639488409e-05,0,0,9.99200639488409e-05,0,0.00249800159872102,0,0,0,9.99200639488409e-05,0,0,0,0,0,0,0,0,0.018185451638689,0.00149880095923261,0,0.000599520383693046,0,0,0,0,0.000299760191846523,0,0.0224820143884892,0,0,0.00199840127897682,0,0,0,0.032673860911271,0,0,0,0,0.00689448441247002,0,0,0.0404676258992806,0,0.000199840127897682,0,0,0,0,0.000199840127897682,0.000199840127897682,0.00839328537170264,0,0,0,0,0.0179856115107914,0,0,0,0,0.00449640287769784,0,0.0274780175859313,0,0.00109912070343725,0.00239808153477218,0.00289768185451639,0,0.000199840127897682,0.00179856115107914,0,0,0,0,0,0.0442645883293365,0,0,0.0166866506794564,0.000199840127897682,0,0.000199840127897682,0.000199840127897682,9.99200639488409e-05,0,0,0,0,0,0,0,9.99200639488409e-05,0,0,0.00539568345323741,0,0,0.000399680255795364,0,0,0.000999200639488409,0.00159872102318145,0,0.0915267785771383,0,0.0186850519584333,0,0,0,0.0801358912869704,9.99200639488409e-05,9.99200639488409e-05,0,0,0.0105915267785771,0,0,0,0,0,0,0.0341726618705036,0,0,9.99200639488409e-05,0,0.00429656274980016,0.00779376498800959,0,0,0,0,0,0.000299760191846523,0,0,9.99200639488409e-05,0,0,0,0,0,0.00369704236610711,0,0,0,0.00119904076738609,0,0,0.00209832134292566,0,0,0,0,9.99200639488409e-05,0.0021982414068745,0,0,0,0,0,0,0,0,0,0,0.000299760191846523,0,0,0,0,0,0,0,0.016986410871303,0,0,0,0,0.00119904076738609,0.000799360511590727,0,0,0.00839328537170264,0,0,0,0.0353717026378897,9.99200639488409e-05,9.99200639488409e-05,0,0,0,0.000299760191846523,0,0,0,0,0,0,0,0.000399680255795364,9.99200639488409e-05,9.99200639488409e-05,0,0,0,0,0.000999200639488409,0,0,9.99200639488409e-05,0.00489608313349321,0.00299760191846523,0.00599520383693046,0,0.000899280575539568,0.00339728217426059,0,0,0,0,0,0,0,0,0.00929256594724221,0,0,0.0204836131095124,0,0,0.000399680255795364,0,0,0,0,9.99200639488409e-05,0,0,0.000199840127897682,0,0,0,0,0,0,0.000199840127897682,0,0,0.00379696243005596,0.004396482813749,0,0,0.00789368505195843,0.0104916067146283,0.000399680255795364,0,0,0.000499600319744205,0,0,0,0,0,0.000699440447641887,0,0.000599520383693046,0.00709432454036771,0,0,0,0,0,0,0.275479616306954,0,0,0.0341726618705036,0,0,0,0,9.99200639488409e-05,0.000199840127897682,0,0,0,0,0,0.000999200639488409,0.000899280575539568,0.000799360511590727,0,0,0.0145883293365308,0
0,0,0,0,0,0,0,0.0038968824940048,0,0,0,0,0,0.019484412470024,0,0,0.0021982414068745,0,0,0,0.000899280575539568,0.000599520383693046,0,0,9.99200639488409e-05,0.0398681055155875,0,0,0,0,0.042066346922462,0,0,0,0,0,0,0.000199840127897682,0,0,0,0,0,0.00299760191846523,0,0,0,9.99200639488409e-05,0,0,0,0,0,0,0.00199840127897682,0,0,0,0,0.00159872102318145,0,9.99200639488409e-05,0,9.99200639488409e-05,0,0,0.00679456434852118,0,0,0,0.00179856115107914,0,9.99200639488409e-05,0.000399680255795364,0,0,0,0,0.00269784172661871,0.00119904076738609,0,0,0,0,0,9.99200639488409e-05,0,0,0,0.0157873701039169,0,0,0,0,0,0,0,0,0.00589528377298161,0,0,0.00669464428457234,0,0,0,0,0,0.0109912070343725,0.000999200639488409,0.00249800159872102,0,0,0,0.00619504396482814,0,9.99200639488409e-05,0,9.99200639488409e-05,0,0,0,0,0,0.000799360511590727,0.0984212629896083,0.0038968824940048,0,0,0,0,9.99200639488409e-05,9.99200639488409e-05,0,0,0.004396482813749,0,0.0604516386890488,0,0,0,0.000599520383693046,0,0.00369704236610711,0.000399680255795364,0,0,9.99200639488409e-05,0.000799360511590727,0,0.000499600319744205,0,0,9.99200639488409e-05,0,9.99200639488409e-05,0,0,0,0,0,0,0,0.0082933653077538,0,0,0,0.00119904076738609,0,0,9.99200639488409e-05,0.00109912070343725,0.00269784172661871,0,0,0.00519584332533973,0,0,0,0.00329736211031175,0,0.00379696243005596,0,0,0.00629496402877698,9.99200639488409e-05,0,0.00279776179056755,0,0,0,0,0.00309752198241407,0,9.99200639488409e-05,0.000799360511590727,0,0.0021982414068745,0.000299760191846523,0,0,0,0,0,0,0.0683453237410072,0.000299760191846523,0,0,0,0,0,0,0,0,0.0021982414068745,0.000499600319744205,0.000899280575539568,0,0,0,0.0016986410871303,0,0.00269784172661871,0,0.00159872102318145,0,0.00369704236610711,0,0.00349720223820943,0.000899280575539568,0.00129896083133493,0,0.000199840127897682,0.0262789768185452,0,0,0.000399680255795364,0,0,0.000499600319744205,0,0,0,0.00789368505195843,0.00129896083133493,0.00159872102318145,0,0,0,0.000699440447641887,9.99200639488409e-05,0,0.000399680255795364,0,0.000799360511590727,0.000299760191846523,0,0,0.000299760191846523,0,9.99200639488409e-05,0,0,9.99200639488409e-05,0,0,0,0,0.00599520383693046,0.366906474820144,0,0,0,0,0,0,0.000499600319744205,0,0.000299760191846523,0.078537170263789,0,0,0.0108912869704237,9.99200639488409e-05,0,0,0,0,0.000899280575539568,0.00319744204636291,0,0,0,0,0.00359712230215827,9.99200639488409e-05,0.00139888089528377,0,0,0.00459632294164668,0
0,0,0,0,0,0,0.0395960403959604,0,0,0,0,0,0,0,0,0,0,0,0,0,0,0.0050994900509949,0,0,0,0.0032996700329967,0.0004999500049995,0,0,0,0,0,0,0,0,0,0,0.0376962303769623,0,0,0,0,0,0.0024997500249975,0,0.0096990300969903,0,0,0,0,0.0004999500049995,0,0,0,0,0.0018998100189981,0,0,0,0,0.0011998800119988,0,0,0,0,0,0.0354964503549645,0,0.0030996900309969,0,0,0,0,0,0.338866113388661,0,0,0,0,0,0,0,0,0,0.0354964503549645,0,0,0,0,0,0,0,0,0,0,0,0.002999700029997,0,0,0,0,0,0,0,0,0,0,0.0453954604539546,0,0,0,0,0,0.0084991500849915,0,0,0,0,0.0338966103389661,0.013998600139986,0,0,0,0,0.0048995100489951,0,0.0366963303669633,0,0,0,0,0.0001999800019998,0,0,0.000999900009999,0,0,0,0,0,0,0,0,0,0,0,0,0,0,0,0.0004999500049995,0,0,0,0.0006999300069993,0,0,0,0,0.0287971202879712,0,0,0,0,0,9.99900009999e-05,0,0,0,0.0023997600239976,0,0,0.0102989701029897,0,0,0,0,0.0264973502649735,0,0,0,0,0,0,0,0,0.0002999700029997,0,0,0,0,0.0146985301469853,0,0,0,0,0,0,0,0.0040995900409959,0,0,0,0,0,0,0,0,0,0,0,0,0,0,0.0007999200079992,0,0,0,0,0,0,0,0,0,0,0,0,0,0,0,0.0214978502149785,0,0,0,0,0,0,0,0,0,0,0,9.99900009999e-05,0,0,0,0.0547945205479452,0,0,0,0,0.0010998900109989,0,0.0002999700029997,0,0,0,0,0,0.0033996600339966,0,0,0,0,0.0047995200479952,0,0,0,0,0.145985401459854,0,0,0.010998900109989,0,0,0,0,0,0,0.0033996600339966,0,0,0,0,0,0,0,0,0,0,0,0,0,0,0,0,0.0018998100189981,0,0,0,0
0,0.000199700449326011,0,0.000499251123315027,0,0,0,0.00429355966050924,0,0.000299550673989016,0,0,0,0,0.000199700449326011,9.98502246630055e-05,0,0,0,0,0.00239640539191213,0.00778831752371443,0.000599101347978033,0.00289565651522716,0.000299550673989016,0,0,0,0.0072890664003994,0.000199700449326011,0.0235646530204693,0.00439340988517224,0,0.00868696954568148,0,0,0.000199700449326011,0.018871692461308,0.000199700449326011,0,0,0,0.00678981527708437,0,0,0.116724912631053,0,0,0,0.000299550673989016,0,0.000898652021967049,0,0.000199700449326011,0.00958562156764853,0,0,0.00149775336994508,0,0.00329505741387918,0.00129805292061907,0.00439340988517224,0,0,0.00149775336994508,0,0.0139790314528208,0,0,0.0273589615576635,0.0053919121318023,9.98502246630055e-05,9.98502246630055e-05,9.98502246630055e-05,0,0,0,0,9.98502246630055e-05,0.0116824762855716,0.00139790314528208,0,0,0,0.0264603095356965,0.000998502246630055,0.000499251123315027,0,0.000199700449326011,0.00299550673989016,0,0.00219670494258612,0,0,0,0.000299550673989016,0,0,0.00459311033449825,0,0,0.000299550673989016,0,0,0,0.00419370943584623,0,0.0106839740389416,0.00139790314528208,0.00738891662506241,0,0,0.000299550673989016,0.00319520718921618,0,0.018871692461308,0,9.98502246630055e-05,0,9.98502246630055e-05,9.98502246630055e-05,0,0.000898652021967049,0,0.000898652021967049,0.0035946080878682,0,0,0,0,0.00449326010983525,0.00289565651522716,0,0,9.98502246630055e-05,0,0.00389415876185721,0.00279580629056415,0,0,9.98502246630055e-05,0,0.00159760359460809,0.000399400898652022,0,0,0.00319520718921618,0.00169745381927109,0,9.98502246630055e-05,0,0.0122815776335497,9.98502246630055e-05,0.000898652021967049,0,0,0,0,0,0.0115826260609086,0,0,0.00848726909635547,0,0,0,0.00109835247129306,9.98502246630055e-05,9.98502246630055e-05,0,0.00139790314528208,0.000698951572641038,0,0,0.000599101347978033,0.000199700449326011,0.000199700449326011,0.0090863704443335,0.0409385921118323,0,0.0243634548177733,0.000299550673989016,0,0.00109835247129306,0.00798801797304044,0,0,0,0,0,0,0.00249625561657514,0.000199700449326011,0.000998502246630055,0,0,0,0,0,0,0,0,0.0757863205192212,0,0.0146779830254618,0.00169745381927109,0,0,9.98502246630055e-05,0.00169745381927109,0.00639041437843235,0,0,0,0.000399400898652022,0.00119820269595607,0.017673489765352,0.00758861707438842,9.98502246630055e-05,0,0,0,9.98502246630055e-05,0,0.00429355966050924,0,0.0259610584123814,0.000499251123315027,0.00129805292061907,0.00159760359460809,0,0,0,0.0331502745881178,0,0,0,0,0,0,0,0,0,0.00199700449326011,0.000798801797304044,0.00299550673989016,0.000698951572641038,0,0,0,0,0.000299550673989016,0.0017973040439341,0,0.000698951572641038,0.000399400898652022,0.000898652021967049,9.98502246630055e-05,9.98502246630055e-05,0.000599101347978033,0.00169745381927109,0,0,9.98502246630055e-05,9.98502246630055e-05,0,9.98502246630055e-05,0,0.00409385921118323,0.00139790314528208,0,0.00209685471792312,0.0154767848227659,0,9.98502246630055e-05,9.98502246630055e-05,0.00169745381927109,0,0.0018971542685971,0.195406889665502,0,9.98502246630055e-05,0.0256615077383924,0,0,0,0,0,0,0.00349475786320519,0,0,0,0.000299550673989016,0.000698951572641038,0.00289565651522716,0.000698951572641038,0,0.000299550673989016,0.00958562156764853,0
0,0,9.99700089973008e-05,0.000399880035989203,0,0,0,0,0,0.000799760071978406,0.000499850044986504,0,0,0,0,0,0.00249925022493252,0,0,0.000399880035989203,0.00919724082775168,0.000799760071978406,0,0.00269919024292712,0.000699790062981106,9.99700089973008e-05,0,0,0.00279916025192442,0.0148955313405978,0,0,0,0.00189943017094872,0,0,0.00399880035989203,0,0,0,0.000199940017994602,0,0,0,0,0,0,0.000299910026991902,0,0.000599820053983805,0,0,9.99700089973008e-05,0,0,9.99700089973008e-05,0,0.00369889033290013,0,0,0,0,9.99700089973008e-05,0,0,0,0.000599820053983805,9.99700089973008e-05,0,0,0,0,0,0,0,0,0,0,0,0.000299910026991902,0,9.99700089973008e-05,0.00229931020693792,0,0.0802759172248325,0.000499850044986504,9.99700089973008e-05,9.99700089973008e-05,0.00109967009897031,0.000699790062981106,0,0.00709787063880836,0.00319904028791363,0,0,0.000999700089973008,0,0,0,0,0,0,0,0,0,0.000499850044986504,0,0.0258922323303009,0.0129961011696491,0.0116964910526842,0,0,0,0,0,0.0274917524742577,0,0.000299910026991902,0,0.000199940017994602,0,0,0.000399880035989203,0,0.00129961011696491,0.00109967009897031,0.00159952014395681,0,0,0,0,0.00669799060281915,0,9.99700089973008e-05,0,0,0.00419874037788663,0.00309907027891633,0.000199940017994602,0.000199940017994602,0.000399880035989203,0.000199940017994602,0,0,0,0,9.99700089973008e-05,0.00279916025192442,0,0,0,0,9.99700089973008e-05,0,0,0,0,0,0,0,0,0,0,0,0,0,0,0,0,0,0,0.0206937918624413,0,0,0.00599820053983805,0,0,0,0,0.00119964010796761,0.0394881535539338,0,0,0.00289913026092172,0.00859742077376787,0,0,0,0,0,0,0.00229931020693792,0.000199940017994602,0.000899730080975707,9.99700089973008e-05,0,0,0,0,0,0,0,0,9.99700089973008e-05,0,0.000699790062981106,0,0,0,0,0,0,0,0,9.99700089973008e-05,0,0,0,0.00789763071078676,0,0.00119964010796761,0,0,0,0,0,0,0.0370888733379986,0,0,0.000999700089973008,0,0,0.025592322303309,0,0,0,0,0,0.00279916025192442,0,0,0,0,0.00109967009897031,0.00189943017094872,0,9.99700089973008e-05,0,0,0,0,0,0,0.00149955013495951,0.00109967009897031,0.000399880035989203,0,0,0,9.99700089973008e-05,0,0,0,0,0,0,0,0,0.00919724082775168,0,0.00479856043187044,0.229931020693792,0,0,0,0,0,0,0.338198540437869,0,0,9.99700089973008e-05,0,0,0,0,0.000299910026991902,0,0,0,0,0,0,0.00109967009897031,0,0.000199940017994602,0,0,0.00519844046785964,0
0,0,0,0,0,0,0,0,0,0,0,0,0,0,0,0.0008000800080008,0,0,0,0,0.0211021102110211,0,0,0.001000100010001,0,0,0,0,0.0088008800880088,0,0.0499049904990499,0,0,0,0,0,0,0,0,0,0,0,0,0,0,0,0,0,0,0,0,0,0,0.0003000300030003,0,0,0,0,0,0.0737073707370737,0,0,0,0.0005000500050005,0,0,0.0174017401740174,0,0,0,0,0,0,0.0166016601660166,0,0,0,0,0.0001000100010001,0.125912591259126,0,0,0,0,0.0112011201120112,0,0,0,0,0.0065006500650065,0,0.0012001200120012,0,0,0,0,0,0,0,0,0,0.0001000100010001,0,0,0,0,0,0.0014001400140014,0,0.001000100010001,0,0,0,0,0,0.0001000100010001,0,0.0001000100010001,0,0.0001000100010001,0,0,0,0.0002000200020002,0.0041004100410041,0,0,0,0,0,0,0.0285028502850285,0,0.0004000400040004,0,0,0.0031003100310031,0,0,0,0.0005000500050005,0,0,0,0,0,0.0014001400140014,0,0,0,0.0019001900190019,0,0.0001000100010001,0.0005000500050005,0,0,0,0,0,0,0,0,0,0,0,0,0,0,0,0,0.001000100010001,0,0,0,0,0,0,0,0,0,0,0,0.001000100010001,0,0,0,0,0,0,0,0,0,0.0003000300030003,0.0001000100010001,0,0,0,0,0.0001000100010001,0,0,0,0,0.0928092809280928,0,0.0008000800080008,0.0005000500050005,0,0,0.002000200020002,0,0,0,0,0.0024002400240024,0,0.0163016301630163,0.0057005700570057,0.0078007800780078,0,0,0,0,0,0.0001000100010001,0,0,0,0.0046004600460046,0,0.0413041304130413,0,0,0.0247024702470247,0,0,0,0,0,0,0,0,0,0,0.0001000100010001,0.0034003400340034,0,0.0111011101110111,0,0,0,0,0,0,0.0005000500050005,0.0003000300030003,0.0003000300030003,0,0,0,0,0,0,0,0,0,0,0,0,0.0022002200220022,0,0,0,0.0002000200020002,0,0,0,0,0,0.377437743774377,0,0,0,0,0,0,0,0,0,0,0,0,0,0,0.0233023302330233,0,0.0011001100110011,0,0,0,0
0,0,0,0,0,0,5e-04,0,0,0,0,0,2e-04,0.0042,0.0033,0,0,0,0,0,8e-04,0,0,0.0012,0,0.1824,0,0,0.004,0.0022,0,0,0,0.0059,0,0,4e-04,0,2e-04,1e-04,0,0,0,0,0,0.0155,0,0,0,0,0,0,0,0,0,0,0,0,0,0,0,0,0,0,0,0,0.0024,0,0,0,0,4e-04,0,0,0,4e-04,0,0,0,0,0,0,0,0,0.0022,0,0,1e-04,0,0.0172,0,9e-04,1e-04,0,0,0,0,0,0,0,0,0.0075,0,0,0,0,0,0.0152,0,0,0,0,0,0.0051,0,3e-04,2e-04,0,0,4e-04,0,0,0.0122,2e-04,0.0047,0,0,0,0,0,0,0.0059,0,0,0,0,0.11,0,0,0,0.0025,0,0,0,0,0,0,0,0,0,0,0,0,0,0,0,0,0,0,0,0,0,0,0,0,0,0.0036,0,0,0,0,0,0,0,0,0,0,0,0.0241,0,0,0,0,0,0,0,0,0.0013,0,0.0018,0,0,0,0,0,0,0.0055,0,0,0,0,0,0,0,0,0,0,0.0043,0,0.0012,0,0,0,0,0,0,0,0,1e-04,0,0,0,0,0,0.0021,0.0045,0,0.0019,0.0011,0,0,0,0,0,0,0,0,0,0,0,0,0,0,0,0.0019,0,0.0327,0,0,0,0,0,0,0,0,0,0.0011,0,0,0,0,0,0,0,0,0,0,0,0,4e-04,0,0,0.0113,7e-04,0.001,0,0,0,0,0.4597,0,9e-04,0.0133,0,0,0,0,0,0,0,0,0,0,0,0,0,0.0082,0,0,0.0085,0
0,0,0,0.000898741761533853,0,0,0.0156780507289794,0,0,0.000699021370081885,0,0.000199720391451967,0,0,0.0201717595366487,0,0.000499300978629918,0.000599161174355902,0,0.000399440782903934,0.000199720391451967,0.000199720391451967,0,0.00918713800679049,0.000299580587177951,0.225284601557819,0,0,0.0453365288595966,0.00828839624525664,9.98601957259836e-05,0,0,0.0136808468144598,0.00988615937687238,0,0.000299580587177951,0.000299580587177951,0.000199720391451967,0,9.98601957259836e-05,0,0,0.000798881565807869,0,9.98601957259836e-05,0,9.98601957259836e-05,0,0.000399440782903934,9.98601957259836e-05,0,0.000199720391451967,0,9.98601957259836e-05,0,0,0,0,0.00159776313161574,0.000199720391451967,0.000898741761533853,9.98601957259836e-05,0,0,0,0.000699021370081885,0,0.0148791691631716,0,0.000898741761533853,0,0,0,0,0,0,0,0,9.98601957259836e-05,0.00109846215298582,9.98601957259836e-05,0.0156780507289794,0.000299580587177951,9.98601957259836e-05,0,0.0126822448571999,0,0.000299580587177951,0.000798881565807869,9.98601957259836e-05,0.00129818254443779,0.0239664469742361,0,0,0.000399440782903934,0,9.98601957259836e-05,0.0011983223487118,0,0.000599161174355902,0.00389454763331336,0,0,0.000299580587177951,0.000499300978629918,0,0.0714000399440783,0,0.01218294387857,0.000399440782903934,0,0,0.00259636508887557,0,0.00709007389654484,0,0,0.00149790293588975,9.98601957259836e-05,0,0,0,0.00149790293588975,0.00409426802476533,0,0,0.00129818254443779,0.0011983223487118,0,0.000199720391451967,0.00129818254443779,0.00848811663670861,0.000499300978629918,0,9.98601957259836e-05,0.197223886558818,0.000798881565807869,0,0,0,0,0.000399440782903934,0,0,0,0,0,0,0,9.98601957259836e-05,0.00149790293588975,0,0,0,0,0,0,0,0.00359496704613541,0,0,0,0,0.000499300978629918,0,0.000399440782903934,0,0,0,9.98601957259836e-05,0,0,9.98601957259836e-05,0,0,0,9.98601957259836e-05,0.000699021370081885,9.98601957259836e-05,0,0,0,0,9.98601957259836e-05,0,0,0,0,0,0,0.000499300978629918,0.000399440782903934,0,0,0,0.000499300978629918,9.98601957259836e-05,0,0.0407429598562013,0,0,0,9.98601957259836e-05,9.98601957259836e-05,0.000599161174355902,9.98601957259836e-05,0,0.000499300978629918,0.00169762332734172,0,0,0,0.00149790293588975,9.98601957259836e-05,0,9.98601957259836e-05,0.000299580587177951,0.0146794487717196,0.000299580587177951,0,0.00199720391451967,0,9.98601957259836e-05,0,0.00748951467944877,0,0,0.000499300978629918,9.98601957259836e-05,9.98601957259836e-05,0,0,0.0140802875973637,0,0,9.98601957259836e-05,0,0,0,0,0,9.98601957259836e-05,0,0,0,0.00229678450169762,0,0,0,0.000299580587177951,9.98601957259836e-05,0,0,0.000199720391451967,9.98601957259836e-05,0,0,0.000199720391451967,0.000299580587177951,9.98601957259836e-05,0,0,0.00109846215298582,0,0,0,0.000199720391451967,0,0.00239664469742361,9.98601957259836e-05,9.98601957259836e-05,0.00928699820251648,0,0.00299580587177951,9.98601957259836e-05,0,0,0.000199720391451967,0.106950269622528,0,0.0164769322947873,0.00149790293588975,0,0,0,0,9.98601957259836e-05,0,9.98601957259836e-05,0,0,0,0,0,0.000399440782903934,0.00319552626323148,0.0066906331136409,0,0.000898741761533853,0
0,0,0,0.00130052020808323,0.000500200080032013,0,0.00580232092837135,0.007703081232493,0,0,0.000700280112044818,0,0,0,0.00300120048019208,0.00140056022408964,0,0,0,0,0.0357142857142857,0.00660264105642257,0,0,0,0.0364145658263305,0,0,0,0.00110044017607043,0.0229091636654662,0,0.00280112044817927,0,0,0,0.000200080032012805,0.0179071628651461,0,0,0,0,0,0,0.00180072028811525,0.18297318927571,0,0,0.000200080032012805,0,0.000100040016006403,0,0,0,0,0,0,0.00180072028811525,0,0.0212084833933573,0.000200080032012805,0,0,0.00040016006402561,0,0,0.0129051620648259,0,0,0,0.00320128051220488,0,0.000300120048019208,0.00140056022408964,0,0,0,0,0,0.0373149259703882,0.00460184073629452,0.000200080032012805,0.040516206482593,0,0.00550220088035214,0,0,0,0.00150060024009604,0.00480192076830732,0,0.000800320128051221,0.00700280112044818,0,0,0,0,0,0,0,0,0,0,0,0,0.00180072028811525,0,0.0735294117647059,0,0.0165066026410564,0,0,0,0.0517206882753101,0,0.0142056822729092,0,0,0.0184073629451781,0,0,0,0,0.00230092036814726,0.0250100040016006,0,0,0,0,0,0,0,0,0.000100040016006403,0.000100040016006403,0,0,0,0,0.000800320128051221,0.00470188075230092,0,0,0.00040016006402561,0,0,0.00040016006402561,0,0.00110044017607043,0,0.0038015206082433,0,0,0.000200080032012805,0,0,0.00640256102440976,0,0,0,0.00150060024009604,0,0,0,0,0,0,0,0,0,0,0,0.0165066026410564,0,0,0,0.000900360144057623,0,0.00460184073629452,0,0,0,0,0,0.00180072028811525,0,0,0,0,0,0,0.0182072829131653,0.000300120048019208,0.000700280112044818,0,0,0.00120048019207683,0,0,0,0,0,0,0.0353141256502601,0,0.00120048019207683,0,0,0,0.00180072028811525,0,0,0,0,0.000600240096038415,0,0.00830332132853141,0.0038015206082433,0.00810324129651861,0,0.000100040016006403,0,0,0,0,0,0.0162064825930372,0,0.00230092036814726,0,0.0309123649459784,0,0,0.0141056422569028,0,0,0,0,0,0,0,0,0,0,0.000800320128051221,0,0,0,0,0,0,0.000300120048019208,0,0,0.00520208083233293,0,0.000300120048019208,0,0,0.015906362545018,0,0,0,0.000500200080032013,0,0,0,0,0,0.000800320128051221,0,0,0,0,0.000200080032012805,0,0,0,0,0.0629251700680272,0,0,0.0317126850740296,0,0,0,0,0,0,0,0,0,0,0,0,0.000200080032012805,0.00130052020808323,0,0,0.0171068427370948,0
0,0.000399760143913652,0,0,0,9.9940035978413e-05,0.000399760143913652,0,0,0.000599640215870478,0,0,0,0.0317809314411353,0.00199880071956826,0,0,0,0,0,0,0,0,9.9940035978413e-05,0,0.131421147311613,0,0,0.0092944233459924,0.000199880071956826,0.000399760143913652,0,0,0.00399760143913652,0,0,0.0202878273036178,0.00659604237457526,0.000499700179892065,0,0,0,0,0,0,0,0,0,0,0,0,0,0,0.000399760143913652,0,0,0,0.000799520287827304,0,0,0.00119928043174096,0,0,0,0,0,0.0139916050369778,0,9.9940035978413e-05,0,0,0.000199880071956826,0.000399760143913652,0,0,0.00989406356186288,0.000299820107935239,0,0,0.0201878872676394,0,0,0.00179892064761143,0,0,0.000199880071956826,9.9940035978413e-05,0,0,0.00499700179892065,0,0.00139916050369778,0.00189886068358985,0,0,0,0.00109934039576254,0,0,0,0,0,0,0,0.00879472316610034,0,0,0.0452728362982211,0,0.00979412352588447,0,0,0.00189886068358985,0.0143913651808915,0,0.00819508295022986,0,0,0,0,0.000199880071956826,0,0,9.9940035978413e-05,0.0170897461523086,0,0,0,0,0,0,0.0128922646412153,0,0.000399760143913652,0,0,0.0938436937837298,0,0,0,0.00429742154707176,0,0,0,0,0,0,0.016689986008395,0,0,0,0,0,0,0,0,0,0,0,0.00289826104337398,0,0,0,0,0,0,0.0129922046771937,0,0,0.00159904057565461,0,0,0,0,0.00209874075554667,0,0.000499700179892065,0.0132920247851289,0,0,0,0.000499700179892065,0,0,0,0,0,0,0,0,0,0,0.000299820107935239,0,0,0,0.0176893863681791,0,0,0,0,0,0,0,9.9940035978413e-05,0,0,0,0,0.000599640215870478,0,0,0,0,0,0.000999400359784129,0.00869478313012193,0.00199880071956826,0.0282830301818909,0,0,0,0,0,0.00249850089946032,0,0,0,0.00279832100739556,0,0,0,0,0.0506695982410554,0,0,0,0,0,0,0,0,0,0,0.00429742154707176,0.0030981411153308,0,0,0,0,0,0,0,0,0,0,0,0,0,0,0,0,0,0,0.000699580251848891,0,0,0,0,0.000499700179892065,0,0,0.0712572456526084,0,0,0,0,0,0.00109934039576254,0.202478512892265,0,0,0.0369778133120128,0,0,0,0,0,0,0.00289826104337398,0,0,0,0,0,0,0.00489706176294223,0,0,0.0223865680591645,0
0,0,0,0,0,9e-04,3e-04,5e-04,0,0,0,0,1e-04,1e-04,0.0037,4e-04,0,0,0,0,0.0015,0.0049,0,0.0018,0,0,0,0,0.001,0.0195,0.0422,0,0,0.0239,0,0,0,0.0073,0,0,0,0,0,0,0,0.0091,0,0,0,0,3e-04,0,0,1e-04,8e-04,0,0,0,0,0.0022,0,0,0,0,0,0,0.0198,0,0,1e-04,0,0,0,2e-04,0,0,0,0.0015,0,4e-04,0,0,2e-04,0,0,0.003,0,0,0,0.0045,0,1e-04,0.0082,0,0,6e-04,0,0,0.0014,0,0,0,0,0,0,0,0,0.0605,0,0,0,0,0,0.0112,0,2e-04,0,0,0.03,0,0,0,0,0.0033,0.0514,0,0,0,0,0,4e-04,3e-04,0,0,0,0,0.0017,0,0,0,0.0012,0,0,0,0,0,0,0,0,2e-04,0.0067,0.0025,0,0.0029,0,0,0,0,0,0.0031,0,0,0,0,0,0,3e-04,0,0,0,0.0018,0,0,0,0,0,0,0.0168,0.0022,0,0,0,0,0,0.0011,0,0,0,0,0,0,0.0263,0,0,0,0.0033,0,0,0,0,0,0,1e-04,0,2e-04,0.0012,0,0,0,7e-04,0,0,0,0.0017,0,1e-04,1e-04,0.0034,0.1283,0,0.0157,0,0,0,0,0,0,2e-04,0,0,0,0,0,0,0,0,5e-04,0,0,0,7e-04,0,0,0,0,0,0,0,0,0,0,0,0.0044,0,0.0016,9e-04,0.0016,0,0,0,0,0,0,1e-04,0,0,0,0,0,0.024,0,0.0019,0,0,0,1e-04,0,0,0,0.2159,2e-04,0.0802,0.0515,0,0,0,0,0,0.0035,0,0,0,0,0,6e-04,0,0,0,1e-04,0.0725,0
0,0,0,0,0,0,0,9.99200639488409e-05,0,0.00359712230215827,0,0,9.99200639488409e-05,0,9.99200639488409e-05,0,0,0,0,0,0,0,0.000599520383693046,0.000199840127897682,0.000499600319744205,0.398581135091926,0,0,0.00309752198241407,0.000899280575539568,0.0118904876099121,9.99200639488409e-05,0.00279776179056755,0.00679456434852118,0,0,0.000199840127897682,0.0102917665867306,0,0.00119904076738609,0,0,0,0,0,0.0138888888888889,0,0,0.000699440447641887,0.00279776179056755,9.99200639488409e-05,0,0,0,9.99200639488409e-05,0,0,0.000399680255795364,0,0.000799360511590727,9.99200639488409e-05,0.00109912070343725,0,0,0,0,0.011290967226219,0,0,0,0.000799360511590727,0,0,0,0.0016986410871303,0.0154876099120703,0,0,0,9.99200639488409e-05,0.00149880095923261,0,0.000999200639488409,0,0,9.99200639488409e-05,0,9.99200639488409e-05,0.000199840127897682,0.00289768185451639,0,0.00139888089528377,0,0,0,9.99200639488409e-05,0,0,0,0.000399680255795364,0,0,0,0.00179856115107914,0.000799360511590727,0,0,0.00379696243005596,0.00499600319744205,0.000699440447641887,0,0.00109912070343725,9.99200639488409e-05,0.00519584332533973,0,0.0105915267785771,9.99200639488409e-05,0,0.0234812150279776,0,0,0,0,0,0.0139888089528377,0,0,0,0,0,0.00269784172661871,0.000999200639488409,0,9.99200639488409e-05,0,0,0.000399680255795364,0.00149880095923261,0,0,0.000499600319744205,0,0,0,0,0,0.00109912070343725,0,0,9.99200639488409e-05,0.00239808153477218,0.00449640287769784,0,0,9.99200639488409e-05,0,0,0,0,0.00329736211031175,0,0,0,0.00249800159872102,0.000199840127897682,0,0,0,0,0,0,0,9.99200639488409e-05,0,0,0,0,0.0151878497202238,0.00329736211031175,9.99200639488409e-05,0.000299760191846523,0,0,0,0,0,0,0,0.00939248601119105,0,0,0,9.99200639488409e-05,0,0,9.99200639488409e-05,0.000299760191846523,0,0,0,0,0,0,9.99200639488409e-05,0,0.00119904076738609,9.99200639488409e-05,0,9.99200639488409e-05,9.99200639488409e-05,0,0,0,0.000199840127897682,0,9.99200639488409e-05,0.00629496402877698,0.00199840127897682,0.0507593924860112,0,0,0.00149880095923261,0,0.000799360511590727,0,0,0,0,0.0065947242206235,0.000599520383693046,0.0186850519584333,9.99200639488409e-05,0,0.0141886490807354,0.000199840127897682,0.000299760191846523,0,0,0,9.99200639488409e-05,0,9.99200639488409e-05,0,0,0,0,0,0,0,0,0,0.000399680255795364,0.00159872102318145,0,9.99200639488409e-05,9.99200639488409e-05,0,0,0,0,0.00149880095923261,0.00239808153477218,0,9.99200639488409e-05,9.99200639488409e-05,0,0,0,0,0.0369704236610711,0,0,0.0488609112709832,0,9.99200639488409e-05,0,0.000899280575539568,9.99200639488409e-05,0.000299760191846523,0.105515587529976,9.99200639488409e-05,0,0.0627498001598721,0,0,0,0,0.000299760191846523,0.000299760191846523,0,0,0,0,0,0.000499600319744205,0,9.99200639488409e-05,0,0,0.0187849720223821,0
0,0,0,0.0014998500149985,0,0,0,0,0,0.0022997700229977,0,0,0,0,0.0008999100089991,0,0,0,0,0,0,0.002999700029997,0.0050994900509949,0,0,0.0128987101289871,0,0,0,0.0001999800019998,0,0,0,0.0153984601539846,0,0,0.0018998100189981,0.000999900009999,0,0,0.0003999600039996,0,0,0,0,0.0086991300869913,0,0,0,0,0,0,0,0,0,0,0,0.000999900009999,0,0,0,0,0,0,0,0,0,0,0.0025997400259974,0,0,0,0,0,0,0,0,0,0,0,0.0082991700829917,0,0.0001999800019998,0,0.0511948805119488,0.0006999300069993,9.99900009999e-05,0,0,0.0010998900109989,0,0.0004999500049995,0.0014998500149985,0,0,0,0,0,0.0010998900109989,0,0,0,0,0,0.0130986901309869,0.0010998900109989,0,0.0010998900109989,0,0,0,0,0.0076992300769923,0.0378962103789621,0,0.0137986201379862,0,0,0.0254974502549745,0.0014998500149985,0.0005999400059994,0,0.0091990800919908,0,0.0035996400359964,0,0,0,0,0,0,0,0,9.99900009999e-05,0,0.0013998600139986,0.0162983701629837,0.0011998800119988,0,0,0.000999900009999,0,0,0,0,0,0,0.0051994800519948,0,0,0.0031996800319968,0,0,0,0,0,0,0,0,0.0325967403259674,0,0,0,0,0,0,0,0,0,0,0,0,0,0,0,0,0,0.0016998300169983,0,0,0,0,0,0,0,0,0,0,0,0,0,0.017998200179982,0,0,0,0,0,0,0,0,0,0,0,0,0,0.0011998800119988,0,0,9.99900009999e-05,0,0,0,0,0,0.0003999600039996,0,0,0,0,0,0.0042995700429957,0,0,0,0,0,0,0,0,0,0.0103989601039896,0,0,0.0397960203979602,0,0,0,0,0,0,0,0,0,0,0.0005999400059994,0,0,0.0008999100089991,0,0,0,0,0,0,0.0010998900109989,0.0001999800019998,0.0012998700129987,0,0,0,0,0,0,9.99900009999e-05,0,0,0,0,0,0.0037996200379962,0,0,0.14038596140386,0,0,0,0,0,0,0.411658834116588,0,0,0.0382961703829617,0,0,0,0,0,0,0.0053994600539946,0,0,0,0,0.0013998600139986,0,0.0005999400059994,0,0,0.0206979302069793,0
0,0,0,0.0176840843241083,0.000799280647417324,0,0,0,0,0.00129883105205315,9.99100809271655e-05,0,0,0.00629433509841143,0.000599460485562993,0,0,0,9.99100809271655e-05,0,9.99100809271655e-05,0.000699370566490159,0.000799280647417324,0.000299730242781497,0.000799280647417324,0.0391647517234489,0,0,9.99100809271655e-05,0.00219802178039764,0.0451593565790788,0,0,0.0107902887401339,0.000199820161854331,0,0.0145868718153662,0.0025976621041063,0,0,0,9.99100809271655e-05,0,0.00399640323708662,0,0.0223798581276851,0,0,0,0,0.00249775202317914,0,0,0.000799280647417324,0,0,0,0,0,0.00109901089019882,0.000799280647417324,9.99100809271655e-05,0,9.99100809271655e-05,0.000399640323708662,0,0.00499550404635828,0,0,0,0.00219802178039764,0,0.00109901089019882,9.99100809271655e-05,0,0,0,0,0,0.000599460485562993,0.00179838145668898,0,0.013288040763313,0,0.000799280647417324,0,9.99100809271655e-05,0,0.00109901089019882,0.00199820161854331,0,9.99100809271655e-05,0,0,0,0,0,0,9.99100809271655e-05,0,0,0,0,0,0.00089919072834449,0,9.99100809271655e-05,0.243281047057648,0.00239784194225197,0.00689379558397442,0,0.000399640323708662,0,9.99100809271655e-05,0,0,0,0,0,0,0,0,0,0,0.00109901089019882,0,0,0,0,0.00429613347986812,0.00139874113298032,9.99100809271655e-05,0,0,0,0.00189829153761615,0.00109901089019882,0,0,0,9.99100809271655e-05,0,0,0,0,0,0.000199820161854331,0.00849235687880907,0,9.99100809271655e-05,0,0.000199820161854331,0,0,0,0,0,0,0,0.011489659306624,0,0.00169847137576181,0.0230792286941752,9.99100809271655e-05,0,0,0.00159856129483465,0,0,0,0,0.00129883105205315,9.99100809271655e-05,0,0,0,0,0.00109901089019882,0.0366669997002698,0.00119892097112599,0.00109901089019882,0.00379658307523229,0,0.0118892996303327,0,0,0,0,0,0.00269757218503347,0,0.00389649315615946,0,0,0,0,0.000199820161854331,0,0,0,0,0,0,0.0103906484164252,0.0206813867519233,9.99100809271655e-05,0.000399640323708662,0,0,0,0,0,0.00129883105205315,0,0.000399640323708662,0,0.00119892097112599,0.000999100809271655,0,0.000199820161854331,0,0.0031971225896693,0.00349685283245079,0,0.00909181736437207,0,0,0,0.00239784194225197,0.000599460485562993,0.00519532420821261,0,0,0.0243780597462284,0,0,0.00089919072834449,0,0,0,0.00139874113298032,0,0,0,0,0,0,0,0,0,0,9.99100809271655e-05,0,0,0.000499550404635828,0,9.99100809271655e-05,0.000299730242781497,0.000499550404635828,0.00119892097112599,9.99100809271655e-05,0,0,0,9.99100809271655e-05,0,0,0.0140873214107303,0.0054950544509941,0.0175841742431811,0,0.00469577380357678,0.0145868718153662,0,0,0,0,0.000199820161854331,0.000299730242781497,0.187031671495654,0,0.0104905584973524,0.0683384953541812,0,0,0,0,0,0.000199820161854331,0.0028973923468878,0,0,0,0,0.00249775202317914,0.000599460485562993,0,0,0,0.00189829153761615,0
0,0,0,0,0,0,0,0,0,0,0,0,0.000300180108064839,0,0.000500300180108065,0,0,0,0,0,0,0.000300180108064839,0,0,0,0,0,0,0.00280168100860516,0,0,0,0,0.0232139283570142,0,0,0,0,0,0,0,0,0,0,0,0.0171102661596958,0,0,0,0,0,0,0,0,0,0,0,0,0,0.0610366219731839,0,0,0,0,0,0,0.0085051030618371,0,0,0,0,0,0,0,0,0.156193716229738,0,0,0.000100060036021613,0.00250150090054032,0,0,0.0138082849709826,0,0,0.0353211927156294,0,0,0,0,0,0,0.00100060036021613,0,0,0,0,0,0,0.00500300180108065,0,0,0,0,0,0,0,0.199419651791075,0,0.00220132079247549,0,0,0.00100060036021613,0,0,0,0,0,0.0298178907344407,0,0,0,0,0,0.0453271963177907,0,0,0,0,0,0,0,0,0,0,0,0.00190114068441065,0,0,0,0.00510306183710226,0,0,0.000100060036021613,0,0,0.000600360216129678,0,0,0,0,0,0.00150090054032419,0.00130078046828097,0,0,0,0,0,0,0,0,0,0,0,0,0.000100060036021613,0,0,0,0.000700420252151291,0,0.000200120072043226,0,0,0,0,0,0,0,0,0,0,0,0.00810486291775065,0,0,0,0,0.00160096057634581,0,0,0,0,0,0,0,0,0,0,0,0,0,0,0,0.0125075045027016,0,0,0,0,0,0,0,0,0,0,0.0205123073844307,0,0.0990594356613968,0,0,0,0,0,0,0,0,0,0,0,0,0,0,0,0,0,0,0,0,0,0,0,0,0,0.0115069041424855,0.00240144086451871,0,0,0,0,0,0,0.000400240144086452,0,0,0.00610366219731839,0.0555333199919952,0,0,0,0,0,0,0.000400240144086452,0,0,0,0,0,0.00330198118871323,0,0,0.0966579947968781,0,0,0,0,0,0,0,0,0,0.0232139283570142,0.000400240144086452,0,0,0,0,0,0,0,0,0,0.000700420252151291,0.00900540324194517,0,0.00210126075645387,0,0,0.0295177106263758,0
0,0,0,0,0,0,9.99100809271655e-05,0.00109901089019882,0.000199820161854331,0,0,0,0,0.0130882206014587,0.00379658307523229,0,0,9.99100809271655e-05,0,0,0.00159856129483465,0.000399640323708662,9.99100809271655e-05,9.99100809271655e-05,0,0.40113897492257,0,0,0.000299730242781497,0,0,0,0,0.00429613347986812,0.000299730242781497,0,0,0,0,0,0,0,0,0.00599460485562993,0,0.0802277949845139,0,0.000199820161854331,0,0,0.000399640323708662,0,0,0,0,9.99100809271655e-05,0,0,0,0.00559496453192127,0.000199820161854331,0.00359676291337796,0,9.99100809271655e-05,0,0.00499550404635828,0.000499550404635828,0,0,0,0.00159856129483465,0,0,0.00199820161854331,0,0,0,0,0.000299730242781497,0.000799280647417324,0,9.99100809271655e-05,0,9.99100809271655e-05,0.042261964232191,0,0,9.99100809271655e-05,0,0.00339694275152363,9.99100809271655e-05,0.000199820161854331,0.000399640323708662,0,0,0,0,0,0,0,0.000399640323708662,0,0,0,9.99100809271655e-05,0,0.000599460485562993,9.99100809271655e-05,0.00149865121390748,9.99100809271655e-05,0.00629433509841143,0,0,0.00189829153761615,0,0,0,0,0,0,0,0,0,9.99100809271655e-05,0.10890198821061,0.000399640323708662,0,0,9.99100809271655e-05,0.00959136776900789,0,0,9.99100809271655e-05,9.99100809271655e-05,0.000399640323708662,0,0.00999100809271656,0,0,0,0,0,0.00179838145668898,9.99100809271655e-05,0,0,0,0.00799280647417324,0,0.00089919072834449,0.00689379558397442,0,0,0.000799280647417324,0,0,0,0,0.00239784194225197,0.000499550404635828,0,0,0,0,0,0,0.00139874113298032,0,9.99100809271655e-05,0,0,0.00109901089019882,9.99100809271655e-05,0,0,0,0,0,0.00379658307523229,0.00349685283245079,0.000999100809271655,0,0,0.00509541412728544,0,9.99100809271655e-05,0,0,0,0,0,0.00359676291337796,0,0,0,9.99100809271655e-05,0.00109901089019882,0,0,0,0,0,0,0,0,0.00369667299430513,0,0,0,0.000199820161854331,0.000199820161854331,0,9.99100809271655e-05,0,0,0,0.0031971225896693,0.000199820161854331,0,0.000599460485562993,0,0.000299730242781497,0,0,0.00089919072834449,0,0,0,0.0025976621041063,0.00129883105205315,0.0241782395843741,0,0,0.00109901089019882,0,0,0.000399640323708662,0,0,0,0,0,9.99100809271655e-05,0.0129883105205315,0,9.99100809271655e-05,0,0,0,0,0.00119892097112599,0.000299730242781497,0,0,9.99100809271655e-05,0.0121890298731142,0.00119892097112599,0,0.000699370566490159,0.0123888500349685,9.99100809271655e-05,0.000399640323708662,0,0,0,0,0,0,0.000299730242781497,0.00179838145668898,0,0,0.0172844440003996,0,9.99100809271655e-05,0,0.000199820161854331,9.99100809271655e-05,0,0.0689379558397442,0,0,0.0378659206713957,0.000199820161854331,0,0,0,0.000399640323708662,0,0.00889199720251773,0,0,0,0,0,0,0,0.00429613347986812,9.99100809271655e-05,0.0158857028674193,0
0.000299850074962519,9.99500249875062e-05,0,0,0,0,0.000199900049975012,0,0,0,0,0,0,0,0.0708645677161419,0,0,0,0,0,0,0,0,0.00279860069965018,0,0.136431784107946,0,0,0.0047976011994003,0,0.0206896551724138,0,0,0.000299850074962519,0,0,0,0.00189905047476262,0,0,0,0,0,0,0,0.000999500249875062,0,0,0,0,0,0,0,0,0,0,0,0,0,0,0,0,0,0,0,0,0,0,0,0.00489755122438781,0,0,0,0,0,0,0,0,0,0,0,0,0,0,0,0,0,0,0,0,0,0,0,0,0,0,0,0,0,0,0,0,0.00289855072463768,0,0,0,0,0.0419790104947526,0,0,0,0,0,0,0,0,0,0,0,0,0,0,0,9.99500249875062e-05,0,0,0.0179910044977511,0,0,0,0,0.0105947026486757,0,0,0,0,0.265367316341829,0,0,0.000899550224887556,0.00079960019990005,0,0,0,0,0,0,0,0.000299850074962519,0,0,0,0.00079960019990005,0,0,0,0,0,0,0.000999500249875062,0,0,0,0,0,0,0.00569715142428786,0,0,0.00349825087456272,0,0,0,0,0,0,0,0,0,0,0,0.00079960019990005,0,0.00559720139930035,0,0,0.00559720139930035,0,0,0,9.99500249875062e-05,0,0.000599700149925037,0,0.000399800099950025,0.000699650174912544,0.00259870064967516,0,0,0.107746126936532,0,0.00209895052473763,0,0,9.99500249875062e-05,0,0,0,0,0.0308845577211394,0,0,0,0,0,0,0.000199900049975012,0,0,0,0,0,0,0,0,0,0,0,0,0,0,0,0,0.0490754622688656,0,0,0,0,0,0,0,0,0.00669665167416292,0,0,0,0,0,0,0,0,0,0,0,0,0,0,0,0,0,0.000999500249875062,0,0,0,0,0,0,0,0,0.0215892053973013,0,0,0.0674662668665667,0.000499750124937531,0,0,0,0,0,0.0990504747626187,0,0,0,0,0,0,0,0,0,0,0,0,0,0.000999500249875062,0,0,0,0,0,0,0
0,0,0,0.0041995800419958,0,0,0.0004999500049995,0,0,0.0037996200379962,0,0,0,0,0.0006999300069993,0,0,0,0,9.99900009999e-05,0,0.0004999500049995,0.0005999400059994,0,0,0.214778522147785,0,0,0.0020997900209979,0,0,0,0,0.0032996700329967,0,0,0,0,0,0,0,0,0,0.0043995600439956,0,0.0872912708729127,0,0,0,0,0,0,0,0,0,0,9.99900009999e-05,0.000999900009999,0,0,0.0003999600039996,0,0,0,0,0,0,0,9.99900009999e-05,0.0332966703329667,0,0,0,0,0.127787221277872,0,0,0,0,0,0,0,0.0053994600539946,0,0,0.0003999600039996,0,0,0.0003999600039996,0,0,0.0003999600039996,9.99900009999e-05,0,0,0.0024997500249975,0,0,0.0018998100189981,0,0,0.003999600039996,0,0,0,0.0013998600139986,0,0.0063993600639936,0,0.0153984601539846,0,0,0.0007999200079992,0.0006999300069993,0,0,9.99900009999e-05,0,0,0,9.99900009999e-05,0,0,0,0.0003999600039996,0,0,0,0,0,0.0052994700529947,0,0,0,0,0,0.0071992800719928,0.0021997800219978,0,0.0002999700029997,0,0,0,0.0002999700029997,0,0,0.0017998200179982,0.0064993500649935,0,0,0,0.0010998900109989,0,0,0,0,0.0008999100089991,0,0,0,0,0,0.0252974702529747,0,0,0,0,0,0,0,0,0,0.0068993100689931,0,0.0017998200179982,0,0,0,0.0107989201079892,0,0.0300969903009699,0.0004999500049995,0,0.0013998600139986,0,0.0002999700029997,0,0,0.0013998600139986,0,0,0.0061993800619938,0.0001999800019998,0,0,0.0001999800019998,0,0,0,0,0,0,0,0.0001999800019998,0.0273972602739726,0,0,0,0,0,0,0,0.0056994300569943,0,0,0,0,0,0,0,0,0,0,0,0.0048995100489951,0,0,0,0,0,0,0,0.0002999700029997,0.0191980801919808,0,0,0,0,0,0,0,0,0.002999700029997,0,0.000999900009999,0,0,0,0,0,0.0014998500149985,0,0,9.99900009999e-05,0.0003999600039996,0,0,0,0,0.0001999800019998,0,0,0,0,0.0003999600039996,0,0,0,0,0.0162983701629837,0,0,0.0031996800319968,0,0.0006999300069993,0,0,0,0,0.262373762623738,0,0,0.0017998200179982,0,0,0,0,0,0,0.0054994500549945,0.0054994500549945,0,0,0.0001999800019998,0,0,0.0025997400259974,0,0,0.0014998500149985,0
0,0,0,0.005,0,0,6e-04,0,0,0,0,0,2e-04,0,0.0091,0,0,0,0,0,0,0,0,0,0.0011,0.3072,0,0,0.1169,1e-04,0,0.0021,2e-04,0,0,0,0,0,2e-04,0,0,0,0,0,0,0,0,0,0,0,0,0,0,0,0,0,0,0,0,0,0,0,0,0,0,0,0,0,0,0,0,0,0,0,0,0,0,0,0,0,0,0,0,0,0,4e-04,0,1e-04,0,0,0,6e-04,7e-04,0,0,0,0,0,0,0,0,0.0011,0.0021,0,0,0,0,0.0015,0,0,0,0,0.001,0.0964,0,0.0061,0,0,0,4e-04,2e-04,0,0.0141,2e-04,0.0376,0,0,0,0,0,0,0,0,0,0,0,0.0349,0.0112,0,0,0.0038,0,0,8e-04,0,0,0,0,0,0,0,0,0,0,0,0,0,0,0,0,0,0,0,0,0,0,0.0033,0,2e-04,0,0,0,0,0,0,0,0,0,0,0,0,0,0,0.0017,0,0,0,0,0,0,0,0,0,0,0,0,0,0,0,0,0,0,0,0,0.0146,0,0,0,0,0,0,0,0,0,0,0,0,0,0.0039,0,0,0,0,0,0.0017,0,0,0,0.0086,0,0,0,0,0,0,0,0,0,0,4e-04,0,0,0,0,0.0017,0,0.0015,0,0,0,0,0,0,0,0,0,0.0147,0,0,0,0,0,0,0,0,0,0,0,0,1e-04,0,0,0.0792,0,0,0,0,0,0,0.1899,0,0,0,0,0,0,0,0,0,0,0,0,0,0,0.0047,0,0.0011,0,0,0.0168,0
9.99900009999e-05,0,0,0,0.0010998900109989,0,0.0007999200079992,0,0,0,0,0,0,0,0,0,0.0071992800719928,0,0,0,0,9.99900009999e-05,0.0006999300069993,0,0,0.431856814318568,9.99900009999e-05,0,0.0017998200179982,0.014998500149985,0.0153984601539846,0,0,0,0,0,0,0.0085991400859914,0,0,0,0,0,0,0,0,0,9.99900009999e-05,0,0,0,0,0,0,0,0.0005999400059994,0,0,0,0,0,0,0,0,0,0,0.0505949405059494,0,0,0,0.0006999300069993,0,0,0,0,0,0,0,0,0,0,9.99900009999e-05,0.0580941905809419,0,0.000999900009999,0,0,0,0,0,0,0.0123987601239876,0,0,0,0,0,0,0,0,0,0,0,0,0,0.0027997200279972,0,0.0020997900209979,0.0201979802019798,0.0027997200279972,0,0,0,0.0001999800019998,0,0.0222977702229777,0,0,0,0,0,0,0.0002999700029997,0,0,0,0,0,0,0,0,0.0010998900109989,0,0,0,0,0,0,0,0.0011998800119988,0.070992900709929,0,0,0,0,0,0.0035996400359964,0.001999800019998,0,0,0,0,0,0,0,0,0,0,0,0,0,0,0,0,0,0,0,0,0,0.0010998900109989,0.0006999300069993,0,0,0,0.0007999200079992,0,0,0,0.0060993900609939,0,0.0035996400359964,0,0,0,0.0047995200479952,0,0,0,0,0,0.0026997300269973,0,9.99900009999e-05,0,0,0,0.0018998100189981,0,0,0,0,0,0,0.0056994300569943,0.0161983801619838,0.0178982101789821,0,0,0,0,0,0.0091990800919908,9.99900009999e-05,0,0,0,0.0117988201179882,0.0011998800119988,0,0,0.0054994500549945,0,0,0,0.0021997800219978,0,0,0,0,0,0,0,0,0.0234976502349765,0,0,0.0025997400259974,0,0,0,0,0,0,0,0,0.0021997800219978,9.99900009999e-05,0,0,0,0,9.99900009999e-05,0,0,9.99900009999e-05,0,0,0,0,0,0,0,0,0,0,0,0,0,0,0.0008999100089991,0,0,0.0300969903009699,0.0005999400059994,0,0,0,0,0.0002999700029997,0.0701929807019298,0,9.99900009999e-05,0.007999200079992,0,0,0,0,0,0.0141985801419858,0,0,0,0,0,9.99900009999e-05,0.0003999600039996,0,0,0,0.018998100189981,0
0,0,0,0,0,0.000399880035989203,0.000599820053983805,0,0,0,0,0,0,0,0,9.99700089973008e-05,0.00399880035989203,9.99700089973008e-05,0,0,0,0.00179946016195141,0,0,0,0.315705288413476,9.99700089973008e-05,0,0.00459862041387584,0,0,0,0,0.00529841047685694,0,0,0.00599820053983805,0.000299910026991902,0,0,0,0,9.99700089973008e-05,0,0,0,0,0,0,0.000699790062981106,0,0,9.99700089973008e-05,0,0,0,0,0,0,0.000399880035989203,0,0,0,0.000199940017994602,0,0,0,0,0,0.00699790062981106,0.00109967009897031,0,9.99700089973008e-05,0,0,0.000199940017994602,0.000199940017994602,9.99700089973008e-05,0,0.000299910026991902,9.99700089973008e-05,0,9.99700089973008e-05,0,0,9.99700089973008e-05,0.000299910026991902,0,0,0.00259922023392982,0.248025592322303,0.00229931020693792,0.000999700089973008,0,0,0,0,9.99700089973008e-05,0,0.00179946016195141,0,0,0,0,0,0,0,0.00479856043187044,0,0,0,0,0,0,0.000299910026991902,9.99700089973008e-05,0,0,0,0,0,0,0,9.99700089973008e-05,0.0123962811156653,0.0178946316105168,0,0,0.000299910026991902,0,0,0,0,0.000299910026991902,0,0,0.153553933819854,0.000199940017994602,0.00659802059382185,0,0,0,0,0,0,0,0.000199940017994602,0,0,0,0,0,0,0,0.00489853044086774,0,0,0,0,0.000999700089973008,0,0,0,0,0,0,0,0,0,0.00119964010796761,0.000199940017994602,0,0,0,0,0,0,0.000199940017994602,0.00509847045886234,0,0,0,0.000399880035989203,0,0,0,0,0,0,0.000899730080975707,0,0.00989703089073278,0,0,0,0,9.99700089973008e-05,0,0,0.0308907327801659,0,0,9.99700089973008e-05,0,0,0.000599820053983805,9.99700089973008e-05,0,0,0,0,0,0,0.00109967009897031,0.00249925022493252,0,0.000199940017994602,0,0.000599820053983805,0,0,0,0,0,9.99700089973008e-05,0,0,0,0,0,0.00279916025192442,0,0,0.0842747175847246,0,0,0.000199940017994602,0,0,0,0,0,0,0,0,0,0,0,0.000199940017994602,0,0,0.000199940017994602,0,9.99700089973008e-05,0,0.0146955913226032,0.000599820053983805,0,0.000899730080975707,0,0,0,0,9.99700089973008e-05,0,0,0,0,0,0.00129961011696491,0.000499850044986504,0,0.0277916625012496,0,0,0,0,0,0,0,0,0.00259922023392982,0,0,0,0,0,0,0,0.000299910026991902,0,0,0,0,0,0,0.000699790062981106,0,0,0,0
0,0,0,0,0,0,0,0,0,0,0,0,0,0,0.00459862041387584,0,0,0,0,0,0,0,0,0,0,0.311706488053584,0,0.000499850044986504,0.000299910026991902,0,0.00789763071078676,0.0301909427171848,0,0,0.000299910026991902,0,0.00159952014395681,0.000699790062981106,0,0,0,0,0.00169949015295411,0.0155953214035789,0,0,0.00549835049485154,0,0,0,0,0,0,0,0.00299910026991902,0,0,0,0,0.00309907027891633,0,0,0,0,0,0,0,0,0,0,0,0,0,0.00309907027891633,0,0.00799760071978406,0,0,0,0.00209937018894332,0,0,0,0,0.00209937018894332,0,0.00659802059382185,0,9.99700089973008e-05,0,0.00319904028791363,0.000599820053983805,0,0,0.00369889033290013,0,0,9.99700089973008e-05,0,0,0,0,0,0,0,0,0.0109967009897031,0,0,0,0,0,0,0.0394881535539338,0,0,0,0,0,9.99700089973008e-05,0.000399880035989203,0,0,9.99700089973008e-05,0.0322903129061282,0,0,0,0,0,0,0.00409877036888933,0,0,0,0,0,0,0,0,0,0,0,0,0,0,0,0,0,0.00109967009897031,0.000499850044986504,0,0,0,0,0,0,0,0,0.00279916025192442,0,0,0,0.0365890232930121,0,0,0,0.000399880035989203,0,0,0,9.99700089973008e-05,0,0,0,0,0,0,0,0,0,0,0,0,0,0,0,0,0,0.000399880035989203,0,0.00499850044986504,0,0,0,0,0,0,0.000199940017994602,0,0,0,0,9.99700089973008e-05,0.0211936419074278,0,0,0,0,0.000199940017994602,0,0,0,0,0,0,0,0,0,0,9.99700089973008e-05,0,0,0,0,0,0,0,0.0151954413675897,0,0.01629511146656,0,0,0.0906727981605518,0,0,0,9.99700089973008e-05,0,0,0,0,0,0.00289913026092172,0,0,0,0,0,0,0.0134959512146356,0,0,0,0,0.000199940017994602,0,0,0,0.00109967009897031,0,0,0,0,0,0,0,0.10036988903329,0,0.0373887833649905,0,0,0.0196940917724683,0,0,0,0,0,0,0.12556233130061,0,0,0,0,0,0,0,0,0.000699790062981106,0,0,0,0,0,0.00389883035089473,0,0,0,0,0,0
0,0,0,0.000599760095961615,0,0,0,0,0,0,0,0,0,0,0.00219912035185926,0,0.00459816073570572,0,9.99600159936026e-05,0,0,0.00999600159936026,0,0,0,0.109956017592963,0,0.000899640143942423,0.00669732107157137,9.99600159936026e-05,0.00609756097560976,0,0,0.00169932027189124,0,0,9.99600159936026e-05,0,0.000199920031987205,0,0,0,0,0,0.000599760095961615,0,0,0,0,0,0,0,0,0.000999600159936026,0,0,0.000299880047980808,0,0,0,0,0,0,9.99600159936026e-05,0,0,0.00139944022391044,0,0,0,0.0110955617752899,0,0,0.0718712514994002,0,0,0,0,0,0.00299880047980808,0,0,0,0,0,9.99600159936026e-05,0.00189924030387845,0,0.000299880047980808,0.0126949220311875,0,0.00039984006397441,0.00649740103958417,0,0,0,0,0,0.0110955617752899,0,0,0,0,0,0.000299880047980808,0,0,0.0949620151939224,0,0.00659736105557777,0,0,0,0.0114954018392643,9.99600159936026e-05,0.0246901239504198,0,0,0.000699720111955218,0,0,0,0.0116953218712515,0.00179928028788485,0.0476809276289484,0,0,0,0,0,0,0.0179928028788485,9.99600159936026e-05,0,0,0,0.0470811675329868,0,0,0,0.000499800079968013,0,0,0,0,0,0.000299880047980808,0,0,0.00189924030387845,0.00299880047980808,0,0,0.000199920031987205,0,0,0,0,0,0.015093962415034,0,0,0,0.0775689724110356,0,9.99600159936026e-05,0,0,0,0,0.000599760095961615,0,0,0,0,0,0,0,0,0,0,0,0,0,0.000499800079968013,0,0,0.00199920031987205,0,0,0.000999600159936026,0.00439824070371851,0,0,0,0,0,0,9.99600159936026e-05,0,0,0,0,0,0,0.000899640143942423,9.99600159936026e-05,0,9.99600159936026e-05,0.00919632147141144,0,0,0,0,0,0,0,0,0.0302878848460616,0,0,0.000699720111955218,0,0,0,0,0,0,0,0,0.00809676129548181,0,0,0.0408836465413834,0,0,9.99600159936026e-05,0,0,0,0,0,0,0,0,0,0,0,0,0,0,0,0,0,0,0,9.99600159936026e-05,0,0.000299880047980808,0.00359856057576969,0,0,0,0.000699720111955218,0,0,0,0,0,0.00039984006397441,0,0.00489804078368653,0.0247900839664134,0,0,0,0,0,0.000599760095961615,0.188924430227909,0,0,0.0252898840463814,0,0,0,0,0.00079968012794882,0.00109956017592963,0,0,0,0,0,0.00869652139144342,0,0.00119952019192323,0,0,0.0101959216313475,0
0,9.99900009999e-05,0,0,0,0,9.99900009999e-05,0,0,0,0,0,0,0,0.0004999500049995,0,0,0,0,0,0,0.0015998400159984,0,0.0001999800019998,0,0.0897910208979102,0,0,0.0010998900109989,0.0014998500149985,0.0440955904409559,0,0,0.0048995100489951,0,0,0.0008999100089991,0.018998100189981,0,0,0,0,0,0,0,0.0133986601339866,0,0,0,0,0.0004999500049995,0,0,0,0.0033996600339966,0,0,0,0,0.0088991100889911,0,0.0006999300069993,0,0,0,0,0.0035996400359964,0,0,0.0036996300369963,0.0058994100589941,0,0,0,0,0,0,9.99900009999e-05,0,0.0176982301769823,0,0,0.0575942405759424,0,0,9.99900009999e-05,0.0217978202179782,0,0,0.0138986101389861,0,0.0004999500049995,0.0005999400059994,0,0,0,0,0,0.0593940605939406,0,0,0.0001999800019998,0,0,0.0002999700029997,0,0,0.0216978302169783,0.0012998700129987,0.0004999500049995,0,0,0.0004999500049995,0.007999200079992,0,0.0004999500049995,0,0,0.0171982801719828,0,0,0,0,0,0.0040995900409959,0,0,0,0,0,0.0078992100789921,0.0410958904109589,0,9.99900009999e-05,0,0,0.156884311568843,0.0021997800219978,0,0,0.0001999800019998,0,0,0,0,0,0.0012998700129987,0,0,0,0.0048995100489951,0,0,0,0,0,0,0,0.0156984301569843,0,0,0,0,0.0094990500949905,0,0,0,0,0,0,0.0017998200179982,0,9.99900009999e-05,0,0,0,0,0,0.0064993500649935,0,0.0024997500249975,0.0022997700229977,0,0.0021997800219978,0.0008999100089991,0,0,0,0,0.0002999700029997,0,0.0025997400259974,0.0002999700029997,0.0003999600039996,0,0,0,0,0,0,0,0,0,9.99900009999e-05,0,0.0003999600039996,0.0007999200079992,0,9.99900009999e-05,0.0003999600039996,0,0,0,0,0.0002999700029997,0,0.0146985301469853,0.000999900009999,9.99900009999e-05,0,0.0120987901209879,0.0035996400359964,0,0,0.0026997300269973,0,0,0,0.0162983701629837,0.0006999300069993,0,0,0,0.0008999100089991,0,0,0.0010998900109989,0.0001999800019998,0,0.000999900009999,0,0,0,0,0.0008999100089991,9.99900009999e-05,0,0,0,0,0,0.0003999600039996,0.0011998800119988,0,0.002999700029997,0.0002999700029997,9.99900009999e-05,0,0,0,0.0002999700029997,0,0,0.0001999800019998,0.000999900009999,0,0,0,9.99900009999e-05,0.0001999800019998,0,0,0.0023997600239976,0,0,0,0,0,0.0002999700029997,0.223677632236776,0,0,0.0064993500649935,0,0,0,0,0,0.0073992600739926,0.0033996600339966,0,0,0,0,0,0,0.0010998900109989,0,0,0.0013998600139986,0
0,0,0,0.000599640215870478,0.00109934039576254,0,0,0.00209874075554667,0,0.00179892064761143,0,0,0,0,0.000199880071956826,0.000599640215870478,0,0,0.000299820107935239,0.0107935238856686,0.00959424345392764,0.000699580251848891,0.00299820107935239,0.000499700179892065,0,0.00249850089946032,0,0,0.000599640215870478,0.000299820107935239,0,0.0104937037777334,0,0.0128922646412153,0,0,0,0.0149910053967619,0,0,0,0,0,0.0179892064761143,0.00129922046771937,0.0317809314411353,0,0.000699580251848891,9.9940035978413e-05,0,0,0.000999400359784129,0,0,0,0,0,0.000499700179892065,0,0.00139916050369778,0,0.0156905856486108,0,0,0.0022986208275035,0,0.00139916050369778,0,0,0,0.0131920847491505,0,0,0.00489706176294223,0,0,0,0,0,0.0247851289226464,0,0,0.00239856086348191,0,0,0,9.9940035978413e-05,0,0.000199880071956826,0.00439736158305017,0,0.00119928043174096,0.000599640215870478,0,0,0.00169898061163302,0,0,0.00589646212272636,9.9940035978413e-05,0,0,0,0,0,0,0.00889466320207875,0.00879472316610034,0.0320807515490706,0.00939436338197082,0.00559664201479113,0,0,0.0092944233459924,0,0.0101938836697981,0,0,0.0195882470517689,0,0,0,0,0,0.00339796122326604,0,0,0,0.00249850089946032,0,0.0173895662602439,0.00779532280631621,0.00169898061163302,0,0,0,0.00659604237457526,0,0,0,9.9940035978413e-05,0,0.00389766140315811,0,0,0,0.000399760143913652,0.00519688187087747,0,9.9940035978413e-05,0,0.0294823106136318,0,0.00119928043174096,0,0,0,0,0,0.00119928043174096,0,0,0,0.17629422346592,9.9940035978413e-05,0,0,0.000299820107935239,0,0,9.9940035978413e-05,0.00179892064761143,0,0,0,0,0,0,0.0102938237057765,0,0.00789526284229462,0.000699580251848891,0,0.00159904057565461,0.000599640215870478,9.9940035978413e-05,0,0,0,0,9.9940035978413e-05,0.00429742154707176,0.000199880071956826,0,0,9.9940035978413e-05,0.00689586248251049,0,0,0,0,0,9.9940035978413e-05,0,0,0.000199880071956826,0,0,0,0.000399760143913652,0,0.00479712172696382,0.0210873475914451,0,0,0,0,0.0182890265840496,9.9940035978413e-05,0,0,0.00199880071956826,0,0,0.0022986208275035,0,0,0,0.0605636618029183,0.00669598241055367,0.0172896262242654,0,0,0.000199880071956826,0,0,0,0,0,0,0.00199880071956826,0,0,0.021287227663402,0,0,0,0,0,0,0,0.000599640215870478,0.00259844093543874,0,0.0022986208275035,9.9940035978413e-05,9.9940035978413e-05,0,0.00289826104337398,0.000599640215870478,0.000699580251848891,0,0,9.9940035978413e-05,0,0,0,0,0,0.0358784729162503,0,0.0146911852888267,0.00399760143913652,0,0.000899460323805717,0.000199880071956826,0,0.000199880071956826,0.000699580251848891,0.145512692384569,0,0,0.0205876474115531,0,0,0,0,0.00199880071956826,0.00289826104337398,0,0,0,0,0,9.9940035978413e-05,0,9.9940035978413e-05,0,0,0.00159904057565461,0.000499700179892065
0,0,0,0,0,9.99600159936026e-05,0,0,0,0,0,0,0,0.0234906037584966,0.000599760095961615,0,0,0,0,0,0.0137944822071172,0.00159936025589764,0,0,0,9.99600159936026e-05,0,0,0,0,0,0,0,0.0273890443822471,0,0,0,0.000899640143942423,9.99600159936026e-05,0,0,0,0,0.00999600159936026,0,0,0,0.000499800079968013,0,0,0.0037984806077569,0,0,0,0.0152938824470212,0,0,0,0,0.00269892043182727,0,0.00489804078368653,0,0,0,0,0.000499800079968013,0,0,0,0,0.000199920031987205,0,0,0,0.0161935225909636,0,0,0,0.00409836065573771,0.000599760095961615,0.00369852059176329,0,0,0,0,0,0.00189924030387845,0,0.00929628148740504,0.103258696521391,9.99600159936026e-05,0,0,0,0,0,0,0.103358656537385,0,0,0,0,0,0.000199920031987205,0,0.0119952019192323,0.107856857257097,0,0,0,0,0,9.99600159936026e-05,0,0,0,0,0.000999600159936026,0,0,0,0,0.000199920031987205,0.00459816073570572,0,0,0,0,0,0.00259896041583367,0.00659736105557777,0,0,0,0.0076969212315074,0.00039984006397441,0,0,0,9.99600159936026e-05,0,0,0,0,0,0,9.99600159936026e-05,0,0,9.99600159936026e-05,0,0,9.99600159936026e-05,0.000199920031987205,0,0,0,0,0.0106957217113155,0,0,0,0,0,0,0,0,0,0,0,0,0,0,0,0,0,0.00159936025589764,0.00109956017592963,0,0,0,0,0,0,0,0,0,0,0,0,0,0,0,0,0,0,0.00039984006397441,0,0,0,0,0,9.99600159936026e-05,0,0.00169932027189124,0,0,0,0.00189924030387845,0,0.00649740103958417,0,0,0.00079968012794882,0,0.00589764094362255,0.00329868052778888,0.00119952019192323,0,0,0.00249900039984006,0,0,0,0,0,0,0.00079968012794882,0.00269892043182727,0,0,0,0.121751299480208,0,0.00039984006397441,0,0,0,0,0,0,0,0,0,0,0.00219912035185926,0,0,0.00489804078368653,0,0.000199920031987205,0.000899640143942423,0,0.00619752099160336,0,9.99600159936026e-05,0,0,0,0,0.00259896041583367,0,0.000299880047980808,0,0,0,0,0.00709716113554578,0.0980607756897241,0,0,0.0138944422231108,0,0,0,0,9.99600159936026e-05,0.000699720111955218,0.173930427828868,9.99600159936026e-05,0.000199920031987205,0.00649740103958417,0,0,0,0,0,0.007796881247501,0.000899640143942423,0,0,0.00109956017592963,0,0,0,0,0,0.00499800079968013,0.0115953618552579,0
0,0,0,0.000599760095961615,0.00109956017592963,0,0.00419832067173131,0,0,0,0,0,0,0,0,0,0,0,0,0,0,0.0079968012794882,0.00199920031987205,0.000299880047980808,0,0.0285885645741703,0,0,0.00239904038384646,0.000199920031987205,0.00859656137544982,0,0,0,0,0,0,0,0.000199920031987205,0.00889644142343063,0,0,0,0.0251899240303878,0,0.0511795281887245,0,0,0.00079968012794882,0,0,9.99600159936026e-05,0,0,0,0,0,0,0,0.000199920031987205,0,0,0,0,0,0,0.000499800079968013,0,0,0.00249900039984006,0,0,0,0,0,0,0,0,0,0.0038984406237505,0.00559776089564174,0,0,0,0,0,0.000199920031987205,0,0.00039984006397441,0,0,9.99600159936026e-05,9.99600159936026e-05,0,0,0,0,0,0,0,0,0.000299880047980808,0.00039984006397441,0,0,0.00229908036785286,0,0.0126949220311875,0.00709716113554578,0.0198920431827269,0.00639744102359056,0,0,0,0.00159936025589764,0.00829668132746901,0,0,0,0,0.000899640143942423,0,0,9.99600159936026e-05,0.00249900039984006,0,0,0,0,0,0,0,0,0,0,0,0.00139944022391044,0,0,0,9.99600159936026e-05,0,0,0.000899640143942423,0,0,0,0.0076969212315074,0,0,0.00519792083166733,0,0,0,9.99600159936026e-05,0,0,0,0,0,0.00179928028788485,0,0,0.124150339864054,0,0,0,0,0,0,0.00039984006397441,0,0.102059176329468,0,0,0,0,0,0.000699720111955218,0,0,0,0,0,0,0,0,0,0,0,0,0.0137944822071172,9.99600159936026e-05,0,0,0.000199920031987205,0,0,0,0,0,0,0,0.140643742502999,0.0337864854058377,0.000599760095961615,0,0,0,0.00109956017592963,0.000299880047980808,0,0,0,0,0,0.00159936025589764,0,0,0,0,0,0,0,0.0147940823670532,0,0,0,0,0,0,0.000699720111955218,0,0.0038984406237505,0,0,0,0,0,0,0,0,0,0,0.000199920031987205,0,0,0,0,0,0,0,0,0,0,0,0,0,0,0.000499800079968013,0,0,0,0,0,0,0,0,0,0.000899640143942423,0,0,0.0237904838064774,0,9.99600159936026e-05,0,0,0,0,0.226309476209516,0,0,0.0365853658536585,0,0,0,0,0,0,0.00439824070371851,0,0,0,0,0,0,9.99600159936026e-05,0,0,0.0327868852459016,0
0,0,0,0,0,9.9940035978413e-05,9.9940035978413e-05,0.00359784129522287,0,0,9.9940035978413e-05,0,9.9940035978413e-05,0,0.00139916050369778,0,0.000399760143913652,9.9940035978413e-05,0,0.000999400359784129,0.00369778133120128,0.00169898061163302,0,9.9940035978413e-05,0,0.142014791125325,0,0,0.000299820107935239,0.00119928043174096,0,0,0.00159904057565461,0.000599640215870478,0,0,0.0030981411153308,9.9940035978413e-05,0,9.9940035978413e-05,0,0,0,0.00119928043174096,0,0.00139916050369778,0,9.9940035978413e-05,0,9.9940035978413e-05,9.9940035978413e-05,0,0,0,0.00159904057565461,0,0,0,0,0.0131920847491505,0,0.00509694183489906,0.000799520287827304,0,0,0,0.0184889066560064,9.9940035978413e-05,0,0,0.00159904057565461,0,0,0.00189886068358985,0,0,0,0,0,0.00319808115130921,0,0,0.0148910653607835,0,0,9.9940035978413e-05,0.00449730161902858,0.000299820107935239,0,0.00259844093543874,0,0.00109934039576254,0.00109934039576254,0,0.00289826104337398,0.00169898061163302,0,0,0.000699580251848891,0,0,0.00139916050369778,0,0,0,0,0,0.0530681591045373,0.00209874075554667,0.00399760143913652,0.000499700179892065,0.00249850089946032,0,0.0148910653607835,0,0.000199880071956826,0.00369778133120128,9.9940035978413e-05,0.00549670197881271,0,0,0,0.00179892064761143,9.9940035978413e-05,0.00589646212272636,0,0.0113931641015391,0,9.9940035978413e-05,0,0.00269838097141715,0.0158904657205677,0.00549670197881271,9.9940035978413e-05,0,0,0.0084949030581651,0.00219868079152508,0,0,0.000399760143913652,0,0.00339796122326604,0.000299820107935239,0,0,0.000699580251848891,0.00299820107935239,0,0.000799520287827304,0,0.00239856086348191,0,0,9.9940035978413e-05,0,0,0,0,0.000499700179892065,0,0,0,0,9.9940035978413e-05,0.000699580251848891,0.0030981411153308,0.000199880071956826,0,0,0,0.0226863881670997,0.0272836298221067,0,0,0,0,0.00129922046771937,0.000699580251848891,0,0.00989406356186288,0,0,0.000599640215870478,0.00129922046771937,0.000399760143913652,0,9.9940035978413e-05,0,0.000499700179892065,0,0.0271836897861283,9.9940035978413e-05,0,0,0.000499700179892065,0.0310813511892864,0,0,0,0,0,0,0.00499700179892065,0.0149910053967619,0.00199880071956826,9.9940035978413e-05,0.000199880071956826,9.9940035978413e-05,9.9940035978413e-05,0.000199880071956826,0,0,0.000399760143913652,0.000299820107935239,0.000799520287827304,0.00529682190685589,0,0.00279832100739556,0,0.000299820107935239,0,0,0,0.00159904057565461,0,0,9.9940035978413e-05,0.00609634219468319,0.00109934039576254,0.0156905856486108,0.000199880071956826,0,0.0412752348590845,0,0,0,0,0,0.000199880071956826,0,0,0,0.0030981411153308,0.00109934039576254,0,0,0,0,0,0,0.000199880071956826,0.00119928043174096,0,0.00199880071956826,0.000399760143913652,0.000199880071956826,0,0.000599640215870478,0.000899460323805717,0,0,0,0.000199880071956826,0,0,0,0,9.9940035978413e-05,0.00139916050369778,0,0.00429742154707176,0.0221866879872077,0.00139916050369778,9.9940035978413e-05,0,0,0,0.000999400359784129,0.255346791924845,0,0.0030981411153308,0.00419748151109334,0.000199880071956826,0.0613631820907456,0.000299820107935239,0,9.9940035978413e-05,0.000399760143913652,0.00329802118728763,0,0,0,0,0.00349790125924445,0.000499700179892065,0.00209874075554667,0,0,0.00479712172696382,0
0,0,0,0.00309752198241407,0.000199840127897682,0,0.00189848121502798,0.00269784172661871,0,0.000899280575539568,0,0,9.99200639488409e-05,0.00379696243005596,9.99200639488409e-05,0,0,0,0,0.00529576338928857,0.00449640287769784,0.00209832134292566,0,0.00189848121502798,0,0.202737809752198,0,0,0.00459632294164668,0.00429656274980016,0.0398681055155875,0,0,0.0171862509992006,0,0,0.00369704236610711,0.0287769784172662,9.99200639488409e-05,0,0,0.000499600319744205,0,0.0060951239008793,0,0.0556554756195044,0,0,0.000399680255795364,0.00189848121502798,0,0,0,0,0.0082933653077538,0,0,0,0,0.0247801758593125,0.000399680255795364,0,0,0,0,0,0.000699440447641887,0,9.99200639488409e-05,0,0.000899280575539568,0,0,0,0,0,0,0,0,0,0.00159872102318145,0.00119904076738609,0.0189848121502798,0,0,0,0.00499600319744205,0,0.000199840127897682,0.00549560351718625,0,0.00259792166266986,0.000499600319744205,0,0,0.00149880095923261,0,0,0.00149880095923261,0,0,0,0,0,0,0,0,9.99200639488409e-05,0,0.00539568345323741,0,0,0,0.00189848121502798,0.0016986410871303,0.00749400479616307,0,0.000199840127897682,0,0,0.000299760191846523,0,0,9.99200639488409e-05,0.0152877697841727,0,0,0,0,0,0.00189848121502798,0.000299760191846523,0,0.000399680255795364,0,0,0.00699440447641886,0.00139888089528377,9.99200639488409e-05,0,9.99200639488409e-05,0,0,0.000399680255795364,0,0,0,0.00989208633093525,0,9.99200639488409e-05,0.00149880095923261,0.00709432454036771,0,0,0.00299760191846523,0,0,0,0,0.0108912869704237,0,0,0,0,0,0,0,0,0,0,0,0,0,0,0.00289768185451639,0,0,0,0.0223820943245404,0.00279776179056755,0.00229816147082334,0.0021982414068745,0,0.000799360511590727,0.00939248601119105,0,0,0,0,0,0.000899280575539568,0.0164868105515588,9.99200639488409e-05,0,0.00239808153477218,0,0.000799360511590727,0,0,0.0142885691446843,0,0,0,0.0172861710631495,0,0,0,0,9.99200639488409e-05,0.0016986410871303,0,0,0,0,0.000399680255795364,0,0.00479616306954436,0.00739408473221423,0.0176858513189448,0,0.00309752198241407,0,0.0145883293365308,0,0.000899280575539568,0,0,0,0.00319744204636291,0.00419664268585132,0.00839328537170264,0,0,0.0329736211031175,0,0,0,0,0,0,0,0.00379696243005596,0,0.00179856115107914,0,0,0,0,0,0,0,0.00419664268585132,0,0,0.000299760191846523,0.012589928057554,0,0,0,0.00199840127897682,0,0,0,9.99200639488409e-05,0.000899280575539568,0,0,0,0,9.99200639488409e-05,0,0,0.00419664268585132,9.99200639488409e-05,0.00119904076738609,0,0,0,0.000399680255795364,0.16806554756195,0.000199840127897682,0,0.0380695443645084,0,0,0,0,9.99200639488409e-05,0.000699440447641887,0,0,0,9.99200639488409e-05,0,0.00179856115107914,0,0.000199840127897682,0,0,0.021982414068745,0
0,0,0,0.000999400359784129,0.000499700179892065,9.9940035978413e-05,0.000499700179892065,0,0,0.00109934039576254,0,0,0,0,0.000299820107935239,0,0.000499700179892065,0,9.9940035978413e-05,9.9940035978413e-05,0.0113931641015391,0.00419748151109334,0.000699580251848891,0.000199880071956826,0.000399760143913652,0.0859484309414351,0,0,0.00639616230261843,0.0123925644613232,0,0,0,0,0,0,0,0.0409754147511493,0,0,0,0,0,0.00629622226664002,0,0.0260843493903658,0,0,0,0,0,0,0,0,0.00369778133120128,0,0,0,0,0.0135918448930642,0.000399760143913652,0,0,0.00179892064761143,0,0,0.00369778133120128,0,0,0.0131920847491505,0.00359784129522287,0,0.000899460323805717,0.0101938836697981,0,0,0,0,0,0.00679592244653208,0.00209874075554667,0,0.0376773935638617,0,0,0,9.9940035978413e-05,0,0,0,0,0.00359784129522287,0,0,0,0,0,0,0.00409754147511493,0,0,9.9940035978413e-05,0.00129922046771937,0,0.000599640215870478,0,0.0123925644613232,0.00969418348990606,0.000599640215870478,0.0113931641015391,0,0.00609634219468319,0,0,0,0.00589646212272636,0.000199880071956826,0,0,0,0.000399760143913652,0,0,0,0.00589646212272636,0,0,0,0.000399760143913652,0,0.00219868079152508,9.9940035978413e-05,0,0,0,0,0.00629622226664002,0.00429742154707176,0,0,0,0,0,0,0,0,0,0.0076953827703378,0,0,0,0.00509694183489906,0,0,0,0,0,0,0,0,0,0,0,0,0,0,0.00889466320207875,0,0,9.9940035978413e-05,0.00189886068358985,0.0148910653607835,9.9940035978413e-05,0,0,0,0,0.0336797921247252,0,0,0.00649610233859684,0,0,0.00159904057565461,0,0,0,0,0,0,0,0.0289826104337398,9.9940035978413e-05,0,0,0,0.0121926843893664,0,0,0,0,0,0,0.10203877673396,0,0.0184889066560064,0.00129922046771937,0,9.9940035978413e-05,0.000999400359784129,0,0,0,0.000499700179892065,0.00889466320207875,0,0.010893463921647,0.00469718169098541,0.0257845292824305,0,0.00609634219468319,0,0.0084949030581651,0,0.000899460323805717,0,0,0.000399760143913652,0,0.00169898061163302,0.00709574255446732,0,9.9940035978413e-05,0.0133919648211073,0,0,0.0022986208275035,0,0,0,0,0,0,0,0.000699580251848891,0,0,0,0,0,0,0,0,9.9940035978413e-05,0,0.0242854287427543,0.00359784129522287,0,0.00159904057565461,0.00349790125924445,0,0,0,0.000299820107935239,0,9.9940035978413e-05,0,0,0.00429742154707176,0.000399760143913652,0.00289826104337398,0,0.0149910053967619,0,0,0,0,0.000199880071956826,0.000999400359784129,0.122326604037577,0,0,0.0555666600039976,0,0,0,0,9.9940035978413e-05,0,0.00389766140315811,0,0,0,0,0.00139916050369778,0,0.000199880071956826,0,0,0.0500699580251849,9.9940035978413e-05
0,0,0,0,0,0,0.0001000100010001,0,0,0,0,0,0,0,0,0,0,0,0,0,0,0,0,0,0,0.507350735073507,0,0,0.0004000400040004,0,0,0,0.0005000500050005,0.0004000400040004,0,0,0,0,0,0,0,0,0,0,0,0,0,0,0,0,0,0,0,0,0,0,0,0,0,0,0,0,0,0,0,0,0,0,0,0,0,0,0,0,0,0.0288028802880288,0,0,0,0,0,0,0,0,0,0,0,0,0,0,0,0,0.0291029102910291,0,0,0,0,0,0,0,0,0.0707070707070707,0,0,0,0,0,0.0388038803880388,0,0,0,0,0,0.0932093209320932,0,0.0008000800080008,0,0,0,0,0.0008000800080008,0,0,0,0.0468046804680468,0,0,0,0,0,0,0,0,0,0,0,0.0323032303230323,0,0,0,0,0,0,0,0,0,0,0,0,0.0001000100010001,0.0017001700170017,0,0,0,0,0,0,0,0,0,0,0,0,0,0,0,0,0,0,0,0,0,0,0,0,0,0,0,0,0,0,0,0,0,0,0,0,0,0,0,0,0,0.0001000100010001,0,0,0,0,0,0,0,0,0,0,0,0.0001000100010001,0,0,0,0,0,0,0,0,0,0,0,0,0,0.0001000100010001,0,0,0,0,0,0,0,0,0,0.0095009500950095,0,0,0,0,0,0,0,0,0,0,0,0,0,0,0,0,0,0,0,0,0,0,0,0,0.0001000100010001,0,0,0,0,0,0,0,0,0,0,0,0,0,0,0,0.007000700070007,0,0,0.13011301130113,0,0.0001000100010001,0,0,0,0,0.001000100010001,0,0,0,0,0,0,0,0,0,0,0,0,0,0,0,0,0,0,0,0,0
0,0,0,0.00419874037788663,0,0,0,0,0,0.00329901029691093,0,0,0,0,9.99700089973008e-05,0,0.00119964010796761,0,0.000599820053983805,0,0,0.00369889033290013,0.000599820053983805,0,0.000499850044986504,0.166150154953514,0,0,0,0.00669799060281915,0.0312906128161552,0,0,0.000699790062981106,0,0,0,0,0,0,0,0,0,0,0,0.010296910926722,0,0,0,0,0.000699790062981106,0,0,0.000299910026991902,0.00379886034189743,0,0,0,0,0.00869739078276517,0,0.0104968509447166,0,0,0,0,0.0300909727081875,0,0,0.018594421673498,0.0178946316105168,0,0,0.00749775067479756,0,0,0,0,0,0.00559832050384884,0.000599820053983805,0,0.0214935519344197,0,0.0425872238328501,0,0,0,0,0.00289913026092172,0,0.00319904028791363,0,0.00369889033290013,0,0,0,0,9.99700089973008e-05,0,0.000399880035989203,0,0,0,0,0,0.00569829051284615,0.0108967309807058,0.00859742077376787,0.000399880035989203,0,0,0.000499850044986504,0.00849745076477057,0,0.00649805058482455,0,0,0.0376886933919824,9.99700089973008e-05,0,0,0,9.99700089973008e-05,0.000299910026991902,0.000299910026991902,0,0,0,0.00949715085474358,0,0,0,0,0,0,0,0,0,0,0,0,0,0,0,0,0,0,0,0,0,0.000899730080975707,0,0,9.99700089973008e-05,0,0,0,0.00769769069279216,0.00129961011696491,0,0,0.00999700089973008,0.0197940617814656,0,0,0.00389883035089473,0,0,0.000499850044986504,0,0.000999700089973008,0.000399880035989203,0,0,0,0,0.0130960711786464,0.0518844346695991,0,0.00309907027891633,0,0,0.0108967309807058,0,0,0,0,0,0,0,0.0135959212236329,0,0,0,0,0,0,0,0,0,0,0,0,0,0.000999700089973008,0,0,0,0,0,0,0.000299910026991902,0,0.000599820053983805,0,0.00409877036888933,0.0280915725282415,0,0.00169949015295411,0,0.00669799060281915,0.0145956213136059,0,0.00109967009897031,0,0,0,0.00209937018894332,0.00139958012596221,0.0227931620513846,0,0,0.0148955313405978,0,0,0.000899730080975707,0,0,0.00319904028791363,0,0,0.00339898030590823,0,0.000299910026991902,0,0,0,0,0,9.99700089973008e-05,0,0,9.99700089973008e-05,0,0,0,0,0.000999700089973008,0.000799760071978406,0,0,0,0,0,0,0,0,0.00529841047685694,0.000299910026991902,0,0,0.00989703089073278,0,0,0,0,0.000399880035989203,0,0.207537738678396,0,0,0.0228931320603819,0,0,0,0,0,0.00199940017994602,0.00149955013495951,0,0,0,0,0.00119964010796761,0,0.000399880035989203,0,0,0.00419874037788663,0
0.0007999200079992,0,0,0.0033996600339966,0,0,0.0052994700529947,0,0,0.001999800019998,0,0,0,0,0.0001999800019998,0,0.0002999700029997,0,0,0.0007999200079992,0.0143985601439856,0.0018998100189981,0.0012998700129987,0,0,0.176182381761824,0,0,0,0.0206979302069793,0.0267973202679732,0,0.0013998600139986,0.0052994700529947,0,0,0.0015998400159984,0.0174982501749825,0,0,0.0025997400259974,0,0,0,0,0,0,0,0,0,0,0,0,0,0,0,0,0.0020997900209979,0,0,0.0004999500049995,0,9.99900009999e-05,0,0,0,0.0244975502449755,0,0.0043995600439956,0,0,0,0,0,0,0,0,0,0,0.0130986901309869,0,0,0.0187981201879812,0,0,9.99900009999e-05,0,0.0001999800019998,0,0.0048995100489951,0,0.0008999100089991,0.0004999500049995,0,0,0,0,0,0,0,0,0.0001999800019998,0,0,0.0004999500049995,0,0,0.0731926807319268,0,0.0320967903209679,0,0,0,0.0396960303969603,0,0.0378962103789621,0,0,0.056994300569943,0,0,0,0.0047995200479952,0.0003999600039996,0.0028997100289971,0,0,0,0,0,0.0016998300169983,0.0181981801819818,0,0,0,0.005999400059994,9.99900009999e-05,0,0,0,0.0005999400059994,0,0,0,0,0,0.0024997500249975,0,0,0,0.0013998600139986,0.0027997200279972,0,0.0002999700029997,0,0.0058994100589941,0,9.99900009999e-05,0,0,0,0,0,0,0.0112988701129887,0,0,0.0204979502049795,0,0,0,0,0.0130986901309869,0,0,0,0,0.0070992900709929,0,0,0,0,0.0007999200079992,0,0.0092990700929907,0,0,0,0,0,0,0,0,0,0,0,0,0,0,0,0,0,0,0.0068993100689931,0,0.0288971102889711,0,0,9.99900009999e-05,0,0,0,0,0,0,0,0,0,0.0601939806019398,0,0.0128987101289871,0.0084991500849915,0,0,0,0,0,0,0.0046995300469953,0,0.012998700129987,0,0,0.0053994600539946,0,0,0,0,0,0,0,0,9.99900009999e-05,0,0.0004999500049995,0,0,9.99900009999e-05,0,0,0,0,0.003999600039996,0,0.006999300069993,0.0010998900109989,0.0001999800019998,0,0,0,0,0,0.0006999300069993,0,0,0,0,0,0.0044995500449955,9.99900009999e-05,0,0,0.0311968803119688,0.0021997800219978,0,0,0,0,0.0013998600139986,0.0396960303969603,0,0,0.0413958604139586,0,0,0,0,0,0,0.0014998500149985,0,0,0,0,0.0010998900109989,0,0.0013998600139986,0,0,0.0182981701829817,0
0,0,0,0,0.000399321154038135,9.98302885095338e-05,0,0.00129779375062394,0,9.98302885095338e-05,0.000199660577019068,0.000499151442547669,0,0,0.000199660577019068,0,0,0,9.98302885095338e-05,9.98302885095338e-05,0.000998302885095338,0.00139762403913347,0,0,9.98302885095338e-05,0.375361884795847,0.000199660577019068,0,0.00698812019566737,9.98302885095338e-05,0.000199660577019068,0,0,0.0111809923130678,0,0,0,0.0064889687531197,9.98302885095338e-05,0,0,9.98302885095338e-05,0,0.00918438654287711,0,0.0599980033942298,0.0240590995307976,9.98302885095338e-05,0,0,9.98302885095338e-05,0,9.98302885095338e-05,0.000299490865528601,0.00079864230807627,0.000299490865528601,0,0,0,0.00479185384845762,9.98302885095338e-05,0,0,0,0,0.000299490865528601,0.00259558750124788,0,0,0,0.000598981731057203,0,9.98302885095338e-05,0.000499151442547669,0,0,0,0,0,9.98302885095338e-05,0,0.000199660577019068,0.00888489567734851,9.98302885095338e-05,0.00409304182889089,0,0,0,0,0.00469202355994809,0,0,0,0.00209643605870021,0,0,0,0,0.00459219327143855,0,0,0,0,9.98302885095338e-05,0.000499151442547669,9.98302885095338e-05,0.0189677548168114,9.98302885095338e-05,0,0,0,0,0,0.0208645302984926,0.000199660577019068,0,0,0,0.00509134471398622,0,0,0,0,9.98302885095338e-05,0.00319456923230508,0.00569032644504343,0,0,0.000399321154038135,0.000299490865528601,0.000698812019566737,0.00868523510032944,0,0,0,0.000698812019566737,0,0,0,0,0.000199660577019068,0,0,0,0.00489168413696716,0,0.000598981731057203,0.000698812019566737,0,0,0.000898472596585804,0.00079864230807627,0,0.00189677548168114,0,0,0,0,0,0.00409304182889089,0,0,9.98302885095338e-05,0.0344414495357892,0,0,9.98302885095338e-05,0,0,0,9.98302885095338e-05,0,0,0,0,0,9.98302885095338e-05,0.00299490865528601,0.00688828990715783,9.98302885095338e-05,0.00698812019566737,9.98302885095338e-05,0,0,0.00159728461615254,0,0,0.000898472596585804,0,0,0,0.0116801437556155,0,0,9.98302885095338e-05,0,0,0,0,0,0,0,0,0,0,0.00139762403913347,0.000299490865528601,0,0,0,0.000199660577019068,0.000499151442547669,0.00189677548168114,9.98302885095338e-05,0.000698812019566737,0,0.00579015673355296,0.00159728461615254,9.98302885095338e-05,0.000299490865528601,0.00109813317360487,0,0,0,0,0,0.00209643605870021,0.0226614754916642,0.00688828990715783,0.000199660577019068,0.00818608365778177,9.98302885095338e-05,0,0.022062493760607,0,0,0.000199660577019068,0,0,0,0.000199660577019068,0,0,0,0,0,0,0,0,9.98302885095338e-05,0,9.98302885095338e-05,0.000299490865528601,0,9.98302885095338e-05,0.00189677548168114,9.98302885095338e-05,9.98302885095338e-05,0.000199660577019068,0.00349406009783368,0.000399321154038135,0,0,0.000299490865528601,0,0,0,0,0,0.000698812019566737,0.00159728461615254,0.000598981731057203,0.00948387740840571,0,0,0,0,9.98302885095338e-05,0.000698812019566737,0.195068383747629,9.98302885095338e-05,0,0.0210641908755116,0,0,0,9.98302885095338e-05,0,0,0.000898472596585804,0,0,0,0,0.000598981731057203,9.98302885095338e-05,0.000598981731057203,0.00309473894379555,0,0.000698812019566737,0
0,9.99200639488409e-05,0,0,0,0,0,0,0,0,0.000199840127897682,0,0,0,0.00649480415667466,0.000699440447641887,9.99200639488409e-05,0,0,0.000299760191846523,0,0.000599520383693046,0,0,0,0.388988808952838,0,0,0.00159872102318145,0.00149880095923261,0.000399680255795364,0,0,0.00779376498800959,0,0,0.0214828137490008,0.00979216626698641,0,0,0,0,0,0,0,0.0394684252597922,0,0,0,9.99200639488409e-05,0,0,0,0,0,9.99200639488409e-05,0,0,0,0.0623501199040767,9.99200639488409e-05,0,0,0,0,0,0,0,0,0,0,0,0,0,0,0,0,0,0,0.0254796163069544,0,0,0,0,0,0,0.00929256594724221,0,0,0.00509592326139089,0,0.0166866506794564,0.00539568345323741,0,0.00149880095923261,0,0,0,0.00799360511590727,0,0,0,0,0,0,0,0,0.106414868105516,0,0.00349720223820943,0,0,0,0.00249800159872102,0,9.99200639488409e-05,0,0,0.0221822541966427,0,0,0,0,0,0.00749400479616307,0,0,0,0.000199840127897682,0,0,0.0233812949640288,0.00899280575539568,0.00119904076738609,0,0,0.00119904076738609,9.99200639488409e-05,0.000399680255795364,0.000299760191846523,0.000999200639488409,0,0,0,0,0,0.000399680255795364,0,0,0,0.000699440447641887,0.00519584332533973,0,0.00429656274980016,0,0,0,0,0,0,0,0,0,0.03017585931255,0,9.99200639488409e-05,0.000399680255795364,0,0,0,9.99200639488409e-05,0,0,0,0,0,0.000499600319744205,0,0,9.99200639488409e-05,0,0,0,0,0.00249800159872102,0,0,0.000699440447641887,0,0,0.000799360511590727,0.0100919264588329,0.000499600319744205,0,0,0,0,0,0,0.000299760191846523,0,0,9.99200639488409e-05,0,0,0.00419664268585132,0.000299760191846523,0,9.99200639488409e-05,0.00339728217426059,0,0,0,0.000399680255795364,0,0,0.0107913669064748,0.0251798561151079,0.00139888089528377,0,0.0147881694644285,0,0,0,0,0,0,0,0,0,0.0386690647482014,0,0,0.00939248601119105,0,0,0,0,0,0,0,0,0,0,0,0,0,9.99200639488409e-05,0,0,0,0.000199840127897682,0.000999200639488409,0,0.00159872102318145,0.000299760191846523,9.99200639488409e-05,0,0,0.000899280575539568,0.000499600319744205,0,0,9.99200639488409e-05,0,0,0,0,0,0,0,0,0.00679456434852118,0.000299760191846523,0,0,0,0,0,0,9.99200639488409e-05,0,0.023880895283773,0,0,0,0,0,0,0.00569544364508393,0,0,0,0,0,0,0.000299760191846523,0,0,0,0
0,0,0,0,0,0,0.000199920031987205,0,0,0.000699720111955218,0,0,9.99600159936026e-05,0,0,0,0,0,0,0,0,0.00359856057576969,0.00159936025589764,9.99600159936026e-05,0.00039984006397441,0.326169532187125,0,0,0.00319872051179528,0,0.00479808076769292,0,0,0.00969612155137945,0,0,0,0,0,0,0,0,0,0,0,0.0303878448620552,0,0,0.00169932027189124,0.000299880047980808,0,0,0,0,0,0,0,0.000699720111955218,0,0,0,0,0,0,0,0,0.00329868052778888,0,0,0,0,0,0,0,0,0.000499800079968013,0,0,0,0,0,0,0.0163934426229508,0,0,9.99600159936026e-05,0.0287884846061575,0,0,0,0,0,0,0,0,9.99600159936026e-05,0,0,0,0,0,0,0,0,0,0,0,0.0135945621751299,0,0,0,0,0.00039984006397441,0.04578168732507,0,0.00409836065573771,0,0,0,0,0,0,0,0,0.00239904038384646,0,0,0,0,0,0,0.0419832067173131,0,0,0,0,0.0175929628148741,0,0,0,0.000499800079968013,0,0,0,9.99600159936026e-05,0,0,0.00879648140743703,0,0,0.00619752099160336,0,0,0,0,0,0,0,0,0,0,0,0,0,0,0,0.0037984806077569,0,0,0,0,0.00079968012794882,0,0,0.00109956017592963,0,0,0,0,0,0.00429828068772491,0,0,0.00919632147141144,0,0,0,0,0,0,0,0.0162934826069572,9.99600159936026e-05,0,0,0,0,0,0,0,0,0,0,0,0,0.000699720111955218,0,0,0,9.99600159936026e-05,0,0,0,0,0,0,0,0,0.00929628148740504,0,0,0,0,0,0,0,0,0,0,0,0,0,0,0.0318872451019592,0,0,0,0,0,0.000299880047980808,0,0,0,0,0.000499800079968013,0,0,0,0,0,0,0,0,0,0,0,0,0,0,0,0,0,0,0,0,0,0,0,0,0.000199920031987205,0,0,0.000699720111955218,0,9.99600159936026e-05,0,0,0,0,0.269592163134746,0,0,0.0574770091963215,0,0,0,0,0.00039984006397441,0,0,0,0,0,0,0.00479808076769292,0,0.00079968012794882,0,0,0.0132946821271491,0
0,0,0,0,0,0,0.000499700179892065,0,0,0,0,0,9.9940035978413e-05,0,0.0145912452528483,0,0.00519688187087747,9.9940035978413e-05,0,0,9.9940035978413e-05,0.0022986208275035,0,0,0,0.513292024785129,0,0,0.00669598241055367,0.00429742154707176,0.0365780531680991,0,0,0.00919448331001399,0,0,9.9940035978413e-05,0.00139916050369778,0,0,0,0,0,0,0,0.00219868079152508,0,0,0,0,9.9940035978413e-05,0,0,0,0,9.9940035978413e-05,0,0,0,0.0169898061163302,0,0,0,0,0,0,0.0213871676993804,0,0,0,0.000599640215870478,0,0,0,0,0.0222866280231861,0,0,0,0.000199880071956826,0,0,0.000299820107935239,0,9.9940035978413e-05,0,0,0,0,9.9940035978413e-05,0,0.00289826104337398,0.000999400359784129,0,0,0,0,0.000599640215870478,0,0,0,0,0,0,0,0,0,0.0184889066560064,0.00409754147511493,0,0,0,0,0.000499700179892065,0,0.000999400359784129,0,0,0.0156905856486108,0,0,0,0,0.000199880071956826,0.000999400359784129,0,0,0,0,9.9940035978413e-05,0.000299820107935239,9.9940035978413e-05,0,0,0,0,0.0363781730961423,0,0,0,0.0550669598241055,0,0,0.000299820107935239,0,0,0.00179892064761143,0.00189886068358985,0,0,0.000999400359784129,0.00529682190685589,9.9940035978413e-05,0.00559664201479113,0,0,0,0,0,0.00149910053967619,0,0.00379772136717969,0,0,0,0,0.00239856086348191,0,0,0,0,0.00159904057565461,9.9940035978413e-05,0,0,0,0.000499700179892065,0.000799520287827304,0,0,0.00439736158305017,0,0,0.000699580251848891,0.00149910053967619,0,0,0,0,0,0,9.9940035978413e-05,0,0,0.000299820107935239,0,0,0,0,0,0,0.000499700179892065,0,0,0,0.0300819508295023,0,0,0,0,0,0,0,0,0,0,0,0.00129922046771937,9.9940035978413e-05,0,0.00329802118728763,0,9.9940035978413e-05,0,0,0.000199880071956826,0,0.0343793723765741,9.9940035978413e-05,0.00199880071956826,0,0,0,0,0.00199880071956826,0,0.00119928043174096,0,0,0,0,0,0,0,0.00119928043174096,0,9.9940035978413e-05,0,0,0,0,0,0,0,0.000299820107935239,0.0076953827703378,0.0224865080951429,0,0,9.9940035978413e-05,0,0,0,0,9.9940035978413e-05,0,0,0,0,0.0233859684189486,0,0,0.0138916650009994,0,0.00339796122326604,0,0,9.9940035978413e-05,0,0.000799520287827304,0,0,0.0118928642814311,0,0,0,0,0,0,0.000899460323805717,0,0,0,0,0,0,0.000399760143913652,0,0,0.00809514291425145,0
0,0,0,0.00129844186975629,0.000299640431482221,0,0.00489412704754295,0.00199760287654814,0,0.000998801438274071,0,9.98801438274071e-05,9.98801438274071e-05,0.0187774670395525,9.98801438274071e-05,0,0,0,0.000199760287654814,0,0.00209748302037555,0.00299640431482221,0.00239712345185777,0,0,0.193068318018378,0,0,0.000399520575309628,0.000998801438274071,0.0460447463044347,0.0241709948062325,0.000199760287654814,0.0169796244506592,0,0,0.000299640431482221,0.0103875349580503,0,0,0,0,0,0.00599280862964443,0,0.00898921294446664,0,0,0,0,0.000199760287654814,0,0,0,0.00319616460247703,0,0,0.000998801438274071,0,0.0136835797043548,9.98801438274071e-05,0.00109868158210148,0,0,0,0.000399520575309628,0.00119856172592889,0,9.98801438274071e-05,0.000299640431482221,0.00209748302037555,9.98801438274071e-05,0,9.98801438274071e-05,0,0,0,0,0,0.00309628445864962,0,9.98801438274071e-05,0.0203755493407911,0.000299640431482221,9.98801438274071e-05,9.98801438274071e-05,0,0,0,0.00259688373951258,0,9.98801438274071e-05,0.000199760287654814,0,0,0,0,0,0.00249700359568518,0,0,0,0,0,0.000599280862964443,0.000799041150619257,0.0138833399920096,0.0177786656012785,0,0.00958849380743108,0,0,9.98801438274071e-05,0.00209748302037555,9.98801438274071e-05,0.031162604874151,0,0,0.00599280862964443,0,0,0,0,9.98801438274071e-05,0.00359568517778666,0,0,0,0,0,0.00219736316420296,9.98801438274071e-05,0,0,0,0,9.98801438274071e-05,0,0,9.98801438274071e-05,9.98801438274071e-05,0,0,0.000499400719137036,0,0,9.98801438274071e-05,0.00349580503395925,0,0,0.000199760287654814,0.000299640431482221,0,0.000898921294446664,0,0,0,0,9.98801438274071e-05,0.00819017179384738,0,0,0,0.0976827806632042,0,0,0,0,0,0,0.00069916100679185,0,0.000499400719137036,0,0,0,0.000399520575309628,0.0121853775469437,0.00958849380743108,0,0,0,0,0.00239712345185777,0.00109868158210148,0,9.98801438274071e-05,0,0,0,0.000199760287654814,0.00209748302037555,0,0,0,0,0,9.98801438274071e-05,0,0,0,0,0,0.000199760287654814,0,0.000199760287654814,0,0,0,0,0,0.00319616460247703,0.000399520575309628,0,0.00179784258889333,0.000299640431482221,0.00379544546544147,0.0055932880543348,0,0,9.98801438274071e-05,0.00219736316420296,0,0,0,9.98801438274071e-05,9.98801438274071e-05,0,0.00539352776667998,0,0.00369556532161406,9.98801438274071e-05,0,0.0186775868957251,0,0,9.98801438274071e-05,0,0,9.98801438274071e-05,9.98801438274071e-05,0,0,0,0,0,0,0,0,0,0.0156811825809029,0.000199760287654814,0,0,0.00359568517778666,9.98801438274071e-05,9.98801438274071e-05,0,0.000199760287654814,0.00269676388333999,9.98801438274071e-05,0,0,9.98801438274071e-05,9.98801438274071e-05,0,0,0,0,0.0108869356771874,0.000599280862964443,0.00609268877347183,0.0286656012784658,0,0,0,0,0,0,0.219037155413504,9.98801438274071e-05,0,0.0308629644426688,0,0,0,0,0,0.00189772273272074,0.000399520575309628,0,0,9.98801438274071e-05,0,0.000599280862964443,9.98801438274071e-05,0,0,0,0.0055932880543348,0
0,0,0,9.99600159936026e-05,0,0,0,0,0,0,0,0,0,0,0.0123950419832067,0,0,0,0,0,0,0.00149940023990404,0,0.00609756097560976,0,0.306577369052379,0,0,0.00889644142343063,0,0,0,0,0,0,0,0.000199920031987205,0,0,0,0,0,0,0,0,0,0,0,0.00039984006397441,0,0,0,0,0,0,0,0,0,0,0.000999600159936026,0,0,0,0,0,0,0.00649740103958417,0,0,0,0.000199920031987205,0,9.99600159936026e-05,0,0,0,9.99600159936026e-05,0,0,0,0,0,0,0,0,0,0,0,0,0,0,0.00619752099160336,0.0271891243502599,0,0,0,0,0,0,0,0,0,0,0,0,0,0,0.10765693722511,0,0,0,0,9.99600159936026e-05,0,0,0,0,0,0.0188924430227909,0,0,0,0,0,0,0,0,0,0,0,0,0,0,0,0,0,0.0131947221111555,0,0,0,0,0,0,0,0,0,0,0,0,0,0,0,0,0,0,0,0,0,0,0,0,0,0,0,0,0,0,0,0,9.99600159936026e-05,0.000299880047980808,0.00329868052778888,0.00079968012794882,0.00209916033586565,0,0,0,0,0.0124950019992003,0,0,0,0,0,0,0,0,0,0,0,0,0.00739704118352659,0,9.99600159936026e-05,0,0,0,0,0,0,0,0.000599760095961615,0,0,0,0,0,0,9.99600159936026e-05,0,0.00169932027189124,0,0,0,0,0,0,0,0.0523790483806477,0,0,0,0,0,0,0,0,0,0.00189924030387845,0,0,0,0,0,0,0,0,0,0,0,0,0,0,0,0.000599760095961615,0.000299880047980808,0,0,0,0,0,0,0,0,0.000699720111955218,0,0,0,0,0,0,0,0,0,0,0,0,0,0,0.393642542982807,0,0,0,0,0,0,0,0,0,9.99600159936026e-05,0,0,0.00139944022391044,0,0,0,0,0,0,0,0,0,0,9.99600159936026e-05,0,0,0.000899640143942423,0,0,0.00169932027189124,0
0,0,0,0,0,0,0.000299820107935239,0,0,0,0,0,0,0,0.00899460323805717,0,0,0,0,0,0,0.00289826104337398,0,0,0,0.0674595242854287,0,0,0.0934439336398161,0,0.000299820107935239,0,0,0.00409754147511493,0,0,0,0,0,0,0,0,0,0.000999400359784129,0,0,0,0,0,0,0,0,0,9.9940035978413e-05,0.00869478313012193,0,0,0.000299820107935239,0,0.00149910053967619,0,0,0,0,0,0,0.0022986208275035,0,0,0,0,0,9.9940035978413e-05,0,0,0,0,0,0,0,0,9.9940035978413e-05,0,0,0.00869478313012193,0,0,0,0,0,0,0,0.0227863282030782,0,0,0.0099940035978413,0,0,0.00389766140315811,0,0,0,0,0.00189886068358985,9.9940035978413e-05,0,0.00149910053967619,0.00589646212272636,0,0,0,0,0,0,0,9.9940035978413e-05,0,0,0,0,0.000199880071956826,0,0,0,0.00839496302218669,0,0,0,0,0,0.00129922046771937,0,0,0,0,0,0,0,0,0,0.000199880071956826,0,0,0,0,0,9.9940035978413e-05,0,0,0,0,0,0,0,0.00149910053967619,0,0,0,0,9.9940035978413e-05,0,0,0,0.0277833300019988,0,0,0,0,0,0,0,0,0,0,0.00389766140315811,0,0,0,0.00289826104337398,0,0,0,0,0,0,0,0,0,0,0,0,0,0,0,0,0,0,0,0,0,0,0,0,0.00139916050369778,0.061962822306616,0.000199880071956826,0,0,0,0.00409754147511493,0,0,0,0,0,9.9940035978413e-05,9.9940035978413e-05,0.000599640215870478,0,0,0,0,0,0,0,0,0,0,0,0,0,0,0,0.0225864481311213,0,0,0,0,0,0,0,0,0,0,0,0,0,0,0,0,0,0,0.000299820107935239,0,9.9940035978413e-05,0.000299820107935239,0,0,0,0,0.000199880071956826,0,0,0,0,0,0,0,0.000599640215870478,0.545072956226264,0,0.000199880071956826,0.0205876474115531,0,0.000799520287827304,0,0,0,9.9940035978413e-05,0.0242854287427543,0,0,0.00829502298620828,0,0,0,9.9940035978413e-05,0,0,0,0.00549670197881271,0,0,0,0.00119928043174096,0,0,0.0061962822306616,0,0.0022986208275035,0
0,0.00119952019192323,0,0.00139944022391044,0,0.000199920031987205,0,0.00259896041583367,0,0.000699720111955218,0,0,0,0.0191923230707717,0.00489804078368653,0,0.0100959616153539,0,0,0.00159936025589764,0.000699720111955218,0.00649740103958417,0,0,0,0.0807676929228309,9.99600159936026e-05,0,0.00959616153538585,0.00129948020791683,0,0,0,0.00359856057576969,0,0,0.000899640143942423,0,0,0,0,0,0.0562774890043982,0.000899640143942423,0,0.0197920831667333,0,0,9.99600159936026e-05,0,0,0,0,0,0,0,0,0.00259896041583367,0,0.0354858056777289,0,0.00159936025589764,0,0,0.000499800079968013,0,0.00569772091163535,0,0,0.00519792083166733,0.0039984006397441,0,0,0.000699720111955218,0,0,0,0.000499800079968013,0,0.00519792083166733,0.0037984806077569,0,0,0,0.00869652139144342,0,0.0179928028788485,0,0.00149940023990404,0.0038984406237505,0.0116953218712515,0.00929628148740504,9.99600159936026e-05,0,0.000999600159936026,9.99600159936026e-05,0,0,0.000999600159936026,0,0,0.00299880047980808,0,0,0,0.000599760095961615,0,0.0570771691323471,0.0324870051979208,0.00999600159936026,0,0,0.00109956017592963,0.00199920031987205,0,0.00959616153538585,0,0,0.00969612155137945,0.000999600159936026,0,0,0,9.99600159936026e-05,0.00309876049580168,0.00139944022391044,0.000199920031987205,0,0,0,0.00039984006397441,0.00669732107157137,0,0,0,0,0.0110955617752899,0.0100959616153539,0,0,0.00249900039984006,0,0,0,0,0,0.00359856057576969,0.00259896041583367,0,0.00139944022391044,0,0.00909636145541783,0,0.00109956017592963,9.99600159936026e-05,0,0,0,0.0187924830067973,0.00179928028788485,0,0,0,0,0,0,0,0,0,0,0.00109956017592963,0,0,0,0,0,0,0.00039984006397441,0.0362854858056777,0,0.0079968012794882,0.00129948020791683,0,0.00159936025589764,0,0,0,9.99600159936026e-05,0,0,0,0.00329868052778888,0.00039984006397441,0.00319872051179528,0,0,0.000299880047980808,0,0,0,0,0,0,0.00719712115153938,0,0.0193922431027589,0,0,0,0,0,0,0.000199920031987205,0,0.000299880047980808,0,0.0428828468612555,0.000299880047980808,0,0,0,0,0.000199920031987205,0,0.0130947620951619,0.000199920031987205,0,0.00079968012794882,0.00539784086365454,0.000599760095961615,0.0253898440623751,0,0,0.0562774890043982,0,0,0,0,0,0.00249900039984006,0,0,0,0,0.023890443822471,0,0,0,0,0,0,0.000499800079968013,0,0,0.00039984006397441,0.00139944022391044,0.00639744102359056,0,0.000199920031987205,0.000699720111955218,0,0.000599760095961615,0,0.00039984006397441,0,0,0,0,0,0.00179928028788485,0,0,0.00319872051179528,0,0,0,0,0,0.000299880047980808,0.143842463014794,0,0,0.0121951219512195,0,0,0.00239904038384646,0,0,0.000199920031987205,0.00409836065573771,0,0,0,0,0.0122950819672131,0.00359856057576969,0.00079968012794882,0,0,0.00649740103958417,0
0,0,9.99100809271655e-05,0.000199820161854331,0,0.000299730242781497,0,9.99100809271655e-05,0,0.000699370566490159,0,0,0,0,0.0025976621041063,0,0.0054950544509941,0,0,0,0,0.00349685283245079,0.000799280647417324,9.99100809271655e-05,0.000199820161854331,0.0710360675392147,0,0,0.000299730242781497,0.00529523428913977,0.0344689779198721,0,9.99100809271655e-05,0.00209811169947048,0,0,0.00409631331801379,0.00189829153761615,0.000499550404635828,0.00089919072834449,0,0,0,0,0,9.99100809271655e-05,0,9.99100809271655e-05,0.00219802178039764,0,0,0,0,0.000599460485562993,0,0,0,0,0,0.00139874113298032,0.000599460485562993,9.99100809271655e-05,0.000499550404635828,0.0101908282545709,0,0,0.00109901089019882,0,0,0,0.00219802178039764,0,9.99100809271655e-05,0.000699370566490159,0,0,0,0,0,0.00149865121390748,0,9.99100809271655e-05,0.00219802178039764,0,0,0.00269757218503347,0,0,0.000299730242781497,0.00659406534119293,0,9.99100809271655e-05,0.000699370566490159,0,0,0.000199820161854331,0,0,0.00139874113298032,0,0,0,9.99100809271655e-05,0,0,0,0,0.275252272954341,0,0.0028973923468878,0,0,0,0.00089919072834449,9.99100809271655e-05,0.0338695174343091,0,9.99100809271655e-05,0.00679388550304726,0,0,0,0.00719352582675592,0.000199820161854331,0.0129883105205315,0,9.99100809271655e-05,0,0,0,0,9.99100809271655e-05,0,9.99100809271655e-05,0,0,0.00269757218503347,0,0,0,0.00399640323708662,0,0,0,0,0,0.000999100809271655,0.0028973923468878,0.00089919072834449,9.99100809271655e-05,0,0,0,0.00089919072834449,0.000399640323708662,0,0,0,9.99100809271655e-05,9.99100809271655e-05,0,0,0,0.0306723948446398,0,0,0.00849235687880907,0.000199820161854331,0,0,0.00219802178039764,0.0141872314916575,9.99100809271655e-05,0,0,0.000199820161854331,0,0,0.0025976621041063,0,0.00619442501748426,0,0,0,0.00119892097112599,0,0,0,0,0,0,0.000799280647417324,0.000199820161854331,0,0,0,0.00159856129483465,0,0,0,0,0,9.99100809271655e-05,0,0.00309721250874213,0.00809271655510041,9.99100809271655e-05,0,0.00519532420821261,0,0,0,0,0,0.000699370566490159,0.00439604356079528,0.00729343590768308,0,0,0,0.00529523428913977,0.000999100809271655,0,0,0.000799280647417324,0,0,0,0.00159856129483465,9.99100809271655e-05,0.0101908282545709,0,0,0.0457588170646418,0,0,0,0,0,0,0,0,0,0,0.000499550404635828,0.00129883105205315,0,0,0,0,0,9.99100809271655e-05,0.00189829153761615,0,0.00369667299430513,0.00269757218503347,0.00109901089019882,0,0,0,9.99100809271655e-05,0,0,0.000699370566490159,0,0,0,0,0.00119892097112599,0.228594265161355,0,0,0.000799280647417324,0,9.99100809271655e-05,0,0,0,0.00089919072834449,0.0405634928564292,0,0,0.000399640323708662,0.00109901089019882,0,9.99100809271655e-05,0,0,0.000199820161854331,0.00559496453192127,0,0,0.000699370566490159,0,0.0089919072834449,0.00169847137576181,0.000299730242781497,0,0,0.0100909181736437,0
0,0,0,0.00039984006397441,0.000999600159936026,9.99600159936026e-05,0.00159936025589764,0.00259896041583367,0,0.00129948020791683,0.000699720111955218,0.000299880047980808,0,0.0136945221911235,0.00139944022391044,0,0,0,9.99600159936026e-05,0,0.00359856057576969,0.00529788084766094,0.00129948020791683,0.000199920031987205,0,0.252598960415834,9.99600159936026e-05,0,0.00549780087964814,0.00969612155137945,0.0178928428628549,0.0213914434226309,0,0,0,0,0.00159936025589764,0.0518792483006797,0,0,0,0,0,0.0112954818072771,0,0.00839664134346262,0,0,0,0.000899640143942423,0,0,0,0.000299880047980808,0.0263894442223111,9.99600159936026e-05,0,0,0,0.0339864054378249,0.000499800079968013,0.00289884046381447,9.99600159936026e-05,0,0,0,0.00259896041583367,0,0,0,0.0137944822071172,0,0.00279888044782087,0.00149940023990404,0,0,0,0,0,0.0123950419832067,0.00189924030387845,0,0.0208916433426629,0,0.0038984406237505,0,0.00319872051179528,9.99600159936026e-05,0.000199920031987205,0.0104958016793283,0,0.00249900039984006,9.99600159936026e-05,0.00139944022391044,0,0,0,0,0,0,0,0,0.00149940023990404,0.000199920031987205,0,0.000599760095961615,0.000599760095961615,0.00599760095961615,0.00189924030387845,0.0144942023190724,0,0,0,0.00149940023990404,0,0.00599760095961615,0,9.99600159936026e-05,0,0,0,0,0,0.000199920031987205,0.0118952419032387,0,0,0,0,0.00189924030387845,0,0.0111955217912835,0,9.99600159936026e-05,0,0,0.0264894042383047,0.00659736105557777,0,0,0,0,0,0,0,0,0.00269892043182727,0.0037984806077569,0,0,0,0.00249900039984006,0,0,9.99600159936026e-05,0,0,0,0.000499800079968013,0.00579768092762895,0,0,0.0107956817273091,0,0,0,0.00499800079968013,0,0,0,0,0,9.99600159936026e-05,0,0,0,0,0.00549780087964814,0.00349860055977609,0,0.00819672131147541,0.000499800079968013,0,0.00209916033586565,0.00829668132746901,0,0,0,0,0,0,0.00869652139144342,0.000199920031987205,0,0.000199920031987205,0,0.00279888044782087,0,0,0,0,0,0,0.00369852059176329,9.99600159936026e-05,0.00719712115153938,0,0,0,0.000199920031987205,0,0,9.99600159936026e-05,0.00159936025589764,0.000199920031987205,0,0.00689724110355858,0.00169932027189124,0.00719712115153938,0,9.99600159936026e-05,0.000899640143942423,0.0157936825269892,0,0.00739704118352659,0,0,0,0.00469812075169932,0.00369852059176329,0.00669732107157137,0.000199920031987205,0,0.00419832067173131,0,0,0.000299880047980808,0,0,0,0,0,0,0,0,0,0,0,0.000599760095961615,0,0.000499800079968013,0,0.00139944022391044,0,0.00269892043182727,0.00189924030387845,0.00279888044782087,0,0.00719712115153938,0,0,0,0,0.000999600159936026,0.00309876049580168,0,0,0,0,0.000599760095961615,0,0,0.00609756097560976,0,0,0,0,0,0.00539784086365454,0.1062574970012,0.000199920031987205,0,0.031687325069972,0,0,0,0,0,0.00679728108756497,0.00739704118352659,0,0,9.99600159936026e-05,0,0.0124950019992003,0.00229908036785286,0,0,0,0.00719712115153938,0
0,0,0,0,0,0,0,0,0,0,0,0,0,0,0.000599760095961615,0,9.99600159936026e-05,0,0,0,0,0.00179928028788485,0,0,0,0.220211915233906,0,0,0.00079968012794882,0.00899640143942423,0,0,0,0.0196921231507397,0,0,0.00719712115153938,0.00569772091163535,0.00119952019192323,9.99600159936026e-05,0,0,9.99600159936026e-05,0,0,0.0211915233906437,0,0,0,0,0.00299880047980808,0,0,0,0,0,0,0,0,0,0,0,0,0,0,0,0,0,0,0,0,0,9.99600159936026e-05,0,0,0,0,0,0,0.0266893242702919,0,0,0.0428828468612555,9.99600159936026e-05,0,0,0,0,0,0.00129948020791683,0,0.000199920031987205,0,0,0,0.00129948020791683,0,0,0.0499800079968013,0,0,9.99600159936026e-05,0,0,0,0,0,0,0,0.000499800079968013,0,0,0,0.108656537385046,0,0,0,0,0.0111955217912835,0,0,0,0,9.99600159936026e-05,0,0,0.000199920031987205,0.0221911235505798,0,0,0.0154938024790084,0,0,9.99600159936026e-05,0,0,9.99600159936026e-05,0.000499800079968013,0,0,0.00189924030387845,0,0,0,0,0.00139944022391044,0.00119952019192323,0,0,0,0,0,0,0,9.99600159936026e-05,0,0.00149940023990404,0,0,0.0240903638544582,0,0,0,0,0,9.99600159936026e-05,0,0,0,0,0.00149940023990404,0,0,0,0,0,0,0.00599760095961615,0.00519792083166733,0,0,0,0,0,0,0,0,0,0,0,0,0.0116953218712515,0.000199920031987205,0,0,0,0,0,0,0,0,0,0,0,0,0.00129948020791683,0.00129948020791683,9.99600159936026e-05,9.99600159936026e-05,9.99600159936026e-05,0,0,0,0,0.00199920031987205,0,0,0,0.0142942822870852,0,0,0,0,0,0,0,0,0,0,0.00349860055977609,0,9.99600159936026e-05,0,0.0038984406237505,0,0,0,9.99600159936026e-05,0,0,0,0,0,0,0,0,9.99600159936026e-05,0,0,0,0,0.000299880047980808,0,0,0,0.00079968012794882,0,0,0.0128948420631747,0.00539784086365454,0,0,0,0.00239904038384646,0,0,0,0,0.00039984006397441,0,0,0,0.0214914034386245,0,0,0,0,0,0,0.252598960415834,0,0.000299880047980808,0.0436825269892043,0,0,0,0,0,0,0.00079968012794882,0,0,0,0,0,0,0.000299880047980808,0,0,0.00449820071971212,0
0,0,0,0,0,0,9.99700089973008e-05,0,0,0,0.000199940017994602,0,9.99700089973008e-05,0,0.00209937018894332,0.000399880035989203,0,0,0,0,0.00639808057582725,0.00649805058482455,0,0.000699790062981106,0,0.0539838048585424,0,0.000399880035989203,0.000699790062981106,0,0.00129961011696491,0,0,0.00379886034189743,0,0,0.000499850044986504,0.0109967009897031,0,0,0,0,0,0,0,0.172348295511347,0,9.99700089973008e-05,0,0,0,0,0,0,0,0,0,0,0,0.000399880035989203,0,0,0,0,0,0,0,0,0,0,0,0,0,0,0,0,0,0,0,0,0,0,0.0116964910526842,0,0,0.000199940017994602,0,0,0,0.0793761871438568,0,0.000499850044986504,0.000499850044986504,0,0,0,0,0,0.00949715085474358,0,0,0,0,0,0.000999700089973008,0,0,0.00689793062081376,0.00769769069279216,0,0,0,0,0.00749775067479756,0,0.000599820053983805,0,0,0.00879736079176247,0,0,0,0,0.000399880035989203,0.0542837148855343,0,0,0,0,0,0.00709787063880836,0.0105968209537139,0.00729781065680296,0,0,0,0.00169949015295411,0,9.99700089973008e-05,0,0.000299910026991902,0,0,0,0,0,0.00149955013495951,0,0,0,0,0.00319904028791363,0,9.99700089973008e-05,0,0,0,0,0,0.00419874037788663,0,0,0,0.0164950514845546,0,0,0,0,0,0,0,0,9.99700089973008e-05,0,0,0,0,0.00629811056682995,0.00839748075577327,0,0,0,0,0,0.00239928021593522,0,0,0,0,0,9.99700089973008e-05,0.00599820053983805,0,0,0,0.000299910026991902,0,0,0,0.000199940017994602,0,0,0,0,0,0.00139958012596221,0,0,9.99700089973008e-05,0.00169949015295411,0,0,0,0.000299910026991902,0,0,0,0,0.00659802059382185,0,0,0,0,0,0,0,0.0363890832750175,0,0.00889733080075977,0,0.0184944516645007,9.99700089973008e-05,0,0.0901729481155653,0,0,0,0,0,0,0,0,0,0,0,0,0,0,0,0,0.00809757072878137,0,0,0,0.00369889033290013,0.00909727081875437,9.99700089973008e-05,0,0,0,9.99700089973008e-05,0,0,0.000699790062981106,0,0,0,0,0,0.000599820053983805,0,0,0.00259922023392982,9.99700089973008e-05,0,0,0,0,0,0.208937318804359,0,0,0.0475857242827152,0,0,0,0,0,0,0.00689793062081376,0,0,0,0,0.00669799060281915,0,0.00309907027891633,0,0,0.0111966410076977,0
0,0,0,0,0.000599820053983805,0,0,0,0,0,0,0,0,0,0.00169949015295411,0,0.000399880035989203,9.99700089973008e-05,0,0,0.00539838048585424,0,0,0,0,0.00339898030590823,0,0,0.00509847045886234,0,0,0,0,0.00359892032390283,0.000299910026991902,0,0.00119964010796761,0.0488853343996801,0,0,0,0,0,0,0,0.00519844046785964,0,0,0,0,0,0,0,0,0,0,0,0.000399880035989203,0,0.0547835649305208,0,0,0,0.00289913026092172,0,0,0.0187943616914926,0.000699790062981106,0,0.0121963410976707,0.00219934019794062,0,0,0,0,0,0,0,0,0,0,0,0,0,0,0.000399880035989203,9.99700089973008e-05,0,0,0,0,0.0131960411876437,0,0,0,0,0,0,0,0,0,0,0.00139958012596221,0,0,0,0.00319904028791363,0.00249925022493252,0,0,0,0,0,0.000599820053983805,0,0,0,0.000199940017994602,0.0110966709987004,0,0,0.00119964010796761,0.00509847045886234,0.00129961011696491,0,0,0,0,0,0,0,0.0130960711786464,0,0,0,0,0.00479856043187044,0,0,0,0.000699790062981106,0,0,0,0,0,0.0120963710886734,0,0,0,0.000299910026991902,0.019594121763471,0.000199940017994602,0,0,0,0,0,0,0.00809757072878137,0,0,0,0,0,0,0,0.000599820053983805,0,0.000399880035989203,0,0,0,0,0,0,0,0,0.0921723482955114,0,0,0,0,0,0,0,0.000199940017994602,0,0,0,0.000799760071978406,0,9.99700089973008e-05,0,0,0,0,0,0,0.0267919624112766,0,0.00459862041387584,0,0,0,0.00349895031490553,0,0,0,0.00129961011696491,0,0,0.00269919024292712,0,0,0,0.0369889033290013,0.0236928921323603,0,0,0.00579826052184345,0,0,0,0,9.99700089973008e-05,0,0,0,0,0.0125962211336599,0,0,0.023592922123363,0,0,0,0,0,0,0,0,0,0,9.99700089973008e-05,9.99700089973008e-05,0,0,0,0,0,0,0,0,0,0.000399880035989203,0.000199940017994602,0,0,0,0.000899730080975707,0,0,0,0,0,0,0,0,0.313006098170549,0.00119964010796761,0,0.00849745076477057,0,0.00359892032390283,0,0,0,0,0.127461761471559,0,0,0.0153953813855843,0,0,0,0,0,0.013296011196641,0,0,0,0,0,0,0,0.000199940017994602,0,0,0.0126961911426572,0
0,0,0,0.00489902019596081,0,0,0.00529894021195761,0,0,0.00439912017596481,0,0,0,0.0167966406718656,0.000399920015996801,0,0,0,0,0,0,0,0.000999800039992002,0,0,0.145670865826835,0,0,0,0,0,0,0.0001999600079984,0,0,0,0.000499900019996001,0.0736852629474105,0,0,0,0,0,0.0113977204559088,0,0.0389922015596881,0,0,0.0015996800639872,0,0,0,0,0,0,0,0,0,0,0,0.001499700059988,0.0012997400519896,0,0,0,0,0,0,0.0011997600479904,0,0,0,0,0,0,0,0,0,0,0.0011997600479904,0,0,0.026494701059788,0,0,9.99800039992002e-05,0,9.99800039992002e-05,0.0002999400119976,0.0216956608678264,0,0,0,0,0,0,0,0,0.00459908018396321,0,0,0.00489902019596081,0,0,0,0,0,0.00589882023595281,0,0.0176964607078584,0,0,0.0001999600079984,0,0,0.00599880023995201,0.0002999400119976,0,0,0,0,0,0,0.0013997200559888,0.00609878024395121,0,0,0,0,0,0,0.00349930013997201,0,0,0,0.00249950009998,0.0886822635472905,0.0025994801039792,0,0,0,0,0,0,0,0,0,0,0,0,0,0,0,0,0,0,0,0.0275944811037792,0,0.0018996200759848,0,0,0,0,0,0,0.0022995400919816,0,0,0,0,0,9.99800039992002e-05,0,0,0,0,0,0.0391921615676865,0,0,0.00389922015596881,0,0.00999800039992002,0,0,0,0,0,0,0,0.0449910017996401,0.000399920015996801,0,0,9.99800039992002e-05,0.0171965606878624,0,0,0,0,0,0,0.000999800039992002,0.00499900019996001,0,0,0,9.99800039992002e-05,0,0,0,0,0,0.000599880023995201,0,0,0,0,0,0,0,0,0,0,0,0,0,0,0,0,0,0,0.0166966606678664,0,0,0,0,0,0,0,0,0.0421915616876625,0,0,0,0,0,0,0,0.0001999600079984,0,0,9.99800039992002e-05,0.0011997600479904,0.0017996400719856,0,0,0,0,0,0,0,0,9.99800039992002e-05,0,0,0,0.0030993801239752,0.0028994201159768,0.00919816036792642,0,0.0250949810037992,9.99800039992002e-05,0,0,0,0,0.0026994601079784,0.192861427714457,0,0,0.0426914617076585,0,0,9.99800039992002e-05,0,0.000399920015996801,0,0,0,0,0,0,0,0,0,0.0010997800439912,0,0,0
0,0,0,0,0,0,9.99700089973008e-05,0,0,0,0,0,0,0.011296611016695,0.00849745076477057,0,0,0,9.99700089973008e-05,0,0,0.00269919024292712,0,0.000499850044986504,9.99700089973008e-05,0.0334899530140958,0,0,0.000899730080975707,0.0109967009897031,0.0898730380885734,0.0128961311606518,0,0.000999700089973008,0,0,0.0217934619614116,0.00479856043187044,0,0,0,0,0,0.00929721083674898,0,0.000899730080975707,0,9.99700089973008e-05,0,0,0,0,0,0,0.000899730080975707,0,0,0,0,0.000299910026991902,0.000299910026991902,0,0,0,0,0.000199940017994602,0.00459862041387584,0,0,0.00869739078276517,0,0,0,0,0,9.99700089973008e-05,0,0,0,0.00479856043187044,0,0.000299910026991902,0,0,0.00159952014395681,0.000399880035989203,0,0,0,0.02259322203339,0,0.000299910026991902,0,0,0,0,0,0,0.00419874037788663,0,0.000199940017994602,0,0,0,0.000999700089973008,0,0.00309907027891633,0.0167949615115465,0.00479856043187044,0,0,0,0,0.00209937018894332,0,0,0,9.99700089973008e-05,0,9.99700089973008e-05,0,0,0,9.99700089973008e-05,0.052184344696591,0.00209937018894332,0,0,9.99700089973008e-05,0,0.0365890232930121,0,0,0,0,0,0.0196940917724683,0.00449865040487854,0,0,0.0646805958212536,0,0,0,0.0121963410976707,0,0,0.014295711286614,0,0,0.00329901029691093,0.00689793062081376,0,0.000499850044986504,0,0,0,9.99700089973008e-05,0.00119964010796761,0.0136958912326302,0,0,0.035889233230031,9.99700089973008e-05,0,0,0.00179946016195141,0,0,0,0.00139958012596221,0,0,0,0,0,0,0.00629811056682995,0.000899730080975707,0.00199940017994602,0.0114965510346896,0.000699790062981106,0,0.00179946016195141,0.000699790062981106,0,0,0,0,0.00649805058482455,0,0.00419874037788663,0.000299910026991902,0,0.020593821853444,0,0,0,0,0,0,0,0,9.99700089973008e-05,0,0.00259922023392982,0.00259922023392982,0,0,0.00479856043187044,0,0,0.000399880035989203,0,0.000299910026991902,0,0.00119964010796761,0,0.00699790062981106,0.000599820053983805,0,0.00259922023392982,0.00199940017994602,0,0,0.00149955013495951,0,0,0.000299910026991902,0.000999700089973008,0.0131960411876437,0,0,0.0608817354793562,0,0,0.000399880035989203,0,0,0.00519844046785964,0,0,0.00899730080975707,0,0,0,9.99700089973008e-05,0,0,0,0.00319904028791363,0.000499850044986504,0,0,0,0.000999700089973008,0.00219934019794062,0,0,0,9.99700089973008e-05,0,0,0.000299910026991902,0,0,0,0.00809757072878137,0.00379886034189743,0.00859742077376787,0,0.00549835049485154,0.0954713585924223,0,9.99700089973008e-05,0,0.000499850044986504,0,0.00149955013495951,0.0686793961811457,9.99700089973008e-05,0,0.0140957712686194,0,0,0,0.00359892032390283,0.00509847045886234,0.00129961011696491,0.00459862041387584,0,0,0,0,0.0266919924022793,0,0.00169949015295411,0,0.00319904028791363,0.00329901029691093,0.00739778066580026
0.0012,0,0,0,0,0,0,0,0,0,0,0,0,0,0.0159,0,0,0,0,0,0.028,0,0,8e-04,0,0,0,0,0,0,0,0,0,0,0,0,0,0,0,0,0,0,0,0.0131,6e-04,0,0,0,3e-04,0,0,0,0,0,0,0,0,0,0,0,0,0,0,0,0,0,0,0,5e-04,0,0,0,2e-04,0,0,0,0,3e-04,0,0.0111,0,0.0019,0.0057,0,0,0,0,2e-04,0,0,0,0.0028,0.0135,0,0,0,0.0017,0,0,0,0,0.0051,0,0,4e-04,2e-04,0,0.1423,0,0.0072,0,0,0.0022,0,0,0,0,0.005,0.0198,0,0,0,0,0,0.0321,0,0.3803,0,0,0,0,0.0132,0,0,0,0,0,0,0,0,0.0023,0,0,0,0,0,0,0.0029,0,0,0.0039,0,0,0.0013,0,0,3e-04,0,0,0,0.0033,0,0,0,0,0,0,0,2e-04,2e-04,0,0,0,0,0,0,5e-04,0,0,0,0,0,0,0,0,0,0,0,0,0,0,0,0,3e-04,0,0.0012,0,5e-04,0,0,0,0,0,0.0027,0,0.0102,0,0,0.0011,0,0,0,0,0,0,2e-04,0,0,0.0524,0,0.0307,0.0012,0,0,6e-04,0,0,0,0,0,0,1e-04,0,0.0254,0,0,0,0,0,0,0,0,0,0,0,0,0,0.0023,0,0,0.08,0,0.0023,0,0.0052,0,0.0046,0,0,0,0,0,0,0,0,0,0,0,6e-04,0,0,0,0,0,0,3e-04,0.0017,7e-04,0,0,0,0,0.021,0,0,0,0.0073,0,0,0,0,0,0,0,0.0017,0.0026,3e-04,0,0,0.0223,0
0,0,0,4e-04,0,0,0,0,0,0.0013,0,0,0,0.0157,3e-04,0,0,0,0,0,0,0.004,0.0033,0,6e-04,0.1433,0,0,0.0016,0,4e-04,1e-04,0,0.014,0.0092,0,0.0376,0,0.007,0,0,2e-04,0,0,0,0.0234,0,0,0,0,0,0,0,0,0,0,0,0,0,0.0061,0,0.0013,0,0,0,0,0.0018,0,0,0,0.0041,0,0,0,0,9e-04,0,0,0,0.0028,0.0033,0,0,0,0.0202,0,0,0,0,0.0031,0,0,0,0,0,0,0,1e-04,0.0102,0,0,0,0,0,0.005,0,0,0.0894,0.0061,0.0115,0,0,0,0.0113,0,0.0715,0,0,0.0093,0,6e-04,0,0.0069,1e-04,0.0257,8e-04,0,0,0,0.0077,2e-04,0,0,4e-04,0,0,0,0.0025,0,0,5e-04,0,0,0,0.0073,0,0,0,0,0,0.0019,0,0,6e-04,0,0,0,0,0,0.0217,0,4e-04,0,2e-04,0,0,4e-04,0,0,0,2e-04,1e-04,1e-04,0,0,0,0,0.0082,9e-04,0,0,0,0,0,0,0,0,0,0,0,0,0.0076,0,0,0.0028,0,0,0,0,0,0,0,0,0,0,7e-04,0,0,3e-04,0,0,0,0.0029,0,0.0023,0,0.0087,0.0098,0.0207,8e-04,0,1e-04,0,0.0147,0,0,0,0,0.0102,1e-04,0.0152,0,0,0.0225,0,0,2e-04,0,0,0,0,0,0,0,0,0,0,0,2e-04,0,0,1e-04,0,0,0,0,3e-04,0,0,0,0,0,0,3e-04,0,0,0,0.0044,0,1e-04,0,0,0.013,0,0,0,0,8e-04,0,0.1855,0,0,0.0522,0,0,0,0,0,0.002,4e-04,0,0,0,0,0.0034,0,3e-04,0,0.0026,0.007,0
0,0,0.000100040016006403,0.00340136054421769,0,0,0.00150060024009604,0,0,0,0,0,0,0,0.00500200080032013,0,0.000600240096038415,0,0,0,0,0.000100040016006403,0,0,0,0.0979391756702681,0,0,0.00110044017607043,0,0,0,0,0.000300120048019208,0,0,0.00490196078431373,0,0,0,0,0,0,0,0.000300120048019208,0.00130052020808323,0,0,0,0,0,0,0,0.00230092036814726,0,0,0,0.00180072028811525,0.00140056022408964,0,0,0,0,0,0,0,0.00150060024009604,0,0,0.00040016006402561,0.00510204081632653,0,0,0,0,0,0,0,0,0,0,0.000200080032012805,0,0,0.00370148059223689,0,0,0,0,0,0,0,0,0,0,0,0,0,0,0,0,0.0306122448979592,0.00450180072028811,0,0.00040016006402561,0.0208083233293317,0.000600240096038415,0.0177070828331333,0.00200080032012805,0,0.00300120048019208,0,0.00960384153661465,0,0,0.0203081232492997,0,0,0,0.000200080032012805,0,0,0,0,0,0.0121048419367747,0.000100040016006403,0,0,0,0.00610244097639056,0.00290116046418567,0,0,0,0.000100040016006403,0,0.00890356142456983,0,0,0.00510204081632653,0,0,0,0,0,0.00210084033613445,0.0324129651860744,0,0,0,0,0.000100040016006403,0,0,0,0,0,0,0.00160064025610244,0,0,0,0,0,0,0.00740296118447379,0,0,0,0,0,0,0,0,0,0,0,0.000100040016006403,0,0.0163065226090436,0,0,0.0038015206082433,0.00040016006402561,0,0.0119047619047619,0,0,0,0.0038015206082433,0.007703081232493,0,0,0,0,0,0,0.000100040016006403,0,0,0.00350140056022409,0,0,0,0,0,0,0,0,0.0315126050420168,0,0,0,0,0,0,0,0,0,0,0,0,0,0.00870348139255702,0,0,0,0,0,0.000800320128051221,0,0,0.0105042016806723,0,0,0,0,0,0.000300120048019208,0,0,0.00240096038415366,0,0.0106042416966787,0,0,0,0,0,0,0,0,0,0,0.000500200080032013,0.000600240096038415,0,0,0,0.000100040016006403,0,0,0,0,0,0,0,0,0.00600240096038415,0,0.000100040016006403,0.470388155262105,0,0,0,0,0,0,0.0607242897158864,0,0,0.0129051620648259,0,0,0,0,0,0.000100040016006403,0,0.00120048019207683,0,0,0,0.0106042416966787,0,0.000600240096038415,0,0,0.00210084033613445,0
0,0,0.000599760095961615,0,0,0,9.99600159936026e-05,0,0,0,0,0,0,0,0,0,0,0,0,0,0,0.00039984006397441,0,0,0,0.156837265093962,0,0,0.000999600159936026,0,0,0.000199920031987205,0,0,0,0,0.00879648140743703,0.000599760095961615,0,0,0,0,0,0,0,0.0356857257097161,0,0,0,0,0,0,0,0,0,0,0,0,0,0.00139944022391044,0,0,0,0,0,0,0,0,0,0,0,0,0,0,0,0,0,0,0,0.00159936025589764,0,0,0.0447820871651339,0,0,0,0,0,0,0,0.00129948020791683,0.00139944022391044,0.00289884046381447,0,0,9.99600159936026e-05,0,9.99600159936026e-05,0,0,0,0.00859656137544982,0,0,0,0,0,0.07796881247501,0,0,0,0,0,0,0,9.99600159936026e-05,0,0,9.99600159936026e-05,0,0,0,0.00229908036785286,0,0.0750699720111955,0,0,0,0,0,0.0187924830067973,0.0179928028788485,0,0,0,0,0.00289884046381447,0,0,0,0.113654538184726,0,0,0,0,0,0.00109956017592963,0,9.99600159936026e-05,0,0,0,0,0,9.99600159936026e-05,0,0,0,0,0,0,0,0,0,0,0,0,0,0,0,0,0,9.99600159936026e-05,0,0,0,0,0,0,0,0,0,0,0,0.000699720111955218,0,0,0,0,0.000199920031987205,0,0.0400839664134346,0,0,0,0,0,0,0,0,0,0,0,0,0,0.00449820071971212,0,0,0,0,0,0,0,0,0,0,0.00129948020791683,0,0.0502798880447821,0,0,0,0,0,0,0,0,0,0,0,0.0126949220311875,0,0,0,0,0,0,0,0,0,0,0,0,0,0.000699720111955218,0,0.00189924030387845,0,0,0,0,0,0,0,0,0,0,0,0.00149940023990404,0.0227908836465414,9.99600159936026e-05,0,0,0,0,0,0,0,0,0.000599760095961615,0,0.0105957616953219,0,0,0,0,0,0,9.99600159936026e-05,0.190423830467813,0,0.000199920031987205,0.0593762495001999,0,0,0,0,0,0,0,0,0,0,0,0.0194922031187525,0,0.000499800079968013,0,0,0.00529788084766094,0
0,0,0,0,0,0,0,0,0,0,0,0,0,0,0.000599700149925037,0,0,0,0,0,0,0.0015992003998001,0,0.000499750124937531,0,0.182208895552224,0,0,0.000699650174912544,0.0031984007996002,0.0281859070464768,0,0,0,0,0,0.00199900049975012,0.000999500249875062,0,0,0,0,0,0.00499750124937531,0,0.0118940529735132,0,0,0,0,0,0,0,0,0,9.99500249875062e-05,0.000199900049975012,0,0,0.00379810094952524,0,0,0,0.00499750124937531,0,0,0.00219890054972514,0,0,0,0,0,0,0,0,0,0,0,0,0.00149925037481259,0,0,0.00289855072463768,0,0,0,0,0,0,0.00809595202398801,0,0.0015992003998001,0.00199900049975012,0,0,0,0,0,0.00209895052473763,0,0,0,9.99500249875062e-05,0,0,0,0,0.00619690154922539,0,0,0.000299850074962519,0,0,0.00249875062468766,0,9.99500249875062e-05,0.00079960019990005,0,0,0,0,0,0,0,0.0667666166916542,0,0,0,0,0,0,9.99500249875062e-05,0,0.000199900049975012,0,0,0.0218890554722639,0.00119940029985007,0,0.000199900049975012,0.000299850074962519,0,0,9.99500249875062e-05,0,0,0.000899550224887556,0.00539730134932534,0.000599700149925037,9.99500249875062e-05,0,0.000299850074962519,0,0,0,0,0,0,0.000599700149925037,0.00779610194902549,0,0,0,0.00529735132433783,0,0,0.00329835082458771,0,0,0,0,0,0,0,0,0,0,0.00259870064967516,0.0231884057971014,0,0.00329835082458771,0,0,0,0,0,0,0,0,0,0.000299850074962519,0.00079960019990005,0.000499750124937531,0,0,0,0.00149925037481259,0,0,0,0,0,0,0,0.0170914542728636,0,0,0,0.000199900049975012,0.00149925037481259,0,0,0,0,0.000399800099950025,0,0.0063968015992004,0,0.00649675162418791,0,0.00239880059970015,0.00239880059970015,0,0,0.00489755122438781,0,0,0,0.00299850074962519,0.0031984007996002,0.0142928535732134,0,0,0.208895552223888,0,0,0.000599700149925037,0,0,0,0,0,0,0,0,0.000599700149925037,0,0,0,0,0.000199900049975012,0,0,0,0.00289855072463768,0.00399800099950025,9.99500249875062e-05,0,0.000599700149925037,0,0.000499750124937531,0,0,0,0.00209895052473763,0,0,0,0,0.000599700149925037,0,0,0.0417791104447776,0,0,0,0,0,0.00149925037481259,0.23608195902049,0,0,0,0,0,0,0,9.99500249875062e-05,9.99500249875062e-05,0,0,0,0,0,0.00459770114942529,0,0,0,0,0.00889555222388806,0
0,0,0,0.000299910026991902,0,0,0,0,0.00469859042287314,0,0,0,0,0,0.000299910026991902,0,0,0,0,0,0.000399880035989203,0.00249925022493252,0.000399880035989203,0,0.000299910026991902,0.1592522243327,0,0,0,0,0.000399880035989203,0,0.00149955013495951,0.00249925022493252,0,0,0,0.000399880035989203,0.000199940017994602,0,0,0,0,0.00369889033290013,0,0.000199940017994602,0,0,0.000199940017994602,0,0,0,0,0,0,0,0,0,0,0.00329901029691093,0,0.00179946016195141,9.99700089973008e-05,0,0,0,0.00199940017994602,0,0,0.00729781065680296,0.000999700089973008,0,0,0.000499850044986504,0.0197940617814656,0,0,0,0,0.00299910026991902,0.000299910026991902,0,0,0,0.00359892032390283,0,0,9.99700089973008e-05,0,0.00549835049485154,9.99700089973008e-05,9.99700089973008e-05,0.00409877036888933,0.000599820053983805,0,0,0,0,0.00149955013495951,0,0,0,0,0,0.000199940017994602,0,0.000399880035989203,0.302109367189843,0.00149955013495951,0.00449865040487854,0,0,9.99700089973008e-05,0.00419874037788663,0,0.00679796061181645,0,0,0.0116964910526842,0,0,0,0,9.99700089973008e-05,0.00899730080975707,0,0.00119964010796761,0,0,0,0.000599820053983805,0.0349895031490553,0,0,0,0,0,0.00129961011696491,0,0,0.000399880035989203,0,0,0,0,0,0,0.00869739078276517,0,0,0,0.000199940017994602,0,0,0,0,0,0,0.000799760071978406,0.00159952014395681,0.000999700089973008,0,0.00979706088173548,0,0,0.000199940017994602,0,0,0,0,0,0,0,0,0,0,0,9.99700089973008e-05,0.000699790062981106,0,0.00309907027891633,0,0,0.000299910026991902,0,0,0,0,0.00599820053983805,0,0,0.00169949015295411,0,0,0,0,0.000899730080975707,0,0,0,0,0,0,0,0.0563830850744777,0.000399880035989203,0,0,0,0,0,0,0.000899730080975707,0,0.000799760071978406,0,0.00279916025192442,0.000599820053983805,0,0.000899730080975707,0.000999700089973008,0,9.99700089973008e-05,0,0.000799760071978406,0.00269919024292712,0,0,0.00119964010796761,0.000999700089973008,0.0118964310706788,0,0,0.026592022393282,0,0,0,0,0,0,0,0,0.00389883035089473,0,0.000899730080975707,0,0,0,0,0.00359892032390283,0.000799760071978406,9.99700089973008e-05,0,0,0.000399880035989203,0.000199940017994602,0.000199940017994602,0,0,0.000299910026991902,0,0,0,0,9.99700089973008e-05,0,0,0.00229931020693792,0.000199940017994602,0.000299910026991902,0,0,0.0380885734279716,0,0,0,0,0,0.00159952014395681,0.1555533339998,0,0,0.0260921723482955,0,0,0,0,0,0.00139958012596221,0,0.00549835049485154,0,0,0,0.00199940017994602,0.000399880035989203,0,0.000799760071978406,0,0.00109967009897031,0
0,0,0,0,0,0,2e-04,0,0,0,0,0,6e-04,0,6e-04,0,0,0,0,0,0,0,0,0,0,0.0047,0,0,4e-04,0,0,0,0,0,0,0,0.0345,0,0.001,0,8e-04,0,0,0,0,0,0,0,0,0,0,0,0,0,0,0,0,0,0,0,0,0,0,0,0,0,0,0,0,0,0,0,0,0,0,0,0,0,0,0,0,0,0,0,0,0,0.0037,0,0,0,0,0.0024,7e-04,0,0,0,0,0,0,0,0,0.002,0,0,0,0,0,0,0,0,0,0,0,0,0,0,0,0.001,0.0259,0,0,0,0.0054,1e-04,0,0,0,0,0,0,0,0,0,0,0,0.0228,0.0015,6e-04,0,0,0.0019,0,0,0,0,0,0,0,0,0,0,0,0,0,0,0,0,0,0,0,0,0,0,0,0,0,0,0,0,0,0,0,0,0,0,0,0,0,0,0,0,0,0,0,0,0,0,0,0,0,0,0,4e-04,0,0,4e-04,0,0,0,0,0,0,0,0,0,0.0092,0.0016,0,0,2e-04,0,0,0,0,0,0,0.0396,0,0,0,0,0,0,0,0,0,0,0,0,0,0,0,0,0,0,0,0,0,0,0,0,0,0,0,0,0,0,0,0,0,0,0,0,0,0,0,0,0,0,0,0,0,0,0.0024,0,4e-04,0,0,0,0.0036,0,0,0.004,0,1e-04,0,0,0,0,0.8265,0,0,0,0,3e-04,5e-04,0,0,0,0,0,0,0,0,0,0,0,0,0,0,0
0,0,0,0,0,0,0,0,0,0,0,0,0.0002999700029997,0,0.0260973902609739,0,0.0001999800019998,0,0,0,0,0.0006999300069993,0,0.0004999500049995,0,0.239476052394761,0,0,0.0037996200379962,0.0014998500149985,0.0006999300069993,0,0,0.0035996400359964,0,0,0.0005999400059994,0.0004999500049995,9.99900009999e-05,9.99900009999e-05,0,0,0,0,0,0,0,0,0,0,0,0,0,0,0,0,0.0002999700029997,0,0,0.0001999800019998,0,0,0.0002999700029997,0,0,0,0.0130986901309869,0,0,0,0,0,0,0,0,0,9.99900009999e-05,0,0,0.0020997900209979,0,0,0,0,0,0.0002999700029997,0,0,0,0.001999800019998,0,0.0005999400059994,0.0268973102689731,0,0,0.0003999600039996,0,0,0,0,0,0.0110988901109889,0,0,0,0,0,0.0666933306669333,0,0,0,0,0,0,0,9.99900009999e-05,0,9.99900009999e-05,9.99900009999e-05,0,0,0,0.0014998500149985,0,0.01999800019998,0,0,0,0,0,0,0.0777922207779222,0,9.99900009999e-05,0,0,0.0146985301469853,0,0,0,0.172382761723828,0,0,0,0,0,0.000999900009999,0,0,0.0030996900309969,0,0,0,0,0,0,0,0,0,0.0045995400459954,0,0,0,0,0,0,0,0,0,0,0.0008999100089991,0,0,0,0,0,0,0,0,0,0,0,0,0,0,0,0,0,0,0,0,0.0025997400259974,0.0002999700029997,0,0,0,0,0,0,0,0,0,0,0,0,0.0016998300169983,9.99900009999e-05,0,0.0001999800019998,0.0001999800019998,0,0,0,0.0010998900109989,0.0001999800019998,0,0,0,0.0021997800219978,0,0,0,0,0,0,0,0,0.0015998400159984,0,0,0,0,0,0.0775922407759224,0,0,0,0,0,9.99900009999e-05,0,0,0,0,0.0001999800019998,0.0001999800019998,0,0,0,0,0,0,0,0,0.0002999700029997,0.0002999700029997,0.0038996100389961,0,0.0001999800019998,0,0,0,0,0.0003999600039996,0,0,0,0,0,0,0,0,0.193080691930807,0,0,0,0,0,0.0006999300069993,0.0005999400059994,0,0,0.0127987201279872,0,0,0,0,0,0,0,0,0,0,0,0,0,0.0004999500049995,0,0,0.0002999700029997,0
0,0,0,0.0070992900709929,0,0,0.0007999200079992,0,0,0,0,0,0,0,9.99900009999e-05,0,0,0,0,0,0,0.0032996700329967,0,0.0001999800019998,0.0005999400059994,0.400959904009599,0,0,0.0018998100189981,0.0002999700029997,0.0095990400959904,0,0,0,0,0,0.0002999700029997,0,0,0,0.0003999600039996,0,0,0,0,0.0238976102389761,0,0,0,0.0006999300069993,0,0,0,0,0,0,0,0.0005999400059994,0,0.018998100189981,0,9.99900009999e-05,0,0,0,0,0.024997500249975,0,0.0003999600039996,0,0.0008999100089991,0,0,0,0,0,0,0,0,0.0025997400259974,0,0,0,0,0.007999200079992,0.0001999800019998,0.0114988501149885,0,0,0,0,0.0006999300069993,0.0005999400059994,0.0015998400159984,0,0,0,0.0007999200079992,0,0,0,0.0107989201079892,0,0,0,0,0,0.0003999600039996,0.0010998900109989,0.0131986801319868,0.0006999300069993,0,0.0002999700029997,0,0,0.0364963503649635,0,0,0,0,0.0006999300069993,0,0.0023997600239976,0,0.0027997200279972,0,0.0042995700429957,0,0,0,0,0.0021997800219978,0,0,0,0.0016998300169983,0.017998200179982,0.0055994400559944,0,0,0.0008999100089991,0,0,0,0,0,0,0,0,0,0,0,0,0,0,0,0,0,0,0.0048995100489951,0.0023997600239976,0,0,0,0,0,0.0028997100289971,0,0,9.99900009999e-05,0,0.0022997700229977,9.99900009999e-05,0,0,0,0,9.99900009999e-05,0.0045995400459954,0,0,0.0014998500149985,0,0.0017998200179982,0,0,0,0,0,0.0037996200379962,0,0.0088991100889911,9.99900009999e-05,0,0,0,0,0,0,0,0,0,0,0,0.0398960103989601,0.0026997300269973,0,0,0.0001999800019998,0,0,0,0,0,0,0,0,0,0.0004999500049995,0,0.0023997600239976,0,0.0001999800019998,0,0.0017998200179982,0,0,0.0001999800019998,9.99900009999e-05,0.0005999400059994,0.0022997700229977,0,0,0.0627937206279372,0,0,0,0,0,0.0001999800019998,0,0,0,0,0.0025997400259974,0,0,9.99900009999e-05,0,0,0,0,0,0,0,0.0003999600039996,0.0005999400059994,0,0,0.0020997900209979,0,0,0,0,9.99900009999e-05,0,0,0,0,0.0034996500349965,0,0,0.114588541145885,0,0,0,0,0,0,0.031996800319968,0,0.0502949705029497,0.0132986701329867,0.0002999700029997,0,0,0,0,0,0,0,0,0,0,9.99900009999e-05,0,0.0011998800119988,0,0,0.0076992300769923,0
0,0,0,0,0,0,0.0001000100010001,0,0.0113011301130113,0,0,0,0,0,0.101510151015102,0,0,0,0,0,0,0.0038003800380038,0,0,0.0002000200020002,0.226022602260226,0,0,0.0045004500450045,0,0,0.0008000800080008,0,0.0094009400940094,0.0059005900590059,0,0,0.0119011901190119,0.0001000100010001,0,0,0,0.0056005600560056,0.0004000400040004,0,0.012001200120012,0,0.0004000400040004,0.0003000300030003,0,0,0,0,0,0,0,0,0,0,0.0007000700070007,0,0.0005000500050005,0,0,0.0153015301530153,0,0.0118011801180118,0,0,0,0.0023002300230023,0,0,0,0.0002000200020002,0,0,0.0002000200020002,0,0.0084008400840084,0.0004000400040004,0.0001000100010001,0.007000700070007,0,0.0029002900290029,0,0.0358035803580358,0,0,0,0.028002800280028,0.0004000400040004,0,0,0,0,0,0,0,0,0,0,0.0007000700070007,0.0007000700070007,0,0.0042004200420042,0.0001000100010001,0.0764076407640764,0.004000400040004,0,0,0.0014001400140014,0,0,0,0,0,0,0,0,0,0,0,0.0001000100010001,0,0.0016001600160016,0.0087008700870087,0.0004000400040004,0,0.0012001200120012,0,0.0306030603060306,0,0,0,0,0.0654065406540654,0.0015001500150015,0,0,0.003000300030003,0,0,0,0,0,0.0066006600660066,0.0026002600260026,0,0,0,0,0,0,0.0001000100010001,0,0,0,0.0208020802080208,0,0,0,0.0134013401340134,0.0001000100010001,0,0,0.0098009800980098,0,0,0.0079007900790079,0.0006000600060006,0,0,0,0,0,0,0.0123012301230123,0.0108010801080108,0,0.0071007100710071,0.0004000400040004,0,0.001000100010001,0,0,0,0,0,0.0003000300030003,0,0.0008000800080008,0.0004000400040004,0,0,0,0.0002000200020002,0,0,0,0,0,0,0.0242024202420242,0,0.0015001500150015,0,0,0,0.0006000600060006,0,0,0.0041004100410041,0,0.0011001100110011,0,0.0001000100010001,0.003000300030003,0,0,0.0001000100010001,0.0013001300130013,0.0012001200120012,0.0007000700070007,0.0064006400640064,0,0,0,0.0014001400140014,0.0013001300130013,0.0049004900490049,0,0,0.0118011801180118,0,0,0,0,0,0.003000300030003,0,0,0,0.0085008500850085,0.0011001100110011,0,0,0,0,0,0,0,0.0018001800180018,0,0.0009000900090009,0.0012001200120012,0.0027002700270027,0,0,0.0008000800080008,0,0,0,0.0002000200020002,0,0,0,0.0157015701570157,0.0012001200120012,0.0019001900190019,0,0,0.0074007400740074,0,0,0,0,0,0.0054005400540054,0.0478047804780478,0,0,0.0239023902390239,0,0,0,0,0,0.0053005300530053,0,0,0,0,0,0,0,0.0029002900290029,0.0011001100110011,0,0,0
0,0,0,0.0002999400119976,0,0,0.000399920015996801,0,0,0,0.0002999400119976,0,0,0.0113977204559088,0.001499700059988,0,0.00439912017596481,0,0,0,0.00499900019996001,0.0017996400719856,0,0.00649870025994801,0,0.0646870625874825,0,0,0,0,0.00849830033993201,0,0,9.99800039992002e-05,9.99800039992002e-05,0,0,0.000599880023995201,9.99800039992002e-05,0,9.99800039992002e-05,0,0.00949810037992401,0.0010997800439912,0,0,0,0,0,0,0,0,0,0,0.0001999600079984,0,0,0,0,0.0122975404919016,0.0001999600079984,0.0010997800439912,9.99800039992002e-05,0,0,0,0.0277944411117776,0.0002999400119976,9.99800039992002e-05,0,0.00249950009998,0,0,0,0,0,0,0,0,0.000599880023995201,0.0002999400119976,0,0,9.99800039992002e-05,0.00689862027594481,0,0,0,0.0001999600079984,0.0018996200759848,0,0.0843831233753249,0.0030993801239752,0.0031993601279744,0,0,0,0,0.000399920015996801,0,0,0,0,0,0.000599880023995201,0.0011997600479904,0,0.134473105378924,0.00729854029194161,0.0020995800839832,0,0,0,0.0145970805838832,0,0.00419916016796641,0,0,0,0,0.0002999400119976,0,0,0,0.000399920015996801,0.0013997200559888,0,0,0,0.0012997400519896,0.000799840031993601,0,0.000999800039992002,0,0.000799840031993601,0,0.174165166966607,0.00329934013197361,0,0,0.0001999600079984,0,0.002999400119976,0.0002999400119976,0,0,0.000399920015996801,0.00699860027994401,0,0,0,9.99800039992002e-05,0,0,9.99800039992002e-05,0,0.000499900019996001,0,0,0.00249950009998,0,0,0.0118976204759048,0,9.99800039992002e-05,0,0.0020995800839832,0.001999600079984,0.0001999600079984,0,0,0.0010997800439912,0,0,0,0,0,0.0001999600079984,0.00809838032393521,0.000999800039992002,0.000899820035992801,0.0012997400519896,0,0,0.000599880023995201,9.99800039992002e-05,0,0,9.99800039992002e-05,0,0,0.0016996600679864,0,9.99800039992002e-05,0.0001999600079984,0,0.0208958208358328,9.99800039992002e-05,0,0,0,0,0,0,0.0207958408318336,0.000399920015996801,0,0,0,0,0,0,0,0,9.99800039992002e-05,0,0.00749850029994001,0.00879824035192961,9.99800039992002e-05,0,0,0.001499700059988,9.99800039992002e-05,0,0.000899820035992801,0,0.0001999600079984,9.99800039992002e-05,0.002999400119976,0.000399920015996801,0.00559888022395521,0,0.0001999600079984,0.0392921415716857,0,0,0,0,0,0.0002999400119976,0,9.99800039992002e-05,0,0.00799840031993601,0.0002999400119976,0,0,0,0.0001999600079984,0,0,0.000499900019996001,0,0,0.000499900019996001,0,9.99800039992002e-05,0,0.000399920015996801,0.00339932013597281,0.0001999600079984,0,0,9.99800039992002e-05,0,0,0,0,0.000499900019996001,9.99800039992002e-05,0,0,0.0100979804039192,0,0,0,9.99800039992002e-05,0,9.99800039992002e-05,0.18996200759848,0,0,0.00369926014797041,0,0,0,0,0.0001999600079984,0.0020995800839832,0.0001999600079984,0,0,0,0,0.0116976604679064,9.99800039992002e-05,0.000599880023995201,0,0,0.000699860027994401,0
0.00619876024795041,0,0,0.0002999400119976,0,0,0,0.000899820035992801,0,0,0,0,0,0,0.0025994801039792,0.0001999600079984,0,0,0,0,0.001999600079984,0.0013997200559888,9.99800039992002e-05,0.00389922015596881,0,0,0,0,0.00749850029994001,0.0021995600879824,0.0017996400719856,0,0.001999600079984,0.00379924015196961,0,0,0.0023995200959808,0.001499700059988,0,0,0,0,0,0.0013997200559888,0,0,0,0,0,0,0.0002999400119976,0.0001999600079984,0,0,0,0,0,0,0,0.00499900019996001,0,0,0,0.00369926014797041,0,0,0.00799840031993601,0,0,0.0017996400719856,0,0,0.0001999600079984,0.0012997400519896,0,0,0,0,0,0.000499900019996001,0,0,0,0.000799840031993601,0,0.000599880023995201,0.00449910017996401,0,0,0.0028994201159768,0,0.00919816036792642,0,0,0,0,0,0,0,0,0,0,0,0,0.0001999600079984,0,0.0001999600079984,0.234753049390122,0,0.00739852029594081,0,0,0,0.000399920015996801,0,0.001499700059988,0,0.00899820035992801,0.0002999400119976,0,0,0,0,0.000399920015996801,0.00499900019996001,0,0,0,0,0,0,9.99800039992002e-05,0,0.0339932013597281,0,0,0.0450909818036393,0,0,0,0,0,0,0,0,0,0.000899820035992801,0.0012997400519896,0,0,0.0002999400119976,0,0,0.000899820035992801,0,0,0,0,0.0016996600679864,0.0017996400719856,0.0001999600079984,0,0,0,0,0,0,0.000699860027994401,0,0,0.0017996400719856,0,0,0,0,0,0.0001999600079984,0,0.00579884023195361,0,0,0,0,0,9.99800039992002e-05,0,0,0,0,0,0,0.0011997600479904,0,0.000799840031993601,0,0,0.00249950009998,0.0002999400119976,0,0,0,0,0.000799840031993601,0,0,0.0023995200959808,9.99800039992002e-05,0,0.000599880023995201,0,9.99800039992002e-05,0,0,0,0,0.0002999400119976,0.00449910017996401,0,0,0.0022995400919816,9.99800039992002e-05,0.00249950009998,0,0,0.0011997600479904,0,0,0,0.0002999400119976,0.000599880023995201,0.00489902019596081,0.000499900019996001,0,0.183363327334533,0,0,0.000799840031993601,0,0,0.0105978804239152,0.0002999400119976,0,0,0,0.00529894021195761,0.000999800039992002,0,0,0,0,0.00429914017196561,0.000399920015996801,0.000499900019996001,0,0.001499700059988,0.000999800039992002,0.000799840031993601,0.0002999400119976,0.000699860027994401,0,0,0,0,0.0001999600079984,0.0469906018796241,0,0,0,0.00829834033193361,0.212157568486303,0,0,0.00899820035992801,0,0,0.0001999600079984,0,0.000399920015996801,0.0001999600079984,0.0369926014797041,0,0,0.00409918016396721,0,0,0,0,0,0.000899820035992801,0.0002999400119976,0,0,0,0,0.00249950009998,0.000499900019996001,0.000899820035992801,0,0,0.00629874025194961,0
0,0,0,0.00149940023990404,0,0,0.000999600159936026,0,0,0,0,0,0,0,0,0,0,0,0,0,0,0.00139944022391044,0.00269892043182727,0,0.000599760095961615,0.0736705317872851,0,0,0,0,0,0.070171931227509,0,0.0111955217912835,0,0.00509796081567373,0,0,0,0,0,0,0.0865653738504598,0.0166933226709316,0.000699720111955218,0,0,0,0,0,0,0,0,0,0,0,0,0.00179928028788485,0,0,0,0,0,0,0,0,0.000699720111955218,0,0.000199920031987205,0.0262894842063175,0,0,0,0,0,0,0,0,0,0,0,0.000499800079968013,0,0,0,9.99600159936026e-05,0,0,0,0,0.000199920031987205,0.000199920031987205,0,0,0,0,0,0,0.00409836065573771,0,0,0.0116953218712515,0,0.000499800079968013,0,0,0,0.0079968012794882,0,0.00149940023990404,9.99600159936026e-05,0,0.0037984806077569,0,0,0.0204918032786885,0,0,0,0.000899640143942423,0,0,0,0,0.0702718912435026,0,0,0,0,0,0,0,0,0,0,0.00129948020791683,0,0,0,0,0.0038984406237505,0,0,0,0,0,0.000199920031987205,0,0,0,0,0,0,0,0,0,0,0,0,9.99600159936026e-05,0,0,0,0,0,0,0,0,0,0,0,0,0,0,0,0,0,0,0.0154938024790084,0,0,9.99600159936026e-05,0,0,0,0,0,0,0,0,0,0.00599760095961615,0,0.000199920031987205,0,0,0,0,0,0,0,0,0,9.99600159936026e-05,0.045281887245102,0,0,0,0,0,0,0,0,0,0,0,0.017093162734906,0,0,0,0,0,0,0,0,0.00959616153538585,0,0,0,0,0,9.99600159936026e-05,0,0.0078968412634946,0,0,0,0,0,9.99600159936026e-05,0,0,0.000599760095961615,0,0.000199920031987205,0.00529788084766094,0.00249900039984006,0,0,0,0,0,0,0,0,0.00039984006397441,0,0,0,0,0,0,0,0,0,0,0,0,0.00039984006397441,0.232706917233107,0,0,0.00989604158336665,0,0,0,0,0,0,0.186425429828069,0,0,0.00359856057576969,0.00319872051179528,0,0,0,0,0,0.00459816073570572,0.00969612155137945,0,0,0,0.0079968012794882,0,0,0,0,0.00239904038384646,0
0,0,0,0,0,0,0.00169779286926995,0.00129831219414761,0,0,9.98701687805852e-05,0,0,0,0.00569259962049336,0,0,0,0,0,0.00329571556975931,0,0,0,0,0.325277139718366,9.98701687805852e-05,0,0.0127833816039149,0,0,0,0.00169779286926995,0,0,0.00209727354439229,0.00299610506341756,0.0019974033756117,0,0,9.98701687805852e-05,0,0,0.00169779286926995,0,0,0,0,0,0,0,0,0,0,9.98701687805852e-05,0,0,0,0,9.98701687805852e-05,0,9.98701687805852e-05,9.98701687805852e-05,0,9.98701687805852e-05,0,0.0053929891141516,0,9.98701687805852e-05,0.0155797463297713,9.98701687805852e-05,0,9.98701687805852e-05,0,0,0,0,0,0,0,0,9.98701687805852e-05,0,0,0,0.000998701687805852,0,0,0,0.00828922400878858,0,0.000998701687805852,0.00479376810146809,0,0,0,0,0,0.00249675421951463,0,0,0,0,9.98701687805852e-05,9.98701687805852e-05,0,0.00139818236292819,0.0367522221112554,0,0.000399480675122341,0,0.00209727354439229,0,0.00589233995805453,0,0,9.98701687805852e-05,0,0.00259662438829522,9.98701687805852e-05,0,0,0,0.00159792270048936,0.0871866573454509,0,0,0,0,9.98701687805852e-05,0.00229701388195346,0,0,0,0.00389493658244282,0,0.0480375511834615,0,0,0,0,0,0,0,0,0,9.98701687805852e-05,0.000399480675122341,0,0,0,0.000399480675122341,0,0,9.98701687805852e-05,0,0,0,0,0,0,0,0,0,0,9.98701687805852e-05,0,0,0,0.000898831519025267,0,0,9.98701687805852e-05,0,0,0,0,0,0.00449415759512634,0,0,0,0,0,0.000898831519025267,0,0,0,0,9.98701687805852e-05,0,0.00439428742634575,0.00019974033756117,0,0.00209727354439229,9.98701687805852e-05,0,0,0,0,0,0,0,9.98701687805852e-05,0,0.00259662438829522,9.98701687805852e-05,0,9.98701687805852e-05,0.00129831219414761,0,0,0,0,9.98701687805852e-05,9.98701687805852e-05,0,9.98701687805852e-05,0.000499350843902926,0.00019974033756117,0.000399480675122341,9.98701687805852e-05,0,0,0,9.98701687805852e-05,0.00169779286926995,0,0.000399480675122341,0,0.00938779586537501,9.98701687805852e-05,0,0.14850694097673,0,9.98701687805852e-05,0,0,0,0,0,0,0,0.00579246978927394,0,0,0,0,0,0,0.0131828622790373,0,9.98701687805852e-05,0,9.98701687805852e-05,0.00589233995805453,0,0,9.98701687805852e-05,0,0,0,0.000399480675122341,0,0,0,0,0,9.98701687805852e-05,0.000898831519025267,0,0,0.0632178168381105,0,0,0,9.98701687805852e-05,9.98701687805852e-05,0.00019974033756117,0.123040047937681,0,0,0.00629182063317687,0,0,0,0,0,0,0.00169779286926995,0,0,0.000399480675122341,0,0.00219714371317288,0,0,0,0,0.00289623489463697,0
0,0,0,9.9940035978413e-05,0,0,0,0,0,0,0.00109934039576254,0,0,0,0.0053967619428343,0,0,0,0,0,0,0,0,0,0.000599640215870478,0.000299820107935239,0,0,0.00129922046771937,0,0.282030781531081,0,0,0.0365780531680991,0.000599640215870478,0,0.000999400359784129,0,0,0,0,0,0,0,0,0,0,0,0,0,0,0,0,0,0,0,0,0,0,0,0,0,0,9.9940035978413e-05,0,0,0.00509694183489906,0,0,0,0,0,0,0,0,0,0,0,0,0.0214871077353588,0,0.00129922046771937,0,0,0.000199880071956826,0.000299820107935239,0.00179892064761143,0.00239856086348191,0,0.0218868678792724,0,0.00149910053967619,0,0,0,0.0176893863681791,0,0,0,0,0,0.000599640215870478,0.00169898061163302,0.00479712172696382,0.00219868079152508,0,0,0.035578652808315,0,0,0,0,0,0.0142914251449131,0,0,0,0.000599640215870478,0.0487707375574655,9.9940035978413e-05,0,0,0,9.9940035978413e-05,0.040175894463322,0.00499700179892065,0,0,0,0,0,0,0,0.000599640215870478,0,0,0.000299820107935239,0,0,0,0,0,0,0,0,0,0,9.9940035978413e-05,0,0,0.00109934039576254,0,0,0,9.9940035978413e-05,0,0,0,0.025884469318409,0,0,0,0,0,0,0,0,0,0,0.000499700179892065,0.000699580251848891,0,9.9940035978413e-05,0,0,0,0,0,0,0,0,0,0,0,0,0,0,0,0,0,0,0.0253847691385169,0,0,0,0,0,0,0,0,0,0,0,0,9.9940035978413e-05,0.0152908255046972,0,0,9.9940035978413e-05,0.00109934039576254,0,0,0,0,0,0.000299820107935239,0,0,0,0,0,9.9940035978413e-05,0,0,0,0,0,0,0.0232860283829702,0.000799520287827304,0,0,0,0.0402758344993004,0,0,0,0,0.000199880071956826,0.00119928043174096,0,0,0,0,0.000399760143913652,0.00339796122326604,0,0,0,0,0,0,0,0,0,0.000699580251848891,0.000599640215870478,0,0,0,0,0,0,0,0,0,0,0,0.000699580251848891,0.0199880071956826,0,0,0.0357785328802718,0,0,0,0,0.000899460323805717,0,0.175794523286028,0,0,0.0467719368378973,0,0,0,0,0,0,0.000999400359784129,0,0,0,0,0,0,0.0103937637417549,0,0,0.00939436338197082,0
0,0,0,9.99800039992002e-05,0,0.000799840031993601,0,0,0,0,0,0,9.99800039992002e-05,0,0.0102979404119176,0,0,0.0001999600079984,0.000399920015996801,0,0,0,0,0,9.99800039992002e-05,0.22375524895021,0,0,0.0011997600479904,0,0,9.99800039992002e-05,0,0,0,0,0.0016996600679864,0,0,0,0,0,0,0,0,0,0,0.0010997800439912,0,0,0,0,0,0.000399920015996801,0,0.000799840031993601,0,0,0,0.00709858028394321,0,0,0,0.016496700659868,0,0,9.99800039992002e-05,0,0,0,0,0,9.99800039992002e-05,0.000699860027994401,0,0,0,0,0,0,0,9.99800039992002e-05,0,0,0,0,0,0,0,0,0,0,0,0,0,0,0,0,0,0,0,0,0,0.00249950009998,0,0,0,0.350129974005199,0,0.000699860027994401,0,0.0001999600079984,0,0.0228954209158168,0,0,0,0,0,9.99800039992002e-05,0,0,0,0,0,0.0018996200759848,0,0,0,0.0193961207758448,0.001999600079984,0.00379924015196961,0,0,0,0,0,0,0,0,0,0,0,0,0.000499900019996001,0,0.00379924015196961,0.0001999600079984,0,0,9.99800039992002e-05,0,0.00399920015996801,9.99800039992002e-05,0,0,0,0,0.00829834033193361,0,0,0,0,0,0,0,0,0,0,0,0.000399920015996801,0.0013997200559888,9.99800039992002e-05,0,0,0.000699860027994401,0,0,0,0.0031993601279744,0,0,0,0,0,0,0,0,0,0,0,0.0021995600879824,0,0,0,0,0,0,0,0,0,0,0,0.0242951409718056,0,0.000399920015996801,0.0001999600079984,0.0010997800439912,0,0,0,0,0.000799840031993601,0,0,0,0,0.00339932013597281,0,0,0,0.00939812037592481,0,0,0,0,0,0.0623875224955009,0.00599880023995201,0,0.00589882023595281,9.99800039992002e-05,0,0.0108978204359128,0,0,0.000399920015996801,0,0,0,0,0,0,0,0,0,0,0,0,0,0,0,0,0,0,0.0025994801039792,0.0001999600079984,0,0,0.0002999400119976,0.001499700059988,0,0,0,0,0,0.0013997200559888,0,0,0.025994801039792,0,0,0.0818836232753449,0,0,0,0,9.99800039992002e-05,0,0.0462907418516297,0,0,0.00249950009998,0,0,0.0022995400919816,0,9.99800039992002e-05,0.001499700059988,0.0001999600079984,0,0,0,0,0.0135972805438912,0,0,0,0,0,0
0,0,0,9.99800039992002e-05,0,0,0.0023995200959808,0,0,0,0,0,0,0,0.000499900019996001,0,0,0,0,0,0,0.0010997800439912,0,0.000999800039992002,0,0.183263347330534,0,0,0,0,0.0518896220755849,0,0,0,0,0,0.0028994201159768,0,0,0,0,0,0,0.0195960807838432,0,0,0,0,0,0,0,0,0,0,0,0,9.99800039992002e-05,0,0,0.0015996800639872,0,0,9.99800039992002e-05,0,0,0,0,0,0,0,0.000599880023995201,0,0,0.0016996600679864,0,0,0,0,0,0,0,0,0,0,0.00579884023195361,0,0,0,0,0.00609878024395121,0,0.000599880023995201,0,0,0,0.0145970805838832,0,0,0.00449910017996401,0,0,0,0,0,0.000599880023995201,0,0,0.0211957608478304,0,0,0,0,0,0,0,0,0,0,0.00999800039992002,0,0,0,0,9.99800039992002e-05,0,0,0,0,0,0,0,0,0,0,0,0,0,0,0,0,0,0,0,0,0,0,0,0,0,0,0,0,0,0,0,0,0,0,0,0.0121975604879024,0,0,0,0.0726854629074185,0,0,0,0,0,0,0.0002999400119976,0,0,0,0,0,0,0.00409918016396721,0.00729854029194161,0,0,0,0,0,0,0,0,0,0,0,0,0.00969806038792242,0,0,0,0,0,0,0,0,0,0,0,0,0,0.000699860027994401,0,0,0,9.99800039992002e-05,0,0,0,0,0.0021995600879824,0,0.00569886022795441,0,0,0,0.0013997200559888,0.00819836032793441,0,0.002999400119976,0,0.0001999600079984,0,0,0.0148970205958808,0,0,0,0,0.0762847430513897,0,0,0,0.000399920015996801,0,0,0,0,0,0,0.000499900019996001,9.99800039992002e-05,0,0,0,0,0,0,0,0,0.000399920015996801,0.000999800039992002,0,0,0.000999800039992002,0.001999600079984,0.0001999600079984,0,0,0,0,0,0,0,0,0.0021995600879824,0,0,0.10747850429914,0,0,0,0,0.0001999600079984,0.0002999400119976,0.31373725254949,0,0,0,0,0,0,0,0,0.001499700059988,0,0,0,0,0,0.0112977404519096,0,0,0,0,0.00839832033593281,0
0,0,0,0.00680136027205441,0,0,0,0.0021004200840168,0,0,0,0,0,0,0.0001000200040008,0,0.0023004600920184,0,0,0,0.00400080016003201,0.00330066013202641,0.000800160032006401,0.0001000200040008,0,0.00920184036807361,0,0,0.000500100020004001,0.0012002400480096,0,0,0,0.0012002400480096,0,0,0.00480096019203841,0,0,0,0,0,0.0299059811962392,0.00630126025205041,0,0.0354070814162833,0,0,0,0,0,0,0,0,0,0,0,0.000400080016003201,0,0.0252050410082016,0,0.000800160032006401,0,0,0,0,0.0384076815363073,0,0,0,0.0022004400880176,0,0,0,0,0,0,0,0,0.0772154430886177,0,0,0,0,0,0,0.000700140028005601,0,0.0003000600120024,0.0012002400480096,0,0.000400080016003201,0.0001000200040008,0,0,0.0002000400080016,0,0,0,0,0,0,0,0,0,0,0,0.373374674934987,0,0.0173034606921384,0,0,0.0002000400080016,0.0021004200840168,0,0.00840168033606721,0,0,0.0193038607721544,0.0001000200040008,0.0002000400080016,0,0,0,0.0031006201240248,0,0,0,0,0,0.00870174034806961,0.0202040408081616,0,0,0,0,0.00330066013202641,0,0,0,0.0013002600520104,0,0,0,0,0,0.00490098019603921,0.0164032806561312,0,0,0,0,0,0,0,0,0.00250050010002,0,0.0161032206441288,0.0024004800960192,0.0002000400080016,0,0,0,0,0,0,0,0,0,0,0,0,0,0.0001000200040008,0,0,0,0,0,0,0,0,0.0146029205841168,0,0,0,0,0,0,0,0.0151030206041208,0,0,0,0,0,0,0,0,0,0,0,0,0,0,0,0,0,0,0.0001000200040008,0.0023004600920184,0,0,0,0,0,0,0,0,0,0,0,0,0,0,0,0,0.000600120024004801,0.00360072014402881,0.010502100420084,0,0,0.0003000600120024,0,0,0,0,0,0,0,0,0,0,0.0016003200640128,0,0,0,0,0,0,0,0,0,0,0.0011002200440088,0.0139027805561112,0,0.000900180036007201,0.00520104020804161,0.0001000200040008,0,0,0,0,0,0,0,0,0.0184036807361472,0,0,0.00400080016003201,0,0,0,0,0,0,0.122424484896979,0,0,0.0248049609921984,0,0,0,0,0,0.001500300060012,0,0,0,0,0,0,0,0.000900180036007201,0.0019003800760152,0,0.000800160032006401,0
9.99800039992002e-05,0,0,0.000499900019996001,0,0,0,0,0,0,0,0,0,0,0.0023995200959808,0,0,0,0,0,0,0,0,0.0010997800439912,0,0.471805638872226,0,0,0.00829834033193361,0,0.002999400119976,0,0.0002999400119976,0.00469906018796241,0,0,0.0023995200959808,0.00629874025194961,0.0001999600079984,0,0,0,0,0,0,0,0,0,0.00409918016396721,0,0,0,0,0.000499900019996001,0,0,0,0.0012997400519896,0,0,0,0,0.0001999600079984,0,0,0,0.00709858028394321,0,0,0,0,0,0,0,0,0,0,0,0,0,0,0,0.00509898020395921,0,0,0.000399920015996801,0,9.99800039992002e-05,0.0002999400119976,0.00249950009998,0,0.0002999400119976,0.000399920015996801,0,0,0.000799840031993601,0,0,0,0,0,0,0,0,0,0,0,0.000599880023995201,0,0,0,0,0.0010997800439912,0.0011997600479904,0,0.0155968806238752,0,0,0,0,0,0,0.013497300539892,9.99800039992002e-05,0.00329934013197361,0,0,0,0,0,0,0,0,9.99800039992002e-05,0.001499700059988,9.99800039992002e-05,0.0112977404519096,0,0,0,9.99800039992002e-05,0,0,0,0,0,0,0,0,0.000599880023995201,0,0,9.99800039992002e-05,0,0,0,0.0028994201159768,0,0.0117976404719056,0,0,0,0,0,0,0,0,0,0,0,0,0.0471905618876225,0,0,0.000899820035992801,0,0,0,0.0120975804839032,0.0017996400719856,0.00699860027994401,0,0,0,0,0,0.00349930013997201,0,0,0,0,0.00329934013197361,0.0011997600479904,0,0.0361927614477105,0,0.0002999400119976,0,0,0,0,0,0,0,0.01999600079984,0.0030993801239752,0,0,0,0,0,0,0,0,0,0,0.00449910017996401,0,0.00439912017596481,0,0,0,0,0,0,0,0,0,0.0002999400119976,0,0.0020995800839832,0,0,0.184463107378524,0,0,0,0,0,0.000999800039992002,0,0,0,0,0,0,0.000799840031993601,0.0001999600079984,0,0,0,0,0,0,0.0001999600079984,0,0,0,0,0,0,0,0,0,0,0,0,0,0,0.0191961607678464,0,0,0.00969806038792242,0,0.000499900019996001,0,0,0,0.0001999600079984,0.0253949210157968,0,0,0.0016996600679864,0,0,0,0,0.00479904019196161,0,0,0,0,0,0,0.0018996200759848,0,0.000999800039992002,0,0,0.012997400519896,0
0,0,0,0,0,0,0,0,0,0,0,0,0,0,0.000499900019996001,0,0.0002999400119976,0,0,0.0002999400119976,0,0,0.00369926014797041,0,0,0.152869426114777,0,0,0.0208958208358328,0,0.0455908818236353,0.000799840031993601,0,0.0020995800839832,0,0,0,0,0.000399920015996801,0.00249950009998,0,0,0,0,0,0,0,0,0,0.0031993601279744,0,0,0,0,0.0002999400119976,0,0,0.0020995800839832,0,0.00919816036792642,0,0,0,0,0,0,0,0,0,0,0,0,0,0.000599880023995201,0,0,0,0,0,0,0,0,0,0,0,9.99800039992002e-05,0,0,0,0.000999800039992002,0,0,0,0,0,0,0,0,0.000999800039992002,0,0,0.000499900019996001,0,0,0,0,0,0.02249550089982,0,0.00339932013597281,0.000499900019996001,0,0.0017996400719856,0,0,0.01749650069986,0,0,0,0,0.0001999600079984,0,0,9.99800039992002e-05,0.00349930013997201,0,0,0,0,0,0.00519896020795841,0,0,0,0,0,0.0150969806038792,0.00669866026794641,0,0,9.99800039992002e-05,0,0,0,0,0,0,0,0,0.0002999400119976,0.002999400119976,0.000499900019996001,0,0,0,0,0,0,0,0.0170965806838632,0,0,0,9.99800039992002e-05,0,0,0.0016996600679864,0,0,0,0,0,0,0,0,0,0,0,0,0,0.0012997400519896,0,0,0.0021995600879824,0.000899820035992801,0,0,0,0,0.000999800039992002,0,0.00849830033993201,0.000499900019996001,0,0,0.0001999600079984,0,0,0,0,0,0,0,9.99800039992002e-05,9.99800039992002e-05,0,0,0.000599880023995201,9.99800039992002e-05,0,0.0001999600079984,0,0,0,0,0,0,0,0,0,0,0,0,0,0,9.99800039992002e-05,0,0,0.00559888022395521,0,0,0,0,0.169766046790642,0,0,0,0,0,0.000399920015996801,0,0,0,0,0.000999800039992002,0.000499900019996001,0,0,0,0,0,0,0,0,0.000699860027994401,0.000699860027994401,0,0,0,0.0001999600079984,0,0,0,0,0.0001999600079984,0,0,0,0,0.0012997400519896,0,0,0.0689862027594481,0,9.99800039992002e-05,0,0,0,0,0.34503099380124,0,0,0.0246950609878024,0,0,0.0010997800439912,0,0,0,0,0,0,0,0,9.99800039992002e-05,0,0.0016996600679864,0,0,0.0148970205958808,0
0,0,0,0.0015,0,0,0,0.0011,0,0.0012,0,0,0,0,0,0,0,0.0015,0,0,0,0.0052,0,6e-04,0.0011,0.1597,0,0,0,0.0014,0.0058,0,0,0.02,0,0,2e-04,0,0,0,0,0,0,0,0,0.0257,0,0,9e-04,0,0,0,0,0,0,0,0,0,0,8e-04,3e-04,0,0,0,0,0,0,0,0,0,0,0,0,0,0,0,0,0,0,0.0012,5e-04,0,0,0,0,0,0,0,0.0014,0.0202,0,0,9e-04,0,0,0,0,0,0,0,0,1e-04,0,0,0,0,0,0.0066,0,0,0,0,0,0.0056,0,0.0095,0,0,0,2e-04,7e-04,0,0,0,0.0027,0,0,0,0,0,0,0,0,0,0,0,0.1136,0,0,0,3e-04,0,0,0,0,0,0,0,0.0016,8e-04,0,0,0,0,0,0,0,0,0,0,0,0,0,0,0,0,0.0024,0,0,0,0,0,0,0,0.0088,0,0,0,0.0116,0,0.0035,0,0,0,0,0,0.0038,0,0,0,0,0.0103,0,0,0,0,0.0334,0,0,0,0,0,0,0,0,0,0,0,0,0,0,0,0,0,6e-04,0,0,0,1e-04,0,0,0,0,0,0,0,0,0,0.0072,8e-04,0.0134,0,0,0,0,0,0,0,0,0,0,0,0,0,0,0,7e-04,0,0,0,0,0,0,0,0,0,0,0,0,0,0,0,0,0,0,0,0,0,0,0.0275,0,0,0.0078,0,0,0,3e-04,0,4e-04,0.4591,0,0,0.0092,0,0,0,0,0,0,0,0,0,0,0,0,0,0.0014,0,0,0.0048,0
0,0,0,0,0,0,0,0,0,0.00079968012794882,0,0,0,0,0.00129948020791683,0,0.00639744102359056,0,0,0.00039984006397441,0,0.00679728108756497,0,0.000299880047980808,0.000499800079968013,0.202718912435026,0,0,0.00209916033586565,0,0.00309876049580168,0,0,0.0212914834066373,0,0.0126949220311875,0.00039984006397441,0,0,0,0,0,9.99600159936026e-05,0,0,0,0,0,0,0,0,0,9.99600159936026e-05,0.000499800079968013,0,0.00119952019192323,0,0.00079968012794882,0,0.0102958816473411,9.99600159936026e-05,0,0,0,0,0,0.0221911235505798,0,0,0,0,0,0,0,0,0,0,0,0,0,0.00079968012794882,0,0.00889644142343063,0,0,0.000299880047980808,0.0473810475809676,0,0.000299880047980808,0.00609756097560976,0,0.000499800079968013,0,0,0,0.00859656137544982,0.0076969212315074,0,0,0,0,0.00149940023990404,0,0,0,0.00229908036785286,0,0.0161935225909636,0,0.015093962415034,0,0,9.99600159936026e-05,0.00479808076769292,0,0.0177928828468613,0,0,0,0,0,0,0,0,0.0126949220311875,0.00599760095961615,0,0,0.000199920031987205,0,0.00199920031987205,0.00969612155137945,0,0.000299880047980808,0,0,0.00879648140743703,0.000299880047980808,0,0.00039984006397441,0,0,0.000299880047980808,0,0,0,0.000199920031987205,0,0,0,0.00109956017592963,0,0,0,0,0,9.99600159936026e-05,0.000199920031987205,0.015093962415034,0.0143942423030788,0,0,0,0,0,0,0,0,0,0,0,0,0.000499800079968013,0,0,0,0,0,0.0217912834866054,0,0,0,0,0,0,0,0,0,0,0,0,0.00109956017592963,9.99600159936026e-05,0,0,0.000199920031987205,0,0,0,0,0,0,0,0.000599760095961615,0.0289884046381447,0.000999600159936026,0,0,0.000499800079968013,0.000199920031987205,0,0,0.00219912035185926,0,0,0,0,0,0.00039984006397441,0,0,0.000199920031987205,0,0,0,0,0,0,0.00109956017592963,0,0.0229908036785286,0,0,0.117453018792483,0,0,0,9.99600159936026e-05,0,0.00149940023990404,0,0,0,0.00179928028788485,0.00039984006397441,0,0,0,0,0,0,0,0,0,0,9.99600159936026e-05,0,0,0,0,0.00139944022391044,0,0,0,0,0,0,0,0,0.0141943222710916,0,0,0.007796881247501,0,0,0,0,0,0.00109956017592963,0.195321871251499,0,0,0.0376849260295882,0,0,0,0,0,0,0,0,0,0,0,0.00509796081567373,0,0.00919632147141144,0.00079968012794882,0,0.0199920031987205,0
0,0,0,0.00699860027994401,0,0,0,0,0,0.0016996600679864,0,0,0,0.0107978404319136,0.0002999400119976,0,0,0,0,0,0,0.0015996800639872,0.000699860027994401,0,0.0002999400119976,0.145270945810838,0,0,0,0,0.0107978404319136,0,0,0.0178964207158568,0,0,0.000799840031993601,0,0,0,0,0,0,0.0198960207958408,0,0.0935812837432514,0,0,0.00359928014397121,0,0,0,0,0,0,0.0001999600079984,0,0,0,0,0,0,0,0,0,0,0.00649870025994801,0,0,0,0,0,0.0001999600079984,0.0497900419916017,0,0,0,0,0,0.0020995800839832,0.000499900019996001,0,0,0,0.0270945810837832,9.99800039992002e-05,0.000799840031993601,0,0,0.00369926014797041,0,0,0,0,0,0,0,0,0.010997800439912,0,0,0,0,0,0.0001999600079984,0,0,0.0625874825034993,0,0.0203959208158368,0,0,0,0.00459908018396321,9.99800039992002e-05,0.0318936212757448,0,0,0.0117976404719056,9.99800039992002e-05,0,0,0,9.99800039992002e-05,0.0011997600479904,0.0260947810437912,0,0,0,0,0.00759848030393921,0.0213957208558288,0,0,0,0,0.0016996600679864,0.00249950009998,0,0,0.001499700059988,0,0,0,0,0,0.00599880023995201,0.000799840031993601,0,0,0.00489902019596081,0,0,0,9.99800039992002e-05,0,0,0,0,0.0181963607278544,0,0,0,0,0,0,0,0,0,0,0.000499900019996001,0,0,0,0,0,0,0,0,0,0,0,0,0,0,0,0,0,0,0,0,0.00999800039992002,9.99800039992002e-05,0,0,0,0,0,9.99800039992002e-05,0,0,0,0,0,0,0.000799840031993601,0,0,0.0001999600079984,0,0,0,0,0,0.0015996800639872,0,0.0166966606678664,0,0.000699860027994401,0,0,0,0,0,0,0,0,0,0.031493701259748,0,0.0402919416116777,9.99800039992002e-05,0,0.0336932613477305,0,0,0,0.0001999600079984,0,0,0,0,0,0,0,0,0,9.99800039992002e-05,0,0,0,0,0.0010997800439912,0,0.001499700059988,0,0.0002999400119976,0,0,0.028494301139772,0,0,0,0,0,0,0,0,0,0.000499900019996001,0,0.00909818036392721,0.000999800039992002,0,0,0,0,0,0.000899820035992801,0.130073985202959,0,0,0.0429914017196561,0,0,0,0,0,0,0.000899820035992801,0,0,0,0,0.000799840031993601,0,0.000899820035992801,0,0,0.00489902019596081,0
0,0,0,0,0,0,0,0,0,0,0,0,0,0,0.0036,0,0,0,0,0,0.0171,0,0,0,0,0.0023,0,0,0,0,0.0529,0,0,0.0017,0,0,0,0,0,0,0,0,0,0,0,7e-04,0,0,0,0,0,0,0,0,0,0,0,0,0,0.0043,0,0,0,0,0,0,0.0147,0,0,0.0188,0.0028,0,0,0,0,0,0,0,0,0,0,0,0,0,0,0,8e-04,0,0,0.0047,0,0,0,0,0,0,0.0036,0,0.0015,0,0,0.0017,0,0,3e-04,0,0,0.2654,0,0,0,0,0,0.0012,0,0,0,0,0.008,0,0,0,0,1e-04,0,0,0,0,0,0,0,0.0789,0,0,0,0,0,0,8e-04,0,0.0023,0,0,0,0,0,0,0,0,0,0.0015,5e-04,0,0,0,0,0,0,0,0,0,0,0,0,0,0,0,0,0,9e-04,0,0,0,0,0,0,0,0,1e-04,0,0,0,0,0,0,0,0,0,0,0,0,0.0079,0,0,0,0,0,0,0,0,0,0,0,0.0105,0,0.0018,0,0,0.0013,0,0,0,0,0,4e-04,0,2e-04,0,0,0,0,0,0,0,0,4e-04,0,0,0.0035,0,0,0,0,0.092,0,0,0,0,0,0,0,0,0,0,0,0,0,0,0,0,0,0,0,0,0,0,5e-04,0,6e-04,0,0,0,0,0,0,0,0,0,0,0.0035,0,0,0.0576,0,0,0,0,0,0,0.3206,0,0,8e-04,0,0,0.003,0,0,0,0,0,0,0,0,0,0,0,0,0,0.0042,0
0,0,0,0,0,0,0,0.0011988011988012,0,0,0,9.99000999000999e-05,0,0.0112887112887113,0,9.99000999000999e-05,0.0047952047952048,0,0,0,0.0033966033966034,0.000599400599400599,0.0022977022977023,0,0.0002997002997003,0.152547452547453,0,0,0.00889110889110889,0.00879120879120879,9.99000999000999e-05,0,0,0.0028971028971029,0,0,0.000699300699300699,0.0021978021978022,0,0,0,0,0,0.0020979020979021,0,0.0231768231768232,0.00889110889110889,0,0,0,9.99000999000999e-05,0,0,0.000699300699300699,0,0,0,0,0,0.0043956043956044,0,0,0.0034965034965035,9.99000999000999e-05,0,0,0.0041958041958042,0,0,0,0.00519480519480519,9.99000999000999e-05,0.0001998001998002,0.0032967032967033,0,0,0,0,0,0.000799200799200799,0.0002997002997003,9.99000999000999e-05,0.0165834165834166,0,0.000599400599400599,0,0,0,0,0.0035964035964036,0.00989010989010989,0.0030969030969031,0,0,0,0,0,9.99000999000999e-05,0.0025974025974026,0,0,0,0,0,0.0001998001998002,0,0.0001998001998002,0.0596403596403596,0,0.00799200799200799,0,0,0.0003996003996004,0.00569430569430569,0,0.0184815184815185,0,9.99000999000999e-05,0.0022977022977023,0,0,0,0.001998001998002,0,0.0164835164835165,0,0,0,0,0.0044955044955045,0.000799200799200799,0.0052947052947053,0,0.0001998001998002,0,0,0.0001998001998002,0.000999000999000999,0,0,9.99000999000999e-05,0,0,0,0,0,0,0,0,0,9.99000999000999e-05,0,9.99000999000999e-05,9.99000999000999e-05,0,0,0,0,0,0.0026973026973027,0,0,0,0.0438561438561439,0,9.99000999000999e-05,0,0,0,0,0,0.0003996003996004,0.17012987012987,0,0,0,0,0.0003996003996004,0.0112887112887113,9.99000999000999e-05,0,0,0,0,0.000799200799200799,0,0,0,0,9.99000999000999e-05,0,0.0028971028971029,0,0,0,0,0,0.0003996003996004,0,0,0.000799200799200799,0,0,0,0,0.0003996003996004,0.0001998001998002,0,0,0.0042957042957043,0,0,0,0,0.0002997002997003,0,0.00619380619380619,9.99000999000999e-05,9.99000999000999e-05,0,0.0022977022977023,0,0,0,0,0,0,0,0,0.0001998001998002,0.0104895104895105,9.99000999000999e-05,0,0.103696303696304,0,0,0.0002997002997003,0,0,9.99000999000999e-05,0,0,0,0,0,0,9.99000999000999e-05,0,0,0,0,9.99000999000999e-05,0,0,9.99000999000999e-05,0.0003996003996004,9.99000999000999e-05,0.0004995004995005,0.0014985014985015,0,0,0,0.0003996003996004,0.0002997002997003,0.0014985014985015,0,0,0,0.0003996003996004,0.0594405594405594,0,0,0.0103896103896104,0,0,0,0,9.99000999000999e-05,0.0002997002997003,0.0704295704295704,0,0.0001998001998002,0.00539460539460539,0,0.0572427572427572,0.0001998001998002,0,0,0.0013986013986014,0,0,9.99000999000999e-05,0,0,0.0047952047952048,0,0.0001998001998002,0,0,0.001998001998002,0
0.0004000400040004,0,0,0.0009000900090009,0,0,0.0004000400040004,0.0001000100010001,0,0,0,0,0,0,0.0142014201420142,0,0,0,0,0,0,0,0,0.0011001100110011,0,0,0,0,0.0026002600260026,0.0026002600260026,0,0,0,0,0,0,0,0,0,0,0,0,0,0.0064006400640064,0,0,0,0,0,0,0,0,0,0,0,0,0.0001000100010001,0.0001000100010001,0,0,0,0,0,0,0,0,0,0,0.0008000800080008,0,0,0,0,0,0,0,0,0,0.0003000300030003,0,0,0,0,0,0,0.0008000800080008,0,0,0,0,0,0.0044004400440044,0.114411441144114,0,0,0.0359035903590359,0,0,0,0,0,0,0,0,0,0,0,0.614161416141614,0,0,0,0,0,0,0,0,0,0,0,0.0013001300130013,0.0004000400040004,0,0,0,0,0,0,0,0,0,0,0,0,0,0,0.0018001800180018,0,0,0,0,0,0,0,0.0002000200020002,0,0,0,0,0,0,0,0,0,0,0,0.0001000100010001,0,0,0,0,0,0,0,0,0,0,0,0,0,0,0,0,0,0,0,0,0,0,0,0,0,0,0,0,0.0031003100310031,0,0,0,0,0,0,0.0051005100510051,0.0008000800080008,0.0001000100010001,0,0.0001000100010001,0,0,0,0,0,0,0,0,0.0001000100010001,0,0,0,0,0,0,0,0,0,0,0.0005000500050005,0,0,0.124912491249125,0,0,0,0,0,0,0,0,0,0,0,0,0,0,0.0499049904990499,0,0,0,0,0,0,0,0,0,0,0,0,0.0035003500350035,0,0,0,0,0,0,0,0.0004000400040004,0,0,0,0,0,0,0,0,0,0,0,0,0,0,0.0008000800080008,0,0,0,0,0,0,0,0,0.0005000500050005,0.0007000700070007,0,0,0,0,0,0,0,0,0,0,0,0,0,0,0.006000600060006,0,0,0,0,0,0
0,0,0,0,0,0,0,0,0,0,0,0,0,0,0,0,0.0001999600079984,0,0,0,0,0.00399920015996801,0.0012997400519896,0.0001999600079984,0,0.0969806038792242,0,0,0.00429914017196561,0,0,0,0,0.0191961607678464,0,0,0,0,0,0,0,0,0,0,0,0,0,0,0.000999800039992002,0.00419916016796641,0,0,0,0,0,0,0,0.0021995600879824,0,0.0016996600679864,0,0,0,0,0.00769846030793841,0,0,0,0,0,0.0282943411317736,0,0,0.0155968806238752,0,0,0,0,0,0,0,0,0,0,0,0,0,0,0.000599880023995201,0.00839832033593281,0.0600879824035193,0.0025994801039792,9.99800039992002e-05,0,0,0,0,0,0,0,0,0,0,0,0,0,0,0.0001999600079984,0.0340931813637273,0.010997800439912,0,0,0,0,0,0.0103979204159168,0,0,0,0,0,0,0,0,0.0027994401119776,0,0,0,0,0,0,0,0,0,0,0,0.0190961807638472,0,0,0,0.000399920015996801,0,0,0,0,0,0,0,0,0.0002999400119976,0,0,0,0,0,0,0,0,0,0,0,0,0,0,0,0,0,0,0,0,0,0,9.99800039992002e-05,0,0.001499700059988,0,0,0,0,0,0.0620875824835033,0,0,0,0,0,0,0,0,0,0,0,0.000899820035992801,0,0,0,0,0,0,0,0,0,0.0031993601279744,0.00789842031593681,0,0.000399920015996801,0,0,0,0.000499900019996001,0,0.00329934013197361,0.0028994201159768,0,0.001499700059988,0,0.0110977804439112,0,9.99800039992002e-05,0,0,0,0,0,0.001999600079984,0,0,0,0,0,0,0,0,0.0011997600479904,0,0,0,0,0,0,0,0,0,0.0322935412917417,0,0,0,0,0,0,0,0,0.0020995800839832,0,0.0018996200759848,9.99800039992002e-05,0,0,0,0.000999800039992002,0,0,0,0,0,0,0.0023995200959808,0,0,9.99800039992002e-05,0,0,0.026994601079784,0,0,0,0,0,0,0.408818236352729,0,0,0.0127974405118976,0,0,0,0,0,0,0,0,0,0,0,0.0680863827234553,0,0,0,0,0.00779844031193761,0
0,0,0,0.00559664201479113,0,0,0.0053967619428343,0,0,0.000999400359784129,0.00249850089946032,0,0,0,0.00289826104337398,0,0,0,0.000199880071956826,0,0,0.0126923845692584,0.00519688187087747,0.000699580251848891,0,0.076953827703378,0,0,0.0560663601838897,0.000699580251848891,0,0,0,0.0249850089946032,0,0,0.000199880071956826,0.0109934039576254,0,0,0,0,0,0,0,0,0,9.9940035978413e-05,0.00249850089946032,0,0,0,0,0,0,0.000199880071956826,0,0,0.000899460323805717,0.0328802718368979,0.000899460323805717,0.000199880071956826,9.9940035978413e-05,0,0,0,0,0,0,0,0,0,0.000399760143913652,0.0152908255046972,0,0,0,0,0,0.00389766140315811,0.004597241655007,0,0,0,0,0,0,0,0.000499700179892065,0,0,0.000999400359784129,0.01259244453328,0,0,0,0,0,0,0,0,0.000699580251848891,0,0,0,0.00569658205076954,0,0.0240855486707975,0,0.0141914851089346,0,0,0.000399760143913652,0,0,0.0253847691385169,0,0.000699580251848891,0,0,0,0,0,0,0,0,0,0,0,0,0,0,0,9.9940035978413e-05,0.0105936438137118,0,0.0156905856486108,0.00399760143913652,0,0,0.000399760143913652,0,0.00409754147511493,0,0,0,0.00469718169098541,0.0261842894263442,0,9.9940035978413e-05,0,0,0.000899460323805717,0.030481710973416,0,0,0,0,0,0.0241854887067759,0,0,0.0100939436338197,0,0,0,0.0215870477713372,0,0.00159904057565461,0,0.00249850089946032,0,0,0,0.00119928043174096,0,0.000399760143913652,0,0.00119928043174096,0,0.0156905856486108,0.00749550269838097,0,0.0224865080951429,0.00209874075554667,0.00129922046771937,0,0,0,0,0,0.00759544273435938,9.9940035978413e-05,0.00599640215870478,0,0,0,0,0,0,0,0,0,0,0,0.00399760143913652,0,0,0,0.00469718169098541,0,0,0,0,0,0,0,0,0.00119928043174096,0,0,0,0.0301818908654807,0,0.00399760143913652,0,0,0,0,0.00709574255446732,0,0,0,0.0370777533479912,0,0,0.00549670197881271,0,0,0,0,0,0,0,0.00139916050369778,0.00989406356186288,0,0,0,0,0,0,0.00139916050369778,0,0,0,0.000199880071956826,0,0,0.00189886068358985,9.9940035978413e-05,0,0,0.00179892064761143,0,0,0,0,0.0022986208275035,0.0110933439936038,0,0,0.0844493304017589,0,0.00429742154707176,9.9940035978413e-05,0,0,0.000199880071956826,0,0,0,0.153208075154907,0,0,9.9940035978413e-05,0,0,0,0.0209874075554667,0,0,0,0.00109934039576254,0.00379772136717969,0.00159904057565461,0.0192884269438337,0,0,0.0109934039576254,0
0,0,0,0,0,9.99800039992002e-05,0.0001999600079984,0.0016996600679864,0,0,0,0,0,0.00329934013197361,0.0459908018396321,0,0,0,9.99800039992002e-05,0,9.99800039992002e-05,0.0030993801239752,0,0,0,0.408518296340732,0.001499700059988,0,0.0028994201159768,0.000599880023995201,9.99800039992002e-05,0,0,0,0,0,0,0,0,0,0,0,0,0,0,0.0001999600079984,0,9.99800039992002e-05,0,0,0,0,0,0,0.000399920015996801,0,0,0,0,0.0435912817436513,0,0.001499700059988,0,0.0223955208958208,0,0,0.00819836032793441,0,0.000499900019996001,0.000399920015996801,0.00579884023195361,0,0,0.000899820035992801,0,0,0,0,0,0.0013997200559888,0,0,0,0,0,0.000499900019996001,0,0,0,0.000999800039992002,0,0.00709858028394321,0,0,0,0,0,0,0.0001999600079984,0,0,0,0,0,0,0,0.0130973805238952,0.129274145170966,0,0,0,0,0,0.001999600079984,0,0,0,0,0.001499700059988,0,0.0001999600079984,0,0,0,0,0,0,0,0,0.000599880023995201,0.000799840031993601,0.0001999600079984,0,0,0,0,0.0779844031193761,0,9.99800039992002e-05,0,0.0016996600679864,0,0,0.0001999600079984,0,0,0.0002999400119976,9.99800039992002e-05,0,0,9.99800039992002e-05,0,0,9.99800039992002e-05,0,0,0,0,0,0.00509898020395921,0,0,0,0,0,9.99800039992002e-05,0,0,9.99800039992002e-05,0,9.99800039992002e-05,0,0.0001999600079984,0,0,0,0,0.0013997200559888,0,9.99800039992002e-05,0,0,0,0,0.0001999600079984,0,0,0,0,0,0,0.000899820035992801,0,0,0,0,0,0,0,0,0,0,0,0,0,0.000399920015996801,0,0,0,0,0.000499900019996001,0,0,0,0,0,0.0002999400119976,0.0023995200959808,0,0,0,0.000999800039992002,0,0,0,0,0,0,0.000599880023995201,0,0.0002999400119976,0,0,0.0823835232953409,0,0,9.99800039992002e-05,0,0,0,0,0,0,0,0,0,0,0,0,0.0016996600679864,0,0.000399920015996801,0,0,0,0.00919816036792642,0.0002999400119976,0,0,0.000899820035992801,0,0,0,0,0,0,0,0,0.00839832033593281,0.0551889622075585,0,0,0.0016996600679864,0,0,0,0,0.0002999400119976,0.0010997800439912,0.0002999400119976,0,0,0.0190961807638472,0,0,0.0001999600079984,0,0,0.0012997400519896,0.00429914017196561,0,0,0,0,0.00389922015596881,0,0,0,0,0.00489902019596081,0
0,0.0002000400080016,0,0.0026005201040208,0,0,0,0,0,0,0,0,0,0,0.00600120024004801,0,0.00540108021604321,0,0,0,0,0,0,0,0,0.291958391678336,0,0,0.00380076015203041,0.00400080016003201,0.0311062212442489,0,0,0.0107021404280856,0,0,0.000500100020004001,0,0.000500100020004001,0,0,0,0,0,0,0.0293058611722344,0,0,0,0,0,0,0,0.0003000600120024,0,0,0,0.001500300060012,0,0.00250050010002,0.000800160032006401,0,0,0.0003000600120024,0,0,0.00390078015603121,0,0,0.0274054810962192,0,0.0002000400080016,0,0,0,0,0,0,0,0.000600120024004801,0,0,0,0,0,0.0013002600520104,0,0,0,0,0,0,0,0,0,0,0,0,0,0,0,0.0031006201240248,0,0,0,0,0,0.00700140028005601,0.0236047209441888,0.0014002800560112,0.00480096019203841,0,0.0003000600120024,0,0,0.0131026205241048,0,0,0.0362072414482897,0,0,0,0,0,0.00470094018803761,0,0.0003000600120024,0,0,0,0,0.000500100020004001,0,0,0,0.0002000400080016,0.0356071214242849,0.0172034406881376,0,0,0.000400080016003201,0,0,0,0,0,0.0003000600120024,0,0,0.0001000200040008,0,0,0,0,0,0,0,0,0,0.00520104020804161,0,0,0,0.0308061612322464,0,0,0.00490098019603921,0,0,0,0.000500100020004001,0,0,0,0,0,0,0.0029005801160232,0.0246049209841968,0,0,0.0012002400480096,0,0.00450090018003601,0.0139027805561112,0,0,0,0,0,0.000400080016003201,0.00970194038807762,0.000500100020004001,0,0,0,0.00380076015203041,0,0,0.0002000400080016,0,0,0,0,0,0,0,0,0.0003000600120024,0.0014002800560112,0,0,0,0,0,0,0.0003000600120024,0,0.0001000200040008,0,0.00670134026805361,0,0,0,0,0,0,0,0,0,0,0,0,0.00730146029205841,0,0,0,0,0,0.000500100020004001,0,0,0,0,0.000900180036007201,0.00420084016803361,0,0,0,0,0,0,0,0,0,0.0002000400080016,0,0,0,0,0,0,0,0.0001000200040008,0.0018003600720144,0,0,0,0.000800160032006401,0.101620324064813,0,0,0.0540108021604321,0,0,0,0,0,0.0002000400080016,0.0393078615723145,0,0.0282056411282256,0.0582116423284657,0,0,0.00410082016403281,0,0,0.000600120024004801,0,0,0,0,0,0.001500300060012,0,0.0003000600120024,0,0,0.010502100420084,0
0,0,9.99500249875062e-05,0,0,0,9.99500249875062e-05,0.00149925037481259,0.000399800099950025,0,0,0,0,0.00879560219890055,0.0031984007996002,0,0,0,0,0,0.0133933033483258,0.00119940029985007,0,0.000299850074962519,0,0.0225887056471764,0,0,0.000399800099950025,0,0,0,0,0.0358820589705147,0,0,0,0.00269865067466267,0,0,0,0,0,0.0129935032483758,0,0,0,0,0,0,0,0,0,0,0.0147926036981509,9.99500249875062e-05,0,0,0,0.000699650174912544,0,0,0.00519740129935032,0,0,0,0.00079960019990005,0,0,0,0.00279860069965018,0,0,0.00079960019990005,0,0,0,0,0,0,0,0,0,0,9.99500249875062e-05,0.000299850074962519,0,0,0,0.00329835082458771,0,0.000699650174912544,0.04007996001999,0.0047976011994003,0,0,0,0,0.00629685157421289,0,0,0,0,0,0.00289855072463768,0,0.000499750124937531,0.219490254872564,0,0,0,0,0,0.0124937531234383,0,0,0,0.000299850074962519,0.00849575212393803,0,0,0,0.000399800099950025,0.000199900049975012,0.0569715142428786,0.00269865067466267,0,0,0,0,0,0,0,0.0274862568715642,0,0,0.0120939530234883,0,0,0,9.99500249875062e-05,0.000999500249875062,0,0,0,0,0,0,0,0,0.000499750124937531,0.0150924537731134,0,9.99500249875062e-05,0.00129935032483758,0,0,0,0,0.00709645177411294,0,0,0,0,0,0,0,0,9.99500249875062e-05,0,0,0,0,0,0,0,0,0,0.00129935032483758,0,0,0,0,0,0,0,0,0,0,0,0,0.00109945027486257,9.99500249875062e-05,0,0,0.000499750124937531,0,0.000299850074962519,0,0,0,0,0,0,0,0,0,0,0,0,0,0,0,0,0,0,0,0,0.0648675662168915,0,0.0116941529235382,0,0,0,0,0,0,0.000399800099950025,0.0300849575212394,0,0.00379810094952524,0,0,0.00229885057471264,0,0,0,0,0,0,0,0,0,0,0,0,9.99500249875062e-05,0,0,0.00139930034982509,0,0,0.00189905047476262,0,0,0,9.99500249875062e-05,0,0,0,9.99500249875062e-05,0,0,0,0,0,0,0,0.00329835082458771,0.00699650174912544,0,0,0.0329835082458771,0.0369815092453773,0.000299850074962519,0,0.00359820089955022,9.99500249875062e-05,0,0.16551724137931,0,9.99500249875062e-05,0.0696651674162918,0,0,0,0,0,0,0,0,0,0,0,0.000699650174912544,0,9.99500249875062e-05,0,9.99500249875062e-05,0.00589705147426287,0
0,0,0,0,0,0,0,0.001000100010001,0,0,0.0006000600060006,0,0,0.025002500250025,0.0112011201120112,0,0,0,0,0,0.0083008300830083,0,0,0,0,0.222322232223222,0,0,0,0.0011001100110011,0.009000900090009,0.0288028802880288,0,0.0121012101210121,0,0,0.0002000200020002,0.0341034103410341,0,0,0,0,0.0002000200020002,0.0075007500750075,0,0,0,0,0,0,0,0,0,0,0.0005000500050005,0,0,0,0,0.0313031303130313,0,0.0066006600660066,0,0,0.0002000200020002,0,0.0007000700070007,0,0,0.0014001400140014,0.0079007900790079,0,0,0.0009000900090009,0,0,0,0,0,0.0144014401440144,0,0,0,0,0.0058005800580058,0.0001000100010001,0,0,0,0.0114011401140114,0.0456045604560456,0,0,0,0,0,0,0,0.0033003300330033,0,0,0,0,0,0.0002000200020002,0,0.0168016801680168,0.0547054705470547,0,0,0,0,0,0.0004000400040004,0,0,0,0.0001000100010001,0.0254025402540254,0.0001000100010001,0,0,0,0,0.0038003800380038,0.0004000400040004,0,0,0,0.0098009800980098,0.0006000600060006,0.0236023602360236,0,0,0,0,0,0,0,0,0.0019001900190019,0,0,0,0,0,0.0035003500350035,0,0,0,0.0013001300130013,0.0063006300630063,0,0,0,0,0,0,0.0001000100010001,0.0029002900290029,0,0,0,0,0,0,0,0,0,0,0.0002000200020002,0,0,0,0,0,0,0.0086008600860086,0.0039003900390039,0,0,0,0,0,0.0004000400040004,0,0,0,0,0,0,0.0024002400240024,0,0.0006000600060006,0,0,0,0,0,0,0,0,0,0,0.0315031503150315,0,0,0,0,0,0,0,0.0007000700070007,0.0008000800080008,0,0,0.0062006200620062,0.0071007100710071,0,0.0008000800080008,0,0.0001000100010001,0,0.0001000100010001,0,0.0001000100010001,0.0056005600560056,0,0.0065006500650065,0,0,0,0,0.0074007400740074,0,0.0003000300030003,0,0,0,0,0,0,0,0,0,0,0,0,0,0,0.0138013801380138,0,0.0048004800480048,0,0.0008000800080008,0,0,0,0.001000100010001,0,0,0.0015001500150015,0,0,0,0,0,0.0002000200020002,0.0001000100010001,0.0044004400440044,0,0,0.0012001200120012,0,0,0,0,0.0002000200020002,0.0053005300530053,0.206620662066207,0,0,0.0087008700870087,0,0,0,0,0,0.0061006100610061,0.0028002800280028,0,0,0,0,0.0062006200620062,0,0,0,0,0.0095009500950095,0
0.000499900019996001,0,0,0,0,0,0.0027994401119776,0,0,0,0,0,9.99800039992002e-05,0,0.00969806038792242,0,0,0.0001999600079984,0,0,0.0196960607878424,0.00359928014397121,9.99800039992002e-05,0.0001999600079984,0,0.0028994201159768,0,0,0.000399920015996801,0.0027994401119776,0,0.0559888022395521,0,0.0178964207158568,0,0,0,0.001999600079984,0,0,0,0,0,0.0196960607878424,0,0.011997600479904,0,0.0001999600079984,0,0,0.0001999600079984,0,0,0,0.00469906018796241,0,0,0,0,0,0,0,0,0,0,0,0.002999400119976,0,0.0001999600079984,0,0.0316936612677464,0,0,0.0772845430913817,0,0,0,9.99800039992002e-05,0,0.0001999600079984,0,0,0.0011997600479904,0,0,0.0002999400119976,0,0,0,0,0,0.000399920015996801,0.00779844031193761,0,0,0,0,0,0,0,0,0,0,0,0.0026994601079784,0,0.0684863027394521,0.192261547690462,0,0,9.99800039992002e-05,0.0202959408118376,0,0.0210957808438312,0.0002999400119976,9.99800039992002e-05,0,0,0.002999400119976,0.0010997800439912,0,0,0,0,0.0471905618876225,0,0,0,0.000899820035992801,0,0.0100979804039192,0.0384923015396921,0,0,0,0.000599880023995201,0.0010997800439912,0,0,0,0.0015996800639872,0,0,0,0,0,0.0001999600079984,0,0,0,0,0,0,0,0,0,0,0,0,0.00839832033593281,0,0,0,0,0,0,0,0,0,0,0,0,0,0,0,0,0,0,0,0,0.0123975204959008,0,0,0,0.00379924015196961,0,0,0,0,0,0,0,0,0,0,0,0,0,0,0,0,0,0,0,0,0.000399920015996801,0,0.00539892021595681,0,0,0.0015996800639872,0,0,0.000399920015996801,0,9.99800039992002e-05,0.00539892021595681,0.0260947810437912,0,0,0,0,0,0,9.99800039992002e-05,0,0,0.0399920015996801,0.0281943611277744,0,0.0227954409118176,0,0,0,0,0,0,0,0,0,9.99800039992002e-05,0,0,0,0.000799840031993601,0,0,0,0,0,0,9.99800039992002e-05,0.0027994401119776,0,0.0011997600479904,0.0002999400119976,9.99800039992002e-05,0,0.0017996400719856,0.0486902619476105,0,0,0,0.000699860027994401,0,0,0.0015996800639872,0,0,0.0017996400719856,0,0.00329934013197361,0.0213957208558288,0.000499900019996001,0,0.0002999400119976,0,0,0,0,0,0.000799840031993601,0.0226954609078184,0,0.0001999600079984,0,0,0,0,0,0,0,0,0,0.0478904219156169,0,0.000399920015996801,0,0,0,0
0,1e-04,4e-04,4e-04,0,0,0,7e-04,0,0.0011,0,0,0,0,7e-04,0,0,0,1e-04,0,0.0136,0.0036,0.0023,0,0,0.2417,0,0,0,0,0,0,0,0.0211,0,0,0,0,0,0,0,0,0.0069,0,0,0.0138,0,0,0,0,0,0,0,2e-04,0,0,0,0,6e-04,1e-04,1e-04,0.0027,0,0,0,0,1e-04,0,0,0,0,0,0,0,0,0,0,0,0,2e-04,0,0,0,0,0,9e-04,2e-04,0,3e-04,0,0,0,0,0,0,0,0,0,0,0,0,1e-04,0,0,0,0,0,0.0055,0,0.004,0,0,0,0.0015,0,0,0,0,0,0,1e-04,0,0,1e-04,0.0241,0.0045,0,0,0,0,0,0,0,0,0,0,0.0165,0,0,0,0,0,0.0023,0,0,0,0,0.0024,0,0,0.0012,0,0,0.0013,0,0,0,0,0,0,0,0,0,0,0,0,0.0028,0,4e-04,0,0,0,6e-04,0,0,0,0,0,1e-04,0,0.0088,0,0,0.0087,0,0,0,0,0,0,0,0.0019,0.0031,1e-04,0,0,0,0,0,0,0,0,0,1e-04,0,0,0,0,1e-04,0,0,0,0,0,0.0019,0,0.0029,0,0.0346,0,0,1e-04,0,0,0.0012,0,0,0,0.0097,0,0.0202,0,0,0.043,0,0,2e-04,0,0,2e-04,0,0,0,0,3e-04,0,0,0,0,0,0.0049,0,0,0,0,0,0,0,0,5e-04,7e-04,0,0,3e-04,0,0,0,0,0,2e-04,0,0,0.0626,0,0,0,0,0,0,0.3645,0,0.0027,0.0074,0,0,0,0,0,0,0.003,0,0,0,0,0.0286,0,2e-04,0,0,0.0079,0
0,0,0,0.0016996600679864,0,0,0.00679864027194561,0.00249950009998,0,0,0,0,0,0.000399920015996801,0.0121975604879024,0.00249950009998,0.00539892021595681,0,0.0001999600079984,0.001999600079984,0,0.019496100779844,0,0,0.000399920015996801,0.0831833633273345,0,0,0.0010997800439912,0.000899820035992801,0,0.0262947410517896,0,0.00879824035192961,0,0,0.000799840031993601,0.00789842031593681,0,0,0,0,0,0,0,0.00369926014797041,0,0,0,0,0,0,0,0.0001999600079984,0,0,0,0.000599880023995201,0,0.015996800639872,0,0.001999600079984,0,0,0,0,0.0020995800839832,0,0,0,0.0022995400919816,0,0,0.0012997400519896,0,0,0,0,0,0.00599880023995201,0.000399920015996801,0.0027994401119776,0.0012997400519896,0,0.00559888022395521,0,0,0,0.0001999600079984,0.0030993801239752,9.99800039992002e-05,0.0022995400919816,0.0136972605478904,0.00389922015596881,0,0.000399920015996801,0,0,0.00789842031593681,0,0,0,0,0,0.000399920015996801,0,0.0120975804839032,0.0753849230153969,0,0,0,0,0,0.0026994601079784,0,0.00689862027594481,0,0,0.0390921815636873,0,0.0001999600079984,0,0,0.0002999400119976,0.0263947210557888,0,0,0,0,0.00809838032393521,0,0.0016996600679864,0,9.99800039992002e-05,0,0,0.0202959408118376,0,0,0.0001999600079984,0.00349930013997201,0,0,0,0,0,0.00499900019996001,0,0,0.0001999600079984,0.00379924015196961,0,0,0.0002999400119976,0,0,0,0,0.0012997400519896,0.0108978204359128,0,0,0,0,0,0,0,0,0,0,0.000799840031993601,0,9.99800039992002e-05,0,0,0,0,0.0127974405118976,0.00709858028394321,0,0,0,0,0,0.000699860027994401,0,0,0,0,0,0.0002999400119976,0.00349930013997201,9.99800039992002e-05,0,0,0,0.000399920015996801,0.0002999400119976,0,0,0,0,0,0.0130973805238952,0,0.0015996800639872,0,0.0020995800839832,0,0,0,0,0,0,0.000799840031993601,0,0.002999400119976,0,0.0136972605478904,0,0.00799840031993601,0.000399920015996801,0,0,0,0.0020995800839832,0,0,0.0023995200959808,9.99800039992002e-05,0.01749650069986,0,0,0.0312937412517496,0,0,9.99800039992002e-05,0,0,0,0,0,0,0,0,0,0,0,0,0,0,9.99800039992002e-05,0,0,0.0010997800439912,0.000499900019996001,0.0001999600079984,0,0.000999800039992002,0.0133973205358928,0.000699860027994401,0,0,0.0010997800439912,9.99800039992002e-05,0,0,0,0,0.0768846230753849,0,0,0.0593881223755249,0,0,0,0,0.000499900019996001,0.0001999600079984,0.173565286942611,0,0,0.0406918616276745,0,0,0,0,0,0.00489902019596081,0.00409918016396721,0,0,0,0,0.00339932013597281,0,0.00419916016796641,0,0,0.0143971205758848,0
0,0,0,0,0,0,0,0,0,0.000999200639488409,0,0,0,0.019484412470024,0.000599520383693046,0,0,0,0,0,0,0.00179856115107914,0.00249800159872102,0,0,0.179956035171863,0,0,0.00179856115107914,0,0,0,0,0.00499600319744205,0,0,0,0,0,0,0,0,0,0.00729416466826539,0,0,0,0.000299760191846523,0.00139888089528377,0.00319744204636291,0,0,0,0,0,0,0,0.000699440447641887,0.000599520383693046,0.00129896083133493,0,0.000699440447641887,0,9.99200639488409e-05,0,0,0.00419664268585132,0,0,0,0,0,0,0.000599520383693046,0,0,0,0,0,0.000899280575539568,0,0,0.000499600319744205,0,0,0.000399680255795364,0.000199840127897682,0,0.000299760191846523,0.0065947242206235,0,9.99200639488409e-05,0,0,0,0,0,0,9.99200639488409e-05,0,0,0,0,0,0.000199840127897682,0,9.99200639488409e-05,0.00789368505195843,0.000799360511590727,0.00449640287769784,0,0,0.00209832134292566,9.99200639488409e-05,0,0.0375699440447642,0,0.000599520383693046,0.0271782573940847,9.99200639488409e-05,0,0,0,9.99200639488409e-05,0.00569544364508393,0,0,0,0,0,0,0.00279776179056755,0,0,0,0,0.142585931254996,0.00469624300559552,0,0,0.000199840127897682,0,0,0,0,0,0.00379696243005596,0.00699440447641886,0,0,0.00209832134292566,0,0,0,9.99200639488409e-05,0,0,0,0,0.000999200639488409,0,0,0,9.99200639488409e-05,0,0,0.00309752198241407,9.99200639488409e-05,0,0,0.000399680255795364,0,9.99200639488409e-05,0,0,0,0,0,0.00339728217426059,0,0.00939248601119105,0.00249800159872102,0,0.00209832134292566,0,0,0,0,0,0,0,0.00129896083133493,0.000299760191846523,9.99200639488409e-05,0,0,0,0,0,0,0,0,0,0,0,0.000599520383693046,9.99200639488409e-05,0,0,0,0,0,0,0,0,0,9.99200639488409e-05,0,0.026978417266187,0,0,0.000999200639488409,0,0,0.00249800159872102,0,0,0,0,0,0.00369704236610711,0,0,0.0110911270983213,0,0,0,0,0,0.000199840127897682,0,0,0,0,0,0,0,0,0,0,0,9.99200639488409e-05,0.000299760191846523,9.99200639488409e-05,0,0.000299760191846523,0.000899280575539568,0,0,0,9.99200639488409e-05,0,0,0.000299760191846523,0,0,0,0,0.000599520383693046,0.193844924060751,0,0,0.0668465227817746,0,0,0,0.000299760191846523,0,0,0.150379696243006,0,0.00319744204636291,0.0119904076738609,0,0,0,0,0,0.000399680255795364,0.000799360511590727,0,0,0,0,9.99200639488409e-05,0,0.000599520383693046,0,0,0.00689448441247002,0
0,0,9.99600159936026e-05,0.00489804078368653,0.00139944022391044,0,0,9.99600159936026e-05,0,0.00149940023990404,0,0,0,0,0,0,0.01609356257497,0,0,0.00209916033586565,0,0.000299880047980808,0,0,0.00039984006397441,0.162435025989604,0,0,0.01609356257497,0.0260895641743303,0,0,0,0.0230907636945222,0.000599760095961615,0,0.00259896041583367,0.0037984806077569,0,0,0,0,0,0,0,0.00139944022391044,0,0,0.00369852059176329,0,9.99600159936026e-05,0,0,0,0,0,0,0.000699720111955218,0,0,0.00109956017592963,0,0,0,0,0,0.000299880047980808,0,0.000499800079968013,0,0.000299880047980808,0,0.000199920031987205,0,0,0,0,0,0,9.99600159936026e-05,0.000999600159936026,9.99600159936026e-05,0.00269892043182727,0,0,0,0.00439824070371851,0.00239904038384646,0.00129948020791683,0.00259896041583367,0,0.0254898040783687,0.00039984006397441,0,0,0,0,9.99600159936026e-05,0.00349860055977609,0,0.000299880047980808,0.00129948020791683,0,0,0,0.000599760095961615,0,0.0169932027189124,0.00509796081567373,0.00999600159936026,0,0,0.00129948020791683,0.00259896041583367,0,0.00819672131147541,0,0,0,0,0,0,0,0,0.0964614154338265,0.0271891243502599,0,0,0,0,0.00359856057576969,9.99600159936026e-05,0,0.000199920031987205,0,0,0.0449820071971212,0.00679728108756497,0,0.000999600159936026,0,0.00329868052778888,0,0,0.0108956417433027,0,0,0.00469812075169932,0,0,0.000199920031987205,0.00039984006397441,9.99600159936026e-05,0,9.99600159936026e-05,0,0,0,0.000299880047980808,0,0,0,0,0.00039984006397441,0,0,0,0,0,0,0,0.00199920031987205,0,0.000499800079968013,0.00309876049580168,0,0,0,0,0,0.070671731307477,0.00649740103958417,0,0.00309876049580168,0,0,0,0,0,0,0,0.00539784086365454,9.99600159936026e-05,0,0.00409836065573771,0,0.00239904038384646,0,0,0,0.000499800079968013,0,0,9.99600159936026e-05,0,0,0.00039984006397441,0,0,0.00439824070371851,0,0,0.00039984006397441,0,0.000999600159936026,0,0,9.99600159936026e-05,0.000699720111955218,0,0.00569772091163535,0.000499800079968013,0.00339864054378249,0.00709716113554578,0.00319872051179528,0.000699720111955218,0,0,0.000999600159936026,0.000599760095961615,0.00979608156737305,0,0,0.121351459416234,0,0,0.000899640143942423,0,0,0,0,0,0,0,0,0.00159936025589764,0,9.99600159936026e-05,0,0,0,9.99600159936026e-05,0,0,0.000699720111955218,0,0,0,0,0,0,0,0,0,0,0,0,0,0,0,0,0,0.134746101559376,0,9.99600159936026e-05,0,0,0,0,0.000299880047980808,0,0,0.0211915233906437,0,0,0,9.99600159936026e-05,9.99600159936026e-05,0,0,0,0,0,0,0,0,0.000999600159936026,0.00689724110355858,0,0.0122950819672131,0
0,0,0,0.000299670362601139,0,0,9.98901208670463e-05,0,0,0,0,0,9.98901208670463e-05,0,0.00149835181300569,9.98901208670463e-05,9.98901208670463e-05,0,0,0,0.00299670362601139,0.00079912096693637,0,0,0,0.0217760463490161,0.000199780241734093,0,0.0025971431425432,0.000699230846069324,0,0,0,0.00309659374687843,0.000299670362601139,0,0.000199780241734093,0,9.98901208670463e-05,0,0,0,0,0,0,0.0053940665268205,0.00459494555988413,0,0,0,0,0,9.98901208670463e-05,0,0,0,0,0,0,0.00709219858156028,0,0,0,0,0,9.98901208670463e-05,0.00209769253820797,0,0,0.00299670362601139,0.000399560483468185,0,0.0025971431425432,0,0,0,0,0,0,0,0,0,0.0123863749875137,0,0.00149835181300569,9.98901208670463e-05,0.000998901208670463,0,0,0.00139846169213865,0.0350614324243332,0,0.00619318749375687,0,0,0,0,0.000199780241734093,0,0,0,0,9.98901208670463e-05,0,0.000998901208670463,0,0,0.397562681050844,0.00139846169213865,0,0,0,0,0.0678253920687244,0,0,0,0,0.0263709919089002,9.98901208670463e-05,0,0,0,9.98901208670463e-05,0.000599340725202278,0,0,0,0,0,0,0,0,0,0,0,0.0222754969533513,0.00149835181300569,0,0,0.000299670362601139,0,0,9.98901208670463e-05,0,0,0,0.00579362701028868,0,0,0,0,9.98901208670463e-05,0,0,0,0.000299670362601139,0,0,0.0101887923284387,0.000199780241734093,0,0.0124862651083808,0,0,0,0.00419538507641594,0,0,0,0.000499450604335231,0,9.98901208670463e-05,0,0,0,0,0.0123863749875137,0,0,0.00459494555988413,0.000399560483468185,0,0.000399560483468185,0.000899011087803416,0,0.00159824193387274,0,0,0,0,0.0012985715712716,0.00299670362601139,0,0.000199780241734093,0,0.0112875836579762,0.000299670362601139,9.98901208670463e-05,0,0,0,0,0,0.11327539706323,0.000399560483468185,0,0,9.98901208670463e-05,0,0,0,0,0,9.98901208670463e-05,0,0,0.00079912096693637,0.00459494555988413,0,0.00619318749375687,0,0.00289681350514434,0,0.00599340725202278,0,0.00988912196583758,0.000699230846069324,0.00299670362601139,0.00079912096693637,0.00459494555988413,0.000299670362601139,0.000299670362601139,0.00239736290080911,0,0,0,0,0,9.98901208670463e-05,0,0,0,0,0.000499450604335231,0,0,0,0,0,0.0111876935371092,0,0,0,0.00199780241734093,0.000499450604335231,9.98901208670463e-05,0,0.00119868145040456,0.000399560483468185,0.000299670362601139,0,0,0.000399560483468185,0,0,9.98901208670463e-05,0,0,0.000599340725202278,0.000399560483468185,0,0.010888023174508,0,0,0,0,0,0,0.0848067126161223,0,0,0.0116871441414444,0,0,0,0,0,0,0.000199780241734093,0,0,0,9.98901208670463e-05,0.00958945160323644,0,0.000199780241734093,0,0,0.000699230846069324,0
0,0,0.000499600319744205,0,0,0,0,0,0,0.000499600319744205,0,0,0,0,0.0144884092725819,0,0.00259792166266986,0,0,0.000199840127897682,9.99200639488409e-05,0.000299760191846523,0.00109912070343725,0,0,0.219624300559552,0,0,0.0192845723421263,0.00489608313349321,0.0124900079936051,0,0,0.0116906474820144,0,0,0.000599520383693046,0,0,0,0,0,0,0,0,0.00859312549960032,0,9.99200639488409e-05,0.000699440447641887,0,0,0,0,0.000599520383693046,0.000299760191846523,0,0,0,0,9.99200639488409e-05,0,9.99200639488409e-05,0,0.000199840127897682,0,0,0.00329736211031175,0,0,0,0,0,0,9.99200639488409e-05,0,0,0,0,0,9.99200639488409e-05,0.000899280575539568,0.000199840127897682,0.0016986410871303,0,0,0.104716227018385,0,0,0,0.00259792166266986,0,0,0.00399680255795364,0,0,0,0.000399680255795364,0,0,0,0,0,0.00159872102318145,0,0,0.000399680255795364,0.004396482813749,0.0208832933653078,0.00249800159872102,0.0021982414068745,0,0,0.000199840127897682,0,0,0.0136890487609912,0,0,0.00819344524380496,0,0,0,0,0,0.000399680255795364,0,9.99200639488409e-05,0,0,0,9.99200639488409e-05,9.99200639488409e-05,0,9.99200639488409e-05,0.000499600319744205,0,0.22242206235012,0.00459632294164668,0,0.000599520383693046,0.0391686650679456,0,0,0,0,0,0.00129896083133493,0.0038968824940048,0.000799360511590727,0,0,0.00619504396482814,0,0,9.99200639488409e-05,0,0,0,0,0,0,0,0,9.99200639488409e-05,0,0,0,0,9.99200639488409e-05,0,0,0,0,0,0,0,0.000199840127897682,0,0.00559552358113509,0,0.00509592326139089,0,0,0.00189848121502798,0.00239808153477218,0,0,0,0,0,9.99200639488409e-05,0.000599520383693046,0,0,0.00259792166266986,0,0,0,0,0,0,0,0,0,0,0.00419664268585132,0.000599520383693046,0,0,0,9.99200639488409e-05,0,0,0,0,0,0,0.000199840127897682,0.00319744204636291,0,0,0,0.000199840127897682,0,0,0,0,0.0347721822541966,0.000499600319744205,9.99200639488409e-05,9.99200639488409e-05,0.000199840127897682,0,0.00569544364508393,0,0,0,0,0,0.0116906474820144,0,0,0,0,0,0,0,0,0,0,0,0,0.00179856115107914,0,9.99200639488409e-05,0.00769384492406075,0.000399680255795364,0,9.99200639488409e-05,9.99200639488409e-05,0.000199840127897682,0,0,9.99200639488409e-05,0,0,9.99200639488409e-05,0,0,0.059652278177458,0,9.99200639488409e-05,0.0380695443645084,0.0488609112709832,0,0,0,0,0,0.000599520383693046,0,0,0.00399680255795364,0,0,0.000999200639488409,0,0,9.99200639488409e-05,0.000199840127897682,0,0,0,0,0,0,0,0,0,0.00509592326139089,0
0,0,0,0.0266919924022793,0.000399880035989203,0,0,0.00379886034189743,0,0.00199940017994602,0,0,0,0,0.00269919024292712,0,0,0,0,0,0.00439868039588124,0.000999700089973008,0.00479856043187044,0.000599820053983805,0.000799760071978406,0.097370788763371,0,0,0.011296611016695,0.00129961011696491,0.00219934019794062,0,0,0.015295411376587,0,0,0,0,0,0,0,0.00129961011696491,0,0.00729781065680296,0,0.0247925622313306,0,0,0,0.000399880035989203,0,0,0,0,0,0,0,0.00139958012596221,0,0.0139958012596221,0.00119964010796761,0.00839748075577327,0,0,0,0,0.00119964010796761,0,0,0,0,9.99700089973008e-05,0,0.00119964010796761,0,9.99700089973008e-05,0,0,0,0.00119964010796761,0.00349895031490553,0,0.0343896830950715,0,0.00809757072878137,0,0.000199940017994602,0,0.000599820053983805,0.000599820053983805,0,0,0.0230930720783765,0,0,0,0,0,0,0,0,0,0,0,0,0.00139958012596221,0,0.0121963410976707,0.00279916025192442,0,0,0,0,0.00219934019794062,0,0.0107967609717085,0,0,0,0,0.000799760071978406,0,0,9.99700089973008e-05,0.000599820053983805,0.00739778066580026,0,0,0,0,0.00349895031490553,0.00299910026991902,0,0,0,0,0.0666799960011996,0,0,0,0.00259922023392982,0,0,0,0,0,0,0.00479856043187044,0,0.00339898030590823,0,0.00889733080075977,0,0,0,0.00159952014395681,0,0,0,0.020593821853444,0,0,0.0217934619614116,0,0,0,0.00179946016195141,9.99700089973008e-05,0,0.000199940017994602,0.000699790062981106,0,9.99700089973008e-05,0,0.00269919024292712,0,0,0,0.0109967009897031,0.00129961011696491,0.00499850044986504,0,0,0.000899730080975707,0.00299910026991902,0,0,0,0,0,0,0.00139958012596221,0.000199940017994602,0,0.00149955013495951,0,0,0,0,0.0107967609717085,0,0,0,0,0,0,0,0,0,0.000899730080975707,0.0113965810256923,0,0,0.00129961011696491,0.000299910026991902,0,0,0,0,0,0,0,0.000199940017994602,0,0.0137958612416275,0,0,0.0343896830950715,0,0.00139958012596221,0,0,0.000199940017994602,0.00459862041387584,0,0,0,0,0.00159952014395681,9.99700089973008e-05,0,0,0,0,0.000499850044986504,0,0,0,0,0,0,0,0,9.99700089973008e-05,0,9.99700089973008e-05,9.99700089973008e-05,0,0.000799760071978406,0.00499850044986504,0.00199940017994602,0,0,0.000199940017994602,9.99700089973008e-05,0,0,0,0,0.00119964010796761,0.000799760071978406,0,0.0100969709087274,0,0,0,0,0,0.000299910026991902,0.329801059682095,9.99700089973008e-05,0,0.049185244426672,0,0,0,0,0,0,0.00559832050384884,0,0,0,0,0,0,0.000199940017994602,0,0,9.99700089973008e-05,0
0,0,0,0,0,0,0,0.00529788084766094,0,0,0,0,0,0,0.00119952019192323,9.99600159936026e-05,0.000199920031987205,0.00219912035185926,0,0,0.00949620151939224,0.00449820071971212,0,0,0,0.000599760095961615,0,0,0.00499800079968013,0.00259896041583367,0.00409836065573771,0,0,0,0,0,0.00039984006397441,0.00869652139144342,0,0,0,0,0,0,0,0.0679728108756497,0,0,0,0,9.99600159936026e-05,0,0,0,0.00499800079968013,0,0,0,0,0,0,0,0,0,0,0,0.0356857257097161,0.0037984806077569,0,0,0.00289884046381447,0,0,0,0,9.99600159936026e-05,0,0,0,0,0,0,0.0341863254698121,0,0,0,0.0355857656937225,0,0,0.00119952019192323,0,0,0,0,0.00159936025589764,0,0,0,0,0,0,0,0,0,0,0,0,0.040983606557377,0,0,0,0,0,0.0284886045581767,0,0.00039984006397441,0,0,0.031687325069972,0,0,0,0,9.99600159936026e-05,0.0121951219512195,0,0,0,0,0,0.0293882447021192,0.0295881647341064,0,0,0,0,0.0115953618552579,0,0,0,0.00939624150339864,0,0,0,0,0,0,0,0,0,0.000699720111955218,0.00159936025589764,9.99600159936026e-05,0,0,0,0,0,0,0.014594162335066,0,0.000699720111955218,0,0,0.015593762495002,0,0,0.00809676129548181,0,0,0.00109956017592963,0,0.00229908036785286,0,0,0,0.000699720111955218,0.00569772091163535,0,0,0,0,0,0,0,0,0.00709716113554578,0.00109956017592963,0,0,0.00039984006397441,0.00649740103958417,0.000199920031987205,0,0,0,0,0,0.00119952019192323,0,0,0,0,0,0,0.000199920031987205,9.99600159936026e-05,0,9.99600159936026e-05,0.000199920031987205,0.00189924030387845,0,0,0.00189924030387845,0.00169932027189124,0,0,0,0.0038984406237505,0,0,0.00649740103958417,0,0,0,0,0.000499800079968013,0.0470811675329868,0.0111955217912835,0,0.00129948020791683,0,0,0.00739704118352659,0.00169932027189124,0,0,0,0.000199920031987205,0.00039984006397441,0.000699720111955218,0,0,0.000199920031987205,0,0,0,0,0,0,0,0,0,0,0.00139944022391044,0.000999600159936026,0.00039984006397441,0,0.0039984006397441,0.00849660135945622,0,0,0,0.000299880047980808,0.00039984006397441,0,0,0,0,0.00239904038384646,0,0.0129948020791683,0,0,0,0,0,0,0,0.256497401039584,0,0.07796881247501,0.0490803678528589,0,0,0,0,0,0,0.00159936025589764,0,0,0,0,9.99600159936026e-05,0,0,0,0,0.00219912035185926,0
0,0,0,0.000399720195862896,0,0,0,0,0,0.00049965024482862,0.000399720195862896,0,0,0,0.000599580293794344,9.9930048965724e-05,0.00129909063655441,0,0.00099930048965724,0.00269811132207455,0.00889377435794944,0.0020985310282802,0.000899370440691516,0,0.000199860097931448,0.0849405416208654,0,0,0.00309783151793744,0.00349755171380034,0.0339762166483462,0,0.000199860097931448,0.0154891575896872,0.000199860097931448,0,0.00399720195862896,0.0266813230738483,0.000699510342760068,0,0.000199860097931448,0,0,0,0,0.0166883181772759,0,9.9930048965724e-05,0,0.00049965024482862,0,0,9.9930048965724e-05,0.000299790146897172,0.000299790146897172,0,0,0.000399720195862896,0,0.000199860097931448,0.000799440391725792,0.0078944738682922,0.000899370440691516,9.9930048965724e-05,0,0,9.9930048965724e-05,0,0,0.0070950334765664,0.00219846107724593,0,0,0.000899370440691516,0,0,0.000599580293794344,0,0,0.00099930048965724,0.000599580293794344,0.00049965024482862,0.0286799240531628,0.00169881083241731,0.022084540821425,0.000199860097931448,0,0,0.000199860097931448,0.0157889477365844,0,0.000199860097931448,9.9930048965724e-05,0,0.00389727190966324,0,0,0,0.00579594284001199,0,0,0,0,0,0.00119916058758869,0.000199860097931448,0.023183771360048,9.9930048965724e-05,0,0.0145897871489957,0.000899370440691516,0.00169881083241731,0,0.0113920255820925,0,0.00699510342760068,0,0,0.0241830718497052,0,0,0,0.0125911861696812,0,0.0273808334166084,9.9930048965724e-05,0.00199860097931448,0,0.000399720195862896,0.00299790146897172,0.00419706205656041,0.0439692215449186,9.9930048965724e-05,0,0,0,0.00239832117517738,0.000799440391725792,0.00579594284001199,0.000199860097931448,0.000299790146897172,9.9930048965724e-05,0,0.00109923053862296,0,0,0.000199860097931448,0,0,0,0.00489657239932048,0.00259818127310882,0,0.000299790146897172,0,0,0,0,0,0.0140901369041671,0,0.000799440391725792,0,0.0250824422903967,0,9.9930048965724e-05,0.00119916058758869,0,0,0,0.000199860097931448,0,0.00119916058758869,0,0,0,0.000199860097931448,0.0179874088138303,0.00859398421105226,9.9930048965724e-05,0,0,0,0,0.00099930048965724,9.9930048965724e-05,0,0,0,0,0.00139902068552014,0.00349755171380034,0,0,0,0,0,0,0,0.00099930048965724,0,0,0,9.9930048965724e-05,0,0.000699510342760068,0,0,0.00049965024482862,0.000199860097931448,0,0,0,0,0.00229839112621165,0.000699510342760068,0.00589587288897772,0.00149895073448586,0.000299790146897172,0,0,0.00049965024482862,0,0,0,0,0.00579594284001199,0,0.0143899270510643,0,0.0253822324372939,9.9930048965724e-05,0,0.0107924452882982,0,0,0,0,0,9.9930048965724e-05,0,0,0,9.9930048965724e-05,0,0,0,0,0,0,0.0639552313380634,0.000399720195862896,0.002897971420006,0,0.00179874088138303,0.000199860097931448,9.9930048965724e-05,0,0.000899370440691516,0,0.000399720195862896,0,0,0.000199860097931448,0.00139902068552014,9.9930048965724e-05,0,0,0,9.9930048965724e-05,9.9930048965724e-05,0.00369741181173179,0.0284800639552313,0,9.9930048965724e-05,0,0,0.000299790146897172,0,0.199560307784551,9.9930048965724e-05,0,0.0277805536124713,0,0,0,0,9.9930048965724e-05,9.9930048965724e-05,0.00109923053862296,0,0,0,0,0.00409713200759468,0,0.00149895073448586,0,0,0.00579594284001199,0
0,0,0,0,0,9.99100809271655e-05,0.000199820161854331,0.00229793186132481,0,0.000699370566490159,9.99100809271655e-05,0,0.000599460485562993,0,9.99100809271655e-05,9.99100809271655e-05,9.99100809271655e-05,0,0,0.000299730242781497,0,0.00349685283245079,0,0,0,0.0674393046258367,0,0,0.00119892097112599,0.000399640323708662,0,0,0.000199820161854331,0.00129883105205315,0,0,0.000199820161854331,0.0105904685782795,0.00109901089019882,0,9.99100809271655e-05,0,0,0,0,0.0133879508442402,0,0.000299730242781497,0,0,0,0,0.000199820161854331,0,0.00459586372264962,0,0,0,0,0.00669397542212009,0.000199820161854331,0,0,0.010890198821061,0,0,0.142971325806774,0,0,0,0.00569487461284844,9.99100809271655e-05,9.99100809271655e-05,0,0,0.000599460485562993,0,0,0,0.00839244679788191,0.00229793186132481,0.000299730242781497,0.0025976621041063,0,0,9.99100809271655e-05,0.0152862423818563,0,0,0.00249775202317914,0,0.000299730242781497,0.000599460485562993,0,0,0,0,9.99100809271655e-05,0.00559496453192127,0,0,9.99100809271655e-05,0.000199820161854331,9.99100809271655e-05,0.00299730242781497,0,0,0.0921170946148466,0,0,0,9.99100809271655e-05,0,0.00229793186132481,0.000399640323708662,0.00409631331801379,0,0,0.015685882705565,0.000599460485562993,0,0,0.0157857927864922,0.00229793186132481,0.000299730242781497,0,0,0,9.99100809271655e-05,0,0.00189829153761615,0.00879208712159057,0,9.99100809271655e-05,9.99100809271655e-05,0,0.00469577380357678,0.00179838145668898,0,0,0.00129883105205315,0,0,0.00109901089019882,0,0,0.00279748226596064,0.0116894794684784,0,0,0.000799280647417324,0.000699370566490159,9.99100809271655e-05,0,0,0,0,0,0,0.00179838145668898,0,0,0.00939154760715356,0,0,0,0.0025976621041063,0,0,9.99100809271655e-05,0.00329703267059646,0,9.99100809271655e-05,0,0,0,0,0.00169847137576181,0,0.00229793186132481,0.00089919072834449,0,0.0028973923468878,0,0.00179838145668898,0,0,0,0,0,0,0.00879208712159057,9.99100809271655e-05,9.99100809271655e-05,0.000999100809271655,0,0.000199820161854331,9.99100809271655e-05,0,0,0,0,0,0.00599460485562993,0,0.00969127784993506,0.000499550404635828,0,9.99100809271655e-05,0,0,0,0,0,0.00909181736437207,0.00479568388450395,0,0.00129883105205315,9.99100809271655e-05,0,9.99100809271655e-05,0,9.99100809271655e-05,0,0,0.00669397542212009,0.00199820161854331,0.0272754520931162,0.00199820161854331,0.00539514437006694,0.00859226695973624,0,0.000199820161854331,0.0200819262663603,0,0,0.000299730242781497,0,0,9.99100809271655e-05,0,0,0,0,0.00809271655510041,0,0,0,0,0,0,0.000199820161854331,0.000399640323708662,0,0.00149865121390748,0.00129883105205315,0.0183834548905985,0,0.00139874113298032,0,9.99100809271655e-05,0,0,0.00269757218503347,0,0,0,0,0,9.99100809271655e-05,9.99100809271655e-05,0.0054950544509941,0.000599460485562993,0,0,0,0,0.000499550404635828,0.000799280647417324,0.267559196722949,9.99100809271655e-05,0,0.00409631331801379,0,0,0,0,0,0,0.00639424517933859,0,0,0,0,0.0376661005095414,0.00409631331801379,0.00129883105205315,0,0,0.00809271655510041,0
0,0,0,8e-04,0,0,0,0,0,0,0,0,0,0,0,0,0,0,1e-04,0,0,0,0.0012,3e-04,0,0.277,0,0,0,0.001,0.0174,0,0,0,0,0,0,0.0036,0,0,0,0,0,0,0,0.0088,0,0,0,4e-04,0,0,0,9e-04,0,0,2e-04,0.0021,0,0,5e-04,0,1e-04,0,0,0,0.0016,0,0,0.005,9e-04,0,0,0,0,0,0,0,0,3e-04,0,0,0,0,0,0,0,1e-04,0.0012,0,0,2e-04,0,0,0,0,0,0,0,2e-04,0,4e-04,0,0,0,0,0,0.082,8e-04,6e-04,0.0012,0,1e-04,0.0056,0,0.012,2e-04,0,0,0,1e-04,0,0,0,0,0,0,0,0,0.0014,0.0017,0,0,0,0,0,0.1082,0.0023,1e-04,0,1e-04,0,0,0,0,0,0,0.0097,0,0,0.0037,0.0021,0,0.002,0,0,0,0,0.0032,0.0028,0,0,0,0,0.0054,0,0.0013,0,0,0,2e-04,0,0,0,0,0,0,0,0.0422,0,0.0404,0,0.0011,0.0021,0.0049,0,0,0,0,0,0,0.0065,0,0,0.0028,0,0.0024,0,0,0,0,0,0,0,0,0,1e-04,0,0,0,0,0,0,0,0,0,0,0,0,0,0.002,0,0,0,0.0051,1e-04,0,0,0,3e-04,0.0149,0,0,0.0042,0,0,2e-04,0,0,0,0,0,0,0,9e-04,0,0,0,0,0,0,6e-04,0,1e-04,0,0,2e-04,0,0,0.0258,0,0,0,2e-04,1e-04,0,0,0,0,0.0115,0,0,0.0126,0,7e-04,0,0,0,0,0.2335,0,3e-04,0,0,0,0,0,1e-04,0,0.0086,0,0,0,0,0,0,0,0,0,0.0044,0
0,0,0,0,0,0,0.0214978502149785,0,0,0,0,0,0,0,0.016998300169983,0,0,0,0,0,0,0,0,0,0,9.99900009999e-05,0,0,0.010998900109989,0,0,0,0,0.0034996500349965,0,0,0,0,0,0,0,0,0,0,0,0,0,0,0,0,0,0,0,0,0,0,0,0,0,0.0102989701029897,0,0,0,0.0001999800019998,0,0,0,0,0,0,0.0018998100189981,0,9.99900009999e-05,0,0,0.0137986201379862,0,0,0.0176982301769823,0,0,0,9.99900009999e-05,9.99900009999e-05,0,0,0,0,0,0.0048995100489951,0,0.0014998500149985,0.0006999300069993,0,0,0,0,0,0,0,0,0,0,0,0,0,0,0.185981401859814,0,0.003999600039996,0,0,0,0,0,0,0,0,0.0036996300369963,0,0,0,0,0,0.0047995200479952,0,0,0,0,0,0,0,0,0.0004999500049995,0,0,0.0086991300869913,0,0,0,0,0,0,0,0,0,0,0,0,0,0,0,0,0,0.0001999800019998,0,0,0,0,0,0,0,0,0,0,0,0,0,0,0,0,0,9.99900009999e-05,0,0,0,0,0,0.0120987901209879,0,0,0,0,0,0,0,0,0,0,9.99900009999e-05,0,0,0,0,0,0,0.0084991500849915,0,0,0,0,0,0,0.0986901309869013,0.2001799820018,0,9.99900009999e-05,0,0,0.0021997800219978,0,0,0,0,9.99900009999e-05,0,0,0.006999300069993,0,0,0,0,0,0,0,0,0,0,0,0,0,0,0,0,0,0,0,0.0001999800019998,0,0,0,0,0,0,0,0.0071992800719928,0,0,0,0,0,0,0,9.99900009999e-05,0,0,0,0,0.0002999700029997,0,0,0,0,0,0,0,0,0,0,0.128187181281872,0.002999700029997,0,0.0156984301569843,0,0,0,0,0,0,0.201679832016798,0,0,0,0,0,0.0021997800219978,0,0,0,0,0,0,0,9.99900009999e-05,0,0,0,0,0,0,0
0,0,0,0,0,0,9.99900009999e-05,0,0,0,0,0,9.99900009999e-05,0,0.0007999200079992,0,9.99900009999e-05,0.0002999700029997,0,0,0.0311968803119688,0.0036996300369963,0,0,0,0.137186281371863,0,0,0.0022997700229977,0,0.0051994800519948,0,9.99900009999e-05,0.0011998800119988,0.0001999800019998,0,0.0007999200079992,0.0226977302269773,0,0,0.0001999800019998,0,0,0,0,0,0.0075992400759924,0.0006999300069993,0,0,0.0004999500049995,0,9.99900009999e-05,0,0.0011998800119988,0,0,0,0,0.0254974502549745,0,0,0,9.99900009999e-05,0,0,0.0252974702529747,0,0,0,0.0015998400159984,0,0,0,0,0.0070992900709929,9.99900009999e-05,0.0002999700029997,0,0.0278972102789721,0,0.0001999800019998,0.0070992900709929,0,0.008999100089991,0.0003999600039996,0.0002999700029997,0,0,0.0025997400259974,0,0.0004999500049995,0.0004999500049995,0,0,0,0,0,0,0,0.0002999700029997,0.0014998500149985,0.0001999800019998,0,0,0,0,0.0323967603239676,0,0,0,0.0018998100189981,0,0.0074992500749925,0,9.99900009999e-05,0,0,0.0048995100489951,0,0,0,0,9.99900009999e-05,0.0050994900509949,0,0,0,9.99900009999e-05,0,0.0097990200979902,0.215978402159784,0.007999200079992,0,0,0,0.0007999200079992,0,0.0001999800019998,0,0,0,0,0,0,0,0.0076992300769923,0,0.0001999800019998,0,0.0026997300269973,0,0,0,9.99900009999e-05,0,0,9.99900009999e-05,0,0.0101989801019898,0,0,0,0,0,0,0,0,0,0.0034996500349965,0,0,0,0,0,0,0,0.0120987901209879,0.0075992400759924,9.99900009999e-05,0,0,0.0023997600239976,0,0.0003999600039996,0,0,0,0,0,0,0.017998200179982,0.0005999400059994,0,0,0,0.0008999100089991,0,0,0.0093990600939906,0,0,0,0.0027997200279972,0,0.0137986201379862,0.0007999200079992,0,0,9.99900009999e-05,0,0,0,0,0.0004999500049995,0,0.0044995500449955,0.0126987301269873,0,0,0.0005999400059994,0,0,0,0,9.99900009999e-05,0,0,9.99900009999e-05,0,0.0145985401459854,0,0,0.0267973202679732,0,0,0.0002999700029997,0,0,0.0013998600139986,0,0,0,0.0015998400159984,0.0047995200479952,0,0,0,0,0,0,0.0008999100089991,0,0,0.0042995700429957,0.0005999400059994,0.0031996800319968,0,0.0005999400059994,0,0,0,0,0.0012998700129987,0,0,0,0,0,0.0005999400059994,0.0014998500149985,0.0044995500449955,0.0122987701229877,0,0,0,0,0,0.0006999300069993,0.154184581541846,0,0,0.0148985101489851,0,0,0,0,9.99900009999e-05,0,0.0036996300369963,0,0,0,0,0,0,0.0020997900209979,0,0,0.0193980601939806,0
0,0,0,0.000299880047980808,0,0,0.000299880047980808,0,0,0.000499800079968013,0,0,0,0,9.99600159936026e-05,0,0.000199920031987205,0,0,0.000199920031987205,0,0.0157936825269892,0,0,0.000199920031987205,0.164934026389444,0,0,0.000499800079968013,9.99600159936026e-05,0,0,0,0.00669732107157137,0,0,0.000499800079968013,0,0,0,0,0.00079968012794882,0,0,0,0.0039984006397441,0,9.99600159936026e-05,0,0,0,0,0,0,0,0,0,0.00149940023990404,0,0.014094362255098,0,9.99600159936026e-05,0,0,0,0,0,9.99600159936026e-05,0,0.0299880047980808,0.00319872051179528,0,0,0,0.030187924830068,0,0,0,0,0.00109956017592963,0.00259896041583367,9.99600159936026e-05,0.0201919232307077,0,0,0,0,0,0.00079968012794882,0,0,0,0.000299880047980808,0,0,0.000199920031987205,0.00249900039984006,0,0.00209916033586565,0,0,0,0,0,0,0.000499800079968013,0,0.0111955217912835,0.00119952019192323,0.00079968012794882,0.000999600159936026,0,0,0,0,0,0,0,0.00199920031987205,0,0,0,0,0,0,0.000299880047980808,0.103958416633347,0,0,0,0.000899640143942423,0,0,0,0,0,0.00079968012794882,0,0,0.000299880047980808,0.000499800079968013,0,0,0,0,0,0.00579768092762895,0,0,0,0,0.000299880047980808,0,0,0,0,0,0,0,0.00869652139144342,0,0,0.0227908836465414,9.99600159936026e-05,0,0,0.00139944022391044,0.000299880047980808,0,0,0.000299880047980808,0,0,0,0,0,0,0,0.0101959216313475,0,0.00329868052778888,0.00209916033586565,0,0,0,0,0,0,0,0,0.00079968012794882,0.0037984806077569,9.99600159936026e-05,0,0.00129948020791683,0,0,0,0,0,0,0,0,0.000899640143942423,0,0.00039984006397441,0,0,0,9.99600159936026e-05,0.000499800079968013,0,0.00199920031987205,0,0,0,0,0.00299880047980808,0,0,0,0.00479808076769292,9.99600159936026e-05,0.000199920031987205,0.00179928028788485,0,0,0,0,0.00289884046381447,0.00839664134346262,0,0,0.0207916833266693,0,0,9.99600159936026e-05,0,0,0,0,0,0,0,0,0.000499800079968013,0,0,0,0,0,0,0.00299880047980808,0,0,0,0.000299880047980808,0,0,0.00109956017592963,0.000499800079968013,0,0,0,0,0,0,0,0,0.00219912035185926,0,0.00349860055977609,0.0705717712914834,0,0,0,0,0,0.00039984006397441,0.342163134746102,0,0,0.0214914034386245,0,0,0,0,0,0.0138944422231108,0.000599760095961615,0,0,0,0,0,0,0,0,0,0.00479808076769292,0
0,0,0,0,0,0,0.000499850044986504,0,0,0,0,0,0,0,0,0,0.00489853044086774,0,0,0.00229931020693792,0,0.00539838048585424,0.00109967009897031,0,0.00239928021593522,0.21333599920024,0,0,0.00209937018894332,0.00529841047685694,0,0,0,0.0213935819254224,0,0,0,0,0,0,0,0,0,0,0,0,0,0,0,0,0,0,0,0.000299910026991902,0,0.000199940017994602,0,0.000899730080975707,0,0.0221933419974008,0.000399880035989203,0,0,0,0,0,0.00979706088173548,0,0,0,0.00329901029691093,0,0,0,0,0,0,0,0,0.00399880035989203,0,0,0.0376886933919824,0,0,9.99700089973008e-05,0,0,0,0,0,0.000399880035989203,0,0,0,0.00189943017094872,0,9.99700089973008e-05,0,0,0,0,0.00149955013495951,0,0,0,0,0.0337898630410877,0,0.0126961911426572,0.000399880035989203,0,0,0,0,0.00759772068379486,9.99700089973008e-05,0,0.0415875237428771,0,0,0,0,0,0.0234929521143657,0.00279916025192442,0,0,0.000599820053983805,0,0,0,0,0,9.99700089973008e-05,0,0.0273917824652604,0.00189943017094872,0,0,0.00149955013495951,0,0,0,0,0,0.00509847045886234,0.00519844046785964,0,9.99700089973008e-05,0,0,0,0,0,0,0,0,0,0.0106967909627112,0,0,0,0,0,0,0.00119964010796761,0,0.000199940017994602,0,0,0.000999700089973008,0,0,0,0,0.000299910026991902,0,0.00109967009897031,0,0.000999700089973008,0.00189943017094872,0,0.00869739078276517,0.00439868039588124,0,0,0.00719784064780566,0,0.00109967009897031,0,0,9.99700089973008e-05,0,9.99700089973008e-05,0,0.00109967009897031,0,0,0,0,0,0,0.0415875237428771,9.99700089973008e-05,0.000399880035989203,0,9.99700089973008e-05,0,0,0,0,0,0,0.00229931020693792,0,0,0,0.000199940017994602,0,0.00259922023392982,0,0,9.99700089973008e-05,0.00119964010796761,0,0,0.0284914525642307,0,0.00129961011696491,0,0.000199940017994602,0.000299910026991902,0.0416874937518744,0.000999700089973008,0,0.00129961011696491,0,0,0.000399880035989203,0,0,0,0.00219934019794062,0.00139958012596221,0.00119964010796761,0,0,0,0,0,0,0,9.99700089973008e-05,0.00149955013495951,0.00299910026991902,0,0,0.000799760071978406,0,0,0,0,0.00309907027891633,0,0,0,0,0.00659802059382185,0.000399880035989203,0,0,0.00779766070178946,0,0,0,0,0,0.000199940017994602,0.256523043087074,0,0,0.0373887833649905,0,0,0,0,9.99700089973008e-05,0.000799760071978406,0,0,0,0,0,0,0,0.00289913026092172,0,0,0.00479856043187044,0
0,0,0,0,0,0,0,0,0,0,0,0,0,0,0,0,0,0,0,0,0,0,0,0.0002000200020002,0,0.0569056905690569,0,0,0.0031003100310031,0,0.0092009200920092,0,0,0.0089008900890089,0,0,0.0002000200020002,0,0,0,0,0,0,0,0,0,0,0,0,0,0,0,0,0,0,0,0,0,0,0,0,0,0,0,0,0,0.0008000800080008,0,0,0,0,0,0,0,0,0,0.0001000100010001,0,0,0,0,0,0,0,0,0,0,0,0,0.0031003100310031,0,0,0.301130113011301,0,0,0,0,0,0,0,0,0,0,0,0,0,0,0.0441044104410441,0,0,0,0,0.0013001300130013,0.0041004100410041,0,0,0,0,0,0.0006000600060006,0,0,0,0.0001000100010001,0,0,0.0032003200320032,0,0,0,0,0.0001000100010001,0,0.0002000200020002,0,0,0,0,0,0,0.0044004400440044,0,0,0,0,0,0.0001000100010001,0,0,0,0.0005000500050005,0,0,0,0,0,0,0,0,0,0,0,0,0,0,0,0,0.0003000300030003,0,0,0,0,0,0,0,0,0,0,0.0032003200320032,0,0,0,0,0,0,0,0,0,0,0,0.0002000200020002,0,0,0,0,0,0,0,0,0,0,0,0,0,0,0,0,0,0,0.0002000200020002,0,0,0,0,0,0,0.0015001500150015,0,0.0051005100510051,0,0,0,0,0,0,0,0,0,0,0,0,0,0,0.151615161516152,0,0,0,0,0,0,0,0,0,0,0,0,0,0,0,0,0,0,0,0,0,0,0.0002000200020002,0,0,0,0,0,0,0,0,0,0,0,0,0.181118111811181,0,0,0.0407040704070407,0,0,0,0,0,0,0.152515251525153,0,0,0,0,0,0,0,0,0,0,0,0,0,0,0,0,0.021002100210021,0,0,0,0
0,0,0,0,0,0,0.0001000200040008,0,0,0,0,0,0,0,0,0,0,0,0,0,0.00360072014402881,0.000600120024004801,0,0,0,0.0003000600120024,0,0,0.000400080016003201,0,0.0717143428685737,0,0,0.00320064012802561,0,0,0.0024004800960192,0,0,0,0,0,0,0.00400080016003201,0,0,0,0,0,0,0,0,0,0,0,0,0,0,0,0.0204040808161632,0,0,0,0.0003000600120024,0,0,0,0,0,0,0.00610122024404881,0,0.0011002200440088,0.00390078015603121,0,0,0,0,0.000600120024004801,0.00680136027205441,0,0,0.0141028205641128,0,0,0,0,0,0,0.00440088017603521,0,0,0,0,0,0,0,0,0,0,0,0,0,0,0,0,0,0.0472094418883777,0,0,0,0,0,0,0,0,0,0,0.00550110022004401,0.0011002200440088,0,0,0,0,0.013002600520104,0,0,0,0,0,0,0.00470094018803761,0,0,0,0.001000200040008,0.0102020404080816,0,0,0,0.0016003200640128,0,0,0,0,0.000400080016003201,0.0003000600120024,0,0,0,0.000600120024004801,0,0,0,0,0,0,0,0,0.0138027605521104,0,0,0,0,0,0,0,0,0,0,0,0,0,0,0,0,0.000900180036007201,0.0144028805761152,0.00480096019203841,0,0,0.0001000200040008,0,0,0,0,0,0,0,0,0,0.0117023404680936,0.0001000200040008,0,0,0,0,0,0,0,0,0,0,0.11502300460092,0,0.000800160032006401,0.0003000600120024,0,0,0,0,0,0,0,0.0003000600120024,0,0.00610122024404881,0.0236047209441888,0,0,0.00460092018403681,0,0,0,0,0,0.00960192038407682,0,0,0,0.0126025205041008,0,0,0.00920184036807361,0,0,0.0013002600520104,0,0,0,0,0,0,0,0,0,0,0,0,0,0,0,0,0,0.00700140028005601,0.000700140028005601,0,0,0,0.000600120024004801,0,0,0,0,0,0,0,0,0,0.00800160032006401,0,0.000700140028005601,0.0219043808761752,0.0517103420684137,0,0,0,0,0.000600120024004801,0.40248049609922,0,0,0.0262052410482096,0,0,0,0,0,0,0.00820164032806561,0,0,0,0,0.013002600520104,0,0,0,0,0,0
0,0,0,0.0005999400059994,0,0,0,0,0,0.0016998300169983,0.0011998800119988,0,0.0004999500049995,0,9.99900009999e-05,0,0.0003999600039996,0,0.0001999800019998,0.0006999300069993,0,0.0006999300069993,0.0033996600339966,0,0,0.044995500449955,0,0,0.002999700029997,0.0013998600139986,0,0,0,0,0,0,0,0,0,0,0,0,0,0,9.99900009999e-05,0.007999200079992,0,0,0.0001999800019998,0,0,0,9.99900009999e-05,0,0,0,0,0,0,0,0.0002999700029997,0,0,0.0004999500049995,0,0,0.0017998200179982,0,0.0030996900309969,0,0,0,0,0,0,0.0057994200579942,0,0,0,0.000999900009999,0.0022997700229977,0.0001999800019998,0.0048995100489951,0,0,0.0005999400059994,9.99900009999e-05,0,0,0,0,0.0021997800219978,0.0002999700029997,0,0,0,0.0018998100189981,0,0,0,0,9.99900009999e-05,0.0018998100189981,0,0,0,0,0.057994200579942,0.0054994500549945,0.0953904609539046,0,0,0,0,0,0.014998500149985,0,0,0,0,0,0,0,9.99900009999e-05,0.0003999600039996,0,0,0,0,0,0.0003999600039996,0.0001999800019998,0,0,0,0,0.0336966303369663,0.0094990500949905,0,0,9.99900009999e-05,0.0002999700029997,0,0.0007999200079992,0,0,0,0.017998200179982,0,0,0,0.0012998700129987,0,0,0,0,0,0.0012998700129987,0,0,0,0,0.0058994100589941,0,0,0,0.0014998500149985,0,0,0,0,0.0210978902109789,0.212878712128787,0,0,0,0,0,0,0.001999800019998,0,0,0,0.0074992500749925,0,0,0.0051994800519948,0,0,0,0,0.000999900009999,0,0,0.0014998500149985,0,0.0320967903209679,0,0,0,0,0,0,0.0117988201179882,0,0.0005999400059994,0,0,0.0001999800019998,0.0017998200179982,9.99900009999e-05,0,0,0,0,0,0,0,0.0212978702129787,0,0,0.000999900009999,0,0,0.0115988401159884,0,0.0002999700029997,9.99900009999e-05,0,0.0018998100189981,0.006999300069993,0,0.0011998800119988,0.000999900009999,0,0,0,0,0.0002999700029997,9.99900009999e-05,0,0,0,0,0.0002999700029997,0,0,0,0,0,0,0,0,0.0003999600039996,0.0037996200379962,0.0014998500149985,9.99900009999e-05,0,0,9.99900009999e-05,0,0,0,9.99900009999e-05,0,0,0,0,0,0.277672232776722,0.0024997500249975,0,0.002999700029997,0,0,0,0,0,0,0.0184981501849815,0,0.0001999800019998,0.0042995700429957,0,0,9.99900009999e-05,0.0002999700029997,0,0,0.0007999200079992,0,0,0,0,0,0,9.99900009999e-05,0,0,0.000999900009999,0
0,0,0,0.000699790062981106,0,0,9.99700089973008e-05,0,0,0.000799760071978406,0,0,0,0,0,0,0.000999700089973008,0,0,0.000199940017994602,0,0.000999700089973008,0.000399880035989203,0,0.000699790062981106,0.0166949915025492,0,0,0,0.00289913026092172,0,0,0,0.00289913026092172,0,0,0.000199940017994602,0.000299910026991902,0,0,0,0,0,0,0,0,0,0.000499850044986504,0,0,0,0,0,0,0,9.99700089973008e-05,0,0,0,0.00849745076477057,9.99700089973008e-05,0,0,9.99700089973008e-05,0,0,0,0,0,0.00599820053983805,0,0,0,0,0.0902729181245626,0,0,0,0,0.00279916025192442,0.000499850044986504,0,0,0,0,0.00129961011696491,0,0,0,0,0.0310906727981606,0.000199940017994602,0,0,0,0,0,0,0,0.00159952014395681,0,0.00129961011696491,0,0,0,0,0,0.0150954713585924,0,0.0108967309807058,0,0.00479856043187044,0,0,0,0.00519844046785964,0,0,0.00259922023392982,9.99700089973008e-05,0,0,0,0,0,0.0211936419074278,0,0,0,0,0,0,0,0,0,0,9.99700089973008e-05,0.000199940017994602,0.00459862041387584,0,0.000199940017994602,0,0.000199940017994602,0,0,0,0.000599820053983805,0,0,0,0,0.00219934019794062,0,0,9.99700089973008e-05,0,0,0,0,0,0,0,0,0,0,0,0,0,0,0,0.000199940017994602,0,0,0,9.99700089973008e-05,0,0,0.00689793062081376,0.00429871038688393,0.000199940017994602,0,0,0,0,9.99700089973008e-05,0,0,0,0,0,0,0.0208937318804359,0,9.99700089973008e-05,0,0,0,0,0,0,0,0,0,0,0.152454263720884,0.00249925022493252,9.99700089973008e-05,0,0,0,0,0,0.00799760071978406,0,0.000299910026991902,0,0.00529841047685694,0.00369889033290013,0,0,0.00209937018894332,0,0,9.99700089973008e-05,0,0,0,0,0,0,0,0,0,0.0218934319704089,0.000499850044986504,0,0,9.99700089973008e-05,0,0.0110966709987004,0,0,0.00819754073777867,0,0,0,0,0,0,0,0,9.99700089973008e-05,0,0,0,0.000299910026991902,0,0,0.000399880035989203,0,0.000299910026991902,0,0,0.000599820053983805,0,0,0,0.0781765470358892,0.00209937018894332,0.335599320203939,0.000799760071978406,0,0.00339898030590823,9.99700089973008e-05,0,0,0,0,0,0.0803758872338299,0,0,0,0,0,0,0,0,0,0.00589823053084075,0,0,0,0,0,0,9.99700089973008e-05,0,0,0.00229931020693792,0
1e-04,0,1e-04,7e-04,4e-04,0,0,0,0,0.0013,5e-04,0,0.0011,0,0.0039,2e-04,2e-04,0,0,0.0014,0,0.0038,0,0,0,0.0746,0,0,2e-04,0.001,0,0,0,0.0206,0,0,0.006,0.0057,0,0,0,0,0,0,0,0.0117,0,1e-04,3e-04,7e-04,2e-04,0,0,6e-04,0.0031,1e-04,0,0.0016,0,0,2e-04,0,0.0062,0,0,0,0,1e-04,0,0,0.0063,0,0,0,0,1e-04,0,0,0,0.0032,6e-04,0,7e-04,3e-04,0,9e-04,0,0,2e-04,0.0152,0,1e-04,0.008,0,0,0,0,0,0.0085,0,2e-04,0,0.0022,0,0,5e-04,0,0,0,0.0032,0,0,0,0.0031,0,0.0164,2e-04,0,0,0,0,0,0,1e-04,0.0087,0,0,0,0,0,0.0035,0,1e-04,0,4e-04,0,0.0016,0.0046,1e-04,0.0011,7e-04,0,0,0,0,0,0.0011,0.0061,0.0012,0,0,0.0017,0.0061,0,1e-04,0,0,0,3e-04,0,0.0056,0,0,0,0,0,0.0018,4e-04,5e-04,0,0,0,0,0,0,1e-04,5e-04,0,0.0051,0,0.0017,0,0,0.0182,0,0,0.02,0.0056,0,0,0,0.0028,5e-04,0,0.0223,0,0.0055,0,0,0,0,0,0,0,0,0.0026,0,6e-04,0,1e-04,0,0,0,0.0027,7e-04,0,0.0025,3e-04,0.0363,0,0.0099,9e-04,2e-04,0,0.0139,0,0,0,0,0.0014,0.0214,6e-04,3e-04,0.0172,2e-04,0,4e-04,0,0,2e-04,0,0,0,0.0032,0,2e-04,0.0085,3e-04,0,0,0.0033,3e-04,0.0021,1e-04,0.0012,0.0015,0.0036,0,0.0108,0,0,0,0,2e-04,2e-04,7e-04,0,0,0,0,0.0015,0.0054,0.009,0.2016,2e-04,0,8e-04,0,0.0034,0.2346,0,1e-04,0.0331,0,4e-04,0,0,1e-04,0,3e-04,0,0,0,0,0,5e-04,1e-04,0,0,0.0156,0
0.000399920015996801,0,0.0001999600079984,0,0,0.0001999600079984,0,0,0,0,0,0,0.000899820035992801,0,0.0001999600079984,0,0.00549890021995601,0,0,9.99800039992002e-05,0,0.0031993601279744,0,0,0,0.194261147770446,0,0,0.0018996200759848,0.0002999400119976,0.000499900019996001,0,0,0.00459908018396321,0,0,0.0002999400119976,0.0117976404719056,9.99800039992002e-05,0,0,0,0,0,0,0,0,0,0,0,0.000599880023995201,0,0,0,0,0,0,0,0,0,0,0,0,0,0,0,0.0181963607278544,0,0,0,0.000899820035992801,0,0,0,0,0,0,0,0,0.0796840631873625,0,0,0.0655868826234753,0,0,0,0.0173965206958608,0,0,0.0030993801239752,0,0.0001999600079984,0.0308938212357528,0,0,0,0,0,0,0,0,0.000399920015996801,0,0,0,0,0,0.0761847630473905,0,0,0,0,0,0.00669866026794641,0,0,0,0,0.0121975604879024,0,0,0,0,9.99800039992002e-05,0.0012997400519896,0,0,0,0,0,0,0.0188962207558488,0,0,0,0,0.0110977804439112,0.0023995200959808,0,0,0.0012997400519896,0,0,0,0,0,0,0,0,0,0.0026994601079784,0,0,0,0,0,0,0,0,0,0,0,0,0,0,0,0.0021995600879824,0,0,0,0,0,0,0,0,0,0,0,0.00349930013997201,0,0,0,0,0.002999400119976,0,0,0,0,0,0,0,0.0013997200559888,0.000399920015996801,0,0,0,0.000799840031993601,0,0,0.000599880023995201,0,0,0,0,0,0.00419916016796641,0.0031993601279744,0,0,0.0010997800439912,0,0,0,0,0,0,0.00879824035192961,0,0,0,0.00249950009998,0,0,0,0.002999400119976,0,0,0.0001999600079984,0,0,0.0157968406318736,0,0,0.0648870225954809,0,0,0,0,0,0,0,0,0,0,0.001999600079984,0,0,0,0,0,0,0,0,0,0,0,0.0002999400119976,0,0,0.0018996200759848,0,0,0.000599880023995201,0,0.001999600079984,0,0,0,0,0.0135972805438912,0,0.0002999400119976,0.00869826034793041,0.0678864227154569,0,0,0,0,0,0.162167566486703,0,0,0.00649870025994801,0,9.99800039992002e-05,0.0021995600879824,0,0,0,0.000899820035992801,0,0,0,0,0.000599880023995201,0,0.0376924615076985,0,0,0.0026994601079784,0
9.99800039992002e-05,0,0,0,0,0,0,0,0,0,0,0,0,0,0.0021995600879824,0,0,0,0,9.99800039992002e-05,0.00549890021995601,0.000999800039992002,0.0002999400119976,0,0,0.244051189762048,0,0,0.000599880023995201,0.0031993601279744,0.0281943611277744,0,0,0.0021995600879824,0,0,0.0016996600679864,0.000399920015996801,0.0002999400119976,0,0,0,0,0.0138972205558888,0,0,0,0.0001999600079984,0,0,0.000399920015996801,0,0,0,0,0,0,0,0,0,0,0,0,0,0,0,0,0,0,0,0,0,0,0,0,0.000799840031993601,0,0,0,0,0,0,0,0,0,0,0,0,0,0.0016996600679864,0,0,0.0010997800439912,0,0.00469906018796241,0.000399920015996801,0,0,0.00359928014397121,0,0,0,0,0,0,0,0,0.0197960407918416,0,0,0,0.0177964407118576,0,0,0,0,0,9.99800039992002e-05,0.000799840031993601,0.000399920015996801,0,0,0,0,0.0011997600479904,0,0,0,0,0,0.00359928014397121,0.000399920015996801,0,0,0,0.0001999600079984,0.0296940611877624,0,0,0,0.00349930013997201,0,0,0,0,0,0,9.99800039992002e-05,0,0,9.99800039992002e-05,0,9.99800039992002e-05,0,0,0,0,0,0,0.0113977204559088,0,0,0,0,0,0,0,0.0002999400119976,0,0,0,0,0.247750449910018,0,0,0.0021995600879824,0,0.0394921015796841,0,0,0,0,0,0.0016996600679864,0,0,0,0,0,0,0,0,0,0,0,9.99800039992002e-05,0,9.99800039992002e-05,0,0,0,0,0,0.0452909418116377,0.0206958608278344,0,0,0,0,0.0001999600079984,0,0,0,0,0,0,0,0,0.00539892021595681,0,0.00359928014397121,0,0,0,0,0,0.00369926014797041,0,0.0102979404119176,0,0,0,0,0,0,0,0,0,0,0,0,0,0.00799840031993601,0,0,0,0,0,0,0,0.0713857228554289,0,0,0,0.00729854029194161,0,0,0,0,0.00439912017596481,0,0,0,9.99800039992002e-05,0.000399920015996801,0,0,0,0,0.0121975604879024,0.000599880023995201,0,0.00979804039192162,0.000499900019996001,0,0,0,0,0,0.0686862627474505,0,0,0.001499700059988,0,0.0001999600079984,0.0010997800439912,0,0,0,0.0031993601279744,0,0,0,0,0.0173965206958608,0,0,0,0,0.00659868026394721,0
0,0,0,0,0,0,9.99600159936026e-05,0,0,0,0,0,0,0.00159936025589764,0.00039984006397441,0,0,0,0,0,0,0,0,0,0,0.235605757696921,0,0,0.000999600159936026,0,0.0302878848460616,0,0,0,0,0,0.00189924030387845,0,0,0,0,0,0,0,0,0.0113954418232707,0,0,0,0,0,0,0,0,0,0,0,9.99600159936026e-05,0,0,0,0,0,0,0,0,0.00249900039984006,0,0,0,0,0,0,9.99600159936026e-05,0,0,0,0,0,0,0,0,0.0200919632147141,0,0,0,0.000199920031987205,0,0,0.000599760095961615,0.0518792483006797,0,0.00359856057576969,0,0,0,0,0,0.000699720111955218,0,0,0,0,0,0,0,0.00549780087964814,0.409036385445822,0,0,0,0,0,0,0,0,0,0,0.0110955617752899,0,0,0,0,9.99600159936026e-05,0,0,0,0,0,0,0,0.000499800079968013,0,0,0,0,0.00199920031987205,0,0,0,0,0,0,0,0,0,0,0,0,0,0,0,0,0,0,0,0,0,0,0.00419832067173131,0,0,0,9.99600159936026e-05,0,0,0,0,0,0.000199920031987205,0,0,9.99600159936026e-05,0,0,0,0,0,0,0,0,0,0,0,0,0,0,0,0,9.99600159936026e-05,0,0.00189924030387845,0,0,0,0,0,0,0,0,0,0,0,0.00039984006397441,0,0,0,0,0,9.99600159936026e-05,0,0,0,0,0,0,0,0,0.00939624150339864,0,0,0,0,0,0,0,0,0,0.00119952019192323,0,9.99600159936026e-05,0,0,0.0125949620151939,0,0,0,0,0,0,0,0,0,0,0,0,0,0,0,0,0.00889644142343063,0,0,0,0,0,0,0,0,0,0,0,0,0,0,0,0,0.000299880047980808,0,0.00159936025589764,0,0,0.0377848860455818,0,0,0,0,0,0,0.12125149940024,0,0,0,0,0,0,0,0.000199920031987205,0.00159936025589764,0,0,0,0,0,0,0,0,0,0,0.0076969212315074,0
0,0,0,0,0,0,0.000399640323708662,0.000299730242781497,0,0,0,0,0,0.00109901089019882,0.0214806673993406,0,0.000399640323708662,0,0,0,0,9.99100809271655e-05,0,0.00389649315615946,0,0.202717554201219,0,0,0.0145868718153662,9.99100809271655e-05,0.0054950544509941,0,0,0.00409631331801379,0,0,0.000799280647417324,0,0,9.99100809271655e-05,0,0,0,0,0,0.01868318513338,0,0,0,0,9.99100809271655e-05,0,0,0.000399640323708662,0,0,0,0,0,0.00349685283245079,9.99100809271655e-05,0,0,9.99100809271655e-05,0,0,0.000499550404635828,0,0,0.0136876810870217,0.000199820161854331,9.99100809271655e-05,0,0,0,0,0,0,0,9.99100809271655e-05,0,0.00129883105205315,0.00129883105205315,0,0,9.99100809271655e-05,0.00159856129483465,0,0,0,0,0.00129883105205315,0,0,0,0,0,0.000599460485562993,0,0,0,0.00129883105205315,0,0,0,0,0,0.105804775701868,0,0,0,0,0,0.00779298631231891,0,0,0,0,0.000299730242781497,0.00129883105205315,0,0,0,0.000199820161854331,0.00229793186132481,0,0,0,0,0,0,0,0,0,0,0,0.223099210710361,0,0,0,0.000299730242781497,0,0,0,0,0,0.00149865121390748,0,0,0.00109901089019882,9.99100809271655e-05,0,0,0.000299730242781497,9.99100809271655e-05,0,0,0,0.017484264162254,0,0,0,0,0,0,0,9.99100809271655e-05,0,0,0,9.99100809271655e-05,0,0,0,0,0,0,0,0.0115895693875512,0,0,0,0,0,9.99100809271655e-05,0,0,0,0,0,0,0.000799280647417324,0,0.0025976621041063,0,0,0,0,0,0,0,0,0,0.0028973923468878,0,0.000599460485562993,9.99100809271655e-05,9.99100809271655e-05,0.000199820161854331,0,9.99100809271655e-05,0,0,0,9.99100809271655e-05,9.99100809271655e-05,0.0481566590068938,0,9.99100809271655e-05,0,0.0089919072834449,0.00299730242781497,0,0,0,0.00339694275152363,0,0,0.00499550404635828,0,0,0,9.99100809271655e-05,0.10540513537816,0,0,9.99100809271655e-05,0,0,9.99100809271655e-05,0,0,0,0,9.99100809271655e-05,0.00359676291337796,0,0,0,0,0,0,0,0,0,0.00089919072834449,9.99100809271655e-05,0,0,0,0,0,0.000599460485562993,0.000299730242781497,0,0,0,0,9.99100809271655e-05,0.0530522529723249,0,0,0.00879208712159057,0,9.99100809271655e-05,0,0,0,0,0.0471575581976221,0,0,0.000399640323708662,0,0,9.99100809271655e-05,0,0,0,0,0,0.00199820161854331,0,0,0.0254770706364272,0,0.000999100809271655,0,0,0.000199820161854331,0
0,0,0,9.9930048965724e-05,0,0,0,0,0,0,0,0,0,0,0.00049965024482862,0,0,0,0,0,0,0,0,0,0,0.135405216348556,0,0,9.9930048965724e-05,0,0.00359748176276606,0,0,0.0150894373938243,0.000199860097931448,0,0.00259818127310882,0.0099930048965724,0,0,0,0,0,0,0,0.054661736784251,0,0.000199860097931448,0,0,0,0,0,0,0,0,0,0,0,0.00099930048965724,0,0,0,9.9930048965724e-05,0,0,0,0,0,0,0,0,0,0,0,0,0,0,0,0.00329769161586889,0,0.00049965024482862,0,0,0,0.0752473268711902,0.00049965024482862,0,0,0.0122913960227841,0,9.9930048965724e-05,0,0,0,0,0,0,0,0,0,0.00349755171380034,0,0,0,0,0,0.0635555111422005,0,0,9.9930048965724e-05,0,0,0,0,9.9930048965724e-05,0,0,0,0,0,0,0,0,0.0804436894174078,0,0,0,9.9930048965724e-05,0,0.00879384430898371,0,0.000699510342760068,0,0,0,9.9930048965724e-05,0,0,0,0,0,0,0,0,0,0.000199860097931448,0,9.9930048965724e-05,0,0.002897971420006,0,9.9930048965724e-05,0,0,0,0,0,0,0,0,0,0,0,0,0,0,0.000299790146897172,0,0,0,0,0,0,0,0,0,0,0.00369741181173179,0,0,0,0,0,0.00349755171380034,0,0,0,0,9.9930048965724e-05,0,0.0193864294993505,0,0,0,0,0,0,0,0,0,0,0,9.9930048965724e-05,0.0295792944938543,0,0,0,9.9930048965724e-05,0,0,0,0,0,0,0,0,0,0.00129909063655441,0,0,0,0,0,0,0,0,0,0.00929349455381233,0,0,0,0,0.0842410312781053,0,0,0,0,0,0.00519636254621765,0,0,0,0,0.00049965024482862,0.00449685220345758,0,9.9930048965724e-05,0,0,0,0,0,0,0,0,0.0163885280303787,0,0.000399720195862896,0,9.9930048965724e-05,0,0,0,0,0,0,0,0,9.9930048965724e-05,0,0,0.0422704107125012,0,9.9930048965724e-05,0,0,0,0.00189867093034876,0.257020085939842,0,0,0.0208853802338363,0,0,0,0,0,0,0.00229839112621165,0,0,0,0,0,0,0.000399720195862896,0,0,0.0200859398421105,0
0,0,0,0,0,0,0.0043995600439956,0,0,0,0,0,0,0,0,0,0,0,0,0,0,0.0030996900309969,0.0011998800119988,0,0.0007999200079992,0.0001999800019998,0,0,0.0043995600439956,0,0,0,0,0.0101989801019898,0,0.0002999700029997,0.0012998700129987,0,0,0,0,0,0.0114988501149885,0,0,0.0170982901709829,0,0,0.0032996700329967,0,0,0.0002999700029997,0,0.0001999800019998,0,0,0,0,0,0.0141985801419858,0,0,0,0,0,0,0,0,0,0,0,0,0,0,0,0,0,0,0,0,0,0.0026997300269973,0,0,0,0,0,0,0.0011998800119988,0,0,0.0002999700029997,0,0,0,9.99900009999e-05,0,9.99900009999e-05,0,0,0,0.0008999100089991,0.0022997700229977,0,0,0,0,0.0344965503449655,0.0138986101389861,0.068993100689931,0,0,0,0,0,0.0684931506849315,0,0,0,0,0,0,0,0.0005999400059994,0.0254974502549745,0.0011998800119988,0,0.0175982401759824,0,0,0,0,0,0,0,0,0.0194980501949805,0,0,0,0.0002999700029997,0,0,0,0,0.0476952304769523,0,0,0,0.0008999100089991,0,0,0,0,9.99900009999e-05,0,0,0,0,0.0038996100389961,0,0,0,0,0,0,0,0,0,0,0,0.001999800019998,0,0,0.0026997300269973,0,0,0,0.0035996400359964,0,0.0050994900509949,0.0013998600139986,0,0.0017998200179982,0,0,0.01999800019998,0,0,0,0,0.0013998600139986,0,0,0,0,0.0054994500549945,0,0,0,0.0197980201979802,0,0,0,0.169483051694831,0,0,0,0,0.0055994400559944,0,0,0,0,0,0,0.0013998600139986,0,0,0,0,0,0,0,0,0.0005999400059994,0,0,0,0.0001999800019998,0,0,0,0.0120987901209879,0,0,0,0,0,0,0,0,0,0,0.0012998700129987,0.0068993100689931,9.99900009999e-05,0,0,0,0,0,0,0,0,0,0,0,0,0,0,0,0,0,0,0,0,0,0,0.0388961103889611,0,0,0.0622937706229377,0,0.0140985901409859,0,0,0,0.0001999800019998,0.224777522247775,0,0,0.0076992300769923,0,0,0,0,0,0,0,0.0077992200779922,0,0,0,0,0,0,0,0,0,0
0,0,0,9.99700089973008e-05,0,0,9.99700089973008e-05,0.00649805058482455,0,0,0,0,0,0,0.00239928021593522,0,0,0,0,0,0,0.00519844046785964,0,9.99700089973008e-05,0,0.159752074377687,0,0,0.000399880035989203,0.00159952014395681,0,0,0,0.00629811056682995,0,0,0.000199940017994602,0,0,0,0,0,0,0.00779766070178946,0,0.00159952014395681,0,0,0.000299910026991902,0,0,0,0,0,0,0,0.000699790062981106,0,0,0.0505848245526342,0,0,0,0,0,0,0.0535839248225532,0,0,0,0,0,0,0.0114965510346896,0,0,0,0,0,0,0,0,0.0236928921323603,9.99700089973008e-05,0,0.000299910026991902,0,0,0,0,0,0.000999700089973008,0,0,0,0.000199940017994602,0,0,0,0,0,0,0,0,0,0,0,0.0316904928521444,0,0,0,0,0,0.0209937018894332,0,0,0,0,0.01629511146656,0,0,0,0,0.000299910026991902,0.00239928021593522,0,0,0,0,0,0,0,0,0,0,0,0.00199940017994602,0,0,0,0.00539838048585424,0,0,0,0,0,0.0110966709987004,0,0,9.99700089973008e-05,9.99700089973008e-05,0,0,0.00309907027891633,0,0,0,0,0.000899730080975707,0.00229931020693792,0,0,0,0,0,0,0,0,0,0,0,0,0,0,0,0,0,0,0.0146955913226032,0,0,0,0,0,0,0,0,0,0,0,0,0.00719784064780566,0,0,0,9.99700089973008e-05,0,0,0,0,0,0,0,0.00819754073777867,9.99700089973008e-05,0.0126961911426572,0,0,0,0.000199940017994602,0,0,0.000399880035989203,0,0,0,0.00829751074677597,0,0,0,0,0.00339898030590823,0,0,0,0,0,0,0.00429871038688393,0,0.0123962811156653,0,0,0.0778766370088973,0,0,0,0,0,0,0,0.000299910026991902,0,0,0,0.00589823053084075,0,0,0,0,0,0.000199940017994602,0,0,0,0,0,0,0.000299910026991902,0,0.00159952014395681,0,0,0.00429871038688393,0,0,0,0,0,0.216035189443167,0,0,0.0109967009897031,0,9.99700089973008e-05,0,0,0,0,0.155853244026792,0,0,0,0,0,0,0,0.00429871038688393,0.00129961011696491,0,0,0,0,0,0,0,0.0156952914125762,0,0,0.00259922023392982,0
0,0,0,0,0,0,0,0,0,0,0,0,0,0,0.00170051015304591,0,0,0,0,0,0,0.00200060018005402,0,0,0,0.318595578673602,0,0,0,0,0,0,0,0.0154046213864159,0,0,0,0,0,0,0,0,0,0,0,0.059517855356607,0,0,0,0,0,0,0,0,0,0,0,0.000100030009002701,0,0,0,0,0,0,0,0,0.00330099029708913,0,0.00530159047714314,0.00580174052215665,0,0,0,0,0,0,0,0,0,0.0110033009902971,0,0,0,0,0,0.000200060018005402,0,0,0,0.00270081024307292,0,0,0,0,0,0,0,0,0,0,0,0,0,0,0,0,0,0.0103030909272782,0,0,0,0,0,0,0,0,0,0,0.0124037211163349,0.000100030009002701,0,0,0,0,0.0506151845553666,0.00290087026107832,0,0,0,0,0.00170051015304591,0,0,0,0,0,0.0308092427728319,0,0,0,0,0,0,0,0,0,0,0,0,0,0.00120036010803241,0,0,0,0,0,0,0,0,0,0,0,0,0.0759227768330499,0,0,0,0,0,0,0,0,0,0,0,0,0,0.00310093027908373,0,0.000200060018005402,0,0,0,0,0,0,0,0,0,0,0,0.00910273081924577,0,0,0,0,0,0,0,0,0,0,0,0,0,0,0,0,0,0,0,0,0,0,0.00240072021606482,0,0,0,0,0,0,0,0,0,0,0,0,0,0.0246073822146644,0,0,0,0,0.028408522556767,0,0,0,0,0,0,0,0,0,0,0,0,0.00120036010803241,0,0,0,0,0,0.00200060018005402,0,0,0.0136040812243673,0,0,0,0,0,0,0,0,0,0,0,0,0.000900270081024307,0.000100030009002701,0,0,0.0178053416024807,0,0,0,0,0,0,0.260478143443033,0,0,0.0241072321696509,0,0,0,0,0,0,0,0,0,0,0,0,0,0.000400120036010803,0,0,0,0
0,0,0,0.0083757104397248,0,0,0,9.97108385681524e-05,0,0.000199421677136305,0,0,0,0.00249277096420381,0.000398843354272609,0,0.00109681922424968,0.000199421677136305,0,0,9.97108385681524e-05,9.97108385681524e-05,0.00149566257852229,9.97108385681524e-05,9.97108385681524e-05,0.113670355967694,0,0,9.97108385681524e-05,0.00219363844849935,0.00538438528268023,0,0,0.0020939276099312,0,0,9.97108385681524e-05,9.97108385681524e-05,9.97108385681524e-05,0,0,0,0,9.97108385681524e-05,9.97108385681524e-05,0.000398843354272609,0,0,0.000199421677136305,0,0,9.97108385681524e-05,0,0,0,0,0,0.000299132515704457,0,9.97108385681524e-05,9.97108385681524e-05,0,9.97108385681524e-05,0,0,0.000199421677136305,0.00219363844849935,0,0,0.000199421677136305,9.97108385681524e-05,0,0,9.97108385681524e-05,0,0,0,0,9.97108385681524e-05,9.97108385681524e-05,0.000299132515704457,0,0.00358959018845348,0.000797686708545219,9.97108385681524e-05,0.000797686708545219,0.00149566257852229,0,0,9.97108385681524e-05,0.00448698773556686,9.97108385681524e-05,0.0101705055339515,0,0,0.00807657792402034,0,0,9.97108385681524e-05,0.00329045767274903,0,0,0,0,0,9.97108385681524e-05,0,0.217269917240004,0.000299132515704457,0.00319074683418088,0,0,0.00807657792402034,9.97108385681524e-05,0.000199421677136305,0.00408814438129425,0,0.000299132515704457,0.011765878951042,0,0,0,0,9.97108385681524e-05,0.000299132515704457,9.97108385681524e-05,0,0,0,0,0,9.97108385681524e-05,0,9.97108385681524e-05,0,0.00159537341709044,0.0576328646923921,0.00139595173995413,0,0.000299132515704457,9.97108385681524e-05,0,0,0.000299132515704457,0,0,9.97108385681524e-05,0,0,9.97108385681524e-05,0,0.000199421677136305,0.00299132515704457,0,0,0,0,0,0,9.97108385681524e-05,0,0,0.00678033702263436,9.97108385681524e-05,0,0,0.000897397547113371,0,0,0,9.97108385681524e-05,0.000697975869977066,0.00269219264134011,0,0.000498554192840762,0,0,0,0.000598265031408914,0.000398843354272609,0.00129624090138598,0.00149566257852229,0.000299132515704457,0,9.97108385681524e-05,0,0,0,0,0,9.97108385681524e-05,9.97108385681524e-05,9.97108385681524e-05,0,0,0,0.00378901186558979,0,0,0,0,0,0,9.97108385681524e-05,0,0.000199421677136305,0,0,0,9.97108385681524e-05,0,0,9.97108385681524e-05,0,9.97108385681524e-05,0,0.0022933492870675,0,0,0,0.00129624090138598,0,0.000598265031408914,0,0,0.000299132515704457,0,0,9.97108385681524e-05,9.97108385681524e-05,9.97108385681524e-05,0,0,0.0165519992023133,0,0,0,0,0,9.97108385681524e-05,0,9.97108385681524e-05,0,0,0.00458669857413501,0.00159537341709044,0,0,0,0,0,9.97108385681524e-05,9.97108385681524e-05,0,9.97108385681524e-05,0.00169508425565859,9.97108385681524e-05,0,0,9.97108385681524e-05,9.97108385681524e-05,0,0,9.97108385681524e-05,0,0,0,0,0,0.415395353474923,0,0,0.00498554192840762,0,0.000199421677136305,0,0,9.97108385681524e-05,9.97108385681524e-05,0.0397846245886928,0,0,0.000199421677136305,9.97108385681524e-05,0,0,0,0,9.97108385681524e-05,0,0,0,0,0,0.000498554192840762,0,9.97108385681524e-05,0,0,0.000398843354272609,0
0,0.000299820107935239,0,0.000899460323805717,0,9.9940035978413e-05,0,9.9940035978413e-05,0,0,0,0,0,0,0.0681591045372776,0,0.0022986208275035,0,0,0,0,0.000399760143913652,0,0,0,0.266440135918449,0,0,0.0247851289226464,0.00109934039576254,0.000399760143913652,0,0,0,0,0,0.00239856086348191,0,0.00159904057565461,0,0,0,0,0,0,0.00179892064761143,0,0,0.000499700179892065,0.000299820107935239,0,0,0,0.000799520287827304,0,0,0,0.000299820107935239,0,9.9940035978413e-05,0.000399760143913652,0.000199880071956826,0,0,0,0,0.00499700179892065,9.9940035978413e-05,0,0,0.000699580251848891,0,0,0.000299820107935239,0,0,0,0,0,0.000199880071956826,0,9.9940035978413e-05,0,0,0,0,0,0,0.000199880071956826,0.00209874075554667,0,0.000499700179892065,0.0150909454327404,0,0,9.9940035978413e-05,0,0,0,0,0,0,0.00129922046771937,0,0.00129922046771937,0,0,0.0262842294623226,0.00139916050369778,0.0118928642814311,0.00609634219468319,0,0,0.00569658205076954,0,0.0162902258644813,0,0,0.047671397161703,9.9940035978413e-05,0,0,0.00519688187087747,9.9940035978413e-05,0,0.000199880071956826,9.9940035978413e-05,0,0,0,0,0.0112932240655607,0,0,0,0,0.0927443533879672,0,0,0,0.000999400359784129,0,0,0,0,0,0,0,0,0.000799520287827304,0,0.00209874075554667,9.9940035978413e-05,0.000999400359784129,9.9940035978413e-05,0,0,0,0,0.00219868079152508,0,0,0,0,0,0,0.0092944233459924,0,0,0,0.000399760143913652,0,0,0,0,0,9.9940035978413e-05,9.9940035978413e-05,0.00209874075554667,0,0.00469718169098541,0.000799520287827304,0,0.00499700179892065,0,0,0,0.000599640215870478,0,0,0.000499700179892065,0.000899460323805717,0.000599640215870478,0,0.0122926244253448,0,0,0,0,0,0,0,0,0.0403757745352788,0,0.00169898061163302,0.000299820107935239,0,0,0,0,0,0,9.9940035978413e-05,0,0,0.00319808115130921,0,9.9940035978413e-05,0,0,0.000799520287827304,0,0,0.00169898061163302,0,0,0.0276833899660204,0.00139916050369778,0.000299820107935239,0.00639616230261843,0.0022986208275035,0,0.142414551269238,0,0,0,0,0,0.00109934039576254,0,0,0,0,0,0.000199880071956826,0,0,0,0,0,0,0,0,0,0.0179892064761143,0.000299820107935239,0,0,0,0.000199880071956826,0,0,0.000299820107935239,0,0,0,0,0,0.0474715170897462,0,0,0.0122926244253448,0,0,0,9.9940035978413e-05,0,0,0.00749550269838097,0,9.9940035978413e-05,0.00449730161902858,0,0,0,0,0,0.000199880071956826,0,0,0,0,0,0.00339796122326604,0.000199880071956826,0.00119928043174096,0,0,0.00409754147511493,0
0,9.99800039992002e-05,0,0,0,0,9.99800039992002e-05,0,0,0,0,0,0,0,0.0001999600079984,0,0,9.99800039992002e-05,0,0,0.0196960607878424,0.0021995600879824,0,0,9.99800039992002e-05,0.241751649670066,0,0.0021995600879824,0.0012997400519896,0.0010997800439912,0.0546890621875625,0,0,0.00489902019596081,0,0,0.00709858028394321,0.0591881623675265,0,0,0,0,0,0,0,0.0345930813837233,0,0,0,0,0,0,0,9.99800039992002e-05,0,0,0,0,0,0.0313937212557489,0,0,0,0,0,0,0.0192961407718456,0,0,0,0.00329934013197361,0,0,0.000899820035992801,0,0,0,0,0,0,0,0,0.00359928014397121,0,0,9.99800039992002e-05,9.99800039992002e-05,0,0,0.0102979404119176,0,0,0,0,0,0.0002999400119976,0,0,0,0,0,0,0,0,0,0,0.00779844031193761,0.0671865626874625,0,0,0,0,0,0.0515896820635873,0.0002999400119976,0,0,0,0.023495300939812,0,0,0,0,0,0.00579884023195361,0,0,0,0.0001999600079984,0,9.99800039992002e-05,0.0304939012197561,0,0,0,0,0,0,0,0,0,0,0,0,0,0,0.0020995800839832,0,0,0,0.00959808038392321,0.0011997600479904,0,0.000499900019996001,0,0,0,0,0,0.0026994601079784,0,0.0002999400119976,0,0,0,0,0,0,0,0.0001999600079984,0,0,0,0,0,0,0,0,0.0449910017996401,0,0,0,0,0,0.00249950009998,0,0,0.00489902019596081,0,0,0,0.0131973605278944,0,0,0,0,0,0,0,0,0,0,0,0,0,0.001499700059988,9.99800039992002e-05,0,0,0,0,0,0.0013997200559888,0,0,0,0,0,0.000699860027994401,0,0,0.001999600079984,0,0,0,0,0,0,0,0,0.027994401119776,0,0,0.020495900819836,0,0,0,0,0,0,0,0,0,0,0,0,0,0,9.99800039992002e-05,0,0,0.00559888022395521,0,9.99800039992002e-05,0,0,0,0,0.000499900019996001,0.0001999600079984,0,0,0,0.0001999600079984,0,0,0,0,0,0.00529894021195761,0,0.0138972205558888,0.000699860027994401,0,0.0015996800639872,0,0,0,0,0.117876424715057,0,9.99800039992002e-05,0.0196960607878424,0,0,0,0,0,0.00249950009998,0,0,0.000599880023995201,0,0,0,0,0.00369926014797041,0,0,0.00529894021195761,0
0,0,0,0.000499750124937531,0,0,0.000199900049975012,0.00169915042478761,0.0134932533733133,0.000999500249875062,0,9.99500249875062e-05,0,0.000199900049975012,0.00549725137431284,0,0.00809595202398801,0,0,0.00909545227386307,0.00209895052473763,0.00169915042478761,0.00249875062468766,0.000499750124937531,0.000599700149925037,0.248775612193903,0.000299850074962519,0,0,0.00109945027486257,0.00569715142428786,0.000499750124937531,0,0.0140929535232384,0,0,0.000599700149925037,0.0123938030984508,0.00139930034982509,0,0,0.000199900049975012,0.00169915042478761,0.00879560219890055,0,0,0,0.00079960019990005,0,0.000399800099950025,0,0,0,0,0.000699650174912544,0,0,0.000399800099950025,0,0.000499750124937531,0,0.000899550224887556,9.99500249875062e-05,0,9.99500249875062e-05,0,0.00119940029985007,9.99500249875062e-05,0,0,0.00629685157421289,0,0,0.000999500249875062,0,0,0,0,0,0.00139930034982509,0.000999500249875062,0,0,0,0.00179910044977511,0,0,0,0.000199900049975012,0.00269865067466267,0.0446776611694153,0.000399800099950025,0.000199900049975012,0.00459770114942529,0,9.99500249875062e-05,0,0,0.00409795102448776,0,0.000499750124937531,0,0,0,0,0.00249875062468766,0.00989505247376312,0.00119940029985007,0.0103948025987006,0.00249875062468766,0,0,0,0.087456271864068,0.00129935032483758,0.00849575212393803,0,0,0.0267866066966517,0,0,0.00859570214892554,0,0,0.00349825087456272,0,0,0,0,0.00549725137431284,0.0138930534732634,0.000399800099950025,0,0,0,0,0.0837581209395302,0.00259870064967516,0,0,0.000599700149925037,0,0,0,0.00409795102448776,0,0,0,0,0.000199900049975012,0,0.00289855072463768,0,0,0,0,0,0,0.0251874062968516,0.00279860069965018,0,0,0.00549725137431284,0.0381809095452274,0,0,0.0047976011994003,0,0,0,9.99500249875062e-05,0.00179910044977511,0,0,0,0,0,0.000699650174912544,0.00399800099950025,0,0.00949525237381309,0.00449775112443778,0,0.00219890054972514,0.00499750124937531,0,0,0,0,0.00499750124937531,0,0.0145927036481759,0,0,0.00349825087456272,0,0,0,0,0,0,0,0,0,0,0.000699650174912544,0,0,0,0,0,0,0.00659670164917541,0,0,0,0.00209895052473763,0,9.99500249875062e-05,0.00079960019990005,9.99500249875062e-05,0,9.99500249875062e-05,0,0.00139930034982509,0,0,0,0.0158920539730135,0.00189905047476262,0.0119940029985007,0,0,0.00669665167416292,0,0.000299850074962519,9.99500249875062e-05,0,0,0,0,0,0,0.0113943028485757,0,0,0,0,0.000299850074962519,0.000899550224887556,0.0299850074962519,0.000299850074962519,0.00119940029985007,0,0.00119940029985007,0,0.000599700149925037,9.99500249875062e-05,0.000299850074962519,0.00399800099950025,9.99500249875062e-05,0.00609695152423788,0.000499750124937531,0.000199900049975012,0,0,0,0.00339830084957521,0.000499750124937531,0.00259870064967516,0,0.000899550224887556,0.00789605197401299,0,0,0,0,0.000299850074962519,9.99500249875062e-05,0.0220889555222389,0,0,0.0220889555222389,0,0,0,0,0,0.00249875062468766,0,0,0,0,0,9.99500249875062e-05,9.99500249875062e-05,0,0.00709645177411294,0,0.00349825087456272,0
0,0,0,0,0,0,0.041004100410041,0,0,0,0,0,0,0,0.0004000400040004,0,0,0,0,0,0,0,0,0.0004000400040004,0,0.034003400340034,0,0,0.0024002400240024,0,0,0,0,0.0057005700570057,0,0,0.0003000300030003,0,0,0,0,0,0,0,0,0.0173017301730173,0,0,0,0,0,0,0,0,0,0,0,0,0,0,0,0,0,0,0,0,0,0,0.0148014801480148,0.0243024302430243,0,0,0,0,0,0,0,0,0,0,0,0,0,0,0,0,0,0,0,0,0,0,0.0025002500250025,0,0,0,0,0,0,0,0,0.0008000800080008,0,0,0,0,0,0.0615061506150615,0,0,0,0,0,0,0,0,0,0,0,0,0.0012001200120012,0,0.0004000400040004,0.0004000400040004,0.0125012501250125,0,0,0,0,0,0,0,0,0,0,0,0,0,0.0001000100010001,0,0.0018001800180018,0,0,0,0,0,0,0,0,0,0,0,0,0,0,0,0,0,0,0,0,0,0,0,0,0,0,0,0,0,0,0,0.0034003400340034,0,0,0,0,0,0,0,0,0,0,0,0,0,0,0,0,0,0,0.0083008300830083,0.0004000400040004,0,0,0,0,0,0,0,0,0,0,0,0,0,0,0,0,0.0009000900090009,0,0,0,0,0,0,0,0,0,0,0.0032003200320032,0,0,0,0,0,0,0,0,0,0,0,0,0.0736073607360736,0,0,0,0,0,0,0,0,0,0,0,0,0,0,0,0,0,0,0,0,0,0,0,0,0,0,0,0,0,0,0.001000100010001,0,0,0,0,0.0488048804880488,0,0,0.119411941194119,0,0.0001000100010001,0,0,0,0,0.518051805180518,0,0,0,0,0,0,0,0.001000100010001,0,0,0,0,0,0,0,0,0,0,0,0,0
0,0,0,0.00979020979020979,0.0018981018981019,9.99000999000999e-05,0.0001998001998002,0.0052947052947053,0,0.0002997002997003,9.99000999000999e-05,9.99000999000999e-05,0,0.0314685314685315,0.000699300699300699,0,0,0,9.99000999000999e-05,0,0.0142857142857143,0.0148851148851149,0.0002997002997003,9.99000999000999e-05,0.0002997002997003,0.0657342657342657,0.000699300699300699,0,0.0041958041958042,9.99000999000999e-05,0.00629370629370629,0,0,0.00849150849150849,0.0040959040959041,0,0.0001998001998002,0.0186813186813187,0,0,0,0,0,0.00869130869130869,0,0.051048951048951,0,0.0002997002997003,0,0,0,0.0001998001998002,0,0,0,9.99000999000999e-05,0,0.0004995004995005,0,0.0206793206793207,0.0002997002997003,0.00899100899100899,9.99000999000999e-05,0,0.00949050949050949,0,0.000799200799200799,0,0,0.0043956043956044,0.0103896103896104,0,0,0.0004995004995005,0,0,0,0,0,0.0340659340659341,0.0018981018981019,0,0.0024975024975025,9.99000999000999e-05,0.0358641358641359,0,0,0,0.000599400599400599,0.00749250749250749,0.0195804195804196,9.99000999000999e-05,0,0.0021978021978022,0,0,0,0,0.0036963036963037,9.99000999000999e-05,0.0001998001998002,0,9.99000999000999e-05,9.99000999000999e-05,0,0.00549450549450549,0.0107892107892108,0.0111888111888112,0,0.0475524475524476,0.000699300699300699,0.0013986013986014,0,0.00599400599400599,0.0001998001998002,0.00649350649350649,0.000599400599400599,0,0,0.0001998001998002,0.0001998001998002,0.00789210789210789,0,0,0.015984015984016,0.023976023976024,0,0,0.0001998001998002,9.99000999000999e-05,0.0146853146853147,0.0244755244755245,0,0,0,9.99000999000999e-05,0.050949050949051,0,0,0,0,0,0,0,0.0043956043956044,0,0.0048951048951049,0.00609390609390609,0,0.0001998001998002,0.0043956043956044,0,0,0.015984015984016,0,0,0.0014985014985015,0,0.012987012987013,0.0025974025974026,0.0004995004995005,0,0.00579420579420579,0,0,0,0.000599400599400599,0,0,9.99000999000999e-05,0.0021978021978022,0,9.99000999000999e-05,0,0,0,9.99000999000999e-05,0.003996003996004,0.0137862137862138,0,0.0194805194805195,0.0004995004995005,0,0.000899100899100899,0.0001998001998002,0,0,0,0.0024975024975025,0.0001998001998002,0,0.0042957042957043,9.99000999000999e-05,0.0003996003996004,0.0102897102897103,0,0.0014985014985015,0,9.99000999000999e-05,0,0,0,0,0,0,0.0021978021978022,0.0004995004995005,0,0,0,0,0,0.0052947052947053,0,0.000799200799200799,0,0.00519480519480519,0.0014985014985015,0,0.00649350649350649,0,0.0012987012987013,0.0115884115884116,0,0.0015984015984016,0,0.00659340659340659,0,0,0.0031968031968032,0.0120879120879121,0,9.99000999000999e-05,0.00909090909090909,0,0.0001998001998002,9.99000999000999e-05,0,0,0,0,0,0,0,0,0,0,0,0.0002997002997003,0.000899100899100899,0,0.0033966033966034,0.0010989010989011,0,0,0,0,9.99000999000999e-05,0.000899100899100899,0.000999000999000999,0,0,0,0,9.99000999000999e-05,9.99000999000999e-05,0,0.0132867132867133,0.000899100899100899,0.0001998001998002,0,0.0033966033966034,0.000699300699300699,0,9.99000999000999e-05,0,0,0,0.0001998001998002,0.106793206793207,0,0,0.0278721278721279,0,0,0,0,0,0.0026973026973027,0,0,9.99000999000999e-05,0,9.99000999000999e-05,0.0004995004995005,0,0.0013986013986014,0,0,0.0026973026973027,0
0,0,0,0,0,0,0,0.00489853044086774,0,0,0,9.99700089973008e-05,0,0.0144956513046086,0.0369889033290013,0,0,0,9.99700089973008e-05,0,0.00709787063880836,0.00169949015295411,0,0,0,0.204538638408477,0,0,0,0,0.00539838048585424,0,0,0.0127961611516545,0,0,0.000299910026991902,0.00989703089073278,0.000199940017994602,0,0,0,0,0.00359892032390283,0,0.0308907327801659,0,0,0,0,0,0,0,0,0.00129961011696491,0,0,0,0,0.00129961011696491,0,0.000499850044986504,0,0,0,0,0.00639808057582725,0,0,0,0.00269919024292712,0,0,0.000699790062981106,0,0,0,0,0,0.00509847045886234,0,0,0.00749775067479756,0,0.000599820053983805,0,0,0,0,0.00129961011696491,0,0.000999700089973008,0.0106967909627112,0,0,0,0,0,0.00539838048585424,0,0,0,0,0,0.000499850044986504,0,0.00839748075577327,0.0593821853443967,0,0.00459862041387584,0,0,0,0.0193941817454764,0,0,0,0,0.0198940317904629,0.000299910026991902,0,0,0,0,0,0,0,0,0,9.99700089973008e-05,0.00159952014395681,0.00899730080975707,0,0,0,0,0,0.000199940017994602,0,0,0.0638808357492752,0,0,0,0.0104968509447166,0,0.000499850044986504,0,0,0,0,0.00339898030590823,0,0,9.99700089973008e-05,0,0,0,0,0.00319904028791363,0,0,0,0.0546835949215235,0,0,0,0,0,0,0,0,0,0,0,0,0,0.00889733080075977,0.062481255623313,0,0,0,0,0,0,0,0,0,0,0,0,0,0.00229931020693792,0,0,0,0,0,0,0,0,0,0,0,0,0.00189943017094872,0,0,0,0,0,0,0.00179946016195141,0,0.000399880035989203,0,0.00829751074677597,0.00269919024292712,0,0.000399880035989203,0.00129961011696491,0.00189943017094872,0,0,0,0,0,0,0.00779766070178946,0,0.014295711286614,0,0,0.057482755173448,0,0,0.000299910026991902,0,0,0.0657802659202239,0,0,0,0,0,0,0,0,0,0.000199940017994602,0.0155953214035789,0,0,0,0.000599820053983805,0,0,0,0,0,0,0,9.99700089973008e-05,0.00139958012596221,0,0,0,0,0.00149955013495951,0.00419874037788663,0,0,0.00569829051284615,0,0,0,0,0,0.000899730080975707,0.0807757672698191,0,9.99700089973008e-05,0.00369889033290013,0,0,0,0,0,0.00159952014395681,0.000599820053983805,0,0,0,0,0.00739778066580026,0,0.000499850044986504,0,0,0,0
0,0,0,0,0,0,0,0,0,0,0,0,0,0,0,0,0,0,0,0,0,0.00270081024307292,0,0.000500150045013504,0,0.352905871761528,0,0,0.000500150045013504,0,0.0200060018005402,0,0,0,0,0,0.000400120036010803,0.0109032709812944,0,0,0,0,0,0,0,0,0,0,0,0,0,0,0,0,0.00280084025207562,0,0,0,0,0,0,0,0,0,0,0,0,0.00130039011703511,0,0,0,0,0,0.000500150045013504,0,0,0,0,0,0,0,0,0.00560168050415125,0,0.000900270081024307,0,0,0,0.00100030009002701,0.00120036010803241,0,0.000600180054016205,0.000800240072021606,0,0,0.00120036010803241,0,0,0.00630189056717015,0,0,0,0,0,0,0,0,0.0574172251675503,0,0,0,0,0,0,0,0,0,0,0,0.000200060018005402,0,0,0.00100030009002701,0,0.0211063318995699,0,0,0,0,0.00110033009902971,0.00340102030609183,0.0475142542762829,0,0,0,0,0,0,0,0,0,0,0,0,0.000700210063018906,0.143142942882865,0.00200060018005402,0,0,0,0,0,0,0,0,0,0,0,0.000400120036010803,0,0,0,0,0,0,0,0,0,0,0,0,0.000100030009002701,0,0,0,0,0,0,0,0,0,0,0,0,0,0.000100030009002701,0,0,0,0,0,0.00410123036911073,0.000200060018005402,0,0,0,0,0,0,0,0,0,0,0,0.049814944483345,0,0,0,0,0,0,0,0,0,0,0,0,0,0.0451135340602181,0,0,0,0,0,0,0,0,0,0,0,0.000700210063018906,0,0,0,0,0,0,0,0,0,0,0,0,0,0,0,0,0.000100030009002701,0,0,0,0,0,0,0.000200060018005402,0,0,0,0.000600180054016205,0.00130039011703511,0,0,0,0,0,0,0,0,0,0.166249874962489,0,0.00170051015304591,0.0246073822146644,0,0,0,0,0,0.000100030009002701,0.000500150045013504,0,0,0.000700210063018906,0,0,0,0,0,0.00190057017105132,0.000300090027008102,0,0,0,0,0.0135040512153646,0,0,0,0,0,0
0,0,0.000599640215870478,0.00569658205076954,0.00139916050369778,9.9940035978413e-05,0,0.00199880071956826,0,0.00139916050369778,9.9940035978413e-05,0,0,0,0,0,0.00189886068358985,0.00169898061163302,9.9940035978413e-05,0,0,0.00749550269838097,0,0.0114931041375175,0.000499700179892065,0.1398161103338,0,0,0.052768338996602,0.00299820107935239,0.00199880071956826,0,0,0.0294823106136318,0.000399760143913652,0,9.9940035978413e-05,0.000999400359784129,0,0,0,0,9.9940035978413e-05,0.000899460323805717,0,0.0169898061163302,0,0,0,0,0,0.00719568259044573,0,0.00119928043174096,0,9.9940035978413e-05,0,0.00129922046771937,0.000699580251848891,0.0232860283829702,0.000299820107935239,0,0,0.000199880071956826,0,0,0.00199880071956826,9.9940035978413e-05,0,0,0.00239856086348191,9.9940035978413e-05,0.0061962822306616,0.000499700179892065,0,0,0,0,0,0.00219868079152508,0.000499700179892065,9.9940035978413e-05,0.0379772136717969,0.000399760143913652,0,0.000299820107935239,0,0,0.00119928043174096,0.00179892064761143,0,0.00239856086348191,0.000299820107935239,0,0.00349790125924445,0.00289826104337398,0,0,0.00659604237457526,9.9940035978413e-05,0,0,0.00109934039576254,0.00219868079152508,0.000199880071956826,0.00209874075554667,0.00219868079152508,0.0128922646412153,0.0222866280231861,0.012092744353388,0.00269838097141715,0,0.00479712172696382,0.000399760143913652,0.000199880071956826,0.0646612032780332,0.00409754147511493,9.9940035978413e-05,0,0,0,0,0,0,0.000499700179892065,0.00249850089946032,0.135018988606836,0.000799520287827304,0.000199880071956826,0,0.00179892064761143,0.00519688187087747,0,0,0.000499700179892065,0,0.0180891465120927,0,0,0.000399760143913652,0.0157905256845892,0,0,0,0.00109934039576254,0,0.00319808115130921,0.00279832100739556,0,0,0,0,0.000199880071956826,0.00919448331001399,0,0,0.000599640215870478,0,9.9940035978413e-05,0,0.000299820107935239,0.00199880071956826,0.0221866879872077,0,0,0,0.00169898061163302,0,0,0,0.0030981411153308,0,0,0,0.00979412352588447,0,0.000799520287827304,0,0.00149910053967619,0,0.00389766140315811,0.00139916050369778,0,0,0.0061962822306616,0,0,9.9940035978413e-05,0,0.00719568259044573,0,0.0022986208275035,0,0,9.9940035978413e-05,0,0,0,9.9940035978413e-05,0,0.000399760143913652,0,0,0,0,0.00729562262642415,9.9940035978413e-05,0,0,0.000899460323805717,0.000299820107935239,0,0,0.000799520287827304,0.000199880071956826,0,0,0,9.9940035978413e-05,0,0.000199880071956826,0.000199880071956826,0.000199880071956826,0,0.00439736158305017,0,0.00209874075554667,0,0.000299820107935239,0.000199880071956826,0.00169898061163302,0.000299820107935239,0.000199880071956826,0.0512692384569258,0,0.000399760143913652,0,0,0,0,0,0,0,0,0.00179892064761143,0.000999400359784129,0,0,0,0,0,0.000199880071956826,0.00119928043174096,0,0.00139916050369778,0.00179892064761143,0,0,0.00119928043174096,0.00139916050369778,0,0,0,0.00279832100739556,0.000399760143913652,9.9940035978413e-05,0,0,0.000399760143913652,0.000199880071956826,0,9.9940035978413e-05,0.0265840495702578,0,0.000899460323805717,0,0,0,0.000199880071956826,0.0793523885668599,0,0,0.0116929842094743,0,0,0,0,0,0.0030981411153308,0.000299820107935239,0,0.000399760143913652,0,9.9940035978413e-05,0.00889466320207875,0,0.00219868079152508,0,0,0.00119928043174096,0
0,0,0,0,0,0,0.0026997300269973,0.0002999700029997,0,0,0,0,0,0.0112988701129887,0.0004999500049995,0,0,0,0.0002999700029997,0.0015998400159984,0.0226977302269773,0.0007999200079992,0.0053994600539946,0,0,0.141285871412859,0,0,0.0176982301769823,9.99900009999e-05,0,0,0,0.0003999600039996,0,0,0.0002999700029997,9.99900009999e-05,0,0,0,0,0,0.0080991900809919,0,0.0072992700729927,0,0,0.0047995200479952,0,0.0005999400059994,0,0,0.0004999500049995,0,0,0,0,0,9.99900009999e-05,0.0001999800019998,0.012998700129987,0,0,0,0,0.0024997500249975,0,0.0004999500049995,0,0.0005999400059994,0,0,0,0,0,0,0,0,9.99900009999e-05,0,0,0.0021997800219978,0,0,0,0,0,0.0012998700129987,0,0,0.0038996100389961,0.0035996400359964,0,0,0,0,0,9.99900009999e-05,0,0,0.0015998400159984,0,0,0,0.0014998500149985,0,9.99900009999e-05,0.0256974302569743,0.0113988601139886,0,0,0.0012998700129987,0.0043995600439956,0,0.0085991400859914,0,0,0.0068993100689931,0,0,0,0,0,9.99900009999e-05,0,0,0,0,0,0.0013998600139986,0.0137986201379862,0.007999200079992,0,0,0,0.0276972302769723,0.0034996500349965,0,0,0.0001999800019998,0,0,0.0004999500049995,0,0.0392960703929607,0.0001999800019998,0.0031996800319968,0,9.99900009999e-05,0,0.0016998300169983,0,0,0,0,0,0,0,0.0075992400759924,0.0018998100189981,0,0,0,0,0,0.0040995900409959,0,0,0,0.0002999700029997,0,0,0,9.99900009999e-05,0,0,0,9.99900009999e-05,0,0.0596940305969403,0,0,0.000999900009999,0.0003999600039996,0,0,0,0,0,9.99900009999e-05,0.0014998500149985,0.0002999700029997,0,0,0.0037996200379962,0.0428957104289571,0,0,0,0,0.0005999400059994,0,0,0,0,0,0,9.99900009999e-05,0.0088991100889911,0.0006999300069993,0.0116988301169883,0,0,0,0,0.0071992800719928,0,9.99900009999e-05,0,0.0002999700029997,0,0,0,0,0,0,0,0.0036996300369963,0.0027997200279972,0,0,0,0.113388661133887,0,0,0,0,0,0,0,0,0.0046995300469953,0,0.0005999400059994,9.99900009999e-05,0,0,0,0,0,0,0.0013998600139986,0,0,9.99900009999e-05,0.0002999700029997,0,0,9.99900009999e-05,0,0,0,9.99900009999e-05,0.0020997900209979,0,0,0,0.0001999800019998,0.0727927207279272,0,0,0.0597940205979402,0,0.000999900009999,0,0,0,0.0001999800019998,0.161883811618838,0,0,0.0017998200179982,0,0,0,0,0,0.0004999500049995,0.0010998900109989,0,0,0,0,0,0,9.99900009999e-05,0,0,0.0017998200179982,0
0,0,0,0,0,0,0,0,0,0,0,0,0,0,0.0017,1e-04,0,0,0,0,0,6e-04,0,0.0015,0,0.1362,0,0,0.0025,0.0036,1e-04,0,0,0,0,0,0.0097,0,0,2e-04,0,0,0.104,0,0,0.001,0,0,0,0,2e-04,0,0,0,0,3e-04,0,0,0,0.0066,0,0,0,1e-04,0,0,0,0,0,0,0,0,0,0,0,0.1169,0,0,0,0,0,7e-04,0.0057,0,0,3e-04,0.0411,0,0,0,0,0.0159,4e-04,0,0,0,0,0,0,0,0,0.0199,0.0092,0,0,0,0,0.1005,0.011,0,0,0,0.0018,1e-04,0,0,0,0,0,0,0,0,0,1e-04,6e-04,0,0,0,0,0,0,0,0,0,8e-04,0,0.0073,0.0146,0,0,0.0308,0,0,0.0012,0,0,0.0029,0.0294,4e-04,0,0,0,0,0,3e-04,0,0,0,0,0,0,0,0,0,0,0,0,0,0,1e-04,0,0,0,0,2e-04,0,0,0.0238,1e-04,0.0093,0,0,0,0,0,0,0,0,0,0,0,0.0056,0,0,0,0,0.0052,0,0,0,0,0,0,0,0,0.0245,0.0039,0,1e-04,0.0011,0,0,0,0,0,0,0.0011,0,0.0241,0,0,8e-04,0,0,0.0033,0,0,0,0.0015,0.0116,0,0,0,0.0066,0,0,0,0,0,0.0019,0,0,0,0,0.0019,0,0,0,0,0,0,0,0,0,0.0024,0.0155,0.0049,0,0.0019,0,0,0,0,4e-04,2e-04,0,0,0,0,0.0078,0,0,0.0101,0,0,0,0,0,0,0.1286,0,1e-04,0.0026,0,0,0.0041,0,0,0,0.0015,0,0,0,0,0.0028,0,0.0063,0,0,0.0038,0
0,0,0,0,0,9.99500249875062e-05,9.99500249875062e-05,0.00779610194902549,0,0,0,0,9.99500249875062e-05,0,0,0,0,0,0,0.0015992003998001,0.00849575212393803,0.00129935032483758,0,0,0,0.0198900549725137,0,0,0.000599700149925037,0.000599700149925037,0,0,0,0.00709645177411294,0,0,0,0.0253873063468266,9.99500249875062e-05,0,0,0,0,0,0,9.99500249875062e-05,0,0,0,0,0,0,0,0,0.0192903548225887,0,0,0,0,0,0,0,0,0,0,0,0.0255872063968016,0,0,0,0.00329835082458771,0,0,0,0,0,0,0,0,0,0,0,0,0,0,0,0,0,0,0,0.0654672663668166,0.00249875062468766,0.000499750124937531,0,0,0,0,0,0,0,0,0,0,0,0,0,0,0.411194402798601,0,0,0,0.00199900049975012,0,0.00589705147426287,0,0,9.99500249875062e-05,0,0.0243878060969515,0,0,0,0,9.99500249875062e-05,0,0,0,0,0,0,0.0108945527236382,0.00329835082458771,0,0,0,0,0.00169915042478761,0,0.0015992003998001,0,0.00109945027486257,0.000599700149925037,0,0,0,0,0,0,0.000199900049975012,0,0,0.00949525237381309,0,0,0,0,0,0,0,0.00459770114942529,0,0,0,0,0,0,0.000199900049975012,0,0,0,0,0,0,0,0,0,0,0.0448775612193903,0,0,0,0,0,0,0,0,0,0,0,0.000299850074962519,0,0,9.99500249875062e-05,0,0,0,0,0,0,0.00889555222388806,0,0,0,0,0,0.000299850074962519,0,0.000199900049975012,0,0,0,0,0,0.000399800099950025,0.00489755122438781,0,0.00209895052473763,0.0276861569215392,0.00829585207396302,0,0.0181909045477261,0,0,0,0,0,0,0,0,0,0,0,0,0,0,0,0,0,0,0,0,0,0,0,0,0,0,0,0,0.000899550224887556,0,0.000399800099950025,0,0,0,9.99500249875062e-05,0.000299850074962519,0,0.00749625187406297,0.000199900049975012,0,0,0,0.000299850074962519,0,0,0,0,0,0.00419790104947526,0,0,0,0.000299850074962519,0,0,0,0,0,0.176611694152924,9.99500249875062e-05,9.99500249875062e-05,0.015792103948026,0,0,0,0,0,0,0.00209895052473763,0,0,0,0,0,0,9.99500249875062e-05,0,0,0.00749625187406297,0
9.99500249875062e-05,0,0,0,9.99500249875062e-05,0,0,0,0,0,0,0,0,0.0149925037481259,0.000599700149925037,0,0,0,0,0,9.99500249875062e-05,0.00189905047476262,0,0,0.000199900049975012,0.248075962018991,0,0,0,0,0,0,0,0.0117941029485257,0,0,0,0.0333833083458271,0,0,0,0,0,0.00399800099950025,0,0.0136931534232884,9.99500249875062e-05,9.99500249875062e-05,0,0,0.000199900049975012,0,9.99500249875062e-05,0,0.000399800099950025,0,0,0,0,0.00699650174912544,0,0,9.99500249875062e-05,0,0.0170914542728636,9.99500249875062e-05,0.0131934032983508,9.99500249875062e-05,0,0,0.000599700149925037,0,0,0,0,0,0,0.000399800099950025,0,0.00749625187406297,0.000199900049975012,0.000999500249875062,0,0.000499750124937531,9.99500249875062e-05,0,0,0,0,0.00419790104947526,0,9.99500249875062e-05,0.000199900049975012,0,0,0,0,0,0,0,9.99500249875062e-05,9.99500249875062e-05,0,0,0.000199900049975012,0.000299850074962519,0,0,0.00309845077461269,0.00329835082458771,0,9.99500249875062e-05,0,0.0128935532233883,0,0,0.00839580209895052,0,0.00249875062468766,9.99500249875062e-05,0,0,0,9.99500249875062e-05,0.00189905047476262,0.00709645177411294,0,0,0,0.000199900049975012,0.000999500249875062,0,0,0,0,0,0.0100949525237381,0.00359820089955022,9.99500249875062e-05,0,0.00259870064967516,0,0,0,0.0174912543728136,0,0.0015992003998001,0.00789605197401299,0,0,0.000299850074962519,0.00179910044977511,0,0.00739630184907546,0,0,0,0,0.000299850074962519,0,0,0,0.0111944027986007,0,0,0,0.00149925037481259,0,0.000199900049975012,0,9.99500249875062e-05,0.00109945027486257,0,0,0,0,0,0.00529735132433783,0.00299850074962519,0.00079960019990005,0.0273863068465767,0,0,0.00299850074962519,0,0,0,0,0,0,0,0.023488255872064,9.99500249875062e-05,9.99500249875062e-05,0,0,0.0148925537231384,0.000199900049975012,0,0,0,0,0,0,0,0.000399800099950025,9.99500249875062e-05,0,0,0,0,0,0.000999500249875062,0,0,0,0.00879560219890055,0.000199900049975012,0,0.0115942028985507,0,0.000299850074962519,0.00349825087456272,0,0.00109945027486257,0.000199900049975012,0,0,0.0031984007996002,0.000399800099950025,0,0,0,0.00779610194902549,0,0,0.000299850074962519,0,0,9.99500249875062e-05,0,0,0,0.00249875062468766,0,0.00249875062468766,0.016391804097951,0,0,0,0.00209895052473763,0,0.000399800099950025,0,0,9.99500249875062e-05,0.000399800099950025,0,0,0.000399800099950025,0.000199900049975012,0.000399800099950025,0,0.000199900049975012,0,9.99500249875062e-05,0.000599700149925037,0,0.00549725137431284,0.00079960019990005,0.000499750124937531,0.000399800099950025,0.0233883058470765,0,9.99500249875062e-05,9.99500249875062e-05,9.99500249875062e-05,9.99500249875062e-05,0,0.293753123438281,0,0,0.00339830084957521,0,0,0,0,0.000199900049975012,0.0202898550724638,0.00169915042478761,0,0,0,0,0,0.00219890054972514,0,0.00589705147426287,0.00209895052473763,0.00149925037481259,0.00359820089955022
0,0,0,7e-04,0,0,0,0,0,0.0011,3e-04,0,0,0.0677,0.0018,1e-04,0.0049,0,0,0,0.0025,0.0034,0,0,2e-04,0.2813,0,0,0.0014,0,0,0,2e-04,0,2e-04,0,0.0014,0.0109,0,0,1e-04,0,0,7e-04,1e-04,0.0021,0,0,0,0,0,0,0,1e-04,3e-04,1e-04,2e-04,7e-04,0,0.0127,5e-04,0.0132,1e-04,2e-04,0,0,1e-04,0,0,0,0.0033,6e-04,3e-04,9e-04,0,0,0,0,0,0.0037,7e-04,2e-04,0.0259,2e-04,0.0045,1e-04,1e-04,0,3e-04,0.0112,0.0866,0.0015,0,0,0,0,0,0,5e-04,0,1e-04,0,3e-04,2e-04,3e-04,3e-04,0.012,0.0371,0.0019,0.0018,0,0,6e-04,0.0017,0,0.0058,0,1e-04,0.0044,0,0,0,0,1e-04,0,0.0023,0,8e-04,0,4e-04,3e-04,0.0064,0,2e-04,3e-04,0,0.0041,0.0047,0,0,4e-04,0,0,7e-04,7e-04,0,2e-04,0.0018,0,0,0.0024,2e-04,1e-04,0.0085,1e-04,0,0,0,4e-04,1e-04,0,0,0.0134,0,0,0,0.0018,0,4e-04,4e-04,0.001,0.0014,0,0,0,0,0,9e-04,0.004,0.001,0.0057,0,0,0.0022,0.0013,0,0,0,0,0,0.001,0.0012,0,0,0.0028,0,0,2e-04,0,0,0,0,0,0,0,0.0016,3e-04,0,0,0,0,0,3e-04,0,0,0.001,0.0056,0.0013,0,0,0,0.0027,1e-04,3e-04,0.0035,0,0,0.001,0.0099,0.001,0.0019,4e-04,2e-04,0.0085,0,2e-04,4e-04,0.0058,0,0.0016,0,0,0,0.0114,0,0,0,0,5e-04,0.0062,0,4e-04,0.0032,0,8e-04,3e-04,1e-04,3e-04,0.0018,0,2e-04,0,0,1e-04,0.0081,1e-04,0,0,4e-04,0.0024,0,0,0.0386,0,0,0,0.0061,0.001,0,0.1718,0,0,0,0,0,0,0,0,0.0019,2e-04,0,3e-04,0,0,1e-04,2e-04,0,0,0,0.0054,1e-04
0,0,0,0.00509745127436282,0,0,0,0.00109945027486257,9.99500249875062e-05,0.000999500249875062,9.99500249875062e-05,0.000299850074962519,0,0.00169915042478761,0.000499750124937531,0,0,0,0,0,0.00179910044977511,0.00979510244877561,0.000599700149925037,9.99500249875062e-05,0.000499750124937531,0.229685157421289,0,0,0.000499750124937531,0.00169915042478761,9.99500249875062e-05,0.00179910044977511,0,0.0122938530734633,0,0,0.000299850074962519,0.00269865067466267,0,0,0.000199900049975012,9.99500249875062e-05,0,0.0178910544727636,9.99500249875062e-05,0.00129935032483758,0,0,0,0,0,0,0,0,0,0,0,0.000399800099950025,0,0,0.00109945027486257,0.00169915042478761,0,0,0,0,0.0150924537731134,9.99500249875062e-05,0,0,0.00269865067466267,0,0,9.99500249875062e-05,0,0,0,0,0,0.00669665167416292,0.000699650174912544,0,0,0,0.000199900049975012,0,0,0,0.000199900049975012,0.00659670164917541,0.031584207896052,0,0.0031984007996002,9.99500249875062e-05,0,0,0,0,0.00239880059970015,0,0,0,0,0,0.000299850074962519,0.000399800099950025,9.99500249875062e-05,0.0116941529235382,0.0258870564717641,0.00809595202398801,0,0,0,0.0671664167916042,0,0.0118940529735132,0,0,0,0,0,0,0,0,0.0642678660669665,0,0,0,0,0.000899550224887556,0.000399800099950025,0.00529735132433783,0,9.99500249875062e-05,0,0,0.00909545227386307,0,0,0,0.00129935032483758,0,0.00569715142428786,0.00149925037481259,0,0,0.00109945027486257,0.00539730134932534,0,9.99500249875062e-05,0.00239880059970015,0,0,0,0,0,0,0,0,0.000999500249875062,0,0,0.00589705147426287,9.99500249875062e-05,0,0,0.00349825087456272,0.000199900049975012,0,0,0,0.0368815592203898,0,0,0,0,0,0,0.0283858070964518,0,0.00549725137431284,0,0,0,0,0,0,0,0.000399800099950025,0,0,0.00559720139930035,0,0,9.99500249875062e-05,0,0,9.99500249875062e-05,0,0,0,0,0,0,0,0,0,0,9.99500249875062e-05,9.99500249875062e-05,0,0,0,0,0.000499750124937531,0,0.00549725137431284,0,0.0173913043478261,0.00129935032483758,0,0,9.99500249875062e-05,0,0,0,0,0,0.00739630184907546,0.00169915042478761,0.0147926036981509,0,9.99500249875062e-05,0.0761619190404798,0,0,0,0,0,0,0,0,0,0,0,0,0,0.000199900049975012,0.000299850074962519,0.00079960019990005,0.000299850074962519,0,0.000699650174912544,0,0.00139930034982509,0,0,0.000199900049975012,9.99500249875062e-05,0.000499750124937531,0,0,0,0,9.99500249875062e-05,0,0,0,0.0179910044977511,0.0149925037481259,0,0.00299850074962519,0.0231884057971014,0,0,0,0.000699650174912544,0.000199900049975012,0.000299850074962519,0.102648675662169,0,0,0.0123938030984508,0.000199900049975012,0,0,0,0,0.000399800099950025,0.0031984007996002,0,0,0,0,0.00529735132433783,0,0.00789605197401299,0.000199900049975012,0,0.00269865067466267,0
0,0,0,0,0,0,0,0.0015992003998001,0,0,0,0,0,9.99500249875062e-05,0.00309845077461269,0,0,0,0,0,0,0,0,0,0,0.0820589705147426,0,0,0.000899550224887556,0,0.0496751624187906,0,0,0.0228885557221389,0,0,0,0,0,0,0,0,0,0,0,0.0135932033983008,0,0,0,0,0,0,0,0,0,9.99500249875062e-05,0,0,0.000199900049975012,0,0,0,0,0,0,0,0.0120939530234883,0,0,0.00369815092453773,0.00659670164917541,0,0,0.000199900049975012,0,0,0,0,0,0,0,0,0.0229885057471264,0,0,0.000399800099950025,0,0.00819590204897551,0,0.00189905047476262,0,0.000399800099950025,0,0,0,0,0,0,0.00739630184907546,0,0,9.99500249875062e-05,0,0,0.000399800099950025,0,0.00589705147426287,0.134432783608196,0,0,0,0,0,0.00259870064967516,0,0,0,0,0.0108945527236382,0,0,0,0,0.000699650174912544,0.0887556221889056,0.0488755622188906,0,0,9.99500249875062e-05,0,0.00449775112443778,0,0,0,0,0,0.000199900049975012,0,0,0,0,0,0,0,0,0,0,0,0,0,0.00129935032483758,0.0112943528235882,0.00249875062468766,0,0,0,0,0,0.0208895552223888,0,0,0,0,0,0,0,0.000299850074962519,0,0,0,0,0,0,0,0,0,0,0.0346826586706647,0.0297851074462769,9.99500249875062e-05,0,0,0,0,0,0,0.000199900049975012,9.99500249875062e-05,0,0,9.99500249875062e-05,0.00289855072463768,0,0,0,0,0,0,0,0,9.99500249875062e-05,0,0,0.000499750124937531,0,0.000399800099950025,0,0,0,0.000299850074962519,0,0,0.00129935032483758,0.000299850074962519,0.00289855072463768,0,0.00489755122438781,0,0,0,0,0.00179910044977511,0,0,0,0.00169915042478761,0,0,0.0079960019990005,0,0.00219890054972514,0,0,0.00659670164917541,0,0,0,0,0,0,0,0,0,0,0,0,0,0,0,0,0.00349825087456272,0,0,0,0,0,0.00569715142428786,0,0,0,0.000299850074962519,0,0,0,0,0,0,0,0,0,0.00079960019990005,0.00289855072463768,0.0140929535232384,0,0.000499750124937531,0,0,0,0,0.178010994502749,0,0,0.064767616191904,0,0,0,0,9.99500249875062e-05,0,0.00369815092453773,0,0,0,0,0.00439780109945028,0,0.000199900049975012,0,0,0.0503748125937031,0
0,0,0,0,0,0,0,0,0,0,0,0,0,0,0.0003000600120024,0,0,0,0,0,0,0.00740148029605921,0,0,0,0.122924584916983,0,0,0,0,0.0552110422084417,0.0272054410882176,0.0003000600120024,0.0258051610322064,0,0,0,0.021004200840168,0,0,0,0,0,0.00610122024404881,0,0.00420084016803361,0,0,0,0,0.0003000600120024,0,0,0,0.00540108021604321,0,0,0.0001000200040008,0,0.0268053610722144,0,0,0,0,0,0,0.00430086017203441,0,0,0,0.0022004400880176,0,0,0.001000200040008,0,0,0,0,0,0.00360072014402881,0,0,0,0,0,0.0001000200040008,0,0,0,0.0349069813962793,0,0.000400080016003201,0,0,0,0,0,0,0.00740148029605921,0,0,0,0,0.0021004200840168,0.0001000200040008,0,0,0.0746149229845969,0,0,0,0,0,0.0144028805761152,0,0,0,0,0.0246049209841968,0,0,0,0,0.0001000200040008,0.0387077415483097,0,0,0,0,0,0,0,0,0,0,0,0.0001000200040008,0,0,0,0.00340068013602721,0,0,0.0003000600120024,0,0,0.00350070014002801,0,0,0,0.0028005601120224,0,0,0,0,0,0,0,0,0.0112022404480896,0,0,0,0.0002000400080016,0,0,0,0,0,0,0,0,0,0,0,0,0,0,0.00870174034806961,0.0001000200040008,0,0,0,0,0,0,0,0,0,0,0.00590118023604721,0.0303060612122424,0,0,0,0,0,0,0,0,0.0021004200840168,0,0,0.0001000200040008,0,0.024504900980196,0,0,0,0,0,0.00380076015203041,0,0,0.0027005401080216,0.0014002800560112,0.00960192038407682,0,0,0,0,0,0,0,0,0.000600120024004801,0,0,0.00450090018003601,0,0.00890178035607121,0.0001000200040008,0,0.0528105621124225,0,0,0,0,0,0.000400080016003201,0,0.0018003600720144,0,0,0,0.00440088017603521,0,0,0,0,0,0,0,0,0.0101020204040808,0.00470094018803761,0.00530106021204241,0,0.0023004600920184,0,0.0003000600120024,0,0,0.000400080016003201,0,0,0,0,0,0.0001000200040008,0,0,0.0194038807761552,0,0.0001000200040008,0,0,0,0,0.141428285657131,0.0001000200040008,0,0.0597119423884777,0,0,0,0,0,0.0111022204440888,0,0,0,0.000700140028005601,0,0.0309061812362472,0.003000600120024,0,0,0,0.014502900580116,0
0,0,9.98801438274071e-05,0.000299640431482221,0,9.98801438274071e-05,0,0,0,0.000799041150619257,0,0,0,0.00189772273272074,0.00209748302037555,0,0.000599280862964443,0,0.000199760287654814,0,0,0.00219736316420296,0.000499400719137036,9.98801438274071e-05,0,0.0013983220135837,0,0,0.000399520575309628,0.00259688373951258,9.98801438274071e-05,0,0,0.000499400719137036,0,0,0,9.98801438274071e-05,9.98801438274071e-05,0,0,0,0,0,0,0,0,9.98801438274071e-05,0,0,9.98801438274071e-05,0,0,0,0.000998801438274071,0,0.000299640431482221,0,0,0.00239712345185777,9.98801438274071e-05,0,9.98801438274071e-05,9.98801438274071e-05,0,0,0.00449460647223332,0,0,0,0.00189772273272074,0,0,0,0,0,0,0,0,0.000799041150619257,0.00119856172592889,0,0.00149820215741111,0,0,0.000898921294446664,0,0,0.000599280862964443,0.00149820215741111,0,0.000199760287654814,0.000199760287654814,0.000199760287654814,0,0,0,0,0,0,0,0,0,0,0,0.000199760287654814,0,0.429284858170196,0,0,0,0,0,0.00679184978026368,0,0.00399520575309628,0,0,0.00549340791050739,0,0,0,0,9.98801438274071e-05,0.0145825009988014,0,0,0,0,0,0.00069916100679185,0.000898921294446664,0,0,0,0,9.98801438274071e-05,0,0,0,0.024770275669197,0,0,0,0,0,0.000199760287654814,0,0.000499400719137036,0,0.00109868158210148,0,0,0.000199760287654814,0,0,0,0,0,0,0,0,0,0,0,0,0,0,0,0,9.98801438274071e-05,0,0.00259688373951258,0,0,0,0,0.000998801438274071,0.000499400719137036,9.98801438274071e-05,0,0,0,0,9.98801438274071e-05,0,0,0,0,0,0,0.00549340791050739,9.98801438274071e-05,9.98801438274071e-05,0,0,0,0,0,0,0,0,9.98801438274071e-05,0.0712145425489413,0,0.000898921294446664,0,0,0,9.98801438274071e-05,0,0,0,0,0.000199760287654814,0,9.98801438274071e-05,0.00529364762285258,0.0115860966839792,0,0.00219736316420296,0.000799041150619257,0,0,0,0,0,0,0.00299640431482221,0,0.00129844186975629,0,0,0.00659208949260887,0,0,0.000199760287654814,9.98801438274071e-05,9.98801438274071e-05,0.00379544546544147,0,0,0,0,0.000399520575309628,0,0,0,0,0,0,9.98801438274071e-05,9.98801438274071e-05,0,0.000199760287654814,9.98801438274071e-05,0.000199760287654814,0,9.98801438274071e-05,0,9.98801438274071e-05,0,0,9.98801438274071e-05,9.98801438274071e-05,0,0,0,0,0.0146823811426288,0,0.000399520575309628,0.252596883739513,0,0,0,0,0,9.98801438274071e-05,0.0825009988014383,0,0,0.00499400719137036,0,0,0,0,0,0.0013983220135837,0.000599280862964443,0,0,0.00069916100679185,0,0,9.98801438274071e-05,0.000499400719137036,0,9.98801438274071e-05,0.00149820215741111,0
0,0,0,0,0,0,0.000998901208670463,0.00859055039456598,0.0104884626910399,0,0,0,9.98901208670463e-05,0,0.0012985715712716,0,0,0,0,0,0,0,9.98901208670463e-05,0,0,0.117271001897912,0,0,0,0.00189791229647388,0,0,0,0.00159824193387274,0,0,0.000699230846069324,0,0,9.98901208670463e-05,0,0,0,0.00609329737288982,0,0.0609329737288982,0,0,0,0,0,0,0,0,0.00599340725202278,0,0,0,0,0.0335630806113275,0,0.0119868145040456,0,0,0,0.00569373688942164,0,0,0,0,0.0503446209169913,0,0,0,0,0.0174807711517331,0,0,0,0.0159824193387274,0.00109879132953751,0,0.00649285785635801,0,0,0.000899011087803416,0,0,0,0.00119868145040456,0,0,0.00139846169213865,0.00329637398861253,0,0,0,0,0.00509439616421936,0,0,0.00699230846069324,0,0,0,0,0,0.106083308360803,0,0,0,0,0.000599340725202278,0.000998901208670463,0,0,0,0,0.00439516531815004,0,0,0,0,9.98901208670463e-05,0.00399560483468185,0,0,0,0,0,0,0,0,0,0,0,0.00229747277994206,0.00139846169213865,0,0,0.000998901208670463,0,0,0,0,0,0,0.00189791229647388,0.000199780241734093,0,0,0.0101887923284387,0,0,9.98901208670463e-05,0,0,0,0,0.00549395664768754,0,0,0.0190790130856058,0.0628308860253721,0,0,0.00399560483468185,0,0,0,0,0,9.98901208670463e-05,0,0,0,0,0.05174308260913,0,0,0.00659274797722505,0,0,0.00978923184497053,0.0012985715712716,0,0,0,0,0,0,0.00149835181300569,0,0,0,0,0,0,0,0,0,0,0,0,0,0,0,9.98901208670463e-05,0,0,0,0,0,0,0.000499450604335231,0,0,0.0244730796124263,0,0,0.00559384676855459,0.00429527519728299,0.0126860453501149,9.98901208670463e-05,0,0.000599340725202278,0,0,0.00339626410947957,0.00169813205473979,0,0,0,0,0,0,0,0,0.000499450604335231,0,0,0,0,0,0.00159824193387274,0,0,0,0,0.0012985715712716,0,0,0,0,0.00349615423034662,0.00599340725202278,0.00119868145040456,0,0,0,0,0,0,0.000299670362601139,9.98901208670463e-05,0,0,0,0.000399560483468185,9.98901208670463e-05,0,0,0.0503446209169913,0,0,0,0.00419538507641594,0.000199780241734093,0,0.150734192388373,0,0,0.00809109979023075,0,9.98901208670463e-05,9.98901208670463e-05,0.000299670362601139,0,0,0.00139846169213865,0,0,0,0,0,0,0.000199780241734093,0,0,0.0425531914893617,0
0,0,0,0,0,0,0,0,0,0,0,0,0,0,0,0,0,0,0,0,0,0.0163950814755573,0,0,0,0,0,0,0,0,0.103169049285214,0,0,0.0333899830050985,0,0,0.00139958012596221,0,0,0,0,0,0,0.0137958612416275,0,0,0,0,0,0,0,0,0,0,0.0147955613316005,0,0.00119964010796761,0,0,0,0,0,0,0,0,0,0,0,0,0,0,0,0,0,0,0.0376886933919824,0,0,0,0.106967909627112,0,0,0,0,0,0.000199940017994602,0,0,0,0.04518644406678,0.000199940017994602,0,0.00209937018894332,0,0,0,0,0,0.0446865940217935,0,0,0,0,0,0,0,0,0,0,0,0,0,0,0,0,0.000199940017994602,0,0.000399880035989203,0.0367889633110067,0,0.000299910026991902,0,0,0.000399880035989203,0.0670798760371888,0,0,0,0,0,0,0,0,0,0,0,0,0,0,0,0,0,0,0,0,0,0,0,0,0,0,0,0,0,0,0,0,0,0.00329901029691093,0,0,0,0,0,0,0,0,0,0,0,0,0,0,0,0,0,0,0,0.0449865040487854,0,0.000899730080975707,0,0,0,0,0,0.000299910026991902,0,0,0,0,0.0741777466759972,0,0,0,0,0,0,0,0,0,0,0,0,0.00139958012596221,0,0,0,0,0,0,0,0,0,0.00169949015295411,0,0.0375887233829851,0,0,0,0,0,0,0,0,0,0,0,0,0,0,0,0,0.0752774167749675,0,0,0,0,0,0.000199940017994602,0,0.000899730080975707,0,0,0,0,0,0,0,0,0.000199940017994602,0,0,0,0,0,0,0,0,0,0,0,0,0,0,0,0.00109967009897031,0.000899730080975707,0,0,0,0,0,0.000199940017994602,0.000499850044986504,0,0,0,0,0,0,0,0.144956513046086,0,0,0,0,0,0,0.0137958612416275,0,0,0,0.000299910026991902,0.021593521943417,0.000399880035989203,0,0.00559832050384884,0,0.0433869839048285,0
0,0,0,0,0,0,9.99500249875062e-05,0,0,9.99500249875062e-05,0,0,0,0,0.124737631184408,0,0,0,0,0.00679660169915042,0,0,0,0,0.000199900049975012,0.135832083958021,0,0,0,0.000899550224887556,0.015992003998001,0,0,0.0117941029485257,0,0,0.00589705147426287,9.99500249875062e-05,0,9.99500249875062e-05,0,0,0,0.000999500249875062,0,0.000299850074962519,0,0,9.99500249875062e-05,0,0.000699650174912544,0.000199900049975012,0,0,0,0,0,0,0,0,0,0,0,0,0,0,0,0.000599700149925037,0,0,0.00239880059970015,0,0,0,0.000199900049975012,0,0,0,0,0.00209895052473763,0,0,0,0,0.00359820089955022,0,0,0,0,0.00369815092453773,0,0.000199900049975012,0,0,0,0.000399800099950025,0,0,0.00209895052473763,0,0,0,0,0,9.99500249875062e-05,0,0,0.0685657171414293,0,0.00299850074962519,0,0,0,0.0316841579210395,0,0,0,0,0,0,0,0,0,0.000199900049975012,0.0514742628685657,0,0,0,0,0,0.00189905047476262,0,0,9.99500249875062e-05,0,0,0.112743628185907,9.99500249875062e-05,9.99500249875062e-05,0,0,0,0,0,0,0,0,0,0,0,0.000199900049975012,0.000599700149925037,0,0,0,0,0,0,0,9.99500249875062e-05,0,0,0,9.99500249875062e-05,0,9.99500249875062e-05,0,0,0,0,9.99500249875062e-05,0,0,0,0,0,0,9.99500249875062e-05,0.000399800099950025,0,0,0,0,0,0,0,0,0,0,0.00119940029985007,0,0.00199900049975012,0,0,0,0,0.000899550224887556,0,0,0.0322838580709645,0,0,0,0,0,0,0,0,0,0.000199900049975012,0,0,0,0,0,0,0.00559720139930035,0,0,0,0,0.00179910044977511,0,0,0,0,0,0,0.031784107946027,0,0,0,0,0.024287856071964,0,0,0,0,0,0,0,0,9.99500249875062e-05,0,0,0,0,0,0,0,0,9.99500249875062e-05,0,0,9.99500249875062e-05,0,0,0,0,0,0,0,0,0,9.99500249875062e-05,0,0,0,0.000499750124937531,0,0,0,0.0257871064467766,0,0.000999500249875062,0.000199900049975012,0,0,9.99500249875062e-05,0.254772613693153,0,0,0.0103948025987006,0,0,0,0.000199900049975012,0,0,0.00349825087456272,0,0,0,0,0,0,0.00609695152423788,0,0,0,0.00519740129935032
0,0,0,0,0,0,0,0,0,0,0,0,0,0,0,0,0,0,0,0,0,0.00489853044086774,0,0,0,0.0290912726182145,0,0,0.000399880035989203,0.0121963410976707,0.0873737878636409,0,0,0,0,0,0,0.0231930420873738,0,0,0,0,0,0,0,0.121763470958712,0,0,0,0,0,0.000199940017994602,0,0,0,9.99700089973008e-05,0,0,0,0,0,0,0,0,0,0,0.0228931320603819,0,0,0.00229931020693792,0.00829751074677597,0,0,0,0,0,0,0,0,0,0,0,0,0,0,0,0,0,0,0,0.00489853044086774,0.00209937018894332,0,0,0,0,0,0,0.00579826052184345,0,0,0,0,0,0.000299910026991902,0,0,0.132660201939418,0,0,0,0,0,0.0207937618714386,0,0,9.99700089973008e-05,0,0.00279916025192442,0,0,0,0,9.99700089973008e-05,0.00269919024292712,0,0.00139958012596221,0,0,0,0.00279916025192442,0,0,0,0,0,0,0,0,0,0.109667099870039,0,0,0,0,0,0.00339898030590823,0.000299910026991902,0,0,0.00169949015295411,0,0,0,0.000199940017994602,0,0,0,9.99700089973008e-05,0.00749775067479756,0,0,0,0.126462061381586,0,0,0,0,0,0,0.000199940017994602,0,0,0,0,0,0,0.0176946915925222,0.0581825452364291,0,0,0,0,0,0,0,0,0,0,0,0.000199940017994602,0.00859742077376787,0,0,0,0,0,0,0,0,0,0,0,0,0,0.00629811056682995,0,0,0,0,0,0,0,0,0.000199940017994602,0,0.0430870738778366,0.00179946016195141,0,0,0,0,0,0,0,0,0,0,0,0.000499850044986504,0,0,0,0.00809757072878137,0,0,0,0,0,0,0,0,0,0,0,0,0,0,0,0,0,0.000399880035989203,0.00349895031490553,0,0,0.0149955013495951,0.00229931020693792,0,0.0150954713585924,0.00549835049485154,0,0,0,0,0,9.99700089973008e-05,0,0,0,0.00179946016195141,0,0.00269919024292712,0.00199940017994602,0,0,0,0,0,0,0,0,0,0.0168949315205438,0,0,0,0,0,0.00149955013495951,0,0,0,0,0,0.0498850344896531,0,0,0,0,0,0
0.0003999600039996,0,0,0.0093990600939906,0,0,0,0,0,0,0,0,0,0,0,0,0,0.0001999800019998,0,0.0004999500049995,0,0.0007999200079992,0,0,0,0,0,0,0,0.0002999700029997,0.0670932906709329,0,0,0.0016998300169983,0,0,0,0,0,0,0,0,0,0,0,0,0,0,0,0,0,0,0,0,0.0006999300069993,0,0,0,0,0.0310968903109689,0,0,0,0,0,0,0.0364963503649635,0,0,0.0024997500249975,0,0,0,0,0,0,0,0,0,0.0065993400659934,0,0,0,0,0,0,0,0,0,0,0,0,0.0026997300269973,0,0,0.0034996500349965,0,0,0.0002999700029997,0,0,0.0017998200179982,0,0,0,0,0,0,0.0002999700029997,0.0004999500049995,0,0,0,0,0,0,0,0,0.0007999200079992,9.99900009999e-05,0,0.0012998700129987,0,0.0004999500049995,0,0,0,0,0,0,0,0,0,0,0,0.006999300069993,0.0005999400059994,0,0,0,0.0010998900109989,0,0,0,0,0,0,0,0,0.0003999600039996,0,0,0,0,0,0,0,0,0,0,0,0,0,0.031996800319968,0,0,0,0,0,0,0.0011998800119988,0,0,0,0,0,0,0,0.0153984601539846,0,0,0,0,0,0,0,0,0,0,0,0,0,0,0,0,0,0,0,0,0,0,0,0,0.252474752524748,0,0.0007999200079992,0,0,0,0,0,0,0.0164983501649835,0,0,0,0.0513948605139486,0,0,0,0,0,0,0,0,0,0,9.99900009999e-05,0,0,0,0,0,0.0378962103789621,0,0,0,0,0,0,0,0,0,0,0,0,0,0,0,0,0,0,0,0,0,9.99900009999e-05,0,0,0,9.99900009999e-05,0.0020997900209979,0,0,0.0001999800019998,0,0,0.0032996700329967,0,0,0.224377562243776,0,0,0.0214978502149785,0,0,0,0,0,0,0.151084891510849,0,0,0,0,0.0011998800119988,0,0,0,0.0066993300669933,0,0,0,0,0.0008999100089991,0.0006999300069993,0,0,0,0,0.0012998700129987,0
0,0,0,0,0,0,0,0,0,0,0.000199940017994602,0,0,0,0.0261921423572928,0,0,0,0,0,0,0,0,0.00989703089073278,0,0.00159952014395681,0,0,0.00429871038688393,0.000599820053983805,0.000199940017994602,0,0,0.00199940017994602,0,0,0.000199940017994602,0,0,0,0,0,0,0,0,0.0472858142557233,0,0,0,0,0,0,0,0.00179946016195141,0,0,0,0.000699790062981106,0,0,0,0,0,0,0,0,0,0.00569829051284615,0,0,0,0,0.000599820053983805,0,0,0,0,0,0,0,0,0,0,0,0.00109967009897031,0.000599820053983805,0.000299910026991902,0,0,0,0,0,0.124362691192642,0,0,0.000799760071978406,0,0,0.00409877036888933,0,0,0,0.0141957412776167,0,0,0,0,0.0981705488353494,0.0871738478456463,0,0,0,0.000299910026991902,0.00409877036888933,0,0.000899730080975707,0,0,0,0,0,0,0,0,9.99700089973008e-05,0,0,0,0,0,0,0,0,0.00109967009897031,0,0,0.0507847645706288,0.00629811056682995,0,0,0.010296910926722,0,0,0.000299910026991902,0,0.000499850044986504,0,0.00559832050384884,0,0,0.00449865040487854,0,0,0,0,0.00399880035989203,0,0,0,0.0135959212236329,0,0,0,0,0,0,0,0,0,0,0,0.054183744876537,0,0,0.00229931020693792,0,0,0,0,0,0.0721783464960512,0,0,0.00479856043187044,0,0,0,0,0,0,0.00199940017994602,0.00219934019794062,0.000699790062981106,0,0,0,0,0,0.000299910026991902,0,0,0,0,0,0,0.00799760071978406,0.000999700089973008,0,0.000199940017994602,0.00339898030590823,0,0,0,0.00129961011696491,0,0,0,0,0.036888933320004,0,0.00769769069279216,0,0,0,0.0341897430770769,0,0,0.123362991102669,0,0,0,0,0,0.0237928621413576,0,0,0,0,0,0,0,0,0,0,0.00249925022493252,0,0,0,0,0,0,0,0,0.000199940017994602,0.00239928021593522,0.00369889033290013,0,0,0,0,0,0,0,0,0.000699790062981106,0,0,0,0,0.00669799060281915,0,0.00289913026092172,0.018594421673498,0,0,0,0,0,0,0.0332900129961012,0,0,0.00189943017094872,0,0,0,0,0.00539838048585424,0,0,0,0,0,0,0.00289913026092172,0,9.99700089973008e-05,0,0,0.00579826052184345,0
0,9.9940035978413e-05,0.000499700179892065,0.00139916050369778,0,0,0,0,0,0,0,0,0,9.9940035978413e-05,0.000599640215870478,0,0,0,0,0,0,9.9940035978413e-05,0,0,0,0.000399760143913652,0,0,0,0,0,0,0,0,0,0,0.00489706176294223,0.00759544273435938,0,0,0,0,0,0.00109934039576254,0,0.000799520287827304,0,0,0,0,9.9940035978413e-05,0,0,0,0,0,0,0,0,0,0,9.9940035978413e-05,0,0.000199880071956826,0,0,0.00239856086348191,0,0,0,0.000199880071956826,0,0,0.000299820107935239,0,0,0,0,0,0.000799520287827304,0,0,0,0,9.9940035978413e-05,0,0,0,0,0,0,0,0,0,0,0,0,0,0.000199880071956826,0,0,0.000499700179892065,0,0,0,0,0,0.813911653008195,0,0.00269838097141715,0,0,0,0,0,0,0,0,0.012092744353388,0,0,0,0,9.9940035978413e-05,0,0,0.000399760143913652,0,0,0,0,0.000499700179892065,0,0,0,0,0,0,0,0,0,0,0,0,0,0,0.00129922046771937,0,0,0,0.000599640215870478,0.00159904057565461,0,0.00209874075554667,0,0,0,0,0.000999400359784129,9.9940035978413e-05,0,0,0,0,0,0,0,0,0,0,0,0,0,0,0,0,0,0,0.0158904657205677,0,0,0,0,0,0,0,0,0,0,0,0,0,0,0,0,0,0,0,0,0,0,0,0,0,0,0.0223865680591645,0,0,9.9940035978413e-05,0,0,0,0.00159904057565461,0,0.000299820107935239,0,0,0,0,0,0.072356586048371,0,0,0,0,0,0,0,0.000499700179892065,0,0.00129922046771937,9.9940035978413e-05,0,0.0030981411153308,0,0,0,0,0,0.000299820107935239,0,0,0.00609634219468319,0,0,9.9940035978413e-05,0,0,0,0,0,9.9940035978413e-05,0,0,0.000499700179892065,0,0.000399760143913652,0,0.000499700179892065,0.000499700179892065,0,0,0.000499700179892065,0,9.9940035978413e-05,0,0,0,0.000599640215870478,0,0,0,0,0,0,0,0,0,0,9.9940035978413e-05,0,0,0.0105936438137118,0,0,0,0,0,0.00159904057565461,0,0,0,0,0,0,0,0,0,0,0.00149910053967619,0
0,0,0,0.00129948020791683,0,0,0,0,0,0,0,0,0,0,0,0,0,0,0,0,0,0,0.000699720111955218,9.99600159936026e-05,0,0.314974010395842,0,0,0.0038984406237505,0,0,0.0415833666533387,0,0.00209916033586565,0,0,0,0.0142942822870852,0.000999600159936026,0,0,0,0,0,0,0,0,0,0.000299880047980808,0,0,0.00199920031987205,0,0,0.00289884046381447,0,0,0,0,0,0,0,0,0,0,0,0.0919632147141144,0,0,0,0.0123950419832067,0,0,0,0,0,0,0,0,0,0,0,0,0,0,0.000299880047980808,0,9.99600159936026e-05,0,0,0,0.000599760095961615,9.99600159936026e-05,0,0,0.000199920031987205,0,0,0,0,0,0.000599760095961615,0,0,0,0,0,0.0537784886045582,0,0.0236905237904838,0,0,0.000199920031987205,0,0,0.0332866853258697,0,0,0,0,0,0,0,9.99600159936026e-05,0,0,9.99600159936026e-05,0,0,0,0.00119952019192323,0,0,0,0,0,0.00709716113554578,0.00759696121551379,0,0,0,0,0,0,0,0,0,0,0,0,0,0,9.99600159936026e-05,0,0,0,0,0,0,0.00259896041583367,0,0,0.0196921231507397,0,0,0,0.00659736105557777,0,0.000299880047980808,0,0,0,0,0,0,0.00039984006397441,0,0,0.0037984806077569,0,0.00969612155137945,0,0,0,0,0,0,0,0,0,0,0.0251899240303878,0,0,0,0,0.00359856057576969,0,0,0,0,0,0,0,0,0,0,0,0,0,0.00079968012794882,0,0,0,0,0,0,0,0.00929628148740504,0,0,0,0,0.0118952419032387,0,0,0,0.0338864454218313,0.00359856057576969,0.00439824070371851,0,0,0,0.0205917632946821,0,0,0,0,0,0,0,0,9.99600159936026e-05,0,0.00209916033586565,0,0,0,0,0,0,0,0,0,0.0108956417433027,0,0.00039984006397441,0,0,0,0,0,0,0,0,0,0,0,0,9.99600159936026e-05,0,0,0.0151939224310276,0,0.000599760095961615,0,0,0,0,0.0954618152738904,0,0,0.0568772491003599,0,0,0.000299880047980808,0,0,0.00549780087964814,0,0.0256897241103559,0,0,0,0,0,0,0,9.99600159936026e-05,0.0117952818872451,0
0,0,9.99100809271655e-05,0.00469577380357678,0,0,0,0.00809271655510041,0.0753322010190828,0,0.000299730242781497,0.000199820161854331,0,0.00599460485562993,0.000499550404635828,9.99100809271655e-05,0,0,0,9.99100809271655e-05,0.00419622339894095,0.00159856129483465,0,9.99100809271655e-05,0,9.99100809271655e-05,0,0,0.000499550404635828,9.99100809271655e-05,0.0028973923468878,0,0,0.00229793186132481,0,0,9.99100809271655e-05,0.00849235687880907,9.99100809271655e-05,0,9.99100809271655e-05,9.99100809271655e-05,0,0.00539514437006694,0,0.010890198821061,0.0392646618043761,0.000799280647417324,0,0,0.00129883105205315,0,0,0,0.0200819262663603,0,0,0.000199820161854331,0,0.0129883105205315,0,0.00089919072834449,0.000599460485562993,0,0,0.000599460485562993,0.0117893895494055,9.99100809271655e-05,0,0,0.00089919072834449,9.99100809271655e-05,0,0.00129883105205315,0.000199820161854331,0,9.99100809271655e-05,0,0,0.00279748226596064,9.99100809271655e-05,0,0.0205814766709961,0,0.0140873214107303,0,0,0.00119892097112599,0,0.00149865121390748,0.0312718553302028,0.000299730242781497,0.000199820161854331,0.000399640323708662,0,0,0,0,0.00179838145668898,0,9.99100809271655e-05,0,0,0.00159856129483465,0,0.000299730242781497,0.0129883105205315,0.266060545509042,0,0,0.000599460485562993,0,0,0.00669397542212009,0,0,0,0.000299730242781497,0.00339694275152363,0,0,0.000199820161854331,0,0,0.00129883105205315,0,0,0,0,0.00789289639324608,0.0025976621041063,0.00279748226596064,9.99100809271655e-05,0,0,9.99100809271655e-05,9.99100809271655e-05,0,0,0,0.000399640323708662,0,0,0,0.00399640323708662,0,0.00109901089019882,0,0,9.99100809271655e-05,0.00119892097112599,0.000299730242781497,0,0.000299730242781497,0,0,0,0,0.000399640323708662,0.00219802178039764,0,0,0,0.028973923468878,0,0,9.99100809271655e-05,0,9.99100809271655e-05,0,0.000499550404635828,0,0,0,0,0,0,0.00729343590768308,0.00429613347986812,9.99100809271655e-05,0.00529523428913977,0,0,0,0.00159856129483465,0,0,0,0.000199820161854331,0,0.000199820161854331,0.00279748226596064,9.99100809271655e-05,0.000199820161854331,0.00109901089019882,0,0,0.00279748226596064,0,0,0,0,0,0.00089919072834449,0.0243780597462284,9.99100809271655e-05,0,0,0,9.99100809271655e-05,0,0,0,0,9.99100809271655e-05,0,0.00629433509841143,0.0201818363472874,0,0.000299730242781497,0.00769307623139175,0,0.00629433509841143,0,0.000199820161854331,0,0.00399640323708662,0,0.00459586372264962,0.00159856129483465,0.00889199720251773,0,9.99100809271655e-05,0.000499550404635828,0,0.000299730242781497,0.000599460485562993,0,0,0.00179838145668898,0,0,0.00419622339894095,0,0,0,0,0,0.000199820161854331,9.99100809271655e-05,0.0152862423818563,9.99100809271655e-05,0.000699370566490159,0,0.00229793186132481,9.99100809271655e-05,9.99100809271655e-05,0.00089919072834449,0.00119892097112599,9.99100809271655e-05,0.000299730242781497,0,0.000299730242781497,9.99100809271655e-05,9.99100809271655e-05,9.99100809271655e-05,0,0.00349685283245079,0.013288040763313,0.000299730242781497,0,0.00479568388450395,0.0117893895494055,0,0,0,9.99100809271655e-05,9.99100809271655e-05,9.99100809271655e-05,0.13218103706664,9.99100809271655e-05,0,0.0255769807173544,0,0,0,0,9.99100809271655e-05,0.000699370566490159,0.00569487461284844,0,0,0,0,0.00119892097112599,0.000499550404635828,0,0.00119892097112599,0,0.00679388550304726,0.00629433509841143
0,0,0,0.0011,0,0,1e-04,7e-04,0.1272,0,0,0,0,0,5e-04,0,7e-04,0,0,0,0,0,7e-04,1e-04,5e-04,0.2977,0,0,0.004,0.0012,0.0021,0,0,0.0046,0,0,0,0,1e-04,0,0,0,0,0,0,0.0275,0,0,7e-04,4e-04,0,0,1e-04,0,0.0122,0,0,0.0012,0,5e-04,7e-04,1e-04,0,0,0,0,0.0039,4e-04,0,0,0.0031,0,0,0,0,0,0,0,0,1e-04,0,0,0.02,0,0,0,0,0,8e-04,0.0061,0.0412,0.0025,1e-04,0.0063,0,0.0012,0,0,0,0,0,0,0,0,2e-04,0,0.0076,1e-04,0,0,0,0,8e-04,0.0019,0,0.0087,0,0,6e-04,0,0,0,0,1e-04,0.0062,0,0,0,0,0,0.0019,0,0,0,0,0,0.0014,0,0,0,0,0,0,0,0,0,0,0,0,0,1e-04,0,0,0,0,0,0,0,0.0261,0,0,0,0,1e-04,1e-04,0,0,0,0,0,0,0,3e-04,0,0,0,0,1e-04,0.0018,0,0,0,0,0,0,0,0,0,0,0,0,0.0111,1e-04,0,0,0,0,0,0,0,0,0,0,0,0,0,0,0,1e-04,6e-04,0,0,0,0,0,0,0.002,0.0015,1e-04,3e-04,1e-04,2e-04,0,4e-04,0,0,0,0,0.0048,0,0.0068,0,0,0.0726,0,0,0,0,0,0,0,0,0.0152,0,0,0,0,0,0,0,1e-04,0,0,0,0,0,0,0,0,5e-04,0,0,0,0,0,0,0,0.0036,4e-04,0.0038,0,0,0.008,3e-04,0,0,0,0,0,0.2027,0,0.0028,0.0221,0,0,0,0,1e-04,3e-04,0.0017,0,0,0,0,0.0069,0,3e-04,0,0,0.002,0
0,0,0,0.000399920015996801,0,0,0,0,0,0.000899820035992801,0,0,0,0,0.0018996200759848,0,0,0,0,0.00729854029194161,0,0.000999800039992002,0.000699860027994401,0,0.0001999600079984,0.332333533293341,0,0,0.000999800039992002,0.0012997400519896,0,0,0,0.00969806038792242,0,0,0.000799840031993601,0.0001999600079984,0,0,0,0,0,0,0,0.0273945210957808,0,0,0.000599880023995201,0.0025994801039792,0,0,0,0,0,9.99800039992002e-05,0,0.000899820035992801,0,0.000399920015996801,0.000599880023995201,0.0023995200959808,0,0,0,0,0,9.99800039992002e-05,0,0.0100979804039192,0,0,0,9.99800039992002e-05,0,0,0,0,0,0.0011997600479904,0,0,0.0023995200959808,0.001499700059988,0,0,0.00989802039592082,0,0.000399920015996801,0.0021995600879824,0,0.0001999600079984,9.99800039992002e-05,0,0,0,0.0026994601079784,0,0,0,0,0.000699860027994401,0,0,0,0.000399920015996801,0.00499900019996001,0.0152969406118776,0.0015996800639872,0.000499900019996001,0,0.0015996800639872,0.001499700059988,0,0,0.00439912017596481,0,0,0,0,0,0,0,0,0.0382923415316937,0,9.99800039992002e-05,0,0,0,0.0002999400119976,0.0113977204559088,0,0,9.99800039992002e-05,0,0.0671865626874625,0,0,0.000899820035992801,0,0,0,0,0,0,0.0013997200559888,0.00809838032393521,0,0,0.0030993801239752,0,0,0,0,0,0.000399920015996801,0,0.00939812037592481,0,0,0,0,0,0,0,0,0.0001999600079984,0,0,0,0.0010997800439912,0.00599880023995201,0,0.0016996600679864,0,0,0,0.0023995200959808,0.00339932013597281,0,0,0,0.0112977404519096,0.0012997400519896,0,0,0,0,0,0,0.00519896020795841,0.000499900019996001,0,0.0123975204959008,0.000399920015996801,0.00459908018396321,0,0,0,0,0,0,0,0,0.0142971405718856,0,0,0,0,0,0,0,0,0,0,0,0,0,0,0,0,0,0,0.0027994401119776,0,0,0,0,0.0002999400119976,0.00479904019196161,0,0,0.0389922015596881,0,0,0,0.0002999400119976,0,0,0,0,0,0,0,0,0,9.99800039992002e-05,0,0,0.023995200959808,9.99800039992002e-05,0,0,0.000599880023995201,0,0,0,0,0,0.0020995800839832,0,0,0,0,0,0,0.00469906018796241,0,9.99800039992002e-05,0.00699860027994401,0,0.0551889622075585,0,0,0,0,0,0.000499900019996001,0.178464307138572,0,0,0.0001999600079984,0,0,0,0,9.99800039992002e-05,0.0030993801239752,0.000599880023995201,0,0,0,0,0.00799840031993601,0,0,0,0,0.00789842031593681,0
0,0,0.000800160032006401,0,0,0,0.0001000200040008,0,0.0133026605321064,0,0,0,0,0,0.00920184036807361,0,0,0,0,0.000400080016003201,0,0.0002000400080016,0,0,0,0.031506301260252,0,0,0.000800160032006401,0.00560112022404481,0,0,0,0.00320064012802561,0,0,0.0528105621124225,0,0,0,0,0,0,0,0,0.014002800560112,0,0.0002000400080016,0,0,0,0,0,0,0.00450090018003601,0.0012002400480096,0,0,0,0.00470094018803761,0,0,0,0,0,0.002000400080016,0.00950190038007601,0,0,0,0,0,0,0.0544108821764353,0.00560112022404481,0,0,0,0,0.00410082016403281,0,0,0.0459091818363673,0,0,0.0001000200040008,0.0109021804360872,0,0,0.00760152030406081,0,0,0.00850170034006801,0,0,0,0.001000200040008,0,0.00320064012802561,0,0,0,0,0,0.0012002400480096,0,0.00690138027605521,0.0433086617323465,0.00530106021204241,0,0,0,0,0.0026005201040208,0,0,0,0,0,0.0002000400080016,0,0,0,0,0.0111022204440888,0.00680136027205441,0.00600120024004801,0,0.0001000200040008,0.0017003400680136,0.0112022404480896,0.0246049209841968,0,0,0,0,0.00960192038407682,0.00940188037607522,0,0,0.000500100020004001,0,0,0,0,0,0,0.0194038807761552,0,0,0.002000400080016,0.00380076015203041,0,0,0,0,0,0,0,0.00810162032406481,0,0,0.0181036207241448,0.00450090018003601,0,0,0.00700140028005601,0,0,0,0,0,0.000600120024004801,0,0,0,0,0.026505301060212,0,0,0.00460092018403681,0,0,0.0022004400880176,0,0,0,0,0.00680136027205441,0,0,0.0147029405881176,0,0,0.00430086017203441,0,0,0,0,0,0,0,0,0.0001000200040008,0,0.000800160032006401,0,0,0.0001000200040008,0,0.0001000200040008,0,0,0,0.000400080016003201,0,0,0,0.0187037407481496,0,0,0,0.0266053210642128,0,0,0,0,0,0.0027005401080216,0.0112022404480896,0.0409081816363273,0,0.000500100020004001,0.0288057611522304,0,0,0,0,0.000800160032006401,0.0002000400080016,0,0,0,0,0.0013002600520104,0,0.0001000200040008,0.0002000400080016,0,0,0.0236047209441888,0,0.00620124024804961,0,0.0014002800560112,0.0023004600920184,0.0002000400080016,0,0.0017003400680136,0.000600120024004801,0.0001000200040008,0,0,0.0002000400080016,0,0,0.000600120024004801,0.00440088017603521,0,0.00450090018003601,0,0.010502100420084,0.019003800760152,0,0,0,0,0,0,0.200540108021604,0,0,0.0157031406281256,0,0,0,0,0.0001000200040008,0,0.0026005201040208,0,0,0,0,0.00440088017603521,0,0.0003000600120024,0,0,0.00900180036007201,0
0,0,0,0.0060945149365571,0.00129883105205315,0,0.000199820161854331,0.00349685283245079,0,0,0.000299730242781497,0,0,0.0285742831451693,0,0,0.00949145768808073,0,0,0,0,0.00279748226596064,0,0,0,0.0725347187531222,0,0,0,0.00119892097112599,0,0,0,0,0,0,9.99100809271655e-05,0.000599460485562993,0.000199820161854331,0,9.99100809271655e-05,0,0,0,0,0.00739334598861025,0,0,0,0,0.000599460485562993,0,0,0.000799280647417324,0,0,9.99100809271655e-05,0.00089919072834449,0,0.00769307623139175,0,0,0,9.99100809271655e-05,0,0,0.0181836347287441,0,0.000499550404635828,0,0.00199820161854331,9.99100809271655e-05,9.99100809271655e-05,0,0,0,0,0,0,0.00179838145668898,0.00249775202317914,0,0.0102907383354981,0,0,0,0,0,0.000199820161854331,0.00109901089019882,0.0031971225896693,9.99100809271655e-05,9.99100809271655e-05,0.0112898391447697,0,0,0,0.000699370566490159,0,0,0,0,0,0.00269757218503347,0,0,0,0.00209811169947048,0.0205814766709961,0.0170846238385453,0,0,0.00109901089019882,0.000299730242781497,0,0.00939154760715356,0,0,0,0.000399640323708662,0,0,0,0.000199820161854331,0.000699370566490159,0,0,0,0,0.00209811169947048,0,0.121490658407433,0,0,0.000199820161854331,0,0.00179838145668898,0,0,0,0.00159856129483465,0,0,0,0,9.99100809271655e-05,0.00169847137576181,0,0,0,0,0.000499550404635828,0,0,0,0,0.000599460485562993,0,0,0,0.000299730242781497,0.00229793186132481,0,0,0,0,0,0,0,0,0,0.00169847137576181,0.085123388949945,0,0.00119892097112599,0,0,0,0.000399640323708662,0,0.00649415526026576,0,0,0.00179838145668898,0,0,0.0031971225896693,0,0,0,0,0.00669397542212009,9.99100809271655e-05,0,0,0,0.00659406534119293,0,0,0,0,0.00159856129483465,0,0,0,0,0,0,0,9.99100809271655e-05,0,0,0,0,9.99100809271655e-05,0,0.00109901089019882,0,0,0,0.00149865121390748,0,0.028374462983315,0,0.00159856129483465,9.99100809271655e-05,0,0,0,0.00799280647417324,0,0,0,0.00589469477470277,0.00159856129483465,0,0,0.000499550404635828,0,0,0,0,0,0,0.00489559396543111,0.000699370566490159,0,0,0,0,0,0,0.000499550404635828,9.99100809271655e-05,0.000299730242781497,0,0,0.000699370566490159,0.000399640323708662,0.0194824657807973,0,0,0,0.00089919072834449,0.000299730242781497,0,0,0,0,0.000299730242781497,0,0,0.0758317514237186,0,0,0,0.000299730242781497,9.99100809271655e-05,9.99100809271655e-05,0.317114596862823,0,0,0,0.000199820161854331,0,0,0,0,0.0136876810870217,0.00679388550304726,0,0,0,0,0,0,0.00149865121390748,0,0,0.00809271655510041,0
0,0,0,0,0,0,9.99700089973008e-05,0.00939718084574628,0,0,0,0,0,0.00759772068379486,0,0,0,0,0,0,0,0.00399880035989203,0,0.00159952014395681,0,0.019594121763471,0,0,0.000299910026991902,0,0.0552834149755073,0.0257922623213036,0,0.00209937018894332,0,0,0.000599820053983805,0.00229931020693792,0,0,0,0,0.0159952014395681,0.0114965510346896,0,9.99700089973008e-05,0,0,0,0,0,0,0,0,0,0,0,0,0,0.0282915125462361,0,0,0,0,0,0,0.00119964010796761,0,0.000199940017994602,0,0.0103968809357193,9.99700089973008e-05,0,0,0,0,0,0,0.00309907027891633,0,0,0,0.00119964010796761,0,0,0,0,0,0,0.00309907027891633,0.00889733080075977,0,0,0,0,0,0,0,0.00229931020693792,0,0,0,0,0,0,0,0.0101969409177247,0.149655103468959,0,0,0,0,0,0.0755773268019594,0,0,0,0,0,0,9.99700089973008e-05,0,0,9.99700089973008e-05,0.00559832050384884,0,0,0,0,0,0,0.000699790062981106,0,0,0,0,0,0,0,0,9.99700089973008e-05,0,0,0,0,0,0.000299910026991902,0,0,0.000599820053983805,0,0,0,0,0,0,0,0,0,0,0,0,0,0.0270918724382685,0,0,0,0,0,0,0,0,0,0,0,0,0,0.00169949015295411,0.0316904928521444,0,0,0,0,0,0,0,0,0,0,0,9.99700089973008e-05,0.00279916025192442,0.000199940017994602,0,0,0,0,0,0,0,0,0,0,0,9.99700089973008e-05,0,0,0,0.000199940017994602,0.000299910026991902,0,0.00249925022493252,0,0,0.00139958012596221,0,0.0143956812956113,0.00559832050384884,0.00159952014395681,0,0,0,0,0,0,0,0,0,0,0,0,0,0,0.062481255623313,0,0,0,0,0,0,0,0.00139958012596221,0,0,0,0,0,0,0,0,0,0,0,0,0.00269919024292712,9.99700089973008e-05,0,0,0,0,0,0,0,9.99700089973008e-05,0,0,0,0,0,0.000699790062981106,0,0,0.024592622213336,0,0,0,0,0,9.99700089973008e-05,0.324202739178247,0,0,0.00699790062981106,0,0,0,0,9.99700089973008e-05,0,0,0,0,0,0,0.0139958012596221,0,0.00799760071978406,0,0,0.00689793062081376,0
0.003,0,0,0,0,0,0,0,0,0,0,0,0,0.0151,0.0025,0,0,0,0,0,0,9e-04,0,0,0,0.0262,0,0,0,0,0.0129,0,0,0.0083,0,0,0.0044,0,0,0,1e-04,0,0.0136,0.003,0,0.0111,0,0,0.0012,6e-04,0,0,0,0,0.0213,0,0,0,0,0,0,0,0,0,0,0,0.0018,0,0,0,0.005,0,0,0,0,0,0,0,0,9e-04,0,0,0,0,4e-04,0,1e-04,1e-04,4e-04,0.0089,0,0.0011,4e-04,0,0,1e-04,0,0,0.0042,0,0,0.0015,0,0,0.0013,0,0,0.0147,0.0021,0.0027,0,0,0,0.0012,0,0.0343,0,0,0,1e-04,0,0,0.0027,2e-04,0.0141,0,0,0,0,0,0.0066,0,0,1e-04,0,0,0.013,0.0084,0,0,0.0012,0,0,0,0,0,0,0,0,0,0,0,0,0,0,0,0,0,2e-04,3e-04,0,0,0,0,0,0,0,0,0,0,0,0,0,0,0,0,0,0,6e-04,0,0.0099,0,0,0,0,0,0,0,0,0,0,0.0075,2e-04,0,0,0,0.0038,0,0,0,0,0,0,0,0,0,0,0,1e-04,0,0,0,0,0,2e-04,0,0.0157,0,0.0156,0,0,0,0,0,0,0.0025,0,0,0.0088,0,0,0,0,0.0358,0,0,0,0,0,0,0,0.0017,0,0,0,0,0,0,0,0,1e-04,0,0,0,0,0,0,0,0,0.0031,0,0,0,0,0,0,0,0,0,0.1202,0,4e-04,0.1272,0,9e-04,0,0,0,7e-04,0.3374,0,0,0.0142,0,0,0,0,4e-04,0,0,0,0,0,0,0.0216,0,0.0014,0,0,0.0177,0
0,0,0,0,0,0,0.000399560483468185,0.00139846169213865,0,0,0,0,9.98901208670463e-05,0.00659274797722505,0.000699230846069324,0,0,0,0,0.000599340725202278,0.000199780241734093,0.000599340725202278,0.0025971431425432,0.000699230846069324,0.000299670362601139,0.153431225651783,0,0,0.0012985715712716,0,0.0486464888622515,0,0,0.0012985715712716,0,0,0.0325641794026571,0.0038957147138148,0.000199780241734093,0.00149835181300569,0,0,0,0.00349615423034662,0,0.0012985715712716,0,0,9.98901208670463e-05,0.000299670362601139,0,0,0,0,0,0,0,0.00229747277994206,0,0.0137848366796524,0.000899011087803416,9.98901208670463e-05,9.98901208670463e-05,0,0,9.98901208670463e-05,0.00139846169213865,0,0,0,0.00139846169213865,0,0,9.98901208670463e-05,0,0,0,0,0,0.000299670362601139,0,0,0,0,0.00109879132953751,0,0,0,0.000998901208670463,0.0027969233842773,0,0.12716012386375,0.000699230846069324,0,0,0,0,0,0.000199780241734093,9.98901208670463e-05,0,0.0130856058335831,0,0,0,0.0012985715712716,9.98901208670463e-05,0.0333633003695934,0.00149835181300569,0.0226750574368195,0.00149835181300569,0,0,0.000699230846069324,0,0.0341624213365298,0,0,0,9.98901208670463e-05,0.000199780241734093,0,0.00119868145040456,9.98901208670463e-05,0.0273698931175707,0,0,0,0,0,9.98901208670463e-05,9.98901208670463e-05,0,0.00079912096693637,0,0,0.0550394565977425,0.00938967136150235,0,0,0.000299670362601139,0.000399560483468185,0,0.00079912096693637,0,0,0,0.00739186894416142,0.000998901208670463,0.000699230846069324,0,0.000699230846069324,0,0,0,9.98901208670463e-05,0,0,0,0.00209769253820797,0,0,0,9.98901208670463e-05,0,0.00119868145040456,0,0.0102886824493058,0,0,0,0.00159824193387274,9.98901208670463e-05,0,0.00079912096693637,0,0,0,0.0153830786135251,0.00229747277994206,0.0092897812406353,0,0,0,0,0,0,0,0,0.000399560483468185,0,0.00249725302167616,9.98901208670463e-05,0,0.00309659374687843,9.98901208670463e-05,0,0,0,9.98901208670463e-05,0,0,0,0,0,0.0012985715712716,0,0,0.000399560483468185,0.00379582459294776,0,0,0,0,0.000599340725202278,0,0.00249725302167616,0,0.0295674757766457,0.000199780241734093,0,0,0.00249725302167616,0,0.00899011087803416,0,0,0,0,0,0.0207771451403456,0,0,0.0468484666866447,0,0,0,0,0,0,0,0,0,0,0,0,9.98901208670463e-05,0.000499450604335231,0,0,0.000199780241734093,0.000199780241734093,0,0,0,0,9.98901208670463e-05,0,0,0.00159824193387274,0.000199780241734093,0,9.98901208670463e-05,0,0,0,0,0,0,0.0682249525521926,0,0,0,0.000599340725202278,0.000199780241734093,0,9.98901208670463e-05,0,0.00239736290080911,0.0912995704724803,0,0,0.0149835181300569,0,0,0,0,0,0,0.0038957147138148,0,0,0,0,0.00319648386774548,0,0.00319648386774548,0,0,0.0120867046249126,0
0,0,0,0.000499850044986504,0,0,0.0101969409177247,0,9.99700089973008e-05,0,0.000199940017994602,0,0,0.00429871038688393,0.00319904028791363,0,0,0,0,0,0,9.99700089973008e-05,0,0.000699790062981106,0,0.025592322303309,0,0,0.00499850044986504,0,0.0633809857042887,0,0,0.00239928021593522,0,0,0.000999700089973008,0.0103968809357193,9.99700089973008e-05,0,0,0,0,9.99700089973008e-05,9.99700089973008e-05,0.000899730080975707,0,0,0,9.99700089973008e-05,0,0,0,0,0,0,0,0.000199940017994602,0,0.000399880035989203,0,9.99700089973008e-05,0,0,9.99700089973008e-05,0,0.00509847045886234,0,0.00549835049485154,0,0.000199940017994602,0,0,0,0,0,0,0,0,0.00149955013495951,0,9.99700089973008e-05,0,0,0,0.000199940017994602,0.0168949315205438,0,0,0.00159952014395681,0.00209937018894332,0.00389883035089473,0.00569829051284615,0,0,0,0,0,0.000299910026991902,0,0,0,0,0.000299910026991902,0.000399880035989203,0,0.00269919024292712,0.131460561831451,0,0,0,0,0,0,0,0,0,9.99700089973008e-05,0.00299910026991902,0,0,0,0,0.000299910026991902,0.000599820053983805,0.000199940017994602,0.0206937918624413,0,0,0,0.000199940017994602,0.00709787063880836,0,0,0,0,0.000999700089973008,0,0,0,0.0141957412776167,0,0,0,0,0,9.99700089973008e-05,0,0,0,0.000199940017994602,0,0,0,0,0,0,0,0,0.00279916025192442,0,0,0,0,0,9.99700089973008e-05,0,9.99700089973008e-05,0,0,0,0,0,0.00189943017094872,0,0,0,0.000199940017994602,0.000499850044986504,0,0,0,0,0,0,0,0,0,0,0,0,0.000599820053983805,0,0,0,0,0,0,0,0,0,0,0,0,0.26741977406778,0.0314905528341498,0,0,0.000199940017994602,0.00239928021593522,0,0,0,0,9.99700089973008e-05,0,0,0,0.0148955313405978,0,0,0.00309907027891633,0,0,0,0,0,0,9.99700089973008e-05,0,0.00709787063880836,0,0,0.0381885434369689,0,0,0,0,0,0.000299910026991902,0,0,0,0,0,0,0.00129961011696491,0,9.99700089973008e-05,0,0,0.000299910026991902,0,0,0,0,0.000699790062981106,0,0,0,9.99700089973008e-05,0.000699790062981106,0,9.99700089973008e-05,0,0,0,0,9.99700089973008e-05,0.226132160351894,0,0,0.035889233230031,0,0,0,0,0,0.00139958012596221,0.000199940017994602,0,0,0.000699790062981106,0,0,0,0,0,0.00329901029691093,9.99700089973008e-05,0,0,0,0,0.000899730080975707,0,0,0,0,0.00169949015295411,0
0,0,0,0,0,0,9.99600159936026e-05,0,0,0,0,9.99600159936026e-05,0,0,0.000599760095961615,0,0,0,0,0,0,0.000299880047980808,0,0,0,0.11625349860056,0,0,0.00359856057576969,0,0,0.00179928028788485,0,0.00679728108756497,0,0,0,0,0,0,0,0,0,0,0,0.0127948820471811,0,0,0,0,0,0,0,0,0,0,0,0,0,0.0039984006397441,0,0,0,0,0,0.000199920031987205,0.00129948020791683,0,0.000299880047980808,0.00649740103958417,0,0,0,0,0,0,0,0,0,0.00269892043182727,0,0,0.0250899640143942,0,0,0,9.99600159936026e-05,0,0,0,0,0,0,0,0,0,0,0,0.00129948020791683,0,0,0,0,0,0,0,0.000899640143942423,0.00249900039984006,0,0,0,0,0,0,0,0,0,0,0.0127948820471811,0,0,0,0,0,0.00899640143942423,0,0,0,0,0,0,0,0,0,0,0,0,0,0,0,0,0,0,0,0,0,0.00109956017592963,0,0,0,0,0,0,0,0,0,0,0,0,0.022890843662535,0,0,0,0.000299880047980808,0,0,0,0,0,0,0.00209916033586565,0.00039984006397441,0.000199920031987205,0,0,0,0,0,0.0172930827668932,0,0,0,0,0,0.000499800079968013,0,0,0,0,9.99600159936026e-05,0,0.0245901639344262,0,0,0,0,0,0,9.99600159936026e-05,0,0,0,0,0,0,0.00219912035185926,0.00169932027189124,0,0,0,9.99600159936026e-05,0,0.000499800079968013,0,0,9.99600159936026e-05,0.00679728108756497,0,0,0,9.99600159936026e-05,0.000999600159936026,0,0,0,9.99600159936026e-05,0,0,0,0,0.0291883246701319,0,0,0.245901639344262,0,0,0,0,0,0,0,0,0,0,0.000199920031987205,0,0,0,0,0,0,0,0,0,0,0.00529788084766094,0,0,0,0,0.00129948020791683,0,0,0,0,0,9.99600159936026e-05,0,0,0.00109956017592963,0,0.000299880047980808,0.031187524990004,0,0.000199920031987205,0,0,0,0,0.360455817672931,0,0,0.0146941223510596,0,0,0,0,0.00039984006397441,0,0,0,0,0,0,0.0146941223510596,0,0,0,0,0.0037984806077569,0
0,9.99100809271655e-05,0,0.000699370566490159,0.00329703267059646,0,0.000299730242781497,0,0,0.0031971225896693,0.000199820161854331,0.000199820161854331,0,0.027775002497752,0.0117893895494055,0.000199820161854331,9.99100809271655e-05,0,9.99100809271655e-05,0.000499550404635828,0.000199820161854331,0.000299730242781497,0.000699370566490159,0.00749325606953742,0.000499550404635828,9.99100809271655e-05,9.99100809271655e-05,0,0.0321710460585473,0,0.0426616045558997,0,0,0.00439604356079528,0.000299730242781497,0,0.015086422220002,0.00409631331801379,0,0,0.000199820161854331,9.99100809271655e-05,0,0.00619442501748426,0,0.000599460485562993,0,9.99100809271655e-05,0.000599460485562993,0.000399640323708662,0.000299730242781497,0,0,9.99100809271655e-05,0.00329703267059646,9.99100809271655e-05,0,0.00149865121390748,0.00109901089019882,0.000799280647417324,0.000799280647417324,0.000199820161854331,0.00449595364172245,0,0,9.99100809271655e-05,9.99100809271655e-05,0.00149865121390748,0,0.00349685283245079,0.00119892097112599,0,0,0,0,0,0,0,0,0.000299730242781497,0.00309721250874213,0.000399640323708662,0.000199820161854331,0,0.00139874113298032,9.99100809271655e-05,0,0,0,0.00249775202317914,0,0.000799280647417324,0.00659406534119293,0.00149865121390748,0.00639424517933859,0,0,9.99100809271655e-05,0.00229793186132481,0,0.00089919072834449,0.000299730242781497,0.00179838145668898,0,0.000799280647417324,0.00229793186132481,0.00189829153761615,0.0182835448096713,0.00199820161854331,0.00169847137576181,0,0,0.00089919072834449,0.00389649315615946,0,0.0264761714456989,0.00449595364172245,0,0,9.99100809271655e-05,0,0,0.00479568388450395,0,0.00209811169947048,0.00119892097112599,0.100409631331801,0,9.99100809271655e-05,0,0.00779298631231891,0.00639424517933859,9.99100809271655e-05,0,9.99100809271655e-05,0,0.0286741932260965,0.00329703267059646,0,0,0.000499550404635828,0,0,0,0,0,0.000999100809271655,0.00349685283245079,0,0,0.00109901089019882,0.00889199720251773,0,0.000399640323708662,9.99100809271655e-05,0,0,0,0,0.0100909181736437,0,0.00119892097112599,0.0253771605555001,0,0,0,0.00159856129483465,0,0.000199820161854331,0,0.000199820161854331,0.0060945149365571,9.99100809271655e-05,0,0,0,0.000399640323708662,0.00139874113298032,0.00369667299430513,0.00219802178039764,0.045259266660006,0.00339694275152363,0,0.00209811169947048,0.000399640323708662,0,0.0025976621041063,0,0,0,9.99100809271655e-05,0.000799280647417324,0.000399640323708662,9.99100809271655e-05,0.014486961734439,0.000199820161854331,0.00229793186132481,0,0,0.0223798581276851,0,0.000399640323708662,0,9.99100809271655e-05,0,0.000499550404635828,0.000199820161854331,0,0,0,9.99100809271655e-05,0,0,0,9.99100809271655e-05,0,0.00189829153761615,0.00179838145668898,0.0140873214107303,0,0,0.000199820161854331,0.00139874113298032,0.000199820161854331,0.00149865121390748,0,0.00659406534119293,9.99100809271655e-05,0,0.00089919072834449,0.00399640323708662,0.000199820161854331,0.00109901089019882,0.00129883105205315,0.00089919072834449,0,0.000199820161854331,0,0,0.000499550404635828,0,0,0.0092916375262264,0.00539514437006694,0.000699370566490159,0.00359676291337796,0,0.0031971225896693,0,0,0,9.99100809271655e-05,0,9.99100809271655e-05,0.000799280647417324,9.99100809271655e-05,9.99100809271655e-05,0,0,0.000499550404635828,9.99100809271655e-05,0,0,0.000799280647417324,0.000199820161854331,0,0,0,0.000699370566490159,0.00699370566490159,0.000199820161854331,0.000199820161854331,0.181436706963733,0,0.000699370566490159,9.99100809271655e-05,9.99100809271655e-05,9.99100809271655e-05,0.0057947846937756,0.112498751123988,0,0,0.0112898391447697,0,9.99100809271655e-05,0,0,0,0.000299730242781497,0.000699370566490159,0,0.0137875911679488,0,9.99100809271655e-05,0.00279748226596064,0,0.00119892097112599,0,0.00419622339894095,0.000199820161854331,0.000399640323708662
0,0,0,0,0,0,0,0,0,0,0,0,0,0,0.000299730242781497,0,0,0,0,0,0.00219802178039764,0.00109901089019882,0,9.99100809271655e-05,0,0.280747327405335,0,0,0.000299730242781497,0.00129883105205315,0,0,0,0.0401638525327205,0,0,0,0,0,0,0,0,0,0,0,0,0,0.000199820161854331,0,9.99100809271655e-05,0,0,0,0,0,0,0,0,0,0.00199820161854331,0,0,9.99100809271655e-05,9.99100809271655e-05,0.0227794984513937,0,0.000599460485562993,0,0,0.00219802178039764,0,0,0,0,0,0,0,0,0,0.0028973923468878,0,0,0,0,0,0,9.99100809271655e-05,0,0,0,0,0.00109901089019882,0.00159856129483465,0,0,0.000299730242781497,0,0,0,0,0,0.0128884004396044,0,0,0,0,0,0.000299730242781497,0.000499550404635828,0.000999100809271655,0,0,0,0,0,9.99100809271655e-05,0,9.99100809271655e-05,0.0302727545209312,0,0,0,0,0,0.0765311219902088,0.0430612448796083,0,0,0,0,0,0,0,0,0,0,0.00239784194225197,0.000199820161854331,0,0,0.00229793186132481,0,9.99100809271655e-05,0,0.0584473973423918,0,9.99100809271655e-05,0,0,0.000999100809271655,0.000499550404635828,0,0,0.00089919072834449,0,0,0.000599460485562993,0,0,0.00719352582675592,0,0,0,0,0,0,0,0,0,0,0.000499550404635828,9.99100809271655e-05,0,0,0,0,0,0,0.0119892097112599,0.000399640323708662,0,0,0,0,0.00249775202317914,0,0,0,0,0,0,0.00509541412728544,9.99100809271655e-05,0.000699370566490159,0,0.00139874113298032,0,0,0,0,0,0,0,0.00189829153761615,0,0.00089919072834449,0.00419622339894095,0,0,0.000199820161854331,0,0,0,0,0,9.99100809271655e-05,0.000999100809271655,0,0.000199820161854331,0,9.99100809271655e-05,0.00129883105205315,0,0,0.000199820161854331,0,0,0,0,0,0.0154860625437107,0.00119892097112599,0,0.0184833649715256,0,0,0.000299730242781497,9.99100809271655e-05,0,0.00169847137576181,0,0,0,0,0,0,0,0,0,0,0,9.99100809271655e-05,0,0,0.000999100809271655,0.00199820161854331,0.000699370566490159,0,0.000399640323708662,0.00239784194225197,0.000299730242781497,0,0,0.000299730242781497,0,0,9.99100809271655e-05,0,0,0.00179838145668898,0.000699370566490159,0.000199820161854331,0.151263862523729,0,0,0,0,0,0.000399640323708662,0.148166650014987,0,0,0.0109901089019882,0,0,0,0,9.99100809271655e-05,0.00299730242781497,0,0,0,0,0,0.000699370566490159,0,0.00089919072834449,0,0,0.00559496453192127,0
0,0,0,0.000499850044986504,0,0,0.000399880035989203,0,0,0,0,0,0,0,0,0,0.00149955013495951,0,0,0,0,0.0149955013495951,0.000999700089973008,0,0.00549835049485154,0.00999700089973008,0,0,0.00989703089073278,0,0,0.00109967009897031,0,0.0337898630410877,0,0,0,0,0.00179946016195141,0,0.000199940017994602,0,0.0234929521143657,0,0,0,0,0,0.00169949015295411,0.000699790062981106,0,0,0,0,0,0,0,0,0,0.0165950214935519,0,0,0,0,0.000299910026991902,0,0.00199940017994602,0,0,0.0323902829151255,0,0,0,9.99700089973008e-05,0,0,0,0,0,0,0.000899730080975707,0,0,0.000999700089973008,0,0,0,0,0.00119964010796761,0.019594121763471,0.000599820053983805,0.00119964010796761,0,0,0,0.000399880035989203,0,0,0,0.000299910026991902,0.00289913026092172,0,0,0,0,0,0,0.0237928621413576,0.0334899530140958,0.0113965810256923,0.0106967909627112,0.000499850044986504,0,0.087073877836649,0,0.0327901629511147,0,0,0,0,0.000799760071978406,0,0,0,0.0307907627711686,0,0,0,0,0,0.0181945416375087,0,0,0,0,0,0.00989703089073278,0.00699790062981106,0,0,0,0,0,0,0,0,0.00309907027891633,0.00419874037788663,0,9.99700089973008e-05,0,0,0,0,0,0,0,0,0.00379886034189743,0,0,0,0,0,0,0.000799760071978406,0,0,0,0,0,0.0212936119164251,0,0.000999700089973008,0,0.000599820053983805,0,0.00689793062081376,0.0412876137158852,0,0.00709787063880836,0,0,0,0,0,0,0,0,0,0,0.0180945716285114,0.000699790062981106,0,0,0,0.000799760071978406,0,0,0,0,0,0,0.000199940017994602,0.00549835049485154,0,0,0,0,0,0,0,0.000399880035989203,0,0.000299910026991902,0,0.00349895031490553,0,0,0,0,0,0,0,0.00659802059382185,0,0,9.99700089973008e-05,0.00959712086374088,0,0,0,0,0,0,0,0,0.00169949015295411,0,0,0,9.99700089973008e-05,0,0.0317904628611417,0,0,0,0,0,0,9.99700089973008e-05,0,0,0,0,0,0,0,0,0,0,0.00339898030590823,0,0.000499850044986504,0,0,9.99700089973008e-05,0.00419874037788663,0,0.000299910026991902,0,0,0.026592022393282,0,0,0,0,0,0,0.338998300509847,0,0,0,0,0,0,0,0,0.00119964010796761,0,0,0,0,0,0.00259922023392982,0,0,0,0,0,0
9.99500249875062e-05,0,0,0.000499750124937531,0,0,0.0143928035982009,0,0,0,0,0,0,0,0,0,0.000899550224887556,0,0,0,0,0.000399800099950025,0.000699650174912544,0.00079960019990005,0.000199900049975012,0.302248875562219,0,0,0.00889555222388806,0,0.000599700149925037,0,0,0.00239880059970015,0,0,0,0,0,0,0.000499750124937531,0,0,0,0,0,0,0,0,0.000499750124937531,0,0,0,0,0,0,0.000199900049975012,0.00129935032483758,0,0,0,0.00149925037481259,0,0,0.000199900049975012,0,0.00129935032483758,9.99500249875062e-05,0,0.0126936531734133,0.000899550224887556,0,0,0,0,0,0,0,0,0,0,0,0,0,0.0102948525737131,0,0,0,0,0,0,0.00079960019990005,0,0.00489755122438781,0,0,0,0,0.0104947526236882,0,0,0,0,0,0.000599700149925037,0.00129935032483758,0.0129935032483758,0.00189905047476262,0.0283858070964518,0,0.000499750124937531,0,0,0,0.00119940029985007,0.00589705147426287,0,9.99500249875062e-05,0,0,0,0,0,0,0,0,0.00919540229885057,0,0,0,0,0,0,0,0,9.99500249875062e-05,0.0184907546226887,0.00879560219890055,0,0,0.000399800099950025,0,0,0,0,0,0,0,0,0,0,0,0,0,0,0,0,0,0,0.00339830084957521,0,0,0.0179910044977511,0,0,0.000499750124937531,0.00509745127436282,0,0,0,0,0.00429785107446277,0,0.00139930034982509,0,0,0,0.000699650174912544,9.99500249875062e-05,0,0.00139930034982509,0.00269865067466267,0,0,0,0.000399800099950025,0,0,0,0,0,0,0.000599700149925037,0,0.00129935032483758,0,0.00349825087456272,0,0,0,0,0.00509745127436282,0,0,0.0129935032483758,0.00149925037481259,0,0,0,0,0,0,0,0,0,0,0.0063968015992004,0,9.99500249875062e-05,0,0,0,0.000199900049975012,9.99500249875062e-05,0.00139930034982509,0,0,0,0,0.00189905047476262,0,0,0,0.0349825087456272,0,0.000299850074962519,0,0,0,0,0,0.00679660169915042,0,0,0,0,0,9.99500249875062e-05,0.000699650174912544,0,0,0.000299850074962519,0,0,0,0,0,0,0,0,9.99500249875062e-05,0.000499750124937531,0,0,0,0,0,0.00549725137431284,0,0.00129935032483758,0,0,0.211694152923538,0,0,0,0,0,9.99500249875062e-05,0.186306846576712,0,0,0,0,0,0,0,9.99500249875062e-05,0.000999500249875062,0,0,0,0,0,0.00949525237381309,0,0,0,0,0,0
0,0,0,0.0016998300169983,0,0,0.0006999300069993,0,0,0.0015998400159984,0,0,0,0,0.0010998900109989,0,0,0,0,0,0,0,0.0011998800119988,0.0008999100089991,0.0002999700029997,0.331866813318668,0,0,0,0,0.0138986101389861,0.0023997600239976,0,0.0050994900509949,0,0,0,0,0.0001999800019998,0,0,0,0,0,0,0.0020997900209979,0,0,0,0,0,0,0,0,0,0,0.0003999600039996,0.000999900009999,0,0.0076992300769923,0,0,0,0,0,0,0,0,0,0,0,0,0,0,0,0,0,0,0,0,0,0,0,0,0,0.0006999300069993,0,0,0,0,0,0,0.0012998700129987,0,0,0,0,0,0,0,0,0.0006999300069993,0,0,0,0,0,0.0578942105789421,0.000999900009999,0,0,0,0,0,0,0.0141985801419858,0,0,0,0.0002999700029997,0.0001999800019998,0,0,0,0,0,0,0,0,0,0,0,0,0,0,0,0.192680731926807,0.0112988701129887,0,0,0.0021997800219978,0,0,0,0,0,0,0,0,0,0,0.0001999800019998,0,0,0,0,0,0,0,0.000999900009999,0,0,0,9.99900009999e-05,0,0.0004999500049995,0,0,0,0,0,0,0,0,0,0,0,0,0,0,0.0111988801119888,0.0057994200579942,0,0.0150984901509849,0,0,0,0,0,0,0,0.0034996500349965,0,0,0,0,0.0041995800419958,0,0,0,0,0,0,0,0.0375962403759624,0,0,0,0,0,0,0,0,0,0,0,0,0,0.0037996200379962,0,0,0,0,0,0,0,0,0,9.99900009999e-05,0.0022997700229977,0,0,0,0.0317968203179682,0,0,0,0,0,0,0,0.0016998300169983,0,0,0,0,9.99900009999e-05,0,0,0,0,0,0,0,0,0,0,0,0,0,0,0,0,0,0.0001999800019998,0,0,0,0,0.138386161383862,0,0,0.0115988401159884,0,0,0,0,0,0,0.0312968703129687,0,0,0.0356964303569643,0,0,0,0,0,0,0,0,0,0,0,0,0,0,0,0,0.0091990800919908,0
0,0,0,0,0,0,9.99800039992002e-05,0,0,0,0,0,9.99800039992002e-05,0,0.0026994601079784,0,0.0021995600879824,0,0,0,0,0,0.000899820035992801,0,0,0.277244551089782,0,9.99800039992002e-05,0.00379924015196961,0.0002999400119976,0,0,0,0,0,0,0.0025994801039792,0.00329934013197361,0,0,0,0,0,0,0,0.0356928614277145,0,0,0,0.000399920015996801,0,0,0,0,0,0,0,0.001499700059988,0,0,0,0,9.99800039992002e-05,0,0,0,0.0026994601079784,0,0,0,0.000699860027994401,0,0,0,0,0.0182963407318536,0,0,0,0,0,0,0.0198960207958408,0,0,9.99800039992002e-05,0.0573885222955409,0,0.0002999400119976,0,0,0.0002999400119976,0.0002999400119976,0,0,0,0,0,0.00629874025194961,0,0,0.000499900019996001,0,0,0,0,0,0.0126974605078984,0,0,0,0,0,0.00509898020395921,0,0.00539892021595681,0,0,0.012997400519896,0,0,0,0.000599880023995201,0.0010997800439912,0.0873825234953009,0,0,0,0,0,0.00579884023195361,0,0,0,0,0,0.000799840031993601,0,0,0,0.000999800039992002,9.99800039992002e-05,0,0,0,0,0,0,0,0,0,0,0,0,9.99800039992002e-05,0,0,0,0,0,0.0016996600679864,0,0,0,0,0,0,0,0,0.000399920015996801,0.0025994801039792,0.001499700059988,0,0,0,0,0,0,0,0,0,0,0,0,0,0,0,0,0,0.0011997600479904,0,0.00739852029594081,9.99800039992002e-05,0,0,9.99800039992002e-05,0,0,0,0,0,0,0,0,0.0241951609678064,0.00359928014397121,0,0,0,0,0,0,0,0,0,0,0,0,0,0,0.0111977604479104,0,0,0,0,0,0,0,0,0,0,0,0,0.0585882823435313,0,0,0,0,0,0.0001999600079984,0,0,0,0,0.000399920015996801,0,0,0,0,0,0,0,0,0,0,0,0.0015996800639872,0,9.99800039992002e-05,0.000999800039992002,0,0,0,0,0.000699860027994401,0,0,0,0,0.000499900019996001,0,0,0.119576084783043,0,0,0,0,0,0,0.135572885422915,0,9.99800039992002e-05,0.0493901219756049,0,0,0.0018996200759848,0,0,0,0,0,0,0,0,0,0,0,0,0,0.00549890021995601,0
0,0,0,9.9940035978413e-05,0,0,0,0,0,9.9940035978413e-05,0.000499700179892065,0,0,0,9.9940035978413e-05,0,0,0,0,0,0,0,0,0.0084949030581651,0,0.024685188886668,0,0,0,0.000699580251848891,0,0,0,0,0.00129922046771937,0,0,0,0,0,0,0,0,0,0,0.0170897461523086,0,0,0,0,0,0,0,0,0,0,0,9.9940035978413e-05,0,0.0388766739956026,9.9940035978413e-05,0,0,0.000399760143913652,0,0,0,0,0,0,0,0,0,0,0.156606036378173,0,0,0,0,0.0850489706176294,0,0,9.9940035978413e-05,0,0,0,0,0,0,0,0,0.000299820107935239,0,0,0,0,0,0,0,0,0,0,9.9940035978413e-05,0,0,0,0,0.0260843493903658,0,0,0,0,0,0,0,0,0,0,0,0,0,0,0,9.9940035978413e-05,0.0150909454327404,0,0,0,0,0,0.00499700179892065,0.0123925644613232,0,0.000399760143913652,0,0,0.000199880071956826,0,0,0,0.000299820107935239,0,0,0,0,0,0,0.000899460323805717,0,9.9940035978413e-05,0,0,0,0,0,0,0,0,0,0,0,0,0,0,0,0,0,0.000299820107935239,0,0,0.00289826104337398,0,0,0,0,0,0.000299820107935239,0,0,0.00399760143913652,0,0,0,0,0.000999400359784129,0,0,0,0,0.000599640215870478,9.9940035978413e-05,0,0,0,0,0,0,0,0,0.113232060763542,0,0,0,9.9940035978413e-05,0,0,0,0,0,0,9.9940035978413e-05,0,0,0,0,0,0,0,0,0,0,0,0,0,0,0,0,0,0,0,0,0,0,0,0,0,0,0,9.9940035978413e-05,0.00289826104337398,0,0,0,0,0.000299820107935239,0,9.9940035978413e-05,0,0,0,0,0,0.00199880071956826,0,0.000799520287827304,0,0.000599640215870478,0,0,0,0,0,0,0,0,0,0,0,0.00709574255446732,0,0,0,0,0,0,0,0,0,0,0.418448930641615,9.9940035978413e-05,0,0.0195882470517689,0,0,0,0,0,0,0.0148910653607835,0,0,0,0,0,0,0.0151908854687188,0,0,0,0
0,0,0,0,0,0,0,0,0,0,0,0,0,0,0.0001000100010001,0.0016001600160016,0.0001000100010001,0,0,0,0,0.0413041304130413,0,0,0,0.333033303330333,0,0,0.0013001300130013,0.0004000400040004,0.0002000200020002,0,0,0,0,0,0.0133013301330133,0.0009000900090009,0,0,0,0,0,0,0,0,0,0.0002000200020002,0,0,0,0,0,0,0,0,0,0,0,0.0539053905390539,0,0,0.0001000100010001,0,0,0,0,0,0,0,0,0,0.0002000200020002,0,0,0,0,0,0,0.0293029302930293,0,0,0,0,0.0157015701570157,0,0,0,0,0,0,0.0005000500050005,0,0,0,0,0,0,0,0,0,0,0,0,0,0,0,0.0018001800180018,0,0,0,0,0,0,0,0,0,0,0.0178017801780178,0,0,0,0,0,0,0,0,0,0,0,0.0011001100110011,0,0,0.0005000500050005,0.0005000500050005,0,0,0,0,0,0,0,0,0,0,0,0.0074007400740074,0,0,0,0.0021002100210021,0,0,0.0007000700070007,0,0,0,0,0,0,0,0,0,0,0,0,0,0,0,0,0.0014001400140014,0.0029002900290029,0,0,0,0,0,0,0,0.0007000700070007,0,0,0,0,0.0021002100210021,0,0,0,0,0,0,0.0179017901790179,0,0,0,0,0,0,0.0001000100010001,0,0,0,0,0,0,0.0005000500050005,0.0003000300030003,0,0,0,0,0,0,0,0,0,0.0028002800280028,0,0,0,0.0139013901390139,0,0,0,0,0,0,0,0,0,0.0721072107210721,0,0,0.0609060906090609,0,0,0,0.0005000500050005,0,0.012001200120012,0,0,0,0,0,0.0155015501550155,0,0,0,0,0,0.0014001400140014,0.0039003900390039,0,0,0,0,0.0012001200120012,0.0022002200220022,0,0,0,0,0,0,0,0,0,0,0.0185018501850185,0.0046004600460046,0.0164016401640164,0.0264026402640264,0,0,0,0,0,0.0004000400040004,0.18011801180118,0,0,0,0,0,0,0,0,0,0,0,0,0,0,0,0.0054005400540054,0,0,0,0.0118011801180118,0
0.00139944022391044,0,0,0.00129948020791683,0,0,0,0,9.99600159936026e-05,0.000499800079968013,0,0,9.99600159936026e-05,0,0.00149940023990404,0,0.00139944022391044,0,0,0,0,0.00529788084766094,0.000899640143942423,0,0,0.13984406237505,0,0,0.00309876049580168,0.000199920031987205,0,0,0,0.00699720111955218,0,0,0,0.00249900039984006,0,0,0,0,0,0.00669732107157137,0,0.00309876049580168,0,0,0.000499800079968013,0,9.99600159936026e-05,0,0,0,0.00209916033586565,0,0,0,0,0,0,0.00519792083166733,0,0,0,0,0.00449820071971212,9.99600159936026e-05,0.00579768092762895,0,0.0038984406237505,0,0,0,0,0,0,9.99600159936026e-05,0,0.00229908036785286,0,0,9.99600159936026e-05,0,0,0.000299880047980808,0,0,0.000899640143942423,0,9.99600159936026e-05,0.00319872051179528,0.0199920031987205,0,0,0,0,0,0.00679728108756497,0,0,0,0,0,0.000299880047980808,0,0.00179928028788485,0.0037984806077569,0,0.0162934826069572,0,0,9.99600159936026e-05,0.00559776089564174,0,0.0356857257097161,0,0,0.0078968412634946,0.000199920031987205,0,0,0,0.00229908036785286,0,0,0,0,0,0,0.00079968012794882,0.00429828068772491,0,0,0,0,0.00209916033586565,0,0,0,9.99600159936026e-05,0,0,0,0,0,0.000499800079968013,0,0,0,0.000199920031987205,0,0.000499800079968013,0,9.99600159936026e-05,0,0,0,0,0,0.000299880047980808,0,0,0.0581767293082767,0,0,0,0,0,0,0,0,0.0158936425429828,0,0,0,0,0.000599760095961615,0,0,0,0,0,0,0,0,0,0,0,0,0,0.0102958816473411,0.000199920031987205,0,0,0,0,9.99600159936026e-05,0,0,0,0,0,0,0.129148340663735,0.000499800079968013,0,0.00039984006397441,0.000499800079968013,0,0,0,0,0,0.00419832067173131,0,0.0142942822870852,0.000199920031987205,0.000599760095961615,0.000899640143942423,0,0.00199920031987205,0,0,0.000199920031987205,0,0,0,0,0,0.00979608156737305,9.99600159936026e-05,0,0.0936625349860056,0,0,0,0,0,9.99600159936026e-05,0,0,0.0162934826069572,0,0.00039984006397441,0,0,0,0,0,0.000999600159936026,0.000299880047980808,0,0,0.000199920031987205,9.99600159936026e-05,0.000299880047980808,0,0.00109956017592963,0.00549780087964814,0,0,0,0.00039984006397441,0.00349860055977609,0,9.99600159936026e-05,0,0.00109956017592963,0.00229908036785286,0,0,0.0242902838864454,0,0,0,0.000999600159936026,0,0,0.258996401439424,0,0,0.00529788084766094,0,0,0,0.000299880047980808,9.99600159936026e-05,0,0,0,0,0,0,0.00529788084766094,0,0.000499800079968013,0,0,0.0159936025589764,0
0,0,0,0,0,0,0,0,0,0,0,0,0,0.0101938836697981,0.00379772136717969,0,0,0,0,0,0,0.000399760143913652,0,0,0,0.146811912852289,0,0,0.00729562262642415,0,0.0163901659004597,0,0,0.00689586248251049,0,0,0.000199880071956826,0.00419748151109334,0,0,0,0,0,0,0,0.00709574255446732,0,0,0,0,9.9940035978413e-05,0,0,0,0,0,0,0,0,9.9940035978413e-05,0,0,0,0,0,0,0.00259844093543874,0,0,0,0.00679592244653208,0,0,0,0,0,0,0,0,0.0061962822306616,0,0,0.0566660003997601,0,0,0,0,0,0,0.0195882470517689,0.0715570657605437,9.9940035978413e-05,0.00659604237457526,0,0,0,0,9.9940035978413e-05,0.00429742154707176,0,0,0,0,0,0,0,0,0.0569658205076954,0.00529682190685589,0.00439736158305017,0,0,0,0.0022986208275035,0,0.0121926843893664,0,0,0.0111932840295823,0,0,0,0.00389766140315811,0.000199880071956826,0.00279832100739556,0,0,0,0,0,0.0341794923046172,0.0109934039576254,0,0,0,0,0.0266839896062363,0.0076953827703378,0,0,0.00119928043174096,0,0,0,0,0,0,0,0,0,0,0.0215870477713372,0,0,0,0,0,0,0,9.9940035978413e-05,0,0,0,0.0404757145712572,0,0,0.00549670197881271,0,0,0,0,0,9.9940035978413e-05,0,0,0,0,0,0.00199880071956826,0,0.0084949030581651,0,0,0,0.00379772136717969,0,0,0,0,0.00189886068358985,0,0.00149910053967619,0,0,0,0,0.00489706176294223,0,0,0,0,0,0,0,0,0,0,0,9.9940035978413e-05,0.00129922046771937,0,0,0,0,0.000399760143913652,0,0.00659604237457526,0,0,0,9.9940035978413e-05,0,0,0,0,0.00259844093543874,0,0,0.0123925644613232,0.00269838097141715,0.00319808115130921,0,0,0.0262842294623226,0,0,0,0,0,0,0,0,0,0,0.00139916050369778,0,0,0,0,0,0,0,0,0,0.000599640215870478,0.000399760143913652,0,0,0,0.000299820107935239,0.000199880071956826,0,0,0.000199880071956826,9.9940035978413e-05,0,0,0,0,0.0118928642814311,0,0,0.0148910653607835,0,0,0,0,0,0,0.26004397361583,0,0,0.00479712172696382,0,0,0,0,0,0,0,0,0,0,0,0,0,0.000599640215870478,0,0,0.000599640215870478,0
0,0,0,0,0.00329604474630443,0,0.000399520575309628,0,0.00679184978026368,0.000599280862964443,0.000199760287654814,0,0,0.0119856172592889,0.000499400719137036,0,0.000199760287654814,0,0,0,0,0.000299640431482221,0.000799041150619257,0,0,0.00749101078705553,0,0,0.000499400719137036,0.000199760287654814,0,0.00209748302037555,0,0.0118857371154614,0.000299640431482221,0,0.000898921294446664,0,0.000299640431482221,0,0,0,0,0,0,0,0,0,0,0,0,0,0,0,0.00159808230123851,0,0,0.000399520575309628,0.000499400719137036,0.0178785457451059,0,0.0013983220135837,9.98801438274071e-05,0,0.0055932880543348,0.00539352776667998,9.98801438274071e-05,0,0,0,0,0,0,0.00299640431482221,0,0,0,0,0,0.00499400719137036,0.000599280862964443,0,0,0,0,0,0,0,0.000199760287654814,0.0145825009988014,0.0435477427087495,9.98801438274071e-05,0.000399520575309628,0,0,0,0,0,0.00609268877347183,0,0,0,0.000199760287654814,0,0,0.000599280862964443,0.0132840591290451,0.00848981222532961,0.00319616460247703,0.00409508589692369,0,9.98801438274071e-05,0,0.000399520575309628,0,0.00549340791050739,0,0,0,9.98801438274071e-05,0,0,0,0,0.00159808230123851,0,0,0,0,0.00199760287654814,0,0.0185777067518977,0,9.98801438274071e-05,0,0,0.00459448661606073,0,0,0,0.00119856172592889,0.000399520575309628,0,0,0,0.0250699161006792,0,0.00848981222532961,0,9.98801438274071e-05,0,0.00259688373951258,0,0,9.98801438274071e-05,0,0.00339592489013184,0,0.000399520575309628,0,0,0,0,0.309228925289652,0,0,0,0,0,0,0,0.00149820215741111,9.98801438274071e-05,0,0,0,0,0.00569316819816221,9.98801438274071e-05,0,0.00599280862964443,0.000998801438274071,0,0.0108869356771874,0,0,0,0,0.00429484618457851,0,0,0,0,0,0.00229724330803036,0,0.00389532560926888,0,0,0,0.0304634438673592,0,0,0,0.0275669196963644,0.00069916100679185,0,0,0,0,0,0,0.0013983220135837,0,0.000199760287654814,0,0.00169796244506592,0.0027966440271674,0.017179384738314,0,0.000599280862964443,0,0.00219736316420296,0,0.00119856172592889,0,0,0,0,0.000599280862964443,0,0,0,0.000199760287654814,9.98801438274071e-05,9.98801438274071e-05,0.000199760287654814,0,0,0,0,0,0,0,0,0,0,0,0,0,0,0,0,0,0,0,0.000399520575309628,0.00069916100679185,0.000499400719137036,0,0,0,0,0.000399520575309628,0,0,0,0,0.00269676388333999,0.0013983220135837,0,0,0.00529364762285258,0,0.000299640431482221,0,0,9.98801438274071e-05,0.00239712345185777,0.260986815821015,0,0,0.00149820215741111,0,0,0,0,0,0.0101877746703955,0.000299640431482221,0.00928885337594886,0,0,0,0.0027966440271674,0,0.00199760287654814,0.00349580503395925,0,0.00329604474630443,0
0,0,0,0,0.00650130026005201,0.0002000400080016,0.00850170034006801,0.0001000200040008,0,0,0,0,0,0.00430086017203441,0.00450090018003601,0,0,0,0,0,0,0,0,0.000700140028005601,0,0.0001000200040008,0.0001000200040008,0,0.00460092018403681,0,0.0204040808161632,0,0,0.0017003400680136,0.0026005201040208,0.00370074014802961,0,0,0,0,0.0001000200040008,0,0,0,0.0001000200040008,0.00580116023204641,0,0.001000200040008,0,0,0,0,0,0,0,0,0,0,0,0,0,0,0,0,0,0,0.00400080016003201,0,0.0011002200440088,0,0.001500300060012,0,0,0,0,0,0,0,0,0,0,0,0.0301060212042408,0,0,0,0.000500100020004001,0,0,0.0106021204240848,0,0,0,0,0,0,0,0,0,0,0,0,0,0.0027005401080216,0,0,0,0.0360072014402881,0,0,0,0,0,0.0001000200040008,0.0003000600120024,0,0,0,0,0,0,0,0,0,0.0002000400080016,0,0,0,0,0,0,0.0112022404480896,0,0,0,0.000400080016003201,0.0027005401080216,0,0,0,0,0,0,0,0.00370074014802961,0,0,0,0,0,0.0001000200040008,0,0,0,0.0002000400080016,0,0,0,0.0001000200040008,0.026505301060212,0,0,0,0,0,0,0,0,0,0,0,0,0,0,0,0,0,0,0.0125025005001,0,0,0,0,0,0,0,0,0,0,0,0,0.001500300060012,0,0,0,0,0,0,0,0,0,0,0,0.0323064612922585,0,0,0.000400080016003201,0,0,0.00380076015203041,0,0,0,0,0,0.000500100020004001,0,0.00430086017203441,0,0,0,0.0129025805161032,0,0,0,0,0,0,0.0003000600120024,0,0.0291058211642328,0,0,0.111022204440888,0,0,0.000800160032006401,0,0,0,0,0,0,0,0,0.00600120024004801,0,0,0,0,0,0.000500100020004001,0,0,0,0,0.0001000200040008,0,0,0,0,0,0.0012002400480096,0.0014002800560112,0,0,0,0,0,0.545109021804361,0,0,0.0149029805961192,0,0,0,0,0,0.000800160032006401,0,0,0.000400080016003201,0.0194038807761552,0,0,0,0,0,0,0.00370074014802961,0,0,0,0,0,0,0,0,0,0,0
0,0,0,0,0,0,0.000998701687805852,0,0,9.98701687805852e-05,0,0,9.98701687805852e-05,9.98701687805852e-05,0.0060920802956157,0,0.000798961350244682,0,0,0,0,0.00019974033756117,0,0,0,0.219115150304604,0,0,0.00019974033756117,0,0,0,0,0.00359532607610107,0,0,9.98701687805852e-05,9.98701687805852e-05,0,0,0,0,0,0,0,0.00419454708878458,0,0,0,0,0,0,0,0,9.98701687805852e-05,0,0,0,0,9.98701687805852e-05,0,0,0,0,0,0,0.00139818236292819,0,0.000399480675122341,0,9.98701687805852e-05,9.98701687805852e-05,0,0,0,0.0139818236292819,9.98701687805852e-05,0,0,0.000898831519025267,0,0,0.000499350843902926,0,0,0.00729052232098272,0,0,0,0.00109857185658644,0,0,0.00659143113951863,0,0,0,0,0,0.000399480675122341,0,0,0,0,0,0,0,9.98701687805852e-05,0.0523319684410267,0,0,0,0,0,0,0,0,0,0,0.000699091181464097,0,0,0,0,9.98701687805852e-05,0.00349545590732048,0,0,0,0,0,9.98701687805852e-05,0.00938779586537501,0,0,0,0,0.000699091181464097,0,0,0,0.0554279436732248,0,0,0,0,0,9.98701687805852e-05,0,0,9.98701687805852e-05,9.98701687805852e-05,0.00019974033756117,0,0,9.98701687805852e-05,0,0,0,0,0,0,0,0,0.00529311894537102,0,0,0,0,0,0,0.00159792270048936,0.00019974033756117,0,0,0,0,0,0.000299610506341756,0,0,0,0,0,0,9.98701687805852e-05,0,0,0,0,0,0,0.0019974033756117,0,0,0,0,0,0,0.00019974033756117,0,0,0,0,9.98701687805852e-05,0,0.00559272945171277,0,0,0,0,0,0,0,0.00019974033756117,9.98701687805852e-05,0,0,9.98701687805852e-05,0.0360531309297913,0,0,0,0,0,0,0,0,0,9.98701687805852e-05,0,0,9.98701687805852e-05,0,0.213522420852891,0,0,0,0,0,0,9.98701687805852e-05,0,0,0,0,0.00019974033756117,9.98701687805852e-05,0,0,0,0,0,0.000599221012683511,0,9.98701687805852e-05,0.0150803954858684,0,0,9.98701687805852e-05,9.98701687805852e-05,0,0,0,0.000399480675122341,0,0,0,0,9.98701687805852e-05,0.00129831219414761,0,9.98701687805852e-05,0.140717067811845,0,0,0,0,0,0,0.172475781484071,0,0,9.98701687805852e-05,0,0,0.00139818236292819,0,0,0.000299610506341756,9.98701687805852e-05,0,0,0,0,0,0,0.00349545590732048,0,0,0.00589233995805453,0
0,0,0.000199940017994602,0.00399880035989203,0,0,0,0.00209937018894332,0,0,0,0,0,0,0.00149955013495951,0,0,0,0.00149955013495951,0,0,0.00409877036888933,0.00149955013495951,0,0.000499850044986504,9.99700089973008e-05,0,0,0,0,0.000499850044986504,0,0,0.00219934019794062,0,0,0.030590822753174,0.0100969709087274,0.00509847045886234,0,0.000299910026991902,0,0,0,0,0.00349895031490553,0,0,0,0,0,0,0,0,0.0104968509447166,0,0,0,0,0,0,0.00889733080075977,0,0,0.000199940017994602,0,0.000699790062981106,0,0,0,0.00359892032390283,0,0,0,0,0,0,0,0,0.00179946016195141,0.00599820053983805,0,0.0266919924022793,0,0.0116964910526842,0,0.0120963710886734,0.000199940017994602,0.000399880035989203,0.00559832050384884,0,0,0,0.0189943017094872,0,0.00169949015295411,0,0,0.000999700089973008,0,0.000399880035989203,0,0,0.00389883035089473,0,0.0227931620513846,0,0.0217934619614116,0.00369889033290013,0,0,0,0.00109967009897031,0.000299910026991902,0.00169949015295411,0.0156952914125762,0,0,0,0,0,0,0.000999700089973008,0,0,0,0,0,0,0,0.00399880035989203,0.00349895031490553,0,0,0,0,0.0302909127261821,0.00799760071978406,0,0,0.000699790062981106,0,0,0,0,0,0,0,0,0,0.000999700089973008,0,0,0,0,0,0,0,0.000799760071978406,0.0316904928521444,0,0,0.0529841047685694,9.99700089973008e-05,0,0,0.00609817054883535,0,0,0,0,0,0,0,0,0,0,0,0.00129961011696491,0,0.0169949015295411,0,0.00149955013495951,0.00259922023392982,0.00119964010796761,0,0,0,0,0,0,0.000299910026991902,0.000799760071978406,0,0,0,0,0.000599820053983805,0,0,0,0,0,0.0183944816555034,0,0,0,0,0,0,0,0,0.000999700089973008,0,0.000399880035989203,0,0.00209937018894332,0.0101969409177247,0,0.000699790062981106,0,0,0,0.00989703089073278,0.0208937318804359,0,0,0,0.000399880035989203,0.0138958312506248,0.0278916325102469,0,0,0.0795761271618514,0,0,0,0,0,0,0,0,0,0,0.00209937018894332,0,0,0,0,0,0,0.00109967009897031,0,0,0.00949715085474358,0,0,0.00119964010796761,0.000499850044986504,0,0.000199940017994602,0,0,0,0,0,0,0,0,0.0819754073777867,0,0.00139958012596221,0.169749075277417,0,0,0,0,0,0.00509847045886234,0.05518344496651,0,0,0.0595821253623913,0,0,0,0,0,0.00939718084574628,0,0,0,0,0,0.00139958012596221,0,0.00159952014395681,0,0,0,0
0,0,0,0,0,9.99200639488409e-05,0,0.00239808153477218,0,0.000399680255795364,0,0,9.99200639488409e-05,0.00269784172661871,0.0118904876099121,0,0,0,0,0.000399680255795364,0.00789368505195843,0,0.000499600319744205,0,0.000299760191846523,0.32843725019984,0,9.99200639488409e-05,0.0016986410871303,9.99200639488409e-05,0,0,0,0,0,0,0.00109912070343725,0,0.000199840127897682,0,0.00109912070343725,0,0,0,0,0.00699440447641886,0,0,9.99200639488409e-05,0.000399680255795364,0,0,0,0,0.00619504396482814,0,0,0,0,0.012589928057554,0.000199840127897682,0.00329736211031175,0,0,0,0,0.00239808153477218,0,0.000299760191846523,0,0.00449640287769784,0,0,0.00669464428457234,0,9.99200639488409e-05,0,0,0,0.00289768185451639,0.0021982414068745,0,0,0,0.00319744204636291,0,0.0428657074340528,0,0.000899280575539568,0,0,0,0.00119904076738609,0.00359712230215827,0,0,0,0,0.00469624300559552,0,0,9.99200639488409e-05,0,0,0.000199840127897682,0,0,0.00989208633093525,0.00149880095923261,0.00489608313349321,0.00619504396482814,0,0,0.0498601119104716,0,0.0038968824940048,9.99200639488409e-05,9.99200639488409e-05,0.00739408473221423,0,0,0,0,9.99200639488409e-05,0.0140887290167866,0,0,0,0,0,0.000899280575539568,0.0147881694644285,0,0,0,0,0.0148880895283773,0.00369704236610711,9.99200639488409e-05,0,0.0021982414068745,0.00159872102318145,0,0,0,0,0,0.00309752198241407,0,0.000199840127897682,0.00229816147082334,0.0103916866506795,0,0,9.99200639488409e-05,0,0,0.000799360511590727,0,0.0021982414068745,0,0,0.0127897681854516,0.026378896882494,0,0,0.00339728217426059,0,0,0,0.000399680255795364,0.00969224620303757,9.99200639488409e-05,0,0,0,0,0,0,0,0.00469624300559552,0,0,0.000399680255795364,0,0,0,0,0,0.000699440447641887,0,0.00289768185451639,0.000299760191846523,0,0,9.99200639488409e-05,0.000199840127897682,9.99200639488409e-05,0,0,0,0,0,0,0,0,0,0,0.000299760191846523,0.000299760191846523,0.00209832134292566,0,0,9.99200639488409e-05,0.00119904076738609,0,0.00399680255795364,0,0.000299760191846523,0.00249800159872102,0.00349720223820943,0.0016986410871303,9.99200639488409e-05,0,0.000899280575539568,0,0.00239808153477218,0,0.00919264588329336,0.000499600319744205,0.0203836930455636,0.000199840127897682,0.000299760191846523,0.0585531574740208,0,0,0,0,0.000399680255795364,0,0,0,0,0,0,0,0,0,0,0,0.00119904076738609,0,0,0,0,0.0153876898481215,9.99200639488409e-05,0,9.99200639488409e-05,0.0246802557953637,0,0,0.000399680255795364,0.00139888089528377,9.99200639488409e-05,0,0,0,9.99200639488409e-05,0.000199840127897682,0,0.000399680255795364,0.0126898481215028,0.000699440447641887,0,0,9.99200639488409e-05,0,0,0.134692246203038,0,9.99200639488409e-05,0.0101918465227818,0,0,9.99200639488409e-05,0.000399680255795364,0.000199840127897682,0,0,0,0,0,0,0,0,0.000599520383693046,0,0,0.00479616306954436,0
0,0,0,0,0,0,2e-04,0,0,0,0,0,0,0.0792,7e-04,0,0,0,0,0,2e-04,0.0025,0,2e-04,0,0.1875,0,0,8e-04,2e-04,7e-04,0,0,0.0074,0,0,0.0199,0,0.0035,0,1e-04,0,0,0.0049,0,0,0,7e-04,0,0,0,0,0,0,0,0,0,0,0,0.0116,0,0,1e-04,0,0,0,8e-04,0,0,0,0.0103,0,0,0.0016,0,0,0,0,0,0,0,0,0,0,0,2e-04,0.011,0,0,0.0081,0,0.002,8e-04,0,0,1e-04,0,0,0.0081,0,0,0,0,0,0,0,0.0093,0.0145,0,0,0,0,0,0.0242,0,5e-04,0,0,0.0045,2e-04,0,0,0,1e-04,0.1684,0,0,0,0,0,0.0018,2e-04,0,0,0,0,0.0101,0,0,0,4e-04,0,0,3e-04,0,0,3e-04,0.0121,0,0,0.0015,0.0038,0,0,0,0,0,0,0,9e-04,0,0,0.0202,0,1e-04,0,0.0148,0,0,0,0,0,1e-04,0,8e-04,0,0,0,2e-04,0,0.01,6e-04,0,0,0,7e-04,0,0,0,0,0,0.0093,5e-04,0,0,0,0,0,0,0,0,0,0,0,0,5e-04,0,0,0,5e-04,0,0,0,0,0.0067,0,0.0028,0.0014,0.0237,0,0,0.0043,0,0,0.0015,0.0025,0,0.0013,0.018,0.0081,0.0151,0.0018,0,0.0049,0,0,0,0,0,0,0,0,0,0,2e-04,0,0,0,0,0,0.006,0,0.0036,0,0.0042,5e-04,0,0,0.0095,0.0053,0,0,0,4e-04,0,0,0,0,0,0.0022,0,0,0.0366,1e-04,0,0,0,2e-04,0.0034,0.1066,0,0,0.0329,0,0,0,0,1e-04,0,0.0066,0,0,0,0,0.0029,0,0.0023,0,0,0.0095,0
0,0,0,0.004,0,0,0,0,0,0,0,0,0,0,0.0017,0,0,0,0,0,0.0076,6e-04,0.0011,5e-04,0.0039,0.2846,0,0,0.0022,0.0021,0.0162,0.001,0,0.01,0,0,8e-04,0.0041,0,0,0,0,0,0,0,0.0089,0,0,3e-04,0,0,4e-04,0,0,0,0,0,8e-04,0,0,0.0016,0,0,0,0,0,0.0025,0,0,0,0,0,0,0,0,0,0,0,0,0,0,0,0,0,0,0,0,0,3e-04,0,8e-04,0,0.0224,0,0,1e-04,0,0,0,0,0,0,0,0,0,0,0,0.0583,0.0061,0,0,0,0,0.0013,0,0.062,0,0,0,0,0,0,0.0028,2e-04,0.0054,0.0027,0,0,0,0,4e-04,0,0,0,0,0,0.045,0,0,0,4e-04,0,0,0,0,0,0,0,0,4e-04,0,0,0,0,0,0,0,0,0,0,0,0,0,0,0,0,0,0,0,0,0,0.0079,0,0,0,0,0,0,0.0146,0,0.0047,0,0,0.0026,0,0,0,0,0,0,0,0.0026,2e-04,0,0,0,0.003,0,0,0,0,0,0,0,0,0,0,0,0,8e-04,0,0,0,0,0,0,0.0227,0,0,0,0.0035,0,0,0,0,0,0,0.0321,0.0028,0,0,0,0,0.0248,0,0,0,0,0,0,0,1e-04,0,0,0.0017,9e-04,0,0,0,0,0,0,0,0,0,0,0,0,0,0.0012,0,0,0,0,0,0,0,0,0,0.0214,0,0,0.0094,0,0.0015,0,0,0,0,0.2422,0,0,0.0294,0,0,0,0,0,0,0,0,0,0,0,1e-04,0,0,0,4e-04,0.0059,0
0,0,0,0.00369778133120128,0,0,9.9940035978413e-05,0.00129922046771937,0,0.000699580251848891,0,0,9.9940035978413e-05,0.00439736158305017,0.000499700179892065,0,0,0,0,0,0.00489706176294223,0,0.000499700179892065,0.000199880071956826,0.000199880071956826,0.00439736158305017,0,0,0.000599640215870478,9.9940035978413e-05,0.00629622226664002,0,0,0.00779532280631621,0,0,0,0.0185888466919848,9.9940035978413e-05,0.00199880071956826,9.9940035978413e-05,0,0,0,0,0.0135918448930642,0,0,0.000499700179892065,0.000299820107935239,0.000599640215870478,0,0,0,0.0022986208275035,0,0,0.000799520287827304,0,0.000599640215870478,0,0.00119928043174096,0,0,0,0,0.000599640215870478,0,0,0.000199880071956826,0.00169898061163302,9.9940035978413e-05,0,0,0,0.00909454327403558,0,0,0,0.000699580251848891,0,0,0.0354787127723366,0.000599640215870478,0.0030981411153308,0,0,0.0415750549670198,0.000199880071956826,0.00529682190685589,0,0.000799520287827304,0.000199880071956826,0.000199880071956826,0,0,0,9.9940035978413e-05,0,0,0,9.9940035978413e-05,0,0,0,0,0,0.374775134919049,0.000999400359784129,0.00589646212272636,0,0,0,0.00439736158305017,0,0.0124925044973016,0,0,0,0,0,0,0.000799520287827304,9.9940035978413e-05,0.000299820107935239,0,0,0,0,0,0.00259844093543874,0.00439736158305017,0,0,0,0,0.00169898061163302,0,0,0,0,0,0,0,0,0,0,0,0,0,0,0.000499700179892065,0,0,0,9.9940035978413e-05,0,0,0,0.000699580251848891,0,0,0.0117929242454527,0.00779532280631621,0,0,0.00209874075554667,0,0,0,0,0.004597241655007,9.9940035978413e-05,0.00359784129522287,0,0,0,0,0.00259844093543874,0,0.00389766140315811,0,0.000499700179892065,0,0,0,0,0,0,0,0,0.00689586248251049,0.000199880071956826,9.9940035978413e-05,0,0,0.00109934039576254,0,0,0,0,0,0,0,0,0,0,0,0,0.000199880071956826,0,0,0,0,9.9940035978413e-05,0,0.000799520287827304,0,0,0,0.00199880071956826,0.00449730161902858,0,0,0.00179892064761143,9.9940035978413e-05,0.0359784129522287,0,0.00199880071956826,0.00289826104337398,0.0144913052168699,0,0,9.9940035978413e-05,0,0,0,0,0,0,0,0,0,0,0,0,0,0,0,0,0.000299820107935239,0,0,9.9940035978413e-05,0,9.9940035978413e-05,0,0,0,0,0,0,0,9.9940035978413e-05,0,0,0,0,0,0.000199880071956826,0.00379772136717969,0.000299820107935239,0.00319808115130921,0.000299820107935239,0.00209874075554667,0,0,9.9940035978413e-05,0,0.290625624625225,0,9.9940035978413e-05,0,0,0,0,0,0,0,0,0,0,0,0,0.000699580251848891,0,0.000399760143913652,0,0,0.00109934039576254,0
0,0.00219846107724593,0,0,0,0,9.9930048965724e-05,0,0,0,0,0,0,0,0.00049965024482862,0,0,9.9930048965724e-05,0,0,0.00649545318277206,0.00229839112621165,0,0.000399720195862896,0,0.0514639752173479,0,0,0.0045967822524233,9.9930048965724e-05,0,0,0,0.00689517337863496,0,0,0.000399720195862896,0.0253822324372939,0,0,0,0,0,0,0,0.0122913960227841,0,0,0,0,0,0,0,0,0,0,0,0.000199860097931448,0,0.0326771260117917,0,0,0,0.000199860097931448,0,0,0.00149895073448586,0,9.9930048965724e-05,0.0381732787049066,0,0,0.002897971420006,0,0,0,0,0,0,0.0150894373938243,0,0.002897971420006,0.0120915359248526,0,0,0.00049965024482862,0.00769461377036075,0,0,0.0142899970020985,0,0,0,0,0,0,0,0,0.00819426401518937,0,0,9.9930048965724e-05,0,0,0,0,0.0299790146897172,0.000299790146897172,0.00169881083241731,0.00489657239932048,0,0,0.000699510342760068,0,0,0,0,0.0263815329269511,0,0,0,0,0,0,0.000699510342760068,0,0,0,0,0,0.00169881083241731,0.00509643249725192,0,0,0,0,0.100829419406416,0.00329769161586889,0,0.000399720195862896,0.000299790146897172,0,0,0.000199860097931448,0,0,0.00329769161586889,0.0101928649945038,0,0,0.00229839112621165,0.00359748176276606,0,0,0.00049965024482862,0,0.00149895073448586,0,0,0,0,0.00099930048965724,0,0.0690516638353153,0,0.000399720195862896,0,0,0,0,0.000199860097931448,0.00129909063655441,0,0,0.00049965024482862,0,0,0.0192864994503847,0.0261816728290197,0.00219846107724593,0.031877685620066,0.00139902068552014,0,0.00049965024482862,0.000199860097931448,0,0,0,0,0,0,0.00669531328070351,0.000199860097931448,0.000399720195862896,0.00219846107724593,0,0,0,0,0,0.0254821624862596,0,0,0,0,0.00389727190966324,0.000899370440691516,0,0,0.00229839112621165,0,0,0,0,0,0.00199860097931448,0,0,0.0049965024482862,0,0,0.00359748176276606,9.9930048965724e-05,0,0,0.00129909063655441,0,0,0,0,0,0,0,0.0190866393524533,0,0,0,0.000299790146897172,0,9.9930048965724e-05,0,0,0,0,0,0.00299790146897172,0,0,0.000399720195862896,0,0,0.000599580293794344,0.00579594284001199,0,0.00479664235035475,0.000899370440691516,0.00629559308484061,0,0,0,0.00109923053862296,0,0,0.000199860097931448,9.9930048965724e-05,0,0,0,0.00199860097931448,9.9930048965724e-05,0.000899370440691516,0,0.00279804137104027,0,0,0,0.000399720195862896,0,9.9930048965724e-05,0.238533026881183,0,0,0.00779454381932647,0,0,9.9930048965724e-05,0,9.9930048965724e-05,0.00139902068552014,0,0,0.0113920255820925,0,0,0.0303787348855801,0,0.00109923053862296,0,0,0.00439692215449186,0
0,0,0,0,0,9.99200639488409e-05,9.99200639488409e-05,0,0,0,0,0,9.99200639488409e-05,0,0,0,0,0,0,0,0,0,0.000899280575539568,0.000299760191846523,0.00299760191846523,0.476318944844125,0,0,0.00249800159872102,0,0,0,0,0,0,0,0,0,0,0,9.99200639488409e-05,0,0,0,0,0.00559552358113509,0,0,0,0.000299760191846523,0,0,0,0,0,0,0,0.000399680255795364,0,0,0.00109912070343725,0.00759392486011191,9.99200639488409e-05,0,0,0,0.0358713029576339,0,0,0.00469624300559552,0,0,0,0,0,0.00759392486011191,0,0,0,0,0,0,0,0,0.0228816946442846,0.000599520383693046,0,9.99200639488409e-05,0,0,0,0.000499600319744205,0,0,0,0,0.0038968824940048,0,0,0,0,0.00869304556354916,0.00189848121502798,0,0,0,0,0.00999200639488409,0.0242805755395683,0,0,0,0.00189848121502798,0.0871302957633893,0,0.00489608313349321,0,0,0,0,0,0,0,0,0,0,0,0,0,0,0.00499600319744205,0.00239808153477218,0,0,0,0,0,0,0,0,9.99200639488409e-05,0,0,0,0,0,0,0.0038968824940048,0,0,0,0.00629496402877698,9.99200639488409e-05,0,0,0,0,0,0,0.00129896083133493,0,0,0.0111910471622702,0,0,0,0,9.99200639488409e-05,0,0,0,0,9.99200639488409e-05,0,0,0,0,0.00779376498800959,0,0.00199840127897682,0.0294764188649081,0,0,0.0107913669064748,0,0,0,0,0,0,0,0.0176858513189448,0,0,0,0,0,0,0,0,0,0,0,0,0,0.00149880095923261,0,0,0,0,0,0,0,0,0,0,0,0,0,0,0,0,0,0,0.00139888089528377,0,0,0,0,0.0016986410871303,0,0,0,0.0230815347721823,0,0,0,0,0,0.00199840127897682,0,0,0,0,0,0,0,0,0,0,0.0124900079936051,0,0,0,0,0,0.000399680255795364,0,0,0,0,0,0,0,0,9.99200639488409e-05,0,0,0,0.0124900079936051,0.000599520383693046,0,0.00109912070343725,0,0,0,0,0,0,0.0848321342925659,0,0,0.0430655475619504,0,0,0,0,0,0,0,0,0,0,0,0,0,0,0,0,0.00359712230215827,0
0,0,0,9.99600159936026e-05,0,0,0,0,0,0,0,0,0,0,0.00829668132746901,0,9.99600159936026e-05,0,0,0,0,0.00209916033586565,0,0,0,0.217313074770092,0,0,0.00129948020791683,0.00709716113554578,0,0,0,0.00609756097560976,0,0,0.00219912035185926,0.000599760095961615,0,0,0,0,0,0,0,0.0304878048780488,0,0,0,0,0,0,0,0,0,0.000199920031987205,0,0,0,0.00289884046381447,9.99600159936026e-05,0,0,0.0162934826069572,0,0,0.00969612155137945,9.99600159936026e-05,0,0,0,0,0,0,0.000599760095961615,0,0,0,0,0.00079968012794882,0,0,0.0444822071171531,0,0,0.000199920031987205,0,0,0,0.00509796081567373,0,0.000499800079968013,0.00189924030387845,0,0,0,0,0,0.00459816073570572,0,0.00419832067173131,0,0,0,0,0,0,0.0400839664134346,0.00989604158336665,0,0,0,0,0.0143942423030788,0,0,0,0,0.0122950819672131,9.99600159936026e-05,0,0,0,0.000199920031987205,0.0197920831667333,0.0128948420631747,0,0,0,0,0.00899640143942423,0.00139944022391044,0,9.99600159936026e-05,0,0,0.0227908836465414,0.0039984006397441,0,0.000599760095961615,0.00339864054378249,0,0.00569772091163535,0.000199920031987205,0,0,0.000199920031987205,0.00239904038384646,0.00129948020791683,0,0.000499800079968013,0.0128948420631747,0,0,0,0,0,0,0.000599760095961615,0.00149940023990404,0,0,0.0102958816473411,0,0,0.00109956017592963,0.00249900039984006,0,0,0,0.000199920031987205,0,9.99600159936026e-05,0,0,0,0,0,0.000699720111955218,0,0.0175929628148741,0,0,0,0.000699720111955218,0,0,0,0,0,0,0.00219912035185926,0.000199920031987205,0,0.00529788084766094,0,0.00269892043182727,0.000499800079968013,9.99600159936026e-05,0,0,0,0,0,0,9.99600159936026e-05,0,0,0,0,0,0,0,0,0.00039984006397441,0,0,0,9.99600159936026e-05,0,0.0079968012794882,0.00869652139144342,0,0,0,0,0,0.0571771291483407,0,0.000499800079968013,0.0125949620151939,0,0,0.00369852059176329,0,0,0,0,0,0,0,0,0,0,0,0,0,0,0,0,0,0.000299880047980808,0,0,0,0.00039984006397441,0.00039984006397441,0,0,0,0.000199920031987205,0,0,0.000499800079968013,0,0,0,0,0,0.0682726909236305,0.00239904038384646,0,0.0242902838864454,0,0,0,0,0,9.99600159936026e-05,0.182127149140344,0,0,0.0342862854858057,0,0,0,0,0,0.000199920031987205,0.00629748100759696,0,0,0,0,0,0,0.000499800079968013,0,0,0.000699720111955218,0
0,0,0,9.99600159936026e-05,0,0,0,0,0,0,0,0,0,0.0506797281087565,0.00419832067173131,0,9.99600159936026e-05,0,0,0,0,0.00219912035185926,0,0.000599760095961615,0,0.0179928028788485,0,0,0.000699720111955218,0.00599760095961615,0,0,0,0.0451819272291084,0,0,0,0,0,0,0,0,0,0,0,0.0433826469412235,0,0,0,0,0.000299880047980808,0,0,0,0,9.99600159936026e-05,0,0,0,0.0037984806077569,0,0.0105957616953219,9.99600159936026e-05,9.99600159936026e-05,0,0,0.00129948020791683,0,0,0,0.0128948420631747,0,0,0.00139944022391044,0,0,0,0,0,0.0100959616153539,0,0.00509796081567373,9.99600159936026e-05,0,0,0.000299880047980808,0,0,0,0.0323870451819272,0,9.99600159936026e-05,0.00179928028788485,0,0,0,0,0,0,0,0,0,0,0,0,0,0,0.053078768492603,0,0,0,0,0.000299880047980808,0.00119952019192323,0,0,0,0,0.0295881647341064,0,0,0,0,0,0,0,0,0,0,0,0,0,0,9.99600159936026e-05,0,0,0.00269892043182727,0,0,0,0.000699720111955218,0,0,0,0,0,0.000299880047980808,0,0,0.00189924030387845,0.000899640143942423,0,0,0,0,0,0,0,0,0.0296881247501,0,0,0,0,0,0,0,0,0.000199920031987205,0,0.00299880047980808,0,0,0,0,0,0,0,0.0167932826869252,0,0,0,0,0,0,0,0,0,0,0,0.00039984006397441,0,0,0.00079968012794882,0,0,0,0,0,0,0,0,0,0.000199920031987205,0,0.00619752099160336,0,0,0,0.000199920031987205,9.99600159936026e-05,0,0.00189924030387845,0,0,0,0.00989604158336665,0.00409836065573771,0,0,0,0.000999600159936026,0,0,0,0,0,0,0.015593762495002,0,0.0195921631347461,0,0,0.0444822071171531,0,0,0.00239904038384646,0,9.99600159936026e-05,9.99600159936026e-05,0,0,0,0,0.000199920031987205,0.00109956017592963,0,0,0,0,0,0,0,0,0,0.00109956017592963,0.00819672131147541,0,0,0,0,0,0,0,0,0,0,0,0,0.00319872051179528,0,0,0.014594162335066,0,0.000299880047980808,0,0,0.00039984006397441,0,0.374950019992003,0,0,0.0673730507796881,0,0,0,0,0,0.000299880047980808,0.0172930827668932,0,0,0,0,0,0.0038984406237505,0.000199920031987205,0,0,0.007796881247501,0
0,0,0,6e-04,0,3e-04,0,0.0103,0,8e-04,0,0,1e-04,0,5e-04,0,9e-04,0,0,0,0.0028,0.0072,5e-04,3e-04,0,0.0288,0,0,0.0026,0.0089,0.0496,0,0,0.0026,0,0,0.0368,0.0022,7e-04,0,0,0,0,0,0,0.0235,0,0,6e-04,3e-04,0,0,0,3e-04,0,0,0,0.0012,0,0.0285,0.001,0,0,0,0,0,0.0122,0,0,0.0067,0.0029,0,0,0,0,0,0,0,0,0.0176,0.003,0,0.0138,0,0,0,7e-04,0,0,0.0017,0,1e-04,2e-04,0,0,0,0,0,0,0,0,0,0,0,0,0,0,0.094,0.0076,0.0156,9e-04,0,2e-04,0.0012,0,0.0276,0,0,0.0155,0,0,0,0,1e-04,0.001,0,0,0,0,0,0,0.0112,0,0,0,0,0.0501,0,0,0,9e-04,0,0,2e-04,0,0,0.0023,0,0,0.002,0,0.0104,0,0,0,0,0,0,0,0.0049,0,0,0,0.0426,0,0,0.0014,0,0,0,0,0,0,0,0,0,0,0.0172,0.0331,0.0029,0,0.0014,0,0.0014,0.0085,0,0,0,0,0.0042,0,0.0014,3e-04,0,0,0,0,0,0,1e-04,0,0,0,0,0,0.0021,0,0,1e-04,0,0,0,0,0,2e-04,0,0.0355,0,0.0026,0,0.0038,0,0,0,0.0031,0,0,0,0.0027,0,0.0113,0,0,0.0126,0,0,0,0,0,0,0,0,0,0,8e-04,0,0,0,0,0,0,0,0.0018,0,0.0095,3e-04,1e-04,0,0,0,0.0026,0,0,8e-04,0,0,0,0,0,2e-04,0,0,0.0049,0,1e-04,0,0,0,0.0052,0.214,0,0,0.0077,1e-04,0,0,0,0,0,0,0,0,0,0,0.039,0,3e-04,0,0,0.0076,0
0,0,0,0,0,0,0,0,0,0,0,0,0,0,0,0,0,0,0,0,0,0,9.99900009999e-05,0,0,0.724127587241276,0,0,0.0004999500049995,0,0,0,0,0,0,0,0,0,0,0,0,0,0,0,0,0,0,0,0,0,0,0.0091990800919908,0,0,0,0,0,0,0,0,0,0,0,0,0,0,0,0,0,0,0,0,0,0,0,0.0034996500349965,0,0,0.0211978802119788,0,0,0,0,0,0,0,0,0,0,0,0,0.0014998500149985,0.0003999600039996,0,0,0,0.0053994600539946,9.99900009999e-05,0,0.0005999400059994,0,0.0051994800519948,0,0,0,0,0,0,0,0.003999600039996,0,0,0,0,0,0.0017998200179982,0,0,0.0653934606539346,0,0,0,0.0002999700029997,0.0001999800019998,0,0,0,0,0,0,0,0,0,0,0,0,0,0.0006999300069993,0,0,0.0002999700029997,0,0.0001999800019998,0,0,0,0,0,0,0,0,0,0,0,0,0,0,0,0,0.0131986801319868,0,0,0,0,0,0,0,0,0,0,0.0011998800119988,0,0,0,0,0.0005999400059994,0,0,0,0,0,0,0,0,0,0,0,0,0,9.99900009999e-05,0,0,0,0.0005999400059994,0,0,0,0,0,0.0004999500049995,0,0,0,0,0,0,0,0,0,9.99900009999e-05,0,0,0,0,0,0,0,0,0,0,0,0,0,0,0,0,0,0,0,0,0,0,0,0,0,0,0,0,0,9.99900009999e-05,0,0,0,0,0.0066993300669933,0,0,0,0,0,0,0,0,0,0,0,0.0002999700029997,0,0,0,0,0,0,0,0,0,0,0,0,0.0221977802219778,0,0,0.103689631036896,0,0,0,0,0,0,0,0,0,0,0.0001999800019998,0,0,0,0,0,0,0,0,0,0,0,0,0.0057994200579942,0,0,0,0
0,0,0,0.001000100010001,0,0,0,0,0,0,0,0,0,0,0.0001000100010001,0,0,0,0,0,0.0272027202720272,0.002000200020002,0,0,0.0007000700070007,0.182418241824182,0,0,0.0006000600060006,0,0.0002000200020002,0,0,0,0,0,0.0004000400040004,0,0,0,0,0,0.0022002200220022,0.0283028302830283,0,0.0171017101710171,0,0,0,0,0,0,0,0,0,0,0,0.002000200020002,0,0,0,0.009000900090009,0,0,0,0,0.0033003300330033,0.0001000100010001,0,0,0,0,0,0,0,0,0,0,0,0.0047004700470047,0,0,0,0,0.0666066606660666,0,0,0,0.0012001200120012,0.0051005100510051,0,0,0.016001600160016,0,0,0.0001000100010001,0.0029002900290029,0,0,0,0,0.0001000100010001,0,0,0,0,0,0.0013001300130013,0.0225022502250225,0.0055005500550055,0,0,0,0.0082008200820082,0,0.0155015501550155,0,0,0,0,0,0,0.0281028102810281,0.0002000200020002,0.0008000800080008,0.0055005500550055,0,0,0,0,0.0034003400340034,0.0732073207320732,0,0,0,0,0.0242024202420242,0,0,0,0,0,0,0,0,0,0,0,0,0.0001000100010001,0,0,0,0,0,0,0,0,0.0005000500050005,0,0,0,0,0,0,0.0005000500050005,0,0,0,0.0003000300030003,0,0.017001700170017,0.0006000600060006,0,0,0,0,0,0.0005000500050005,0,0.0522052205220522,0,0,0.0009000900090009,0,0,0,0,0,0,0,0.0026002600260026,0.0002000200020002,0,0,0,0,0,0,0,0,0,0,0.0013001300130013,0,0,0,0,0.0001000100010001,0,0,0,0,0,0,0,0.0066006600660066,0,0,0,0,0,0,0,0.0017001700170017,0,0,0,0.0088008800880088,0,0.0204020402040204,0,0,0.0218021802180218,0,0,0,0,0,0,0,0,0,0,0,0,0,0,0,0,0.0374037403740374,0,0,0,0,0,0,0,0,0,0.0012001200120012,0,0,0,0,0,0,0,0,0.0001000100010001,0,0,0.0114011401140114,0,0,0,0,0,0,0.214721472147215,0,0,0.0007000700070007,0,0,0,0,0,0.0021002100210021,0,0,0,0,0,0.0145014501450145,0,0,0,0,0.02000200020002,0
0,0,9.99100809271655e-05,0,0,9.99100809271655e-05,9.99100809271655e-05,0.00179838145668898,0,0,9.99100809271655e-05,0,0,0,0.00089919072834449,0,0.000199820161854331,0,0,0,0.000399640323708662,0.00269757218503347,0,0.000199820161854331,0,0.121091018083725,0,0,0.000399640323708662,0.00149865121390748,0.0155859726246378,0,0,0,0,0,0.00119892097112599,0.00589469477470277,0.000199820161854331,0,0,0,0,0,0,0,0,9.99100809271655e-05,0,0,0,0,9.99100809271655e-05,0.000199820161854331,0.00439604356079528,9.99100809271655e-05,0,0,0,0.0432610650414627,0.000599460485562993,0,9.99100809271655e-05,0.000199820161854331,0,0,0.0028973923468878,0,0,0,0.000499550404635828,0,0,0,0,0,0,0,0,0,0,0,0.000299730242781497,0,0.00219802178039764,9.99100809271655e-05,9.99100809271655e-05,0,0,0.000799280647417324,0,0.000499550404635828,0,0,0,0.000199820161854331,0,0,0,0,0,0,0.000199820161854331,0,0,9.99100809271655e-05,0.00999100809271656,0.178839044859626,0,0,0,0,0,0.000199820161854331,0.000699370566490159,0.0025976621041063,0,9.99100809271655e-05,0,0,0,0,0,9.99100809271655e-05,0,0,0,0,0,0,0.01268858027775,0.00419622339894095,0,9.99100809271655e-05,0,0,0.00149865121390748,0.00829253671695474,9.99100809271655e-05,0,0.00189829153761615,0,0,0.000199820161854331,0,0,0.000399640323708662,0.0155859726246378,0.000399640323708662,9.99100809271655e-05,0.000599460485562993,0.0140873214107303,0,0.000499550404635828,9.99100809271655e-05,0,0.00279748226596064,0,0,0.00109901089019882,0,0,0,0.397742032171046,9.99100809271655e-05,0,0.00429613347986812,0,0,0,0.000399640323708662,0,0,0,0.00919172744529923,0,0.000299730242781497,0.00149865121390748,0.00249775202317914,0.00169847137576181,0.00669397542212009,0,0.000699370566490159,0,0.00179838145668898,0,0,0,0,0,0,0,9.99100809271655e-05,0,0.000399640323708662,0,0.00679388550304726,9.99100809271655e-05,0,0.0054950544509941,0,0,0,0,0,0.00089919072834449,9.99100809271655e-05,0,0,0.00179838145668898,0,0,0,0,0.000299730242781497,0,0.00379658307523229,0.00109901089019882,0,0,9.99100809271655e-05,0.00109901089019882,0.00179838145668898,0,0.00169847137576181,0,0.00399640323708662,0,0.000699370566490159,0.00499550404635828,0.000199820161854331,0,0.000499550404635828,0.00519532420821261,0,0,9.99100809271655e-05,0,0,9.99100809271655e-05,0,0,0,0,0.00179838145668898,0,0,0,0,0.00219802178039764,0,9.99100809271655e-05,0.00139874113298032,0,9.99100809271655e-05,9.99100809271655e-05,0,0,0.000699370566490159,0,9.99100809271655e-05,0,0,0.000399640323708662,0,0,0,0,0,0.0173843540813268,0.00119892097112599,0.000799280647417324,0.0054950544509941,0,9.99100809271655e-05,0,0,0,0.000699370566490159,0.0122889399540414,0,0,0.00879208712159057,0,0,0,0,0,0.00479568388450395,0,0,0,9.99100809271655e-05,0,0,0,0.000299730242781497,0,0,0.00629433509841143,0
0,0,9.99600159936026e-05,0.000299880047980808,0,0,9.99600159936026e-05,0.0114954018392643,9.99600159936026e-05,0.000899640143942423,0,0,0,0,9.99600159936026e-05,0,9.99600159936026e-05,0,0,0.00739704118352659,0,0.00209916033586565,0.00309876049580168,0.000299880047980808,0,0.107856857257097,0,0,0.00129948020791683,0.000499800079968013,0.00829668132746901,0,0,0.00209916033586565,0,0,0.0251899240303878,0.00619752099160336,0.000299880047980808,0,9.99600159936026e-05,0,0,0,0,0,0,0,0,0,0,0,0,0,0,0,0,0,0,0.000699720111955218,0.000499800079968013,0.00119952019192323,9.99600159936026e-05,0,0,0,0.00659736105557777,0,0.00219912035185926,0,0.00429828068772491,0,0,0,0,0,0,0,0,0.00979608156737305,0.00039984006397441,9.99600159936026e-05,0.0268892443022791,0,0,9.99600159936026e-05,0,9.99600159936026e-05,0.000699720111955218,0.00299880047980808,0.0363854458216713,0.00119952019192323,0.00289884046381447,0.0037984806077569,0,0.00119952019192323,0,0,0.00539784086365454,0,0,0,0,0,0,0.00039984006397441,0.0168932427029188,0.0517792882846861,0,0.0175929628148741,0.00039984006397441,0,0,0,0,0.0113954418232707,0,0.00219912035185926,0,0,0,0,0,0,0.00209916033586565,0,0,0,0,0.00039984006397441,0.00249900039984006,0.00569772091163535,0,0.000599760095961615,0,0.000599760095961615,0.00659736105557777,0.00339864054378249,0,0,0,0,0,0.000599760095961615,0,0,0,0.0137944822071172,0,0.00039984006397441,0.00179928028788485,0.00409836065573771,0,0,0,0,0,0,0,0,0,0,0.014594162335066,0.0310875649740104,0,0,0.00469812075169932,0,0,0,0,0.000999600159936026,9.99600159936026e-05,0,0,0,0,0.00249900039984006,0,0,0.0076969212315074,0,0,0,0.00109956017592963,0,0,0,0,0,0,0.0101959216313475,9.99600159936026e-05,0,0.014094362255098,0,0,9.99600159936026e-05,0,0,0,0,0,0,9.99600159936026e-05,0.000999600159936026,0,0,9.99600159936026e-05,9.99600159936026e-05,0,0,0,0,0.00339864054378249,0,0,0.00169932027189124,0.0172930827668932,0,0.00359856057576969,0.00149940023990404,0.00129948020791683,0.000199920031987205,0.00429828068772491,0,0,0,0.0131947221111555,0,0.0262894842063175,0.00259896041583367,0.000299880047980808,0.0112954818072771,0,0,0.000499800079968013,0,0,9.99600159936026e-05,0,0,0,0,0,0,0,0,0,0,0.00269892043182727,0,0.00149940023990404,0,0.00129948020791683,9.99600159936026e-05,0,0.000299880047980808,0,0,9.99600159936026e-05,0,0.00039984006397441,0,0.000599760095961615,0,0,0.0171931227508996,0.000299880047980808,0.000299880047980808,0,0,0.00279888044782087,0,0.000999600159936026,0,0,9.99600159936026e-05,9.99600159936026e-05,0.335765693722511,0.000299880047980808,0,0.0258896441423431,0,0,0,0,0.000299880047980808,0,0,0,0,0,0,0.00249900039984006,0,9.99600159936026e-05,0,0,0.00149940023990404,0
0,0,0,0,0,0,9.99600159936026e-05,0.000999600159936026,0,0,0,0,0,0,0,0,0.000599760095961615,0,0,0,0.00339864054378249,0.00079968012794882,0,0.000199920031987205,0,0.0476809276289484,9.99600159936026e-05,0,0.000499800079968013,0.000299880047980808,0.0295881647341064,0,0,0.00999600159936026,0,0,9.99600159936026e-05,0.00409836065573771,0,0,0,0,0,0.0038984406237505,0,0.00489804078368653,0,0,0,0,0,0,0,0,0.0101959216313475,0,0,0,0,0,9.99600159936026e-05,0.00239904038384646,0.000199920031987205,0,0,0,0.0137944822071172,0,0,0,0,0,0,0.000699720111955218,0,0,0,0,0,0.0132946821271491,0,0,0.016593362654938,0,0,0,0.000199920031987205,0,0,0,0,0.00519792083166733,0.00039984006397441,0,0,0,0,0,0,0,0,0.000199920031987205,0,0,0,0,0,0.00369852059176329,0,0,0,0,0,0.00649740103958417,0,0,0,0,0.00209916033586565,0.00329868052778888,0,0,0,9.99600159936026e-05,0.00229908036785286,0,0,0,0,0,0.00319872051179528,0.00209916033586565,0,0,0,0,0.00339864054378249,0,0,0,0,0,0,0,0,0,0,0,0,0,0.000199920031987205,0,0,0,0.000199920031987205,0,9.99600159936026e-05,0,0,0,0,0,0,0.0216913234706118,0,0,0,0,0,0,0.000699720111955218,0,0,0,9.99600159936026e-05,0,0,0,0,9.99600159936026e-05,0,0,0,0,0,0,0.000499800079968013,0,0,0,0,0.00449820071971212,9.99600159936026e-05,0,0,0,0,0,0,0,0,0,0,0,0.00699720111955218,0.000599760095961615,0,0,0,0.000299880047980808,0,0,0,0.000599760095961615,9.99600159936026e-05,0,0.0166933226709316,0,9.99600159936026e-05,0,0,0,0,0,0,0,0,0,0,0,0.00949620151939224,0,0,0.00639744102359056,0,0,0,0,0,0,0,0,0,0,0,0,0.000499800079968013,0,0,0,0,0.000199920031987205,0,0,9.99600159936026e-05,9.99600159936026e-05,9.99600159936026e-05,0,9.99600159936026e-05,0.000199920031987205,0,0,0,0.000299880047980808,0,0,0,0,0,0.556377449020392,0,0.00449820071971212,0,0,0,0,0,0,0.000599760095961615,0.145441823270692,0,0,0.0154938024790084,0,0,0,0,0,0,0.00749700119952019,0,0,0,0,9.99600159936026e-05,0,0.000899640143942423,0,0,0.00079968012794882,0
0,0,0,0.00169881083241731,0,0,0.00139902068552014,0,0,0,0,0,0.000299790146897172,0.000199860097931448,0.00639552313380634,0,0.00199860097931448,0,0,0,0,0.000699510342760068,0.00409713200759468,9.9930048965724e-05,0,0.0302788048366144,0,0,0.00609573298690916,0,0.0426701309083641,0,0,0.0099930048965724,0,0,0.000299790146897172,0.0101928649945038,0,0,9.9930048965724e-05,0,0,0,0,0.000399720195862896,0,0,0,0.00429699210552613,0,0,0,0,0,0,0,0,0,0.0142899970020985,0,0.00149895073448586,9.9930048965724e-05,0,0,0,0.000399720195862896,0,0,0,0.0024982512241431,0,0,0,0,0,0,0,0,0,0,0,0,0,0.00299790146897172,9.9930048965724e-05,0.00419706205656041,9.9930048965724e-05,0.000299790146897172,0.00179874088138303,0,0.00949335465174378,0.00239832117517738,0,0,0.000699510342760068,0,0,0,0,0,0,0,0,0,0,0,0.108124312980913,0.0234835615069451,0,0,0,0.00119916058758869,0,0,0.013390626561407,0,0.000199860097931448,0.00659538323173778,0,0.000799440391725792,0,0.00169881083241731,0,0,0,0.0121914659738183,0,0,0,0,0,0,0.000399720195862896,0,0,0.0103927250924353,0.011591885680024,0,0,0.0759468372139502,0,0,0,0,0,0.00259818127310882,0,0,0,0,0,0.000199860097931448,0,0,0,0,0,0,0.0103927250924353,0,0,0,9.9930048965724e-05,0,0,0,0,0,0,0,0.00169881083241731,9.9930048965724e-05,0,0,0,0,0.00179874088138303,0.00359748176276606,0,0,0.00589587288897772,0,0.00259818127310882,0.00109923053862296,0,0,0,0,0,0,9.9930048965724e-05,0.00119916058758869,0,0,0,0.00219846107724593,0,9.9930048965724e-05,0,0,0,0,0,0,0.00219846107724593,0,0.00129909063655441,0.000199860097931448,0.00049965024482862,0,0,0,0,0,0,0,0,0.0148895772958929,0,0.00099930048965724,0,0,0,0.0045967822524233,0,0,0.000199860097931448,0,0.00049965024482862,0,0,0,0.0150894373938243,0,0,0,0,0,0.00239832117517738,0,9.9930048965724e-05,0,0,0.00139902068552014,0,0,0,0,0,0,0,0,0,0,0,9.9930048965724e-05,0,0.000199860097931448,0,0.000299790146897172,0,0,0.000199860097931448,9.9930048965724e-05,0,0,0,0,0.458479064654742,0,0,0.0101928649945038,9.9930048965724e-05,9.9930048965724e-05,0,0,9.9930048965724e-05,0,0.00199860097931448,0,0,0.00829419406415509,0,0,0.00259818127310882,0,0,0.0074947536724293,0,0,0,0,0,0.00299790146897172,0,0.00049965024482862,0,0,9.9930048965724e-05,0
0,0.000199840127897682,0,0,0,0,0,9.99200639488409e-05,0,0,0,9.99200639488409e-05,0,0,0.00239808153477218,0,9.99200639488409e-05,0,0,0,0.00159872102318145,0.000799360511590727,0,0,0,0.0299760191846523,9.99200639488409e-05,0,0,0.000699440447641887,0.000499600319744205,0,0,0.00289768185451639,0,0,0.000899280575539568,0.00189848121502798,0,0,0,0,0,0.00309752198241407,0,0,0,0.000299760191846523,0,0,0.000199840127897682,0,0,0,0.000199840127897682,9.99200639488409e-05,0,9.99200639488409e-05,0,0.00239808153477218,0.000799360511590727,0,0,0,9.99200639488409e-05,9.99200639488409e-05,0,0,0,0.00269784172661871,0.000299760191846523,0,9.99200639488409e-05,0.000199840127897682,0,0,0,0.000499600319744205,0,0.0324740207833733,0,0.000599520383693046,0.0155875299760192,0,0.000199840127897682,0.000199840127897682,0,0,0,0.00259792166266986,0,0.000399680255795364,0,0,0,0,0,0,0.00209832134292566,0,0,0,9.99200639488409e-05,0,0.000199840127897682,0,0,0.341227018385292,0,0.004396482813749,0,0,0.00119904076738609,0.00239808153477218,0,0,0,0,0.00959232613908873,0,0,0,0,9.99200639488409e-05,0,0,0.104516386890488,0,0,0,0.000599520383693046,0.00999200639488409,0,0,0,0,0,0,0,0,0.0459632294164668,0,0,0,0,0,0.00189848121502798,9.99200639488409e-05,9.99200639488409e-05,0,0,0.000299760191846523,9.99200639488409e-05,0.00109912070343725,0,0,0,0,0,0.00319744204636291,0,0,0,0.0145883293365308,0,0,0,0,9.99200639488409e-05,0,0.000199840127897682,0,0.0108912869704237,0,0,0,0.000299760191846523,9.99200639488409e-05,0,0.000299760191846523,0.00359712230215827,0,0,0.000199840127897682,0.00209832134292566,0,0,0,0,0,0,0.00279776179056755,0,0,0,0,0,0.000199840127897682,9.99200639488409e-05,0,0,0,0,0.0778377298161471,0,0.00259792166266986,9.99200639488409e-05,0,0,0,0,0,0,0.000299760191846523,9.99200639488409e-05,9.99200639488409e-05,0.00909272581934452,0.000299760191846523,0.0412669864108713,9.99200639488409e-05,0.00139888089528377,0,0,9.99200639488409e-05,0,0,9.99200639488409e-05,0,0.000199840127897682,0,0.00729416466826539,9.99200639488409e-05,0,0.0744404476418865,0,0,0.000199840127897682,0,0,0.00729416466826539,0,0,0,0,0.00689448441247002,0.0016986410871303,0,0,0,0.000199840127897682,0,9.99200639488409e-05,0.0016986410871303,0,0.00319744204636291,0.00119904076738609,0.00399680255795364,9.99200639488409e-05,9.99200639488409e-05,9.99200639488409e-05,0.000399680255795364,0,0.000299760191846523,0.000499600319744205,0.00579536370903277,9.99200639488409e-05,9.99200639488409e-05,0,0.000499600319744205,0.0267785771382894,0,0.00239808153477218,0.00419664268585132,0,0,0,0,0.000199840127897682,0,0.0208832933653078,0,0,0.00529576338928857,0,0,0,0.00329736211031175,0,0.00209832134292566,0.00239808153477218,0.0038968824940048,0,0,0,0.000999200639488409,0.000299760191846523,0,0,0,0.00719424460431655,0
0,0.00019974033756117,0,0.00189753320683112,0,0,0,0,0,0,0.000299610506341756,0,0,0,0.00519324877659043,0,0.000798961350244682,0,0,9.98701687805852e-05,0,0.000399480675122341,0,0,0.00019974033756117,0.140117846799161,0,0,0.00629182063317687,0.00699091181464097,0.00699091181464097,0,9.98701687805852e-05,0.00529311894537102,0,0,0.000399480675122341,9.98701687805852e-05,0.000399480675122341,0,0,0,0,0.00169779286926995,0,0.0154798761609907,0,0,0.00019974033756117,0,9.98701687805852e-05,0,0,0.000399480675122341,9.98701687805852e-05,0,0,0.000898831519025267,0,0,0.000299610506341756,0,0,0,0,0,0.00739039248976331,0,0.00019974033756117,0,0,0,0,9.98701687805852e-05,0.133326675322081,0,0,0,0,9.98701687805852e-05,0,0,0.0101867572156197,0,0,0.112753420553281,0,0.00159792270048936,0,9.98701687805852e-05,9.98701687805852e-05,0.00019974033756117,0,0,0,0,0,0,0.000998701687805852,0,0,0,0,0.000299610506341756,0.000599221012683511,0,9.98701687805852e-05,0.147008888445021,0,0.0087885748526915,0,0.00209727354439229,9.98701687805852e-05,9.98701687805852e-05,0,0,0.00119844202536702,0,0,9.98701687805852e-05,0,0,0,0.00309597523219814,0.000798961350244682,0,0.000399480675122341,0,9.98701687805852e-05,9.98701687805852e-05,0.000299610506341756,0.000299610506341756,0,0,0,0.00119844202536702,0.0323579346849096,0,0,0,0.00229701388195346,0,0,0,0,0,9.98701687805852e-05,0.00209727354439229,0.000798961350244682,0,9.98701687805852e-05,0,0.00729052232098272,0,0,0,0,0,0,0.00459402776390692,0,0,0,0,0,0,0.00469389793268751,0,0,0,0,0,0,0,0.000699091181464097,0,0,0.00019974033756117,0,0.0026964945570758,0.00639169080195746,0.00249675421951463,0,0.000599221012683511,0.000399480675122341,0,0,0,0,0.00559272945171277,9.98701687805852e-05,0.000299610506341756,0.00019974033756117,0,9.98701687805852e-05,0,0.000599221012683511,0,0,0.0233696194946569,0,0,0,9.98701687805852e-05,0,0.00109857185658644,0.000798961350244682,0,0,0.004094676920004,0,0,0,0,9.98701687805852e-05,0,0.00239688405073405,0.000299610506341756,0.00019974033756117,0,0,0,0,0,0,0,0,0,9.98701687805852e-05,0.00019974033756117,9.98701687805852e-05,0,0,0.0288624787775891,0,0,0,0,0,0.000898831519025267,0,0,0.00838909417756916,0,0.00848896434634975,0,9.98701687805852e-05,0,0,0,0,9.98701687805852e-05,0.00019974033756117,0,0.000299610506341756,0.00129831219414761,0.004094676920004,0,0,0.000898831519025267,0,0,0,0.000399480675122341,0,0,0,0,0.000299610506341756,0.0770997702986118,0,0,0.0336562468790572,0,0,0,0,0,9.98701687805852e-05,0.0957754918605812,9.98701687805852e-05,0,0.000499350843902926,0,0,0,0,0.00019974033756117,9.98701687805852e-05,9.98701687805852e-05,0,0,0.00019974033756117,0,0.000599221012683511,0,0,0,0,0.000998701687805852,0
9.99800039992002e-05,0,0,0.00389922015596881,0,0,0,0.0001999600079984,0,0.000999800039992002,0,0,0,0,0.00709858028394321,0,0.00569886022795441,0,0,0.0002999400119976,0,0.00519896020795841,0.000899820035992801,0,0.000599880023995201,0.134273145370926,0,0,0.00709858028394321,0.00899820035992801,0,0,0,0.0030993801239752,0,0,0.0023995200959808,0.0261947610477904,9.99800039992002e-05,0,0,0,0,0,0,0.00529894021195761,0,0,0.0001999600079984,0,0,0,9.99800039992002e-05,0.0001999600079984,0.0027994401119776,0,0,0,0,0.00679864027194561,0.000499900019996001,0,0,0,0,0,0,0,0,9.99800039992002e-05,0.000799840031993601,0,9.99800039992002e-05,0,0,0,0,9.99800039992002e-05,0,0.000899820035992801,0.0023995200959808,0,0.0002999400119976,0,0,0.0001999600079984,0,0,0.0001999600079984,0.0015996800639872,0,0.0010997800439912,0.00479904019196161,0,0,0.000499900019996001,0,0,0,0.0020995800839832,0,0,0.0013997200559888,0,0,0,0.00729854029194161,0.164567086582683,0,0.00589882023595281,0,0,0.000799840031993601,0.00439912017596481,0,0.0277944411117776,0.0001999600079984,0,0.0166966606678664,0,0.000499900019996001,0,0,0,0.014497100579884,0,0,0,0,0,0.001499700059988,0.000699860027994401,0,0,0,0,0.016496700659868,0.0021995600879824,0,0,0.000699860027994401,0,0,0.000599880023995201,0,0.000399920015996801,0.0012997400519896,0.00369926014797041,0,9.99800039992002e-05,0.0030993801239752,0,0,0,0,0,0,0,0,0,0,0,0,0,0,0,0.00509898020395921,0,0.0001999600079984,0.0002999400119976,0.0001999600079984,0,0,0,0,0,0.0002999400119976,0.00359928014397121,0,0,0.00809838032393521,0,0,0.011997600479904,0,0,0,0,0,0,0,0,0.000699860027994401,0,0,0,0.0255948810237952,0.0001999600079984,0,0,0,0,0,9.99800039992002e-05,0,0.0010997800439912,0,0,9.99800039992002e-05,0.000599880023995201,0.00339932013597281,0,0,0.0001999600079984,0,0.0010997800439912,0.000999800039992002,0.002999400119976,9.99800039992002e-05,0,0.0028994201159768,0.00429914017196561,0,0,0.00919816036792642,0,0,0.000899820035992801,0.000599880023995201,0.00339932013597281,0.0102979404119176,0.000399920015996801,0.0002999400119976,0.0213957208558288,0,0,0.001999600079984,0,0,0,0,0,0,0.0217956408718256,0.000899820035992801,0,0,0,0,0,0,0.0001999600079984,0.0001999600079984,0,0.0030993801239752,0.020995800839832,0,0,0.000799840031993601,0.000899820035992801,0.0001999600079984,0,0,0.000699860027994401,0,9.99800039992002e-05,0,0,0,0.00799840031993601,0,0,0.0410917816436713,0.133573285342931,0,0,0,0,0.0021995600879824,0.0187962407518496,0,0.000599880023995201,0.0187962407518496,0,0.0788842231553689,0,0,0,0,0,0,0,0,0,0,0,0.0028994201159768,0,0,0.00949810037992401,0
0,0,0,0,0,0,0,0,0,0,0,0,0,0,0,0,0.000700140028005601,0,0,0,0,0,0,0.00420084016803361,0,0.00570114022804561,0,0,0.02750550110022,0.0002000400080016,0.0016003200640128,0,0,0.00250050010002,0,0,0.0001000200040008,0,0,0,0,0,0,0,0,0,0,0,0,0,0,0,0,0,0.0287057411482296,0,0,0,0.00250050010002,0,0,0,0,0,0,0,0,0,0,0,0,0,0,0,0,0.000500100020004001,0,0,0,0.00650130026005201,0,0,0.0311062212442489,0,0,0.0003000600120024,0.0149029805961192,0,0,0,0,0,0.0028005601120224,0,0,0,0,0,0,0,0,0,0,0,0,0,0,0.0390078015603121,0,0,0,0,0,0.0434086817363473,0,0.0001000200040008,0,0,0.0316063212642528,0,0,0,0,0.0002000400080016,0.001500300060012,0,0,0,0,0,0.00420084016803361,0,0,0,0,0,0.000800160032006401,0,0,0,0.00970194038807762,0,0,0,0,0,0,0,0,0.0003000600120024,0,0,0,0,0,0,0,0,0,0.00630126025205041,0,0,0,0.0374074814962993,0,0,0,0,0,0,0,0,0,0,0,0,0,0,0,0.0001000200040008,0,0,0.000600120024004801,0,0.0001000200040008,0,0,0,0,0,0.000500100020004001,0.00840168033606721,0,0,0,0,0,0,0,0,0,0,0.0302060412082416,0.000900180036007201,0,0.0013002600520104,0.000400080016003201,0,0,0.000800160032006401,0.000700140028005601,0,0,0,0.000700140028005601,0,0.0248049609921984,0,0.0390078015603121,0,0,0,0,0,0,0.000400080016003201,0,0,0,0,0.0287057411482296,0,0,0,0,0,0,0,0,0.0027005401080216,0,0,0,0,0.00830166033206641,0,0,0,0,0,0,0,0,0,0,0.00320064012802561,0,0,0.0002000400080016,0,0,0,0,0.002000400080016,0.0001000200040008,0,0,0,0,0.01750350070014,0,0.000800160032006401,0.0127025405081016,0.0002000400080016,0,0,0,0,0,0.446689337867574,0,0.0289057811562312,0.0211042208441688,0,0,0.00710142028405681,0,0,0,0,0,0,0,0,0,0.000700140028005601,0.00580116023204641,0,0,0,0
0,0,0,0,0,0,0,0.00509847045886234,0,0,0,0,0,0,0,0,0,0,0,0,0.00349895031490553,0,0,0,0,0,0,0,0,9.99700089973008e-05,9.99700089973008e-05,0,0,0.000999700089973008,0,0,0,9.99700089973008e-05,0,0,0,0,0,0.00229931020693792,0,0.0254923522943117,0,0,0,0,9.99700089973008e-05,0,0,0,0,0,9.99700089973008e-05,0,0,0.00349895031490553,0,0.00539838048585424,0.000599820053983805,0,0,0.000199940017994602,0.00459862041387584,0,0,0.00629811056682995,0.014295711286614,0,0,0.00279916025192442,0,0,0,0,0,0.00479856043187044,0,0,0.00329901029691093,0.000199940017994602,0,0,0,9.99700089973008e-05,0.000199940017994602,0.00509847045886234,0,0.000199940017994602,0,0.00439868039588124,0,0,0,0,0.00459862041387584,0,0,0,0,0,0,0,0.000399880035989203,0.0367889633110067,0,0,0,0,0,0.00519844046785964,0,0,0,0,0.00809757072878137,0,0,0,0,9.99700089973008e-05,0,0,0,0,0,0,0.000199940017994602,0.0530840747775667,0,0,0,0,0.00389883035089473,0,0,0,0,0,0,0,0,0,0,0,0,0,0.00299910026991902,0,0,0.000499850044986504,0,0,0,0,0,0.00319904028791363,0,0,0,0.00139958012596221,0,0,9.99700089973008e-05,0,0,0,0,0,0.36998900329901,0,0,0,0,0.00199940017994602,0.000199940017994602,0,0,0,0,0,0.000799760071978406,0,0,0,0,0,0,0.00279916025192442,0,0,0,0,0,0.000599820053983805,0,0,0,0.000199940017994602,0,0,0,0.000799760071978406,0,0,0,0.00379886034189743,0,0,0.00349895031490553,0.000899730080975707,0,9.99700089973008e-05,0.00599820053983805,0.00359892032390283,0,0,0.010296910926722,0.00399880035989203,0,0,0,0.000999700089973008,0.00289913026092172,0,0.00449865040487854,0.00109967009897031,0.0223932820153954,0,0,0.0409877036888933,0,0,0,0,0.000199940017994602,0,0,0,0,0,0,0,0,0,0,0,0,0,0.000799760071978406,0,0.000999700089973008,0.00249925022493252,0,0.00109967009897031,0,0.000699790062981106,0,0,0,0.000499850044986504,0,0,0,0,0.000799760071978406,0.00149955013495951,0,0,0.109667099870039,0,0,0,0,0.00109967009897031,0,0.153154053783865,0,0,0.0147955613316005,0,0,0,0,0,0,0.000599820053983805,0,0,0,0,0.00239928021593522,0.00629811056682995,0,0,0,0.00599820053983805,0
0,0,0,0,0,0,0,0,0,0,0,0,0,0,0,0,0,0,0,0,0,0,0,0.0001999800019998,0,0.0974902509749025,0,0,0.0011998800119988,0,0.0560943905609439,0,0,0,0,0,0,0,0,0,0,0,0,0,0,0.0004999500049995,0,0,0,0,0,0,0,0,0,0,0,0,0,0,0,0,0,0,0,0,0,0,0,0,0,0,0,0,0,0,0,0,0,0,0,0,0.0004999500049995,0,0,0,0,0,0,0,0,0,0,0,0,0,0,0,0,0,0,0,0,0,0,0,0,0.391060893910609,0,0,0,0,0,0.0003999600039996,0,0,0,0,0,0,0,0,0,0,0,0.0048995100489951,0,0,0,0,0,0,0,0,0,0,0,0,0,0,0,0,0,0,0,0,0,0,0,0,0,0,0,0.002999700029997,0,0,0,0,0,0,0,0,0,0,0,0,0,0,0,0,0,0,0.102189781021898,0,0,0,0,0,0,0,0,0,0,0,0,0,0,0,0,0,0,0.0265973402659734,0,0,0,0,0,0,0,0,0,0,0,0,0,0,0,0,0.0003999600039996,0,0,0,0,0,0,0,0,0,0.0635936406359364,0,0,0,0,0,0,0,0,0,0.0005999400059994,0,0,0,0,0,0,0,0,0,0,0,0,0,0,0,0,0,0,0,0,0,0,0,0,0,0,0,0,0,0,0,0,0,0,0,0.0005999400059994,0,0,0,0,0.0804919508049195,0,0,0.0061993800619938,0,0,0,0,0,0,0.157284271572843,0,0,0.0066993300669933,0,0,0,0,0,0,0,0,0,0,0,0,0,0,0,0,0,0
0,0,0,0,0,0,0.00159856129483465,0,0,0,0,0,9.99100809271655e-05,0,9.99100809271655e-05,0,0,0,0,0.000699370566490159,0,0.00349685283245079,0,9.99100809271655e-05,0,0.109801178938955,0,0,9.99100809271655e-05,0.00359676291337796,0.14277150564492,0,0,0.0152862423818563,0,0,0.00299730242781497,0.0251773403936457,0,0,0,0,0,0,0,0.0130882206014587,0,0,0,0,0.00169847137576181,0,0,0,0,0,0,0,0,0.0411629533419922,0,0,0,0,0,0,0.0276750924168249,0,0,0,0.00199820161854331,0,0,0,0,0,9.99100809271655e-05,0,0,0.0503546807872914,0,0,0,0,0.0451593565790788,0,0,0,0,0,0,0,9.99100809271655e-05,0,0,0,0,0,0.00719352582675592,0,0,0.000699370566490159,0,0,9.99100809271655e-05,0,0,0.062144070336697,0,0,0,0.000999100809271655,0,0,0,0,0,0,0.00959136776900789,9.99100809271655e-05,0,0,0,0,0,0,0,0,0,0,0,0.000699370566490159,0.00439604356079528,0,0,0,0.000999100809271655,0,0,0,0.000199820161854331,0,0,0,0,0,0.0028973923468878,0,0,0,0,0,0,0,0,0,0,0,0,0.00239784194225197,0,0,0,0,0,9.99100809271655e-05,0,0,0,0.000299730242781497,0,0,9.99100809271655e-05,9.99100809271655e-05,0,0,0,0.00249775202317914,0,0.000299730242781497,0,0,0,0,0,0,0,0,0,0,0,0.0333699670296733,9.99100809271655e-05,0,0,0,0,0,0,0,0,0,0,0,0,0.00209811169947048,9.99100809271655e-05,0,9.99100809271655e-05,9.99100809271655e-05,9.99100809271655e-05,0,0,0.00149865121390748,0,0,0,0.00529523428913977,0,0,0,0.00239784194225197,0,0,0,0,0,0,0.00759316615046458,0.000399640323708662,0,0,0,0.0332700569487461,0,0,0,0,0,9.99100809271655e-05,0,0,0,0,0,0,0,0,0,0,0,0,0,0,0,0.00109901089019882,9.99100809271655e-05,0,0.00149865121390748,0,0,0,0,0,0,0,0,0.00199820161854331,0,0.0060945149365571,0,0,0.00179838145668898,0,0,0,0,0,0,0.266060545509042,0,0,0.0278749125786792,0,0,0,0,9.99100809271655e-05,0.00169847137576181,0.0128884004396044,0,0,0,0,0.00149865121390748,0,0.00109901089019882,0,0,0.00669397542212009,0
0,0,0,0,0,0,0.00479712172696382,0,0,0,0,0,0,0,9.9940035978413e-05,0,0,0,0,0,0,0,0,9.9940035978413e-05,0,0.0373775734559264,0,0,0.000199880071956826,0,0,0,0,0.00529682190685589,0,0,0.00269838097141715,0,0,0,0.000299820107935239,0,0,0,0,0.00199880071956826,0,0,0,0,9.9940035978413e-05,0,0,0,0,0,0,0,0,0.000299820107935239,0,0.000399760143913652,0,0,0,0,0,0,0,0,0.00139916050369778,0,0,0,0,0.0165900459724166,0,0,0,0.000699580251848891,0.00109934039576254,0.000599640215870478,0,0,0,0,0,0,0,0,0,9.9940035978413e-05,0.0111932840295823,0,0,0,0,0,0,0,0,0.0182890265840496,0,0,0,0,0,0.308914651209274,0.00289826104337398,0.000699580251848891,0,0,0.00569658205076954,0,0,0.0337797321607036,0,0,0,0,0,0,0,0,0.134519288426944,0,0,0,0,0,0,0,0,0,0,0,0.00179892064761143,0,0,0,0,0,0,0,0.0224865080951429,0,0,0,0,0,0.00639616230261843,0.00489706176294223,0,0,0.000199880071956826,0,0,0,0,0,0,0,0,0,0,0,0,0,0,0,0,0,0.000599640215870478,0,0,0,0,0,9.9940035978413e-05,0,0,0.00549670197881271,0,0.0022986208275035,0,0,0.00529682190685589,0,0,0,0,0.0277833300019988,0,0,0.0434739156506096,0,0,0,0,0,0,0,0,9.9940035978413e-05,0,0,0.00139916050369778,0,9.9940035978413e-05,9.9940035978413e-05,0,0,0,0,0,0,0,0,0.000999400359784129,0.000999400359784129,0.0131920847491505,0,0.00129922046771937,0,0.0022986208275035,0,0,0,0.0135918448930642,0.000299820107935239,0,0,0,0.0167899260443734,0,0,0,0,0,0,0,0,0,0,0,0,0,0,0,0,0,0,0,0,0,0,0,0,0,0,0,0,0.000699580251848891,0,0.00119928043174096,0,0,0,0,0.0218868678792724,0,0.0128922646412153,0.129822106735958,0,0,0,0.000399760143913652,0,0,0.0290825504697182,0,0,0.0346791924845093,0,0,0.00299820107935239,0,0,0,0.00129922046771937,0,0,0,0,0,0,0.000999400359784129,0,0,0.00189886068358985,0
0,0.000299910026991902,0,0.000599820053983805,0.00249925022493252,9.99700089973008e-05,0.000199940017994602,0.00159952014395681,0,0,0.000999700089973008,0,0,0,0,0,0,0,0,0,0.00199940017994602,0.00259922023392982,0,0.000199940017994602,0.000199940017994602,0.165150454863541,0,0,0.000399880035989203,0,0.153154053783865,0,0,0,0,0,0.00319904028791363,0.0263920823752874,0.000599820053983805,0,0,0,0,0.00379886034189743,0,0.0610816754973508,0,0,0,0.000299910026991902,0.000299910026991902,0,0,0,0,0,0,0.000499850044986504,0,0.0206937918624413,0,0,9.99700089973008e-05,0,0,0,0.0110966709987004,0,9.99700089973008e-05,0,0.00139958012596221,0,0,0,0,0,0,0,0,0,0,0.000199940017994602,0.0161951414575627,0,0.00109967009897031,0,0,0,0,0.00119964010796761,0,0.000199940017994602,9.99700089973008e-05,0,0,0,0,0,0,0,0,0,0.00139958012596221,0.000199940017994602,0,0,0,0.0322903129061282,0.00359892032390283,0.0120963710886734,0,0,0,0,0,0.0199940017994602,0,0.000199940017994602,0,0,0,0,0,9.99700089973008e-05,0.00879736079176247,0,0,0,0,0,0,0.00109967009897031,0,0,0,9.99700089973008e-05,0.00139958012596221,0,0,0.000899730080975707,0.000199940017994602,0,0,0.000199940017994602,0,0,0,0,0,0,0,0.0171948415475357,0,0,0,0,0,0,0,0.00579826052184345,0.000699790062981106,0,0,0,0,0,0,0,0,0.00729781065680296,0,0,0,0,0,0,0,0,0.057482755173448,0,0.0341897430770769,0,0,0.00249925022493252,0,0,0.00249925022493252,0,0,0,0,0.00149955013495951,9.99700089973008e-05,0,0,0,0,0,0,0.00999700089973008,0,0,0,0,0,0,0,0,0,9.99700089973008e-05,0,0,0,0,9.99700089973008e-05,0,0.00399880035989203,0,0.00369889033290013,0,0,0,9.99700089973008e-05,0,0.00179946016195141,0,0.0363890832750175,0,0,0.00299910026991902,0.00419874037788663,0.000199940017994602,0,0.000399880035989203,0,0,0,0,0,0,0,0,0,0,0.000299910026991902,0,0.000699790062981106,0,0,0,0,0,0,0,0,0,0,0,0,0,0,0,0,0,0.000499850044986504,0,0,0,0,0.000199940017994602,0,0.00199940017994602,0.000899730080975707,0,9.99700089973008e-05,0,0,0,0.00259922023392982,0.190642807157853,9.99700089973008e-05,0,0.0166949915025492,0,0,0,0,0.000199940017994602,0.00829751074677597,0,0,0,9.99700089973008e-05,0,0.015295411376587,0,0.000199940017994602,0,0,0.00679796061181645,0
0.000100030009002701,0.000100030009002701,0.000300090027008102,0.000500150045013504,0,0,0,0,0,0.000500150045013504,0,0,0,0,0,0,0.00130039011703511,0,0,0,0,0,0.00130039011703511,0.00370111033309993,0,0.036110833249975,0,0,0.00140042012603781,0,0,0,0,0.0152045613684105,0.000700210063018906,0,0,0,0,0,0.000100030009002701,0,0,0,0,0.00240072021606482,0,0,0,0.000400120036010803,0,0,0,0.000400120036010803,0,0,0,0.000400120036010803,0,0,0,0,0.000100030009002701,0,0,0,0.0242072621786536,0,0,0.00550165049514854,0,0,0,0,0,0,0.000200060018005402,0,0,0.00220066019805942,0,0,0.0778233470041012,0,0,0.00150045013504051,0,0,0.00110033009902971,0,0,0.00420126037811343,0.00380114034210263,0,0,0,0.000400120036010803,0,0,0,0,0.00560168050415125,0.00140042012603781,0,0,0.00210063018905672,0,0.228768630589177,0.00170051015304591,0.00720216064819446,0,0,0.000800240072021606,0,0,0.0232069620886266,0.00420126037811343,0.00230069020706212,0,0,0,0,0,0,0.000800240072021606,0.00370111033309993,0.0101030309092728,0,0,0,0.00180054016204861,0,0,0,0.00550165049514854,0,0.00140042012603781,0.00310093027908373,0,0,0.00150045013504051,0,0,0,0,0,0,0.0112033610083025,0,0,0,0,0.000300090027008102,0,0.000100030009002701,0,0,0,0,0,0,0,0,0,0,0,0.00120036010803241,0,0.000300090027008102,0.000300090027008102,0,0,0,0,0.00100030009002701,0.000100030009002701,0,0,0,0,0.0196058817645294,0,0,0.00170051015304591,0,0,0,0,0,0,0.00200060018005402,0,0,0,0,0.00190057017105132,0,0,0,0,0,0,0,0.0333099929978994,0,0.0166049814944483,0,0,0.000100030009002701,0,0,0,0,0,0,0,0,0,0.032109632889867,0,0,0,0.000100030009002701,0,0.00210063018905672,0,0,0.000100030009002701,0,0.000700210063018906,0,0.000200060018005402,0.000300090027008102,0.0400120036010803,0,0,0,0,0,0,0,0,0,0,0.0169050715214564,0.00680204061218365,0,0,0,0,0,0,0,0,0,0.000300090027008102,0.000800240072021606,0,0,0,0,0,0,0.000100030009002701,0,0,0,0,0,0.0212063619085726,0,0,0.00600180054016205,0,0,0,0,0,0,0.238171451435431,0,0,0.0315094528358508,0,0,0,0,0,0.0102030609182755,0,0,0,0,0,0,0,0.000600180054016205,0,0,0.0109032709812944,0
0,0,0,0.000399800099950025,0,0,0,0,9.99500249875062e-05,0.000499750124937531,0,0,0,0,0.000599700149925037,0,0.00689655172413793,0,0,0,0,0.00109945027486257,0.00309845077461269,0,0,0.000299850074962519,0,0,9.99500249875062e-05,0.0109945027486257,0,0,0,0,0,0,0,0.00859570214892554,0,0,0,0,0,0,0,0,0,0,0,0,0,0,0,0.000399800099950025,0,0,0,0.00109945027486257,0,0,0.000199900049975012,9.99500249875062e-05,0,0.000399800099950025,0,0,0.00369815092453773,0,0,0,0.000199900049975012,0,0,9.99500249875062e-05,0,0,0,9.99500249875062e-05,9.99500249875062e-05,0.00199900049975012,0.000399800099950025,0,0.000499750124937531,0,0.000499750124937531,9.99500249875062e-05,9.99500249875062e-05,0,0.000199900049975012,0.000699650174912544,0,0.00169915042478761,0,0.00379810094952524,0,0,0,0,0.00109945027486257,0,0,0,0,0,0.000199900049975012,0.00599700149925037,0.000199900049975012,0.51704147926037,0,0,0,0,0.0031984007996002,0.000399800099950025,0,0.0100949525237381,0,0,0.00629685157421289,0,0,0,0,9.99500249875062e-05,0,0,0,0,0,0,0,9.99500249875062e-05,0,0,0,0,0.000999500249875062,0,0,0,0.0463768115942029,0,0,0,0,0,0.00109945027486257,0,0,0.00109945027486257,0.00109945027486257,0,0.00299850074962519,0.000199900049975012,0,0,0.000599700149925037,0,0,0.00079960019990005,0,9.99500249875062e-05,0,9.99500249875062e-05,0,0,0.000199900049975012,0,0,0,0.000299850074962519,0,0,0,0,0,0.000599700149925037,0.00789605197401299,9.99500249875062e-05,9.99500249875062e-05,0,0,0,0,0,0,0,0,0,0,0,0,0,0.00149925037481259,0,0,0,0,0,0,0,0,0,0.000599700149925037,0,0.00869565217391304,0,0,0,0,0,0,0,0,0,0,0,0.0122938530734633,0.0120939530234883,0,0.0063968015992004,0.000199900049975012,0,0,0,0,0,0,0,0,0.000699650174912544,0,0,0.00809595202398801,0,0,9.99500249875062e-05,0,9.99500249875062e-05,0,0,0,0,0,0,0,0,0,0,0,0,0.000499750124937531,0.000199900049975012,9.99500249875062e-05,0.000399800099950025,0.0137931034482759,0.00149925037481259,0,0.000199900049975012,0,0.000199900049975012,0,0,0.000399800099950025,0,0,0,0,0,0.0079960019990005,0,0,0.0352823588205897,0,0,0,0,0,0,0.213493253373313,0,0,0.00469765117441279,0,0,0,0,0,0.00079960019990005,0.00309845077461269,0,0,0,0,0.00549725137431284,0,0.000999500249875062,0,0,0.0015992003998001,0
0,0.0038034230807727,0.000200180162145931,0.000900810729656691,0,0.000100090081072966,0,0.0038034230807727,0,0.00130117105394855,0,0,0,0,0.00240216194575118,0,0,0,0,0.000100090081072966,0.00170153137824042,0.00330297267540787,0.00360324291862676,0,0.000300270243218897,0.219597637874087,0,0,0,0,0.00930837753978581,0,0.000100090081072966,0.00140126113502152,0,0,0.00180162145931338,0,0.00100090081072966,0.00150135121609449,0.000100090081072966,0,0,0.00340306275648083,0,0,0,0.000200180162145931,0.00170153137824042,0.000400360324291863,0.000100090081072966,0,0,0.000400360324291863,0.000400360324291863,0,0,0,0,0.00360324291862676,0,0.0038034230807727,0,0.000100090081072966,0,0,0.00620558502652387,0,0,0,0.00230207186467821,0,0,0,0,0,0,0,0,0.000800720648583725,0.00240216194575118,0.00070063056751076,0.00470423381042939,0,0,0.000200180162145931,0,0.000100090081072966,0,0,0,0.000100090081072966,0.00470423381042939,0,0,0.000100090081072966,0,0,0,0.000200180162145931,0,0,0.00190171154038635,0,0,0.0133119807827044,0,0.20048043238915,0.00240216194575118,0.00880792713442098,0.00600540486437794,0,0,0.00120108097287559,0,0.011710539485537,0.00370333299969973,0.0474426984285857,0,0.000100090081072966,0,0,0,0,0.000500450405364828,0,0,0,0,0,0.000100090081072966,0,0,0.000100090081072966,0,0.00630567510759684,0.0219197277549795,0.00470423381042939,0,0,0.00150135121609449,0,0,0,0,0,0.000400360324291863,0.00300270243218897,0.00200180162145931,0,0,0.00260234210789711,0,0,0.000100090081072966,0,0,0,0.000800720648583725,0.00160144129716745,0,0,0.0310279251326194,0,0.000100090081072966,0,0,0,0.000300270243218897,0,0,0,0,0,0,0,0.000100090081072966,0.000100090081072966,0.00310279251326194,0,0.0369332399159243,0,0,0.00170153137824042,0,0,0,0,0,0.000500450405364828,0,0,0,0,0,0,0.0108097287558803,0,0,0,0,0,0,0.00200180162145931,0,0.000500450405364828,0.000100090081072966,0,0,0,0,0,0,0,0,0,0.000100090081072966,0,0.00940846762085877,0.000500450405364828,0.000100090081072966,0.000100090081072966,0.000100090081072966,0,0.00600540486437794,0,0.0038034230807727,0.0347312581323191,0.000100090081072966,0.00110099089180262,0.00560504454008608,0.000300270243218897,0,0.0226203583224902,0,0,0.000500450405364828,0,0,0.000100090081072966,0,0,0,0,0.0273245921329196,0,0,0,0,0.00100090081072966,0,0,0.000200180162145931,0,0.000900810729656691,0.00100090081072966,0.00180162145931338,0,0.000100090081072966,0,0,0,0.000400360324291863,0.000300270243218897,0,0,0,0,0,0.00820738664798319,0,0,0,0.000500450405364828,0,0.000100090081072966,0,0,0.00110099089180262,0.12791512361125,0,0.000200180162145931,0.00850765689120208,0,0,0,0,0,0,0,0,0,0,0,0,0.000800720648583725,0.00140126113502152,0,0,0.0101090981883695,0
0,0.0031006201240248,0,0.0031006201240248,0,0,0,0,0,0,0,0,0,0,0,0,0.00620124024804961,0,0,0,0,0,0,0,0,0.277255451090218,0,0,0,0,0.0242048409681936,0,0,0,0,0,0,0.026505301060212,0.0003000600120024,0,0,0,0.00500100020004001,0,0.0011002200440088,0.0292058411682336,0,0,0,0,0,0,0,0,0,0,0,0,0,0,0,0,0,0,0,0,0.013502700540108,0,0.0001000200040008,0,0,0,0,0,0,0,0,0,0,0,0,0,0.0221044208841768,0,0,0,0.0102020404080816,0,0.0002000400080016,0,0,0.0014002800560112,0.0001000200040008,0,0,0,0,0,0.00250050010002,0.00750150030006001,0,0.0018003600720144,0,0,0,0,0,0.0012002400480096,0,0.0027005401080216,0,0,0.0001000200040008,0.0183036607321464,0,0.00920184036807361,0,0,0.0520104020804161,0,0.000700140028005601,0,0,0.0023004600920184,0.0156031206241248,0,0,0,0,0,0,0,0,0,0,0,0,0,0,0,0.0163032606521304,0,0,0,0,0,0.003000600120024,0,0,0,0,0,0.000400080016003201,0,0,0,0,0,0,0.0017003400680136,0,0,0,0,0,0,0,0,0,0,0,0,0,0,0,0,0,0,0.0497099419883977,0,0,0,0,0,0,0,0,0,0,0,0,0,0,0,0,0,0,0,0,0,0,0.0001000200040008,0,0.109721944388878,0.00730146029205841,0,0,0,0.0002000400080016,0,0,0,0,0,0,0,0,0,0.00320064012802561,0,0.00650130026005201,0,0,0,0,0,0,0,0,0,0,0,0,0.0028005601120224,0,0,0,0,0,0,0,0,0.0003000600120024,0,0.0003000600120024,0,0,0,0,0,0,0,0,0,0,0,0,0,0,0.002000400080016,0,0,0,0,0.0001000200040008,0,0,0,0,0.0002000400080016,0,0,0.0660132026405281,0,0,0,0,0,0,0.117723544708942,0,0,0.0437087417483497,0,0,0.0001000200040008,0,0,0,0.00340068013602721,0.00550110022004401,0,0,0,0,0,0.0016003200640128,0,0,0.0206041208241648,0
0.0011997600479904,0,0,0,0,0,0.0002999400119976,0.00519896020795841,0,0,0,0,0,0.0016996600679864,0.000799840031993601,0,0.00419916016796641,0,0,0.0001999600079984,0.00439912017596481,0.00459908018396321,0.000399920015996801,0,0,0.00559888022395521,0,0,0.0012997400519896,0,0.0375924815036993,0.0155968806238752,0,0.0025994801039792,0,0,0.0001999600079984,0,0.0001999600079984,0,0,0,0,0.00489902019596081,0,0.0469906018796241,0,0,0,0,0,0,0,0,0.0190961807638472,0,0,0,0,0.0277944411117776,0,0.00549890021995601,0,0,0.0126974605078984,0.00389922015596881,0.0016996600679864,0,0,0,0.00689862027594481,0,0,0.001999600079984,0,0,0,0,0,0.0371925614877025,0.0025994801039792,9.99800039992002e-05,0.000699860027994401,0,0,0,0,0,9.99800039992002e-05,0.0015996800639872,0,0.000699860027994401,0.0001999600079984,0.0001999600079984,0.00529894021195761,9.99800039992002e-05,0,0,0.00499900019996001,0,0,0.0001999600079984,0,0,0.0021995600879824,0.0002999400119976,0.0112977404519096,0.0028994201159768,0.0111977604479104,0.00539892021595681,0,0,9.99800039992002e-05,0.0545890821835633,0,0.0237952409518096,0,0.0010997800439912,0.0022995400919816,0.0001999600079984,0,0,0.00809838032393521,0,0.00989802039592082,0,0,0,0,0,0.0018996200759848,0.00439912017596481,0,0,0,0,0.0118976204759048,0.00399920015996801,0,0,9.99800039992002e-05,0,0,0,0,0,0,0,0,0,0.000699860027994401,0.000699860027994401,9.99800039992002e-05,0,9.99800039992002e-05,0,0,0,0.0173965206958608,0.0027994401119776,0,0,0.0171965606878624,0.0482903419316137,0,0,0,0,9.99800039992002e-05,0,0,0.00849830033993201,9.99800039992002e-05,0,0.000699860027994401,0,0,0.00599880023995201,0.0326934613077385,0,0.0260947810437912,0,0,0.000799840031993601,0,0,0,0,0.00359928014397121,0,0,0,0,0,0.0183963207358528,9.99800039992002e-05,0,0,0,0,0,0,0,0,0,0,0,9.99800039992002e-05,0,0,0,0,0.0110977804439112,0,0.000799840031993601,0,0.018496300739852,0.000799840031993601,0.0001999600079984,0,0.000499900019996001,0,0.000499900019996001,0.000399920015996801,0.0015996800639872,0.000899820035992801,0,0.000699860027994401,0.00899820035992801,0.00349930013997201,0.00429914017196561,0,0,0.0212957408518296,0,0,0,0,0,0,0,0,0.00629874025194961,0.0110977804439112,0.000599880023995201,0,0,0,0,0.00419916016796641,0.0161967606478704,0,0,0,0,0,0,0,0,0.000699860027994401,0,0,0,0,0,0,0.001499700059988,0.001999600079984,0.00569886022795441,9.99800039992002e-05,0,0,0.0023995200959808,0.0001999600079984,9.99800039992002e-05,0,0,9.99800039992002e-05,0.000599880023995201,0.17246550689862,0,0,0.00619876024795041,0,0.0576884623075385,0,0,0,0.00699860027994401,0.0020995800839832,0.0025994801039792,0,0,0,0.00399920015996801,0.00359928014397121,0.0001999600079984,0.0023995200959808,0,0.00409918016396721,9.99800039992002e-05
0,0,0,0.028374462983315,0.00149865121390748,0,0.000499550404635828,9.99100809271655e-05,0,0.00209811169947048,0.000399640323708662,0,0.000599460485562993,0.00229793186132481,0.0182835448096713,0,0,0.00169847137576181,0,9.99100809271655e-05,0.000199820161854331,0.00679388550304726,0,0.00109901089019882,0,0.0139874113298032,0,0,0.0367669097811969,0,0,0,0.000599460485562993,0.00159856129483465,0.000699370566490159,0,0.000199820161854331,0.00459586372264962,0.000499550404635828,0,9.99100809271655e-05,0,0,0.00219802178039764,0,9.99100809271655e-05,0,9.99100809271655e-05,0.000299730242781497,0.000699370566490159,0.000499550404635828,0,0,0,0,0,0,0.00169847137576181,0,0.000699370566490159,0,9.99100809271655e-05,0.000499550404635828,0,0,0,0,0.00439604356079528,0,0,0.000699370566490159,0,0,0.000399640323708662,0,0,0,0,0,9.99100809271655e-05,0.000599460485562993,0.000399640323708662,9.99100809271655e-05,0.000499550404635828,0,0,0.015086422220002,9.99100809271655e-05,0.000299730242781497,0.0159856129483465,0,0.00349685283245079,0.000599460485562993,0.000199820161854331,0.000399640323708662,9.99100809271655e-05,0,0,0.00349685283245079,0,0.000599460485562993,0,0,0,0,0.00089919072834449,9.99100809271655e-05,0.0140873214107303,0.0028973923468878,0.01268858027775,0.000699370566490159,0,0,0.00189829153761615,0,0.0703366969727245,0,9.99100809271655e-05,0.00389649315615946,0,0,0,0,0.0135877710060945,0.00189829153761615,0,0,0,0.00089919072834449,9.99100809271655e-05,0.00119892097112599,9.99100809271655e-05,0.00189829153761615,0,0.000699370566490159,0,0.205115396143471,0,0,0,0.00469577380357678,0,0,0.000499550404635828,0.00119892097112599,0,0.00939154760715356,0.00759316615046458,0,0.00829253671695474,0.000199820161854331,0.000299730242781497,0,0,0,0,0,0,0,0,0.000299730242781497,0,0.00829253671695474,0,0.00759316615046458,0.000799280647417324,0.00239784194225197,9.99100809271655e-05,0,0,0,0.0183834548905985,9.99100809271655e-05,0,0,0,0,0,0.000399640323708662,0.00229793186132481,0.0127884903586772,0.00149865121390748,0,0.0031971225896693,0.00239784194225197,0.00109901089019882,0,0,0,0,0,0.0106903786592067,0.00179838145668898,0,0.000399640323708662,0.000199820161854331,0,0,0,0,0,0,0,0,0,0.0364671795384154,0,0,9.99100809271655e-05,0.00489559396543111,0,0,0,0,9.99100809271655e-05,0,0.00509541412728544,0.000599460485562993,0.00299730242781497,0,0,0,0.0031971225896693,0,0.0057947846937756,0,0.000599460485562993,0,0.000699370566490159,0.0025976621041063,9.99100809271655e-05,0.000399640323708662,0,0.0285742831451693,0.00179838145668898,0,0,0,0,0,0,0,0,0.0263762613647717,0,0,0,0.000299730242781497,0.00089919072834449,0,9.99100809271655e-05,0.000399640323708662,0.00089919072834449,0,0.000499550404635828,0,0.00809271655510041,0,9.99100809271655e-05,9.99100809271655e-05,9.99100809271655e-05,0,0,0.00179838145668898,0.000199820161854331,0.000599460485562993,0,0,0,0.169347587171546,0,9.99100809271655e-05,0.0166849835148366,9.99100809271655e-05,0.000999100809271655,0,0.000399640323708662,0,0.000299730242781497,0.00199820161854331,0.000499550404635828,0,0.000799280647417324,0.00229793186132481,0,0,0,0.000199820161854331,0,0.00269757218503347,0,0,0,0,0.0089919072834449,9.99100809271655e-05,0.0411629533419922,0,0,0.00129883105205315,0
0,0,0,0,0,0,0.003000300030003,0.0025002500250025,0,0,0,0,0.0003000300030003,0.0003000300030003,0.0038003800380038,0,0,0,0,0.0005000500050005,0,0.001000100010001,0,0.0004000400040004,0.0038003800380038,0,0,0,0.0157015701570157,0.0011001100110011,0,0,0,0.0227022702270227,0,0,0,0,0,0,0,0,0,0,0,0.153815381538154,0,0,0.0008000800080008,0,0,0,0,0,0.0007000700070007,0,0,0.0003000300030003,0,0.0031003100310031,0,0.0001000100010001,0,0,0,0.0018001800180018,0.0162016201620162,0.0071007100710071,0,0.0251025102510251,0.001000100010001,0,0,0,0.0051005100510051,0,0,0,0,0.0023002300230023,0,0,0,0,0.0038003800380038,0,0,0,0,0.0019001900190019,0,0,0.005000500050005,0,0,0,0.0105010501050105,0,0.002000200020002,0.0037003700370037,0,0.0017001700170017,0.0038003800380038,0,0,0,0.0008000800080008,0.122712271227123,0.0109010901090109,0,0,0,0,0,0,0,0.0027002700270027,0,0,0.0002000200020002,0,0,0,0,0.0017001700170017,0,0.0002000200020002,0,0,0,0.0016001600160016,0.0086008600860086,0.0001000100010001,0,0,0,0.0323032303230323,0.0041004100410041,0,0,0.001000100010001,0,0,0.0004000400040004,0,0,0.0004000400040004,0.0042004200420042,0,0.0001000100010001,0,0,0,0,0,0,0,0,0,0.0047004700470047,0,0,0.0274027402740274,0.0394039403940394,0.0001000100010001,0,0.0059005900590059,0.006000600060006,0,0,0.0008000800080008,0.0083008300830083,0,0.0107010701070107,0,0,0,0,0,0,0.0669066906690669,0.0011001100110011,0,0.0014001400140014,0,0,0,0,0,0,0,0.002000200020002,0.0018001800180018,0.0054005400540054,0,0.0001000100010001,0.0013001300130013,0,0,0.0002000200020002,0,0.0027002700270027,0,0.0001000100010001,0,0,0,0,0.0004000400040004,0,0.0002000200020002,0,0,0,0.0004000400040004,0,0.0216021602160216,0,0.0011001100110011,0,0,0,0.0003000300030003,0,0.0072007200720072,0,0,0,0.0023002300230023,0.0037003700370037,0,0,0,0.013001300130013,0.0016001600160016,0,0,0,0,0,0,0,0,0,0.0008000800080008,0.0002000200020002,0,0.0018001800180018,0,0,0,0,0.0003000300030003,0,0,0.0034003400340034,0.0006000600060006,0,0,0.0028002800280028,0,0,0,0,0,0,0,0,0.0003000300030003,0,0,0,0.0106010601060106,0,0,0,0,0,0,0.220922092209221,0,0,0.0173017301730173,0,0,0,0,0.0002000200020002,0.0002000200020002,0,0,0,0,0,0,0,0.0008000800080008,0,0,0.0047004700470047,0
0,0,0,0,0,0,0.0002999400119976,0,0,0,0,0,0,0,0.000599880023995201,0,0,0,0,0,0.0027994401119776,0.0028994201159768,0,0,0,0.112077584483103,0,0,0.0101979604079184,0,0,0,0,0.0115976804639072,0,0,0.000899820035992801,0.0203959208158368,0,0,0,0,0,0.010497900419916,0,0.0362927414517097,0,0,0,0,0,0,0,0,0,0,0,0,0,0.0020995800839832,0,0,0,0,0.00869826034793041,0,0.0130973805238952,0,0,0,0.000799840031993601,0,0,0.000999800039992002,0,0,0,0,0,0,0,0,0,0,0.0022995400919816,0,0,0,0,0.00709858028394321,0.0022995400919816,0.00509898020395921,0,0,0,0,0,0,0.0030993801239752,0,0,0,0,0.0001999600079984,0,0,0.00609878024395121,0.0352929414117177,0.0235952809438112,0,0,0,0,0.0013997200559888,0,0,0,0,0.0207958408318336,0,0,0,0,0,0.000899820035992801,0,0,0,0,0,0.0002999400119976,0.00539892021595681,0,0,0,0,0.0196960607878424,0.00679864027194561,0,0,0,0,0,0,0,0,0,0.013997200559888,0,0.001499700059988,0,0,0,0,0,0,0,0,0,0.020995800839832,0,0,0,0,0,0,0,0,0,0,0,0.00519896020795841,0,0.000999800039992002,0.001499700059988,0,0,0,0.0101979604079184,0,0.0112977404519096,0.00329934013197361,0,0,0.0121975604879024,0,0.0030993801239752,0,0,0,0,0.0023995200959808,0.0011997600479904,0,0,0,0.00549890021995601,0,9.99800039992002e-05,0,0,0,0,0,0,0,0,0,0,0,0,0,0.000499900019996001,0,0.000399920015996801,0,0.025494901019796,0,0,0,0,0,0,0,0.0137972405518896,0,0,0,0,0,0.0528894221155769,0,0,0.0669866026794641,0,0,0,0,0,0.0002999400119976,0,0,0,0,0,0,0,0,0,0,0,0.000599880023995201,0,0,0,0,0,0,0.0010997800439912,0,0,0,0,0.000499900019996001,0,0,0,0,0,0.00929814037192562,0,0,0.0120975804839032,0,0,0,0,0,0.00339932013597281,0.28244351129774,0,0,0.0118976204759048,0,0,0,0,0,0.00909818036392721,0,0,0,0,0,0.0232953409318136,0,0.00429914017196561,0,0,0.013497300539892,0
0,0,0.000699790062981106,0,0,0,0,0.00179946016195141,0.000299910026991902,0.00109967009897031,0,0,0.000299910026991902,0.0326901929421174,0.00409877036888933,0,0.000199940017994602,0,0,0.000499850044986504,0.000799760071978406,0.00329901029691093,0.00339898030590823,0.000799760071978406,0.00479856043187044,0.172648205538339,0,0,0.00379886034189743,0.000199940017994602,0.000199940017994602,0,0,0.0106967909627112,0,0,0.000199940017994602,0.000199940017994602,0.000199940017994602,0,0.000299910026991902,0,0,0,0,0.0816754973507948,0,9.99700089973008e-05,0.000799760071978406,0,0,0,0,0,0.000499850044986504,0,0,0,0,9.99700089973008e-05,0.000599820053983805,0.000799760071978406,0,0,0,0,0.00399880035989203,0,0,0,0.000999700089973008,0,0,0.000199940017994602,0,0,0,0,0,9.99700089973008e-05,0.000799760071978406,0,0.000499850044986504,0,0,0.000399880035989203,0,0,0.000999700089973008,0.00319904028791363,0.00309907027891633,0.000499850044986504,0.00489853044086774,0,0,0.000699790062981106,0,0,0.00709787063880836,0,0,0,0,0,0,0,0.000999700089973008,0.0811756473058083,0,0,0,0,0,9.99700089973008e-05,0,0.00849745076477057,0,9.99700089973008e-05,0.00589823053084075,0,0,0,0.000599820053983805,9.99700089973008e-05,0.00279916025192442,0,0,0,0,0,0.00199940017994602,0.0116964910526842,0,9.99700089973008e-05,0,0,9.99700089973008e-05,0,0,0,0.207337798660402,0,0,0,0,0,0.00149955013495951,0,0,0,0.00479856043187044,0.000199940017994602,0,0.00299910026991902,0,0,0,0.000199940017994602,0,0.00759772068379486,0,0,0,0.0160951714485654,0,0,0,0,0,0.000199940017994602,0.000499850044986504,0,0,0,0,0,0,0.00119964010796761,9.99700089973008e-05,0,9.99700089973008e-05,0,0,0,0.00299910026991902,0,0,0,0,0,0,0.00109967009897031,0.000599820053983805,0,0,0,0,0,0,0.00889733080075977,0,0,0,0,0,0.0104968509447166,0,0,9.99700089973008e-05,0.000199940017994602,0,0,0.000699790062981106,9.99700089973008e-05,0.000299910026991902,0,0.00159952014395681,0.000399880035989203,0.00119964010796761,0,0.00429871038688393,9.99700089973008e-05,0,0,0,0,0,9.99700089973008e-05,0.00599820053983805,0,0.00789763071078676,9.99700089973008e-05,0,0.0124962511246626,0,0,9.99700089973008e-05,0,0,0,0,0,0.00709787063880836,0,0,0,0,0,0,0,0,0.000699790062981106,0.00129961011696491,0,0.000299910026991902,0.000799760071978406,0.028591422573228,0,9.99700089973008e-05,0,0.00279916025192442,0,0.000399880035989203,0,0,0,0,0,9.99700089973008e-05,0.00109967009897031,0,0.000799760071978406,0.0149955013495951,0.000199940017994602,0,0,0.000599820053983805,0.000199940017994602,0.000199940017994602,0.133359992002399,0,0,0.0110966709987004,0,0.000299910026991902,0,9.99700089973008e-05,0.000299910026991902,0.00109967009897031,0,0,0,0,0,0.00779766070178946,0,0.000699790062981106,0,0.00269919024292712,0.0101969409177247,0
0,0,0,9.99900009999e-05,0,0,0,0,0,0,0,0,0,0,0,0.0001999800019998,0,0,0,0,0,0.0205979402059794,0,0,0,0.373162683731627,0,0,0,0.0001999800019998,0.0507949205079492,0,0,0,0,0,0,0,0,9.99900009999e-05,0,0,0,0,0,0,0,0,0,0,0.0008999100089991,0,0,0,0.0003999600039996,0,0,0,0,0,0,0,0,0.0001999800019998,0,0,0.0087991200879912,0,0,0,0,0,0,0,0,9.99900009999e-05,0,0,0,0,0,0,0,0,0,0,0,0,0,0.0023997600239976,0,0,0,0,0,0,0,0,0,0,0,0,0,0,0,0,0,0,0,0.0034996500349965,0,0,0,0.0114988501149885,0,0,0,0,0.0023997600239976,0.0008999100089991,0,0,0,9.99900009999e-05,0,0,0,0,0,0,0,0,0,0,0,0,0,0,0,0,0.0053994600539946,0,0,0,0,0,0.0022997700229977,0,0.0003999600039996,0,0,0,0,0,0,0,0,0,0,9.99900009999e-05,0,0,0,0.0001999800019998,0,0,0,0,0,0,0.0005999400059994,0,0.001999800019998,0,0,0,0,0.0006999300069993,0,0,0,0,0,0,0,0,0,0,0,0,0,0,0,0,0,0,0,0,0,0,0,0,0,0,0.166183381661834,0,0.001999800019998,0,0,0,0,0,0,0,0,0,0,0,0,0,0,0,0,0,0,0,0,0,0,0,0,0,0,0.0050994900509949,0.0011998800119988,0,0,0,0,0,0,0,0,0,0,0,0,0,0,0,0,0,0,0,0,0,0.0021997800219978,0,0,0,0,0,0,0,0,0,0.0004999500049995,0,0,0.0187981201879812,0,0,0,0.0001999800019998,0,0,0,0,0,0.306869313068693,0,0.0006999300069993,0,0,0.0020997900209979,0,0,0,0,0.0008999100089991,0,0,0,0,0.0051994800519948,0,0,0,0,0,0
0,0,0,0,0,0,0,0,0,0,0,0,9.9930048965724e-05,0.0136904167083042,0,0,0,0,0,0,0.00649545318277206,0,0,0.00329769161586889,9.9930048965724e-05,0.107424802638153,0,0,0,0,0,0,0,0,0,0,9.9930048965724e-05,0,0,0,0,0,0,0,0,0.125412211451984,0,0,0,0,0,0.000299790146897172,0,0,0,0,0,9.9930048965724e-05,0,0.000399720195862896,0,0.000899370440691516,9.9930048965724e-05,0,0,0,0.00169881083241731,0.000399720195862896,0,0,0.000599580293794344,0,0,0.00979314479864095,0,0,0,0,0,0.00179874088138303,0,0.002897971420006,0,0,0.00369741181173179,9.9930048965724e-05,0.000199860097931448,9.9930048965724e-05,0,0.013390626561407,9.9930048965724e-05,0.000299790146897172,0.000399720195862896,0,0,0,0,0,0.00989307484760668,0,0,0.000399720195862896,0,0,0.000199860097931448,0,0.0242830018986709,0.0121914659738183,0,0.00429699210552613,0,0,0,0.0049965024482862,0,9.9930048965724e-05,0,0.000199860097931448,0.00189867093034876,0,0,0,0.00189867093034876,0.00179874088138303,0.00479664235035475,0.00259818127310882,0.123013890276806,0,0,0,0,0.0594583791346058,0,9.9930048965724e-05,0,0,0.00159888078345158,0,0,0,0.00049965024482862,0,0,0,0,0,0,0,0,0,0,0,0.00279804137104027,0,9.9930048965724e-05,0,0,0,0.00919356450484661,0.00309783151793744,0,0,0,0,0,0,0,0,0,0,0,0,0,0.00109923053862296,0,0,0,0,0.00359748176276606,0,0,0,0,0,0,0,0,0,0,0,0,0,0,0,0,0,0,0,0,0,0.0074947536724293,0,0,0,0,0.000299790146897172,0,0,9.9930048965724e-05,0.00659538323173778,0,0,0,0,0,0,0.00699510342760068,0,9.9930048965724e-05,0,0,0,0,0,9.9930048965724e-05,9.9930048965724e-05,0,0,0.0024982512241431,0,0,0,0,0.0856400519636255,0,0,0,0,0,0,0,0,0,0,0,0,0,0.000699510342760068,0,0,0.00259818127310882,0,0,0,9.9930048965724e-05,9.9930048965724e-05,9.9930048965724e-05,0,0,0,0,0.000399720195862896,0,0,0,0,0,0.0020985310282802,9.9930048965724e-05,0,0,0,0.0203857299890077,0,0.000399720195862896,0,9.9930048965724e-05,0,0,0.273908264215049,0,0,0.00099930048965724,0,0,0,0,0.000299790146897172,0,0,0,0,0,0,0.0127910462676127,0,0.000699510342760068,0,0,0.00629559308484061,0
0,0,0,0,0,0,0,0,0,0,0,0,0,0,0.0054,0,0,0,0,0,0,0,0,1e-04,0,0.6367,0,0,0.0068,0,0,0,0,0,0,0,9e-04,0,0,0,0,0,0,0,0,0,0,0,0.0018,0,0,0,0,0,0,0,0,0,0,0,0,0,2e-04,0,0,0,0.0063,0,0,0,0,0,0,8e-04,0,0.0164,0,0,0,0,0,0,0,0,0,0,3e-04,0,0,0.0051,0,0.0064,4e-04,0,0,0,0,0,0,0,0,0,0,0,0,0,0,0.0122,0,0,0,0,0,0,0,0,0,0,0,0.0023,0,0,0,2e-04,0.0371,0,0,0,0,0,0,0,0,1e-04,0,0,0.1583,0,0,0,0,0,0,0,0,0,0,0,0,1e-04,0.0014,0,0,0,0.0019,0,0,0,0,0,0,0,0,0,0,0,0,0,0,0,0,0,0,0,0,0,0,0,0,0,0,0,0,0,0,0,0,0,0,0,0,0,3e-04,0,0,0,0,0,0,0,0,0,0,0,0,0,0,0,0,5e-04,0,0,0,0,0,0,0,0,0.0104,0,0,0,0,0,0,0,0,0,0,0,0,0,0,0,0,0,0,0,0,0,0,0,0,0,0,0,1e-04,0,0,0,0,0,0,0,0,0,0,0,0,0,0,0,0,0,0,0,0,0,0,0.028,0,0,0,0,0,0,0,0,0,0.0535,0,0,0.0059,0,0,0,0,0,0,0,0,0,0,0,0,0,1e-04,0,0,0,0
0,0,9.9930048965724e-05,0,0.000599580293794344,0,9.9930048965724e-05,0,0.000199860097931448,0.00269811132207455,0,0,0,0,0.000699510342760068,0,0.00169881083241731,0,0,0,0.00529629259518337,0.00769461377036075,0.000399720195862896,0,0,0.165384231038273,0,0,0,0,0.0102927950434696,0.00219846107724593,0,0.0148895772958929,0,0,0.00299790146897172,0.00449685220345758,0,0,0,0,0,0.0117917457779554,0,0.0169881083241731,0,0,0.000899370440691516,0,0,0.00119916058758869,0,0,0,0,0,0,0,0.0113920255820925,9.9930048965724e-05,0,0,0,0,0,0.00799440391725792,0,0,0.00279804137104027,0.00279804137104027,0,0,0,0,0,0,0,0,0.00179874088138303,0.000299790146897172,0.000299790146897172,0.00139902068552014,0,0,0,0.0139902068552014,0,0,0.00719496352553213,0.000199860097931448,0,0,0,0,0,0,0,0.0045967822524233,0,0,0.000199860097931448,0,0,0,0.000299790146897172,0.00479664235035475,0.00359748176276606,0,0.000399720195862896,0,0.000199860097931448,0.000599580293794344,0.0116918157289897,0,0.00529629259518337,0,0,0.0125911861696812,0,0,0,0,0,0.0585590086939143,0.000299790146897172,0,9.9930048965724e-05,9.9930048965724e-05,0,0.00129909063655441,0,0,0,0,0,0,0.00269811132207455,0,0,0,0,0,0,0,0,0,0.00449685220345758,0,0,0.00489657239932048,0.00339762166483462,0,0,9.9930048965724e-05,0,0,0,9.9930048965724e-05,0.010492655141401,0.00279804137104027,0,0,0,0,0,0.00229839112621165,0,0,0,0,0,9.9930048965724e-05,0,0.00139902068552014,0,0,0,0.0074947536724293,0,0.0024982512241431,0.00119916058758869,0,0.00149895073448586,0.00189867093034876,0,0,0,0,0,0,0.00419706205656041,0,0,0,0,0.0113920255820925,0,0,0,0,0,0.0870390726491456,0,0,0,0,0,0,0,0,0,0.00159888078345158,0,0.000799440391725792,0,0,0,0,0,0.000599580293794344,0,0,0,0,9.9930048965724e-05,0,0,0,0,0.0547616668332167,0,0,0.057559708204257,0,0,0,0,0,0,0,0,0,0,0.000299790146897172,0,0,0,0,0,0,0,0,0,0,0.00529629259518337,0,0,0.000599580293794344,0.00299790146897172,0,0,0,9.9930048965724e-05,9.9930048965724e-05,0,0,0.00339762166483462,0.000299790146897172,9.9930048965724e-05,0,0,0.0520635555111422,0,0.00049965024482862,0,0,0,0,0.177275906865194,0,0,0.0596582392325372,0,0,0,9.9930048965724e-05,0,0,0.00189867093034876,0,0,0,0,0,0,0.000199860097931448,0,0,0.0241830718497052,0
0,0,0,0,0,0,0,0,0,0,0,0,0,0,0,0,0,2e-04,0,0,0.0026,0.0021,0,0,2e-04,0.0827,0,0,0.0335,0.0014,0.0111,0,4e-04,0.0219,0,0,3e-04,0,1e-04,0,1e-04,0,0,0,0,0.0177,0.0081,0,0,0,0,0,0,0,0,0,0,0,0,0,0,0,0,0,0,0,0.0259,0,4e-04,0.0045,0.0015,0,0,2e-04,0,0,0,0,0,0,0,8e-04,0.0387,0,0.0062,6e-04,2e-04,0,0,0,0,0.012,0.0134,0,0,0,0,0,0,0,0,0,0,2e-04,0,0,0,0.2623,0,0,0,0,0,0.0134,0,2e-04,0,0,0.0748,0,0,0,0,1e-04,0.0293,0,0,0.0247,0,0,0,0.0153,0,2e-04,0,0,0.0418,0,0,0,0,0,0,0,0,0,0,0,0,0,0.0015,0.0042,0,0,1e-04,0,0,0,6e-04,4e-04,0,0,0,0,0,0,0,0.0038,0,0,0,0,0,2e-04,0,0,0.0012,0,0.0174,0.0011,0,0,0,0,0,0,1e-04,0,0,0,0,0.0317,0.0026,0,0,0,0,0,0,0,0,0,0,0,0,0.0321,0,0,0,0.0029,0,0,0,0,9e-04,1e-04,0.0095,0,0.005,0,0.004,0,0,0,0,0,0,0,0.0042,3e-04,0.0097,1e-04,0,0.0052,0,0,6e-04,0,0,0,0,0,0,0,3e-04,0,0,0,0,0,1e-04,2e-04,0,0,0.0011,0.021,0,0,3e-04,7e-04,0,0,0,0,9e-04,0,0,0,0,0,0,0.0028,0.019,0,7e-04,0,0,0,0,9e-04,1e-04,0,0.0589,0,0,0,0,0,0,0,0,0,0,0,0,0,0,0,0,0.0044,0
9.9940035978413e-05,0,0,0.000299820107935239,0,0,0.00359784129522287,0,0,0.000499700179892065,0,0,0,0,0.000299820107935239,0,0,0,0,0,0,0.00469718169098541,0.000899460323805717,0,0.000299820107935239,0.159504297421547,0.000199880071956826,0,0.00169898061163302,0.00209874075554667,0,0,0,0.0138916650009994,0,0,0.000399760143913652,0.000399760143913652,0,0,0,0,0,0.00199880071956826,0,0.0176893863681791,0,0.000399760143913652,0.000599640215870478,0,0,0,0,0,0,0,0,0.000299820107935239,0,0,0,0,0,0.00209874075554667,0,0,0.0281830901459125,0,9.9940035978413e-05,0,0.00159904057565461,0,0.000799520287827304,0.00709574255446732,0,0.00159904057565461,0,0,0,0.0104937037777334,0.00209874075554667,0.000499700179892065,0.0382770337797322,0,0,9.9940035978413e-05,0.0409754147511493,9.9940035978413e-05,0,0,0,9.9940035978413e-05,0.000799520287827304,0.00749550269838097,0,0.000299820107935239,0,0,0.0030981411153308,0,0,0,9.9940035978413e-05,9.9940035978413e-05,0.00329802118728763,0.00909454327403558,0,0.0363781730961423,0.00389766140315811,0.00629622226664002,0,0,0.0153907655406756,0.000599640215870478,0.00109934039576254,0.0231860883469918,0,0,0,0,0,0,0,0,0.000199880071956826,0.0099940035978413,0,0.0104937037777334,0,0,0.000199880071956826,0.00759544273435938,0,0,9.9940035978413e-05,0,0.00249850089946032,0.00199880071956826,0,0.000499700179892065,0.126823905656606,0.00169898061163302,0,0.000299820107935239,0.000199880071956826,0,0,0.00259844093543874,0,0,0,0,0,0,9.9940035978413e-05,0,0,0,0,0.00989406356186288,0,0.0030981411153308,0.013791724965021,0.104237457525485,0,0,0,0,0,0,0.00359784129522287,0.000899460323805717,0,0.000999400359784129,9.9940035978413e-05,0,0,0,0,0,0.00299820107935239,0.00199880071956826,0,0,0.00649610233859684,0,0,0.000199880071956826,0,0,0.0136917849290426,0.00139916050369778,0,0,0,0,0.00249850089946032,9.9940035978413e-05,0,0,0,0,0,9.9940035978413e-05,0,0.0135918448930642,0,0.000699580251848891,0,0,0,0,9.9940035978413e-05,0,0.00119928043174096,0.00219868079152508,0,0.00519688187087747,0.0162902258644813,0,0.00329802118728763,0,0.00319808115130921,0,0.00149910053967619,0,0.000199880071956826,0,0,0.00189886068358985,0.00139916050369778,0.000199880071956826,0.000899460323805717,0.00469718169098541,0,0,0.000599640215870478,0,0,9.9940035978413e-05,0.000399760143913652,0,0,0,0.00169898061163302,0.00299820107935239,0,0,0.000499700179892065,0,0,9.9940035978413e-05,0,9.9940035978413e-05,0.00319808115130921,0.00129922046771937,0.00139916050369778,0,0.000799520287827304,0,0.000199880071956826,0,0,0.000799520287827304,0,0,0,0,0,9.9940035978413e-05,0,0.00649610233859684,0.00299820107935239,0,0,0,0,0,0,0.0935438736757945,0,0,0.0110933439936038,0,0,0,0.000199880071956826,9.9940035978413e-05,0.0185888466919848,9.9940035978413e-05,0,0,0,0,0.00549670197881271,0.000599640215870478,0.00189886068358985,0,0,0.00149910053967619,0
0,0,0,0,0,0,0,0.0086921770406634,0,0.00419622339894095,0,0,0,0.0199820161854331,0.00119892097112599,0,0,0,0,0,0.010890198821061,0.00159856129483465,0,0.00389649315615946,0.000699370566490159,0.00649415526026576,9.99100809271655e-05,0,0,0,0,0.00239784194225197,0,9.99100809271655e-05,0,0,0.00089919072834449,0.00619442501748426,0,0,0,0,9.99100809271655e-05,0.00629433509841143,0,0.00629433509841143,0,0.000299730242781497,0,0,0,0,0,0,0.0054950544509941,0,0,0.000499550404635828,0,0.0178839044859626,0,0.00839244679788191,0,0,0.0189829153761615,0.00779298631231891,0.0142871415725847,0,0,0,0.00529523428913977,0,0,0.0350684384054351,0,0,0,0,0,0.0249775202317914,0.00339694275152363,0,0.00199820161854331,0,0.0104905584973524,0,0,0,0.00129883105205315,0.00299730242781497,0.0480567489259666,0,0,0,0,0,0,0,0.000499550404635828,0,0,0,0,0,0.00349685283245079,0.00109901089019882,9.99100809271655e-05,0.000299730242781497,0.000799280647417324,0.00829253671695474,0,0,0.000199820161854331,0.0883205115396143,0.000699370566490159,0.0103906484164252,0,0,0.00499550404635828,0,0.000199820161854331,0,0.0028973923468878,0,0.00179838145668898,0.0176840843241083,0,0,0,0,0.00689379558397442,0.0128884004396044,0,0,0,0,0.00329703267059646,0.00359676291337796,0,0,9.99100809271655e-05,0,0,0,0,0,0,0.0131881306823859,0,0.00619442501748426,0.00119892097112599,0.00119892097112599,0,0.00109901089019882,0,0,0,0,0.000699370566490159,0.00559496453192127,0,0,0.0181836347287441,0.0222799480467579,0,0,0.0028973923468878,0,0,0,0,0,0,0,0,0,0,0.00559496453192127,0.00939154760715356,0,0.00889199720251773,0,0,0,0.000299730242781497,0,0,0,0,0,0,0.0198821061045059,0,0,0,0,0,0.000199820161854331,0,0,0,0,0,0.00599460485562993,0,0.000599460485562993,0,0,0,0,0,0,0.000799280647417324,0,0.00109901089019882,0.00239784194225197,9.99100809271655e-05,0.00139874113298032,0.0119892097112599,0.000499550404635828,9.99100809271655e-05,0.00349685283245079,0,9.99100809271655e-05,0,0.00169847137576181,0,0,0.00329703267059646,0.00779298631231891,0.0116894794684784,0,0,0.00529523428913977,0,0,0,0,0,0,0,9.99100809271655e-05,0,0.00129883105205315,0,0,0,0,0.000699370566490159,0.0147866919772205,0.00559496453192127,0.000499550404635828,0,0,0.00209811169947048,0.00129883105205315,0.00429613347986812,0,0,0.00399640323708662,0.000199820161854331,0.00239784194225197,0,0.000299730242781497,0,0,0,0,0,0.000199820161854331,0,0,0.00369667299430513,0,0,0,0.00339694275152363,0.000199820161854331,0.000499550404635828,0.280247777000699,0,0,0.025976621041063,0,0,0,0,0,0.000999100809271655,0,0,0,0,0,0.000599460485562993,0.000499550404635828,0.000199820161854331,0.00359676291337796,0,0.00729343590768308,0.00409631331801379
0,0,0,0,0,0,9.99000999000999e-05,9.99000999000999e-05,0,0,0,0,9.99000999000999e-05,0,0.000799200799200799,0.0001998001998002,0,9.99000999000999e-05,0,0,0.0001998001998002,0.000799200799200799,0,9.99000999000999e-05,0,0.0695304695304695,0,0,0.000699300699300699,0.0011988011988012,0.000599400599400599,0.000599400599400599,0,0.0041958041958042,0,0,9.99000999000999e-05,0,0,9.99000999000999e-05,0,0,0,0,0,0.000599400599400599,0,0,0,0,0,0,9.99000999000999e-05,0,0,0,0,0,0,9.99000999000999e-05,0,0,0,0,0,0,0.0018981018981019,0,0,0,0,9.99000999000999e-05,0,0,0,0,0,0,0,9.99000999000999e-05,0,0,0.0202797202797203,0,0,0.0004995004995005,0,0,0,0.0041958041958042,0.000899100899100899,0,0.0033966033966034,0,0,0.0014985014985015,0,0,0,0,0,0,0,0,0,0,0,0.0959040959040959,0,0,0,0,0.0003996003996004,0.0011988011988012,0,0,0,0,0.0017982017982018,0.000799200799200799,0,0,0,0,0.0020979020979021,0,0,0,9.99000999000999e-05,0,0,0.0018981018981019,0,0,0,0,0.0017982017982018,0,0,0,0,0,0,0,0,0,9.99000999000999e-05,0,9.99000999000999e-05,0,0.0002997002997003,0,0,0,0,0,0,0,0,0.0013986013986014,0,0,0,0,0,0,0,0,0,0,0,0,0.00929070929070929,0,0,0,0,9.99000999000999e-05,0,0,0,0,0,9.99000999000999e-05,0.0001998001998002,0,0,0,0,0.000999000999000999,0,0.000599400599400599,0.001998001998002,0,0,0,0,0,0,0,0,0,0,9.99000999000999e-05,0,0,0,0.000799200799200799,9.99000999000999e-05,0.0001998001998002,0,0,0,0,9.99000999000999e-05,0.0001998001998002,0,0,0.0015984015984016,0,0,0.0003996003996004,0,0,0,0,0,0,0,0,0.000999000999000999,9.99000999000999e-05,0,0.0669330669330669,0,0,0.0004995004995005,0,0,0,0,0,0,0,0.0002997002997003,0,0,0,0,0,0.0002997002997003,0,0,9.99000999000999e-05,0.0004995004995005,9.99000999000999e-05,0.0003996003996004,0,9.99000999000999e-05,9.99000999000999e-05,0.000599400599400599,0,0,9.99000999000999e-05,9.99000999000999e-05,0,0,0,0,0.486113886113886,0,0,0.0679320679320679,0.0002997002997003,0,0,0,0,0,0.127772227772228,0,0.0001998001998002,0.0002997002997003,0,0,0.0046953046953047,0,0,0.0002997002997003,0,0,0,0,0,0.0013986013986014,0,0.0003996003996004,0,0,0.0014985014985015,0
0,0,0,0.000799520287827304,0,0,0,0.0022986208275035,0,0,0,0,0,0,0,0.000799520287827304,0.00799520287827304,0,0,0.00299820107935239,0,0.00109934039576254,0,0,0,0.336997801319208,0,0,0.00809514291425145,0.00149910053967619,0,0,0,0.00279832100739556,0,0,0.00109934039576254,0.0203877673395962,0.000899460323805717,0,0.000199880071956826,0,0.0178892664401359,0,0,0.00709574255446732,0,0,9.9940035978413e-05,0.000399760143913652,0.000299820107935239,0,9.9940035978413e-05,0,0,0,0,0,0,0.00839496302218669,0.000799520287827304,0.00319808115130921,9.9940035978413e-05,0,0.00119928043174096,0,0.00169898061163302,0,0,0,0.0100939436338197,0,0,0,0,0.000799520287827304,0,0,0,0.00269838097141715,0.00389766140315811,0,0.00859484309414351,0,0,0,0.00659604237457526,0,0,0.00709574255446732,0.000699580251848891,0.00359784129522287,0.000399760143913652,0,0,0,0,0,0,0.000499700179892065,0,0.000499700179892065,0,0,0,0,0,0.0105936438137118,0.00989406356186288,0.0092944233459924,0,0,0.000499700179892065,0,0,0.0272836298221067,0,0,0.00809514291425145,0,0,0,0,9.9940035978413e-05,0.00789526284229462,0,0,0,0,0,0.00139916050369778,0.00269838097141715,0,0,0,0,0.00599640215870478,0.00789526284229462,0,0,9.9940035978413e-05,0,0,0,0,0,0.00109934039576254,0,0.00239856086348191,0,0.00109934039576254,0.00909454327403558,0,0,0,0,0,9.9940035978413e-05,0,0,0.00169898061163302,0,0,0,0,0,0.00269838097141715,0,0,0.000299820107935239,0.000299820107935239,0,0,0,0,0,0,0.000399760143913652,0,0.00179892064761143,0.00899460323805717,0,0,0,0.00269838097141715,0,0,0,0,0,0,0.0235858484909055,0.00419748151109334,0,0,0,0.000299820107935239,0,0,0,0,0,0,0.00899460323805717,0,0.00119928043174096,0,0,9.9940035978413e-05,0.00329802118728763,0,0,0,0,0.00119928043174096,0,0,0.00119928043174096,0.00789526284229462,0,0.00119928043174096,0.000899460323805717,0.0235858484909055,0,0.00129922046771937,0,0,0,0,0,0.0182890265840496,0,0,0.137417549470318,0,0,0,0,0,9.9940035978413e-05,0,0,0,0.0198880671597042,0.000699580251848891,0,0,0,0,0,0.000199880071956826,0.000499700179892065,0.000699580251848891,0,0.000699580251848891,0.0115930441734959,0.000199880071956826,0,0.000899460323805717,0.000299820107935239,0,0,0,0.000899460323805717,0.000699580251848891,9.9940035978413e-05,0,0,0,0.00109934039576254,0.000199880071956826,0.000899460323805717,0.00119928043174096,0,0,0,0,0,0,0.102138716769938,0,0,0.00789526284229462,0,0,9.9940035978413e-05,0,9.9940035978413e-05,0.000299820107935239,0.00319808115130921,0,0,0,0,0,0,0.00779532280631621,0,0,0.00379772136717969,0
0,0,0,0.00039984006397441,0,0,0.000699720111955218,0,0,0,0,0,0,0,0.00159936025589764,0,0.00349860055977609,0,0,0.000699720111955218,0,0,0,0,0,0,0,9.99600159936026e-05,0.00719712115153938,0.00169932027189124,0,0.0403838464614154,0,0,0,0,0.000699720111955218,0,0.000199920031987205,0,0,0,0,0,0,0.00519792083166733,0,0,0.000199920031987205,0.000299880047980808,9.99600159936026e-05,0,0,0,0,0,0,0.00189924030387845,0,0.00639744102359056,0,0,0,0,0,0,0,0,0.000199920031987205,0.000199920031987205,0,0,0,0,0,0,0,0,0,0,0,0,0,0,0,0.00339864054378249,0,0,0.000999600159936026,0,0,0,0.00479808076769292,0,0,0,0,0,0,0,0,0.0523790483806477,0,0,0,0.000599760095961615,0,0.0147940823670532,0.0114954018392643,0.0177928828468613,0.000499800079968013,0,0,0,0,0.055577768892443,0,0,0.000899640143942423,0.000199920031987205,0,0,0.00109956017592963,9.99600159936026e-05,0,0,0,0,0,0,0,0,0,0,0,0,0,0.00739704118352659,0.000199920031987205,0,0.000299880047980808,0,0.00339864054378249,0.000699720111955218,0,0,0.00139944022391044,0,0,0,0,0.00039984006397441,0,0,0,0,0,0,0,0,0,0,0,0,9.99600159936026e-05,0,0,0,0,0,0,0.00899640143942423,9.99600159936026e-05,0,0,0,0,0,0.00849660135945622,0,0.00139944022391044,0.000599760095961615,0,0.00249900039984006,0,0,0,0,0,0,0,0.000599760095961615,0,0.000599760095961615,0,0,0,0,9.99600159936026e-05,0,0,0,0,9.99600159936026e-05,0.110355857656937,0.0189924030387845,0,0,0.000199920031987205,0,9.99600159936026e-05,0,0,0,0.000199920031987205,0,0,0,0,0,9.99600159936026e-05,0,0,0,0.00919632147141144,0,0,0,0,0,0,0,0,0.273490603758497,9.99600159936026e-05,0,0,0,0,0,0,0,0,0,0.00109956017592963,9.99600159936026e-05,0,0,0,0,0,0,0,0,0,0.0177928828468613,0.000199920031987205,0,0,0,0,0,9.99600159936026e-05,0,9.99600159936026e-05,9.99600159936026e-05,0,0,0,0.280087964814074,0,0,0.00619752099160336,0.00039984006397441,0,0,0.000699720111955218,0,0,0.000199920031987205,0,0,0.00329868052778888,0,0,0,0,0.00179928028788485,0,0,0,0,0,0,0,0,0.00039984006397441,0,0,0.000999600159936026,0
9.99900009999e-05,0,9.99900009999e-05,0.0011998800119988,0,9.99900009999e-05,0.0002999700029997,0,0,0,0,0,0,0,9.99900009999e-05,9.99900009999e-05,0,0,0,0,0,0.002999700029997,0,9.99900009999e-05,0.000999900009999,0.235976402359764,0,0,0.0005999400059994,9.99900009999e-05,9.99900009999e-05,0,0,0.0013998600139986,0,0,0.0005999400059994,0,0.0008999100089991,0,9.99900009999e-05,0,0,0,0,0,0.0001999800019998,9.99900009999e-05,0,0.0004999500049995,0,0,0,0.0003999600039996,9.99900009999e-05,0,0,0.0015998400159984,0,0.0088991100889911,0,0.0132986701329867,0,0.0001999800019998,0,0,0.0016998300169983,0,0,0,0.0004999500049995,0,0.0001999800019998,0.012998700129987,0,0,0.0004999500049995,0,0,0.001999800019998,0.0003999600039996,0.0001999800019998,0.001999800019998,0,0,0,0,0,0.000999900009999,0.0012998700129987,0,9.99900009999e-05,9.99900009999e-05,0,0,9.99900009999e-05,0,0,0,0,0,0,0.001999800019998,0,0,0,0,0.188981101889811,0,0.0900909909009099,0.0004999500049995,0,0,0.0010998900109989,0.0003999600039996,0.0055994400559944,9.99900009999e-05,0.0001999800019998,0.0067993200679932,0,0.0001999800019998,0,0,0,0.0018998100189981,0,0,0,0,0,0,0.0678932106789321,0,0.0002999700029997,0,0,0.0155984401559844,0,0,0,0.0002999700029997,0,0,0,0,0,9.99900009999e-05,0,0.0017998200179982,0,0,0.0008999100089991,0,0,9.99900009999e-05,0,0,0,0,0,0,0,0,0,0.0056994300569943,0,0.005999400059994,0,0,9.99900009999e-05,0,0,0,0,0.007999200079992,0,0,9.99900009999e-05,0.0038996100389961,0,0,0.0004999500049995,0.0005999400059994,0,0.0001999800019998,0.0003999600039996,0,0,0,0,9.99900009999e-05,0.0038996100389961,9.99900009999e-05,0,0.0155984401559844,0,0,0,0,0,0,0,0,0,0,0.0005999400059994,0,0,0,0.0001999800019998,0,0,0,0.0001999800019998,9.99900009999e-05,0.0025997400259974,0.0031996800319968,0.0007999200079992,9.99900009999e-05,0,0.0007999200079992,0.0002999700029997,0,9.99900009999e-05,0.0012998700129987,0,0,0,0.0012998700129987,0.0013998600139986,0,0,0,0.0080991900809919,0,0,0.0003999600039996,0,0,0,0,0,0,0,0.0003999600039996,9.99900009999e-05,0,9.99900009999e-05,0,0,0,0,0.0010998900109989,0,0.0001999800019998,9.99900009999e-05,0.0004999500049995,0,9.99900009999e-05,0,9.99900009999e-05,0,0,0,0,0,0,0,0,0.0152984701529847,0,0,0.0486951304869513,0,0,0,0,9.99900009999e-05,9.99900009999e-05,0.18048195180482,0,0,0.0016998300169983,0,0,0,0,0,0.0041995800419958,0,0,0,0,0,9.99900009999e-05,0,9.99900009999e-05,0,0,0.0006999300069993,0
0,0,0,0.00409795102448776,0,0,0.0142928535732134,0,0,0,0,0,0,0,0.00079960019990005,0,0,0,0,0,0,0.00199900049975012,0.00109945027486257,9.99500249875062e-05,0.000199900049975012,0.4071964017991,0,0,0.00139930034982509,9.99500249875062e-05,0,0.0237881059470265,0,0.000699650174912544,0,0,0.000199900049975012,0,9.99500249875062e-05,0.000999500249875062,0,0,0,0.0126936531734133,0,0.0674662668665667,0,0,0.000499750124937531,0.000299850074962519,0,0.000199900049975012,0,0.000299850074962519,0,0,0,0.000399800099950025,0,0.00559720139930035,0,0,0,0,9.99500249875062e-05,0,0.00139930034982509,0,0,0.00629685157421289,0.00869565217391304,0,0,0.00719640179910045,0,0,0,0,0,0,0,0.000699650174912544,0,0,0.00269865067466267,0,0,0,9.99500249875062e-05,0,0.0467766116941529,0.000299850074962519,0,0,0,9.99500249875062e-05,0,0,0.000999500249875062,0,0,0,0.00129935032483758,0,0,0.000399800099950025,0.0136931534232884,9.99500249875062e-05,0.000599700149925037,0.00649675162418791,0.00109945027486257,0,0.000399800099950025,0,0,0.00859570214892554,0,0,0,0,0,0.00289855072463768,0,0,0,0,0,0.0104947526236882,0,0,0,0.000899550224887556,0,0,0,0,0.0164917541229385,0.00189905047476262,0,0.000499750124937531,9.99500249875062e-05,0,0,0,0,0,9.99500249875062e-05,0,0,9.99500249875062e-05,0,0,0,0,0,0,0,0,0,0.00079960019990005,0,0,0,0.0224887556221889,0,0,0,0,0,0,0,0.0104947526236882,9.99500249875062e-05,0.00399800099950025,0,0,0,0,0.00669665167416292,0,0.0251874062968516,0.00349825087456272,0,0.0108945527236382,0.000699650174912544,0,0,0,0,0,0.000499750124937531,0.000499750124937531,0.000199900049975012,0,0,0,0,0,0,0,0,0,0,0.0438780609695152,0,9.99500249875062e-05,0.000599700149925037,0.000299850074962519,0,0.000699650174912544,0.00989505247376312,0.00199900049975012,0.000899550224887556,0,0,0.000599700149925037,0.00119940029985007,0.000599700149925037,0,0,0,0,0,0,0.00119940029985007,0.00129935032483758,0,0,0,0.00079960019990005,0,0.000199900049975012,0,0.000499750124937531,0,0,0,0,0,9.99500249875062e-05,0,0.000399800099950025,0,0.0195902048975512,0.00079960019990005,0,0,0,0,0,0,0,0,0,0,9.99500249875062e-05,0,0,0,0,0.000299850074962519,0,0,9.99500249875062e-05,0,0,0.000299850074962519,0,0,9.99500249875062e-05,0,0,0.0205897051474263,0,0.000899550224887556,0.000199900049975012,0,9.99500249875062e-05,0.000199900049975012,0.0678660669665167,0,0,0.0235882058970515,0,0,0,0,0.000299850074962519,0.00299850074962519,0,0.0179910044977511,0.00109945027486257,0,0,0.000399800099950025,0,0.000299850074962519,0,0,0.0047976011994003,0
0,0,0,0,0,0,0.0021997800219978,9.99900009999e-05,0,0.0006999300069993,0,0,0,0,0.0157984201579842,0,0.0073992600739926,0,0.0013998600139986,0,9.99900009999e-05,9.99900009999e-05,0.0028997100289971,0,0.0004999500049995,0.153884611538846,9.99900009999e-05,0.0006999300069993,0.0026997300269973,0,0,0,0,0.0007999200079992,0,0,0.0008999100089991,0.0001999800019998,0,0,0,0,0,0,0,0.0016998300169983,0,0,0,0,0,0,0.0001999800019998,0,0,0.0003999600039996,0.0003999600039996,0.001999800019998,0,0.0004999500049995,0.0001999800019998,0,0,9.99900009999e-05,0,0,0.0171982801719828,0,0,0,0.0001999800019998,0,0.0003999600039996,0,0,0,0,0,0,9.99900009999e-05,0.0031996800319968,0,0.0130986901309869,0,0.0002999700029997,0.0001999800019998,0.0262973702629737,0,0.0010998900109989,0.0004999500049995,0,0.01999800019998,0,0.0057994200579942,0,0,0,0,9.99900009999e-05,0,0,0.0045995400459954,0,0.001999800019998,0.0001999800019998,0.0004999500049995,0,0.196780321967803,0.0021997800219978,0,0,0,0,9.99900009999e-05,0,0.0188981101889811,0,0,0.0300969903009699,0,0,0,0,9.99900009999e-05,0.0007999200079992,0.0013998600139986,0,0,9.99900009999e-05,0,0.0016998300169983,0.0027997200279972,0,0,0,0,0.0011998800119988,0.0096990300969903,0.0016998300169983,0,0.0676932306769323,0.0001999800019998,0,0,0,0,0.0001999800019998,0.0018998100189981,0,0,0.0002999700029997,9.99900009999e-05,0,0.0015998400159984,0,0,0,0,0,0.0026997300269973,0,0,0.0208979102089791,9.99900009999e-05,0,0,0.0055994400559944,0,0,0,0.0003999600039996,0.0014998500149985,0.0034996500349965,0,0.0011998800119988,0,0,0.0008999100089991,0,0.0030996900309969,0.0065993400659934,0,0.0010998900109989,0.0138986101389861,0,0,0,0,0,0,0,0.0047995200479952,0,0,0,0,0,0,0,0,0.0177982201779822,0,0,0,0,0.003999600039996,0,0,0,0,0,0,9.99900009999e-05,0,9.99900009999e-05,0,0.0012998700129987,0.0008999100089991,0.016998300169983,0,0,0.0054994500549945,0,0.0014998500149985,0,0,0,0.0357964203579642,9.99900009999e-05,0.0045995400459954,0.0051994800519948,0,0.0004999500049995,0.0367963203679632,0,0,0.0008999100089991,0,0,0,0,0,0,0,0,0,0,0,0,0,0,9.99900009999e-05,0,0,9.99900009999e-05,0.024997500249975,0.0005999400059994,0,0.0001999800019998,0.0010998900109989,9.99900009999e-05,0,0,0.0001999800019998,0,0,0,0,0,0.012998700129987,0,0.0010998900109989,0.108689131086891,0,0,0,0,9.99900009999e-05,0,0.0007999200079992,0,0,0.0051994800519948,0,0,0,0,0,0.0021997800219978,0.0003999600039996,0.006999300069993,0,0,0,0,0,0.0003999600039996,0,0,0.003999600039996,0
0,0,0,0,0,0,0,0,0,0,8e-04,0,0,0,1e-04,0,0,0,0,0,0,0,0,0,0,0.4593,0,0,0,0.0076,0,0,0,0,0,0,0,0,0,0,0,0,0,0,0,0,0,0,0,0,0,0,0,0,0,0,0,0,0,0.0827,0,0,0,0,0,0,0,0,0,0,0.0015,0,0,0.0016,0,0.043,0,0,0,0.0394,0,0,0,0,0,0,0,0,0,0,0,0,0,0,0,0,0,0,0,0,0,0,0,0,0,0,0,0,0,0,0,0,0,0,0,0,0,0,0,0,0,0,0,1e-04,0.0013,0,0,0,0,0,0,8e-04,0,0,0,0,0,0,0,0,0,0,0,0,0,0,0.0042,0,0,0,0,0,0,0.0295,0,0,0,0,0,0,0,0,0,5e-04,0,0,0,0,0,0,0,9e-04,0,0,0,0,0,0,0,0,0,0,0,0,0.0041,0,0,0,0,0,0,0.0424,0,0,0,0,0,0,0,0,0,0,0,0,0,0.0097,0,0,0,0,0,1e-04,0,0,0.0031,0,0.0531,0,0.0209,0,0,0,0,0,0,0,0,0,0,0,0.0217,0,0,0.0832,0,0,0,0,0,4e-04,0,0,0,0,0,0.0092,0,0,0,0,0,0,0.0019,0,0,0,0,0,0,0,0,0,0,1e-04,0.0119,0,0,0,0.0155,0.0077,0,0,0.0184,0,0,0,0,2e-04,7e-04,0,0,0,0,0,0,0,0,7e-04,0,0.0146,0,0,1e-04,0,0,0,0.007,0,0,0,0
0,0,0,0,0,0,0,0,0,9.99900009999e-05,0,0,9.99900009999e-05,0,0.0094990500949905,0,0,9.99900009999e-05,0,0,0.0044995500449955,0.0227977202279772,0,0,0,0.343165683431657,0,0,0.0003999600039996,0,0.008999100089991,0,0,0.0321967803219678,0.0088991100889911,0,0.0002999700029997,0,0,0,0,0,0,0,0,0,0.0394960503949605,0,0,0,9.99900009999e-05,0,0,0,0.0062993700629937,0,0,0.0001999800019998,0,0,0,0,0,0,0,0,0,0,0,0,0.0015998400159984,0,0,0,0,0.0142985701429857,0,0,0,0,0,0,0,0,0.0026997300269973,0,0,0,0,0.0062993700629937,9.99900009999e-05,0.0004999500049995,0.0063993600639936,0,0,0,0,9.99900009999e-05,0.008999100089991,0,0,0,0,0,0.0003999600039996,0,0.0113988601139886,0,0,0,0,0,0,0.0058994100589941,0,0,0.0032996700329967,0.0008999100089991,0.0057994200579942,0.0001999800019998,0,0,0.0024997500249975,9.99900009999e-05,0.038996100389961,0,0,0,0,0,0.0112988701129887,0.0101989801019898,0,0.0003999600039996,0,0,0.000999900009999,0,0,0,0,0,0,0,0,0,0,0,0,0.0042995700429957,0,0,0,0,0,0,0,0,0,0,0,0,0,0.0002999700029997,0,0,0,0,0,9.99900009999e-05,0,0,9.99900009999e-05,0,0,0,0,0.0006999300069993,0,0,0,0,0,0,0,0,0,0,0,0,0,0,9.99900009999e-05,0,0,0,0,0,0,0,0,0,0,0,0,0.0052994700529947,0,0,0,0.0001999800019998,0,0,0,0,0.0001999800019998,0,0,0,0,0,0.0556944305569443,0,0.015998400159984,0,0,0,0,0,0.007999200079992,0,0,0,0,0,0,0,0,0,0,0,0,0,0,0,0,0,0,0,0,0.0043995600439956,0.008999100089991,0,0.0018998100189981,0,0,0.000999900009999,0.0006999300069993,0,0,0,0,0,0,0,9.99900009999e-05,0,0,0,0,0,0,0,0.0062993700629937,0,0.0005999400059994,0,0,0,0,0.169283071692831,0,0,0.0912908709129087,0,0,0,0,0,0,0.0066993300669933,0,0,0,0,0.0025997400259974,0,0.0045995400459954,0,0,0,0
0,9.99800039992002e-05,0,0.000899820035992801,0,0,0.0001999600079984,0,0,0.00389922015596881,0,0,0,9.99800039992002e-05,0.0379924015196961,0,0,0,0,0,0,0,0.00359928014397121,0,0,0.0580883823235353,0,0,0,0,0,0,0,0.0200959808038392,0,0,0.0018996200759848,0,0.00249950009998,0,0,0,0,0,0,0.0168966206758648,0,0,0.0001999600079984,0,0,0,0,0,0,0,0,0.000799840031993601,0,0,0.000699860027994401,0,0,9.99800039992002e-05,0,0,0,0,0,0,0,0,0,0,0,0,0,0,0,0,0,0,0,0,0.0017996400719856,0.00709858028394321,0.0002999400119976,0,0,0,0,0,0,0,0,0,0.0010997800439912,0,0.0030993801239752,0,0,9.99800039992002e-05,0.001999600079984,0,0,0,0,0.0515896820635873,0,0,0,0,0.0001999600079984,0,0,0,0,0,0,0,0,0,0,0,0.0142971405718856,0,0,0,0,0,0,0,0,0,0,0,0.00919816036792642,0.0026994601079784,0,0,0.000399920015996801,0,0,0.001999600079984,0,0,0,0.00379924015196961,0,0,0,0,0,0,9.99800039992002e-05,0,0,0,0,0,0,0,0,0,0,0.000499900019996001,0.0147970405918816,0,0,0.0002999400119976,0,0,0,0,0,0,0,0.0130973805238952,0,0,0,0,0,0,0,0,0.0135972805438912,0,0,0,0,0.0317936412717457,0.000699860027994401,0,0,0,0.0338932213557289,0,0,0,0,0,0,0,0,0,0,0,0.000599880023995201,0,0,0,0,0,0,0,0,0,0.0321935612877425,0,0,0,0.0001999600079984,0,0,0,0,0,0.0110977804439112,0,0.0175964807038592,0,0,0.226954609078184,0,0.0002999400119976,0,0,0,0.0016996600679864,0,0,0,0,0.0223955208958208,0,0,0,0,0,0.000399920015996801,0,0,0,0,0,0,0,0,0,0,0,0,0,0,0,0,0,0,0.0020995800839832,0.0013997200559888,0,0.0332933413317337,0,0,0,0,0,0,0.226354729054189,0,0,0.0455908818236353,0,0,0.001999600079984,0,0,0,0,0,0,0,0,0,0,0.00539892021595681,0,0,0.0138972205558888,0
0,0,0,0,0,0,0,0.000499850044986504,0.024592622213336,0,0,0,0,0,0,0.000299910026991902,0.000499850044986504,0,0,0,0.000699790062981106,0.00349895031490553,0,0.00129961011696491,0,0.24702589223233,0,0,0.00269919024292712,0.000299910026991902,0,0,0.00119964010796761,9.99700089973008e-05,0,0,0.000499850044986504,0,0,0,0,0,0,0,0,0,0,0,0,0,0,0,9.99700089973008e-05,0,0,9.99700089973008e-05,0.000799760071978406,0,0,0,0.000199940017994602,9.99700089973008e-05,0.000799760071978406,0.000599820053983805,0,0,0,0,0,0,0.00109967009897031,0,0.000199940017994602,9.99700089973008e-05,0,0,0,0,0.00619814055783265,0,0,0,9.99700089973008e-05,0,0.000499850044986504,0,0,0,0,0.000799760071978406,0,0.00299910026991902,0.0307907627711686,0,0,0,0,0,0,9.99700089973008e-05,0,0,0,0,0,0,9.99700089973008e-05,0.107367789663101,0,0,0,0,9.99700089973008e-05,9.99700089973008e-05,0,0,0,0,0.00479856043187044,0,0,0,0,0,0.00179946016195141,0,0,0,0,0,0,0.000199940017994602,0,0.00139958012596221,0.00879736079176247,0,0.135059482155353,0,0,0,0.0827751674497651,0,0,0,0,0,0.00249925022493252,0.000199940017994602,9.99700089973008e-05,0,0.000399880035989203,0,0,0.000299910026991902,0,0,0.00379886034189743,0,0,0,0,0,0,0,0.010296910926722,0,0,0,0,0,0,0,0,0,0,0,0.000199940017994602,0.000699790062981106,0,0,0,0,0,0,0.00129961011696491,0,0,0,0,0,0,9.99700089973008e-05,0.000299910026991902,0.00369889033290013,0,0,0,9.99700089973008e-05,0,0,0,0,0,0,0,0.0234929521143657,0,0,0,0.00369889033290013,0,0,0,0,0.000199940017994602,9.99700089973008e-05,0,0.00239928021593522,0.0734779566130161,0,0.00229931020693792,0,0,0,0,0,0,0,0,0,0.00109967009897031,0,0,0.0725782265320404,0,0,0.000199940017994602,0,0,0.000899730080975707,0,0,0,0,0,0.00659802059382185,0,0,0,0,0,0.000399880035989203,0,0,0.000499850044986504,0,0.000399880035989203,0,0.000299910026991902,0,0,0,0,0.00599820053983805,0,0,0,0,0,0.0952714185744277,0,0,0,0,0,0,0,0.000299910026991902,0.00519844046785964,0,0,0,9.99700089973008e-05,0,0,0,0,0,0,0.00109967009897031,0,0.00219934019794062,0,0,9.99700089973008e-05,0,0.00329901029691093,0,0,0.00249925022493252,0
0,0,0,0,0,0,0,0,0,0,0,0,9.99600159936026e-05,0,0.00299880047980808,0,0,0,0,0,0,0.00039984006397441,0,9.99600159936026e-05,0,0.475909636145542,0,0,0.000499800079968013,0.00159936025589764,9.99600159936026e-05,0,0,0.0280887644942023,0,0,0.00179928028788485,0.0142942822870852,0,0,0,0,0,0,0,0.014594162335066,0,0,0,0,0,0,0,0,0,0,0,0,0,0,0,0.00719712115153938,0,0,0,0,0.000699720111955218,0,0,0,0,0,0,0,0,0,0,0,0,0.000199920031987205,0,0,0,0,0.0114954018392643,0,0.0261895241903239,0,0,0.00719712115153938,0,0.00719712115153938,0.00239904038384646,0,0,0,0,0,0,0,0,0,0,0,9.99600159936026e-05,0,0,0.0207916833266693,0,0,0,0,0,0.0153938424630148,0,0,0,0,0,9.99600159936026e-05,0,0,0,0.000199920031987205,0.0724710115953619,0,0,0,0,0,0,0.0244902039184326,0,9.99600159936026e-05,0,9.99600159936026e-05,0.00559776089564174,0,0,0,0,0,0,0,0,0,0,0,0,0,0,0,0,0,0,0,0,0,0,0.00149940023990404,0,0,0,0,0,0,0,0,0,0,0,0,9.99600159936026e-05,0.000199920031987205,0,0,0,9.99600159936026e-05,0.000499800079968013,0,0,0,0.000699720111955218,0,0,0,0,0,0,0,0,0.0252898840463814,0.00149940023990404,0,0,0,0,0,0,0,0,0,0,0,9.99600159936026e-05,0.00309876049580168,0,0,0,0.00039984006397441,0,0,0,0,0.00179928028788485,0,0.00269892043182727,0,0,0,0,0,0,0,0,0,0,0,0.0112954818072771,0,0.087265093962415,0,0,0.015093962415034,0,0,0,0,0,0,0,0,0,0,0,0,0,0,0,0,0,0,0,0,0,0,0.00239904038384646,0,0,0.014594162335066,0,0,0.000199920031987205,0,0,0,0,0,0,0.000199920031987205,0,0,0.0209916033586565,0,0,0,0,0,0,0.0488804478208716,0,0,0.007796881247501,0,0,0,0,0,0,0,0,0,0,0,0,0,0,0,0,0.0108956417433027,0
0.000899730080975707,9.99700089973008e-05,0,0,0,0,0,0,0,0,0,0,0,0,0.0194941517544737,0,0,0,0,0,0,0.000199940017994602,0,0,0,0.221733479956013,0,0,0,0,0,0,0,0,0,0,0.00129961011696491,0.000199940017994602,9.99700089973008e-05,0,0,0,0,0,0,0,0,0,0.00269919024292712,0,0,0,0,0,0,0,0,0,0,0,0,0,0.000299910026991902,0,0,0,0.00129961011696491,0,0.000299910026991902,0,0,0,0,0,0,0,0,0,0,0.000199940017994602,0,0,0.000199940017994602,0,0,0.000399880035989203,0.0233929821053684,0,0,0,0,0.000199940017994602,0.0174947515745276,0,0,0,0,0,0.00259922023392982,0,0,0,0,0,9.99700089973008e-05,0,0,0.409877036888933,0,0,0,0,0,0,0,0,0,0,0.00239928021593522,0,0,0,0,9.99700089973008e-05,0,0,0,0,0,0,0,0,0,0,0,0,0.00299910026991902,0,0,0,0.0733779866040188,0,0,0,0,0.000499850044986504,0,0,0,0,0,0,9.99700089973008e-05,0,0,0,0.000199940017994602,0,0,0,0,0,0,0.0148955313405978,0,0,0,0,0,0,0,0,0,0,0,0,0,0.000199940017994602,0,0,0,0,0,0,0,0,0,0,0,0,0,0,0,0,0,0,0,0,0,0,0,0,0,0,0,0.000999700089973008,0,0,0,9.99700089973008e-05,0,0,0,0,0.000299910026991902,0,0,0,0.116165150454864,0,9.99700089973008e-05,0,0,0,0,0,0,0,0,0,0,0,0,0.000199940017994602,0,0,0,0,0,0,0,0,0,0,9.99700089973008e-05,0,0,0,0,0,0,0,0,0,0.000299910026991902,9.99700089973008e-05,0,0,0,0,0,0,0,0.000799760071978406,0,0,0,0,0,0.00299910026991902,0,0,0.00759772068379486,0,0,0,0,0,0.00209937018894332,0.0635809257222833,0,0,0.00619814055783265,0,0,0,0,0,0,0,0,0,0,0,0,0,0.000499850044986504,0,0,0,0
0,0,0,0,0,0,0,0.0022002200220022,0,0,0,0,0,0,0.003000300030003,0,0,0,0,0.0029002900290029,0.0042004200420042,0.0027002700270027,0,0,0,0.105310531053105,0,0,0.0097009700970097,0.0007000700070007,0,0,0.003000300030003,0.0095009500950095,0,0,0.0037003700370037,0.0142014201420142,0,0,0,0,0,0.0077007700770077,0,0.0059005900590059,0,0,0,0,0,0,0,0,0.0004000400040004,0,0,0,0,0.0089008900890089,0,0.014001400140014,0,0,0,0,0.0074007400740074,0,0.0004000400040004,0,0,0,0,0.0009000900090009,0,0,0,0,0,0.0138013801380138,0,0,0.0025002500250025,0,0.0081008100810081,0,0,0,0,0.0138013801380138,0,0.0051005100510051,0.0039003900390039,0,0,0,0,0,0.0007000700070007,0,0,0,0,0,0,0,0.0132013201320132,0.0838083808380838,0,0.004000400040004,0,0,0,0.001000100010001,0,0,0,0,0.0062006200620062,0,0,0,0,0,0.0083008300830083,0,0,0,0,0,0.0007000700070007,0.0149014901490149,0,0,0,0,0.0032003200320032,0,0,0,0,0,0,0,0,0,0.0013001300130013,0.0002000200020002,0,0,0.0004000400040004,0.0005000500050005,0.0057005700570057,0,0,0,0,0,0,0.0042004200420042,0,0,0,0,0,0,0,0,0,0,0,0,0.0001000100010001,0,0,0,0,0.0195019501950195,0.0257025702570257,0.0001000100010001,0,0,0,0,0.0004000400040004,0,0,0,0,0,0,0.008000800080008,0.0004000400040004,0,0.0249024902490249,0,0,0,0,0,0,0,0,0,0,0.0006000600060006,0,0,0.0001000100010001,0,0,0,0,0,0.0003000300030003,0.0001000100010001,0.01000100010001,0,0.0177017701770177,0.001000100010001,0.014001400140014,0,0,0,0,0,0,0,0.0121012101210121,0,0.0106010601060106,0.0001000100010001,0,0.034003400340034,0,0,0,0,0,0,0,0,0,0,0,0,0,0,0,0,0.004000400040004,0,0,0,0.0025002500250025,0.0001000100010001,0,0,0.0007000700070007,0.0003000300030003,0,0,0,0.0001000100010001,0,0,0,0,0.0099009900990099,0.0251025102510251,0,0,0.0046004600460046,0,0,0,0.0003000300030003,0,0.0071007100710071,0.337833783378338,0,0,0.0044004400440044,0,0,0,0,0,0.0054005400540054,0.0009000900090009,0,0,0,0,0.0028002800280028,0.0005000500050005,0.0011001100110011,0.0057005700570057,0,0.0045004500450045,0.0002000200020002
0,0,0,0,0,0,0.0001999600079984,0.00489902019596081,0.0111977604479104,0.000999800039992002,0,0,0,0,0,0,0.0013997200559888,0,0,0,0,0.000599880023995201,0.0012997400519896,0.0002999400119976,0,0.0001999600079984,0,0,0.000399920015996801,0,0.0352929414117177,0,0,0.00999800039992002,0.000499900019996001,0,0,0.000599880023995201,0,0,0.0001999600079984,0,0,0.0103979204159168,0,0.00379924015196961,0,0,0.0011997600479904,0,0.0017996400719856,0,0,0,0,0,0,0,0.000499900019996001,0.000399920015996801,0.000499900019996001,0,0,0,0.0010997800439912,0,0.0010997800439912,0,0,9.99800039992002e-05,0,0,0,0,0,0,0,0,0,9.99800039992002e-05,0,0.0017996400719856,9.99800039992002e-05,0,0,0.0017996400719856,9.99800039992002e-05,0,0.000899820035992801,0.00449910017996401,0,9.99800039992002e-05,0.0160967806438712,0,0,0,0,0,0.00459908018396321,0.0021995600879824,0,0,0,0,0,0,0,0.00419916016796641,0,0.000399920015996801,0,0,0,0,0,0.0143971205758848,0,0,0,0,0,0,0,9.99800039992002e-05,0.0305938812237553,0,0,0.000999800039992002,0,0,0.00479904019196161,0.00249950009998,0,0,9.99800039992002e-05,0,0.118176364727055,0.00919816036792642,0,0,0,0,0.00529894021195761,0.0002999400119976,0,0,9.99800039992002e-05,0.0031993601279744,0,0,0.000499900019996001,0.0013997200559888,0,0,9.99800039992002e-05,0,0,9.99800039992002e-05,0.0138972205558888,0.016496700659868,0,0,0,0.0220955808838232,0,0,0,0,0,0,0.000899820035992801,0,0,0,0,0,0,0,0.0020995800839832,0,0.0371925614877025,0.000599880023995201,0,0,0.000399920015996801,0,0,0,0,0,0,0.0018996200759848,9.99800039992002e-05,0,0,9.99800039992002e-05,0.0028994201159768,0,0,0,0,0,9.99800039992002e-05,9.99800039992002e-05,0,0.000399920015996801,0.0001999600079984,0,0,9.99800039992002e-05,0,0,0.0001999600079984,0,0.000599880023995201,0,0.00399920015996801,0,0,0,0.0002999400119976,0.0020995800839832,0,0,0.001999600079984,0,0,0,0,0.000799840031993601,0.0016996600679864,0,0,0.0396920615876825,0,0,0.000699860027994401,0,0,0.00459908018396321,0,0,0,0,0.01749650069986,0,0,0,0,0,0,0.000399920015996801,0,0,0,0.000499900019996001,0.001499700059988,0,0,0,0.000699860027994401,0,0.000399920015996801,0.0001999600079984,0,0,0,0,0.00579884023195361,0.0012997400519896,0,0.000799840031993601,0.0589882023595281,0,0,0,9.99800039992002e-05,0,0.002999400119976,0.376424715056989,0,0,0.00949810037992401,0,0,0.0001999600079984,0,0.001499700059988,0.000899820035992801,0.002999400119976,0,0,0,0,0.0354929014197161,0,0.0001999600079984,0,0,0.00759848030393921,0
0,0,0,0,0,0,9.99500249875062e-05,0.00309845077461269,0,0.00119940029985007,0,0,0.000199900049975012,0.0302848575712144,0.00079960019990005,0,0,0,0,0,0.00729635182408796,0,0,0,0.000699650174912544,0.000999500249875062,0.000299850074962519,0,0.000499750124937531,0.000399800099950025,0,0,0,0.00599700149925037,0,0,0.000399800099950025,0,0,0,9.99500249875062e-05,0,0,0.0117941029485257,0,0.00579710144927536,0,0,0,0,0,0,0,0,0,0,0,0.00589705147426287,0,0,0,0.00679660169915042,0,0,0,0,0.0133933033483258,0,0.000999500249875062,0,0.00209895052473763,0,0,0.0131934032983508,0,0.000199900049975012,0,0,0,0,0.000399800099950025,0,0,0,0.0992503748125937,0.00129935032483758,0.0223888055972014,0,0,0.0133933033483258,0.0336831584207896,0.000199900049975012,9.99500249875062e-05,0.00379810094952524,0,0,0,0,0.00679660169915042,0,0.000199900049975012,0,0,0,0.00249875062468766,0.000699650174912544,0.00629685157421289,0.000299850074962519,0.0106946526736632,0,0,0,0,0.00829585207396302,0,0.0126936531734133,0,0,0,9.99500249875062e-05,0,0,0.0128935532233883,9.99500249875062e-05,0.00079960019990005,0.00599700149925037,0,0,0,0.00519740129935032,0.00589705147426287,0.0365817091454273,0,0,0,0,0.00649675162418791,0,0,0,0.00269865067466267,0,0,0,0.00839580209895052,0,0,0.00699650174912544,0,0,0.00249875062468766,0.000399800099950025,0,0,0.00149925037481259,0,0,0,0.00339830084957521,0.00439780109945028,0,0,0.0281859070464768,0,0,0,0.00609695152423788,0,0,9.99500249875062e-05,0,0,9.99500249875062e-05,0,0,0,0,0.00619690154922539,0,0,0.00899550224887556,0,0,0.0015992003998001,0,0,0,0,0,0,0,0.00219890054972514,0.000399800099950025,0,0.0160919540229885,0,0,0.000199900049975012,0,0,0,0,0,0,0,0,0,0,0,0,0,0,0.000399800099950025,0,0.00209895052473763,0,0,0.0095952023988006,0,0.00309845077461269,0,0.00189905047476262,9.99500249875062e-05,0,0.00199900049975012,0.000499750124937531,0.000499750124937531,0,0.00229885057471264,0.00179910044977511,0.024087956021989,0,0.000399800099950025,0.0919540229885057,0,9.99500249875062e-05,0,0,0,0.000399800099950025,0,0,0,0,0,0,0,0,0,0,0.0031984007996002,0,0,9.99500249875062e-05,0,0.0015992003998001,0.00539730134932534,0,0.00109945027486257,0,0,0,0,0,0,0,0,0,0,0.000499750124937531,0,0,0.00549725137431284,0,0,0,0.0819590204897551,0,0,0.208695652173913,0,0,0.00379810094952524,0,0,0,0,0,0.00259870064967516,0.00079960019990005,0,0,0,0,0.0186906546726637,0,0.00129935032483758,0,0.000299850074962519,0.00879560219890055,0.00439780109945028
0,0,9.99600159936026e-05,0.00039984006397441,0,0,0.000199920031987205,0,0,0.00139944022391044,0,0,0,0,0.000199920031987205,0,0.00189924030387845,0,0,0.00829668132746901,0.000199920031987205,9.99600159936026e-05,0.00129948020791683,0,0.000899640143942423,0.0714714114354258,0,0,0.00119952019192323,0.00129948020791683,0.0288884446221511,0,9.99600159936026e-05,0,0,0,0.000699720111955218,0,0,0,0,0,0,0.00189924030387845,0,0,0,9.99600159936026e-05,0.00239904038384646,0,0,0,9.99600159936026e-05,0,0,0,0,0.000999600159936026,0,0.00129948020791683,0,0,0,9.99600159936026e-05,0,0,0.0136945221911235,0,0,0,0.000199920031987205,0,0.000199920031987205,0.000199920031987205,0,0,0,0,0,0.00179928028788485,0,9.99600159936026e-05,0.0191923230707717,0,0,9.99600159936026e-05,0.00859656137544982,9.99600159936026e-05,0,0.00259896041583367,0,0.00159936025589764,0,0.00149940023990404,0,0,0,0,0,0,0,0,0.00079968012794882,0,0,0.000599760095961615,9.99600159936026e-05,0.0768692522990804,0,0.0079968012794882,0,0,0,0,0,0.00939624150339864,0,9.99600159936026e-05,0,0,0,0,0.0100959616153539,9.99600159936026e-05,0.00209916033586565,0,0.00269892043182727,0,0,0,0.00119952019192323,0.0187924830067973,0,9.99600159936026e-05,0.00039984006397441,0,0.0432826869252299,0.00219912035185926,0,0,0,0,0,0,0,0,0.00159936025589764,0.0117952818872451,0.00109956017592963,0,0,0.000299880047980808,0,0,9.99600159936026e-05,0,0.00219912035185926,0,0.000199920031987205,0,0,0,0,9.99600159936026e-05,0,0,0,0,0,0.0142942822870852,0,0.00609756097560976,9.99600159936026e-05,0,0.00719712115153938,0,0,0,0.00319872051179528,0,0.00359856057576969,0,0,0.000599760095961615,0.000299880047980808,0,0,0,0,0,0,0.00179928028788485,0,0,0,0,0,0,0,0,0,0,0,0,0,0,0,0,0,9.99600159936026e-05,0,0,0.000499800079968013,0,0,0,0,0.00079968012794882,9.99600159936026e-05,0,0.00269892043182727,0,0.00139944022391044,0,0,0,0.000199920031987205,0,0,0,0.00279888044782087,0,0,0.0378848460615754,0,0,0,0.000299880047980808,0,0.000699720111955218,0,0,0,0.00119952019192323,0,0,0.00129948020791683,9.99600159936026e-05,0,0,0,0,9.99600159936026e-05,9.99600159936026e-05,0.000299880047980808,0,0.00039984006397441,0,0,0.00039984006397441,0,0,0,0,0,0,0,0,0.000499800079968013,0.0162934826069572,0,0.00039984006397441,0.0330867652938825,0,0.000699720111955218,0,0,0,9.99600159936026e-05,0.458116753298681,0,0,0.00119952019192323,0,0,0,0,0,0,0.00079968012794882,0,0,0,0,0,0,0.0279888044782087,0.00169932027189124,0,0.000899640143942423,0
0,9.99700089973008e-05,0,0.000399880035989203,0,0,0,0,0,0.00229931020693792,0,0,0,0.000499850044986504,0,0,0,0,0,9.99700089973008e-05,0,0,0.000499850044986504,0,0,0.256023193042087,0,0,0,0,0.0456862941117665,0,0,0.00579826052184345,0,0,0,0.0143956812956113,0.00459862041387584,0,0,0,0,0,0,0,0,0,0.000499850044986504,0,0,0,0,0,0,0,0,0,0,0,0,0,0,0,0,0,0.0570828751374588,0,0,0,0,0,0,0,0,0,0,0,0,0,0,0,0,0,0,0,0,9.99700089973008e-05,0.000199940017994602,0.00119964010796761,0,0.00379886034189743,0.0230930720783765,0,0,0,0,0,0.000299910026991902,0,0,0,0,0,0,0,0,0.28851344596621,0,0.00119964010796761,0,9.99700089973008e-05,0,0,0,0.0354893531940418,0,0.000499850044986504,0,9.99700089973008e-05,0,0,0.00359892032390283,9.99700089973008e-05,0.000699790062981106,0,0,0,0,0,0.000199940017994602,0,0,0,0,0,0.00349895031490553,0,0,0,9.99700089973008e-05,0,0,0,0,0,0,0.00149955013495951,0,0,0,0.000199940017994602,0,0,0,0,0,0,0,0.00349895031490553,0,0,0,0,0,0,0,0,0,0,0,0,0,0,0,0.000399880035989203,0,0,0,0,0.00219934019794062,0,0,0,0,0,0,0,0,0,0,0.00449865040487854,0,0,0,0,0,0,0,0,9.99700089973008e-05,0,0,0,0,0,0,0,0,0,0,0,0,0,0,0,0.0135959212236329,0,0.00729781065680296,0,0,0,0,0,0.00129961011696491,0,0,9.99700089973008e-05,0,0.00129961011696491,0.00979706088173548,0,0,0.047185844246726,0,0,0,0,0,0,0,0,0,0,0,0,0,0,0,0,0,0,0,0,0,0,0,0,0,0,0,0,0,0,0,0,0,0,0,0.00859742077376787,0,0.00209937018894332,0.000899730080975707,0,0.000299910026991902,0,9.99700089973008e-05,0,0.000399880035989203,0.103968809357193,0,0,0.0274917524742577,0,0,0,0,0,0,0,0,0,0,0,0.000799760071978406,0,9.99700089973008e-05,0,0,0.0114965510346896,0
0,0.00309845077461269,0,0,0,0.000399800099950025,9.99500249875062e-05,0,0,0.000499750124937531,0,0,0,0,9.99500249875062e-05,0,0.000299850074962519,0.000299850074962519,0,0,0.00669665167416292,0.0015992003998001,0,9.99500249875062e-05,0,0.0472763618190905,0,0,0.000399800099950025,0.00129935032483758,0,0,0,0.00439780109945028,0,0,0.00499750124937531,0,0,0,0,0,0,0,0,0,0,0,0,0,0.000199900049975012,0,0,0,0,9.99500249875062e-05,0,0,0,0.0353823088455772,0,0.00079960019990005,0,0.000299850074962519,0,0,0.0287856071964018,0,0.00109945027486257,0,0.00209895052473763,0,0,0.00199900049975012,0,0,0,0,9.99500249875062e-05,0.00899550224887556,0,0,0.0538730634682659,0,0,0.000199900049975012,0,0,0,0.00349825087456272,0,0.000199900049975012,0.000199900049975012,0,0,0,0,0,0,9.99500249875062e-05,0,0.000899550224887556,0,0.00109945027486257,0.000299850074962519,0.000599700149925037,0,0.180709645177411,0.00379810094952524,0,0,0,0,0.0257871064467766,0,0,0,0,0,9.99500249875062e-05,0,0,0,0,0.00259870064967516,0,9.99500249875062e-05,0,0,0.0135932033983008,0.0132933533233383,0.0524737631184408,0,0,0.00709645177411294,9.99500249875062e-05,0.00199900049975012,0,0,0,0.00079960019990005,0,0.00629685157421289,0.000299850074962519,0,0.0334832583708146,0.00189905047476262,0.0114942528735632,0.000499750124937531,0,0.00229885057471264,0,0,0,0,0,0.00399800099950025,0,0,0,0,0.00209895052473763,0.00579710144927536,0,0,0,0.00189905047476262,0,0,0.00249875062468766,0.000599700149925037,0,9.99500249875062e-05,0,0,0,0.000899550224887556,0,9.99500249875062e-05,0.00829585207396302,0,0.00119940029985007,0,0.00239880059970015,0.00289855072463768,0,0,0,0,0,0,0,0,0.000199900049975012,0.0181909045477261,0,0,0,0,0,0,0,0,0.00589705147426287,0,0.00079960019990005,0.00129935032483758,0,0,0.000199900049975012,0.00119940029985007,0,0,0,0.00149925037481259,0,0,0,0.00899550224887556,0,0,0.00409795102448776,0.0260869565217391,0.000199900049975012,0.00899550224887556,0,0,0.00119940029985007,0,0.00419790104947526,0,0,0,0.00369815092453773,0,0.00079960019990005,0.000499750124937531,0.00609695152423788,0,0,0,0,0,0,0.00199900049975012,0.00509745127436282,0,0,9.99500249875062e-05,0,0,9.99500249875062e-05,0.00179910044977511,0,0.00329835082458771,0.000599700149925037,0.00079960019990005,0,0.00129935032483758,0,0,0,0,0.000499750124937531,0,0,0,0,0.00279860069965018,9.99500249875062e-05,0,0,0.0248875562218891,0,0,0,0.000399800099950025,0,0.000299850074962519,0.214392803598201,0,0,0.0391804097951024,0,0,0,0,0,0,0.00079960019990005,0,0,0,0,0.0015992003998001,0,0.00149925037481259,0,0,0.000399800099950025,0
0,0,0,0,0,0,0,0.00159952014395681,9.99700089973008e-05,0.000499850044986504,0,0,9.99700089973008e-05,0,0.000699790062981106,0,0.000299910026991902,0,0,0.00279916025192442,0.00729781065680296,0.00139958012596221,0.000799760071978406,0,0.000599820053983805,0.0938718384484655,0,0,0.00219934019794062,0,0.023592922123363,0,0.000399880035989203,0.00259922023392982,0,0,0.000199940017994602,0.0129961011696491,0,0,0,0,0,0.00289913026092172,0,0.0204938518444467,0,0,0,0,0.000699790062981106,0,9.99700089973008e-05,0,0.000299910026991902,9.99700089973008e-05,0,0,0,0.0269919024292712,0,0.0171948415475357,0,0,0,0.00679796061181645,0.00719784064780566,0,0,0,0.00119964010796761,0,0,0.00219934019794062,0.00269919024292712,0,0,0,0,0.0109967009897031,0.00279916025192442,0,0.018594421673498,0,0.00459862041387584,0,0,0,0,0.000599820053983805,0.00209937018894332,0.00149955013495951,0,0,0,0.000199940017994602,0,0,0,0,0.000199940017994602,0,0,0,0,0.000399880035989203,0.000299910026991902,0.033889833050085,0.0238928321503549,0.000799760071978406,0,0,0.0178946316105168,0.000999700089973008,0,0.0136958912326302,0,0,0.0268919324202739,0,0.000499850044986504,0.00339898030590823,0,0,0,0,0,0.000599820053983805,9.99700089973008e-05,0.00709787063880836,0.0168949315205438,0.0596820953713886,0,0,0,0,0.00309907027891633,0.00319904028791363,0,0.000299910026991902,0,0,0,0,0,0,0.00399880035989203,0.00199940017994602,0,0.000599820053983805,0.00229931020693792,0.0127961611516545,9.99700089973008e-05,0,9.99700089973008e-05,0,0,0,0.000299910026991902,0.00969709087273818,0,0,0.0159952014395681,0.0101969409177247,0.000199940017994602,0,0.00319904028791363,0,0,0,0.00259922023392982,0,0,0,0,0.000199940017994602,0,0.0121963410976707,0.0155953214035789,0,0.0290912726182145,0,0,0.00189943017094872,0,0,0,0,0.00419874037788663,0,0,0.000199940017994602,0,0,0.00159952014395681,0,0,0,0,0,0,0,0,0,0,0.00109967009897031,0,0,0,9.99700089973008e-05,0,0.00729781065680296,0.000299910026991902,0.000299910026991902,9.99700089973008e-05,0,0.0208937318804359,0.000899730080975707,0,0,0,0,0.000199940017994602,9.99700089973008e-05,0.00309907027891633,0,0,0,0.00409877036888933,0.00169949015295411,0.0180945716285114,0,0.000199940017994602,0.00339898030590823,0,0,0,0,0,0,0,9.99700089973008e-05,0,0.00219934019794062,0,0,0,0,0,0,0.000999700089973008,0.000299910026991902,0.00269919024292712,0,0.000299910026991902,9.99700089973008e-05,0,0,0.000299910026991902,0.000499850044986504,0.000599820053983805,0,0,0,0,0,0.000399880035989203,0.000399880035989203,0,0.0131960411876437,0,0.00379886034189743,0.00519844046785964,9.99700089973008e-05,0,0.000299910026991902,0,9.99700089973008e-05,0.000599820053983805,0.249125262421274,0,0,0.014295711286614,0,0,0,0,0,0.00809757072878137,0,0,0,0,0,9.99700089973008e-05,0.00499850044986504,0,0,0,0.00409877036888933,0
0.0005999400059994,0,9.99900009999e-05,0.0005999400059994,0,0,0,0,0,0,0,0,0,0,0.0041995800419958,0,0,0,0,0.0045995400459954,0,0.0006999300069993,0.0055994400559944,0.0031996800319968,0.0003999600039996,0.191380861913809,0,0,0,0.0142985701429857,0,0,0,0,0,0,0.0003999600039996,0,0,0.0044995500449955,0,0,0,0,0,0,0,0,0.0002999700029997,0.0015998400159984,0,0,0,0.0004999500049995,0,0,0,0.0017998200179982,0,0,0.0008999100089991,0,0,0,0,0,0.0026997300269973,0,0,0,0.0156984301569843,0,0,0,0,0,0,0,0,0.0062993700629937,0,0,0,0,0,0.0010998900109989,0,0,0.0013998600139986,0,0,0.0057994200579942,0,0,0,0.0006999300069993,0,0,0,0,0,0.0057994200579942,0.0003999600039996,0,0,0,0,0.0583941605839416,0,0.0142985701429857,0,0,0.0001999800019998,0,0,0.0080991900809919,0,0,0,9.99900009999e-05,9.99900009999e-05,0,0,0,0.0187981201879812,0,0,0.0011998800119988,0,0,0,0,0,0,9.99900009999e-05,0,0.126987301269873,0.0111988801119888,0,0,0,0,0,0,0,0,0,0.0023997600239976,0,0.0002999700029997,0,0,0,0,9.99900009999e-05,0,0,0,0,0,0,0,0,0,0,0,0.001999800019998,0,0,0,0,0.003999600039996,0,0.0004999500049995,9.99900009999e-05,0,0,0,0,0,0.0480951904809519,0,0,0,0,0,0,0,0,0,0,0,0,0,0,0.0002999700029997,0,0,0,0,0,0,0,0,0,0.0022997700229977,0,9.99900009999e-05,0.0006999300069993,0,0,0,0,0,0.0007999200079992,0,0.0072992700729927,0,0.0693930606939306,0,0,0,0,0,0.0020997900209979,0.0097990200979902,0,0,0,0,0,0,0.0004999500049995,0.0294970502949705,0.0001999800019998,0,0,0.0001999800019998,0,0,0,0,0,0.0670932906709329,0.0028997100289971,0.0008999100089991,0,0,0,0,0,0,0,0.0001999800019998,0.0005999400059994,0.0013998600139986,0,0,0.0015998400159984,0.0013998600139986,0,0,0,0,0,0,0,0,0,0.000999900009999,0,0,0,0,0,0,0,0,0,0.1998800119988,0,0,0.0120987901209879,0,0,0,0,0,0,0,0,0,0,0,0,0,0.0006999300069993,0,0,0.0144985501449855,0
0.0002999700029997,0,0,0.0005999400059994,0,0,0,0,0,0,0,0,0,0,0.0004999500049995,0,0,0,0,0,0,0,0.0023997600239976,0,0.0024997500249975,0.3999600039996,0,0,0,0,0.0102989701029897,0,0,0.0098990100989901,0,0,0.0005999400059994,0.0001999800019998,0.0002999700029997,0,0,0,0,0,0.0008999100089991,0.0072992700729927,0,0,0.0018998100189981,0,0,0,0,0,0,0,0,0.0007999200079992,0,0.000999900009999,0,0.001999800019998,0,0,0,0,0.0031996800319968,0,0,0,0,0,0,0,0,9.99900009999e-05,0,0,0,9.99900009999e-05,0.0020997900209979,0,0,0,0,0,0,9.99900009999e-05,9.99900009999e-05,0.0026997300269973,0,0.0001999800019998,9.99900009999e-05,0,0,0.0012998700129987,0,0,0,0,0,9.99900009999e-05,0,0,0,0,0,0.0054994500549945,0.0005999400059994,0.0021997800219978,0,0,0.0028997100289971,0.0081991800819918,0,0.0093990600939906,0,0,0,0.0004999500049995,0,0,0,0,0,0,9.99900009999e-05,0,0,0,0,0,0,9.99900009999e-05,0,0.0030996900309969,0.0235976402359764,0,0,0,0.0001999800019998,0,0,0,0,0,0,0,0,0,0,0,0,0,0,0,0,0,0.0007999200079992,9.99900009999e-05,0,0,0,0,0,0,0.0022997700229977,0,0,0,0,0,0,0,0,0,0,0,0.0028997100289971,0,0,0.0027997200279972,0,0.0015998400159984,0,0,0,0,0,0,0,0.0087991200879912,9.99900009999e-05,0,0,0,0.0012998700129987,0,0,0,0,0,0,0,0.0781921807819218,0,0,0,0,0,0,0,0,0,0,0,0.0024997500249975,0,0,0,0,0,0,0.0038996100389961,0.0026997300269973,0,0,0,0.0036996300369963,0,0.0233976602339766,0,0,0.0188981101889811,0,0,0,0,0,0,0,0,0.0095990400959904,0,0,0,0,0,0,0,0.0121987801219878,0,0,0,0,0,0,0,0,0,0,0,0,0,0,0,0,0.0030996900309969,0,0.0311968803119688,0,0,0.0092990700929907,0.101789821017898,0.0002999700029997,0,0,0,0,0.129087091290871,0,0,0.0193980601939806,0,0,9.99900009999e-05,0,0,0,0,0.0045995400459954,0,0,0,0.0020997900209979,0,0,0,0,0.0152984701529847,0
0,0,0,0.0015998400159984,0,0,0.0118988101189881,0,0,0,0.0001999800019998,0,0,0,0.0667933206679332,0.0002999700029997,0.0021997800219978,0,0,0,0,9.99900009999e-05,0.0046995300469953,0.0005999400059994,0,0.0591940805919408,0,0,0.0032996700329967,0,0,0,0,0.0116988301169883,0,0,0,0,0,0,0,0,0,0,0,0,0,0,0,0,0,0,0,0.0004999500049995,0,0.0002999700029997,0,0.0045995400459954,0,9.99900009999e-05,0,0,0,0,0,0,0,0.0024997500249975,0,0,0.000999900009999,0,0.0004999500049995,0,0,0,0,0,0,0,0,0,0.0003999600039996,0,0,0,0,0,0.0005999400059994,0,0,0.0010998900109989,0,0,0,0,0,0,0,0,0,0,0.0028997100289971,0.0003999600039996,0.0006999300069993,0,0,0.0001999800019998,0,0.0006999300069993,0,0,0.0001999800019998,0,0,0.0166983301669833,0.0001999800019998,0,0,9.99900009999e-05,0.0007999200079992,0,0,0,0.0085991400859914,0,0.012998700129987,0,0,0,0,0,0,0,9.99900009999e-05,0,0,0,0,0,0,0,0,0,0,9.99900009999e-05,9.99900009999e-05,0.024997500249975,0,0,0,0,0,0,0.0001999800019998,0,0,0,0,0.0034996500349965,9.99900009999e-05,0,0,0,0,0.0006999300069993,0.0024997500249975,0,0,0.0033996600339966,9.99900009999e-05,0.0293970602939706,0,0,9.99900009999e-05,0,0,0.0004999500049995,0.0017998200179982,0,0.0141985801419858,0.000999900009999,0,0.0031996800319968,0,9.99900009999e-05,0,0,0,0,0,0.0081991800819918,0,0,0,0,0,0,0,0,0,0,0,0,0,0.0008999100089991,0,0,0,0,0,0.0037996200379962,0,0,0,0,0.0001999800019998,0.0004999500049995,0,0,0.0058994100589941,0,0,0,0.001999800019998,0,0,0,0,0,0,0,0,0.0508949105089491,0,0,0.0002999700029997,0.0014998500149985,0,0,0,0,0,0,0,0.0021997800219978,0,0,0,0,0,0,0.0012998700129987,9.99900009999e-05,0,0.0020997900209979,0,0,0.0002999700029997,0,0,0,0,0,9.99900009999e-05,0,0,0,0.0122987701229877,0.25047495250475,0,0,0.297970202979702,0,0.0001999800019998,0,0,9.99900009999e-05,0,0.0425957404259574,0,0,0.0018998100189981,0.0003999600039996,0,0,0,0,0,0.0002999700029997,0,0,0,0,0.0004999500049995,0,0.0012998700129987,0,0,0.0068993100689931,0
0,0,0,0,0.000699580251848891,0,0.00289826104337398,0,0,0,0.000599640215870478,9.9940035978413e-05,0,0,0.000799520287827304,9.9940035978413e-05,0.000899460323805717,9.9940035978413e-05,0,0,0,0.000599640215870478,0,0,0,0.433539876074355,0.000299820107935239,0,0.000399760143913652,0,0,0,0,0.00559664201479113,0,0.0281830901459125,0.00139916050369778,0,9.9940035978413e-05,0,9.9940035978413e-05,0,0,0,0,0.0170897461523086,0,0.000299820107935239,0,9.9940035978413e-05,0,0,0,0,9.9940035978413e-05,0,0,9.9940035978413e-05,0,0,0,0,9.9940035978413e-05,0,0,0,0,0,0,0,0.000599640215870478,0,0,0,0,0,0,0,0,0,0,0,0,0,0,0,0.0161902858285029,0,0,0,0,0.00199880071956826,0.00719568259044573,0,0.00879472316610034,0,0,0,0.00129922046771937,0,0,0.0129922046771937,0.0022986208275035,0,0,0.000199880071956826,0,0,0.00259844093543874,0,0.00279832100739556,9.9940035978413e-05,0,0.00119928043174096,0,0.000299820107935239,0,0,0,0,9.9940035978413e-05,0.00729562262642415,0,0,0.00679592244653208,0,0,0,0,0,0.000499700179892065,0,0,0,9.9940035978413e-05,0,0.0276833899660204,0.00609634219468319,0,0,0.000899460323805717,0.000299820107935239,0,0.000799520287827304,0,0,0,0.0106935838496902,0,0,0,0.00679592244653208,0,0,0,0,0,0,0,0.0214871077353588,0,0,0,0,0,0.000599640215870478,0.00219868079152508,0,0,0.000999400359784129,0,0.0253847691385169,0,0.000399760143913652,0.00149910053967619,0,0,0.00319808115130921,0,0.00129922046771937,0.00729562262642415,0,0,0.004597241655007,0,0,0,0,0.00749550269838097,0,0,0,0,0,0.000399760143913652,0,0,0,0,0,0,0,0,9.9940035978413e-05,0,0.00259844093543874,0.00159904057565461,0,0,0.000199880071956826,0,0,0,0,0.000299820107935239,0,0,0.00149910053967619,0.0101938836697981,0,9.9940035978413e-05,0,0.00529682190685589,0,0.0110933439936038,0,0,0.000199880071956826,0,0.000599640215870478,0.00279832100739556,0,0,0.141914851089346,0,0,0.000599640215870478,0,0,0.00189886068358985,0,0,0,0.00519688187087747,0,0,0,0,0.000799520287827304,0,0,9.9940035978413e-05,0,9.9940035978413e-05,0,0.000899460323805717,0.000399760143913652,0,0,0.000699580251848891,0.000299820107935239,0,0,0.000599640215870478,0,0,0,0,0,0.0101938836697981,0.000199880071956826,0,0.0550669598241055,0,0.000299820107935239,0,0,0,0.00139916050369778,0,9.9940035978413e-05,0,0.0156905856486108,0,0,0,0,9.9940035978413e-05,0,0.000899460323805717,0,0,0,0,0.000199880071956826,9.9940035978413e-05,0,0,0,0.0157905256845892,0.0121926843893664
0,0,0,0,0,0,0,9.99000999000999e-05,0,0,0.000699300699300699,0,0,0.001998001998002,0.126773226773227,0,0,9.99000999000999e-05,0,0,0,9.99000999000999e-05,0,0,0,0.0805194805194805,0,0,0.001998001998002,0,9.99000999000999e-05,0,0,0.0037962037962038,0,0.002997002997003,0.000999000999000999,9.99000999000999e-05,0.0004995004995005,0,0,0,0.001998001998002,0.000899100899100899,0,0.00999000999000999,0,9.99000999000999e-05,0,0,0.0001998001998002,0,0,0,0.0003996003996004,9.99000999000999e-05,0,0,0,9.99000999000999e-05,0,0,0,0,0,0,0.0004995004995005,0,0,0,9.99000999000999e-05,0,0.0004995004995005,0.0017982017982018,0,0,0,0,0,0,0,9.99000999000999e-05,0.0002997002997003,0,9.99000999000999e-05,0,9.99000999000999e-05,0,0,0.0037962037962038,0,0.0003996003996004,0.0303696303696304,0,0,0.00909090909090909,0,0,0.0047952047952048,0,0,0,0,9.99000999000999e-05,0.0001998001998002,9.99000999000999e-05,0.000799200799200799,0.027972027972028,0.0180819180819181,0,0,9.99000999000999e-05,0,0.0001998001998002,0,0,0,0,0,9.99000999000999e-05,0,0,0,0.000599400599400599,0.0228771228771229,0.0004995004995005,0,0,9.99000999000999e-05,0.0015984015984016,0.0003996003996004,0,0,0,0,0,0.100899100899101,0,0,0,0.173026973026973,0,0,0,0,0,9.99000999000999e-05,0.0043956043956044,0,0,0,0.0021978021978022,0,0,9.99000999000999e-05,0,0,0,0,0.0027972027972028,0,0,0.0130869130869131,9.99000999000999e-05,0,0,0,0,0,0,9.99000999000999e-05,0,0.0002997002997003,0,0,0,0,0.0010989010989011,9.99000999000999e-05,0,0.0030969030969031,0,0,0,0,0,0,0,0,0.0026973026973027,0,0.0022977022977023,0,0,0,0,0.0024975024975025,0,0,0,0,0,0,0.0001998001998002,0,0.0030969030969031,0.0002997002997003,0,0,0,0.0001998001998002,0,0,0.0001998001998002,9.99000999000999e-05,0,0.0011988011988012,9.99000999000999e-05,0.0368631368631369,0,0,9.99000999000999e-05,0.0022977022977023,0,0.0018981018981019,0,0.051048951048951,0,0.0001998001998002,0.0002997002997003,0.0001998001998002,0.0003996003996004,0,0.0352647352647353,0,0,0,0,0,0,9.99000999000999e-05,0,0,0,0,0,0,0,0,0,0,0.0001998001998002,0.0004995004995005,0,0.0014985014985015,0.023976023976024,0,0,9.99000999000999e-05,0.0002997002997003,0,0,0,0.0002997002997003,0,0,0,0,0,0.0647352647352647,0,9.99000999000999e-05,0.0942057942057942,0,0,0,0,0,9.99000999000999e-05,0.000699300699300699,0,0,0.0002997002997003,0,0,0,0,0,0,0.0002997002997003,0,0,0,0,0.00579420579420579,0,0.002997002997003,0,0,0.000699300699300699,0
0.00189943017094872,0,0,0,0,0,0,0,0,0,0,0,0,0,0.00199940017994602,0,0.00519844046785964,9.99700089973008e-05,0,0,0,0,0,0,0,0,0,0,0,0,0,0,0,0,0.000299910026991902,0,0.000799760071978406,0,0,0,9.99700089973008e-05,0,0,0,0,0,0,0,0,0,0,0,0,0,0,0,0,0,0,9.99700089973008e-05,0,0,0,9.99700089973008e-05,0,0,0.010296910926722,0,0,0,0,0,0,0,0,0,0,0,0,9.99700089973008e-05,0,9.99700089973008e-05,0,0,0,0.000199940017994602,0,0,0,0,0,0.000899730080975707,0.0294911526542037,0,0,0,0,0,0,0,0,0.000399880035989203,0.00149955013495951,0,0,0,0,0.797860641807458,0,0,0,0,0,0.00299910026991902,0,0,0,9.99700089973008e-05,0.00449865040487854,0,0.000499850044986504,0,0,0,0.00199940017994602,0,0,0,0,0,0,0,0,0,0,0,0.0312906128161552,0,0,0,0.063480955713286,0,0,0,0,0,0.00139958012596221,0,0,0,0,0,0,0,9.99700089973008e-05,0,0,0,0,0,0,0,0,0,0,0,0,0,0,0.00139958012596221,0,0,0,0,0,0,0,0,9.99700089973008e-05,0,0,0,0,0,0,0.00119964010796761,0,0,0,0,0,0,0.000899730080975707,0,0,0,0,0,0,0,0,0,0,0,0,0.00129961011696491,0,0,9.99700089973008e-05,0,0,0,0,0,0,0,9.99700089973008e-05,0,0,0,0.000399880035989203,0,0,0,0,0,0,0,0.000499850044986504,0,0,0,0,0.00759772068379486,0,0,0,0.000599820053983805,0,0.000699790062981106,0,0,0,0,0.000599820053983805,9.99700089973008e-05,0,9.99700089973008e-05,0,0,0,0,0,0,0,0,0.000199940017994602,0,9.99700089973008e-05,0.0173947815655303,0,0,0,0.000199940017994602,0,0,0,0,0,0.00599820053983805,0,0,0,9.99700089973008e-05,0,0,0,0,0,0,0,0,9.99700089973008e-05,0,0,0,0,0,0,0,0,0,0,0,0,0,0.00239928021593522,0,0,0,0
9.99200639488409e-05,0,0,0.00109912070343725,0,0,0,0.00139888089528377,0,0.00129896083133493,0,0,0,0,0.00189848121502798,0,0,0,0,0.000499600319744205,0.00299760191846523,0.00569544364508393,0,0.000299760191846523,0.00339728217426059,0.0781374900079936,0,0,0.00369704236610711,0.000299760191846523,0.000299760191846523,0,0,0.0143884892086331,0,0,0.000999200639488409,0,0.00679456434852118,0,0,9.99200639488409e-05,0,0,0,0.0152877697841727,0,0,0.00149880095923261,0,9.99200639488409e-05,0,0,0,0,0,0,0,0,0,0,0,0,0,0,0,0.00179856115107914,0,0.00299760191846523,0,0.000599520383693046,0,0,0,0,0,0,0,0,0.000699440447641887,0.000499600319744205,0,0.000399680255795364,0,0,0.000299760191846523,0,0,0.000199840127897682,0.0160871302957634,0.0748401278976819,9.99200639488409e-05,0.00769384492406075,9.99200639488409e-05,0,0.000399680255795364,0,0,0.00959232613908873,0,0,0,0,0,0.000599520383693046,0,0,9.99200639488409e-05,0,0,0,0,0,0.00279776179056755,0.000399680255795364,0.00579536370903277,0,0,0,0,0,0,0,9.99200639488409e-05,0.0153876898481215,0,0,0,0,0,0.0129896083133493,0.00989208633093525,0,0,0,9.99200639488409e-05,0.145483613109512,0.00909272581934452,0,0,0,0,0,0,0,0,0,0.0038968824940048,0,0,0,0.000399680255795364,0,0,0,0,0,0,0.00429656274980016,0,0,0,0.0174860111910472,0,0,0,0,0,0,0,0,0,0,0,0.000699440447641887,0,0,0.000199840127897682,0.00129896083133493,0,0.0427657873701039,0,0,0.000599520383693046,0,0,0,9.99200639488409e-05,0,0,0,0.00559552358113509,0.000199840127897682,0,0.00259792166266986,0,0.018185451638689,0,0,0,0,0,0,9.99200639488409e-05,0.0165867306155076,0,0,0,9.99200639488409e-05,0,0,0,0,0.00209832134292566,0.00179856115107914,0,0.00499600319744205,9.99200639488409e-05,9.99200639488409e-05,0,9.99200639488409e-05,0,0,0,0,9.99200639488409e-05,0,0,0.00269784172661871,0.000299760191846523,0,0,0,0.0421662669864109,0,0,0,0,0,0,0,0.0065947242206235,0.0220823341326938,0,0,0,0,0,0,0.0165867306155076,0,0,0,0,0.000799360511590727,0,0,0,0.00109912070343725,0.00209832134292566,0,0,0.000199840127897682,0,0,0,0,0,0,0.0141886490807354,0,0,0.00719424460431655,0,0,0,0,0,0.000299760191846523,0.264788169464428,9.99200639488409e-05,0,0.00909272581934452,0,0,0,0,0,0,0,0,0,0,0,0.00599520383693046,0,0,0.00859312549960032,0,0.0113908872901679,0
0,0,0,0,0,0,0.00249925022493252,0,0,0,0,0,0,0,0,0,0,0,0,0,0,0,0,9.99700089973008e-05,0,0.424772568229531,0,0,0,9.99700089973008e-05,0.000399880035989203,0,0,0,0,0,0,0.0147955613316005,0,0.000199940017994602,0,0,0,0,0,0,0,0,0,9.99700089973008e-05,0,0,0,0,0,0,0.000399880035989203,9.99700089973008e-05,0,0.000499850044986504,0,0,0,0,0,0,0.000499850044986504,0,0,0,0,0,0,0,0,0,0,0,0,0,0,0,0,0,0,9.99700089973008e-05,0,0,0,0,0.089073278016595,0.000199940017994602,9.99700089973008e-05,0,0,0,0,0,0,0,0,9.99700089973008e-05,0,0,0,0,0,0.000699790062981106,0.0148955313405978,0,0,0,0,0,0,9.99700089973008e-05,0,0,0,0,0,0,0,0.000299910026991902,0.0214935519344197,0,0,0,0,0,0,0,0,9.99700089973008e-05,9.99700089973008e-05,0,0.00179946016195141,0.00989703089073278,0,0,0,0,0,0,0,0,0,0,0,0.000199940017994602,0,0.0167949615115465,0,0,0,0,0,0,0,0.0258922323303009,0,0,0,0,0,0.000899730080975707,0,0,0,0,0,0.00229931020693792,0,0,0.00169949015295411,0,0,0,0.00159952014395681,0,0.0580825752274318,0,0.00579826052184345,0,0,0.000299910026991902,0,0,0,0,0,0.00339898030590823,0,0,0,9.99700089973008e-05,0.00459862041387584,0,0,0.0329901029691093,0,0,9.99700089973008e-05,0,0,0,0,0,0,9.99700089973008e-05,0,0,0,0,0,0,0.00469859042287314,0,0,0,0,0,0,0,0.00189943017094872,0,0,0,0,0,0,0,0,0.0241927421773468,0,0,0,0,0,0,0,0,0.0114965510346896,0,0,0,0,0,0,0,0,0,0,9.99700089973008e-05,0,9.99700089973008e-05,0,0,0,0,0,0,0,0,0.000199940017994602,0,0,0,0,0.000199940017994602,0.00169949015295411,0,0,0,9.99700089973008e-05,0,0,0,0,0.191642507247826,0,0,0,0,0,0,0,9.99700089973008e-05,0,0,0,0,0,0,0.0252924122763171,0,0,0,0,0,0
0,0.000199880071956826,0,0,0,0,0.000199880071956826,0.00709574255446732,0,0,0,0,0.000599640215870478,0.0251848890665601,9.9940035978413e-05,0,0,0,0,0,0.0205876474115531,0.00479712172696382,0,0.000599640215870478,0.000199880071956826,0.0906456126324205,0,0,0.00159904057565461,0.000199880071956826,0.000899460323805717,0,0,0.0103937637417549,0,0,0.0022986208275035,0.0302818309014591,9.9940035978413e-05,0,9.9940035978413e-05,0.000499700179892065,0,0.0092944233459924,0,0.0254847091744953,0,0,0,0,9.9940035978413e-05,0,0,0,0.00409754147511493,0,0,0,0,0.0210873475914451,0,0.00879472316610034,0,0,0,0,0.00819508295022986,0,0,0,0.00329802118728763,0,0,0.00349790125924445,0,0,0,0,0,0.00649610233859684,0,9.9940035978413e-05,0.0294823106136318,0,0.00599640215870478,9.9940035978413e-05,0,9.9940035978413e-05,0,0.00649610233859684,9.9940035978413e-05,0.00249850089946032,0.00579652208674795,0.00209874075554667,0,0.0030981411153308,0,0,0.00349790125924445,0,0,0,0,0.000699580251848891,0,0.000699580251848891,0.0210873475914451,0.0208874675194883,0.00839496302218669,0,0.000399760143913652,0,0,0.00709574255446732,0,0,0,0.000199880071956826,0,9.9940035978413e-05,0,0,0,9.9940035978413e-05,0.00549670197881271,0,0,0,0,0,0.01259244453328,0.0022986208275035,9.9940035978413e-05,0,0,0,0.00369778133120128,0,0,0,0,0,0,0,0.00669598241055367,0,0,0.00189886068358985,0,0.000299820107935239,0,0.000599640215870478,0,0,0.00109934039576254,0,0,0,0.000399760143913652,0.00519688187087747,0,0,0.0207875274835099,0.0685588646811913,9.9940035978413e-05,0,0,9.9940035978413e-05,0,0.00119928043174096,0,0,0,0,0,0,0,0,0.00389766140315811,0,0.0371776933839696,0,0,0,0,0,0,9.9940035978413e-05,0,0,0,0.00629622226664002,0.000199880071956826,0,0.0118928642814311,0.000199880071956826,0,0.00279832100739556,0,0,0,0,0,0,0,0,0,0,0,0.000299820107935239,0,0,0,0.00159904057565461,0.00989406356186288,0,0.00429742154707176,0.00419748151109334,0,0.000799520287827304,0,0,0.00179892064761143,0,0.00269838097141715,0,0.000299820107935239,0,0.00789526284229462,0.00239856086348191,0.0189886068358985,0,0.000299820107935239,0.00809514291425145,0,0.000199880071956826,0,0,0,9.9940035978413e-05,0,0,0,0.000999400359784129,0,0,0,0,0.000299820107935239,0.000799520287827304,0.00699580251848891,0.000199880071956826,0.000799520287827304,9.9940035978413e-05,0.00139916050369778,0,0,0.000199880071956826,0.00199880071956826,0.000399760143913652,0,0,0.000299820107935239,0,0.000299820107935239,0,0,0.00399760143913652,0.00129922046771937,9.9940035978413e-05,0,0.00659604237457526,0.0134919048570857,9.9940035978413e-05,0,0,0.000499700179892065,9.9940035978413e-05,0.000499700179892065,0.21726963821707,0,0,0.0452728362982211,0,0,0,0,9.9940035978413e-05,0.0132920247851289,0.00249850089946032,0,0,0,0,0.00199880071956826,0.0022986208275035,0.000299820107935239,0.00359784129522287,0,0.00839496302218669,0
0,0,0,0.000699790062981106,0,0,0,0,0,0,0,0,0,0,0.00649805058482455,0,0,0,0,0,0,0.00139958012596221,0.00149955013495951,0,0,0.137558732380286,0,0,0.0139958012596221,0,0.00299910026991902,0,0.00319904028791363,0.0145956213136059,0,0,0.00409877036888933,0.000199940017994602,0,0,0,0,0,0.00949715085474358,0,0.023592922123363,0,0,0.000899730080975707,0,0,0,0,0,0,0,0,0.00209937018894332,0,9.99700089973008e-05,0,0.000199940017994602,0,0,0,0,9.99700089973008e-05,0,0,0,0.00209937018894332,0,0,0.000399880035989203,0,0,0,0,0,9.99700089973008e-05,0,0,0.00219934019794062,0,0,0.00139958012596221,0,0,0.00119964010796761,0.00599820053983805,0,0.000499850044986504,0,0,0,0,0,0,0.00449865040487854,0,0,0,0,0,0.000399880035989203,0,0,0.0193941817454764,0,0.0136958912326302,0,0,0.000699790062981106,0.0114965510346896,9.99700089973008e-05,0.0151954413675897,0,0,0.00259922023392982,0,0,0,0,0.000899730080975707,0,0,0,0,0,0,0,0.00729781065680296,0,0,0,0,0,0.00169949015295411,0,0,9.99700089973008e-05,0,0,0,0,0,9.99700089973008e-05,0,0,0,0.000599820053983805,0,0,9.99700089973008e-05,0,0,0,0,0.00489853044086774,0.00439868039588124,0,0,0,9.99700089973008e-05,0,9.99700089973008e-05,0,0,0,0,0,0,0,0,0,0,0,0.000699790062981106,0.00469859042287314,0,0,0,0,0,0.000199940017994602,0,0,0,0,0,9.99700089973008e-05,0.00569829051284615,0,0,0,0,0,0,0,0,0,0,0,9.99700089973008e-05,0,9.99700089973008e-05,0,0,0,0,0,0,0,0,9.99700089973008e-05,0,0.00219934019794062,0.00149955013495951,0,0,0.00149955013495951,0.00309907027891633,0,0,0,0,0,0,0.00679796061181645,0,0.00609817054883535,0,0,0.0639808057582725,0,0,0,0,0,0,0,0,0,0,9.99700089973008e-05,0.000499850044986504,0,0,0,0,0,0,0,0,0.000399880035989203,0.000599820053983805,9.99700089973008e-05,0,0,0.000999700089973008,9.99700089973008e-05,0,0,9.99700089973008e-05,0,0,0,0,0,0.0189943017094872,0,0,0.243127061881436,0,0,0,0,0,0.000199940017994602,0.273118064580626,0,0,0.0128961311606518,0,0,0,0,0,9.99700089973008e-05,0,0,0,0,0,0.0189943017094872,0,0,0,0,0.00729781065680296,0
0,0,0,0.0005999400059994,0,0,0,0,0,0.0006999300069993,0,0,9.99900009999e-05,0,0.0013998600139986,0,0,0,0,9.99900009999e-05,0.0093990600939906,0.0052994700529947,0.0017998200179982,0.0001999800019998,0.000999900009999,0.0872912708729127,0,0,0.0010998900109989,0.0002999700029997,0.0102989701029897,0,0,0.0083991600839916,0,0,0.0013998600139986,0,0,0,9.99900009999e-05,0,0,0,0,0,0,0,0,0.0002999700029997,0,0,0,0,0,0,0,0,0.0004999500049995,0.0213978602139786,0,0,0,0,0,0,0.0035996400359964,0,0,0.0074992500749925,0,0,0,0,0,0,0.0001999800019998,0,0,0.0045995400459954,0.0015998400159984,0,0.0268973102689731,0,0,0,0.0155984401559844,0,0,0,0,0.0022997700229977,0.0010998900109989,0,0,9.99900009999e-05,0,0,0.0054994500549945,0,0.0002999700029997,0,0,0,0,0.0003999600039996,0,0.0063993600639936,0.0074992500749925,0.0024997500249975,0,0,0.0143985601439856,0,0,0.0372962703729627,0,0,0,0,0.0003999600039996,0.003999600039996,0,0,0,0.0124987501249875,0,0,0,0,0.0051994800519948,0.0083991600839916,0,0,0,0,0.0935906409359064,0.0018998100189981,0,0,0,0,0,0,0,0,0,0.011998800119988,0,0,0,0.0176982301769823,0,0,0,9.99900009999e-05,0,0,0,0.0038996100389961,0,0,0.003999600039996,0,0,0,0.0033996600339966,0,0,0,9.99900009999e-05,0,0,0,0,0,0,0,0.0002999700029997,0,0.0162983701629837,0,0,0.0100989901009899,0.0012998700129987,0,0,0,0,0,0,0.0140985901409859,0.0001999800019998,0.0022997700229977,0,0,0,0,0,0,0,0,0,0.0733926607339266,0,0.0003999600039996,0.0005999400059994,0,0,0,0,0,0.0010998900109989,0.0006999300069993,0.0006999300069993,0,0.003999600039996,0.0251974802519748,0,0,0,0,0.0010998900109989,0,0.000999900009999,0,0,0,0.0070992900709929,0.0022997700229977,0.0091990800919908,0,0,9.99900009999e-05,0,0,0.0005999400059994,0,0,0.0002999700029997,0,0,0,0,9.99900009999e-05,0,0,0,0,0,0.013998600139986,0,0,0,0,0.0002999700029997,0.0001999800019998,0,9.99900009999e-05,0.0033996600339966,0.0001999800019998,0,0,0.0002999700029997,0,0,0,0,0,0.0002999700029997,0,0,0.0210978902109789,0,0,0,0,0,0,0.303069693030697,9.99900009999e-05,0,0.0171982801719828,0,0,0,0,0,0.0011998800119988,0,0,0,0,0,0,0,0.0005999400059994,0.0033996600339966,0,0.0053994600539946,0
0,0,0,0,0,0,0,0,0,0,0,0,0,0,0.0012998700129987,0,0,0,0,0,0.0123987601239876,0.0101989801019898,0,0,0,0,0,0,0.0005999400059994,0,0,0,0,0.0087991200879912,0,0,9.99900009999e-05,0,0,0,0,0,0,0.0148985101489851,0,0,0,0,0,0,0,0,0,0,0,0,0,0,0,0,0,0,0,0,0,0,0,0,0,0,0,0,0,0.0016998300169983,0,0,0,0,0,0,0,0,0,0,0,0,0,0,0,0,0,0,0.0003999600039996,0,0,0,0,0,0,0,0,0.0015998400159984,0,0,0,0,0,0.0014998500149985,0,0,0,0,0,0.19018098190181,0,0,0,9.99900009999e-05,0.0254974502549745,0,0,0,0,0,0.0084991500849915,0,0,0,0,0,0,0,0,0,0,0,0.0013998600139986,0,0,0,9.99900009999e-05,0,0,0,0,0,0.002999700029997,0,0,0.0021997800219978,0.0007999200079992,0,0,0.0004999500049995,0,0,0,0,0,0,0,0,0,0,0,0,0,0,0,0,0,0,0,0,0,0,0,0,0.0663933606639336,0,0,0,0,0,9.99900009999e-05,0,0,0,0,0,0,0.0044995500449955,9.99900009999e-05,0,0,0,0,0,0,0,0,0,0,0,0,0,0,0,0,0.0023997600239976,0,0,0,0,0,0,0.0234976502349765,0,9.99900009999e-05,0.0015998400159984,0.0121987801219878,0,0,0,0,0,0,0,0,0,0.018998100189981,0,0,0.195080491950805,0,0,0,0,0,0,0,0,0,0,0,0,0,0.0002999700029997,0,0,0,0,0,0,0,0,0,0,0,0,0,0,0,0.0005999400059994,0,0,0,0,0,0.311568843115688,0,0,0,0,9.99900009999e-05,0,0,0,0,0.0367963203679632,0,0,0.014998500149985,0,0,0,0,0,0,0,0,0,0,0,0.0017998200179982,0,0,0,0,0.0230976902309769,0
0,0,0,0,0,0,0.000399520575309628,0.000399520575309628,0,0,0,0,0,0,0,0,0,0,0,0,9.98801438274071e-05,9.98801438274071e-05,0,0,0,0.187475029964043,9.98801438274071e-05,0,0.000399520575309628,0,0.0236715940870955,0,0,0,0,0,0.00359568517778666,0.000998801438274071,0,0,9.98801438274071e-05,0,0,9.98801438274071e-05,0,9.98801438274071e-05,0,0,0,0,0,0,0,0,9.98801438274071e-05,0,0,0,0,0,0,0.0013983220135837,0,0,0.000499400719137036,0,0.000898921294446664,0,0,0,0.000199760287654814,0,0,0.000199760287654814,0,0,0,0,0,0,0,9.98801438274071e-05,0.00489412704754295,0,0.00958849380743108,0,9.98801438274071e-05,0,0,0.00179784258889333,0,0,0,0,0,0,0,0,0.00269676388333999,0,0,0,0,0,0,0.000399520575309628,0.000299640431482221,0.248002397123452,0.000499400719137036,0,0,0,0.000499400719137036,0.00219736316420296,9.98801438274071e-05,0,0,0,9.98801438274071e-05,0,0,0,0,9.98801438274071e-05,0.00179784258889333,0,0,0,0,0,9.98801438274071e-05,0.0140831002796644,0,0,0,0,0,0,0,9.98801438274071e-05,0.00619256891729924,0,0,0,0.000299640431482221,0,0,0,0,0,9.98801438274071e-05,9.98801438274071e-05,0.000199760287654814,0,9.98801438274071e-05,0,0,0,0,0.000399520575309628,0,0,9.98801438274071e-05,0,0,9.98801438274071e-05,0,0,0,0,0,0,0,0,0,0,0,9.98801438274071e-05,0.00169796244506592,0,0,0,0,0,0,0,0.000199760287654814,0,0.000199760287654814,0,0,0.000799041150619257,0.000199760287654814,0,9.98801438274071e-05,0,0,0,0,0,0,0,0,0,0,0,0.000199760287654814,0,0,0,0,0,0,0,0.000299640431482221,0,0.00349580503395925,0.000499400719137036,0,0,9.98801438274071e-05,0,0.0180783060327607,0,0,9.98801438274071e-05,0.000199760287654814,0,0,0,0.000199760287654814,9.98801438274071e-05,0,0.0221733919296844,0,0,0,0,0,0.00159808230123851,0,0.00898921294446664,0,0.00259688373951258,0,0,0,0,0,0,0.0248701558130244,0,0,0,0,0,0,0,0,9.98801438274071e-05,0,0,0,0.000199760287654814,0,0,0,0.000299640431482221,0,0.0700159808230124,0,9.98801438274071e-05,0,0,0,0,0.163503795445465,0,0,0.157111466240511,0,0,9.98801438274071e-05,0,0,0,0,0,0.00389532560926888,0,0,0.000199760287654814,0,0,0.000898921294446664,0.000199760287654814,0,0,0,9.98801438274071e-05,0.000599280862964443
0,0,0,0,0.0043,0,2e-04,0.0046,0,0,0,0,0,0,0.0013,0,0,0,0,0,0,0,0,0,0,0.2261,0,0,0.022,0.0157,0,0,0,0,0,0,0.0014,0,0,0,0,0,0,0,0,0,0,0,0,0,0,0,0,1e-04,0.0043,0,0,0,4e-04,0.0641,0,0,0,0,0,0,0.0238,0,0,0,0.013,0,0,0,0,0.002,0,0,0,0.0093,0,9e-04,0.0054,0,0,0,0.0141,0,0,0,0,0.0247,0.0301,0,0,0,0,1e-04,0,0,0,0,0,0.0016,0,0,0,0.1222,0,0,0,0,0,0,0,0.0072,0,2e-04,0.0151,0,0,0,0,1e-04,0.0331,0,0,0,0,0,0,0,0,0,0,0,0,0,0,0,0.0022,1e-04,0,0,0.0227,0.0106,0,0,4e-04,0,0,0,0,0,0,0,0,0,0,0.0087,0,0,0,0,0,0,0,0,0,0,0,0,0,0,0,0,0,0,0.0811,0,0,0,0,0,0.0059,0,0,0,0,0,0,0.0273,0,0,0,0,0,0,0,0,0,0,0,0,0,0,0,0,0,0,0,0,0,0,0,0,0.0133,0,0,0,0.0692,0,0,0,0,0,0.0026,0,0,0,0.0054,0,0,0,0,0,1e-04,0,0,0,0,0,0,0,0,0,0,0,0,0,0,0,0,0,0,0,0,0,0,0,0,0,0,0,0,0,0,0,0,0.0053,0.0122,0,0.0148,0,0,0,0,0,0.0035,0,0,0,0.0562,0,0,0,0,0,0.011,0,0,0,0,0,0,0,0,0,0,0,0
0,0,0,0.000399880035989203,0,0,0,0,0,0.000599820053983805,0,0,0.000899730080975707,0,0.0464860541837449,0,0,0,0,0,0.00479856043187044,9.99700089973008e-05,0,0,0,0.0961711486554034,0,0,0.00349895031490553,0.00419874037788663,0.0546835949215235,0,0,0.00239928021593522,0,0,0.00489853044086774,9.99700089973008e-05,0,0,0,0,0,0,0,0.00959712086374088,0,0,0.000799760071978406,0,9.99700089973008e-05,0,0,0,0,0,0,0.00299910026991902,0,0.000499850044986504,0.000599820053983805,0,0,0,0,0,0.00789763071078676,0,0,0,0.00109967009897031,9.99700089973008e-05,0,0,0,0,0,0,0,0.00119964010796761,0.00289913026092172,0,0.0106967909627112,0,0,0.000499850044986504,0.00449865040487854,0,0,0.00359892032390283,0,0,0,0,0,0,0,0,0.000399880035989203,0,0,0,0,0,0,0,0,0.199840047985604,0.00199940017994602,0.000699790062981106,0,0,0.000599820053983805,0.00349895031490553,0,0.0297910626811956,0,0,0,9.99700089973008e-05,0,0,0,9.99700089973008e-05,0.00779766070178946,0,0,0,0,0,0.00149955013495951,0.0207937618714386,0,0,0.00119964010796761,0,0.175847245826252,0,0,0,0.00449865040487854,0,0,0,0,0,0,0.00269919024292712,0,0,0.00289913026092172,0.00999700089973008,0,0,0,0,0,0,0,0,0,0,0,9.99700089973008e-05,0,0,0.00229931020693792,0,0,0,0,0,9.99700089973008e-05,0,0,0,0,0,0,0,0.00329901029691093,0.00269919024292712,0,0.000599820053983805,9.99700089973008e-05,0,0,0,0,0,0,0.00119964010796761,0,0,0,0,0,0,0,0,0,0,0,0,0,0.0184944516645007,0.000399880035989203,0,0.000199940017994602,0.00109967009897031,0.000799760071978406,0,0,0,9.99700089973008e-05,0.000999700089973008,0,0.000299910026991902,0.00879736079176247,0,0,9.99700089973008e-05,0,0,0.00359892032390283,0,0,0,0.00249925022493252,0.00189943017094872,0,0,0,0.0157952614215735,0,0,0,0,0,0,0.000199940017994602,0,0,0,0.020593821853444,9.99700089973008e-05,0,0,0,0,0,0,0,0,0.00139958012596221,0.000999700089973008,0.00139958012596221,0,0,0.000599820053983805,0,0,0,0.000199940017994602,0.000199940017994602,0,0,0,0,0.000499850044986504,0,0,0.0160951714485654,0,0.011296611016695,0,0,0,0,0.141057682695191,0,0,0.00779766070178946,0,0,0,0,0,0,0.000799760071978406,0,0,0,0,0,0,0.000299910026991902,0,0,0.000399880035989203,0
0.000299790146897172,0,0,0,0,0,0.00109923053862296,0.00119916058758869,0,0.00309783151793744,0,0,0.000199860097931448,0,0.000599580293794344,0,0.000199860097931448,0,0,9.9930048965724e-05,0,0.000399720195862896,0,0.00109923053862296,0,0.111621864694714,0,0,0.00099930048965724,0.000799440391725792,0,0,0,0.00369741181173179,0,0,0.00179874088138303,0.0223843309683222,0,0,0,0,0,0.0330768462076546,0,0.01448985710003,0,0,0,0,0.000599580293794344,0,0,0,0,0,0,0,0,0.0145897871489957,0,0.0141900669531328,0.00049965024482862,0,0,0,0.00049965024482862,0,9.9930048965724e-05,0,0.00299790146897172,0,9.9930048965724e-05,0,0,0,0,0,0,0.0148895772958929,0.00159888078345158,9.9930048965724e-05,0.000399720195862896,0,0.00239832117517738,0,0.00269811132207455,0,0.000699510342760068,0.00509643249725192,0.0327770560607575,0.002897971420006,0.00309783151793744,0,0,0,0,0,0.000599580293794344,0,0,0.000299790146897172,0,0,0,0.000299790146897172,0.0171879684221045,0.0154891575896872,0,0.00669531328070351,0,0,0,0.0070950334765664,0,0.00609573298690916,0,0,0.00279804137104027,9.9930048965724e-05,0,0,0.00569601279104627,0,0.0405715998800839,0,0,0,0,0,0.00839412411312082,0.0116918157289897,0,9.9930048965724e-05,0,0,0.00109923053862296,0.000799440391725792,0,0,0.000399720195862896,0,0,0,0,0,0,0,0,0,0.000399720195862896,0,0,9.9930048965724e-05,0,0,0.00049965024482862,0,0,0.00269811132207455,0,0,0,0.0175876886179674,0,0,0,0,0,0,0.000199860097931448,9.9930048965724e-05,0.323173778355151,0,0,0,0,0.00739482362346358,0.0078944738682922,0,0,0,0,0,0.000799440391725792,0,0,0,0,0,0,0.00529629259518337,9.9930048965724e-05,0,0,0,9.9930048965724e-05,9.9930048965724e-05,0,0,0,0,0,0,0,0.00049965024482862,9.9930048965724e-05,0,9.9930048965724e-05,0.000899370440691516,0,0,0,0.000599580293794344,0.000199860097931448,0,0,0,0.0143899270510643,0.00719496352553213,0.00109923053862296,0,0,0,0,0.00129909063655441,0,0,0,0,0.0188867792545218,0,0,0.00329769161586889,0,0,9.9930048965724e-05,0.00259818127310882,0,0,0,0,0,0,0,0,0,9.9930048965724e-05,0,0,0,9.9930048965724e-05,0.000699510342760068,9.9930048965724e-05,9.9930048965724e-05,0.000399720195862896,9.9930048965724e-05,0,0.000399720195862896,0.00699510342760068,0,0,0.000299790146897172,0,9.9930048965724e-05,0,0,0.0024982512241431,0,0.00329769161586889,0,0.000799440391725792,0.00729489357449785,0,0,0,0,0.000199860097931448,9.9930048965724e-05,0.127310882382332,0,0,0.00669531328070351,0,0,0,0,9.9930048965724e-05,9.9930048965724e-05,0,0,0,0,0,0,0,0.000699510342760068,0,0,0.00099930048965724,0
0,9.99900009999e-05,0,0,0,0,9.99900009999e-05,0,0,0,0,0,0,0.0002999700029997,0.0273972602739726,0,0,0,0,0,0,0,0,0.0006999300069993,0,0.506949305069493,9.99900009999e-05,0,0,0,0.010998900109989,0,0,0.0078992100789921,0,0,0.0014998500149985,0,0,0,0,0,0,0.0002999700029997,0,0,0,0.0001999800019998,0,0,0.0006999300069993,0,0.0002999700029997,0,0,0,0,0,0,0.0021997800219978,0,0,0,0.0037996200379962,0,0,0.0046995300469953,0,0,0,0.0010998900109989,0,9.99900009999e-05,0.0005999400059994,0,0,9.99900009999e-05,0,0,0.0020997900209979,0,0,0,0,0,0,0.011998800119988,0,0,0,0,0.000999900009999,0,0,0,0,0,0,0,0,0,0.000999900009999,0,0,0,0,0,0.125387461253875,0,0.0036996300369963,0,0,0,0.0070992900709929,0.0007999200079992,0,0,0,0.0172982701729827,0,0,0,0,9.99900009999e-05,0.0155984401559844,0,0,0,0,0,0,0,0,0,0,0,0.0028997100289971,0,0,0,0,0,0,0.0001999800019998,0.0022997700229977,0,0,0,0,0,0.0008999100089991,0,0,0.0005999400059994,9.99900009999e-05,0,0,0.0002999700029997,0,0.0095990400959904,0.0001999800019998,0,0,0,0,0,0,0,0,0,0,0,0,0,0,0,0,0,0,0,0,0,0,0,0,0,0,0,0,0,0,0,0,9.99900009999e-05,0,0,0,0,0,0,0,0,0,0.0146985301469853,0,0.0184981501849815,0.003999600039996,0,0.0001999800019998,0,0.0180981901809819,0,0,0,0,0.0002999700029997,0.0022997700229977,0,0.0653934606539346,0,0,0.0002999700029997,0,0,0,0,0,0,0.0003999600039996,0,0.0016998300169983,9.99900009999e-05,0,0.0208979102089791,0,0,0,0,0,0.0020997900209979,0,0,0,0,0,0.0036996300369963,0,0,0,0,0,0,0,0,0.0023997600239976,0.0137986201379862,0,0,0,0.0008999100089991,0,0,0,0.0001999800019998,0,0,0,0,0.0022997700229977,0.0004999500049995,0,0,0.0341965803419658,0,0,0,0,0,0,0.0006999300069993,9.99900009999e-05,0,0.0184981501849815,0,0,9.99900009999e-05,0,0,0,0,0,0,0,0,0,0,0.0001999800019998,0,0,0,0
0,0,0,8e-04,0,0,0,0,0.0143,0.0016,0,0,1e-04,0,8e-04,0,0.0067,0,0,1e-04,0.0075,0.0026,0.004,0,0.0011,0.0698,0,0,0.0124,0.0014,0,0,0,0.0034,0,0,0.0049,0.0067,0,0,0,0,0,0,0,0.0188,0,0,2e-04,0,0,0,0,0,0,0,0,0.0061,0,1e-04,6e-04,0.0139,0,0,0,0,0.0014,1e-04,0,0,0,0,0,0,0,0,0,0,0,7e-04,0,0,0.0023,0,0,0.0128,2e-04,0,0,0.0039,0,0,1e-04,0,0,0,0,0,0,0,0,0,0,0,0.0032,0,0,7e-04,0,0.0057,0,0,0.0022,0.0112,0,0.0085,0,0,0.0035,0,0,0,9e-04,1e-04,0.0059,0,0,0,0,0,0.0058,0.0165,0,0,0,0,0.0043,4e-04,0,0,2e-04,0,0,0,0,0.054,0.0021,0,0,0,0.0012,0,0,0,0,0,0,0,0,0.0051,0,0,0,0.0241,0,0,0,6e-04,0,0,0.0014,0,0.0154,0,0,0,0,0.0177,0.0015,0,0,0,0,0,0.0026,0,0,0,0,0,0,0.0206,3e-04,0,0,0,0,0,0,0,0,0,0,0,0,0.0013,0,0,3e-04,0,0,0,0,5e-04,0.0021,0,0.0071,0,1e-04,8e-04,0.0012,0,0,0,0,0,0,0,0.0029,0,0.005,0,0,0.0463,0,0,0,0,0,0,0,0,0,0,6e-04,0,0,0,0,0,0,0,0.0045,0,0.0012,0.0018,0.0018,0,5e-04,5e-04,8e-04,0,0,6e-04,0,0,0,0,5e-04,0.0013,0,0.0059,0.0747,0,0,0,0,0,4e-04,0.4043,0,0,0.0043,0,0,0,0,0,3e-04,0.004,0,0,0,0,0.0015,0,0.0014,4e-04,0,0.006,0
0,0,0,0,0,0,0.000299910026991902,0.000999700089973008,0,0,0,0,0,0.000199940017994602,0,0,0,0,0,0,0,0.00149955013495951,0,0.00109967009897031,0.000199940017994602,0,0,0,0.000799760071978406,0,0,0,0,0,0,0,0,0,0,9.99700089973008e-05,0,0,0.000199940017994602,0,0,0.0454863540937719,0,0,0.00619814055783265,0,0,0,0,0,0,0,0,0,0,0.0629811056682995,0,0.000999700089973008,0.000299910026991902,0,0.062481255623313,0,0.024592622213336,0,0,0,0,0,0,0,0,0,0,0,0,0.0140957712686194,0,0,0.0126961911426572,0,0,0,0,0,0,0,0.00519844046785964,0,0.000999700089973008,0,0,0.000399880035989203,0,0,0,0,0,0.000299910026991902,0,0,0,0,0,0.290612816155153,0.0349895031490553,0,0,0,0,0,0,0,0,0,0.0626811956413076,0.000299910026991902,0,0,0,0.000499850044986504,0.00239928021593522,0,0,0,0,0,0,0.00229931020693792,0,0,0,0,0,0,0,0,0.00209937018894332,0,0,0,0,0,0,0,0,0,0,0,0,0,0,0,0,0,0.00209937018894332,0.00619814055783265,0,0,0,0,0,0,0,0,0,9.99700089973008e-05,0,0,0,0,0,0,0,0,0.0279916025192442,0,0,0,0,0,0,0,0,0,0,0,0,0.0177946616015195,9.99700089973008e-05,0,0,0.000499850044986504,0,0,0,0.00109967009897031,0.00179946016195141,0,0,0,0,0.00129961011696491,0,0,0.000199940017994602,0.000399880035989203,0,0,0,0,0,0,0.014295711286614,0,0,0.00429871038688393,0,0,0,0,0,0,0,0,0,0,0.00529841047685694,0,0,0,0,0,0,0,0,0,0,0,0,0,0,0,0,0,0,0,0.0151954413675897,0,0,0,0,0,0.000699790062981106,0,0,0,0,0,0,0,0,0,0,0.0136958912326302,0,0.152454263720884,0,0,0,0,0,0,0,0,0,0.0907727681695491,0,0,0,0,0,0,0,0.000299910026991902,0.00539838048585424,0,0,0,0,0,0,0,0,0,0,0,0
0,0,0,0,0,0,0,0,0,9.99500249875062e-05,0,0,0,0,0.0384807596201899,0,0,0,0,0,0,0.00609695152423788,0,0.000499750124937531,9.99500249875062e-05,0.124037981009495,0,0,0.0079960019990005,0,0.047376311844078,0,0,0.0210894552723638,0,0,0.00109945027486257,0,0,0,0,0,0.0353823088455772,0,0,0.0183908045977011,0,0,0,0,0,0,0,0.000199900049975012,0,0,0,0,0,0,0,0,0,0,0,0,0.024687656171914,0,0,0,0,0,0,0,0,0,0,0,0,0,0,0,0.00429785107446277,0,0,9.99500249875062e-05,0.016391804097951,0,0,0,0,0,0,0,0,0.00349825087456272,0,0,0.00829585207396302,0,0,0,0,0,0,0.000599700149925037,0.0495752123938031,0.00939530234882559,0,0,0,0,0,0.0113943028485757,0,0,0,0,0,0,0,0,0,0,0,0.0573713143428286,0,0,0,0,0.00409795102448776,0.015192403798101,0,0,0,0,0,0,0,0,0.00129935032483758,0,0,0,0,0,0.000899550224887556,0,0,0,0,0,0,0,0,0.00399800099950025,0,0,0,0.00779610194902549,0,0,0,0.056471764117941,0,0,0,0,0,0,0,0,0,0,0,0,0,0,0,0,0,0,0,0,0,0,0,0.0412793603198401,0,0.00149925037481259,0,0,0,0,0,0,0,0,0,0,0,0,0,0.114942528735632,0,0,0,0,0,0.00209895052473763,0,0,0,0,0,0,0,0.0188905547226387,0.0107946026986507,0,0,0.00239880059970015,0,0,0,0,0.000199900049975012,0,0.0386806596701649,0,0.0335832083958021,0,0,0.0352823588205897,0,0,0,0,0,0,0,0,0,0,9.99500249875062e-05,0,0,0,0,0,0,0,0,0,0.00129935032483758,0,0.000899550224887556,0,0,0,0.00179910044977511,0,0,0,0,0,0,0,0,0.00419790104947526,0,0,0.0218890554722639,0,0,0,0,0,0.000699650174912544,0,0,0,0.0766616691654173,0,0,0,0,0,0,0,0,0,0,0,0.016191904047976,0,0.000399800099950025,0,0,0,0
0,0,0,0,0.0002997002997003,0,0.0001998001998002,0,0,0,0,0,0,0,0,0,0.0027972027972028,0,0,0,0,0.0043956043956044,0,0.0002997002997003,0.0001998001998002,0.0907092907092907,0,0,0.0002997002997003,0.0021978021978022,0,0,0,0.0388611388611389,0.00819180819180819,0,0.0148851148851149,0.00869130869130869,0,0,9.99000999000999e-05,0,0,0,9.99000999000999e-05,0,0,0,9.99000999000999e-05,0.0004995004995005,0,0.0002997002997003,0,0.0003996003996004,0,0.0011988011988012,9.99000999000999e-05,0,0,0.0124875124875125,0,0,9.99000999000999e-05,0,0,0,0.000599400599400599,0,0,0,0.001998001998002,0,9.99000999000999e-05,0,0,0,0,0,0,0.00899100899100899,0.000699300699300699,9.99000999000999e-05,0,0,0,0,9.99000999000999e-05,0,0.0011988011988012,0.0160839160839161,0,0.0001998001998002,0.0004995004995005,0,0,0,0,9.99000999000999e-05,0,0.001998001998002,0.0003996003996004,0.0461538461538462,0.0016983016983017,0,0.0002997002997003,0,0,0.123076923076923,0.0017982017982018,0.0163836163836164,0,0,0,0,0,0.0498501498501498,0,0,0,0,0,0,0.0002997002997003,0,0,0,0,0.0127872127872128,0,0,0.0118881118881119,0.0003996003996004,0,9.99000999000999e-05,0.0010989010989011,0,0.0018981018981019,0.0052947052947053,0,0,0.0001998001998002,0,0.0023976023976024,0,0,0,0.0013986013986014,0,0.0011988011988012,9.99000999000999e-05,0,0.0003996003996004,0.00719280719280719,0,9.99000999000999e-05,0,0,0,0,0,0.0001998001998002,0,0,0,0,0,0,0,0.0001998001998002,0,0.000599400599400599,0.0012987012987013,0,0,0.0018981018981019,0,0,0,0,0,0.0461538461538462,0.0004995004995005,0,0.0033966033966034,0,0,0.00999000999000999,0,0,0,0,0,9.99000999000999e-05,0.0020979020979021,0,0,0.0002997002997003,0,0,9.99000999000999e-05,0,0,0,0,0,0.0112887112887113,9.99000999000999e-05,0,0,0.0001998001998002,0,0,0,0,0.003996003996004,0,0.0030969030969031,0.000799200799200799,0.0025974025974026,0,0,0,9.99000999000999e-05,0,0.0012987012987013,0.0048951048951049,0,0.0001998001998002,0,0.0002997002997003,0,0,0.0002997002997003,0.103696303696304,0,0,0.000999000999000999,0.00549450549450549,0,0,0,0,0,0.0037962037962038,0.0185814185814186,0.0044955044955045,0,0,0,0,0,0,0,0,0,0,0.0015984015984016,0,0.0015984015984016,0,0,0,0,0.0001998001998002,0,0.0001998001998002,0,0,0,0.0004995004995005,0,0,0.0304695304695305,0,9.99000999000999e-05,0,9.99000999000999e-05,0,0.0003996003996004,0.150649350649351,0,9.99000999000999e-05,0.0451548451548452,0,0,0,0,0,0,0,0,0,0,0.0023976023976024,0,0,0.0030969030969031,0,0,0.0238761238761239,0
0,0,0,0,0,0,0,0,0,0,0,0,0,0,9.99900009999e-05,0,0,0,0,0,0,0,0,0,0,0.330866913308669,0,0,0.0004999500049995,0,0,0,0,0.004999500049995,0,0,0,0,0,0,0,0,0,0,0,0,0,0,0,0,0,0,0,0,0,0,0,0,0,0,0,0,0,0,0,0,0.0132986701329867,0,0,0,0,0,0,0,0,0,0,0,0,0,0,0,0,0,0,0,0,0,0,0,0.221577842215778,0,0,0,0,0,0,0,0.0014998500149985,0,0,0,0,0,0,0,0.0097990200979902,0.237476252374763,0,0.0020997900209979,0,0,0,0,0,0,9.99900009999e-05,0,0.0023997600239976,0,0,0,0,9.99900009999e-05,0,0,0,0,0,0,0,0.0004999500049995,0,0,0,0,0,0,0,0,0.0016998300169983,0,0,0,0,0,0,0,0,0,0,0,0.0027997200279972,0,0,0,0,0,0,0,0,0,0,0,0,0,0,0,0,0,0,0,9.99900009999e-05,0,0,0,0,0,0,0,0,0,0,0,0,0,0,9.99900009999e-05,0,0,0,0.0193980601939806,0,0,0,0,0,0,0,0,0,0,0,0,0,0,0,0,0.0002999700029997,0,0,0,0,0,0,0,0,0,0,0,0,0,0,0,0,0,0,0,0,0,0.000999900009999,0,0,0.08999100089991,0,0,0,0,0,0,0,0,0,0,0,0,0,0,0,0,0.0155984401559844,0,0,0,0,0,0,0,0,0,0,0,0,0,0,0,0,0,0,0.0002999700029997,0,0,0.0042995700429957,0.0330966903309669,0,0,0,0,0,0,0,0,0,0,0,0,0,0,0,0,0,0,0,0,0.005999400059994,0,0,0,0,0,0
0,0,0,0.00179928028788485,0,0,0.000199920031987205,0,0,0,0,0,0,0,0.00079968012794882,0,0,0,0,0,0,0,0,0.000599760095961615,0,0.377948820471811,9.99600159936026e-05,0,0.00879648140743703,0,0,0,0,0.00449820071971212,0,0,0,0,0,0,0,0,0,0,0,0,0,0,0.00109956017592963,0.00039984006397441,0,0,0,0,0,0,0,0.00169932027189124,0,0,0,0,9.99600159936026e-05,0,0.0258896441423431,0,0,0,0,0,0,0,0,0,0,0.000299880047980808,0,0,0,0,0.000699720111955218,0,9.99600159936026e-05,0,0,0,0,0,0.00039984006397441,0,0,0.000299880047980808,0,0,0,0,0.0135945621751299,0,0,0,0,0,0.00279888044782087,0,0,0.00229908036785286,0,0.0143942423030788,0.00709716113554578,0.0115953618552579,0,0,0.00129948020791683,0,0,0.0175929628148741,0.000199920031987205,0,0,0,0,0,0,0,0.00259896041583367,0,0,0,0,0,0.00149940023990404,0,0,0,0,0,0.00499800079968013,0.0076969212315074,0,0,0.00339864054378249,0,0,0,0.0104958016793283,0,0,0.021891243502599,0,0,0,0,0,0,0.000199920031987205,0,0,0,0,0,0,0,0,0,0,0.000599760095961615,0,0,0,0,0,0,0,0,0,0,0,0,0,0,0.00189924030387845,0.00149940023990404,0,0,0.000499800079968013,0,0,0,0,0.00179928028788485,0,0,0,0,0,0,0,0,0,0,0,0,0,0,0,0,9.99600159936026e-05,0,0,0.000499800079968013,0,0,0,0,0,0,0,0,9.99600159936026e-05,0,0.00279888044782087,9.99600159936026e-05,0.0172930827668932,0,0.00199920031987205,0,0,0,0,0.00039984006397441,0.00819672131147541,0,0,0.0480807676929228,0,0,0,0,0,0,0,0,0,0,0,0,0,0,0,0,0,0,0,0,0,0,0.000599760095961615,0,0,0,0,0,0,0,0,0,0,0,0,0.000599760095961615,0,0,0.0385845661735306,0,0.00079968012794882,0,0,0,0,0.311175529788085,0,0,0.00179928028788485,0,0,0,0,0,0,0,0,0,0,0,0.00119952019192323,0,0.00919632147141144,0,0,0.00079968012794882,0
0,9.99600159936026e-05,0.000699720111955218,0.00229908036785286,0,9.99600159936026e-05,0.000699720111955218,0,0,0,0,0,0,0,0,0,0.00169932027189124,0,0,0,0,0,0.000699720111955218,0,0.000599760095961615,0.280287884846062,0,0,0.00149940023990404,9.99600159936026e-05,0.0108956417433027,0,0,0.00409836065573771,0,0,0,0,0,0,0,0,0,0,0,0,0,0,0,0,0,0,0,0.000499800079968013,0,0,0,0,0.000299880047980808,0.0039984006397441,0,0,0,0,0,0,0,0,0,0,0,0,0.00139944022391044,0,0,0,0,0,0,0,0,0,0,0,0,0,0,0,0.000199920031987205,0,0,0,0,0.00419832067173131,0,0,0,9.99600159936026e-05,0.00469812075169932,0,0,0.000299880047980808,0.00219912035185926,0,0,0.000699720111955218,0,0.0339864054378249,0.0039984006397441,0.00959616153538585,0,0,0,0,0,0.0184926029588165,0,0.000299880047980808,0,9.99600159936026e-05,0,0,0,0,0,0,0,0,0,0,0.0135945621751299,0,0,0,0,0,0.00419832067173131,0,0,0.00039984006397441,9.99600159936026e-05,0,0,0,0,0,0,0.00409836065573771,0,0,0,0.00609756097560976,0.000199920031987205,0,9.99600159936026e-05,0,0,0,0,0.00349860055977609,9.99600159936026e-05,0,0.0203918432626949,0,0,0,0,0,0,0,0.000599760095961615,0,0,0,0.00079968012794882,0,0,0,0.00129948020791683,0,0.00749700119952019,0,0,0.0079968012794882,0.00269892043182727,0,0,9.99600159936026e-05,0,0,0,0,9.99600159936026e-05,0,0.000299880047980808,0,0,9.99600159936026e-05,0,0,9.99600159936026e-05,0,0,0,0,0,0,9.99600159936026e-05,0,0,0,0,0,0,0,0,0,0,0.00079968012794882,0,0.000699720111955218,0,0.00269892043182727,0,0,0,0,9.99600159936026e-05,0,0.00109956017592963,0,0.000599760095961615,0,0.00729708116753299,0,0,0,0,0,9.99600159936026e-05,0,0,0,0,0,0,0.00159936025589764,0,0,0,0,0,0,0,0,0,0.000199920031987205,0,0,0.000199920031987205,0,0,0,0.000299880047980808,0,0,0,0,0,0.00329868052778888,0,0,0.0141943222710916,0,0,0,0,0,0,0.48030787684926,0,0,0.0128948420631747,0,0,0,0,0,0,0.000999600159936026,0,0.00179928028788485,0,0.00299880047980808,0.00229908036785286,0,9.99600159936026e-05,0,0,0.00209916033586565,0
0,0,0,0,0,0,0,0,0,0,0,0,0,0,0.1004899510049,0,0,0,0,0.0648935106489351,0,0,0,0,0,0,0,0,0,0.0882911708829117,0.0154984501549845,0,0,0,0,0,0,0.153184681531847,0,0,0,0,0,0,0,0,0,0,0,0,0,0,0,0,0,0,0,0,0,0,0,0,0,0,0,0,0,0.0098990100989901,0,0,0,0,0,0,0,0,0,0,0,0,0,0,0,0,0,0,0,0,0,0.052994700529947,0,0.034996500349965,0,0,0,0,0,0.0044995500449955,0,0.0004999500049995,0,0.0106989301069893,0,0,0,0,0,0,0,0,0,0,0,0,0,0,0,0,0,0.0064993500649935,0,0,0,0,0,0,0,0,0,0,0,0,0,0,0,0.0003999600039996,0,0,0,0,0,0,0,0,0,0,0,0,0,0,0,0,0,0,0,0,0.0216978302169783,0,0,0,0,0,0,0,0,0,0,0,0,0,0,0,0,0,0,0,0,0,0,0,0,0,0,0,0,0.008999100089991,0,0,0,0,0,0,0.0106989301069893,0,0,0,0,0,0,0,0,0,0,0,0,0,0,0,0,0,0,0,0,0.0051994800519948,0,0,0,0,0,0,0,0,0,0,0,0,0,0.0062993700629937,0,0,0,0,0,0,0,0,0,0,0,0,0,0,0.253574642535746,0,0,0,0,0,0,0,0,0,0,0.0003999600039996,0,0,0,0.0005999400059994,0.0078992100789921,0.050994900509949,0,0,0,0,0,0,0,0,0,0,0.0208979102089791,0,0.0682931706829317,0.0003999600039996,0,0,0,0,0,0,0,0,0,0,0,0,0,0,0,0,0,0,0,0.0005999400059994,0.0005999400059994,0,0,0,0,0,0
0,0,0,0,0,0,9.9940035978413e-05,0,0.158904657205677,9.9940035978413e-05,0,0,9.9940035978413e-05,0.0330801519088547,0.00149910053967619,0,0,0,0,0,0.00319808115130921,0.00199880071956826,0,0.000199880071956826,0,0.00179892064761143,0,0,0.00139916050369778,0.00179892064761143,0,0,0,0.00299820107935239,0,0,0.0311812912252648,0.0127923246052369,9.9940035978413e-05,0,9.9940035978413e-05,0,0,0.00489706176294223,0,0.0022986208275035,0,0,0,0,0,0,0,0,0,0,0,0,0,0,0,0.00129922046771937,0,0,0,0,0,0,0,0,0.0203877673395962,0.000299820107935239,0,0.00219868079152508,0,0.038476913851689,0,0,0,0.00109934039576254,0,0,9.9940035978413e-05,0,0.0211872876274235,0.000399760143913652,0,9.9940035978413e-05,0,0.0185888466919848,0,0.0030981411153308,0,0.00279832100739556,0,0,0,0,0.00489706176294223,0,0,0,0,0,9.9940035978413e-05,0,0,0.000799520287827304,0,0,0,0,0.000399760143913652,0.00649610233859684,0,0,0,0,0.000999400359784129,0,0,0,0.00879472316610034,9.9940035978413e-05,0.0272836298221067,0,0,0,0,0,0,0.00339796122326604,0,0,0,0,0.000399760143913652,0.000299820107935239,0.000299820107935239,0,9.9940035978413e-05,0,0,0,0,0,0.00139916050369778,0,0,0,0.000499700179892065,0,0,0,0,0,0,0,0,0.00409754147511493,0,0,0,0.043573855686588,0,0,0,0.000399760143913652,0,0,0,0,0,0,0,0,0,0.00359784129522287,0,0,0,0,0.000199880071956826,0,0,0,0,0,0,0,0,0.0104937037777334,9.9940035978413e-05,0.00149910053967619,0,0,9.9940035978413e-05,0,0,0,0,0,0,0,0,0.000499700179892065,0,0,0.000199880071956826,0.00239856086348191,0,0,0,0,0.000399760143913652,0,0.00829502298620828,0.00759544273435938,0.000399760143913652,0.000999400359784129,0.00629622226664002,0,0,0,0,0,0,0,0.0114931041375175,0,0.0126923845692584,0,0,0.0733559864081551,0,0,0,0,0,0,0,0,0.00889466320207875,0,0,0,0,0.000899460323805717,0,0.00339796122326604,0.00919448331001399,0.000299820107935239,0.00329802118728763,9.9940035978413e-05,0.00489706176294223,0.00819508295022986,0.000199880071956826,0,0.000499700179892065,0.000799520287827304,0,0,0,0.000799520287827304,0,0,0,0,0.00339796122326604,0,0,0,0.0202878273036178,0,0,0,0,0,0.00109934039576254,0.2569458325005,0,0,0.0092944233459924,0.000299820107935239,0,9.9940035978413e-05,0,0,0.000299820107935239,0.00349790125924445,0,0,0,0,0.0356785928442934,0,0.000699580251848891,0,0,0.0133919648211073,0
0.0017996400719856,0,0,0.025494901019796,0,0,0,0.0021995600879824,0,0.000799840031993601,0,0,0.000599880023995201,0,0.000799840031993601,0,0.00599880023995201,0,0,0.000399920015996801,0.002999400119976,0.00539892021595681,0,0,0.000399920015996801,0.156368726254749,0.0002999400119976,0,0.00329934013197361,0.000399920015996801,0.002999400119976,0,0,0,0,0,0,0.0116976604679064,0.0002999400119976,0,0,0,0,0,0,0.027994401119776,0,0.000599880023995201,0,0.000499900019996001,0,0,0,0,0.0013997200559888,0,0,0.001499700059988,0,0.00879824035192961,9.99800039992002e-05,0,9.99800039992002e-05,0.0013997200559888,0,0,0.028494301139772,0,0.0001999600079984,0.0315936812637473,0.0020995800839832,0,0,0.0113977204559088,0,0,0,0,0,0.00559888022395521,0.0021995600879824,0,9.99800039992002e-05,0,0.0308938212357528,0.0001999600079984,0.0011997600479904,9.99800039992002e-05,0,0,0,0.0017996400719856,0.0001999600079984,0,0,9.99800039992002e-05,0,0,0,0,0,0.00819836032793441,0,0,0,0.000799840031993601,0,0.00709858028394321,0.0022995400919816,0.0116976604679064,0,0,0,0.00379924015196961,0,0.0318936212757448,0.0001999600079984,0,0.00979804039192162,0,0,0,0,0,0.0013997200559888,0,0,0,0,0,0.0031993601279744,0.00769846030793841,0,0,9.99800039992002e-05,0,0.00949810037992401,0.0124975004999,9.99800039992002e-05,0,0.0002999400119976,0,0,0.000899820035992801,0,0,0.0021995600879824,0.0136972605478904,0.0030993801239752,0,0.00389922015596881,0.00399920015996801,0,0.0102979404119176,9.99800039992002e-05,0,0.00379924015196961,0,0,0,0,0,0.0216956608678264,0.00379924015196961,0,0,0.0026994601079784,0,0.0002999400119976,0,0,0,0,0,0.0025994801039792,0,0,0.000799840031993601,0,0.00469906018796241,0.0595880823835233,0,0,0.014497100579884,0.000599880023995201,0,0,0,0,0,0,0.001999600079984,0.0001999600079984,0,0.00489902019596081,0,0,0,0,0,0,0,0,0,0,0.000499900019996001,0,0,0,0.0001999600079984,0,0,0,0,0.000699860027994401,0.000999800039992002,0.00689862027594481,0.0012997400519896,9.99800039992002e-05,0,0,0.0025994801039792,0.00499900019996001,0,0.0030993801239752,0,0.0002999400119976,0,0.00459908018396321,0,0,0,0.0002999400119976,0.00969806038792242,0,0,0.0011997600479904,0,0,0.00739852029594081,0,0,0,0,0.0011997600479904,0,0,0.0001999600079984,0,0,0.031493701259748,0.0001999600079984,0.000499900019996001,0,0.0021995600879824,0.000599880023995201,0.000399920015996801,0,0.0011997600479904,0.0027994401119776,0.0001999600079984,0,0,0.000499900019996001,0,0,0,0,0,0.0021995600879824,0.0002999400119976,0.000599880023995201,0.00469906018796241,0,0,0,0,0,0,0.243151369726055,0,0,0,0,0,0,0,0.0002999400119976,0,0,0,0,0,0,9.99800039992002e-05,0,0.000999800039992002,0,0,0.00729854029194161,0.0021995600879824
0,0.0114931041375175,0,0,0,0,0.00149910053967619,0,0,0,0,0,0,0,9.9940035978413e-05,0,0.000299820107935239,0,0,0,0.00319808115130921,0.0169898061163302,0,0,0,0.155106935838497,9.9940035978413e-05,0,0.000299820107935239,0.00139916050369778,0.218668798720768,0,0,0,0,0,0.000499700179892065,0,0,0,0,0,0,0,0,0,0.000199880071956826,0,0,9.9940035978413e-05,0,0,0,0.000299820107935239,0,0,0,0,0,0.0454727163701779,0,0,9.9940035978413e-05,0,0,0,0,0,0,0,0,0,0,0,0,0,0,0,0,0.00789526284229462,0,9.9940035978413e-05,0.0194883070157905,0,0,0,0,0,0,0.00389766140315811,0,9.9940035978413e-05,0.000399760143913652,0,0,0,9.9940035978413e-05,0,0,0,0,9.9940035978413e-05,0.00439736158305017,0,0,0,0,0.0267839296422147,0,0,0,0,0,0,0,9.9940035978413e-05,0,9.9940035978413e-05,0.0274835098940636,9.9940035978413e-05,0,0,0,0.000399760143913652,0.000799520287827304,0,9.9940035978413e-05,0,0,0,0,0,0,0,0.00659604237457526,0.000999400359784129,0.0195882470517689,0,0,0,0.000599640215870478,0,0,9.9940035978413e-05,0,0.00449730161902858,0,0.0092944233459924,0.000299820107935239,0,0,0,9.9940035978413e-05,0,0,0,0,0,0,0,0,0,0,0,0,0,0.00169898061163302,0,0,0,0,0.00399760143913652,9.9940035978413e-05,0,0.00199880071956826,0,0,0,0,0,0.00649610233859684,0.00369778133120128,0,0.0139916050369778,0,0,0.0152908255046972,0,0,0,0,0.0139916050369778,9.9940035978413e-05,0,0.00399760143913652,0,0,0,9.9940035978413e-05,0,0,0,0,0,0,0,0.00189886068358985,0,0,0.000299820107935239,0,0,0,0,0,0,0,0,0.0147911253248051,0,0.021287227663402,0,0.0022986208275035,0,0.00129922046771937,0,0,0.000199880071956826,0,0,0,0.000399760143913652,0,0.00489706176294223,0.000999400359784129,0,0,0,0,0.000899460323805717,0,0,0,0,0.00119928043174096,0.00529682190685589,9.9940035978413e-05,9.9940035978413e-05,0,0,0,0,0,0,0,0,0,0,0,0,0,0,0,0,0,0,0.000299820107935239,0,0,0.00119928043174096,0.000499700179892065,0.00709574255446732,0,0,0,0,0,0,0,0.227063761742954,0,0,0.0293823705776534,0,0,0,9.9940035978413e-05,0,0,0.00139916050369778,0,0,0,0,0.00719568259044573,0,0,0,0,0.0140915450729562,0
0,0,0,0.000599460485562993,0,0,9.99100809271655e-05,0,0,0,0,0,0,0,0.00389649315615946,0,0,0,0,0,0,0,0.00199820161854331,9.99100809271655e-05,0,0.060345688880008,0,0,0.000299730242781497,0,0.00529523428913977,0,0,0.0107902887401339,0,0.000399640323708662,0.00149865121390748,0.000999100809271655,0.000199820161854331,0,0,0,0,0,9.99100809271655e-05,9.99100809271655e-05,0,0,0,0.000299730242781497,0,0,0,0,0,0,0,0,0,0,0,0.00809271655510041,0,0,0,0,0.0152862423818563,0,0.000199820161854331,0,0,0,0,0,0,0,0,0,9.99100809271655e-05,0,0,0,0.00179838145668898,0,0,0.000199820161854331,0.00939154760715356,0,0.000599460485562993,0.000599460485562993,0,0.000599460485562993,0.00829253671695474,0,0,0,0,0,0,0,0,0,0,0,0.000499550404635828,0,0,0.163752622639624,0.00129883105205315,0.00299730242781497,0,0,0.0123888500349685,0,0,0.00759316615046458,0,0,0,0,0,0,0,0,0.00089919072834449,0,0,0,0,0,0,0.00159856129483465,0,0,0,9.99100809271655e-05,0.0653411929263663,0,0,0,0,0,0,0,0,0,0,0,0,9.99100809271655e-05,0,0,0,0,0,0,0,0,0,9.99100809271655e-05,0,0,0,0,9.99100809271655e-05,0,0,0,0,0,0,0,0.122389849135778,0,0.00309721250874213,0,0,0,0.00389649315615946,0,0,0.000699370566490159,0,0.00149865121390748,0,0,0,0,0,0.000299730242781497,0,0,9.99100809271655e-05,0,0,0.00139874113298032,0.00589469477470277,0,0,0,0,0,0,0.100409631331801,0.0183834548905985,0,0,0,0,9.99100809271655e-05,0,0,0,0,0,0.00179838145668898,0,0,0.00369667299430513,0,0,0,0,0,0.00139874113298032,0,0,0.0189829153761615,0,0.000399640323708662,0,0,0,9.99100809271655e-05,0,0,0,0,0,0,0,0,0,0,0.0148866020581477,0,0,0,0,0,0,0,0,0,0,0.000299730242781497,0.000399640323708662,0,0,0,0,0,0,0,0,0,0,0,0,0.103406933759616,0,0,0.0145868718153662,0,0,0,0,0,9.99100809271655e-05,0.191227894894595,0,0,0,0,0,0,0,0,0.000199820161854331,0,0,0,0,0,0.000399640323708662,0,0,0,0,0.000999100809271655,0
0,0,0,0,0,0,0.000199920031987205,0,0,0,0,0,0,0,0.000599760095961615,0,0,0,0,0,0,0.0076969212315074,0,9.99600159936026e-05,0,0.334166333466613,0,0,9.99600159936026e-05,0,0.0532786885245902,0,0,0.00259896041583367,0,0,0,9.99600159936026e-05,0,0,0,0,0,0.00229908036785286,0,0,0,0,0,0,0,0,0,0,0.00119952019192323,0,0,0,0,0.037984806077569,0,0,0,0,0,0,0,0,0,0,0,0,9.99600159936026e-05,0,0,0,0,0,0,0.00929628148740504,0,0,0,0,0,0,0,0,0,0,0,0,0,0,0,0,0,0,0,0,0,0,0,0,0,0,0,0.063374650139944,0,0,0,0,0,0,0,0,0,0,0.0291883246701319,0,0,0,0,0,0.00359856057576969,0,0,0,0,0,0,0,0,0,0,0,0,0,0,0,0,0,0,0,0,0,0,0,0,0,0,0,0,0,0,0,0,0,0,0.00459816073570572,0,0,0,0,0,0,0,0,0,0,0,0,0,0,0,0,0,0,0.0599760095961615,9.99600159936026e-05,0,0,0,0,0,0,0,0,0,0,0,0.00209916033586565,0,0,0,0,0,0,0,0,0,0,0,0,9.99600159936026e-05,0.0037984806077569,0,0,0,9.99600159936026e-05,0,0,0,0,0,0,0.0126949220311875,0,0,0,0,0,0,0,0,0,0,0,0,0,0,9.99600159936026e-05,0,0.0395841663334666,0,9.99600159936026e-05,0,0,0,0,0,0,0,0,0,0,0,0,0,0,0,0,0,0,0.00169932027189124,0,0,0,0.00129948020791683,0,0,0,0,0,0,0,0,0,0,0.0181927229108357,0,0,0.0114954018392643,0,0,0,9.99600159936026e-05,0,0.00289884046381447,0.281287485005998,0,0,0.00739704118352659,0,0,0,0,0,0,0.00149940023990404,0,0,0,0.000299880047980808,9.99600159936026e-05,0,0,0,0,0.00459816073570572,0
0,0,9.9940035978413e-05,0.00119928043174096,0,0,0.0102938237057765,0,9.9940035978413e-05,0.000499700179892065,0,0,9.9940035978413e-05,0,0.00879472316610034,0,0.00759544273435938,0,0,0.00129922046771937,0.000599640215870478,0.000999400359784129,0,0,0.000499700179892065,0.089546272236658,0,0,0.0366779932040776,0.00509694183489906,0,0.00179892064761143,9.9940035978413e-05,0.00989406356186288,0,0,0.00109934039576254,0.000799520287827304,0.000299820107935239,0,0.000199880071956826,0,0,0.0119928043174096,0,0.00879472316610034,0,9.9940035978413e-05,0,0,0,0,0,0,0.0129922046771937,0,0,0,0,9.9940035978413e-05,9.9940035978413e-05,9.9940035978413e-05,0,0,0,0.000299820107935239,0,0,0,0,0.000499700179892065,0,9.9940035978413e-05,0.000599640215870478,0,0,0,0,0,0,0.00249850089946032,0,0,0.000799520287827304,0.00299820107935239,0,0,0.00269838097141715,0.000899460323805717,0.00279832100739556,9.9940035978413e-05,0.00359784129522287,0.0242854287427543,0.00149910053967619,0.000299820107935239,0,0,0,0.00339796122326604,0,0,0,0,0,0,0.00149910053967619,0.000299820107935239,0,0.00199880071956826,0,0,0,0.000799520287827304,0.000199880071956826,0.000599640215870478,0.0181890865480712,0,0,0.0181890865480712,0,9.9940035978413e-05,0,0,0,0,0,0,0,0,0.00729562262642415,0.000999400359784129,0.00259844093543874,0,0,0,0,0.0826504097541475,0.00579652208674795,0,0,0.00179892064761143,0,0,0,0,0,0.000499700179892065,0.0103937637417549,0,0,0,0.00689586248251049,0,0,0,0,0,0,0,0.00329802118728763,0,0,0.0113931641015391,9.9940035978413e-05,0,0,0.00129922046771937,0,0,0,0,0,0,0,0.00189886068358985,0.000399760143913652,0,9.9940035978413e-05,0,0,0.00869478313012193,0,0,0,0.00239856086348191,0,0,0,0.00479712172696382,0,0,0.0022986208275035,0,0,0.000299820107935239,0,0.000299820107935239,9.9940035978413e-05,0,0,0,0,0,0,0,0.000499700179892065,0,0,0,0.00759544273435938,0,0,0,0,9.9940035978413e-05,0,0.00529682190685589,0.000199880071956826,9.9940035978413e-05,0.000199880071956826,0.000699580251848891,0,0.00219868079152508,9.9940035978413e-05,0.00179892064761143,0,0.00699580251848891,0.0357785328802718,9.9940035978413e-05,0.000699580251848891,0.00209874075554667,0,0,0,0,0,0,0,0,0.0076953827703378,0,0,0.00329802118728763,0.010893463921647,0,0,0,0,0,0.0133919648211073,0,9.9940035978413e-05,0.000499700179892065,0,0.000599640215870478,0.000199880071956826,9.9940035978413e-05,0.000299820107935239,9.9940035978413e-05,0.00139916050369778,0,0,0,0.000199880071956826,0,0,0,0,0,0.114931041375175,0,0.000699580251848891,0.183389966020388,0,0,0,0,9.9940035978413e-05,0.000199880071956826,0.124725164901059,0,0,0.00519688187087747,0,0,0,0,0,0,0.000199880071956826,0,0,9.9940035978413e-05,0,0.000799520287827304,0,0,0.00139916050369778,0.0022986208275035,0.00529682190685589,9.9940035978413e-05
0,0,0,0.0012998700129987,0,0,0,0,0,0.0012998700129987,0,0,0,0.0170982901709829,0.0005999400059994,0,0,0,0,0,0.0140985901409859,0,0.0010998900109989,0.0023997600239976,0,0.112788721127887,0,0,0.0020997900209979,0.0048995100489951,0,0,0,0.0168983101689831,0,0,0.0022997700229977,0,0.0001999800019998,0,0,0,0.0001999800019998,0.006999300069993,0,0.187381261873813,0,0,9.99900009999e-05,0,0,0,0,0,0,0,0,0,0,0,0,9.99900009999e-05,0,0,9.99900009999e-05,0,0.0168983101689831,0,0,0,0,0,0,0.0006999300069993,0,0.0673932606739326,0,0,0,0,0,0,0,0,0,0,0,0,0,0.0206979302069793,0.0110988901109889,0.0001999800019998,0.0007999200079992,0,0,0,0,0,0,0,0,0,0,0,0,0,0,0.0534946505349465,0.0204979502049795,0,0,0,0,0.0122987701229877,0,0.0184981501849815,0,0,0,9.99900009999e-05,0,0,0,0.0001999800019998,0.0345965403459654,0,0,0,0,0.0010998900109989,0.001999800019998,0.0040995900409959,0,0,0,0.0005999400059994,0.0123987601239876,0,0,0,0.0002999700029997,0,0,0,0,0,0,0.0040995900409959,0,0,0,0,0,0,0,0,0,0,0,0,0,0,0,0,0,0,0,0,0,0,0,0.0016998300169983,9.99900009999e-05,0,0,0,0,0,0.0393960603939606,0,0.0044995500449955,0,0,0.0026997300269973,0,0,0,0,0,0,0,0.0483951604839516,0,0,0,0,0,0,0,0,0,0,0,0,0,0,0,0,0,0,0,0,0,0,0,0,0,0,0.0058994100589941,0.0008999100089991,0,0,0,0,0.0014998500149985,0,0,0,0,0,0.0122987701229877,0,0,0,0,0,0,0,0,0,0,0,0,0,0,0,0,0,0,0,0.0001999800019998,0,0,0,0,0.0005999400059994,0.0013998600139986,0,0,0,0,0,0,0,0,0,0,0,0,0.0023997600239976,0,0,0.0121987801219878,0,0,0,0,0,0,0.155184481551845,0,9.99900009999e-05,0.0380961903809619,0,0,0,0,0,0,0.0097990200979902,0,0,0,0,0.0014998500149985,0,0,0,0,0.0070992900709929,0
0,0,0,0,0,0,0,0.00229908036785286,0,0,0,0,0,0.0466813274690124,0,0,0,9.99600159936026e-05,0,0,0.00429828068772491,0.00359856057576969,0,0,0,0.0795681727309076,0,0,0.00269892043182727,0,0.151239504198321,0,0,0.0125949620151939,0,0,0.000599760095961615,0,0,0,9.99600159936026e-05,0,0,0,0,0.00649740103958417,0,0,0,0,0,0,0,9.99600159936026e-05,0,9.99600159936026e-05,0,0,0,0.00249900039984006,0,0.000899640143942423,0,0,0,0,0.0201919232307077,0,0,0,0.00149940023990404,0,0,0,0,0,0,0,0,0,0,0,0,0,0.0078968412634946,0,0.000199920031987205,0,0,0.0113954418232707,0,0.000999600159936026,0.00429828068772491,0,0,0,0,0,0.00209916033586565,0,0,0,0,0,0.00319872051179528,0,0,0.0129948020791683,0.00719712115153938,0,0,0,0,0.0101959216313475,0,0.000199920031987205,0,0,0,0.000199920031987205,0,0,0,0,0.00209916033586565,0,0,0,0,0,0,0.00369852059176329,0,9.99600159936026e-05,0,0,0.0875649740103958,0,0,0,9.99600159936026e-05,0,0,0,0,0,0,0,0,0,0,0.00489804078368653,0,0,9.99600159936026e-05,0,0,0,0.0109956017592963,0.00509796081567373,0,0,0,0,0,0,0.00589764094362255,0,0,0,0,0,0,0,0,0,0,0,0.0433826469412235,0,0.0151939224310276,0,0,0.00629748100759696,0,0,0.0184926029588165,0,0,0,0,0,0,0,0,0,0.00109956017592963,0,0,0,0,0,0,0,0,0,9.99600159936026e-05,0,0,0,0,0,0,0,0.000699720111955218,0,0.0281887245101959,0,0,0,0,0,0,0,0.00289884046381447,0,0,9.99600159936026e-05,0.00699720111955218,0.000299880047980808,0.0102958816473411,0,0,0.0395841663334666,0,0,0,0,0,0,0,0,0,0,0,0,0,0,0,0,0,0,0,0,0,0,9.99600159936026e-05,0,0.00039984006397441,0,0,0,0,9.99600159936026e-05,0,0,0,0,0,0.0284886045581767,0,0,0.00519792083166733,9.99600159936026e-05,0,0,0,0,0,0.240803678528589,0,0.00039984006397441,0.00959616153538585,0,0,9.99600159936026e-05,0,0,0,0,0,0,0,0,0,0,0.000899640143942423,0,0,0.0231907237105158,0
0,0,9.99700089973008e-05,0.000299910026991902,0,0,0,0,0,9.99700089973008e-05,0,0,0,0,0.00159952014395681,0.000299910026991902,0,0,0,0.00359892032390283,0.00629811056682995,0,0,0.00799760071978406,0,0.129361191642507,0,0,0.00649805058482455,0.0143956812956113,0,0,0,0.00749775067479756,0,0,0,0.0423872838148555,0,0,9.99700089973008e-05,0,0,0,0,0.00139958012596221,0,0,0,0,0.000299910026991902,0,0,0,0,0,0,0.000199940017994602,0,0,0.000499850044986504,0,0,0,0,0,0,0.000699790062981106,0,0,0,0,0,0,0,0,0,0,0,0.00379886034189743,0,0,0,0,0,0.000699790062981106,0.0206937918624413,0,0.000199940017994602,0.00419874037788663,0,0.177946616015195,0.00819754073777867,0,0,0.00599820053983805,0,0,0,0,0,0,0,0,0,0,0,0,0,0,0,0,0,0.00629811056682995,0,0.000899730080975707,0,9.99700089973008e-05,0,0.000299910026991902,0,0,0,0.000299910026991902,0.00459862041387584,0,0,0,0,0,0,9.99700089973008e-05,0,0.00119964010796761,0,0,0.00319904028791363,0,0.0106967909627112,0,0.00199940017994602,0,0,0,0,0,0.00129961011696491,0.000399880035989203,0,0,0.000399880035989203,0.000399880035989203,0,0.00689793062081376,0,9.99700089973008e-05,0,0,0,0,0,0,0,0,0,0,0.00109967009897031,0.000299910026991902,0,0,0.00129961011696491,0,0,0,0,0,0,0,0,0.00169949015295411,0,0,0,0,0.00399880035989203,0,0,0,0,0,0.0261921423572928,0.0119964010796761,0.000299910026991902,0.00199940017994602,0,0,0,0,0,0,0,0,0,0,0,0.00349895031490553,0.000799760071978406,0.000199940017994602,0,0.00379886034189743,0.000699790062981106,0,0,0.00189943017094872,0,0,0.00459862041387584,0,0,0,0,0.00899730080975707,0,0,9.99700089973008e-05,0,0,0,0,0,0,0,0,0.111166650004999,0,0,0.000499850044986504,0,0,0,9.99700089973008e-05,0,0,0,0,0,0,0,0,0,0,0,0.00439868039588124,9.99700089973008e-05,0,0.000899730080975707,0.000499850044986504,0,0,0,0,0,0,0.000199940017994602,0.000499850044986504,0,0,0,0.000799760071978406,0.030590822753174,0,0,0.00939718084574628,0,0.00109967009897031,0.000499850044986504,9.99700089973008e-05,0,0,0.259022293312006,0,0,0.0147955613316005,0,0,0,0,0.00249925022493252,0,0.00289913026092172,0,0,0,0,9.99700089973008e-05,0,0.000499850044986504,0,0,0.00129961011696491,0
0,0,0,0,0,0,0,0,0,0,0,0,0,0,0.00819672131147541,0,0,0,0,0,0,0,0,0,0,0.182526989204318,0,0,0.00339864054378249,0.00689724110355858,0,0,0,0.136145541783287,0,0,0,0,0,0,0,0,0,0,0,0,0,0,0,0,0,0,0,0,0,0,0,0,0,0,0,0,0,0,0,0,0,0,0,0,0,0,0,0.000499800079968013,0,0.00039984006397441,0,0,0,0,0,0,0,0,0,0.000499800079968013,0,0,0,0.0262894842063175,0,0.0511795281887245,0.0126949220311875,0,0,0,0,0,0,0,0,0.000199920031987205,0,0,0,0,0,0,0,0,0,0,0,0.038484606157537,0,0,0,0,0,0.000199920031987205,0,0,0,0.00039984006397441,0.0149940023990404,0,0,0,0,0,0.000499800079968013,0,0,0,0,0,0.0592762894842063,0,0,0,0.00039984006397441,0,0,0,0,0,0,0,0,0,0.00079968012794882,0,0,0,0.000199920031987205,0,0,0,0,0,0,0,0,0,0,0,0,0,0,0,0,0,0,0,0,0,0,0,0,0,0,0,0,0,0,0,0,0.0245901639344262,0,0,0,0,0.000299880047980808,0,0,0,0,0,0,0,0.076469412235106,0,0,0,0,0,0,0,0,0,0,0,0,0,0,0,0,0,0.0813674530187925,0,0,0,0,0,0,0,0,0,0.047281087564974,0,0,0,0,0,0,0,0,0,0,0,0,0,0,0,0,0,0.00039984006397441,0,0,0,0,0,0,0,0,0,0.000199920031987205,0,0,0,0,0,0,0,0,0,0,0,0,0,0,0,0.0268892443022791,0,0.00039984006397441,0,0,0,0,0,0,0,0.0325869652139144,0,0,0,0,0,0,0,0,0,0,0,0.138644542183127,0,0.00109956017592963,0,0,0.0255897640943623,0
0,0,0,2e-04,0,0,0,7e-04,0,0.0014,0,1e-04,0,9e-04,0.0073,0,0.001,0,0,0.0013,3e-04,0.0022,0,0,3e-04,0.2173,0,0,0.0112,2e-04,0,0,0,0.0033,0,0,0.0037,8e-04,0,6e-04,0,0,1e-04,0,0,0.0293,0,0,0.0014,0,4e-04,0,0,3e-04,0,0,0,3e-04,0,0.0045,6e-04,0.0023,0,0,0,0,0.0031,0,0,0,0,0,5e-04,4e-04,0,0.0054,0,0,0,0,0,0,0.0015,0,0,8e-04,0,0,1e-04,0.0015,0,0,0,0,0,1e-04,2e-04,0,0,0,0,0,8e-04,0,0,2e-04,0.003,1e-04,0.0044,0.0033,0,0,1e-04,0.0191,0,0,0,0,0,1e-04,0,0,0,1e-04,0.0102,0,0,0.0056,0,0,4e-04,0.0065,0,0,0,0,0.3259,0,0,0,2e-04,0,0,0,0,0,0.0043,0.0041,0,1e-04,0,0,0,0,0,0,0,0,0,0,0,0,0,0.0152,0,0,9e-04,0,0,0,4e-04,0.0158,0,0,0,0,3e-04,0.0122,0,0,0,3e-04,0,9e-04,1e-04,0,0,0,0,0,0,0.0028,0.0014,0,0,0,0.0123,0,0,0,0,0,0,0.0365,0,0.001,0.0016,0,0,2e-04,0,0,0,2e-04,0,0,0.0027,8e-04,0.0012,0,0,0,0,0,0.0018,0,1e-04,0,0,7e-04,0.0172,0,0,0.0374,0,0,0,0,0,9e-04,4e-04,0,0,0,0,0,0,0,0,0,0,0,0,0,6e-04,0.0104,0,0,0,0,0.0011,0,0,4e-04,0,0,0,0,0.0013,3e-04,0,4e-04,0.0129,0,0.0011,0,0,0,0,0.0822,0,0,0.021,0,0,0,0,0,0,0.0022,0,7e-04,0,0,0.0013,0,0.0013,0,0,0.0034,0
0,0,0,0,0,0,0.000700140028005601,0,0,0,0.0011002200440088,0,0,0,0,0,0,0,0,0,0,0.0003000600120024,0,0,0,0.314062812562513,0,0.0019003800760152,0.000600120024004801,0,0,0,0,0,0,0,0,0,0,0,0,0,0,0,0,0.00790158031606321,0,0,0,0,0,0,0,0,0.0002000400080016,0.0013002600520104,0,0,0.000800160032006401,0,0,0,0,0,0,0,0,0,0.000400080016003201,0,0,0,0,0,0,0,0,0,0,0,0,0,0.0317063412682536,0,0,0,0,0,0,0,0,0,0.0021004200840168,0.0002000400080016,0,0,0.0019003800760152,0.001500300060012,0,0,0,0.0216043208641728,0,0,0,0,0,0,0,0,0,0.000500100020004001,0,0,0,0,0.0001000200040008,0,0,0.000600120024004801,0,0,0.000600120024004801,0.000500100020004001,0.00760152030406081,0.0029005801160232,0,0,0,0,0,0,0,0,0,0,0,0,0.000700140028005601,0,0.203140628125625,0.000600120024004801,0,0.0003000600120024,0,0,0,0,0,0,0,0,0,0,0.0002000400080016,0,0,0.000800160032006401,0,0,0,0,0,0,0,0,0,0,0,0,0,0,0.000500100020004001,0,0,0,0,0,0,0,0,0,0,0.00710142028405681,0.000900180036007201,0,0.00390078015603121,0,0,0.0028005601120224,0,0.00360072014402881,0,0,0,0,0,0,0,0.305361072214443,0,0,0,0,0,0,0,0,0,0,0,0,0,0,0,0,0,0,0.0460092018403681,0,0,0.0012002400480096,0,0,0,0,0,0,0,0,0,0,0,0,0,0,0,0,0,0.001000200040008,0,0,0,0,0,0,0.0002000400080016,0,0,0,0,0,0,0,0,0.000400080016003201,0.0031006201240248,0,0,0,0,0,0,0.0011002200440088,0.0001000200040008,0,0,0,0.0003000600120024,0.0023004600920184,0,0.0031006201240248,0,0,0,0,0,0,0,0,0,0.0002000400080016,0,0,0,0,0.0001000200040008,0,0,0.0022004400880176,0,0,0,0.0018003600720144,0.00420084016803361,0,0.0013002600520104,0,0,0.000400080016003201,0
0,0,0,8e-04,0,0,0,0,1e-04,8e-04,0,0,0,0,0.077,0,0,0,0,0,0.0031,0.0069,0.002,0,6e-04,0.1216,0,0,0,0,0.0419,0,0,0,0,0,0.0015,0,0,0,1e-04,0,0,0.0026,0,0,0,0,0,0,0,0,0,0,0.0012,0,0,0,0,0.0315,0,0.0058,0,0,0,0,0.0028,0,0,0,0.018,0,0,0.0014,0,0,0,0,0,0,0.0017,3e-04,0,0,0.0026,4e-04,0,0,0.001,0.01,0,0,0.0061,0.0037,0,0.0166,0,0,0.0053,0,0,0,0,0,2e-04,4e-04,0.0108,0.0165,0.0144,0.0012,0,0,0,0.0022,0,0.0159,0,0,0,0,0,0,0,0,0.0304,0.0018,0,0,0,0.0018,0.0017,2e-04,0,0,0,0,0.0144,0.0021,0,0,0,0,0,0,0,0,0,0.0013,0,0,0,0.0027,0,0,1e-04,2e-04,0,0,0,0.0028,0,0,0.0049,0,0,0,0,0,0,0,0,0.0022,0,0,0.0017,0,0,0.019,0,0,0.0053,0,0,0.0076,0,0,0,0,0.0131,0,0,0.0051,5e-04,0,0,0,0,1e-04,2e-04,0,0,0,0,0,0,0,0,0,0,0,0,0,0,0,0.0041,0,0,0.0042,0,0,0,0,0.0199,0.0086,0.0069,0,0,1e-04,0.0129,0.0014,0.0081,0,0,0.0248,0,0,0,0,0,1e-04,0,0,0.0099,0.0366,0,0,0,0,0,0.0053,0,0,0,0,0.0012,0,1e-04,0,0.0021,0,2e-04,0.0049,0,0,0,0,0,0,0,0.0369,0,0,7e-04,0,0,0,0,0,5e-04,0.1091,0,0,0.0706,0,0,0,0,0,0,0.0073,0,0,0,0,0.0225,0.0021,0,0.0015,0,0.0492,0
0,0,0,0.000499800079968013,0,0,9.99600159936026e-05,0,0,0.000499800079968013,0,0,0,0,0.00079968012794882,0,0.00219912035185926,0,0,0,0.00719712115153938,0.00449820071971212,0.00139944022391044,0,0,0.0470811675329868,0,0,0.00159936025589764,0,0.0308876449420232,9.99600159936026e-05,0,0.00129948020791683,0,0,0.000299880047980808,0.00299880047980808,0,0,0,0,0.0211915233906437,0.00749700119952019,0,9.99600159936026e-05,0,0,0,0,0,0,0,0,0,0,0,0.000299880047980808,0,0.0191923230707717,0,0.000699720111955218,0,0,0.00869652139144342,0,0.00609756097560976,0,0,0.00419832067173131,0.00149940023990404,0,0,0,0,0,0,0,0,0.0250899640143942,0,0,0.00269892043182727,0,9.99600159936026e-05,0,0,0,0.00039984006397441,0.00159936025589764,0,9.99600159936026e-05,0.000199920031987205,0,0,0.00079968012794882,0,0,0.00119952019192323,0,0,0.000199920031987205,0,0,0.000199920031987205,0,0.00939624150339864,0.0385845661735306,0.00039984006397441,0.00759696121551379,0,0,9.99600159936026e-05,0.000899640143942423,0,0.00269892043182727,0,0,0.00469812075169932,0,9.99600159936026e-05,0,0,0,0.000299880047980808,0,0,0,0,0,0.00659736105557777,0.00369852059176329,0,0,0,0,0.0142942822870852,0.00189924030387845,0,0,9.99600159936026e-05,0,0.000999600159936026,0,0,0,0.00289884046381447,0.0076969212315074,0,0,0.000499800079968013,0,0,0,0,0,0,0,0.00509796081567373,9.99600159936026e-05,0,0,0,0,0,0,0,0,0,0,0,0.00079968012794882,9.99600159936026e-05,0,0.00359856057576969,0,0,0,0.00699720111955218,0,0.00429828068772491,0,0,0.00539784086365454,0.000299880047980808,0,0,0,0,0,0,0.00189924030387845,0,0.000299880047980808,0,0,9.99600159936026e-05,0,9.99600159936026e-05,0,0,0,0,0,0.0111955217912835,0.00039984006397441,0,0,0,0,0,0,0.000199920031987205,0,9.99600159936026e-05,0,0.00189924030387845,0,0,0,0,0,0,0,0.000599760095961615,0.000299880047980808,0,0,0.0039984006397441,0,0.0109956017592963,0,0,0.0231907237105158,0,0,0,0.000599760095961615,0,0,0,0,0,0,0.00039984006397441,0,0,0,0,0,9.99600159936026e-05,9.99600159936026e-05,0,0,0,9.99600159936026e-05,0,0,9.99600159936026e-05,0.000599760095961615,0.000699720111955218,0,0,0,0,0,0,0,0,0.460615753698521,0,0.000999600159936026,0.00449820071971212,0,0,0,0,0,0,0.127548980407837,0,0,0.00479808076769292,9.99600159936026e-05,0,0,0,0,0.00139944022391044,0.00339864054378249,0,0,0,0,0.00149940023990404,0,0.000299880047980808,0.00219912035185926,0,0.000999600159936026,0
0,0,7e-04,0,0,0,0.003,0,0,0,0,0,0,0,0,0,0,0,0,0,0,0.0106,0,0.001,0,0.0269,0,0,0.0028,0.0038,0.0118,0,0,0,0,0,0.0012,0,5e-04,0,0,0,0,0,0,0,0,0,0,0,0,0,0,0,0,0,0,0,0,0.0475,0,0,0,0,0,0,0.0134,0,0.0011,0,0,0,0,0,0,0,0,0,0,0,0,0.0077,0,0,0,0.0029,0,0,0,0.0083,0.1088,0.0014,0.0012,0,0,0,0,0,0.0013,0,0,0.0012,0,0,0,0,0,0.0433,0,0,0,0,0,0.0127,0,0,3e-04,0,0.0032,1e-04,0,0,0,7e-04,0.0025,0,0.2901,0,0,0,0,0,0,6e-04,0,0.0014,0.0206,0,0,0,0,0,0,0,0,0,0,0.0015,0,0,0,0,0,0,0.0187,0,0,0,1e-04,0,0,0,0,0,0,0,0,0,0,0,0,0,0,0,0,0,0,0,0.0014,0,0,0,0,0,0,0,0,0,0,0,0,0.0235,0,0,0,0,0,0,0,0,0,0,0,0,0,0,0,9e-04,0,0,0,0,0,0,3e-04,0,0,0,0,0,0,0,0,0,0,0,0,0,0.0065,0,0,0,0,0.0171,0,0,0,0,0,4e-04,0,0,2e-04,0,2e-04,0.0215,2e-04,0,0,0,0,0,0,0,0,0,0.0108,0,0.0018,0,0,0,0,0,1e-04,0,0,0,0,0.0027,0,0,0.0544,3e-04,0,0,0,0,0,0.1272,0,0,0.0524,0,0,0,0,0,0,0.0117,0,0,0,0,0.0018,0,0,0,0,0.0117,0
0,0,0.0001000100010001,0,0,0,0.0005000500050005,0,0,0,0,0,0,0,0.0201020102010201,0,0.0001000100010001,0,0.0003000300030003,0,0.0004000400040004,0,0,0.0049004900490049,0,0.405340534053405,0.0002000200020002,0,0.0086008600860086,0.0089008900890089,0,0,0,0.0052005200520052,0,0,0,0.0028002800280028,0,0,0,0,0,0,0,0,0,0,0,0,0,0,0.0007000700070007,0,0,0.0002000200020002,0,0,0,0,0.0003000300030003,0,0,0.0002000200020002,0,0,0.001000100010001,0,0,0,0,0.0011001100110011,0,0.0015001500150015,0,0,0,0,0,0,0,0,0.0007000700070007,0,0,0.0003000300030003,0,0,0,0.0006000600060006,0,0.107510751075108,0,0,0,0,0.0023002300230023,0,0,0,0,0,0.0002000200020002,0,0,0,0.001000100010001,0.0003000300030003,0,0,0,0,0,0,0,0,0,0,0.0037003700370037,0,0,0,0,0,0.011001100110011,0,0,0,0,0.0403040304030403,0,0.0003000300030003,0,0,0.001000100010001,0,0.0026002600260026,0,0.0003000300030003,0,0.0023002300230023,0,0,0,0,0,0.0002000200020002,0,0,0,0.0001000100010001,0,0,0.0065006500650065,0,0,0.0004000400040004,0,0,0,0,0.0009000900090009,0,0,0,0,0,0,0,0.0009000900090009,0,0,0,0,0,0,0,0,0,0.0006000600060006,0,0,0,0,0.0002000200020002,0,0,0,0,0,0,0,0.0003000300030003,0,0.0062006200620062,0,0,0.0003000300030003,0,0.0324032403240324,0,0,0,0.0054005400540054,0,0.0014001400140014,0.0009000900090009,0,0,0.0055005500550055,0.0003000300030003,0,0,0,0,0,0,0.0076007600760076,0.049004900490049,0,0.0031003100310031,0,0,0,0,0,0,0,0,0,0.0015001500150015,0,0,0.0001000100010001,0,0,0.0008000800080008,0,0,0.0146014601460146,0,0,0,0,0.0002000200020002,0,0,0,0,0,0,0.0002000200020002,0,0.0003000300030003,0,0,0.0018001800180018,0.0017001700170017,0.0014001400140014,0,0.0001000100010001,0,0,0,0,0,0,0,0.0211021102110211,0.003000300030003,0,0,0.157615761576158,0,0,0,0,0,0,0,0,0.0086008600860086,0.0175017501750175,0,0,0.0041004100410041,0,0.001000100010001,0,0.0006000600060006,0,0,0,0,0,0,0.0001000100010001,0,0,0.0046004600460046,0
0,0,0,8e-04,0,0,0,0,0,0,0,0,0,0.0088,3e-04,1e-04,0,0,0,0,0,1e-04,0,0,0,0.1545,0,0,6e-04,0,0,0,0,0,0,0,0,0,0,0,0,0,0,0,0,0.0134,0,0,5e-04,0,2e-04,0,0,0,0,0,0,4e-04,0,0.0036,3e-04,0,0,0,0,0,0.0163,0,0,0,0,0,0,0,0,0,0,0,0,0.0013,0,0,0,0,0,5e-04,0,0,9e-04,0,0,0.0029,8e-04,0,0,0,0,0,1e-04,0,0,4e-04,0,0,0,0,0,0.3674,0.0022,6e-04,0,0,0.0205,0,0,0.0084,0,0,0,1e-04,0,0,0,1e-04,5e-04,0,0,0,0,0,0,0.0199,0,1e-04,0,0,0.0094,0,0,0,0.0032,0,0,0,0,0,0,0,0,0,0,0.0013,0,0,0,1e-04,0,0,0,0,0,0,0,1e-04,0,0,0.0022,0,0,0,0,0.0014,1e-04,0,0,0,0,0,0,0.0038,0.0096,0,0,0.0072,0,0,0,0,0,0,0,0.0017,2e-04,0,0,0,0.0059,0,0,0,0,0,0,0,0,3e-04,1e-04,0,1e-04,1e-04,0,0,0,0,0,0,0.0057,0,0,0,0,0,0,0,0.0087,0,0,0,0,0,0,0,0,0.0211,0,0,0,0,0,0,0,0,0,0,0,0,0,0,0,0,1e-04,0,0,0,0,5e-04,1e-04,0,0,0,0.0034,0,0,1e-04,0,0,0,0,0,0.007,0.001,0,0.0093,0,0.0012,0,1e-04,0,0,0.2564,0,0,0.0106,0,0,0,3e-04,1e-04,0,0,0,0,0,0,0,0,2e-04,0,0,7e-04,0
0,0,0.000199820161854331,0.00629433509841143,0,0,0.00989109801178939,0,9.99100809271655e-05,0,0,0,0,0.0102907383354981,0,0,0,0,0,0,0,0,0,0,0,0.000299730242781497,0,0,0.00149865121390748,0,0.00939154760715356,0,0,0.0028973923468878,0,0,0,0,0,0,0,0,0,0.000999100809271655,0,0,0,0,0,0,0,0,0,0,0,0,0,0,0,9.99100809271655e-05,0,0,0,0,0,0.000799280647417324,0.00129883105205315,0,0,0,0,0,0,0,0.0859226695973624,0,0,0,0,0,0,0,9.99100809271655e-05,0,0,0.000399640323708662,0,0,0,0,0,0,0.00129883105205315,0.0057947846937756,0,0,0,0,0.000199820161854331,0,0,0.00209811169947048,0,0,0,0,0,0.0092916375262264,0.00199820161854331,0.00149865121390748,0,0,0.000199820161854331,0,0,0,0,0,0,0.000499550404635828,0,0,0,0,0.00179838145668898,0,0,0,0,0,0.00399640323708662,0.00149865121390748,0,0,0,0,0.0169847137576181,0.00179838145668898,0,0,0,0,0,0,0,0,0.000299730242781497,0.00309721250874213,0,0,0,0.000399640323708662,0,0,0,0,0,0,0,0.0031971225896693,0,0,0.0054950544509941,9.99100809271655e-05,0,0,0,0,0,0,0,0,0.00109901089019882,0,9.99100809271655e-05,0.00119892097112599,0,0,0.000299730242781497,0,0.00589469477470277,0.000499550404635828,0,0.00209811169947048,0,0,0,0,0,0.00279748226596064,0,0,0,0,0,0,0,0,0,0,0,0.00129883105205315,0,9.99100809271655e-05,0,0,0,0,9.99100809271655e-05,0,0,0,0.000999100809271655,0,0,0.00109901089019882,0.00279748226596064,0,0,0,9.99100809271655e-05,0.00219802178039764,0,9.99100809271655e-05,0.00769307623139175,0,0,0,9.99100809271655e-05,0.000299730242781497,0,0,0,0.0141872314916575,0,0,0,0,0,0,0,0,0.00229793186132481,0,0.000699370566490159,0,0,9.99100809271655e-05,0,0.0143870516535118,0,0,0,0,0,0,0,0,0,0,9.99100809271655e-05,0,0,0,9.99100809271655e-05,0,0,0,0.00129883105205315,0.46068538315516,0,0,0.0158857028674193,9.99100809271655e-05,0.00109901089019882,0,0,0,0,0.231691477670097,0,0,0.00359676291337796,0,0,9.99100809271655e-05,9.99100809271655e-05,0,0,0,0.0208812069137776,0,0,0.00539514437006694,0.0028973923468878,0,0.000299730242781497,0,0,0.00119892097112599,0
0,0.00139916050369778,0,0,0,0,0.00239856086348191,0,0,0,0,0,0,0.0287827303617829,0.00499700179892065,0,0,0,0,0,0,0.00469718169098541,0,0.00129922046771937,0,0.0525684589246452,0,0,0.00209874075554667,0.00249850089946032,0.0170897461523086,0,0,0.0084949030581651,0,0,0.00199880071956826,0.0456725964421347,0.000299820107935239,9.9940035978413e-05,0,0,0,0.00819508295022986,0,0,0,0,0,0,0.004597241655007,0,0,0,0.0240855486707975,0,0,0,0,0.0170897461523086,0,0,0,0,0,0,0,0,0,0,0.0022986208275035,0,0.00129922046771937,0,0,0,0,0,0,0.00919448331001399,0,0,0.0335798520887468,0,0,0.000499700179892065,0,0,0,0.00589646212272636,0,0.0092944233459924,0.00259844093543874,0,0,0,0,0,0.000699580251848891,0,0,9.9940035978413e-05,0,0,0.000199880071956826,0,0,0.0513691784929043,0,0,0,0,0,0,0,0.000199880071956826,0,0.000199880071956826,0.025884469318409,0.00129922046771937,0,0,0,0,0.00739556266240256,0,0.0332800319808115,0,0,0,0.000499700179892065,0,0,0.000299820107935239,0,0,0.00909454327403558,0.000199880071956826,0,0,0.00109934039576254,0,0,0,0,0,0,0,0,0,0,0,0,0,9.9940035978413e-05,0,0,0,0,0.00249850089946032,0,0,0,9.9940035978413e-05,0,9.9940035978413e-05,0.00129922046771937,0,0,0.00499700179892065,0.000499700179892065,0,0,0,0,0,0,0.0092944233459924,0.0382770337797322,0,0,0,0,0,0,0,0,0,0,0,0,0,0.000199880071956826,0,0,0,0,0,0,0,0,0,0,0,0,0.00779532280631621,0,0,9.9940035978413e-05,9.9940035978413e-05,0,0,0,0,0.00139916050369778,0,0.0211872876274235,0,0.063162102738357,0,0,0,0,0,0,0,0,0,0.00549670197881271,9.9940035978413e-05,0,0.000399760143913652,0,0.00779532280631621,0,0,0.00299820107935239,0,0,0.000699580251848891,0,0,0,0,0,0,0,0,0,0,0,0.00109934039576254,0.0061962822306616,0,0.0169898061163302,0.0284829102538477,0,0.000499700179892065,0,0,0,0,0,0.000799520287827304,0.000199880071956826,0,0,0,0.0530681591045373,0.0175894463322007,0,0,0.00219868079152508,0,0,0,0.00579652208674795,0,0.000799520287827304,0.209374375374775,0,0.000499700179892065,0.0442734359384369,0,0,0,0,0,0,0.00579652208674795,0,0,0,0,9.9940035978413e-05,0,0.00299820107935239,0,0,0.00979412352588447,0
0,0,0.0001999600079984,0.0031993601279744,0,9.99800039992002e-05,0,0.0017996400719856,0,0.000999800039992002,0,0,0,0,0,0,0.001499700059988,0,0,0.0001999600079984,0,0.000499900019996001,0,0,0.0002999400119976,0.252249550089982,0,0,0,0,0.0133973205358928,0,0,0.0012997400519896,0,0,0,9.99800039992002e-05,0.000399920015996801,0,0,0,0.012997400519896,0,0,0.000399920015996801,0,9.99800039992002e-05,0,0,0,0.0001999600079984,0,0,0.001499700059988,0,0,0,0.0025994801039792,0,0.000399920015996801,0.000599880023995201,0,0,0.0022995400919816,0,0.0025994801039792,0,0,0,0,0,0,0.000599880023995201,0,0,0,0,0,0.000799840031993601,0.000699860027994401,0,0,0,0,0,0.0116976604679064,0,0.000399920015996801,0.0013997200559888,0.000599880023995201,0,0,0.001499700059988,0,9.99800039992002e-05,0,0,0.00389922015596881,0,0,0,0,0,0.000499900019996001,0.000399920015996801,0,0.0789842031593681,0.00329934013197361,0.00339932013597281,0,0,0,0.000999800039992002,0,0.00579884023195361,0,0,0,0,0.0001999600079984,0,0,0,0.110477904419116,0.017996400719856,0,0,9.99800039992002e-05,0.0020995800839832,0.0028994201159768,0.0013997200559888,0,0,0,0,0.013997200559888,0,0,0,0.0018996200759848,0,0,0,0.00719856028794241,0,0.0013997200559888,0.00369926014797041,0,0,0.000999800039992002,0.00499900019996001,0.0002999400119976,0,9.99800039992002e-05,0,0,0,9.99800039992002e-05,0.000999800039992002,0.0023995200959808,0,0.0170965806838632,0,0,0,0.0026994601079784,0,0,0,0.000899820035992801,0,0,0,0,0,0,0,0.00609878024395121,0.000899820035992801,0.00899820035992801,0,0,0.0113977204559088,0.0002999400119976,0,0.0263947210557888,0.00869826034793041,0,0,0,0.00519896020795841,0,0.0001999600079984,0.0280943811237752,0,0,0.0002999400119976,0,0,9.99800039992002e-05,0,0,0,0,0.0031993601279744,0,0,0,0,0.0027994401119776,0,0,0.0001999600079984,0,0,0.001499700059988,0,0.00479904019196161,0,0,0,0.0235952809438112,0,0.0017996400719856,0,0,0.000599880023995201,0.0016996600679864,0.0001999600079984,0,0,0,0.00589882023595281,0,9.99800039992002e-05,9.99800039992002e-05,0,0,0,0,0,0,0,0.0013997200559888,0,0,0,0.000399920015996801,0.0138972205558888,0,9.99800039992002e-05,9.99800039992002e-05,0,0,0.000899820035992801,0.000399920015996801,0,0.00799840031993601,0.00559888022395521,9.99800039992002e-05,0.0022995400919816,0,0.000399920015996801,0,0,0,0.0028994201159768,0.0001999600079984,0,0,0.00529894021195761,0.0687862427514497,0,0,0,0,0,0.000399920015996801,0.113977204559088,9.99800039992002e-05,0,0.000799840031993601,0,0,0,0,0,0.0011997600479904,0.00509898020395921,0,0,0,0,0,9.99800039992002e-05,9.99800039992002e-05,0,0,0.0152969406118776,0
0,0,0,0,0,0,0,0,0,0,0,0,0,0,0,0,0,0,0,0,0,0.000599760095961615,0,0,0,0.257297081167533,0,0,0.00199920031987205,0.00079968012794882,9.99600159936026e-05,0,0,0,0,0,0,9.99600159936026e-05,0,0,0,0,0,0,0,0.000599760095961615,0,0,0,0,9.99600159936026e-05,0,0,0.00039984006397441,0,0,0,0,0,0.000199920031987205,0,0,0,0,0,0,0.00169932027189124,0,0.000199920031987205,0,0,0,0,0,0,0,0,0,0.00109956017592963,0,0,0,0,0,0,0,0,0,0,0.0037984806077569,0,9.99600159936026e-05,0,0,0,9.99600159936026e-05,0,0,0,0,0,0,0,0,9.99600159936026e-05,0,0,0.0850659736105558,0,0,0,0,0,0.00109956017592963,0,0,0,0,0.00459816073570572,9.99600159936026e-05,0,0,0.00259896041583367,0.000199920031987205,0.00369852059176329,0,0,0,0,0,0,0,0,0,0,0.00359856057576969,0.00039984006397441,0,0,0,0.00159936025589764,0,0,0,0,0.000299880047980808,0,0,0,0,0,0,0,0,0,0,0,0,0,9.99600159936026e-05,0,0,0,0,0,0,0,0,0,0,0,0.00179928028788485,0.00919632147141144,0,0.00159936025589764,0,0,9.99600159936026e-05,0.00189924030387845,0,0,0,0,0,0,0,0,0,0,0,0,0.0037984806077569,0,0,0,0,0,0,0,0,0,0,0,0,0.0396841263494602,0,0,0,0,0.00179928028788485,0,0,0,0,0,0,0,0,0.0241903238704518,0,9.99600159936026e-05,0,0,0,0,0,0,0.0388844462215114,0.00079968012794882,0,0.00209916033586565,0,0,0,0,0,0,0,0,0,0,0,0,0,0,0,0,0,0,0,0,0,0,0,0,0,0,0,0,0,0,0,0,0,0,0,0,0,0,0.0076969212315074,0,0,0.119352259096361,0,0,0,0,0,0,0.364354258296681,0,0.000199920031987205,0,0,0,0,0,0,0,0.00039984006397441,0,0,0,9.99600159936026e-05,0.007796881247501,0,0,0,0,0.00149940023990404,0
0,0,0,0,0,0,0,0,0,0.00269865067466267,0,0,0,0,0.000299850074962519,0,0.000999500249875062,0,0,0,0,0.0047976011994003,0.00259870064967516,0.000399800099950025,0.000199900049975012,0.301849075462269,0,9.99500249875062e-05,0.000299850074962519,0,0,0,0,0.0112943528235882,0.000599700149925037,0,0,0,0,0,0,0,0,0,0,0.00349825087456272,0,0,0.000199900049975012,0,9.99500249875062e-05,0,0,0,0,0,0,0.000599700149925037,0,0,0,0,0,0,0,0,0.00369815092453773,0,0,0.00339830084957521,0,0,0,0,0,0,0,0,0,9.99500249875062e-05,0,0,0,0,0,0.000299850074962519,0,0,0,0.00279860069965018,0,9.99500249875062e-05,0,0,0,0,0,9.99500249875062e-05,0,0,0,0,0,0,0.000199900049975012,0,0,0.00609695152423788,0.00409795102448776,0,0,0,0.00169915042478761,0.0777611194402799,0,0,9.99500249875062e-05,0,0,9.99500249875062e-05,0,0,0.00209895052473763,9.99500249875062e-05,0.0258870564717641,0.00469765117441279,0,0,0,0,0.000699650174912544,0.000199900049975012,0,0,0,0,0.105147426286857,0,0,0,0.000299850074962519,0,0,0,0,0,0,0,0,9.99500249875062e-05,0.000899550224887556,0,0,0,9.99500249875062e-05,0,0,0,0.000499750124937531,0,0,0,0,0,0,0,0.00179910044977511,0,0,9.99500249875062e-05,0,0.00539730134932534,9.99500249875062e-05,0,0,0,0,0.00419790104947526,0,0,0.00709645177411294,0.000399800099950025,0,0.00169915042478761,0,0,0.00199900049975012,0,0,0,0,0,9.99500249875062e-05,0,0,0,0,0,0,0,0,0,0,0,0,0.000199900049975012,0,0,9.99500249875062e-05,9.99500249875062e-05,0,0,0.000199900049975012,0,0,0,0,0,0.00679660169915042,0,0,0.000299850074962519,0,0,0,0.00139930034982509,0,0,0.0115942028985507,0.00079960019990005,0,0,0.000199900049975012,0,0,0,0,0,0,9.99500249875062e-05,0,0,0,0,0.0207896051974013,0.00339830084957521,0.015792103948026,0,0,0,9.99500249875062e-05,0,0,9.99500249875062e-05,0,0.00179910044977511,0.00129935032483758,0,0,0,0,0,0,0,0,0,0,0,0,9.99500249875062e-05,0,0,0.0281859070464768,0,0,0,0,0,0,0.282258870564718,0,9.99500249875062e-05,0.0198900549725137,0,0,0,0,0,0,0,0,0,0,0,0.0031984007996002,0,0.000499750124937531,0,9.99500249875062e-05,0.00589705147426287,0
0,0,0,0,0,0,9.99900009999e-05,0,0,0,0,0,0,0,0.0008999100089991,0,0,0,0,0,0,0,0,0,0,0.0606939306069393,0,0,0.0002999700029997,0.0147985201479852,0,0,0,0.0054994500549945,0,0,0,0,0,9.99900009999e-05,0,0,0,0.0014998500149985,0,0.0003999600039996,0,0,0,0,0,0,0,0,0,0,0,0,0,0.0012998700129987,0,0,0,0,0,0,0.0046995300469953,0,0,0.0127987201279872,0.0010998900109989,0,0,0,0,0,0,0,0,0,0,0,0,0,0,0.0008999100089991,0,0,0,0,0,0.0005999400059994,0.000999900009999,0,0,0,0,0,0,0,0,0,0,0,0,0,9.99900009999e-05,0.400559944005599,0,0,0.0001999800019998,0,0,0,0,0,0,0,0.0062993700629937,0,0,0,0,9.99900009999e-05,0.0463953604639536,0,0,0,0,0,0,0,0,0,0,0,0.0005999400059994,0,0,0,0,0,0,0,0,0,0,0,0,0,0.0003999600039996,0,0,0.0005999400059994,0,0,0,0,0,0.0051994800519948,0,0,0,0,0,9.99900009999e-05,0,0,0,0,0.0001999800019998,0,0,0,0,0,0,0,0.0022997700229977,0,0,0,0,0,0.0007999200079992,0,0,0,0,0,0,0.007999200079992,0,0,0,0,0,0,0,0,0,0,0,0,0,0,0,0.0003999600039996,0,0.0001999800019998,0,0,0,0,0,9.99900009999e-05,0,0,0,0,0,0.001999800019998,0,0,0,0.0012998700129987,0,0,0,0,0,0,0,0.0292970702929707,0,0,0.0008999100089991,0,0,0,0,0,0,0,0,0,0,0,0,0,0,0,0,9.99900009999e-05,0,0.0003999600039996,0,0,0,0,0,0,0,0,0.0003999600039996,0,0,0,0,0.0106989301069893,0,0.0086991300869913,0.0298970102989701,0,9.99900009999e-05,0,0,0,0,0.313868613138686,0,0.0002999700029997,0.017998200179982,0,0,0,0,0,0,0,0,0,0,0,0.0006999300069993,0,0,0,0,0.0040995900409959,0
0,0,0,0,0,0,0,0,0,0,0,0,0,0,0,0,0,0,0,0,0,0.0018,0,0,0,0.2631,0,0,0,0,0.0132,0,0,0.0038,0,0,4e-04,0,0,0,0,0,0,0,0,0,0,0,0,0,0,0,0,0,0,0,0,0,0,0.0332,0,0.0026,0.0025,0,5e-04,0,0,0,0,0,0,0,0,0.0052,0,0,0,0,0,0,0,0,0,0,0.0035,0,0,0,0,0,0,0,0,0,0,0,0,0,0,0,0,0,0,0,0,0,0,0,0,0,0,0,0,0,0,0,0,0.0343,0.0601,0,0,0,0,6e-04,0,0,0,0,0,0,0,0.1661,0,0,0,0.0017,0,0,0,0,0.0178,0,0,0,0,0,6e-04,0,0,0,0,0,0.046,0,0,0,0,0,0,0,0,0,0,0.0724,0,0,0,0,0,0,0,0,0,0,0.0055,0,0,0,0,0,0,0,0,0.0013,0,0,0,0,0,0,0,0,0,2e-04,0.0012,0,0,0,0,0,0,0,0,0,0,0.0146,0,0,0,0,0,0,0,0,0,0,0,0,0,0.0018,0,0,0,0,0,0,0,0,0,0,0.0704,0,0,0.0572,0,0,0,0,0,0,0,0,0,0,0,0.021,0,0,0,0,0,0,0,0,0,0,0.0092,0,0,0,0,0,0,0,0,0,0,0,0,0.0708,0,0,0,0,0,0,0,0,4e-04,0,0,0,0.0124,0,0,0,0,0,0,0,0,0,0,0,6e-04,0,0,0,0,0.004,0
0.000199860097931448,0,0,0.000299790146897172,0,0,0.0024982512241431,0,0,0.00049965024482862,0.000299790146897172,0,0,0,9.9930048965724e-05,0,0.00669531328070351,0,0,0,0,0.00479664235035475,0,9.9930048965724e-05,0.000199860097931448,0.226741281103228,0,0,0,0.000799440391725792,0.0205855900869391,0,0,0.000699510342760068,0,0,0.00049965024482862,0.0319776156690317,0.000299790146897172,0,0,0,0,0.00719496352553213,0,0.00479664235035475,0,0,0,0,0,0,0,0.000599580293794344,0.000399720195862896,0,0,0.00129909063655441,0,0.0045967822524233,0.00109923053862296,0,0,0,0,0,0.0224842610172879,0,0,0,0,0,0,0,0.00269811132207455,0,0,0,0,0.00429699210552613,0,0.00099930048965724,0.002897971420006,0,0.00179874088138303,0,0,0,0.000299790146897172,0.00479664235035475,0,0.00049965024482862,9.9930048965724e-05,0,0,0,0,0,0.00449685220345758,0,0,0,0,0,0.000399720195862896,0.000399720195862896,0.0164884580793445,0.011591885680024,0,0,0,0,0.00149895073448586,0.0950334765664035,0,0.00639552313380634,0,0,0,0,0.000399720195862896,0,0.000799440391725792,9.9930048965724e-05,0.000599580293794344,0,0.00909363445588088,0,0,0,0.00139902068552014,0.00589587288897772,0,9.9930048965724e-05,0,0,0.002897971420006,0.00189867093034876,0,0,9.9930048965724e-05,0,0,0,0,0,0,0.00799440391725792,0,0,0,0,0,0,0,0,0,0,0,0.00119916058758869,0,0,0.00439692215449186,0,0,0,0.0103927250924353,0,0,0,0,0,0,0,0,0,0,0.0110922354351954,0.011591885680024,0,0.00529629259518337,0,0,0,0,0,0.00189867093034876,0,0,0,0,0.0337763565504147,0,0,0.0124912561207155,0,0.0045967822524233,0,0,0,0,0,0,0,0,9.9930048965724e-05,0,0,0,0,0,0,0,0,0.00049965024482862,0,0.00469671230138903,0,0,0,0,0,0,0,0,0,0,0,0,0.00139902068552014,0,0,0,0.0053962226441491,0,0,0,0,0,9.9930048965724e-05,0,0,0,0,0,0,9.9930048965724e-05,9.9930048965724e-05,0,0,0,0,0.00149895073448586,0,0.000599580293794344,0,0,0,0,0.000899370440691516,9.9930048965724e-05,0,0,9.9930048965724e-05,0,0,9.9930048965724e-05,0,0,0.00149895073448586,0,0,0.0127910462676127,0,0,0,0,0,0.000199860097931448,0.329269511342061,0,0,0.0074947536724293,0,0,0,0,0,0,0.000699510342760068,0,0,0,0,0.00119916058758869,0,0.00259818127310882,0.00279804137104027,0,0.00329769161586889,0
0,0,0,0,0,0,0.0002999400119976,0,0,0,0,0,0,0,0,0,0,0,0,0,0.000599880023995201,0,9.99800039992002e-05,0,0,0.0464907018596281,0,0,0,0.0001999600079984,0.0187962407518496,0.0022995400919816,0,0,0,0,0,0,0,0,0,0,0,0.00539892021595681,0,0.0002999400119976,0,0,0,0,0,0,0,0,0,0,0,0,0,0,0,0,0,0,0,0,0.00619876024795041,0,0,0,0,0,0,0,0,0.000799840031993601,0,0,0,0,0,0,0,0,0,0,0.0210957808438312,0,0,0,0,0.0002999400119976,0,0,0,0,0,0,0.000799840031993601,0,0,0.000699860027994401,0,0,0,0,9.99800039992002e-05,0.544191161767646,0,0,0,0,0,0.002999400119976,0,0,0,0,0,0,0,0,0,9.99800039992002e-05,0.0106978604279144,0,0,0,0,0,9.99800039992002e-05,0.010497900419916,0,0,0,0,0,0,0,0,0,0,0,0,0,0,0,0,0,0,0,9.99800039992002e-05,0,0,0,0.000899820035992801,0,0,0,0,0,0,0,0,0,0,0,0,0,0,0,0,0,0,0,0,0,9.99800039992002e-05,0,0,0,0,0,0,0,0,0,0,0,0,0,0.00889822035592881,0,0,0,0,0,0,0,0,0,0,0,0,0,0,0,0,0,0.0002999400119976,0,0,0,0,0,0,0,0,0,0,0,0,0,0,0,0,0,0,0,0,0.0177964407118576,0,0,0.010997800439912,0,0,0,0,0,0,0,0,0,0,0,0,0,0,0,0,0.000499900019996001,0,0,0,0,0,0,0,0,0,0,0,0,0,0,0,0,0,0,0.0020995800839832,0,0,0.0103979204159168,0,0,0,0,0,0,0.272345530893821,0,0,0,0,0,0,0,0,0,0,0,0.0002999400119976,0,0,0.0021995600879824,0,0,0,0,0,0
0,9.99200639488409e-05,0,0.00209832134292566,0,0,9.99200639488409e-05,0.0141886490807354,0,0,0,0,0,0.00869304556354916,9.99200639488409e-05,0,0,0,0,0,0,0.00109912070343725,0,0,0.000199840127897682,0.0151878497202238,0,0,0,0,0,0,0.000199840127897682,0,0,0,0.0225819344524381,0.0491606714628297,0.00159872102318145,0,9.99200639488409e-05,0,0.00549560351718625,0.00629496402877698,0,9.99200639488409e-05,0,0,0,0,0,0,0,0.000799360511590727,0.012589928057554,0,0,0,0,0.0212829736211031,0,0.00509592326139089,0,0,9.99200639488409e-05,0,0.00119904076738609,0,0,0,0.011290967226219,0,0,0.000699440447641887,0,0,0,0,0,0.000699440447641887,0.000699440447641887,0,0,0,0,9.99200639488409e-05,0,0,0.000399680255795364,0.021982414068745,9.99200639488409e-05,0,9.99200639488409e-05,0,0,9.99200639488409e-05,0,0,0.00529576338928857,0,0,0,0,0.000199840127897682,0,0,9.99200639488409e-05,0.0135891286970424,0.00349720223820943,0.000499600319744205,0,0,0,0.00339728217426059,0,0.00569544364508393,0,0.000599520383693046,0,0,9.99200639488409e-05,0,0,0,0.00959232613908873,0.000899280575539568,0,0,0,0,0.00269784172661871,0,0,0,0,0,0.0423661071143086,0.00259792166266986,0,0,9.99200639488409e-05,0,0,0.00159872102318145,0,0,0.00199840127897682,0.00229816147082334,0,0,0.00319744204636291,0.00329736211031175,0.00469624300559552,0,9.99200639488409e-05,0,0,0,0,0.00239808153477218,0,0,0,0,0,0,0,0,0.000199840127897682,0,0,0,0,0,0,0,0,0.00319744204636291,0.00869304556354916,0,0.0490607513988809,0,0,0.00949240607513989,0,0,0,0,0.00149880095923261,0,0,0.00549560351718625,0.000399680255795364,0.000799360511590727,0.00349720223820943,0,0,9.99200639488409e-05,0,0,0,0,0,0,0,0,0,0,0,0.000499600319744205,0,0,0,0,0,0,9.99200639488409e-05,0,0,0,0.00819344524380496,0.0082933653077538,0.00239808153477218,0.000599520383693046,0.00429656274980016,9.99200639488409e-05,0,0.030775379696243,0.00529576338928857,0,0.0162869704236611,0,0,0.00139888089528377,0,0.000699440447641887,0.000599520383693046,0.00139888089528377,0,9.99200639488409e-05,0,9.99200639488409e-05,0,0,0.00149880095923261,0,0,0,0,0,9.99200639488409e-05,0,0,0,0.00279776179056755,9.99200639488409e-05,0,0,0,0.00779376498800959,9.99200639488409e-05,0,0,0,0,0,0,0,0.000799360511590727,9.99200639488409e-05,0,0,0.0130895283772982,0,0,0,0.000399680255795364,0,0,0.413968824940048,0,0,0.0387689848121503,0,0,0,0,0,0.000399680255795364,0.00589528377298161,0,0,0,0,0.0309752198241407,0,0.000799360511590727,0,0,0.00349720223820943,0
0,0,0,0,0,0,0.000399920015996801,0,0,0,0,0,0,0,0.0012997400519896,0.0132973405318936,0,0,0,0,0,0,0,0.00869826034793041,0,0.230553889222156,0,0,0,0.00449910017996401,0.0459908018396321,0.170165966806639,0,0.00469906018796241,0,0,0,0,0,0,0,0,0,0,0,0,0,0,0,0,0,0,0,0,0,0,0,0,0,0,0,0,0,0,0,0,0,0,0,0,0,0,0,0,0,0,0,0,0,0,0,0,0,0,0,0,0,0,0,0.0112977404519096,0,0,0,0,0,0,0,0.0001999600079984,0,0,0,0.0137972405518896,0,0,0,0,0,0.143471305738852,0,0,0,0,0.000999800039992002,0.0145970805838832,0,0,0,0,0,0,0,0,0,0,0,0,0,0,0,0,0,0,0,0,0,0,0,0,0,0,0.00509898020395921,0,0.000899820035992801,0,0,0.00639872025594881,0.00789842031593681,0,0,0,0.000499900019996001,0,0,0,0,0,0,0,0,0,0,0,0,0,0,0,0,0,0,0,0,0.000999800039992002,0,0,0,0,0,0.00329934013197361,0,0,0,0.0002999400119976,0,0,0,0,0,0,0,0,0,0.0156968606278744,0,0,0,0,0,0,0,0,0,0,0,0,0,0.0480903819236153,0,0,0.0011997600479904,0,0,0,0,0,0,0,0,0,0.000799840031993601,0,0,0,0,0,0,0,0,0,0,0,0,0,0,0,0,0,0,0.000599880023995201,0,0,0,0,0,0,0.0002999400119976,0.000699860027994401,0,0,0,0,0,0,0,0,0,0,0,0,0,0,0,0,0,0,0,0,0,0,0,0,0,0,0.198660267946411,0,0,0,0,0,0,0,0,0,0,0.000599880023995201,0,0,0,0,0,0,0,0,0,0,0.0027994401119776,0,0.000499900019996001,0,0,0.0406918616276745,0
0.00309845077461269,0,0,0,0,0,0.000199900049975012,0.00579710144927536,0,0,0,0,0,0.0469765117441279,9.99500249875062e-05,0,0,0,0,0,0.0212893553223388,0.00119940029985007,0.000899550224887556,0.000499750124937531,0.00229885057471264,0.0653673163418291,0,0,0.00419790104947526,0,0.00599700149925037,0,0.000199900049975012,0.000499750124937531,0,0,9.99500249875062e-05,0,9.99500249875062e-05,0,0,0,0,0.031384307846077,0,0.00679660169915042,0,0.000999500249875062,0.000299850074962519,0.000199900049975012,0,0,0,0,0.00109945027486257,0,0,0,0,0.0256871564217891,0,0.0115942028985507,0,0,0,0,0.00819590204897551,0,9.99500249875062e-05,0,0.00779610194902549,0,0,0.024087956021989,0,0,0,0,0,0.0171914042978511,0.000499750124937531,0.000399800099950025,0,0,0.0534732633683158,0,0,0,0.000199900049975012,0.00169915042478761,0,0,9.99500249875062e-05,0,0,0.000399800099950025,0,0,0.00149925037481259,0,0,0,0,0,0,0.00239880059970015,0.0173913043478261,0.0274862568715642,0.0124937531234383,0.0149925037481259,0.0031984007996002,0,0,0.00299850074962519,0,0.00379810094952524,0,9.99500249875062e-05,0.00519740129935032,0,9.99500249875062e-05,0,0,0,9.99500249875062e-05,0,0,0,0,0,0,0.0138930534732634,0,0,0,0,0.0174912543728136,0.00619690154922539,0,0,0,0,0,0,0,0,0,0.0116941529235382,0,0,0,0.00669665167416292,0,0,0,0,0,0,0,0.000699650174912544,0,0,0,0.235582208895552,0,0,0.00339830084957521,0,0,0,0,0.00109945027486257,0,0,0,0,0,0.00899550224887556,0.00599700149925037,0,0.0339830084957521,0.00129935032483758,0,0.000899550224887556,0,0,0,0,0,0,0,0.00129935032483758,0.000399800099950025,0,0.00199900049975012,0,0.00399800099950025,0,0,0,0,0,0,0.00599700149925037,0,0,0,0,0,0.00189905047476262,0,0,0,0,0,0.0015992003998001,0.00449775112443778,0,0,0.00209895052473763,0,0,0.0126936531734133,0,0.00169915042478761,0.00659670164917541,0,0,0.00729635182408796,0.00169915042478761,0,0,0,0.00219890054972514,0,0,0,0,0,9.99500249875062e-05,0,0.00379810094952524,0,0,0,0,0,0,0,0,0.0509745127436282,0,0,0,0,0,0,0,0,0,0.00179910044977511,0.00419790104947526,0,0.000299850074962519,0,0,0,0,0,0.00079960019990005,0,0,0.000999500249875062,0.000399800099950025,0,0,0,0,9.99500249875062e-05,0.0829585207396302,0,0,0.00399800099950025,0,0,0,0,9.99500249875062e-05,0,0,0,0,0,0,0.00219890054972514,0,0,0,0,0.000599700149925037,0
0,0,0,0.000199900049975012,0,0,9.99500249875062e-05,0,0,0,0,0,0.00079960019990005,0,0.000299850074962519,0,0,0,0,0,0,0,0,9.99500249875062e-05,0,0.0144927536231884,0,0,0.000199900049975012,0.000199900049975012,0.00189905047476262,0,0,0,0,0,0.000299850074962519,0,0,0,0.0015992003998001,0,0,0,0,0,0,0,0,0,0,0,0,0,0,0,0,0,0,0,0,0,9.99500249875062e-05,0,0,0,0,0.00079960019990005,0,0,0,0,0,0.00219890054972514,0,0,0,0,0,0,0.000199900049975012,0,0,0,0.00249875062468766,0,0,0,0,0,0,0,0.000499750124937531,0,0,0,0,0,0,0,0,0,0,0,9.99500249875062e-05,0,0,0.0520739630184908,0,0,0,0,0,0.0144927536231884,0,0,0,9.99500249875062e-05,0,0,0,0,0,0.000199900049975012,0,0,0,0,0,0,0,0.186506746626687,0,0.000199900049975012,0,0,0.000199900049975012,0,0,0,0.000299850074962519,0,0,0,0,0,0,0,0,0,0,0,0,0,0,0,0,0,0,0,0,0,0,0,0,0,0,0,0,0,0,0,0.00449775112443778,0,0,0,0,0.00249875062468766,0,0,0,0,0,0,0,0,0,0,0,0,0,0,9.99500249875062e-05,0,0,0,0,0,0,0,0,0,0,0,9.99500249875062e-05,0.000299850074962519,0,0,0,9.99500249875062e-05,0,0,0,0.000199900049975012,0,0,0.00549725137431284,0,9.99500249875062e-05,0,0.000299850074962519,0,0,0,9.99500249875062e-05,0,0,0,0.0100949525237381,0,0,9.99500249875062e-05,0,0.0121939030484758,0,0,0,0,0,0,0,0,0,0,0,0,0,0.000199900049975012,0,0,0,0,0,0,0,0,0.000199900049975012,9.99500249875062e-05,0,0,0,0,0,0,0,9.99500249875062e-05,0,0,0,0.0657671164417791,0,0,0.36111944027986,0,0,0,0,0,0,0.253473263368316,0,0,0,0,0,0,0,0,0,0,0,0,0,0,9.99500249875062e-05,0,0.000299850074962519,0,0,0.00179910044977511,0
0,0,0,0.0005000500050005,0,0,0.0046004600460046,0.0029002900290029,0,0.0012001200120012,0,0,0,0.0155015501550155,0.0021002100210021,0,0,0,0,0,0.013001300130013,0.0065006500650065,0.0029002900290029,0.0002000200020002,0.0038003800380038,0.0551055105510551,0,0,0.0097009700970097,0,0,0,0,0.0203020302030203,0,0,0.0008000800080008,0.0317031703170317,0.0002000200020002,0,0.0001000100010001,0,0,0,0,0.0113011301130113,0,0,0.0003000300030003,0,0.0009000900090009,0.0004000400040004,0,0,0,0.0001000100010001,0,0.0008000800080008,0,0.03000300030003,0.0009000900090009,0.0084008400840084,0,0,0,0.0007000700070007,0.002000200020002,0.0009000900090009,0.0013001300130013,0,0.0051005100510051,0,0,0.0013001300130013,0.0036003600360036,0,0,0,0,0.0013001300130013,0,0,0.0004000400040004,0,0.0084008400840084,0.0001000100010001,0,0,0.0005000500050005,0.0034003400340034,0.0857085708570857,0.0004000400040004,0.0001000100010001,0,0,0.0002000200020002,0,0,0.0033003300330033,0.0001000100010001,0,0,0.0002000200020002,0,0.0004000400040004,0.0005000500050005,0.0003000300030003,0.0115011501150115,0.0126012601260126,0.0097009700970097,0,0,0.0003000300030003,0.0018001800180018,0,0.0132013201320132,0,0,0.035003500350035,0,0.0006000600060006,0,0,0,0.0005000500050005,0.0011001100110011,0,0,0,0,0.0006000600060006,0.0187018701870187,0,0.0001000100010001,0,0,0.0172017201720172,0,0,0,0.0001000100010001,0,0,0,0,0,0.0013001300130013,0.0035003500350035,0,0,0,0.0172017201720172,0,0,0,0.0032003200320032,0,0,0,0.0032003200320032,0,0,0.0157015701570157,0.0266026602660266,0,0,0.0034003400340034,0,0,0,0.0001000100010001,0.0232023202320232,0,0,0,0,0,0,0.0535053505350535,0,0.049004900490049,0.0022002200220022,0,0.0082008200820082,0.0003000300030003,0,0,0,0,0,0,0.0022002200220022,0,0,0,0,0,0,0,0,0,0,0,0,0,0.0014001400140014,0,0,0,0.0027002700270027,0.0001000100010001,0,0.0132013201320132,0,0.0002000200020002,0,0.0124012401240124,0.0132013201320132,0,0,0,0.0034003400340034,0.0002000200020002,0,0.0127012701270127,0,0,0,0.0028002800280028,0.0021002100210021,0.0072007200720072,0,0.0002000200020002,0.0023002300230023,0,0,0,0,0,0.0001000100010001,0,0,0,0,0.0004000400040004,0,0,0,0.0008000800080008,0,0.0129012901290129,0.0005000500050005,0.002000200020002,0,0.0009000900090009,0.0001000100010001,0.0001000100010001,0,0.0007000700070007,0.0003000300030003,0.0003000300030003,0,0,0.0001000100010001,0,0,0,0,0,0.0066006600660066,0,0,0.024002400240024,0,0.0008000800080008,0,0.0001000100010001,0.0002000200020002,0.0035003500350035,0.147714771477148,0,0,0.0092009200920092,0,0,0,0,0.0003000300030003,0.0014001400140014,0.0004000400040004,0,0,0,0,0.0095009500950095,0,0.0001000100010001,0,0,0.0226022602260226,0
0,0,0,0,0,0,0.000100030009002701,0,0,0,0,0,0,0.0165049514854456,0.000400120036010803,0,0,0,0,0,0.00680204061218365,0,0,0.00160048014404321,0,0.566770031009303,0,0,0,0,0.000500150045013504,0,0,0.0131039311793538,0,0,0.00440132039611884,0.00270081024307292,0,0,0,0,0,0.0278083425027508,0,0,0,0,0,0,0.000200060018005402,0,0,0,0,0,0,0.000100030009002701,0,0.00810243072921877,0,0,0,0,0.00750225067520256,0,0.00240072021606482,0,0,0,0,0,0,0,0,0,0,0,0,0,0,0,0,0,0.0171051315394618,0.000500150045013504,0,0,0,0.0114034210263079,0,0.000400120036010803,0,0,0,0,0,0,0,0,0,0,0,0,0,0,0.0199059717915375,0.000800240072021606,0,0,0,0,0,0.0142042612783835,0,0,0,0,0.00490147044113234,0,0,0,0,0.000300090027008102,0,0,0,0,0,0,0,0,0,0,0,0.000200060018005402,0.00120036010803241,0,0,0,0.00140042012603781,0,0,0,0,0,0,0,0,0,0.00320096028808643,0.0113033910173052,0.000300090027008102,0.00130039011703511,0,0,0,0,0,0.0124037211163349,0,0,0,0,0,0,0.000300090027008102,0,0,0,0,0,0,0,0,0,0,0.00820246073822147,0.00200060018005402,0,0,0.00140042012603781,0,0,0,0,0,0,0,0,0,0,0.000400120036010803,0.00130039011703511,0,0.000200060018005402,0,0,0,0,0,0,0,0,0,0.00250075022506752,0.00260078023407022,0,0.000100030009002701,0.00110033009902971,0,0,0,0,0,0,0,0,0.00260078023407022,0,0,0,0,0,0,0,0,0.000100030009002701,0.0151045313594078,0,0,0,0,0.0141042312693808,0,0,0,0,0,0,0,0,0.0141042312693808,0,0,0,0,0,0,0,0,0,0,0,0,0.000300090027008102,0.000700210063018906,0,0,0,0,0,0,0,0,0,0,0,0,0.00170051015304591,0,0,0.0317095128538562,0,0.00160048014404321,0,0,0,0.000400120036010803,0.109032709812944,0,0,0,0,0.000200060018005402,0.00440132039611884,0,0,0.00220066019805942,0,0,0.00350105031509453,0,0,0.0128038411523457,0,0.00140042012603781,0,0.000100030009002701,0,0.00400120036010803
0,0.000599820053983805,0,0,0,0,0,0.00369889033290013,0,0,0,0,0,0,0.00759772068379486,0,0,0,0,0,0.0111966410076977,0.00179946016195141,0,0.0130960711786464,0,0.000699790062981106,0,0,0.00529841047685694,0,0.0191942417274818,0,0,0.000899730080975707,0,0,9.99700089973008e-05,0.00169949015295411,0,0,0,0,0,0.00829751074677597,0,0.000499850044986504,0,0,0.000199940017994602,0,0,0,0,0,0,0,0,0,0,0,0,0,0,0,0,0,0.0371888433469959,0,0,0,0,0,0,0.00289913026092172,0,0,0,0,0,0,0,0,0,0,0.00149955013495951,9.99700089973008e-05,0.0689793062081376,0,0,0.00219934019794062,0,0.00209937018894332,0.0135959212236329,0,0,0,0,0,0,0,0,0,0,0,0,0,0.00379886034189743,0.143356992902129,0,0,0,0,0,0.00369889033290013,0,0,0,0,0,0,0,0,0,9.99700089973008e-05,9.99700089973008e-05,0,0,0,0,0,0,0.0798760371888433,0,0,0,0,0.023592922123363,0,0,0,0,0,0,0,0,0,0.00529841047685694,0,0,0,0.000699790062981106,0.00419874037788663,0,0,0,0,0,0,0,0.00499850044986504,0,0,0,0,0,0,0,0,0,0.00419874037788663,0,0,0,0,0,0,0,0.00209937018894332,0,0,0,0,0.000499850044986504,0,0.000499850044986504,0,0,0,0,0,0,0.000299910026991902,9.99700089973008e-05,0,0.000399880035989203,0,0,0,0,0,0,0,0,0.116165150454864,0,0,0,0,0,0.00159952014395681,0,0,0,0,9.99700089973008e-05,0,0,0,0,0,0,0,0,0,0,0,0,0,0.00749775067479756,0,0,0,0,0.0128961311606518,0,0,0,0,0,0,0,0,0,0,0,0,0,0,0,0,0,0,0.00229931020693792,0,0.00199940017994602,0,0,0,0,0,0.000699790062981106,0,0,0,9.99700089973008e-05,0,0,0,0,0.025592322303309,0,0,0.014295711286614,0,9.99700089973008e-05,0,0,0,0,0.315905228431471,0,0,0.00449865040487854,0,0,0,0,0,0,0,0,0,0,0,0.0129961011696491,0,0.000999700089973008,0,0,0.000999700089973008,0
0,0,0,0,0,0,9.99700089973008e-05,0,0,0,0.000199940017994602,0,9.99700089973008e-05,0,0.00419874037788663,9.99700089973008e-05,0,0,0,0,0,0,0,9.99700089973008e-05,0,0.114165750274918,0,0,0.000999700089973008,0.000899730080975707,0.000199940017994602,0,0,0,0,0,0.000199940017994602,0.00569829051284615,0,0,0,0,0,0,0,0,0,0,0,0,0,0,0,0,0,0,0,9.99700089973008e-05,0,0,0,0,0,0,0,0,0,0,0,0,0,0,0,0,0,0,0,0,0,0,0,0,0.00289913026092172,0,0,9.99700089973008e-05,0.000199940017994602,0,0,0,0,9.99700089973008e-05,0.0233929821053684,0,0,0,0.00389883035089473,0,0,0,0,0,0,0,0,0,0,0.395581325602319,0,0,0,0,0,0,0,0,0,9.99700089973008e-05,0.0573827851644507,0,0,0,0,9.99700089973008e-05,0.00319904028791363,0,0,0,0,0,0,0.0696790962711187,0,0,0,0,0.000699790062981106,0,0,0,0.0300909727081875,0,0,0,0,0.000199940017994602,0,0,0,0,0,0,0,0,0,0,0,0,0,0,0,0,0,0.000299910026991902,0,0,0,0,0,0,0.000699790062981106,9.99700089973008e-05,0,0,0,0,0,0,0,0,0,0,0,0,0.000899730080975707,0,0,0,0,0,0.000599820053983805,0.00699790062981106,9.99700089973008e-05,0,0,0,0,0,0,0,0,0,0,0,0,0.00899730080975707,0,0,0,0.000399880035989203,0,0,0,0,0.00109967009897031,0,0.00409877036888933,0,0.00929721083674898,0,0,0,0,0,0,0,0,0,0,0,0,0,0,0,0,0,0,0,0,0.00139958012596221,0,0,0,0,0.000599820053983805,0,0,0,0,0,0,0,0.00149955013495951,9.99700089973008e-05,0,0.000699790062981106,0.00119964010796761,0,0,0.000599820053983805,0,0,0,0.000399880035989203,9.99700089973008e-05,0,0,0,0,0.0156952914125762,0,0,0.0542837148855343,0.000199940017994602,0,0,0,0,0,0.150654803558932,0,0,0.0231930420873738,0,0,0,0,0,0,0,0,0,0,0,9.99700089973008e-05,0.000199940017994602,0.000799760071978406,0,0,0,0
0,9.99100809271655e-05,0,0,0.000799280647417324,0,0,0,0,0,0,0,0,0.0286741932260965,0,0,0.00109901089019882,0,0,9.99100809271655e-05,0.0060945149365571,0.00149865121390748,0,0,0,0,0,0,0.00199820161854331,0,0,0,0,0,0,0,0.000199820161854331,9.99100809271655e-05,0,0,0,0,0,0,0,0.0733339994005395,0,0,0,0,9.99100809271655e-05,0,0,0.000299730242781497,0,0,0,0,9.99100809271655e-05,0.0212808472374863,0,0,0,0,0,0,0.00379658307523229,0,0.00129883105205315,0.00879208712159057,0,0,0,0,0.00419622339894095,0,0,0.000699370566490159,0,0.0135877710060945,0,0.000399640323708662,0,0,0,9.99100809271655e-05,0,9.99100809271655e-05,0,0.00559496453192127,0.0028973923468878,0.000599460485562993,0,0,9.99100809271655e-05,0.000199820161854331,0,0.000199820161854331,0.000599460485562993,0,0,0,0,0,0.000699370566490159,9.99100809271655e-05,0.00139874113298032,0,0,0.0028973923468878,0,0,0,0.00989109801178939,0,0.000599460485562993,9.99100809271655e-05,0,0.00759316615046458,0,0,0,0.00349685283245079,0,0,0,0.0189829153761615,0,0.000299730242781497,0,0.000499550404635828,0.0833250074932561,0.00229793186132481,0.000199820161854331,0,9.99100809271655e-05,0,0,0.000199820161854331,0,0.00129883105205315,0,0,0,0,0,0.000799280647417324,0,0,0,0.00159856129483465,0.000199820161854331,0.000499550404635828,0,0,0,0,0,0,0.00269757218503347,0,0,0,0.000299730242781497,0,0,9.99100809271655e-05,0,9.99100809271655e-05,0,0.00269757218503347,0,9.99100809271655e-05,0.00139874113298032,0,0,0.000599460485562993,9.99100809271655e-05,0,0,0,9.99100809271655e-05,0,0.000199820161854331,0,0,0,0.0131881306823859,0,0,0.000599460485562993,0.0106903786592067,0.00279748226596064,0.000699370566490159,0,0,9.99100809271655e-05,0,0,0.0350684384054351,0,0,0,0.00819262663602758,0,0.00379658307523229,0.000399640323708662,0,9.99100809271655e-05,0.000499550404635828,0,0,0,0,9.99100809271655e-05,0,0.0152862423818563,0.000199820161854331,0.00539514437006694,0,0,0,0,0,9.99100809271655e-05,0.000199820161854331,0,0.0219802178039764,0.00849235687880907,0.000299730242781497,0,0,0,0.23968428414427,0,0,9.99100809271655e-05,0,0,0,0,0,0.000299730242781497,0,0.000499550404635828,0.00409631331801379,0,0,0,0,0.000199820161854331,0,0,0,0,0.0159856129483465,9.99100809271655e-05,0,0,0,0.000199820161854331,0,0,0.000399640323708662,0,0,0,0,0,0,0.00129883105205315,0,0.0207812968328504,0,0.000299730242781497,9.99100809271655e-05,0,0,0,0.216804875611949,0,0,0.00439604356079528,0,0,0,0,0,0,0,0,0,0,0,0.0031971225896693,0,0.0250774303127186,0,0.00439604356079528,0.000199820161854331,0.0092916375262264
0,0,0,0,0,0,0.000399880035989203,0.000499850044986504,0,0,0,0,0,0,0.00399880035989203,0,0.000599820053983805,0.00209937018894332,0,0.00479856043187044,0.00409877036888933,0.00419874037788663,0,0,0,0,0,0,0.00579826052184345,9.99700089973008e-05,0.000299910026991902,0.000199940017994602,0,0.00499850044986504,0,0,0.00339898030590823,0.0180945716285114,0,0,0,0,0,0.00879736079176247,0,0.00239928021593522,0,0,0,0,9.99700089973008e-05,0,0,0,0.000699790062981106,0,0,0,0,0.000399880035989203,0,0.00939718084574628,0,0,0,0,0.00859742077376787,0,0,0.00979706088173548,0,0,0,0.000299910026991902,0,0,0,0,0,0.00219934019794062,0,0,0.0253923822853144,0,0.0552834149755073,0.00209937018894332,0.0503848845346396,0,0,0.00269919024292712,0,0,0,0,0,0.00519844046785964,0,0,0.00489853044086774,0,0,0,0,0,0,9.99700089973008e-05,0.000499850044986504,0.193641907427772,0,0,0,0,0,0.00749775067479756,0,0.000399880035989203,0,0,0.00179946016195141,0.000199940017994602,0,0,0,0,0.0557832650204939,0,0,0,9.99700089973008e-05,0,0.00309907027891633,0.0438868339498151,0,0,0.000599820053983805,0,0.00629811056682995,0,0,0,0,0,0,0,0,0,0.000499850044986504,0.000299910026991902,0,0,0.00329901029691093,0.000199940017994602,0,0,0,0,0,0,0.0115965210436869,0.00659802059382185,0,0,0,0.0516844946516045,0,0,0,0,0,0,0,0,0,0,0,0,0,0,0.00779766070178946,0,0,0,0,0,0.00219934019794062,0,0,0,0,0,0,0.00189943017094872,0,0,0.00319904028791363,0,0,0,0,0.00219934019794062,0,0,0,0.000399880035989203,0,0.00369889033290013,9.99700089973008e-05,0,0,0,0,0,0.00239928021593522,0,0.00139958012596221,0,0.00719784064780566,0,0,0.000499850044986504,0.000699790062981106,0,0,0,0,0,0,0,0,0,0.00279916025192442,9.99700089973008e-05,0,0.0658802359292212,0,0,0,0,0,0,9.99700089973008e-05,0,0,0,0,0,0,0,0,0,0,9.99700089973008e-05,0.00359892032390283,0.00539838048585424,0.000799760071978406,0.0135959212236329,0,0,0.000699790062981106,0.0143956812956113,0,0,0.00119964010796761,0.00229931020693792,0,0,0,0.010296910926722,0,0.00229931020693792,0.00239928021593522,0.000999700089973008,0.136958912326302,0,0,0,0,0,0.00229931020693792,0.0386883934819554,0,0,0.0254923522943117,0,0,0,0,0,0,0.00169949015295411,0,0.000799760071978406,0,0,0,0,0.00139958012596221,0,0,0.00169949015295411,0
0,0,0,0,0,0,0,0.0258948210357928,0,0,0,0,0,0.0190961807638472,0.275944811037792,0,0,0,0,0,0.00659868026394721,0,0,0.000699860027994401,0,0,0,0,0,0,0,0,0,0,0,0,0.000399920015996801,0.0001999600079984,0,0,0,0.0013997200559888,0,0.00249950009998,0,0.012997400519896,0,0,0,0,0,0,0,0,0,0,0,9.99800039992002e-05,0.0012997400519896,0.0021995600879824,0,0.00729854029194161,0,0,0,0,0,0,0.0002999400119976,0,0,0,0,0,0,0,0,0,0,0.000799840031993601,0,0,0,0,0,0,0,0,0,0,0.0001999600079984,0,0,0,0,0,0.0013997200559888,0,0.00599880023995201,0,0,0.00959808038392321,0,0,0,0,0.0481903619276145,0,0,0,0,0,0,0,0,0,0,9.99800039992002e-05,0.0156968606278744,0,0,0.000499900019996001,0,0.00629874025194961,0,0.001999600079984,0,0,0,0,0,0.0693861227754449,0,0,0,0,0,0,0,0,0,0,0,0,0,0,0,0.0022995400919816,0,0.00359928014397121,0.0028994201159768,0.0108978204359128,0,0,0.000599880023995201,0,0,9.99800039992002e-05,0,0,0,0,0,0,0,9.99800039992002e-05,0,0,0,0,0,0,0.0305938812237553,0,0,0,0,0,0,0,0,0,0,0,0,0,9.99800039992002e-05,0,0,0,0,0.0652869426114777,0,0,0.0028994201159768,0,0,0.000699860027994401,0,0,0.0866826634673065,0,0,0,0,0,0,0,0.000399920015996801,0,0,0,0,0,0,0,0,0,0,0,0,0,0.00339932013597281,0,0,0,0,0,0,0.000799840031993601,0.0361927614477105,0.0001999600079984,0,0.155368926214757,0.000399920015996801,0,0,0,0,0.00469906018796241,0,0,0,0,0,0,0,0,0,0,0,0,0,0,0,0,0.0013997200559888,0.0015996800639872,0,0,0,0,0,0,0,0,0,0,0.0001999600079984,0,0,0,0.0506898620275945,0,0,0,0.0021995600879824,0,0,0,0,0,0,0,0,0.00419916016796641,0,0,0.0023995200959808,0,0,0,0,0,0,0,0,0,0,0.011997600479904,0
0,0,0,0,0.00139944022391044,0,0.00039984006397441,0.00339864054378249,0,0.00119952019192323,0,0.00039984006397441,0,0.0341863254698121,0.0078968412634946,0,0,0,0,0,0.0076969212315074,0.00449820071971212,0.00459816073570572,0.000599760095961615,0,0.0382846861255498,0.000199920031987205,0,0.00639744102359056,0,0.0247900839664134,0,0,0.00469812075169932,0.00259896041583367,0,0,0,0,0,0,0,0,0.015093962415034,0,0.0290883646541383,0,0,0,0.00079968012794882,0,0,0,0,0,0,0,0.00139944022391044,0,0.0106957217113155,0,0.0131947221111555,0.000299880047980808,0,0,0.00139944022391044,0.0119952019192323,0.00139944022391044,0,0,0.00609756097560976,0,0,0.00349860055977609,0,0,0,0,0,0.0381847261095562,0.00329868052778888,0,0,0.00039984006397441,0,0,0.0279888044782087,0,0.00179928028788485,0.000999600159936026,0,0,0.000599760095961615,0.00919632147141144,0.00829668132746901,0,0,0,0.0215913634546182,0,0,0,0,0,0.00219912035185926,0,0,0.0590763694522191,0.0198920431827269,0.0941623350659736,0,0,0.000999600159936026,0.0220911635345862,0,0.0227908836465414,0,0,0,0,0.00039984006397441,0.00349860055977609,0,9.99600159936026e-05,0.000499800079968013,0,0,0,0,0,0.0037984806077569,0,0,0,0,0,0.0245901639344262,0,0,0,0,0,0,0,0.000599760095961615,0,0,0.0129948020791683,0,0.00079968012794882,0,0.00239904038384646,0,0,9.99600159936026e-05,0,0,0,0,0.0185925629748101,0,0,0.0328868452618952,0.0702718912435026,0,0,0.00329868052778888,0,0,0.000599760095961615,0,0.0122950819672131,9.99600159936026e-05,0,0.0038984406237505,0,0,0.00229908036785286,0,0,0.00579768092762895,0,0,0.00429828068772491,0,0,0,0,0,0.00509796081567373,0,0.0039984006397441,0,0,0,0,0,0,9.99600159936026e-05,0,0,0,0,0.00179928028788485,0,0,0.00129948020791683,0.00119952019192323,9.99600159936026e-05,0.00199920031987205,0,0,0,0,0.000499800079968013,0,0.0108956417433027,0.00219912035185926,0,0.00279888044782087,0.00239904038384646,0,0.00159936025589764,0,0.00449820071971212,0.00079968012794882,0.00039984006397441,0,0.00699720111955218,0.00169932027189124,0.0266893242702919,0,0,0.00589764094362255,0,0,0.000999600159936026,0,0,0,0,0,0,0.021891243502599,0,0.000199920031987205,0,0,0,0.00349860055977609,0.00299880047980808,0,0,0.000199920031987205,0.00359856057576969,0.00169932027189124,0,0,0,0,0,0,0.0079968012794882,0,0.00079968012794882,0,0,0,0,0.030687724910036,0,0.00759696121551379,0.0180927628948421,0,0,0,0.000199920031987205,0.000299880047980808,0,0.00129948020791683,0,0,0.0168932427029188,0,0,0,9.99600159936026e-05,0,0,0.00619752099160336,0,0,0,0,0.00129948020791683,0.000199920031987205,0,0.0129948020791683,0,0.00109956017592963,0.000299880047980808
0,0,0,0.00119940029985007,0.00079960019990005,0,0.00869565217391304,0,0,0,0,0,0,0,0.00599700149925037,0,0.00249875062468766,0,0,0.00139930034982509,0,0,0,0,0,0.171814092953523,0,0,0.0459770114942529,0.0047976011994003,0.031384307846077,0.00129935032483758,0,0.00149925037481259,0,0,0.00509745127436282,0.00719640179910045,0,0,0,0,0,0,0,0.0173913043478261,0,9.99500249875062e-05,0,0.000599700149925037,0.000599700149925037,0,0,0.000999500249875062,0.000599700149925037,0,0,0,0,0.0320839580209895,0.000399800099950025,0,0,0,0,0,0,0,0,0,0.00249875062468766,0,0,0,0,0,0,0,0,0.00289855072463768,0,0,0,0,0,9.99500249875062e-05,0,0,0.000199900049975012,0.00289855072463768,0,0,0,0,0,0,0,0,9.99500249875062e-05,0,0,0,0,0,0,0,0,0.0515742128935532,0,0.00379810094952524,0.00509745127436282,0,0.00199900049975012,0.00219890054972514,0,0.056271864067966,0,0,0,0,0.000499750124937531,0,0,0,0.00209895052473763,0,0,0,0.000399800099950025,0,0.00119940029985007,0.00109945027486257,0,0.000399800099950025,0,0,0.0403798100949525,0,0,0,0,0,0,0,0,0,0.00329835082458771,0.0137931034482759,0,0,0,0.00949525237381309,9.99500249875062e-05,0,0,0,0,0,0,0.00169915042478761,0,0,0,0.00109945027486257,0,0,0.00239880059970015,0,0,0,0,0.00129935032483758,0,0,0.00109945027486257,0,0,0.00189905047476262,0.000399800099950025,0,0.00149925037481259,0.00489755122438781,0.00179910044977511,0.00229885057471264,0.00109945027486257,0,0,0,0,0,9.99500249875062e-05,0.0134932533733133,0,0.000199900049975012,0,0,0,0,0,0,0,0,0,0.0804597701149425,0.0047976011994003,0.00269865067466267,0,0,0,0,0,0,0,0,0.000299850074962519,0,0,0.0100949525237381,0.0184907546226887,0,0,0,0,0,0.00279860069965018,0,0,0.00109945027486257,0,0,0,0,0,0.00659670164917541,0,0,0.00129935032483758,0,0,0,0,0,9.99500249875062e-05,0,0,0.00109945027486257,0,0,0,0,0,0,0.00169915042478761,9.99500249875062e-05,0.000699650174912544,0.00079960019990005,9.99500249875062e-05,0,9.99500249875062e-05,0,9.99500249875062e-05,0,0,0.00079960019990005,0,0,0,0,0,9.99500249875062e-05,0,0,0.0063968015992004,0.000399800099950025,0,0,0,0,0.000199900049975012,0.220189905047476,0,0,0.0312843578210895,0,0,0,0,0,0,0.0130934532733633,0,0,0,0,0,0,0.0109945027486257,0,0,0.00299850074962519,0
0,0,0,0,0,0,0,0.000199940017994602,0,0,0,0,0,0,0.00159952014395681,0,0,0,0.000199940017994602,0.000599820053983805,0.000199940017994602,9.99700089973008e-05,0,0.00829751074677597,0,9.99700089973008e-05,0,0,0.000399880035989203,0.00849745076477057,0,0,0,0.00149955013495951,0,0,0,0,0,0,0,0,0,0,0,0.000799760071978406,0,0,0,0,0,0,0,0,0,0,0,0,0,0.00569829051284615,9.99700089973008e-05,0.000199940017994602,0,0,0,0,0.0249925022493252,0,0,0.00279916025192442,0.000299910026991902,0,0,0,0,0,0,0,0,0.0166949915025492,0,0,0.0272918124562631,0.000199940017994602,0,0,0.000499850044986504,0,0,0.000399880035989203,0,0.00199940017994602,0,0,0,0,0,0,0.00339898030590823,0,0,0.000299910026991902,0,0,0,0,0.00219934019794062,0.156553034089773,0,0.0755773268019594,0,0,0,0.000299910026991902,0,0,0,0,0.00929721083674898,9.99700089973008e-05,0,0,0,0.000199940017994602,0,0,0.185244426671998,0,0,0,0,0.000899730080975707,0,0,0,0,0.0228931320603819,0.00989703089073278,0,0,0.00569829051284615,0,0.00379886034189743,0,0,0,0,0.00269919024292712,0,0,0.000199940017994602,0,0,0.00189943017094872,0,0,0,0,0.0146955913226032,0,0,0,0,0.101169649105268,0,0,0.00339898030590823,9.99700089973008e-05,0,0,0.000499850044986504,0,9.99700089973008e-05,0,0,0,0,0,0.00409877036888933,0,0,0,0,0,0.00129961011696491,0,0,0,0,0,0,0.00169949015295411,9.99700089973008e-05,0,0,0,0.00659802059382185,0,0,0,0,0.00219934019794062,0.0106967909627112,9.99700089973008e-05,0,0.00179946016195141,0,0,9.99700089973008e-05,0,0.000299910026991902,0,0.000599820053983805,0,9.99700089973008e-05,0,0.00919724082775168,9.99700089973008e-05,0,0,9.99700089973008e-05,9.99700089973008e-05,0,0,0.0130960711786464,0,0,0,0.000699790062981106,0.00529841047685694,0.000199940017994602,0,0,0.000299910026991902,0,0,0.000599820053983805,0.00159952014395681,0,0,0,0,0,0,0.00199940017994602,0,0,0,0,0,0,0.000199940017994602,0,0,0,0,0,0,0.000699790062981106,0.00339898030590823,0,0,0,0.000399880035989203,0.000199940017994602,0,0,0,0,0.160651804458662,0,0,9.99700089973008e-05,0,0,0,0,0,0,0.063480955713286,0,0,9.99700089973008e-05,0,0,0,0,9.99700089973008e-05,0.00179946016195141,0.000299910026991902,0,0,0,0,0,0,0.000699790062981106,0,0,9.99700089973008e-05,0
0.0004000400040004,0,0,0.0101010101010101,0,0,0,0,0,0,0,0,0,0,0.013001300130013,0.0003000300030003,0,0,0,0,0,0.0082008200820082,0.0037003700370037,0,0,0.317231723172317,0,0,0,0.0017001700170017,0,0,0.0006000600060006,0.0367036703670367,0,0,0.0029002900290029,0.0278027802780278,0.0079007900790079,0,0,0,0,0.0099009900990099,0,0,0,0,0.0003000300030003,0,0.0018001800180018,0,0,0,0,0,0,0.0051005100510051,0,0,0,0,0,0,0,0,0,0,0,0,0.0019001900190019,0,0,0,0,0,0,0,0,0,0,0,0,0,0,0,0,0.0007000700070007,0.0038003800380038,0.0072007200720072,0,0.0015001500150015,0,0.0009000900090009,0,0,0,0,0.0217021702170217,0,0,0,0,0,0,0,0,0.0595059505950595,0.0085008500850085,0.0235023502350235,0,0,0,0,0,0.017001700170017,0,0,0,0,0,0,0.0078007800780078,0.0301030103010301,0.0114011401140114,0,0,0,0,0,0,0,0,0,0,0,0.0177017701770177,0.0108010801080108,0,0,0.0078007800780078,0,0,0,0,0,0,0.005000500050005,0,0,0,0.0224022402240224,0,0,0,0,0.0002000200020002,0,0,0.0028002800280028,0.0007000700070007,0,0,0,0,0,0,0,0,0,0,0.0054005400540054,0,0,0.0002000200020002,0,0,0,0,0,0,0,0,0.0059005900590059,0,0,0.0361036103610361,0,0,0,0,0,0.0008000800080008,0,0,0.0004000400040004,0.0287028702870287,0,0,0,0,0,0,0,0.0432043204320432,0,0,0,0,0,0,0,0,0,0.0004000400040004,0,0.0317031703170317,0.0001000100010001,0.0313031303130313,0,0.0002000200020002,0,0,0,0,0,0,0,0,0,0,0,0,0.0411041104110411,0,0,0,0,0,0,0,0,0,0,0,0,0,0,0,0,0,0,0.0054005400540054,0,0.0005000500050005,0,0.0037003700370037,0,0,0.0009000900090009,0,0,0,0,0,0,0,0,0,0.0045004500450045,0,0,0,0,0,0,0,0,0.0018001800180018,0,0,0,0.0441044104410441,0,0,0,0,0,0,0.0011001100110011,0,0,0,0,0.0019001900190019,0,0,0,0,0,0
0,0,0,0,0,0,0.000199840127897682,0,0,0.000499600319744205,0,0,0,9.99200639488409e-05,0,0,0,0,0,0,0.00109912070343725,9.99200639488409e-05,0.000599520383693046,0.000199840127897682,9.99200639488409e-05,0.0781374900079936,0,0,0.00329736211031175,0,9.99200639488409e-05,0,0,0.00409672262190248,0,0,0,0.00639488409272582,0,0,0,0,0,0,0,0,0,0,0.000399680255795364,0,0,0,0,0,0,0,0,0,0,0.00539568345323741,0,0,0,0,0,0,0.0016986410871303,0,0,0,0,0,0,9.99200639488409e-05,0,0,0,0,0,0.000499600319744205,0.000199840127897682,0,0,0,0,0,0,0,0,0.000699440447641887,0,0.000199840127897682,0.168265387689848,9.99200639488409e-05,0,0,0,0,0,0,0,9.99200639488409e-05,0,0,0,0,0,0.0759392486011191,0,0.00469624300559552,0,0,0,0,0,0.0060951239008793,0,0,0,0,0.000299760191846523,0,0,9.99200639488409e-05,0.000699440447641887,0,0,0,0,0,0,9.99200639488409e-05,0,0,0,9.99200639488409e-05,0.00179856115107914,0.00349720223820943,0,0,0.00749400479616307,0,0,0,0,0,0,0,0,0,0,0.0122901678657074,0,0,0,0,0,0,0,0.000699440447641887,0,0,0,0.011290967226219,0,0,0,0,0,0,0,0.000699440447641887,0,0,0,0,0,0,9.99200639488409e-05,0,0.000699440447641887,0.000299760191846523,0,0.000299760191846523,0,0,0,0,0,0.00249800159872102,0,0,0,0,0,0,0.00209832134292566,0,0,0,0,0,9.99200639488409e-05,0,0,0,0,0,0,0,0,0,0,0,0,0,0.000799360511590727,0,0.00729416466826539,0,0,0,0,0,0,0,0,0.0193844924060751,0,0,0,0,0,0.00969224620303757,0,0,0,0,0,0,0,0.000299760191846523,0,0,0,0,0.000699440447641887,0,0,0,0,9.99200639488409e-05,0,0,0,0.000299760191846523,0.000199840127897682,0,0,0.000199840127897682,0,0,0,0,0,0,0,0,0,0.50259792166267,0,0,0.00689448441247002,9.99200639488409e-05,0,0,0,0,0,9.99200639488409e-05,0,0,0.00199840127897682,9.99200639488409e-05,0.0398681055155875,0.000999200639488409,0,0,0,0,0,0,0,0,0.0016986410871303,0,0.00149880095923261,0,0,0.000699440447641887,0
9.98901208670463e-05,0,0,0,0,0,9.98901208670463e-05,0,0,0,0.000299670362601139,0,0,0,9.98901208670463e-05,0,0.00079912096693637,0.000199780241734093,0,0,0.00349615423034662,0.00219758265907502,0,0,0,0,0,0,0.000199780241734093,0.000899011087803416,0.0142842872839876,0,0,0.00229747277994206,0,0,0.000199780241734093,0.0273698931175707,0,0,0,0,0,0,0,0.000299670362601139,0,0,0,0,0.0025971431425432,0,0,0.000399560483468185,0,0,0,0,0,0.0243731894915593,0,0,0,9.98901208670463e-05,0,0,0.00918989111976825,0,9.98901208670463e-05,0.00579362701028868,0.000399560483468185,0,9.98901208670463e-05,0,0,0,0,0,0,0.00978923184497053,0,0.00159824193387274,0.0186794526021376,0,0.00299670362601139,0,0.0470482469283788,9.98901208670463e-05,0,0.0027969233842773,0,0.000699230846069324,9.98901208670463e-05,0,0,0.000399560483468185,0,0,0.000499450604335231,0,0,0,0,0.0012985715712716,9.98901208670463e-05,0,0.0142842872839876,0.15522924782739,0,0.00489461592248527,0,0,0,0.0870042952751973,9.98901208670463e-05,9.98901208670463e-05,0,0,0.0322645090400559,9.98901208670463e-05,0,0,0,0,0,0,0,0,0.000399560483468185,0.00179802217560683,0,0.00439516531815004,0,9.98901208670463e-05,0,9.98901208670463e-05,0,0,0,0,0.000299670362601139,0,0,0,0.00109879132953751,0.000899011087803416,0.00699230846069324,0,0,0,0.00189791229647388,0,0,0,0,0,0,0,0,0.00109879132953751,0,0,0,0,0,0,0,0,0,0,0.000199780241734093,0.00189791229647388,0,9.98901208670463e-05,0,0,0,0.0149835181300569,0.0313654979522525,0,0,9.98901208670463e-05,0,0,0.000899011087803416,0,0,0,0,0,0,0.00938967136150235,9.98901208670463e-05,0,0.0201778044151433,0,0,0,9.98901208670463e-05,0,0,0.000399560483468185,0,0.0358605533912696,0.000299670362601139,0.00169813205473979,9.98901208670463e-05,0,0,9.98901208670463e-05,0,0,0,0,0.000399560483468185,0,0.0027969233842773,0.00419538507641594,0,0,0.00849066027369893,0,0,0.000299670362601139,0,0.000399560483468185,0,0,0.00559384676855459,0,0.0277694536010389,0,0,0.0105883528119069,0,0,9.98901208670463e-05,0,0,0.000599340725202278,0,0,0,0,0.000199780241734093,0,0,0,0,0,0,0,0.00289681350514434,0,0.00918989111976825,0.00339626410947957,0,0,0,0.00149835181300569,0,0,0,0,0,0,0.000599340725202278,0,0.00249725302167616,0.188192987713515,0,0.00209769253820797,0.000998901208670463,0,0,0,0,0,9.98901208670463e-05,0.0912995704724803,0,0,0.0116871441414444,0,0,0,0,0,0,0.00419538507641594,0.00439516531815004,0.000199780241734093,0,0,9.98901208670463e-05,0,0.00239736290080911,0,0,0,0
0.0002000200020002,0,0,0.0013001300130013,0,0,0.0001000100010001,0,0,0,0,0,0,0,0,0,0.0003000300030003,0,0,0,0,0.0002000200020002,0,0,0.0007000700070007,0.270727072707271,0,0,0.0025002500250025,0,0,0,0,0.0033003300330033,0.0006000600060006,0,0.0008000800080008,0.0015001500150015,0,0,0,0,0,0,0,0,0,0,0,0,0,0,0,0.0004000400040004,0.0001000100010001,0,0,0.0016001600160016,0,0.0005000500050005,0,0,0,0.0002000200020002,0,0,0.0182018201820182,0.0001000100010001,0.0001000100010001,0,0.001000100010001,0,0.0001000100010001,0,0,0,0,0,0.0154015401540154,0.0005000500050005,0.0011001100110011,0.0001000100010001,0,0,0.0019001900190019,0.0037003700370037,0,0,0.0003000300030003,0.0003000300030003,0,0.0003000300030003,0.0006000600060006,0,0,0,0,0,0,0,0,0,0.0024002400240024,0,0,0,0,0.344334433443344,0.0009000900090009,0.0007000700070007,0,0,0.0022002200220022,0.0059005900590059,0,0.0092009200920092,0,0,0,0,0,0,0.026002600260026,0,0.0018001800180018,0,0.0015001500150015,0.0144014401440144,0,0,0,0,0,0.0001000100010001,0,0,0.0206020602060206,0.0088008800880088,0,0,0,0,0.0037003700370037,0,0,0,0.0007000700070007,0.003000300030003,0,0,0,0,0.0001000100010001,0,0,0,0.0006000600060006,0,0,0,0,0,0,0,0,0,0.0151015101510151,0,0,0.0001000100010001,0,0.0077007700770077,0,0.0007000700070007,0.0001000100010001,0,0,0,0.0053005300530053,0,0.0076007600760076,0.0022002200220022,0,0,0,0.0025002500250025,0,0,0,0,0,0.0021002100210021,0.0001000100010001,0.0001000100010001,0.004000400040004,0,0.0067006700670067,0,0,0,0.0177017701770177,0.0056005600560056,0,0.0002000200020002,0,0.0126012601260126,0,0,0,0.0003000300030003,0,0,0,0,0.0001000100010001,0,0.0032003200320032,0,0.0007000700070007,0,0,0,0,0,0.0016001600160016,0,0,0.0312031203120312,0.0004000400040004,0.0028002800280028,0,0,0,0.0198019801980198,0,0,0,0,0,0.0024002400240024,0,0.0063006300630063,0,0,0.0022002200220022,0.0021002100210021,0.0001000100010001,0.0001000100010001,0,0,0,0,0,0,0.0011001100110011,0,0,0,0.0003000300030003,0,0.0001000100010001,0,0,0.0004000400040004,0,0,0,0,0.0019001900190019,0.0241024102410241,0,0,0.0143014301430143,0,0,0,0,0,0.0013001300130013,0.0122012201220122,0,0,0.0041004100410041,0,0,0,0,0,0.0002000200020002,0,0,0,0,0,0.0001000100010001,0,0.0003000300030003,0,0,0.0002000200020002,0
0,0,0,0.0012998700129987,0,0,0,0,0,0.0008999100089991,0,0,0,0,0,0,0,0,0,0.0051994800519948,0,0,0.0012998700129987,0.0052994700529947,0.000999900009999,0.0631936806319368,0,0,0.0714928507149285,0,0,0,0,0,0,0,0,0.0354964503549645,0,0,0,0,0,0,0,0.0161983801619838,0,0,0.0012998700129987,0.0017998200179982,0,0,0,0,0,0,0,0,0,0,0,0,0,0,0,0,0.0075992400759924,0,0.0005999400059994,0,0,0,0,0,0.0057994200579942,0.0167983201679832,0,0,0,0.0015998400159984,0,0,0.038996100389961,0,0,9.99900009999e-05,0,0.0001999800019998,0.0004999500049995,0,0.0162983701629837,0,0.0010998900109989,0.0076992300769923,0,0.0347965203479652,0,0,0.0061993800619938,0,0,0,0,0,0,0,0,0.0268973102689731,0,0.0411958804119588,0,0,0,0,0,0.053994600539946,0,0,0,0,0,0,0,0.0003999600039996,0.0184981501849815,0,0,0,0,0.0122987701229877,0.0023997600239976,0.0062993700629937,0,0,0,0,0.114888511148885,0.0005999400059994,0,0,0,0,0,0,0,0,0,0,0,0,0.0012998700129987,0,0,0,0.0020997900209979,0,0,0,0,0.0271972802719728,0,0,0,0.0301969803019698,0,0,0,0,0,0,0,0,0.0018998100189981,0,0,0,0,0.0011998800119988,0,0,0,0,0,0,0,0,0,0,0,0,0,0.0112988701129887,0,0,0,0,0,0,0,0,0,0,0,0,0,0.0011998800119988,0,0,0,0.0043995600439956,0,0,0,0,0.0273972602739726,0,0,0,0.005999400059994,0,0,0,0,0,0,0,0,0,0,0,0,0,0,0.136986301369863,0,0,0,0,0,0,0,0,0,0,0.0004999500049995,0,0,0,0,0,0,0,0,0,0,0.0017998200179982,0,0,0,0.0291970802919708,0,0,0,0,0.0002999700029997,0,0,0,0,0.001999800019998,0,0,0.001999800019998,0,0,0,0,0,0,0.0002999700029997,0,0,0.0647935206479352,0,0,0.0004999500049995,0,0.0006999300069993,0,0,0,0,0,0,0.0135986401359864,0,0.0004999500049995,0,0,0.0123987601239876,0
0,0,0,0.000399800099950025,0.000199900049975012,0,0.000199900049975012,0,0,0.000899550224887556,0,0,0,0,9.99500249875062e-05,0,0.00169915042478761,0,0,9.99500249875062e-05,0.0119940029985007,0.0182908545727136,0.00079960019990005,0.000299850074962519,0,0.000199900049975012,0.000199900049975012,0,0.00299850074962519,0,0.04047976011994,0,0,0.00419790104947526,0,0,0.000199900049975012,0.00819590204897551,0,0,0,0,0,0.00589705147426287,0,0.00729635182408796,0,0.00199900049975012,0.000199900049975012,0.000399800099950025,0.000299850074962519,0,0,0,0,0,0,0.000299850074962519,0,0.0334832583708146,0.000599700149925037,0.00129935032483758,0,9.99500249875062e-05,0,0,0.00249875062468766,0,0,0.00349825087456272,0.00329835082458771,9.99500249875062e-05,0,0.00189905047476262,0,0,0,0,0,0.0193903048475762,0.000699650174912544,0.0015992003998001,0,0,0,0,0,0,0,0.00229885057471264,0.000499750124937531,0.00969515242378811,9.99500249875062e-05,0,0,0,0,0,0.0015992003998001,0,0,0,0,0,0.00499750124937531,0,0.0133933033483258,0.0118940529735132,0,0.0125937031484258,0,0,0,0.0063968015992004,0,0.00929535232383808,0,0.000299850074962519,0.00369815092453773,9.99500249875062e-05,0,0,0,9.99500249875062e-05,0.000699650174912544,9.99500249875062e-05,0.00889555222388806,0,0.000199900049975012,0,0.000999500249875062,9.99500249875062e-05,0,0.000199900049975012,0,0,0.00599700149925037,0,0,0,9.99500249875062e-05,0,0,0,0,0,0.00469765117441279,0.00979510244877561,0,0,0,0.00569715142428786,0,0,9.99500249875062e-05,0,0,0,0,0.00229885057471264,0,0,0,0.00229885057471264,0,0,0.00129935032483758,0,0,0,0.00079960019990005,0,0,0,0,0,0,0.0371814092953523,0.0278860569715142,0.00189905047476262,0.024687656171914,0,0,0.000399800099950025,0,0,0,0,0,0,0,0.0179910044977511,9.99500249875062e-05,0.000399800099950025,0,0,0.0121939030484758,0,0,0.000299850074962519,0,0,0.114942528735632,0.0772613693153423,0,0.00259870064967516,0.000499750124937531,0,0,9.99500249875062e-05,0,0,0,0.000599700149925037,0.00149925037481259,0,0.0143928035982009,0.0182908545727136,0,0,0,0.00379810094952524,0,0,0.000999500249875062,0,0,0.00079960019990005,0.00209895052473763,0.00429785107446277,0.0122938530734633,0,0,0.0145927036481759,0,0,0.00079960019990005,0,0,0,9.99500249875062e-05,0,0,0.015792103948026,0,0.00139930034982509,0.000699650174912544,0,0,0,0,0.00539730134932534,0.00269865067466267,0,0.0095952023988006,0.000499750124937531,0.000199900049975012,0,0.00819590204897551,0,0.000199900049975012,0.00179910044977511,0,0.000499750124937531,0,0,0,0,0.00239880059970015,0.00519740129935032,0.00179910044977511,0.00469765117441279,0.00919540229885057,0,0,0,0.000299850074962519,0,0,0.182008995502249,0,0,0.0216891554222889,0,0,0,0,0,0.00839580209895052,0.00909545227386307,0,0,0,0,0.000499750124937531,0,0.000499750124937531,0,0,0.0166916541729135,0
9.99800039992002e-05,0,0,0,0,0,0,0,0.2125574885023,0,0,9.99800039992002e-05,0,0,0.0002999400119976,0,0.000899820035992801,0,0,0.0012997400519896,0.002999400119976,0.00879824035192961,0,0,0,0,0,0,0.0250949810037992,0.000499900019996001,0,0,0.000999800039992002,0.00869826034793041,0,0,0,0.0176964607078584,0,0,0,0,0,0.00629874025194961,0,0,0,0,0,0,0,0,0,0.0002999400119976,0.000399920015996801,0,0,0,0,0,0,0,9.99800039992002e-05,0,0.000599880023995201,0,0,0,0,0.020495900819836,0.000799840031993601,0,0,0.000399920015996801,0,0,0,0,0,0.0329934013197361,0,0.00449910017996401,0,0,0.00699860027994401,0.0013997200559888,0,0,0,0.001999600079984,0,0.0016996600679864,0,0,0,0,0,0,0.00329934013197361,0,0,0.0017996400719856,0.00389922015596881,0,0.0002999400119976,0,0.0120975804839032,0,0,0.00389922015596881,0,0,0,9.99800039992002e-05,0,0.0015996800639872,0,0.0584883023395321,0.0211957608478304,0,0,0,0,0,0.00399920015996801,0,0,0,0.0023995200959808,0,0.00509898020395921,0.0186962607478504,0,0,0,0,0.000499900019996001,0,0,0,0,0,0.000499900019996001,0,0,0,0.00549890021995601,0.000999800039992002,0,0,0.000799840031993601,0.0017996400719856,0.00589882023595281,0.000699860027994401,9.99800039992002e-05,0,0.0001999600079984,0,0,0,0,0,0,0,0,0,0,0,0,0,0.000699860027994401,0,0,0,0.001999600079984,0,0,0,0.0542891421715657,0,0,0,0,0,0.00429914017196561,0,0,0,0.000599880023995201,0,0,0.0025994801039792,0,0.0026994601079784,0,0,0,0,0.0002999400119976,0,0.0001999600079984,0,0,0,0.0488902219556089,0.0631873625274945,0.00459908018396321,0,0,0,0,0,0,0,0.0028994201159768,0,0.0510897820435913,0.0025994801039792,0.0001999600079984,0.000899820035992801,0.00839832033593281,0,0,0,0,0,0,0,0.00469906018796241,0,0.00419916016796641,0,0,0.0806838632273545,0,0,9.99800039992002e-05,0.00359928014397121,0,0.00749850029994001,0,0,0,9.99800039992002e-05,0,0.000699860027994401,0,0,0,0,0,0.000599880023995201,0.0023995200959808,0,0.0010997800439912,0.0285942811437712,0.000699860027994401,0,0.000699860027994401,0.000799840031993601,0,0,0,0.00559888022395521,0,0.0001999600079984,0,0,0.0251949610077984,0.0100979804039192,0,0.0031993601279744,0,0,0,0,0,0,0.00339932013597281,0.001999600079984,0,0,0.0383923215356929,0,0,0,0,0,0,0.000399920015996801,0,0,0,0,9.99800039992002e-05,0.00399920015996801,0,0,0,0.00759848030393921,0
0,0,0,0,0,0,0.000199860097931448,0.00299790146897172,0,9.9930048965724e-05,0.000299790146897172,9.9930048965724e-05,0,0,0,0,0,0,0,0,0,0.000599580293794344,0,0.00169881083241731,0.000399720195862896,0.166183671429999,0,0,0,0.010492655141401,0,0,0,0.00099930048965724,0,0,0.0053962226441491,0.00329769161586889,0,0,0,0.000199860097931448,0,0,0,0.0306785250324773,0,0,0,0,0.000599580293794344,0,0,0,0,0,0,0,0,0.000599580293794344,9.9930048965724e-05,0.00149895073448586,9.9930048965724e-05,0,0,0,0.00359748176276606,0,0.0020985310282802,0,0.00119916058758869,0,0.000199860097931448,0,0,0,0,0,9.9930048965724e-05,0.00169881083241731,0,0,0.0113920255820925,0,0.00449685220345758,0,0,0,0,0.00769461377036075,0,0.000899370440691516,0.0358748875786949,0,0,0,0,0,0.00419706205656041,0,0,0,0,0,9.9930048965724e-05,9.9930048965724e-05,0,0.02967922454282,0,0,0,0,0,0,0,0,0,0,0.0114919556310583,0,0,0,0,0,0.070250824422904,0.0116918157289897,0,0,0,0,0.000899370440691516,0.0126911162186469,0,0.000199860097931448,0.000299790146897172,0.000799440391725792,0.141600879384431,0,0,0.000399720195862896,0.00139902068552014,0,0,0,0,0,0,0.000199860097931448,0,0,0.00189867093034876,0.00049965024482862,0,0,0,0,0,0,0,0.00179874088138303,0,0.000199860097931448,0,0.13250724492855,0,0,0,0,0,0,0.000299790146897172,0,0,0,0,0,0,0.00129909063655441,0.000699510342760068,0,0,0,0,0,0.000199860097931448,0,0,0,0,0,0,0.00609573298690916,0.000199860097931448,0,0.00139902068552014,0,0,9.9930048965724e-05,0,0,0,0,0,0,0,0.000699510342760068,0.000199860097931448,0,0,0.00689517337863496,0,0,0,0,0.000399720195862896,0,0.00359748176276606,9.9930048965724e-05,0.000799440391725792,0,0,0.00229839112621165,0,0,0,0,0,0,0.00469671230138903,0.000299790146897172,0.0146897171979614,0,0,0.0973318676926152,0,0,9.9930048965724e-05,0,9.9930048965724e-05,0,0,0,0,0,0.00049965024482862,0.000399720195862896,0,0,0,0,0,9.9930048965724e-05,0.000399720195862896,0,0.00109923053862296,0.00219846107724593,0.000399720195862896,0,9.9930048965724e-05,0,0.00109923053862296,0,0,0.000899370440691516,0,0,0,0,0.000599580293794344,0,0,0.00169881083241731,0.0482662136504447,0,0,0,9.9930048965724e-05,0,0.00049965024482862,0.0329769161586889,9.9930048965724e-05,0,0.0352753072849006,0,0,0,0,0,9.9930048965724e-05,0.00389727190966324,0,0,0,0,0,0.00309783151793744,0.00329769161586889,0,0,0.00169881083241731,0
0,0,0,9.9940035978413e-05,0,0,0,0.000199880071956826,0,0,0,0,0,0,0,0,0,0,0,0,0,0.0030981411153308,0,0,0,0,0,0,0.000699580251848891,0,0,0,0,0.00809514291425145,0,0.00879472316610034,0,0.0030981411153308,0,0,0,0,0,0.004597241655007,0,0.00239856086348191,0,0,9.9940035978413e-05,0,0,0,0,0,0.00149910053967619,0,0,0,9.9940035978413e-05,0.00609634219468319,0,0,0,0,0,0,0.00439736158305017,0,0,0,0,0,0,0,0.0745552668398961,0,0,0,0,0,0,0,0,0,0,0,0.00699580251848891,0,0,0,0,0.000299820107935239,0,0,0,0,0,0,0.00219868079152508,9.9940035978413e-05,0.00129922046771937,0,0,0,0,0.00119928043174096,0,0.117229662202678,9.9940035978413e-05,0.00349790125924445,0,0,0,0,0,0,0,0,0,0.000199880071956826,0,0.00189886068358985,0,0,0,0.00119928043174096,0,0,0,0,0.00519688187087747,0,0.00489706176294223,0,0,0,0,9.9940035978413e-05,0,0,0.000499700179892065,0,0.000199880071956826,0,0,0,0.00499700179892065,9.9940035978413e-05,0,0,0.000299820107935239,0,0,0.00139916050369778,0,0,0,0,0,0.00439736158305017,0,0,0,0.111033379972017,0,0,0,0,0,0,9.9940035978413e-05,0,0,0,0,0.000199880071956826,0,0,0.0231860883469918,0,0,0,0,0,0,0,0,0,0,0,0.000499700179892065,0.000899460323805717,0,0.000299820107935239,0,0,0,0,0,0,0,0,0,0.0197881271237258,0,0.000599640215870478,0,0,9.9940035978413e-05,0,0,0,0,0,0,0,0,0.00379772136717969,9.9940035978413e-05,0,0,0,0,0,0,0,0,0,0.000899460323805717,0.000399760143913652,0,0,0,0.00239856086348191,0,0,0,0,9.9940035978413e-05,0,0,0,0,0,9.9940035978413e-05,0,0,0,0,0,0,0.000399760143913652,0.000499700179892065,0,0,0,9.9940035978413e-05,0,0,0.00249850089946032,0,0,0,0.000899460323805717,0,0,0,0,0,0.501099340395763,0,0,0.00529682190685589,0,0,0,0,0,0.00109934039576254,0,0,0,0.0393763741754947,0,0,0,0,0,0,0.00469718169098541,0,0,0,0,0,0,9.9940035978413e-05,0,0,0.000499700179892065,0.00279832100739556
0,0,0,0,0,0,0,0,0,0,0,0,0,0.0182018201820182,0,0,0,0,0,0,0,0.0182018201820182,0,0,0,0,0,0,0,0,0,0,0,0,0,0,0.0008000800080008,0.0644064406440644,0,0,0,0,0.0001000100010001,0.0221022102210221,0,0.0083008300830083,0,0,0,0,0,0,0,0,0,0,0,0,0,0,0,0,0,0,0,0,0,0,0.0002000200020002,0,0.0023002300230023,0,0,0,0,0,0,0,0,0,0,0,0,0,0,0,0,0,0,0,0.0007000700070007,0,0,0,0,0,0,0,0,0,0,0.0001000100010001,0,0,0,0,0,0,0,0,0,0,0,0,0,0,0,0,0,0,0,0,0,0,0,0,0,0,0,0,0,0.158215821582158,0,0,0,0,0,0,0,0,0,0,0,0,0,0,0,0,0,0,0,0,0,0,0,0,0,0,0,0,0,0,0,0.33953395339534,0,0,0,0,0,0,0,0,0,0,0,0,0,0,0,0,0,0,0,0,0,0,0.0002000200020002,0,0,0,0,0.0138013801380138,0,0,0,0,0,0,0,0,0,0,0,0,0.0024002400240024,0,0,0,0,0,0,0.0048004800480048,0,0,0.0064006400640064,0,0.0031003100310031,0,0,0,0,0,0,0,0,0,0,0,0.006000600060006,0,0,0,0,0,0,0,0,0,0,0,0,0,0,0,0,0,0,0,0,0,0,0,0,0,0,0,0,0,0,0,0,0,0,0,0,0,0,0,0,0,0,0,0.0079007900790079,0,0,0,0,0,0,0.322232223222322,0,0,0,0,0,0,0,0,0,0,0,0,0,0,0,0,0,0,0,0,0
0,0,0,0.00189886068358985,0,0,0,0,0,0,0,0,0,9.9940035978413e-05,0.00419748151109334,0,0,0,0,0,9.9940035978413e-05,0.00349790125924445,0,0.00219868079152508,0,0.477213671796922,0,0,0.00239856086348191,0.00159904057565461,0.0102938237057765,0,0,0.00669598241055367,0,0,9.9940035978413e-05,0,9.9940035978413e-05,0,0.000399760143913652,0,0,0.00139916050369778,0,0.00299820107935239,0,0,0,0,0,0,0,0,0,0,0,0,0,0.00969418348990606,0,0.000799520287827304,9.9940035978413e-05,0,0,0,9.9940035978413e-05,0,0,0,0.00159904057565461,0,0,0.000799520287827304,0,0,0,0,0,0.000499700179892065,0.000399760143913652,0,0,0,9.9940035978413e-05,0,0.00759544273435938,0,9.9940035978413e-05,0.00349790125924445,0,0.00239856086348191,0.000799520287827304,0,0.000499700179892065,0.000499700179892065,0,0,0,0,0,0.000799520287827304,0,0,0.000199880071956826,0,0,0.0314811113332001,0.000199880071956826,0,0,0,0,0.00129922046771937,0,9.9940035978413e-05,0,0,0.00139916050369778,0,0,0,0,0,0.0114931041375175,0,0,0,0,0,0,9.9940035978413e-05,0,0,0,0,0.0131920847491505,0,0,0,0.00779532280631621,0,0,0,0,0,0.00189886068358985,0,0,0,0.000299820107935239,0,0,0,0.00189886068358985,0,0,0,0,0.0022986208275035,0.00489706176294223,0,0,0,0,0,0,0,0,0,0.000799520287827304,0,0,0,0,0,0,0.00179892064761143,0.00209874075554667,0,0,0,0,0,0.000599640215870478,0,0,0,0,0,0,0.00439736158305017,0.000199880071956826,0.00369778133120128,0,9.9940035978413e-05,0.0030981411153308,0,9.9940035978413e-05,0,0,0,0,0,0,0.0053967619428343,0,0,9.9940035978413e-05,0.000399760143913652,0,0,0,0,0.000599640215870478,0,9.9940035978413e-05,0.000699580251848891,0,0,0,0.00299820107935239,0,0,9.9940035978413e-05,0,0,0,0.00279832100739556,0,0.000199880071956826,0,0,0.00469718169098541,0,0,0,9.9940035978413e-05,0,0,0,0,0,0,0,0,0,0,0,0,9.9940035978413e-05,0,0.00189886068358985,0,0.000199880071956826,0.000999400359784129,0.00429742154707176,0,0.000199880071956826,0.000199880071956826,0,0,0,0.000199880071956826,0,0,0,0,0,0.000499700179892065,0,0.000299820107935239,0.0480711573056166,0,0,0.000499700179892065,0,0,0.000199880071956826,0.232760343793724,0,0,0.0281830901459125,0,0,0,0,0,9.9940035978413e-05,0,0,0,0,0,0.00859484309414351,0,0.000599640215870478,0,0,0.0129922046771937,0
0,0,0,0,0,0,0,0,0,0,0,0,0,0,0,0,0,0,0,0,0.0002999400119976,0.0002999400119976,0,0,0,0.225954809038192,0,0,0.00339932013597281,0.00379924015196961,0,0.0549890021995601,0,0.0112977404519096,0,0,0.0002999400119976,0,0,0,0,0,0,0.00399920015996801,0,0,0,0,9.99800039992002e-05,0,0,0,0,0,0,0,0,0,0,0.000399920015996801,0,0,0,0,0,0,0.00399920015996801,0,0,0,0,0,0,0,0,0.00489902019596081,0,0,0,9.99800039992002e-05,0,0,0,0,0,0,0,0,0,0,0,0,0,0,0,0,0,0,0,0,0,0,0,0,0,0,0,0.167666466706659,0,0,0,0,0,0.0012997400519896,0,0,0,0,0.00769846030793841,0,0.0002999400119976,0,0,0.0002999400119976,0,0,0,0,0,0,0,0.0023995200959808,0,0,0,0,0.0124975004999,0,0,0,0.0969806038792242,0,0,0,0,0,0.0002999400119976,0,0,0,0.0017996400719856,0,0,0.000799840031993601,9.99800039992002e-05,0,0,0,0,0,0,0,0,0,0,0,0,0,0,0,9.99800039992002e-05,0,0,0,0,0,0,0,0,0,0,0,0,0,0,0,0,0,0,0,0,0,0,0,0,0,0,0,0,0,0,0,0,0.000799840031993601,0,0,0,0,0,0,0,0,0,0,0,0,0,0,0.0518896220755849,0,0,0.00249950009998,0,0,0,0,0,0,0,0,0,0,0,0,0,0,0,0,0,0,0,0,0,0,0,0,0,0,0,0,0,0,0,0,9.99800039992002e-05,0,0,0,0,0,0,0,0,0,0,0,0,0,0,0.00919816036792642,0,0,0.206758648270346,0,0,0,0.000499900019996001,0,0,0.0288942211557688,0,0,0.0145970805838832,0,0,0.0768846230753849,9.99800039992002e-05,0,0,0,0,0,0,0,0,0,0.0016996600679864,0,0,0,0
0,0,0,0.000599880023995201,0,0,0,0.001499700059988,0,0,0,0,0,0,0.0016996600679864,0,0.0011997600479904,0,0,0,0.001999600079984,0,0,0,0,0.336432713457309,0,0,0.00699860027994401,0.0011997600479904,0,0.0275944811037792,0,0.0208958208358328,0,0,0.0021995600879824,0,0,0,0,0,0.00609878024395121,0,0,0,0,0,0,0,0.0001999600079984,0,0,0,0.0013997200559888,0,0,9.99800039992002e-05,0,0.0012997400519896,0,9.99800039992002e-05,0,0,0.0017996400719856,0,0.013497300539892,9.99800039992002e-05,0,0.0185962807438512,0,0,0,0.000599880023995201,0,0.0018996200759848,0,0,0,0,0,9.99800039992002e-05,0,0,0,0.0002999400119976,0,0,0,0,0,0.0026994601079784,0,0,0,0,0,0,0,0,0,0.0423915216956609,9.99800039992002e-05,0,0,0,0.0158968206358728,0,0,0,0,0,0,0,0,0,0,0,0.0120975804839032,9.99800039992002e-05,0,0,0,0.013997200559888,0.0151969606078784,0.00819836032793441,0,0,0,0.000599880023995201,0,0,0,0,0,0,0.0015996800639872,0,0,0,0.000499900019996001,0,0,0,0,0,0.000599880023995201,0,0,0.0010997800439912,0,0,9.99800039992002e-05,9.99800039992002e-05,0.00459908018396321,0,0,0,0,0,0,0,0,0,0,0,0,0,0,0,0.001999600079984,0,0,0,0,0,0,0,0.001999600079984,0,0,0,0,0,0,0,0,0,0,0,0,0.0152969406118776,0,0.0012997400519896,0,0,0,0,0,0,0,0,0,0,0,0.000599880023995201,0,0,0,0,0.000399920015996801,0,0,0,0,0,0.00529894021195761,0,0,0.000799840031993601,0.0022995400919816,0.0018996200759848,0,0,0,0,0,0,0.00539892021595681,0,0,0,0,0.159368126374725,0,0,0,0,0,0.0002999400119976,0,0,0,0.000799840031993601,0,0,0,0,0,0,0,0,0,0,0,0.00529894021195761,0.000399920015996801,0,0,0,0,0.00489902019596081,0,9.99800039992002e-05,0,0,0.000599880023995201,0,0.000499900019996001,0.0011997600479904,0,0,0.0582883423315337,0,0,0,0.000499900019996001,9.99800039992002e-05,0,0.0692861427714457,0,0,0.0662867426514697,0,0,0.00409918016396721,0,0,0.0001999600079984,0.002999400119976,0,0,0,0,0.000499900019996001,0,0.00619876024795041,0,9.99800039992002e-05,0.0123975204959008,0
0,0,0,0,0,0,0,0,0,0,0,0,0,0,9.99900009999e-05,0,0,0,0,0,0,0.0026997300269973,0,0,0,0.113788621137886,0,0,0,0,0,0,0,0,0,0,0,0,0,0,9.99900009999e-05,0,0,0.0385961403859614,0,0.0027997200279972,0,0,0,0,0,0,0,0,0,0,0,0,0,0,0,0,0.0002999700029997,0,0,0,0.0044995500449955,0,0,0.0096990300969903,0.0033996600339966,0,0,0,0,0,0,0,0,0.0273972602739726,0,0,0,0.0012998700129987,0.0073992600739926,0,0,0.0001999800019998,0,0,0.0030996900309969,0,0.0003999600039996,0,0,0.0053994600539946,0,0,0.0137986201379862,0,0,0,0,0,9.99900009999e-05,0,0,0.112288771122888,0,0,0,0,9.99900009999e-05,0.0103989601039896,0,0,0,0,0.0210978902109789,0,0,0,0,0,0.000999900009999,0.007999200079992,0,0,0,0,0.0072992700729927,0.0680931906809319,0,0,0,9.99900009999e-05,0,0,0,0,0,0,0,0,0,0,0,0,0,0,0,0,0,0,0,0,0,0,0,0.002999700029997,0,0,0,0,0,0,0,0,0,0,0,0,0.0001999800019998,0,0,0,0,0.0426957304269573,0.0855914408559144,0,0,0,0,0,0,0,0,0,0,0,0,0.0036996300369963,0,0,0,0,0,0,0,0,0,0,0,0.11958804119588,0,0,0,0,9.99900009999e-05,0.0003999600039996,0,0,0,0,0.002999700029997,0,0,0.0410958904109589,0,0.0013998600139986,0.0147985201479852,0,0,0,0,0.0002999700029997,0,0,0.004999500049995,0,0.0355964403559644,0,0,0.0174982501749825,0,0,0,0,0,0,0,0,0,0,9.99900009999e-05,0,0,0,0,0,0.0037996200379962,0,0,0,0,0,0,0,0.001999800019998,0.0023997600239976,0,0,0,0,0,0.0003999600039996,0,0,0,0.0007999200079992,0,0.0064993500649935,0.0100989901009899,0,0,0,0,0,0,0.133786621337866,0,0,0.0026997300269973,0,0,0,0,0,0,0,0,0,0,0,0,0,0,0,0,0,0
0,0,0,0.00160064025610244,0.00110044017607043,0,0.000200080032012805,0,0,0,0.000500200080032013,0,0,0.0112044817927171,0.00150060024009604,0,0.015906362545018,0,0,0,0.00040016006402561,0.000800320128051221,0.00130052020808323,0,0,0.173269307723089,0.000200080032012805,0,0.00420168067226891,0,0,0,0.000200080032012805,0.00140056022408964,0.000300120048019208,0.000300120048019208,0.00650260104041617,0.000300120048019208,0,0,0,0,0,0.00180072028811525,0.000100040016006403,0.000500200080032013,0,0.000100040016006403,0.00110044017607043,0.000500200080032013,0.00040016006402561,0,0,0,0,0,0,0.00190076030412165,0,0.00130052020808323,0.000800320128051221,0.000100040016006403,0.000100040016006403,0,0.00430172068827531,0.000500200080032013,0.0040016006402561,0,0,0,0.000600240096038415,0,0,0,0,0,0,0,0,0.000600240096038415,0,0.000100040016006403,0,0.00040016006402561,0.00340136054421769,0,0,0.000200080032012805,0,0.00150060024009604,0.000100040016006403,0.00110044017607043,0.0040016006402561,0,0,0,0,0.000100040016006403,0.000500200080032013,0,0.000600240096038415,0.00330132052821128,0.00040016006402561,0.00250100040016006,0.00120048019207683,0,0,0.1843737494998,0.0382152861144458,0.00260104041616647,0,0.00180072028811525,0,0.00120048019207683,0,0.0147058823529412,0,0,0,0,0,0,0,0.000100040016006403,0.00820328131252501,0.000200080032012805,0.00320128051220488,0,0.000100040016006403,0,0.00150060024009604,0,0.000100040016006403,0,0.000500200080032013,0.000100040016006403,0.0299119647859144,0,0,0,0,0,0,0.000900360144057623,0,0,0,0.00510204081632653,0,0,0,0.000500200080032013,0,0,0.000100040016006403,0,0,0.000100040016006403,0.000500200080032013,0.00220088035214086,0.00250100040016006,0,0,0,0,0,0.00250100040016006,0,0,0.000100040016006403,0,0.00180072028811525,0.000100040016006403,0,0,0,0,0.000300120048019208,0.00190076030412165,0,0.0134053621448579,0,0,0.016906762705082,0,0,0.00510204081632653,0,0.000700280112044818,0,0,0.00140056022408964,0.000900360144057623,0,0.0040016006402561,0.000700280112044818,0.00820328131252501,0,0,0,0.00200080032012805,0,0,0.00150060024009604,0,0.00280112044817927,0,0,0,0.00310124049619848,0,0,0.000300120048019208,0.000500200080032013,0,0,0,0.000100040016006403,0.0112044817927171,0,0,0,0.00120048019207683,0,0.00340136054421769,0.000900360144057623,0.00480192076830732,0,0.000800320128051221,0.00260104041616647,0.00640256102440976,0.000500200080032013,0,0.0513205282112845,0,0,0,0,0,0.00160064025610244,0,0,0,0.00820328131252501,0,0,0.00200080032012805,0,0,0,0.000300120048019208,0,0,0,0,0.00980392156862745,0,0,0,0.00120048019207683,0.000500200080032013,0.00210084033613445,0,0.000700280112044818,0,0,0,0.000300120048019208,0.000200080032012805,0.00190076030412165,0.00340136054421769,0.000100040016006403,0,0,0.000300120048019208,0,0,0,0.000600240096038415,0.227490996398559,0,0,0.00910364145658263,0,0,0,0,0,0.00140056022408964,0.00120048019207683,0,0,0,0,0.0130052020808323,0,0,0.000200080032012805,0,0.00490196078431373,0
0,0,0,0,3e-04,0,0.003,0,0,6e-04,0,0,0,0,0.0041,0,0,0,0,5e-04,0.0069,0,0.001,0.0089,2e-04,0.112,0,0,0,0.0025,0.0106,0,0,0.0029,0,0,0.0042,0.0401,0,0,0,0,0,0.008,0,0.0043,0,0,0.0014,5e-04,3e-04,0,0,0,0.0053,0,0,0,0,0,6e-04,7e-04,0,0,0,0,0,0,3e-04,0,0,0,0,0,0.0891,0.0063,0,0,0,0,0,0,0.0035,0,0,0,0,0,0,0,0,0.0448,0.0032,0.0044,0,0.0014,0.0011,6e-04,0,0,0,0,0,0,0,0,3e-04,0.02,0,0.0163,0,0.0019,1e-04,0,0,0.0223,1e-04,0,0,0,0,0,0,0,0.0154,0,1e-04,0,0,0.0073,0.0043,1e-04,0,0,0,0.0022,0.1952,0.0087,0,0,0,0,0,0,0,0,0,0,0.0025,0,0,0.0093,0,0,0,0,0,0,0,0.005,0,0,0.013,1e-04,0,0,0.0013,0,0,0,0,0,0,0,0,0,2e-04,2e-04,0,0,0.0477,0.0011,0.0014,0.0015,0,0,0.0035,0,0,0.0031,0,0,0,0,0.0168,2e-04,6e-04,0,0,0,0,0,0,0,0,0,0,0,0,0,0,0,0,0,0,0,0,0,3e-04,0,0,0,0.0023,0,0.0042,0,0,0.0263,3e-04,0.001,0,0,0,0,0.0031,3e-04,0,0,0,0,0,0,0.0085,0,0,0,1e-04,0,0,0,0,0,0,0,0,0,0,0,0,0,1e-04,0,0,0,3e-04,0,1e-04,0,0,0.0135,6e-04,0,0.0014,1e-04,0,1e-04,0,0,0.0025,0.0798,0,1e-04,0,0,0.078,2e-04,0,0,0,0,0,0,0,0,0.0014,0,0,0,0,0,0
0,0,0,0,0,0,0,0,0,9.9930048965724e-05,0,0,0,0.00279804137104027,0.000899370440691516,0,0,0,0,0,0,0,0,0.000299790146897172,0,0.243129809133606,0,0,0,0,0,0,0,0,0,0,0,0,0,0,0,0,0.0111921654841611,0.00399720195862896,0,0.00119916058758869,0,0,0,0,0,0,0,0,0,0,0,0,0,0,0,0.0049965024482862,0,0,0,0,0.00479664235035475,0,0.000299790146897172,0,0,0,0,0,0,0.020285799940042,0,0,0,0.00409713200759468,0,0,0,0,0.0053962226441491,9.9930048965724e-05,0,9.9930048965724e-05,0,0,0,0,0.0226841211152193,0,0,0,0,0,0,0,0,0,0,0,0,0,0,0.218946737283901,0,0,0,0,0,0.0385729989007695,0,0,0,0,0,0,0,0,0,9.9930048965724e-05,0.0265813930248826,0,0,0,0,0,0,9.9930048965724e-05,0,0.0301788747876486,0,0,0,0,0,0,0,0,0,0,0,0,0,0,0,0,0.000799440391725792,0,0,0,0,0.000399720195862896,0,0,0,0.00109923053862296,0,0,0,0,0,0,0,0,0,0,0,0,0,0,0,0,0,0,0.0577595683021885,0,0,0,0.00049965024482862,0,0,0,0,0,0,0,0,0.00479664235035475,9.9930048965724e-05,0,0,0,0,0,0,0,0,0,0,0,0,0,0,0,0,9.9930048965724e-05,0,0,0,0,0,0,0,0,0,0,0,0,0,0,0,0,0,0,0.0206855201359049,0,0.0242830018986709,0,0,0.00949335465174378,0,0,0.00099930048965724,0,0,0,0,0,0,0,0,0,0,0,0.000299790146897172,0,0,0,0,0,0,0,0,0,0,0,0,0,0,0,9.9930048965724e-05,0,0,0,0,0.000699510342760068,0,0,0.00659538323173778,9.9930048965724e-05,0,0,0,0,0,0.200559608274208,9.9930048965724e-05,0,0.0290796442490257,0,0,0,0.00049965024482862,9.9930048965724e-05,0,0,0,0,0,0,0,0,0,0,0,0,0
0,0,0,0.000699720111955218,0,0,0.000299880047980808,0.00119952019192323,0,0.000999600159936026,0,0,9.99600159936026e-05,9.99600159936026e-05,0.00159936025589764,0,0,0,0,0,0.00269892043182727,0.00479808076769292,0.00079968012794882,0.000999600159936026,0.000199920031987205,0.257097161135546,0,0,0.00249900039984006,0,0,0,9.99600159936026e-05,0.0154938024790084,0,0,0,0,0,0,9.99600159936026e-05,0,0,0,0,0.0128948420631747,0,0,0,0,9.99600159936026e-05,0,0,0,0,0,0,0.000499800079968013,0,0.0037984806077569,0.000199920031987205,0.00219912035185926,0,0,0,0,0.00229908036785286,0,0.00859656137544982,0,0,0,0,9.99600159936026e-05,0,0,0,0,0,0.00039984006397441,0,0,0,0,0.00909636145541783,0.0078968412634946,0,0.00109956017592963,0,0.0078968412634946,0,0.000699720111955218,0.00299880047980808,0,0,0,0,0,0,0,0,0.00959616153538585,0,0.00129948020791683,0,0,0,0.0130947620951619,0.0116953218712515,0.00039984006397441,0,0,0,0.000999600159936026,0,0.0445821671331467,0,0,0.00959616153538585,0,9.99600159936026e-05,0,0,9.99600159936026e-05,0.068672530987605,0,0,0,0,0,0,9.99600159936026e-05,0,0,0,0,0.00209916033586565,0,0,0,0.000499800079968013,0,0,0,0,0,0.000499800079968013,0.00249900039984006,0,0,0,0.00629748100759696,0,0,0,0,0,0,0.000299880047980808,0.00519792083166733,0,0,0,0,0,0,0,9.99600159936026e-05,0,0,0,0,9.99600159936026e-05,0,0,0,0,0,9.99600159936026e-05,0,0.00429828068772491,0,0,0,0,0,0,0,0,0,0,0.00109956017592963,0.00039984006397441,0,0,0,0.00109956017592963,0,0,0,0,0,0,0,0,0.00439824070371851,0,0,0.000299880047980808,0,0,0,0,0,0,0.00109956017592963,0.00359856057576969,0,0,0,0,0.00249900039984006,0,0,0.00699720111955218,0,0,0,0.00539784086365454,0.000699720111955218,0,0,0,0.166733306677329,0,0,0,0,0,0.00619752099160336,0,0,0,0,0.00619752099160336,0,0,0,0,0,0.00519792083166733,0,0,0,0.000599760095961615,0.0159936025589764,0.00109956017592963,0,0,0,0.000899640143942423,0,0,0,9.99600159936026e-05,0,0,0,0,0.000199920031987205,0,0,0.0474810075969612,0,9.99600159936026e-05,0,0.0038984406237505,0,0.00159936025589764,0.0819672131147541,0,0,0.0528788484606158,9.99600159936026e-05,0,0.00329868052778888,0,0,0.00499800079968013,0,0,0,0,0,0,0,0.000199920031987205,0,0,0.0398840463814474,0
0,0,0,0,0,0,0,0.0031006201240248,0,0,0,0,0.000600120024004801,0.0199039807961592,0.0221044208841768,0,0,0,0,0,0,0,0,0,0,0.356671334266853,0,0,0.0510102020404081,0,0,0,0,0,0,0,0,0.0353070614122825,0,0,0.0003000600120024,0,0,0,0,0,0,0,0,0,0,0,0,0,0.00900180036007201,0,0,0,0,0.026005201040208,0,0.0002000400080016,0,0,0,0,0.00960192038407682,0,0,0,0,0,0,0.000400080016003201,0,0.0158031606321264,0,0,0,0.0002000400080016,0,0,0,0,0,0,0,0,0,0,0,0.0248049609921984,0.00530106021204241,0,0,0,0,0,0,0.00530106021204241,0,0,0,0,0,0,0,0,0,0,0,0,0,0.0191038207641528,0,0,0,0,0.0252050410082016,0,0,0.000400080016003201,0,0.0016003200640128,0,0,0,0,0,0,0.00350070014002801,0,0,0,0,0,0,0,0,0,0.0012002400480096,0,0,0,0.0329065813162633,0,0.00370074014802961,0,0,0,0,0.0003000600120024,0,0.001000200040008,0.0003000600120024,0,0,0,0,0,0,0,0.0001000200040008,0.0001000200040008,0,0,0,0,0,0,0,0.0003000600120024,0.0001000200040008,0,0,0,0,0.0021004200840168,0.119123824764953,0,0,0,0,0,0,0,0,0,0,0,0,0,0.0013002600520104,0.00610122024404881,0,0,0,0,0,0,0,0,0,0,0,0.00690138027605521,0,0,0,0,0,0,0.00670134026805361,0,0,0,0,0,0,0.0016003200640128,0.0296059211842368,0,0,0,0.0002000400080016,0,0,0,0,0,0,0.0001000200040008,0,0,0,0,0,0,0,0.001000200040008,0,0,0,0,0,0,0,0,0,0.0003000600120024,0,0,0,0,0,0,0.0002000400080016,0,0.00650130026005201,0.0124024804960992,0,0,0.001500300060012,0.000400080016003201,0,0,0,0,0,0.00350070014002801,0,0,0.0451090218043609,0.00340068013602721,0,0,0.0016003200640128,0.0001000200040008,0,0.0601120224044809,0,0.0002000400080016,0,0,0,0,0,0,0,0,0,0,0,0,0,0,0.000800160032006401,0,0,0.0137027405481096,0
0,0,0,0,0,0,0,0,0,0,0,0,0,0,0.00259922023392982,0,0.00539838048585424,0,0,0.000999700089973008,0,0,0,0.000499850044986504,0,0.301909427171848,0,0,0.00239928021593522,0.00849745076477057,0,0,0,0,0,0,0,0,0,0,0,0,0,0,0,0,0,0,0,0,9.99700089973008e-05,0,0,0,0,0.000499850044986504,0,0,0,0.00469859042287314,0.000199940017994602,0,0,9.99700089973008e-05,0,0,0.0193941817454764,0,0,0,0,0,0,0,0,0,0,0,0,0.000499850044986504,0,0,0,0,0,0,0,0,0,0,0,0.000699790062981106,0,0,0,0,0.000699790062981106,0,0,0,0,9.99700089973008e-05,0,0,0,0,0,0.0364890532840148,0,0,0,0,0,0,0,0,0,0,0.00119964010796761,0,0,0,0,0.0128961311606518,0,0.00229931020693792,0,0,9.99700089973008e-05,0,0,0,0,0,0,0,0,0.000199940017994602,0,0,0.00389883035089473,0,0,0,0,0,0.000999700089973008,0,0,0,0.000399880035989203,0,0,0.00239928021593522,0,0,0,0,0,0.00309907027891633,0,0,0,0,0,0,0,0,0,0,0.000899730080975707,0,9.99700089973008e-05,0,0,0,0,0,0,0,0,0,0,0,0,0,0,0,0,0,0,0.00839748075577327,0,0,0,9.99700089973008e-05,0,0,0,0.00949715085474358,0,0,0,0.00189943017094872,0,0.0202939118264521,0.00189943017094872,0,0,0,9.99700089973008e-05,0,0,0,0.00139958012596221,0,0,0,0,0,0,0,0,0,0,0,0,0,0,0,0,0,0,0.255123462961112,0,0,0,0,0,0.00819754073777867,0,0,0,0,0.000299910026991902,0,0,0,0,0,0,0,0,0,0,0.0293911826452064,0.00209937018894332,0,0,0.00109967009897031,0,0,0,0.000399880035989203,0,0,0,0,0,0.000899730080975707,0,0.000599820053983805,0.108567429771069,0,0,0,0,0,0,0.13296011196641,0,0,0.00179946016195141,0,0,0,0,0.000299910026991902,0,0,0,0,0,0,0,0,0.000399880035989203,0,0,0,0
0,0,0,0.003,0,0,6e-04,0,0,0,0,0,0,0,0.001,0,0.0012,0,0,0,0,0,0.0018,0,0,0.1459,0,0,0.0068,0.0024,0.0149,0,0,2e-04,0,0,0.0528,0.0312,0.0011,0.002,0,0,0,0,0,0.0032,0,0,3e-04,6e-04,0,0,0,0,0,0,0,0.0012,0,0,9e-04,0,0,0,0,0,0.0012,0,0,0.0224,0,0,0,0,0,0,0,0,0,0.0019,0,0,0,0,0.0036,0.0017,0,0,3e-04,0.0053,0,1e-04,6e-04,0,0,0,0,0,0.0038,0,0,0,0,0,4e-04,0,0,0.1252,0.0076,0.0116,0,0,0.0014,4e-04,0,0.0086,0,1e-04,0.0135,0,0,0,0,1e-04,0.0072,0,0,0,0,0,0,0,0,0,0,0,0.0558,0.0038,0,0,2e-04,0,0,0,0,0,0,0,0,0,0.006,0.0108,0,0,0,0,0,1e-04,5e-04,0.0045,0,0,0,0,0,0,0,0,0,0,0,0.0253,0.0093,0,0,0,0,0.0123,0.0039,0,0.0047,0,0,0.0029,0,0,0,0,0,0,0,0.0058,0,0,0,0,0.0048,0,0,0,0,0,0,0,0,8e-04,5e-04,0,3e-04,0,0,0,0,0,0.0012,0,0,0,0.0209,0,0.0036,0,0,0,0,3e-04,0,0.0576,9e-04,0,0.015,0,0,0.0202,0,0,0,0,0,3e-04,0,0,0,0,7e-04,0.0035,0,0,0,0,0.0027,0,0,0,0,0.001,8e-04,0,0,6e-04,2e-04,0,0,6e-04,0,0,0,0,0,0.0307,0,0,0.0263,0,0,0,0,0,0.0092,0.1391,0,0,0.0121,0,0,0,0,0,0,0.002,0,0,0,0,0,0,2e-04,0,0,0.0099,0
0,0,0,0,0,9.99000999000999e-05,0,0,0,0,9.99000999000999e-05,0,0,0,0.000899100899100899,0,0.000599400599400599,9.99000999000999e-05,0,0,0,0.000799200799200799,0,0,0,0.164235764235764,0,0,0,0.0038961038961039,0.0124875124875125,0,0,0.0052947052947053,0,0,0.0158841158841159,0.0004995004995005,0.0013986013986014,0,0,9.99000999000999e-05,0,0,0,0.00859140859140859,0,0.0001998001998002,0,0,0.0037962037962038,0,0,0,0.0016983016983017,0.0003996003996004,0,0,0,0,9.99000999000999e-05,0,0,0.0001998001998002,0,0,0.0015984015984016,0,0,0,0.000699300699300699,0.0001998001998002,0,0,0,0.027972027972028,0,0,0,0.0001998001998002,9.99000999000999e-05,0,0.0405594405594406,0,0.0015984015984016,0.0004995004995005,0.000599400599400599,0,0,0.0017982017982018,0,0,0,0,0,0,0.0177822177822178,0,0,0,0,0.000899100899100899,0,0.0001998001998002,9.99000999000999e-05,9.99000999000999e-05,0,0.0260739260739261,0,0,0,0,0,0.0011988011988012,9.99000999000999e-05,0,0,0,0.0167832167832168,0,0,0,0,0,0.0324675324675325,0,0,0,9.99000999000999e-05,0,0.0016983016983017,0.0117882117882118,0,0,0,9.99000999000999e-05,0.0001998001998002,0,0,0,0.0002997002997003,0,0,0,0,0,0.000599400599400599,9.99000999000999e-05,0,0,0.000899100899100899,0,0,0,0,0,0,0,0,0.00909090909090909,0,0.0001998001998002,9.99000999000999e-05,0.00649350649350649,0,0,9.99000999000999e-05,0,0,0,9.99000999000999e-05,0,0,0,0,0,0.0002997002997003,0.0018981018981019,0.0021978021978022,0.0001998001998002,0,0.0001998001998002,0.0001998001998002,0,0.000899100899100899,0,0,0,0,0,0,0.00539460539460539,9.99000999000999e-05,0,0.00649350649350649,0,0,0,0,0.00989010989010989,0,0,0,0.0354645354645355,0,0.0004995004995005,0.000999000999000999,0,0,0,0.000699300699300699,0,0,0,0.000999000999000999,0,0.0020979020979021,0.000799200799200799,0.00859140859140859,0,0,0.0013986013986014,9.99000999000999e-05,0.0003996003996004,0,0,0,0,0.0043956043956044,9.99000999000999e-05,0.00669330669330669,0,0,0.0492507492507493,0,0,0.0004995004995005,0,0,0.0024975024975025,0.0001998001998002,0,0,0,0.0045954045954046,0,0,0,0,9.99000999000999e-05,0,9.99000999000999e-05,0.0012987012987013,0,0.0004995004995005,0.0155844155844156,0.000799200799200799,9.99000999000999e-05,9.99000999000999e-05,0.0021978021978022,0,0,0,0.0001998001998002,0.000699300699300699,0,0,0,0,9.99000999000999e-05,0,0.0004995004995005,0.15974025974026,0,0,0,0,0,0.0001998001998002,0.180919080919081,0,0,0.0284715284715285,0,0,0,0.0011988011988012,0,0,0.0018981018981019,0,0,0,0,0.0235764235764236,0,0.0003996003996004,0,0,0.00849150849150849,0
0,0,0,0,0,0,0.0003000300030003,0,0,0,0,0,0.0002000200020002,0,0.001000100010001,0,0,0,0,0,0,0,0.0005000500050005,0.0001000100010001,0,0.394839483948395,0,0,0,0,0,0,0,0,0,0,0,0,0,0,0,0,0,0.0018001800180018,0,0.0054005400540054,0,0,0,0,0,0,0,0,0,0,0,0,0,0,0,0.0147014701470147,0,0,0,0,0.0141014101410141,0,0.0017001700170017,0,0,0,0,0,0,0.0003000300030003,0,0,0,0.0095009500950095,0,0,0,0,0,0,0,0,0,0,0,0.0013001300130013,0.0001000100010001,0,0,0,0,0,0,0,0,0,0,0,0,0,0,0.0545054505450545,0.008000800080008,0,0,0,0,0,0,0,0,0.0002000200020002,0.0078007800780078,0,0,0,0,0,0.0001000100010001,0,0,0,0,0,0,0,0,0,0,0.0001000100010001,0,0,0,0,0.0008000800080008,0,0,0,0,0,0,0,0,0,0,0,0,0,0,0,0,0,0,0.0055005500550055,0,0,0,0,0,0,0,0.004000400040004,0,0,0,0.0001000100010001,0.0046004600460046,0,0,0,0,0,0.0193019301930193,0,0,0,0,0,0,0,0,0,0,0,0,0,0.0001000100010001,0,0,0,0,0,0,0,0,0,0,0,0,0,0,0,0,0.0005000500050005,0,0,0,0,0,0,0,0,0.0256025602560256,0,0,0,0,0,0,0,0,0,0,0,0,0.0001000100010001,0,0,0,0,0,0,0.0002000200020002,0,0,0,0,0,0.0001000100010001,0,0,0,0,0,0,0,0,0,0,0,0.0012001200120012,0,0,0,0,0,0,0,0,0,0,0,0,0.0187018701870187,0,0,0,0.0002000200020002,0,0,0,0,0,0.392739273927393,0,0,0,0,0,0,0,0,0.0097009700970097,0,0,0,0,0,0,0,0,0,0,0,0
0,0.00529788084766094,0.00039984006397441,0,0,0,0,0,0,0,0,0,0,0,0.000199920031987205,0,0,0,0,0.00149940023990404,0,0,0,0,0,0,0,0,0,0.00189924030387845,0,0,0,0.000299880047980808,0,0,0.00339864054378249,0,0,0,0,0,0,0,0,0,0,0,0,0,0.000199920031987205,0,0,0,0.00989604158336665,0,0,0,0.00269892043182727,0.0276889244302279,0,0,0,0,0,0,0.0323870451819272,0,0,0.0143942423030788,0,0,0,0,0,0.143842463014794,0,0,0,0.014594162335066,0,9.99600159936026e-05,0,0,0,0.000699720111955218,0,9.99600159936026e-05,0,0,0,0.00219912035185926,0.00819672131147541,0,0.00509796081567373,0.00209916033586565,0,0.000899640143942423,0,0,0.00479808076769292,0.00109956017592963,0,0,0,0,0,0,0,0.00119952019192323,0,0.00129948020791683,0,0,0,0.00219912035185926,0,0.000499800079968013,0.0141943222710916,0,0,0.00709716113554578,0,0,0,0.00979608156737305,0,0.00229908036785286,0,0,0.00309876049580168,0,0,0,0.00079968012794882,0,0,0,9.99600159936026e-05,0,0,0,0,0,0.0240903638544582,0,0.000199920031987205,0,0,0,0,9.99600159936026e-05,0.00869652139144342,0,9.99600159936026e-05,0,0,0,0.00119952019192323,0,0,0,0,0,0,0,0,0,0,0,0,0,0,0,0,0,0,0.0273890443822471,0,0,0,0,0,0,0,0,9.99600159936026e-05,0.000999600159936026,0,0,0,0,0,0,0,0,0,0,0,0,0,0,0,9.99600159936026e-05,0,0.00129948020791683,0.000299880047980808,0,0,0,0,0,0.000199920031987205,0.00229908036785286,0,0,0,0.00269892043182727,0,0,0.0132946821271491,0.00329868052778888,0,0,0,0,0.00569772091163535,0,0.000599760095961615,0,0,9.99600159936026e-05,0.000199920031987205,0,0.00179928028788485,0,0,0,0,0.000699720111955218,0,0,0,0.00189924030387845,0.00079968012794882,0,0,0,0,0,0,0,0,0,0.000699720111955218,0.00179928028788485,0,0,0,0,0,0,0,0.000299880047980808,0,0,9.99600159936026e-05,0,0.00309876049580168,0,0.0431827269092363,0,0,0,9.99600159936026e-05,9.99600159936026e-05,0,0,0,0.510595761695322,0,0,0,0,0,0,0,0,0.00239904038384646,0,0,0,0,0,0,0.00079968012794882,0,0,0.000599760095961615,0.0114954018392643,0
0,0,0,0.0047004700470047,0,0,0.0014001400140014,0,0,0,0,0,0,0,0.0261026102610261,0,0,0,0,0,0,0,0.0041004100410041,0.0008000800080008,0,0,0,0,0.0129012901290129,0.0011001100110011,0,0,0,0,0,0,0.003000300030003,0.135813581358136,0,0,0,0,0,0,0,0,0,0,0.0007000700070007,0.0018001800180018,0,0,0,0,0,0,0,0.0046004600460046,0,0.0458045804580458,0,0,0.0004000400040004,0,0,0,0.0244024402440244,0,0.0004000400040004,0.006000600060006,0,0,0.0007000700070007,0,0,0,0,0,0,0.0341034103410341,0,0,0,0,0,0,0,0,0.0033003300330033,0.0021002100210021,0,0.01000100010001,0.0002000200020002,0,0,0.002000200020002,0,0,0,0,0,0.001000100010001,0.007000700070007,0,0,0,0,0.0001000100010001,0,0.012001200120012,0,0,0.0005000500050005,0,0,0.0188018801880188,0,0,0,0,0,0,0.0078007800780078,0.0006000600060006,0.0255025502550255,0,0,0,0,0,0,0,0,0,0,0,0.0368036803680368,0.0301030103010301,0,0,0.0003000300030003,0,0,0,0,0,0,0.0161016101610161,0,0,0,0,0,0,0,0,0,0,0,0,0.0007000700070007,0,0,0,0,0,0,0.0005000500050005,0,0,0,0.0225022502250225,0.0028002800280028,0,0.0003000300030003,0,0,0,0,0,0,0,0,0,0,0,0,0,0,0,0,0,0,0,0,0.0039003900390039,0.0056005600560056,0,0,0,0,0,0,0,0.0159015901590159,0,0,0,0.0009000900090009,0.0009000900090009,0,0,0,0,0,0,0.0062006200620062,0,0,0,0.0175017501750175,0,0,0,0.0053005300530053,0,0,0.0006000600060006,0,0,0,0,0,0.0178017801780178,0,0,0,0.0004000400040004,0,0,0,0,0,0,0.0008000800080008,0,0,0,0,0,0,0,0,0,0,0.0013001300130013,0,0,0,0,0,0,0,0,0,0,0,0,0,0.0403040304030403,0,0,0.0315031503150315,0,0,0,0,0,0,0.318231823182318,0,0,0,0,0,0,0,0,0,0,0,0,0,0,0.0002000200020002,0,0.0003000300030003,0,0,0.0225022502250225,0
0.0001000200040008,0.00720144028805761,0.0001000200040008,0,0.0011002200440088,0,0,0,0,0,0,0,0,0,0.0229045809161832,0,0,0.000600120024004801,0,0,0.00360072014402881,0.0026005201040208,0,0,0,0,0,0,0.001500300060012,0.0011002200440088,0.0604120824164833,0,0,0.00970194038807762,0,0,0,0.00580116023204641,0.0002000400080016,0,0,0,0,0,0,0.026505301060212,0.0701140228045609,0.0013002600520104,0,0,0.0171034206841368,0,0.0003000600120024,0.000900180036007201,0.0019003800760152,0,0,0,0,0,0.000700140028005601,0,0,0,0,0,0,0,0,0,0.00710142028405681,0.0003000600120024,0.00750150030006001,0,0,0,0,0,0.000500100020004001,0.156731346269254,0,0.0002000400080016,0.001500300060012,0.000500100020004001,0,0,0,0,0,0.0001000200040008,0,0.00520104020804161,0,0,0,0,0,0,0,0,0,0,0,0,0,0,0,0.0556111222244449,0,0.0554110822164433,0,0,0.0017003400680136,0.00740148029605921,0,0.0002000400080016,0,0.000600120024004801,0.0148029605921184,0,0,0,0,0.0001000200040008,0.0013002600520104,0,0.000700140028005601,0,0,0,0.000500100020004001,0.0106021204240848,0,0,0,0,0.000400080016003201,0,0,0,0,0,0,0,0,0,0.00410082016403281,0.0003000600120024,0,0,0.000800160032006401,0,0,0.00410082016403281,0,0,0,0,0,0,0,0,0,0,0,0,0.0027005401080216,0,0,0,0.000800160032006401,0,0,0,0,0,0.000900180036007201,0.00930186037207442,0.0298059611922384,0.0017003400680136,0,0,0.000600120024004801,0,0,0,0,0,0,0,0.0002000400080016,0.00390078015603121,0,0,0,0,0,0,0,0,0,0,0,0.0307061412282457,0,0.00800160032006401,0.00320064012802561,0,0,0.0012002400480096,0,0,0,0.000500100020004001,0,0.0001000200040008,0.00880176035207041,0.00450090018003601,0.0562112422484497,0,0,0,0,0,0,0,0,0,0.0183036607321464,0,0,0,0,0.00850170034006801,0,0,0.0023004600920184,0,0,0,0.00250050010002,0,0,0,0,0.001500300060012,0,0,0,0,0,0.001000200040008,0.00850170034006801,0.0001000200040008,0.00620124024804961,0.0019003800760152,0,0,0,0.0011002200440088,0,0,0,0.0003000600120024,0,0,0,0,0,0,0,0.0358071614322865,0.0143028605721144,0,0.000400080016003201,0.000700140028005601,0,0,0,0.001000200040008,0.0003000600120024,0.0744148829765953,0.0739147829565913,0.0003000600120024,0,0,0.00550110022004401,0,0,0.001500300060012,0,0,0,0,0,0.000900180036007201,0.0002000400080016,0,0,0.0014002800560112,0
0,0,0,0.000499800079968013,0.000699720111955218,0,0.000199920031987205,0.00209916033586565,0,0.00309876049580168,0.00039984006397441,0.000199920031987205,0,0.0240903638544582,0,0,0,0,0,0,0.007796881247501,0.00549780087964814,0.000899640143942423,0.00079968012794882,0.000499800079968013,0.085765693722511,0,0,0.00209916033586565,0,0.0234906037584966,0,0,0.00459816073570572,0,0,0.00109956017592963,0.00309876049580168,0,0,0.000199920031987205,0,0,0.00939624150339864,0,0.00109956017592963,0,9.99600159936026e-05,0,0,0,0,0,0,0.000599760095961615,0.000299880047980808,0,0.00159936025589764,0,0.00499800079968013,0.000599760095961615,0.00649740103958417,0,0,0,0.000199920031987205,0.00649740103958417,0,0.000199920031987205,0,0.00209916033586565,0.000299880047980808,0.000199920031987205,0.0298880447820872,0,0,0,0,0,0.00329868052778888,0.00279888044782087,0,0.00039984006397441,0.000299880047980808,0.0127948820471811,0,0,0,0.000199920031987205,0.0124950019992003,0.0125949620151939,0.00149940023990404,0,0.00669732107157137,0,0,0,0,0.00479808076769292,0,0,0,0,0.000999600159936026,0.00809676129548181,0.00229908036785286,0.01609356257497,0.00199920031987205,0.00979608156737305,0.0039984006397441,0,0,0,0.00579768092762895,0,0.00749700119952019,0,0.000199920031987205,0,0,9.99600159936026e-05,0.00119952019192323,0,0.000899640143942423,0.00229908036785286,0,0,0,0.000199920031987205,0,0.00039984006397441,0.00749700119952019,0.000599760095961615,0,0,0,0.0106957217113155,0.00629748100759696,0,0,0,0,0,0,0,0,0.00139944022391044,0.0118952419032387,0,0,0.00289884046381447,0.00269892043182727,0,0.00459816073570572,0,0,0,0,0.000699720111955218,0.00479808076769292,0,0,0.0163934426229508,0.0137944822071172,0,0,0.00539784086365454,0,0,0,0.000499800079968013,0,0,0,0.000899640143942423,0,0,0.00959616153538585,0.00359856057576969,0.00359856057576969,0.00599760095961615,0,0,0.0108956417433027,0.00239904038384646,0,0,0,0.00209916033586565,0.00749700119952019,0,0,0,0,0.000299880047980808,0,0.0161935225909636,9.99600159936026e-05,0,0,0,0,0,0.000999600159936026,9.99600159936026e-05,0.00539784086365454,0,0,0,0.00079968012794882,0,0,0.000299880047980808,0,0.00189924030387845,0.00219912035185926,0.0079968012794882,0.000899640143942423,0,0.000599760095961615,0,0.00319872051179528,9.99600159936026e-05,0,0.00169932027189124,0,0.000199920031987205,0,0.00809676129548181,0.00159936025589764,0.014094362255098,0,0.000299880047980808,0.0227908836465414,0,0.000299880047980808,0,0,0,0,0,0,0,0,0,0,0,0.00039984006397441,0,0.00559776089564174,0.0147940823670532,0.000499800079968013,0.00159936025589764,0,0.00139944022391044,0,0,0,0.000299880047980808,0,0.000199920031987205,0,0,9.99600159936026e-05,0.000299880047980808,0,0,0,0.00149940023990404,0.000699720111955218,0.000299880047980808,0.000199920031987205,0.0615753698520592,0,0,0,0,0.000199920031987205,0.00079968012794882,0.284486205517793,0,0,0.00649740103958417,0,0,0,0.000199920031987205,0,0.00649740103958417,0.000899640143942423,0,0,0.000599760095961615,0,0.00499800079968013,0.00269892043182727,0,0.00629748100759696,0,0.014094362255098,0.0038984406237505
0,0,0,9.99800039992002e-05,0,0,0,0.0002999400119976,0,0,0,0,0,0,0.0031993601279744,0,0,0,0,0,0.00559888022395521,0.00379924015196961,0,9.99800039992002e-05,0,0.355728854229154,0,0,0.000799840031993601,0.000999800039992002,0,0.0319936012797441,0,0,0,0,0,0,0,0,0,0,0,0,0,0,0,0,0,0,0,0,0,0.0001999600079984,0.000399920015996801,0,0,0,0.0001999600079984,0.00659868026394721,0,0,0,0,0,0,0.0010997800439912,0,0,0,0,0,0,0,0,0,0,0,0,0.0475904819036193,0,0,0.000399920015996801,0,0,0,0,0,0,0.0123975204959008,0,0,0.000499900019996001,0,0,0.0001999600079984,0.000999800039992002,0,0,0,0,9.99800039992002e-05,0,0,0,9.99800039992002e-05,0,0.0611877624475105,0,0,0,0,0,0.0017996400719856,0,0,0,0,0.00699860027994401,0.0002999400119976,0,0,0.000599880023995201,9.99800039992002e-05,0.0602879424115177,0,0,0,0,0,9.99800039992002e-05,0,0,0,0,0,9.99800039992002e-05,0,0,0,0.0026994601079784,0,0,0,0,0,0,9.99800039992002e-05,0,9.99800039992002e-05,0,0,0,0,9.99800039992002e-05,0,0.0023995200959808,0,0,0,0,0,0,0,0,0,0,0,0,0,0,0,0,0,0,0,0,0,0,0,0,0,0,0,9.99800039992002e-05,0,0,0,0,0,0,0.0016996600679864,0,0.000399920015996801,0,0,0,9.99800039992002e-05,0,0,0,0,0,0,0,0,0,0,0,0,0,0,0,0.000799840031993601,0,0,0.00489902019596081,0,0.0222955408918216,0,0,0,0,0,0,0,0.0001999600079984,0,0,0,0,0,0,0,0,0,0,0,0,0,0,0,0,0,0.000799840031993601,0,0,0,0,0,0,0,0,0,0,0,0,0,0.000499900019996001,0,0.0016996600679864,0,0,0.0002999400119976,0,0,0,0,0,0.00359928014397121,0,0.000899820035992801,0,0,0,9.99800039992002e-05,0,0,0,0.281043791241752,0,9.99800039992002e-05,0.00899820035992801,0,0,0,0,0,0,0.00249950009998,0,0,0,0,0,0,0.0002999400119976,0,0,0.0583883223355329,0
0,0,0,0,0,0,0,0.0016996600679864,0,0,0,0,0,0.0021995600879824,0.0123975204959008,0,0,0,0,0,0.000699860027994401,0.000499900019996001,0,0,0,0.426914617076585,0,0,0.00729854029194161,0,0,0,0,0.013997200559888,0,0.0017996400719856,0.0016996600679864,0.00849830033993201,0,0,0,0,0.013497300539892,0.00509898020395921,0,0.00859828034393121,0,0,9.99800039992002e-05,0,0,0,0,0,0,0,0,0,0,0,0,0.0011997600479904,0,0,0.00409918016396721,0,0.0030993801239752,0,0,0,0.001499700059988,0,0,9.99800039992002e-05,0,0,0,0,0,0.00429914017196561,0,0,0,0,0.0015996800639872,0,0.0310937812437512,0,0,0.0011997600479904,0,0.0156968606278744,0,0,0,0,0,0,0.00549890021995601,0,0.000999800039992002,0,0,0,0.000399920015996801,0,0.000399920015996801,0.0515896820635873,0,0,0,0.000799840031993601,0,9.99800039992002e-05,0,0,0,0,0.026994601079784,0,0,0,0,0,0.0225954809038192,0,0,0,0.0001999600079984,0,0.0010997800439912,0.00439912017596481,0.0012997400519896,9.99800039992002e-05,0,0,0.00489902019596081,0,0,0,0,0,0,0,0,0,0.0001999600079984,0,0,0,0.000599880023995201,0,0,0,9.99800039992002e-05,0,0,0,9.99800039992002e-05,0.00579884023195361,0,0,0,0,0,0,0,0.00449910017996401,0,0,0,0,0,0,0,0,0,0,0.00879824035192961,0,0,0,0,0,0,0,0,0,0,0,0,0.000799840031993601,0.0018996200759848,0,0,0,0,0,0,0,0,0,0,0.001999600079984,0,0.0023995200959808,9.99800039992002e-05,0,0,0,0,0,0.000599880023995201,0,0.000799840031993601,0,9.99800039992002e-05,0.000899820035992801,0.0520895820835833,9.99800039992002e-05,0,0,0,0,0,0,0,0,0.000599880023995201,0.0001999600079984,0.00419916016796641,0,0,0.0544891021795641,0,0,0,0,0,0,0,0,0,0,0,0,0,0,0.0001999600079984,0,0,9.99800039992002e-05,0.0001999600079984,0,0.000699860027994401,0.00249950009998,0,0,0.000699860027994401,0.0150969806038792,0,0,0,0.0010997800439912,0,0,0,0.00449910017996401,0,0,0,0.0027994401119776,0.0118976204759048,0,0,0,0,0,0.00529894021195761,0.0954809038192362,0,0,0.00919816036792642,0,0,0,0,0,0.001499700059988,0.0001999600079984,0,0,0,0,0.0013997200559888,0,0,0.0002999400119976,0,0.0151969606078784,0
0,0,0,0.000799760071978406,0,0,0,0,0,0.00219934019794062,0,0,0,0,0.000299910026991902,0,0,0,0,0,0.0108967309807058,0,0.00109967009897031,0.00109967009897031,0.000899730080975707,0.305508347495751,0,0,0.00239928021593522,0.000599820053983805,0.0174947515745276,0,0,0.00429871038688393,0,0,0.00919724082775168,0,0.000199940017994602,0,0,0,0,0.0322903129061282,0,0.00309907027891633,0,0,0.000399880035989203,0.000699790062981106,0,0,0,0,0,0,0,0.00149955013495951,0,0.0104968509447166,0.000899730080975707,0,0,0,0,0,0.00109967009897031,0,0,0,0,0,0,0.0165950214935519,0,0,0,0,0,0.00289913026092172,0,0.00139958012596221,0,0,0.0273917824652604,0,0,9.99700089973008e-05,0.00139958012596221,0,0,0,0,0,0,0.000299910026991902,0,0,0,0,0,9.99700089973008e-05,0.00259922023392982,0,0,0.000899730080975707,0,0.013296011196641,0.00279916025192442,0.0123962811156653,0,0,0.00549835049485154,0,0,0.0159952014395681,0,9.99700089973008e-05,0,0,0,0,0,0,0.00249925022493252,0,0,0,0,0,0,0.00789763071078676,0,0.000499850044986504,0,0,0.0168949315205438,0.00519844046785964,0,0,0,0,0,0,0,0,0,0.0187943616914926,0,0,0.00239928021593522,0.00419874037788663,0,0,0,0,0,0,0,0.0124962511246626,0,0,0,0,0,0,0,0,0,0,0,0,9.99700089973008e-05,0,0,0,0,0,0.0148955313405978,0,0.0596820953713886,0.000799760071978406,0,0.00329901029691093,0.00729781065680296,0,0,0,0,0,0,0.0207937618714386,0.000499850044986504,0,0,0,0.00209937018894332,0,0,0,0,0,0,0,0,0,0.000999700089973008,0,0,0.000199940017994602,0,0,0,0,0,0,0.00939718084574628,0,0,0,0.00189943017094872,0,0.00339898030590823,0,0.00229931020693792,0,0,0,0,0.00259922023392982,0,0,0,0.0176946915925222,0,0,0,0,0,0,0,0,0,0,0.000299910026991902,0,0,0,0,0,0,0,0,0,0,0,0.000599820053983805,0,0,0,0.000199940017994602,0,0,0,9.99700089973008e-05,0,0,0,0,0.000199940017994602,0,0,9.99700089973008e-05,0,9.99700089973008e-05,0,0,0,0.00849745076477057,0.183944816555034,0,0,0.0413875837248825,0,0,0,0,0,0.00109967009897031,0,0,0,0,0,0,0,0.00119964010796761,0,0,0.0321903428971309,0
0.000299880047980808,0,0,0,0,0,0,0,0.000199920031987205,0,0,0,0,0,0,0,0,0,0,0,0.0105957616953219,0.000499800079968013,0,0.00359856057576969,0.000199920031987205,0.00039984006397441,0,0,0.00229908036785286,0.00039984006397441,0,0,0,0.00339864054378249,0,0,0.00319872051179528,0.0180927628948421,0,0,0,0,0,0.0120951619352259,0,0.000899640143942423,0,0,9.99600159936026e-05,0,0,0,0,0,0,0,0,0.000299880047980808,0,0,0,0.00339864054378249,0,0,0.000299880047980808,0.00109956017592963,0,0.000999600159936026,0,0,0.000899640143942423,0,0,0.0037984806077569,0,0,0,0,0,0,0,0,0,0,0.0133946421431427,0.000199920031987205,0.000199920031987205,0,0,0.00209916033586565,0.00599760095961615,9.99600159936026e-05,0,0,0,0,0,0,0.00719712115153938,0,0,0,0,0,0,0,0.0433826469412235,0.361655337864854,0.00499800079968013,0,0,0,0,0.00909636145541783,0,0,0,0.000699720111955218,0,0,0,0,0,0,0.00129948020791683,0.000299880047980808,0,0,0,0.0105957616953219,0.00229908036785286,0.0476809276289484,0,0.000599760095961615,0,0,0.0103958416633347,0.00509796081567373,0,0,0.000299880047980808,0,0,0,0,0,0,0.00519792083166733,0,0,0,0.00139944022391044,0.000199920031987205,0,0,0,0,0,0,0.00169932027189124,0,0,0,0.0323870451819272,0,0,0.0101959216313475,0,0,0,0,0,0,0,0,0,0,0.00229908036785286,9.99600159936026e-05,0,0.0112954818072771,0,0,0.000999600159936026,0,0,0,0,0,0,0,0.00849660135945622,0.00119952019192323,0,0.00679728108756497,0,0.00279888044782087,0,0,0,0,0,0,0,0,0,0,0,0,0.00349860055977609,0,0,0.000499800079968013,0,9.99600159936026e-05,0,0.000199920031987205,0,0.000899640143942423,0.00179928028788485,0.00159936025589764,0,0.0039984006397441,0.00039984006397441,0.00329868052778888,0.000299880047980808,0,0,0,0,0.00629748100759696,0,0,0.00259896041583367,0,9.99600159936026e-05,0,0,0,0,0,0,0.0121951219512195,0,0,9.99600159936026e-05,0,0.00279888044782087,0,0,0,9.99600159936026e-05,0.000899640143942423,0,0.00309876049580168,0,9.99600159936026e-05,0.000599760095961615,0.000199920031987205,0.00579768092762895,9.99600159936026e-05,0.000899640143942423,0,0.00079968012794882,0,0,0,0.00549780087964814,0,0.0199920031987205,0,0,0.0531787285085966,0,0.000199920031987205,0,0,0,9.99600159936026e-05,0.181827269092363,0,0,0.000899640143942423,0,0,0,0,0.00289884046381447,0,0,0,0,0,0,0.00119952019192323,0,0.000499800079968013,0,0,0,0.000699720111955218
0,0,0,0,0,0,0.0001999600079984,0,0,0,0,0,0,0.00339932013597281,0.00359928014397121,0,0,9.99800039992002e-05,0,0,0.023995200959808,0.00639872025594881,0,0,0,0.0745850829834033,0,0,0.00859828034393121,0.0015996800639872,0.000799840031993601,0.0013997200559888,0,0.0249950009998,0,0,0.000699860027994401,0,0,0,0,0,0,0,0,0.00339932013597281,0,9.99800039992002e-05,0,0,0,0,0,0,0,0,0,0,0,0.000399920015996801,0,0,0,0,0,0,0.0027994401119776,0,0,0,0,0,0,0,0,0,0,0,0,0.00599880023995201,0.0016996600679864,0,0.0157968406318736,0,0,0,0,0,0,0.0115976804639072,0,0.0002999400119976,0.0001999600079984,0,0.00599880023995201,0.0002999400119976,0,0,0,0,0,0,0,0,0,0,0,0.018996200759848,0,0.0831833633273345,0,0,0,0.162367526494701,0,0,0,0,0,0.000399920015996801,0,0,0,0.0002999400119976,0.00789842031593681,0,0,0,0,0,0,0,0,0,0,0,0.0458908218356329,0,0,0,9.99800039992002e-05,0,9.99800039992002e-05,0,0,0,0.0021995600879824,0,0,0,0,0.00439912017596481,0,0,0,0,0,0,0,0,0,0,0,0,0,0,0,0,0,0,0.0002999400119976,0.0020995800839832,0.000499900019996001,0,0,0,0,0,0.00879824035192961,0,0,0,0,0,0.0010997800439912,0,0,0,0,0,0,0.0228954209158168,0,0.000399920015996801,0,0,0.010497900419916,0,0,0,0,0,0,0.0002999400119976,0,0,0,0,0,0.0022995400919816,0,0,0.00369926014797041,0,0,0,0.0110977804439112,0.0200959808038392,0,0,0,0.00419916016796641,0,0,0,0,0,0,0.0165966806638672,0,0,9.99800039992002e-05,0,0,0,0,0,0,0,0,9.99800039992002e-05,0,0,0,0,0,0,0,0,0,0.00709858028394321,0,0,0,0,0,0,0,0,0,0,0,0,0.001499700059988,0.000599880023995201,0,0,0,0,0.0704859028194361,0,0,0.023495300939812,0,0.0002999400119976,0,0,0,0,0.223355328934213,0,0,0.0233953209358128,0,0,0,0,0,0,0.0026994601079784,0,0,0,0,0.013497300539892,0,0.0022995400919816,0,0,0.0013997200559888,0
0,0,0,0,0,0,0.000199940017994602,9.99700089973008e-05,0,0,0,0,0,9.99700089973008e-05,0.00329901029691093,0,0.00689793062081376,0,0,0.000499850044986504,0,0.000799760071978406,0,0.000399880035989203,0.00149955013495951,0.142357292812156,0,0,0.00379886034189743,0,0.00669799060281915,0,0,0.00299910026991902,0,0,0.00489853044086774,0.00569829051284615,0.000199940017994602,0,0.000199940017994602,0,0,0.00309907027891633,0,0.00159952014395681,0,0,0.000699790062981106,0.000499850044986504,0,0,0,0,0,0,0,0,0,0.000299910026991902,0,0,0,0,0,0,0.00629811056682995,0,9.99700089973008e-05,0,0.000599820053983805,0,0,0,0,0,0,0,0,0.000299910026991902,0,0,0.00339898030590823,0,0,0.000199940017994602,0.000199940017994602,0,0.000299910026991902,0.000499850044986504,0,0.00609817054883535,0.000499850044986504,0,0,9.99700089973008e-05,0,0,0.000399880035989203,9.99700089973008e-05,0,0.00939718084574628,0,0,0,0.00109967009897031,0,0.237128861341598,0.00329901029691093,0.0105968209537139,0,0,0,0.00319904028791363,0,0.00859742077376787,0,0,0.00859742077376787,0,0,0,0.000599820053983805,0,0.00739778066580026,0,0,0,0,0,0.00199940017994602,0.00299910026991902,0,9.99700089973008e-05,0,0,0.190442867139858,0,0,0,0,0,0,0,0,0.00139958012596221,0,0,0,0,0,0.000499850044986504,0,0,9.99700089973008e-05,0,0,0,0,0.00449865040487854,0,0,0,9.99700089973008e-05,0.00819754073777867,0,0,0,0,0,9.99700089973008e-05,0,0,0,0,0,0,0,0.0179946016195141,0,0,0,0,0,0.000799760071978406,0,0,0,0,0,0,0.00199940017994602,9.99700089973008e-05,0,0,0.000499850044986504,0,0,0,0.024592622213336,0,0,0,0,0,0.000499850044986504,0,0,9.99700089973008e-05,0.000299910026991902,0,0,0,0.000699790062981106,0.00139958012596221,0,0.00219934019794062,0,9.99700089973008e-05,0.000199940017994602,0,0,0,0,0,0,0,0,0.00239928021593522,0.000199940017994602,0.00119964010796761,0,0,0.00499850044986504,0,0,0,0,0,0,0,0,0,0,0.000299910026991902,0,0.00229931020693792,0,0,0,0,0,0,0,0,0.00129961011696491,0.000299910026991902,0,0.00109967009897031,0,0,0,0,0,0,0,0,0,0,0.0911726482055383,0,0.000199940017994602,0.0133959812056383,0,0,0,0,0,0.000699790062981106,0.108067579726082,0,0,0.00919724082775168,0,0,0,0,0,0.00149955013495951,0.000899730080975707,0,0,0,0.000299910026991902,0,0,0.000599820053983805,0,0,0.00209937018894332,0
0,0,0,0,0,0,0,0,0,0.00109967009897031,0,0,0,0,0.00179946016195141,0,0,0,0,9.99700089973008e-05,0.000199940017994602,0.000199940017994602,0.000899730080975707,0,0.000199940017994602,0.0153953813855843,0,0,0.000899730080975707,0.00129961011696491,0,0,0,0.00449865040487854,0,0,0.00939718084574628,0.00239928021593522,0,0,0,0,0,0.000199940017994602,0,0.000299910026991902,0,0.000499850044986504,9.99700089973008e-05,0.000399880035989203,0,0,0,0,0.00129961011696491,0,0,0.000599820053983805,0,0,0,9.99700089973008e-05,0,0,0.000199940017994602,0,0,0,0.00349895031490553,0,0.00179946016195141,0,0,9.99700089973008e-05,0,0,0,0,0,0,0.000599820053983805,0,0,0.000499850044986504,9.99700089973008e-05,0.000299910026991902,0.00789763071078676,9.99700089973008e-05,0.000799760071978406,0.000699790062981106,0,0,0.372088373487954,0,0,0.000799760071978406,0,0,0.00129961011696491,0,0,0,0,0,0,0.00299910026991902,9.99700089973008e-05,0,0.000699790062981106,0.00749775067479756,0,0.000199940017994602,0,0.000699790062981106,0,0.0287913625912226,9.99700089973008e-05,0,0.00569829051284615,0,0,0,0,9.99700089973008e-05,0.00379886034189743,0,0,0,0,0.000199940017994602,0.000999700089973008,9.99700089973008e-05,0,0,0,0,0.0158952314305708,0,0,0,0,0,0,0,0,0,0.000699790062981106,0.00299910026991902,0,0,0,0.000199940017994602,0,0,9.99700089973008e-05,0,0,9.99700089973008e-05,0,0.000199940017994602,0,0,0.0158952314305708,9.99700089973008e-05,0,0,0,0,0,0,0,0.00119964010796761,0,0,0,0,0,0,0.00239928021593522,0,0.00279916025192442,0.00229931020693792,0,0.0124962511246626,0.000399880035989203,0,0,0,0.00129961011696491,0.00199940017994602,0,0.000599820053983805,0.000199940017994602,0,0,9.99700089973008e-05,0.00149955013495951,0,9.99700089973008e-05,0,0,0,0,0,0,0.000499850044986504,0.00109967009897031,0,0,0.000399880035989203,0,0,0.000399880035989203,0,9.99700089973008e-05,0,0.00389883035089473,0.000199940017994602,0.00579826052184345,0.000399880035989203,0,0,0.0219934019794062,0,0.00139958012596221,0.000199940017994602,0,0,0.00179946016195141,0.000599820053983805,0.00159952014395681,0.000499850044986504,0,0.00569829051284615,0,0,0,0,0,0,0,0,0,0.017294811556533,0,0,0,0,0,0,0.000799760071978406,9.99700089973008e-05,9.99700089973008e-05,0,0,0.000599820053983805,9.99700089973008e-05,0,0.000199940017994602,0.000299910026991902,0,0,9.99700089973008e-05,0.000199940017994602,0,9.99700089973008e-05,0,0.00289913026092172,0.00169949015295411,0.174247725682295,0,0.000799760071978406,0.0153953813855843,0,0,0,0,0,0,0.177646705988204,0,0,0.00989703089073278,0,0,0,0,9.99700089973008e-05,0,0.00139958012596221,0,0,0,0,0,0,0,0,0,0.00109967009897031,9.99700089973008e-05
0,0,0,0.00179802217560683,0,0,0.00309659374687843,0.00149835181300569,0,0,9.98901208670463e-05,0,0,0.000399560483468185,0.000599340725202278,0,9.98901208670463e-05,0.000899011087803416,0,0,0.00399560483468185,0.00569373688942164,0.0027969233842773,0.00339626410947957,0,0.0204774747777445,0,0,0.00729197882329438,0,0.00149835181300569,0.00299670362601139,0,0.0130856058335831,0.000199780241734093,0,0.00119868145040456,0.0066926380980921,0,0.00139846169213865,0,0,0.0166816501847967,0.00918989111976825,0,0.0174807711517331,0,9.98901208670463e-05,0,0.000399560483468185,0,0,0,0.00079912096693637,0,0.000299670362601139,9.98901208670463e-05,0.000399560483468185,0,0.0117870342623115,0.00229747277994206,0.00119868145040456,0.000899011087803416,0,0.00169813205473979,0,0.0248726400958945,0,0,0,0.00239736290080911,9.98901208670463e-05,0,0.00109879132953751,0,0,0,0,0,0.00579362701028868,0.00159824193387274,9.98901208670463e-05,0.0228748376785536,0,0.000299670362601139,0.000299670362601139,0,0,0.00079912096693637,0.00599340725202278,0,0.0025971431425432,0.00499450604335231,0,0,0.00209769253820797,0,0,0.00229747277994206,0,0,0.00169813205473979,0,0.000199780241734093,0.000399560483468185,0.00119868145040456,0,0.10178803316352,0.00169813205473979,0.00859055039456598,0,0.000699230846069324,9.98901208670463e-05,0.00938967136150235,0.00249725302167616,0.0135850564379183,0,0.00339626410947957,0.0329637398861253,0,0,0,0.00159824193387274,0,0.00599340725202278,0,9.98901208670463e-05,0,9.98901208670463e-05,0,0.00239736290080911,0.00169813205473979,0,0,0.00569373688942164,0,0.0167815403056638,0,0,0.000998901208670463,9.98901208670463e-05,0,0.00149835181300569,0,0,9.98901208670463e-05,0.000199780241734093,0.0114873638997103,0,0.0012985715712716,0.00189791229647388,0,0.000199780241734093,0,0,0,0,0,0.000299670362601139,0.00779142942762961,0.000899011087803416,0.00319648386774548,0.0242732993706922,0,0,0,0,0.00339626410947957,0.000199780241734093,0,0.000199780241734093,0,0.000399560483468185,0,9.98901208670463e-05,0,0.000299670362601139,0.00079912096693637,0.00459494555988413,0.00289681350514434,0.0288682449305764,0,0,0.00619318749375687,0.0025971431425432,0,0,0,0,0,0.000599340725202278,0.012885825591849,0,0,0,0.00239736290080911,0,0.000299670362601139,0,0,0.0135850564379183,0,9.98901208670463e-05,0.00499450604335231,0.173309359704325,0.000699230846069324,9.98901208670463e-05,0,0,0,0,0,9.98901208670463e-05,0,0.00149835181300569,0.00119868145040456,0.00938967136150235,0.0135850564379183,0.00319648386774548,0,0.00439516531815004,0.00269703326341025,0,0,0.00958945160323644,0,0,0.000899011087803416,0.00519428628508641,0.000699230846069324,0.0220757167116172,0,0.000299670362601139,0.0429527519728299,0,0,0.000499450604335231,9.98901208670463e-05,0,0,0,0,0,0.0100889022075717,0,0,0.000599340725202278,0,0,0,0,9.98901208670463e-05,0.000399560483468185,0,0.00329637398861253,0.00369593447208071,9.98901208670463e-05,0,0.000998901208670463,0.00209769253820797,9.98901208670463e-05,0,0,9.98901208670463e-05,0,0,0,0,0.00119868145040456,0.00159824193387274,0,0.00699230846069324,0.00599340725202278,0,0.000499450604335231,0,0,9.98901208670463e-05,0.000998901208670463,0.0252722005793627,0,0,0.0328638497652582,0.000199780241734093,0,0,0,0,0.00119868145040456,0.00299670362601139,0.0206772550194786,9.98901208670463e-05,0,0,0.00639296773549096,9.98901208670463e-05,0.000699230846069324,0,0,0.00509439616421936,0
0,0,0,0,0,0,0,0.00119952019192323,0,0,0,0,0,0.0298880447820872,0.00269892043182727,0.000599760095961615,0,0,0,0.000199920031987205,0.00459816073570572,0.00219912035185926,0,9.99600159936026e-05,0.00189924030387845,0.284286285485806,0,0,0.00079968012794882,0.000199920031987205,0.00039984006397441,0,0,0.00179928028788485,0,0,0.00449820071971212,0.00279888044782087,0,0,0,0,0,0,0,0.00429828068772491,0,0.000199920031987205,0,0,0,0,0,0,0.00039984006397441,0,0,0,0,0.00169932027189124,0,0,0,0.000199920031987205,0,0,0.0280887644942023,0,0,0,0.000699720111955218,0,0,0,0,0,0,0,0,0.00039984006397441,0,0,0.00159936025589764,0,0.00239904038384646,0,9.99600159936026e-05,0,0,0.00169932027189124,0,0.00209916033586565,9.99600159936026e-05,0,0,0,0,0,0.000699720111955218,0,0,0.000299880047980808,0,0,0,0,0,0.0425829668132747,0.0109956017592963,0,0,0,0,0.00469812075169932,0,9.99600159936026e-05,0,0,0.0173930427828868,0.000299880047980808,0,0,0,0,0.00239904038384646,0,0,0,0,0,0.00309876049580168,0.0137944822071172,9.99600159936026e-05,0,0,0,0.0202918832467013,0.00659736105557777,0,0,0.00179928028788485,0,0.00579768092762895,0.000199920031987205,0,0,0.000699720111955218,0.00369852059176329,0.000299880047980808,0,0.00119952019192323,0.0076969212315074,0,0.000199920031987205,0,0,0,0,0.00429828068772491,0,0,0,0,9.99600159936026e-05,0,0,0,0,0,0.00159936025589764,0,0.0201919232307077,0,0,0,0,0,0,0.00409836065573771,0.00269892043182727,0.00579768092762895,0,0,0,0,0,0,0,0,0,0,0.00459816073570572,0.000199920031987205,0,0,0.000199920031987205,0.00169932027189124,0,0,0,0,0,0,9.99600159936026e-05,0,0.00249900039984006,0,0,0.000299880047980808,0,0,0,0,0,0,0,0.00619752099160336,0,0.000699720111955218,0.000699720111955218,0.00329868052778888,0.00219912035185926,0,0,0.00129948020791683,0,0,0,0.00459816073570572,0.0078968412634946,0.00569772091163535,0,0.00039984006397441,0.0293882447021192,0,0,0,0,0,0.000999600159936026,0,0,0,0,0,0,0,9.99600159936026e-05,0,0,0.0164934026389444,0,0,0.000199920031987205,0.000199920031987205,0.00169932027189124,0.000599760095961615,0,0.000499800079968013,0,9.99600159936026e-05,0,0.000499800079968013,0,0,0,0,0,0.00039984006397441,0.0664734106357457,0.00889644142343063,0.000499800079968013,0.0360855657736905,0,0,0,0,0,0.000299880047980808,0.209516193522591,0,0,0.00589764094362255,0,0,0,0,9.99600159936026e-05,0.00199920031987205,0,0,0,0.000199920031987205,0,0.00109956017592963,0,0.000499800079968013,0.00459816073570572,0,0.00419832067173131,0
0,0,0,0,0,0,0,0,0,0,0,0,0,0,0.0001999800019998,0,0.012998700129987,0,0,0,0,0.0366963303669633,0.0015998400159984,9.99900009999e-05,0,0.185281471852815,0,0,0.0008999100089991,9.99900009999e-05,0.0005999400059994,0,0,0.0075992400759924,0,0,0.0002999700029997,0.0081991800819918,0,0,0,0,0,0,0,9.99900009999e-05,0,0,0.0007999200079992,0,0,0,0,0,0,0,0,0.0034996500349965,0,0.0714928507149285,0,0,0,0,0,0,0.0064993500649935,0,9.99900009999e-05,0.0202979702029797,0,0,0,0,0,0,0,0,0,0.0241975802419758,0,0.0056994300569943,0.0003999600039996,0,0,9.99900009999e-05,0,0,0,0,0,0.0002999700029997,0.0002999700029997,0,0,9.99900009999e-05,0,0,0.0041995800419958,0,0,0,0,0,0.0005999400059994,0,0,0.0338966103389661,0,0.0154984501549845,0,0,0.0014998500149985,0,0,0.0196980301969803,0,0,0.0181981801819818,0.0003999600039996,0,0,0.0066993300669933,0,0.0024997500249975,0.0421957804219578,0,0,0,0,0,0,0,0,0,0.0001999800019998,9.99900009999e-05,0.0005999400059994,0,0,0.000999900009999,0,0,0.0008999100089991,0,0.001999800019998,0,0,0,0.0007999200079992,0.0073992600739926,0,0,0,0,0,0,0,0,0.0006999300069993,0,0,0,0,0,9.99900009999e-05,0,0,0,0,0,9.99900009999e-05,0,9.99900009999e-05,0,0,0,0.0125987401259874,0.0036996300369963,0,0,0,0,0,0,0,0,0,0,0,0,0.0060993900609939,0,0,0,9.99900009999e-05,0,0,0,0,0,0,0,0.0015998400159984,9.99900009999e-05,0.0056994300569943,0,0,9.99900009999e-05,0,0,0,0,0,0,9.99900009999e-05,0.002999700029997,0,0.0394960503949605,0,0.0086991300869913,0,0,0,0,0,0,0,0.0055994400559944,0,0,0,0,0.0112988701129887,0,0,0,0,9.99900009999e-05,0.0008999100089991,0,0.0025997400259974,0,0,9.99900009999e-05,0.0053994600539946,0,0,0,0,0,0,0,0,0.0001999800019998,9.99900009999e-05,0,0,0,0,0,0,0,0,0,0,0,0,0.0013998600139986,0.0340965903409659,0,0,0.0258974102589741,0,0,0,0,0,0,0.192180781921808,0,0,0.0536946305369463,0.0003999600039996,0,0,0,0,0.017998200179982,0,0,0,0,0,9.99900009999e-05,0,0.0007999200079992,0,0,0.017998200179982,0
0,0,0,0.0005000500050005,0.0011001100110011,0,0,0,0,0.0014001400140014,0,0,0,0,0.0158015801580158,0,0.0003000300030003,0,0.0009000900090009,0,0,0.0006000600060006,0.0037003700370037,0,0,0.0779077907790779,0,0,0,0.002000200020002,0.0455045504550455,0,0,0.0044004400440044,0,0,0,0.0087008700870087,0,0,0,0.0006000600060006,0,0,0,0.0371037103710371,0,0,0.0016001600160016,0,0,0,0,0,0,0,0,0,0,0.0152015201520152,0.003000300030003,0,0,0,0,0,0.0016001600160016,0,0,0,0.0061006100610061,0,0,0,0,0,0,0,0,0.0022002200220022,0.0048004800480048,0,0.0025002500250025,0,0,0.0002000200020002,0.0001000100010001,0,0.0015001500150015,0.0006000600060006,0,0.0051005100510051,0.0051005100510051,0,0,0,0,0,0,0,0,0.0031003100310031,0,0,0,0,0,0.0155015501550155,0,0.0145014501450145,0,0.006000600060006,0,0.0002000200020002,0,0.0064006400640064,0,0,0.0059005900590059,0,0.0006000600060006,0,0.0013001300130013,0,0.0029002900290029,0,0,0,0,0,0.0017001700170017,0.0062006200620062,0,0,0,0,0.0216021602160216,0,0,0,0.0001000100010001,0,0,0.0004000400040004,0,0,0.0007000700070007,0.0149014901490149,0,0,0,0.014001400140014,0,0,0,0,0,0,0,0,0,0,0,0.0001000100010001,0,0,0.0021002100210021,0.0002000200020002,0,0,0,0.0199019901990199,0.0014001400140014,0,0.0008000800080008,0,0,0.0056005600560056,0.0531053105310531,0,0,0,0.0009000900090009,0,0,0.0009000900090009,0,0,0,0,0.0001000100010001,0.0032003200320032,0.0003000300030003,0,0,0.0002000200020002,0.0007000700070007,0,0,0,0,0,0.0001000100010001,0.0001000100010001,0.0181018101810181,0.0023002300230023,0,0,0,0,0,0,0,0,0.0003000300030003,0,0.0058005800580058,0.0041004100410041,0,0,0,0,0,0,0.0022002200220022,0,0,0.0012001200120012,0,0,0.0067006700670067,0,0,0.0079007900790079,0,0,0,0,0,0,0,0,0,0,0.0011001100110011,0,0,0,0,0,0,0,0,0,0.0007000700070007,0,0,0,0,0.0068006800680068,0,0,0,0.0001000100010001,0,0,0,0,0.0253025302530253,0.0024002400240024,0,0,0.0849084908490849,0,0,0,0,0,0.0012001200120012,0.318431843184318,0,0,0.0356035603560356,0,0,0.0013001300130013,0,0,0,0.0039003900390039,0,0,0,0,0,0,0,0,0,0.0138013801380138,0
0.0002999400119976,0,0,0,0,0,0,0,0,0,0,0,0,0,0.00739852029594081,0,0.011497700459908,0,0,0,0,0.00639872025594881,0.00429914017196561,0,0,0.0929814037192561,0,0,0,0.00679864027194561,0,0,0,0,0,0,0,0,0,0,0,0,0,0,0,0,0,0,0.0012997400519896,0,0.0002999400119976,0,0,0.000799840031993601,0,0,0,0,0,0,0.0012997400519896,0,0,0,0,0,0,0,0,0,0.00359928014397121,0,0,0,0,0,0,0.0001999600079984,9.99800039992002e-05,0,0,0,0.0639872025594881,0,0,0.0022995400919816,0,0,0,0,0,0.000699860027994401,0.00499900019996001,0,0,0,0,0,0,0,0,0,0,0,0,0,0,0.0729854029194161,0,0.0132973405318936,0,0,0.00659868026394721,0,0,0.01749650069986,0.00839832033593281,0,0,9.99800039992002e-05,0.000799840031993601,0,0,0,0.0255948810237952,0,0,0,0,0,0.0271945610877824,0,9.99800039992002e-05,0,0.000699860027994401,0,0.153469306138772,0,0,0,0,0,0,0,0,0,0,0,0,0,0,0,0.00619876024795041,0,0,0,0,0,0,0,0,0,0,0,0.0001999600079984,0,0,0,0,0.000399920015996801,0,0,0.000599880023995201,0,9.99800039992002e-05,0,0,0.00889822035592881,0,0,0.00969806038792242,0,0,0.0232953409318136,0,0,0,0,0,0,0.0302939412117576,0,0,0,0,0,0,0,0,0,0,0,0,0.00739852029594081,0,0,0,0,0,0,0,0,0,0,0,0,0,0.001999600079984,0.0240951809638072,0,0,0,0,0,0.00599880023995201,0,0,0,0,0,0,0,0,0,0,0,0,0,0,0,0,0,9.99800039992002e-05,0,0.00389922015596881,0,0,0,0,0,0,0,0.0031993601279744,9.99800039992002e-05,0.001999600079984,0.00369926014797041,0,0,0,0,0,0,0,0,0,0,0,0,0,0.0013997200559888,0,0,0,0.000499900019996001,0,0,0,0,0,0.241851629674065,0,0.000899820035992801,0.0753849230153969,0,0,0,0,0,0,0.0117976404719056,0,0,0,0,0,0,0,0,0,0,0
0,0,0,0.0017996400719856,0.0018996200759848,0,0.0001999600079984,0.0030993801239752,0,0.001999600079984,0.0001999600079984,0,0,0,0,0,0,0,9.99800039992002e-05,0,0.00629874025194961,0.00419916016796641,0.0010997800439912,0,0,0,9.99800039992002e-05,0,0.0025994801039792,0,0.0116976604679064,0,0,0.00449910017996401,0.0012997400519896,0,0,0.0348930213957209,0,0,0,0,0,0,0.000699860027994401,0,0,9.99800039992002e-05,0,0,0,0,0,0.0015996800639872,0,0,0,0,0,0.0022995400919816,0.000999800039992002,0.0012997400519896,0,0.000999800039992002,0,0.001999600079984,0.000599880023995201,0,0.0002999400119976,0.00709858028394321,0.00419916016796641,0.0001999600079984,0,9.99800039992002e-05,0,0,0,0,0.021995600879824,0.000499900019996001,0.00549890021995601,0.0002999400119976,0.020495900819836,0.000399920015996801,0,0,0,0,0,0.00669866026794641,0.0001999600079984,0,0,0,0,0,0,0,0.00409918016396721,0,0,0.0016996600679864,0.0002999400119976,0,0,0,0.0590881823635273,9.99800039992002e-05,0,0.015496900619876,0.0020995800839832,0,0.002999400119976,0.00519896020795841,0,0.00899820035992801,0,0,0,0,0.000999800039992002,0,0,9.99800039992002e-05,0.002999400119976,0.00519896020795841,0,0,0.0001999600079984,0,0,0.00549890021995601,9.99800039992002e-05,0,0.000899820035992801,0.0015996800639872,0.00689862027594481,0,0,0,0,0,0.00499900019996001,0.0010997800439912,0,0,0.0026994601079784,0.00529894021195761,0.001499700059988,0,0,0.0018996200759848,0,0,9.99800039992002e-05,0,0,0.0018996200759848,0,0.0010997800439912,0,0,0.00909818036392721,0.24375124975005,0,0,0.0022995400919816,0,0,0,0,0,9.99800039992002e-05,0,0.0026994601079784,0,0,0,0.00539892021595681,0.0030993801239752,0.00519896020795841,0,0,0.0025994801039792,0.00429914017196561,0,0,0,0,0,9.99800039992002e-05,0.00469906018796241,0.000399920015996801,0.000799840031993601,0,0,0.0027994401119776,0,0,0,0,0.0013997200559888,0,0.0002999400119976,0.0255948810237952,0.00329934013197361,0,0,0,0.0017996400719856,0.00819836032793441,0,9.99800039992002e-05,0,0.000399920015996801,0.001999600079984,0.0022995400919816,0.0211957608478304,0,0,9.99800039992002e-05,0.00779844031193761,0.00679864027194561,0.00849830033993201,0.00419916016796641,0.0010997800439912,0.000499900019996001,0,0.0151969606078784,0,0,0.000699860027994401,0,0.0116976604679064,0,0,0.000399920015996801,0,0,0,0,0,0,0,0.000799840031993601,0.00709858028394321,0,0,0,0,0,0,0.00369926014797041,0,0.0012997400519896,0.0027994401119776,0,0,9.99800039992002e-05,0.000899820035992801,0,0,0,0,0,0,0,0,0.0026994601079784,0.00429914017196561,0,0,0.0293941211757648,0,0,0,0,0,0,0.201859628074385,0,0,0.0151969606078784,0,0,0,0,0,0,0.00789842031593681,0,0,0,0,0.0010997800439912,0,0,0.000599880023995201,0,0.00959808038392321,0
0,0,0,0,0,0,0.00479712172696382,0,0,0,0,0,0,0,0.0407755346791925,0,0.00759544273435938,0,0,0,0,0.00589646212272636,0,0,0,0.279032580451729,0,0,0.00179892064761143,0,0,0,0,0.00279832100739556,0,0,0,0.00149910053967619,0,0,0,0,0,0,0,0.00179892064761143,0,0,0,0,0,0,0,0,0.000599640215870478,9.9940035978413e-05,0,0,0,0,0,9.9940035978413e-05,0,0,0,9.9940035978413e-05,0,0,0,0,0.00149910053967619,0,0,0,0.0492704377373576,0,0,0,0,0.00179892064761143,0,0,0.000499700179892065,0,0,0.00419748151109334,0,0,0,0.00319808115130921,0,0.000899460323805717,0,0,0,0,0,0,0.00499700179892065,0,0,0,0,0,9.9940035978413e-05,0,0.00269838097141715,0.0858484909054567,0,0,0,0,0,0.000999400359784129,0,0,0,0,0.00609634219468319,0,0,0,0,0,0.0103937637417549,0,0.00839496302218669,0,0,0,9.9940035978413e-05,9.9940035978413e-05,0,0,0,9.9940035978413e-05,0.0448730761543074,0,0,0,0.0265840495702578,0,0,0,0,0,0.000999400359784129,0,0,0,0.000599640215870478,0,0,0,0,0,0,0,0,0.00479712172696382,0,0,0,9.9940035978413e-05,0,0,0.000499700179892065,0,0,0,0.00109934039576254,0,0,0,0,0,0,0,0.0187887267639416,0,0,0,0,0,0.00129922046771937,0,0,0,0,0,0,0.00499700179892065,0,0,0,0,0,0.000199880071956826,0,0,0,0,0,0.0316809914051569,0,0.013791724965021,0,0,9.9940035978413e-05,0,0,0,0.00329802118728763,0,0,0,0.000299820107935239,0.00209874075554667,0,9.9940035978413e-05,0,0.0022986208275035,0,0,0,0,0,0,0.000199880071956826,0.00109934039576254,0.000299820107935239,0,0,0.176893863681791,0,0,9.9940035978413e-05,0,0.000199880071956826,0,0,0,0,0,0,0,0,0,0,0,0,0,0.000199880071956826,0,0.000499700179892065,0.0290825504697182,0,0,0,0,0,0,0,0.00109934039576254,0,0,0,0,0,0.0022986208275035,0,0,0.022986208275035,0,0,0,0,0,0.000799520287827304,0.0291824905056966,0,0,0.0106935838496902,0,0,0,0,0,0,0.0022986208275035,0,0,0,0,0,0,0.00969418348990606,0,0,0.0257845292824305,0
0,0,0,0,0,0,9.9930048965724e-05,0,0,0,0,0,0,0,0.000899370440691516,0,0.00179874088138303,0,0,0,0,0.0111921654841611,0,0.000399720195862896,0,0.0163885280303787,0,0,0.00169881083241731,0.00119916058758869,0,0.0382732087538723,0,0.0154891575896872,0,0,0,0,0,9.9930048965724e-05,0,0,0,0.0102927950434696,0,0.0177875487158989,0,0,0,0,9.9930048965724e-05,0,0,0,0,0,0,0.000299790146897172,0,0,0,9.9930048965724e-05,0,0,0,0,0.00589587288897772,0,0,0,0,0,0,0,0,0,0,0,0,0.0125911861696812,0,0,0.0221844708703907,0,0,0,0.00049965024482862,0,0,0,0,0.000199860097931448,0.00049965024482862,0,0,0,0.000799440391725792,9.9930048965724e-05,0,0,0,0.00199860097931448,0,0,0,0,0,0.0471669831118217,0.0206855201359049,0,0,0,0,0.00449685220345758,0,0,0,0,0.0265813930248826,0,0,0,0,9.9930048965724e-05,0.0297791545917858,0,0,0,0,0,0.0186869191565904,0,0,0,0,0,0.00899370440691516,0.00239832117517738,0,0,0.000299790146897172,0,0,0,0,0,0,0,0,0.00049965024482862,0,0.00329769161586889,0,0,0,0.00139902068552014,0,0,0,0,0,0,0,0,0,0,0,9.9930048965724e-05,0,0,0,0,9.9930048965724e-05,0,0,0,0,0,0,0,0.0105925851903667,0,0,0.00169881083241731,0,0,0,0,0,0,0,0.0070950334765664,0.000199860097931448,0,0,9.9930048965724e-05,0,0,0,0,0,0,0,0,0.120015988807835,0.00379734186069751,0,0,9.9930048965724e-05,0.00259818127310882,0,0,0,0,0,0,0,0,0.000299790146897172,0,0.00359748176276606,0,0,0,0.002897971420006,0,0,0.000699510342760068,0,0,0.016288597981413,0,0,0,0,0,0,0,0,0.000299790146897172,0,0,0,0,0.00119916058758869,0,0.00159888078345158,0,0,0,0,0,0,9.9930048965724e-05,0,0.00049965024482862,0.000199860097931448,0,0,0,0,0,0,0,0.000199860097931448,0,0,0,0,0.0243829319476367,0,0,0.0424702708104327,0,0,0,9.9930048965724e-05,0,0.00669531328070351,0.282502248426102,0,0.0418706905166384,0.053962226441491,0,0,9.9930048965724e-05,0,0.000299790146897172,0,0.0156890176876187,0,0,0,0,0.0204856600379734,0,0,0,0,0.0118916758269212,0
0,0,0,0,0,0,9.99700089973008e-05,0,0,0,0,0,0,0,0.00319904028791363,0.000299910026991902,9.99700089973008e-05,0,0,0,0,0.000799760071978406,0,0.00319904028791363,0,0,0,0,0.00149955013495951,0.00109967009897031,0.00299910026991902,0,0,0.00939718084574628,0,0,0,0,0,0,0,0,0,0,0,0.0121963410976707,0,9.99700089973008e-05,0,0,0,0,0,0,0,0,0.000499850044986504,0,0,0.00989703089073278,0,0,0,0,0,0,0,0,0,0,0,0,0,0,0,0,0,0,0,0,0,0,0.000699790062981106,0,0,0.00349895031490553,0.000699790062981106,0,0,0,0,0,0.0146955913226032,0,0,0.00159952014395681,0.000299910026991902,0,0,0,0,0.00699790062981106,0,0,0,0,0,0.0372888133559932,0,0,0,0,0.00139958012596221,0,0,0,0,0,0.000399880035989203,0.00979706088173548,0,0,0,0,0.00379886034189743,0,0,0,0,0,0,0.0203938818354494,0,0,0,0,0.0393881835449365,0,0,0.000599820053983805,0.0371888433469959,0,0,0,0,0.0897730680795761,0.00459862041387584,0,0,0,0.000399880035989203,0,0,0,0,0,0.00379886034189743,0,0,0,0.00199940017994602,0,0,0,0,0,0,0,0,0,0.000499850044986504,0,0.00709787063880836,0,0.00109967009897031,0,0,0,0,0,0,0,0,0,0.000199940017994602,0,0,0,0,0,0.000399880035989203,0.000899730080975707,0.000199940017994602,0,0,0,0,0,0,0,0,0,0,0,0,0.00459862041387584,0,0,0.000299910026991902,0,0.000599820053983805,0,0,0,0.000199940017994602,0,0,0,0.000199940017994602,0,9.99700089973008e-05,0,0,0,0,0,0,0,0,0,0.000399880035989203,0,0,0.0241927421773468,0,0,0,0,0,0.000999700089973008,0,0,0,0,0.000799760071978406,0,0,0,0,0,0,0,0,0,0,0.000699790062981106,0,0,0,0.000499850044986504,0.000599820053983805,0,0,0.00119964010796761,0.00339898030590823,0,0,0,0,0.408277516744977,0,0,0.0217934619614116,0,0,0,0,0,0,0.18594421673498,0,0,0.00139958012596221,0,0,0,0,0.000799760071978406,0,0,0,0,0,0,0,0,0.00639808057582725,0,0,0.00149955013495951,0
0,0,0,0,0,0,0,0,0,0,0,0,0,0,0.000599820053983805,0,0,0,0,0,0.00149955013495951,0.00289913026092172,0,0,9.99700089973008e-05,0.477656702989103,0,0,0,0,0.00829751074677597,0,0,0,0,0,9.99700089973008e-05,0.012296311106668,9.99700089973008e-05,0,0,0,0,0,0,0,0,0,0,0,0,0,0,0,0,0.00149955013495951,0,0,0,0.00719784064780566,9.99700089973008e-05,0,0,0,0,0,0.0219934019794062,0,0,0,0,0,0,0.000199940017994602,0,0,0,0,9.99700089973008e-05,0.011296611016695,0,0,0.00979706088173548,0,0,9.99700089973008e-05,0,0,0,0.00109967009897031,0,0.000799760071978406,0,0,0,9.99700089973008e-05,0,0,0,0,0,0,0,0,0,0,0,0.0776766969909027,0,0.00739778066580026,0,0,0,0.0227931620513846,0,0,0,0.000299910026991902,0.029591122663201,0,0,0,0,9.99700089973008e-05,0.00279916025192442,0,0,0,0,0,0,0.00209937018894332,0,0,9.99700089973008e-05,0,0.000199940017994602,0,0,0,0.00529841047685694,0,0,0,0,0,0,0.000699790062981106,0,0,0.00229931020693792,0,0,0,0,0,0,0,0,0,0,0,0,0.119564130760772,0,0,0,0,0,0,0,0,0,0,0,0,0,0,0.00779766070178946,0,0,0,0,0,0,0,0,0.0181945416375087,0,0,0,0,0.000299910026991902,0,0,0,0,0,0,0,0,0,0,0,0,0.00829751074677597,0,0,9.99700089973008e-05,0.00139958012596221,0,0.00589823053084075,0,0.000799760071978406,0.000399880035989203,9.99700089973008e-05,0.015295411376587,0,0.0134959512146356,0,0,0.00399880035989203,0,0.00149955013495951,0,0,0,0,0.00309907027891633,0,0,0,0,0.0420873737878636,0,0,0,0,0,0,0,0,0,0,0.000499850044986504,0.00349895031490553,0,0,0,0,0,0,0,0,0.00289913026092172,0.00489853044086774,0,0,0,0,0.000299910026991902,0,0,0.000799760071978406,0,0,0,0,0,0.00169949015295411,0,0,0.00869739078276517,0,0,0,0,0,0,0.000899730080975707,0,0,0.00939718084574628,0,0,0,0,0.00409877036888933,0,0,0,0,0,0,0,9.99700089973008e-05,0.000499850044986504,0,0,0.0101969409177247,0
0.00599760095961615,0,0,0,0.00039984006397441,0,0,0,0,0,0,0,0,0,0,0,0.0109956017592963,0,0,0,0,0.00739704118352659,0,0,0,0.0619752099160336,0,0,0.0119952019192323,0,0.0191923230707717,0,0,0.0232906837265094,0,0,0,0.00249900039984006,0.00189924030387845,0,0.00039984006397441,0,0,0,0,0,0,0,0.00339864054378249,0.00039984006397441,0,0,0.000299880047980808,0.00119952019192323,0,0,0.00079968012794882,0.00409836065573771,0,0.0390843662534986,0.00079968012794882,0,0,0,0,0,0.0196921231507397,0,0,0,0.00249900039984006,0,0,0,0,0,0.000299880047980808,0,0,0.00569772091163535,0.00289884046381447,0,0.0209916033586565,0.000699720111955218,0,0,0,0,0.000599760095961615,0,0,0,0.00439824070371851,0,0,0,0,0,0,0,0,0,0.000199920031987205,0.00169932027189124,0,0.00179928028788485,0,0.174130347860856,0.0037984806077569,0.00589764094362255,0,0,0,0,0,0.0506797281087565,0,0,0,0,0.000199920031987205,0,0,0,0,0,0,0,9.99600159936026e-05,0,0.00039984006397441,9.99600159936026e-05,0,9.99600159936026e-05,0,0,0.00319872051179528,0.00839664134346262,0.00199920031987205,0,0.00819672131147541,0,0,0,0,0,0.00479808076769292,0,0,0,0,0.000499800079968013,0,0,0,0,0,0,0,0.00319872051179528,0,0,0,9.99600159936026e-05,0,0,0.0037984806077569,0,0,0,0.000599760095961615,0,0,0,0,0,0,0.000199920031987205,0.0193922431027589,0,0.0303878448620552,0.00249900039984006,0.000999600159936026,0,0,0,0,0,0,0,0.00409836065573771,0,9.99600159936026e-05,0,0.0204918032786885,0,0.00439824070371851,0,0,0,0,0,9.99600159936026e-05,0.0430827668932427,0.0191923230707717,0.0413834466213515,0,0,0,0.00109956017592963,0,0,0,0.000299880047980808,0,0,0.00739704118352659,0.00129948020791683,0,0,0.0126949220311875,0.00509796081567373,0,0.00119952019192323,0.00319872051179528,9.99600159936026e-05,0,0,0.00199920031987205,0.00239904038384646,0,0,0,0.00819672131147541,0,0,0,0,0,0,0,0,0,0,0.0343862455017993,0.03218712514994,0,0,0,0,0,0,9.99600159936026e-05,0.00369852059176329,0.000199920031987205,0.00169932027189124,0,0,0,0,0.00079968012794882,0,0,0.00039984006397441,0,0,0,0,0,0.0200919632147141,0,0,0.0681727309076369,0.00039984006397441,0,0,0,0,0.00039984006397441,0.0293882447021192,0,0,0.0487804878048781,0,0,0,0,0.000199920031987205,0,0,0,0,0,0,0,0,0,0,0,0,0
0,0,0,0,0,0,0.0183816183816184,0,0,0.0033966033966034,9.99000999000999e-05,0,0,0,0,0,0,0,0,0,0,0.0035964035964036,0.0037962037962038,0.000899100899100899,0,0.25954045954046,0,0,0.0032967032967033,0,0.00719280719280719,0,0.0002997002997003,0.00719280719280719,0,0.0026973026973027,0.000699300699300699,0.0003996003996004,0,0,0,0,0,0.0017982017982018,0,0.00699300699300699,0,9.99000999000999e-05,9.99000999000999e-05,0,0,0,0,0,0,0,0,0,0,0.0013986013986014,0,0,0,9.99000999000999e-05,0,0,0.0027972027972028,0,0,0,0,0,0.0001998001998002,9.99000999000999e-05,0,0,0,0,0,0.0002997002997003,0.0004995004995005,9.99000999000999e-05,0.000999000999000999,0,9.99000999000999e-05,0.0003996003996004,0,9.99000999000999e-05,0,0.0001998001998002,0,0.0038961038961039,0.0128871128871129,0.0002997002997003,0,0.0205794205794206,0,9.99000999000999e-05,0.00599400599400599,0,0,0,0,0.0001998001998002,0.0001998001998002,0.0012987012987013,9.99000999000999e-05,0.0017982017982018,0,0.0123876123876124,0,0.0020979020979021,0,0,0,0.0152847152847153,0,0,0,0,0,0,0,9.99000999000999e-05,0.0024975024975025,0,0,0,9.99000999000999e-05,0,0,0,0,9.99000999000999e-05,9.99000999000999e-05,0,0.105294705294705,0.0035964035964036,0,0,0,0,0,0,0,0,0,0.002997002997003,0,0,9.99000999000999e-05,0.004995004995005,0,0,0.0050949050949051,0,0,0,0,0.00989010989010989,0,0,0.00549450549450549,0,0,0,0,0,0,0,0,0,9.99000999000999e-05,0,0.0048951048951049,0,0,0.0001998001998002,0.0022977022977023,0,0.0324675324675325,0.0004995004995005,0,0,0,0,0.0035964035964036,0,0,0,0,9.99000999000999e-05,0,0,0,0.0026973026973027,0.00569430569430569,0,0,0,0,0,0,9.99000999000999e-05,0.194605394605395,0.0002997002997003,0,0,0,0.0018981018981019,0,0,0,0,0.0002997002997003,0,0.00569430569430569,9.99000999000999e-05,0.0001998001998002,0,0.0001998001998002,0.000699300699300699,0,0,0,0,0,0,0,0.0003996003996004,0.0001998001998002,0.0002997002997003,0,0.0320679320679321,0,0,0,0,0,9.99000999000999e-05,0,0,0.00819180819180819,0,0.0010989010989011,0,0,0,0,0,9.99000999000999e-05,0,0,0,9.99000999000999e-05,9.99000999000999e-05,0,0,0.0010989010989011,0,0,0.0004995004995005,0,0,0,0,0,0,0,0.104095904095904,0,0.0001998001998002,0.00579420579420579,0,0,0,0,9.99000999000999e-05,0.0002997002997003,0.0155844155844156,0,0,0.0011988011988012,0,0,0,0,0,0.0011988011988012,0.000799200799200799,0.0100899100899101,0,0,0,0.00719280719280719,9.99000999000999e-05,0,0,0,0.00719280719280719,0
0,0,0,0,0,9.99600159936026e-05,0,0.00129948020791683,0,9.99600159936026e-05,0,0,9.99600159936026e-05,0.0396841263494602,0.00469812075169932,0,0,0,0,0.00039984006397441,0.00579768092762895,0,0,0,0,0.135945621751299,0,0,0.00639744102359056,0.00159936025589764,0.0236905237904838,0,0,0.00419832067173131,0,0,0.000299880047980808,0.0634746101559376,0,0,0,0.000199920031987205,0,0.00689724110355858,0,0,0,0,0.000299880047980808,0,0.00199920031987205,0,0,0,0,0,0,0,0,0.0607756897241104,0,0.00479808076769292,0,0,0,0,0.00609756097560976,0,0,0,0.00759696121551379,0,0,0.000299880047980808,0,0,0.000199920031987205,9.99600159936026e-05,0,0,0.00119952019192323,0,0.00169932027189124,0,0,0,0.0037984806077569,0,0,0.00829668132746901,0,0.00169932027189124,0.000499800079968013,0,0,0.000299880047980808,0,0,0,0.0076969212315074,0,0,0,0,0,0.00079968012794882,0.024390243902439,0.00659736105557777,0,0,0,0,0,0.00219912035185926,0,0,0,0,0.0176929228308677,0,0,0,0,9.99600159936026e-05,0.00859656137544982,0,0,0,0,0,0.0111955217912835,0.00529788084766094,0,0,0,0,0.00189924030387845,0,0,0,0.00169932027189124,0,0,0,0,0,0.00249900039984006,0,0,0,0.00159936025589764,0.00159936025589764,0,0.000299880047980808,0,0,0.00139944022391044,0,0,0,0.00339864054378249,0,0,0,0,0,0,0,0,0.0195921631347461,0,0,0,0,0,0,0.00039984006397441,0.00829668132746901,0.0767692922830868,0,0,0,0,0,0,0,0,0,0,0,0,0.00889644142343063,9.99600159936026e-05,0.000699720111955218,0.0334866053578569,0,0,9.99600159936026e-05,0,0,0,0.00229908036785286,0,0,0,0,0,0,0,0.00149940023990404,0,0,0,0.00229908036785286,0,0,0.00719712115153938,0.00349860055977609,9.99600159936026e-05,0.00079968012794882,0.0303878448620552,0.00269892043182727,0,0,0,0,0,0,0.00239904038384646,0,0.00569772091163535,9.99600159936026e-05,0,9.99600159936026e-05,0,9.99600159936026e-05,0,0,0,0,0.00039984006397441,0,0,0,0,0,0,0,0,0,0,0,0.00199920031987205,0,0,0,0,0,0.00129948020791683,0,0.000599760095961615,0,0,0,0,0.000499800079968013,0,0,0,0.0133946421431427,0.0251899240303878,0.00229908036785286,0.00279888044782087,0,0,9.99600159936026e-05,0.00109956017592963,0,0,0.120451819272291,9.99600159936026e-05,0,0.0690723710515794,0,0,0,0,0,0.00439824070371851,0.0217912834866054,0,0,0,0,0,0,0.0273890443822471,0,0,0.00609756097560976,0
0,0,0,0.00870174034806961,0,0,0,0,0,0.0017003400680136,0,0,0,0,0,0,0,0,0,0.000400080016003201,0,0,0.001500300060012,0.0001000200040008,0.000600120024004801,0.0279055811162232,0,0,0.000700140028005601,0.000700140028005601,0,0,0,0.00630126025205041,0,0,0.0002000400080016,0.0106021204240848,0.0003000600120024,0,0,0,0,0,0,0.0159031806361272,0,0,0.0003000600120024,0.000500100020004001,0,0.00960192038407682,0,0,0,0,0,0.002000400080016,0,0,0.000400080016003201,0,0,0,0,0,0.0456091218243649,0,0.0019003800760152,0,0.0026005201040208,0,0.0001000200040008,0,0,0,0,0,0,0,0,0,0,0,0,0,0,0,0.0003000600120024,0.002000400080016,0.0002000400080016,0.0002000400080016,0.0001000200040008,0,0,0,0,0.0001000200040008,0.0018003600720144,0,0,0,0,0,0,0,0,0.00970194038807762,0.0023004600920184,0.0132026405281056,0,0,0,0,0,0.0136027205441088,0.0001000200040008,0,0,0,0,0,0.0021004200840168,0.0001000200040008,0.0019003800760152,0,0.000600120024004801,0,0,0,0.00350070014002801,0.00400080016003201,0,0.0001000200040008,0,0,0.00460092018403681,0.011502300460092,0,0,0.0023004600920184,0,0,0,0,0,0,0.0216043208641728,0,0,0,0.0003000600120024,0,0,0,0,0,0,0,0.000500100020004001,0,0,0.0206041208241648,0,0,0.000700140028005601,0.00810162032406481,0,0,0,0.00410082016403281,0.0028005601120224,0,0,0,0,0,0,0.00380076015203041,0,0.0158031606321264,0,0,0,0,0,0,0,0,0.00960192038407682,0,0.0703140628125625,0.0002000400080016,0,0,0,0.0024004800960192,0,0,0,0,0,0,0,0,0,0,0,0,0.0001000200040008,0,0,0,0,0.000400080016003201,0,0.00500100020004001,0,0.0351070214042809,0,0,0,0,0,0.0022004400880176,0,0,0,0,0.00940188037607522,0,0,0,0.00330066013202641,0,0,0,0,0,0,0,0,0,0,0.0024004800960192,0,0,0,0,0,0,0.0003000600120024,0,0,0.0016003200640128,0.0019003800760152,0.001000200040008,0,0.0017003400680136,0,0,0,0,0.000400080016003201,0.0001000200040008,0,0,0,0,0.0029005801160232,0,0,0.00780156031206241,0,0,0,0,0,0.0001000200040008,0.4749949989998,0,0.0206041208241648,0.0396079215843169,0,0,0,0,0,0.00390078015603121,0,0,0,0,0,0.0001000200040008,0,0.00740148029605921,0,0,0.00390078015603121,0
0,0,0,0.00319808115130921,0,9.9940035978413e-05,0.00439736158305017,0,0,0.00319808115130921,0,0,9.9940035978413e-05,0,0.000299820107935239,0.000199880071956826,0,0,0,0,0,0.0022986208275035,0.00299820107935239,0.00409754147511493,0,0.466120327803318,0,0,0.0202878273036178,0.000399760143913652,9.9940035978413e-05,0,0,0.00429742154707176,0,0,0,0,0.000299820107935239,0.00809514291425145,0,0,0,0,0,0.00959424345392764,0,0,0,0,0.000399760143913652,0,9.9940035978413e-05,0,0,0,0,0,0,0,9.9940035978413e-05,0,0,0,0,0,0.00269838097141715,0,0,0,0.00359784129522287,0.000199880071956826,0,0,0,0.00609634219468319,0,0,0,0,0.000699580251848891,0,0.00549670197881271,0,0,9.9940035978413e-05,0.00589646212272636,0,0,0.00289826104337398,0,0,0.00329802118728763,0,0,0,0,0,0,0,0,0,0,0,0,0,0,0.00829502298620828,0.00179892064761143,0,0,9.9940035978413e-05,0.000899460323805717,0.00169898061163302,0,0.0115930441734959,0.00109934039576254,0,0,0,0.000199880071956826,0,0,9.9940035978413e-05,0.00299820107935239,0,0,0,0,0,0.000799520287827304,0.000399760143913652,0,0,0,0,0.00359784129522287,0,0,0,9.9940035978413e-05,0,0,0.00149910053967619,0,0,0,0,0.00119928043174096,0,0,0.00449730161902858,0,0,0.000499700179892065,0,0,0,0,0.00719568259044573,0,0,0,0,0,0,0.00559664201479113,0,0,0.00149910053967619,0,0,0.00699580251848891,0,0,0,0,0.000199880071956826,0,0.000899460323805717,0.00129922046771937,0,0.00379772136717969,0,0,0,0,0,0,0,9.9940035978413e-05,0.0138916650009994,0,0,0,0,0.00239856086348191,0.000199880071956826,0,0.000499700179892065,0,0,0,0.000499700179892065,0,0.00149910053967619,0,0,0.000399760143913652,0.00129922046771937,0.000199880071956826,0,0,0,0.000499700179892065,0,0,0,0.0472716370177893,0,0,0,0,0,0.00399760143913652,0,0,0.00109934039576254,0.00169898061163302,0,0.00559664201479113,0,0,0.0147911253248051,0,0,0,0,0,9.9940035978413e-05,0,0,0,0,0.000299820107935239,0,0,0,0,0,0.000299820107935239,0,0.000499700179892065,0,0.000299820107935239,0.0152908255046972,0.000399760143913652,0,0,0,0,0,0,0,0.00349790125924445,0,0,0,0,0.000499700179892065,0.000199880071956826,0,0.0951429142514491,0.000199880071956826,0,0,0,0,0,0.0916450129922047,0,0,0.041375174895063,0,0,0.00189886068358985,0,0,0,0.000399760143913652,0,0,0,0,0.00189886068358985,0,0.00159904057565461,0,0,0.0179892064761143,0
0,0,0,0.000500150045013504,0,0,0.000100030009002701,0,0,0,0,0,0.000200060018005402,0,0.0104031209362809,0,0.000800240072021606,0,0,0,0,0,0.00100030009002701,0.000100030009002701,0,0.12333700110033,0,0,0.00290087026107832,0,0,0,0,0,0,0,0.000300090027008102,0.00120036010803241,0.000500150045013504,0.00190057017105132,0,0,0,0,0,0,0,0,0.00190057017105132,0,0,0.00110033009902971,0,0,0,0,0,0.000800240072021606,0,0,0,0,0.000100030009002701,0,0,0,0.0216064819445834,0,0,0,0.00660198059417825,0,0,0,0,0,0,0,0,0,0,0,0,0,0,0,0.0272081624487346,0,0.00120036010803241,0,0,0.000900270081024307,0.000300090027008102,0,0,0.0253075922776833,0,0.000100030009002701,0,0.000100030009002701,0,0,0,0,0,0,0,0.0578173452035611,0.00440132039611884,0.0269080724217265,0,0,0,0,0,0.0130039011703511,0,0,0.0150045013504051,0,0,0,0.00160048014404321,0.000200060018005402,0,0,0,0,0,0,0,0,0,0,0,0,0.00690207062118636,0.00440132039611884,0,0,0.000100030009002701,0.000500150045013504,0,0,0,0.0451135340602181,0,0,0,0.00140042012603781,0,0,0.000500150045013504,0,0,0,0,0,0,0,0.000600180054016205,0,0,0,0,0,0.00270081024307292,0.000300090027008102,0,0,0.000200060018005402,0.0479143743122937,0,0,0,0,0,0,0,0,0,0.000700210063018906,0,0.0149044713414024,0,0,0,0,0,0,0,0,0.000100030009002701,0,0,0.00200060018005402,0,0,0,0,0,0,0,0,0,0.000200060018005402,0,0,0,0,0,0,0,0,0,0,0.00710213063919176,0,0.000100030009002701,0,0.00550165049514854,0,0,0,0.00320096028808643,0,0,0.0337101130339102,0,0,0,0,0,0.00260078023407022,0,0,0,0,0,0,0,0,0,0,0.000500150045013504,0.00990297089126738,0,0,0,0,0,0,0,0,0,0,0.000800240072021606,0,0,0,0,0,0,0.000100030009002701,0,0,0,0,0,0.00100030009002701,0,0,0.0255076522956887,0,0.000100030009002701,0,0,0,0.000200060018005402,0.390517155146544,0,0.000100030009002701,0.0397119135740722,0,0.000100030009002701,0,0,0,0,0,0,0,0,0,0,0,0.000100030009002701,0,0,0.00120036010803241,0
0,0,0,0,0,0,0.0002000200020002,0,0,0,0,0,0,0.0197019701970197,0,0,0,0,0,0,0,0.0016001600160016,0,0,0,0.147114711471147,0,0,0,0,0.0101010101010101,0,0,0,0,0,0.0017001700170017,0,0,0.0001000100010001,0,0,0.0048004800480048,0,0,0.0008000800080008,0,0,0,0,0,0,0,0,0.0001000100010001,0,0,0,0,0.0124012401240124,0,0.0027002700270027,0,0,0,0,0.0228022802280228,0,0,0.0088008800880088,0.0008000800080008,0,0,0,0,0,0,0,0,0.001000100010001,0,0,0.0291029102910291,0,0.009000900090009,0,0,0,0,0,0,0,0,0,0,0,0,0,0.0021002100210021,0,0,0,0,0,0.0002000200020002,0,0,0.362236223622362,0,0,0,0,0,0.0142014201420142,0,0,0,0,0.0129012901290129,0,0,0,0,0,0.0053005300530053,0,0,0,0,0,0,0.003000300030003,0,0,0,0,0,0,0,0,0,0,0,0,0,0,0,0,0,0,0.0006000600060006,0,0,0,0,0,0,0,0,0.0024002400240024,0,0,0,0.0016001600160016,0,0,0,0,0,0,0,0,0,0,0,0,0,0.0003000300030003,0.0309030903090309,0,0,0,0,0,0.0006000600060006,0,0,0,0,0,0,0.0022002200220022,0,0,0,0,0,0,0,0,0,0,0,0.0414041404140414,0,0.0006000600060006,0,0,0,0,0,0,0,0,0.0009000900090009,0,0.0055005500550055,0,0.0001000100010001,0,0,0.0061006100610061,0,0,0,0,0,0,0.0047004700470047,0,0.0044004400440044,0,0,0.0619061906190619,0,0,0.0034003400340034,0,0,0,0,0,0,0,0,0,0,0,0,0,0,0,0,0,0.0024002400240024,0,0,0,0.0004000400040004,0,0,0,0,0.0001000100010001,0,0,0,0,0,0.0209020902090209,0,0,0.0122012201220122,0,0,0,0,0,0.0003000300030003,0.116311631163116,0,0,0,0,0,0,0,0,0,0.0005000500050005,0,0,0,0,0.0021002100210021,0,0.0002000200020002,0,0,0.0042004200420042,0
0,0,0,0,0,0,0.00479856043187044,0.00919724082775168,0,0.000899730080975707,0,0,0.000699790062981106,0.0173947815655303,9.99700089973008e-05,0.000599820053983805,0.00659802059382185,0,0,0,0,0,0.00199940017994602,0.000699790062981106,0,0.0577826652004399,0,0,0.0291912426272118,0,0,0,0,0.0113965810256923,0,0,0,0,0,0,0,0,0,0,0.000299910026991902,0,0,0,0.000199940017994602,0,0,0,0,0,0,0,0.000499850044986504,0.00139958012596221,0,0.0247925622313306,0,0,0.000699790062981106,9.99700089973008e-05,0,0,0.0105968209537139,0,0,0,0,0,0,0,0,0,0,0,0,0,0,0,0.0217934619614116,0,0,0,0.0486853943816855,0.000199940017994602,0.000699790062981106,0.0105968209537139,0,0.00129961011696491,0.0103968809357193,0,0,0.000299910026991902,0,0,0,0,0,0.00239928021593522,0,0,0,0,0,0.0889733080075977,0,0,0,0,9.99700089973008e-05,0.0168949315205438,0,0.042887133859842,0,0,0,0,0,0,0.00209937018894332,9.99700089973008e-05,0.0181945416375087,0,0,0,0,0,0,0.0218934319704089,0,0.0204938518444467,0,0,0.00259922023392982,0.00189943017094872,9.99700089973008e-05,0,0.000299910026991902,0.000199940017994602,0,0,0,0,0,0,0,0,0,0.00109967009897031,0,0,0,0,0,0,0,0,0,0,0,0,0,0,0.00239928021593522,0,0,0,0,0,0,0,0,0,0,0,0.0211936419074278,0,0,0,0.000699790062981106,0.0110966709987004,0,0,0,0,0,0.000399880035989203,0,0,0.024592622213336,0,0,9.99700089973008e-05,0.0242927121863441,0,0,0.0660801759472158,0,0,0,0,0,0,0,0,0,0.00949715085474358,0,0,0,0,0,0,0.00239928021593522,0,0.0253923822853144,0,0.000799760071978406,0,0,0,0.00109967009897031,0.000699790062981106,0,0.0218934319704089,0,0,0,0,0,0.0231930420873738,0,0,0,0,0,0,0,0,0,0,0.000299910026991902,0,0,0,0,0,0.0129961011696491,0,0,0,0,9.99700089973008e-05,0,0,0,0,0,0,0,0,0,0,0,0,0,9.99700089973008e-05,0,0,0.0111966410076977,9.99700089973008e-05,0.00209937018894332,0,0,0,0,0.210236928921324,0,0,0.0232930120963711,0,0,0,0,0.000199940017994602,0,0,0,0,0,0,0,0,0.00359892032390283,0,0,0.00579826052184345,0
0,0,0,0.000698951572641038,0,9.98502246630055e-05,0,9.98502246630055e-05,0.00778831752371443,0.000898652021967049,9.98502246630055e-05,9.98502246630055e-05,0.000199700449326011,9.98502246630055e-05,0.00738891662506241,0,0,0,9.98502246630055e-05,0,0.00109835247129306,0.00139790314528208,0.0017973040439341,0,0.000199700449326011,0.124513230154768,0.000199700449326011,0,0.000199700449326011,0.000998502246630055,9.98502246630055e-05,0,9.98502246630055e-05,0.00479281078382426,0,0,0,0.000698951572641038,0,0,0,0,0,0.0018971542685971,0,0.000399400898652022,0,0.000199700449326011,0.000798801797304044,0.000199700449326011,0.000199700449326011,0,0,0,0,0,0,0,0,9.98502246630055e-05,0.000199700449326011,0.000898652021967049,0,0,0,0.000199700449326011,0.00289565651522716,0,9.98502246630055e-05,0,0.00109835247129306,0,9.98502246630055e-05,0.000199700449326011,0,0,0,0,0,0.000199700449326011,0.000399400898652022,0,0.0054917623564653,9.98502246630055e-05,0.000898652021967049,0,0,0.0347478781827259,0,0.000798801797304044,0,0,0.00329505741387918,0.00289565651522716,0,0,0,0,0.000399400898652022,0,0,0,0,9.98502246630055e-05,0.000299550673989016,0,0.00289565651522716,0.355566650024963,0,0.0325511732401398,0,9.98502246630055e-05,0,9.98502246630055e-05,0,0,0,0.000698951572641038,0.0159760359460809,0,0,0,0,9.98502246630055e-05,0.00649026460309536,0,0,0,0,0.0053919121318023,0.000698951572641038,9.98502246630055e-05,0,0,0,0.00209685471792312,0.0136794807788318,0,0,0,0.0285571642536196,0,0,0,0,0,0.000299550673989016,0.000399400898652022,0,0,9.98502246630055e-05,0.0018971542685971,0,0,0,0,0,0,0,0.00119820269595607,0,0,9.98502246630055e-05,9.98502246630055e-05,0,0,0,0,0,0,0,0,9.98502246630055e-05,0,0,0,0,9.98502246630055e-05,0,9.98502246630055e-05,0.000199700449326011,0,0,0,0.000599101347978033,0,0,0,0.000798801797304044,0,0,0.000299550673989016,9.98502246630055e-05,0,0.00149775336994508,0,0,0,0,0,0.0113829256115826,0,0,0,0,0.00169745381927109,0,0,0,9.98502246630055e-05,0,0,0,0.000199700449326011,0.000399400898652022,0,0.00479281078382426,9.98502246630055e-05,0.0310534198701947,0,0,0,0,0,0,0,0,0,0.00129805292061907,0,0.000798801797304044,0,0,0.00938592111832252,0,0,0,0,9.98502246630055e-05,0,0.000199700449326011,0,0,0,0,0,0,9.98502246630055e-05,0,0,0.00149775336994508,0.000199700449326011,0.00129805292061907,0,0.000499251123315027,0.00269595606590115,0.000998502246630055,0,0.000698951572641038,0.000399400898652022,9.98502246630055e-05,0,0,9.98502246630055e-05,9.98502246630055e-05,0,0,0.0120818771842237,0,0.149276085871193,9.98502246630055e-05,0.00119820269595607,0.00469296055916126,0,0,0,0,0.000199700449326011,0,0.0578132800798802,9.98502246630055e-05,0,0.00569146280579131,0,0,0,9.98502246630055e-05,9.98502246630055e-05,0,0.000399400898652022,0,0,9.98502246630055e-05,0,0.00219670494258612,0,0.0018971542685971,0.00399400898652022,0,0.00419370943584623,0
0,7e-04,0,0,0,0,3e-04,0,0,0.0024,0,0,0,0,0.0029,0,0.0161,0,0,0.0045,5e-04,0,0.0016,0,0,0.0502,0,0,0.0012,0.0354,0,0,0,0.0221,0,0,0,0.0126,0,0,0,0,0,0,0,6e-04,0,0,0,0.0064,0,0,0,0,0,0,0,0.002,0,0,0.0011,3e-04,0,0,0,0,0.0276,0,0,0,0,0,0,2e-04,0,0,0,0,0,0,0,0,0,0,0,3e-04,0,1e-04,0,9e-04,0,0.0022,0.0086,0,0,0.005,0,0,0,0,0,0.0013,0,0,4e-04,0,0,0.215,0.0016,0.0087,0,0,0,0.0084,0,0.0446,3e-04,0,0.0479,1e-04,0,0,0,2e-04,0.0044,0,0,0,8e-04,0,0.0034,3e-04,0,0,0,0,0.0615,0,0,0,0,5e-04,0,0,0,0,0,0,0,0,0,4e-04,3e-04,0,0,0,0,2e-04,0,0.003,0,0,0,0,1e-04,0,0.0071,0,0,0,0,0.0427,1e-04,0,0,0,0,0,0,0,0.0817,0,0.0015,0.0276,0,0,0,0,0,8e-04,0,0.0067,0,0,0,9e-04,0.0012,0,0,0.001,0,9e-04,0,0,0,0.0031,0,0,0,0.0012,0,0,0,0,0,0,0,0,0,0,0.0084,0,0,0,0.0025,0,0,0.0763,0.0036,0,3e-04,0,0,7e-04,0,0,0,0,0,0,0,0,0,0,0,0,0,0,0,0,0,0,0,0,0,0.0033,0,0,0,0.0099,0,0,0,0,0,0,0,0,0,0.029,1e-04,0.0082,0.0103,0.038,0,0,0,0,0,0.0033,0,0,0.0185,0,0,0,0,0,0,0,0,0,0,0,0,0,5e-04,0,0,0.0014,0
0.000499750124937531,0,0,0.000599700149925037,0,0,0,0,0,0.00469765117441279,0,0,9.99500249875062e-05,0,0.000699650174912544,0,0.00919540229885057,0,0,9.99500249875062e-05,0,0.00469765117441279,0,0,0.00079960019990005,0.144427786106947,0,0,0.000999500249875062,0.000499750124937531,0.016791604197901,0,0,9.99500249875062e-05,0,0,0,0,0.000499750124937531,0.00419790104947526,0.000299850074962519,0,0,0,0,0,0,0,0.000699650174912544,0.000599700149925037,0,9.99500249875062e-05,0,0,0.00449775112443778,0,0,0.00109945027486257,0,0,0.00079960019990005,0,0,0,0,0,0,9.99500249875062e-05,0,0,0,0,0,0,0,0,0,0,0,0.00889555222388806,0.00559720139930035,0,0,0,0,0.000199900049975012,0,0,0.000299850074962519,0.0152923538230885,0,0,0.00149925037481259,0,0,0.00109945027486257,0,0,0,0.0112943528235882,0,0.000599700149925037,0.00249875062468766,0,0,0,0,0.00499750124937531,0.00269865067466267,0.00609695152423788,0,0,0,0.00429785107446277,0,0.0111944027986007,0.000199900049975012,0,0,0.00079960019990005,0.000899550224887556,0,0.0015992003998001,0,0.000599700149925037,0,0,0,0,0,0.0190904547726137,0,0,0,0,0,0.00499750124937531,0.0113943028485757,9.99500249875062e-05,0,0.000499750124937531,0,0,0,0,0,0.00589705147426287,0.00649675162418791,0,0.000299850074962519,0,0,0,0,9.99500249875062e-05,0.000399800099950025,0,0,0,0,0,0,0,0,0,0,0.00299850074962519,9.99500249875062e-05,0,0,0.0063968015992004,0.00189905047476262,0,0,0,0,0,0,0,0,0.0448775612193903,0,0,0,0,0,0,0,0,0,0,0.00909545227386307,9.99500249875062e-05,9.99500249875062e-05,0,0,0.0130934532733633,0.000599700149925037,0,0,0,0,0,0,9.99500249875062e-05,0.00549725137431284,0,0.00349825087456272,0.000299850074962519,0.000199900049975012,0,0,0,0.000299850074962519,0,0,0.0144927536231884,0,0.000599700149925037,0,0,0,0,0,0.00349825087456272,0,0,0.00139930034982509,0,0,0,0,0,0.242278860569715,0,0,0,0,0,0,0,0,0,0,0.00199900049975012,0.00409795102448776,0,0.000699650174912544,0,0,0,0,0,0,0,0.00569715142428786,0.00429785107446277,0,0.00129935032483758,0,0.00079960019990005,0,0,0.00279860069965018,0,0,0,0,0,0.00429785107446277,0,0,0.0169915042478761,0,0,0,0,0,9.99500249875062e-05,0.234282858570715,0,0,0.0124937531234383,0,0,0,0,0,0,0.00749625187406297,0,0,0,0,0.00739630184907546,0,0.000199900049975012,0,0,0.016591704147926,0
0.0003000300030003,0,0,0,0,0,0,0,0,0,0,0,0,0,0.0023002300230023,0,0,0,0,0,0.0004000400040004,0.0007000700070007,0,0,0,0.0906090609060906,0,0,0.0002000200020002,0.0044004400440044,0.0002000200020002,0,0,0.0094009400940094,0,0,0,0,0,0,0,0,0,0,0,0.0002000200020002,0.0323032303230323,0.002000200020002,0,0,0,0,0.0003000300030003,0,0,0,0,0,0,0.0047004700470047,0.0004000400040004,0,0,0,0,0,0.0036003600360036,0.0001000100010001,0,0,0.0043004300430043,0,0,0,0,0,0.0003000300030003,0,0,0.0001000100010001,0,0,0,0,0,0,0,0,0,0,0,0,0,0,0,0,0,0,0,0,0,0,0,0,0,0,0,0.0159015901590159,0,0,0,0.0096009600960096,0,0.0074007400740074,0,0.0003000300030003,0,0,0,0.0004000400040004,0,0,0,0,0.0103010301030103,0.0056005600560056,0,0,0.0005000500050005,0,0.0036003600360036,0.0724072407240724,0.0288028802880288,0,0,0,0.0075007500750075,0,0.0001000100010001,0,0.0147014701470147,0,0,0,0,0,0.0019001900190019,0,0,0,0.0001000100010001,0,0,0.0051005100510051,0,0.0002000200020002,0,0,0,0.0211021102110211,0,0,0,0,0,0,0,0,0,0,0.0001000100010001,0,0,0,0,0,0,0.0369036903690369,0.0002000200020002,0.0003000300030003,0,0,0,0,0,0,0,0,0,0,0.0009000900090009,0.0152015201520152,0.0004000400040004,0,0,0,0,0,0,0,0,0,0,0.0207020702070207,0,0.0056005600560056,0,0,0.0004000400040004,0,0,0,0,0.0001000100010001,0,0,0.0042004200420042,0.0014001400140014,0.0281028102810281,0,0,0.0031003100310031,0,0,0,0,0,0,0.0203020302030203,0,0.0031003100310031,0,0,0.0361036103610361,0,0,0.0003000300030003,0,0,0,0,0,0,0,0,0,0,0.0004000400040004,0,0,0,0,0.0014001400140014,0,0.0011001100110011,0.0016001600160016,0.001000100010001,0,0.0012001200120012,0,0.0011001100110011,0,0,0.0005000500050005,0,0,0,0,0,0.0071007100710071,0,0.0011001100110011,0.0948094809480948,0,0,0,0,0,0,0.264526452645265,0,0,0.0002000200020002,0,0,0,0,0.0013001300130013,0,0.0011001100110011,0,0,0,0,0.0813081308130813,0,0.0005000500050005,0,0,0,0
0,0,0,0,0,0.0001000100010001,0.0001000100010001,0.0057005700570057,0,0,0,0,0.0001000100010001,0.0177017701770177,0.0009000900090009,0,0,0,0,0,0,0.0209020902090209,0,0,0.0003000300030003,0.0008000800080008,0.0011001100110011,0,0.0077007700770077,0,0,0,0,0.0042004200420042,0,0,0.0001000100010001,0,0.0001000100010001,0,0,0,0,0,0,0.0046004600460046,0,0.0006000600060006,0,0,0,0,0.0001000100010001,0,0.0005000500050005,0,0,0,0,0.0016001600160016,0,0.0028002800280028,0.0001000100010001,0,0,0.0008000800080008,0.0068006800680068,0,0,0,0.0002000200020002,0,0.0001000100010001,0,0,0,0,0,0,0,0,0.0027002700270027,0,0.0001000100010001,0.0107010701070107,0,0,0.0001000100010001,0,0.0169016901690169,0,0.0028002800280028,0,0,0,0,0,0,0.0072007200720072,0,0,0.0001000100010001,0.001000100010001,0,0.0004000400040004,0,0,0,0,0,0,0,0,0.0166016601660166,0.0001000100010001,0,0.0001000100010001,0,0.0736073607360736,0,0,0,0,0.0001000100010001,0,0.0261026102610261,0,0,0,0,0.0136013601360136,0.0826082608260826,0,0,0,0,0.0026002600260026,0,0,0,0.0038003800380038,0,0,0,0.0068006800680068,0,0,0.001000100010001,0,0,0.0023002300230023,0.0001000100010001,0,0.0016001600160016,0.005000500050005,0,0,0,0.0012001200120012,0.0077007700770077,0,0,0.0004000400040004,0,0,0,0.0003000300030003,0,0.0002000200020002,0,0,0,0,0,0,0,0.0005000500050005,0.0011001100110011,0,0.0001000100010001,0,0,0,0,0,0,0,0,0,0,0,0.0183018301830183,0.0001000100010001,0,0.0201020102010201,0,0,0.0004000400040004,0,0,0.0398039803980398,0,0,0,0,0.0032003200320032,0.0002000200020002,0,0,0.0002000200020002,0,0,0,0,0,0,0.0084008400840084,0.0002000200020002,0.0382038203820382,0.0007000700070007,0,0.0004000400040004,0,0,0,0.0023002300230023,0.0015001500150015,0,0.0005000500050005,0.0006000600060006,0,0,0,0.11021102110211,0,0,0.0002000200020002,0,0,0.0022002200220022,0,0,0,0.0001000100010001,0,0,0.0001000100010001,0,0,0,0.0186018601860186,0,0,0,0,0.0001000100010001,0,0,0,0,0.0001000100010001,0,0,0.0002000200020002,0,0,0.0024002400240024,0,0.0003000300030003,0.0065006500650065,0,0,0.042004200420042,0,0.0001000100010001,0,0,0,0,0.241024102410241,0.0001000100010001,0,0.0358035803580358,0,0,0,0,0.0109010901090109,0.0048004800480048,0,0,0,0.0001000100010001,0,0,0,0.0029002900290029,0,0,0.0186018601860186,0
0,0,0,8e-04,0,0,0,0,0,0.0011,0,0,0,0,0,0,0,0,0,0,5e-04,0,0.0012,0.0014,0,0.1723,0,0,0,0,0,0,0,0.0065,0,0,0,0.0022,7e-04,0,0,0,0,0.0103,0,0,0,0,4e-04,0,0,0,0,0,0,0,0,0,0.005,0,0,0.0095,9e-04,0,0.0316,0,1e-04,0,0,0.0077,0,0,0,0,0,0.0099,0,0,0,0,0,0,0,0,0.0059,0,0,0,0,0.0017,1e-04,8e-04,0.0077,0,0,0,0,0,0.0121,0,0,0,0,0,0,0.001,0,0.0758,0,0.0012,0,0,0.0033,0.0038,0,0.0148,0,7e-04,0.0022,1e-04,0,0,0.0143,2e-04,0.0461,0,0,0,0,0,0.0188,0.0449,0,0,0,0,0.0096,0,0,0,0.0793,0,0,0,0,0,0,0,0,0.0067,9e-04,0,1e-04,0,0.038,0,0,0,0.0011,0.0075,0,0,0,0,0,0,0,0,0,0,0,0,1e-04,0,0,0,0,0,0.0014,0,0,0,0,0,0,0,1e-04,0,0,0,0,2e-04,0,0,0,0,0,0,0,0,0,0,0,0,0,0,0,0,0,0.0012,0,0,7e-04,0,0,0,0.0091,0,0,0.0035,0,0,0,0,0,0,0,0,0,0,0.0162,0,0,0.0889,0,0,0,0,0,0,0,0,0,0,0,0,3e-04,0,0,0,0.0096,1e-04,0,0,0,0,0.0029,0,0,0,0,0,0,0,0,0,0,0,0,0.0032,0,0,0.1275,0,0,0,0,0,0,5e-04,0,0,0,0,0,0,0,0,0.0218,0,0,0,0,0,0.0513,0,0,0,6e-04,0,0
0,0,0,0.00049965024482862,0,0,0.000199860097931448,0,0,0.00129909063655441,0,0,0,0,0.00669531328070351,0,0.00049965024482862,0,0,0,0,0.000799440391725792,0,0.000199860097931448,0,0.297391825721995,0,0,0.00279804137104027,0,0,0,0,0.00119916058758869,0.00049965024482862,0,0,0,0,0,0,0,0,0,0,0.00389727190966324,0,0,0.00179874088138303,0.000699510342760068,0,0,0,0,0,0,0,0.00129909063655441,0,0.00139902068552014,0.00149895073448586,0.00219846107724593,0.000199860097931448,0,0.0213850304786649,0,0.00259818127310882,0.000899370440691516,0,0,0,0,0,0,0,0,0,0,0,0,0.00409713200759468,0.00109923053862296,0,0.000299790146897172,0,0,0.00119916058758869,0,0.000199860097931448,0.00439692215449186,0.0431697811531928,0.00729489357449785,0.00369741181173179,0,0,0,0,0,0.000599580293794344,0,0,0,0,0,0,0.000599580293794344,0,0.0962326371539922,0.00099930048965724,0,0,0,0,0.00169881083241731,0,0.064454881582892,0,0,0,0,0,0,0.0155890876386529,0.000599580293794344,0.0469671230138903,0.00579594284001199,0,0,0,0,0.00549615269311482,0,9.9930048965724e-05,0,0,0,0.0379734186069751,0.0109923053862296,0,0,0.00139902068552014,0,0,0,0,0,0,0,0,0,0,0,0,0,0,0,0,0,0,0,0,0,0.0153892275407215,0,0,0,0.00169881083241731,0,0,0,0,0,9.9930048965724e-05,0,0,0,0,0,0.0049965024482862,0.00889377435794944,0.00819426401518937,0.00139902068552014,0,0,0,0,0,0,0,0,0,0.002897971420006,0.000699510342760068,0,0,0,0,0,0,0,0,0,9.9930048965724e-05,0.0045967822524233,0,0,0,0,0,0.000399720195862896,0,0,0,0,0,0,0.00369741181173179,0,0.0174877585690017,0.00139902068552014,0,0,0.00509643249725192,0,0.00169881083241731,0,0,0.000199860097931448,0.00839412411312082,0.000199860097931448,0.0193864294993505,0,0,0,0,0,0,0,0,0,0,0,0,0,0,0,9.9930048965724e-05,0,0,0,0,0,0,0,0,0.000699510342760068,0.000599580293794344,0,0,0,0.000199860097931448,0.00339762166483462,0,0.000199860097931448,0,0,0,0,0,0.00049965024482862,0,0,0.0131907664634756,0,0,0,0,0,0,0.141700809433397,0,0,0.00649545318277206,0,0,0,0,0,0,0.00419706205656041,0,0,0,0,0.0111921654841611,0,9.9930048965724e-05,0,0.00559608274208054,0,0
0,0,0,0.000499450604335231,0,0,0,0,0,0,0,0,0,0,9.98901208670463e-05,0,0,0,0,0,0.00429527519728299,0.0110878034162421,0.000899011087803416,9.98901208670463e-05,0,0.11936869443612,0,0,0.000199780241734093,0,0.0593347317950255,0,0,0.0204774747777445,0,0,0.000299670362601139,0.0427529717310958,0.000199780241734093,0,0,0,0,0,0,0.00639296773549096,0,0,0,0,9.98901208670463e-05,0,0,0.00109879132953751,0,0,0,0.000899011087803416,0,0.0501448406752572,0.00159824193387274,0.000399560483468185,9.98901208670463e-05,0,0,0,0.00159824193387274,0,0,0.0025971431425432,0.00229747277994206,0,0.000299670362601139,0.00189791229647388,0,0,0,0,0,0.0263709919089002,0,0,0.00239736290080911,0,0.0066926380980921,0.00699230846069324,0,0,0.000399560483468185,0.00579362701028868,0,9.98901208670463e-05,0.000199780241734093,0,0,0,0,0,0.00249725302167616,0,0,0,0.00119868145040456,0,0.000299670362601139,0.00329637398861253,0,0.0481470382579163,0,0.00609329737288982,0,0,0.000299670362601139,0.000299670362601139,0,0.0137848366796524,0,0,0.0161821995804615,0,0,0,0,9.98901208670463e-05,0.00479472580161822,0,0,0,0,0,0,0.0399560483468185,0,9.98901208670463e-05,0,0,9.98901208670463e-05,0,0,0,0.00489461592248527,0,0,0,0,0,0.000499450604335231,0,0,0,0.00199780241734093,0.00199780241734093,0,0,9.98901208670463e-05,0,0,0,0,0.00449505543901708,9.98901208670463e-05,0,0,0.0851063829787234,0,0,0,0,0.000199780241734093,0,0.000998901208670463,0,9.98901208670463e-05,0,0,0,0.000199780241734093,0.000699230846069324,0.0027969233842773,0,0,0,0.000599340725202278,0,0,0,0,0,0,0,0.000299670362601139,0.000299670362601139,9.98901208670463e-05,0.000699230846069324,0,0,0,0,0,0.0156827489761263,0,0,0,0,0,0.0263709919089002,0,0,9.98901208670463e-05,9.98901208670463e-05,0,0,0,0,0.000399560483468185,0,0.0285685745679752,0,0,0,0.000199780241734093,0,0,0,0,0,0,0,0.000998901208670463,0,0.0106882429327739,0,0,0.00968934172410349,0,0,0,0,0,9.98901208670463e-05,0,0,0,0,9.98901208670463e-05,0.00219758265907502,0,0,0,0,9.98901208670463e-05,0,0,0,0.000499450604335231,0.000599340725202278,0.0040954949555489,0,0,0,0.00109879132953751,0,0,0.00109879132953751,0.000199780241734093,0,0,0,0,0.000199780241734093,0,0,0.00169813205473979,0,9.98901208670463e-05,0,0,0,0.000899011087803416,0.229647387873339,0,0,0.0287683548097093,0,0,0,0,0,0.00159824193387274,0,0,0,0,0.000699230846069324,0.00329637398861253,0,0.000399560483468185,0,0,0.00849066027369893,0
0,9.99500249875062e-05,0,0,0.000299850074962519,0,0,0.00179910044977511,0,0,0,0,0,0,0.0254872563718141,0.000199900049975012,0,0,0,0,0.00839580209895052,0,0,0.00139930034982509,0,0,0,0,0.0117941029485257,0.0133933033483258,0.00129935032483758,0,0,0,0,0,0.00219890054972514,0,0.000199900049975012,0,0,0,0,0,0.00129935032483758,0.00149925037481259,0,0,0,0,0,0,0,0,0,0,0,9.99500249875062e-05,0,0,0,0,0,0,0,0,0,0,0,0,0,0,0,0,0,0,0,0,0,0.00109945027486257,0,0,0.039480259870065,0,0.00109945027486257,0,0,0,0,0.165617191404298,0,0.0120939530234883,0.0600699650174913,0,0,0,0,9.99500249875062e-05,0,0,0,0,0,0,0,0,0,0.15192403798101,0,0,0,0,0,0,0,0,0,0,0,0,0,0,0,0.000299850074962519,0.0285857071464268,0,0,0,0,0,0,0.00929535232383808,0,0.000599700149925037,0,0,0.187506246876562,0,0.00369815092453773,0,0,9.99500249875062e-05,0,0.000499750124937531,0,0,0,0,0,0.0177911044477761,0,0.000199900049975012,0,0,0,0,0,0,0,0,0,0,0,0,0,0,0,0.00779610194902549,0,0.000499750124937531,0,0.0110944527736132,0.0119940029985007,0,0,0,0,0.000599700149925037,0,0,0,0,0,0,0,0,0.00139930034982509,0,0,0.00309845077461269,0,0.0306846576711644,0,0,0,0.000199900049975012,0,0,9.99500249875062e-05,0,0,0,0,0,0,0,0,0,0.000599700149925037,0.00249875062468766,0,0,0,0,0,0,0.00729635182408796,0,0.0825587206396802,0,0.0168915542228886,0,0,0,0,0,0,0,0,0,0.0182908545727136,0,0,0,0,0,0,0,0,0,0,0,0,0,0,0,0,0.0105947026486757,0,0,0,0,0,0,0,0,0,0,0,0.00109945027486257,0,0,0,9.99500249875062e-05,0,0,0,0,0,0,9.99500249875062e-05,0,0,0,0.00109945027486257,0,0,0,0,0,0,0,0.0217891054472764,0,0,0,0,0,0,0.00249875062468766,0,0,0,0,0,0,0.00259870064967516,0,0,0.0149925037481259,0
0,0,0,0.00779610194902549,0,9.99500249875062e-05,0.00849575212393803,0,0,0.000699650174912544,0,0.000199900049975012,0,0,9.99500249875062e-05,0,0.00999500249875063,0,0,0.00409795102448776,0.00969515242378811,0.0224887556221889,0.000899550224887556,9.99500249875062e-05,0,0.00239880059970015,0,0,0.00169915042478761,0.000599700149925037,0,0,0,0.0031984007996002,0,0,0.000199900049975012,0.0158920539730135,0,0.00309845077461269,0,0,0,0,0,0.00079960019990005,0,0,0,0.000599700149925037,0.000399800099950025,0,0,0,0.00289855072463768,0,0,0,0,0.0498750624687656,0.000199900049975012,0.00139930034982509,0,0,0,0,0.00839580209895052,0,9.99500249875062e-05,0.0133933033483258,0,0.000699650174912544,0,0,0,0,0,0,0,0.0704647676161919,0,0,0.0413793103448276,0,0,0,0,0,0,0.0152923538230885,0.0611694152923538,0.000199900049975012,0.000299850074962519,0.000299850074962519,0,0,0,0,0.00229885057471264,0,0,0,0,0,0,0,0,0.0996501749125437,0,0.00349825087456272,0,9.99500249875062e-05,0,0.0031984007996002,0,0.0384807596201899,9.99500249875062e-05,0,0,0.000299850074962519,0,0,0,0.000199900049975012,0.00249875062468766,0,0,0.0147926036981509,0.0617691154422789,0,0.00249875062468766,0.0181909045477261,0,0,0,0,0.00239880059970015,0.00899550224887556,0,0,0,0,0,0,0,0,0,0.00509745127436282,0.00239880059970015,0,0,9.99500249875062e-05,0,0,9.99500249875062e-05,0,0,0,0,0.00119940029985007,0,0,0.0201899050474763,0.00119940029985007,0,0.000699650174912544,0.00349825087456272,0,0,0.000199900049975012,0,0,9.99500249875062e-05,0,0.00189905047476262,0,0,0.00199900049975012,0,0,0.0112943528235882,0,0,0.00229885057471264,0.0112943528235882,0,0,0,0,0,0,0.0222888555722139,0.000499750124937531,0,0,0,0.00509745127436282,0,0,0,0,0,0,0,0,0.0576711644177911,0,0,0,0.000499750124937531,0,0,0,0,0.000299850074962519,0,0,0.000299850074962519,0,0,0.00209895052473763,0,0,0,0,0,0,0.031984007996002,0,0.00509745127436282,0.0192903548225887,0,0,0,0,0,0,0,0,0.000299850074962519,0,0,0,0,0,0,0.0015992003998001,0,0,0,0,0,0,9.99500249875062e-05,0,0.000199900049975012,0,0.000299850074962519,0.000299850074962519,0,0,0,0.000499750124937531,0.00139930034982509,0,0,0,0,0,0.00609695152423788,0.00079960019990005,0.00109945027486257,0.0147926036981509,0,0,0,0,0,0.00129935032483758,0.118140929535232,0,9.99500249875062e-05,0.0107946026986507,0,0,0,0,0,0,0.0063968015992004,0,0,0,0,9.99500249875062e-05,0,0,0,0,0.00839580209895052,0
0,0,0,0,0,0.0001999600079984,0,0,0,0,0.0001999600079984,9.99800039992002e-05,0,0,0.001999600079984,0,0,0,0,0.000699860027994401,9.99800039992002e-05,0.0016996600679864,0,0,0,0.394221155768846,0,0,0,0.0021995600879824,0.0628874225154969,0,0.0001999600079984,0,0,0,0,0,0,0,0,9.99800039992002e-05,0,0,0,0.00439912017596481,0,9.99800039992002e-05,0,0,0,0,9.99800039992002e-05,0.0002999400119976,0.0002999400119976,9.99800039992002e-05,0,0,0,0.00909818036392721,0,0,0,0.000699860027994401,0,0,0,0,0,0,0.00449910017996401,0,0.0001999600079984,0.000499900019996001,0,0,0,0,0,0.00659868026394721,0,0.0002999400119976,0.0458908218356329,0,0,0,0,0,0,0.000899820035992801,0,0,0,0,0,0,0.0001999600079984,0,0,0,0,0,0,0.0017996400719856,0,0,0.0013997200559888,0.00939812037592481,0,0,0,0,0,0.00719856028794241,0.0001999600079984,0,0,0,0.00409918016396721,0,0,0,0,9.99800039992002e-05,0.000699860027994401,0,0,0,0.000699860027994401,0.00339932013597281,0.00869826034793041,0.00389922015596881,0,0,0,0,0.0026994601079784,0,0,0.0001999600079984,0.0277944411117776,0,0,0,0.0319936012797441,0,0.0111977604479104,0.0001999600079984,0,0,0.0018996200759848,0.0001999600079984,9.99800039992002e-05,0.00379924015196961,0,0,0,0,0.0011997600479904,0,0,0,0,0,0,0,0.000399920015996801,0,0,0.01749650069986,0,0,0,0,0,0,0.000499900019996001,0,0,9.99800039992002e-05,0,0,0,0,0.0015996800639872,0,0,0.0001999600079984,0,0,0,0.00359928014397121,0,0,0,0,0,9.99800039992002e-05,0,0,0,0,0,0,0,0.0243951209758048,0,0,0,0,0,0.00459908018396321,0,9.99800039992002e-05,0,0,0.00539892021595681,0.0021995600879824,9.99800039992002e-05,0,0,9.99800039992002e-05,0,0,0,0,0,0,0.000999800039992002,0.000899820035992801,0.016496700659868,9.99800039992002e-05,0,0,0,0,0.000699860027994401,0,0,0.000499900019996001,0,0,0,0.000499900019996001,0,0.0031993601279744,0,0,0,0,0,0,0.000699860027994401,0,0.000399920015996801,0.0148970205958808,0,0.0002999400119976,0.000999800039992002,0.0020995800839832,0,0,0,0.000899820035992801,0,0,0,0,0,0,0,0.0026994601079784,0.00939812037592481,0.0002999400119976,0,0,0,0.0012997400519896,0.0002999400119976,0.176864627074585,0.000499900019996001,0.0170965806838632,0.0137972405518896,0,0,0,0,0,0.00339932013597281,0.00519896020795841,0,0,0,0,0,0.000599880023995201,0,0.000499900019996001,0,0.0017996400719856,0
0,0,0,0,0,0,0,0,0,0,0,0,0,0,0,0,0.00579884023195361,0,0,0,0,0.0021995600879824,0,0.000499900019996001,0,0.0031993601279744,0,0.0010997800439912,0.0002999400119976,0,0,0,0,0.00659868026394721,0,0,0,0,0,0,0,0,0,0,0,0.0010997800439912,0,0,0,0,0,0,0,0,0,0,0,0,0,0,0,0,0,0,0,0,0.011497700459908,0,0,0,0,0,0,0,0,0,0,0,0,0,0,0,0,0,0,0,0,0,0,0,0,0,0,0,0,0,0.00879824035192961,0,0,0,0,0,0,0,0,0,0,0.6874625074985,0,0,0,0,0,0.0142971405718856,0,0,0,0,0.0845830833833233,0,0,0,0,9.99800039992002e-05,0,0,0,0,0,0,0.0023995200959808,0,0,0,0,0,0,0,0,0,0,0,0,0,0,0,0,0,0,0.0001999600079984,0,0,0,0,0,0,0,0,0,0,0,0,0,0.001499700059988,0,0,0,0,0,0,0,0,0,0,0,0,0,0,0,0,0,0,0,0,0,0,0,0,0,0,0,0.0113977204559088,0,0,0,0,0.0118976204759048,0,0,0,0,0,0,0,0,0.0398920215956809,0,0,9.99800039992002e-05,0,0,0,0.0012997400519896,0,0,0,0,0,0.00609878024395121,0,0,0,0,0,0,0,0,0,0,0,0,0,0,0,0,0,0,0,0,0,0,0.011997600479904,0,0,0,0,0,0,0,0,0,0.000799840031993601,0,0,0,0,0,0,0,0.0295940811837632,0,0,0,0,0,0,0,0,0,0,0,0,9.99800039992002e-05,0,0,0,0,0,0,0,0,0,0.0505898820235953,0,0,0,0,0,0,0,0,0,0,0,0,0,0,0,0,0.00459908018396321,0
0.000299790146897172,0,0,0,0,0,0.000799440391725792,0,0,0,0,0,9.9930048965724e-05,0,0.0897371839712201,0,0.0024982512241431,0,0,0,0,0.00309783151793744,0,0.000299790146897172,0.000799440391725792,0.136504446887179,0,0.00269811132207455,0.00129909063655441,9.9930048965724e-05,0.00529629259518337,0,0,0.00759468372139502,0,0,0.000699510342760068,0.00429699210552613,0.000299790146897172,0,0,0,0,0,0,0.00239832117517738,0,0,0.000199860097931448,0,0.000399720195862896,0,0,0,9.9930048965724e-05,0,0,0.000399720195862896,0,0.000899370440691516,0,0,0,0,0,0,9.9930048965724e-05,0,0,0,0.00189867093034876,0,0,0,0,0.00609573298690916,0.000299790146897172,9.9930048965724e-05,0,0.00159888078345158,0,0,0.0143899270510643,0,0,9.9930048965724e-05,0,0,0,0,0,0.000199860097931448,0.00899370440691516,0,0,0,0,0,0,0,0,0.00379734186069751,0,0,0,0.000399720195862896,0,9.9930048965724e-05,0.00979314479864095,0.000899370440691516,0,0,9.9930048965724e-05,0,0,0.00529629259518337,0,0,0.0244828619966024,9.9930048965724e-05,0,0,0.00169881083241731,0,0.0230838413110822,0,0,0,0,0,0.0177875487158989,0,0,0,0,0,0.102428300189867,0.00229839112621165,0,0,9.9930048965724e-05,0,0,0,0,0.0337763565504147,0.000199860097931448,0,0,0.000699510342760068,0,0,0,0,0,0,0,0,0,0.00189867093034876,0,0,0,0.0126911162186469,0,0,0,0,0,0,9.9930048965724e-05,0.00169881083241731,0,0,0.00149895073448586,0,0,0.0113920255820925,0.000399720195862896,0,0.00889377435794944,0.000599580293794344,0,0.00889377435794944,0,0,0,0,0,0,0,0.000699510342760068,0.0283801339062656,0,0,0,0,0,0,0,0,0,0,0.00349755171380034,0,0.00049965024482862,0.000299790146897172,0,9.9930048965724e-05,0.00179874088138303,0,0,0,0.000699510342760068,0.000199860097931448,0,0.00149895073448586,0.00569601279104627,9.9930048965724e-05,0,0,0,0.0170880383731388,0,0.0020985310282802,0,0,0.00099930048965724,0.0474667732587189,0.00299790146897172,0,0,0,0,0,0,0,0,0,9.9930048965724e-05,0,0,0,0.0426701309083641,0.000399720195862896,9.9930048965724e-05,9.9930048965724e-05,0,0,0,0,0,0,0,0,0.000899370440691516,9.9930048965724e-05,0,9.9930048965724e-05,0.0053962226441491,0,0,0,0.000199860097931448,0,0,0,0,0,0.112721095233337,0,0,0.0141900669531328,0,0,0,0,0.000199860097931448,0.00349755171380034,0.000299790146897172,0,0,0.0370740481662836,0,0.0552613170780454,0,0,0,0.000899370440691516,0.0049965024482862,0.0218846807234936,0,0,0,0.0134905566103727,0,0.000799440391725792,0,0,0.000799440391725792,0
0,0,0,0,0,0,0,0.000699860027994401,0,0,0,0,0,9.99800039992002e-05,0.0017996400719856,0,0,9.99800039992002e-05,9.99800039992002e-05,0,0,0.0031993601279744,0,0,0,0.21745650869826,0,0,0,0.0028994201159768,0.0246950609878024,0,0,0.011997600479904,0,0,0.000799840031993601,0,9.99800039992002e-05,0,0,0,0,0,0,0.00619876024795041,0,0,0,0,0,0,0,9.99800039992002e-05,0,0,0,0,0,0.0027994401119776,0,0,0,0,0,0,0.0030993801239752,0,0,0,0.000999800039992002,0,0,0,0,0,0,0,0,0.0020995800839832,0,0,0,0,0.0011997600479904,0.0811837632473505,0.0001999600079984,0,0,0.00579884023195361,0,0.00739852029594081,0,0,0,0,0,0,0,0,0,0.000399920015996801,0,0,9.99800039992002e-05,0,0,0.213057388522296,0,0,0,0.000499900019996001,0,0.000699860027994401,0,0.000399920015996801,0,0,0.00519896020795841,9.99800039992002e-05,9.99800039992002e-05,0,0,0,0.098380323935213,9.99800039992002e-05,0,0,9.99800039992002e-05,0,0,0,9.99800039992002e-05,0,0,0,0,0,0,0,0.135172965406919,0,0.0001999600079984,0,0,0,0,0,0,0,0.002999400119976,0,0,0,0,0,0,0,0.0013997200559888,0.0025994801039792,0,0,0,0,0,0,0,0,0,0,0,0,0,0,0,0,0,0.0002999400119976,0.031493701259748,0,0,0,0,0,0,0,0,0,0,0,0,0.0018996200759848,0,0,0,0,0,0,0,0,0,0,0,9.99800039992002e-05,0,0,0,0,0.0002999400119976,0,0,0,0,0,0.000699860027994401,0,0.00559888022395521,0,0,0,0.00789842031593681,0,0,0,0,9.99800039992002e-05,0,0,0.000899820035992801,0,0.00519896020795841,0,0,0.022995400919816,0,0,0,0,0,0,0,0,0,0,0.0002999400119976,0,0,0,0,0,0,0,0,0,0,0.0030993801239752,0,0,0.000599880023995201,0.0211957608478304,0,0,0,0.001499700059988,0,0,0,0,0.0002999400119976,0.000499900019996001,0,0.0002999400119976,0.000799840031993601,0,0,0,0,0,0,0.0196960607878424,0,0,0.0115976804639072,0,0,0,0,0,0,0.000699860027994401,0,0,0,0,0,0,0.0025994801039792,0,0,0.0226954609078184,0
0,0,0,0,0,0,1e-04,0.0032,0,0,0,0,0,0,0,0,0,0,0,0,0,0.004,0,0,2e-04,0,0,0,0.0174,0.0201,0,0,0,0.0384,0,0,0.018,0,0,0,0,0,0.057,0,0,0.0439,0,0,0,0,0,0,0,0,0,0.0028,0,5e-04,0,0.0036,0,0,0,0,0,0,0.0168,0,0,0.0149,0,0,0,0,0,0,0,0,0,0.0031,0,0.0103,0.0319,0,0.0051,0,0,0,0,0.0046,0,0.0073,0.0039,0,0,0,0,0,0,0,0,0.036,0,0.0102,0,0,0,0.0658,0,0.0028,0,0,0,1e-04,0,0,0,0,0.0254,0.017,0,0,0,0,0.0354,0,0,0,0,0,0,0,0,0.0077,0,0,0.0707,0,0,0,0.0553,0,4e-04,0,0,7e-04,0.0052,0,0,0,0.0037,0,0,0,0,0,0,0,0.0112,0.0112,0,0,0,0,0,0,0,0,0,0,0,0,0,0,0,0,0,0,0.0128,2e-04,0,0,0,0,0,0,0,0,0,0.0016,0,0.0081,0.0032,0,0,0,0,0,0,0,1e-04,0,0,4e-04,0,0,0,0,0,0,0,0,0,0,0.0019,0,0.0061,0,0,0,0,0,0,0,0,0,0,0,0.0044,0,0,0,0,0.0325,0,0,0,0,0,0,0,0,0,0,3e-04,0,0.007,4e-04,0,0,0,0,0,0,0,0.0189,0.0719,0,0,0,0,0,0,0,0,0,0,0,0,0,0,0,0,0,0,0,0,0,0,0.0012,4e-04,0,0.1102,7e-04,0,0,0,0,0,0.0383,0,0,0,0,0,0,0.0135,0,0,0,0
0,0,0,0.00719640179910045,0,0,0,9.99500249875062e-05,0,0.00129935032483758,0,0,0,9.99500249875062e-05,0.0131934032983508,0,0.00249875062468766,0,0,0,0.00079960019990005,0.00509745127436282,0.0015992003998001,0,0.000299850074962519,0.114042978510745,0,0,0.000599700149925037,0,0,0,9.99500249875062e-05,0.00489755122438781,0.000299850074962519,0.000299850074962519,0.00309845077461269,0.00669665167416292,0.000399800099950025,0,0,0,0,0.00699650174912544,0,0.0411794102948526,0,9.99500249875062e-05,0.000299850074962519,0,0.00309845077461269,0,0,0,0.000299850074962519,0,0,0.00149925037481259,0,0.00669665167416292,0,0.000999500249875062,9.99500249875062e-05,0,0,9.99500249875062e-05,0.0191904047976012,0,9.99500249875062e-05,0,0.00279860069965018,0,0.000199900049975012,0.000199900049975012,0,0,0,0,0,0.0105947026486757,0.00239880059970015,0.000299850074962519,0.00289855072463768,0.000499750124937531,9.99500249875062e-05,0.00229885057471264,0,0.0124937531234383,0.00109945027486257,0.00399800099950025,0.000299850074962519,0.000599700149925037,0.00169915042478761,0.00409795102448776,0,0.000899550224887556,0,9.99500249875062e-05,0.00889555222388806,0,0.000199900049975012,0.0171914042978511,0,0.0047976011994003,0.000399800099950025,0.000599700149925037,9.99500249875062e-05,0.0796601699150425,0,0.0184907546226887,0,0.00289855072463768,0,0.000399800099950025,0,0.0138930534732634,0,0.000199900049975012,0.015392303848076,0,0,0,0,0,0.0255872063968016,0,0,0,0,9.99500249875062e-05,0.00109945027486257,0,0,9.99500249875062e-05,0,0.00399800099950025,0.000299850074962519,0.000399800099950025,0,0,0.00359820089955022,0,0,0,0,0,0.00129935032483758,0.000999500249875062,0,0.000599700149925037,0.000999500249875062,0.00189905047476262,0,0,9.99500249875062e-05,0,0,0,0.00309845077461269,0.0227886056971514,0,0,9.99500249875062e-05,9.99500249875062e-05,0,0,0,0,0,0,0.000199900049975012,9.99500249875062e-05,0.00499750124937531,0,0,0,0,0.00509745127436282,0.00269865067466267,0,0.00079960019990005,0,0,0,0.000899550224887556,0,0,0,0.000399800099950025,0,0,0.0141929035482259,9.99500249875062e-05,0,0.00119940029985007,9.99500249875062e-05,0,0.000399800099950025,0,0,0,0,0,0.000399800099950025,0,0.0169915042478761,0.000899550224887556,0,0.000199900049975012,0.000599700149925037,0,0,0.000399800099950025,0,0.000299850074962519,9.99500249875062e-05,0.00559720139930035,0.00139930034982509,0,0.000299850074962519,0.00789605197401299,0.00119940029985007,0.00109945027486257,9.99500249875062e-05,0,0,0.0106946526736632,0,0.000499750124937531,9.99500249875062e-05,0.00739630184907546,9.99500249875062e-05,0,0.0221889055472264,0,0.000299850074962519,9.99500249875062e-05,9.99500249875062e-05,0,0.00149925037481259,0,0,0.00179910044977511,0.00109945027486257,0,0,0,0,0,0.00139930034982509,9.99500249875062e-05,0.000399800099950025,0.000699650174912544,0,0.000299850074962519,0.000999500249875062,0.00339830084957521,0.000299850074962519,0.00199900049975012,0.00519740129935032,9.99500249875062e-05,0.00139930034982509,0,0.000299850074962519,0,0,0.000199900049975012,0.000199900049975012,0.00449775112443778,0.00759620189905048,0,0.0015992003998001,0.0344827586206897,0,0.000299850074962519,0,0,9.99500249875062e-05,0.000699650174912544,0.178310844577711,0,0,0.0285857071464268,0,0,0.0164917541229385,0,0,0.00219890054972514,0.00599700149925037,0,0,0,0,0.00609695152423788,0.000299850074962519,0.0334832583708146,0.000199900049975012,0,0.0263868065967016,0
0,0,0,0,0,0,9.99500249875062e-05,0,0,0,0,0,0,0,0,9.99500249875062e-05,0,0,0,0,0,0.00549725137431284,0,0,0,0,0,0,9.99500249875062e-05,0,0.0310844577711144,0,0,0,0,0,0.000599700149925037,0.00189905047476262,0,0,0,0,0,0.0210894552723638,0,0,0,0,0,0,0,0,0,0,0,0,0,0,0,0.0311844077961019,0,0,0,0,0,0,0.00969515242378811,0,0,0.00519740129935032,0,0,0,0,0.00239880059970015,0,0,0,0,0.0047976011994003,0,0,0.00779610194902549,0,0,9.99500249875062e-05,0,0,0,0.00139930034982509,0.157221389305347,9.99500249875062e-05,0,0,0,0,0,0,0.00299850074962519,0,0,0,0,0,0,0,0,0.0192903548225887,0,0,0,0,0,0,0,0,0,0,0,0,0,0,0,0,0.00289855072463768,0,0,0,0,0,0,0.102548725637181,0,0,0,0.000199900049975012,0,0,0,0,0,0,0,0,0,0.000199900049975012,9.99500249875062e-05,9.99500249875062e-05,0,0.0063968015992004,0.000699650174912544,0,0,0,9.99500249875062e-05,0,0,0,0,0.00379810094952524,0,0,0,0.219990004997501,0,0,0,0,0,0,0,0,0,0,0.000599700149925037,0,0,0.0113943028485757,0.0455772113943028,0,0,0.000299850074962519,0,0,0,0,0,0,0,0,0,0.00759620189905048,0,0,0,0,0,0,0,0,0,0,0,0.0248875562218891,0.000199900049975012,9.99500249875062e-05,0,0,0,0,0,0,0,0,0.00119940029985007,0,0.0291854072963518,0.00309845077461269,0,0,0,0,0,0,0,0,0,0,0,0,0.0158920539730135,0,0,0.00379810094952524,0,0,0,0,0,0,0,0,0,0,0,0,0,0,0,0,0,0,0,0,0.00079960019990005,0.000299850074962519,0,0,0,0,0,0,0,0,0,0,0,0,0.0169915042478761,9.99500249875062e-05,0,0,0.0205897051474263,0,0,0,0,0,0.000599700149925037,0.132833583208396,0,0,0.0100949525237381,0,0,0,0,0,0,0.00169915042478761,0,0,0,0,0.0195902048975512,0,0,0.00979510244877561,0,0,0.00309845077461269
0,0.0001000200040008,0,0.000800160032006401,0.000500100020004001,0,0,0,0,0.0011002200440088,0,0,0,0,0.0016003200640128,0,0.00390078015603121,0,0,0,0,0.000600120024004801,0,0,0,0.192838567713543,0,0,0.0014002800560112,0.000700140028005601,0.002000400080016,0,0,0.0505101020204041,0,0,0.000700140028005601,0.00340068013602721,0.0026005201040208,0,0.0001000200040008,0,0,0,0,0.0236047209441888,0,0,0,0.000600120024004801,0,0.0002000400080016,0,0,0,0,0,0,0,0.0317063412682536,0.0011002200440088,0,0,0,0,0,0.00320064012802561,0,0,0,0,0,0,0,0,0,0,0,0,0.0021004200840168,0,0,0.0563112622524505,0,0,0,0.000400080016003201,0,0,0.00330066013202641,0,0,0.00820164032806561,0,0,0.0016003200640128,0,0,0.000700140028005601,0.000400080016003201,0,0,0,0,0.000500100020004001,0,0,0.0395079015803161,0,0,0,0,0,0.0002000400080016,0,0.0206041208241648,0,0,0.0324064812962593,0,0,0,0,0.0001000200040008,0.00630126025205041,0.0879175835167033,0,0,0,0,0.00570114022804561,0.00840168033606721,0,0,0,0,0,0,0,0,0.104720944188838,0,0,0,0,0,0.0021004200840168,0,0,0,0.0011002200440088,0.0003000600120024,0,0,0,0,0,0,0,0.0198039607921584,0,0,0,0.0003000600120024,0,0,0,0.000800160032006401,0,0,0.0001000200040008,0,0,0,0,0,0.000500100020004001,0.0003000600120024,0,0,0,0.001500300060012,0,0,0,0,0,0,0,0,0.001500300060012,0.0108021604320864,0,0,0,0,0,0,0.0001000200040008,0,0,0.001000200040008,0,0,0,0.0319063812762553,0,0,0.0001000200040008,0,0.000600120024004801,0,0,0,0.0003000600120024,0,0.00370074014802961,0,0,0,0,0,0,0,0,0,0,0,0.0024004800960192,0,0,0,0,0.0271054210842168,0,0,0,0,0,0,0.0002000400080016,0,0,0,0,0.0001000200040008,0,0,0,0,0,0,0,0,0,0,0.000700140028005601,0,0,0.002000400080016,0,0,0,0.0023004600920184,0,0,0,0,0,0.0219043808761752,0,0,0.0398079615923185,0,0,0,0,0,0,0.0196039207841568,0,0,0.0954190838167634,0,0,0,0,0,0,0.0014002800560112,0,0,0,0,0,0,0.00730146029205841,0,0,0.0003000600120024,0
0,0,0,0,0,0,0,9.99200639488409e-05,0,0,0,0,0,0.00679456434852118,0.000699440447641887,0,0,9.99200639488409e-05,0,0,9.99200639488409e-05,0.000199840127897682,0,0,0,0.375399680255795,0,0,0.0016986410871303,0,0,0,0,0.0188848920863309,0,0,0.00129896083133493,0.000499600319744205,0,0,0,0,0,0.000199840127897682,0,0.0016986410871303,0,0,0,0,0,0,0,0,0,0,0,0,0,9.99200639488409e-05,0,0,0,0,9.99200639488409e-05,0,0.00689448441247002,0,0,9.99200639488409e-05,0,0,0,0,0,0,0,0,0,9.99200639488409e-05,0,9.99200639488409e-05,0,0,0.000199840127897682,0,0.0450639488409273,0,0,0.000899280575539568,0,0.000499600319744205,0,0,0,0,0,0,0.00129896083133493,0,0,0,0,0,9.99200639488409e-05,0,0,0.168864908073541,0.000199840127897682,0.00209832134292566,0,0,0,0.00539568345323741,0,0.000699440447641887,0,0.0343725019984013,0.00289768185451639,0,0,0,0,0,0.0110911270983213,0.000499600319744205,0,0,0,0,9.99200639488409e-05,0.00449640287769784,0,0,0,0.00129896083133493,0,0,0,0,0,0,0,0,0.00139888089528377,0,0.000199840127897682,0,0,0.000299760191846523,0.000399680255795364,0.00119904076738609,0,0.00309752198241407,9.99200639488409e-05,0,0,0,0,0.000699440447641887,0,0,0,0,0,0,0,0,0,0,9.99200639488409e-05,0,0.000599520383693046,0,0,0,0,0,0.000399680255795364,0,0,0,0,0,0.000899280575539568,0,0,0,0,0,0,0.000199840127897682,0.000899280575539568,0,0,0,0,0,0,0,0,0,0,0.00129896083133493,0,9.99200639488409e-05,0.00269784172661871,0,0,0.000399680255795364,0,0,9.99200639488409e-05,0,9.99200639488409e-05,9.99200639488409e-05,0.00199840127897682,0.000999200639488409,0,9.99200639488409e-05,0.000399680255795364,0.00319744204636291,0,0,9.99200639488409e-05,0,0,0,0.00499600319744205,0,0.00299760191846523,0,0,0.00739408473221423,0,0,0,0,0,0.004396482813749,0,0,0,0,0,0,0,0,0,0,0,0,0,0,0,0,0.000799360511590727,0,0,0,0,0,0,9.99200639488409e-05,0,0,0,0,0.000399680255795364,0.0108912869704237,0,0,0.0569544364508393,0,0,0,0,9.99200639488409e-05,9.99200639488409e-05,0.175959232613909,0,0,0.008792965627498,0,0,0,0,0,0.00239808153477218,9.99200639488409e-05,0,0,0,0,0.000899280575539568,0.00449640287769784,0,0,0,0.000999200639488409,0
0,0,0,0,0,0,0.000499850044986504,9.99700089973008e-05,0,0,0.000299910026991902,0,0,0,0.00299910026991902,0,0.025592322303309,0.00709787063880836,0,0,0,0.00459862041387584,0.00149955013495951,0,0,0,0,0,0.00319904028791363,0,0,0,0,0.00979706088173548,0,0,0.000599820053983805,0,0,0,0,0,0,0,0,0,0,0.00269919024292712,0,0.000799760071978406,0,0,0,0.00139958012596221,0,0,9.99700089973008e-05,0.00149955013495951,0,0.000699790062981106,0,0,9.99700089973008e-05,0,0,0.00149955013495951,0,0,0.000599820053983805,0,0.000499850044986504,0,0,0,0,0,0,0,9.99700089973008e-05,9.99700089973008e-05,0.00569829051284615,0.00649805058482455,0.00399880035989203,0,0,0.0179946016195141,0.000399880035989203,9.99700089973008e-05,0.000299910026991902,0.000999700089973008,0,0,0.00769769069279216,0,0,9.99700089973008e-05,0.00449865040487854,0,0,0,0,0.000699790062981106,0,0,0,0,0,0.0538838348495451,0.00939718084574628,0.0154953513945816,0,0.000899730080975707,0,0,0.000399880035989203,0.0103968809357193,0,0,0,0,0.000299910026991902,0,0,0,0.00109967009897031,0,0,0,0.000199940017994602,0.012296311106668,9.99700089973008e-05,0,0.00159952014395681,0,9.99700089973008e-05,0,0,0.00449865040487854,0,0,0.106767969609117,0,0,0.000599820053983805,0,0.0675797260821753,0.000199940017994602,0,0.00589823053084075,9.99700089973008e-05,0,0,0,0,0,0,0,0,0,0,0,0,0,0,0,0.00199940017994602,0,0,0,0,0,0.00739778066580026,0.00729781065680296,0,0,0,0,0,9.99700089973008e-05,0,0.0160951714485654,0,0,0,0.00169949015295411,9.99700089973008e-05,0,0,0,0,0,0.000599820053983805,0,0,0,9.99700089973008e-05,0.00599820053983805,0,0,0,0,0,0,0.27371788463461,0,0.00349895031490553,0,0,0,0,0,0,0,0,0,0.00149955013495951,0,0.00299910026991902,0.0144956513046086,0,0.00129961011696491,0,0,0,0.00239928021593522,0.000299910026991902,0.000799760071978406,0,0,0.00639808057582725,0,0,0,0,0,0,0,0.00539838048585424,0,0,0,0,0,0.00739778066580026,0.00409877036888933,0,0,0,0,0,0,0,0.00349895031490553,0,0.00269919024292712,0,0,0,0.000499850044986504,0,0.000299910026991902,0,0,0.000399880035989203,0,0,0,0,0.0343896830950715,0.0383884834549635,0,0,0.129561131660502,0.00169949015295411,9.99700089973008e-05,0,0,0,9.99700089973008e-05,0.00129961011696491,0,0,0.000499850044986504,0,0,0.00659802059382185,0,0,0,0,0,0,0,0,0,0,0,0,0,0.00709787063880836,0
0,0,0,0.000399880035989203,0,0,0.000199940017994602,0,0,0,0,0,0,0.00679796061181645,0.00329901029691093,0,0,0,0,0,0,9.99700089973008e-05,0.000799760071978406,0,0,0.281915425372388,0,0,0.0227931620513846,0,0,0,0.000999700089973008,0.00879736079176247,0,0,0.0105968209537139,0.00199940017994602,0,0,0,0,0,0,0.000499850044986504,0.00269919024292712,0,0,0,0,0,0,0,0,0,0,0,0,0,0,0,0,0,0,0,0,0.0116964910526842,0,0,0,0,0,0,0,9.99700089973008e-05,0,0,0,0,0.000499850044986504,0.000799760071978406,0,0.011296611016695,0,0.000299910026991902,0,0,0,0,0,0.0390882735179446,0,0,0,0,0,0.0154953513945816,0,0.00249925022493252,0,0,0,0.000199940017994602,0,0.000199940017994602,0,0,0.136858942317305,0.00229931020693792,0.00929721083674898,0,0,0.0238928321503549,0,0,0.0814755573328002,0,0,0.00939718084574628,0,0,0,0,9.99700089973008e-05,0,0,0.00349895031490553,0,0,0,0,0.000299910026991902,0,0,0,0,0,0.00899730080975707,0,0.000399880035989203,0.00209937018894332,0,0,0,0,0,0,0,0,0,0,0.00719784064780566,0,0,0,0,0,0,0,9.99700089973008e-05,0,0,0,9.99700089973008e-05,0,0,0.00369889033290013,0,0,0,0,0,0,0,0,0,0,0,0,0,0.0496850944716585,0.000599820053983805,0,0,0.000199940017994602,0,0,0,0,0,0.0211936419074278,0.00299910026991902,0,0,0,0,0.0113965810256923,0,0,0,0,0,0,0,0,0.00239928021593522,0,0,0,0,0,0,0,0,9.99700089973008e-05,0,0.00719784064780566,0.00289913026092172,0.0123962811156653,0,0.000999700089973008,0,0,0,0,0,0,0,0,0.00209937018894332,0.000299910026991902,0,0,0.0357892632210337,0,0,0,0,0,0.0113965810256923,0,0,0,0,0.000599820053983805,0,0,0,0,0,0,0,0.000199940017994602,0,0.000999700089973008,0.00789763071078676,0.000499850044986504,0,0,9.99700089973008e-05,9.99700089973008e-05,0,0,0.000199940017994602,0,0,0,0,0,0.00289913026092172,0,0,0.0282915125462361,0,0,0,0,0,9.99700089973008e-05,0.0759772068379486,0,0,9.99700089973008e-05,0,0,0,0,0,0.00459862041387584,0,0,0,0,0,0,0,0.000299910026991902,0,0,0.00169949015295411,0
0,0,9.99100809271655e-05,9.99100809271655e-05,0,0,0.0028973923468878,0.0060945149365571,0,0,0.000199820161854331,0,0,0.0163852532720552,0.000399640323708662,0,0,0,0,0,0.0125886701968229,0.00249775202317914,0,9.99100809271655e-05,0,0.0270756319312619,0,0,0.000499550404635828,0.000499550404635828,0.00649415526026576,0,0,0.00599460485562993,0,0,0.000599460485562993,0.0196822859426516,9.99100809271655e-05,0,0,0,0,0.00749325606953742,0,0.00879208712159057,0,0,0,0,0.00089919072834449,0,0,0,0,0,0,0,0,0.0281746428214607,0,0,0,0,0,0.00329703267059646,0.0122889399540414,0,9.99100809271655e-05,0.0127884903586772,0,0,0,0,0,0,0,0,0,0.0317714057348386,0,0,0.00709361574582875,0,0.0408632230992107,9.99100809271655e-05,0.00349685283245079,0,0,0.00969127784993506,0,0.00359676291337796,0.000599460485562993,0,0,0.000299730242781497,0,0,0.00509541412728544,0,0,0,0,0,0.000399640323708662,0,0.0193825556998701,0.192326905784794,0,0.00229793186132481,0,0,0,0.0031971225896693,0,0.000599460485562993,0.000399640323708662,0.00089919072834449,0.0175841742431811,0,0,0,0.000299730242781497,0.000399640323708662,0.000499550404635828,0,0,0,0,0,0.00819262663602758,0.00169847137576181,0.00309721250874213,9.99100809271655e-05,0,0,0.00209811169947048,0.00369667299430513,0,0,0.000599460485562993,0,0,0,0,0,0,0.00409631331801379,0,0,0.00379658307523229,0.0121890298731142,0,0,0,0,0,0,0,0.00809271655510041,0,0,0,0.0111899290638425,0,0,0.00649415526026576,0,0,0,0,0.000599460485562993,9.99100809271655e-05,0,0.00109901089019882,0,0,0.0243780597462284,0.0147866919772205,0,0.00189829153761615,0.000299730242781497,0,0.00179838145668898,0.00129883105205315,0,0,0,0,0,0,0.0092916375262264,9.99100809271655e-05,0,0,0,0.000299730242781497,0,0,0,0,0,0,0,0.0967129583374963,0.00179838145668898,0,0,9.99100809271655e-05,0,0,0,0,0,0.00159856129483465,0,0.00309721250874213,0,0.00149865121390748,0,0.0105904685782795,0,0,0,0.00529523428913977,0,0,0,0.00509541412728544,0,0.0245778799080827,0,0,0.00309721250874213,0,0,0,0,0,0,0,0,0.0196822859426516,0,0.000199820161854331,0,9.99100809271655e-05,0,0,0,0.00459586372264962,0,0,0,0.00209811169947048,0.000199820161854331,0.00139874113298032,0,0,0.00859226695973624,0,0,0,0.000399640323708662,0.000199820161854331,0,0,0.00829253671695474,0.00329703267059646,0.00089919072834449,0,0,0.00279748226596064,0.000299730242781497,0.000299730242781497,0,9.99100809271655e-05,9.99100809271655e-05,0.000299730242781497,0.122289939054851,0,0,0.0142871415725847,0,0,0,0,0,0.00379658307523229,0.00629433509841143,0,0,0,0,0.0031971225896693,0,0.000299730242781497,0,0,0.00419622339894095,0
0,0,0,0.00269919024292712,0,0,0.00109967009897031,0,0,0,0,0,0.000199940017994602,0.00999700089973008,9.99700089973008e-05,0.000199940017994602,0,0,0,0,0.0108967309807058,0.00209937018894332,0,0,0,0.125262421273618,0,0,0,0,0.0417874637608717,9.99700089973008e-05,0.00709787063880836,0.00629811056682995,0,0,0.000199940017994602,0.00849745076477057,0.000499850044986504,0,0,0,0,0.0218934319704089,0,0.00929721083674898,0,0,0,0.000699790062981106,0,0,0,0.00129961011696491,0.00349895031490553,0,0,0.000599820053983805,0,0,0,0,0,0,0,0,0.000799760071978406,0,0,0.0103968809357193,0.00529841047685694,0,0,0.0170948715385384,0,0,0,9.99700089973008e-05,0,0,0,0.000399880035989203,0,0,0.00779766070178946,9.99700089973008e-05,0,0,0.000299910026991902,0.00479856043187044,0,0.000299910026991902,0.000199940017994602,0,0,0,0,0,0.00759772068379486,0,0,0,0,0.000299910026991902,0.00269919024292712,0,0.0240927721683495,9.99700089973008e-05,0.00179946016195141,0.000799760071978406,0,0.0131960411876437,0.00519844046785964,0.0191942417274818,0,0.00769769069279216,9.99700089973008e-05,0.000199940017994602,0,0.000299910026991902,0,0,0,0.00269919024292712,0.00119964010796761,0,0,0,0,0,0.000599820053983805,0,0,0,0,0,0.00909727081875437,0,0,0,9.99700089973008e-05,0,0,0,0,0,0.00109967009897031,0,0.00479856043187044,0,0.00579826052184345,0.000599820053983805,0.000199940017994602,0,0,0,0,0,0,0.0216934919524143,0,0,0,0,0,0.000599820053983805,0,0,0.000299910026991902,0,0,0,0,0,0,0,0,0.000299910026991902,0.0114965510346896,0,0.00419874037788663,0,0,0.00199940017994602,0,0,0,0,0,0,0,0.00839748075577327,0,0,0,0,0.00569829051284615,0,0,0,0,0,0,0.000199940017994602,0,0,0,0,0.000299910026991902,0.000299910026991902,0,0,0,0,0.00139958012596221,0,0.0253923822853144,0,9.99700089973008e-05,0,0,0,0,0,0.00209937018894332,0.00239928021593522,0,0.040887733679896,0,0,0,0,0,0.121163650904729,0,0,0,0,0,0,0,0,0,0,0,0,9.99700089973008e-05,0,0,0,0.00449865040487854,0,0.000399880035989203,0,0.00139958012596221,0.00289913026092172,9.99700089973008e-05,0,0,0,0,0,0,0.000199940017994602,9.99700089973008e-05,0,9.99700089973008e-05,0,0,0.000299910026991902,0,0,0.00609817054883535,0.000199940017994602,0.00159952014395681,0,0,9.99700089973008e-05,0.00179946016195141,0.271818454463661,0,0,0.00489853044086774,0,0,0,0,0,0.000399880035989203,0.000999700089973008,0,0,0,0,0.0302909127261821,0,0.000299910026991902,0,0,0.0110966709987004,0
0,0,0,0,0,0,0.0001000100010001,0,0,0,0,0,0,0,0.005000500050005,0,0.0015001500150015,0,0,0,0,0,0,0,0,0.126012601260126,0,0,0.0022002200220022,0,0,0,0.0007000700070007,0,0,0,0,0.0776077607760776,0,0,0,0,0,0,0,0,0,0,0,0,0,0,0,0,0,0.0001000100010001,0,0,0,0,0,0,0,0,0,0,0,0,0,0,0,0,0,0,0,0,0,0,0,0,0,0,0,0,0,0.0001000100010001,0.0007000700070007,0,0,0.0326032603260326,0,0.0006000600060006,0,0,0,0,0.0006000600060006,0,0,0,0,0,0.003000300030003,0.0005000500050005,0.0003000300030003,0,0,0.156815681568157,0,0,0,0,0,0,0,0,0,0,0.138413841384138,0,0,0,0,0,0.11971197119712,0,0,0,0,0,0,0,0,0,0,0.0002000200020002,0,0,0,0,0.0895089508950895,0,0,0,0,0,0,0,0,0,0.0128012801280128,0,0,0,0,0,0,0,0,0,0,0,0,0,0,0.0001000100010001,0,0,0,0.0008000800080008,0,0,0.0178017801780178,0,0,0,0,0,0,0.0005000500050005,0,0,0,0,0.0025002500250025,0,0,0,0,0,0.0001000100010001,0.0131013101310131,0.0002000200020002,0,0,0,0,0,0,0,0,0,0,0,0,0,0,0,0,0,0,0,0,0,0,0.0001000100010001,0,0,0,0,0,0,0,0,0,0,0,0,0,0,0,0,0,0,0,0,0.0006000600060006,0,0,0,0,0,0,0,0,0,0.0001000100010001,0,0,0,0,0,0.0017001700170017,0.0001000100010001,0,0,0,0,0,0,0,0,0,0,0,0,0,0,0,0.0054005400540054,0,0,0.018001800180018,0,0,0,0,0,0.0006000600060006,0,0,0,0.1004100410041,0,0,0,0,0,0,0,0,0,0,0,0,0,0.0688068806880688,0,0,0,0
0,0,0.0001999600079984,0.000499900019996001,0,0,0,0,0,0.0013997200559888,0,0,0,0,0.121175764847031,0,0,0,0.0001999600079984,0,0,0.000499900019996001,0.0023995200959808,0,0,0.41001799640072,0,0,0,0.001999600079984,0,0,0.000799840031993601,0.0023995200959808,0.0012997400519896,0,0.0001999600079984,0,0.0002999400119976,0,0,0,0,0,0,0.0020995800839832,0,0,0.000599880023995201,0,0.0001999600079984,0,0,0,0,0,0,0.000399920015996801,0,0,9.99800039992002e-05,0,0,9.99800039992002e-05,0,0,0.001999600079984,0,9.99800039992002e-05,0,0.002999400119976,0,0,0,0,0,0,0,0,9.99800039992002e-05,0.000899820035992801,0,9.99800039992002e-05,0,0,0.000399920015996801,0,0,0,0,0,0.000499900019996001,0.0238952209558088,0,0,0,0,0,0,0,0,0.0459908018396321,0,0,0,0,0,0,0.001999600079984,0,0,9.99800039992002e-05,9.99800039992002e-05,0,0,0.00769846030793841,0,0,0,0,0.000599880023995201,0,0,0,0.00699860027994401,0,0,0,0,0.00749850029994001,0.0002999400119976,0,0.00439912017596481,0,0,0,0.098880223955209,0.00479904019196161,0,0,0,0,0,0.000599880023995201,0,0,0,0.00349930013997201,0,0.000599880023995201,0,0.00539892021595681,0,0,0.0002999400119976,0,0,0,0,0,0,0,0,0,0,0,0,0,0.000599880023995201,0.0020995800839832,0,0,0,0,0,0,0,0,0.000399920015996801,0,0.0458908218356329,0,0,0.0021995600879824,0,0,0,0,0.00539892021595681,0.000399920015996801,0,0,0.0001999600079984,0,0,0,0.0151969606078784,0.0001999600079984,0,0,0,0,0,0.0102979404119176,0,0,0,0,0.000499900019996001,0,0,0,0,0,0,0,0,0.0012997400519896,0.0168966206758648,0,9.99800039992002e-05,0,0.001499700059988,0,0.0022995400919816,0,0,0,0.00439912017596481,0,0.00369926014797041,0,0.000399920015996801,9.99800039992002e-05,0.000899820035992801,0,0.000499900019996001,0,0,9.99800039992002e-05,0,0,0,0,0,0,0,0.000599880023995201,0,0,0,0,0,0,0.0002999400119976,9.99800039992002e-05,0.000699860027994401,0,0.0010997800439912,0.0013997200559888,0,0,0,0,0,0,0,0.002999400119976,0,0.0343931213757249,0,0,0.0141971605678864,0,0,0,0,0,0,0.0598880223955209,0,0,0,0,0,0,0,0,0.000699860027994401,0,0,0,0,0,0,0,0.000399920015996801,0,0,0,0
0,0,0,0,0,0,0.000299820107935239,0.00329802118728763,0,0,0,0,0,0.01888866679992,0.000399760143913652,0,0.0022986208275035,0.000799520287827304,0,9.9940035978413e-05,0,0.00189886068358985,0,0,0.000399760143913652,0.20087947231661,0,0,0.000299820107935239,9.9940035978413e-05,0.00119928043174096,0,0,0.00519688187087747,0,0,0.000699580251848891,0,0.000299820107935239,0,0,0,0,0,0,0,0,0,0,0,0,0,0,0.000699580251848891,0,0,0,0.00119928043174096,0,0.0237857285628623,0.000399760143913652,0,0,0,0,0,0.00179892064761143,0,0,0.00299820107935239,0.00579652208674795,9.9940035978413e-05,0,0,0,0,0,0,0.000299820107935239,0.00859484309414351,0,0,0.00129922046771937,0,0.00249850089946032,9.9940035978413e-05,0,0,0,0.00189886068358985,0,0,0.0128922646412153,0,0,0.000699580251848891,0,0,0,0,0,0.00329802118728763,0.000199880071956826,0,0,0,0,0.0885468718768739,0.00739556266240256,0.00689586248251049,0,0,0.00279832100739556,0.00369778133120128,0,0.0377773335998401,0,0,0.0110933439936038,9.9940035978413e-05,0.000399760143913652,0,0,9.9940035978413e-05,0.00439736158305017,0.00209874075554667,0,0,0,0,0.00129922046771937,0.000299820107935239,0,0,0.004597241655007,0,0.0061962822306616,0,0,0,9.9940035978413e-05,0,0,0,0,9.9940035978413e-05,9.9940035978413e-05,0,0,0,0,0,0,0,0,0,0,0,0,0,0,0,0,0,0,0,0.00139916050369778,0,0,0,9.9940035978413e-05,0.0273835698580851,0,0,0.00119928043174096,0,0,0,0.00439736158305017,0,0.0349790125924445,0,0,0.00969418348990606,0.000699580251848891,0,0,0,0,0,0,0.00129922046771937,9.9940035978413e-05,0,0,0,0,0,0,0,0,0,0,0.00359784129522287,0,0,9.9940035978413e-05,0,0,0,0,0,0.000599640215870478,0,0.000999400359784129,0,0.016689986008395,0,0,0,0,0,0,0,0,0.00469718169098541,0,0,0.0186887867279632,0,0.0115930441734959,0,0,0.0501698980611633,0,0,0,0.000199880071956826,0,9.9940035978413e-05,0,0,0,0,0.000299820107935239,0.000799520287827304,0,0,0,0,0,0,0,0,0,0.00289826104337398,0,0,0,0.00149910053967619,0,0,0,0.000299820107935239,0,0,0,0,9.9940035978413e-05,0.0105936438137118,0,0,0.00369778133120128,0,0.000299820107935239,0,0,0,0,0.29472316610034,0,0,0.00629622226664002,0,0,0,0,0,0,0.00319808115130921,0,0,0,0,0,0,0.000399760143913652,0,0,0.00259844093543874,0
0,0,0,0.000699580251848891,0,0,0,0.00259844093543874,0,0.000799520287827304,0.000399760143913652,0,0,0.0436737957225665,0.000199880071956826,0,0.000499700179892065,0,0.000199880071956826,0,0.0189886068358985,0.00899460323805717,0.00129922046771937,0,0.00129922046771937,0.000199880071956826,0,0,0,0.00169898061163302,0.000899460323805717,0,0,0.00409754147511493,0,0,0.000199880071956826,0.043074155506696,0,0,0,0,0,0,0.00139916050369778,0.179892064761143,0,0.000299820107935239,0,0,0.00119928043174096,0,0,0,0,0.000199880071956826,9.9940035978413e-05,0.0022986208275035,0,0.0313811712972217,0.000399760143913652,9.9940035978413e-05,0,9.9940035978413e-05,0,9.9940035978413e-05,0.000299820107935239,0,9.9940035978413e-05,0.00669598241055367,0,0,0,0.000499700179892065,0.000299820107935239,0,0,0,0,0.00709574255446732,0.00119928043174096,0.000299820107935239,0.000499700179892065,0,0.0053967619428343,9.9940035978413e-05,0.000299820107935239,0,0.000299820107935239,0.00469718169098541,0,0.000299820107935239,0,0,0,0,0,0,0.00319808115130921,0,0,0,0,9.9940035978413e-05,0,0.000699580251848891,0.0323805716570058,9.9940035978413e-05,0.00179892064761143,0.0160903457925245,0,0,0,0.0022986208275035,0,0.0339796122326604,0,0,0.0106935838496902,0.000299820107935239,0.000799520287827304,0,0,0.000199880071956826,0.000999400359784129,0.00369778133120128,0.000199880071956826,0,0.000199880071956826,0,0.0119928043174096,0.000499700179892065,0,9.9940035978413e-05,0,0,0.0022986208275035,0,0,0,0,0,0,0,0,0,9.9940035978413e-05,0.0173895662602439,0.00119928043174096,0,0,0.00149910053967619,0,0.000299820107935239,9.9940035978413e-05,0,0,0.000199880071956826,0,0.0140915450729562,0,0,0.0354787127723366,0.0348790725564661,0,0,0.00179892064761143,0,0,0,9.9940035978413e-05,0,9.9940035978413e-05,0,0.00209874075554667,0,0,0,0.00509694183489906,0.00279832100739556,0.0633619828103138,0,0.000799520287827304,0.00249850089946032,0.00239856086348191,0,0,0,0,0,9.9940035978413e-05,0.0084949030581651,0.000299820107935239,0,0,0,0.0122926244253448,0,9.9940035978413e-05,0,0,0,0,0,0,0.00159904057565461,0,0,0,0,0.0164901059364381,0,0,0.00119928043174096,0.00199880071956826,0,0.00479712172696382,0.0193883669798121,0,0,0,9.9940035978413e-05,0,0,0.0110933439936038,0,0,0,0.0076953827703378,0.000899460323805717,0.017189686188287,0,0.000199880071956826,0.00569658205076954,0,0,0,0,0,0,0.000199880071956826,0,0,0,0,0,0,0,0,0,0,0.000299820107935239,0,0,9.9940035978413e-05,0.000899460323805717,0,0,0.000599640215870478,0,9.9940035978413e-05,0,0,0.000199880071956826,0,0,0,0,0,0.000999400359784129,0,0.0053967619428343,0.0344793124125525,0,0,0,0,0,0.000499700179892065,0.0534679192484509,0,0,0.088346991804917,0,0,0,0,0,0.000399760143913652,0.0156905856486108,0,0,0,0,9.9940035978413e-05,0,0.00179892064761143,0,0,0.00249850089946032,0
0,0,0,0,0.000599700149925037,0,0,0.000899550224887556,0,0.000499750124937531,0,0,0,0.000199900049975012,0.000899550224887556,0,0,0,0,0,0.000899550224887556,0.000399800099950025,0,0,0,0.000199900049975012,9.99500249875062e-05,0,0.000299850074962519,0.000599700149925037,0,0,0,0.00439780109945028,0,0,0,9.99500249875062e-05,0,0,0,0.000199900049975012,0,0.00509745127436282,0,0.000999500249875062,0,0.000399800099950025,0,0,0,0,0,0,0.00349825087456272,0,0,0,0,0.0015992003998001,0.000199900049975012,0,9.99500249875062e-05,0,0.00369815092453773,0,0.00469765117441279,0,0,0,0,0,0,0.00199900049975012,0,0,0,9.99500249875062e-05,0,0.00249875062468766,0,0,0.0604697651174413,0,0,0,9.99500249875062e-05,0,0,0.00169915042478761,0,0.000399800099950025,0.016591704147926,0,0,0.00439780109945028,0,0,0.00309845077461269,0,0.000199900049975012,0,0,0,0,0,0.0250874562718641,0.253673163418291,0,0,0,0,0,0.000299850074962519,0,0.000199900049975012,0,0,0.00119940029985007,0,0,0.000199900049975012,0,9.99500249875062e-05,0.00429785107446277,0.00839580209895052,0,0,0.000199900049975012,0,0.00179910044977511,0.0117941029485257,0,0.000299850074962519,0,0,0.000399800099950025,0,9.99500249875062e-05,0,0.0112943528235882,0,0,0,0,0,0,0,0,0.000499750124937531,0.000199900049975012,0.000199900049975012,0,0,9.99500249875062e-05,0,0,0,9.99500249875062e-05,0,0,0,0,0.0192903548225887,0,0,0,0,0,0,0.000199900049975012,0,0,0,0,0.000699650174912544,0,0.00119940029985007,0.000699650174912544,0,0.000899550224887556,0,0,0,9.99500249875062e-05,0,0,0,0,9.99500249875062e-05,0,0.00139930034982509,0,0,0,0,0,0.000399800099950025,0,0,0,0,0.00699650174912544,0,0,0.00079960019990005,9.99500249875062e-05,0.000199900049975012,0,0.000299850074962519,0,0.00609695152423788,0.000499750124937531,0.000599700149925037,0,0,0.00889555222388806,0.00109945027486257,0.0249875062468766,0.000399800099950025,0.00579710144927536,0.000199900049975012,0,0,0,0,0,0,0.00249875062468766,0,0.00969515242378811,0,0,0,0,0,0.000399800099950025,0,0,0,9.99500249875062e-05,0,0,9.99500249875062e-05,0,0,0,0,0,0,0.00279860069965018,0.000199900049975012,9.99500249875062e-05,0,0.00529735132433783,0,0.000899550224887556,0,9.99500249875062e-05,0,0.000599700149925037,0.00189905047476262,0,9.99500249875062e-05,0,0,0,0,0.00109945027486257,0,0,9.99500249875062e-05,0.072463768115942,0,0,0,0,0,0.000299850074962519,0.304947526236882,0,0,0.00429785107446277,0,0,0,0.000499750124937531,0,9.99500249875062e-05,0.000699650174912544,0,0,0,0,0.0575712143928036,0,0.000699650174912544,0.00509745127436282,9.99500249875062e-05,0.00269865067466267,0
0,0,0,3e-04,0,0,0,0.0013,0,0,0,0,0,0,0.0097,0,3e-04,0.0047,0,0,0,0.0047,0,0,0,0.1429,0,0,0,0,0.0107,0,0,0.0029,2e-04,0,0.0147,0.0044,0,0,1e-04,0,0,0.0134,0,0.0246,0,0,0,0,0,0,0,0,0,0,4e-04,0.0012,0,0.0036,0,0,0,0,1e-04,0,4e-04,0,0,0,0.0081,0,0,0,0,0,0,0,0,0.0011,3e-04,0,0,0,0,0,5e-04,0,0,0.0113,0.0623,0.0029,1e-04,0,0,0,0,0,0,0,0,0.001,0,0,0,4e-04,0,0.0215,0.0037,0.0063,0,0,0.0028,0.0022,0,0.0041,0,0,0,2e-04,5e-04,0,0,0,0.085,0,0,0,0,0,0,1e-04,0,1e-04,1e-04,0,0.0139,0.0017,0,0,1e-04,0,0,6e-04,0.0057,0,0,0,0,0,0,0,0,0,0,0,0,0,0.0064,0.0049,0,0,0,0,0,0,0,0,0,0,0,0,0,0,0,0,0,0,0.0216,0,0.03,4e-04,0,4e-04,0,0,0.0199,0,0,0,0,0.0047,1e-04,0,0,0,0.0012,0,0,0,0,0,0,0,0,2e-04,1e-04,0,0,0,0,0,0,0,0.0015,0,0.0012,0,0,0,0,0,0.0132,0,0.0017,0,0,0,0,0,0.0139,0,0,0.0044,0,0,0,0,0,0.0027,0,0,0,0,7e-04,0,0,0,0,0,0,0,0,0,0,5e-04,3e-04,0,0,9e-04,0,0,0,0,0.0268,0,0,0,0,0.0403,0,0,0.0211,0,1e-04,0,0,0,0,0.2322,0,0,0.0357,1e-04,0,0,0,3e-04,0,0,0,0,0,0,0.0202,0,5e-04,0,0,0.0146,0
0,0,0,0,0,0,0,0,0,0,0,0,0,0,0.000100030009002701,0,0,0,0,0,0,0.00560168050415125,0,0.00190057017105132,0,0.175152545763729,0,0,0.00390117035110533,0,0.0365109532859858,0.000900270081024307,0,0.0115034510353106,0,0,0.00110033009902971,0.0173051915574672,0,0,0,0,0,0.00130039011703511,0,0.00530159047714314,0,0,0.000200060018005402,0,0,0,0,0,0.0109032709812944,0,0,0,0,0,0,0,0,0,0,0,0.0427128138441532,0,0,0.00610183054916475,0.00590177053115935,0,0,0,0,0,0,0,0,0.00650195058517555,0,0,0,0,0,0,0,0,0,0.00260078023407022,0,0.00340102030609183,0,0,0,0,0,0,0.00240072021606482,0,0,0,0,0,0.000200060018005402,0,0.000100030009002701,0.0736220866259878,0,0,0,0,0,0.00250075022506752,0,0,0,0,0.00980294088226468,0,0,0,0,0.00130039011703511,0.00190057017105132,0,0,0,0,0,0,0,0,0,0,0,0,0,0,0,0,0,0,0,0,0,0.00930279083725117,0,0,0,0.00180054016204861,0,0,0,0,0,0,0,0,0,0.000800240072021606,0,0,0,0,0,0,0,0,0,0,0.00230069020706212,0,0,0,0,0,0.00880264079223767,0.0835250575172552,0,0,0,0,0,0,0,0.000100030009002701,0,0,0,0,0.00320096028808643,0.000100030009002701,0,0,0,0,0,0,0,0,0,0,0,0,0.0230069020706212,0,0,0.000100030009002701,0.000100030009002701,0,0,0,0.000200060018005402,0,0,0.0190057017105132,0.0268080424127238,0.0215064519355807,0,0.0228068420526158,0,0,0,0,0,0,0,0.00670201060318095,0,0,0,0,0.0268080424127238,0,0,0,0.00230069020706212,0,0,0,0,0,0,0,0,0,0,0,0,0.00810243072921877,0,0.00220066019805942,0,0.0114034210263079,0.00100030009002701,0,0,0,0.000900270081024307,0,0,0,0.000100030009002701,0,0,0.00170051015304591,0,0.0164049214764429,0.000700210063018906,0,0.00590177053115935,0.00590177053115935,0,0,0,0,0,0.00220066019805942,0.156246874062219,0,0,0.0324097229168751,0,0,0,0,0,0,0,0,0,0,0,0.000600180054016205,0,0.000100030009002701,0,0,0.0641192357707312,0
0,0,0,0,0,0,3e-04,0,0,0,0,0,0,0,0,0,0,0,0,0,0,0.0088,0,0,0,0,0,0,9e-04,0,0,0,0,0,0,0,0,0,0,0,0,0,0,0,0,0,0,0,0,0,0,0,2e-04,0,0,0,0,1e-04,0,0,0,0,0,0,0,0,0.0433,0,1e-04,0,0,0,0,0,0,0,0,0,0,0.0034,0,0,0.0107,0,0,0.0197,0.0738,0,0,0,0,0.0012,0.0044,0,0,0,0,0,0,0,0,0.0154,0,0,2e-04,0,0,0.0166,0,0.0168,0,0,0,0.0029,0,0,0,4e-04,0,0,0,0,0,0,0.1535,0.0614,0,0,0,0,0,0,0,0,0,0,0,0,0,0,0.006,0,0,3e-04,0.0391,0,0,0,0,0,0,0,0,0.0138,0,0,0,0,0,0,0,0,0,0,0,0,0,0,0,0,0.001,0,3e-04,1e-04,0,0,0,0.0017,0.0519,0,0,0,0,0,0,0,0,0,0,0,0,0.0197,0,0,0,0,0,0,0,0,0,0,0,0.1345,0,0,0,0,0,0,0,0,0,0,0,1e-04,0.0099,0.0275,5e-04,0,0,0,0,0,0,0.0019,0,0,0,0,0,0,0,0.0353,0,0,0.0098,0,0,0.0069,0,0,0,0,0.0011,0,0,2e-04,0,0,0,0,0,0,0,0,8e-04,0,0,0,3e-04,0,0,9e-04,0,0,0,0,0.0033,0.0195,0,0,0.0045,0,0,0,0,0,0,0.0511,0,0,0.091,0,0,0,0,0,0,0.0269,0,0,0,0,0.006,0,0,0,0,0,0
0,0,0,0,0,0,0,0,0,0,0,0,0,0,0.00279916025192442,0,0,0.00129961011696491,0,0,0,0,0,0,0,0.0407877636708987,0,9.99700089973008e-05,0.0249925022493252,0.00589823053084075,0,0,0,0.00509847045886234,0,0,0.00109967009897031,0,0,0,0,0,0,0,0,0.0294911526542037,0,0,0,0,0,0,0,0,0,0,0,0,0,0.044186743976807,0,0.000899730080975707,0,0,0,0,0.00269919024292712,0,0,0,0,0,0,0,0,0,0,0,0,0.0115965210436869,0,0,0,9.99700089973008e-05,0,0,0,0,0,0,0,0,0.000699790062981106,0,0,0.00129961011696491,9.99700089973008e-05,0,0,0,0,0.00179946016195141,0,0,0.000199940017994602,0,0,0,0,0.000199940017994602,0,0,0,0.00339898030590823,0,0.000299910026991902,0.000199940017994602,0,0.00569829051284615,0,0.000299910026991902,0,0,9.99700089973008e-05,0.00569829051284615,0,0,0,0.00139958012596221,0,0,0,0,0,0,0,0.000699790062981106,0,0,0,0.00269919024292712,0,0.000499850044986504,0,0,0,0,0,0,0.00179946016195141,0.00109967009897031,0,0,0.00229931020693792,0.000199940017994602,0,0,0,0,0,0,0,0,0.263221033689893,0,0,0,0,0,0,0,0,0,0,0,0,0,0,0.00759772068379486,0,0,0,0,0,0.00639808057582725,0,0,0,0,0.000499850044986504,0,0,0,0,0,0,0.000499850044986504,0,0,0,0,0,9.99700089973008e-05,0,0,0.0203938818354494,0.000599820053983805,0.000599820053983805,0,0,0.00139958012596221,0,0.00239928021593522,0,0,0,0.0449865040487854,0,0,0.000599820053983805,0,0.00309907027891633,0,0,9.99700089973008e-05,0,0,0,0,0,0.010296910926722,0,0,0,0,0,0,0,0,0,0.000499850044986504,0,0,0,0,0,0,0,0,0,0,0,0,0,0,0.00959712086374088,0,0,0.000799760071978406,0,0,0,0,0.000499850044986504,0,0,0,0,0.0108967309807058,0.000199940017994602,0,0,0.0181945416375087,0,0,9.99700089973008e-05,0,0,0.000799760071978406,0.17334799560132,0,0.220533839848046,0,0,0,0,0,0,0,0,0,0,0,0,0,0,0,0,0,0,0
0,0,0,0.0011002200440088,0,0,0.000600120024004801,0,0,0.000900180036007201,0,0,0.0014002800560112,0.00910182036407282,0.001000200040008,0,0,0,0,0,0,0,0.0011002200440088,0,0.0003000600120024,0.212742548509702,0,0,0,0,0,0,0,0.014002800560112,0,0,0.0001000200040008,0.0011002200440088,0,0,0,0,0,0.0026005201040208,0,0.0003000600120024,0,0,0.000400080016003201,0.00470094018803761,0,0.0026005201040208,0,0,0,0,0,0.001500300060012,0,0,0,0,0,0,0,0.0001000200040008,0.0208041608321664,0,0.0016003200640128,0,0,0,0,0,0,0,0,0,0,0.000600120024004801,0.0031006201240248,0,0,0,0,0.000800160032006401,0.0625125025005001,0,0,0.00410082016403281,0,0,0.0016003200640128,0,0,0,0.000700140028005601,0,0.00600120024004801,0.000700140028005601,0,0.00420084016803361,0,0,0.000600120024004801,0,0,0.0332066413282657,0.0027005401080216,0.0021004200840168,0,0,0.0002000400080016,0.0017003400680136,0,0.0373074614922985,0.0001000200040008,0,0,0,0.000900180036007201,0,0,0,0.0024004800960192,0,0.0001000200040008,0,0,0,0.0128025605121024,0.0137027405481096,0,0,0,0,0.122424484896979,0.00340068013602721,0,0,0.0386077215443089,0,0,0,0,0,0,0.00540108021604321,0,0,0,0.0104020804160832,0,0,0.0001000200040008,0,0,0,0,0.00360072014402881,0,0,0.0242048409681936,0.0001000200040008,0.0001000200040008,0,0.00420084016803361,0,0,0,0.0001000200040008,0,0.0001000200040008,0,0,0,0,0,0.0027005401080216,0,0.0593118623724745,0.00640128025605121,0,0,0.000400080016003201,0,0,0,0,0.000800160032006401,0,0.0001000200040008,0.000400080016003201,0,0.0022004400880176,0,0,0,0,0,0,0,0,0,0,0,0,0,0.0002000400080016,0,0,0.0116023204640928,0,0,0,0,0,0,0.000800160032006401,0,0,0,0.0012002400480096,0,0.00500100020004001,0,0,0,0.0021004200840168,0.0003000600120024,0,0.0003000600120024,0,0.00730146029205841,0,0,0,0,0,0,0,0,0,0,0.001500300060012,0,0,0,0,0.0122024404880976,0,0,0.0002000400080016,0,0,0.0002000400080016,0.0027005401080216,0,0,0.001000200040008,0,0,0,0.000500100020004001,0.000600120024004801,0,0,0,0.0002000400080016,0,0,0,0.0380076015203041,0,0,0,0,0,0.000400080016003201,0.147729545909182,0,0,0.00370074014802961,0,0,0,0,0,0,0.000600120024004801,0,0,0,0,0,0,0.0003000600120024,0,0,0.00610122024404881,0
0,0,0,0,0,0,0,0,0,0,0.000199900049975012,0,0,0,0.0118940529735132,0,0,0,0,0.000899550224887556,0,0.00539730134932534,0,0,0,0.0748625687156422,0,0,0.00659670164917541,0.0015992003998001,0,0,0,0,0,0,9.99500249875062e-05,0.00239880059970015,0,0,0,0,0,0,0,0.0127936031984008,0.0299850074962519,0.000299850074962519,0,0,0,0,0,0,0,0,0,0,0,0,0,0,9.99500249875062e-05,0,0,0,0.000899550224887556,0.000399800099950025,0,0,0,0,0,0,0,0.00119940029985007,0,0,0,0,0,9.99500249875062e-05,0.0135932033983008,0,0,0,0.0298850574712644,0.00269865067466267,0,0,0,0.000199900049975012,0.00489755122438781,0,0,0.00349825087456272,0,0,0.00939530234882559,0,0.000199900049975012,0,0,0,0.000599700149925037,9.99500249875062e-05,0.0252873563218391,0.0367816091954023,0,0,0,0.00239880059970015,0,0.103248375812094,0.000299850074962519,0,0,0,0.00439780109945028,0,0,0,0,9.99500249875062e-05,0.0118940529735132,0,0,0,0,0,0.0120939530234883,0.0820589705147426,0,9.99500249875062e-05,0,0,0.0220889555222389,0,0,0,0.0015992003998001,0,0,0,0,0,0,9.99500249875062e-05,0,0,0,0,0,0.000199900049975012,9.99500249875062e-05,0,0,0,0.000199900049975012,0.00749625187406297,0,0,0,0,0,0,0,0,0,0,0,0,0,0,0,0,0,0.0175912043978011,0,0,0,0,0,0,0,0,0,0,0,0,0,0.0031984007996002,0,0,0,0,0,0,0,0,0,0,0,0,0,9.99500249875062e-05,0,0.000299850074962519,0,0,0,0,0,0.00109945027486257,0,0,0,0,0.00689655172413793,0,0.000499750124937531,0.000499750124937531,0,0,0.000199900049975012,0,0,0,0,0.000599700149925037,0.015792103948026,9.99500249875062e-05,9.99500249875062e-05,0,0,0,0,0,0,0,0,0,0,0,0,0,0,0.000399800099950025,0,0,0.016391804097951,0,0,0,0,0,0,0,0.000399800099950025,0,0,0,0,0,0,0,0,0,0,0,9.99500249875062e-05,0.000399800099950025,0.0328835582208896,0,0,0,0,0,9.99500249875062e-05,0.326436781609195,0,0,0.0247876061969016,0,0,0,0,0.0146926536731634,0.000399800099950025,0,0,0,0,0,0,0.000299850074962519,0,0.00719640179910045,0,0.00329835082458771,0
0,0,0,0,0,0,0.000199940017994602,0.00129961011696491,0,0,0,0,0,0.00619814055783265,0.0284914525642307,0,0,0,0,0,0.000199940017994602,0.000899730080975707,0,9.99700089973008e-05,0,0.238028591422573,0,0,0.000799760071978406,0.00139958012596221,0,0,0,0.0148955313405978,0,0,0.0173947815655303,0,0,0,0,0,0,0,0,0.00399880035989203,0,0,0,0,0,0,0,0,0,0,0,0,0,0.00579826052184345,0,0.00109967009897031,0,0,0,0,0.00189943017094872,9.99700089973008e-05,0,0,0,0,0,0.000799760071978406,0,0,0,0,0,0.000799760071978406,0,0,9.99700089973008e-05,0,0.00639808057582725,0,0,0,0,0.00689793062081376,0,0.00649805058482455,0.00589823053084075,0,0,0.00219934019794062,0,0,0,0,0,0.00229931020693792,0,0,0,0,0,0.00179946016195141,0,0,0,0,0,0.100269919024293,0,0,0,0,0.00189943017094872,0.00519844046785964,0,0,0,0,0.0618814355693292,0,0,0,0,0,9.99700089973008e-05,0,0,0.000699790062981106,0,0,0.0136958912326302,0,0,0,0,0,0,0,0,0,0,0,0,0,0,0,0,0,0,0,0,0,0,0.000799760071978406,0,0,0,0,0,0,0,0,0,0.0105968209537139,0,0,0,0,0,0,0,0.00649805058482455,0.0131960411876437,0,0,0,0,0,0,0,0,0,0,0.00109967009897031,0,0.00889733080075977,0.000199940017994602,0,0,0,0,0.000299910026991902,0,0,0,0,0,0,0,0.000399880035989203,0,0,0,0,0,0,0,0.000299910026991902,0,0,0.00609817054883535,0,0,0.000399880035989203,0.00239928021593522,0.000899730080975707,0,0,0,0,0,0,0.0116964910526842,0,0.00439868039588124,0,0,0.20553833849845,0,0,0,0,0,0,0,0,0,0,0,0,0,9.99700089973008e-05,0,0,0,9.99700089973008e-05,0.000699790062981106,0,0,0,0,0,0.000399880035989203,0,0,0,0,0,0,0,0,0,0.0158952314305708,0.00379886034189743,0.000799760071978406,9.99700089973008e-05,0,0,0,0,9.99700089973008e-05,0,0,0.147655703289013,0,0,0.00739778066580026,0.000299910026991902,0,0,0,0,0,0.000199940017994602,0,0,0,0,0,0,0.00139958012596221,0,0,0.00709787063880836,0
0,0,0,0.000499450604335231,0,0,0,9.98901208670463e-05,0,0.000399560483468185,0,0,0,0.0165817600639297,0.000499450604335231,0,0,0,0,0.000199780241734093,0.000299670362601139,0.00109879132953751,0.000599340725202278,9.98901208670463e-05,0.000499450604335231,0.292678054140446,0,0,0.000998901208670463,9.98901208670463e-05,0,0,0,0.00229747277994206,0,0,0.000599340725202278,9.98901208670463e-05,0,0,0,0.000599340725202278,0,0.00689241833982619,0,0.00679252821895915,0,0,0.000199780241734093,0,0,0,0,0,9.98901208670463e-05,0,0,0.000699230846069324,0,0.000299670362601139,9.98901208670463e-05,9.98901208670463e-05,0,0,0,0,0.00299670362601139,0,0,0,0.000399560483468185,0,0,0,0,0,0,0,0,0.000699230846069324,0.000299670362601139,0,0.000899011087803416,0,0,0.000299670362601139,0,0,0,0.00269703326341025,0,0.000199780241734093,0.000399560483468185,0,0,0,0,0,0.0066926380980921,0,0,0,0,0,0,0.000699230846069324,0.00329637398861253,9.98901208670463e-05,0,0.00299670362601139,0,0,0,0.0588352811906902,0,0.0092897812406353,0,9.98901208670463e-05,0.00509439616421936,0,0,0,0.00529417640595345,0,0.0133852761961842,0,0,0,0,0,0.00139846169213865,0.0707222055738687,0.000599340725202278,0,0,0,0.0679252821895914,0.00559384676855459,0,0,0.00359604435121366,0,0,0.00119868145040456,0,0,0,0.00899011087803416,0,9.98901208670463e-05,0,0.00079912096693637,0,0.00699230846069324,0.000299670362601139,0,0,0,0,0,0,0,0,9.98901208670463e-05,0,0,0.000899011087803416,0,0,0,0,0,9.98901208670463e-05,0,0,0,0,9.98901208670463e-05,0,0,0.0025971431425432,0,0,0,0.000399560483468185,0,0,0,0,0.00149835181300569,0,0.000699230846069324,0,0,0,0,0,9.98901208670463e-05,0,0,0,0,9.98901208670463e-05,0,9.98901208670463e-05,0.000299670362601139,0,0,0,0,0,0,0,0.000199780241734093,0.000199780241734093,0,0.00659274797722505,9.98901208670463e-05,0.00199780241734093,0,0,0,0,0,0,0,0.000299670362601139,0,0.0038957147138148,0.000299670362601139,0.00679252821895915,0,0.000199780241734093,0.075616821496354,0,0,0,0.000899011087803416,0,0,0,0,0,0.012985715712716,0.000299670362601139,0,0,0,0,0,0,9.98901208670463e-05,0.000499450604335231,0,0.000399560483468185,0.000299670362601139,9.98901208670463e-05,0,0,0.000599340725202278,0.000998901208670463,0,9.98901208670463e-05,0.000299670362601139,9.98901208670463e-05,0,0,0,9.98901208670463e-05,0.000299670362601139,0,0,0.0646289082009789,0,0,0,0.000199780241734093,0,0.000199780241734093,0.182299470582359,0,0,0.00399560483468185,0,0,0,0,0,0.00159824193387274,9.98901208670463e-05,0,0,0,0,0.0066926380980921,0,0.00119868145040456,0.000899011087803416,0,0.000599340725202278,0
0,0,0,0,0,0,0,0,0,0,0,0,9.99800039992002e-05,0,0.00489902019596081,0,0,0,0,0.000799840031993601,0,9.99800039992002e-05,0,0,0,0.018496300739852,0,0,0.00439912017596481,0.001499700059988,0,0,0,9.99800039992002e-05,0,0,0,0.000399920015996801,0,0,0,0,0,0,0,0.000799840031993601,0,0,0,0,0.0015996800639872,0,0,0,0,0,0,0,0,0,0,0,0,0,0,0,0.0680863827234553,0,0,0.000799840031993601,0,0,0,0,0,0,0,0,0,0,0,0,0,0,0,0,0,0,0,0.0010997800439912,0.0825834833033393,0.0025994801039792,0.0030993801239752,0,0,0,0,0,9.99800039992002e-05,0,0,0,0,0,0,0,0,0.34123175364927,0,0.0148970205958808,0,0,0,0.00569886022795441,0,0.0001999600079984,0,0,0.000599880023995201,0,0,0,0,0.0018996200759848,0.000999800039992002,0,0,0,0,0,0.0013997200559888,0.0031993601279744,0,0,0,0,0.00589882023595281,0,0,0.0001999600079984,0.0520895820835833,0,0,0,0,0,0.00479904019196161,0,0,0.00699860027994401,0,0,0.000499900019996001,0,0,0,0,0,0,0,0,0,0,0,0,0,0,0,0,0,0,0,9.99800039992002e-05,0,0,0,0,0,0,0,0,0,0,0,0,0,0,0,0,0,0,0.0106978604279144,0.0002999400119976,0,0,0,0,0,0,0,0,0,0,0,0,0,0,0,0,0,0,0,0,0,0,0,0,0,9.99800039992002e-05,0,0,0,0,0,0,0,0,0,0,0,0,0,0,0,0,0,0,0,0,0,0,0,0,0,0.0015996800639872,0,0,0,0,0,0,0,0,0,0,0.000499900019996001,0.000699860027994401,0,0,0,0,0,0,0.000699860027994401,0,0,0,0,0,0.124975004999,0,0,0.205958808238352,0,0,0,0,0,0,0.00869826034793041,0,0,0.0027994401119776,0,0,0,0,0,0.000499900019996001,0,0,0,0,0,9.99800039992002e-05,0,0.00979804039192162,0,0.0001999600079984,9.99800039992002e-05,0
0.000599880023995201,0,0,0.0341931613677265,0,0,0.00549890021995601,0,0,0,0,0,0,0.0001999600079984,0.000699860027994401,0,0.00379924015196961,0,0,0,0,0,0,0.0011997600479904,0,0.469306138772246,0,0,0.00549890021995601,0,0.0473905218956209,0.0405918816236753,0,0.0026994601079784,0,0,0.0002999400119976,0,0,0,0,0,0,0,0,0,0,0,0,0,0,0,0,0,0,0,0,0.0027994401119776,0,0.00949810037992401,0,0,0,0,0,0,0,0,0,0,0,0,0,0,0,0,0,0,0,0,0,0,0,0,0,9.99800039992002e-05,0.0980803839232154,0,0.000399920015996801,0,0,9.99800039992002e-05,0.000499900019996001,0,0,0,0,0,0,0,0,0.00399920015996801,0,0,0,0,0,9.99800039992002e-05,0,0.002999400119976,0,0,0.000399920015996801,0.00499900019996001,0,0.0138972205558888,0,0,0,0.0001999600079984,0,0,0,0,0,0,9.99800039992002e-05,0,0,0,0,0,0,0,0,0,0.0177964407118576,0.00589882023595281,0,0,0.000499900019996001,0,0,0,0,0,0.0002999400119976,0,0,0,0,0,0,0,0,0,0,0,0,0.00499900019996001,0,0,0,0,0,0,0,0.0158968206358728,0,0,0,0,0,0,0,0,0,0,0.00249950009998,0,0,0.00419916016796641,0,0.0153969206158768,0,0,0,0,0,0,0,0,0,0,0,0,0.000499900019996001,0,0,0,0,0,0,0,0.0124975004999,0.0012997400519896,0,0,0.0001999600079984,0,0,0,0,0,0,0,0.00599880023995201,0,0,0,0.0015996800639872,0,0,0,0.00419916016796641,0,0,0,0,0.001499700059988,0,0,0,0.00699860027994401,0,0,0,0,0,0,0,0,0,0,0,0,0,0,0,0,0,0,0,0,0,0,0,0,0,0,0,0,0,0,0,0,0,0,0,0.0001999600079984,0,0,0.0784843031393721,9.99800039992002e-05,9.99800039992002e-05,0,0,0,0.000599880023995201,0.0281943611277744,0,0,0.0103979204159168,0,0,0,0,0.0183963207358528,0,0,0,0,0,0,0,0,0.000799840031993601,0,0,0.0102979404119176,0
0,0,0,0.0001000100010001,0,0,0.0266026602660266,0,0,0,0,0,0,0,0.245324532453245,0,0,0,0,0,0,0,0,0.0226022602260226,0,0,0,0,0.035003500350035,0.0055005500550055,0.0011001100110011,0,0,0,0,0,0.0006000600060006,0,0,0,0,0,0,0,0,0,0,0,0,0,0,0,0,0,0,0,0,0,0,0,0,0,0,0,0,0,0,0,0,0,0,0,0,0,0,0,0,0,0,0,0,0,0,0,0,0.001000100010001,0.0674067406740674,0,0,0.0196019601960196,0,0,0.0543054305430543,0,0,0,0,0,0.0028002800280028,0,0,0.0015001500150015,0,0,0,0,0.0002000200020002,0,0,0,0,0,0,0,0,0,0,0.0007000700070007,0,0.0002000200020002,0,0,0,0,0.0135013501350135,0,0,0,0,0,0,0.0268026802680268,0,0,0,0.0003000300030003,0,0,0,0,0.002000200020002,0,0,0,0,0,0,0,0,0,0.0006000600060006,0,0,0,0.0016001600160016,0,0,0,0,0.0011001100110011,0,0,0,0,0,0,0,0,0,0,0,0,0,0,0,0,0,0.0006000600060006,0,0,0,0,0,0,0,0,0,0,0,0,0,0.0084008400840084,0.0005000500050005,0,0,0,0,0,0,0,0,0,0,0,0.0007000700070007,0.0069006900690069,0,0,0.0001000100010001,0.0099009900990099,0,0,0,0,0,0,0,0,0.003000300030003,0,0,0,0,0,0,0,0,0.0567056705670567,0,0,0,0,0,0.0665066506650665,0,0,0,0,0,0,0,0,0,0,0,0,0,0,0,0,0,0,0,0,0,0,0.0016001600160016,0,0,0,0,0,0,0,0,0,0,0,0,0.0037003700370037,0,0,0.0196019601960196,0,0,0,0,0,0.0001000100010001,0.261926192619262,0,0,0.0102010201020102,0,0,0,0,0,0,0,0,0,0,0,0.0182018201820182,0,0,0,0,0.0009000900090009,0
0,0,0,0,0,0,0,0.0102948525737131,0,0,0,0.000199900049975012,0,0,0.00499750124937531,0,0,0,0,0.00199900049975012,0,0.00169915042478761,0,0.00449775112443778,0,0.138630684657671,0,0,0.00659670164917541,0.00369815092453773,0,0,0,0.00189905047476262,0,0,0.00579710144927536,0,0,0,0,0,0,0,0,0,0,0,0.000199900049975012,0,0,0,0,0,0,0,0,0,0.00109945027486257,0.00139930034982509,0,0,0.000399800099950025,0,0,0,0,0,0,0,0.016191904047976,0,0,0.0416791604197901,0,0,0,0,0,0.00209895052473763,0,0,0,9.99500249875062e-05,0.0862568715642179,0,0,0,0,0.00559720139930035,9.99500249875062e-05,0.00119940029985007,0.00589705147426287,0,0.00699650174912544,0,0,0,0.00349825087456272,0,0.000199900049975012,0.000599700149925037,0.000299850074962519,0,0,0,0,0.00839580209895052,0.00929535232383808,0,0,0,0,0.00739630184907546,0,0,0,0,0,0,0,0,0,0.000199900049975012,0.0164917541229385,0,0,0.00079960019990005,0,0,0.00599700149925037,0.0103948025987006,0,9.99500249875062e-05,0,0,0.169115442278861,0.00539730134932534,0,0,0.000699650174912544,0,0.00259870064967516,0,0,0,0.0015992003998001,0.0117941029485257,0,0.000599700149925037,0,0,0,0,0.00469765117441279,0,0,0,0.00169915042478761,0,0,0,0,0.00579710144927536,0,0,0,0,0,0,0.00279860069965018,0,0,0,0,0,0,0,0,0,0.0272863568215892,0,0,0,0.00219890054972514,0,0,0,0,0,0,0.00229885057471264,0.0252873563218391,9.99500249875062e-05,0,0,0.00139930034982509,0,0,0,0,0,0.127336331834083,0.00079960019990005,0,0,0,0,0,0.00979510244877561,0,0,0,0,0,0,0.00249875062468766,0.000899550224887556,0.000599700149925037,0,0,0,0,0,0.00439780109945028,0,0,0,0.0218890554722639,0.00079960019990005,0,0,0,0.0405797101449275,0,0,0,0,0,0,0,0.00539730134932534,0,0.00949525237381309,0,0.00109945027486257,0,0,0,0,0,0,0,0,0,0,0,0,0.00169915042478761,0,0,0,0,0.00109945027486257,0,0.000199900049975012,0,0,0,9.99500249875062e-05,0,0,0.00119940029985007,0,0,0,0,0,0.000499750124937531,0.0684657671164418,0,0,0.00309845077461269,0,0,0,0,0,0,0,0,0,0,0,0.0169915042478761,0,0.00249875062468766,0,0,0,0
0,0,0,0,0,0,0,0,0,0,0,0,0,0,0.0234,0,0,0,0,0,0,0,0,0,0,0,0,0,0,0,0,0,0.0014,0.0056,0,0,0,0,0,5e-04,0,0,0,0,0.0049,0.0443,0,0,0,0,0,0,0,0,0,0,0,0,0,0,0,0,0,0,0,0,0.0165,0,0.0025,0.0391,0,0,0,0,0,0,0,0,0,0.0639,0,0,0,0,0,2e-04,0,4e-04,0,0,0,0.0297,0,0,0,0,0,0.0014,0,0,0,3e-04,0,0,0,0,0,0,0,0,0,0,0,0,0,0,0,0,0.0182,0,0,0,0,7e-04,0,0,0,0,0,0,0,0,0,0,0,4e-04,0,6e-04,0,0,0.0044,0,0,0,0,0,0,0,0,0,0,0,0,0,8e-04,0,0,0,0,0,0,0,0,0,0,0,0,0,0,0,0,0,0,0,0,0,0,0,0.2041,0,0,0,0,0,0,0,0,0,0,0,0,0,0,0,0,0,0,0,0,0,0,0,0,0,0.2066,0.0103,0,0,2e-04,0,0,0,0,0,0,0,0.057,0,8e-04,0,0.0017,0,0,0,0,0,0,0,0.0449,0,0,0,0,0.0551,0,0,0,0,0,0.002,0,0,0,0,5e-04,0,0,0,0,0,0,0,0,0,0.0118,0.0024,0.0014,0,0,0,0,0,0,0,0,0,0,0,0,0,0,0,0,0,0,0,0,0,0,0,0,0,0,0,0,8e-04,0,0,0.0429,0,0.0568,0,0,0,0.0399,0,0.0016,0,0,0,0
0,0,0,0,0,0,9.9940035978413e-05,0.000399760143913652,0.214471317209674,0,0.000599640215870478,0.000199880071956826,0,0.00889466320207875,0,0,0,0,0,0,0.0030981411153308,0,0,0,0.00249850089946032,0,0,0,0,0,0.0353787727363582,0,0,0.0256845892464521,0.000399760143913652,0,0.00589646212272636,0,0,0,0,0,0.0100939436338197,0,0,0.0176893863681791,0,0,0,0,9.9940035978413e-05,0,0,0,0,0.000499700179892065,0,0,0.000299820107935239,0,0,0.00149910053967619,0,0,0,0,0.00879472316610034,0,0.00219868079152508,0,0,0,0,0,0.0541674995002998,0,0,0,0,0.00239856086348191,0,0,0,0,0.00549670197881271,0,0,0,0,0.0053967619428343,0.015490705576654,0,0,0,0,0,0,0,0,0,0.000699580251848891,0,0,0,0,0,0.00779532280631621,0.198480911453128,0,0,0,0,0,0.00609634219468319,0,0,0,0,0,0,0,0,0,0,0.0672596442134719,0,0,0,0,0,0,0,0,0.000199880071956826,0,0,0,0,0,0,0,0,0.000299820107935239,0,0,0,0,0,0,0,0.00199880071956826,0,0.000199880071956826,0,0,0,0,9.9940035978413e-05,0.00729562262642415,0,0,0,0,0,0,0,0,0,0,0,0,0,0.00219868079152508,0,0,0,0,0,0.0370777533479912,0,0,0,0,0.000299820107935239,0,0,9.9940035978413e-05,0,0,0,0,0,0.000299820107935239,0,0.00359784129522287,0,0,0,0,0,0,0.000699580251848891,0,0,0.0112932240655607,0,0,0,0,0,0,0,0.00249850089946032,0,0.00109934039576254,0,0.0076953827703378,0.00979412352588447,0.0173895662602439,0,0,0,0,0,0,0,0,0,0.0102938237057765,0,0,0,0,0.0598640815510694,0,0,0.000799520287827304,0,0.000199880071956826,0,0,0,0,0,0,0,9.9940035978413e-05,0,0,0,0.000299820107935239,0,0.00169898061163302,0,0,0,0,9.9940035978413e-05,0,0,0,0,0,0,0,0,0,0.00369778133120128,0.000699580251848891,0,0,0,0,0,0.000499700179892065,0,0,0,0.000799520287827304,0,0,0,0.0341794923046172,0,0,0,0,0,9.9940035978413e-05,0.0162902258644813,0,0,0,0.000399760143913652,0.0133919648211073,0,0,0,0,0.0503697781331201,0
9.98302885095338e-05,0,0,0.000399321154038135,0,0,0,0,9.98302885095338e-05,0,0,0,0,0,0,0,0.00129779375062394,0,0,0,0,0.00219626634720974,0,0,0,0.292602575621444,0,0,0.000399321154038135,0.000199660577019068,0.0436258360786663,0,0.000199660577019068,0,0,0,0.00079864230807627,9.98302885095338e-05,0,0,0,0,0,0,0,0,0,0,0,0.000399321154038135,0,0,0,0.000299490865528601,9.98302885095338e-05,0,0,0.000399321154038135,0,0.000399321154038135,0,0,0.000698812019566737,0,0.000299490865528601,0,0,0,0.000299490865528601,0,0.000399321154038135,0,0,9.98302885095338e-05,0,0,0,0,0,0.000399321154038135,0.000598981731057203,0,0.00788659279225317,0,9.98302885095338e-05,0.000399321154038135,0,0,0.000399321154038135,0.000399321154038135,9.98302885095338e-05,9.98302885095338e-05,0.000199660577019068,0,0,0,0,0,0.000399321154038135,0,0,0,0,0,0,0.000898472596585804,0,0.418089248277928,0,0.00439253269441949,0,0,0.00159728461615254,0,0,0.00918438654287711,0,9.98302885095338e-05,0.00079864230807627,0,0,0,0.000998302885095338,0,0.00079864230807627,0,0,0,0,0.00189677548168114,9.98302885095338e-05,0.000499151442547669,0,0,0.000299490865528601,9.98302885095338e-05,0.00559049615653389,0.00079864230807627,0,0,0.00329439952081462,0,0,0.00109813317360487,0,0,0.00638913846461016,0,0,0.000199660577019068,0.000299490865528601,0,9.98302885095338e-05,0,9.98302885095338e-05,0,0.00319456923230508,0,0,0.00119796346211441,0,0,0,0,0,0,0,0,0,0,0,0,0,0,0,0,0,0.000199660577019068,0,0,0,0,0,0,9.98302885095338e-05,9.98302885095338e-05,0,0,0,0.000399321154038135,0,0.000199660577019068,9.98302885095338e-05,0.00249575721273834,0,0,0,9.98302885095338e-05,0.000499151442547669,0,0,0,0,0,0.00658879904162923,0.00109813317360487,9.98302885095338e-05,0.00079864230807627,0,9.98302885095338e-05,0,0,0,0,9.98302885095338e-05,0,0.00598981731057203,0,0.0079864230807627,0,0.00409304182889089,0,9.98302885095338e-05,0,0,0,0,0,0.000399321154038135,0,0,0,0,0.00988319856244385,0,0,0,0.00219626634720974,0,9.98302885095338e-05,0,0,0,0.000299490865528601,0.00379355096336228,0.00489168413696716,0,0,0,0.00109813317360487,0,0,0.000199660577019068,0,0.000199660577019068,9.98302885095338e-05,0.000299490865528601,0,0.000299490865528601,0.000299490865528601,0,0.00199660577019068,0,9.98302885095338e-05,0,0,0,0.000199660577019068,9.98302885095338e-05,0.00988319856244385,0,9.98302885095338e-05,0,0,0,0,9.98302885095338e-05,9.98302885095338e-05,9.98302885095338e-05,0.0984326644704003,0,0,0.00758710192672457,0,0,9.98302885095338e-05,0,0,0.000698812019566737,9.98302885095338e-05,0,0,0,0,0.00119796346211441,9.98302885095338e-05,0.000199660577019068,0,9.98302885095338e-05,0.00359389038634322,0.00159728461615254
0,0,0,0,0,0,0.00269892043182727,0,0,0,0,0,0,0.00209916033586565,0.00339864054378249,0,0,0,0,0,0.00109956017592963,0.00179928028788485,0,0.000199920031987205,0,0.0831667333066773,9.99600159936026e-05,0,0.00539784086365454,0,9.99600159936026e-05,0,0,0.00879648140743703,0,0,9.99600159936026e-05,0.00079968012794882,0,0,0,0,0,0.00129948020791683,0,0,0,0,0,0,0,0,0,0,0,9.99600159936026e-05,0,0,0,0.0328868452618952,9.99600159936026e-05,0,9.99600159936026e-05,0.000199920031987205,0,0,0.031187524990004,0,0,0,0,9.99600159936026e-05,0,0.000299880047980808,0,0,0,0,0,0,0,0.000699720111955218,0.0533786485405838,0,9.99600159936026e-05,0,0.00359856057576969,0,0,0.00269892043182727,0,0.00129948020791683,0,0,0,0,0,0,0.00109956017592963,0,0,0,0,0,0,9.99600159936026e-05,0.000499800079968013,0.0974610155937625,0,0,0,0,0,0,0,0,0,0,0.00319872051179528,0,0,0,0,0,0,0,0,0,0,0,0.000299880047980808,0.0785685725709716,0,0.000199920031987205,0,0.00109956017592963,0,0,0,0,0,0,0,0,0,0,0.00969612155137945,0,0,0,0,0.000199920031987205,0.00369852059176329,0.000699720111955218,0.000199920031987205,0,0,0,0,0.000299880047980808,0,0,0,0,0,0,0,0,0,0,0,0,0,0,0.00369852059176329,0,0,0,0.0417832866853259,0.000199920031987205,0,0,0,0,0.00129948020791683,0,0,0,0,0,0.0179928028788485,0.000699720111955218,0,0,0.00269892043182727,0,0,0,0,0.00109956017592963,0,0,0,0,0,0.0173930427828868,0.000199920031987205,0,0,0.00079968012794882,0,0,0,0,0,0,0,0.00039984006397441,0,0,0,0.00459816073570572,0,0,0,0,0,0,0.000499800079968013,0,0.00199920031987205,0,0,0.0532786885245902,0,0,0,0,0,0,0,0,0,0,0,0,0,0,0,0,0,0,0,0,9.99600159936026e-05,0,0,0,9.99600159936026e-05,0,0,0,9.99600159936026e-05,0.00079968012794882,0,0,0,0,0,0.368552578968413,0,0,0.0125949620151939,0,0,0,0,9.99600159936026e-05,0.000299880047980808,0.000299880047980808,0,0,0.00129948020791683,0,0,0,0,0,0.0168932427029188,0.000699720111955218,0,0,0,0,0.0100959616153539,0.00299880047980808,0.00039984006397441,0,0,0.000899640143942423,0
0,0,0,0,0,0,0,0.0013002600520104,0,0.00510102020404081,0,0,0.0002000400080016,0,0.0203040608121624,0,0.001000200040008,0,0,0.000400080016003201,0,0.00410082016403281,0.000900180036007201,0,0.0003000600120024,0.177135427085417,0,0,0.0114022804560912,0.000700140028005601,0.000400080016003201,0.0404080816163233,0,0.0405081016203241,0,0,0.0012002400480096,0,0,0,0,0,0.00910182036407282,0,0,0.00590118023604721,0,0,0,0,0,0,0,0.0001000200040008,0.0027005401080216,0,0,0,0,0.0011002200440088,0.000700140028005601,0.0102020404080816,0,0,0,0,0.0159031806361272,0,0,0,0.0024004800960192,0,0,0,0,0.0232046409281856,0,0,0,0.0013002600520104,0.0012002400480096,0,0.00720144028805761,0,0,0.000400080016003201,0,0,0.0003000600120024,0,0,0,0,0.0002000400080016,0,0.0001000200040008,0.0014002800560112,0,0,0,0,0,0.0002000400080016,0,0,0.000600120024004801,0,0.000600120024004801,0.0026005201040208,0.0022004400880176,0,0,0.0022004400880176,0.0131026205241048,0,0.0394078815763153,0,0,0,0.000700140028005601,0,0,0,0,0.00840168033606721,0,0,0,0.0001000200040008,0,0,0.00450090018003601,0,0,0,0,0.128825765153031,0.00430086017203441,0.0002000400080016,0,0.0011002200440088,0,0,0.000800160032006401,0,0,0.0011002200440088,0.0137027405481096,0,0,0.001000200040008,0.0019003800760152,0,0,0,0,0,0,0,0.00600120024004801,0,0,0.0207041408281656,0,0,0,0.00440088017603521,0,0,0,0.000400080016003201,0.001500300060012,0,0,0,0,0,0.00380076015203041,0.0023004600920184,0,0.0397079415883177,0.00450090018003601,0,0.000700140028005601,0.001500300060012,0,0,0,0,0,0,0.0151030206041208,0,0.0002000400080016,0,0,0,0,0,0,0,0,0,0,0,0.00810162032406481,0,0,0,0,0.000700140028005601,0,0,0,0.0014002800560112,0,0.003000600120024,0.0013002600520104,0,0,0,0,0.0001000200040008,0,0.00430086017203441,0,0.0003000600120024,0.0012002400480096,0.00730146029205841,0.0013002600520104,0,0,0.0002000400080016,0.024004800960192,0.000800160032006401,0,0,0,0.0013002600520104,0.0011002200440088,0,0,0,0,0.000600120024004801,0,0,0,0,0,0,0,0,0,0,0.00830166033206641,0,0,0.0011002200440088,0.0211042208441688,0,0,0,0.000400080016003201,0,0,0,0,0,0.0016003200640128,0,0,0.00850170034006801,0,0,0,0,0.0003000600120024,0.000400080016003201,0.148629725945189,0,0,0.0221044208841768,0,0,0,0,0,0.0023004600920184,0.0027005401080216,0,0,0,0,0.0023004600920184,0,0.0017003400680136,0,0,0.00440088017603521,0
0,0,0,4e-04,0,0,0,0,0,9e-04,0,0,0,0,6e-04,0,0,0,0,0,0,0,5e-04,0.0046,6e-04,0.1163,2e-04,0,0.0023,0.0078,0.0475,0,0,0.0134,0,0,0,0,0.0053,0,0,1e-04,0,0,0,0,0,0,4e-04,2e-04,0,0,0,0,0,0,0,4e-04,0,0,0.0021,1e-04,1e-04,0,0,0,2e-04,0,0,0,0.0032,0,0,0,0,9e-04,0,0,0,0.003,0.0033,0,0,0,0.0036,1e-04,0.0143,0,3e-04,0.0163,0,0,0,0.0029,0,0,0,0,0.0053,0,0.0018,0.0023,0,0,7e-04,0.0027,0,0.0038,0.0015,0,0,0,2e-04,0.0124,0,0.0064,0,0,0,0,0,0,0,1e-04,0.1087,0,0,0,0,0,0.0021,0.0018,0,0,0,0,0.0298,0.0082,0,0,1e-04,0,0,0,0,0,0,0.0029,0,0,0.0029,0.0058,0,0,0.0044,0,0,0,0,2e-04,0,0,0.0219,1e-04,0,0,0.0048,0,4e-04,0,8e-04,0,0,0,6e-04,0,0,5e-04,0,0.0021,0.0053,0,0,6e-04,0,0,0,0,0,0,0,0,0.0035,7e-04,0,0.0013,0,2e-04,0,0,0,0,0,0.0056,0,0,6e-04,0,1e-04,9e-04,0,0,0,0,0,0,0,2e-04,0.0072,0,0,1e-04,0.0012,0,0.0018,0,0,0,0.0106,8e-04,0.0086,0,2e-04,0.0387,0,0,5e-04,0,2e-04,0.0031,0,0,0,0,0,0.0048,0,0,0,0.0104,0,2e-04,0,1e-04,6e-04,0.0033,0.0013,0,8e-04,0,0,0,0,8e-04,0,0,0,0,0,6e-04,0,0.0031,0.1567,0,1e-04,0,0,1e-04,0.0021,0.1773,0,0,0.0224,0,0,0,1e-04,0,0,0.0047,0,0,0,0,0.0032,3e-04,0.012,0,0,0.0124,0.0034
0,0,9.99600159936026e-05,0,0,0,0,0.00189924030387845,0,0,0,0.000199920031987205,0,0.0141943222710916,0.00279888044782087,0,0,0,0,0,0,0.00449820071971212,0,0,0,0.370651739304278,0,0,0.00199920031987205,0,0.00299880047980808,0,9.99600159936026e-05,0.00169932027189124,0.000499800079968013,0.031187524990004,0.00139944022391044,0.00859656137544982,9.99600159936026e-05,0,0,0,0,0.00189924030387845,0,0.00929628148740504,0.0500799680127949,0.000599760095961615,0,0,0.00039984006397441,0,0,0,0.00229908036785286,0,0,0,0,0.00989604158336665,0,0.00149940023990404,0.00149940023990404,0,0.00669732107157137,9.99600159936026e-05,0.00809676129548181,0,0,0,0.0292882846861255,0,9.99600159936026e-05,0.000899640143942423,0,0,0,0,0,0.00519792083166733,0.00159936025589764,0.000599760095961615,0.00039984006397441,9.99600159936026e-05,9.99600159936026e-05,0.00039984006397441,0,0,9.99600159936026e-05,0.0107956817273091,0,0.000299880047980808,0,0,0.000499800079968013,0.000199920031987205,0,0,0.000899640143942423,0,0,0,0,0.000599760095961615,0.000199920031987205,0,0.00429828068772491,0,0,0,0,9.99600159936026e-05,0,0.000499800079968013,0.000199920031987205,0,0,9.99600159936026e-05,0.00989604158336665,0,0,0.000899640143942423,0,0,0.00279888044782087,0.00629748100759696,0,0,0.00039984006397441,0,0.00839664134346262,0.00289884046381447,0,9.99600159936026e-05,0,0,0.00499800079968013,0,0,0,0.00079968012794882,0,0,0,0.0689724110355858,0,0.00149940023990404,0,0,9.99600159936026e-05,9.99600159936026e-05,0,0,0,0.000899640143942423,0,0,0,0.0351859256297481,9.99600159936026e-05,0,0,0,9.99600159936026e-05,0,0,0,0,0,0,0.00129948020791683,0,0,0,0,0,0.000199920031987205,0.000599760095961615,0.00139944022391044,0,0.000299880047980808,0,0,0,0.00159936025589764,0,0,0,0.0227908836465414,0,0,0.0156937225109956,9.99600159936026e-05,0,0.0230907636945222,0,0,9.99600159936026e-05,0,0,0.0380847660935626,0,0,0,0,0.00039984006397441,0,0,0,0.00239904038384646,0,0,0.0103958416633347,0.00109956017592963,0.000599760095961615,0.000299880047980808,0.00339864054378249,0.00289884046381447,0.0159936025589764,0.00039984006397441,0.0076969212315074,0,0,0.000599760095961615,0,0,0.0137944822071172,0,0.000599760095961615,0.000499800079968013,0.00269892043182727,0,0,0.000599760095961615,0,9.99600159936026e-05,9.99600159936026e-05,0.0037984806077569,0,9.99600159936026e-05,0,9.99600159936026e-05,0,0.000299880047980808,0,0,0,0.000299880047980808,0,0,0.000199920031987205,0.00119952019192323,0.00279888044782087,0,0.000499800079968013,0.00079968012794882,0,9.99600159936026e-05,0.00269892043182727,0.00219912035185926,9.99600159936026e-05,0.00339864054378249,0,0.000199920031987205,0,0.000299880047980808,9.99600159936026e-05,0,0,0.00629748100759696,0,0.00129948020791683,0.00829668132746901,0,9.99600159936026e-05,0,0,0.000199920031987205,0.00039984006397441,0,0,0,0.00909636145541783,0,0,0,0,0,0.00199920031987205,0.0199920031987205,0,0,0,0,0.000899640143942423,9.99600159936026e-05,0.000499800079968013,0.00269892043182727,0,0.021891243502599,0
0,0.000299850074962519,0,0,0,9.99500249875062e-05,0.00109945027486257,0.000199900049975012,0,0,0,0,9.99500249875062e-05,0,0.0107946026986507,0,0,0.000199900049975012,0,0.000199900049975012,0.00759620189905048,0.00139930034982509,0,0,9.99500249875062e-05,0.240979510244878,0.000599700149925037,0,0.000299850074962519,0.000599700149925037,0,0,0,0.0144927536231884,0,0,0.000999500249875062,0.0135932033983008,0,0,0,0,0,0,0,0.0261869065467266,0,0.000999500249875062,0,0,0.000599700149925037,0,0,0,0.00199900049975012,0,0,0,0,0.00129935032483758,9.99500249875062e-05,0.00079960019990005,0,9.99500249875062e-05,0,0.000299850074962519,0.00249875062468766,0,0,0.000199900049975012,0.00529735132433783,0,0,0,0,0,0,0,0,0.00139930034982509,0,9.99500249875062e-05,0.000199900049975012,0,0,0.000599700149925037,0,0,0,0.00609695152423788,0,0,0.016791604197901,0,0,0,0,0,0.0079960019990005,0,0,0.00409795102448776,0.00149925037481259,0,0,0,0,0.00419790104947526,0.00169915042478761,0.00359820089955022,0,0,0,0.00199900049975012,0,0,0.00409795102448776,0,0.016191904047976,9.99500249875062e-05,0,0,0,9.99500249875062e-05,0.0181909045477261,0,0,0,0,0,0.00599700149925037,0.000499750124937531,0,0,0,0,0.119140429785107,0,9.99500249875062e-05,0,0.000999500249875062,0,0,9.99500249875062e-05,0,0,0.000199900049975012,0.000999500249875062,0.000199900049975012,0,0.00229885057471264,0.0191904047976012,0,0,0.000399800099950025,0,0,0,0,0,0,0,0.0212893553223388,0,0,0,0.00169915042478761,0,0,0,0.000499750124937531,0,0.138530734632684,0,0,0,0,0.00109945027486257,0,0.000899550224887556,0,0.000899550224887556,0,0,0.000299850074962519,0,0,0,0,0,0,0.00519740129935032,0.000199900049975012,0,0.0228885557221389,0,0.000199900049975012,0.000299850074962519,0,0,0,0,0,9.99500249875062e-05,0,0.000199900049975012,0,0,0.000399800099950025,0.000199900049975012,0.000199900049975012,0,0,0.000199900049975012,0,0,0.00109945027486257,0,0,0.00079960019990005,0.000999500249875062,0.000299850074962519,0.0192903548225887,0,0,0,0.00589705147426287,0,0.00419790104947526,0.00079960019990005,0,0,0,0.00729635182408796,0,0,0.000899550224887556,0,0,9.99500249875062e-05,0,0,0,0,0.000299850074962519,0,0,0,0,0,0,0,0.000199900049975012,0,0,0.000899550224887556,0.00079960019990005,0,0,0.0131934032983508,0.000399800099950025,0,0.000299850074962519,0.000299850074962519,0.000299850074962519,0,0,0,0,0.000599700149925037,0.000999500249875062,0,0.0107946026986507,0,0,0,0,0,0,0.116941529235382,0,0,0.0199900049975013,0,0,0.00139930034982509,0.00209895052473763,0,0,0.00289855072463768,0,0,0,9.99500249875062e-05,0,0,0.000499750124937531,0,0,0.0168915542228886,0
0,0,0,0,0,0,0,0,0,0,0,0,0,0,0.0011997600479904,0.0001999600079984,0.00449910017996401,0,0,0,0,0.00449910017996401,0,0,0.000499900019996001,0.0895820835832833,0,0.000599880023995201,0.0011997600479904,0,0,0.0028994201159768,0,0.0116976604679064,0,0,0,0.0160967806438712,0.0001999600079984,0,0,0,0,0,0,0.00249950009998,0,9.99800039992002e-05,0,0,0,0,0,0,0.0002999400119976,0,0,0,0,0.00499900019996001,0.0001999600079984,0,0,9.99800039992002e-05,0,9.99800039992002e-05,0.002999400119976,0,0,0.00349930013997201,0.0013997200559888,0,0,9.99800039992002e-05,0,0,0,0,0,0.000799840031993601,0.00249950009998,0.0018996200759848,0.0001999600079984,0,0,0.0001999600079984,0,9.99800039992002e-05,0,0.0143971205758848,0.0102979404119176,0,0,0,0,0,0.00529894021195761,0,0.00609878024395121,0,0,0.000999800039992002,0,0.0001999600079984,0.0002999400119976,0.0011997600479904,0,0.113577284543091,0.000699860027994401,0.00629874025194961,0,0,0.000499900019996001,0.00389922015596881,0,0.00749850029994001,0.0001999600079984,0,0.01499700059988,0,0,0,0,0.0023995200959808,0.105878824235153,0,9.99800039992002e-05,0,0.0015996800639872,0,0.0126974605078984,0.000699860027994401,0,0,0,0,0.0593881223755249,0.00509898020395921,0,0,0.0001999600079984,0,0,0,0,0,0.000399920015996801,0.00919816036792642,0,0,0.00329934013197361,0.0131973605278944,0,0.00419916016796641,0,0,0,0,0.000399920015996801,0.000499900019996001,0,0,0,9.99800039992002e-05,0,0,0.00549890021995601,0,0.0001999600079984,0.0001999600079984,0.0001999600079984,0,9.99800039992002e-05,0,0,0,0,0,0.0348930213957209,0.0198960207958408,0.00599880023995201,0.0022995400919816,0.00379924015196961,0.0011997600479904,0.000399920015996801,0,0,0,0,0.0011997600479904,0.0001999600079984,0.00499900019996001,0,0,0,0,0.001499700059988,9.99800039992002e-05,0,9.99800039992002e-05,0,0,0,0.000499900019996001,0,0.0030993801239752,0,0,0,0,0,0,0.0002999400119976,0,0,0,0.000699860027994401,0.0001999600079984,0.00719856028794241,0.000499900019996001,0,0.0015996800639872,0,0.000599880023995201,0.0012997400519896,9.99800039992002e-05,0,0,0.00589882023595281,0.000599880023995201,0.00409918016396721,0,0,0.00729854029194161,0,0,0.0002999400119976,0,0,0.00559888022395521,0,0,0,0,0.000799840031993601,0.00489902019596081,0,0,0,0,0.0002999400119976,0.000499900019996001,9.99800039992002e-05,0,0.0002999400119976,9.99800039992002e-05,0.000399920015996801,0,0.0016996600679864,0,9.99800039992002e-05,0,0,0.0001999600079984,0,0,0,0.0001999600079984,0.0002999400119976,0.0025994801039792,0,0,0.0142971405718856,0,0,0,0,0,0,0.209658068386323,0,0,0.0403919216156769,0,0,0,0,9.99800039992002e-05,9.99800039992002e-05,0.00969806038792242,0,0,0,0,0,0,0.0001999600079984,0,0,0.0293941211757648,0
0,0,0,0,0,0,0.006,0,0,0,0,0,0,0,0.0015,0,3e-04,0,0,0,0,0.0012,0,0,0,0.0419,0,0,0.0018,1e-04,2e-04,0,0,0,0,0,0,0,0,0,0,0,0,0,0,0.0032,0,0,0,0,0,0,0,0,0,1e-04,0,0,0,0.0119,0,0,0,0,0,0,0.0012,0,0,5e-04,0.0031,0,0,0,0,0,0,0,0.0077,0,0,0,0,0,0.0045,0,0,0,0,0.0129,0,2e-04,0,0,0,2e-04,0,1e-04,0.0036,0,0,0,0,0,0.0012,0,0.0277,0.0373,0,0,0,0,0,0.0176,0,0,0,0,0.0575,1e-04,0,0,0,0,0.0046,0.1345,0,0,0,0,0,0,0,1e-04,0,0,0.0049,0,0,0,0.0012,0,0,0,0,0,0,0,0,0,0,0,0,0,1e-04,0,0.0014,0,0,0,0,0,0,0.028,0,0,0,0,0,0,6e-04,0,0,0,0,0,0,0,0.0019,0,0,0,0,0,0.0021,0,0,3e-04,0,0,0,0.0073,0,0,0,0,0,0,0,1e-04,0,0,0,0,0,0.0011,0,0,1e-04,0,6e-04,0,0,0,3e-04,0,0,0,0,0,0,0,0,0,0,0,0,0,0,0,0,0,0,0.003,0,0,0,0,2e-04,0,0,0,0,0,0,0.0022,0,0,0,0,0,0,0,0,0,1e-04,0,0,2e-04,0.0021,0,0,0,7e-04,0,0,0,0,0,0.1044,0,0,0.0506,0,0.0011,0,0,0,0,0.3792,0,0,0.0107,0,0,0,0,0,0,0.0061,0,0,0,0,1e-04,0,0.0064,0,0,1e-04,0
0,0,0,0.000299790146897172,0,0,0,0,0,0.000799440391725792,0,0,0,0,0.000399720195862896,0,0,0,0,0,0,0.000899370440691516,0.00049965024482862,0,0,0.179174577795543,0,0,0.00049965024482862,0,0.00449685220345758,0,0,0.0153892275407215,0,0,0.000799440391725792,0,0.00489657239932048,0,9.9930048965724e-05,0,0,0,0,0.170980313780354,0,0,0.000399720195862896,0.000299790146897172,0,0,0,0,0,0,0,0,0,0.000399720195862896,0,0,0,0,0,0,0.0110922354351954,0,0,0,0.00139902068552014,0,0,0,0,0,0,0,0,0,0.00049965024482862,0,0,0,0,0.00879384430898371,0.000299790146897172,9.9930048965724e-05,0.000199860097931448,0.0020985310282802,0,0,0.000299790146897172,0,0,0.000199860097931448,0,0,0.00579594284001199,0,0,0,0,0,0,0,0,0.0102927950434696,0.0020985310282802,0.00049965024482862,0,0,0,0.0078944738682922,0,0.0165883881283102,0,0,0,0,9.9930048965724e-05,0,0,0,0.0250824422903967,0,0,0,0,0,0,0.00309783151793744,0,9.9930048965724e-05,0,0.000899370440691516,0.00169881083241731,0.00259818127310882,0,0,0.0181872689117618,0,0,0.00049965024482862,0,0,0,0.00319776156690317,0,0,0.0020985310282802,0.000599580293794344,0,0,0,0,0,0,0,0.00389727190966324,0,0,0,0.0300789447386829,0,0,0,0,0,0,0,0,0,0,0,0,0,0,0,0,0,0,0,0.00689517337863496,0,0,0,0,0,0,0,0.0166883181772759,9.9930048965724e-05,0,0,0,0.00119916058758869,0,0.000199860097931448,0,0,0,0,9.9930048965724e-05,0,0,0,0,0.000299790146897172,9.9930048965724e-05,0,0,0,0,0,0,0,0,0.00259818127310882,0,0,0,0,0,0.00309783151793744,0,0,0,0.00129909063655441,0,0.00129909063655441,0,0,0.0353752373338663,0,0,0,0,0,0,0,9.9930048965724e-05,0,0,0.0187868492055561,0,0,0,0,0,0,0,0,0,0,0.0124912561207155,0,0,0,0,0.000199860097931448,0,0,9.9930048965724e-05,0,0,0,0,0,9.9930048965724e-05,0,0.000199860097931448,0.138602977915459,0,0,0,0,0,0,0.178874787648646,0,0,0.0222844009193565,0,0,0,0,9.9930048965724e-05,0,0,0,0,0,0,0.00339762166483462,0,0.00739482362346358,0,0,0.0074947536724293,0
9.99700089973008e-05,0,0,0,0,0,9.99700089973008e-05,0.00329901029691093,0,0,0,0,0,0,0.000399880035989203,0,0,0,0,0,0,0,0,9.99700089973008e-05,0,0.0849745076477057,0,0,0,0,0,0,0,0,0,0,0.0169949015295411,0.0221933419974008,0,0,9.99700089973008e-05,0,0,0,0,0,0,0,0,0,0.000999700089973008,0,0,0,0.0164950514845546,0,0,0,0,0.0150954713585924,0,0.00189943017094872,9.99700089973008e-05,0.00439868039588124,0,0,0.00809757072878137,0,0,0,0.00739778066580026,0,9.99700089973008e-05,0,0,0.000499850044986504,0,0,0,0.0145956213136059,0,0,0.0169949015295411,0,0,0,0,0,0,0.00949715085474358,0,9.99700089973008e-05,0.000199940017994602,0,0,9.99700089973008e-05,0,0,0,0,0,0.000599820053983805,0,0,0,0,0,0.0283914825552334,0,0.000399880035989203,0,0,0,0.0534839548135559,0,0,0,0,0,0.000199940017994602,0,0,0,0.000199940017994602,0.0859742077376787,0,0,0,0,0,0,0,0,0,0,0,0.374987503748875,0,0,0,0.000299910026991902,0,0,0,0,0,0.00359892032390283,0,0,0,0.00249925022493252,0,0,0.000299910026991902,9.99700089973008e-05,0,0,0,0,0,0,0,0,0,0,0,0,0,0,0,0,0,0,0,0,0,0,0.00659802059382185,0.00539838048585424,0,0,0,0,0,0,0,0,0,0,0,0,0,9.99700089973008e-05,9.99700089973008e-05,0,0,0,0.00229931020693792,0,0,0,0,0,0,0,0.00429871038688393,0.000899730080975707,0.00129961011696491,0,0,0,0,0,0,0.00409877036888933,0,0.00439868039588124,0,0,0.000399880035989203,0,0.00109967009897031,0,0,0,0,0,0,0,0,0,0,0,0.0218934319704089,0,0,0,0,0,0.00929721083674898,0,0,0,0,0,9.99700089973008e-05,0,0,0,0,0,0,0,0,0.00689793062081376,0,0.000199940017994602,0,0,0,0,0,0,0,0,0,0.000199940017994602,0,0.010296910926722,9.99700089973008e-05,0,0,0,0,0,0,0,0,0,0.11036688993302,0,0,0.0268919324202739,0,0,0.000299910026991902,0,0,0,0,0,0,0,0,0.00629811056682995,0,0.000299910026991902,0,0,0,0
0,0.000299880047980808,0,0,0,9.99600159936026e-05,0.000299880047980808,0,0,0,0,0,0.000499800079968013,0,0.0183926429428229,0,0,0,0,0,0,0,0,9.99600159936026e-05,0,0.108556577369052,0,0,0.00849660135945622,0.000299880047980808,9.99600159936026e-05,0,0,0,0,0,0.000299880047980808,0,0,0,0,0,0,0,0,0.122850859656138,0,9.99600159936026e-05,0,0,9.99600159936026e-05,0,0,0,0,0,0,0,0,0,9.99600159936026e-05,0,0,0,0,0.000599760095961615,0.00039984006397441,0.000499800079968013,0.000499800079968013,0,0.00139944022391044,0,0,0,0,0,0,0,0,0.00149940023990404,0,0,0.00539784086365454,0,0.00959616153538585,0.0179928028788485,0.0375849660135946,0,0,0.0261895241903239,0,0.000599760095961615,0.0349860055977609,0,0,0,0,0,0.0125949620151939,0,0,0,0,0,0.000199920031987205,0,0,0.0117952818872451,0,0,0,0,0,0,0,0.00229908036785286,0,0,0.00679728108756497,0,0,0,0,0.000199920031987205,0.0782686925229908,0,0,0,0,0,0.014094362255098,0.000699720111955218,0,0,0,0,0.0401839264294282,0,0,0,0.00479808076769292,0,0,0,0,0,0,0,0,0,0.00639744102359056,0.00079968012794882,0,0,0.000199920031987205,0,0,0,0,0,0,0,0,0,9.99600159936026e-05,0,0,0,0,0,0,0,0,0,0,0,0,0.00309876049580168,0,0,0,0,0,0,0,0,0,0,0,0,0,0.00949620151939224,0,0,0,0,0,0,0,0,0,0,0,0,0,0.00449820071971212,0,0,0.00039984006397441,0.00129948020791683,0,0,0,0.00179928028788485,0,9.99600159936026e-05,0,0.000599760095961615,0.000199920031987205,0,0,0.000499800079968013,0,0,0,0,0,0,0.0195921631347461,0,0,0,0,0.0232906837265094,0,0,0,0,0,0,0,0,0,0,0.000999600159936026,0,0,0,0,0,0,0,0.000299880047980808,0.0038984406237505,0.000599760095961615,0.023390643742503,0,0,0,0,0.000599760095961615,0,0,0,0,0,0,0,0,0.00039984006397441,0.0121951219512195,0,0.100459816073571,0,0,0,0,0,0,0.127848860455818,0,0,0.0619752099160336,0,0,0,0,0,0,0,0,0,0,0,0.00469812075169932,0,0.0107956817273091,0,0,0.00969612155137945,0
0,0,0,0,0.000999700089973008,0,0.00719784064780566,0.00709787063880836,0,0.00199940017994602,0,0,0,0,0.000799760071978406,0,0.00299910026991902,0,0,0,0,0.00399880035989203,0.000999700089973008,0.00119964010796761,0.000299910026991902,0.0817754673597921,0,0,0.00769769069279216,0.0135959212236329,0.0838748375487354,0,0,0.00589823053084075,0,0,0.00809757072878137,0.0226931920423873,0,0,0,0,0,0,0,0.000699790062981106,0,0,9.99700089973008e-05,0,0,0,0,0.000599820053983805,0.0161951414575627,0.00189943017094872,0,0.00179946016195141,0,0.032890132960112,0.000799760071978406,0,0,0,0,0,0,9.99700089973008e-05,0,0,0.00589823053084075,0,0,0,0,0,0,0,9.99700089973008e-05,0.00769769069279216,0,0,0.0665800259922023,0,0,0,0,0,0.000399880035989203,0.000199940017994602,0,0.0165950214935519,0,0,0,0,0,9.99700089973008e-05,9.99700089973008e-05,0,0,0,0,0,0,0,0.00929721083674898,0.00969709087273818,0,0.0120963710886734,0,0,0.00499850044986504,9.99700089973008e-05,0,0.0197940617814656,0.000199940017994602,0,0,0,0.000599820053983805,0,0,0,0.000299910026991902,0,0,0,0,0,0.000499850044986504,0.000299910026991902,0,0,0,0,0.131460561831451,0,0,0,0,0,0,0,0,0.00459862041387584,0,0.0167949615115465,0,0.000299910026991902,0,0.018594421673498,0,0,0.000199940017994602,0,0,0,0,0.00989703089073278,0,0,0,9.99700089973008e-05,0,0,0.00229931020693792,0,0,0,0,0.00219934019794062,0,0,9.99700089973008e-05,0,0,0,0,0,0.0113965810256923,0,0,0,0,0,0,0,0,0.000599820053983805,0,0.00159952014395681,9.99700089973008e-05,0,0,0,0.00189943017094872,0,0,0,0,0,0,0,0,0,0,0,0,0.000699790062981106,0.00639808057582725,0,0,0.000599820053983805,0.000699790062981106,0.00339898030590823,0.00389883035089473,0.0453863840847746,0,0,0.050184944516645,0,0,0,0.00199940017994602,0.00109967009897031,0,0,0.000299910026991902,0.00319904028791363,0,0,0,0.00449865040487854,0,0,0,0,0,0,0,0,0.00459862041387584,0.00389883035089473,0,0.00549835049485154,9.99700089973008e-05,0.000799760071978406,0,0,0,0,0.00619814055783265,0,0.00339898030590823,0.0210936718984305,0,0,0,0.00749775067479756,0,0,0,0.000499850044986504,0,0,0,0,0.0258922323303009,0.000599820053983805,0,0,0.0133959812056383,0,0.00139958012596221,0,0,0,0.000499850044986504,0.0677796661001699,0,0,0.0333899830050985,0,0,0,0,0.000699790062981106,0,0.00429871038688393,0,0,0,0,0.00119964010796761,0,0.000299910026991902,0,0,0.0105968209537139,0
0,9.98701687805852e-05,0,0,0,0,0,9.98701687805852e-05,0,0.000399480675122341,0,0,0,0,0.00179766303805053,0,0.00649156097073804,0,0,0,9.98701687805852e-05,0.000399480675122341,0.00189753320683112,9.98701687805852e-05,0.00019974033756117,0.378208329172076,0,0,0.000299610506341756,9.98701687805852e-05,0,0,0,0.00629182063317687,0,0,0.000898831519025267,0,0.000299610506341756,0,0,0,0,0,0,0.00149805253170878,0,0,0.0019974033756117,0.000399480675122341,0,0,0,9.98701687805852e-05,9.98701687805852e-05,0,0,0.000599221012683511,0,0.00019974033756117,9.98701687805852e-05,0,0,0,0,0,0.00209727354439229,0,0,0,9.98701687805852e-05,0,0,9.98701687805852e-05,0,0,0,0,0,0,0.000399480675122341,0,0.000399480675122341,0,9.98701687805852e-05,0.000898831519025267,0.0135823429541596,0,0,0.00459402776390692,0,9.98701687805852e-05,0.000399480675122341,0,0,0,0,0,0,0,0,0,0.00329571556975931,0,9.98701687805852e-05,0.000499350843902926,9.98701687805852e-05,0.00159792270048936,0,0,0,0,0.00159792270048936,0.00499350843902926,0,0.010586237890742,0,0,0,9.98701687805852e-05,0,0,0,0,0.0261659842205133,0,0,0,0,0,0.00019974033756117,0.00559272945171277,0,0,0.000399480675122341,0,0.0135823429541596,0.00359532607610107,0,0,9.98701687805852e-05,0,0,0,0,0,0,0.00169779286926995,0,0,0,0.000898831519025267,0.000299610506341756,0,0,0,0,0,0,9.98701687805852e-05,0,0,0,0,0,0,0,0,0,0,0,0,0,0,0,0,0,9.98701687805852e-05,0,0,0.00429441725756517,0,0,0.00179766303805053,0,0,0,0.00329571556975931,0,0,0,0.00149805253170878,9.98701687805852e-05,0,0,0,0,0,0,0,0,0,0,0,0,0.000299610506341756,9.98701687805852e-05,0,0,0.00019974033756117,0,0,0,0,0.00019974033756117,0,9.98701687805852e-05,9.98701687805852e-05,0.000399480675122341,0,0,0,0,0,0.000998701687805852,0,0,0.02047338460002,0,0.000798961350244682,0.00769000299610506,0.00019974033756117,0,0.194347348447019,0,0,0,0,0,0,0,0,0,0.0345550783980825,0,0,0,0,0,0,0,9.98701687805852e-05,9.98701687805852e-05,9.98701687805852e-05,9.98701687805852e-05,0.00499350843902926,9.98701687805852e-05,0,9.98701687805852e-05,9.98701687805852e-05,0,0,0,9.98701687805852e-05,0,0,0,0,0,0.0136822131229402,0,0,0.0266653350644163,0,9.98701687805852e-05,0,9.98701687805852e-05,0,9.98701687805852e-05,0.178567861779686,0,9.98701687805852e-05,0.000599221012683511,0,0,0,0,0,0,0,0,0,0,0,0.000798961350244682,0,0.00019974033756117,0,0,0.000798961350244682,0
0,0,0.0002000400080016,0,0,0,0,0,0,0.0001000200040008,0,0,0,0,0.0011002200440088,0,0,0,0,0,0,0.000900180036007201,0,0.0002000400080016,0,0.0003000600120024,0,0,0.0012002400480096,0.0107021404280856,0.092618523704741,0,0,0.000500100020004001,0,0,0.00500100020004001,0,0,0,0,0,0,0,0,0,0,0,0,0,0,0,0,0.000500100020004001,0,0.001500300060012,0.000500100020004001,0,0.0001000200040008,0.0277055411082216,0,0,0,0,0,0,0.0028005601120224,0,0,0.0023004600920184,0,0,0,0.000700140028005601,0,0,0,0,0,0.00450090018003601,0,0,0.031506301260252,0,0.00390078015603121,0.0002000400080016,0.000400080016003201,0,0,0,0,0.00820164032806561,0.0281056211242248,0,0,0.0001000200040008,0,0,0,0,0,0,0,0,0,0,0,0.0817163432686537,0,0,0,0,0,0,0,0.0002000400080016,0,0,0.00370074014802961,0,0.0003000600120024,0.001500300060012,0,0,0.0101020204040808,0.0147029405881176,0,0,0,0,0,0.00550110022004401,0,0.0001000200040008,0,0,0.00390078015603121,0,0,0,0.0793158631726345,0,0,0,0,0,0,0,0,0.000400080016003201,0.000500100020004001,0.00580116023204641,0,0,0,0,0,0,0,0.00410082016403281,0,0,0,0.0001000200040008,0,0,0,0,0,0,0.0011002200440088,0,0,0,0,0,0,0,0.0014002800560112,0,0.0149029805961192,0,0,0.0026005201040208,0,0,0,0,0,0,0.00360072014402881,0.00740148029605921,0,0,0,0,0,0,0,0,0,0,0,0.118123624724945,0,0.0029005801160232,0,0,0,0,0,0,0,0.0031006201240248,0.000500100020004001,0,0.0134026805361072,0.0023004600920184,0,0,0,0.0001000200040008,0,0.0204040808161632,0.000900180036007201,0,0,0,0,0,0,0.0001000200040008,0,0.0286057211442288,0,0,0.0017003400680136,0,0,0,0,0,0,0,0.00660132026405281,0.0013002600520104,0,0,0,0,0,0,0,0,0.00460092018403681,0.0157031406281256,0.00250050010002,0,0.000500100020004001,0,0.000500100020004001,0,0,0.0003000600120024,0,0,0,0,0,0,0,0,0.0550110022004401,0.0528105621124225,0,0.000500100020004001,0.001000200040008,0,0,0.174034806961392,0,0,0,0,0,0,0,0,0.001500300060012,0.0101020204040808,0,0,0,0,0,0.00440088017603521,0,0,0,0.00770154030806161,0
0,0,0,0.0011,7e-04,1e-04,0.0024,0.0018,0,9e-04,1e-04,0,1e-04,0,9e-04,0,0,0,0,0,0.0054,0.0075,0,0,2e-04,0.1193,1e-04,0,0.0043,0,0.0012,0,0,0.0056,0,0,7e-04,0.0083,3e-04,0,0,0,1e-04,0.0048,1e-04,0.028,0,4e-04,6e-04,0,3e-04,0,0,0,0,0,0,4e-04,0,0.0044,7e-04,1e-04,0,0.002,0,0,0.0038,0,0.0022,0,0.017,1e-04,0,1e-04,0,0.0015,0,0,0,8e-04,5e-04,0.0016,0.002,0,5e-04,0,0,0,0,0.0092,0.0319,0,0,1e-04,0,0,0,0,0.0028,0,0,0,1e-04,0,2e-04,0.0013,0,0.0035,0.0204,0.0132,0.001,0.0177,1e-04,0.0531,0,0.015,0,0,0,0,0,0,0,2e-04,0.0362,0,0,0,0.001,0,0.0043,1e-04,0.0052,0,0,0,0.009,0.0019,1e-04,0,1e-04,0,0,5e-04,0,0,2e-04,0.0054,0,5e-04,0.0027,0.0057,1e-04,0.0022,0,0,0,0,0,1e-04,0,0.0026,0.013,0.0146,0,0,0.0015,0,0,0,0,0.0012,2e-04,0,5e-04,0,0,4e-04,9e-04,7e-04,0.005,0.0034,0,0.0015,0.0122,0,0,0,0,0,0,0.0255,0,0,0.0022,0,0,0,0,0,0,0,0,0,0,1e-04,0,0,1e-04,0.0029,0,0,0,0,0.0011,0,0,0.0085,0.0039,0,0,0.0039,0.0012,0,0,0,0.0404,0,0.0098,5e-04,0.0154,0,0,0.0525,6e-04,2e-04,0.0014,0,0,0.0015,0.0013,0,0,0,0,0,0,0,5e-04,0,0.0019,0,9e-04,0,0.0016,0.0181,1e-04,0,0,0.0012,3e-04,0,0,2e-04,3e-04,0,0,0,0,0.0015,0,0,0.1524,0,0,0,0,0,0,0.0108,3e-04,0,0.0617,1e-04,0,0,1e-04,0,0.0013,0.0097,0,1e-04,0,0,0.0076,0,0.0022,0,0,0.0111,0.0072
0,0,0,0.000699230846069324,0,0,0,0,0.00779142942762961,0,0,0,0,0.0100889022075717,0,0,0.000299670362601139,0,9.98901208670463e-05,0,0.0133852761961842,0.00079912096693637,0.00159824193387274,0.000299670362601139,0.000399560483468185,0.0106882429327739,0,0,0.0246728598541604,0.00819098991109779,0.00549395664768754,0.000499450604335231,0,0.0102886824493058,0,0,0.00399560483468185,0.0254719808210968,0.000199780241734093,0,0,9.98901208670463e-05,0,0,0,0.000998901208670463,0,9.98901208670463e-05,0.000399560483468185,0,0,0,0,9.98901208670463e-05,0.000199780241734093,0,0,0,0,0.0273698931175707,0.000399560483468185,0.00189791229647388,0,0,0,0,0.000399560483468185,0,0,0.00829088003196484,0.00109879132953751,0,0,9.98901208670463e-05,0,0,0,0,0,0.00289681350514434,0.000299670362601139,0,0,9.98901208670463e-05,0.00209769253820797,0,0,0,0.00079912096693637,0.00179802217560683,0,0.010888023174508,0.0131854959544501,0.00229747277994206,0,0,0,0,0.000299670362601139,0,0,0,0,0,0.000199780241734093,0.000299670362601139,0.000599340725202278,0.36759564479073,0,0.00899011087803416,0,0,0.0012985715712716,0.0012985715712716,0,0.0176805513934672,0,0,0.0211767056238138,9.98901208670463e-05,0,0,0,0,0.00109879132953751,0,0,0,0,9.98901208670463e-05,0.00189791229647388,0.000299670362601139,9.98901208670463e-05,0,0,0,0.00968934172410349,0,0,0,0,0,0,0,0,0,0.000699230846069324,0.000998901208670463,0,0.000699230846069324,0.000699230846069324,0.00429527519728299,0,0,0,0,0,0,0.000399560483468185,0.00189791229647388,0,0,0.00769153930676256,0,0,0,0.00179802217560683,0,0.000199780241734093,0,0,0,0,0,0,0,0.000199780241734093,0.00968934172410349,0.00319648386774548,0,0.0040954949555489,0.000299670362601139,0,0.00869044051543302,0.00079912096693637,0,0,0,0,0.000998901208670463,0,0.00249725302167616,0,0,0.00159824193387274,0,0.0025971431425432,0,0,0,0,0,0,0,9.98901208670463e-05,0.000399560483468185,0,0,0,0,9.98901208670463e-05,0.00249725302167616,0,0,9.98901208670463e-05,0,0.000998901208670463,0,0.0105883528119069,0.00179802217560683,0.0239736290080911,0,0.000998901208670463,0,0.000998901208670463,0,0,0.0166816501847967,0.00299670362601139,0.000199780241734093,0.00789131954849665,0,0.000299670362601139,0.00119868145040456,0,0,0,0,0,0,0,0,9.98901208670463e-05,0.00729197882329438,0.000199780241734093,0.0025971431425432,0,0,0,0,0.000299670362601139,9.98901208670463e-05,0,0,0,0,0.000299670362601139,0,0.000199780241734093,0.000299670362601139,0,0,0,0.000199780241734093,0,0,0,0,0.0115872540205774,0.0408550594346219,0.00339626410947957,0.000199780241734093,0,0,0.0066926380980921,0,0,0,9.98901208670463e-05,0.155029467585656,0,0,0.00469483568075117,0,0,0,0,0,9.98901208670463e-05,0.00229747277994206,0.000299670362601139,0,0,0,0.000699230846069324,9.98901208670463e-05,0.0012985715712716,0,0,0.00169813205473979,0
0,0.00119964010796761,0,0.00249925022493252,0,9.99700089973008e-05,0,0.00359892032390283,0,0.000799760071978406,0,0,0.000199940017994602,0.00209937018894332,0.00179946016195141,0,0.000999700089973008,0,0,0.000399880035989203,0.0100969709087274,0.00189943017094872,0.00459862041387584,0,0.00169949015295411,9.99700089973008e-05,0,0,0.000799760071978406,9.99700089973008e-05,0,0,0.000299910026991902,0.00359892032390283,0,0,0.000299910026991902,0.00649805058482455,0.00109967009897031,0,0,0,0,0.0131960411876437,0.000199940017994602,0.0117964610616815,0,0.00119964010796761,0.00169949015295411,0,0,0,0,0,0,0,9.99700089973008e-05,0.00129961011696491,0,0.000299910026991902,0.000699790062981106,0.00879736079176247,0,0,0,0,0.00109967009897031,0,0,0,0.00279916025192442,0,0,0.017294811556533,0,0,0,0,0,0.00579826052184345,0.000899730080975707,0,0,0,0.00809757072878137,0.000599820053983805,0,0,0.000199940017994602,0.00729781065680296,0,9.99700089973008e-05,0.000199940017994602,0.00899730080975707,0,0.000399880035989203,0,0,0.00219934019794062,0,0,0,0,0,0,0,0.00909727081875437,0.0579826052184345,0,0,0,0.00209937018894332,0,0.00619814055783265,0,0.00679796061181645,9.99700089973008e-05,0,0.0119964010796761,0,0.000799760071978406,0,0,0,0.00249925022493252,0,0,0,0,0,0.000399880035989203,0.00679796061181645,0,0,0,0,0.0226931920423873,0.00439868039588124,0,0,0.000299910026991902,0.000299910026991902,0,0.00209937018894332,0,0,0.00179946016195141,0.0155953214035789,0,0.00139958012596221,0.00409877036888933,0.000999700089973008,0,0,0,0,0,0,0,0.00219934019794062,0,0,0,0,0,0,0.00729781065680296,0,0.000399880035989203,0,0,0,0,0,0,0,0,0.00209937018894332,0,0,0.0107967609717085,0,0,0.0171948415475357,0,0,0,0,0,0,0,0.018294511646506,0.00239928021593522,0,0,0.00189943017094872,0.00199940017994602,9.99700089973008e-05,0,0,0,0,0,0,0,0.00419874037788663,0,9.99700089973008e-05,0.000199940017994602,0,0,0,0,0,0,0,0,0,9.99700089973008e-05,0,9.99700089973008e-05,0,0.00509847045886234,0,0,0,0,0.0375887233829851,0.00299910026991902,0,0.0175947215835249,0,0.000499850044986504,0.0386883934819554,0,0,0,0,0.000999700089973008,0,0,0,0,0,0,0,0,0,0,0.00229931020693792,0.0168949315205438,0,0.000599820053983805,0,0.00119964010796761,0.00129961011696491,0.00229931020693792,0,0.000199940017994602,0,0.000199940017994602,0,9.99700089973008e-05,0,0.000199940017994602,0,0,0,0,0.00239928021593522,0,0,0.00149955013495951,0.000399880035989203,0,0,0,0,0.000199940017994602,0.353493951814456,0,0,0.000699790062981106,0,0.0980705788263521,0,0,0,9.99700089973008e-05,0,0,0,0,0,0.00719784064780566,0,0.0370888733379986,0,0,0.00219934019794062,0
0,0,0,0.00329835082458771,0,0,0,0,0,0.00079960019990005,0,0,0,0,0,0,0,0,0,0.00649675162418791,0,0.00329835082458771,0,0,0.000399800099950025,0.0336831584207896,0,0,0.0767616191904048,0.00269865067466267,0.0426786606696652,0,0,0,0,0,0,0.0354822588705647,0,0,0,0,0,0,0,0.00399800099950025,0.00889555222388806,0,0,0,9.99500249875062e-05,0,0,0,0,0,0,0,0,0,0.000399800099950025,0,0,0,0,0,0.0145927036481759,0.00119940029985007,0,0,0,0,0,0,0,0,0,0,0,0.00339830084957521,0,0,0.0063968015992004,0,0,0,0,0,0,0,0,0,0,0,0,0,0,0,0,0,0,0,0,0,0,0,0,0.0149925037481259,0.00749625187406297,0.00129935032483758,0,0,0.00139930034982509,0.00079960019990005,0,0.00889555222388806,9.99500249875062e-05,0,0,0,0,0,0,0,0.000899550224887556,0,9.99500249875062e-05,0,0,0,0.00399800099950025,0,0,0,0,0,0.229985007496252,0,0,0,0.00109945027486257,0,0,0,0,0,0,0.00339830084957521,0,0,0,0.00169915042478761,0.000199900049975012,0,0,0,0,0,0,0,0,0,0,0,0,0,0,0,0,0,0,0,0,0,0.000899550224887556,0,0,0,0.00609695152423788,0.0031984007996002,0.00629685157421289,0,0,0,0,0,0,0,0,0,0,0.00819590204897551,0,0,0.00109945027486257,0,0,0.000299850074962519,0,0,0,0,0,0.00499750124937531,0,0.0164917541229385,0.00369815092453773,0,0,0,0,0,0,0.00079960019990005,0,0,0.0047976011994003,0,0.0129935032483758,0,9.99500249875062e-05,0,0,0,0.00309845077461269,0,0.00249875062468766,0,0.00269865067466267,0.00179910044977511,0.0103948025987006,0,0,0.0588705647176412,0,0.000199900049975012,0,0,0,0,0,0,0.00509745127436282,0,0,0.000899550224887556,0,0.000199900049975012,0,0,0,0,9.99500249875062e-05,0,0,0.0175912043978011,0.000199900049975012,0,0,0,0.00189905047476262,0,0,0,0,0,0,0.0150924537731134,0,9.99500249875062e-05,0.000899550224887556,0.00849575212393803,0.00749625187406297,0,0,0,9.99500249875062e-05,0,0,0.19880059970015,0,0,0.0171914042978511,0,0,0,0,0.0122938530734633,0,0.00239880059970015,0,0,0,0,0.0257871064467766,0,0,0.00109945027486257,0,0.0137931034482759,0
0,0,0,0,0,0,0,0,0,0,0,0,0.000800160032006401,0,0.0274054810962192,0,0,0,0,0,0,0,0,0,0,0.00640128025605121,0,0,0,0.00340068013602721,0,0,0,0,0,0,0.000600120024004801,0.00990198039607922,0,0.0003000600120024,0,0,0,0,0,0.0138027605521104,0,0,0,0,0.0016003200640128,0,0,0,0,0,0,0,0,0,0,0,0,0.000600120024004801,0,0,0.015503100620124,0,0,0,0.0431086217243449,0,0.00830166033206641,0,0,0,0,0,0,0,0,0,0,0,0.0183036607321464,0,0,0,0,0.013502700540108,0.00400080016003201,0,0,0,0,0,0,0,0,0,0,0,0,0,0,0,0,0.0449089817963593,0,0,0,0,0,0.0249049809961992,0,0,0,0,0.0023004600920184,0.0138027605521104,0,0,0,0.00360072014402881,0,0,0,0,0,0.00560112022404481,0,0.024504900980196,0,0,0,0,0.00600120024004801,0,0,0,0.0018003600720144,0,0,0,0,0,0,0,0,0,0.0002000400080016,0,0,0.0003000600120024,0,0,0,0,0,0,0,0,0,0,0,0,0,0,0,0,0,0,0.00320064012802561,0,0,0,0,0.0261052210442088,0,0,0,0,0,0.000600120024004801,0,0,0,0,0,0,0,0,0,0,0,0,0,0.000600120024004801,0,0,0,0,0,0,0,0.0024004800960192,0,0,0,0,0,0,0,0,0.000400080016003201,0,0,0.00990198039607922,0,0,0.0001000200040008,0,0,0,0,0,0,0,0,0,0,0,0,0.0680136027205441,0,0,0,0,0,0,0,0,0,0,0,0,0,0,0,0,0,0,0,0,0.00580116023204641,0,0,0.000500100020004001,0,0.00340068013602721,0,0,0.000900180036007201,0,0.0002000400080016,0,0,0,0,0.00330066013202641,0,0,0.0839167833566713,0,0,0,0,0.0003000600120024,0,0.397879575915183,0,0.0324064812962593,0.0624124824964993,0,0,0,0.0001000200040008,0,0,0,0,0,0,0,0,0,0,0,0,0.0021004200840168,0
0,0,0,0,0,0,9.99900009999e-05,0,0,0,0,0,0,0,0.0024997500249975,0,9.99900009999e-05,0.000999900009999,0,9.99900009999e-05,0,0.0004999500049995,0,0,0,0.134686531346865,0,0,0.0001999800019998,0,0,0,0,0.0007999200079992,0,0,0.0007999200079992,0.0022997700229977,0,0,0,0,0,0,0,0,0,0,0,9.99900009999e-05,9.99900009999e-05,0.0001999800019998,0,0,0,0,0,9.99900009999e-05,0,0.0030996900309969,0,0,0,0,0,0,0.0050994900509949,9.99900009999e-05,0,0,0.0004999500049995,0,0,0,0,0,0,0,0,0.0035996400359964,0,0,0.0003999600039996,0,0,0,0,0,0,0.0045995400459954,0,0.0021997800219978,0.0003999600039996,0,0,0,0,0,0,0,0,0,0,0,0,0,0,0.46955304469553,0.002999700029997,0.0404959504049595,0,0,0.0006999300069993,0,0,9.99900009999e-05,0,0,9.99900009999e-05,0,0,0,0,0,0.0018998100189981,0.0028997100289971,0.0033996600339966,0.0003999600039996,0,0,0,0,0.0051994800519948,0,0,0,0.0131986801319868,0.0043995600439956,0,0,0.0012998700129987,0,0,0,0,0,0.0014998500149985,0,0,0,0,0,0,0,0,0,0,0,0,0.0004999500049995,0,0,0,0,0,0,0,9.99900009999e-05,0,0,0,0.0314968503149685,0,0.0005999400059994,0,0,0,0,0,0,0.0010998900109989,0.0008999100089991,0,0.001999800019998,0.0010998900109989,0,0,0,0,0,0.0002999700029997,0.0047995200479952,0,0,0,0,0,0,0,9.99900009999e-05,0,0,0,9.99900009999e-05,0,0.0022997700229977,0.0003999600039996,0.0004999500049995,0,0.0001999800019998,0,0,0.0012998700129987,0,0,0,0,0.0006999300069993,0.0105989401059894,0,0.0016998300169983,0,0,9.99900009999e-05,0.0011998800119988,0,0,9.99900009999e-05,0,0.0006999300069993,0,0,0,0.006999300069993,0,0,0,0.0002999700029997,0,0.0012998700129987,0,0,0,0.0111988801119888,0.0003999600039996,0,0,0.0010998900109989,0,0,0,0,0,0,0.0014998500149985,0.0005999400059994,0.0003999600039996,0,0,0.0007999200079992,0,0,0,9.99900009999e-05,0,0,0,0,0.0008999100089991,0.0023997600239976,0,0,0.0056994300569943,0,0.0003999600039996,0,0,0,0,0.188481151884812,0,0,0,0,0,0,0,0,0.0005999400059994,0.0007999200079992,0,0,0,0,0,0,0.0006999300069993,0,0,0.0006999300069993,0
0,0,0,6e-04,0,0,1e-04,0,0,0,0,0,0,0,0,0,0,0,0,0,0,0,0,1e-04,0,0.4946,0,0,0.0064,0.0062,0,0,0,0.0151,0,0,0,0,0,0,0,0.0017,0,0,0,0,0,0,5e-04,0,0,0,0,0,0,0,0,0,0,0,0,0,1e-04,0,0,0,0,0.0056,0,0,0,0,0,0,0,0.0322,0,0,0,0,0,0,0,0,0,0,0,0,0,0.0028,0,0,4e-04,0,0,4e-04,0,0,0,0,0,0.001,0,0,0,0,0,0,0,0,0,0,0,0,0,0,0,0,0,2e-04,0,0,0,0.0058,0.0147,0,0,0,0,0,0.0011,0,0,0,0,0,0,0,0,0,0,0,0,0,0.0209,0,0,0,0,0.0022,0,0,0,0,0,0,0,0,4e-04,0,0,0,0,0,0,0,0,0.005,0,0,0.0023,0,0,0,1e-04,0,0,0,0,0,0,0,0,0,0,0,0,0,0,0,0,0,0,0,0,0,0,0,0,0,0,0,0,0,0,0,0,0,0,4e-04,0,0,0,0,0,0,0,0,0,0,0,0,0,0,0,0,0,0,0,0,0,0,0,0,0,0,0,0,0,0,0,0,0,0,0,0,1e-04,0,0,0,0,0,0,0,0,0,0,0,0,0.0034,0,0,0,9e-04,0,0,0,0,0.0023,0.0016,0,0,0,0,0,0,0,0,0,0.3583,0,0,0.0115,0,0,0,0,0,0,5e-04,0,0,0,0,0,0,0,0,5e-04,0,0
0,9.9940035978413e-05,0,0.000699580251848891,0,0,0,0.000999400359784129,0,0.00219868079152508,0,0,0,9.9940035978413e-05,0.00109934039576254,0,0.000199880071956826,0,0,0.00589646212272636,0.00409754147511493,0,0.000599640215870478,0.000299820107935239,0.00209874075554667,0.233260043973616,0,0,0.00409754147511493,0.000699580251848891,0.0383769738157106,0.0201878872676394,0,0.00959424345392764,0,0,0.00189886068358985,0.010893463921647,0.000899460323805717,0,0,0.000299820107935239,0,0.00569658205076954,0,0.00639616230261843,0,0.000499700179892065,0.000199880071956826,0,0.000199880071956826,0,9.9940035978413e-05,0.000599640215870478,0.000199880071956826,0,0,0.000499700179892065,0,0.0239856086348191,0.000599640215870478,0.00339796122326604,9.9940035978413e-05,0,0,0,0.0239856086348191,0,0,0,0.00169898061163302,0.000199880071956826,9.9940035978413e-05,0.000599640215870478,0,0,0,0,0,0.00379772136717969,0.00259844093543874,0,0.0101938836697981,0.000299820107935239,0.00439736158305017,0.000199880071956826,0,0.038976614031581,0.000199880071956826,0.000399760143913652,0,0.00809514291425145,0,0.00239856086348191,0,0.0133919648211073,0,0,0,0,0,9.9940035978413e-05,0,0,0.000299820107935239,0.000399760143913652,0.0076953827703378,0.0022986208275035,0,0.00559664201479113,0,0,9.9940035978413e-05,0.00299820107935239,0,0.0245852488506896,0,0,0.0105936438137118,9.9940035978413e-05,0,0,0,9.9940035978413e-05,0.000399760143913652,0,0,0,0,0.00329802118728763,0.000899460323805717,0.000399760143913652,0,0,0,0.000599640215870478,0.056865880471717,0.00489706176294223,0,0,0.00199880071956826,0,0,0,0,0,0.00639616230261843,0.00599640215870478,0,0.000899460323805717,0.00119928043174096,0.00489706176294223,0,0,9.9940035978413e-05,0,0,0,0.0162902258644813,0.00209874075554667,9.9940035978413e-05,0,0.00869478313012193,0,0,0,0.00129922046771937,0,0.000199880071956826,0,0,0,9.9940035978413e-05,0,0,0,0.000399760143913652,0.000799520287827304,0.0190885468718769,0.00289826104337398,0.00569658205076954,0.00239856086348191,0,0.00149910053967619,0,0,0,0.00829502298620828,0,0,0,0.00939436338197082,0.000299820107935239,9.9940035978413e-05,0.000999400359784129,0,0.0114931041375175,0.000199880071956826,0,0,0,0,0,0.0022986208275035,0,0.0219868079152508,0.000399760143913652,0,9.9940035978413e-05,0.000199880071956826,0.000499700179892065,0,0,0.000299820107935239,9.9940035978413e-05,0,0,0.00359784129522287,0.0175894463322007,0,0.00189886068358985,0.00149910053967619,0.0159904057565461,0,0.000999400359784129,0,0.00109934039576254,0.0198880671597042,0.00859484309414351,9.9940035978413e-05,0.0092944233459924,0,9.9940035978413e-05,0.0124925044973016,0,0,0,0,0,0.000599640215870478,0,0,0.004597241655007,0.0164901059364381,0.000899460323805717,9.9940035978413e-05,0,0,0,0,0.0092944233459924,0.00469718169098541,0,9.9940035978413e-05,0.00319808115130921,0.00489706176294223,0,0,0.000699580251848891,0.000599640215870478,0,0,0,9.9940035978413e-05,0.000299820107935239,0,0,0,9.9940035978413e-05,0.000799520287827304,0,0,0.000699580251848891,0,0.000799520287827304,0,0,0,0.000699580251848891,0.0176893863681791,0,0,0.015490705576654,0,0.0380771537077753,0.00969418348990606,0,0.00239856086348191,0,0.00159904057565461,0.00659604237457526,0,0.000399760143913652,0,0.000299820107935239,0,9.9940035978413e-05,0,0,0.0102938237057765,0
0.0023995200959808,0,0,0.000899820035992801,0,9.99800039992002e-05,0,0,0,0,0,0,0,9.99800039992002e-05,0.00589882023595281,9.99800039992002e-05,0,0,0.0001999600079984,0.0013997200559888,0,0,0.0010997800439912,0,0.0002999400119976,0.0203959208158368,0,0,0.00789842031593681,0.0163967206558688,0.0537892421515697,0,0.000999800039992002,0,0,0,0.001499700059988,0.0499900019996001,0.000499900019996001,0,9.99800039992002e-05,0,0,0,0,0.0414917016596681,0,0,0,0,0.00249950009998,0,9.99800039992002e-05,0.000499900019996001,0.0176964607078584,0,0,0,0,0.0002999400119976,0.001499700059988,0,0,0,0,0,0.00339932013597281,0,0.00329934013197361,0,0.0022995400919816,0,9.99800039992002e-05,0,0,0,0.000799840031993601,0,0,0,0.000899820035992801,0,0,0,0.0002999400119976,0,0,0,0.001499700059988,0,0,0.000399920015996801,0.0411917616476705,0,0,0,0,0,0,0,0,0.0027994401119776,9.99800039992002e-05,0,0,0,0,0.205558888222356,0.0016996600679864,0.0175964807038592,0.000599880023995201,0.000499900019996001,0,0.0011997600479904,0,0.0348930213957209,0,0,0,0,9.99800039992002e-05,0,0,0,0,0,0,0,0,0,0,0,0,0,0,0,0.022995400919816,0.002999400119976,0,0,0.000399920015996801,0,0,0.0018996200759848,0,0,0,0.0112977404519096,0,0,0,0.02999400119976,0,0,0,9.99800039992002e-05,0,0,0,0.0017996400719856,0.00529894021195761,0,0,0,0,0.000599880023995201,0.00439912017596481,0,0,0,0,0,0,0,0,0,0,0,0.00359928014397121,0,0.00799840031993601,0,0,0,0,9.99800039992002e-05,0,0,0,0,0,0.00819836032793441,0,0,0,0,0.0030993801239752,0,0,0,0,0,0,0.00729854029194161,0,0,0,0,0.0001999600079984,0.0025994801039792,0,0,0,0,0,0.001999600079984,0.00719856028794241,0.0016996600679864,0,0,0.0260947810437912,0,0,0,0.00649870025994801,0,0,0,0.00349930013997201,0.0021995600879824,0,0,0,0.011997600479904,0,0,0,0,0,0.0115976804639072,0,0,0,0,0,0,0,0,0,0,0,0,0,0,0,0.0026994601079784,0.000399920015996801,0,0,0,0,0,0.000699860027994401,0.0001999600079984,0.0451909618076385,0.000599880023995201,0,0,0,0.0013997200559888,0,0,0.0584883023395321,0.0001999600079984,0,0,0,0.0001999600079984,0,0.0756848630273945,0,0.00359928014397121,0.0488902219556089,0,0,0,0,0,0,0,0,0,0,0,0,0,0.0002999400119976,0,0,0.0263947210557888,0
0,0,0,0,0,0,0,0,0,0,0,0,9.99600159936026e-05,0,0.00469812075169932,0,0,0,0,0,0,0,0.000299880047980808,0.00619752099160336,0,0.235605757696921,0,0,0.00619752099160336,0,0.0339864054378249,0,0,0,0,0,0,0.0120951619352259,0,0,0,0,0,0,0,0.0212914834066373,0,0,0,0,0,0,0,0,0.000299880047980808,0,0,0,0,0,0,0,9.99600159936026e-05,0,0,0,0.00109956017592963,0,0,0.00469812075169932,0.00079968012794882,0,0,0,0,9.99600159936026e-05,0,0,0,0.000199920031987205,0,0,0,0,0.000199920031987205,0,0.00139944022391044,0,0,0.00719712115153938,0,0.000699720111955218,0.00599760095961615,0,0,0,0,0,0,0,0,0,0,0,9.99600159936026e-05,0,0,0.306677329068373,0,0,0,0,0,9.99600159936026e-05,0,9.99600159936026e-05,0,0,0,0,0,0,0,9.99600159936026e-05,0.00419832067173131,0,0,0,0,0,0.00419832067173131,0.00519792083166733,0,0.000999600159936026,0,0,0.0128948420631747,0,0,0,0,0,0,0,0,0,9.99600159936026e-05,0,0,0,0.000499800079968013,0.00159936025589764,0,0,9.99600159936026e-05,0,0,0,0,0,0,0,0,0,0,0,0,0,0,0,9.99600159936026e-05,0,0,0,0,0,0,0.0189924030387845,0.00299880047980808,0,0,0,0,0,0,0,0,0,0,0,0,0.00129948020791683,0.00309876049580168,0,0,0,0,0,0,0,0,0,0,0,0,0.000499800079968013,0,0,0,0.00209916033586565,0,0,0,0.000599760095961615,0.000299880047980808,0,0.00559776089564174,0.000499800079968013,0,0,0,0,0,0,0,0,0,0,0.00869652139144342,0,0,0,0,0.0537784886045582,0,0,0,0,0,0,9.99600159936026e-05,0,0,0,0,0,0,0,0,0,0,0,0,0,0,0.00039984006397441,0,0,0,0,0,0,0,9.99600159936026e-05,0,0,0,0,0,0.0615753698520592,0.00139944022391044,0,0.000999600159936026,0,0.00079968012794882,0,0,0,0,0.147441023590564,0,0,0,0,0,0,0,0,0,0.00039984006397441,0,0,0,0,0,0,0.000899640143942423,0,0,0.00719712115153938,0
0,0,9.99800039992002e-05,0,0,0,0,0,0,0.0027994401119776,0,0,9.99800039992002e-05,0,0.00349930013997201,0,0,0,0,0.0011997600479904,0,0.0031993601279744,0,0.0031993601279744,0.0011997600479904,0.0001999600079984,0,0,0.0210957808438312,9.99800039992002e-05,0.013497300539892,0,0,0.0030993801239752,0,0,9.99800039992002e-05,0,0.000799840031993601,0.0010997800439912,0,0,0,0,0,0.000799840031993601,0,0,0.000399920015996801,0,0,0,0,0,0,0,0,0,0,0,0.0001999600079984,0,0,0,0,0,0.0121975604879024,0,0,0,0,0,0,0,0,0,0,0,0,0.00789842031593681,0.000799840031993601,0.000899820035992801,0.0126974605078984,0,0,0.0001999600079984,0,0,0.000399920015996801,0,0,0,0.0208958208358328,0,0,0,0.0588882223555289,0,0.0021995600879824,0,0,0.0001999600079984,0,0,0,0,0,0.171965606878624,0,0,0,0,0,0.000599880023995201,0,0.0232953409318136,0,0,0.0015996800639872,0,0.000499900019996001,0,0.0001999600079984,9.99800039992002e-05,0.000399920015996801,0,0,0,0,0,0.0020995800839832,0.0195960807838432,0,9.99800039992002e-05,0,0,0.0001999600079984,0.0002999400119976,9.99800039992002e-05,0,0.00749850029994001,0,0,0,0,0,0,0,0,9.99800039992002e-05,0.0016996600679864,0,0,0,9.99800039992002e-05,0,0,0,0,0,0,0,0,0.0619876024795041,0,0,0,0,0,0.0001999600079984,0,0,0,0,0,0,0,0,0,0.0002999400119976,0,0,0,0,0.0001999600079984,0,0,0,0,0,0,0.00329934013197361,0.0001999600079984,0,0,0,0,0,0,0,0,0,0,0.167866426714657,0,0.0141971605678864,0,0,0,0.000599880023995201,0,0,0,0,0,0,0.00619876024795041,0,0.029494101179764,0,0,0,0,0,0,0,0,0,0.0010997800439912,0,0,0,0,0.0426914617076585,0,0,0,0,0,0.0146970605878824,0,0.00669866026794641,0,0,0,0,0,0,0,0,0,0,0,0,0,0.0011997600479904,0,0,0,0,0.0020995800839832,0,0,0.0002999400119976,0,0,0,0,0,0.000499900019996001,0,0,0.0241951609678064,0.110477904419116,0,0,0,0,0,0.0803839232153569,0,0,0.0196960607878424,0,0,0,0,0.000499900019996001,0,0.000599880023995201,0,0,0,0,0,0,9.99800039992002e-05,0,0,0.00579884023195361,0
0,0,0,0,0,0,0,0,0,0,0,0,0,0,0.009,0,0.0012,0,0,1e-04,0,1e-04,0,0,0,0.082,0,0,0,0,0.0184,0,0,0.0013,0,0,0.0106,0.0054,0,0,0,0,0,0,0,0,0,0,0,0,0,0,0,0,0,0,0,0,0,7e-04,0,0,0,0,0,0,0.0058,0,0,0,0,0,0,0,0,0,0,0,0,0,0.0017,0,6e-04,0,0,3e-04,0.0112,0,0,0,0,0,0.0204,0,0,0.0237,0,0,1e-04,0,0.0012,0,0,0,3e-04,0,0,0.0033,0,0,0,0,0,0,0,2e-04,0,0,0.0017,0,0,0,0,2e-04,0,0,0,0,0,0,0,1e-04,0,0,0,0,0,0,0,0,1e-04,0,0,0,0,0,0.0023,0,0,0,0,0,0,0,0.0055,0,0,3e-04,0,9e-04,0,0,0,0.0278,0,0,4e-04,0,0,0,1e-04,0,0,0,0,0,0,2e-04,0,0,0,0,0.0022,0,1e-04,0,0,0,0,0,0.0011,0.0017,0,0,0,0,0,0,0,0,0,0,0,0.0089,0.1403,0.0122,0,0,0,0,0,0,0,2e-04,0,0,0,0.0017,0,0,0,0.0024,0,0,2e-04,0,0,0,0,0,1e-04,0,0,0.1955,0,0,1e-04,0,0,0,1e-04,0,0,0,6e-04,0,0,0,0,0,0,0,0,0,3e-04,9e-04,1e-04,0,0,0,1e-04,0,0,0.0014,0,0,0,0,0,0.3721,0,0,0.0074,0,0,0,0,0,0.004,2e-04,2e-04,0,0,0,0,0,0,0,2e-04,3e-04,0,0,0,0,0.0058,0,0,0,0,0.0024,0
0,0.00169796244506592,0.000199760287654814,0,0,0,0,0.00439472632840591,0,9.98801438274071e-05,0,0,9.98801438274071e-05,0.0173791450259688,0.000199760287654814,0,0,0,0,0,0.00319616460247703,0.00799041150619257,0,9.98801438274071e-05,0,0.150918897323212,0,0,9.98801438274071e-05,0.000299640431482221,0.00868957251298442,0,0,0.0104874151018777,0,0,0.00219736316420296,0.00429484618457851,0.000399520575309628,0,0,9.98801438274071e-05,0,0.0069916100679185,0,0.0330603276068718,0,0.000499400719137036,0,0,9.98801438274071e-05,0,9.98801438274071e-05,0,0.0141829804234918,0,0,0,0,0,0.000199760287654814,0.000299640431482221,0,0,0,0,0.0188773471833799,0,0,0,0.00958849380743108,0.000199760287654814,0,0,0,0,0,0,0,0.0366560127846584,0,0,0.00739113064322813,0,0,0.000399520575309628,0.00659208949260887,0,0,0.00619256891729924,0,9.98801438274071e-05,0.000199760287654814,0.00219736316420296,0,0,0,0,0.00459448661606073,0,0,0,0,0,0,0,0,0.0328605673192169,0,0,0,0,0,0.0611266480223732,0.000599280862964443,0,0,0.00189772273272074,0.00709149021174591,0,0,0,0,9.98801438274071e-05,0.0127846584099081,0,0,0,0,0,0.00179784258889333,0.000898921294446664,0,0,0,0,9.98801438274071e-05,0,0,0,9.98801438274071e-05,0,0,0,0,0,0,0,9.98801438274071e-05,0,0.00159808230123851,0.00429484618457851,9.98801438274071e-05,0,9.98801438274071e-05,0,0,0,0.00898921294446664,0.00259688373951258,9.98801438274071e-05,0,0,0,0,0,9.98801438274071e-05,0,0,0,0,0,0,0,0,0,9.98801438274071e-05,0.0205753096284459,0,0,0,0,0,0,0.00109868158210148,0,0,0,0,0,0,0.019876148621654,9.98801438274071e-05,0,0.0129844186975629,0,0,0.000299640431482221,0,9.98801438274071e-05,0,0,0,0,0,0,0.00159808230123851,0,0,9.98801438274071e-05,0,0,0,0,0.00209748302037555,0.000399520575309628,0.00679184978026368,0.0145825009988014,0.00189772273272074,0,0,0,0.000299640431482221,0,0,0,0.0236715940870955,0,0.0148821414302837,0,0.00799041150619257,0.000399520575309628,9.98801438274071e-05,0.0887934478625649,0,0.000399520575309628,0,0,0,0.00799041150619257,0,0,0,0,0,0,0,0,0,0.00179784258889333,0,9.98801438274071e-05,0.00229724330803036,9.98801438274071e-05,0.000599280862964443,0.00579304834198961,0.000799041150619257,9.98801438274071e-05,0.00509388733519776,0.000998801438274071,0.00069916100679185,0,0,0.00179784258889333,9.98801438274071e-05,0,0,0,0,0,0,0,0.00119856172592889,9.98801438274071e-05,0,0,9.98801438274071e-05,0,9.98801438274071e-05,0.197463044346784,9.98801438274071e-05,0,0.0371554135037954,0,0,0.000599280862964443,0,0,0.00369556532161406,0,0,0,0,0,0.00299640431482221,0,0.00149820215741111,0,0,0.00898921294446664,0
0,0.00269865067466267,0,0,0,0,9.99500249875062e-05,0,0,0,0,0,0,0,0.000999500249875062,0.000899550224887556,0,0,0,0,0,0.0184907546226887,0,0,0,0.108945527236382,0,0,0.00149925037481259,0.0123938030984508,0.000399800099950025,0,0,0.0149925037481259,0,0,0.000199900049975012,0.00469765117441279,0,0,0,0,0,0,0,0,0,0,0.000299850074962519,0,0.00169915042478761,0,0,0,0,0,0,0,0,0.00379810094952524,0,0,0,0.000199900049975012,0,0,0.039480259870065,0,0,0.0294852573713143,0,0,0,0,0,0.0135932033983008,0,0.000599700149925037,0.000899550224887556,0.00569715142428786,0,0,0.00859570214892554,0,0,0,0.000299850074962519,0,0,0.00299850074962519,0,0.00359820089955022,9.99500249875062e-05,0,0,9.99500249875062e-05,0,0,0,0,0,0,0,0,0,0,0.000299850074962519,0.00429785107446277,0,0,0,0,0.000199900049975012,0,0,0.000499750124937531,9.99500249875062e-05,0,0,0,0,0,0,0,0.00429785107446277,0,0,0,0,0,0.00379810094952524,0.000299850074962519,0,0,0,0,0.00859570214892554,0.00649675162418791,0,0,0.0135932033983008,0,0,0,0,0,0.00259870064967516,0,0,0,0,0.00079960019990005,9.99500249875062e-05,0,0,0,0,0,0,0.000999500249875062,0,0.000599700149925037,0,9.99500249875062e-05,0,0,0,0,0,0,0.000299850074962519,0,0,0,0,0,0,0.016191904047976,0,0,0.0447776111944028,0.000599700149925037,0.00149925037481259,0.0128935532233883,0,0,0,0,0,0,0,0,0,0,0,0,0.00529735132433783,0,0,0,0,0,0,0,0,0.000699650174912544,0.00079960019990005,0,0,0,0,0,0,0,0.00529735132433783,0,0.00209895052473763,0.0031984007996002,0.000899550224887556,0,0.00229885057471264,0,0,0,0.00139930034982509,0,0,0.024687656171914,0,0.00129935032483758,0,0,0,0,0,0,0,9.99500249875062e-05,0,0,0,0,0,0,0,0,9.99500249875062e-05,0,0,0,0,0.000399800099950025,0.000599700149925037,0,0.00929535232383808,0,0.00389805097451274,0,0,0,0,0,0,0.000199900049975012,0,0,9.99500249875062e-05,0,0.000699650174912544,0.0732633683158421,0,0,0.0268865567216392,0,9.99500249875062e-05,9.99500249875062e-05,0,0,9.99500249875062e-05,0.170914542728636,0,0.15192403798101,0.0168915542228886,0,0.0842578710644678,0,0,0,0,0,0,0,0,0,9.99500249875062e-05,0,0.000599700149925037,0,0,0.00979510244877561,0
0,0,0,0,0,0,0,0.0002999700029997,0,0,0,0,0,0,0.0074992500749925,0,0,0,0,0,0,0,0,0.0003999600039996,0,0.559444055594441,0,0,0.0002999700029997,0.0013998600139986,0,0,0,0,0,0,0,0,0,0,0,0,0,0,0,0,0,0,0,0,0,0,0,0.0001999800019998,0,0.0011998800119988,0,0,0.0003999600039996,0,0,0,0,0,0,0,0,0,0,0,0,0,0,0,0,0,0,0,0,0,0,0,0,0,0,0,0,0,0,0.000999900009999,0,0.001999800019998,0.0013998600139986,0,0,0.0001999800019998,0.0041995800419958,0,0,0,0,0.0278972102789721,0,0,0,0,0,0,0,0,9.99900009999e-05,0,0,0.0011998800119988,0,0,9.99900009999e-05,0,0.0002999700029997,0,9.99900009999e-05,0,0,0,0.0505949405059494,0,0,0,0,0,0,0,0,0,0,0,0.0220977902209779,0,0,0,0.150584941505849,0,0,0,0,0,0,0,0,9.99900009999e-05,0,0,0,0,0,0,0,0,0,0,0,0,0,0,0,0,0,0.0005999400059994,0,0,0,0,0,0,0,0,0.0002999700029997,0,0.041995800419958,0,0,0,0,0,0,0,0,0,0,0,0,0.0012998700129987,9.99900009999e-05,0,0,0,0,0,0,0,0,0,0,0,0,0,0,0,0,0,0.0004999500049995,0,0,0,0,0,0,0,0,0,0,0.0061993800619938,0,0,0,0,0,0,0,0,0,0,0,0,0,0,0,0,0,0,0,0,0,0,0,0,0,0,0,0,0,0,0,0,0,0.0006999300069993,0,0,0,0,0,0,0,0,0,0,0,0,0,0,0,0,0.110888911108889,0,0,0,0,0,0,0,0,0.0005999400059994,0,0,0,0.0022997700229977,0,0.0005999400059994,0,0,0,0,0,0,0,0,0.0008999100089991,0,0,0,0
0,0,0,0.000999800039992002,0,0,0,0,0,0.000499900019996001,0,0,0,9.99800039992002e-05,0,0.0018996200759848,0,0,0,0,0,0.0031993601279744,0,0,0,0.264747050589882,0,0,0,0.000899820035992801,9.99800039992002e-05,0,0,0,0,0,0.0001999600079984,9.99800039992002e-05,0,0,0,0,0,0,0,0.0162967406518696,0,0,0.0001999600079984,0,9.99800039992002e-05,0,0,0,0,0,0,0,0,0.000499900019996001,0.0002999400119976,0,0,9.99800039992002e-05,0,0,0,0,0,0,0.0001999600079984,0,9.99800039992002e-05,0,0,0,0,0,0,0.0002999400119976,0.0022995400919816,0,9.99800039992002e-05,0,0,0,0,0,0,0.000699860027994401,0.000999800039992002,0.000799840031993601,0.00249950009998,0,0,0,0,0,0.000399920015996801,0,0,0,0,0,0,0.00989802039592082,0,0.000899820035992801,0.0017996400719856,0.0121975604879024,0,0,0.0031993601279744,0.000599880023995201,0,0.00869826034793041,0.00409918016396721,0,0,0.0011997600479904,0,0,0,0,0.0125974805038992,0,0,0,0,0.001499700059988,0.000599880023995201,0,0,0,9.99800039992002e-05,0,0.168166366726655,0.00349930013997201,0,0,0.0431913617276545,0,0,0.0002999400119976,0,0,9.99800039992002e-05,0.00589882023595281,0,0,0,0.0010997800439912,9.99800039992002e-05,0.0012997400519896,0,0,0.0015996800639872,0,0,0,0.000399920015996801,0,0,0,0,0,0.0011997600479904,0,0,0.0018996200759848,0,0,0,0,0,0,0,0.0001999600079984,0.0002999400119976,0.001499700059988,0.0010997800439912,0.000899820035992801,0,0.011497700459908,0,0,0,0,0,0.000799840031993601,0,0,0,0.000599880023995201,0.001499700059988,0,0.0250949810037992,9.99800039992002e-05,0,0,0,0,0,0,0,0.000399920015996801,0.000599880023995201,0,0.000599880023995201,0,0,0,0,0,0,0,0,9.99800039992002e-05,0.00409918016396721,0,0,9.99800039992002e-05,0.010497900419916,0,0.0028994201159768,0,0.0013997200559888,0,0,0,0,0,0,0,0,0,9.99800039992002e-05,0,0,0,0,0,0,0,0,0,0,0,0,0,0,9.99800039992002e-05,0.0002999400119976,0,9.99800039992002e-05,0,0.0111977604479104,0,0.0001999600079984,0.000399920015996801,0,0,0,9.99800039992002e-05,9.99800039992002e-05,0,0,0,0,0.0130973805238952,0.000999800039992002,0,0.0591881623675265,0,0.000899820035992801,0,0.00499900019996001,0,9.99800039992002e-05,0.242251549690062,0,0,0.000999800039992002,0,0,0,0,0,0,0.000599880023995201,0,0,0,0,0,0,0.00329934013197361,0,0,0.0118976204759048,0
0,0,0,5e-04,0,0,0,0,0,0.0013,0,0,2e-04,0,0.0038,0,4e-04,0,0,8e-04,0.0156,6e-04,0,0,0,0.0199,0,0,0.0024,0.0017,0.0176,0,0,0.0225,0,0,0.0126,0,0,0,1e-04,0,2e-04,0,0,0.0052,0,0,0,6e-04,1e-04,0,0,0,0,0,0,0.0021,0,0.013,0,0.0105,0,0,0,0,1e-04,5e-04,0,0,0.0011,0,0,0,0,0.0157,0,0,0,0,0,0,0,0,0.0072,0,0,0,0,0.0043,0,0.0034,0.0302,0,0,0,0,0,0,0,0,5e-04,0,0,0,0,0,0.1505,0.0319,0.0108,0,0,0.0011,0.0041,0,0.0359,0,0,0,1e-04,0,0,0.0062,1e-04,0.0233,0.0014,0,0,0,0,0.0165,0.009,0,0,0,0,0.0103,0,0.0057,0,1e-04,0,0,0,0,0,0,0,0,0,0,0.0072,0,0,0,0.0015,0,0,0,0.0061,0,0,0,0,0,0,0.002,4e-04,0,0,0,0.0234,0,0,0,0,0,0,0.0039,0,0,8e-04,0,0.0167,0,0,0,0,0,0,0,6e-04,0.0023,0,0,0,0,0,0,0,0,0,0,0,0,0,3e-04,0,1e-04,0,1e-04,0,0,0,6e-04,0,0.0058,0,0.0135,0,0,0,0,0,0.003,0,0,0.032,0.0124,0,0,0,0,0.0058,0,0,0,0,0,0,0,0,0,0,0,0,0,0,0,0,0,0,0,0,0,3e-04,1e-04,0,0,0.0018,0,0,0,1e-04,3e-04,0,0,0,0,0.0356,0,8e-04,0.0094,0,1e-04,0,0,0,0,0.2881,0,0.0026,0.0126,0,0,0,0,0,0,0.0023,0,0,0,0,0.0039,0,3e-04,0,0,0.0015,0
0,0,0,0.000900270081024307,0,0,0,0,0,0.000800240072021606,0,0,0.000200060018005402,0.000200060018005402,0.00640192057617285,0,0,0,0,0,0,0,0.00480144043212964,0,0.00420126037811343,0.0687206161848555,0,0,0,0,0,0,0,0.00670201060318095,0,0,0.00580174052215665,0.00650195058517555,0.000500150045013504,0,0,0,0,0.00990297089126738,0,0.0125037511253376,0,0,0,0.000700210063018906,0,0,0,0,0,0,0,0,0,0,0.000800240072021606,0.00650195058517555,0,0,0,0,0.0125037511253376,0,0,0,0,0,0,0,0,0,0,0,0,0,0.000900270081024307,0,0,0,0.0131039311793538,0,0.0404121236370911,0,0.000400120036010803,0.00650195058517555,0,0.00420126037811343,0.0122036610983295,0,0,0.000700210063018906,0,0,0.00330099029708913,0,0,0,0,0,0.0112033610083025,0,0,0.0150045013504051,0,0,0,0,0,0.0589176753025908,0,0.0290087026107832,0,0,0,0.000100030009002701,0.000100030009002701,0,0,0.000600180054016205,0.040112033610083,0,0,0,0,0,0,0.00300090027008102,0,0.0320096028808643,0,0,0.0236070821246374,0,0,0,0.000100030009002701,0,0,0,0,0,0,0.00330099029708913,0,0,0,0.00640192057617285,0,0,0,0.000300090027008102,0,0.000100030009002701,0,0,0,0,0.0216064819445834,0,0,0,0.00400120036010803,0,0,0,0,0,0,0,0,0,0,0,0,0,0.0121036310893268,0,0,0,0,0,0,0,0,0.00630189056717015,0,0.00400120036010803,0.000400120036010803,0,0.00230069020706212,0,0.00420126037811343,0,0,0,0,0,0,0,0,0,0,0,0,0,0,0,0,0,0,0,0.0299089726918075,0,0,0,0,0,0.000200060018005402,0,0.00670201060318095,0,0,0,0.0110033009902971,0,0.0503150945283585,0,0,0.0619185755726718,0,0,0,0,0,0,0,0,0,0,0,0,0,0,0,0,0.00580174052215665,0,0,0,0.00120036010803241,0.00530159047714314,0,0,0,0,0,0,0,0,0,0,0,0,0,0.0175052515754726,0,0,0.0414124237271181,0,0,0,0,0,0,0.193157947384215,0,0,0.0534160248074422,0,0,0,0,0,0,0,0,0,0,0,0,0,0.00260078023407022,0,0,0.0104031209362809,0
0,0,0.000199900049975012,0,0,0,0,0,9.99500249875062e-05,0,0.000199900049975012,0,0,0,0.0370814592703648,0,0.00309845077461269,9.99500249875062e-05,9.99500249875062e-05,0,0,9.99500249875062e-05,0,0,0,0,0,0,0,0,0,0,0,0.0079960019990005,0.00729635182408796,0,0,0.000299850074962519,0,0,0,0,0,0,0,0.00569715142428786,0,0.000399800099950025,0,0,0,0.00189905047476262,0,0.000199900049975012,0,9.99500249875062e-05,0,0,0,0.00259870064967516,0.000199900049975012,0,0,0.00809595202398801,0,0.00079960019990005,0.00179910044977511,0,0.00149925037481259,0,0,0,0,0,9.99500249875062e-05,0,0,9.99500249875062e-05,0,0.00489755122438781,0.00109945027486257,9.99500249875062e-05,0,0,0,0.00199900049975012,0.00929535232383808,0,0,0.0031984007996002,0,0.000899550224887556,0.327236381809095,0,0,0,0,0,0,0,0,0,0,0.00119940029985007,0.00109945027486257,9.99500249875062e-05,9.99500249875062e-05,0.139230384807596,0,0,0,0,0,0,0,0,0,0,0.00939530234882559,0,9.99500249875062e-05,0,0,0,0.0171914042978511,0.0031984007996002,0.000199900049975012,0.0185907046476762,0.000299850074962519,0,0,0.00299850074962519,0,0,0,0,0.0295852073963018,0,0,0,0.0438780609695152,0,0.000299850074962519,0,0,0.000299850074962519,0.000499750124937531,0,0,0,0.000599700149925037,0,0,9.99500249875062e-05,9.99500249875062e-05,0,0.00229885057471264,0,0.00139930034982509,0,0,0,0,0,0,0,0,0,9.99500249875062e-05,0,0.000399800099950025,0,0,0,0.00129935032483758,0,0.000199900049975012,0,9.99500249875062e-05,0.000299850074962519,0,0,0.000199900049975012,0,0.000199900049975012,0.000299850074962519,0,0,0,0,0.000599700149925037,0.00499750124937531,0,0.00309845077461269,0,0,0,0,9.99500249875062e-05,0,0,9.99500249875062e-05,0.189305347326337,9.99500249875062e-05,0,0.0204897551224388,0,0,0,0,0.000899550224887556,0,9.99500249875062e-05,0,0,0.00079960019990005,0.00509745127436282,0.000399800099950025,0.0186906546726637,0,0,0,0,0.000199900049975012,0,0,0,0,0.000399800099950025,0.0031984007996002,0.00139930034982509,0,0,0.00709645177411294,0,0,0.000399800099950025,0.00249875062468766,0,0,0.000199900049975012,0,0,0,0.000499750124937531,0.00259870064967516,0,9.99500249875062e-05,0,0,0,0,0.000199900049975012,0,0.000899550224887556,0.00429785107446277,0.00489755122438781,0,0.000199900049975012,0,0.000299850074962519,0,0,9.99500249875062e-05,0,0,0,0,0.00579710144927536,0,0,9.99500249875062e-05,0,0,0,0.000199900049975012,0,0.000899550224887556,9.99500249875062e-05,0,0,0,0.00579710144927536,0,0,0,0,0,0.000699650174912544,0.000299850074962519,0,0,0,0.000199900049975012,0,0,0.00129935032483758,0.0031984007996002,0,0.00249875062468766,0
0,0,0,0,0,0,0,0,0,0,0,0,0,0,9.9930048965724e-05,0,0,9.9930048965724e-05,0,0,0,0,0,0.000299790146897172,0,0.20565604077146,0,0,9.9930048965724e-05,0.00449685220345758,0,0,0,0,0,0,0,0,0,9.9930048965724e-05,0,0,0,0,0,0.0105925851903667,0,0.000199860097931448,0,0,0.000299790146897172,0,0,0,0.000299790146897172,0,0,0,0,0.00529629259518337,0,0.00119916058758869,0,0,0,0,0.00849405416208654,0,0,0,0.000799440391725792,0,0,0,0,0.0454681722794044,0,0,0,0.000599580293794344,0,0,0,0,0,9.9930048965724e-05,0.00809433396622364,0,0,0,0,0,0,0,0.00549615269311482,0,0,0,0,0,0,0.00109923053862296,0,0,0,0,0,0.322774058159289,0,0,0,0,0,0.019186569401419,0,0,0,0,0.00549615269311482,0,0.00049965024482862,0,0,9.9930048965724e-05,0.00349755171380034,0,0,0,0.000199860097931448,0,0,0,0.00559608274208054,0,0,0,0.000699510342760068,0,0,0,0.00309783151793744,0,0,0,0,0,0,0,0,0.000699510342760068,0.00179874088138303,0,0,0.00199860097931448,0.000199860097931448,0,0,0,0.000699510342760068,0,0,0,0,9.9930048965724e-05,0,0,0,0,0,0,0,0,9.9930048965724e-05,0,0,0,0,0.00119916058758869,0,0,0,0,0,0,0,0,0,0,0,0,0,0.0288797841510942,9.9930048965724e-05,0,0,0,0,0,0,0,0,0,0,9.9930048965724e-05,0,0.00109923053862296,0,0,9.9930048965724e-05,9.9930048965724e-05,0.0127910462676127,0,0,0,0,0,0,0,0.00589587288897772,0,0,0,0,0,0,0.00109923053862296,0,0,0.00449685220345758,0,0.00559608274208054,0,0,0.00259818127310882,0,0,9.9930048965724e-05,0,0,0,0,0,0,0,0.00369741181173179,0.000299790146897172,0,0,0,0,0,0,0,9.9930048965724e-05,0.000599580293794344,0.00049965024482862,0.000199860097931448,0,0,0,9.9930048965724e-05,0,0,0,0,0,0,0,0,0.000299790146897172,0,0,0.00569601279104627,0,0,0,0,0,0,0.250624562806036,0,0,0,0,0,0,0,9.9930048965724e-05,0,0,0,0,0,0,0.00369741181173179,0,0,0,0,0.00429699210552613,0
0,0,0,0.00439516531815004,0.000699230846069324,0,0,9.98901208670463e-05,0,0.000998901208670463,0,9.98901208670463e-05,0.000199780241734093,0.0053940665268205,0,0,0,0,0,0,0.000599340725202278,0.00379582459294776,0,0,0.000499450604335231,0.369793227449805,9.98901208670463e-05,0,0.00119868145040456,0.00149835181300569,0.000199780241734093,0,0,0.00909000099890121,0,0,0.0038957147138148,0.00229747277994206,0.00119868145040456,0,0,0,0,0.000199780241734093,0,0,0,0,0,0,0,0,0,0.000399560483468185,9.98901208670463e-05,0,0,0.000399560483468185,0.000199780241734093,0.000699230846069324,9.98901208670463e-05,9.98901208670463e-05,0,0,0,0,0.023773848766357,9.98901208670463e-05,0,0,9.98901208670463e-05,9.98901208670463e-05,0.0027969233842773,9.98901208670463e-05,0,0,0,0,0,9.98901208670463e-05,0.000599340725202278,0,9.98901208670463e-05,0.000199780241734093,0.00079912096693637,0,0,0,0.000399560483468185,0.000899011087803416,0.0025971431425432,0,0.0157826390969933,0,0,0,0,0,0.000499450604335231,0,0,0,0,0,0.000199780241734093,0.000399560483468185,0,0.0399560483468185,0.00119868145040456,0.0125861552292478,0,0,9.98901208670463e-05,0.00679252821895915,0,0.0152831884926581,0,0.000399560483468185,0,9.98901208670463e-05,0,0,0.00109879132953751,0.000399560483468185,0.0888023174508041,0.00079912096693637,0,0,0,0,0.00139846169213865,0.000199780241734093,0,0,0,0,0.0889022075716712,0.00529417640595345,0,0,0.0012985715712716,0,0,0,0,0,0,0.00399560483468185,0,9.98901208670463e-05,0,0.000399560483468185,0,0,9.98901208670463e-05,0,0,0,0,0.000199780241734093,0,0,0.0112875836579762,0,0,0,0,0,0,0,0.000199780241734093,0.0114873638997103,0,0,9.98901208670463e-05,0,0,0,0,0,0.0079912096693637,0,0,0.00589351713115573,0.000399560483468185,0,0.00209769253820797,0,0,0,0,0,9.98901208670463e-05,0,0.00239736290080911,0,0,9.98901208670463e-05,0,0,0,0,0,0,0,0,0,0,0,0.000199780241734093,9.98901208670463e-05,0,9.98901208670463e-05,9.98901208670463e-05,0.000399560483468185,0,0.00239736290080911,9.98901208670463e-05,0,0,0,0.00169813205473979,0.0012985715712716,0,0.00219758265907502,0,0.000199780241734093,0,0.0038957147138148,0.000499450604335231,0,0,0.000299670362601139,0.0667266007391869,0,0,0,0,0,0,0,0,0,0.00209769253820797,0,0,0,0,0,0,0,0,0,0,0.000599340725202278,0.0212765957446809,0.00139846169213865,0.000299670362601139,0.000499450604335231,0.000899011087803416,0,0,0,0.000299670362601139,0,0,0.000599340725202278,0,9.98901208670463e-05,0.0557386874438118,0,0,0.012985715712716,0,0,0,0.000599340725202278,0,0.00079912096693637,0.0246728598541604,9.98901208670463e-05,0,0.0154829687343922,0,0,0,0,0,0,0.000599340725202278,0,0,0,0,0.000599340725202278,9.98901208670463e-05,0.000699230846069324,0,0,0.00998901208670462,9.98901208670463e-05
0,0,0,0.000399800099950025,0,0,0.0047976011994003,0.0015992003998001,0,0.000999500249875062,0,0.000299850074962519,0,0,0.00239880059970015,0.000699650174912544,0.000199900049975012,0,0,0.000199900049975012,0,0.00149925037481259,0.00109945027486257,9.99500249875062e-05,0.000699650174912544,0.278860569715142,0,0,0.000699650174912544,0.000999500249875062,0,0.0031984007996002,0,0.0121939030484758,0,0,0,0,0,0,0,0,0,0,0,0.00559720139930035,0,0,0,0,0,0,0,0,9.99500249875062e-05,0,0,0.00149925037481259,0.00219890054972514,0.0270864567716142,0.000899550224887556,0.00469765117441279,0,0,0,0,9.99500249875062e-05,0,0,0.00399800099950025,0.000399800099950025,0,0,0,0,0,0,0,0,0.00259870064967516,0,0,9.99500249875062e-05,0.000199900049975012,0.00149925037481259,9.99500249875062e-05,0,0,0.000199900049975012,0.00379810094952524,0.00279860069965018,0.000899550224887556,0.0119940029985007,0,0.00419790104947526,9.99500249875062e-05,0,9.99500249875062e-05,0.00379810094952524,0,0,0.000699650174912544,0,0,0.00199900049975012,0.000499750124937531,0.00209895052473763,0.0307846076961519,0,0.000599700149925037,0,0,9.99500249875062e-05,0.00079960019990005,0,0.0261869065467266,0,0,0.00499750124937531,0,0,0,0,9.99500249875062e-05,0.0114942528735632,0.00309845077461269,0,0.00119940029985007,0.000199900049975012,0,0.000899550224887556,0.0124937531234383,0.00189905047476262,0,0,0,9.99500249875062e-05,0.000299850074962519,0,0,0.000499750124937531,0,0.000199900049975012,0,0,0,9.99500249875062e-05,0.000599700149925037,0,0,0.000199900049975012,0,0,9.99500249875062e-05,0,0,0,0,0,0.00199900049975012,0,0,0,0.0138930534732634,0,0,0,0,0,0,0.000199900049975012,0,0.0015992003998001,0,0,0,0,0,0.00259870064967516,0.000699650174912544,0,0,0,0,0.000199900049975012,0,0,0,0,0,0,0.000199900049975012,0,0.000199900049975012,0,0,0.00339830084957521,0,0,0.0848575712143928,0,0,0,9.99500249875062e-05,0,0.000399800099950025,0,0,0.0063968015992004,0.000599700149925037,9.99500249875062e-05,0,0.000199900049975012,0,0.000899550224887556,9.99500249875062e-05,0.00219890054972514,0,0,0,0.00199900049975012,0.000299850074962519,0,0,0,9.99500249875062e-05,0,0,0.00719640179910045,0.000199900049975012,0.0268865567216392,0,0,0.0264867566216892,0,0,9.99500249875062e-05,0.00149925037481259,0,9.99500249875062e-05,0,0,0,0,9.99500249875062e-05,0,0,0,0,0,0,0.000599700149925037,0,0,9.99500249875062e-05,9.99500249875062e-05,9.99500249875062e-05,0,0,0.000299850074962519,0.000699650174912544,0,0,9.99500249875062e-05,9.99500249875062e-05,0,0,0,9.99500249875062e-05,0.0115942028985507,0.00119940029985007,0.00259870064967516,0.0169915042478761,0,0,0,0,0,0,0.27216391804098,9.99500249875062e-05,0,0.00409795102448776,0,0,0,0,9.99500249875062e-05,0.000699650174912544,0.000199900049975012,0,0,0,0,0.00399800099950025,0,9.99500249875062e-05,0,0,0.00429785107446277,0.00169915042478761
0,0,0,0.00319776156690317,0,0,0,0.000799440391725792,0,0.000599580293794344,0,0,9.9930048965724e-05,0.00609573298690916,0.0573598481063256,0,0,0,0,0,0,0.00449685220345758,0.00049965024482862,0,0.000599580293794344,0.165084440891376,0,0,0,0.00129909063655441,0,0,0,0,0,0,0.00049965024482862,0.000199860097931448,9.9930048965724e-05,0.000799440391725792,0,0,0,0,0,0.000699510342760068,0,0,0.00199860097931448,0,0,0,0,0,0,0,0,0.00049965024482862,0,0,0,0.000899370440691516,0,0,0,0,0.00369741181173179,0,9.9930048965724e-05,0,0,0,0,0,0,0,0,0,0,0.000899370440691516,0.000299790146897172,0,0,0,0,0.0024982512241431,0.000599580293794344,0,0.000199860097931448,0.00409713200759468,0,0.000199860097931448,0.0125911861696812,0,0,0,0,0,0.00239832117517738,0,0,0,0,0,0,0,0,0.172978914759668,0.000799440391725792,0,0,0,0,0.00279804137104027,0,0.0227840511641851,0,0,0,0.000799440391725792,0.000399720195862896,0,0.00139902068552014,9.9930048965724e-05,0.0119916058758869,0,0,0,0,0,0,0,0,0,0,0,0.0432697112021585,0.00149895073448586,0,0,0,0,0,0,0,0,0,0.00189867093034876,0,9.9930048965724e-05,0,0,0,0,0,0,0,0,0,0,0,0,0.00799440391725792,0,0,0,0.00119916058758869,0,0,0,0,0.000699510342760068,0.000299790146897172,0,0,0,0,0,0,0,0,0,0,0.0070950334765664,0,0,0,0,0,0.000299790146897172,0,0.00049965024482862,0.000199860097931448,0,0,9.9930048965724e-05,0,9.9930048965724e-05,0,0,0,0,0,0,0,0,0,9.9930048965724e-05,0,0,0,0,0,0,0,0,0,0,0,0.000199860097931448,0,0,9.9930048965724e-05,0,0.00319776156690317,0,9.9930048965724e-05,0,0,0.000599580293794344,0.00409713200759468,0,0.000699510342760068,0.0503647446787249,0,0,0,0,0,0,0,0,0,0,0.00139902068552014,0,0,0,0,0.00969321474967523,0,0,0,0,0,0,0.000299790146897172,0,0,0.000899370440691516,0,0,0.000299790146897172,0,0,0,0,0,0,0.210052962925952,0,0,0,0,0.000399720195862896,0,0,0,0,0.132906965124413,0,0,0.00359748176276606,0,0,0.00119916058758869,0,0,0,0,0,0,0,0,0.00379734186069751,0,0.0181872689117618,0,0,0.00509643249725192,0
0,0,0,0,0,0,0,0.000299910026991902,0,0,0,0,0,0.0249925022493252,0.00679796061181645,0,0,0,0,0,0,0.00139958012596221,0,0,0,0.117364790562831,0,0,0.0228931320603819,0.000899730080975707,0.00239928021593522,0,0,0.00889733080075977,0,0,0.00389883035089473,0.00139958012596221,0.000699790062981106,0,0,0,0,0,0,0.0108967309807058,0,0,0,0,0,0,0,0,0,9.99700089973008e-05,0,0,0,0.000399880035989203,0,0,0,0,0,0,0.00349895031490553,0,0,0,0.00169949015295411,0,0,0,0,0,0,0,0,0.00349895031490553,0,0,0.00439868039588124,0,0.00269919024292712,0.00139958012596221,9.99700089973008e-05,0,0,0.0160951714485654,0,0,0,0,0,0,0,0,0.00559832050384884,0,0,0,0,0,0.000199940017994602,0,0.021593521943417,0.0673797860641807,0,0.0696790962711187,0,0,0,0.00259922023392982,0.000199940017994602,0,0,0,0.00429871038688393,0,0,0,0,0.000299910026991902,0.00239928021593522,0,0,0,0,0,0,0.0253923822853144,0,0,0,0,0.0542837148855343,0,0,0,0.00579826052184345,0,0,0,0,0,0.00469859042287314,9.99700089973008e-05,0,0,0.000599820053983805,0.000899730080975707,0,0.00169949015295411,0,0,0,0,0.00509847045886234,0.00399880035989203,0,0,0,0.0254923522943117,0,0,9.99700089973008e-05,0,0,0,0.000599820053983805,0,0,0,0,0,0.000399880035989203,0,0.0532840147955613,0.000199940017994602,0,0,0,0,0,0,0,0,0,0,0,0.00429871038688393,0.000599820053983805,0,0.00139958012596221,0,0,0,0,0,0,0,0,0,0,0.00169949015295411,0.000599820053983805,0,9.99700089973008e-05,0,0,0,0,0.000999700089973008,0.000199940017994602,0,0.00829751074677597,0.00149955013495951,0.000199940017994602,0,0,0,0,0,0,0,0,0,0.00779766070178946,0,0.0145956213136059,0,0,0.0510846745976207,0,0,9.99700089973008e-05,0,0,0,9.99700089973008e-05,0,0.032890132960112,0,0,0,0,0,0,0,0,9.99700089973008e-05,0.000499850044986504,0,0.000899730080975707,0,0.00119964010796761,0,0.000199940017994602,0.000199940017994602,0.000299910026991902,0,0,0.00109967009897031,0,0,0,0,0.000599820053983805,0.014295711286614,0,0.00449865040487854,0.0332900129961012,0,0,0,0,0,0.000499850044986504,0.187243826851944,0,0,0.00849745076477057,0,0,0,0,0,0.010296910926722,0.00649805058482455,0,0,0,0.000699790062981106,0.00759772068379486,0,0.000599820053983805,0,0,0.000799760071978406,0
0,0,0,0,0,0,0.0319,0,0,0,0,0,0,0.0134,2e-04,0,0.0012,0.0019,0,0,0.0013,0.0085,0,0,0,0.0034,0,0,0.0031,0,0.1031,0,0,0.0042,8e-04,0,4e-04,0.0167,0,0,0,0,0,0.0079,1e-04,0.0012,0,2e-04,0,0,0,0,0,0,0,0,0,0,0,0.027,0,0,0,3e-04,0,0,0,0,0,0,0.0073,0,0,1e-04,0,0,0,0,0,0.0024,0,8e-04,0.0605,0,0,3e-04,0,1e-04,0,0.0069,0,0.0043,3e-04,0,0,0.0036,0,1e-04,0.0045,0,0,0,0,0.0037,6e-04,0,4e-04,7e-04,0,0,0,0,0,0,0,0,0,1e-04,0.0016,6e-04,0,0,0,1e-04,0.0022,0,0,0,0,2e-04,0.0211,0,0,1e-04,0,2e-04,1e-04,0,0,0,0,0,0,0,0,0.0137,0.0049,0,0,0,0.001,0.002,0,0,0.0376,0,0,0,0,0.0058,0,0,0,0,0,0,0,0,2e-04,0,0.0016,2e-04,0,0,0,0,0,0,0.0257,0,0,0,0,0,0,0,0,0,0,0,0,0.0036,0,0,0,0,0,0,0,0,0,0,0,0.0203,0,0.0055,0,0.0015,0,0.0054,0,0,0.0041,0,2e-04,0,0.0065,0.0306,0,0,0.0161,0,0,0.0254,0,0.003,0,0,0.0116,0,0.002,1e-04,0,0.0152,0,0,2e-04,0,0,2e-04,0,0,0.0115,0,0,0,0,0,0,0,5e-04,0,0.0029,0,0,0.0017,0,0,0,0.0023,0,9e-04,0,6e-04,0.0067,0,0,0.0516,0.012,0.0213,0,0.0102,0.0584,0,0.0022,0,0,5e-04,1e-04,0.1551,0,0,0.0433,0,0,0,0,5e-04,0.0036,0.0016,0.0095,0,0,0,0,0,0,0.0028,0,0.0063,0
0,0,0,0,0,0,9.99900009999e-05,0,0,0,0,0,0,0,0,0,0,0,0,0,0,0,0,0,0,0.293370662933707,0,0,0.0006999300069993,0,9.99900009999e-05,0,0,0,0,0,0,0,0,0,0,0,0,0,0,0,0,0,0,9.99900009999e-05,0,0,0,0,0,0,0,0,0,9.99900009999e-05,0,0,0,0,0,0,0.0103989601039896,0,0,0,0,0,0,0,0,0,0,0,0,0,0,0,0.0570942905709429,0,0,0,0,0,0,0.0040995900409959,0,9.99900009999e-05,0.0251974802519748,0,0,0.0001999800019998,0.000999900009999,0,0,0,0,0,0,0,0,0,0,0.146485351464854,0,0.0013998600139986,0,0,0,0,0,0.0001999800019998,0,0,0.0038996100389961,0,0,0,0,0,0,0,0,0,0,0,0,0.0111988801119888,0,0,0,0,0,0,0,0,0,0,0,0,0,0,0.000999900009999,0,0,0,0.0014998500149985,9.99900009999e-05,0,0,9.99900009999e-05,0,0,0,0,0,0,0,0,0,0,9.99900009999e-05,0,0,0,0,0,0,0.0001999800019998,0,0,0,0,0,9.99900009999e-05,0,0.0001999800019998,0,0,0,0.0023997600239976,0,0,0,0,0,0,0,0,0,0,0,0,0,0,0,0,0,0,0,0,0.0005999400059994,0.0021997800219978,0.0005999400059994,0,0,0,0,0,0,0,0,0.001999800019998,0,0,0,0.0012998700129987,0,0,0,0,0,0,0,0,0,0.007999200079992,0.0008999100089991,0,0.0975902409759024,0.0021997800219978,0,0,0,0,0,0,0,0,0,0,0,0,0,0,0,0,0,0,0,0,0,0,0,0,0.0015998400159984,0,0,0,0,0.0080991900809919,0,0,0,0,0.0126987301269873,0,0,0.0737926207379262,0.0366963303669633,0,0,0,0,0,0.175682431756824,0,0,0,0,0,0.001999800019998,0,9.99900009999e-05,9.99900009999e-05,0,0,0,0,0,0,0,0.0117988201179882,0,0,0.0005999400059994,0
0,0,0,0,0,0,9.99800039992002e-05,0.0188962207558488,0,0,0,0,0,0.0589882023595281,0.000699860027994401,0,0,0,0,0,0.0162967406518696,0.0028994201159768,0,0,9.99800039992002e-05,0.0103979204159168,0,0,0,0,0.0022995400919816,0,0,0.00369926014797041,0,0,0.0002999400119976,0.0172965406918616,0,0,0,0,0,0,0,0.000799840031993601,0,9.99800039992002e-05,0,0,0,0,0,0,0,0,0,0.0001999600079984,0,0.0152969406118776,0,0.014497100579884,0,0,0,0.0010997800439912,0.00479904019196161,0,0.000699860027994401,0.00979804039192162,0.0253949210157968,0.0002999400119976,0,0.0113977204559088,0,0,0,0,0,0.0163967206558688,0,0,0,0,0.113877224555089,0,0,0,0,0.00589882023595281,0,0,0,0,0,0,0,0,0.00349930013997201,0,0,0,0,0,0,0,0.028994201159768,0.0243951209758048,0,0,0,0,0,0.0278944211157768,0.000499900019996001,0,0,0,0.0351929614077185,0.0002999400119976,0.000699860027994401,0,0,0,0,0,0,0,0,0,0,0.096380723855229,0,0,0,0,0,0,0,0,0.001999600079984,0,0,0,0,0,0.0002999400119976,0,0,0,0.0021995600879824,0,0,0.000399920015996801,0,0,0,0,0,0.00499900019996001,0,0,0,0.023495300939812,0,0,0,0,0,0,9.99800039992002e-05,0,0,0,9.99800039992002e-05,0,0,0.012997400519896,0,9.99800039992002e-05,0,0,0,0,0.0017996400719856,0,0,0,0,0,0,0.0130973805238952,0,0,0,0,0,0,9.99800039992002e-05,0,0,0,0,0,0,0.000799840031993601,0,0,0,0,0,0,0.0021995600879824,0,0.002999400119976,0,0.00389922015596881,0.00899820035992801,0,0,0,0,0,0,0,0,0,0,0.0151969606078784,0,0.0361927614477105,0,0,0.0121975604879024,0,0,0,0,0,0,0,0,0,0,0,0,0,0,0,0,0,9.99800039992002e-05,0.0011997600479904,0,0.000499900019996001,0,0.0001999600079984,0,0.0012997400519896,0.000899820035992801,0.0001999600079984,0,0,0,0.000599880023995201,0,0,0,0,0.0028994201159768,0,0.0010997800439912,0.0331933613277345,0,0,0,0,0,9.99800039992002e-05,0.211457708458308,0,0,0.0160967806438712,0,0,0,0,0,0.00949810037992401,0.00359928014397121,0,0,0,0,0.000499900019996001,0,0,0,0,0.001999600079984,0
0,0,0,0,0,0,0,9.98801438274071e-05,9.98801438274071e-05,0,0,9.98801438274071e-05,0,0.0383539752297243,0.00109868158210148,0.000399520575309628,0,0,0,0,0.000998801438274071,0.000998801438274071,0,9.98801438274071e-05,0,0.300239712345186,0,0,0.000399520575309628,9.98801438274071e-05,0.000998801438274071,0,0,0.00399520575309628,0,0,0.00219736316420296,0,0,0,0,0,0,0.00069916100679185,0,0.112365161805833,0,9.98801438274071e-05,0,0,0.00329604474630443,0,0,0,9.98801438274071e-05,9.98801438274071e-05,0,0,0,0.00609268877347183,9.98801438274071e-05,9.98801438274071e-05,0,0,0,9.98801438274071e-05,0.0206751897722733,0,0,0,0.000299640431482221,0,0,0.000199760287654814,0,0,0,0,0,0.00329604474630443,0,0,0.00109868158210148,0,0.00199760287654814,9.98801438274071e-05,0,0,0,0.00489412704754295,0,0.000799041150619257,0,0.000399520575309628,0,0,0,0,0.00199760287654814,0,0,0,0,0,9.98801438274071e-05,0,0.00779065121853775,0.0512385137834598,0,0,0,0,9.98801438274071e-05,0.00449460647223332,0,0,0,0,0.00479424690371554,0,0,0,0,9.98801438274071e-05,0.00229724330803036,0,0,0,0,0,0,0.0108869356771874,0,0,0,0,0.0013983220135837,0,0,0,0,0,0,0,0,0,0,9.98801438274071e-05,0,0.00149820215741111,0.000998801438274071,0.000299640431482221,0,0,0,0,0,0,0.00199760287654814,0.00169796244506592,0,0,0,9.98801438274071e-05,0,0,0,0,0,0,0,0,0,0,0,0,0,0.000399520575309628,0.0259688373951259,9.98801438274071e-05,0,0,0,0.000898921294446664,0,0,0,0,0.000199760287654814,0,0,0.00809029165001998,0,0,0,0,0,0,0,0,0,0,0,0.000799041150619257,0,0.000199760287654814,0,0,9.98801438274071e-05,0,0,0,0,9.98801438274071e-05,0.000299640431482221,0,0.0122852576907711,0.00069916100679185,0.000199760287654814,9.98801438274071e-05,0,0.000199760287654814,0,0,0,0,0,0,0.00329604474630443,0,0.00819017179384738,0,0,0.0910906911705953,0,0,0,0,0,0,0,0,0,0,0,0,0,0,0,0,0.000499400719137036,0.000299640431482221,9.98801438274071e-05,0,9.98801438274071e-05,9.98801438274071e-05,9.98801438274071e-05,0,9.98801438274071e-05,0.000998801438274071,9.98801438274071e-05,0,0,0,9.98801438274071e-05,0,0,0,0,0,0.000299640431482221,0.000199760287654814,0.00659208949260887,0,0,0,9.98801438274071e-05,9.98801438274071e-05,0,0.202457051538154,0,0,0.0310627247303236,0,0,0,0,0,0.000399520575309628,0.000599280862964443,0,0,0,0,0.000199760287654814,0,0.000399520575309628,0,0,0.00299640431482221,0
0,0,0,0,0,0,9.9930048965724e-05,0.00279804137104027,0,0.000599580293794344,9.9930048965724e-05,9.9930048965724e-05,0,0.041271110222844,0.00229839112621165,0,0,0,0,0,0.0130908364145098,0.0195862895972819,0.00149895073448586,9.9930048965724e-05,0.000399720195862896,0,9.9930048965724e-05,0,0,0.0020985310282802,0.00429699210552613,0,0,0.0148895772958929,0.000299790146897172,0,0.00259818127310882,0.00169881083241731,0.00049965024482862,0,0,9.9930048965724e-05,0,0.00629559308484061,0,0.0205855900869391,9.9930048965724e-05,0.000199860097931448,9.9930048965724e-05,0.000299790146897172,9.9930048965724e-05,0,0,0,0.00219846107724593,9.9930048965724e-05,0,0,0,0.00339762166483462,0.000199860097931448,0.0101928649945038,0,9.9930048965724e-05,0,0.000199860097931448,0.00929349455381233,0,0,0.00739482362346358,0.0136904167083042,9.9930048965724e-05,0.000699510342760068,0.0078944738682922,0,0.0215848905765964,0,0,0,0.00329769161586889,0.000399720195862896,0.000699510342760068,0.000399720195862896,0,0.00369741181173179,0,0,0,0,0.0095932847007095,0.0370740481662836,9.9930048965724e-05,0,0.000699510342760068,0.00169881083241731,0,0,0,0.00439692215449186,0,9.9930048965724e-05,0,0.00119916058758869,9.9930048965724e-05,0,0.000299790146897172,0.0107924452882982,0.0905366243629459,0.00659538323173778,0.00269811132207455,0.00129909063655441,0.00099930048965724,0.000399720195862896,0.0728490056960128,0,0,0,0,0.0157889477365844,0,0,0,0,9.9930048965724e-05,0.0119916058758869,0,9.9930048965724e-05,0,0,0.00259818127310882,0.000299790146897172,0.00719496352553213,0,0,9.9930048965724e-05,0,0.00719496352553213,0.00339762166483462,0,0,0.000799440391725792,0,0,0,0,0,0.000699510342760068,0.00129909063655441,0,0,0.00479664235035475,0.0045967822524233,0,0,0,0,0,0,0,0.00169881083241731,0,0,0.00339762166483462,0,0,0,0.000799440391725792,0,0,0.00149895073448586,0,0,0,0,9.9930048965724e-05,0,9.9930048965724e-05,0.0454681722794044,0.0159888078345158,0.000599580293794344,0.0053962226441491,0.00159888078345158,0,0.00579594284001199,0.00159888078345158,0,0,0,0,0.00139902068552014,0,0.0159888078345158,0,0,0.00939342460277806,0,0.00099930048965724,0.000199860097931448,0,9.9930048965724e-05,0,0.00049965024482862,0,9.9930048965724e-05,0,0,0.00159888078345158,0,0,0,0,0,0,0,0.00109923053862296,0.00099930048965724,0.0121914659738183,0.000599580293794344,0.0282802038572999,0,0,0,0.0150894373938243,0,0.00319776156690317,0.000599580293794344,0.00099930048965724,0,0.0187868492055561,0.000399720195862896,0.0304786649345458,0.000199860097931448,0.000199860097931448,0.0915359248526032,0,9.9930048965724e-05,0,0,0,0.00799440391725792,0,0,0.00159888078345158,0.0118916758269212,0,0,0,0,0.000199860097931448,0,0.0117917457779554,0.000199860097931448,0.00099930048965724,0,0.00609573298690916,0,0,0.00049965024482862,0.00509643249725192,0.000799440391725792,9.9930048965724e-05,0,0,9.9930048965724e-05,0,0,0.000599580293794344,0.0128909763165784,0.0121914659738183,9.9930048965724e-05,0,0,0.0164884580793445,0,0.000299790146897172,0,0,0.000599580293794344,0.000299790146897172,0,9.9930048965724e-05,0,0.0155890876386529,0,0,0,0,0,0.00239832117517738,0.00049965024482862,0.0024982512241431,9.9930048965724e-05,0.000699510342760068,0,0.0188867792545218,0.0024982512241431,0.000899370440691516,0,0,0.0205855900869391,0.00119916058758869
9.99900009999e-05,0,0,0,0,0,0,0,0,0.0082991700829917,0,0.0002999700029997,0,0,0,0,0,0,0.0015998400159984,0.0005999400059994,0.0085991400859914,0.000999900009999,0.001999800019998,0,0.0013998600139986,0,0,0.0005999400059994,0,0.0003999600039996,0,0,0,0.0041995800419958,0,0,0.0124987501249875,0.0663933606639336,0.0014998500149985,0,0,0,0,0,0,0.0026997300269973,0.109489051094891,0,0,0.0006999300069993,0.0015998400159984,0,0,0,0.0064993500649935,0,9.99900009999e-05,0,0,0.0607939206079392,0,0.0015998400159984,0,0,0,0,0.0003999600039996,0,0.0006999300069993,0,0.0018998100189981,0,0,0,0,0,0,0,0.0072992700729927,0.0091990800919908,0.0061993800619938,0,0.0072992700729927,0,0.0028997100289971,0,0,0,0.0003999600039996,0.0063993600639936,0,0.001999800019998,0.002999700029997,0,0,0,0,0,0,0.0001999800019998,0,0,0,0,0.0031996800319968,0.0145985401459854,0,0.0305969403059694,0,0.0331966803319668,0,0,0,9.99900009999e-05,0,0.018998100189981,0,0,0.0100989901009899,0.0003999600039996,0.0001999800019998,0,0,0.0003999600039996,9.99900009999e-05,0,0,0,0,0,0.0031996800319968,0.0245975402459754,0,0,0,0,0,0,0,0,0.0083991600839916,0,0,0,0,0,0.0115988401159884,0,0,0,0.0037996200379962,0,0,0,0,0,0,0,0,0.0135986401359864,0,0,0,0,0,0,0,0,0,0,0.000999900009999,0,0,0,0,0,0,0,0.0025997400259974,0,0,0,0.0006999300069993,0,0.0064993500649935,0,0,0,0,0,0,0.0073992600739926,0.0042995700429957,0,0,0,0,0,0,0,0,0,0,0.0794920507949205,0,0,0,0,0,0.0561943805619438,0,0,0.0003999600039996,0.0002999700029997,9.99900009999e-05,0,0.0053994600539946,0,0.107389261073893,0,0,0,0,0,0,0,0,0,9.99900009999e-05,0,0.0176982301769823,0,0,0.0463953604639536,0,0,0,0,0,0,9.99900009999e-05,0,0,0,0,0,0,0,0,0,0,0,0.0065993400659934,9.99900009999e-05,0.0003999600039996,0.0130986901309869,0,0,9.99900009999e-05,0.0002999700029997,0,0,0,0.0010998900109989,0,0,0,0,0,0.0046995300469953,0,0.0037996200379962,0.0767923207679232,0,0.0014998500149985,0,0,0,0.0007999200079992,0.0312968703129687,0,0,0,0,0,0,0,0,0,0,0,0,0,0,0,0,0.0027997200279972,0,0,0.0025997400259974,0
0,0,0,0.000299730242781497,0,0,0,0.000999100809271655,9.99100809271655e-05,0.000299730242781497,0.000199820161854331,0.000199820161854331,0,0.00119892097112599,0.00209811169947048,0,0,0,0,0.00199820161854331,0.00299730242781497,0.018083724647817,0,0,0.000399640323708662,0.0430612448796083,0.000799280647417324,0,0.010890198821061,0.00569487461284844,0.0339694275152363,0,0.000199820161854331,0.00369667299430513,0,0,0.00249775202317914,0.00829253671695474,0.00129883105205315,0,0,0.000499550404635828,0,0.00439604356079528,9.99100809271655e-05,0.00399640323708662,0.018083724647817,0.000199820161854331,0.000399640323708662,0,0.000499550404635828,0,0,0,0.00819262663602758,0,0,0,0,0.00749325606953742,0.000199820161854331,0.000399640323708662,0,0,0,9.99100809271655e-05,0.00759316615046458,0,0.000199820161854331,0,0.0025976621041063,0,0.000699370566490159,9.99100809271655e-05,0,0,0,9.99100809271655e-05,0,0.00809271655510041,0.00229793186132481,9.99100809271655e-05,0.0057947846937756,0.00109901089019882,0.0028973923468878,9.99100809271655e-05,9.99100809271655e-05,0,0,0.00199820161854331,0.000699370566490159,0.000599460485562993,0,0.00209811169947048,0,0,0,0,0.00159856129483465,0,0.00149865121390748,0,0,9.99100809271655e-05,9.99100809271655e-05,0.000199820161854331,0.00109901089019882,0.00249775202317914,0,0.00639424517933859,0,0.000799280647417324,0,0.0133879508442402,0,0.0383654710760316,0,0.000399640323708662,0.00349685283245079,9.99100809271655e-05,0,0,0,9.99100809271655e-05,0.0143870516535118,0.000499550404635828,0,0,0,0.00349685283245079,0.00089919072834449,0.000599460485562993,0,0,0,9.99100809271655e-05,0.0981116994704766,0.00129883105205315,0,0,0,0,0,0,0,0,0.00219802178039764,0.000599460485562993,0,0,9.99100809271655e-05,0.0092916375262264,0,0.00229793186132481,0,0,0,0,0,0.00239784194225197,0,0,9.99100809271655e-05,0,0,0,9.99100809271655e-05,0,0,0,0.000499550404635828,0,0,0,0,0,0,0.00429613347986812,0.0243780597462284,0.000199820161854331,9.99100809271655e-05,0,0,0,0.000199820161854331,0,0,0,0,0,0,0.00529523428913977,9.99100809271655e-05,0,0.000199820161854331,0,0,0.000299730242781497,0,0,0,0,0,0.0578479368568289,0,0.000299730242781497,0.00189829153761615,0,0,0.0159856129483465,0,0,0.000199820161854331,0,0.000499550404635828,0,0.00419622339894095,0.00089919072834449,0.0208812069137776,9.99100809271655e-05,0.0342691577580178,0.00599460485562993,0.00539514437006694,0,0,0,0.0279748226596064,0,0.00179838145668898,0,0.00129883105205315,9.99100809271655e-05,0,0.0184833649715256,0,0,0,0,0,0.00179838145668898,0.000199820161854331,0,0,9.99100809271655e-05,0,0,0,0,0,9.99100809271655e-05,9.99100809271655e-05,0.000299730242781497,0.00109901089019882,0,0.000799280647417324,0.00229793186132481,0,0.000199820161854331,0,0.00109901089019882,0,0.000599460485562993,0,0.000799280647417324,0.0102907383354981,0,0,0.000199820161854331,0.0112898391447697,0.00219802178039764,0.00489559396543111,0.0031971225896693,0.0547507243480867,0,0,0,0.0450594464981517,9.99100809271655e-05,0.000199820161854331,0.159256668997902,0,0,0.0145868718153662,0,0,0,0.000299730242781497,0,9.99100809271655e-05,0.00309721250874213,0,0,0,0,0.00129883105205315,9.99100809271655e-05,0.00239784194225197,0.00399640323708662,0.0025976621041063,0.00719352582675592,0.00209811169947048
0,0,9.99100809271655e-05,0,0.000199820161854331,0,0,0,0,0,0,0,9.99100809271655e-05,0,0.00359676291337796,0,0,0.000199820161854331,0,0,0.00219802178039764,0.000599460485562993,0,0,0,0.202517734039365,0,0,0.00369667299430513,0.0054950544509941,0,0,0,0,0,0,0.000299730242781497,0,9.99100809271655e-05,0,0,0,0,0,0,0,0,9.99100809271655e-05,0,0,0.000299730242781497,0,0,0,0,0,0,0,0,0.033170146867819,0,0,0,0,0,0,0.00769307623139175,0,0,0,0.000699370566490159,0,0,0.00149865121390748,0,0,0,0,0,0.00229793186132481,0,9.99100809271655e-05,0.026576081526626,0,0,0.00129883105205315,9.99100809271655e-05,0,0,0.00429613347986812,0.00189829153761615,0.00479568388450395,0.0369667299430513,0,0,0,0,0,0,0,0,0,0,0,9.99100809271655e-05,0,0,0.136077530222799,0,0,0,0,0,0.00879208712159057,0,0.000199820161854331,0,0.00509541412728544,0.00369667299430513,0,0,0,0,9.99100809271655e-05,0.0231791387751024,0,0,0,9.99100809271655e-05,0,0,9.99100809271655e-05,0,0.000399640323708662,0,0,0.0031971225896693,0,0,0,0.00189829153761615,0,0,0,0,0,9.99100809271655e-05,0,9.99100809271655e-05,0.000499550404635828,0.000599460485562993,0,0,9.99100809271655e-05,0,0,0,0,0,9.99100809271655e-05,0,0,0,0,0,0,0,0,0,0,9.99100809271655e-05,0,0,0,0,0,0.000199820161854331,0,0.011489659306624,9.99100809271655e-05,0,0,0,0.000199820161854331,9.99100809271655e-05,0,0,0,0,0,9.99100809271655e-05,0.0383654710760316,0,0,0,0,0,0.000399640323708662,0,0,0,0,0,0.0207812968328504,0,0.00279748226596064,9.99100809271655e-05,0,9.99100809271655e-05,0,0.00129883105205315,0,0,0,0.000399640323708662,9.99100809271655e-05,0.00429613347986812,0.000699370566490159,0.0457588170646418,0,0,0,0,0,0,0,0,0,0.000399640323708662,0,0,0,0,0.0390648416425217,0,0,9.99100809271655e-05,0,0,9.99100809271655e-05,9.99100809271655e-05,0,0,0,0.000399640323708662,0.00539514437006694,0,0,0,0,0,9.99100809271655e-05,0.000299730242781497,0,9.99100809271655e-05,0.0057947846937756,0.000399640323708662,0,0.000199820161854331,0.000499550404635828,0.000999100809271655,0,0,0.000799280647417324,9.99100809271655e-05,0,0,0,0,0.207713058247577,0,0,0.0363672694574883,0,0,0.000199820161854331,0,0,0,0.0303726646018583,9.99100809271655e-05,0,0.0136876810870217,0,0,0.000199820161854331,0,0,0.000599460485562993,0,0,0,0,0,0,0.000199820161854331,0.00169847137576181,0,0,0.00129883105205315,0
9.99000999000999e-05,0,0,0,0,0,0,0.00719280719280719,0,0,0,0,0,0.0015984015984016,0.0012987012987013,0,0,0,0,0,0.0002997002997003,0.0018981018981019,0,0.000699300699300699,0,0.2004995004995,0,0,0.001998001998002,0.0143856143856144,0,0,0,0.0124875124875125,0,0,0.0591408591408591,0.0034965034965035,0.0024975024975025,0,0,0,0,0.0011988011988012,0,0.0048951048951049,0,0,0,0,0.0020979020979021,0,0,0,0,0,0.0004995004995005,0,0,0.0183816183816184,0,0.0003996003996004,0,0,0,0,0.00639360639360639,0,0,0,0.0011988011988012,0,0,0,0,0,0,0.0003996003996004,0,0.0003996003996004,0,0,0.0101898101898102,0,0.0020979020979021,0,0,0,0,0.0027972027972028,0,0.0043956043956044,0.003996003996004,0,0,0,0,0,0.0024975024975025,0,0,0,0,0,0.0001998001998002,0,0.0010989010989011,0.157242757242757,0,0,0,0,0,0.103496503496503,0,0,0,9.99000999000999e-05,0.00809190809190809,0,0,0,9.99000999000999e-05,0.0002997002997003,0.0441558441558442,0,0,0,0,0,0,0.000599400599400599,0,0,0,0,0.0267732267732268,0.0002997002997003,9.99000999000999e-05,0,0.00619380619380619,0,0,0,0,0,0,0,0,0.0013986013986014,0,0,0,0,0,0.0002997002997003,0,0,0,0.00679320679320679,0,0,0,0.04995004995005,9.99000999000999e-05,9.99000999000999e-05,0,0,0,0,0.0001998001998002,0,9.99000999000999e-05,9.99000999000999e-05,0,0,0,0.0044955044955045,0.0288711288711289,0,0,0,0,0,0,0,0,0,0,0,0,0.0204795204795205,0,0,0,0,0,0,0,0.0002997002997003,0,0,0,0,0,0.0003996003996004,0,0,0,0.000999000999000999,0,0,0,0.0002997002997003,0.0052947052947053,0,0.0028971028971029,0,0.0166833166833167,0,0.0038961038961039,0,0,0,0,0,0,0,0.0043956043956044,0,0.00859140859140859,0,0,0,0,0,0,0,0.0001998001998002,0,9.99000999000999e-05,9.99000999000999e-05,0,0,0,0,0,0,0,0,0.00869130869130869,0.0004995004995005,0,0,0.0100899100899101,0,0.0004995004995005,0,0,0.0248751248751249,0.0001998001998002,0.0011988011988012,0,0,0.00549450549450549,0,0,0,0,0.000599400599400599,0,0,0.0404595404595405,9.99000999000999e-05,0,9.99000999000999e-05,0,9.99000999000999e-05,0.0001998001998002,0,0,0,0.0195804195804196,0,0,0,9.99000999000999e-05,9.99000999000999e-05,0,0,0,0,0,0,0,0,0.0002997002997003,0,0,0.0115884115884116,0
0,0,0,0,0,0,0,0,0,0,0,0,0,0,0.00419832067173131,0,0,0,0,0,0,0.00189924030387845,0,0.00039984006397441,0,0.0683726509396241,0,0,0,0,0,0,0,0.00699720111955218,0,0,0,0,0,0,0,0,0,0.00129948020791683,0,0.0299880047980808,0,0,0,0,0,0,0,0,0.00129948020791683,0,0,0,0,0,0,0,0,0,0,0,0.00489804078368653,0,0.00159936025589764,0,0.000199920031987205,0,0,0,0,0,0,0,0,0,0,0,0,0,0,0,0,0,0,0.000699720111955218,0,0.00439824070371851,0.0244902039184326,0,0,0.00179928028788485,0,0,0,0,0,9.99600159936026e-05,0,0,0,0,0,0.45671731307477,0,0,0,0,0,0.000499800079968013,0,0,0,0,0.0215913634546182,0,0,0,0,0,0.00459816073570572,0,0,0,0,0,0.000299880047980808,0,0,0,0,0,0.00699720111955218,0,0,0,0,0,0,0,0,0,0,0,0,0.00159936025589764,0,0,0,0,0,0,0,0,0,0,0,0,0,0,0,0,0,0,0,0,0,0,9.99600159936026e-05,0,0,0,0,0,0.0121951219512195,0,0,0,0,0,0,0,0,0,0,0.00179928028788485,0,0.00349860055977609,0,0,0,0,0,0,0,0,0,0,0,9.99600159936026e-05,0,0,0,0,0.00039984006397441,0,0.00039984006397441,0,0.000499800079968013,0,0,0.000999600159936026,0,0,0,0,0,0,0,0,0,0,0,0,0.00199920031987205,0,0,0,0,0,0,0,0,0,0,0,0,0.0079968012794882,0,0,0,0,0,0,0,0,0,0,0,0,0,0,0,0,0,0.0107956817273091,0,0,0,0,0,0,0.00279888044782087,0,0,0.00819672131147541,0,0,0,0,0,0,0,0,0,0.293482606957217,0,0,0.00459816073570572,0,0,0,0,0,0,0,0,0,0,0,0.00369852059176329,0,0,0,0,0.00149940023990404,0
0,0,0,0,0.000600240096038415,0,0.00580232092837135,0.00300120048019208,0,0.00110044017607043,0,0,0,0.119747899159664,0.00930372148859544,0,0.000800320128051221,0,0,0.000600240096038415,0,0.00550220088035214,0,0,0.0078031212484994,0.00190076030412165,0,0,0,0,0,0,0,0.00480192076830732,0,0,0,0,0.000600240096038415,0,0,0,0,0.0145058023209284,0,0.0575230092036815,0,0,0.000900360144057623,0.000500200080032013,0,0,0,0,0,0,0,0.00170068027210884,0,0.0107042817126851,0.000500200080032013,0.000300120048019208,0,0,0,0,0.00670268107242897,0,0,0.0459183673469388,0.0040016006402561,0,0,0.00160064025610244,0,0,0,0,0,0.00570228091236495,0,0,0,0,0.00580232092837135,0,0,0,0,0.00250100040016006,0,0,0.00120048019207683,0,0,0,0,0,0.00440176070428171,0.000100040016006403,0,0.00310124049619848,0.00320128051220488,0,0,0,0.000200080032012805,0.0245098039215686,0.00500200080032013,0.015406162464986,0,0,0.00160064025610244,0.0102040816326531,0,0.0198079231692677,0.000200080032012805,0,0,0,0,0,0,0.00130052020808323,0.00660264105642257,0,0.000100040016006403,0,0,0,0.00350140056022409,0.00410164065626251,0,0,0,0,0.0258103241296519,0,0,0,0.000600240096038415,0,0,0,0,0,0.000200080032012805,0.0040016006402561,0.00570228091236495,0,0,0,0,0,0,0,0,0,0.00040016006402561,0.00490196078431373,0,0,0,0.000200080032012805,0,0,0.00510204081632653,0,0,0.00040016006402561,0.000500200080032013,0,0,0,0,0,0,0.00510204081632653,0.00670268107242897,0,0.00560224089635854,0.00330132052821128,0,0.00110044017607043,0,0,0,0,0,0.00880352140856343,0,0,0,0,0.0305122048819528,0,0.00250100040016006,0,0,0,0,0,0,0.000100040016006403,0,0,0,0,0,0,0,0,0.000600240096038415,0.000600240096038415,0,0,0.0112044817927171,0,0.000200080032012805,0,0,0,0.0438175270108043,0,0.00760304121648659,0.00300120048019208,0,0,0.00510204081632653,0.000500200080032013,0.000100040016006403,0,0,0.00810324129651861,0,0,0,0,0,0,0,0,0,0,0.00130052020808323,0,0.000100040016006403,0,0,0,0,0,0,0,0.000600240096038415,0,0,0,0,0,0.000200080032012805,0,0,0,0,0,0,0,0,0.00140056022408964,0,0.00160064025610244,0.0519207683073229,0,0,0,0,0,0.000100040016006403,0.285914365746299,0,0,0.0197078831532613,0,0,0,0.000300120048019208,0.000100040016006403,0,0.00570228091236495,0,0,0,0,0,0,0.00120048019207683,0,0,0.0125050020008003,0
0,0,0,0.00039984006397441,0,0,0.00279888044782087,0,0,0,0,0,0,0,0.00179928028788485,0.000199920031987205,0,0,0,0,0,0.00449820071971212,0.000899640143942423,0.00499800079968013,0.00079968012794882,0.000199920031987205,0,0,0.00289884046381447,0.00839664134346262,0,0,0,0,0,0,0.00229908036785286,0,0.000499800079968013,0.00299880047980808,9.99600159936026e-05,0,0,0,0,0.00579768092762895,0,0,0.000699720111955218,0,0,0,0,0,0.00629748100759696,0.00039984006397441,0,0.00119952019192323,0,0,9.99600159936026e-05,0,9.99600159936026e-05,0,0,0,0,0,0,0,0,0,0,0.00199920031987205,0,0,0,0,0,0,0,0,0,0,0,0,0,0.000299880047980808,0.00109956017592963,0.118552578968413,0,0.00079968012794882,9.99600159936026e-05,0,0,0,0.000599760095961615,9.99600159936026e-05,0,0,0,0.00569772091163535,0.00229908036785286,0,0,0,0,0.00199920031987205,0.000899640143942423,0,0,0,0,0.00889644142343063,0,0.0176929228308677,0,0,0.00849660135945622,0.000299880047980808,0,0,0.00119952019192323,0.000199920031987205,0.0110955617752899,0,0,9.99600159936026e-05,0,0,0,0,0,0,9.99600159936026e-05,0,0.0600759696121551,0,0,0,9.99600159936026e-05,0,0,0,0,0,0,0.00299880047980808,0,0,0,0,0,0,9.99600159936026e-05,0,0,0,0,0,0,0,0,0,0,0,0.00199920031987205,0.000199920031987205,0,0.000199920031987205,0,0.00169932027189124,0,0.000699720111955218,0,0,0,0,0,0,0,0,0,0,0,0,0.00409836065573771,0,0,0,0,0.0215913634546182,0.000999600159936026,0,0,0,0,0,0,0,0,0,0,0,0,0.000699720111955218,0,0,0,0.0407836865253898,0,0,0,0,0,0,0.00259896041583367,0,0.00149940023990404,0,0,0,0,0,0,0,0,0.0447820871651339,0,0.000299880047980808,0,0,0,0.0960615753698521,0,0,0,0,0,0,0,0,0,0,0,0,9.99600159936026e-05,0,0,0,0,0,0,0,0,0.00079968012794882,9.99600159936026e-05,0.00109956017592963,0,0,0,0,0,0,0,0,0,0,0,0.00079968012794882,0,0,0.116953218712515,0,0.000699720111955218,0,0,0,0,0.32936825269892,0,0.000599760095961615,0.0187924830067973,0,0,0,0,0.000499800079968013,0,0,0,0,0,0,0,0,0.00549780087964814,0,0,0.0122950819672131,0
0,0,0,0,0,0,0.0137986201379862,0,0,0.0023997600239976,0.0001999800019998,0,0,0,9.99900009999e-05,0,0,0,9.99900009999e-05,9.99900009999e-05,0.0112988701129887,0.0228977102289771,0.0017998200179982,0.0004999500049995,0.0003999600039996,0.0412958704129587,0,0,0.0103989601039896,0.0017998200179982,0,0,0,0.0055994400559944,0,0,0.0006999300069993,0.0155984401559844,9.99900009999e-05,0,9.99900009999e-05,0,0,0,0,0.0187981201879812,0,0,0,0,0,0,0,0,0,0,0,0,0,0.0133986601339866,0.0003999600039996,0.000999900009999,0,0,0,0,0.0166983301669833,0,0.0020997900209979,0,0.0028997100289971,0,0,0,0.0966903309669033,0,0,0,0,0.0083991600839916,0.0012998700129987,0,0.0234976502349765,0,0,0.0003999600039996,0,0,0.0001999800019998,0.0121987801219878,0,0.0055994400559944,9.99900009999e-05,0,0,9.99900009999e-05,0,0,0.0002999700029997,0,0,0,0,0,0.0022997700229977,0,0,0.139486051394861,0,0.0082991700829917,0,0,0,0.0052994700529947,0,0.0048995100489951,0.0018998100189981,0,0.0242975702429757,0.0003999600039996,0,0,0.0055994400559944,0,0.0014998500149985,0,0,0,0.0003999600039996,0,0.0050994900509949,0.0126987301269873,0,0,0,0,9.99900009999e-05,0,0.0001999800019998,9.99900009999e-05,0.0026997300269973,0,0,0,0,0,0,0,0,0,0.0015998400159984,0.0001999800019998,0,0,0,0.0011998800119988,0,0,0,0.0026997300269973,0,0.0002999700029997,0,0,0,0,0,0,0,0,0,0,0.000999900009999,0,0,0,0,0,0.0124987501249875,0,0,0,0,0,0.0062993700629937,0,0,9.99900009999e-05,0,0,0,0.0134986501349865,0.0003999600039996,0,0,0,0,0,0,0.0250974902509749,0,0,0,0,0,0.0186981301869813,0,0,0.0002999700029997,0.0002999700029997,0,0,0,0,0.0016998300169983,0,0.0088991100889911,0,0.0266973302669733,0,0,0.0013998600139986,0,0,0,0,0,0,0.0027997200279972,0,0.0272972702729727,0,0,0.0331966803319668,0,0,0,0,0,0,0,0,0,0,0,0,0.0173982601739826,0,0,0,0,0,0.0053994600539946,0,0.0071992800719928,0,0.0006999300069993,0,0.0005999400059994,0,0,0,0,0,0.012998700129987,0,0,0,0,0.0002999700029997,0,0.0023997600239976,0,0.095990400959904,0,0,0.0003999600039996,0,0.0018998100189981,0.0881911808819118,0,0,0.011998800119988,0,0,0,0,0,0,0.0031996800319968,0,0,0,0,0,0,0.0020997900209979,0,0,0.0144985501449855,0
0,0,0,0,0,0,0,0,0,0,0,0,0,0,0,0.000499900019996001,0.0001999600079984,0,0,0,0,0.0012997400519896,0,0,0,0.274845030993801,0,0,0.0145970805838832,0.00349930013997201,0,0,0,0.015496900619876,0,0,0.0027994401119776,0,0.0002999400119976,0,0,0,0,0,0,0.0520895820835833,0,0,0,0,0,0,0,0,0.000899820035992801,0,0,0,0,0,0,0,0.0001999600079984,0,0,0,0,0,0,0,0,0,0,0,0,0,0,0,0,0,0,0.0018996200759848,0.0887822435512897,0.0002999400119976,0,0.0001999600079984,0,0,0,0.0201959608078384,0,0.0023995200959808,0.000399920015996801,0,0,0,0,0,0,0,0,0,0,0,0,0.0001999600079984,0,0.18376324735053,0,0,0,0,0,0.00329934013197361,0.0012997400519896,0,0,0,0.0422915416916617,0,0,0,0,0.000399920015996801,0.00669866026794641,0,0,0,0,0,0.000699860027994401,0,0,0,0,0,0.00519896020795841,0,0,0,0.013497300539892,0,0,0,0,0,0,0.0001999600079984,0,0,0,0,0,0.00409918016396721,0,0,0,0,0,0,0,0,0,0,0,0,0,0,0,0,0,0,0.0002999400119976,0,0,0,0,0,0,0,0,0,0,0,0.00329934013197361,0,0,0,0,0,0.0155968806238752,0.0112977404519096,0,0,0,0,0,0,0,0,0,0,0,0,0,0.0100979804039192,0.0012997400519896,0,9.99800039992002e-05,0.00629874025194961,0,0,0,0,0.000599880023995201,0,0,0,0,0,0,0.0031993601279744,0,0,0,0,0,0,0,0,0.0205958808238352,0,0,0,0,0,0.0002999400119976,0,0,0.00449910017996401,0,0.001999600079984,0,0,0,0,0,0,0,0,0,0,0,0,0,0.0001999600079984,0,0,0.0011997600479904,0.0010997800439912,0,0,0,0.000499900019996001,0,0,0,0,0,0.0012997400519896,0,0,0.0515896820635873,0,0,0,0,0,0,0.0757848430313937,0,0,0.0249950009998,0,0,0,0,0,0,0.00519896020795841,0,0,0,0,0,0,0.000799840031993601,0,0,0.0152969406118776,0
0,0,0,0.0108,0,0,0.0161,0,0,0,0,0,0,0,0.0087,0,0.0096,0,0,0,0,0.0055,0,0,0,0.0179,0,0,0.0701,7e-04,0,0,0,0.008,0,0,0.0018,0.0239,0,0,0,0,0,0,0,0.0034,0,0,4e-04,0,0,0,0,0,0,0,0,0.0032,0,0.0017,0,0,0,0,0,0,0.0034,0.0058,0.0123,0.027,0,0,0,0,0,0,0,0,0,0,0,0,0,0,0,1e-04,0,0,0.0025,0.0109,0,0.0011,0.0533,0,0,0.0056,0,0,0,0,0,0.0161,0,0,0,0,0,0.093,0.0209,0.0019,0,0,4e-04,1e-04,0,0.0165,0,0,0.017,1e-04,0,0,0.0147,1e-04,0.0072,0,0.0188,0,0,0,0,0,0,0,0,0,0.0315,0,0,0,6e-04,0,0,0,0,0,0.0029,0,0,0,0,0,0,0,0,0,0,0,0,0,0,0,0,0,0,0,0,0,0,0,0,0,0,0,0.0014,0,0,0,0.0047,0,0,0,0,0,0.0048,0,0,0,0,0,0.0031,0.0037,0.0016,1e-04,0,0,5e-04,0,0,0,0,9e-04,0,1e-04,0,0,0,0,1e-04,0.0073,0,0,0,0,4e-04,0,0,0,0.0045,0,0,0,0,0,0,0,0,0,0,0,0,0,0,0.0099,0,0,0,0,0,0,0,0,0,0,0.0021,0,0,0.0018,0,0,0,0,0,0,0,9e-04,0,0,0,0,2e-04,0,0,1e-04,0,0,0,0,0,0.1815,0,0,0.0644,0,2e-04,0,0,0,0,0.0645,0,0,0.0847,3e-04,0,0,0,3e-04,0,0,0,0,0,0,0.0014,0,0.0057,0,0,0.0032,0
0,0,0,0,0,0,0.000899820035992801,0.0013997200559888,0,0,0,0,0,0.0332933413317337,0.0020995800839832,0,0,0,0,0,0.0013997200559888,0,0,0.0001999600079984,0,0.0846830633873225,0,0,0.00509898020395921,0,0,0,0,0.0120975804839032,0,0,0.0011997600479904,0.00329934013197361,0,9.99800039992002e-05,0,0,0,0.00409918016396721,0,0.0312937412517496,0,0,0.0012997400519896,0,0.00339932013597281,0.0002999400119976,0,0,0,0,0,0,0,0.0212957408518296,0,0.00249950009998,9.99800039992002e-05,0,0,0,0.0013997200559888,0,0,0.0013997200559888,0.0130973805238952,0,0,0.00889822035592881,0,0,0,0,0,0.0262947410517896,0,0.0011997600479904,0,0,0.00699860027994401,9.99800039992002e-05,0,0,0,0.00389922015596881,0,0.000499900019996001,0,0,0,0,0,0,0.0031993601279744,0,0,0,0,0.001999600079984,0.000699860027994401,0,0.00989802039592082,0.00539892021595681,0,0,0,0,0,0,0,0,0,0,0.00999800039992002,0,0,0,0,0,0.0136972605478904,0,0,9.99800039992002e-05,0,0,0.0001999600079984,0.011997600479904,0,0.0026994601079784,0,0,0,0,0,0,0,0,0,0,0,0,0.0001999600079984,0,0,0,0.00379924015196961,0.00879824035192961,0,0,9.99800039992002e-05,0,0,0,0.019496100779844,0.00599880023995201,0,0,0,0,0,0,0,0,0,0,0,0,0.0001999600079984,0,0,0,0,0.000399920015996801,0.00719856028794241,0,0,0,0,0,0.0013997200559888,0,0,0,0,0,0,0.00329934013197361,0,0,0,9.99800039992002e-05,0,0,0,0,0,0,0,0,0,0.0017996400719856,0.0011997600479904,0,0,0.0022995400919816,0,0,0.00669866026794641,0,0.0013997200559888,0,0.00549890021995601,0.0161967606478704,0,0.000599880023995201,0,0,0,0,0,0,0,0,0.00679864027194561,0.0001999600079984,0.0177964407118576,9.99800039992002e-05,0,0.0590881823635273,0,0,0,0,0,0,0,0,0,0,0,0,0,0,0,0,0.0138972205558888,0,0,0,0,0.000599880023995201,0,0,0,0,0,0,0,0,0,0,0,0,0.000699860027994401,0.000399920015996801,0,0,0.3500299940012,0,0.000699860027994401,0,0,0,0,0.02749450109978,0,0,0.0893821235752849,0,0,0,0,0,0.0023995200959808,0,0,0,0,0,9.99800039992002e-05,0,0,0,0,0.00989802039592082,0
0,0,0,0,0,0,0.0016998300169983,0.0041995800419958,0,0,0,0,0,0.0037996200379962,9.99900009999e-05,0,0,0,0,9.99900009999e-05,0.0125987401259874,0.0066993300669933,9.99900009999e-05,0,0,0,0,0,9.99900009999e-05,0.0002999700029997,0,0,0.0001999800019998,0.0070992900709929,0,0,0.0034996500349965,0.0001999800019998,0,0,0,0,0,0.0026997300269973,0,0.0180981901809819,0,0,0,0,0,0,0,0,0.0028997100289971,0,0,0,0,0,0,0,0,0,0,0,0.0083991600839916,0,0,0,0.0048995100489951,0,0,0.0033996600339966,0,0,0,0,0,0.0075992400759924,0,0,0.0074992500749925,0,0.004999500049995,9.99900009999e-05,0,0,0,0.007999200079992,0,9.99900009999e-05,0.0010998900109989,0,0,0.0143985601439856,0,0,0.0074992500749925,0,0,0.0018998100189981,0,0,0,0,0.0012998700129987,0.178782121787821,0,0,0,0.0002999700029997,0,0.0038996100389961,0,0,9.99900009999e-05,0,0.0078992100789921,0.0002999700029997,0,0,0.0001999800019998,9.99900009999e-05,0.0033996600339966,0,0,0,0,0,0.0043995600439956,0.016998300169983,0,0,0,0,0.0004999500049995,0,0,0,0,9.99900009999e-05,0,0,0,0.0090990900909909,0.0001999800019998,0,0,0,0.0006999300069993,0.0110988901109889,0,0,9.99900009999e-05,0,0,0,0,0.0194980501949805,0,0,0,0,0,0,0,0.0005999400059994,0,0,0,9.99900009999e-05,0,0,0.0005999400059994,0,0,0.0121987801219878,9.99900009999e-05,0,0,0,0,0,0.000999900009999,0.0005999400059994,0,0,0,0,0,0.0020997900209979,0,0,0,9.99900009999e-05,0,0,0,0,0,0,0,0.0698930106989301,0.0002999700029997,9.99900009999e-05,0,0,0,0,0,0,0,0,0.0032996700329967,0,0.0100989901009899,0.0021997800219978,0.0012998700129987,0,0.0038996100389961,0,0,0,0,0,0,0,0.0108989101089891,0,0.0051994800519948,0,0,0,0,0,0,0,0,0,0,0,0,0,0,0,0,0,0,0,0,0,0.0006999300069993,9.99900009999e-05,0.0007999200079992,9.99900009999e-05,0,0,0,0,0,0,0,9.99900009999e-05,0,0,0,0,0,0.0008999100089991,0,0.0012998700129987,0,0,0,0,0,0,0.0001999800019998,0.38996100389961,0,0.0002999700029997,0.0467953204679532,0,0,0,0,0,0,0.0031996800319968,0,0,0,0,0.0165983401659834,0,0.000999900009999,0,0,0.0186981301869813,0.0013998600139986
0,0,9.99200639488409e-05,0,0,0,0,0,9.99200639488409e-05,0,0,0,0.000199840127897682,0.0600519584332534,0.00679456434852118,0,9.99200639488409e-05,0,0.000399680255795364,0,0,0.00109912070343725,0,0,0,9.99200639488409e-05,0,0,0.000199840127897682,0.00119904076738609,0,0,0,0.00489608313349321,0,0,0,0,0,0,0,0,0,0,0,0.00519584332533973,0,0.000399680255795364,0,0,0.00229816147082334,0,0,0,0.00229816147082334,9.99200639488409e-05,0,0,0,0.00719424460431655,0,0.0128896882494005,0.000299760191846523,0,0,0,0.012589928057554,0,0,0,0.00189848121502798,0,0,0,0,0,0,0,0,0,0,0,0,0,0.078537170263789,9.99200639488409e-05,0,0,0,0.000599520383693046,0,0.00479616306954436,0.17326139088729,0,0,0,0,0,0.000599520383693046,0,0,0.000899280575539568,0,0,0.000799360511590727,0,0,0,0,0,0,0,0,9.99200639488409e-05,0,0.00259792166266986,0,0,0.00759392486011191,9.99200639488409e-05,0,0,0,0.00139888089528377,0,0,0,0,0,0,9.99200639488409e-05,0.0229816147082334,0,0,0,0,9.99200639488409e-05,0,0,0,0.00399680255795364,0,0,0,0,0,0.000499600319744205,0,0,0,0.000399680255795364,0,0.00149880095923261,9.99200639488409e-05,9.99200639488409e-05,0,0,0,0,0.0171862509992006,0,0,0,0,0,0,0,0,0,0,0,0,0,0,0,0,0,0.0107913669064748,0,0,0,0,0,0,0,0,0,0,0,0,0,0.000499600319744205,9.99200639488409e-05,0,0,0,0,0,0,0,0,0,0,0,0,0.00259792166266986,0.00209832134292566,0,9.99200639488409e-05,0,0,0,0,0,0.000599520383693046,0,0.00929256594724221,0.00209832134292566,0.0148880895283773,0.000799360511590727,0,0,0,0,0.000599520383693046,0,0,0,0.00479616306954436,0,0.00969224620303757,0,0,0.0273780975219824,0,0,9.99200639488409e-05,0,0,0.0698441247002398,0,0,0.0151878497202238,0,0,0,9.99200639488409e-05,0,0,0,0,9.99200639488409e-05,0,0,0.000599520383693046,0.000399680255795364,0.00209832134292566,0,0.000299760191846523,0,9.99200639488409e-05,0,0,9.99200639488409e-05,0,0,0,0,0,0.0536570743405276,0,0.0016986410871303,0.0410671462829736,0,0,0,0.000299760191846523,0,9.99200639488409e-05,0.212829736211031,0,9.99200639488409e-05,0.00619504396482814,0,0.0506594724220623,0,0,9.99200639488409e-05,0.015087929656275,9.99200639488409e-05,0,0,0,0.000199840127897682,0.00259792166266986,0,9.99200639488409e-05,0,0,0.00119904076738609,0
0,9.99900009999e-05,0,0,0,0,0,0,0,0,0,0,0,0,0,0,0,0,0,0,0,0,0,0,0,0.382461753824618,0,0,0,9.99900009999e-05,0,0,0,0.0057994200579942,0,0,0,0.0008999100089991,0,0,0,0,0,0,0,0.0805919408059194,0,0,0,0,0,0,0,0,0,0,0,0,0,0,0,0,0,0,0,0,0.0005999400059994,0,0,0,0,0,0,0,0,0,0,0,0,0,0,0,0.0014998500149985,0,0,9.99900009999e-05,0,0,0,0.0067993200679932,0.0364963503649635,0,9.99900009999e-05,0,0,0,0,0,0,0,0,0.0002999700029997,0,0,0,0,0,0.0051994800519948,0,0,0,0,9.99900009999e-05,0.007999200079992,0,0,0,0,0.0090990900909909,0,0,0,0,0,0.109389061093891,0,0,0,0,0,0,0,0,0,0,0,0,0,0,0,0,0,0,0,0,0,0,0,0,0,0,0,0,0,0,0,0,0,0,0,0,0,0,0,0,0,0,0,0,0,0,0,0.105389461053895,0,0,0,0,0,0,0,0,0,0,0,0.0010998900109989,0,0,0,0,0,0,0.0097990200979902,0,0,0,0,0,0,0,0,0,0,0,0.0020997900209979,0,0,0,0,0,0.0003999600039996,0,0,0,0,0,0,0,0,0.0112988701129887,0,0,0,0,0,0,0,0,0,0,0,0,0,0,0,0,0,0,0,0,0,0,0,0,0,0.0002999700029997,0.0008999100089991,0,0,0,0,0,0,0,0,0,9.99900009999e-05,0.0006999300069993,0,0,0,0,0,0,0.0002999700029997,0.0004999500049995,0,0,0,0.0004999500049995,0.0001999800019998,0,0,0.0245975402459754,0,0,0,0,0,0,0.162283771622838,0,0,0.0202979702029797,0,0,0,0,0,0,0.0068993100689931,0,0,0,0,0.0007999200079992,0,0.0038996100389961,0,0,0,0
0.0002999700029997,0.0001999800019998,0,9.99900009999e-05,0,0,0.0007999200079992,0,0,0,0,0,0,0,0.0148985101489851,0,0,0,0,0,0,0,0,0.000999900009999,0,0.149285071492851,0,0,0.0051994800519948,0.0038996100389961,0.0007999200079992,0,0,0,0,0,0,0,0.0003999600039996,0,0,0,0,0,0,0,0,0,0,0,0,0,0,0,0,0,0,0,0,0,0,0,0,0,0,0,0.0013998600139986,0,0,0,0,0,0,0,0,0,0,0,0,0,0,0,0,0,0,0.0005999400059994,0,0,0,0,0,0,0,0.0092990700929907,0,0,0,0,0,0,0,0.0001999800019998,0,0,0.0006999300069993,0,0,0.135186481351865,0,0,0,0,0.0001999800019998,0,0,0,0,0,0,0,0,0,0,0,0,0,0,0,0,0,0,0.0828917108289171,0,0,0,0.0035996400359964,0.0018998100189981,0,0,0,0,0,0,0,0,0,0,0,0,0,0.0091990800919908,0,0,0,0,0,0,0,0,0,0,0,0,0,0,0,0,0,0,0.002999700029997,0.0006999300069993,0,0,0,0,0,0,0,0,0,0,0,0,0,0,0,0,0,0,0,0,0,0.0040995900409959,0.0016998300169983,0,0,0,0.000999900009999,0,0,0,0,0,9.99900009999e-05,0,0.158384161583842,0.0010998900109989,0,0.0001999800019998,0.0031996800319968,0,0,0,0,0,0,0.0128987101289871,0,0.170982901709829,0,0,0,0,0,0,0,0,0,0,0,0,0,0,0,0,0,0.001999800019998,0,0,0,0,0,0,0,9.99900009999e-05,0.0025997400259974,0,0,0,0,0,0,0,0,0.0004999500049995,0,0,0.0043995600439956,0,0,0,0,0,0,9.99900009999e-05,0,0,0,0,0.0004999500049995,0,0,0.135986401359864,0,0,0,0,0,0,0,0,0,0.0250974902509749,0,0,0,0,0,0,0,0,0,0.0035996400359964,0,0.0101989801019898,0,0.0013998600139986,0,0,0.0340965903409659,0
0,0,0,0,0,0,0.000299850074962519,0,0,0,0,0,9.99500249875062e-05,0,0.00909545227386307,0,0,0,0,0,0,0.000499750124937531,0,0.000299850074962519,0,0.395402298850575,0,0,0.00139930034982509,0.00459770114942529,0.00999500249875063,0,0,0,0,0,0.0031984007996002,0,0.00329835082458771,9.99500249875062e-05,0,0,0,0,0,0.00739630184907546,0,0,0,0,0,0,0,0,0,0,0,0,0,0,0,0,0,9.99500249875062e-05,0,0,0.00109945027486257,0,0,0,0,0,0,0,0,0,0,0,0,0,0,0,0.00219890054972514,0,0,0.00699650174912544,0.0181909045477261,0,0,0,0,0.000599700149925037,0,0,0,0.00429785107446277,0,0,0,0,0,0,0,0,0,0,0,9.99500249875062e-05,0,0,0,0,0,0.0152923538230885,0,9.99500249875062e-05,0,0,0,0,0,0,0.00379810094952524,0.000199900049975012,0.135532233883058,0,0,0,0,0,0,0,0,0,0,0,0.00919540229885057,0,0,0,0.000999500249875062,0,0,0,0,0,0,0,0,0,0.00149925037481259,0,0,0,0,0,0,0,0,0,0,0,0,0,0,0,0,0,0,0,9.99500249875062e-05,0,0,0,0,0,0,0,0.00139930034982509,0,0,0,0,0,0.000199900049975012,0,0,0,0,0,0,0.00829585207396302,0.000499750124937531,0,0,0,0,0,0,0,0,0,0,0,0,0.00079960019990005,9.99500249875062e-05,0,9.99500249875062e-05,0,0,0,0,0,0,0,9.99500249875062e-05,0,9.99500249875062e-05,0,0,0,0,0,0,0,0,0,0,0,0,0,0,0.088655672163918,0,0,0,0,0,0,0,0.00169915042478761,0,0,0.000299850074962519,0,0,0,0,0,0,0,0,0,0,0,0,0,0.000199900049975012,0,0,0,0,0.000199900049975012,0,0,0,0,0,0.0448775612193903,0,0.000499750124937531,0.101449275362319,0.0203898050974513,0.00129935032483758,0,0,0,0.000199900049975012,0.0258870564717641,0,0,0.0504747626186907,0,0,0,0,0.000499750124937531,0,0,0,0,0,0,9.99500249875062e-05,0,0.000699650174912544,0,0,0.0149925037481259,0
0,0,0,0,0,0,0.0131986801319868,0.0062993700629937,0,0,0,0,0,0,0.0026997300269973,0.0006999300069993,0,0,0,0,0.0003999600039996,0.003999600039996,0,0.0005999400059994,0,0.576142385761424,0,0,0.006999300069993,0,0,0,0,0.0028997100289971,0,0,0,0,0,0,0,0,0,0,0,0.0053994600539946,0,0,0,0,0,0,0,0,0,0,0,0,0,0,0,0,0,0,0,0,0.0197980201979802,0,0,0,0,0,0,0,0,0.0226977302269773,0,0,0,0,0,0,0,0,0,0,0,0,0,0.0037996200379962,0,0.0577942205779422,0.0011998800119988,0,0,0,0.0005999400059994,0,0,0,0,0,0,0,0,0,0,0.0925907409259074,0,0,0,0,0,0.0592940705929407,0,0,0,0,0.0014998500149985,0,0,0,0,0,0.0020997900209979,0,0,0,0,0,0,0,0,0,0,0,0.0423957604239576,0,0,0,0.000999900009999,0,0,9.99900009999e-05,0,0,0,0,0,9.99900009999e-05,0.0001999800019998,0,0,0,0,0,0,0,0,0,0,0,0,0,0,0,9.99900009999e-05,0,0,0.0003999600039996,0,0.0026997300269973,9.99900009999e-05,0,0,0,0,0.0006999300069993,0,0,0,0,0,0,0,0,0.0001999800019998,0,0,0,0,0.0160983901609839,0.0004999500049995,0,0,0,0,0,0,0,0,0,0,0,0,0,0,0,0,0.0002999700029997,0,0,0,0,0,0,0,0,9.99900009999e-05,0,9.99900009999e-05,0,0,0,0,0,0.0001999800019998,0,0.006999300069993,0,0.0027997200279972,0,0,0,0,0,0,0,0,0,0,0,0,0,0,0,0,9.99900009999e-05,0,0,0,0,0,0,0,0,0,0,0,0.0057994200579942,0,0,0,0,0,0,0,0,0,0.0271972802719728,9.99900009999e-05,0,0,0,0,0,0,0,0,0,0,0,0.0050994900509949,0,0,0,0,0,0,0,0,0,0,0,9.99900009999e-05,0,0.0005999400059994,0,0,0.0051994800519948,0
0,0,0,0.000499750124937531,0,0,0.000299850074962519,0,0,0,0,0,0,0,0.000699650174912544,9.99500249875062e-05,0.0047976011994003,0,0,0,0,0,0.000899550224887556,0,0.000599700149925037,0.0655672163918041,0,0,0,0.00129935032483758,0.0288855572213893,0.0375812093953024,0,0.0211894052973513,0,0,0,0.0174912543728136,0.0015992003998001,0,0,0,0,0,0,0.23328335832084,0,0,0,0,0,0,0,0,0.00359820089955022,0,0,0.000699650174912544,0,0,0.000299850074962519,0.000899550224887556,0,0,0,0,0.015792103948026,0,0,0.00419790104947526,0.00489755122438781,0,0,0,0,0,0,0,0,0,0.000699650174912544,0,0,0,0,0,0,0,0,0.00499750124937531,0,0,0.000199900049975012,0,0,0,0,0,0.0115942028985507,0,0,9.99500249875062e-05,0,0,0,0.00109945027486257,0,0.0291854072963518,0.00209895052473763,0,0,0,0.000199900049975012,0.00559720139930035,0,0.00579710144927536,0,0,0.0357821089455272,9.99500249875062e-05,0,0,0,0,0.024487756121939,0,0,0,0,0.00429785107446277,0.00309845077461269,0,0,0,0,9.99500249875062e-05,0.0107946026986507,0,0,0,0.00269865067466267,0.000399800099950025,0,0,0,0,0,0.00229885057471264,0,0,0,0.00289855072463768,0,0,9.99500249875062e-05,0,0,0,0,0.0103948025987006,0,0,0.00549725137431284,0,0,0,0.00589705147426287,0,0.000399800099950025,0,0,0,0.00299850074962519,0,0,0,0,0.00169915042478761,0.0519740129935032,0,0.00939530234882559,0.00449775112443778,0,0.00199900049975012,0,0,0,0,0,0,0,0.024687656171914,0,0,0.00339830084957521,0,0,0,0,0,0,0,0,0.00359820089955022,0.0300849575212394,0,0,0,0.000399800099950025,0,0,0,0,0,0,0,0,0,0,0,0,9.99500249875062e-05,9.99500249875062e-05,0,0.0015992003998001,0.00239880059970015,0.00339830084957521,0,0,0,0,0,0,0.0199900049975013,0,0,0,0,0.000399800099950025,9.99500249875062e-05,0,0,0.00419790104947526,0,0.00189905047476262,0,0,0,0,0,0,0,0,0,0,0.00169915042478761,0.000199900049975012,0,0,0.00189905047476262,0,0,0,0.000199900049975012,0,0,0,0,0,0.00559720139930035,0,0,0.0264867566216892,0,0,0,0,0,0,0.117341329335332,0,0,0.0407796101949025,0,0,0,0,0,0,0.00569715142428786,0,0,0,0,0.00209895052473763,0,0.000499750124937531,0,0,0.0113943028485757,0.00119940029985007
0,0.000999200639488409,0,0,0,0,0,0.00129896083133493,0,0,0,0,0,0,0.00199840127897682,0,9.99200639488409e-05,0,0,0,0,0.00119904076738609,0,0.000399680255795364,0,0.248800959232614,0,0,0.00449640287769784,0,0,0,0,0.00429656274980016,0,0,0.00159872102318145,9.99200639488409e-05,9.99200639488409e-05,0,0,0,0,0,0,0.00669464428457234,0,0,0,0,0,0,0,0,0.000199840127897682,0,0,0.000999200639488409,0,0.00269784172661871,0,0,0,0,0,0,0.00459632294164668,0,0.000499600319744205,0.00489608313349321,0.00119904076738609,0,0,0,0,0,0,0,0.000199840127897682,0.00419664268585132,0,0,0.000999200639488409,0,0,0,0.000199840127897682,0,0,0.00259792166266986,0,0.000499600319744205,0.0180855315747402,0,0,0.000299760191846523,0,9.99200639488409e-05,0.00319744204636291,0,0,0,0,0,0.000299760191846523,0,0,0.016986410871303,0,0,0,0,0,0,0,0,0,0,0.00349720223820943,0,0,0,0,9.99200639488409e-05,0,0,0.0167865707434053,0,0,0,0,0.0230815347721823,0,0,0,9.99200639488409e-05,0.0454636290967226,9.99200639488409e-05,0,0,0.0038968824940048,0,0,0,0,0,0.000199840127897682,0,0,0,0.000199840127897682,0,0,0,0,0,0,0,0,0.0152877697841727,0,0,0,0,0,0,0,0,0,0,0.000199840127897682,0,0,0,0,0,0,0.00109912070343725,0,0,0,0,0,0,0.000399680255795364,0,0,0,0,0,0,0,0.000299760191846523,0,0,0,0,0,0,0,0,0,0,0.00129896083133493,0,0.000399680255795364,0,0,9.99200639488409e-05,0,0,0,0,9.99200639488409e-05,0.000199840127897682,0.000199840127897682,0.0126898481215028,9.99200639488409e-05,0.00349720223820943,0,0.00559552358113509,0,0,0,0,0.00409672262190248,0,0,0.00469624300559552,9.99200639488409e-05,0,0,0,0.0830335731414868,0,0,0,0,0,0,0,0,0,0,0.000599520383693046,0.000799360511590727,0,0,0,0,0,0,0,0,0.000999200639488409,0.00189848121502798,0.000299760191846523,0,0,9.99200639488409e-05,0,0,0,0.000299760191846523,0,0,0,0,0,0.00149880095923261,0,0,0.159972022382094,0,0,0,0,0,0.0021982414068745,0.256394884092726,9.99200639488409e-05,0,0.000499600319744205,0,0,0,0,0,0.00329736211031175,0,0,0,0,0,0.00679456434852118,0,0.00119904076738609,0,0,0.00139888089528377,0
0,0.0117929242454527,9.9940035978413e-05,0.0221866879872077,0.000999400359784129,0,0,0,0,0.00109934039576254,0,0,0,0,0.000699580251848891,0,0.00269838097141715,0,0,0,0,0.00679592244653208,0,0,0.00349790125924445,9.9940035978413e-05,0,0.000599640215870478,0,0.000199880071956826,0.0298820707575455,0.00199880071956826,0,0,0,0,0.000599640215870478,0,0.000499700179892065,0,0,0,0,0,0,0.00449730161902858,0,0.00159904057565461,0.000199880071956826,0,0.000299820107935239,0,0,0.000299820107935239,0.00349790125924445,0,0,0,0,0.0557665400759544,0,0,0,0,0,0,0.00609634219468319,0,0,0.00549670197881271,0,0,0,0,0,0,0.000699580251848891,0,0,0.0788526883869678,0,0,0,0,0,0.000199880071956826,0,0,0,0,0,0,0,0,0,9.9940035978413e-05,0.000799520287827304,0,0,0,0,9.9940035978413e-05,0.000299820107935239,0,0,0.000599640215870478,0,0.0117929242454527,0,0.0942434539276434,0,0,0.000999400359784129,0,0,0.00609634219468319,0,0,0,0,0.000199880071956826,0,0,0,0,0.000399760143913652,0,0,0.00179892064761143,0,0,0,0,0,0,0,0.00829502298620828,0,0,0,9.9940035978413e-05,0,0,0,0,0,0.0030981411153308,0.0134919048570857,0,0.00339796122326604,0,0.0261842894263442,0,0,9.9940035978413e-05,0,0,0,0.00159904057565461,0,0.000199880071956826,0.00359784129522287,0,0,0,0,0.00509694183489906,0,0.000299820107935239,0,0.00499700179892065,0,0,0,0,0,0.000699580251848891,0.0521686987807316,0,0,0.0100939436338197,0.00269838097141715,0,0.00209874075554667,0,0,0,0.000799520287827304,0,0.00139916050369778,0.000699580251848891,0.00269838097141715,0,0,0,0,0,0,0,0,0,0,0,0.0162902258644813,0,0,0,0,0,0,9.9940035978413e-05,0,0,0.000299820107935239,0,0,0,0.0262842294623226,0.000499700179892065,0,0,0.00879472316610034,0,0,0.0022986208275035,0,0.0110933439936038,0.0325804517289626,0.0135918448930642,0,0,0,0.000399760143913652,0.032680391764941,9.9940035978413e-05,0,0,0,0.000799520287827304,0,0,0,0,0,0.00159904057565461,0.00209874075554667,0,0,0,0,0,0,0,9.9940035978413e-05,0.0106935838496902,0.000199880071956826,0.00329802118728763,0,0,0,0,0,0,0.00419748151109334,0.00949430341794923,0,0,0,0,0.000999400359784129,0,0.00439736158305017,0,0,0.000399760143913652,9.9940035978413e-05,0,0,0,0.303218069158505,0,0,0.00429742154707176,0,0,0.000299820107935239,0,0,0,0,0,0,0,0,0,0,0.000199880071956826,0,0,0.00609634219468319,0
0,0,0,0.00459816073570572,0,0,0,0.000699720111955218,0,0.00289884046381447,0,0,0,0.0159936025589764,0.00179928028788485,0,0.000599760095961615,0,0,0,0.000199920031987205,0.000699720111955218,0.00079968012794882,0,0,0.400339864054378,0,0,0.00549780087964814,0.00339864054378249,0.00169932027189124,0.0285885645741703,0,0.00189924030387845,0,0,0,0.000999600159936026,0,0,0,0,0,0,0,0,0,0,0.000199920031987205,0.000299880047980808,0,0,0,0,0,0,0,0.000699720111955218,0,9.99600159936026e-05,0.000299880047980808,0,0,0,0.00109956017592963,0,0.000699720111955218,0.00039984006397441,0,0,0,0,0,9.99600159936026e-05,0,0,0,0,0,9.99600159936026e-05,0.00039984006397441,0,0,0.000499800079968013,0,0,0.00659736105557777,0,0.000299880047980808,0.00439824070371851,0,0,0,0,0,9.99600159936026e-05,0,0,0.00169932027189124,0,0,0,0,0,0.00039984006397441,0.00039984006397441,0,0.11155537784886,0.0154938024790084,0.00589764094362255,0,0,0,0.00909636145541783,0,0.00479808076769292,0,0.000299880047980808,0,0,9.99600159936026e-05,0,0,9.99600159936026e-05,0,0.00249900039984006,0,0,0,0,0.00039984006397441,0.000299880047980808,0,0,0,0,0.0274890043982407,0,0,0,9.99600159936026e-05,0,0.00279888044782087,0,0,0,9.99600159936026e-05,0.00229908036785286,0,0,0,0,0,0,0,0,0,0,0,0,0,0,0.00529788084766094,0.00749700119952019,0,0,0.00749700119952019,0.00199920031987205,0,0,9.99600159936026e-05,0.00569772091163535,9.99600159936026e-05,0,9.99600159936026e-05,9.99600159936026e-05,0,0,0.00859656137544982,0.000999600159936026,0.00489804078368653,0,0,0,0,0,0,0,0,0,0,0.00469812075169932,0.00209916033586565,0.00129948020791683,0,0,0.000199920031987205,0,0,0,0,0,0,0,0.0255897640943623,0.00039984006397441,0,0,0.000499800079968013,0,0,0,0.000299880047980808,9.99600159936026e-05,0.000599760095961615,0,9.99600159936026e-05,0,9.99600159936026e-05,0,0,0.000199920031987205,0,0,0.00299880047980808,0,0,0.0231907237105158,0,0.00079968012794882,0.00109956017592963,0,0,0.0241903238704518,0,0,0,0.000299880047980808,0,0,9.99600159936026e-05,0,0,0.0167932826869252,0.00039984006397441,0.000699720111955218,0,0.00299880047980808,0,0,0,9.99600159936026e-05,0.000199920031987205,0,9.99600159936026e-05,0.00039984006397441,9.99600159936026e-05,0,0.000199920031987205,0.000899640143942423,0,0,0,0.000899640143942423,0,0,0,0,0,0.00759696121551379,0,0,0.0330867652938825,0,0,0,0,0,0,0.116753298680528,0,0,0.00139944022391044,0,0,0,0,0,9.99600159936026e-05,0.00079968012794882,0,0,0,0,0.00229908036785286,0,0.000999600159936026,0,0.0038984406237505,0.00469812075169932,0
0,0,0,0.000599580293794344,0,0,0,0.00049965024482862,0,0,0,0,0,0,0.00169881083241731,0,9.9930048965724e-05,0.000799440391725792,0,0,0,0.000699510342760068,0,0,9.9930048965724e-05,0,0,0,0,0,0,0.00609573298690916,0,0.0130908364145098,0,0,0,0.00189867093034876,0,9.9930048965724e-05,0,0,0,0,0,0,0,9.9930048965724e-05,0,0,9.9930048965724e-05,0,0,0,9.9930048965724e-05,0,0,0,0,0.0113920255820925,0,0,0,0.000299790146897172,0,0.00429699210552613,0.00939342460277806,0,0,0.00619566303587489,0.0020985310282802,9.9930048965724e-05,0,0,0,0,0,0,0.00149895073448586,0.00239832117517738,0,9.9930048965724e-05,0.000899370440691516,0,0,0.000199860097931448,0,0,0,0,0.0772459278505046,0.00119916058758869,0,0,0,0.000299790146897172,0,0.000799440391725792,0.0130908364145098,0,0,0,0,0,0.000199860097931448,0,0,0.113520535625062,0,0.0053962226441491,0,0,0,0.00769461377036075,0,0,0,0.000799440391725792,0.00569601279104627,0,0.000699510342760068,0,0,0.0170880383731388,0,0,0,0,0,0,0,0,0,0,0,0,0.0440691515938843,0,0,0,0.094134106125712,0,0.000599580293794344,0,0,0.00049965024482862,0.000399720195862896,0,0,0,0,0,0,0,0,0,0,0,0,0,0,0,0,0.000199860097931448,0,0,0,0,0,0,0.000199860097931448,0.000799440391725792,0.17597681622864,0,0,0,0,9.9930048965724e-05,0.00139902068552014,9.9930048965724e-05,0,0,0,0,9.9930048965724e-05,0,0,0,0,0,0,0.00729489357449785,0,0.00109923053862296,0,0,0,0,0,0,0,0,0,0,0.0304786649345458,0.00169881083241731,0,0,9.9930048965724e-05,0,0,0,0.00119916058758869,0,0.00129909063655441,9.9930048965724e-05,0.0118916758269212,0.00239832117517738,0,0,9.9930048965724e-05,0.000299790146897172,0,0.000599580293794344,0,0,0,0,0.002897971420006,0.00049965024482862,0,0,0,0.0357749575297292,0,0,0.00049965024482862,9.9930048965724e-05,0,0,0,0,0,0,0.00279804137104027,0,0,0,0,0,0,0,0.000199860097931448,0,0.00099930048965724,0.00109923053862296,0.000399720195862896,0,0.000399720195862896,0,0.000199860097931448,0,0,0.000599580293794344,0,0,0,0,0.000799440391725792,0.0100929349455381,0,0,0.0410712501249126,0,0,9.9930048965724e-05,0.00939342460277806,0.000199860097931448,0.000599580293794344,0.188268212251424,0,0,0.00189867093034876,0,0,0,0,0,0.00149895073448586,0.00109923053862296,0,0,0,0.00399720195862896,0.00509643249725192,0.000299790146897172,0.00139902068552014,0,0,0.00199860097931448,0
0,0,0,0,0,0,0.00169881083241731,0,0,0,0,0,0,0,0.00259818127310882,0,0,0,0,0,9.9930048965724e-05,0.00339762166483462,0,0.000199860097931448,0,0.496652343359648,0,0,0.00149895073448586,0.000199860097931448,0.000799440391725792,0,0,0.00649545318277206,0,0,0,0.0167882482262416,0,0,0,0,0,0.0109923053862296,0,0.00549615269311482,0,0,0.00099930048965724,0,0,0,0,0,0,0,0,0,0,0,0,0,0,0,0,0,0.00179874088138303,0,0.00349755171380034,0,0,0,0,9.9930048965724e-05,0,0,0,0,0,0.000199860097931448,0,0.00049965024482862,0.000399720195862896,0,0,0,0,0.00389727190966324,0,0,0,0.000899370440691516,0.000399720195862896,0,0,0.000199860097931448,0,0,0.000599580293794344,0,0,0,0,0.000199860097931448,0,0,0.00129909063655441,0.0351753772359348,0,0,0,0.00509643249725192,0,0,0,0,0,9.9930048965724e-05,0,9.9930048965724e-05,0,0,0,0,0.00269811132207455,0,0,0,0,0,0,0,0,0,0,0.000899370440691516,0.00919356450484661,0,0,0,0,0,0,0,0,0,0,0.0020985310282802,0,0,0,0,0,0,9.9930048965724e-05,0,0,0,0,0,0,0,0,0,0,0,0,0,0,0,0,0,0,0,0,0,0,0,0,0,0,0,0,0,0,0.00129909063655441,0,0,0,9.9930048965724e-05,0,0,0.000299790146897172,0,0,0.000599580293794344,0.00879384430898371,0,0,0,0,0,0,0.00389727190966324,0.030778455081443,0.00239832117517738,0,0,0,0.000299790146897172,0,0,0,0.000299790146897172,9.9930048965724e-05,0,0.00159888078345158,0.00379734186069751,0.00519636254621765,0,0,0,0,0,0,0,0,0,0.00419706205656041,0,0,9.9930048965724e-05,0,0.00529629259518337,0,0,0,0,0,0,0,0,0,0,0,0,0,0,0,0,0.00319776156690317,0,0.00229839112621165,0,9.9930048965724e-05,0,0,0.000299790146897172,0,0,0,0,0,0,0,0,0,0.0265813930248826,0,0.101329069651244,0,0,0,0,0,0,0,0,0,0.171479964025182,0,0.000399720195862896,0.00729489357449785,0,0,0,0,0,0,0,0,0,0,0,9.9930048965724e-05,0,0,0.00049965024482862,0,0,0
0,0.000299790146897172,0,0.000299790146897172,0,0,0,0.00489657239932048,0,0,0,0,0,0,0.0127910462676127,0,0,0,0,0,0,0.00369741181173179,0,0,0,0.192964924552813,0,0,0.00449685220345758,0.0135904866593385,0.0211851703807335,0,0,0.00449685220345758,0,0.000199860097931448,0.000399720195862896,0,9.9930048965724e-05,0,0,0,0,0.00179874088138303,0,0.0196862196462476,0,0.000899370440691516,0,0,0.00199860097931448,0,9.9930048965724e-05,0,0.0226841211152193,0,0,0,0,0.0272809033676427,0,0,0,0.000399720195862896,0,0,0.00139902068552014,0,0,0,0.0101928649945038,0,0.000699510342760068,0.00049965024482862,0,0,9.9930048965724e-05,0,0,0,0,0.000699510342760068,9.9930048965724e-05,0,0,9.9930048965724e-05,0.0053962226441491,0,0,0.000599580293794344,0,0.0024982512241431,0.265514140101929,0,0,0,0,0,9.9930048965724e-05,0,0,0.000199860097931448,0.000199860097931448,0.00139902068552014,0,0,0,0.00409713200759468,0.00269811132207455,9.9930048965724e-05,0,0,0,0.000899370440691516,0,0,0,0,0,0,0,0,0,9.9930048965724e-05,0,0,0,0,0,0,0.00489657239932048,0,0,0,9.9930048965724e-05,0,0.00619566303587489,0.00149895073448586,0,9.9930048965724e-05,0.00159888078345158,0,0,9.9930048965724e-05,0,0,0.000699510342760068,0.00819426401518937,0.000199860097931448,0,0,0,0,0,9.9930048965724e-05,0,0,0,0.00049965024482862,0,0.000199860097931448,0,0.0127910462676127,0,0,0.00049965024482862,0,0,0,0.011591885680024,0.00119916058758869,0,0,0,0,0,0.000299790146897172,0,0,0.00319776156690317,0,0,0,0.0070950334765664,0,0,0.00179874088138303,0,0,0,0.000599580293794344,0.00659538323173778,0,0,0,0,0.00189867093034876,0.000199860097931448,0,0,0.0113920255820925,0,0,0.000699510342760068,0,0.000899370440691516,0,0,0,0,0.000199860097931448,0,0,0.00049965024482862,0,0.00099930048965724,0.00319776156690317,0.0100929349455381,0.00919356450484661,0,0,0.00429699210552613,0.0184870590586589,0,0.00179874088138303,0,0.00869391426001799,0,0.00449685220345758,0.000699510342760068,0.01518936744279,0.000299790146897172,0,0.00049965024482862,0,0,0.000899370440691516,0,0,0.000299790146897172,0,9.9930048965724e-05,0,0.0132906965124413,0.000199860097931448,9.9930048965724e-05,0,0,0,0,0,0,0,0,0.00139902068552014,0.00649545318277206,0.000299790146897172,0,0.00809433396622364,0.000699510342760068,9.9930048965724e-05,0,0,9.9930048965724e-05,0,0,9.9930048965724e-05,0,0,0.000399720195862896,0,0.013390626561407,0.0243829319476367,0,0,0,0,0,0,0.0888378135305286,0.000299790146897172,0,0.0216848206255621,0,0,0,0,9.9930048965724e-05,0,0.00439692215449186,0,0,0,0,0.00169881083241731,0.000699510342760068,9.9930048965724e-05,0,0,0.0161886679324473,0
0,0,0,0.0007999200079992,0.0008999100089991,0,0,0,0,0,0,0,0,0.0250974902509749,0.0114988501149885,0,0,0,0,0,0,0.0016998300169983,0,0,0.0004999500049995,0.48965103489651,0,0,0.0003999600039996,0.0030996900309969,0.0015998400159984,0,0,0,0,0,0.0163983601639836,9.99900009999e-05,0.0006999300069993,0,0,0,0,0,0,0.02999700029997,0.0001999800019998,0,0.0005999400059994,0.0003999600039996,0,0,0,0,0,0,0,0.0005999400059994,0,9.99900009999e-05,0.0002999700029997,0,0,0,0,0,0.00999900009999,0,0,0,0,0,0,0,0,0.007999200079992,0,0,0,9.99900009999e-05,0,0,0,0,0.0013998600139986,0,0,0,0.0001999800019998,0,0,0,0,0,0,0,0,0,0,0,0,0,0,0,0.0001999800019998,0,0,0.0165983401659834,0.0143985601439856,0.0072992700729927,0.0003999600039996,0,0,0.0006999300069993,0,0.0417958204179582,0,0,0,0,0,0,0,9.99900009999e-05,0,0,0,0,0,0,0.0011998800119988,0.0020997900209979,0,0,0,0,0,0,0,0,0,0,0,0,0,0,0.0016998300169983,0.0107989201079892,0,0,0,0.0115988401159884,0,0,0,0,0,0,0,9.99900009999e-05,0,0,0.0048995100489951,0.0056994300569943,0,0.0002999700029997,0.0024997500249975,0,0,0,0.0001999800019998,0.0307969203079692,0,0,0,0,0,0,0,0,0.0393960603939606,0.0008999100089991,0,0.010998900109989,0.0011998800119988,0,0,0,0,0,0,0.0022997700229977,0,0,0,0,0.0025997400259974,0,0.0004999500049995,0,0,0,0,0,0,0,0.0014998500149985,0,0.0005999400059994,9.99900009999e-05,0,0,0,0.0002999700029997,0,0,0.0006999300069993,0,0.0113988601139886,0,0,0,9.99900009999e-05,0,0.000999900009999,0,0,0,0.0010998900109989,0,0,0.0007999200079992,0,0.0315968403159684,0,0,0,0,0,0.0066993300669933,0,0,0,0,0,0,0,0,0.0003999600039996,0,0,0,0.0003999600039996,0,0,0,0,0,0.0001999800019998,0.000999900009999,0,0,0.0034996500349965,0.0017998200179982,0,0,0,0,0,0.0014998500149985,0,0.0016998300169983,0.0122987701229877,0,0,0,0,0,0,0.0863913608639136,0,0,0.0062993700629937,0,0,0,0,0,0,0.0010998900109989,0,0,9.99900009999e-05,0,0,0,0,0,0,0.0117988201179882,0
0,0,0,0,0.001499700059988,0,0.00249950009998,0.0002999400119976,0,0.000999800039992002,0,0.000499900019996001,0.0013997200559888,0.00439912017596481,0.00979804039192162,0,0.000999800039992002,0.0010997800439912,0,0,9.99800039992002e-05,0,0.00389922015596881,0,0.00679864027194561,0.174665066986603,0.0002999400119976,0.000899820035992801,0.0540891821635673,0,0.0208958208358328,0,0,0.00499900019996001,0,0,0.0010997800439912,0.00649870025994801,0.000799840031993601,0,0.0002999400119976,0,0,0,0,0.000599880023995201,0.0192961407718456,0,0.0001999600079984,0.000599880023995201,0,0,0,0,0.001499700059988,0,0,0.0012997400519896,0,9.99800039992002e-05,0.0012997400519896,0.0023995200959808,0,0,0,0.0011997600479904,0.0183963207358528,0,0,0,0.00399920015996801,0,0,0.002999400119976,0,0.113977204559088,0,0,0,9.99800039992002e-05,0.001499700059988,0,9.99800039992002e-05,0,0,0.0017996400719856,0.0276944611077784,0,0,0.0011997600479904,0,0.00659868026394721,0.00789842031593681,0,0.0022995400919816,0,0,0,0.000999800039992002,0,0,0,0,0,0.0017996400719856,0.0015996800639872,0.000999800039992002,0.00929814037192562,0.0021995600879824,0.00459908018396321,0,0,0,9.99800039992002e-05,0,0.0418916216756649,0,0.00419916016796641,0.0025994801039792,0,0,0,0,9.99800039992002e-05,0.0023995200959808,0.0001999600079984,0,0,0,0.0027994401119776,0.0030993801239752,0.0001999600079984,0,0,0,0,0.0390921815636873,0,0,0,0.00369926014797041,0,0,0,0.0158968206358728,0,0,0.00349930013997201,0,0,0.0020995800839832,0.00439912017596481,0,0,0.00789842031593681,0,0,0.0001999600079984,0,0.00699860027994401,0,0,0.026494701059788,0.000399920015996801,0,0,0.00459908018396321,0,0,0.000599880023995201,0.0011997600479904,0.0023995200959808,9.99800039992002e-05,0,0,0,0,0,0,0,0.0353929214157169,0,0,0,0.000899820035992801,0,0,0,0.0022995400919816,0.0015996800639872,0,0.000399920015996801,0.001499700059988,0,0.00389922015596881,0.0002999400119976,0.0021995600879824,0,0,0,0,0.00749850029994001,0,9.99800039992002e-05,0,0.00759848030393921,0,0,9.99800039992002e-05,0,0,0,0,0.0002999400119976,0.0001999600079984,0,0.00449910017996401,0.002999400119976,0.00759848030393921,0,0,0,0.00639872025594881,0,0.00539892021595681,0.0001999600079984,0.000399920015996801,0,0.00429914017196561,0.001499700059988,0.0001999600079984,0.000399920015996801,0.000699860027994401,0.021495700859828,0,0,0,0,0,0,0.000799840031993601,0,0,0.0275944811037792,0,0,0,0.0001999600079984,0,0.0250949810037992,0.00509898020395921,0,0.001499700059988,0,0.0017996400719856,0.0258948210357928,0.0011997600479904,0,0.0001999600079984,0,0.000799840031993601,0,0,0.000799840031993601,0,0,0,0.00429914017196561,0,0.0101979604079184,0.001999600079984,0.0011997600479904,0.0165966806638672,0,0,0,0,0.0001999600079984,0.000999800039992002,0.000699860027994401,0,0,0.0147970405918816,0,0,0,0,0,0.0002999400119976,0.0012997400519896,0,0,0,0,0.017996400719856,0,0.000499900019996001,0,0,0.002999400119976,0
0,0,0,0,0,0,0,0.00769846030793841,0,0,0,0,0,0.0450909818036393,0.0002999400119976,0,0,0,9.99800039992002e-05,0,0,0.0030993801239752,0,0,0,0.141571685662867,0,0,0,0,0.0190961807638472,0,0,0.010497900419916,0,0,0,0.0170965806838632,0,0,0,0,0,0.00779844031193761,0,9.99800039992002e-05,0,0,0,0,0,0,0,0,0.000799840031993601,0,9.99800039992002e-05,0,0,0,0,0.0025994801039792,0,0,0,0,0.000599880023995201,0,0,0.0023995200959808,0.0118976204759048,0,0,0,0,0,0,0,0,0.0017996400719856,0,0,0,0,0.00889822035592881,0,0,0,0,0.0283943211357728,0,0,0,0,0,0,0,0,0.00569886022795441,0,0,9.99800039992002e-05,0,0.0031993601279744,0.0001999600079984,0,0,0.100479904019196,0,0.00359928014397121,0,0.0026994601079784,0,0.00449910017996401,0.0001999600079984,0,0,0,0.00779844031193761,0.0001999600079984,0,0,0,0,0,0,0,0,0,0,0,0,0,0,0,0,0.00249950009998,0,0,0,0.000899820035992801,0,0.0002999400119976,0,0,0,0.0010997800439912,0,0,0,0.00439912017596481,0,0,0,0,0,0,0,0.0012997400519896,0,0,0,0,0,0,0,0,0,0,0.0025994801039792,0,0,0,0,0,0,0,0.00999800039992002,0.0465906818636273,0,0,0,0,0,0,0,0,0,0,0,0,0,0,9.99800039992002e-05,0,0,0,0.0002999400119976,0,0,0.0252949410117976,0,0,0,0,0.0002999400119976,0,0,0,0,0,0,0.00339932013597281,0,0,0,0.00569886022795441,0.001999600079984,0,0.0015996800639872,0,0,0,0,9.99800039992002e-05,0,0,0,0.0128974205158968,0.0017996400719856,0,0,0,0.000999800039992002,0,0,9.99800039992002e-05,0,0,0,0,0,0,0,0,0,0,0,0,0,0,0.000599880023995201,0,0,0,0,0,0,0.001499700059988,0,0.00329934013197361,0,0,0,0,9.99800039992002e-05,0,0,0,0.00499900019996001,0,0,0,0,0,0,0,0,0.00919816036792642,0.354229154169166,0,0,0.0121975604879024,0,0,0,0,0,0.0212957408518296,0,0,0,0,0,0.0175964807038592,0.00519896020795841,0.000999800039992002,0,0,0.00589882023595281,0
0,0,0,0.00119964010796761,0.000699790062981106,0,0.0165950214935519,0,0,0.000999700089973008,0,0,0,0,0,0,0.00599820053983805,0,0,0,0.000299910026991902,0,0,0,0,0.123163051084675,0,0,0.0322903129061282,0,0.000199940017994602,9.99700089973008e-05,0,0.00499850044986504,0,0,0,0,0,0,0,0,0,0,0,9.99700089973008e-05,0,0,0.000399880035989203,0.000399880035989203,0,0,0,0.000299910026991902,0,0,0,0,0.000499850044986504,0.00859742077376787,0.000699790062981106,0,0,0,0.000199940017994602,0,0.0130960711786464,0,0,0.011296611016695,0,0,0,0.000199940017994602,0,0,0,0.000199940017994602,0,0.00419874037788663,0,0.000599820053983805,0,0,0,0,0,0,0,0.0115965210436869,0.00869739078276517,0.00109967009897031,0,0,0,0,0,0,0,0,0,0,0,0,0,0,9.99700089973008e-05,0.18964310706788,0.00249925022493252,0.00699790062981106,0,0,0.000799760071978406,0.00309907027891633,0,0.0203938818354494,0,0,0,0,0,0,0,0,0.00159952014395681,0,9.99700089973008e-05,0,0,0,9.99700089973008e-05,0.00299910026991902,0,0,0,0,0,0,0,0,0.000999700089973008,0,0,0,0,0,0,0,0,0,0,0.000599820053983805,9.99700089973008e-05,0,0,0,0,0,0,0.00209937018894332,0,0,0,0,0,0,0,0,0,0,0,0,0.000399880035989203,0,0,0,0,0,0.00249925022493252,0,0.00509847045886234,0.00409877036888933,0,0.00119964010796761,0.000799760071978406,0,0,0,0,0,0,0.000999700089973008,0,0,0,0,0.00859742077376787,0,9.99700089973008e-05,0,0,0,0,0.134659602119364,0,0,0,0,9.99700089973008e-05,0,0,0,0.00139958012596221,0,0.000599820053983805,0,0.000499850044986504,0.00119964010796761,0.00479856043187044,0,0.00109967009897031,0.00459862041387584,0,0,0.00199940017994602,0,0,0.000999700089973008,0.00209937018894332,0.00619814055783265,0,0,0,0.036888933320004,0,0,0,0,0,0,0,0,0,0.0105968209537139,0.00169949015295411,0,0.00589823053084075,0,0,0,0,0,0,0,0,0,0.000199940017994602,0,0,0,0,0,0,0,0,0,0,0,0,0.000699790062981106,0,0,0.00639808057582725,0,0,0,0,0,0,0.247125862241328,0,9.99700089973008e-05,0.00899730080975707,0,0,0,0,0,0.000899730080975707,0,0,0,0,0,0.0103968809357193,0,0,0,0,0.00519844046785964,0
9.99900009999e-05,0,0,0.0008999100089991,0,0,0,0,0,0,0,0,0,0,0,0,0,0,0,0,0,0.0030996900309969,0,0.0004999500049995,0.0007999200079992,0.209079092090791,0,0,0.0050994900509949,0,9.99900009999e-05,0,0,0.0061993800619938,0,0,0,0,0,0,0,0,0,0,0,0.074992500749925,0,0,0.0010998900109989,0.0007999200079992,0,0,0,0,0,0,0,0,0,0,0,0.0152984701529847,0,0,0,0,0.0146985301469853,0,0,0,0.0083991600839916,0,0,0.0368963103689631,0,0,0,0,0,0,0,0,0,0,0,0.0048995100489951,0,0,0.0006999300069993,0.0102989701029897,0,0,9.99900009999e-05,0,0,9.99900009999e-05,0,0,0.0070992900709929,0,0,0.0038996100389961,0,0,0,0,0,0.0053994600539946,0.0212978702129787,0,0,0,0.0006999300069993,0.0063993600639936,0,0.0080991900809919,0,0,0,9.99900009999e-05,0,0,0,0.0001999800019998,0.0047995200479952,0,0.0022997700229977,0,0,0,0,0.0345965403459654,0,0,0,0,0.0164983501649835,0,0,0,0.0002999700029997,0,0,0,0,0,0,0.0072992700729927,0,0.0008999100089991,0.0022997700229977,0,0,0,0,0,0,0,0,0,0,0,0,0,0,0,0.0024997500249975,0,0,0,0,0,0,0,0,0,0,0.0091990800919908,0,0,0,0,0,0.0004999500049995,0,0,0,0,0,0,0,0.0184981501849815,0.0014998500149985,0,0,0,0.0074992500749925,0,0,0,0.0002999700029997,0,0,0.0097990200979902,0.0014998500149985,0,0,0,0.0004999500049995,0.0027997200279972,0,0,0,0,0.0008999100089991,0,0.0030996900309969,0,0.0066993300669933,0,0,0,0,0,0.0018998100189981,0.0005999400059994,0,9.99900009999e-05,0.0125987401259874,0,0,0,0,0.0546945305469453,0,0,0,0,0,0,0,0.000999900009999,0,0,0,0,0,0,0,0,0,0,0,0,0,0,0,0,0,0,0,0,0,0,0,0,0,0,0,0.0001999800019998,0,0,0.0053994600539946,0,9.99900009999e-05,0,0,0,0,0.302269773022698,0,0,0.007999200079992,0,0,0,0,0,0,0,0.0040995900409959,0,0,0,0.0113988601139886,0,0,0,0,0.015998400159984,0
0,0,0,0,0,0,0.00849830033993201,0,0,0,0.000399920015996801,0.0002999400119976,9.99800039992002e-05,0.0106978604279144,0.000499900019996001,0,0,0,0,0,0,0,0.000799840031993601,0,0.000899820035992801,0.24875024995001,0,0,0.00369926014797041,0.0016996600679864,0,0,0.000899820035992801,0,0,0,0.0030993801239752,0.00829834033193361,0,0,0,0,0,0.0197960407918416,0,0.0198960207958408,0,0,0.0015996800639872,0,9.99800039992002e-05,0,0,0,0,0,0,0.000499900019996001,0,0,0.000399920015996801,9.99800039992002e-05,0,0,0,0,0.0263947210557888,0,0,0,0.00519896020795841,0,0,0,0,0.0012997400519896,0,0,0,0.0020995800839832,0,0.000399920015996801,0,0,0.0907818436312737,0,0,0,0,0.00329934013197361,0,0,0,0.00389922015596881,0,0,0,0,0.0018996200759848,0,0,0,0,0,0.000599880023995201,0,0.0026994601079784,0.0207958408318336,0,0,0.0001999600079984,0,0,0.0030993801239752,0,0.0275944811037792,0,0.0001999600079984,0.00649870025994801,0,0,0,0,9.99800039992002e-05,0.00529894021195761,0,0,0,0,0,0.000699860027994401,0.0116976604679064,0,0,0,0.000399920015996801,9.99800039992002e-05,0,0,0,0.0015996800639872,0,0,0,0,0,0,0,0,0,0.00489902019596081,0.000599880023995201,9.99800039992002e-05,0,0,0,0,0,0,0.021495700859828,0,0,0,9.99800039992002e-05,0,0,0,0,0,0,0,0.00329934013197361,9.99800039992002e-05,0,0,0,0,0.0466906618676265,0,0.0001999600079984,0,0.000399920015996801,0,0,0,0,0,0,0.0023995200959808,0,0,0.00689862027594481,9.99800039992002e-05,0,0.029494101179764,0,0,0,0,0,0,0,0,0,0,0.00479904019196161,0.0002999400119976,0,0,0.0015996800639872,0,0,0,0,0,0,0,0,0.0511897620475905,0,0,0,0,0,0,0.0001999600079984,0,0,0.000799840031993601,0,0,0,0,0.0198960207958408,0,0,0,0,0,0.0013997200559888,0,0,0,0,0,0,0,0,0,0,0.0146970605878824,0,0,0,0,0,0,0.000999800039992002,0,0,0,0,0,0,0.00859828034393121,0,0,0,0,0.000599880023995201,0,0,0.0311937612477504,0,0,0,0,0,0.0026994601079784,0.130073985202959,0,0,0.0177964407118576,0,0,0,0.00539892021595681,9.99800039992002e-05,0,0,0,0,0,0,0.0030993801239752,0,0,0,0,0.0398920215956809,0
0,0,0,0.000999700089973008,0.00149955013495951,0,0,0,0,0.00199940017994602,9.99700089973008e-05,0.000299910026991902,0,0.000599820053983805,0.0232930120963711,0,0.0109967009897031,0,0,9.99700089973008e-05,0.00389883035089473,9.99700089973008e-05,0,0,0,0.305508347495751,0.000299910026991902,0,0,0,0.000199940017994602,0,0.00379886034189743,0.000199940017994602,0,0,0.000199940017994602,0.0161951414575627,0,0,0,0,0,0.00189943017094872,0,0.00639808057582725,0,9.99700089973008e-05,0,0,0,0,0,0,0,0,0,0,0,0.00759772068379486,9.99700089973008e-05,0.00229931020693792,0,0.000199940017994602,0,0,0.0125962211336599,0,0.000599820053983805,0.00729781065680296,0.00539838048585424,0,0,0.000699790062981106,0,0,0,0,0,0.00199940017994602,0.00229931020693792,0.000299910026991902,0.000599820053983805,0,0.00769769069279216,0,0,0,0,0,0.0675797260821753,0.00769769069279216,0.00519844046785964,0,0,0,0,0,0.00289913026092172,0,0,0,9.99700089973008e-05,9.99700089973008e-05,0.000299910026991902,0.000399880035989203,0,0.0354893531940418,0,0.0139958012596221,0,0,0.000799760071978406,0.00229931020693792,0,0.0131960411876437,0,0,0.00109967009897031,0,0,0,0,0,0.000399880035989203,0,0,0,0,0,0.00149955013495951,0.0147955613316005,0,0,0,0,0.00749775067479756,0,0,0,0.160551834449665,0,0,0.000699790062981106,0,0,0.000499850044986504,0.000899730080975707,0,9.99700089973008e-05,0.000699790062981106,0.00229931020693792,0,0.00229931020693792,0,0,0,0,0,0.00209937018894332,0,0,0,0,0,9.99700089973008e-05,0,0,0,0,0.000999700089973008,0,0,0,0,0,0,0.000599820053983805,9.99700089973008e-05,9.99700089973008e-05,0,0,0,0,9.99700089973008e-05,0,0,0,0,0,0,0.00409877036888933,0,0,0,0,0,0.000499850044986504,9.99700089973008e-05,0,0,0,0,0.0109967009897031,0,0.02259322203339,0,0,0,0.00139958012596221,0,0,0,0,0.000199940017994602,9.99700089973008e-05,0.00509847045886234,0.00129961011696491,0,0,0.00369889033290013,0.000499850044986504,0,0,0,0,0,0,0.00239928021593522,0,0.00139958012596221,9.99700089973008e-05,0,0.0926721983404978,0,0,0.000299910026991902,0,0,0.00109967009897031,0,0,0,0,0.0138958312506248,0,0,0,0,0,0.00719784064780566,0.000299910026991902,9.99700089973008e-05,0,9.99700089973008e-05,0.0320903728881336,0,0,0,0.000699790062981106,0,0,0,0.00159952014395681,9.99700089973008e-05,0,0,0,9.99700089973008e-05,0.00129961011696491,0,0,0.00469859042287314,0,0,0,0,0,9.99700089973008e-05,0.000599820053983805,0.000199940017994602,0,0.000199940017994602,0,0,0,0,0,0,0.00239928021593522,0,0,0,0,0,9.99700089973008e-05,0.000899730080975707,0.00769769069279216,0,0.00119964010796761,0
0,0,0,0,0,0,0,0,0,0,0,0,0,0,0,0,0,0,0,0,0,0,0,0,0,0.0025002500250025,0,0,0.0001000100010001,0,0,0.0068006800680068,0,0.0011001100110011,0,0,0,0.0002000200020002,0,0,0,0,0,0,0,0.0633063306330633,0,0,0,0,0,0,0,0,0,0,0,0,0,0,0,0,0,0,0.0007000700070007,0,0.0307030703070307,0,0,0,0,0,0,0,0,0.0666066606660666,0,0,0,0,0,0,0,0,0,0,0,0,0,0.0004000400040004,0,0,0,0,0,0,0,0,0.0004000400040004,0,0,0,0,0,0,0,0,0.322232223222322,0,0,0,0,0,0.0248024802480248,0,0,0,0,0.0151015101510151,0,0,0,0,0.0002000200020002,0.0041004100410041,0,0,0,0,0,0,0,0,0,0,0,0,0,0,0,0.0032003200320032,0,0,0,0,0,0,0,0,0,0,0,0,0,0,0,0,0,0,0,0,0,0,0,0,0,0,0,0,0,0,0,0,0,0,0,0,0,0,0,0,0,0,0,0,0,0,0,0,0,0,0.0222022202220222,0,0,0,0,0,0,0,0,0,0,0,0,0.227922792279228,0,0,0,0,0,0,0,0,0,0,0,0,0,0,0,0,0,0,0,0,0,0,0,0,0,0,0,0,0,0,0,0,0,0,0,0,0,0,0,0,0,0.0035003500350035,0,0,0,0,0,0,0,0,0,0.003000300030003,0,0,0,0,0,0,0.0006000600060006,0,0,0,0,0,0.0948094809480948,0,0,0.0459045904590459,0,0,0,0,0,0,0.0399039903990399,0,0,0.0183018301830183,0,0,0,0,0,0,0,0,0,0,0,0.0012001200120012,0,0,0,0.0002000200020002,0,0
0,0,0,0.00119928043174096,0,0,0.000199880071956826,0.000299820107935239,0,0.00169898061163302,0,0,0,0.00829502298620828,9.9940035978413e-05,0,0,0,0,0,0,0.00489706176294223,0.00129922046771937,0.00109934039576254,0.00639616230261843,0.000199880071956826,0.000399760143913652,0,0.000999400359784129,0.000999400359784129,0.0863481910853488,0,0,0.00399760143913652,0,0,0.000999400359784129,0,0,0,0,0,0,0.0022986208275035,0,0.000299820107935239,0,0,0.000399760143913652,0,0,0,0,0,0,0,0,0.00119928043174096,0,0.0184889066560064,0.000899460323805717,0.000999400359784129,0,0,0.0277833300019988,0.000499700179892065,0.0102938237057765,0,0,0,0,0,0,0.000799520287827304,0,0,0,0,0,0.0799520287827304,0.000999400359784129,0,0,0,0.00349790125924445,0,0.0462722366580052,0,0,0.00519688187087747,0.00179892064761143,9.9940035978413e-05,9.9940035978413e-05,0,0,0,0,0,0.00749550269838097,0,0,0,0,0.0053967619428343,0.00949430341794923,0.00239856086348191,0.000399760143913652,0.122126723965621,0,0,0,0,0.00129922046771937,0.000999400359784129,0,0.0995402758344993,0,0,0,0,0,0,0,0,0.00249850089946032,0,0,0,0,0,0.0193883669798121,0.0223865680591645,0,0,0,0,0.0114931041375175,0,0,0,0,0,0,0,0,0,0,0.00549670197881271,0,0,0,0,0.000199880071956826,0,0,0,0,0,0.0294823106136318,0.00149910053967619,9.9940035978413e-05,0,0.0398760743553868,0,0,0,0.004597241655007,0,0,0,0,0,9.9940035978413e-05,0,0,0,0,0.00249850089946032,0.00509694183489906,0.00259844093543874,0.00959424345392764,0,0,0,0,0,0,0,0,0.00149910053967619,0,0.00279832100739556,0,0,0.00579652208674795,0,0.00369778133120128,0,0,0,0,0,0,0,0,0,0,0,0.000199880071956826,0,0,0,0,0,0,0,0,0,0.0547671397161703,0,0,0.00549670197881271,0.00339796122326604,0,0.00189886068358985,0,0,0,0.000399760143913652,0.00159904057565461,0.00729562262642415,0,0,0.00749550269838097,0,0,0,0,0,0,0,0,0,0,0,0,0,0,0,0,0.00209874075554667,0,0,0,0,0,0,0,0,0,0,0,0,0,9.9940035978413e-05,0,0,0.00899460323805717,0,0.00189886068358985,0,0,0.030981411153308,0,9.9940035978413e-05,0,0,0,0,0.0927443533879672,0,0,0.00669598241055367,0,0,0,9.9940035978413e-05,0,0.0254847091744953,0,0,0,0,0,0.00179892064761143,0,0.0030981411153308,0,0,0.00219868079152508,0
0,0,0,0,0,0,0,0.00589646212272636,0,0,0,0,0,0,0.00149910053967619,0,0,9.9940035978413e-05,0,0,0.0128922646412153,0.000999400359784129,0,0,0,0.105036977813312,0,0,0.00209874075554667,0,0,0,0,0.00489706176294223,0,0,0.00149910053967619,0,0,0,0,0,0,0.0110933439936038,0,0.0299820107935239,0,0,0,0,0,0,0,0,0,0,0,9.9940035978413e-05,0,0.00979412352588447,0,0,0,0,0,0,0,0,0,0,0.00259844093543874,0,0,0.00899460323805717,0,0,0,0,0,0.0132920247851289,0,9.9940035978413e-05,0,0,0,0,9.9940035978413e-05,0,0,0,0,0,0.000299820107935239,0,0,0,0,0,0.00729562262642415,0,0,0,0,0,0.000299820107935239,0,0,0.183689786128323,0,0,0,0,0,0.00169898061163302,0,9.9940035978413e-05,0,0.000199880071956826,0.010893463921647,0,0,0,0,0,0,0,0,0,0,0,0,0,0,0.000399760143913652,0,0.00299820107935239,0.00149910053967619,0,0,0,0.00189886068358985,0,0,0,0.00139916050369778,0,9.9940035978413e-05,0,0,0.00129922046771937,0.000199880071956826,0.00149910053967619,0,0,0,0,0,0,0,0.01259244453328,0,0,0,0.0388766739956026,0,0,0,0,9.9940035978413e-05,0,0.00129922046771937,0,0,9.9940035978413e-05,0,0,0.000299820107935239,0,0.0172896262242654,0,0,0.000799520287827304,0,0,0,0,0,0,0,0,0,0,0.000299820107935239,0.00199880071956826,0,0,0,0,9.9940035978413e-05,0,0,0,0,9.9940035978413e-05,0,0.00129922046771937,0,0,0,0,0,0,0,0,0.00129922046771937,0,0.0084949030581651,0.00129922046771937,0.000999400359784129,0,9.9940035978413e-05,0,0,0,0,0.000199880071956826,0,0,0.000399760143913652,0,0.0092944233459924,0,0,0.0281830901459125,0,0,9.9940035978413e-05,0,0,0,0,0,0,0,0.000299820107935239,0.000399760143913652,0,9.9940035978413e-05,0,0,0,0.000599640215870478,0,0,0.00119928043174096,0,0.000299820107935239,0,0,0.0261842894263442,9.9940035978413e-05,0,0,0.000399760143913652,0,0,0,0,0,9.9940035978413e-05,0,0,0.00119928043174096,0,0,0,9.9940035978413e-05,0,0,0.405656606036378,0,0,0.00129922046771937,0.000199880071956826,0,0,0,0,0.00239856086348191,0,0,0,0,0,0.000999400359784129,0.00129922046771937,0.000399760143913652,0,0,0.00449730161902858,0
0,0,0,0,0,0,9.99200639488409e-05,0,0,0.00109912070343725,9.99200639488409e-05,0,0,0.0275779376498801,0.000699440447641887,0,0.000399680255795364,0,9.99200639488409e-05,0,0,0,0.000899280575539568,0.000699440447641887,0,0.361510791366906,0,0,0.00229816147082334,0.000599520383693046,0,0,0,0,0.00129896083133493,0,0.000599520383693046,0,0.000399680255795364,0,9.99200639488409e-05,0,0,0,0,0.00569544364508393,0,0,0.00309752198241407,0.00299760191846523,9.99200639488409e-05,0,0,0,0.000299760191846523,0,0,0.00279776179056755,0,0.00669464428457234,0.000899280575539568,0.000199840127897682,9.99200639488409e-05,9.99200639488409e-05,0,0,0,0,0,0,0.0016986410871303,0,0,0,0,9.99200639488409e-05,0,0,0,0,0.00159872102318145,0,0,0,0,0.000299760191846523,0.00279776179056755,0,0,0,0,0.000399680255795364,0.0232813749000799,0,0,0,0,0,0,0,0,0.0016986410871303,0,0,0.000199840127897682,0,0.00749400479616307,0.0296762589928058,0.0245803357314149,0,0,0.000799360511590727,0,0,0,0.0627498001598721,0,0,0,9.99200639488409e-05,0,0,0,0,0.00529576338928857,0,0,0,0,0.00199840127897682,0.000299760191846523,0,0.00429656274980016,0.000399680255795364,0,0.000199840127897682,0.0341726618705036,0.0021982414068745,0,0,0,0,0,0,0,0,0,0,0.000799360511590727,0,0,0.00529576338928857,0,0,0,0,0,0,0,0.00799360511590727,0,0.00369704236610711,0,9.99200639488409e-05,0,0,0.00159872102318145,0,0,0,0,0,9.99200639488409e-05,0,0,0,0,9.99200639488409e-05,0,0.000899280575539568,0.00359712230215827,0,0,0.00869304556354916,0,0,0,0,0,0.000999200639488409,0,0.00289768185451639,0,0,0,9.99200639488409e-05,0.00229816147082334,9.99200639488409e-05,0,9.99200639488409e-05,0,0,0,0,0,0,0.000299760191846523,0,0,0.000299760191846523,9.99200639488409e-05,0,0,0,0,0,0,0.00209832134292566,0.0287769784172662,0,0,0.00149880095923261,0.000199840127897682,0,0.0021982414068745,0,0,0,0.00299760191846523,0.000899280575539568,0.00339728217426059,0,0,0.0330735411670663,0,0,0,0,0.000299760191846523,0,0,0,0.00759392486011191,0,0,0,0,0,0,0,0,9.99200639488409e-05,0,0,0,0.000299760191846523,0.000599520383693046,0,0,0,0,0,0,0,9.99200639488409e-05,0,0,0,9.99200639488409e-05,0.012589928057554,0,0,0.0103916866506795,0,0.000699440447641887,0,0,0,0.00489608313349321,0.129896083133493,0,9.99200639488409e-05,0.0547561950439648,0,0,0,0,0,0,0.00229816147082334,0,0,0,0,0,0,0.000499600319744205,0,0,0.0317745803357314,0
0,0,0,0.000999200639488409,0,0,0.00139888089528377,9.99200639488409e-05,0.19744204636291,0.000699440447641887,0,0,0,0,0.00769384492406075,0,0.000999200639488409,0,0,0,9.99200639488409e-05,9.99200639488409e-05,0.00339728217426059,0.0121902478017586,0.000299760191846523,0,0,0,0.0342725819344524,0,0.0021982414068745,9.99200639488409e-05,0,0.00629496402877698,0.000499600319744205,0,0,9.99200639488409e-05,0,0,0,0,0,0.00759392486011191,0,0,0,0.000199840127897682,0.000199840127897682,0,0,0,0,0,0.000799360511590727,0,0,0.00229816147082334,0,9.99200639488409e-05,0.000499600319744205,0.00189848121502798,0,0.000199840127897682,0,9.99200639488409e-05,9.99200639488409e-05,9.99200639488409e-05,0,0,0.000899280575539568,0,0,0.000199840127897682,0.000299760191846523,0,0,0,0,9.99200639488409e-05,0,9.99200639488409e-05,0.000599520383693046,0,0,0.000199840127897682,0,0,0.00119904076738609,0.00269784172661871,9.99200639488409e-05,0.000799360511590727,0,0,0,0.017585931254996,0,9.99200639488409e-05,0,0,0,0,0.000199840127897682,0,0,0,9.99200639488409e-05,0.00139888089528377,0.00689448441247002,0.00119904076738609,0,0,0,0,0,0.0186850519584333,0,0.000199840127897682,0,9.99200639488409e-05,0,0,0,0,0.00239808153477218,0,0,0,9.99200639488409e-05,0,0,0.00189848121502798,9.99200639488409e-05,0,0,0,0.141087130295763,0,0,0,0.000399680255795364,0,0,0.000399680255795364,0,0,9.99200639488409e-05,0,0,9.99200639488409e-05,0,0.0038968824940048,0,0,0,0,0,0,0,0,0,0,0,9.99200639488409e-05,0,0,0.00289768185451639,9.99200639488409e-05,0,0.000299760191846523,0.000299760191846523,0.00179856115107914,9.99200639488409e-05,0,0,0,0,0,0.000199840127897682,0,0.0304756195043965,0.00149880095923261,0,0.00199840127897682,0,0,0,0,0.00729416466826539,0,0,9.99200639488409e-05,0.000599520383693046,0,9.99200639488409e-05,0.000299760191846523,0,0,0,0,0,0,0,9.99200639488409e-05,0.0164868105515588,0.000799360511590727,0,0,0,0,9.99200639488409e-05,0,0.000399680255795364,0,0,0,0.00209832134292566,9.99200639488409e-05,0.0139888089528377,0.00199840127897682,0,0,9.99200639488409e-05,0.000399680255795364,0.00579536370903277,0,0,0,0.000699440447641887,0,0.00579536370903277,0,0.000199840127897682,0.059652278177458,0,9.99200639488409e-05,0,0,0,0,0,0,0,0.00399680255795364,0,0.00319744204636291,0,0.00189848121502798,0,0,0.000599520383693046,0,0.000999200639488409,0,0.000399680255795364,9.99200639488409e-05,0,0,0,0,9.99200639488409e-05,0,0,0,0,0,0,0.00509592326139089,0.000999200639488409,0.167565947242206,0,0,0,0,0.00149880095923261,0,0.000199840127897682,0.000299760191846523,0.000599520383693046,0.159272581934452,0,0,0.00619504396482814,0,0,0,0,0,9.99200639488409e-05,0.000499600319744205,0,0,0,0,0.000699440447641887,0.000199840127897682,0.000699440447641887,0.000499600319744205,0,0.000199840127897682,0
0,0,0,0.000199940017994602,0,0,0.00239928021593522,0.00129961011696491,0,0,0,0,0,0,0.000999700089973008,0,0,0,0,0,0.000899730080975707,0.00119964010796761,0,0.00429871038688393,0,0.000299910026991902,0.000199940017994602,0,0.0391882435269419,0,0.0141957412776167,0,0,0,0,0,0,0.000599820053983805,0,0,0,0,0,0.000199940017994602,0,0.0903728881335599,0,0.000399880035989203,0,0,0,0,0.000199940017994602,0,0,0,0,0,0,0,0.00129961011696491,0,0.000999700089973008,0,0.00139958012596221,0,0.0107967609717085,0,0,0,0,0,0,0.00329901029691093,0,0.000499850044986504,0,0,0,0,0,0,0,0,0.0268919324202739,0,0.000199940017994602,0,0,0.00279916025192442,0,0.0284914525642307,0,0,0,0,0,0,0,0,0.00279916025192442,0,0,0,0,0,0,0.108167549735079,0,0,0,0,0,0.00549835049485154,0,0,0,0,0.000399880035989203,0,0,0,0,0,0.0106967909627112,0,0,0,0,0,0.00299910026991902,0.0383884834549635,0,0,0,0,0.00109967009897031,0,0,0,0,0,0,0,0,0,0.00219934019794062,0.00119964010796761,0,0.00429871038688393,0.000599820053983805,0,0,0.00109967009897031,0,0,0,0,0.00529841047685694,0.0169949015295411,0,0,0,0,0,0,0,0,0,0.0154953513945816,0.000199940017994602,0,0.000599820053983805,0,0,0,0,0,0.0169949015295411,0.000199940017994602,0.00109967009897031,0,0,0,0.00109967009897031,0,0,0,0,0,0,0.00469859042287314,0,0,0,0,0,0,0,0,0,0,0,0.000899730080975707,0,0.0141957412776167,0,0,0,0.00239928021593522,0,0,0.00349895031490553,0,0,0,0,0.000199940017994602,0,0.00149955013495951,0,0.000199940017994602,0,0,0,0,0,0,0,0,0.000399880035989203,0,0,0,0,0,0.000499850044986504,0,0,0,0,0,0,0,0,0,0,0,0,0,0,0.000299910026991902,0,0,0,0,0.00139958012596221,0,0,0,0.000299910026991902,0.00669799060281915,0,0.00159952014395681,0,0,0,0,0,0.00969709087273818,0,0.000199940017994602,0.0184944516645007,0,0,0,0,0,0,0.418074577626712,0,0,0.00639808057582725,0,0,0,0,0,0.00709787063880836,0.000299910026991902,0,0,0,0,0,0,0,0,0.000299910026991902,0.000699790062981106,0.0288913326002199
0,0,0,0.00129909063655441,0,9.9930048965724e-05,0.00189867093034876,0,0.000199860097931448,0.00129909063655441,0,0,0,0.0500649545318277,0.000199860097931448,0,9.9930048965724e-05,0,0,9.9930048965724e-05,0,0,0.00109923053862296,0.000899370440691516,0.000399720195862896,0.112321375037474,0,0,0.00949335465174378,9.9930048965724e-05,0,0,0,0.00349755171380034,0,0,0,0,0.000199860097931448,0,0.000299790146897172,0,0.0155890876386529,0,0,0.000399720195862896,0,0,0,0.00049965024482862,0,0,0,0,0,0,0,0,0,0,0,0,0,0,0,0,0.00199860097931448,0,0,0,0,0,0,0.000599580293794344,0,0,0,0,0,0,0.00049965024482862,0,9.9930048965724e-05,0,0.00179874088138303,9.9930048965724e-05,0,9.9930048965724e-05,0,0,0,0.000799440391725792,0.00869391426001799,0.00579594284001199,0,0.000199860097931448,0,9.9930048965724e-05,0,0,0,0.00449685220345758,0,0,0.0101928649945038,0.000799440391725792,0.00829419406415509,0.142899970020985,0,0.0171879684221045,0,0,0.00109923053862296,0,0,0.00639552313380634,0,0,0,0.000199860097931448,0,0,0,0,0,9.9930048965724e-05,0,0,0,0,0.00119916058758869,0.0118916758269212,0,0,0,0,0.00849405416208654,0.00589587288897772,0,0,9.9930048965724e-05,0,0,0,0,0,0,0,0,0,0,0.00139902068552014,0,0,0,0,0,0,0,0.00339762166483462,0,0,0.0196862196462476,0,0,0,0.00159888078345158,0,0,0,0,0,0,0,0,0,0,0.00139902068552014,0,0,0.00649545318277206,0.00429699210552613,0,0.000699510342760068,0.000299790146897172,0,0,0,0,0.0053962226441491,0,0,0.000299790146897172,0,0.00179874088138303,0,0.0109923053862296,0,0,0,0,0,0,0,0,0.000299790146897172,0,0.000699510342760068,0,0,0,0,0,0,0,0,0,0.00939342460277806,9.9930048965724e-05,0,0,0,0,0,0.00399720195862896,0,0,9.9930048965724e-05,0.00769461377036075,0,0,0,0,0.0105925851903667,0,0,0,0,0,9.9930048965724e-05,0,0,9.9930048965724e-05,0,0.000199860097931448,0,0,9.9930048965724e-05,0,0,0,9.9930048965724e-05,0,9.9930048965724e-05,0,9.9930048965724e-05,9.9930048965724e-05,0,0,0.00109923053862296,0,0,0,0,0,0,0,0,0,0.00439692215449186,0,0.00119916058758869,0.107524732687119,0,0,0,0,0,0,0.277705606075747,0,0.00259818127310882,0.00139902068552014,0,0,0.0435695013490557,0,9.9930048965724e-05,0,0,0,0,0,0,0.0262816028779854,0,0.00099930048965724,0,0,0.00149895073448586,0
0,0,0,0,0,0,0,0,0,0,0,0,0,0,0,0,0.0003000300030003,0,0,0.0001000100010001,0,0,0.0097009700970097,0.0008000800080008,0,0.11951195119512,0,0,0.0086008600860086,0.0011001100110011,0.11001100110011,0,0,0.0082008200820082,0,0,0.0047004700470047,0.0192019201920192,0,0,0,0,0,0,0,0.0569056905690569,0,0,0.0021002100210021,0.0012001200120012,0,0,0,0,0,0,0,0,0,0.0863086308630863,0.0007000700070007,0,0,0,0,0,0.0151015101510151,0,0,0,0,0,0,0,0,0,0,0,0,0,0,0,0,0,0,0,0,0,0.0032003200320032,0,0,0.0011001100110011,0.0108010801080108,0,0,0.0022002200220022,0,0,0,0,0,0,0,0,0,0,0,0.121412141214121,0,0,0.0055005500550055,0,0.0004000400040004,0,0,0.0263026302630263,0,0,0,0.0005000500050005,0,0,0,0,0.0015001500150015,0,0,0,0,0,0,0,0,0.0009000900090009,0,0,0.0031003100310031,0,0,0,0.0007000700070007,0,0,0,0,0,0,0,0,0,0,0.0155015501550155,0,0.0035003500350035,0,0,0,0,0,0,0,0,0,0,0,0,0.005000500050005,0,0,0,0,0.0069006900690069,0,0,0,0,0,0,0,0,0,0.0028002800280028,0,0,0,0,0,0,0,0,0,0.0211021102110211,0.0005000500050005,0,0,0.0001000100010001,0.0043004300430043,0,0,0.0013001300130013,0,0,0,0,0,0,0,0,0,0.0007000700070007,0,0,0,0,0,0,0,0,0.0587058705870587,0,0,0,0,0,0,0,0,0,0,0,0,0,0,0.0001000100010001,0,0,0,0,0,0,0,0,0,0,0.001000100010001,0,0,0,0,0,0,0,0,0,0,0,0,0,0,0,0,0,0,0,0,0,0,0,0,0.0353035303530353,0,0,0.0032003200320032,0.0002000200020002,0.0003000300030003,0,0,0,0,0.0044004400440044,0,0,0.20972097209721,0,0,0,0,0.0001000100010001,0,0,0,0,0,0,0,0,0.0004000400040004,0,0,0.0027002700270027,0
0,0,0.000300090027008102,0,0,0,0,0.000100030009002701,0,0,0,0,0,0,0,0,0.00470141042312694,0,0,0,0,0.00580174052215665,0,0,0,0.00290087026107832,0,0,0.00140042012603781,0.00200060018005402,0.0551165349604881,0,0,0.0499149744923477,0,0,0.000900270081024307,0,0.000200060018005402,0,0,0,0,0,0,0.0310093027908373,0,0,0,0,0,0,0,0,0.00290087026107832,0.000100030009002701,0,0,0,0.0245073522056617,0.000600180054016205,0,0,0,0,0,0.00390117035110533,0,0,0.0174052215664699,0.00140042012603781,0,0,0,0,0,0,0,0,0,0,0,0.00630189056717015,0,0,0,0,0,0,0.015704711413424,0,0,0.000100030009002701,0,0,0,0,0,0.0139041712513754,0.000600180054016205,0,0,0,0,0,0,0,0.00600180054016205,0,0,0,0,0,0.0666199859957987,0.000400120036010803,0,0,0,0.0485145543663099,0,0,0.00240072021606482,0,0,0.0128038411523457,0.00480144043212964,0,0,0,0,0.000300090027008102,0,0,0,0,0,0.000100030009002701,0,0,0,0.000100030009002701,0,0,0,0,0,0.00310093027908373,0,0.000500150045013504,0,0.00250075022506752,0,0,0,0,0,0,0,0.00100030009002701,0.0237071121336401,0,0,0,0,0,0,0,0,0,0,0.000100030009002701,0,0,0,0,0,0.000300090027008102,0.0206061818545564,0.0128038411523457,0,0,0,0,0,0.00630189056717015,0,0,0.0713213964189257,0,0,0,0.0654196258877663,0.00290087026107832,0,0,0,0,0,0,0,0,0,0,0,0,0.0118035410623187,0,0,0,0,0,0,0,0,0.00430129038711613,0,0,0,0.000700210063018906,0,0.0123036911073322,0,0,0,0,0.000300090027008102,0,0,0.0136040812243673,0.000100030009002701,0,0,0,0.237971391417425,0,0,0,0,0,0,0,0,0,0,0,0.00800240072021607,0,0,0,0,0,0.000200060018005402,0,0,0,0.00140042012603781,0.00100030009002701,0,0.000200060018005402,0.000600180054016205,0.000200060018005402,0,0,0.000600180054016205,0,0,0,0,0,0,0,0,0.0680204061218365,0,0.000300090027008102,0,0,0,0.00280084025207562,0,0,0,0.0215064519355807,0,0,0,0,0,0,0.00490147044113234,0,0,0,0,0,0,0.00600180054016205,0,0,0.00880264079223767,0
0,0,0,0,0.00039984006397441,0,0.00039984006397441,0,0,0,0,0,0,0,0.00209916033586565,0,0,0,0,0,0,0,0,0.000199920031987205,0,0.259796081567373,0,0,0.000599760095961615,0,0.03218712514994,0,0,0,0,0,0,0.0458816473410636,0,0,0,0,0,0.00619752099160336,0,0.000199920031987205,0,0.00139944022391044,0.00079968012794882,0.000499800079968013,0,0,0,0,0,0,0,0,0,0,0,0,0,0,0,0,0,0,0,0,0.00219912035185926,0,0,0,0,0,0,0,0,0,0.00349860055977609,0,0,0,0,0.000199920031987205,0.10015993602559,0,0,0,0,0,0.000899640143942423,0,0,0,0,0,0,0,0,0,0,0,0,0,0,0.095561775289884,0,0,0,0,0,0,0,0.0152938824470212,0,0,0.0037984806077569,0,0,0,0,9.99600159936026e-05,0.0752698920431827,0,0,0,0,0,0.00679728108756497,0,0,0,0,0,0.00589764094362255,0,0,0,0,0,0,0,0,0,0,0,0,0,0.00159936025589764,0.00639744102359056,0.0039984006397441,0,0,0,0,0,0,0.000499800079968013,0,0,0,0,0,9.99600159936026e-05,0,0,0,0.000199920031987205,0,0,9.99600159936026e-05,0,0,0,0,0,0,0.000199920031987205,0.000899640143942423,0,0,0,0,0,0,0,0,0,0,0.0216913234706118,9.99600159936026e-05,0,0,9.99600159936026e-05,0,0,0,0,0,0,0,0.0642742902838864,0,0,0.00179928028788485,0,0,0,0,0,0,0,0,0,0,0,0.0438824470211915,0,0,0,0,0,0,0,0,0,0.00439824070371851,0,0,9.99600159936026e-05,0,0.00829668132746901,0,0,0,0,0,0,0,0.00199920031987205,0.00699720111955218,0,0,0,0,0,0,0,0,0.000899640143942423,0,9.99600159936026e-05,0,0,0.00199920031987205,0,0,0.00229908036785286,0.000599760095961615,0,0,0,0.0039984006397441,0,0,0.000299880047980808,0,0.000599760095961615,0,0,0.00879648140743703,9.99600159936026e-05,0,0,9.99600159936026e-05,0,0,0.125549780087965,0,0,0,0,0,9.99600159936026e-05,0,0,0,0,0,0,0,0,0.000999600159936026,0,0,0.007796881247501,0,0.0177928828468613,0
0,0.0017996400719856,0.0001999600079984,0.001999600079984,0.00649870025994801,0,0,0,0,0.0021995600879824,0.001999600079984,0,0,0,0.0012997400519896,0,0.0148970205958808,0,0,0,0,0.00509898020395921,0,0,0.000699860027994401,0.114577084583083,0,0,0.00629874025194961,0.001999600079984,0.0856828634273145,0,0,0.00959808038392321,0,0,0.0012997400519896,0,0,0,0,0,0,0,0,0,0,0,0,0.000799840031993601,0,0,0,0.0001999600079984,0.0020995800839832,0.0011997600479904,0,0.00399920015996801,0,0.0461907618476305,0.000599880023995201,0,0,0,0,0,0,0,0,0,0,0,0.0001999600079984,0,0,0,0,0,0,0.0350929814037193,0,0.000699860027994401,0.00559888022395521,0,0.00789842031593681,0,0.001999600079984,0,0,0,0,0.000799840031993601,0.0002999400119976,0,0,0,0.00439912017596481,0,0,0,0,0,0.0002999400119976,0,0,0.0030993801239752,9.99800039992002e-05,0.140571885622875,0.0188962207558488,0.00799840031993601,0,0,0,0,0,0.0412917416516697,0,0,0,0,0,0,0,0,0.0010997800439912,0.00569886022795441,0,0,0,0,0.00399920015996801,0.0125974805038992,0,0,0.000699860027994401,0,0.00329934013197361,0.0137972405518896,0,0.0011997600479904,0.00619876024795041,0.000499900019996001,0,0.0011997600479904,0,0,0.0030993801239752,0.0122975404919016,0,0,0,0.00919816036792642,0,0,0,0,0.00679864027194561,0,0,0.0017996400719856,0,0.00539892021595681,0,0,0,0,0.00519896020795841,0,0,0.0001999600079984,0.00449910017996401,0,0,0,0,0,0.0011997600479904,0,0,0.00369926014797041,0.00709858028394321,0,0,0.00429914017196561,0.00519896020795841,0,0,0,0,0,0,0.0102979404119176,0.0018996200759848,0,0,0,0,0,9.99800039992002e-05,0.00849830033993201,0,0,0,0,0,0,0,0,0,0.00249950009998,0.0001999600079984,0,0,0,0,0,0,0.00349930013997201,0.0223955208958208,0,9.99800039992002e-05,0.00339932013597281,0.0002999400119976,0,0,0,0.0131973605278944,0,0,0,0,0,0.000699860027994401,0.030993801239752,0,0,0,0,0.0027994401119776,0.001499700059988,0,0,0,0,0,0.0031993601279744,0,0,0,0,0,0,0.0021995600879824,0,0.000599880023995201,0.01499700059988,0.0242951409718056,0,0.000999800039992002,0,0,0,0,0.001999600079984,0.0002999400119976,0,0,0,0,0.0267946410717856,0,0,0.0313937212557489,0,0,0,0,0,0.0001999600079984,0.0398920215956809,0,0,0.0296940611877624,0,0,0,0,0,0.00909818036392721,0.001499700059988,0,0,0,0,0,0,0.00539892021595681,0,0,0.00429914017196561,0
0,0,0,0,0,0,0,0,0,0,0,0,0,0,0.00179910044977511,0,0,0,0,0,0,0,0,0,0,0.111144427786107,0,0,0,0,0,0,0,0.0183908045977011,0,0,0,0,0,0,0,0,0,0,0,0.0441779110444778,0,0,0,0,0,0,0,0,0,0,0,0,0,0,0,0,0,9.99500249875062e-05,0,0,9.99500249875062e-05,0,0,0,0.00139930034982509,0,0,0,0,0,0,0,9.99500249875062e-05,0,0,0,0,0,0,0,0,0,0,0.0332833583208396,0,0,0,0,0,0,0,0,0,0,0,0,0,0,0,0,0,0.0079960019990005,0,0,0,0,0.0115942028985507,0.00549725137431284,0,0,0,0,0.000899550224887556,0,0,0,0,0.0105947026486757,0,0,0.000299850074962519,0,0,0,0,0.0146926536731634,0,0,0,0,0.000199900049975012,0,0,0,0.000299850074962519,0,0,0,0,0,9.99500249875062e-05,0,0,0,0.00169915042478761,0,0,0,0,0,0,0,0,0,0,0,0,0.0179910044977511,0,0,0,0,0,0,0,0,0.00109945027486257,0,0,0.00139930034982509,0,0,0,0,0,0,0,0,0,0,0,0,0,0,0,0,0,0,0,0,0,0,0,0,0,0,0,0,0,0,0,0,9.99500249875062e-05,0,0,0,0,0,0,0,0,0,0,0,0,0.00219890054972514,0,0,0,0,0,0,0.0145927036481759,0,0,0,0,0,0,0,0,9.99500249875062e-05,0,0,0,0,0,0,0,9.99500249875062e-05,0,0,0,0,0,0,0,0,0.000299850074962519,0,0,0,0,0,0,0,0,9.99500249875062e-05,0,0,0,0,0,9.99500249875062e-05,0,0,0.345527236381809,0,0,0,0,0,0,0.342828585707146,0,0.000199900049975012,0.00889555222388806,0,0,0,0,0,0,0,0,0,0,0,0,0,9.99500249875062e-05,0,0,0,0
0,0,0,0,0,0,0.000499800079968013,0,0,0,0,0,0,0.00759696121551379,0.000999600159936026,0,0,0,0,0,0.00189924030387845,0.00289884046381447,0,0,0,0.260095961615354,0,0.000199920031987205,0.00299880047980808,0,0,0,0,0.00869652139144342,0,0,0.00079968012794882,0,0,0,0,0,0.00409836065573771,0,0,0.0724710115953619,0,9.99600159936026e-05,0,0,0.000499800079968013,0,9.99600159936026e-05,0,0,0,0,0,0,0,0,0,0,0,0,0,0.0148940423830468,0,0,0,0.00599760095961615,0,0,0.000199920031987205,0,0,0,0,0,0.00239904038384646,0.00079968012794882,9.99600159936026e-05,0,0,0.0103958416633347,0,0.0176929228308677,0.0411835265893643,0,0.000999600159936026,0,0,0,0,0,0.000499800079968013,0,0,0,0,0,0,0,0,0,0,0,0.0284886045581767,0,0,0,0.00109956017592963,0,9.99600159936026e-05,0.000299880047980808,0,0,0,0.00449820071971212,0,0,0,0,0.000599760095961615,0.00209916033586565,0,0,0.00109956017592963,0,0,0,0.00819672131147541,0,0,0,0,0,0,0,0,0.0864654138344662,0,0,0,0,0,0.00259896041583367,0,0,0,0.000999600159936026,0.0037984806077569,0,0,0,0,0,0,0.000199920031987205,0,0,0,0,0.266193522590964,0,0,0,0,0,0,0,9.99600159936026e-05,0,0,0,0,0,0.0144942023190724,0.000499800079968013,0,0,0,0,0,0.00579768092762895,0,0,0,0,0,0,9.99600159936026e-05,0,0,0,0,0,0,0,0,0.00649740103958417,0,0,0,0,0.00359856057576969,0,0,0,0.0039984006397441,0,0,0.000199920031987205,0.000299880047980808,0.000299880047980808,0,0.00259896041583367,0.00729708116753299,0.00589764094362255,0.000199920031987205,0,0.00149940023990404,0,0,0,0.000899640143942423,0,0,0.000299880047980808,0,0.00309876049580168,0,0,0.00559776089564174,0,0,0,0,0,0,0,9.99600159936026e-05,0,0,0,0,0,0,0,0,0.00349860055977609,0,0,0,0,0,0,0,0.00149940023990404,0,0.000199920031987205,0,0,0,0,9.99600159936026e-05,0,0,0,0.00039984006397441,0,0.00559776089564174,0.0037984806077569,0,9.99600159936026e-05,0,0,0.000199920031987205,0,0.0273890443822471,0.000299880047980808,0,0.0119952019192323,0,0,0,0,0,0,0.00129948020791683,0,0,0,0,0,0,0,0,0,0.0143942423030788,0
0,0,0,0,0,0,0,0,0,0.0011002200440088,0.0002000400080016,0,0,0,0.000700140028005601,0,0,0,0,0,0,0.0011002200440088,0.0014002800560112,0.0001000200040008,0.0002000400080016,0.233446689337868,0,0,0.001500300060012,0.001500300060012,0.0157031406281256,0,0,0.0307061412282457,0,0,0.0026005201040208,0.0134026805361072,0,0,0,0,0,0,0.0001000200040008,0.0697139427885577,0.0002000400080016,0,0.000800160032006401,0,0,0,0,0.0011002200440088,0,0,0,0,0,0.000900180036007201,0.000600120024004801,0,0,0.0002000400080016,0,0,0.015503100620124,0,0.000600120024004801,0.00420084016803361,0.001500300060012,0,0.0003000600120024,0,0,0,0.0002000400080016,0,0,0.0003000600120024,0.00330066013202641,0.000600120024004801,0,0,0.0003000600120024,0,0.0109021804360872,0,0.000900180036007201,0.00810162032406481,0.0321064212842569,0.000400080016003201,0,0,0,0,0,0,0.00390078015603121,0,0.000400080016003201,0,0.0019003800760152,0,0,0,0,0.00550110022004401,0.00340068013602721,0.00820164032806561,0.00460092018403681,0,0.00380076015203041,0.000800160032006401,0.0011002200440088,0.0124024804960992,0,0.0001000200040008,0,0,0.0001000200040008,0,0,0,0,0.0002000400080016,0,0.0011002200440088,0,0,0,0.0001000200040008,0,0,0,0.0021004200840168,0.00970194038807762,0.0023004600920184,0,0,0,0,0.0017003400680136,0.000800160032006401,0,0,0.0017003400680136,0.0017003400680136,0,0,0,0,0,0,0,0,0,0,0.000700140028005601,0,0.0017003400680136,0,0,0.0001000200040008,0,0,0.0014002800560112,0,0,0,0,0.0012002400480096,0,0.0003000600120024,0.0001000200040008,0,0,0,0.0027005401080216,0.00380076015203041,0,0.0018003600720144,0,0,0,0,0,0,0,0,0,0.0244048809761952,0.0002000400080016,0,0,0,0.0014002800560112,0,0,0,0,0,0,0.00420084016803361,0.0151030206041208,0.00360072014402881,0,0,0.0003000600120024,0.0001000200040008,0,0,0,0,0.0002000400080016,0.000900180036007201,0.0028005601120224,0.000900180036007201,0.0102020404080816,0,0.00930186037207442,0,0,0,0,0,0,0,0.00460092018403681,0.00340068013602721,0.0152030406081216,0,0,0.00420084016803361,0,0,0,0,0,0.001500300060012,0,0,0,0,0.0253050610122024,0.001000200040008,0,0,0,0,0,0,0,0,0.000800160032006401,0.024004800960192,0,0,0,0.001000200040008,0,0,0,0.0001000200040008,0,0.0001000200040008,0,0,0,0.0101020204040808,0,0.0011002200440088,0.0273054610922184,0,0,0,0,0,0,0.169733946789358,0,0,0.0793158631726345,0,0,0,0,0,0.0017003400680136,0,0,0,0,0,0,0,0.00380076015203041,0,0,0.0142028405681136,0
0,0,0,0,0,0,9.99600159936026e-05,0.0193922431027589,9.99600159936026e-05,0,0.000299880047980808,0,0,0.0931627349060376,0,0.000699720111955218,9.99600159936026e-05,0,0,0,0.00579768092762895,0.000499800079968013,0,0,0,0.014594162335066,0,0,0.00699720111955218,0,0,0,0,0.000199920031987205,0.000899640143942423,0,0.000899640143942423,0.000599760095961615,0,0,0.000199920031987205,0,0,0.00449820071971212,0,0.0122950819672131,0,0,0,0,0,0,0,0,0.00409836065573771,0.000199920031987205,0,0.000199920031987205,0,0.00729708116753299,0,0.000599760095961615,0,0,0.00349860055977609,9.99600159936026e-05,0.0261895241903239,0,0,0.00239904038384646,0.00259896041583367,0,0,0.00149940023990404,0,0,0,0,0,0,0.00129948020791683,9.99600159936026e-05,0,0,0.0913634546181527,0.000199920031987205,0.0216913234706118,0,0,0.00259896041583367,0.000999600159936026,0.00209916033586565,0,0,0,0,0,0,0,0,0,0,0,0.00149940023990404,0,0,0.0125949620151939,0.0448820471811276,0.00409836065573771,0,0,0.00509796081567373,0,0,0,0,0,0,0.00079968012794882,0,0,0,0,0,0.00549780087964814,0.00889644142343063,0,0,9.99600159936026e-05,0.0216913234706118,0,0.0419832067173131,0.000299880047980808,0,0,0,0,0,0,0,0,0,0,0,0,0,0.00039984006397441,0,9.99600159936026e-05,0.000299880047980808,0.000699720111955218,0,0,0,9.99600159936026e-05,0,0,0,0.0423830467812875,0.00409836065573771,0,0,0,0.00109956017592963,0,0,0,0,0.000199920031987205,0.00039984006397441,9.99600159936026e-05,0,0.000199920031987205,0,0,0,0,0.000699720111955218,0.0169932027189124,0,0.000299880047980808,0,0,0,9.99600159936026e-05,0,0,0,0.00579768092762895,0,0,0.00259896041583367,9.99600159936026e-05,0,0,0.000199920031987205,0,0.000499800079968013,9.99600159936026e-05,0,0,0,0.000199920031987205,0.000599760095961615,0,0.000599760095961615,0,0,0,0,0,0,0.00079968012794882,0,9.99600159936026e-05,0,0.00839664134346262,0.000599760095961615,0,0.00039984006397441,0,0,0,0.000499800079968013,9.99600159936026e-05,0.000299880047980808,0.00889644142343063,0,0.00209916033586565,0,0.0139944022391044,0,0,0.0125949620151939,0,0,0.00109956017592963,0,0,0,0,0,0.00699720111955218,0.00449820071971212,0,0,0,0,0,0,0.0329868052778888,0,0.000299880047980808,0,0,9.99600159936026e-05,0.000199920031987205,0,0.00119952019192323,0,0.000199920031987205,0.00169932027189124,0,0,0,0,0.000299880047980808,0.153338664534186,0,0.00199920031987205,0,0,0,0,0.00139944022391044,0,9.99600159936026e-05,0,9.99600159936026e-05,0.156237504998001,0,0,0.0131947221111555,0,0,0,0,0,0.00349860055977609,0.00319872051179528,0,0,0,0,9.99600159936026e-05,0,0,0.0107956817273091,0,0.000999600159936026,0
0,0,0,0,0.0009000900090009,0,0.0054005400540054,0.0003000300030003,0,0,0.0001000100010001,0,0,0.0293029302930293,0,0,0,0,0,0,0.0116011601160116,0.0022002200220022,0,0,0,0.42994299429943,0.0001000100010001,0,0.0163016301630163,0,0.0004000400040004,0,0,0.005000500050005,0,0,0.001000100010001,0.0185018501850185,0,0,0,0,0,0.0162016201620162,0,0.0029002900290029,0,0.0001000100010001,0,0,0,0,0,0,0.0004000400040004,0,0,0.0009000900090009,0,0.0006000600060006,0,0.0007000700070007,0,0,0,0.0005000500050005,0.0576057605760576,0,0,0,0.001000100010001,0.0001000100010001,0,0.0009000900090009,0,0,0,0,0,0.0004000400040004,0,0.0001000100010001,0,0,0.0091009100910091,0.0001000100010001,0,0,0,0.0149014901490149,0,0.0003000300030003,0,0,0,0,0,0,0.0032003200320032,0,0,0,0,0,0,0,0.0025002500250025,0.115511551155116,0,0,0,0,0,0.0006000600060006,0,0,0.0002000200020002,0,0.0014001400140014,0,0.0002000200020002,0,0,0.0002000200020002,0.0044004400440044,0,0,0,0.0001000100010001,0,0.0028002800280028,0.0332033203320332,0,0,0,0,0,0,0,0,0.006000600060006,0,0,0,0,0,0.0016001600160016,0,0,0.0051005100510051,0.0027002700270027,0.0015001500150015,0.0007000700070007,0,0.0003000300030003,0,0,0,0,0.0013001300130013,0,0,0,0.0001000100010001,0,0,0,0,0,0,0,0,0,0,0,0,0,0.0002000200020002,0.0018001800180018,0,0,0,0,0.0007000700070007,0.0039003900390039,0,0.0045004500450045,0,0,0,0,0.0022002200220022,0.0005000500050005,0,0,0,0,0,0,0,0,0,0,0.0001000100010001,0,0.0016001600160016,0,0,0,0.0203020302030203,0,0,0,0,0.0001000100010001,0,0.0034003400340034,0.0006000600060006,0.0001000100010001,0,0,0,0,0,0,0,0,0,0.0012001200120012,0,0,0.0001000100010001,0,0.0618061806180618,0,0.0005000500050005,0.0003000300030003,0,0,0.0002000200020002,0,0,0,0,0,0,0,0,0,0,0,0,0,0,0.0002000200020002,0,0.0001000100010001,0,0.0004000400040004,0.0006000600060006,0.0003000300030003,0,0,0.0003000300030003,0,0,0,0,0,0,0,0,0.0171017101710171,0.0005000500050005,0,0,0,0,0.0001000100010001,0.038003800380038,0,0,0.0121012101210121,0,0,0.0027002700270027,0,0,0.0013001300130013,0.0047004700470047,0,0,0,0,0.0038003800380038,0,0,0,0,0.0022002200220022,0
0,0,9.99800039992002e-05,0.000699860027994401,0,9.99800039992002e-05,0,9.99800039992002e-05,0,0.00479904019196161,0.0001999600079984,0,0,0,0.00729854029194161,0,0,0,0.000399920015996801,0,0.0022995400919816,0.0017996400719856,0,0.0002999400119976,0.00499900019996001,9.99800039992002e-05,0,0,0.0030993801239752,0,0.00939812037592481,0,0.000399920015996801,0.00439912017596481,0,0,0.0001999600079984,0.00859828034393121,0,0,0,0,0,0.001499700059988,0.0012997400519896,0.000399920015996801,0,0,0,0,0,0,0,0,0,0.0001999600079984,0,0.001999600079984,0,0.0509898020395921,0.000599880023995201,0.0150969806038792,0,0.00929814037192562,0,0,0.00399920015996801,0,0.0001999600079984,0.00559888022395521,0.001999600079984,0,0,0.0107978404319136,0,0,0,0,0,0.0278944211157768,0.0010997800439912,0.000999800039992002,0.0278944211157768,0,0.0016996600679864,0.0138972205558888,0.0002999400119976,0,0.0002999400119976,0.0015996800639872,0,0.0147970405918816,0,0,0,0,0,0,0.000499900019996001,0,0.0010997800439912,0,0.0020995800839832,0,0,0.00389922015596881,0,0.0546890621875625,0.0308938212357528,0.0166966606678664,0.00249950009998,0,0,9.99800039992002e-05,0,0.0597880423915217,0,0,0.00969806038792242,0,0,0,0,0.0001999600079984,0.0001999600079984,0,0,0,0,0,0,0.0002999400119976,0,0.0028994201159768,0,9.99800039992002e-05,0,0,0,0,0.0311937612477504,0,0,0.000699860027994401,0,0,0.0115976804639072,0.00509898020395921,0,0,0.0001999600079984,0.000599880023995201,0,0.0027994401119776,0,0,0,0,0,0.0028994201159768,0.0028994201159768,0,0.0142971405718856,0,0,0,0.01499700059988,0,0.0010997800439912,0,0,0.0015996800639872,0,0,0.0011997600479904,0,0,0,0.00949810037992401,0.0143971205758848,0.0107978404319136,0.000599880023995201,0,0.00409918016396721,0.000399920015996801,0,0,0,0,0,0,9.99800039992002e-05,0.0001999600079984,0.000699860027994401,0,0,0,0,0,0,9.99800039992002e-05,0,0,0,0,0.0356928614277145,0,0,0,0.0002999400119976,0,0,0.0202959408118376,0,0.0001999600079984,0.00779844031193761,0.00719856028794241,0,0,0.000499900019996001,9.99800039992002e-05,0.0026994601079784,0.020995800839832,0,0,0,0,0,9.99800039992002e-05,0.00829834033193361,0.000999800039992002,0,0,0.00969806038792242,0,0,0.001499700059988,0,0,0.00519896020795841,0,0,0,0,0.0017996400719856,0,0.02249550089982,0,0,0.00709858028394321,0.000599880023995201,0,0.00249950009998,0,0.0031993601279744,0.00409918016396721,0.00419916016796641,9.99800039992002e-05,0,0,0.0016996600679864,0,0,0.0011997600479904,0.000399920015996801,0,0,0,0.00719856028794241,0.225354929014197,0,9.99800039992002e-05,0.0103979204159168,0,0,0,0.000599880023995201,0.000799840031993601,0.000599880023995201,0.001999600079984,0.0001999600079984,0,0.0021995600879824,0.0002999400119976,0,0,0,0,0.0027994401119776,0,0,0,0,0,0,9.99800039992002e-05,0.0133973205358928,0,0,0.001499700059988,0
0,0,9.98901208670463e-05,0.0121865947457796,0,0,0.00649285785635801,0,0,0,0,0,0,0,0,0,0.000899011087803416,0,0,0.000199780241734093,0,0.00189791229647388,0,0.00139846169213865,0,0.240535411047847,0,0,0.00998901208670462,0,0.0104884626910399,0,0,0.00299670362601139,0,0,0.000899011087803416,0.00679252821895915,0.000299670362601139,0,0,0,0,0,0,0,0,0,0.000399560483468185,0.000299670362601139,0,0,0,0,0.000399560483468185,0,0,0.00079912096693637,0,0.000599340725202278,0.000399560483468185,0,0,0,0,0,9.98901208670463e-05,0,0,0.000199780241734093,0,0,0,0,0,0,0,0,0,9.98901208670463e-05,0.00239736290080911,0,9.98901208670463e-05,0,0,0,0,0,0,0.0127859354709819,0.204874637898312,0,0.00359604435121366,0,0,9.98901208670463e-05,0,0,0,0,9.98901208670463e-05,0,0,0,0,0.000299670362601139,0.00429527519728299,9.98901208670463e-05,0.0156827489761263,0,0,0,9.98901208670463e-05,0,0,0.00649285785635801,0,0,0,0,0,0,0,0,0,0,9.98901208670463e-05,0,0,0,0.000499450604335231,0,0,0.000199780241734093,0,9.98901208670463e-05,0.0613325342123664,0.00139846169213865,0,0,9.98901208670463e-05,0,0,0,0,0,0,0,0,0,0,0.00849066027369893,9.98901208670463e-05,0,0,0,0,0,0,0.000599340725202278,0,0,0,0.00789131954849665,9.98901208670463e-05,0,0,0,0,0,0,0,0,0,0,0,0,0,9.98901208670463e-05,0,0.00509439616421936,0.00109879132953751,0,0,0,0,0,0,0,0,0,0.00729197882329438,0,0,0,0,0.000998901208670463,0.00209769253820797,0,9.98901208670463e-05,0,0,0,0,0,0.000299670362601139,0.000199780241734093,9.98901208670463e-05,0,0.00209769253820797,0,0,0,0,0,0,0.000299670362601139,0,0.00749175906502847,0,9.98901208670463e-05,0,0,0.00079912096693637,0.0012985715712716,0,0,0.0156827489761263,0,0.000599340725202278,0,0.000199780241734093,0,0.00579362701028868,0,0,0,0,0,9.98901208670463e-05,0,0,0.00509439616421936,0.00139846169213865,0.000199780241734093,0.00349615423034662,0,0,0,0,0,9.98901208670463e-05,0.00109879132953751,0,0,0.000399560483468185,9.98901208670463e-05,0,0,0,0,0.00359604435121366,0,0,0,0,0,0.0700229747277994,0,0,0,0,0.023773848766357,0,0,9.98901208670463e-05,0,0,0.00359604435121366,0.166616721606233,0,0.000399560483468185,0.0105883528119069,0,0,9.98901208670463e-05,0,0,0.00229747277994206,0.00189791229647388,0,0,0,0,0,0.000199780241734093,9.98901208670463e-05,0,9.98901208670463e-05,0.0201778044151433,0.00239736290080911
0,0,0,0,0,0,0,0,0,0,0,0,0,0,0,0,0,0,0,0,0,0.0233046609321864,0,0.000400080016003201,0,0,0,0,0.003000600120024,0,0.00250050010002,0,0,0,0,0,0,0.00700140028005601,0,0,0.0001000200040008,0,0,0,0,0.0273054610922184,0,0,0,0,0,0,0,0,0,0,0.0002000400080016,0,0,0,0,0,0,0,0,0,0,0,0,0,0,0,0,0,0,0,0,0,0,0,0,0,0,0,0,0,0.002000400080016,0,0,0.00560112022404481,0,0.0022004400880176,0.0611122224444889,0,0,0,0,0,0,0,0,0.0153030606121224,0,0,0,0,0,0,0,0,0,0,0,0.00530106021204241,0,0,0,0,0,0,0,0,0.003000600120024,0,0.164632926585317,0,0,0,0,0,0,0.000700140028005601,0,0,0,0,0.246649329865973,0.0002000400080016,0,0,0.00640128025605121,0,0.000500100020004001,0,0,0,0,0,0,0,0,0,0,0,0,0.0001000200040008,0,0,0,0,0,0,0,0,0,0,0,0,0,0,0,0,0,0,0,0,0,0,0,0,0,0,0,0,0,0,0,0,0,0,0,0.00900180036007201,0.0001000200040008,0,0,0.0002000400080016,0,0,0,0,0,0,0,0,0,0,0,0,0.0002000400080016,0.0018003600720144,0,0,0,0,0,0,0.00770154030806161,0,0.0547109421884377,0,0,0,0,0,0,0,0,0,0,0,0,0,0,0.150530106021204,0,0,0,0,0,0,0,0,0,0,0,0,0,0.00960192038407682,0,0,0,0,0,0,0,0,0.0022004400880176,0,0,0,0,0,0,0.0028005601120224,0,0,0,0,0,0,0,0,0.173334666933387,0,0,0,0,0,0.000500100020004001,0,0,0,0,0,0,0,0,0,0,0,0,0,0,0,0.00370074014802961,0,0.00610122024404881,0,0,0,0
0,0,0,0.0003999600039996,0,0,0,0.0008999100089991,0,0.0003999600039996,0,0,0,0.0043995600439956,0.0015998400159984,0,0,0,0,0,0.0120987901209879,0.0062993700629937,0,9.99900009999e-05,9.99900009999e-05,0.0722927707229277,0,0,0.0002999700029997,0.0006999300069993,0.0361963803619638,0,0,0.0081991800819918,0,0,0.0023997600239976,0.022997700229977,9.99900009999e-05,0,0,0,0,0.0033996600339966,0.0005999400059994,0.0486951304869513,0,0,9.99900009999e-05,0,0,0,0,0,0.0005999400059994,0,0,0.0011998800119988,0,0.0205979402059794,0.0001999800019998,0.0028997100289971,9.99900009999e-05,0,0,0,0.000999900009999,0,0,0,0.0023997600239976,0,0,9.99900009999e-05,0,0,0,0,0,0.0178982101789821,0,0,0.0022997700229977,0,0.0033996600339966,0,0,0,0.0001999800019998,0.0180981901809819,9.99900009999e-05,9.99900009999e-05,9.99900009999e-05,0,0,0,0,0,0.0064993500649935,0,0,0,0,0,0.0001999800019998,0,0,0.211278872112789,0,0.005999400059994,0,0,0.0004999500049995,0.0110988901109889,9.99900009999e-05,0.0067993200679932,0,0,0.0262973702629737,0,0,0,0.0002999700029997,9.99900009999e-05,0.0155984401559844,0,0,0,0,0,0,0.0132986701329867,0,0,0,0,0.0003999600039996,0,0,0,0.0005999400059994,0,0,0.0003999600039996,0,0,0.0023997600239976,0.001999800019998,0,0,0.0030996900309969,0,0,0.0001999800019998,0,0,0,0,0.0106989301069893,0.0017998200179982,0,0,0,0,0,0,9.99900009999e-05,0,0,0,0,0,0,0,0,0,0,0.007999200079992,0.025997400259974,0,0,0,0,0,0.0017998200179982,0,0,0,0,0,0,0.0070992900709929,0.0001999800019998,0,0,0,0,0,0,0,0,0,0,0,0,0.0026997300269973,0,0,0,0,0,0,0,0,0.0004999500049995,9.99900009999e-05,0.0086991300869913,0,0.0102989701029897,0,0,0,0,0,0,0,0.0033996600339966,0,0.0057994200579942,0,0.0253974602539746,0,0,0.0022997700229977,0,0,0,0,0,9.99900009999e-05,0,9.99900009999e-05,0,0,0,0,0,0,0,0,9.99900009999e-05,9.99900009999e-05,0,0,0.0007999200079992,0,0.0028997100289971,0,0.000999900009999,0,0.001999800019998,0,0,0.0002999700029997,0,0,0,0,0,0.0004999500049995,0,0.0022997700229977,0.0032996700329967,0,0,0,0,0,0.0016998300169983,0.218778122187781,0,0,0.0275972402759724,0,0,0,0,0,0.0021997800219978,0,0,0,0,0,0.0112988701129887,0,0.0006999300069993,0,0,0.0085991400859914,0
0,0,0,0,0,0,0,0,0,0,0,0,0,0,9.99700089973008e-05,0,0,0,0,0,0,0,0,9.99700089973008e-05,0,0.170348895331401,0,0,9.99700089973008e-05,0.000199940017994602,0,0,0,0,0,0,0.00119964010796761,0,0,0,0,0,0,0,0,0,0,0,0,0,0,0,0,0,0,0,0,0,0,0,0,0,9.99700089973008e-05,0,0,0,0.00479856043187044,0,0,0,0,0,0,0,0,0,0,0,0,0.0159952014395681,0,0.00229931020693792,0,0,0,0.0119964010796761,0.000299910026991902,0,0,0,0.00159952014395681,0.00119964010796761,0,0,0,0,0.00529841047685694,0,0,0,0,0.0110966709987004,0,0,0,0,0.00599820053983805,0.000399880035989203,0,0,0,0,0,0,0,0,0,0,0.0107967609717085,0,0,0,0,0,0,0,0,0,0,0,0,0.0114965510346896,0,9.99700089973008e-05,0,0,9.99700089973008e-05,0,0,0,0.000499850044986504,0,0,0,0,0,0,0,0,0,0,0,0,0,9.99700089973008e-05,0,0,0,0,0,0,0,0,0.418774367689693,0,0,0,0,0,9.99700089973008e-05,0,0,0,0,0,0,0,0.0148955313405978,0,0,0,0,0,0,0,0,0,0,0,0,0,0,0,0,0,0,0,0,0,0,0,0,0,0,0,0.00339898030590823,0,0,0.000199940017994602,0,0,0,0,0,0.000699790062981106,0,0.00849745076477057,0.0206937918624413,0.0192942117364791,0,0,0,0,0,0,0,0,0,0,0,0,0,0,0.033889833050085,0,0,0,0,0,0.0844746576027192,0,0,0,0,0,0,0,0,0,0,0,0,0,0,0,0.000599820053983805,0.000799760071978406,0,0.00269919024292712,0,0,0,0,0,0,0,0,0,0,0.00269919024292712,0,0,0.0127961611516545,0,0,0,0,0,0,0.112166350094972,0,0,0,0,0,0,0,0,0.00599820053983805,0,0,0,0,0,0,0.000999700089973008,9.99700089973008e-05,0,0,0,0
0,0.000499800079968013,0,9.99600159936026e-05,0.000699720111955218,9.99600159936026e-05,0.000199920031987205,0,0,0,0.00039984006397441,0,0,0.00599760095961615,0.00249900039984006,0,0,0.000299880047980808,0,0,0.0107956817273091,0.00119952019192323,0,0.000299880047980808,0,0.000299880047980808,0.000199920031987205,0,0.00039984006397441,0.00039984006397441,9.99600159936026e-05,0,0,0.0347860855657737,0,0.00419832067173131,0.00369852059176329,0.000199920031987205,0,0,0,0,0,0.0205917632946821,0,0.00139944022391044,0.0187924830067973,0.000299880047980808,0,0.000299880047980808,0.000199920031987205,0,9.99600159936026e-05,0,0.00299880047980808,0,0,0,0,0,0.000299880047980808,0.00079968012794882,0.000199920031987205,0,0,0.000299880047980808,9.99600159936026e-05,0,0,0,0.00449820071971212,0,9.99600159936026e-05,0.0037984806077569,0,0,9.99600159936026e-05,9.99600159936026e-05,0,0.00179928028788485,0.000299880047980808,0,0,0,0.00259896041583367,9.99600159936026e-05,9.99600159936026e-05,0,0,0.00549780087964814,0.0039984006397441,0,0.271791283486605,0,0,0,0,0,0.00619752099160336,0,0,0,0,0.000199920031987205,0.000199920031987205,0,0,0,0,0,0,0.00129948020791683,0,9.99600159936026e-05,0,0,0,0,0.00339864054378249,0,0,0,0,0,0.0423830467812875,0,0.0079968012794882,0,0.000699720111955218,0,0.0229908036785286,0.000699720111955218,0,0,0,0,0.0385845661735306,0,0,0,0.000599760095961615,0,0,0.00039984006397441,0,0,9.99600159936026e-05,0,9.99600159936026e-05,0,9.99600159936026e-05,0.0199920031987205,0,0,0.00079968012794882,0,0,0.000299880047980808,0,0.0245901639344262,0.00039984006397441,0,0,0,0,0,0.000599760095961615,0,0,9.99600159936026e-05,9.99600159936026e-05,0,0,0,0,0,0,0.00149940023990404,0,0.000199920031987205,0,0,0,0.00159936025589764,0.000299880047980808,0,0.00039984006397441,0,0.00079968012794882,0,0,0.000599760095961615,9.99600159936026e-05,0,0.00189924030387845,0,0,9.99600159936026e-05,9.99600159936026e-05,0,0,0,0,0.0142942822870852,0,9.99600159936026e-05,9.99600159936026e-05,0,0,0.00209916033586565,0,0,0,0.00039984006397441,0.00559776089564174,9.99600159936026e-05,0.00299880047980808,0.0102958816473411,0.0378848460615754,0,0,0,9.99600159936026e-05,0,0,0.00149940023990404,0,0,0.0427828868452619,0,0.0118952419032387,0,0,0.101859256297481,0,9.99600159936026e-05,9.99600159936026e-05,0,0,0.000499800079968013,0,0,0,0,0,0,0,0,0,0,0,9.99600159936026e-05,0.00169932027189124,0,0.000999600159936026,9.99600159936026e-05,9.99600159936026e-05,0.000299880047980808,0.000299880047980808,0,0.000199920031987205,0.00369852059176329,0,0.000899640143942423,9.99600159936026e-05,0,0,0,0,0.0570771691323471,0.000699720111955218,0.00749700119952019,0.0345861655337865,0,0,0,0,0,0.00139944022391044,0,9.99600159936026e-05,0,0.0414834066373451,0,0,0,0.00679728108756497,0,9.99600159936026e-05,0.0078968412634946,0,0,0,0,0.00579768092762895,0,0,0,0,0.00129948020791683,0.00499800079968013
0,9.99500249875062e-05,0,0.00079960019990005,0,0,0,0,0,0.00439780109945028,0.00079960019990005,0,9.99500249875062e-05,0,0.000299850074962519,0,0.000699650174912544,0,0,0,0,0.00269865067466267,0,0,0,0.000299850074962519,0,0,0,9.99500249875062e-05,0.00189905047476262,0,0,0.00429785107446277,0,0,0.000899550224887556,0.0063968015992004,0.00079960019990005,0,0,0,0.00689655172413793,0.00589705147426287,0,0.00279860069965018,0,0.000599700149925037,0.000199900049975012,0,9.99500249875062e-05,0,0,0.000499750124937531,0.00859570214892554,0,0,0,0,0,0.00139930034982509,0,0,0.000199900049975012,0,0,0.00169915042478761,0,0,0,0.00419790104947526,0,0,0,0,0,0,0.000299850074962519,0,0.00779610194902549,0.00349825087456272,0,0.00119940029985007,0,0,9.99500249875062e-05,9.99500249875062e-05,0,0,0.00469765117441279,9.99500249875062e-05,0.000599700149925037,0.00119940029985007,0,0,0,0,0,0.00289855072463768,0.000499750124937531,0,0,0,0,0,0,0,0.0871564217891054,0,0.0150924537731134,0,0.0103948025987006,0.00199900049975012,0.0920539730134933,0,0.0106946526736632,0,9.99500249875062e-05,0,0,0,0,0,9.99500249875062e-05,0.00449775112443778,0,0,0,0,0,0.00879560219890055,0,0,0,0,0,0.00379810094952524,0.00269865067466267,0,0,0.000399800099950025,0,0,0.000399800099950025,0,0,0.000599700149925037,0.0175912043978011,0.00139930034982509,0,0.00249875062468766,0.000899550224887556,9.99500249875062e-05,0,0,0,0.00139930034982509,0,0,0.00579710144927536,9.99500249875062e-05,0.00359820089955022,0,0,0,0,0.00229885057471264,0,0,0,0,0,0,0,0,0,0,0.00299850074962519,0.00669665167416292,0,0,0,0,0.000599700149925037,0.000899550224887556,0,0,0,0,0,0,0.0031984007996002,0.00199900049975012,9.99500249875062e-05,0,0,0.00339830084957521,0,0,0,0,0.00149925037481259,0,0.00139930034982509,0,0,0,9.99500249875062e-05,0.000199900049975012,9.99500249875062e-05,0,0,0,0,0.000199900049975012,0,0.00239880059970015,0.0116941529235382,0.00359820089955022,0,0.00139930034982509,0,0.0258870564717641,0,0.0015992003998001,0.000199900049975012,0,9.99500249875062e-05,0.00549725137431284,0,0.0172913543228386,0,0,0.0248875562218891,0,0,0,0,0,0.000899550224887556,0,0,0,0,0.00109945027486257,9.99500249875062e-05,0,0,0,0,0,0.000499750124937531,0.000899550224887556,0,0.00289855072463768,9.99500249875062e-05,9.99500249875062e-05,0,0.00259870064967516,0.00279860069965018,0.00189905047476262,0,0,9.99500249875062e-05,0.00079960019990005,0,0,0,0,0.000399800099950025,0,0,0.0327836081959021,0,0,0,0,0,0,0.465267366316842,9.99500249875062e-05,0,0.00559720139930035,0,0,0,0,0,0,0.000699650174912544,0,0,0,0,0.0031984007996002,0,0.00149925037481259,0,0,0.00259870064967516,0
0,0,9.99100809271655e-05,0,0,0,0.000199820161854331,9.99100809271655e-05,0,0,9.99100809271655e-05,0,0,0,0,0,0,0,0,0,0.00159856129483465,0.00219802178039764,0,0,0.000199820161854331,0.488660205814767,0,0,0.0213807573184134,0,0.00469577380357678,0,0,0.0148866020581477,0,0,9.99100809271655e-05,0,9.99100809271655e-05,0,0,0,0,0.00449595364172245,0,0.0209811169947048,0,0,0,0,0,0,0,0,0.000499550404635828,0,0,0,0.000299730242781497,0.000699370566490159,0,0,0.000599460485562993,0,0,0,0.00599460485562993,0,0,0,0,0,0,9.99100809271655e-05,0,0,0,0,0,0.000499550404635828,0,9.99100809271655e-05,0.0228794085323209,0,0.000399640323708662,0,0,0.0663402937356379,0,0.00539514437006694,0,0.00359676291337796,0.000199820161854331,0,0,0,0,0,0.00939154760715356,0,0,0.00229793186132481,0,0.000199820161854331,9.99100809271655e-05,9.99100809271655e-05,0.0060945149365571,0.10610450594465,0.000399640323708662,0,0,0.000999100809271655,0,0.000699370566490159,0,0,0,0,0.0118892996303327,0,0,0,0,0.00089919072834449,0.00469577380357678,0.000299730242781497,0,0,0,0,0.00679388550304726,0.00359676291337796,0,0,0,0,0,0,0,0,0.00089919072834449,0,0,0,0,0,0,0.000199820161854331,0,0,0.00179838145668898,0,0,0,0,0,0,0,0,0.00669397542212009,0,0,0,9.99100809271655e-05,0,0,0,0,0,0,0,0,0,0,0,0,0,0,0,9.99100809271655e-05,0,0,0,0,0.000699370566490159,0,9.99100809271655e-05,0,0,0,0,0.000499550404635828,0,0,0,0,0,9.99100809271655e-05,0,0,0.028374462983315,0,0,0,0,0.00409631331801379,0,0,0.000499550404635828,0.00469577380357678,0,0,0,0,0.000199820161854331,0,0.00469577380357678,0,9.99100809271655e-05,0,0,0,0,0,0,0.00089919072834449,0.000199820161854331,0,0,9.99100809271655e-05,0,0,0,0.072434808672195,0,0,0,0,0,0.0057947846937756,0,0.000299730242781497,0,0,9.99100809271655e-05,0,0,0.000199820161854331,0,0,0.0170846238385453,0,0,0,0.000199820161854331,0,0,0,0.000299730242781497,0,9.99100809271655e-05,0,0,0.000499550404635828,0,0,0,0,0,0,0,0,0.00149865121390748,0,0,0,0,0,0.000499550404635828,0,0,0,0.00629433509841143,0,0,0,0,0,0.00209811169947048,0.00089919072834449,0,0,0,0,0,0,0.00339694275152363,0,0,0.0112898391447697,0
0,0,0,0.000499850044986504,0.00139958012596221,9.99700089973008e-05,0,0.00239928021593522,0,0.00139958012596221,0.000899730080975707,0,0,0,0,0.00109967009897031,0,0,0,0.00419874037788663,0.0160951714485654,0.000699790062981106,0,0.000499850044986504,0.000499850044986504,0.000199940017994602,0,0,0.00399880035989203,0.00109967009897031,0.0175947215835249,0.0376886933919824,9.99700089973008e-05,0.00219934019794062,0,0,0.00159952014395681,0.0384884534639608,0.000199940017994602,0,0,0.00129961011696491,0.00669799060281915,0.0125962211336599,9.99700089973008e-05,0.00599820053983805,0,0.000399880035989203,0,0,0.000999700089973008,0,0.000199940017994602,0.000499850044986504,0.015295411376587,0,0,0,0,0.0159952014395681,0.000199940017994602,0.00629811056682995,0,0,0,0,0.00199940017994602,0,0.00209937018894332,0,0.0136958912326302,0,0.000199940017994602,0.00569829051284615,0,0,0.000299910026991902,0,0,0.029591122663201,0.00409877036888933,0,0.00449865040487854,0,0.0170948715385384,0,0,9.99700089973008e-05,0.00109967009897031,0.00149955013495951,0,0.00889733080075977,0.00309907027891633,0.00899730080975707,0,0,0,9.99700089973008e-05,0.00339898030590823,0,0,0,0,0,0.000799760071978406,0.000599820053983805,0,0.00179946016195141,0.00259922023392982,0.0104968509447166,0,0,0,0.000999700089973008,0.000699790062981106,0.0103968809357193,0,0,0.0246925922223333,0,0,0,0.00899730080975707,9.99700089973008e-05,0.00129961011696491,0,0,0,0,0.00179946016195141,0.000299910026991902,0.000499850044986504,0,0,0,0,0.0191942417274818,0.00429871038688393,0,0,0.000199940017994602,0.000499850044986504,0,0.000399880035989203,0,0,0.000199940017994602,0.00219934019794062,0.00239928021593522,0,0,0.000999700089973008,0,0,0,0,0,0,0,0.00429871038688393,9.99700089973008e-05,0.00159952014395681,0.00749775067479756,0.180245926222133,0,0,0.00169949015295411,0,0,0,0,0.00169949015295411,0,0,0,0,0.000499850044986504,0.0127961611516545,0.00759772068379486,0.00119964010796761,0.00389883035089473,0,0.00199940017994602,0.00259922023392982,0.00329901029691093,0,0,0,0,0.00129961011696491,0,0.00139958012596221,0,0,0,0,0.0116964910526842,0,0,0,0,0,0,0,0,0.000499850044986504,0,0,0,0.00239928021593522,0,0,0,0.000599820053983805,0.000799760071978406,0,0.00969709087273818,0,0.000299910026991902,0,0.00539838048585424,0.000499850044986504,0,0,0.0131960411876437,0,0.00669799060281915,0.000199940017994602,0.00939718084574628,0.00479856043187044,0.0210936718984305,0.000199940017994602,0,0.000299910026991902,0,0,0.000999700089973008,0,0,0,0,0,0,0.0238928321503549,0.00179946016195141,0,0,0,0,0,0.00979706088173548,9.99700089973008e-05,0.00209937018894332,0,0.000399880035989203,9.99700089973008e-05,0.000299910026991902,0,0.00129961011696491,0,0,0,0,0.000199940017994602,0,0,0,0,0,0.0448865340397881,0,0.00959712086374088,0.00179946016195141,0,0,0,0,0,0.00379886034189743,0.121763470958712,9.99700089973008e-05,0.0151954413675897,0.019594121763471,0,0,0,0,0,0.00299910026991902,0.00399880035989203,0,0,9.99700089973008e-05,0,0.00879736079176247,0,0.00119964010796761,0,0,0.00119964010796761,0
0,0,0,0,0,0,0,0.0044995500449955,0,0.0015998400159984,0,0,0,0.046995300469953,0.0017998200179982,0,0,0,0,0,0,0.0075992400759924,0,0,0,0.382961703829617,0,0,0.0215978402159784,0,0,0,0,0,0.0034996500349965,0,0.0011998800119988,0,0.000999900009999,0,0,0,0,0,0,0.0466953304669533,0,0,0.0014998500149985,0,0,0,0,0,0,0,0,0.0011998800119988,0,0,0,0,0,0,0,0,0.0038996100389961,0,0,0,0.0061993800619938,0,0,0,0,0,0,0,0,0.0046995300469953,0,0,0.0131986801319868,0,0,0.0001999800019998,0,0,0,0,0,0,0.007999200079992,0,0,0,0,0,0,0,0,0,0,0,0.0003999600039996,0,0,0.0238976102389761,0,0.0107989201079892,0,0,0.0005999400059994,0.002999700029997,0,0.0193980601939806,0,0,0,0,0,0,0,9.99900009999e-05,0.007999200079992,0,0,0,0,0,0,0.0102989701029897,0,0,0.0002999700029997,0,0.0846915308469153,0,0,0,0.005999400059994,0,0,0,0,0,0,0,0,0,0,0,0,0,0,0,0,0,0,0,0.0001999800019998,0,0,0,0,0,0.0033996600339966,0,0,0,0,0.0035996400359964,0.0008999100089991,0,0.0028997100289971,0,0,0,0.0046995300469953,0,0.0137986201379862,0,0,0,0,0,0.0081991800819918,0,0,0,0,0,0,0,0,0,0,0,0,0,0,0,0,0,0,0,0,0,0,0,0.0001999800019998,0,0,0,0.0005999400059994,0,0.0081991800819918,0,0,0,0,0,0.0003999600039996,0,0.0208979102089791,0,0,0,0.0047995200479952,0.0042995700429957,0,0,0.0008999100089991,0.0301969803019698,0,0,0,0,0,0,0,0.0027997200279972,0,0,0,9.99900009999e-05,0,0.0004999500049995,0,0,0,0,0,0.0001999800019998,0,0,0,0,0,0.0113988601139886,0,0,0,0,0.0001999800019998,0,0,0,0,0.0271972802719728,0,0,0.0786921307869213,0.0012998700129987,0.0002999700029997,0,0,0,0,0.000999900009999,0,0,0.0261973802619738,0,0,0,0.0122987701229877,0.0005999400059994,0,0,0,0,0,0,0,0,0.0008999100089991,0,0,0.0022997700229977,0
0,0,0,0,0,0,0,0,0,0.000299640431482221,0,0,0,0,0.00349580503395925,0,0.000299640431482221,0,0,0,0,0.00469436675988813,0,0.00129844186975629,0,0.0619256891729924,0,0,0.00249700359568518,0.000299640431482221,0.00848981222532961,0.00549340791050739,0,0.00609268877347183,0,0,0,0.00779065121853775,0,0,0,0,0,0,0,0.00579304834198961,0,9.98801438274071e-05,0.000499400719137036,0.000199760287654814,0.000199760287654814,9.98801438274071e-05,0,0,0,0,0,0.000499400719137036,0,0.00359568517778666,9.98801438274071e-05,0,0,0,0,0,0.00619256891729924,9.98801438274071e-05,0,0,0,0,0,0,0,0,0,0,0,0.00639232920495406,0,9.98801438274071e-05,0,0,0,9.98801438274071e-05,9.98801438274071e-05,0,0,0.0100878945265681,0,0.00219736316420296,0,0,0,0.00109868158210148,0,0,0,0,0,0,0,0,0.000199760287654814,0,0.00319616460247703,0.0543347982421095,0,0,0,0,0,0.000998801438274071,0,0.00769077107471035,0,0,0.0116859768278066,0,0,0,0.00409508589692369,0.00249700359568518,0.00209748302037555,0.000199760287654814,0,0,0.000199760287654814,0,0,0.00779065121853775,0,9.98801438274071e-05,0,0,0,0,0.0013983220135837,0,0.000299640431482221,0,0,0,0,0,0.000799041150619257,0,0,0,0.00109868158210148,0,0,9.98801438274071e-05,0,0,0,0.000199760287654814,0,0.00129844186975629,0,0,0,0,0,0,0,0,0,0,9.98801438274071e-05,0,0,0,0,0,0,0,0.0293647622852577,9.98801438274071e-05,0,9.98801438274071e-05,0.000499400719137036,0,9.98801438274071e-05,0,0,0,0,0,0,0.00119856172592889,9.98801438274071e-05,0,0,0,0,0,0,0.0577307231322413,0,0,9.98801438274071e-05,0,0,0.00119856172592889,9.98801438274071e-05,0,0,0,0.000199760287654814,0.00359568517778666,0,0,0,0,0.00918897323212145,0,0.0126847782660807,0,0,9.98801438274071e-05,0,0,0,0.000599280862964443,0,0,0,0,0.00739113064322813,0,0,0.0383539752297243,0,0,9.98801438274071e-05,0,0,0,0.000199760287654814,0,0,0,9.98801438274071e-05,0,0,0,0,0,0,0,0.00119856172592889,0,9.98801438274071e-05,9.98801438274071e-05,0.00109868158210148,0,0,0,0,0,0,0,0,0,0,0,0.000199760287654814,0.347582900519377,0,0,0.00908909308829405,0.034358769476628,0.00129844186975629,0,0,0,0.000299640431482221,0.179684378745505,0,0,0.00669196963643628,0,0,0,0.000799041150619257,9.98801438274071e-05,0,0,0,0,0,0,0,0,0.000199760287654814,0,0,0.0135836995605274,0
0,0,0,0.0001000200040008,0,0,0,0,0.2875575115023,0,0,0,0,0,0,0,0,0,0,0,0,0,0,0,0,0.160432086417283,0,0,0,0.0023004600920184,0.0749149829965993,0,0,0,0,0,0,0,0,0,0,0,0,0,0,0,0,0,0,0,0,0,0,0,0,0,0,0,0,0,0,0,0,0,0,0,0,0,0,0,0,0,0,0,0,0,0,0,0,0,0,0,0,0,0,0.0002000400080016,0,0,0,0,0,0,0,0,0,0,0,0,0,0,0,0.0001000200040008,0,0,0,0,0,0.0382076415283057,0,0,0,0,0.00340068013602721,0,0,0,0,0,0,0,0,0,0,0,0,0,0,0,0,0,0,0,0,0,0,0,0,0,0,0,0,0,0,0,0,0,0,0,0,0,0,0,0.0001000200040008,0,0,0,0,0,0,0,0,0,0,0,0,0,0,0,0,0,0.000900180036007201,0,0,0,0,0,0,0,0,0,0,0,0,0,0,0,0,0,0,0,0,0,0,0,0,0,0,0,0,0,0,0,0,0,0,0.000400080016003201,0,0,0,0,0,0,0,0,0,0,0,0,0,0,0,0,0,0.0125025005001,0,0,0,0,0,0,0,0,0,0.0151030206041208,0,0,0.000400080016003201,0,0,0.0001000200040008,0,0,0,0,0,0.0001000200040008,0,0,0,0,0,0,0,0,0,0,0.0001000200040008,0,0.00330066013202641,0,0,0,0,0,0,0,0,0,0,0.0390078015603121,0,0,0,0,0,0,0,0,0.0024004800960192,0.336667333466693,0,0,0,0,0,0,0,0,0.00550110022004401,0,0,0,0,0,0.0162032406481296,0,0,0,0,0,0
0,0,0,0,0,0.0001000100010001,0.0001000100010001,0,0,0,0,0.0001000100010001,0,0.0165016501650165,0.0013001300130013,0,0,0,0.0001000100010001,0,0,0.025002500250025,0,0,0,0.0812081208120812,0,0,0.0006000600060006,0,0.0075007500750075,0,0,0,0,0,0.0028002800280028,0,0.001000100010001,0,0.0001000100010001,0,0,0,0,0.0213021302130213,0.0325032503250325,0,0,0,0.0001000100010001,0,0,0,0.0014001400140014,0,0,0,0,0,0.0001000100010001,0,0,0,0,0,0.0401040104010401,0,0,0,0.0671067106710671,0,0,0,0,0,0,0,0,0,0,0,0,0,0,0,0,0,0,0.1002100210021,0,0.0007000700070007,0.0001000100010001,0,0,0,0,0,0,0,0,0.0003000300030003,0,0,0.0004000400040004,0,0.0002000200020002,0.0115011501150115,0,0,0,0,0,0.0245024502450245,0,0,0,0,0,0.0004000400040004,0.0004000400040004,0,0,0.0001000100010001,0.0464046404640464,0,0,0,0.0002000200020002,0,0,0.0014001400140014,0,0,0,0,0.0001000100010001,0,0,0,0.0001000100010001,0,0,0,0,0,0,0.001000100010001,0,0,0.001000100010001,0,0,0,0,0,0,0,0,0.0185018501850185,0,0,0,0,0,0,0.0007000700070007,0,0,0,0,0,0.0001000100010001,0.0013001300130013,0,0,0.0002000200020002,0,0,0,0,0,0,0,0,0,0,0,0,0,0,0.0276027602760276,0.0001000100010001,0,0.0021002100210021,0,0,0,0,0,0,0,0,0.153715371537154,0,0,0,0,0.0004000400040004,0.0014001400140014,0,0,0,0,0,0,0.0047004700470047,0,0.0001000100010001,0,0,0,0,0,0,0,0,0,0.013001300130013,0,0,0,0,0,0,0,0.0002000200020002,0,0,0,0,0,0,0,0,0,0,0.0001000100010001,0,0,0,0,0,0.0001000100010001,0,0.0061006100610061,0,0,0,0,0,0,0,0,0.0001000100010001,0,0,0,0,0,0,0,0.0068006800680068,0,0,0,0,0,0,0.157915791579158,0,0,0.0601060106010601,0,0,0,0,0.0001000100010001,0,0,0,0,0,0,0.0211021102110211,0,0.0006000600060006,0,0,0.0348034803480348,0
0,0,9.9940035978413e-05,9.9940035978413e-05,0,0,0.000199880071956826,0.00249850089946032,0,0.000199880071956826,0,0,9.9940035978413e-05,0,9.9940035978413e-05,0,0,0.000399760143913652,0,0.000199880071956826,0.00719568259044573,0.0053967619428343,0,0,0,0,0.000299820107935239,0,0.00629622226664002,0.00119928043174096,0.070657605436738,0,0,0.00919448331001399,0,0,0.00109934039576254,0.037277633419948,0.000999400359784129,0,0,0,0,0.00279832100739556,0,0.0521686987807316,0,9.9940035978413e-05,0,0,9.9940035978413e-05,0,0.000299820107935239,0,0.00189886068358985,0,0,0,0,0.0141914851089346,9.9940035978413e-05,0,0,0,0,0,0,0,0,0,0.00169898061163302,0,0,0,0,0,9.9940035978413e-05,0,0,0.01888866679992,0,0,0.0104937037777334,0.000699580251848891,0.004597241655007,9.9940035978413e-05,0,0,0,0.0392764341395163,0,0.00169898061163302,9.9940035978413e-05,0,0,0,0,0,0,0,0,0,0,0,0,0,0,0,0,0.00399760143913652,0,0.00349790125924445,0,0.00559664201479113,0,9.9940035978413e-05,0,9.9940035978413e-05,0.0157905256845892,0,0,0,0,0,0.00779532280631621,0,0,0,0,0,0.00559664201479113,0,0,9.9940035978413e-05,0,0,0.000199880071956826,0,0,0,0.00289826104337398,0.00109934039576254,0,0.000399760143913652,0,0,0.00339796122326604,0,0,9.9940035978413e-05,0.00219868079152508,0.00109934039576254,9.9940035978413e-05,0,0,0,0,0,0,0.000999400359784129,0,0,0,0,0,0,0.000399760143913652,0,9.9940035978413e-05,0,0,0,0,0,0,0,0.000299820107935239,0.000599640215870478,0.0485708574855087,0,0,0,0,0,0.0022986208275035,0,0,0,0,0,0,0.0477713371976814,0.000499700179892065,0,0,0,0,0,0,0.0403757745352788,0,0,0,0.00799520287827304,0,0.0294823106136318,0.000199880071956826,0,0,0.00199880071956826,0,0,0,0,0.0030981411153308,0,0.00569658205076954,0.00109934039576254,9.9940035978413e-05,0,0.00149910053967619,0,0.0220867479512293,0,0,0,0,0,0.000299820107935239,0,0.0143913651808915,9.9940035978413e-05,0,0.110033979612233,0,0,0.000399760143913652,0,0,0,0,0,0.00729562262642415,0,0,0,9.9940035978413e-05,0,0,0,0.00179892064761143,0.000599640215870478,0,0,0.000899460323805717,0.00109934039576254,0,0,0,0.00529682190685589,0.000199880071956826,0,0,0.00119928043174096,0,0,0,0,0,0,0,0,0.00599640215870478,9.9940035978413e-05,0.000199880071956826,9.9940035978413e-05,0,0,0,0.133819708175095,0.000299820107935239,0,0.0206875874475315,0.000299820107935239,0.103737757345593,0,0,0,0,0.00959424345392764,0,0,0,0,0,0,0.000399760143913652,0,0,0.0189886068358985,0
0,0,0,0.000699720111955218,0.00329868052778888,0,0,0,0,0,0,0,0,0,0.00439824070371851,0,0.00079968012794882,0,0,0,0,0.00279888044782087,0.000699720111955218,0,0,0.125049980007997,0,0,0.0117952818872451,0,0,0,0,0,0.000699720111955218,0,0.0038984406237505,0,0,0,9.99600159936026e-05,0,0,0,0,0,0,0,0.000699720111955218,0.000299880047980808,0.00039984006397441,0,0,0,0,0,0,0,0,0.00039984006397441,0,0,0,0,0,0,0.00119952019192323,0,0,0,0,0,0,0,0,0.00109956017592963,0.000199920031987205,0,0,0,0,0,0.0137944822071172,0,0,0,0,0,0,0,0,0.00449820071971212,9.99600159936026e-05,0,0,9.99600159936026e-05,0.00209916033586565,0,0,0,0,0,0.00149940023990404,0,0,0,0,0.00279888044782087,0.00199920031987205,0.00269892043182727,0,0,0,0,0,0.00509796081567373,0,0,0.0237904838064774,0,0,0,0.00159936025589764,0.00179928028788485,0,0.00209916033586565,0.00209916033586565,0,0,0,0,0,0,0,0,0,0,0,0,0,0.000499800079968013,0,0,0.000299880047980808,0,0,0,0,0,0,0,0,0,0,0,0,0,0.00109956017592963,0,0.00479808076769292,0,0,0,0,0,0,0.00159936025589764,9.99600159936026e-05,0,0,0,0.00119952019192323,0.338964414234306,0,0,0.00309876049580168,0.000499800079968013,0,0,0,0,0.000999600159936026,0,0.00139944022391044,0,0,0,0,0,0,0.000299880047980808,0,0,0,0,9.99600159936026e-05,0,0,0,0.0220911635345862,0,0,0,0.0139944022391044,0,0,9.99600159936026e-05,0,0,0,0.00269892043182727,0,0,0,0,0,0,0,0.00439824070371851,0,0,0,0,0,0.00119952019192323,0,0,9.99600159936026e-05,0.00349860055977609,0,0,0,0,0.0175929628148741,0.000599760095961615,0,0,0,0.000299880047980808,0.00619752099160336,0,0,0,0,0.00139944022391044,0,0,0,0,0,0,0,0,0,0,0,0.0182926829268293,0,0,0.000499800079968013,0,0,0,0,0,0,0,0,0,0.00039984006397441,0,0,0,9.99600159936026e-05,0,0,0,0,0,0.319172331067573,0,0,0.0076969212315074,0,0,9.99600159936026e-05,0,0,0,0,0,0,0,0,0,0,0,0,0,0,0
0,0,0,0,0,0,0.0043995600439956,0,0,0,0,0,9.99900009999e-05,0,0.0270972902709729,0,0,0,0,0,0.0002999700029997,0,0,0,0,0.498350164983502,0,0,0,0,0,0,0,0,0,0,0.0012998700129987,0,0,0,0,0,0,0,0,0,0,0,0,0,0,0,0,0,0,0,0,0,0,0,0,0.0020997900209979,0,0,0,0,0.0128987101289871,0,0.0045995400459954,0,0.001999800019998,0,0,0,0,0,0,0,0,0,0,0,0,0,9.99900009999e-05,0.0004999500049995,0,0,0,0,0,0.0001999800019998,0.0327967203279672,0,0,0,0,0,0,0,0,0,0,0,0,0,0,0.113688631136886,0,0,0,0,0,0,0,0,0,0,0.0025997400259974,0,0,0,0,0.0013998600139986,0.000999900009999,0,0,0,0,0,0,0,0,0,0,0,0.0012998700129987,0,0,0,0,0.0001999800019998,0,0,0,0,0,0,0,0,0,0,0,0,0,0,0,0,0,0,0,0,0,0,0,0,0,0,0,0,0,0,0,0,0,0,0,0,0,0,0,0,0,0,0,0,0,0,0,0,0,0,0,0,0,0,0,0,0,0,0,0,0,0,0,0,0,0,0,0,0,0,0,0,0,0,0,0,0,0,0,0,0,0,0,0,0,0,0.0027997200279972,0,0,0,0,0.0822917708229177,0,0,0,0,0,0.0022997700229977,0,0,0,0,0.0003999600039996,0,0,0,0,0,0,0,0,0,0,0,0,0,0,0,0,0,0,0,0.0010998900109989,0,0,0,0,0.203479652034797,0,0,0,0,0,0,0,0,0,0.0002999700029997,0,0,0,0,0,0.0003999600039996,0,0,0,0,0,0,0,0,0,0,0,0,0,0,0
0,0,0,0.00369926014797041,0,0,0.000799840031993601,0,0,0,0,0,0,0,0.000999800039992002,0,0.0013997200559888,0,0,0,0,0,0,0,0,0.205458908218356,0,0,0.000699860027994401,0.000999800039992002,0,0,0,0,0,0,0,0,0,0,0,0,0,0,0,0.109478104379124,0,0,0.000399920015996801,0,0.0010997800439912,0,0,0.0001999600079984,0,0,0,0.000799840031993601,0,0,0.000999800039992002,0,0,0,0,0,0.0508898220355929,0,0,0,0,0,0,0,0,0,0,0,0,0,0,0,0.0373925214957009,0,0,0,0,0,0.0002999400119976,0.000899820035992801,0,0.0026994601079784,0.00759848030393921,0,0,0.0152969406118776,0,0,0,0,0,0.00619876024795041,0,0,0,0,0.000699860027994401,0.0408918216356729,0,0,0,0,0.000999800039992002,0.00909818036392721,0,0.028994201159768,0,0,0.0242951409718056,0.0002999400119976,0,0,0,0.0001999600079984,0.0172965406918616,0,0,0,0,0,0.012997400519896,0,0,0,0,0,0.0002999400119976,0,0,0,0.002999400119976,0,0,0,0,0,0,0,0,0.0001999600079984,0,0,0,0,0,0,0,0,0,0,0,0,0,0,0,0,0,0,0,0,0,0,9.99800039992002e-05,0,0,0,0,0,0,0,0,0,0,0,0,0,0,0.011497700459908,0,0,0,0.0130973805238952,0,0,0,0,0,0,0,0,0,0,0.0002999400119976,0,0,0.0021995600879824,0,0,0.0002999400119976,9.99800039992002e-05,0.000699860027994401,0,0,0,0,0,0,0,0.001499700059988,0,0,0.011997600479904,0,0,0,0,0,0,0,0,0.0121975604879024,0,0,0,0.0031993601279744,0,0,0,0,0,0,0,0,0,0,0,0,0,0,0,0,0,0,0,0,0.000699860027994401,0,0,0,0,0,0,0,0,0,0,0,0,0,0.0392921415716857,0,0,0.0168966206758648,0,0,0,0,0,0,0.207058588282344,0,0.0263947210557888,0.0424915016996601,0,0,0,0,0,0,0.0107978404319136,0,0,0,0,0,0,0.0011997600479904,0,0,0.0103979204159168,0
0,0,0,0.000699091181464097,0,0.00019974033756117,9.98701687805852e-05,0,0,0.000599221012683511,0.000399480675122341,0,9.98701687805852e-05,0.0133826026165984,0.0180765005492859,0,0.000299610506341756,0,9.98701687805852e-05,0,0,0.00109857185658644,0.000798961350244682,9.98701687805852e-05,0,0.235693598322181,0,0,0.00109857185658644,0.00019974033756117,0.000998701687805852,0,0,0.0130829921102567,0,0,0.000299610506341756,0.000699091181464097,0.00019974033756117,0,0,0,0,0,0,0.00329571556975931,0,9.98701687805852e-05,0,0,0.00019974033756117,0,9.98701687805852e-05,0.000399480675122341,0.000499350843902926,0,0,0.000599221012683511,0,0.00019974033756117,0.00019974033756117,0.00359532607610107,0,9.98701687805852e-05,0,0.00019974033756117,0.00419454708878458,0,0,0.000998701687805852,0.00389493658244282,0,9.98701687805852e-05,0,0,0,9.98701687805852e-05,0,0,0.000699091181464097,0.000399480675122341,0,0.00109857185658644,0,0.00159792270048936,9.98701687805852e-05,0,0,0.00019974033756117,0.00189753320683112,0,0.000299610506341756,0,0,0,0,0,0,0.000998701687805852,0,0,0,9.98701687805852e-05,0,9.98701687805852e-05,0,9.98701687805852e-05,0.00229701388195346,0,0,0,0,9.98701687805852e-05,0.00499350843902926,0,0.00549285928293219,0,0,0.0215719564566064,0,0,0,0,0,0.0359532607610107,0,9.98701687805852e-05,0,0.00019974033756117,0,0.000699091181464097,0.0019974033756117,0,9.98701687805852e-05,0,0,0.0814940577249576,0.004094676920004,9.98701687805852e-05,0,0.000399480675122341,0,0,0,0,0,9.98701687805852e-05,0,0.000499350843902926,0,0.000399480675122341,0.00169779286926995,0,0,0,0,0,0,0,0.000798961350244682,0,0.0019974033756117,0.00918805552781384,9.98701687805852e-05,0,0,0.000699091181464097,0,0,0,9.98701687805852e-05,0,0,0,0,0,0,0.00329571556975931,0.0160790971736742,0,0.0223709178068511,0.000399480675122341,0.0033955857385399,0.00379506641366224,0.000699091181464097,0,0,0,0,0.000299610506341756,0,0.000499350843902926,0,0,0,0,0.000898831519025267,0,9.98701687805852e-05,0.0130829921102567,0,0,9.98701687805852e-05,0,0,9.98701687805852e-05,9.98701687805852e-05,0,0,0,9.98701687805852e-05,0,0,0,9.98701687805852e-05,0,0.00109857185658644,0.000699091181464097,0,0,0.00229701388195346,0.000998701687805852,0.000499350843902926,0.000699091181464097,0.00129831219414761,0,0,0.0164785778487966,0.00369519624488165,0.000499350843902926,0.0103864975531809,0,9.98701687805852e-05,0.00529311894537102,0,0,0.00019974033756117,0,0,9.98701687805852e-05,0,0,0.0053929891141516,0,0.000599221012683511,0,0,0,0,0,0,9.98701687805852e-05,0.00019974033756117,0,9.98701687805852e-05,9.98701687805852e-05,0.000399480675122341,0,0.000499350843902926,0,0.000299610506341756,0,0.00019974033756117,9.98701687805852e-05,9.98701687805852e-05,0,0,0,0.000798961350244682,0.277139718366124,0.00229701388195346,0.00219714371317288,0.00778987316488565,0,9.98701687805852e-05,0,0,0.00019974033756117,0.000299610506341756,0.0817936682312993,0,0,0.0128832517726955,0,0,9.98701687805852e-05,0,0,0.00219714371317288,0.00119844202536702,0,0,0,0,0.000299610506341756,0,0.000399480675122341,0,0,0.0026964945570758,0
0,0,0,0.000399760143913652,0.00329802118728763,0,0,0.00269838097141715,0,0.000899460323805717,0,0,0,0,0,0,0,0,9.9940035978413e-05,0.000199880071956826,0,0.00559664201479113,0.00289826104337398,0.000699580251848891,0.000199880071956826,9.9940035978413e-05,0,0,0,0.000299820107935239,0.0652608434939037,0,0,0,0,0,0.00169898061163302,0,0.00199880071956826,0,9.9940035978413e-05,9.9940035978413e-05,0,0.00799520287827304,0,0.000899460323805717,0,0.000199880071956826,0,0,0,0,0,0,0.00349790125924445,0,0,0,0,0,0.000799520287827304,0,0,0,0,0,0.00429742154707176,0,0,0,0,0,0,0,0,0,0,0,0,0.0107935238856686,0,0,0.0346791924845093,0,0,9.9940035978413e-05,0.0402758344993004,0,0,0,0,0,0,0,0,9.9940035978413e-05,0.000499700179892065,0,0.00739556266240256,0,0,0,0,0,0,0.000599640215870478,0,0.043573855686588,0.0245852488506896,0.00839496302218669,0,0,0,0.00429742154707176,0,0.0240855486707975,0,0,0,0,0.000499700179892065,0,0,0,0.000499700179892065,9.9940035978413e-05,0,0,0,0,0.00239856086348191,0.0613631820907456,0.00429742154707176,0,0,0,0.00149910053967619,0,0,0,0,0,0,0,0.0314811113332001,0,0,0.00239856086348191,0,0.000199880071956826,0,0,0,0,0,0.00249850089946032,0,0,0,0.00959424345392764,0,0,0.0155906456126324,0.135118928642814,9.9940035978413e-05,0,0.00159904057565461,9.9940035978413e-05,0,9.9940035978413e-05,0.000799520287827304,0,0,0.000699580251848891,0,9.9940035978413e-05,0,0,0.00329802118728763,0,0.00519688187087747,0,0,0,0,0,0,0,0,0,0.0162902258644813,0.00609634219468319,0,0,0,0,0,0,0,0,0,0,0,0.0354787127723366,9.9940035978413e-05,0,0,0,9.9940035978413e-05,0.000199880071956826,0.000199880071956826,0,0,0,0,0,0.0172896262242654,0.0114931041375175,0.00779532280631621,0,0,0.00259844093543874,0.00379772136717969,0,0.00179892064761143,0,0.00659604237457526,0,0.00339796122326604,0.00699580251848891,0,0,0,0.00399760143913652,0,0,0.000399760143913652,0,0,0,0,0,0,0,0.000599640215870478,0,0,0,0,0,0,0,0.00509694183489906,0,0.00569658205076954,0,0,0,0,0.00429742154707176,0,0,0,9.9940035978413e-05,0,0,0,0,0.00129922046771937,0,0,0.0111932840295823,0.0195882470517689,0,0,0.000299820107935239,0,0,0.00569658205076954,0.202078752748351,0,0,0.00839496302218669,0,0,0,0,0,0.0221866879872077,0.000599640215870478,0,0,0,0,0,0.000399760143913652,9.9940035978413e-05,0.000399760143913652,0,0.00419748151109334,0
0,0,0,0,0,0,0.00049965024482862,0.00109923053862296,0,0,9.9930048965724e-05,0,0,0.000299790146897172,0.00129909063655441,0,0.00279804137104027,0,0,0.0045967822524233,0.00649545318277206,0.00239832117517738,0,0.000599580293794344,0,0.181173178774858,9.9930048965724e-05,0,0.000799440391725792,9.9930048965724e-05,9.9930048965724e-05,0,0,0.0158888777855501,0,0,0.000399720195862896,0.0204856600379734,9.9930048965724e-05,0,0,0,0,0,0,0.144798640951334,0,9.9930048965724e-05,0,0,0.000299790146897172,0,0,0,0.00149895073448586,0,0,0,0,0.000799440391725792,9.9930048965724e-05,0.00139902068552014,9.9930048965724e-05,0,0,0,0.0100929349455381,0,0,0,0.000899370440691516,0,0,0.000299790146897172,0,0,0,0,0,0.00859398421105226,0,9.9930048965724e-05,0,0,9.9930048965724e-05,0,0.000199860097931448,0,0,0.00529629259518337,0.0291795742979914,9.9930048965724e-05,0.00969321474967523,0,0,0,0,0,0.05865893874288,0,0,0.000299790146897172,0,0,0,0,0.0110922354351954,0.00339762166483462,0.00329769161586889,0.00299790146897172,0,0,0,0.00399720195862896,0,0.00139902068552014,0,0,0.00869391426001799,0,0,0,0,0.000199860097931448,0.0800439692215449,0,0,0,0,0,0.0171879684221045,0.0140901369041671,0,9.9930048965724e-05,0,0,0.0550614569801139,0.00329769161586889,0,0,0.000899370440691516,0,0,0,0,0,0,0.0020985310282802,0,0.000299790146897172,0.00199860097931448,0.00889377435794944,9.9930048965724e-05,0.000799440391725792,9.9930048965724e-05,0,0,0,0.00189867093034876,0.0045967822524233,9.9930048965724e-05,0,0.00339762166483462,0,0,0,0,0,0,0,9.9930048965724e-05,0.000799440391725792,0,0,0,0,0,0.00589587288897772,0.00199860097931448,0.00239832117517738,0.0053962226441491,0,0,0.00099930048965724,0,0,0,0,0,0,0,0.00339762166483462,0.000199860097931448,0,0.018087338862796,0,0.000199860097931448,9.9930048965724e-05,0,0,0,0,0,0,9.9930048965724e-05,0.000699510342760068,9.9930048965724e-05,0,0,0,0,0,0.000299790146897172,0,0.00119916058758869,0,0.00369741181173179,0.00119916058758869,0.010492655141401,0,0.000199860097931448,0,0.00769461377036075,0,0.00269811132207455,0,0,9.9930048965724e-05,0.00979314479864095,0.00109923053862296,0.00889377435794944,0,0,0.0189867093034876,0,0,9.9930048965724e-05,0,0,0.000199860097931448,0,0,0,0.00359748176276606,0,9.9930048965724e-05,0.0120915359248526,0,0,0,0,9.9930048965724e-05,0,0,9.9930048965724e-05,0.00099930048965724,9.9930048965724e-05,0,9.9930048965724e-05,0.00339762166483462,0.000299790146897172,0.00169881083241731,0,0.000199860097931448,0,0,0,0,0.000699510342760068,0.000599580293794344,0.000799440391725792,0.000399720195862896,0.0145897871489957,0,0,0,0,0,0.000299790146897172,0.0641550914359948,0,9.9930048965724e-05,0.0314779654242031,0,0,0,0,0,0.000799440391725792,0.00359748176276606,0,0,0,0,9.9930048965724e-05,0.000399720195862896,0.000199860097931448,0,0.00279804137104027,0.0070950334765664,0
0,0,0,0.000399880035989203,0,0,0,0.00259922023392982,9.99700089973008e-05,0.000699790062981106,0,0,0,0,0.00109967009897031,0,0.00239928021593522,0,0,0,0.00649805058482455,0.00379886034189743,0.00109967009897031,0.000199940017994602,0.000399880035989203,0.000199940017994602,0,0,0.00269919024292712,0,0.047185844246726,0,0,0.0140957712686194,0,0,0,0.00309907027891633,0.000399880035989203,0,0.000199940017994602,0,0,0.00219934019794062,0,0.00869739078276517,0,0,9.99700089973008e-05,0,0,0,0,0,0.00289913026092172,0,0,0,0,0,0,0,0,0,0,0,0.0208937318804359,0,0,0,0.00249925022493252,0,0,0.0126961911426572,0,0,0,0,0,0.00239928021593522,0.000799760071978406,0,0.099370188943317,0,0,0,0,0,0,0.00159952014395681,0.000799760071978406,0,0.00829751074677597,0,0,0.000199940017994602,0,0,0,0,0,0,0,0,0.00719784064780566,0,0,0.229831050684795,0.00309907027891633,0.00199940017994602,0,0,0,0.00119964010796761,0,0.0315905228431471,0,0,0,9.99700089973008e-05,0,0,0,0,0.00279916025192442,0.000499850044986504,0,0,0,0.00739778066580026,0.00339898030590823,0.00979706088173548,0,0,0,0,0.0503848845346396,0,0,0,0.0155953214035789,0,0,0,0,0,0,0.00619814055783265,0,0.000399880035989203,0.00259922023392982,0.00809757072878137,0,0,9.99700089973008e-05,0,0,0,0.00979706088173548,0.0149955013495951,0,0,0,0,0,0,0,0,0,0.00259922023392982,0,0,0,0,0,0,0,0,0.00679796061181645,0,0.0104968509447166,0,0,0.000599820053983805,0,0,0,0,0.00509847045886234,0,0,0.00549835049485154,9.99700089973008e-05,0,0.00379886034189743,0,0.00359892032390283,9.99700089973008e-05,0,0,0,0,0,0.000199940017994602,0.0135959212236329,0,0,0,9.99700089973008e-05,0,0,0,0,0,9.99700089973008e-05,0,0.0284914525642307,0,0.00839748075577327,0,0,0,9.99700089973008e-05,9.99700089973008e-05,0.00239928021593522,0,0,0,0.000599820053983805,0.00199940017994602,0,0,0,0.00209937018894332,0,0,0.000899730080975707,0,0,0,0,0.000599820053983805,0,0,0.026592022393282,0,0,9.99700089973008e-05,0,0,9.99700089973008e-05,0.000199940017994602,0,0,0,0,0,0,0.000499850044986504,0.00109967009897031,0,0.00139958012596221,0,0,0,0,0,0.000199940017994602,0,0.000499850044986504,0,0,0.0469859042287314,0.00139958012596221,0,0,0,0,0.00109967009897031,0.129761071678496,0,0,0.0161951414575627,0,0,0,0,0,0,0,0,0,0,0,0.0159952014395681,0,9.99700089973008e-05,0,0,0.00169949015295411,0
0,0,0,0,0,0,9.99600159936026e-05,0,0,0,0,0,0,0,0.00259896041583367,0.000199920031987205,0,0,0,0,0,0.00199920031987205,9.99600159936026e-05,0.00749700119952019,0,0,0,0,0.00039984006397441,0.00609756097560976,0.0627748900439824,0,0,0.00519792083166733,0,0,0,9.99600159936026e-05,0,0,0,0,0,0,0,0,0,0,0,0,0,0,0,0,0,0,0,0,0,0,0,0,0,0,0,0,0,0,0,0.0038984406237505,0,0,0,0,0,0,0,0,0,0,0,0,0.0179928028788485,9.99600159936026e-05,0,9.99600159936026e-05,0,0,0,0.000499800079968013,0,0.000199920031987205,0,0,0,0.00239904038384646,0,0,0,0,0,0,0,0,0,0,9.99600159936026e-05,0.53828468612555,0,0,0,0,0,0,0,0,0,0,0.00729708116753299,0,0,0,0,0,0,0,0,0,0,0,0,0,0,0.0224910035985606,0,9.99600159936026e-05,0.000299880047980808,0,0,0,0,0,0,0,0,0,0.00239904038384646,0.000199920031987205,0,0,0.000999600159936026,0,0,0.00269892043182727,0,0,0.00209916033586565,0,0,0,0,0,0,0,0,0,0,0.0101959216313475,0,0.000199920031987205,0.00229908036785286,0,9.99600159936026e-05,0,0.00129948020791683,0,0,0.000199920031987205,0.00229908036785286,0,0,0,0,0,0.00039984006397441,0.000699720111955218,0,0,0,0,0,0,0,0.00199920031987205,0,0,0,0,0,0,0,0,0,0.00809676129548181,0.136645341863255,0.0396841263494602,0,0,0,0,0,0,0,0,9.99600159936026e-05,0,0,0.00039984006397441,0,0,0.00329868052778888,0.00319872051179528,0,0,0,0,0,0,0,0,0,0,0,0.00959616153538585,0,0,9.99600159936026e-05,0.000199920031987205,0,0,0,0,0.00339864054378249,0,0.0120951619352259,0.0262894842063175,0,0,0,0,9.99600159936026e-05,9.99600159936026e-05,0,0,0,0.000499800079968013,0,0,0.00159936025589764,0.000299880047980808,0,0,0,0,0.000299880047980808,0,0,0,0.000199920031987205,0.00319872051179528,0,0,0.0161935225909636,0,0,0,0,0,0,0.0205917632946821,0,0,0,0,0,0,0,0,0,0.000299880047980808,0,0,0,0,0,0,0.00079968012794882,0,0,0.0037984806077569,0
0.000800240072021606,0,0.000700210063018906,0.000900270081024307,0,0.000200060018005402,0.00750225067520256,0,0,0,0,0,0.000200060018005402,0,0.166850055016505,0,0.0190057017105132,0,0,0,0,0.011703511053316,0,0,0,0.00640192057617285,0,0,0.00330099029708913,0.00740222066619986,0,0,0,0,0,0,0,0.000300090027008102,0,0,0.000300090027008102,0,0,0,0,0,0,0,0,0,0.000200060018005402,0,0,0.00150045013504051,0,0,0,0,0,0,0,0,0.00310093027908373,0,0,0,0.0522156646994098,0,0.00160048014404321,0,0,0,0,0,0,0,0,0,0,0.00550165049514854,0,0,0,0,0,0.000400120036010803,0,0.000500150045013504,0,0.00930279083725117,0,0.0136040812243673,0.0390117035110533,0,0,0.00410123036911073,0,0,0,0,0,0.00450135040512154,0,0,0,0,0,0,0,0,0,0,0,0,0,0.0128038411523457,0,0,0.0853255976793038,0,0,0,0,0,0,0,0,0,0,0,0.00250075022506752,0,0,0,0,0,0.00810243072921877,0,0,0,0.225267580274082,0,0,0,0,0,0.000400120036010803,0,0,0,0,0,0.000300090027008102,0,0.00210063018905672,0,0,0,0,0,0,0,0,0,0,0,0,0,0,0,0.000700210063018906,0,0,0,0,0,0,0.0112033610083025,0,0,0,0,0,0,0,0.000200060018005402,0,0,0,0,0,0,0.000500150045013504,0.000400120036010803,0,0,0,0,0,0,0,0,0,0,0,0.0479143743122937,0,0.000400120036010803,0.000200060018005402,0.00130039011703511,0,0,0,0,0,0,0,0,0,0,0,0,0,0,0.00380114034210263,0,0,0.00300090027008102,0,0,0,0,0,0.0944283284985496,0,0,0,0,0,0.0111033309992998,0,0,0,0,0.00150045013504051,0,0,0,0,0,0,0,0,0,0.00270081024307292,0.00230069020706212,0.00130039011703511,0,0,0,0,0,0,0.000300090027008102,0,0,0,0,0,0.0285085525657697,0,0,0.0431129338801641,0,0,0,0,0.00110033009902971,0,0.00620186055816745,0,0,0.00630189056717015,0,0,0.000200060018005402,0,0,0.0138041412423727,0,0,0,0,0,0,0,0.000700210063018906,0,0,0.0189056717015105,0
0,0,0,0,0,0,0.0048995100489951,0,0,0.0018998100189981,0,0,0,0,0.0024997500249975,0.0002999700029997,0.0003999600039996,0,0,0.0003999600039996,0,0.0004999500049995,0,0,0,0.18978102189781,0,0,0.0033996600339966,0.001999800019998,0,0,0,0.0028997100289971,0,0,0.0008999100089991,0.0003999600039996,0,0,0,0,0,0,0,0.000999900009999,0,0,0,0,0,0,0,0,0,9.99900009999e-05,0,0,0,9.99900009999e-05,0.0001999800019998,0,0,0,0,0,0,0,0,0,0,0.0004999500049995,0,0,0,0,0,0,0,0,0,0,0,0,0,0.0040995900409959,0,0,0,0.0078992100789921,0,9.99900009999e-05,0,0,0,0,0.0005999400059994,0,0.001999800019998,0,0,0.0041995800419958,0,0,0,0,9.99900009999e-05,0.0087991200879912,0,0.0068993100689931,0,0,0,0.0008999100089991,0,0.0126987301269873,0,0,0.0091990800919908,0,0,0,0,0.0006999300069993,0.0014998500149985,0,0,0,0,0,0.0004999500049995,0.0085991400859914,0,0,0.00999900009999,0,0.224877512248775,0,0,0,0.0004999500049995,0,0,0,0,0,0.0001999800019998,0.0073992600739926,0.0017998200179982,0,0,0.0020997900209979,0,0,9.99900009999e-05,0,0,0,0,9.99900009999e-05,0,0,0,0,0,0.0007999200079992,0,0,0,0.0013998600139986,0,0,9.99900009999e-05,0,0,0,0,0,0,0.0022997700229977,0.0146985301469853,0,0,0.0023997600239976,0.000999900009999,0,0,0,0,0,0,0.0027997200279972,0.0006999300069993,0,0,0,0.0003999600039996,0,0,0,0,0,0,0,0,0.0010998900109989,0.0027997200279972,0,0.0001999800019998,0,9.99900009999e-05,0,0,0,9.99900009999e-05,0,0,0,0.0183981601839816,0,0,0,0,0,0,0,0,0,0,0.0005999400059994,0,0.0007999200079992,0,0.0246975302469753,0,0,0,0,0,0.0001999800019998,0,0,0,0,0,0,9.99900009999e-05,0,0,0,0,9.99900009999e-05,0.0024997500249975,0,0.0002999700029997,0.0001999800019998,0.0008999100089991,0,0.0001999800019998,0,0.0006999300069993,0,0,0.0001999800019998,9.99900009999e-05,0,0,0,0,0.0971902809719028,0,0,0.105389461053895,0,0,0,9.99900009999e-05,0,9.99900009999e-05,0.183881611838816,0.0004999500049995,0,0.0001999800019998,0,0,0,0,0,0.0002999700029997,0.0003999600039996,0,0,0,0,0,0,0.0005999400059994,0,0,0.0023997600239976,0
0,0,0,0,0,0,9.99700089973008e-05,0,0,0.00219934019794062,0,0,0,0,0.000899730080975707,0,9.99700089973008e-05,0.000499850044986504,0,0.000199940017994602,0.00179946016195141,0.00169949015295411,0.000599820053983805,0,0,0.165050484854544,0,0,0.0217934619614116,0.000399880035989203,0.0417874637608717,0.0200939718084575,0,0.0115965210436869,0,0,0,0.0201939418174548,0,0,0,0.000699790062981106,0,0,0,0.00809757072878137,0,0.000499850044986504,9.99700089973008e-05,0,0.000299910026991902,0,0,0,0.000599820053983805,0,0,0,0,0.00869739078276517,0.000199940017994602,0.00339898030590823,0,0,0,0,0.0120963710886734,0,0,0.00309907027891633,0,9.99700089973008e-05,0,0.000399880035989203,0,0,0,0,0,0.00749775067479756,0.00209937018894332,0,0.0159952014395681,0.000499850044986504,0,9.99700089973008e-05,0,0,0.000599820053983805,0.00229931020693792,0,0,0.000699790062981106,0.00469859042287314,0,0.00169949015295411,0,0,0.00429871038688393,0,0,0,0,0,0.000799760071978406,0,0.000799760071978406,0.0951714485654304,0.00669799060281915,0.00589823053084075,0,9.99700089973008e-05,0,0.000599820053983805,0,0.0103968809357193,0.00319904028791363,0,0.00579826052184345,0,0,0,0.00709787063880836,9.99700089973008e-05,0.000999700089973008,0.00189943017094872,0,0,9.99700089973008e-05,0,0.00129961011696491,0.0109967009897031,0.000899730080975707,0,0,0,0.0301909427171848,0,0,0,0.000399880035989203,0,0,0,0,0.023592922123363,0.00189943017094872,0.00109967009897031,0,0.000899730080975707,0.00199940017994602,0.00189943017094872,0,0,0,0,0,0,0,0.00329901029691093,0,0,0.0114965510346896,0.0376886933919824,0,0,0.00199940017994602,0,0,0,0.000399880035989203,0,9.99700089973008e-05,0,0.000999700089973008,0.000299910026991902,0,0,0.00639808057582725,0.00269919024292712,0.00609817054883535,0.00289913026092172,0,0.000899730080975707,0.00389883035089473,0,0,0.0184944516645007,0,0.000299910026991902,0,0.000699790062981106,0,0,0,0,0.0191942417274818,0,0,0,0,0,0.00449865040487854,0.0189943017094872,0.00119964010796761,0.00209937018894332,9.99700089973008e-05,9.99700089973008e-05,0,0.000299910026991902,0,0.00529841047685694,0.00129961011696491,0.000199940017994602,0,0,0.010296910926722,0.000999700089973008,0,0,0.00339898030590823,0.00249925022493252,0,0,0,9.99700089973008e-05,0,9.99700089973008e-05,0.00369889033290013,0.00199940017994602,0.00289913026092172,0,0,0.00739778066580026,0,0,0,0,0.000199940017994602,0,9.99700089973008e-05,0,0,0.000799760071978406,0,0.01629511146656,0,0,0,0,0.012296311106668,0,0.00139958012596221,0,0.000499850044986504,9.99700089973008e-05,0,0,0,0,0,0,0,9.99700089973008e-05,0,0,0,0,0.0128961311606518,0.000999700089973008,0,0.000599820053983805,0.000899730080975707,0,0,0,9.99700089973008e-05,0.000699790062981106,0.00239928021593522,0.156053184044787,0,0,0.00669799060281915,0,0,0,0,0,0.00809757072878137,9.99700089973008e-05,0.00389883035089473,0,9.99700089973008e-05,0,9.99700089973008e-05,0,0.000399880035989203,0.00449865040487854,9.99700089973008e-05,0.00159952014395681,0
0,0.0059005900590059,0,0.0035003500350035,0,0,0,0,0,0,0,0,0,0.0099009900990099,0.0025002500250025,0,0,0,0,0.0002000200020002,0,0,0.0066006600660066,0,0,0.0018001800180018,0,0,0.0199019901990199,0.0007000700070007,0,0,0,0,0,0,0,0.05000500050005,0,0,0,0,0,0,0.002000200020002,0.0384038403840384,0,0,0.0013001300130013,0,0,0,0,0,0,0,0,0.0024002400240024,0,0,0,0,0,0,0,0,0.0018001800180018,0,0,0,0,0,0,0,0,0,0,0,0,0,0,0,0,0,0,0.0003000300030003,0.0216021602160216,0,0.0008000800080008,0,0,0,0.0324032403240324,0,0,0,0,0,0.0178017801780178,0,0,0,0,0,0,0,0.0212021202120212,0.018001800180018,0.0186018601860186,0,0,0,0.0347034703470347,0.0031003100310031,0,0,0,0,0,0.0014001400140014,0,0,0,0.0004000400040004,0.0026002600260026,0,0,0,0,0,0.0394039403940394,0,0,0,0,0,0.0158015801580158,0.0061006100610061,0,0,0,0,0,0,0,0,0,0.0062006200620062,0,0,0,0.005000500050005,0,0,0.0155015501550155,0,0,0,0,0,0.0004000400040004,0,0.031003100310031,0,0,0,0.0226022602260226,0,0,0,0,0,0,0,0,0,0,0,0,0,0.0152015201520152,0,0,0.0121012101210121,0,0,0,0,0,0,0,0.0078007800780078,0,0,0,0,0,0,0,0,0,0,0,0,0,0,0,0,0,0,0,0,0,0,0,0,0,0,0,0,0,0,0,0,0.0044004400440044,0,0,0.002000200020002,0,0.0068006800680068,0,0,0,0.036003600360036,0,0,0,0,0,0,0,0,0,0,0,0,0,0,0,0,0,0,0,0,0,0,0.0003000300030003,0,0,0,0,0,0,0.0005000500050005,0,0,0,0,0,0.0167016701670167,0,0,0.0335033503350335,0,0,0,0,0,0,0.244524452445245,0,0,0.118111811181118,0,0,0,0,0,0,0,0,0,0,0,0.0379037903790379,0,0.0007000700070007,0,0,0.0016001600160016,0
0,0,9.99200639488409e-05,0.000499600319744205,0.00249800159872102,0,0,0,0,0.000799360511590727,0,0,0,0,0.000599520383693046,0,9.99200639488409e-05,0,0,0.000899280575539568,0,0.000299760191846523,0,0,0.00299760191846523,0.255595523581135,0,0,0,9.99200639488409e-05,0.000199840127897682,0,0,0.00899280575539568,0.000999200639488409,0.00189848121502798,0.000399680255795364,0.00909272581934452,0.000299760191846523,0,0,0.000399680255795364,0,0.00889288569144684,0,0.160071942446043,0,9.99200639488409e-05,0,0.000199840127897682,0.000199840127897682,0,0,0,0.000499600319744205,0,0,0,0,0.000999200639488409,0.000699440447641887,0.00379696243005596,0,0,0,0,0.00999200639488409,0,0,0,0.00239808153477218,0,0,9.99200639488409e-05,0.0593525179856115,0,0,0,0,0.0016986410871303,0.00119904076738609,0,0.000399680255795364,0,0.00199840127897682,0,0,0,0.000899280575539568,0.000399680255795364,9.99200639488409e-05,0.00119904076738609,0,0,0.000199840127897682,0.000399680255795364,0,0,0.0021982414068745,0,0.00159872102318145,0,0,0.00119904076738609,0.000899280575539568,0.000399680255795364,9.99200639488409e-05,0.00509592326139089,0.0122901678657074,0.0606514788169464,0,0.0158872901678657,0.0136890487609912,0.000399680255795364,0,0.00369704236610711,0.000799360511590727,0,0.00599520383693046,0,0.000399680255795364,0.000899280575539568,0,0,0.00109912070343725,0.00259792166266986,0,0,9.99200639488409e-05,0.000699440447641887,0.000699440447641887,9.99200639488409e-05,9.99200639488409e-05,9.99200639488409e-05,0,0,0.0157873701039169,0.00349720223820943,0,0,0.000899280575539568,0,0,0,0,0,0,0.00199840127897682,0,9.99200639488409e-05,0.00149880095923261,0.00359712230215827,0,0,0,0,0,0,0.000799360511590727,0.00289768185451639,0,0,0.0186850519584333,0.0321742605915268,0,0,0.00199840127897682,0,0,0,0.000299760191846523,0,0,0,0.000499600319744205,0,0,0.00409672262190248,0.0225819344524381,0,0.0222821742605915,0,0,0.000999200639488409,0,0,0,0,0.0038968824940048,0,0,0.000799360511590727,0,0,0,0,0.0021982414068745,0.000299760191846523,0,0,0,0,0,0.00329736211031175,0.0110911270983213,0.00109912070343725,0,0,0,9.99200639488409e-05,0,0,0.00379696243005596,9.99200639488409e-05,0.000199840127897682,0,0.00759392486011191,0.000999200639488409,0,0,0,9.99200639488409e-05,9.99200639488409e-05,9.99200639488409e-05,0.0016986410871303,0,0,0,0.00709432454036771,0.000499600319744205,0.0038968824940048,0,0.000299760191846523,0.00249800159872102,0,0,0.000499600319744205,0,0,0,0,0,0.00839328537170264,0,0,9.99200639488409e-05,0,0,0,0.000599520383693046,0.0500599520383693,9.99200639488409e-05,0.000799360511590727,0,9.99200639488409e-05,0,0,0,0.000199840127897682,0.000599520383693046,0.000899280575539568,0.00149880095923261,0,9.99200639488409e-05,9.99200639488409e-05,0,0,0.00399680255795364,0,0.000499600319744205,0,0.000599520383693046,0.00459632294164668,0,0,0,0,0,0.000799360511590727,0.0281774580335731,0,0,0.0113908872901679,0,0,0,0,0,0.00489608313349321,0.00619504396482814,0,0,0,0,0.000499600319744205,0,0,0.00569544364508393,0,0.00759392486011191,0.000299760191846523
0,0,0,0,0,0,0.0013997200559888,0,0,0,0,0,0,0,0,0,0,0,9.99800039992002e-05,0,0,0.0016996600679864,0,0,0,0.103379324135173,0,0,0,0,0.0422915416916617,0,0,0.00709858028394321,0,0,0,0.0245950809838032,0,0,0,0,0,0.0237952409518096,0,0.0674865026994601,0,0,0,0,0,0,0,0,0,0,0,0,0,0,0,0,0,0,0,0,0.00369926014797041,0,0,0.0103979204159168,0.00549890021995601,0,0,0,0,0,0,0,0,0.0148970205958808,0,0,0,0,0,0,0,0,0,0,0,0.000499900019996001,0,0,0,0,0,0,0,0,0,0,0,0,9.99800039992002e-05,0,0,0.0306938612277545,0,0,0,0,0,0.0013997200559888,0,0,0,0,0.0012997400519896,0,0,0,0,9.99800039992002e-05,0,0,0,0,0.0001999600079984,0,0,0,0,0,0,0,0,0,0,0,0,0,0,0,0,0,0,0,0,0,0.0027994401119776,0,0,0.0010997800439912,0,0,0,0,0,0.0173965206958608,9.99800039992002e-05,0,0,0.248050389922016,0,0,0,0,0,0,0,0,0,0,0,0,0,0.00679864027194561,0.00369926014797041,0,0,0,0,0.0018996200759848,0.0002999400119976,0,0,0,0,0,0,0.00569886022795441,0,0,0,0,0,0,0,0,0,0,0,0.0002999400119976,0,0,0,0,9.99800039992002e-05,0,0,0.00679864027194561,0,0,0.0002999400119976,0,0.00409918016396721,0.0016996600679864,0,0,0.002999400119976,0,0,0,0,0.000999800039992002,0,0,0.00509898020395921,0,0.0488902219556089,0,0,0.011497700459908,0,0,9.99800039992002e-05,0,0,9.99800039992002e-05,0,0,0,0,0,9.99800039992002e-05,0,0,0,0,0,0.000399920015996801,0,9.99800039992002e-05,0,0,0,0,0,0.0212957408518296,0,0,0,9.99800039992002e-05,0.00499900019996001,0,0,0,0,9.99800039992002e-05,0,0,0.001499700059988,0,0,0,0,9.99800039992002e-05,0,0.220755848830234,0,0.0001999600079984,0.031493701259748,0,0,0,0,0,0,0,0,0,0,0,0,0,0,0,0,0.00739852029594081,0
0,0,0,0,0,0,0.00109901089019882,0.00119892097112599,0,0,0,0,0,0.00989109801178939,0.000999100809271655,0,0.00159856129483465,0.000299730242781497,0,0,9.99100809271655e-05,0.00179838145668898,0,0.000199820161854331,0,0.00629433509841143,0,0,0.000499550404635828,0.000699370566490159,0,0,0,0.0057947846937756,0.000299730242781497,0,0.00219802178039764,0.000599460485562993,9.99100809271655e-05,0,0,0,0,0,0,0.000299730242781497,0,0,9.99100809271655e-05,0,0.000199820161854331,0,0,0,0,0,0,9.99100809271655e-05,0,0.00399640323708662,0.000199820161854331,0.000499550404635828,9.99100809271655e-05,0,0.000699370566490159,9.99100809271655e-05,9.99100809271655e-05,0,0,0.000199820161854331,0,0,0,0.000399640323708662,0,0,0,0,0,0.000499550404635828,0,0.000299730242781497,0.000199820161854331,0,0.000999100809271655,9.99100809271655e-05,0,0,0,0.00159856129483465,0.0384653811569587,0.00089919072834449,0.0961134978519333,0,0,0.00089919072834449,0,0,0,0,0,0,0,0,0,0,0,0.0345688880007993,0,0,0,0,0,0,0,0,0,0,0.00249775202317914,0,0,0,0,9.99100809271655e-05,0.05674892596663,0.00119892097112599,0,0,0,0,0,0.00119892097112599,0,0.00089919072834449,9.99100809271655e-05,0,0.329403536816865,0,0,0,0.000299730242781497,0,0,0,0,0,0.000799280647417324,0,0,0,9.99100809271655e-05,0,0,0,0,0,0,9.99100809271655e-05,0.00109901089019882,0.00529523428913977,0,0,0,0,0,0,0,0,0,0,0.000599460485562993,0,0.000499550404635828,0,0,0,0,0.000299730242781497,0.0215805774802678,0,0,0,0,0,0.000399640323708662,0,9.99100809271655e-05,0,0,0,9.99100809271655e-05,0.000999100809271655,9.99100809271655e-05,0,0,0,0,0,0,0.0106903786592067,0,0,0,0.0060945149365571,0,0.000299730242781497,0,0,0,0.000699370566490159,0,0,0.000199820161854331,0,0.000199820161854331,0,0.00359676291337796,0.000199820161854331,0.00429613347986812,0,0.00179838145668898,0,0,0,0,0,0,0,0,0,0.00269757218503347,9.99100809271655e-05,0,0.0471575581976221,0,0,0,0,0,0.00529523428913977,0,0,0,0,0.000299730242781497,0.00499550404635828,0,9.99100809271655e-05,0,0,0.00769307623139175,0.000199820161854331,0,0,0,0.000399640323708662,0,0,0,9.99100809271655e-05,0,0,0,9.99100809271655e-05,0,0,0,0,0,0.00089919072834449,9.99100809271655e-05,9.99100809271655e-05,0.0908182635627935,0,9.99100809271655e-05,0,0,0,0,0.148066739934059,9.99100809271655e-05,0,0.0086921770406634,0,0,0,0,0,0.000199820161854331,0.00439604356079528,0,0,0,0,0,0,0.00209811169947048,0,0,0.00739334598861025,0
0.000399920015996801,0,0,0,0,0,0.000699860027994401,0,0,0,0,0,0,0,0.0357928414317137,0,0.0125974805038992,0,0,0,0,0,0.000599880023995201,9.99800039992002e-05,0.000499900019996001,0.0821835632873425,0,0,0.0001999600079984,0.00809838032393521,0,0,0,0.00359928014397121,0,0,0.000799840031993601,0,0.000399920015996801,0,0,0,0,0,0,0.0240951809638072,0,0,0.000399920015996801,0,0,0,0,0,0,0,0,0.000899820035992801,0,0.0031993601279744,9.99800039992002e-05,0.0001999600079984,0,0,0,0,0.00489902019596081,0,0.0002999400119976,0,0.000899820035992801,0,0,0,0,0,0,0,0,0,0,0.000399920015996801,0,0,0.00409918016396721,9.99800039992002e-05,0,0,0,0.015496900619876,0,0.0026994601079784,0,0,0,0,0,0,0,0,0,0,0,0,0,0,0.0001999600079984,0.0245950809838032,0,0,0,0,0.000799840031993601,0.00589882023595281,0,0,0,0,0.016996600679864,0.000799840031993601,0,0,0,0,0.137272545490902,0,0,0,0,0,0,0.0002999400119976,0,9.99800039992002e-05,0,9.99800039992002e-05,0.00249950009998,0,0,0,0.0012997400519896,0,0,0,0,0,0,0,0,9.99800039992002e-05,0.0023995200959808,0,0,9.99800039992002e-05,0,0,0,0,0.000399920015996801,9.99800039992002e-05,0,0,0,0,0,0,0,0,0,0,0,0,0,0,0,0,0,0.00709858028394321,0.00919816036792642,0,0,0,0,0,0,0,0,0,0,0,0,0.02749450109978,9.99800039992002e-05,0,0,0,0,0,0,0,0,0,0,0.000699860027994401,0,0,0,0,0,0,0,0,0,0,0.0002999400119976,0,0,0,0,0,0.00569886022795441,0,0,0.0002999400119976,0,0.0018996200759848,0,0,0.00509898020395921,0,0.0121975604879024,0,0,0.0762847430513897,0,0,0,0,0,0,0,0,0.00369926014797041,0,0,0,0,0,0,0,0.0001999600079984,0,0,9.99800039992002e-05,0,0,0,0,0,0,0,0,0,0,0,0,0,0,0,0.0507898420315937,0,0,0.0873825234953009,0,0.0001999600079984,0,0,0,0,0.184363127374525,0,0,0.0348930213957209,0,0,0,0,0,0.0002999400119976,0,0,0,0,0,0,0,0.0275944811037792,0,0,0.0663867226554689,0
0,0,0,0,0,0,0.000899370440691516,0.00129909063655441,0,0,0,9.9930048965724e-05,0,0,9.9930048965724e-05,0,0,0,0,9.9930048965724e-05,0.000599580293794344,0.00219846107724593,0,0.000799440391725792,0,9.9930048965724e-05,0,0,9.9930048965724e-05,0.000299790146897172,0.00849405416208654,0.0206855201359049,9.9930048965724e-05,0.00329769161586889,0,0,9.9930048965724e-05,0.00379734186069751,0,9.9930048965724e-05,0,0,0,0.00299790146897172,0,0.0100929349455381,0,0.000199860097931448,0,0,0,0,0,0,0.00269811132207455,0,0,0.000399720195862896,0,0.00899370440691516,0,0,0,0,0,9.9930048965724e-05,0.0508643949235535,0,0,0.00309783151793744,0.000399720195862896,0,0,0.000599580293794344,0,0,0,0,0,0.0284800639552313,0,0,0.0526631358049365,0,0.00399720195862896,9.9930048965724e-05,0,0.0355750974317977,0.000199860097931448,0.00199860097931448,0,9.9930048965724e-05,0,0,0,0,0,0,0.00329769161586889,0,0,0,0.000599580293794344,0,0,0.000399720195862896,0.0108923753372639,0.229639252523234,0.000299790146897172,0,9.9930048965724e-05,0,0,0.00719496352553213,0.000299790146897172,0,0,0,0.00679524332966923,0,0,0,0,9.9930048965724e-05,0.000699510342760068,0,0,0.00119916058758869,0,0,0.000399720195862896,0.0377735585090437,0,0,0,0,0.000399720195862896,0,0,9.9930048965724e-05,0.00259818127310882,0,0,0,0,0,0.00239832117517738,0,0,0,0.000299790146897172,9.9930048965724e-05,0,0.00469671230138903,0,0,0,0,0.000699510342760068,0.00399720195862896,0,0,0,0.0268811831717798,0,0,0,0,0,0,0.000299790146897172,0,0,0,0,0,0,0,0.0207854501848706,9.9930048965724e-05,0,0,0,0,0.0049965024482862,0,0,0.00719496352553213,0,0,0.0101928649945038,0.00449685220345758,9.9930048965724e-05,0,0,0,0,0,0,0,0.000599580293794344,0,0,0.116618367143,0,0.0020985310282802,9.9930048965724e-05,0,0,9.9930048965724e-05,0,0,0.000399720195862896,9.9930048965724e-05,0,0.000799440391725792,0.00839412411312082,0,0.0117917457779554,0.000199860097931448,0,0,0,0,0,9.9930048965724e-05,0,0,0.00099930048965724,0.000299790146897172,0.00299790146897172,0,0,0.0129909063655441,0,0,0,0,0,0.000799440391725792,0,0,0,0,0,0,0,0,0,0,0.00929349455381233,0.000199860097931448,0.00169881083241731,0,0.00199860097931448,9.9930048965724e-05,0,9.9930048965724e-05,0.000299790146897172,0,0.00099930048965724,0,0,0.000199860097931448,0,0,0,0,0,9.9930048965724e-05,0,0.000799440391725792,0.00469671230138903,0,0.000199860097931448,0,0,0,0.000199860097931448,0.164884580793445,0,0,0.0020985310282802,0,0,0,0,9.9930048965724e-05,0.00329769161586889,0,0.00229839112621165,0,9.9930048965724e-05,0,0.00889377435794944,0.000199860097931448,0.00049965024482862,0,0,0.000599580293794344,0
0,0,0,0,0,0,0,0.000899640143942423,0,0,0,0,0,0.00239904038384646,0.00599760095961615,0,0,0,0,0,0,0.0038984406237505,0,0,0,0.194622151139544,0,0,0.000899640143942423,0.00519792083166733,0,0,0,0.00919632147141144,0,0,0,0.007796881247501,0,0,0,0,0,0,0,0.0183926429428229,0,0,0,0,0,0,0,0,0,0,0,0,0.000199920031987205,0.0230907636945222,0,0,0,0,0,0,0,0,0,0,0.00039984006397441,0,0,0.00159936025589764,0,0,0,0,0,0.0191923230707717,0,0,0,0,0,0,0,0,0,0.00289884046381447,0,0.000199920031987205,9.99600159936026e-05,0,0,0,0,0,0.00499800079968013,0,0,0.000499800079968013,0,0,0,0,0,0.273690523790484,0.0129948020791683,0,0,0,0,0.00449820071971212,0,0,0,0,0.0127948820471811,0,0,0,0,0,0.0037984806077569,0,0,0,0,0,0.00319872051179528,0.0167932826869252,0,0,0,0,0.00529788084766094,0,0,0,0.0403838464614154,0,0,0,0,0,0,0,0.00039984006397441,0,0,0,0,0,0,0,0,0,0,0.00209916033586565,0,0,0,0.00219912035185926,0,0,0.00199920031987205,0,0,0,0,0.00129948020791683,0,0,0,0,0,0,0.0232906837265094,0,0.0159936025589764,0,0,0.00109956017592963,0.00469812075169932,0,0.00159936025589764,0,0,0,0,0.0104958016793283,0,0,0,0,0.00229908036785286,0,0,0,0,0,0,0,0,0.0341863254698121,0,0,0,0,0,0,0.000299880047980808,0,0,0,0.00469812075169932,0,0,0,0,0,0,0,0.00369852059176329,0.000499800079968013,0,0,0.00039984006397441,0.00039984006397441,0.0120951619352259,0,0,0.0590763694522191,0,0,0,0,0,0,0,0,0,0,0.0138944422231108,0,0,0,0,0,0,0,0,0,0,0,0.0141943222710916,0,0.00139944022391044,0.000299880047980808,0.000599760095961615,0,0,0.00279888044782087,0,0,0,0,0,0.00619752099160336,0,0.00469812075169932,0.0037984806077569,0,0,0,0,0,0.00239904038384646,0.0205917632946821,0,0,0.0336865253898441,0,0,0.0265893642542983,0,0,0.000699720111955218,0,0,0,0,0,0,0,0.000499800079968013,0,0,0.00889644142343063,0
0,0,0,0,0,0,0,0.00379924015196961,0,0,0,0.0012997400519896,0,0.00489902019596081,0.0328934213157369,0,0,9.99800039992002e-05,0,0.000799840031993601,0.00669866026794641,0.0028994201159768,0,0,0,0.0504899020195961,0,0,0,0,0.0001999600079984,0,0,0.00969806038792242,0,0,9.99800039992002e-05,0.00719856028794241,0.0001999600079984,0,0,9.99800039992002e-05,0,0.00389922015596881,0,0.0454909018196361,0,0,0,0,0,0,0,0,0.00519896020795841,0,0,0,0,0.0150969806038792,0,0,0,0,0,0,0.00389922015596881,0,0,0,0.001999600079984,0,0,0,0,0,0,0,0,0.0147970405918816,0.0002999400119976,0,0,0,0.00669866026794641,0,9.99800039992002e-05,0,0,0.0012997400519896,0,0,0.000399920015996801,0,0.000599880023995201,0,0,0,0.00719856028794241,0,0,0,0,0,0.0002999400119976,0,0,0.125874825034993,0,0.013997200559888,0,0,0,0.0220955808838232,0,9.99800039992002e-05,0,0,0.0101979604079184,0.0002999400119976,0,0.00769846030793841,0,0.0002999400119976,0.00929814037192562,0.0136972605478904,0,0,0.0020995800839832,0,0.0010997800439912,0.0373925214957009,0,0,0,0,0.0171965606878624,0,0,0,0,0,0,0,0,0,0,0,0,0,0.000599880023995201,0.00589882023595281,0,0,9.99800039992002e-05,0,0,0,0.000699860027994401,0.0018996200759848,0,0,0,0.121175764847031,0,0,0,0,0,0,0,0,0,0,0,0,0,0,0,0,0,0,0,0,0,0,0,0.0265946810637872,0,0,0,0.00659868026394721,0,0,0,0,0,0,0,0,0,0,0,0,0,0,0,0,0.000399920015996801,0,0,0,0,0.000399920015996801,9.99800039992002e-05,0,0.0172965406918616,0.00349930013997201,0.0323935212957408,0.0017996400719856,0,0,0,0,0,0.0002999400119976,0,0,0.0131973605278944,0.000599880023995201,0.0200959808038392,0,0,0.00679864027194561,0,0,0,0,0,0,0,0.00339932013597281,0,0,0,0,0,0,0,0,0,0,0,0,0.0027994401119776,0.0013997200559888,0,0,0.000899820035992801,9.99800039992002e-05,0,0,0,0.0015996800639872,0,0,0,0,0,0,0,0,0.0382923415316937,0,0,0,0,0,0.000599880023995201,0.185862827434513,0,0,0.000599880023995201,0,0,0,0,0,0,0.00489902019596081,0,0,0,0,0,0,0.000799840031993601,0.00689862027594481,0,0.0013997200559888,0
0,0,0,0,0,0,0.000199900049975012,0,0,0,0,0,0,0,0.000399800099950025,0,0,0,0,0,0,0,0.000299850074962519,0.00109945027486257,0,0,0,0,0.00279860069965018,0.0015992003998001,0.0655672163918041,0,0,0,0,0,0,0.140829585207396,0,0,0,0,0,0,0,0,0,0,0,0.00309845077461269,0,0,0,0,0,0,0,0,0,0,0,0,0,0,0,0,0,0,9.99500249875062e-05,0,0,0,0,0,0.000499750124937531,0,0,0,0,0.0395802098950525,0,0,0,0,0,0,0,0,0,0,0,0.00309845077461269,0.000199900049975012,0,0,0,0.000999500249875062,0,0,0,0,0,0,0,0,0,0,0.24767616191904,0,0,0,0,0,0,0,0,0,0,0.0110944527736132,0,0,0,0,0,0,0,0.00349825087456272,0,0,0,0,0,0,0,0,0.000199900049975012,0,0,0,0,0,0,0,0,0,0,0,0,0,0,0.00189905047476262,0,0,0,0,0,0,0,0,0,0.00439780109945028,0,0,0,0,9.99500249875062e-05,0,0,0,0,0,0,0.000199900049975012,0,0,0,0,0.0175912043978011,0,0,0,0,0,0,0,0.000199900049975012,0,0,0,0,0,0,0,0,0,0.0015992003998001,0.000199900049975012,0,0,0,0,0,0,0.256171914042979,0.0892553723138431,0.00249875062468766,0,0,0,0.000299850074962519,0,0,0,0,0,0,0,0,0.00599700149925037,0,0.000199900049975012,0,0,0,0,0,0,0,0,0,0,0,0,0.0147926036981509,0,0,0,0,0,0,0,0,0,0,0.0015992003998001,0,0,0,0,0,0,0,0,0,0,0,0,0.000899550224887556,0,0,0,0,0,0,0.000499750124937531,0,0,0,0,0.000299850074962519,0.00209895052473763,0,0.0611694152923538,0,0,0,0,0,0.000699650174912544,0,0,0,0,0,0,0,0,0,0,0,0,0,0,0,0,0,0,0,0,0.0144927536231884,0
0,0,0,0.000499800079968013,0,0,0.000899640143942423,0,0,0.00159936025589764,0,0,0,0,0.0039984006397441,0,0,0,0,0,0.0109956017592963,0,0.00119952019192323,0,0,0.0250899640143942,0,0,0.0161935225909636,0,0,0,0,0.0104958016793283,0.00209916033586565,0,0,0.0242902838864454,0,0,0.000199920031987205,0,0,0,0,0,0,0,0.000699720111955218,0.00149940023990404,0,0,0,0,0,0,0.000199920031987205,0,0,0.0364854058376649,0.000199920031987205,0.00109956017592963,0.000199920031987205,9.99600159936026e-05,0,0,0.0397840863654538,0,0,0,0.00279888044782087,0,0.00109956017592963,0.00169932027189124,0,0,0,0.000699720111955218,0,0.0299880047980808,0.000999600159936026,0.000499800079968013,0,0,0.0367852858856457,0,0,0,0.000299880047980808,0.00129948020791683,0,0.00139944022391044,0.0232906837265094,0,0,0.0124950019992003,0,0,0,0,0,0.00939624150339864,0,0,0.00209916033586565,0,0,0.0732706917233107,0.00509796081567373,0.0241903238704518,0,0,0.000899640143942423,0.00109956017592963,0,0.0178928428628549,0,0,0,0.000499800079968013,0.000199920031987205,0,0,0,0.000899640143942423,0,0,0,0,0,0,0,0,0.000199920031987205,0.000499800079968013,0,0.0226909236305478,0,0,0,0,0,0.00809676129548181,0,0,0,0.00639744102359056,0,0,0,0.0039984006397441,0.0108956417433027,0.00079968012794882,0.00119952019192323,0,0,0,0,0,0.00409836065573771,0,0,0.0079968012794882,0,0,0,0,0,0.000199920031987205,0,0.000899640143942423,0.0196921231507397,9.99600159936026e-05,0,0,0,0,0,0.00329868052778888,0.00219912035185926,0.0329868052778888,0.00079968012794882,0,0,0.015593762495002,0,0,0,0,0,0,0.000599760095961615,0.00559776089564174,0.0037984806077569,0,0,0.00039984006397441,0,0,0,0,0.00699720111955218,0,0.0559776089564174,0.000199920031987205,0.00849660135945622,0,0,9.99600159936026e-05,0.00499800079968013,0,0,0,0,0,0,0.00339864054378249,0.0185925629748101,0,0.000899640143942423,0.0110955617752899,9.99600159936026e-05,0,0.00039984006397441,0.00619752099160336,0,0,0.038984406237505,0,0,0.0149940023990404,0,0,0.0115953618552579,0,0,0.00039984006397441,0.00839664134346262,0,0,0,0,0,0,0,0,0,0.00139944022391044,0,0.0188924430227909,0.00209916033586565,0.000699720111955218,0.00809676129548181,0,0,0,0.00239904038384646,0,0,0,0.00039984006397441,0,0,0,0.00309876049580168,0,0,0,0,0.120251899240304,0,0,0.0118952419032387,0,0,0,9.99600159936026e-05,0.00139944022391044,0.00159936025589764,9.99600159936026e-05,0,0,0.037485005997601,0,0,0,0,0,0.0110955617752899,0.00109956017592963,0,0,0,0,0.00179928028788485,0,0.00209916033586565,0,0,0.00239904038384646,0
0,0.00309752198241407,0.000199840127897682,0,0,0,0,0,9.99200639488409e-05,0,0,0,0,0,0.000299760191846523,0,0.0038968824940048,0,9.99200639488409e-05,0.000299760191846523,0,0.00469624300559552,0,0.000399680255795364,0,0.149480415667466,0,0,0,9.99200639488409e-05,9.99200639488409e-05,0,0,0.004396482813749,0,0,0,0.00539568345323741,0,0,0,0,0,0,0,0.0102917665867306,0,0.000199840127897682,0,0,0.000299760191846523,0,0.000199840127897682,9.99200639488409e-05,0.000899280575539568,9.99200639488409e-05,0,0,0,0,0,0,0,0,0,0.000699440447641887,0.00599520383693046,0,0,0.0104916067146283,0.00279776179056755,0,0,0,0.125299760191847,0,0,0,0,0.0547561950439648,0,0,0.00189848121502798,0,0,9.99200639488409e-05,0,0,0,0.00329736211031175,0,9.99200639488409e-05,0.000199840127897682,0,0,0,0.000899280575539568,0,0.00359712230215827,0,0,0,0,0,0,0,0,0.0295763389288569,0,0,0,0,0,0,0,0,0,0,0.0016986410871303,0,0,0,0,9.99200639488409e-05,0.0117905675459632,0,0,0,0,0,0.0119904076738609,0,0,0,0,0,0,0.000299760191846523,0,0.000299760191846523,0.000199840127897682,0,0,9.99200639488409e-05,0,0,0.000699440447641887,0,0,0,0.000999200639488409,0.000999200639488409,9.99200639488409e-05,0,0,0,0.000599520383693046,0,0,0.00359712230215827,9.99200639488409e-05,0,0,0.191047162270184,0,0,9.99200639488409e-05,0,0,0,9.99200639488409e-05,0,0,0,0,0,0,0.00189848121502798,0,0.000199840127897682,0,0,0,0.00249800159872102,0.00239808153477218,0,0,0,0,0,0.00499600319744205,0.00399680255795364,0,0,0,0,0,0,0,0.0298760991207034,0,0,0,0,0,9.99200639488409e-05,0,0,9.99200639488409e-05,0.000199840127897682,0,0.00419664268585132,0,9.99200639488409e-05,0.000999200639488409,9.99200639488409e-05,0,0,9.99200639488409e-05,0,9.99200639488409e-05,0,0,0,0,0,0,0,0.00249800159872102,0,0,0,0,0.0628497202238209,0,0,0,0,0,0.00199840127897682,0,0,0,0,0.000299760191846523,0.000299760191846523,0,0,0,0,0,0,0.000199840127897682,0,0.000299760191846523,0,0.000399680255795364,0,0,0.00119904076738609,0.000599520383693046,0,0,0.000799360511590727,9.99200639488409e-05,0,0,0,0,0,0,0.00729416466826539,0,0,0,0,0,0,0,0.214028776978417,9.99200639488409e-05,0,0.0021982414068745,0,0,0,0,0,0,0.00109912070343725,0,0,0,0,9.99200639488409e-05,0,0.000799360511590727,0,0,0.00179856115107914,0
0,0,0,0.0270891643342663,0,0,0.00609756097560976,0,0,0,0,0,0,0,0.00549780087964814,0,0.00109956017592963,0,0,0,0,0,0.00189924030387845,0.00239904038384646,0,0.0230907636945222,0,0,0,0,0,0,0,0,0,0,0.0957616953218712,0,0.000199920031987205,0,0.000199920031987205,0,0,0,0,0,0,0,0.000299880047980808,0,0,0,0,0,0,0,0,0,0,0,0,0.00199920031987205,0.00129948020791683,0,0,0,0.00079968012794882,0,0,0,0.00219912035185926,0,0,0,0,0,0,0,0,0,0.00279888044782087,0,0,0.000199920031987205,0,0,0.000299880047980808,9.99600159936026e-05,0.000299880047980808,0.00949620151939224,0.00149940023990404,0.00109956017592963,0.00419832067173131,0,0,0.000199920031987205,0,9.99600159936026e-05,0,0,0,0.00179928028788485,0,0,0,0,9.99600159936026e-05,0.139644142343063,0,0.0117952818872451,0,0,0.00499800079968013,0,0,0.0198920431827269,0,0,0,0,0,0,0,9.99600159936026e-05,0,0,0,0,0,0,0,0,0,0,0,9.99600159936026e-05,0.00829668132746901,0,0,0,0,0,0,0,0,0,0,0,0,0,0,0,0,0,9.99600159936026e-05,0,0,0,0.00039984006397441,0,0,0,0,0,0,0,0,0,0,0,0,0.0108956417433027,0.00879648140743703,0,0,0,0,0,0.00449820071971212,0,0,0,0,0,0,9.99600159936026e-05,0.00629748100759696,0,0,0,0,0,0.00039984006397441,0,0,0.00349860055977609,0.0209916033586565,0,0,0,0,0,0,0.00129948020791683,0.038484606157537,0,0,0,0,0.00159936025589764,0,0,0.00199920031987205,0,9.99600159936026e-05,0,0,0,0,0,0.0277888844462215,0,0,0,0.00179928028788485,0,0,0,0.000499800079968013,0,0.00509796081567373,0,0,0.0440823670531787,0.00179928028788485,0,0,0.00039984006397441,0,0,0,0,0.0113954418232707,0,0,0,0,0,0,0,0,0,0,9.99600159936026e-05,0.00239904038384646,0,0,0,0,0,0,0,0,0,0,0,0,0.0038984406237505,0,0.00039984006397441,0.000599760095961615,0,0.00919632147141144,0,0.00079968012794882,0,0,0,0,0.382047181127549,0,0,0.00199920031987205,0,0,0.0193922431027589,0,9.99600159936026e-05,0,0,0,0,0,0,0,0,0.00509796081567373,0,0,0.00469812075169932,0
0,9.99600159936026e-05,9.99600159936026e-05,0.0161935225909636,0.000599760095961615,0,9.99600159936026e-05,0.000199920031987205,0,0.000499800079968013,0,9.99600159936026e-05,0,9.99600159936026e-05,0,0,0.00369852059176329,0,0,0,0,0.00199920031987205,0.00289884046381447,0,0.000599760095961615,0.0996601359456217,0,0,0,0,0.0366853258696521,0,0,0.00249900039984006,0,0,0,0.00269892043182727,9.99600159936026e-05,0,0,0,0,0,0,0.00499800079968013,0.00449820071971212,0,0,0,0,0,0,0,0,0,0,0.000899640143942423,0,0,0.00039984006397441,0,0,0,0,0,0.0113954418232707,0,0,0,0.000699720111955218,0.000199920031987205,0.000999600159936026,0,0,0,0,0,0,0.00219912035185926,0.00039984006397441,0.000699720111955218,0.00959616153538585,0,0.0196921231507397,0,0,0,0,0.00039984006397441,0,0.00409836065573771,0,0,0,0,0,9.99600159936026e-05,0.000899640143942423,0,0,0,0.00129948020791683,0.000199920031987205,0,0.00039984006397441,0,0.230707716913235,0.000599760095961615,0.0414834066373451,0,0,0,9.99600159936026e-05,0,0.00429828068772491,9.99600159936026e-05,0,0,0,0,0,0,0.000299880047980808,0.000899640143942423,0.00109956017592963,0,0.000899640143942423,0,0,0.000199920031987205,0.000499800079968013,0,0,0.000299880047980808,0,0.00649740103958417,0,0,0,0.00129948020791683,0,0,0,9.99600159936026e-05,0,0,0.00199920031987205,0,0,0.00319872051179528,0.000199920031987205,0,0,0,0,0,0,0.000499800079968013,0,0,0,0.0103958416633347,0,0,0,0.0037984806077569,0,0,9.99600159936026e-05,0,0,0,0,0,0,0,0,0.00759696121551379,0.00249900039984006,0.0252898840463814,0,0,0.000499800079968013,0.000299880047980808,0,0,0,0,0.00079968012794882,0,0.00239904038384646,9.99600159936026e-05,0,0.00109956017592963,0,0.0137944822071172,0.000199920031987205,0,0,0.000199920031987205,0,0,0.0793682526989204,0,0.00269892043182727,9.99600159936026e-05,0,0,0,0,0,0,0,9.99600159936026e-05,0,0.00839664134346262,0.00109956017592963,0,0,0,0,9.99600159936026e-05,0,0,0,0.000299880047980808,0,0,9.99600159936026e-05,0.00649740103958417,0,0.000299880047980808,0.0263894442223111,0,9.99600159936026e-05,0,0,0,9.99600159936026e-05,0,0,0,0.0105957616953219,0,0.0187924830067973,0,0,0,0,0,9.99600159936026e-05,0,0,0,0,0,9.99600159936026e-05,9.99600159936026e-05,0,0,0,0,0,0,0,0,0,0.000199920031987205,0.00519792083166733,0.000299880047980808,0.00079968012794882,0,0,0.000499800079968013,0,0,0,0.00039984006397441,0.192023190723711,9.99600159936026e-05,0,0.0298880447820872,0,0,0,0,0,0.00319872051179528,0.00539784086365454,0,0.00109956017592963,0.00039984006397441,0,0,0,0,0,0,0.0078968412634946,0
0,0,0,0,0,0,0,0,0,0,0,0,0,0.0341068213642729,0,0,0,0,0,0,0,0.0201040208041608,0,0,0,0.0188037607521504,0,0,0.001500300060012,0.0002000400080016,0.000600120024004801,0,0,0.00590118023604721,0,0,0,0,0,0,0,0,0,0,0,0,0,0,0,0,0,0,0.0001000200040008,0,0,0,0,0,0,0.0147029405881176,0,0,0,0,0.0002000400080016,0,0,0,0,0,0.000700140028005601,0,0,0,0,0,0,0,0,0.0213042608521704,0,0,0,0,0,0,0,0,0,0.013502700540108,0.00370074014802961,0,0,0,0,0,0,0,0,0,0,0,0,0,0.0019003800760152,0,0,0.146129225845169,0,0,0,0,0,0.0021004200840168,0,0,0,0,0,0,0,0,0,0.0001000200040008,0,0,0,0,0,0,0,0,0,0,0,0,0.0236047209441888,0,0,0,0,0,0,0,0,0,0.0014002800560112,0,0.0001000200040008,0,0.0014002800560112,0,0,0,0,0,0,0,0.0001000200040008,0,0,0,0,0,0,0,0,0,0,0,0.00350070014002801,0,0,0,0,0,0,0,0,0,0,0,0,0,0,0,0,0,0,0,0,0,0,0.0029005801160232,0,0,0.0014002800560112,0.000400080016003201,0,0,0,0,0,0,0,0,0,0,0,0,0,0,0,0,0,0,0,0,0,0,0,0.000400080016003201,0,0,0,0.0017003400680136,0,0,0.000400080016003201,0,0,0,0,0.293058611722344,0,0,0.0002000400080016,0,0,0,0,0,0,0,0,0,0,0,0,0,0,0.000500100020004001,0,0,0,0,0,0,0.0002000400080016,0,0.00250050010002,0,0,0,0,0,0,0,0,0.0018003600720144,0,0,0.0698139627925585,0,0.0001000200040008,0,0,0,0,0.24624924984997,0,0.0029005801160232,0.00740148029605921,0,0,0,0,0,0,0,0,0,0,0,0,0,0.0301060212042408,0,0,0.0222044408881776,0
0,0,0,0.000798881565807869,0,0,0.00249650489314959,0.00139804274016377,0,0.000399440782903934,0,0,0.000399440782903934,0,0.00758937487517476,0,0.00239664469742361,0.000399440782903934,9.98601957259836e-05,0,0.000199720391451967,0.00159776313161574,0.000699021370081885,9.98601957259836e-05,0.000299580587177951,0.371679648492111,0,0,0.000399440782903934,9.98601957259836e-05,0.0111843419213102,0,0,0.018174555622129,0,0,0.000199720391451967,9.98601957259836e-05,0,0.00109846215298582,0,0,0,0,0,0,0,9.98601957259836e-05,0,0.000399440782903934,9.98601957259836e-05,0,0,0,0.000399440782903934,9.98601957259836e-05,0.000499300978629918,0.000399440782903934,0,0.000898741761533853,9.98601957259836e-05,0.00319552626323148,9.98601957259836e-05,0,0,0,0.00229678450169762,0,0,0,0.00139804274016377,9.98601957259836e-05,9.98601957259836e-05,0.000199720391451967,0,0,0,0,0,0.000599161174355902,0.000599161174355902,0,0.00109846215298582,0,0.00159776313161574,0.00868783702816057,0,0,0.000998601957259836,0.00249650489314959,0,9.98601957259836e-05,0.0128819652486519,0,0,0.000499300978629918,0,0,0.00209706411024566,0,0,0.000699021370081885,0,0,0,0.00129818254443779,0,0.0164769322947873,0.00169762332734172,0.000399440782903934,0,0,0,0.00399440782903935,0,0.00988615937687238,0,0.000299580587177951,0.00249650489314959,0,0,0,0,9.98601957259836e-05,0.0252646295186739,0,0,0,0,0,0,0.00269622528460156,0,9.98601957259836e-05,0,0,0.121130417415618,0,0,0,0.000599161174355902,0,0,0.000599161174355902,0,0,0.00229678450169762,0.00269622528460156,0.00109846215298582,0.000898741761533853,0,0.00589175154783303,0,0,9.98601957259836e-05,0,0.000599161174355902,0,0,0,0,0,0.0135809866187338,0,0,0,0.00699021370081885,0,0,0,0,0,0.000699021370081885,0,0.00169762332734172,0,0,0,0.0518274415817855,0.00209706411024566,0.00699021370081885,0,0.000599161174355902,0,0.000399440782903934,0,0,0,0,0,0,0.000399440782903934,9.98601957259836e-05,9.98601957259836e-05,0,0,0,9.98601957259836e-05,0,0,0,0,0,9.98601957259836e-05,0,0.00469342919912123,0,0,0,9.98601957259836e-05,0,0,0,9.98601957259836e-05,9.98601957259836e-05,0,0.00359496704613541,0,0.000299580587177951,0,0.00339524665468344,0.00399440782903935,0.0011983223487118,0,0.00129818254443779,0,0,0,0,0.000299580587177951,0.00359496704613541,0,0,0.0314559616536848,0,0,0.000599161174355902,0,0,0,0.000399440782903934,0,0,0,0,0,0,0,0,0.0104853205512283,0,9.98601957259836e-05,0.000199720391451967,0,9.98601957259836e-05,0.00129818254443779,0.000299580587177951,0,0.000299580587177951,0.000199720391451967,9.98601957259836e-05,0,0,0,9.98601957259836e-05,0,0,0,0,0.0641102456560815,0,9.98601957259836e-05,0.0301577791092471,0,0,0,0.0048931495905732,9.98601957259836e-05,0.000199720391451967,0.0419412822049131,9.98601957259836e-05,0,0.0316556820451368,0.000299580587177951,0,0,0.000499300978629918,0,0,0.000699021370081885,0,0,0,0,9.98601957259836e-05,9.98601957259836e-05,0.000599161174355902,0,0,0.00529259037347713,0
0,0,0,0.000799440391725792,0,0,0.000299790146897172,0,0,0.00299790146897172,0,0,0,0,0,0,0.000399720195862896,0,0,0,0,0.00349755171380034,0.00159888078345158,0,0.00049965024482862,0.187968422104527,0,0,0,0,0.00049965024482862,9.9930048965724e-05,0,0.00699510342760068,0,0,0.00099930048965724,0.000199860097931448,0.000399720195862896,0,0,0,0.0172878984710703,0.0110922354351954,0.000799440391725792,0,0,0,0.00659538323173778,0,0,0,0,0,0.00309783151793744,0,0,0.000899370440691516,0,0,0,0.0024982512241431,0,0,0.000399720195862896,0,0.00269811132207455,0,0,0,0.00109923053862296,0,0,0.000299790146897172,0,0,0,0,0,0,0.00139902068552014,0,0,0.00109923053862296,0.002897971420006,9.9930048965724e-05,0,0,0.00189867093034876,0.00119916058758869,0,0,0,0.00719496352553213,0,0,0,0,0.0053962226441491,0,0,0,0,0,0,0.00119916058758869,0,0.00929349455381233,0.00159888078345158,0,0,0,0,0.01518936744279,0,0.0107924452882982,0,0,0,9.9930048965724e-05,0,0,0.0024982512241431,0.000199860097931448,0.00349755171380034,0,0,0,0.000299790146897172,0,0.0271809733186769,0,0,0,0,0,0.0613570500649545,0.00479664235035475,0,0.000699510342760068,0.00279804137104027,0,0,0,0,0,0.000299790146897172,0.024982512241431,0,0.000199860097931448,0.00109923053862296,0.00129909063655441,0,0,0,0,0,0,0.00179874088138303,0.00199860097931448,0,0,0.0107924452882982,0.0484660737483761,0,0,0.0116918157289897,0,0,0,0,0,0,0,0,0,0,0,0.000599580293794344,0.00229839112621165,0.0956330568601979,0,0,0.00449685220345758,0,0,0,0,0,0,0,0.00229839112621165,0.00049965024482862,0,0,0.000199860097931448,0.0584590786449485,0.000299790146897172,0,0,0,0,0,0,0,0,0,0,0,0,0,0,0.000699510342760068,0,0,0,0.00449685220345758,0,9.9930048965724e-05,0,0,0.000699510342760068,0,0,0.00279804137104027,0,0,0,0.011591885680024,0.000299790146897172,0.00259818127310882,0,0.00049965024482862,0.0118916758269212,0,0,0,0,0,9.9930048965724e-05,0,0.0106925152393325,0,0.0112920955331268,0,0,0,0,0,0,0,0,0,0,0.000699510342760068,0,0,0,0,0,9.9930048965724e-05,0,0,0.000399720195862896,0,0,0,0,0,0.00189867093034876,0,0,0.0814429899070651,0,0.000199860097931448,0,0,0,9.9930048965724e-05,0.102428300189867,0,0.000199860097931448,0.033676426501449,0,0,0,0,0,0,0.00139902068552014,0.0197861496952134,0,0,0,0.0125911861696812,0,0.00099930048965724,0,0.000599580293794344,0.00159888078345158,0
0,0,0,0,0.00189924030387845,0.000299880047980808,0,0,0,0,0,0.00039984006397441,0,0,0.00419832067173131,0,0.00259896041583367,0,0,0.00189924030387845,0,0,0,0.00289884046381447,0,0.227309076369452,0.000299880047980808,0,0.0171931227508996,0.00629748100759696,0,0,0,0.00339864054378249,0,0,0.000299880047980808,0.00309876049580168,0,0,0,0,0,0.00909636145541783,0,0.000499800079968013,0,0,0,0,0,0,0,0,0,0,0,0.00169932027189124,0.00039984006397441,0.00579768092762895,0.000299880047980808,0.000999600159936026,0,0,0.0336865253898441,0,0.0259896041583367,0,0,0,0,0,0,0.00149940023990404,0,0,0,0,0,0.00129948020791683,0,0.000199920031987205,0,0,0.00479808076769292,0,0.0175929628148741,0,0,9.99600159936026e-05,0.0576769292283087,0.00149940023990404,0,0,0,0,0,0,0.00079968012794882,0,0.000299880047980808,0,0,0,0.000199920031987205,0.000899640143942423,0.00279888044782087,0.158836465413834,0,0.00309876049580168,0,0,0.0330867652938825,9.99600159936026e-05,0,0.0622750899640144,0,0.00079968012794882,0.00899640143942423,0,0,0,0,0.000299880047980808,0.00149940023990404,0.00129948020791683,0,0,0,0,0.000299880047980808,0.0038984406237505,0,0.000599760095961615,0,0,0.0133946421431427,0,0,0,0,0,0,0,0,0,0,0,0,0,0.000199920031987205,0.000899640143942423,0.000699720111955218,0,0.000299880047980808,0,0,0,0,0.00529788084766094,0,0,0,0,0,0,0,0,0,0,0,0,9.99600159936026e-05,0,0,0,0,0.00129948020791683,0,0,0,0,0,0,0.00039984006397441,0,0,0,0,0,0,0.00209916033586565,9.99600159936026e-05,0.00039984006397441,0,0,0,0,0,0,0,0,0,0,0,0.00439824070371851,0.000699720111955218,0,0,0.000599760095961615,0,0,0.000199920031987205,0,0.000299880047980808,0,0.00709716113554578,0,0.0471811275489804,0.00169932027189124,0,0,0,0,0,9.99600159936026e-05,0,0,0.00039984006397441,0,0,9.99600159936026e-05,0,0.0162934826069572,0,0,9.99600159936026e-05,0,0,0.0184926029588165,0,0,0,0,0,0,0,0,0,0,0.000499800079968013,0,0,0,0,0.00109956017592963,0.0039984006397441,0,0,0.00149940023990404,0,0.00079968012794882,0,0,0,0,0,0,0.000199920031987205,0,0,0,0.00929628148740504,0,0,0,0,0,0,0.107057177129148,0,0,0.00609756097560976,0,0,0,0.00449820071971212,0,0.00499800079968013,0,0,0,0,0,0.000199920031987205,0.00959616153538585,0.00109956017592963,0,0,0.00149940023990404,0.00939624150339864
0,0,0,0,0.00109967009897031,0,9.99700089973008e-05,0.00399880035989203,0,0,0.000199940017994602,0,0,0,0,9.99700089973008e-05,0,0,0.000199940017994602,0,0,0.000599820053983805,0,0.00189943017094872,0,0,0,0,0.0177946616015195,0.0186943916824953,0,0,0,0.0467859642107368,0,0,0.000299910026991902,0.0779766070178946,0,9.99700089973008e-05,0.000199940017994602,0,0,0,0,0,0,0.000499850044986504,0,0,0.000299910026991902,0,0,0,0.00679796061181645,0.000399880035989203,0,0,0,0.00139958012596221,0,0,0.000399880035989203,9.99700089973008e-05,0,0,0.00229931020693792,0,0,0,0,9.99700089973008e-05,0.000199940017994602,0.00389883035089473,0,0.0373887833649905,0,0,0,0.000199940017994602,0,0,0.00789763071078676,0,0,0.00589823053084075,0,0,0,0.00829751074677597,0.027591722483255,0.00789763071078676,0,0,0,0,0,0,0.00869739078276517,0,0,0,0,0,0,0,0.0914725582325302,0.0357892632210337,0,0.00169949015295411,0,0,0,0,0,0.00619814055783265,0.00619814055783265,0.00719784064780566,0,0,0,0,0,0.000199940017994602,0.00739778066580026,0,0,0,0.000199940017994602,0,0.00689793062081376,0.00159952014395681,0.0169949015295411,0.000699790062981106,9.99700089973008e-05,0,0.0111966410076977,0,0,0,0.00249925022493252,0,0,0,0,0,0.00189943017094872,0.00229931020693792,9.99700089973008e-05,0,0.00279916025192442,0,0,0.000599820053983805,0.000199940017994602,0,0,0,0,0,0,0,0,0.0595821253623913,0,0,0.000299910026991902,0,0,0.00189943017094872,0.000299910026991902,0,9.99700089973008e-05,0,0,0,0,0.0177946616015195,0,0,0,0,0,0,0.00609817054883535,0,0,0,0,0,0,0.0286913925822253,0.00239928021593522,0.000299910026991902,0,0,0,0.000199940017994602,0,0,0,0,0,0.00479856043187044,0,0.00479856043187044,9.99700089973008e-05,0.00129961011696491,0,0.00129961011696491,0,0,0,0,0.00159952014395681,0,0,0.0191942417274818,0.000399880035989203,0,0,0.000399880035989203,0,0,0,0,0.00639808057582725,0,0,0.00149955013495951,0,0.000199940017994602,0,0.100469859042287,0,0,0.000199940017994602,0,0,9.99700089973008e-05,0,0,0,0,0,0.00159952014395681,9.99700089973008e-05,0,0,0,0.00679796061181645,0.000699790062981106,0.0115965210436869,9.99700089973008e-05,0.00729781065680296,0.0344896531040688,0,0.00119964010796761,0.00219934019794062,0,0,0,0,0.000499850044986504,9.99700089973008e-05,0,0,0,0.0169949015295411,0.113865840247926,0.000999700089973008,0,0.00719784064780566,0,0,0,0.00699790062981106,0,0.000399880035989203,0.00169949015295411,0,0,0.0161951414575627,0,0,0,0,0,0.000499850044986504,0.000399880035989203,0,0,0,0,0,0.000899730080975707,0.00229931020693792,0,0,0.00899730080975707,0.000899730080975707
0,0,0,2e-04,0,0,0.0087,0.0028,0,0,0,0,0,0,0.0035,0,0,0.0012,0,0,0,0.0054,0,0.1171,0.0053,0,0,0,0,0,0,0.004,0,0.0356,0,0,0.0135,0.0201,0,0,0,0,0,0.0195,0,0,0,0,0,0,0,0,0,0,0,0,2e-04,0,0,0.0294,0,3e-04,0,0,0,0.0054,0.1086,0,0,0,0.0034,0,0,0.0011,0,0,0,0,0,0.0046,0,0,0,0,0,0,0,0,0.001,0.0063,0,0.0022,0.001,0,0,0,0,0,0.0024,2e-04,9e-04,0,0,0,0,0,0,0,0.0052,0.0109,0,0,0,0.0101,0,0,0,0,0.0589,0,0,0.007,0,2e-04,0.0329,0,0,0,0,0,0,0.002,0,6e-04,0,0,0.0014,0,0,7e-04,0,0,0,0,0,0,5e-04,0,3e-04,0.0053,0.0044,0,0,0,0,0,0,0,6e-04,0,0,0,0,0.0012,0,0,0,9e-04,0,0,0.0014,0,5e-04,0,0,0,0,0,0.1716,0,0.0034,0,0,0,0.0117,0,0,0,0.0057,0,0.004,0.0166,0.0025,0,0,0,0,0,0,0,0,0,0,5e-04,0,0.0019,0,0,0,0,0,0,0.0018,0,0.0029,0,0.0108,0,0,6e-04,0,0,0,0,0,0,0,0,0.0159,6e-04,0,0,0,0,0,0,0,0,0,0,0,0,0,0,0,0.0093,0,0,0,0,0,0,0.0034,0,0.0027,0.0141,0.0012,0,0.0017,0,0.001,0,0,2e-04,0,0,2e-04,0,0,0,0,0,0,0,0.0105,0,0.0013,0.0011,0.0122,0,0,0,0.0685,0.001,0,0,0,0,0.0056,0,0,0,0,0,0,0.0106,0,0,0,0.056,0
0,0,0,0,0,0,0.0015998400159984,0,0,0,0,0,0,0,0,0,0,0,0,0,0,0.0026997300269973,0,0,0,0.178482151784822,0,0,0,0,0.0135986401359864,0,0,0,0,0.001999800019998,0,0.0072992700729927,0,0,0,0,0,0.0093990600939906,0.0008999100089991,0.0036996300369963,0,0,0,0,0,0,0,0,0,0,0,0,0,0,0,0,0,0,0,0,0.0311968803119688,0,0.0003999600039996,0,0,0,0,0,0,0,0,0,0,0.0023997600239976,0,0,0.0285971402859714,0,0,9.99900009999e-05,0.0165983401659834,0,0,0.0004999500049995,0,0,0,0,0,0,0,0,0.0075992400759924,0,0,0,0,0,0,0,0,0.420557944205579,0,0,0,0,0,0,0,0,0,0,0,0,0,0,0,0,0.0021997800219978,0,0,0,0,0,9.99900009999e-05,0.0124987501249875,0,0,0,0.0003999600039996,0,0,0,0.0001999800019998,0,0,0,0,0,0,0,0,0,0,0,0,0,0,9.99900009999e-05,0,0,0,0,0.0076992300769923,0,0,0,0,0,0,0,0.0002999700029997,0,0,0,0,0,0,0,0,0,0,0,0,0,0,0,0,0,0,0,0,0,0,0,9.99900009999e-05,0,0,0,0,0,0,0,0,0,0,0,0,0,0,0,0,0,9.99900009999e-05,0,0,0,0.0002999700029997,0,0,0,0,0,0,0,0,0,0,0,0,0,0,0,0,0.0102989701029897,0,0,0.0165983401659834,0,0,0,0,0,0,0,0,0,0,0.0001999800019998,0,0,0,0,0,0,0,0,0,0,0,0,0,0,0,0,0,0,0.0001999800019998,0,0,0,0,0,9.99900009999e-05,0,0.0016998300169983,0.0138986101389861,0,0,0,0,0,0.0016998300169983,0.203179682031797,0,0,0,0,0,0,0,0,0,0.0003999600039996,0,0,0,0,0,0,9.99900009999e-05,0,0,0,0
0,0,0,0,0,0.0001000100010001,0,0,0.0001000100010001,0,0,0,0,0,0.0016001600160016,0,0.0012001200120012,0,0.0003000300030003,0.0057005700570057,0.0049004900490049,0.0002000200020002,0,0,0,0.277727772777278,0,0,0.001000100010001,0.0006000600060006,0.0187018701870187,0,0,0.0029002900290029,0,0,0,0.0061006100610061,0.0001000100010001,0,0,0,0,0.0057005700570057,0,0.0367036703670367,0,0,0,0,0,0,0,0,0.0026002600260026,0,0,0,0,0.0192019201920192,0.0006000600060006,0,0,0,0,0,0.0045004500450045,0,0.0064006400640064,0.0083008300830083,0.0013001300130013,0,0,0,0,0,0,0,0,0.0098009800980098,0,0,0.0835083508350835,0,0.0004000400040004,0.0001000100010001,0,0,0,0.0034003400340034,0,0.0009000900090009,0,0,0,0,0,0,0.0107010701070107,0,0,0.0002000200020002,0,0,0.0001000100010001,0,0,0,0,0,0,0.0017001700170017,0,0.0046004600460046,0,0,0.0002000200020002,0,0.0007000700070007,0.0001000100010001,0,0,0,0,0.0072007200720072,0,0.0379037903790379,0,0.0002000200020002,0,0.0103010301030103,0.0079007900790079,0,0,0,0.0003000300030003,0.0003000300030003,0,0.0003000300030003,0,0.0114011401140114,0,0,0,0,0,0.0033003300330033,0,0,0,0.0035003500350035,0.0027002700270027,0,0,0,0,0,0,0.0004000400040004,0.0047004700470047,0,0,0,0.101810181018102,0,0,0,0,0,0,0.0002000200020002,0,0,0,0,0,0,0.0002000200020002,0.0001000100010001,0.0004000400040004,0,0.0001000100010001,0.001000100010001,0,0.0003000300030003,0,0,0,0,0,0,0.0067006700670067,0.0001000100010001,0,0,0,0.0001000100010001,0,0,0.0026002600260026,0,0,0,0.0226022602260226,0,0.0026002600260026,0.0002000200020002,0,0.0001000100010001,0.0002000200020002,0,0,0.001000100010001,0,0.0001000100010001,0,0.0115011501150115,0.0018001800180018,0.0266026602660266,0.0003000300030003,0.0007000700070007,0,0,0,0,0,0,0,0.0093009300930093,0,0.0252025202520252,0,0,0.0229022902290229,0,0,0.0001000100010001,0,0,0.0001000100010001,0,0,0.0118011801180118,0,0.0003000300030003,0,0,0,0,0.0002000200020002,0,0.0001000100010001,0.0008000800080008,0,0.0003000300030003,0.0006000600060006,0.0009000900090009,0,0.0001000100010001,0.0003000300030003,0,0,0.0004000400040004,0.0002000200020002,0,0,0,0,0,0.0168016801680168,0,0.0032003200320032,0.0162016201620162,0,0,0,0,0,0.0001000100010001,0.0635063506350635,0,0,0.0131013101310131,0,0,0,0,0,0,0.0076007600760076,0.0012001200120012,0,0,0,0.0075007500750075,0,0.0006000600060006,0,0,0.0019001900190019,0
0,0,0,0.0015998400159984,0,0,0.0007999200079992,0,0,0,0,0,0,0,0,0,0.0006999300069993,0,0,0.0003999600039996,0,0.0001999800019998,0,0,0,0.0671932806719328,0,0,0.0048995100489951,0.0015998400159984,0.075992400759924,0,0,0,0,0,0,9.99900009999e-05,0.0020997900209979,0,0,0,0,0,0,0.0030996900309969,0,0,0.0010998900109989,0,0,0,0,0.0003999600039996,0,0,0,0,0,9.99900009999e-05,0.0007999200079992,0,0.0002999700029997,0,0,0,0.0017998200179982,0,0,0.0040995900409959,0.0026997300269973,0,0,0,0,0,0,0,0,9.99900009999e-05,0,9.99900009999e-05,0.0037996200379962,0,0,0.0047995200479952,0,0,0,0,0,0.0017998200179982,0.0138986101389861,0,0,0.0298970102989701,0,0,0.003999600039996,0,0,0.001999800019998,0,0,0,0,0,0.0057994200579942,0,0.0010998900109989,0,0,0,0,0,0.0462953704629537,0,0.0002999700029997,0.0007999200079992,0,0,0,0.005999400059994,0,0.0115988401159884,0.0001999800019998,0,0,0,0,0.0110988901109889,0,0,0,0,0,0,0,0,0,0.0008999100089991,0,0,0,0,0,0.0002999700029997,0,0,0.0001999800019998,0.0006999300069993,0,0,0.0002999700029997,9.99900009999e-05,0,0,0,0,0.0407959204079592,0,0,0,0,0,0,0,0.0044995500449955,0,0.0005999400059994,9.99900009999e-05,0,0,0,0,0,0,0.0011998800119988,0.0014998500149985,0,0,0,0,0,0.0015998400159984,0,0,0,0,0,9.99900009999e-05,0.0044995500449955,0.0002999700029997,0,0,0,0,0,0,0,0,0,0,0,0,0.0002999700029997,0,0,0,0,0,0,0,0,0.0001999800019998,0,0,0,0.0001999800019998,0,0,0,0,0,0,0,0,0,0,0,0,0,0,0.023997600239976,0,0,9.99900009999e-05,0,0,0,0,0,0,0,0.0007999200079992,0.0002999700029997,0.0018998100189981,0,0,0,0,0,0,0,0,0,0,0,0.0012998700129987,0,0,0,0,0.0001999800019998,0,0,0,0,0,0.0180981901809819,0,0.001999800019998,0.283571642835716,0,0,0,0,0,9.99900009999e-05,0.258174182581742,0,0,0.0058994100589941,0,0,0,0,0,0.0034996500349965,0.0002999700029997,0,0,0,0,0.0262973702629737,0,0,0,0,0.0014998500149985,0
0,0,0,0.0015996800639872,0,0,0,0,0,0.0013997200559888,0,0,0,0,0.000799840031993601,0,0,0,0,0,0,0,0.00389922015596881,0,0.0002999400119976,0.11497700459908,0,0,0.00339932013597281,0.0011997600479904,0.0398920215956809,0,0,0,0,0,0,0,0,0,0,0,0,0,0,0,0,0,0,0,0,0,0,9.99800039992002e-05,0,0,0,0,0,0.0010997800439912,0,0,0,0,0,0,0,0,0,0,0.000599880023995201,0,0.001499700059988,0,0,0,0,0,0,0,0.000899820035992801,0,0.0151969606078784,0,0,0,0,0,0.0001999600079984,0,0,0,0.0290941811637672,0,0,0.0016996600679864,0,0,0,0,0,0.0001999600079984,0.0021995600879824,0,0,0,0,0.258348330333933,0,0.0100979804039192,0,0,0.0001999600079984,0,0,0.0635872825434913,0,0.0001999600079984,0,0,0.000799840031993601,0,0,0.0001999600079984,0,0,0,0,0,0,0,0,0,0,0,0,0.00599880023995201,0.0108978204359128,0,0,0.000899820035992801,0,0,0,0,0,0,0,0,0,0,0,0,0,0,0,0,0,0,0.002999400119976,0,0,0,0.0465906818636273,0,0,0.0021995600879824,0,0,0,0,0,0,0,0,0,0,0,0,0,0.00479904019196161,0.0022995400919816,0,0,0.00819836032793441,0,0,0,0,0,0,0,0,0,0,0,0.0002999400119976,0,0,0,0,0,0,0,0,0.0030993801239752,0,0,0,9.99800039992002e-05,0,0,0,0,0,0,0.0011997600479904,0,0,0,0.0237952409518096,0,0,0,0.0016996600679864,0,0,0,0,0,0,0,0,0.00629874025194961,0,0,0,0,0,0,0,0,0,0,0.0010997800439912,0,0,0,0,0,0,0,0,0,0,0,0,0,0,0.00559888022395521,0,0,0,9.99800039992002e-05,0,0,0,0,0,0.00349930013997201,0,0,0.0226954609078184,0,0.001499700059988,0,0,0,0,0.26494701059788,0,0,0,0,0,0,0.0015996800639872,0,0,0,0,0,0,0,9.99800039992002e-05,0,0.0002999400119976,0,0,0.023495300939812,0
0,0,0,0.00079968012794882,0,0,0,0,0,0,0,0,0,0.00209916033586565,0.00249900039984006,0,0.00159936025589764,0,0,0,0,0.0183926429428229,0.00079968012794882,0,0.000699720111955218,0.000199920031987205,0,0.000699720111955218,0,0.00169932027189124,0,9.99600159936026e-05,0,0.0128948420631747,0,0,0.00419832067173131,0.0162934826069572,0,0,0,0,0,0,9.99600159936026e-05,0.00599760095961615,0,0,0,0,0,0,0,0.000899640143942423,0,0,0,0.00039984006397441,0,0.00309876049580168,0,0,0,0,0,0,0.00199920031987205,9.99600159936026e-05,0,0,0,0,0,0,0,0,0,0,0,0.00229908036785286,0.00319872051179528,0,0.0102958816473411,0,0,0,0,0,0.000199920031987205,0.0314874050379848,0,0.000199920031987205,0.00439824070371851,0,0,0.000199920031987205,0,0,0,0,0,0,0,0,0,0,0,0.0525789684126349,0.00209916033586565,0,0,0,0.0037984806077569,0,0,0.00989604158336665,0,0,0.0732706917233107,0,0,0,0.00109956017592963,0.00039984006397441,0.00839664134346262,0,0,0,0,0,0,0.016593362654938,0,0,0,0.00259896041583367,0.0506797281087565,0,0,0,0.000699720111955218,0,0,0,0,0,0,0,0,0,0,0,0,0,0,0,0,0,0,0.00269892043182727,0,0,0,0,0,0,0.0126949220311875,9.99600159936026e-05,0,0,0,0.00139944022391044,9.99600159936026e-05,0,0.000999600159936026,0,0,0,0.000499800079968013,0,0.031687325069972,0.00109956017592963,0,0,0,0,0,0,0,0,9.99600159936026e-05,0.00549780087964814,0,0,0.0166933226709316,0,0.00249900039984006,0,0,0,0,0,0,0,0.10015993602559,0.00189924030387845,0,0,0,0,0,0,0,0,0,0,0.00109956017592963,0,0,0,0,0,0,9.99600159936026e-05,0.00519792083166733,0,0,0,0.00649740103958417,0.00039984006397441,0,0,0,0,0,0,0,0,0,0,0,0,0.0209916033586565,0,0,0,0,0,0,0,0,0,0,0,0,0,0,0,0,0,9.99600159936026e-05,0,0,0.000999600159936026,0,0,0,0,0,9.99600159936026e-05,0,0,0.031687325069972,0,0,0,0,0,0.00359856057576969,0.286385445821671,0,0,0.0271891243502599,0,0,0,0,0,9.99600159936026e-05,0,0.00509796081567373,0,0,0,0.0112954818072771,9.99600159936026e-05,0,0,0,0.0709716113554578,0
0,0,0,0,0,0,0,0,0,2e-04,0,0,0,0,0.0228,1e-04,0,0,0,0,0,0.0061,0,0,0,0,0,0,0.0025,0,0.0117,0,0,0.0506,0,0,0.0026,0.0097,0,0,0,0,0,0,0,0,0,0,0,0,0,0,0,0,0,0,0,1e-04,0,0.0041,0,0,0,0,0,0,0,0,0,0.0043,0,3e-04,2e-04,0,0,0,1e-04,0,0,0.0029,0,0,0.0014,0,0,0,0,0,0,0.0206,0,4e-04,0,0,0,0,0,0,0.0165,0,0,0.0147,0,0,0,0,0,0,0,3e-04,0,0,0.0022,0,0,0,0,0.005,0.0457,0,0,0,0,2e-04,0.0336,0,0,0,0,0,0,0,0,2e-04,0,0,0.1816,0,0,0,0,0,0,0,0,0,2e-04,4e-04,0,0,0.0044,0,0,0,0,0,0.0084,0,0,0,0,0,0,0,0,0,0,0,0,4e-04,0,0,0,0,0,0,0,0,0.009,2e-04,0,0,0,0,0,0,0,0,0,1e-04,0,0.0098,1e-04,0,0,0,0,6e-04,1e-04,0,0,0,0,0,0.1171,0,0,0,0,0,0,0,0,0,0.0034,0,0,0,0,0,3e-04,0.0045,0,0,0,0,0,0,0,0,0,0,0,0,0,0,0.001,0,0,0,0,0,0,0,0,0,0,0,0,0,0,0,0,0,0,0,0,0,0,0,2e-04,0,4e-04,0,0,0,0,0.0444,8e-04,0,0.0017,0,0,0,0,0,0,0,0,0.3244,0,0,0,0,0,0.003,0,0,0,0,0,0,0,0,0,0,0.0018,0,0,0.0226,0
9.99700089973008e-05,0,0,0.000399880035989203,0,0,9.99700089973008e-05,0,0,0.00399880035989203,0,0,0.000199940017994602,0,0.000199940017994602,0,0.00799760071978406,0,0,0,0,0.00439868039588124,0.00239928021593522,0.000299910026991902,0.000799760071978406,0.0537838648405478,0,0,0.00179946016195141,0.00689793062081376,0.0651804458662401,0.00329901029691093,0,0.000499850044986504,0.00829751074677597,0,0.00319904028791363,0.0381885434369689,0,0,9.99700089973008e-05,0,0,0,0.000399880035989203,0,0,0.000499850044986504,0,0.000499850044986504,0,0,0,0.000399880035989203,0,0,0,0.00169949015295411,0,0.0161951414575627,0.000599820053983805,0,0.000899730080975707,0.00769769069279216,0,0,0.0140957712686194,0,0,0,0,0,0,0,0,0,0.000199940017994602,0,0,0.00269919024292712,0,0.00119964010796761,0.0290912726182145,0,0,9.99700089973008e-05,0.000199940017994602,0,0.000299910026991902,0,0,0.0104968509447166,9.99700089973008e-05,0,0,0,0,9.99700089973008e-05,0,0,0,0.00599820053983805,0,0,0.00149955013495951,0,0,0.0639808057582725,0,0.0181945416375087,9.99700089973008e-05,0,0,0.00829751074677597,0,0.00959712086374088,0,0.000199940017994602,0.0148955313405978,0,9.99700089973008e-05,0,0.00429871038688393,9.99700089973008e-05,0,0,0,0,0,0,0,0,0,9.99700089973008e-05,0,0,9.99700089973008e-05,0,0,0,9.99700089973008e-05,0,0,0.000199940017994602,0,0,0.00229931020693792,0,0.000999700089973008,0,0,0,0,0.000299910026991902,0.000299910026991902,0,0,0,0,0,0,0,0,0,0,0,0.000699790062981106,0,0,0,0.000799760071978406,9.99700089973008e-05,0,0.00189943017094872,0.00129961011696491,0,0,0,0,0,0,0,0,0,0.00229931020693792,0.000999700089973008,0,0,0,0.00149955013495951,0.000199940017994602,0.0503848845346396,9.99700089973008e-05,0,0,0,0,0,0,0,0,0,0,0,0.00799760071978406,0.00309907027891633,0,9.99700089973008e-05,0,0.000499850044986504,0,0,0,0,0,9.99700089973008e-05,0.013296011196641,0.0188943317004899,0.000799760071978406,0,0,0,0,0,9.99700089973008e-05,0,0,0,0,0,0,9.99700089973008e-05,0,0.062481255623313,0,0,0.000299910026991902,0,0,9.99700089973008e-05,0,0,0,0,0.0136958912326302,0.00769769069279216,0,0.000799760071978406,0,0,0,0.000399880035989203,0,0,0.00139958012596221,0.02259322203339,9.99700089973008e-05,0,0.000899730080975707,0,9.99700089973008e-05,0,0,0.000399880035989203,0,0,0,0,0.00779766070178946,0.00149955013495951,0,0,0.00869739078276517,0,0,0,0,0,9.99700089973008e-05,0.287113865840248,9.99700089973008e-05,0,0.0366889933020094,0,0,0,0,0,0,0,0,0,0,0,0.00609817054883535,0,0.000999700089973008,0,0,0.0133959812056383,0
0,0,0,0,0.000700140028005601,0,0.0002000400080016,0,0,0.0011002200440088,0.0003000600120024,0,0,0,0.0156031206241248,0,0.0107021404280856,0,0,0,0.000500100020004001,0.0028005601120224,0.0012002400480096,0.000800160032006401,0,0.0246049209841968,0,0,0.014002800560112,0.00410082016403281,0.0154030806161232,0,0,0,0,0,0.0028005601120224,0,0,0,0,0,0,0,0,0,0.0308061612322464,0,0,0.000400080016003201,0,0,0,0,0,0.000500100020004001,0,0.000800160032006401,0,0,0.000600120024004801,0,0.00460092018403681,0,0,0,0.0119023804760952,0,0,0,0,0,0,0,0,0,0,0,0,0,0.0021004200840168,0,0.0152030406081216,0.0003000600120024,0,0,0.0001000200040008,0,0.0002000400080016,0.00970194038807762,0,0.0442088417683537,0.00390078015603121,0,0,0.000500100020004001,0.0017003400680136,0,0,0,0.0022004400880176,0,0.0017003400680136,0,0,0.000600120024004801,0,0.0108021604320864,0.0019003800760152,0.00790158031606321,0,0,0,0.0174034806961392,0,0.00610122024404881,0,0,0,0.0013002600520104,0,0,0,0.0002000400080016,0.0309061812362472,0,0,0,0,0,0,0.0016003200640128,0,0.0001000200040008,0.0003000600120024,0,0.192738547709542,0,0,0,0,0,0,0.000400080016003201,0,0,0,0.00340068013602721,0.0017003400680136,0,0,0,0,0,0.0001000200040008,0.0012002400480096,0,0,0,0,0,0,0,0,0,0,0,0,0,0.0002000400080016,0,0.0017003400680136,0.000500100020004001,0,0,0,0,0.000900180036007201,0,0,0.0013002600520104,0,0,0.000600120024004801,0,0,0.00410082016403281,0,0,0,0,0.0142028405681136,0.000500100020004001,0,0,0,0.00410082016403281,0.0001000200040008,0,0,0,0,0,0.0852170434086817,0.0001000200040008,0.0019003800760152,0,0,0,0,0,0,0,0.000600120024004801,0.0003000600120024,0,0.00760152030406081,0.0001000200040008,0.00760152030406081,0,0.0207041408281656,0.000400080016003201,0.00400080016003201,0,0.0018003600720144,0,0.000500100020004001,0,0,0,0,0,0,0.0334066813362673,0,0,0,0,0,0.0002000400080016,0,0,0,0,0.001000200040008,0.00760152030406081,0,0,0,0,0,0,0,0,0.0003000600120024,0,0,0.0003000600120024,0,0,0,0,0,0.000700140028005601,0,0,0,0,0,0.0489097819563913,0,0.0014002800560112,0,0,0,0,0,0,0,0.158331666333267,0,0.0358071614322865,0.0370074014802961,0,0,0,0,0,0,0.0031006201240248,0,0,0,0,0,0,0.00400080016003201,0,0,0.00400080016003201,0
0,0.00369778133120128,0,0,0.000199880071956826,9.9940035978413e-05,0,0.00239856086348191,0,0.000599640215870478,0,0,0,0,0,0,0,0,0,0.000199880071956826,0.00809514291425145,0.00159904057565461,0,0.000899460323805717,0,0,0.000199880071956826,0,0.0101938836697981,0.00129922046771937,0.00239856086348191,0,0,0.00649610233859684,0,0,0,0.00799520287827304,0,0,0,0.000299820107935239,0,0.0153907655406756,0,0.05856486108335,0,9.9940035978413e-05,0,0,0,0.00259844093543874,0,0,0.00299820107935239,0,0,0,0,0.000599640215870478,0.000299820107935239,0.000899460323805717,0,0,0,0,0.00159904057565461,0,0,0.0099940035978413,0.000299820107935239,0.000199880071956826,0,0.00129922046771937,0.0030981411153308,0,0,0,0,0.0061962822306616,0.00119928043174096,0,0.000599640215870478,0,0.0268838696781931,0,0.000199880071956826,0,0,0.00959424345392764,0,0.00499700179892065,0,0,0,0,0,0,0.00349790125924445,0,0,0,0,0,0.000199880071956826,9.9940035978413e-05,0.0334799120527683,0.00749550269838097,0,0,0,0,0,0.00659604237457526,0,0,0,0,0.000299820107935239,0,0,0,0,0,0.00729562262642415,0,0,0,0,0.0143913651808915,0.00219868079152508,0.041375174895063,0,0,0,9.9940035978413e-05,0.015490705576654,0,0,0,0.00299820107935239,0,0,0,0,0,0.00269838097141715,0.000399760143913652,0,0,0.000599640215870478,0.00209874075554667,0,0,0,0,0,0,0,0.000599640215870478,0,9.9940035978413e-05,9.9940035978413e-05,0.0330801519088547,0,0,9.9940035978413e-05,0,0,9.9940035978413e-05,9.9940035978413e-05,0,0.000299820107935239,0,0,0,0.000699580251848891,0.0053967619428343,0.00579652208674795,9.9940035978413e-05,0,0,0,0,9.9940035978413e-05,0,0,0,0,0.00259844093543874,0,0.00349790125924445,0,0,0,0,0,9.9940035978413e-05,0,0.116030381770937,0,0,0,9.9940035978413e-05,0,0.00239856086348191,0.00199880071956826,0,0,0,9.9940035978413e-05,0.00749550269838097,0,0,0.000199880071956826,0,0.00919448331001399,0.0030981411153308,0,0,9.9940035978413e-05,0.00319808115130921,9.9940035978413e-05,0,0,0,0.000499700179892065,0,0,0,0.00289826104337398,9.9940035978413e-05,0,0.0287827303617829,0,0,9.9940035978413e-05,0,0.000199880071956826,0,0.000899460323805717,0,0,0,9.9940035978413e-05,0.000299820107935239,0,0,0,0.00159904057565461,0,0.000299820107935239,0.000999400359784129,0,0.000499700179892065,0.000699580251848891,0.00139916050369778,0,9.9940035978413e-05,0.00259844093543874,0,0,0,0.000499700179892065,0.000899460323805717,0,0,0,0.000599640215870478,0.104837097741355,0.00699580251848891,0.000199880071956826,0.0370777533479912,0,0,0,0,0,9.9940035978413e-05,0.25754547271637,0,9.9940035978413e-05,0.00389766140315811,0,0,0,0.00159904057565461,0,9.9940035978413e-05,0.00129922046771937,0,0,0,0,0,0,0.00159904057565461,0,0,0.000999400359784129,0.00719568259044573
0,0,0,0.000299580587177951,0,9.98601957259836e-05,0.000399440782903934,0,0,0,0,0,9.98601957259836e-05,0,9.98601957259836e-05,9.98601957259836e-05,0.000299580587177951,0,0,0,0,0.000499300978629918,0,0,0.000499300978629918,0.199420810864789,0,0,0.000299580587177951,0.000199720391451967,0,0,0,0.00808867585380467,0.000199720391451967,0,0.000399440782903934,0,0,0,0.000299580587177951,0,0,0,0,0.006091471939285,0,0,0,0,9.98601957259836e-05,0,0,0,0.00139804274016377,0,0,0.00159776313161574,0,0.0394447773117635,9.98601957259836e-05,0,9.98601957259836e-05,0,0,0,0.0156780507289794,0,0,0,0.0101857399640503,0,0,0,0,0.000798881565807869,0.000499300978629918,0,0,0.00509286998202517,0.000898741761533853,0,0.0350509286998203,0,0.00559217096065508,0,0,0,0.000199720391451967,0.00229678450169762,0.0566207309766327,0.000199720391451967,0.00139804274016377,0,0,0.012282804074296,0,0,0,0,0,0,9.98601957259836e-05,0,0,0.000599161174355902,0,0.0432394647493509,0.0100858797683243,0,0,0,0.000499300978629918,0.00259636508887557,0,0.00589175154783303,9.98601957259836e-05,0,0.00599161174355902,0,0,0,0,0,0.00159776313161574,0,9.98601957259836e-05,0,0,0,0.00159776313161574,0.0626123427201917,0,9.98601957259836e-05,9.98601957259836e-05,0,0.00509286998202517,0,0.00139804274016377,0,0.000299580587177951,0.000399440782903934,0,0.000399440782903934,0,0,0.000199720391451967,0.00169762332734172,0,0,0,0.00219692430597164,0,0,0,0,0,0,0,0,0,0.00559217096065508,0,0,0,0,0.00129818254443779,0,0.000199720391451967,0,0,0.00159776313161574,9.98601957259836e-05,0,0,0,0,0,0.00359496704613541,0,0.00878769722388656,0.000499300978629918,0,0.0131815458358298,0.0066906331136409,0,0,0,0,0,0,0.00269622528460156,9.98601957259836e-05,0,0,0.00209706411024566,0.000299580587177951,0.000299580587177951,0,9.98601957259836e-05,0,0,9.98601957259836e-05,0.0114839225084881,0,0.000299580587177951,9.98601957259836e-05,0.000599161174355902,0,9.98601957259836e-05,0,0,0,0,0,0,0.00589175154783303,0,9.98601957259836e-05,0,0.00569203115638107,0,0.00389454763331336,0,0.00129818254443779,0,0,9.98601957259836e-05,0.0149790293588975,0,0.0386458957459557,0,0,0,0,0,0.000399440782903934,0,0,0,0,0,0,0,0.000798881565807869,0,0,0,0,0,0,0,0.00209706411024566,0,0,9.98601957259836e-05,0.000199720391451967,0,0,0,0,0,0,0.000199720391451967,0.000299580587177951,0,0,0,0,0.00229678450169762,0,0,0.00539245056920312,0,0,0,0,0,9.98601957259836e-05,0.281705612143,0,0,0.00868783702816057,0,0,0.00169762332734172,0,0,0,0.000399440782903934,0,0,0,0,0.0108847613341322,0,0.000399440782903934,0,0,9.98601957259836e-05,0
0,0,0,0.00119964010796761,0,0,0.000399880035989203,0,0,0,0,0,0,0.0389883035089473,0,0,0,0,0,0,0,0.00309907027891633,0,0,0.000399880035989203,0.0193941817454764,0,0,0,0,0.0336898930320904,0,0,0,0.000899730080975707,0.00179946016195141,0,0.00109967009897031,0,0,0,0,0,0,0,0,0,9.99700089973008e-05,0,0,0,0,9.99700089973008e-05,0,0.000299910026991902,0.000299910026991902,0,0,0,0,0,0.00149955013495951,0,0,0.00479856043187044,9.99700089973008e-05,0.0434869539138259,0,0,0,0.000599820053983805,0,0,0,0,0,0,0,0,0.000399880035989203,0,9.99700089973008e-05,0,0,0.00399880035989203,0,0,0,0,0.0150954713585924,0.0843746875937219,0,0,0,0,0,0,0,0,0,0.00269919024292712,0,0.000299910026991902,0,0,0.00189943017094872,0,0.0462861141657503,0.00219934019794062,0.00409877036888933,0.00139958012596221,0,0,0.00979706088173548,0,0.00699790062981106,0,0,0,0,0,0,0,0,0,0.00269919024292712,0,0,9.99700089973008e-05,0.00209937018894332,0.00309907027891633,0.0230930720783765,0,0,0,0,0,0,0,0,0,0,0,0,0,0,0.000399880035989203,0,0,0,0,0.00339898030590823,0,0,0.0103968809357193,0,0,0,0,0.00169949015295411,0,0,0.0154953513945816,0,0,0,0.00249925022493252,0,0,0.000399880035989203,0,0.00189943017094872,0,0,0,0,0,0,0.013296011196641,0.00139958012596221,0.00369889033290013,0,0,0.00159952014395681,0,0,0,0,0.000699790062981106,0,0,0.00759772068379486,0,0,0.0339898030590823,0,0,0,0,0,0,0,0,9.99700089973008e-05,0,0,9.99700089973008e-05,0,0,0.00189943017094872,0,0,0.000799760071978406,0,0,0,0,0.00179946016195141,0,0.00339898030590823,0,0.00209937018894332,0.0210936718984305,0.00569829051284615,0.00159952014395681,0,0,0,0.000699790062981106,0.00459862041387584,0.0179946016195141,0,0,0.0288913326002199,0,0.000799760071978406,0.000599820053983805,0,0,9.99700089973008e-05,0,0,0,0,0,0,0,0,0,0,0,0.000199940017994602,0.00199940017994602,0,0,0,0,0,9.99700089973008e-05,0,0,0,0,0,0,0,0,0.0242927121863441,0.0250924722583225,0.226731980405878,0,9.99700089973008e-05,0.0377886634009797,0,0,0,0,0.000299910026991902,0.000599820053983805,0.108767369789063,0,0,0.0106967909627112,0,0,0,0,0,0.00269919024292712,0,0,0,0,0,0.00679796061181645,9.99700089973008e-05,0,0,0,0,0
0,9.98601957259836e-05,0,0.000299580587177951,0.000399440782903934,0,0,0,0,0,0,0,0,0,9.98601957259836e-05,9.98601957259836e-05,0.000199720391451967,0,0,0,0.000499300978629918,0.000299580587177951,0.00159776313161574,0,0,0.0648092670261634,9.98601957259836e-05,0,9.98601957259836e-05,0.000299580587177951,0.0222688236468943,0,0,0.00858797683243459,0.000199720391451967,0,0.00139804274016377,0.0072897942879968,9.98601957259836e-05,0.000699021370081885,0,0,0,0.00199720391451967,0,0.00888755741961254,0.0048931495905732,0,9.98601957259836e-05,0.000199720391451967,9.98601957259836e-05,0,0,0.000199720391451967,0.0042939884162173,0,0,0,0,0.00279608548032754,9.98601957259836e-05,0,0,9.98601957259836e-05,0,0,0.000898741761533853,0,0,0.000199720391451967,0.000399440782903934,0,0,0.000499300978629918,0,0,0,0,0,0.00189734371879369,0.000499300978629918,0,0.0115837827042141,0,0,0,0.00379468743758738,0,0.000199720391451967,0.00149790293588975,0,0.00169762332734172,0,0,0.00339524665468344,0,0,0,0.00199720391451967,0,0.000199720391451967,0,9.98601957259836e-05,0,0.000299580587177951,0.000798881565807869,0,0.0762931895346515,0.0133812662272818,0.00229678450169762,0,0,9.98601957259836e-05,0.00908727781106451,0,0.00279608548032754,0,0,0.0235670061913321,0,0,0,0,9.98601957259836e-05,0.0129818254443779,0,9.98601957259836e-05,0,0,0,0.00359496704613541,0.000599161174355902,0,0,0,0,0.00289594567605353,0.00349510685040943,0,0,0,0,0,0,0,0,0,0.00219692430597164,0.00179748352306771,0.00169762332734172,0,0.000699021370081885,0,0,9.98601957259836e-05,0,0,0,0,0.000699021370081885,9.98601957259836e-05,0,0.0066906331136409,9.98601957259836e-05,0,0,0.000699021370081885,0,0,9.98601957259836e-05,9.98601957259836e-05,0,0.000199720391451967,0,0,9.98601957259836e-05,0,0.000699021370081885,0.00199720391451967,0,0.0207709207110046,0,0,0,0,0,0,0,0,0,0,0.00978629918114639,0,0,0,9.98601957259836e-05,0.00289594567605353,9.98601957259836e-05,0,0,0,0,0,0,0,0.000299580587177951,9.98601957259836e-05,0.000299580587177951,9.98601957259836e-05,9.98601957259836e-05,0,0,0,9.98601957259836e-05,0.000299580587177951,0,0.00279608548032754,0,0,0,0.00159776313161574,9.98601957259836e-05,0.00619133213501098,0,0.00129818254443779,9.98601957259836e-05,0.00169762332734172,0,0.0140802875973637,0.00199720391451967,0.00768923507090074,9.98601957259836e-05,0,0.00189734371879369,0,0,0,0,0,0,0,0,0,0.00589175154783303,0.000199720391451967,9.98601957259836e-05,0,0,0,0,0,0,0,9.98601957259836e-05,0,9.98601957259836e-05,9.98601957259836e-05,0,0.000499300978629918,0.0172758138605952,0,0,0,9.98601957259836e-05,0,0,0.000898741761533853,0,0,0.518673856600759,0.000199720391451967,0.00209706411024566,0.000599161174355902,0,0,0,0,0,0,0.0248651887357699,0,0,0.018274415817855,0,0,0,0,0,0,0.000199720391451967,0,0,0,0,0.000399440782903934,0,9.98601957259836e-05,0.00179748352306771,0,0.000599161174355902,9.98601957259836e-05
0,0,0,0.000599460485562993,0.000399640323708662,0,0.000199820161854331,0.00249775202317914,0,0.000799280647417324,0.000599460485562993,0,9.99100809271655e-05,0,0.000599460485562993,9.99100809271655e-05,0.00129883105205315,0.00329703267059646,0.000599460485562993,0,0.0089919072834449,0.00249775202317914,0,0.000299730242781497,0.000299730242781497,0.03137176541113,0.000199820161854331,0.000299730242781497,0.00119892097112599,0.00299730242781497,0,0,0,0.018083724647817,0,0,0.0110900189829154,0.0324707763013288,0,0,0,0,0,0,0.000599460485562993,0.127185533020282,0,0.000799280647417324,0,0,0.000399640323708662,0,0,0,0.0164851633529823,0,0,0.000599460485562993,0,0.018083724647817,0.000399640323708662,0.00489559396543111,0,9.99100809271655e-05,0,0.000199820161854331,9.99100809271655e-05,0,0.00709361574582875,0,0.00279748226596064,9.99100809271655e-05,0,0,0,0,0,0,0,0.00649415526026576,0.00169847137576181,0.00179838145668898,0.0175841742431811,0,0,0.000399640323708662,9.99100809271655e-05,0,9.99100809271655e-05,0.00709361574582875,0.148266560095914,0.000199820161854331,0.000299730242781497,0,0,0,0,9.99100809271655e-05,0.00149865121390748,0,0,0,9.99100809271655e-05,0,0,0,0,0,0.0145868718153662,0.00239784194225197,0,0.00109901089019882,0,0.000799280647417324,0.000299730242781497,0.00459586372264962,0,0,0,0,0,0,0.00279748226596064,9.99100809271655e-05,0.0140873214107303,0,0,0,0.0282745529023878,0,0.0123888500349685,0.00349685283245079,0.00249775202317914,0,9.99100809271655e-05,0.000399640323708662,0.00189829153761615,0,0.0025976621041063,0.000199820161854331,9.99100809271655e-05,0,0,0.000499550404635828,0,0,9.99100809271655e-05,0.0060945149365571,0.00139874113298032,9.99100809271655e-05,0,0.00779298631231891,0,0,9.99100809271655e-05,0,0,9.99100809271655e-05,0,0.00159856129483465,0,0.00179838145668898,0.00969127784993506,0,0,0.000199820161854331,0.00159856129483465,0,0,0,0,0.00459586372264962,9.99100809271655e-05,0,0.00269757218503347,0,0.000499550404635828,0,0,0.00239784194225197,0.0225796782895394,0.000599460485562993,0,0.000799280647417324,0.00389649315615946,0,0,0,0,0,0,0.00359676291337796,9.99100809271655e-05,0,0,0,0,0,0,9.99100809271655e-05,0.000199820161854331,0,0,0,0,0.000399640323708662,0.000699370566490159,0,0,0.00129883105205315,0.000199820161854331,0,0,0,0.000299730242781497,0.000399640323708662,0.0057947846937756,0.00739334598861025,0.00719352582675592,0,0,0.00249775202317914,0.0133879508442402,0,0,0,0.00769307623139175,0,0.00649415526026576,0.00309721250874213,0.0226795883704666,0,0,0.0105904685782795,0,0,0,0,0,0.00219802178039764,0,9.99100809271655e-05,0,0.0246777899890099,0,0,0.0105904685782795,0,9.99100809271655e-05,0,0,0.000399640323708662,0.00409631331801379,0,0.000999100809271655,0.00219802178039764,0.000199820161854331,0,0.00239784194225197,0.000399640323708662,0.000399640323708662,0,0,9.99100809271655e-05,0,0,0,0,0,0.000199820161854331,0,0.00169847137576181,0,0,9.99100809271655e-05,0,0.000599460485562993,0,0.000799280647417324,0.140073933459886,0.000199820161854331,0,0.0351683484863623,0,0,0,0,0.000499550404635828,0.00139874113298032,0.00489559396543111,0,0,0.000299730242781497,0,0.00359676291337796,0.000399640323708662,0.000399640323708662,0,0,0.0182835448096713,0
0,0,0,0.000399880035989203,0,0,0.000399880035989203,0,0,0,0,0,0,0,9.99700089973008e-05,0,0,0,0.000799760071978406,0,0,0.0101969409177247,0.00129961011696491,0,0,0.163450964710587,0,0,0.000799760071978406,9.99700089973008e-05,0.0625812256323103,0,0.00299910026991902,0,0,0,0.000599820053983805,0.0623812856143157,0,0,0,0,0,0,0,0.0396880935719284,0,0,0.000799760071978406,0,0.000399880035989203,0,0,0,0,0,0,0,0,0,0.00139958012596221,0.0174947515745276,0,0,0,0,0,0.000799760071978406,0.00409877036888933,0,0.083075077476757,0,0,0,0,0,0,0,0,0,0.00179946016195141,0,0,0,0,9.99700089973008e-05,0.00799760071978406,0,0,0,0,0,0,0.00519844046785964,0,0,0,0,0,0,0,0.00249925022493252,0.000199940017994602,0,0,0,0,9.99700089973008e-05,0,0,0.000499850044986504,0,0,0.00479856043187044,0,0.00889733080075977,0,0,0,9.99700089973008e-05,0,0,0,9.99700089973008e-05,0.00729781065680296,0,0,0,0,0,0,0.00199940017994602,0,0,0,9.99700089973008e-05,0.00379886034189743,0.00369889033290013,0,0,0,0,0,0,0,0,0,0.0174947515745276,0,0,0,0,0,0,0,0,0,0,0,0,0.00189943017094872,0,0.0177946616015195,0,0,0,0.00229931020693792,0,0,0,0,0.00189943017094872,9.99700089973008e-05,0,0,0,0,0,0,0,0.00689793062081376,0.000599820053983805,0,0,0,0,0,0,0,0,0,0.0118964310706788,0.000299910026991902,0,0.030590822753174,0,0,0,0,0,0,0,0,0,0,0.00439868039588124,0.000899730080975707,0,0.000199940017994602,0.000299910026991902,0,0,0,0,0.00529841047685694,0,0,0,0.00279916025192442,0,0,0,0,0,0,0,0,0,0.0125962211336599,0.00329901029691093,0.0321903428971309,0,0,0.0163950814755573,0,0,0,0,0,9.99700089973008e-05,0,0,0,0,0,0,0,0,0,0,0,0,0,9.99700089973008e-05,0,0.00229931020693792,0,0,0,0.00239928021593522,0,0,0,0.000299910026991902,0.000799760071978406,0,0,0,0,0.000199940017994602,0,0,0.00249925022493252,0,0,0,0,0,0,0.228331500549835,0,0,0.053184044786564,0,0,0,0,0,0,0,0,0,0,0,0.00129961011696491,0,0.000199940017994602,0,0,0.0350894731580526,0
0,0,0,0,0,0,0,0,9.99600159936026e-05,0,0.000199920031987205,0,0,9.99600159936026e-05,0.022890843662535,0,0,0,0,0,0.00669732107157137,9.99600159936026e-05,0,0,0,0.000199920031987205,9.99600159936026e-05,0,0.00859656137544982,0.014094362255098,0.00129948020791683,0,0,0.00119952019192323,0,0,0,0,0,0,0,0.00109956017592963,0,0,0,0,0,0.000199920031987205,0,0,0,0,0,0,0.00509796081567373,0,0,0,0,0.0191923230707717,0.000499800079968013,0.0114954018392643,0.00159936025589764,0,0,0,0,0,0,0,0.00499800079968013,0,0.000299880047980808,0.00219912035185926,0,0,9.99600159936026e-05,9.99600159936026e-05,0,0.00519792083166733,0.00239904038384646,9.99600159936026e-05,0,0,0.0437824870051979,0,9.99600159936026e-05,0,0,0.000899640143942423,0,0.0717712914834066,0.00109956017592963,0.00439824070371851,0.00129948020791683,0,0,0,0.00039984006397441,0,0,0,0,0.000299880047980808,0.000199920031987205,9.99600159936026e-05,0.039984006397441,0.171231507397041,0,0,0,0.00439824070371851,0,0.000599760095961615,0,9.99600159936026e-05,0,0.000199920031987205,0.0177928828468613,0.00079968012794882,0,0,0,0,0.00679728108756497,0,0,0,0,0.0038984406237505,0.000299880047980808,0.0257896841263495,0,0,0,0.000199920031987205,0.000999600159936026,0,0,0,0.215513794482207,0,0,0,0,0,0.00149940023990404,9.99600159936026e-05,0,0,0.000899640143942423,0.00619752099160336,9.99600159936026e-05,0.00319872051179528,0,0,0,0,0,0.00039984006397441,0,0.000499800079968013,0.00139944022391044,0,0,0,0,0,0.000299880047980808,0,0.000599760095961615,0,0,0,0,0,0.000999600159936026,0.00159936025589764,0,0.000299880047980808,9.99600159936026e-05,0,0,0,0.00759696121551379,0,0,0,0,0,0,0.00279888044782087,0,0.00309876049580168,0,0,0,0,9.99600159936026e-05,0,0,0,0,0.0037984806077569,0,0.0346861255497801,9.99600159936026e-05,0,0,0,0,0,0,0,0.000499800079968013,0,0.00929628148740504,0.000899640143942423,0.0315873650539784,0,0.0171931227508996,0.000599760095961615,0.00249900039984006,0,0,0,0.0039984006397441,9.99600159936026e-05,0.000599760095961615,0,0.00529788084766094,0,0,0.000599760095961615,0,0,0.000699720111955218,0,0,0.0143942423030788,9.99600159936026e-05,0,0.015593762495002,0.00209916033586565,0,0,9.99600159936026e-05,0.000899640143942423,0,0.000199920031987205,0.0037984806077569,9.99600159936026e-05,0,0,0.00489804078368653,0,0.000899640143942423,0.00039984006397441,0.00149940023990404,0,0.000299880047980808,0,0,0.000599760095961615,0.000499800079968013,0,0.00289884046381447,0,0,0.00079968012794882,0,0.00609756097560976,0,0,0,9.99600159936026e-05,0,0.000199920031987205,0.00839664134346262,0.0342862854858057,0,0,0.000899640143942423,0,0,0,0.000299880047980808,0,0.00309876049580168,0.000499800079968013,0,0,9.99600159936026e-05,0,0.00109956017592963,0.00039984006397441,0.000599760095961615,0.0109956017592963,0.00709716113554578,0.00539784086365454,0.00299880047980808
0,0,0,0,0,0,0.00829585207396302,0,0.119540229885057,0,0,0,0.000199900049975012,0,0.000199900049975012,0,0.00249875062468766,9.99500249875062e-05,0,0,0.0189905047476262,0.00379810094952524,0,0,0,0.088855572213893,0,0,0.00469765117441279,0,0.00209895052473763,0,0,0.0231884057971014,0,0,0.000199900049975012,0.0298850574712644,0,0,0,0,0,0.0184907546226887,0,0.0145927036481759,0,0,0,0,0,0,9.99500249875062e-05,0,0,0,0,0,0,0,0,0.0128935532233883,9.99500249875062e-05,0,0.0152923538230885,0,0.00299850074962519,0,0,0,0.00249875062468766,0,0,0.0105947026486757,0,0,0,0,0,0.0373813093453273,0,0,0,0,0,0.000199900049975012,9.99500249875062e-05,0.00129935032483758,0,0.00549725137431284,0,0,0.0047976011994003,0,0,0,0,0,0.00469765117441279,0.00539730134932534,0,9.99500249875062e-05,0,0.00079960019990005,0,0,0.0207896051974013,0.0145927036481759,0.0079960019990005,0,0,0.00419790104947526,0,0.000399800099950025,0,0,0,9.99500249875062e-05,0,0,0.000299850074962519,0,0,0.00329835082458771,0.00079960019990005,0,0,0,0,0,0.00339830084957521,0.00189905047476262,0,0,0,0,0.00189905047476262,0,0,0,0,0,0,0.000199900049975012,0,0,0.000299850074962519,0,0,0,0,0.0184907546226887,0.00269865067466267,0,0,0,0,0,0,0,0,0,0,0,0,0,0,0,0,0.000199900049975012,0,0,0.000899550224887556,0,0.0015992003998001,0,0,0,0.0340829585207396,0.00939530234882559,0.0366816591704148,0,0,0.00149925037481259,0,0,0,0,0,0,0,0.00139930034982509,0.00149925037481259,0,0.0219890054972514,0,0,0,0,0,0,0.00359820089955022,0,0,0.0243878060969515,0.00259870064967516,0,0,0,0.00209895052473763,0,0,0,0.000199900049975012,0,0,0,0,0,0,0.00609695152423788,0,0,0,0.00119940029985007,0,0,0.00079960019990005,0.00419790104947526,0,0.024687656171914,0,0,0.0592703648175912,0,0,0,0,0,0,0,0,0,0,9.99500249875062e-05,0,0,0.00519740129935032,0,0,0,0,0,0,0,0,0.000299850074962519,0,0,0.000499750124937531,0.00129935032483758,0,0,0,0,0,0,0.0125937031484258,0,0.0466766616691654,0,0.00279860069965018,0.00349825087456272,0.000299850074962519,9.99500249875062e-05,0,0,0,0.00279860069965018,0.133333333333333,0,0,0.0193903048475762,0,0,0,0,0.000199900049975012,0,0.00339830084957521,0,0,0,0,0.00149925037481259,0,0.000399800099950025,0,0,0.00549725137431284,0
0,0,0,0,0,9.99600159936026e-05,0.000199920031987205,0.00239904038384646,0,0.00119952019192323,0.000499800079968013,0,0,9.99600159936026e-05,0.00309876049580168,0,0,0,0.000199920031987205,0.000199920031987205,9.99600159936026e-05,0.000499800079968013,0.000999600159936026,0.000899640143942423,0.000599760095961615,0.1015593762495,0,0,0.00419832067173131,0.00879648140743703,0.0076969212315074,0,0.00179928028788485,0.00809676129548181,0,0,0.00039984006397441,9.99600159936026e-05,0.000499800079968013,0,0,0,0,0.00499800079968013,0,0.00629748100759696,0,0.00079968012794882,0,0,0,0,0,0,0.00279888044782087,0.000199920031987205,0,0,0,0.000199920031987205,0.00039984006397441,0,0,9.99600159936026e-05,0,0,0.0261895241903239,0,0,0.00459816073570572,0.00659736105557777,0.00079968012794882,0.000299880047980808,0.00429828068772491,0,0,0,0,9.99600159936026e-05,0.000599760095961615,0.000699720111955218,0,0.0395841663334666,0,0.0108956417433027,0.00349860055977609,0,9.99600159936026e-05,0,0.00159936025589764,0,0.00559776089564174,9.99600159936026e-05,0,0,0.0133946421431427,0,0,0.00229908036785286,0,0,0.00599760095961615,0,0,0,0,0.0129948020791683,0.00489804078368653,0,0.107756897241104,0,0.00259896041583367,0,0.00119952019192323,0,0.00669732107157137,0.000199920031987205,0,0.00889644142343063,0.000199920031987205,9.99600159936026e-05,0,0,0,0.000999600159936026,0,0,0,0.00079968012794882,0.00149940023990404,0.00129948020791683,0.000599760095961615,9.99600159936026e-05,0,0,0,0.00669732107157137,0.00499800079968013,0,0,0,0,0,0.00159936025589764,0,0,0.00259896041583367,0.00339864054378249,0,0,0.00119952019192323,0.0126949220311875,0,0,0.00949620151939224,0,0,0,0,0.00499800079968013,0,0,0.00639744102359056,0,0,0,0.0037984806077569,0,0,0,9.99600159936026e-05,0,0.00319872051179528,0,9.99600159936026e-05,0,0,0.0164934026389444,0.031187524990004,0,0.00929628148740504,0,0,0.0143942423030788,0.00709716113554578,0,0,0,0,0.000499800079968013,0,0.00429828068772491,0.00039984006397441,0,0,9.99600159936026e-05,0.00609756097560976,0,0,0,0,0,0,0.171931227508996,0,0,0,0,0.000199920031987205,0.00239904038384646,0,0.000199920031987205,0,0.00219912035185926,0.000299880047980808,0.00119952019192323,9.99600159936026e-05,0.0118952419032387,0,0,0.00209916033586565,0.000999600159936026,0.00249900039984006,0,0.00899640143942423,0,0.00359856057576969,0,0.00629748100759696,0.00369852059176329,0,0,0,0.0302878848460616,0,0,0.00139944022391044,0,0,0,0,0,0,0,0,0,0,0,0,0,0.030187924830068,0.000199920031987205,0.000499800079968013,9.99600159936026e-05,0.00149940023990404,0.00179928028788485,0,0,0.000999600159936026,0.00489804078368653,0,0,0,9.99600159936026e-05,0.00849660135945622,0,0,0,0.00149940023990404,0.0387844862055178,0,0,0.0309876049580168,0,9.99600159936026e-05,0,0,0.000999600159936026,0,0.0216913234706118,0,0,0.00669732107157137,0,0,0,0,0,0,0.000899640143942423,0,0,0,0,0.00529788084766094,0,9.99600159936026e-05,0,0,0.00239904038384646,0.00219912035185926
0,0,0,0,0.00019974033756117,0,0.00259662438829522,0.00189753320683112,0,0.000699091181464097,9.98701687805852e-05,9.98701687805852e-05,0,9.98701687805852e-05,9.98701687805852e-05,0,0.00019974033756117,0,9.98701687805852e-05,0,0.0053929891141516,0.00119844202536702,0.00249675421951463,0.00019974033756117,0.000499350843902926,0.323079996005193,0.000699091181464097,0,0.00159792270048936,0.000998701687805852,0.00908818535903326,0,0,0.0189753320683112,0.000299610506341756,0,0,0.00489363827024868,0,0,0,0,0,0,0,0.0206731249375811,9.98701687805852e-05,0.000299610506341756,0,0.000699091181464097,9.98701687805852e-05,0,9.98701687805852e-05,0.00019974033756117,0.00019974033756117,9.98701687805852e-05,0,0.000299610506341756,0,0.000599221012683511,0.000599221012683511,0.000898831519025267,9.98701687805852e-05,0,0.0121841605912314,0.00169779286926995,0.00109857185658644,0.000299610506341756,0,9.98701687805852e-05,0.000499350843902926,9.98701687805852e-05,0.000499350843902926,0.00838909417756916,0,0,0,0,0.00239688405073405,0.00129831219414761,0.000499350843902926,9.98701687805852e-05,0.0243683211824628,0.00129831219414761,0.00019974033756117,0,0.00798961350244682,0,0,0.00769000299610506,0,0.00019974033756117,0.00828922400878858,0.00239688405073405,0,0,0,0,0,0,0,0,0,0.00109857185658644,9.98701687805852e-05,0.000399480675122341,0.00709078198342155,0.00579246978927394,0.00139818236292819,0.00519324877659043,0.000798961350244682,0.00019974033756117,0,0.000499350843902926,0,0.00729052232098272,0,0,0,9.98701687805852e-05,9.98701687805852e-05,0,0,0,0.025766503545391,0.00209727354439229,0,0,9.98701687805852e-05,0,0.00868870468391092,0.0132827324478178,0,0,9.98701687805852e-05,0,0.0612204134624987,0,0,0,0,0,0,0,0.00259662438829522,0,0.000699091181464097,0.00848896434634975,0.000898831519025267,0,0,0.014680914810746,0,0.00169779286926995,0,0,0,0,0,0.0120842904224508,0,0,0.0177768900429442,0,0,0.000299610506341756,0.00109857185658644,0,0,9.98701687805852e-05,0.00019974033756117,0.00109857185658644,9.98701687805852e-05,0.000399480675122341,0.00109857185658644,0,9.98701687805852e-05,0.00259662438829522,0.00479376810146809,0.00129831219414761,0.0317587136722261,0,0.000599221012683511,0.000499350843902926,0.00329571556975931,0,0,0,0,0,0,0.00329571556975931,0,0,0.0190752022370918,0,0,0,0,0,0,0,0,9.98701687805852e-05,0,0.000499350843902926,0.00019974033756117,0,0,0,9.98701687805852e-05,0,0,9.98701687805852e-05,0.000399480675122341,0.000898831519025267,0.00289623489463697,9.98701687805852e-05,0,0.000699091181464097,0.00019974033756117,0.00019974033756117,0.000998701687805852,0,0.000798961350244682,0,0.00469389793268751,0,0,0.000599221012683511,0.0552282033356636,0,0,0.0384500149805253,0,0,0.00019974033756117,0,0,0,9.98701687805852e-05,0,0,0,0,0,0.00429441725756517,9.98701687805852e-05,0.000399480675122341,0.00848896434634975,0,0.000299610506341756,0.00129831219414761,9.98701687805852e-05,0.000599221012683511,0.000299610506341756,0.000299610506341756,9.98701687805852e-05,0.000798961350244682,0.00359532607610107,0,0,0,0.00019974033756117,0.00019974033756117,0,9.98701687805852e-05,0,0.000898831519025267,0.00159792270048936,0.000299610506341756,0.0026964945570758,0.000898831519025267,0,9.98701687805852e-05,0,0,0,0,0.0794966543493458,0,0,0.00788974333366623,0,0,0,0,0,0,0.00349545590732048,0,0.000898831519025267,0,0,0.0131828622790373,0.00019974033756117,0.000299610506341756,0,0,0.0053929891141516,0
0,0,0,0,0,0,0.0006000600060006,0.0012001200120012,0,0.0057005700570057,0,0,0,0,0.0021002100210021,0,0,0,0,0.0005000500050005,0.0011001100110011,0.0024002400240024,0.0011001100110011,0.0008000800080008,0.0004000400040004,0.0388038803880388,0,0,0.0009000900090009,0.0226022602260226,0,0,0,0.0133013301330133,0,0,0.023002300230023,0.0021002100210021,0.0003000300030003,0,0.0001000100010001,0,0.0001000100010001,0.0055005500550055,0,0.008000800080008,0,0,0.0002000200020002,0,0,0,0,0,0.001000100010001,0,0,0,0,0.0046004600460046,0,0.0002000200020002,0,0,0,0,0.0007000700070007,0,0.0044004400440044,0,0.0032003200320032,0,0.0003000300030003,0,0,0,0,0,0,0.0001000100010001,0.0007000700070007,0,0.0388038803880388,0,0.0004000400040004,0,0,0,0,0.0043004300430043,0,0.0001000100010001,0.007000700070007,0.0077007700770077,0,0.0024002400240024,0,0,0.0709070907090709,0,0,0,0,0,0.0011001100110011,0.0041004100410041,0,0.0036003600360036,0,0.0281028102810281,0,0,0.0032003200320032,0.0201020102010201,0.0019001900190019,0.0272027202720272,0,0,0.0173017301730173,0.0001000100010001,0,0,0,0,0.0161016101610161,0,0,0,0,0.0001000100010001,0.0054005400540054,0.0001000100010001,0,0,0,0.0012001200120012,0.0141014101410141,0.0116011601160116,0,0,0.0001000100010001,0,0,0,0,0.001000100010001,0.0002000200020002,0.0044004400440044,0,0,0.0003000300030003,0.0097009700970097,0,0,0.0001000100010001,0,0,0,0,0.0032003200320032,0,0,0.0224022402240224,0,0,0,0.0081008100810081,0,0,0,0,0,0,0,0,0,0,0,0.0026002600260026,0,0.0547054705470547,0.0032003200320032,0,0,0,0,0,0,0,0,0,0.0047004700470047,0.0001000100010001,0,0.0005000500050005,0,0,0,0,0,0,0,0,0.0001000100010001,0,0,0.0006000600060006,0,0,0,0,0,0,0,0.0011001100110011,0,0.0039003900390039,0.0002000200020002,0.0001000100010001,0.0004000400040004,0.0016001600160016,0,0.0209020902090209,0,0.0023002300230023,0.0019001900190019,0,0,0.0117011701170117,0.0003000300030003,0.0002000200020002,0,0,0.0419041904190419,0,0,0,0,0,0,0,0.0001000100010001,0,0,0,0,0,0,0.0005000500050005,0.0111011101110111,0,0.0001000100010001,0.0005000500050005,0,0.0017001700170017,0,0,0,0.0005000500050005,0.0012001200120012,0,0,0,0.001000100010001,0,0.0009000900090009,0,0,0.0318031803180318,0.0027002700270027,0,0.0006000600060006,0.122212221222122,0,0,0,0,0,0.0004000400040004,0.157815781578158,0,0,0.0159015901590159,0,0,0,0,0,0,0,0,0,0,0,0,0,0.0011001100110011,0,0,0.0144014401440144,0
0,0,0,0,0,0,0.0137944822071172,0,0,0.00199920031987205,0,0,0,0,0.00309876049580168,0,0.0109956017592963,0,0,0,0,0.0111955217912835,0.00549780087964814,0,0,0.341863254698121,0,0,0.00129948020791683,0,0,0,0,0.0126949220311875,0.000899640143942423,0,0,0.0120951619352259,0,0,0,0,0,0,0,0.00429828068772491,0,0,0.000199920031987205,0,0,0,0,0,0,0,0,0.00279888044782087,0,0,0,0.00879648140743703,0,0,0,0.000299880047980808,0.00919632147141144,0,0,0,0,0,0,0,0,0,0,0,0,0.00609756097560976,0,0,0,0,0.0123950419832067,0,0,0,0.000299880047980808,0.00159936025589764,0.00489804078368653,0.00119952019192323,0.00079968012794882,0,0,0,0,0,0,0,0,0,0,0,0.000299880047980808,0,0.00839664134346262,0.045281887245102,0,0,0,0,0,0.00329868052778888,0,0.00969612155137945,0,0,0,0.00039984006397441,0.000299880047980808,0,0.00309876049580168,0,0.00219912035185926,0,0,0,0,0,0.00179928028788485,0,0,0,0,0,0.0181927229108357,0,0,0,0.00359856057576969,0,0.0101959216313475,0,0,9.99600159936026e-05,0,0.0121951219512195,0,0,0.0039984006397441,0,0,0,0,0,0.00329868052778888,0,0,0,0,0,0,0,0,0,0,0,0,0,0,0.0294882047181128,9.99600159936026e-05,0,0,0,0,0,0,0,0.0718712514994002,0,0,0,0,0,0,0,0,0,0,0.0076969212315074,0.00079968012794882,0,0,0.000299880047980808,0,0,0,0,0,0,0,0,0.000199920031987205,0,0,0,0.000599760095961615,0,0,0,0,0,0,0,0,0.0038984406237505,0,0,0,0,0,0,0.00739704118352659,0,0,0,0.0039984006397441,0,0.0177928828468613,0,0,0.0709716113554578,0,0,0,0.000599760095961615,0.00519792083166733,0,0,0,0,0,0.00259896041583367,0,0,0,0,0,0,0,0,0,0,0,0,0,0,0.00239904038384646,0,0,0,0,0,0,0,0,0,0.0124950019992003,0,0,0.0110955617752899,0,0,0,0,0.000199920031987205,0,0.111455417832867,0,0,0.0161935225909636,0,0,0,0,0,0,0,0,0,0,0,0.00249900039984006,0,0.00119952019192323,0,0,0.0242902838864454,0
0,0,0.000899730080975707,0.00799760071978406,0,0,0,0.00279916025192442,0.000399880035989203,0,0,0,0,0,9.99700089973008e-05,0,0.00399880035989203,0,0,0,0,0.00419874037788663,0,0,0.000899730080975707,0.000299910026991902,0,0,0,0.000999700089973008,0.0207937618714386,0,0,9.99700089973008e-05,0,0,0.00109967009897031,0,0,0,0,0,0,0.0135959212236329,0,0.0119964010796761,0,0,0,0,0,0,0,0.00139958012596221,0,0,0,0,0,0.0463860841747476,0.000799760071978406,0,0,0,0,0,0.00529841047685694,0,0,0,0,0,0,0.0125962211336599,0,0,0,0,0,0.0488853343996801,0.00269919024292712,0,0,0,0,0.000499850044986504,9.99700089973008e-05,0,0,0,0,0,9.99700089973008e-05,0,0,0,0,0,0.00159952014395681,0,0,0.00989703089073278,0.00299910026991902,0,0,0.00239928021593522,0,0.00269919024292712,0,0,0,0,0,0,0.000399880035989203,0.0155953214035789,0,0,0,0,0.000899730080975707,0,0,0,0.000599820053983805,0.00439868039588124,0,0,0.000599820053983805,0,0.00269919024292712,0.00349895031490553,0,0,0,0,0,0,0,0,0,0,0,0,0.0154953513945816,0,0,0.0140957712686194,0.00299910026991902,0,0,0.00349895031490553,0,0,0.000199940017994602,0,0,0,0.000899730080975707,0.0252924122763171,0,0,0.0270918724382685,0,0,0,0.00209937018894332,0,0.00149955013495951,0,0,0,0,0,0.00109967009897031,0,0,0,0.0124962511246626,0.00269919024292712,0.0632810156952914,0,0,0,0.00399880035989203,0,0.00869739078276517,0,0,0,0,0.00129961011696491,0,0,0.0504848545436369,0,0,0,0,0,0,0,0.0105968209537139,0,0,0.000799760071978406,0.000299910026991902,0,0,0,9.99700089973008e-05,0,0,0,0.00309907027891633,0,0.0355893232030391,0,0,0.00179946016195141,0.00669799060281915,0.00239928021593522,0.00629811056682995,0,0,0.000199940017994602,0,0,0,0.00859742077376787,0.0313905828251525,0,0,0.0128961311606518,0,0,0.00189943017094872,0,0,0,0,0,0,0,0.00189943017094872,0,0,0,0,0,0,0.00119964010796761,0,0,0,0.00139958012596221,0.00109967009897031,0,0.0164950514845546,0.000599820053983805,0,0,0,0,0,0,0,0,0.00519844046785964,0.182545236429071,0,0.00209937018894332,0.00119964010796761,0,0,0,0,0,0.000899730080975707,0.138258522443267,0,0,0.00789763071078676,0,0,0,0,0,0.026592022393282,0,0,0,0,0,0.000399880035989203,0.00609817054883535,0.000199940017994602,0,0,0.00879736079176247,0
0,0,0.0001000100010001,0,0,0,0,0.0024002400240024,0,0,0,0,0,0.0135013501350135,0.0006000600060006,0,0.0009000900090009,0,0,0.0006000600060006,0.0077007700770077,0.0063006300630063,0,0.0005000500050005,0.0001000100010001,0.033003300330033,0,0,0.0059005900590059,0,0,0,0,0.0029002900290029,0,0,0,0.007000700070007,0,0,0.001000100010001,0,0,0,0,0.0031003100310031,0,0,0,0,0.0014001400140014,0,0,0,0.0012001200120012,0,0,0,0,0.048004800480048,0.0004000400040004,0.0042004200420042,0,0,0.0163016301630163,0,0.0297029702970297,0,0,0,0.0032003200320032,0,0,0.0367036703670367,0,0,0,0,0.0003000300030003,0.0438043804380438,0,0,0.0116011601160116,0.0001000100010001,0.0249024902490249,0,0,0,0,0.0033003300330033,0,0.0009000900090009,0.0002000200020002,0,0,0.0068006800680068,0,0,0,0,0,0.0014001400140014,0,0,0,0,0.0195019501950195,0.0515051505150515,0,0,0,0,0,0.014001400140014,0,0,0,0,0.0118011801180118,0.0002000200020002,0,0,0,0,0.0034003400340034,0,0,0,0,0.0088008800880088,0.0001000100010001,0.0183018301830183,0,0,0,0,0.0005000500050005,0,0,0,0.0001000100010001,0,0,0,0,0,0,0.0002000200020002,0,0,0.0011001100110011,0,0,0.0024002400240024,0,0,0,0,0,0.003000300030003,0,0,0,0,0,0,0.0001000100010001,0,0,0,0,0,0,0,0,0,0,0,0,0,0,0,0,0,0.0014001400140014,0,0,0,0,0,0,0.0313031303130313,0,0,0,0.0001000100010001,0,0.0002000200020002,0,0,0,0,0,0.15041504150415,0,0.0014001400140014,0,0,0,0,0,0,0,0,0,0,0.0334033403340334,0.0109010901090109,0.0132013201320132,0,0.0093009300930093,0,0,0,0,0,0.0106010601060106,0,0.009000900090009,0,0.0088008800880088,0,0,0.0599059905990599,0,0,0,0,0,0.0006000600060006,0,0,0,0,0,0,0,0,0,0,0.017001700170017,0.0006000600060006,0,0,0,0.0012001200120012,0.0005000500050005,0,0.0014001400140014,0.0004000400040004,0.0019001900190019,0,0,0.0004000400040004,0,0,0,0,0,0.005000500050005,0.0009000900090009,0.0031003100310031,0.0067006700670067,0,0,0,0,0,0,0.110711071107111,0,0,0.0136013601360136,0,0,0,0,0,0.0178017801780178,0.0025002500250025,0,0,0,0,0.0052005200520052,0,0.0105010501050105,0,0,0.005000500050005,0
0,0,0,0.00649545318277206,0,0,0.00389727190966324,0.00299790146897172,0,0.00339762166483462,0,0,0,0.0100929349455381,0,0,0,0,0.000199860097931448,0.00229839112621165,0,0.00449685220345758,0.00379734186069751,9.9930048965724e-05,0.00139902068552014,0.102628160287799,0,0,0,0.000399720195862896,0,0,0,0.0102927950434696,0.000399720195862896,0,0.000599580293794344,0.002897971420006,0,0,0.00149895073448586,0,0.00169881083241731,0.011591885680024,0,0.0263815329269511,0,0,0,0,0,0,0,0,0.0124912561207155,0.000699510342760068,0,0.00159888078345158,0.00239832117517738,0.0078944738682922,0.00139902068552014,0.002897971420006,9.9930048965724e-05,0,0.00189867093034876,0,0.00049965024482862,0,0.000199860097931448,0,0.00449685220345758,0,0,0.00319776156690317,0,0.0053962226441491,0,0,0,0.0118916758269212,0.00269811132207455,0,0.000299790146897172,0,0.0138902768062356,0,0,0,0.000899370440691516,0.00399720195862896,0.00119916058758869,0.000399720195862896,0.00419706205656041,0.000299790146897172,0,0,0.00169881083241731,0,0.00329769161586889,0,0.000399720195862896,9.9930048965724e-05,0,0,0,0.00169881083241731,0,0.00179874088138303,0.000799440391725792,0.00049965024482862,0,0,0.00189867093034876,0,0,0.0110922354351954,0,0,0,0,0,0,0,0,0.0376736284600779,0.035475167382832,9.9930048965724e-05,0,0,0.0074947536724293,0.00579594284001199,0.00279804137104027,0,0,0,0,0.00359748176276606,0.00689517337863496,0,0,0.000299790146897172,0,0.00559608274208054,0.00169881083241731,0,0,0,0.00699510342760068,0,0,0.00529629259518337,0.00869391426001799,0,0,9.9930048965724e-05,0,0,0,0,0.00229839112621165,0,0,0.0272809033676427,0,0,0,0.00179874088138303,0.002897971420006,0,0,0,0.00139902068552014,0,0,0,0,9.9930048965724e-05,0.00299790146897172,0.002897971420006,0,0.00949335465174378,0.00049965024482862,0,0.00239832117517738,0.002897971420006,0,0.0153892275407215,0,0,0,0,0.0053962226441491,0.000299790146897172,0,0.0152892974917558,0,0,0.000199860097931448,0,0,0,0,0,0.0384730688518037,0,0.000599580293794344,0,0,9.9930048965724e-05,0,0,0,0,0,0,0,0.00299790146897172,0.0127910462676127,0.00849405416208654,0,0.00099930048965724,0,0.0181872689117618,0,0.00159888078345158,0,0.052862995902868,0,0.00589587288897772,0.00109923053862296,0.0143899270510643,0,0.000199860097931448,0.00199860097931448,0.00129909063655441,9.9930048965724e-05,0,0,0.000399720195862896,9.9930048965724e-05,0,0,0,0.045268312181473,0.000799440391725792,0,0,0,0,0,0.0045967822524233,0,0,0,0.000899370440691516,0,0.000299790146897172,0,0,0.0264814629759169,0,0,0,0,9.9930048965724e-05,9.9930048965724e-05,0,0.00279804137104027,0.00159888078345158,0,0,0.00619566303587489,0,0,0,0.000199860097931448,0,0,0.000399720195862896,0.177175976816229,0,0,0.0194863595483162,0,0,9.9930048965724e-05,0,0,0.00479664235035475,0,0,0,0,0,0.00369741181173179,0,9.9930048965724e-05,0,0,0.01448985710003,0
0.0002999700029997,0.0002999700029997,0,0.0021997800219978,0,0,0,0,0,0.000999900009999,0,0,0,0,0.0007999200079992,0,0.0206979302069793,0,0,0,0,0.0051994800519948,0,0,0.0010998900109989,0.293670632936706,0,0,0.0041995800419958,9.99900009999e-05,0.0111988801119888,0,0,0.0015998400159984,0,0,0.0004999500049995,0.0048995100489951,0.0006999300069993,0,0,0,0,0,0,0,0,0,0.0010998900109989,0.001999800019998,0,0,0,0,0,0,0,0,0,0.0565943405659434,0.0001999800019998,0,0,0,0,0,0.0063993600639936,0,0,0,0,0,0,0,0,0,0.0002999700029997,0,0,0.0077992200779922,0.0012998700129987,0,0,0,0,9.99900009999e-05,0,0,0,0.000999900009999,0,0.0002999700029997,0.0001999800019998,0,0,0.0001999800019998,0,0,0,0,0,0.0015998400159984,0,0,0.0003999600039996,0,0,0.133186681331867,0,0.0398960103989601,0,0,0.0002999700029997,0,0,0.017998200179982,0,0,0,0.0001999800019998,0.000999900009999,0,0,0,0.0007999200079992,0,0.0210978902109789,0,0,0,0.0003999600039996,0,0,0,0,0,0.008999100089991,0.0043995600439956,0,0,0.0001999800019998,0.0001999800019998,0,0,0,0,0.0073992600739926,0.002999700029997,0,0,0,0.0087991200879912,0.0001999800019998,0,0,0,0,0,0,0.0026997300269973,0,0,0,0,0,0,0.0054994500549945,0,0.0004999500049995,0,0.0005999400059994,0.0251974802519748,0,0,0,0,0,0.0001999800019998,0.0035996400359964,0,0,0,0,0.0065993400659934,0,0,0,0,0,0,0,0,0.0016998300169983,0.0012998700129987,0,0.0003999600039996,0.0026997300269973,0,0,0.0015998400159984,0,0,0,0,0,0.0093990600939906,0,0.0046995300469953,9.99900009999e-05,0,0,0,0,0,0.0002999700029997,0,0,0,0.0091990800919908,0,9.99900009999e-05,0,0,0,0.0025997400259974,0,0,0.0011998800119988,0,0,0,0,0,0.13008699130087,0,0,0,0,0,0,0,0,0.0126987301269873,0,0.0026997300269973,0,0,0.0063993600639936,0,0,0,0,0.0033996600339966,0,0.0011998800119988,0.0121987801219878,0.0001999800019998,0,0,0.0001999800019998,0,0,0,0.0010998900109989,0,0,0,0.0093990600939906,0.0022997700229977,0.004999500049995,0,0,0.027997200279972,0.0024997500249975,0,0,0,0,0,0.0007999200079992,0,0,0.0205979402059794,0,0,0,0,0,0,0.0015998400159984,0,0,0,0,0,0,0.0005999400059994,0,0,0.0027997200279972,0
0,0,0,0.000899730080975707,0,0,0.000899730080975707,0,0,0.00189943017094872,0,0,0.00179946016195141,0.0183944816555034,0.000199940017994602,0,0,0,0,0,0,0,0.00179946016195141,0,0.000799760071978406,9.99700089973008e-05,0,0,0,0,0.010296910926722,0,0,0.00629811056682995,0,0,0,0,0,0,0,0,0,0.00249925022493252,0,0.00489853044086774,0.0105968209537139,0.000199940017994602,0.000899730080975707,0,0.000399880035989203,0,0,0.000799760071978406,0,0,0,0.00699790062981106,0,0.0164950514845546,0.00149955013495951,0,0,0,0,0.00469859042287314,0.00309907027891633,0,0,0,0.00169949015295411,0,0,0.00139958012596221,0,0,0,0,0,0.0107967609717085,0.00389883035089473,0.000699790062981106,0,0,0.00589823053084075,0.000799760071978406,0.00959712086374088,0.000399880035989203,0,0,0,0.000299910026991902,0,0,0,0,0,0,0,0,0.00179946016195141,0,0.00309907027891633,0,0.00259922023392982,0,0.0179946016195141,0.0214935519344197,0.00249925022493252,0.0303908827351794,0,0,0,0,0,0.0176946915925222,0,0.000399880035989203,0,0,9.99700089973008e-05,0,0,0,0,0.00539838048585424,0,0,0,0,0.0131960411876437,0.00299910026991902,0,9.99700089973008e-05,0,0.000899730080975707,0.0337898630410877,0.0101969409177247,0,0,0.000499850044986504,0,0,0,0,0,0,0.018294511646506,0,0,0,0.00529841047685694,0,0,0,0,0,0,0.00309907027891633,0.00829751074677597,0,0,0.0499850044986504,0.027591722483255,0,0,0.00879736079176247,0,0,0,0,0,0,0,0,0,0,0,0.00349895031490553,0.00189943017094872,0.0119964010796761,0,0,0.00649805058482455,0,0,0,0,0,0,0,0,0,0,0.000599820053983805,0,0,0,0,0,0,0,0,0,0,0.000999700089973008,0,0,0,0,0,0,0.00279916025192442,0,0,0,0.00819754073777867,0.00279916025192442,0,0,0,0,0.0226931920423873,0,0.00349895031490553,0,0,0,0.00189943017094872,0.00329901029691093,0.0283914825552334,0,0,0.00889733080075977,0,9.99700089973008e-05,0,0,0,0.000299910026991902,0,0,0,0,0,0,0.0356892932120364,0,0,0,0.00829751074677597,0,0.00219934019794062,0,0.00209937018894332,0.00119964010796761,0.00279916025192442,0,0,0,0.000999700089973008,0,0,0,0,0,0,0,0.00189943017094872,0.113665900229931,0,0,0.0128961311606518,0,0,0.000199940017994602,0,0,0,0.24702589223233,0,0,0,0,0,0,0,0,0.00609817054883535,0,0,0,0,0,0,0.00139958012596221,0.00399880035989203,0.0326901929421174,0,0,0
0,0,0,0,0,0,0.00380076015203041,0,0,0,0,0,0.0019003800760152,0,0.00820164032806561,0.000500100020004001,0,0,0,0,0,0.0013002600520104,0,0.0003000600120024,0,0.0277055411082216,0,0.0016003200640128,0.000900180036007201,0.000500100020004001,0,0,0,0.00790158031606321,0,0,0,0.130926185237047,0,0,0,0,0,0.0026005201040208,0,0.0384076815363073,0,0,0,0,0,0,0,0,0,0,0,0,0,0,0,0,0,0,0,0,0.0370074014802961,0,0,0,0,0,0,0,0,0,0,0,0,0.0448089617923585,0,0,0.00600120024004801,0,0,0,0,0,0,0,0,0,0,0,0,0,0,0,0,0,0,0,0,0,0,0,0,0.393878775755151,0,0,0,0,0.001000200040008,0,0,0,0,0,0.0014002800560112,0,0,0,0.000700140028005601,0,0,0,0,0,0,0,0.00370074014802961,0.0021004200840168,0,0,0,0,0.0012002400480096,0,0,0,0.015503100620124,0,0,0,0,0,0.00380076015203041,0,0,0,0.0014002800560112,0,0,0.000900180036007201,0,0,0,0,0,0.0126025205041008,0,0,0,0.0003000600120024,0,0,0,0,0,0,0,0,0,0,0,0.0012002400480096,0,0.000700140028005601,0,0,0,0,0,0,0.00650130026005201,0,0,0,0,0,0.000700140028005601,0.0129025805161032,0,0,0,0,0,0,0,0,0,0,0,0.0343068613722745,0.0002000400080016,0.0021004200840168,0,0,0,0.0002000400080016,0,0,0,0,0,0,0,0.0027005401080216,0.0258051610322064,0,0,0,0,0,0,0,0,0,0.0014002800560112,0,0,0,0,0,0,0,0,0,0,0,0.0003000600120024,0,0,0,0.001000200040008,0,0,0,0,0,0,0.000900180036007201,0,0,0.00940188037607522,0.00370074014802961,0,0,0,0,0,0,0,0.0013002600520104,0,0,0.002000400080016,0,0,0,0,0,0.0001000200040008,0,0,0,0,0,0,0.0779155831166233,0,0.000500100020004001,0.0506101220244049,0,0,0,0,0,0,0,0,0,0,0,0,0,0.000800160032006401,0,0,0.00990198039607922,0
0,0,0,0,0,0,0,0,0,0,0,0,0,0,0.0027994401119776,0,0,0,0,0,0,0,0,0.0001999600079984,0,0.230853829234153,0,0,0.0011997600479904,0,0,0,0,0.0171965606878624,0,0,0.00529894021195761,0,0,0,0,0,0,0,0,0.000399920015996801,0,0,0.000499900019996001,0,0,0,0,0,0,0,0,0,0,0.00509898020395921,0,0,9.99800039992002e-05,0,0.0155968806238752,0,0,0,0,0,0,0,0,0,0,0,0,0,0,0,0,0,0,0,0,0,0,0,0,0.0181963607278544,0,0,0.016496700659868,0,0,0.001499700059988,0,0,0,0,0,9.99800039992002e-05,0,0,0,0,0,0.0201959608078384,0,0,0,0,0,0.0527894421115777,0,0.000899820035992801,0,0.00549890021995601,0.015496900619876,0,0,0,0,0,0.139072185562887,0,0,0,0,0,0,0,0,0.0002999400119976,0,0,0.00739852029594081,0,0,0,0.0002999400119976,0,0.0002999400119976,0,0,0.0337932413517297,0,0,0,0.0010997800439912,0.000999800039992002,0,0,0,0,0,0,0,0,0,0,0,0,0,0,0,0,0,0,0,0,0,0,0,0,0,0,0,0.013997200559888,0,0,0,0,0,0,0,0,0,0,0,0,0,0.0018996200759848,0,0,0,0,0,0,0,0,0,0,0,0.00609878024395121,9.99800039992002e-05,0.000499900019996001,0,9.99800039992002e-05,0.000499900019996001,0,0,0.000399920015996801,0,0,0,0,0,0.0141971605678864,0,0,0,0,0,0,0,0,0,0.0126974605078984,0,0,0,0,0.0245950809838032,0,0,0,0.0001999600079984,0,0,0,0,0,0,0,0.00329934013197361,0,0,0,0,0,0,0,0,0,0.0002999400119976,0,0,0,0,0,0,0,0,0,0,0,0,0,0,0,0,0.0539892021595681,0,9.99800039992002e-05,0,0,0,0,0.185862827434513,0,0,0.0394921015796841,0,0,0,0,0,0,0,0,0,0,0.000499900019996001,0,0,0.000699860027994401,0,0,0.0467906418716257,0
0,0,0,0.00100030009002701,0,0.000100030009002701,0,0,0,0.00210063018905672,0,0,0.000100030009002701,0,0.0112033610083025,0.000300090027008102,0.00600180054016205,0,0,0.000600180054016205,0.000300090027008102,0.000200060018005402,0,0,0.00660198059417825,0.0513153946183855,0,0,0.00520156046814044,0.00520156046814044,0,0,0,0.00830249074722417,0,0,0.012703811143343,0.00250075022506752,0,0.00240072021606482,0.000100030009002701,0,0,0,0,0.000700210063018906,0,0,0,0.00100030009002701,0.000500150045013504,0,0,0,0.000700210063018906,0.000300090027008102,0,0.00340102030609183,0,0,0.000200060018005402,0.000100030009002701,0.000300090027008102,0.000100030009002701,0,0,0.000500150045013504,0,0,0,0.000400120036010803,0,0,0,0,0.0728218465539662,0,0,0,0,0,0,0,0,0.000700210063018906,0.000100030009002701,0.0189056717015105,0.00270081024307292,0.000500150045013504,0.00190057017105132,0,0.000200060018005402,0.0260078023407022,0,0,0.0267080124037211,0,0.000100030009002701,0.000900270081024307,0,0,0,0.000400120036010803,0,0.000300090027008102,0,0,0.040112033610083,0.00440132039611884,0.00600180054016205,0,0,0,0.00150045013504051,0,0.0549164749424827,0.000600180054016205,0,0.000300090027008102,0.000400120036010803,0,0,0.00100030009002701,0.000200060018005402,0.00350105031509453,0,0,0,0,0,0.00750225067520256,0.00260078023407022,0,0,0,0,0.0433129938981694,0.0181054316294888,0.000300090027008102,0,0.000100030009002701,0.000500150045013504,0,0,0,0,0.000200060018005402,0.00330099029708913,0.00190057017105132,0,0,0.000800240072021606,0,0,0.00240072021606482,0.00550165049514854,0,0,0,0,0,0,0,0,0,0,0.011703511053316,0,0,0,0,0,0.000100030009002701,0,0,0,0,0,0,0,0,0,0,0.0142042612783835,0.00120036010803241,0,0,0.00890267080124037,0,0.00260078023407022,0,0.00200060018005402,0.000500150045013504,0,0,0,0.00660198059417825,0,0.000100030009002701,0,0,0,0,0,0,0.000500150045013504,0.000600180054016205,0,0.000100030009002701,0.00300090027008102,0,0,0,0,0.000200060018005402,0,0,0,0.000100030009002701,0,0.000100030009002701,0.000700210063018906,0,0,0.00390117035110533,0.00140042012603781,0,0.000200060018005402,0.00210063018905672,0,0.000300090027008102,0,0,0.0223066920076023,0,0,0,0,0,0,0,0,0,0,0.000800240072021606,0,0,0,0,0,0,0,0,0,0.000300090027008102,0.000300090027008102,0.000100030009002701,0,0.000100030009002701,0,0,0,0,0.000100030009002701,0.00140042012603781,0,0,0,0,0.168950685205562,0,0.00430129038711613,0.0550165049514854,0.000300090027008102,0,0,0,0,0.00130039011703511,0.0765229568870661,0,0.00110033009902971,0.00630189056717015,0,0.119835950785236,0,0,0.000600180054016205,0,0.000500150045013504,0,0,0.000100030009002701,0,0.00180054016204861,0,0.000600180054016205,0,0,0.000100030009002701,0
0,0,0,0,0,0,0,0.00139916050369778,0,0.000799520287827304,0,0,0,0.000199880071956826,0.177993204077553,0,0,0,0,0,0,0.000399760143913652,0.00119928043174096,0.00109934039576254,0,0.14041575054967,0,0,0.0479712172696382,0,0,0,0,0.0281830901459125,0,0,0.00399760143913652,0,0,0,9.9940035978413e-05,0,0,0,0,0,0,0,0.00449730161902858,0,0,0,0,0,0,0,0,0.00179892064761143,0,9.9940035978413e-05,0,0.000999400359784129,0,0,0,0,0.000399760143913652,0,0,0,0,0,0,0.000199880071956826,0,0,0,0,0,0,0,0,0,0,0,0,0,0,0.00129922046771937,0.00319808115130921,9.9940035978413e-05,0.00529682190685589,0.0100939436338197,0,0,0,0,0,0,0,0,0.0127923246052369,0,0,0,0,0.030481710973416,0.000699580251848891,0.0142914251449131,0.0221866879872077,0,0,0.000299820107935239,9.9940035978413e-05,0,0.00739556266240256,0,0,0,0,0.000799520287827304,0,0,0.000199880071956826,0.0298820707575455,0.00389766140315811,0,0,0,0,0,0.00319808115130921,9.9940035978413e-05,0.000299820107935239,0,0,0.151209274435339,0,0,0,0.000799520287827304,0,0,0,0,0,0,0,0,0.00439736158305017,0,0,0,0,9.9940035978413e-05,0,0,0,0,0,0,0,0,0,0,0,0,0,0,0,0,0.0227863282030782,0.00399760143913652,0,0,0,0,0,0,0,0.00179892064761143,0,0,0,0,0.000999400359784129,0,0,0,0,0,9.9940035978413e-05,0,0,0,0,0.0398760743553868,0,0,0,0,0,0,0,0,0,0,0,9.9940035978413e-05,0,0,0,0,0,0,0,0.00499700179892065,0,9.9940035978413e-05,0,0,0,0,0,0.00339796122326604,0,0,0,0.0103937637417549,0,0.0076953827703378,0,0,0.0420747551469119,0,0,0,0,0,0,0,0,0,0,0,0,0,0,0,0,0.0255846492104737,0,0,0,0.000199880071956826,0.000699580251848891,0.000899460323805717,0,0,0,9.9940035978413e-05,0,0,0,0,0,0,0,0,0.000899460323805717,0,0,0.0555666600039976,0,0,0,0.000399760143913652,0,0,0.00199880071956826,0,0,0.038476913851689,0,0,0,0,0.00499700179892065,0,0,0,0,0,0,0.00499700179892065,0,9.9940035978413e-05,0.00469718169098541,0,0.00719568259044573,0
0,0,0,0,0,0,0,0,0,0,0,0,0,0,0,0,0,0,0,0.0002999400119976,0,0.00399920015996801,0,0,0.0001999600079984,0.120875824835033,0,0,0.0016996600679864,0.0011997600479904,0,0,0,0.0343931213757249,0,0,0.0236952609478104,0.00769846030793841,0,0,0,0,0,0.00589882023595281,0,0.0198960207958408,0,0,0,0,0,0,0,0,9.99800039992002e-05,0,0,0,0,0,0,0,0,0,0,0,0.00329934013197361,0,0,0,0,0,0,0,0,0,0,0,0,0,0,0,0,0,0.0183963207358528,0,0,0,0,0,0,0,0.00429914017196561,0,0,0,0,0,0,0,0,0,0,0,0,0,0,0.013997200559888,0.000899820035992801,0,0,0,0,0,0,0,0,0,0,9.99800039992002e-05,0,0,0,9.99800039992002e-05,0.0957808438312338,0.00879824035192961,0,0,0,0,0.0027994401119776,0,0,0,0,0,0.180863827234553,0.0020995800839832,0,0,0.0001999600079984,0,0,0,0,0,0,0.0112977404519096,0,0,0,0,0,0,0,0,0,0,0,0,0,0,0,0,0,0,0,0,0,0,0,0,0,0,0,0,0,0,0,0,0.0337932413517297,0,0,0,0,0,0,0,0,0.00479904019196161,0,0.00489902019596081,0.0001999600079984,0,0.0178964207158568,0,0.000599880023995201,0,0,0,0,0,0,0,0,0,0,0,0,0.000399920015996801,0,0,0,0,0,0,0,0,0.00329934013197361,0.0010997800439912,0.000899820035992801,0,0,0,0,0,0.0550889822035593,0,0,0.00249950009998,0.010497900419916,0,0,0.0163967206558688,0,0,0,0,0,0,0,0,0.00739852029594081,0,0,0,0,0,0,0,0,0,0,0,0,0,0,0,0,0.0021995600879824,0,0,0,0,0,0,0,0,0,0.0017996400719856,0.0012997400519896,0.00889822035592881,0.018996200759848,0,0,0,0,0,0,0.126874625074985,0,9.99800039992002e-05,0.0822835432913417,0,0,0,0,9.99800039992002e-05,0,0,0,0,0,0,0.0023995200959808,0,0.00419916016796641,0,0.00469906018796241,0.023495300939812,0
0,0,0,0.0013,0,0,0,0,0.1765,0.005,0,0,0,0,0,0,0,0,1e-04,0,0,7e-04,0,0,0.0039,0.0025,0,0,0,0.0161,0.0634,0,0,0.0098,0,0,0.037,0.0022,0.0031,0,0,0.0011,0,0.0047,0,0.0248,0,1e-04,3e-04,0,0.0088,0,0,1e-04,0.0021,0,0,0,0,0.0028,0.0011,0,0,0,0,0,0.0017,0,0,0,0.0059,0,0,6e-04,0,0,0,8e-04,0,0.0017,0.0033,2e-04,0,3e-04,0,0,0,0,0,0.0024,0,0.004,1e-04,0.0019,0,0,0,0,0.0111,0,0,0,0,0,5e-04,0.0041,0,0,0.0125,0.0095,0,0,2e-04,1e-04,0,0.0273,0,0,0,1e-04,0,0,0,1e-04,0.0236,0,0,0,0,0,0,0,0,0,0,0,0.0402,0,0,0,0.003,0,0,0,0.0098,0,1e-04,0.0021,0,0,0,0.0172,1e-04,0.0031,0,0,0,0,0.0302,0.0051,0,0,0.0214,0,0,0,0.0057,0,8e-04,0,4e-04,0,0,0,0,0,3e-04,0.0167,0.0047,0,0.0499,7e-04,0,0.0018,0,0,0,0,0,0,1e-04,0.0032,0,0.0018,0.0063,0,0,0,0,0,0,0,2e-04,0.0075,0,0.0023,4e-04,0,0,0,0,0.0041,0,0,8e-04,0,0.0059,0.0016,1e-04,0,0,0.0024,0.005,0.0059,0.0042,0,0,0.0323,0,0.0022,0.0198,0,0,0.0058,0,0,0.0022,0,0,0,0,0,0,0.003,0,0.0012,0,0,0,0.0079,0,1e-04,0.0022,0,0.0037,0.0026,0.0039,0,0.0029,0.0093,9e-04,0,0,3e-04,0,0,9e-04,0,0,0.0799,0,0,0.0112,0,0,1e-04,7e-04,2e-04,8e-04,0.0126,0,0,0.0155,0,0,0,0,0,0.0047,0.0054,0,0,0,0.0073,0.008,0.0016,0,0,7e-04,0.0055,0
0.0007000700070007,0.0012001200120012,0,0.0102010201020102,0.0063006300630063,0.0001000100010001,0,0.0003000300030003,0,0,0.0002000200020002,0,0,0.0003000300030003,0.0043004300430043,0,0.0037003700370037,0,0.0003000300030003,0.0001000100010001,0.0003000300030003,0.0002000200020002,0,0,0,0.0128012801280128,0,0,0.0013001300130013,0.0016001600160016,0.0062006200620062,0,0,0,0,0,0.0008000800080008,0,0.0013001300130013,0,0,0,0,0,0,0.008000800080008,0.0002000200020002,0.0001000100010001,0,0,0.0004000400040004,0,0,0.0005000500050005,0.0002000200020002,0,0,0.0026002600260026,0,0.0002000200020002,0.0012001200120012,0,0,0,0,0,0.0003000300030003,0,0,0.0349034903490349,0.0004000400040004,0,0,0.0001000100010001,0,0,0.0002000200020002,0,0,0.0014001400140014,0,0,0,0,0.0001000100010001,0,0,0,0,0.0037003700370037,0,0.0004000400040004,0.0016001600160016,0,0.007000700070007,0,0,0,0.0039003900390039,0,0,0.0193019301930193,0.0005000500050005,0,0.0003000300030003,0,0,0.13011301130113,0.0168016801680168,0.0107010701070107,0,0,0,0.0001000100010001,0,0.0355035503550355,0,0,0.0002000200020002,0.0001000100010001,0,0,0.0028002800280028,0.0011001100110011,0.0149014901490149,0.0049004900490049,0.0002000200020002,0,0.0002000200020002,0,0.0004000400040004,0.0001000100010001,0,0,0,0,0.0662066206620662,0,0,0,0.0598059805980598,0,0.005000500050005,0.001000100010001,0.0002000200020002,0,0.0002000200020002,0.0204020402040204,0,0,0.0002000200020002,0.0006000600060006,0,0,0.0002000200020002,0,0,0,0.001000100010001,0.0001000100010001,0,0,0,0,0,0,0.0136013601360136,0.0002000200020002,0.0004000400040004,0,0.0003000300030003,0.0266026602660266,0,0,0,0,0,0.0001000100010001,0.003000300030003,0.0051005100510051,0,0,0,0.0056005600560056,0.0002000200020002,0,0.0089008900890089,0.0001000100010001,0,0,0.0037003700370037,0.0004000400040004,0.0005000500050005,0.0002000200020002,0,0,0.0004000400040004,0,0,0,0,0,0,0.0001000100010001,0,0.0016001600160016,0.0002000200020002,0,0.0003000300030003,0,0.0004000400040004,0,0,0,0.0002000200020002,0,0.0036003600360036,0,0,0,0.0001000100010001,0,0.0064006400640064,0,0.002000200020002,0,0.0006000600060006,0.0003000300030003,0.0016001600160016,0,0.0002000200020002,0,0,0.0072007200720072,0,0,0.0007000700070007,0,0,0.008000800080008,0,0,0,0,0.0022002200220022,0.0046004600460046,0,0,0,0,0,0.0003000300030003,0,0,0,0.0015001500150015,0.003000300030003,0,0.0001000100010001,0.0002000200020002,0.0001000100010001,0,0,0.0003000300030003,0,0,0,0,0.0005000500050005,0.261626162616262,0.0019001900190019,0.0001000100010001,0.0546054605460546,0,0,0,0,0,0,0.0443044304430443,0,0,0.0001000100010001,0.0002000200020002,0,0,0,0,0,0.0013001300130013,0,0,0,0,0.0011001100110011,0,0.0063006300630063,0,0,0.0001000100010001,0
0,0,0,0,0,0,0.000399800099950025,0,0,0,0,0,0,0,0.00179910044977511,0.00079960019990005,0,0,0,0,0,0.000599700149925037,0,0,0,0.144527736131934,0,0,0.00239880059970015,0,0.00299850074962519,0,0,0.0132933533233383,0,0,0.00449775112443778,0.0132933533233383,0,0,9.99500249875062e-05,0,0,0,0,0.0219890054972514,0,0,0,0,0,0,0,0,0,0,0,0,0,9.99500249875062e-05,0,0.00279860069965018,9.99500249875062e-05,0,0,0,0.000399800099950025,0,0,0,0,0,0,0,0,0,0,0,0,9.99500249875062e-05,0,0,0.00299850074962519,0,0,0,0.000299850074962519,0,0,0.0142928535732134,0,0.000199900049975012,0.000199900049975012,0,0,0,0,0,0.00119940029985007,0,0,0,0,0,0,0,0,0.0130934532733633,0,0.00289855072463768,0,0,0,0.000899550224887556,0.000199900049975012,9.99500249875062e-05,0,0,0.0141929035482259,0,0.000199900049975012,0,0,9.99500249875062e-05,0.0162918540729635,0,0,0,0,0,0,0.0631684157921039,0,0.000299850074962519,0,0,0.00169915042478761,0,0,0,0.00079960019990005,0,0,0,0,0,0.00179910044977511,0.0015992003998001,0,0,0.00529735132433783,0.000299850074962519,0,0.000499750124937531,0,0,0,0,0,0.00459770114942529,0,0,0,9.99500249875062e-05,0,0,0,0.0116941529235382,0,0,0,0,0.0457771114442779,0,0,0,0,0.000699650174912544,0.00449775112443778,0.000299850074962519,0,0,0,0,0.00269865067466267,0,0,0,0,0,9.99500249875062e-05,0.00399800099950025,0,0,0.00459770114942529,0,0,0,0,0,0,0,0,0,0,0.000299850074962519,0,0,9.99500249875062e-05,0,0,0,0,0,0.000299850074962519,0,0.000899550224887556,0,0,0,0.00839580209895052,0,0,0,0,0,0,0,0,0,0.0195902048975512,0,0,0.00809595202398801,0,0,0,0,0,0,0,0,0,0,0.000399800099950025,0,0,0.000399800099950025,0,0,0,0,0,0,0,0.000399800099950025,9.99500249875062e-05,0,0.000399800099950025,0.00259870064967516,0.000699650174912544,0,0,9.99500249875062e-05,0,0,0,0,0,0.00109945027486257,0,0,0.346426786606697,0,0,0,0,0,0.00289855072463768,0.135232383808096,0,0,0.0290854572713643,0,0,0,0,0,0.000999500249875062,0.00189905047476262,0,0,0,0,0.00109945027486257,0,0,0,0,0.00659670164917541,0
0,0,0,0,0,0,0,0,0,0,0.000200060018005402,0,0,0,0.024407322196659,0,0.00130039011703511,0.00140042012603781,0,0,0,0.00640192057617285,0,0.00130039011703511,0,0,0,0,0.00130039011703511,0,0,0,0,0.0110033009902971,0,0,0,0.00390117035110533,0,0,0,0,0,0,0,0,0,0.000300090027008102,0,0.000400120036010803,0,0,0.00100030009002701,0,0,0,0,0,0,0,0,0,0,0,0,0,0,0,0,0,0,0,0,0,0,0,0,0,0,0,0,0,0,0,0,0.00110033009902971,0.0362108632589777,0,0,0,0,0.0162048614584375,0.000900270081024307,0,0,0,0,0,0,0,0,0,0,0,0.00830249074722417,0,0,0,0,0,0,0,0,0,0,0,0,0,0,0,0,0,0,0,0,0.028408522556767,0,0,0.00570171051315395,0,0,0,0,0,0,0,0.00160048014404321,0,0,0,0,0,0,0,0,0,0.000700210063018906,0,0,0,0,0,0,0,0,0,0,0,0,0.00710213063919176,0,0,0,0,0.000600180054016205,0,0,0,0,0,0.000200060018005402,0,0,0.000400120036010803,0,0,0,0,0.176252875862759,0,0,0,0.00360108032409723,0,0,0,0,0,0,0,0,0.0103030909272782,0,0,0,0,0,0,0.000200060018005402,0,0,0,0,0.000900270081024307,0,0.00620186055816745,0.00110033009902971,0,0,0.00290087026107832,0.000200060018005402,0,0,0,0,0.000200060018005402,0,0,0.00250075022506752,0,0.000200060018005402,0.000900270081024307,0,0,0,0,0,0.108832649794938,0,0,0,0,0,0.173952185655697,0,0,0.000500150045013504,0,0.000200060018005402,0,0,0,0,0,0,0.00190057017105132,0,0,0,0,0,0.000700210063018906,0,0,0,0.000700210063018906,0.00310093027908373,0,0,0,0,0,0,0.000400120036010803,0,0,0,0,0,0.0118035410623187,0,0,0.320096028808643,0.00630189056717015,0.00280084025207562,0,0,0,0,0,0,0,0.00290087026107832,0,0,0,0,0,0,0,0,0,0,0,0,0,0,0,0,0,0
0,0,0.00049965024482862,0.00569601279104627,0,0,0,0.00099930048965724,0,0,0,0,9.9930048965724e-05,0,0.00419706205656041,0,0,0,0,0,0,0,0,0,0,0.293794343959229,0,0,0.000599580293794344,0.00359748176276606,0,0,0,0,0,0,0,0,0,9.9930048965724e-05,0,0,0,0,0,0,0,0,9.9930048965724e-05,0,9.9930048965724e-05,0,0,0,0,0,0,0,0,0,9.9930048965724e-05,9.9930048965724e-05,0.000199860097931448,9.9930048965724e-05,0,0,0.0351753772359348,0,0,0,0,0,0,0,0,0,0,0,0,0,0,0,0,0,0,9.9930048965724e-05,0,0,0,0,0,0.000399720195862896,0.00119916058758869,0,0,0,0,0,0,0,0,0.0106925152393325,0,0,0,0,0,0.351653842310383,0,0,0,0,0,0.00159888078345158,0,0,0,9.9930048965724e-05,0.0070950334765664,0,0,0,0,0.000699510342760068,0,0,0,0,0,0,0,0,0,0,0,0,0.019186569401419,0,0,0,0.000899370440691516,0,0,0,0,0,0.00479664235035475,0,0,0,0.00169881083241731,0,0,0.00259818127310882,0,0,0,0.000199860097931448,0,0,0,0,0,0,0,0,0,0,0,0,0,0,9.9930048965724e-05,0,0,0,0,0.000199860097931448,0,0,0,0,0,0,0,0,0,0,0,0,0,0,9.9930048965724e-05,0,0,9.9930048965724e-05,0,0,0,0,0,0,0,0.0821425002498251,0,0.0139902068552014,9.9930048965724e-05,0,9.9930048965724e-05,9.9930048965724e-05,0,0,0,0,0,0,0,0,0.00149895073448586,0,0.00609573298690916,0.00169881083241731,0,0,0,0,0,0.000599580293794344,0,0,0.00899370440691516,0.000799440391725792,0,0.054661736784251,0,0,0,0,9.9930048965724e-05,0.00049965024482862,0,0,0,0,0.0045967822524233,0,0,0,0,0,0,0,0,0,0,0.00529629259518337,0.000399720195862896,0,0,0,9.9930048965724e-05,0,0.000299790146897172,0.000299790146897172,0,9.9930048965724e-05,0,0,0,0.0294793644448886,0.00099930048965724,0,0.00569601279104627,0,0.000299790146897172,0,0,0,0,0.0228839812131508,0,0,0,0,0,0,0,0.00299790146897172,0,0,0,0,0,0,0,0,0.000399720195862896,0,0,0.00589587288897772,0
0,0,0,0,0,0,0.0075,0.009,0,0,0,0,0,0.0091,0,0,0,0,0,0,0,0,0,0,2e-04,0.0774,0,0,0.0305,4e-04,0.0686,1e-04,0,0,0,0,0.0091,0.0692,0,0,0,0,0,0,0,0.0022,0,0,0,0,0,0,0,0,0,0,0,0,0,0.004,3e-04,0,0,0,0,0,0,0,0,0,0.0027,0,1e-04,0.0018,0,0,0,0,0,0,0,0,0,0,0.0158,0,0,0,0,0,0,0,0,0.0028,0,0,0,0,0.011,0,0,0,0,0,0,0,0,0.0841,0,0,0,0,0,0.005,0,0,0,0,0.0039,0,5e-04,0,0,0,0.0187,0,0,0,0,0,0,0.0393,0,0,0,0,0.0024,0,0,0,0.0049,0,0,0,0,0,0,4e-04,0,0,0.0017,0.0018,0,0.0013,0,0,0,0,0,0.0088,0,0,0,0.0755,0,0,0,0,0,0,0,0,0,0,0,0,0,0,0.006,3e-04,0,0,0,0,0,0,0,0,0,0,0,0.0037,0,0,0.0037,0,0,1e-04,0,0,0,0,0,0,1e-04,0,0,0,0,0,1e-04,0,0,0,3e-04,1e-04,0.0036,0,0,0,0.0286,0,0,0,0,0,0,0,0,0,0,0,0,0.0438,0,0,0.001,0,0,0,0,0,0,0,0,0,0,0,0,0,0,6e-04,0,0,0,0,0,0,0,5e-04,0.0014,0,0,0.0013,0,0,0,0,0,3e-04,0,0,0.0323,0,0,0,0,0,0,0.2457,3e-04,0,0.0306,0,0,0,0.0013,0,0,0,0,0,0,0,0.0144,0,0,0,0,0.0098,0
0,0,0,0,0,0,0,0,0,0,0,0,0,0,0.0071,0.0023,0.0016,0,0,0,0,0.004,0,0.0018,0,0,0,0,0.0024,0,0.0732,0,0,0,0,0,0.0013,0.0423,0,0,0,0,0,0,0,0,0,3e-04,3e-04,0,0,0,0,0,0,0,0,0,0,0,0,0,0,0,0,0,0,0,0,0,0,0,0,0,0,0,0,0,0,0,0,0,0.0015,0,0,0,0,0,0,0.0054,0,0.032,0.0011,0,0,0,0,0,0,0,0,0,0,0,0,0,0,0.0387,0,0,0,0,0,0.0363,0,0,0,0,0.0077,0,0,0,0,0,0.0144,0,0,0,0,0,0,0,0,0,1e-04,0.0033,0.0063,0,0,0,0,0,0,0,0,0,0.0011,0.0028,0,0,9e-04,0,0,0,0,0,0,0,0,0,0,0,0,0,0,0,0,0,0,0,0,1e-04,4e-04,0,0,0,0,0,0.0145,4e-04,0,0,0,0,0,0,0,0,0,0,0,0.0092,3e-04,0,0,0,0,0,0,0,0,0,0,2e-04,0.1146,6e-04,0,0,4e-04,0.0011,2e-04,0,0,0,0.0035,0,0.0162,0,0.0295,0,0.0036,0.0062,0,0,0,0,0,0,0.0108,0,0.0609,0,0,0.0478,0,0,0,0,0,0,0,0,0,0,0,0.0011,0,0,0,0,0,0.0016,0.0039,0,8e-04,0.0017,0,0,0,0,0,0,0,0,0,0,0,0,0,0.0998,0,0.0035,0.0114,0,0,0,0,0,0,0.2132,0,0,0.004,0,0,0,0,0,0,0.0086,0,0,0,0,0.0161,0,1e-04,0,0,0.0255,0
0,0,0,0,0,0,0.0016986410871303,0.00569544364508393,0.000199840127897682,0,0,0,9.99200639488409e-05,0.0173860911270983,0.000399680255795364,0,0.000299760191846523,0,0,0,0.012589928057554,0.0100919264588329,0,0,0,0,0,0,0.000499600319744205,0.000799360511590727,0.105515587529976,0.012589928057554,0,0.00179856115107914,0,0,0.00499600319744205,0.0277777777777778,0.000299760191846523,0,0,0,0,0,0,0.00669464428457234,0,0,0,0,0,0,0,0,0.0065947242206235,0,0,0,0,0.0265787370103917,0.000199840127897682,0.00339728217426059,9.99200639488409e-05,0,0,0.000199840127897682,0.00759392486011191,0,0.00129896083133493,0,0,0,0,0.00759392486011191,0,0,0,0,0,0.0372701838529177,0,0,0,0,0.0333733013589129,9.99200639488409e-05,0,0,0,0,0.000699440447641887,0,0,0,0,0,0,0,0.0442645883293365,0,0,0.000499600319744205,0,0,0,0,0,0,0,0,9.99200639488409e-05,0,0,0.0562549960031974,0,0,0,0.000199840127897682,0.00279776179056755,0,0.000299760191846523,0,0,9.99200639488409e-05,0.00769384492406075,0.00469624300559552,0,0,0,0,0,0.0667466027178257,0,0,0,0,0,0,0,0,0.000299760191846523,0.000499600319744205,0,0,0,0,0,0,0,0,0.00129896083133493,0.00759392486011191,9.99200639488409e-05,0,0,0,0,0,0,0.00339728217426059,0,0,0,0,0,0,9.99200639488409e-05,0,9.99200639488409e-05,0,0,0,0,0,0,0,0,0.0327737809752198,0,0,0,0,0,0.00119904076738609,0.000599520383693046,0,0,0,0,0,0,0.0138888888888889,9.99200639488409e-05,0,0,0,0,0,9.99200639488409e-05,0,0,0,0,0,0.0105915267785771,0.000899280575539568,0,0,9.99200639488409e-05,0,9.99200639488409e-05,0,0,0,0.00209832134292566,9.99200639488409e-05,0,0,0,0,0,0,0,0,0,0.00229816147082334,0,0,0.0147881694644285,0,0,0,0,0.0167865707434053,0,0,0,0,9.99200639488409e-05,0.000299760191846523,0,0,0,0,9.99200639488409e-05,0,0,0,0,0,0.00909272581934452,0,0,0,0,0.000399680255795364,0.000899280575539568,0,0.00119904076738609,0.000499600319744205,0,0,0,0.000499600319744205,0.0172861710631495,0,0,0.0560551558752998,0,9.99200639488409e-05,0,0,0.004396482813749,0,0.000199840127897682,0,0.0371702637889688,0,0,0.196442845723421,0,0,0.0191846522781775,0,0,0,0,0,0,0.0021982414068745,0,0,0,0,0.0105915267785771,0,0.00479616306954436,0,9.99200639488409e-05,0.0104916067146283,0
0,0,0,0.00449640287769784,0,0,0,0,0,0.00109912070343725,0,0,9.99200639488409e-05,0,0.00339728217426059,0.0021982414068745,0,0,0,0,0,0.00269784172661871,0.00369704236610711,0,0,0.426858513189448,0,0,0,9.99200639488409e-05,0.0016986410871303,0,0,0,0,0,0,0.00289768185451639,0,0,0,0,0,0.00159872102318145,0,0.00209832134292566,0,0,0,0,0,0,0,0,0,0,0,0,0,0,0,0,0,0,0,0,0.0361710631494804,0,0,0,0,0,0,0,0,0,0,0,0,0,0,0,0,0,0,0.0118904876099121,0.0212829736211031,0,0.00119904076738609,0.000999200639488409,0,9.99200639488409e-05,0,0,0,0,0,0,0.00199840127897682,0,0,0,0,0,0,0,0,0.0317745803357314,0,0.0162869704236611,0,0,0,0.00489608313349321,0.000399680255795364,0.00999200639488409,9.99200639488409e-05,0,0,0,0,0,0,9.99200639488409e-05,0.000199840127897682,0,0,0,0,0,0.00139888089528377,0,0,9.99200639488409e-05,0,9.99200639488409e-05,0.0226818545163869,0,0,0,0.050259792166267,0,0,0,0,0,0,0.004396482813749,0.000799360511590727,0,0,0.00499600319744205,0,0,9.99200639488409e-05,0,0,9.99200639488409e-05,0,0.000599520383693046,0,0,0.0130895283772982,0.0187849720223821,0,0,0.00309752198241407,0,0,0,0,0,0,0,0.000999200639488409,0,0,0.00469624300559552,0,0,0.00929256594724221,0.004396482813749,0.000999200639488409,0.0115907274180655,0,0,0,0,0,0.000499600319744205,0,0.00359712230215827,0,0,0,0,0,0,0,0,0,0,0,0,0,0,9.99200639488409e-05,0,0,0,0,0,0,0,0,0,0,0,0,0,0,0,0.000199840127897682,0,0,0,0,0,0,0,0,0,0,0.0153876898481215,0,0,0.000799360511590727,0,0,0,0,0,0,0,0,0,9.99200639488409e-05,0,0,0,0,0,0,0,0.000799360511590727,0.00159872102318145,0.0196842525979217,0,0,0.00129896083133493,0,0,0,0,0.000299760191846523,0,0,0,0,0.000799360511590727,0,0,0.0828337330135891,0,0,0,0,0,0,0.116506794564349,0,0,0,0,0,0,0.000599520383693046,0,0,0,0,0,0,0,0.000599520383693046,0,0,0,0,0.0114908073541167,0
0,0,0,0,0,0,9.99500249875062e-05,0,0,0,0,0,0,0,0.000199900049975012,0,0,0,0,0,0.00869565217391304,0,0,0.000999500249875062,0,0.414092953523238,0,0,0.0118940529735132,0,0.0203898050974513,0,0,0,0,0,0.00109945027486257,0.0429785107446277,0,0,0,0,0,0.00199900049975012,0,0.0176911544227886,0,0,0.000999500249875062,0,0.000399800099950025,0,0,0,0,0,0,0,0,0.0298850574712644,0,0,0,0.000499750124937531,0,0,0.00549725137431284,0,0,0,0,0,0,0,0,0,0,0,0,0.00569715142428786,0,0,0.000399800099950025,0,0,9.99500249875062e-05,0,0,0,0.00389805097451274,0,0.00129935032483758,0.00169915042478761,0,0,0.000899550224887556,0,0,0.000899550224887556,0,0,0,0,0,0.000199900049975012,0,0,0.040279860069965,0,0,0,0,0,0.00969515242378811,0,0,0,0,0.00669665167416292,0,0,0,0,0.000199900049975012,0.00589705147426287,0,0,0,0,0,0.0137931034482759,0.00829585207396302,0,0,0,0,0.00239880059970015,0,0,0,9.99500249875062e-05,0,0,0,0,0,0,0,0,0.00509745127436282,0.00149925037481259,0,0,0,9.99500249875062e-05,0,0,0,0,0.000399800099950025,0,0,0,0,0,0,0,0,0,0,0.000399800099950025,0,0,0,0,0,0,9.99500249875062e-05,0,0,0,0,0,0,0,0,0,0,0,0,0,0,0,0,0,0,0.00279860069965018,0,0,0,0,0,0,0,0,0.00079960019990005,0,0,0.000199900049975012,0.000399800099950025,0,0,0,0,0,0,0.00429785107446277,0,9.99500249875062e-05,0,0,9.99500249875062e-05,0,0,0,0,0,0,0.00849575212393803,0,0.00699650174912544,0,0,0.0263868065967016,0,0,0,0,0,0,0,0,0,0,0,0,0,0,0,0,0.00249875062468766,0,0,0,0.000999500249875062,0,0,0,0,0,0,0,0,0.000199900049975012,0,0,0,0,0,0.0120939530234883,0,0,0.00179910044977511,0,0,0,0,0,0,0.23808095952024,0,0,0.0126936531734133,0,0,0.00689655172413793,0,0,0,0,0,0,0,0,0.000399800099950025,0,0.00249875062468766,0,0,0.00379810094952524,0
0.000399920015996801,0,0,0,0,0,0.012997400519896,0,0,0,0,0,0,0.0281943611277744,0.000599880023995201,0,0,0,0,0,0.0137972405518896,0.0115976804639072,0,0.0020995800839832,0,0,0,0,0.0357928414317137,0.0013997200559888,0.0881823635272945,0,0,0.00459908018396321,0,0,0.000899820035992801,0,9.99800039992002e-05,0,0,0,0,0,0,0,0,0,0,0,0,0,0,0,0,0,0,0,0,0,0,0,0.0001999600079984,0,0,0,0.00929814037192562,0,0,0,0,0,0,0.0415916816636673,0,0,0.0002999400119976,0,0,0,0,0,0.000499900019996001,0,0.121175764847031,0,9.99800039992002e-05,0,0.0002999400119976,0.00329934013197361,0,0.0151969606078784,0.0001999600079984,0,0,0.0001999600079984,0,9.99800039992002e-05,0,0,0,0,0,0,0.000999800039992002,0,0,0.00949810037992401,0,0,0,0,0,0.0111977604479104,0,0.0011997600479904,0,0,0.0205958808238352,0.0020995800839832,0,0,0,9.99800039992002e-05,0.0030993801239752,0,0,0,0,0,0,0.0212957408518296,0,0.000399920015996801,0,0,0.14377124575085,0,0,0,0.000499900019996001,0,0,0,0,0.0518896220755849,0,0,0,0,0.0031993601279744,0,0,0.00479904019196161,0.00669866026794641,0.001999600079984,0.00449910017996401,0,0,0,0,0,0,0,0,0,0,0,0,0,0,0,9.99800039992002e-05,0,0.0017996400719856,0,0,0,0,0,0,0,0,0,0.00719856028794241,0,0,0,0,0,0,0.0150969806038792,0.0001999600079984,0,0,0,0,0,0,0,0,0,0,0,0,0,0,0,9.99800039992002e-05,0.0001999600079984,0,0,0,0,0,0,0.0112977404519096,0,0.000499900019996001,0,0.000399920015996801,0,0,0,9.99800039992002e-05,0,0,0,0.00459908018396321,0,0.0930813837232553,0,0,0.0395920815836833,0,0,0,0,0,0,0,0,0,0,9.99800039992002e-05,0,0,0.000999800039992002,0,0,0.0335932813437313,0,0,0,0.0148970205958808,0,0,0,0,0.0025994801039792,0,0,0,0,0,0,0,0,0,0.0013997200559888,0,0.020995800839832,0,0.0015996800639872,0,0,0,0,0.00849830033993201,0,0,0,0.028994201159768,0,0,0,0,0,0,0.010997800439912,0,0,0,0,0.000799840031993601,0,0.0010997800439912,0,0,0.0181963607278544,0
0,0,0,0.00789605197401299,0,0,0.000499750124937531,0,0,0.00149925037481259,0,0,0.000299850074962519,0,0.000899550224887556,0,0,0,0,0,0,0,0.00179910044977511,0.000699650174912544,0,0.134532733633183,0,0,0.00239880059970015,0.00149925037481259,0,0,0,0,0,0,0.000199900049975012,0,0.000599700149925037,0,0.000299850074962519,0,0,0,0,0.24327836081959,0,0,0.000199900049975012,0,9.99500249875062e-05,0,0,0,0,0,0,0,0,0,0,0,0,0,0,0,0,0,9.99500249875062e-05,0,0,0,0,0,0,9.99500249875062e-05,0,0,0,0,0.000599700149925037,0,0,0,0,0.000299850074962519,0.0472763618190905,0.016791604197901,0,0.00679660169915042,0.0708645677161419,0.00109945027486257,9.99500249875062e-05,0.00169915042478761,0,0,0,0,0,0,0,0,0,0,0.00519740129935032,0,0,0.0111944027986007,0,0,0,0,0.000199900049975012,0.0177911044477761,0,0.048175912043978,0,0,0,0,0,0,0,9.99500249875062e-05,0.00279860069965018,0,0,0,0,0.00989505247376312,0,0.0102948525737131,0.000999500249875062,0,0,0.00109945027486257,0.00569715142428786,0,0,0,9.99500249875062e-05,0,0,0,0,0,0,0.0104947526236882,0,0,0,0.00489755122438781,9.99500249875062e-05,0,9.99500249875062e-05,0,0,0,0,0.00669665167416292,0,0,0,0,0,0,0.0031984007996002,0,0.000399800099950025,0,0,0,9.99500249875062e-05,0,0,0,0,0,0,0,0.072663668165917,0.0015992003998001,0,0,0,0.0031984007996002,0,0,0,0.000599700149925037,0,0.00679660169915042,0.000499750124937531,0,0,9.99500249875062e-05,0.00379810094952524,0,0,0,0,0,0,0,9.99500249875062e-05,0.00499750124937531,0,9.99500249875062e-05,0.000599700149925037,0.000199900049975012,0,0,0,0,0,0,0,0,9.99500249875062e-05,0,0,0.00309845077461269,0,0,0.00279860069965018,0,0,9.99500249875062e-05,0.0147926036981509,0,0,0,0,0.0614692653673163,0,0,0,0,0.00229885057471264,0,0,0,0.0149925037481259,0,0.00229885057471264,0,0,0,0,0,0.0212893553223388,0,0,0,0,0.0100949525237381,0.00249875062468766,0,0,0,0,0,0,0,0.000999500249875062,0,0,0,0,0.00259870064967516,0,0,0.00369815092453773,0.000199900049975012,0,0,0,0.00109945027486257,0.000199900049975012,0.0423788105947027,0,0,0,0,0.000499750124937531,9.99500249875062e-05,0,0.00079960019990005,0,0,0,0,0,0,0,0,0.000699650174912544,0,0,0.0336831584207896,0
0,0,0,0.000499800079968013,0.000999600159936026,0,0.000599760095961615,9.99600159936026e-05,0,0.00079968012794882,0,0,9.99600159936026e-05,0,0.00369852059176329,0,0.0107956817273091,0,0,9.99600159936026e-05,0.000199920031987205,0.0079968012794882,0.00339864054378249,9.99600159936026e-05,0,0.151439424230308,0,0,0.000599760095961615,0.000299880047980808,0.01609356257497,0,0,0,0,0,0,0.000199920031987205,0,0,9.99600159936026e-05,0,0,0,0,0.000199920031987205,0,0,9.99600159936026e-05,0.000599760095961615,0,9.99600159936026e-05,0,0.00039984006397441,0.00209916033586565,0,0,0,0,0.00429828068772491,0.00039984006397441,0,0,0,0,0,0.00409836065573771,0.000599760095961615,0,0,0.000699720111955218,0,0,0,0,0,0,0,0,0.00129948020791683,0.000899640143942423,0,0.00039984006397441,0,0,0,0.00149940023990404,0,0.00119952019192323,0.0157936825269892,0,0,0.00339864054378249,0,0.00109956017592963,0.00189924030387845,0,0,0.00529788084766094,0,0,0,0,0,0,0,0,0.007796881247501,0,0.0105957616953219,0,0,0.000199920031987205,0.00459816073570572,0,0.0169932027189124,0,0,0,0,0.000699720111955218,0,0,0.00259896041583367,0.0421831267493003,0,0,0,0.00109956017592963,0,0.00239904038384646,0.00729708116753299,0.00109956017592963,0,0,0,0.0627748900439824,0,9.99600159936026e-05,0,0.00229908036785286,0,0,0,0,0,0,0.00639744102359056,0,0,0.00139944022391044,0.000499800079968013,0,0,9.99600159936026e-05,0,0,0,0,0.00269892043182727,0,0,0,0.0152938824470212,0,0,0.00649740103958417,0,0,0,0.00139944022391044,0,9.99600159936026e-05,0,0,0,0,0,0,0,0.0125949620151939,0.000699720111955218,0,0.0187924830067973,0.000199920031987205,0,0,0.0130947620951619,0,0,0,0.00289884046381447,0.000199920031987205,9.99600159936026e-05,0,0,0.00039984006397441,0,0,0,0,0,0,0,0,0.00269892043182727,9.99600159936026e-05,0.000299880047980808,0,0.000199920031987205,9.99600159936026e-05,0,0,0.000499800079968013,0.00269892043182727,0,0,0.00149940023990404,0.0039984006397441,0,0.00659736105557777,0,0,0,0.00319872051179528,0,0.000999600159936026,0.00139944022391044,0.00199920031987205,0,0.00599760095961615,0,0,0.0790683726509396,0,0,0,0,0,0,0,0,0,0.0158936425429828,0.00139944022391044,0.000699720111955218,0,0,0,0,0,0,0,0.000499800079968013,0,0.00039984006397441,0.000599760095961615,0,0,0.00139944022391044,0.000999600159936026,0,0,0.000199920031987205,0,0,0,0,0,0.0833666533386645,0.000199920031987205,0,0.103358656537385,0,0.000199920031987205,0,0,0,0,0.158936425429828,0,0,0.0108956417433027,0,0,0,0,0,0,0.00209916033586565,0,0,0,0,0,0,0.00039984006397441,0,0,0.0136945221911235,0.00279888044782087
0,0,0,0,0,0,0,0,0,0,0,0,0.0002999400119976,0,0.0010997800439912,0,0,0,0,0,0,0,0,0,0,0.157068586282743,0,0,0,0,0,0.0648870225954809,0,0.0002999400119976,0,0,0,0.00469906018796241,0,0,0,0,0,0,0,0.0011997600479904,0,0,0,0,0,0,0,0,0,0,0,0,0,0.0123975204959008,0,0,9.99800039992002e-05,0,0,0,0.0132973405318936,0,0,0,0,0,0,0,0,0.0227954409118176,0,0,0,0.0020995800839832,0,0,0,0,0,0.0185962807438512,0.000799840031993601,0,0,0,0,0.000599880023995201,0.0002999400119976,0,0,0,0,0,0,0,0,0.0158968206358728,0,0,0,0,0,0.178364327134573,0,0,0,0,0,0,0,0,0,0,0.0018996200759848,0,0,0,0,0.0001999600079984,0.0028994201159768,0,0,0,0,0,9.99800039992002e-05,0,0,0,0,0,0.0001999600079984,0,0,0,0.248350329934013,0,0,0,0,0,0,0,0,0,0,0,0,0,0,0,0,0,0,0.0001999600079984,0,0,0,0,0,0,0,0,0,0,0,0,0,0,0,0,0,0,0,0,0,0,0,0.000399920015996801,0.000899820035992801,0,0,0,0,0.0001999600079984,0,0,0,0,0,0,0,0,0,0,0,0,0,0,0,0.0542891421715657,0,0.0001999600079984,0,0,0.0002999400119976,0,0,0,0,0,0,0,0.020495900819836,0,0,0,0,0,0,0,0,0,9.99800039992002e-05,0,0,0,0,0.0213957208558288,0,0,0,0,9.99800039992002e-05,0,0,0,0,0,0.0031993601279744,0,0.00369926014797041,0,0,0,0,0,0,0,0,0.0018996200759848,0.0148970205958808,0,0,0,0,0,0,0.000699860027994401,0,0,0,0,0,0.111977604479104,0,0,0,0,0,0,0,0,0,0.0002999400119976,0,0,0.00659868026394721,0,0,0,0,0,0,0,0,0,0,0,0,0,0.00529894021195761,0,0.00439912017596481,0,0
0,0,0,0,0,0,9.99900009999e-05,0,0,0,0,0,0,0,0,0,0,0,0,0,0,0.0026997300269973,0,0,0,9.99900009999e-05,0,0,0,0.0011998800119988,0.0103989601039896,0,9.99900009999e-05,0.027997200279972,0,0,0.0034996500349965,0,0,0,0,0,0,0.0120987901209879,0,0,0,0,0,0,0,0,0,0,0,0,0,0,0,0,0,0,0,0,0,0,0,0,0,0,0,0,0,0,0,0,0,0,0,0.027997200279972,0,0,0,0,0,0,0,0,0,0.0227977202279772,0,0,0.0101989801019898,0,0,0,0,0,0.0127987201279872,0,0,0.0001999800019998,0,0,0,0,0,0.115588441155884,0.0060993900609939,0,0,0,0,0.0211978802119788,0.0006999300069993,0.0002999700029997,0,0,0,9.99900009999e-05,0,0,0,0,0.0407959204079592,0,9.99900009999e-05,0,0,0,0,0.0178982101789821,0,0,0,0,0,0.0022997700229977,0,0,9.99900009999e-05,0,0.004999500049995,0,0,0,0,0.0164983501649835,0.0001999800019998,0,0,0,0.0001999800019998,0,0,0,0,0,0.0234976502349765,0.0020997900209979,0,0,0,0,0,0,0,0,0,0,0,0,0,0,0.0090990900909909,0,0,0,0.0040995900409959,0,0,0.0007999200079992,0.0010998900109989,0.0024997500249975,0,0,0,0,0,0,0,0.0028997100289971,0,9.99900009999e-05,0.0028997100289971,0,0.0345965403459654,0,0,0,0,0.0004999500049995,0,0,0.0186981301869813,0,0,0,0,0,0,0,0,0,0,0,0.0064993500649935,0,0.0006999300069993,0,0,0,0,0,0,0,0,0,0,0.0021997800219978,0,0,0,0,0,0,0,0,0,0,0,0,0,0,0,0,9.99900009999e-05,0,0,0,0,0,0,0,0,0,0,0,0,0,0,0,0,0,0,0,0,0,0,0.0077992200779922,0,0,0.0052994700529947,0,0,0,0,0,0.0002999700029997,0.488751124887511,0,0,0.0166983301669833,0.0001999800019998,0,0,0,0,0,0.0054994500549945,0,0,0,0.0006999300069993,0.0007999200079992,0,0.0004999500049995,0,0,0.0017998200179982,0
0,9.99500249875062e-05,9.99500249875062e-05,0.00139930034982509,0,0.000199900049975012,0.00179910044977511,0,0,0,0,0,0.000299850074962519,0,0.000199900049975012,0,0.0116941529235382,0,0,9.99500249875062e-05,0,0.00139930034982509,0,0,0.00759620189905048,0.256271864067966,0,0,0.00109945027486257,0.00659670164917541,0,0,0,0.00199900049975012,0,0,0.00149925037481259,0,0.000399800099950025,0,9.99500249875062e-05,0,0,0,0,0.00849575212393803,0,0,0.000199900049975012,0.000899550224887556,0,0,0,0.00129935032483758,0,0,0,0.00189905047476262,0,0.0243878060969515,0.00169915042478761,0,9.99500249875062e-05,0,0,0,0.0063968015992004,0,0,0,0,0,0,0,0,0,0,0,0,0.00169915042478761,0,0,0,0,0,0.000699650174912544,0.00519740129935032,0,0,0.00169915042478761,0,0.0298850574712644,0.000499750124937531,0,0,0.000599700149925037,0,0,0.00349825087456272,0,0,0.000699650174912544,0.000199900049975012,0,0.000499750124937531,0,0,0.0316841579210395,0,0.00739630184907546,0,0,0,0.0183908045977011,0,0.00969515242378811,0,9.99500249875062e-05,0.00559720139930035,0,9.99500249875062e-05,0,0.00229885057471264,0.000199900049975012,0.00909545227386307,0,0,0,0,0,0.0105947026486757,0.00719640179910045,0,0,0,0,0.00119940029985007,0,9.99500249875062e-05,0,0.00409795102448776,0.000299850074962519,0,0.00249875062468766,0,0,9.99500249875062e-05,0,0,0,0,0,0.000199900049975012,0.000399800099950025,0.000199900049975012,0,0,0.000199900049975012,0,0.0124937531234383,0,0,0,0,0,0,0,0,0,0,0,0,9.99500249875062e-05,0,0,0,0,0,9.99500249875062e-05,0,0,0,0,0,0.00429785107446277,0,0,0.0302848575712144,0,0,0,0.0103948025987006,0.000199900049975012,9.99500249875062e-05,0,0,0,0,0,0,0,0,0,0,0,9.99500249875062e-05,0.000199900049975012,0,9.99500249875062e-05,0.000199900049975012,0,0,0,0,0.00119940029985007,0,0.0104947526236882,0,0.00169915042478761,0,0,0,0,0,0,0,0,0.00139930034982509,0.0320839580209895,0,0,0,0,0.0132933533233383,0,0,0,0,0,0.000699650174912544,0,0,0,0,0.000199900049975012,9.99500249875062e-05,0.000199900049975012,0,0,0,0,0,0,0,0,0.00079960019990005,0.000199900049975012,0,0,0,0,0,0,0.000299850074962519,0,0,0,0,0,0.000499750124937531,0,0,0.0101949025487256,0,0.000199900049975012,0,0,0,0,0.354622688655672,0,0,0.00539730134932534,0.000199900049975012,0,0,0,0,0,0.00589705147426287,0,0,0,0,0.00329835082458771,0,0.000699650174912544,0,0,0.00269865067466267,0
0,0,0.000599760095961615,0,0.000299880047980808,0,0.000699720111955218,0.00039984006397441,0,0,0.000599760095961615,0,0,0,0,0,0.00139944022391044,0,0,0,0,0.00559776089564174,0,0,0,0.158136745301879,0,0,0,0,0.00829668132746901,0,0,0,0.00169932027189124,0,0.00079968012794882,0.0202918832467013,9.99600159936026e-05,0,0,0,0,0,0,0.00859656137544982,0,0,0,0,0,0,0,0,0,0.000599760095961615,0,0,0,0.000499800079968013,0.000499800079968013,0,0,0.00319872051179528,0,0,0.0038984406237505,0,0,0,0.00079968012794882,0,0,0,0.00409836065573771,0,0,0,0,0.000199920031987205,0,0.00039984006397441,9.99600159936026e-05,9.99600159936026e-05,0,0,9.99600159936026e-05,0,0,0.0315873650539784,0.00199920031987205,0,0,0,0,0,0,0,0.0076969212315074,0,0,0,0,0.00149940023990404,0,9.99600159936026e-05,0,0.0588764494202319,0,0.0038984406237505,0,0,0,0.00429828068772491,0,0.000199920031987205,0,0,0.00809676129548181,0,0,0.00079968012794882,0,0.000199920031987205,0.0465813674530188,0,0,9.99600159936026e-05,0,0,0.000499800079968013,0.00589764094362255,0,0,0,0,0.0133946421431427,0,0,0.000299880047980808,0,0,0,0,0,0,0.00189924030387845,0.00149940023990404,0.000199920031987205,0,0.00179928028788485,0.00579768092762895,0,0,9.99600159936026e-05,0,0,0,0,0.00509796081567373,0,0,0,9.99600159936026e-05,0,0,0,0,0,0.0167932826869252,9.99600159936026e-05,0,0,0,0,0,0,0,0.00179928028788485,0.000199920031987205,0,0,0,0,9.99600159936026e-05,0,0,0,0,0,0.00309876049580168,0.0076969212315074,0,0,0,0,9.99600159936026e-05,0.00039984006397441,9.99600159936026e-05,0,0,0,0,9.99600159936026e-05,0,0.00359856057576969,9.99600159936026e-05,0,9.99600159936026e-05,0,0,0,0,0,0.000199920031987205,0,0.00519792083166733,0.000599760095961615,0,0,0,0.000299880047980808,0,0,0,0,0.000199920031987205,0,0.000999600159936026,0.00239904038384646,0.00679728108756497,9.99600159936026e-05,0,0.0813674530187925,0,0,0.00119952019192323,0,0,0,9.99600159936026e-05,0,0,0,0.00609756097560976,0.00569772091163535,0,0,0,0,0,0.000199920031987205,0.00139944022391044,0,0.000199920031987205,0.000499800079968013,0,0,9.99600159936026e-05,0.000199920031987205,0,0,0,0.000199920031987205,0,0,0,0,0,0.00409836065573771,0.000299880047980808,0,0.0313874450219912,0,0,0,0,0,0,0.34296281487405,9.99600159936026e-05,0,0.00589764094362255,0,0,0,0,0,0,0.007796881247501,0,0,0,0,0,0,0.000899640143942423,0,0,0.0336865253898441,0
0,0,0,8e-04,0,0,5e-04,0.0042,0,0,0,0,0,0.0123,0,0,0,0,0,2e-04,0.0113,0,0.0019,0,5e-04,0.1501,0,0,0.002,0,0,0,2e-04,0,0,0,2e-04,0.0463,3e-04,0,1e-04,0,0,0,0,0.0039,0,0,1e-04,3e-04,0,0,0,0,0,0,0,3e-04,0,0.0407,4e-04,0.0064,4e-04,0,0,0,0.0646,0,0.0101,0,0,0,0,0,0,0,0,0,1e-04,0,0.0024,0,0,0,0.0046,0,0,1e-04,3e-04,0,0.2722,0.0038,0.0012,0,0,3e-04,0,1e-04,0,0,0,0,0,0,0,0,0.0085,0.0366,0.0081,0,4e-04,0,0,0.0045,0,0.0098,9e-04,0,0,1e-04,1e-04,0,0,1e-04,2e-04,0,0,0,0,0,0.0044,0.0123,0,0,1e-04,0,0.0043,0.0032,0,0,4e-04,0,0,0,0,0,0,0.0101,0,0,0,0.0191,0,0,0,0,0,0,0,0.0024,0,0,0.0104,0,2e-04,0,0.0038,0,0,0,0,0.0011,0,0,0,0,0,0,0,0,0.0379,0,0,0.0012,0,0,0,0,0,0,0,0.0072,2e-04,0,0.0257,0,0.0125,0,0,0,0,0,0,0,0,0,0,0,0,8e-04,0,0,0,0,0,0,0.0061,0,0,0,0,0,0,0,0.0027,0,0,0,0.0053,0,0.0216,0.001,0,0.0122,0,0,0,0,0,0,0,4e-04,0,0,0,0,0,0,0,0,0.0568,0,0,0,0,0,0,0,0,7e-04,0,0,0,0,0,0,0,0,0,6e-04,0,0,7e-04,4e-04,0.002,0,0,0,0,0.019,2e-04,0,0,0,0,0,0,3e-04,0,0,0,0,0,0,0,0,2e-04,0,0,0,0
0.0001999600079984,0.0012997400519896,9.99800039992002e-05,0,0,0,0,0,0,0,0,0,0,0,9.99800039992002e-05,0,0,9.99800039992002e-05,0,0,0,0.023495300939812,0,0,0,0,0,0,0.0286942611477704,0,0,0,0,0,0,0,0.000399920015996801,0,0,0,0,0,0,0,0,0.151769646070786,0,0,9.99800039992002e-05,0,0,0.000999800039992002,0,0,0,0,0,0,0,0.00989802039592082,0,0,0,0,0,0,0.0193961207758448,0,9.99800039992002e-05,0.0223955208958208,0,0,0,0,0,0,0,0,0,0.0544891021795641,0,0,0,0,0,0,0,0,0,0.025994801039792,0,0,0.0001999600079984,0,0,0.0150969806038792,0,0,0,0.000399920015996801,0,0.001499700059988,0,0,0,0,0,0.0212957408518296,0,0.00739852029594081,0,0,0,0,0,0,9.99800039992002e-05,0.0001999600079984,0,9.99800039992002e-05,0,0,0,9.99800039992002e-05,0.028494301139772,0,0.0212957408518296,9.99800039992002e-05,0,0,0,0,0,9.99800039992002e-05,0,0,0.0010997800439912,0,0,0.0001999600079984,0,0,0,0,0,0,0.0115976804639072,0,0,0.000599880023995201,0.0135972805438912,0,0,0,0,0,0,0,0,0,0,0,0,0,0,0,0,0,0,0,0.00389922015596881,0,0,0,0,9.99800039992002e-05,0,0,0.0591881623675265,0,0,0,0,0,0,0,0,0,0,0,0,0,9.99800039992002e-05,0,0,0,0,0,0,0,0,0.000499900019996001,0,0,0,0.0125974805038992,0,0,0,0.0025994801039792,0,0,0,0,0,0,0.00799840031993601,0,0.00509898020395921,0,0,0,0,0,0,0,0,0,0,0,0,0,0,0.021495700859828,0,0,0,0.000599880023995201,0,0,0,0,0,0,0,0.0010997800439912,0,9.99800039992002e-05,0,0,0,0,0,0,0,0,0,0,0,0,0,0,0,0,0,0,0,0,0,0,0,0,0,0,0.000799840031993601,0,0,0,0,0.301939612077584,0,0,0.102579484103179,0.0001999600079984,0,0,0,0,0,0,0,0,0,0,0,0,0.000699860027994401,0,0,0.0153969206158768,0
0.000599760095961615,0,0,0.00219912035185926,0,0,0,0.00229908036785286,0,0,0,0,0,0,0,0,0.00189924030387845,0,0,0.000499800079968013,0,0.00499800079968013,0.000999600159936026,0,0.000999600159936026,9.99600159936026e-05,0,0,0.00929628148740504,0.00419832067173131,0.0254898040783687,0,0,0,0,0,0.000999600159936026,0,0,0,0,0,0,0,0,0,0,0,0,0,0,0,0,0,0,0,0,0.00889644142343063,0,0.0324870051979208,0.000899640143942423,0,9.99600159936026e-05,0,0,0,0.021891243502599,0,0,0,0,0,0.00039984006397441,0,0,0,0,0,0,0.0232906837265094,0.00629748100759696,0,0,0,0,0,0.000199920031987205,0,0.00139944022391044,0,0,0.00599760095961615,0.0148940423830468,0,0,0,0,0,0,0,0,0,0.00669732107157137,0,0,0.000999600159936026,0,0.0715713714514194,0,0.0333866453418633,0,0,0,0,0,0.0818672530987605,0,0,0,9.99600159936026e-05,0.000199920031987205,0,0,0.00139944022391044,0,0,0,0.0210915633746501,0,0,0,0,0,0,0.000199920031987205,0,0.0286885245901639,0.0117952818872451,0,0,0.00839664134346262,0,0,0.000999600159936026,0,0,0.00329868052778888,0.00519792083166733,0,0,0,0,0,0.00449820071971212,9.99600159936026e-05,0,0,0,0.000899640143942423,0,0,0,0,0,0,0,0.00889644142343063,0,0,0,0.000699720111955218,0.00259896041583367,0,0,0.000199920031987205,0,0,0,0,0,0,0,0,0,0,0,0,0,0,0,0,0.00609756097560976,0.000299880047980808,0,0,0,0.0250899640143942,0,0,0,0,0,0,0,0,0.00879648140743703,0,0,0,0,0,0,0,0,0,0,0.0308876449420232,0.00209916033586565,0,0,0.00689724110355858,0,0.000299880047980808,0,0.00199920031987205,0,0.0112954818072771,0,0,0.00159936025589764,0,0,0,0.0347860855657737,0,0,0,0.00449820071971212,0,0,0,0,0,0,0.00109956017592963,0,0,0,0,0,0,0,0,0,0.00119952019192323,0,0,0,0,0,0,0,0.000899640143942423,0.000299880047980808,0,0,0,0,0.00529788084766094,0.0103958416633347,0,0,0.109256297481008,0,0,0,0,0,0,0.255097960815674,0,0,0.0039984006397441,0,0,0,0,0,0,0,0,0,0,0,0,0,0.0126949220311875,0,0,0,0
0,0,0,0.000499700179892065,0.000199880071956826,0,9.9940035978413e-05,0,0,0.000799520287827304,0,0,0,0,0.000399760143913652,0,0.00189886068358985,0.000599640215870478,9.9940035978413e-05,0.000399760143913652,0,0.00109934039576254,0,0.000199880071956826,0.000199880071956826,0.214171497101739,0,0,0,0.00319808115130921,0.0099940035978413,0,0,0.00759544273435938,0.000399760143913652,0.000499700179892065,0,0.00199880071956826,0,0,0,0,0,0.00609634219468319,0,0.000299820107935239,0,0.000599640215870478,0,0,9.9940035978413e-05,0,0,0.000699580251848891,0,0,0,0.000799520287827304,0,0.00489706176294223,0.000599640215870478,0,0,0,0,0,0.00709574255446732,9.9940035978413e-05,0.00189886068358985,0,0.000699580251848891,0,0,0,0,0,0,0,0,0.000299820107935239,0,0,0.018388966620028,0,0.000199880071956826,0,0,9.9940035978413e-05,0.000199880071956826,0.000699580251848891,0,0.000299820107935239,0,0,0,0.000299820107935239,0,0,0,0,0,0,0,0,0,0,0.000899460323805717,0.219668199080552,0.000599640215870478,0.00129922046771937,0.000399760143913652,0,0,0.00269838097141715,0,0.0211872876274235,9.9940035978413e-05,0,0,0,0,0,0,0,0.00189886068358985,0.00129922046771937,9.9940035978413e-05,0,9.9940035978413e-05,0,0.000399760143913652,0,0,0,0,0,0.033879672196682,0,0,0,0,0,0,0,0,0,0,0.00499700179892065,0,0.000799520287827304,0,0.00389766140315811,0,0,9.9940035978413e-05,0,0,0,9.9940035978413e-05,0.00169898061163302,0,0,0,0,9.9940035978413e-05,0,0.000999400359784129,0,0,0,0.000199880071956826,0,0,0.000199880071956826,0.000899460323805717,0,0,0,0.004597241655007,0,0.0167899260443734,0.000499700179892065,0,0.00169898061163302,0.00579652208674795,0.000599640215870478,0.00209874075554667,0,0,0,0.0022986208275035,0.00339796122326604,0.000299820107935239,0,9.9940035978413e-05,0,0.00429742154707176,0,0,0,0,0.000999400359784129,0,0.0419748151109334,0.00569658205076954,0.00249850089946032,0,0,0,9.9940035978413e-05,0.00219868079152508,0,0.000199880071956826,0.000499700179892065,0,0,0,0.000299820107935239,0,0,0,0.00179892064761143,0,0,0,0,0,0,0.00279832100739556,0.000399760143913652,0.0146911852888267,0,0,0.0221866879872077,0,0,0.000599640215870478,0,0,0,0,0,0.00259844093543874,0,0.00649610233859684,0.000999400359784129,0,0,0,0,0,9.9940035978413e-05,0,0,0.000799520287827304,0.00119928043174096,0,0,0,0.0124925044973016,0.000499700179892065,0,0,0,0,0,0,0,0,0.193483909654207,0,9.9940035978413e-05,0.0237857285628623,0,9.9940035978413e-05,0,0,0,0.000199880071956826,9.9940035978413e-05,0,0,0.0190885468718769,0,0,0,0,0,0.000699580251848891,0.000299820107935239,0,0,0,0,0.00109934039576254,0,0,9.9940035978413e-05,0,0.00909454327403558,0
0,0,9.99500249875062e-05,0.000999500249875062,0,0,0,0,0,0,0,0,0,0,0,0,0.000999500249875062,0,0,0.00109945027486257,0,0.00299850074962519,0,9.99500249875062e-05,0,0.0921539230384808,0,0,0.00329835082458771,0.000599700149925037,0,0,0,0.0104947526236882,0,0,0.000299850074962519,0,0.000399800099950025,0,0,0,0,0,0,0.00649675162418791,0,0,0,0,0,0,0,0,0,0,0,0.000599700149925037,0.000199900049975012,0.00279860069965018,0.000499750124937531,0,0,0,0,0,9.99500249875062e-05,0,0,0,0,0,0,0,0,0.00569715142428786,0,0,0,9.99500249875062e-05,0,0.000199900049975012,0.000199900049975012,0,0,0,0,0,0,0,0,0.000499750124937531,0.0185907046476762,0,0,0.000399800099950025,0,0,0,0,0,0.0427786106946527,0,0,0,0.000499750124937531,0,0.00909545227386307,0,0.00679660169915042,0,0,0.0015992003998001,0,0,0.0141929035482259,0,0,0.00989505247376312,0,0,0,0.000399800099950025,9.99500249875062e-05,0.0330834582708646,0,9.99500249875062e-05,0,0,0,0.0103948025987006,0.000199900049975012,0,0,0,0,0.0785607196401799,0.00449775112443778,0,0,0.00119940029985007,0,0,0,0,0,9.99500249875062e-05,0.00879560219890055,0,0.000299850074962519,0,0,0,0,0,0,0,0,0,0.00459770114942529,0,0,0,0,0,0,0,9.99500249875062e-05,0,0,0,0,0,0,0.00689655172413793,0,0,0,0,0,0.0427786106946527,0,0,0.00129935032483758,0,0,0,0,0,0,0.000199900049975012,0.0047976011994003,9.99500249875062e-05,0,0,0,0,0,0,0,0,0,0,0.00419790104947526,0,0.000399800099950025,0.000599700149925037,0,0,0.000599700149925037,0,0,0,0,9.99500249875062e-05,0,0,0.000599700149925037,0.00259870064967516,0,0.000699650174912544,0,0,0,0,0,0,0,0,9.99500249875062e-05,0.00699650174912544,0,0,0.0490754622688656,0,0,0,0,0,0.000199900049975012,0,0,0,0,0.00129935032483758,9.99500249875062e-05,0,0,0,0,0,0,0,0,0.000299850074962519,0.000399800099950025,0.00139930034982509,0,0,9.99500249875062e-05,9.99500249875062e-05,0,0,0.000199900049975012,0,0,0,0,0,0.00389805097451274,0,0,0.174312843578211,0.000299850074962519,0,0,0,0,0,0.263068465767116,0,0,0.0445777111444278,0,0,0.00439780109945028,0,0,9.99500249875062e-05,0,0,0.000299850074962519,0,0,0,0,0.00249875062468766,0,0,0.0031984007996002,0
0,0,0,0,0.00129831219414761,0.00019974033756117,0,0.00659143113951863,0,0.00459402776390692,0,0,0.000299610506341756,0.00838909417756916,0.00019974033756117,0,0.00898831519025267,0.000599221012683511,0,9.98701687805852e-05,0.00109857185658644,0.00549285928293219,0.00139818236292819,9.98701687805852e-05,0,0.0741036652351943,0,0,9.98701687805852e-05,0.000599221012683511,0,0,0,0.00149805253170878,0.00968740637171677,0,0,0.00319584540097873,0,0.0033955857385399,0,0,0.00988714670927794,0,0,0.000499350843902926,0,0,0,0.000399480675122341,9.98701687805852e-05,0.00639169080195746,0,0,0.00399480675122341,0,0,0,0,0.0467392389893139,0.00129831219414761,0.00379506641366224,0,0,0,0,0.0191750724058724,0,0,0.0324578048536902,0.00219714371317288,0,0,0.000699091181464097,0,0,0,0,0,0.00868870468391092,0,0,0,0,0.000299610506341756,0.013482472785379,0.0123839009287926,0,0,0.000798961350244682,0,9.98701687805852e-05,9.98701687805852e-05,0,0,0,0,0,0.00019974033756117,0.00279636472585639,0.00109857185658644,0.00319584540097873,0,0,0,0,0,0.0124837710975732,0.0115849395785479,0.000699091181464097,0,0,0,0.00159792270048936,0,0.0060920802956157,0,0,0.0353540397483272,0,0,0,0,0.00019974033756117,0.000898831519025267,0.00479376810146809,0,0,0.00019974033756117,0,0.000299610506341756,9.98701687805852e-05,0,0,0,0,0.00968740637171677,0,0,0,0.0026964945570758,0,0,0,0,0,0.00169779286926995,0,0.0019974033756117,9.98701687805852e-05,0,0.00129831219414761,0,0,9.98701687805852e-05,0,0,0,0.0308598821532008,9.98701687805852e-05,0.000499350843902926,0,0,0.000299610506341756,0,0,0.00659143113951863,0,0,0,0.00109857185658644,0,9.98701687805852e-05,0,0,0,0,0.0520323579346849,0.00169779286926995,0,0.0104863677219615,0.000599221012683511,0.00179766303805053,0.015180265654649,0.000998701687805852,0,0,0,0,0.000499350843902926,0,0.00489363827024868,0,0,0,0,0.00189753320683112,0,9.98701687805852e-05,9.98701687805852e-05,0,0,0.150204733846,0,0,0.00529311894537102,0.000499350843902926,0.00109857185658644,0,0,0.000798961350244682,0,0.00689104164586038,0.000699091181464097,0.000699091181464097,0,0.00239688405073405,0.00179766303805053,0.0142814341356237,0,0,0,0.0202736442624588,0,0.00279636472585639,0,0,0.0432437830819934,0.00019974033756117,0.00109857185658644,0.000998701687805852,0.000399480675122341,0,9.98701687805852e-05,0,0,0,0,0.00169779286926995,0,0.000499350843902926,0,0,0,0.028662738440028,0,0,0,0,0,0,0.000299610506341756,0.000599221012683511,0,0,0.00129831219414761,0.0223709178068511,0,0.00119844202536702,0.00379506641366224,0,0,0,0.000898831519025267,0,0,0,0,0.00359532607610107,0.00489363827024868,0.00139818236292819,0.000299610506341756,0.0148806551483072,0,0,0,0,0,9.98701687805852e-05,0.104364326375712,0,9.98701687805852e-05,0.0101867572156197,0,0,0,0,0,0.00499350843902926,0.00299610506341756,0,0,0,0,0,0,0.0033955857385399,0,0,0.00928792569659443,0
0,0,0.000199660577019068,0.000199660577019068,0.00349406009783368,9.98302885095338e-05,0.000299490865528601,0,0,0,0,0,0,0,0.108315863032844,0.000199660577019068,0,0,0,0,9.98302885095338e-05,0,0,0,0,0.000898472596585804,9.98302885095338e-05,0,0.000499151442547669,9.98302885095338e-05,0.0076869322152341,0,0,0,0,0,0.000399321154038135,0.00289507836677648,0,0,0,0,0,0.00409304182889089,0,0,0.0142757312568633,0,0,0,9.98302885095338e-05,0,0,0,0,0,0,0,0,0,0.000199660577019068,0,0.000598981731057203,0,0,0,0,0,0,0,9.98302885095338e-05,0,9.98302885095338e-05,0,0,0,0,0,9.98302885095338e-05,0,0,0,0.000299490865528601,0,0,0.000299490865528601,0,0,0,0.00119796346211441,0,9.98302885095338e-05,0.00219626634720974,0,0.00159728461615254,0.0105820105820106,0,0,0.00469202355994809,0,0,0,0,0,0,0,0,0.0604971548367775,0,0,0.00139762403913347,0.00249575721273834,0,0.0070879504841769,0,9.98302885095338e-05,0,0.000199660577019068,0,0,0,0,0,9.98302885095338e-05,0.0067884596186483,0,0,0,0,0,0.0114804831785964,0.0166716581810921,0,0,0,0,0.118897873614855,0.00718778077268643,9.98302885095338e-05,0,0.196865328940801,0.000199660577019068,0,0.000299490865528601,0,0,0,0.00918438654287711,0,0.000499151442547669,0,0.000499151442547669,9.98302885095338e-05,0,0,9.98302885095338e-05,0.00349406009783368,9.98302885095338e-05,0,0.000199660577019068,0,0,0,0,0,0,0.00219626634720974,0.000399321154038135,0,0,0,0,9.98302885095338e-05,0,0.00878506538883897,0,0,9.98302885095338e-05,0.000499151442547669,0,0.0363382250174703,0,0,0.000698812019566737,0.00199660577019068,0,0.00379355096336228,0,0,0,0,0.000998302885095338,0.00429270240590995,0,0,0,0.000299490865528601,0,9.98302885095338e-05,0,0,0,0,0.000199660577019068,0,0.00239592692422881,0.000998302885095338,0,0,0.000499151442547669,0,0,0,0.000199660577019068,0,0,0,0.00129779375062394,0,0,9.98302885095338e-05,0,9.98302885095338e-05,0,0.00249575721273834,0,0.0116801437556155,0.0433263452131377,0,0,0.000199660577019068,0,0,0.00309473894379555,0,0,0,0,0,0,0.000199660577019068,0,0,0.00449236298292902,0.000998302885095338,0,0,0,0,0,0,0,0,0,9.98302885095338e-05,0.00838574423480084,0,0,0,0.000399321154038135,0.00079864230807627,0,0,0.00439253269441949,0,0,0.000499151442547669,0,0,0.0893481082160327,0.00139762403913347,0.000598981731057203,0.0627932514724968,0,0,0,0,0,0,0.0304482379954078,9.98302885095338e-05,0,0.00449236298292902,0,0,0,0,0,0,0.000998302885095338,0,0.00179694519317161,0,0,0.0064889687531197,0,0.033842467804732,0,0.00509134471398622,9.98302885095338e-05,0.00449236298292902
9.9940035978413e-05,0,0,0,0,0,0.000199880071956826,0.00259844093543874,0,0.000499700179892065,0,0,9.9940035978413e-05,0.00179892064761143,0.000899460323805717,0,0,0,0,0,0.00719568259044573,0.0260843493903658,0,0.00149910053967619,0,0.00709574255446732,0,0,0.00969418348990606,0.000899460323805717,0.0587647411553068,0,0,0.00709574255446732,0,0,0.000999400359784129,0,0.000199880071956826,0,0.000199880071956826,0,0.00649610233859684,0.0135918448930642,0,0.0124925044973016,0,0,9.9940035978413e-05,0,0,0,0,0,0,0,9.9940035978413e-05,0.000599640215870478,0,0.0315810513691785,0,0.00789526284229462,0.00419748151109334,0,0,0,0.000899460323805717,0,0,0,0.0691585048970618,0.000299820107935239,0,0.0106935838496902,0,0,0,0,0,0.00609634219468319,0.00289826104337398,0,0.00179892064761143,0,0.013791724965021,0,0.00739556266240256,0,0.000299820107935239,0.0136917849290426,0,0.000999400359784129,0.000199880071956826,0,0,0,0,0,0,0,0,0,0,0,0,0,0,0.00399760143913652,0.00299820107935239,0.00709574255446732,0,0,0.000499700179892065,0.0107935238856686,0.000599640215870478,0.0458724765140915,0,0.00329802118728763,0,0,0,0,0,0.00179892064761143,0.00359784129522287,0,0,0,0,0,0,0.000699580251848891,0,0.000299820107935239,0,0,0.00679592244653208,0.00549670197881271,0,0,9.9940035978413e-05,0,0,0,0,0,0.00499700179892065,0,0,0.000399760143913652,0,0.004597241655007,0,0.00219868079152508,0,0,0,0,0,0.0144913052168699,0,0,0.0107935238856686,0.00269838097141715,0,0,0,0,0,0,0,0,0,0,0,0,0,0,0.0562662402558465,0,0,0.00389766140315811,0,0,0,0,0,0,0,0,0,0.0103937637417549,0.000299820107935239,0,0,0,0,0,0,0,0,0,0,0,0,0,0.00449730161902858,0,9.9940035978413e-05,0.00319808115130921,0,0,0,0,0.00149910053967619,0,0.0164901059364381,0,0.00279832100739556,0,0,0.00329802118728763,0,0,0.00369778133120128,0,0,0,0.0139916050369778,0,0.0242854287427543,0,0,0.00589646212272636,0,0,0,0,0,0,0,0,0,0,0.000199880071956826,0.00419748151109334,0,0,0,0,0.004597241655007,0.000399760143913652,0.00419748151109334,0,0.00159904057565461,0.000399760143913652,9.9940035978413e-05,0,0,0,0,0,0,0.000199880071956826,9.9940035978413e-05,0,0,0,0,0.000599640215870478,0,0.00759544273435938,0.00489706176294223,0.000499700179892065,0.000199880071956826,0,0.000299820107935239,9.9940035978413e-05,0,0.244253447931241,0,0,0.0517689386368179,0,0,0,0,0.000399760143913652,0,0,0,0,0,0,0.0465720567659404,0,0.000699580251848891,0,0,0.0101938836697981,0
0,9.99800039992002e-05,0,0.0013997200559888,0,0,0,0,0,0,0,0,0.0002999400119976,0,0,0,0,0,0,0,0,0,0,0,0,0.287742451509698,0,0,0.031493701259748,0.00869826034793041,0.0115976804639072,0.0001999600079984,0,0,0,0,0,0,0,0,0,0,0,0,0,0.000599880023995201,0,0,0,0,0,0,0,0.0010997800439912,0,0,0,0,0,0.013997200559888,0,0.0010997800439912,0,0,0,0,0.0028994201159768,0,0,0,0,0,0,0,0,0,0,0,0,0,0,0,0.0197960407918416,0,0,0.000499900019996001,0,0,0,0,0,0,0.00659868026394721,0,0,0.0002999400119976,0,0,0,0,0,0,0,0,0,0,0,0.485102979404119,0,0,0,0,0.000799840031993601,0,0,0,0,0,0,0.001499700059988,0,0,0,0,0,0,0,0,0,0,0,0.0001999600079984,0,0,0,0,0,0,0,9.99800039992002e-05,0.015496900619876,0,0,0,0,0,0.000699860027994401,0,0,0,0,0,0,0.00549890021995601,0,0,0,0,0,0.000599880023995201,0,0,0,0,0,0,0,0,0,0,0,0,0.0001999600079984,0,0,0,0,0,9.99800039992002e-05,0,0,9.99800039992002e-05,0,9.99800039992002e-05,0.000699860027994401,0,0,0,0,0,0.0012997400519896,0,9.99800039992002e-05,9.99800039992002e-05,0,0,0,0,0,0,0,0,0,0,0,0.00369926014797041,0,0,0,0,0,0,0,0,0,0,0,0,0,0,0,0,0,0,0,0,0,0.0013997200559888,0,0,0,0,0,0.000799840031993601,0,0,0,0,0,0,0,0,0,0,0,0,0,0,0,0,0,0,0,0,0,0,0.00329934013197361,0,0,0,0.000399920015996801,0,0,0,0.0001999600079984,0,0,0,0,0.00399920015996801,0,0,0,0.0025994801039792,0,0,0,0,9.99800039992002e-05,0.0440911817636473,0,0.0247950409918016,0.00919816036792642,0,0,0,0,0,0.0028994201159768,0,0,0,0,0,0.0010997800439912,0,0.0002999400119976,0,0,0,0
0,0,0,0.00239928021593522,0,0,0,0,0,0,0,0,0.00149955013495951,0,0.00449865040487854,0,0,0,0,0,0,0,0.00159952014395681,0,0.00109967009897031,0.0296910926721983,0,0,0,0,0.0149955013495951,0.0523842847145856,0.00909727081875437,0.00979706088173548,0,0,0.00129961011696491,0,0,0,0,0,0,0,9.99700089973008e-05,0,0,0,0,0,0,9.99700089973008e-05,0,0.000599820053983805,0,0,0,0.000799760071978406,0,0,0,0,0,0,0,0,0.00349895031490553,0,0.000199940017994602,0.00389883035089473,0.0399880035989203,0,0,0,0,0,0,0,0,0,0,0,0,0,0,0.000499850044986504,0,0,0.00209937018894332,0,0,0,0.000299910026991902,0,0,0,0,0,0.00439868039588124,0,0,0,0,0,0,0,0,0.0123962811156653,0.00369889033290013,0.00419874037788663,0.000799760071978406,0,0.000399880035989203,0.00129961011696491,0,0.0173947815655303,0,9.99700089973008e-05,0,0,0,0,0.000499850044986504,0.000399880035989203,0.00819754073777867,0,0,0,0,0,0,0,0,0,0,9.99700089973008e-05,0.0327901629511147,0,0,0,9.99700089973008e-05,0,0,0.00299910026991902,0,0,0.00149955013495951,0,0,0,0,0,0.000299910026991902,0.000699790062981106,0,0,0,0,0,0,0,0,0,0,0,0,0,0,0,0,0,0.00249925022493252,0,0,0.0133959812056383,0,0,0,0.00499850044986504,0,0.00539838048585424,0.00769769069279216,0,0.00119964010796761,0,0,0,0,0,0,0,0,0,0,0,0,0,0,0,0,0,0,0,0,0,0,0,0.000299910026991902,0,0,0,0,0,0,0,0.00159952014395681,0,0,0,0,0,0,0,0.000399880035989203,0.00229931020693792,0.000799760071978406,0,0.000299910026991902,0.0109967009897031,0,0,0,0,0.33999800059982,0,0,0,0,0,0,0,0,0.00719784064780566,0,0.000499850044986504,0,0,0,0,0,0,0,0,0,0,0.00169949015295411,9.99700089973008e-05,0,0,0,0,0,0,0,0,0,0,0,0,0.184744576627012,0,0,0.070778766370089,0,0.00339898030590823,0,0,9.99700089973008e-05,0,0.0392882135359392,0,0,0,0.000199940017994602,0,0,0,9.99700089973008e-05,0.000699790062981106,0,0.0101969409177247,0.00139958012596221,0,0,0.000199940017994602,0,0.00299910026991902,0,0,0.0117964610616815,0
0,0,0,0.0087,0.0019,0,0.0083,0,0,0.0069,0,0,0,0,0.0049,0,0.0106,0,0,0,4e-04,0.0032,0.0015,0,0,4e-04,0,0,0.0206,4e-04,1e-04,0.0032,0,0.0095,0,0,3e-04,0.0077,0,0,0,0,0,0,0,0.0295,0.0207,4e-04,0,0,0,0,1e-04,7e-04,0.0029,0,0,0,0,0.0021,2e-04,0.011,0,0,0,0.001,0.0044,0,0,0,0.0032,0,0,0,0,0.0221,3e-04,2e-04,0,2e-04,0.0012,1e-04,0.009,0,0.001,0,0,0,4e-04,0,1e-04,0,0,0,0,0,0,0,0.0134,0,0,0,3e-04,0,0.0147,0,0,1e-04,0.0299,0.0075,0,1e-04,2e-04,0.0034,0,0.0303,0,0,0,0,8e-04,0,0,0,0,0,0,0,2e-04,0,0.0033,7e-04,0,0,0,0,0.0222,0,0,0,0,0,0,0,0,0,0.0017,0.0057,0,0,0.0012,0,0,0,0,0,0,0,0,0.0269,0,0,0,0.0316,0,0,0.0023,0,2e-04,0.0011,0,0,1e-04,0,0,5e-04,0,2e-04,0.0032,0.0028,0.0023,0.0011,0.0023,0.0023,0.0052,0,0,0,0,0,5e-04,0.0074,0,0,0,0,0.027,4e-04,0,0,0,0,0,0.0093,0.1719,0.0111,0,0,1e-04,0,0,0,0,0,0,0,0.0187,0.0025,0,0.0025,1e-04,0.003,0.0412,0,0.0072,0,5e-04,0,0.0048,0.003,0.0205,0,0,0.0742,0,0,5e-04,0,0,3e-04,0,0,0,0,6e-04,0.0071,0,0,0,0,0,0,0,1e-04,7e-04,0.0121,0,0,0.0015,0,3e-04,0,0,7e-04,0,0,5e-04,0,3e-04,0.0161,0,0,0.0584,0,0,0,0,5e-04,0.0014,3e-04,0,0,0.0513,0,0,0,1e-04,0,0.0029,0.0012,0,0,0,0,0,0,0,0.0115,0,0.0085,0
0,0,0.0003999600039996,0.0025997400259974,0,0,0,0,0,0.0011998800119988,0,0,0,0,0.0014998500149985,0,0.0030996900309969,0,0,0,0,0.0202979702029797,0,0,0.0003999600039996,0.284271572842716,0,0,0,0,0,0,0,0.0058994100589941,0,0,0.0038996100389961,0,0.0006999300069993,0,0,0,0,0,0,0.0064993500649935,0,0,0,0,0,0,0,0,0.0006999300069993,0,0,0,0,0.0778922107789221,0,0,0,0,0,0,0,0,0,0,0.0087991200879912,0,0,0.0012998700129987,0,0,0,0,0,0.003999600039996,0.0018998100189981,0,0,0,0,0,0,0,0.0008999100089991,0.0070992900709929,0,0,0.0005999400059994,0,0.0167983201679832,9.99900009999e-05,0,0,0.0131986801319868,0,0,0.0005999400059994,0,0,0,0,0,0.0373962603739626,0,0.0201979802019798,0,0.0001999800019998,0.0040995900409959,0.0104989501049895,0,0.0317968203179682,0,0,0.0108989101089891,0.0001999800019998,0,0,0.0001999800019998,9.99900009999e-05,0.0013998600139986,0,0.0337966203379662,0,0,0,0.0005999400059994,0.0004999500049995,0,0,0,0,0.0016998300169983,0,0,0,0.0084991500849915,0,0,0,0,0,0,0,0,0,0.0026997300269973,0,0.0015998400159984,0,0,0,0,0,0,0,0,0,0,0,0,0,0,0,0,0.0004999500049995,0,0,0,0,0,0,0,0.031996800319968,0,0,0,0,0,0,0,0,0.0003999600039996,0,0.0105989401059894,0,0,0.0095990400959904,0,0,0,0,0,0,0,0,0,0,0,0,0,0.0024997500249975,0,0,0.0002999700029997,0,0,0,0,0,0.0017998200179982,0,0.0112988701129887,0,0.0080991900809919,0,0,0,0,0,0,0.0016998300169983,0,0,0.0008999100089991,0,0,0,0,0.0884911508849115,0,0,0.0002999700029997,9.99900009999e-05,0,0,0,0,0,0,0,0.0081991800819918,0.0482951704829517,0.0008999100089991,0,0,0,0,0.0018998100189981,0,0,0.0032996700329967,0,0,0.003999600039996,0,0,0,0,9.99900009999e-05,0,0,0,0.0564943505649435,0,0.0184981501849815,0,0.0036996300369963,0,0,0,0,0.0020997900209979,0,0,0.0005999400059994,0,0.000999900009999,0.0223977602239776,0,0,0,0,0,0,0.0014998500149985,0,0,0,0,0.0028997100289971,0,0.0007999200079992,0,0,0.0236976302369763,0
0,0,0,0.00459816073570572,0.00359856057576969,0,0.000199920031987205,0,0,0.00109956017592963,0,0,0,0,0.00159936025589764,0.000199920031987205,0.00079968012794882,0,0,0,0,0.00369852059176329,0.0037984806077569,0.000699720111955218,0,0.0662734906037585,0,0,0.0115953618552579,0.00159936025589764,0.0644742103158737,0,0,0.000699720111955218,0.000499800079968013,0,0,0.0340863654538185,0,0,9.99600159936026e-05,0,0,0,0,0.086765293882447,0,0.000299880047980808,0,0.000499800079968013,0,0,0,0,0,0,9.99600159936026e-05,0.00219912035185926,0,0.0200919632147141,0.00039984006397441,0,0,0,0,0,0.0157936825269892,0,0,0,0,0,0,0,0,0,0,0,0,0.0254898040783687,0.000499800079968013,0,0.0325869652139144,0,0,9.99600159936026e-05,9.99600159936026e-05,0.00159936025589764,0.00119952019192323,0.0109956017592963,0,0.000599760095961615,0.00079968012794882,0,0,0,0.00109956017592963,0,0,0,0,9.99600159936026e-05,0,0,0,0,0,0.0317872850859656,0.0177928828468613,0.0147940823670532,0,0,0,0.00479808076769292,0,0.0122950819672131,9.99600159936026e-05,0,0,0,9.99600159936026e-05,0,0,0,0.00349860055977609,0,0,0,0.00199920031987205,0,0,0.0123950419832067,0.00079968012794882,0,0.00039984006397441,0,0.00939624150339864,0,0,0,0,0,0,0.000299880047980808,0,0,0.0039984006397441,0.0166933226709316,0.00109956017592963,9.99600159936026e-05,0,0.0244902039184326,0,0,9.99600159936026e-05,0.000199920031987205,0,9.99600159936026e-05,0,0,0,0,0,0,0.000299880047980808,0,0.00139944022391044,0,0,0.000299880047980808,0,0,0,0,0.00199920031987205,0,0,0,0.0114954018392643,0,0,0,0.000899640143942423,0,0.00189924030387845,0.000199920031987205,0,0,0,0.00129948020791683,9.99600159936026e-05,0.00539784086365454,0.00039984006397441,0,0,9.99600159936026e-05,0.01609356257497,0,0,0.000499800079968013,0,0,0,0.0559776089564174,0.0142942822870852,0.00129948020791683,0,0,0,0.00199920031987205,9.99600159936026e-05,0,0,0.00209916033586565,0,0,0,0,0.00599760095961615,0,0,0,0,0,0.00159936025589764,0,0,0,0.00289884046381447,0.00689724110355858,0,0.00039984006397441,0,0.0504798080767693,0,0,0,0,0.000299880047980808,0,0,0,0,0,0.00039984006397441,0.00589764094362255,0,0,0,0,0,0,0.00239904038384646,0,0.00109956017592963,0.00119952019192323,0.000699720111955218,0,0.00109956017592963,0,0,0,0,0,0,0,0,0,0.00039984006397441,0.00189924030387845,0,0,0.00509796081567373,9.99600159936026e-05,0,0,0,0,0.00109956017592963,0.201419432227109,9.99600159936026e-05,0,0.0162934826069572,0,0,0,0,0.00169932027189124,0,0.00449820071971212,0,0,0,0,0,0,0,0,0,0.00969612155137945,0
0,0,0,0.000699580251848891,0,0,0.0084949030581651,0.000999400359784129,0,0.000699580251848891,0.000299820107935239,0.000599640215870478,0,0.00349790125924445,0.0793523885668599,0,0,0,0,0,0.000299820107935239,0.00269838097141715,0.00199880071956826,0,0.000399760143913652,0.163901659004597,0,0,0.0215870477713372,0,0.00439736158305017,0,0,0.00339796122326604,0,0,0.000499700179892065,0.00169898061163302,0.000199880071956826,0,0.000899460323805717,0,0,0.000999400359784129,0,0.0201878872676394,0.00359784129522287,0,0.000199880071956826,0,0.00569658205076954,0,0,0,0,0,0,0.000799520287827304,0,0,0.000399760143913652,0.00439736158305017,9.9940035978413e-05,0,9.9940035978413e-05,0,0.00219868079152508,0.000199880071956826,0,0,0,0,0,0.000299820107935239,0,0,0,0,0,0.000599640215870478,0.000399760143913652,0,0.00119928043174096,9.9940035978413e-05,0.00199880071956826,0,0,0,0.000199880071956826,0.00259844093543874,9.9940035978413e-05,0.0748550869478313,0.000199880071956826,0.000199880071956826,0,0,0,9.9940035978413e-05,0.0022986208275035,0,9.9940035978413e-05,0,0,0,0.00199880071956826,0.000299820107935239,0.00409754147511493,9.9940035978413e-05,0.000899460323805717,0.00149910053967619,0,0.00559664201479113,0,0.00259844093543874,0,0,0,0,0.00159904057565461,0,0.000399760143913652,0,0,9.9940035978413e-05,0.0022986208275035,0,0,0,0,0,9.9940035978413e-05,9.9940035978413e-05,0,0,0,0,0.107335598640816,0,0,0,0,0,0,0,0.000499700179892065,0,0,0.000999400359784129,0,0.00199880071956826,0.000199880071956826,0.000699580251848891,0,0,0.00559664201479113,0,0,0,9.9940035978413e-05,0.00409754147511493,9.9940035978413e-05,0,0.00379772136717969,0,0,0,0.00179892064761143,0.00179892064761143,0,0,0,0.0105936438137118,0,0,0,0,0,0.0146911852888267,0.0161902858285029,0,0.00199880071956826,0,0,0,0,0,0.00139916050369778,0,0.00339796122326604,0,0,0.00179892064761143,0.000399760143913652,0,9.9940035978413e-05,0,0.0100939436338197,9.9940035978413e-05,0,0,0,0,0,0,0,0.00129922046771937,0,0,0,0.00149910053967619,0,0,0,0.000199880071956826,0.000199880071956826,0,0.0084949030581651,0.00339796122326604,0,0.000699580251848891,0.00499700179892065,0,0.000499700179892065,0,0.00219868079152508,0,9.9940035978413e-05,0,0.00369778133120128,0.000299820107935239,0.00549670197881271,0,0,0.225864481311213,0,9.9940035978413e-05,0,0,0,0,0,0,0,0,0,0,0,9.9940035978413e-05,0,0,0.00679592244653208,9.9940035978413e-05,0,0,0,0,0,0.000199880071956826,0.000199880071956826,0.000399760143913652,0,0.000799520287827304,0.000399760143913652,0,0,9.9940035978413e-05,0,0.000299820107935239,0,0,0.000399760143913652,0.000199880071956826,0.0198880671597042,0,0,0,0,0,0.000399760143913652,0.0583649810113932,0,0,0.00569658205076954,0,0,0,0,0,9.9940035978413e-05,0.000499700179892065,0,0.000899460323805717,0,0,0.00269838097141715,0,0.00209874075554667,0.000899460323805717,0,0.00689586248251049,0.000299820107935239
