"V1","V2","V3","V4","V5","V6","V7","V8","V9","V10","V11","V12","V13","V14","V15","V16","V17","V18","V19","V20","V21","V22","V23","V24","V25","V26","V27","V28","V29","V30","V31","V32","V33","V34","V35","V36","V37","V38","V39","V40","V41","V42","V43","V44","V45","V46","V47","V48","V49","V50","V51","V52","V53","V54","V55","V56","V57","V58","V59","V60","V61","V62","V63","V64","V65","V66","V67","V68","V69","V70","V71","V72","V73","V74","V75","V76","V77","V78","V79","V80","V81","V82","V83","V84","V85","V86","V87","V88","V89","V90","V91","V92","V93","V94","V95","V96","V97","V98","V99","V100","V101","V102","V103","V104","V105","V106","V107","V108","V109","V110","V111","V112","V113","V114","V115","V116","V117","V118","V119","V120","V121","V122","V123","V124","V125","V126","V127","V128","V129","V130","V131","V132","V133","V134","V135","V136","V137","V138","V139","V140","V141","V142","V143","V144","V145","V146","V147","V148","V149","V150","V151","V152","V153","V154","V155","V156","V157","V158","V159","V160","V161","V162","V163","V164","V165","V166","V167","V168","V169","V170","V171","V172","V173","V174","V175","V176","V177","V178","V179","V180","V181","V182","V183","V184","V185","V186","V187","V188","V189","V190","V191","V192","V193","V194","V195","V196","V197","V198","V199","V200","V201","V202","V203","V204","V205","V206","V207","V208","V209","V210","V211","V212","V213","V214","V215","V216","V217","V218","V219","V220","V221","V222","V223","V224","V225","V226","V227","V228","V229","V230","V231","V232","V233","V234","V235","V236","V237","V238","V239","V240","V241","V242","V243","V244","V245","V246","V247","V248","V249","V250","V251","V252","V253","V254","V255","V256","V257","V258","V259","V260","V261","V262","V263","V264","V265","V266","V267","V268","V269","V270","V271","V272","V273","V274","V275","V276","V277","V278","V279","V280","V281","V282","V283","V284","V285","V286","V287","V288","V289","V290","V291","V292","V293","V294","V295","V296","V297","V298","V299","V300","V301"
0,0,0,0,0.00449775112443778,0,0.000599700149925037,0,0,0,0.00419790104947526,0,0,0,0.024487756121939,0,0.00439780109945028,0,0,0,0.00149925037481259,0.00449775112443778,0,0,0,0.00289855072463768,0.000299850074962519,0.00609695152423788,0.000699650174912544,0,0.00129935032483758,0,0,0.00299850074962519,0,0,0,9.99500249875062e-05,0.00149925037481259,0,0.00349825087456272,0,0,0.000599700149925037,0.00079960019990005,0.0079960019990005,0,0,0,0,0.0338830584707646,0,0,0,0,0,0,0.0015992003998001,0,0.000299850074962519,0.00399800099950025,0.0135932033983008,0.000899550224887556,0,0,0.000599700149925037,0.00359820089955022,0.00189905047476262,0.000299850074962519,0.00819590204897551,9.99500249875062e-05,0,0.00539730134932534,0.00429785107446277,0,0,0,0.000199900049975012,0,0.0031984007996002,0,0.00539730134932534,0.00459770114942529,0,0,0,0,0,0,0,0,9.99500249875062e-05,0.00079960019990005,0,0,0,0,0,0,0,0,0,0.000699650174912544,0,0,0,0.00219890054972514,0.00729635182408796,0.00709645177411294,0.00109945027486257,0.00199900049975012,0,0,0,0.000699650174912544,0,0.0271864067966017,0,0.00449775112443778,9.99500249875062e-05,0,0,0.000599700149925037,0,9.99500249875062e-05,0.0659670164917541,0,0,0,0.158820589705147,0,0.0103948025987006,0,0,9.99500249875062e-05,0,9.99500249875062e-05,0,0,0,9.99500249875062e-05,0,0.00179910044977511,0,0,0,9.99500249875062e-05,0,0,9.99500249875062e-05,0.000299850074962519,0,0,0,0,0,0,0,0,0.0127936031984008,0,0,0,0.0265867066466767,0,0,0,0,0,0,0.00189905047476262,0,0,0,0.000899550224887556,0,0,0,0.0306846576711644,9.99500249875062e-05,0,0,0,0,0.00239880059970015,9.99500249875062e-05,0,0,0,0,9.99500249875062e-05,0.00209895052473763,9.99500249875062e-05,0,0.0120939530234883,0.0015992003998001,0,0,0,0.0168915542228886,0,0,0,0.0546726636681659,0,0.00109945027486257,0,0,9.99500249875062e-05,0.000299850074962519,0,0,0,0,0,9.99500249875062e-05,0.00579710144927536,0.00119940029985007,0,0,0,0.00499750124937531,0,0,0,0,0,0,0.000199900049975012,0,0.00549725137431284,0,0,0.0150924537731134,0,0,0,0,0,0.00169915042478761,0,0,0.0132933533233383,0.00199900049975012,0.000199900049975012,0,0,0,0,0,0,0,0.000399800099950025,0,0.000299850074962519,0.000699650174912544,0.00269865067466267,0,0,0,0.000599700149925037,0,0,0.000199900049975012,0,0,0,0,0,0.0420789605197401,0,0.00399800099950025,0.0728635682158921,0,0,0,0,0,0.000299850074962519,0.166916541729135,0,0,0.0199900049975013,0,0,0.00129935032483758,0,0.000699650174912544,0.00679660169915042,0.00399800099950025,0,0,0,0,0.000499750124937531,0,9.99500249875062e-05,0,0,0.00369815092453773,0
0,9.9940035978413e-05,0,0,0,0,0.000199880071956826,0,0,0,0,0,0,0,0.00429742154707176,0,0.000199880071956826,0,0,0,0,0,0,0,0,0.0256845892464521,0,0,0.004597241655007,0,0.0238856685988407,0,0,0,0,0,0.00119928043174096,0.00349790125924445,0,9.9940035978413e-05,0.000199880071956826,0,0,0,0,0,0,0,0,9.9940035978413e-05,0,0,0,0,0.000399760143913652,0,0.000399760143913652,0.000199880071956826,0,0.0084949030581651,0,0,0.000199880071956826,0,0,0,0,0,0,0.00199880071956826,0,0,0,0,0,0.000299820107935239,0,0,0,0,0,0,0,0,0,9.9940035978413e-05,0,0,0,0,0,0.00949430341794923,0.00869478313012193,0,0,0,0,0,0,0,0,0.000799520287827304,0,0,0,0,0,0,0,0,0,0,0,0,0,0,0,0,0,0,0,0,0,9.9940035978413e-05,0,0,0,0,0,0,0,0.000199880071956826,0,0.000499700179892065,0,0,0,0,0,0,0,0,0,0,0,0,0.000899460323805717,0,9.9940035978413e-05,0.000299820107935239,0,0,0,0,0,0,0,0,0,0.000899460323805717,0,0,0,9.9940035978413e-05,0,9.9940035978413e-05,0,0,0,0,0.000299820107935239,9.9940035978413e-05,9.9940035978413e-05,0,0,0,0,0.00139916050369778,0,0,0,0,0,0,0,0,0,0,0,9.9940035978413e-05,0,0,9.9940035978413e-05,0,0,9.9940035978413e-05,0.00449730161902858,0,0,9.9940035978413e-05,0,0,0,0,0.0535678592844293,0.00339796122326604,0.000799520287827304,0,0,0.00209874075554667,0,0,0,0,0.00179892064761143,0,9.9940035978413e-05,0,0,0,0,0,9.9940035978413e-05,0,0,0,0,0,0,0,0,0,0,0.0805516689986008,0.00469718169098541,0,9.9940035978413e-05,0,0,0.0113931641015391,0,0,0,0,0,0,0,0,0,0,0,0,0,0,0,0.00139916050369778,9.9940035978413e-05,0,0.000999400359784129,0,0,0,0,9.9940035978413e-05,9.9940035978413e-05,0,0,0,0,0.680291824905057,9.9940035978413e-05,0,0.0145912452528483,0,0,0,0,0,0.000299820107935239,0.0335798520887468,0,0,0,0,0,0,0,0,0,0,0,0,0,0,0.000299820107935239,0,0,0,0,0.00439736158305017,0
0,0,0,0,0.0121841605912314,0,0,0,0,0.0167781883551383,0.00239688405073405,0,0,0.00159792270048936,0.00419454708878458,0,0.000898831519025267,0,0,0,0,0.00119844202536702,0.00249675421951463,0,0,0.156196943972835,0,0.00958753620293618,0.00019974033756117,0.000499350843902926,9.98701687805852e-05,0,0,0.00109857185658644,0,0,9.98701687805852e-05,0.000299610506341756,0.00359532607610107,0,0,0.000798961350244682,0,0.00629182063317687,0.000998701687805852,0.000998701687805852,0,0,0,0,0.00209727354439229,0.00389493658244282,0,0,9.98701687805852e-05,0,0,0,0,0,0,0.00139818236292819,0,0,0,0.00139818236292819,0.00479376810146809,0.00209727354439229,0,0.000699091181464097,0.000798961350244682,0,0,0.00629182063317687,0,0,0,0,0,0.00189753320683112,0,0.0026964945570758,9.98701687805852e-05,0,0.0103864975531809,0.000399480675122341,9.98701687805852e-05,0,0,0.00419454708878458,0,9.98701687805852e-05,9.98701687805852e-05,0,0.00149805253170878,0.00998701687805852,0,0,0.00119844202536702,0,0,0.017577149705383,0,0,0.000499350843902926,0,0.00399480675122341,0.00239688405073405,0.0194746829122141,0,0,0,0,0.00329571556975931,0,0,0,0,0.00219714371317288,0,0,0,0.0053929891141516,0.000299610506341756,0.000699091181464097,0.178068510935783,0,0,0,0.0546289823229801,0.0102866273844003,0.00329571556975931,0.0019974033756117,0,0,0,9.98701687805852e-05,0.00019974033756117,0,0,9.98701687805852e-05,0,0,0,0,0,0,0,0,9.98701687805852e-05,0.000299610506341756,0.00549285928293219,0,0,9.98701687805852e-05,0,0,0,0,0.00299610506341756,0,9.98701687805852e-05,0,0,0,0,0,0,0,0,0,9.98701687805852e-05,0,0,0,0,0,0.000399480675122341,0.00169779286926995,0,0,0,0,0.00019974033756117,9.98701687805852e-05,0,0,0,0,0,0,0.000299610506341756,0.000499350843902926,0,0,9.98701687805852e-05,0,0,0,0,0,0,0,0,0,9.98701687805852e-05,9.98701687805852e-05,0,0.000299610506341756,0.00159792270048936,0,0,0.000599221012683511,0.00259662438829522,0.00119844202536702,0,0,0.000499350843902926,0.000898831519025267,0,0,0,0,0,0,0.00699091181464097,0.00329571556975931,0,0.0147807849795266,0,0.0116848097473285,0,0,0.03924897633077,0,0,0,0,9.98701687805852e-05,0.000399480675122341,0,0,0.0126835114351343,0.00279636472585639,0.000299610506341756,0,0,0,0,0,0.0318585838410067,0,0,0,9.98701687805852e-05,9.98701687805852e-05,0.000299610506341756,0,0.000599221012683511,0.000399480675122341,0,0,0,0.00019974033756117,0,0,0,0,0,0.0888844502147209,0,0.000798961350244682,0.011085588734645,0,0,0,0,0,9.98701687805852e-05,0.160691101567962,0,0,0.0019974033756117,0,0,0,0,0,0.00109857185658644,0.000898831519025267,0,0,0,0,0.000998701687805852,0,9.98701687805852e-05,0,0,0.00169779286926995,0.00219714371317288
0,0,0,0,0.0111,0.003,1e-04,0,0,0.0086,0.0027,0,0,0.0014,0,0,0,0,0,0,0,0,0.0037,0,0.0019,6e-04,0,0,0,0,0,0,0,0,0,0,0,0.0056,0.0018,0,0.0078,0,0.0017,0,0.0059,8e-04,0,0,0,0,0.0105,0,0,0,0,0,0,0,0,0.0419,0,0.0176,0,0,0.0042,0.0018,9e-04,0,0,0,0,0,2e-04,0.0949,0,0,0,0,0.0021,0.0319,0,0,0,0,0,0,0,0,0.0014,0.0102,7e-04,7e-04,2e-04,0,0,0,0,1e-04,0,0.0032,0,0,0,2e-04,0,0,0,1e-04,0.0399,0.0033,0,0,0,0,0,0,0,6e-04,0,0,0,0,0,1e-04,0.0174,0.0189,0,0,0,0.2057,0,9e-04,0,0,0,0,0,0,0,0,0,2e-04,0.0012,0,0,0,0,0,0,0,0.0018,0.0042,4e-04,0,0,0,0,0,0,0.0032,0,0,0,0,0,0,3e-04,0,0,0,0,0,1e-04,0,0,0,0,0.0203,0.0178,0,0,0,0,0,0.0032,0,0,0,0,0,0,0.0091,0,0,0.0143,0,0,1e-04,0,0,0,0,0,0,0,0,0,0,0,1e-04,0,0,0,0,0,0,0,0,0.0571,0,0,0,0,0,0,0,0,0,0.0136,0,0.019,0,0,0.0276,0,1e-04,0,0,0,0,0,0,0,0,0,0,0,0,0,0,0.0252,0,0,0,0,0,0,0,0,0,3e-04,0,0,0,0,0,0,0,0.0061,0.002,0.0054,0,0.0659,1e-04,0,0,0,0,0.0052,0.0231,0,0,0,0,0,0,0,0,0.0038,0.0068,0,0,0,0,0.0301,0,0.0295,0,0,0.0365,0
0,0,0.000199860097931448,0,0.0105925851903667,0,9.9930048965724e-05,0,0,0.00359748176276606,0.00359748176276606,0,0,0,0.020285799940042,0,0,0,0,0,0,0,0.00099930048965724,0,0,0.197161986609373,0,0,9.9930048965724e-05,0,0,0,0,0,0,0,9.9930048965724e-05,9.9930048965724e-05,0,0,0.00649545318277206,0,0,0,0.00239832117517738,0.00729489357449785,0,0,0,0,0,0,0,0,0,0,0,0,0,0.00559608274208054,0,0.0214849605276307,0.00099930048965724,0,0.0207854501848706,0,0.00469671230138903,0.000299790146897172,0,0,0,0,0,0,0,0,0,0,0,0.00369741181173179,0,0.00579594284001199,0,0,0,0,9.9930048965724e-05,0,0,0,9.9930048965724e-05,9.9930048965724e-05,9.9930048965724e-05,0,0.00659538323173778,0,0.000799440391725792,0,0,0,0.00129909063655441,0,0,0,0.00099930048965724,0,0,9.9930048965724e-05,0.00149895073448586,0.00099930048965724,0,0,0,0,0,0,0,0.000199860097931448,0,0,0,0,0.000699510342760068,0,0,0.182072549215549,0,0,0,0.131408014389927,0,0.00329769161586889,0,9.9930048965724e-05,9.9930048965724e-05,0,9.9930048965724e-05,0,0,0,9.9930048965724e-05,0,0,0,0,0,0,0,0,0,0.00099930048965724,0,0,0,0,0,0,0,0,0.00689517337863496,0,0,0,0.0213850304786649,0,0,0,0,0,9.9930048965724e-05,0,0,0,0,0,0,0,0,0.0352753072849006,0,0,0,0,0,0,0,0,0,0,0,0,0,9.9930048965724e-05,0,0,0.000399720195862896,0,0,0,0,0,0,0,0,0,0.000599580293794344,9.9930048965724e-05,0,9.9930048965724e-05,0,0,0,0,0,0,0,0,0,0,0,0,0,0,0,9.9930048965724e-05,0,0,0,0,0,0.0119916058758869,0,0,0.0798441091236135,0,0,0,0,0,0,0,0,0,0,0,0,0,0,0,0,0,0,0,0,0,0,0.0163885280303787,0,0.000199860097931448,0,0.000199860097931448,0,0,0,9.9930048965724e-05,0,0,0,0.00329769161586889,0.00319776156690317,0,0,0.0576596382532227,0,0,0,0,0,0.0020985310282802,0.0998301189167583,0,9.9930048965724e-05,0,0,0,0.00159888078345158,0,0,0.0102927950434696,0,0,0,0,0,0,0,0,0,0,0,0
0,0,0,0,0.0186,0,0,0,0,0.0059,0.0062,0,0,0.0063,0.0014,0,0,1e-04,0,0,0,0,0.0025,0,0,0.0071,0,0,9e-04,0,0.0018,0,0,2e-04,0,0,0,0.0186,0.0023,0,0.0107,0,0,0,0.0016,0.0012,0,0,0,0,0,1e-04,0,0,0,0,0,0,0.0019,0,0,0.0025,0,0,0.0105,2e-04,0.0016,4e-04,0,0,0,0,8e-04,0,0,0.027,0,0,0,0.0203,0,0.041,0,0,0,0.0023,0.0029,0,0.0024,0,0,0,1e-04,0,0.0127,1e-04,0,0,8e-04,0,0,0,0,0,0.0021,1e-04,0,0.0052,0.0526,0.0054,0,0,0,0,0,0,0,0.0038,0,0,0,0.0093,0.0065,1e-04,2e-04,0.0211,0,0,0,0.2713,0,0,0,0,0,0,0.0022,0,0,0,0,0,0,0,0.011,0,0,0,0,0,0.0028,0,0.0057,0,0,0,0,0,0,0,0,0,0,0.0486,0,0,0,0,0,0,0,0,9e-04,0,0.0019,0,0,0,0,0,0.0011,0,0,0,0,0,0.0012,0,0,0,0,0,0,0,0,0,0,0,0,0,0,0,0,0,0,0.0153,0,0,0,0,0,0,0,0,0,0,0,0.0142,0.0252,0,0,0,0,0,0,0,0,0,0,0,0.0359,0,0,0.0341,0,0,0,0,0,0,0,0,1e-04,0,0,0,0,0.0044,0,0,0.0067,0,0,0,0,0,0,0,0,9e-04,0,0,0,0,0,0,0,0,0,0.0019,0,0,0.0107,0,7e-04,0,3e-04,7e-04,0,0.1515,0,0,0.0116,0,0,0,1e-04,0,0.0053,0,0,0,0,0,0.0017,0,0.0052,0.0024,0,0.005,0
0,0,0,0,0.0457633892885691,0.00859312549960032,0,0,0,0.00629496402877698,0.00839328537170264,0,0.0174860111910472,0,0.0858313349320544,0,0.00349720223820943,0,0,0,0.00189848121502798,0.00539568345323741,0,0,0,0.0141886490807354,0,0.0127897681854516,0.00149880095923261,0.0423661071143086,0.0101918465227818,0,0,0.0016986410871303,0,0,0.000999200639488409,0.000999200639488409,0.00459632294164668,0,0,0,9.99200639488409e-05,0.000399680255795364,0.00449640287769784,9.99200639488409e-05,0,0,0,0,0.037669864108713,0.00119904076738609,0,0,0,0,0,0,0,9.99200639488409e-05,0,0.000399680255795364,0,0,0,0.000299760191846523,0.00799360511590727,0.00579536370903277,0.000299760191846523,0,0.000399680255795364,0,0.000299760191846523,0.00259792166266986,0,0,0,9.99200639488409e-05,0,0.000199840127897682,0,0.00739408473221423,0,0,0,0.00279776179056755,9.99200639488409e-05,0,0.00779376498800959,0,9.99200639488409e-05,0.00129896083133493,0.0060951239008793,0,0.0082933653077538,0,0,9.99200639488409e-05,9.99200639488409e-05,0,0,0,0,0,0.000999200639488409,9.99200639488409e-05,0,0.070343725019984,0.00669464428457234,0.0021982414068745,0,0,0,0.00229816147082334,0.000799360511590727,0,0,0.00309752198241407,0.000399680255795364,0,0,0,0.0302757793764988,0.000399680255795364,0.00479616306954436,0.0170863309352518,0,0,0,0.246802557953637,0,9.99200639488409e-05,0,0,0,0,0.00149880095923261,0,9.99200639488409e-05,0,0.0397681854516387,0,0,0,0,0,0,0,0,0,0.000499600319744205,0.000299760191846523,0.000599520383693046,0.00369704236610711,0.000199840127897682,0,0,0,0,0.00139888089528377,9.99200639488409e-05,0,0,0,0,0,0,0,0,0,0.000599520383693046,0,0,0,0,0,0,0.00109912070343725,0,0,0,9.99200639488409e-05,0,0,0,0,0,0,0,0,0,0.00449640287769784,0.000299760191846523,0,0,0,0,0,0,0,0,0,0,0,0,0.00429656274980016,0,0,9.99200639488409e-05,0.00369704236610711,0,0,0,0.00189848121502798,9.99200639488409e-05,0,9.99200639488409e-05,0,0.0411670663469225,0,0,0,0,0,0,0,0,0,0.00209832134292566,0,9.99200639488409e-05,0,0,0.00349720223820943,0,0,0,0,0,0,0,0.00109912070343725,0,0,0.0204836131095124,0,9.99200639488409e-05,0,0,0,0,0,0,0,0.000999200639488409,0.00639488409272582,0.00149880095923261,9.99200639488409e-05,0.00109912070343725,0.000599520383693046,0,0,0,0.000199840127897682,0.0123900879296563,0,0,0,0,0.0174860111910472,0,0.000799360511590727,0.010691446842526,0,0,0,0.000899280575539568,0,9.99200639488409e-05,0.0418665067945643,0,0,0.00399680255795364,0,0,0,0,0,0,0.00139888089528377,0,0,0,0,0.0016986410871303,0,0.00109912070343725,0,0,0.00779376498800959,0
0,0,0,0,0,0,0.0171879684221045,0,0,0,0,0,0,0,0.00169881083241731,0,0,0,0,0,0.0124912561207155,0.00649545318277206,0,0,0,0.0439692215449186,0.000199860097931448,0,0.0078944738682922,0,0.00549615269311482,0.00099930048965724,0,0.00319776156690317,0,0,0,0.0193864294993505,9.9930048965724e-05,0,0,0,0,0.00679524332966923,0,0.0360747476766264,0,9.9930048965724e-05,0,0,0,0,0,0,0.00109923053862296,0,0,0,0,0.0148895772958929,0,0.00469671230138903,0,9.9930048965724e-05,0,0,0.000699510342760068,0,0,0.0101928649945038,0,0.000299790146897172,0.000199860097931448,0.000899370440691516,0,0,0,0,0.000899370440691516,0.00779454381932647,0,9.9930048965724e-05,0.0381732787049066,0,0.0154891575896872,0,0,0,0,0.00589587288897772,0,0.00719496352553213,0,0,0,0,0,0,0.00309783151793744,0,0,0,0,0,0.000199860097931448,0.000299790146897172,0.00569601279104627,0.000399720195862896,0,0.0045967822524233,0,0,0,0.00389727190966324,0,0,0.000599580293794344,0,0.00729489357449785,0,0,0,0,9.9930048965724e-05,0.0146897171979614,0,0.002897971420006,0,0,0,0.0167882482262416,0,0,0,0,0,9.9930048965724e-05,0,0,0,0.000799440391725792,0,0,0,0,0,0.00129909063655441,0.000399720195862896,0,0,0.000799440391725792,0.000799440391725792,0,0.00269811132207455,9.9930048965724e-05,0,0,0,0,0,0,0,0,0.128609973018887,0,0,0,0,0,0,0.000599580293794344,0,0.00199860097931448,0,0.000799440391725792,9.9930048965724e-05,0,0.00259818127310882,0.00469671230138903,0,0,0,0,0,0,0,0,0,0,0.00129909063655441,0,0.00669531328070351,0,0.00049965024482862,0,0,0,0,0,0,0,0,0,0,0,0.00279804137104027,0,0,0,0,0.00099930048965724,0,0.00219846107724593,9.9930048965724e-05,0,0,0.00309783151793744,0.00179874088138303,0,0,0.0111921654841611,0.00169881083241731,0,0,0,0,0,0,0.00439692215449186,0,0.0212851004296992,0,0,0.0127910462676127,0,0,0.000299790146897172,0,0,0,0.000699510342760068,0,0.0167882482262416,0,0,0,0,0,0,0,0.000399720195862896,0,0.000299790146897172,0,9.9930048965724e-05,0,0,0,0.000199860097931448,0.0166883181772759,0,0,0,0.000399720195862896,0,0,9.9930048965724e-05,0,0.00169881083241731,0.00099930048965724,0,0.00399720195862896,0,0,0,0,0.00599580293794344,0.000199860097931448,0,0.353252723093834,0,0,0.0251823723393624,0,0,0,0,0,0.00129909063655441,0.00579594284001199,0.00589587288897772,0,0,0.0024982512241431,0.000599580293794344,9.9930048965724e-05,0.00129909063655441,0,0,0.00669531328070351,0
0,0,0,0,0,9.99600159936026e-05,0,9.99600159936026e-05,0,0,0,9.99600159936026e-05,0,0,0.00759696121551379,0,0,0,0,0.00239904038384646,0.00369852059176329,0,0,0,0,0.266393442622951,0,0,0.00189924030387845,0.00129948020791683,0.00179928028788485,0,0,0.00959616153538585,0,0,0.000199920031987205,0.0188924430227909,0,0,0,0.000899640143942423,0,0.00309876049580168,0,0.0129948020791683,0,0,0,0,0.000199920031987205,0,0,0,0.000599760095961615,0,0,9.99600159936026e-05,0,0.00279888044782087,0,0,0,0,0,0,0.0563774490203918,0,0,0.00699720111955218,0.000599760095961615,0,0,0.00189924030387845,0,0,0,0,0,0.0433826469412235,0,0,0.00929628148740504,0,0.00149940023990404,0,0.015093962415034,0,0,0.00249900039984006,0,0,0,0,0,0.00249900039984006,0,0,0.00619752099160336,0,0,0,0,0,0.000199920031987205,0.00209916033586565,0.0180927628948421,0.133646541383447,0,0,0,0,0,0.00879648140743703,0.000999600159936026,0,0,0,0.00999600159936026,0,0,0,0,0.00199920031987205,0.00149940023990404,0,0,0,0,0,0.00179928028788485,0.0300879648140744,0,0,0,0,0.00629748100759696,0,0,0,0.0204918032786885,0,0,0,0.00529788084766094,0,0,0,0,0,0.00119952019192323,0.00039984006397441,0,0,0,0,0,0,0.000299880047980808,0.00129948020791683,0,0,0,0.0227908836465414,0,0,0,0,0,0,0.00039984006397441,0,0,0,0,0,0,0.000499800079968013,0.00409836065573771,0,0,0,0,0,0.000599760095961615,0,0,0.000499800079968013,0,0,0,0.00249900039984006,9.99600159936026e-05,0,0,0,0,9.99600159936026e-05,0,0,0,0,0,0,0,0.0212914834066373,0.00219912035185926,0,0,0,0,0,0,0.000299880047980808,0,0,0.00569772091163535,0,0,0,0,0.00609756097560976,0,0,0,0,0.00529788084766094,0,0.000199920031987205,0,0.000599760095961615,9.99600159936026e-05,0,0.0386845261895242,0,0,0,0,0,0,9.99600159936026e-05,0,0,0,0,0,0,0,0,0,0.000199920031987205,0,0,0,0,0.00039984006397441,0,0.000199920031987205,0.00729708116753299,0.00239904038384646,0,0,0,0,0,0,0,0,0,0,0.00209916033586565,0.00119952019192323,0.00329868052778888,0,0,0,0,0,0,0.122950819672131,0,0,0.00849660135945622,0,0,0,0,0,0.00219912035185926,0.00039984006397441,0,0,0,0,0.000499800079968013,9.99600159936026e-05,0.000199920031987205,0,0,0.0102958816473411,0
0,0,0,0,0.0038984406237505,0,0,0,0,0,0.00249900039984006,0,0,0.00409836065573771,0.000699720111955218,0,0,0,0,0,0,0,0.00149940023990404,0,0,0.000699720111955218,0,0,9.99600159936026e-05,0,0.0149940023990404,0,0,0.00519792083166733,0,0,0,0,0.0166933226709316,0,0,0,0,0,0.00429828068772491,0,0,0,0,0,0,0,0,0,0.00119952019192323,0,0,0,0,0,0,0.00499800079968013,0.00079968012794882,0,0.00539784086365454,0.00079968012794882,0.00819672131147541,0,0,0.00729708116753299,0.000499800079968013,0,0.00039984006397441,0.0106957217113155,0,0,0,0,0,0.0103958416633347,0,0.0209916033586565,0.0111955217912835,0,0,0,0,0,0,0.00859656137544982,0,0,9.99600159936026e-05,0,0.000999600159936026,0,0,0,0,0,0,0,0,0.00149940023990404,0.00989604158336665,0,9.99600159936026e-05,0.00249900039984006,0.00289884046381447,0,0,0,0,0,0,0,0,0.000599760095961615,0.00239904038384646,0,0,0,0,0,0.00569772091163535,0.0195921631347461,0,0,0,0.118052778888445,0.0271891243502599,0.000299880047980808,0,0,0.00839664134346262,0,9.99600159936026e-05,0,0,0,0,0,0,0,0,0,0,0,0,0,0.000299880047980808,0.00279888044782087,0,0,0,0,0,0,0.00269892043182727,0,0,0,0,0,0,0,0,0,0,0,0,0,9.99600159936026e-05,0,0,0,0,0.0152938824470212,0.00999600159936026,0,9.99600159936026e-05,0,0,0,0.00079968012794882,0,0,0,0,0,0,0.0221911235505798,0,0,0.0206917233106757,0,0,0,0,0,0.0129948020791683,0.000299880047980808,0,0.00739704118352659,0,0,0,0,0,9.99600159936026e-05,0,0,0.000199920031987205,0,0.00269892043182727,0,0.00539784086365454,0.0200919632147141,0.00359856057576969,0,0.00579768092762895,0.00699720111955218,0,0.00129948020791683,0,9.99600159936026e-05,0,0,0.00919632147141144,0,0.00739704118352659,0,0,0.0402838864454218,0,0,0,0,0,0.00609756097560976,0,0,0,0.000699720111955218,0,0.00219912035185926,0,0,0,0,0.00159936025589764,0,0,0,0,0,0,0,0,0,0,0.00079968012794882,0,0.000699720111955218,0,0,0,0,0.00439824070371851,0.000199920031987205,0,0,0.125249900039984,0,0,0,0,0.000699720111955218,0.000499800079968013,0.237005197920832,0,0,0.0533786485405838,0,0,0,0.00039984006397441,0,0.00129948020791683,0.00599760095961615,0,0,0,0,0.00419832067173131,0,0,0,0,0.00929628148740504,0
0,0,0,5e-04,0,0,0,0,0,0,0,0,0.0011,0.0109,0.0067,0,0,0,0,0,7e-04,0,0,0,0,0.3843,0,0,0,0,0,0,0,0.0464,0,0,0.0071,0,5e-04,0,0,0,0,0,0,0.0071,0,0,0,0,4e-04,4e-04,1e-04,0,0,0,0,3e-04,0,0,0,0,0,0,0,0,0.0016,0,0,0,0.0011,0,0,0,0,0,0,0,0,0,0,0,0,0,0.0089,4e-04,0,0,0,0.0038,0,0.0013,0.008,0,0,0,0,0,0.0044,0,0,0,0,0,4e-04,0,0,0.0318,0,0,0,0,0,0.006,0,0,0,0.0012,0.0013,0,9e-04,0,0,2e-04,0.0527,0,0,0,0,0,0,0,0,0,0,0,0.0146,0,0,0,0.0076,0,0,0,0,0,0,0,0,0,6e-04,0,0.0026,0,0,0,0,0,0,0,0,0,0,0,0,0,0,0,0,0,0,0,0,0,0,0,0,0.0151,0.0051,0,0,0,0,0,0,0,0,0,0,0,0,0.005,0,9e-04,0,0,0,0,0,0,0,0,0,0,0,0.0042,0,0,1e-04,0.0025,0,0,0,0,0,0,0,0,0.0014,0,0.0021,0,0,0,0,0,0,0,0.021,0,0.0016,0,0,0,0,0,0,0,0,0,0,0,0,0,0,0,0,0,0,0,0.0083,0,0,0,0.0094,0.0368,2e-04,0,0,0,1e-04,0,0,0,0,0,0,0,0,0,0,0,0.054,0,0.0018,0,1e-04,0,0,0.2033,0,0,0,0.0026,0,0,0,0,0,0,0,0,0,0,0.0048,0,8e-04,0,0,0.0029,0
0,0,0,0,0,0,0.00119916058758869,0,0.0608573998201259,9.9930048965724e-05,0.000199860097931448,0,0,0.017387828520036,0.00159888078345158,0,0,0,0,0,0.00469671230138903,0.00299790146897172,0,0.000399720195862896,0,0.245328270210852,0,0,0.00119916058758869,0,0.0294793644448886,0,9.9930048965724e-05,0.00469671230138903,9.9930048965724e-05,0,0.00129909063655441,0.0218846807234936,0.00049965024482862,0,9.9930048965724e-05,0.000299790146897172,0,0.002897971420006,0,0.0103927250924353,0,0.000199860097931448,0,0,0.000199860097931448,0.00329769161586889,0,0,0,0,0,0,0,0.00369741181173179,0,0.000699510342760068,0,0,0,0,0.00469671230138903,0,9.9930048965724e-05,0,0,0,0,0,9.9930048965724e-05,0,0,0,0,0.00339762166483462,0,0.00049965024482862,0.000399720195862896,0,0,9.9930048965724e-05,0,9.9930048965724e-05,0,0.010492655141401,0,0.00389727190966324,0,0.0024982512241431,0,9.9930048965724e-05,0,0,0,0,0,0,0,0.000699510342760068,9.9930048965724e-05,0,0.0053962226441491,9.9930048965724e-05,0,0,0,0,0,0.0639552313380634,0,0,0,0,0.00809433396622364,0,0,0,0,0,0.0146897171979614,0,9.9930048965724e-05,0,0.00119916058758869,0.000299790146897172,0,0.00279804137104027,0.00529629259518337,0.000199860097931448,0,9.9930048965724e-05,0,0,0,0,0,0,0,0,0,0,0,0,0,0,0.000299790146897172,0,0,0,0,0,0,0,9.9930048965724e-05,0.00349755171380034,0,0.000199860097931448,0,0,0,0,0,0,9.9930048965724e-05,0,0,0,0.000799440391725792,0,0,0,0.000199860097931448,0,0.0240831418007395,0.000599580293794344,0,9.9930048965724e-05,0,0,0,0,0,0,0,0.00049965024482862,0,0.0179874088138303,0,0,0,0.000199860097931448,0,0,0,0.000599580293794344,0,0,0,0,0,0.000399720195862896,0,0,9.9930048965724e-05,0,0.00049965024482862,0,0,0,0.00219846107724593,0,0,0,0,0,0,0,0,0,0,0,0,0,0.00489657239932048,0,0.00949335465174378,0,9.9930048965724e-05,0.105126411511942,0,0,9.9930048965724e-05,0,9.9930048965724e-05,0.000299790146897172,0,0,0.00759468372139502,0,9.9930048965724e-05,0,0,0,0,0.000699510342760068,0.00869391426001799,0,0,0,0,0,9.9930048965724e-05,0,0.000599580293794344,0.00119916058758869,0,0,0,0,0.000299790146897172,0,0,0.01518936744279,0.00099930048965724,0,0,0,0,0,9.9930048965724e-05,0,0,0.000199860097931448,0.000799440391725792,0.209753172779055,0,0,0.0131907664634756,0,0,0,0,0,0,0.00129909063655441,0,0,0,0,0,0,0.00049965024482862,0.00239832117517738,0,0.0184870590586589,0
0,0.00119940029985007,0,0,0,0,9.99500249875062e-05,9.99500249875062e-05,0,0,0,0,9.99500249875062e-05,0.00779610194902549,0.0047976011994003,0,0.00469765117441279,0,0,0,0,0.00299850074962519,0,0.00149925037481259,0,0.110744627686157,0,0,0,0,0.0125937031484258,0,0,0.00519740129935032,0.000699650174912544,0,0.00309845077461269,0.00359820089955022,0,0,0,0,0.0331834082958521,0,0,0.0201899050474763,0,0,0,0,0,0,0,0,0,0,0,0,0,0,0,0,9.99500249875062e-05,0,0.0218890554722639,0,0.0175912043978011,0,0.00289855072463768,0,0.000899550224887556,0,0,0,0,0,0,0,0,0.0287856071964018,0,0,0.00979510244877561,0,0,0.000499750124937531,0.0606696651674163,9.99500249875062e-05,0,0.00849575212393803,0,0.00299850074962519,9.99500249875062e-05,0,0,9.99500249875062e-05,0,0,0,0,0,0.00789605197401299,0,0,0,0,9.99500249875062e-05,0.0760619690154923,0,0,0,0,0,0,0,0,0,9.99500249875062e-05,0,9.99500249875062e-05,0,0,0,0,0.00169915042478761,0.0218890554722639,0,0,0,0,0.00619690154922539,0,0,0.0283858070964518,0,0,0.000299850074962519,0,0,0,0,0,0,0,0,0,0,0,0,0,0.000599700149925037,0,0,0,0,0,0,0,0.000399800099950025,0.00349825087456272,0,0,0,0,0,0,0,0,0,0,0,0,0,0.000299850074962519,0,0,0,0,0,0,0,0,0,0,0,0,0,0,0,0,0,0.0115942028985507,0,0,0,9.99500249875062e-05,0,0,0,0,0,0,0,0,0,0.0275862068965517,0,0,9.99500249875062e-05,0.000399800099950025,0,0,0,0,0,0,0,0,0,0,0,0,0,0,0,0,0,0,0.000499750124937531,0,0.0115942028985507,0,0,0.2071964017991,0,0,0,0,0,0,0,0,0,0,0.00599700149925037,0,0,0,0,0,0,0,0,0,0,0.00299850074962519,0,0,0.000599700149925037,0.00119940029985007,0,0,0,0,0,0,0,0.0299850074962519,0.00309845077461269,0.000999500249875062,0,0,0.00399800099950025,0,0.00079960019990005,0,0,0,0,0.128935532233883,0,0,0.0335832083958021,0,0,0,0,9.99500249875062e-05,0.00259870064967516,0,0,0,0,0,9.99500249875062e-05,0,0.0108945527236382,0,0,0,0
0.0108978204359128,0.0001999600079984,0,0,0,0,0,0,0,0.00519896020795841,0,0,0,0,0,0,0,0,0,0,0,0,0,0.0001999600079984,0,9.99800039992002e-05,0,0,0.0002999400119976,0,0.00949810037992401,0,0,0.00689862027594481,0,0.0127974405118976,0,0,0,0,0,0.0021995600879824,0,0,0.0010997800439912,0,0,0,0.0016996600679864,0,0,9.99800039992002e-05,0,0,0,0,0,0,0,0,0,0,0,0,0.000499900019996001,0,0.000399920015996801,0,0.0136972605478904,0.0163967206558688,0,0,0,0,0,0,0,0,0,0,0,0.00619876024795041,0,0,0,0,0,0,0,0,0,0,0,0,0,0,0,0,0.0011997600479904,0,0,0,0,0,0,9.99800039992002e-05,9.99800039992002e-05,0.0011997600479904,0.00499900019996001,0.00409918016396721,0,0,0,0,0,0,0,0.0002999400119976,0,0.0001999600079984,0,0,0.0225954809038192,0,0,0.013997200559888,0,0,0,0.196860627874425,0,9.99800039992002e-05,0,0,0.0160967806438712,0.00389922015596881,0,0,0,0,0,0,0.000699860027994401,0,0.00379924015196961,0,0.000399920015996801,0.0010997800439912,0,0,9.99800039992002e-05,0,0,0.0025994801039792,0,0,0,0,0,0.00349930013997201,0,0,0,0,0,0,0,0,0,0,0,0,0,0,0.000999800039992002,0,0,0,0.0126974605078984,0,0,0,0,0,0,0,0.0001999600079984,0,0,0,0,0,0,0,0,0,0,0,0,0,0,0.0026994601079784,0,0,0,0,0,0,0,0.0018996200759848,0,0,0.0002999400119976,0,0,0,0,0,0.030993801239752,0,0,0,0,0,0,0,0,0,0.0001999600079984,0,0,0,0,0.0584883023395321,0,0,0,0,0,0,0,0,0.00799840031993601,0,0,0.0379924015196961,0,0,0,0,0,0,0.0023995200959808,0,0,0,0.0002999400119976,0,0,0,0,0,0,0,0,0,0,0,0,0.157768446310738,0,0,0.157668466306739,0,0,0,0,0,0,0.114777044591082,0,0,0.0399920015996801,0,0,0,0,0,0.000399920015996801,0,0,0,0,0,0.00589882023595281,0,0,0,0,0,0
0,0,0,0,0,0,0,0.0052994700529947,0,0,0,0,0,0,0,0,0,0,0,0.0005999400059994,0,0.0035996400359964,0,0,0,0.0304969503049695,0,0,0.0087991200879912,0.0035996400359964,0,0,0,0,0,0,0,0,0,0,0,0,0,0.0017998200179982,0,0.0033996600339966,0,0,0,0,0,0,0,0,0,0,0,0,0,0.0010998900109989,0,0.0004999500049995,0,0,0,0,0,0,0,0,0,0,0,0.002999700029997,0,0,0,0,0,0,0,0,0,0,0,0,0,0,0,0,0,0.0008999100089991,0,0,0,0,9.99900009999e-05,0,0.0098990100989901,0,0,9.99900009999e-05,0,0,0,0,0.0708929107089291,0.379362063793621,0,0,0,0,0,0.0200979902009799,0,0,0,0,0.0035996400359964,0,0,0,0,0,0.0017998200179982,0,0,0,0,0,0.0024997500249975,0.0174982501749825,0,0,0,0,0.0013998600139986,0,0,0,0,0,9.99900009999e-05,0,0,0,0,0.0002999700029997,0,0.0003999600039996,0,0,0,0,0,0,0,0,0,0,0,0,0,0,0,0,0,0,0,0,0,0,0.0036996300369963,0,0,0,0,0,0.0103989601039896,0,0,0,0,0,0,0,0,0,0,0,0,0.0031996800319968,0,0,0,0.0001999800019998,0,0,0,0,0,0,0,0,0.218378162183782,0,0,0,9.99900009999e-05,0,0,0,0.0098990100989901,0,0.0005999400059994,0,0.0035996400359964,0,0.0007999200079992,0,0,0,0,0,0,0,0,0,0,0,0,0,0,0.0072992700729927,0.001999800019998,0,0,0,0,0,0,0,0,0,0,0,0.0032996700329967,0,0,0,0,0,0,0,0,9.99900009999e-05,0,0,0,0.0023997600239976,0,0.0037996200379962,0,0,0,0,0,0.0083991600839916,0,0.0015998400159984,0,0,0,0,0,0,0.000999900009999,0,0.0002999700029997,0.146085391460854,0,0,0.0001999800019998,0,0,0,0,0,0,0,0,0,0,0,0,0,0,0,0,0.0014998500149985,0
0,0,0,9.99500249875062e-05,0,0,0.00849575212393803,0,0,0,9.99500249875062e-05,0,0,0,0,0.000199900049975012,0.00349825087456272,0,0,0,0,0.00679660169915042,0.000599700149925037,0,0,0.0331834082958521,9.99500249875062e-05,0,0.000399800099950025,0.00189905047476262,0,0,0.000299850074962519,0,0,0,0.00239880059970015,0.0434782608695652,0,0,0,0,0,0.0117941029485257,0,0.00609695152423788,0,0.000199900049975012,0,0,0,0,0,0,0.00809595202398801,0,0,0,0,0.00219890054972514,0,0,0,9.99500249875062e-05,0,0,0.000999500249875062,0,0.000199900049975012,0.000199900049975012,0,0,0,0,0.00619690154922539,0,9.99500249875062e-05,0,0,0,0,9.99500249875062e-05,0.0133933033483258,0,0,9.99500249875062e-05,0,0,0,0,0,0.000399800099950025,0,0,0,0,0,0,0.0121939030484758,0,0,0,0,0.000399800099950025,0,0,0,0,0,0,0,0.00129935032483758,0,0,0,0,0,0,0.00229885057471264,0,0,0,0,0,0,0,0.0100949525237381,0,9.99500249875062e-05,0.000699650174912544,0,0,0.00999500249875063,0,0,0,0,9.99500249875062e-05,0,0,0.00269865067466267,0,0,0,0,0,9.99500249875062e-05,0.000199900049975012,0,0,0,0,0,0,0.0296851574212894,0,0,0,0,0.00969515242378811,0,0.000299850074962519,0,0,0,0,0,0,0,0.000399800099950025,0,0,9.99500249875062e-05,0,0,0,0,0.015792103948026,0,0,0,0.000199900049975012,0,0,0.000999500249875062,0,0,0,0.00759620189905048,0,0.000999500249875062,0.00949525237381309,0,0,0,0,0,0,0,0,0,0,0,9.99500249875062e-05,0.283958020989505,0.000699650174912544,0.000599700149925037,0,0,0,0,0,0.000399800099950025,0,0.000599700149925037,0,0,0.00229885057471264,0.0364817591204398,0,0.00239880059970015,0.000299850074962519,0,0,0,0,0.00999500249875063,0,0,0,0.00759620189905048,9.99500249875062e-05,0,0.0740629685157421,0,0,9.99500249875062e-05,0,0,9.99500249875062e-05,0,0,0.0142928535732134,0,0.000499750124937531,0,0,0,0,0,0,0,0,0,0.000499750124937531,0.00119940029985007,0.000499750124937531,0,0,0.00309845077461269,0,0,0,0.000199900049975012,0,0,0,0,0.00119940029985007,0.0985507246376812,0.000899550224887556,0,0.0841579210394803,0,0,0,0,0,0.00219890054972514,0.0294852573713143,0,0,0.0260869565217391,0,0,0,0,0,0.00439780109945028,0.015192403798101,0.0144927536231884,0.000599700149925037,0,0.000399800099950025,0.00679660169915042,0,0,0,0,0.00769615192403798,0.000599700149925037
0.00849320543565148,0,0.00159872102318145,0,0,0,9.99200639488409e-05,0,0,0.0178856914468425,0.00539568345323741,0,0,0,0.00789368505195843,0,0.00319744204636291,0,0,0.000299760191846523,0,0.00449640287769784,0.00469624300559552,0,0,9.99200639488409e-05,0,0,0.00159872102318145,0,0.000499600319744205,0,0.00159872102318145,0.000699440447641887,0,0,0.0184852118305356,9.99200639488409e-05,0.00799360511590727,0,0.0291766586730616,0,0,0,0.00649480415667466,9.99200639488409e-05,0,9.99200639488409e-05,0,0,0.0507593924860112,0,0,0,0,0,0,0,0,0.00139888089528377,0,0.000299760191846523,0,0,0,0,0,0,0.00109912070343725,0.00569544364508393,0.000499600319744205,0,0.0016986410871303,0,0.0291766586730616,0,0,0,0,0.00509592326139089,0,0.0372701838529177,0.00509592326139089,0,0,0.000799360511590727,0,0,0,0,0,9.99200639488409e-05,0.00279776179056755,9.99200639488409e-05,0.00799360511590727,0.00579536370903277,0,9.99200639488409e-05,0,0,0,0.0246802557953637,0,0,0.00599520383693046,0,0.00209832134292566,0.028876898481215,0,0.017585931254996,0.000199840127897682,0,0,0,0,0,0.00289768185451639,0.00129896083133493,0,0.000499600319744205,0,0,0.00589528377298161,0,0.00289768185451639,0.163669064748201,0,0,0,0.085431654676259,0,0,0,0,0.00289768185451639,0.00109912070343725,9.99200639488409e-05,9.99200639488409e-05,0,0,0,0,0.000599520383693046,0,0,0,0,0,0,0,0,0,0,0,0,0,0,0,0,0.00329736211031175,0,0,0,0,0,0,0,0,0,0,0,0,9.99200639488409e-05,0.00189848121502798,0,0,0,0.000499600319744205,0.00269784172661871,0,0,0,0,0,0.000299760191846523,9.99200639488409e-05,0,0,0,0,0,0.0108912869704237,0.000299760191846523,0,0,0,0.000699440447641887,0,0,0,0,0,0,9.99200639488409e-05,0,0.000599520383693046,0,0,9.99200639488409e-05,0,0,0,0,0,0.000199840127897682,0,0.00379696243005596,0,0,0,9.99200639488409e-05,0,0,9.99200639488409e-05,0,0,0,0,0.0065947242206235,0,0,0,0,0.011290967226219,0,0,9.99200639488409e-05,0,0,0.00329736211031175,0,0,0.00619504396482814,0,0,0,0,0,0,0,0.0107913669064748,0.000199840127897682,0.000299760191846523,0.000399680255795364,0.00119904076738609,0.00209832134292566,0,0.000299760191846523,0.000499600319744205,0.000199840127897682,0,0,0,0.000199840127897682,0.00679456434852118,0,0,0.00269784172661871,0.000499600319744205,0.00209832134292566,9.99200639488409e-05,0.000499600319744205,0.0233812949640288,9.99200639488409e-05,0,0,0,0,0.000299760191846523,0.250299760191847,0,0,0.0104916067146283,0,0,0,0,0,0,0,0,0,0,0,0.00549560351718625,0,0.00399680255795364,0,0,0.000199840127897682,0
8e-04,0.0046,0,0,0,0,0,0,0,0,0,0,1e-04,0,0.0012,0,0,0,0,0,0.0011,0,1e-04,0.0012,0,0.2724,0,0,0,0,0,0,0,0.0189,0,0,0,0.0478,0,0,0,0,0,0.0055,0,0.0536,0,0,0,0,0,6e-04,0,0,0,0,0,0,0,0,0,0,0,0,0,0,0,0,0,0,0,0,0,2e-04,0,0,0,0,0,0,0,0,0,0,1e-04,0,0,0.0028,0,0,0,0.0124,0.0011,0,0,0.0225,0,0,0,0,0,0.0206,0,0,1e-04,0,0,0.0096,0,0,0,0,1e-04,0.0131,0,0,0,0,0.007,0,0,0,0,0,0,0,0,0,0,0,0.0014,1e-04,0,0,0,0,0.0419,0,0,0,1e-04,0,0,0,0,0,0,0,0,0,6e-04,0,0.0027,0,0,0,0,0,0,4e-04,0,0,0,0,0,0,0,0,0,0,0,0,0,0,0,0,0,1e-04,0,0,0,0,0,0,0,0,0,0,0,0,0,0.0147,0,1e-04,0,0,0,0,0,0,0,0,0,0,0,9e-04,0,0.001,0,0,0,0,0,0,0,0,0,0,0,6e-04,1e-04,0,0,0,0,0,0,0.0405,0,0,4e-04,0,0,0,0,0,0,0,0,0,0,0,0,0,0,0,0,0,0,0,8e-04,0.0011,0,0,0,0,2e-04,0,0,2e-04,0,0,0,0,1e-04,0,0,0,0,0.1644,0,0.0106,0.0111,0,0,0,0,0,0,0.1564,0,0,0.0403,4e-04,0,0,3e-04,0,0,0.0014,0,0,0,0,0,0,6e-04,0,0,0.009,0
0,0,0,0,0.00709290709290709,0.00869130869130869,0,0,0,0.00519480519480519,0.003996003996004,0,0,0.0018981018981019,0.00559440559440559,0,0,0,0,0,0,0.0138861138861139,0,0,0,0.000899100899100899,0,0,0.0015984015984016,0,0.00709290709290709,0,0,9.99000999000999e-05,0,0,0.000999000999000999,0.000799200799200799,0.0021978021978022,0,0.0156843156843157,0,0,0.0170829170829171,0.00789210789210789,0.0010989010989011,0,0,0,0,0.00789210789210789,0,0,0,0.0004995004995005,0,0,0,0.0017982017982018,0.0004995004995005,0.0030969030969031,0.0175824175824176,0,0,0,0,0.0010989010989011,0,0,0.0004995004995005,0.000699300699300699,0,0,0.0594405594405594,0,0,0,0,0,9.99000999000999e-05,0,0.0052947052947053,9.99000999000999e-05,0,0.174425574425574,0,0,0,0,0,0,0,0,0,0,0,0,0,0.0017982017982018,0,0,0,0,0,0.0048951048951049,0,0,0.0012987012987013,0.00659340659340659,0,0,0,0,0,0.000599400599400599,0,0,0,0.0011988011988012,9.99000999000999e-05,0,0.0246753246753247,0.0036963036963037,0,0.000699300699300699,0.0295704295704296,0,9.99000999000999e-05,0,0.128871128871129,0,0.00679320679320679,0,0,0,0,9.99000999000999e-05,0,0,0,9.99000999000999e-05,0,0.0012987012987013,0,0,0,9.99000999000999e-05,0.00539460539460539,0,0,0.0017982017982018,0,0,0,0,0,0,0,0,0.00749250749250749,0,0,0,0.0001998001998002,0,9.99000999000999e-05,0,0,0,0,9.99000999000999e-05,0,0,0,0,0,0,0,0.000699300699300699,9.99000999000999e-05,0,0,0,0,9.99000999000999e-05,0,0,0,0,0,0,0.00569430569430569,0.0002997002997003,0,0,0,0,0,0,0,0,0,0,9.99000999000999e-05,0,9.99000999000999e-05,9.99000999000999e-05,0,0,0,0.0003996003996004,0,0.0004995004995005,0,0.0004995004995005,0,9.99000999000999e-05,0.00679320679320679,0.0001998001998002,0.000999000999000999,0,0,0,0,0,0,0,0,0,0,0.0204795204795205,0,0,0.0050949050949051,0,0,0,0,0,0.0002997002997003,9.99000999000999e-05,0,0,0,0,0,0,0,0,0,0.0028971028971029,0.000699300699300699,0.000799200799200799,0,0,9.99000999000999e-05,0,0,0.0004995004995005,0.0032967032967033,0,0,0,9.99000999000999e-05,0,0,0,0,0,0.00799200799200799,0,0.004995004995005,0.0182817182817183,0,0,0,0,0,0,0.287612387612388,9.99000999000999e-05,0,0.0108891108891109,0,0,0,0,0,0.000899100899100899,0,0,0,0,9.99000999000999e-05,0.0027972027972028,0,9.99000999000999e-05,0,0,0.0127872127872128,0
0,0,0.000199940017994602,0,0.00549835049485154,0.00329901029691093,9.99700089973008e-05,0,0,0.00809757072878137,0.00259922023392982,0,0,0,0.00799760071978406,0.00369889033290013,0.00759772068379486,0,0,0.00279916025192442,0,0.00149955013495951,0,0.000399880035989203,0,9.99700089973008e-05,0.000699790062981106,0,0.000799760071978406,0.00979706088173548,0.000199940017994602,0,0,0.00459862041387584,0,0,0.00139958012596221,0.00319904028791363,0.00339898030590823,0.000499850044986504,0,0,0,0,0.00669799060281915,0.000199940017994602,0,0,0,0,0.0110966709987004,0,0,9.99700089973008e-05,9.99700089973008e-05,0,0,0,0,0.000699790062981106,0.0119964010796761,0,0,0,0,0,9.99700089973008e-05,0,0,0.00569829051284615,0,9.99700089973008e-05,0.000599820053983805,0,0,0,0,0,0,0.000499850044986504,0,0.00269919024292712,0.00179946016195141,0,0,0,9.99700089973008e-05,0,0,0,0,0.000599820053983805,0,0,0.00309907027891633,0,0,0,0.000999700089973008,0,0,0,0.00169949015295411,0,0,9.99700089973008e-05,0,0.00169949015295411,0,0,0,0,0,0,0.000799760071978406,0,0.0210936718984305,0,0.00329901029691093,0,0,0,0.0181945416375087,0.000199940017994602,0.00149955013495951,0.0257922623213036,0,0,0,0.0263920823752874,0,9.99700089973008e-05,0,0,0,0,9.99700089973008e-05,0,0,0,0.000999700089973008,0,0,0,0,0,0.000499850044986504,0.000499850044986504,0,0,0.000699790062981106,9.99700089973008e-05,0,0.000499850044986504,0.00479856043187044,0,0,0,0,0.0121963410976707,0,0,0,0.000199940017994602,0,0,0,0,0,0,0.000199940017994602,0,0,0,0.00339898030590823,0,0.000599820053983805,0.000399880035989203,0,9.99700089973008e-05,0,0,0,0,0.000299910026991902,0,0,0.0123962811156653,0,0,0.000599820053983805,0.00289913026092172,0.00139958012596221,0,0,0,0,0,0,0.0329901029691093,0,0,0,0,0,0.0156952914125762,0.00319904028791363,0,0,0.00149955013495951,9.99700089973008e-05,0,0,9.99700089973008e-05,0,0,0,0,0.0446865940217935,0,0,0.000999700089973008,0,0,0,0,0.00639808057582725,0,0,0.00319904028791363,0.000599820053983805,0.000299910026991902,0,0.0694791562531241,0,0,0,0,0,0.0163950814755573,0,0,0,0,0,0,0,0,0,0,0,0.000399880035989203,0,0,0.00109967009897031,0.015295411376587,0.00489853044086774,0,0.000199940017994602,0.00189943017094872,9.99700089973008e-05,0,0.000899730080975707,0.00159952014395681,0,0,0,0,0,0.00889733080075977,0,0,0.180545836249125,0,0.000199940017994602,0,0,0,0,0.253423972808158,0,0,0.0282915125462361,0,0,0.0347895631310607,0,0,0,0,0,0.00149955013495951,0,0,0.00279916025192442,0,0.00709787063880836,0,0,0.000999700089973008,0
0,0,0,0.0053967619428343,0.0399760143913652,0,9.9940035978413e-05,0,0,0.00869478313012193,0.00949430341794923,0,0,0,0.000199880071956826,0,0,0,0,0.000299820107935239,0.000799520287827304,0.0185888466919848,0.00589646212272636,0,0,0.00149910053967619,0,0,9.9940035978413e-05,0,0,0.00369778133120128,0,0.00319808115130921,0,0,0,0,0.00179892064761143,0,0.00579652208674795,0,0,0.00809514291425145,0.00889466320207875,0.025884469318409,0,0,0,0,0,9.9940035978413e-05,0,0,0,0,0,0,0,0.0256845892464521,0.00409754147511493,0.000599640215870478,0,0,0,0.00819508295022986,0.00109934039576254,0,0,0.0101938836697981,9.9940035978413e-05,0,0,0.00709574255446732,0,0,0,0,0,0.0347791325204877,0,0.0110933439936038,0,0,0,0,0,0.00319808115130921,0,0,0,9.9940035978413e-05,0,0,0.00119928043174096,9.9940035978413e-05,0,0,0.00179892064761143,0,0,0,0.00119928043174096,0,0,0,0,0.0022986208275035,0.0022986208275035,0,0.000299820107935239,0,0,0.00419748151109334,0,0,0,0,0,0,0,0,0,0,0.000799520287827304,0.0360783529882071,0,0,0,0.13351988806716,0.0180891465120927,0.00699580251848891,0,0,0,0,9.9940035978413e-05,0,0,0,9.9940035978413e-05,9.9940035978413e-05,0.00149910053967619,0,0,0,0.0030981411153308,0.00559664201479113,0,0,0.00569658205076954,0.000399760143913652,0.00589646212272636,0.000499700179892065,0,0,0,0,0.000599640215870478,0.0248850689586248,0,0,0,0,0,0,0.000399760143913652,0.000599640215870478,0,0,0,0,0.000799520287827304,0,0,0,0,0.0176893863681791,0.00729562262642415,0,0,0,0,0.000299820107935239,0.010893463921647,0,0.00169898061163302,0,0,0,0,0.00889466320207875,0,0,0,0,0,0,0,0,0,0,0,0.0609634219468319,0,0.00479712172696382,0,0,9.9940035978413e-05,0.000699580251848891,0.00199880071956826,0,0.000399760143913652,0,0.000899460323805717,0,0,0,0,0,0.00899460323805717,0.00819508295022986,0,0,0,0,0,0,0.00109934039576254,0,0,0,0,0.038976614031581,0,0,0,0,0,0,0,0,0,0,0.00559664201479113,0.000999400359784129,0,0,0,0,0,0,0,0,0,0.0210873475914451,0.000899460323805717,0,0,0.00109934039576254,0,0,0,0.000299820107935239,0,0,0,0,0,9.9940035978413e-05,0,0,0.0475714571257246,9.9940035978413e-05,9.9940035978413e-05,0,0,0,0,0.147411553068159,0.000499700179892065,0,0.0611633020187887,0.000399760143913652,0,0,0,0,0,0.000499700179892065,0,0,0,0,0,0,0.000599640215870478,0,0,0.0237857285628623,0
0,0,0,0,0.0138888888888889,0.00579536370903277,9.99200639488409e-05,0.0312749800159872,0,0,0.00529576338928857,0,0,0.00149880095923261,0.000399680255795364,0.00379696243005596,0,0,0,0,0,0.0189848121502798,0,0.000199840127897682,0,0.000599520383693046,0,0.00509592326139089,0.000399680255795364,0.0136890487609912,0.0128896882494005,0,0,0,0,0,9.99200639488409e-05,0,0.00769384492406075,0.000499600319744205,0.00799360511590727,0,0.00249800159872102,0.00349720223820943,0.00279776179056755,9.99200639488409e-05,0,0,0,0,0.00249800159872102,0,0,0.000299760191846523,0.01378896882494,0,0,0,0,0.0229816147082334,0,0.0250799360511591,0.00239808153477218,0,0,0,0.00699440447641886,0,0,0.013189448441247,0.00249800159872102,0,0.000299760191846523,0,0,0,0,9.99200639488409e-05,0,0.013189448441247,0,0.0101918465227818,0.0161870503597122,0,0,0.000199840127897682,0.000399680255795364,0,0.00259792166266986,0,0,0.000299760191846523,9.99200639488409e-05,0,0.000999200639488409,0,9.99200639488409e-05,0,0.00139888089528377,0,0,0,0,0,0.000799360511590727,0,0.00719424460431655,0.0124900079936051,0.00529576338928857,0.00179856115107914,0,0,0,0.0143884892086331,0.000899280575539568,0,0.00209832134292566,0,0.00269784172661871,0,0,0,0.00529576338928857,9.99200639488409e-05,0.000899280575539568,0.0859312549960032,0,0,0,0.110911270983213,0,0.0021982414068745,0,0,0.00139888089528377,0,0.000399680255795364,0,0.000199840127897682,0,9.99200639488409e-05,0,0,0,0,0,0.00109912070343725,0,0.000499600319744205,0.000199840127897682,0.00189848121502798,0.000899280575539568,0,0.00229816147082334,9.99200639488409e-05,0,0,9.99200639488409e-05,0,0.00139888089528377,0,0.000399680255795364,0,0,9.99200639488409e-05,9.99200639488409e-05,0,0,0,0,0.000499600319744205,0,0,0,0,0,0.000199840127897682,0.0418665067945643,0.00939248601119105,0,0,0,0,0,0.00269784172661871,0,0,0,0,0,0.000799360511590727,0.0121902478017586,0,0.00179856115107914,0,0.000399680255795364,0,0.000299760191846523,0,0,0,0,9.99200639488409e-05,0.0471622701838529,0,0.00319744204636291,9.99200639488409e-05,0,9.99200639488409e-05,0.000399680255795364,0,0,0,0,0.00259792166266986,9.99200639488409e-05,0.00719424460431655,0.0291766586730616,0.00849320543565148,0,0.00469624300559552,0.00109912070343725,0,0,9.99200639488409e-05,9.99200639488409e-05,0.00579536370903277,0,0.00179856115107914,0,0.0107913669064748,0,0,9.99200639488409e-05,0,0,0.000399680255795364,0,0,0.00539568345323741,0,0,0,0.000299760191846523,0,0.00139888089528377,0,0,0,0,0.0218824940047962,0,0.00119904076738609,0,0.00109912070343725,0.000399680255795364,9.99200639488409e-05,0,0.00239808153477218,0.0164868105515588,0,0,0,0.00119904076738609,0.00149880095923261,9.99200639488409e-05,0,0,0.000499600319744205,0.000899280575539568,0,0,0.00739408473221423,0.000199840127897682,0,0.000299760191846523,0,0.000299760191846523,9.99200639488409e-05,0.170063948840927,0,0.00309752198241407,0.00679456434852118,0,0,9.99200639488409e-05,0,9.99200639488409e-05,0.00459632294164668,0.00899280575539568,0,0.000399680255795364,0,0,0.00559552358113509,0,0.000299760191846523,0,0,0.00409672262190248,0
0,0,4e-04,4e-04,0,0,5e-04,0,0,0,0,0,0,0,0,0,0,0,0,0,0,0.0016,0,0,0,0,0,0,0,0.0042,9e-04,0,0,0,0,0,2e-04,0,0,0,0,0,0,0,0,0,0,2e-04,0,0,0.001,0,0,2e-04,0,0.0055,0,0,0,0.0126,0.001,0,0,0,0,0,0,0,0,0.0063,0.0019,0,0,0,0,0,0,0,0,5e-04,0,4e-04,0.0505,0,0,0,0,0,0,0,0,0,0,0,0,0,0,2e-04,0,0,0.0024,0,0,0,3e-04,0,0,0.1361,0,0,0,0,0,0,0,0,0,0,0.0981,0,0,6e-04,0,0,0,0.0231,0,0,0,0,0.0025,0,0,0,0,0,0,0,0,0,0.0061,0,6e-04,0,0,0,0.0022,2e-04,0,0,0.0013,0,0.0173,0.001,0,0,0,0,0,3e-04,0,0,0,0,0,0,0,0,0,0,4e-04,0,0,0,0,0,0,6e-04,0.0132,0,0,0,0,0.0047,7e-04,0,0,0,0,0,0,0.064,0,0,0,0,0,0,2e-04,0,0,0,0,0,0,0.0025,1e-04,0,0,0,0,0,0,0,6e-04,0,0,0.0039,0.0679,0,2e-04,0.0071,0,0.0037,0,0,0,0.1011,0,6e-04,0,0,0,0.0599,0,0.0014,4e-04,0,0,0,0,0,0,0,0.0012,0.0016,0,0,0,0,0,2e-04,0.0072,0,0,0.0139,0,0.0013,2e-04,0.0045,6e-04,0,0,0.0019,0,5e-04,0,0,0.0013,0,0.0051,0.002,0.2304,0,0,0,0,0,2e-04,0,0,0,0,0,0,0,0,0,2e-04,0.0096,0,0,0,0,2e-04,0,0,0,0,0.0041,0
0,0,0,0,0.00809433396622364,0,9.9930048965724e-05,0,0,0.00629559308484061,0.00779454381932647,0,0,0.00669531328070351,0.0109923053862296,0,0,0,0,0,0,0,0.0020985310282802,0.000199860097931448,0,0.0984310982312381,0,0,0.000199860097931448,0,0,0,0,0.00199860097931448,0,0.00129909063655441,0.00139902068552014,0.000199860097931448,0.00379734186069751,0,0.00639552313380634,0,0,0,0.00109923053862296,0.00589587288897772,0,0,0,0,0,0,0,0,0,0,0,0,0,0.00119916058758869,0,0.00309783151793744,0,0,0,0,0.000899370440691516,0,0,0,0,0,0.000199860097931448,0,0,0,0,0,0.000299790146897172,0.00239832117517738,0,0,9.9930048965724e-05,0,0,0.000799440391725792,0,0,0.00689517337863496,0,0,9.9930048965724e-05,9.9930048965724e-05,0,0.00729489357449785,9.9930048965724e-05,0,0.000199860097931448,0,0,0,0,0,0,0,0,0,0.00189867093034876,0.00599580293794344,0,0,0,0,0,0,0,0,0,0,0,0,0,0,0,0.0987308883781353,0.100429699210553,0,0,0,0.219146597381833,0.0045967822524233,0.00159888078345158,0,9.9930048965724e-05,0.000399720195862896,0,9.9930048965724e-05,0,0,0,0,0,0,0,0,0,0,0,0,9.9930048965724e-05,0,0,0,0,0,0,0,0,0,0.00159888078345158,0,0,0,0,0,0,0,0,0,0,9.9930048965724e-05,0,0.000699510342760068,0,0,0.000299790146897172,0,0,0,0,0,0,0,0,0.000399720195862896,0,9.9930048965724e-05,0,0,0.00129909063655441,0,0.0222844009193565,0.000199860097931448,0,0,0,0,0,0,0,0,0,0,0,0.00509643249725192,0.00099930048965724,0,0,0.000199860097931448,9.9930048965724e-05,0,0,0,0,0,0,0.00449685220345758,0,0.031877685620066,0,0,9.9930048965724e-05,0,0,0,0,0,0,0.0166883181772759,0.00049965024482862,0.0187868492055561,0,0,0.0208853802338363,0,0,0,0,0,0,0,0,0,0,0,0.000599580293794344,9.9930048965724e-05,0,0,0,0,9.9930048965724e-05,0,0,0,0,0,0,0,0,0,0,0,0.000399720195862896,0,0,0,0,0,0.00329769161586889,0,0,0.0208853802338363,0,0,0,0,0,0.00149895073448586,0.192665134405916,0,0,0.0153892275407215,0,0,0,0,0,0.00049965024482862,0.00609573298690916,0,0,0,0,0,0,0.00299790146897172,0,0,0.00899370440691516,0
0,0,0.000399880035989203,0,0.00559832050384884,0.00289913026092172,9.99700089973008e-05,0,0,0.00659802059382185,0.00639808057582725,0,0,0,0.0522843147055883,0,0.00349895031490553,0,0,0.00289913026092172,0,0.00209937018894332,0,0,0,0.000499850044986504,0,0,0.000399880035989203,0,0,0,0,0.00329901029691093,0,0,0.00119964010796761,0,0.00819754073777867,0,0.00709787063880836,0,0,0,0.00119964010796761,0.000499850044986504,0,0,0,0,0,0,0,0,0.000799760071978406,0,0,0,0,0.000799760071978406,0,0,0,0,0,0,0,0.00999700089973008,0,0,0,0,0.00449865040487854,0,0,0,0,0,0,0.00209937018894332,0,0,0.0204938518444467,0,0,9.99700089973008e-05,0,0,0,0,0,0,0.245426372088373,0,0.00509847045886234,9.99700089973008e-05,9.99700089973008e-05,0,0.00119964010796761,0,0,0.00769769069279216,0.000199940017994602,0,0,0,0,0.051184644606618,0,0.00139958012596221,0,0,0,0,0,0,0,0,0.00199940017994602,0,0,0,0.0207937618714386,0,0.00109967009897031,0.0598820353893832,0,0,0,0.197640707787664,0.0148955313405978,9.99700089973008e-05,0,0,0.00139958012596221,0,9.99700089973008e-05,0.000199940017994602,0,0,0.0151954413675897,0,0,0,0,0,0,0,0,0,0.000199940017994602,0,0,0,0,0,0.00189943017094872,0,0,0,0,0,0,0,0,0,0,0,0,0,0,9.99700089973008e-05,0.00249925022493252,0,0,0,0,0.000699790062981106,0,0,0,9.99700089973008e-05,0,0,9.99700089973008e-05,0,0,0,0,0,0,0.0177946616015195,9.99700089973008e-05,0,0.00249925022493252,0,0,0,0,0,0,0,0,0,0,0.00439868039588124,0.000199940017994602,0,0.000499850044986504,0.000299910026991902,0,0,0,0,0.00189943017094872,0,0,0,0.0670798760371888,0,0.00829751074677597,0,0,0,0,0,0,0,0.00909727081875437,0,0.00849745076477057,9.99700089973008e-05,0,0.0249925022493252,9.99700089973008e-05,0,0,0,0,0.000199940017994602,0,0,0,0,0.000399880035989203,0,0,0,0,0,0,0,0,0,0,0.00109967009897031,0,0,0,0.00559832050384884,0,0,9.99700089973008e-05,0,9.99700089973008e-05,0,0,0,0,0.00179946016195141,0.00119964010796761,0.00739778066580026,0.00739778066580026,0,0,0,0,0,0,0.00159952014395681,0,0,0.0448865340397881,0,0,9.99700089973008e-05,0,0,0,0.00169949015295411,0,0,0,0,0.00129961011696491,0,0.000599820053983805,0,0,0.00339898030590823,0
0,0,0,0,0,0,0.0083008300830083,0.0001000100010001,0,0,0,0,0,0.0001000100010001,0,0,0,0,0,0,0,0,0.0002000200020002,0.0037003700370037,0.0004000400040004,0.0453045304530453,0,0,0.0087008700870087,0,0.0185018501850185,0,0,0.016001600160016,0,0.0006000600060006,0,0.0034003400340034,0,0,0,0,0,0.001000100010001,0,0.01000100010001,0,0,0,0,0,0,0,0,0,0,0,0,0,0,0,0.0019001900190019,0.0002000200020002,0,0.0046004600460046,0,0.0087008700870087,0,0,0.0083008300830083,0,0,0,0.0003000300030003,0,0,0,0,0,0,0,0,0,0,0.0008000800080008,0,0,0,0,0,0,0.0036003600360036,0,0,0,0,0,0,0.0002000200020002,0,0.0004000400040004,0.0227022702270227,0,0,0,0.0001000100010001,0.0002000200020002,0.0401040104010401,0.0066006600660066,0,0,0,0,0.0013001300130013,0,0,0,0,0.0257025702570257,0,0,0.0003000300030003,0,0.0003000300030003,0,0,0,0,0,0,0.0029002900290029,0.0014001400140014,0,0,0,0,0.0116011601160116,0,0,0,0,0,0,0,0,0,0.0006000600060006,0,0,0,0.0013001300130013,0.0002000200020002,0,0,0,0,0,0,0.001000100010001,0.0116011601160116,0,0,0.0019001900190019,0.0018001800180018,0,0,0,0,0,0,0,0,0.001000100010001,0,0,0,0,0,0.0113011301130113,0.0078007800780078,0,0,0,0,0.001000100010001,0,0,0,0.0327032703270327,0.0004000400040004,0,0,0,0,0,0,0,0,0,0,0,0,0,0,0,0.0363036303630363,0,0,0,0.0042004200420042,0,0,0.0006000600060006,0,0,0,0.0256025602560256,0,0,0.0007000700070007,0,0.0004000400040004,0,0,0,0,0,0,0,0.0001000100010001,0.026002600260026,0.0001000100010001,0,0.092009200920092,0,0.0016001600160016,0,0,0,0,0,0,0,0,0,0,0,0,0,0,0,0.0016001600160016,0,0,0,0,0,0,0.0002000200020002,0.0004000400040004,0,0,0,0,0,0,0,0.0119011901190119,0,0.116011601160116,0,0.0064006400640064,0.0788078807880788,0,0.0003000300030003,0,0,0,0.0001000100010001,0.24952495249525,0,0,0,0,0,0,0.0056005600560056,0,0.0006000600060006,0,0,0,0,0,0,0,0,0,0,0.0095009500950095,0.0003000300030003
0,0,0.000199860097931448,0,0.00599580293794344,0,9.9930048965724e-05,0,0,0.00439692215449186,0.00219846107724593,0,0,0,0.178375137403817,0,0,0.000799440391725792,0,0,9.9930048965724e-05,0.00329769161586889,0.00149895073448586,0,0,0.0911362046567403,0,0,0,0,0.00269811132207455,0,0,0.0158888777855501,0,0,0.00309783151793744,0.000199860097931448,0.0128909763165784,0,0.00469671230138903,0,0,0,0.00299790146897172,0,0,0,0,0,0.00199860097931448,0,0,0,0,0,0,0,0,9.9930048965724e-05,0.00369741181173179,0.00339762166483462,0,0.000199860097931448,0,0.000199860097931448,0.000199860097931448,0,0,0,9.9930048965724e-05,0,0,0.00329769161586889,0,0,0,0,0,9.9930048965724e-05,0,0.00669531328070351,0,0,0,0,0,0,0.00189867093034876,0,9.9930048965724e-05,0.000199860097931448,0.00399720195862896,0,0.00819426401518937,0,0,0,0.00139902068552014,0,0,0,0,0,0,9.9930048965724e-05,0,0.0463675427200959,0.00399720195862896,0.000199860097931448,0,0,0,0,0,0,0,0.017387828520036,0.00579594284001199,0,0,0,0.00569601279104627,9.9930048965724e-05,0.0199860097931448,0.0888378135305286,0,0,0,0.148895772958929,0,9.9930048965724e-05,0,0,0.00109923053862296,0,0.0476666333566503,0,0,0,0.0095932847007095,0,0,0,0,0,0,0,0,0,0.00109923053862296,9.9930048965724e-05,0,0,0,0,0,0,0,0.00579594284001199,0,0,0,0.000199860097931448,0,0,0,0,0,0,0,0,9.9930048965724e-05,0,0,0,0,0,0.0099930048965724,0,0,0,0,0,0,0,0,0,0,0,0,0.002897971420006,0,0,0,0,0,0,0,0,0,0,0,9.9930048965724e-05,0,0.0480663535525132,0,0,0,0.00299790146897172,0,0,0.00179874088138303,0,0.000299790146897172,0,0.000199860097931448,9.9930048965724e-05,0,0,0,0.000599580293794344,0,0,0,0,0.000699510342760068,0,0.000299790146897172,0,0,0,0,0.0813430598580993,0,0,0,0,0,0.0070950334765664,0,0,0,0,0,0,0,0,0,0,0,0,0,0,0.000699510342760068,0,0.00369741181173179,0,0.000199860097931448,0,9.9930048965724e-05,0,0,9.9930048965724e-05,0,0,0,0,0,0.0103927250924353,0,0,0.0134905566103727,0.000199860097931448,0.000199860097931448,0,0,0,0.00099930048965724,9.9930048965724e-05,0,0,0.0415709003697412,0,0,0,0,0,0.000399720195862896,0.000199860097931448,0,0,0,0,0,0,0.00169881083241731,0,0,0,0
0,0,0,0,0.0405756546072357,0,0,0,0,0.0196881870877474,0.00269838097141715,0,0,0,0.00489706176294223,0,0,0,0,0,0,0.0092944233459924,0.00289826104337398,0,0,0.00119928043174096,0.00119928043174096,0,0.000199880071956826,0,0,0,0,0.00219868079152508,0,0,0,9.9940035978413e-05,0,0,0,0,0,0.000499700179892065,0.00129922046771937,0,0,0,9.9940035978413e-05,0,0.00259844093543874,0,0,0,0,0,0,0,0,0.0030981411153308,0.00939436338197082,0,0,0,0,0.00829502298620828,0.00499700179892065,0.0133919648211073,0,0,0,0,0,0,0,0,0,9.9940035978413e-05,0,0.00409754147511493,0,0.0221866879872077,0,0,0,0,0,0,0,0,0,9.9940035978413e-05,0,0,0,0,0,0,0,0,0,0,0,0,0.00139916050369778,0,0,0.212272636418149,0.00699580251848891,0.00499700179892065,0,0,0,0,0,0,0,0.000799520287827304,0,0,0,0,0.0186887867279632,0,0.00219868079152508,0.232760343793724,0,0,0,0.0259844093543874,0.00259844093543874,0,0,0,0,0,9.9940035978413e-05,0,0,0,0,0,0.00139916050369778,0,0,0,0,0,0,0,0.000599640215870478,0,0.012092744353388,0,0,0,0,9.9940035978413e-05,0,0,0,0,0,9.9940035978413e-05,0,0,0,0,0,0,0,0,0.000899460323805717,0,0,0.000499700179892065,0,0,9.9940035978413e-05,0,0.00109934039576254,0,0,0,0,0,0,0,0,0,0,0.00859484309414351,0,0,0,0,0,0,0,0,0,0,0,0,0,0.000799520287827304,0,0,0,9.9940035978413e-05,0,0.00469718169098541,0.00179892064761143,0,0,0,9.9940035978413e-05,0,0.0111932840295823,0,0,0,0,0,0,0.000799520287827304,0,0,0,0,0.00279832100739556,0,0,0.122726364181491,0,0,0,0,0,0.00159904057565461,0,0,0,0,0,0,9.9940035978413e-05,0.00869478313012193,0,0,0.00419748151109334,9.9940035978413e-05,0,0,0,0,0.00209874075554667,0,0,0,0.000499700179892065,0.00179892064761143,0,0,0,0,9.9940035978413e-05,0,0,0.0148910653607835,0.00159904057565461,0,0.00329802118728763,0,0,0,0,0,0,0.0781531081351189,0,0,0.00799520287827304,0,0,0,0.00629622226664002,0.0141914851089346,0,0.000899460323805717,0,0,0,9.9940035978413e-05,0,0,0.00359784129522287,0.0105936438137118,9.9940035978413e-05,0.00469718169098541,0
0,0,0,0,0,0,0.00220066019805942,0,0,0,0,0,0,0,0.0515154546363909,0,0,0,0,0,0,0,0,0.00110033009902971,0,0.351205361608483,0,0,0.00210063018905672,0.00220066019805942,0,0,0,0,0,0,0,0,0,0.000100030009002701,0,0,0,0,0,0,0,0,0,0,0,0,0,0,0,0,0,0,0,0,0,0,0.000200060018005402,0,0,0,0,0,0,0,0,0.000100030009002701,0,0,0,0,0,0,0,0,0,0,0,0,0,0,0.00650195058517555,0,0,0,0,0.00270081024307292,0,0.00140042012603781,0,0.00150045013504051,0,0.000100030009002701,0.00230069020706212,0,0,0.0206061818545564,0,0,0,0,0,0.0400120036010803,0,0,0,0,0,0,0,0,0,0,0,0.00160048014404321,0,0,0,0.000800240072021606,0,0,0,0,0,0,0,0,0,0,0,0,0.000300090027008102,0,0,0,0.00770231069320796,0,0,0,0,0,0,0,0,0.000400120036010803,0,0,0,0.000500150045013504,0.00220066019805942,0,0,0,0,0,0,0,0,0,0,0,0,0,0,0,0,0,0.00170051015304591,0,0.00170051015304591,0,0,0,0,0,0,0,0,0,0,0,0,0,0,0,0,0,0.00330099029708913,0,0,0,0,0,0,0,0,0,0,0,0,0,0.00100030009002701,0,0,0.00660198059417825,0,0,0,0,0,0,0,0,0,0,0,0,0,0,0,0,0,0,0,0,0,0,0,0,0,0,0,0,0,0.00480144043212964,0,0,0,0,0,0,0,0,0,0,0,0,0,0.000100030009002701,0,0,0,0.00110033009902971,0.000400120036010803,0,0,0,0.000700210063018906,0,0,0,0,0,0,0.00190057017105132,0,0,0.303090927278183,0,0,0,0,0.000400120036010803,0,0.15074522356707,0,0.00450135040512154,0,0,0,0,0,0,0,0,0.0153045913774132,0,0,0,0.00180054016204861,0,0.00150045013504051,0,0,0,0
0,0,0,0,0,9.99000999000999e-05,9.99000999000999e-05,0,0,0,0.0002997002997003,0,0,0,0.0105894105894106,0,0.0036963036963037,0,0,0,0,0.000999000999000999,0,0.0002997002997003,0,0.0001998001998002,0,0,0.000799200799200799,0.0106893106893107,0.0021978021978022,0,0,0,0,0,0.0001998001998002,0,9.99000999000999e-05,0,9.99000999000999e-05,0,0,0,0,0,0,9.99000999000999e-05,0,0,0,0,0.0001998001998002,0,0,0,0,9.99000999000999e-05,0,0,0.0002997002997003,0,9.99000999000999e-05,0,0,0,0.0165834165834166,0,0,0,0.0011988011988012,0,0,9.99000999000999e-05,0,0,9.99000999000999e-05,0,0,0,0,9.99000999000999e-05,0.0212787212787213,0,0,0.0014985014985015,9.99000999000999e-05,0,0,0.0004995004995005,0,0.0004995004995005,0.160839160839161,0,0,0.00759240759240759,0.0028971028971029,0,0,0,0,0.0012987012987013,0.000899100899100899,0.001998001998002,9.99000999000999e-05,0,0,0.543656343656344,0,0,0,0,0,0.0031968031968032,0,0.0001998001998002,0,0,0.0025974025974026,0,0,0,0,9.99000999000999e-05,0.00659340659340659,0,0,0,0,0,0.00799200799200799,0.001998001998002,0,9.99000999000999e-05,9.99000999000999e-05,0,0.000999000999000999,0,0,0,0,0,0,0,0,0,0.0012987012987013,0,0,9.99000999000999e-05,0,0,0,0.000599400599400599,9.99000999000999e-05,0,0,0,0,0.0038961038961039,0,0,0,0,0,0,0,0,9.99000999000999e-05,0,0,0,9.99000999000999e-05,0.0010989010989011,0,0,0.0004995004995005,0,0.0010989010989011,9.99000999000999e-05,0,0,0,0,9.99000999000999e-05,0.0003996003996004,0,0,0,0,9.99000999000999e-05,0.000899100899100899,0.0001998001998002,0,0,9.99000999000999e-05,0,0,0,0,0,0,0,9.99000999000999e-05,0,0.0026973026973027,0,0.000799200799200799,0,0.0001998001998002,0,0,0,0,9.99000999000999e-05,0,0.0011988011988012,0.0013986013986014,0.0315684315684316,0,0.0035964035964036,0.0001998001998002,0,0.0003996003996004,0,0,0,0,9.99000999000999e-05,0,9.99000999000999e-05,0,0,0.00709290709290709,0,0,0.0003996003996004,0,0,0.0024975024975025,0,0,0,0,0.00839160839160839,0,0,9.99000999000999e-05,0,0.0030969030969031,0,0,0,0.0021978021978022,0.0016983016983017,0.000799200799200799,0.0106893106893107,0,0.000699300699300699,0,0,0,0,0.0003996003996004,0,0,0,0,0,0.0451548451548452,0,0,0.00999000999000999,9.99000999000999e-05,0,0,0,9.99000999000999e-05,9.99000999000999e-05,0.0227772227772228,0,0,0.00639360639360639,0,0,0,0,0.0002997002997003,0,0.000699300699300699,0,0,0,0,0.0004995004995005,0.0002997002997003,0.0052947052947053,0,0,0.000699300699300699,0
0,0,0,0,0,0.0040954949555489,9.98901208670463e-05,0,0,0.00369593447208071,0.00439516531815004,0,0.00179802217560683,0,0.00759164918589551,0.000599340725202278,0,0,0,0,0,0.00199780241734093,0,0,0,0.0109879132953751,0,0.0132853860753172,0.000998901208670463,0.00579362701028868,0,0,0,0.000399560483468185,0,0,0,0,0.00219758265907502,0,0.00609329737288982,0,0,0,0.00169813205473979,9.98901208670463e-05,0,0,0,0,0.00399560483468185,0,0,0,0,0,0,0,0,0.000299670362601139,0,0.0109879132953751,0,0,0,0.000699230846069324,0.0066926380980921,0.000199780241734093,0,0.00639296773549096,0,9.98901208670463e-05,9.98901208670463e-05,0.00759164918589551,0,0,0,0,0,0.00079912096693637,0,0.0079912096693637,0.000899011087803416,0,0,0.00829088003196484,0.000699230846069324,0,0.00359604435121366,0,0,0.000199780241734093,0.000299670362601139,0,0,0,0,0,9.98901208670463e-05,0,0,0,0,0,0,9.98901208670463e-05,0,0.0461492358405754,0.0102886824493058,0,0,0,0,9.98901208670463e-05,0,0,0,0.00479472580161822,0.00379582459294776,9.98901208670463e-05,0,0,0.00679252821895915,9.98901208670463e-05,0.000399560483468185,0.00649285785635801,0,0,0,0.0629307761462391,0,0.00159824193387274,0,0,0,0,9.98901208670463e-05,0,0,0,0.015083408250924,0,0.000699230846069324,0,9.98901208670463e-05,0,9.98901208670463e-05,0,0,0,0,0,0,0.000199780241734093,9.98901208670463e-05,0,0,0,0,0.000199780241734093,0,0,0,0,0,0,0,0,0,0,0.000399560483468185,0,0.256817500749176,0,0,0,0,0.000499450604335231,0.00829088003196484,0,0,0,0,0,0.00169813205473979,0,0,0,0,0,0,0.00119868145040456,9.98901208670463e-05,9.98901208670463e-05,0,0,0,0,0,0,0,0,0,0,0,0.010888023174508,0,0,9.98901208670463e-05,0.00139846169213865,0,0,0,0,9.98901208670463e-05,0,0.0012985715712716,0,0.0217760463490161,0.00109879132953751,0,0,0,0,0,0,0,0,0,0,0.00619318749375687,0,0,0.0198781340525422,0,0,0,0,0,0,0,0,0,0,0.000199780241734093,0,0,0,0,0,0,0,0,0,0.000199780241734093,0.00109879132953751,0.00479472580161822,0,0,0.000599340725202278,0,0,0,9.98901208670463e-05,0,0,0,0,0,0.322744980521426,0,0.00139846169213865,0.0421536310058935,0,0,0,0.00199780241734093,0.000599340725202278,0,9.98901208670463e-05,0,0,0.00309659374687843,0,0,0,0,0,0,0.000199780241734093,0,0,0,0,0.000199780241734093,0,0.000199780241734093,0,0,0.00249725302167616,0
0.000199720391451967,0,0.00139804274016377,0,0.00579189135210705,0.00269622528460156,9.98601957259836e-05,0,0,0.00559217096065508,0.00649091272218894,0.00689035350509287,0,0.0100858797683243,0.00149790293588975,0,0.000998601957259836,0,0,0.000998601957259836,0.00179748352306771,0.0127821050529259,0,0.000499300978629918,0,0.0600159776313162,0,0.00229678450169762,0.000299580587177951,0.0136808468144598,9.98601957259836e-05,0,0,0.000199720391451967,0,0,0,9.98601957259836e-05,0.00978629918114639,0,0,0.00329538645895746,0,0,0.00109846215298582,0,0.00219692430597164,9.98601957259836e-05,0,0,0.00649091272218894,0,0,0.000299580587177951,0.00199720391451967,0,0,0,0,0.0125823846614739,0.00289594567605353,0.00419412822049131,0.00149790293588975,0,0,0,0.00219692430597164,0.006091471939285,0,0.000399440782903934,0.000199720391451967,0.000199720391451967,0.00149790293588975,0.00559217096065508,0,0,0.000199720391451967,9.98601957259836e-05,0.000898741761533853,0.00529259037347713,0,0,9.98601957259836e-05,0,0,0,0,0,0.00159776313161574,0,0,0.000299580587177951,0,9.98601957259836e-05,0.00469342919912123,0,0,0,0,0,0,0,0,0,0,0,0,9.98601957259836e-05,0.0153784701418015,0.00159776313161574,0,0,0,0,9.98601957259836e-05,0,0.0313561014579589,0.0011983223487118,0.00169762332734172,0,0,0.0165767924905133,0.0011983223487118,0,0.00269622528460156,0.160774915118834,0,0,0,0.100259636508888,0.00529259037347713,0.000499300978629918,0,0,0.0110844817255842,0,0.000798881565807869,0,9.98601957259836e-05,0,9.98601957259836e-05,0,0.000499300978629918,0,0,0,9.98601957259836e-05,0.00409426802476533,0,9.98601957259836e-05,9.98601957259836e-05,0.00279608548032754,0,0.00149790293588975,9.98601957259836e-05,0,0.00329538645895746,0,0,0.00189734371879369,0,0,0,0,0,0,9.98601957259836e-05,0,0,0.000299580587177951,0.00259636508887557,0,0,0,9.98601957259836e-05,0,0,0.000699021370081885,0.00649091272218894,0,0,0,0,0,0.000299580587177951,0,0,0,0,0,0,0.00679049330936689,9.98601957259836e-05,9.98601957259836e-05,0,0,0,0.000299580587177951,0,0,0,0,0,0,0,0.000399440782903934,0.000399440782903934,0,0,9.98601957259836e-05,0,0,9.98601957259836e-05,0.000798881565807869,0,0,0.00439384861194328,0.000299580587177951,0.0417415618134612,0.000399440782903934,0.0011983223487118,0.00189734371879369,9.98601957259836e-05,0,0,0,0,0,0.00339524665468344,0,0,0,0,0.0170760934691432,0,0,0.000499300978629918,0,0,0,0.00109846215298582,0,0,0,0,0.00169762332734172,0,0,0,9.98601957259836e-05,0,0.000699021370081885,0.000898741761533853,9.98601957259836e-05,0.000699021370081885,0.000499300978629918,0.00459356900339525,9.98601957259836e-05,0.00209706411024566,0,9.98601957259836e-05,0,0.000299580587177951,0.000199720391451967,0,0,0,0,0.000299580587177951,0.000499300978629918,0.00209706411024566,0.00269622528460156,0.0701018573996405,0,0,0.000299580587177951,0,0.000199720391451967,0.000299580587177951,0.209007389654484,0.000299580587177951,0.000499300978629918,0.0164769322947873,0,0,0,0,0,0.000898741761533853,0,0,0,0,0,9.98601957259836e-05,0.00349510685040943,0.00189734371879369,0,0,0.0102856001597763,0.000998601957259836
0,0,0,0,0.00649610233859684,0,0,0,0,0.00819508295022986,0.00749550269838097,0,0,9.9940035978413e-05,0.00279832100739556,0,0,0,0,0,0,0.00429742154707176,0,0,0,0.0262842294623226,0.000899460323805717,0,0.000399760143913652,0,0,0,0,0.000499700179892065,0,0,0,0,0,0,0,0,0.00279832100739556,0,0.00139916050369778,0.0104937037777334,0,0,9.9940035978413e-05,0,0,0,0,0,0,0,0,0,0.00189886068358985,0,0,0.00479712172696382,0,0,0.000399760143913652,0,0,0.00779532280631621,0,0,0,0,0,0.00889466320207875,0,0,0,0,0,0.00219868079152508,0,0,0,0,0,0.000299820107935239,9.9940035978413e-05,0,0,0,0,0,0,0,0.000499700179892065,0,0,0,0.000299820107935239,0,0,0.0185888466919848,0,0,0,0,0,9.9940035978413e-05,0.00329802118728763,0,0,0,0,0.0030981411153308,0,0,0,0,0,0,0,0,0,0,0.00339796122326604,0.0569658205076954,0,0,0,0.110533679792125,0.0210873475914451,0.000599640215870478,0,0,0,0,9.9940035978413e-05,0,0,0,0,0,0,0,0.00339796122326604,0,0,0,0,0,0.000199880071956826,0,0,0,0,0,0,0,0,0.00449730161902858,0,0,0,0,0,0,0,0,0,0,0,0,0.264741155306816,0,0,0,0,0,0,0,0,0,0,0.00199880071956826,0,0,0,0,0,0,0,0.00579652208674795,9.9940035978413e-05,9.9940035978413e-05,0,0,0,0,0,0,0,0,0,0,0,0,0,0,0.000199880071956826,0.000899460323805717,0,0,0,0,0.000499700179892065,0,0,0,0.0133919648211073,0,0,0,0,0,0,0.000199880071956826,0,0,0.00589646212272636,0,0.00779532280631621,0,0,0.00939436338197082,0,0,0,0,0,0.000199880071956826,0,0,0,0,0,0,0,0.000999400359784129,0,0,0,0,0,0,0,0,0.000199880071956826,0,0,0.000599640215870478,0,0,0,9.9940035978413e-05,0,0,0,0,0,0.218169098540875,0,0,0.0206875874475315,0,0,0,0,0,0,0.109034579252449,0,0,0.00799520287827304,0,0,0,0,0,0,0.00499700179892065,0,0,0,0,0,0,0.000199880071956826,0,0,0,0.000499700179892065
0,0,0,0,0,0.00559888022395521,0,0,0,0.002999400119976,0.00869826034793041,0,0,0,0.0020995800839832,0,0,0,0.0121975604879024,0.0022995400919816,0,0.0369926014797041,0.0013997200559888,0,0,0.000399920015996801,0.0002999400119976,0,0,0,0,0,0,0,0,0,0,0,0.0185962807438512,0,0,0,0,0,0.00449910017996401,0,0,0,0,0,0,0,0,0,0,0,0,0,0,0.00729854029194161,0,0.00559888022395521,0,0,0,0,0,0,0,0.00569886022795441,0,0,0,0.0170965806838632,0,0,0,0,0,0.0639872025594881,0,0,0,0,0,0,0,0,0,0,0,0,0,0.000699860027994401,0,0,0,0,0,0,0,0,0,0,0,0,0,9.99800039992002e-05,0.0300939812037592,0,0,0,0,0,0,0,0,0,0.00719856028794241,0,0,0,0,0,0.00769846030793841,0.0218956208758248,0,0,0,0.118376324735053,0,0.000699860027994401,0,0,0,0.0001999600079984,9.99800039992002e-05,0,0,0,9.99800039992002e-05,0,0.000699860027994401,0,0,0,9.99800039992002e-05,0.000499900019996001,0,0,9.99800039992002e-05,0.0021995600879824,0,9.99800039992002e-05,0,0,0,0,0,0.0022995400919816,0,0,0,0,0,0,0,0,0,0,0,0,0,0,0,0,0,0,0.0115976804639072,0,0,0,0,0,0,0,0,0,0,0,0,0,0,0,0,0,0,0,0,0,0,0,0,0.0015996800639872,0,0.000799840031993601,0,0,0,0,0.0002999400119976,0,0,0,0,0,0,0,0.0430913817236553,0,0.00329934013197361,0.002999400119976,0,0,0,0,0,0,0.013497300539892,0,0.0170965806838632,0,0,0.0591881623675265,0,0,0,0,9.99800039992002e-05,0,0,0,0,0,0,0,0.000999800039992002,0,0,0,0,0,0.0023995200959808,0,0,0,0.0012997400519896,0,0,9.99800039992002e-05,0,0,0,0.0002999400119976,0,0,0,0,0.0010997800439912,0.000599880023995201,0,0,0.011497700459908,0,0,0,0,0,0.000399920015996801,0.302639472105579,0.0001999600079984,0.122375524895021,0.00669866026794641,0,0,0,0,0,0.000599880023995201,0.0025994801039792,0,0,0,0,0.00369926014797041,0,0,0,0,0,0
0.00979412352588447,0,0,0,0,0,9.9940035978413e-05,0,0,0.0177893264041575,0,0,0,0,0.0133919648211073,0,0.0259844093543874,0,0,0,0,0.00869478313012193,0,9.9940035978413e-05,0.00179892064761143,0.165800519688187,0,0.00159904057565461,0.00149910053967619,0,0,0,0,0.00809514291425145,0,0,0,0,0.00189886068358985,0,0,0,0,0,0.000999400359784129,0.00139916050369778,0,0,0.000399760143913652,0,0,0,0,0,0,0,0.00609634219468319,0,0,0.000499700179892065,0.0084949030581651,0.0147911253248051,0,0,0.0092944233459924,0.000199880071956826,0.00239856086348191,0.000999400359784129,0,0.00579652208674795,0,0,0,0.00189886068358985,0,0,0,0,0.000399760143913652,0.000599640215870478,0,0.00709574255446732,0,0,0,0.00239856086348191,0,0,0.00569658205076954,0,9.9940035978413e-05,0.00159904057565461,0,0,0,0,0,0,0,0,0,0,0,0,0,0,0,0.200179892064761,0.0076953827703378,0.000799520287827304,0,0,0,0.00169898061163302,0,0,0,0,0,0,0,0,0.00689586248251049,0,0.0102938237057765,0.0520687587447531,0,0,0,0.0325804517289626,0,0.000199880071956826,0,0,0,0,9.9940035978413e-05,0,0,0,0.000199880071956826,0,0.00189886068358985,0,0,0,0,0,0,0.000499700179892065,0,0,0,9.9940035978413e-05,0,0,0,0,0,0,0,0,0,0,0,0,0,0,0,0,0.000599640215870478,0.000199880071956826,0,0,0,0,0,0,0.0160903457925245,0,0,0,0,0,0,0,0,0,0,0,0,0.00819508295022986,0.000199880071956826,9.9940035978413e-05,0,0,0,0,0,0,0,0,0,0,0,0.00429742154707176,0,0,0,0,0,0,9.9940035978413e-05,0,0,0,0.000299820107935239,0,0.004597241655007,0.000299820107935239,0,0,0,0,0,0,0,0,0,0,0.0122926244253448,0,0,0.044773136118329,0,0,0,0,9.9940035978413e-05,0,0,0,0,0,0,0,0,0,0,0,0,0,0,0,0.000799520287827304,0,0,0,0,0,0.000199880071956826,0,0,0.000499700179892065,0,0,0,0,0.00749550269838097,0.0279832100739556,0,0,0.00919448331001399,0,0,0,9.9940035978413e-05,9.9940035978413e-05,0.00339796122326604,0.193284029582251,0,0,0.0181890865480712,0,0,0,0,9.9940035978413e-05,0.00189886068358985,0,0,0,0,0,0.000699580251848891,0,0.000999400359784129,0,0,0,0
0,0,0,0.00209916033586565,0,0,0,0,0,0,0,0,0,0,0.00349860055977609,0,0,0,0,0,0,0,0,0.000199920031987205,0,0.377548980407837,0,0,0.00319872051179528,0.00189924030387845,0,0,0,0.000199920031987205,0,0,0.00189924030387845,0.0037984806077569,0.000199920031987205,0,0,0,0,0,0,0,0,0,0.000499800079968013,0,0,0,0,0,0.000499800079968013,0,0,0,0,0,0,0.000199920031987205,0,0,0,0,0.00189924030387845,0,0,0,0,0,0,0.00039984006397441,0,0.00819672131147541,0,0,0,0,0,0,0,0,9.99600159936026e-05,9.99600159936026e-05,0,0,0,0.0039984006397441,0,0.00039984006397441,0.00259896041583367,0,0,9.99600159936026e-05,0,0,0.000699720111955218,0,0,0,0,0,9.99600159936026e-05,0,0,0.0934626149540184,0,0.0369852059176329,0,0,0,0.0078968412634946,0,0,0,9.99600159936026e-05,0.0184926029588165,9.99600159936026e-05,0,0,0,9.99600159936026e-05,0.0201919232307077,0,0,0,0,0,0,0.0136945221911235,0,0,0,0,0.00309876049580168,0,0,0,0.0139944022391044,0,0,0,0,0,0,0,0,0,0,0,0,0,9.99600159936026e-05,0,0,0,0,0.000299880047980808,0,0,0,0,0,0,0,0,0,0,0,0,0.00489804078368653,0,0,0,0,0,0,0,0,0,0,0,9.99600159936026e-05,0,0,0,0,0,0,0.00169932027189124,9.99600159936026e-05,0,0,0,0,0,0,0,0,0,0,0,0,0.000599760095961615,0.00159936025589764,0,0,0.00339864054378249,0,0,0,0,0.000599760095961615,0,9.99600159936026e-05,0,0.0106957217113155,0,0,0,0,0,0,0,0,0,0,0,0,0,0,0.00989604158336665,0,0,0,0,0.000199920031987205,0,0,0,0,0,0,0,0,0,0,0,9.99600159936026e-05,0,0,0,0,0.000599760095961615,0.00039984006397441,0,0,0,0,0,0,0.00129948020791683,0,0,0,0,0.000299880047980808,0.0675729708116753,0,0,0.112754898040784,0,0,0,0,0,9.99600159936026e-05,0.130947620951619,0,0,0.0134946021591363,0,0,0,0,0,0.00139944022391044,0,0,0,0,0,0.00119952019192323,0,0.0108956417433027,0,9.99600159936026e-05,0.00209916033586565,0
0,0,0,0,0,0,0.000699720111955218,0,0,0,0.00539784086365454,0,0,0,0.0524790083966413,0,0.0173930427828868,0,0,0,0,0,0.00219912035185926,0,0,0.138044782087165,0,0,9.99600159936026e-05,0,0,0.000199920031987205,0,0.00859656137544982,0,0.000199920031987205,0,0,0.00319872051179528,0,0,0,0,0,0,9.99600159936026e-05,0,0,0,0,0,0,0,0.00079968012794882,0,0,0,0,0,0,0,0,0.000899640143942423,0,0,0,0,0,0,0,0,0,0.00459816073570572,0,0,0,0,0,0.000199920031987205,0,0,0,0.00229908036785286,0.00079968012794882,0,0.0133946421431427,0,9.99600159936026e-05,0,0,0,0,0.000199920031987205,0,0.000999600159936026,0.000499800079968013,0,0,0,0,0,0,0,0,0,0,9.99600159936026e-05,0.00039984006397441,0,0,0,0,9.99600159936026e-05,0,0,0,0,0,0,0,0,0,0.014094362255098,0,0.0159936025589764,0.0154938024790084,0,0,0,0.0270891643342663,0.00529788084766094,0,0,0,0,0,0.000299880047980808,0,0,0,0.00439824070371851,0,0,0,0,0,0,0,0,0,0.000299880047980808,0,0,0,0,0,0,0,0,0.000699720111955218,0.00119952019192323,0,0,0,0,0,0,0,0,0,0,0,9.99600159936026e-05,0,0,0,0,0,0,0,0,0,0,0,0,0.000999600159936026,0,0,0,0,0,0.00899640143942423,0,0,0,0,0,0,0,0,0,0,0,0,9.99600159936026e-05,0.0112954818072771,0,9.99600159936026e-05,0,0.000299880047980808,0.000299880047980808,0,0,0,0,0,0,0,0,0,0,0,0,0,0,0,0,0.024390243902439,0,0,0,0,0,0.0380847660935626,0,0,0,0,0,0,0,0,0,0,9.99600159936026e-05,0,0,0,0,0,0,0,0,0,0.000499800079968013,0.0038984406237505,0,0,0,0,0,0,0,0,0,0,0,0,9.99600159936026e-05,0.0851659336265494,0,0,0.342762894842063,0,0,0,0,0,0,0.126349460215914,0,0,0.0172930827668932,0,0,0,0,0,0,0.000299880047980808,0,0,0,0,0,0,0,0,0,0,0
0,0,0,0,0.00889822035592881,0,0,0,0,0.0130973805238952,0.00339932013597281,0,0.00789842031593681,0,0.000499900019996001,0,0,0,0,0,0,0.0202959408118376,0,0,0,9.99800039992002e-05,0,0,9.99800039992002e-05,0.00399920015996801,0.0016996600679864,0.0012997400519896,0,0.0108978204359128,0,0,0.000699860027994401,0.0023995200959808,0.0167966406718656,0,0,0,0,0,0.0107978404319136,0.0017996400719856,0,0,0,0,0.02999400119976,0.0151969606078784,0,0,0,0,0,0,0,0.0371925614877025,0,0,0,0,0,0,0.0182963407318536,0.000599880023995201,0,0.0382923415316937,0,0,0,0,0,9.99800039992002e-05,0,0,0,0.014497100579884,0,0.0103979204159168,0,0,0,0.0026994601079784,0,0,0,0,0,0.0001999600079984,0,0,0.0027994401119776,0,0,0,0.000999800039992002,0,0,0,0,0,0,0,0,0.00369926014797041,0.00589882023595281,0.00509898020395921,0,0,0,0.00729854029194161,0,0,0,0.000999800039992002,0.0028994201159768,0,0,0,0.00609878024395121,9.99800039992002e-05,0,0.0683863227354529,0,0,0,0.161167766446711,0.00839832033593281,9.99800039992002e-05,0,0,0,0,9.99800039992002e-05,0,0.0002999400119976,0,9.99800039992002e-05,0,0,0,0,0,0.000699860027994401,0,0,0,0.000499900019996001,0.0002999400119976,9.99800039992002e-05,0,0,0,0,0,0,0.0306938612277545,0,0,0,0,0,0,0,0,0,0,0.0011997600479904,0,0,0,0,0,0,0.0142971405718856,0.0210957808438312,9.99800039992002e-05,0,0,0,0,0,0,0,0,0,0.0002999400119976,0,0.00529894021195761,0,0,0,0.0002999400119976,0,0,9.99800039992002e-05,0.0016996600679864,0,0,0,0,0,0.0027994401119776,0.000899820035992801,0,0.0102979404119176,0.000399920015996801,0,0,0,0,0,0,0,0.00849830033993201,0,0,0,0.00339932013597281,0,0,0,0,0,0,0,0,0,0,0,0.0565886822635473,0,0,0,0,0,0.000899820035992801,0,0,0,0,0.000699860027994401,0,0,0,0,0,0,0,0,0,0,0.0010997800439912,0.000399920015996801,0,0,0.000799840031993601,0.000799840031993601,0,0,0.0002999400119976,0,0,0,0.00869826034793041,0.0020995800839832,0.030993801239752,0,0.0013997200559888,0.0536892621475705,0.0001999600079984,0.0010997800439912,0,0,0,0,0.0951809638072385,0,0,0.0769846030793841,0,0,0,0,0,0.0105978804239152,0,0,0,0,0,0,0,0.0010997800439912,0,0,0.00679864027194561,0
0,0,0,0,0,0,0.0004000400040004,0.0023002300230023,0,0,0,0,0,0,0.0006000600060006,0,0,0,0,0,0,0.004000400040004,0,0.0009000900090009,0,0.281328132813281,0,0,0.0014001400140014,0,0,0,0,0.0003000300030003,0,0,0,0.0004000400040004,0,0,0,0,0,0,0,0,0,0,0,0,0,0,0,0,0,0,0,0,0,0,0,0,0,0,0,0,0.0795079507950795,0,0,0,0,0,0.0002000200020002,0,0,0,0,0,0,0,0,0,0,0,0.0002000200020002,0,0,0,0,0.0044004400440044,0,0.0001000100010001,0,0,0,0,0,0,0,0,0,0,0,0,0,0,0.0009000900090009,0.365336533653365,0,0,0,0,0,0,0,0,0,0,0.0142014201420142,0.0001000100010001,0,0,0,0.0003000300030003,0.0083008300830083,0,0,0,0,0,0,0,0,0.0003000300030003,0,0.0001000100010001,0.0018001800180018,0,0,0,0.0458045804580458,0,0,0,0,0,0,0,0,0,0.0013001300130013,0,0,0,0,0,0,0,0,0,0,0,0,0,0,0,0.0002000200020002,0,0,0,0,0,0,0,0,0,0,0.0014001400140014,0,0,0,0,0,0,0,0,0.0018001800180018,0,0,0,0,0.0027002700270027,0.0001000100010001,0,0.0002000200020002,0,0,0.0011001100110011,0,0,0.0001000100010001,0,0,0,0,0,0,0,0,0.0004000400040004,0,0,0,0,0.0002000200020002,0,0.013001300130013,0,0.0033003300330033,0.0007000700070007,0,0,0,0,0,0,0,0,0,0,0,0,0,0.0442044204420442,0,0,0,0,0,0,0,0,0,0,0,0,0,0,0,0,0,0,0.0003000300030003,0,0,0,0,0,0,0,0,0,0,0,0,0,0,0,0,0,0.0012001200120012,0,0.0626062606260626,0,0,0,0.0118011801180118,0,0,0,0,0,0.0089008900890089,0,0,0,0,0,0,0,0,0,0,0,0.0012001200120012,0,0.0226022602260226,0,0,0.0075007500750075,0
0,0,0.000699510342760068,0,0.00509643249725192,0.0024982512241431,9.9930048965724e-05,0,0.0264814629759169,0.002897971420006,0.00099930048965724,0.0024982512241431,0,0,0.00369741181173179,0.000199860097931448,0.0099930048965724,0,0.00369741181173179,0.000199860097931448,0.00559608274208054,0.0320775457179974,0.0020985310282802,0,0.000899370440691516,0.00219846107724593,0.00119916058758869,0,0.000399720195862896,0.00329769161586889,0,0,0,0.00199860097931448,0,0,9.9930048965724e-05,0.01518936744279,0.000699510342760068,0,0.00269811132207455,0,0,0,0.00269811132207455,0.00199860097931448,0,9.9930048965724e-05,0,0,0.023183771360048,0,0.000199860097931448,0,0.00649545318277206,9.9930048965724e-05,0,0,0,0.0154891575896872,0.00579594284001199,0.016288597981413,0.000299790146897172,0,0,0.000599580293794344,0.00239832117517738,0.000899370440691516,0,0.0273808334166084,0.00119916058758869,0,0.000199860097931448,0.0437693614469871,0.00369741181173179,0,0,0,0,0.0252823023883282,0,0.00279804137104027,0.00229839112621165,0,0.0646547416808234,0.000199860097931448,0,9.9930048965724e-05,0,0,0,0.00259818127310882,0,0.00129909063655441,0.000799440391725792,0,0,0,0.00179874088138303,0,0,0,0.00099930048965724,0.000699510342760068,0.00519636254621765,0.000199860097931448,0.0045967822524233,9.9930048965724e-05,0.0183871290096932,0.000299790146897172,0,0.00239832117517738,0,0,0.000399720195862896,0,0,0,0.0111921654841611,0,0,0,0,0,0.00279804137104027,0.0480663535525132,0,0,9.9930048965724e-05,0.0701508943739382,0.0214849605276307,0.00129909063655441,0,0,0.000599580293794344,0,0,0,0,0,9.9930048965724e-05,0,0.000799440391725792,0,0,0,0.000399720195862896,0.00099930048965724,9.9930048965724e-05,0,0.00129909063655441,0.00739482362346358,0,9.9930048965724e-05,0,0,9.9930048965724e-05,0,0.000699510342760068,0.00979314479864095,0,0,9.9930048965724e-05,0.0408713900269811,0,0,0,0,0,9.9930048965724e-05,0.000599580293794344,0,9.9930048965724e-05,0,0,0,0,0.0315778954731688,0.0070950334765664,9.9930048965724e-05,0.000399720195862896,0,9.9930048965724e-05,0,0.00049965024482862,0,0,0,0.00719496352553213,0,0,0.0100929349455381,9.9930048965724e-05,0,0.00659538323173778,0,0,0,0,0,0.0184870590586589,0,0,0.0204856600379734,0,0.000899370440691516,0.000299790146897172,0,0,0.000199860097931448,0,0,0.000799440391725792,0,0.00119916058758869,0,0.00679524332966923,0.00799440391725792,0.0024982512241431,0,0.00519636254621765,0.00299790146897172,0,0,0,0.00219846107724593,0,0,0,0.00159888078345158,0.0168881782752074,9.9930048965724e-05,0,0.0145897871489957,0,0,0.00049965024482862,0,0,0.000199860097931448,0,0,0,0,0,0,0,0,0,0,0.00859398421105226,0.000199860097931448,0.00339762166483462,9.9930048965724e-05,0.000799440391725792,9.9930048965724e-05,0.000599580293794344,0.000599580293794344,0.00379734186069751,0,0.000799440391725792,0,0,0.000199860097931448,0,9.9930048965724e-05,0.00109923053862296,0,0,0.0095932847007095,0.0049965024482862,0.00389727190966324,0.00309783151793744,0,0,0,0,9.9930048965724e-05,0.000399720195862896,0.0914359948036375,0,0,0.032577195962826,0,0,0,0,0.000199860097931448,0.0053962226441491,0.00259818127310882,0.00179874088138303,0.000399720195862896,0.00049965024482862,0,0.00189867093034876,0.00149895073448586,0,0,0,0.0168881782752074,0
0.000199760287654814,0,0,0,0,0,9.98801438274071e-05,0.00908909308829405,0,0,0.00459448661606073,0.00239712345185777,0,0.00469436675988813,9.98801438274071e-05,0,0,0,0,0,0.00229724330803036,0.00938873351977627,0,0,0.0013983220135837,0.0313623651618058,0,0,9.98801438274071e-05,0,0.00259688373951258,0,9.98801438274071e-05,0.00119856172592889,0,0.000199760287654814,9.98801438274071e-05,0.00129844186975629,0.000799041150619257,0,0.00579304834198961,0,0.00489412704754295,0.00339592489013184,0.00289652417099481,0.00129844186975629,0,9.98801438274071e-05,0,0,0.00249700359568518,0,0,0,0,0,0,0,0,0.0236715940870955,0,0.00848981222532961,0.000998801438274071,0,0.00958849380743108,0.00729125049940072,0.0133839392728726,0.000199760287654814,9.98801438274071e-05,0.00898921294446664,0.00119856172592889,0,0,0.0545345585297643,0,0,0,0,0,0.0324610467439073,0,0.016679984019177,0.00898921294446664,0,0,0,0,0.00109868158210148,0.000599280862964443,0.00439472632840591,0.0055932880543348,9.98801438274071e-05,0,0,0,0,0,0,0.000898921294446664,9.98801438274071e-05,0.000299640431482221,0,0,0.00129844186975629,0.000499400719137036,0,0.00769077107471035,0.00179784258889333,0.000799041150619257,0.00069916100679185,0.00119856172592889,0,0,0.0103875349580503,0.00109868158210148,0,0,0.000898921294446664,0.0191769876148622,0,0,0,0,0,0.000299640431482221,0.0427487015581302,0,0,0,0.0686176588094287,0.00209748302037555,0.0178785457451059,0,0,0,0,9.98801438274071e-05,0,0,0,0,0,0.000499400719137036,0,0.00739113064322813,0,0.00109868158210148,0,0,0,0.00119856172592889,0,0,0,0,0,0,0,0.00259688373951258,0.00389532560926888,0,0,0,0.0237714742309229,0,9.98801438274071e-05,0,0,0,0,0,0,0,0,0,0,0,0.00958849380743108,0.0238713543747503,0,0,0,0,0,0,0,0,0,0.00479424690371554,0,0,0.00239712345185777,9.98801438274071e-05,0,9.98801438274071e-05,0,0,9.98801438274071e-05,0,0,0,0,0,0.089792249300839,0.0719137035557331,0.000299640431482221,0,0,0,9.98801438274071e-05,0,0,0.000499400719137036,0,0.00119856172592889,0,0.0269676388333999,0,0,0.000998801438274071,0,0.00169796244506592,0,0.00309628445864962,0,0.00229724330803036,0,0,0.00429484618457851,0.000799041150619257,0.0200759089093088,0,0,0.050039952057531,0,9.98801438274071e-05,0.000499400719137036,0,0,0.000599280862964443,0,9.98801438274071e-05,0.0223731522173392,0,0,0,0,0,0.000199760287654814,0,0.0125848981222533,9.98801438274071e-05,0.00189772273272074,9.98801438274071e-05,0.000898921294446664,0,0,0.000299640431482221,0.000299640431482221,0.000399520575309628,0.00149820215741111,0.000499400719137036,0,0,0,0,0,0.00259688373951258,0.0083899320815022,0.00229724330803036,0,0.00229724330803036,0.00938873351977627,0,0,0,0,0,0.00069916100679185,0.0703156212544946,0,0,0.0176787854574511,0,0,0,0,9.98801438274071e-05,0.00789053136236516,0.00349580503395925,0,0,0,0,0.000399520575309628,0,0,0.00369556532161406,0,0.00289652417099481,0
0,0,0,0,0,0,0.0008000800080008,0,0,0,0,0,0,0,0.0016001600160016,0,0,0,0,0,0,0.0023002300230023,0.0002000200020002,0.0033003300330033,0,0.0928092809280928,0,0,0,0,0.0305030503050305,0,0,0.0085008500850085,0,0.0002000200020002,0,0.0001000100010001,0,0,0.0001000100010001,0,0,0.0006000600060006,0,0,0,0.0001000100010001,0,0,0,0,0,0,0.0005000500050005,0,0,0,0,0.0089008900890089,0,0.0028002800280028,0.0001000100010001,0,0,0.0005000500050005,0.0056005600560056,0,0,0,0.0013001300130013,0,0,0,0,0,0,0,0,0.002000200020002,0,0,0,0,0.0004000400040004,0.0001000100010001,0,0.0072007200720072,0,0,0,0.0059005900590059,0.264226422642264,0,0,0,0,0,0,0,0,0.0067006700670067,0,0,0.0001000100010001,0,0.0008000800080008,0.318431843184318,0,0,0.0006000600060006,0,0,0.0002000200020002,0,0.0019001900190019,0,0,0,0,0,0,0,0,0,0,0,0,0,0,0.0001000100010001,0,0,0,0,0.0001000100010001,0.0328032803280328,0.0001000100010001,0,0,0,0,0,0,0,0,0.0001000100010001,0,0,0,0,0,0,0,0,0,0,0,0,0.002000200020002,0,0,0,0.0001000100010001,0,0,0,0,0.0002000200020002,0,0,0,0,0,0,0,0,0,0,0.0001000100010001,0,0,0,0,0.0001000100010001,0.0006000600060006,0,0,0.0001000100010001,0,0,0,0,0,0,0,0,0,0,0,0,0,0,0,0.0048004800480048,0.0007000700070007,0,0,0,0,0,0,0,0,0,0.0001000100010001,0.0051005100510051,0.0009000900090009,0,0.0005000500050005,0,0.0016001600160016,0,0.0008000800080008,0.0006000600060006,0,0,0,0.0061006100610061,0,0,0,0,0.0106010601060106,0,0,0,0,0,0.0002000200020002,0,0,0.0002000200020002,0,0,0,0,0,0,0,0.0048004800480048,0.0003000300030003,0,0,0.0007000700070007,0.0001000100010001,0.0002000200020002,0,0.0006000600060006,0,0.0002000200020002,0,0,0,0.011001100110011,0,0,0,0.0003000300030003,0.0182018201820182,0,0,0.0213021302130213,0,0,0,0,0,0.0016001600160016,0.0742074207420742,0,0,0.0145014501450145,0,0,0,0,0,0.0008000800080008,0.0002000200020002,0.0032003200320032,0,0,0,0.004000400040004,0.0003000300030003,0,0.0051005100510051,0,0.0004000400040004,0
0,0,0,0,0,0,0,0.0607939206079392,0.0022997700229977,0.0066993300669933,0,0,0,0.0006999300069993,0,0,0.0087991200879912,9.99900009999e-05,0,0,0.0037996200379962,0.0094990500949905,0,0,0,0.0460953904609539,0,0,0.0001999800019998,0.0098990100989901,0,0,0,0.0031996800319968,0,0,0,0.0032996700329967,0.003999600039996,0,0.0060993900609939,0,0,0,0,0,0,0,0,0,0,0.0026997300269973,0,0,0,0,0,0,0,0.0001999800019998,0,0.0030996900309969,0,0,0.0007999200079992,0.0035996400359964,0.0035996400359964,0.0054994500549945,0,0.0481951804819518,0,0,0,0.0045995400459954,0,0,0,9.99900009999e-05,0.0002999700029997,0.0065993400659934,0,0.0231976802319768,0,0,0,0.0025997400259974,0,0,0.003999600039996,0,9.99900009999e-05,0,0.0083991600839916,0,0,0.0006999300069993,0,0,0,9.99900009999e-05,0,0,0,0,0.0016998300169983,0,0,0.0800919908009199,0.0042995700429957,0.0057994200579942,0.0002999700029997,0,0,0.0120987901209879,0,9.99900009999e-05,0,0.0011998800119988,0.0123987601239876,9.99900009999e-05,0.0194980501949805,0,0.032996700329967,0,0.014998500149985,0.0188981101889811,0,0,0,0.157284271572843,0,9.99900009999e-05,0,0,0,0,0.0685931406859314,0,0,0,0,0,0.0010998900109989,0,0,0,9.99900009999e-05,0,0,0,0.001999800019998,0,0.0001999800019998,0,0,0,0,0,0,0.0060993900609939,0,0,0,0,0.0097990200979902,0,0,0,0,0,9.99900009999e-05,0,0,0,0,0,0,0.0062993700629937,0.0022997700229977,0,0,0,0,0,0.0002999700029997,0,0,0,0,0,0,0.0025997400259974,0,0.0022997700229977,0,0,0,0,0,0,0,0,0,0.0001999800019998,0,0.0021997800219978,0,0,0,0,0,0,0,0,0.0005999400059994,0,0.0095990400959904,0,0,0.0003999600039996,0.0058994100589941,0,0,9.99900009999e-05,9.99900009999e-05,0.0025997400259974,0,0.0327967203279672,0,0,0.0061993800619938,0,0,0.0534946505349465,0,0,0,0,0,0,0,0,0,0,0.000999900009999,0,0,9.99900009999e-05,0,0,0,0.0001999800019998,0,0,0.0004999500049995,0.0040995900409959,0.0011998800119988,0,0.0006999300069993,0,0.0001999800019998,0,0,0.0012998700129987,0,0,0,0,0.0004999500049995,0.0314968503149685,0,0,0.0084991500849915,9.99900009999e-05,0,0,0.0086991300869913,0.0003999600039996,0.0003999600039996,0.0336966303369663,0,0,0.0315968403159684,0,0,0,0,0,0,0.0050994900509949,0,0,0,0,0.0021997800219978,0,0.000999900009999,0,0,0.0052994700529947,0
0,0,0,0,0,0,0,0,0,0,0,0,0,0,0,0,0,0,0,0,0,0,0,0,0,0.586082783443311,0,0,0,0,0,0,0,0,0,0,0,0.00679864027194561,0,0,0.0002999400119976,0,0,0,0,0,0,0,0,0,0,0,0,0,0,0,0,0,0,0.0001999600079984,0,0,0,0,0,0,0.000499900019996001,0,0,0,0,0,0,0,0,0,0,0,0,0,0,0,0,0,0,0,0,0,0,0.0028994201159768,0,0,0.000999800039992002,0,0,0,0,0,0,0,0,0,0,0,0,0,0,0.000399920015996801,0,0,0,0,0,0,0,0.0001999600079984,0,0,0.00739852029594081,0,0,0,0,0.00389922015596881,0.0676864627074585,0,0.0010997800439912,0,0,0,0,9.99800039992002e-05,0,0,0,0.0017996400719856,0,0,0,0,9.99800039992002e-05,0,0,0,0,0,0,0,0,0,0,0,0,0,0,0,0,0,0,0.0016996600679864,0,0,0,0,0,0,0,0,0,0,0,0,0,0,0,0,0,0,0,0,0,0,0,0,0,0,0,0,0,0,0,0,0.0002999400119976,0,0,0,0,0,0,0,0,0,0,0,0,0.00249950009998,0,0,0,0,0,0,0,0,0,0,0.0015996800639872,0,0,0,0,0,0,0,0,0,0,0,0,0,0,0,0,0.0347930413917217,0,0,0,0,0,0,0,0,0,0,0,0,0.0020995800839832,0,0,0,0,0,0,0,0,0,0.000699860027994401,0,0,0,0,0,0,0.0001999600079984,0,0,0,0,0,0.000499900019996001,0,0,0,0.143871225754849,0,0,0,0,0.000399920015996801,0.130873825234953,0,0,0,0,0,0,0,0,0,0,0,0,0,0,0,0,0,0,0,0,0
0,0,0,0,0,0,0.00169949015295411,0.00399880035989203,0,0,0.000399880035989203,0,0,0.0107967609717085,0.000899730080975707,0,0,0,0,0,0.00649805058482455,0.00339898030590823,0,0,0,0,0,0,0.00259922023392982,0,9.99700089973008e-05,0,0,0.00449865040487854,0,0.000899730080975707,0,0.013296011196641,0,0,0,0,0,0,0,0.0134959512146356,0.00789763071078676,0.00129961011696491,0,0,0,0,0,0,0,0,0,0,0,0.0778766370088973,0,0,0,0,0.0247925622313306,0,0.0194941517544737,0,0,0.00489853044086774,0.00429871038688393,0,0,0.00119964010796761,0,0,0,0,0,0.0274917524742577,0,0,0,0,0.00339898030590823,0,0.00169949015295411,0,0,0.00369889033290013,0,0,0.000399880035989203,0,0,0,0,0,0.00179946016195141,0,0,0,0,0,0,0,0,0.124862541237629,0,0,0,0.0377886634009797,0,0.00739778066580026,0,0.000299910026991902,0,0,0,9.99700089973008e-05,0,0,0,0,0.00229931020693792,0,0,0,0.00319904028791363,0,0,0.00299910026991902,0,0,0,0,0.000199940017994602,0,0,0,0,0,0,0,0,0,0.00199940017994602,0,0,0,0.000699790062981106,0.000799760071978406,0,0,0,0,0,0,0,0.00679796061181645,0,0,0,0,0,0,0,0,0,0.000499850044986504,0,0,0,0,0,0,0,0.00259922023392982,0.0921723482955114,0,0,0,0,0,0.000999700089973008,0,0,0,0,0,0,0.00209937018894332,0.000199940017994602,0,0,0,0.00919724082775168,0,0,0,0,0,0.000799760071978406,0.00189943017094872,0.0253923822853144,0,0,0,9.99700089973008e-05,0.00149955013495951,0,0,0,0.000699790062981106,0.000799760071978406,0,0.0139958012596221,0,0,0,0,0.00599820053983805,0,0,0,0.00159952014395681,0.00789763071078676,0,0.0115965210436869,0,0.0430870738778366,0,0,0.0619814055783265,0,0,0,0,0,0,0,0,0,0.000399880035989203,0,0,0,0.00189943017094872,0,0,0.0340897730680796,0,0.000999700089973008,9.99700089973008e-05,0,9.99700089973008e-05,0,0,0.00239928021593522,0,0,0,0,0.000299910026991902,0,0,0,0.00389883035089473,0,0.0211936419074278,0.00499850044986504,0.00249925022493252,0.019594121763471,0,0,0,0,0,0.000299910026991902,0.136459062281316,0,0,0.028591422573228,0,0,0,0,0,0,0.000999700089973008,0,0,0,0,0.00239928021593522,0,0.000799760071978406,0,0,0.0203938818354494,0.000199940017994602
0,0,0,0,0,0,0,0,0,0,0.00779610194902549,0,0,0,0,0.00109945027486257,0,0,0,0,0.00349825087456272,0.0211894052973513,0,0,0,0.000899550224887556,0,0,0.00129935032483758,0,0.00269865067466267,0.0180909545227386,0.000999500249875062,0,0,0,0.0131934032983508,0.0135932033983008,0.00339830084957521,0,0,0,0,0.0144927536231884,0.00299850074962519,0,0,0,0,0,0,0,0,0,0.00109945027486257,0,0,0,0,0.000899550224887556,0,0.00409795102448776,0,0,0,0,0,0,0,0,0,0,0.000199900049975012,0.00239880059970015,0,0,0,0,0,0.00779610194902549,0,0.00289855072463768,0,0,0,0,0,0,0,0,9.99500249875062e-05,0.000499750124937531,9.99500249875062e-05,0.000899550224887556,0.00349825087456272,0,0,0,0.00379810094952524,0,0,0,0,0,0.00249875062468766,0,0.0176911544227886,9.99500249875062e-05,0.00299850074962519,0.00559720139930035,0,0,0,0,0,0,0,0.00199900049975012,0.0130934532733633,0.000499750124937531,0,0,0.0116941529235382,9.99500249875062e-05,0.0731634182908546,0.0710644677661169,0,0,0,0.181209395302349,0.00609695152423788,9.99500249875062e-05,0,0,0.000999500249875062,0,0.00669665167416292,9.99500249875062e-05,0,0,9.99500249875062e-05,0,0.000899550224887556,0,0,0,9.99500249875062e-05,0.000899550224887556,0,0,9.99500249875062e-05,0.00079960019990005,0,0,0,0,0,0,0,0.00409795102448776,0,0,0,0.0619690154922539,0,0,0,0,0,0,0,0,0,0,0,0,0,0.0168915542228886,0,0.000299850074962519,0,0,0,0,0.000899550224887556,0,0,0,0,0,0,0.0128935532233883,0,0,0,0,0,0,0,0,0,0,0,9.99500249875062e-05,0,0.000599700149925037,0,0,9.99500249875062e-05,0,0,0,0,0,0.00289855072463768,0,0.00929535232383808,0,0.016791604197901,0,0,0,0,0,0,0.00659670164917541,0,0,0.0149925037481259,0,0,9.99500249875062e-05,0,0.00849575212393803,0,0,0,0,0,0,0,9.99500249875062e-05,0,0,0,0,0,0,0,0,0.00529735132433783,0,0.00219890054972514,0,0.00359820089955022,0.000399800099950025,0,0,0,0.00279860069965018,0,0,0,0.000399800099950025,0,0,0,0,0.00169915042478761,0.0629685157421289,0,0,0.0411794102948526,0,0,0,0,0,0.00379810094952524,0.0949525237381309,0,0,0.0602698650674663,0,0,0,0,0,0,0.0079960019990005,0,0,0,0,0.000699650174912544,0,0.00409795102448776,0.00849575212393803,0,0.00989505247376312,0
0,0,0,0,0.0111944027986007,0,9.99500249875062e-05,0,0,0.00499750124937531,0.00179910044977511,0,0,0.00649675162418791,0,0,0,0,0,0.000699650174912544,0.00169915042478761,0.016191904047976,0,0,0,0.0597701149425287,0,0,9.99500249875062e-05,0,0.0103948025987006,0,0,0.00939530234882559,0,0,0,0.00249875062468766,0.00229885057471264,0,0.00329835082458771,0,0.00139930034982509,0.000699650174912544,0.00229885057471264,0.000499750124937531,0,0,0,0,0,0,0,0,9.99500249875062e-05,0,0,0,9.99500249875062e-05,0.0160919540229885,0,0.000399800099950025,0.00109945027486257,0,0.00329835082458771,0,0.000299850074962519,0,0,0.0047976011994003,0,0,0,0,0,0,0,0,0,0.0206896551724138,0.00169915042478761,0.00199900049975012,0.0102948525737131,0,0,0,0.00229885057471264,0,0,0,9.99500249875062e-05,0,0,0,0.00409795102448776,0.000199900049975012,0,9.99500249875062e-05,0.00199900049975012,0,9.99500249875062e-05,0,0,0,0,0,0.000999500249875062,0.0529735132433783,0.00429785107446277,0.000499750124937531,0,9.99500249875062e-05,0,0.0853573213393303,0,0,0,0.000199900049975012,0,0,0,0,0.00239880059970015,0,0.0622688655672164,0.0190904547726137,0,0,0,0.0220889555222389,0.0112943528235882,0.00429785107446277,0,0,0,0,9.99500249875062e-05,0.000199900049975012,0,0,9.99500249875062e-05,0,0.000899550224887556,0,0,0,0,0,0,0,0.00359820089955022,0.00119940029985007,9.99500249875062e-05,0,0,0,0,0,0,0.0015992003998001,0,0,0,0.0144927536231884,0,0,0,0,0,0,0,0,0,0,0,0,0,0.00079960019990005,0.0102948525737131,9.99500249875062e-05,0,0,0,0,0,0,0,0,0.00109945027486257,0,0,0.00989505247376312,9.99500249875062e-05,0,0,9.99500249875062e-05,0,0,0,0,0,0,0,0.00179910044977511,9.99500249875062e-05,0.00149925037481259,0,0,0,9.99500249875062e-05,0,0,0.000299850074962519,0,0.000899550224887556,0,0.00279860069965018,0.00219890054972514,0.000499750124937531,0.000599700149925037,0,0,0,0,0,0.000199900049975012,9.99500249875062e-05,0,0.0139930034982509,0,0.0172913543228386,0,0,0.0134932533733133,0,0,0,0,0,0,0,0,0,9.99500249875062e-05,0.000199900049975012,0,0,0,0,0,0,0,0.000199900049975012,0,0,0.000699650174912544,9.99500249875062e-05,0,0,0,0,0,0,0.000299850074962519,0,0,0,0.00249875062468766,0,9.99500249875062e-05,0,0.00329835082458771,0.0225887056471764,0.0278860569715142,0,0,0,0,0.000199900049975012,0.324737631184408,0,0,0.0215892053973013,0,0,0,0,0,0,0.00199900049975012,0,0,0,0,0.00079960019990005,0,0.0109945027486257,0,0,0.0063968015992004,0.00329835082458771
0,0,0,0,0,0,0.000299640431482221,0,0,0.0027966440271674,0.0013983220135837,0,0.00109868158210148,0.000499400719137036,0.000299640431482221,0,0,0,0,0,0,0,0.000898921294446664,0,0,0.0106871753895326,0,0,9.98801438274071e-05,0,0,0,0,0,0,0,0.000199760287654814,9.98801438274071e-05,0.00389532560926888,0,0.00319616460247703,0,0.00169796244506592,0,0.000799041150619257,0,0,9.98801438274071e-05,0,0,0.00459448661606073,0,0,0.000599280862964443,9.98801438274071e-05,0,0,0,0,0.00938873351977627,0,0.000199760287654814,0.000499400719137036,0,0,0.0108869356771874,0.019876148621654,0.00129844186975629,0,0,0.000499400719137036,0,0.00129844186975629,0.00209748302037555,0,0,0,0.000299640431482221,0,0.00129844186975629,0,0.00589292848581702,0.0229724330803036,0,0,0.00918897323212145,0,9.98801438274071e-05,0.0013983220135837,0,0,9.98801438274071e-05,9.98801438274071e-05,0,9.98801438274071e-05,0,0,0,0,0,0,0,0,0,0.000998801438274071,0,0,0.00629244906112665,0.0118857371154614,0.000399520575309628,0,0,0,0,0,0,0,0.000499400719137036,0,0,0,0,0.000898921294446664,9.98801438274071e-05,0.000299640431482221,0.0572313224131043,0,0,0,0.0186775868957251,0,0,0,9.98801438274071e-05,0.00189772273272074,0,9.98801438274071e-05,0,0,0,0,0,0,0,0,0,0,0,0,0,0,0,0.00629244906112665,0,0.0134838194167,0,0,0,0,0.0183779464642429,0,0,0,0,9.98801438274071e-05,0,0,0,0,0,0,0,9.98801438274071e-05,0,0,0,0,0.0151817818617659,0.000499400719137036,0,0,0,0,0,0,0.000599280862964443,0,0,0,0,0,0.000199760287654814,0,9.98801438274071e-05,0,9.98801438274071e-05,0,0,0,0,0,0.000199760287654814,0,0.0525369556532161,0,0.00129844186975629,0,0.00159808230123851,0.000199760287654814,0.000399520575309628,0,0,9.98801438274071e-05,0,0,0.000599280862964443,0.00539352776667998,0.0129844186975629,0.0104874151018777,0.000199760287654814,0,0.00169796244506592,0,0.000599280862964443,9.98801438274071e-05,0,0,0,0.00369556532161406,0,0.00868957251298442,0,0,0.269976028765481,0,0,0.000199760287654814,0,0,0.00149820215741111,0,0,0,0,0.00938873351977627,0.0204754294846185,0,0,0,0,0.00599280862964443,0,0.000299640431482221,0,0.00069916100679185,0.000898921294446664,0,0,9.98801438274071e-05,0,0.000199760287654814,0,0,0,0,0,0.000299640431482221,0,0.00409508589692369,0.0268677586895725,0,0,0.0313623651618058,0,0,0,0,0.00069916100679185,0,0.176987614862165,0,0,0.025769077107471,0,0,0,0,0,0.00109868158210148,0.00379544546544147,0,0,0,0,0.0233719536556133,0.00169796244506592,0.00499400719137036,0,0,0.0131841789852177,0
0,0,0,0,0,0,0.000499400719137036,0,0,0,0.00339592489013184,0,0,0,0,0,0,0,0,0,0,0.0105872952457052,0.0013983220135837,0.000199760287654814,0,0.0632241310427487,0,0,0.000299640431482221,0,0.00389532560926888,0,0,0,0,0,0,0.00359568517778666,0,9.98801438274071e-05,0.00469436675988813,0,0,0,0.000499400719137036,0.0411506192568917,0,0,0,0,0,0,0,9.98801438274071e-05,0,0,0.000898921294446664,0.000399520575309628,0,0.00858969236915701,0,0.0163803435876948,0.00069916100679185,0,0,0.000499400719137036,0.000499400719137036,0.00159808230123851,9.98801438274071e-05,0.00479424690371554,0,0,0,0.0041949660407511,0,0,0,0,0.0013983220135837,0,0,0,9.98801438274071e-05,0,0,9.98801438274071e-05,0,0,0.000898921294446664,0,0,9.98801438274071e-05,0,0,0,0,0,0,0.00259688373951258,0,0,0,0,0,0,0,0,9.98801438274071e-05,0.0255693168198162,0.000299640431482221,0.00329604474630443,0,0,0,0,0,0,0,0,0.000299640431482221,0,0,0.00169796244506592,0,0,0,9.98801438274071e-05,0,0,0.114362764682381,0,0.00169796244506592,0,0,0,0,0,0,0,0,9.98801438274071e-05,0,0.000599280862964443,0,0,0,0,0,0,9.98801438274071e-05,0,0,0,0,0,0,0.000799041150619257,0,0,0.0176787854574511,0,0,0,0.251298441869756,0,0,0,0.00319616460247703,0,0,0,9.98801438274071e-05,9.98801438274071e-05,9.98801438274071e-05,0,0,0,0.00599280862964443,0.0101877746703955,0,0,9.98801438274071e-05,0,0,0,9.98801438274071e-05,0,0,0,0,0,0.00799041150619257,9.98801438274071e-05,0.000399520575309628,0,9.98801438274071e-05,0,0,0,0,0,0.000299640431482221,0,0,0.0850978825409509,0.000299640431482221,0,0,9.98801438274071e-05,0.000998801438274071,0,0,0,0,0.000799041150619257,9.98801438274071e-05,0.00219736316420296,0,9.98801438274071e-05,0,0.000898921294446664,0,0,0,0,0,0,0,0,0,0,0,0,0.0176787854574511,0,0,0,0,0,0,0,0,0,0,0,0,0,0,0,0,0,0,0,0,0,0,0,0,0,0,9.98801438274071e-05,0,0,0,0.000199760287654814,0,0,0,0,0.000199760287654814,0,0,0.0601278465840991,0,9.98801438274071e-05,0,0,0,0.000199760287654814,0.146723931282461,0,0,0.0452457051538154,0,0,0,0,0,9.98801438274071e-05,0,0.00379544546544147,0,0,0,9.98801438274071e-05,0,0,0,0,0.0105872952457052,0
0,0,0.00039984006397441,0,0.0199920031987205,0.00509796081567373,0,0,0,0.00469812075169932,0.00719712115153938,0,0,0,0.0428828468612555,0,0.0122950819672131,0,0,0,0,0.0101959216313475,0,0,0,0.016593362654938,0,0,0.00149940023990404,0.0173930427828868,0,0,0,0.000499800079968013,0,0,0.0125949620151939,0,0.0168932427029188,0,0.00589764094362255,0,0,0,0.00409836065573771,0.0175929628148741,0,0,0,0,0.0163934426229508,9.99600159936026e-05,0,0,0.00079968012794882,0,0,0,0,0.00639744102359056,0.00239904038384646,0.00809676129548181,0,0,0,0.00159936025589764,0.0076969212315074,0.00709716113554578,0,0.0177928828468613,0.00169932027189124,0,0,0,0,0,9.99600159936026e-05,0,0,0.0591763294682127,0,0.00159936025589764,0,0,0,0.000599760095961615,0,0,0,0,0,0,9.99600159936026e-05,0,0.00119952019192323,0,0,0,0,0,0,0.0138944422231108,0,0,0.000899640143942423,0,0,0.154338264694122,0.00629748100759696,0,0,0.00169932027189124,0,0,0,0,0,0,0.00189924030387845,9.99600159936026e-05,0,0,0.0131947221111555,9.99600159936026e-05,0.00289884046381447,0.00869652139144342,0,0,0,0.0984606157536985,0,0.0270891643342663,0,0,0,0,0.00299880047980808,0,9.99600159936026e-05,0,0.00629748100759696,9.99600159936026e-05,0.00039984006397441,0,0,0,0.00079968012794882,0,0,0,0.00109956017592963,0.00349860055977609,0,0,0,0,0,0,0,0.00279888044782087,0,0.000299880047980808,0,0,0,0,0,0,0,0,0,0,9.99600159936026e-05,0,0,0,0,0.0137944822071172,0,0,0,0,0,0,0,0,0,0,0,0,0,0.00139944022391044,0.00169932027189124,0,0,0,0.00129948020791683,0,0,0.000699720111955218,0,0,0,0.00039984006397441,0,0.000999600159936026,0,0,9.99600159936026e-05,0.00289884046381447,9.99600159936026e-05,0,0,0,0.000299880047980808,0,0.0256897241103559,0.000899640143942423,0.00289884046381447,0,0.00849660135945622,0.00149940023990404,0,0,0,0,0,0,0.00459816073570572,0,0,0,0,0.0217912834866054,0,0,0,0,9.99600159936026e-05,0.0118952419032387,0,0,0.00429828068772491,0,0.000199920031987205,0,0,0,0,0,0.0107956817273091,0,0,0,0,0.00149940023990404,0.00039984006397441,0,0,0.00989604158336665,0,0,0,0.00149940023990404,0.00239904038384646,9.99600159936026e-05,0,0,0.000599760095961615,0.00259896041583367,0,0,0.0208916433426629,0,0,0,0,0,0,0.153238704518193,0,0,0.00949620151939224,0,0,0,0,0,0,0.000499800079968013,0,0,0,0,0,0,0.00279888044782087,0,0,0.000499800079968013,0
0,0,0.00019974033756117,0,0,0,0.000299610506341756,0.00898831519025267,0,0.00449415759512634,0,0,0,0,0,0,0.00159792270048936,0,0,0,0,0.0382502746429641,0,0,0,9.98701687805852e-05,0.000299610506341756,0.000699091181464097,9.98701687805852e-05,0,0,0,0,0.00349545590732048,0,0,9.98701687805852e-05,0,0.00259662438829522,0,0.00239688405073405,0,0,0.00159792270048936,0.000699091181464097,0.0422450813941876,0,0,0,0,0.00359532607610107,0,0,0,0,0.000499350843902926,0,0,0,0.0153800059922101,0,0.00249675421951463,0,0,0,0.00129831219414761,0.0167781883551383,0,0,0.0207729951063617,0.000299610506341756,0,0.00249675421951463,0.00239688405073405,0,0,0,0,0,0.0161789673424548,0,0.00129831219414761,0,0,0,9.98701687805852e-05,0,0,0,0,0,0.00159792270048936,9.98701687805852e-05,0,0,0,9.98701687805852e-05,0,0,0.000299610506341756,0,0,0.000499350843902926,0,0,9.98701687805852e-05,0,0.217117746928992,0.00928792569659443,0,0,0,0,0,0,0,0,0,0.00998701687805852,9.98701687805852e-05,0.0120842904224508,0,0.00159792270048936,0,0.00918805552781384,0.0213722161190452,0,9.98701687805852e-05,0,0.10756017177669,0,0,0,9.98701687805852e-05,9.98701687805852e-05,0,9.98701687805852e-05,0,0,0,9.98701687805852e-05,0,0,0,0.00469389793268751,0,0.00019974033756117,0,0,0,0,0,0,9.98701687805852e-05,0,0,0,0,0.00279636472585639,0.0111854589034255,0,0,0,0,0,0,0,0,9.98701687805852e-05,0,0.000499350843902926,0,0,0,0,0,0.000299610506341756,0.0119844202536702,0.0394487166683312,0,0,0,0,0,0,0,0.000699091181464097,0,0,0,9.98701687805852e-05,0.00329571556975931,9.98701687805852e-05,0,0.00159792270048936,0,0,0.00019974033756117,0,0,0,0,0,9.98701687805852e-05,0,0.000399480675122341,0,0,0,0,9.98701687805852e-05,0,0,0,0.000499350843902926,0,0.00379506641366224,0.00639169080195746,0,0.000399480675122341,0.00649156097073804,0,0,0,0,0,0,0,0,0.000599221012683511,0.0053929891141516,9.98701687805852e-05,0,0.00848896434634975,0,0,0,0,0,9.98701687805852e-05,0,0,0,0,9.98701687805852e-05,0,9.98701687805852e-05,0,0,0,0,0.00019974033756117,0,0,0.000998701687805852,0,9.98701687805852e-05,0,0,0.000998701687805852,0.000399480675122341,0,0,9.98701687805852e-05,0,0,0,0,0,0.000299610506341756,0,0,0.00988714670927794,0,0,0,9.98701687805852e-05,0,0,0.215819434734845,0,0,0.0449415759512634,0,0,0,0,0,0.000898831519025267,0,0,0,0,9.98701687805852e-05,0,0,0.00019974033756117,0,0,0.0313592329971038,0
0.0023961661341853,0,0.00249600638977636,0,0.00489217252396166,0.00369408945686901,9.98402555910543e-05,0.0299520766773163,0,0.00339456869009585,0.00399361022364217,0,0.00139776357827476,0.00688897763578275,0.00279552715654952,0,0,9.98402555910543e-05,0,0,0.00908546325878594,0.0162739616613419,0,9.98402555910543e-05,0,0.0190694888178914,0,0,0.000199680511182109,0.00229632587859425,0.0125798722044728,0,0,0.00658945686900958,0,0,0.000299520766773163,0.000499201277955272,0.0058905750798722,0,0.00319488817891374,0,0,0.00269568690095847,0.00069888178913738,9.98402555910543e-05,0,9.98402555910543e-05,0,0,0.00788738019169329,0,0,0.000399361022364217,0.00229632587859425,0,0,0,0,0.00439297124600639,0.00519169329073482,0.00708865814696486,0.00169728434504792,0,0.0175718849840256,0,0.00848642172523962,0,0,0.00429313099041534,0.000199680511182109,0,0.000299520766773163,0.00479233226837061,0,0,9.98402555910543e-05,0,0,0.00119808306709265,0,0.0143769968051118,0.00129792332268371,0,0.0157747603833866,9.98402555910543e-05,0,0,0.00199680511182109,0.00648961661341853,0,9.98402555910543e-05,0.00209664536741214,0,0.000299520766773163,0.0108825878594249,0,0,0,9.98402555910543e-05,0,0,0,0,0.000998402555910543,0,0.00229632587859425,0.0314496805111821,0.00319488817891374,9.98402555910543e-05,0,0,0,0.0134784345047923,0.000399361022364217,0.00119808306709265,0.0167731629392971,0.000199680511182109,0.00169728434504792,0,0,0,0.00189696485623003,0,0.00129792332268371,0.0204672523961661,0,0,0,0.0727835463258786,0,0.0101837060702875,0,9.98402555910543e-05,9.98402555910543e-05,0,9.98402555910543e-05,0,9.98402555910543e-05,0,9.98402555910543e-05,0,0.00069888178913738,0,0,0,0.000399361022364217,0.00069888178913738,9.98402555910543e-05,9.98402555910543e-05,0.00119808306709265,0.00209664536741214,9.98402555910543e-05,0.000299520766773163,9.98402555910543e-05,0,0,0,0.00429313099041534,0.00529153354632588,0,0,0,0,0,0,0,0,9.98402555910543e-05,0,0.000399361022364217,0,0,0,0,0,0.000299520766773163,0.00778753993610224,0.0023961661341853,0,0,0,0,0,9.98402555910543e-05,0,0,0,0,0,0,0.0124800319488818,9.98402555910543e-05,9.98402555910543e-05,0,0,0,0.00309504792332268,0,0,0,0,0,9.98402555910543e-05,0,0.000299520766773163,0,0,9.98402555910543e-05,9.98402555910543e-05,0,0,0,0,0.0010982428115016,0,0.00319488817891374,0.0122803514376997,9.98402555910543e-05,0.000199680511182109,0.00519169329073482,0.00489217252396166,0,0,9.98402555910543e-05,0,0,0,0.0218650159744409,0,0.00828674121405751,0,0,0.0289536741214058,0,0.000599041533546326,9.98402555910543e-05,0,0,0.000199680511182109,0,0,0.00469249201277955,0,9.98402555910543e-05,9.98402555910543e-05,0,0,0,0,0.00189696485623003,9.98402555910543e-05,0.000599041533546326,0,0.000199680511182109,0.000299520766773163,9.98402555910543e-05,0,0.00189696485623003,0,0.000499201277955272,0,0,0.000399361022364217,0.000399361022364217,0,0,0,0,0.00529153354632588,0,0.00898562300319489,0.064297124600639,0.0400359424920128,9.98402555910543e-05,0,0.00259584664536741,0,9.98402555910543e-05,0.262080670926518,0,0,0.0281549520766773,0,0,0,0,0,0.0023961661341853,0.00269568690095847,0,0,0,0,0.000898562300319489,0,0.000299520766773163,0,0,0.000798722044728434,0
0,0.00109923053862296,9.9930048965724e-05,0,0,9.9930048965724e-05,0,0.00199860097931448,0,0,0,0,0,0,0.00199860097931448,0.000199860097931448,0,0,0,0,0.00199860097931448,0.00129909063655441,0,0.000199860097931448,0,0.0990306785250325,0,0,0.00519636254621765,9.9930048965724e-05,0,0,0,0,0,0,0,0,0,0,0,0,0.0466673328669931,0.0138902768062356,0,0.00409713200759468,0,0.000199860097931448,0,0,9.9930048965724e-05,0,0,0.000199860097931448,0.0049965024482862,0,0,0,0,0,0,0,0,0,0,0,0.0138902768062356,0,0,0,0.0179874088138303,0,0.000199860097931448,0.00269811132207455,0,0,0,9.9930048965724e-05,0,0,0,0.00129909063655441,0.0221844708703907,0,0,0.000299790146897172,0.00809433396622364,0,0,0.00159888078345158,0,0.00049965024482862,9.9930048965724e-05,0,0,9.9930048965724e-05,0.00479664235035475,0,0,0,0,0,0,0,0,0,0.0211851703807335,0.0196862196462476,0,0,0,0,0.0112920955331268,0.111921654841611,0,0,0,0,0.00049965024482862,0,0,0,0,0.000599580293794344,0.000399720195862896,0,0,0,0,0,0.00579594284001199,0,0,0,0,0,0.00049965024482862,0,0,0,9.9930048965724e-05,0,0,0,0,0,0.00909363445588088,0,0,0.00129909063655441,0.000799440391725792,0,0.00159888078345158,0.000299790146897172,9.9930048965724e-05,0,9.9930048965724e-05,0,0,0.00579594284001199,0,0.000399720195862896,0,0,0,0,0,0,9.9930048965724e-05,9.9930048965724e-05,0,0,0,0,0,0,9.9930048965724e-05,0.00429699210552613,0.00429699210552613,0,0,0,0,0,0.00099930048965724,0,9.9930048965724e-05,0,0,0,0,0.00519636254621765,0,0.000399720195862896,0,0.00199860097931448,0,0,0,0,0,0,0.0326771260117917,0.189267512741081,0,0.000199860097931448,0.000399720195862896,0,0,0,9.9930048965724e-05,0,0,0,0,0,0,0.0152892974917558,9.9930048965724e-05,0,0.00359748176276606,0.00379734186069751,0,0,0,0,0.0468671929649246,0,0,0,0.0020985310282802,0,0,0.0294793644448886,0,0,9.9930048965724e-05,0,0,0,9.9930048965724e-05,0,0,9.9930048965724e-05,0,0,0,0,0,0,0,0,0,0,0.0045967822524233,0.000599580293794344,9.9930048965724e-05,0,9.9930048965724e-05,0.0246827220945338,9.9930048965724e-05,0,0,0,0.0074947536724293,0,0.000699510342760068,0,0,0.0392725092435295,0,0.00099930048965724,0,0,0,9.9930048965724e-05,0,0,0,0.087238932747077,0,9.9930048965724e-05,0.0308783851304087,0,0,0.00329769161586889,0,0,0.000299790146897172,0.00419706205656041,0,0,0,0,0.00259818127310882,0.000699510342760068,0.000799440391725792,0,0,0.000599580293794344,0
0,9.9940035978413e-05,0.000199880071956826,9.9940035978413e-05,0.0144913052168699,0.00399760143913652,9.9940035978413e-05,0,0,0.0110933439936038,0.00189886068358985,0,0,0.0438736757945233,0.000799520287827304,0,0,0,0,0,0,0.0298820707575455,0,0,0,0.00479712172696382,0,0,9.9940035978413e-05,0,0,0,0,0,9.9940035978413e-05,0,0,0,0,0,0.00629622226664002,0,0,0,0.00369778133120128,0.000799520287827304,0,0,0,0,0.00289826104337398,0,0,0,0,0,0,0,0,0.00419748151109334,0.00759544273435938,0.000599640215870478,0.00109934039576254,0.00139916050369778,0,0,0.0128922646412153,0,9.9940035978413e-05,0.00449730161902858,9.9940035978413e-05,0,0.000299820107935239,0,0.0404757145712572,0,0,0,0,0.000299820107935239,0,0.00329802118728763,0,0,0,0,0,0,0,0,9.9940035978413e-05,9.9940035978413e-05,0,0,0,0,0,0,0,0,0,0.0329802118728763,0.00249850089946032,0.00279832100739556,0.00179892064761143,0,0.00469718169098541,0.00489706176294223,0.0022986208275035,0.00219868079152508,0.000299820107935239,0,0,0,0,0,0,0,0,0,0,0,0,0,0.000199880071956826,0.0377773335998401,9.9940035978413e-05,0.000299820107935239,0,0.227563461922846,0,9.9940035978413e-05,0,0,0.00179892064761143,0,0,0,0,0,0,0,0.000699580251848891,0,0.000299820107935239,0,0.000599640215870478,0.00149910053967619,0,0,0.000599640215870478,0,0,0,0,0,0,0,0,0.00179892064761143,0,0,0,0,0,0,0,0,9.9940035978413e-05,0,0.000799520287827304,0,0,0,0,0,0.000299820107935239,0,0.00319808115130921,9.9940035978413e-05,0,0,0,0,0.00299820107935239,0,0,0,0,0,0,0.0103937637417549,0,0,0,0,0,9.9940035978413e-05,0,0,0,0,0,0.00289826104337398,0,0.00389766140315811,0.000199880071956826,0,0,9.9940035978413e-05,0,0,0,0,0,0,0.00629622226664002,0.0030981411153308,0,0,0.000699580251848891,0.00209874075554667,0,0,0,0,0,0,0,9.9940035978413e-05,0.00139916050369778,0,0.000199880071956826,0.0626624025584649,0,0,0.000299820107935239,0,0,0.000199880071956826,0,0,0,0,0,0,9.9940035978413e-05,0,0,0,0,9.9940035978413e-05,0,0,0.000799520287827304,0.00919448331001399,0,0,0,0,0.000799520287827304,0,0,0.000199880071956826,0.000199880071956826,0,0,0,0.00239856086348191,0.119128522886268,0,0,0.0161902858285029,0,0,0,0,0,9.9940035978413e-05,0.208774735158905,0,0,0.00469718169098541,0,0,0,0,0.000299820107935239,0.000499700179892065,0.000899460323805717,0,0,0,0,0,0,0.000899460323805717,0,0,0.00249850089946032,0
0,0,0,9.99900009999e-05,0.0163983601639836,0,0,0,0,0,0.0075992400759924,0,0,0,0.0180981901809819,0,0,0,0,0,0,0,0,0,0,0.10978902109789,0,0,0,0,0,0,0,0,0,0,0,0,0,0,0.0048995100489951,0,0,0,0.0008999100089991,0.000999900009999,0,0,0,0,0,0,0,0.0006999300069993,0,0,0,0,0.0003999600039996,0.0002999700029997,0,0.0002999700029997,0,0,0,0.0001999800019998,0.0001999800019998,0.011998800119988,0,0.0185981401859814,0,0,0,0,0,0,0,0,0,0,0,0.0160983901609839,0,0,0,0,0,0,0,0,9.99900009999e-05,0,9.99900009999e-05,0,0.0091990800919908,0,0,0,0,0,0.0002999700029997,0,0,0,0.0045995400459954,0,0,9.99900009999e-05,0.0323967603239676,0.0015998400159984,0.0002999700029997,0,0,0,0,0,0,0,0.0023997600239976,0.0041995800419958,0,0,0,0,0,0.0537946205379462,0,0,0,0.194780521947805,0,0.0005999400059994,0,0,0,9.99900009999e-05,0.0105989401059894,0,0,0,0,0,0.0007999200079992,0,0,0,0,0,0,0,0.0005999400059994,0,0,0.0005999400059994,0,0,0,0,0,0.0076992300769923,0,0,0,0,0,0,0,0,0,0,0,0,0,0,0,0,0,0,0,0,0,0,0,9.99900009999e-05,0,0,0,0,0,0,0,0.0020997900209979,0,0,0,0,0,0,9.99900009999e-05,0,0,0,0,0,0,0,0,0,0,0,0,0,0.001999800019998,0,0,0,0.0081991800819918,0,0,0,0,0.0018998100189981,0,0,0,0.0004999500049995,0,0,0.0035996400359964,0,0,0,0,0.0100989901009899,0,0,0.0003999600039996,0,9.99900009999e-05,0,0,0,0.0101989801019898,0,9.99900009999e-05,0,0,0,0,0,9.99900009999e-05,0,0,0,0,0.0001999800019998,0.0001999800019998,0,0,0.0003999600039996,0,0,0,0,0,0,0,0,0.002999700029997,0.0506949305069493,0,0,0.226077392260774,0,0,0,0,0,0,0.133586641335866,0,0,0,0,0,0,0,9.99900009999e-05,0,0,0,0,0,0,0,0,0,0,0,0.0115988401159884,0.0021997800219978
0,0.0002000200020002,0,0,0,0,0.0007000700070007,0.0016001600160016,0,0,0,0,0.0003000300030003,0.0297029702970297,0.0104010401040104,0,0,0,0,0,0.0136013601360136,0.0021002100210021,0,0.0002000200020002,0,0,0,0,0.0032003200320032,0,0.0199019901990199,0,0,0.0035003500350035,0,0,0,0.001000100010001,0.0001000100010001,0,0,0,0,0.0024002400240024,0,0.0001000100010001,0,0,0,0,0.0001000100010001,0,0,0,0.0163016301630163,0,0,0,0,0.0132013201320132,0,0.0025002500250025,0,0,0,0,0.0019001900190019,0,0.0009000900090009,0.0001000100010001,0.0189018901890189,0.0004000400040004,0,0.0055005500550055,0,0,0,0,0,0.0083008300830083,0,0,0,0,0.0118011801180118,0.0001000100010001,0,0,0,0,0,0,0.0443044304430443,0.0003000300030003,0,0,0,0,0.0048004800480048,0,0,0,0,0,0.0008000800080008,0,0,0,0,0,0.0003000300030003,0,0,0.0089008900890089,0,0,0,0,0.0045004500450045,0.0001000100010001,0,0,0,0.0002000200020002,0.0158015801580158,0,0,0,0,0,0.0058005800580058,0.0281028102810281,0,0,0,0.0004000400040004,0.0052005200520052,0,0,0,0.0004000400040004,0,0,0,0,0,0.0002000200020002,0,0,0.0012001200120012,0.0002000200020002,0,0,0,0,0,0,0,0,0.0002000200020002,0,0,0,0,0,0,0.0001000100010001,0,0,0,0.0002000200020002,0,0,0,0,0,0,0.0004000400040004,0,0,0,0.0003000300030003,0,0,0,0,0,0,0,0,0,0.0039003900390039,0.0006000600060006,0,0,0,0,0.0001000100010001,0,0,0,0,0,0,0,0.0001000100010001,0,0,0,0,0.0078007800780078,0,0,0.0005000500050005,0,0,0.0038003800380038,0,0,0.0038003800380038,0.0065006500650065,0,0,0,0,0,0,0,0.023002300230023,0.0003000300030003,0,0,0,0.0273027302730273,0,0.0005000500050005,0.0002000200020002,0,0,0,0,0,0,0,0.0001000100010001,0,0,0,0,0,0,0,0.0011001100110011,0,0.0008000800080008,0.0001000100010001,0.0001000100010001,0,0,0.0004000400040004,0,0,0.0001000100010001,0.0002000200020002,0,0,0,0,0,0.089008900890089,0,0,0.112111211121112,0,0,0,0,0,0.0004000400040004,0.35003500350035,0.0003000300030003,0,0.0017001700170017,0,0,0,0,0,0.0005000500050005,0.0007000700070007,0,0,0,0,0.0713071307130713,0,0.0007000700070007,0,0.0001000100010001,0.0001000100010001,0
0,0,0,0,0.0297880847660936,0.00699720111955218,0,0,0,0.00429828068772491,0.014094362255098,0,0,0.00369852059176329,0,0,0,0,0,0,0,0.0133946421431427,0.00469812075169932,9.99600159936026e-05,0,0.0264894042383047,0,0,0,0,0,0,0,0,0,0,0,0.00279888044782087,0.00279888044782087,0,0,0,0,0.00259896041583367,0.000999600159936026,0.0281887245101959,0,0,0.000699720111955218,0,0.0514794082367053,0,0,0,0,0,0,0.000199920031987205,0,0.000899640143942423,0,0.00669732107157137,0,0,0,0,0.00479808076769292,0,0.000199920031987205,0,0,0,0.00169932027189124,0.000899640143942423,0,0,0,0,0.000699720111955218,0.0137944822071172,0,0.00469812075169932,0,0,0.00169932027189124,0.00499800079968013,0,9.99600159936026e-05,0,0,0,9.99600159936026e-05,9.99600159936026e-05,0,0,0,0,0,0,0,0,0,0,0,0,0,0,0,0.00179928028788485,0,0,0,0,0,0,0,0,0,0.00479808076769292,0,0,0,0.00299880047980808,0,0.0079968012794882,0.0110955617752899,0.000499800079968013,0,0,0.0990603758496601,0,0,0,0,0.00299880047980808,0.000599760095961615,9.99600159936026e-05,0,0,0,0.000599760095961615,0,0,0,0,0,0,0,0,0,0.000899640143942423,0,0,0,0,0,0,0,0,0.00689724110355858,0,0,0,0,0,9.99600159936026e-05,0,0,0,0,0,0,9.99600159936026e-05,0,0,0,0,0.0149940023990404,0.0252898840463814,0,0,0,0,0,0,0,0,0,0,0,0,0,0.000299880047980808,0,0,9.99600159936026e-05,0,0,0,0,0,0,0,0,0,0,0,0,0,0.00039984006397441,0,0,0,0,0.00039984006397441,0,0,0,0.00549780087964814,0,0.0037984806077569,0,0,0,0,0,0,0,0.0039984006397441,0,0,0,0,0.00839664134346262,0,0,0,0,9.99600159936026e-05,9.99600159936026e-05,0,0.00819672131147541,0,0,0,0,0,0,0,0,0.00549780087964814,0,0,0,0.000699720111955218,0.0123950419832067,0.000299880047980808,0,0,0.0172930827668932,0,0,0,0,0,0,0,0,0.0188924430227909,0.349760095961615,0,0,0,0.133946421431427,9.99600159936026e-05,0,0,0,0,0,0,0,0.00999600159936026,0,0,0,0,0,0.000999600159936026,0,0,0,0,0,0,0,0.00079968012794882,0,0,0.00249900039984006,0
0.00279608548032754,0,0.000199720391451967,0,0.0276612742160975,0.00279608548032754,0.000399440782903934,0,0,0.00559217096065508,0.00579189135210705,0,0,0.0295586179348912,0.000599161174355902,0,0,0,0,0,0,0.00379468743758738,0,0,0.00339524665468344,0.000699021370081885,0,0,9.98601957259836e-05,0,0.0054923107649291,0,0.000399440782903934,0.000199720391451967,0,0,9.98601957259836e-05,0.00109846215298582,0,0,0.00369482724186139,0,0,0,0.000699021370081885,0.00479328939484721,0,0.000199720391451967,0,0,0.00209706411024566,0,9.98601957259836e-05,0.000798881565807869,0,0,0,0,0,0.036748552027162,0,0.0224685440383463,0,0,0,0,0.00199720391451967,0,0,0,0.000699021370081885,0,0.000499300978629918,0,0,0,0.000399440782903934,0,0,0.0224685440383463,0.00149790293588975,0.0117835030956661,0,0,0,9.98601957259836e-05,0,0,0.00409426802476533,0.00179748352306771,0,0,0,0.00249650489314959,0,0,0,0,0,0,0,0.0105851807469543,0,0,0,0,0.0149790293588975,0.00109846215298582,0,0,0.00269622528460156,9.98601957259836e-05,0,0,0.000499300978629918,0,0.00109846215298582,0.00169762332734172,0,0,0.0227681246255243,0,0,0,9.98601957259836e-05,0.120231675654084,0,0,0,0.1471939285001,0,0.00689035350509287,0,9.98601957259836e-05,0.000998601957259836,0.000998601957259836,9.98601957259836e-05,0,9.98601957259836e-05,0,9.98601957259836e-05,0,0,0,0,0,0.000299580587177951,0,9.98601957259836e-05,0,0.00169762332734172,0.00149790293588975,0,0.00229678450169762,0,0,0,0,0,0.00559217096065508,0,0,0,0,0,0,9.98601957259836e-05,0,9.98601957259836e-05,0,0,0,0,0,0,0,0,0.0066906331136409,0.00738965448372279,0,0,0,0.000199720391451967,0,0.000599161174355902,0,0,0,0,0,0,0.00139804274016377,9.98601957259836e-05,0,0,0,0.00169762332734172,9.98601957259836e-05,0,0,0,0,0,9.98601957259836e-05,0.00319552626323148,0.000599161174355902,0,0,0,0,0,0,0,0,0,0,0.018573996405033,0.00938685839824246,0,0,0,0.00219692430597164,0,0.00808867585380467,0,0,0,0,0.00768923507090074,0,0.0107849011384062,0,9.98601957259836e-05,0.000499300978629918,0,0.000699021370081885,0.000199720391451967,0,0,0,0,0,0.0146794487717196,0,0,0,0,0,0,0,0.108448172558418,0.000199720391451967,0.00199720391451967,9.98601957259836e-05,0.000399440782903934,9.98601957259836e-05,9.98601957259836e-05,0,9.98601957259836e-05,0,0.000499300978629918,0,0,9.98601957259836e-05,0.00319552626323148,0,0,0.00449370880766926,0.00109846215298582,0.000998601957259836,0,0.00479328939484721,0.000798881565807869,0.000399440782903934,0,0,0.000499300978629918,0,0.000399440782903934,0.195725983622928,0.000199720391451967,0,0.00349510685040943,0,0,0.00109846215298582,0,0,0.0206710605152786,0,0,0,0,0,0.000399440782903934,0,0,0,0,0.000599161174355902,0
0,0,0.000299820107935239,0.000599640215870478,0.00649610233859684,0,0,0,0,0.004597241655007,0.00379772136717969,0,0,9.9940035978413e-05,0.0621627023785729,0,0,9.9940035978413e-05,0,0,9.9940035978413e-05,0.0388766739956026,0,0,0,0.00299820107935239,0.000899460323805717,0,0.000499700179892065,0,0,0,0,0.0149910053967619,9.9940035978413e-05,0.000599640215870478,9.9940035978413e-05,0.000499700179892065,0,0,0.00479712172696382,0,0,0.000599640215870478,0.00109934039576254,0.00179892064761143,0,0.000199880071956826,0,0,0,0.00209874075554667,0,0,0,0,0,0,0,0.0232860283829702,0,0.000299820107935239,0,0,0.000599640215870478,0.00139916050369778,0.00599640215870478,0.000699580251848891,0,0,0.000299820107935239,0,0,0.00109934039576254,9.9940035978413e-05,0,0,0,0,0.012092744353388,0,0.0232860283829702,0,0,0,0,0.00149910053967619,0,0.00209874075554667,0,9.9940035978413e-05,9.9940035978413e-05,0.000299820107935239,0,0.00379772136717969,0.000399760143913652,0,0,0,0,0.000299820107935239,0,0,0.000299820107935239,0.00199880071956826,0,0,0.0152908255046972,0.00329802118728763,0.00199880071956826,0.00349790125924445,0,0,0,0.000399760143913652,0,0,0,0.0223865680591645,0,0.0173895662602439,0.0121926843893664,0,0,0.00759544273435938,0.249450329802119,0,0,0,0.0571657005796522,0.00759544273435938,0.000199880071956826,0,9.9940035978413e-05,0,0,9.9940035978413e-05,0,0,0,0,0,0.00269838097141715,0,0.000299820107935239,0,0,0,0,9.9940035978413e-05,0.00189886068358985,0.000299820107935239,0.000399760143913652,0,0,0,0,0,0.000399760143913652,0.0022986208275035,0,0,0,0,0,0,0,0,0,0,0.00149910053967619,0,0,0,0,0,0,0,0.0112932240655607,0,9.9940035978413e-05,0,0,0,0,0,0,0,0.000399760143913652,0,0,0.00479712172696382,0.000199880071956826,0,0.00289826104337398,0,0,0.000199880071956826,0.000199880071956826,0,0,0,0,0.0124925044973016,0,0.0531680991405157,0,0,0,0,0,0,9.9940035978413e-05,0,0.000199880071956826,0,0.0121926843893664,9.9940035978413e-05,0,0,0,0.000199880071956826,0.0105936438137118,0.000999400359784129,0,0,0,0,0.00199880071956826,0.000399760143913652,0.00789526284229462,0,0,0.0376773935638617,0,0,0.000299820107935239,0,0,0,0,0,0,0,0,0.0336797921247252,0,9.9940035978413e-05,0,0,9.9940035978413e-05,0.000299820107935239,0,0,0,0,0.00589646212272636,0,0.000399760143913652,0.00259844093543874,0.000199880071956826,0.00159904057565461,0,0,0,0,0.000499700179892065,0.000199880071956826,0,0.0398760743553868,0,0,0.0216869878073156,0,0,0,0,0,0.000299820107935239,0.000199880071956826,0,0,0.0764541275234859,0,0,0,0,0,9.9940035978413e-05,0.00359784129522287,0,0,0,0,0,0,0,0.000499700179892065,0,0.0162902258644813,0
0.0004995004995005,0,0,0,0.0143856143856144,0.00669330669330669,0,0,0,0.00939060939060939,0.00999000999000999,0.0277722277722278,0.00679320679320679,0.0002997002997003,0.0024975024975025,0,0,0,0,0,0.0001998001998002,0.0010989010989011,0.00719280719280719,0,0.0016983016983017,0.0211788211788212,0,0.0034965034965035,0.0017982017982018,0.00799200799200799,0.0046953046953047,0,0.0001998001998002,0.0001998001998002,0,0,0,0.0145854145854146,0.0023976023976024,0,0,0,0,9.99000999000999e-05,0.0037962037962038,0.0004995004995005,9.99000999000999e-05,0,0,0,0.0163836163836164,0,0,0.0004995004995005,9.99000999000999e-05,0,0,0,0,0.00799200799200799,0.0114885114885115,0,0,0,0,0.000899100899100899,0.0050949050949051,0,0,0.0030969030969031,0,0,0.00919080919080919,0.003996003996004,0,0,0,0,0,0.0036963036963037,0,0.0036963036963037,0.0120879120879121,0,0.0207792207792208,0,0.000699300699300699,0,0,0,0,0,0,0,0.0043956043956044,0,0,0,0.000899100899100899,0,0,0,0,0,0.000999000999000999,0,9.99000999000999e-05,0.0122877122877123,0.0022977022977023,0.000799200799200799,0.0002997002997003,0.000899100899100899,0,0.0036963036963037,0.0001998001998002,0,0,0.000599400599400599,0.0025974025974026,0,0.0340659340659341,0,0.0033966033966034,0,0.0002997002997003,0.0316683316683317,0,0,0,0.126873126873127,0.0200799200799201,0.0001998001998002,0,0,0.0011988011988012,0,9.99000999000999e-05,0,0,0,9.99000999000999e-05,0,0.0020979020979021,0,0,0,0.000799200799200799,0.0011988011988012,0,0,0.0002997002997003,0,0,0.000799200799200799,0,0,0,0,0.000999000999000999,0.0018981018981019,0,0,0,9.99000999000999e-05,0,0,0,0,0,0,9.99000999000999e-05,0,0,0,0,0,0,0.0002997002997003,0.0031968031968032,0.0002997002997003,0,0,0,0,0.0002997002997003,0,0,0,0,0,0,0.0121878121878122,9.99000999000999e-05,0,0,0,0,0,0,0,0,0,0,0,0,0.00819180819180819,0.0001998001998002,0,0,0,0,0,0,0,0,0.0010989010989011,0.0001998001998002,0.000999000999000999,0.0146853146853147,0,0,0,0,0,0,0,0.00839160839160839,0,0.0002997002997003,0,0.00639360639360639,0,0,0.001998001998002,0,0,0.000599400599400599,0,0,0.0004995004995005,0.0003996003996004,0,0,0,0,0,0,0,0,0,0.0183816183816184,9.99000999000999e-05,0.0002997002997003,0,0.0002997002997003,0.0001998001998002,0,0.0001998001998002,0.0004995004995005,0.0004995004995005,0.0001998001998002,0,0,0.0002997002997003,0,0,0,0,0.0002997002997003,0.0100899100899101,0,0.002997002997003,0.0015984015984016,0,0,0,0,0.0002997002997003,9.99000999000999e-05,0.368631368631369,0,0,0.0046953046953047,0,0,0,0,0,0,0,0,0.018981018981019,0,0,9.99000999000999e-05,0,0.0004995004995005,0,0,0.0047952047952048,0
0.000400080016003201,0.0001000200040008,0,0,0,0.00570114022804561,0,0,0,0.0116023204640928,0.00250050010002,0,0,0,0.0027005401080216,0,0.0237047409481896,0,0.014002800560112,0,0,0.0103020604120824,0.00600120024004801,0,0,0.00590118023604721,0,0,0.000400080016003201,0,0,0,0,0.00420084016803361,0,0,0,0,0,0,0.00690138027605521,0,0,0,0,0.00660132026405281,0,0,0,0.0001000200040008,0,0,0,0.001000200040008,0,0,0,0,0,0.00900180036007201,0,0.00630126025205041,0.0021004200840168,0,0,0,0.0019003800760152,0.011002200440088,0,0.0232046409281856,0,0,0,0,0,0,0,0,0,0.0132026405281056,0,0,0,0,0,0,0.0369073814762953,0,0,0,0,0,0,0,0.0023004600920184,0,0,0,0,0,0,0.0383076615323065,0,0,0.00400080016003201,0,0,0.0001000200040008,0.00880176035207041,0,0.0018003600720144,0,0,0,0,0,0,0,0.00410082016403281,0,0,0,0.00430086017203441,0,0.0002000400080016,0.222044408881776,0,0,0,0.156831366273255,0.00660132026405281,0.0002000400080016,0,0,0,0,0,0,0,0,0.0001000200040008,0,0.0018003600720144,0,0,0,0.0001000200040008,0,0,0,0.0001000200040008,0,0,0,0,0,0,0,0,0,0,0,0,0,0,0,0,0,0,0.0001000200040008,0.0011002200440088,0,0.0001000200040008,0,0,0,0,0.0001000200040008,0.0274054810962192,0,0,0,0,0,0,0.00430086017203441,0,0,0,0,0,0.00450090018003601,0.0001000200040008,0.0002000400080016,0,0,0,0,0,0,0,0,0,0,0,0.00770154030806161,0.000800160032006401,0,0.0001000200040008,0,0,0,0,0,0,0,0,0,0,0.0014002800560112,0.0001000200040008,0,0,0,0,0,0,0.0407081416283257,0,0,0.0002000400080016,0,0,0.00540108021604321,0,0,0.000700140028005601,0.0012002400480096,0,0,0,0,0,0,0,0,0,0,0,0,0,0,0,0,0,0.017003400680136,0.0016003200640128,0,0.000700140028005601,0.00740148029605921,0,0,0,0.000400080016003201,0,0.0002000400080016,0,0,0.0316063212642528,0.165233046609322,0,0.0017003400680136,0.0024004800960192,0,0,0,0,0.0002000400080016,0,0.0011002200440088,0,0.000900180036007201,0.014502900580116,0,0,0,0,0,0,0.0003000600120024,0,0,0,0,0.0001000200040008,0,0.000800160032006401,0,0,0.0002000400080016,0
0,0,0,0,0,0,0,0,0,0,9.99700089973008e-05,0,0,0.00879736079176247,0.000699790062981106,0.000199940017994602,0,0,9.99700089973008e-05,0,0.00209937018894332,0.00859742077376787,0,0.000799760071978406,9.99700089973008e-05,0,0,0,0,0.00139958012596221,0.0180945716285114,0,9.99700089973008e-05,0,0,0,0.00459862041387584,0.0104968509447166,0,0,0,9.99700089973008e-05,0,0.00409877036888933,0,0,0,0.000399880035989203,0,0,0.000199940017994602,0,0,0,0,0,0,0,0,0.02259322203339,0,0,0,9.99700089973008e-05,0,0,0.00139958012596221,0,0.000299910026991902,0,0.00349895031490553,0,0,0,0,0.0375887233829851,0,0,0,0.00869739078276517,0,0.000399880035989203,0,0,0.00119964010796761,0,0,0.00169949015295411,0,0.00389883035089473,0,0.00149955013495951,0.0105968209537139,0,0,0,0,0,0,0,0,0,0,9.99700089973008e-05,0,0,0,0.391182645206438,0,0,0,0,0,0.00429871038688393,0.000399880035989203,0,0,0.00699790062981106,0.00149955013495951,0,0,0,0,9.99700089973008e-05,0.00579826052184345,0,0,0,0,0.00239928021593522,0,0.0136958912326302,0.000199940017994602,0,9.99700089973008e-05,0,0.00169949015295411,0,0,0,0.0822753174047786,0,9.99700089973008e-05,0,0.0125962211336599,0,0.00359892032390283,9.99700089973008e-05,9.99700089973008e-05,0,0.000599820053983805,0,0,0.000599820053983805,0,0,0,0,0.000199940017994602,0,0,0.000399880035989203,0,0,0,9.99700089973008e-05,0,0,0,0,0,0,0,0,0,0,0,0,0.0104968509447166,9.99700089973008e-05,0,0,0,0,0.00109967009897031,0,0,0,0,0,0,0.00289913026092172,0,0,9.99700089973008e-05,0,9.99700089973008e-05,9.99700089973008e-05,0,0,0,0,0,0.018594421673498,0,0.00389883035089473,0,0,0,0,0,0,0,0,0,0,0.0595821253623913,0.00429871038688393,0.0498850344896531,0,0.00579826052184345,0.00249925022493252,0,0,0,0,0,0,0,0,0,0,0,0.027591722483255,0,0,0,0,0,0.00119964010796761,0,0,0,0,0,0,0.000999700089973008,9.99700089973008e-05,0.000199940017994602,0,0,0.000799760071978406,0.00469859042287314,9.99700089973008e-05,0.00109967009897031,0,0.0129961011696491,0.000199940017994602,0.000999700089973008,0,0,0,0.000399880035989203,0,0,0,0,0,0.000399880035989203,0.00149955013495951,0,0,0,0,0,0,0.0775767269819054,0,0.000999700089973008,0,9.99700089973008e-05,0,0.0111966410076977,0,0,0,0,0.000499850044986504,0.00879736079176247,0,0,0,9.99700089973008e-05,0,0,0.000199940017994602,0,0,0,0.00419874037788663,0
0,0.0013,0,0.0011,0,0.0071,0.007,0,0,0.0094,0.006,0,0,0,0.0283,0,0,0,0.0193,0,0,0.0397,0.0103,4e-04,0,0.0303,0,0,3e-04,0,0.0024,0,0.0036,0.0066,0,0,0,1e-04,0.0068,0,0.0137,0,0,0,0.0132,0,0,0,0,0,0.0097,0,0,0,0,0,0,0,0,0,0,0.0078,0,0,0,0,0.0038,0.0081,2e-04,0,4e-04,0,0.001,0.0431,0,0,3e-04,0,0,0.0016,0,0.0055,0,0,0,0,0,1e-04,0,0,0,1e-04,1e-04,0.0014,0,0,0,0,0,0,0,0,0,0,0.0031,0,0,0.0015,0,0,0,0,0,0,5e-04,0,0,6e-04,0,1e-04,0,0,0.0054,0,0,0,4e-04,0,0,0.0622,0,0,0,0,0,0.0025,1e-04,0,0,0,0.0011,0,0.0053,0,0,0,1e-04,0,0,0,0.0019,0,0,0,0,0,0,0,0,0.0472,0,0,0,0,0,0,0,0,0,0,0,0,0,0,0,0,1e-04,0.0163,0.0029,1e-04,0,1e-04,0,0,0,1e-04,0,0,0,0,0,0.0249,3e-04,0.0013,0,0,0,0,0,0,0,0,0,0,0.0944,0.0374,0,0,0,2e-04,0,0,0,0,0,1e-04,0.0145,0,0.0075,0,0,0,0,0,0,0,0,0,0.0076,0,0,0,0,0.014,0,0,3e-04,0,0,0,0,0,0,0,0,0,0,0,0,0.0042,0,2e-04,0,0,9e-04,0,0,0,0,0,0,0,0,0,0.0017,0,0,0,0,0.004,0,0,0.0693,0,0,0,0,0,0.0031,0.2134,0,0,0.0393,5e-04,0,0,0,1e-04,0,0,0,0,0,0,0.0027,4e-04,0.0016,0,0,0.0144,0
0.00329901029691093,0,0,0,0,0,0.00169949015295411,0,0,0,0,0,0,0,0,0,9.99700089973008e-05,0,0,0,0,0.00659802059382185,0,0.000499850044986504,0,0,0,0,0.0146955913226032,0.00139958012596221,0.000299910026991902,0,0,0.00699790062981106,0,0,0,0,0,0,0,0,0,0.0115965210436869,0,0,0,0.000599820053983805,0,0,0,0,0,0.000699790062981106,0,0,0,0,0,0.0722783165050485,9.99700089973008e-05,0,0,0,0,0,0,0,0,0.00879736079176247,0,0,0,0.00179946016195141,0,0,0,0,0,0,0,0,0.00779766070178946,0.000299910026991902,0,0.000199940017994602,0,0,0,0,0,0.000699790062981106,0.00269919024292712,0,0,0,0,0,0,0,0,9.99700089973008e-05,0,0,0,0,0.0224932520243927,0.509847045886234,0,0,0.00109967009897031,0,0.000999700089973008,0,0,0.00649805058482455,0,0,0,9.99700089973008e-05,0,0,0,0,0.000599820053983805,0,0.00749775067479756,0,0.000299910026991902,0,0.000799760071978406,0,0,0,0,0,9.99700089973008e-05,0,0,0,0,0,0,0,0,0,0.00369889033290013,0.000499850044986504,0,0,0,0,0,0,0,0,0,0,0,0.00499850044986504,0,0,0,0,0,0,0,0,0,0,0.000399880035989203,0,0,0,0,0.00489853044086774,0.000699790062981106,0.020593821853444,0.0231930420873738,0,0,0,0,0,0.00409877036888933,9.99700089973008e-05,0,0,0,0,0.00129961011696491,0.00589823053084075,0,0.000899730080975707,0,0,0,0,0,0,0,0.000699790062981106,0,0.000699790062981106,0,0,0.000199940017994602,0,0,0,9.99700089973008e-05,0,0,0,0,9.99700089973008e-05,0,0.00629811056682995,0,0,0.0361891432570229,0,0,0.000599820053983805,0,0,0,0,0.00229931020693792,0,0.0237928621413576,9.99700089973008e-05,0,0.00739778066580026,0,0,0,0,0,0,0,0,0.00819754073777867,0,9.99700089973008e-05,9.99700089973008e-05,0,0,0,0,0,0.000899730080975707,0,0,0,0.00279916025192442,0,0,0,0,0,0,0,0.000499850044986504,0,0,0.00309907027891633,0,0.000499850044986504,0.000199940017994602,0,0,0.00939718084574628,0,0.000899730080975707,0,0,0,0,0.108367489753074,0,0,0.0117964610616815,0,0,0,0,0,0,0.000899730080975707,0,0,0,0,0.000699790062981106,0,0.00359892032390283,0,0,0.00459862041387584,0
0,0,9.99000999000999e-05,0,0,9.99000999000999e-05,0,0.0001998001998002,0,0,9.99000999000999e-05,9.99000999000999e-05,0,0,0.0002997002997003,0,0,9.99000999000999e-05,9.99000999000999e-05,0,9.99000999000999e-05,0.0001998001998002,0,0,0,0.167032967032967,0,0,0.000999000999000999,0.0001998001998002,0.0043956043956044,0,0,0.0136863136863137,0,0,0.000599400599400599,0.000599400599400599,0.002997002997003,0,0,9.99000999000999e-05,0,0.0041958041958042,0,0.0003996003996004,0.0106893106893107,9.99000999000999e-05,0,0,9.99000999000999e-05,0,0,0.0001998001998002,0.0002997002997003,9.99000999000999e-05,0,0,0,9.99000999000999e-05,9.99000999000999e-05,0.000699300699300699,0,0,0,0,0.0044955044955045,0,0.0001998001998002,0,0.000699300699300699,9.99000999000999e-05,0,0.0002997002997003,0,0,0,0,0,9.99000999000999e-05,9.99000999000999e-05,0.0011988011988012,0.00899100899100899,0,0.0002997002997003,0,0,0,0,0.0014985014985015,0,0.0001998001998002,0.0042957042957043,0,0,0,0,0,0.00599400599400599,0,0,0,0,0,9.99000999000999e-05,0,0,0.0809190809190809,0,0,0,0,0,0.115184815184815,0,0.0028971028971029,0,0,0.0010989010989011,0,0,0.000999000999000999,0,0.0014985014985015,0.0033966033966034,0.0036963036963037,0,0,0.0001998001998002,0,0.0012987012987013,0.00559440559440559,0,0,0,0,0.0001998001998002,0,0,0,0.0001998001998002,0,0,0,0.0155844155844156,0,0,0.0001998001998002,0,0,0.000599400599400599,0.0013986013986014,0,0.000599400599400599,0,0,0,0,0,0.0101898101898102,0,0,0,0,0,0,0,0,0,0.0003996003996004,9.99000999000999e-05,0,0,0,0,0,0.0003996003996004,9.99000999000999e-05,0.001998001998002,0,0.000799200799200799,0,0,0,9.99000999000999e-05,0,0,0,0,0,0,0.0040959040959041,0,0,0.000999000999000999,0,0,9.99000999000999e-05,0,0,0.000999000999000999,0,0,0.00809190809190809,0,9.99000999000999e-05,0.0001998001998002,0,0,0,0,0,0,0.000799200799200799,0.000699300699300699,9.99000999000999e-05,0.0024975024975025,0.001998001998002,9.99000999000999e-05,0.0002997002997003,0.0038961038961039,0.0016983016983017,0,0,9.99000999000999e-05,0,0.00669330669330669,0,0.0032967032967033,0.0002997002997003,0.002997002997003,9.99000999000999e-05,0,0.10959040959041,0,9.99000999000999e-05,9.99000999000999e-05,0,0,0,9.99000999000999e-05,0,0,0,0,0,0,0,0,0,0,0.0001998001998002,9.99000999000999e-05,0,9.99000999000999e-05,9.99000999000999e-05,0,0,0.000599400599400599,0.000899100899100899,9.99000999000999e-05,0,0,9.99000999000999e-05,0,0.0003996003996004,0,0,0,0.000799200799200799,0.0001998001998002,0.0003996003996004,0.0817182817182817,0,0,0,9.99000999000999e-05,0,9.99000999000999e-05,0.265134865134865,9.99000999000999e-05,0,0.0050949050949051,0,0,0,0,0,9.99000999000999e-05,0.0002997002997003,0,0,0,0,0.0045954045954046,0,0,0,0,0.0014985014985015,0
0,0,0,0.0021995600879824,0,0,0,0,0,0,0,0,0,0,0.00699860027994401,0.0011997600479904,0,0,0,0,0.0002999400119976,0.0015996800639872,0,0,0,0.224355128974205,0,0,0.0113977204559088,0,0,0.0138972205558888,0.000399920015996801,0,0,0,0.00399920015996801,0.0106978604279144,0,0,0,0,0,0.000699860027994401,0,0.00449910017996401,0,0,0,0,0,0,0,0,0,0,0,0,0.000399920015996801,0,0,0.000699860027994401,0,0,0,0,0.0363927214557089,0,0,0,0,0,0,0,0.0585882823435313,0,0,0,0,0.0018996200759848,0,9.99800039992002e-05,0,0,0,0,0,0,0,0,0,0.0186962607478504,0,0,0,0,0,0,0.000899820035992801,0,0,0,0,0,0,0,0,0.0720855828834233,0,0.0020995800839832,0,0,0,0,0,0,0,0,0.0018996200759848,0,0,0,0.0123975204959008,0.00519896020795841,0.0262947410517896,0,0.00659868026394721,0,0,0,0,0.0001999600079984,0,0,0,0,0,0,0,9.99800039992002e-05,0.00649870025994801,0,0,9.99800039992002e-05,0,0,0.000899820035992801,0.0001999600079984,0,0,0,0.0001999600079984,9.99800039992002e-05,0,0,0,0,0,0,0.002999400119976,0.00449910017996401,0,0,0,0,0,0,0,9.99800039992002e-05,0,0,0,0.000799840031993601,0,0,9.99800039992002e-05,0,0.0002999400119976,0,0,0,0,0,9.99800039992002e-05,0,0,0,0,0,0,9.99800039992002e-05,0.00399920015996801,0,0,0,0.0015996800639872,0,0,0,0,0,0,0,0.012997400519896,0.194661067786443,0.00799840031993601,0,0,0,0,0,0.00529894021195761,0,0,0.001999600079984,0,0.00929814037192562,0,0,0,0.002999400119976,0,0,0,0,0,0,0,0,0,0.001499700059988,9.99800039992002e-05,0,0.0864827034593081,0,0,0,0,0,0,0,0,0,0,0,0,0,0,0,0,9.99800039992002e-05,0,0,0,0,0.0101979604079184,0.000999800039992002,0,0,0,0,0,0,0,0,0,0,0,0,0.0646870625874825,0,0,0,0,0,0,0,0,0,9.99800039992002e-05,0,0,0.0256948610277944,0,0,0,0,0,0.0010997800439912,0,0.00849830033993201,0,0,0,0.0102979404119176,0.0002999400119976,0,0.0001999600079984,0,0.00509898020395921,0
0,0,9.99600159936026e-05,0,0,0,0.00179928028788485,0,0,0,0,0,0,9.99600159936026e-05,0.00519792083166733,0,0,0,0,0,0,9.99600159936026e-05,0,0,0,0.00039984006397441,0,0,0,0,0.0436825269892043,0,0,0.000999600159936026,0.000899640143942423,0,0,0,0,0,0,0,0,0,0,0.000499800079968013,0,9.99600159936026e-05,0,0,0,0,0,0,0,0.000199920031987205,0,0,0,0,0,0.00079968012794882,0,9.99600159936026e-05,0,0,0.0205917632946821,0,0,0,9.99600159936026e-05,0,0,0,0,0,0,0,0,0.00109956017592963,0,0.00169932027189124,0,0,0,0,0.000299880047980808,0,0,0.000199920031987205,0.000499800079968013,0.00959616153538585,0,0,0,0,0,0,0.000599760095961615,0,0,0,0,0.00219912035185926,9.99600159936026e-05,0,0,0.58156737305078,0,0,0,0,0,0.00249900039984006,0,0.000199920031987205,0,0,0,0,0,0.000699720111955218,0,0,0.000599760095961615,0.00739704118352659,0,0,9.99600159936026e-05,0,0.000699720111955218,0,0.0102958816473411,0,0,0,0.00239904038384646,0,0,0,0,0,0,0,0,0,0.00219912035185926,0,0,0,9.99600159936026e-05,0,0,0.00169932027189124,9.99600159936026e-05,0,0,0,0.00109956017592963,9.99600159936026e-05,0,0,0,0,0,0,0,0,0.000199920031987205,0,0,0,0,0,0,0,0,0,0.0455817672930828,0,0,0,0,0,0,0,0,0,0,0,0,0,0,0,0,0,0,0,0,0,0,0,0,0,0,0.00149940023990404,0,0,9.99600159936026e-05,0,0,0,0.000699720111955218,0,0,0,0.0102958816473411,0.000599760095961615,0,0.00039984006397441,0,0.00479808076769292,0,0.0117952818872451,0.000299880047980808,0,0,0,0.000899640143942423,0,9.99600159936026e-05,0,0,0.0354858056777289,0,0,0.000199920031987205,0,0,0,0,0,0.00639744102359056,0,0,0.00319872051179528,0,0,0,0,0,0,0,0,0.00039984006397441,0,0.000199920031987205,0,9.99600159936026e-05,0,0.000199920031987205,0,0,0,0,0,0,0,0.00819672131147541,0,0,0,0.0133946421431427,0,0,0,0,0,0,0.1484406237505,0,0,9.99600159936026e-05,0,0,0,0,0.000299880047980808,0.00039984006397441,0.00079968012794882,0,0,0,0,0,0,0.00119952019192323,0,0,0,0
0,0,0,0,0,0,9.99800039992002e-05,0,0,0,0,0,0,0,0,0,0,0,0,0,0,0,0.0017996400719856,0.0001999600079984,0,0.0185962807438512,0,0,0.0010997800439912,0,0,0.0001999600079984,0,0,0,0,0,0,0,0,0.00719856028794241,0,0,0,0.00819836032793441,0,0,0,0,0,0,0,0,0,0,0,0,0,0,0,0,0,0.0010997800439912,0,9.99800039992002e-05,0,0.0148970205958808,0,0,0,0,0,0,0,0,0,0,0,0,0,0,0,0,0,0,0,0,0,0.0015996800639872,0,0,0,0.0022995400919816,0,0,0.0015996800639872,0,0,0,0,0,0,0,0,0,0,0,0.014497100579884,0.00449910017996401,0,0,0,0,0,0,0,0,0,0,0,0,0,0.002999400119976,0,0.000699860027994401,0.0185962807438512,0,0,0,0.130673865226955,0,0,0,0,0.000499900019996001,0,0,0,0,0,0,0,0.000599880023995201,0,0,0,0,0,0,0,9.99800039992002e-05,0,0,0,0,0,0,0,0,0,0,0,0,0,0,0,0,0,0,0,0,0.002999400119976,0,0,0,0,0,0,0,0,0,0,0,0,0,0,0,0,0,0,0,0.0012997400519896,9.99800039992002e-05,0,0,0.002999400119976,0,0,0,0,0,0,0,0,0.0381923615276945,0,0,0,0,0,0,0,0,0,0,0,0,0,0,0,0,0,0,0,0,0,0,0,0,0,0,0,0,0.343431313737253,0,0,0,0,0,0,0,0,0,0,0,0,0,0,0,0,0,0,0,9.99800039992002e-05,0,0,0,0,0,0,0,0,0,0,0,0,0,0,0,0.0586882623475305,0,0,0.0315936812637473,0,0,0,0,0,0,0.283643271345731,0,0,0,0,0,0,0,0,0,0,0,0,0,0,0.00479904019196161,0,0,0,0,0,0
0,0,0.000899640143942423,0,0.00509796081567373,0,0,0,0,0.00599760095961615,0.00669732107157137,0,0,0.00129948020791683,0.00439824070371851,0,0,0,0,0.00699720111955218,0,0,0,0,0,0.00319872051179528,0,0,0.000199920031987205,0,0.00229908036785286,0,0,0.00439824070371851,0,0,0,0.00249900039984006,0,0,0.0076969212315074,0,0,0,0.00079968012794882,0,0,0.000499800079968013,0,0,0.00209916033586565,0,0,0.000299880047980808,0.000899640143942423,0,0,0,9.99600159936026e-05,0.00529788084766094,0.00759696121551379,0.0125949620151939,0.00119952019192323,0,0,0.00109956017592963,0.000699720111955218,0.00909636145541783,0,0.00569772091163535,0,0,0,0.00489804078368653,0,0,0,0,0,0.00149940023990404,0,0.0164934026389444,0,0,0,0,9.99600159936026e-05,0,0.00129948020791683,0,0,0.00109956017592963,0,0,0.000899640143942423,0,0,0,0,0,9.99600159936026e-05,0,0,0,0.0039984006397441,0,0.00109956017592963,0.047281087564974,0.00809676129548181,0.00129948020791683,0,0,0,0,0,0,0,0.00929628148740504,0,0,0,0.0175929628148741,0,0,0,0.190023990403838,0,0,0,0.0985605757696921,0,9.99600159936026e-05,0,9.99600159936026e-05,0,0,9.99600159936026e-05,0,0,0,0,0,0.000599760095961615,0,0,0,0,0,0,0,0.00039984006397441,0.00359856057576969,0,0,0,0,0,0,0.000899640143942423,0.00129948020791683,0,0,0,0,0,0,0,0,0,0,0,0,0,0,0,0,0.000499800079968013,0,0.0494802079168333,0.000599760095961615,0,0,0,0,0,0,0,0,0,0,0.000299880047980808,0.00249900039984006,0,0,0,0,0,9.99600159936026e-05,0,0,0,0,9.99600159936026e-05,0,0,0.00679728108756497,0.000999600159936026,0,0,0,0.000899640143942423,0,0,0,0,0,0.00419832067173131,0.00129948020791683,0.040983606557377,0.00039984006397441,0.0421831267493003,0.00179928028788485,0,0,0,0,0,0,0,0.00079968012794882,0.00599760095961615,0,0,0.0139944022391044,0,0,0,0,9.99600159936026e-05,0.00479808076769292,0,0,0,0,0,0.00499800079968013,0,0,0,0,0,0,0,0,0,0,0.00139944022391044,0,9.99600159936026e-05,0,0.000199920031987205,0,0,0,0,0,0,0,0.000599760095961615,0.0390843662534986,0.00039984006397441,0,0.162235105957617,0,0,9.99600159936026e-05,0,0,0.000499800079968013,0.0698720511795282,0,0,0.0199920031987205,0,0,0,0,0,0.000199920031987205,0,0,0,0,0,0,0.00039984006397441,0,0.00039984006397441,0,0.0102958816473411,0
0,0,0,0,0,0,0,0.0040959040959041,0,0,0,0.0002997002997003,0,0,0.000599400599400599,0,0.0001998001998002,0,0,0,0.000799200799200799,0.0002997002997003,0,0,9.99000999000999e-05,0,0,0,0,0,0.0671328671328671,0,0.00599400599400599,0.0025974025974026,0,0,0.000899100899100899,0.0144855144855145,9.99000999000999e-05,0,0,0,0,0.0015984015984016,0,0.0311688311688312,0,0,0,0,0,0,0,0,0.000799200799200799,0,0,0,0,0,0,0,0,0,0,0,0.00519480519480519,0,0,0.0003996003996004,0.000799200799200799,0,0,0.0011988011988012,0,0,0,0,0,0.00619380619380619,0,0,0,0,0.0047952047952048,0,0,0,0,0.0002997002997003,0.0192807192807193,0,0,0,0,0,0,0,0.000699300699300699,0.0024975024975025,0,0,0,0.0001998001998002,9.99000999000999e-05,0,0.0121878121878122,0.181718281718282,0,0,0,0.0015984015984016,0,0.000999000999000999,0,0,0,0,0.0335664335664336,0,0,0,0,0,0.0038961038961039,0,0,0,0.000999000999000999,0.0203796203796204,0.0012987012987013,0.109290709290709,0,0,0,0,0.0002997002997003,0.0003996003996004,0,0,0,0,0,0,0,0,0.0028971028971029,0,0,9.99000999000999e-05,0.00659340659340659,0.001998001998002,0,0,9.99000999000999e-05,0,0,0,0.0357642357642358,0.00519480519480519,0,0,0,0.0310689310689311,0,0,0,0,0,0.0001998001998002,0,0,0,0,0.0017982017982018,0,0,0.00919080919080919,9.99000999000999e-05,0,0.0120879120879121,0,0,0,0.0034965034965035,0,0,0,0,0,0,0.00789210789210789,0,0,0,0,0,0,0,0,0,0,0,0.0114885114885115,0,0.0201798201798202,0,0,0,9.99000999000999e-05,0,0.00709290709290709,0.0003996003996004,0.0002997002997003,0.000999000999000999,0,0.0002997002997003,0.0022977022977023,0,0,0.014985014985015,0,0,0,0,0.0001998001998002,0,0,0.000799200799200799,0,0.0230769230769231,0,9.99000999000999e-05,0.003996003996004,0,0,0,0.0001998001998002,0,0.00839160839160839,0,0,0,0.0027972027972028,0,0.0031968031968032,0,0,0,0,0.0337662337662338,0.0003996003996004,0.0013986013986014,0,0.0024975024975025,0.000699300699300699,0,0.000699300699300699,9.99000999000999e-05,0.0014985014985015,0,0.0020979020979021,0,0.0002997002997003,0,0,0,0.0336663336663337,0.0012987012987013,0.0014985014985015,0,0.00849150849150849,0.0032967032967033,0,0,0,0,0,0.0004995004995005,0.127472527472527,0,0,0.0015984015984016,0,0,0,0,0,0.00929070929070929,0.0010989010989011,0,0,0,0,0.000699300699300699,0,0,0.0016983016983017,0,0.00709290709290709,0
0,0,0,0.0003000300030003,0,0,0.0003000300030003,0,0,0,0,0,0,0,0.0171017101710171,0,0.0114011401140114,0,0,0,0,0.0007000700070007,0,0,0,0,0,0,0,0.009000900090009,0,0,0,0,0,0,0.0087008700870087,0.037003700370037,0,0,0,0,0,0,0,0,0,0,0,0.0003000300030003,0,0,0,0,0,0,0,0,0,0.0023002300230023,0,0,0,0,0,0,0,0.0008000800080008,0,0.0259025902590259,0,0,0,0,0.001000100010001,0,0,0,0,0,0,0,0,0,0,0,0,0,0,0,0,0.0788078807880788,0.0102010201020102,0,0,0,0,0,0,0.015001500150015,0.0016001600160016,0,0,0,0,0,0,0,0,0,0,0,0,0,0,0,0,0.0134013401340134,0,0,0,0,0,0.0005000500050005,0,0,0.0014001400140014,0,0,0,0,0,0,0.0004000400040004,0,0,0.117111711171117,0.0035003500350035,0,0,0.0096009600960096,0,0,0,0,0,0,0,0,0.0006000600060006,0,0,0,0,0,0,0,0,0,0,0,0,0,0,0,0,0.0003000300030003,0,0,0,0.0007000700070007,0,0,0,0,0,0,0.0011001100110011,0.26032603260326,0,0,0,0,0,0,0,0,0,0,0,0,0,0,0,0,0,0,0,0,0.0994099409940994,0,0,0,0,0.0566056605660566,0.0037003700370037,0,0,0.0036003600360036,0.0015001500150015,0,0,0,0,0,0,0.0402040204020402,0,0,0,0,0,0,0,0,0,0,0,0,0,0,0,0,0,0,0,0,0,0,0,0,0,0,0,0.0025002500250025,0,0.0096009600960096,0,0,0,0,0,0,0,0,0.0036003600360036,0,0,0,0,0,0,0,0.0009000900090009,0,0,0,0,0.0018001800180018,0.048004800480048,0,0,0,0,0.0007000700070007,0,0.0006000600060006,0,0,0.0035003500350035,0,0.0886088608860886,0,0,0,0,0,0,0,0,0,0,0,0.0004000400040004,0,0,0.0054005400540054,0,0,0,0
0,0,0,0,0,0,0,0,0,0.00658879904162923,0.00119796346211441,0,0,0,0.000499151442547669,0,0,0,0,0,0,0.00788659279225317,0.00289507836677648,9.98302885095338e-05,0,0.0827593091744035,0,0,9.98302885095338e-05,0,0.00289507836677648,9.98302885095338e-05,0,0.000199660577019068,0,0,0,0,0.00149745432764301,0,0,0,0,0,0.00079864230807627,0.000199660577019068,0,0.000299490865528601,0,0,0,0,0,9.98302885095338e-05,0,0,0,0,0,0.00109813317360487,0,0.00169711490466207,0,0,0,0.000199660577019068,0.000199660577019068,0.000299490865528601,0,0,9.98302885095338e-05,0,0.000499151442547669,0,0,0,0.000399321154038135,9.98302885095338e-05,0,0.00399321154038135,0,0.00329439952081462,0.0176699610661875,0,0,9.98302885095338e-05,0,0,0.00139762403913347,0,0.00948387740840571,9.98302885095338e-05,9.98302885095338e-05,0,0,0,0,0,9.98302885095338e-05,0,0,0,0,0,0.000598981731057203,0,0,0.014774882699411,0.00419287211740042,0.00249575721273834,0,0,0,0,0,0,0,0.000199660577019068,0.00159728461615254,0,0,0,0.0133772586602775,9.98302885095338e-05,0.0164719976040731,0.0532095437755815,9.98302885095338e-05,0,0,0.0507137865628432,0,0,0,9.98302885095338e-05,0,0,9.98302885095338e-05,0,0,0,9.98302885095338e-05,0,0,0,0,0,0,0,0,0,0,0,0.000199660577019068,0,9.98302885095338e-05,0,0,0,0,0.00239592692422881,0,0,0,0.0174703004891684,0,0,0,0,0,0,0,0,0.328541479484876,0,0,9.98302885095338e-05,0,0.0070879504841769,0.00339422980932415,0,0,0,0.00249575721273834,0,0,0,0,0,0,9.98302885095338e-05,0,0.00459219327143855,0,0,0,0,0,0,0,0,0,0,0,0,0.0273534990516123,9.98302885095338e-05,0,0,0,9.98302885095338e-05,0.000199660577019068,0,0,0,0,0,0.00608964759908156,0,9.98302885095338e-05,0,0.00109813317360487,0,0,0,0,0,0,0,0.0067884596186483,0,0,0,0,0.0273534990516123,0,0,0,0,0,0,0,0,0.0106818408705201,0,9.98302885095338e-05,0,0,0,0,0,0,0,0.00569032644504343,0,0.00139762403913347,9.98302885095338e-05,9.98302885095338e-05,0,0,0,0.000199660577019068,0,0,0,0,0,0,0,0,0.00419287211740042,0,0,0.00419287211740042,0,0,0,0,0.000399321154038135,0.000698812019566737,0.213437156833383,0,0,0.00239592692422881,0,0,0,0.00379355096336228,0,9.98302885095338e-05,0,0.000399321154038135,0,0,0,0.00598981731057203,0,0.000199660577019068,0,0,0.00319456923230508,0
0,0,0.000199880071956826,9.9940035978413e-05,0.0144913052168699,0,0,0,0,0,0.00869478313012193,0,0,0,0.00189886068358985,0,0,9.9940035978413e-05,0,0.000299820107935239,0,0.00359784129522287,0,0,0,0.0574655206875874,0,0,9.9940035978413e-05,0.00359784129522287,0,0,0,0,0,0,0,0,0.0141914851089346,0.000199880071956826,0.00479712172696382,0,0,0,0.00729562262642415,0.00749550269838097,0,0,0,9.9940035978413e-05,0.00209874075554667,0,0,0,0,0,0,0.000399760143913652,0.000299820107935239,0.00839496302218669,0,0.000299820107935239,0,0,0,0.000399760143913652,0.0199880071956826,0.000399760143913652,0.000199880071956826,0,0,0,0,0.000999400359784129,0.00899460323805717,0,0,0,0,0.0211872876274235,0,0.0118928642814311,0,0,0,9.9940035978413e-05,0,0,0.00209874075554667,0,0,9.9940035978413e-05,9.9940035978413e-05,0,0,0.00659604237457526,0.000299820107935239,0,0,0,0,0.0136917849290426,0.00209874075554667,0,0,0,0,0.0939436338197082,0.0195882470517689,0.0209874075554667,0.00349790125924445,0,0,0,0,0,0,0.000299820107935239,0.0111932840295823,0,0,0,0.00449730161902858,9.9940035978413e-05,0.000899460323805717,0.107935238856686,9.9940035978413e-05,0,0,0.0318808714771137,0,0,0,0,0.000299820107935239,0,9.9940035978413e-05,0,0,0,9.9940035978413e-05,0,0.000599640215870478,0,0,0,0,0,0,0,0,0,0,0,9.9940035978413e-05,9.9940035978413e-05,0,0,0,0.004597241655007,0,0,0,0,9.9940035978413e-05,0,0,0.000399760143913652,0,0,0,0,9.9940035978413e-05,0.00219868079152508,0,0,0,0,0.0463721766939836,0.000199880071956826,0,0,0,0,0,0.000899460323805717,9.9940035978413e-05,0.000599640215870478,0,0,0,0.00419748151109334,9.9940035978413e-05,0,0,0.000199880071956826,0,0,0,0,0,0.000599640215870478,0,0.00169898061163302,0,0.00199880071956826,0,0,0.000199880071956826,0,9.9940035978413e-05,0,0,0,0,0,0,0,0.00379772136717969,0,0,0.0117929242454527,0,0,0,0,0,0,0,0.00199880071956826,0,0,0,0.0838496901858885,0,0,0,0,0,9.9940035978413e-05,0,0,0,0,0.000299820107935239,0.00479712172696382,0,9.9940035978413e-05,0,0,0,0,0,0,0.000199880071956826,0.000199880071956826,9.9940035978413e-05,0,0,9.9940035978413e-05,0.00109934039576254,0,0,0.000399760143913652,0,0,0,0,0,0.00189886068358985,0,0,0.0100939436338197,0,9.9940035978413e-05,0,0.000199880071956826,0,0,0.267539476314211,0,0,0.0177893264041575,0,0,0,0,9.9940035978413e-05,0,0.000699580251848891,0,0,0,0,0,0,0.000199880071956826,0,0,0.00639616230261843,0
0,0,0,0,0.032967032967033,0.0035964035964036,0.0002997002997003,0,0,0.0173826173826174,0.00779220779220779,0,0,0,0,0.0003996003996004,0,0,0.00969030969030969,0,0,0.0116883116883117,0.0021978021978022,0.0004995004995005,0,0.0101898101898102,0.000699300699300699,0,0.0131868131868132,0.025974025974026,0.000899100899100899,0,0,0.0031968031968032,0,0,9.99000999000999e-05,0.0041958041958042,0,0,0.0047952047952048,0.000799200799200799,0,0,0,0.0012987012987013,0,9.99000999000999e-05,0,0,0.0046953046953047,0,9.99000999000999e-05,0,9.99000999000999e-05,0,0,0,0,0.0225774225774226,0.00789210789210789,0.0046953046953047,0.003996003996004,0,0,0.0013986013986014,0.00789210789210789,0.0003996003996004,0,0,0.0001998001998002,9.99000999000999e-05,0.0001998001998002,0.00829170829170829,0,0.00619380619380619,0.0001998001998002,0,0,0.0200799200799201,0.0002997002997003,0,0.0035964035964036,0,0.0311688311688312,0,0,9.99000999000999e-05,0.00559440559440559,0.0038961038961039,0,0.0013986013986014,0.000899100899100899,9.99000999000999e-05,0.0004995004995005,0,0,0,0.000799200799200799,0,0.000699300699300699,0,0,0,0,9.99000999000999e-05,0,0.0583416583416583,0.0201798201798202,0,0,0,0,0.0012987012987013,9.99000999000999e-05,0,0,0,0.0107892107892108,0,0,0,0.0217782217782218,0,0.0001998001998002,0.0995004995004995,0,0,9.99000999000999e-05,0.0228771228771229,0.00739260739260739,0.0048951048951049,0,9.99000999000999e-05,0.0010989010989011,0,0.0001998001998002,0,0,0,9.99000999000999e-05,0,0,0,0,0,9.99000999000999e-05,0,0,0,0.0002997002997003,9.99000999000999e-05,0,0,9.99000999000999e-05,0,0,0,0,0.000999000999000999,0,0.0001998001998002,0.0003996003996004,0.052047952047952,0,0,0,0,0,0,0,0,0,0,0,0,9.99000999000999e-05,0.000699300699300699,0.00919080919080919,9.99000999000999e-05,0,0,0,0,0.000799200799200799,0,0,0,0,0,0,0.0038961038961039,0,0,0,0,0,9.99000999000999e-05,0,0,0,0,0,0,0,0.00629370629370629,0,0,0,0.0004995004995005,0,0,0,0.0002997002997003,0.000799200799200799,0,0.0112887112887113,0.0004995004995005,9.99000999000999e-05,0.0010989010989011,0.0128871128871129,0.0001998001998002,0,0,0,0,0.00729270729270729,0,0.0017982017982018,0.0001998001998002,0.00799200799200799,0,0,0.0405594405594406,0,0,0,0,0,0.00919080919080919,0,0,0,0,0,0,0,0,9.99000999000999e-05,0,0.0001998001998002,0.0001998001998002,9.99000999000999e-05,9.99000999000999e-05,0.0001998001998002,0,0.0010989010989011,0.000799200799200799,0.0002997002997003,0.0043956043956044,0,0,0.0001998001998002,0.000899100899100899,9.99000999000999e-05,0,0,0,0,0.0608391608391608,0.00609390609390609,0.0001998001998002,0.000999000999000999,0,0,0,0,0.0001998001998002,0.0001998001998002,0.208191808191808,0,0,9.99000999000999e-05,0,0,0,0,0,0.0017982017982018,9.99000999000999e-05,0,0,0,0,0.000699300699300699,0.0001998001998002,0.0015984015984016,0,0,0.000699300699300699,0.0001998001998002
0,0,0.000199760287654814,0,0.00379544546544147,0,0,0,0,0.00429484618457851,0.00489412704754295,0,0,0.022572912504994,0.000898921294446664,0,0.0118857371154614,9.98801438274071e-05,0,0,0.00349580503395925,0.00749101078705553,0,0,0,0.00599280862964443,0.000499400719137036,0,0.00069916100679185,0.0123851378345985,0.00549340791050739,0,0,0.00069916100679185,0,0,0.00219736316420296,0.0194766280463444,0.00199760287654814,0,0.0027966440271674,0.000898921294446664,0,0,0.00469436675988813,0.0227726727926488,0.00759089093088294,9.98801438274071e-05,0,0,0,9.98801438274071e-05,0,0.000399520575309628,0,0,0,0,0,0.000799041150619257,0,0.00958849380743108,0,0,0,0,0.00399520575309628,0.00239712345185777,0,0.0264682381142629,0.000199760287654814,0,0.000199760287654814,0.00529364762285258,0,0.00439472632840591,9.98801438274071e-05,0,0,0.00888933280063923,0,0.00289652417099481,0.00339592489013184,0,0.114562524970036,0.000199760287654814,9.98801438274071e-05,0,0,0,0,9.98801438274071e-05,9.98801438274071e-05,0,9.98801438274071e-05,0,0,0,0.000898921294446664,0,0,0,0,0,0.000299640431482221,0,0,0.00369556532161406,0.0267678785457451,0,0,0,0,0.00319616460247703,0,0,0,0.000499400719137036,0.00329604474630443,0,0,0.00169796244506592,0.00908909308829405,9.98801438274071e-05,0.00259688373951258,0.00729125049940072,0,0,0,0.11246504194966,0.0405513383939273,0.0658210147822613,0,0,0,0,0.00109868158210148,0,0,0,9.98801438274071e-05,0,0.000499400719137036,0,0.00599280862964443,0,0.000399520575309628,0.00289652417099481,0,0.000199760287654814,0.00179784258889333,0.00169796244506592,0,0.000299640431482221,0,0,0,0,0.0160807031562125,0.00349580503395925,0,0,0,0,0,0,0,0,9.98801438274071e-05,0.000898921294446664,0.000199760287654814,0,0,0,0,0,0,0,0.0304634438673592,0.000599280862964443,0,0,0,0,0.00319616460247703,0,0,0,0,9.98801438274071e-05,0,0.0219736316420296,0.000199760287654814,9.98801438274071e-05,0,0,0,9.98801438274071e-05,0,0,0,0,0,0.00069916100679185,0,0.0111865761086696,0.000199760287654814,0,9.98801438274071e-05,0.000199760287654814,0.00259688373951258,0,0.00179784258889333,0.000599280862964443,0,0,0.00469436675988813,0.000399520575309628,9.98801438274071e-05,0.000399520575309628,0.00329604474630443,0.000799041150619257,0,0,0,0,0,0,0.00189772273272074,0,0.0163803435876948,9.98801438274071e-05,0,0.025769077107471,0,0,9.98801438274071e-05,0,0,0,0,0,0,0,0.000199760287654814,9.98801438274071e-05,0,0,0,0,0,0.000399520575309628,0.00119856172592889,0,0.000199760287654814,0.000499400719137036,0.000499400719137036,0,0.000799041150619257,0.0173791450259688,0.000199760287654814,0,0,0,0,0,0,0,0.00109868158210148,0.000399520575309628,0,0.00569316819816221,0.00519376747902517,0,9.98801438274071e-05,0,0,0.000199760287654814,0,0.168497802636836,9.98801438274071e-05,0,0.00958849380743108,0,0,0,0,0,0.00319616460247703,0.00289652417099481,0,0,9.98801438274071e-05,0,0.000799041150619257,0,0.000199760287654814,0.00069916100679185,0,0.00549340791050739,0
0,0,0.000399560483468185,0,0.00469483568075117,0.00249725302167616,0,0,0,0.00519428628508641,0.00339626410947957,0,0,0.000299670362601139,0.00149835181300569,0,0,0,0.0100889022075717,9.98901208670463e-05,0.000199780241734093,0.00159824193387274,0,0,0,0.000499450604335231,0,0,0,0.00309659374687843,0.00189791229647388,0,0,0.000199780241734093,0.0025971431425432,0,9.98901208670463e-05,0,0.0012985715712716,0,0.00439516531815004,0.000499450604335231,0,9.98901208670463e-05,0,9.98901208670463e-05,0,0.000199780241734093,0,0,0.00759164918589551,0,0,0.000699230846069324,9.98901208670463e-05,0.000899011087803416,0,0,0.000199780241734093,0.00139846169213865,0.00369593447208071,0.000399560483468185,0,0,0,0,0.00519428628508641,0,0,0.0143841774048547,0.000199780241734093,0,0,0.0117870342623115,0,0,0.000399560483468185,0,0,9.98901208670463e-05,0,0.00998901208670462,0.0277694536010389,0,0.000699230846069324,0,9.98901208670463e-05,0,0,0,0,0.000998901208670463,0,0,0.000699230846069324,0,0,0,0,0,0.000199780241734093,0,0,0,0,9.98901208670463e-05,0,0.292278493656977,0.00209769253820797,0.000199780241734093,0,0,0,0,0.000499450604335231,0,0,0.000499450604335231,0.00139846169213865,0,0.00559384676855459,0.0134851663170512,0.00289681350514434,0,9.98901208670463e-05,0.130856058335831,0,0,0,0.0427529717310958,0,0,0,0,0,0,9.98901208670463e-05,0,0,0,9.98901208670463e-05,0,0,0,0.0117870342623115,0,0,0.000899011087803416,0,0,9.98901208670463e-05,0.000399560483468185,0,0.00199780241734093,0,0,0,0,0,0.0027969233842773,0,0,0,0,0,0,0,0,9.98901208670463e-05,0.000599340725202278,9.98901208670463e-05,0,0,0,0,0.000399560483468185,0.000299670362601139,9.98901208670463e-05,0.0115872540205774,9.98901208670463e-05,0.0038957147138148,0,0,9.98901208670463e-05,0,0,0,0,0,0,0.0125861552292478,0,0,0,0,0,0,0,0,0,0,0,0,0.134152432324443,0,0.000299670362601139,9.98901208670463e-05,0,0,0,0.000199780241734093,0,0.000299670362601139,0.00079912096693637,0.000199780241734093,0,0.0053940665268205,0.00229747277994206,0,0,0.00449505543901708,0.00189791229647388,0.00209769253820797,0,0,0,0.0356607731495355,0,0.00199780241734093,0.000399560483468185,0.000499450604335231,0,0,0.0202776945360104,0,0,0.000199780241734093,0,0,0.000998901208670463,0,0,0,0,0.000299670362601139,0.00309659374687843,0,0,0,0,0,0,0,0,0,9.98901208670463e-05,9.98901208670463e-05,0,0.00079912096693637,9.98901208670463e-05,0.000199780241734093,0,0,9.98901208670463e-05,0,0,0,0,0,0.0358605533912696,0.000399560483468185,0.000499450604335231,0.00479472580161822,0,0,0.000199780241734093,0,0,0,0.0611327539706323,9.98901208670463e-05,0,0.00399560483468185,0,0,0,0,0,0.00119868145040456,9.98901208670463e-05,0,0,0,9.98901208670463e-05,0,0.000299670362601139,9.98901208670463e-05,0,0,0.000899011087803416,0
0,0,0,0,0,0,0,0,0,0,0,0,0,0,0.0029002900290029,0,0,0,0,0,0,0.0116011601160116,0,0,0,0.0347034703470347,0,0,0.0054005400540054,0,0.0641064106410641,0,0.0001000100010001,0.0015001500150015,0,0,0.0017001700170017,0.0062006200620062,0,0,0,0,0,0,0,0,0,0,0,0,0,0,0,0,0,0,0,0,0,0,0,0,0,0.0001000100010001,0,0,0.0542054205420542,0,0,0,0.0045004500450045,0,0,0.0039003900390039,0,0,0,0,0,0.0099009900990099,0,0,0.0084008400840084,0,0,0.0002000200020002,0,0,0,0.0082008200820082,0,0.0003000300030003,0.0273027302730273,0,0,0.0005000500050005,0,0,0,0,0,0,0,0,0,0,0.0005000500050005,0.141614161416142,0,0,0,0,0,0,0,0,0,0,0.0051005100510051,0,0,0,0,0,0.0857085708570857,0,0.0208020802080208,0,0,0,0,0.0307030703070307,0,0,0,0,0.0222022202220222,0,0,0,0.0038003800380038,0,0,0,0,0,0.0005000500050005,0,0,0,0.0024002400240024,0,0,0,0,0,0,0,0,0,0,0,0,0,0,0,0,0,0,0,0,0,0,0,0,0,0,0,0.0046004600460046,0,0,0,0,0,0.0001000100010001,0,0,0,0,0,0,0.0457045704570457,0.0001000100010001,0,0,0,0,0,0,0,0,0.0007000700070007,0,0.0114011401140114,0,0.0017001700170017,0,0,0.0001000100010001,0.0032003200320032,0,0,0,0,0,0,0.0342034203420342,0,0.0056005600560056,0,0,0.0003000300030003,0,0,0,0,0,0,0.0155015501550155,0,0.0139013901390139,0,0,0.0535053505350535,0,0,0,0.001000100010001,0,0,0,0,0,0,0,0,0,0,0,0,0,0,0.0013001300130013,0,0.0009000900090009,0.0004000400040004,0,0,0,0,0.0002000200020002,0,0,0.0007000700070007,0,0,0,0,0,0.0015001500150015,0,0,0.0217021702170217,0,0,0,0,0,0.0001000100010001,0.117311731173117,0,0,0.0388038803880388,0,0,0.0009000900090009,0,0,0.0019001900190019,0,0,0,0,0,0.0195019501950195,0,0.041004100410041,0,0,0.0031003100310031,0
0,0,0,0,0,0,0,0.002999700029997,0,0.0005999400059994,0.0002999700029997,9.99900009999e-05,0,0,0.0003999600039996,0.0001999800019998,0,0,0,0.0018998100189981,0.0277972202779722,0.000999900009999,0,0,0.0001999800019998,0.0008999100089991,0,0,0.0043995600439956,0.0017998200179982,0.0114988501149885,0.0367963203679632,9.99900009999e-05,0.0077992200779922,0,0,0.0051994800519948,0.0834916508349165,0,0,0,0.0011998800119988,0,0.0056994300569943,0,0.0010998900109989,0,0.0008999100089991,0,0,0.0003999600039996,0,0,0,0.0153984601539846,0.0001999800019998,0,0,0,0.0366963303669633,0.0013998600139986,0.0048995100489951,0,0,0,0,0.0016998300169983,0,0,0.0037996200379962,0.0021997800219978,0.0003999600039996,0.0007999200079992,0.0007999200079992,0,0.0273972602739726,0,0,0,0.0175982401759824,0.0010998900109989,0.000999900009999,0.0061993800619938,0,0.0030996900309969,0.0003999600039996,0,0,0,0.003999600039996,0,0.0011998800119988,0,0.0030996900309969,0.0048995100489951,0,0,0,0.0006999300069993,0,0,0,0,0.0012998700129987,0,0.0026997300269973,0.024997500249975,0.0342965703429657,0.0008999100089991,0,9.99900009999e-05,0.0017998200179982,0,0.0015998400159984,0.0012998700129987,0,0,0.0001999800019998,0.0438956104389561,0.0007999200079992,0,0,0,0,0.0022997700229977,0.0315968403159684,0,0.0017998200179982,0,0.0086991300869913,0.0014998500149985,0.0007999200079992,0,0,0,0,0.000999900009999,0,0,0,0.0004999500049995,0,0,0,0.0003999600039996,0,0.0007999200079992,0.0011998800119988,0,0,0.0002999700029997,0.0045995400459954,0,0.0018998100189981,0,0,0,0,0.0014998500149985,0.0021997800219978,0,0,0.0003999600039996,0.0443955604439556,0,0,0,0,0,0.0003999600039996,0.0023997600239976,0,0,0,0,0,0,0.0047995200479952,0.0071992800719928,9.99900009999e-05,0.0111988801119888,0,0,0,0.0034996500349965,0,0,0,0.0024997500249975,0,0,0.0218978102189781,0.0008999100089991,0,0.0226977302269773,0,0,0.0045995400459954,0,0,0,0,0,0.0004999500049995,0,0.0032996700329967,0.0008999100089991,0,0,0.0017998200179982,0.0003999600039996,0,0.0003999600039996,0.0026997300269973,0.0047995200479952,9.99900009999e-05,0.0038996100389961,0.0183981601839816,0,0.0023997600239976,9.99900009999e-05,0.0054994500549945,9.99900009999e-05,0,0,0,0.0541945805419458,0,9.99900009999e-05,0.000999900009999,0.0114988501149885,0.0001999800019998,0,0.0507949205079492,0,0.0003999600039996,9.99900009999e-05,0,0,9.99900009999e-05,0.0003999600039996,0,0,0.0092990700929907,0,0,0,0,0,0,0.0017998200179982,0.0003999600039996,0.0046995300469953,0,0.0110988901109889,0.0005999400059994,0.0002999700029997,9.99900009999e-05,0.0024997500249975,0.0103989601039896,0.0001999800019998,0,0,0.000999900009999,9.99900009999e-05,0,9.99900009999e-05,0.0034996500349965,0.0067993200679932,0.0136986301369863,0.0012998700129987,0.0046995300469953,0.0035996400359964,0,0,0,0.0006999300069993,0,0.0058994100589941,0.0697930206979302,9.99900009999e-05,0,0.0112988701129887,0,0,0,0,0,0.0077992200779922,0.0036996300369963,0,0,0.0005999400059994,0,0.0021997800219978,0.0003999600039996,0.001999800019998,0,0,0.0174982501749825,0
0,0,0,0,0.00679728108756497,0,9.99600159936026e-05,0,0,0.00519792083166733,0.0121951219512195,0,0,0,0.0104958016793283,0,0,0,0,0,0,0,0.00149940023990404,0.000199920031987205,0,0.0385845661735306,0,0,0.00509796081567373,0,0.0107956817273091,0,9.99600159936026e-05,0,0,0,0.000499800079968013,0.000899640143942423,0.0288884446221511,0,0.00719712115153938,0,0,0,0.00119952019192323,0,0,0,0.00209916033586565,0,0,0.000199920031987205,0,0,0,0,0,0,0,0.0158936425429828,0,0.0167932826869252,0,0.00039984006397441,0,0,0.00209916033586565,0.0120951619352259,0,0,9.99600159936026e-05,0,0.000499800079968013,0,0,0,9.99600159936026e-05,0,0,0,0,0,9.99600159936026e-05,0,0,0.000199920031987205,0,0,0,0,0,0.000599760095961615,9.99600159936026e-05,0,0,0,0,0,0,0,0,0,0.00039984006397441,0,0.000499800079968013,0,0,0.0108956417433027,0,0,0.00609756097560976,0,0,0,0,0,0,0,0,0,0,0,0.00689724110355858,0,0,0,0.0642742902838864,0,0,0.1781287485006,0,0.000899640143942423,0,0.000199920031987205,0.014594162335066,0,0.00669732107157137,0,0,0,0.00529788084766094,0,0,0,0,0,0,0,9.99600159936026e-05,0,0.000199920031987205,0,0,0,0,0,0,9.99600159936026e-05,0,0.00169932027189124,0,9.99600159936026e-05,0,0,0,0,0.000199920031987205,0,0,9.99600159936026e-05,0,0,9.99600159936026e-05,0,0,0.00439824070371851,0.000199920031987205,0,0.0105957616953219,0,0,0,0,0,0,0,0,0,0,0,0,0,0,0,0,0,0.00159936025589764,0,0,0.0408836465413834,0,0.00239904038384646,0,0.00149940023990404,0,0.00459816073570572,0,0,9.99600159936026e-05,0.00199920031987205,9.99600159936026e-05,0,0,0,0,0,0,0,0.0197920831667333,0,0,0,0,0,0,0,0,0,0.00319872051179528,0,0,9.99600159936026e-05,0,0.0386845261895242,0,0,0,0,0,0.000499800079968013,0,0,0.00579768092762895,0,0,0.0342862854858057,0,9.99600159936026e-05,0,0,0,0.00039984006397441,0.00079968012794882,0,9.99600159936026e-05,9.99600159936026e-05,0,0,0,0,0,0,0,0.000299880047980808,9.99600159936026e-05,0,0,0,0,0.0201919232307077,0,0,0.0642742902838864,0,0.00339864054378249,0,0,0,0.000499800079968013,0.247101159536186,0,0,0.00639744102359056,0,0,0,0,9.99600159936026e-05,0,0,0,0,0,0,0,0,0.00279888044782087,0,0,0.00409836065573771,0
0,0,0,0,0.0348755870890377,0,0.00049965024482862,0,0,0.00799440391725792,0.00759468372139502,0,0.00449685220345758,0,0.0171879684221045,0,0,0,0,0,0,0.00229839112621165,0.00409713200759468,0,0,9.9930048965724e-05,0,0,0.00049965024482862,0,9.9930048965724e-05,0,0,0.00159888078345158,0,0,0,9.9930048965724e-05,0.00369741181173179,0,0.00449685220345758,0,0,0.00149895073448586,0.00659538323173778,9.9930048965724e-05,0,0,0,0,0,0,0,0,0,0,0,0,0,0,0,0.00229839112621165,0,0,0,0.000299790146897172,0.0157889477365844,0,0,0,0,0,0,0.00569601279104627,0,0,0,0,0,0,0,0,0.00189867093034876,0,0,0.000299790146897172,9.9930048965724e-05,0,0,0,0,9.9930048965724e-05,0,0,0,0,0,0,0,0,0,0,0,0,0,0,9.9930048965724e-05,0.161886679324473,0,0,0,0,0,0,0,0,0,0,0,0,0,0,0.00319776156690317,0,9.9930048965724e-05,0.151693814329969,0,0,0,0.197361846707305,0.000899370440691516,0.002897971420006,0,0,0,0,0.000299790146897172,0,0,0,0.000399720195862896,0,0,0,0,0,0,0,0,0,0.000599580293794344,0,0,0,9.9930048965724e-05,0,0,9.9930048965724e-05,0,0.000299790146897172,0,0,0,0,0,0,0,0,0,0,0,0,9.9930048965724e-05,0,0,0,0,0.00119916058758869,0,0,0,0,0,0,0,0,0,0,0,0,0,0.0020985310282802,0,0,0,0,0,0,0,0,0,0,0,0.000199860097931448,0,0.00199860097931448,0,0,0,0.000399720195862896,0,0,0,0,0,0,0,0,0,0,0,0,0,0,0,0,0,0,0.00129909063655441,0,0.00629559308484061,0,0,0.0188867792545218,0,0,0,0,0,0.000399720195862896,0,0,0,0,0.000599580293794344,0,0,0,0,0,0.00589587288897772,0,0.00109923053862296,0,0,9.9930048965724e-05,0.000299790146897172,0,0,0.000399720195862896,0,0,0,0,0,0,0,0,0,0.0895373238732887,0,0,0.0287798541021285,0,0.00549615269311482,0,0,0,0,0.18696912161487,0,0,0.000599580293794344,0,0,0,9.9930048965724e-05,0,0,0.000399720195862896,0,0,0,0,0,0,0.00239832117517738,0,0,0.000199860097931448,0
0,0,0,0,0,0,9.99000999000999e-05,0,9.99000999000999e-05,0.0180819180819181,0.00779220779220779,0,0.0034965034965035,0,0.000899100899100899,0,0,0,0,0,0.00519480519480519,0.0044955044955045,0.0012987012987013,0.0002997002997003,0,0.0276723276723277,0,0,0.0017982017982018,0,0.00829170829170829,0,0,0.0011988011988012,0,0,0,0.0390609390609391,0,0,0.00539460539460539,0,0,0.000599400599400599,0.0011988011988012,0,0,0,0,9.99000999000999e-05,0,0.0041958041958042,9.99000999000999e-05,0,0,0,0,0,0,0.0397602397602398,0,0.0302697302697303,0.0012987012987013,0,0.0293706293706294,0.0003996003996004,0.0151848151848152,0.0031968031968032,0,0,0.0002997002997003,0,0,0.00919080919080919,0,0,9.99000999000999e-05,0,0.0001998001998002,0,0,0,0,0,0,0,0,0,0.0024975024975025,0,0,0.0003996003996004,9.99000999000999e-05,0,0,0.0018981018981019,0,0,0,0,0,0,0,0,0,0,0,0.00779220779220779,0.0471528471528472,0.0435564435564436,0.000699300699300699,0,0,0,0,9.99000999000999e-05,0,0,0,9.99000999000999e-05,0,0,0.0424575424575425,0,9.99000999000999e-05,0.123276723276723,0,0,0,0.18001998001998,0,0,0,9.99000999000999e-05,0,9.99000999000999e-05,9.99000999000999e-05,0,0,0,0,0,0.0018981018981019,0,0,0,0.0032967032967033,0,0,0,0.0024975024975025,0,0,0,0,0,0,0,0,0.0001998001998002,0,0,0,0,9.99000999000999e-05,0,0,0,0,0,0,0,0,0,0,0,0,0,0.041958041958042,0,0,9.99000999000999e-05,0,0,0,0,0,0,0,0,0,0,0.0013986013986014,0.0017982017982018,0,0,0,0,0,0,0,0,0,0,0,0.0154845154845155,0,0,0,0.0033966033966034,0,0,0,0,0,0,0.00839160839160839,0.0017982017982018,0.000999000999000999,0.0020979020979021,0,0,0,0.000599400599400599,0.0001998001998002,0,0,0,0.0103896103896104,0,0,0,0,0.0025974025974026,0,0,0,0,0,0,0,0,9.99000999000999e-05,0,0,0,0,9.99000999000999e-05,0,0,0.0035964035964036,0,0.000599400599400599,0,0.0004995004995005,0,0.0027972027972028,0,0,0,0,0,0,0,0,0,0.0004995004995005,0.00599400599400599,0,0.0107892107892108,0,0.00989010989010989,9.99000999000999e-05,9.99000999000999e-05,9.99000999000999e-05,0,0,0,0,0.136663336663337,0,0,0.0127872127872128,0,0,0,0,0,0,0.0013986013986014,0,0,0,0,0.000699300699300699,0,0.0003996003996004,0,0,0.0025974025974026,0
0,0,0,0,0,0,0,0.00249900039984006,0,0,0,0.000199920031987205,0,0.0105957616953219,0.00249900039984006,0,0,0,0,0,0.00259896041583367,0.0247900839664134,0,0.00189924030387845,0,0.00969612155137945,0,0,0.00579768092762895,0,0.0308876449420232,0.000899640143942423,0,0.0117952818872451,0,0,0.0471811275489804,0.0365853658536585,0,0,0,0,0,0,0,0,0,0,9.99600159936026e-05,0,0,0,0,0,0.0078968412634946,0,0,0.000499800079968013,0,0.0254898040783687,0,0,0,0,0,0,0.000899640143942423,0,0,0.00169932027189124,0.00829668132746901,0,0,0.000499800079968013,0,0,0,0,0,0.0245901639344262,0,0,0.00859656137544982,0,0.0101959216313475,0,0.0114954018392643,0,0,0.00369852059176329,0,9.99600159936026e-05,0.000299880047980808,0,0,0,0,9.99600159936026e-05,0.00339864054378249,0,0,0,0,0,0.000499800079968013,0,0.0266893242702919,0.0677728908436625,0,0,0,0,0,0.00459816073570572,0,0,0,0,0.014594162335066,0.000199920031987205,0,0,0,9.99600159936026e-05,0.00859656137544982,0,0,0,0,0,0,0.0313874450219912,0,0,0,0,0.00179928028788485,0,0,0,0.00169932027189124,0,0,0,0,0,0,0,0,0,0.00169932027189124,0,0,9.99600159936026e-05,0,0,0,0,0,0,0,0,0,0.369252299080368,0,0,0,0,0,0,0,0,9.99600159936026e-05,0,0,0,0,0,0.0113954418232707,0,0,0,0,0,0,0,0,0,0,0,0,0.00429828068772491,0.000299880047980808,0,0,0,0,0,0,0,0,0,0,0,0,0.014094362255098,0,0,9.99600159936026e-05,0.00159936025589764,0,0.0101959216313475,0,0,0.00219912035185926,0,0.0078968412634946,0,0.00159936025589764,0.00079968012794882,0.00549780087964814,0.00209916033586565,0,0,0,0.00469812075169932,0,0,0,0,0.00969612155137945,0,0,0.0038984406237505,0,0,0,0,0,0,0,0,0,0,0,0,0,0,0,0,0,0,0,0,0,0,0,0.000299880047980808,0,0,0,0,0.00039984006397441,0.000299880047980808,0,0,0,0,0,0.000199920031987205,0,0,0.0122950819672131,0,0,0,0.00559776089564174,0,0.00659736105557777,9.99600159936026e-05,0,0,0.0335865653738505,0,0,0,0,0.00039984006397441,0.01609356257497,0,0,0,0,0,0.00259896041583367,0.00309876049580168,0.00189924030387845,0,9.99600159936026e-05,0.0111955217912835,0
0,0,0,0,0,0,8e-04,0,0,0,0,0,0,0,0.0459,0,0,0,0,0,0,0,0,2e-04,0,0.3164,0,0,0,0,0,0,0,0,0,0,0.0224,1e-04,0,1e-04,0,0,0,0,0,0,0,0,0,0,0,0,0,0,0,0,0,0,0,0,0,0,0,0,0,0,0,0,0,0,0,0,0,0,0,0,0,0,0,0,0,0,0,0,0,0,0,0,0,0,0,0,0.0086,0,0,0,1e-04,0,0,0,0,0.0014,0,0,0,0,0,0,0,0,0,0,0,0,0,0,0,0,0.0026,0,0,0,0,1e-04,0.037,0,0,0,0,0,0,0,0,0,0,0,0,0,0,0,0,0,0,0,0,0,0,0,0,0,0,0,0,0,1e-04,0,0,0,0,0,0,0,0,0,0,0,0,0,0,0,0,0.0097,0.0106,0,0,0,0,0,0,0,0,0,0,0,0,0,0,0,0,0,0,0.0051,0,0,0,2e-04,0,0,0,0,0,0,0,0,0,0,0,0,0,9e-04,0,0,0,0,0,0,0,0,0.0067,0,0,0,0,0,0,0,0,0,0,0,0,0,0,0,0,0,0,0,0,0,0,0,0,0,0,0,0,0,0,0,0,0,0,0,0,0,0,0,0,0,0,0,0,0,0,0,0,0,0,0.4914,0,0,0.0395,0,0,0,0,0,0,0,0,1e-04,0,0,0,0,0,0,0,0,0,0,0,0,0,0,0,0,0,0,0
0,0,0,0,0,0,9.99100809271655e-05,0,0,0,0.00469577380357678,0,0,9.99100809271655e-05,0.00249775202317914,0,0,0,0,0,0,0.000699370566490159,0,0,0,0.0362673593765611,0,0.0278749125786792,0.00269757218503347,0.0578479368568289,0.0296732940353682,0.0173843540813268,0.000299730242781497,0.00089919072834449,0,0,0.0405634928564292,0.0031971225896693,0.0025976621041063,0,0.00739334598861025,0,0.00169847137576181,0.000599460485562993,0.00109901089019882,9.99100809271655e-05,0,0,0,0,0,0,0,0,0,0,0,0,0,0.00849235687880907,0,0.000299730242781497,0,0,0,0,0.00159856129483465,0.0142871415725847,9.99100809271655e-05,0,9.99100809271655e-05,0,0,0.00179838145668898,0,0,0,0,0,0.00279748226596064,0,0.0031971225896693,0.0250774303127186,0,0,0.000599460485562993,0.00369667299430513,0,0,0.0206813867519233,9.99100809271655e-05,0.000199820161854331,0.00249775202317914,0,0.00659406534119293,0,0,0,0.000699370566490159,0,0,0,0,0,0.000499550404635828,0,9.99100809271655e-05,0.116495154361075,0.00229793186132481,0,0,0,0,0,0.000599460485562993,0,0,0,0,9.99100809271655e-05,0,0,0.0125886701968229,9.99100809271655e-05,0.0105904685782795,0.0201818363472874,0,0,0,0.0626436207413328,0,9.99100809271655e-05,0.000299730242781497,0,0,0,0.00379658307523229,0,0,0,0,0,0,0,0,0,0,0,0,0,0,0,0,0,0,0,0,0,0,0.000199820161854331,0.000199820161854331,0,0,0,0,0,0,0,0,0,0,0,9.99100809271655e-05,0,0,0,0,9.99100809271655e-05,0.0200819262663603,0,0,0,0,0,0.000199820161854331,0,9.99100809271655e-05,0,0,0,0,0.00349685283245079,0.00349685283245079,0,0,0,0.00119892097112599,0,0,0,0,0,0,0,0.0102907383354981,0.0211809371565591,0,0,0.000199820161854331,0,0,0,0,0.000599460485562993,0.000299730242781497,0,0.00269757218503347,0,0.0594464981516635,0,0,0,0,0,0,0.000199820161854331,0,0,9.99100809271655e-05,0,0.00419622339894095,0,0,0.0751323808572285,0,0,0,0,0,0.00389649315615946,0,0.00219802178039764,0.00669397542212009,0,0,0,0,0,0,0,0.000299730242781497,0,0,0,0.00089919072834449,0.00339694275152363,0,0,0.000599460485562993,0.00119892097112599,0,0,0,0,0,0,0,0.000299730242781497,0,0.0844240183834549,0,0,0.089319612348886,0,0,0,0,0,0.0031971225896693,0.000499550404635828,0,0,0.00499550404635828,0,0,0,0,0.000499550404635828,0.000999100809271655,0.000399640323708662,0.00739334598861025,0,0,0,0.0124887601158957,0,0.00359676291337796,0,0,0.00769307623139175,0
0,0,0,9.99900009999e-05,0,0,9.99900009999e-05,0.0041995800419958,0,0,0,0,0,0,0.0045995400459954,0,0,0,0,0,0,0,0,0.0026997300269973,0,0.001999800019998,0,0,0.0062993700629937,0.0054994500549945,0.0394960503949605,0,0,0.0054994500549945,0,0,0.0018998100189981,0,9.99900009999e-05,0,0,0,0,0,0,0.0242975702429757,0,0,0,0,0,0,0,0,0,0,0,0,0,0,0.0002999700029997,0,0.0002999700029997,0,0,0,0,0,0,0,0,0,0,0,0,0,0,0,0,0,0,0,0,0,0,0,0.0158984101589841,0,0,0,0,0,0.0071992800719928,0,0,0.0117988201179882,0,0,0.0052994700529947,0,0,0,0,0,0.0002999700029997,0,0,0.274172582741726,0,0,0,0,0,0.0844915508449155,0,0.0038996100389961,0,0,0,0,0,0,0,9.99900009999e-05,0.0056994300569943,0.0087991200879912,0,0,0,0,0,0.0315968403159684,0,0.0011998800119988,0,0,0.0066993300669933,0,0,0,0.0007999200079992,0,0,0,0,0,0,0.0004999500049995,0,0,0.0006999300069993,0,0,9.99900009999e-05,0,0,0,0,0,0.0071992800719928,0,0,0.0001999800019998,0.0637936206379362,0,0,0,0,0,0,0.0002999700029997,0,0,0,0,0,0,0.0236976302369763,0,0,0,0,0,0,0,0,0,0,0,0,0,0.0206979302069793,0.0006999300069993,0,0,0,0,0,0,0,0,0,0,0,0,0,0,0,9.99900009999e-05,0.0022997700229977,0,0,0,0,0.0008999100089991,0,0,0,0.0266973302669733,0,0,0.0027997200279972,0,0,0,0,0,0,0.0230976902309769,0,0.0326967303269673,0,0,0.0193980601939806,0,0,0,0,0,0,0,0,0,0,0,0,0,0,0,0,0,0,0,0,0.0015998400159984,0.0020997900209979,0,0,0,0.0010998900109989,0,0,0,0.0005999400059994,0,0,0,0,0,0,0,0,0.0011998800119988,0,0,0,0,0,0,0.202879712028797,0,0,0,0,0,0,0,0,0,0,0,0,0,0,0.0054994500549945,0,0.0037996200379962,0,0,0,0
0,0,0.00159808230123851,9.98801438274071e-05,0.00829005193767479,0,9.98801438274071e-05,0,0,0.0227726727926488,0.00199760287654814,0,0,0.00219736316420296,0.00669196963643628,0,0.027966440271674,0,0.022572912504994,0.0102876548142229,0.000399520575309628,0.000799041150619257,0.00169796244506592,0,0.00239712345185777,0.039752297243308,0.00109868158210148,0,0,0.0137834598481822,0.000299640431482221,0,9.98801438274071e-05,9.98801438274071e-05,0,0,0.000299640431482221,9.98801438274071e-05,0.00459448661606073,0,0.00539352776667998,0,0,0.000499400719137036,0.00109868158210148,9.98801438274071e-05,0,0,0,0,0.0114862165401518,0.00229724330803036,0,0.000299640431482221,0.000399520575309628,0,0,0,0,0.000599280862964443,0.00938873351977627,0.000499400719137036,0.00109868158210148,0,0.000199760287654814,0.00299640431482221,0.00109868158210148,0.000499400719137036,0,0.0165801038753496,9.98801438274071e-05,0,0.000299640431482221,0.00449460647223332,0.0702157411106672,0,0,0,0,0.0013983220135837,0,0.00319616460247703,0.0150819017179385,0,0.00149820215741111,0,0,0,0.00639232920495406,0.0101877746703955,0,9.98801438274071e-05,0,0.00369556532161406,0.000499400719137036,0,0,0,0.000299640431482221,9.98801438274071e-05,9.98801438274071e-05,0,0,9.98801438274071e-05,0.000499400719137036,0,0.000299640431482221,0.00119856172592889,0.00549340791050739,0.00239712345185777,0.000299640431482221,0,0,0.0013983220135837,0,0,0,0.000599280862964443,0.000299640431482221,0,0,0,0,0,0.00389532560926888,0.100679184978026,0,0,0,0.144926088693568,0.00199760287654814,9.98801438274071e-05,0,9.98801438274071e-05,0.000599280862964443,0,0.00199760287654814,0,0,0,0.000599280862964443,0.000299640431482221,0.00289652417099481,0,0.000799041150619257,0,9.98801438274071e-05,0.000998801438274071,0.000199760287654814,0,0.000299640431482221,9.98801438274071e-05,0.00589292848581702,0.000499400719137036,9.98801438274071e-05,0,0.00399520575309628,0,0.000998801438274071,9.98801438274071e-05,9.98801438274071e-05,0,0,0.0281662005593288,0,0,0,0,9.98801438274071e-05,0,0.000599280862964443,0,9.98801438274071e-05,0,0,0,0,0.000499400719137036,9.98801438274071e-05,0.000199760287654814,0.00689172992409109,0,0,0.000199760287654814,0.000399520575309628,0,0,0,0.0199760287654814,0,0,0.00239712345185777,9.98801438274071e-05,0.000499400719137036,0.00319616460247703,0,0,9.98801438274071e-05,0,0,9.98801438274071e-05,0.00069916100679185,0,0,0,0.000299640431482221,0,0,0.000199760287654814,0.000199760287654814,0,0,0.0154814222932481,0,9.98801438274071e-05,0,9.98801438274071e-05,0.00309628445864962,9.98801438274071e-05,0.000299640431482221,0.000399520575309628,0,0.0177786656012785,0,0,0,0.00389532560926888,0,0.00169796244506592,0,0.00459448661606073,0,0,0.0123851378345985,0,0,0.000199760287654814,0,0,9.98801438274071e-05,0,0,0.00209748302037555,0,0,9.98801438274071e-05,0,0.000199760287654814,0,0,0.0013983220135837,9.98801438274071e-05,9.98801438274071e-05,0,0.000499400719137036,0,0,0.000199760287654814,9.98801438274071e-05,0.000299640431482221,0.00069916100679185,0,0,0.000199760287654814,0,0,0,0,0.000199760287654814,0.131242508989213,0,0.0098881342389133,0.0181781861765881,0,9.98801438274071e-05,0,0,9.98801438274071e-05,9.98801438274071e-05,0.0366560127846584,0,0,0.00069916100679185,0,0,0,0,0,0.000399520575309628,0.00199760287654814,0,0,0,0,0.0013983220135837,9.98801438274071e-05,0.0381542149420695,0,0,9.98801438274071e-05,0.00239712345185777
0,0,0,0,0.0397960203979602,0.0047995200479952,0,0,0,0.0208979102089791,0.00999900009999,0,0,0,0,0,0,0,0,0,0,0,0.0074992500749925,0,0,0.0050994900509949,0,0,0,0,0.0017998200179982,0,0,0,0,0,0,0,0.0041995800419958,0,0,0,0,0,0,0,0,0,0,0,0.0333966603339666,0,0,0.0010998900109989,0.0013998600139986,0,0,0,0,0,0,0,0.0011998800119988,0,0,0,0,0,0,0,0.0004999500049995,0,0.0004999500049995,0,0,0,0,0,0,0.0110988901109889,0,0,0,0,0,0,0,0,0,0,0,9.99900009999e-05,0,0,0.0107989201079892,0,0,0,0,0,0,0,0,0,0,0,0,0.0032996700329967,0.0381961803819618,0.0018998100189981,0,0,0,0,0,0,0,0.0033996600339966,0,0,0,0,0,0,0,0.0257974202579742,0,0,0,0.244075592440756,0,0,0,0,0,0,0,0,9.99900009999e-05,0,9.99900009999e-05,0,0.0030996900309969,0,0.0113988601139886,0,0.0020997900209979,0,0,0,0.0036996300369963,0.0007999200079992,0,0,0,0,0,0,0,0.0075992400759924,0,0,0,0,0,0,0,0,0,0,0,0,0,0,0,0,0,0,0.0772922707729227,0,0,0,0.0026997300269973,0,0.0037996200379962,0,0,0,0,0,0,0,0,0,0,0,0,0,0,0,0,0,0,0.0054994500549945,0,0.0046995300469953,9.99900009999e-05,0,0,0.0034996500349965,0,0,0,0,0.0010998900109989,0,0.0288971102889711,0,0,0,0.0146985301469853,0,0,0,0,0,0,0,0,0,0,0,0,0.144785521447855,0,0,0.0007999200079992,0.0046995300469953,0,0.0227977202279772,0,0,0,0,0,0,0,0,0,0,0,0.0005999400059994,0.0034996500349965,0,0.0082991700829917,0,0,0,0.0002999700029997,0.0013998600139986,0,0,0,0,0,0,0,0,0,0.0994900509949005,0,0.0082991700829917,0.0110988901109889,0,0,0,0,0,0.0033996600339966,0.0378962103789621,0,0,0,0,0,0,0,0,0,0.0091990800919908,0,0,0,0,0.0008999100089991,0,0.0004999500049995,0,0,0,0
0,0,0,0,0,0,9.99900009999e-05,0,9.99900009999e-05,0,0,0,0,0,0.001999800019998,0,9.99900009999e-05,0,0,0,0,0.0080991900809919,0,0,0,0.0770922907709229,0,0,0,9.99900009999e-05,0.0006999300069993,0,0,0.0016998300169983,0,0,0.001999800019998,0.0273972602739726,0.0001999800019998,0,0,0,0,0,0,0.0234976502349765,0,0,0,0,0,0,0,0,0,0,0,0.0003999600039996,0,0,0,0,0,0,0,0,0.0006999300069993,0.0001999800019998,0.0002999700029997,9.99900009999e-05,0,0,0,0.0176982301769823,0,0,0,0,0.006999300069993,0.0195980401959804,0,0,0.0458954104589541,0,0.0090990900909909,0.0005999400059994,0,0,0,0.0023997600239976,0,0.0050994900509949,0.0002999700029997,0,0,0,0,0,0.0048995100489951,0,0,0,0,0,0.0001999800019998,0,0,0.12028797120288,0,0,0,0,0,0.0043995600439956,0,0,0,0,0.0026997300269973,0,0,0,0.0008999100089991,9.99900009999e-05,0.0155984401559844,0.0058994100589941,0,0,0,0,0,0,0,0.0001999800019998,0,0,0.0005999400059994,0,0,0,0,0,0,0,0,0.0963903609639036,0,0,0,0,0,0,0,0,0,0,0,0,0,0,0,0,0,0,0.0001999800019998,0,0,0,0,0,0,0.0008999100089991,0,0,0,0,0,0,0.0015998400159984,0,0,9.99900009999e-05,0,0,0,0,0,0,0,0,0,0.0048995100489951,0,0,0,0,0,0,0,0,0,0,0,0,0,0,0,0,0.0004999500049995,0.0006999300069993,0,0,0,0.0041995800419958,0,0,0.0174982501749825,0,0.0308969103089691,0.0007999200079992,0,0,0,0.0005999400059994,0,0,0,0,0.0206979302069793,0,0,0,0,0.104389561043896,0,0,0,0,0,0.000999900009999,0,0,0,0,0.0005999400059994,0,0,0,0,0,0,0,0,0,0,0.0293970602939706,0,0,0.0008999100089991,0,0,0,0,0.0005999400059994,0,0,0,0,0,0.0065993400659934,0,0.0210978902109789,0.0021997800219978,0,0,0,0,0,0,0.185381461853815,0,0,0.0424957504249575,0,0,0,0,0,0,0.0037996200379962,0,0,0,0,0.0100989901009899,0,0.0013998600139986,0,0,0.0017998200179982,0
0,0,0,0,0,0,0.000100060036021613,0,0,0,0,0,0.000300180108064839,0,0.0112067240344207,0,0,0.000100060036021613,0,0,0.000800480288172904,0.000100060036021613,0,0.000200120072043226,0,0,0,0,0.00560336201721033,0.000200120072043226,0.00450270162097258,0,0,0.000400240144086452,0,0,0.000600360216129678,0.0189113468080849,0,0,0,0,0,0,0,0.0196117670602361,0,0,0,0,0.00210126075645387,0,0,0,0,0,0,0,0,0.0194116469881929,0,0,0,0,0,0,0,0,0.00120072043225936,0.0335201120672403,0,0.000100060036021613,0.000600360216129678,0,0,0,0,0,0,0.00290174104462678,0,0,0,0,0,0.000400240144086452,0,0,0,0.00280168100860516,0,0,0,0,0,0.000200120072043226,0,0.000100060036021613,0.000500300180108065,0,0,0.0346207724634781,0,0,0,0,0,0.109365619371623,0,0.0120072043225936,0,0,0,0.0539323594156494,0.000300180108064839,0,0,0.000100060036021613,0.00570342205323194,0,0,0,0.000600360216129678,0,0,0,0,0,0,0,0.00250150090054032,0.0198118871322794,0,0,0,0,0,0,0.0195117070242145,0,0.0159095457274365,0,0.000300180108064839,0,0,0,0.00880528316990194,0,0,0,0,0,0,0,0,0,0,0,0,0.000900540324194517,0,0,0,0,0,0,0,0,0,0,0.000100060036021613,0.000100060036021613,0.000100060036021613,0,0.00170102061236742,0,0,0,0.00340204122473484,0.00190114068441065,0,0.000100060036021613,0,0,0.000100060036021613,0,0,0.000500300180108065,0,0,0,0.00960576345807485,0.000200120072043226,0,0,0,0,0,0,0.00200120072043226,0.104462677606564,0,0,0,0.00730438262957775,0.0102061236742045,0.000400240144086452,0,0,0.00250150090054032,0,0,0,0,0.000300180108064839,0,0.0184110466279768,0,0.00240144086451871,0,0,0,0,0,0,0,0,0,0,0,0,0,0,0.0369221532919752,0,0,0,0,0,0,0,0,0,0,0.00110066039623774,0.0105063037822694,0,0,0,0,0,0,0.00110066039623774,0,0.000800480288172904,0.00140084050430258,0.00210126075645387,0,0,0,0,0,0,0.000500300180108065,0.00420252151290774,0,0,0,0,0.0627376425855513,0,0.00280168100860516,0.181909145487292,0,0,0,0,0,0,0.0583350010006004,0,0,0.0498298979387633,0.000300180108064839,0,0,0,0,0,0,0,0,0,0,0.00150090054032419,0,0.00720432259355613,0,0,0.000100060036021613,0
0,0.000699860027994401,0,0.0012997400519896,0.0011997600479904,0,0,0.000599880023995201,0.000699860027994401,9.99800039992002e-05,0.0001999600079984,0,0,0.0609878024395121,0.020995800839832,0,0,9.99800039992002e-05,9.99800039992002e-05,0,0.0020995800839832,0.0016996600679864,0,0,0,0,0,0,0,0.000799840031993601,0.001499700059988,0,0,0.0010997800439912,0.0022995400919816,0,0,0.0110977804439112,0.0001999600079984,0,0,0.000399920015996801,0,0.0020995800839832,0,0.00419916016796641,0.000499900019996001,0.0001999600079984,0,0,0.000899820035992801,0,9.99800039992002e-05,0.000599880023995201,0.0026994601079784,0.0001999600079984,0,0,0,0.00769846030793841,9.99800039992002e-05,0.0001999600079984,0,0.00439912017596481,0,0.000699860027994401,0.0326934613077385,0,0,0,0.00569886022795441,0.0001999600079984,0.0002999400119976,0.000799840031993601,0.000599880023995201,0,0.000399920015996801,0.000799840031993601,9.99800039992002e-05,0.00409918016396721,0,0.000599880023995201,0.0202959408118376,9.99800039992002e-05,0.00389922015596881,0.00409918016396721,0,0,0,0.00939812037592481,0,0.0017996400719856,0,0.0010997800439912,0,0,0,0,0.0011997600479904,0,0.0010997800439912,0,0.000899820035992801,0.0001999600079984,0.0001999600079984,0,0.000899820035992801,0.0449910017996401,0,0.00249950009998,0.00349930013997201,0.00599880023995201,0,0.0118976204759048,0,0,9.99800039992002e-05,0.0001999600079984,0.0028994201159768,0,0,0,0,0.00429914017196561,0.0020995800839832,0,0.000499900019996001,0,0.0001999600079984,0.000899820035992801,0.0002999400119976,0.0409918016396721,0.0001999600079984,0,9.99800039992002e-05,0.0001999600079984,0.0853829234153169,0,0.000399920015996801,0,0.0731853629274145,0,0,0,0,0,0.000599880023995201,0.0001999600079984,0.0001999600079984,0.000899820035992801,9.99800039992002e-05,0,0,0.00379924015196961,0,0,0,0,0,0.000499900019996001,0,0.000699860027994401,0.0016996600679864,0,0,0,0.00249950009998,0,0.0001999600079984,0.0018996200759848,0.000599880023995201,0,0,0,0,9.99800039992002e-05,0.000499900019996001,0.0142971405718856,0.0001999600079984,9.99800039992002e-05,0,0,0.00379924015196961,0.0002999400119976,0.000599880023995201,0,0,0,0,0,0.0017996400719856,0.0364927014597081,0,0.00249950009998,0,0,0,0.0001999600079984,0,9.99800039992002e-05,0.000899820035992801,0,0,0.0470905818836233,0,0.00889822035592881,9.99800039992002e-05,0,0,0,0.0012997400519896,0.00899820035992801,0.0112977404519096,0.0023995200959808,0.0001999600079984,9.99800039992002e-05,0.00539892021595681,0.000999800039992002,0.021995600879824,0.000399920015996801,0.0161967606478704,0.00659868026394721,0,0,0,0,0.0177964407118576,0,0.00619876024795041,0.0011997600479904,0.0193961207758448,0,0.000899820035992801,0.0230953809238152,0,0.000599880023995201,0.0001999600079984,0,0.0002999400119976,0,0.000599880023995201,0,0,0,0,0.0026994601079784,0.0025994801039792,0,0,0,0,0.0001999600079984,0.00339932013597281,0,0.000699860027994401,0.00339932013597281,0.0111977604479104,0.0013997200559888,9.99800039992002e-05,0.0012997400519896,0.000699860027994401,0,0,0.0002999400119976,0,0,0.00349930013997201,0,0.0013997200559888,0.0932813437312538,0.0010997800439912,0.000399920015996801,0,0,0,0.0002999400119976,0.0002999400119976,0.000499900019996001,9.99800039992002e-05,0,0.0001999600079984,0.0682863427314537,0.00569886022795441,0,0,0,0,0,0.000899820035992801,0.0015996800639872,0,0,0.0001999600079984,0,0.00689862027594481,0.000599880023995201,0.0016996600679864,0,0,0.0018996200759848,0
0,0,0,0,0.0187849720223821,0,0,0,0,0.00589528377298161,0,0,0,9.99200639488409e-05,0.0160871302957634,0,0,0,0.0127897681854516,0,0,0.000799360511590727,0.00279776179056755,0,0,0.245003996802558,0,0,0.00129896083133493,0,9.99200639488409e-05,0,0,0.00149880095923261,0,0,0,9.99200639488409e-05,0,0,0.00619504396482814,0,0.00289768185451639,0,0.00179856115107914,0.000199840127897682,0,0,0,0,0,0.000199840127897682,0,0,0,0,0.0109912070343725,0,0,9.99200639488409e-05,0,0.00619504396482814,0,0,0.000199840127897682,0.000799360511590727,0.000699440447641887,0.000499600319744205,0,0,0.000399680255795364,0,0,0.00649480415667466,0,0,0,0,0,9.99200639488409e-05,0,0,9.99200639488409e-05,0,0,0,0.00189848121502798,0,0.00269784172661871,0.00299760191846523,0,0.000299760191846523,0.00999200639488409,0,0.00209832134292566,0.00149880095923261,0,0,0.000399680255795364,0,0,0,0,0,0.000599520383693046,0,0,0.00549560351718625,0.00969224620303757,0,0,0,0,0.000899280575539568,0.000699440447641887,0,0,0,0,9.99200639488409e-05,0,0,0.0258792965627498,0,0,0.0602517985611511,0,0,0,0.263888888888889,0.0021982414068745,9.99200639488409e-05,0,0,0,0,9.99200639488409e-05,0,0,0,0.00109912070343725,0,0.00349720223820943,0,0,0,9.99200639488409e-05,0,0,0,0.000199840127897682,0,0,0,0,0,0,0,0.000699440447641887,0.000399680255795364,0,0,0,9.99200639488409e-05,0,0,0,0,0,0,9.99200639488409e-05,0,0.0690447641886491,0,0,0,0,9.99200639488409e-05,9.99200639488409e-05,0,0,0,0,0,9.99200639488409e-05,0,0,0,0,0,0,0.000199840127897682,0,0,0,0,0,9.99200639488409e-05,0,0,0,0,0,0,0,0.000999200639488409,0,0,0,0,0,0,0,9.99200639488409e-05,0,0,0.00419664268585132,0.000399680255795364,0.000299760191846523,0.00259792166266986,0,0.000499600319744205,0,0,0.000899280575539568,0,0,0,0.0101918465227818,0.000499600319744205,0.00159872102318145,0,0,0.0338729016786571,0,0,0,0,0,0,0,0,0,0,0,0,0,0,0,0,0,9.99200639488409e-05,9.99200639488409e-05,0,0,0,0,0,0,0,0.000199840127897682,0,0,0,0,0,0,0,0,0.0933253397282174,0,9.99200639488409e-05,0.0230815347721823,0,0.000899280575539568,0.000199840127897682,0,0,0.000199840127897682,0.00249800159872102,0,0.000799360511590727,0.00529576338928857,0,0,0,0,0,0.00189848121502798,9.99200639488409e-05,0,0,0,0,0.00159872102318145,0,9.99200639488409e-05,0,0,0.00259792166266986,0
0,0,0,0,0,0,0.0042,0,0,0,0,0,2e-04,0.0504,0.004,0,0,0,0,0,0,0,0,7e-04,0,0.1063,0,0,0,0.0059,0.0162,0,0,0,0,0,0.003,0,0,0,0,0,0,0,0,0,0,0,0,0,0,0,0,0,0,0,0,2e-04,0,0,0,0,0,0,0,0,0.0065,0,0,0,0,0,0,0,0,1e-04,0,0,0,0,0,0,0,0,0,0,0,0,0,0,0,0.0026,0.0018,0,0,2e-04,0,0,0,0,0,0.0075,0,0,0,0,0,6e-04,0,0,0,0,0,0,0,0,0,0.0014,0.0211,0,0,0,0,2e-04,0.0104,0,0,0,0,0,0,0,0,1e-04,0,0,0.0977,0,0,0,0.0013,0,0,0,0,0,0,0,0,0,0,0.0016,0,0,0,0,0,0,0,0,0,0,0,3e-04,0,0,0,0,0,0,0,2e-04,0,0,0,0,0,0,0,0,0,0,0,0,0,0,0,0,0,0,0,0,0,0,0.0349,0,0,0,0,0,0,0,0,0,0,0,0,0,0,0.004,0,0,0,0,0,0,0,0,0.0269,0,0,0,0,0,0,0.0014,0,0,0,0,0,0,0,0.0871,0,0,0,0,0,3e-04,0,0,0.0106,0,0,0,0,0,0,0,0,0,0,0,0,0,0,0,0,0,0,0,0,0,0,0,0,0,0,0.0063,0,0,0.0494,1e-04,0,0,0,0,0,0.4156,0,0,0,0,0,2e-04,5e-04,1e-04,0,0,0,0,0,0,0,0,0,0,0,0.0179,0
0,0,0,0,0.0105915267785771,0,9.99200639488409e-05,0,0,0.00639488409272582,0.00859312549960032,0,0,0.0253796962430056,0.000999200639488409,0,0.00559552358113509,0,0,0,0,0.00979216626698641,0,0,0,0.0247801758593125,0,0,0.000499600319744205,0.00399680255795364,0.00949240607513989,0,0,0.00309752198241407,0,0,0.0242805755395683,0.00749400479616307,0.0185851318944844,0,0,0,0.00319744204636291,0,0.000599520383693046,0.00239808153477218,0,0,0,9.99200639488409e-05,0,0,0,0,0,0,0,0,0,0.0152877697841727,0,0.00349720223820943,0.000899280575539568,0,9.99200639488409e-05,0,0.00449640287769784,0,0,0.00429656274980016,0,0,0,0,0,0,0,0,0,0.00649480415667466,0,0.0127897681854516,0.0129896083133493,0,0,0,0,0,0.00159872102318145,0,9.99200639488409e-05,9.99200639488409e-05,9.99200639488409e-05,0,0.00109912070343725,9.99200639488409e-05,0,0,0.00209832134292566,9.99200639488409e-05,0,0,0,0,0,0,0,0.000599520383693046,0.00129896083133493,0.000399680255795364,0.00199840127897682,0,0.000199840127897682,0.0111910471622702,0,0,0.0038968824940048,0.000199840127897682,0.00779376498800959,0,0,0,0.0108912869704237,0,0.000699440447641887,0.0643485211830536,0,0,0,0.107913669064748,0.0166866506794564,0.0281774580335731,0,0,9.99200639488409e-05,0,9.99200639488409e-05,0,0,0,9.99200639488409e-05,0,0.000399680255795364,0,0.00679456434852118,0,0.000199840127897682,0.00159872102318145,0,0.000999200639488409,0.000899280575539568,0,0,0,9.99200639488409e-05,0,0,0,0.00199840127897682,0.00499600319744205,0,0,0,0,0,0,0,0,0,0,0.0021982414068745,0,0,0,0,0,0,0.0160871302957634,0.0163868904876099,0,0,0,0,0,0.00649480415667466,0,0,0,0,9.99200639488409e-05,0,0.0119904076738609,9.99200639488409e-05,0,0,0,0,0,0,0,0,0,0,0.0532573940847322,9.99200639488409e-05,0.000899280575539568,0,0,0.000199840127897682,0,0,0,0,0,0.00179856115107914,0,0.00669464428457234,0,0.0224820143884892,0,0.0444644284572342,0,0,0,0,0,0,0,0.0409672262190248,0,0,0,0,0.00719424460431655,0,0,0,0,0,0.00109912070343725,0,0,0,0,9.99200639488409e-05,9.99200639488409e-05,0,0,0,0,0,0,0,0,0,0.00119904076738609,9.99200639488409e-05,0,0.00859312549960032,0.0230815347721823,0,0,0.00319744204636291,9.99200639488409e-05,0,0,0,0,0.00119904076738609,9.99200639488409e-05,0,0,0.0239808153477218,0,0,0,0,0,0.00249800159872102,0.124900079936051,0,0,0.0599520383693046,0,0,0,0,0,0.00149880095923261,0.00149880095923261,0,0,0,0,0.00349720223820943,0,9.99200639488409e-05,0,0,0.00509592326139089,0
0,0,0,0,0.0119964010796761,0,9.99700089973008e-05,0.0170948715385384,0,0.0165950214935519,0.00239928021593522,0,0,0.00889733080075977,0.00179946016195141,0,0,0,0,0,0.00439868039588124,0.0128961311606518,0.00589823053084075,9.99700089973008e-05,0.00199940017994602,0.0466859942017395,0.000699790062981106,0.00149955013495951,9.99700089973008e-05,0,9.99700089973008e-05,0,0,0,0,0,0.000299910026991902,0,0,0,0.00959712086374088,0.00209937018894332,0,0,0.00129961011696491,0.000199940017994602,0,0,0,0,0,0,0,0,0,0,0,0,0,0.00149955013495951,0,0.0154953513945816,0.0250924722583225,0,0,0.00379886034189743,0.00559832050384884,0.00289913026092172,0.00209937018894332,0,0,0,0,0.0540837748675397,0,0,0,0,0,0,0,0,0.000699790062981106,0,0,0,0.00689793062081376,0,0,0,0,0,0.000299910026991902,0,0,0,9.99700089973008e-05,0,0,0,0,0,0,0,0,0,0,0.00129961011696491,0.00709787063880836,0,0,0,0,0,0,0,0,0.000199940017994602,0,0,0,0,0.0145956213136059,0,0,0.148355493351994,0,0,0,0.122563231030691,0,0.00129961011696491,0,0,0.000299910026991902,0,0,0,0,0,9.99700089973008e-05,0,0,0,0,0,0,0,0,0,0,0,0,0,0,0,0,0,0,0.00459862041387584,0,0,0,0,0,0,0,0,0,9.99700089973008e-05,0,0,0.00389883035089473,0,0,0,0,0,9.99700089973008e-05,0,0,0,0,0,0.000599820053983805,0,0.000999700089973008,0,0,0,0,0.00599820053983805,9.99700089973008e-05,0,0,0,0,0,0,0,0,0,0,0,0,0,0,0,0,0,0,0,0,0,0.00229931020693792,0,0.00149955013495951,0,0,0,0,0,0,0,0,0,0,0,0,0,0,0,0,0.0416874937518744,0,0,0,0,0,0,0,0,0,0,0,0,0,0,0,0,0,0,0,0,0,0,0.00179946016195141,0,0,0.00229931020693792,0,0,0,0.000199940017994602,0.0391882435269419,0,0,0,0,0.00119964010796761,0,0,0,0.0576826951914426,0,0,0,0,0,0.262521243626912,0,0,0,0,0,0,0,0.000299910026991902,0.0117964610616815,0,0,0,0,0,0,0,0,0,0,0,0
0,0,0.000699790062981106,0,0,0,9.99700089973008e-05,0,0,0,0.00569829051284615,0,0,0.0115965210436869,0,0,0.00629811056682995,0,0,0,0,0.000999700089973008,0.00489853044086774,0,0,0.111966410076977,0.00119964010796761,0,9.99700089973008e-05,0,0,0,0.00129961011696491,0.000599820053983805,0,0,0,0,0.00239928021593522,0.000199940017994602,0.00799760071978406,0,0,0,0.00119964010796761,0.00149955013495951,0,0,0,0,0,0,0,0,0,0,0,0,0,0.000199940017994602,0.0113965810256923,0.000799760071978406,0.000999700089973008,0,0.000699790062981106,0,0,0,0.000299910026991902,0.0104968509447166,0,0,0.000499850044986504,0.0632810156952914,0,0,0,0,0,0,0,0.00599820053983805,0,0,0,0.000499850044986504,0.0127961611516545,0,0,0,0,0.000199940017994602,9.99700089973008e-05,0,0,0,0,0.000999700089973008,0,0,0,0.0157952614215735,0,0,0,0,0,0.0143956812956113,0.00859742077376787,0,0,0.000699790062981106,0,0.0326901929421174,0,0,0,0.000899730080975707,0,0.000199940017994602,0,0,0.0146955913226032,0,0.000399880035989203,0.123562931120664,0,0,0,0.146955913226032,0,0,0,9.99700089973008e-05,0.000199940017994602,0,9.99700089973008e-05,0.000199940017994602,0,0,0,0,0.000699790062981106,0,0,0,9.99700089973008e-05,0,0,0,0.000499850044986504,0,0,0,0.00659802059382185,0,0,9.99700089973008e-05,0,0.00499850044986504,0,0,0,0,0,0,0,0,0,0.0233929821053684,0,0,9.99700089973008e-05,0,0,0,0,0.00589823053084075,0.0207937618714386,0.000199940017994602,0,0,0,0,9.99700089973008e-05,0,0,0,0,0,0,0.00429871038688393,0.000199940017994602,0,0,0,0,0,0,0,0,0,0,0.000199940017994602,0.0289913026092172,0.000199940017994602,0,0,0.000199940017994602,9.99700089973008e-05,0,0,0,0,0.000199940017994602,9.99700089973008e-05,0,0.000299910026991902,0.00439868039588124,0,9.99700089973008e-05,0,0,0,0,9.99700089973008e-05,0,0,0.00439868039588124,0,0.011296611016695,0,0,0.0221933419974008,0,0,0,0,0,9.99700089973008e-05,0,0,0,0,0,0,9.99700089973008e-05,0,0,0,0,0,0,0,0,0.000499850044986504,0,0,0,0,0,0,0.000199940017994602,0,0,9.99700089973008e-05,0,0,0,0.00119964010796761,0,0,0.00669799060281915,0,0,0,0,0,0,0.19334199740078,0,0,0.00389883035089473,0,0,0,0,0,0,0.000299910026991902,0,0.0188943317004899,0,0,0,0,0.000399880035989203,0,0,0.00579826052184345,0.000199940017994602
0,0,0,9.99500249875062e-05,0.0104947526236882,0,0,0,0,0,0.00219890054972514,0,0,0,0.00379810094952524,0,0,0,0,0,0,0.0274862568715642,0,0,0,0.00359820089955022,0,0,0,0.00429785107446277,0,9.99500249875062e-05,0,0,0,0,0,0.0116941529235382,0.00139930034982509,0,0.00489755122438781,0,0,0,0.00489755122438781,9.99500249875062e-05,0,0,0,0,0.00219890054972514,0,0,0,0.000699650174912544,0,0,0,0,0.0047976011994003,0,0.0144927536231884,0,0,0,0.00889555222388806,0.00229885057471264,0,0,0.00419790104947526,0,0,0.000399800099950025,0.00809595202398801,0,0,0,0,0,0.000999500249875062,0,0.00229885057471264,0,0,0,0,0,0,0.00219890054972514,0,0,9.99500249875062e-05,0,0,0,0,0,0,0,0,0,0,0,0.000199900049975012,0,0,0,0.087656171914043,0.0329835082458771,0,0,0,0,0,0,0,0,0,0.00389805097451274,0,0,0,0.0111944027986007,0,0.0584707646176912,0.064767616191904,0,0,0,0.144727636181909,0.0145927036481759,0.00519740129935032,0,0,0,0,0,0,0,0,0.000299850074962519,0,0,0,0,0,0,0,0,0,0.00249875062468766,0,0,0,0,0,0,0,0,0,0,0,0,0,0,0,0,0,0,0,9.99500249875062e-05,0,9.99500249875062e-05,0,0,0,0,0.00229885057471264,0.0180909545227386,0,0,0,0,0,0.000499750124937531,0,0,0,0,0,0,0.00669665167416292,0,0,0,0,0,0,0,0,0,0,0,9.99500249875062e-05,0,0.000399800099950025,0,0,0,0,0,0,0.000299850074962519,0,0,0,0.00189905047476262,0,0.00619690154922539,0.000199900049975012,0,0.000899550224887556,0,0,0,0,0,0,0.00199900049975012,0,0.0063968015992004,0,0,0.00999500249875063,0,0,0,0,0,0,0,0,0,0,0,0,0,0,0,0,0,9.99500249875062e-05,0,0,0,0,0.000199900049975012,0,0.00199900049975012,0,0,0,0,0.000299850074962519,0,0,0,0,0,0.00779610194902549,0.000999500249875062,0.00339830084957521,0.0282858570714643,0,0,0,0,0,0.00249875062468766,0.316741629185407,0,0,0.0148925537231384,0,0,0,0,0,0.00329835082458771,0.00439780109945028,0,0,0,0,0,9.99500249875062e-05,0.000599700149925037,0,0,0.00499750124937531,0
0,0,0,0,0.0158888777855501,0,9.9930048965724e-05,0,9.9930048965724e-05,0.00349755171380034,0.002897971420006,0,0,0,0.00119916058758869,0,0.00159888078345158,0,0,0,0.00429699210552613,0,0.000899370440691516,0,0,0.115119416408514,9.9930048965724e-05,0,9.9930048965724e-05,0.00769461377036075,0.0108923753372639,0.00049965024482862,0,0.00559608274208054,0,0,0,0.00809433396622364,0.00109923053862296,0,0,0,0,0,0.00159888078345158,0.00359748176276606,0,9.9930048965724e-05,0,9.9930048965724e-05,0.0275806935145398,0,0.000199860097931448,9.9930048965724e-05,0,0,0,0,0,0.0181872689117618,0,0.0095932847007095,0.00049965024482862,0,0,0.00189867093034876,0.00609573298690916,0.00159888078345158,0.000199860097931448,0,0.000299790146897172,0,0,0.0105925851903667,0.0308783851304087,0,0,0,9.9930048965724e-05,0.00879384430898371,0,0,0.0194863595483162,0,0,0.000299790146897172,0,0,0.000799440391725792,0.00629559308484061,9.9930048965724e-05,9.9930048965724e-05,9.9930048965724e-05,0,0.00049965024482862,0.00049965024482862,0,0,0.00109923053862296,0,0,0,0,0,0.000899370440691516,0,0.00329769161586889,0.00659538323173778,0.00939342460277806,0,0,0,0,0.00509643249725192,0,0,0,0,0.00279804137104027,0,0,0,0,9.9930048965724e-05,0.00429699210552613,0.00589587288897772,0,0,0,0.0833416608374138,0.01518936744279,0.00199860097931448,0,0,0.000799440391725792,0,9.9930048965724e-05,0,9.9930048965724e-05,0,0,9.9930048965724e-05,0,0,0,0,0,0,0,0,0.00239832117517738,0.00479664235035475,0,0,9.9930048965724e-05,0,0,0,0,0.0024982512241431,0,0,0,0.234036174677726,0.00399720195862896,0,9.9930048965724e-05,0,0,0,9.9930048965724e-05,0,9.9930048965724e-05,0,0,0,0,0.0099930048965724,0,9.9930048965724e-05,0.00299790146897172,0,0.000199860097931448,9.9930048965724e-05,0.00299790146897172,0,0,0,0.00119916058758869,9.9930048965724e-05,0,0.00589587288897772,0,0,0,0,0,0,0,0,0,0,0,0.00489657239932048,0,0.00169881083241731,0,9.9930048965724e-05,0,9.9930048965724e-05,0,0.00259818127310882,0,0.000699510342760068,0.00099930048965724,0,0.00509643249725192,0.00899370440691516,0,0,0.00619566303587489,0,0,0,0,0.000199860097931448,0,0,0.0053962226441491,0,0.0155890876386529,0,0,0.00529629259518337,0,0,0,0,0,0.000199860097931448,0,0,0,0,9.9930048965724e-05,0,0,0,0,0,0.00859398421105226,0,0.00299790146897172,9.9930048965724e-05,0.00199860097931448,0.000699510342760068,0.000199860097931448,0,0.00129909063655441,0.00389727190966324,0,0,0,9.9930048965724e-05,0.00479664235035475,0,0,0,0,9.9930048965724e-05,0,0.00179874088138303,0.0103927250924353,0.000299790146897172,0.000399720195862896,0,0,0.000299790146897172,0,0.100529629259518,9.9930048965724e-05,0,0.0436694313980214,0,0,0,0,0,0,0.00099930048965724,0,0,0,0,0.00139902068552014,0,0.000399720195862896,0,0,0.0134905566103727,0.000599580293794344
0,0,0,0,0.0131013101310131,0,0.0001000100010001,0,0,0,0.0077007700770077,0,0,0.0003000300030003,0,0,0.022002200220022,0,0,0,0,0.0121012101210121,0,0.0002000200020002,0,0.117911791179118,0.0004000400040004,0,0.001000100010001,0,0.0003000300030003,0,0,0.0008000800080008,0,0,0,0,0,0,0.0062006200620062,0,0,0,0,0,0,0,0,0,0,0,0,0,0.0001000100010001,0,0,0,0,0.016001600160016,0,0.0169016901690169,0.0011001100110011,0,0.0006000600060006,0.0126012601260126,0.0013001300130013,0.0004000400040004,0,0.0081008100810081,0,0,0,0.0031003100310031,0,0,0,0,0,0.0014001400140014,0,0,0.0015001500150015,0,0,0,0,0,0,0,0,0,0,0,0,0,0.0011001100110011,0,0,0,0,0,0,0,0,0,0,0.0526052605260526,0.0077007700770077,0,0,0,0,0,0,0,0,0,0,0,0,0,0,0,0,0.0845084508450845,0,0,0,0.078007800780078,0,0.0009000900090009,0,0,0.0011001100110011,0,0,0,0,0,0,0,0,0,0,0,0,0,0,0.0001000100010001,0.0009000900090009,0,0,0,0,0,0,0,0,0.0009000900090009,0,0,0,0.0001000100010001,0,0,0,0,0.0001000100010001,0,0.0004000400040004,0,0.0042004200420042,0,0,0,0,0.0053005300530053,0,0,0,0,0,0,0.0009000900090009,0,0,0,0,0,0,0.0342034203420342,0,0.0034003400340034,0,0,0,0,0,0,0,0,0,0,0,0.0044004400440044,0,0,0.0006000600060006,0.0008000800080008,0,0,0,0,0,0,0.0022002200220022,0.0018001800180018,0.0168016801680168,0,0,0.0029002900290029,0,0,0,0,0,0,0.0111011101110111,0,0,0,0,0.0137013701370137,0,0,0.0001000100010001,0,0,0.0003000300030003,0,0,0,0,0,0.005000500050005,0,0,0,0,0,0,0,0,0,0.0006000600060006,0.0007000700070007,0,0,0,0,0,0,0.0002000200020002,0,0,0,0,0,0.0344034403440344,0,0,0.008000800080008,0,0,0,0.0915091509150915,0.0002000200020002,0.0003000300030003,0.254525452545255,0,0,0.0066006600660066,0,0,0,0,0,0,0.0025002500250025,0,0,0,0,0.0008000800080008,0.0004000400040004,0.0045004500450045,0,0,0.0112011201120112,0.0022002200220022
0,0,0,0,0,9.99700089973008e-05,0,0,0,0,0.00189943017094872,9.99700089973008e-05,0,0,0,0,0,0,0,0,0,0.00129961011696491,0,0,0,0.0128961311606518,0,0,0,0,0.00239928021593522,0,0,0.00149955013495951,0,0,0.00199940017994602,0.0163950814755573,0.000199940017994602,0,0,9.99700089973008e-05,0,0.00519844046785964,0,0.135259422173348,0,0,0,0,0,0,0,0,0,0,0,0,0,9.99700089973008e-05,0,0,0,9.99700089973008e-05,0,0,0.00119964010796761,0,0,0,0.000899730080975707,0,0.000199940017994602,0,0,0,0,0,0,0.00779766070178946,0,0,0.0143956812956113,0,0,0,0,0,0,0.00179946016195141,0,0.00289913026092172,9.99700089973008e-05,0,0,0,0,0,0.000799760071978406,0,0,0,0,0.000199940017994602,0.000799760071978406,0,0.0390882735179446,0.103768869339198,0,0,0,0,0,0,0,0,0,9.99700089973008e-05,0.000699790062981106,0,0,0,0,9.99700089973008e-05,0.00669799060281915,0,0,0,0,0,0,0.0278916325102469,0,0,0,0,9.99700089973008e-05,0,0,0,9.99700089973008e-05,0,0,0,0,0,0,0,0,0,9.99700089973008e-05,0,0,0,0,0,0,0,0,0.00519844046785964,0,0,0,0.0288913326002199,0,9.99700089973008e-05,0,0,0,0,0,0,0,0,0,9.99700089973008e-05,0,0.000899730080975707,0,9.99700089973008e-05,0,0,0,0,0,0,0,0,0,0,0,0,0,0,0.00199940017994602,0,0,9.99700089973008e-05,0,0,0,0,0,0,0,0,0,0,9.99700089973008e-05,0,0,0,0,0,0.00179946016195141,0,0.00359892032390283,0,0,0,0,0,0,0,0,0,0,0,0.0101969409177247,0,0,0,0,0.00809757072878137,0,0,0,0,0,0,0,0,0,0,0,9.99700089973008e-05,0,0,0,0,0,0,0.000399880035989203,0,0.000399880035989203,0,0,0,0,0,0,0,0,0.000199940017994602,9.99700089973008e-05,0,0,0,0.00329901029691093,0.000999700089973008,0,0,0.00149955013495951,0,9.99700089973008e-05,0,0,0,0.000399880035989203,0.508047585724283,0,0,0.00499850044986504,0,0,0,0,0,0,0.0251924422673198,0,0,9.99700089973008e-05,0,0.00249925022493252,0,0.000199940017994602,0,0,0.000999700089973008,0
0,0,0,0,0,0,9.99700089973008e-05,0,0,0,9.99700089973008e-05,0.000199940017994602,0,9.99700089973008e-05,0.00269919024292712,0,0,0,0,0,0.000599820053983805,0.00239928021593522,0,0.00569829051284615,0,0.290312906128162,0,0,0.00369889033290013,0,0.00369889033290013,0,0,0.0116964910526842,0,0.00409877036888933,0.00139958012596221,0.0280915725282415,0.00119964010796761,0,0,0,0,0.00149955013495951,0,0.000299910026991902,0,0.000299910026991902,0,0,0,0,0,0,0.000499850044986504,9.99700089973008e-05,0,0.000299910026991902,0,0.0435869239228232,0,0,9.99700089973008e-05,0,0,0.000599820053983805,0.00129961011696491,0,0,0,0.00139958012596221,0,0,0.012296311106668,0,0,0,0,0,0.000499850044986504,0,0,0,9.99700089973008e-05,0.000399880035989203,0.000499850044986504,9.99700089973008e-05,0,0,0.00589823053084075,0,0.00769769069279216,0,0,0,0,0,0,0.00989703089073278,0,0,0,0,0,9.99700089973008e-05,0,9.99700089973008e-05,0.0446865940217935,0,0,0,0,0,0.00139958012596221,0,0.00129961011696491,0,0.00549835049485154,0.000399880035989203,0,0,0,0,9.99700089973008e-05,0.0203938818354494,0.0278916325102469,0,0,0,0,0.000299910026991902,9.99700089973008e-05,0,0,0,0,0.0456862941117665,0,0,0,0.0126961911426572,0,0,0,0.0176946915925222,0,0.000499850044986504,0,0,0,9.99700089973008e-05,0,0,0,9.99700089973008e-05,0,0,0,0.00139958012596221,0.0163950814755573,0,0,0,0.000199940017994602,0,0,0,0,0,0,0.000999700089973008,0,0,0,0,0,0,0,0.00519844046785964,0.000199940017994602,0.00109967009897031,0,0,0,9.99700089973008e-05,0,0,0,0.00609817054883535,0.000299910026991902,0,0,0,0,9.99700089973008e-05,0,0,0,0,0,0.00279916025192442,0,0,0,0,0.0179946016195141,0,0,0,0.00139958012596221,0,0,0.00309907027891633,9.99700089973008e-05,0.00169949015295411,0,0.0121963410976707,0.000299910026991902,0.0119964010796761,0.000399880035989203,0,0,0,0,0,0.000199940017994602,0,0,0.00439868039588124,0.00219934019794062,9.99700089973008e-05,0,0,0.0636808957312806,0,0,0,0,0,0.000499850044986504,0,0,0,0,0,0,0,9.99700089973008e-05,0,0,0,0.000699790062981106,0.000199940017994602,0,0.00149955013495951,0.00219934019794062,0,9.99700089973008e-05,0.00119964010796761,0.000699790062981106,0.000399880035989203,0,0,0.000199940017994602,0,0,0,0,0.000299910026991902,0,0,9.99700089973008e-05,0.0124962511246626,0,0.00349895031490553,0,0,0,9.99700089973008e-05,0.133459962011397,9.99700089973008e-05,0,0.0223932820153954,0,0,0,0,0,0,0.000999700089973008,0,0,9.99700089973008e-05,0,0.0108967309807058,0,0.000999700089973008,0,0,0.029591122663201,0
0,0,0,0.0179,0,0,0.0039,0,0,0,0,0,9e-04,0,0,0,0,0,0,0,0,0,0,0,0,0,0,0.0496,0,0.0189,0,0,0,0,0,0,0.0021,0,0,0,0,0,0,0,0,0,0,0,0,0,0,0,0,0,0,0,0,0,0,0,0,0,0,0,0,0,0,0.02,0.0079,0,0,0,0,0,0,0.0014,0,0,0,0,0,0,0,0,0,0,0,0,0.0067,0,0,0,0.5497,0,0,0,0,8e-04,0,0,0,0.0084,0,0,0,0,0,0,0,0,0,0,0,0,0,0,0,0,0,0,0,0,0.0014,0.0654,0,0,0,0,0,0,0,0,0,0,0,0,0,0,0,0,0,0.0018,0,0,0,0.1339,0,0,0,0,0,0,0,0,0,0.001,0,0,0,0,0,0,0,0,0.0013,0,0,0,0,0,0,0,0,0,0.001,0,0,0,0,0,0,0,0,0,0,0,0,0,0,0,0,0,0,0,0,0,0,0,0,0,0,0,0,0,0,0,0,0,0,0.0014,0,0,0,0,0,0,0,0,0.0025,0,0,0,0,0,0,0,0,0,0,0,0,0,0,0,0.0676,0,0,0,0,0,0,0,0,0,0,0,7e-04,0,0,0,0,0,0,0,0,0,0,0,0,0,0,0,0,0,0,0,0,0,0,0,0,0,0,0,0,0,0,0,0,0,0,0,0,0.002,0.0014,0,0,0.0304,0,0,0,0,0,0,0,0,0,0,0,0,0
0,0.0043,3e-04,0,0,1e-04,0,0,0,0,0,0,1e-04,0,0,0,0,0,0,0,0,0,0,1e-04,0,0.0992,0,0,0,0.0021,0,0,0,0,0,0,5e-04,0,1e-04,0,0,0,0,0,0,0,0,0,0,0,0,0,0,0,0,0,0,0,0,0,0,0,0,0.0043,0,0,0.0127,0,0,0.0116,0.0024,0,0,0.002,0,0,0,0,0,0,0,0,0.0048,0,0,0,0,0,0,8e-04,0,0.0026,0.0029,0,0,0,0,0,0,0,0,0,0,0,0,0,0,0.1354,0,0,0,0,0,0.0034,0,0,0,1e-04,0.0234,0,0,0,0,1e-04,0,0,3e-04,0,0,0,0,0,0,0,0,0,0,2e-04,0,0,0.08,0,0,0,0,0,0,0,0,0,0,0,0.0065,0.0047,0,0,0,0,0,1e-04,0,0,0,0,0.011,0,0,0,0,0,0,0,0,0,0,0,0,0,0.0013,0,0,0,0,0,0,0,0,0,0,0,0,0,0,0,0,0,0,0,0,0,0,0,0,0,0,0.0253,0,0,0,1e-04,0,0,0,0,0,0,0.0094,0,0.0544,0,0.0728,0,0,0,0,0,0,0.0331,0,0,0,0,0,0.0034,0,0,0,0,0,0,0,0,0,0,0,0,1e-04,0,0,0,0,0,0,0,0,0,0.0035,0,0,0,0,0,0,0.001,1e-04,0,0,0,0,0,0,0,0.0039,0.1977,0,0,0,0,0,0.1664,0,0.0033,0,0,0.0025,0.002,0,0,0,0,0,0,0,0,0,0,0.0036,0,0,0,0
0,0,0.00269568690095847,0,0.0261581469648562,0,9.98402555910543e-05,0,9.98402555910543e-05,0.00599041533546326,0.00419329073482428,0,0,0,0.00179712460063898,0,0.00738817891373802,0.000798722044728434,0.00938498402555911,0,0.00069888178913738,0.012879392971246,0.0010982428115016,0.0010982428115016,0.0120806709265176,0,0,0,0.000399361022364217,0,0.018470447284345,0,0,0.00249600638977636,0.00289536741214057,0,0,0.00229632587859425,0.00419329073482428,0,0.0215654952076677,0,0,0.000299520766773163,0,9.98402555910543e-05,0,9.98402555910543e-05,0,9.98402555910543e-05,0,0.00069888178913738,0,0,0,0,0,0,0,0.011082268370607,0.00828674121405751,0.00389376996805112,0.00119808306709265,0,0.0045926517571885,0.000599041533546326,0.0121805111821086,0.00938498402555911,0.00159744408945687,0.00369408945686901,0,0,0,0.00549121405750799,0.00658945686900958,0,0,0,0,0.025658945686901,0,0.0290535143769968,0.0108825878594249,0,0,0.000299520766773163,0,0.00209664536741214,0.00179712460063898,0,0.0080870607028754,9.98402555910543e-05,9.98402555910543e-05,0,0.00439297124600639,0.0123801916932907,0,0,0,0.000499201277955272,0,0,0.00159744408945687,0.00249600638977636,0,9.98402555910543e-05,9.98402555910543e-05,0.0705870607028754,0.00449281150159744,0,0.000898562300319489,0,0,0.000599041533546326,0.000599041533546326,0,0.00069888178913738,0.0010982428115016,0.00688897763578275,0,0.0215654952076677,0.0167731629392971,0,0,9.98402555910543e-05,0.150259584664537,0,0.00579073482428115,0,0.0875599041533546,0.00309504792332268,0.00389376996805112,0,0.000199680511182109,0.0023961661341853,9.98402555910543e-05,9.98402555910543e-05,9.98402555910543e-05,0,0,9.98402555910543e-05,0,0.00069888178913738,0,0,0,0.00149760383386581,0,0,0.000199680511182109,0.00069888178913738,0,0,0,0,0,0.000199680511182109,0,0.0245607028753994,0.00509185303514377,0,0,0,0.000299520766773163,0.00609025559105431,0,0,0,0.000199680511182109,0,0.00249600638977636,0,0,0.00159744408945687,0,0,0,0.00898562300319489,0.0625,9.98402555910543e-05,0.00449281150159744,0,0,0,0.000898562300319489,0.000798722044728434,0,0,0.00179712460063898,0,0,0,0.000299520766773163,0,0.000898562300319489,0,0,0,0,0.0297523961661342,0,0,0,0,0,0.0139776357827476,0,0,9.98402555910543e-05,9.98402555910543e-05,0,0,0.00559105431309904,0,0.000998402555910543,0,0.00539137380191693,0.00139776357827476,0,0,0.00119808306709265,0.00339456869009585,0.000798722044728434,0.0010982428115016,0.000299520766773163,0,0,0,0.00149760383386581,0.00289536741214057,0.000199680511182109,9.98402555910543e-05,9.98402555910543e-05,0.00678913738019169,0,9.98402555910543e-05,0.000299520766773163,0,0,0.00259584664536741,0,0,0.0080870607028754,0,0.000399361022364217,0,0,0,0,9.98402555910543e-05,0.00209664536741214,0.000599041533546326,0.00269568690095847,9.98402555910543e-05,0.00229632587859425,0.000399361022364217,0.00129792332268371,0.000499201277955272,0.00878594249201278,0.000299520766773163,0.00289536741214057,0,0,9.98402555910543e-05,0.000199680511182109,0,0,0,0,0.0122803514376997,0,0.00069888178913738,0.00429313099041534,9.98402555910543e-05,9.98402555910543e-05,0,0,9.98402555910543e-05,0.00479233226837061,0.0305511182108626,0,0,0,0,0,0,0,9.98402555910543e-05,0.0196685303514377,0,0,0,0,0,9.98402555910543e-05,0,0.000299520766773163,0,0,0.00678913738019169,0
0,0,0,0,0.0004999500049995,0,9.99900009999e-05,0,0,0,0,0,0,0,0.0027997200279972,0,0,0,0,0,0,0,0,0.0061993800619938,0,0.198080191980802,0,0,0,0,0,0,0,0,0,0,0,9.99900009999e-05,0,0,0,0,0,0,0,0,0,0,0,0,0,0,0,0,0,0,0,9.99900009999e-05,0,0,0,0,0,0,0,0,0,0.000999900009999,0,0,0,0,0,0,0.403559644035596,0.103689631036896,0,0,0,0.0021997800219978,0,0,0.0425957404259574,0,0,0,0,0,0,0,0,0,0.0024997500249975,0,0,0,0.0097990200979902,0,0,0,0,0,0,0,9.99900009999e-05,0,0,0,0,0,0,0,0,0,0,0,0,0,0,0,0,0,0,0,0,0,0,0,0,0,0,0,0,0.0001999800019998,0,0.0002999700029997,0.0004999500049995,0,0,0,0,0,0,0,0,0,0,0,0,0,0,0,0,0,0,0,0,0,0,0,0,0,0,9.99900009999e-05,0,0,0,0,0,0.0003999600039996,9.99900009999e-05,9.99900009999e-05,0,0,0,0,0,0,0,0,0,0,0,0,0,0,0,0,0,0.0015998400159984,0,0,0.0003999600039996,0,0,0,0,0,0,0,0,0,0,0,0,0,0,0,0,0,0,0,0,0,0,0,0,0,0,0,0,0,0,0,0,0,0,0,0,0,0,0,0,0,0,0,0,0,0,0,0,0,0,0,0,0,0,0,0,0,0,0,0,0,0,0,0,0,0,0,0,0,0,0,0.0001999800019998,0,0,0,0,0.025997400259974,0,0,0.194080591940806,0,0,0,0,0,0,0,0,0,0,0,0,0,0.0011998800119988,0.0014998500149985,0,0,0,0,0,0,0,0,0,0,0,0,0
0,0,0,0,0,0,0.00119916058758869,0.00229839112621165,0,0,0.000599580293794344,9.9930048965724e-05,0,0.0020985310282802,0.00719496352553213,0,0,0.00099930048965724,0,0,0.00149895073448586,0.0070950334765664,0,0,0.000199860097931448,0.0560607574697712,0,0,0.0735485160387729,0.000799440391725792,0.00989307484760668,0,0,0.0106925152393325,0.000599580293794344,0,0.000599580293794344,0,0.000199860097931448,0,0,9.9930048965724e-05,0,0.0024982512241431,0,0.00399720195862896,0.00549615269311482,0.000399720195862896,0,0,9.9930048965724e-05,0,0,0,0.00309783151793744,0.000399720195862896,0,0,0,0,9.9930048965724e-05,0.00099930048965724,0,0,0,0.000299790146897172,0.0146897171979614,0,0,0,0.00219846107724593,0,0,0.000599580293794344,0.0344758668931748,0,0,0,0,0.00399720195862896,0,9.9930048965724e-05,0.0439692215449186,0,0.00679524332966923,0,0,0,0,0.00309783151793744,0,0,0,0.00389727190966324,0,0,0,9.9930048965724e-05,0,0,0,0,0.00239832117517738,0.00149895073448586,0.00099930048965724,0.000199860097931448,0.0241830718497052,0,0,0,0,0,0,0.00319776156690317,0.000299790146897172,0,0,0,0.0369741181173179,9.9930048965724e-05,0,0.00319776156690317,0,0,0.0291795742979914,0.000199860097931448,0,9.9930048965724e-05,0.00049965024482862,0.0141900669531328,0.0116918157289897,0.000599580293794344,0,0,0,0,0.0313780353752373,0,0,0,0.00119916058758869,0,0,0,0.0107924452882982,0,0.000399720195862896,0.000199860097931448,0,0.00309783151793744,0.00229839112621165,0.000799440391725792,0,0,9.9930048965724e-05,0,0,0,0.00169881083241731,0.00849405416208654,0,0.000399720195862896,0.000299790146897172,0.0198860797441791,0,0,9.9930048965724e-05,0,0,0,0.000599580293794344,0,0,0,0,0,0.000299790146897172,0.0118916758269212,0.00669531328070351,9.9930048965724e-05,0,0,0,0,0,0,9.9930048965724e-05,0.00109923053862296,0.00439692215449186,0,0,0.00239832117517738,0,0,0.0020985310282802,0,0,0.000299790146897172,0,0,0.000399720195862896,0,0,0.060457679624263,0,0.00279804137104027,0,0,0,0.0024982512241431,0,0,0.000299790146897172,0.00109923053862296,0.00179874088138303,0,0.00699510342760068,0.0136904167083042,0.0121914659738183,0,0,0.00419706205656041,0.0078944738682922,0.00159888078345158,0,0,0.0420705506145698,0,0.00579594284001199,0.00049965024482862,0.020985310282802,9.9930048965724e-05,9.9930048965724e-05,0.0328769861097232,0.000699510342760068,9.9930048965724e-05,0.000399720195862896,0,0,0.00159888078345158,0,0,0,0,0,0.000599580293794344,0,0,0,0.00109923053862296,0.0114919556310583,0.000299790146897172,0.00139902068552014,0,0.00309783151793744,0,0,0.00109923053862296,0.000899370440691516,0.0078944738682922,0,0,0,0,0,0,0,0,0,0,0,0.00469671230138903,0,0,9.9930048965724e-05,0,0,0.000599580293794344,0.000399720195862896,0.0986309583291696,9.9930048965724e-05,0,0.0781452982911962,0,0,0,0,0,0.00149895073448586,0.00489657239932048,0,0.00119916058758869,9.9930048965724e-05,0,0.000699510342760068,0,0.000399720195862896,0,0,0.0117917457779554,0
9.99500249875062e-05,0.000599700149925037,9.99500249875062e-05,0,0,0,0,0,0,0,0,0,0,0,0.00169915042478761,0,0.000599700149925037,0,0,0,0,0.00239880059970015,0,0,0,0.371314342828586,0,0,0.0138930534732634,0,0,0,0.00609695152423788,0.00589705147426287,0,0,0.00329835082458771,0.00199900049975012,0,0,0,0,0,0,0,0,0,0,0,0,9.99500249875062e-05,0,0,0,0,0,0,0,0,0,0,0,0,0.0104947526236882,0,0,0.00149925037481259,0,0.016191904047976,0.0245877061469265,0.000599700149925037,0,0.000199900049975012,0,0,0,0,0,0,0.00269865067466267,0,0,0.000599700149925037,0,0,0.000399800099950025,0,0,0,0.00369815092453773,0,0.00689655172413793,0,0,0,0,0,0,0,0,0,0.00399800099950025,0,0,0,0,0,9.99500249875062e-05,0,0,0,0,0,0,0,0,0,0,0.00269865067466267,0,0,0,0,0.00439780109945028,0,0,0,0.024087956021989,0,0,0.00129935032483758,0,0,0.00339830084957521,0,0,0.0557721139430285,9.99500249875062e-05,0.000399800099950025,0,0.000599700149925037,0,0,0,0,0,0.00149925037481259,0,0,0,0.000599700149925037,0,9.99500249875062e-05,0,0,0,9.99500249875062e-05,0,0,0,0,0,0,0,0,0,0,0,0,0,0,0,0,0,0,0.000699650174912544,0,9.99500249875062e-05,0,0,0,0,0,0,0,0,0,0,0,0,0,0,0.000199900049975012,0.000299850074962519,0,0,0.000499750124937531,0,0,0,0,0,0,0,0,0.000599700149925037,0,0,0,0.00709645177411294,0,0,0,0,0,0,0,0.00279860069965018,0,0,0,0,0,0,0,0,0,0.0308845577211394,0.00279860069965018,0,0,0,0.000199900049975012,0.0632683658170915,0,0,0,0,0,0.000699650174912544,0,0,0.00489755122438781,0,9.99500249875062e-05,0,0,0,0,0,0,0.000199900049975012,0,0,0.000399800099950025,0.000599700149925037,0,0,0,0,0,0,0,0.000499750124937531,0,0,0,0,0,0.0253873063468266,0.000299850074962519,0,0.0810594702648676,0,0,0,0,0,0,0.162518740629685,0,0,0.0286856571714143,0,0,0,0,0,0,0,0,0,0,0,0,0,0.00149925037481259,0,0,0.00859570214892554,0
0,0,0,0,0.0395881235629311,0.00429871038688393,9.99700089973008e-05,0,0,0.00609817054883535,0.00249925022493252,0,0,0,0.00229931020693792,0,0,0,0.0123962811156653,0,0,0.00809757072878137,0.00199940017994602,0.00179946016195141,0,0.00939718084574628,0.000999700089973008,0,0.000299910026991902,0,0.00999700089973008,0,0,0.00149955013495951,0,0,9.99700089973008e-05,0.00419874037788663,0.00419874037788663,0,0,0,0,0,0.00389883035089473,0.00129961011696491,0,9.99700089973008e-05,0,0,0.00269919024292712,0,9.99700089973008e-05,9.99700089973008e-05,0.000499850044986504,0,0,0,0,0.0414875537338798,0.0156952914125762,0.00449865040487854,0,0,0,0.000299910026991902,0.00559832050384884,0,0,0,0.000499850044986504,0,0.000299910026991902,0.00899730080975707,0,0,0.000199940017994602,0,0,0.017294811556533,0,0.00349895031490553,0.00839748075577327,0,0.00159952014395681,0,0.053184044786564,0,0,0,0,9.99700089973008e-05,0.000399880035989203,0,9.99700089973008e-05,0,0,0,0,0,0,0,0,0,0.00109967009897031,0,0,0.0562831150654804,0,0,0,0,0,0,0.00119964010796761,0,0,0,0.0342897130860742,0,0,0,0,0,0.00929721083674898,0.119364190742777,0,0,0,0.0380885734279716,0,0.0254923522943117,0,0,0,0,0.000199940017994602,0,0,0,0.000399880035989203,0,0,0,0,0,9.99700089973008e-05,0,0,0,0.00189943017094872,0.00199940017994602,0,0,0,0,0,0,0,0.00209937018894332,0,0,0,0,0,0,0,0,0,0,0.00339898030590823,0,0,0,0,0,0,0.000599820053983805,0.0296910926721983,0,0,0,0,0,0.000899730080975707,0,0,0,0,0,0,0.0146955913226032,0,0,0,0,0,0,9.99700089973008e-05,0,0,0,0,9.99700089973008e-05,0,0.00159952014395681,0,0,0.000199940017994602,9.99700089973008e-05,0.0210936718984305,0.0147955613316005,0,0,0.000599820053983805,0,0.00889733080075977,0.000199940017994602,0.014295711286614,0,9.99700089973008e-05,0.00499850044986504,0,0,0,0,0,0,0.00749775067479756,0,0.00259922023392982,0,0,0.00419874037788663,0,0,0,0,0,0,0,0,0,0,0,0,0,0,0,0,0.000299910026991902,0.000199940017994602,0.00129961011696491,0,0.000199940017994602,0,9.99700089973008e-05,0,0.000799760071978406,0.0224932520243927,0,0,0,0.00129961011696491,0.000599820053983805,0,0,0,0,0.000699790062981106,0,0.00419874037788663,0.0164950514845546,0,0,0,0,0,0,0.180045986204139,0,0,0.0544836549035289,0,0,0,0,0,0.00369889033290013,0.00129961011696491,0,0,0.00139958012596221,0,0.000499850044986504,0,0.00409877036888933,0,0,0.00259922023392982,0
0,0,0,0,0.010296910926722,0.00549835049485154,0.00209937018894332,0,0,0.0108967309807058,0.00859742077376787,0,0.00289913026092172,0,0.0105968209537139,0,0,0,0,0,0,0,0.00209937018894332,0.000399880035989203,0,0.0690792762171349,0,0,0.00259922023392982,0,0.00519844046785964,0,0,0,0,0,0.00129961011696491,0,0,0,0,0,0,0,0.00139958012596221,0,0,0,0,0,0.0173947815655303,0,0,0.000599820053983805,0,0,0,0,0.00229931020693792,0.0340897730680796,0,0.0281915425372388,0.00199940017994602,9.99700089973008e-05,0,0,0,0,0,0,0,0,0.000699790062981106,0,0,9.99700089973008e-05,0,0,0,0.00809757072878137,0,0.0105968209537139,0.000399880035989203,0,0,0,0,0,0.00959712086374088,0,0,0.00219934019794062,9.99700089973008e-05,0,0.000699790062981106,0,0,0,0,0,0,0.00449865040487854,0,0,0,0,0,9.99700089973008e-05,0.00869739078276517,0.00219934019794062,0,0,0,0,0,0,0,0.000499850044986504,0,9.99700089973008e-05,0,0,0,0,0,0.0740777766669999,0,0,0,0.180445866240128,0,0.000599820053983805,0,0,0.00229931020693792,0,0.000699790062981106,0,0,0,0,0,0,0,0,0,0,0,0,0,0.000299910026991902,0,0,0,9.99700089973008e-05,0,0.00209937018894332,0,0,0.00569829051284615,0,0,0,0,0,0,0,0,0,0.00159952014395681,0,0.000399880035989203,0.000199940017994602,0,0,0,0.000399880035989203,0,0,0,0,0,0,0.000199940017994602,0,9.99700089973008e-05,9.99700089973008e-05,0,0,0,0,0.0121963410976707,0.000599820053983805,0,0,9.99700089973008e-05,0,0,0,0,0,0,0,0,0,0.00729781065680296,0.00179946016195141,9.99700089973008e-05,0,0.000199940017994602,0,0,0,0,0,0,0,0.00319904028791363,0,0,0,0,0,0,0,0,0,0,0,0,0,9.99700089973008e-05,0,0.0529841047685694,0.00589823053084075,0,0,0,0,0,0,0,0,0,0,0,0,0,0,0,0,0,0,0,0.00119964010796761,0.00179946016195141,0,0,0.000899730080975707,0.00629811056682995,0,0,0,0,0.000199940017994602,0,0,0,0,0.00589823053084075,0,0,0.00879736079176247,0.000199940017994602,0,0,0,0,0,0.21073677896631,0,0,0,0,0.143856842947116,9.99700089973008e-05,0,0,0,0,0,0,0,0,0,0,0,0,0,0,0
0,0,0,0,0,0,0,0,0,0.00989406356186288,0.00239856086348191,0,0,9.9940035978413e-05,0.00489706176294223,0,0,0,0,0,9.9940035978413e-05,0.00669598241055367,0.00259844093543874,0,0,0.280731561063362,0,0,0.00339796122326604,0,0,9.9940035978413e-05,0,0.00319808115130921,0,0,0.000399760143913652,0,0,0,0,0,0,0,0.00329802118728763,0.00119928043174096,0,0,0,0,0.00299820107935239,0,0,0,0,0,0,0.00129922046771937,0,0.000999400359784129,0.00499700179892065,0.000499700179892065,0.00879472316610034,0,0.000799520287827304,0.00279832100739556,0.00349790125924445,0.000399760143913652,0,0,0,0,0,0.00269838097141715,0,0,0,0,0,9.9940035978413e-05,0,0.0360783529882071,0,0,0.00169898061163302,0,0,0,0.00689586248251049,0,0.0131920847491505,0.000799520287827304,0.00159904057565461,0,0,0.00869478313012193,0,0,9.9940035978413e-05,0,0,0,0,0,0.000499700179892065,0,0.000399760143913652,0.00139916050369778,0.00209874075554667,0,0,0,0.00109934039576254,0,0,0,0,0.000299820107935239,0.0133919648211073,0,0,0,0.00679592244653208,0,0.00249850089946032,0.0806516090345793,0,0,0,0.122226664001599,0,9.9940035978413e-05,0,9.9940035978413e-05,0.00339796122326604,0,0.00219868079152508,0,0,0,9.9940035978413e-05,0.000299820107935239,0.00259844093543874,0,0,0,0,0,0,0,9.9940035978413e-05,0,0.000199880071956826,0,0,0,0,0,0,0.000199880071956826,0,0,0,0,0,0,0,0.00349790125924445,0,0,0,0,0,0,0,0,0,0.000699580251848891,0.0564661203278033,9.9940035978413e-05,0,0,0,0.000199880071956826,0,0,0,0,0,0,0,0.00509694183489906,0,0.000199880071956826,0,0,0,0,0,0,0,0,0,0,0,0.0030981411153308,0,0,0.000199880071956826,0.00279832100739556,0,0,0,0,0.000299820107935239,0,0.00399760143913652,0,0.0122926244253448,0,0.00549670197881271,0,0,0,0,0,0,0,0.00889466320207875,0,0.000799520287827304,0,0,0.0211872876274235,0,0,0,0,0,0,0,0,0.0112932240655607,0,0,0,0,9.9940035978413e-05,0,0,0.025884469318409,0,0,0,9.9940035978413e-05,0.00139916050369778,9.9940035978413e-05,0,0,0,0.000299820107935239,0,0,0,0,0,0,0,0,0.0844493304017589,0,0,0.0305816510093944,0,0,0,0,0,0.000399760143913652,0.0177893264041575,0,0,0.0328802718368979,0,0,0,0,0,0,0,0,0,0,0,9.9940035978413e-05,0,9.9940035978413e-05,0,0,0.0105936438137118,0
0,0,0,0,0.0228862682390566,0,9.9940035978413e-05,0,0,0.00519688187087747,0.00499700179892065,0,0,0.00669598241055367,0.0175894463322007,0,0,0,0,0,0,0,0,0.000999400359784129,0,0.00669598241055367,0.000299820107935239,0,0.000799520287827304,0,0.0864481311213272,0,0,0.00719568259044573,0,0,0,0.00189886068358985,0,0,0.00739556266240256,0,0,0,0.00469718169098541,0.0336797921247252,0,0,0,0,0.00909454327403558,0,0,0,0.00419748151109334,0,0,0,0,0.00409754147511493,0.00639616230261843,0.000399760143913652,0,0,0.000399760143913652,9.9940035978413e-05,0.051069358384969,0.000299820107935239,0,0.023485908454927,0,0,9.9940035978413e-05,0.0115930441734959,0,0,0,0,0,0,0,0.00509694183489906,0,0,0.0143913651808915,0,0,0,0,0,0,0.00279832100739556,9.9940035978413e-05,0,0,0,0,0,0,0,0,0,0,0,0,0,0,0.106536078352988,0.0124925044973016,0,0.00189886068358985,0,0,0,0,0,0,0,0,0,0,0,0,0,9.9940035978413e-05,0.0451728962622427,0,0,0,0.0766540075954427,0.0160903457925245,0.000799520287827304,0,0,0,0,9.9940035978413e-05,0,0,0,0,0,0,0,0,0,0,0,0,0,0,0,0,0,0,0,0,0,0,0.00489706176294223,0,0,0,0,0,0,9.9940035978413e-05,0,0,0,0,0,9.9940035978413e-05,0,0,0,0,0,0,0,0,0,0,0,0,0,9.9940035978413e-05,0,0,0,0,0.0076953827703378,0,0,0,0,0,0,0,0,0,0,0,0,0,0,0,0,0,0.000899460323805717,0,0,0,0,0,0,0,0,0,0,0,0,0,0,0,0,0.0351788926644014,0,0.0053967619428343,0,0.00669598241055367,0,0,0.01888866679992,0,0,0,0,0,0,0,0,0,0,0,0,9.9940035978413e-05,0,0,0,0,0,0,0,0,0,0,0,0,0,0,0,0,0,0,0,0,0,0,0.185688586847891,0.000899460323805717,0,0.00879472316610034,0.000399760143913652,0,0,0,0,0,0.0846492104737158,0,0,0.0284829102538477,0,0,0,0,0,0,0.00559664201479113,0,0,0,0,0.000499700179892065,0,0.000199880071956826,0,0,0.00369778133120128,0
0,0,0,0,0.00689655172413793,0,0,0,0,0,0.00299850074962519,0,0,0,0.00529735132433783,0,0.000599700149925037,0,0,0,0,0.000399800099950025,0.00229885057471264,0,0,0.00969515242378811,0,0,9.99500249875062e-05,0.00489755122438781,0,0,0,0.00119940029985007,0,0,0,0.00189905047476262,0.00499750124937531,0,0,0,0,0,0.00179910044977511,9.99500249875062e-05,0,0,0,0,0,0,0,0,0,0,0,0,0,0,0,0,0,0,0,0,0,0.00169915042478761,0,0.0247876061969016,0,0,0,0.000999500249875062,0,0,0,0,0,0,0,0.0169915042478761,0,0,0,9.99500249875062e-05,0,0,0.00309845077461269,0,0,0.000199900049975012,0.000199900049975012,0,0,0,0,0,0,0,0,0,0,0,0,0,9.99500249875062e-05,0.0289855072463768,0,0,0,0,0,0,0,0,0,0,0.000999500249875062,0,0,0,0.0109945027486257,0,0.000199900049975012,0.0181909045477261,0,0,0,0.0175912043978011,0,0.000499750124937531,0,0,0.000299850074962519,0,9.99500249875062e-05,0,0,0,0,0,0,0,0,9.99500249875062e-05,0,0,0,0.000299850074962519,0,0,0,0,9.99500249875062e-05,0,9.99500249875062e-05,0,0,0,0,0,0,0,0,0,0,0,0,0.00189905047476262,0,0,0.0102948525737131,0,0.000399800099950025,0,0,0.000699650174912544,0,0,0,0,0,0,0,0.000599700149925037,0,0,0,9.99500249875062e-05,0,0.000399800099950025,9.99500249875062e-05,0,0,0,0,0,0,0,0,0,0,0,0.143228385807096,0,0,9.99500249875062e-05,0,0.000499750124937531,0,0,0,0,0,0,0,0,9.99500249875062e-05,0,0.00719640179910045,0,0,0,0,0,0,0,0,0,0.00229885057471264,0,0,0.00349825087456272,0,0,0,0,0,0,0,0,0,0,0.000299850074962519,0,0,0.000499750124937531,0,0,0,0,0,0,0,0.000499750124937531,0,0,0,0,0,0,0,0,0,0,0,0,0,0.635382308845577,0,0,0.000899550224887556,0,0,0,0,0,0.000199900049975012,0.0178910544727636,0,0.000199900049975012,0.00249875062468766,0,0,0,0,0,0,9.99500249875062e-05,0,0,0,0,9.99500249875062e-05,0,9.99500249875062e-05,0,0,9.99500249875062e-05,0
0,0,0,9.99200639488409e-05,0,0,0,0,0,0.0231814548361311,0.00499600319744205,0,0,0,0,0,0,0,0,0,0,0.0303756994404476,0,0.000299760191846523,0.00909272581934452,0.0391686650679456,0,0,9.99200639488409e-05,0.0100919264588329,0.00339728217426059,9.99200639488409e-05,0,0,0,0,0,0,0,0,0.00639488409272582,0,0,0,0.00149880095923261,0.000999200639488409,0,0,0,0,0,0,0,0,0,0,0,0,0,0.00989208633093525,0,0,0,0,0,0,0.0149880095923261,0.00129896083133493,0.000199840127897682,0,0,0,0.00179856115107914,0.01378896882494,0,0,0,0,0.00159872102318145,0.0130895283772982,0,0,0,0,0,0,0,0,0,0,0.0129896083133493,9.99200639488409e-05,0,0,0,0,0,0.000199840127897682,0.00129896083133493,0,0,0,0,0.000399680255795364,0.00269784172661871,0,0,0.0192845723421263,0.004396482813749,0.00109912070343725,0,0,0,0,0,0,0,0,0,9.99200639488409e-05,0,0,0.0038968824940048,0,0.0209832134292566,0.0700439648281375,0,0,0,0.14658273381295,0,0,0,0,0,0,0.000199840127897682,0,0,0,0.000199840127897682,0,0.00109912070343725,0,0.0246802557953637,0,0,0.0016986410871303,0,0,0,0,0,0,0,0,0,0,0.0215827338129496,0,0,0,0,0,0,0,0,0,0,0,0.000499600319744205,0.000399680255795364,0,0,0,0,0,0,0,0,0,0,0,0,0,0,0,0,0,0.000599520383693046,0,0.00709432454036771,0,0,0,0,0,0,0,0,0,0,0,0,9.99200639488409e-05,9.99200639488409e-05,0,0,0,0,0,0,0,0,0,0,0.00639488409272582,0,0,0,0,0,0,0,0,0,0,0,0,0.000499600319744205,0,0,0,0.00959232613908873,0,0,0,0,0,0,0,0,0,0,0,0,0,0,0,0,0,0,0,0,0.00149880095923261,0.000299760191846523,0.000299760191846523,0.00189848121502798,0,0,0,0,0,0,0,0,0,0,0.0295763389288569,0.0021982414068745,0,0,0.0474620303756994,0,0,0,0,0,0,0.323141486810552,9.99200639488409e-05,0,0.0289768185451639,0,0,0,0,0,0.0115907274180655,0,0,0,0,0,0.000899280575539568,0,0.000999200639488409,0,0,0.00579536370903277,0
0,0,0,0,0,0,0.0006999300069993,0,0,0,0,0,0,0,0,0,0,0.0001999800019998,0,0,0.0191980801919808,0.0165983401659834,9.99900009999e-05,0.0018998100189981,0,0,0,0,0.0074992500749925,0.0034996500349965,0,0,0,0,0,0,0,0,0,0,0,0,0,0,0,0,0,0,0,0,0,0,0,0,0,0,0,0,0,0,0,0,0,0,0,0,0,0,0.0010998900109989,0,0,0,0,0,0,0,0,0,0.0003999600039996,0,0,0,0.276972302769723,0,0,0,0,9.99900009999e-05,0,0,0.192080791920808,0,0,0,0,0.0047995200479952,0,0,0,0,0,0,0,0,0,0,0,0.0605939406059394,0,0.0792920707929207,0,0,0,0,0,0,0,0,0,0,0,0,0,0,0,0,0,0,0.0007999200079992,0,0,0,0,0,0,0,0.0752924707529247,0,0,0,0,0,0,0,0,0,0.0200979902009799,0,0,0,0.0020997900209979,0,0,0,0,0,0.0113988601139886,0,0,0,0,0,0,0,0,0,0,0,0,0,0,0,9.99900009999e-05,0,0,0,0.0007999200079992,0,0,0,0,0,0,0,0.0033996600339966,0,0,0,0,0.002999700029997,0,0,0,0,0,0,0,0,0,0,0,0,0,0,0.0001999800019998,0,0,0,0,0.0056994300569943,0.0026997300269973,0,0,0,0,0,0,0.0505949405059494,0.0003999600039996,0,0,0,0,0,0,0,0,0,0,0,0,0,0,0,0,0,0,0,0.0002999700029997,0,0,0,0,0,0,0,0,0,0,0,0,0,0,0,0,0,0,0,0.0077992200779922,0.0025997400259974,0,0,0,0.0033996600339966,0,0,0,0,0,0.0642935706429357,0,0,0,0,0,0,0,0,0,0,0,0,0.07999200079992,0,0,0,0,0,0,0,0,0,0,0,0,0,0,0,0,0,0
0,0,0,0,0.0168932427029188,0.00889644142343063,9.99600159936026e-05,0,0,0.0211915233906437,0.0197920831667333,0,0,0.00039984006397441,0,0,0,0,0,0,0,0.00579768092762895,0,0,0,9.99600159936026e-05,0.000299880047980808,0,0.000299880047980808,0,0.0131947221111555,0,0,0,0,0,0.000499800079968013,0,0.00209916033586565,0,0.00879648140743703,0,0,0,0.0076969212315074,0,0,0,0,0,0.0292882846861255,0,0.000199920031987205,0.000899640143942423,0,0,0,0,0,0.00869652139144342,0,0,0.00119952019192323,0,0,0,0.0144942023190724,0.0123950419832067,9.99600159936026e-05,0,0,0,0.00839664134346262,0,0,0,0.000599760095961615,0,0.00039984006397441,0.00259896041583367,0,0,0.0184926029588165,0,0,0.00199920031987205,0,0,0.00169932027189124,0,0,0.00169932027189124,9.99600159936026e-05,0,0.0114954018392643,0,0.00169932027189124,0,0,0,0,0.0893642542982807,0,0,0,0,0,0.0078968412634946,0.0212914834066373,0.00459816073570572,0,0,0,0,0,0,0,0,0,0,0,0,0.0161935225909636,0.00169932027189124,0.000699720111955218,0.0288884446221511,0,0,0,0.13484606157537,0,9.99600159936026e-05,0,0,0.0148940423830468,0,9.99600159936026e-05,0,0,0,0,0,0,0,0,0,0,0,0,0,0,9.99600159936026e-05,0.00709716113554578,0,0.00659736105557777,0,0,0,0,0,0.00369852059176329,0,9.99600159936026e-05,0,0.000499800079968013,0,0,0,0,0,0,0,0.000199920031987205,0,0.00129948020791683,0,0,0.00299880047980808,0,0,0,0,0,0,0,0.000999600159936026,0.00109956017592963,0,0,0,0,0.0288884446221511,0,0,0,9.99600159936026e-05,0,0,0,0,0,0,0,0,0,0,0,0.0039984006397441,9.99600159936026e-05,0.00139944022391044,0,0,0,0,0,0,0,0.014594162335066,0.0186925229908037,0,0,0.00479808076769292,0,0,0,0,0,9.99600159936026e-05,0.000199920031987205,0,0,0,0,0.0144942023190724,0.00189924030387845,0,0,0,0,0,0,0,0,0,0.000499800079968013,0,0,0,0,0,9.99600159936026e-05,0,0,0,0.00139944022391044,0,0,0,0,0,0,0,0,0,0,0,0,0,0,0.0641743302678928,0,0,0.0078968412634946,9.99600159936026e-05,0,0,0,9.99600159936026e-05,0,0.142642942822871,0,0.000299880047980808,0.0194922031187525,0,0.0934626149540184,0.00579768092762895,0.00039984006397441,0,0.000299880047980808,0,0.000599760095961615,0,0,0.000499800079968013,0.00079968012794882,0,0.00119952019192323,0,0,0.00319872051179528,0
0,0.000399361022364217,0,0,0.00559105431309904,0.00309504792332268,9.98402555910543e-05,0,0,0.00828674121405751,0.00219648562300319,0,0,0,0,0,0,0,0,0,0,0.0010982428115016,0.00189696485623003,0,0,0.0469249201277955,0,0,9.98402555910543e-05,0.00179712460063898,9.98402555910543e-05,0,0,0,0,0,0,0,0.00559105431309904,0,0,0,0,0.000299520766773163,0.00619009584664537,9.98402555910543e-05,0,0,0,0,0,0,0,0.000399361022364217,0,0,0,0.000599041533546326,0,0,0,0,0,0,0,0,0.000798722044728434,0,0,0.00269568690095847,0,0,0.00189696485623003,0,0,0,0,0,0,0,0,0.00628993610223642,0.000199680511182109,0,0,0,0,0,0.00139776357827476,0,0,9.98402555910543e-05,0,0,0,0,0,0,0.00149760383386581,0,0,0.0507188498402556,0,0,0,0,0,0.00718849840255591,0.00529153354632588,0.00159744408945687,0,0,0,0,0,0,0.000798722044728434,0,0,0,0,0,0.00279552715654952,0,0.00139776357827476,0.132887380191693,9.98402555910543e-05,0,0,0.0482228434504792,0.00389376996805112,9.98402555910543e-05,0,0,0.000299520766773163,0,0,0,0,0,0,0,0,0,0.000599041533546326,0,0,0,0,9.98402555910543e-05,0.000998402555910543,0,0,0,0,0.000299520766773163,0,0,0,0.000299520766773163,0,0,0,0,0,9.98402555910543e-05,0,0,0,0,0,0,0,0,0,0,0,0,0.000599041533546326,0,0,0,0,0,9.98402555910543e-05,0,0,0,0,9.98402555910543e-05,0,0.00159744408945687,0,0,0,0,0,0,0,0.00069888178913738,0,0,0,9.98402555910543e-05,0,0,0,0,0,0.000199680511182109,0,0,0,0,0,0,0,0,9.98402555910543e-05,0,0,0.00159744408945687,0,0,0,0,0.009185303514377,0,0.00499201277955272,0,0,0,0,0.279752396166134,0,0,0,0,0,0,0,0,0,0,0,0,9.98402555910543e-05,0,0,0,0,0,0,0,0,0,0,0,0,0.000299520766773163,0,0,0,9.98402555910543e-05,0,0,0,0,0,0.00229632587859425,0,9.98402555910543e-05,0.0402356230031949,0,0,0,0,0,9.98402555910543e-05,0.28783945686901,0,0,9.98402555910543e-05,0,0,0,0,0,0,9.98402555910543e-05,0,0,0,0,0.00449281150159744,0,0.00728833865814696,0,0,0.000599041533546326,0
0,0,0,6e-04,0,0,0,0,0,0,0,0,0,0,0.0056,0,0,0,0,0,0,0,0,0,0,0.1658,0,0,0.0569,0.0122,0,0.0817,0,0,0,0,0,0,4e-04,0,0,0,0,0,0,0,0,0,0,0,0,0,0,0,0,0,0,0,0,0.0017,0,0,0,0,0,0,0.0061,0,0,0,0,0,0,0,4e-04,0,0,0,0,0,0,0,0,0,0,0.0047,0,0,0,0,0,0,0,0,0,0,0.0057,0,0,0,0,0.0045,2e-04,0,0,0,0,0.0725,0,0,0,0,0,0,0,0,0,0,0.0042,0,0,0,0,0.0013,0,0,0,0,0,0,0,0,0,0,0,0,0,0,0,0,0.0045,0,0,0,0,0,0,0,0,0,0,0,0,0,0,0,0,0,0,0,0,0,0,0,0,0,0,0,0,0,0.0013,0,0,0,0,0,0,0,0.012,0,0,0,0,0,0,0,0,0,0,0,2e-04,0,0,0,0,0,0,0,0,0,0,0,0,0.0775,0,0.0039,0,0,0,0,0.016,0,0,0,0,0,0.013,0,0,0,0,0,0,0,0,0,0,0,0,0,0,0,0,0.1528,0,0,0,0,0,0,0,0,0,0,0.0016,0,0,0,0,0,0,0,0,0,0,0,0.0052,0,0,0,0.001,0,0,6e-04,0,0,0,0,0,0.0266,0,0,0.2043,0,0,0,0,0,0,0,0,0,0.0268,0,0,0,0,0,0,0.0164,0,0,0,0,0,0,0.0118,0,0,0,0
0.0017998200179982,0,0,9.99900009999e-05,0,0,0,0,0,0,0,9.99900009999e-05,0.0002999700029997,0,0.0001999800019998,0,0.0026997300269973,0,0,0,0.0004999500049995,0.0013998600139986,0,0,0,0.141485851414859,0,0,0.0016998300169983,0.002999700029997,0.0168983101689831,0,9.99900009999e-05,0.0117988201179882,0,0,0.0011998800119988,0.0030996900309969,0,0,0.0003999600039996,0,0.0093990600939906,0.0010998900109989,0,0.0495950404959504,0,0,0,0,0,0,0,0,0.0062993700629937,0,0,0,0,0.0011998800119988,0,0,0,0,0,0,0.0302969703029697,9.99900009999e-05,0,0,0,0,0,9.99900009999e-05,0,0.0434956504349565,0,0,0,0.0052994700529947,0.0013998600139986,0,0.036996300369963,0,9.99900009999e-05,0,0.0111988801119888,0,0,0.000999900009999,0,0,0,0,0.0015998400159984,0,0,0,0.0022997700229977,0,0,0,0,0,0,0.0008999100089991,0.022997700229977,0.229277072292771,0,0.0038996100389961,0,0,0,0.0008999100089991,0.0005999400059994,0,0,9.99900009999e-05,0.0191980801919808,9.99900009999e-05,0,0,0,9.99900009999e-05,0.0048995100489951,0,0,0,0,0.0125987401259874,0.003999600039996,0.0002999700029997,0,0,0,0.0001999800019998,0.0004999500049995,0,0,0,0.0247975202479752,0,0,0,0.0167983201679832,0,0.0004999500049995,9.99900009999e-05,0,0,0.0015998400159984,0,0,0.0005999400059994,0,0,0,0,0,0.000999900009999,0,0,0,0,0,0,0.0003999600039996,0,0,0,0,0,0,0,0,0,0,0,0,0,0,0,0,0,0.0067993200679932,0,0,0,0,0,0,0.0086991300869913,9.99900009999e-05,9.99900009999e-05,0.0162983701629837,0,0,9.99900009999e-05,0,0,0,0,0,0,0.047995200479952,0.0020997900209979,0.0023997600239976,0,0,0,0,0,0,0,0.002999700029997,0,0.0080991900809919,0,0,0.0003999600039996,0.0005999400059994,0,0,0,0,0,0.0073992600739926,0,0,0,0.001999800019998,0,0,0.0137986201379862,0,0,0,0,0,0.0002999700029997,0,0,0,0,0.0007999200079992,0,0,9.99900009999e-05,0.0003999600039996,0,0.0001999800019998,0.0003999600039996,0,0,0.0015998400159984,0.0020997900209979,0.001999800019998,0.0003999600039996,0.0004999500049995,0.0043995600439956,0,0,0.0005999400059994,0.0007999200079992,0,0,0,0,0.0002999700029997,0.0010998900109989,0,0.0094990500949905,0.0235976402359764,0,0,0,0,0,0.0003999600039996,0.0323967603239676,0,0,0.0454954504549545,0,0,0,0,0,0.0030996900309969,0.0036996300369963,0,0,0,0,0.0033996600339966,0,9.99900009999e-05,0,0,0.0054994500549945,0.0022997700229977
0,0,0,0,0.00999800039992002,0,0,0,0,0,0.00769846030793841,0,0,0,0.0021995600879824,0,0,0,0,0,0,0.0290941811637672,0,0.0001999600079984,0,0.132873425314937,0,0,0.00389922015596881,0,0,0,0,0,0,0,0,0.00429914017196561,0,0,0.011997600479904,0,0,0,0.0013997200559888,0,0,0,0,0,0,0,0,0,0,0,0,0,0,0.00849830033993201,0,0.028994201159768,0.00339932013597281,0,0,0,0.0175964807038592,0.00379924015196961,0,0,0,0,0,0,0,0,0,0,0,0.00629874025194961,0,0,0,0,0,0,0,0,0.00929814037192562,0,0,9.99800039992002e-05,0,0,0,9.99800039992002e-05,0,0,0,0,0,0,0,0,0,0,0,0.0015996800639872,0.0431913617276545,0.0023995200959808,0,0,0,0,0,0,0,0.000399920015996801,0.0146970605878824,0,0,0,0.026994601079784,0,0,0.132273545290942,0,0,0,0.24255148970206,0,0,0,0,0,0,0,0,0,0,9.99800039992002e-05,0,0,0,0,0,0,0,0,0.000399920015996801,0,0,0,0,0,0,0,0,0,0.00419916016796641,0,0,0,0,0,0,0,0,0,0,0,0,0,0,0,0,0,0,0,0,0,0,0,0,0,0,0,0,0,0,0.001499700059988,0,9.99800039992002e-05,0,0,0.0002999400119976,0,0,0,0,0,0,0,0,9.99800039992002e-05,0.00679864027194561,0,0,0,0.0028994201159768,0,0,0,0,0,0,0.00909818036392721,0,9.99800039992002e-05,0,0,0.00389922015596881,0,0,0,0,0,0,0,0,0,0,0,0.0249950009998,0,0,0,0,0,0.000499900019996001,0,0,0,0,0,9.99800039992002e-05,0,0,0,0,0,0,0,0,0,0.00249950009998,0.000699860027994401,0,0,0,0.000799840031993601,0,0,0.0018996200759848,0,0,0,0,0,0.000499900019996001,0,0,0.0469906018796241,0,0,0,0,0.0001999600079984,0.0001999600079984,0.0411917616476705,0,0,0.0777844431113777,0,0,0,0,0.016996600679864,0,0,0,0,0,0,0.0015996800639872,0,0,0,0,0.00769846030793841,0
0.000199880071956826,0,0,0,0.018388966620028,0,0.00789526284229462,0,0,0.012092744353388,0.0109934039576254,0.0152908255046972,0,9.9940035978413e-05,0.000599640215870478,0,0.00989406356186288,0,0,0,0.00209874075554667,0.00529682190685589,0,0,0,0.116430141914851,0.000499700179892065,0,0.000399760143913652,0.00259844093543874,0.000399760143913652,0,0,0.000899460323805717,0,0,0,9.9940035978413e-05,0.00259844093543874,0,0,0,0,0,0.00479712172696382,9.9940035978413e-05,0,0,0,0,0.00429742154707176,0,0,0.000199880071956826,9.9940035978413e-05,0,0,0,0,0.000199880071956826,0,0,0.00119928043174096,0,0,0.000899460323805717,0.000199880071956826,0.00109934039576254,0,0.0663601838896662,9.9940035978413e-05,0,0.000399760143913652,0.0105936438137118,0,0,0,0,0.000599640215870478,9.9940035978413e-05,0,0.00729562262642415,0.013791724965021,0,0,0,9.9940035978413e-05,0,0,0,0,9.9940035978413e-05,0,0,0.00879472316610034,0,0,0,0.00139916050369778,0,0,0,0,0,0.000699580251848891,0,0.0156905856486108,9.9940035978413e-05,0.00909454327403558,0.0022986208275035,0,0,0,0,0,0,0,0,0,0,0,0,0,0.0169898061163302,0.00159904057565461,0.139316410153908,0,0,0,0.190085948430941,0.0084949030581651,9.9940035978413e-05,0,0,0.00179892064761143,0,9.9940035978413e-05,0,0,0,0,0,0.00119928043174096,0,0.0226863881670997,0,0,0.00139916050369778,0,0,0.000799520287827304,0,0,0,9.9940035978413e-05,0,0,0,0,0,0,0,0,0,0,0,0,0,0,0,9.9940035978413e-05,0,0,0,0,0,0,0,0,0,0,0,0,0,0.000299820107935239,0,0,0,0,0,0,0.00179892064761143,0,0,0,0,0,0,0,0,0,0,0,0.000299820107935239,0,0.000799520287827304,0,0,0,0.00289826104337398,0,0,0,0.000399760143913652,0.000199880071956826,0,9.9940035978413e-05,0,0,0,0.00839496302218669,0,0,0,0,9.9940035978413e-05,0,0,0,0,0.00839496302218669,0,0,0.0187887267639416,0,0,0,0,0,0,9.9940035978413e-05,0,0,0,0,0,0,0,0,0,0,0,0.000499700179892065,0,0.000199880071956826,9.9940035978413e-05,0,0.000499700179892065,9.9940035978413e-05,0.000199880071956826,0,0,0,0,0,0,0,0,0.000899460323805717,0.0697581451129322,0,9.9940035978413e-05,0.110533679792125,0,0.00199880071956826,0,0,0,0,0.0232860283829702,0,0,0.00209874075554667,0,0,0,0,0,0,0.000599640215870478,0,0,0,0,0.000199880071956826,0,9.9940035978413e-05,0,0,0.00409754147511493,0
0.000199900049975012,0,0.000299850074962519,9.99500249875062e-05,0.0111944027986007,0.00469765117441279,0,0.0106946526736632,0,0.00569715142428786,0.00539730134932534,0,0,0,0.00399800099950025,0,0,0,0,0,0,0.0158920539730135,0.000999500249875062,0.00109945027486257,0,0.0142928535732134,0.000499750124937531,0,0.000599700149925037,0.00179910044977511,0.000899550224887556,0,0,0,0,0,0,0,0.00129935032483758,0.000399800099950025,0.0228885557221389,0.00149925037481259,0,0.00139930034982509,0.00559720139930035,0.0299850074962519,0.00189905047476262,0,0,0,0,0,0,0.000199900049975012,0,0,0.00629685157421289,0,0,0.000399800099950025,0.00369815092453773,0,0.00109945027486257,0,0.0196901549225387,0,0.0138930534732634,0,0,0.000199900049975012,0.000199900049975012,9.99500249875062e-05,9.99500249875062e-05,0.00499750124937531,0,0,0,0,0,0.0123938030984508,0,0.00369815092453773,0.00079960019990005,0,0,0,0.00179910044977511,0,0.00169915042478761,0,0,9.99500249875062e-05,9.99500249875062e-05,0,0.00109945027486257,0.0114942528735632,0,0,0.00199900049975012,0,0,0,0,0.000299850074962519,0,0,0,0.000399800099950025,0,0.0145927036481759,0.000499750124937531,0,0,0.00209895052473763,0.000899550224887556,0,0,0.0132933533233383,0,0,0,0,0,9.99500249875062e-05,0.00149925037481259,0.128435782108946,0,0,0,0.124037981009495,0,0.0296851574212894,0,0.000399800099950025,0.00979510244877561,0,9.99500249875062e-05,0,0,0,9.99500249875062e-05,0,0,0,0.00229885057471264,0,0,0.000699650174912544,0,0.000299850074962519,0.00149925037481259,0,0,9.99500249875062e-05,9.99500249875062e-05,9.99500249875062e-05,0,0,0.0189905047476262,0.0217891054472764,0,0,0,0,0,9.99500249875062e-05,0,0,0,0.00079960019990005,0,0,0,0,0,0,0,0.000599700149925037,0.00459770114942529,0,0,0,0,0,0.00079960019990005,0,0,0,0,0,0,0.00499750124937531,9.99500249875062e-05,0,0,0,0,0,0,0,0,0,0,9.99500249875062e-05,0,0.000899550224887556,9.99500249875062e-05,0,0,0.000199900049975012,0,0,0,0,0.000499750124937531,0,0.00509745127436282,0.0015992003998001,0.00129935032483758,0,9.99500249875062e-05,0,0,0,0,0,0.00119940029985007,0,0,0,0.0104947526236882,9.99500249875062e-05,0,0.169015492253873,0,0,9.99500249875062e-05,0,0,0.000199900049975012,0,0,0,0,0.000599700149925037,0,0,0.00109945027486257,0,0,0,9.99500249875062e-05,0,9.99500249875062e-05,9.99500249875062e-05,0.000699650174912544,0,0,0,0.00449775112443778,0,0,0.000299850074962519,0.000299850074962519,0,0,0,0,0,0.0283858070964518,0,0.00659670164917541,0.00489755122438781,0,0,0,0,0,0,0.104647676161919,0,0,0.0296851574212894,0.000199900049975012,0,0,0,0.000299850074962519,0,0.00699650174912544,0,0.000299850074962519,0,0,0.000299850074962519,0,0.00219890054972514,0,0,0.0031984007996002,0
0,0,0,0,0.0532,0,0,0,0,0.0132,0.0079,0,0,0,0.006,0,0.0025,0,0,0,1e-04,0.0159,0.0068,0,0,0.1359,0,0,0,0,5e-04,0,0,0.001,0,0,0,0.0022,0.0057,0,0.0108,0,0,0,0.0118,0.0011,0,0,0,0,0.006,0.0014,0,0,0,0,0,0,0,0,0,0,0,0,0,0.0033,7e-04,0.0067,0,0,0,0,0,0,0,0,0,0,0,2e-04,0,0,0,0.0033,0,0,0,0,0,0,0,0,5e-04,0,0.0176,0,0,0,0,0,0,0,0,0,0.0013,0,0,0.0012,0.012,0,0,5e-04,0,0.0472,0,0,0,0,0,0,0,0,0.0055,0,0.0078,0.2507,0,0,0,0.0511,0.028,1e-04,0,0,0,1e-04,0,0,1e-04,0,0,0,0,0,0,0,0,0,0,0,1e-04,0,0,0,0,1e-04,0,2e-04,0,0.0017,0,0,0,0.0427,0,0,0,0,0,0,0,4e-04,0.0028,0,0,0,0,0.002,0,0,0.0143,0,0,0,0,0,0,0,0,0,0,0.0194,2e-04,0,0,0,0,0,1e-04,0,0,0,0,0,0,8e-04,0,0,2e-04,0.0046,0,0,0,0.0016,0,0,1e-04,0,0,0,0,0,0,0,0,0,0,0,0.014,0,0.0226,0,0,0,0,0,0,0,0,0,0,0,0.0098,0,0,0,0,0.0015,0,0,0.0082,0,0,0,0,0.0017,0,0,0,0,0,0,0,0,0,0,0,0,0,0.0037,0,4e-04,0.0524,0,0,0,0,0,0,0.0438,0,0,0.0139,0,0,0,3e-04,0.0017,0,0.0015,0,0,0,0,0,0,0,0.0068,0,0.0065,0
0,0,0,9.9930048965724e-05,0,0,0,0,0,0,0,0,0,0,0.000299790146897172,0,0,0,0,0,0.000799440391725792,0.00339762166483462,0,9.9930048965724e-05,0,0.172579194563805,0,0,0,0.00169881083241731,0.00679524332966923,0,0,0.0252823023883282,0,0,0.000699510342760068,0,9.9930048965724e-05,0,0,0,0,0.00319776156690317,0,0.0139902068552014,0,0,0,0,0.000199860097931448,0,0,0,0.00219846107724593,0,0,0,0,0.0045967822524233,0,0,0,0,0,0,0.00159888078345158,0,0,0.00389727190966324,0.000599580293794344,0,0,0.000199860097931448,0,0,0,0,0,0.00159888078345158,0,0,0.027880483661437,0,0.00139902068552014,0,0,0,0,0.002897971420006,9.9930048965724e-05,0,0,0.00339762166483462,0,0,0,0,0.00299790146897172,0,0,0,0,0,9.9930048965724e-05,0,0.00139902068552014,0.0317777555711002,0,0,0,0,0,0.00729489357449785,0,0,0,0,0.0273808334166084,0,0,9.9930048965724e-05,0,0,0.0435695013490557,0,0,0,0,0.00219846107724593,0.00279804137104027,0.000399720195862896,0,0,0,0.00049965024482862,9.9930048965724e-05,0,0,0,0.000199860097931448,0,0,0,0,0,0,0,0,9.9930048965724e-05,0.00099930048965724,0,0,0,0,0,0,0,9.9930048965724e-05,0.00409713200759468,0,0,0,0.0135904866593385,0,0,0,0.000199860097931448,0,0,0,0,0.0822424302987908,0,0,0,0,0.00049965024482862,0.00429699210552613,0,0,0.000599580293794344,0,0,0,0,0,0,0,0,0,0.0099930048965724,0,0,0,0,0,0,0,0,0,0,0,0.00529629259518337,0.0310782452283402,0,0,0,9.9930048965724e-05,0,0,0,9.9930048965724e-05,0,0.0020985310282802,0,0.00139902068552014,0,0.0145897871489957,0,0,0,0,0,0,0,0.00479664235035475,0,0.00129909063655441,0,0.00559608274208054,0,0,0.0803437593684421,0,0,0,0,0.000199860097931448,0,0,0,0.00719496352553213,0,0.0095932847007095,0,0,0,0,0,0.00379734186069751,0,0,0,0.00049965024482862,0,9.9930048965724e-05,0,0,0.00099930048965724,0,0,0,0,0,0,0,0.0150894373938243,0,0,0,0.000399720195862896,0.0609573298690916,0,0,9.9930048965724e-05,0,9.9930048965724e-05,0,0.158389127610673,0,0,0.0519636254621765,0,0,0,0.00359748176276606,0,0,0.00139902068552014,0,0,0,0,0.00129909063655441,0,0.00119916058758869,0.00109923053862296,0,0.0181872689117618,0
0,0,0,0,0,0,0.0002000400080016,0,0,0,0,0,0,0,0,0,0,0,0,0,0.0104020804160832,0,0,0,0,0.0022004400880176,0,0,0.000500100020004001,0,0,0,0,0.00610122024404881,0,0,0,0,0,0,0,0,0,0,0,0.001500300060012,0,0,0,0,0,0,0,0,0,0,0,0.0003000600120024,0,0.0171034206841368,0,0,0,0,0,0.00980196039207842,0.00630126025205041,0,0,0,0,0,0,0,0,0,0,0,0,0,0,0,0,0,0.000500100020004001,0,0.000400080016003201,0,0,0,0,0,0,0,0,0,0,0,0,0,0,0,0,0,0.000500100020004001,0.0001000200040008,0,0.324064812962593,0,0,0,0,0,0,0,0.0001000200040008,0,0,0.0014002800560112,0,0,0,0,0.0001000200040008,0.0224044808961792,0.0031006201240248,0,0,0,0,0,0,0,0,0,0,0.0002000400080016,0,0,0,0.15623124624925,0,0,0,0,0,0,0.0001000200040008,0,0,0.00410082016403281,0,0,0,0.0001000200040008,0,0,0,0,0.0017003400680136,0,0,0,0.267953590718144,0,0,0,0,0,0,0,0,0,0,0,0,0,0,0,0,0,0,0,0,0.0003000600120024,0,0,0,0,0.000700140028005601,0,0,0.0003000600120024,0,0,0,0,0,0,0,0,0,0,0,0,0.0224044808961792,0,0,0,0.0013002600520104,0,0,0.000500100020004001,0,0,0,0.00610122024404881,0,0.00550110022004401,0,0,0,0,0,0,0,0,0,0,0,0,0,0,0.0199039807961592,0,0,0,0,0,0,0,0,0,0,0,0,0,0,0,0,0,0,0,0,0,0.000700140028005601,0,0,0,0,0.000700140028005601,0,0,0,0,0,0,0,0,0,0,0,0.0192038407681536,0,0.000600120024004801,0,0,0,0.000500100020004001,0.0744148829765953,0,0,0,0,0,0,0,0,0,0,0,0,0,0,0,0,0.002000400080016,0,0,0.00740148029605921,0
0,0.000299910026991902,9.99700089973008e-05,0.00169949015295411,0,0,0,0,0,0,0,0,0,0,0,0.000799760071978406,0.000999700089973008,0,0,0,0,0.00199940017994602,0,0.0110966709987004,0,0.000299910026991902,0,0,0,0.0125962211336599,0.0216934919524143,0,0,0,0,0,0.000899730080975707,0,0,0,0,0,0,0,0,0.0837748675397381,0,0,0,0,0,0,0,0,0,9.99700089973008e-05,0,0.00169949015295411,0,0,0,0,0,0,0,0,0,0,0,0.0447865640307908,0,0,0,0,0,0,0,0,0,0,0,0,0,0,0.00369889033290013,0,0.000499850044986504,0,0,0,0,0.00409877036888933,0,0,0,0,0,0,0,0,0,0.000699790062981106,0,0,0.00189943017094872,0,0,0.545336399080276,0,0,0,0,0.000299910026991902,9.99700089973008e-05,0,0,0,0,0,0,0,0,0,0.000199940017994602,0.000599820053983805,0.0708787363790863,0,0,0,0,0.00899730080975707,0,0,0,0,0,0,0,0,0,0,0,0,0,0,0,0,0,0,0,0,0,0.00649805058482455,0,0,0,0,0,0,0.00559832050384884,0,0,0,0,0,0,0,0,0,0,0,0,0,0,0,0,0,0.00649805058482455,0,0,0,0,0,0,0,0,9.99700089973008e-05,0,0,0,0,0.00279916025192442,0,9.99700089973008e-05,0,0,0,0,0,0,0,0,0,0,0,0.000999700089973008,0,0,9.99700089973008e-05,0.0211936419074278,0,0,0,0,0.000499850044986504,0,0,0,0,0,0,0,0,0,0,0,0,0,0.00249925022493252,0,0,0,0,0.0909727081875437,0,0,0,0,0,0.000299910026991902,0,0,0,0,0.000799760071978406,0.00609817054883535,0,0,0,0,0,0,0,0,0,0.00229931020693792,0,0,0,0,0,0,0,0,0,0,0,0,0,0,0,0,0.00889733080075977,0,0,0,0,0,0,0.000499850044986504,0,0,0.012296311106668,0,0,0,0,0,0,0,0,0,0,0,0.00199940017994602,0,9.99700089973008e-05,0,0,0.00869739078276517,0
0,9.99700089973008e-05,0,0,0,0,0,0,0,0,0,0,0,0,0.00219934019794062,0,0,0,0,0,0.000199940017994602,0.00549835049485154,0,0,0,0.422673198040588,0,0,0.000399880035989203,0,0.000799760071978406,9.99700089973008e-05,0,0.00719784064780566,0,0,0.000899730080975707,0.00799760071978406,0,0,0,0,0,0.00279916025192442,0,0.0333899830050985,0,0,0,0,0,0,0,0,0,0,0,0,0,0.0261921423572928,0,0,9.99700089973008e-05,0,0,0,0,0,0,0,0,0,0,0,0,0,0,0,0,0.00599820053983805,0,0,0,0,0,0,0,0,0,0,0,0,0,0,0,0.0118964310706788,0,0,0,0,0,0.00249925022493252,0,0,0,0,0.0246925922223333,0.0377886634009797,0,0,9.99700089973008e-05,0,0.00119964010796761,0,0,0,0,9.99700089973008e-05,0.00779766070178946,0,0,0,0,0,0,0,0,0,0,0,0.00139958012596221,0.000599820053983805,0,0,0,0,0,0,0,0,0.0990702789163251,0,0,0,0,0,0.00269919024292712,0,0,9.99700089973008e-05,0.00269919024292712,0,0.000499850044986504,0,0,0,0,0,0,0.00709787063880836,0,0,0,0.000399880035989203,0,0,0,0.000299910026991902,0,0,0,0,0,0,0,0,0,0,0,0.000499850044986504,0,0,0,0,0.000399880035989203,0.00339898030590823,0,0,0,0,0,0.00909727081875437,0,0,0,0,0,0,0,0,0,0,0,0,0,0.00449865040487854,0,0,0.000199940017994602,0,0,0,0,0,0,0,0,0,0,0,0,0,0,0,0,0,0,0,0.00699790062981106,0,0,0,0,0.00319904028791363,0,0,0,0.000899730080975707,0,0,0,0,0,0,0.000399880035989203,0,0,0,0,0,0,0,0,0,0,0,0,0,0,0,0.00119964010796761,0,0,0.000499850044986504,0,0,0,0,0,0.000199940017994602,0,0,0.020593821853444,0,0.000399880035989203,0,0,0,0.000399880035989203,0.158052584224733,0,0,0.0602819154253724,0,0,0,0,0,0,0,0,0,0,0,0.00129961011696491,0,0.00559832050384884,0,0,0.00439868039588124,0
0,0,0.000100040016006403,0.000100040016006403,0,0,0.000600240096038415,0,0,0,0,0,0.000200080032012805,0,0.00130052020808323,0,0.000300120048019208,0,0,0,0,0.00820328131252501,0,0,0,0.298819527811124,0,0,0.00750300120048019,0,0,0,0,0,0,0,0.00130052020808323,0,0,0.000100040016006403,0,0,0,0,0,0,0,0,0,0,0.000600240096038415,0,0,0,0,0,0,0,0,0,0,0,0,0.000900360144057623,0,0,0.0558223289315726,0,0,0.0278111244497799,0,0,0,0,0,0,0,0,0,0,0,0,0.0431172468987595,0,0,0.000200080032012805,0,0,0,0,0,0.000300120048019208,0.00130052020808323,0,0,0.0250100040016006,0.000300120048019208,0,0,0,0,0.000100040016006403,0,0,0,0,0,0,0,0,0,0,0,0,0,0.000100040016006403,0,0,0.0132052821128451,0,0,0,0,0.000100040016006403,0,0,0.29031612645058,0,0,0,0,0,0,0.00040016006402561,0,0,0.00040016006402561,0,0,0,0.000800320128051221,0,0,0.000200080032012805,0,0,0.00190076030412165,0,0,0.000100040016006403,0,0,0,0,0.000100040016006403,0,0,0,0,0,0.00220088035214086,0,0,0,0.000700280112044818,0,0,0,0,0,0,0,0,0,0,0,0,0,0,0.000600240096038415,0,0,0,0,0,0,0,0,0,0,0.00280112044817927,0,0,0,0,0.00040016006402561,0,0,0,0.00140056022408964,0,0,0,0,0,0,0,0,0,0.000500200080032013,0,0,0,0,0,0,0,0,0.000100040016006403,0,0,0,0,0,0,0,0,0,0,0,0,0.000100040016006403,0,0.0152060824329732,0.000300120048019208,0,0,0,0,0.000100040016006403,0,0,0,0,0.000200080032012805,0,0,0,0,0,0,0,0,0,0,0.00300120048019208,0.000500200080032013,0,0,0,0.00250100040016006,0,0,0,0,0,0,0,0,0,0,0,0,0,0.000200080032012805,0.000100040016006403,0,0,0,0.181072428971589,0,0,0,0,0,0.000100040016006403,0,0,0,0.00320128051220488,0,0,0,0,0,0,0.00170068027210884,0,0,0.00140056022408964,0
0,0,0,0,0,0,0,0.00529735132433783,0,0,0,0,0,0.0295852073963018,0.00189905047476262,0,0,0,0,0,0.00249875062468766,0.000599700149925037,0,0.000199900049975012,0,0.250074962518741,0,0,0.00259870064967516,0.00119940029985007,0.0310844577711144,0,0,0.0015992003998001,0,0,0.000199900049975012,0,0,0,0,0,0,0.00379810094952524,0,0.023488255872064,0,0,0,0,0,0,0,9.99500249875062e-05,0.000299850074962519,9.99500249875062e-05,0,0,0,0.0134932533733133,0,0.00429785107446277,0,0,0,0,0.00819590204897551,0,0,0,0.00109945027486257,0,0,0.0015992003998001,0,0,0,0,0,0,0,0,0,0,0.00679660169915042,9.99500249875062e-05,0.00309845077461269,0,0,0.00259870064967516,0,0.000899550224887556,0,0,0,0,0,0,0.00109945027486257,0,0,0,0,0,9.99500249875062e-05,0,0,0.0472763618190905,0,0,0,0,0,0.00399800099950025,0,0,0,0,0.00549725137431284,0.000699650174912544,0,0,0,0,0.0031984007996002,0,0,0,0,0,0,0.0259870064967516,0,0,0,0,0.0015992003998001,0,0,0,0.000199900049975012,0,0,0,0,0,0,0,9.99500249875062e-05,0,0,0,0,0,0,0,0,0,0,0.00339830084957521,0,0,0,0,0,0,0,0,0,0,0,0,0,0,0,0,0,0,0.0482758620689655,0,0,0,0,0,0.000199900049975012,0,0,0,0,0,0,0.00589705147426287,9.99500249875062e-05,0,0,0,0,0,0,0,0,0,0,0,0,0.00279860069965018,9.99500249875062e-05,0,0,0,0,0,0,0.00079960019990005,9.99500249875062e-05,0,0.00969515242378811,0,0,0.000699650174912544,0,0,0,0,0,0,0,0,0.000499750124937531,0,0.0164917541229385,0,0,0.195002498750625,0,0,9.99500249875062e-05,0,0,0,0,0,0,0,0,0,0,0,0,0,0,0,0,0,0,0.00109945027486257,0.000199900049975012,0,9.99500249875062e-05,0.00079960019990005,0,0,0,9.99500249875062e-05,0,0,0,0,0.000299850074962519,0.0968515742128936,0,0.00369815092453773,0.0047976011994003,0,0,0,0,0,0.000399800099950025,0.109045477261369,0,0,0.00279860069965018,0,0,0,0,0,0.00679660169915042,0,0,0,0,0,0.000499750124937531,0,0.000599700149925037,0,0,0.00119940029985007,0
0,0,0,0,0,0,9.99800039992002e-05,0.0002999400119976,0,0,0,0,0,0,0.0021995600879824,0,0,0,0,0,0.0001999600079984,0.0013997200559888,0,0.00479904019196161,0,0.294241151769646,0,0,0.0175964807038592,0,0.0203959208158368,0,0,0.0028994201159768,0,0,0.00519896020795841,0.00429914017196561,0.0001999600079984,0,0,0,0,0.00549890021995601,0,0,0,0,0,0,0.000399920015996801,0,0,0,0.00689862027594481,0,0,0,0,0.0155968806238752,0,0,0.0001999600079984,0,0,0,0.00689862027594481,0,0,0.00489902019596081,0.000399920015996801,0,0,9.99800039992002e-05,0,0,0,0,0,0.000399920015996801,0,0,0.0337932413517297,0,0,0,0,0,0,0.0028994201159768,0.000899820035992801,0.00689862027594481,0.0318936212757448,0,0,0.0181963607278544,0,0,0.0002999400119976,0.0001999600079984,0,0,0,0,0,0,0,0.0493901219756049,0,0,0,0,0,0.0021995600879824,0,0.0012997400519896,0,0,0.0138972205558888,9.99800039992002e-05,0,0,0,0.001499700059988,0.00589882023595281,0,0,0,9.99800039992002e-05,0,0,0.0146970605878824,0,0.0001999600079984,0,0,0.00819836032793441,0,0,0,0,0,0,0,0,0,0,0,0,0,0.000399920015996801,0.0016996600679864,0,0,9.99800039992002e-05,0,0,0,9.99800039992002e-05,0,0,0,0,0,0,0,0,0,0,0,0,0,0.0013997200559888,0,0,0,0,0.000899820035992801,0.000899820035992801,0.0021995600879824,0,0,0,0,0,0,0,0,0,0,0,0.0021995600879824,0.000499900019996001,0,0,0,0,0.000599880023995201,0,0,0,0,0,0,0.0320935812837433,0.00719856028794241,0,0,0,0.00759848030393921,0,0,0,0.0030993801239752,0.000499900019996001,0,0.00689862027594481,0,0.0202959408118376,0.000499900019996001,0.00809838032393521,0,0,0,0,0,0,0,0,0,0.011497700459908,0,0,0.0657868426314737,0,0,0,0,0,0.000799840031993601,0,0,0,0,0,0,0,0,0,0,0,0.0001999600079984,0.001499700059988,0,0,0,0,0,0,0,0,0,0,0,0,0,0,0,0,0.0658868226354729,0,0,0.0907818436312737,0,0.0001999600079984,0,0.000399920015996801,0,0.0013997200559888,0.0360927814437113,9.99800039992002e-05,0,0.00959808038392321,0,0,0,0,0,0,0.0012997400519896,0,0,0,0,0.0181963607278544,0,0.000699860027994401,0,0,0.0105978804239152,0
0,0,0,0,0.00619504396482814,0.00579536370903277,0.00159872102318145,0,9.99200639488409e-05,0.00719424460431655,0.0110911270983213,0,0.00529576338928857,0.0021982414068745,0.0197841726618705,0,0.00789368505195843,9.99200639488409e-05,0.00919264588329336,0,0,0,0.00239808153477218,0,0,0,0,0,9.99200639488409e-05,0,0.000899280575539568,0,0,0.000199840127897682,0,0,0.00339728217426059,0.00129896083133493,0.00379696243005596,0,0.00449640287769784,0,0,0,0.000899280575539568,0.0268784972022382,0,0,0,0,0.0114908073541167,9.99200639488409e-05,0,0,0,0,0,0,0,0.00619504396482814,0,0.000799360511590727,0,0,0,0.00259792166266986,0.000399680255795364,0.00309752198241407,0,0,0,0,0,0,0,0,0,0,0,0.00699440447641886,0,0.0201838529176659,0.00269784172661871,0,0,0.000399680255795364,0,0,0,0,0,0,0.000199840127897682,0,0.00349720223820943,0,0,9.99200639488409e-05,0,0,0,0,0,0,0.00149880095923261,0,0,0.0140887290167866,0.018185451638689,0.000299760191846523,0,0,0,0,0,0,0.00209832134292566,0,0.00559552358113509,0,0,0,0.0378697042366107,0.000199840127897682,0.0202837729816147,0.0734412470023981,0,0,0,0.177258193445244,0,0.000199840127897682,0,9.99200639488409e-05,0.00119904076738609,9.99200639488409e-05,0.000299760191846523,0,0.000199840127897682,0,0,0,0.00119904076738609,0,0,0,0,0,0,9.99200639488409e-05,0.000599520383693046,0.00119904076738609,0,0,0,0,0,0.000299760191846523,0,0.00189848121502798,0,0,0,0,0,0,9.99200639488409e-05,0,0,0,0,0.00159872102318145,0.268385291766587,0,0,0,0,0,0.00479616306954436,0,0,0,0,0,0.00109912070343725,0,0,0,0,0,0,0.00599520383693046,9.99200639488409e-05,0,0.00109912070343725,0,0,0,0,9.99200639488409e-05,0,0.000599520383693046,0,0,0,0.00629496402877698,0,0,0,0.000199840127897682,0,0,0.000499600319744205,0,0,0,0.00689448441247002,0,0.000499600319744205,0,0,0,0,0.000999200639488409,0,0,0,0,0.00189848121502798,0,0.00749400479616307,0,0,0.00859312549960032,0.000799360511590727,0,0.000899280575539568,0,0,0.000199840127897682,0,0,0,0,0,0,0,0.00139888089528377,0,0,0,0,9.99200639488409e-05,0,0,0.000799360511590727,0.000299760191846523,0,0,0,9.99200639488409e-05,0,0,0,0,0,0,0,0.000399680255795364,0.000999200639488409,0,0,0.0388689048760991,0.000499600319744205,0.000499600319744205,0,0,9.99200639488409e-05,9.99200639488409e-05,0.0657474020783373,0,0,0,0,0,0,0,0,0,0.0210831334932054,0.00539568345323741,0,0,0,9.99200639488409e-05,0,0.000399680255795364,0,0,0.00619504396482814,0
0,0,9.99700089973008e-05,0,0,9.99700089973008e-05,0.00139958012596221,0.00229931020693792,0,0,0,0,0,0,9.99700089973008e-05,0,0,0,0,0,0.00449865040487854,0.00539838048585424,0.000399880035989203,9.99700089973008e-05,0,0.292412276317105,0,0,0.00249925022493252,0.000599820053983805,9.99700089973008e-05,0,0,0.0119964010796761,0,0,0,0.0114965510346896,0,0,0,0,0,0.0151954413675897,0,0.00909727081875437,0,9.99700089973008e-05,0,0,0.000499850044986504,0,0,0,0.000299910026991902,0,0,0,0,0.00699790062981106,9.99700089973008e-05,0.00729781065680296,0,0,0,0,0.0145956213136059,0,0,0,0.00369889033290013,9.99700089973008e-05,0,0,0,0,9.99700089973008e-05,0,0,0,0,0,0.000399880035989203,0,0.0909727081875437,0,0,0,0,0.00389883035089473,0,0.000699790062981106,0.000599820053983805,0.00639808057582725,0,0,0,0,0,0,0,0.000599820053983805,0,0,0,0,0,0,0,0,0,0.00779766070178946,0,0.00249925022493252,0,0,0,0,0.0113965810256923,0.000899730080975707,0,0,0,9.99700089973008e-05,0.00309907027891633,0,0,0,0,0,0.00159952014395681,0.00509847045886234,0,0.000299910026991902,0,0,0.00229931020693792,0,0,0,0.00389883035089473,0.000199940017994602,0,0,0,0,0.00249925022493252,0,0,0,0.00169949015295411,0,0,0.000599820053983805,0.00119964010796761,0,0,0,0,0.00979706088173548,0,0,0,0,0,0,9.99700089973008e-05,0,0,0,0,0,0,0,0,0,0.000999700089973008,0.0231930420873738,0.00129961011696491,9.99700089973008e-05,0,0,0,0,0,0,0,0,0,0,0,0.00679796061181645,0.000299910026991902,0,0,0.00219934019794062,0,0,0,0.0365890232930121,0,0,0,0.000199940017994602,0,0.000299910026991902,0,0,0,9.99700089973008e-05,0.000299910026991902,0,0,0,0,0,0.00739778066580026,0.0109967009897031,0.000199940017994602,0,0.00159952014395681,0,0,0,0,0,0,0,0.0137958612416275,0,0,0,0,0.00349895031490553,0,0,0.000199940017994602,0,0,0.00169949015295411,0,0,0.00999700089973008,0,0,0,0,0,0,0,0,0,0,0,0,0,9.99700089973008e-05,0,0.000399880035989203,0.017294811556533,0,0,0.000599820053983805,0.000299910026991902,0.0180945716285114,0,0.000399880035989203,0,0.000199940017994602,0.0354893531940418,0,0.000699790062981106,0,0,0,0,0,0,0,0.22813156053184,0,0.000199940017994602,0.0111966410076977,0,0.000299910026991902,0,0,0,0,0.00129961011696491,0,0,0,0,0.000699790062981106,0,0.00659802059382185,0,0,0.00599820053983805,0
0,0,0,0,0,0,0.000299820107935239,0,0,0.00279832100739556,0.00409754147511493,0,0,0,0.0436737957225665,0,0.00549670197881271,0,0,0,0,0.0191884869078553,0,0,0,0.240055966420148,0,0,0,0,0,0,0,0.00449730161902858,0,0,0,0.000499700179892065,0,0,0,0,0,0,0.00439736158305017,0.00889466320207875,0,0,0,0,0,0,0,0,0,0,0,0,0,0.000599640215870478,0,0,0,0,0.00349790125924445,0,0,0.000499700179892065,9.9940035978413e-05,0,0,0,0,0,0,0,0,0,0,0.00109934039576254,0,0,0,0,0,0,0.000399760143913652,0,0,0,0,0,9.9940035978413e-05,0,0,0,0,0,0.000799520287827304,0.00199880071956826,0,0.0147911253248051,0,0,0,0,0,9.9940035978413e-05,0,0,0,0,0,0,0,0,0,0,0,0,0,0,0,0,0.00489706176294223,0.136118329002598,0,0,0,0.0369778133120128,0.00409754147511493,0.00119928043174096,0,0,9.9940035978413e-05,0.000199880071956826,0,0,0,0,0,9.9940035978413e-05,0.000999400359784129,0,0,0,9.9940035978413e-05,0,0,0,0,0,0,0,0,0,0,0,0,0.00779532280631621,0,0,0,0,0,0,0,0,0,0,0,0,0.00649610233859684,0,0,0,0,0,0,0,0,0,0,0,9.9940035978413e-05,0,0,0,0,0,0,0.00549670197881271,9.9940035978413e-05,0,0,0,0,0,9.9940035978413e-05,0,0,0,0,0,0,0.00279832100739556,0,0,0.000299820107935239,0,0,0,0,0,0,0,0,0,9.9940035978413e-05,0,0,0,0,0,0,0,0,0,0,0,0.0113931641015391,0,0,0.252848291025385,0,0,0,0.00219868079152508,0,0,0,0,0,0,0,0,0,0,0,0,0,0,0.000299820107935239,0,0,0.0149910053967619,0,0,9.9940035978413e-05,0,0,0,0.000299820107935239,9.9940035978413e-05,0,0,0,0,0,0.00189886068358985,0,0.000199880071956826,0.0194883070157905,0,0,0,0,0,0.000299820107935239,0.0690585648610833,0,0,0.0174895062962223,0,0,0,0,0,0,0,0,0,0,0,0.00559664201479113,0,0.000399760143913652,0,0,0.0373775734559264,0
0,0,0,9.9930048965724e-05,0,0,0,0,0,0,0,0,0,0,0.00219846107724593,0,0,0,0,0,0,0,0,0,0,0.10212851004297,0,0,0.00549615269311482,0.00049965024482862,0.0625562106525432,0,0,0.00739482362346358,0,0,0.00049965024482862,0,9.9930048965724e-05,0,0,0,0,0,0,0,0,0,0,0,0,0,0,0,0,0,0,0.000199860097931448,0,0,0,0,0,0,0,0,0.00179874088138303,0,0,0.00579594284001199,0,0,0,0.00109923053862296,0,0,0,0,0,0,0,0,0,0,0,0.000299790146897172,0.00429699210552613,0,9.9930048965724e-05,0,0,0,0,0,0,0,0,0,0,0,0,9.9930048965724e-05,0,0,0,0,0,0.0244828619966024,0,0,0,0,0,0,0,0,0,0,0.00889377435794944,0,0,0,0,9.9930048965724e-05,0.00229839112621165,0,0,0,0,0,0,0,0,0,0,0,0.00849405416208654,0,0,0,0.000399720195862896,0,0,0,0,0,0,0,0,0,0.00119916058758869,0,0,9.9930048965724e-05,9.9930048965724e-05,0.000299790146897172,0,9.9930048965724e-05,0,0,0,0,0,0,0,0,0,0,0,0,0,0,0,0,0.00129909063655441,0,0,0,0.00519636254621765,0,0,0.000699510342760068,0,0,0,0,0,0,0,0,0,0.00629559308484061,0.000299790146897172,0,0,0,0,0,9.9930048965724e-05,0,0,0,0,0,0.142899970020985,0.00169881083241731,9.9930048965724e-05,0,0.000599580293794344,0.000299790146897172,0,0,0,0,0.000799440391725792,0,0,0,9.9930048965724e-05,0,0,0,0,0,0,0,0,0,0.0024982512241431,0,0.0110922354351954,0,0,0.130208853802338,0,0,0,0,0,0,0,0,0,0,0,0,0,0,0,0,0,0,0,0,0,0.000599580293794344,9.9930048965724e-05,0,0,0,0,0,9.9930048965724e-05,9.9930048965724e-05,0,0,0,0,0,0.000299790146897172,0,0,0.00509643249725192,0,0.00049965024482862,0,0,0,0.000199860097931448,0.434895573098831,0,0,0,0,0,0,0,0,0,0,0,0,0,0,0,0,0.000399720195862896,0,0,0.0123913260717498,0
0,0,0,9.99200639488409e-05,0,0.0124900079936051,0,0,0,0.00629496402877698,0.00499600319744205,0,0.00179856115107914,0.0105915267785771,0.0016986410871303,0,0,0,0,0,0,0,0.00129896083133493,0,0,0.166666666666667,0,0,0,0.00159872102318145,0,9.99200639488409e-05,0,0.00349720223820943,0,0,0,0,0.00179856115107914,0,0,0,0,0,0.000899280575539568,0.0254796163069544,0,0,0.000399680255795364,0,0.00229816147082334,0.00359712230215827,0,0,0,0,0.00799360511590727,0,0,0.0177857713828937,0.00529576338928857,0.00399680255795364,0,0,0,0,0.0111910471622702,0.00679456434852118,0,0,0,0,0.000399680255795364,0.0021982414068745,0,0,0,0,0,0.0154876099120703,0,0,0,0,0,0,0,0,0,0,0,0,0,0,0,0,0,0,0,0,0,0.00359712230215827,0,0,0,0,0,0.025779376498801,0.0280775379696243,0,0,0,9.99200639488409e-05,0,0,0,0,0,0.00719424460431655,9.99200639488409e-05,0,0,0.00549560351718625,0,0,0,0,0,0,0.0666466826538769,0,9.99200639488409e-05,0,0,0,9.99200639488409e-05,9.99200639488409e-05,0,0,0,0.000299760191846523,0,0.00229816147082334,0,0,0,0,0,0,0,0.000399680255795364,0,0,0,0,0,0,0,0,0,9.99200639488409e-05,0,0,0,0,0,0,0,0,0,0,0,9.99200639488409e-05,0,0,0,0,0,0,0,0,0,0,0,0,0,0,0,0,0.00199840127897682,0,0,0,0.000599520383693046,0,0,0,0,0,0,0,0.000499600319744205,0,0,0,0.00779376498800959,0,0,0.000299760191846523,0,9.99200639488409e-05,0,0,0,0,0,0,0,0.0387689848121503,0,0,0,0,0,0,0,0,0,0.00549560351718625,0,0,0,0,0.0436650679456435,0,0,0,0,0.000199840127897682,0.000199840127897682,0,0,0,0,0,0,0,0,0,0,0,0,0.00179856115107914,0,0.000299760191846523,0.000699440447641887,0.0016986410871303,0,0,0,0,0,0,0.00109912070343725,0.000399680255795364,0,0,0,0.0304756195043965,0.106714628297362,0,0,0.00629496402877698,0,9.99200639488409e-05,0,0,0,0,0.267785771382894,0,0.00289768185451639,0.0082933653077538,0,0,0,0,0,0,0,0,0,0,0,0,0,0.000299760191846523,0,0,0.0142885691446843,0
0,0,0,0.000199940017994602,0.01629511146656,0,9.99700089973008e-05,0.0129961011696491,0,0.00509847045886234,0.00979706088173548,0,0.00489853044086774,0.000399880035989203,0.00249925022493252,0,0,0,0.010296910926722,0,0,0.00619814055783265,0,9.99700089973008e-05,0,0.000299910026991902,0,0,9.99700089973008e-05,0.00719784064780566,0,0,0,0.000299910026991902,0,0,0,9.99700089973008e-05,0,0,0.0332900129961012,0,0,0,0.00109967009897031,0,0,0.000399880035989203,0,0,0.00299910026991902,0.000199940017994602,0,0,9.99700089973008e-05,0,0.00889733080075977,0,0,0.000299910026991902,0,0.00129961011696491,0.00119964010796761,0.000399880035989203,0,0.00229931020693792,0.0144956513046086,0.013296011196641,0.00279916025192442,0.00189943017094872,9.99700089973008e-05,0,0,0,0,0,0.000199940017994602,9.99700089973008e-05,0,0.00219934019794062,0,0.0259922023392982,0,0,0,0,0,0,0.00609817054883535,0,0.000199940017994602,9.99700089973008e-05,0.000899730080975707,0,0,0,0,0,0,9.99700089973008e-05,0,0,0,0,0,0,0,0.133659902029391,0.00549835049485154,9.99700089973008e-05,0.000299910026991902,0,0,0,0.000399880035989203,0,0.00109967009897031,0.000899730080975707,0,0,0.0293911826452064,0.0105968209537139,0,0,0,0.0606817954613616,0,0,0,0.124262721183645,0,0.00509847045886234,0.000199940017994602,9.99700089973008e-05,0,0,9.99700089973008e-05,0,9.99700089973008e-05,0,9.99700089973008e-05,0,0.00209937018894332,0,0,0,9.99700089973008e-05,0,0.000399880035989203,0.000199940017994602,0.000199940017994602,0,0,9.99700089973008e-05,0,0,0,9.99700089973008e-05,0,0.00169949015295411,0,0,0,0.000199940017994602,0,9.99700089973008e-05,0,0,0.000199940017994602,0,9.99700089973008e-05,0,0,0,0,0,0,0.00189943017094872,0.000399880035989203,0,0,0,0,0,0.000599820053983805,0,0,0,0,0,0.0221933419974008,0.00419874037788663,9.99700089973008e-05,0,0,0,0.000599820053983805,0,0,0,0,0,9.99700089973008e-05,0.0160951714485654,0,0.000299910026991902,0,0,0,0,0,0,0,0,0.000399880035989203,0,0.00249925022493252,0.00289913026092172,0.0351894431670499,0,0,9.99700089973008e-05,0,0,9.99700089973008e-05,0,0,0,0.000599820053983805,0,0,0,0,0.0546835949215235,0,0,9.99700089973008e-05,0,0,0,0,0,0,0,0,0.00519844046785964,0,0,0,0,0,0.000199940017994602,0.000799760071978406,0,0.000899730080975707,0.000299910026991902,0.000399880035989203,0,0.000199940017994602,0,9.99700089973008e-05,0,0,0.000499850044986504,9.99700089973008e-05,0,0,0,0.000299910026991902,0.209937018894332,0,0,0.0296910926721983,0,0,9.99700089973008e-05,9.99700089973008e-05,0,9.99700089973008e-05,0.029591122663201,9.99700089973008e-05,0,0,0,0,0,0,9.99700089973008e-05,0.000499850044986504,0,0,0,0,0,0,0,0,0,0,0.00179946016195141,0
0,0,0,0.0001000200040008,0,0,0.00370074014802961,0,0,0,0,0,0,0.0023004600920184,0.0002000400080016,0.0002000400080016,0.00330066013202641,0,0,0,0,0.00350070014002801,0,0.0001000200040008,0.0001000200040008,0.192638527705541,0,0,0.000400080016003201,0.0002000400080016,0.00860172034406881,0.0309061812362472,0,0.00520104020804161,0,0,0,0.0284056811362272,0,0.0001000200040008,0,0,0,0,0,0.0406081216243249,0,0,0,0,0.00620124024804961,0,0,0,0.0001000200040008,0,0,0.0001000200040008,0,0.0189037807561512,0,0.00370074014802961,0,0,0,0.000600120024004801,0.012002400480096,0,0,0,0.0013002600520104,0,0,0,0.0028005601120224,0,0,0,0,0.023504700940188,0,0,0,0,0.00680136027205441,0.000900180036007201,0,0.0001000200040008,0.0001000200040008,0.0121024204840968,0,0.0002000400080016,0,0,0,0,0,0,0.00410082016403281,0,0,0.00470094018803761,0,0,0,0,0,0.0187037407481496,0,0,0,0,0,0.00340068013602721,0,0,0.0001000200040008,0,0.0256051210242048,0,0,0,0.0002000400080016,0,0.00880176035207041,0,0.000900180036007201,0,0,0,0.00780156031206241,0.0396079215843169,0,0,0,0,0.0001000200040008,0,0,0,0.000600120024004801,0,0,0,0,0,0,0,0,0,0.0012002400480096,0.001500300060012,0,0,0.0001000200040008,0,0,0,0.000500100020004001,0.0019003800760152,0,0,0,0.0003000600120024,0,0,0,0,0,0,0,0,0.00960192038407682,0,0,0,0,0.0189037807561512,0.00540108021604321,0,0,0,0,0,0,0,0,0,0.00980196039207842,0,0,0.0234046809361872,0,0,0,0.0001000200040008,0.00330066013202641,0.0003000600120024,0,0,0,0,0,0,0.0221044208841768,0.00870174034806961,0,0,0.0001000200040008,0.0003000600120024,0,0,0,0,0.0027005401080216,0,0.00350070014002801,0,0,0,0,0,0,0,0,0.0001000200040008,0,0,0.0001000200040008,0,0.00350070014002801,0,0.0001000200040008,0.0257051410282056,0.001500300060012,0,0,0,0,0,0,0,0.0108021604320864,0,0.000400080016003201,0,0,0,0,0,0.0177035407081416,0.0001000200040008,0,0,0.0001000200040008,0,0.000900180036007201,0,0.000800160032006401,0,0,0,0,0.000400080016003201,0,0,0,0.000400080016003201,0,0.0163032606521304,0,0,0.00940188037607522,0,0,0,0,0,0.000400080016003201,0.204240848169634,0,0,0.0156031206241248,0,0,0,0,0.0002000400080016,0.0163032606521304,0,0.00470094018803761,0,0,0,0.0001000200040008,0,0.000400080016003201,0,0,0.0314062812562513,0
0,0,0,0,0.00319488817891374,0.00199680511182109,9.98402555910543e-05,0,9.98402555910543e-05,0.00479233226837061,0.00579073482428115,0,0,9.98402555910543e-05,0,0,0.0157747603833866,9.98402555910543e-05,0,9.98402555910543e-05,0,0.009185303514377,0,9.98402555910543e-05,0,0.0466253993610224,0.00189696485623003,0,0.000199680511182109,0,0.0080870607028754,0,0,0.0023961661341853,0,0,9.98402555910543e-05,0.00648961661341853,0.00169728434504792,0,0.00259584664536741,0,0,0,0.00359424920127796,0.00139776357827476,0,0,0,0,0.00379392971246006,0.000199680511182109,0,0.000399361022364217,0,0,0,0,0.000199680511182109,0.0023961661341853,0.0023961661341853,0.00658945686900958,0,0,0,0.00609025559105431,0.0121805111821086,0.00139776357827476,0,0.00678913738019169,0,0,0,0.0224640575079872,0,0,0,9.98402555910543e-05,0,0.00908546325878594,0.000199680511182109,0.00928514376996805,0,0,0,0,0,0,0,0,0.00479233226837061,9.98402555910543e-05,9.98402555910543e-05,0,0.00299520766773163,0,0,0,0,0,0,0,0,0,0.000798722044728434,0,0,0.15904552715655,0.00369408945686901,0.000998402555910543,9.98402555910543e-05,0,0,0,0,0,0,0.000399361022364217,0.00119808306709265,0,0.00718849840255591,0,0.0107827476038339,0,0.000798722044728434,0.077276357827476,0.0370407348242811,0,0,0.0285543130990415,0,0.000299520766773163,0,9.98402555910543e-05,0,0,9.98402555910543e-05,0,0,0,9.98402555910543e-05,0,0.000399361022364217,0,0,0,0,0,0,9.98402555910543e-05,0.00159744408945687,9.98402555910543e-05,0.00529153354632588,0,0,0,0,0,0,0.00269568690095847,0,0,0,9.98402555910543e-05,0,0,0.000199680511182109,0,9.98402555910543e-05,0,0.000499201277955272,0,9.98402555910543e-05,0,0,0,0,0.00648961661341853,0.056908945686901,9.98402555910543e-05,0,0,0,9.98402555910543e-05,0.000599041533546326,0,0,0,0,0,0,0.00399361022364217,9.98402555910543e-05,9.98402555910543e-05,0,0,0,0,0,9.98402555910543e-05,0,0,0,0.0270567092651757,0,0.016573482428115,0,0,9.98402555910543e-05,9.98402555910543e-05,0,0,0,0,0.00309504792332268,0,0.0249600638977636,0,9.98402555910543e-05,0,9.98402555910543e-05,0,0,0.00768769968051118,0,0,0,0,0,0.000898562300319489,0.0069888178913738,0,0,0.134684504792332,0,0,0,0,0,0,0,0,0.000199680511182109,0,0,0,0,9.98402555910543e-05,0,0,0,0.000399361022364217,0.000299520766773163,0,0.000399361022364217,0.00229632587859425,0.000299520766773163,0,0,0,0.000798722044728434,0.000599041533546326,0,0.000199680511182109,9.98402555910543e-05,0,0,0.00339456869009585,0,0.0355431309904153,0,0,0.000499201277955272,0,0,0,9.98402555910543e-05,0,0.00169728434504792,0.0978434504792332,0,0,0.00579073482428115,0,0,0,0,0,0.00319488817891374,0.00289536741214057,0,0,0,0,0.00219648562300319,0,0.000399361022364217,0,9.98402555910543e-05,0.00199680511182109,0.000199680511182109
0,0,0,0,0.0191904047976012,0,0,0,0,0.00849575212393803,0,0,0,0,0.0114942528735632,0,0,0,0,0,0.00749625187406297,0,0.00169915042478761,0,0,0.0798600699650175,0,0,0.00339830084957521,0.0465767116441779,9.99500249875062e-05,0.0140929535232384,0,0.000299850074962519,0,0,0.000299850074962519,0,0.00199900049975012,0,0,0.00229885057471264,0,0,0.00129935032483758,0.00079960019990005,0,0,0,0,0.00739630184907546,0,0,0,0,0,0,0,0,0.0108945527236382,0,0.0047976011994003,0,0,0,0,0.0133933033483258,0,0,0,0,0,0,0,9.99500249875062e-05,0,0,0,0,0.00229885057471264,0,0.00619690154922539,0.0031984007996002,0,0,0,9.99500249875062e-05,0,0,0,0,0,0.00449775112443778,0.00389805097451274,0,0,9.99500249875062e-05,0,0,0,0,0,0,0,0,0,0,0.0171914042978511,0.00389805097451274,0,0,0,0,0,0,0,0,0,0.00889555222388806,0,0,0,0,0.000199900049975012,0.000299850074962519,0.0787606196901549,0,0,0,0.227786106946527,0.00509745127436282,9.99500249875062e-05,0,0,0.000599700149925037,9.99500249875062e-05,0.0117941029485257,0,0,0,0,0,0,0,0,0,0,0,0,0,0.000599700149925037,0.00559720139930035,0,0,0,0,0,0,0,0.000199900049975012,0,0,0,0.00119940029985007,0,9.99500249875062e-05,0,0,0,0,0,0,0.000199900049975012,0,0,0,0,0,0,0,0,0,0,0,0.00129935032483758,0,0,0,0,0,0,0.00539730134932534,0,0,0,0,0,0,0,0,0,0,0,0,0,0.000699650174912544,0,0,0,0,0,0,0,0,0,0,0.0047976011994003,0,0.00469765117441279,0,0,0,0,0,0,0,0,0,0.00179910044977511,0,0.0149925037481259,9.99500249875062e-05,0,0.0784607696151924,0,0,0,0,0,0,0.000299850074962519,0,0,0,9.99500249875062e-05,0,0,0,0,0,0.00449775112443778,0,0,0,0,0.00549725137431284,0,0,0,0.00179910044977511,0,0,0,0,0,0,0,0,0,0.110044977511244,0,0,0.0176911544227886,0,0,0,0,0,0,0.116541729135432,9.99500249875062e-05,0,0,0,0,0,0,0,0,0.00119940029985007,0,0,0,0,0.00079960019990005,0,0.00369815092453773,0.000599700149925037,0,0.00599700149925037,0
0,0,0,0,0.0187962407518496,0,0.0012997400519896,0,0,0.0105978804239152,0.0203959208158368,0,0,0,0,0,0,0,0,0,0,0.0135972805438912,0.0021995600879824,0,0,0.105178964207159,0,0.0118976204759048,0.000699860027994401,0,0,0,0,0,0,0,0,0,0.0028994201159768,0,0.0125974805038992,0,0,0,0.0011997600479904,0,0,0,0,0,0,0,0,0,0,0,0,0,0,0,0,0,0.0025994801039792,0,0,0,0,0.0152969406118776,0,0,0,0,0,0.00459908018396321,0,0,0,0,0,0.0015996800639872,0,0,0,0,0,0,0.000699860027994401,0,0.00729854029194161,0,0,0.0001999600079984,0.0018996200759848,0,0.00489902019596081,0,0,0,0,0,0,0,0,0,0,0,0,0.0683863227354529,0,0,0,0,0,0,0,0,0,0.000399920015996801,0,0,0,0.0026994601079784,0.00379924015196961,9.99800039992002e-05,0.0028994201159768,0.0602879424115177,0,0,0,0.125374925014997,0,9.99800039992002e-05,0,0,0,0,0,0,0,0,0,0,0,0,9.99800039992002e-05,0,0,0,0,0.000399920015996801,0,0,0,9.99800039992002e-05,0,0,0,0,0.000899820035992801,0,0,0,0,0,0,0,0,0.000499900019996001,0,0.000599880023995201,9.99800039992002e-05,0,0.00529894021195761,0,0,0,0,0,0.002999400119976,0,0,0,0,0,0,0,0,0,0,0,0,0,0,0,0,0,0,0,0,0,0,0,0.0001999600079984,0,0,0.0010997800439912,0,0,0,0,0,0,0.010497900419916,0,0,0,0,0,0,0,0,0.0002999400119976,0,0,0,0,0,0,0,0,0,0,0,0.274045190961808,0,0,0.0001999600079984,0,0,0,0,0,0,0,0,9.99800039992002e-05,0,0.000699860027994401,0,0,0,0,0,0,0,0,0.0002999400119976,0,0,0,0,0,0,0,0,0,0,0,0,0.180463907218556,0,0,0.00979804039192162,0.0001999600079984,0,0,0,0,0.00379924015196961,0.000599880023995201,0,9.99800039992002e-05,0,0,0,0,0,0,0.0020995800839832,0,0,0,0,0,0,0,0,0,0,0,0
0,0,0,0,0.00840252075622687,0,0.00380114034210263,0,0,0.000200060018005402,0.000400120036010803,0,0,0,0,0,0,0.000100030009002701,0,0,0,0,0,0,0,0,0,0,0.0143042912873862,0.000600180054016205,0,0,0,0,0,0,0.00220066019805942,0.0248074422326698,0,0,0,0.00180054016204861,0,0,0,0.00740222066619986,0,0,0,0,0.000100030009002701,0.00550165049514854,0.000200060018005402,0,0,0,0.00150045013504051,0,0,0.0871261378413524,0,0,0,0,0,0,0,0.00150045013504051,0,0,0,0,0,0,0.272881864559368,0.0260078023407022,0,0,0,0,0,0.00180054016204861,0.00100030009002701,0,0,0,0,0,0,0,0.00480144043212964,0.000600180054016205,0.00110033009902971,0,0,0.0591177353205962,0,0,0,0,0,0,0,0,0,0,0,0,0,0.00180054016204861,0,0,0,0.00530159047714314,0,0.000100030009002701,0,0.000300090027008102,0.0517155146543963,0,0,0,0,0.000500150045013504,0,0.191757527258177,0,0,0,0,0,0,0.000200060018005402,0.000100030009002701,0,0.00830249074722417,0,0,0,0,0,0,0,0,0,0,0,0,0,0.000400120036010803,0,0.0243072921876563,0.000400120036010803,0,0,0,0,0,0,0.0131039311793538,0,0.000500150045013504,0,0,0,0,0,0,0,0,0,0,0,0,0,0,0,0,0.0150045013504051,0,0.0217065119535861,0.00170051015304591,0,0,0,0,0,0,0,0.000100030009002701,0.000100030009002701,0.00530159047714314,0,0,0,0,0,0,0,0.0949284785435631,0,0,0,0.000400120036010803,0,0.00170051015304591,0,0,0,0.00290087026107832,0,0,0,0,0.00230069020706212,0,0,0.00630189056717015,0,0,0.000400120036010803,0,0,0.00380114034210263,0,0,0,0,0,0,0,0,0,0,0,0,0,0,0,0,0,0,0,0,0,0,0,0,0.000600180054016205,0,0,0,0,0,0,0,0,0,0,0.00340102030609183,0,0,0,0,0.000300090027008102,0,0,0,0,0,0,0,0,0,0.000800240072021606,0,0,0,0,0,0,0,0,0,0,0,0.00120036010803241,0,0,0.00530159047714314,0,0,0,0,0,0,0,0,0,0,0.00570171051315395
0,0,0,0,0,0,9.99800039992002e-05,0,0,0,0.0001999600079984,0,0,0,0.00849830033993201,0,0,0,0,0,0,0.001999600079984,0,0,0,0.171565686862627,0,0,0.0002999400119976,0.000899820035992801,0,0,0,0,0,0,0.0231953609278144,0,0,0,0,0,0,0.00449910017996401,0,0.0116976604679064,0,0,0,0,0,0,0,0,0,0,0,0,0,0,0,0.00859828034393121,0,0,0,0.00499900019996001,0,0,0,0,0,0,9.99800039992002e-05,0.000999800039992002,0,0,0,0,0,0.0454909018196361,0,0,0,0,0.0517896420715857,0,0,0,0,0,0,0,0,0,0,0,0,0,0,0,0,0,0,0,0,0,0,0.114177164567087,0,0,0,0,0,0,0,0,0,0,0.00569886022795441,0.000799840031993601,0,0,0.0015996800639872,0,0,0,0,0,0,0,0,0.105778844231154,0,0,0,0,0.000599880023995201,0,0,9.99800039992002e-05,0.001499700059988,0,0,0,0,0,0.0011997600479904,0,0,0.000399920015996801,0,0,0,0,0,0,0,0,0,0.0010997800439912,9.99800039992002e-05,0,0,0,0,0,0,9.99800039992002e-05,0,0,0,0,0.00729854029194161,0,0,0,0,0.00369926014797041,0,0,0,0,0,0,0.000899820035992801,0,0,0,0,0,0,0.0143971205758848,0,0,0,0,0,0,0,0,0,0,0,0,0,0.0112977404519096,0,0,0,0,0,0,0,0,0,0,0,0,0.0002999400119976,0,0.000699860027994401,0,0,0,0,0,0,0,0.00339932013597281,0,0.0138972205558888,0,0,0.0722855428914217,0,0,0,0,0,0,0,0,0,0,0.0012997400519896,0,0,0,0,0,0,0,0,0,0,0,0,0,0,9.99800039992002e-05,0,0,0,0.000599880023995201,0,0,0,0,0,0.0181963607278544,0,0.000699860027994401,0,0,0,0,0,0,0.0021995600879824,0.26624675064987,0,0,0.000399920015996801,0,0,0,0,0,0,0,0,0,0,0,0.00409918016396721,0,0,0,0,0.00989802039592082,0
0,0,0,0,0,0,0.00189867093034876,0,0,0,0,9.9930048965724e-05,0,0,0.00129909063655441,0,0,0,0,0,0,0.0049965024482862,0,9.9930048965724e-05,0,0.42720095932847,0,0,0.00159888078345158,0.000299790146897172,9.9930048965724e-05,9.9930048965724e-05,0,0.00229839112621165,0,0,0.00159888078345158,0,0.000299790146897172,0,0,0,0,0,0,0.0290796442490257,0,0,0,0,0.000599580293794344,0,0,0,0,0,0,0,0,0.00219846107724593,9.9930048965724e-05,0.000799440391725792,0,0,0,0,0.00259818127310882,0,0,0.00799440391725792,0.00239832117517738,0,0,0,0,0,0,0,0,0.0130908364145098,0,0,0,0,0.00319776156690317,0.000199860097931448,0,0,0,0,0,0.000199860097931448,0.000799440391725792,0,0,0,0,0,0,0,0,0.00859398421105226,0,0,9.9930048965724e-05,0,0,0.0388727890476666,0,0,0,0,0,0.00199860097931448,0,0,0,0,0.000899370440691516,9.9930048965724e-05,0,0,0,0.000199860097931448,0.0405715998800839,0,0,0,0.000199860097931448,0,0,0.00969321474967523,0,0.000199860097931448,0,0,0.0689517337863496,0,0,0,0.00609573298690916,0,0,0,0,0,0.000199860097931448,0,0,0,0.000899370440691516,0,0,0,0,0,0,0,0.0045967822524233,9.9930048965724e-05,0,0,0,0,0,0,0,0,0,0,0,0,9.9930048965724e-05,0,0,0,0,9.9930048965724e-05,0.00359748176276606,0,0,0,0,0,0,0,0,0,0,0,0,0.00169881083241731,9.9930048965724e-05,0,0,0,0.002897971420006,0,0,0,0,0,0,0.0628560007994404,0,0.000899370440691516,0.00049965024482862,0,9.9930048965724e-05,0.000699510342760068,0.000699510342760068,0,0.0020985310282802,0,0.000699510342760068,0,0.00649545318277206,0,9.9930048965724e-05,0.000299790146897172,0,0,0,0,0,0,0,0,0,0,0.0169881083241731,0,0,0.0893374637753573,0,0,9.9930048965724e-05,0,0,0.00719496352553213,0,0,0,0,0,0,0.00669531328070351,0,0,0,0,0,0,9.9930048965724e-05,0,0.000599580293794344,0,0,0.000799440391725792,0,0,0,9.9930048965724e-05,0,9.9930048965724e-05,0,0,0,0,0.00109923053862296,0,0,0.0134905566103727,0,0.000599580293794344,0,0,0,0,0.0764464874587789,0,0,0.00949335465174378,0,0,0,0,0,0,0,0,0,0,0,0,0,0.000699510342760068,0,0,0.00479664235035475,0
0,0.001000200040008,0,0,0,0.0001000200040008,0.000600120024004801,0.0001000200040008,0,0,0,0,0.0001000200040008,0.0001000200040008,0.0103020604120824,0,0,0,0.0001000200040008,0,0,0,0,0.0001000200040008,0,0.176435287057411,0,0,0,0,0.0126025205041008,0,0,0.0519103820764153,0,0,0.0001000200040008,0.0001000200040008,0,0.0001000200040008,0,0,0,0,0,0,0,0,0,0,0,0,0,0,0.0003000600120024,0,0,0,0,0,0,0,0,0,0,0,0.0013002600520104,0,0,0,0.000600120024004801,0,0,0.0001000200040008,0,0,0,0,0,0,0,0,0,0,0,0,0.0174034806961392,0,0,0.00420084016803361,0,0.000400080016003201,0.0267053410682136,0,0,0,0,0,0.00550110022004401,0,0,0,0,0,0.0001000200040008,0,0.00820164032806561,0.11872374474895,0,0,0,0,0,0.00530106021204241,0,0,0,0,0,0,0,0,0,0.0002000400080016,0,0,0,0,0,0,0.0002000400080016,0.0001000200040008,0,0,0,0,0.0848169633926785,0,0,0,0.0471094218843769,0,0,0,0,0,0,0,0,0,0.0003000600120024,0,0,0,0,0,0,0,0,0,0,0,0,0,0,0,0,0,0,0,0,0,0.0016003200640128,0,0,0,0,0.0026005201040208,0,0,0,0,0,0,0,0,0,0,0,0,0,0,0,0,0.0003000600120024,0,0,0.0001000200040008,0,0,0,0,0,0,0,0.0212042408481696,0,0.0029005801160232,0.0002000400080016,0,0,0,0,0,0,0,0,0,0.0252050410082016,0.0001000200040008,0,0,0,0,0,0,0,0,0.001000200040008,0,0.0002000400080016,0,0,0,0,0,0,0,0,0,0,0,0,0,0,0,0,0,0,0,0,0,0.0019003800760152,0,0,0,0.000500100020004001,0,0,0,0,0,0,0,0,0,0,0,0,0.0659131826365273,0,0,0.234846969393879,0,0,0,0,0.0002000400080016,0.000400080016003201,0,0,0,0.0368073614722945,0,0,0,0,0,0.0011002200440088,0,0,0,0.0002000400080016,0,0.0174034806961392,0,0.0012002400480096,0,0,0.00880176035207041,0
0,0,0,0.0016983016983017,0,0,0,0.0035964035964036,0,0,0.0001998001998002,9.99000999000999e-05,0,0,9.99000999000999e-05,0,0,0,0,0,9.99000999000999e-05,0.000699300699300699,0,0,0,0.0113886113886114,0,0,0.0004995004995005,0.000699300699300699,0.062037962037962,0.0023976023976024,0.0002997002997003,0.0013986013986014,0.0013986013986014,0.0002997002997003,0.0002997002997003,0.002997002997003,0,0,0,0,0,0.0002997002997003,0,0.0015984015984016,0,0.0002997002997003,0,0,0,9.99000999000999e-05,0.0001998001998002,0,0.0003996003996004,0,0,9.99000999000999e-05,0,0,0,0.00849150849150849,0,0,0,9.99000999000999e-05,0.0043956043956044,0,0.0001998001998002,0,0.0003996003996004,0,0,0.000799200799200799,0.160639360639361,0,0,0,0,0.003996003996004,0.0001998001998002,9.99000999000999e-05,0,0,0.001998001998002,9.99000999000999e-05,0.0013986013986014,0,0,9.99000999000999e-05,9.99000999000999e-05,0,0,0.0023976023976024,0,0,0,0,9.99000999000999e-05,0,0,0,0,0.0012987012987013,0.0002997002997003,9.99000999000999e-05,0.0001998001998002,0.107592407592408,0.0013986013986014,0,0,0.0345654345654346,9.99000999000999e-05,9.99000999000999e-05,0,0,0,0,0.000699300699300699,0,0,0,0,0,9.99000999000999e-05,0.0001998001998002,0,0,0,0.0188811188811189,0.0001998001998002,0.0036963036963037,0,0,0,0.00779220779220779,9.99000999000999e-05,9.99000999000999e-05,0,0,0,0,0,0,0,0,0.000899100899100899,9.99000999000999e-05,0,0,0.0011988011988012,0.0001998001998002,9.99000999000999e-05,0,0.000699300699300699,0,0,0,0.0022977022977023,0.0218781218781219,0,0,0.0003996003996004,0.0385614385614386,0,0,0,0,0.0001998001998002,0,0,0,9.99000999000999e-05,0,0,0.0001998001998002,0,0.010989010989011,0.0101898101898102,0.0001998001998002,0,0,0,0.0033966033966034,0,0,9.99000999000999e-05,0,0.0118881118881119,0,0,0.0001998001998002,0,0.0002997002997003,0,0,0,9.99000999000999e-05,0,0,0,0,0,9.99000999000999e-05,0.0402597402597403,0.0020979020979021,0,0,0,9.99000999000999e-05,0,0,0.0004995004995005,0,9.99000999000999e-05,0,0.0020979020979021,0.0002997002997003,0,0.000799200799200799,0,0,0.0103896103896104,9.99000999000999e-05,0,0,0.0001998001998002,0,0.0002997002997003,0,0.003996003996004,0,0,0.0213786213786214,0,9.99000999000999e-05,0,0,0,0.0002997002997003,0,9.99000999000999e-05,0.0555444555444555,9.99000999000999e-05,9.99000999000999e-05,0,0,0,0.0001998001998002,9.99000999000999e-05,0.0213786213786214,0.0001998001998002,9.99000999000999e-05,0,0.0004995004995005,9.99000999000999e-05,0.0004995004995005,9.99000999000999e-05,0.000999000999000999,0.0001998001998002,0,0.0013986013986014,0,0.0001998001998002,0.0015984015984016,9.99000999000999e-05,0.0020979020979021,0.0310689310689311,0,0,0,0.0030969030969031,9.99000999000999e-05,0,0,0,0,0,0.0004995004995005,0.222977022977023,0,0,0.000799200799200799,0,0,0,0,0,0.00839160839160839,9.99000999000999e-05,0.000599400599400599,0,0,0,0.000699300699300699,0.0013986013986014,0,0.0004995004995005,0,0.000699300699300699,0
0,0,0,0,0,0,0,0,0,0,0,0,0,0.00860172034406881,0.177035407081416,0,0,0,0,0,0,0.0003000600120024,0,0,0,0.183536707341468,0,0,0,0,0,0,0,0.0013002600520104,0,0,0.00530106021204241,0,0,0,0,0,0,0,0,0,0,0.0003000600120024,0,0,0,0,0,0,0,0,0,0,0,0.0002000400080016,0,0.000700140028005601,0,0.0001000200040008,0,0,0.00630126025205041,0,0,0,0.0013002600520104,0,0,0,0,0,0,0,0,0.000600120024004801,0,0.0002000400080016,0,0,0.0017003400680136,0,0,0,0,0.0023004600920184,0.0023004600920184,0,0,0,0,0,0,0,0.0016003200640128,0,0,0.0028005601120224,0,0,0.0002000400080016,0,0,0.0335067013402681,0,0,0,0,0,0.000600120024004801,0,0,0,0,0,0,0,0,0,0.000700140028005601,0,0.000900180036007201,0,0,0,0,0,0.000600120024004801,0,0,0,0.0018003600720144,0.232646529305861,0,0,0,0.0101020204040808,0,0,0,0,0,0.0019003800760152,0,0,0,0.000600120024004801,0,0,0.0002000400080016,0.0002000400080016,0,0,0.00330066013202641,0,0,0,0,0,0,0,0,0,0,0,0,0.000700140028005601,0,0.0021004200840168,0,0,0,0,0,0,0.0002000400080016,0,0,0,0,0,0,0,0,0,0,0,0.0028005601120224,0.0001000200040008,0,0,0,0,0,0,0,0,0,0,0.0521104220844169,0,0.00420084016803361,0,0,0,0.00780156031206241,0,0,0,0,0.0001000200040008,0,0.00470094018803761,0.00320064012802561,0,0,0,0.00910182036407282,0,0,0,0.0023004600920184,0,0,0.00460092018403681,0,0.0134026805361072,0,0,0.01000200040008,0,0,0,0,0,0.0003000600120024,0,0,0,0,0,0,0,0,0,0,0,0,0,0,0.001500300060012,0,0.0001000200040008,0,0,0,0,0.0019003800760152,0,0,0,0,0,0,0,0.0480096019203841,0,0,0.00610122024404881,0,0,0,0,0,0.0002000400080016,0.130226045209042,0,0,0.00700140028005601,0,0,0,0,0,0.0001000200040008,0,0,0,0,0,0.00340068013602721,0,0,0,0,0,0
0,0,0,0,0.012089119792187,0,9.99100809271655e-05,0.0341692476770906,0,0.0130882206014587,0.0117893895494055,0.00469577380357678,0,0.00179838145668898,0.00819262663602758,0,0,0,0,0,0.00159856129483465,0.00369667299430513,0.0031971225896693,0,0,0.0154860625437107,0.000799280647417324,0,9.99100809271655e-05,0,0,0,0,0.000499550404635828,9.99100809271655e-05,0.000799280647417324,0.000199820161854331,9.99100809271655e-05,0,0,0.00629433509841143,0,0,0.000299730242781497,0.0054950544509941,0.000199820161854331,0,0.000199820161854331,0,0,0,0,0,0,9.99100809271655e-05,0,0.00119892097112599,0,9.99100809271655e-05,0.00499550404635828,0,0.0149865121390748,0.000799280647417324,0,0.000499550404635828,0.00109901089019882,0.000699370566490159,0.00889199720251773,0,0.00129883105205315,9.99100809271655e-05,0,0,0.0031971225896693,0,0,0,0,0,0.00149865121390748,0,0.00699370566490159,0.0136876810870217,0,0,0,0.00109901089019882,0,0.00419622339894095,0.0160855230292737,0.00979118793086222,0.000599460485562993,0.000199820161854331,0,0.00449595364172245,0,0,0,0.00179838145668898,0,9.99100809271655e-05,0,0,0,0,0.00109901089019882,9.99100809271655e-05,0.00799280647417324,0.0342691577580178,0,0,0.000199820161854331,0,0,0,0,0.00449595364172245,0,0,0,0,0.0060945149365571,0,0,0.000499550404635828,0.0532520731341792,0,0,9.99100809271655e-05,0.1441702467779,0.0031971225896693,0.00209811169947048,0.000399640323708662,0,0.00119892097112599,0,0.00129883105205315,0.000499550404635828,0,9.99100809271655e-05,0,0,0.000599460485562993,0,0,0,0,0.000999100809271655,0,0.000199820161854331,0.000199820161854331,0.00249775202317914,0,0,9.99100809271655e-05,0,0,0,9.99100809271655e-05,0.0028973923468878,0,0,0,0.0839244679788191,0,0,0,0,0,0.00239784194225197,0,0,9.99100809271655e-05,0,0,0,0,0.0125886701968229,0,0,0,0,0,0.000399640323708662,0,0,0,0,0.00429613347986812,0,0,9.99100809271655e-05,0.000199820161854331,0,0,0,0,0.000199820161854331,0,0,0,0,0,0.000399640323708662,0,0.00379658307523229,0,0,0,0,0,0,0,0,9.99100809271655e-05,0,0.00559496453192127,0.00149865121390748,0.0498551303826556,9.99100809271655e-05,0,0.00349685283245079,9.99100809271655e-05,0,0,9.99100809271655e-05,0.0089919072834449,0,0.000399640323708662,0,0.0113897492256969,0,0,0.0405634928564292,0,0.000299730242781497,0,0,0,0,0,0,0,0.00719352582675592,0,0,0,9.99100809271655e-05,0,0,0.0115895693875512,9.99100809271655e-05,0.00159856129483465,9.99100809271655e-05,0,0.000299730242781497,0,9.99100809271655e-05,0.000199820161854331,9.99100809271655e-05,0.00129883105205315,0.00509541412728544,0,0,0,0,0,0.000199820161854331,0,0.0025976621041063,0,0,0.0225796782895394,0,0,0,0.0028973923468878,0,0.000299730242781497,0.203217104605855,0,0,0.000199820161854331,0,0,0,0,0,0.00189829153761615,0.000799280647417324,0,0,0,0,0.00669397542212009,0,9.99100809271655e-05,9.99100809271655e-05,0,0.00449595364172245,0.00309721250874213
0,0,0,0,0,0,0,0,0,0,0,0,0,0,0.0003999600039996,0,0,0,0,0,0,0.0048995100489951,0,0.0007999200079992,0,0.0003999600039996,0,0,0.0053994600539946,0.003999600039996,0.0972902709729027,0.0001999800019998,0,0,0,0,0,0,0,0,0,0,0,0,0,0,0,0,0,0,9.99900009999e-05,0,0,0,0,9.99900009999e-05,0,0,0,0,0.0003999600039996,0,0,0,0,0,0,0,0,0.0102989701029897,0,0,0.0002999700029997,0,0,0,0,0,0.0007999200079992,0,0,0,0.0545945405459454,0,0,0,0,0,0,0,0,0.0044995500449955,0,0,0,0,0,0,0,0,0,0,0,0,0.0001999800019998,0,0,0.216778322167783,0,0,0,0,9.99900009999e-05,0.0112988701129887,0,0,0,0,0.042995700429957,0.0007999200079992,0,0,0,0,0,0,0,0,0,0,0,0,0,0,0,0,0.0002999700029997,0,0,0,0.0003999600039996,0,0,0,0,0,0.0096990300969903,0,0,0,0.007999200079992,0,0,0,9.99900009999e-05,0,0,0,0,0,0,0,0,0,0,0,0,0,0,0,0,0,9.99900009999e-05,0,0,0,0,0,0.0711928807119288,0,0,0.0003999600039996,0.0057994200579942,0,0,0,0,0,0,0,0,0,0.0398960103989601,0.0002999700029997,0,0,0,0,0,0,0,0,0,0,0,0.0427957204279572,0,0,0.0001999800019998,0.0103989601039896,0.0005999400059994,0,0,0,0,0.0001999800019998,0.0150984901509849,0,0.0032996700329967,0,0,0,0,0,0,0,0,0,0,0,0,0,0,0.0146985301469853,0,0,0,0,0,0,0,0,0,0,0.007999200079992,0,0,0,0,0,0,0,0.0032996700329967,0,0.0085991400859914,0.0001999800019998,0.0002999700029997,0,0,0,0,0,0,0,0,0,0,0,0,0.0012998700129987,0,0,0.0026997300269973,0,0,0,0,0,0,0.233676632336766,0,0,0.0451954804519548,0,0,0,0,0,0,0,0,0,0,0.0010998900109989,0,0,0.0005999400059994,0,0,0.0148985101489851,0
0.000399520575309628,0,0,0,0.0134838194167,0,0,0,0,0.00599280862964443,0.00629244906112665,0,0,0,0.00189772273272074,0,0.00309628445864962,0,0,0,0,0.0104874151018777,0,0,0,0.070914902117459,0,0,0.00129844186975629,0.00119856172592889,9.98801438274071e-05,0,9.98801438274071e-05,0,0,0,9.98801438274071e-05,0.013983220135837,0.0013983220135837,0,0,0,0,0.00339592489013184,0.00569316819816221,0.00409508589692369,0,0,0.000299640431482221,0,0,0,0,0.000299640431482221,0,0,0,0,0,0.00189772273272074,0,0,0,0,0,0,0.00369556532161406,0.000299640431482221,0.000199760287654814,0,0,0,0,0,0,0,0,0,0,0.00509388733519776,0,0.0156811825809029,0.00589292848581702,0,0,0.000499400719137036,0.00219736316420296,0,0,0,0,0.000299640431482221,9.98801438274071e-05,0,0,0,0,0,0.000799041150619257,0,0,0,0,0.0013983220135837,0,0,0,0.00639232920495406,0,0.0165801038753496,0.000199760287654814,0,0,0.00259688373951258,0,0,0.00119856172592889,0.0714143028365961,0.00908909308829405,0,0,0,0.01078705553336,9.98801438274071e-05,9.98801438274071e-05,0.0903915301638034,0,0,0,0.145125848981223,0,0.00529364762285258,0,9.98801438274071e-05,0.0118857371154614,0.000998801438274071,9.98801438274071e-05,0,0,0,0,0,0,0,0,0,0,0.00539352776667998,0,0.000499400719137036,0.00249700359568518,0,0,0,0.000199760287654814,0,0,0,0,0,0,0,0,0,0,9.98801438274071e-05,0,0,0,0.000299640431482221,0,9.98801438274071e-05,0.00119856172592889,0,0.0055932880543348,0,0,0.000299640431482221,0.0503395924890132,0,0,0,0,0,0,0,0,0,0,0,0,0.00329604474630443,0.00109868158210148,0,0,0,0,0,0,0,0,0,0,0.053735517379145,0.0313623651618058,0.00259688373951258,0,0,0.000199760287654814,0,0,0,0,0,0.00069916100679185,0,0,0,9.98801438274071e-05,0,0,0,0,0,0,0,0,0,0.000199760287654814,0,0,0,0,0.0197762684778266,0,0,0,0,0,0,0,0,0,0,0,0.000898921294446664,0,0,0,0,0,0,0,0,0.00199760287654814,0.000998801438274071,0,0,0,0.00319616460247703,0,0,0,0,0.00749101078705553,0,0,0,0.00769077107471035,0.0116859768278066,0,0,9.98801438274071e-05,0,0,0,0,0,0.000299640431482221,0.224031162604874,0,0,0.00069916100679185,0,0,0,0,0,0,0,0,0,0,0,9.98801438274071e-05,0,0.000199760287654814,0,0,0.00609268877347183,0
0,0,0,0.000499550404635828,0,0,9.99100809271655e-05,0,0,0,0.0092916375262264,0,0,0,0.00139874113298032,0,0.0028973923468878,0,0,0,0,0.0105904685782795,0.00159856129483465,0,0,0.0219802178039764,0,0,0,0,0,0,0,0,0,0,0,0.00489559396543111,0.00639424517933859,0,0,0,0,0,0.000999100809271655,0,0,0,0,0,0.0100909181736437,0,0,0,0,0,0,0,0,0.00499550404635828,0,0,0.00149865121390748,0,0,0.00109901089019882,0.0179838145668898,0,9.99100809271655e-05,0.00459586372264962,0,0,0,0.0393645718853032,0.0442601658507343,0,0,0,0.000199820161854331,0.00519532420821261,0,0.00659406534119293,0.000799280647417324,0,0,0.00399640323708662,0,0,0,0,0,0.000599460485562993,0,0,0,0,0,0,0,0,0,0,0.000199820161854331,0.00359676291337796,0,9.99100809271655e-05,0.0060945149365571,0.000999100809271655,0.0323708662204016,9.99100809271655e-05,0,0,0,0,0,0,0,0,0.0127884903586772,0,0,0,0.0179838145668898,9.99100809271655e-05,0,0.208412428814067,9.99100809271655e-05,9.99100809271655e-05,0,0.166050554500949,0.00369667299430513,9.99100809271655e-05,0,0,0.0100909181736437,0,9.99100809271655e-05,0,0,0.000199820161854331,0,0,0,0,0,0,0.000299730242781497,0.00359676291337796,0,0,0.00119892097112599,0,9.99100809271655e-05,0.000299730242781497,0.00409631331801379,0,0.00299730242781497,0,0,0.00169847137576181,0,0,0,0,0,0,0,0,0,0,0.000199820161854331,0,0.000999100809271655,0,0,0,0,0.0365670896193426,0.00589469477470277,0,0,0,0,0,0.00089919072834449,0,9.99100809271655e-05,0,0,0,0,0.0253771605555001,0,0,0,0,0,0,0,0,0,0,0,0,0,0.0184833649715256,0,0,0,0.000299730242781497,0,0,0.0054950544509941,0,0,0,0.0028973923468878,0.0342691577580178,0,0,0,0.00359676291337796,0,0.0054950544509941,0,0,0,0,0,0,0.00559496453192127,0,0,0.0147866919772205,0,0,0,0,0,0.00149865121390748,0,0,0,0,0.00839244679788191,0,0,0,0,0,0,0.000299730242781497,0,0,0,0.00969127784993506,0,0,0,0,0,0.00479568388450395,0,0,0,0,0,0,0,0.000399640323708662,0,0,0.00719352582675592,0,0,0,0,0.000599460485562993,0,0.0792286941752423,0,0,0.0305724847637127,0,0,0,0,0,0.00129883105205315,0.00269757218503347,0,9.99100809271655e-05,0,0,9.99100809271655e-05,0,9.99100809271655e-05,0,0,0.0125886701968229,0
0,0,0,0,0.0247950409918016,0,9.99800039992002e-05,0,0,0.013997200559888,0.00539892021595681,0,0,0,0,0,0,0,0,0,0,0.0334933013397321,0.0011997600479904,0,0,0.000999800039992002,0.001999600079984,0,0.000499900019996001,0,0,0,0,0.00549890021995601,0,0.000399920015996801,0,0.0020995800839832,0,0,0.00409918016396721,0,0,0.0001999600079984,0.000699860027994401,0.0011997600479904,0,0.000499900019996001,0.000499900019996001,0,0,0,0,0,0,0,0,0,0,0.00869826034793041,0,0.0002999400119976,0.0182963407318536,0,0.000499900019996001,0.0018996200759848,0.00549890021995601,0.001999600079984,0,0.00849830033993201,0.0001999600079984,0,0,0,0,0,0,0,0,0.00409918016396721,0,0.00379924015196961,0.0156968606278744,0.00409918016396721,0,0,0,0,0,0,0.00759848030393921,9.99800039992002e-05,0,0,9.99800039992002e-05,9.99800039992002e-05,0,0,0.0002999400119976,0,0.0001999600079984,0.0232953409318136,0,0,0.000899820035992801,0,0.00409918016396721,0.177264547090582,0.0013997200559888,0.0136972605478904,0,0,0,0.00639872025594881,0,0,0.0016996600679864,0,0,0,0,0.00649870025994801,0.00789842031593681,0,0.0001999600079984,0.123575284943011,0,0,0,0.123575284943011,0.000599880023995201,9.99800039992002e-05,0,0,9.99800039992002e-05,0,9.99800039992002e-05,0,0,0,0,0,0.0018996200759848,0,0,0,0.0012997400519896,0.0015996800639872,0,0,0.000499900019996001,0,0,0,9.99800039992002e-05,0,0,0,0.0015996800639872,0.0025994801039792,0,0,0,0.0303939212157568,0,0,0,0,0,0,0.0031993601279744,0,9.99800039992002e-05,0,0.0011997600479904,0,0,0,0.0331933613277345,0.0002999400119976,0.00249950009998,0,0,0,0,0,0,0,0.0002999400119976,0,0,0.0023995200959808,0.0011997600479904,0,0,0,0,0,0,0,0,0,0,0.00989802039592082,9.99800039992002e-05,0.0030993801239752,0,0,0,0.000799840031993601,0,0,0.00559888022395521,0,0.0012997400519896,0,0.0238952209558088,0.0017996400719856,0,0.0002999400119976,0,0.001999600079984,0,0,0,0.0015996800639872,0,0,0.00539892021595681,0,0.00979804039192162,0,0,0.0579884023195361,0,0,0,0,0,0,0,0,0.010997800439912,0,0,0.00809838032393521,0.001499700059988,0,0,0,0.000399920015996801,0.0002999400119976,0.0017996400719856,0,0,0,0,0,0.000899820035992801,0.000399920015996801,0,0.00469906018796241,0,0.000999800039992002,0,0,0,0.0022995400919816,0,0.0160967806438712,0,0.00429914017196561,0.0268946210757848,0,0,0,0,0,0.000999800039992002,0.002999400119976,0,0,0.020495900819836,0,0,0,0,0.000399920015996801,0.001999600079984,0.0013997200559888,0,0,0,0.001999600079984,0.0021995600879824,0,0,0.000799840031993601,0,0.00659868026394721,0.0013997200559888
0,0,0,0,0.0138805672059117,0,9.98601957259836e-05,0,0,0,0.00679049330936689,0,0,0,0.000898741761533853,0,0,0,0,0,0.000998601957259836,0,0,9.98601957259836e-05,0,0.00459356900339525,0,0,9.98601957259836e-05,0,0,0,0,0,0,0,0.000599161174355902,9.98601957259836e-05,0,0,0.0101857399640503,0,0,0,0.00109846215298582,9.98601957259836e-05,0,0,0,0,0,0.000199720391451967,0,0,0,0,0,0,0,0.00838825644098262,0,0.000399440782903934,0.00249650489314959,0,0,0,0.00139804274016377,0.00359496704613541,0,0,0,0,0.000699021370081885,0.00848811663670861,0,0,0,0,0,0.00109846215298582,0,0.00319552626323148,0,0,0,0,9.98601957259836e-05,0,0.00339524665468344,0,0,9.98601957259836e-05,9.98601957259836e-05,0,0.012083083682844,0,0,0,0.00159776313161574,0,0,0,0,0,0.000798881565807869,0,9.98601957259836e-05,0.000998601957259836,0.0048931495905732,0.00239664469742361,0,0,0,0.00639105252646295,0,0,0.00159776313161574,0.00109846215298582,0,0,0,0.00229678450169762,0.00369482724186139,0.00339524665468344,0.000998601957259836,0.109746355102856,0,0,0,0.0350509286998203,0.00109846215298582,9.98601957259836e-05,0,0,0,0,0.00289594567605353,0,0,0,0,0,0,0,0.0203714799281007,0,0,0,0,0,0.000199720391451967,0,0,0,9.98601957259836e-05,0,0,0,0,0,0,0,0,0.00349510685040943,0,0,0,0,0,0.000199720391451967,0,9.98601957259836e-05,9.98601957259836e-05,0,0,0,0,0,0,0,0,0,0,0,0,0,0,0,0,0,0,0.00159776313161574,9.98601957259836e-05,0,0,0,0,0,0,0,0,0,0,0,0,0.000699021370081885,9.98601957259836e-05,0,0,9.98601957259836e-05,0,0,0,0,0,0,0,0.000299580587177951,9.98601957259836e-05,0,0,9.98601957259836e-05,0,0,0,9.98601957259836e-05,0,0,0.000599161174355902,0.000898741761533853,0.00239664469742361,0,0,0.102656281206311,0,0,0,0,0,0,0,0,0,0,0,0.00349510685040943,0,0.000199720391451967,0,0,0,0,0,0,9.98601957259836e-05,0,0,0,0,0.000199720391451967,0,0,0,0,0,0,0,0,0.00109846215298582,0.109946075494308,0,0,0.118134611543839,0,0,0,0,0.000299580587177951,9.98601957259836e-05,0.359796285200719,0,0,0.000699021370081885,0,0,0,0,9.98601957259836e-05,0.00279608548032754,0,0,0,0,0,0.00399440782903935,0,0,0,0,0.000299580587177951,0
0,4e-04,0,0,0,0,2e-04,0,0,0,0,0,0,0,0.0025,0,0,0,0,0,0.0039,4e-04,0,0,0,0.3477,0,0,0,0,0,0,0.0034,0.0056,0,0,0,0,0,0,0,0,0,0.0065,0,0.0037,0,0,0,0,0,0,0,0,0,0,0,0,0,0,0,0,0,0,0,1e-04,0.0016,0,3e-04,0.0089,0,0,0,0,0.0028,0,0,0,0,0,0,0.0011,0,0,0,1e-04,0,0,0,0,0,0,0,0,0,0,0.0058,0,0,0,0,0.0063,2e-04,0.0026,0,0,1e-04,0.06,0,0,0,3e-04,0,0.0066,0,0,0,0,0.0069,0,0,0,0,0,0.005,0,0.1816,0,1e-04,0,0.0027,0.1085,0,0,0,0,0,0,0,0,0,0,0,0,0,0,0.0016,0,0,0,0,0,0,0,0,0,0,0,0,0.0061,0,0,0,0,0,1e-04,0,0,0,3e-04,0,0,7e-04,0,0,0,0,0.0017,0,0,0,0,0,0,7e-04,0,0,0,0,0,0,0.0043,0,0,0,0,0,0,0,0,0,0,0,0.0025,0,0.0014,0,0,0,0,0,0,0,0,0,0,0,0,0,0,0,0.0019,0,0,0,0,0,0,0,0,0.0044,0,0,0.0363,0,0,0,0,0,1e-04,0,0,0,0,3e-04,0,0,0,0,0,0,0,0,0,0,2e-04,0,0,0,0,0,0,0,2e-04,0,0,0,0,0,3e-04,0,0,0.0316,0,0,0,0,0,0,0.1112,0,0,0.0107,0,0,0,0,0,0,0,0,4e-04,0,0,0.0063,0,8e-04,0,0,0,0
0,0,0,0,0,0,0,0,0,0.0075992400759924,0,0,0,9.99900009999e-05,0.0111988801119888,0,0,0,0,0,0,0,0,0,0,0.0001999800019998,0,0,9.99900009999e-05,0,0.0087991200879912,0,0,0.0010998900109989,0,0,0,0,0.0100989901009899,0,0,0,0,0,0.0083991600839916,9.99900009999e-05,0,0,0,0,0.002999700029997,0.0020997900209979,0,0,0,0,0,0,0,0,0,0.0004999500049995,0,0,0,0,0.0013998600139986,0,0,0,0,0,0,0,0,0,0,0,0,0,0,0,0,0,0,0.0002999700029997,0,0,0,0,0,0,0.0892910708929107,0,0,0,0,0,9.99900009999e-05,0,0,0.0301969803019698,0,0,0.0075992400759924,0,0,0.0017998200179982,0.0020997900209979,0,0,0,0,0,0,0,0.0061993800619938,0.0065993400659934,9.99900009999e-05,0,0,0,0.0207979202079792,0.0001999800019998,0.0004999500049995,0.0485951404859514,0,0,0,0.115488451154885,0.0044995500449955,9.99900009999e-05,0,0,0,0,9.99900009999e-05,0,0,0,9.99900009999e-05,0,0.0006999300069993,0,0,0,0,0,0,0,9.99900009999e-05,0,0.0054994500549945,0,0,0,0,0,0,0.0122987701229877,0,0,0,0,0,0,0.0001999800019998,0,0,0,0,0,9.99900009999e-05,0,0,0,0,0.0062993700629937,9.99900009999e-05,0,0,0,0,0,0,0,0,0,0,0,0,0.0020997900209979,0,0,0,0,0,0,0,0,0,0,0,0,0,0.0065993400659934,0,0,9.99900009999e-05,0,0,0,0,0,0,0,0,0,0.0227977202279772,0,0,0,0,0,0,0,0,0.0383961603839616,0.0045995400459954,0,9.99900009999e-05,0,0,0.0682931706829317,0,0,0,0,0,0,0,0,0,0,0.000999900009999,0,0.0022997700229977,0,0,0,0.0018998100189981,0,0,0,0,0.0005999400059994,9.99900009999e-05,0,0,0.0002999700029997,0,0,0,0,0,0,0,0,0,0.001999800019998,0,0,0.0897910208979102,0.156084391560844,0,0,0,0,0,0.138586141385861,0,0,0.0073992600739926,0,0,0,0,0,0,0.0007999200079992,0,0,0,0,0.0325967403259674,0,0.0007999200079992,0,0,0.0080991900809919,0
0,0,0.00359928014397121,0,0.0317936412717457,0,0.000799840031993601,0,0,0.00699860027994401,0.00839832033593281,0.00589882023595281,0,0,0,0.0025994801039792,0,0,0,0,0,0.011497700459908,0.00509898020395921,0.00419916016796641,0,9.99800039992002e-05,0.000399920015996801,0,0.00469906018796241,0,0,0,0.000499900019996001,0.001999600079984,0,0,0.0015996800639872,0.000799840031993601,0,0,0.00529894021195761,0,0,0.0025994801039792,0.00699860027994401,0.00359928014397121,0,0,0,0,0,0,0,0,0,0,0,0,0,0.000999800039992002,0,0.013497300539892,0.00829834033193361,0,0,0,0.0011997600479904,0.0026994601079784,0,0,0.0002999400119976,0,0.0002999400119976,0.0211957608478304,0,0,0,0,0,0.00449910017996401,0,0.0107978404319136,0.000999800039992002,0,0,0,9.99800039992002e-05,0,0,0,0,0.0011997600479904,9.99800039992002e-05,0,0.0010997800439912,0,0,0,0.0011997600479904,0,0,0.0221955608878224,0.000399920015996801,0,0,0,0,0.0012997400519896,0.0100979804039192,0.00359928014397121,0,0,0,0,0.0001999600079984,0,0,0.000399920015996801,9.99800039992002e-05,0,0,0,0.0158968206358728,0,0.00719856028794241,0.0505898820235953,0.00249950009998,0,0,0.0926814637072585,0,0.00599880023995201,0,0,0.0001999600079984,0,0.0260947810437912,9.99800039992002e-05,0,0.0001999600079984,0.0002999400119976,0,0.000799840031993601,9.99800039992002e-05,0,0,0,0,0,0,0,0,0,0,0,0,0,0,0,0.00499900019996001,0,0,0,0,0,0,0,0,0,0,0,0,0,0,0,0,0,0.0012997400519896,0.001499700059988,0,0,0,0,0,0.0012997400519896,0,0.0001999600079984,0,0,0,0,0.00329934013197361,0.000499900019996001,0,0,0,0,0,0,0,0,0,0,0,0,0.000799840031993601,0,0,0,0,0,0,0,0,9.99800039992002e-05,0,0.0028994201159768,0,0.0208958208358328,0,0.00519896020795841,0,0,0,0,0,0,0,0.00679864027194561,0,0.0146970605878824,0,0,0.115876824635073,0,0,0,0,0,0.0012997400519896,0,0.00869826034793041,0,0,0,0,9.99800039992002e-05,0,0,0,0,0.0001999600079984,0,0,0.0002999400119976,0.000999800039992002,0.0001999600079984,0,9.99800039992002e-05,0.0013997200559888,0.0002999400119976,0,0,0.0023995200959808,0,0,9.99800039992002e-05,0,0,0.0002999400119976,0,0,0.0861827634473105,0,0,0,0,0,0.000599880023995201,0.231153769246151,9.99800039992002e-05,0,0.0100979804039192,0,0,0,0,0.0017996400719856,0.0017996400719856,0,0,0,0,0,0.0423915216956609,0,0.00819836032793441,0,0,0.001999600079984,0
0,0.00139930034982509,0,0,0,0,0,0,0,0,0,0,0,0,0.000999500249875062,0,0,0,0,0,0,0.00689655172413793,0,0,0,0,0,0,0,0.000299850074962519,0,0.00119940029985007,0,0.0101949025487256,0,0,0,0.0178910544727636,0,0,0,0,9.99500249875062e-05,0,0,0,0,0,0,0,0.000599700149925037,0,0,0,0.000399800099950025,0,0,0,0,9.99500249875062e-05,0,0,0,9.99500249875062e-05,0,0,0.0306846576711644,0,0,0,0,0,0,0,0,0,0,9.99500249875062e-05,0.00499750124937531,0.00359820089955022,0,0,0.0444777611194403,0,0,0.00149925037481259,0,0,0,0.015192403798101,0,0.000299850074962519,0.00119940029985007,0,0,0,0,0,0,0.000499750124937531,0,0.00129935032483758,0,0,0,0,0,0.266066966516742,0,0.00169915042478761,0,0.00439780109945028,0,0,0,0,0.00559720139930035,0,0.0197901049475262,9.99500249875062e-05,0,0,0,0.000199900049975012,0.0651674162918541,0,0,0,0,0,0,0,0,0,0,0,0,0,0,0,0,0,0,0,0,0,0.00199900049975012,0,0,0,0,0,0.00589705147426287,0,0,0,0,0,0,0,0,0,0,0,0,0,0,0,0,0,0.000199900049975012,0,9.99500249875062e-05,0,0,0.000499750124937531,0,0.00969515242378811,0.000899550224887556,0,0,0,0,0.00379810094952524,0,0,0,0,0,0,0,0,0,0,0,0,0,0,0,0,0,0,0,0.0113943028485757,0,0.00989505247376312,0,0,0,0,0,0,0,0,0,0,0.0015992003998001,0,0.0506746626686657,0,0,0.000199900049975012,0,0,0,0,0,0,0,0,0,0,0,0,0,0,0,0,0,0,0,0,0,0,0,0,9.99500249875062e-05,0,0,0,0,0,0.00399800099950025,0,0.000199900049975012,0,0.0324837581209395,0,0,0,0,0,0,0,0.000199900049975012,0,0.000499750124937531,0,0.000599700149925037,0.000399800099950025,0,0,0.0214892553723138,0.000699650174912544,0,0,0,0,0,0.278360819590205,0,0.0179910044977511,0.0268865567216392,0,0.000399800099950025,0,0,0,0,0,0,0,0,0.000299850074962519,0,0,0.000899550224887556,0,0,0.0105947026486757,0
0,0,0,0,0,0.0077992200779922,0,0,0.000999900009999,0.0067993200679932,0.007999200079992,0,0,0,0.0040995900409959,0,0.0193980601939806,0,0,0,0,0.0198980101989801,0,0,0,0.0168983101689831,0.0007999200079992,0,0,0,0.0001999800019998,0,0,0.0048995100489951,0,0,0,0.0033996600339966,0.0085991400859914,0,0.0092990700929907,0,0,0,0.0030996900309969,9.99900009999e-05,0,0,0,0,0,0,0,0,0,0,0,0,0,0,0.0056994300569943,0.0025997400259974,0,0,0.0255974402559744,0,0.0061993800619938,0.0073992600739926,0.0032996700329967,0,0,0,0,0.0091990800919908,0,0,0,0,0,0,0,0.0070992900709929,0,0,0,0,0,0,0,0,0,0,0,0,0,0,9.99900009999e-05,0,0.0020997900209979,0,0,0,0,0,0.0004999500049995,9.99900009999e-05,0,0.0457954204579542,0,0,0,0,0,0.0190980901909809,0.0007999200079992,0,0,0,0.0028997100289971,9.99900009999e-05,0,0,0.0042995700429957,0,0.0018998100189981,0.0854914508549145,0,0,0,0.021997800219978,0,0.0022997700229977,0,0,0,0.0005999400059994,0.0015998400159984,0,0,0,9.99900009999e-05,0,0.0008999100089991,0,0,0,9.99900009999e-05,0.000999900009999,0,0,0.0004999500049995,0,0,0,0,0,0,0,0,0.0015998400159984,0,0,0,0,0,0,0,0,0.0002999700029997,0,0,0,0,0,0,0,0,9.99900009999e-05,0.0185981401859814,9.99900009999e-05,0,9.99900009999e-05,0,0,0,0,0,0,0,0,0,0,0.0002999700029997,0,0.0010998900109989,0,0,0,0,0,0,0,0,0,0,0.001999800019998,0,0,0,0,0,0,0,0,0,0,0,0,0.0511948805119488,0,0,0,0,0,0,0,0,0,0,0,0.0146985301469853,0,0,0.154384561543846,0,0,0,0,0,0,0,0,0.0057994200579942,0,0,0,9.99900009999e-05,0,0,0.0013998600139986,0,9.99900009999e-05,0,0,0,0,0.0003999600039996,0,0,0,0,0,0,0,0,0,0,0,0,0.0058994100589941,0,0,0.0164983501649835,0,0,0,0.0003999600039996,0,0.0027997200279972,0.320867913208679,0,0,0.0056994300569943,0,0,0,0,0,0.0010998900109989,0,0,0,0,9.99900009999e-05,0.0165983401659834,0,0,0,0,0.0040995900409959,0
0,0,0,0,0,0,0.0028,0,0,0,0,0,0,0,0.0073,0,0,0,0,0,0,0,0,0.0035,0,0.0383,0,0,0.0031,0,0.0126,0,0,0.0012,0,0,0,0,0,0,0,0,0,0,0,0.0013,0,0,0,0,0,0,0,0,0,0,0,0,0,0,0,0,0,0,0,0,0.0336,0,0,0.1006,0,0,0,0,0,2e-04,0,0,0,0.0022,0,0,0,0,0,0,2e-04,0,0,0,0,0,0.0021,0,0,0.0013,0,0,0,0,0,0.0042,0,0,0,0,0,0.0063,0,0,0,0,0,0,0,0,0,0,0,0,0,0,0,0,0.0023,0,0,0,0,0,0,0,0,0,0,0,0.0505,0,0,0,0.0041,0,0,0,0,0,0,0,0,0,0,0,0,0,0,0,0,0,0,0,0,0,0,0,0,0,0,0,0,0,0,0,2e-04,0,0,0,0,0,0.0121,0,0,0,0,0,0,0,0,0,0,0,0,0.0037,1e-04,0.0048,0,0,0,0,0,0,0,0,0,0.1166,0,0,0,0,0,0,0,0,0,0,0,0,0.0068,0,4e-04,0,0,0,0,0,0,0,0,0,0,0,0,0,0,0.0899,0,0,0,0,0,0,0,0,0,0,0,0,0,2e-04,0,0,0.0029,0,0,0,0,0,0,0,0,0,0,0,0,0,0,0,0,0,0,0.0113,5e-04,0,0.0823,0,0,0,0,0,0,0.3772,0,0,0,0,0,0,0,0,0,0,0,0,0,0,0,0,0.0028,0,0,0.0105,0
0,0,0,0,0,9.9930048965724e-05,9.9930048965724e-05,0,0,0,9.9930048965724e-05,9.9930048965724e-05,0,0,9.9930048965724e-05,0,0,0,0,9.9930048965724e-05,0.00049965024482862,0.00129909063655441,0,0.000299790146897172,0,0.284500849405416,0,0,0.000299790146897172,0,0.000299790146897172,0,0,0.00509643249725192,0,0,9.9930048965724e-05,0.000199860097931448,9.9930048965724e-05,0,0,0,0,0.00239832117517738,0,0.00979314479864095,0,0,0,0,0,0,0,0,0.000299790146897172,0,0,0,0,0,0,0.000199860097931448,9.9930048965724e-05,0,0,0,0.00329769161586889,0,0,0,9.9930048965724e-05,0,0,0,0,0,0,0,0,0.00149895073448586,0.000699510342760068,0,0.0275806935145398,0,0.0109923053862296,0,0.00599580293794344,0,0,0.00159888078345158,0,9.9930048965724e-05,0.000199860097931448,0,0,0,0,0,0.00189867093034876,0,0,0,0,0,9.9930048965724e-05,0,0.023183771360048,0.399520335764965,0,0,0,0.00279804137104027,0,0.00419706205656041,0.00049965024482862,0,0,0,0.0244828619966024,0,0,0,0,9.9930048965724e-05,0.00429699210552613,0,0,0,9.9930048965724e-05,0,0.000899370440691516,0.00379734186069751,0,0,0,0,0.00159888078345158,0,0,0,0.00589587288897772,0,0,0,0.000699510342760068,0,0.00279804137104027,0.000399720195862896,0,0,0.00439692215449186,0,0,0.000899370440691516,0.000199860097931448,0,0,0,0.000799440391725792,9.9930048965724e-05,0,0,0,0.0537623663435595,0,0,0,0,0,0,9.9930048965724e-05,0,0,0,0,0,0,9.9930048965724e-05,0.0114919556310583,0,0,0,0,0,9.9930048965724e-05,0,0,0,0,0,0,9.9930048965724e-05,9.9930048965724e-05,0,0,0,0,0,0,0,9.9930048965724e-05,0,0,0,0,0.00129909063655441,0,0,0,0,0,0,0,0.000199860097931448,0.00149895073448586,0,0.00729489357449785,0.00049965024482862,9.9930048965724e-05,0.000399720195862896,0.00389727190966324,0,0,0,9.9930048965724e-05,0,0.000199860097931448,0,0.00429699210552613,0,0.00389727190966324,0,0,0.00839412411312082,0,0.000199860097931448,0,0,0,0,0,0,0,0,0,0,0,0,0,0,0.00139902068552014,9.9930048965724e-05,9.9930048965724e-05,9.9930048965724e-05,0.000299790146897172,0.000699510342760068,0,9.9930048965724e-05,9.9930048965724e-05,0.000599580293794344,0.000599580293794344,0,0,0.000399720195862896,0,9.9930048965724e-05,0,0,0,0,0,0.00189867093034876,0.0317777555711002,0,0,0,0,0,9.9930048965724e-05,0.0140901369041671,0,0,0.00399720195862896,0,0,0,0,0,0.00099930048965724,0.000699510342760068,0,0.000299790146897172,0,0,9.9930048965724e-05,0,0.000299790146897172,0.000399720195862896,0,0.000799440391725792,0
0,0,0,0,0,0,0,0,0,0,0,0,4e-04,0,2e-04,0,0,1e-04,0,0,0,0,0,2e-04,1e-04,0,0,0,6e-04,4e-04,0.0217,0.0017,0,0.0144,0,0,3e-04,0,0,0,0,0,0,0,0,9e-04,0,1e-04,0,0,0,2e-04,0,0,0,0,0,0,0,0.011,0,0,0,0,0,0,0.0272,1e-04,0,0,0,0,0,5e-04,0,0,0,0,0,0.0026,0,0,0.0035,0,0,1e-04,0,0,0,0,0.0191,0,0,0,0,0,0,0,9e-04,0,0,0,0,0,0,2e-04,0,0.123,0,0.0013,5e-04,0,0,0,5e-04,0,0,1e-04,0.0164,0,3e-04,0.0029,0,2e-04,0.0139,0.0844,0,0,0,0,0,0.0334,0.0164,0,0,0,1e-04,0,0,0,9e-04,0,0,2e-04,0,0,1e-04,0,0,0,0,0,0,0,0,0,0,0,0.0038,0.0026,0,0,0,3e-04,0,0,2e-04,0,0,0,0.001,0,0,2e-04,0,0,0,0,0,1e-04,0.0132,0,0,0,3e-04,0,0,0.0222,0,0,0.0017,0.0048,2e-04,0,0,0,0,0,0,0,0,0,0,0.0013,0,8e-04,0,0,0,1e-04,1e-04,0,0,1e-04,0,1e-04,0.0052,0,8e-04,0,0,0,0,0,0,0,0,0,0.0114,0.0021,0,1e-04,0,0.0563,0,0,0,0,0,3e-04,0,0,0,0,8e-04,0,0,0,2e-04,0,0,0,0,0,1e-04,2e-04,1e-04,0,0,0,2e-04,0,0,1e-04,0,0,0,3e-04,0,0,0,0,0.0442,0,0,0,0,0,3e-04,0.3981,2e-04,0,0.0061,5e-04,0,0,0,1e-04,0.0065,0,0,0,0,0,0.0015,0,7e-04,0,0,0.0094,0
0,0,0,0,0,0,0,0.000199940017994602,0,0,0,0,0,0,0.0123962811156653,0,0,0,0,0.00229931020693792,0.000299910026991902,0.000299910026991902,0,0.000199940017994602,0,0.224132760171948,0,0,0.000299910026991902,0,0,0,0.000699790062981106,0.0206937918624413,0,0,0,0,0,0,9.99700089973008e-05,9.99700089973008e-05,0,0,0,0,0,0,0,0,0,0,0,0,0,0,0.000399880035989203,0,0,9.99700089973008e-05,0,0,0,0,0,0,0.0149955013495951,0,0,0.00269919024292712,0.000599820053983805,0,0,9.99700089973008e-05,0,0,0,0,0,0.000899730080975707,0,0.000199940017994602,0.00519844046785964,9.99700089973008e-05,0.00319904028791363,0,0.00119964010796761,0,0,0.00189943017094872,0,0.000799760071978406,0,0,0,0.00339898030590823,0,0,0.00929721083674898,0,0,0,0,0,0.000199940017994602,9.99700089973008e-05,0,0.232330300909727,0,0,0,0,0,9.99700089973008e-05,9.99700089973008e-05,9.99700089973008e-05,0,0,0.00329901029691093,0,0,0,0,0,0.047185844246726,0,0,9.99700089973008e-05,9.99700089973008e-05,0,0,0.00109967009897031,0.0248925322403279,0,0,0.000299910026991902,0,0,0,9.99700089973008e-05,0.00179946016195141,0,0,0,0,0,0.000699790062981106,9.99700089973008e-05,0,0,0,0.00219934019794062,0,0.00139958012596221,0,0,0,0,0.000399880035989203,0.0111966410076977,0,0,0,0,0,0,0,0,0,0,0,0,0.00129961011696491,0,0,0,0,0.00849745076477057,0.00329901029691093,0,0,0.000199940017994602,0,0,9.99700089973008e-05,0,0,0.00109967009897031,0,0,0.000199940017994602,9.99700089973008e-05,0,0.000599820053983805,0,0,0,0,0,0,0,0,0,0,0,0.00159952014395681,9.99700089973008e-05,0,0,0,0,0,0,0.000199940017994602,0.000299910026991902,0,0.00169949015295411,0.00199940017994602,9.99700089973008e-05,0.000399880035989203,0,0.00519844046785964,0,0,0,0,0.00219934019794062,0,0.00529841047685694,0.00259922023392982,0.00159952014395681,0,0,0.0283914825552334,0,0,0.000499850044986504,0,9.99700089973008e-05,0,0,0,0,0,0,0,0,0,0,0,0,0,9.99700089973008e-05,0,9.99700089973008e-05,0.000599820053983805,0,0,9.99700089973008e-05,0,0.000199940017994602,0,0,0.000199940017994602,0,0,0,0,0,0.2185344396681,0,9.99700089973008e-05,0.0603818854343697,0,0,9.99700089973008e-05,0,0.000199940017994602,0.000299910026991902,0,0,0,0.00849745076477057,0,0,0,0,0,0.000199940017994602,0,0,0,0,0,0.00359892032390283,0.000399880035989203,0.00119964010796761,0.00129961011696491,0,0.00159952014395681,0
0,0,0,0,0,0,0,0.00109857185658644,0.00868870468391092,0,0,0,0,0,0.00119844202536702,9.98701687805852e-05,0,0,0,0,0.00169779286926995,9.98701687805852e-05,0,0.000399480675122341,0,0.198242285029462,0,0,0.00739039248976331,0.000599221012683511,9.98701687805852e-05,0.00119844202536702,0,0.00659143113951863,0,0,0.00189753320683112,9.98701687805852e-05,9.98701687805852e-05,0,0,0,0,0.00719065215220214,0,9.98701687805852e-05,0,0.000699091181464097,0,0,9.98701687805852e-05,0,0,0,0.00019974033756117,0,0,0,0,9.98701687805852e-05,9.98701687805852e-05,0.000399480675122341,0,0,0,9.98701687805852e-05,9.98701687805852e-05,0,0,0,9.98701687805852e-05,0,0,0.000599221012683511,0,0,0,0,0,9.98701687805852e-05,0,0,0.0026964945570758,0,0.00019974033756117,0.00189753320683112,0,0,0,0,0.0019974033756117,0.000499350843902926,0,0,0,0.0120842904224508,0,0,0.00249675421951463,0,0,0,0,0,9.98701687805852e-05,0,0.0126835114351343,0.116448616798162,0,0,0,0,0,0.0850893838010586,0,0,0,0,0.0067911714770798,0.000998701687805852,9.98701687805852e-05,0,0,0,0.00289623489463697,0,0,0,0,0,0,0.00239688405073405,0,0.00019974033756117,0,0,0.373814041745731,0,0,0,0.000599221012683511,0,0,9.98701687805852e-05,0,0,0,0.000898831519025267,0,0.000898831519025267,0.00149805253170878,0,0,0.00119844202536702,0.00309597523219814,0,0.00169779286926995,0,0,9.98701687805852e-05,0,0,0,9.98701687805852e-05,0,0,9.98701687805852e-05,0,9.98701687805852e-05,0,9.98701687805852e-05,0,0,0,0,0,0,9.98701687805852e-05,0.004094676920004,0,0,0,0,0,9.98701687805852e-05,0,0,0,0,0,0,0.00149805253170878,0.00129831219414761,0,0,0,0,9.98701687805852e-05,0,0,0,0,0,0,0,0.000299610506341756,0,0,9.98701687805852e-05,0.00209727354439229,0,0,0,0,9.98701687805852e-05,9.98701687805852e-05,9.98701687805852e-05,0.000998701687805852,0.000898831519025267,0,0,0,0,0,0,0,0.0273644262458804,0,0.00179766303805053,0,0.011085588734645,0,9.98701687805852e-05,0.00898831519025267,0,0,0.00019974033756117,0,0,0.000699091181464097,0,0,0,0,9.98701687805852e-05,0,0,0,0,0,0.0161789673424548,0.00019974033756117,0,0,0.00169779286926995,0.000798961350244682,0.00019974033756117,0,9.98701687805852e-05,0.000299610506341756,0.00019974033756117,0,0,9.98701687805852e-05,9.98701687805852e-05,0,0,0,0,0,0,0,0.0234694896634375,0,0,0,0,0,9.98701687805852e-05,0.00938779586537501,0,0,0.000998701687805852,0,0,0,0,0,9.98701687805852e-05,0.00019974033756117,0,0,0,0,0.00349545590732048,0,0.00419454708878458,0,0.000299610506341756,9.98701687805852e-05,0.00229701388195346
0,0,0,0,0,0,0,0,0,0,0,0,0,0,0,0,0,0,0,0.0007000700070007,0,0,0,0.0166016601660166,0,0,0,0,0.258125812581258,0.0016001600160016,0,0,0,0,0,0,0.0007000700070007,0,0,0.0002000200020002,0,0,0,0,0,0.176317631763176,0,0,0,0,0,0,0,0,0,0,0,0.0001000100010001,0.0037003700370037,0,0,0,0,0,0,0,0.003000300030003,0,0,0.023002300230023,0,0,0,0,0,0,0,0,0,0,0,0,0,0,0,0.0001000100010001,0,0,0,0,0,0,0,0,0,0,0.0106010601060106,0,0,0,0,0.0162016201620162,0,0,0,0,0,0,0,0.001000100010001,0,0,0,0,0,0,0.0003000300030003,0,0.0554055405540554,0,0,0,0,0,0.0038003800380038,0,0,0,0,0,0,0.022002200220022,0,0,0,0,0,0.0001000100010001,0,0,0.0026002600260026,0,0,0,0,0,0,0,0,0.0002000200020002,0,0,0,0,0.0004000400040004,0,0,0.0058005800580058,0,0.0138013801380138,0,0,0,0,0,0.0001000100010001,0,0,0,0,0,0,0.0229022902290229,0,0,0,0,0,0,0,0,0,0,0,0.001000100010001,0,0,0,0,0.0059005900590059,0,0.011001100110011,0.0011001100110011,0,0,0.0002000200020002,0,0,0,0,0,0,0,0,0,0,0,0,0,0,0.0047004700470047,0,0,0,0.0013001300130013,0,0,0,0,0,0,0,0,0,0,0,0,0,0,0,0,0,0,0.0774077407740774,0.0036003600360036,0,0,0,0,0.0006000600060006,0,0,0,0,0,0,0,0,0,0,0,0,0,0,0,0.0016001600160016,0.0013001300130013,0,0,0,0,0,0,0.0009000900090009,0.0004000400040004,0,0,0,0.0006000600060006,0,0.0691069106910691,0,0.124512451245125,0,0,0,0,0,0,0.0044004400440044,0,0,0,0,0,0.0007000700070007,0,0,0.0004000400040004,0,0,0,0,0,0,0,0,0,0,0.0499049904990499,0
0,0,0,9.99200639488409e-05,0,0.00359712230215827,9.99200639488409e-05,0,0,0,0.00809352517985612,0,0,0,0,0,0.000999200639488409,0,0,0,0,0.004396482813749,0,0,0,0.000799360511590727,0,0,0,0,0.0270783373301359,0,0,0,0,0,0,0,0.00929256594724221,0,0.0103916866506795,0,0,0,0.0082933653077538,0,0,0,0,0,0,0,0,0,0,0,0,0,0,0.0298760991207034,0,0,0,0,0.00649480415667466,0,0.00589528377298161,0.0132893685051958,0,0.00669464428457234,0,0,0,0,0,0,0,0,0,0,0,0,0,0,0,0,0,9.99200639488409e-05,0,0,0,0,0,0,0,0,0,0,0,0.00369704236610711,0,0,0,0,0,0,0,0.00449640287769784,0.0467625899280576,0.000899280575539568,0,0,0,0,0.000399680255795364,0,0,0,0,0,0,0,0,0,0,0.100219824140687,0,0,0,0.0691446842525979,0,0,0,0,0,0,0.000199840127897682,0,0,0,9.99200639488409e-05,0,0,0,0,0,0,0,0,0,0,0,0,0,9.99200639488409e-05,0,0,0,0,0.00679456434852118,0,0,0,0,0,0,0,0,0,0,0,0,0,0,0,0,0,0,0.0199840127897682,0,0,0,0,0,0,0,0,0,0,0,0,0,0.000399680255795364,0,0,0,0,0,0,0,0,0,0,0,9.99200639488409e-05,0,0,0,0,0,0,0,0,0,0,0,0.0247801758593125,0,0.0123900879296563,0,0,0,0,0,0,0,0,0,0,0,0.0152877697841727,0,0,0.0918265387689848,0,0,0,0,0,0,0,0,0,0,0,0,0,0,0,0,0,0,0,0,0,9.99200639488409e-05,9.99200639488409e-05,0,0,0,0,0,0,0,0,0,0,0,0,0.0236810551558753,0,0,0.0548561151079137,0,0,0,0,0,0,0.368005595523581,0,0,0.000599520383693046,0,0,0,0,0,0.00469624300559552,0,0,0,0,0,0.0115907274180655,0,0.000199840127897682,0,0,0.00309752198241407,0
0,0,0,0,0,0,0.000100040016006403,0,0,0,0,0,0,0,0,0,0,0,0,0.00210084033613445,0,0,0,0.00190076030412165,0,0,0,0,0,0.00460184073629452,0,0,0,0.0200080032012805,0,0,0.00610244097639056,0,0.00670268107242897,0,0,0,0,0,0,0,0,0,0,0,0,0,0,0,0,0,0.00100040016006403,0,0,0.0142056822729092,0,0,0,0,0,0,0.0140056022408964,0,0,0,0.00300120048019208,0,0,0,0,0,0,0.000200080032012805,0.000900360144057623,0,0,0,0.0461184473789516,0,0,0,0,0,0,0,0,0.00550220088035214,0.094437775110044,0,0,0.0468187274909964,0,0,0,0.000100040016006403,0,0,0,0,0.00620248099239696,0,0,0.136654661864746,0,0,0,0,0,0,0,0.000300120048019208,0,0,0,0,0,0,0,0,0,0,0,0,0,0,0,0.000200080032012805,0,0.000100040016006403,0,0,0.00850340136054422,0.000200080032012805,0,0,0.00360144057623049,0,0,0,0,0,0,0,0,0,0,0,0,0.0038015206082433,0,0,0,0,0,0.0170068027210884,0,0,0,0,0,0,0.00160064025610244,0,0,0,0.00110044017607043,0,0,0,0,0,0,0,0,0,0,0,0,0,0.00040016006402561,0,0,0,0,0,0,0,0,0,0,0,0,0,0,0,0,0.00110044017607043,0,0.0572228891556623,0,0,0,0,0,0,0,0,0,0,0,0,0.00510204081632653,0.00270108043217287,0.0451180472188876,0,0,0,0,0,0,0,0,0,0.00680272108843537,0,0,0,0,0,0,0,0,0,0,0,0,0,0,0,0,0,0,0,0,0,0,0,0,0,0.00240096038415366,0.000900360144057623,0,0,0,0,0,0,0,0.00040016006402561,0,0,0,0,0,0,0,0,0.42937174869948,0,0,0,0,0,0,0,0.000100040016006403,0,0,0,0,0,0,0,0,0,0,0,0,0,0,0,0.00130052020808323,0,0,0,0
0,0,0,0,0,0,0.00229816147082334,0.000899280575539568,0,0,0.000299760191846523,0,0,0,0,0,0,0,9.99200639488409e-05,0,9.99200639488409e-05,0.00289768185451639,0.000399680255795364,0.00329736211031175,0,0.338129496402878,0.000199840127897682,0,0.000899280575539568,0,0,0,0,0.0133892885691447,0,0,0.0176858513189448,0.00549560351718625,0,0,0,0,0,0.00869304556354916,0,0.00449640287769784,0,9.99200639488409e-05,9.99200639488409e-05,0,0,0,0,0,0,0.00109912070343725,0,0,0,0.000699440447641887,9.99200639488409e-05,0.00209832134292566,0,0.000199840127897682,0,0.000199840127897682,0.00559552358113509,0,0,0,0,0.000499600319744205,9.99200639488409e-05,0.000699440447641887,0,0,0,0,0,9.99200639488409e-05,0,9.99200639488409e-05,0.000299760191846523,9.99200639488409e-05,0.00129896083133493,0,0.0690447641886491,0,0,0.0082933653077538,0,0.000199840127897682,0,0,0,0,0,0,0,0,0,0,0,0.00189848121502798,9.99200639488409e-05,0,0.000499600319744205,0.0312749800159872,0,0.00369704236610711,0,0,0,0.0154876099120703,0,0,0,0,0.00699440447641886,0,0,0,0,9.99200639488409e-05,0.0117905675459632,0.00249800159872102,0,0,0.000399680255795364,0,0,0.00149880095923261,0,9.99200639488409e-05,0,0,0.000999200639488409,0,0,0,0,0,0,0,0.0247801758593125,0,0.0016986410871303,0.000199840127897682,0,0,0.000599520383693046,0,0,9.99200639488409e-05,9.99200639488409e-05,0,0,0,0,0.00149880095923261,0,0,0,0.020083932853717,0,0,0,0,0,0,0.000899280575539568,0,9.99200639488409e-05,0,0,0,0,0,0.013189448441247,0.000199840127897682,0,0,0,0,0.0021982414068745,0,0,0,0,0,0,0.0116906474820144,0.000499600319744205,9.99200639488409e-05,0,0,0,0,0,0,0,0,0,9.99200639488409e-05,0,0.000799360511590727,9.99200639488409e-05,0,9.99200639488409e-05,0,0.000899280575539568,0,0.00129896083133493,0,0.000499600319744205,0,0.00459632294164668,0.000299760191846523,0.0215827338129496,0.000199840127897682,0,0.00269784172661871,0,0,0,0,0,0,0,9.99200639488409e-05,0.0109912070343725,0,0,0.143585131894484,0,0,0,9.99200639488409e-05,0,0,0.000299760191846523,0,0,0,0,0.000199840127897682,0,0,0,0,0,0.000199840127897682,0.00259792166266986,0,0.00279776179056755,0.0114908073541167,0,0,0.00129896083133493,0,9.99200639488409e-05,0,0,0.000299760191846523,0,0,0,0,0.0199840127897682,0.00699440447641886,0,0.00419664268585132,0.0751398880895284,0,0,0,0,0.000199840127897682,0,0.00159872102318145,0,0,0.0110911270983213,0,0,0,0,0,0.0016986410871303,0.000299760191846523,0,0,0,0,0.00399680255795364,0,0.000499600319744205,0,0,0.0215827338129496,0
0,0,0.00129961011696491,0,0.0345896231130661,0.0125962211336599,0.000399880035989203,0,0,0.0208937318804359,0.0336898930320904,0,0,0.00109967009897031,0,0,0,0,0,0,0,0,0.00549835049485154,0.000699790062981106,0.00369889033290013,0.000399880035989203,0,0,0.000599820053983805,0,0,0,0,0,0,0,0.000199940017994602,0,0.00789763071078676,0,0.021593521943417,0.00209937018894332,0,0,0.00189943017094872,0.00219934019794062,0,0,0,0,0,0,0,0.000799760071978406,0,0.000199940017994602,0,0,0,0.00479856043187044,0.00609817054883535,0.000699790062981106,0,0,0,0,0.011296611016695,0,0,0.000199940017994602,0,0,0.00129961011696491,0,0,0,0,0,0.018594421673498,0.0123962811156653,0.00639808057582725,0.00619814055783265,0.0124962511246626,0,0,0,0,0,0.00649805058482455,0,0,0,0.00139958012596221,0,0,9.99700089973008e-05,0,0,0.00229931020693792,0,0,0,0,0,0,0,0,0.131060681795461,0,0,0,0,0,0,0.00289913026092172,0,0,0.0197940617814656,0,0,0,0,0.0143956812956113,0,0,0.175747275817255,0,0,0,0.0492852144356693,0,9.99700089973008e-05,0,9.99700089973008e-05,0.00229931020693792,0,9.99700089973008e-05,0,0,0,0.133359992002399,0.000399880035989203,0,0,0.0203938818354494,0,0,0.000899730080975707,0,0,0.00109967009897031,0.00359892032390283,0,0.000199940017994602,0.0135959212236329,0,0,0,0,0.011296611016695,0,0,0,0.000299910026991902,0,0,0,0,0,0,9.99700089973008e-05,0,0,0,0,0,0,0,9.99700089973008e-05,0,0,0,0,0,0,0,0,0,0,0,0,0,0.000299910026991902,0,0,0,0,0,0,0,0.00259922023392982,0,0,0,0,0,0,0,0,0.00339898030590823,0,0,0,0,0.000399880035989203,0,0.0133959812056383,0,0.0607817654703589,0,0,0.000899730080975707,0,0,0,0,0,0,0,0,0,0,0,0.0346895931220634,0,0,0,0,0,0,0,0,0,0,0,0.00109967009897031,0,0.00199940017994602,0,0,0,0,0.000299910026991902,0,0,0,0.00389883035089473,0,0,0,0,0,0,0,0,0,0,0,0,0,0,0,0.0216934919524143,0,0.000199940017994602,0,0,0,0.000199940017994602,0.000199940017994602,0,0,0.0226931920423873,0,0,0,0.00649805058482455,0,0,0,0,0,0,0,0,0,0.000499850044986504,0,0,0,0
0,0,0,0,0.00709574255446732,0.00679592244653208,0.00189886068358985,0,0,0,0.0130921447131721,0,0,0,0,0.00129922046771937,0,0,0,0,0,0,0.00129922046771937,9.9940035978413e-05,0,0.0170897461523086,0.000299820107935239,0,0.000299820107935239,0.0181890865480712,0.000799520287827304,0,0,0.00869478313012193,0,0,0,0.00279832100739556,0.00719568259044573,0,0.00509694183489906,0.00779532280631621,0,0,0.00109934039576254,0.00139916050369778,0,0,0,0,0.0629622226664002,0.000699580251848891,0,0,0.00129922046771937,0,0,0,0,0,0.00649610233859684,0.000799520287827304,0.000999400359784129,0,0.000199880071956826,0,0.00369778133120128,0,0,0.00719568259044573,0.0030981411153308,0,0,0,0,0,0.000599640215870478,0,0,9.9940035978413e-05,0,0,0.00819508295022986,0,0,9.9940035978413e-05,0,0,0.00589646212272636,0,0,0.000699580251848891,0.000299820107935239,0.000199880071956826,0,0,0,0,0,0,0,0.0209874075554667,0,0,0.00259844093543874,9.9940035978413e-05,0,0.0159904057565461,0.00819508295022986,0,0,0,0,0,0,9.9940035978413e-05,0,0,0,0,0,0,0.00369778133120128,0,0.000399760143913652,0.0681591045372776,0,0,0.000399760143913652,0.105936438137118,0.0132920247851289,9.9940035978413e-05,0,0,0.000199880071956826,9.9940035978413e-05,0.000199880071956826,0,0,0,9.9940035978413e-05,0,0.000899460323805717,0,0,0,9.9940035978413e-05,0.00119928043174096,0,0,9.9940035978413e-05,0.00199880071956826,0,0.000199880071956826,0,0,0,0,0,0.00499700179892065,0.00149910053967619,0,0,0,0,0,0,0,9.9940035978413e-05,0,0.000699580251848891,0,0,0,0,0,0,0.000999400359784129,0.00559664201479113,0,0,0,0,0,0.000599640215870478,0,0.000899460323805717,0,0,0,0,0.00409754147511493,9.9940035978413e-05,0.000799520287827304,0,0.00139916050369778,0,0,0,0.0169898061163302,0,0,0,0.0704577253647811,0,9.9940035978413e-05,0.000199880071956826,0,9.9940035978413e-05,0.000899460323805717,0,0,0,0,0.000299820107935239,0,0.00189886068358985,0,9.9940035978413e-05,0,0.00129922046771937,0.00279832100739556,9.9940035978413e-05,0,0,0.00199880071956826,0,0,0,0,0,0,0,0.00379772136717969,0,0,0.00739556266240256,0,0,0,0,0,0,0,0.000599640215870478,0.00199880071956826,0,0,0,0.00409754147511493,0.00169898061163302,9.9940035978413e-05,0,0,0,0.000299820107935239,9.9940035978413e-05,0,0.00109934039576254,0,0,0,0,9.9940035978413e-05,0.0452728362982211,0,0,0,0.000599640215870478,0.0218868678792724,0,0,0.00399760143913652,0,0,0,0,9.9940035978413e-05,9.9940035978413e-05,0.295922446532081,0,0,0.0348790725564661,0,0,0,9.9940035978413e-05,0,0,0,0,0,0,0,0.000899460323805717,0.00159904057565461,0.000299820107935239,0,9.9940035978413e-05,0.000699580251848891,0.0022986208275035
0,0,0.000199880071956826,9.9940035978413e-05,0,0,0.000199880071956826,0,0,0,0,0,0.000199880071956826,0,9.9940035978413e-05,0,0,0,0,9.9940035978413e-05,0,0,0,0,0,0.162002798321007,0,0,0.000499700179892065,0.004597241655007,0,0,0.000299820107935239,0,0,0,0,0,0,9.9940035978413e-05,0,0,0,0,0,0.124825104937038,0,0,0,0,0.000899460323805717,0,0,0,0,0,0,9.9940035978413e-05,0,0,0.00169898061163302,0,9.9940035978413e-05,0,0,0.000599640215870478,0.0139916050369778,0,0,0.0161902858285029,0,0,0,0,0,0,0,0,0,0,0,0,0,0,0.00779532280631621,0,0,0,0,0,0,0.000399760143913652,9.9940035978413e-05,0,0,0,9.9940035978413e-05,9.9940035978413e-05,0,0,0,0,0,0,0.000399760143913652,0,0,0.0366779932040776,0,0,0,0,0,0,0,0,0.0113931641015391,0,0,9.9940035978413e-05,0,0,0,9.9940035978413e-05,0,0,0,0,0,0,0.0132920247851289,0.0249850089946032,0,0,0,0,9.9940035978413e-05,0,0,0,0,0,0,0,0,0,0,0,0,0,0,0,0,0,9.9940035978413e-05,0,0,0.000299820107935239,0,0,0,0,0,0,0,0,0,0,0,0,0,0,9.9940035978413e-05,0,0,0,0,0.0139916050369778,0,0,0,0,0,9.9940035978413e-05,0,0,0,0,0,9.9940035978413e-05,0,0,9.9940035978413e-05,0,0,9.9940035978413e-05,0,0,0,0,0,0,0,0,0,0.0344793124125525,0,0.000499700179892065,0,0.000399760143913652,0,0,0,0,0,0,0,0.0233859684189486,0.0218868678792724,0,0.0100939436338197,0,0,0,0,0,0.00339796122326604,0,0,0,0,0,0.000199880071956826,0,0.00499700179892065,0,0,0,9.9940035978413e-05,0.00189886068358985,0,0,0,0,0,0,0,9.9940035978413e-05,0,0,0,0,0,9.9940035978413e-05,0,0.000599640215870478,0,0,0,0,0,0,0,0,0,0.000699580251848891,0,0,0,9.9940035978413e-05,0.0145912452528483,0,0,0,0,0,0,0,0,0.424945032980212,0,0.000299820107935239,0,0,0,0,0,9.9940035978413e-05,0,0,0,0,0,0,0.00879472316610034,0,0,0,9.9940035978413e-05,0.0109934039576254,0
0,0,0,0,0,0,9.99600159936026e-05,0,0,0,0,0,0,0,0,0,0,0,0,0,0,0.0161935225909636,0.00189924030387845,0,0,0.007796881247501,0,0,0.000299880047980808,0,0,0.0207916833266693,0,0,0,0,0,0.00559776089564174,0.00819672131147541,0,0,0,0,0,0.00129948020791683,0,0,0,0,0,0,0.00119952019192323,0,0,0,0,0,0,0,0.0144942023190724,0,0.00589764094362255,0.00119952019192323,0,0,0,0.00659736105557777,0,0,0.00679728108756497,0,0,0,0,0,0,0,0,0,0.00319872051179528,0,0,0,0,0,0,0,9.99600159936026e-05,0.0039984006397441,0,0,0.000899640143942423,9.99600159936026e-05,0,0,0,0,0,0,0,0,0.0319872051179528,0,0,0,0,0,0.00319872051179528,0,0.00109956017592963,0,0,0,0,0.000299880047980808,0,0,0.00039984006397441,0.000299880047980808,9.99600159936026e-05,0,0,0.0169932027189124,0,0.00039984006397441,0,0,0,0,0.158336665333866,0,0,0,0,0,0,9.99600159936026e-05,0,0,0,9.99600159936026e-05,0,0.00079968012794882,0,0,0,0,0,0,0,0,0,0,0,9.99600159936026e-05,0,0,0,0,0.0236905237904838,0,0,0,0.000299880047980808,0,0,0,0,0,0,0,0,0,0,0,0,0,0,0.0143942423030788,0,0,0,0,0,0,0,0,0,0,0,0,0,0,0,0,0.00319872051179528,0,0,0,0,0,0,0,0,0.343262694922031,0.000999600159936026,0,0,0,0,0,0,0,0,0,0,0.00119952019192323,0,0.000999600159936026,0,0,0,0,0,0,0,0,0,0,0,0,0,0,0.0167932826869252,0,0,0,0,0,0,0,0,0,0,0,0,0,0,0,0,0,0.00109956017592963,0,0,0,0.000999600159936026,0.00239904038384646,0,0,0,0,0,0,0,0,0,0,0,0,0.100959616153539,0,0,0.00939624150339864,0,0,0,0.00509796081567373,0,0,0.144342263094762,0,0,0,0,0,0,0,0,0,0,0,0,0,0,0.0038984406237505,0,0.000599760095961615,0,0,0.00549780087964814,0
0.00099930048965724,0,9.9930048965724e-05,0,0.0119916058758869,0,0,0,0,0.00339762166483462,0,0,0,0.0237833516538423,0.00559608274208054,0,0,0,0,0,0,0.0174877585690017,0,0,0,0.0214849605276307,0,0,0.00169881083241731,0,0,0,0,0.00619566303587489,0,0,0,0,0.00269811132207455,0.00049965024482862,0.00399720195862896,0,0,0.00229839112621165,0.000799440391725792,0,0,0,0,0,0.0425702008593984,0.00839412411312082,0,9.9930048965724e-05,0.00159888078345158,0,0,0,0.000299790146897172,0.00569601279104627,0,0.0129909063655441,0.00109923053862296,0,0.0179874088138303,0,0,0.00879384430898371,0,0.00919356450484661,0.000199860097931448,0,0,0.00569601279104627,0,0,0,0,0,0,0,0.00739482362346358,0,0,0,0,0,0,0.00399720195862896,0,0,9.9930048965724e-05,9.9930048965724e-05,0,0,0,0,0,0,0,0,0,0,0,0.000399720195862896,0,0.00299790146897172,0.00599580293794344,0.00779454381932647,0.00099930048965724,0,0,0,0,0.000799440391725792,0,0,0,0,0.000299790146897172,0.0109923053862296,0.00899370440691516,0,0,0,0,0,0,0,0.121215149395423,0,0.0284800639552313,0,0,0,0,0.0201858698910762,0,0,0,9.9930048965724e-05,0,0.00049965024482862,0,0,0,0.000699510342760068,0,0,9.9930048965724e-05,0,0,0,0,9.9930048965724e-05,0,0,0,0.00109923053862296,0.00109923053862296,0,0,0,0.0197861496952134,0,0,0,0,9.9930048965724e-05,0,0,0,0,0,0,0,0,0,0.0564604776656341,0,0,0,0,0,0,0,0,0,0,0,0,0.00239832117517738,0,0.0024982512241431,0,0,0,9.9930048965724e-05,0,0,0,0,0,0,0,0,0,0,0,0,0,0,0,0,0,0,0.00609573298690916,0.00369741181173179,0.00339762166483462,0.000699510342760068,0,0,0,0,0.000799440391725792,0,0,0,0.0045967822524233,0.00129909063655441,0,0,0,0,0,0,0,0,0,0,0,0,0,0,0,0,0,0,0,0,0,0,0.0020985310282802,0,0,0.000799440391725792,0.000299790146897172,0,0.000199860097931448,0,0.000599580293794344,0,0,0,0,0,0,0,0,0.273408613970221,0,0,0.0241830718497052,0,0,9.9930048965724e-05,9.9930048965724e-05,0,0.000899370440691516,0.116818227240931,0,0,0.0237833516538423,0,0,0.000199860097931448,0,0,0.00189867093034876,0,0,0,0,0,0.0045967822524233,9.9930048965724e-05,9.9930048965724e-05,0.00479664235035475,0,0.00099930048965724,0
0,0,0,0,0.0188,0,0,0,0,0.0236,0,0,0.0024,0,0.0141,0,0,0,0,0,0,0,0,0,0,0.2097,0,0,0.0031,0.0186,0,0,0,7e-04,0,0,0,0,0.0041,0,0,0,0.0085,0,0.0079,9e-04,0,0,0,0,0.0067,0.0132,0,0,0,0,0,0,0,7e-04,0,0.0126,0.0018,0,0,0,0.0014,0.0091,0,0,0,0,0,0,0,0,3e-04,0,0,0.0031,0,0.0088,0,0,0,0,0,0,0,0,0,0,4e-04,0,1e-04,0.003,0.0013,0,0,1e-04,0,0.027,0,0,0,0,0,0,0.0123,0,0,0,0,1e-04,0,0,0.0026,0,7e-04,0,0,0,0.0078,1e-04,0.0024,0.0617,0,0,0,0.1912,0,0,0,0,0,0,1e-04,0,1e-04,0,0.0021,1e-04,0.0015,0,0,0,0,0,0,0,0,0,3e-04,0,0,0,0,1e-04,0,0,0,0,0,0,0,0,0,0,0,0,0,1e-04,1e-04,0,0,0,0,0,0,0,0,0,0,0,0,0,0,0,0,0.0013,0,2e-04,0,0,0,0,0,0,0,0,0,0,0,0,0,8e-04,0,0,5e-04,0.0018,0,0,0,0,0,0,0,0,0.0216,0,0,0,0,0,0,3e-04,0,0.0292,0.001,0,0,0,0,0,1e-04,0,0,0,0,0,0,0,0,0,0,0,0,0,0,0,0,0,0,0,0,7e-04,0.0078,0,0,4e-04,0,0,0,0,2e-04,0,0,0,0,0.0179,0,0,0.0665,4e-04,0,0,0,0,0,0.0298,0,0,0.0068,0,0.1198,4e-04,0,0,0,0,0,0,0,0,0,0,1e-04,0,0,0.007,0
0,0,0,0,0,0,9.99500249875062e-05,0,0,0,0,0,9.99500249875062e-05,0,0.000199900049975012,0,0.00079960019990005,0.000599700149925037,0,0,0,0.000699650174912544,0,0.000199900049975012,0,0.441879060469765,0,0,9.99500249875062e-05,0,0,0,0,0.00469765117441279,0,0,0.000699650174912544,0.00589705147426287,0,0,0,0,0,0,0,0.00359820089955022,0,0,0,0,0,0,9.99500249875062e-05,0,0,0,0,9.99500249875062e-05,0,0,0,0,0,0.00079960019990005,0,0,0.00919540229885057,0,0,0,0.00809595202398801,0,0,0,0,0,0,0,0,0.00419790104947526,0,0.00149925037481259,0.00119940029985007,0,0,0.000599700149925037,0.0192903548225887,0,0,0.00339830084957521,0,0.000199900049975012,0.000199900049975012,0,0,0.00109945027486257,0,0,0,0.000499750124937531,0,0.000299850074962519,0,0,0,0,0,0.0326836581709145,0,0,0,0,0,0,9.99500249875062e-05,0,0,0,0.00649675162418791,0,0,0,0,9.99500249875062e-05,0.00079960019990005,0,0,0,0.000199900049975012,0,0,0.00439780109945028,0,9.99500249875062e-05,0,0,0.00109945027486257,0,0,0,0.000899550224887556,0,0,0,0,0,0.0031984007996002,0,0,0.000599700149925037,0.00189905047476262,0.00109945027486257,0,0,0,0,0,0,0.0216891554222889,0.00979510244877561,0,0,0,0.0297851074462769,0,0,0,0,0,0,0.000999500249875062,0,0,0,0,0,0,0.000199900049975012,0.0114942528735632,0,0,0,0,0,0,0,0,0,0,0.000199900049975012,0,0,9.99500249875062e-05,0,0,0,0,0,0,0,0,0,0,0.0132933533233383,0,0.00419790104947526,0.000599700149925037,0,0.000199900049975012,9.99500249875062e-05,0,0,0.0031984007996002,0,0.000599700149925037,0,0,0,0.0196901549225387,0,0.00729635182408796,0.00229885057471264,0,0.000399800099950025,0,0,0,0,0.0120939530234883,0,0.00439780109945028,0,0,0.0448775612193903,0,0,0.000299850074962519,0,0,0.000199900049975012,0,0,0,0,0,0.00469765117441279,0,0,0.000199900049975012,0,9.99500249875062e-05,0.000199900049975012,0,0,0.000899550224887556,0.000999500249875062,0.000499750124937531,0,0.000999500249875062,0.000999500249875062,0.000199900049975012,0,0,0,0,0,0,0,0,0,0,0.000199900049975012,0.00179910044977511,0,0.000199900049975012,0,0,0,0.00259870064967516,0.187106446776612,0,0,0.0288855572213893,0,0,9.99500249875062e-05,0,0.000299850074962519,0.000899550224887556,0,0,0,0,0,0,0,0,0,0,0.0160919540229885,0
0,0,0.00089919072834449,9.99100809271655e-05,0.0109901089019882,0.00269757218503347,0.00089919072834449,0.0231791387751024,9.99100809271655e-05,0.00489559396543111,0.0028973923468878,0,0.00139874113298032,0.00119892097112599,0.00469577380357678,0,0.000999100809271655,0,0.0103906484164252,0,0,0.016884803676691,0.00419622339894095,0,0.00299730242781497,0.000799280647417324,0.000299730242781497,0,0.00909181736437207,0.0143870516535118,0.00299730242781497,0,0,0.00209811169947048,0,0,0,0.00309721250874213,0.00449595364172245,0.000399640323708662,0.00409631331801379,0.00129883105205315,0,0,0,0,0,9.99100809271655e-05,0,0,0.00449595364172245,0.000499550404635828,9.99100809271655e-05,0,0.00139874113298032,0,0,0,0,0.00569487461284844,0.00599460485562993,0.0031971225896693,0.00279748226596064,9.99100809271655e-05,0,0.000999100809271655,0.000399640323708662,0.00279748226596064,0,0.0167848935957638,0.00189829153761615,0,0.000299730242781497,0.0361674492956339,0,0.000199820161854331,9.99100809271655e-05,0,0,0.00689379558397442,0,0.00199820161854331,0.000499550404635828,0,0,9.99100809271655e-05,9.99100809271655e-05,9.99100809271655e-05,0.00159856129483465,0,0.00749325606953742,0.000999100809271655,9.99100809271655e-05,9.99100809271655e-05,0,0,0,0,0,0,0,0,0.000199820161854331,0.000199820161854331,0,9.99100809271655e-05,0.0057947846937756,0.00209811169947048,0.0216804875611949,0,0,0.000199820161854331,0,0,9.99100809271655e-05,0,0.0172844440003996,0.00149865121390748,0.00369667299430513,0,0,0.0054950544509941,0.00199820161854331,0,0.00169847137576181,0.0359676291337796,0,0,9.99100809271655e-05,0.045858727145569,0.0113897492256969,0.00089919072834449,0,0,0,0,0.00329703267059646,0,0,0,9.99100809271655e-05,0,0,0,0.000199820161854331,0,0.000599460485562993,0.00329703267059646,0,9.99100809271655e-05,0.000199820161854331,0.00249775202317914,9.99100809271655e-05,0.000299730242781497,9.99100809271655e-05,0,0,0,0.00109901089019882,0.00669397542212009,0,0,0,0,0,0,9.99100809271655e-05,0,0,0,0.00229793186132481,0,0,0,0,0,0.000199820161854331,0.00199820161854331,0.0160855230292737,0.000199820161854331,0.0060945149365571,0,0,0,0.00209811169947048,0,0,0,0.00429613347986812,0,0,0.00429613347986812,0.00189829153761615,0,0,0,0,9.99100809271655e-05,0,0,0,0,0.000499550404635828,0.00119892097112599,0,0.000399640323708662,0.000599460485562993,9.99100809271655e-05,0,0.0213807573184134,0,0,0.0054950544509941,0.000299730242781497,0,0,0.00449595364172245,0.00219802178039764,0.0148866020581477,0,9.99100809271655e-05,0.00219802178039764,0.000399640323708662,0,0,0,0.00459586372264962,0.0250774303127186,0.00419622339894095,0,0.0028973923468878,0,9.99100809271655e-05,0.0636427215506045,0,0.000599460485562993,0.000199820161854331,0,9.99100809271655e-05,9.99100809271655e-05,0,0,0,9.99100809271655e-05,0,0,0,0,0,0.000199820161854331,0.000199820161854331,0.000399640323708662,0.00249775202317914,0,0.00269757218503347,0.000499550404635828,0.000199820161854331,0,0.000799280647417324,0,0.000199820161854331,0.00209811169947048,0,0.0031971225896693,0,0,9.99100809271655e-05,0.00379658307523229,0,0.00599460485562993,0.000699370566490159,0.000199820161854331,0.0121890298731142,0,0,0,0.060345688880008,0.000199820161854331,0.00469577380357678,0.208512338894995,0,0,0.00879208712159057,0,0.0606454191227895,0.00089919072834449,0,0,0.000199820161854331,0.00249775202317914,0,0,9.99100809271655e-05,0,0.000999100809271655,0,0.0025976621041063,0,0.000399640323708662,0.00629433509841143,0
0,0.0001000100010001,0,0,0.0122012201220122,0.0083008300830083,0,0,0,0,0.0081008100810081,0,0,0,0,0,0.0311031103110311,0,0,0,0.0009000900090009,0.0076007600760076,0,0,0,0.0749074907490749,0.0004000400040004,0,0.0018001800180018,0,0.0002000200020002,0,0,0.0029002900290029,0,0,0.0011001100110011,0.0093009300930093,0.004000400040004,0,0,0,0,0.0004000400040004,0,0.0001000100010001,0,0.0002000200020002,0,0,0.0139013901390139,0,0,0,0.0002000200020002,0,0,0,0,0.0221022102210221,0.0128012801280128,0.0026002600260026,0.002000200020002,0,0.0046004600460046,0.0144014401440144,0.0109010901090109,0,0,0,0.0003000300030003,0,0.0004000400040004,0.0039003900390039,0,0,0.0002000200020002,0,0,0.0115011501150115,0,0.0074007400740074,0.001000100010001,0,0,0,0.0033003300330033,0,0,0.0019001900190019,0.0184018401840184,0,0.0003000300030003,0,0.0107010701070107,0,0,0,0.0012001200120012,0,0,0,0,0,0,0,0.0001000100010001,0.0024002400240024,0.0197019701970197,0.0004000400040004,0,0,0,0,0,0,0,0.0007000700070007,0.0102010201020102,0,0,0,0,0.0003000300030003,0.0095009500950095,0.105210521052105,0,0,0,0.186218621862186,0.0172017201720172,0.0002000200020002,0,0.0001000100010001,0.0003000300030003,0,0.0016001600160016,0,0,0,0.0114011401140114,0,0,0,0,0,0.0011001100110011,0,0.0001000100010001,0,0.0003000300030003,0.0007000700070007,0.0006000600060006,0,0.0001000100010001,0,0,0,0,0.003000300030003,0,0,0,0.0001000100010001,0,0,0,0,0,0,0.0014001400140014,0,0,0,0,0,0,0.0009000900090009,0.0072007200720072,0.0001000100010001,0,0,0,0.0027002700270027,0.0011001100110011,0,0,0,0,0,0,0.0085008500850085,0.0006000600060006,0,0,0,0,0,0,0.0243024302430243,0,0,0,0.0091009100910091,0,0.0086008600860086,0,0,0,0.0002000200020002,0,0,0,0,0.002000200020002,0,0.0019001900190019,0.0022002200220022,0.0124012401240124,0,0,0,0,0,0,0.001000100010001,0,0,0.0087008700870087,0,0.0098009800980098,0.0001000100010001,0,0.0106010601060106,0,0,0,0,0,0.0018001800180018,0,0,0,0,0.0006000600060006,0.0016001600160016,0.0011001100110011,0.0001000100010001,0,0,0,0,0.0003000300030003,0,0.0004000400040004,0.0017001700170017,0.0001000100010001,0,0.0013001300130013,0.0005000500050005,0,0,0,0.0007000700070007,0.0001000100010001,0,0,0,0.0012001200120012,0.117811781178118,0,0.0025002500250025,0.0201020102010201,0,0,0,0,0,0.0033003300330033,0.0002000200020002,0,0,0.0361036103610361,0,0,0,0,0,0.0036003600360036,0.0051005100510051,0,0,0,0,0.0001000100010001,0,0.001000100010001,0,0,0.0017001700170017,0.0044004400440044
0,0.000999900009999,9.99900009999e-05,0.0002999700029997,0,0,0,0,0,0,0,0,0,0,0.0113988601139886,0,0.0002999700029997,0,0,0,0,0,0,0,0,0.828317168283172,0,0,0,0,0,0,0,0,0,0,0,0,0,0,0,0,0,0,0,0,0,0,0,0.0004999500049995,0,0,0.0002999700029997,0.0006999300069993,0,0,0,0,0,0,0,0,0,0,0,0,0,0,0,0,0,0,0,0,0,0,0,0,0,0,0,0,0.0043995600439956,0,0,0,9.99900009999e-05,0,0,0,0,0,0.0212978702129787,0,0,0.0005999400059994,0,0,0,0,0,0.0045995400459954,0,0,0,0,0,0,0,0,0,0,0,0,0,0,0,0,0,0,0.0010998900109989,0,0,0,0,0,0,0,0,0,0,0,0,0,0,0,0,0,0,0,0.0018998100189981,0,0,0,0,0,0,0,0,0.0038996100389961,0,0,0,0,0,0,0,0,0,0.0003999600039996,0,0,0,0,0,0,0,0,0.0001999800019998,0,0,0,0,0,0,0,0,0,0,0,0,0,0,0,0.0003999600039996,0,0,0,0,0,0,0,0,0,0,0,0,0,0,0,0,0,9.99900009999e-05,0.0017998200179982,0,0,0,0,0,0,0,0,0,0,0,0,0,0,0,0,0,0,0,0,9.99900009999e-05,0,0,0.0583941605839416,0,0,0,0,0,0,0,0,0,0,0,0,0,0,0,0,0,0,0,0,0,0,0,0,0,0,0,0,0.0006999300069993,0,0,0.0021997800219978,0,0,0,0,0,0,0.000999900009999,0,0,0.0472952704729527,0,0.0054994500549945,0,0,0,0,0,0,0,0,0,0,0,0,0,0,0,0,0,0.000999900009999,0,0,0,0,0,0,9.99900009999e-05,0,0,0,0
0,0,0.000299790146897172,0,0.00889377435794944,0,0,0,0,0.00689517337863496,0.00119916058758869,0,0,0,0.0053962226441491,0,0,0,0.0112920955331268,0,0,0,0.00099930048965724,0,0,0.0237833516538423,0,0,0.00049965024482862,0,0.000899370440691516,0,0,0.00149895073448586,0.000199860097931448,0,0.000299790146897172,0.00109923053862296,0,0,0.00659538323173778,0,0,0,0.00569601279104627,0.000699510342760068,0,0.000199860097931448,0,0,0.00189867093034876,9.9930048965724e-05,0,0,0,0,0,0,0,0.0195862895972819,0,0.00379734186069751,0,0,0,0.00279804137104027,0.0074947536724293,0.00379734186069751,0,0,0,0,0,0.0298790846407515,9.9930048965724e-05,0,0,0,0,0.00529629259518337,0,0,0.00529629259518337,0,0,0,9.9930048965724e-05,9.9930048965724e-05,0,0,0,0.000399720195862896,0,0,9.9930048965724e-05,0.00739482362346358,0,0,0,0,0.000199860097931448,0.0422704107125012,0,0,0,0,0,0.000799440391725792,0,0.00149895073448586,0,0,0,0,0,0,0,0,0.0024982512241431,0,0.0053962226441491,0,0,0,0,0.207454781652843,0,0,0,0.0476666333566503,0,0,0,9.9930048965724e-05,0.000199860097931448,0,0.00049965024482862,0,0,0,0,0,0.000899370440691516,0,0,0,0.000599580293794344,0,0,0,0.000899370440691516,0,0,0,9.9930048965724e-05,0,0.000399720195862896,0.000199860097931448,0,0.000699510342760068,9.9930048965724e-05,0,0,0,0,0,0,0,0,0,0,0,0,0,0.00049965024482862,0,0,0,0.0339762166483462,0,0,0,0,0.00229839112621165,0,0,0,0,0.000399720195862896,0,0,0.0122913960227841,9.9930048965724e-05,0,0,0,0,0,0,0,0,0.00169881083241731,0,0.00319776156690317,9.9930048965724e-05,0.000299790146897172,0,0,0,0,0.000199860097931448,0,0,0,0.00189867093034876,0,0.002897971420006,0.00229839112621165,0,0,0.00119916058758869,0.00519636254621765,0,0,0,0.000399720195862896,0,0,0,0,0,0,0,0.0343759368442091,0,0,0.000199860097931448,0.000399720195862896,0,0.0639552313380634,0,0,0.0112920955331268,0,0.000199860097931448,0.00339762166483462,0,0,0,0,0,0,0,0.00219846107724593,0,0.000699510342760068,9.9930048965724e-05,0,0.000899370440691516,9.9930048965724e-05,0,0,0,0,9.9930048965724e-05,0,0,0,0.0148895772958929,0.00529629259518337,0,0,0.14979514339962,0,9.9930048965724e-05,0,0,0,0.000299790146897172,0.159888078345158,0,0,0,0,0,0.00139902068552014,0,0,0,0.00099930048965724,0,0,0,0,0,0,0,0,0,0.00339762166483462,0
0,0,9.99600159936026e-05,0,0.0104958016793283,0,9.99600159936026e-05,0,0,0.00299880047980808,0.00269892043182727,0,0,0,0.00969612155137945,0,0,9.99600159936026e-05,0.00889644142343063,0,0.00509796081567373,0.0130947620951619,0.0039984006397441,0,0,0.109856057576969,0,0,0.000299880047980808,0,0,0,0.000299880047980808,0.00109956017592963,0,0.000699720111955218,9.99600159936026e-05,0.00329868052778888,0.00229908036785286,0,0.0191923230707717,0,0,0.00269892043182727,0.000899640143942423,0.00129948020791683,0.00219912035185926,0.000199920031987205,0,0,0.00869652139144342,0,0,0,0,0,0,0,0,0.00549780087964814,0,0.0129948020791683,0.00129948020791683,0,0,0.00479808076769292,0.0268892443022791,0,9.99600159936026e-05,0,0.000299880047980808,0,0.000199920031987205,0.0119952019192323,0,0,0,0,0,0.00759696121551379,0,0.0125949620151939,0.0112954818072771,0,0,0.00279888044782087,0,0,0,0.00499800079968013,0.00629748100759696,0,9.99600159936026e-05,0,0.00249900039984006,0.00129948020791683,0,0,0,0,0,0,0,0.00189924030387845,0,0,0.00629748100759696,0.0494802079168333,0.00209916033586565,0,0.000199920031987205,0.0038984406237505,0,0,0.00179928028788485,0,0.00159936025589764,0.00179928028788485,0.00329868052778888,0,0,0,0.0106957217113155,0,0.00039984006397441,0.0209916033586565,0,0,0,0.129248300679728,0.0100959616153539,0.00299880047980808,0,9.99600159936026e-05,0.00079968012794882,0.000199920031987205,0.00479808076769292,0,0,0.000299880047980808,0,0,0,0,0,0,0.000699720111955218,0,0,0,0.00109956017592963,0.00209916033586565,0,0,0,0,0,0,0.0176929228308677,0.00079968012794882,0,0,0,0,0,9.99600159936026e-05,0,0.000199920031987205,0,9.99600159936026e-05,0,0,0.00159936025589764,0,0,0,0,0.0078968412634946,0.0198920431827269,0,0,0,0,0,0.00079968012794882,0.00199920031987205,0,0,0.0114954018392643,0,0,0.00589764094362255,0.000199920031987205,0,0.000199920031987205,0,0,0,0,0,0,0,0,0.0582766893242703,0,0.00219912035185926,0,0,9.99600159936026e-05,0.000299880047980808,0,0,0.00499800079968013,0,0.000199920031987205,0,0,0.0106957217113155,9.99600159936026e-05,0,0,0.00499800079968013,0,0,0,0,0,0,0.00659736105557777,0,0.0214914034386245,9.99600159936026e-05,0,0,0,0.000199920031987205,9.99600159936026e-05,0,0,0.00809676129548181,0,0.00129948020791683,0,0,0,0,0,0,0,0,0.0913634546181527,0.000599760095961615,0.00209916033586565,9.99600159936026e-05,0.00909636145541783,0.000699720111955218,0,0,0.00079968012794882,0,0.00239904038384646,0.000999600159936026,0,0,9.99600159936026e-05,0,0,0.00199920031987205,0,0.00839664134346262,0.0039984006397441,0.00609756097560976,0.000899640143942423,0.000999600159936026,0,0,0,0,0.000199920031987205,0.072171131547381,9.99600159936026e-05,0,0.000999600159936026,0,0,0,0,0,0.0125949620151939,0,0,0,0,0,0.00269892043182727,0,0,0.00509796081567373,0,0.00599760095961615,0
0.000199680511182109,0,0.000798722044728434,9.98402555910543e-05,0.00788738019169329,0,0,0,0,0.00539137380191693,0.00409345047923323,0,0,0,0.0023961661341853,0.00159744408945687,0.000599041533546326,0,0,9.98402555910543e-05,0,0.0023961661341853,0,0,0,0.00159744408945687,0.000299520766773163,0,9.98402555910543e-05,0.000299520766773163,0.000898562300319489,0,0,0.00149760383386581,0,0,0.000299520766773163,0.00129792332268371,0.000998402555910543,0,0.00359424920127796,0,0,0,0.000499201277955272,0.0010982428115016,0,0,0,0,0.0274560702875399,0,9.98402555910543e-05,0.000199680511182109,9.98402555910543e-05,0,0,0,0,0.000898562300319489,0.00329472843450479,0,0,0,0,0,0.00259584664536741,0,0,0,9.98402555910543e-05,0,0,0.00169728434504792,0,0,9.98402555910543e-05,0,0,0.00499201277955272,0,0.0105830670926518,0,0,0,0,0,0,0,0,0,9.98402555910543e-05,9.98402555910543e-05,0,9.98402555910543e-05,0,0,0,0,0.000499201277955272,0,0.00728833865814696,0,0,0,0,0,0.258286741214057,0.0174720447284345,0.0115814696485623,0,0,0,0,0,0,0.0104832268370607,0.00159744408945687,0.000998402555910543,0,0.00958466453674121,0.00519169329073482,0.00189696485623003,0,9.98402555910543e-05,0.00678913738019169,0,0,0,0.127895367412141,0,0,0,0,0.00179712460063898,0,9.98402555910543e-05,0,0,0,9.98402555910543e-05,0,0.00069888178913738,0.000199680511182109,0,0,0.00139776357827476,0.000399361022364217,0,0,0,0.00549121405750799,0.000199680511182109,0.000499201277955272,9.98402555910543e-05,0,0.00229632587859425,0,0,0,0,0,0,0,0,0,0,0,9.98402555910543e-05,9.98402555910543e-05,0,0,0,0,0.000399361022364217,0,0,0,0,9.98402555910543e-05,0,0,0,0,0,0,0,0,0,0,0,0.00119808306709265,0,0,0,0,0,9.98402555910543e-05,0,0,0,0,0,0,0,0.00069888178913738,0.000199680511182109,0,9.98402555910543e-05,9.98402555910543e-05,0,0,0,0,9.98402555910543e-05,0,0.00369408945686901,0,0.00069888178913738,0,0.00329472843450479,0,0,0,0,0,0,0,0,0,0.00479233226837061,9.98402555910543e-05,0,0.000998402555910543,0,0,0,0,0,0,0,0,0,0,0,0.00169728434504792,0,0.000399361022364217,0,0,0,9.98402555910543e-05,0.0010982428115016,0,0.00299520766773163,9.98402555910543e-05,0.000599041533546326,0,0,9.98402555910543e-05,0,0,0,0,0,0,0,0.00199680511182109,0,0.337260383386581,0,9.98402555910543e-05,0.00319488817891374,0.000299520766773163,0,0,9.98402555910543e-05,0.000199680511182109,0.000399361022364217,0.0649960063897764,0,9.98402555910543e-05,0.00249600638977636,0,0,0,0,0,0,0.000399361022364217,0,0,0,0,0,0,0,0,0,0.00119808306709265,0
0,0,0,9.9930048965724e-05,0,0,9.9930048965724e-05,0,0,0,0,0,9.9930048965724e-05,9.9930048965724e-05,0.00129909063655441,0,0,0,0,0,0,0,0,9.9930048965724e-05,0,0.092335365244329,0,0,0.000299790146897172,0.00119916058758869,0,0,0,0,0,0,9.9930048965724e-05,0,0,0,9.9930048965724e-05,0,0,0.00119916058758869,0,0,0,0,0,0,0,0,0,0,0,0,0,0,0,0.000899370440691516,0,9.9930048965724e-05,0,0,0,0,0.00469671230138903,0,0,0,0.000399720195862896,0,0,0,0,0,0,0,0,0.000899370440691516,0,0,0,0,9.9930048965724e-05,0,0,0.00149895073448586,0,0,0,0.00049965024482862,0.000799440391725792,0,0,0,0,0,0,9.9930048965724e-05,0,0,0,0,0,0,0,0.253722394323973,0,0,0,0,0,0,0,0,0,0,0,9.9930048965724e-05,0,0,0,9.9930048965724e-05,0,0,0,0,0,0,0,0.000199860097931448,0,0,0,0,9.9930048965724e-05,0,0,0,0,0,0,0,0,0,0,0,0,0,0,0,0,0,0,0,0,0,0,0,9.9930048965724e-05,0,0,0,9.9930048965724e-05,0,0,0.000399720195862896,0,0,0,0,0.363945238333167,0,0,0,0,0,0,0,0,0,0,0,0,0,0,0,0,0,0,0,9.9930048965724e-05,9.9930048965724e-05,0,0,0,0,0,0,0,0,0,0,0,0,0,0,0,0,0,0,0,0,0,0,0,0,0,0,0,0,0,0,0,0,0,0,0.000599580293794344,0,0.00599580293794344,0,0,0.0136904167083042,0,0,0,0,0,0,0,0,0,0,0,0,0,0,0,0,0,0,0,0,0,0,0,0,0,0.000399720195862896,0,0,0,0,0.00049965024482862,9.9930048965724e-05,0,0,0,0.138602977915459,0,0,0.031877685620066,0,0,0,0,0,0,0.080743479564305,0,0,0,0,0,0,0,0,0.00109923053862296,0,0,0,0,0,0,0,0.000399720195862896,0,0,0,0
0,0,0,0,0.0319904028791363,0,0,0,0,0,0.00759772068379486,0,0,0,0,0,0.0157952614215735,0,0,0,0,0.0134959512146356,0,0,0,0.214135759272218,0.000599820053983805,0,0.00559832050384884,0,0,0,0,0,0,0,0.0140957712686194,0,0,0,0.00629811056682995,0,0,0,0,0,0,0,0,0,0,0,0,0,0,0,0,0,0,0.0146955913226032,0,0.00519844046785964,0.00119964010796761,0,0.000599820053983805,0,0.00429871038688393,0,0,0,0,0,0.000699790062981106,0.00919724082775168,0,0.0229931020693792,0,0,0,0.00589823053084075,0,0.00769769069279216,0,0,0,0,0.00409877036888933,0,0,0,0,0.000999700089973008,0,0,9.99700089973008e-05,0,0.000199940017994602,0,0,0,0,0,0.00199940017994602,0,0,0,0,0.0281915425372388,0.00199940017994602,0,0,0,0,0,0.000399880035989203,9.99700089973008e-05,0,0,0,0,0,0,0.00319904028791363,0,0,0.0207937618714386,0,0,0,0.157852644206738,0,0,0,0,0.00319904028791363,0,0.000299910026991902,9.99700089973008e-05,0,0,0,0,0,0,0.000299910026991902,0,0.000699790062981106,0,0,9.99700089973008e-05,0.00239928021593522,0,0,0,0,0,0,0,0.00139958012596221,0,0,0,0,0.0469859042287314,0,0,0,0,0,0,0,0,0,0,0,0,0,0,0,0,0,0,0,0,0,0,0,0,0,0,0,0.00309907027891633,0.000199940017994602,0,0,0,0,0,0,0,0,0,0,0.0274917524742577,0,0.0184944516645007,0,0,0.000299910026991902,0,0,0,0,0,0.00239928021593522,0,0.0411876437068879,0.00239928021593522,0,0,0,0,0,0,0,0,0,0,0.00259922023392982,0,0.0136958912326302,0,0,0.0365890232930121,0,0,0,0.00179946016195141,0,0.00129961011696491,0,0,0,0.00219934019794062,0,0.00259922023392982,0,0,0,0,0,0,0,0,0.000999700089973008,0,0,0,0.000799760071978406,0,0.000699790062981106,0,0,0.000299910026991902,0,0,0,0,0,0.000799760071978406,0,0,0.00749775067479756,0,0,0,0,0,0,0.151654503648905,0,0,0.0203938818354494,0,0,0,0,0.000599820053983805,0,0,0,0,0,0,0.00209937018894332,0,0.000299910026991902,0,0,0,0
0,0,0,0,0,0,0,0,0,0,0,0,0,0,0.00179946016195141,0,0,0,0,0,0,0,0,0,0,0.236828951314606,0,0,0.00249925022493252,0.00169949015295411,0,0,0,0.000499850044986504,0,0,0.00149955013495951,0,0,0,0,0.000599820053983805,0,0,0,9.99700089973008e-05,0,0,0,0,0,0,0,0,0,0,0,0,0,0.0191942417274818,0,0.00309907027891633,0.000399880035989203,0,0,0,0,0,0,0,0.000999700089973008,0,0,0.00239928021593522,0,0.000699790062981106,0,0,0,0,0,0.00679796061181645,0,0,0,0.00179946016195141,0,0,0,0.00169949015295411,0,0.000499850044986504,0.00169949015295411,0,0,0,0,0,0.000599820053983805,0,0,0,0,0,0,0,0.00429871038688393,0.13186044186744,0,0,0,0,0,0.301809457162851,0,0,0,9.99700089973008e-05,9.99700089973008e-05,0,0,0,0,0.000399880035989203,0.00349895031490553,0,0,0,0,0,0,0,0,0.000299910026991902,0,0,0.00209937018894332,0,0,0,0,0,0,0,0,0,0,0,0,0,0.00109967009897031,0,0,0.00269919024292712,0,0,0,0,0.00189943017094872,0,0,0,0,0,0,0,0,0,0,0,0,0,0.000299910026991902,0,0,0,0,0.0130960711786464,0,0,0,0,0,0,0,0,0,0,0,0,0,0.0144956513046086,0,0,0,0.000199940017994602,0,0,0,0,0,0,0,0,0,0.0532840147955613,0.000299910026991902,0,0.000799760071978406,0.000199940017994602,0,0,0,0,0,0,0,0,0,0.00189943017094872,0,0,0,0,0,0,0,0,0.000999700089973008,0,0.00709787063880836,0,0,0,0,0,0,0,0,0.00189943017094872,0,0,0,0,0,0,0,0,0,0,0.00759772068379486,0,0,0,0,0,0.00199940017994602,0,0,0,0,0,0,0,0.000599820053983805,0,0,0,0,0.00199940017994602,0,0,0.00809757072878137,0,0.000199940017994602,0,0,0,0,0.115365390382885,0,0,0.000199940017994602,0,0,0,0,0,0.00589823053084075,0,0,0,0,0,0.0278916325102469,0,0,0,0,0,0
0,0,0.0001000100010001,0,0,0,0,0,0,0.0001000100010001,0,0,0,0,0.0027002700270027,0,0,0,0,0,0,0,0,0,0,0.0143014301430143,0,0,0.0076007600760076,0,0,0,0,0.0028002800280028,0,0,0.0003000300030003,0,0,0,0,0,0,0,0,0.0429042904290429,0,0,0,0,0,0,0,0,0,0,0,0.0002000200020002,0,0.0104010401040104,0.0003000300030003,0,0,0,0,0,0,0,0,0,0,0,0,0,0,0,0,0,0,0,0,0,0,0,0,0.0002000200020002,0.0004000400040004,0,0,0,0,0,0.445644564456446,0,0,0.0009000900090009,0.0003000300030003,0,0,0,0,0.0004000400040004,0.0037003700370037,0,0,0,0.037003700370037,0.0474047404740474,0,0,0,0,0,0,0,0,0,0,0.0176017601760176,0,0,0,0,0.0001000100010001,0.0028002800280028,0,0,0,0,0,0.0044004400440044,0.0162016201620162,0,0.0001000100010001,0.0001000100010001,0,0.0016001600160016,0,0.0096009600960096,0,0.0058005800580058,0.0001000100010001,0,0,0,0,0.0007000700070007,0,0,0,0.0057005700570057,0,0,0,0.0001000100010001,0,0,0.0001000100010001,0,0,0,0,0,0,0,0,0,0,0,0,0,0,0,0,0,0,0.0008000800080008,0,0,0,0,0,0,0,0,0,0,0,0,0.0003000300030003,0,0,0.0015001500150015,0,0,0,0,0,0,0,0,0,0,0,0,0.0003000300030003,0,0,0.0003000300030003,0.0023002300230023,0,0,0,0,0,0,0,0,0.047004700470047,0,0,0,0,0,0,0,0,0,0,0,0,0,0.0002000200020002,0.0001000100010001,0,0,0,0,0.0008000800080008,0.0002000200020002,0,0,0,0,0,0,0,0.0006000600060006,0,0,0,0,0,0,0.0008000800080008,0.0014001400140014,0,0,0,0,0.0001000100010001,0,0,0.0003000300030003,0,0,0,0,0,0.0001000100010001,0.0003000300030003,0,0.106410641064106,0,0,0,0.0001000100010001,0,0,0.118011801180118,0,0,0.0324032403240324,0,0,0,0,0,0,0,0,0,0,0,0,0,0.0018001800180018,0,0,0.0012001200120012,0
0,0,0,0,0,0,0,0.00440088017603521,0,0,0,0,0,0.0003000600120024,0.00320064012802561,0,0,0,0,0,0.00590118023604721,0.00420084016803361,0,0,0,0,0,0,0.014502900580116,0,0,0,0,0,0,0,0,0,0,0,0,0,0.0853170634126825,0,0,0,0,0,0,0,0,0,0,0,0,0,0.0003000600120024,0,0,0.0112022404480896,0,0,0,0,0.0374074814962993,0,0.0213042608521704,0,0,0,0,0,0,0,0,0,0,0,0,0,0,0,0,0,0.00850170034006801,0,0,0,0,0,0,0,0,0,0,0,0.00870174034806961,0,0,0,0,0,0,0,0,0,0,0.168933786757351,0.0107021404280856,0,0,0,0,0.00630126025205041,0,0,0,0,0.0625125025005001,0,0.0003000600120024,0,0.0003000600120024,0,0.010502100420084,0.0147029405881176,0,0,0,0,0,0.156531306261252,0,0,0,0,0.00320064012802561,0,0,0,0.00360072014402881,0,0.000600120024004801,0.0002000400080016,0,0,0,0,0,0,0.0028005601120224,0,0,0,0,0,0.0012002400480096,0.0001000200040008,0,0,0,0,0,0,0,0,0,0,0,0,0,0,0.0001000200040008,0,0,0,0,0,0,0.0003000600120024,0,0,0,0,0,0,0,0,0,0,0,0.0546109221844369,0,0.0001000200040008,0,0,0,0,0,0,0.0018003600720144,0,0,0,0,0.0512102420484097,0,0,0.0001000200040008,0,0,0,0,0,0,0,0.00920184036807361,0,0,0,0,0,0,0,0,0,0,0,0,0,0.0313062612522505,0,0,0.0447089417883577,0,0,0,0,0,0,0,0,0,0,0,0,0,0,0,0,0,0,0,0,0,0,0,0,0,0,0.0003000600120024,0,0,0,0,0,0,0,0,0.03000600120024,0,0,0.00780156031206241,0,0,0,0.0002000400080016,0,0,0.00250050010002,0,0,0.091618323664733,0,0,0,0,0,0,0,0,0,0,0,0,0,0.000500100020004001,0,0,0.0259051810362072,0
0,0,0,0,0.00619380619380619,0,0,0,0,0.00779220779220779,0,0,0,0,0.0001998001998002,0,0.0002997002997003,0,0,0,0,0.0131868131868132,0.000599400599400599,0,0,9.99000999000999e-05,0.0010989010989011,0,9.99000999000999e-05,0,0.00579420579420579,0,9.99000999000999e-05,0.0028971028971029,0,0,9.99000999000999e-05,0.0044955044955045,0.0023976023976024,0,0.0020979020979021,0,0,0.00969030969030969,0.0004995004995005,0.00599400599400599,0,0,9.99000999000999e-05,0,0.0017982017982018,0,0,0,0,0,0,0,0,0.0184815184815185,0,0.00539460539460539,0,0,0,0.0010989010989011,0.00959040959040959,0.0003996003996004,0.0001998001998002,0.003996003996004,0.0011988011988012,0,0.0020979020979021,0.0243756243756244,0,0,0,0,0,0.0308691308691309,0,0.00609390609390609,0,0.000799200799200799,0,9.99000999000999e-05,0.002997002997003,9.99000999000999e-05,0.0020979020979021,0.0174825174825175,0,0,0,0,0.0004995004995005,0,0,0,0.0246753246753247,0,9.99000999000999e-05,0,0.001998001998002,0,0.004995004995005,0,0.0032967032967033,0.000999000999000999,0.000799200799200799,0,0,0,0,0.0741258741258741,0,9.99000999000999e-05,0,0,0.0043956043956044,0,0,0,0.0012987012987013,0,0.0003996003996004,0.0604395604395604,0,0,0,0.069030969030969,0.00659340659340659,0,0,0,0.0012987012987013,9.99000999000999e-05,9.99000999000999e-05,0,0,0,9.99000999000999e-05,0,0,0,0,0,0,0,0,0,0.000999000999000999,0,0,0,9.99000999000999e-05,0,0,0,0,0.0018981018981019,0,0,0,0.188311688311688,0,0,0,0,0,0,0,0,9.99000999000999e-05,0,0,0,0,0.0215784215784216,0.00959040959040959,0,0,0,0,0,0,0,0,0.00579420579420579,0,0,0,0.0181818181818182,0,0,0,0,0,0,0,0,0,0,0,0,0,0.0001998001998002,0.0002997002997003,0,9.99000999000999e-05,9.99000999000999e-05,0.0003996003996004,0,0,0,0.0028971028971029,0,0,0,0,0,0,0.00569430569430569,0,0,0,9.99000999000999e-05,0.0216783216783217,0,0.023976023976024,0,0.00929070929070929,0,0,0.0040959040959041,0,0,0,0,9.99000999000999e-05,9.99000999000999e-05,0,0.000799200799200799,0,0,9.99000999000999e-05,0.0027972027972028,0,0,0,0,0.0022977022977023,0,0,0,0.000599400599400599,9.99000999000999e-05,0.000699300699300699,0,0.0003996003996004,0,0.000599400599400599,0,0,9.99000999000999e-05,0,0,0,0,0,9.99000999000999e-05,0,0.0030969030969031,0.0023976023976024,0,9.99000999000999e-05,0,0.0003996003996004,0,0,0.180919080919081,0,0,0.0142857142857143,0,0,9.99000999000999e-05,0,9.99000999000999e-05,0,0.0022977022977023,0,0,0,0,0.0170829170829171,0,0.000699300699300699,0,0,0.00609390609390609,0
0,0,0.000199920031987205,0.00039984006397441,0.0164934026389444,0,0,0,0,0.00239904038384646,0.00429828068772491,0,0,0,0.000499800079968013,0,0.0100959616153539,0,0,0.000199920031987205,0,0.0191923230707717,0,0,0.00819672131147541,0.00519792083166733,0,0.00079968012794882,0,0,0.00809676129548181,0.000299880047980808,0,0.0039984006397441,0,0,0,0.00649740103958417,0.00159936025589764,0,0.00349860055977609,0.00249900039984006,0,0,0.00359856057576969,0.000199920031987205,0,0.00039984006397441,0,0,0,0,0,0,0.00079968012794882,0,0,0,0,0.0340863654538185,0.0108956417433027,0.0144942023190724,0,0,0,0.00369852059176329,0.00129948020791683,0.000499800079968013,0,0,0.00229908036785286,0,0,0.0227908836465414,0,0,0.000299880047980808,0,0,0.0396841263494602,0,0.00939624150339864,0,0,0,0,0,0,0.00149940023990404,0,0,0,9.99600159936026e-05,0,0,0,0,0,0.000599760095961615,0,0,0,0,0,0.00459816073570572,9.99600159936026e-05,0,0.0590763694522191,0.0157936825269892,0.00149940023990404,0,0,0,0.00839664134346262,0.000499800079968013,0,0,0,0.0151939224310276,0.000199920031987205,0.0076969212315074,0,0.00079968012794882,0,0.00209916033586565,0.0888644542183127,0,0,0,0.095061975209916,0.00259896041583367,9.99600159936026e-05,0,0,0,0,9.99600159936026e-05,0,0,0,9.99600159936026e-05,0,0.00129948020791683,0,0,0,0.00239904038384646,0.00259896041583367,0,0,0.00109956017592963,0,0,0.00449820071971212,0,0.000199920031987205,0,0,0,0,0,0,0,0,0,0,0,0,0,0,0.00229908036785286,0,0,0,0,0,0,0,0.023890443822471,0,0,0,0,0,0.00039984006397441,0,0,0,0,0,0.00319872051179528,0.0104958016793283,0,0.00109956017592963,0.000699720111955218,0,0,0,0,0,0,0,0,0.00409836065573771,0,0.00439824070371851,0,0,0,0,0.000499800079968013,0,0.000199920031987205,0.000299880047980808,0.00229908036785286,0,0.0102958816473411,0.00689724110355858,0.00199920031987205,0,0,0,0,0,0,0,0,0,0.00459816073570572,0.00039984006397441,0,0,0,0.0209916033586565,0,0,0.00329868052778888,0,0,0,9.99600159936026e-05,0,0.0078968412634946,0,0,0,0,0.0037984806077569,0,0,0,0,0.00109956017592963,0,0.00269892043182727,0.00229908036785286,0.00169932027189124,0,0.000999600159936026,0.0146941223510596,0.00179928028788485,0,0,0,0,0,0,0,0,0.00039984006397441,0,0,0.000499800079968013,0,0,0,0,0,0.00139944022391044,0.246201519392243,9.99600159936026e-05,0,0.0159936025589764,0,0,0,0,0,0.00619752099160336,0.00589764094362255,0,0,0,0,0.00449820071971212,0,0.00229908036785286,0.00249900039984006,0,0.0185925629748101,0
0.0001999800019998,0,0,9.99900009999e-05,0,0,0,0,0,0.000999900009999,0,0,0,0,0.0016998300169983,0,0,0,0,0,0.0138986101389861,0.0010998900109989,0,0,0,0,0,0.0001999800019998,0.0016998300169983,0.0131986801319868,0,0,0,0,0,0,0,0,0,0,0,0,0,0,0,0,0,0,0,0,0,0,0,0,0,0,9.99900009999e-05,0,0,0,0,0,0,0,0,0,0,9.99900009999e-05,0,0,0,0,0,0,0.0001999800019998,0,0,0,0,0.0030996900309969,0,0,0,0,0,0,0,0.0073992600739926,0,0,0,0.0116988301169883,0,0.0073992600739926,0,0,0,0,0,0,0,0.0034996500349965,0,0,0,0,0,0,0,0,0,0,0,0.0815918408159184,0,0,0.0204979502049795,0,0,0.0017998200179982,0,0,0.0208979102089791,0,0.382261773822618,0,0,0,0,0,0,0.0252974702529747,0,0.063993600639936,0,0,0.0015998400159984,9.99900009999e-05,0,0,0.0001999800019998,0,0,0,0,0,0,0.0001999800019998,0,0.0013998600139986,0,0,0,0,0,0,0,0,0,0,0,0.0002999700029997,0,0,0,0,0,0,0,0,9.99900009999e-05,0,0,0,0,0,0,0,0.107389261073893,0,0,0,0,0,0,0.0001999800019998,0,0,0,0,0,0,0.0008999100089991,0,0,0,0,0,0,0,0,0,0,0,0.0068993100689931,0.0027997200279972,0,0,0,0,0,0,0,0,0,0,0.0073992600739926,0,0,0,0,0,0,0,0,0,0,0,0,0,0,0,0.0011998800119988,0,0.0090990900909909,0,0,0.0005999400059994,0,0,0,0,9.99900009999e-05,0,0,0,0,0.0001999800019998,0,0.0002999700029997,0,0,0.0024997500249975,0,0,0,0.0002999700029997,0,0,0,0,0,0,0,0,0,0,0,0.0011998800119988,0,0,0,0,0,0,0,0.18958104189581,0.0002999700029997,0,0,0,0,0,0,0,0,0,0,0,0.0020997900209979,0,0,0,0,0,0,9.99900009999e-05,0,0,0,0
0,0,0.000399920015996801,0,0.00759848030393921,0,0.001499700059988,0,0,0.00579884023195361,0.0018996200759848,0,0,0.000699860027994401,0.000799840031993601,0,0,0,0,0.0001999600079984,0,0.0243951209758048,0,0,0.00449910017996401,0.0654869026194761,0,0,0.000499900019996001,0,0,0,0,0.0017996400719856,9.99800039992002e-05,0,0,0,0.0020995800839832,0,0.00529894021195761,0,0,9.99800039992002e-05,0.00369926014797041,0.00839832033593281,0,0,0,0,0.00339932013597281,0,0,0,9.99800039992002e-05,0,0,0.000999800039992002,0,0.0431913617276545,0,0,0,0,0,0.0001999600079984,0.0227954409118176,0.00879824035192961,0,0,0,0,0,0.0018996200759848,0.0001999600079984,0,0,0,0,0.00359928014397121,0,0.00599880023995201,0,0,0,0,0,0,0,0,0,0.0011997600479904,9.99800039992002e-05,0,9.99800039992002e-05,0,0,0,0.000799840031993601,0,0.000399920015996801,0,0,0,0,0,0,0.00969806038792242,0.00559888022395521,0,0.00339932013597281,0,0,0,0,0,0,0.000399920015996801,0.00449910017996401,0,0,0,0.0286942611477704,0,0.000799840031993601,0.0580883823235353,0,0,0,0.0861827634473105,0.0017996400719856,0,0.000599880023995201,0,0,0,9.99800039992002e-05,0,0,0,0,0,0.0028994201159768,0,0.000799840031993601,0,0,0,0,0,0,0,0,0,0,0,0,0,0.000499900019996001,0.0025994801039792,0,0,0,0.0226954609078184,0,0,0.0001999600079984,9.99800039992002e-05,0,9.99800039992002e-05,0,0,0,0.0001999600079984,0,0,0,0.000899820035992801,0.0591881623675265,0,0.0001999600079984,0,0,0,0,0,0,0,0,0,0,0.00509898020395921,0.0001999600079984,0,0.0013997200559888,0,0,0,0,0,0,0,0,0,0,0.0121975604879024,0,0,0,0.0011997600479904,0,0,0,0.0002999400119976,0.000899820035992801,0,0.0393921215756849,0,9.99800039992002e-05,0.0002999400119976,0,0,0,0,0,0,0,0,0.0010997800439912,0,0,0,0,0.125074985002999,0,0,0,0,0,0.0001999600079984,0,0,0,0,0,0,9.99800039992002e-05,0.0001999600079984,0,0,0,0,0,0,0,0.0002999400119976,0.0002999400119976,0,0,0.0002999400119976,0.000399920015996801,0.002999400119976,0,0,0,0,0,0,0.0023995200959808,0,0,0,0.0922815436912617,0,0,0,0,0,0,0.162667466506699,0,0,0.0118976204759048,0,0,0,0,9.99800039992002e-05,0.000499900019996001,0.0001999600079984,0,0,0,0,0,0,0.000699860027994401,0.0001999600079984,0,0.0152969406118776,0.0023995200959808
0,0,0,9.9930048965724e-05,0,0,9.9930048965724e-05,0,0.00859398421105226,0,0,0,0,0.0271809733186769,0,0,0,0,0,0,0,0.00579594284001199,0,0.000199860097931448,0,0.281403017887479,0,0,0.000199860097931448,0,0.0237833516538423,0,0,0.0247826521434996,0.000199860097931448,0.00129909063655441,0.00049965024482862,0.0215848905765964,0,0,0,0,0,0.00489657239932048,0,0.0112920955331268,0,0,0,0,0,9.9930048965724e-05,0,0,0,0,0,0,0.000199860097931448,0,0,0.00419706205656041,9.9930048965724e-05,0,0.00159888078345158,0,0.0117917457779554,0,0.000199860097931448,0,0.00779454381932647,0,0,0,0,0,9.9930048965724e-05,0,0,0,0,0,0,0,0.000599580293794344,0,0,0,0,0.002897971420006,0.0286799240531628,0.00439692215449186,9.9930048965724e-05,0,0,0,0,0,0.00739482362346358,0,0,0,0,0,9.9930048965724e-05,0,0.013390626561407,0.0163885280303787,0,0,0,0,9.9930048965724e-05,0,0,0,0,0.000299790146897172,0,9.9930048965724e-05,0,0,0,0,0.0136904167083042,0,0.00879384430898371,0,0,0,0.000399720195862896,0,0,0,0,0,0.0192864994503847,0,0,0,0,0,0,0,0,0,0,0,0,0,0.000799440391725792,0,0.00549615269311482,0,9.9930048965724e-05,0,0,0,0.000799440391725792,0.0161886679324473,0.000399720195862896,0,0,0,0,0,0,0,9.9930048965724e-05,0,0,0,0,9.9930048965724e-05,0,0.00219846107724593,0,0.0250824422903967,0.0591585889877086,0,0,0,0,0,0,0,9.9930048965724e-05,0,0,0,0,0.0192864994503847,0,0,0.00129909063655441,0,0,9.9930048965724e-05,0,0,0,0,0,0,0,0,0,0,0,9.9930048965724e-05,0,0,0,0,0,0,0,0.0095932847007095,0,0,0,0.00099930048965724,0,0,9.9930048965724e-05,0,0,0,0.00659538323173778,0.000799440391725792,0.026081742780054,0,0,0.00489657239932048,0,0,0,0,0,0,0,0,0,0,0,0,0,0,0,0,0.00819426401518937,0,0,0,0,0,0,0,0,0,0,0,0,0,0,0,0,0.00189867093034876,0,0.000199860097931448,0,0,0.00699510342760068,0,9.9930048965724e-05,0,0,0,0.000299790146897172,0.172179474367942,0,0,0.0529629259518337,0,0,0,0,0,0.00679524332966923,0.00329769161586889,0,0,0,0,0.00319776156690317,0,9.9930048965724e-05,0,0,0.00879384430898371,0
0,0,0,0,0,0,9.99000999000999e-05,0.0017982017982018,9.99000999000999e-05,0,9.99000999000999e-05,9.99000999000999e-05,9.99000999000999e-05,0,9.99000999000999e-05,0,0.0022977022977023,0,0,0,0.0026973026973027,0.0011988011988012,0,0.0001998001998002,0,0.0523476523476523,0.0001998001998002,0,9.99000999000999e-05,0,0.002997002997003,0,0,0.00819180819180819,0,0,0.0002997002997003,0.00569430569430569,0,0,0,0,0,0.003996003996004,0,0.011988011988012,0,9.99000999000999e-05,0,0,0.0002997002997003,0,0,0,0.000899100899100899,9.99000999000999e-05,0,0.0001998001998002,0,0.0142857142857143,0,0,9.99000999000999e-05,0,0,0.00599400599400599,0.0017982017982018,0.0032967032967033,0,0.0471528471528472,0.000699300699300699,9.99000999000999e-05,0,0.000699300699300699,0,0,0,0,0,0.0244755244755245,0,0.0001998001998002,0.031968031968032,0,0.000699300699300699,0.0003996003996004,0.00949050949050949,0,9.99000999000999e-05,0.0037962037962038,0,0.0002997002997003,0.0003996003996004,0,0,0,0,0,0.00679320679320679,0,0,0,0,0,0.0001998001998002,9.99000999000999e-05,9.99000999000999e-05,0.0512487512487513,0,0.0248751248751249,0,0,0,0.00589410589410589,0,0,0,9.99000999000999e-05,0.0026973026973027,0,0,0,0.0003996003996004,9.99000999000999e-05,0.0042957042957043,0.0669330669330669,0,0,0,0,0.0035964035964036,0.00849150849150849,0,9.99000999000999e-05,0,0,9.99000999000999e-05,0,0,0,0.0047952047952048,0,0,0,0,0,0.0017982017982018,0,0,9.99000999000999e-05,0.0017982017982018,0.0004995004995005,0,0.0015984015984016,9.99000999000999e-05,0,0.0022977022977023,0,0.0106893106893107,0.0040959040959041,0,0,0,0.0947052947052947,0,0,0,0,0,0,0.000699300699300699,9.99000999000999e-05,9.99000999000999e-05,0.0012987012987013,9.99000999000999e-05,0,0,0.000699300699300699,0.0163836163836164,9.99000999000999e-05,0.0001998001998002,0,0,0,0.000699300699300699,0,0,0,0,0,0.0167832167832168,0.0017982017982018,9.99000999000999e-05,0.0031968031968032,0,0,0,9.99000999000999e-05,0,0,0,0,0,0.0004995004995005,0,0.0017982017982018,0,0,0,9.99000999000999e-05,0,0,0.0003996003996004,0.0001998001998002,0.0025974025974026,9.99000999000999e-05,0.010989010989011,9.99000999000999e-05,0.0017982017982018,0.0016983016983017,9.99000999000999e-05,0,0,0,0,0.0001998001998002,0.0003996003996004,0,0.000599400599400599,0.000699300699300699,0.00729270729270729,0,9.99000999000999e-05,0.0308691308691309,0,0,0.0003996003996004,0,0,0,0,0,0,0,0.0002997002997003,0,0,9.99000999000999e-05,0,0.0002997002997003,0.004995004995005,0,0.000699300699300699,0,0.000999000999000999,9.99000999000999e-05,0.0022977022977023,0,0,0.0045954045954046,0.0033966033966034,0,0,0.0001998001998002,0,0,9.99000999000999e-05,0,9.99000999000999e-05,0.0048951048951049,0.000599400599400599,0.003996003996004,0.00999000999000999,0,9.99000999000999e-05,0,9.99000999000999e-05,0.0001998001998002,0.0001998001998002,0.272527472527473,0,0,0.0011988011988012,0,0,0,0,0,0.0228771228771229,0.0023976023976024,0,0,0,0,0.0021978021978022,0.0003996003996004,0.00629370629370629,0,0,0.00989010989010989,0
0,0.0163950814755573,0,0.00169949015295411,0,0,0.0148955313405978,0,0,0,0,0,0,0,0.000699790062981106,0,0,0,0,0,9.99700089973008e-05,0.00329901029691093,0,0.000499850044986504,0,0.247225832250325,0,0,0,0.00159952014395681,0.00289913026092172,0.0576826951914426,0,0,0,0,0,0,0.000199940017994602,0,0,0,0,0.0101969409177247,0,0,0,0,0.000499850044986504,0,0.000599820053983805,0,0,0,0,0,0,0,0,0,0,0,0,0,0,0,0.00289913026092172,0,0,0.0365890232930121,0.00569829051284615,0,0,0,0,0,0,0,0,0.00359892032390283,0,0,0,0,0,0.000199940017994602,0,0,0,0,0.0666799960011996,0.00179946016195141,0,0,0,0,0,0,0,0,0,0,0,0,9.99700089973008e-05,0,0,0.0100969709087274,0,0,0,0,0.0171948415475357,0.00279916025192442,0,0,0,0,0.000299910026991902,0,0,0,0,0.0243926821953414,0,0,0,0,0,0,0,0,0,0,0,0,0,0,0,0,0.000399880035989203,0,0,0,0,0,0,0,0,0,0.000499850044986504,0,0,0,0,0,0,0,0,0.00579826052184345,0,0,0,0,0,0,0,0,9.99700089973008e-05,0,0.000299910026991902,0,0.0138958312506248,0,0,0,0,0.000999700089973008,0.00469859042287314,0,0,0,0,0,0,0,0,0,0,0,0,0.0131960411876437,0,0,0,0,0,0,0,0,0,0,0,0.0136958912326302,0,0.000899730080975707,0,0,9.99700089973008e-05,0,0,0,0,0,0.000699790062981106,0,0.00649805058482455,0,0,0,0,0,0,0,0,0.00379886034189743,0,0,0.000399880035989203,0,0,0,0,0.0474857542737179,0,0,0,0,0,0.000399880035989203,0,0,0,0,9.99700089973008e-05,0.00469859042287314,0,0,0,0,0,0,0,0,0.000299910026991902,9.99700089973008e-05,9.99700089973008e-05,0,0,0.00689793062081376,0,0,0,0.000299910026991902,0,0,0,0,0.00259922023392982,0.0732780165950215,0,0,0.053184044786564,0,0,0,0,0,0,0.199840047985604,0,0,0,0,0,0,0,0,0,0,0,0,0,0,0.00159952014395681,0,0.00619814055783265,0,0,0.00609817054883535,0
0.00329868052778888,0,0,0,0.00599760095961615,0,0.00139944022391044,0,0,0,0,0,0,0,0.0076969212315074,0.00259896041583367,0.0108956417433027,0,0,0,0,0,0.00129948020791683,0,0,0.242103158736505,0.000999600159936026,0,0.000299880047980808,0,9.99600159936026e-05,0,0,0,0,0,0.000599760095961615,0.00329868052778888,0.00159936025589764,0,0.00629748100759696,0,0,0,0.00719712115153938,0,0,0,0,0,0,0,0,0,0,0,0,0,0,0,0,0.00759696121551379,0.00249900039984006,0,0,0,0,0.000899640143942423,0,0.00969612155137945,0,0,0.000299880047980808,0,0,0,0.000199920031987205,0,0,0,0,0,0,0,0,0,0,0,0.00219912035185926,0,0.000899640143942423,0.000199920031987205,9.99600159936026e-05,0,0,0,0,9.99600159936026e-05,0,0,9.99600159936026e-05,0,0,0,0.00119952019192323,0,0,0.000599760095961615,0.00949620151939224,0.00139944022391044,0,0,0,0,0,0,0,0,0,0.000499800079968013,0,0,0.00299880047980808,0,0,0,0,0,0,0.0681727309076369,0,0,0,9.99600159936026e-05,0,0,0.00189924030387845,9.99600159936026e-05,0,0,9.99600159936026e-05,0,0,0,0,0,0,0,0,0,0,0,0,0,9.99600159936026e-05,0,0,0,0,0,0.000899640143942423,0,0,0,0,0,0,0,0,0,0,0,0.0105957616953219,9.99600159936026e-05,0,0,0,0,0,0,0,0,0,0,0,0,0,0,0,0,0,0,0,0.00159936025589764,0,0,0.00039984006397441,0,0,0,0,0,0,0,0,0.000499800079968013,0,0,0.00039984006397441,9.99600159936026e-05,0,0,0,0,0,0,0.00549780087964814,0,0,0,0,0,0,0,0.000299880047980808,0,0,0,0,0,0,0,0,0.014594162335066,0,0,0,0,0,0,0,0,0.0171931227508996,0,0,0,0,0,0,0,0,0,0,0,0,0,0.00169932027189124,0,0,0,0,0,0,0.00039984006397441,0,0,0.00079968012794882,0,0,0.00209916033586565,0,0,0.0730707716913235,0,0,0,0,0,0.00149940023990404,0.382746901239504,0,0,0,0,0.0590763694522191,0.00199920031987205,0,0,0,0,0,0,0,0,0.00639744102359056,0,0.000599760095961615,0,0,0.0102958816473411,0
0.000299820107935239,0,0.000199880071956826,0,0.00819508295022986,0,0,0,0,0.00959424345392764,0.00259844093543874,0,0,0,0.00299820107935239,0,0.0114931041375175,0,0,9.9940035978413e-05,0,0.0175894463322007,0,0,0,0.128522886268239,0,0,0.000399760143913652,0.00169898061163302,9.9940035978413e-05,0,0,0.00689586248251049,0,0,0.000299820107935239,0.0022986208275035,0.004597241655007,0,0,0,0,0,0.00119928043174096,9.9940035978413e-05,0,0,0,0,0.00579652208674795,0,0,0.000799520287827304,9.9940035978413e-05,0,0,0,0,0.00109934039576254,0,0.000399760143913652,0.00119928043174096,0,0,0,0.000599640215870478,0.000899460323805717,0,0.000899460323805717,0,0.000499700179892065,0.0022986208275035,0.0110933439936038,0,0,0.000299820107935239,0,0,0.00149910053967619,0,0.00979412352588447,9.9940035978413e-05,0,0,0,0,0,0.00299820107935239,0.0174895062962223,0,0.000199880071956826,0.00249850089946032,0,9.9940035978413e-05,0,0,0,0.000199880071956826,0,0,0,0.00269838097141715,0,0,0,0.00169898061163302,0.00779532280631621,0,9.9940035978413e-05,0,9.9940035978413e-05,0,0,0,0,0,0.00349790125924445,0.00139916050369778,0,0,0,0.0189886068358985,9.9940035978413e-05,0.00609634219468319,0.192784329402359,0,0,0,0.0829502298620828,0.00189886068358985,0.000199880071956826,0,0,0.00409754147511493,0,9.9940035978413e-05,0,0,0,9.9940035978413e-05,0,0,0,0.0126923845692584,0,0,0.000499700179892065,0,0,0.000899460323805717,0,0,0,9.9940035978413e-05,0,0.00339796122326604,0,0,0,0,0,0,0.0359784129522287,0,0,0,0,0,0,0,0,9.9940035978413e-05,0,0,0,0,9.9940035978413e-05,0,0.000399760143913652,0,0,0,0,0.00169898061163302,0,0,0,0,0,0,0.004597241655007,0,0,0,0,0,9.9940035978413e-05,0,0,0.000699580251848891,0,0,0,0,0.00319808115130921,0,0,0,0.00179892064761143,0,0,0,0.000299820107935239,0.000599640215870478,0,0.00199880071956826,9.9940035978413e-05,0.0224865080951429,0,9.9940035978413e-05,0,0,0,0,0,0.000599640215870478,0,0,0,0,9.9940035978413e-05,0,0.0503697781331201,0,0,0,0,0,0.000499700179892065,0,0,0,0,0,0,0,0,0,0,0,0,0,0,0.000199880071956826,0.000399760143913652,0,0.000399760143913652,0.000799520287827304,0.000199880071956826,0,0,0,0.000499700179892065,0,0,0,0,0,0.0061962822306616,0.000799520287827304,0.000299820107935239,0.00639616230261843,0,0,0,0,0,0,0.23485908454927,0,0,0.00509694183489906,0,0,0,0,0,0,0.000399760143913652,0,0,0,0,0.000999400359784129,0.00109934039576254,0.00149910053967619,0,0,0.0117929242454527,0
0,0,0.0035003500350035,0.0041004100410041,0,0,0.0007000700070007,0,0,0,0,0,0,0,0,0,0,0,0,0,0,0.0077007700770077,0,0.0011001100110011,0,0,0,0,0,0.0033003300330033,0.0002000200020002,0,0,0.0016001600160016,0,0,0.0078007800780078,0.0005000500050005,0,0.0001000100010001,0,0,0,0.0226022602260226,0,0.0595059505950595,0,0,0,0,0.0009000900090009,0,0,0,0,0,0,0,0,0.0269026902690269,0.0009000900090009,0,0,0.0034003400340034,0,0,0.0057005700570057,0,0,0,0,0,0,0.0095009500950095,0,0,0,0,0,0.0188018801880188,0,0,0.0002000200020002,0,0,0,0,0,0,0,0,0,0.0001000100010001,0,0,0,0,0,0,0,0,0.0187018701870187,0,0,0,0,0,0.0036003600360036,0,0.0089008900890089,0,0,0,0,0,0.0002000200020002,0,0.0001000100010001,0.0104010401040104,0,0,0,0,0.0002000200020002,0.0171017101710171,0,0,0.0039003900390039,0,0,0,0,0,0.0001000100010001,0,0,0.0009000900090009,0,0,0,0.002000200020002,0,0,0,0,0,0.0037003700370037,0,0,0,0.0032003200320032,0,0,0.0009000900090009,0.0002000200020002,0,0,0,0,0.0126012601260126,0,0,0,0.0009000900090009,0,0,0,0,0,0,0.0016001600160016,0,0.0044004400440044,0,0,0,0,0,0.0004000400040004,0.0004000400040004,0,0,0,0,0.0018001800180018,0,0,0,0,0,0.0001000100010001,0.0241024102410241,0,0,0,0,0,0,0,0,0,0,0,0.0004000400040004,0,0.002000200020002,0.0001000100010001,0,0,0.0008000800080008,0,0,0,0,0,0,0,0.0503050305030503,0.0031003100310031,0,0,0.0228022802280228,0,0,0,0,0,0,0,0.0003000300030003,0,0.0022002200220022,0,0.0298029802980298,0,0,0,0.0069006900690069,0,0.001000100010001,0.0003000300030003,0,0,0,0.0003000300030003,0,0,0,0,0,0,0,0.0061006100610061,0,0.0262026202620262,0.0036003600360036,0,0,0,0,0,0,0,0.0029002900290029,0,0,0,0,0,0.0061006100610061,0,0.0136013601360136,0.1999199919992,0,0.0002000200020002,0.0003000300030003,0,0.0003000300030003,0,0.253325332533253,0.0001000100010001,0,0.0287028702870287,0,0,0,0,0,0.0009000900090009,0.0085008500850085,0,0,0.0026002600260026,0,0,0,0.0268026802680268,0,0,0,0
0,0,0,0,0.0427615146368269,0.00449595364172245,0.000199820161854331,0,0,0.0260765311219902,0.00819262663602758,0,0,0,0,0,0,0,0,0,0,0,0.00219802178039764,0,0,0.00089919072834449,0,0,0.00199820161854331,0.00179838145668898,0,0,0,0,0,0,0,0.00089919072834449,0.0115895693875512,0,0.0129883105205315,0,0,0,0.0103906484164252,0,0,0,0,0,0.0086921770406634,0,0,0.000299730242781497,0,0,0,0,0,0.00109901089019882,0.0169847137576181,0.0256768907982815,0,0,0,0,0.000599460485562993,0.000499550404635828,0,0,0.000399640323708662,0,0.000599460485562993,0.0106903786592067,0,0,0,0,0.0341692476770906,0.00599460485562993,0,0.013288040763313,0,0,0,0,0,0,0.00689379558397442,0,0,0.000299730242781497,0.00089919072834449,0,0.00269757218503347,0,0,0,0,0,0,0,0,0,0,0,0,0.01868318513338,0.00629433509841143,0.00109901089019882,0.000299730242781497,0,0,0.00669397542212009,0.000399640323708662,0,0,0.0246777899890099,0.00109901089019882,0,0,0,0.0147866919772205,9.99100809271655e-05,0.0204815665900689,0.0185832750524528,0,0,0,0.154760715356179,0,0,0,0.000699370566490159,0.000699370566490159,0,0.000299730242781497,0,0,0,0.000299730242781497,0,0.00329703267059646,0,0.000399640323708662,0,0,0.00629433509841143,0,0,0,0,0,0.000399640323708662,0,0,0,0,0,0,0,0,0,0,0,0,0,0,0,0,0,9.99100809271655e-05,9.99100809271655e-05,0,0,0,0,0,0.000499550404635828,0,0,0,0,0,9.99100809271655e-05,0,0,0,0,0,0,0.00179838145668898,0.000499550404635828,0,0,0,0.000199820161854331,0,0,0,0,0,0,0.000199820161854331,0,0.00279748226596064,0,0,0,0.00209811169947048,0,0,0,0,0,9.99100809271655e-05,0.0054950544509941,0,0.0281746428214607,0,0.00209811169947048,0,0,0,0,0,0.00719352582675592,0,0,0,0,0,0,0.0134878609251673,0,0,0.00159856129483465,0,0,0,0,0,0,0,0,0,0,0,0,0,0,0,0,0,0.000999100809271655,0,0,0,0,0.000399640323708662,0,0,0,0,0,0,0,0,0.0268758117694075,0.0353681686482166,0.0060945149365571,0,0.103207113597762,0,0,0,0,0,0,0.202617644120292,0,0,0.00769307623139175,0,0,0,0,0,0,0,0,0,0,0,0,0,0.0116894794684784,0,0,0.00389649315615946,0
0,0,0.000699370566490159,0,0.00389649315615946,0.00309721250874213,9.99100809271655e-05,0,0,0.00379658307523229,0.00459586372264962,0,0,0,0,0,0.000699370566490159,0,0.00519532420821261,0,0.00249775202317914,0.0086921770406634,0,0,0,0.0648416425217304,0.000299730242781497,0,0.00119892097112599,0.00249775202317914,0.000399640323708662,0,0,0.000399640323708662,0,0,0.00769307623139175,9.99100809271655e-05,0.00179838145668898,0,0.00369667299430513,0,0,0.00119892097112599,0.000599460485562993,0.00859226695973624,0,9.99100809271655e-05,0,0,0.00359676291337796,0,0,0,0.000399640323708662,0,0,0,0,0.000599460485562993,0.00159856129483465,0.0188830052952343,0.000699370566490159,0.00239784194225197,0,0,0.000199820161854331,0,0,9.99100809271655e-05,0.00149865121390748,0.000199820161854331,0.00279748226596064,0.033170146867819,0,0,9.99100809271655e-05,0,0,0.00139874113298032,0.00129883105205315,0.00419622339894095,9.99100809271655e-05,0.000999100809271655,0,0.000299730242781497,0,0,0,0,0,0.000599460485562993,9.99100809271655e-05,0,0.00469577380357678,0,0,0,0.000799280647417324,0,0,0.10220801278849,9.99100809271655e-05,0.00089919072834449,0,9.99100809271655e-05,0,9.99100809271655e-05,0.00169847137576181,0.00159856129483465,0,0.000599460485562993,0,0,0.000199820161854331,0,0,0.00329703267059646,0.000199820161854331,0,0,0,0.00149865121390748,0,0.0483564791687481,0.108302527725047,0,0,0,0.123388949945049,0.00919172744529923,0.0025976621041063,0,0,0.000699370566490159,0,9.99100809271655e-05,0,0,0,9.99100809271655e-05,0,0,0,0,0,0.000299730242781497,0.00269757218503347,0,0,0.000699370566490159,0.000999100809271655,9.99100809271655e-05,0,9.99100809271655e-05,0,0,0,0,9.99100809271655e-05,0,0,0,0,0,0,0,0,0,9.99100809271655e-05,0,0,0.00089919072834449,0,0,0,9.99100809271655e-05,0.00149865121390748,0.000199820161854331,9.99100809271655e-05,0,0,0,0,0.000599460485562993,0,9.99100809271655e-05,0,0,9.99100809271655e-05,9.99100809271655e-05,0.0115895693875512,0.000699370566490159,0,0.000199820161854331,0,0.000599460485562993,0,0,0.000699370566490159,0,0,0,0.00139874113298032,0,0.000699370566490159,0.000299730242781497,0,0,0.0025976621041063,0,0,0,0.000499550404635828,0.000999100809271655,0,0.00349685283245079,0.000299730242781497,0,0.000299730242781497,0,0,0,0,0,0,0.00349685283245079,0,0.0185832750524528,9.99100809271655e-05,0.00839244679788191,9.99100809271655e-05,0,0.0397642122090119,0,0,0,0,0,0.0474572884404036,0.000199820161854331,0,0,0,0.000199820161854331,0,0,0,0,0,0,0.000199820161854331,0.00149865121390748,0,0.000399640323708662,0.00399640323708662,0.00199820161854331,0,9.99100809271655e-05,0.00349685283245079,0,0,0,0.000499550404635828,0,0,0,0,0,0.000299730242781497,0,0.000199820161854331,0.0204815665900689,0,0,0,0,0,0,0.172344889599361,0,0,0.015086422220002,0,0,0,0,0,0.000199820161854331,0.00619442501748426,0,0,0,9.99100809271655e-05,0,0.000199820161854331,0.000299730242781497,0,0,0.00829253671695474,0
0,0,0,0,0,0,0.0001999800019998,0,0,0,0,0,0.0011998800119988,0,0.0002999700029997,0,0.0055994400559944,0,0,0,0,0,0,0.0004999500049995,0,0.458454154584542,0,0,0.0004999500049995,9.99900009999e-05,9.99900009999e-05,0,0,0.0058994100589941,0,0,0,0.0107989201079892,0,0,0,0,0,0,0,0,0,0,0,0,9.99900009999e-05,0,0,0,0,0,0,0,0,0.0107989201079892,0,0,0,0,0,0,0.0254974502549745,0,0,0.0084991500849915,0.0050994900509949,0,0,0,0,0,0,0,0,0.0083991600839916,0,0,0.0032996700329967,0,0,0.0008999100089991,0,0,0,0.0173982601739826,0,9.99900009999e-05,0.0007999200079992,0,0,0,0,0,0,0,0,0.0008999100089991,0,0,0,0,0,0.024997500249975,0,0,9.99900009999e-05,0,0,0,0,0,0,0,0.026997300269973,0.0001999800019998,0,0,0,0.0018998100189981,0.006999300069993,0,0,0,0.0016998300169983,0,0,0,0,0,0,0,0.0402959704029597,0,0,0,0,0.0015998400159984,0,0,0,0,0.0003999600039996,0,0,0,0.0023997600239976,0.0043995600439956,0,0,0,0,0,0,0,0.0056994300569943,0,0,0,0,0.0104989501049895,0,0.0005999400059994,0,0,0,0,0,0,0,0,0,0,0,9.99900009999e-05,0,0,0,0,0,0.0020997900209979,0,0,0,0,0,0,0.0058994100589941,0,0.0030996900309969,0,0.0001999800019998,0,0,0,9.99900009999e-05,0,0,0,0,0,0,0,0.0037996200379962,0,0.0004999500049995,0,0,0,0.0005999400059994,0,9.99900009999e-05,0.0034996500349965,0.0037996200379962,0,0.0011998800119988,0.0030996900309969,0,0,0,0,0,0,0,0.0035996400359964,0,0.0336966303369663,0.0015998400159984,0,0.115088491150885,0,0,0.0001999800019998,0,9.99900009999e-05,0,0,0,0,0,0,0,0,0,0,0,0.0071992800719928,0,0.0003999600039996,0,0,0.0190980901909809,0,0,0,0,0,0,9.99900009999e-05,0,0,0,0,0,0,0.0002999700029997,0.0065993400659934,0.0016998300169983,0.0435956404359564,0,0,0,0,0,0,0,0,0,0.002999700029997,0,0,0,0,0,0,0,0,0,0,0,0,0,0.0233976602339766,0,0,0.017998200179982,0
0,0,0,0,0,0,0,0,0,0,0,0,0,0,0,0,0,0,0,0,0,0.0056994300569943,0,0,0,0.388861113888611,0,0,0,0,0,0,0,0.0014998500149985,0,0,0.0016998300169983,0,0,0,0,0,0.117988201179882,0,0,0.0520947905209479,0,0,0,0,0,0,0,0,0,0,0,0,0,0,0,0,0,0,0,0,0.0493950604939506,0,0,0,0,0,0,0,0,0,0,0,0,0,0,0,0,0,0,0,0.0405959404059594,0,0,0,0,0.0066993300669933,0.0006999300069993,0,0,0,0,0,0.0043995600439956,0,0,0,0,0,0.0002999700029997,0,0,0.100889911008899,0,0,0,0,0,0,0,0,0,0,0.0293970602939706,0,0,0,0,0,0.0044995500449955,0,0,0,0,0,0.003999600039996,0,0,0,0,0,0.0018998100189981,0.0007999200079992,0,0,0.0934906509349065,0,0,0,0,0,0,0,0,0,0,0,0.0005999400059994,0,0,0,0,0,0,0,0,0,0,0,0,0,0,0,0,0,0,0,0,0,0,0,0,0,0,0,0,0,0,0,0,0,0,0,0,0,0,0,0,0,0,0,0,0,0,0,0,0,0,0,0,0,0,0,0,0,0,0,0,0,0,0,0,0,0.003999600039996,0,0,0,0,0,0,0,0,0,0,0,0,0,0,0,0,0,0,0,0,0,0,0.0001999800019998,0,0,0,0,9.99900009999e-05,0,0,0,0,0,0,0,0,0,0.0142985701429857,0,0,0,0,0,0,0,0,0,0,0,0,0.0102989701029897,0,0,0,0,0,0,0,0,0,0,0,0,0.0193980601939806,0,0,0,0,0,0.0023997600239976,0,0,0,0,0,0.0390960903909609,0,0.0046995300469953,0,0,0,0
0,0,0,0,0,0,0.000699720111955218,0,0,0,0,0,9.99600159936026e-05,0.0127948820471811,0.00139944022391044,0,0,0,9.99600159936026e-05,0.000299880047980808,0,0.00189924030387845,0,0,0,0.392443022790884,0,0,0.00229908036785286,0.000299880047980808,0,0.000999600159936026,9.99600159936026e-05,0.00519792083166733,0,0,0.000199920031987205,0.0231907237105158,0,9.99600159936026e-05,0,0,0,0.0259896041583367,0,0.104758096761295,0,0,0,0,0.00119952019192323,0,0,0,0,0,0,0,0,0,0,0,0,0,0,0,0.0253898440623751,0,0.0234906037584966,0,0.00119952019192323,0,0,0,0,0,0,0,0,0.00539784086365454,0,0,0,0,0.00319872051179528,0.000199920031987205,0,0.000199920031987205,0,0.00149940023990404,0,0.00219912035185926,0,0,0,0,0,0,0.00209916033586565,0,0,0.00839664134346262,0.00179928028788485,0,0,0,0,0,0,0,0,0.00159936025589764,0,0.00869652139144342,0,0,0,0,0.024390243902439,9.99600159936026e-05,0,0,0.000899640143942423,0.00519792083166733,0.00249900039984006,0,0,0,0,0,0,0.00489804078368653,0,0,0,0,0.00409836065573771,0.000199920031987205,0,0,0,0,0,0,0,0,0.000199920031987205,0,0,0.000499800079968013,0.00039984006397441,0,0,0,9.99600159936026e-05,0,0,0,0,0.00689724110355858,0,0,0,0,0,0,9.99600159936026e-05,0,0,0,0,0,0.00249900039984006,0,0,0,0,0,0.0371851259496202,0,0,0,0,0.000299880047980808,0,0,0,0,0,0,0,0.00659736105557777,9.99600159936026e-05,0,0,0.00269892043182727,0.00129948020791683,0.000199920031987205,0,0,0,0,0,0,0,0.000699720111955218,0,0,9.99600159936026e-05,0.00169932027189124,0,0,0,0,0,0,0.00539784086365454,0,0,0,0,0.00349860055977609,0,0,0,0,0,0,0.00689724110355858,0,0.0154938024790084,0,0.000199920031987205,0.0206917233106757,0,0,0.000199920031987205,0,0,9.99600159936026e-05,0,0.000199920031987205,0,0,0.000599760095961615,0,0,0,0,0,0,0,0,0,0.000499800079968013,0.000499800079968013,0,0,0,0,0,0,0,0.00039984006397441,0.000299880047980808,0,0,0,0,0.0366853258696521,0,0,0.0557776889244302,0.000599760095961615,0,0,0,0,0,0.00299880047980808,0,0.0037984806077569,0.0729708116753299,0,0,0.000199920031987205,0,0.000199920031987205,0,0,0,0,0,0,0,0,0.000599760095961615,0,0,0.0078968412634946,0
0,0,0,0,0,0,0,0,0,0,0.000699860027994401,0,0,0,0,0,0,0,0,0,0,0.0022995400919816,0,0,0.0017996400719856,0.20755848830234,0,0,0,0,0.0107978404319136,0,0,0.00539892021595681,0,0.0022995400919816,9.99800039992002e-05,0.0017996400719856,0,0,0,0,0,0,0,0.000599880023995201,0,0,9.99800039992002e-05,0,0,0,0,0,0,0,0,0,0,0,0,0,0,0,0,0,0.0633873225354929,0,9.99800039992002e-05,0,0,0,0.0001999600079984,0,0,0,0,0,0,0,0,0.000999800039992002,0,0,0.00489902019596081,0,0,0,0,0.0026994601079784,0,0,0,0,0,0,0,0,0.000699860027994401,0,0,0,0,0.0016996600679864,0,0,0.0025994801039792,0.121375724855029,0,0,0,9.99800039992002e-05,0,0.0106978604279144,0.000399920015996801,0,0,0,0.0268946210757848,9.99800039992002e-05,0,0,0,9.99800039992002e-05,0.000499900019996001,0,0,0,0,0,9.99800039992002e-05,0.00559888022395521,0,0,0,0,0,0,0,0,0.0012997400519896,0,0,0,0.0120975804839032,0,0.000799840031993601,0.000899820035992801,0,0,0.0015996800639872,0,0,0,0,0,0,0,0,0,0,0,0,0,0,0,0,0,0,0,0,0,0,0,0,0,0,0,0.015496900619876,0.0002999400119976,0,0,0,0,0,0,0.0001999600079984,0,0,0,0,0.00419916016796641,0,0,0,0,0,0,0,0,0.00959808038392321,0,0,0,0.0237952409518096,0.00389922015596881,9.99800039992002e-05,0,0,0,0,0,0.0025994801039792,0.000399920015996801,0.000399920015996801,0,0,0,0.0168966206758648,0,0,0.00369926014797041,0,0,0,0,0.000499900019996001,0,0.00609878024395121,0,0.0102979404119176,0,0,0.0786842631473705,0,0,0,0,0,0,0,0,0,0,0,0,0,0,0,0,0,0.000499900019996001,0.0010997800439912,0,0,0,0,0,0.000399920015996801,0,0.000399920015996801,0,0,0,0,0,0,0,0,0.000499900019996001,9.99800039992002e-05,0.00609878024395121,0.0013997200559888,0,0,0,0,0,0,0.294741051789642,9.99800039992002e-05,0,0.0125974805038992,0,0,0,0,0,0,0.0015996800639872,0,0,0,0,0,0,0,0,0,0.00999800039992002,0
0,0.000199820161854331,0.000499550404635828,0,0.011489659306624,0,0.00279748226596064,0,0.0309721250874213,0.00569487461284844,0,0,0,0,0.00089919072834449,0,0,0,0,0,0.000699370566490159,0,0,0,0,0.0493555799780198,0.000799280647417324,0,9.99100809271655e-05,0,0,0,0,0.00699370566490159,0,0,0,0.00339694275152363,0.00279748226596064,0,0.00429613347986812,0,0,0.000199820161854331,0.00109901089019882,0.0128884004396044,0,0,0,0,0,0,0,0,0,0,0,0,0,0,0.0089919072834449,0,0,0,0,0.00109901089019882,0.00149865121390748,0,0,0.0290738335498052,0,0,0,0.00309721250874213,0,0,0,0,0,0,0,0.0279748226596064,0.00189829153761615,0,0,0,9.99100809271655e-05,0,0.00129883105205315,0,0,0,9.99100809271655e-05,0,0,9.99100809271655e-05,9.99100809271655e-05,0,9.99100809271655e-05,0,0,0,0,0,0.0101908282545709,9.99100809271655e-05,0.000299730242781497,0.013887501248876,0,0,0,0,0,0.00389649315615946,9.99100809271655e-05,0,0.00739334598861025,0,0,0,0,0.00159856129483465,0.0157857927864922,0,0.00129883105205315,0.16285343191128,0,0,0,0.0448596263362973,0.0200819262663603,9.99100809271655e-05,0,0,0,0,9.99100809271655e-05,0,0.00529523428913977,0,0.000199820161854331,0,0,0,0,0,0.000399640323708662,0,0,0,0.00109901089019882,0.000799280647417324,0,0,0,0,0,0,0,0.00279748226596064,0,0,0,0.0356678988909981,0,0,0,0,0,0,0,0,0,0,0,0,0,0.000399640323708662,0.0153861524627835,0,0,0,0.000499550404635828,0,0,0,0,0,0,9.99100809271655e-05,0,0.00829253671695474,0,0,0,0,0,0,0,0.0308722150064942,0,0,0,0.0167848935957638,0,0.00329703267059646,0,0,0.000399640323708662,0,0,0.000299730242781497,0,0,0.00149865121390748,0,0,0.000399640323708662,0.00089919072834449,0,0.00829253671695474,0,0,0,0,0.00239784194225197,0,0,0.00889199720251773,0,0.00469577380357678,0,0,0.0859226695973624,0,0,0,0,0,0,0,0,0,0,0,0,0,9.99100809271655e-05,0,0,0,0,0,0,0,0,0.00539514437006694,0,0.000699370566490159,9.99100809271655e-05,0,0,0,0.000199820161854331,0,0,0,0,0,0.0110900189829154,0,0.00459586372264962,0.0275751823358977,0,9.99100809271655e-05,0,0,0,0,0.192426815865721,0,0,0.0089919072834449,0,0,0,0.000399640323708662,9.99100809271655e-05,0,0.000799280647417324,0,0,0,0,0,0,0.00889199720251773,0,0,0.00979118793086222,0
0,0,0,0,0,0,0,0,0,0,0,0,0,0,0.00589882023595281,0,0,0,0,0,0,0,0,0.000499900019996001,0,0,0,0,0,0,0,0,0,0,0,0,0.0013997200559888,0,0,0,0,0,0,0,0,0,0,0,9.99800039992002e-05,0,0,0,0,0,0,0,0,0,0,0,0,0,9.99800039992002e-05,0,0,0,0.0027994401119776,0,0,0,0,0,0,0,0,0,0,0,0,0,0,0,0,0,0,0.000599880023995201,9.99800039992002e-05,0,0,0,0,0,0.000399920015996801,0,0,9.99800039992002e-05,0,0,0,0,0,0,0,0,0,0,0,0.0346930613877225,0,0,0,0,0,0,0,0.0001999600079984,0,0,0,0,0,0,0.000499900019996001,9.99800039992002e-05,0,0.0116976604679064,0,0,0,0,0,0,0,0,0,0,9.99800039992002e-05,0,0,0,0.0023995200959808,0,0,0,0,0,0,0,0,0,0,0,0,0,0,0,0,0.0001999600079984,0,0,0,0,0,0,0,0,0,0,0,0,0,0,0.01499700059988,0,0,0,0,0,0.00899820035992801,0,0,0,0,0,0,0,0,0,0,0,0,0,0,0,0,0,0,0,0,0,0,0,0,0,0,0.0265946810637872,0,0,0,0,0,0,0,0,0,0,0,0,0.000499900019996001,0,0,0,0,0,9.99800039992002e-05,0,0,0.0468906218756249,0,0,0,0,0,0.00499900019996001,0,0,0,0,0,0,0,0,0,0,0.0002999400119976,0.0011997600479904,0,0,0,0,0,0,0,0,0,0,0.000899820035992801,0,0,0,0,0,0,0,0,0,0,0,0,0.784443111377724,0,0,0.0395920815836833,0,0,0,0.000999800039992002,0,0,0,0,0.00519896020795841,0.0010997800439912,0,0,0,0,0,0,0,0,0,0,0,0,0,0,0,0,0.0012997400519896,0
0,0,0,0,0.00509541412728544,0,9.99100809271655e-05,0,0,0,0.0028973923468878,0,0,0,0,0,0.000799280647417324,0,0,0,0,0,0.00199820161854331,0,0,0.138974922569687,0,0,0.000599460485562993,0,0.00129883105205315,0,0,0.000499550404635828,0,0,0.000599460485562993,9.99100809271655e-05,0,0,0.00419622339894095,0,0,0,0.00569487461284844,0.000299730242781497,0,0,0,0,0,0.0031971225896693,0,0,0,0,0,0.000299730242781497,0,0.0031971225896693,0,0,0.00089919072834449,0,0.00489559396543111,0,0.00819262663602758,0.00169847137576181,0,0,0,0,0,0,0,0,0,0,0,0.000999100809271655,0,0.00229793186132481,0,0,0,0,9.99100809271655e-05,0,0.00189829153761615,0,0.00109901089019882,9.99100809271655e-05,9.99100809271655e-05,0,0.00849235687880907,0.0130882206014587,0,9.99100809271655e-05,0.000699370566490159,0,0,0,0,0,0,0,0,0.00249775202317914,0.0246777899890099,9.99100809271655e-05,0,0,0,0,0,0.00109901089019882,0,0.000199820161854331,0,0,0,0,0.00239784194225197,0,0.000499550404635828,0.0755320211809372,9.99100809271655e-05,0,0,0.148366470176841,0,0.00859226695973624,0.0100909181736437,9.99100809271655e-05,0.000399640323708662,0,0.000299730242781497,0,0,0.000299730242781497,9.99100809271655e-05,0,0.00209811169947048,0,0,0,9.99100809271655e-05,0,0,0,0.000499550404635828,0,0.00399640323708662,0,9.99100809271655e-05,0,0,0,0,0.00349685283245079,0,0,0,0,0,0,0,0,0,0,0,0,0,0,0,0,0,0,0.00139874113298032,0,0,0,0,0,0.000199820161854331,0,0.000199820161854331,0,0,0,0,0.000999100809271655,0.000199820161854331,0,0,0,0,0,0,0,0,9.99100809271655e-05,0,0,0.0504545908682186,0.000399640323708662,0,0,0,0.00179838145668898,0,0,0,0,0,0,0.00759316615046458,0,0.00159856129483465,0,0,0,0,0,0,0.00209811169947048,0,0,0.0157857927864922,0,0.0217803976421221,0,0,0.188630232790489,0,0,0,0.00229793186132481,0,0,0,0,0,0,0.000199820161854331,0.000199820161854331,0,0,0,0,0,0,0,0,0,0.000499550404635828,0,0,0,0,0.000699370566490159,0,0,0,0,0,0,0,0,0.0152862423818563,0,0,0.0485562993306025,0,0.000399640323708662,0,0,0,0.000299730242781497,0.112498751123988,0,0,0.00109901089019882,0,0,0,0,0,0.00169847137576181,0,0,0,0,0,0.0188830052952343,0,0.000599460485562993,0,0,0.00339694275152363,0
0,0,0.000299880047980808,0,0,9.99600159936026e-05,0,0,0,0,9.99600159936026e-05,0,0,0,0,0,0,0,0,0,0,0.00589764094362255,0,0,0,0.114854058376649,0,0,0,0,0.152738904438225,0,0,0.00139944022391044,0,0,0,0,0,0,0,0,0,0,0,0.0195921631347461,0,0,0,0,0.000299880047980808,0,0,0,0,0,0,0,0,0,0,0,9.99600159936026e-05,0,0.0129948020791683,0,0.147241103558577,0,0,0,0.00139944022391044,0,0,0,0,0,0,0,0,0,0,9.99600159936026e-05,0,0,0,0.00039984006397441,0.0330867652938825,0,0,0.00209916033586565,0,0,0,0,0,0,0,0,0.00199920031987205,0,0,0.00209916033586565,0,0,0,0,0,0,0,0,0,0.00539784086365454,0,0.047780887644942,0.000299880047980808,0,0,0,0.0110955617752899,0,0,0,0,0.000199920031987205,0.00639744102359056,0.00309876049580168,0,0,0,0,0.00589764094362255,0.00269892043182727,0,0,0,0,0,0,0,0,0.000499800079968013,0,0,0,0,0,0.00669732107157137,0,0,0,0,0.00509796081567373,0,0.00289884046381447,0.00039984006397441,0,0,0,0.00279888044782087,0.015093962415034,0,0,0,0,0,9.99600159936026e-05,0,0,0,0,0,0,0,0,0,0,0,0,0,0.000199920031987205,0,0,0,0,0.000499800079968013,0,0,0,0,0,0,0.017093162734906,9.99600159936026e-05,0,0,0,0,0,0,0,0,0,0.00039984006397441,0.130747700919632,0,0,0.00239904038384646,0,0,0,0,0,0,0,0.000599760095961615,0,0,0,0,0,0,0,0,0,0,0,0,0,0.00219912035185926,0,0.0264894042383047,0,0,0,0,0,0,0,0,0.00229908036785286,0,0,0,0,0,0,0,0,0,0,0,0,0,0,0,0.000299880047980808,0.000899640143942423,0,0.00079968012794882,0,0,0,0.00039984006397441,0.000499800079968013,0,9.99600159936026e-05,0,0,0,0.000299880047980808,0,0.00589764094362255,0.00949620151939224,0,0,0,0,0,0,0.0822670931627349,0,0,0.0650739704118353,0,0,0,0,0,0,0.014094362255098,0,0,0,0,0.00139944022391044,0,0,0,0,0.0221911235505798,0
0,0,0,0,0,0,0,0.00989604158336665,0,0,0,9.99600159936026e-05,0,0,0,0.000599760095961615,0,0,0,0,0,0,0,0.000299880047980808,0,9.99600159936026e-05,0,0,0.000299880047980808,0.00179928028788485,0,0.0371851259496202,0,0.0210915633746501,0,0,0.00209916033586565,0.0121951219512195,0,0,0,0,0,0,0,0.00209916033586565,0,0,0,0,0,0,0,0,0.00189924030387845,0,0,0,0.000299880047980808,0.00729708116753299,0,0,0,0,0,0,0.00419832067173131,0,0,0,0.0076969212315074,0.000299880047980808,0,0,0,9.99600159936026e-05,0,0,0,0.00459816073570572,0,0.00039984006397441,0.0557776889244302,0,0,0,0.000299880047980808,0,0,0.00569772091163535,0,0,0,0,0,0,0,0,0.00359856057576969,0,0,0,0.00119952019192323,0,0,0,0,0.0919632147141144,0,0,0,0,0,0.00489804078368653,0,0,0,0,0.000999600159936026,0,0,0,0,9.99600159936026e-05,0.0260895641743303,0,0,0,0,0,0.0126949220311875,0.000899640143942423,0,0,0.00109956017592963,0,9.99600159936026e-05,0,0,0,0.00159936025589764,0,0,0,0.0176929228308677,0,0.00169932027189124,0,0,0,0.00119952019192323,0.00129948020791683,0,0,9.99600159936026e-05,0,0,0,0,0,0,0,0,0.00039984006397441,0,0,0,0,0,9.99600159936026e-05,0.000199920031987205,0,9.99600159936026e-05,0,0,0,0,0,0,0.00079968012794882,0,0,0,0,0.0037984806077569,0,0,0.00689724110355858,0,0,0,0.00979608156737305,0.000199920031987205,0,0,0,0,0.000499800079968013,0,0,0.0449820071971212,0,0,0.0100959616153539,0,0.00409836065573771,9.99600159936026e-05,0,0,0.000199920031987205,0.0123950419832067,0,0,0,0.00309876049580168,0,0.00589764094362255,0.00619752099160336,0.00979608156737305,0,0,0.000499800079968013,0,0,0,0.000599760095961615,0,0,0,0,0.00579768092762895,9.99600159936026e-05,0,0.0591763294682127,0,0,0,0,0,0.00329868052778888,0,0,0,0.00109956017592963,0,9.99600159936026e-05,0,0,0,0,0,0.000499800079968013,0.00219912035185926,0,0,0.00179928028788485,9.99600159936026e-05,0.00039984006397441,0.000699720111955218,0.0171931227508996,0,0,0,0.000199920031987205,0.000199920031987205,0,0,0,0.000599760095961615,0.00209916033586565,0,0.00359856057576969,0.0149940023990404,0,0,0,9.99600159936026e-05,0,0,0.187325069972011,0,0.181727309076369,0.0364854058376649,0,0,0,0,0,0.00529788084766094,0.00519792083166733,0,0,0,0,0.00329868052778888,0,0,0,0,0.00209916033586565,0
0,0,0,0,0,0,0.0301969803019698,0.0034996500349965,0,0,0,0,0,0,0.0294970502949705,0,0,0,0,0,0.0108989101089891,0.0066993300669933,0,0.0004999500049995,0,0.152684731526847,0,0,0.020997900209979,0.0020997900209979,0,0,0,0.0030996900309969,0,0,0.0001999800019998,0.033996600339966,0,0,0,0,0,0.001999800019998,0,0.0655934406559344,0,0,0,0,0,0,0,0.0001999800019998,0,0,0,0,0,0.0560943905609439,0,0.0133986601339866,0,0,0,0,0,0,0,0,0.0046995300469953,0,9.99900009999e-05,0.0267973202679732,0,0,0,0,0,0.0072992700729927,0,0,0.018998100189981,0,0.0045995400459954,0,0,0,0,0.0014998500149985,0,0.0057994200579942,0,0,0,0,0,0,0,0,0,0,0,0,0,0,0.0475952404759524,0.0494950504949505,0,0,0,0,0,0.0006999300069993,0,0,0,0,0.015998400159984,0,0,0,0,0,9.99900009999e-05,0,0,0,0,0,0,0.0182981701829817,0,0,0,0,0.0002999700029997,0,0,0,0.105589441055894,0,0,0,0,0,0,0,0,0,0.0020997900209979,0,0,0.0046995300469953,0,0,0,0,0,0.0022997700229977,0,0,0,0,0,0,0,0,0,9.99900009999e-05,0,0,0,0,0,0,0,0.0063993600639936,0.0068993100689931,0,0,0,0,0,0.0150984901509849,0,0,0,0,0,0,0.0021997800219978,0,0,0,0,0,0,0,0,0.0018998100189981,0,0,0,0,0.0065993400659934,0,0,9.99900009999e-05,0.0262973702629737,0,0,0,0,0.0002999700029997,0,0.043995600439956,0,0.0197980201979802,0,0.0008999100089991,0.0085991400859914,0,0,0,0,0,0,0.0021997800219978,0,0.0032996700329967,0.0001999800019998,0,0.00999900009999,0,0,0,0,0,0,0,0,0,0,0,0,0,0,0,0,0.0024997500249975,0.0007999200079992,0.0056994300569943,0,0.0053994600539946,0,0,0,0.0014998500149985,0,0.0030996900309969,0,0,0,0,0,0,0,0,0.0001999800019998,0,0,0.0126987301269873,0,0,0,0,0,0.0016998300169983,0.0407959204079592,0,0,0,0,0,0,0,0,0.0122987701229877,0,0,0,0,0,0,0,0.0006999300069993,0,0,0.0090990900909909,0
0,0,0,0,0.000599760095961615,0,0,0,0,9.99600159936026e-05,0,0,0,0,9.99600159936026e-05,0,0,0.000699720111955218,0,0,0.00149940023990404,0.00079968012794882,0,0,0,0.0765693722510996,0,0,0.00149940023990404,0,0,0,0,0.0129948020791683,0,0,0,0.0151939224310276,0,0,0,9.99600159936026e-05,0,0,0,0.00419832067173131,0,9.99600159936026e-05,0,0,0,0,0,0,0,0,0,0,0,0.0196921231507397,0,0,0,0,0,0,0.0104958016793283,0,0,0,0,0,0,0,0,0,0,0,0,0.0180927628948421,0,0,0,0.000199920031987205,0,0,0.0174930027988804,0,0,0.00989604158336665,0.000299880047980808,0,0.000499800079968013,0,0.00079968012794882,0,0,0,0.00329868052778888,0,0,0.000299880047980808,0,0,0,0,9.99600159936026e-05,0.451019592163135,0,0,0,0,0,0.00709716113554578,0,0,0,0,0.00599760095961615,0,9.99600159936026e-05,0.000199920031987205,0,0,0.00889644142343063,0.00849660135945622,0,0,0.000699720111955218,0,0.00439824070371851,0.01609356257497,9.99600159936026e-05,0,0,0,0.00279888044782087,0,0,0,0,0,0,0,0,0,0.00129948020791683,0,0,0,0.00189924030387845,0,0,0.000199920031987205,0,0,0,0,0,0.000499800079968013,0,0,0,0.000199920031987205,0,0,0,0,0,0,0.000199920031987205,0,0,0,0.000299880047980808,0,0,0,0,0,0,0,0,0,0.00229908036785286,0,0,0,0,0.000699720111955218,0,0.00659736105557777,0,0,0,0,9.99600159936026e-05,0,0,0,0,0,0.143942423030788,0.00169932027189124,0,0,0.000299880047980808,0,0,0.000499800079968013,9.99600159936026e-05,0,0.0134946021591363,0.000699720111955218,0,0,0,0.00039984006397441,0,0,0,0.00179928028788485,0,0,0,0.000499800079968013,0,0,0.00219912035185926,0,0.00369852059176329,0,0,0,0,0,0,9.99600159936026e-05,0,0,9.99600159936026e-05,0,0,0,0,0,0,0,0,0,0,0.00039984006397441,0,9.99600159936026e-05,0,0,0,0,0.00179928028788485,0.000899640143942423,0,0,0,0,0,0,0,0.00429828068772491,0,0.000299880047980808,0,0.00289884046381447,0.000899640143942423,0,0,0,0,0,0,0.085765693722511,0,0,0.0126949220311875,0,0,0,0,0,0,0.00239904038384646,0,0,0,0,0,0,0,0.000699720111955218,0,0.000699720111955218,0.00079968012794882
0.000599460485562993,0,0,0,0,0,0.000399640323708662,0,9.99100809271655e-05,0.00409631331801379,0.00379658307523229,0,0,0,0.00369667299430513,0,0.00109901089019882,0,0,0,0,0,0.000699370566490159,0.000199820161854331,0,0.121290838245579,0,0.000799280647417324,0.00199820161854331,0.0105904685782795,0.00489559396543111,0,0,0.00089919072834449,0,0,9.99100809271655e-05,0.00809271655510041,0.00089919072834449,0,0.00269757218503347,0,0,0,0.00159856129483465,0.0264761714456989,0,0,0,0,0.00619442501748426,0.00199820161854331,0,0,9.99100809271655e-05,0,0,0,0,0,0,0.00879208712159057,0,0,0,0.00129883105205315,0.0185832750524528,0.00159856129483465,0,0,0,0,0,0,0,0,0,0,0,0.0149865121390748,0,0.00499550404635828,0,0,0,9.99100809271655e-05,9.99100809271655e-05,0,0.00149865121390748,0,0,0.0374662803476871,9.99100809271655e-05,0,0.000199820161854331,0,0,0,0,0,0,0,0,0,0.000399640323708662,0,0.0057947846937756,0.00139874113298032,0.000999100809271655,0.000699370566490159,0.00299730242781497,0,0,0,0,0,0,0.000399640323708662,0,0.000199820161854331,0,0,0.00339694275152363,0.00149865121390748,0.000299730242781497,0.0411629533419922,0,0,0,0.060345688880008,0.00819262663602758,0,0.00659406534119293,0,0,0,9.99100809271655e-05,0,0,0,0,0,0.00129883105205315,0,0,0,0,0,0,0,0,0,0,0,9.99100809271655e-05,0,0,0,0,0,0,0,0,0.00419622339894095,0,0,0,0.000199820161854331,0,0,0,0,0.063942451793386,0,0,0,0,0,0,0,0,0,0,0,0,9.99100809271655e-05,0,0,9.99100809271655e-05,9.99100809271655e-05,0,0.00719352582675592,9.99100809271655e-05,0,0.000799280647417324,0,0,0,0,0,0,0,0,0,0.13078229593366,0.000299730242781497,0,9.99100809271655e-05,9.99100809271655e-05,0.000699370566490159,0,0,0,9.99100809271655e-05,0.000599460485562993,0,0,0,9.99100809271655e-05,0.00189829153761615,0,0,0,0,0,0,0,0,0,0,0.0143870516535118,0,0,0.0379658307523229,0,0,0,0,9.99100809271655e-05,0,0,0,0.00359676291337796,0,0,0,0,9.99100809271655e-05,0,0,0.0089919072834449,0.000399640323708662,0.000999100809271655,0,0.000399640323708662,0.000199820161854331,9.99100809271655e-05,0,9.99100809271655e-05,0.0175841742431811,0,0,0,0,0,0,0,0.0031971225896693,0.00369667299430513,0.00369667299430513,0,9.99100809271655e-05,0.00509541412728544,0.000199820161854331,0.000199820161854331,0,0,9.99100809271655e-05,9.99100809271655e-05,0.213108202617644,0,0,0.0160855230292737,0,0,0,0,0,0,0.00709361574582875,0,0,0,0,0.00149865121390748,0,0.00799280647417324,0.000199820161854331,0,0.0123888500349685,0
0,0,0,0,0,0,0.00459908018396321,0,0,0,0,0,0,0.0387922415516897,0,0,0,0,0,0,0,0,0,0.0013997200559888,0,0.543991201759648,0,0,0.001999600079984,0,0,0,0,0.00999800039992002,0,0,0.0018996200759848,0.0148970205958808,0.0001999600079984,9.99800039992002e-05,0,0,0,0.00399920015996801,0,0.000499900019996001,0,0,0,0,0,0.000599880023995201,0,0,0,0,0.000499900019996001,0,0,0,0,0,0,0,0,0,0,0,0,0,0.000699860027994401,0,0,0,0,0,0,0,0,0,0,0,0,0,0.0011997600479904,0,0,0,9.99800039992002e-05,0.00249950009998,0,0.00689862027594481,0.000699860027994401,0,0,0,0,0,0.00249950009998,0.000599880023995201,0,0.00719856028794241,0,0,0,0,0,0.158268346330734,0,0,0,0,0,0.0030993801239752,0,0,0,0,0.001499700059988,0,0,0,0,0.0002999400119976,0.0301939612077584,0,0,0,0,0,0,0,0,9.99800039992002e-05,0,0,0.0031993601279744,0,0,0,0.000399920015996801,0,0,0,0,0,0,0,0,0,0.000799840031993601,0,0,0,9.99800039992002e-05,0,0,0,0,0.00449910017996401,0,0,0,0,0,0,0,0,0,0,0,0,0,0,0,0,0,0.00449910017996401,0,0,0,0,0,0,0,0,0,0,0,0,0,0,9.99800039992002e-05,0,0,0,0,0.0002999400119976,0,0,0,0,0,0,0,0,0,0,0.0002999400119976,0.0001999600079984,0,0,0,0,0,0,0,0,0.0001999600079984,0.0020995800839832,0,0,0,0,0,0,0,0,0,0,0,0,0,0,0,0,0,0,0,0,0,0.0025994801039792,0,0,0,0,0,0,0.0001999600079984,0,0,0.000499900019996001,0,0,0,0,0,0,0,0.00359928014397121,0,0,0,0,0,0,0,0,0,0,0,0,0.0702859428114377,0,0,0,0.0016996600679864,0,0,0,0,0,0.0411917616476705,0.0002999400119976,0,0,0,0,0.001499700059988,0,0,0,0,0,0,0,0.0001999600079984,0,0,0.0158968206358728,0.00599880023995201
0,0,0,0,0.0225796782895394,0,9.99100809271655e-05,0,0.000599460485562993,0.00489559396543111,0.00389649315615946,0,0,0,0,0,0,0,0,0,0,0.00159856129483465,0.000799280647417324,0.000999100809271655,0,9.99100809271655e-05,0,0,0.000299730242781497,0,0,0,0,0,9.99100809271655e-05,0,0,0,0,0,0.00349685283245079,0,0,0,0.00459586372264962,0,0,0,0,0,0,0,0,0,0,0,0,0,0,0.000299730242781497,0,0.00279748226596064,0,0,0,0.000199820161854331,0.00639424517933859,0.00749325606953742,0,0,9.99100809271655e-05,0,0.000299730242781497,0.00369667299430513,0,0,0,0,0.00149865121390748,0.00269757218503347,0,0.00179838145668898,0.00589469477470277,0,0,0,9.99100809271655e-05,0,0.000999100809271655,0,9.99100809271655e-05,9.99100809271655e-05,9.99100809271655e-05,0,0,0,0,0,0,0,0,0,0,0,0,0,9.99100809271655e-05,0.202817464282146,0.00279748226596064,0,0,0,0,0,0,0,0,0.00669397542212009,0,0,0,0,0.0125886701968229,0,0.00559496453192127,0.0562493755619942,0,0,0,0.0695374163253072,0,0.0269757218503347,0,9.99100809271655e-05,9.99100809271655e-05,0,0,0,0,0,9.99100809271655e-05,0,0.000499550404635828,0,0,0,0,0,0,0.000999100809271655,9.99100809271655e-05,0,0,0.00279748226596064,9.99100809271655e-05,0,0,0,0,0,0,0.000599460485562993,0,0,0,0,0,0,0,0,0.000199820161854331,9.99100809271655e-05,0,0,0,0,0,0,0.0025976621041063,0,0,0,0,0,0,0,0,0,0,0.000399640323708662,0.00169847137576181,0,9.99100809271655e-05,0,0,0,0,0,0,0,0,0,0.143870516535118,9.99100809271655e-05,0.00199820161854331,9.99100809271655e-05,0,0,0,0.000499550404635828,0,0,0,0,0,0,0,0.000299730242781497,0.00349685283245079,0,0,0,0,0.000299730242781497,0,0,0,0,0,0,0.00659406534119293,0,0,0.0184833649715256,0,0,9.99100809271655e-05,0,0,0,0,0,0,0,0.000199820161854331,0,0,0,0,0,0,9.99100809271655e-05,0,0,0.000499550404635828,0.000199820161854331,0.000199820161854331,0,0,0,0,0,0,0,0.00489559396543111,0,0,0.00219802178039764,0,0.048256569087821,0,0,0.137376361274853,0,0,0,0.000199820161854331,9.99100809271655e-05,0,0.142271955240284,0,0,0.000499550404635828,0,0,0,0,0.000399640323708662,0.00119892097112599,0,0,0,0,0,0.01268858027775,0.000299730242781497,0,0,0,9.99100809271655e-05,0
0,0,0,1e-04,0,0,0,0,0,0,0,0,0,0,0,0,0,0,0,0,0,0,0,0.0074,0,0.9407,0,0,0,0,0.0259,0,0,0,0,0,0,0,0,0,0,0,0,0,0,0,0,0,0,0,0,0,0,0,0,0,0,0,0,0,0,0,0,0,0,0,0,0,0,0,0,0,0,0,0,0,0,0,0,0,0,0,0,0,0,0,0,0,8e-04,0,0,0,0.0017,0,0,0,0,0,0,0,0,0,0,0,0,0,0,0,0,0,0,0,0,0,0,0,0,0,0,0,0,0,0,0,0,0,0,0,0,0,0,0,0,0,0,0,0,0,0,0,0.0022,0,0,0,0,0,0,0,0,0,0,0,0,0,0,0,0,0,0,0,0.0029,0,0,0,0,0,0,0,0,0,0,0,0,0,0.0037,0,0,0,0,0,0,0,0,0,0,0,0.0024,0,0,0,0,0,0,0,0,0,0,0,0,0,0,0,0,0,0,0,0,0,0,0,0,0,0,0,0,0,0,0,0,0,0,0,0,0,0,0,0,0,0,0,0,0,0,0,0,0,0,0,0,0,0,0,0,0,0,0,0,0,0,0,0,0,0,0,0,0,0,0,0,0,0,0,0,0,0,0,0,0,0,0.0122,0,0,0,0,0,0,0,0,0,0,0,0,0,0,0,0,0,0,0,0,0,0,0,0,0,0,0,0,0,0,0
0,9.98601957259836e-05,0.00139804274016377,0,0,0,9.98601957259836e-05,0,0,0.00459356900339525,0.0118833632913921,0,0,0.00479328939484721,0,0,0.00369482724186139,0,0.0299580587177951,0,0,0.018474136209307,0,0,0,0.0327541441981226,0.000898741761533853,0,0,0,0.00319552626323148,0,0,0.00179748352306771,0,0,0,0.000898741761533853,0.00189734371879369,0,0.00479328939484721,0,0.000399440782903934,0,0.00679049330936689,9.98601957259836e-05,0,0,0,0,0,0,9.98601957259836e-05,0,9.98601957259836e-05,0,0,0,0,0.00369482724186139,0,0.00539245056920312,0,0,9.98601957259836e-05,0,0.00199720391451967,0,0,0.00579189135210705,0,0,0.00529259037347713,0.0154783303375275,0,0,0,0,0.00239664469742361,0.00189734371879369,0,0,9.98601957259836e-05,0,0,0.000199720391451967,9.98601957259836e-05,0,0,0,0,0.000299580587177951,9.98601957259836e-05,0,0,0,0,0,0,9.98601957259836e-05,0.000299580587177951,0,0,0,0,9.98601957259836e-05,0,0.0329538645895746,0.0104853205512283,0,0,0,0,0,0,0.000199720391451967,0,0,0.00519273017775115,0,0,0,0.0164769322947873,0,0.00369482724186139,0.10764929099261,0,0,0,0.178150589175155,0,0,0,0,0.000499300978629918,0,9.98601957259836e-05,9.98601957259836e-05,0,0,9.98601957259836e-05,0,0.00249650489314959,0,0,0,9.98601957259836e-05,0,0,0,0.00309566606750549,0,0,0.00149790293588975,0,0.000399440782903934,0,0,0,0.000199720391451967,0,0,0.000399440782903934,9.98601957259836e-05,0,0,0,0,0,0,0.000499300978629918,0,0,0,0,0,0,0,0.0168763730776912,0.000399440782903934,0,0,0,0,0.000199720391451967,0,0,0,0,0,0,0.00189734371879369,0,0.00149790293588975,0,0,0,0,0,0,0,0,0,0,0,0.00139804274016377,9.98601957259836e-05,0,0.000199720391451967,0,0,0,0,0,0.000299580587177951,0,0.00928699820251648,0,0.006091471939285,0,0.00319552626323148,0.00189734371879369,0,0,0,0,0,0,0,0,0.00978629918114639,0,0,0.0313561014579589,0,0,0.000199720391451967,0,0,0.00209706411024566,0,0,0,0,0,0,0,0,0,0,0,9.98601957259836e-05,0.00129818254443779,0,0,0,0.000499300978629918,0,0.000998601957259836,0.000599161174355902,0.000898741761533853,0,0,9.98601957259836e-05,0,0,0,0,0,0.0138805672059117,0,9.98601957259836e-05,0.0135809866187338,0,0.000199720391451967,0,0,0,0.000399440782903934,0.282105052925904,0,0,0.00908727781106451,0,0,0,0,0,0,0.000998601957259836,0,0,0,0,0.0159776313161574,0,0.000399440782903934,0,0,0.0355502296784502,0
0,0,0.0001999600079984,0,0.0335932813437313,0,9.99800039992002e-05,0,0,0.0188962207558488,0.0121975604879024,0,0,0,0.0025994801039792,0,0.0231953609278144,0,0,0,0,0.00399920015996801,0,0.000399920015996801,0,0.00389922015596881,0,0,0.0016996600679864,0,0,0,0,0.0010997800439912,0,0,0.00909818036392721,0.00599880023995201,0.0018996200759848,0,0.00629874025194961,0,0,0,0.00749850029994001,0.0031993601279744,0,0,0,0,0,0,0,0,0,0,0,0.000899820035992801,0,0.00859828034393121,0.00559888022395521,0.00469906018796241,0.0025994801039792,0,0,0.00369926014797041,0.001499700059988,0,0,0,9.99800039992002e-05,0,0,0,0,0,0,0,0,0.0107978404319136,0,0.00749850029994001,0.0210957808438312,0,0.0135972805438912,0,9.99800039992002e-05,0,0,0,0,0.000699860027994401,9.99800039992002e-05,0,0,0,0,0,0,0,0,0,0,0,0,0,0,0.0531893621275745,0.00699860027994401,0,0,0,0,0,0,0.00699860027994401,0,0,0.028494301139772,0,0,0,0.0382923415316937,0,0.0012997400519896,0.030993801239752,0,0,0,0.1624675064987,0,0.00769846030793841,0,0.0001999600079984,0.0001999600079984,0,9.99800039992002e-05,0,0,0.000499900019996001,9.99800039992002e-05,0,0,0,0,0,0,0,0,0,0.000899820035992801,0.0010997800439912,0,0,0,0,0,0,0,0.0015996800639872,0,0,0,0,0,0,0,0,0,0,0,0,0,0,0,0,0.000399920015996801,0.00569886022795441,0.0163967206558688,0.0001999600079984,0,0,0,0,0,0,0.00349930013997201,0,0,0,9.99800039992002e-05,0.00529894021195761,9.99800039992002e-05,0,0,0,0,0,0,0.0372925414917017,0,0,0,0,0,0.0031993601279744,0,0,9.99800039992002e-05,0.0015996800639872,0.000699860027994401,0,0,0,0.000399920015996801,0,0.0265946810637872,0.0015996800639872,0.0278944211157768,0,0.0120975804839032,0,0,0,0,0,0,0,0.0018996200759848,0.0002999400119976,0.00519896020795841,0,0,0.01999600079984,0,0,0,0,0,0.0027994401119776,0,0,0,0,0,0,0,0.0013997200559888,0,0,0,9.99800039992002e-05,0,0,0,0.000599880023995201,0.0010997800439912,0,0.000899820035992801,0,0.000499900019996001,0,0,0.000799840031993601,0,0,0,0,0,0.002999400119976,0.0002999400119976,0,0.00949810037992401,0,9.99800039992002e-05,0,0.0001999600079984,0,0,0.230853829234153,0,0,0.00779844031193761,0,0,0,0,0,0.00819836032793441,0,0,0,0,0,0,0,0.0002999400119976,0,0,0.0023995200959808,0
0,0.00040016006402561,0,0,0,0.000300120048019208,0,0,0.000700280112044818,0,0,0,0.00040016006402561,0,0.00230092036814726,0,0,0,0,0.000100040016006403,0.000300120048019208,0.00250100040016006,0,0.00370148059223689,0,0.477290916366547,0,0,0.00710284113645458,0.000300120048019208,0.000100040016006403,0,0,0.00250100040016006,0,0,0,0.00220088035214086,0.000200080032012805,0,0,0.00120048019207683,0,0.00260104041616647,0,0,0,0,0,0,0,0,0,0,0.000200080032012805,0,0,0,0,0,0,0,0,0,0,0,0.00360144057623049,0,0,0,0.000900360144057623,0,0,0.00130052020808323,0,0,0,0,0,0.000800320128051221,0.000200080032012805,0,0.000500200080032013,0,0.00480192076830732,0.000900360144057623,0.000100040016006403,0.000200080032012805,0,0.00100040016006403,0,0.00100040016006403,0,0,0,0.00130052020808323,0,0,0.000800320128051221,0,0,0,0,0,0.00040016006402561,0,0.045718287314926,0.0284113645458183,0,0,0,0,0,0.000300120048019208,0.000200080032012805,0.000100040016006403,0,0,0.000500200080032013,0,0,0,0,0.000300120048019208,0,0,0,0,0,0,0.000100040016006403,0.00920368147258904,0,0,0,0,0.00970388155262105,0.000700280112044818,0,0,0.00270108043217287,0,0,0,0.000600240096038415,0,0.000200080032012805,0,0,0,0.000100040016006403,0.000100040016006403,0,0.000600240096038415,0.000200080032012805,0,0,0,0.000700280112044818,0.0038015206082433,0,0,0,0,0,0,0,0.000500200080032013,0,0,0.000500200080032013,0,0,0,0,0,0,0.000800320128051221,0.00160064025610244,0.000200080032012805,0,0,0.000600240096038415,0,0.000300120048019208,0,0,0.000300120048019208,0,0,0,0,0.000100040016006403,0.000100040016006403,0,0,0,0,0,0,0,0,0,0,0,0.00590236094437775,0.000300120048019208,0,0,0.00130052020808323,0,0,0,0.000100040016006403,0,0,0.0117046818727491,0.000700280112044818,0.000300120048019208,0.00590236094437775,0.000500200080032013,0,0,0,0,0,0,0,0.000500200080032013,0,0.000100040016006403,0,0,0.21858743497399,0,0,0.000100040016006403,0,0,0.00150060024009604,0,0,0,0,0,0,0,0,0,0.00250100040016006,0,0.000100040016006403,0.00150060024009604,0.000100040016006403,0,0,0.000900360144057623,0,0.000100040016006403,0.000100040016006403,0.000100040016006403,0,0,0,0,0,0,0,0,0.0320128051220488,0,0.000100040016006403,0.0624249699879952,0,0.000700280112044818,0,0,0,0.00450180072028811,0.000500200080032013,0,0,0.00140056022408964,0,0,0,0,0,0,0.000100040016006403,0,0,0.00190076030412165,0,0.00110044017607043,0.000100040016006403,0.00150060024009604,0,0,0.00930372148859544,0
0,0,0,0,0.0134919048570857,0,9.9940035978413e-05,0.00939436338197082,0,0.00549670197881271,0.004597241655007,0,0,0,0.000599640215870478,0,0.00149910053967619,9.9940035978413e-05,0,0,0.000299820107935239,0.00199880071956826,0.00669598241055367,0,0,0.133020187887268,0.00109934039576254,0,9.9940035978413e-05,0,0,0,0,0.00109934039576254,0,0,0,0,0.0152908255046972,0,0.0131920847491505,0,0,0,0.000999400359784129,9.9940035978413e-05,0,0,0,0.00109934039576254,0,0,0,0,0.000499700179892065,0,0,0,0,0.00109934039576254,0,0.00519688187087747,0.00149910053967619,0,0,0.00149910053967619,0.00299820107935239,0,0,0.0084949030581651,0.000599640215870478,0,0.000199880071956826,0.0101938836697981,0,9.9940035978413e-05,0,0,0.0092944233459924,0.000199880071956826,0,0,0,0.00139916050369778,0,0,0,0,0,0.00499700179892065,0,0.000299820107935239,0.000299820107935239,0,0.00129922046771937,0,0,0,9.9940035978413e-05,0,0,0.0354787127723366,0,0,0,0,0.00739556266240256,0.00349790125924445,0.00359784129522287,0,0,0,0,0,0,9.9940035978413e-05,0,0.000299820107935239,0,0.000199880071956826,0,0,0.00729562262642415,0,0.000499700179892065,0.0297821307215671,0,0,0,0.0817509494303418,0.00469718169098541,0.00199880071956826,0,0,0.000499700179892065,0,9.9940035978413e-05,0,0,0,9.9940035978413e-05,0,0,0,0,0,0,0,0,0,0.000299820107935239,0.000899460323805717,0,0,9.9940035978413e-05,0,0,0,0,0.0117929242454527,0,0,0,0,0,0,0,0,0,0,0,0,0.00199880071956826,0,0,0,0,0.000599640215870478,0,0,0,0,0,0,0,0.000399760143913652,0.000199880071956826,0,0,0,0,0.00159904057565461,0,0,0,0.000199880071956826,0,0,0,0,0,0.000599640215870478,0,0.00279832100739556,0,0,0,9.9940035978413e-05,0,9.9940035978413e-05,9.9940035978413e-05,0,0,0.000199880071956826,0.000999400359784129,0,0,0,0,0,0,9.9940035978413e-05,0,0,0,0.000799520287827304,0.00219868079152508,0,0.0107935238856686,0,0.00809514291425145,0,0,0.0347791325204877,0,0,0,0,0,0,0,0,0,0.00419748151109334,0,0,0,0,0,0,0,0,0,0,0,9.9940035978413e-05,0.000699580251848891,0,0,0.00939436338197082,0,0,0,0.000199880071956826,0,0,0.000199880071956826,0,9.9940035978413e-05,0.0610633619828103,0,0,0.0847491505096942,0,9.9940035978413e-05,0,0,0,0,0.311413152108735,0,0.000199880071956826,0.00369778133120128,0,0,0,9.9940035978413e-05,0,0,0.000499700179892065,0,0,0,0,0.000799520287827304,0,0.00149910053967619,0,0,0.00199880071956826,0.00139916050369778
0,0,0,0,0,0,9.99600159936026e-05,0,0,0,0,0,0.000199920031987205,0,0,0,0,0,0,0,0,0,0,0.00039984006397441,0.00139944022391044,9.99600159936026e-05,0,0,0.000899640143942423,0,0.0275889644142343,0,0,0,0,0,0,0.00669732107157137,0,0,0,0,0,0,0,0.00519792083166733,0,0,0,0,0,0,0,0,0,0,0,0,0,0,0,0,9.99600159936026e-05,0,0,0,0.00209916033586565,0,0,0,0,0,0,0,0,0,0,0,0,0,0,0,0,0,0,9.99600159936026e-05,0,0,0,0,0,0.000299880047980808,0,0.00289884046381447,0,0,0,0,0,0,0,0,0,0,0,0,0,0.158936425429828,0,0,0,0,0,0.0235905637744902,0,0,0,0,0.0236905237904838,0,0,0,0.00329868052778888,9.99600159936026e-05,0,0,0,0,0,0,0,0,0,0,0,0,0,0,0,0,0.000299880047980808,0,0,0,0,0,0,0,0,0,0,0,0,0,0,0,0,0,0,0,0,0,0,0.0705717712914834,0,9.99600159936026e-05,0,0,0,0,0,0,0,0,0,0,0,0.00279888044782087,0.000499800079968013,0,0,0,0,0,0,0,0,0,0,0,0,0,9.99600159936026e-05,0,0,0,0,0,0,0,0,0,0,0,9.99600159936026e-05,0.00199920031987205,0,0,0,0.000499800079968013,0,0,0,0,0,0,0,0,0.0180927628948421,0,0,0,0,0,0,0,0,0,0,0,0,0,0,0.205917632946821,0,0,0,0,0,0,0,0,0,0,0,0,9.99600159936026e-05,0,0,0,0,0.000699720111955218,0,9.99600159936026e-05,0,0,0,0,0,0,0,0,0,0,0,0,0,0,0,9.99600159936026e-05,0,0,0.0133946421431427,0,0,0,0,0,0,0.292882846861255,0,0,0,0,0.0964614154338265,0,0,9.99600159936026e-05,0,0,0,0,0,0,0.037485005997601,0,0,0,0,0,0
0,0,0,0,0.016391804097951,0.00309845077461269,0.000499750124937531,0,0,0,0,0,0,0,0,0.00529735132433783,0.00919540229885057,0,0,0,0,0.0361819090454773,0,0,0,0.0262868565717141,0,0,9.99500249875062e-05,0,0.00449775112443778,9.99500249875062e-05,0,0,0,0,0,0.00299850074962519,0.00139930034982509,0,0.00299850074962519,0,0,0,0,0,0,0.000299850074962519,0,0,0.00419790104947526,9.99500249875062e-05,0,0,0,0,0,0,0,0.0101949025487256,0,0.00119940029985007,0.00179910044977511,0,0.00219890054972514,0,0.00129935032483758,0.000299850074962519,0,0.00719640179910045,0,0,0,0.00429785107446277,0,0,0,0,0.000399800099950025,0.0285857071464268,0,0,0,0,0,0,0,9.99500249875062e-05,0.00109945027486257,0,0.000399800099950025,9.99500249875062e-05,0,0,0.000499750124937531,0.000199900049975012,0,0.000199900049975012,0,9.99500249875062e-05,0,0,0,0,0,0.000999500249875062,0,0.000499750124937531,0.00919540229885057,0.000999500249875062,0,0,0,0,0,0,0,0,0,9.99500249875062e-05,0,0,0.00129935032483758,0,0,0.133733133433283,0,0,0.0247876061969016,0.087456271864068,0,0.00509745127436282,0,0,0,0,0,0,0.00329835082458771,0,9.99500249875062e-05,0,0.000299850074962519,0,0,0,0.000499750124937531,0,0,0,0,0,0,0.00419790104947526,0,0.00179910044977511,0,0,0,0.0101949025487256,0,0,0,0.222488755622189,0,0,0,0,0,0,0.000199900049975012,0,9.99500249875062e-05,0,0,0,0,0.00729635182408796,0.0347826086956522,0,0,0,0.000199900049975012,0,0.00119940029985007,0,0,0,0,0,0,0.00329835082458771,9.99500249875062e-05,0,0,0,0,0,0,0.00709645177411294,0,0,9.99500249875062e-05,0.0106946526736632,0,0.000299850074962519,0,9.99500249875062e-05,0,0.000599700149925037,0,0,0,0,0,0,0.0031984007996002,0,9.99500249875062e-05,0,0.00589705147426287,0,0,0,0,0,0,0,0,0,0,0,0,0.00229885057471264,0,0,0,0,0,0,0,0,0,0,9.99500249875062e-05,0,0,0,0,0,0,0.000399800099950025,0,0,0,0,9.99500249875062e-05,0,0.000399800099950025,0,0.00179910044977511,0,0,0.000399800099950025,0,0,0,0,0,9.99500249875062e-05,0.000499750124937531,0,0.0297851074462769,0,0.000199900049975012,0,0,0,0,0.199700149925037,0,0,0,0,0,0,0,9.99500249875062e-05,0,0,0,0,0,0.000199900049975012,0.000299850074962519,0,0.000199900049975012,0,0.00119940029985007,0.00609695152423788,0
0,0,0,0,0,0,9.99900009999e-05,0.0148985101489851,0,0,0,0,0,0.0496950304969503,0.0001999800019998,0,0.0001999800019998,0,0,0,0.074992500749925,0.0087991200879912,0,0,0,0.042995700429957,0,9.99900009999e-05,0.0026997300269973,0,0,0,0,0.0256974302569743,0,0,0,0,0,0,0,0,0,0,0,0,0,0,0,0,0,0,0,0,0.0415958404159584,0,0,0.0003999600039996,0,0.0307969203079692,0,0.0228977102289771,0,0,0,0.0241975802419758,0.0233976602339766,0.0101989801019898,0,0.0042995700429957,0.010998900109989,0,0,0,0,0,0,0,0,0,0,0,0.0738926107389261,0,0,0,0,0,0,0.0027997200279972,0,0.0005999400059994,9.99900009999e-05,0,0,0,0,0,0,0,0,0,0,0,0.0002999700029997,0,0.0815918408159184,0.050994900509949,0,0,0,0,0,0.0105989401059894,0,0,0,0,0.0304969503049695,0.0001999800019998,0,0,0.0125987401259874,0.0001999800019998,0.0026997300269973,0,0,0,0,0,0,0,0,0,0,0,0.0027997200279972,0,0.0004999500049995,0,0.0083991600839916,0,0,0,0,0,0,0,0,0.0205979402059794,0.0022997700229977,0,0,0.0044995500449955,0,0,0,0,0,0,0,0,0,0,0,0,0,0.0006999300069993,0,0,0.0088991100889911,0.0006999300069993,0,0,0,0,0,0,0.0448955104489551,0,0,0,0,0,0,0,0,0,0,0,0,0,9.99900009999e-05,0,0,0,0,0,0,0,0,0,0,0,0,0.003999600039996,0,0,0.0004999500049995,0,0.0115988401159884,0,0.0026997300269973,0,0,0,0.0431956804319568,0,0,0,0,0.011998800119988,0,0,0,9.99900009999e-05,0,0,0.0117988201179882,0,0,0,0,0.0011998800119988,0,0,0.0016998300169983,0,0,0,0,0,0,0.003999600039996,0,0,0,0,0,0,0.0477952204779522,0,0,0,0,0,0,0,0,0.0037996200379962,0.0075992400759924,0,0,0,0,0,0,0,0,0.0043995600439956,0,0,0.0211978802119788,0,0.0013998600139986,0,0.0175982401759824,0.0015998400159984,0,0,0,0,0.0188981101889811,0,0,0,0,0,0,0.0172982701729827,0,0,0,0,0,0,9.99900009999e-05,0,0.0002999700029997,0.0145985401459854,0
0,0,0,0,0,0,9.99900009999e-05,0,0,0,0,0,0.0001999800019998,0,0.0125987401259874,0,0,0,0,0,0,0,0.0007999200079992,0.0012998700129987,0,0.252374762523748,0,0,0.0083991600839916,0.0017998200179982,0,0,0,0.0060993900609939,0,0,0.0011998800119988,0,0,0,0.0002999700029997,0,0,0,0,0,0,0,0,0,0,0,0,0,0,0,0,0,0,0,0,0,0,0,0,0,0,0,0.0008999100089991,0,0,0,0,0,0,0.0015998400159984,0,0,0,0.0035996400359964,0,0,0,0,0,0,0,0,0,0,0,0.0006999300069993,9.99900009999e-05,0,0,0,0,0,0,0,0,0.0210978902109789,0,0,0,0,0,0.0388961103889611,0,0,0,0,0,0.0150984901509849,9.99900009999e-05,0,0,0,0.0015998400159984,0,0,0,0,9.99900009999e-05,0,0,0,0,0,0,0,0.0691930806919308,0,0,0,0.0016998300169983,0.0585941405859414,0,0,0,0.0020997900209979,0,0,0,0,0,0.0025997400259974,0,0,0,0,0,0,9.99900009999e-05,0,0,0,0,0,0,0,0,0,0,0,9.99900009999e-05,0,0,0,0,0,0,0.0026997300269973,0,0,0,0,0,0,0,0,0,0,0,0.0017998200179982,0,0,0,0,0,0,0.0048995100489951,0,0,0,0,0,0,0,0,0,0,0,0,0,0.0001999800019998,0,0,0.010998900109989,0,0,0,0,0,0,0,0,0,0.0014998500149985,0,0,0,0,0,0,0,0,0,0,0,0,0,0,0,0,0,0,0,0,0.0012998700129987,0,0,0,0,0,0,0,0,0,0,0,0,0,0,0,0,0.0011998800119988,0,0,0,0,0,0,0,9.99900009999e-05,0,0,0,0,0.0011998800119988,0,0,0.0157984201579842,0,0,0,0,0,0,0.40995900409959,0,0,0.0300969903009699,0,0,0,0,0.0007999200079992,0,0,0,0,0,0,0,0,0.0032996700329967,0,0,0.0107989201079892,0
0.000699370566490159,9.99100809271655e-05,0,0,0.00839244679788191,0,0.000499550404635828,0,0,0.00269757218503347,0,0,0.00179838145668898,0,0.00299730242781497,0,0,0,0,0,0,0.0146867818962933,0,9.99100809271655e-05,0,0.00959136776900789,0,0,9.99100809271655e-05,0.0155859726246378,0.00129883105205315,0,0,0.00909181736437207,0,0,0.00109901089019882,0.00839244679788191,0.0145868718153662,0,0.00249775202317914,0,0,0.00559496453192127,0.000499550404635828,0.00149865121390748,0,0,0,0,0.00399640323708662,0.00589469477470277,0,0,0.00329703267059646,0,0,0,0,0.0196822859426516,0,0.00909181736437207,0.00449595364172245,0,0,0.00639424517933859,0.00119892097112599,0.00169847137576181,0.000799280647417324,0.00629433509841143,0.00409631331801379,0,0,0,0.000199820161854331,0,0,0,0,0.0398641222899391,0,0,0.0395643920471576,0,0,0.00819262663602758,0,0,0.00129883105205315,0,0,9.99100809271655e-05,9.99100809271655e-05,0,0,0,0,0,0.033170146867819,0.000399640323708662,0,0.00179838145668898,0,0,0.000299730242781497,0,0,0.101908282545709,0.0236786891797382,0,0.00309721250874213,0,0,0,0.00139874113298032,0,0.000999100809271655,0,0.00379658307523229,0,0,0,0.00139874113298032,9.99100809271655e-05,0,0,9.99100809271655e-05,0,0,0.121390748326506,0.00239784194225197,0.000399640323708662,0,0,0,0.00179838145668898,0,9.99100809271655e-05,0,0,0,0,0,0,0,0,0,0,0,0.00309721250874213,0.000599460485562993,0.00949145768808073,0,0,0,0,0,0,0,0.00409631331801379,9.99100809271655e-05,0,0,0.0234788690178839,0,0,0,9.99100809271655e-05,9.99100809271655e-05,0,0,0,0,0,0,0,0,0.00269757218503347,0.0395643920471576,0,0,9.99100809271655e-05,0,0,0.00509541412728544,0,0,0,0,0,0,0.00119892097112599,0.000199820161854331,0.00119892097112599,0,9.99100809271655e-05,0,0,0,0,0,0,0,0,0,0.0274752722549705,0,0,9.99100809271655e-05,0.00109901089019882,0,0,0,0,0,0,0.0179838145668898,0,0,9.99100809271655e-05,0.0025976621041063,0.00379658307523229,0,0,0,0,0,0,0.0057947846937756,0,0.0172844440003996,0,0,0.0314716754920571,9.99100809271655e-05,0,0,0,0,0,0,0,0.0028973923468878,0,0,0,0,0,0,0,0.0133879508442402,0,0,0,0.00729343590768308,0,0,0,0,0.00909181736437207,0,0,0.000199820161854331,0,0.000799280647417324,0,0,0,0,0.000299730242781497,0,0,0.000799280647417324,0,9.99100809271655e-05,0,0.0461584573883505,0,0.00309721250874213,0.105005495054451,0,0,0.0146867818962933,0,0,0.00119892097112599,0,0,0.00329703267059646,0,0,0,0,0,0.0229793186132481,0,0.00089919072834449,0,0,0.0124887601158957,0
0,0,0,0,0,0,9.9940035978413e-05,0,0,0,0,0,0,0.00509694183489906,0.00389766140315811,9.9940035978413e-05,0,0,0,0,0,0.00509694183489906,0,0,0,0.301219268438937,0,0,0,0.000899460323805717,0.00919448331001399,0.0250849490305817,0,0.00409754147511493,0,0,0.004597241655007,0,0.000199880071956826,0,0,0,0,0,0,0.030981411153308,0,0.000299820107935239,0,0,0,0,0,0,0,0,0,0,0,0.00279832100739556,0,0,0,0,0,0,0,0,0.00199880071956826,0.004597241655007,0.000999400359784129,9.9940035978413e-05,0,0,0,0,9.9940035978413e-05,0.000499700179892065,0,0,0.000899460323805717,0,0.000699580251848891,0,0.010893463921647,0,0,0,9.9940035978413e-05,0.00629622226664002,0.0328802718368979,0.000599640215870478,0.0106935838496902,0,0,0,0,9.9940035978413e-05,0,0,0,0.000899460323805717,0,0,0,9.9940035978413e-05,0,0.0364781131321207,0,0,0,0,0.000599640215870478,0,0,0,0,0,0.00289826104337398,0,9.9940035978413e-05,0,0,9.9940035978413e-05,0.111633020187887,0,0,0,0,0,0,0,0,0,0,0,0,0,0.00499700179892065,0,0,0,0,0,0,0,0,0,0,0,0,0.000499700179892065,0,9.9940035978413e-05,9.9940035978413e-05,0,0,0,0.000699580251848891,0,0,0,0,0,0,0,0,0,9.9940035978413e-05,0,0,0,0,0,0.000799520287827304,0,0,0.0112932240655607,0.00579652208674795,0,0,0,0,0,0,0,0.000199880071956826,0,0,0,0,0.00659604237457526,0,0,0,0,0,0,0,0,0,0,0,0.0132920247851289,0.0146911852888267,0,0,0,0,0.00269838097141715,0,0,0,0,0.000999400359784129,0,0.000699580251848891,0.00159904057565461,0.0256845892464521,0,9.9940035978413e-05,9.9940035978413e-05,0,0,0,9.9940035978413e-05,0,0,0.00489706176294223,0,0,0,0,0,0,0,0,0,0,0.000999400359784129,0,0,0.00449730161902858,0,0.00119928043174096,0,0,0,0,0,0.0881471117329602,0,0,0,0.000999400359784129,0,0,0,0,0,0,0,0.000299820107935239,0,0,0,0,0,0,0.000599640215870478,0,0,0.0148910653607835,0,0,0,0,0,0,0.12402558464921,0,0,0.0257845292824305,0,0,0.000899460323805717,0,0,0,0.0022986208275035,0.00359784129522287,0,0,0.000199880071956826,0,0,0,0,0,0.0175894463322007,0
0,0,0,0,0.0152892974917558,0,9.9930048965724e-05,0,0,0.00929349455381233,0.00399720195862896,0,0,0.0053962226441491,0,0,0,0.00049965024482862,0,0,0,0.0181872689117618,0.000599580293794344,0,0,0.0264814629759169,0.00049965024482862,0,0.00119916058758869,0.0024982512241431,0.00139902068552014,0,0,9.9930048965724e-05,9.9930048965724e-05,0,0.0259818127310882,0.00579594284001199,0.00159888078345158,0,0.00319776156690317,0,0.000199860097931448,0.00139902068552014,0.00309783151793744,0.00379734186069751,0,0,0,0,0.00469671230138903,0,0,0,0.000199860097931448,0,0.00269811132207455,0,0,0.00699510342760068,0,0.00919356450484661,0.00369741181173179,0,0.0130908364145098,0,0.0074947536724293,0,0,0.00339762166483462,0.00219846107724593,0,0.000299790146897172,0.00479664235035475,0,0,0,0,0.000399720195862896,0.0352753072849006,0.000599580293794344,0.0053962226441491,0.00309783151793744,0,0.0638553012890976,0,0.0350754471869691,0,0,0,0,0.00049965024482862,9.9930048965724e-05,0,0.00509643249725192,0,0,0,0.00109923053862296,0.000399720195862896,0.000199860097931448,0,0,0,0.00049965024482862,0,0,0.0269811132207455,0.00219846107724593,0.0192864994503847,9.9930048965724e-05,0,0,0.00099930048965724,9.9930048965724e-05,0,0.00099930048965724,0.000399720195862896,0,0,0.00669531328070351,0,0,9.9930048965724e-05,0.00319776156690317,0.0497651643849305,0,0,0,0.0918357149995004,0.00779454381932647,0.0356750274807635,9.9930048965724e-05,9.9930048965724e-05,0.000699510342760068,0,0.000399720195862896,0,0,0,0,0,0.000599580293794344,0,0.0020985310282802,0,0.00219846107724593,0,0,0.000599580293794344,0.00149895073448586,0,0,0.00419706205656041,9.9930048965724e-05,0,0,0,0,0.00649545318277206,0,0,0,0.0223843309683222,0,0,0,0,0,0,0.00179874088138303,0.000799440391725792,9.9930048965724e-05,0,0,0,0,0.00599580293794344,0.00429699210552613,0,0,0,0,0,0.0024982512241431,0,0,0,0,0.00049965024482862,0,0.00169881083241731,0.000299790146897172,0,0,0,9.9930048965724e-05,0,0,0,0,0,0,0.0078944738682922,0,0.0078944738682922,0.00179874088138303,0,0,0.0143899270510643,0,0,0,0,0.000799440391725792,0,0.00279804137104027,0.00229839112621165,0.00769461377036075,0.00099930048965724,0.00389727190966324,0,0,0,0,0,0,0,0.0049965024482862,0,0.0233836314579794,9.9930048965724e-05,0,0.0248825821924653,0,0,9.9930048965724e-05,0,0,0.000699510342760068,0,0,0,0,0,0,0,0,9.9930048965724e-05,0,0.00229839112621165,0.000399720195862896,0.00119916058758869,0,0.00179874088138303,0.00109923053862296,0,0,0.000299790146897172,0.000699510342760068,0,0,0.000699510342760068,0.000899370440691516,0.00109923053862296,0,0,0,0.00969321474967523,9.9930048965724e-05,0,0.00449685220345758,0.00199860097931448,0,0,0,0,0,0.00159888078345158,0.155990806435495,0,0,0.020285799940042,0,0,0,0,0,0.00399720195862896,0.010492655141401,0,0,0,0,0.0182871989607275,0,0,0,0,0.00629559308484061,0.00479664235035475
0,0,0,0,0,0,0,0,0,0,0,0,0.0002999400119976,0.0142971405718856,0.00399920015996801,0,0,0,0,0,0.0028994201159768,0.0017996400719856,0,0,0,0.0011997600479904,0,0,0.000499900019996001,0,0.0249950009998,0,0,0.0028994201159768,0,0,0,0,0,0,0,0,0,0.000899820035992801,0,0.0703859228154369,0,0,0,0,0,0,0,0,0,0,0,0,0,0,0,0,0,0,0,0.00659868026394721,0.00709858028394321,0.000899820035992801,0,0,0.0582883423315337,0,0,0.0113977204559088,0,0,0,0,0,0,0,0,0,0,0.00579884023195361,0,9.99800039992002e-05,9.99800039992002e-05,0,0.0137972405518896,0,0,9.99800039992002e-05,0,0,9.99800039992002e-05,0,0,0.00499900019996001,0,0,0,0,0,0.00329934013197361,0,0.0233953209358128,0.0267946410717856,0,0,0,0,0,0.0275944811037792,0,0,0,0,0.00959808038392321,0,0,0,0,9.99800039992002e-05,0.0247950409918016,0,0,0,0,0,0,0.115076984603079,0,0,0,0,0.000399920015996801,0,0,0,0,0,0,0,0,0,0,0,0,0,0,0.0031993601279744,0,0,9.99800039992002e-05,0,0,0,0,0,0,0,0,0,0,0,0,0,0,0,0,0,0,0,0,0,0,0,0.0021995600879824,0,0,0,0,0,0,0,9.99800039992002e-05,0,0,0,0,0.0243951209758048,0,0,0,0,0,0,0,0,0,0,0,0,0,0,0,0,0,0,0,0,0,0.000999800039992002,0,0,0.00989802039592082,0,0,0,0.000999800039992002,0,0,0,0.0001999600079984,0.000699860027994401,0,0,0.0118976204759048,0,0.0202959408118376,0,0,0.0547890421915617,0,0,0,0,0,0,0,0,0,0,0,0,0,0,0,0,0.0115976804639072,0,0,0,0,0,0,0,0,0,0,0,0,0,0,0,0,0.0168966206758648,0,9.99800039992002e-05,0,0.00689862027594481,0.0778844231153769,0,0,0,0,0.000899820035992801,0,0.201859628074385,0,0,0.0329934013197361,0,0,0,0,0,0,0,0.0187962407518496,0,0,0,0.0319936012797441,0,0.0001999600079984,0,0,0.00559888022395521,0
0.00209916033586565,0,0,0,0,0,0.00119952019192323,0,0,0,0,0,9.99600159936026e-05,0,0.0079968012794882,0,0,0,0,0,0,0,0,0.00039984006397441,0,0.253398640543782,0,0,0.00199920031987205,0.000899640143942423,0.0285885645741703,0,0,0.00319872051179528,0,0,0.0113954418232707,0,9.99600159936026e-05,9.99600159936026e-05,0.000199920031987205,0,0,0,0,0,0,0,0,0,0,0,0,0,0,0,0.000299880047980808,9.99600159936026e-05,0,0,0,0,9.99600159936026e-05,0,0,0,0,0,0.00149940023990404,0,0,0,0,0,0,0,9.99600159936026e-05,0,0,0,0,0,0,0,0,0,9.99600159936026e-05,0.0509796081567373,0,0.00659736105557777,0,0.00039984006397441,0.000899640143942423,0,0,0.000299880047980808,0,0,0.0037984806077569,0,0,0.00109956017592963,0,0,9.99600159936026e-05,0,0.00899640143942423,0.0714714114354258,0,0,0,0,0,0,0,9.99600159936026e-05,0,9.99600159936026e-05,0,9.99600159936026e-05,0.00039984006397441,0,0,9.99600159936026e-05,0,0,0,0,0,0,0,0,0,0.000299880047980808,0,0,0.000699720111955218,0.000299880047980808,0.000199920031987205,0,0.000599760095961615,0,0,0,0,0,0,0,0,0,0,0,0,0,0,0,0,0,0,0.0102958816473411,0,0,0,0,0,0,0,0,0,0,0,0,0,9.99600159936026e-05,0,0,0,0.0190923630547781,0,0,0,0,0,0,0,0.00039984006397441,0,0.0102958816473411,0,0,0,0,0.000299880047980808,0,0,0,0.0118952419032387,0,0,0,0,0,0,0,0,0.000599760095961615,0,0,9.99600159936026e-05,0.000599760095961615,0,0,0,0,0,0,0,0.00189924030387845,0.0200919632147141,0,0.00949620151939224,0,0,0,0,0.00129948020791683,0,0,0,0,0,0,0,0.0293882447021192,0,0,0,0,0,0,0,0,0.0102958816473411,0,9.99600159936026e-05,0,0,0.00039984006397441,0,0,0,0,0,0,0.000699720111955218,0,0,0,0,0,0,0,0,0,0.000299880047980808,0,0,0,0,0.286885245901639,0,0,0.0217912834866054,0.000199920031987205,9.99600159936026e-05,0,0,0,0,0.0801679328268693,0,0,0.0130947620951619,0,0,0,0,0.000199920031987205,0,0,0,0,0,0,0.00189924030387845,0,0.000699720111955218,0,0,0.00589764094362255,0
0,0,0,0,0,0,9.99600159936026e-05,0,0,0,0,0,0,0,0.101459416233507,0,0.00259896041583367,0,0,0,0,0.00239904038384646,0,0,0.00039984006397441,0.410135945621751,0,0,0.00159936025589764,0,0,0,0,0.0235905637744902,0,0,0.00489804078368653,9.99600159936026e-05,0,0,0.000199920031987205,0,0,0,0,0.00039984006397441,0,0,0,0,0,0,0,0,0,0,0,0,0,0,0,0,0,0,0,0,0.00629748100759696,0,0.000199920031987205,0,0,0,9.99600159936026e-05,0,0,0,0,0,0,0,0,0.000899640143942423,0.00499800079968013,0,0,0.0133946421431427,0,9.99600159936026e-05,0,0.00849660135945622,0,0.00109956017592963,0.000499800079968013,0,0,9.99600159936026e-05,0,0.000499800079968013,0,0,0,0.00509796081567373,0,0.0038984406237505,0.000299880047980808,0,0,0.0203918432626949,0,0,0,0,0,0.00369852059176329,0,0,9.99600159936026e-05,0,0.00109956017592963,0,0,0,0,0.000699720111955218,0.0272890843662535,0.00239904038384646,0,0.000899640143942423,0,0,9.99600159936026e-05,0,0,0,0,0,0.00259896041583367,0,0,0,0,0,0,0,0.00629748100759696,0,0.0105957616953219,0,0,0,0,0,0,0,9.99600159936026e-05,0,0,0,0,0.000999600159936026,0,0,0,0,0,0,0,0,0,0,0,0,9.99600159936026e-05,0,0,0,0,0,0,0,0,0,0,0,0,0,0,0,0,0,0,0.00979608156737305,0.000199920031987205,0,0,0,0,0,0,0,0,0,0,0.0758696521391443,0,0.0231907237105158,0,0,0,9.99600159936026e-05,0,0,0,0,0,0,0,0,0.0255897640943623,0,0,0,0,0,0,0,0,0,0,0.000199920031987205,9.99600159936026e-05,0,0,0,0,0,0,0,0,0,0,0,0,0,0,0,0,0,0,0,0,0,0,0,0,0,0,0,0,0,0,0,0,0,0,0,0,0,0,0.00319872051179528,0,0,0.130447820871651,0,0,0,0,0,0.000499800079968013,0.0180927628948421,0,0,0.0385845661735306,0,0,0,0,0,0,0,0,0,0,0,0,0,0.00289884046381447,0,0,0,0
0,0,0,0,0.00489217252396166,0.00579073482428115,0,0.000998402555910543,0.00129792332268371,0.00529153354632588,0,0,0.00149760383386581,9.98402555910543e-05,0.00988418530351438,0,0,0,0,0,9.98402555910543e-05,0.00139776357827476,0,0,0,0.195886581469649,0,0,0.000299520766773163,0.011082268370607,0.00069888178913738,0,0,0.00419329073482428,0,0,9.98402555910543e-05,9.98402555910543e-05,0.00469249201277955,0,0.0034944089456869,0,0,0.000199680511182109,0.00549121405750799,0.000199680511182109,0,0,0,0,0.00139776357827476,9.98402555910543e-05,0,0,9.98402555910543e-05,0,0,0,0,0.000199680511182109,0,0.000199680511182109,0,0,0,0,0.00748801916932907,0.000299520766773163,0,0,9.98402555910543e-05,0,0,0.00169728434504792,0,0,0,9.98402555910543e-05,0,9.98402555910543e-05,0,0,0.00199680511182109,0,0,0,0.00189696485623003,0,0.00509185303514377,0.000599041533546326,9.98402555910543e-05,0.00069888178913738,0,0,0.00449281150159744,0,0,0,0.000798722044728434,0,0,0,0,0,0,0,0,0.00189696485623003,0.00329472843450479,0,0,9.98402555910543e-05,0,0.0124800319488818,0.000599041533546326,0,0,0,0.00119808306709265,0,0,0.0170726837060703,0.00069888178913738,0.000199680511182109,0.0069888178913738,0.184604632587859,0,0,0,0.0822683706070288,0.00119808306709265,9.98402555910543e-05,0,0,0,0,0.00778753993610224,0,0,0,0.0134784345047923,0,0,0,0,0,9.98402555910543e-05,0,0,9.98402555910543e-05,9.98402555910543e-05,9.98402555910543e-05,0,0,9.98402555910543e-05,0,0,0,0.00069888178913738,0.00169728434504792,0,0,0,9.98402555910543e-05,0,0,0,0,0,0,0.000199680511182109,0,0,0,0,0,0,9.98402555910543e-05,0.00479233226837061,0,0,0,0.00279552715654952,0,0,0,0,0,0,0,0,0.00129792332268371,9.98402555910543e-05,0,0,0,0,9.98402555910543e-05,0,0,0,0,0,0,0,0.000599041533546326,0,0,0,0,0,0,0.000599041533546326,9.98402555910543e-05,0.000199680511182109,0,0.00419329073482428,9.98402555910543e-05,9.98402555910543e-05,0,0,0,0,0,0,0.00179712460063898,0,0,0.000399361022364217,0,9.98402555910543e-05,0,0,0.251697284345048,0,0,0.000199680511182109,0,0,0,0,0,0,0.000299520766773163,0,0,0,0,0,0,0.00119808306709265,0.000199680511182109,0,0,0.000299520766773163,0.00139776357827476,0.000798722044728434,0,9.98402555910543e-05,0.000299520766773163,0.000399361022364217,0,0,0.000399361022364217,0,0,0,0,0,0.0536142172523962,0,9.98402555910543e-05,0.0231629392971246,0,0,0,0,0,9.98402555910543e-05,0.0170726837060703,9.98402555910543e-05,0,0.00309504792332268,0,0,0.000898562300319489,0,9.98402555910543e-05,0.000199680511182109,0.000199680511182109,0,0,0,0,0.00069888178913738,0,0.00269568690095847,0,0,0.000998402555910543,0
0.00129922046771937,0,0.000599640215870478,0,0.01259244453328,0,9.9940035978413e-05,0,0,0.00789526284229462,0.00839496302218669,0,0.00299820107935239,0,0.00149910053967619,0,0.00859484309414351,0,0,0,0,0,0,0.00119928043174096,0,0.341395162902259,0,0,0.00119928043174096,0.00759544273435938,0.0129922046771937,0,0,0.00329802118728763,0,0,9.9940035978413e-05,0,0.00209874075554667,0,0.0123925644613232,0,0,0,0.000899460323805717,0.00209874075554667,0,0,0,0,0.00409754147511493,0,0,0,0,0,0,0,0,0.0245852488506896,0.00839496302218669,0,0.000899460323805717,0,0,0,0.0347791325204877,0.000399760143913652,0,0.0122926244253448,0,0,0,0,0,0,0.000599640215870478,0,0,0,0,0.0219868079152508,0.00339796122326604,0,0,0,0.0223865680591645,0,0,0,0,0.000199880071956826,9.9940035978413e-05,0,0,0,9.9940035978413e-05,0,0,0,0,0.0244853088147112,0,0,0,0.000199880071956826,0,0.000499700179892065,0.00209874075554667,0,0,0,0,0,0.000299820107935239,0,0,0.00149910053967619,0,0,0,0,0.0129922046771937,0,0.000699580251848891,0.0328802718368979,0,0,0,0.0322806316210274,0,0,0,0.000199880071956826,0.00109934039576254,0.000399760143913652,0.000199880071956826,0.000199880071956826,0,0,9.9940035978413e-05,0,0,0,0,0,0,0,0,0,0,0,0.000199880071956826,0,0,0,0,0,0,0.00169898061163302,0,0,0,0,0,0,0,0,0,0,0,0,0,0,0,0,0,0.000599640215870478,0,0.000299820107935239,0,0,0,0,0.00329802118728763,0,0,0,0,0,0,0.00699580251848891,0,0,0,0,0,0,0,0,0,0,0,0,0,0.00259844093543874,0.000599640215870478,0,9.9940035978413e-05,0,0,0,0,0,0,0,0.0283829702178693,0,0.00899460323805717,0,0,0,0,0,0,0,0,0,0.00329802118728763,0,0,0,0,0,0,0,0,0,0,0,0,0,0,0,0.000299820107935239,0,0,0,0,0,0,0,0,0,0,0.000499700179892065,0.000499700179892065,0,0.000499700179892065,0,0.000799520287827304,0,0,0,0,0,0,0,0,0.0277833300019988,0,0,0.0138916650009994,0,0,0,0,0,0,0.20027983210074,0,0,0.0145912452528483,0,0,0,0,0,0,0,0,0,0,0,0,0,0.00319808115130921,0,0,0.00699580251848891,0
0,0,0.0001000200040008,0,0,0.0002000400080016,0,0.00450090018003601,0,0,0,0,0,0.0199039807961592,0,0,0.0017003400680136,0,0,0,0.0011002200440088,0.001000200040008,0,0,0.000500100020004001,0.180936187237447,0,0,0,0,0.000500100020004001,0,0,0,0,0.000700140028005601,0.000900180036007201,0.0003000600120024,0,0,0,0,0.0493098619723945,0.00350070014002801,0,0.000400080016003201,0,0,0,0,0,0,0,0,0.0002000400080016,0.001000200040008,0,0,0,0,0,0,0,0.0012002400480096,0,0,0.0026005201040208,0,0,0,0.000500100020004001,0,0,0.001500300060012,0,0,0,0,0,0.000800160032006401,0,0.000500100020004001,0.0002000400080016,0,0.000400080016003201,0,0,0.000600120024004801,0,0.00690138027605521,0.0002000400080016,0,0,0,0,0,0.00860172034406881,0,0.001500300060012,0,0,0,0,0,0,0,0.0001000200040008,0.0379075815163033,0,0.00790158031606321,0,0.0114022804560912,0,0.0001000200040008,0,0,0,0,0.0002000400080016,0,0,0,0,0.0003000600120024,0.0017003400680136,0,0.0023004600920184,0,0,0,0.001500300060012,0.0206041208241648,0,0,0,0,0,0,0,0.000600120024004801,0.0118023604720944,0,0,0,0,0,0.00320064012802561,0.0003000600120024,0,0,0.000900180036007201,0,0,0,0.0002000400080016,0,0.00470094018803761,0,0,0,0,0,0,0.0002000400080016,0,0,0,0,0,0.000700140028005601,0,0,0,0,0,0,0,0.000400080016003201,0,0,0,0,0,0,0.000600120024004801,0,0.0022004400880176,0,0,0,0,0.00450090018003601,0,0,0,0,0,0.0013002600520104,0,0,0.0468093618723745,0,0,0,0,0.00450090018003601,0,0,0,0.0104020804160832,0,0,0,0.0018003600720144,0.0001000200040008,0,0.000400080016003201,0.0011002200440088,0.114022804560912,0,0.0001000200040008,0,0,0,0,0.0011002200440088,0,0,0,0,0.00550110022004401,0,0,0.0176035207041408,0,0,0,0,0,0,0,0,0,0,0,0,0.0576115223044609,0,0,0,0.0001000200040008,0.0002000400080016,0.000800160032006401,0,0.000400080016003201,0.0017003400680136,0.0125025005001,0,0.0003000600120024,0.0014002800560112,0,0,0,0.000400080016003201,0,0,0,0,0.000800160032006401,0.123124624924985,0.000900180036007201,0.000900180036007201,0.0738147629525905,0,0,0,0,0,0,0.0676135227045409,0.000900180036007201,0,0.00760152030406081,0,0,0,0,0,0,0.000900180036007201,0,0.0353070614122825,0,0,0,0,0,0,0,0.0014002800560112,0
0,0,0.000499800079968013,0,0.03218712514994,0.00349860055977609,9.99600159936026e-05,0,0,0.00699720111955218,0.00549780087964814,0,0,0,0.00179928028788485,0.00109956017592963,0.0180927628948421,0,0,0,0,0.0500799680127949,0.00559776089564174,0,0,0.00369852059176329,0,0,0.00159936025589764,0.00619752099160336,0,0,0,0.00719712115153938,0,0,9.99600159936026e-05,0,0.00289884046381447,0,0.00579768092762895,0,0,0,0.00129948020791683,0.00819672131147541,0,0,0,0,0.0119952019192323,0.00359856057576969,0,0.000999600159936026,0,0,0,0,0,0.00759696121551379,0.00359856057576969,0,0.00149940023990404,0,0,0,0.0124950019992003,0,0,0.00039984006397441,0,9.99600159936026e-05,0.00479808076769292,0,0,0,0,0,0,0.0864654138344662,0,0.0206917233106757,0.000199920031987205,0.00169932027189124,0,0,0,0,0.00189924030387845,0,0,9.99600159936026e-05,9.99600159936026e-05,0,0.00109956017592963,0,0,0,0,0,0,0.00819672131147541,0.00039984006397441,0.00459816073570572,0,0,0,0.0471811275489804,0,0.00269892043182727,0,0,0,0,9.99600159936026e-05,0,0,0,0,0,0,0,0,9.99600159936026e-05,0.000199920031987205,0.0591763294682127,0,0.00039984006397441,0,0.182127149140344,0,0,0,9.99600159936026e-05,0.000999600159936026,0,0,0,0,0,0,0,0.00109956017592963,0,0.00679728108756497,0,0.00169932027189124,0.00199920031987205,0,0,0.00179928028788485,0,0,0.00079968012794882,9.99600159936026e-05,0,0,0,0.00149940023990404,0,0.00119952019192323,0,0,0,0,0,0,0,0,0,0.000699720111955218,0,0.00449820071971212,0,0,0,0.000499800079968013,0,0.0361855257896841,0,0,0,0,0,0.00419832067173131,0,0,0,0,0,0,0.00669732107157137,0.00079968012794882,0.000199920031987205,0,0,0.00039984006397441,0,0,0,0,0,0.0151939224310276,0.0254898040783687,0,0.024390243902439,0.00039984006397441,0,0,0.000499800079968013,0,0,0,0,0.00559776089564174,0,0.0115953618552579,0.0109956017592963,0.00479808076769292,0,0.00129948020791683,0.00039984006397441,0,0,0,0,0,0,0,0,0.00469812075169932,0,0,0.00349860055977609,0,0,0.000199920031987205,0.000199920031987205,0,0,0,0,0,0,0,0,0,0,0,0,0,0.00719712115153938,0.00119952019192323,9.99600159936026e-05,0.00419832067173131,0,0,0,0,0,0,0,0.00129948020791683,0,0.000599760095961615,0,0,0,0,0.00689724110355858,9.99600159936026e-05,0,0.000899640143942423,0,9.99600159936026e-05,0,0,0,0,0.117253098760496,0,0,0.0215913634546182,0,0,0,0,0,0,0.00259896041583367,0,0,0,0.00599760095961615,0,0,0.00139944022391044,0,0,0.0200919632147141,0
0,0,0,0,0,0,9.99600159936026e-05,9.99600159936026e-05,0,0,0,0,0,0.00859656137544982,0.00259896041583367,0,0,0,0,0,0.000199920031987205,0,0,0.00039984006397441,0.000499800079968013,0.541383446621351,0,0,0.00209916033586565,0,0.00119952019192323,0,0,0.00709716113554578,0,0,0.0163934426229508,0,0,0,0,0,0,0.00419832067173131,0,0.00119952019192323,0,0,0,0,0,0,0,0,0,0,0,0,0,0.00149940023990404,0,0,9.99600159936026e-05,0,0,0,0.00809676129548181,0,0,0,0.00139944022391044,0,0,0.000499800079968013,0,0,0,0,0,0.00129948020791683,0,0,0,0,0.00339864054378249,0,0.0123950419832067,0.0117952818872451,0,0.000199920031987205,0,0.00199920031987205,0.000199920031987205,0,0,0.000299880047980808,0,0,0,0,0,0.000999600159936026,0,0,0,0,9.99600159936026e-05,0.149540183926429,0,0,0,0,0,0.00319872051179528,0,0,0,0,0.00369852059176329,0,0,0,0,0,0.0149940023990404,0,0,0,9.99600159936026e-05,0,0.000199920031987205,0.00859656137544982,0,0,0,0,0.00559776089564174,0,0,0,0.000299880047980808,0,0,0,0,0,0,0,0,0,0.000299880047980808,0,0,0,9.99600159936026e-05,0,0,0,0.024390243902439,0.000899640143942423,0,0,0,0,0,0,0,0,0,0,0,0,0,0,0,0,0,0,0.0172930827668932,9.99600159936026e-05,0,0,0,0,0.000199920031987205,0,0,0,0,0,0,0.00159936025589764,0,0,0,0,0,0,0,0,0,0,0,0,0,0,0,0,0,0.000499800079968013,0,0,0,0,0,0,0.00359856057576969,0,0,0,0,0,0,0,0,9.99600159936026e-05,0,0,0.00659736105557777,0,0.00159936025589764,0,0,0.00249900039984006,0,0,0,0,0,0,0,0,0,0,0,0,0,0,0,0,0,0.00079968012794882,0,0,0,0,0,0,0.000499800079968013,0.00269892043182727,0.000199920031987205,0,0,0,0,0,0,0,0,0,0,0.000199920031987205,0.00529788084766094,0,9.99600159936026e-05,0,0,0,0,0.0985605757696921,0,0,0.00899640143942423,0,0,0,0,0,0,0,0,0,0,0,0,0,9.99600159936026e-05,0,0,0.00619752099160336,0
0,0,0,0,0.0372850859656138,0,0,0,0,0.00539784086365454,0.00419832067173131,0,0,0,0,0,0,0,0,0,0,0.0175929628148741,0.00189924030387845,0,0,0.0116953218712515,0,0,9.99600159936026e-05,0,0,0,0,0,0,0,0,0,0,0,0,0,0,0,0.00129948020791683,0.00199920031987205,0,0,0,0,0.0079968012794882,0,0,0,0,0,0,0,0,0,0,0.000699720111955218,0,0,0,0,0.00309876049580168,0.000499800079968013,0,0.033186725309876,0,0,0,0,0.0105957616953219,0,0,0,0,0.000499800079968013,0,0.0132946821271491,0.0203918432626949,0,0,0,0,0,0,0,0,0,0,0.00829668132746901,0.000499800079968013,0,0.00039984006397441,0,0.000899640143942423,0,0,0,0,0,0,0,0,0.0341863254698121,0.00549780087964814,9.99600159936026e-05,0,0.00179928028788485,0.00269892043182727,0,0,0,0.00359856057576969,0,0,0,0,0,0.00309876049580168,0,0,0.0742702918832467,0.0039984006397441,0,0,0.123950419832067,0.0388844462215114,0.000499800079968013,0,0,0.000199920031987205,0,0,9.99600159936026e-05,0,0,0,0,0.000699720111955218,0,0,0,0,0,0,0,0,0,0,0,9.99600159936026e-05,0,0,0,0.00079968012794882,0.0156937225109956,0,0,0,9.99600159936026e-05,0,9.99600159936026e-05,0,0,0,0,0,0,9.99600159936026e-05,0,0,0,0,0.0207916833266693,0,0,0,0,0,0,0,0,0,0,0,0.000699720111955218,0,0.00589764094362255,0,0,0,0,0,0,0,0,0,0,0,0,0,0.00139944022391044,0,0,0,0,0,0,0,0,0.000499800079968013,0,0.0102958816473411,0,0,0,0.0142942822870852,0,0,0,0,0,0,0,0.0125949620151939,0,0.00589764094362255,0,0,0.0104958016793283,9.99600159936026e-05,0,0,0,0,0,0,0,0,0,0,0,9.99600159936026e-05,0,0,0,0,0.000999600159936026,0,0,0.000699720111955218,0,9.99600159936026e-05,0,0,0,0,0,0,0,0,0,0,0,0,0.00079968012794882,0.00299880047980808,0,0.120851659336265,0,0,0,0,0,0,0.28078768492603,0,0,0,0,0,0,0,0,0.00209916033586565,0.00929628148740504,0,0,0,9.99600159936026e-05,0.00589764094362255,0,0,0,0,0,0
0,0,0.0002999700029997,0,0.0054994500549945,0,0,0,0,0.0063993600639936,0,0,0,0,0,0,0,0,0,0,0,0.0116988301169883,0,0,0,0.279472052794721,0,0,0.0003999600039996,0,0,0,0,0.0134986501349865,0,0,0.0016998300169983,0,0.0024997500249975,0,0.0037996200379962,0,0,0,0.0065993400659934,0.0031996800319968,0,0,0,0,0,0.0004999500049995,0,9.99900009999e-05,0,0,0,0,0.0006999300069993,0.0004999500049995,0,0.0003999600039996,0,0,0.0038996100389961,0,0,0.0005999400059994,0,0.00999900009999,0.0001999800019998,0,0.0001999800019998,0.0070992900709929,0,0,0,0,0,9.99900009999e-05,0.0001999800019998,0.0022997700229977,0,0,0,0,0,0,0,0,0,0,9.99900009999e-05,0,0.000999900009999,0,0,0,0.0007999200079992,0,0,0.0492950704929507,0,0,0,9.99900009999e-05,0.0043995600439956,9.99900009999e-05,0.0036996300369963,9.99900009999e-05,0,0,0,0,0,0,0,0.0001999800019998,0,0,0,0.0023997600239976,0.0105989401059894,0,0,0.147885211478852,0,0,0,0.0478952104789521,0,9.99900009999e-05,0,0,0.0002999700029997,0,0.0085991400859914,0,0,0,9.99900009999e-05,0,0.0020997900209979,0,0,0,0,0,0,0,9.99900009999e-05,0,0.0001999800019998,0,9.99900009999e-05,0,0,0,9.99900009999e-05,0.003999600039996,0,0,0,0.0173982601739826,0,0,0,0,0,0,0.0001999800019998,0,0,0,0,0,0,0,0.0045995400459954,9.99900009999e-05,0,0,0,0,0,0,0.0006999300069993,0,0,0,0,0.0018998100189981,9.99900009999e-05,9.99900009999e-05,0,0,0,0,0,0,0,0,0,0,0,0.0001999800019998,0.0003999600039996,0,0,0.0003999600039996,0,0,9.99900009999e-05,0,0.0024997500249975,0,0,9.99900009999e-05,9.99900009999e-05,0.0003999600039996,0,0,0,0,9.99900009999e-05,0,0,0,0,0,0.0053994600539946,0,0,0.0113988601139886,0,0,0,0,0,0,0,0,0,0,0,0,0,9.99900009999e-05,0,0,0,0,0,0,0,0,0,0,0.0003999600039996,0.0036996300369963,0,0,0,9.99900009999e-05,0,0,0,0,0,0,0,0.0003999600039996,0.0178982101789821,0,0.000999900009999,0,0,0,0,0.225777422257774,0,0,0.0386961303869613,0,0,0,9.99900009999e-05,0,0,0.0031996800319968,0,0,0,0.0023997600239976,0.0018998100189981,0,0.000999900009999,0,0,0.010998900109989,0
0,0,9.9940035978413e-05,0,0,0,0,0.00159904057565461,0,0,0,9.9940035978413e-05,9.9940035978413e-05,0.0306815910453728,0.000699580251848891,0,0,0,0,0,0.0101938836697981,0.00199880071956826,0,0,0,0.174295422746352,0,0,0.000299820107935239,0,0,0,0.00139916050369778,0.00819508295022986,0,0,0.00169898061163302,0,0.000499700179892065,0,0,0,0,0.00499700179892065,0.000699580251848891,0.000499700179892065,0,0,0,0,0,0,0,0,0.000499700179892065,0,0,0,0,0.000599640215870478,0,0,0,0,0,0,0,0,0,0.000299820107935239,0.0030981411153308,0,0.00329802118728763,0.0111932840295823,0,0,0,0,0,0.00199880071956826,0,0,0,0,0,0.000199880071956826,0,0,0,0.00319808115130921,0,0,0.00319808115130921,0,0,0.0124925044973016,0,9.9940035978413e-05,0.0092944233459924,0,0,0.00129922046771937,0,0,9.9940035978413e-05,0,0.0253847691385169,0.00709574255446732,0,0,0,0,0,0.00439736158305017,9.9940035978413e-05,0,0.000199880071956826,9.9940035978413e-05,0.000899460323805717,0,0,0,0,0.000199880071956826,0.0268838696781931,0,0,0,0,0.00899460323805717,0.00119928043174096,0.0112932240655607,0,0.000499700179892065,0,0,0.0405756546072357,0,0,0,0.00169898061163302,0,0,0,0.000199880071956826,0,0,0.000999400359784129,0,0,0.00109934039576254,0.0128922646412153,0,0.000599640215870478,0.00449730161902858,0,0,0,0.00139916050369778,0,0,0,0,0.0329802118728763,0,0,0,0,0,0,0,0,0,0,0,0,0,0.00879472316610034,0,0,0,0,0,0,0,0,0,0,0,0,0,0.00249850089946032,9.9940035978413e-05,0,0,0,0,9.9940035978413e-05,0,0,0.0358784729162503,0,0,0,0,0.000399760143913652,0,0,9.9940035978413e-05,0.000299820107935239,0,0,0,0,0.0022986208275035,0.000199880071956826,0,0,0.0203877673395962,0,0.000299820107935239,0.00159904057565461,0,0,0,0.0022986208275035,0.000399760143913652,0,0.0105936438137118,0,0,0,0,0.0222866280231861,0,0,0,0,0,0,0,0,0,0,0,0,9.9940035978413e-05,0,0,0,0.0167899260443734,0,0,0,0.000599640215870478,9.9940035978413e-05,0,0.000299820107935239,0,0.00179892064761143,0,0,0,0.000499700179892065,0,9.9940035978413e-05,0,0,0.000399760143913652,0,0,0,0.00589646212272636,0,9.9940035978413e-05,0,0,0,0,0.342694383369978,0.000299820107935239,0,0.0225864481311213,0,0,0,0,0,0,0,0,0,0,0,0.0177893264041575,0,9.9940035978413e-05,0,0,0.00819508295022986,0
0,0,0,0.00069888178913738,0.0153753993610224,0.00529153354632588,0.00069888178913738,0,0,0,0.00509185303514377,0,0,0,0.0593051118210863,0.000299520766773163,0.0155750798722045,9.98402555910543e-05,0.00938498402555911,0,0.00289536741214057,0.0080870607028754,0.00129792332268371,9.98402555910543e-05,0,0.00768769968051118,0.000998402555910543,0,9.98402555910543e-05,0.0045926517571885,0,0,0,0,0.000499201277955272,0,0,0.00139776357827476,0.0034944089456869,0.000399361022364217,0.00619009584664537,0,0,0.000399361022364217,0.00309504792332268,0.0023961661341853,9.98402555910543e-05,9.98402555910543e-05,9.98402555910543e-05,9.98402555910543e-05,0.0045926517571885,0.000898562300319489,0,0,0,0,0.00149760383386581,0,0,0.00299520766773163,0.00549121405750799,0.0190694888178914,0.00189696485623003,0,0,0.0148761980830671,0.00758785942492013,0.0122803514376997,0,0.000499201277955272,0.000199680511182109,9.98402555910543e-05,0.000399361022364217,0.00858626198083067,0,0.010982428115016,0,0,0,0.00189696485623003,0,0.014676517571885,9.98402555910543e-05,0,0,0,0,0,0.00539137380191693,0.0023961661341853,0.000798722044728434,9.98402555910543e-05,0,0,0.00149760383386581,0,0,0,0.000898562300319489,9.98402555910543e-05,0,0,0,0,0.00419329073482428,0,0.0023961661341853,0.0101837060702875,0.0303514376996805,9.98402555910543e-05,0.00119808306709265,0,0,0.0148761980830671,0,0,0.00169728434504792,0.000299520766773163,0.00169728434504792,0,0,0,0.014676517571885,9.98402555910543e-05,0.000299520766773163,0.0755790734824281,0,0,9.98402555910543e-05,0.0641972843450479,0,0.00778753993610224,0.000499201277955272,0,0.000998402555910543,0,9.98402555910543e-05,0,0,0,9.98402555910543e-05,0,0.000599041533546326,0,0,0,0,0.000399361022364217,0,9.98402555910543e-05,0.000299520766773163,0.000199680511182109,0,0.000299520766773163,0,0,0,0,0,0.00369408945686901,0,0.000399361022364217,0,0,9.98402555910543e-05,9.98402555910543e-05,0.000399361022364217,0.000499201277955272,0,0.00129792332268371,9.98402555910543e-05,9.98402555910543e-05,9.98402555910543e-05,0,0,0,0.000299520766773163,0.00828674121405751,0.00399361022364217,0,0,0.000399361022364217,0,0,9.98402555910543e-05,0,0,0,0,0,0,0.00509185303514377,9.98402555910543e-05,0.00199680511182109,0,0,0.00149760383386581,0,0,0.014776357827476,0,0.000299520766773163,0,0,0.0391373801916933,0.000599041533546326,9.98402555910543e-05,0.00069888178913738,9.98402555910543e-05,9.98402555910543e-05,0,0,0,0.000299520766773163,9.98402555910543e-05,9.98402555910543e-05,0,0.000499201277955272,0.0208666134185304,0,0.00628993610223642,0,0,0,0.000199680511182109,0,0.000299520766773163,0,0.0106829073482428,0,0.00409345047923323,9.98402555910543e-05,0,9.98402555910543e-05,0,0,0.000299520766773163,0,9.98402555910543e-05,0,0,0,0,0.00249600638977636,9.98402555910543e-05,9.98402555910543e-05,0,0,0.000199680511182109,0,0,0.000199680511182109,0.0010982428115016,0,0.00069888178913738,0.000599041533546326,0.00119808306709265,0,0.000199680511182109,0.00539137380191693,0,0,0,9.98402555910543e-05,9.98402555910543e-05,0,0,0,0.00169728434504792,0.000599041533546326,0,0,0.0162739616613419,0.000199680511182109,9.98402555910543e-05,0,0,0.000199680511182109,9.98402555910543e-05,0.215355431309904,0,0.000499201277955272,0.0169728434504792,0,0.0849640575079872,0,0,9.98402555910543e-05,0,0.000998402555910543,0,9.98402555910543e-05,0,0,0.00449281150159744,0,0.000199680511182109,0,0,0.00269568690095847,0.0045926517571885
0,0,0,0,0,0,0,0,0,0,0,0,0.0001999800019998,0,0.0007999200079992,0,0,0.0003999600039996,0,0,0.0110988901109889,0,0,9.99900009999e-05,0,0.0230976902309769,0,0,0.0005999400059994,0.0028997100289971,0,0,0,0,0,0,0.0012998700129987,0.0503949605039496,0,0,0,0,0,0,0,0,0,0,9.99900009999e-05,0,0.0008999100089991,0,0,0,0,0,0,9.99900009999e-05,0,0,0.0008999100089991,0,0,0,0,0.0006999300069993,0.0326967303269673,0,0,0,0,0,0,0,0,0,0,9.99900009999e-05,0,0.107789221077892,0,0,0.062993700629937,0,0,0.0002999700029997,0.0206979302069793,0,0,0,0,9.99900009999e-05,0.0002999700029997,0,0,0.0001999800019998,0,0,0,0,0,0,0,0,0,0,0,0,0,0,0,0,0,0.0162983701629837,0,0.0002999700029997,0,0,0.027997200279972,0,0,0,0,0.0002999700029997,0,0,0,0,0,0,0.0246975302469753,0.168383161683832,0,0,0,0,0.0010998900109989,9.99900009999e-05,9.99900009999e-05,0,0.0080991900809919,0.0003999600039996,0,0,0,0,0,0,0,0.0001999800019998,0.0067993200679932,0.002999700029997,0,0,0.0001999800019998,0,0,0,0,0,0,0,0,0.11048895110489,0.0002999700029997,0,0,0,0,0,0.0073992600739926,0,0,0,0,0,0,0.0002999700029997,0,0.0065993400659934,0,0,0,0,0.0047995200479952,0,0,0,0,0.0002999700029997,0,0,9.99900009999e-05,0.0051994800519948,0,0,0,0,0,0,0,0,0,0,0,0.0304969503049695,0,0,9.99900009999e-05,9.99900009999e-05,0,0,0,0.0007999200079992,0,0,0,0.0022997700229977,9.99900009999e-05,0,0,0,0,0,0,0,0,0,0.0006999300069993,0,0,0,0,0,0,0,0,0,0,0.0005999400059994,0,0,0,0,0.0185981401859814,0,0,0,0,0,0,0.0002999700029997,0,0,0.0008999100089991,0.0064993500649935,0.0030996900309969,0,0,0,0.0003999600039996,0,0,0.0030996900309969,0,0,0,0,0,0,0,0,0.0514948505149485,0,0.0006999300069993,0,0,0,0,0.113288671132887,9.99900009999e-05,0,0,0,0,0,0,0.0004999500049995,0,0,0,0,0,0,0.0015998400159984,0,0.044995500449955,0,0.0004999500049995,0,0.0064993500649935
0,0,0,0,0.0065,0,1e-04,0,1e-04,0.0069,0.0044,0,0,0,0.0065,0,0,0,0,0,3e-04,0.0168,0.0023,0,0,0.0141,4e-04,0,0.0037,0,0,0,0.0035,0.0099,0,0,0,0.0014,0.0036,0,0.013,0,0,0,0.006,0.0052,0,0,0,0,0,0,0,0,0,0,0,0,0,0,0.0025,0.0033,9e-04,0,0,3e-04,0.0029,0.0069,3e-04,0,3e-04,0,4e-04,0,0,0,0,0,0,0,0,0.0082,0,0,0,7e-04,0,0,0.0021,0,0,0.0019,1e-04,0,0,0,0,0,0,0,0,0,0,0,0.0018,0,0.0026,0.0039,0,0,6e-04,0,0,0.0031,0,0,0,7e-04,0.0255,0,0,0,0.0024,0,0.0061,0.0551,0,0,0,0.1803,0,1e-04,0,0,0.0011,0,0.0025,0,0,0,0,0,0.0016,0,0,0,0,5e-04,0,0,8e-04,2e-04,0,0,0,0,0,0,0,0,0,0,0,0,0,0,0,0,0,0,0,0,1e-04,0,0,0,0,0.0123,0.0938,1e-04,0,0,0,0,0,0.001,1e-04,0,0,0,0,0.0077,1e-04,0,0,0,0,0,0,0,0,0,0,0,0.1954,0.0058,0,0,1e-04,0.0014,0,0,0,0,0.0018,0,0,0,4e-04,0,0.0063,0,0,0,0,0,0,0,0.0013,0,0.0058,0,0,0.0283,0,0,0,0,0,0,0,0,0.0284,0,0,0,0,1e-04,0,0,2e-04,0,0.0011,0,0.0014,0.0168,0,0,0,0.0263,0,0,0,0,1e-04,0,0,0,0.0064,0.0361,0.0011,0,0.0057,0,0,0,0,0,0.0061,8e-04,0,0,0.0672,0,0,0,0,0,0,0,0,0,0,0,0,0,9e-04,0,0,0.0151,0
0,0,0.000199880071956826,0,0.0199880071956826,0,9.9940035978413e-05,0,0,0.00469718169098541,0.0113931641015391,0,0,0,0.00439736158305017,0,0,0,0,0,0,0.00399760143913652,0.000899460323805717,0.000599640215870478,0.00159904057565461,0.145412752348591,0,0,9.9940035978413e-05,0,0,0,0,0.00429742154707176,0,0,0.0340795522686388,0.0099940035978413,0.0168898660803518,0,0.0053967619428343,0,0,0,0,0.00639616230261843,0,0,0.000199880071956826,0,0,0.000499700179892065,0,0,0,0,0,0,0,0,0.00479712172696382,0,0.00409754147511493,0,0,0.000499700179892065,0.00169898061163302,0.00249850089946032,0,0,0,0,0,0,0,0,0,0,0,0.00519688187087747,0,0.0185888466919848,0,0,0,0,0,9.9940035978413e-05,0,0,9.9940035978413e-05,0,0,0,0,0.000199880071956826,0,0,0,0,0,0,0,0,0,0,0.00209874075554667,9.9940035978413e-05,0,0,0,0,0,0,0,0,0,0.000499700179892065,0,0,0,0,0.00379772136717969,0,0.0653607835298821,0.111533080151909,0,0,0,0.10453727763342,0,0.00379772136717969,0,9.9940035978413e-05,0.00199880071956826,0,9.9940035978413e-05,9.9940035978413e-05,0,0,9.9940035978413e-05,0,0.000799520287827304,0,0,0,0,0.00219868079152508,0,9.9940035978413e-05,0.00179892064761143,0,0,0,0,0,0,0,0.000599640215870478,0,0,0,0,0,0,0,0,0.000299820107935239,0,0,0.000199880071956826,0,0,0,0,0,0,0,0.0117929242454527,0,0,0,0,0,0.00279832100739556,0,0,0,0,0,0,0.0240855486707975,0.000299820107935239,0,0,0,0,0,0,0,0,0,0,0,0.00559664201479113,0.00129922046771937,0,0,0,0.00159904057565461,0,0,0,0,0.000499700179892065,0,9.9940035978413e-05,0,0.0360783529882071,0,0,0,0,0,0,0,0,0,0.0076953827703378,0,0,0,0,0.0193883669798121,0,0,0,0,0,0,0,0.00119928043174096,0,0,0,0,0,0,0,0,0,0,0.000599640215870478,9.9940035978413e-05,0,0,0,0,0,0,0,0,0,0.000499700179892065,0,0,0,0,0.00109934039576254,0.000199880071956826,0,0,0.0240855486707975,0.0129922046771937,0.000299820107935239,0,0,0,0.00249850089946032,0.153407955226864,0,0,0.0547671397161703,0,0,0,0,0.000399760143913652,0,0.00589646212272636,0,0,0,0,0,0,0.000199880071956826,0,0,0.0214871077353588,0
0,0,0,0,0.0145912452528483,0,0,0,0,0.00529682190685589,0,0,0,0,0.000499700179892065,0,0,0,0,0,0,0,0.00209874075554667,0,0.00169898061163302,0,0.000999400359784129,0,0.00109934039576254,0.0127923246052369,0,0,0,0.00349790125924445,0,0,0,0,0,0,0.00909454327403558,0.00209874075554667,0,0,0.00129922046771937,0,0,9.9940035978413e-05,0,0,0.00219868079152508,0.000799520287827304,0,0,0,0,0,0,0,0.027583449930042,0.016689986008395,0.0061962822306616,0,0,0,0.000199880071956826,0.00139916050369778,0.00479712172696382,0,0.00319808115130921,0,0.000599640215870478,0.000499700179892065,0.00729562262642415,0,0.0627623425944433,0,0,0,0.00589646212272636,0,0.00659604237457526,0,0.000899460323805717,0,0,0.0255846492104737,0,0,0,0,0,0,0,0.00189886068358985,0,0,0,0,0,0.000899460323805717,0,0,0,0,0,0,0.0337797321607036,0.00869478313012193,0.000899460323805717,0,0,0,0,0.00119928043174096,0,0,0.0121926843893664,0,9.9940035978413e-05,0,0.00239856086348191,0,0,0.00239856086348191,0.0165900459724166,0,0,0,0.127523485908455,0,0.00329802118728763,0,0,0.00189886068358985,0,9.9940035978413e-05,0,0,0,0,0,0.000899460323805717,0,0,0,0,0.000999400359784129,0,0,0.00139916050369778,0,0,0,0.000699580251848891,0,0,0,0.00169898061163302,0,0,0,0,9.9940035978413e-05,0,0,9.9940035978413e-05,0,0,0.00139916050369778,9.9940035978413e-05,0,0.00189886068358985,0,9.9940035978413e-05,0,0,0,0,0,0,0,0,0,0,0,0,0,0,0,0,0,9.9940035978413e-05,0.00239856086348191,0,0,0,0,0,0,0,0,0,0,0.0311812912252648,0.00239856086348191,0.000999400359784129,0,0,0,0,0,9.9940035978413e-05,0.000299820107935239,0,0.000199880071956826,0.000299820107935239,0,0,0.000199880071956826,0,0,9.9940035978413e-05,0,0,0,0,0,0.000299820107935239,0,0,0.000199880071956826,0,0.000499700179892065,0,0,0.000199880071956826,0,0.000199880071956826,0,0.000499700179892065,0,0,0,0,0.00529682190685589,0,0,0,0,0.000499700179892065,0.000899460323805717,0.000199880071956826,0,0,9.9940035978413e-05,0.00129922046771937,0,0.000199880071956826,0,0,0.000599640215870478,0,0,0,0,0,0,0.0115930441734959,0.0101938836697981,0.00159904057565461,0,0.0328802718368979,0,0,0,0,0,9.9940035978413e-05,0.353387967219668,0,0,0.0331800919448331,0,0,0.0484709174495303,0.000599640215870478,0,0,0,0,0,0,0,0,0.00389766140315811,0,0.000199880071956826,0,0.00299820107935239,0
0,0,0,0,0,0,0,0,0,0,0,0,0,0.006999300069993,0.0023997600239976,0,0,0,0,0,0,0.003999600039996,0,0,0,0.415958404159584,0,0,0,0,0.0140985901409859,0,0,0,0.0002999700029997,0,9.99900009999e-05,0,0,0,0,0,0,0,0,0,0,0,0,9.99900009999e-05,0,0,0,0,0,0,0,0.0001999800019998,0,0.0148985101489851,0,0,0,0,0,0.0007999200079992,0.0075992400759924,0,0,0,0,0,0,0,0,0,0,0,0,0.0007999200079992,0,0,0,0,0,0,0.0001999800019998,0,0,0,0,0,0.0235976402359764,0,0,0,0,0,0,0,0,9.99900009999e-05,0,0,0,0,0,0.0315968403159684,0,0,0.0002999700029997,0,0,0.0042995700429957,0,0.0003999600039996,0,9.99900009999e-05,0.014998500149985,0,0.0004999500049995,0,0.0001999800019998,0,0.0082991700829917,0.0051994800519948,0,0,0,0,0,0,0,0,0,0,0,0,0,0,0.0023997600239976,0,0,0,0,0,0,0,0,0,0,0,0,0,0,0,0,0,0,0,0,0,0,0,0,0,0,9.99900009999e-05,0,0,0,0.0004999500049995,0,0,0,0,0,0.000999900009999,0.0427957204279572,0,0,0,0,0,0,0,0,0,0,0,0,0.0026997300269973,9.99900009999e-05,0,0,0,0,0,0,0,0,0,0,0,0.0078992100789921,0,0,0,0,0,0,0,0,0,0,0,0.0363963603639636,0,0.0005999400059994,0,0,0,0,0,0,0.0005999400059994,0,0,0.0027997200279972,0,0,0,0,0.0934906509349065,0,0,0,0,0,0,0,0,0,0,0.0016998300169983,0.0284971502849715,0,0,0,0,0,0,0,0,0,0,0,0,0,0,0,0,0,9.99900009999e-05,0,0,0,0,0.0015998400159984,0.052994700529947,0,0,0,0,0,0,0,0,0.0021997800219978,0.128487151284872,0,0,0.034996500349965,0,0,0,0,0,0,0,0,0,0,0,0,0,0,0,0,0,0
0,0,0,0,0,0,0,0,0.00849235687880907,0,0,0,0,0,0.071235887701069,0,0,0,0,0,9.99100809271655e-05,0.00129883105205315,0,0.00119892097112599,0,0.212508742132081,0,0,0.0031971225896693,0.00139874113298032,0.00169847137576181,0,0.00139874113298032,0.00459586372264962,0,0,0.000299730242781497,0.00189829153761615,0,0,0,0,0,0.00249775202317914,0,0.0137875911679488,0,9.99100809271655e-05,0.000199820161854331,0,9.99100809271655e-05,0,0,0,0.000499550404635828,0,0,9.99100809271655e-05,0,9.99100809271655e-05,0,0.00409631331801379,0,0,0,0,0.00089919072834449,0,0,0,0.000799280647417324,0,0,0.000999100809271655,0,0,0,0,0,9.99100809271655e-05,0,9.99100809271655e-05,9.99100809271655e-05,0,0,9.99100809271655e-05,0,0,0,0.0028973923468878,0,0.00209811169947048,0.228993905485063,0,0,0,0,0,0.00559496453192127,0,0,0,0,0,9.99100809271655e-05,0,9.99100809271655e-05,0.0232790488560296,0,0.000799280647417324,0,0,0,0.00479568388450395,0,0.00159856129483465,0,9.99100809271655e-05,0.00989109801178939,0,0,0,0,9.99100809271655e-05,0.0956139474472974,0,0.000199820161854331,0,0,0,0.000599460485562993,0.00129883105205315,0,0,0,0,0.0936157458287541,0,0,0,0,0,0,0,0,0,0,9.99100809271655e-05,0,0.00199820161854331,0.00089919072834449,0,0,0,0,0,0,0,0.00639424517933859,0.00369667299430513,0,0,0,9.99100809271655e-05,0,0,0,0.000299730242781497,9.99100809271655e-05,0,0,0,9.99100809271655e-05,0,0,0.000799280647417324,0,9.99100809271655e-05,0.00919172744529923,0,0.00419622339894095,0,0,0,0,0,0,0,0,0,9.99100809271655e-05,0.00089919072834449,0.000599460485562993,0,0,0,0,0,0,0,0,0,0,9.99100809271655e-05,0,0.000299730242781497,0,0,9.99100809271655e-05,0.000799280647417324,0,0,0,0,0.000599460485562993,0,0.00299730242781497,0,0.00859226695973624,0,0,9.99100809271655e-05,0,0,0,0,0,0,0.00509541412728544,9.99100809271655e-05,0.00269757218503347,0,0,0.0322709561394745,0,0,0,0,0,0.000299730242781497,0,0,0,0,0,9.99100809271655e-05,0,0,0,0,0.000499550404635828,0,0,0,0.000299730242781497,0.00439604356079528,0.000199820161854331,0,0,0,9.99100809271655e-05,0,0,0.000299730242781497,0,0,0,0,0,0,0,0,0.044659806174443,0,0,0,0,0,0.00279748226596064,0.016884803676691,0,0,0.0147866919772205,0,0,0,0,0.00089919072834449,0.000199820161854331,0.00229793186132481,0,0,0,0,0.00269757218503347,0,0.00789289639324608,0.000199820161854331,0,0.0115895693875512,0
0.000599101347978033,0,0,0,0.0103844233649526,0,9.98502246630055e-05,0,0,0.0036944583125312,0.00439340988517224,0,0,0,0.00639041437843235,0,0.0072890664003994,9.98502246630055e-05,0,0,0,0.017773339990015,0.000898652021967049,0.00209685471792312,0,0.0275586620069895,0.000299550673989016,0,9.98502246630055e-05,0,0.0163754368447329,0,0,0.0072890664003994,0,0,0.000299550673989016,9.98502246630055e-05,0.00149775336994508,0,0,0,0,0,0.00489266100848727,0.00389415876185721,0,9.98502246630055e-05,0,0,0.00499251123315027,0,0,0,0.00389415876185721,0,0,0,0,0.00119820269595607,0,0.0153769345981028,0.00139790314528208,0,0.000199700449326011,0.0106839740389416,0.0128806789815277,0.000299550673989016,0,0.00409385921118323,0.000798801797304044,0,0,0.00519221168247629,0,0.00678981527708437,0.000199700449326011,0,0,9.98502246630055e-05,0,0.00389415876185721,0.000798801797304044,0,0,0,0,0,0.00389415876185721,0,0,9.98502246630055e-05,9.98502246630055e-05,0,0.00649026460309536,9.98502246630055e-05,0,0,0.00209685471792312,0,0,0.00878681977034448,0,0,0,0,0,0.00319520718921618,0.00439340988517224,0,0,0.000798801797304044,0,0,0.000199700449326011,0,0,0.000199700449326011,0.00129805292061907,0,0,0,0.00219670494258612,0,0.00688966550174738,0.0409385921118323,0,0,0,0.0484273589615577,0,0.00159760359460809,0,0,0,9.98502246630055e-05,0.000199700449326011,0,0,0,9.98502246630055e-05,0,0.00199700449326011,0,0,9.98502246630055e-05,0.0017973040439341,0,0,9.98502246630055e-05,0.000898652021967049,0,0,0,9.98502246630055e-05,0,0,0,0,0.00559161258112831,0,0,0,0,0,0,0,0,9.98502246630055e-05,0,0.000399400898652022,9.98502246630055e-05,9.98502246630055e-05,9.98502246630055e-05,0,0,0,0.0218671992011982,0.00788816774837743,0,0,0.000199700449326011,0,0,0.000199700449326011,0,0,0,0,9.98502246630055e-05,0,0.00629056415376935,9.98502246630055e-05,0,0,0.000399400898652022,0,9.98502246630055e-05,0,0,0,0,0,0.000399400898652022,0.130604093859211,0.000399400898652022,0,9.98502246630055e-05,9.98502246630055e-05,9.98502246630055e-05,0,0,0,0,0.00139790314528208,9.98502246630055e-05,0.00579131303045432,0.0017973040439341,9.98502246630055e-05,0,0.00109835247129306,0.00429355966050924,0,0,0,0,0,0,0.0131802296555167,0.000698951572641038,0.00299550673989016,0,0,0.00389415876185721,0,0,9.98502246630055e-05,0,0,0.000199700449326011,0,0,0,9.98502246630055e-05,0.000399400898652022,0,0,0.000199700449326011,0,0,0,9.98502246630055e-05,0,0,0.000599101347978033,0.000199700449326011,0.000499251123315027,0,0,0.0125811283075387,0.000299550673989016,0.00219670494258612,0,0.000898652021967049,0,0,0.000199700449326011,0.00469296055916126,0,0.00169745381927109,0,0.00229655516724913,0.0120818771842237,0,0,0,0,9.98502246630055e-05,0.000898652021967049,0.355966050923615,0,0,0.0254618072890664,0,0,0.000199700449326011,9.98502246630055e-05,0,0.00109835247129306,0.0111832251622566,0.000399400898652022,0,0,0,0.0162755866200699,0,0.000798801797304044,0,0,0.0115826260609086,0
0,0,0,0,0,0,0.00269703326341025,0,0,0,9.98901208670463e-05,0,0,9.98901208670463e-05,0.000499450604335231,0,0,0,9.98901208670463e-05,0,0,9.98901208670463e-05,0,0.000199780241734093,0,0.260912995704725,0,0,0,0,9.98901208670463e-05,0,0,0,0.000299670362601139,0,0,0,0,0,0,0,0,0,0,0,0,0,0,0,0,0,0,0,0,0,9.98901208670463e-05,0,0,9.98901208670463e-05,0,9.98901208670463e-05,0,9.98901208670463e-05,0,0,0.000399560483468185,0,0,0,9.98901208670463e-05,0,0,9.98901208670463e-05,0,0,0,0,0,9.98901208670463e-05,0,0.000199780241734093,0,0,0,0.000998901208670463,0,0,0,0.000499450604335231,0.0564379182898811,0.000199780241734093,0,0,0,0,0,0,0,0,0,0,0,0.000199780241734093,9.98901208670463e-05,0,0,0.0325641794026571,0,0,0,0,0,9.98901208670463e-05,0,0,0,0,0,0,0,0,0,0,0.0025971431425432,0,0.00529417640595345,0,0,0,0,0,0.00829088003196484,0,0,0,0,0,0,0,0,0,0,0,0,0,9.98901208670463e-05,0,0,0,9.98901208670463e-05,0,0,0,0,0,0,0,0.00189791229647388,0.000299670362601139,0,0,0,0,0,0,0,0,0,0.00239736290080911,0,0,0,0,0,0,0,9.98901208670463e-05,0.00209769253820797,0,0,0,0,0,0,0,0,0,0,0,0,0,0,0,0,0,0,0,0,0,0,0,0,0.00189791229647388,0,0,0,0,9.98901208670463e-05,0,0,0,0,0,0,0,0,9.98901208670463e-05,0,0,0,0.000399560483468185,0,9.98901208670463e-05,0,0,0,0,9.98901208670463e-05,0,9.98901208670463e-05,0,0,0.0190790130856058,0,0,0,0,0,0,0,0,0,0,0,0,0,0,0,0,0,0,0,0,0,0,0,0,0,0,0,0,0,0,0,0,0,0,0,0.431325541903906,0,0,0.164119468584557,0,0.000998901208670463,0,0,0,0,9.98901208670463e-05,0,0,0,0,0,0,0,0,0.000299670362601139,0.000299670362601139,0,0,0,0,0,0,0.000299670362601139,0,0,0,0
0,0,0,0,0,0,9.99600159936026e-05,0,0,0.0163934426229508,0,0,0,0,0,0,0.0235905637744902,0,0,0,0,0,0.00159936025589764,0,0,0.0171931227508996,0.000699720111955218,0,0,0,0,0.000199920031987205,0,0,0,0,0,0,0,0,0.00449820071971212,0,0,0,0.00749700119952019,0.000199920031987205,0,0,0,0,0,0,0,0,0,0,0,0,0,0,0,0.0116953218712515,0,0,0,0.0114954018392643,0.0104958016793283,0.000899640143942423,0,0.0634746101559376,0,0,0.00039984006397441,0.00609756097560976,0,0,0,0,0,0,0,0,0,0,0,0,0,0,0.00199920031987205,0,0.0102958816473411,0,0,0,0,0,0,0,0,0,0,0.00969612155137945,0,0,0,0,0,0.0684726109556178,0.00189924030387845,0,0,0,0,0.0283886445421831,0,0,0,0,0,9.99600159936026e-05,0,0,0.0143942423030788,0.00349860055977609,0.00819672131147541,0.0435825669732107,0,0,0,0.0214914034386245,0,0.00599760095961615,0,0,0.00149940023990404,0,0,0,0,0,0,0,0,0,0,0,0,0,0,0,0.000599760095961615,0,0,0,9.99600159936026e-05,0,0,0.00259896041583367,0.00079968012794882,0,0,0,0,0,0,0,0,0,0,0,0,0,0.00039984006397441,0,0,0,0,0,0.00289884046381447,0,0,0,0,0,0,0,0,0,0,0,0,0.0133946421431427,0,0,0,0,0,0,0,0,0,0,0,0,0.0351859256297481,0,0,0,0,0,0,0,9.99600159936026e-05,0,0,0,0,0,0,0,0,0,0,0,0,0.00179928028788485,0,0,0,0,0.00119952019192323,0,0,0.0971611355457817,0,0,0,0,0,0,0,0,0,0,0,0,0,0,0,0,0.000499800079968013,0,0,9.99600159936026e-05,0,0,0,0,0,9.99600159936026e-05,0,0,0,0,0,0,0,0,0,0.000199920031987205,0,0,0.100859656137545,0,0,0,0,0,0,0.296381447421032,0,0,0,0,0,0,0,0,0,0.00209916033586565,0,0,0,0,0.0414834066373451,0,0,0,0,0.00599760095961615,0
0,0,0,0,0,0,0.0194922031187525,0.000899640143942423,0,0,0,0,9.99600159936026e-05,0.00869652139144342,0,0,0,0.000199920031987205,0,9.99600159936026e-05,0,0.00249900039984006,0,0.000199920031987205,0,0.280887644942023,0,0,0.00239904038384646,0,0,0,0,0.0142942822870852,0,0,9.99600159936026e-05,0.0169932027189124,9.99600159936026e-05,0,0,0,0,0.0039984006397441,0,0.15483806477409,0,0,0,0,0,0,0,0,0,0,0,0,0,0.0370851659336265,0,0,9.99600159936026e-05,0,0,0,0.0189924030387845,0,0.00309876049580168,0,0,0,0,0,0,0,0,0,0,0.0146941223510596,0.000199920031987205,0,0,0,0,0,0,0,0,0.000999600159936026,0,0.00349860055977609,0.00559776089564174,0,0,0,0,0,0.00459816073570572,9.99600159936026e-05,0,0.00229908036785286,0,0,0.00149940023990404,0,0,0,0,0.0576769292283087,0,0,0,0.00079968012794882,0,0,0,9.99600159936026e-05,0,0,0,0,0,9.99600159936026e-05,0.000499800079968013,0,0,0,0,0,0.000199920031987205,0.000499800079968013,0,0.000299880047980808,0,0,0.000199920031987205,0.000499800079968013,0,0,0.00289884046381447,0,0,0,0,0,0.00279888044782087,0,0,0,0,0,0.000899640143942423,0,9.99600159936026e-05,0,0,0,0,0.00449820071971212,0,0,0,0,0,0,0,0,0,0,0,0,0.0117952818872451,0,0,0,0,0,0,0.000299880047980808,0,0,0,0,0.000499800079968013,0,0,0,0,0,0,0.00079968012794882,9.99600159936026e-05,0,0,0,0,0.00039984006397441,0,0,0,0,0,0,0,0.00359856057576969,0.00039984006397441,0,0,0.000499800079968013,0,0,0,0,0.000899640143942423,0,0,0,0.000199920031987205,0,0,0,0,0,0,0,0,0,0,0.00039984006397441,0.0216913234706118,9.99600159936026e-05,0,0.0207916833266693,0,0.000299880047980808,0,0,0,0.00039984006397441,0,0,0,0,0,0,0,0.000199920031987205,0,0,0,0.00039984006397441,0.00079968012794882,0,0.000199920031987205,0.00039984006397441,0.00109956017592963,0,0,0.000199920031987205,0,0,0,0.000199920031987205,0,0,0,0,0.00119952019192323,0.00349860055977609,0,0,0.00869652139144342,0.000199920031987205,0,0,0.0888644542183127,0,0.000699720111955218,0.1312475009996,0,0,0.0117952818872451,0,0,0,0,0.00419832067173131,0,0.00209916033586565,0,0,0,0,9.99600159936026e-05,0,0.00189924030387845,0,0,0.00819672131147541,0
0,9.99200639488409e-05,0.000699440447641887,0,0.0173860911270983,0,0,0.00489608313349321,0,0.00519584332533973,0.00259792166266986,0,0,9.99200639488409e-05,0.00459632294164668,0,0,0,0,0,0.000299760191846523,0.00889288569144684,0,0,0,0.0830335731414868,0,0,9.99200639488409e-05,0.00639488409272582,0.000599520383693046,0,0,0.0021982414068745,0,0,9.99200639488409e-05,0,0.00179856115107914,0,0.013189448441247,0.00109912070343725,0,0.000399680255795364,0.00109912070343725,0.00139888089528377,0,9.99200639488409e-05,0,0,0,0,0,0.000299760191846523,9.99200639488409e-05,0,0,0,0,0.0166866506794564,0.00349720223820943,0.00579536370903277,0,0,0.0305755395683453,0.00149880095923261,0.00139888089528377,0,0,0.0147881694644285,0.000299760191846523,0,0.000299760191846523,0.011290967226219,0,0,9.99200639488409e-05,0,0,0.000599520383693046,0,0.00319744204636291,0.000599520383693046,0,0,0.000199840127897682,0,0,0.00739408473221423,0.00269784172661871,0,0,9.99200639488409e-05,0,0.00409672262190248,0.000999200639488409,0,0,0.000299760191846523,0,0,0.0920263788968825,0,0.000199840127897682,0.000499600319744205,0,0,0.0660471622701839,0.0491606714628297,0.000199840127897682,0,0,0,0,0.000399680255795364,0,0,0.0113908872901679,0.00109912070343725,0,0,0,0,0,0.000199840127897682,0.0963229416466826,0,0,0,0.10431654676259,0.000599520383693046,0.000499600319744205,0,0,0,0,9.99200639488409e-05,0,0,0,9.99200639488409e-05,0,0.00279776179056755,0,0.008792965627498,0,9.99200639488409e-05,0.000399680255795364,0,0,9.99200639488409e-05,0.000199840127897682,0,0,9.99200639488409e-05,0,0,0,0.000999200639488409,0.00859312549960032,0,0,9.99200639488409e-05,0,0,0,9.99200639488409e-05,0,9.99200639488409e-05,0,9.99200639488409e-05,0,0,0,0,9.99200639488409e-05,0,0.000999200639488409,0.0152877697841727,0,0,0,0,0.000299760191846523,0.000299760191846523,0,0,0,0,0,0,0.00149880095923261,0,0.000199840127897682,0,0,0,9.99200639488409e-05,0,0,0,0,0,9.99200639488409e-05,0,0.00179856115107914,9.99200639488409e-05,0,0.000299760191846523,0.000399680255795364,0,0,0,0.000299760191846523,0.000499600319744205,9.99200639488409e-05,0.0108912869704237,0.000499600319744205,0.000399680255795364,0.000799360511590727,0,9.99200639488409e-05,0,0.00109912070343725,0,0.000199840127897682,9.99200639488409e-05,0,0.00259792166266986,0.000399680255795364,0.00409672262190248,9.99200639488409e-05,0,0.147282174260592,0,0,0,0,0,0.000399680255795364,0,0,0,0,0.000599520383693046,0.00229816147082334,0,0,0,0,0.00309752198241407,0,0.000999200639488409,0,9.99200639488409e-05,9.99200639488409e-05,0.000199840127897682,0,9.99200639488409e-05,0.00229816147082334,0,0,0,9.99200639488409e-05,0,0,9.99200639488409e-05,0.00499600319744205,0.000299760191846523,0.015087929656275,0,9.99200639488409e-05,0.00769384492406075,0,0,0,0,0,9.99200639488409e-05,0.0451638689048761,0,0,0.00149880095923261,0,0,0.00129896083133493,0,0,0.00689448441247002,0.000199840127897682,0,0,0.000599520383693046,0,0.00129896083133493,0.000199840127897682,9.99200639488409e-05,0,0,0.004396482813749,0
0,0,0,0,0,0,9.99700089973008e-05,0,0,0,0,0,0,0,9.99700089973008e-05,0,0,0,0,0,0,0.0228931320603819,0,0.000499850044986504,0,0.244626612016395,0,0,0.000699790062981106,0.000199940017994602,0,0,0,0,0,0,0.0181945416375087,0.00839748075577327,0,0,0,0,0,0,0,0.0250924722583225,0,0,0,0,0,0,0,0,0,0,0,0,0,0,0,0,0,0,0,0,0.00709787063880836,0.000399880035989203,0.00109967009897031,0,0,0,0,0,0,0,0,0,0,0,0,0,0,0,0,0.000399880035989203,0,0,0,0,9.99700089973008e-05,9.99700089973008e-05,0.013296011196641,0,0,0,0,0,0,0,0,0.00239928021593522,0,0,0,0,0,0.00809757072878137,0,0,0,0,0,0,0,0,0,0,0.0342897130860742,0,0,0,0.000299910026991902,0.000199940017994602,0.0714785564330701,0,0,0,0,0,0,0,0,0,0,0,0.000199940017994602,0,0,0,9.99700089973008e-05,0,0,0,0,0,0,0,0,0,0,0,9.99700089973008e-05,0,0,0,0,0,0,0,0,0,0,0,0,0,0,0.000499850044986504,0,0,0,0,0,0,0,0,0,0,0.0150954713585924,0,0,0,0,0,0,0,0,0,0,0,0,0.00949715085474358,0.000899730080975707,0,0,0,0,0,0,0,0,0,0,0,0,0.00259922023392982,0,0.000199940017994602,0,0.000199940017994602,0,0,0,0,0.00749775067479756,0,0,0,0.0208937318804359,0,0.0123962811156653,0,0,0,0,0,0,0,0,0,0,0,0,0,0,0,0,0,0,0,0,0,0,0,0.000399880035989203,0,0,0,0,0,0,0,0,0,0,0,0.000399880035989203,0,0,0,0,0,0,0,0.00419874037788663,0,0,0,0,9.99700089973008e-05,0,0,0,0,0,0,0,0,0,0.464560631810457,0,0,0,0,0,0,0,9.99700089973008e-05,0,0,0,0,0,0,0,0,0,0,0,0,0
0,0,0,0,0,0,0.000800320128051221,0,0,0,0.000300120048019208,0,0.000200080032012805,0,0.00100040016006403,0,0,0,0,0,0,0,0,0.000900360144057623,0,0.317727090836335,0,0,0.00700280112044818,0.000800320128051221,0.00720288115246098,0,0,0.00100040016006403,0,0,0.00350140056022409,0.00100040016006403,0.000200080032012805,0.000100040016006403,0.00200080032012805,0,0,0,0,0.135854341736695,0,0,0,0.000100040016006403,0.000300120048019208,0,0,0,0,0,0,0,0,0,0,0,0.000900360144057623,0,0,0,0.00660264105642257,0,0,0,0,0,0,0,0,0,0,0,0,0,0,0,0.0413165266106443,0,0.00230092036814726,0.00180072028811525,0.0150060024009604,0.0038015206082433,0,0.00220088035214086,0,0.000300120048019208,0.000300120048019208,0,0,0.00350140056022409,0,0,0.000200080032012805,0,0,0,0,0,0,0.00100040016006403,0,0.0973389355742297,0,0,0,0,0,0.00180072028811525,0,0.000200080032012805,0,0,0.00530212084833934,0,0,0,0.000300120048019208,0.000100040016006403,0.0116046418567427,0,0,0,0,0,0.00240096038415366,0.0112044817927171,0,0.000300120048019208,0,0,0.000900360144057623,0,0,0,0.000100040016006403,0,0,0,0,0,0,0,0,0,0,0.000100040016006403,0,0,0.000100040016006403,0,0,0,0,0.00810324129651861,0,0,0,0,0.000500200080032013,0.000100040016006403,0,0,0,0,0,0,0.00330132052821128,0,0,0,0,0.000600240096038415,0.00820328131252501,0,0,0,0,0,0.000600240096038415,0,0,0,0,0.000700280112044818,0,0.0279111644657863,0.00040016006402561,0,0,0,0,0,0,0.00230092036814726,0,0,0,0,0,0.00160064025610244,0.000600240096038415,0.000200080032012805,0.000300120048019208,0.000900360144057623,0,0,0,0,0.000200080032012805,0.000300120048019208,0,0,0.000200080032012805,0,0,0,0,0,0,0,0,0,0.000500200080032013,0,0.0141056422569028,0.000100040016006403,0,0,0,0,0,0,0.000300120048019208,0.000700280112044818,0,0,0,0,0.00040016006402561,0,0,0,0,0,0,0,0,0,0.00180072028811525,0.015406162464986,0.000100040016006403,0,0.000100040016006403,0,0,0,0,0,0.000200080032012805,0,0,0,0,0,0,0,0.0386154461784714,0.000200080032012805,0.000100040016006403,0,0,0,0,0.151960784313725,0,0,0.0176070428171269,0,0,0,0,0,0,0,0,0.000500200080032013,0,0,0,0,0.00420168067226891,0,0,0.00510204081632653,0
0,0,0,0,0.0445910817836433,0,0.000699860027994401,0,0,0.010997800439912,0.011497700459908,0.0101979604079184,0.0102979404119176,0,0.00469906018796241,0.00389922015596881,0,0,0,0,0,0,0.0021995600879824,0.0001999600079984,0,9.99800039992002e-05,0,0,0.0105978804239152,0,0.0001999600079984,0,0,0.00629874025194961,0,0,0,0.00729854029194161,0.00449910017996401,0.000899820035992801,0.0442911417716457,0,0,0.0025994801039792,0.00909818036392721,0,0,0,0,0,0,0.0011997600479904,0,0,0.0027994401119776,0,0,0,0,0.00479904019196161,0,0,0.00339932013597281,0,0.0001999600079984,0.0018996200759848,0.0339932013597281,0.000599880023995201,0,0,0.0018996200759848,0,0,0.0380923815236953,0,0.0100979804039192,0,0,0,0,0,0,0.0383923215356929,0,0,0.0001999600079984,0.00689862027594481,0,0.00759848030393921,0,0.0001999600079984,0.000599880023995201,0.0002999400119976,0,0.0021995600879824,0.0002999400119976,0,0,0,0,0,0,0,0,0,0,0,0.0203959208158368,0.0263947210557888,0,0,0,0,0,0.0016996600679864,0.0016996600679864,0,0.00439912017596481,0,0,0,0,0,0,0,0.134273145370926,0,0,0.0010997800439912,0.0761847630473905,0,0,0,0.0001999600079984,0,0,9.99800039992002e-05,0.000799840031993601,0,0,9.99800039992002e-05,0,0,0,0,0,0,0,0,0.0001999600079984,0,0,0,0,0.0001999600079984,0,0,0,0,0.0100979804039192,0,0,0,0,0,0,0,0,0,0,0,9.99800039992002e-05,0,0,0,0,0,0.0310937812437512,0,0,0,0,0.00499900019996001,0,0.00629874025194961,0,0,0,0,0,0,0.0016996600679864,0.0001999600079984,0,0,0,0,0,0,0,0,0,0.0526894621075785,0.0228954209158168,0.00429914017196561,0.001999600079984,0.000799840031993601,0.0001999600079984,0,0.00349930013997201,0,0,0,0,0,0,0,0.0455908818236353,0.0267946410717856,0,0,0,0,0,0,0.00399920015996801,0,0,0.00349930013997201,0,0,0,0,0.0125974805038992,0,0,0,0,0,0.00839832033593281,0,0,0,0,0,0,0,0,0,0,0,0,0,0,0,0.0001999600079984,0,0,0.002999400119976,0,0.0001999600079984,0,0,0.0002999400119976,0,0,0,0,0,0.000699860027994401,0,0,0.0103979204159168,0,0.0001999600079984,0,0,0,0.001999600079984,0.0743851229754049,0,0,0.0441911617676465,0,0,0,0,0.0013997200559888,0,0,0,0,0,0,0.000999800039992002,0,0.000399920015996801,0,0.000499900019996001,0.0107978404319136,0
0,0,0,0,0,0,0.0001000100010001,0,0,0,0,0,0,0,0.0038003800380038,0,0,0,0,0.0005000500050005,0,0.0013001300130013,0,0.0604060406040604,0,0.0919091909190919,0,0,0.0052005200520052,0,0,0,0.0005000500050005,0.0026002600260026,0,0,0,0,0,0,0,0,0,0,0,0.0005000500050005,0,0,0,0,0,0,0,0,0,0.0001000100010001,0,0,0,0,0,0,0,0,0,0,0.0072007200720072,0,0,0,0,0,0,0,0,0,0,0,0,0,0,0,0.0007000700070007,0,0.0055005500550055,0.0002000200020002,0.003000300030003,0.0002000200020002,0,0,0,0.0017001700170017,0,0,0,0,0,0,0.006000600060006,0,0,0.0003000300030003,0,0,0.0005000500050005,0,0,0.0602060206020602,0,0,0,0,0,0.0013001300130013,0,0.0019001900190019,0,0,0.0006000600060006,0,0,0,0,0.0001000100010001,0.0011001100110011,0,0.006000600060006,0,0,0,0,0.0097009700970097,0,0,0,0,0.0588058805880588,0,0,0,0.0004000400040004,0,0,0,0,0,0,0,0,0,0,0,0,0,0.0006000600060006,0.0073007300730073,0,0,0,0.0348034803480348,0,0,0,0,0,0,0,0,0,0,0,0,0.0001000100010001,0,0,0,0,0,0.0102010201020102,0,0,0,0,0,0,0,0,0,0,0,0,0.0004000400040004,0.0008000800080008,0,0,0,0,0,0,0,0,0,0,0,0,0.0005000500050005,0,0,0.0002000200020002,0,0,0,0,0,0,0,0,0,0,0,0,0,0,0,0,0,0,0,0.0144014401440144,0,0.0076007600760076,0,0,0.197719771977198,0,0,0,0,0,0.0003000300030003,0,0,0,0,0.0008000800080008,0,0,0,0,0,0,0,0,0.0003000300030003,0,0.0007000700070007,0.0003000300030003,0,0,0,0.0009000900090009,0,0,0,0,0,0,0,0,0.0506050605060506,0,0,0.0051005100510051,0,0,0,0,0,0,0.328132813281328,0,0,0.0027002700270027,0,0,0,0,0,0,0,0,0,0,0,0,0,0.0013001300130013,0,0,0.0019001900190019,0
0,0,0,0,0,0,0,0.00579304834198961,0,0,0,0,9.98801438274071e-05,0.0126847782660807,0.037055533359968,9.98801438274071e-05,0,0,0,0,0,0,0,9.98801438274071e-05,0,0.033359968038354,0,0,0.000499400719137036,0.000399520575309628,9.98801438274071e-05,0,0,0.0133839392728726,0,0,0.00629244906112665,0.000299640431482221,0,0,0,0,0,0,0,0.00479424690371554,0,0,0,0,0,0,0,0,0,0,0,0,0,9.98801438274071e-05,0,0,0,0,0,0,9.98801438274071e-05,0,0,0,0.00519376747902517,0,0,0,0,9.98801438274071e-05,9.98801438274071e-05,0,0,0,0,0,0.00119856172592889,0,0,0,0.000399520575309628,0,0,0.0411506192568917,0,9.98801438274071e-05,0.00948861366360368,0,0,0,0,0,0.0361566120655214,0,0,0.000599280862964443,0,0,0,0,0,0.0105872952457052,0,0,0,0,0,0.0253695565321614,0,0,0,0,0.00389532560926888,0,0,0,0,9.98801438274071e-05,0.0376548142229325,0,0,0,0,0,0.000799041150619257,0.0131841789852177,0.000499400719137036,0,0,0,0.00449460647223332,0,0.00289652417099481,0,9.98801438274071e-05,9.98801438274071e-05,0,0,0,0,9.98801438274071e-05,0,0,0,0.000599280862964443,0.00339592489013184,0,0.00129844186975629,0,0,0,0,0,0,0,0,0,0,0,0,9.98801438274071e-05,0,0,0,0,0,0.167798641630044,0,0,0,0,0.00669196963643628,0.00149820215741111,9.98801438274071e-05,0,0,0,0,9.98801438274071e-05,0,0,0,0,0,9.98801438274071e-05,0.000998801438274071,9.98801438274071e-05,0,0,0,0,0,0,0,0,0,0,0.000599280862964443,0,9.98801438274071e-05,0,0,9.98801438274071e-05,0.00169796244506592,0,0,0,9.98801438274071e-05,0.000199760287654814,0,0.00119856172592889,0.00479424690371554,0.00159808230123851,0,0.00479424690371554,0.00399520575309628,0,0,0,0,0,0,0.00459448661606073,0,0.033859368757491,0,0,0.157710747103476,0,0,0,0,0,0,0,0,0,0,0,0,0,0,0,0,0,0,0,0,0,0.000599280862964443,9.98801438274071e-05,0,0,0,0,0,0.000199760287654814,9.98801438274071e-05,0.00309628445864962,0,0,0,0,0.000399520575309628,0,0,0.138234119057131,0,0,0,0,0,0.00269676388333999,0.106572113463843,9.98801438274071e-05,0,0.00968837395125849,0,0,0,0,0.000599280862964443,0,0.00069916100679185,0,0,0,0,0.0204754294846185,0,0.000199760287654814,0,0,0.00868957251298442,0
0,0,0.000399680255795364,0,0.0379696243005595,0.0065947242206235,0,0,0,0.00819344524380496,0.00449640287769784,0,0,0,0.000799360511590727,0.0122901678657074,0.00229816147082334,0,0,0,0,0.0147881694644285,0,0.000299760191846523,0,0.0817346123101519,0,0.00319744204636291,0.000299760191846523,0,0,0,0,9.99200639488409e-05,0,0,9.99200639488409e-05,0.00139888089528377,0.0038968824940048,0,0.00629496402877698,0,0,0,0.00109912070343725,9.99200639488409e-05,9.99200639488409e-05,0,0,0,0.0100919264588329,0,0,0.000399680255795364,0,0,0,0,0,0.0153876898481215,0.00629496402877698,0.00229816147082334,0.0021982414068745,0.000199840127897682,0,0,0,0.0136890487609912,0,0.0152877697841727,9.99200639488409e-05,0,0.00839328537170264,0,0,0,0.000199840127897682,9.99200639488409e-05,0,0.00109912070343725,0,0.00729416466826539,0.00229816147082334,0,0,0,9.99200639488409e-05,0,0.00319744204636291,0,0,0.000299760191846523,9.99200639488409e-05,0,0.0021982414068745,0,0,9.99200639488409e-05,0.00109912070343725,0.0038968824940048,0,0,0,0,0,0,0,0.000599520383693046,0.00349720223820943,0,0,0,0,0,0.000599520383693046,0,0.00239808153477218,0,0.00299760191846523,0,0,0,0.000999200639488409,0,9.99200639488409e-05,0.0826338928856915,9.99200639488409e-05,0,0,0.214928057553957,0,0,0,9.99200639488409e-05,0.000299760191846523,0,9.99200639488409e-05,0,0.000199840127897682,0,9.99200639488409e-05,0,0.000999200639488409,0,0,0.0216826538768985,0.00329736211031175,0,0.000199840127897682,0,9.99200639488409e-05,0,0,0.00549560351718625,9.99200639488409e-05,0,0,0,0,0.000399680255795364,0,0.000199840127897682,0,0,0,0,0,0,0,0,0.000799360511590727,0,0,0,0,0,0.000499600319744205,0.0065947242206235,0.0154876099120703,0,0,0,0,0,9.99200639488409e-05,0,0,0,0,0.000199840127897682,0.00689448441247002,0.00569544364508393,9.99200639488409e-05,0,0,0,0.016986410871303,0,0,0,0,0,9.99200639488409e-05,0,0,0.00639488409272582,0,0,9.99200639488409e-05,0.00109912070343725,0,0,0,0.000599520383693046,9.99200639488409e-05,0,0.00419664268585132,0,0.008792965627498,0,9.99200639488409e-05,0,0,0,0,0,0,0,9.99200639488409e-05,0,0.00119904076738609,0,0,0.0310751398880895,0,0,0.000299760191846523,0,0,0,0,0,0,0,0,0,9.99200639488409e-05,0,0,0,0,0.000599520383693046,0.000599520383693046,0,0.00129896083133493,0.000699440447641887,0.00199840127897682,0,0.000399680255795364,0,0.00299760191846523,0,0,0,0,0,0,0,0,0.0210831334932054,0,9.99200639488409e-05,0.015687450039968,0,0,0,0,0,0.000199840127897682,0.193245403677058,0,0.000199840127897682,0.000299760191846523,0,0,0,0,0,0.010691446842526,0,0,0,0,0,0,0,0.000199840127897682,0,0,0.0171862509992006,0
0,0,0,0,0,0,0,0.0039,0,0,0,0,0,0,0,0.0016,0,0,0,0,0.0112,0.0443,0,0,0,8e-04,0,0,0.0039,0,0,0,0,0,0,0,0,0.0344,0,0,0,0,0,0.0032,0,0.0307,0,0,0,0,0,0,0,0,0,0,0,0,0,0.0387,0,0,0,0,0,0,0.0107,0,0,0,0,0,0,0,0,0,0,0,0,0,0,0,0.0059,0,0,0,1e-04,0,0,0,0,0,0,0,0,0,0,0,0.0069,0,0,0,0,0,0,0,0,0.0639,0,0.0025,0,0,0,0.0086,0,0,0,0,0.0206,0,0,0,0,2e-04,0.0721,0,0,0,0,0,0.028,8e-04,0,0,0,0,0,0,0,0,0,0,0,0,0,0,0.0101,0,0,0,0,0,0,0.001,0,0,0,0,0,0.0065,0,0,0,0,0,0,0,0,0,0,0,0,0.0021,0,0,0,0,0.0341,0,0,0,0,0,0,0,0,0,0,0,0.0021,8e-04,0.0423,0,0,0,0,0,0,0,0,0,0,0,0.0347,0,0,0,0,0,0,0,0,0,0,0.0048,0,0.0437,0,0,0,0,0,0,0,0,0,0,0,0.0056,0,0,0,0,0,0,0,0,0,0,0,0,0,0,0,0,0,0,0,0,0,0,0,0,0,0,0.0023,0,0,0.0137,0,8e-04,0,0,6e-04,0,0,0,0,0,0.0347,0,0,0,0,0,0,0,0,0,0.1634,0,0,0.1342,0,0,0,0,0,0,0,0,0,0,0,0.0133,9e-04,0,0,0,0.0553,0
0.0101969409177247,0,0,9.99700089973008e-05,0,0,0,0,0.00189943017094872,0.00519844046785964,0.00249925022493252,0,0,0,0.00289913026092172,0,0.00229931020693792,0,0,0,0,0.00309907027891633,0.00659802059382185,0,0,0.0207937618714386,0,0,0.000599820053983805,0,0,0,9.99700089973008e-05,0,0,0,0.000199940017994602,0,0.010296910926722,0,0.00569829051284615,0,0,0,0.00149955013495951,0,0,0,9.99700089973008e-05,0,0,0.0119964010796761,0,0,0,0,0,0,0,0,0,0.00429871038688393,0.00159952014395681,0,0,0,0,0.00109967009897031,0,0,0,0,0.00239928021593522,0,0,0,0,0,0,0,0,0.0187943616914926,0,0.000999700089973008,0,9.99700089973008e-05,0,0,0,0,0,0,0,0,0.00119964010796761,0,0,0,0.000999700089973008,0,0,0,0.00559832050384884,0,0.00169949015295411,0,9.99700089973008e-05,0.00219934019794062,0,0,0,0,0,0,0,0,0.00239928021593522,0.00299910026991902,0,9.99700089973008e-05,0,0,0.00359892032390283,0.000199940017994602,0,0.0753773867839648,0.0667799660101969,0,0,0.0244926522043387,0,0.000899730080975707,0,0,0.000299910026991902,0.000499850044986504,0,0,0,0,0,0,0,0,0,0,0,0,0,0,0.000599820053983805,0,0,0,0,0,0,0,0,0,0,0,0,0,0,0,0,0.000599820053983805,0,0,0,0,9.99700089973008e-05,0,0,0.00179946016195141,0,0.000199940017994602,0,0,0,0,0,0,0,0,0,0,0,0,0,0.00709787063880836,9.99700089973008e-05,0,0,0,0,0,0,0,0,0,0,0,0.0515845246426072,0.000199940017994602,0,0,0,9.99700089973008e-05,0,0,0,0,0.000199940017994602,0,0,0,0,0,0,0,0,0,0,0,0,0,0,0,0,0,0,0.00409877036888933,0,0,0,0,0,0,0,9.99700089973008e-05,0.0118964310706788,0,0,0,9.99700089973008e-05,0,0,0,0.000199940017994602,0,0,0,0,0,0,0,0,0,0,0,0,0,0,9.99700089973008e-05,0,0,0,0.000599820053983805,0,0,0.0783764870538838,0,0,0,0,0,0.00439868039588124,0.489353194041787,0,0,0.0197940617814656,0,0,0,0,0,9.99700089973008e-05,0,0.0119964010796761,0,0,0,0.00439868039588124,0,0,0,0,0.00709787063880836,0
0,0,0.000199780241734093,0,0.0206772550194786,0,0,0,9.98901208670463e-05,0.00299670362601139,0.00469483568075117,0,0,0.00299670362601139,0.00269703326341025,0.00589351713115573,0.0198781340525422,0,0,0,0,0.0190790130856058,0,0,0,0.00629307761462391,0,0.00189791229647388,0.000998901208670463,0.00299670362601139,0.00159824193387274,0,0,0.00489461592248527,9.98901208670463e-05,0,0.0153830786135251,0.000599340725202278,0.00219758265907502,0,0.00419538507641594,0,0,0,0.00419538507641594,0.000599340725202278,0,0,0,0,0.00159824193387274,0.000199780241734093,0,0,0,0,0,0,0,0.0143841774048547,0,0.00429527519728299,0.00499450604335231,0,0.0012985715712716,0,9.98901208670463e-05,0.000199780241734093,0,0.00459494555988413,0,0,0,0.00559384676855459,0,0,0,0,0,0.0040954949555489,0,0.0248726400958945,0,0,0,0.000399560483468185,0.00139846169213865,0,0,0,9.98901208670463e-05,9.98901208670463e-05,0,0,0.00239736290080911,0,0,0,0.00079912096693637,9.98901208670463e-05,0,0,0,0,0,9.98901208670463e-05,0,0.0780141843971631,0.0122864848666467,0.000499450604335231,0,0,0,0,0,0,0.000599340725202278,0,0.00319648386774548,0,0,0.0142842872839876,0.0027969233842773,0,0.00829088003196484,0.0133852761961842,0,0,0,0.119069024073519,0.00149835181300569,9.98901208670463e-05,0,0,0.00879033063630007,0,0.00459494555988413,0,0,0,9.98901208670463e-05,0,0,0,0,0,0.000699230846069324,0,0,0.00369593447208071,0.000998901208670463,0.00109879132953751,0.00249725302167616,0,0.00629307761462391,0,0.00169813205473979,0,0,0.000699230846069324,0,0,0,0,0,0,0,0,0,9.98901208670463e-05,0.000899011087803416,0,0.164718809309759,0,0,0,0,0.00189791229647388,0.00978923184497053,0,0,0,0,0.00209769253820797,0,0,0,0,0,0,0,0.0053940665268205,0,0,0,0,0,0,0,0.0242732993706922,0,0,0,0.000299670362601139,0,0.0012985715712716,0,0.00239736290080911,0.00479472580161822,0.00269703326341025,0,0,0,0,0.000499450604335231,0,0.000899011087803416,0,0.0439516531815003,0,0,0,0,0,9.98901208670463e-05,0,0,0,0,0,0.0315652781939866,9.98901208670463e-05,0,0.0359604435121366,0,0,0,0,0,0,0,0,0,0,0,0,0,0,0,0,0,0.000299670362601139,0.0012985715712716,0,0,0.0168814304265308,0.000299670362601139,0,0.000199780241734093,0.000299670362601139,0,0,0,9.98901208670463e-05,0,0,0,0.0115872540205774,0,0.000499450604335231,0,0,0.00649285785635801,9.98901208670463e-05,0,0,0,0,0.00499450604335231,0.0848067126161223,0,0,0.0199780241734092,0,0,0,0,0,0.000899011087803416,0.00179802217560683,0,0,0,0,0.0114873638997103,0,0.00699230846069324,0,0,0.0152831884926581,0
3e-04,0,0,0,0.0403,0,1e-04,0,0,0,0,0,0,0,0,0,0.0084,0,0,4e-04,1e-04,0.0121,0,0,0,0.0459,0,0,4e-04,0,1e-04,0,0,0.001,0,0,1e-04,1e-04,0.0045,0,0,0,0.0019,0,0.004,1e-04,0,0,0.0019,0,0,0,0,0,0,0,0,0,0,1e-04,0,0.0036,0.0016,0,7e-04,0,0.0137,9e-04,0,0.0076,0,0,0,0,0,0,0,0,0,0.0026,0,0.006,0.035,0,0,0,0,0,0.0025,0,0,0,2e-04,0,0.0025,0.0206,0,0,0,2e-04,0,0,0,0,0,0,0,0.0011,0.0553,0,0,0,0,2e-04,0,0,0,0,1e-04,0,0,0,0.0037,0,3e-04,0.1085,0,0,0,0.211,0.0212,0.01,0,0,2e-04,0,1e-04,0,0,0,0.041,0,8e-04,0,0,0,6e-04,0,0,0,1e-04,0.0013,0,0,0,0,0,0,0,0,0,0,0,0.0911,0,0,0,0,0,0,0,0,0,0,0,0,0,0,1e-04,0,0,0,0,0,0.0015,0,0,0,0,0,0,0.0052,1e-04,0,0,6e-04,0,0,0,0,0.0028,0,0,0,1e-04,0.005,0,0,3e-04,4e-04,0,0,0,8e-04,0.001,0,0.0052,0,0.0385,3e-04,0,0,0,0,0,3e-04,0,0,0,0,0.0173,0,0,0.0794,0,0,0,0,0,0,0,0,0,0,0,0,0,0,0,0,0,0,0.0024,0,0,0.0038,0.0081,0,5e-04,0.002,2e-04,0,0,2e-04,0,0,0,0,0,7e-04,0,0.0038,0.0251,0,0,0,1e-04,0,4e-04,0.0142,0,0,0.0018,0,0,0,0,0.0023,0,9e-04,0,0,0,0,0.005,0,4e-04,0,0,0.0031,0
9.99000999000999e-05,0,0,0,0.00849150849150849,0,9.99000999000999e-05,0,0,0.00659340659340659,0.00589410589410589,0,0,0.00849150849150849,0.00579420579420579,0,0.000999000999000999,0,0,0,0,0.0028971028971029,0,9.99000999000999e-05,0,0.0835164835164835,0,0,9.99000999000999e-05,0.0050949050949051,0.0020979020979021,0,0,0.000799200799200799,0,0,0.0003996003996004,0.0011988011988012,0.00609390609390609,0,0,0,0,0,0,0.00819180819180819,0,0,0,0,0.00559440559440559,0,0,0.0004995004995005,0,0,0.0015984015984016,0,0,0.0145854145854146,0,0,0.000999000999000999,0,0,0.0002997002997003,0.0035964035964036,0.0002997002997003,0,0.00729270729270729,0.0001998001998002,0,0,0,0,0,0.0003996003996004,0.0001998001998002,0,0.018981018981019,0,0.0052947052947053,9.99000999000999e-05,0,0,9.99000999000999e-05,9.99000999000999e-05,0,0.0010989010989011,0,0,9.99000999000999e-05,0.0013986013986014,0,0.0025974025974026,0,0,0,0,0,0,0.0192807192807193,0,0,0.0003996003996004,0,0,0.00539460539460539,0.0050949050949051,0,0.0004995004995005,0,0,0,0.0002997002997003,0.0010989010989011,0,0.0004995004995005,0.0010989010989011,0,0,0,0.00779220779220779,0,0.0460539460539461,0.13976023976024,0,0,0,0.12987012987013,0,0,0,9.99000999000999e-05,0,0,0.0041958041958042,9.99000999000999e-05,0,0,9.99000999000999e-05,0,0.000599400599400599,0,0.00539460539460539,0,0,0,0,0.003996003996004,0.0001998001998002,0,0,0.0003996003996004,9.99000999000999e-05,0,0,0,0,0,0,0,0,0,0,9.99000999000999e-05,0,0,0,0,9.99000999000999e-05,0,0,0,0,0,0,0.00919080919080919,0.015984015984016,0,0,0,0,0,9.99000999000999e-05,0,0,0,0,0,0,0.004995004995005,9.99000999000999e-05,9.99000999000999e-05,0,0,0.0014985014985015,0,0,0,0,0,0,0.0011988011988012,0,0.0004995004995005,9.99000999000999e-05,0.0002997002997003,9.99000999000999e-05,0.0001998001998002,0,0,0,0,0.0010989010989011,9.99000999000999e-05,0.0255744255744256,0.0021978021978022,0.0040959040959041,0,0.0023976023976024,9.99000999000999e-05,0,0.0003996003996004,9.99000999000999e-05,0.0038961038961039,0,0,0.0137862137862138,0,0.00849150849150849,0,0,0.032967032967033,0,0,0.0001998001998002,0,0,0.0041958041958042,0,0.0052947052947053,0,0,9.99000999000999e-05,0,0,0,0,0,0.0957042957042957,9.99000999000999e-05,0,0,0.0001998001998002,0.0003996003996004,0,0,0.0001998001998002,0,0.0010989010989011,0,0,0.0002997002997003,9.99000999000999e-05,0,0,0.0158841158841159,0,0.0225774225774226,0,0.0004995004995005,0.0043956043956044,0,0,0,9.99000999000999e-05,9.99000999000999e-05,0,0.122177822177822,0,0,0.0001998001998002,0,0,0,0,0,0.0033966033966034,0,0,0,0,0,0.0037962037962038,0,0.0002997002997003,0,0,0.0042957042957043,0
0,0,0,0,0,0,0,0,0,0,0,0,0,0,0.003,0,0,0,0,0,0.0025,0,0,0,0,0.1424,0,0,0.0013,0,0,0,0,0,0,0,4e-04,0,0,0,0,0,0,0,0,0,0,0,0,0,2e-04,0,0,0,0,0,0,0,0,0,0,3e-04,3e-04,0,0,0,0,0,0,0,0,0,0,0,0,0,0,0,0,0.0015,0,0,0,0,4e-04,0,0,0,0,1e-04,0.0057,0,0.035,0,0,0.0043,0.0022,1e-04,0,0,0,0,0,0,0,0,0,0.0615,0,0,0,0,0,1e-04,0,0,0,0,0.0073,0,0,0,0,0,0,0,0,0,0,0,3e-04,0.0012,0,0,0,0,0.0031,0,0,0,0,0,0,0,0,0,0,0,0,8e-04,1e-04,7e-04,0,0,0,0,0,0,0.0096,0,2e-04,0,0,0,0,0,0,0,0,0,0,0,0.078,0,0,0,0,0,0,0,0,0,0,4e-04,0,0,1e-04,0,0,0,0,0,0,0,0,0,0,0,0,0,0,0,0,0,0,0,0,0,0,6e-04,0,0,0.0015,0,0,0,0,0.0033,0,0,0,0,0,0,0,0,0,0,0,0,0.0013,0,0,0.0153,0.0036,0,0,0,0,0,0,0,0,0.0018,0,0,0,0,0,0,0,0,0,0,0,0,0,0,1e-04,5e-04,0,0,0,0,0,0,0,0,0,0.5706,0.001,0,0,0,0,0,0,0,1e-04,0.0358,0,0,0,0,0,0,0,0,8e-04,6e-04,0,0,0,0,0,0,0,0,0,0,0
0,0,0,0,0.00749550269838097,0,0,0,0,0,0,0,0,0.00219868079152508,0,0.000399760143913652,0,0,0,0,0,0,0.00149910053967619,0,0,0.0140915450729562,0,0,0.000199880071956826,0,0.00189886068358985,0,0,0,0,0,0.000199880071956826,0,0.0143913651808915,0,0.00679592244653208,0,0,0,0,0.0092944233459924,0,0,0,0,0,0,0,0,0,0,0,0,9.9940035978413e-05,0,0,0.0136917849290426,0.00209874075554667,0,0,0,0,0,0,0,0,0,0,0.00659604237457526,0,0.000899460323805717,0,0,0,0,0,0,0.000199880071956826,0,0,0,0,9.9940035978413e-05,0,0,0,0,0,0,9.9940035978413e-05,0,0,0,0,0,0,0,0,0,0,0,0.00469718169098541,0.0612632420547671,0.00759544273435938,0,0,0,9.9940035978413e-05,0,0,0,0,0.00179892064761143,0,0,0,0,0.0129922046771937,0,0.00339796122326604,0,0,0,0,0.181191285228863,0,0.0111932840295823,0,0,0.00339796122326604,0,0,9.9940035978413e-05,0,0,9.9940035978413e-05,0,0,0,0,0,0,0,0,0,0.000499700179892065,0,0,0,0,0,0,0,0,0.00529682190685589,0,0,0,0.000999400359784129,0,0,0,9.9940035978413e-05,0,0,0,0,9.9940035978413e-05,0,0,0,0,0,0,0,0,0,0,0,0.00119928043174096,0,0,0,0,0,0,0.00419748151109334,0,0,0,0,0,0,0,0,0,0,0,0,0,0.00129922046771937,0.000599640215870478,0,0.000499700179892065,9.9940035978413e-05,0,0,0,0,0,0,0.00939436338197082,0,9.9940035978413e-05,0,0,0,0,0,0,0,0,0,0,0,0.0162902258644813,0,0,0.122326604037577,0,0,0,0,0,0,0,9.9940035978413e-05,0,0,0,0,0,0,0,0,0.00569658205076954,0,0,0,0,0,9.9940035978413e-05,0,0,0,0,0,0,0.00129922046771937,0,0,0,0,0,0.010893463921647,0,0,0.00729562262642415,0,0,0,0,0,0,0.405756546072357,0,0,0,0,0,0.000299820107935239,0,0,0,0,0,0,0,0,0.0347791325204877,0,0.000699580251848891,0,0,0,0
0,0,0,0,0,0,9.99700089973008e-05,0,0,0,0,0,0,0,0.00639808057582725,0,0,0,0,0,0,0,0,0,0,0.558432470258922,9.99700089973008e-05,0,0.00319904028791363,0,0,0.0482855143456963,0,0.0187943616914926,0.0113965810256923,0,0,0,0,0,0,0,0,0,0,0.00309907027891633,0,0,0,0,0,0,0,0,0,0,0,0,0,0.000199940017994602,0,0,0,0,0,0,0.0442867139858043,0,0,0,0,0,0,0,0,0.0359892032390283,0,0,0,0.00169949015295411,0,9.99700089973008e-05,0,0,0,0.00219934019794062,0,0,0,0,0,0,0,0,0,0,0.000199940017994602,0,0,0,0,0,0,0.00189943017094872,0.000399880035989203,0,0,0,0,0,0,0,0,0.00379886034189743,0,0,9.99700089973008e-05,0,0.0154953513945816,0,0.000299910026991902,0,0,0,0,0,0,0,0.000199940017994602,9.99700089973008e-05,9.99700089973008e-05,0,0,0,0,0,0,0,0,0,0.00799760071978406,0,0,0,0,0,0.00209937018894332,0,0,0,0.00129961011696491,0.000199940017994602,0,0,0,0,0,0,0,0.000299910026991902,0,0,0,0,0,0,0,0,9.99700089973008e-05,0,0,0,0.0207937618714386,0,0,0,0,9.99700089973008e-05,0,0,0,0,0,0,0,0,0,0,0,9.99700089973008e-05,0,0.00159952014395681,0,0,0,0,0,0,9.99700089973008e-05,0,0,0,0,0.00109967009897031,0,0.0246925922223333,0.000699790062981106,9.99700089973008e-05,0,0,0,0,0,0,0,0,0,0.000299910026991902,0.00769769069279216,0,0.000799760071978406,0.00329901029691093,0,0,0,0,0,0,0.00349895031490553,0,0.000899730080975707,9.99700089973008e-05,0,0,0,0,0,0,0,0.00199940017994602,0,0,0,0,0,0,0,0,0.000299910026991902,0,0.0131960411876437,0,0,0,0,0.000199940017994602,0.0376886933919824,0,0,0,0,0,9.99700089973008e-05,0,0.00239928021593522,0,0,0,0,0.0642807157852644,0,0,0.014295711286614,0,0,0,0,0,0,0,0,0,0,0,0,9.99700089973008e-05,0,0,0.000499850044986504,0.000899730080975707,0,0,0.000199940017994602,0,0,0,0,0,0,0.0290912726182145,0
0,0,0,0,0,0,0,0.0047995200479952,0,0,0,0,0,0,9.99900009999e-05,0,0,0,0,0,0,0,0,0.0004999500049995,0,0.336266373362664,0,0,0.0006999300069993,0.0044995500449955,0,0,0,0,0,0,0.0036996300369963,0,0,0,0,0,0,0,0,0.0420957904209579,0,0,0,0,0,0,0,0,0,0,9.99900009999e-05,0,0,0.008999100089991,0,0,0,0,0,0,0,0,0,0,0.0052994700529947,0,0,0,0,0,0,0,0,0,0,0,0,0,0,0,0,0,0,0,0,0.0002999700029997,0.0001999800019998,0,0,0,0,0,0,0,0,0.0016998300169983,0,0,0,0,0,0.0497950204979502,0,0,0,0,0,0.0083991600839916,0,0,0,0,0.0244975502449755,9.99900009999e-05,0.0001999800019998,0,0,0.006999300069993,0.0108989101089891,0,0,0,0,0,0,0.0322967703229677,0,0,0,0,0.0071992800719928,0,0,0,0.0005999400059994,0,0,0,0,0,0,0,0,0.0001999800019998,0,0,0,0.0040995900409959,0,0,0,0,0,0,0,0,0,0,0,0,0,0.0006999300069993,0,0,0,0,0.0136986301369863,0,0,0,0,0,0,0,0,0,0,0,0,0,0,0,0,0,0,0.0141985801419858,9.99900009999e-05,0,0,0,0.0001999800019998,0,0,0,0,0,0,0,0,0,0,0,0.0005999400059994,0,0.0004999500049995,0,0,0,0.0025997400259974,0,0.0345965403459654,0,0,0,0,0,0,0,0,0,0,0,0.0091990800919908,0,0,0,0,0,0,0,0,0,0,0,0,0,0,0,0.0008999100089991,0,0,0,0,0,0,0,0,0,0,0,0,0,0,0.002999700029997,0,0,0,0,0,0,0,0,0,0.0001999800019998,0,0,0.0072992700729927,0.0001999800019998,0,0,0,0,0,0.357164283571643,0,0,0,0,0,0,0,9.99900009999e-05,0,0,0,0,0,0,0,0,0.0001999800019998,0,0,0,0
0,0,0,0,0.0367889633110067,0,0,0,0,0.00859742077376787,0.0131960411876437,0,0,0,0.00819754073777867,0,0,0,0,0,0,0,0.00469859042287314,0.000599820053983805,0,0.0372888133559932,0.000299910026991902,0,0.000299910026991902,0.00339898030590823,0.014295711286614,0,0,0,0,0,0.000299910026991902,0.00389883035089473,0.00389883035089473,0,0,0,0,0.00209937018894332,0.00109967009897031,0.00199940017994602,0,0,0,0,0.0105968209537139,0,0,0,0.000699790062981106,0,0,0,0,0.00459862041387584,0,0,0.00229931020693792,0,0,0,0.000999700089973008,0.000499850044986504,0,0,0,0,0.000499850044986504,0,0,0,0,0,0,0.00649805058482455,0,0,9.99700089973008e-05,0,0,0,0,0,0.00599820053983805,0,0,0.00169949015295411,0,0,0.000499850044986504,0,0,0,0,0,0,0,0,0,0,0,0,0.00149955013495951,0.00229931020693792,0.00489853044086774,0,0,0,0,0.00149955013495951,0,0,0.0134959512146356,0,0,0,0,0.00619814055783265,9.99700089973008e-05,0.0271918424472658,0.0136958912326302,0,0,0,0.0254923522943117,0,9.99700089973008e-05,0,0.000199940017994602,0.00369889033290013,0,9.99700089973008e-05,9.99700089973008e-05,0,0.000299910026991902,9.99700089973008e-05,0,0,0,0,0,0,0,0,0,0.000699790062981106,0.000499850044986504,0,0,0,0,0,0,0,0.00879736079176247,0.000199940017994602,0,0,9.99700089973008e-05,0,0,0,0,0,0,0,0,0,0,0,0,0,0,0.12776167149855,0,0,0,0,0,9.99700089973008e-05,0,0,0,0,0,0,0.00349895031490553,0,0,0,9.99700089973008e-05,0,0,0,0,0,0,0,0,0,0.000899730080975707,0.000699790062981106,0,9.99700089973008e-05,0.000299910026991902,0,0.0137958612416275,0,0,0,0,0.0473857842647206,0,0.0302909127261821,0,0,0,0,0,0,0,0,0,0,0,0,0,0,0.0414875537338798,0,0,0,0,0,0.000199940017994602,0,0.00219934019794062,0,0,0,0,0,0,0,0,0,0,0,0,0.00189943017094872,0,0,0,0,0.000799760071978406,0,0,0,0.000199940017994602,9.99700089973008e-05,0,0,0,0,0,0,0.00129961011696491,0.108267519744077,0,0.00319904028791363,0,0,0,0,0.246426072178347,0,0,0.0518844346695991,0,0,0,0,0,0,0,0,0,0,0,0.0177946616015195,0,0.00179946016195141,0,0,0.010296910926722,0
0,0,0,0,0,0,0.0002000200020002,0.0024002400240024,0.0006000600060006,0,0,0,0,0,0,0,0,0,0,0,0.0001000100010001,0.0046004600460046,0,0,0,0.206220622062206,0,0,0.0012001200120012,0,0.0194019401940194,0,0,0.0078007800780078,0,0,0.0001000100010001,0.0013001300130013,0,0,0,0,0,0.0001000100010001,0,0.0607060706070607,0,0,0,0,0,0,0,0,0.0026002600260026,0,0,0,0,0.0011001100110011,0,0.0005000500050005,0,0,0,0,0.0085008500850085,0,0,0.0026002600260026,0.0017001700170017,0,0,0,0.0004000400040004,0,0,0,0,0.0071007100710071,0,0,0.026002600260026,0,0,0,0,0,0,0.001000100010001,0.0048004800480048,0.0001000100010001,0,0,0,0,0,0,0.0038003800380038,0,0.0018001800180018,0,0,0.0005000500050005,0.0001000100010001,0,0.0023002300230023,0.141214121412141,0,0.0043004300430043,0,0,0,0.0007000700070007,0,0,0.0009000900090009,0,0.0143014301430143,0,0,0,0,0.0002000200020002,0.0094009400940094,0.0832083208320832,0,0,0.0036003600360036,0,0.0017001700170017,0.0021002100210021,0,0,0,0,0.0002000200020002,0,0,0,0,0,0,0,0,0,0,0,0,0.0002000200020002,0.0025002500250025,0.0019001900190019,0,0,0.0001000100010001,0,0,0,0.0024002400240024,0.0001000100010001,0,0,0,0.213521352135214,0,0,0.0006000600060006,0,0,0,0.0002000200020002,0,0,0,0,0,0,0.0024002400240024,0.0016001600160016,0,0,0,0,0,0.0018001800180018,0,0,0,0,0,0,0.0048004800480048,0,0,0.0001000100010001,0,0,0.0001000100010001,0,0,0,0,0,0,0,0.0099009900990099,0,0,0,0,0,0,0.0003000300030003,0,0.0007000700070007,0,0.0001000100010001,0.0026002600260026,0,0.0002000200020002,0,0.0034003400340034,0,0,0,0,0,0,0.0046004600460046,0.0001000100010001,0.0077007700770077,0,0.0003000300030003,0.027002700270027,0,0,0.0009000900090009,0,0,0,0,0,0,0,0,0.0068006800680068,0,0,0,0,0,0.0001000100010001,0,0,0.0017001700170017,0,0,0.0006000600060006,0.0005000500050005,0,0.0003000300030003,0,0,0.0006000600060006,0,0,0,0,0.0008000800080008,0.0241024102410241,0,0.0046004600460046,0.0347034703470347,0,0,0,0,0,0.0001000100010001,0.0001000100010001,0,0,0,0,0,0,0,0,0.0019001900190019,0.0014001400140014,0,0,0,0,0.0001000100010001,0,0,0,0,0,0
0,0,0.0010989010989011,0,0.00979020979020979,0.0044955044955045,0.0003996003996004,0,0,0.0038961038961039,0.0100899100899101,0,0,0,0.0036963036963037,0,0,0,0,0,0,0.00969030969030969,0.001998001998002,0,0,0.102697302697303,0,0,0.0001998001998002,0,9.99000999000999e-05,0,0.002997002997003,0.0024975024975025,0,9.99000999000999e-05,0.000699300699300699,0.0003996003996004,0.00689310689310689,0,0,0,0,0.0016983016983017,0.00519480519480519,0.0223776223776224,0,9.99000999000999e-05,0,0,0.0015984015984016,0,0.0001998001998002,0,0,0,0,0,0,0.0165834165834166,0,0.0225774225774226,0,0,0,0.0001998001998002,0.0044955044955045,0,0,0,0.0021978021978022,0,0.0040959040959041,0.0353646353646354,9.99000999000999e-05,0,0,0,0,0.0044955044955045,0.0003996003996004,0.00619380619380619,9.99000999000999e-05,0,0,0.000999000999000999,0,9.99000999000999e-05,0,0.0140859140859141,9.99000999000999e-05,0.0011988011988012,9.99000999000999e-05,0,0.0028971028971029,0,0,0,0.0021978021978022,0,0,0,0,0.0026973026973027,0.0013986013986014,0,9.99000999000999e-05,0.0001998001998002,0.0245754245754246,0,0,0.000699300699300699,0,0,0.000999000999000999,0,0,0,0,0,0,0,0,0,0.0168831168831169,0.0918081918081918,0,0,0,0.0992007992007992,0.0037962037962038,0.000699300699300699,0,0,0.0001998001998002,0.0002997002997003,9.99000999000999e-05,0,0,0,0,0,0,0,0,0,0.0002997002997003,0,9.99000999000999e-05,0,0.0002997002997003,0,0,0,0,0,0,0,0.00969030969030969,0.0113886113886114,0,0,0.0001998001998002,0.0194805194805195,0,0,0,0,0,9.99000999000999e-05,0,0,0.0001998001998002,0,0,0,0,0.01998001998002,0.0011988011988012,9.99000999000999e-05,0,0,0,0,0.000999000999000999,9.99000999000999e-05,0,0,0.0018981018981019,0,0,0.0260739260739261,0,0,0,0,0.00659340659340659,0.0003996003996004,0,0,0,0,0,0.0012987012987013,0.0405594405594406,0.00679320679320679,0,0,0,0.0001998001998002,0,0,0,0,0.000799200799200799,0,0.00719280719280719,0.0025974025974026,0.00959040959040959,0,0.00999000999000999,0.0014985014985015,0,0,0,0,0,0,0.0102897102897103,0,0.00819180819180819,0.000699300699300699,0,0.0504495504495504,0,0.0002997002997003,0.0003996003996004,0,0,0.0026973026973027,0,0,9.99000999000999e-05,0,0,0,0,0,0,0.0010989010989011,0.0138861138861139,9.99000999000999e-05,0.000999000999000999,0,0.0003996003996004,0.0011988011988012,0,0.000599400599400599,0.0004995004995005,0.0002997002997003,9.99000999000999e-05,0.0003996003996004,0,0,0,0,0,0.0003996003996004,0,0.0002997002997003,0,0,0.0301698301698302,0,0,0,0,0,0.000899100899100899,0.086013986013986,9.99000999000999e-05,0,0.0155844155844156,0,0,0.000899100899100899,0,0,0.0043956043956044,0.0031968031968032,0.00869130869130869,0,0,0,0.000599400599400599,0.0003996003996004,0.0002997002997003,0.0011988011988012,0,0.0194805194805195,0
0,0.000399720195862896,0,0,0,0,0,0,0,0,0,0,9.9930048965724e-05,0.0164884580793445,0.037273908264215,0,0.00109923053862296,0,0,0,0,0.00149895073448586,0,0,0,0.0247826521434996,0,0.000299790146897172,0.00109923053862296,0,0.0262816028779854,0,0,0.00829419406415509,0,0,0.00179874088138303,0,0.000299790146897172,0,0,0,0,0,0,0.000399720195862896,0.0548615968821825,0,0,0,0,0,0,0,0,0,0,0,0,0,0,0,0,0.00119916058758869,0,0,0,0,0,0,0.00339762166483462,0,0,0,0,0.0729489357449785,0,0,0,0.000899370440691516,0,0,0,0,0,0.000399720195862896,0.000299790146897172,0,0,0.00359748176276606,0,0,0,0,0,0,0,0.000199860097931448,0.002897971420006,0,0,0,0,0,9.9930048965724e-05,0,0,0.429699210552613,0,0,0,0,0,0,0,0,0,9.9930048965724e-05,0,0,0,0,0,9.9930048965724e-05,0,0,0,0,0,0,0.000599580293794344,0.00409713200759468,0,0,0,0,0.04416908164285,0,0,0,0.0653542520235835,0,0,0,0,0,0,0,0,0,0.00099930048965724,0,0,0,0,0,0,0,0,0.00529629259518337,0,9.9930048965724e-05,0,0,0,0,9.9930048965724e-05,0,0,0,0.000299790146897172,0,0,0,0,0,0,0.0020985310282802,0,0,0,0,0,0,0,0,0,0,0,0,0,0.0101928649945038,9.9930048965724e-05,0,0,0,0,0,0,0,0,0,0,0,0,0.0124912561207155,0,0,0.000599580293794344,0,0,0,0,0,0.000399720195862896,0,0,0,0.0551613870290796,0,0,0,0,0,0,0,0,0,0.00699510342760068,0,0.0110922354351954,0,9.9930048965724e-05,0.0116918157289897,0,0,0,0,0,9.9930048965724e-05,0,0,0,0,0.000799440391725792,0,0,0,0,0,0,0,0.00049965024482862,0,0.00109923053862296,0.00199860097931448,0.00339762166483462,0,0,0.00199860097931448,0.000699510342760068,0,0,0.000199860097931448,0,0,0,0,0,0,0,0.00399720195862896,0.0473668432097532,0,0,0,0,0,0.00129909063655441,0,0,0,0.0119916058758869,0,0,0.00119916058758869,0,0,0.000199860097931448,0,0,0,0,0,0,0,0.000399720195862896,0,0,0,0
0,0,0,0,0,0,9.99800039992002e-05,0,0,0,0,0,0,0,0,0,0.000399920015996801,0,0,0,0,0.010997800439912,0,0.0002999400119976,0,0.111877624475105,0,0,0.000899820035992801,0.0016996600679864,0.018996200759848,0,0,0,0,0,0,0.00889822035592881,0,0,0,0,0,0,0,0.0414917016596681,0,0,0,0,0,0,0,0,0,0,0,9.99800039992002e-05,0,0,0,0,0,0,0,0,0.0141971605678864,0,0,0,0.0925814837032593,0,0,0,0,9.99800039992002e-05,0,0,0,0,0,0,0,0,0.0141971605678864,0,0,0,0,0,0,0,0,0,0,0,0,0,0,0,0,0,0,0,0,0,0,0.293141371725655,0,0,0,0,0.0155968806238752,0.000399920015996801,0,0,0,0,0,0,0,0,0,0,0,0,0,0,0,0,0.0122975404919016,0.00419916016796641,0,0,0,0,0.0001999600079984,0,0,0,0.00569886022795441,0,0,0,0.00999800039992002,0,0.0031993601279744,0,0,0,0,0,0,0,0,0,0,0,0,0.00489902019596081,0,0,0,0,0,0,0,0,0,0,0,0,0,0,0,0,0,0.0128974205158968,0.0010997800439912,0.0001999600079984,0,0,0,0,0,0,0,0,0,0,0,0.0140971805638872,9.99800039992002e-05,0,0,0,0,0,0,0,0,0,0,0,0,0.0012997400519896,9.99800039992002e-05,0,0,0.000499900019996001,0,0,0,0,0,0,0,0.0399920015996801,0.000599880023995201,0,0,0,0,0,0,0,0,0,0,0,0.00649870025994801,0,0,0.00829834033193361,0,0,0,0,0,0,0,0,0,0,0,0,0,0,0,0,0,0.000599880023995201,0,0,0,0,0.0022995400919816,0,0,0,0,0,0,0.0001999600079984,0,0,0,0,0,0.001499700059988,0,0,0.0272945410917816,0,0,0,0,0,0.000399920015996801,0.155568886222755,0,0,0.0513897220555889,0,0,0,0,0.0001999600079984,0,0.00689862027594481,0,0.0010997800439912,0,0,0,0,0.000399920015996801,0,0,0,0
0,0,0,0,0,0,0,0,0.0965806838632274,0,0,0,0,0,0.000499900019996001,0,0,0,0,0,0,0.0030993801239752,0,0,0,0.153069386122775,0,0,0,0,0.000699860027994401,0,0,0.0022995400919816,0,0,0.000599880023995201,0,0,0,0,0,0,0,0,0,0,0,0.0010997800439912,0,0,0,0,0,0,0,0,0,0,0,0,0,0,0,9.99800039992002e-05,0,0.0243951209758048,0,0,0.00589882023595281,0,0,0,0,0,0,0,0,0,0.0010997800439912,0,0,0,0,0,0,0,0,0,0.0102979404119176,0,0.0002999400119976,0,0,0,9.99800039992002e-05,0,0,0.00369926014797041,0.0010997800439912,0,0,0,0,0,9.99800039992002e-05,0,0.264847030593881,0,0,0,0,0.00739852029594081,0,0,9.99800039992002e-05,0,0.0002999400119976,0,0,0,0,0,0,0,9.99800039992002e-05,0,0,0,0,0.0011997600479904,0,0.000699860027994401,0,0,0,0.0002999400119976,0,0,0,0,0,0,0,0,0,0.0022995400919816,0,0,0,0,0,9.99800039992002e-05,0.0018996200759848,9.99800039992002e-05,0,0,0,9.99800039992002e-05,0.00589882023595281,0,0,0,0,0,0,0,0,9.99800039992002e-05,0,0,0,0,0,0,0,0,0.000599880023995201,9.99800039992002e-05,0,0,0,0,0,0,0,0,0,0,0,0,0,0,0.001499700059988,0,0,0,0,0,0,0,0,0,0.000799840031993601,0,0,0,0,0,0,0,0,9.99800039992002e-05,0,0,0,0,0,0,0.000399920015996801,0,0,0,0,9.99800039992002e-05,0,0,0,0.001999600079984,0,0.00769846030793841,0,0,0.148270345930814,0,0,0,0,0,0,0,0,0.0001999600079984,0,0,0,0,0,0,0,0.00669866026794641,0,0,0,0,0,0.0010997800439912,0,0,0,0,0,0,0,0,0,0,0,0.0015996800639872,9.99800039992002e-05,0,0,0.0354929014197161,0,9.99800039992002e-05,0,0,0,0,0.174465106978604,0,0,0.0031993601279744,0,0,0,9.99800039992002e-05,0,0,0.000399920015996801,0.00609878024395121,0,0,9.99800039992002e-05,0.0168966206758648,0,0.0012997400519896,9.99800039992002e-05,0,0,0
0.000599580293794344,0,0,0,0,0,9.9930048965724e-05,0,0,0,0.0100929349455381,0,0.0145897871489957,0,0,0,0.0458678924752673,0,0,0,0,0.0178874787648646,0.00199860097931448,0,0,0.000199860097931448,0,0.00189867093034876,9.9930048965724e-05,0,0.00369741181173179,0,0,0.00589587288897772,0,0,0.000199860097931448,0,0.00399720195862896,0,0.00809433396622364,0,0.000399720195862896,0,0.00889377435794944,0,0,0,0,0,0,0,0,0,0,0,0.00199860097931448,0,0,0.0126911162186469,0,0.000399720195862896,0.00269811132207455,0,0,0,0,0.00649545318277206,0,0,0,0,0,0,0,0,0,0,0.000199860097931448,0.00719496352553213,0,0,0,0,0,0,0,0,0.00369741181173179,0,0,0.00129909063655441,9.9930048965724e-05,0,0.00139902068552014,9.9930048965724e-05,0.000299790146897172,0,0,0.000199860097931448,0,0,0,0,0,0,0,0.00119916058758869,0.038373138802838,9.9930048965724e-05,0,0,0,9.9930048965724e-05,0,0,0,0,0,0,0,0,0.0264814629759169,0,0.00629559308484061,0.188667932447287,0,0,0,0.144798640951334,0,9.9930048965724e-05,0,9.9930048965724e-05,0.000299790146897172,0,9.9930048965724e-05,0,0,9.9930048965724e-05,0.00099930048965724,0.000199860097931448,0.00329769161586889,0,0,0,0.000399720195862896,0,0,0,0,0,0,0.000199860097931448,0,0,0,0,0,0,0,0,0,0.000199860097931448,0,0,0,0,0,0,0.000299790146897172,0.000699510342760068,9.9930048965724e-05,0,0,0,0,0,0.0116918157289897,0,0,0,0,0,0.00159888078345158,0,0,0,0,0,0,0.00699510342760068,0,0,0,0,0,0,0,0,0,0,0,0,0,0.0405715998800839,0,0,0.000199860097931448,0,0,0,0,0,0,0,0.00469671230138903,0,0.0480663535525132,0,0,0,0,0,0,0,0,0,0.00099930048965724,0,0,0,0,0,0,0,0,0,0,0,0,0,0,0,0,0,0,9.9930048965724e-05,0,0,0,0,0,0,0,0,0,0,0,0,0,0,0,0.000199860097931448,0,0,0,0,0,0.0895373238732887,0,0,0.0515639052663136,0.0485660037973419,0,0,0,0,0.000299790146897172,0.0834415908863795,0,9.9930048965724e-05,0.0138902768062356,0,0,0,0,0,0,0,0,0,0,0,0,0,0.000599580293794344,0,0,0.0204856600379734,0
0,0,0,0,0,0.00469718169098541,0.000499700179892065,0,0,0.00429742154707176,0.0022986208275035,0,0,9.9940035978413e-05,0.004597241655007,0,0,0,0,0,0,0.0022986208275035,0,0,0,9.9940035978413e-05,0.000599640215870478,0,0,0,0,0,0,0,0,0,0,0.00149910053967619,0.00339796122326604,0,0.00409754147511493,0,0,0.000499700179892065,0.00479712172696382,0.000199880071956826,0,0,0,0,0.00749550269838097,0,0,0,9.9940035978413e-05,0,0,0,0,0.000499700179892065,0,0.0215870477713372,0,0,0,0.00169898061163302,9.9940035978413e-05,0.00469718169098541,0,0,0.000299820107935239,0,0.000199880071956826,0.00449730161902858,0,0,0,0,0.00149910053967619,9.9940035978413e-05,0,0.00329802118728763,0.00159904057565461,0,0.0157905256845892,0,0,0,0.00339796122326604,0,0,0.00209874075554667,0,0,0,0,0,9.9940035978413e-05,0.00189886068358985,0,0,0,0,0,0.00519688187087747,0,0,0.000699580251848891,0.0274835098940636,0.000999400359784129,0,0,0,0,0,0,0,0.000399760143913652,0,0.000199880071956826,0,0,0.00209874075554667,0,0.000299820107935239,0.0716570057965221,0,0,0,0.115530681591045,0,9.9940035978413e-05,0,0,0.000199880071956826,0.00209874075554667,9.9940035978413e-05,0,0,0,9.9940035978413e-05,0,0.00159904057565461,0,0,0,0,0,0,0,0.000199880071956826,0,0,0,0.000199880071956826,0,0,0,0,0.0145912452528483,0,0,0.000299820107935239,0.087847291625025,0,0,0,0,0,0,9.9940035978413e-05,0,0.159504297421547,0,0,0,0,0,0.000699580251848891,0,0,0,0,0,0,0,0,0,0,0,0,9.9940035978413e-05,9.9940035978413e-05,0,0,0,0,0,0,0,0,0,0,0.00749550269838097,0,9.9940035978413e-05,0,0,0,0,0,0,0,0,0.000299820107935239,0,0.00329802118728763,0,0.00289826104337398,0.000899460323805717,0,0.00209874075554667,0,0,0,0,0,0,0.0102938237057765,0,0.00989406356186288,0,0,0.198580851489107,0,0,0,0,0,0,0,0,0,0,0,0,0,0,0,0.000899460323805717,0,0,0.00129922046771937,0,0.00239856086348191,0,9.9940035978413e-05,0,0,0,0,0,0,9.9940035978413e-05,0,0,0,0,9.9940035978413e-05,0.00119928043174096,0,0,0.00819508295022986,0,0,0,0,0,0.000999400359784129,0.116330201878873,0,0,0.00589646212272636,0,0,0,0,0,0,0.000499700179892065,0,0,0,0,0.0239856086348191,0,9.9940035978413e-05,0,0,0.00469718169098541,0
0,0,0,0.000500100020004001,0.000800160032006401,0,0.000700140028005601,0.000900180036007201,0,0,0,0.0011002200440088,0,0,0.193538707741548,0,0,0,0,0.0019003800760152,0.000400080016003201,0,0,0.001500300060012,0,0,0,0,0.0254050810162032,0,0,0.0028005601120224,0,0,0,0,0.00330066013202641,0.000600120024004801,0,0,0,0,0,0.00250050010002,0,0.0003000600120024,0,0,0,0,0.000800160032006401,0,0,0,0,0,0,0,0.000500100020004001,0.0024004800960192,0.0011002200440088,0.000500100020004001,0.0002000400080016,0,0,0,0.0023004600920184,0,0,0.00780156031206241,0,0,0,0,0,0,0,0,0,0,0,0,0,0,0.0002000400080016,0,0.0360072014402881,0,0.0002000400080016,0,0,0.00470094018803761,0.0753150630126025,0,0,0,0,0,0.000900180036007201,0,0,0,0,0,0,0.0012002400480096,0,0.0102020404080816,0,0,0,0,0,0.0113022604520904,0,0.0002000400080016,0,0,0,0.00360072014402881,0.000700140028005601,0,0,0.000600120024004801,0.0823164632926585,0,0,0,0,0,0,0.00720144028805761,0,0,0,0,0.124124824964993,0,0,0,0.023504700940188,0,0,0,0,0,0,0,0,0,0.000400080016003201,0.000800160032006401,0,0,0.000400080016003201,0.0018003600720144,0,0,0,0.000400080016003201,0,0,0,0.000600120024004801,0,0,0,0,0,0,0,0,0.000900180036007201,0,0,0,0,0.00340068013602721,0.0003000600120024,0,0,0,0,0,0.000400080016003201,0,0,0,0,0,0,0.00890178035607121,0,0,0,0,0,0,0,0,0,0,0.0002000400080016,0,0,0.00530106021204241,0,0,0,0.0024004800960192,0.000700140028005601,0,0,0,0.000900180036007201,0,0.00460092018403681,0.0021004200840168,0,0,0.0003000600120024,0.0028005601120224,0,0,0,0,0,0,0,0,0,0,0,0.284856971394279,0,0,0,0,0,0,0.000400080016003201,0,0,0,0,0,0,0,0,0,0,0,0.0014002800560112,0,0.000500100020004001,0.00550110022004401,0,0,0,0,0,0,0,0,0,0,0,0,0,0,0.0012002400480096,0,0,0,0.0002000400080016,0.000800160032006401,0.0169033806761352,0,0.0002000400080016,0,0,0,0,0,0,0,0,0,0,0.0011002200440088,0,0,0,0,0,0,0.0146029205841168,0,0,0.000600120024004801,0
0,0,0,0,0,0,0.0003000600120024,0.00410082016403281,0,0,0,0,0,0.0378075615123025,0.0024004800960192,0,0,0,0,0,0,0.0028005601120224,0,0.00250050010002,0,0.121124224844969,0,0,0,0.0001000200040008,0,0,0,0.026505301060212,0,0,0,0,0,0,0,0,0,0,0,0.0029005801160232,0,0,0,0,0,0,0,0,0,0,0,0,0,0.000500100020004001,0,0,0,0,0,0,0.0019003800760152,0,0,0,0,0,0.00410082016403281,0,0,0,0,0,0.001000200040008,0,0,0,0,0,0,0,0,0,0,0,0,0,0.0244048809761952,0,0,0,0,0,0.00680136027205441,0,0,0,0,0,0.0002000400080016,0,0,0.158431686337267,0,0,0,0,0,0.0011002200440088,0,0,0,0,0,0,0,0,0,0.0001000200040008,0.0611122224444889,0,0,0,0,0,0.0012002400480096,0,0,0,0,0,0,0,0,0,0.0021004200840168,0,0,0,0,0,0,0,0,0,0,0,0,0,0,0,0,0,0,0,0,0,0,0.143528705741148,0,0,0,0,0,0,0.0002000400080016,0,0,0,0,0,0,0.0139027805561112,0,0,0,0,0,0,0,0,0,0,0,0.0014002800560112,0,0.0028005601120224,0,0,0,0,0,0,0,0,0,0,0,0,0,0,0,0,0,0,0,0,0,0,0,0,0,0,0.0448089617923585,0,0,0.000400080016003201,0,0,0,0,0,0,0.0111022204440888,0,0,0,0,0,0,0,0,0,0,0,0,0,0,0,0,0,0,0,0,0,0,0,0,0,0,0,0.0003000600120024,0,0,0,0,0,0,0.0001000200040008,0,0,0,0,0.0002000400080016,0.0001000200040008,0,0,0.0740148029605921,0,0,0,0,0,0,0.180336067213443,0,0,0.0112022404480896,0,0,0,0,0,0,0,0,0,0,0,0.0392078415683137,0,0.000700140028005601,0,0,0.0122024404880976,0
9.99100809271655e-05,0,0,9.99100809271655e-05,0,0,0,0,0,0,0,0,0,0,9.99100809271655e-05,0,0.000999100809271655,0.000199820161854331,0,9.99100809271655e-05,0,0.0230792286941752,0,0,0,0,0,0,0,9.99100809271655e-05,0.03137176541113,0,0,0.0151863323009292,0,0,0.00149865121390748,0.0181836347287441,0,0,0,0,0,0,0,0,0,0,9.99100809271655e-05,0,9.99100809271655e-05,0,0,0,0,0,9.99100809271655e-05,0,0,0.0272754520931162,0,0,0,0,0,0,0,9.99100809271655e-05,0,0,0,0,0,0,0.128384453991408,0,0,0,0,0.00759316615046458,0,0,0,0,0,0.000199820161854331,0,0,0,0.00689379558397442,0,0.000599460485562993,0.0254770706364272,0,9.99100809271655e-05,0.000799280647417324,0,0,0.00389649315615946,0,0,0,0,0,0,0,0,0,0,0,0,0,0,0,0,9.99100809271655e-05,0,0,0.00189829153761615,0.000299730242781497,0,0,0.000299730242781497,0.000199820161854331,0,0,0,0,0,0,0,0,0,9.99100809271655e-05,0,0,0.000299730242781497,0.000199820161854331,0,0,0.000199820161854331,0,0,0,0,0,0,0,0,0,0.000699370566490159,0,0,0,9.99100809271655e-05,0,0,0,0,0.0172844440003996,0,0,0,0,0,0,0,0,0,0,0.0025976621041063,0,0,0,0,0,0,0,0,0,0,0,0,0,0.00169847137576181,0,0,0,0,0,0,0.000599460485562993,9.99100809271655e-05,0,0,0,0.0123888500349685,0,0,0,0,0.00329703267059646,0,0,0,0.000499550404635828,0,0,0,0.000399640323708662,0,0,0,9.99100809271655e-05,0.00479568388450395,0,0,0,9.99100809271655e-05,0,0,0,0,0,0,0,0,0,0,0,0.0214806673993406,0,0,0.353581776401239,0,0,0,0,0,0,0,0,0,0,0.000399640323708662,0,0,0.000199820161854331,0,0,0,0.000699370566490159,0,0,0.00269757218503347,0.000199820161854331,9.99100809271655e-05,0,0,0.000499550404635828,0,0,0,9.99100809271655e-05,0,0,0,0,0,0.0570486562094115,0,0.000799280647417324,0.0230792286941752,0,0.000499550404635828,0,0,0,0.000399640323708662,0.105505045459087,0,0,0.0247777000699371,0,0,0,0,0,0,0,0,0,0,0.000399640323708662,0.0141872314916575,0,0.000199820161854331,0,0,0.0522529723249076,0
0,0,0,0,0,0,0,0,0,0,0,0,0,0,9.99500249875062e-05,0,0.00219890054972514,9.99500249875062e-05,9.99500249875062e-05,0,0,0,0,0,0,0.170614692653673,0,0,9.99500249875062e-05,0.000599700149925037,0.00299850074962519,0,0,0.00199900049975012,0.000199900049975012,0,9.99500249875062e-05,0.00289855072463768,0,0,0,0,0,0,9.99500249875062e-05,0.00439780109945028,0,0,0.000499750124937531,0,0.000199900049975012,0,0,0,0,0,0,0,0,0.0324837581209395,0,0,0,0.000199900049975012,0,0,0.0275862068965517,0,0,0,0.000299850074962519,0,0,0.000699650174912544,0,0.0015992003998001,0,0,0,0.00729635182408796,0,0.000199900049975012,0.00669665167416292,0,0,0.000299850074962519,0.064767616191904,0,0,0.000699650174912544,0.000999500249875062,0.000299850074962519,0,0,0,0,0,0,0,0,0,0,0,0,0,0,9.99500249875062e-05,0.248475762118941,0,0,0,0,0,0.00399800099950025,0,0,0,0,0.0270864567716142,0,0,0,0,0,0.000299850074962519,0,0,0,0,0,0,0.00829585207396302,0.000999500249875062,0,0,0,9.99500249875062e-05,0,0,0,0,0,0,0,0,0,0.00449775112443778,0,0,0,0.0015992003998001,0,0,0.00229885057471264,0,0,0,0,0.000599700149925037,0,0,0,0,0,0,0,0,0,0,0,0,0,0,0,0,0,0,0,0.00339830084957521,0,0,0,0,0,0.000699650174912544,0,0,0,0,0,0,0.00389805097451274,0,0,0,0,0,0,0,0.023688155922039,0,0.00259870064967516,0,0.0015992003998001,0,0.0015992003998001,0,0,0,9.99500249875062e-05,0.000699650174912544,0,0.000399800099950025,0,0,0,0,0,0.0131934032983508,0,0,0.00339830084957521,0,0,0,0,0,0,0.000199900049975012,0.000399800099950025,0.00689655172413793,0,0,0.0079960019990005,0.00119940029985007,0,0,0,0,0.00559720139930035,0,0,0,0,0.00709645177411294,0,0,0,9.99500249875062e-05,0,0,9.99500249875062e-05,0,0,0,0,0.0176911544227886,0,0,0.000299850074962519,0,0,0,0,0.0169915042478761,0,0,0,0,0.000899550224887556,0,0,0.00609695152423788,0,9.99500249875062e-05,0,0,0,0,0.198700649675162,0,0,0.00359820089955022,0,0,0.0254872563718141,0,0.000199900049975012,0.0120939530234883,0,0,0,0,0,0,0,0.000499750124937531,0,0,0.00279860069965018,0
0,0,0,0,0.00769461377036075,0,0,0,0,0.0053962226441491,0.00639552313380634,0,0,0.0125911861696812,0.0125911861696812,0,0,0,0,0,0,0,0.00149895073448586,0,0,0.00149895073448586,0,0,0,0.00629559308484061,0.000799440391725792,9.9930048965724e-05,0,0.000899370440691516,0,0.00919356450484661,0.000199860097931448,0.00119916058758869,0.00389727190966324,0,0.00489657239932048,0.00689517337863496,0,0.00569601279104627,0.00839412411312082,0.0125911861696812,0,0,0,0,0.00199860097931448,0.00429699210552613,0,0,9.9930048965724e-05,0,0,0,0,0.00109923053862296,0,0.0219846107724593,0.00169881083241731,0,0,0,0.000299790146897172,0.00559608274208054,0,0,0.000299790146897172,0,0,0.048166283601479,0,0,0,0,0.000199860097931448,0.00159888078345158,0.000299790146897172,0,0,0.00619566303587489,0,0,9.9930048965724e-05,0,0.00219846107724593,0.00899370440691516,0,0,9.9930048965724e-05,0,0.00049965024482862,0,0,0,0.00379734186069751,0,0,0,0,0,0,0,9.9930048965724e-05,0.000199860097931448,0.00349755171380034,0,0,0.000199860097931448,0,0.00049965024482862,0.000399720195862896,0,0,0,0.000299790146897172,0,0,0.00849405416208654,0.0119916058758869,0.000399720195862896,0.000399720195862896,0.0935345258319177,0,0,0,0.0792445288298191,0.0053962226441491,0.000699510342760068,0.00219846107724593,0,0,0.000699510342760068,9.9930048965724e-05,0,0,0,0,0,0,0,0,0,0,0,0,0,9.9930048965724e-05,0.0020985310282802,0,0,0,0,0,0,0.000899370440691516,0.0102927950434696,0,0,0,0.0715499150594584,0,0,9.9930048965724e-05,9.9930048965724e-05,0,0,0,0,0,0,0,0.000799440391725792,0,0.000399720195862896,0.00159888078345158,0,0,0,0.000299790146897172,0,0,0,0,0.00149895073448586,0,0,0,0.00329769161586889,0,0,0,0,0,0,0,0,0,0,0,0,0.0247826521434996,0,0,0,0,0.00279804137104027,0,0,0.00109923053862296,0,9.9930048965724e-05,0,0.0118916758269212,0,0,0,0,0,0,0,0,9.9930048965724e-05,0,0,0.0020985310282802,0,0.00299790146897172,0,0,0,0,0,0,0,0,0,0.000399720195862896,0,0,0,0,0,0,0,0,0,0.00129909063655441,9.9930048965724e-05,0,0,0,0,0.00129909063655441,0,0.000199860097931448,0,0,0,0,0.000299790146897172,0,9.9930048965724e-05,0,0,0,0.000199860097931448,0,9.9930048965724e-05,0.0821425002498251,0,0.0126911162186469,0,0,0,0.00049965024482862,0.26221644848606,0,0,0.00979314479864095,0,0,0,0,0,0,0.00299790146897172,0,0,0.00129909063655441,0.00299790146897172,0.0359748176276606,0,0,0,0,0.0198860797441791,0
0.00189905047476262,0,0,0,0,0,0.000699650174912544,0,0,0,0,0,0,0,0,0,0,0,0,0,0,0.0187906046976512,0,0.000199900049975012,0,9.99500249875062e-05,0,0,0,0.0121939030484758,0.0121939030484758,0,0,0.000999500249875062,0,0,0.00509745127436282,0,0.00909545227386307,0,0.0121939030484758,0,0,0.00119940029985007,0,0.000399800099950025,0,0,0,0,0,0,0,0,0,0,0,0,0,0.00579710144927536,0.0115942028985507,0.000999500249875062,0,0,0,0,0.000899550224887556,0,0,0.00249875062468766,0,0,0,0.00729635182408796,0,0,0,0,0.00349825087456272,0.00369815092453773,0,0,0.00149925037481259,0,0,0,0,0,0.00349825087456272,0,0,0.00219890054972514,0,0,0,0,0,0,0,0,0,0,0,0,0,0,0,0.00629685157421289,0.00709645177411294,0,0,0,0,0,0,0,0,0,0,0.000399800099950025,0,0,0.00659670164917541,0,0.00609695152423788,0.0451774112943528,0,0,0,0.252173913043478,0,0,0,0,0.000699650174912544,0,9.99500249875062e-05,0,0,0,9.99500249875062e-05,0,0.00389805097451274,0,0,0,0,0,0,0,9.99500249875062e-05,0,0,0,9.99500249875062e-05,0,0,0,0.00329835082458771,0,0,0,0,0,0,0,0,0,0,0,0,0,0,0,0,0,0,0,0.00969515242378811,0,0,0,0,0,0,0,0,0,0,0,0,0.000999500249875062,0.000199900049975012,0.000399800099950025,0,0,0,0,0,0,0,0,0,0,0,0,0,0,0,0.00969515242378811,0,0,0,0,0.00249875062468766,0,0.00899550224887556,0,0.000599700149925037,0,0,0,0,0,0,0,0,0,0.0162918540729635,0,0,0,0,0.0135932033983008,0,0,0,0,0,0,0,9.99500249875062e-05,0,0,0,0,0,0,0,0,0,0,0,0,0,0,0,0,0,0,0,0,0,0,0,0,0,0,0,0.0286856571714143,0,0,0.0526736631684158,0,9.99500249875062e-05,0,0,0,0.00209895052473763,0.36351824087956,0,0,0.0208895552223888,0,0,0,0,0,0,0,0,0,0,0,0.00889555222388806,0,0.000199900049975012,0,0,0.00919540229885057,0
0,0,0,0,0,0,9.99000999000999e-05,0,0,0.00689310689310689,0,0,0,9.99000999000999e-05,0.0181818181818182,0,0,0,0,0,0,0,0.00589410589410589,0,0,0.249050949050949,0,0.00949050949050949,0.0002997002997003,0.00619380619380619,0,0,0,0.0011988011988012,0,0,0,0,0.001998001998002,0.0004995004995005,0.00879120879120879,0.0040959040959041,0.0045954045954046,9.99000999000999e-05,0.000999000999000999,0.0032967032967033,0,0,0,0,0.001998001998002,0.0018981018981019,0,0,0,0,0.0036963036963037,0,0,9.99000999000999e-05,0,0.00709290709290709,0,0,0.0248751248751249,0,0.000599400599400599,0.0020979020979021,0,0,0,0,0,0.0127872127872128,0,0,0,0,0,0,0,0,0,0,0.000699300699300699,0,9.99000999000999e-05,0,0.001998001998002,0,0,9.99000999000999e-05,9.99000999000999e-05,0,0,0,0,0,0,9.99000999000999e-05,0,0.0564435564435564,0,0,0,0,0,0.0579420579420579,0.00709290709290709,0.0016983016983017,0,0,0,0,0,0,0,0,0,0,0,0,0,9.99000999000999e-05,0.0016983016983017,0.0741258741258741,0,0,0,0.192907092907093,0,0.0020979020979021,0,0,0,0,0.0017982017982018,9.99000999000999e-05,0,0,0.0001998001998002,0,0,0,0,0,0,0,0,0,0,0,0,0,0,0,0,0.0020979020979021,0,0.000799200799200799,0,0,0,0,0,0,0,0,0,0,0,0,0,0,0,0,0,0,0.000799200799200799,0,0,0,0,0,0,0,0,0,0,0,0,0.0044955044955045,0,0,0,0.0001998001998002,0,0,0,0,0,0,0,0,0,0,0,0,0,0,0,0,0,0,0,0,0,0,9.99000999000999e-05,0,0,0,0,0,0,0,0,0,0,0,0.0145854145854146,0,0,0.0334665334665335,0,0,0,0,0,0,0,0,0,0,0,0,0,0,0.0003996003996004,0,0,0,0,0,0,0,0.0012987012987013,0,0,0.0001998001998002,0,0,0,0,0,0,0,0,0,0.0117882117882118,0,0,0.0220779220779221,0,0,0,0,0,9.99000999000999e-05,0.128071928071928,0,0,0,0,0,0,0,0,0.0001998001998002,0.000799200799200799,0,0,0,0,0,0,0.000899100899100899,0,0,0.0013986013986014,0
0.000699510342760068,0,0,0,0,0,9.9930048965724e-05,0,0,0,0,0,0,0,0.00159888078345158,0,0,0,0,0,0,0,0.00779454381932647,0,0,0.00109923053862296,0,0,0,0,0,0.0293794343959229,0,0.00269811132207455,0,0,0,0.0194863595483162,0.00349755171380034,0,0.0070950334765664,0,9.9930048965724e-05,0.00279804137104027,0.0099930048965724,0.00739482362346358,0,0,0.00049965024482862,0,0,0.00599580293794344,0,0,0,0,0,0,0,0,0,0.0124912561207155,0,0,0,0,0.00599580293794344,0.00319776156690317,0,0,0,0,0,0.0118916758269212,0,0,0,0,0,0,0,0,0.00429699210552613,0.00439692215449186,0,0,0,9.9930048965724e-05,0.00239832117517738,0,0,0.000199860097931448,9.9930048965724e-05,0,0,0.002897971420006,0,0,0,0,0,0,0,0,0,0,0,0.0168881782752074,0.00649545318277206,0.00309783151793744,0,0,0,0,0,0,0,0,0,9.9930048965724e-05,0,0,0.00829419406415509,0,0.000199860097931448,0.121115219346457,0,0,0,0.282502248426102,0,0,0,0,0,0,9.9930048965724e-05,0,0,0,0,0,0.00279804137104027,0,0,0.0303787348855801,0,0,0,0,0.00199860097931448,0,0,0,9.9930048965724e-05,0,0,0,0,0,0,0,0,0,0,0,0,0,0,0,0,0,9.9930048965724e-05,0,0,0,0,0,0.0259818127310882,0,0,0,0,0,0,0,0,0,0,0,0,0,9.9930048965724e-05,0,0,0,0,0,0,0,0,0,0,0,0,0.0074947536724293,0,0,0,0,0,0,0.0119916058758869,0,0,0,0.0306785250324773,0,9.9930048965724e-05,0.00549615269311482,0,0,0,0,0,0,0,0,0,0,0,0,0,0.000199860097931448,0,0,0,0,0,0,0,0,0,0,0,0,0,0,0,0,0.0376736284600779,0,0,0,0,0,0,0,0,0,0,0,0,0,0,0,0,0,0,0.0853402618167283,0,0.00469671230138903,0.0120915359248526,0,0,0,0,0.00049965024482862,0.00219846107724593,0.104726691316079,0,0,0.0417707604676726,0,0,0,0,0,0,0,0,0,0,0,0,0,9.9930048965724e-05,0,0,0.00649545318277206,0
0,0,0,0,0,0,9.99900009999e-05,0,0,0,0,0,0,0,0.0050994900509949,0,0.0017998200179982,0,0,0,0,0,0,0,0,0.077992200779922,0,0,0.006999300069993,0,0,0,0,0,0,0,0.0001999800019998,0,9.99900009999e-05,0,0,0,0.0028997100289971,0,9.99900009999e-05,0,0,0,0,0,0,0,0,0,0,0,0,0,0,0,0,0,0,0,0,0,0.0351964803519648,0,0,0,0,0,0,0,0,0,0,0,0,0,0,0,0.0446955304469553,0,0,0.0004999500049995,0,0,0,0.0080991900809919,0,0,0.0005999400059994,0,0,0,0.0011998800119988,0,0,0,0,0.002999700029997,0,0,0,0,0,0.57024297570243,0,0,0,0,9.99900009999e-05,0.0087991200879912,0,0,0,0,0,0,0,0,0,0.0001999800019998,0.0022997700229977,0,0,0,0,0,0,0,0,0,0,0,0.0090990900909909,0,0,0,0.0023997600239976,0,0,0,0,0,0,0,0,0,0,0,0,0,0,0,0,0,0,0,0,0,0,0,0,0,0,0,0,0,0,0,0,0,0,0,0,0,0,0,0,0,0,0,0,0,0,0,0,0,0,0.0101989801019898,0,0,0,0,0,0,0,0,0,0,0,0,0,0,0,0,9.99900009999e-05,0.0122987701229877,0,0,0,0,0,0,0,0,0.0070992900709929,0,0,0,0,0,0,0.0001999800019998,0,0,0.000999900009999,0,0,0,0,0,0,0,0,0,0,0.001999800019998,0,0.0025997400259974,0,0,0.0001999800019998,0,0,0,0,0,0,0,0,0,0,0,0,0,0,0,0,0,0,0.0002999700029997,0,0,0,0,0,0.105889411058894,0,0,0.0012998700129987,0,0,0,0,0,0,0.0707929207079292,0,0,0.0017998200179982,0,0,0,0,0,0,0,0,0,0,0,9.99900009999e-05,0,0.0003999600039996,0,0,0.001999800019998,0
0,0,0,0,0,0,0,0,0,0,0,0,0,0,0.00279916025192442,0,0,0,0,0,0,0,0,0,0,0.405678296511047,0,0,0,0,0,0,0,0,0,0,0.00419874037788663,0.0443866839948016,0,0,0,0,0,0,0,0,0,0,0,0,0,0,0,0.000199940017994602,0,0,0,0,0,0,0,0,9.99700089973008e-05,0,0.0288913326002199,0,0,0,0,0.00509847045886234,0,0,0,0,0,0,0,0,0,0.000499850044986504,0,0.000199940017994602,0,0,0,0,0,0,0,0.0212936119164251,0,0.00169949015295411,0,0,0,0,0,0,0.00549835049485154,0,0,0,0,0,0,0,0,0.0287913625912226,0,0,0,0,0,0,0,9.99700089973008e-05,0,9.99700089973008e-05,0.00199940017994602,0,0,0,0,0.00219934019794062,0,0,0,0,0,0,0,0,0,0,0,0,0,0,0,0,9.99700089973008e-05,0,0,0,0,0,0,0,0,0,0.00119964010796761,0,0.000299910026991902,0.00219934019794062,0.000199940017994602,0,0,0,0,0.00579826052184345,0,0,0,0,0,0,0,0,0,0,0,0,0,0,0,0,0,0,0.0247925622313306,0,0,0,0,0,0,0,0,0,0,0,0,0.0101969409177247,0,0,0,0,0,0,0,0,0,0,0,0,9.99700089973008e-05,0.000399880035989203,0,0,0,0.00259922023392982,0,0,0,0,0,0,0.000199940017994602,0,0,0,0.010296910926722,0,0,0,0,0,0,0,0.00269919024292712,0,0.0134959512146356,0,0,0.00229931020693792,0,0,0,0,0,0,0,0,0,0,9.99700089973008e-05,0.00269919024292712,0,0,0,0,0,0,0,0,0,0.000299910026991902,9.99700089973008e-05,0,0,0,0,0,0,0,0,0,0,0,0,0.0136958912326302,0,0,0.0362891132660202,0,0,0,0,0,0,0.312506248125562,0,0,0,0,0,0,0,0,0,0,0,0,0,0,0.00369889033290013,0,0,0,0,0,0
0,0,0,9.99900009999e-05,0,0,0.0026997300269973,0,0,0,0,0,9.99900009999e-05,0,0.0008999100089991,0,0,0,0,0,0,0,0,0,0,0.313168683131687,0,0,0.0046995300469953,0.0004999500049995,0.0906909309069093,0,0,0,0,0,0.0006999300069993,0,9.99900009999e-05,0,0,0,0,0,0.000999900009999,0,0,0,0,0,0,0,0,0,0,0,0,0,0,0,0,0,0,0,0,0,0.0247975202479752,0.0013998600139986,0,0,0,0,0,0,0,9.99900009999e-05,0,0,0,0,0,0,0,0,0,0,0,0,0,0,0,0.0011998800119988,0,0,0,0,0.0043995600439956,0,0,0,0,0,0,0,0,0,0,0.0001999800019998,0,0,0,0,0,0.0570942905709429,0,9.99900009999e-05,0,0,0.0026997300269973,0,0,0,0.0004999500049995,0.0002999700029997,0,0,0,0,0,0,0,0,0,0,0,0,0.0387961203879612,0,0,0,0.0003999600039996,0,0,0,0,0,0,0,0,0,0,0,0,0,0,0,0,0,0,0,9.99900009999e-05,0,0,0,0,0,0,0,0,0,0,0,0,0,0,0,0,0,0.100689931006899,0,0,0,0,0,0,0,0,0,0,0,0,0.0112988701129887,0,0,0,0,0,0,0,0,0,0,0,0,0,0,0,0,9.99900009999e-05,0.0001999800019998,0,0,0,0,0,0,0,0,0.0001999800019998,0,0.0006999300069993,0,0,0,0,0,0,0,0,0,0,0,0,0.0157984201579842,0,0,0,0,0,0,0,0,0,0,9.99900009999e-05,0,0,0.0010998900109989,0,0,0,0,0,0,0,0,0,0,0,0,0,0,0,0,0,0,0,0,0,0,0,0,0.0086991300869913,0,9.99900009999e-05,0,0,0,0,0.293370662933707,0,0,0,0,0,0,0,0,0,0,0,0,0,0,0,0,0.0004999500049995,0,0,0.0203979602039796,0
0.000499700179892065,0,0,0,0,0,0.0101938836697981,0,0,0,0,0,0,0,9.9940035978413e-05,0,0,0,0,0,0,0.0134919048570857,0.000499700179892065,0.000399760143913652,0,0.0113931641015391,0,0,0.00139916050369778,0,0,0,0,0.0189886068358985,0,0,0.00129922046771937,0,0,0,0,0,0,0,0,0,0,0,0.000499700179892065,0,0,0,0,0,0,0,9.9940035978413e-05,0,0,0,0,0,0,0,0,0,0,0,0.000299820107935239,0,0,0,0,0,0,0,0,0,0,0,0,0,0,0,0,9.9940035978413e-05,0,0,0,0,0,0.000399760143913652,0.000999400359784129,0,0,0.000199880071956826,0,0,0,0,0,0.000699580251848891,0,0,0,0,0,0.430541674995003,0,0,0,0,0,0,0,0,0,0,0.0109934039576254,0.000199880071956826,0,0,0.00579652208674795,0.000499700179892065,0,0,0,0,0,0,0,0,0,0,0,9.9940035978413e-05,0,0,0,0,0,0,0,0,0,0.0775534679192485,0,0,0,0,0,0,0,0,0,0,0,0,0,0,0,0,0,0,0,0,0,0,0,0,0,0,9.9940035978413e-05,0,0.00209874075554667,9.9940035978413e-05,0,0,0,0,0,0.000199880071956826,0,0,0,0.00119928043174096,0,0,0,0,0,0.004597241655007,0,0,0,9.9940035978413e-05,0.000599640215870478,0,0,0,0,0,0,0,0,0,0,0,9.9940035978413e-05,0.00209874075554667,0.000499700179892065,0,0,0,0,0,0,0,0.0155906456126324,0,0.00439736158305017,0,0,0,0,0,0,0,0,0,0,0,0,0.000699580251848891,0,0,0,0,0,0,0,0,9.9940035978413e-05,0,0.000199880071956826,0,0,0,0,0,0,0,0,0,0,0.000199880071956826,0,0,0,0,0,0,0,0,0,0,0,0,0,0.000199880071956826,0,0,0.0218868678792724,0,0,0,0,0.000799520287827304,0.000399760143913652,0.339096542074755,0,0,0.0123925644613232,0,0,0,0,0,0,0,0,0,0,0,0,0,0.000199880071956826,0,0,0.00489706176294223,0
0.00539892021595681,0,0.000599880023995201,9.99800039992002e-05,0.018496300739852,0.00509898020395921,0,0,0,0.0105978804239152,0.0025994801039792,0,0,0,0.00809838032393521,0,0,0,0,0,0,0.0146970605878824,0,0,0,0.0013997200559888,0,0,9.99800039992002e-05,0.0419916016796641,0.00599880023995201,0,0,0.00619876024795041,0,0,0.0016996600679864,0.0023995200959808,0.0030993801239752,0,0.00809838032393521,0,0,0,0.0107978404319136,0,0,0,0,0,0.0030993801239752,0.0012997400519896,0,0.000499900019996001,0,0,0,0,0,0.000899820035992801,0,0.0020995800839832,0,0,0,0,0.000999800039992002,0.000699860027994401,0,0.0101979604079184,0.000399920015996801,0,0.0002999400119976,0,0,0,0.0001999600079984,9.99800039992002e-05,0,9.99800039992002e-05,0.000499900019996001,0.00429914017196561,0.0001999600079984,0,0,0,0,0,0.0030993801239752,0,0,9.99800039992002e-05,0.0002999400119976,0,0.00879824035192961,0.0013997200559888,0,0,0,0,0,0,0,0,0,9.99800039992002e-05,0,0.0235952809438112,0,0.0010997800439912,0,0,0.00359928014397121,0,0.000499900019996001,0,0,0.0135972805438912,0,0,0,0,0.0372925414917017,0,0,0.026994601079784,0,0,0,0.264247150569886,0,0,0,9.99800039992002e-05,0,0,0,0,0,0.000599880023995201,0.000499900019996001,0,0,0,0,0,9.99800039992002e-05,0,0,0,0,0.000599880023995201,0.0012997400519896,9.99800039992002e-05,0,0,0,0,0,0.00369926014797041,9.99800039992002e-05,0.000599880023995201,0,0,0,0,0,0,0,0,0.000499900019996001,0,0,0,0,0,0,0.00819836032793441,0.0010997800439912,0,0,0,0,0,0,0,0,0,0,0,9.99800039992002e-05,0,0,0,0,0,0,0,0,9.99800039992002e-05,0,0.0001999600079984,0,9.99800039992002e-05,0,0.0012997400519896,0,0.0013997200559888,0,0.000499900019996001,0,0,0,0,0,0,0.0177964407118576,0.000399920015996801,0.00789842031593681,0,0.000499900019996001,0,0,0.0022995400919816,0,0,0,0,0,0,0,0,0,0.0125974805038992,0,0,0,0.0026994601079784,0,0,0,0,0,0,0,0.00389922015596881,0,9.99800039992002e-05,0,0,0,9.99800039992002e-05,0.0001999600079984,0,0.000599880023995201,0.000999800039992002,0.000499900019996001,0,0,0,9.99800039992002e-05,0,0,0.0001999600079984,0,0,0,0,0,0.106378724255149,0,0,0.0389922015596881,0,0.00489902019596081,0.0001999600079984,0,9.99800039992002e-05,0.000499900019996001,0.1999600079984,0,0,0.00729854029194161,0,0,0,0,0,0.0001999600079984,0.000699860027994401,0,0,0,0,0.0105978804239152,0,0,0,0,0,0
0,0,0,0,0.00899370440691516,0,0,0,0,0.00559608274208054,0,0,0,0.0157889477365844,0.000599580293794344,0,0.0314779654242031,0,0,0,0,0,0,0,0,0.150294793644449,0,0,0,0,0,0,0,0,0,0,0,0.00389727190966324,0,0,0,0,0,0,0.00889377435794944,0.000299790146897172,0,0,0,0,0,0,0,0,0,0,0,0,0,9.9930048965724e-05,0,0.00659538323173778,0,0,0,0,0.0139902068552014,0,0,0.00339762166483462,0.000299790146897172,0,0,0,0,0,0,0,0,0.000199860097931448,0,0.00639552313380634,0,0,0,0,0.00269811132207455,0,0,0,0,0,0,0,0,0,0,0,9.9930048965724e-05,0,0.000399720195862896,0,0,0,0,0,0,9.9930048965724e-05,0.0554611771759768,0.000299790146897172,0,0,0,0.0314779654242031,0,0,0,0,0,0,0,0,0.00419706205656041,0.0140901369041671,0,0.217847506745278,0,0,0,0.157489757169981,0.0134905566103727,0.00769461377036075,0,0,0,0,0,9.9930048965724e-05,0,0,0,0,0.00309783151793744,0,0,0,0.00189867093034876,0,0,0,0.00359748176276606,0,0,0,0,0,0,0,0,0.00099930048965724,0,0,0,9.9930048965724e-05,0,0,0,0,0,0,0,0,0,0,0,0,0,0,0.00529629259518337,0,0,0,0,0,0,0,0,0,0,0,0,0,0,0,0,0,9.9930048965724e-05,0,0,0,0,0,0,0,0,0.0239832117517738,0,0,0,0,0,0,0.00379734186069751,0,0,0,9.9930048965724e-05,0,0,0,0,9.9930048965724e-05,0,0,0,0.00119916058758869,0,0,0.00299790146897172,0,0.039472369341461,0,0,0.0224842610172879,0,0,0,9.9930048965724e-05,0,0.000399720195862896,0,0,0,0,0,0,0,0,0,0,0,0,0,0,0,0,0.00219846107724593,0,0,0,0,0,0,0.000199860097931448,0,0,0,0,0,0.0130908364145098,0,0,0.018087338862796,0,0,0,0,0,0,0.0386729289497352,0,0,0.0107924452882982,0,0,0,9.9930048965724e-05,0,0,0.011591885680024,0,0,0,0.000899370440691516,0,0,0.00299790146897172,0,0,0.0293794343959229,0
0,0,0,0,0,0,0,0,0.0096,0,0,0,0,2e-04,0,0,0,0,0,0,0,0.0283,0,0,0,0.1222,0,0,0,0,0,0,0,0,7e-04,0,0,0,0,0,0,0,0,0,0,0,0,0,0,0,0,0,0,0,0,0,0,0,0,6e-04,0,0.0013,0,0,0,0,0,0,0,0,0,0,0,0.0012,1e-04,0,0,0,0,0.0253,0,0,0.0327,0,0,0,0,0,0,0.0136,1e-04,0,2e-04,0,0,0.001,0,0,0,0,0,0,0,0,0.0018,0,0,0.2078,0,0,0,0,0,0,0,0,0,0,0.0258,1e-04,0,0,0,0,0.0362,0.0087,2e-04,0,0,0,0,0.0114,0,0,0,0,0,0,0,0,0,0,0,0,0,0,0,0,0,0,0,0,0.0022,0,0,0,0,0,0,0,0,0,0,0,0,0,0,0,0,0,0,0,7e-04,0,0,0,0,0.0175,0.0106,0,0,0,0,0,0,0,0,0,0,0,0,0.0055,0,0,0,0,0,0,0,0,0,0,0,0,0,0.0181,0,0,0,0,0,0,0,0,0,0,0.0093,0,0,0,0,0,0,0.001,0,0,0,0,0,0,0.0095,0,0,0.1172,0,0,0,0,0,0,0,0,0,0,0,0,0,0,0,0,0,0,0,0,0,0,0.0036,0,0,9e-04,0,0.0025,0,0,0,0,0,2e-04,0.0326,0.0145,0,0,0,0,0,0,0,0,0.0036,0.1689,0,0,0.0389,0,0,0,0,0,0.0043,0.0023,0,0,0,0,0.007,0,0,0,0,0,0
9.99500249875062e-05,0,0,0,0,0.00339830084957521,0,0,0,0.00759620189905048,0.00459770114942529,0,0,9.99500249875062e-05,0.00829585207396302,0,0.0297851074462769,0,0.0128935532233883,0,0,0.00359820089955022,0,0,0,9.99500249875062e-05,0.00079960019990005,0,9.99500249875062e-05,0,0,0,0.00189905047476262,0.00109945027486257,0,0,9.99500249875062e-05,0.000899550224887556,0.00579710144927536,0,0.00629685157421289,0,0,0.000399800099950025,0.00629685157421289,0.000699650174912544,0.00309845077461269,9.99500249875062e-05,0,0,0.00239880059970015,0,0,0.00079960019990005,0,0,0,0,0,0.000199900049975012,0.00339830084957521,0.00239880059970015,0.000999500249875062,0,0,0.00139930034982509,0.00129935032483758,0.00199900049975012,0.0111944027986007,0,9.99500249875062e-05,0,0.000299850074962519,0.00749625187406297,0,0,9.99500249875062e-05,0,0,9.99500249875062e-05,0.000299850074962519,0.00269865067466267,0.00339830084957521,0.00559720139930035,0,0.130934532733633,0,0,0.00519740129935032,0.00359820089955022,0,0.000299850074962519,0.000599700149925037,0,9.99500249875062e-05,0,0,0,0.000899550224887556,0,0.000299850074962519,0.055472263868066,0.00239880059970015,0,0.00419790104947526,0,0,0.00129935032483758,0.00579710144927536,0.000499750124937531,0.00549725137431284,0.000899550224887556,0,0.00989505247376312,0,0,0.00209895052473763,0.000699650174912544,0.000499750124937531,0.000399800099950025,0,0,0.00309845077461269,0,0.000599700149925037,0.145627186406797,0,0,0,0.102848575712144,0.00369815092453773,9.99500249875062e-05,0.00199900049975012,0,0.000999500249875062,0,9.99500249875062e-05,0,9.99500249875062e-05,0,0,0,0.00249875062468766,0,0.00079960019990005,0,9.99500249875062e-05,0.000399800099950025,0,0,9.99500249875062e-05,0.000399800099950025,0,9.99500249875062e-05,9.99500249875062e-05,0,0,9.99500249875062e-05,0,0,0,0,0.000199900049975012,0.118540729635182,0,9.99500249875062e-05,9.99500249875062e-05,0,0,0,0,0,0.00809595202398801,0,0,0,0,0.000599700149925037,9.99500249875062e-05,0.000199900049975012,0,0,0,0,0.000199900049975012,0.000899550224887556,0,0,0,0,0,0.00979510244877561,0.000199900049975012,0,0.000299850074962519,0,0,9.99500249875062e-05,0,0,0,0.00219890054972514,0,0.00079960019990005,0,0.00079960019990005,0.000199900049975012,0,9.99500249875062e-05,0,0,0,0.000499750124937531,0.000499750124937531,0,0.000199900049975012,0,0.0015992003998001,0.00779610194902549,0.000399800099950025,0.00329835082458771,0.00239880059970015,0,0,0,0,0,0,0.00329835082458771,0.000699650174912544,0.00109945027486257,0,0,0.0350824587706147,0,0,9.99500249875062e-05,0,0,0.00229885057471264,0,0,0.00649675162418791,0,0,0,0,9.99500249875062e-05,0,0,0.0295852073963018,9.99500249875062e-05,9.99500249875062e-05,0.000399800099950025,0.000599700149925037,0.00859570214892554,0,0,0.000499750124937531,0.000599700149925037,0,0,0.000499750124937531,0.000199900049975012,0,9.99500249875062e-05,0,0,9.99500249875062e-05,0.0368815592203898,0,0.00249875062468766,0.0608695652173913,0,9.99500249875062e-05,0,0,0.000199900049975012,9.99500249875062e-05,0.000199900049975012,0,0,0.00609695152423788,0,0,0,0,0,0,0.000199900049975012,0,0,0,0,0.00119940029985007,0,0.000399800099950025,0,0,0.000899550224887556,0
9.9940035978413e-05,0,0,0,0,0,0,0,0,0.00679592244653208,0.0113931641015391,0,0.00189886068358985,0,0.00189886068358985,0,0,0,0,0,0,0.00889466320207875,0.00149910053967619,0.00129922046771937,0,0.0841495102938237,0,0.0220867479512293,0.00299820107935239,0,0,0,0.000999400359784129,9.9940035978413e-05,0,0.0076953827703378,0,0.000799520287827304,0,0,0,0,0,0.000799520287827304,0.00699580251848891,9.9940035978413e-05,0,0,0,0,0,9.9940035978413e-05,0,0,0,0,0,0,0,0,0,0.00389766140315811,0.00179892064761143,0,0,0.000199880071956826,0.0115930441734959,0,9.9940035978413e-05,0.0105936438137118,0,0,0.000399760143913652,0,0,0.0022986208275035,0,0,0,0.00169898061163302,0,0.0347791325204877,0.00589646212272636,0,0,9.9940035978413e-05,0.0388766739956026,9.9940035978413e-05,0.00139916050369778,0,0,0.00129922046771937,9.9940035978413e-05,0,0,0,0,0,9.9940035978413e-05,0,0,0,0.00189886068358985,0,0.000399760143913652,0,0,0.0666600039976014,0,0,0,0,0.000199880071956826,0,0.000499700179892065,0,0,0,0,0,0,0,0,0,9.9940035978413e-05,0.0778532880271837,0,0,0,0.156006396162303,0.0148910653607835,0.000899460323805717,0,0,0.0123925644613232,0,0.00249850089946032,0.000399760143913652,0,0,9.9940035978413e-05,0,0.000899460323805717,0.000299820107935239,0,0,0.000999400359784129,0.00599640215870478,0,0,0.000499700179892065,0,0,0.00199880071956826,0,0,0,0,0,0.00129922046771937,0,0,0,0,0,0,0,0,9.9940035978413e-05,0,0,0,0,0,0,0,0,0,0.00779532280631621,0,0,0,0,0,0.000599640215870478,0,0,0,0,0,0,0,0,9.9940035978413e-05,0,0.000199880071956826,0,0,0,0,0,0,0,0.0785528682790326,0,0.00269838097141715,0,0,0,0,0,0,0,0,0,0.000199880071956826,0,0,9.9940035978413e-05,0,0,0.00389766140315811,0,0,0,0,0,0,0.000399760143913652,0,0,0,0,0.0206875874475315,0,0,0,0,0,0.00139916050369778,0,0,0,0,0.000399760143913652,0,0,0,0,0,0,0,0,0,0.000299820107935239,0.00179892064761143,0.000299820107935239,0,0,0,0,0,0,0.000399760143913652,0,0.000199880071956826,0,0,0.0193883669798121,0.00119928043174096,0,0,0.00149910053967619,0,0,0,0,0,0.000199880071956826,0.218169098540875,0,0,0.00129922046771937,0,0,0.00489706176294223,0,0,0.00759544273435938,0,0,0,0,0,0.000699580251848891,0,0,0,0,0.0022986208275035,0
0,0,0,0,0,0,0.000100060036021613,0,0,0,0.00150090054032419,0,0,0,0.00130078046828097,0,0.000200120072043226,0,0.000300180108064839,0,0,0.00900540324194517,0,0,0,0,0,0.00120072043225936,0,0.0151090654392636,0.0108064838903342,0,0,0.0574344606764058,0,0,0,0.000800480288172904,0,0,0,0,0,0,0,0,0,0.000500300180108065,0,0,0,0,0,0,0.00940564338603162,0,0,0,0,0,0,0,0,0,0,0,0.0380228136882129,0,0,0,0,0.000300180108064839,0,0,0,0,0,0,0,0,0,0,0.0271162697618571,0,0,0,0,0,0,0.00240144086451871,0,0,0,0,0,0,0,0,0,0,0,0,0.000900540324194517,0,0,0.00420252151290774,0,0,0,0,0,0,0,0.00400240144086452,0,0,0,0,0.0376225735441265,0.000200120072043226,0,0,0,0.000400240144086452,0,0,0,0,0,0,0.00670402241344807,0.00130078046828097,0,0,0,0,0.00140084050430258,0,0,0,0.0824494696818091,0,0,0,0,0,0.00490294176505904,0,0,0,0,0,0,0.00260156093656194,0,0,0,0,0,0,0,0,0,0,0,0,0.000200120072043226,0,0,0.000200120072043226,0.00520312187312387,0,0.0135081048629178,0,0,0,0,0,0,0,0,0,0,0,0.00410246147688613,0,0,0,0,0,0.0307184310586352,0.0115069041424855,0,0,0.00180108064838903,0,0,0,0,0,0,0,0,0.069041424854913,0,0.00670402241344807,0,0,0,0,0,0,0,0.00150090054032419,0.00120072043225936,0,0,0.0161096657994797,0,0,0.000100060036021613,0,0,0,0,0,0,0,0.00970582349409646,0,0,0,0,0,0,0,0.000300180108064839,0,0,0.000700420252151291,0,0,0,0,0,0.00410246147688613,0.00170102061236742,0,0,0,0,0,0.00320192115269161,0,0,0,0.00560336201721033,0,0,0,0,0,0,0.00200120072043226,0,0,0,0,0.00320192115269161,0.188312987792676,0,0.00320192115269161,0,0,0,0,0,0,0,0.233540124074445,0,0.00570342205323194,0.04962977786672,0,0,0,0,0,0,0.00500300180108065,0,0,0,0,0,0,0,0,0,0,0
0,0,0,0,0,0,0,0,0,0,0.000299880047980808,0,0,0,0.000599760095961615,0,0,0,0.000599760095961615,0,0,0.00679728108756497,0,0.000699720111955218,0,0.201319472211116,0,0,0,0,0.0260895641743303,0,0,0.0108956417433027,0,0,0.00039984006397441,0,0,0,0,0,0,0,0,0.0275889644142343,0,0,0,0,9.99600159936026e-05,0,0,0,0,0,0,0,0,0,0,0,0,0,0,0,0,0,0,0,0.00429828068772491,0,0,0,0,0,0,0,0,0.00579768092762895,0,0.000199920031987205,0,0,0,0.000499800079968013,0.0128948420631747,0,0,0.00549780087964814,0,0.00219912035185926,0.000299880047980808,0,0,0,0,0,0,0,0,0,0,0,0,0,0,0.070671731307477,0,0,0,0,0,0,0,0,0,0,0.0204918032786885,0,0,0,0,0,0.0138944422231108,0,0,0,0,0,0,0,9.99600159936026e-05,0,0,0.00409836065573771,0,0,0,0,0.00339864054378249,0,0,0,0,0,0.00359856057576969,0,0,0,0.00739704118352659,0,0,0,0,0,0,0,0,0.00479808076769292,0,0,0,0,0,0,0,0,0,0,0,0,0,0,0,0,0,0.0127948820471811,0.0109956017592963,0,0,0.00109956017592963,0,0,0.00649740103958417,0,0,0,0,0,0,0.00909636145541783,0,0,0,0,0,0,0,0,0,0,0,0.000199920031987205,0,0.00749700119952019,0,0,0,0,0.00139944022391044,0,0,0,0,0,0,0,0.00549780087964814,0,0.00599760095961615,0,0,0,0,0,0,0,0.007796881247501,0,0.0279888044782087,0,0,0.0352858856457417,0,0,0,0,0,0.00359856057576969,0,0,0,0,0.000599760095961615,0,0,0,0,0,0,0,0.0039984006397441,0,0.000899640143942423,0,0.00079968012794882,0,0,0.00729708116753299,0,0,0,0,0,0,0,0,0,0,0,0,0,0,0,0,0,0,0.000299880047980808,0.366053578568573,0,0,0.0292882846861255,0,0,0,0,0,0.00149940023990404,0.00269892043182727,0,0,0,0,0,0,0.000599760095961615,0,0,0.0146941223510596,0
0,0,0,9.9940035978413e-05,0.00409754147511493,0,9.9940035978413e-05,0,0,0.00479712172696382,0.00729562262642415,0,0,0.0084949030581651,0.018388966620028,0,0,0,0,0,0.00259844093543874,0.00829502298620828,0,0,0,0.0159904057565461,0.00179892064761143,0,0,0,9.9940035978413e-05,0,0,0.00199880071956826,0,0,9.9940035978413e-05,0.000699580251848891,0.000999400359784129,0,0.00589646212272636,0,0,0.000499700179892065,0.000599640215870478,0,0,0,0,0,0.00469718169098541,0,0,0,0,0,0,0,0.000999400359784129,0.00149910053967619,0,0.0099940035978413,0,0,0,0.000499700179892065,0.00249850089946032,0,0,0,0.000299820107935239,0,0,0.0385768538876674,0,0,0,0,0,0.00129922046771937,0,0.00199880071956826,0,0,0,0.00279832100739556,0,0,0,0,0.000499700179892065,0,0.00189886068358985,0,0,0,0,0,0,0,0,0,9.9940035978413e-05,0,0,0,0,0.0726564061563062,0.0277833300019988,0.000299820107935239,0,0,0,0,0,0,0,0.000399760143913652,0,0,0,0,0.00409754147511493,0.000299820107935239,0.00259844093543874,0.113132120727563,0.00219868079152508,0,0,0.0675594643214072,0,0.00199880071956826,0,0,9.9940035978413e-05,0,0,0,0,0,0,0,0,0.000199880071956826,0,0,0.000599640215870478,0,9.9940035978413e-05,0,0.000699580251848891,0,9.9940035978413e-05,0,0,0,0,0,0,0.00109934039576254,0,0,0,9.9940035978413e-05,0,0,0,0,0,0,0.000599640215870478,0,0.161702978213072,0,0,0,0,0.0126923845692584,9.9940035978413e-05,0,0,0,0,0,0.000199880071956826,0,0,0,0,0,0,0.00409754147511493,0,9.9940035978413e-05,0,0,0,0,0,0,0,0.000399760143913652,0,9.9940035978413e-05,0,0.00429742154707176,0,0,0,0,9.9940035978413e-05,0.0022986208275035,0,0,0,0,0.00529682190685589,0.00109934039576254,0.0348790725564661,0,0,0.00169898061163302,0,0,0,0,0,0,0.00219868079152508,0,0,9.9940035978413e-05,0,0.0221866879872077,0,0,0,0,0,0,0,0,0,0,0,9.9940035978413e-05,0.00129922046771937,0,0,0,0,0,0.00139916050369778,0,0.000499700179892065,0,0.0177893264041575,0,9.9940035978413e-05,0,0,0,0,9.9940035978413e-05,0,0,0.00169898061163302,0,0,0.000499700179892065,0,0,0.0347791325204877,0,9.9940035978413e-05,0,0,0,0.000499700179892065,0.196182290625625,0,0,0.00129922046771937,0,0,0,0,0,0.0118928642814311,0.00219868079152508,0,0,0,0,0.0189886068358985,0,0.000299820107935239,0,0,0.00959424345392764,0
0,0,0,9.99200639488409e-05,0,0,0,0,0,9.99200639488409e-05,0,0,0,0,0.00399680255795364,0,0,0,0,0,0,0.0021982414068745,0,0,0,0.101818545163869,0,0,0,0.000299760191846523,0.0440647482014388,0,0,0.0111910471622702,0,0,0.00199840127897682,0.00919264588329336,0,0,0,9.99200639488409e-05,0,0.00899280575539568,0,0,0,9.99200639488409e-05,0,0,0.00549560351718625,0,0,0,0.0065947242206235,0,0,0,0,9.99200639488409e-05,0,0.000899280575539568,0,0.000199840127897682,0,0,0.00489608313349321,0,0,0,0.000999200639488409,0,0,0.000299760191846523,0.0321742605915268,0,0,0,0,0.00349720223820943,0,0,0,9.99200639488409e-05,0,0,0,0,0,0.00349720223820943,0,0.000399680255795364,0,0.000699440447641887,0,0,0,0,0.00699440447641886,0,0,0,0,0,0,9.99200639488409e-05,0.00729416466826539,0.171662669864109,0,0.000399680255795364,0,0,0.00979216626698641,0.0114908073541167,0,0,0,0,0.000799360511590727,0,0,0,0,0,0.0445643485211831,0,0.113409272581934,0,0,0.00909272581934452,0,0,0,0,0,0,0,0,0,0,0.00499600319744205,0,0,0,0,0,0.00479616306954436,9.99200639488409e-05,0,0,0.000999200639488409,0.00109912070343725,9.99200639488409e-05,0.000599520383693046,0,0,0,0,0,0.00199840127897682,0.000699440447641887,0.000299760191846523,9.99200639488409e-05,0.0349720223820943,0,0,0,0,9.99200639488409e-05,0,9.99200639488409e-05,0,0,0,0,0.000299760191846523,0.000499600319744205,0.0148880895283773,0.00989208633093525,0,0,0,0,0,0,0,0,0,0,0,9.99200639488409e-05,0,0,0.00159872102318145,0,0,0,0,0,0,0,0,0,0,0,0.000199840127897682,0,0,0,0,9.99200639488409e-05,0.00449640287769784,0.000199840127897682,0,0,0,0.0124900079936051,0.000199840127897682,0,0,0.0394684252597922,0.00289768185451639,0.00229816147082334,0,0,0,0,0,0.00279776179056755,9.99200639488409e-05,0,0,0,0.0109912070343725,0.00139888089528377,0,9.99200639488409e-05,0,0,0,9.99200639488409e-05,0,0.00799360511590727,0,0,0,9.99200639488409e-05,0,0,0.00269784172661871,0.00639488409272582,9.99200639488409e-05,0.00179856115107914,0,0.00149880095923261,0,0.0016986410871303,0,0,0.000499600319744205,9.99200639488409e-05,0,0,0,0.00129896083133493,0,0.00199840127897682,0,0.000399680255795364,0.00359712230215827,0,0,0.0155875299760192,0,0,0.000199840127897682,0,0.000199840127897682,0,0.140687450039968,0,0,0.0230815347721823,0,0,0,0,0,0.000799360511590727,0.00479616306954436,0,0,0,0,0.00469624300559552,9.99200639488409e-05,0,0,0,0.00399680255795364,0
0,0,0,0,0,0,0.0002999700029997,0,0,0,0,0,0,0,0.0011998800119988,0,0,0,0,0,0,0,0,0,0,0.138986101389861,0,0,0,0,0.0163983601639836,0,0,0,0,0,0,0,0,0,0,0,0,0,0,0,0,0,0,0,0,0,0,0,0,0,0,0,0,0,0,0,0,0,0.0045995400459954,0,0.001999800019998,0.0070992900709929,0,0,0,0,0,0,0,0,0,0,0,0,0,0,0,0,0,0,0,0,0,0,0.103689631036896,0,0.0008999100089991,0,0,0,0,0,0,0,0,0.0091990800919908,0,0,0,0,0,0.204579542045795,0,0,0,0,0,0.001999800019998,0,0,0,0,0,0,0,0,0,0,0.0034996500349965,0,0,0,0,0,0,0.0416958304169583,0,0,0,0,0,0,0,0,0.0015998400159984,0,0,0,0,0,9.99900009999e-05,0,0,0,0.0002999700029997,0,0,0,0,0.0034996500349965,0,0,0,0,0,0,0,0,0,0,0,0,0,0,0,0,0,0,0,0,0,0,0.0015998400159984,0,0,0,0,0,0,0,0,0,0,0,0,0,0,0,0,0,0,0,0,0,0,0,0,0,0.046995300469953,0,0,0,0,0,0,0,0,0,0,0,0,0,0,0,0,0,0,0,0,0,0,0,0,0,0,0,0,0,0,0,0,0,0,0,0,0,0,0,0,0,0,0.0006999300069993,0,0,0,0,0,0,0,0,0,0,0,0,0,0,0,0,0,0,0,0,0,0.0343965603439656,0,0,0.0056994300569943,0,0.0002999700029997,0,0,0,0,0.368663133686631,0,0,0,0,0,0,0,0,0,0,0,0,0,0,0,0,0,0,0,0,0
0,0,0,9.99500249875062e-05,0,0,0,0,0,0,0.00339830084957521,0,0,0.00209895052473763,0.0158920539730135,0,0,0,0,0,0,0,0,0,0,0.00119940029985007,0,0,0,0,0,0.000999500249875062,9.99500249875062e-05,0,0,0,0.000999500249875062,0.00529735132433783,0.0105947026486757,0,0,0,0,0.00449775112443778,0.00359820089955022,0.00209895052473763,0,0,0,0,0.00519740129935032,0,0,0,0,0,0,0,0,0.023488255872064,0,0.0228885557221389,0,0,0,0,0.039880059970015,0,0.000599700149925037,0,0,0,0.000499750124937531,0,0,0,0,0,0,0,0,0.0206896551724138,0,0,0,0,0,9.99500249875062e-05,0,0,0,0,0.000299850074962519,0,0,0,0,0,0.000199900049975012,0,0,0,0,0,0,0,0,0.00289855072463768,0,0.0047976011994003,0,0,0,0,0,0,0,0.000299850074962519,0.0154922538730635,0,0,0,0.00329835082458771,0,0,0,0,0,0,0.255472263868066,0,0.00789605197401299,0,0,0.000399800099950025,0,0,0,0,0,9.99500249875062e-05,0,0,0,0,0,0.000599700149925037,0,0,0,0.00329835082458771,0,0,0,0,0,0,0,0,0.00189905047476262,0,0,0,0,0,0,0,0,0,0,0,0,9.99500249875062e-05,0,0,0,0,0,0.0079960019990005,0,0,0,0,0,0,0,0,0,0,0,0,0.0437781109445277,0,0,0,0,0,0.00509745127436282,0,0,0,0,0,0,0,0,0,0,9.99500249875062e-05,0,0,0,0,0,0,0,0,0,0.0179910044977511,0,0.0138930534732634,0,0,0,0,0,0,0,0,0,0,0,0,0.0658670664667666,0,0,0,0,0,0.00399800099950025,0,0,9.99500249875062e-05,0,0,0,9.99500249875062e-05,0,0,0,0.0063968015992004,0,0,0,0.000399800099950025,0,0.000399800099950025,0,0,0,0,0,0,0,9.99500249875062e-05,0,0,0,0.000199900049975012,0.00839580209895052,0,0,0.032383808095952,0,0,0,0.000299850074962519,0.000399800099950025,9.99500249875062e-05,0.217291354322839,0,0,0.0657671164417791,0,0,0.0181909045477261,9.99500249875062e-05,0,0.000999500249875062,0,0,0,0,0,0.000899550224887556,0,0.000199900049975012,0,0,0.0272863568215892,0
0,0,0,0,0,0,0,0,0,0,0,0,1e-04,0,0.0015,0,0,0,0,0,0,0,0,0.0016,0,5e-04,0,0,0.002,0,0,0,0,0,0,0,0.0015,0,0,0,0,0,0,0.0098,0,0.0191,0,0,0,0,0,0,0,0,0,0,0,0,0,0,0,0.0099,0,0,0,0,0.0112,0,0,0,0,0,0,0.073,0,0,0,0,0,0.0113,0,0,0,0,0.0109,0,0.2936,0,0,0,0.0078,0,0,0,0,0,3e-04,0,0,0,0,1e-04,0,0,0,0,0,0.0717,0,0,0,0,0,0,0,0,0,0,0.0172,0,0,0,0,2e-04,0,0,0,0,0,0,0,0.0186,0,0,0,0,1e-04,1e-04,0,0,5e-04,0,0,0,0,0,0,0,0,0,0,0,0,0,0,0,0,0,0,0,0,0,0,2e-04,0,0,0,1e-04,0,0,0,0,0,0,0,0,0,0,0,0,0,0,0,0,0,0,0,0,0,0,0,0.0663,4e-04,0,0,0,0,0,0,0,0,0,0,0,0,0.0013,0,0,1e-04,0,0,0,0,0,0,0,0,0,0,0,0,0,0,0,0,0,0,0,0.005,0,0,0,0,0.0317,0,0,0,0,0,7e-04,0,0,0,0,0,0,0,0,0,0,0,0,0,0,0,0,6e-04,0,0,0.0713,0,0,0,0,4e-04,0,0,0,0,0.0081,0,0,0.0152,0,0,0,0,0,0,0.2201,0,0,0,0,0,1e-04,0,0,0,0,0,0,0,0,0.0149,0,9e-04,0,0,0,0
0,0,0,0,0,0.00779844031193761,0,0,0,0,0,0,0,0,0.00679864027194561,0,0.0015996800639872,0,0,0,0,0,0.001999600079984,0,0,9.99800039992002e-05,0,0,9.99800039992002e-05,0.00649870025994801,0,0,0,0,0,0,0,0,0.00449910017996401,0.0002999400119976,0,0,0,0,0.00909818036392721,0.000399920015996801,0,0,0,0,0,0,0,0,0,0,0,0,0,0,0,0,0,0,0,0,0,0.000999800039992002,0,0,0,0,0,0,0,0,0,0,0,0,0,0,0,0,0,0.00479904019196161,0,9.99800039992002e-05,0,0,0,0,0,0,0,0,0,0.0011997600479904,0,0,0,0,0,0,0,0,0,0.0107978404319136,0,0,0,0,0,0,0,0,0.0025994801039792,0,0,0.000499900019996001,0,0,0.00899820035992801,0,0,0,0,0,0,0.267246550689862,0,0,0,0,0.000399920015996801,0,0,0,0,0,0.0156968606278744,0,0,0,0,0,0,0,0,0,0,0,0,0,0,0,0,0,0,0,0,0,0,0,0,0,9.99800039992002e-05,0,0,0,0,0,9.99800039992002e-05,0,0,0,0,0.0653869226154769,0,0,0,0,0,0,0,0,0,0,0,0,0,0.00249950009998,0.0001999600079984,0,0,0,0,0,0,0,0,0,0,0,0.0376924615076985,0.00599880023995201,0,0.000899820035992801,0,0,0,0,0,0,0,0,0,0,0.0716856628674265,0,0,0,0,0,0,0,0,0.0001999600079984,0,0,0.0150969806038792,0,0,0,0,0,0,0,0,0,0,0,0,0,0,0,0,0,0,0,0,0,0,0,0,0,0.0025994801039792,0,0,0,0,0,0,0,0,0,0,0,0,0.249950009998,0,0,0.0193961207758448,0,0,0,0,0,0,0.0306938612277545,0,0.00439912017596481,0.0291941611677664,0,0.0877824435112977,0,0,0,0,0,0,0,0,0,0.0148970205958808,0,0,0,0,0.00869826034793041,0
0.000299910026991902,0,0.000799760071978406,0,0,0,0,0,0,0.00599820053983805,0.00299910026991902,0,0.00379886034189743,0,0.00259922023392982,0,0,0,0,0,0,0,0.00619814055783265,0.000199940017994602,0,0.0672798160551834,0,0.00349895031490553,0.00139958012596221,0.00179946016195141,0.00479856043187044,0,0,0.00339898030590823,0,0,9.99700089973008e-05,0,0.00239928021593522,0,0.00649805058482455,0,0,0,0.00799760071978406,0,0,0,0,0,0.00299910026991902,0,0.000399880035989203,0,0,0,0,0,0,0.0118964310706788,0,0,0,0,0,0,0,0,0,0,0,0,0.000299910026991902,0,0,0,0.000299910026991902,0,0.00139958012596221,0.00419874037788663,0,0,0,0,0,0.000499850044986504,0,9.99700089973008e-05,0.00189943017094872,0,0,9.99700089973008e-05,0.000399880035989203,0,0.00239928021593522,0,0,0,0,0,0,0.00339898030590823,0,0,0,0,0,0.00939718084574628,0,9.99700089973008e-05,0,0,0,0,0,0,0,0.000299910026991902,0,9.99700089973008e-05,0,0,0.00319904028791363,9.99700089973008e-05,0.00119964010796761,0.110966709987004,0,0,0,0.223932820153954,0,0.00279916025192442,0,9.99700089973008e-05,0.00189943017094872,0,9.99700089973008e-05,0,0,0,9.99700089973008e-05,0,0,0,0,0.024592622213336,0.00179946016195141,0,0,0,0,0,0,0,0,0,0,0,0,0,0,0,0,0,0,0,0,0.000299910026991902,0,0,0,0.00939718084574628,0,0,0,0,0,0,0,0,0,0,0,0,0,0,0,0,0,0,0,0.0260921723482955,9.99700089973008e-05,0,0,0,0,0,0,0,0,0,0,0,0,0.00829751074677597,0,0.000799760071978406,9.99700089973008e-05,9.99700089973008e-05,0.000399880035989203,0,0,0,0,0,0,0,0.00539838048585424,0,0,0,0,0,0,0,0,0,0.00669799060281915,0,0,0,0,0.0344896531040688,0,0,0,0,0,0.000499850044986504,0,0,0,0,0.000699790062981106,0,0,0,0,0,0,0,0.00389883035089473,0,0.00109967009897031,0.0212936119164251,0.000899730080975707,0,0,0.000799760071978406,0,0,0,0.000499850044986504,0.00189943017094872,0,0,0,0,0.0728781365590323,0,0,0.00919724082775168,0.000299910026991902,0.000199940017994602,0,0,0,0,0.198040587823653,0,0,0.0433869839048285,0.000199940017994602,9.99700089973008e-05,0.000199940017994602,0,0,0,0,0,0,0,0,0,0,0.0105968209537139,0,0,0.00809757072878137,0
0,0,0,0,0,0,0,3e-04,0,0,0,0,0,0,0,0,0,0,0,0,0,0,0,0,0,0.4545,0,0,0,0,0,0,0,0.0092,0,0,0.0043,0,0,0,0,0,0,0,0,0,0,0,0,0,0,0,0,0,0,0,0,0,0,0.0103,0,0,0,0,0,0,0,0,0,0.0058,8e-04,0,0,0,0,0,0,0,0,0,0,0,0,0,0,0,0,0,0,0.003,0,0,0,0,0,0,0,0,0.0047,0,0,0,0,0,0,0,0,0.0307,0,0,0,0,0,0,0,1e-04,0,0,0.0097,0,0,0,0,0,0,0,0,0,0,0,0,0,0,0,0,0,0,0,0,0,0.0035,0,0,0,0,0,0.0028,0,0,1e-04,0.0014,0,0,0,0,0,0,0,0,0.0037,0,0,0,0,0,0,0,0,0,0,0,0,0,0,0,0,0,0,0.0088,0,0,0,0,0,0,0,0,0,0,0,0,0.0452,0,0,0,0,0,0,0,0,0,0,1e-04,0,0,0,0,0,0,0,0,0,0,0,0.001,0,0,0,0,0,0,0,0,0,0,1e-04,0,0,0,0,0.0133,0,0,0.0051,0,0,0,0,0,0,0,0,0,0,0,0.004,0,0,0,0,0,0,0,0,0,0,0,0,0,0,0,0,0,8e-04,0,0,0,0,0,0.0139,0,0,0.0647,0,0,0,0,0,0,0.281,0,0,0.0126,0,0,0,0,0,0,0,0,0,0,0,1e-04,0,0.0044,0,0,0,0
0,0.000499450604335231,0.000499450604335231,9.98901208670463e-05,0.0266706622715013,0.0113874737788433,9.98901208670463e-05,0,0,0.0161821995804615,0.00689241833982619,0,0,0,0.019478573569074,0,0.017181100789132,0,0,0,0,0.0198781340525422,0,0.000299670362601139,0,0.0220757167116172,0.000299670362601139,0,0.000399560483468185,0.0332634102487264,0.00199780241734093,0,0,0.00109879132953751,0,0,0.00189791229647388,0,0.00139846169213865,0,0.00479472580161822,0.00119868145040456,0,0,0.000699230846069324,0.000499450604335231,0,0.00119868145040456,0,0.00079912096693637,0.0460493457197083,0,0.000199780241734093,0.000199780241734093,0.00509439616421936,0,0,0,0,0.0121865947457796,0.00639296773549096,0,0.0012985715712716,0,0,0.000599340725202278,0.0166816501847967,0,0,0.0040954949555489,0.000199780241734093,0,0.000199780241734093,0,0,0,0.000199780241734093,0,0,0,0,0,0.000998901208670463,0,0,0.00149835181300569,0.00109879132953751,0,0,0,0,0.00499450604335231,9.98901208670463e-05,0,0.0012985715712716,9.98901208670463e-05,0.000399560483468185,0,0,0,0,0.0774148436719608,0.00179802217560683,0,0,9.98901208670463e-05,0,0.0116871441414444,0,0,0.000199780241734093,0,0,0,0.000499450604335231,0.00599340725202278,0,0.000399560483468185,0,0,0,0,0,0,0.0175806612726001,0.0249725302167616,0,0,0,0.187293976625712,0,0,0,9.98901208670463e-05,0.000998901208670463,0,9.98901208670463e-05,0.000399560483468185,0,0,0.00119868145040456,0,0,9.98901208670463e-05,0,0,0,0.000299670362601139,0.000599340725202278,0,0.00159824193387274,9.98901208670463e-05,0,0.00239736290080911,9.98901208670463e-05,0,0,0.000199780241734093,0,0.000998901208670463,0,0.000299670362601139,0,0,9.98901208670463e-05,0,0.000299670362601139,0,9.98901208670463e-05,0.00179802217560683,0.000199780241734093,0,0,9.98901208670463e-05,0,0,0.000499450604335231,0.00699230846069324,0,9.98901208670463e-05,0,0,0,0,0.00499450604335231,0,0,0,0,0,0,0,9.98901208670463e-05,0,0.0127859354709819,0,0,9.98901208670463e-05,0,0.0319648386774548,0,0,0,0.0188792328438717,0,0.00859055039456598,0.00109879132953751,0,0,0.00139846169213865,9.98901208670463e-05,0,0,0,0.000899011087803416,9.98901208670463e-05,0,0.00159824193387274,0.0566376985316152,0,0,0.00449505543901708,0.00139846169213865,0,0,0,0,0,0.00119868145040456,0,0,9.98901208670463e-05,0,0.00579362701028868,0,0,0.000299670362601139,0,9.98901208670463e-05,0.00499450604335231,0,0,0,0,0.000299670362601139,9.98901208670463e-05,0,0,0,9.98901208670463e-05,0,0.000399560483468185,0.000399560483468185,0,0.00899011087803416,0.00329637398861253,0.00379582459294776,0,0.00749175906502847,0.00109879132953751,0.000499450604335231,0,0,0.00109879132953751,0.00149835181300569,0,0,0,0,0.00978923184497053,0,0,0.0210768155029468,0,0,0,0,0,0.000399560483468185,0.0894016581760064,0.000299670362601139,0,0.0375586854460094,0,0,0,0,0,0,0.00179802217560683,0,0,0,0,0,0,0.00149835181300569,0,0,0.00918989111976825,0
0,0,0,0.0001999600079984,0,0,0,0,0,0,0,0,0,0.0257948410317936,0.000599880023995201,0,0,0,0,0,0,0.0021995600879824,0,0.0012997400519896,0,0.27754449110178,0,0,0.0013997200559888,0.000399920015996801,9.99800039992002e-05,0,0,0.000999800039992002,0,0,0.000899820035992801,0.010497900419916,0,0,0,0,0,0,0,0.000399920015996801,0,0,9.99800039992002e-05,0,0,0,0,0,0,0,0,0,0,0.00899820035992801,0,0,0,0,0,0,0.00469906018796241,0,0,0,0,0,0,0,0,0,0,0,0,0,0,0,0.000999800039992002,0,0,0.000399920015996801,9.99800039992002e-05,0,0,0,0.0460907818436313,0.00459908018396321,0.0002999400119976,0,0,0.000799840031993601,0,0,0,0,0,0,0,0,0,0,0,0.011997600479904,0,0,0,0,0,0.000899820035992801,0,0,0,0,0.000499900019996001,0,0,0,0,0,0,0,0,0,0,0,0,0,0,0,0,0,0,0,0,0,0.0020995800839832,0,0,0,0,0,0,0,0,0.0001999600079984,0,0,0,0,0,0,0,0,0,0.0023995200959808,9.99800039992002e-05,0,0,0,0,0,0,0,0,0,0,0,0,0,0,0,0,0.00829834033193361,0.0013997200559888,0,0,0,0,0,0,0,0,0,0,0,0,0,0,0,0,0,9.99800039992002e-05,0,0,0,0,0,0,9.99800039992002e-05,0,0,0,0,0.0002999400119976,0.0010997800439912,0,0,0,0,0,0,0,0.001999600079984,0.012997400519896,0,9.99800039992002e-05,0,0,0,0,0,0,0,0,0,0.0125974805038992,0,0,0.0375924815036993,0,0,0,0,0,0,0,0,0,0,0,0,0,0,0,0,0,9.99800039992002e-05,0,0,0,0,0,0,0,0.013497300539892,0.000499900019996001,0,0,0.000499900019996001,0,0,0,0,0,0.301639672065587,0,0,0.00619876024795041,0,9.99800039992002e-05,0,0,0,0,0.174765046990602,0,0,0.0026994601079784,0,0,0,0,0,0.0108978204359128,0,0,0,0,0,0,0,0,0,0,0.00489902019596081,0
0.000699370566490159,0,0.000299730242781497,0,0.00459586372264962,0,9.99100809271655e-05,0,0,0.0054950544509941,0.00349685283245079,0,0,0,0.00719352582675592,0.000599460485562993,0.011489659306624,0,0,0,0,0.0154860625437107,0.00439604356079528,0.000299730242781497,0,0.194524927565191,0,0.00659406534119293,0.00299730242781497,0.00729343590768308,9.99100809271655e-05,0,0,0.0054950544509941,0,0,0,0.000599460485562993,0.00679388550304726,9.99100809271655e-05,0.00489559396543111,0.00129883105205315,0,0,0.00479568388450395,9.99100809271655e-05,0,9.99100809271655e-05,0,0,0.00189829153761615,0,0,0,0,0,0.0025976621041063,0.0025976621041063,0,0.00219802178039764,0.00409631331801379,0.00589469477470277,0.00369667299430513,0,0,0.000999100809271655,0.000399640323708662,0.000599460485562993,0,0.00719352582675592,0,0,0,0.00589469477470277,0,0,0,0,0,0.00409631331801379,0,0,0,0,0,0.00129883105205315,0.00229793186132481,0,0.00149865121390748,0,0,9.99100809271655e-05,0.0028973923468878,0,0.00639424517933859,0.000499550404635828,0,0,0,0,0,0.0251773403936457,0,0,0,0,0,0.117793985413128,0,0,0,0,0,0.00629433509841143,0.000399640323708662,0,0.00159856129483465,0,0.00329703267059646,9.99100809271655e-05,0,0,0.00909181736437207,9.99100809271655e-05,0.0172844440003996,0.0233789589369567,0,0,0,0.0400639424517934,0,0.00439604356079528,0.00229793186132481,9.99100809271655e-05,0.000799280647417324,0,0.0369667299430513,0.000299730242781497,0,0,0.000199820161854331,0,0.00089919072834449,0,0,0,0.000799280647417324,0,0,0.00109901089019882,0.00169847137576181,0,0,0.00159856129483465,9.99100809271655e-05,0,0,0,0,0,0,0,0,0,0,0,0.000599460485562993,0.00959136776900789,0,0,0.000599460485562993,0,9.99100809271655e-05,9.99100809271655e-05,0.000499550404635828,0,0,0,0,0,0,0,0,0,0.00089919072834449,0,0,0,0,0,9.99100809271655e-05,0.00279748226596064,0.00219802178039764,0.000399640323708662,0,9.99100809271655e-05,0,0,0,0,0,0,0,0,0,0.00429613347986812,0,0,0.000399640323708662,0.00109901089019882,9.99100809271655e-05,0,0,0,0,9.99100809271655e-05,0.00149865121390748,0,0.00389649315615946,0,0,0.00089919072834449,0,0,0,0,0,0,0,0.000499550404635828,0.0169847137576181,0,9.99100809271655e-05,0.0592466779898092,0,0,0,0,0,0.00489559396543111,0,0,0,0,0.000599460485562993,0.00129883105205315,9.99100809271655e-05,0.00539514437006694,0,0,0,0,0,9.99100809271655e-05,0,0.00589469477470277,0.00479568388450395,0,0,0,0.00199820161854331,0,0,0.000299730242781497,0,0,0,0,0,0.00169847137576181,0,0.0028973923468878,0.0107902887401339,0,9.99100809271655e-05,0,0,0,0.000299730242781497,0.192426815865721,0,0,0.00499550404635828,0,0,0,0,0.000199820161854331,0.00129883105205315,0,0,0,0,0,0.000699370566490159,0,0.00639424517933859,0,0,0.0028973923468878,0
0,0,0,0,0.0047913755240567,0.004591734877221,9.98203234178479e-05,0,0,0,0.00129766420443202,0,0,0,0,0,0.00159712517468557,0,0,0,0,0.0175683769215412,0,0.000898382910760631,0,0.0914354162507486,0,0,9.98203234178479e-05,0.00678778199241366,9.98203234178479e-05,0,0,0.00139748452784987,0,0,0.00179676582152126,9.98203234178479e-05,0.0208624475943302,0,0.00359353164304252,0,0,0,0.00499101617089239,0,0,0,0,0,0.00199640646835696,0.00299460970253544,0,0,0.00189658614493911,0,0,0,0,0.00509083649431024,0,0.00978239169494909,0,0,0,0,0.00858454781393492,0,0,0.00628868037532442,0.00209622679177481,0,0.000399281293671391,0.0451187861848672,0,0,9.98203234178479e-05,0,0,0.00189658614493911,0,0.0113795168696347,9.98203234178479e-05,0,0,0.0105809542822919,9.98203234178479e-05,0,0.00179676582152126,0,0,9.98203234178479e-05,9.98203234178479e-05,0,0,0,0,0,0.00219604711519265,0,0,0,0,0,0.000898382910760631,0,0,0.000399281293671391,0.0235575963266121,0,0,0,0,0,0.000299460970253544,0,0,0,0.00449191455380315,0,0,0,0.0095827510481134,9.98203234178479e-05,0.00169694549810341,0.137252944699541,0,0,0,0.128668396885606,0,0.00109802355759633,0,0,0.000399281293671391,0,0.000499101617089239,0,0,0,9.98203234178479e-05,0,0.000998203234178479,0,0,0,0.000199640646835696,0,0.000499101617089239,0,0.00109802355759633,0.000499101617089239,0,9.98203234178479e-05,9.98203234178479e-05,0,0,0.000199640646835696,0,0.00179676582152126,0,0,0,0,0,0,0,0,0,0,0.000698742263924935,0,0,0,0,0,0,0.00219604711519265,0.0344380115791575,0,0,0,0,0,9.98203234178479e-05,0,0,0,0,0,0,0.0435216610101817,0,0.000399281293671391,0,0,0,0,0,0,0,0,0,0.000399281293671391,0,0.000399281293671391,9.98203234178479e-05,0,0,0,0,0,0,0,0,9.98203234178479e-05,0.00758634457975644,0,9.98203234178479e-05,0,9.98203234178479e-05,0.000898382910760631,0,0,0,9.98203234178479e-05,0,0,0,0,0.0093831104012777,0,0,0.0162707127171092,0,0,0,0,0,9.98203234178479e-05,0,0,0,0,0.000499101617089239,0,0,0,0,0,0,9.98203234178479e-05,0.00169694549810341,0,0,0.000199640646835696,0.000598921940507087,0,0.000998203234178479,0,0,0,0,0.000199640646835696,0.000299460970253544,0,0,0,0,0.000598921940507087,9.98203234178479e-05,0,0.0128768217209024,0,0,0,0,0,0.000299460970253544,0.227889798362947,0,0,0.0197644240367339,0,0,0.000199640646835696,0,0,0.00319425034937113,0.000399281293671391,0,0,0,0,0.00189658614493911,0,0.00549011778798163,0,0,0.0166699940107806,0
0.0016983016983017,0,0,0,0.0517482517482517,0.0121878121878122,0.0010989010989011,0,0,0.0121878121878122,0.0122877122877123,0,0,0,0,0,0,0,0,0,0,0,0,9.99000999000999e-05,0,0.0140859140859141,0,0,9.99000999000999e-05,0.00739260739260739,0.0004995004995005,0,0,0,0,0,0,9.99000999000999e-05,0.00579420579420579,0,0.00749250749250749,0,0,0.0004995004995005,0.0114885114885115,0.0154845154845155,0,0,0,0,0,0.0031968031968032,0,0.0004995004995005,0,0,0,0,0,9.99000999000999e-05,0,0,0.0024975024975025,0,0,0,0.0015984015984016,0.0033966033966034,0,0,0,0,0.0020979020979021,0.00989010989010989,0,0,0,0,0,0,0,0,0.0260739260739261,0,0,0.0001998001998002,0,0,0.00839160839160839,0,0,9.99000999000999e-05,9.99000999000999e-05,0,0,0,0,0,0,0,0,0,0,0,0.0134865134865135,0,0,0.000599400599400599,0.0163836163836164,0,0,0,0,0,0,0,0,0.0004995004995005,0,0,0,0,0.00879120879120879,0.00869130869130869,0.00759240759240759,0.0516483516483516,0,0,0,0.2004995004995,0,0.0171828171828172,0,9.99000999000999e-05,0.0004995004995005,0,9.99000999000999e-05,0,0,0,0.0001998001998002,0,0.0041958041958042,0,0,0,0,0,0,0,0.000799200799200799,0,0.00629370629370629,0.0001998001998002,9.99000999000999e-05,0,0,0,0,0.0155844155844156,0,0,0,0,0,0,0,0,0,0,0.0003996003996004,0,0,0,0,0,0,0.0001998001998002,9.99000999000999e-05,0,0,0,0,0,0,0,0,0,0,0,0,0.00579420579420579,9.99000999000999e-05,0.0002997002997003,0,9.99000999000999e-05,0,0,0,0,0,0,0,0,0,0.0003996003996004,0,0,9.99000999000999e-05,9.99000999000999e-05,0,0,0,0.0004995004995005,0.0001998001998002,0,0.0102897102897103,0,9.99000999000999e-05,0,0,0,0,0,0,0,0,0,0.0031968031968032,0,0.0125874125874126,0,0,0.0637362637362637,0,0,0,0,0,0,0,0,0,0,0,0,0,9.99000999000999e-05,0,0,0.00539460539460539,0,9.99000999000999e-05,0,0,9.99000999000999e-05,0.0004995004995005,0,0,0,0,0,0,0,0.000599400599400599,0,0,0,0,0.001998001998002,0,0.0036963036963037,0.0887112887112887,9.99000999000999e-05,0,0,0.0105894105894106,0,0.0001998001998002,0.206893106893107,0,0,0.00799200799200799,0,0,0,0,0,0,0.0002997002997003,0,0,0,0,0.0020979020979021,0,0.000599400599400599,0,0,0.00599400599400599,0
0.00349685283245079,9.99100809271655e-05,0.00109901089019882,0,0.00489559396543111,0,0,0,0,0.0131881306823859,0.00659406534119293,0,0,0.000999100809271655,0,0,0,0,0,0,9.99100809271655e-05,0.0179838145668898,0.00129883105205315,0,0,0,0.000799280647417324,0,0,0,0.0113897492256969,0,0,0.0123888500349685,9.99100809271655e-05,0.000499550404635828,0.00179838145668898,0.00109901089019882,0.00139874113298032,0,0.00669397542212009,0.0031971225896693,0,0.000699370566490159,0.000699370566490159,0.00809271655510041,0,0,0,0,0.00479568388450395,0,0,0,0,0,0,0,0.00129883105205315,0.00509541412728544,0.0166849835148366,0.000199820161854331,0.00119892097112599,0,0.000599460485562993,0.000599460485562993,0.000199820161854331,0,9.99100809271655e-05,0.0103906484164252,0,0,0,0.000599460485562993,0,9.99100809271655e-05,0,0,0,0.00199820161854331,0,0.0116894794684784,0,0,0,0,0,0,0,0,9.99100809271655e-05,0,9.99100809271655e-05,0.00239784194225197,0.00089919072834449,0,0,0,0.000999100809271655,0,0.000199820161854331,0.0931161954241183,0,0.000199820161854331,0,9.99100809271655e-05,9.99100809271655e-05,0.00339694275152363,0.00149865121390748,0.0028973923468878,0.000599460485562993,0,0,0,9.99100809271655e-05,0,0,0.000999100809271655,0,0.000199820161854331,0,0.0160855230292737,0,0,0,0.0677390348686183,0,0,0,0.0241782395843741,0,9.99100809271655e-05,0,0,0.00119892097112599,9.99100809271655e-05,9.99100809271655e-05,0,0,0,0,0,0.00189829153761615,0.000199820161854331,0.0116894794684784,0,0,0.00129883105205315,0,9.99100809271655e-05,0.00229793186132481,0.000399640323708662,0,0.00149865121390748,0,0,0,0,0.000699370566490159,0.00739334598861025,0,0,0,9.99100809271655e-05,0,0,0,0,9.99100809271655e-05,0,0.000399640323708662,0,9.99100809271655e-05,9.99100809271655e-05,0,0,0,0.000199820161854331,0.0188830052952343,0,0,0.000699370566490159,0,0.000199820161854331,0,0,0.000799280647417324,0,0.000499550404635828,0,0,0.00709361574582875,9.99100809271655e-05,0,0.000199820161854331,0,0,9.99100809271655e-05,0,0,0,0,0,0.00709361574582875,0.116295334199221,0,0,0,0,0,0,0,0.000399640323708662,0,0.00239784194225197,0,0.00459586372264962,0.00159856129483465,0,0,0.000799280647417324,0,0.00249775202317914,0,0,0,0.0054950544509941,0,0.00349685283245079,0,0.000699370566490159,0,0,0.0368668198621241,0,0.000199820161854331,0,0,0,0.00439604356079528,0,0,0,0,0,0,9.99100809271655e-05,0.00119892097112599,0,0,9.99100809271655e-05,0,0,0,0,0,0,0.000499550404635828,0,0.000699370566490159,0.000699370566490159,0.000399640323708662,9.99100809271655e-05,0.000799280647417324,0,0,0,0.00279748226596064,0.0182835448096713,0.000199820161854331,0,0,0.0787291437706065,0,0,0,0,0,0.00529523428913977,0.254171245878709,0,0,0,0,0,0,0,9.99100809271655e-05,0.00139874113298032,0.0117893895494055,0,0,0.000599460485562993,0,0.00169847137576181,0,0,0,9.99100809271655e-05,0,0.00479568388450395
0,0,0,0,0.0160887378834816,0,0,0,0,0.00809433396622364,0.00679524332966923,0,0,0,0,0,0,0,0,0,0,0,0.00239832117517738,0,0,0.268112321375037,0,0,0,0,0.00109923053862296,0,0,0,0,0,0.01448985710003,9.9930048965724e-05,0.0107924452882982,0,0.00769461377036075,0,0,0,0.00159888078345158,0,0,0,0,9.9930048965724e-05,0,0.000699510342760068,0,0,0,0,0,0,0.00049965024482862,0,0,0,0.00219846107724593,0,0,0.000299790146897172,0,0.0045967822524233,0,0,0,0,0,0,0.0366743279704207,0,0,0,0.000199860097931448,0.00149895073448586,0,0,0,0,0,0,0,0,0,0,9.9930048965724e-05,0.000299790146897172,0,0,0.00049965024482862,0,0,0,9.9930048965724e-05,0,9.9930048965724e-05,0,0,0,0.00129909063655441,0,0,0.00099930048965724,0,0.000199860097931448,0,0,0,0,0,9.9930048965724e-05,0,0.000299790146897172,0,0,0,0.0235834915559109,0.00509643249725192,9.9930048965724e-05,0,0.020285799940042,0.00269811132207455,0,0,0.14349955031478,0,9.9930048965724e-05,0,0.000199860097931448,0,0.00269811132207455,0,0.00049965024482862,0,0,0,0,0,0,0,0,0,0,0,0,9.9930048965724e-05,0,0.000199860097931448,0,0,0,0,0,0,0.00449685220345758,0,0,0,0.0186869191565904,0,0,0,0,0,0,9.9930048965724e-05,0.000299790146897172,0,0.00169881083241731,0,0,0,0,0.0215848905765964,0,0.00049965024482862,0.00049965024482862,0,9.9930048965724e-05,0,0,0,0,0,0,0,0,0,0,0,0,0,0,0,0,0,0,0,0,0.0416708304187069,0.000699510342760068,0,0,0.000399720195862896,0.000299790146897172,0,0,0,0,0.00109923053862296,0,0.0101928649945038,0,0.00439692215449186,0,0,0,0,0,0,0,0,0,0.00689517337863496,0,0,0,0,0.0755471170180873,0,0,0,0,0,0,0,0,0.00629559308484061,0,0,0.00109923053862296,0,9.9930048965724e-05,0,0,0,0,0,0,0.0045967822524233,0,0,0,0,0,0,0,0,0,0,0,0,0.00719496352553213,9.9930048965724e-05,0,0,0,0.0954331967622664,0.0239832117517738,0.00629559308484061,0,0,0,0.000399720195862896,0.00489657239932048,0,0,0.0356750274807635,0,0,0,0.000699510342760068,0,0,0,0.0287798541021285,0,0,0.000299790146897172,0.00179874088138303,0,0,0,0,0.00609573298690916,0
0,0,0.000499550404635828,0,0.00679388550304726,0,0,0,0,0.0160855230292737,0.0173843540813268,0,0,0.00589469477470277,0,0,0.00189829153761615,0,0,0,0,0.0203816565091418,0,0,0,0.0167848935957638,0,0,9.99100809271655e-05,0,9.99100809271655e-05,0,0,0,9.99100809271655e-05,0,9.99100809271655e-05,0,0.00169847137576181,0,0,0,0,0.00229793186132481,0.00629433509841143,0.00519532420821261,0,0,0,0,0.0123888500349685,0.00379658307523229,0,0,0,0,0,0,0.00179838145668898,0.030772304925567,0,0,0,0,0,0.000699370566490159,0.0309721250874213,0.0028973923468878,0,0.0028973923468878,0.0025976621041063,0,0,0.100009991008093,0,0,0,0,0,0.0288740133879508,0,0.0197821960235788,9.99100809271655e-05,0.00129883105205315,0,9.99100809271655e-05,9.99100809271655e-05,0,0,0,9.99100809271655e-05,0.00209811169947048,0,0,0.000999100809271655,9.99100809271655e-05,0,9.99100809271655e-05,9.99100809271655e-05,0,0,0,0,0,0,0,0,0.00109901089019882,0.00969127784993506,0.00409631331801379,0,0,0,0.0130882206014587,0,0,0,0,0,0,0,0,0.00269757218503347,9.99100809271655e-05,0.000399640323708662,0.165051453691677,0,0,0,0.110900189829154,0,9.99100809271655e-05,0,0,0,0,9.99100809271655e-05,0,0,9.99100809271655e-05,0.000199820161854331,0,0,0,0.000299730242781497,0,0,0,0,0,0.00199820161854331,0,9.99100809271655e-05,0.00279748226596064,9.99100809271655e-05,0,0,0,0,0.00209811169947048,0,0,0,0,0,0,0,0,0,0,0.000399640323708662,0,9.99100809271655e-05,0,0,0,0,0,0.0118892996303327,0,0,0,0,0,0,0,0,0,0,0,0,0.0203816565091418,9.99100809271655e-05,0,0,0,0,0,0,0,0,0,0,0,0,0.000799280647417324,0,0,9.99100809271655e-05,0,9.99100809271655e-05,0,0.000499550404635828,0,0.00089919072834449,0,0.00859226695973624,0,0,0,0,0,0,0,0,0,0,0,0.00639424517933859,0,0.0112898391447697,0,0,0.00159856129483465,0,0,0,0,0,9.99100809271655e-05,0,0,0,0,9.99100809271655e-05,0.00169847137576181,0,0,0,0,0,0.000199820161854331,0,0,0.000299730242781497,0.000299730242781497,0.000299730242781497,0,0,0.00979118793086222,0,0,0,0.000199820161854331,0,0,0,0,0,0.00989109801178939,0,0,0.01268858027775,0,0,0,0,0,0,0.180937156559097,0,0,0.0188830052952343,0,0,0,0,0,0.0113897492256969,0.0209811169947048,0,0,0,0,9.99100809271655e-05,9.99100809271655e-05,0.00329703267059646,0,0,0.00639424517933859,0
0,0,0,0,0,0,9.99700089973008e-05,9.99700089973008e-05,0,0,0,0,0,0,0,0,0,0.000299910026991902,9.99700089973008e-05,0,0,0.000399880035989203,0,9.99700089973008e-05,0,0.116764970508847,0,0,0.000199940017994602,0.000199940017994602,0.00229931020693792,0,0,0.00229931020693792,0,0,0.000299910026991902,9.99700089973008e-05,0,0,0.00109967009897031,0,0,0,0,0.00119964010796761,0,0,0,0,0,0,0,0,0,0,9.99700089973008e-05,0,0,0.00549835049485154,0,0,0,0,0,0,0.00539838048585424,0,0,0.000299910026991902,9.99700089973008e-05,0,0,0,0,0,9.99700089973008e-05,0,0,0.00129961011696491,0,0,0.0178946316105168,0,0,0,0.00109967009897031,9.99700089973008e-05,9.99700089973008e-05,0,0,0.000399880035989203,0.000399880035989203,0,0,0.000999700089973008,0,0,0,0,0,0,0,0,0,0,0,0.386084174747576,0,0,0,0,0,0.0573827851644507,0.000299910026991902,9.99700089973008e-05,0,0,0.000499850044986504,0,0,0,0,0,0,0,0,0,0,0,0,0.000599820053983805,0,0,0,0,0.00269919024292712,0.000199940017994602,0,0,0.108667399780066,0,0,0,0,0,0.00159952014395681,0,0,9.99700089973008e-05,0.000499850044986504,0,0,0.00149955013495951,0,0.000899730080975707,0,0,0,0.00169949015295411,0,0,0,0.0217934619614116,0.000199940017994602,0,0,0,0,0,0,0,0,0,0,0,0,0,0.00229931020693792,0,0,0,0,0,9.99700089973008e-05,0,0,0,0,0,0.00199940017994602,0.00549835049485154,0,0,0,0,0,0,0,0,0,0,0,0,9.99700089973008e-05,0.00159952014395681,0,0,0,9.99700089973008e-05,0,0,0,0,0,0.000199940017994602,0.000199940017994602,0.00129961011696491,0.00799760071978406,0.000299910026991902,9.99700089973008e-05,0.00439868039588124,0,0,0,0,0,0,0.00159952014395681,0,0.00789763071078676,0,0,0.0108967309807058,0,0,0,0,0,0,0,0.00679796061181645,0,0,0.000199940017994602,0,0,0,0,0,0,9.99700089973008e-05,0,0,0.00409877036888933,0,0,0,0.000299910026991902,0,0.000499850044986504,0,0,0.000299910026991902,9.99700089973008e-05,0,0,0,0,0.0104968509447166,0,9.99700089973008e-05,0.0133959812056383,0,9.99700089973008e-05,0,0,0,0,0.168949315205438,0,0,0.00109967009897031,0,0,0,0,0.000299910026991902,0,0,0,0,0,0,0,0,0.00179946016195141,0,0,0.000599820053983805,0
0,0,9.99500249875062e-05,0,0,0,0,0.00209895052473763,9.99500249875062e-05,0,0.000299850074962519,0,0,0,0.00929535232383808,0,0,0,0,0.00809595202398801,0.000499750124937531,0.0015992003998001,0,0,9.99500249875062e-05,0.171214392803598,0,0,0.00579710144927536,9.99500249875062e-05,0,0,0,0.000199900049975012,0,0,0.000299850074962519,9.99500249875062e-05,0,0,9.99500249875062e-05,0,0,0,0,0.0137931034482759,0,0,0,0,0.000199900049975012,0,0,0,0.000299850074962519,9.99500249875062e-05,0,0,0.000299850074962519,0.00179910044977511,0.000299850074962519,9.99500249875062e-05,9.99500249875062e-05,0,0,0.000199900049975012,0.00209895052473763,0,0,0.00199900049975012,0.0015992003998001,0,0,0,0.00469765117441279,0,0,0,0,0.00459770114942529,0,9.99500249875062e-05,0,0,0.0120939530234883,0,0,0,0,0,9.99500249875062e-05,0.00649675162418791,0,0,0,0,0,0,0,0,0.000499750124937531,0,9.99500249875062e-05,0,0,0,0,0.0213893053473263,0,0,0.00209895052473763,0,0,0.0136931534232884,0,0,0,0,9.99500249875062e-05,0,0,0,0,0,0,0,0,0,0,0,0,0.0932533733133433,0,9.99500249875062e-05,0,0,0,0,0,0,0.0403798100949525,0,0,0,0,0,0.00139930034982509,0,9.99500249875062e-05,9.99500249875062e-05,0.00119940029985007,0,0,0,0,0,0,0,0,0.0137931034482759,0,0,0,0,0,0,0,0,9.99500249875062e-05,0,0.000199900049975012,0,0,0,0,0,0,0,0.00079960019990005,0,0,0,0,0.000299850074962519,9.99500249875062e-05,0,0,0,0,0,0,0.00359820089955022,9.99500249875062e-05,0,0,0,0,0,0,0.000299850074962519,0,0,0,0,0,0.000399800099950025,0,0,0,0,9.99500249875062e-05,0,0,0,0.000199900049975012,0,0.00429785107446277,9.99500249875062e-05,0,0.00109945027486257,0,0,0,0,0,0,0,0,0.00619690154922539,9.99500249875062e-05,0.016791604197901,0,0,0.106846576711644,0,0,9.99500249875062e-05,0,9.99500249875062e-05,0.0015992003998001,0,0,0,0,0,0,0,0,0,0,0,0.000299850074962519,9.99500249875062e-05,0,0,0.000199900049975012,0.000699650174912544,0,9.99500249875062e-05,0.000499750124937531,0.000199900049975012,0,0,0.000199900049975012,0.00179910044977511,0,0,0.0063968015992004,0.000599700149925037,0.000399800099950025,0,0,0,0,0,0,0.000199900049975012,9.99500249875062e-05,9.99500249875062e-05,0.393703148425787,0,0,0.00969515242378811,0,0,0,0,0,0.00139930034982509,0,0,0,0,0,0,0,0,0,0,0.000699650174912544,0
0,0,0,0,0.00629496402877698,0,0,0,0,0.0191846522781775,0,0,0,0,0.000799360511590727,0,0.019484412470024,0,0,0,0,0.00229816147082334,0.00399680255795364,0,0,0.00299760191846523,0,0.00569544364508393,9.99200639488409e-05,0.00149880095923261,0,0,0,0.000199840127897682,0,0,0,0,0.00339728217426059,0,0.00849320543565148,0.00179856115107914,0,0,0.00129896083133493,0.00139888089528377,0,9.99200639488409e-05,0,0,0,0,0,0,0,0,0,0,0,0.00729416466826539,0.00349720223820943,0,0,0,0,0,0.00769384492406075,0,0,0.00749400479616307,0,0,0,0.00989208633093525,0,0,0,0,0,0.016986410871303,0,0.00949240607513989,0,0,0,9.99200639488409e-05,0.0038968824940048,0,0,0,0,0,0,0,0,0,9.99200639488409e-05,0,9.99200639488409e-05,0,0,0,0,0,0,0,0.0038968824940048,0.00129896083133493,0,0,0,0,0,0,0,0,0,0,9.99200639488409e-05,0,0,0,0.00429656274980016,0,9.99200639488409e-05,0.0744404476418865,0,0,0,0.0550559552358114,0,0.00599520383693046,0,0,0,0,9.99200639488409e-05,0,0,0,9.99200639488409e-05,0,0,0,0,0,0,0.000599520383693046,0,0,0,0.00109912070343725,0,0,0,0,0,0,0,0.00499600319744205,0,0,0,0.0962230215827338,0,0,0,0,0,0,0.000299760191846523,0,0,0,0,0,0,0.00529576338928857,0.0184852118305356,0,0,0,0.0021982414068745,0,0.000399680255795364,0,0,0,0,0,0,0.000499600319744205,0,0,0,0,0,0,0,0.03707034372502,0,0,0,0,0.0619504396482814,9.99200639488409e-05,0,0,0,0.000599520383693046,9.99200639488409e-05,0,0.00139888089528377,0,9.99200639488409e-05,0,0,0,0.00199840127897682,0,0,0,0,0,0,0,0,0,0.00549560351718625,0,0.0205835331734612,0,0,0.0471622701838529,0,0,0,0,0,0,0,0,0,0,9.99200639488409e-05,0,0,0,0,0,0,0.000199840127897682,0,0,0.000199840127897682,9.99200639488409e-05,9.99200639488409e-05,0,0.000899280575539568,9.99200639488409e-05,0,0,0,9.99200639488409e-05,0,0,0,0,0,0.068445243804956,0,0,0.000999200639488409,0,0,0,0,0,0.000499600319744205,0.33013589128697,0,0,9.99200639488409e-05,0,0,0,0,0,0,0.000199840127897682,0,0,0,0,0,0,9.99200639488409e-05,0,0,9.99200639488409e-05,0
0,0,0,0,0,0,0,0,0,0,0,0,0.000299880047980808,9.99600159936026e-05,0.00149940023990404,0,9.99600159936026e-05,0,0,0,0,0.0110955617752899,0,0.000699720111955218,0,0.18952419032387,0,0,0.0393842463014794,0.0125949620151939,0,0,0,0.0496801279488205,0,0,0.00289884046381447,0,0,0,0,0,0,0,0,0,0,0,0,0,0,0,0,0,0.00229908036785286,0,0,0.000199920031987205,0,0,0,0,0,0,0,0,0,0,0,0,0,0,0,0,0,0.0298880447820872,0,0,0,0,0,0,0.0213914434226309,0,0,0.0191923230707717,0.00039984006397441,0.00259896041583367,0,0.00499800079968013,0,0.0193922431027589,0.000599760095961615,0,0,0.0206917233106757,0,0,0,0,0,0,0,0,0,0,0.00039984006397441,0,0,0,0,0,0,0.00219912035185926,0,0,0,0,0.0208916433426629,0.000299880047980808,0,0,0,9.99600159936026e-05,0.00639744102359056,0,0,0,0,0,0.00259896041583367,0.000199920031987205,0.0148940423830468,0,0.000199920031987205,0,9.99600159936026e-05,0,0,0,0.00179928028788485,0,0,0.00039984006397441,0,0,0.00369852059176329,0,0,0,0,0,0,0,0,0,0,0,0,0,0,0,0,0,0,0,0,0,0,0,0,0,0,0,0,0,0,0,0,0,0,0,0,0,0,0,0,0,0,0,0,0.0192922830867653,0.000199920031987205,0,0,9.99600159936026e-05,0,0,0,0,0,0,0,0,0,0.00459816073570572,0.00319872051179528,0.00369852059176329,0,0,0.000499800079968013,0,0,0,0.00319872051179528,9.99600159936026e-05,0,0,0.0268892443022791,0,0,0,0,0,0,0,0,0,0.00509796081567373,0,0.0206917233106757,0,0.000199920031987205,0,0,0,0,0,0,0.00199920031987205,0,0,0,9.99600159936026e-05,0,0,0,0,0,0,0,0,0,0,0,0.00209916033586565,0.00239904038384646,0,0,0,0,0,0,0,0,0.00079968012794882,0,0,0,0.063374650139944,0,0,0.145041983206717,0,9.99600159936026e-05,0,9.99600159936026e-05,0,0,0.0353858456617353,0,0,0.140643742502999,0,0,0,0,9.99600159936026e-05,0,0.00299880047980808,0,0,0,0,0.00229908036785286,0,0.000599760095961615,0,0.000199920031987205,0.0302878848460616,0
0,0,0,0,0.0140873214107303,0,9.99100809271655e-05,0,0,0.00849235687880907,0.00149865121390748,0,0,0.00149865121390748,0.000599460485562993,0,0.00299730242781497,0,0,0,0,0.00589469477470277,0.00129883105205315,0,0,0.265560995104406,0.000399640323708662,0,9.99100809271655e-05,0,0,0,9.99100809271655e-05,0.00119892097112599,0,0.000999100809271655,9.99100809271655e-05,0.000499550404635828,0,0,0,0,0,0.00169847137576181,0.00699370566490159,0.0274752722549705,0,0,0,0,0,9.99100809271655e-05,0,0,0,0,0,0,0,0.00309721250874213,0,0.000299730242781497,0,0,0.00269757218503347,0.000199820161854331,0.0221800379658308,0.000699370566490159,0,0,0.000199820161854331,0,0.000299730242781497,0.00559496453192127,0,0,0,0,0,0.019282645618943,0.000399640323708662,0.00649415526026576,0.0251773403936457,0,0,0,0.00679388550304726,0,0.00209811169947048,0.00689379558397442,0,9.99100809271655e-05,0,0,0.000399640323708662,0,0,0,0.000799280647417324,0,0,0,0,0.000199820161854331,0,0,9.99100809271655e-05,0.0539514437006694,0.0397642122090119,0.0173843540813268,0,0.000199820161854331,0,0.00629433509841143,9.99100809271655e-05,0,0,0,0.00149865121390748,0,0,0,0.00299730242781497,0,0.000399640323708662,0.0685383155160356,0,0,0,0.0278749125786792,0.00399640323708662,0.00269757218503347,0,9.99100809271655e-05,0.000199820161854331,0,9.99100809271655e-05,0,0,0.000399640323708662,0.000399640323708662,0,0.000699370566490159,0,0,9.99100809271655e-05,9.99100809271655e-05,0,0,0,0.000399640323708662,0.000299730242781497,0,0,9.99100809271655e-05,0,0,0,0.00399640323708662,0.00189829153761615,0.000299730242781497,0,0,9.99100809271655e-05,0,0,0,0,0,0.000399640323708662,0.000299730242781497,9.99100809271655e-05,0.00359676291337796,0,0.000499550404635828,0,0,0.000699370566490159,0.0169847137576181,0,0,0,0,0,0,0,0,0,0,0,0,0.0089919072834449,0.000399640323708662,0,0,0,0,9.99100809271655e-05,9.99100809271655e-05,0,0.000499550404635828,0,0,0,0,0.000399640323708662,0,0,0,0,0,0,0.00219802178039764,0,0.000299730242781497,0,0.00419622339894095,0.000499550404635828,9.99100809271655e-05,0.000399640323708662,0.000299730242781497,0,0,0,0,9.99100809271655e-05,0,0,0.000699370566490159,0,0.0092916375262264,0,0,0.0111899290638425,0,0,0,9.99100809271655e-05,0,0,0,0.00159856129483465,0,0,0,0,9.99100809271655e-05,0,0.000199820161854331,0,0,0.000699370566490159,9.99100809271655e-05,0,0.000199820161854331,9.99100809271655e-05,0,0,9.99100809271655e-05,0.000599460485562993,9.99100809271655e-05,0.00209811169947048,0,9.99100809271655e-05,0,0,0,0,0,0.00859226695973624,0,0,0.00239784194225197,0,0,0,0,9.99100809271655e-05,9.99100809271655e-05,0.23438904985513,0,0,0.00129883105205315,0.00169847137576181,0,0,0,0,9.99100809271655e-05,0.000699370566490159,0,0,0,0.000599460485562993,9.99100809271655e-05,0,0,0,0,0.00089919072834449,0
0,0,0,9.98901208670463e-05,0.019478573569074,0,0.000199780241734093,0,0,0.0119868145040456,0.00269703326341025,0,0,0,0.0012985715712716,0,0.00189791229647388,0,0,9.98901208670463e-05,0,0.0053940665268205,0.00958945160323644,0,0,0.00219758265907502,0,0,0.000199780241734093,0,0.000299670362601139,0,0,0.000899011087803416,0,0,0,9.98901208670463e-05,0.00339626410947957,0,0.00998901208670462,0,0,0,0.00159824193387274,0.00719208870242733,0,0,0,0,0.00569373688942164,0,0,0,9.98901208670463e-05,0,0,0,0,9.98901208670463e-05,0.00749175906502847,0.00679252821895915,0,0,0,0,0.00139846169213865,0.000599340725202278,0,0.0141843971631206,0,0,0,0.0053940665268205,0,0,0,0,0,0,0,0,0,0,0,0,0,0,0.00369593447208071,0,0,9.98901208670463e-05,9.98901208670463e-05,0,0.000699230846069324,0,0,0,0,0,0,0.0141843971631206,0,0,0,0,9.98901208670463e-05,0.148736389971032,0.0699230846069324,0,0,9.98901208670463e-05,0,0,0,0,0,0,0.000699230846069324,9.98901208670463e-05,0,0,0.0628308860253721,0,0.00159824193387274,0.145539906103286,0,0,0,0.0490460493457197,0.0137848366796524,0,0,0,0,0,9.98901208670463e-05,9.98901208670463e-05,0,0,0,0.000199780241734093,0.00149835181300569,0,0,0,9.98901208670463e-05,0,0,0,0.00329637398861253,0,0,0,0,0,0,0,0,0.00689241833982619,0,0,0,0,0,0,0,0.00529417640595345,0,0,0,0,0.000299670362601139,0,0,0.000699230846069324,0,0.000199780241734093,0.00229747277994206,9.98901208670463e-05,0,0,0,0,0,0,0,0,0,0,0,0.00439516531815004,0.000199780241734093,0,0,0.00079912096693637,0,0,0,0,0,0,0,0.000299670362601139,0,0,0,0,0,0.00119868145040456,0,0,0,0,0,0,0,0,9.98901208670463e-05,0,0,0.00709219858156028,0,0,0,0,0,0.000199780241734093,0,0,0.000399560483468185,0,0,0.0283687943262411,0,0,0,0,0,0,0,0,0,0,0,0,0,0,0,0,0,0.000299670362601139,0,0,0,0,0,0,0,0,0.000399560483468185,0,0,0.000199780241734093,0,0,0,0,0,0.0421536310058935,0.000699230846069324,0.000299670362601139,0.0348616521825991,0,0,0,0,0,0,0.207771451403456,0,0,0.0121865947457796,0,0,0,0,0,0,0.00119868145040456,0,0,0,0,0.00189791229647388,0,0.000699230846069324,0,0,0.00159824193387274,0
0,0.000199880071956826,0,9.9940035978413e-05,0,0,0,0.000399760143913652,0,0,0,0,9.9940035978413e-05,0,0.000399760143913652,0,0,0,0,0,0.000199880071956826,0.000999400359784129,0,0,0,0.0823505896462123,0,0,0.000799520287827304,0,0,0,0.00129922046771937,0,0,0,0,0.00469718169098541,0,9.9940035978413e-05,0,0,0,0.00219868079152508,0,9.9940035978413e-05,0,0,0,0,0.000499700179892065,0,9.9940035978413e-05,0,9.9940035978413e-05,0,0.000299820107935239,0,0,0,0,0.00199880071956826,0,0,0,0,0,0,0,0,0,0,0,0,0,0,0,0,0,0.00439736158305017,0,0,0,0,0.000399760143913652,0.000699580251848891,0.00689586248251049,9.9940035978413e-05,0,0.000499700179892065,0,0,0.00379772136717969,0,0,0,0,0,0,0,0,0.00799520287827304,0,0.000199880071956826,9.9940035978413e-05,0,0,0.098740755546672,0,0,0,0,0,0.00319808115130921,0,0,0,0,0.00279832100739556,0,0,0,0,9.9940035978413e-05,0.00219868079152508,0,0,0,0,0,9.9940035978413e-05,9.9940035978413e-05,0,0,0,0,0.00479712172696382,0,0,0,9.9940035978413e-05,0,0,0,0,0,0,0,0,0,0.000799520287827304,0,0.000399760143913652,0,0,9.9940035978413e-05,0,9.9940035978413e-05,0,0,0,0,0,0,0,0,0,0,0,0,0,0,9.9940035978413e-05,0,0,0,0,0,0.0358784729162503,0.000199880071956826,0,0,0,0,9.9940035978413e-05,0,0,0,0,0,0,0.00189886068358985,9.9940035978413e-05,0.000999400359784129,0,0,0,9.9940035978413e-05,0,0,0.000999400359784129,0,0,0,0,0.00479712172696382,9.9940035978413e-05,0,0,0.000599640215870478,0,0,0,0,0,0,0,0,0.00829502298620828,0,0,0.00299820107935239,0,0,0,0,0,0,0.000799520287827304,0,0.0115930441734959,0,0,0.0945432740355786,0,0,0,0,0,9.9940035978413e-05,0,0,0,0,0,0,0,0,0,0,0,0,0.000899460323805717,0,0,0.00359784129522287,9.9940035978413e-05,0,0,0,0.000199880071956826,0,0,0,0,0,0,0,0,0.516889866080352,0.00209874075554667,9.9940035978413e-05,0.00529682190685589,0,0,0,9.9940035978413e-05,0,0.00129922046771937,0.0589646212272636,9.9940035978413e-05,0,0.00609634219468319,0,0,0,0,0.000299820107935239,0,0.00169898061163302,0,0,0,0,0,0.000199880071956826,0.00159904057565461,0,0,0.000699580251848891,0
0,0.00389922015596881,0,0,0,9.99800039992002e-05,0,0.0016996600679864,0,0,0,0,0.0001999600079984,0,0.00559888022395521,0,0,0,0,0,0,0,0,0,0,0.0415916816636673,0,0,0,0.00529894021195761,0.0416916616676665,0.0001999600079984,0,0,0,0,0.0023995200959808,0,0,0,0,0,0,0,0,0,0,0,0,0,0,0,0,0.000399920015996801,0,0,0,0,0,0,0,0,0,0,0,0,0.0012997400519896,0,0,0,0.0015996800639872,0,0,0,0,0,0,0,0,0,0,0,0,0,0,0,0.00469906018796241,0,0,0,0,0,0,0,0,0.0158968206358728,0,0,0,0,0,0.01749650069986,0,0,0,0,0,0.249150169966007,0,0,9.99800039992002e-05,0,0,0.00769846030793841,9.99800039992002e-05,0.000799840031993601,0,0,0.0166966606678664,0,0,0,0,9.99800039992002e-05,0,0,0,0,0,0,0,0,0,0,0,0,0.00399920015996801,0,0,0,0.00669866026794641,0,0,0.000399920015996801,0,0,0,0,0,0,0.0015996800639872,0.001999600079984,0.000399920015996801,0.0017996400719856,0,0,0,0,0,0.00349930013997201,0,0,0,0,0,0,0.000399920015996801,0,0,0,0,0,0,0,0,0,0,0.0001999600079984,0,0,0,0,0,0,0,0,0,0,0,0,0,0,0,0,0,0,0,0,0,0,0,0,0,0,0,0,0,0,0.000699860027994401,0,0,0,0,0,0,0,0,0,0,0,9.99800039992002e-05,0.0025994801039792,0,0,0,0,0,0,0.00919816036792642,0,0,0,0,0.0260947810437912,0,0,0.0002999400119976,0,0,0,0,0,0,0,0.000399920015996801,0,0,0,0,0,0,0,0,0,0,0,0.0015996800639872,0,0,0,0,0,0,0.000399920015996801,0,0,0,0,0,0.023995200959808,0,0,0.0970805838832234,9.99800039992002e-05,0,0,0,0,0,0.331733653269346,0,0.016496700659868,0.0292941411717656,0,0,0.00669866026794641,0,0,0,0,0,0,0,0,0,0,0.0108978204359128,0,0,0.0025994801039792,0
0,0,0,0,0,0,0,0,0,0,0,0,0,0,0,0,0,0,0,0,0,0,0,0,0,0,0,0,0,0.00560168050415125,0.0229068720616185,0,0,0,0,0,0,0.0493147944383315,0,0,0,0,0,0,0,0,0,0,0,0,0,0,0,0,0,0,0.000200060018005402,0,0,0,0,0,0,0,0,0,0,0,0,0,0,0,0,0,0,0,0,0,0,0,0,0,0.00140042012603781,0,0,0,0,0,0,0,0.0183054916474942,0,0,0,0,0,0,0,0,0,0,0,0,0,0,0,0,0.514254276282885,0,0,0,0,0,0,0,0.000400120036010803,0,0,0,0,0,0,0,0,0,0,0,0,0,0,0,0.138641592477743,0,0,0,0.000900270081024307,0,0.000900270081024307,0,0,0.0240072021606482,0,0,0,0,0,0,0,0,0,0.00940282084625388,0,0,0,0,0,0,0,0,0.0502150645193558,0,0,0,0.000800240072021606,0,0,0,0,0,0,0.00380114034210263,0,0,0,0,0,0,0,0,0,0,0,0,0,0,0,0,0,0,0,0.0122036610983295,0,0,0.00110033009902971,0,0,0,0,0,0,0,0.000700210063018906,0,0,0,0,0,0,0.0360108032409723,0,0,0,0,0,0,0,0,0,0,0,0,0,0,0,0,0,0,0,0,0,0,0,0,0,0,0,0,0,0,0,0,0,0,0,0.00190057017105132,0,0,0,0,0,0,0,0,0,0,0,0.0178053416024807,0,0,0,0,0,0,0,0,0,0,0,0,0,0,0,0.0471141342402721,0,0,0,0,0,0,0,0,0,0,0,0,0.000200060018005402,0,0,0,0,0,0,0,0,0.0208062418725618,0,0.0211063318995699,0,0,0,0
0,0,9.99600159936026e-05,0.000599760095961615,0,0,0,0,0,0,0,0,0,0.0177928828468613,0.000999600159936026,0,0,0,0,0,0,0.00179928028788485,0,0,0,0.233506597361056,0,0,0,0,0.00219912035185926,0,0,0,0.0121951219512195,0,0.00289884046381447,0,0,0,0.000299880047980808,0,0,0,0,9.99600159936026e-05,0,0,0,0,0,0,0,0,0,0.00159936025589764,0,0.00039984006397441,0,0.0154938024790084,0,0.0038984406237505,0,0,0.00079968012794882,0.000199920031987205,0,0.00079968012794882,0,0,0.00319872051179528,0,0,0,0.00039984006397441,0,0,0,0,0.00209916033586565,0,0,0,0,0.0274890043982407,0,0,0,0,0,0,0,0,0,0,0,0.000999600159936026,0,0,0,0,0.00749700119952019,0,0,0,0,0.00349860055977609,0.153238704518193,0,0,0,0,0,0,0,0,0,9.99600159936026e-05,0.0237904838064774,0.00159936025589764,0.000199920031987205,0.00039984006397441,0,0,0,0.00849660135945622,0.0308876449420232,0,0,0,0,0.0423830467812875,0,0,0,0,0,0,0,0,0.00189924030387845,0,0,0,0,0,0,0,0,0,0.00209916033586565,0.00179928028788485,0,0,9.99600159936026e-05,0,0,0,0,0.00579768092762895,0,0,0,0.000299880047980808,0,0,0,9.99600159936026e-05,9.99600159936026e-05,0,0.00039984006397441,0,0,0,0,0,0,0,0.00129948020791683,0,0,0,0,0,0,0,0.000299880047980808,0,0,0,0,0,0,0,0,0,0,9.99600159936026e-05,0,0.0566773290683727,0,0,0,0,0,0,0,0,9.99600159936026e-05,0,0,0,0,0,0,0,0.00279888044782087,0.0169932027189124,0,0.00279888044782087,0,0,0.021891243502599,0,0,0,0,0,0,0.00189924030387845,0.0703718512594962,0,0.000199920031987205,0.0107956817273091,0,0,0,0,0,0,0,0,0.00639744102359056,0,0,0.000499800079968013,0,0.0105957616953219,0,0,0,0,0,0,0,0,0.00129948020791683,0,0,0,0,0,0,0,0,0,0,0,0,0.128148740503798,0,0,0,0,0,0,0.00519792083166733,0,0,0.0450819672131148,0,0,0,0,0,0,0,0,0.00199920031987205,0,0,0,0,0,0,0,0,0,0,0,0
0,0,0,0,0.0592703648175912,0,0,0,0,0,0.00549725137431284,0,0,0.00939530234882559,0,0,0,0,0,0,0,0,0,0.00219890054972514,0,0.0105947026486757,0,0,0.00109945027486257,0,0.00729635182408796,0,0,0.0108945527236382,0,0,0.000499750124937531,0,0.00549725137431284,0,0.0217891054472764,0,0,0,0.00249875062468766,0.00879560219890055,0,0,0,0,0,0,0,0,0,0,0,0.00659670164917541,0,0.0101949025487256,0,0.000599700149925037,0,0,0.0112943528235882,0,0.0297851074462769,0.00389805097451274,0,0,0.00119940029985007,0,0,0.0128935532233883,0,0,0,0,0,0.0192903548225887,0,0.00519740129935032,0,0,0,0,0.00729635182408796,0,0.00369815092453773,0.0452773613193403,0,9.99500249875062e-05,9.99500249875062e-05,0,0.00369815092453773,0,0,0,0,0,0,0.00549725137431284,0,0,0,0,0,0.00719640179910045,0.0187906046976512,0,0.000399800099950025,0,0,0,0,0.00819590204897551,0,0.00339830084957521,0,0,0,0,0.0438780609695152,0,0.0015992003998001,0.146226886556722,0,0,0,0.120139930034983,0,0.00229885057471264,0,0.000899550224887556,0.000399800099950025,0,9.99500249875062e-05,0,0,0,0,0,0.00149925037481259,0,0.0079960019990005,0,0,0,0,0,0.00219890054972514,0,0,0,0,0,0,0,0,0,0,0,0,0,0,0,0,0,0,0,0,0.00419790104947526,0,9.99500249875062e-05,0,0,0,0,0.00129935032483758,0,0,0,0,0,0,0,0,0,0,0,0,0.0123938030984508,0.000299850074962519,0,0,0,0,0,0,0,0,0,0,0,0,0,0,0,0,0.000899550224887556,0,0,0,0,0,0,0.00919540229885057,0,0.00419790104947526,0,0,0,0,0,0,0,0,0,0.00349825087456272,0,0,0,0,0.0390804597701149,0,0,0,0,0,0,0,0,0,0,0,0,0.00389805097451274,0,0,0,0,0,9.99500249875062e-05,0,0,0,0,0,0,0,0,0,0,0,0,0,0,0,0,0.000299850074962519,0,0,0.024287856071964,0,0,0,0,0,0.000599700149925037,0.186506746626687,0,0,0.016191904047976,0,0,0,0,0,0.00489755122438781,0.000399800099950025,0,0,0,0,0,9.99500249875062e-05,0,0,0,0.0103948025987006,0
0,0.000399880035989203,0,0,0,0,0.00589823053084075,0,0,0,0,0,0,0,0,0,0,0,0,0,0.00349895031490553,0,0,0,0,0.0366889933020094,0,0,0,0,0,0,0,0,0,0,0,0,0,0,0,0,0,0.00409877036888933,0,0,0,0,0,0,0,0,0,0,0.00239928021593522,0,0,0,9.99700089973008e-05,0,0,0.00109967009897031,0,0,0,9.99700089973008e-05,0.0174947515745276,0,0,0,0,0,0,0.000199940017994602,0,0,0,0,0,0.00279916025192442,0,0,0,0,0,0.000399880035989203,0,0,0,0,0,0,0,0,0,0,0,0,0.000199940017994602,0,0,0,0,0,9.99700089973008e-05,0,0,0,0.00259922023392982,0.0216934919524143,0,0,0,0,0,0,0,0,0,9.99700089973008e-05,0,0,0,9.99700089973008e-05,0,0,0,0,0,0,0.00299910026991902,0.00859742077376787,0,0,0,0,0,0,0,0,0,0,0,0,0,0,0.00199940017994602,0,0,0,0,0,0,0,0,0,0,0,0,0,0,0,0,9.99700089973008e-05,0,0,0,0,0,0,0,0,0.089073278016595,0,0,0,0,9.99700089973008e-05,0,0,0,0,0,0,0,0,0,0,0,0,0,0,0,0,0,0,0,0,0,0,0,0,0,0,0,0,0,0,0,0,0,0,0,0,0,0,0.00229931020693792,0,0,0.000499850044986504,0,0,0,0,0,0,0,0,0,0,0,0,0,0,0,0,0,0,0,0,0,0.000199940017994602,0,0,0,0,0,0,0,0,0.00129961011696491,0,0,0,0,9.99700089973008e-05,0,0,0,0,0,0,0,0,0,0,0.000799760071978406,0,0,0.786364090772768,0,0,0.00529841047685694,0,0,0,0,0,0,9.99700089973008e-05,0,0,0,0,0,0,0,0,0,0,0,0,0,0,0.000199940017994602,0,0,0,0,0,0
0.00039912193175015,9.97804829375374e-05,0,0,0.0192576332069447,0.00299341448812612,9.97804829375374e-05,0,0,0,0.00269407303931351,0,0.00179604869287567,0,0.00289363400518859,0,0.000698463380562762,0,0,0,0,0,0.00229495110756336,0.000299341448812612,0,0.0180602674116943,0,0,0.000498902414687687,0.000698463380562762,0,0,0,0.000199560965875075,0,0,0,9.97804829375374e-05,0.00179604869287567,0,0.00658551187387747,0,0,0.000199560965875075,0.00389143883456396,0.00139692676112552,0,0,0,9.97804829375374e-05,0.00119736579525045,0.000199560965875075,0,0,0,0,0,9.97804829375374e-05,0,0,0.00778287766912792,0,0.000698463380562762,0,0,0.00209539014168829,0.0106765116743165,0.000199560965875075,9.97804829375374e-05,0.00149670724406306,9.97804829375374e-05,9.97804829375374e-05,0,0.00748353622031531,0,0,0,0,0,0.00179604869287567,0,0.00419078028337657,9.97804829375374e-05,0,0,0,9.97804829375374e-05,0,0.0015964877270006,0.000997804829375374,0,9.97804829375374e-05,0.00109758531231291,0,9.97804829375374e-05,0,0,0,9.97804829375374e-05,0.00199560965875075,0,0.00648573139093993,0,0,0.00498902414687687,9.97804829375374e-05,0,0.252544402314907,0,0,0.000698463380562762,0,9.97804829375374e-05,0,0,0.000299341448812612,0,0.000199560965875075,0.00189582917581321,0,0,0,0.0134703651965676,9.97804829375374e-05,9.97804829375374e-05,0,0,0.000299341448812612,0,0.102574336459788,0.00658551187387747,0.0600678507283975,0,0,0.000299341448812612,0,9.97804829375374e-05,0,0,0,9.97804829375374e-05,0,0.000997804829375374,0,0,0,9.97804829375374e-05,0,0.000199560965875075,0,0.000299341448812612,0,0,0,0,0,0.00139692676112552,0,0,0.00289363400518859,0.00109758531231291,0,0,0,9.97804829375374e-05,0,0,9.97804829375374e-05,0,0,0,0,0.141688285771303,0.00119736579525045,0.00039912193175015,0,0,0,0,0,0,0,0,0,9.97804829375374e-05,0,0,0,0,0,9.97804829375374e-05,0.000798243863500299,9.97804829375374e-05,9.97804829375374e-05,0,0,0,0,0,0.000498902414687687,0,0.000199560965875075,0,9.97804829375374e-05,0,9.97804829375374e-05,0,9.97804829375374e-05,0,9.97804829375374e-05,0,0,0,0,9.97804829375374e-05,9.97804829375374e-05,0.00648573139093993,0,0.000199560965875075,0,0.000299341448812612,0,0,0,0,9.97804829375374e-05,0,0,0.00199560965875075,0,0,0,0,0.00189582917581321,0,0,0,0,0,0,0,0,0,0,9.97804829375374e-05,0,0.000598682897625224,0,0,0,0,0.000299341448812612,0.000199560965875075,9.97804829375374e-05,0.000199560965875075,9.97804829375374e-05,0,0,0,0,0,0,0,9.97804829375374e-05,9.97804829375374e-05,0,0,0,0,0.010576731191379,0,0,0.000498902414687687,0,9.97804829375374e-05,0,0,0,0.00149670724406306,0.250947914587907,0,0,0.000798243863500299,0,0,0,0,9.97804829375374e-05,0,0.000498902414687687,0,0,0.000598682897625224,0.00359209738575135,0,0,9.97804829375374e-05,0,0,0.00249451207343844,0
0,0,0,0,0,0,0.0021995600879824,0.00599880023995201,0,0,0,0,0,0.027994401119776,0,0,0,9.99800039992002e-05,9.99800039992002e-05,0,0,0,0,0.000399920015996801,0,0,0,0,0,0.0101979604079184,0.031493701259748,0,0,0.000999800039992002,0,0,0.000699860027994401,0.00989802039592082,9.99800039992002e-05,0,9.99800039992002e-05,0.000999800039992002,0,0,0,0.0714857028594281,0,0,0,0,0,0.0002999400119976,0,0,0,0,9.99800039992002e-05,0,0,0.0575884823035393,0,0,0,0.0023995200959808,0,0,0.0407918416316737,0,0,0,0.0016996600679864,0,0,0.0165966806638672,0,0,0,0,0,0.024495100979804,0,0,0.0280943811237752,0,0.017996400719856,9.99800039992002e-05,0,9.99800039992002e-05,0,0.00409918016396721,0,0.00429914017196561,0,0.0027994401119776,0,0,0,0,0,0,0,0.0002999400119976,0,0,0.0001999600079984,0,0,0.0516896620675865,0,0,9.99800039992002e-05,0,0,0,0,0.0010997800439912,0,9.99800039992002e-05,0.00999800039992002,0.0001999600079984,0,0,0,0.000499900019996001,0.00449910017996401,0,0,0,0,0,0,0.00879824035192961,0,0,0,0,0.0030993801239752,0,0,0,0.0549890021995601,0,0,0,0,0,0,0,0,0,0.0010997800439912,0.00349930013997201,0,0,0,0,0,0,0.0141971605678864,9.99800039992002e-05,0,0,0,0,0,0,9.99800039992002e-05,9.99800039992002e-05,0,0,0.001999600079984,0,0,0,0,0,0,0.00469906018796241,0.0728854229154169,0.000399920015996801,0,0,0,0,0,0,0,0,0,0,0,0.00429914017196561,0,0,0.0317936412717457,0,0,0,0,9.99800039992002e-05,0,0.000499900019996001,0.0153969206158768,0,9.99800039992002e-05,0.018996200759848,0,0,0,0,0,0,0,0.000399920015996801,0.0002999400119976,0,0.0458908218356329,0,0,0,0,0,0,0,0,0,0,0,0.0028994201159768,0,0.013997200559888,0,0,0.000999800039992002,0,0,0,0,0,0,0,0,0,0,0,0,0,0,0,0,0,0.000399920015996801,0.000899820035992801,0,0,0,0,0,0,0.000699860027994401,0,0,0,0,0.000699860027994401,0,0,0.0001999600079984,0.000499900019996001,9.99800039992002e-05,0,9.99800039992002e-05,0.0026994601079784,9.99800039992002e-05,9.99800039992002e-05,0,0,0,0,0.219156168766247,0,0,0.00329934013197361,0.0002999400119976,0,0,0,0,0,0.0127974405118976,0,0,0,0,0.000699860027994401,0,0.000799840031993601,0,0,0.0218956208758248,0
0,0,0,0,0,0,0,0,0,0,0,0,0,0.0013998600139986,0.0017998200179982,0,0,0,0,0,0,0,0,0,0,0.372662733726627,0,0,0,0.0074992500749925,0.0006999300069993,0,0,0.0427957204279572,0,0,0,0,0,0,0,0,0,0,0,0,0,0,0,0,0,0,0,0,0,0,0,0,0,0,0,0,0,0,0,0,0.0054994500549945,0,0,0,0,0,0,0,0,0,0,0,0,0,0,0,0,0,0,0.0047995200479952,0.0121987801219878,0,0,0,0,0,0,0,0,0,0,0,0,0,0,0,0,0,0.0001999800019998,0,0,0.0846915308469153,0,0,0,0,0,0.0266973302669733,0,0,0,0,0.0425957404259574,9.99900009999e-05,0,0,0,0,0,0,0,0,0,0,0,0,0,0,0,9.99900009999e-05,0.002999700029997,0,0,0,0.0086991300869913,0,0,0,0,0,0,0,0,0,0.0030996900309969,0,0,0,9.99900009999e-05,0,0,0,0,0.0052994700529947,0,0,0,0,0,0,0,0,0,0,0.0006999300069993,0,0,0,0,0,0,0,0.0080991900809919,0,0,0,0,0,0,0,0,0,0,0,0,0.010998900109989,0,0,0,0,0,0,0,0,0,0,0,0.0005999400059994,0,0,0,0,0.0001999800019998,0,9.99900009999e-05,0,0,0,0,0,0,0,0,0,0,0,0,0,0,0,0,0,0.0206979302069793,0,0,0,0,0.0999900009999,0,0,0,0,9.99900009999e-05,0,0,0,0,0,0.0070992900709929,0.001999800019998,0,0,0,0,0,0,0,0,0,0,0.0015998400159984,0,0,0,0,0,0,0,0,0,0,0,0,0.0008999100089991,0,0,0.045995400459954,0,0,0,0,0,0,0.0847915208479152,0,0.0004999500049995,0.0868913108689131,0,0,0,0,0,0,0,0,0,0,0,0,0,0.0047995200479952,0,0,0,0
0,0,0,0,0.0061962822306616,0.00719568259044573,9.9940035978413e-05,0,0,0.0170897461523086,0.00139916050369778,0.00549670197881271,0,0,0.00159904057565461,0,0.00789526284229462,0,0,0.000199880071956826,0.00409754147511493,0.0119928043174096,0.00179892064761143,0.00349790125924445,0,0.148410953427943,0.000699580251848891,0,0.000399760143913652,0,0,0,0,0.00179892064761143,0,0,0,0.00109934039576254,0,0,0.00589646212272636,0,0,0.00249850089946032,0.00119928043174096,0.00239856086348191,0,9.9940035978413e-05,0,0,0,0,0,0,0,9.9940035978413e-05,0,0,0,0.00649610233859684,0.00259844093543874,0.013791724965021,0.00169898061163302,0,0,0.00179892064761143,0.000399760143913652,0.000599640215870478,0,0.00529682190685589,0.000199880071956826,0,0.000299820107935239,0.0157905256845892,0,0,0,0,0,0.00829502298620828,0,0.00249850089946032,0.00239856086348191,0,0,0,0.0144913052168699,9.9940035978413e-05,0.00579652208674795,0,0,9.9940035978413e-05,0.000299820107935239,0,9.9940035978413e-05,0,0,0,0.000899460323805717,0,0,0,0.00169898061163302,0.000399760143913652,0,0,0.00239856086348191,0.00909454327403558,0.0170897461523086,0.00129922046771937,0.000199880071956826,0.000499700179892065,0,0,0,0,0.00159904057565461,0.000199880071956826,0,0,0,0,0.0022986208275035,0,0.00369778133120128,0.0279832100739556,0.000199880071956826,0.000199880071956826,9.9940035978413e-05,0.0932440535678593,0,0.00909454327403558,0,0.000499700179892065,0,0,0.000899460323805717,0,0,0,9.9940035978413e-05,0,0,0,0,0,9.9940035978413e-05,0.000299820107935239,0,0,0.000999400359784129,0.00489706176294223,0,0.0022986208275035,9.9940035978413e-05,0,0,0,0,0.00509694183489906,0,0,0,0.094143513891665,0,0,0,0,0,0,0,0,0.000199880071956826,0,0,0,0,0.00209874075554667,0.00349790125924445,9.9940035978413e-05,0,0,0,0,0.00109934039576254,0.000799520287827304,0,0,0,0,0,0.00189886068358985,9.9940035978413e-05,0,0,0,0,0,0,0,0,0,0,9.9940035978413e-05,0,0.00169898061163302,0,0,0,0.00119928043174096,0,0.000599640215870478,0,0,0.00249850089946032,0,0.0236857885268839,0.000699580251848891,0,0.000999400359784129,0.00879472316610034,0.000999400359784129,0,0,0,9.9940035978413e-05,0,0,0,0,0.0358784729162503,0,0,0.0511692984209474,0,0,9.9940035978413e-05,0,0,0.000199880071956826,0,0,0,0,0,0,9.9940035978413e-05,0,0,0,0,0.000399760143913652,0.00159904057565461,0,0.000699580251848891,9.9940035978413e-05,0.000499700179892065,0,0,0,0.000199880071956826,0,0,9.9940035978413e-05,0,0,0,0,0.000299820107935239,0.000199880071956826,0,0,0.0135918448930642,0,9.9940035978413e-05,0,0,0,0.00589646212272636,0.215070957425545,0,0,0.00879472316610034,0,0,0,0,9.9940035978413e-05,0,0.000599640215870478,0,0,0,0,0.00129922046771937,0,0.000299820107935239,0,0,0.0136917849290426,0
0,0,0,0,0.011296611016695,0,0.000799760071978406,0,0,0,0,0,0.00349895031490553,0.00449865040487854,0.0239928021593522,0,0,0,0,0,0,0.00529841047685694,0,0,0,0.0567829651104669,0,0,0.000299910026991902,0,0.0110966709987004,0,0,0.00189943017094872,0,0,0.00169949015295411,0.000899730080975707,0.00629811056682995,0,0.00339898030590823,0,0,0,0.00479856043187044,0.0512846146156153,0,0,0,0,0,0,0,0.000299910026991902,0,0,0,0,0,0.00259922023392982,0,0.0100969709087274,0.00139958012596221,0,0.00219934019794062,0.00279916025192442,0.0105968209537139,0,0,0.00959712086374088,0.00329901029691093,0,0,0.0100969709087274,0,0,0,0,0,0.019594121763471,0,0.00519844046785964,0.00229931020693792,0,0,0,0,0,0.00109967009897031,0,0,0,0.000599820053983805,0,0.00269919024292712,0,0,0,0.000799760071978406,0,0,0,0,0,0.00649805058482455,0,0.0136958912326302,0.0221933419974008,0.00139958012596221,0.00309907027891633,0,0,9.99700089973008e-05,0.0149955013495951,0.000699790062981106,0,0,0,0.00459862041387584,0,0,0.0160951714485654,0,0,0.00139958012596221,0.0663800859742077,0,0,0,0.142657202839148,0,9.99700089973008e-05,0,0,0,0,9.99700089973008e-05,0,0,0,9.99700089973008e-05,0,0.000399880035989203,0,0,0,9.99700089973008e-05,0,0,0,0.000199940017994602,0.00449865040487854,0,0,9.99700089973008e-05,0,0,0,0.0191942417274818,0.000699790062981106,0,0,0,0.0274917524742577,0,0,0,0,0,0,0.000399880035989203,0,0,0,0,0,0,0.00989703089073278,0.0533839848045586,0,0,0,0,0,0,0,0,0,0,0,0,0.00359892032390283,0,0,0,0,0,0,0,0,0,0,0,0.00819754073777867,0,0.000899730080975707,0,0,9.99700089973008e-05,0.000499850044986504,0,0,0,0,0.000599820053983805,0,0.00879736079176247,0,0.00839748075577327,0,0.00489853044086774,0.00419874037788663,0,0,0,0,0,0,0.0434869539138259,9.99700089973008e-05,0.0200939718084575,0,0,0.0101969409177247,0,0,0,0,0,0,0,0,0,0,0,0.000599820053983805,0,0,0,0,0.0232930120963711,0,0.00129961011696491,0,0,0,0,0,0.00179946016195141,0.0121963410976707,0,0,0,0,0,0,0,0,0,0,0,0.00319904028791363,0.00269919024292712,0,0,0,0,0,0.00199940017994602,0.128261521543537,0,0,0.0143956812956113,0,0,0,0,0,0.000899730080975707,0,0,0,0,0,0.00569829051284615,0,9.99700089973008e-05,0,0,0.00589823053084075,0
0,0.000199880071956826,0,0,0.000399760143913652,0,9.9940035978413e-05,0.00299820107935239,9.9940035978413e-05,0,0.000199880071956826,0,0,0.0371776933839696,0.00169898061163302,0,9.9940035978413e-05,0,0,0,0.00679592244653208,0.00239856086348191,0,0,0.000699580251848891,0.023485908454927,9.9940035978413e-05,0,0.00289826104337398,0,0.11523086148311,0,0,0.00909454327403558,0,0,0.0159904057565461,0.00209874075554667,9.9940035978413e-05,0,0,0,0,0.00759544273435938,0,0.00639616230261843,0.0301818908654807,9.9940035978413e-05,0,0,0.000299820107935239,0,0,0,0.00419748151109334,0,0,0,0,0.004597241655007,9.9940035978413e-05,0.00369778133120128,0,0,0,0.000199880071956826,9.9940035978413e-05,0,0.000899460323805717,0.00589646212272636,0.00169898061163302,0,0,0.00529682190685589,9.9940035978413e-05,0,0,9.9940035978413e-05,0,0.00219868079152508,0.000399760143913652,0.000299820107935239,9.9940035978413e-05,0,0.0293823705776534,0,0,0,0,0.00419748151109334,0.0410753547871277,0,0.000999400359784129,0.00329802118728763,0,0,0,0,0.00319808115130921,0,0.000599640215870478,0,0,0.000199880071956826,0.000999400359784129,9.9940035978413e-05,0.00129922046771937,0.00479712172696382,0,0,0,0.00179892064761143,0,0.00509694183489906,0,0,0,0,0.00409754147511493,0,9.9940035978413e-05,0.000599640215870478,0,0,0.0143913651808915,0.0181890865480712,0,0,9.9940035978413e-05,0.000899460323805717,0.00719568259044573,0.0139916050369778,0,0,0,0,0,0,0.00389766140315811,0,0.000399760143913652,0,0,0,0,0,0.000399760143913652,0,0,0,0.000299820107935239,0.00829502298620828,0,0,0,0,0,0,0.0061962822306616,0.0104937037777334,0,0,0.000199880071956826,0.0320807515490706,0,0,0,0,0,9.9940035978413e-05,0.000199880071956826,0,9.9940035978413e-05,0,0,0,0,0.0105936438137118,0.0185888466919848,9.9940035978413e-05,0.00279832100739556,0,0,0.00149910053967619,9.9940035978413e-05,0,0,0,0.00259844093543874,0,0,0.00289826104337398,9.9940035978413e-05,0,0.00129922046771937,0,0,0.00209874075554667,9.9940035978413e-05,0.000599640215870478,0,0,0,9.9940035978413e-05,0,0.000299820107935239,0,0,9.9940035978413e-05,0,0,9.9940035978413e-05,0.000499700179892065,9.9940035978413e-05,0.00289826104337398,0,0.0129922046771937,0.000199880071956826,0,0.00169898061163302,0.000299820107935239,0.00159904057565461,0.0099940035978413,0,0,0,0,0,0.00759544273435938,0.000599640215870478,0.0113931641015391,0,9.9940035978413e-05,0.0165900459724166,0,0.000399760143913652,9.9940035978413e-05,0,0,0,0,0,0.000799520287827304,0,0,0,0,9.9940035978413e-05,0,0.000699580251848891,0.00169898061163302,0.000399760143913652,0.00109934039576254,0,0.000499700179892065,0.000299820107935239,0,0.000299820107935239,0.000499700179892065,0.00369778133120128,9.9940035978413e-05,0.000299820107935239,0.000199880071956826,0.000199880071956826,0.000399760143913652,0,0,0.00159904057565461,0.000199880071956826,0.131920847491505,0,0.00599640215870478,0.0349790125924445,0,0,0,0.00299820107935239,0,0.000499700179892065,0.145712572456526,0,0,0.0156905856486108,0,0,0,9.9940035978413e-05,0,0.000299820107935239,0.0053967619428343,0,0,0,0,0.00299820107935239,0.00209874075554667,0.000199880071956826,0.00239856086348191,0,0.00679592244653208,0.00219868079152508
0,0,0,0,0,0,0,0.0030996900309969,0,0,0,0,0,0,0,0,0,0,0,0,0.0056994300569943,0.0077992200779922,0,0.0004999500049995,0,0.0002999700029997,0,0,0.0331966803319668,0.0070992900709929,0.0001999800019998,0,0,0.0226977302269773,0,0,0.0001999800019998,0.0026997300269973,0,0,0,0,0,0.0023997600239976,0,0,0,0,0,0,0,0,0,0,0,0,9.99900009999e-05,0,0,0.0061993800619938,0,0,0,0,0,0,0.0076992300769923,0,0,0,0.0007999200079992,0,0,0.0046995300469953,0,0,0,0,0,0.0004999500049995,0,9.99900009999e-05,0,0,0,0,0.0081991800819918,0,0,0.0065993400659934,0,0,0,0,0,0,0,0,0.0037996200379962,0,0,9.99900009999e-05,0,0,0.0011998800119988,0,0,0.0378962103789621,0,0,0,0,0.0003999600039996,0.197580241975802,0.0001999800019998,0.0001999800019998,0,9.99900009999e-05,0.0292970702929707,0,0.0002999700029997,0,0,0.0008999100089991,0.0072992700729927,0,0,0,0,0,0,0.0012998700129987,0,9.99900009999e-05,0,0.0017998200179982,0.0028997100289971,0,0,0,0.0012998700129987,0,0.0001999800019998,0,0,0,0.0020997900209979,0.0017998200179982,0,0,0.001999800019998,0,0,0.0065993400659934,0,0,0,0,0,0.0071992800719928,0,0,0,0.0046995300469953,0,0,0,0,0,0,0,0,0,0,0.0024997500249975,0,0,0,0.0006999300069993,0.0002999700029997,0,0,0,0,0.0003999600039996,0,0,0,0,0,0,0.0327967203279672,0,0,0,0,0,0,0,0,0.0678932106789321,0,0,0,9.99900009999e-05,0.0024997500249975,0,0,9.99900009999e-05,0,0,0,0,0,0.0015998400159984,9.99900009999e-05,0.0097990200979902,0,0.0248975102489751,0,0.0188981101889811,0,0,0,0,0,0,0,0.0065993400659934,0,0.0146985301469853,0,0,0.0477952204779522,0,0,0,0,0,0,0,0,0,0,0.0004999500049995,0.0034996500349965,0,0,0,0,0,0,0,0,0.0051994800519948,0.0027997200279972,0.0001999800019998,0,0.0015998400159984,0.0017998200179982,0.0003999600039996,0,0,0.0012998700129987,0,0,0,0,0,0.0042995700429957,0,0,0.158884111588841,0,0.0001999800019998,0,0,0,0.0004999500049995,0.105289471052895,0,0,0.0200979902009799,0,0,0,0,0,0,0,0,0,0,0,0.0226977302269773,0.0006999300069993,0.0046995300469953,0,0,0.0015998400159984,0
0,0,0,0,0,0,0,0,0,0,0,0,0,0.0140901369041671,0.000799440391725792,0,0.00199860097931448,0,0,0,0,0.00109923053862296,0,0,0,0.00229839112621165,0,0,9.9930048965724e-05,0,0.0109923053862296,0,0,0.0404716698311182,0,0,0.000299790146897172,0.00099930048965724,9.9930048965724e-05,0,0,0,0,0,0,0.0861397022084541,0,9.9930048965724e-05,0,0,0.000399720195862896,0,0,0,0,0,0,0,0,0.0153892275407215,0,0,0,0,0,0,0,0,0,0,0,0,0,0,0,0,0.000299790146897172,0,0,0.0239832117517738,0,0,0.00199860097931448,0,0.000399720195862896,0.000399720195862896,0.0105925851903667,0,0,0.00439692215449186,0,9.9930048965724e-05,0.00179874088138303,0,0,0,0,0,0,0,0,0,0,0,0,0,0,0.100429699210553,0,0,0,0,0,0,0,0,0,0,0.00239832117517738,0,0,0,0,0,0.0100929349455381,0,0,0,0,0,0,0.00169881083241731,0,0.000199860097931448,0,0,0.000299790146897172,0,0,0,0,0,0,0,0,0,0,0,0,0,0,0,0,0,0,0,0,0,0,0,0,0,0,0,0,0,0,0,0,0,0,0,9.9930048965724e-05,0,0,0,0,0,0.00569601279104627,0,0,0,0,0,0,0,0,0,0,0,0,0.00219846107724593,0,0,0,9.9930048965724e-05,0,0,0,0,0,0,0,0,0.0258818826821225,0.000299790146897172,0,0,0.000199860097931448,9.9930048965724e-05,0,0,0,0.00109923053862296,0.000299790146897172,0,0.00819426401518937,0,0.000199860097931448,0.000399720195862896,0,0,0,0,0,0,0,0,0,0,0.0264814629759169,0,0,0.0722494254022184,0,0,0,0,0,0,0,0,0,0,0,0,0,0,0,0,0.0197861496952134,9.9930048965724e-05,0.000699510342760068,0,0,0,0.00189867093034876,0,0.000399720195862896,0.0210852403317678,0,0,0,0,0,0,0,0.00619566303587489,0,0.00679524332966923,0,0.00509643249725192,0.00189867093034876,9.9930048965724e-05,0,0,0,0,9.9930048965724e-05,0.439092635155391,0,0,0.0114919556310583,0,0,0,0,0,0,0.00269811132207455,0,0,0,9.9930048965724e-05,0,0.000199860097931448,0,0,0,0.00439692215449186,0
0,0,0,0,0,0,9.99200639488409e-05,9.99200639488409e-05,0,0,0,9.99200639488409e-05,0,0.00819344524380496,0,0,0,0,0,0,0,0.000199840127897682,0,0.000299760191846523,0,0.359812150279776,0,0,9.99200639488409e-05,0,0,0,0,0,0,0,0.000199840127897682,0.000499600319744205,0,9.99200639488409e-05,9.99200639488409e-05,0,0,0.000499600319744205,0,0.00199840127897682,0,0,0,0,0.000199840127897682,0,0,0,0,0,0,0,0,0.000399680255795364,0,9.99200639488409e-05,0,0.0157873701039169,0,0,0.00209832134292566,0,0.00289768185451639,0,0,0,0.000199840127897682,0,0,0,0,0,0,0.000299760191846523,0,0,0.00199840127897682,0,0,0,0,0.000299760191846523,0,0.00309752198241407,0.00139888089528377,9.99200639488409e-05,0,0.000599520383693046,0,0,0,0,0,0,0,0,0,0,0,0,0.000399680255795364,0.378796962430056,0,0.00549560351718625,0,0,0,0,0,0,0,0,0.000999200639488409,0,0,0,0,0,0.00419664268585132,0,9.99200639488409e-05,0,0,0.00959232613908873,0,9.99200639488409e-05,0,0,0,9.99200639488409e-05,0,9.99200639488409e-05,0,0,0,0,0,0,0,0,0,0,0,0,0.000999200639488409,0,0,0,0,0,0,0,0,9.99200639488409e-05,0,0.000399680255795364,0,9.99200639488409e-05,0,9.99200639488409e-05,0,0,0,0,0,0,0.000199840127897682,0,0,0.00359712230215827,0,9.99200639488409e-05,0.00149880095923261,0,0,0,0,0,0,9.99200639488409e-05,0,0,0,0,0,0.00619504396482814,9.99200639488409e-05,0,0,0,0.000399680255795364,9.99200639488409e-05,0,0,0,0,0,0,0.0214828137490008,0.00379696243005596,0.000299760191846523,0,0.000199840127897682,0,0,0,0,0,9.99200639488409e-05,0,0.000199840127897682,0,0,0,0.00119904076738609,0.00429656274980016,0,0,0,0,0,0,0,9.99200639488409e-05,0.000999200639488409,0,0,0.0302757793764988,0,0,0,0,0,0,0,0,0.00979216626698641,0,0,0,0,0,0,0,0.0129896083133493,9.99200639488409e-05,0,0,9.99200639488409e-05,0,0,0,0,0,0,0,0,0,9.99200639488409e-05,0,0,0.000399680255795364,0.000299760191846523,0.0849320543565148,0,0,0.00939248601119105,9.99200639488409e-05,0,0,0,0,9.99200639488409e-05,0,0,0,0,0,0,0.000299760191846523,0,0,0.00129896083133493,0,0,0,0,0,0.000799360511590727,0.000699440447641887,0,0,0,0,0
0,9.99700089973008e-05,0,9.99700089973008e-05,0,0,0.000299910026991902,0,0,0,0.000199940017994602,0,0.000199940017994602,0,0.000199940017994602,0,0,0,0,0,0,0,0,0.000199940017994602,0,0.456363091072678,0,0,0.000799760071978406,0.000699790062981106,0,0,0,0,0,0,9.99700089973008e-05,0,0,0,0,0,0,0,0,0.00629811056682995,0,0,0,0.000899730080975707,0,0,0,0,0,0,0,9.99700089973008e-05,0,0,0,0.00139958012596221,0.000199940017994602,9.99700089973008e-05,0,9.99700089973008e-05,0.00149955013495951,0,0,0,0,0,9.99700089973008e-05,0,0,0,0,0,0,0,0,0,0,0,0.00759772068379486,0.000599820053983805,0.0269919024292712,0,0,0.00169949015295411,0,9.99700089973008e-05,0,0,0,0,0,0,0,0.000299910026991902,0,0.00289913026092172,0.00109967009897031,9.99700089973008e-05,0.000199940017994602,0,0,0.0734779566130161,0,0,0,0,0,0.00649805058482455,0,0,9.99700089973008e-05,9.99700089973008e-05,0,0,0,0,0,9.99700089973008e-05,0.00419874037788663,0,0,0,0,0,0,0,0,0.000399880035989203,0,0,0.000699790062981106,0,0,0,0.000799760071978406,0,0,0,0,0,9.99700089973008e-05,0,0,0,0.00169949015295411,0,0.000199940017994602,0,9.99700089973008e-05,0,0,0,0,0,0,0,0,0,0,0,9.99700089973008e-05,0,0,0.013296011196641,0,0,0,0,0,0,0,0.00279916025192442,0,0,0,0,0,0,0,0,0,0,0,0,0,0,9.99700089973008e-05,0.00149955013495951,0,0,0,0,0,0,0,0,0,0,0,0.000799760071978406,0,0,0.000699790062981106,9.99700089973008e-05,0,0,0,0,0,0,0,0,0.00529841047685694,0,0,9.99700089973008e-05,0,0,0,0,0,0,0,0,0,0,9.99700089973008e-05,0.0341897430770769,0,0,0,0,0,0,0,0,0,0,0,0.00459862041387584,0,0.000999700089973008,0,0,0,0,9.99700089973008e-05,0,0.000199940017994602,0.000299910026991902,0,0,0,0,0,0,0,0.000199940017994602,0,0,0,0,9.99700089973008e-05,0.000299910026991902,0.00119964010796761,0,0.00139958012596221,0,0.000799760071978406,0,0,0,9.99700089973008e-05,0.326202139358193,0,0,0,0,0,0,0,0,0,0,0,0,0,0,0.000799760071978406,0,0.00119964010796761,0,0,0.00239928021593522,0
0,0,0,0.0001999600079984,0,0,0,0,0,0,0,0,0,0,0.00879824035192961,9.99800039992002e-05,0,0,0,0,0,0,0,0.00329934013197361,0,0.0663867226554689,0,0,0,0.00249950009998,9.99800039992002e-05,0,0,0.0156968606278744,0,0,0,0,0,0,0,0.0002999400119976,0,0.0028994201159768,0,0.0002999400119976,0,0.0002999400119976,0,0,0,0,0,0,0,0,0,0,0,0,0,0,0,0,0,0,0,0,0,0,0,0,0,9.99800039992002e-05,0.000399920015996801,0,0,0,0,0,0,0,0,0,0.00349930013997201,0,0,0,0,0.0021995600879824,0,0,0.645570885822835,0,0,0,0,0,0,0,0,0,0,0,0,9.99800039992002e-05,0,0.128574285142971,0,0,0,0,0,0.000599880023995201,0.0002999400119976,0,0,0,0,0,0,0,0,0.0002999400119976,0.0187962407518496,0,0,0,0,0,0,0,0,0,0,0,0.01499700059988,0,0,0,0,0,0,0,0,0,0,9.99800039992002e-05,0,0,0,0.000399920015996801,0,0,0,0,0,0,0.000599880023995201,0.00619876024795041,0,0,0,0,0,0,0,0,0,0,0,0,0,0,0,0,0,9.99800039992002e-05,0,0,0,0,0.000399920015996801,0,0,0,0,0,0.00769846030793841,0,0,9.99800039992002e-05,0,0,0,0,0,0,0,0,0,0,0,0.0002999400119976,0,0,0,0,0,0,0,0,0,0,0,0,0.0013997200559888,0,0,0,0,0,0,0,0,0,0,0,0,0,0.000399920015996801,0,0,0,0,0,0,0,0,0,0,0,0,0,0,0,0,0,0,9.99800039992002e-05,0,0.0001999600079984,0.000999800039992002,0,0.000499900019996001,0,9.99800039992002e-05,0,0,0.0511897620475905,0,0,0,0,9.99800039992002e-05,0,0,0,0,0,0,0,0,0,0,0,0,0,0.0013997200559888,0,0,0,0.00659868026394721,0,0,0,9.99800039992002e-05,0,0,0.0028994201159768,0,0,0,0,0.0010997800439912,0,0,0.000699860027994401,0,0,0
0,0.00129948020791683,0,0,0,0.000199920031987205,9.99600159936026e-05,0,0,0,0,0,0,0,0.000199920031987205,0,0,0,0,0,0.0199920031987205,0.0304878048780488,0,0.00079968012794882,0,0.0244902039184326,0,0,0.00449820071971212,0,0.053078768492603,0,0,0.00109956017592963,0,0,0.00039984006397441,0.0554778088764494,0,0,0,0,0,0,0,0.0222910835665734,0,0,0,0.000999600159936026,0,0,0,0,0,0,0,0,0,0.0411835265893643,0,0.00229908036785286,0,0,0,0,0.00219912035185926,0,0.000199920031987205,0,0,0,0,0,0,0,0,0,0,0.0126949220311875,0,0,0,0,0,9.99600159936026e-05,0.00159936025589764,0,0,0.0196921231507397,0,0.00299880047980808,0.000299880047980808,0,0,0,0,0,0.0120951619352259,0,0,0,0,0,0.00139944022391044,0,0,0.0715713714514194,0,0,0,0,0,0.0387844862055178,0,0,0,0,0.00499800079968013,0,0,0,0,9.99600159936026e-05,0.00529788084766094,0,0,0,0,0,0,0.030187924830068,0,0,0,0,0.000199920031987205,0,9.99600159936026e-05,0,9.99600159936026e-05,0,0,0,0,0,0,0,0,0,0.0038984406237505,0.00339864054378249,0,0,0,0,0,0,0,0,0,0,0,0,0,0,0,0,0,0.00139944022391044,0.00279888044782087,0,0,0,0,0,0,0.0132946821271491,0.00739704118352659,0,0,9.99600159936026e-05,0,0,0.00129948020791683,0,0,0,0,0,0,0.0254898040783687,0.000199920031987205,0.000699720111955218,0,0,0,0,0,0.00929628148740504,0,0,0,0,0,0.000599760095961615,0.000599760095961615,0,9.99600159936026e-05,0.00139944022391044,0,0,0,0,0.00499800079968013,0,0,0,0.0187924830067973,0,0,0.00569772091163535,0,0,0,0.00199920031987205,0,0,0.0157936825269892,0,0.0132946821271491,0,0,0.0265893642542983,0,0,0,0,0,9.99600159936026e-05,0,0,0,0,0,0,0,0,0,0,0.00619752099160336,0,0,0,0.00709716113554578,0,9.99600159936026e-05,0,0.00939624150339864,0,0,0,0,0,0.00169932027189124,0,0,0,0,9.99600159936026e-05,0,0,0.0079968012794882,0,0.00139944022391044,0,0,0,0.000699720111955218,0.332866853258697,0,0,0,0,0,9.99600159936026e-05,0,0,0.00189924030387845,0,0,0,0,0,0,0,0.000199920031987205,0,0,0.00749700119952019,0
0,0,0,0,0,0,9.99000999000999e-05,0,0,0,0.0018981018981019,0,0,0,0.147352647352647,0,0,0,0,0,0,0,0.0031968031968032,0,0.002997002997003,0.0732267732267732,0,0,0.00879120879120879,0,0,0,0.0001998001998002,0.0001998001998002,0,0,0.0002997002997003,0,0,0,0.0224775224775225,0,0,0.000699300699300699,0.000799200799200799,0,0,0,0,0,0,0,0,0,0,0,0,0.0027972027972028,0,9.99000999000999e-05,0,0.0027972027972028,0.0030969030969031,0,0.0214785214785215,0.0002997002997003,9.99000999000999e-05,0.0031968031968032,0,0.0023976023976024,0,0,9.99000999000999e-05,0.0013986013986014,0,0,0,0,0.0001998001998002,9.99000999000999e-05,0,0.0038961038961039,0,0,0,0,0,9.99000999000999e-05,0,0,0,0.0010989010989011,0.0048951048951049,0,0,0.004995004995005,0,0,0,0,0,0.0163836163836164,0.0002997002997003,0,0.0003996003996004,0,0,0.0032967032967033,0.00799200799200799,0.0011988011988012,0.0001998001998002,0,0,0,0,0.0001998001998002,0,0.0002997002997003,0,0.0001998001998002,0,0,0.0050949050949051,0,0.0004995004995005,0.0208791208791209,0.0017982017982018,0,0,0.154545454545455,0,0,0,0.0001998001998002,0.0001998001998002,9.99000999000999e-05,0.0048951048951049,0,0,0,9.99000999000999e-05,0,0.000799200799200799,0,0.0033966033966034,0,9.99000999000999e-05,0,0,0,9.99000999000999e-05,0,0,9.99000999000999e-05,9.99000999000999e-05,0,0,0,0.0010989010989011,9.99000999000999e-05,0,0,0,0,0,0,0,0,0,0,0,0,0,0.0001998001998002,0,0,0,0,0.0018981018981019,0,0,0,0,0,0,0,0.0001998001998002,0,0,0,0,9.99000999000999e-05,0.000699300699300699,9.99000999000999e-05,0,0,0,0,0,0,9.99000999000999e-05,0,0,0,0,0.0001998001998002,0,0,0,0,0,0,0.0010989010989011,0,0,9.99000999000999e-05,0.00569430569430569,0,0.0173826173826174,0,0,0,0,0.0002997002997003,0,0,0,0,0.0013986013986014,0,0.0032967032967033,0,0,0.0274725274725275,0,0,0,0,0,0.0002997002997003,0,0,0,0,0,0,0,0,0,0,0.0250749250749251,0.0001998001998002,0,0,0,9.99000999000999e-05,0,0,0,0,9.99000999000999e-05,0,0,0,0,0,0,0,9.99000999000999e-05,0.307792207792208,0,0,0.0558441558441558,0,0,0,0,0,0.0002997002997003,0.0001998001998002,0,0,0,0.0001998001998002,0,0,0,0,0.0002997002997003,0,0,0,0,0,0.00859140859140859,0,0.0001998001998002,0,0,0.000599400599400599,0
0,9.99100809271655e-05,0,0,0.0201818363472874,0.00359676291337796,0,0,0,0.00309721250874213,0.00349685283245079,0,0,0,0.00779298631231891,0,0.0230792286941752,0,0.00559496453192127,0,0,0.00639424517933859,0,0,0,9.99100809271655e-05,0,0,0.000299730242781497,0.00499550404635828,9.99100809271655e-05,0.0102907383354981,0,0.00339694275152363,0,0,0,9.99100809271655e-05,0.00219802178039764,0,0,0,0,0,0.00449595364172245,0.00159856129483465,0,0,0,0,0.00379658307523229,0,0,0.000199820161854331,0.00389649315615946,0,0,0,0,0.00979118793086222,0.00189829153761615,0.00799280647417324,0,0,0,0,0.00489559396543111,0,0,0.00339694275152363,0.000199820161854331,0,0.00119892097112599,0.00569487461284844,0,0,0,0,0,0.00309721250874213,0,0.00179838145668898,0.00119892097112599,0,0,0.000399640323708662,0,0,0,0,0,9.99100809271655e-05,0,0,0.000699370566490159,0,0,9.99100809271655e-05,0,0,0,0,0,0,0,0,0,0.00499550404635828,0.0275751823358977,0,0,0.000199820161854331,0,0.0129883105205315,0,0,0,0,0,9.99100809271655e-05,0,0,0,0,0.000199820161854331,0.177839944050355,0,0,0,0.142371865321211,0,0.00139874113298032,0,0,0.000699370566490159,0,9.99100809271655e-05,0,0,0,0.000399640323708662,0,0.00149865121390748,0,0,0,9.99100809271655e-05,0,0,0,9.99100809271655e-05,0.0028973923468878,0,0,0,0,0,0,0,0.00299730242781497,0,0,0,0,0,0,0.000299730242781497,0,0,0.000199820161854331,0,0,9.99100809271655e-05,0,0,0,0,9.99100809271655e-05,0.00339694275152363,0,0,0,0,0.000799280647417324,0,0,0,0.00909181736437207,0,0,0,0.00829253671695474,9.99100809271655e-05,0.00229793186132481,0,0,0,9.99100809271655e-05,0,0,0,0,0,0.00479568388450395,0.0298731141972225,0.00189829153761615,0,0,9.99100809271655e-05,0.000299730242781497,0,0,0,0.000199820161854331,0.000199820161854331,0,0.00299730242781497,0,0.0206813867519233,0,9.99100809271655e-05,0.00169847137576181,0,0,0,0,0,0,0.00419622339894095,0,0.0031971225896693,0,0,0.013288040763313,0,0,9.99100809271655e-05,0,0,0,0,0,0,0,0.00119892097112599,0.000499550404635828,0,0,0,0,0,0,0.000299730242781497,0,0,0,0,0,0,0,0,0,0.000299730242781497,0,0,0,0,0,0,0.00159856129483465,0.00159856129483465,0,0.244879608352483,0,0,0,0,0,0,0.0672394844639824,9.99100809271655e-05,0.00839244679788191,0.0266759916075532,0,0,0,0,0,0,0.00129883105205315,0.00679388550304726,0,0,0,9.99100809271655e-05,0,0.000599460485562993,0,0,0.00229793186132481,0
0,9.99100809271655e-05,9.99100809271655e-05,0,0,0.0025976621041063,9.99100809271655e-05,0,0,0.00479568388450395,0.00769307623139175,0,0,0,0.00209811169947048,0,0.000799280647417324,0,0,0,0,0.0102907383354981,0.00109901089019882,0,0,0.123788590268758,0,0,9.99100809271655e-05,0,0.000999100809271655,0,0,0.00219802178039764,0,0,0,0.000399640323708662,0.00109901089019882,0,0,0,0,0,0.00529523428913977,0.00189829153761615,0,0,0,0,0.00139874113298032,0,0,0,9.99100809271655e-05,0,0,0,0,0.0222799480467579,0,0.0234788690178839,0,0,0.00599460485562993,0,0.000199820161854331,0,0,0.00339694275152363,0.000399640323708662,0,0.00119892097112599,0,0,0,0.000299730242781497,0,0,0.0116894794684784,0,0.0151863323009292,0,0,0,0.000299730242781497,0.00139874113298032,0,0,0.0242781496653012,0,9.99100809271655e-05,9.99100809271655e-05,0,0,0,0,0,0.00189829153761615,0,0,0,0,0,0.000799280647417324,0,0.00479568388450395,0.0345688880007993,0,0,0,0.000799280647417324,0,0,0,0,0,0,0,0,0,0,0,0,0.00089919072834449,0.00939154760715356,0,0,0,0.0846238385453092,0,0,0,0,0,0,9.99100809271655e-05,0,0,0,0,0,0,0,0,0,0,0,0,0,0.00909181736437207,0,0,0,0,0,0,0,0,0.0149865121390748,0,0,0,0,0,0,0,0,0,0,0,0,0,0,0,0,0,0.00359676291337796,0,0,0,0,0,0,0,0,0,0,0,0,0,0.00209811169947048,0,0,0,0,0,0,0,0,0,0,0.149565391147967,0,0,0,0,0,0.000299730242781497,0,0,0,0,0,0,0,0,0.00139874113298032,0.000399640323708662,0,0,0,0,0,0,0,0,9.99100809271655e-05,0.00649415526026576,0,0.0182835448096713,0,0,0.0191827355380158,0,0,0,0,0,0.00119892097112599,0,0,0,0,0,0,0,0,0,0,0,0,0,0,0,0,0,0,0.000299730242781497,0,0,0,0,0,0.000599460485562993,0,0.000799280647417324,0,0,9.99100809271655e-05,0,0,0.00509541412728544,0,0,0,0,0,0,0.307623139174743,0,0,0.0348686182435808,0,0,0.00369667299430513,0,0,0,0,0,0,0,0,0.000699370566490159,0,0.00149865121390748,0,0,0.0028973923468878,0
0,0,0,0,0.00719424460431655,0,0,0,0,0.00779376498800959,0.00929256594724221,0,0,0,0.00819344524380496,0,0,0,0,0.000299760191846523,0.00499600319744205,0.0368705035971223,0,0,0,0.117106314948042,0,0,0,0,0.00179856115107914,0,0,0.00299760191846523,0,0,9.99200639488409e-05,0,0.00179856115107914,0,0,0,0,0,0.00109912070343725,0,0,9.99200639488409e-05,0,0,0.00499600319744205,0,0,0,0.000199840127897682,0,0,0,0,0.0312749800159872,0,0.0134892086330935,0.000999200639488409,0,0,0.000799360511590727,0.0274780175859313,0.00109912070343725,0,0.00999200639488409,0.000399680255795364,0,0,0.00709432454036771,0,0,0.000499600319744205,0,0,0.00739408473221423,0,0.00309752198241407,0,0,0,0,0.0240807354116707,0,0.00589528377298161,0,0,0.00379696243005596,0.000199840127897682,0,0.00229816147082334,0,0,0,0,0,0,0.011290967226219,0,0,0,0,0,0.0149880095923261,0.00819344524380496,0.000799360511590727,0,0,0,0,0,0,0,0.000699440447641887,0.0216826538768985,9.99200639488409e-05,0,0,0.0179856115107914,0,0.00969224620303757,0.224020783373301,0,0,0,0.0731414868105516,0,9.99200639488409e-05,0,0,0.000199840127897682,9.99200639488409e-05,9.99200639488409e-05,0.000299760191846523,0,0,0.0284772182254197,0,0.00279776179056755,0,0,0,9.99200639488409e-05,0,0,0.000499600319744205,0.0021982414068745,0.000199840127897682,0,0.000899280575539568,9.99200639488409e-05,0,0,0,0,0.00489608313349321,0,0,0,0.000199840127897682,0,0,0,0,0,0,0.000599520383693046,0.000199840127897682,0.00179856115107914,0,0,0,0,0.00599520383693046,0.0153876898481215,0,0,0,0,0.000199840127897682,0,0,0,0,0,0,0,0.0205835331734612,0,0.000899280575539568,0,0.000199840127897682,0,0,9.99200639488409e-05,0,0,0,0,0.0155875299760192,0.00349720223820943,0.0206834532374101,0,0,9.99200639488409e-05,0,0,0,0,0,0.000499600319744205,0,0.00599520383693046,0,0,0.000299760191846523,0.0152877697841727,0,0,0,0,0.00199840127897682,0,0,0.0121902478017586,0,0,0,0,9.99200639488409e-05,0,0,0,0,0,0,0,0,0.000399680255795364,0,0.000999200639488409,0.000199840127897682,0,0,0,0,0,0,0,0,0.000199840127897682,0.00199840127897682,0.00199840127897682,0,0,0,9.99200639488409e-05,0,0,0.000199840127897682,9.99200639488409e-05,0,0.00299760191846523,0,0,0.000199840127897682,0,0,0,0,9.99200639488409e-05,9.99200639488409e-05,0,0,0.000499600319744205,0.000499600319744205,0,0,0.0783373301358913,0,0,0,0,0,0,0.00409672262190248,0.00499600319744205,0,0,0,0.00239808153477218,0.000299760191846523,0.000599520383693046,0,0,0.00799360511590727,0
0.000299550673989016,0,0.000199700449326011,0,0.0100848726909636,0.00439340988517224,0,0,0,0.00319520718921618,0.00379430853719421,0,0,0.0090863704443335,0.00199700449326011,0,0,0,0,0,0.0144782825761358,0.0163754368447329,0.00119820269595607,0,0,0.000399400898652022,0,0,0.00109835247129306,0.0121817274088867,0.0017973040439341,0,0,0.000599101347978033,0,0,0.000199700449326011,0.00449326010983525,0.00239640539191213,0,0,0.00299550673989016,0,0.00309535696455317,0.000698951572641038,0.00529206190713929,0,0,9.98502246630055e-05,0,0.0190713929106341,0,0,0.000499251123315027,0.000798801797304044,0,0,0,0,0.0101847229156266,0.00259610584123814,0.0204692960559161,0,0,0,0.0109835247129306,0.00559161258112831,0.0090863704443335,0,0,0.0274588117823265,0,0.000299550673989016,0.0786819770344483,0,0,0.000199700449326011,0,0,0.0204692960559161,0,0,0,0,0,0,0.0017973040439341,0,0.00149775336994508,0.0116824762855716,0,0.000798801797304044,9.98502246630055e-05,0,0.00269595606590115,0.000499251123315027,0,0,0.00199700449326011,0,0.000199700449326011,0,0,0,0.00509236145781328,0,0,0.000998502246630055,0,0.000898652021967049,0,0,0,0.00968547179231153,0,0,0,0.00649026460309536,0.00499251123315027,0.000199700449326011,0,0.00559161258112831,0.00229655516724913,9.98502246630055e-05,0.000299550673989016,0.0462306540189715,0,0,0,0.0675986020968547,0,0.000998502246630055,0,9.98502246630055e-05,0.00988517224163754,0,9.98502246630055e-05,0,0,0,0.000599101347978033,0,0,0,0,0,0,0.00289565651522716,0,9.98502246630055e-05,0.00219670494258612,0,0,0.000499251123315027,9.98502246630055e-05,0,0,0,0.0017973040439341,0.0053919121318023,0.000499251123315027,0,0,0.154368447329006,0,0,9.98502246630055e-05,0,0,0.00239640539191213,0.00239640539191213,0,0,0,0,0,0,0.0391412880678982,0.000698951572641038,0,0,0,0,0.00229655516724913,0,0,0,0.000998502246630055,0,0,0.000798801797304044,0.00738891662506241,9.98502246630055e-05,0.000399400898652022,0,0,0.00289565651522716,0.000399400898652022,9.98502246630055e-05,0,0,0,0,0,0,0.00249625561657514,0,0,9.98502246630055e-05,0,0,0,0,0.000898652021967049,0.00219670494258612,0,0.00599101347978033,0,0.0494258612081877,0,0,0.00688966550174738,0,0,0,0,0,0,0.00948577134298552,0,0.0616075886170744,0,0,0.0128806789815277,0,0,0.000299550673989016,0,0,0,0,0,0,0,0,9.98502246630055e-05,0,0,0,0,0,0,0.00589116325511732,9.98502246630055e-05,0.00988517224163754,0,0,0.000798801797304044,0.00349475786320519,0.0207688467299051,0.000299550673989016,0,0,0.000299550673989016,0,0,0,0,0,0.000898652021967049,0,0.0138791812281578,0.00419370943584623,0,0,0.000199700449326011,0,0,0.000199700449326011,0.017873190214678,0,0,0.0206689965052421,0,0,0,0,0,0.00978532201697454,0.00339490763854219,0,0,0,0,0.00159760359460809,0.00449326010983525,0.000199700449326011,0,0,0.0104842735896156,0
0.0043995600439956,0,0,0,0,0,0.0040995900409959,0,0,0,0,0,0,0,0.0110988901109889,0,0,0,0,0,0.0010998900109989,0.0003999600039996,0,0.0113988601139886,0,0,0,0,0,0,0,0,0,0.0052994700529947,0,0.0061993800619938,0,0.0003999600039996,0,0,0,0,9.99900009999e-05,0.0191980801919808,0,0.0172982701729827,0,0,0.0018998100189981,0,0,0.0024997500249975,0,0,0,0,0,0,0,0,0,0,0,0,0,0.0168983101689831,0,0,0.0017998200179982,0,0.0076992300769923,0,0,0,0,0,0,0,0,0.0181981801819818,0,0,0,0,0.0050994900509949,0,0,9.99900009999e-05,0,0.0105989401059894,0.0001999800019998,0,0,0,0,0,0,0,0.0118988101189881,0,0,0,0,0,0,0,0.0001999800019998,0.0607939206079392,0,0.0072992700729927,0,0,0,0,0,0,0,0,0,0,0,0,0,0,0.117088291170883,0,0,0,0,0,0.0004999500049995,0.245775422457754,0,0,0,0,0.0070992900709929,0,0,0,0.0064993500649935,0,0,0,0,0,0,0,0,0,0.0012998700129987,0,0,0,0.0001999800019998,0,0,0,0,0.0054994500549945,0.0023997600239976,0,0,0,0,0,0,0,0,0.0001999800019998,0,0,0,0,0,0,0,0,0,0,0,0,0,0,0.0060993900609939,0,0,0,0,0,0,0,0,0,0,0,0,0,0,0,0,0,0,0,0,0,0,0,0,0.0064993500649935,0,0,0,0,0,0,0.0254974502549745,0.0011998800119988,0,0,0,0,0,0,0,0,0,0,0,0,0,0,0,0.302669733026697,0,0.0002999700029997,0,0,0,0,0,0,0,0.0035996400359964,0,0,0,0,0,0,0.0025997400259974,0,0.0044995500449955,9.99900009999e-05,0.0022997700229977,0,0,0,0,0.0002999700029997,0,0,0,0,0,0,0,0.0005999400059994,0,0.0004999500049995,0,0,0,0,0.000999900009999,0,0,0,0.0068993100689931,0,0,0,0.0050994900509949,0,0,0,0.0007999200079992,0,0,0,0,0.0042995700429957,0,0,0,0,0,0,0,0.0091990800919908,0.0031996800319968
0,0,0,0,0,0,0.0001000100010001,0,0,0,0,0,0,0,0.0005000500050005,0,0,0,0,0,0,0,0.0001000100010001,0.0015001500150015,0,0.321432143214321,0,0,0,0,0,0,0,0,0,0,0,0.0001000100010001,0,0,0,0,0,0.0025002500250025,0,0.0313031303130313,0,0,0,0,0,0,0,0,0,0,0,0,0,0,0,0.0105010501050105,0.0001000100010001,0,0,0,0.002000200020002,0,0,0,0.0001000100010001,0,0,0,0,0,0,0,0,0.0011001100110011,0,0,0.0022002200220022,0,0.0639063906390639,0,0.0169016901690169,0.0001000100010001,0,0,0,0.0006000600060006,0,0,0,0.0001000100010001,0,0,0,0,0,0.0093009300930093,0,0,0.0001000100010001,0,0.0007000700070007,0.0038003800380038,0,0,0,0,0,0.0049004900490049,0,0,0,0,0.0049004900490049,0,0,0,0,0.0001000100010001,0,0,0,0,0,0,0.0067006700670067,0.131213121312131,0,0,0,0,0.0001000100010001,0,0,0,0,0,0,0,0,0,0,0,0,0,0.0001000100010001,0,0,0,0.0004000400040004,0,0,0,0.0006000600060006,0.0011001100110011,0,0,0,0,0,0,0,0,0,0,0.0002000200020002,0,0.0801080108010801,0,0,0,0,0,0.0001000100010001,0,0,0,0,0,0,0,0,0,0,0,0,0.0139013901390139,0,0,0,0,0,0,0,0,0,0,0,0,0,0.0004000400040004,0,0,0,0,0,0,0.0003000300030003,0,0.001000100010001,0,0.0025002500250025,0,0,0,0,0,0,0,0,0.0006000600060006,0,0,0.0024002400240024,0,0.0152015201520152,0,0,0.0332033203320332,0,0,0,0,0,0,0,0,0,0,0,0,0,0,0,0,0,0,0,0,0,0.0005000500050005,0,0,0.0001000100010001,0.0121012101210121,0,0,0,0,0,0,0,0,0,0.0046004600460046,0,0.0059005900590059,0.0252025202520252,0,0,0,0,0,0,0.180718071807181,0,0,0,0,0,0,0.0001000100010001,0,0,0,0,0,0,0,0,0,0,0,0,0.0017001700170017,0
0,0,0.000299820107935239,0,0.0290825504697182,0,0,0,0,0.00789526284229462,0.00519688187087747,0,0,0,0,0,0,0,0.0111932840295823,9.9940035978413e-05,0,0.0222866280231861,0.00509694183489906,0,0,0.0288826703977613,0,0,0,0,0,0,0,0.000699580251848891,0,0,9.9940035978413e-05,0.000699580251848891,0,0,0.0239856086348191,0,0,0,0.000899460323805717,0.00209874075554667,0,0,0,0.000899460323805717,0.0225864481311213,0,0,0,0,0.000799520287827304,0,0,0.00159904057565461,0.0335798520887468,0,0.00759544273435938,0,0,0.00249850089946032,0,0.00429742154707176,0.00959424345392764,0,0,0.000499700179892065,0,0,0,0,0,0,0,0,0.00819508295022986,0,0.0156905856486108,0,0,0,0,0,0,0.00199880071956826,0,0,0.00119928043174096,9.9940035978413e-05,0,0.00729562262642415,0,0,9.9940035978413e-05,0.000899460323805717,0,0.00149910053967619,0,0,0,0,0,0,0.00379772136717969,0.0158904657205677,0,0,0,0,0.00479712172696382,0,0,0.00139916050369778,0,0.00149910053967619,0,0,0.0022986208275035,0.00239856086348191,0,0.000399760143913652,0.0642614431341195,0,0,0,0.104737157705377,0,0,0,9.9940035978413e-05,0.000999400359784129,0,0,0,0,0,0,0,0.000999400359784129,0,0,0,0,0,0,0,0.000999400359784129,0.00469718169098541,9.9940035978413e-05,0,0,0,0,0,0,0.0053967619428343,0,0,0,0,0,0,0,0,0,0,0,0,9.9940035978413e-05,0,0,0,0,0.0185888466919848,0.00729562262642415,0,0,0,0,0.00159904057565461,0,0,0,0,0.00979412352588447,0,0,0.00829502298620828,9.9940035978413e-05,0,0,0,0,0.000399760143913652,0,0,0,0,0,0.0520687587447531,0,0,0,0,9.9940035978413e-05,0,0,0,0.000399760143913652,0,0.000199880071956826,0,0.00919448331001399,0.0174895062962223,0.035578652808315,0,0,0,0,0.000799520287827304,0,0,0,0,0.00529682190685589,0,0.0122926244253448,0,0,0,0,0,0.000899460323805717,0,0,0,0,0,0,0,0,0,0,0,0,0,0,0,0,0,0,0,0.0053967619428343,0,0.000899460323805717,0,0.00129922046771937,0,0,0.000399760143913652,0,0,0,0,0,0.00339796122326604,0,0.00369778133120128,0.0627623425944433,0,0,0,0.0718568858684789,0,0,0.135518688786728,0,0,0.0260843493903658,0,0,0,0,0,0.0022986208275035,0.010893463921647,0,0,0,0,0.00289826104337398,0.000499700179892065,0,0,0,0.0173895662602439,0
0,0,0,0,0,0,0,0,0,0.0210852403317678,0,0,0.00409713200759468,0,0.0225841910662536,0,0,0,0,0,0,0.023183771360048,0.00639552313380634,0.00279804137104027,0,9.9930048965724e-05,0,0,0.0139902068552014,0,0,0,0,9.9930048965724e-05,0,0,0.0121914659738183,0.0152892974917558,0.00449685220345758,0.000699510342760068,0.0116918157289897,0,0,0,0.00169881083241731,0.00349755171380034,0,0,0,0,0,0.000799440391725792,0,0,0,0,0,0,0,0,0,0.0145897871489957,0,0,0,0,0.0159888078345158,0,0,0,0,0,0,0,0,0,0,0,0,0,0,0,0,0,0,0.000699510342760068,0,0,0.00199860097931448,0,0,0.000899370440691516,9.9930048965724e-05,0,0,0.00319776156690317,0,0,0,9.9930048965724e-05,0,0,0,0,0,0,0,0.0921355051463975,0.0126911162186469,0,0,0,0,0.00229839112621165,0,0,0.00389727190966324,0,0,9.9930048965724e-05,0,0,0.00809433396622364,9.9930048965724e-05,0.00049965024482862,0.098830818427101,0,0,0,0.283101828719896,0,0.00399720195862896,0,0,0,0,0.0185869891076247,0,0,0,0.00109923053862296,0,0.00219846107724593,0,0,0,0,0,0,0.00719496352553213,0.000799440391725792,0,0,0,0,0.00139902068552014,0,0,0,0,0,0,0,0,0,0,0,0,0,0,0,0,9.9930048965724e-05,0,0,0,0,0,0,0,0,0,0,0,0,0,0,0,0,0,0,0.00269811132207455,0.000699510342760068,0,0,0.000299790146897172,0,0,0,0,0,0,0,0,0,0,0,0,9.9930048965724e-05,0.00529629259518337,0,0,0,0,0.00109923053862296,0,0,0,0.0195862895972819,0,0,0,0,0,0,0,0,0,0.00759468372139502,0,0.0078944738682922,0,0,0.0529629259518337,0,0,0,0,0,0,0,0.00219846107724593,0,0,0,0,9.9930048965724e-05,0,0,0,0,0,0,0,0,0,0,0,0,0.00109923053862296,0,0,0,0,0,0,0,0,0,0.0280803437593684,0,0,0.0357749575297292,0,0.00049965024482862,0,0,0,0,0.023183771360048,0,0.000399720195862896,0.0294793644448886,0,0,0,0,0.000399720195862896,0,0,0,0,0,0,0.0414709703207755,0,0.000699510342760068,0,0,0.0189867093034876,0
0,0,0,0,0,0,0,0.0017003400680136,0,0,0,0,0,0.0411082216443289,0.000700140028005601,0.000700140028005601,0,0,0,0,0.0001000200040008,0.0018003600720144,0,0.001000200040008,0,0,0,0,0.003000600120024,0,0,0,0,0.01000200040008,0,0,0.0021004200840168,0.0187037407481496,0,0,0,0,0,0,0,0,0,0,0.000500100020004001,0,0,0,0,0,0,0,0,0,0.000400080016003201,0.020504100820164,0,0.0014002800560112,0,0,0,0,0.000900180036007201,0,0,0,0.000900180036007201,0,0,0.000600120024004801,0,0.0209041808361672,0,0.0002000400080016,0,0.0019003800760152,0,0.00520104020804161,0,0,0.00940188037607522,0,0,0,0,0.00250050010002,0,0.00830166033206641,0.000600120024004801,0,0.00390078015603121,0,0,0,0.0014002800560112,0,0,0,0,0,0.0001000200040008,0,0,0.0239047809561912,0,0.00320064012802561,0,0,0,0.000400080016003201,0,0,0,0.001000200040008,0.0027005401080216,0.00870174034806961,0,0,0,0.0002000400080016,0.00730146029205841,0,0,0,0,0,0,0.0001000200040008,0,0,0,0,0.0031006201240248,0,0,0,0.0003000600120024,0,0,0,0,0,0,0,0,0.000800160032006401,0.000600120024004801,0,0,0.0029005801160232,0.0002000400080016,0,0,0,0,0.013502700540108,0,0,0,0,0,0,0,0,0.0002000400080016,0,0,0,0.0002000400080016,0,0,0,0.0014002800560112,0,0,0,0,0,0,0.0001000200040008,0.001000200040008,0,0,0,0,0,0,0.00410082016403281,0.0001000200040008,0.0001000200040008,0,0.0001000200040008,0.001000200040008,0,0,0,0,0,0,0.266053210642128,0,0.001000200040008,0,0,0.0001000200040008,0.0001000200040008,0,0,0,0,0.0012002400480096,0,0.0358071614322865,0.0236047209441888,0.0001000200040008,0,0.0019003800760152,0,0,0,0,0,0,0,0.00730146029205841,0.00490098019603921,0.0021004200840168,0.000400080016003201,0,0.00810162032406481,0,0,0,0,0,0,0,0,0,0.0003000600120024,0,0.0023004600920184,0,0,0,0,0,0,0,0,0.001500300060012,0.001000200040008,0.000700140028005601,0,0,0,0.00250050010002,0,0,0,0,0,0,0,0,0.00540108021604321,0,0,0.00810162032406481,0,0,0,0,0,0.000500100020004001,0.30876175235047,0,0,0.0671134226845369,0,0,0,0,0,0.00580116023204641,0,0,0,0,0,0.0021004200840168,0,0.000400080016003201,0,0,0.0031006201240248,0
0,0,0,0,0.00689586248251049,0,0,0,0,0,0,0,0,0,0.000699580251848891,0.00149910053967619,0,0,0,0,0,0.0189886068358985,0,0,0,0.00499700179892065,0,0,9.9940035978413e-05,0,0.000699580251848891,0,0,0.00109934039576254,0,0,0.000199880071956826,0,0.00169898061163302,0,0.00269838097141715,0.00119928043174096,0,0.00199880071956826,0.000599640215870478,0.00129922046771937,0,0,0,0,0,0.0022986208275035,0,0.000199880071956826,0.00109934039576254,0,0,0,0,0.0247851289226464,0,0.0118928642814311,0.000699580251848891,0,0,0,0.00809514291425145,0.000199880071956826,0,0.010893463921647,0.000499700179892065,0,0,0.00449730161902858,0,0,0,0,0,0,0,0.010893463921647,0.004597241655007,0.000499700179892065,0,0,9.9940035978413e-05,0,0.000899460323805717,0.00739556266240256,0,0,9.9940035978413e-05,0,0.000899460323805717,0,0,0,0.000699580251848891,0,0,0,0,0.00279832100739556,0,0,0.00479712172696382,9.9940035978413e-05,0.0176893863681791,0,0,0,0,0,9.9940035978413e-05,0,0,0,0.0061962822306616,0,0,0.00449730161902858,0,0.00209874075554667,0.004597241655007,0.114431341195283,0,0,0,0.0666600039976014,0.000699580251848891,0.000399760143913652,0.00179892064761143,0,0,0,9.9940035978413e-05,0,0,0,0,0,0,0,0.00219868079152508,0,0.00109934039576254,0,0,0,0.000299820107935239,0.004597241655007,0,0,9.9940035978413e-05,0,0,0,0.0124925044973016,0.00169898061163302,0,0,0,0.248350989406356,0,0,0,0.000299820107935239,0.000199880071956826,0,0,0,0,0,0,0,0,0,0.00519688187087747,0,0,0,0,0,0,0,9.9940035978413e-05,0,0,0,0.00149910053967619,0.00799520287827304,0,0,0,9.9940035978413e-05,0,0,0,0,0,0,9.9940035978413e-05,0.00689586248251049,0,0.0203877673395962,0,0,0,0.000199880071956826,0.00399760143913652,0,0,0,0.00409754147511493,0,0,0.0119928043174096,0,0,0,0,0,0,0,9.9940035978413e-05,0.00409754147511493,0,0.000399760143913652,0.00149910053967619,0.0126923845692584,0,0,0.0519688187087747,0,0,0,0,0,0,0,0,0,9.9940035978413e-05,0.00109934039576254,0.0193883669798121,0,0,0,0,0,0,0,0,0.00189886068358985,0.00289826104337398,0.0161902858285029,0,0.000299820107935239,0.000299820107935239,0,0,0,0,0,0.000299820107935239,0,0,0,0.00189886068358985,0,0.00119928043174096,0.0130921447131721,9.9940035978413e-05,9.9940035978413e-05,0,0,0,0,0.125624625224865,0,0,0.00519688187087747,0,0,0,0,0,0.0102938237057765,0.00859484309414351,0,0,0,0,0.00409754147511493,0,0,0,0,0.0197881271237258,0
0,0,0,9.98103603154007e-05,0,0,9.98103603154007e-05,0,0,0.0116778121569019,0.0225571414312806,0,0,0,0.0950194630202615,0,0.0195628306218185,0,0,0,0.000499051801577004,0,0,9.98103603154007e-05,0,0.101407326080447,0,0,9.98103603154007e-05,0.00359317297135443,9.98103603154007e-05,0.0185647270186645,0,9.98103603154007e-05,0,0,0.000399241441261603,9.98103603154007e-05,0.00399241441261603,0,0.0116778121569019,0,0,0.000499051801577004,0.00169677612536181,0.00648767342050105,0,0,0,0,0.00329374189040822,0.00489070765545464,0.000299431080946202,0,0,0,0.00199620720630801,0,0,9.98103603154007e-05,0.00369298333166983,0.000399241441261603,0,0,0.000199620720630801,0.00179658648567721,0,0.00119772432378481,0,0.0144725022457331,0,0,0,0.0223575207106498,0,0,0,0,0,0.00309412116977742,0,0,0,0,0,0.000598862161892404,9.98103603154007e-05,0,0,0,0,9.98103603154007e-05,9.98103603154007e-05,0,0.000598862161892404,0,0,0,0,0,0,0.0258508833216888,0,0,0,0,0,0.00129753468410021,0.00239544864756962,0,0.000299431080946202,0,0,0.00608843197923944,0,0,0,0,0.00129753468410021,9.98103603154007e-05,0,0,0,0,0.00409222477293143,0.0980137738297235,0,0,0,0.213793791795588,0,0.00558938017766244,0,0,0.000598862161892404,0,9.98103603154007e-05,0,0,0,0.0215590378281266,0.000299431080946202,0.000798482882523206,0,0,0,0,0,0,0,0.000499051801577004,0.000299431080946202,0,0,0,0,0,0,0,0.000399241441261603,0.000199620720630801,0,0,0,0,0,0,9.98103603154007e-05,0,0,9.98103603154007e-05,0,0,0,0,0,0,0.000898293242838607,0,9.98103603154007e-05,0,0,0,0.00409222477293143,0.000299431080946202,0,0.00449146621419303,0,0,0,0,0.00159696576504641,9.98103603154007e-05,9.98103603154007e-05,0,0,0,0,0,0,0,0.000698672522207805,0,0,0,0.000199620720630801,0,0,0.000199620720630801,0.000499051801577004,0.000499051801577004,0,0,0,9.98103603154007e-05,0,0,0,0.000199620720630801,0,0.00678710450144725,0,0,0,0,0.00149715540473101,0,0,0.00688691486176265,0,0.0169677612536181,0,0,0.0260505040423196,0,0,0,0,0,0,0,0,0,0,0.000399241441261603,9.98103603154007e-05,0,0,0,0,0,0,9.98103603154007e-05,0,0,0.000798482882523206,0.000598862161892404,0,0,0.000698672522207805,0,0,0,9.98103603154007e-05,0.000998103603154007,0,0,0,0,0.082942409422098,0,0.00519013873640084,0.0879329274378681,0,0.000798482882523206,0,0,0,9.98103603154007e-05,0.000698672522207805,0,0,0.000199620720630801,0,0,0,0,0,0,0.00179658648567721,0,0,0,0,0,0,0.000898293242838607,0,0,0.00199620720630801,0
0,9.99700089973008e-05,0,0,0,0,9.99700089973008e-05,0.000899730080975707,0,0,0,0,0,0.0315905228431471,0.000599820053983805,0,0,0,0,0,0,0.00259922023392982,0,0.000199940017994602,0,0.231130660801759,0,0,0.00139958012596221,0,0,0,0,0.00549835049485154,0,0,0.00919724082775168,0,0,9.99700089973008e-05,0,0,0,0,0,0.0175947215835249,0,0.000499850044986504,0,0,0,0,0,0,0,0,0,0,0,0.0300909727081875,0,0.0106967909627112,0,0.015295411376587,0,0.000599820053983805,0.0249925022493252,0,0,0,0.00189943017094872,0,0,0,0,0,0,0,0,0,0,0,0,0,0,0.00609817054883535,9.99700089973008e-05,0,0,0.00319904028791363,0,0,0.000199940017994602,0,0,0,0.000199940017994602,0,0.00449865040487854,0,0,0.00199940017994602,0,0,0.00129961011696491,0,0,0.0241927421773468,0,0,0,0,0,0.00329901029691093,0,0.00149955013495951,0,0,0.0151954413675897,0,0,0,0,0,0.0131960411876437,0.00309907027891633,0,0,0.000199940017994602,0,0,0.000699790062981106,0,0,0,0,0.0532840147955613,0,0,0,0.00159952014395681,0,0,0,0,0,0,0,0,0,0.00109967009897031,0.00109967009897031,0,0,0,0,0,0,0,0.00619814055783265,0,0,0,9.99700089973008e-05,0,0,0,0,0,0,0.00119964010796761,0,9.99700089973008e-05,0,0,0,0,0.00119964010796761,0.0659802059382185,0,0,0,0,0,0,0,0,0,0,0,0,0.00719784064780566,9.99700089973008e-05,0,0,0,0,0,0,0,0,0,0,0.00969709087273818,0,0.00419874037788663,9.99700089973008e-05,0,9.99700089973008e-05,0.000499850044986504,0.000399880035989203,0,0,0,0,0,0.0488853343996801,0,0.00189943017094872,0.000599820053983805,0,0.00149955013495951,0,0,0,0.00219934019794062,0,0,0.00839748075577327,0,0,0,0,0.0904728581425572,0,0,0,0,9.99700089973008e-05,0.00649805058482455,0,0,0,0,0,0,0,0,0,0,0.00289913026092172,0.000199940017994602,0,0,0,0.0230930720783765,0.000499850044986504,0,0,0,9.99700089973008e-05,0,0,0.00169949015295411,0,0,0,0,0,0.0101969409177247,0,0,0.0149955013495951,0,0.000399880035989203,0,0.00309907027891633,0,0,0.111966410076977,0,0,0.0243926821953414,0,0,0,0,9.99700089973008e-05,0,0,0,0,0,0,0.00609817054883535,0,0.00159952014395681,0,0,0.0198940317904629,0
0,0,0,0,0,0,0,0,0,0,0,0,0,0,0.0021002100210021,0,0,0,0,0,0,0,0,0.005000500050005,0,0.137813781378138,0,0,0,0.0006000600060006,0.0104010401040104,0,0,0,0,0,0,0.0251025102510251,0,0,0,0,0,0,0,0,0,0,0,0,0.0011001100110011,0,0,0,0,0,0,0,0,0,0,0,0,0,0,0,0,0,0,0,0,0,0,0,0,0,0,0,0,0.0126012601260126,0,0,0.0107010701070107,0,0,0,0.0002000200020002,0,0,0,0,0.0013001300130013,0,0,0,0.0047004700470047,0,0.0001000100010001,0,0,0,0,0,0,0.0001000100010001,0,0,0.177717771777178,0,0,0,0,0,0.0116011601160116,0,0,0,0,0.0033003300330033,0,0,0,0,0.0012001200120012,0,0,0,0,0,0,0,0,0,0,0,0,0,0,0,0,0.0003000300030003,0,0,0,0,0.0004000400040004,0.0001000100010001,0,0,0,0.0002000200020002,0,0,0,0,0,0,0,0,0,0,0,0,0.116011601160116,0,0,0,0,0,0,0.0001000100010001,0,0,0,0,0,0,0,0.0245024502450245,0,0,0,0,0,0,0,0,0,0,0,0,0,0.0014001400140014,0,0,0,0,0,0,0,0,0,0,0,0.0293029302930293,0.0007000700070007,0,0,0,0.003000300030003,0,0.0069006900690069,0,0,0,0,0.0392039203920392,0,0,0,0.0056005600560056,0.0036003600360036,0,0,0,0,0,0,0,0,0,0,0,0.0515051505150515,0,0,0,0.0001000100010001,0,0,0,0,0,0,0.0001000100010001,0.0002000200020002,0,0,0,0,0,0,0,0,0,0,0,0,0,0.0002000200020002,0,0,0,0,0,0,0,0,0.0006000600060006,0.0079007900790079,0,0,0.0141014101410141,0,0,0,0,0,0,0.287828782878288,0,0,0,0,0,0,0,0,0,0,0,0,0.0001000100010001,0,0,0,0.0004000400040004,0,0,0,0
0,0,0,0,0.0218781218781219,0.00849150849150849,9.99000999000999e-05,0,0,0.0273726273726274,0.0033966033966034,0,0.0104895104895105,0,0.002997002997003,0,0.0021978021978022,0,0.0186813186813187,0,0,0,0.002997002997003,0,0,0.023976023976024,0,0,0,0.0010989010989011,0,0,0.00539460539460539,0.0004995004995005,0,0,0,0.000699300699300699,0.0021978021978022,0,0.0120879120879121,0,0,0,0.0014985014985015,0,0,0,0,0,0.00859140859140859,0,0,0,0,0,0,0.0004995004995005,0,0,0,0,0.0012987012987013,0.0002997002997003,0.00639360639360639,0,0.004995004995005,0.00569430569430569,0,0,0,0,0.000699300699300699,0,0,0.00849150849150849,0,0,0,0.0017982017982018,0,0.0107892107892108,0,0,0,0,0,0,0.0021978021978022,0,0,0.0020979020979021,0.0003996003996004,0,9.99000999000999e-05,0,0,0,0,9.99000999000999e-05,0,0,0,0,0,0,0,9.99000999000999e-05,0.0101898101898102,0.0024975024975025,0.0040959040959041,0,0,0,0,0,0,0.000999000999000999,0,0,0,0,0,0.0001998001998002,0,0.0843156843156843,0,0,0,0.221878121878122,0,0,0,0,0,0,9.99000999000999e-05,0,0,0,9.99000999000999e-05,0,0.0010989010989011,0,0.0110889110889111,0,9.99000999000999e-05,0,0,0,0,0,0,0,0.000799200799200799,0,0,0,0,0,0,0,0,0,0,0,0,0,0,0,0,9.99000999000999e-05,0,0,0,0,0,0,0,0,0,0,0,0,0,0.0012987012987013,0,0,0,0,0,0.0002997002997003,0.0003996003996004,0,0,0,0,0,0,0,0,0,0,0,0,0.0001998001998002,9.99000999000999e-05,9.99000999000999e-05,0,0.0003996003996004,0,0,0,0,0,0,0,0.0034965034965035,0.0014985014985015,0,0,0,0,0,0,0,0,0,0,0,0,0,0,0.0178821178821179,0,0,0.0003996003996004,0,0,0.0125874125874126,0,0,0,0,0,0,0,0,0,0.0003996003996004,0,0,0,9.99000999000999e-05,0.000999000999000999,0.0001998001998002,0,0,0,0.000799200799200799,0,0,0,0,0.0274725274725275,0,0,0,0.0301698301698302,0.181318681318681,0,0,0.0142857142857143,0.000699300699300699,0,0,0,0.0001998001998002,0.0002997002997003,0.162537462537463,0,0,0,0,0,0,0,0,0,0,0,0.0012987012987013,9.99000999000999e-05,0,0.000999000999000999,0,0.0012987012987013,0,0,0,0
0,0,0,0,0.0196803196803197,0,9.99000999000999e-05,0,0,0.0042957042957043,0.0035964035964036,0.0052947052947053,0,0,0.0021978021978022,0,0,9.99000999000999e-05,0.0118881118881119,0.0001998001998002,9.99000999000999e-05,0.00759240759240759,0.0010989010989011,0,0,0.0125874125874126,0.000599400599400599,0,0.0304695304695305,0,0,0,0,0.0010989010989011,0,0,0,0.000899100899100899,0.0011988011988012,0,0.00579420579420579,0.0012987012987013,0,0.000999000999000999,0.003996003996004,0.00739260739260739,0,9.99000999000999e-05,0,0,0.002997002997003,9.99000999000999e-05,0,0,0.0001998001998002,0,0,0,0,0.00629370629370629,0.0052947052947053,0.0013986013986014,0,0,0,0.010989010989011,0,0.00769230769230769,0,0,0.0004995004995005,0.0002997002997003,9.99000999000999e-05,0.000599400599400599,0,0.0217782217782218,0,0,0,0.00599400599400599,0.0011988011988012,0.0111888111888112,0.0171828171828172,0.000599400599400599,0,0,0,0,0,0.00589410589410589,0,0,0,0,0.000699300699300699,0,0,0,0.000599400599400599,0,0,0,0,0.0001998001998002,0,0,0.0040959040959041,0.0043956043956044,0.00629370629370629,0.0300699300699301,0.000699300699300699,0.000599400599400599,0,0,0,0,0,0.0001998001998002,0.0027972027972028,0,0,0,0.0032967032967033,0,0.0001998001998002,0.0487512487512488,0,0,0.000799200799200799,0.0764235764235764,0.00969030969030969,9.99000999000999e-05,9.99000999000999e-05,0,0.000999000999000999,0,0.0311688311688312,0,9.99000999000999e-05,0,0.0001998001998002,0,0.000799200799200799,0,0.00609390609390609,0,0.000999000999000999,0.0002997002997003,0,0,0.000899100899100899,0.000799200799200799,0,0,0,0,0,0,0,0.0001998001998002,0,0,0.0001998001998002,0.0267732267732268,0,0,9.99000999000999e-05,0.0002997002997003,0,0.0001998001998002,0.0012987012987013,0,0.000899100899100899,0,0,0,0,9.99000999000999e-05,0.0182817182817183,0.0001998001998002,0.00679320679320679,0,0,0,0.0020979020979021,0,0,0,0.00719280719280719,0,0,0.0003996003996004,0.0001998001998002,0.000899100899100899,0.0016983016983017,0,0,0,0,0.0607392607392607,0,0,0,0.124775224775225,0,0.0017982017982018,0.0004995004995005,0,9.99000999000999e-05,0.0186813186813187,9.99000999000999e-05,0.0024975024975025,0.0011988011988012,0.0001998001998002,0.0001998001998002,0,0.0223776223776224,0.001998001998002,0,0.0002997002997003,0,0.0045954045954046,0.00939060939060939,0.000599400599400599,0,0,0.001998001998002,0,0.001998001998002,0,0.0014985014985015,0,0,0.0242757242757243,0,0,0,0.0001998001998002,9.99000999000999e-05,0.0004995004995005,0.000799200799200799,0,0,0.0014985014985015,0,0,0,0,0.0001998001998002,0,0.0052947052947053,9.99000999000999e-05,0.0010989010989011,9.99000999000999e-05,0.0001998001998002,0.0141858141858142,0.0003996003996004,0,0.0001998001998002,0.0002997002997003,0,0,0,0.0025974025974026,0.00589410589410589,0,0,0.0034965034965035,0.0010989010989011,0.0827172827172827,0,0.0001998001998002,0.0155844155844156,0.0002997002997003,0,0,0,0.0001998001998002,0.001998001998002,9.99000999000999e-05,0,0,0.0357642357642358,0,0,0,0,0.0010989010989011,0.0026973026973027,0.0020979020979021,0,0,0.000699300699300699,0,0,0.0002997002997003,0.0018981018981019,0.0118881118881119,0,0.0004995004995005,0.000799200799200799
0,0,0,0.000699021370081885,0,0,9.98601957259836e-05,0,0,0,9.98601957259836e-05,0,0,0,0.00109846215298582,0,0,0,0,0,0,0,0,0,0,0,0,0,0,0.000199720391451967,9.98601957259836e-05,0,0,0,0,0,0,0,0,0,0,0,0,0,0,0.000199720391451967,0,0,0,9.98601957259836e-05,9.98601957259836e-05,0,9.98601957259836e-05,0,0,9.98601957259836e-05,0,0,0,0,0,0,0,0,0,0,0,0,0.00768923507090074,0,9.98601957259836e-05,0,0,0,0,0,0,0,0,0,0,0,0.00129818254443779,0,0.00109846215298582,0.00199720391451967,0.00798881565807869,0,0,0,0,0,0.0109846215298582,0,0,0,0,0,0,0,0,0,0,0,0,0,0,0.299281006590773,0,0,0.000599161174355902,0,0,0,0,0,0,0.000199720391451967,0,0,0,0,0,0,0,0,0,0,0,0.0048931495905732,0,0,0,0,0,0,0,0,0,0,0,0,0,0,0,0,0,0,9.98601957259836e-05,0,0,0.000399440782903934,0,0,0,0,0,0,0,0.0011983223487118,0,0,0,0,0.00389454763331336,0,0,0,0,9.98601957259836e-05,0,0,0,0,0.000499300978629918,0,0,0,0,0,0,0,0,9.98601957259836e-05,9.98601957259836e-05,0,0,0,0,0,0,0.000199720391451967,0,0,0.00149790293588975,0,0,0,9.98601957259836e-05,0.000199720391451967,0,0,0,0,0,0,9.98601957259836e-05,0,0,0.000199720391451967,0,0,0,0,0,0,0,0,0,0,0.000199720391451967,0,0,0,0,9.98601957259836e-05,0,0,0,0,0.00139804274016377,0.000199720391451967,0,0.00369482724186139,0,0,9.98601957259836e-05,0,0,0,0,0,0.000998601957259836,0,0,0,0,0,0,0,0,0,0,9.98601957259836e-05,0,0.000399440782903934,0.0114839225084881,0,9.98601957259836e-05,0,0,0,0,0,9.98601957259836e-05,0,0,0,0,0.592570401437987,0,9.98601957259836e-05,0.0397443578989415,0.000199720391451967,9.98601957259836e-05,0,0,9.98601957259836e-05,0,0,9.98601957259836e-05,0,0,0,0,0,0,0,0,0,0.000299580587177951,0.000199720391451967,0,0,0,0,0,0,0,0,0
0,0,0,0.0017998200179982,0,0,0,0,0,0,0,0,0,0,0,0,0,0,0,0,0,0,0,0.0002999700029997,0,0.413158684131587,0,0,0,0,0,0,0,0,0,0.0003999600039996,0.053994600539946,0.0293970602939706,0,0,0.0003999600039996,0,0,0,0,0.111988801119888,0,0,0,0,0,0,0,0,0,0,0,0,0,0,0,0,0,0,0,0,0,0,0.000999900009999,0,0,0,0,0,0,0.0002999700029997,0,0,0,0,0,0,0,0,0,0,0.0001999800019998,0,0,0,0.07999200079992,0,0,0,0,0,0,0,0,0,0,0,0,0,0,0,0,0.102989701029897,0,0,0,0,0,0,0,0,0,0.0010998900109989,0,0.0092990700929907,0,0,0,0,0,0,0,0,0,0,0,0,0,0,0,0.0001999800019998,0,0,0,0,0.0011998800119988,0,0,0,0,0,0,0,0,0,0,0,0,0,0,0,0,0,0,0.0020997900209979,0,0,0,0,0,0,0,0,0,0,0,0,0,0,0,0,0,0,0,0,0,0,0,0,0,0,0,0,0,0,0,0.0452954704529547,0,0,0,0,0,0,0,0,0,0,0,0,0.065993400659934,0,0,0,0,0,0,0,0,0,0,0,0,0,0,0,0,0,0,0,0,0,0,0,0,0,0,0,0,0.0125987401259874,0,0,0,0,0,0,0,0,0,0,0,0,0,0,0,0,0,0,0,0,0,0,0.0013998600139986,0,0,0,0,0,0,0,0,0,0,0,0,0.0232976702329767,0,0,0.0068993100689931,0,0,0,0,0,0,0.0342965703429657,0,0,0,0,0,0,0,0,0,0,0,0,0,0.0003999600039996,0,0,0,0,0,0,0
0,0,0,0,0.00810324129651861,0,0.000200080032012805,0,0,0.00890356142456983,0.0146058423369348,0,0,0,0,0,0,0,0,0,0,0.00330132052821128,0.00200080032012805,0,0,0.085734293717487,0,0,0,0,0,0,0,0,0,0,0,0.00230092036814726,0,0,0.00820328131252501,0,0,0.00110044017607043,0.00120048019207683,0.00920368147258904,0,0,0,0,0,0,0,0,0,0.000300120048019208,0,0,0.000500200080032013,0.0352140856342537,0,0.0243097238895558,0.0105042016806723,0,0.00470188075230092,0,0,0.00120048019207683,0,0.00960384153661465,0,0,0,0,0,0,0,0,0,0.0123049219687875,0,0,0,0,0,0,0,0,0,0,0,0.000200080032012805,0,0,0.00200080032012805,0,0,0,0.000100040016006403,0,0.00040016006402561,0,0,0,0.00100040016006403,0,0,0.00980392156862745,0.00250100040016006,0.000300120048019208,0.00100040016006403,0,0,0,0,0,0,0.00040016006402561,0,0,0,0,0,0,0.023109243697479,0.0263105242096839,0,0,0,0.070828331332533,0,0,0,0,0.00150060024009604,0,0,0,0,0,0,0,0.00310124049619848,0,0.00550220088035214,0,0,0,0,0,0,0,0,0,0,0,0,0,0,0.0133053221288515,0,0,0,0.000200080032012805,0,0,0,0,0,0,0,0.00290116046418567,0.000100040016006403,0,0,0,0,0,0.0679271708683473,0,0,0,0,0.000100040016006403,0.00140056022408964,0,0.000100040016006403,0,0,0,0,0.0143057222889156,0,0,0,0,0,0,0,0,0,0,0,0,0.0602240896358543,0.0646258503401361,0,0,0,0,0,0,0.00120048019207683,0,0,0,0.0423169267707083,0,0,0.000200080032012805,0.00530212084833934,0,0,0,0,0,0,0,0.000700280112044818,0,0.00800320128051221,0,0,0.039015606242497,0,0,0,0,0,0,0,0,0,0,0,0.000100040016006403,0,0,0,0,0,0,0,0,0,0,0,0,0,0,0.00240096038415366,0,0,0.000300120048019208,0,0,0,0,0.00100040016006403,0.000200080032012805,0.00320128051220488,0.00570228091236495,0.0265106042416967,0,0,0,0,0,0.00040016006402561,0.20688275310124,0,0,0.0325130052020808,0,0,0,0,0,0,0.00730292116846739,0,0,0,0,0,0,0,0,0,0,0
0,0,0,0,0.0109967009897031,0,0,0,0,0.00529841047685694,0.00799760071978406,0,0.00119964010796761,0,0.00369889033290013,0,0.00109967009897031,0,0,0,0,0.00719784064780566,0.00429871038688393,0,0,0.0234929521143657,0,0,0.000399880035989203,0,0,0.0107967609717085,9.99700089973008e-05,0.000999700089973008,0,0,0,0.00309907027891633,0.00129961011696491,0,0.00999700089973008,0,0,0,0.00459862041387584,0,0,0,0,0,0.00849745076477057,0.000599820053983805,0,0,0.00109967009897031,0,0,0,0,0.00849745076477057,0,0.0136958912326302,0.000899730080975707,0,0.0192942117364791,0.0100969709087274,0.0113965810256923,0.00209937018894332,0,0,0.000199940017994602,0,0.000299910026991902,0.0150954713585924,0,0,0,0,0,0,0,0.0286913925822253,0,0,0,0,9.99700089973008e-05,0,0.00139958012596221,0.0111966410076977,0,9.99700089973008e-05,9.99700089973008e-05,0,0.000299910026991902,0.000599820053983805,0,0,0.00119964010796761,0.000499850044986504,0,0,0,0,0.00229931020693792,0,0.00189943017094872,0.00729781065680296,0.0133959812056383,0.00139958012596221,0,0,0,0.0115965210436869,0.000899730080975707,0,0.00219934019794062,0,0.0121963410976707,0,0,0.00829751074677597,0.00209937018894332,9.99700089973008e-05,0,0.140457862641208,0,0,0,0.12186344096771,0,0,0,9.99700089973008e-05,0,0,0,0,0,0,9.99700089973008e-05,0,0.00189943017094872,0,0,0,0.00109967009897031,0,0,9.99700089973008e-05,0.00419874037788663,0,0,0,0.000199940017994602,0,0,0,0.0144956513046086,0.00289913026092172,0,0,0,0,0,0,0,0,0,0,0,0,9.99700089973008e-05,0,0,0,0,0.00209937018894332,0.0784764570628811,0,0.00609817054883535,0,0,0,0,0,0,0,0,0,0,0.00599820053983805,0,0,0,0,0,0,0,0,0,0,0,0.00799760071978406,0,0.0101969409177247,0,0,0,0,0,0,0.00139958012596221,0,0,0,0.0193941817454764,0,0,0,9.99700089973008e-05,0,0,0,0,0.000499850044986504,0,0,0.00129961011696491,0,0.0133959812056383,0,0,0.00939718084574628,0,0,0,0,0,0,0,0,0,0,0,0,0,0,0,0,0.00829751074677597,0,0.00179946016195141,0,0,0.000199940017994602,0.00159952014395681,0,0.000399880035989203,0.0261921423572928,0.00129961011696491,0,0,0,0,0,0.000799760071978406,0,0,0.000399880035989203,0,0,0.00119964010796761,0,0,0,0,0,0.000399880035989203,0.188643406977907,0,0,0.00919724082775168,0,0,0,0,0,0.00389883035089473,0.00149955013495951,0,0,0,0,0.00189943017094872,0,0.000499850044986504,0.00519844046785964,0,0.00649805058482455,0
0,0,0.00039984006397441,9.99600159936026e-05,0.0208916433426629,0.00469812075169932,0,0,0,0.0117952818872451,0.00439824070371851,0,0,0,0,0.000699720111955218,0,0,0.00749700119952019,0,0,0.0128948420631747,0,0,0,0.0119952019192323,0,0,0,0.0101959216313475,0.0788684526189524,0,0,0.00459816073570572,0,0,0.00219912035185926,0,0.00189924030387845,0,0.00489804078368653,0,0,0,0.000499800079968013,0.00179928028788485,0,0,0,0,0.00529788084766094,0,0,0.000199920031987205,0.00369852059176329,9.99600159936026e-05,0,0,0,0.0244902039184326,0.00459816073570572,0,0,0,0,0,0.00289884046381447,0,0,0.000299880047980808,0.00459816073570572,9.99600159936026e-05,9.99600159936026e-05,0.0107956817273091,0,0,9.99600159936026e-05,0,0,0.0193922431027589,0,0,0,0,0,0,0,0,0.00139944022391044,0,0,0,0,0.000599760095961615,0,0,0,0,0.00139944022391044,0,0,0,9.99600159936026e-05,0.00139944022391044,0,9.99600159936026e-05,0,0.00139944022391044,0.0264894042383047,0,0,0,0,0,0.00159936025589764,0,0.00139944022391044,0,0,0,0,0,0.0115953618552579,0,0.00569772091163535,0.0188924430227909,0,0,0,0.111355457816873,0,0.000999600159936026,0,0,0,0,0,0,0,0,9.99600159936026e-05,0,0.00109956017592963,0,0.00549780087964814,0,9.99600159936026e-05,0.00079968012794882,9.99600159936026e-05,0,0.00139944022391044,0,0,0.000199920031987205,0,0,0,0,0,0.00569772091163535,0,0,0,0.0282886845261895,0,0,0,0,9.99600159936026e-05,0,0.00039984006397441,0,0,0,0,0,0.000199920031987205,0.0107956817273091,0.0498800479808077,0,0,0,0,0.00159936025589764,0.000499800079968013,0,0,0,0,0,0.00199920031987205,0.014594162335066,0,0,0,0,0,0,0,0,0,0,0,9.99600159936026e-05,0,0.00039984006397441,0,0,0,0.000199920031987205,0,0,0,0,0,0,0,0,0.0126949220311875,0,0.00749700119952019,0,0,0,0,0,0.00039984006397441,0,0,0.00209916033586565,0,0,0,0.0870651739304278,0,0,0.000199920031987205,0,0,0,0,0,0,0,0,0,0.0156937225109956,0,0,0,0,0,0,0,0.00039984006397441,0,0,0,0,0,0,0,0,9.99600159936026e-05,9.99600159936026e-05,0,0,0,0.00419832067173131,0.000999600159936026,0,0.0076969212315074,0.00809676129548181,0,0,0,0,0,0.0037984806077569,0.2328068772491,0,0,0.0333866453418633,0,0,0,0,0,0,0,0,0,0.00039984006397441,0,0.00129948020791683,0,0.000199920031987205,0,0,0.0153938424630148,0
0,0,0,0,0,0,0,0.0022002200220022,0,0,0,0,0,0,0.0014001400140014,0,0,0,0,0,0,0.0009000900090009,0,0,0,0.0377037703770377,0,0,0,0.001000100010001,0.0082008200820082,0,0,0.0028002800280028,0,0,0.0006000600060006,0.0004000400040004,0,0,0,0.0002000200020002,0,0,0,0.0233023302330233,0,0,0,0,0,0,0,0,0,0,0,0,0,0.0269026902690269,0.0002000200020002,0,0,0.0009000900090009,0,0,0.074007400740074,0,0,0,0,0,0,0,0,0,0,0,0,0.0113011301130113,0,0.0006000600060006,0.0178017801780178,0,0.0123012301230123,0,0,0,0,0,0,0.0003000300030003,0.0003000300030003,0,0,0,0,0,0,0,0,0,0,0,0,0,0.0199019901990199,0.0248024802480248,0,0.0025002500250025,0,0,0,0.0155015501550155,0,0,0,0,0.0028002800280028,0.0001000100010001,0,0,0,0.0002000200020002,0.002000200020002,0,0,0,0,0,0.0038003800380038,0.14021402140214,0,0.0001000100010001,0,0,0.0002000200020002,0,0,0,0.009000900090009,0,0,0,0,0,0,0.0012001200120012,0,0,0.001000100010001,0,0,0.0002000200020002,0,0,0,0,0,0.051005100510051,0,0.0016001600160016,0,0.236623662366237,0,0,0,0,0,0,0.0004000400040004,0,0.0191019101910191,0,0,0,0,0,0,0,0,0,0,0,0.0018001800180018,0,0,0,0,0,0,0.0033003300330033,0.0002000200020002,0,0,0,0,0,0,0,0,0,0,0.0191019101910191,0,0.0013001300130013,0,0,0.0002000200020002,0,0,0,0,0,0.0008000800080008,0,0.0057005700570057,0.0054005400540054,0.0206020602060206,0,0.0073007300730073,0.0031003100310031,0,0,0,0,0,0,0.006000600060006,0,0.0419041904190419,0,0,0.0295029502950295,0,0,0,0,0,0,0,0,0,0,0,0,0.0018001800180018,0.0004000400040004,0,0,0,0,0,0,0.0014001400140014,0,0,0,0,0,0,0,0.0001000100010001,0,0,0,0,0,0,0.0052005200520052,0,0,0,0,0,0,0,0,0.0017001700170017,0.0355035503550355,0,0,0.0073007300730073,0,0,0,0,0.0309030903090309,0,0.0013001300130013,0,0,0,0,0.0097009700970097,0,0.0006000600060006,0,0,0.0023002300230023,0
0,0,0,0,0.00679728108756497,0.00509796081567373,0.000499800079968013,0,0,0,0,0,0,0.0118952419032387,0.0113954418232707,0,0.00189924030387845,0,0,0,0,0,0,0.00039984006397441,0,0.0148940423830468,0,0,0.000499800079968013,0.0162934826069572,0,0.0182926829268293,0,0.000599760095961615,0,0,0,0,0,0,0.00599760095961615,0,0,0,0.00079968012794882,0.0268892443022791,0,0,0,0,0.0526789284286285,0,0,0,0,0,0,0,0,0.0351859256297481,0.0132946821271491,0.0267892842862855,0.000999600159936026,0,0,0.00129948020791683,0.0190923630547781,0,0,0,0,0,0.000299880047980808,0.00759696121551379,0,0,0,0,0,0.0903638544582167,0,0.00729708116753299,0,0,0,0,0,0,0.00279888044782087,0,0,0.000999600159936026,9.99600159936026e-05,0,0,0,9.99600159936026e-05,0,0,0,0,0,0,0,0,0,9.99600159936026e-05,0.00459816073570572,0.0179928028788485,0.0039984006397441,0.00279888044782087,0,0,0,0,0,0,0,0.0110955617752899,0.0037984806077569,0,0,0.00269892043182727,0,0.00079968012794882,0.046781287485006,0,0,0,0.215413834466214,0,0.00199920031987205,0,0,0,0,9.99600159936026e-05,0,0,0,9.99600159936026e-05,0,0,0,0,0,0.00449820071971212,0,0,0,0.00169932027189124,0,0,0.000299880047980808,0,0,0,0,0,0,0,0,0,0,0,0,0.000299880047980808,0,0,0,0,0,0.000199920031987205,0,0,0,0,0,0,0.00079968012794882,0,0,0,0,0,0,0,0,0,0,0,0.0252898840463814,0,0,0,0,0,0,0,0,0,0,0,0,0,0.00669732107157137,0,0,0,0,0.000299880047980808,0,0,0,0,0,0,0,0.0182926829268293,0,0,0.00299880047980808,0,0,0,0,0,0,0,0,0.0104958016793283,0,0,0.0231907237105158,0,0,0,0,0,0.00169932027189124,0,0,0,0,0,0,0,0,0,0,0,0,0,0,0,0.0076969212315074,0.000299880047980808,0,0,0,0,0,0,0.00109956017592963,0,0,0,0,0,0.0183926429428229,0,0,0.00479808076769292,0,0,0,0,0,0,0.124950019992003,0,0,0.039484206317473,0,0,0,0,9.99600159936026e-05,0,0,0,0,0,0,0,0,0.00829668132746901,0,0,0.00469812075169932,0
0,0.00719856028794241,0,0,0,0,0.0011997600479904,0.0001999600079984,0,0,0,0,0,0,0.000499900019996001,0,0.000599880023995201,0,0,0,0.0001999600079984,0.000799840031993601,0,0.00619876024795041,0,0.0001999600079984,0,0,0.0025994801039792,0.00329934013197361,0.0651869626074785,0,0,0.00979804039192162,0,0,0.0002999400119976,0.0118976204759048,0.0001999600079984,0,0,0.0018996200759848,0,0,0,0.0608878224355129,0,0,0,0,0.0013997200559888,0,0,0,0.0031993601279744,0,0,0,0,0.0012997400519896,0.0011997600479904,9.99800039992002e-05,0,0,0,0,0.001999600079984,0,0,0.0031993601279744,0.0002999400119976,0,0,0,0,0,0,0,0,0.00829834033193361,0,0,0.0429914017196561,0,0,0,0,0,0,0.00689862027594481,0,0.00589882023595281,9.99800039992002e-05,9.99800039992002e-05,0,0,0,0,0.00969806038792242,0,0,0,0,0,0.001499700059988,0,0,0.0336932613477305,0,0,0,0,0,0.0435912817436513,0,0,0,0,0.000499900019996001,0.0001999600079984,0,0,0.000499900019996001,0,0.00769846030793841,0,0,0,0,0,0,0.0001999600079984,0,0,0,0.0141971605678864,0.000399920015996801,0,0,0,0.000499900019996001,0,0,0,0,0,0.0021995600879824,0,0,0,0.000499900019996001,0.0002999400119976,0,0.0001999600079984,9.99800039992002e-05,0,0,0,0,0,0,0,0,0,0,0,0.0026994601079784,0,0,0,0.000499900019996001,9.99800039992002e-05,0,0,0,0,0.000899820035992801,0.0011997600479904,0.0363927214557089,0,0,0,0,0,0,0,0,0,0,0,0,0.0275944811037792,0.0001999600079984,0.0002999400119976,0.00629874025194961,0,0,0,0,0.0698860227954409,0,0,0,0,0,0.002999400119976,0.000999800039992002,0,0.000499900019996001,0,0,0,0,0.000999800039992002,0.0002999400119976,0,0.0018996200759848,0.000899820035992801,0.00339932013597281,0,0,0.000799840031993601,0.0010997800439912,0,0,0,0,0,0.0002999400119976,0.000699860027994401,0.00389922015596881,0,0,0.0399920015996801,0,0,0.000799840031993601,0,0,0,0.00249950009998,0,0,0,0,0.00379924015196961,0,0,0,0,0,0.0002999400119976,0.0021995600879824,0,0.0027994401119776,0.0017996400719856,0.0012997400519896,0.000699860027994401,0.0002999400119976,0.0020995800839832,0,0,0.000799840031993601,0.000599880023995201,0.00329934013197361,0,0,0,0.012997400519896,0.00539892021595681,0,0.000999800039992002,0.0307938412317536,0,0,0,0.0002999400119976,0,0.000499900019996001,0.299440111977605,0,0.00589882023595281,0.0377924415116977,0,0,0,0,0,0.000599880023995201,0.00439912017596481,0,0,0,0,0.0021995600879824,0,0.0017996400719856,0,0,0.0025994801039792,0
0,0,0,0,0,0,0,0,0,0,0,0,0,0.0054,0.0035,0,0,5e-04,0,0,0,0,1e-04,0,0,2e-04,0,0,0,0,0.361,0,0,0.0134,0,0,1e-04,0,0,0,0,0,0,0,0,0.0261,0,0,0,0,0,0,0,0,0,0,0,0,0,0,0,0,0,0,0.0023,0,0.0272,0,0,0,0,0,0,0,0,0,0,0,0,0,0,0,0,0,0,0,0,0,0,0.004,0.0201,0,0.0211,0,0,0,0,0,0,0,0,0,0,0,0,0,0,0.1571,0,0,0,0,0,0.0063,0,0,0,1e-04,0.0972,0,0,0,0,0,0.0064,0,0,0,0,0,0,0.0397,0,0,0,1e-04,0.0011,0,0,0,0.076,0,0,0,0,0,0,0,0,0,0.0031,0,0,0,0,0,0,0,0,0.0045,0,0,0,0,0,0,0,0,0,0,0,0,2e-04,0,0,0,0,0,0,0,0,0,0,0,0,0,0,0,0,0,0,0.0067,0,0,0,7e-04,0,0,0,0,0,0,0,0,0.0126,0,0,0,1e-04,0,0,0,0.0042,0,0,0,0,0,0,0,0,0,0,0,0,0,0,0,0.0021,0,0.0218,0,0,0,0,0,0,0,0.0011,0,0,0,0.0165,0,0,0,0,0,0,0,0,0,0,0,0,0,0,0,0,0,0,0,0,0,0,0,0,0.0267,0,0,0,0,0,0,0,0,0,0,0,0,0,0,0.026,0,0,0,0,0,0,0,0,0,0,0,0.0033,0,0.0014,0,0,0,0
9.99600159936026e-05,0,0,0,0.00529788084766094,0,0,0,0,0,0.00459816073570572,0,0,0,0,0,0,0,0,0,0,0.00589764094362255,0,0,0.0118952419032387,9.99600159936026e-05,0,0,0,0.00349860055977609,0.00119952019192323,9.99600159936026e-05,0,0.0039984006397441,0,0,0.000999600159936026,0.00109956017592963,0.00139944022391044,0,0,0,0.000299880047980808,0.00039984006397441,0.000699720111955218,9.99600159936026e-05,0,0,0,0,0.00149940023990404,9.99600159936026e-05,0,0.000299880047980808,0.000299880047980808,0,0,0,0.00119952019192323,0.000199920031987205,0,0,0,0,0,0,9.99600159936026e-05,0.00239904038384646,0,0.000199920031987205,9.99600159936026e-05,0,0,0.000599760095961615,0,0.0076969212315074,0,0,0,0.00119952019192323,0,0.016593362654938,0,0,0,0,0,0.0188924430227909,0.00219912035185926,0,0,9.99600159936026e-05,0,0,0.00079968012794882,0,0,0,9.99600159936026e-05,0,0,0,0.000199920031987205,0,0,0,0,0.0378848460615754,0.014094362255098,0.000599760095961615,0.000199920031987205,0,0,0,9.99600159936026e-05,0,0,0,0,9.99600159936026e-05,0,0,0.0142942822870852,0,0.00719712115153938,0.112355057976809,0,0,0,0.137544982007197,0,0,0,0,0.00079968012794882,0,9.99600159936026e-05,0.000299880047980808,0,0,9.99600159936026e-05,0,0.00179928028788485,0,0.000199920031987205,0,0,0,0,0,0,0.000599760095961615,0,0,9.99600159936026e-05,0,0,0,9.99600159936026e-05,0.00249900039984006,0,0,0,0,0,0,0,0,0,0,0,0,0,0,0,0,0,0,0.00299880047980808,0,0,0,0,0,0,0,0,9.99600159936026e-05,0,0,0,0.00139944022391044,0,0,0,0,0,0,0,0,0,0,0,0,0,0.00039984006397441,0,0,0,0.000299880047980808,0,0,0,0.000199920031987205,0,0,9.99600159936026e-05,0,0.0119952019192323,0,0,0,0,0,0,0,0,0,0.00689724110355858,0,0,0,0,0.0259896041583367,0,0,0,0,0,0,0,0.00559776089564174,0,0,0,0,0,0,0,0,0.00269892043182727,0,0,0,0,0.000599760095961615,9.99600159936026e-05,0,0,0,0,0,0,9.99600159936026e-05,0,0,0,0.00299880047980808,0,0.44202319072371,0,0.000299880047980808,0.0286885245901639,0,0,0,0,0,0,0.0156937225109956,0,0,0.007796881247501,0,0,0,0,9.99600159936026e-05,0.000199920031987205,0.00459816073570572,0.00509796081567373,0,0,0,0.00209916033586565,9.99600159936026e-05,0,0.00119952019192323,0,0.00219912035185926,0
0,0,0,9.99100809271655e-05,0.0102907383354981,0,9.99100809271655e-05,0,0,0.0123888500349685,0.00969127784993506,0,0.00269757218503347,0,0.00239784194225197,0,0,0,0,0,0,0.000999100809271655,0.00269757218503347,0,0,0.161954241182935,0,0.0147866919772205,9.99100809271655e-05,0,0,0,0,0,0,0,0,0,0,0,0,0,0,0,0.00219802178039764,0.000999100809271655,0,0,0,0,0,0,0,0,0,0,0.00249775202317914,0,0,0.0117893895494055,0,0.013288040763313,0,0,0,0.00119892097112599,0.00699370566490159,0.00159856129483465,0,0,0.000599460485562993,0,0.00089919072834449,0,0,0,0,0,0,0.00269757218503347,0,0,0,0,0,0.0025976621041063,0,0,0.00329703267059646,0,0,0,9.99100809271655e-05,0,0,9.99100809271655e-05,0,0,0,0,0,0,0,0,0,0,0,0.00849235687880907,0.00699370566490159,0,0,0,0,0,0,0,0,0,0,0,0.047057648116695,0,0.00719352582675592,0,0,0.0228794085323209,0,0,0,0.190728344489959,0,0.0028973923468878,0,0,0,0,0,0,0,0,0,0,0,0,0,0,0,0,0,0,0,0,0,0,0.00089919072834449,9.99100809271655e-05,0,0.000199820161854331,0,0.00859226695973624,0,0,0,0.0412628634229194,0.000699370566490159,0,0,0.000399640323708662,0,0,0.00129883105205315,0,9.99100809271655e-05,0,0,0,0,0.0137875911679488,0,0,0,0,0.00129883105205315,0,0,0,0,0,0,0,0.000499550404635828,0.00949145768808073,0,0,0,0,0,0,0,0,0,0,0,0,0.00509541412728544,0.0462583674692777,0,0,0.000499550404635828,0,0,0,0,0,0,0,0,0,0,0,0,0,0,0,0.000399640323708662,0,0,0,0.00509541412728544,0,0,0,0,0.0602457787990808,0,0,0,0,0,0,0,0,0,0,0.00999100809271656,0,0,0,0,0,0,0,0,0,0.0175841742431811,0,0.0054950544509941,0,0,0,0.000299730242781497,0,0,0,0.00649415526026576,0,0,0,0,0.000599460485562993,0,0,0.00219802178039764,0,0,0,0,0,0,0.19952043161155,0,0,0.00139874113298032,0,0,0,0,0,0,0,0,0,0,0,0,0,0,0,0,0.00489559396543111,0
0,0,0,0,0,0.00639808057582725,0,0,0,0.0156952914125762,0.0187943616914926,0,0,0.00849745076477057,0.00919724082775168,0,0.00879736079176247,0,0,0,9.99700089973008e-05,0,0,0,0,0.0443866839948016,0,0,0,0.0141957412776167,0,0,0.000299910026991902,0.000499850044986504,0,0,0.00229931020693792,0,0.00329901029691093,0,0,0,0,0.00209937018894332,0.0108967309807058,9.99700089973008e-05,0,0,0,0,0.0529841047685694,0,0,0,0.000799760071978406,0,0,0,0,0.0106967909627112,0,0.000499850044986504,0.00319904028791363,0,0,0.00229931020693792,0.00859742077376787,0,0,0,0,0,0,0.00299910026991902,0,0,0,0.000299910026991902,0,0.00399880035989203,0,0,0.0362891132660202,0,0,0.00379886034189743,0,0,0.00869739078276517,0.00859742077376787,0,0.000699790062981106,9.99700089973008e-05,0,0,0,0,0,9.99700089973008e-05,0,0,0,0,0,0.00289913026092172,0,0,0.0749775067479756,0,0,0,0,0,0,0,0,0,0.00309907027891633,9.99700089973008e-05,0,0,0,0.00739778066580026,0.000499850044986504,0.000599820053983805,0.0293911826452064,0,0,0,0.19334199740078,0,9.99700089973008e-05,0,0,0.0227931620513846,0,9.99700089973008e-05,0,0,0,0,0,0,0,0,0,0,0,0,0,9.99700089973008e-05,0,0.00379886034189743,0,0,0,0,0,0,0,0,0,0,0,0,0,0,0,0,0,0,0,0.000199940017994602,0,0,0,0,0.0287913625912226,0.0175947215835249,0,0,0,0,0,0.00139958012596221,0,0.00159952014395681,0,0,0,0,0.00589823053084075,0,0,0,0,0,0,0,0,0,0,0,0,0,0.0213935819254224,0,0.00149955013495951,0,0,0,0,0,0,0.000199940017994602,0,0.00259922023392982,0,0.0732780165950215,0,0.0117964610616815,0,0,0,0,9.99700089973008e-05,0,0,0.000499850044986504,0,0.00109967009897031,0,0,0.0129961011696491,0,0,0,0,0,0,0,0,0,0,0.000499850044986504,0,0,0.000399880035989203,0,0,0.00189943017094872,0,0.00419874037788663,0,0.00889733080075977,0.012296311106668,0,0,0,0,0,0,0,0,0,0,0,0,0,0.037888633409977,0.00759772068379486,0,0.00169949015295411,0,0,0,0.0106967909627112,0,0,0.0673797860641807,0,0,0.0201939418174548,0,0,0,0,0,0,0.00589823053084075,0,0,0,0,0.00339898030590823,0,0.00269919024292712,0,0,0.00399880035989203,0
0,0,0,0,0,0,6e-04,0,0,0,0,0,0,0,0,0,0,0,0,0,0.0068,0.0031,0,0,0,0,0,0,0,0,0.0216,0.0337,0,0,0,0,0,0.0181,0,0,0,0,0,0,0,0,0,6e-04,0,1e-04,0,0,0,0,0,0,0,0,0,0.0334,0,0,0,0,0,0,0.0011,0,0,0.0098,0,0,0,0,0,0,0,0,5e-04,0,0,0,0.0245,0,0.0027,0,0,0,0,0,0,0,0,2e-04,0,0,0,0,0,0,0,0,0,0,1e-04,0,0,0.2348,0,0,0,0,0,0.0087,0,1e-04,0,0,0.0054,0,0,0,0,1e-04,0,0,0,0,7e-04,0,0,0.0544,0,0,0,0,0,0,0,0,0.0497,0,0,0,0,0,0.0034,0,0,0,0.0026,0.0015,0,4e-04,0,0,0,0,0,0.0035,0,0,4e-04,0.0435,0,0,0,0,0,0,0.0011,0,1e-04,0,0,0,0,0.0058,0.0108,0,0,0,5e-04,0.0031,6e-04,0,0,0,0,0,0,0.007,0,0.0023,0,0,0,0,0,0,0,0,0,1e-04,1e-04,0.0305,0,0,0,0,0,4e-04,0,0.001,5e-04,0,0.0044,0,0.0291,3e-04,0.0021,0.0021,0,0,0,1e-04,0,0,0,0,0,0,0,0.0381,0,0,0,0,0,0,0,0,0,0,0,2e-04,0,0,0,0,0,0,0,0,0,0,0.0167,0,0.0011,0,0,0,0,0.0022,0,0,3e-04,0,0,0.0261,0,0.0035,0.0221,0,0,0,0,0,0,0.2193,0,0,0,0,0,0,1e-04,0,0,0,0,0,0,0,9e-04,0,0,0,0,0.0013,0
0,0,0,0,0.00919264588329336,0,0,0,0,0,0,0,0,0.00939248601119105,0,0,0,0,0,0,0,0,0.00129896083133493,0,0,0.0358713029576339,0,0,0.00359712230215827,0,0,0,0,0,0,0.000399680255795364,0,0,0,0,0,0,9.99200639488409e-05,0,0.00589528377298161,0.109212629896083,0,0,0,0,0,0.00149880095923261,0,0.000499600319744205,0,0,0,0,0,0.0251798561151079,0,0,0,0,0,0,0.00489608313349321,0.0038968824940048,0,0.0111910471622702,0.000699440447641887,0,0,0,0,0,0,0,0,0,0,0.0114908073541167,0.0060951239008793,0,0,0,0,9.99200639488409e-05,0,0,0,0,9.99200639488409e-05,0,0.000899280575539568,9.99200639488409e-05,0,0,0,0,0,0.00919264588329336,0,0,0,0,0,0.000999200639488409,0.00359712230215827,0.00339728217426059,0,0,0.000799360511590727,0,0,0,0.0185851318944844,0,0,0.000199840127897682,0,0,0,9.99200639488409e-05,0,0.0392685851318945,0.0456634692246203,0,0,0.0413669064748201,0.0387689848121503,0.00359712230215827,0,0,0,0,0,0,0,0,0,0,0.000699440447641887,0,0,0,0.00369704236610711,0,0,0,0.0021982414068745,0,0,0,9.99200639488409e-05,0,0,0,0.00979216626698641,0.0176858513189448,0,0,0,0,0,0,0,0,0,0,0,0,9.99200639488409e-05,0,0,0,0,0.00699440447641886,0.0141886490807354,0,0,0,0,0.00239808153477218,0,0,0,0,0,0,0,0.01378896882494,0,0,0,0,0,0,0,0,0,0,0,0.0322741806554756,0,0,0,0,0,0,0,0,0,0,0,0,0,0,0,0,0.00949240607513989,9.99200639488409e-05,0,0,0.000199840127897682,9.99200639488409e-05,0,0,0.00779376498800959,0,0.0187849720223821,0,0,0.00699440447641886,9.99200639488409e-05,0,0,0,0,0.00109912070343725,0,0,0,0,9.99200639488409e-05,0,0,0,0,0,0,0,0,0,0,0,0.0108912869704237,0,0,0,0,0,0,0,9.99200639488409e-05,0.000399680255795364,0,0,0,9.99200639488409e-05,0,0,0.0129896083133493,0,0.000899280575539568,0,0,0,0,0.333233413269384,0,0,0.0438649080735412,0,0,9.99200639488409e-05,0,9.99200639488409e-05,0.00109912070343725,0,0.000399680255795364,0,0,0,0,0,0,0,0,0,0
0,0,0,0,0.00729489357449785,0,0.000599580293794344,0,0,0,0,0,0,0.00579594284001199,0.00759468372139502,0,0,0,0,0,0,0.017387828520036,0.00179874088138303,0,0,0.00339762166483462,0,0,0.000299790146897172,0,0,0.000199860097931448,0,0.00219846107724593,0,0,0,0,0.00189867093034876,0.00189867093034876,0.013390626561407,0,0.0024982512241431,0.00659538323173778,0.00119916058758869,0.00119916058758869,0,0,0,0,0,0,0,0,0.000899370440691516,0,0,0,0,0,0,0.00119916058758869,0.00139902068552014,0,0,0.00299790146897172,0.000299790146897172,0.00589587288897772,0,0,0.000699510342760068,0,0,0.00799440391725792,0,0,0,0,0,0.00349755171380034,0,0.00629559308484061,0,0,0,0,0,9.9930048965724e-05,0.0074947536724293,0,0,9.9930048965724e-05,9.9930048965724e-05,0,0.00229839112621165,0.0070950334765664,0,9.9930048965724e-05,0,0,0,0.0226841211152193,0,0,0,0,0.000199860097931448,0.00489657239932048,0.0215848905765964,0,0,0.000199860097931448,0,0.000899370440691516,0,0,0.0442690116918157,0,0,9.9930048965724e-05,0,0,0.0218846807234936,0,0.000799440391725792,0.0727490756470471,0,0,0,0.106225642050565,0,0,0,0,0,0,9.9930048965724e-05,0,0,0,0,0,0.00279804137104027,0,0,0,0,0,0,0,0.00189867093034876,0,0,0,0,0,0,0,0.00259818127310882,0.0251823723393624,0,0,0,0,0,0,0,0.000399720195862896,0,0,0,0,9.9930048965724e-05,0,0,0,0,0.00309783151793744,0,0,0,0,0,0,0,0,0,0,0,0,0,0.00049965024482862,9.9930048965724e-05,0,0,0.00189867093034876,0,0,0,0,0,0,0,0,0.0259818127310882,0,0,0.000799440391725792,0.000199860097931448,0,0,0,0,0,0.000199860097931448,0,0.00919356450484661,0,0.0211851703807335,0.00049965024482862,0.00349755171380034,0,0,0,0,0.00629559308484061,0,0,0.00399720195862896,0,0.0123913260717498,0,0,0.026081742780054,0.00199860097931448,0,0,0,0,0,0,0,0,0,0,0,0,0,0,0,0.00639552313380634,0,0,9.9930048965724e-05,0,0,0.000799440391725792,0,0,0.000699510342760068,0,0,0,0,0,0,0,0,0,0.00149895073448586,0,0,0.0874387928450085,0,0.000899370440691516,0,0,0,0,0.19536324572799,0,0.00359748176276606,0.0310782452283402,0,0.072049565304287,0,0,0,0,0.00309783151793744,0,0,0,0,0.0203857299890077,0,0.000299790146897172,0,0,0.00509643249725192,0
0,0,0,0,0.0142971405718856,0,0.010997800439912,0,0,0.0227954409118176,0.013497300539892,0,0,0,0.0021995600879824,0,0,0,0,0,0.0002999400119976,0.00389922015596881,0.00599880023995201,0,0,9.99800039992002e-05,0.0010997800439912,0,9.99800039992002e-05,0.00649870025994801,0,0.0191961607678464,0,0.0001999600079984,0.000499900019996001,0,0,9.99800039992002e-05,0.00419916016796641,0,0.0371925614877025,0,0,0.0028994201159768,0.00369926014797041,0.001499700059988,0,0.000799840031993601,0,0,0.00699860027994401,0.0001999600079984,0,0,0.000799840031993601,0,0,0,0,0.000399920015996801,0.0247950409918016,0.000999800039992002,0,0,0.0273945210957808,0.001499700059988,0.00489902019596081,0.000499900019996001,0,0.00579884023195361,0.0001999600079984,0,0,0.00909818036392721,0,0,0,0,0,0.00569886022795441,0,0.0241951609678064,0,0.00669866026794641,0,0.0022995400919816,0.0016996600679864,0,0,0,9.99800039992002e-05,0.000699860027994401,0,0,0.0022995400919816,0,0,0,0,0,0,0,0,0.00369926014797041,0,0,0.000399920015996801,0.0197960407918416,0.0512897420515897,0,0.0002999400119976,0.0011997600479904,0,0,0,0,0,0,0,0,0,0,0,0,0.000499900019996001,0.0523895220955809,0,0,0.0018996200759848,0.145770845830834,0.001999600079984,9.99800039992002e-05,0.0028994201159768,0,0.00369926014797041,0,9.99800039992002e-05,0,0,0,0,0,0,0,0.0115976804639072,0,0.000699860027994401,0.00719856028794241,0,0,0,0.00409918016396721,0,0,0.000399920015996801,0,0,0,0.000499900019996001,0.00509898020395921,0,0,0,0.0001999600079984,0,0,0,0,0,0,0.0001999600079984,0,0.00329934013197361,0,0,9.99800039992002e-05,0,0.00449910017996401,0.014497100579884,0,0,0,0,0,0.00429914017196561,0,0,0,0,0,0,0.0020995800839832,0,0,0,0,0,0,0,0,0,0,0,0.100979804039192,0.0317936412717457,0.000899820035992801,0,0,0,0,0.0001999600079984,0.000899820035992801,0.000499900019996001,0.0002999400119976,0.0001999600079984,0,0.00489902019596081,0.0028994201159768,0.0463907218556289,0,0,0.0001999600079984,0,0,0,0,0.0165966806638672,0,0.0028994201159768,0,0.0191961607678464,0,0,0.0395920815836833,0,0,0,0,0,0,0,0,0,0.0016996600679864,0,0,0,0,0,0,0,0.000399920015996801,0.0022995400919816,0,0.00439912017596481,0.000599880023995201,9.99800039992002e-05,0,0,0,0,0,0,9.99800039992002e-05,0,0,0.0002999400119976,0,0.0002999400119976,0.0530893821235753,0,0.00529894021195761,0.0133973205358928,0,9.99800039992002e-05,0,0,0,0,0.0018996200759848,9.99800039992002e-05,0,9.99800039992002e-05,0,0,0,0,0,0,0.000399920015996801,0,0,0,0,0.00379924015196961,0.0011997600479904,0,0.0105978804239152,0,0.00719856028794241,0
0,0,0,9.99900009999e-05,0,0,0,0,0,0,0,0,0,0,0,0,0,0,0,0,0.0001999800019998,0.0003999600039996,0,0,0,0.208779122087791,0,0,0,0.0023997600239976,0.0001999800019998,0,0,0.0056994300569943,0,0,0,0,0,0,0,0,0,0,0,0,0,0.0002999700029997,0,0,0,0,0,0,0,0,0,9.99900009999e-05,0,0.0001999800019998,0,0,0,0,0,0,0,0,0,0,0,0,0,0.0001999800019998,0,0,0,0,9.99900009999e-05,9.99900009999e-05,0,0,0,0,9.99900009999e-05,0,0,0,0,0,0,0,0,0,0,0,0,0,0,0,0,0,0,0,0,0,0,0.507249275072493,0,0.0047995200479952,0,0,0,0,0,0,0,0,0.0018998100189981,9.99900009999e-05,0,0,0,0,0,0,0,0,0,0,0,0,0,0,0,0,0.0048995100489951,0,0,0,0.0604939506049395,0,0.0005999400059994,0,0,0,9.99900009999e-05,0,0,0,0.0001999800019998,0,0,0,0,0,0,0,0,9.99900009999e-05,0,0,0,0,0,0,0,0,0,0,0.0014998500149985,0,0,0,0,0,0,0,0,0,0,0,0,0.0001999800019998,0,0,0,0,0,0,0,0,0,0,0,0,0,0.0001999800019998,0,0,0,0,0,0,0.0046995300469953,0,0,0,0,0,0,0,0,0,0,0,0,0.0002999700029997,0,0,0,0,0,0,0,0,0,0,0,0,0,0,0,0.0073992600739926,0,0,0,0,9.99900009999e-05,0.0084991500849915,0,0,0,0,0.0008999100089991,0.0001999800019998,0,0,0,0,0,0,0,0,0,0,0,0,0,9.99900009999e-05,0,0,0,0.0001999800019998,0,0,0,0,0.0001999800019998,0.0001999800019998,0,0,0,0,0,0,0,0,0,0.164083591640836,0,0,0.0004999500049995,0.0002999700029997,0,0,0,0,0,9.99900009999e-05,0,0,0,0,0.0104989501049895,0,0.0004999500049995,0,0,0,0
0,0,0,0,0,0,0,0,0,0,0,0,0,0.0062993700629937,0.0023997600239976,0,0,0,0,0,0,0,0,0,0,0.0784921507849215,0,0,0,0.002999700029997,0,0,0,0.0094990500949905,0,0,0,0,0,0,0,0,0,0,0,0,0,0,0,0,0,0,0,0,0,0,9.99900009999e-05,0,0,0.0084991500849915,0,0,0,0,0,0,0,0,0,0,0,0,0,0,0,0,0,0,0,0.0072992700729927,0,0,0,0,0,0,0,0,0,0.0093990600939906,0,0.0012998700129987,0.0016998300169983,0,0,0,0,0,0,0,0,0.0107989201079892,0,0,0,0,0,0.159184081591841,0,0,0,0,0,0.0256974302569743,0,0,0,0,0.0030996900309969,0.0026997300269973,0,0,0,0.0004999500049995,0.0123987601239876,0,0,0,0,0,0,0,0,0,0,0.0093990600939906,0.0027997200279972,0,0,0,0.0034996500349965,0,0,0,0.0007999200079992,0,0,0,0,0,0,0,0,0,0,0,0,0,0,0,0,0,0,0,0,0,0,0,0,0,0,0,0,0,0,0,0,0,0.0118988101189881,0,0,0,0,0,0,0,0,0,0,0,0,0.0581941805819418,0.0003999600039996,0.0001999800019998,0,0,0,0,0,0,0,0,0,0,0,0,0,0,0,0,0,0,0,0,0,0,0.016998300169983,0,0,0,0,0,0,0,0,0,0,0,0.0196980301969803,0,0,0,0,0,0,0,0,0,0,0,0,0,0,0,0,0,0,0,0,0,0,0,0,0,0,0,0,0,0,0.0003999600039996,0,0,0,0,0,0,0,0,0,0.171782821717828,0,0,0.0724927507249275,0,0,0,0,0,0,0.195780421957804,0,0,0,0,0,0,0,0,0,0,0,0,0,0,0,0,0.0932906709329067,0,0,0,0
0,0,0,0,0,0,0,0,0,0,0,0,0,0,0,0,0,0,0,0,0,0.00639488409272582,0,0,0,0.17585931254996,0,0,0,0,0.0437649880095923,0,0,0,0,0,0.0453637090327738,0.00309752198241407,0.00189848121502798,0,0,0,0,0,0,0,0,9.99200639488409e-05,0,0,0.000299760191846523,0,0,9.99200639488409e-05,0.00859312549960032,0,0,0,0,0,0,0,0,0,0,0,0.00499600319744205,0,0,0,0,0,0,0,0,0,0,0,0,0,0,9.99200639488409e-05,0.000399680255795364,0,0,0,9.99200639488409e-05,0,0,0.0082933653077538,0.0350719424460432,0.00109912070343725,0,0,0,0,0,0,0.00229816147082334,0,0,0,0,0,0,0,0,0.0605515587529976,0,0,0,0,0,0.0793365307753797,0.000699440447641887,0.000399680255795364,0,0.000199840127897682,0.00469624300559552,0,0,0,0.00259792166266986,9.99200639488409e-05,0.0886290967226219,0,0,0,0,0,0,0,0,0,0,0,0.00119904076738609,0,0,0.000199840127897682,9.99200639488409e-05,0,0,0,0,0,0,0,0,0,0,0.0016986410871303,0,9.99200639488409e-05,0,0,0,0,0,0.00619504396482814,0,0,0,0.0114908073541167,0,0,0,0,0,0,0,0,0,0,0,0,0,0.00759392486011191,0.0628497202238209,0,0,0,0,0,0,0,0,0,0,0,9.99200639488409e-05,0.00579536370903277,0.000199840127897682,0,0,0,0,0,0,0,0,0,0,0.000299760191846523,0.0837330135891287,0,0,0,0,0,0,0,0,0,0.00399680255795364,0,0.0205835331734612,0.000299760191846523,0.000599520383693046,0,0,0,0,0,0,0.00109912070343725,0,0,0.0178856914468425,0,0,0,0,0.0205835331734612,0,0,0,0,0,0,0,0.00109912070343725,0,0,0,0,0,0,0,0,0,0,0,0,0.000699440447641887,0,0.000999200639488409,0,0,0.000799360511590727,0.000199840127897682,0,0,0.000799360511590727,0,0,0,0,0,0.000599520383693046,0,0,0.00839328537170264,0,0,0,0,0,0,0.154576338928857,9.99200639488409e-05,0,0,0,0,0,0,0,0,0,0,0,0,0,0.00329736211031175,0,0,0,0,0.00679456434852118,0
0.00499900019996001,0.000399920015996801,0,0,0.0146970605878824,0,9.99800039992002e-05,0,0,0.00419916016796641,0.00389922015596881,0,0,0,0.00419916016796641,0,0,0,0,0,0,0.000599880023995201,0,0,0,0.0722855428914217,0,0,0,0,0.0001999600079984,0,0,0.0001999600079984,0,0,0.0021995600879824,9.99800039992002e-05,0.00599880023995201,0,0.026994601079784,0.0013997200559888,0,0.00539892021595681,0.00729854029194161,0.0001999600079984,0,0,0,0,0.00619876024795041,0.000799840031993601,0,0.000799840031993601,0,0,0,0,0,0.000899820035992801,0.00719856028794241,0,0,0,0,0,0.0126974605078984,0.000899820035992801,0,0,9.99800039992002e-05,0,0,0,0,0,0,0,0,0.0013997200559888,0,0.0210957808438312,0.00679864027194561,0,0,0.000399920015996801,0.0236952609478104,0,0,0,0,0,0,0,0.000999800039992002,0,0,0,0,0.000699860027994401,0,0,0,0.001499700059988,0,9.99800039992002e-05,0,0.293841231753649,0,0.00399920015996801,0,0,0,0,0.0010997800439912,0,0,0,0,0,0,0.0025994801039792,0,0,0.001499700059988,0.0195960807838432,0,0,0,0.0613877224555089,0.00569886022795441,0.0410917816436713,0,0,0.0128974205158968,0,9.99800039992002e-05,0,0,0,0,0,0,0,9.99800039992002e-05,0,0.0002999400119976,0.000499900019996001,0,0,0.00569886022795441,0.0016996600679864,0.0002999400119976,0.000399920015996801,0.0001999600079984,0,0.00249950009998,0,0,0,0.000699860027994401,0,0,0,0,0,0,0,0,0.0011997600479904,0,0,0.00369926014797041,0,0.000799840031993601,0,0,0,0,0,0,0,0,0,0,0,0,0,0,0,0.0015996800639872,0,0,9.99800039992002e-05,0.0016996600679864,0,0,0.0002999400119976,0,0,0,0.000499900019996001,0,0,0,0.000599880023995201,0,0,0,0,0,0,0,0,0,0,0,0.00249950009998,0.0112977404519096,0,0,0.00369926014797041,9.99800039992002e-05,0.000899820035992801,0,0,0,0,0.0031993601279744,0,0.00509898020395921,0.0001999600079984,0.000499900019996001,0,0,9.99800039992002e-05,0,0,0,0,0,0,0.00509898020395921,0,0,0.00439912017596481,0,0,0,0.00449910017996401,0,0,0.0011997600479904,0,0.000599880023995201,0,0,0,0,0,0,0,0,0,0.0015996800639872,0,0,0,0,0.00729854029194161,0,0,0.0890821835632873,0,0,0,0.0002999400119976,0.0002999400119976,0.000499900019996001,0.108978204359128,0,0,0.000799840031993601,0,0,0,0,0,0,0.0012997400519896,0.0236952609478104,0,9.99800039992002e-05,0.0002999400119976,0.00819836032793441,0.0002999400119976,0.00489902019596081,0,0,0.000599880023995201,0
0,0,0,0,0.0185832750524528,0.00399640323708662,0,0,0,0.00379658307523229,0.00299730242781497,0,0,0,0.00299730242781497,0,0,0,0,0,0,0.00189829153761615,0.00129883105205315,9.99100809271655e-05,0,0.0439604356079528,0.000499550404635828,0,9.99100809271655e-05,0,0,0,0,0,0,0,0.000399640323708662,0.00239784194225197,0.00109901089019882,0,0.00249775202317914,0,0,0.000199820161854331,0.000499550404635828,9.99100809271655e-05,0,0,0.00109901089019882,0,0,0,0,0,0,0,0,0,0,0.00799280647417324,0,0.000599460485562993,0.00129883105205315,0,0,0,0.0188830052952343,0.000199820161854331,0.00119892097112599,0,9.99100809271655e-05,0,0.000199820161854331,0.00179838145668898,0,0,0,0,0,0.0025976621041063,0,0,9.99100809271655e-05,0,0,0,0.000699370566490159,0,0.00349685283245079,0,0,0,9.99100809271655e-05,0,0.00469577380357678,0,0,0,9.99100809271655e-05,0,0,0,0,0,0,0,0,0.271155959636327,0.00249775202317914,0.00229793186132481,0,0,0,0,0.000499550404635828,0,0,9.99100809271655e-05,0.00339694275152363,0,0,0,0.0211809371565591,0.000299730242781497,0.000299730242781497,0.0424617843940454,0,0,0,0.0164851633529823,0,9.99100809271655e-05,0,0,0,0,9.99100809271655e-05,0,0,0,0.000199820161854331,0,0,0,0,0,0,0.000599460485562993,0,0,0.000399640323708662,0,0,0.00179838145668898,9.99100809271655e-05,0,0,0,0,0.000199820161854331,0,0,0,0,0,0,0,0,0,0,0,0,9.99100809271655e-05,0,0,0,0,0.000399640323708662,0.0268758117694075,0,0,0,0,0,9.99100809271655e-05,0,0,0,0,0,0,0.00389649315615946,9.99100809271655e-05,0,0,0,0,0,0,0,0,0,0,0,0,0.0190828254570886,0,0,9.99100809271655e-05,0.000299730242781497,0,0,0,0,0.000199820161854331,0,0.00199820161854331,9.99100809271655e-05,0.00109901089019882,0,0.00659406534119293,0,0,0,0,0,9.99100809271655e-05,0,0.000199820161854331,0,9.99100809271655e-05,0,0,0.0562493755619942,0,0,0,0,0,0.00129883105205315,0,0,0,0,0.00829253671695474,0,0,0,0,0,0,0,0,0,0.00209811169947048,0.00399640323708662,0.000999100809271655,0,0,9.99100809271655e-05,0,0,0,0.00239784194225197,0,0,0,0,0,0.318713158157658,0,0,0.00409631331801379,0,0,0,0,0,0.000299730242781497,0.0367669097811969,0,0,0.00489559396543111,0,0,0,0,0.000299730242781497,0,0,0,0,0,0,0.000299730242781497,0,0.000399640323708662,0,0,0.000699370566490159,0
0,0,0,0,0,0,0,0,0.000299910026991902,0.000599820053983805,0,0,0,0.0413875837248825,0,0,0,0,0,0,0,0.00799760071978406,0,0,0,0.287113865840248,0,0,0.00699790062981106,0.00149955013495951,0,0,0,0,0,0,0,0,0,0,0,0,9.99700089973008e-05,0,0,0,0,0,0,0,0,9.99700089973008e-05,0,0,0,0,0,0,0,0.0467859642107368,0,0,0,0,0,0,0.0326901929421174,0,0,0.00239928021593522,0,0,0,0,0.000199940017994602,0,0,0.000299910026991902,0,0,0,0,0,0,0.130860741777467,0.000199940017994602,0,0,0,0,0,0,0.0117964610616815,0,0,0,0.000299910026991902,0,0,0,0,0,0,0,0,9.99700089973008e-05,0.00729781065680296,0,0,0,0,0,0.000299910026991902,0,0,0,0,0,0.0117964610616815,0,0.000299910026991902,0,0,0.00299910026991902,0,0.000199940017994602,0,0,0,0,0,0,0,0,0,0,0,0,0,0,0.00169949015295411,0,0,0,0,0,0.000999700089973008,9.99700089973008e-05,0,0,0,0,0,0.000399880035989203,9.99700089973008e-05,0,0,0.0439868039588124,0,0,0,0,0,9.99700089973008e-05,0,0,0,0,0,0,0.000199940017994602,0,0.00179946016195141,0,0,0,0,0,0.0124962511246626,0,0.000299910026991902,0,0,0,0.000899730080975707,0,0,0,0,0,0,0.0206937918624413,0,0,0,0,0,0,0,0,0,0,0,0,0,0.0196940917724683,0,0,0,0,0.00129961011696491,0,0.00349895031490553,0,0,0,0.00449865040487854,0,0.0227931620513846,0,0,0.00329901029691093,0,0,9.99700089973008e-05,0,0,0,0,0,0,0,0,0.029591122663201,0,0,0,0,0,0,0,0,0.000399880035989203,0,0,0,0,0,0,0,0,0,0,9.99700089973008e-05,0,0.000299910026991902,0.00119964010796761,0,0,0,0.000199940017994602,0,0,0.000199940017994602,0.000199940017994602,0,0,0,0.00159952014395681,0.00249925022493252,0,0,0.00909727081875437,0.170548835349395,0,9.99700089973008e-05,9.99700089973008e-05,0,0,0,0,0.00379886034189743,0.014295711286614,0,0,0.000199940017994602,0,0,0.0221933419974008,0.000899730080975707,0,0,0,0.000799760071978406,0.00139958012596221,0,0.000199940017994602,0,9.99700089973008e-05,0.00579826052184345,0.000599820053983805
0,0,0,0,0.0195921631347461,0,9.99600159936026e-05,0,0,0,0.00259896041583367,0,0,0,0.00169932027189124,0.00109956017592963,0.00179928028788485,0,0,0,0,0.00909636145541783,0,0,0,0.00039984006397441,0.00079968012794882,0,0.000899640143942423,0,0.0079968012794882,0,0,0,0,0,0.000199920031987205,0.00079968012794882,0.00219912035185926,0,0.00559776089564174,0,0,0,0.00139944022391044,0,0,0,0,9.99600159936026e-05,0,0,0,0,0,0,0,0,0,0.0352858856457417,0,0.000699720111955218,0.00149940023990404,0,0,0,0.00329868052778888,0.0037984806077569,0,0.000599760095961615,0,0,0,0.0268892443022791,0,0,0,0,0,0.00699720111955218,0,0.0430827668932427,0.000999600159936026,0,0,9.99600159936026e-05,9.99600159936026e-05,0,0,0.00129948020791683,0,0,9.99600159936026e-05,0,0.00459816073570572,0,0,0,9.99600159936026e-05,0,0,0,0.00629748100759696,0,0,0,0,9.99600159936026e-05,0.0245901639344262,0.00249900039984006,0,0,0,0.0038984406237505,0,0,0,0.000599760095961615,0.00149940023990404,0,0,0,0.0186925229908037,9.99600159936026e-05,0.000299880047980808,0.0619752099160336,0,0,0,0.242303078768493,0,9.99600159936026e-05,0,0,0.00039984006397441,0,9.99600159936026e-05,0,0,0,9.99600159936026e-05,0,0,0,0,0,0.000199920031987205,0,0,0,0.000299880047980808,0,0,0,9.99600159936026e-05,0,0,0,0,9.99600159936026e-05,0,0,0,0.135445821671331,0,0,0,0,0,0,0,9.99600159936026e-05,9.99600159936026e-05,0,0,0,0,0,0,0,0,0,0,0,0.00109956017592963,0,0,0,0,0,0,0.0078968412634946,9.99600159936026e-05,0,0,0.000199920031987205,0,0,0,0,0,0,0,0.0257896841263495,0.00499800079968013,0.000699720111955218,0,0,9.99600159936026e-05,0.00319872051179528,0,0,0,0,0.000699720111955218,0,0.00479808076769292,0,0.0129948020791683,0,0,0.00829668132746901,0,0,0,0.000899640143942423,0,0,0.000699720111955218,0,0.00259896041583367,0,0,0.00219912035185926,0,0,0,0,0,0.00109956017592963,0,0,0,0.000199920031987205,9.99600159936026e-05,0.00359856057576969,0,0.000299880047980808,0,0,0,0,0,0,0.000499800079968013,0.000699720111955218,0,0,0,0,0,0,0,0.000199920031987205,0,0,0,0,0.000499800079968013,0.168932427029188,0,0,0.00449820071971212,0,0.00689724110355858,0,0,0,0.000599760095961615,0.000199920031987205,0,0,0.0428828468612555,0,0,0,0,0.000699720111955218,0,0,0,0,0,0,9.99600159936026e-05,0,9.99600159936026e-05,0,0,0.00489804078368653,0
0,0,0,0,0.0023002300230023,0,0.0004000400040004,0,0,0,0,0,0,0.007000700070007,0,0,0,0,0,0,0,0,0,0,0,0.167116711671167,0,0,0.0036003600360036,0,0.0517051705170517,0,0,0,0,0,0,0,0,0,0,0,0,0,0,0.0026002600260026,0,0,0,0,0,0,0,0,0,0,0,0,0.0007000700070007,0,0,0,0,0,0.0008000800080008,0,0,0,0,0.0112011201120112,0,0,0,0,0,0,0,0,0,0,0,0,0,0,0,0,0,0,0,0,0.0019001900190019,0,0,0,0,0,0.0013001300130013,0,0,0,0.0014001400140014,0.0001000100010001,0,0,0,0,0,0.270927092709271,0,0.0076007600760076,0,0,0,0.0954095409540954,0,0,0,0,0,0,0,0,0,0,0,0,0.0165016501650165,0,0,0,0,0.0171017101710171,0,0,0,0,0,0,0,0,0,0,0,0,0,0,0,0,0,0,0,0,0,0,0,0,0,0,0,0,0,0,0,0,0,0,0,0,0,0,0.0014001400140014,0.0059005900590059,0.0002000200020002,0,0,0,0,0,0.0767076707670767,0,0,0,0,0,0,0,0.0002000200020002,0,0,0.0001000100010001,0,0.0828082808280828,0,0,0,0,0,0,0,0,0,0,0,0,0,0,0,0,0,0,0,0,0,0,0,0,0,0,0,0,0,0.0367036703670367,0,0,0,0,0,0,0,0,0,0,0,0.0011001100110011,0,0,0.0092009200920092,0,0,0,0,0,0,0,0,0,0,0,0,0,0,0,0,0,0,0,0,0,0,0,0,0,0,0,0.0004000400040004,0,0,0.0011001100110011,0.0014001400140014,0.0004000400040004,0,0,0.0092009200920092,0,0,0,0,0,0,0,0,0.0082008200820082,0.04000400040004,0,0,0,0,0,0,0,0,0,0,0,0,0,0,0,0,0.0602060206020602,0.0051005100510051
0,0,0,0,0,0,0.000499850044986504,0,0,0,0,0,0,0.0655803259022293,0.000799760071978406,0,0,0,0,0,0,9.99700089973008e-05,0,0.000999700089973008,0.00179946016195141,9.99700089973008e-05,0,0.000399880035989203,0.000499850044986504,0,0.0124962511246626,0,0,0.000399880035989203,0,0,0,0,0,0,0.000299910026991902,0,0,0,0,0.000199940017994602,0,0,0,0,0,0,0,0,0,0,0,0.000699790062981106,0,0.0149955013495951,0,0,0,0,0,0,0.00289913026092172,0,0,0,0,0.000599820053983805,0,0,0,0,0,0,0,0.00349895031490553,0,0,0,0,0.024592622213336,0,0,9.99700089973008e-05,0,0.000399880035989203,0,0,0,0,0,0.00159952014395681,0,0,0,0,0,0,0,0,0.000699790062981106,0,0.0134959512146356,0.0383884834549635,0,0,0,0,0,0.00119964010796761,0,0,0,0,0.000799760071978406,0,9.99700089973008e-05,0,0,0.000299910026991902,0.000899730080975707,0.0113965810256923,0,0,0,0,0,0.00609817054883535,0,0.00129961011696491,0,0,0.000299910026991902,0,0,0,0.000899730080975707,0,0,0,0,0,0,0,0,0,0,0,0,0.00109967009897031,0,0,0,0,0.0201939418174548,0.00549835049485154,0,0,0,0,0,0,0,9.99700089973008e-05,0,0,0,0,0,9.99700089973008e-05,0,0,0,0,0.00469859042287314,0,0,0,0,0,0,0,0,0,0,0,0.000699790062981106,0.00169949015295411,9.99700089973008e-05,0,0,0,0,0,0,0,0,0,0,0,9.99700089973008e-05,0,0,0,0,0.000299910026991902,9.99700089973008e-05,0,0.000499850044986504,0,9.99700089973008e-05,0,0.00429871038688393,0,0,0,0,0,0,0,0,0.00229931020693792,0,0,0.000499850044986504,0,0,0,0,0.0433869839048285,0,0,0,0,9.99700089973008e-05,0.00749775067479756,0,0,0,0,0.000199940017994602,0,0,0,0,0,0.101269619114266,0,0,0.00379886034189743,0,9.99700089973008e-05,9.99700089973008e-05,0,0,0,0.000299910026991902,0,0,0,0,0,0,0,0,0.361291612516245,0,0,0.0293911826452064,0,0,0,0,0,0,0.117964610616815,0.000399880035989203,0,0.000399880035989203,0,0,0,0,0.023592922123363,0.0333899830050985,0,0,0,0,0,0,0,0,0.0246925922223333,0,0.000299910026991902,0
0,3e-04,0,0,0,0,1e-04,0,0,0,0,0,0,0,0,0,1e-04,0,0,0,0,0,0,2e-04,0,0.0315,0,0,4e-04,0.0013,0.0681,0,0,0,0,0,0,0,0,0,2e-04,0,0,0,0,0,0,0,0,0,0,0,0,0,0,0,0,0,0,0,0,0,0,0,0,0,0,0,0,0,0,0,0,0,0,0,0,0,0,0,0,0,0,0,0,0.0017,0,0,0,0,0,0,0,0,0,0,0,0,0,0,0,1e-04,0,0,0,0,0,0.2987,0,0,0,0,0.0151,0,0,0,0,0,0,6e-04,0,0,0,0,0,0,0,0,0,0,0,0.2312,0,0,0,0,0,0,0,0,0.0055,0,0,0,0,0,0.0031,0,0,0,0,0,0,0,0,0.0013,0,0,0,0,0,0,0,0,0,0,0,0,0,0,4e-04,0,0,0,0,0,0,0,0,0,0,1e-04,0,0,0,0,0,0,0,0,0,0,1e-04,0,0,0,0,0,0,0.0172,0,0,0,0,0,0,0,0,1e-04,1e-04,0,0,0,0,0,0,0,0,6e-04,0,0,0,0,0,0,0,0,0,0,0,0,0,0,0.0453,0,0,0,0,0,2e-04,0,0,0,0,9e-04,0,0,0,0,0,0,0,0,0,0,3e-04,0.0075,0,0,0,0,0,0,2e-04,2e-04,0,0,0,0,0.0022,0,0,0.0016,0,0,0,0,0,0,0.2173,0,3e-04,0.0456,0,0,0,0,1e-04,0,0,0,0,0,0,0,0,2e-04,0,0,0,0
0.000999500249875062,9.99500249875062e-05,0,0,0.0145927036481759,0,0,0,0,0,0.00339830084957521,0,0,0,0.00219890054972514,0,0.00079960019990005,0,0,0,0,0.00769615192403798,0,0,0,0.216291854072964,0,0,0.000299850074962519,0.00379810094952524,9.99500249875062e-05,0,0,0.000199900049975012,0,0,0.000199900049975012,0,0.0015992003998001,0,0,0,0,0,0.00659670164917541,0,0,0,0,0,0.00429785107446277,0,0,0,9.99500249875062e-05,0,0,0,0,0.000999500249875062,0,0,0,0.000499750124937531,0,0.00129935032483758,0.00429785107446277,0.0047976011994003,0,0,0,0,0,0,0,0,0,0,0,0.00289855072463768,0,0.0277861069465267,0.00109945027486257,0,0,0.00249875062468766,0.00699650174912544,0,0.00149925037481259,0,0.00539730134932534,0,9.99500249875062e-05,0,0.00189905047476262,9.99500249875062e-05,0,0,0,0,0,0,0,0,0,0,0,0.108945527236382,0.00439780109945028,0.0378810594702649,0,9.99500249875062e-05,0,0,0,0,0,0.00289855072463768,0,9.99500249875062e-05,0,0,0.00609695152423788,9.99500249875062e-05,9.99500249875062e-05,0.0513743128435782,0,0,0,0.211594202898551,0,0,0,0.000199900049975012,0.00109945027486257,0,0.0015992003998001,0,0,0,0,0,0.000699650174912544,0,0,0,0,0,0,0,0.00139930034982509,0.00119940029985007,0,0,0,0,0,0,0,0,0,0,0,0,0,0,0,0,0,0,0,0.00269865067466267,0.00449775112443778,0,0,0,0,0.00269865067466267,0.00379810094952524,0,0,0,0,0,0,0,9.99500249875062e-05,0,0,0,0,9.99500249875062e-05,0.000199900049975012,9.99500249875062e-05,0,9.99500249875062e-05,0,0,0,0,0,0,0,0.015392303848076,0.00839580209895052,0.00109945027486257,0,0,0,9.99500249875062e-05,0,0,0,0.000299850074962519,0.000399800099950025,0,0.000199900049975012,0.00279860069965018,0,0,0,0,0,0,0,0.000199900049975012,0,0,0.000499750124937531,0,0,0,0,0.0114942528735632,0,0,0,0,0.000199900049975012,0.000299850074962519,0,0,0,0,9.99500249875062e-05,0.00809595202398801,0,0,0,0,0,0,0,0,0.00209895052473763,0.000499750124937531,0,0,0,0.00229885057471264,0,0,0,9.99500249875062e-05,0,0,0,0,0.0189905047476262,0.00199900049975012,0,0,0.00979510244877561,9.99500249875062e-05,9.99500249875062e-05,0,0,0,0,0.12383808095952,0,0,0.00129935032483758,0,0,0,0,0,0,0.000199900049975012,0,0,0,0,0.00259870064967516,0.000499750124937531,9.99500249875062e-05,0.000399800099950025,0,0.015992003998001,0
0,0,0,0,0,0,0.000199840127897682,9.99200639488409e-05,0,0,0,9.99200639488409e-05,0,0,0.0132893685051958,0,0,0,0,0,9.99200639488409e-05,0.0021982414068745,0,0.000999200639488409,0,0.115907274180655,9.99200639488409e-05,0,0.000899280575539568,0,0,0,0,0.00319744204636291,0,0,0.000599520383693046,0,0,0,0,0,0,0.000599520383693046,0,0,0,0,0,0,0,0,0,0,0,0,0,0,0,0,0,9.99200639488409e-05,9.99200639488409e-05,0,0.000499600319744205,0,0.0191846522781775,0,0,0,0,0,0.000199840127897682,9.99200639488409e-05,0,0,0,0,0,0,0,0,0,0,0.000299760191846523,0,0,0,0,0.0065947242206235,9.99200639488409e-05,0.000199840127897682,0.000199840127897682,0,0,0,0,0,0.00139888089528377,0,0,0,0,0,0,0,0,0.0641486810551559,0,0,0,0,0,9.99200639488409e-05,0,0,0,0,0.0109912070343725,0,0,0,0,0.0186850519584333,0,0.000199840127897682,0,0,0,0,0,0.0192845723421263,0,0,0,0,0,9.99200639488409e-05,0,0,0,0,0,0,0,0,0,0,0,0.00339728217426059,0,0,0,0,0,0,0,0,0,0,0,0,0,0,0,9.99200639488409e-05,0,0,0,0,0,0.00289768185451639,0.257993605115907,0,0,0,0,0,0,0,0,0,0,0,0,0,0,0,0,0,0,0.004396482813749,9.99200639488409e-05,0,0,0,0,0,0,0,0,0,0,0,0,0.00399680255795364,0,0,0,0.00139888089528377,0,0,0,0,9.99200639488409e-05,0,0.00279776179056755,0,0.000599520383693046,9.99200639488409e-05,0,0,0,0,0,0,0,0,0.000699440447641887,0,0.00209832134292566,0,0,0,0,0,0,0,0,0,0,0.00199840127897682,0,0,0,0,0,0,0.000399680255795364,0,0,0,0,0,0,0,0,0,0,0,0,0,0,0,0,9.99200639488409e-05,9.99200639488409e-05,0,0,0.0104916067146283,0,0,0.110111910471623,0,0,0,0,0,9.99200639488409e-05,0.308453237410072,0,0,0.004396482813749,0,0,0,0,0,0.000199840127897682,0,0,0,0,0,0.0021982414068745,0,0,0,0,0,0
0,0,0,0,0,0,0.00079968012794882,0.000699720111955218,0,0,0,0,0,0,9.99600159936026e-05,0,0,0,0,9.99600159936026e-05,0.00459816073570572,0.00229908036785286,0,0,0,0.0782686925229908,0,0,9.99600159936026e-05,0.00109956017592963,0.0713714514194322,0,0.00249900039984006,0.00109956017592963,0,0,0,0.014094362255098,0,9.99600159936026e-05,0,0,0,0.00869652139144342,0,0.0385845661735306,0,0,0.00079968012794882,0,9.99600159936026e-05,0,0,0,0.00139944022391044,0,0,0,0,0.0191923230707717,9.99600159936026e-05,0.000499800079968013,0,0,0,0,0.00749700119952019,0,0.00289884046381447,0,0.00329868052778888,9.99600159936026e-05,0,0,0,0,0,0,0,0.00499800079968013,0.000199920031987205,0.00279888044782087,0.0393842463014794,0,0,0,0,0,0,0.00919632147141144,0,0.000599760095961615,0.000199920031987205,0,0,0,0,0,0,0,0,0,0,0,0.000699720111955218,0,0.0209916033586565,0.00819672131147541,0,0,0,0,0,0.0110955617752899,0,0,0,0,0.00459816073570572,0,0,0,0,9.99600159936026e-05,0.0130947620951619,0,0,0,0,0,0.00129948020791683,0,0,0,0,0,9.99600159936026e-05,0,0,0,9.99600159936026e-05,0,0,0,0,0,0.00039984006397441,0.000699720111955218,0,0,0.000599760095961615,0,0,0.000599760095961615,0,0,0,0,0,0,0,0,0,0,0,0,0,0,0,0,0,0,0,0,0,0,0,0,0.0176929228308677,9.99600159936026e-05,0,0,0,0,0.00229908036785286,0,0,0,0,0,0,0.00669732107157137,0,0,0,0,0,0,0,0,0.000499800079968013,0,0,0,0,0.000499800079968013,0,0,0,0,0,0,0,0,0.00419832067173131,0,0.0388844462215114,0.00299880047980808,9.99600159936026e-05,0.000199920031987205,0.0135945621751299,0,0,0,0,0,0,0,0.00809676129548181,0,0.0114954018392643,0,0,0,0,0,0,0,0,0,0,0,0,0,0,0,0,0,0,0,0,0.000199920031987205,0.00219912035185926,0,0,0,0,0,9.99600159936026e-05,0.00109956017592963,0,0,0.000599760095961615,0,0,0,0,0,0,0.000999600159936026,0.00429828068772491,0,0.0354858056777289,0,0,0,9.99600159936026e-05,0,0.000599760095961615,0.427528988404638,0,0,0.0236905237904838,0,0,0,0,0,0,0.0037984806077569,0,0,0,0,0,0,0.000299880047980808,0,0,0.0112954818072771,0
0,0,0,0,0.00249575721273834,0.00149745432764301,0,0,0,0.00299490865528601,0.00598981731057203,0,0,0,9.98302885095338e-05,0,0,9.98302885095338e-05,0.0113806528900869,9.98302885095338e-05,0,0.0212638514525307,0.00079864230807627,9.98302885095338e-05,0.000598981731057203,9.98302885095338e-05,0,0,9.98302885095338e-05,0.00319456923230508,0,0,0,0.000399321154038135,0,0,9.98302885095338e-05,0.00359389038634322,0.000598981731057203,0.000199660577019068,0.00249575721273834,0,0,0,0,0.0111809923130678,0,0,0,0,0.00838574423480084,0,0,0.000299490865528601,0,9.98302885095338e-05,0,0,0,0.0260557053009883,0.00319456923230508,0.0136767495258061,0,9.98302885095338e-05,0,0.00079864230807627,0.0130777677947489,0,0,0.00658879904162923,0.000199660577019068,9.98302885095338e-05,0.00079864230807627,0.0210641908755116,0,0,9.98302885095338e-05,0,0,0.0374363581910752,0,0.0151742038534491,0.0109813317360487,0,0,0,9.98302885095338e-05,0,0,0,0,9.98302885095338e-05,9.98302885095338e-05,0,0.00079864230807627,0,0,0,0.00189677548168114,0,0,0.00159728461615254,0,0,0.00638913846461016,9.98302885095338e-05,0,0.0200658879904163,0.00169711490466207,0.000698812019566737,0,0,0,0.0564041130078866,9.98302885095338e-05,0,0,0,0.0184686033742638,0,0,0,0.00109813317360487,0,0.000399321154038135,0.0371368673255466,0.000998302885095338,0.00299490865528601,0.000299490865528601,0.0367375461715084,0,0.00249575721273834,0,9.98302885095338e-05,0.00129779375062394,0,9.98302885095338e-05,9.98302885095338e-05,0,0,9.98302885095338e-05,0,0.000499151442547669,0,0,0,0,0.00199660577019068,9.98302885095338e-05,0.000199660577019068,0.00189677548168114,0,0,0.00728761106119597,9.98302885095338e-05,0,0,0,0.00189677548168114,0.00868523510032944,0,0,0,0.185484676050714,0,0,0,0,0,9.98302885095338e-05,0.00129779375062394,0,9.98302885095338e-05,0.00079864230807627,0,0,0.000299490865528601,0.00928421683138664,0.0217630028950784,0.000299490865528601,0,0,0.000199660577019068,0,0.000998302885095338,0,0,0,0,0,0.00249575721273834,0.00688828990715783,9.98302885095338e-05,0,0,0,0.00329439952081462,0,0,0.00349406009783368,0,0,0,0.0342417889587701,0,0.00079864230807627,0.000299490865528601,0,0,0.000299490865528601,0.000199660577019068,0,0.00119796346211441,0.000199660577019068,0.00329439952081462,0,0.00918438654287711,0.00748727163821503,0.00229609663571928,0,0,0.00229609663571928,0,0,0.000399321154038135,0,0,0,0.00479185384845762,0.000199660577019068,0.0152740341419587,0,0,0.0189677548168114,0,9.98302885095338e-05,0.000299490865528601,0,0,0,9.98302885095338e-05,0,0,0,0.000199660577019068,0,0,0,0,0,0,0.000299490865528601,0.00139762403913347,0,0.00179694519317161,0.000299490865528601,0.000199660577019068,0,0.000998302885095338,0,0.00109813317360487,0,0,0.000299490865528601,0.000698812019566737,0,0,0,0,0,0,0,0.00159728461615254,0,0,9.98302885095338e-05,0.000399321154038135,0,9.98302885095338e-05,0.178197064989518,0,0,0.016272337027054,0,0,0,0,0.00169711490466207,0.00758710192672457,0,0,0,0,0,0,0.00119796346211441,0.000199660577019068,0,0,0.00399321154038135,0
0,0,9.99100809271655e-05,0,0.0101908282545709,0.00369667299430513,0.0060945149365571,0,0,0.00489559396543111,0.00109901089019882,0,0.00359676291337796,0,0.00369667299430513,0,0,0,0.00999100809271656,0,0,0,0.00269757218503347,0.000399640323708662,0,0.00179838145668898,0,0.00629433509841143,0.00129883105205315,0,0,0,0,0,0,0,0.00089919072834449,0.000299730242781497,0.00239784194225197,0.000199820161854331,0.00299730242781497,0,0,0,0.00209811169947048,0.000499550404635828,0,0,0,0,0.0028973923468878,0,0,0,9.99100809271655e-05,0,0,0,0,0.0264761714456989,0,0.000299730242781497,0.00159856129483465,0,0,0.00089919072834449,0.00709361574582875,0,0,0.00679388550304726,0.000299730242781497,9.99100809271655e-05,0.00339694275152363,0.00229793186132481,0,0,0,0,0,0.0201818363472874,0,0.00709361574582875,0.00849235687880907,0.00129883105205315,0.0589469477470277,9.99100809271655e-05,0.00199820161854331,9.99100809271655e-05,0.00149865121390748,0,0,0.000199820161854331,0.00279748226596064,0.00219802178039764,0,0,0,0.000599460485562993,9.99100809271655e-05,0,9.99100809271655e-05,0,0,0.00119892097112599,0.0054950544509941,0,9.99100809271655e-05,0.161554600859227,0.00659406534119293,0,0,0,0,0,0.000299730242781497,0,0,0.00179838145668898,0.00829253671695474,0,0,0,0.00169847137576181,0.000399640323708662,9.99100809271655e-05,0.0445598960935158,0,0,0,0.125686881806374,0.000999100809271655,9.99100809271655e-05,0,0,9.99100809271655e-05,0,0.000199820161854331,0,0,0,9.99100809271655e-05,0,0,0,0.00249775202317914,0,0.000999100809271655,0,0,0,0.000199820161854331,0,0,0.0028973923468878,9.99100809271655e-05,0,0,0,9.99100809271655e-05,0.00469577380357678,0,0,0,9.99100809271655e-05,0,0,0,0,0,0,0.00249775202317914,0,0.166650014986512,0,0,0,0,0.00419622339894095,0.0148866020581477,0,0,0,0,0,0.000699370566490159,0,0,0,0,0,0,0.00109901089019882,0,0,0,9.99100809271655e-05,0,0,0,0,0,0,0,0,0,0.00269757218503347,9.99100809271655e-05,0,0,0.00129883105205315,0,0,0.000299730242781497,0,0,0,0.00329703267059646,0.00159856129483465,0.0199820161854331,0,0.00539514437006694,0.00459586372264962,0,0,0,0,0.0346687980817264,0,0.000199820161854331,0.00219802178039764,0.0130882206014587,9.99100809271655e-05,0,0.0305724847637127,0,0,9.99100809271655e-05,0,0,9.99100809271655e-05,0,0,0,0,0,0,0,0,0,0,0.000199820161854331,9.99100809271655e-05,0,0,0.00149865121390748,0.000499550404635828,9.99100809271655e-05,0.000199820161854331,9.99100809271655e-05,0,0,0,0,0.00089919072834449,0,9.99100809271655e-05,0,0,0.000299730242781497,0.00489559396543111,9.99100809271655e-05,0.000299730242781497,0.000799280647417324,0,0,0,0,9.99100809271655e-05,0.00239784194225197,0.0752322909381557,0,0,0,0,0,0,0,9.99100809271655e-05,0.00109901089019882,0,0,0,0,0,0.000499550404635828,0.000299730242781497,0.00209811169947048,0,0,0.00359676291337796,0
0.00359712230215827,0,0,0,0.0122901678657074,0,9.99200639488409e-05,0,0,0.00499600319744205,0.00549560351718625,0,0,0.00469624300559552,0.0185851318944844,0,0.00989208633093525,9.99200639488409e-05,0,0,0.00139888089528377,0.00379696243005596,0.00139888089528377,0,0.00259792166266986,0.0285771382893685,0,0,0.000499600319744205,0,9.99200639488409e-05,0,0,9.99200639488409e-05,9.99200639488409e-05,0,0.000199840127897682,9.99200639488409e-05,0.0021982414068745,0,0.00809352517985612,0,0,0,0.00319744204636291,0.000999200639488409,0,0,0,0,0.00209832134292566,0,0,0,0,0,0,0,0,0.0216826538768985,0,0.00459632294164668,0.00159872102318145,0,0.00459632294164668,0.00139888089528377,0.00269784172661871,0.00399680255795364,0,0,0,0,0,0.0214828137490008,0,0,0,0,0,0.00329736211031175,0,0.0182853717026379,0.000199840127897682,0,0.00529576338928857,0,0,0,0.00149880095923261,0,0,0.00149880095923261,0.000399680255795364,0,0.00579536370903277,0,0,9.99200639488409e-05,0,0,0.000299760191846523,0,0,0,0.00119904076738609,0,0.000199840127897682,0.0450639488409273,0.00469624300559552,0.00449640287769784,0,0,0,0,0,0,0,0.00899280575539568,0.00249800159872102,9.99200639488409e-05,0,0,0.0396682653876898,0,0.000899280575539568,0.064048760991207,0,0,0,0.197242206235012,0,0.041466826538769,0,9.99200639488409e-05,0,0.000499600319744205,0.0507593924860112,0,0,0.000499600319744205,0,0,0.00129896083133493,0,0,0,0,0,0,0,0.000399680255795364,0,0.00499600319744205,0,0,0,0,0,0.015087929656275,0.00159872102318145,0,0,0,0.000199840127897682,0,0,0,0,0,0,0.00269784172661871,9.99200639488409e-05,9.99200639488409e-05,0,0,0,0,0,0.00679456434852118,0,0,0,0,0.00129896083133493,0,0,9.99200639488409e-05,0,0,0,0,0.00309752198241407,0.000199840127897682,0,9.99200639488409e-05,0,0,0,0,0,0,0,0,0,0.00899280575539568,0.00419664268585132,0,0,0,0,0,0,0.0065947242206235,0,0.000199840127897682,0,0.0286770583533173,0,0,0,0,0,0,0,0,0,0,0,0.00249800159872102,0,0.00949240607513989,0,0,0.0274780175859313,0,0,0,0,0,0,0,0,0.0107913669064748,0,0,0,0.0021982414068745,0.00149880095923261,0,0,0.0320743405275779,0.000299760191846523,0.00109912070343725,0,0,0.0271782573940847,0,0,0,0.000199840127897682,0.000699440447641887,0,0,0,0,0,0,0.0226818545163869,0.000299760191846523,0.0122901678657074,0,9.99200639488409e-05,0.00769384492406075,0,0,0,0,0,0.00319744204636291,0.0405675459632294,0,0,9.99200639488409e-05,0.00179856115107914,0,0,0,0,0.0188848920863309,0.000699440447641887,0,0,0,0,0.00969224620303757,0,0.00229816147082334,0,0,0.00109912070343725,0
0,0,0,0,0,0,9.99800039992002e-05,0,0,0,0,0,0.000499900019996001,0,0.002999400119976,0,0,0,0,0,0,0,0,0.00849830033993201,0,0.219456108778244,0,0,0.00439912017596481,0.000899820035992801,0,0,0,0,0,0,0.00879824035192961,0,0,0,0.0031993601279744,0,0,0,0,0,0,0,0,0,0,0,0,0,0,0,0,9.99800039992002e-05,0,0,0,0.0018996200759848,0,0,0,0,0.0016996600679864,9.99800039992002e-05,0,0,0,0,0,0,0,0,0,0,0,0,0,0,0,0,0.00469906018796241,0.0002999400119976,0,0,0,0,0.0738852229554089,0.0012997400519896,0.0215956808638272,0,0,0.000499900019996001,0,0,0,0,0,0.0011997600479904,0,0,0,0,0,0.0753849230153969,0,0,0,0,0,0,0,0.0023995200959808,0,0,0,0.000399920015996801,0,0,0.00869826034793041,0,0,0,0,0,0,0,0,0.001499700059988,0,0.0016996600679864,0,0,0.0191961607678464,0,0,0,0.002999400119976,0,0,0,0,0,0.000699860027994401,0,0,0,0,0,0,0,0.0001999600079984,0,0,0,0,0,0,0,0,0,0,0,0,0.000699860027994401,0,0,0,0,9.99800039992002e-05,0,0,0,0,0,0,0,0,0,0,0,0,0,0,0,0,0,0.0001999600079984,0,0.0011997600479904,0,0,0,0,0,0,0.0693861227754449,0,0,0,0,9.99800039992002e-05,0.001999600079984,0,0,0,0.0027994401119776,0,0,0,0,0,0,0,0,0.0562887422515497,0,0,0,0,0,0,0,0,0,0,0,0.0186962607478504,0,0,0.0166966606678664,0,0,0,0,0,0,0,0,0,0,9.99800039992002e-05,0,0,0,0,0,0,0,0,0,0,0,0.000599880023995201,0,0,0,0,0,0,0,0.0001999600079984,0,0,0,0,0.0216956608678264,0,0,0.139372125574885,0.0001999600079984,0,0,0,0,0,0.168966206758648,0,0,0.028994201159768,0,0,0,0,0.000699860027994401,0.000699860027994401,0,0,0,0,0,0,0,0.000999800039992002,0,0,0,0
0.000199760287654814,0,0,0,0.016679984019177,0,0,0,0,0.00848981222532961,0.00868957251298442,0,0,0,0.00399520575309628,0.0097882540950859,0.00259688373951258,0,0.0101877746703955,9.98801438274071e-05,0,0.0110866959648422,0,0.000199760287654814,0,0.0108869356771874,0,0,0.00119856172592889,0.00149820215741111,0.00119856172592889,0,0,0.000299640431482221,0,0,9.98801438274071e-05,0.000199760287654814,0,0.00259688373951258,0.0104874151018777,0.00229724330803036,0,0,0,0.00289652417099481,0,0,0,0,0.00219736316420296,0,0,0.000399520575309628,9.98801438274071e-05,0,0,0.000599280862964443,0,0.00129844186975629,0.0149820215741111,0.00779065121853775,0.000799041150619257,0,0,0,0.0350579304834199,0.000399520575309628,0,0.0125848981222533,0.000199760287654814,0,0,0.0475429484618458,0,0,0,0,0,0.00529364762285258,0,0,0.0180783060327607,0,0,9.98801438274071e-05,0.00269676388333999,0,0.00709149021174591,0,0,9.98801438274071e-05,0,0,0.0113863363963244,0,0,0,0.000998801438274071,0,0,0,0,0,0,0,0,0.0546344386735917,0,0.00189772273272074,0,0,0,0,0,0,0,0,0.0115860966839792,9.98801438274071e-05,0,0.0237714742309229,0.0159808230123851,0,0,0.084898122253296,0.00359568517778666,0.000299640431482221,0,0.185177786656013,0,0,0.00349580503395925,0,0,0,9.98801438274071e-05,9.98801438274071e-05,0,0,0.000599280862964443,0,0,0,0,0,9.98801438274071e-05,0.000799041150619257,0,9.98801438274071e-05,0.00529364762285258,0,0,0.000898921294446664,9.98801438274071e-05,0,0.00149820215741111,0,0.0382540950858969,0.00459448661606073,0,0,0,0.0206751897722733,0,0,0,0.00359568517778666,0,0,0.000499400719137036,0,0,0,0,0.000499400719137036,0,0.00299640431482221,0.00259688373951258,0,0,0,0,0,0,0,0,0,0,0,0.000399520575309628,0.0125848981222533,9.98801438274071e-05,0,0,0,0,0,0,0,0,0,0.0175789053136237,0.00479424690371554,0,0.00219736316420296,9.98801438274071e-05,0,9.98801438274071e-05,0.00169796244506592,0,0,0,0,9.98801438274071e-05,0,0.000199760287654814,0,0,0,0.00449460647223332,0.0151817818617659,0,0,0,0,0,0,0,0,0.00219736316420296,0,0,0.000499400719137036,0,0,0,0.00409508589692369,0,9.98801438274071e-05,0,0,0,0,0,0.00109868158210148,0,0,0,0,0,0.000399520575309628,0,9.98801438274071e-05,9.98801438274071e-05,9.98801438274071e-05,0.000499400719137036,0,9.98801438274071e-05,0.00469436675988813,0,0,0.000199760287654814,0.000199760287654814,0,0,0,0,0,0.000499400719137036,0.000599280862964443,0,0.00399520575309628,0,9.98801438274071e-05,0,0,0,0,0.141030763084299,0,0,0.0103875349580503,0,0,0,0,0.0196763883339992,0.00189772273272074,0.00229724330803036,0,0,0,0,9.98801438274071e-05,0,0.000299640431482221,0,0,0.00109868158210148,0
0,0,0,0,0,0,0,0,0,0,0,0,0,0.0216978302169783,0.0555944405559444,0,0,0,0,0,0,0,0,0,0,0.211578842115788,0,0,0.0002999700029997,0.0012998700129987,0.0003999600039996,0,0,0,0,0,0.0008999100089991,0.0001999800019998,0,0,0.0002999700029997,0,0,0,0,0,0,0,0,0,9.99900009999e-05,0,0,0,9.99900009999e-05,0,0,0,0,0,0,0,0,0,0,0,0.0111988801119888,0,0,0,0.0006999300069993,0,0,0,0,0,0,0,0,0,0.0014998500149985,0,0,0,0.0191980801919808,0,0,0,0,0.001999800019998,0.0611938806119388,0.0004999500049995,0.0001999800019998,0,0,0,0,0,0,0,0,0.0134986501349865,0,0,0.0001999800019998,0,0,0.083991600839916,0,0,0,0,0,0.0024997500249975,0,0,0,0,0.0112988701129887,0.0005999400059994,0,0,0,9.99900009999e-05,0.0097990200979902,0,0,0,0,0,0.0001999800019998,0.0033996600339966,0,0,0,0,0.0007999200079992,0,0,0,0.0012998700129987,0.0001999800019998,0,0,0,0,0,0,0,0,0,0.0052994700529947,0.0001999800019998,0,0,0,0,0,0,0.0025997400259974,0,0,0,0,0,9.99900009999e-05,0,0,0,0,0,0,0.0054994500549945,0,0,0,0,0.0068993100689931,0,0,0,0,0,0,0,0,0,0,0,0,0,0.0051994800519948,9.99900009999e-05,0,0,0,9.99900009999e-05,0,0,0.0002999700029997,0,0,0,0,0,0,0,0,0,0.0001999800019998,0,0,0,0,0,0,0.0076992300769923,0,0,0,0,0,0,0,0,0,0,0,0.0022997700229977,0,0,0,0,0,0,0,0,0,0,0,0,0,0.0173982601739826,0,0,0,0,0,0,0,0.0278972102789721,0.0003999600039996,0.0011998800119988,0,0.0012998700129987,0,0.0050994900509949,0,0,0,0,0,0,0,9.99900009999e-05,0,0,0,0,0.0688931106889311,0.0067993200679932,0.0033996600339966,0.0176982301769823,0.0001999800019998,9.99900009999e-05,0,0,0,0,0.263773622637736,0,0,0.0030996900309969,0,0,0,0,0,0,0.0030996900309969,0,0,0,0,0.0010998900109989,0,0.0016998300169983,0,0,0.0233976602339766,0
0,0.000899730080975707,0,0,0,0.000199940017994602,9.99700089973008e-05,0,0,0,0,0,0,0,0,0,0,0,0,0,0,9.99700089973008e-05,0,0,0,0.559932020393882,0,0,0,0,0.0578826352094372,0,0,0.00919724082775168,0,0,0,0.000399880035989203,0,0,0,0,0,0,0,0.000199940017994602,0,0,0,0,0,0,0,0,0,0,0,0,0.00279916025192442,0.000899730080975707,0,0.00919724082775168,0,9.99700089973008e-05,0,0,0.00129961011696491,0,0,0.00299910026991902,0,0,0,0,0,0,0,0,0,0.00209937018894332,0,0,0.00579826052184345,0,0,0,0,0,0,0,0,0,0,0,0,0,0,0,0.00109967009897031,0,0,0,0,0,0,0,0,0.000499850044986504,0,0,9.99700089973008e-05,0,0,0.0139958012596221,0.000899730080975707,0,0,0,0.00659802059382185,0,0,0,0,9.99700089973008e-05,0,0,0.0131960411876437,0,0,0,0,0,0,0,0,9.99700089973008e-05,0,0,0,0,0,0,0,0,0,0,0,0,0,0,9.99700089973008e-05,0,9.99700089973008e-05,0.000499850044986504,0,0,0,0,0,0.00679796061181645,0.000199940017994602,0,0,0,0,0,0.000399880035989203,0,0,0,0,0,0.000899730080975707,0,0,0,0,0.000299910026991902,0.012296311106668,0,0,9.99700089973008e-05,0,0,0.000199940017994602,0,0,0,0,0,0,0.0106967909627112,0,0.000499850044986504,0,0,0,9.99700089973008e-05,0,0,0.00199940017994602,0,0,0,0,0,0,0,0.000899730080975707,0,0,0,0,0,0,0,0.0160951714485654,0,0,0.00149955013495951,0,0,0,0,0,0,0,0,0,0,0.0143956812956113,0,0,0,0,0,0.000199940017994602,0,0,0,0,0,0,0,0,0.000199940017994602,0,0,0,0,0,0.000799760071978406,0.000299910026991902,0,0,0,0,0,0.000999700089973008,0,0,0,0,0,0,0,0,0,0,0.0766769969009297,0,0,0.0192942117364791,0,0,0,0,0,0,0.118664400679796,0,0,0.00989703089073278,0,0,0,0,0,0.000699790062981106,0,0,0,0,0,0.0103968809357193,0,0,0,0,0.00309907027891633,0
0,0,0,0,0.00699370566490159,0,0,0,0,0.00499550404635828,0.00849235687880907,0,0,0.00149865121390748,0.00209811169947048,0.00139874113298032,0,0,0,0,0,0.0161854331102008,0.00149865121390748,0,0,9.99100809271655e-05,0,0,0.000299730242781497,0,0,0,0,0,0,0,0,0,0.00179838145668898,0.000299730242781497,0.00759316615046458,0,0,0,0.00739334598861025,9.99100809271655e-05,0,0,0,0,0.00779298631231891,0.000999100809271655,0,0,0,0,0,0,0,0.0374662803476871,0,0.0031971225896693,0,0,0,0,0,0,0,0,0,0,0,0,0,0,0,0,0,0.0116894794684784,0,0,0,0,0,0,0,0,0,0,0,9.99100809271655e-05,0.000699370566490159,0,0.00649415526026576,0.00129883105205315,0,9.99100809271655e-05,0,0,0,0.0031971225896693,0,0,0,0,0,0.0655410130882206,0.0493555799780198,0.00209811169947048,0,0,0,0,0,0,0.000999100809271655,0,0,0,0,0,0.0179838145668898,0,0.000199820161854331,0.108402437805975,0,0,0,0.207313417923869,0,0.00139874113298032,0,0,0.000499550404635828,0,9.99100809271655e-05,9.99100809271655e-05,9.99100809271655e-05,0,9.99100809271655e-05,0,0.00139874113298032,0,0,0,0,0,0,9.99100809271655e-05,0.000799280647417324,0,0,0,9.99100809271655e-05,9.99100809271655e-05,0,0,0,0.00829253671695474,0,0,0,0,0,0,0,0.0146867818962933,0,0,0.000599460485562993,0,9.99100809271655e-05,0,0,0.000299730242781497,0,0,0,0,0,0,0,0,0,0,0,0,0,0,0,0.00459586372264962,0.000599460485562993,0,0,9.99100809271655e-05,0,0,0,0,0,0,0,0,0,0.00229793186132481,0,0,9.99100809271655e-05,0.000799280647417324,0,0,0,0,0.00089919072834449,0,0.0113897492256969,0,0.0222799480467579,0,0,0,0,0,0,0,0,0,0.00909181736437207,0,0,0,0,0,0,0,0,0,9.99100809271655e-05,0,0,0,0,0,0,0,9.99100809271655e-05,0,0,0,0,0,0,0,0,0,9.99100809271655e-05,0,0,0,0,0,0,9.99100809271655e-05,9.99100809271655e-05,0,0,0,0,0.0539514437006694,0,0,0.00109901089019882,0,0.000199820161854331,0,9.99100809271655e-05,0,0.0086921770406634,0.154860625437107,0,0.0448596263362973,0.033769607353382,0,0,0,0,0,0,0.00349685283245079,0,0,0,0,0.0263762613647717,0,0.00389649315615946,0,0,0.00159856129483465,0
0,0,0,0,0.0668933106689331,0,0,0,0,0,0,0,0,0,0.0122987701229877,0,0,0,0,0,0,0.0117988201179882,0.0030996900309969,0,0.0034996500349965,0.0078992100789921,0,0.0186981301869813,0.0021997800219978,0,0,0.0003999600039996,0,0,0,0,0,0,0.0233976602339766,0,0,0,0,0,0.0020997900209979,9.99900009999e-05,0,0,0.0028997100289971,0,0,0.0005999400059994,0,0.0005999400059994,0,0,0,0,0,0.0075992400759924,0,0,0,0,0,0,0.0016998300169983,0,0,0.0146985301469853,0,0,0.0040995900409959,0,0,0,0,0,0,0,0,0.0350964903509649,0,0,0,0,0,0,0,0,9.99900009999e-05,0,0,0,0.0008999100089991,0,0,0,0,0,0,0,0.0041995800419958,0,0,0,9.99900009999e-05,0.0028997100289971,0,0,0,0,0,0,0,0,0,0.0004999500049995,0.0014998500149985,0,0,0,0.0407959204079592,0.0003999600039996,0,0.147685231476852,0,0,0,0.0427957204279572,0,0,0,0,0.0022997700229977,0,0,0,0,0,0.0003999600039996,0,0.0017998200179982,0,0,0,0,0.0023997600239976,0,0,0.0007999200079992,0,0,0.0356964303569643,0,0,0,0,0,0,0,0,0,0,0,9.99900009999e-05,0,0,0,0,0.0010998900109989,0,0,0,0,0,0,0,0,0,0,0,0,0,0.0013998600139986,0,0,0,0,9.99900009999e-05,0,0.0026997300269973,0,0,0,0,9.99900009999e-05,0,9.99900009999e-05,0,0,0,0,0.0010998900109989,0,0.0008999100089991,0.0003999600039996,0.0016998300169983,0.0001999800019998,0.0003999600039996,0,0,0,0,0,0,9.99900009999e-05,0.0025997400259974,0.0742925707429257,0,0.0030996900309969,0.0143985601439856,0,0,0,0,0,0,0,0,0,0,0,0.0063993600639936,0,0,0,0,0.0001999800019998,0,0,0,0.0005999400059994,0,0.0002999700029997,0.008999100089991,0,0,0,0,0,9.99900009999e-05,0,0,0,0.0005999400059994,0.0001999800019998,0,0,0,0.0001999800019998,0,0,0,0,0,0,0,0.0005999400059994,0.0230976902309769,0,0,0.0100989901009899,0,0,0,0,9.99900009999e-05,0,0.246275372462754,0,0.0060993900609939,0.0832916708329167,0,0,0,0.0011998800119988,0,0,0,0,0,0,0,0,0,0,0,0.0001999800019998,0.0016998300169983,0
0,0,0.000299850074962519,0,0,0,0.000399800099950025,0.00189905047476262,0,0,0,0,0,0,0,0.000899550224887556,0.00129935032483758,0,0,0,0.0106946526736632,0.00459770114942529,0,0.000199900049975012,0,0,9.99500249875062e-05,0,0.00189905047476262,9.99500249875062e-05,0,0,0,0.00439780109945028,0,0,0.000699650174912544,0.0111944027986007,0,0,0,0,0,0,0,0.0279860069965017,0,0,0,0,0,0,0,0,0.00519740129935032,0,0,0.000199900049975012,0,0.000999500249875062,0.00119940029985007,0,9.99500249875062e-05,0,0.0031984007996002,0,0.0063968015992004,0,0,0.0095952023988006,0.00829585207396302,0,0,0,0,0,0,0,0,0,0,0.000899550224887556,0.00429785107446277,0,0.0656671664167916,0.00949525237381309,0,0,0,0,0,0.00119940029985007,9.99500249875062e-05,0,0,9.99500249875062e-05,9.99500249875062e-05,0,0,0,0,0,0.00119940029985007,0,0,9.99500249875062e-05,0,0.0318840579710145,0,0,0,0,0,0,0,9.99500249875062e-05,0,0,0.0114942528735632,0,0,0,9.99500249875062e-05,0,0.00809595202398801,0,0.00539730134932534,0,0,0,0.00429785107446277,0.00139930034982509,0,0.000199900049975012,0.000999500249875062,0,0.000399800099950025,0,9.99500249875062e-05,0.000199900049975012,0.000599700149925037,9.99500249875062e-05,0,0,0,0,0.00169915042478761,0,9.99500249875062e-05,9.99500249875062e-05,0,0.0047976011994003,0,0.0015992003998001,0.000599700149925037,0,0,0,0,0.0185907046476762,0,0,0,0.000299850074962519,0,0,0,0,9.99500249875062e-05,0.000299850074962519,0.00249875062468766,0,0,0,0,0,0,0.0644677661169415,0.0104947526236882,0,0,0,0,0,0.000499750124937531,0,0,0,0,0,0,0.00529735132433783,9.99500249875062e-05,0,0,0,0,0,9.99500249875062e-05,0.032183908045977,0,0,0,0,0,0.00139930034982509,0.000999500249875062,9.99500249875062e-05,0,0.000399800099950025,0,0,0,0,0.00079960019990005,0,0.00609695152423788,0.0286856571714143,0.00499750124937531,0.00169915042478761,0.00669665167416292,0,0,0,0,0,0,0,0,0,0.016591704147926,0,0,0.112543728135932,0,0,0.00079960019990005,0,0,0.0744627686156921,0,0,0,0.00779610194902549,0,0,9.99500249875062e-05,0,0,0,0,0.000699650174912544,0,0,0.00909545227386307,0.00129935032483758,9.99500249875062e-05,0,0.0015992003998001,0,0.000299850074962519,0,9.99500249875062e-05,0.000399800099950025,9.99500249875062e-05,0,0,0,0,0.00219890054972514,0,0.00779610194902549,0,0,0.000199900049975012,0,0.00549725137431284,0,0,0.23688155922039,0,9.99500249875062e-05,0.0547726136931534,0,0,0,0,0,0,0,0,0,0,0,0,0,0.000599700149925037,0,0,0.0198900549725137,0
0,0,0,0,0.0120987901209879,0,0,0,0,0.0042995700429957,0.0072992700729927,0,0,0.0056994300569943,0.0057994200579942,0,0,0,0,0,0,0.013998600139986,0.0020997900209979,0,0,9.99900009999e-05,0,0,0.0032996700329967,0,0,0,0,0.0007999200079992,0,0,9.99900009999e-05,0.013998600139986,0.0016998300169983,0,0,0,0,0,0.0011998800119988,0.0098990100989901,0,0,0,0,0.0017998200179982,0,0,0.0002999700029997,0,0,0,0,0,0.0104989501049895,0.0094990500949905,0.0041995800419958,0,0,0,0.0004999500049995,0.0106989301069893,0,0,0.0025997400259974,0,0,0.0003999600039996,0.0236976302369763,0,0,0,9.99900009999e-05,0.0006999300069993,0.0684931506849315,0,0.0057994200579942,0,0,0,9.99900009999e-05,0,0,0,0,0,0,0,0,0.0091990800919908,0,0,0,0,0,0,0,0,0,0,0,0,0.163783621637836,0.0087991200879912,0.0051994800519948,0,0,0,0.003999600039996,0,0,0,0,0.0052994700529947,0,0.0218978102189781,0,0,0,9.99900009999e-05,0.0425957404259574,0,0,0,0.166783321667833,0,0.0357964203579642,0,0,0,0,9.99900009999e-05,0,0,0,0.0006999300069993,0,0,0,0,0,0,0,0,0,0.0014998500149985,0,0,0,0,0,0,0,0,0.0185981401859814,0,0,0,0,0,0,0,0,0,0,0.0001999800019998,0,9.99900009999e-05,0,0,9.99900009999e-05,0,0.0020997900209979,0.0077992200779922,0,0,0,0,0,0.0051994800519948,0,0,0,0,0,0,0.0175982401759824,0,0,0,0,0.0071992800719928,0,0,0,0,0,0,0.154184581541846,0,0.0242975702429757,0,0,0,0.0015998400159984,9.99900009999e-05,0,0,0,0.0025997400259974,0,0.004999500049995,0,0.0160983901609839,0,0,0,0,0,0,0,0,0,0.003999600039996,0,0,0,0,0.0031996800319968,0,0,0,0,0,0,0,0,0,0,0,0,0,0,0,0,0,0.0006999300069993,0.0016998300169983,0,0.0045995400459954,0.0014998500149985,0.0005999400059994,0,0,0,0,0,0,0.0010998900109989,0,0,0,0,0,9.99900009999e-05,0,0,0.0031996800319968,0,0,0,0,0,0.0026997300269973,0.0002999700029997,0,0,0.0155984401559844,0,0,0,0,0,0,0.0053994600539946,0,0,0,0,0,0,0.0015998400159984,0,0,0.0033996600339966,0
0,0,0,0,0,0,9.98203234178479e-05,9.98203234178479e-05,0.070872429626672,9.98203234178479e-05,9.98203234178479e-05,9.98203234178479e-05,0,0.0105809542822919,0,0,0,9.98203234178479e-05,9.98203234178479e-05,0,0.000199640646835696,0.000698742263924935,0,0,0,0.277899780395288,0,0,0,0,0.00359353164304252,0,0,0.00998203234178479,0.000199640646835696,0,0.00618886005190657,9.98203234178479e-05,0,0,0,0,0.004591734877221,0.000898382910760631,0,0.000499101617089239,0.00289478937911759,0,0,0,9.98203234178479e-05,0,0,0,9.98203234178479e-05,9.98203234178479e-05,0,0,0,0.00219604711519265,0,0.000598921940507087,0,0,0.00209622679177481,0.000399281293671391,0.0178678378917948,0.00139748452784987,0,0.00748652425633859,0.000199640646835696,0,0,9.98203234178479e-05,9.98203234178479e-05,0,0,0,0,0.000499101617089239,0,0,0.0122778997803953,0,0.000798562587342783,0,0,0,0,0.00159712517468557,0,9.98203234178479e-05,0,0,0,0.00988221201836694,0,0,0.000399281293671391,9.98203234178479e-05,0.000299460970253544,0,0,9.98203234178479e-05,9.98203234178479e-05,9.98203234178479e-05,0.004591734877221,0.232681173887003,0,0,0,0,0,0.000898382910760631,0,0,0,0,0.0047913755240567,0,0,0.000299460970253544,0,0,0.00149730485126772,0.00239568776202835,0,0,9.98203234178479e-05,0,9.98203234178479e-05,0.0145737672190058,0,0.0119784388101417,0,0,0.0110800558993811,0,0,0,0.00149730485126772,0,0,0,0,0,0.00109802355759633,0,0,0,0,0.00129766420443202,0,0,0,0,0,0,0.00199640646835696,0.000299460970253544,0,0,0.000199640646835696,0.00838490716709922,0,0,0,0,0,0,0.000598921940507087,0,0,0,0,0,0,9.98203234178479e-05,0.00389299261329607,9.98203234178479e-05,9.98203234178479e-05,0,0,0,0,0,0,0,0.000299460970253544,0,0,9.98203234178479e-05,0,0,0.00648832102216011,0,0,0,0,0,0,0,0,0,0,0.0024955080854462,0,0,0,0,0,0,0.000598921940507087,9.98203234178479e-05,0.000299460970253544,0,0.00279496905569974,0.000998203234178479,0,0.000199640646835696,0.00149730485126772,0,0,0.00618886005190657,0.000299460970253544,0,0,0,0.00189658614493911,9.98203234178479e-05,0.00319425034937113,9.98203234178479e-05,0,0.0842483529646636,0,9.98203234178479e-05,0.000199640646835696,0,0,0.0024955080854462,0,0,0.00529047714114594,0,0,0,0,0,0,0.00149730485126772,0,9.98203234178479e-05,0.000199640646835696,0,0,0.00369335196646037,0.000598921940507087,0,9.98203234178479e-05,9.98203234178479e-05,9.98203234178479e-05,0,0,9.98203234178479e-05,0,0,0,0,0.000299460970253544,0.000299460970253544,0,0.000199640646835696,0.0192653224196446,0,0.0022958674386105,0,9.98203234178479e-05,0,9.98203234178479e-05,0.0835496107007387,9.98203234178479e-05,0,0.00319425034937113,0,0,0,0,0,0.00738670393292074,9.98203234178479e-05,0,0,0,0,0.000898382910760631,0,0.000199640646835696,0,0,0.00209622679177481,0
0,0,0,0,0.00959712086374088,0,0,0,0,0,0.00829751074677597,0,0,0,0.00349895031490553,0.00169949015295411,0.00599820053983805,0,0,9.99700089973008e-05,0,0.0189943017094872,0,0,0,0.0209937018894332,0,0,9.99700089973008e-05,0.00309907027891633,0,0,0,0.00609817054883535,0,0,9.99700089973008e-05,0.00509847045886234,0.00259922023392982,0,0,0.00219934019794062,0,0,0.00979706088173548,0,0,0,0,0,0,0,0,0,9.99700089973008e-05,0,0.00529841047685694,0,0,0.015295411376587,0.0144956513046086,0.0288913326002199,0.00139958012596221,0,0,0,0.00129961011696491,0.00599820053983805,0,0,0.000899730080975707,9.99700089973008e-05,0,0.0262921123662901,0,0.00129961011696491,0.000299910026991902,0,0,0.00369889033290013,0,0,0,0,0,0,0,0,0.00239928021593522,0.00569829051284615,0,0.000199940017994602,9.99700089973008e-05,0,0.0159952014395681,0,0,0,0.00529841047685694,0,0,0,0,0,0,0,0,0.0231930420873738,0.00479856043187044,0,0,0,0,0.00689793062081376,0,0,0,0,0.000899730080975707,0,0,0,0.00139958012596221,0,0.00279916025192442,0.118864340697791,0,0,0,0.237228831350595,0,9.99700089973008e-05,0.000399880035989203,0,0.000299910026991902,0,9.99700089973008e-05,0,0,0,9.99700089973008e-05,0,0.000899730080975707,0,0,0,0.000299910026991902,0,0.000199940017994602,9.99700089973008e-05,0.00499850044986504,0,0,0.000399880035989203,9.99700089973008e-05,0,0,0,0,0.0110966709987004,0,0,0,0.0463860841747476,0,0,0.000299910026991902,0,0,0,0.000799760071978406,9.99700089973008e-05,0,0,0,0,0,0.000299910026991902,0,0.00189943017094872,0,0,0,0,0.000499850044986504,0,0,0.000299910026991902,0,0,0,0.00319904028791363,9.99700089973008e-05,0.000199940017994602,0,0,0,9.99700089973008e-05,0,0,0,0,0,0,0,0.00119964010796761,0,0.00149955013495951,9.99700089973008e-05,0.000399880035989203,0,0,0,0.000299910026991902,0.00169949015295411,0,0.00309907027891633,0,0.00869739078276517,0,0,0,0,0,0,9.99700089973008e-05,0,0,0.00559832050384884,0,0,0,0,0.0246925922223333,0,0,0.00969709087273818,0,9.99700089973008e-05,0.00199940017994602,0,0,0,0.00379886034189743,0.000599820053983805,0.00539838048585424,0,0,0,0,0,0.000199940017994602,0,0,0.00189943017094872,0.000999700089973008,0.00259922023392982,0,0.00139958012596221,0,0,0,0,9.99700089973008e-05,0,0,0,0,0,0.000599820053983805,0,0.00239928021593522,0.0111966410076977,0,0,0,0.000999700089973008,9.99700089973008e-05,9.99700089973008e-05,0.151654503648905,0,0,0.0228931320603819,0,0,0,0,0,0,0.00349895031490553,0,0,0,0,0.00489853044086774,0,0.000199940017994602,0,0,0.0191942417274818,0.00339898030590823
0.000600240096038415,0,0,0.000200080032012805,0,0,0,0,0,0,0,0,0,0,0,0,0,0,0,0,0,0.0321128451380552,0,0.00130052020808323,0.000200080032012805,0.000900360144057623,0,0,0,0.0040016006402561,0.184473789515806,0,0,0.0160064025610244,0,0,0.000500200080032013,0.0194077631052421,0.000200080032012805,0,0,0.000700280112044818,0.0274109643857543,0,0,0.0861344537815126,0,0,0,0,0,0,0,0,0.00480192076830732,0,0,0,0.00480192076830732,0,0,0,0,0,0,0,0.0409163665466186,0.00120048019207683,0,0,0,0,0,0,0,0.0692276910764306,0,0,0,0.0438175270108043,0.00240096038415366,0,0,0,0,0,0,0,0,0,0,0,0,0,0,0.00040016006402561,0,0,0,0,0.000700280112044818,0,0,0,0,0,0,0,0,0,0,0,0,0,0,0,0,0,0,0.000100040016006403,0,0,0.000800320128051221,0,0,0,0.0499199679871949,0,0,0,0,0,0,0,0,0,0.00040016006402561,0.000200080032012805,0,0,0.00660264105642257,0,0,0,0,0,0,0,0,0,0,0,0,0,0,0,0,0,0.0132052821128451,0.0524209683873549,0,0,0,0,0,0,0.000100040016006403,0.00100040016006403,0,0,0,0,0,0,0,0,0,0.149959983993597,0.0132052821128451,0,0,0,0,0,0,0,0,0,0,0,0,0.00550220088035214,0,0,0,0,0,0,0,0,0,0,0,0,0,0,0,0,0,0,0,0,0,0.00100040016006403,0,0,0.0607242897158864,0,0.00140056022408964,0,0,0,0,0,0.00210084033613445,0,0,0,0.00940376150460184,0.00300120048019208,0,0,0,0,0,0,0,0,0,0,0,0.00240096038415366,0,0,0,0,0,0,0.000700280112044818,0,0.0106042416966787,0,0,0,0,0,0,0,0,0,0,0,0,0,0,0,0,0.054421768707483,0,0,0,0,0,0,0,0,0,0,0,0,0,0.00950380152060824,0,0,0,0,0,0,0,0.00650260104041617,0,0,0,0,0.00240096038415366,0,0,0,0,0,0
0,0.0013983220135837,0,0,0,0,9.98801438274071e-05,0,0,0,0,0,0,0,9.98801438274071e-05,0,0,0,0,0,0.00069916100679185,0.00489412704754295,0,0,0,0.014482620854974,0,0,0.000599280862964443,9.98801438274071e-05,0,0,0,0,0,0,0.00819017179384738,0,0,0,0,0,0,0.00589292848581702,0,0.00359568517778666,0,0,0,0,0,0,0,0,0.000199760287654814,0,0,0,0,0,0,0.000599280862964443,0,0,0,0,0,0,0,0,9.98801438274071e-05,0,9.98801438274071e-05,0.000299640431482221,0,0,0,0,0,0.030663204155014,0,0,0,0,0.00129844186975629,9.98801438274071e-05,0,0,0,0,0,0,0.0116859768278066,0,0,0.00669196963643628,0,0,0.00299640431482221,0,0,0,0,0,9.98801438274071e-05,0,0,0.243607670795046,0,0.028465840990811,0,0.00129844186975629,0,0.00429484618457851,0,0,9.98801438274071e-05,0,0.00149820215741111,0.000299640431482221,0,0,0,0,0.00639232920495406,0,0,0,0,0.0055932880543348,0.00149820215741111,0.000399520575309628,0,0,0,0,0.00259688373951258,0.000199760287654814,0,0,0.000499400719137036,0,0,0,0,0,0.00289652417099481,0.000499400719137036,0,0,0.000599280862964443,0.00689172992409109,0,0,9.98801438274071e-05,0,0,0,0,0.00399520575309628,0,0,0,0.00349580503395925,0,9.98801438274071e-05,0,0,0,0,0.000199760287654814,0,0.000299640431482221,0,0,0,0,0.000299640431482221,0,0,0,0,0,9.98801438274071e-05,0,0,0,0,0,0,0,0,0.000199760287654814,0,0,0,0,9.98801438274071e-05,0,0,0,0,0,0.0947862564922093,0,0.00109868158210148,0.000199760287654814,9.98801438274071e-05,9.98801438274071e-05,0,0,0,0,0.000399520575309628,0,9.98801438274071e-05,0.00649220934878146,0.00109868158210148,0.00908909308829405,0.000399520575309628,0,0.00409508589692369,0,0,9.98801438274071e-05,0,0.0234718337994407,0,0.00189772273272074,0,0.00908909308829405,9.98801438274071e-05,0,0.0913903316020775,0,0,0,0,0,0,0,0,0,0,0,0,0,0,0,0,0.00109868158210148,0,0,0,0.00119856172592889,0.000299640431482221,0.000199760287654814,0,0,0.000199760287654814,0,0,0.000199760287654814,0.000399520575309628,0.00169796244506592,0,0,0,0.00928885337594886,0.239412704754295,0,0,0.00619256891729924,0,0,0,9.98801438274071e-05,9.98801438274071e-05,0.000199760287654814,0.0524370755093887,0,9.98801438274071e-05,0.0239712345185777,0,0,0,0,0,0.000799041150619257,0.00179784258889333,0,0,0,0,0.00119856172592889,9.98801438274071e-05,0.00359568517778666,0,0,0,0
0,0,0,0,0,0,0,0.00339898030590823,0,0,0,0.00169949015295411,0,0,0.0300909727081875,0,0,0,0,0,0.000599820053983805,0.0186943916824953,0,0,0,0,0.00109967009897031,0.0395881235629311,0.0803758872338299,0.0111966410076977,0,0,0,0,0,0,0,0.00299910026991902,0,0,0,0,0,0,0,0,0,0.00609817054883535,0,0,0,0,0,0,0.00409877036888933,0,0,0,0,0.000699790062981106,0,0,0,0.00119964010796761,0,0.000599820053983805,0.000599820053983805,0,0,0,0.00949715085474358,0,0,0.00449865040487854,0,0,0,0,0,0,0,0,0.00609817054883535,0,0,0.000599820053983805,0.00419874037788663,0,0,0.0194941517544737,0,0.00959712086374088,0,0,0,0,0,0,0,0,0,0,0,0,0,0,0,0,0,0,0,0,0,0.0558832350294912,0,0.000699790062981106,0,0,0.0140957712686194,0,0,0,0,0.00309907027891633,0.0711786464060782,0,0,0,0,0,0,0,0,0,0.0814755573328002,0,0.0222933120063981,0,0,0,0.017294811556533,0,0,0.000599820053983805,0,0,0,0,0,0.000499850044986504,0.00109967009897031,0,0,0.00379886034189743,0.00109967009897031,0,0,0,0,0,0,0,0,0,0,0.000599820053983805,0,0,0,0,0,0,0,0,0,0,0,0,0,0.00479856043187044,0,0,0,0,0.00119964010796761,0,0,0,0,0.000699790062981106,0,0.0535839248225532,0,0,0,0.00159952014395681,0,0,0,0,0,0.00199940017994602,0,0.00229931020693792,0,0.00299910026991902,0.000499850044986504,0,0,0,0.00159952014395681,0,0,0,0,0.000599820053983805,0.000599820053983805,0.0106967909627112,0.00959712086374088,0,0,0,0,0,0,0,0.0987703688893332,0,0.012296311106668,0,0,0.000499850044986504,0,0.0196940917724683,0,0,0.00129961011696491,0.0104968509447166,0,0.000899730080975707,0.00139958012596221,0.00119964010796761,0,0.00509847045886234,0.00379886034189743,0.00109967009897031,0,0,0,0,0,0.00209937018894332,0.00409877036888933,0,0.00139958012596221,0.000599820053983805,0.00139958012596221,0.00349895031490553,0.00139958012596221,0,0.000599820053983805,0,0,0.00139958012596221,0,0,0,0,0,0.165650304908527,0,0,0,0,0.000499850044986504,0,0.000699790062981106,0,0,0,0.00129961011696491,0,0,0,0,0,0,0,0,0,0,0,0,0,0.00969709087273818,0.00629811056682995,0.00959712086374088,0,0.00439868039588124,0.00529841047685694,0
0,0,0,0,0.0109912070343725,0,9.99200639488409e-05,0,0,0,0,0,0,0.0261790567545963,0.000199840127897682,0,0,0,0,0,0,0.0380695443645084,0,0,0,0.00369704236610711,0,0,9.99200639488409e-05,0.00289768185451639,0.0130895283772982,0,0,0.00269784172661871,0,0,0,0.00449640287769784,0.00249800159872102,0,0.00329736211031175,0,0,0,0.000699440447641887,0.00129896083133493,0,0,0,0,0.00269784172661871,9.99200639488409e-05,0,0,0,0,0,0,0,0.0406674660271783,0,0.000499600319744205,0,0,0,0,0.00569544364508393,0,0.000199840127897682,0.0082933653077538,0.000699440447641887,0,0.00149880095923261,0,0,0,0,0,0,0,0,0.0209832134292566,0,0,0,9.99200639488409e-05,0,0,0.00459632294164668,0,0,9.99200639488409e-05,9.99200639488409e-05,0,0,0,0,0,0.00279776179056755,0,0,0.00499600319744205,0,0,0,0,0.00319744204636291,0.00959232613908873,0.01378896882494,0,0,0,0,0,0,0,0,0,0.00499600319744205,0,0,0,0.00229816147082334,9.99200639488409e-05,0.00139888089528377,0.199640287769784,0,0,0,0.045863309352518,0.00649480415667466,0,0,0,0,0,9.99200639488409e-05,0,0,0,0,0,0.000899280575539568,0,0,0,0,0,0,0,0.00349720223820943,0,0,0,0,0,0,0,0,0.00849320543565148,0,0,0,0,0,0,0,0,0,0,0,0,0,0,0,0,0,0,0.00699440447641886,0,0,0,0,0,0,0,0,0,0,0,0,0.00599520383693046,0,0,0,9.99200639488409e-05,0,0,0,0,0.0311750599520384,0,0,0.0193844924060751,9.99200639488409e-05,0,0,0,9.99200639488409e-05,0.000199840127897682,0,0,0,0,0,0,0.00719424460431655,0,0,0,0,0,0,0,0,0,0,0,0,0,0.0158872901678657,9.99200639488409e-05,0,0.0199840127897682,0,0,0,0,0,0.000199840127897682,0,0,0,0,0,0,0,0,0,0,0,0,0,0,0,0,0,0,0,0,0,0,0,0,0,0,0,0,0,9.99200639488409e-05,0,0,0.0116906474820144,0,0.000799360511590727,0,0,0,0,0.312749800159872,0,0.000199840127897682,0.0409672262190248,0,0,0,0,9.99200639488409e-05,0,0,0,0,0,0,0.0117905675459632,0,0.000499600319744205,0,0,0.00899280575539568,0
0,0,0,0,0.0179856115107914,0,0,0,0,0.00509592326139089,0.00339728217426059,0,0,0.000599520383693046,0,0,0.00749400479616307,0,0,0,0,0.00419664268585132,0,0,0,0.0113908872901679,0,0.00669464428457234,0.000399680255795364,0,0.000599520383693046,0,0,0,0,0,0,0,0,0,0,0,9.99200639488409e-05,0,0.00759392486011191,0.00209832134292566,0,0,0.000199840127897682,9.99200639488409e-05,0,0,0,0,0.0038968824940048,0,0,0,0.000199840127897682,0.000499600319744205,0,0.00529576338928857,0,0,0.00529576338928857,0,0.000699440447641887,0.00319744204636291,0,0.0102917665867306,0.00149880095923261,0,0,0,0,9.99200639488409e-05,0,0,0,0.00579536370903277,0,0.0111910471622702,0,0,0,0.000299760191846523,9.99200639488409e-05,0,0,0,0,0,0.000199840127897682,0,0.0122901678657074,0,0,0,0.00239808153477218,0.00409672262190248,0,0.0203836930455636,0,0,0,0,0,9.99200639488409e-05,0.0355715427657874,0.0235811350919265,0,0,0,0.000199840127897682,0,0,0,0,0,0,0,0,0.00379696243005596,0,0.000599520383693046,0.0240807354116707,0,0,0,0.213529176658673,0.0445643485211831,0.00419664268585132,0,0,0,0,0.0171862509992006,0,0,0,0,0,0,0,0.00369704236610711,0,0.000699440447641887,0,0,0.00179856115107914,0,0.00499600319744205,0,0.000299760191846523,0,0,0,0,0,0,0,0,0,0,0,0,0,0,0,0,0.000699440447641887,0,9.99200639488409e-05,0,0,0,0,0,0.00569544364508393,0,0,0,0,0.00369704236610711,0.000299760191846523,0,0,0,0,0,0,0.000899280575539568,9.99200639488409e-05,0,0,0,0,0,0,0,0,0,0,0.000499600319744205,0,0.000399680255795364,0.000199840127897682,0,0,0,0,0,0.0152877697841727,0.00159872102318145,0.000399680255795364,0,0,0,0.00119904076738609,0,0,0,0,0,0,0.000299760191846523,0,0,0.00109912070343725,0,0.000199840127897682,0,0,0.000899280575539568,0,0,0,0,0,0.000899280575539568,0,0,0,0,0,9.99200639488409e-05,0.000199840127897682,0,0,0,0,0.000199840127897682,0,0,0,0.000599520383693046,0.000299760191846523,0,0,0.00969224620303757,0,0,9.99200639488409e-05,0.000799360511590727,0.00999200639488409,0,0,0,0,0.243305355715428,0,0,0.00189848121502798,0,0,0,0,0,0,0.151079136690647,0,0.000199840127897682,0.00189848121502798,0,0,0,0,9.99200639488409e-05,0.00409672262190248,0.00109912070343725,0,0,0,0,0.00289768185451639,0,0,0,0,0.00239808153477218,0
0,0,0,0,0,0,0.0001000100010001,0,0,0,0,0,0.0001000100010001,0.0038003800380038,0.0057005700570057,0,0.0013001300130013,0,0,0,0.0079007900790079,0.006000600060006,0,0,0,0.0525052505250525,0,0,0.0013001300130013,0.0031003100310031,0,0,0,0.0073007300730073,0,0,0.0009000900090009,0.0051005100510051,0,0,0,0,0,0.0088008800880088,0,0.0303030303030303,0,0,0,0,0,0,0,0,0,0,0,0.0006000600060006,0,0,0,0,0.0001000100010001,0,0,0,0.0101010101010101,0,0.0002000200020002,0.0034003400340034,0,0,0,0.0022002200220022,0,0,0,0.0002000200020002,0,0.0505050505050505,0,0,0,0,0,0.0001000100010001,0,0,0,0.0085008500850085,0,0.0003000300030003,0.001000100010001,0,0,0,0.0002000200020002,0,0,0,0,0,0,0,0,0,0,0,0,0,0,0,0,0.0032003200320032,0,0,0,0,0.0127012701270127,0.0001000100010001,0,0,0.0004000400040004,0,0.0056005600560056,0,0,0,0,0,0,0.122612261226123,0,0,0,0,0.0004000400040004,0,0,0,0.14021402140214,0,0,0.0001000100010001,0,0,0.0002000200020002,0,0,0.0003000300030003,0,0,0.0004000400040004,0,0.0001000100010001,0,0.0058005800580058,0,0,0,0.0001000100010001,0,0,0,0.0001000100010001,0,0,0.0002000200020002,0,0.0001000100010001,0,0,0.0027002700270027,0,0,0,0,0.0226022602260226,0,0,0,0,0,0,0,0,0,0,0,0,0.0001000100010001,0.0011001100110011,0.0002000200020002,0,0,0,0,0,0,0,0,0,0,0,0,0,0,0,0.0001000100010001,0.0005000500050005,0.0007000700070007,0,0,0,0,0,0.0258025802580258,0,0.0389038903890389,0,0,0,0,0,0,0,0,0,0,0,0,0,0,0,0,0,0,0,0.0005000500050005,0,0,0,0,0,0.0006000600060006,0,0.045004500450045,0.0001000100010001,0,0,0,0,0.0032003200320032,0,0,0.001000100010001,0,0,0,0,0,0,0,0.0003000300030003,0,0,0,0,0,0.0026002600260026,0,0,0.0173017301730173,0,0,0,0,0,0,0.321232123212321,0,0.0003000300030003,0.0082008200820082,0.0003000300030003,0,0,0,0,0,0,0,0,0,0,0,0,0.0007000700070007,0,0,0.0017001700170017,0
1e-04,0,0,0,0,0,0.0012,0,0,0,0,0,0,0,6e-04,1e-04,0,0,0,0,0.0072,0.0063,0,3e-04,0,2e-04,0,0,0,7e-04,0.0602,0,3e-04,0.007,0,0,6e-04,0.059,0,0,0,0,0,0.0059,0,0.0068,0,0,0,0,2e-04,0,0,0,0.012,0,0,0,0,0,0,0,0,0,0,0,0,0,0,0,0.0058,0,1e-04,0,0,0,0,0,0,0.0113,0,0,0,0,0,1e-04,0,0,0,0.0923,0,0.0023,0,0,0,0,0,0,0.0088,0,0,1e-04,0,0,0,0,0,0.0832,0,0,0,0,0,0,0,2e-04,0,0.0061,0.0102,0,0,0,0.0036,0,0.0023,0,0,0,0,0,0,0,0,0,0,0,1e-04,0,0,0,2e-04,0,0,0,0,0,0,7e-04,1e-04,0,4e-04,0,0,0,1e-04,0,6e-04,0,0,0.0053,0,0,0,0,0,0,0,0,0,0,7e-04,0,0,0,0.0012,0,0,0.0375,0,0,0,0,0,0,0,0,8e-04,0,0,0,0,0.0144,1e-04,0,0,0,0,1e-04,0,0,0,0,0,0,0.1999,0.0032,0,0,2e-04,0,0,0,0,0,0.0048,0,0.0289,0,0,0,0,0,0,0,0,0,0,0,0,0,0.0029,0,0,0.0247,0,0,4e-04,0,0,0,0,0,0,0,1e-04,0.0062,0,8e-04,0,0,0,5e-04,0,0,0.0013,2e-04,3e-04,0,0,2e-04,0,0,0,0,1e-04,0,0,0,0.0171,0,0,0.0012,0.0044,0,0,0,0,0,0.0021,0.1705,0,0,0.0312,0,0,0,0,0,0,0.0046,0,0,0,0,0.0155,0,0.0028,0,0,0.0185,0
0.00189905047476262,0,0,0,0,0,9.99500249875062e-05,0.00139930034982509,9.99500249875062e-05,0,0.000899550224887556,0.000299850074962519,0,0,0.0393803098450775,0,0,0,0,0,0.00329835082458771,9.99500249875062e-05,0,0.000199900049975012,0,0.16671664167916,0,0,0,0.0063968015992004,0.00219890054972514,0,0.00289855072463768,0.00719640179910045,0,0,0,9.99500249875062e-05,0,0,0,0,0,0.00109945027486257,0,0.00749625187406297,0.015992003998001,0.000699650174912544,0,0,0,0,0,0,0.00369815092453773,0,0,0,0,0,9.99500249875062e-05,9.99500249875062e-05,0,0,0.0215892053973013,0.0031984007996002,0.00659670164917541,0,0.000199900049975012,0,0.000999500249875062,0,0,0.000299850074962519,0,0,0,0,0,0.000999500249875062,0,0,0.000899550224887556,0,0.00559720139930035,0.00139930034982509,0,0,0,0.000699650174912544,0,0.000199900049975012,0.0255872063968016,0.00539730134932534,0,0,0,0,0.000699650174912544,0,0,0,0,0,0.000299850074962519,0,0.000299850074962519,0.032183908045977,0,0,0.000199900049975012,0,0,0.00429785107446277,0,0,0,0,0.00789605197401299,0,0,0,0,0,0.00289855072463768,0,0,0,0.000199900049975012,0.0116941529235382,0.00339830084957521,0.00709645177411294,0,0,0,0,0.00699650174912544,0,0,0,0.0458770614692654,0,0,0,0,0,0,0.000199900049975012,0,0,9.99500249875062e-05,0.0015992003998001,0,0.00939530234882559,0,0,0,0,0,0.0015992003998001,0,0.000499750124937531,0.000499750124937531,0.0405797101449275,0,0,0.000299850074962519,0,0,0.00109945027486257,0.000599700149925037,0,0,0,0,0,0,0.000399800099950025,0.00079960019990005,0,0.0063968015992004,0,0.000599700149925037,0,9.99500249875062e-05,0,0,0,0,0.000199900049975012,0,0.00149925037481259,9.99500249875062e-05,0,0.0361819090454773,0,0,0.000399800099950025,0,0,0,0,0,0.0176911544227886,0,0.000699650174912544,0.000199900049975012,0,9.99500249875062e-05,0,0,0,0,0,9.99500249875062e-05,9.99500249875062e-05,0,0.00149925037481259,0.00109945027486257,0.000699650174912544,9.99500249875062e-05,0.00139930034982509,0,0.00219890054972514,0,0,0,0,0.00379810094952524,0,0.00609695152423788,0,0,0.0293853073463268,0,0.000499750124937531,0.00129935032483758,0,0,0,0,0,0.0331834082958521,0,0,0,0,0.000499750124937531,0.000299850074962519,0.00219890054972514,0.00189905047476262,9.99500249875062e-05,0.000199900049975012,0,0.00079960019990005,0.00129935032483758,0.00399800099950025,0.000299850074962519,0,0.000499750124937531,0.000299850074962519,0,0.000499750124937531,0.000399800099950025,0.0208895552223888,0,0,0.00349825087456272,0.000399800099950025,0.0744627686156921,0,0.00269865067466267,0.0121939030484758,0,0,0,0,0.000299850074962519,9.99500249875062e-05,0.202198900549725,0,0,0.000699650174912544,0,0,0,0,0,0.00079960019990005,0.00229885057471264,0,9.99500249875062e-05,0,0,0.00139930034982509,0,0.000399800099950025,0,0,0.000899550224887556,0
0,0,3e-04,0,0.0468,0,0,0,0,0,0,0,0.01,0,0,0,0,0,0,0,0,0,0.0033,0,0,0.2464,0,0,0.0051,0,0.0016,0,0,0,0,0,0,0.0071,0.0082,0,0.0151,0,0,0,0.0096,0,0,0,0,0,0.0101,2e-04,0,1e-04,4e-04,0,0,0,0,0,0,0,0.0026,0,0,0,0.0016,0,0,0.0295,0,0,0,0,0,0,0,0,0,7e-04,0,0,0,0,0,4e-04,0,1e-04,0.004,0,0,4e-04,0,0,0.005,0,1e-04,1e-04,0,0,0,0.0233,0,0,0,0,0,0.0099,0.0081,1e-04,0,0,0.0016,0,0,0,0,0,0.0056,0,0,0,0.006,0,0,0,0,0,0,0.0754,0.0252,0,0,0,0.0014,0,6e-04,3e-04,0,0,1e-04,0,8e-04,0,0,0,3e-04,0,0,0,0.0016,0,2e-04,0,0,0,0,0,1e-04,0.0125,0,0,0,0,0,0,0,0,0,0,0,0,0,0,0,0,0,0,0.0191,0,0,0,0,0,0,0,0,0,0,0,0,0.0048,1e-04,9e-04,0,1e-04,0,0,0,0,0,0,0,0.0153,1e-04,0.0029,0,0,0,0.001,0,0,0,0,0,0,0.0121,0,0,0,0,0,0,0,1e-04,0,0,0,0.0203,0,0,0,0,0.0572,0,0,0,0,0,0.0018,0,0,0,0,4e-04,0,0,0,0,0,0,0,0,0,0,0.01,5e-04,0,0,0,0,0,0,0.0016,0,0,0,0,0,2e-04,0,0.0062,0.02,0,0,0,0,0,0,0.1862,0,0,0.0386,0,0.0013,1e-04,0,0,0,0,0,0,0,0,0.013,2e-04,0.0012,0,0,0.0028,0
0,0,0,0.000199760287654814,0,0,0,9.98801438274071e-05,0.0165801038753496,0,0,0,0,0,0.00189772273272074,0,0.000799041150619257,0,0,0,0,9.98801438274071e-05,0,9.98801438274071e-05,0,0.239113064322813,0,0,0.000299640431482221,0,0,0,0,0,0,0,0,9.98801438274071e-05,0,0,0,0,0,0.000199760287654814,0,0,0,0,9.98801438274071e-05,0,0,0,0,0,0,0,0,9.98801438274071e-05,0,9.98801438274071e-05,0,9.98801438274071e-05,0,0,0,9.98801438274071e-05,9.98801438274071e-05,0,0,0,9.98801438274071e-05,0,0,9.98801438274071e-05,0,0,0,0,0,0,0,9.98801438274071e-05,0,0,0,0.000199760287654814,0,0,0,0,0,9.98801438274071e-05,0.00069916100679185,0,0,0,0,0,0,0,0,0,0,0,0,0,9.98801438274071e-05,0.219137035557331,0,0,0,0,0,0,0,0,0,0,9.98801438274071e-05,0,0,0,0,0.00329604474630443,0,0,0,0,0,0,0,0,0,0,0,0,9.98801438274071e-05,0,0,0,0.000499400719137036,0,0,0,0,0,9.98801438274071e-05,0,0,9.98801438274071e-05,9.98801438274071e-05,0,0,0.000799041150619257,0.000299640431482221,0,0,0.000299640431482221,0,0.000299640431482221,0,0,0,9.98801438274071e-05,0,0,0,0,9.98801438274071e-05,0,0,0,0.0108869356771874,0,0,0,0,9.98801438274071e-05,9.98801438274071e-05,0,0,0,0,0,9.98801438274071e-05,0,0,0,0,0,0,0.00069916100679185,9.98801438274071e-05,0.000599280862964443,0,0,0,0,0,0,0,0,0,0,0,0.000299640431482221,0,0,0,0,0,0,0,0,0,0,9.98801438274071e-05,0,0,0.000299640431482221,0,0,0,0,0,0,0,0,0,0,0,0,0,0.0405513383939273,0,0,0,0,0,0,0,0,0,0,0,0.000299640431482221,0,0,0,0,0,0,0,0,0,9.98801438274071e-05,0.000898921294446664,0,0,0,9.98801438274071e-05,0,0,0,0,0,0,0,0,0.289053136236516,0,0,0.0262684778266081,0,0,0,0.00659208949260887,0.000199760287654814,0,0.13174190970835,0,0,9.98801438274071e-05,0,0,9.98801438274071e-05,0,0,9.98801438274071e-05,0,0,0,0,0,0.00339592489013184,9.98801438274071e-05,0,0,9.98801438274071e-05,0.000199760287654814,0
0,0,0.000199720391451967,0,0.00828839624525664,0,9.98601957259836e-05,0,0,0.00639105252646295,0.012282804074296,0,0,0.00129818254443779,0.00379468743758738,0,0.00439384861194328,0,0.0196724585580188,0,0,0.0161773517076093,0,0,0,9.98601957259836e-05,0,0,0.00189734371879369,0,0.012482524465748,0,9.98601957259836e-05,0.00539245056920312,0,0,0.00369482724186139,0.00629119233073697,0.018374276013581,0,0.00519273017775115,0,0,0,0.000699021370081885,0.000699021370081885,0,0,0,0,0.0054923107649291,0,0,0.000199720391451967,0,9.98601957259836e-05,0,0.0011983223487118,0,0.00319552626323148,0.0054923107649291,0.000499300978629918,0.000499300978629918,0,0,0,0.00239664469742361,0,0,0.00379468743758738,9.98601957259836e-05,0,0,0,9.98601957259836e-05,0,0.000299580587177951,0,0,0.000898741761533853,0,0.0142800079888157,0,0,0,0.000299580587177951,9.98601957259836e-05,0,0.00109846215298582,0.0213700818853605,0,0.000299580587177951,0,0,0,0,0,0,0.000599161174355902,0,0,0,0.00169762332734172,9.98601957259836e-05,0.0108847613341322,0,0.000898741761533853,0.000199720391451967,0,0,0,0.000599161174355902,0,0,0,0,0,0,0.00738965448372279,0,0,0,0,9.98601957259836e-05,0.00449370880766926,0.0518274415817855,0,0.000199720391451967,0,0.0722987817056121,0,0.00139804274016377,9.98601957259836e-05,0,0.00219692430597164,0,9.98601957259836e-05,0,0,0,9.98601957259836e-05,0,0,0,0,0,0.000199720391451967,0,0,0,0.000898741761533853,0.00379468743758738,0,0,0,0,0,0,0.000399440782903934,0.00629119233073697,0,0,0,0,0,0,0,0,0,0.00149790293588975,0,0,0,0,0,0,0,0.0149790293588975,0.000699021370081885,9.98601957259836e-05,0,0,0,0,0.00149790293588975,0,0,0,0,0,0,0.00808867585380467,0,0,0,0,0,0.000299580587177951,0,0.0260635110844817,0,0,0,0,0,0.00239664469742361,0,0,0,0.0204713401238266,0,0,0,0,0,0,0.00229678450169762,0.00419412822049131,0,0,0.00459356900339525,0.00169762332734172,0,0,0,0,0,0,0.0042939884162173,0,0.0100858797683243,0,0,0.0832834032354703,0,0,0,0,0,0.00219692430597164,0,0,0,0,0,0,0,0,0,0,0,0,0.00259636508887557,9.98601957259836e-05,0.00359496704613541,0.000998601957259836,0.000199720391451967,0,0.000299580587177951,0,0.000199720391451967,0,0,0.000199720391451967,0,0,0,0,0,9.98601957259836e-05,0,0,0.0562212901937288,0,0,0,0,0,0.00219692430597164,0.306470940683044,0,0,0.0230677052127022,0,0,0,0,0,9.98601957259836e-05,0.00249650489314959,0,0,0,0,0,0,0.0108847613341322,0.000998601957259836,0,0.0445376472937887,0
0,0,0,0,0.001000100010001,0,0.0001000100010001,0.0001000100010001,0,0,0.0006000600060006,0,0,0,0.057005700570057,0,0,0.0006000600060006,0,0,0.0035003500350035,0.0057005700570057,0,0.0004000400040004,0,0.10951095109511,0.0001000100010001,0,0.001000100010001,0,0.0391039103910391,0,0,0.0315031503150315,0,0,0.0011001100110011,0.0004000400040004,0,0,0,0,0,0.0055005500550055,0,0.0164016401640164,0,0.0002000200020002,0,0,0,0,0,0,0,0,0,0,0,0.0001000100010001,0.0001000100010001,0.0004000400040004,0,0,0.0003000300030003,0.0005000500050005,0.0001000100010001,0,0.0023002300230023,0,0.0025002500250025,0.0001000100010001,0,0.0001000100010001,0,0,0,0,0,0.003000300030003,0,0.0001000100010001,0,0,0.0001000100010001,0,0.0002000200020002,0,0,0.005000500050005,0,0.0003000300030003,0,0,0,0,0,0,0.0134013401340134,0,0,0,0,0,0,0,0.0003000300030003,0.074007400740074,0,0.0004000400040004,0.0001000100010001,0.005000500050005,0,0.0003000300030003,0.0015001500150015,0,0,0.0003000300030003,0.0032003200320032,0,0,0,0,0,0.148414841484148,0.0048004800480048,0,0,0.0011001100110011,0.0085008500850085,0.0175017501750175,0.0005000500050005,0.0368036803680368,0,0,0,0.0037003700370037,0,0,0,0.0042004200420042,0,0,0,0,0,0.0002000200020002,0.0001000100010001,0,0,0.0008000800080008,0.0112011201120112,0,0.0001000100010001,0,0,0,0,0,0.0139013901390139,0,0,0,0.0281028102810281,0,0,0,0,0,0.0003000300030003,0.0009000900090009,0,0,0,0.0006000600060006,0,0,0.0291029102910291,0.0049004900490049,0.0001000100010001,0,0,0,0,0.0001000100010001,0,0,0,0,0,0,0.0001000100010001,0.0002000200020002,0,0.0013001300130013,0,0,0,0.0007000700070007,0.0448044804480448,0,0,0,0.0001000100010001,0,0.0003000300030003,0.0001000100010001,0,0,0.0019001900190019,0,0,0,0,0.0015001500150015,0,0,0.002000200020002,0.0356035603560356,0,0,0.0006000600060006,0,0,0,0,0.0006000600060006,0,0,0,0.0013001300130013,0,0,0.0119011901190119,0,0,0,0,0,0,0,0,0,0,0,0,0,0.0006000600060006,0.0002000200020002,0,0,0.0002000200020002,0.0037003700370037,0,0.0008000800080008,0,0,0,0.0012001200120012,0.0014001400140014,0.0001000100010001,0,0,0.0003000300030003,0,0,0,0.0042004200420042,0.0005000500050005,0.026002600260026,0,0,0.0402040204020402,0,0,0,0,0,0.0008000800080008,0.047004700470047,0,0,0.0363036303630363,0,0,0,0,0.0021002100210021,0.0024002400240024,0.0025002500250025,0,0,0.0001000100010001,0,0,0,0.0002000200020002,0.0105010501050105,0,0.0122012201220122,0
0,0,0,0,0,0,9.99600159936026e-05,0,0,0,0,0,0,0,0.00169932027189124,0,9.99600159936026e-05,0,0,0,0,0.000699720111955218,0,0,0,0.566073570571771,0,0,0.000499800079968013,0.00139944022391044,0,0,0,0,0,0,0.000299880047980808,0,0,0,0,0,0,0,0,0,0,0,0,0,0,0,0,0,0,0,0,9.99600159936026e-05,0,0,0,0,9.99600159936026e-05,0,0,0,0,0,0,0.0113954418232707,0.000899640143942423,0,0,0,0,0,0,0,0,0.00129948020791683,0,0,0,0,0.00039984006397441,0.000299880047980808,0,0,0,0,0.000999600159936026,0,0.000299880047980808,0,0,0,0.00599760095961615,0,0,0,0,9.99600159936026e-05,0.000599760095961615,0,0,0,0,0.182227109156337,0,0,0,0,0.000999600159936026,0,0,0.000299880047980808,0,0,0.014094362255098,9.99600159936026e-05,0,0,0,0,0.00549780087964814,0,9.99600159936026e-05,0,0,0,0,0,0,0,0.000499800079968013,9.99600159936026e-05,0.000199920031987205,0,0,0,0.00329868052778888,0,0,0,0,0,0.00079968012794882,0,0,0,0.00269892043182727,0,0,0,0,0,0,0,0,0,0,0,0,0,0,9.99600159936026e-05,0,0,0,0,0.000199920031987205,0,0,0,0,0,0,0,0,9.99600159936026e-05,0,0,0,0,0.00339864054378249,0,0,0,0,0,0,0.00359856057576969,0,0,0,0,0,0,0,0,0,0,0,0,0,0.00219912035185926,0.000499800079968013,0,0,0,0.00459816073570572,0,0,0,0,0,0.0039984006397441,0,0,0,0,0,0,0,0,0.00079968012794882,0,0,0,0,0,0,0,0.00119952019192323,0,0,0,0,0,0.000199920031987205,0,0,0,0,0.00039984006397441,0,0,0,0,0,0,0,0,0,0,0.00419832067173131,0.00079968012794882,0,0,0,0,0,0,0.000499800079968013,9.99600159936026e-05,0,0,0,0,0.00159936025589764,0,0,0.00169932027189124,0,0,0,0,0,0,0.115353858456617,0,0,0.0431827269092363,0,0,0,0,9.99600159936026e-05,0,0.00429828068772491,0,0,0,0,0,0,0.000299880047980808,0,0,0.00229908036785286,0
0.000599760095961615,0,0,0,0,0,0,0,0,0.00559776089564174,0,0,0,0.00189924030387845,0.00309876049580168,0,0,0,0,0,0,0.00409836065573771,0,0.000599760095961615,0,0.131647341063575,0,0,0.00109956017592963,0,0.00119952019192323,0,0,0.00219912035185926,0,0,0.000699720111955218,0.0039984006397441,0.0162934826069572,0,0.00549780087964814,0,0,0,0.00119952019192323,0.000299880047980808,0,0,0,0,0,0.00469812075169932,0,0,0.000499800079968013,0,0,0,0,0.00179928028788485,0,0.00079968012794882,0.00469812075169932,0,0,0,0.000999600159936026,0.000499800079968013,0,0.00319872051179528,9.99600159936026e-05,0,0,0,0,0,0,0,0,9.99600159936026e-05,0,0,0,0,0,0.00329868052778888,0,0,0.00239904038384646,0,9.99600159936026e-05,0.00499800079968013,9.99600159936026e-05,0,0,0.00199920031987205,0,0,9.99600159936026e-05,9.99600159936026e-05,0,0.0278888444622151,0,0,0.00129948020791683,0,0,0.00109956017592963,0.0524790083966413,0.00209916033586565,0,0,0,0,0,0,0.0107956817273091,0.00249900039984006,0,9.99600159936026e-05,0,0,0.00109956017592963,0,0.000299880047980808,0.053578568572571,0,0,0,0.268992403038784,0,0,0,9.99600159936026e-05,0,0,0.000299880047980808,0.00039984006397441,0,0,9.99600159936026e-05,0,0.00309876049580168,0,0,0,0,0,0,9.99600159936026e-05,0,0,0,0,0.000299880047980808,0,0,0,0.000699720111955218,0,0,0,0,0.000199920031987205,0,0,0,0,0,0,0.000899640143942423,0,0,9.99600159936026e-05,0,0,0,0.000599760095961615,0.0194922031187525,0,0,0,0,0,0,0,0,0,0,0,0,0.00519792083166733,0,0,0,0,0,0,0,0,0,0,0,0,0.0271891243502599,0.00519792083166733,0,0,9.99600159936026e-05,0.00179928028788485,0,0,0,0,0.00039984006397441,0,0.00459816073570572,0,0.0192922830867653,0,0,0.00639744102359056,0,0,0,0,0,0,0.00569772091163535,0,0,0,0,0.0485805677728908,0,0,0,0,0,0,0,0,0,0,9.99600159936026e-05,0.0134946021591363,0,9.99600159936026e-05,0,0,0.0245901639344262,0,0.000299880047980808,0,0.000499800079968013,0.00179928028788485,9.99600159936026e-05,0,0,0,0,0,0,0.000299880047980808,0,0,0,0,0.00519792083166733,0.115453818472611,0,0,0.0346861255497801,0,9.99600159936026e-05,0,0,0,9.99600159936026e-05,0.000299880047980808,0,0,0.00959616153538585,0,0,0,0,9.99600159936026e-05,0.00039984006397441,0,0,0,0,0,0.000199920031987205,0,0.000499800079968013,0,0,0.00849660135945622,0
0,0,0,0,0,9.99000999000999e-05,9.99000999000999e-05,9.99000999000999e-05,0,0,9.99000999000999e-05,0,0,0,0.00599400599400599,0.0016983016983017,0,0,0,0,0,9.99000999000999e-05,0,0.0037962037962038,0,0.164235764235764,0,0,0.0038961038961039,0.0026973026973027,0.00549450549450549,0,0,0.0041958041958042,0,0,9.99000999000999e-05,0.0023976023976024,0.0003996003996004,0,0,0,0,0,0,9.99000999000999e-05,0,0,0,0,0.0002997002997003,0,9.99000999000999e-05,0,0,0.0001998001998002,0,0,0,0.0003996003996004,9.99000999000999e-05,0,0,0.00569430569430569,0,0,0,0,0,0,0.0004995004995005,0,9.99000999000999e-05,0,0,0,0,0,0,9.99000999000999e-05,9.99000999000999e-05,0,0.00829170829170829,0,0,0.0012987012987013,0,0,0,0.0036963036963037,0,0.0036963036963037,0,0,0,0,0,0,0,0.0014985014985015,0,0.000799200799200799,0,0.0002997002997003,0,0,0,0.0286713286713287,0,0,0,0,0,0.0014985014985015,0,0,0,0,0.0013986013986014,0,0,0,0,0,0.0003996003996004,0,0,0,0,0,0,9.99000999000999e-05,0,0.000599400599400599,9.99000999000999e-05,0,0.0013986013986014,0,0,0,0.000599400599400599,9.99000999000999e-05,0.0002997002997003,0,0,0,0.0001998001998002,9.99000999000999e-05,9.99000999000999e-05,0,9.99000999000999e-05,9.99000999000999e-05,0.0032967032967033,0.0010989010989011,0,0,0,0,0,0.0014985014985015,0.0022977022977023,9.99000999000999e-05,0,0,0,9.99000999000999e-05,9.99000999000999e-05,0,0,0,0.0001998001998002,0,0,0,0,0,0,9.99000999000999e-05,0.0363636363636364,0.0001998001998002,0,0,0,0,0.000899100899100899,0,0,0,0,0,0,0.0021978021978022,0.000799200799200799,0,0,0,0,0.0001998001998002,0,0.0253746253746254,0,0,0,0,0,0.0040959040959041,0.0001998001998002,0,0.0001998001998002,0.01998001998002,0,0,0,0,0.0001998001998002,0,0.0026973026973027,0,0.00919080919080919,0,9.99000999000999e-05,0,0,0,0,0,0,0,9.99000999000999e-05,0,0.002997002997003,0,0,0.215084915084915,0,0,0.0002997002997003,0,0,0,0,0,0,0,0,0,0,0,0,0,0,9.99000999000999e-05,0.0001998001998002,0,9.99000999000999e-05,0.0001998001998002,0.000699300699300699,0,0.0001998001998002,0,9.99000999000999e-05,0,0,9.99000999000999e-05,9.99000999000999e-05,9.99000999000999e-05,0,0,0,0.364935064935065,0,9.99000999000999e-05,0,0,0,0,0,0,0.0002997002997003,0.0352647352647353,9.99000999000999e-05,0,0.0028971028971029,0,0,0,0,0,0,0.000999000999000999,0,0,0,0,0.000899100899100899,0,0.0004995004995005,0,0,0.0036963036963037,0
0,0,0,0,0.0539053905390539,0,0.0001000100010001,0,0.0001000100010001,0.0126012601260126,0.0029002900290029,0,0,0.0022002200220022,0.0076007600760076,0,0,0.0002000200020002,0,0,0.0093009300930093,0.0348034803480348,0.0029002900290029,0.0007000700070007,0,0.0235023502350235,0,0,0.0017001700170017,0,0,0,0,0.0007000700070007,0.0001000100010001,0,0,0,0,0,0.0481048104810481,0.0107010701070107,0,0,0.0018001800180018,0.0001000100010001,0,0,0,0,0.011001100110011,0.0005000500050005,0,0,0,0.0001000100010001,0,0.0016001600160016,0,0.0093009300930093,0,0.0215021502150215,0.0045004500450045,0,0,0.0003000300030003,0.0097009700970097,0.0087008700870087,0,0.0101010101010101,0.0012001200120012,0,0,0.0118011801180118,0,0,0,0.0005000500050005,0,0.0093009300930093,0,0.0194019401940194,0.0004000400040004,0,0,0,0.011001100110011,0,0.0039003900390039,0,0,0.0001000100010001,0.0036003600360036,0,0,0.0169016901690169,0,0,0,0,0,0,0,0.004000400040004,0.0015001500150015,0,0.0001000100010001,0.003000300030003,0.0518051805180518,0,0,0,0,0.0051005100510051,0,0,0.031003100310031,0,0,0,0,0.0131013101310131,0.0324032403240324,0,0,0.0877087708770877,0,0.0004000400040004,0.0001000100010001,0.109410941094109,0,0.0045004500450045,0,0.0001000100010001,0.0003000300030003,0,0.0017001700170017,0,0,0,0.001000100010001,0,0,0,0.0132013201320132,0,0,0,0,0.0004000400040004,0.001000100010001,0,0,0.0002000200020002,0.0003000300030003,0,0,0,0.0366036603660366,0.0039003900390039,0,0,0,0,0,0,0,0,0,0,0,0,0,0,0,0,0.0005000500050005,0.0041004100410041,0.0108010801080108,0,0,0,0,0,0,0,0,0,0,0,0,0.0036003600360036,0.0003000300030003,0,0,0,0,0,0,0,0,0,0.0001000100010001,0,0,0.0007000700070007,0,0,0,0,0,0.0202020202020202,0.0007000700070007,0,0.0033003300330033,0,0.0091009100910091,0.0022002200220022,0,0,0,0.0059005900590059,0,0,0.0003000300030003,0,0,0,0.0032003200320032,0,0.0013001300130013,0,0,0.0479047904790479,0,0,0,0,0,0,0,0,0,0,0,0.0048004800480048,0,0,0,0,0,0.0009000900090009,0,0,0,0,0.001000100010001,0,0.0022002200220022,0,0.0003000300030003,0,0,0.0002000200020002,0,0,0,0,0,0.013001300130013,0,0,0.0697069706970697,0,0.0004000400040004,0,0,0,0.0003000300030003,0.0008000800080008,0,0,0,0,0,0,0,0.0001000100010001,0.0073007300730073,0,0,0,0,0,0,0,0.0005000500050005,0,0,0.012001200120012,0
0,0,0,0,0,0,0.0001000100010001,0,0,0,0,0,0,0,0.0011001100110011,0,0,0,0,0,0.0065006500650065,0.0021002100210021,0,0,0,0.294529452945295,0,0,0,0,0,0,0,0,0,0,0,0,0,0,0,0,0,0.0086008600860086,0,0.0358035803580358,0,0,0,0,0,0,0,0,0,0,0,0,0,0,0,0,0,0,0,0.0009000900090009,0,0,0,0,0.0009000900090009,0,0,0,0.0041004100410041,0,0,0,0,0.0051005100510051,0,0,0.0029002900290029,0,0,0,0,0,0,0,0,0,0,0,0,0,0.0038003800380038,0,0,0,0,0.0012001200120012,0,0,0,0,0,0.158515851585159,0,0,0,0,0,0,0,0,0,0,0.0065006500650065,0,0,0,0,0,0.0092009200920092,0.001000100010001,0,0,0,0,0.0011001100110011,0,0,0,0,0,0,0,0,0,0,0,0,0,0,0,0,0,0,0,0,0,0,0,0.0001000100010001,0,0,0,0,0,0,0,0.0001000100010001,0,0,0,0,0,0,0,0,0,0.0001000100010001,0,0,0,0,0,0.0014001400140014,0,0,0,0,0,0,0,0.0001000100010001,0,0.0004000400040004,0,0,0.0236023602360236,0,0,0,0,0,0,0,0,0,0,0,0.0024002400240024,0,0,0,0,0,0,0,0,0.0029002900290029,0,0.0001000100010001,0,0.0092009200920092,0.0019001900190019,0,0,0,0.0032003200320032,0,0.0004000400040004,0,0,0,0,0.0031003100310031,0,0.0194019401940194,0.0001000100010001,0,0.01000100010001,0,0,0,0,0,0,0,0,0,0,0,0,0,0,0,0,0,0,0.0025002500250025,0,0,0,0,0,0.0004000400040004,0.0007000700070007,0,0,0,0,0,0,0,0,0,0,0,0,0.101510151015102,0,0,0,0,0,0,0.263126312631263,0,0,0.0082008200820082,0,0,0,0,0,0,0.0002000200020002,0,0,0,0,0,0,0.0009000900090009,0,0,0,0
0,0,0.000400080016003201,0,0.0224044808961792,0.00960192038407682,0,0,0,0.0136027205441088,0.00790158031606321,0,0.00810162032406481,0.023004600920184,0.0017003400680136,0,0.017003400680136,0,0,0,0,0.0148029605921184,0,0,0,0.0002000400080016,0.0019003800760152,0,0.0017003400680136,0,0,0,0,0.000600120024004801,0,0,0.0141028205641128,0.00470094018803761,0.0013002600520104,0,0.0223044608921784,0,0,0.00370074014802961,0.00500100020004001,0.000500100020004001,0,0.0001000200040008,0,0,0.0184036807361472,0,0,0,0.0011002200440088,0,0,0,0,0.0131026205241048,0.00330066013202641,0.0118023604720944,0.0014002800560112,0.000400080016003201,0,0.0019003800760152,0.00920184036807361,0.0022004400880176,0,0.0117023404680936,0.0003000600120024,0,0.0002000400080016,0.0149029805961192,0,0,0.0001000200040008,0,0,0.0118023604720944,0,0.0127025405081016,0,0,0.0552110422084417,0.0001000200040008,0.01750350070014,0,0,0.00800160032006401,0,0.0002000400080016,0,0,0.00400080016003201,0,0,0,0.000700140028005601,0,0,0.00610122024404881,0.0002000400080016,0,0.0011002200440088,0,0,0.000600120024004801,0.0133026605321064,0.0026005201040208,0,0,0,0.00880176035207041,0.000700140028005601,0,0,0.000900180036007201,0.000600120024004801,0,0,0,0,0.0011002200440088,0.0003000600120024,0.0603120624124825,0,0,0,0.129325865173035,0,0.00760152030406081,0,0,0.00960192038407682,0,0.0003000600120024,0.0002000400080016,0,0,0.0001000200040008,0,0.0018003600720144,0,0.000600120024004801,0,0.0021004200840168,0.0022004400880176,0,0,0.000800160032006401,0,0,0.0017003400680136,0.00690138027605521,0,0,0,0,0.001500300060012,0,0,0,0.0216043208641728,0,0,0,0,0,0,0.000700140028005601,0,0,0,0,0,0,0.0121024204840968,0.00740148029605921,0,0,0,0,0,0.001500300060012,0,0,0,0,0,0,0.00690138027605521,0.000900180036007201,0.001500300060012,0,0,0,0.0001000200040008,0,0,0,0,0,0,0,0.000400080016003201,0.0002000400080016,0,0,0,0.0002000400080016,0,0,0,0.0001000200040008,0.0002000400080016,0.00360072014402881,0.0021004200840168,0,0,0,0.00380076015203041,0.0022004400880176,0,0,0.0013002600520104,0.00810162032406481,0,0.00730146029205841,0,0.0271054210842168,0,0,0.0017003400680136,0,0,0.0001000200040008,0.0001000200040008,0,0.0003000600120024,0,0,0,0,0.0002000400080016,0.0001000200040008,0,0,0,0,0,0.0001000200040008,0,0,0.000600120024004801,0.0002000400080016,0.000600120024004801,0,0.000400080016003201,0.00440088017603521,0.0001000200040008,0,0.00330066013202641,0.0001000200040008,0,0.0001000200040008,0,0,0.0011002200440088,0.0157031406281256,0.000400080016003201,0,0.00620124024804961,0,0,0,0,0,0.0002000400080016,0.193838767753551,0,0,0.00570114022804561,0,0,0.0013002600520104,0,0,0,0.00410082016403281,0,0,0,0,0.0108021604320864,0,0.0021004200840168,0,0,0.000600120024004801,0
0,0.0128974205158968,0,0,0,0,0,0.0012997400519896,0,0,0,9.99800039992002e-05,0,0.00349930013997201,0.014497100579884,0,0,9.99800039992002e-05,0,0,0.0001999600079984,0.000399920015996801,0,0,0,0,0,0,0.0980803839232154,0,0.000699860027994401,0,0.002999400119976,0.0031993601279744,0,0,0.0015996800639872,0.0013997200559888,9.99800039992002e-05,0,0,0,0,0.0002999400119976,0,0.0669866026794641,0,0,0,0,0,0,0,0,0.000399920015996801,0,0,0,0,9.99800039992002e-05,0,0,0,0,0,0,0.0015996800639872,0,0,0,9.99800039992002e-05,0,0,0,0,0,0,0,0,0.0011997600479904,0,0,0.000699860027994401,0,0.00419916016796641,9.99800039992002e-05,0.00389922015596881,0,0,0.0113977204559088,0,0,0,0,9.99800039992002e-05,0,0,0,0.0025994801039792,0,0,0,0,0.00409918016396721,9.99800039992002e-05,0,0,0.0347930413917217,0,0,0,0,0,0.00359928014397121,9.99800039992002e-05,0,0,0.000599880023995201,0.00829834033193361,0,0,0,0,9.99800039992002e-05,0.0133973205358928,0,0,0,0,0,0.000699860027994401,0.00669866026794641,0,0.000999800039992002,0,0,0.000999800039992002,9.99800039992002e-05,0,0,0.0020995800839832,9.99800039992002e-05,0,0.0002999400119976,0.0535892821435713,0,0,9.99800039992002e-05,0,0,0.000799840031993601,0.0002999400119976,0,0,0,0,0,0,0.0211957608478304,0.0030993801239752,0,0,0,0,0,0,0,0,0,0,0,0,0,0,0,0,0,9.99800039992002e-05,0.000699860027994401,0,0,0,0,0,9.99800039992002e-05,0,0.000999800039992002,0.0148970205958808,0,0,0,0.0117976404719056,0.0253949210157968,0,0.022995400919816,0,0,9.99800039992002e-05,9.99800039992002e-05,0,0,0,0,0,0,0,0.000499900019996001,0,9.99800039992002e-05,0,0,0,0,0,0.000999800039992002,9.99800039992002e-05,0.00919816036792642,9.99800039992002e-05,0.00829834033193361,0,9.99800039992002e-05,0,0,0,0,9.99800039992002e-05,0.0001999600079984,0,0.0001999600079984,0,0.0027994401119776,0,9.99800039992002e-05,0.243151369726055,0,0,0,0,0,0.0001999600079984,0,0.0002999400119976,0,0,0,0,0,0,0,0,0,0,0.0002999400119976,0,0.000399920015996801,0.0010997800439912,0,0,0.000499900019996001,0,0,0,0.000399920015996801,9.99800039992002e-05,0,0,0,0,0,0.0001999600079984,0,0.0011997600479904,0.0940811837632474,0,0.0002999400119976,0,0,0,0.000399920015996801,0.139472105578884,9.99800039992002e-05,0,0.010497900419916,0,0,0,0,0,0,0,0,9.99800039992002e-05,0,0,0.000799840031993601,9.99800039992002e-05,0.00909818036392721,0,0,0.00629874025194961,0
0,0.0006999300069993,0.0005999400059994,0,0.004999500049995,0,0,0.0164983501649835,0,0,0,0.0001999800019998,0,0,0.0005999400059994,0,0.0005999400059994,0.0001999800019998,0,0.0032996700329967,0.0005999400059994,0.0020997900209979,0,0,0,0.0382961703829617,0.0002999700029997,0,0.0027997200279972,0.0072992700729927,0,0,0.0092990700929907,0.0100989901009899,0,0,0,0.0135986401359864,0,0,0,0,0,0.0066993300669933,0,0.0293970602939706,0,0.0001999800019998,0,0,0.0002999700029997,0,0,0,0.0098990100989901,0,0,0,0,0.0613938606139386,0.0001999800019998,0.0001999800019998,0,0,0,9.99900009999e-05,0.0028997100289971,0,0.0002999700029997,0,0.0013998600139986,0,0,0.0024997500249975,0,0,0,0,0,0.04999500049995,0,0.0001999800019998,0.0212978702129787,0,0,0,0.0363963603639636,0,0,0.0055994400559944,0,0.0010998900109989,0.0093990600939906,0,0,0.0007999200079992,0,0,0.0065993400659934,0,0,0,0,0,0,0,9.99900009999e-05,0.0957904209579042,0,0.0122987701229877,0,0,0,0.0015998400159984,0.0002999700029997,0.0093990600939906,0,0,0.031996800319968,0,0,0,0,0.0002999700029997,0.0336966303369663,0.0017998200179982,0,0.0027997200279972,0.0002999700029997,0,0.0017998200179982,0.0071992800719928,0,0,0,0,0.0006999300069993,0,0,0,0.0004999500049995,0,0,0,0.0424957504249575,0,0.0025997400259974,0,9.99900009999e-05,0,0.001999800019998,0.0027997200279972,0.0175982401759824,0.0004999500049995,0,0,0,0,0.0050994900509949,0.0040995900409959,0,0,0,0,0,0,0,0,0,0,0,0,0,0,0,0,0.000999900009999,0,0.0243975602439756,0.0005999400059994,0,0,0,0,0.0036996300369963,0,0,0.0318968103189681,0,0,0.0014998500149985,0.0170982901709829,0,0,0,0,0.0036996300369963,0.0006999300069993,0,0,0.0487951204879512,0,0.0011998800119988,0,0,0.0085991400859914,0.0020997900209979,0,0,0,0.0005999400059994,0.0004999500049995,0.0007999200079992,0,0.0006999300069993,9.99900009999e-05,0.0101989801019898,0,0,0,0,0.0001999800019998,0,0,0,0.0011998800119988,0.0110988901109889,0,0.0013998600139986,0.0025997400259974,0.0096990300969903,0,0,0.0017998200179982,0,0.0006999300069993,0.0001999800019998,0,0,0,0.0012998700129987,0,0,0.001999800019998,0,0,0,0,0,0,0,9.99900009999e-05,0,0,0.0001999800019998,0.0125987401259874,0.0004999500049995,0,0.0016998300169983,0.0017998200179982,0.0002999700029997,0,0,0.0014998500149985,0,0,0,0,0,0.0023997600239976,0,0.0101989801019898,0.0265973402659734,0,0,0,0,0,0,0.0316968303169683,0.0002999700029997,0,0.0512948705129487,0,0,9.99900009999e-05,0,0.0030996900309969,0.0088991100889911,0.0012998700129987,0,0,0,0,9.99900009999e-05,0.0017998200179982,0.0014998500149985,0.0081991800819918,0,0.0065993400659934,0
0,0,0.00339728217426059,0,0.0144884092725819,0,0.000899280575539568,0,0,0.00699440447641886,0.00679456434852118,0,0,9.99200639488409e-05,0.000499600319744205,0,0,0,0,0,0.0016986410871303,0.0222821742605915,0.00199840127897682,0,0,0.0317745803357314,0,0,0.000999200639488409,0,0.00229816147082334,0,0,0,0,0,0.000199840127897682,0,0.0016986410871303,0,0.0109912070343725,0,0,0.0133892885691447,0.000799360511590727,0,0,0,0,0,0.0517585931254996,0,0,9.99200639488409e-05,0.0143884892086331,0,0,0.000299760191846523,0,0.00139888089528377,0,0.00749400479616307,0,0,0,0.0166866506794564,0.00289768185451639,0.000399680255795364,0,0.0082933653077538,0.00419664268585132,0,0,0.00239808153477218,0.000299760191846523,0,0,0,0,0.0190847322142286,0,0.0208832933653078,0,0,0,0,0,0,0,0,0,9.99200639488409e-05,9.99200639488409e-05,0,0.000399680255795364,0,0,0,0,0,9.99200639488409e-05,0,9.99200639488409e-05,0,0.00409672262190248,0,0.000499600319744205,9.99200639488409e-05,0.0182853717026379,0.00179856115107914,0,9.99200639488409e-05,0,0,0,0,0.0016986410871303,0.000199840127897682,0.00679456434852118,9.99200639488409e-05,0,0,0.0179856115107914,0,0.0549560351718625,0.0129896083133493,0,0,0,0.0870303756994404,0,0,0,0,0.000999200639488409,0,9.99200639488409e-05,9.99200639488409e-05,0,0,9.99200639488409e-05,0,0,0,0,0,0,0.00119904076738609,0,0,0,0,0,0,9.99200639488409e-05,0,0,0,9.99200639488409e-05,0.020083932853717,0,0,0,0,0,0,0,0,0,0,0,0,0.000199840127897682,0,0,0,0,0.0021982414068745,0.0127897681854516,0,0,0,0,0,0,0,0,0,0,0,0,0,0,0,0,0,0,0,0,0,0,0,0,0.00839328537170264,0,0.00119904076738609,0,0,0,0,0,0,0.000399680255795364,0,0,0,0.0101918465227818,0.00359712230215827,0,0,0,0.000399680255795364,0,0.00699440447641886,0,0,0,0,0.0298760991207034,0,0,0,0,0.0934252597921663,0,0,0,0,0,0,0,0,0.00649480415667466,0,0,0,0,0,0,0,0,0,0,9.99200639488409e-05,0,0.0016986410871303,0,0,0,0.00509592326139089,0,0,0,0,0,0,0,0,0.00109912070343725,0.00109912070343725,0.00419664268585132,0,0.0774380495603517,0,0,0.000199840127897682,0,0,0,0.122701838529177,0,0,0.0929256594724221,0,0,0,0,9.99200639488409e-05,0.000699440447641887,0.00939248601119105,0,0,0,0,0.000899280575539568,0,0.00409672262190248,0,0,0,0
0,0,0,0,0.0190885468718769,0.00519688187087747,9.9940035978413e-05,0.0159904057565461,0,0.00959424345392764,0.0022986208275035,0,0,0.00689586248251049,0.0099940035978413,0,0,0,0.0136917849290426,0,0.00179892064761143,0,0.00289826104337398,0,0,0.0381770937437537,0.00379772136717969,0,0.000599640215870478,0.0218868678792724,0.000199880071956826,0,0,9.9940035978413e-05,0,0,0,0.00189886068358985,0.00819508295022986,0,0.00919448331001399,0.00239856086348191,0,0.000599640215870478,0.00119928043174096,0.000399760143913652,0,0.000199880071956826,0,0,0.0061962822306616,0.00269838097141715,0,0,0.000599640215870478,0,0,0,0,0.000499700179892065,0,0.00109934039576254,0,0,0,0.00269838097141715,0.000599640215870478,0.000599640215870478,0,0,0.000399760143913652,0,0,0.0101938836697981,0,0,0,0,0,0.000399760143913652,0,0.020087947231661,0,0,0.000999400359784129,0,0.00339796122326604,0,0.00899460323805717,0.012092744353388,0,9.9940035978413e-05,9.9940035978413e-05,0,0.0118928642814311,0,0,0,0.00159904057565461,0,0,0,0,0,0.00209874075554667,0,0.0127923246052369,0.0190885468718769,0.00579652208674795,0,0,0,0,0.00499700179892065,0.000499700179892065,0,0.00189886068358985,0,0,0,0,0.0279832100739556,0.00599640215870478,0,9.9940035978413e-05,0.0871477113731761,0,0,0.000999400359784129,0.158205076953828,0.0030981411153308,9.9940035978413e-05,9.9940035978413e-05,0,0,0,9.9940035978413e-05,0,0,0,9.9940035978413e-05,0,0,0,0,0,0,0.00179892064761143,0,9.9940035978413e-05,0.000999400359784129,9.9940035978413e-05,0,0.000499700179892065,9.9940035978413e-05,0,0,0,0,0.000399760143913652,0,0,0,0.0215870477713372,0,0,0,0,0,0,0,0,0,0,0,0,0,0,0.000999400359784129,0,0.00129922046771937,0,0,0,0,0,0,0,0,0,0,0.0076953827703378,9.9940035978413e-05,0,0,0,0,0.000399760143913652,0,0,0,0,0,0.000299820107935239,0,0,0,0,0,0.00349790125924445,0,0.0161902858285029,0.000999400359784129,0,0,0,0.0053967619428343,0.00739556266240256,0,0.000599640215870478,0,0.00319808115130921,9.9940035978413e-05,0,0,0,0,0,0.00649610233859684,0,0.00209874075554667,0,0,0.072356586048371,0,0,9.9940035978413e-05,0,0,0,0.00179892064761143,0,0,0,0,0,0,0,0.000299820107935239,9.9940035978413e-05,0.0116929842094743,0.000199880071956826,0,0,0.000899460323805717,0,0.000799520287827304,0,0.000499700179892065,0.00129922046771937,0,0,0,0,0.000299820107935239,0,0,0,0,0.00139916050369778,0,0,0.0512692384569258,0,0,0,0,0,9.9940035978413e-05,0.157205676594044,0,0,0.00219868079152508,0,0,0,0,0.000599640215870478,9.9940035978413e-05,0.000999400359784129,0,0,0.000999400359784129,0,0.0145912452528483,0,0.00159904057565461,0.00209874075554667,0,0.00139916050369778,0
0,0.000199920031987205,0,0,0.0142942822870852,0,0,0,0,0.00689724110355858,0.00569772091163535,0,0,0,0,0,0,0,0,0,0,0.00349860055977609,0,0,0,0.00109956017592963,0,0,9.99600159936026e-05,0.00229908036785286,0.00259896041583367,0,0,0.00259896041583367,0,0,0,0,0.00509796081567373,0,0.0108956417433027,0,0,0,0.000899640143942423,0,0,0,0,0,0.00359856057576969,0,0,0,0,0,0,0,0,0,0,0.000599760095961615,0,0,0,0,0.00359856057576969,0,0,0.00239904038384646,0,0,0,0.00639744102359056,0,0.00669732107157137,0,0,0,0.00189924030387845,0,0.0193922431027589,0,0,0,0.00209916033586565,9.99600159936026e-05,0,0,0,0,0,0,0,0.00529788084766094,0,0,0,0,0,0,0,0,0,0,0,0,0.167333066773291,0.0174930027988804,0,0,0,0,0,0.000199920031987205,0,0,0,0,0,0,0,0,0,0,0.0629748100759696,0,0,0,0.114454218312675,0,9.99600159936026e-05,0,0,0,0,9.99600159936026e-05,0,0,0,0,0,0.00119952019192323,0,0.0039984006397441,0,0.000699720111955218,0,0,0,0.000499800079968013,0,0.00169932027189124,0,0,0,0,0,0,0,0,0,0,0,0,0,0,0,0,0,0,0,0,0,0,0,0,0,0.00079968012794882,0.00169932027189124,0,0,0,0,0,0,0,0,0,0,0,0.00339864054378249,9.99600159936026e-05,9.99600159936026e-05,0,0,0,0,0,0,0,0,0,0.016593362654938,0,0.0219912035185926,9.99600159936026e-05,0,9.99600159936026e-05,0.000199920031987205,0,0,0,0,0.000299880047980808,0,0,0,0.0533786485405838,0,0,0,0,0,0,0,0,0,0,0,0.00339864054378249,0,0,0.194722111155538,0,0,0,0,0,0.000599760095961615,0,0,0,0,0,0.00649740103958417,0,0,0,0,0,0.00039984006397441,0,0,0,0.0106957217113155,0,0,0.00039984006397441,0,0,0,0,0,9.99600159936026e-05,0,0,0,0,0.00189924030387845,0,9.99600159936026e-05,0.0143942423030788,0,0,0,0,0,0,0.148740503798481,0,9.99600159936026e-05,0.00439824070371851,0,0,9.99600159936026e-05,0,0,0,0,0,0,0,0,0.0276889244302279,0.00039984006397441,0.000299880047980808,0,0,0.00729708116753299,0
0,0,0,0.000199940017994602,0,0,0,0.00139958012596221,0,0,0,0,0,0,0.00879736079176247,0,0,0,0,0,0,0.00119964010796761,0,0,0,0.30110966709987,0,0,0.000999700089973008,0,0,0.00389883035089473,0,0.0133959812056383,0,0,0.000799760071978406,0,0,0,0,0,0,0.00119964010796761,0,0.0144956513046086,0,0,0,0,0,0,0,0,0,0,0,0,0,0.00169949015295411,0,0,0,0,0,0,0,0,0,0,0,0,0,9.99700089973008e-05,0,0,0,0,0,0,0,0,0,0,0,0,0,0,0.000399880035989203,0,0,0,0.000899730080975707,0,0,9.99700089973008e-05,0,0,0.00119964010796761,0,0,0,0,0,0,0,0,0.0243926821953414,0,0,0,0,0,0,0,0,0,0,0.00219934019794062,0,0,0,0,0.000199940017994602,0.0150954713585924,0,0,0,0,0,0,0,0,0,0,0,0.0303908827351794,0,0,0,0.000699790062981106,0,0,0,0,0,0,0,0,9.99700089973008e-05,0,0,0,0,0.000199940017994602,0,0,0,0,0,0,0,0,0,0,0,0,0,0,0,0,0,0,0,0,0,0,0.00109967009897031,0,0,0,0,0,0,0,0,0,0,0,0,0,0.0210936718984305,9.99700089973008e-05,0,0,0,0,0,0,0,0,0,0,0,0,0,0,0,0,0,0,0,0,0,0,0,0,0,0.00789763071078676,0,0,0,0,0,0,0,0,0,0,0,0,0,0,0,0,0,0,0,0,0,0,9.99700089973008e-05,0,0,0,0,0,0,0,0,0.000199940017994602,0,0,0,0,0.000399880035989203,0,0,0,0,0.000199940017994602,0,0,0,0,0,0,0,0,0.0317904628611417,0,0,0.0509847045886234,0,0,0,0,0,0,0.416375087473758,0,0,0.00179946016195141,0,0,0,0,0,0,0.00209937018894332,0,0,0,0,0.00619814055783265,0,0.0321903428971309,0,0,0.00229931020693792,0
0,0,0.000399640323708662,0,0.0147866919772205,0,0,0,9.99100809271655e-05,0.00959136776900789,0.00489559396543111,0,0,0,0.00739334598861025,0,0.00639424517933859,0,0,0,0,0.0215805774802678,0,0,0,0.0121890298731142,0,0,9.99100809271655e-05,0.0203816565091418,9.99100809271655e-05,0,0,0.00149865121390748,0,0,0.000599460485562993,0.00209811169947048,0.00479568388450395,0,0,0,0,0,0,0.014486961734439,0,0,0,0,0.00249775202317914,0,0,0.000799280647417324,9.99100809271655e-05,9.99100809271655e-05,0,0,0,0.00119892097112599,0.00359676291337796,0,0,0,0,0.00169847137576181,0,0,0,0.0202817464282146,0,0,0,0.00309721250874213,0,0,0.000499550404635828,0,0,0.00839244679788191,0,0.00329703267059646,0.000199820161854331,0,0,0.00659406534119293,9.99100809271655e-05,0,0,0,0,9.99100809271655e-05,0,0,0,0,0.0245778799080827,0,0.00209811169947048,0,0,0,0.00239784194225197,0,0,0,0,0.0713357977819962,0.00879208712159057,0,0,0,0,0,0,0,0,0.00119892097112599,0.00139874113298032,0,0,0,0.0133879508442402,0,0.000799280647417324,0.0212808472374863,0,0,0,0.0674393046258367,0.0143870516535118,0,0,9.99100809271655e-05,0.000599460485562993,0,9.99100809271655e-05,0,0,0,0.00139874113298032,0,0.000999100809271655,9.99100809271655e-05,0,0.0239784194225197,0.000699370566490159,0.0025976621041063,9.99100809271655e-05,0,0,0,0,0,0.000199820161854331,0,0.00409631331801379,0,0,0.0171845339194725,0,0,0,0.0796283344989509,0,0,0,0,0,0,0.00119892097112599,0,0,0,0,0,0,0.0137875911679488,0.010890198821061,9.99100809271655e-05,0,0,0,0,0.000699370566490159,0,0.000299730242781497,0,0,0,0,0.00229793186132481,9.99100809271655e-05,0,0,0,0,0,0,0,0,0,0,9.99100809271655e-05,0,0.00509541412728544,0,0,0.000199820161854331,0,0,0,0,0,0.000499550404635828,0,0.00729343590768308,0,0.00149865121390748,0,0.00159856129483465,0,0,0,0,0,0,0,0.00299730242781497,0,0.000199820161854331,9.99100809271655e-05,0,0.0883205115396143,0,0,0,0,0,0.00429613347986812,0,0,0,0,0.00109901089019882,0.00939154760715356,0,0,0,0,0,0,0.000299730242781497,0,0.000999100809271655,0.0060945149365571,0.00689379558397442,0,0.000299730242781497,0,9.99100809271655e-05,0,0,0.00239784194225197,0,0,0,0,0.0280747327405335,0.0025976621041063,0,0.00139874113298032,0.027175542012189,0,9.99100809271655e-05,0,0.000199820161854331,0,0.000199820161854331,0.197222499750225,0,0,0.00689379558397442,0,0,0,0,0,0,0.00249775202317914,0,0,0,0,0.00389649315615946,0,0.00389649315615946,0,0,0.0218803077230493,0
0,9.98801438274071e-05,0.000199760287654814,0.000599280862964443,0.017179384738314,0.00719137035557331,9.98801438274071e-05,0,0,0.00868957251298442,0.016679984019177,0,0,0,0.00509388733519776,0,0,0,0.0319616460247703,0.000199760287654814,0.00948861366360368,0,0,0,0,0.0148821414302837,0,0,9.98801438274071e-05,0.00449460647223332,9.98801438274071e-05,0,0,0.000499400719137036,0,0,0,0.00369556532161406,0,0,0.00898921294446664,0,0,0,0.000998801438274071,0.00069916100679185,0,0.000199760287654814,0,0,0.00779065121853775,0,0,0.000399520575309628,9.98801438274071e-05,0,0,0,0,0.00169796244506592,0.00329604474630443,0.0227726727926488,0.00918897323212145,0,0,0.00149820215741111,0.0013983220135837,0.00829005193767479,0,0.000599280862964443,0,9.98801438274071e-05,0.00848981222532961,0.0101877746703955,0,0,0,0,0,0.0122852576907711,0,0.00609268877347183,0.00159808230123851,0.00149820215741111,0,0,0,0,0.00599280862964443,0,0,0,9.98801438274071e-05,0,0.00119856172592889,0,0,0,0,0,0,0,0,0,0,9.98801438274071e-05,0,0.000898921294446664,0.033859368757491,0.00469436675988813,0.000299640431482221,0,0,0,0,0,0,0,0.00709149021174591,0,0,0,0,0,0.000799041150619257,0.075309628445865,0,0,0,0.184778266080703,0.00489412704754295,0.00149820215741111,0,0,0.000199760287654814,0,9.98801438274071e-05,0,0,0,0,0,0,0,0.0376548142229325,0,9.98801438274071e-05,0.000898921294446664,0,0,0.000299640431482221,0.00469436675988813,0,0.00239712345185777,0,9.98801438274071e-05,0,0,0,0,0,0,0,0,0.000199760287654814,0,0,0,0,0,9.98801438274071e-05,0,9.98801438274071e-05,0,0,0.000299640431482221,0.00119856172592889,0.000199760287654814,0.059129045145825,0,0,0,0,0.000199760287654814,0.0027966440271674,0,0,0.000599280862964443,0,0,0,0.00199760287654814,0,0,0.00199760287654814,0,0,0.000299640431482221,0,0,0,0,0,0,0,0.00938873351977627,0.000898921294446664,0.00109868158210148,0,0.000199760287654814,9.98801438274071e-05,0,0,0.000898921294446664,0,0,0,0.00309628445864962,0.000199760287654814,0.00259688373951258,0,0.00129844186975629,0,0,9.98801438274071e-05,0,0.0170795045944866,9.98801438274071e-05,0,0.000799041150619257,0,9.98801438274071e-05,0,0.022073511785857,0.00449460647223332,0,0,0,9.98801438274071e-05,0.0131841789852177,0.000799041150619257,0,0,0,0,0,0,0,0,0,0,0,0.00119856172592889,0.00329604474630443,0,0.000399520575309628,0,0.00149820215741111,0.00149820215741111,0.000599280862964443,0,0,0,0.000199760287654814,9.98801438274071e-05,0,0,0,0.00779065121853775,0.106671993607671,0.000799041150619257,0.00619256891729924,0.00619256891729924,0,0,0.000199760287654814,0.000199760287654814,0,0,0.0969836196564123,0,9.98801438274071e-05,0.00619256891729924,0,0,0,0,0,0.00679184978026368,0.000299640431482221,0,0,0,0,0,0.00669196963643628,9.98801438274071e-05,0,0,0.000898921294446664,0
0,0,0,0,0,0,0,0,0,0,0,0,0,0,0,0,0,0,0,0,0,0.00580116023204641,0,0,0,0.0234046809361872,0,0,0,0,0,0,0,0,0,0,0,0,0,0,0,0,0,0.0474094818963793,0,0.000400080016003201,0,0,0.0003000600120024,0,0,0,0,0,0,0,0,0,0,0.0019003800760152,0,0.00980196039207842,0,0,0.000500100020004001,0,0.000900180036007201,0,0,0,0,0,0,0.0202040408081616,0,0,0,0,0,0.0021004200840168,0,0.001500300060012,0,0,0,0,0,0,0,0,0.000800160032006401,0,0.00520104020804161,0,0,0.0002000400080016,0,0,0.00900180036007201,0,0,0,0,0,0,0,0.0544108821764353,0.0465093018603721,0,0,0,0,0,0,0,0,0,0,0.001500300060012,0,0,0,0,0.0001000200040008,0.0177035407081416,0,0,0,0,0,0,0.00460092018403681,0,0,0,0,0,0,0,0,0,0,0,0,0,0,0,0,0,0,0.00690138027605521,0.0182036407281456,0,0,0.025505101020204,0,0,0,0,0.0247049409881976,0,0,0,0.0279055811162232,0,0,0,0,0,0,0.0003000600120024,0,0,0,0,0,0,0.0619123824764953,0.00710142028405681,0,0.0126025205041008,0,0,0,0,0,0,0,0,0,0,0.0002000400080016,0.000500100020004001,0,0,0,0,0,0,0,0,0,0,0.00880176035207041,0,0.000600120024004801,0,0,0,0,0,0,0,0,0.000500100020004001,0,0.00480096019203841,0.0532106421284257,0.0377075415083017,0.0012002400480096,0,0,0,0,0,0,0,0,0,0,0.0470094018803761,0,0,0.0387077415483097,0,0,0,0,0,0,0,0,0,0,0,0,0,0.0001000200040008,0,0,0.0236047209441888,0,0.0024004800960192,0,0.0024004800960192,0.0003000600120024,0.0002000400080016,0,0,0,0,0,0,0,0,0,0,0,0.001500300060012,0.0002000400080016,0,0,0.0442088417683537,0,0,0,0,0,0.0012002400480096,0.213342668533707,0,0,0.0294058811762352,0,0,0,0,0,0.00500100020004001,0,0,0,0,0,0.0250050010002,0,0,0.00590118023604721,0,0.0126025205041008,0
0,0,0,0,0,0,9.99700089973008e-05,0,0.000199940017994602,0,0,9.99700089973008e-05,0,0.000199940017994602,0.000599820053983805,0,0,0,0,0,0.000999700089973008,0.00759772068379486,0,0.000299910026991902,0,0.330100969709087,0,0,0.00399880035989203,0.000999700089973008,0.0299910026991902,0,0,0.00369889033290013,0,0,0,0,0,0,0,0,0,0.0107967609717085,0,0.00319904028791363,0,0,0,0,0,0,0,0,0.000999700089973008,0,0,0,0,0.00549835049485154,0,0,0.000499850044986504,0,0,0,0.0117964610616815,9.99700089973008e-05,0,0,0.00149955013495951,0,0,0.000199940017994602,0,0,0,0,0,0.000599820053983805,0,0,0,0,0.00379886034189743,0,0,0,0,0.00829751074677597,0,0.000699790062981106,9.99700089973008e-05,0,0,0,0,0,0,0,0,0,0,0,0.000499850044986504,0,0.0113965810256923,0.00139958012596221,0,0,0,0,0,0.0340897730680796,0,9.99700089973008e-05,0,0,0.0203938818354494,9.99700089973008e-05,0.000299910026991902,0,0,0,0.0532840147955613,0,0,0,0,0,0,0,0,9.99700089973008e-05,0,0,0.00629811056682995,0,0,0,9.99700089973008e-05,0,0,0,0,0,0,0,0,0,0.00159952014395681,0.000199940017994602,0,0,0,0,0,0,0,0.00319904028791363,0,0,0,9.99700089973008e-05,0,0,0,0.000199940017994602,0,0,0,0,0,0,0,0,0,0.00409877036888933,0.0435869239228232,0,0,0,0,0,0,0,0,0,0,0,0,0.00569829051284615,9.99700089973008e-05,9.99700089973008e-05,0,0,0,0,0,0,0,0,0,0,0.015295411376587,0.000199940017994602,0,0,0,0.000499850044986504,0,0,0,9.99700089973008e-05,0,0,0.00239928021593522,0.00139958012596221,0,0,0,0,0,0,0,0.000299910026991902,0,0,0.00499850044986504,0,0.00919724082775168,0,0,0.0334899530140958,0,0,0,0,0,0,0,0,0,0,0,0,0,9.99700089973008e-05,0,0,0.000699790062981106,0,0.00169949015295411,0,0.000499850044986504,9.99700089973008e-05,0,0,0,0.000199940017994602,0.000399880035989203,0,0,0,0,0,0,0,0.000499850044986504,0.0264920523842847,0,0,0.0732780165950215,0,0.00219934019794062,0,0,0.000499850044986504,0.000299910026991902,0.123562931120664,0,0,0.0492852144356693,0,0,0,0,0,0,0.00619814055783265,0,0,0,0,0.000499850044986504,0,0.00729781065680296,9.99700089973008e-05,0,0.0242927121863441,0
0,0,0,9.99500249875062e-05,0.00699650174912544,0,0,0,0,0,0,0,0,0,0.00139930034982509,0,0.00649675162418791,0,0,0,0,0,0.00399800099950025,0,0,9.99500249875062e-05,0,0.00859570214892554,0.000499750124937531,0,0,0.00309845077461269,0,0.000499750124937531,0,0,0,0,0.00219890054972514,0,0.00659670164917541,0,0,0,0.00109945027486257,0,0,0,0,0,0,0.000599700149925037,0,0,0,0,0,0.000699650174912544,0,0,0,0,0,0,0,0,0.000999500249875062,0.000899550224887556,0,0,0,0,0,0,0,0.0513743128435782,0,0,0,0,0,0.0182908545727136,0,0,0,0,9.99500249875062e-05,0,0.00289855072463768,0,0,0,9.99500249875062e-05,0,0.0103948025987006,0,0,9.99500249875062e-05,0.00139930034982509,0,0,0,0,0,0,0,0,0.00429785107446277,0,0.03968015992004,0,0,0,0,0,0,0,0,0,0,0.0146926536731634,0.00759620189905048,0.0031984007996002,0.000599700149925037,0,0.0260869565217391,0,0,0,0.0536731634182909,0,0.04047976011994,9.99500249875062e-05,0,0,0,0,0,0,0,0.000299850074962519,0,0.00079960019990005,0,0.00969515242378811,0,0,0,0,0,0.00129935032483758,0,0,0,0,0,0,0,0,0,0,0.000199900049975012,0,0.194502748625687,0,0,0,0.000299850074962519,0,0,0,9.99500249875062e-05,0.00149925037481259,0,0.00629685157421289,0.00409795102448776,0,0,0,0,0,0,0,0,0,0,0,0.000599700149925037,0,0,0,0.00389805097451274,9.99500249875062e-05,0,0,0,0,0,0,0,0,0,0,0,9.99500249875062e-05,0.00249875062468766,0,0.000499750124937531,9.99500249875062e-05,0.000299850074962519,0,0,0,0,0,0,0,0,9.99500249875062e-05,0,0,0,0,0,0,0,0,0,0,0,0,0,0,0.0331834082958521,9.99500249875062e-05,0,0,0,0,0,0,0,0,0,0,0,0,9.99500249875062e-05,0,0,0,0,0,9.99500249875062e-05,0,0,9.99500249875062e-05,0,0,0,0,0,0,0,0,0,0,0,0,0.00729635182408796,0,0,0.0194902548725637,0,0,0,0,0.00109945027486257,0,0.378810594702649,0,0,0.00389805097451274,0,0.00179910044977511,0,0,9.99500249875062e-05,0.00429785107446277,0,0,0,0,0,0.00119940029985007,0,0.000999500249875062,0,0,0.000199900049975012,0
0,0,0,0,0,0,0,0,0,0,0,0,0,0.0525842247325802,0,0,0,0,0,0,0,0,0,0,0,0.451564530640808,0,0,0,0.00109967009897031,9.99700089973008e-05,0,0,0,0,0,0.00139958012596221,0,0,0,0,0,0,0,0,0,0,9.99700089973008e-05,9.99700089973008e-05,0,9.99700089973008e-05,0,0,0,0,0,0,0,0,0.000999700089973008,0,0,0,0,0,0,0.000699790062981106,0,0.000599820053983805,0,0.000199940017994602,0,0,0,0,0,0,0,0,9.99700089973008e-05,0,0.000599820053983805,9.99700089973008e-05,0,0,0.000299910026991902,0,0,0,0,0,0.000499850044986504,0.000499850044986504,0,0,0,0,0,0,0,0,0,0,0,0,0,0,0.0167949615115465,0,0,0,0,0,0,0,9.99700089973008e-05,0,0,9.99700089973008e-05,0.000199940017994602,0,0,0,0,0.0133959812056383,0,0,0,0,0,0,0,0,0,0,0.00299910026991902,0.00379886034189743,0,0,0,0.00139958012596221,0,0,0,0,0,0.000199940017994602,0,0,0,0.000299910026991902,0.000199940017994602,0,0.000799760071978406,0,0,0,0,0,0.00729781065680296,0,0,0,0,0,0,0,0,0,0,9.99700089973008e-05,0,0.000199940017994602,0,0,0,0,0,0.00119964010796761,9.99700089973008e-05,0,0,0,0,0.000199940017994602,0,0,0,0,0,0,0.00509847045886234,0,0.000199940017994602,0.00299910026991902,0,0,0,0,0,0,0.000999700089973008,0,0.000199940017994602,0,0,9.99700089973008e-05,0,0,0,0,0,0,0,0,9.99700089973008e-05,0.00139958012596221,0.000299910026991902,0.00729781065680296,0,0,0,0,0,0,0,0,0,0,0,0.00259922023392982,0,0,0.0167949615115465,0,0,0,0,9.99700089973008e-05,0.000399880035989203,0,0,0.0114965510346896,0,9.99700089973008e-05,0,0,0,0,0,0,0,0.000699790062981106,0,0.000299910026991902,0.000199940017994602,0,0,0,0.000899730080975707,9.99700089973008e-05,0,0,0,0,0,0,0,0,0.0656802959112266,0,0,0.129461161651505,0,0,0,0,0.000199940017994602,0.000799760071978406,0.178246526042187,0,0,0.00659802059382185,0,0,0,0,0,0.000599820053983805,0.000599820053983805,0,0,0,0,0.00159952014395681,9.99700089973008e-05,0,0,0,0.00269919024292712,0
0,0,0,0,0.00519584332533973,0.00269784172661871,0.000399680255795364,0,0,0.0060951239008793,0.00139888089528377,0,0.00319744204636291,0,0.00589528377298161,0,0,0,0,0,0,0,0.00409672262190248,0,0,0.0897282174260592,0,0,0.0082933653077538,0,9.99200639488409e-05,0,0,0.00259792166266986,0,0,0.0038968824940048,0.00209832134292566,0.00979216626698641,0,0.00759392486011191,0,0,0,0.00529576338928857,0.024480415667466,0,0,0,0,0,0,0,0,0,0,0,0,0,0.00539568345323741,0,0,0.00159872102318145,0,0,0,0.00339728217426059,0,0,0,0,0,0.000499600319744205,0.0144884092725819,0,0,0,0,9.99200639488409e-05,0.00449640287769784,0.000399680255795364,0,0.000399680255795364,0,0,0,0.00259792166266986,0,0.00159872102318145,0.0304756195043965,0,9.99200639488409e-05,0.00119904076738609,9.99200639488409e-05,0.000899280575539568,0.000399680255795364,0,9.99200639488409e-05,0.00369704236610711,0,0,0,0,0,0.00589528377298161,9.99200639488409e-05,0,0.0082933653077538,0.0247801758593125,0,0,0,0,0.00919264588329336,0.000799360511590727,0,0,0,0,0,0,0,0.000699440447641887,0,0.0154876099120703,0.0841326938449241,0,0,0,0.0247801758593125,0.0278776978417266,0.0603517186250999,0,9.99200639488409e-05,0.000199840127897682,9.99200639488409e-05,0.00769384492406075,0,0,0,9.99200639488409e-05,9.99200639488409e-05,0.00209832134292566,0,0.00619504396482814,9.99200639488409e-05,0,0,0,0,0.00399680255795364,0.00279776179056755,0,0,0,0,0,0,0,0.0016986410871303,0,0,0,0.0583533173461231,0,0,0,0,0,0,0,0,0.000799360511590727,0,0.000599520383693046,0,0,0.00919264588329336,0,0,0,0,0.000299760191846523,0,0,0,0,0.00549560351718625,0,0,0,0.00619504396482814,0.00129896083133493,0,0.0239808153477218,0,0,0,0,0,0,0,0,0,0,9.99200639488409e-05,9.99200639488409e-05,0,0.000399680255795364,0.00259792166266986,0,0,0,0,0.00189848121502798,0,0,0,0.000599520383693046,0,0.00179856115107914,0,0,0,0,0.004396482813749,0,0,0.0142885691446843,0,0.0132893685051958,0,0,0,0,0,0,0,0,0,9.99200639488409e-05,9.99200639488409e-05,0,0,0,0,0,0,0,0,0,9.99200639488409e-05,0,0,0.000299760191846523,0,0,0,0.00209832134292566,0.00669464428457234,0,0,0.000499600319744205,0.000199840127897682,0,0,0,0,0,0,0,0.00739408473221423,0.00849320543565148,0,9.99200639488409e-05,0,0,0,0,0.234912070343725,0,0,0.0316746602717826,0,0,0,0,0,0,0.00119904076738609,0.008792965627498,0,0,0,0.00279776179056755,0,0.00149880095923261,0,0,0.00499600319744205,0
0.00409713200759468,0,0,0,0.00649545318277206,0.0124912561207155,0,0,0,0.00629559308484061,0.00329769161586889,0,0,9.9930048965724e-05,0.000399720195862896,0,0.0224842610172879,9.9930048965724e-05,0,0,0.000799440391725792,0.0567602678125312,0.00469671230138903,0,0,0.0161886679324473,0,0,9.9930048965724e-05,0,9.9930048965724e-05,0,0.00199860097931448,0.000699510342760068,0,0,0,0.00269811132207455,0.00329769161586889,0,0,0,0,0.00189867093034876,0.00649545318277206,0.00329769161586889,0,9.9930048965724e-05,0,0,0,0.00359748176276606,0,0,9.9930048965724e-05,0,0,0,0,0.00129909063655441,0,0.00049965024482862,0,0,0.0250824422903967,0.0107924452882982,0.00939342460277806,0,0,0.0106925152393325,0.000599580293794344,0,0.000399720195862896,0.00219846107724593,0,0,0,9.9930048965724e-05,0,0.00519636254621765,0,0.019186569401419,0,0,0,0,0,0,0,0.00639552313380634,0,9.9930048965724e-05,9.9930048965724e-05,0,0.00139902068552014,0,0,0,0.00119916058758869,0,0,0,0,0,0.0045967822524233,0,0.00939342460277806,0.0118916758269212,0.017387828520036,0.0175876886179674,0.000599580293794344,0.000399720195862896,0,0,0,0,0.000899370440691516,0.0024982512241431,0.0253822324372939,0,0.0254821624862596,0,0,0,0.00049965024482862,0.218946737283901,0,0,0.000699510342760068,0.0853402618167283,0.0405715998800839,0.00569601279104627,0,0,0,0,9.9930048965724e-05,0,0,0,0,0,0.000899370440691516,0,0,0,9.9930048965724e-05,0,9.9930048965724e-05,9.9930048965724e-05,0.000299790146897172,0.00319776156690317,0,0,0,0,0,0,0.00119916058758869,0.000899370440691516,0,0,0,0.0222844009193565,0,9.9930048965724e-05,0,0,0,0.000399720195862896,0.000799440391725792,0,9.9930048965724e-05,0,0,0,0,0.000399720195862896,0.00969321474967523,0,0.000799440391725792,0,0.000399720195862896,0,0.000799440391725792,0,0,0,0.000299790146897172,0.000199860097931448,0,0.00369741181173179,0,0,0,0,0,0,0,0,0,0,0,0.000199860097931448,9.9930048965724e-05,0.000699510342760068,0,0,0,0,0,0,0.00219846107724593,0.000199860097931448,0.00139902068552014,0,0.0250824422903967,0,0.00399720195862896,9.9930048965724e-05,0.00379734186069751,0,0,0,0,0,0,0,0.0111921654841611,0,0.00869391426001799,0,0,0.00829419406415509,0,0,0.000199860097931448,0,0,0,0,0,0,0,0,0,0,9.9930048965724e-05,0,0.00129909063655441,0.0157889477365844,0.000599580293794344,0.00099930048965724,0,0.000399720195862896,9.9930048965724e-05,0,0,0.000899370440691516,0.0020985310282802,9.9930048965724e-05,0,0,0,0,0,0,0,0.00049965024482862,0.00229839112621165,0,0.00659538323173778,0.0121914659738183,9.9930048965724e-05,9.9930048965724e-05,0,0,0,0.000199860097931448,0.0864394923553513,0,0,0.010492655141401,9.9930048965724e-05,0,0,0,0,0.00099930048965724,0.000799440391725792,0,0,0,0,9.9930048965724e-05,0,0,0.00829419406415509,0,0.0142899970020985,0
0,0,0,0,0,0,0,0.00199900049975012,0,0,0,0,0,0.00199900049975012,0,9.99500249875062e-05,9.99500249875062e-05,0,0,0,0,9.99500249875062e-05,0,0,0,0.526336831584208,0,0,0.000999500249875062,0,0,0,0,0,0,0,0.00269865067466267,0.00629685157421289,0,0,0,0,0,0,0,0,0,0,0,0,0,0,0,0,0.000899550224887556,9.99500249875062e-05,0,0,0,0.031584207896052,0,0,0,9.99500249875062e-05,0,0,0.00119940029985007,0,0,0.00759620189905048,0,9.99500249875062e-05,0,0,0,0,0,0,0,0.00529735132433783,0,0,0.0207896051974013,0,0,0,0,0,0,0.00269865067466267,0,0.000499750124937531,0.00529735132433783,0,0,0,0,0,0.00599700149925037,0,0,0,0,0,0,0,0,0.0490754622688656,0,0.00309845077461269,0,0,0,0,0,0,0,0,0.00709645177411294,0,0,0,0,9.99500249875062e-05,0.0332833583208396,0,0,0,0,0,0,0.0148925537231384,0,9.99500249875062e-05,0,0,9.99500249875062e-05,0,0,0,0.00079960019990005,0,0,0,0,0,9.99500249875062e-05,0,0,0,0,0,0,0,0,0,0,0,0,0,0,0,0,0,0,0,0,0,0,0,9.99500249875062e-05,0,0,0,0,0,0,0.00079960019990005,0.00079960019990005,0,0,0,0,0,0.000299850074962519,0,0,0,0,0,0,0.0105947026486757,0.000199900049975012,0,0,0,0,0,0,0,0,0,9.99500249875062e-05,0,0,0.000199900049975012,0.000199900049975012,0,0,0.000499750124937531,0,0,0,0,0.00179910044977511,0,0,0,0,0,0,0,0,0,0,0,0,0,0,0,0.0247876061969016,0,0,0.0253873063468266,0,0,0,0,0,0.000199900049975012,0,0,0,0,0,0,0,0,0,0,0,9.99500249875062e-05,0,0,0.000399800099950025,0.000399800099950025,0,0,0,0,0.00139930034982509,0,0,0.000299850074962519,0,0,0,0,9.99500249875062e-05,0.000499750124937531,0,0,0.0176911544227886,0,0,0,0,0,9.99500249875062e-05,0.166816591704148,0,0,0.0110944527736132,0,0,0,0,0,0,0.000299850074962519,0,0,0,0,0.00179910044977511,0,0.000699650174912544,0,0,0.000899550224887556,0
0,0,0,0,0,0,0.000199840127897682,0,0,0,0,0,0,0.0337729816147082,0.000999200639488409,0.000799360511590727,0,0,0,0,0,0.000499600319744205,0,0.00539568345323741,0,0.000199840127897682,9.99200639488409e-05,0,0.004396482813749,0,0.038968824940048,0,0,0.00189848121502798,0,0,0.000199840127897682,0.0038968824940048,0,9.99200639488409e-05,9.99200639488409e-05,0,0,0,0,0.00129896083133493,0,9.99200639488409e-05,0,0,0,0,9.99200639488409e-05,0,0,0,0,0,0,0,0,0,0,0,0,0,0.00289768185451639,0,0,0,0.000499600319744205,0,0,0,0,0,0,0,0,0,0,0,0.0220823341326938,0,0.00259792166266986,0,0.0176858513189448,9.99200639488409e-05,0,0.000899280575539568,0,9.99200639488409e-05,0,0,0,0,0,0,0.00839328537170264,0,0,0,0,0,0,0,0,0.140387689848121,0,0,0,0.000199840127897682,0,0.00279776179056755,0,9.99200639488409e-05,0,0,0.000399680255795364,0,0,0,0,0.0016986410871303,0,0,0.199940047961631,0,0,0,0.000999200639488409,0.0162869704236611,0,9.99200639488409e-05,0,0,0.00369704236610711,9.99200639488409e-05,0.000199840127897682,0,0.00689448441247002,0,0,0,0,0,0.00139888089528377,0,9.99200639488409e-05,0,0.000499600319744205,0.000599520383693046,0,0.0038968824940048,0,0,0,0,0,0.00109912070343725,0,0,0,0.31554756195044,0,9.99200639488409e-05,0,0,0,0,0,0,0,0,0,0,0,9.99200639488409e-05,0,0.000499600319744205,0,0,0.000499600319744205,0,0.000199840127897682,0,0,0,0,0,0,0.00469624300559552,0,0,0,0,0.00199840127897682,0,0,0.0195843325339728,0,0,0,0,0,0.0021982414068745,0.000199840127897682,0,9.99200639488409e-05,0.000499600319744205,0,0,0,0,9.99200639488409e-05,0,0.00709432454036771,0.000599520383693046,0,0,0.00639488409272582,0.00239808153477218,0,0,0,0,0,0,0.000899280575539568,0,0.00149880095923261,0,0,0.00199840127897682,0,0,0,0,0,0.000299760191846523,0,0,0.0140887290167866,0,0,0,0,0,0,0,0,0.000299760191846523,0,0,0,9.99200639488409e-05,0.0021982414068745,0,9.99200639488409e-05,0,0.000299760191846523,0,0.000299760191846523,0.000199840127897682,9.99200639488409e-05,0,0,0,0,0.0193844924060751,0,0.00599520383693046,0.0452637889688249,9.99200639488409e-05,0,0,0,0,0.000299760191846523,0.00239808153477218,0,0,0.004396482813749,0,0,9.99200639488409e-05,0,0.000799360511590727,0,0.000999200639488409,0,0,0,0,0.00529576338928857,0,0,0,0,9.99200639488409e-05,0
0,9.99000999000999e-05,0,0,0.0135864135864136,0,0,0,0,0.00609390609390609,0.0158841158841159,0,0,0,0.0241758241758242,0,0,0,0,0,0,0.00899100899100899,0.0011988011988012,9.99000999000999e-05,0,0.151248751248751,0,0,9.99000999000999e-05,0,9.99000999000999e-05,0,0,0.0004995004995005,0,0,0,9.99000999000999e-05,0,0,0.0040959040959041,0,0,0,0.0011988011988012,0,0,0.0001998001998002,0,0,0.0234765234765235,9.99000999000999e-05,0,0.000599400599400599,0,0,0,0,0,9.99000999000999e-05,0.00699300699300699,0,0.0017982017982018,0,0,0,0.0033966033966034,0,0,0.0022977022977023,0.0004995004995005,0,0.0010989010989011,0,0,0,0.0003996003996004,0,9.99000999000999e-05,0.0027972027972028,0,0.00639360639360639,0,0,0,0,0,0,0.0017982017982018,0,0,9.99000999000999e-05,0,0,0.000899100899100899,0,0,0,0,0,0,0,0,0,0,0,0,0.105694305694306,0.00889110889110889,0.0014985014985015,0,0,0,0,0.0003996003996004,9.99000999000999e-05,0,0.0011988011988012,0,0,0,0.0023976023976024,0,0,0,0.0181818181818182,0,0,9.99000999000999e-05,0,0,0.00539460539460539,0,9.99000999000999e-05,0.0002997002997003,0,9.99000999000999e-05,0,0,0,0.0004995004995005,0,0.0021978021978022,0,0,0,9.99000999000999e-05,0,0.0001998001998002,0,0,0,0,0,9.99000999000999e-05,0,0,0,0,0.000899100899100899,0,0,0,0,0,0,0,0,0,0,0.000899100899100899,0,0,0,0.0010989010989011,0,0,0,0,0,0,0,0.0001998001998002,0,0.0010989010989011,0,0,0,0,0,0.0004995004995005,0,9.99000999000999e-05,0.0012987012987013,0,0,0.0003996003996004,0,9.99000999000999e-05,0,0,0,0,0.0001998001998002,0,0.0010989010989011,0.000699300699300699,0,0,9.99000999000999e-05,0,0,0,0,0.000799200799200799,9.99000999000999e-05,0.0016983016983017,0.0002997002997003,0.00839160839160839,0,0,0.0024975024975025,0,0,0,0,0,0,0.00579420579420579,0,0,0,0,0.0155844155844156,0,0,0,9.99000999000999e-05,0,0,0,0,0,0,0,9.99000999000999e-05,0,0,0,0,0,9.99000999000999e-05,0.0002997002997003,0,0.000899100899100899,0.0236763236763237,0,0,0.0002997002997003,0,0.0001998001998002,0,0,0.0002997002997003,0,0,0,0,0.00619380619380619,0.0004995004995005,0,0,0.067032967032967,0,9.99000999000999e-05,0,0,0,9.99000999000999e-05,0.417482517482517,0,0,0.000599400599400599,0,0,0,0,0,0,0,0,0,0,0.0001998001998002,0,0,0,0,0,0.00999000999000999,0
0,0,0,0,0.00779220779220779,0,9.99000999000999e-05,0,0,0,0,0,0,9.99000999000999e-05,0.0013986013986014,0,0.000999000999000999,0,0,0,0,0,0.0010989010989011,0,0,0.210989010989011,0,0,0,0.0038961038961039,0,0,0,0,0,0,0,0.0026973026973027,0.0021978021978022,0,0.00629370629370629,0,0,0,0,0,0,0,0,0,0.00519480519480519,0,0,0,0,0,0,0,0,0.0278721278721279,0,0.0130869130869131,0,0,0,0,0.000799200799200799,0.0013986013986014,0,0.00669330669330669,0.0018981018981019,0,0,0,0,0,0.0003996003996004,0,0,0,0,0,0,0,0,0,0,0,0.0014985014985015,0,9.99000999000999e-05,0.0038961038961039,9.99000999000999e-05,0,0,0,0,0,0,0,0,0,0,0,0,0,0,0.00889110889110889,0.0284715284715285,0,0,0,0,0,0,0,0.0118881118881119,0,0,0,0,0,0.0102897102897103,0,0.00629370629370629,0.183016983016983,0,0,0,0.069030969030969,0,0,0,0,0,0,9.99000999000999e-05,0,9.99000999000999e-05,0,9.99000999000999e-05,0,0,0,0,0,0,0,0,0,0,0,0,0,9.99000999000999e-05,0,0,0,0,0,0,0,0,0,0,0,0,0,0,0,0,0.0004995004995005,0.0001998001998002,0,0,0,0,0.0027972027972028,0.0579420579420579,0,0,0,0,0,0,0,0,0,0,0,0,0.00549450549450549,0,0,0,0,0,0,0,0.000799200799200799,0,0,0,0.131168831168831,0,0,0,0,9.99000999000999e-05,0.0016983016983017,0,0,0,0,0,0,0,0,0,0,0,0,0,0,0,0,0,0,0.0127872127872128,0,0,0,0,0.0524475524475524,0,0,0,0,0,0.0123876123876124,0,0,0,0,0,0,0,0,0,0,0,0,0,0,0,0,0,0,0,0,0,0,0,0,0,0,0,0,0,0.000599400599400599,0,0,0.0031968031968032,9.99000999000999e-05,0,0,0,0,0,0.0937062937062937,0,0.0001998001998002,0,0,9.99000999000999e-05,0,0,0.000699300699300699,0,0,0,0,0,0,0.0040959040959041,0,0.0001998001998002,0,0,0,0
0.000199760287654814,9.98801438274071e-05,0.000599280862964443,9.98801438274071e-05,0.0111865761086696,0.00319616460247703,0,0,0,0.00429484618457851,0.00569316819816221,0,0.00509388733519776,0.000299640431482221,0.0013983220135837,0.00359568517778666,0.00589292848581702,0,0.00928885337594886,0.00109868158210148,0,0.000599280862964443,0,0.000199760287654814,0,0.198661606072713,0,0,9.98801438274071e-05,0.00269676388333999,0.00369556532161406,0,0,0.00189772273272074,0,0,0.00149820215741111,0,0.00179784258889333,0.000499400719137036,0.0103875349580503,0,0,0,0,0.000199760287654814,0.00299640431482221,9.98801438274071e-05,0,9.98801438274071e-05,0.00639232920495406,0,0,0.000599280862964443,0.000299640431482221,0,0,0.000199760287654814,0,0.000499400719137036,0.00888933280063923,0.00359568517778666,0.00069916100679185,0,0,0,0.00269676388333999,0.000799041150619257,0,0,9.98801438274071e-05,0,0.000299640431482221,0.00809029165001998,0,0,0.000399520575309628,0,0,9.98801438274071e-05,0,0.00249700359568518,0.00129844186975629,0,0.0524370755093887,9.98801438274071e-05,0.00129844186975629,0.000199760287654814,0.00479424690371554,0,0,9.98801438274071e-05,0.000399520575309628,0,0.0098881342389133,0.0013983220135837,0,9.98801438274071e-05,0.000299640431482221,0,0,0,0,0.00169796244506592,0.00109868158210148,0,0,0.108170195765082,0.00549340791050739,0,0.00269676388333999,0.0013983220135837,0,0.00429484618457851,0.000399520575309628,0.00219736316420296,0,0,0,9.98801438274071e-05,0,0,0.000799041150619257,0,0.00829005193767479,0.070914902117459,0,0,0,0.182281262485018,0.0157810627247303,0.00579304834198961,9.98801438274071e-05,9.98801438274071e-05,0,0,9.98801438274071e-05,0.000199760287654814,0,0,9.98801438274071e-05,0,0,0,0.00299640431482221,0,9.98801438274071e-05,0,0.000299640431482221,0,0.00459448661606073,0.00119856172592889,0,0.000399520575309628,0,9.98801438274071e-05,0,0,0,0.0168797443068318,0,0.000399520575309628,0,0,0,9.98801438274071e-05,0.000199760287654814,0,0,0,9.98801438274071e-05,0,9.98801438274071e-05,9.98801438274071e-05,0,0,0.000299640431482221,0.000199760287654814,0.00159808230123851,0,0,0,0,0,0,0,0,0.000499400719137036,0,0,9.98801438274071e-05,0.00779065121853775,9.98801438274071e-05,0,0,0.000399520575309628,0,0,0,0.000299640431482221,0,0,0,9.98801438274071e-05,0,0.000799041150619257,0,0,9.98801438274071e-05,9.98801438274071e-05,0,0,0,0.000299640431482221,0.000399520575309628,0,9.98801438274071e-05,9.98801438274071e-05,0.00479424690371554,0,0.00389532560926888,0.00249700359568518,0,0,0.000898921294446664,0,0,0.0256691969636436,0.0055932880543348,0.000199760287654814,0.00509388733519776,9.98801438274071e-05,0.000199760287654814,0.00579304834198961,0,0,9.98801438274071e-05,0,9.98801438274071e-05,0,0,0,0,0,0,0,0,9.98801438274071e-05,0,0,0,0.000199760287654814,0,9.98801438274071e-05,0.00069916100679185,0.000199760287654814,9.98801438274071e-05,0,0.000499400719137036,0,0.00179784258889333,0,0.000499400719137036,9.98801438274071e-05,0,0,0,0,0,0.00159808230123851,0,0.00329604474630443,0.00509388733519776,0,0,0.000199760287654814,0,0,0.00109868158210148,0.0496404314822213,0,0.000199760287654814,0.0368557730723132,0,0.000898921294446664,0,0,9.98801438274071e-05,0.000299640431482221,0,0,0,0,0,0.000599280862964443,0,0.000299640431482221,0,0,0.00179784258889333,0
0,0,0.000399720195862896,0,0.022084540821425,0.00549615269311482,0,0,0,0.00699510342760068,0.016288597981413,0,0,0,0,0.00119916058758869,0.0053962226441491,0,0,0,0,0.00679524332966923,0,0,0,0.0471669831118217,0.00119916058758869,0,0.0150894373938243,0.023883281702808,0.00269811132207455,0,0,0.00259818127310882,0,0,0,0,0,0,0.00659538323173778,0.00299790146897172,0,0,0,0.0164884580793445,0,9.9930048965724e-05,0,0,0.0113920255820925,0,0,0,0,0,0,0,0,0.00179874088138303,0.0113920255820925,0.00199860097931448,0,0.000299790146897172,0,0,0.0130908364145098,0,0,0.00849405416208654,0,0.00049965024482862,0.000699510342760068,0.0102927950434696,0,0.00369741181173179,0.000199860097931448,0,0,9.9930048965724e-05,0,0.0484660737483761,0.0269811132207455,0,0,9.9930048965724e-05,0,0,0,0,0,0,0,0,0,0,9.9930048965724e-05,0,0,0,0,0.0100929349455381,0,0.000799440391725792,0,0.000199860097931448,0,0.000199860097931448,0,0,0,0,0,0,0.00049965024482862,0,0,0,0.0161886679324473,0,0,0,0,0,0.00299790146897172,0.106925152393325,0.00469671230138903,0,0.000199860097931448,0.150894373938243,0,9.9930048965724e-05,0,0,0.000699510342760068,0.00469671230138903,0,0,0,0,9.9930048965724e-05,0,0.0024982512241431,0,0,0,9.9930048965724e-05,0.00109923053862296,0.000299790146897172,0,0.000799440391725792,0,0,0.00119916058758869,0,0,0,0,0,0.00299790146897172,0,0,0,0,0,0,0.000199860097931448,0,9.9930048965724e-05,0.000199860097931448,0.000299790146897172,0,0,0,0,0,0,0.0118916758269212,0,9.9930048965724e-05,0,0.00119916058758869,0,0,0.000899370440691516,0,0,0,0,0,0.000199860097931448,0.02967922454282,0,0.00099930048965724,0,0,0,9.9930048965724e-05,9.9930048965724e-05,0,0,0,0,0.00369741181173179,0,0.000799440391725792,0.000299790146897172,0,9.9930048965724e-05,0,0,0,0,0,0.000699510342760068,0,0,0.002897971420006,0,0,0,0.0100929349455381,0,0,0,0,0,0,0,0,0,9.9930048965724e-05,0,0.00389727190966324,0,0,0.00169881083241731,0,9.9930048965724e-05,9.9930048965724e-05,0,0,0.00049965024482862,0,0.000199860097931448,0.000599580293794344,0,0,0,0,0.00769461377036075,0.000699510342760068,0.00169881083241731,0,0.00169881083241731,0.000199860097931448,9.9930048965724e-05,0,0.000199860097931448,0,0,0,0,9.9930048965724e-05,0.000199860097931448,0,0,0,0.000399720195862896,0.000399720195862896,0,0,0.0157889477365844,0,0,0,0,0,0,0.187568701908664,0,0,0.0555611072249425,0,0,0.000199860097931448,0.000699510342760068,0,0.000399720195862896,0.00299790146897172,0,0,9.9930048965724e-05,0,0,0.00109923053862296,0.00049965024482862,0,0,0.0185869891076247,0
0,9.99900009999e-05,0.0008999100089991,0,0,0,0.0002999700029997,0,0,0,9.99900009999e-05,9.99900009999e-05,0,0,0,0,0,0,0,0,0,0,0,9.99900009999e-05,0,0.490850914908509,0,0,0.0012998700129987,0,0.0028997100289971,0,0,0.0127987201279872,0,0,0,0,0,0,0,0,0,0,0,0.0312968703129687,0,0,0,0,0,0,0,0,0,0,0,0,0,0,0,0,0,0,0,0,0.0100989901009899,0,0,0,0,0,0.0002999700029997,0,0,0,0,0,0,0,0,0,0,0,0,0,0.006999300069993,0,0,0,0,0,0.0086991300869913,0,0,0,0,0,0.0130986901309869,0,0,0,0,0.003999600039996,0,0,0,0.0538946105389461,0,0,0,0,0,0.0041995800419958,0,0,0,0,0,0,0,0,0,0,0.0053994600539946,0.0002999700029997,0,0,0,0,0.0002999700029997,0.0344965503449655,0,0,0,0,0,0,0,0,0.0154984501549845,0,0,0,0,0,0.0016998300169983,9.99900009999e-05,0,0,0.0007999200079992,0.0002999700029997,0,0.0005999400059994,0,0,0,0,0,0,0,0,0,0,0,9.99900009999e-05,0,0,0,0,0.0001999800019998,0,0,0,0.0018998100189981,0,0,0,0,0,0,0,0,0,9.99900009999e-05,0,0,0,0,0,0,0,9.99900009999e-05,0,0.0238976102389761,0,0,0,9.99900009999e-05,0,0,0,0,0.0002999700029997,0,0,0,0,0,9.99900009999e-05,0,0,0,0,0,9.99900009999e-05,0,0.0020997900209979,0,0,0,0,0.0016998300169983,0,0,0,0,0,0,0,0,0,0,0.024997500249975,0,0,0,0,0,0.0002999700029997,0,0,0,0,0,0,0,0,0,0,0,0,0,0,0,0,0.0002999700029997,0,0,0,0,0,0,0,9.99900009999e-05,0,0,0,0,0.0063993600639936,0,0,0.0478952104789521,0,0,0,0,0,0,0.159484051594841,0.0001999800019998,0,0.0163983601639836,0,0,0,0,0,0,0,0,0.0001999800019998,0,0,0.0108989101089891,0.0005999400059994,0,0,0,0,0
0,0,0,0,0,4e-04,4e-04,0.0056,0,0,0,0,0,0,0.0072,0,0,0,0,0,0,0,0,0.0063,0,0.1358,0,0,0,0.0046,0.0279,0.0017,0,0.055,0,0,0.0022,0.0132,0,0,7e-04,0,0,0.0034,0,0.0462,0,0,0,0,0.0021,0,0,0,0,0,0,0,0,0,0,0,0,0,0,0,0,0,0,0,0,0,0,0,0,0,0,0,0,0,0,0,0,0,0,0,0,0,0,0,0,0,7e-04,0.0026,0,0,0.0029,0,0,0,0,0,0,0,0,0,0,0.0241,0,0,0,0,0,0.0274,0,0,0,0,0.0246,0,0,0,0,0,0.0906,0,0,0,0,0,0,0.0111,0,0,0,0,0.0825,0,0,0,0,0,0,0,0,0,0,0,0,0,7e-04,0.0031,0,0,0,0,0,0,0,0,0,0,0,0.001,0,0,0,0,0,0,0,0,0.0038,0,0,0,0,0.0338,0,0,0,0,0,0,0,0,0,0,0,0,0,0.0573,0,0,0.0066,0,0,0,0,0,0,0,0,0,0,0,0,0,0,1e-04,0,0,0,0,0,0,0,0,0,0,0,0,0.0047,0,0,0,0,0,0,0,0,0,0,0,0,0,0,0,0,0,0,0,0,0,0,0,0,0,0,0,0,0,0,0.0011,0,0,0,0,0,0,0,0,0,0,1e-04,0,0,0,0,0.1585,0,0,0.0804,0,0,0,0,0,0.0171,0,0,0,0.0167,0,0,0,0,0,0,0,0,0,0.002,0,0,0,0.0221,0,0,0.0117,0
0,0,0.000299760191846523,0,0.00559552358113509,0,0,0,0,0.00369704236610711,0,0,0,0,0.00189848121502798,0,0.0154876099120703,0,0,0,0,0,0,0.000499600319744205,0,0.00419664268585132,0,0,9.99200639488409e-05,0.00229816147082334,0,0,0,0,0,0,9.99200639488409e-05,9.99200639488409e-05,0.0212829736211031,0,0.00359712230215827,0,0,0,0.000899280575539568,0.00139888089528377,0,0,0,0,0.00199840127897682,0,0,0,0,0,0,0,0,0.000799360511590727,0,0.000399680255795364,0.00109912070343725,0,0,0,0.0113908872901679,0,9.99200639488409e-05,0.00599520383693046,0,0,0,0,0,0,0,0,0,0,0,0,0,0,0,0.000799360511590727,0,0,0.00519584332533973,0,0,9.99200639488409e-05,9.99200639488409e-05,0,0,0,0,0,0,0,0,0.00569544364508393,0,0,0,0,0,0.347821742605915,0,0,0.000599520383693046,0,0,0,0,0,0,0,0.000899280575539568,0,0,0,0.00509592326139089,9.99200639488409e-05,0.000199840127897682,0.0108912869704237,0,0,0,0.083533173461231,0,0,0,0,0.000899280575539568,9.99200639488409e-05,9.99200639488409e-05,0,0,0,0.008792965627498,0,0.00189848121502798,0,0,0,0,0,0,0,0.0021982414068745,0,0,0,0,0,0,0,0,0,0,0,0,0.00239808153477218,0,0,0,0,0,0,9.99200639488409e-05,0,0,0,0,0,0,0,0.00119904076738609,0,0,0,0,0,0,0,0,0,0,0,0,0.000999200639488409,0.000199840127897682,0,0,9.99200639488409e-05,0,0,0,0,0,0,0,0,9.99200639488409e-05,0,0,0,9.99200639488409e-05,9.99200639488409e-05,0,0,0,0,9.99200639488409e-05,0,0.0130895283772982,0,0,0,0,0,0,0,0,0,0,0,0,0,0,0,0,0.0318745003996803,0,0,0,0,0,0,0,0,0,0,0.000699440447641887,0,0,0,0,0,0,0,0,9.99200639488409e-05,0,0,0,0,0,0,0,0,0,9.99200639488409e-05,0,0,0,0,0,0.00109912070343725,0,0,0.0568545163868905,0,0.000999200639488409,0,0,0,0,0.320843325339728,0,0,0.00469624300559552,0,0,0,0,0,0,0,0,0,0,0,0,0,0.00239808153477218,0,0,0.00359712230215827,0
0,0,0,0,0,0,0.0001999600079984,0,0,0,0,0,0,0,0,0.0002999400119976,0.0125974805038992,0,0,0,0,0,0,0,0,0,0,0,0.0188962207558488,0.0206958608278344,0.0287942411517696,0,0,0,0,0,0.0002999400119976,0,0,0,0,0,0,0,0,0,0,0,0,0,0,0,0,0,0,0,0,0.000399920015996801,0,0,0,0,0,9.99800039992002e-05,0,0,0.00879824035192961,0,0,0.0160967806438712,0,0,0,0,0,0,0,0,0,0,0,0,0,0,0,9.99800039992002e-05,0,0,0,0,0,0.0022995400919816,0.0681863627274545,0,0,0,0.0028994201159768,9.99800039992002e-05,0,0,0,0.002999400119976,0.0001999600079984,0,0,0,0,0.489102179564087,0,0,0,0,0,0,0,0,0,0,0.0424915016996601,9.99800039992002e-05,0,0,0.000399920015996801,9.99800039992002e-05,0,0,0.00969806038792242,0,0,0,0,0,0,0.000399920015996801,0.000699860027994401,0,0,0,0,0,0.0020995800839832,0,0,9.99800039992002e-05,0,0,0.0021995600879824,0,0,9.99800039992002e-05,0,0,0,0,0,0,0,0,0,0,0,0,0,0,0,0,0,0,0,0.000599880023995201,0,0.0023995200959808,0,0,0,0,0,0,0,0,0,0,0,0,0,0,0.0001999600079984,0,0,0,9.99800039992002e-05,0,0,0,0,0.0001999600079984,0,0,0,0.000499900019996001,0,0.00329934013197361,0,0,0,0.00599880023995201,0,0,9.99800039992002e-05,0,0,0,0,0,0,0,0,0,0.00629874025194961,0,0,0,0,0,0,0,0,0,0,0,0,0,0,0,0,0,0,0,0,0,0,0,0,0,0.000799840031993601,0.0017996400719856,0.0030993801239752,0,0,0,0,0,0,0,0,0.000799840031993601,0,0,0,0,0,0,0,0,0,0,0,0,0,0.193561287742452,0,0,0,0,0.000399920015996801,0,0,0,0,0.0357928414317137,0,0,0,0,0,0.000399920015996801,0,0,0,0,0,0,0,0,0,0,0.0012997400519896,0,0,0.0108978204359128,0
0,9.99700089973008e-05,0,0,0,0,0,0.00219934019794062,0,0,0,0,0,0.000799760071978406,0,0,0,0,0,0,0.000199940017994602,9.99700089973008e-05,0,0.000699790062981106,9.99700089973008e-05,0,0,0,0.000399880035989203,0,0.00129961011696491,0,0,9.99700089973008e-05,0,0,0.00149955013495951,0.000299910026991902,0,0,0,0,0,0.00809757072878137,0,9.99700089973008e-05,0,0,0,0,0.000499850044986504,0,0,0,0.000499850044986504,0,0,9.99700089973008e-05,0,0.000299910026991902,0,0.00179946016195141,0,0,0.000399880035989203,0,0.00459862041387584,0,0,9.99700089973008e-05,0.000299910026991902,0,0,0.000799760071978406,0,0,0,0,0,0.000499850044986504,0,0,0,0,9.99700089973008e-05,0,0,0,0,0.00129961011696491,0,0.000799760071978406,0.0143956812956113,0,0,0.0220933719884035,0,0,0.000399880035989203,0,0,0,0,0,9.99700089973008e-05,0,0.0302909127261821,0.153353993801859,0,0.0406877936619014,0,0,0,0.00699790062981106,0,9.99700089973008e-05,0,0,0,9.99700089973008e-05,0,0,0,0,0.00479856043187044,0,0.000599820053983805,0,9.99700089973008e-05,0,0.000199940017994602,0.00439868039588124,0,0,0,9.99700089973008e-05,0.00849745076477057,0,0,0,0.01629511146656,0,0,0,0,0,0.000199940017994602,0,0,0,0.000899730080975707,0,0,0.00269919024292712,0.000199940017994602,0,0,0,0,0.000199940017994602,0,0,0,9.99700089973008e-05,0,0,0,0,0,0,0,0,0,0,0,0,0,0.000599820053983805,0.00429871038688393,0,0,0,0,0.000799760071978406,0,0,0,0,0,0,0,0.00149955013495951,0.000199940017994602,0.000299910026991902,0,0,0.000699790062981106,0,0,0,0,0,0,0,0,0.00899730080975707,0,0,9.99700089973008e-05,0,0,0,0,0,0,0.000299910026991902,0.00279916025192442,0,0.028591422573228,0.000199940017994602,0,0.00299910026991902,0,0,9.99700089973008e-05,0,0,0,0.000799760071978406,0.00109967009897031,0.00519844046785964,0,0,0.018294511646506,0,0,0,0,0,0,0,0,0.00979706088173548,0,0,0.000299910026991902,0,0,0,0,0,0,0,0,0.00159952014395681,0.00149955013495951,0.000699790062981106,0,0,0,0.000199940017994602,0,0,9.99700089973008e-05,0,0,0,0,0.000399880035989203,0.193042087373788,0,0,0.104268719384185,0,0,0.000199940017994602,0,0,0.000299910026991902,9.99700089973008e-05,0,0.256523043087074,0.000399880035989203,0,0,0,0,0.00259922023392982,0.0117964610616815,0,0,0,0,0,0.000999700089973008,0,0.00129961011696491,0,0,9.99700089973008e-05,0
0,0,0,0,0,0,6e-04,0,0,0,0,0,0,0,1e-04,0,0,0,0,0,0,0.0044,0,0,0,0.171,0,0,0,0,0,0.0013,0,0.0185,0,0,0,0.0142,0,0,0,0,0,0.0026,0,9e-04,0,0,0,0,0,0,0,0,0,0,0,0,0,0.0208,0,1e-04,0,0,0,0,0,0,0,0,0,0,0,1e-04,0,0,0,0,0,0.0058,0,0,0,0,0,0,0,0,0,0,0,0.0059,0,0,0,0,0,0,0,0,0,0,0,0,1e-04,0,0,0.2455,0,0,1e-04,0,0,2e-04,0,0,0,0,0.0093,6e-04,1e-04,0,0,0,0.0105,0,0,0,0,0,0,0,0,0,0,0,0,0,0,0,0,0,2e-04,0,0,0,0.0031,0,0,0,0.0016,0,0,0,0,0,0,0,0,0.0148,0,0,0,3e-04,0,0,0,0,0,0,7e-04,0.0028,0,0,0,0,0,0,0.0335,0,0,0,0,0,0.0074,0,0,0,0,0,0,8e-04,0,0.0039,0,0,0,0,0,0,0,0,0,0,0.0301,0.0178,0,0,0,0,0,0,0,0,2e-04,0,0.0207,0,0,3e-04,0,0,0,0,0,0,0,0,0,0,0.0158,0,0,0.0686,0,0,3e-04,0.0022,0,0,0,0,0,0,0,4e-04,0,1e-04,0,0,0,1e-04,0.0011,0,0,9e-04,0,2e-04,5e-04,6e-04,0,0,0,0.0029,0,0,0,0,0.0042,0.0068,0,5e-04,0.012,0,0,0,0,0,0.0033,0.1425,0,0,0.0584,0,0,0,0,0,0,0.0076,0,0,0,0,0.0075,0,0.0059,0,0,0.0067,0
0,0,0,0,0.0190637788202415,0.00299431080946202,9.98103603154007e-05,0,0,0,0.00259506936820042,0,0,9.98103603154007e-05,0.00998103603154007,0,0.0133745882822637,0,0,0,0,0.000399241441261603,0,0,0,0.139435073360615,0,0,9.98103603154007e-05,0,0.000499051801577004,0.000299431080946202,0,0.000499051801577004,0,0,0,9.98103603154007e-05,0.00189639684599261,0,0,0,0,0,0.00389260405230063,0,0,0.000199620720630801,0,0,0.00309412116977742,0,0,0.000199620720630801,9.98103603154007e-05,9.98103603154007e-05,0,0,0,0.000199620720630801,0.00159696576504641,0,0.000499051801577004,0.00199620720630801,0,0.00149715540473101,0.000698672522207805,0,0,0.00299431080946202,9.98103603154007e-05,9.98103603154007e-05,9.98103603154007e-05,0.000399241441261603,0,0,0.000299431080946202,0,9.98103603154007e-05,0.000698672522207805,0,0.00409222477293143,0.00129753468410021,0,0,0,0,0,0,0,0,9.98103603154007e-05,0.00169677612536181,0,0,0,0,0,0,0,0,0,0,0,0,0,9.98103603154007e-05,0.00269487972851582,0,0,0.00309412116977742,0,0,0,0.000199620720630801,0,0,0.000299431080946202,0.000898293242838607,0,0,0,0,0,0.00838407026649366,0.0172671923345643,0,0,9.98103603154007e-05,0.0121768639584789,0,0,0,0,9.98103603154007e-05,0,9.98103603154007e-05,0,0,0,0.000199620720630801,0,0.000698672522207805,0,0,0,0.000199620720630801,0.000199620720630801,9.98103603154007e-05,0,0.000199620720630801,0,0,0.000199620720630801,0,0,0,0,0,0,0,0,0,0,0,0,9.98103603154007e-05,0,0,0,9.98103603154007e-05,0,0,0,0,0,9.98103603154007e-05,9.98103603154007e-05,9.98103603154007e-05,9.98103603154007e-05,0,0,0,0,9.98103603154007e-05,0,0,0,0,0,0,0.000399241441261603,0,0,0,0,0,0,0,0,0,0,0,9.98103603154007e-05,0,0.00219582792693882,0,0,0,9.98103603154007e-05,0.000598862161892404,0,0,9.98103603154007e-05,0,9.98103603154007e-05,9.98103603154007e-05,0.000199620720630801,0.000499051801577004,0,9.98103603154007e-05,9.98103603154007e-05,0,0.000299431080946202,0,9.98103603154007e-05,0,0,9.98103603154007e-05,0,0,0,0,0.0445154207006687,0,0,0.000199620720630801,0,0,0.0100808463918555,0,0,0,0,0,0.000598862161892404,0,0,0,0,0,9.98103603154007e-05,9.98103603154007e-05,0,9.98103603154007e-05,0.00439165585387763,0,0,9.98103603154007e-05,0,9.98103603154007e-05,0,0,0.000199620720630801,0,0,0,0,0.000499051801577004,0.612336560534984,0,9.98103603154007e-05,0.0416209202515221,0,0.00299431080946202,9.98103603154007e-05,0,0,9.98103603154007e-05,0.000199620720630801,9.98103603154007e-05,0.000399241441261603,0.00948198422996307,0,0,0,0,0,0,9.98103603154007e-05,0,0,0,0,9.98103603154007e-05,0,0.000299431080946202,0,0,0.000598862161892404,0
0,0,0,9.98502246630055e-05,0.0129805292061907,0.00279580629056415,9.98502246630055e-05,0,0,0.00629056415376935,0.00399400898652022,0,0,0,0.0147778332501248,0,0.0133799301048427,9.98502246630055e-05,0,0,0,0.00938592111832252,0.00109835247129306,0,0,0.0864702945581628,0,0,0.000199700449326011,0,0,0,0,0.000199700449326011,9.98502246630055e-05,0.000898652021967049,0,9.98502246630055e-05,0.00139790314528208,0,0.00678981527708437,0,0,0,0.00589116325511732,0,0,0,0.000698951572641038,0,0,0.00159760359460809,0,0,0,0,0,0,0,0.00559161258112831,0.00229655516724913,0,0.000599101347978033,0,0.0194707938092861,0.00978532201697454,0.00349475786320519,0.00429355966050924,0,0,0,0,0,0,0,0,0,0,0,0.000199700449326011,0,0.00589116325511732,0,0,0,9.98502246630055e-05,0,0,0.00169745381927109,0,0,0.000599101347978033,9.98502246630055e-05,0,0.00129805292061907,0.000299550673989016,0,0,0,0,0,0,0,0.000199700449326011,0,0,0,0.00379430853719421,0.00499251123315027,0,0.000998502246630055,0,0,0,0.000499251123315027,0,0,0.000199700449326011,0,0,0,0.00169745381927109,0,0,0.000199700449326011,0.0531203195207189,0,0,0,0.103145282076885,0,0,0.000399400898652022,9.98502246630055e-05,0,9.98502246630055e-05,0.000199700449326011,0,0,9.98502246630055e-05,0.000499251123315027,0,0.00209685471792312,0,0.00818771842236645,9.98502246630055e-05,0.000399400898652022,0,0,9.98502246630055e-05,0.000399400898652022,0,0.000199700449326011,0,0,0,0,0,0.000698951572641038,0.000299550673989016,9.98502246630055e-05,0,0,0,0,0,0,0,0,0,0.000399400898652022,0,9.98502246630055e-05,0,0,0,0,0,0.000499251123315027,0,0.000399400898652022,0,0,0,0.000299550673989016,0,0,0,0,0,0,0.00379430853719421,9.98502246630055e-05,0,0,0,0,0,0,0,0,0,0,0,0.018971542685971,0.000399400898652022,0,0,0,0,0,0,0,0,0,9.98502246630055e-05,0,0,9.98502246630055e-05,0,0,0,0,0,0.000199700449326011,0,0,0,0.00199700449326011,0,0.000998502246630055,0,0,0.00439340988517224,0,0,0,0,0,0.000199700449326011,0,0,0,0,0,0,9.98502246630055e-05,0.000299550673989016,0,0,0,0,0.000299550673989016,0,0,0.000399400898652022,0,0,0,0,9.98502246630055e-05,0,0,9.98502246630055e-05,0,0,0,0,0,0.00349475786320519,0,0,0.175037443834249,0,0.000499251123315027,0,0,0,9.98502246630055e-05,0.36844732900649,0,0,0.00309535696455317,0,0,0,0,0,0.00149775336994508,0.00119820269595607,0,0,0,0,0,0,0.000399400898652022,0,0,0.00409385921118323,0
0.000999000999000999,0,0,0.000699300699300699,0.00609390609390609,0,0,0,0,0,0.0015984015984016,0,0,0,0.00549450549450549,0,0.0023976023976024,0,0,0,0,0,0.003996003996004,0,0,0.186413586413586,0,0,9.99000999000999e-05,0,0,0,0,0.0025974025974026,0,0,0.0001998001998002,9.99000999000999e-05,0.00839160839160839,0,0.0107892107892108,0,0,0,0.0030969030969031,0.0023976023976024,0,0,0,0,0.0017982017982018,0,0,0,9.99000999000999e-05,0,0,0,0,9.99000999000999e-05,0,0.00699300699300699,0.00749250749250749,0,0,0.0138861138861139,0.0346653346653347,0.0120879120879121,0,0.0135864135864136,0,0,0,0,0,0.0002997002997003,0,0,0,9.99000999000999e-05,0,0,0,0,0,0.0040959040959041,0,0,0.00639360639360639,0,0,0,9.99000999000999e-05,0,9.99000999000999e-05,0.0016983016983017,0,0,0,0,0,0.0815184815184815,0,0,0,0,0,0.112987012987013,0.0045954045954046,9.99000999000999e-05,0,0,0,0,0,0,0,0,0.00669330669330669,9.99000999000999e-05,0,0,0.022977022977023,9.99000999000999e-05,0.0002997002997003,0.0912087912087912,0,0,0,0.0531468531468531,0.0036963036963037,0.0100899100899101,0,0,0,0,9.99000999000999e-05,0,0,0,0,0,0.0024975024975025,0,0,0,9.99000999000999e-05,0,0,0.0001998001998002,0.0002997002997003,9.99000999000999e-05,0,0,9.99000999000999e-05,0,0,0,0,0.0208791208791209,0,0,0,0,0,0,0,0.003996003996004,0,0,9.99000999000999e-05,0,0.0017982017982018,0,0,0,0,0.000699300699300699,0,0,0,0,0,0.0031968031968032,0,0,0,0,0,0,0,0.000999000999000999,9.99000999000999e-05,9.99000999000999e-05,0,0.0011988011988012,0,9.99000999000999e-05,0,0,0,0,0,0.0042957042957043,0,0.0015984015984016,0,0,0.0003996003996004,9.99000999000999e-05,0,0,0,0.0001998001998002,0,0,0,0,0,9.99000999000999e-05,0.0013986013986014,9.99000999000999e-05,0,0,0,0,0,0,0.001998001998002,0,0.0014985014985015,0,0,0.1001998001998,0,0,0,0,9.99000999000999e-05,0.0003996003996004,0,0,0,0,0.000899100899100899,0,0,0,0,0,0.014985014985015,0,0,0,0,0.0003996003996004,0.0018981018981019,0,0,0,0,0,0,9.99000999000999e-05,0.0037962037962038,0,0,0,0,0.0121878121878122,0.0001998001998002,0.0001998001998002,0.0222777222777223,0,0,0,0,0,0,0.0545454545454545,0,0,0.00539460539460539,0,0,0.0018981018981019,0,0,0.0020979020979021,9.99000999000999e-05,0,0,0,0,0,0,9.99000999000999e-05,0,0,0.0035964035964036,0
0,0,0,0,0,0,0,0.00369815092453773,0,0,0,0,0.000599700149925037,0,0.000199900049975012,0,0,0,0,0,0.00169915042478761,0,0,0,0,0.0867566216891554,0,0,0.00239880059970015,0.0115942028985507,0.0293853073463268,0,0,0,0,0,0.00289855072463768,0,0,0,0,0,0,0,0.00109945027486257,0.00499750124937531,0,0,0,0,0,0,0,0,0,0,9.99500249875062e-05,0,0,0.0900549725137431,0,0,0,0,0,0,0.0257871064467766,0,0.0213893053473263,0,0.032383808095952,0,0,0,0,0,0,0,0,0,0,0,0.000399800099950025,0,0,0,0.000199900049975012,0,0,0,0,0,0.0243878060969515,0,0,0,0,0,0,0,0,0,0,0,0,0,0,0.00339830084957521,0,0,0,0,0,0.00079960019990005,0,0,0,0,0.00599700149925037,0,0.000299850074962519,0,0,0.000299850074962519,0.00109945027486257,0,0,0,0,0,0,0.000599700149925037,0,0,0,0,0.000199900049975012,0,0,0,0.000199900049975012,0,0,0.000499750124937531,0,0,0.00139930034982509,0,0,0,0,0.00669665167416292,0,0.00239880059970015,0,0,0,0,0,0,0,0,0,0,0.000299850074962519,0,9.99500249875062e-05,0,0,0,0,0,0,0,0,0,0,0.0158920539730135,0,0,0,0,0,0,0.00109945027486257,0,0,0,0,0,0.000199900049975012,0.00249875062468766,0,0,0,0,0,0,0,0,0,0,0,0.00239880059970015,0,0,0,0,0,0.000199900049975012,0.00839580209895052,0,0,0,0,0,0,0.00469765117441279,0,0,0.0104947526236882,0,0,0,0,0,0.0227886056971514,0,0.00219890054972514,0,0.00289855072463768,0,0,0.152223888055972,0,0,0,0,9.99500249875062e-05,0,0,0,0,0,0.000599700149925037,0,0,0,0,0,0,0,0,0,0,0,0.000199900049975012,0,0,0.00329835082458771,0,0,0,0,0.00239880059970015,0,0,0,0,0.105447276361819,0,0,0.115142428785607,0,0,0,0,0,0,0.0431784107946027,0,0,0.138630684657671,0,0,0,0,0,0,0.000399800099950025,0,0,0,0,0,0,0.000299850074962519,0,0,0,0
0,0,0,0,0.0197802197802198,0.0042957042957043,9.99000999000999e-05,0,0,0.00539460539460539,0.0047952047952048,0,0.0016983016983017,0,0,0,0.0142857142857143,0,0.00549450549450549,0,0.000899100899100899,0.0370629370629371,0.000799200799200799,0,0,0.062037962037962,0.0003996003996004,0,9.99000999000999e-05,0.0041958041958042,0.001998001998002,0,0.000999000999000999,0.00969030969030969,0,0,0,0.00699300699300699,0.0022977022977023,0,0,0,0,0,0.0004995004995005,0.00589410589410589,0,9.99000999000999e-05,0,0,0.0034965034965035,0,0,9.99000999000999e-05,0,0,0,0,0,0.0021978021978022,0.00729270729270729,0.0037962037962038,0.000599400599400599,0,0.0016983016983017,0,0.0004995004995005,0,9.99000999000999e-05,0.0035964035964036,0.0002997002997003,0,0,0.0040959040959041,0,0,0.0002997002997003,9.99000999000999e-05,0,0.0163836163836164,0,0.0050949050949051,0.0038961038961039,0,0.0018981018981019,0.0001998001998002,0,0,0,0,0.000799200799200799,9.99000999000999e-05,9.99000999000999e-05,0,0,0,0,0,0,0,0,0,0,0,0,0,0,9.99000999000999e-05,0.00579420579420579,0,0.0003996003996004,0,0,0,9.99000999000999e-05,9.99000999000999e-05,0,0.0001998001998002,0.011988011988012,0,0,0,0,0,0.0495504495504496,0.113586413586414,0,0,0.0002997002997003,0.0708291708291708,0,0.003996003996004,0.0002997002997003,9.99000999000999e-05,0,9.99000999000999e-05,9.99000999000999e-05,0,0,0,9.99000999000999e-05,0,0.0013986013986014,0,0,0,0.0001998001998002,0,0,0,0.0027972027972028,0.00909090909090909,0,0,9.99000999000999e-05,0,0,0,0,0.00839160839160839,0,0,0,0,0,0,0,0,0,0,0,0,0,0,0,0,0,0.0142857142857143,0.0023976023976024,0,0,0,0,0,0.000699300699300699,0,0,0,0,0,0,0.0104895104895105,9.99000999000999e-05,0,0,0,0,0,0,0,0,0,0,9.99000999000999e-05,0,9.99000999000999e-05,0,0.0003996003996004,9.99000999000999e-05,9.99000999000999e-05,0,0,0,0,0.0033966033966034,0,0.0021978021978022,0.0010989010989011,0.00679320679320679,0,0,0,0,0.0011988011988012,0,0,0,0,0.0100899100899101,0,0.0545454545454545,9.99000999000999e-05,0,0.0333666333666334,0,0,9.99000999000999e-05,0,9.99000999000999e-05,0.000799200799200799,0,9.99000999000999e-05,0,0,9.99000999000999e-05,0,0,0,0,0,0.0002997002997003,0.0002997002997003,0.0017982017982018,0,0.0004995004995005,0.0003996003996004,0.0002997002997003,0,0.000599400599400599,0,0,0,0,0.0003996003996004,0,0,0,0,0,0.0015984015984016,0,0,0.00839160839160839,0.0001998001998002,0,0,0,0,0.0002997002997003,0.258841158841159,0,0,0.0246753246753247,0,0,0,0,0,0.000899100899100899,0.00739260739260739,0,0,0,0,0.00879120879120879,0,0.0016983016983017,0,0,0.0137862137862138,0
0,0.0005000500050005,0,0,0,0.0005000500050005,0.0003000300030003,0.0032003200320032,0,0,0,0,0,0.0423042304230423,0.0001000100010001,0,0,0.0004000400040004,0,0.0011001100110011,0.0124012401240124,0.0016001600160016,0,0,0,0.0003000300030003,0,0,0,0,0,0,0,0.0038003800380038,0,0,0.0031003100310031,0.0037003700370037,0,0,0,0,0.0193019301930193,0.0133013301330133,0,0.0116011601160116,0,0,0,0,0.0024002400240024,0,0,0,0.0008000800080008,0,0,0,0.0008000800080008,0.0342034203420342,0,0.0073007300730073,0,0,0.0001000100010001,0,0.0022002200220022,0,0,0.0001000100010001,0.009000900090009,0.0001000100010001,0,0.018001800180018,0,0,0,0,0,0.0758075807580758,0,0.0011001100110011,0,0,0.0097009700970097,0,0,0,0,0.0099009900990099,0.0208020802080208,0,0,0,0,0,0,0,0.0032003200320032,0.0001000100010001,0,0.0005000500050005,0,0,0.0018001800180018,0,0.025002500250025,0.12961296129613,0,0.0086008600860086,0.0024002400240024,0,0,0.166516651665167,0,0,0.0014001400140014,0,0.0018001800180018,0,0,0.0003000300030003,0,0,0.0068006800680068,0.0265026502650265,0.0037003700370037,0,0.0034003400340034,0,0.0008000800080008,0.0141014101410141,0,0,0,0,0,0,0,0,0.0001000100010001,0,0,0,0.0348034803480348,0,0.0007000700070007,0,0,0.0049004900490049,0,0,0,0.0219021902190219,0,0,0,0,0.002000200020002,0.0004000400040004,0,0,0,0,0,0.0001000100010001,0,0,0,0,0.0004000400040004,0,0,0,0,0,0,0,0.0201020102010201,0,0,0,0,0,0.0035003500350035,0,0,0.0016001600160016,0,0,0,0.0217021702170217,0,0.0001000100010001,0,0,0,0,0,0.0001000100010001,0.0007000700070007,0,0.0194019401940194,0,0,0.0001000100010001,0.0002000200020002,0,0,0,0,0,0.0088008800880088,0,0,0,0.0063006300630063,0,0.007000700070007,0.0011001100110011,0,0.0113011301130113,0,0,0,0.0002000200020002,0,0,0.0195019501950195,0.0008000800080008,0.0371037103710371,0,0,0.0033003300330033,0,0,0,0,0,0,0,0,0,0,0,0.0001000100010001,0,0,0,0,0,0.0009000900090009,0,0,0,0,0.0001000100010001,0,0.0011001100110011,0.0062006200620062,0,0,0.0055005500550055,0.0001000100010001,0,0,0,0,0,0.0008000800080008,0,0.0109010901090109,0.0068006800680068,0,0,0,0,0.0014001400140014,0.0003000300030003,0,0,0,0.0058005800580058,0,0,0,0,0,0.0066006600660066,0.0135013501350135,0,0.0002000200020002,0,0,0.0039003900390039,0,0.0004000400040004,0,0,0.0008000800080008,0
0,0,0,0,0,0,0,0,0,0.000599820053983805,0,0,0,0,0,0,0,0,0,0.000499850044986504,0.00759772068379486,0.00769769069279216,9.99700089973008e-05,9.99700089973008e-05,9.99700089973008e-05,0,0,0,0,0,0,0,0,0,0,0,0.0223932820153954,0.0127961611516545,0,0,0,0,0,0,0,0,0,0,0,0,0,0,0,0,0,0,9.99700089973008e-05,0,0,0.0596820953713886,0.000299910026991902,0,9.99700089973008e-05,0,0,0,0.0313905828251525,0,0.00219934019794062,0,0,0,0,0,0,0,0,0,0,0.00879736079176247,0,0,0,0,0,9.99700089973008e-05,0,0,0,0.00729781065680296,0,0.000999700089973008,0,0,0,9.99700089973008e-05,0,0,0,0,0,9.99700089973008e-05,0,0,0,0,0,0,0,0,0,0,0,0.0659802059382185,0,0,0,9.99700089973008e-05,0.034889533140058,0,0,0,0,0,0.0270918724382685,0,0,0.0280915725282415,0,0,0.00549835049485154,0.00469859042287314,0,0,0,0,0.000299910026991902,0.000299910026991902,0,0,0,0,0,0,0,0,0,0,0,0.00239928021593522,0.000199940017994602,0,0,0.00109967009897031,0,0,0,0,0,0.00609817054883535,0,0,0,0,0,0,0,0,0,0,0,0,0.00239928021593522,0,0,0,0,0,0,0,0,0,0,0,0,0,0,0,0,0,0,0,9.99700089973008e-05,0,0,0,0,9.99700089973008e-05,0,0,0,0,0,0,0,0,0,0,0.000399880035989203,0.000499850044986504,0,0,0,0,0.00329901029691093,0,0,0.00219934019794062,0,0,0,0,0,0,0,0,0,0,0.00609817054883535,0,0.00819754073777867,0,9.99700089973008e-05,0,0,0,0,0.000299910026991902,0,0,0,0,0,0,0,0.00919724082775168,0,0,0,0,0,0.000899730080975707,0,0,0.000999700089973008,0,0,0,0,0,0,0,0,0.000199940017994602,0,0.000199940017994602,0,0,0.000499850044986504,0,0,0,0,0,0,0,0,0,0.000299910026991902,0.621313605918224,0,0,0,0,0,0,0,0,0.00229931020693792,0,0,0,0,0,0,0,0.000399880035989203,0,0,0,0.000199940017994602
0,0,0,0,0,0,0,0.00319872051179528,0,0,0,0,0,0,0.061375449820072,0,0,0,9.99600159936026e-05,0,0.00369852059176329,0.000299880047980808,0,0,0,0.240803678528589,0,0,0.000199920031987205,0,0.0219912035185926,0,9.99600159936026e-05,0.0037984806077569,0,0,0.000699720111955218,9.99600159936026e-05,0,0,0,0,0,0.00409836065573771,0,0.00409836065573771,0.00879648140743703,0,0,0,0,0,0,9.99600159936026e-05,0.000299880047980808,0.000299880047980808,0,0,0,0,0.000199920031987205,0,0,0.000199920031987205,0,0,0,0,0,0,0.00229908036785286,0.000199920031987205,0,0,0,0,0,0,0,0.015593762495002,0,0,0.00139944022391044,0,0.00259896041583367,0,0.00749700119952019,0,0,0.00189924030387845,0,0.000499800079968013,0,0,0,0,0,0,0.00469812075169932,0,0,0,0,0,0,0,0,0.117153138744502,0,0,0,0.00179928028788485,0,0.0761695321871251,0,0,0,0,0.000699720111955218,0,0,0,0,0,0.0352858856457417,0,0,0,0,0,9.99600159936026e-05,0.00489804078368653,0,0,0,0,0.00749700119952019,0,0,0,0.0251899240303878,0,0,0,0,0,0.000499800079968013,0,9.99600159936026e-05,0.00039984006397441,9.99600159936026e-05,0.000699720111955218,0,0,9.99600159936026e-05,0,0,0,0,0.0037984806077569,0,0,0,0,0,0,0,0,0,0.000199920031987205,0,0,0,0,0,0,0,0,0,0,0,0,0,0,9.99600159936026e-05,0,9.99600159936026e-05,9.99600159936026e-05,0,0,0,0.00179928028788485,9.99600159936026e-05,0,0,0,0,0,0,0,0,0,0,0,0,0.000699720111955218,9.99600159936026e-05,0,0,0.000199920031987205,0,0,0,0.000199920031987205,9.99600159936026e-05,0,0,0.00079968012794882,0.0305877648940424,0,0.000699720111955218,9.99600159936026e-05,0,0,0,0,0.00189924030387845,0,0.00639744102359056,0,0.00639744102359056,0,9.99600159936026e-05,0.0239904038384646,0,0,0,0,0,0,0,0,0,9.99600159936026e-05,0,0,0,0,0,0,0,9.99600159936026e-05,0,0,0.000599760095961615,0.000299880047980808,0,0,0.000299880047980808,0.000599760095961615,0.000199920031987205,0,0,0,0,0,0,0,0,0.00349860055977609,9.99600159936026e-05,0.000599760095961615,0.0039984006397441,0,0,0,0,0,0.000899640143942423,0.240803678528589,0,9.99600159936026e-05,0.00159936025589764,0,0,0,0,0,0,0.000499800079968013,0,0,0,0,0.00339864054378249,0,0.00039984006397441,0,0,0.00159936025589764,0
0,0,0,0,0.000599640215870478,9.9940035978413e-05,9.9940035978413e-05,0.00119928043174096,0,0,0.000299820107935239,0.000199880071956826,0,0.0146911852888267,0.00409754147511493,0,0,0,9.9940035978413e-05,0.000299820107935239,0.00449730161902858,0.00429742154707176,0,9.9940035978413e-05,0,0.210173895662602,9.9940035978413e-05,0,0.00579652208674795,0,0.000499700179892065,0,0,0.0156905856486108,0,0.00159904057565461,0,0.0084949030581651,0,0,0,9.9940035978413e-05,0,0.00299820107935239,0,0.0130921447131721,0.0053967619428343,9.9940035978413e-05,0,0,9.9940035978413e-05,0,0,0,0.000299820107935239,0,0,0,0,0.000799520287827304,9.9940035978413e-05,9.9940035978413e-05,0,0,0.0180891465120927,0.000699580251848891,0.00119928043174096,0,0,0,0.00219868079152508,0,9.9940035978413e-05,0.000599640215870478,0,0,0,0,0,0.00409754147511493,0.000999400359784129,9.9940035978413e-05,0.000499700179892065,0.000499700179892065,0.00639616230261843,0,0.00349790125924445,0,0,0.00469718169098541,0,0.00219868079152508,0,0.000499700179892065,0,0.000599640215870478,0,0,0.00659604237457526,0,0,0,0,0.000299820107935239,0.00139916050369778,0,0.0169898061163302,0.0605636618029183,0.00519688187087747,0.0216869878073156,0,0.00259844093543874,0,0.00209874075554667,0,0,0,0,0.000899460323805717,0,0,0,0,9.9940035978413e-05,0.0195882470517689,0,0,0,0.000199880071956826,0.000799520287827304,0.00109934039576254,0.0185888466919848,9.9940035978413e-05,0,0,9.9940035978413e-05,9.9940035978413e-05,0,0,0,0,0,0,0,0,0,0.000499700179892065,9.9940035978413e-05,0,0,9.9940035978413e-05,0.00739556266240256,0,0,9.9940035978413e-05,0,0,9.9940035978413e-05,0,0.00509694183489906,0,0,9.9940035978413e-05,0.107535478712772,0,0,0,0,0,0,0.000199880071956826,0,0,0,0,0,0,0.000599640215870478,0.00329802118728763,9.9940035978413e-05,0.00449730161902858,0,0.000399760143913652,0,0.000399760143913652,0,0,0,0.0130921447131721,0,0,0.00159904057565461,0.000999400359784129,0,0.00139916050369778,0,0,9.9940035978413e-05,9.9940035978413e-05,0.00149910053967619,0,0,0,0.000199880071956826,0.0106935838496902,0.000999400359784129,9.9940035978413e-05,0,0,0.000399760143913652,0,0.00919448331001399,0.0022986208275035,0.000399760143913652,0.00549670197881271,0,0.00959424345392764,0.000399760143913652,0,0.00799520287827304,0,9.9940035978413e-05,0,0,0,0,9.9940035978413e-05,0,0.0135918448930642,0.000799520287827304,0.0104937037777334,9.9940035978413e-05,0,0.0891465120927444,0,0,9.9940035978413e-05,0,0,0.000199880071956826,9.9940035978413e-05,0,0.000299820107935239,0.00169898061163302,0,0,0,0,0,0,0.00899460323805717,0.000399760143913652,0.000999400359784129,0,0.000299820107935239,9.9940035978413e-05,0,9.9940035978413e-05,0.000199880071956826,0.00109934039576254,9.9940035978413e-05,0.000899460323805717,0,9.9940035978413e-05,0,0,0,0.0172896262242654,0.000399760143913652,0.0245852488506896,9.9940035978413e-05,0.00149910053967619,0.00289826104337398,0,0,0,0,0,0.000799520287827304,0.10013991605037,9.9940035978413e-05,0,0.0133919648211073,0,0,0,0,0,0.000199880071956826,0.000599640215870478,0,0,9.9940035978413e-05,0,0.00599640215870478,0.000599640215870478,0,0.000399760143913652,0,0.00179892064761143,0
0,0,0,0,0,0,0,0,0,0,0,0,0,0.0377962203779622,0.0053994600539946,0,0,0,0,0,0.0053994600539946,0,0.0001999800019998,0,0,0,0,0,0.0003999600039996,0.0008999100089991,0.0285971402859714,0,0.0064993500649935,0,0,0.002999700029997,0,0.0015998400159984,0,0,0,0,0,0.0073992600739926,9.99900009999e-05,0,0,0,0,0,0,0,0,0,0,0,0,0,0,0,0,0,0,0,0,0,0,0,0,0,0,0,0,0.0012998700129987,0.123687631236876,0,0,0,0,0,0,0,0,0,0.0005999400059994,0,0,9.99900009999e-05,0,0.0028997100289971,0,0,0,0,0,0,0,0,0.0035996400359964,0,0,0,0,0,9.99900009999e-05,0,0.0125987401259874,0,0,0,0.0001999800019998,0,0,0,0,0,0,0.0001999800019998,0,9.99900009999e-05,0,0,0,0.0001999800019998,0,0,0,0,0,0.0005999400059994,0.0015998400159984,0.0065993400659934,0,0,0,9.99900009999e-05,0.0008999100089991,0,0,0,0,0,0,0,0,0,0,0.0001999800019998,0,0,0.0025997400259974,0,0,0,0,0,0,0,0,0,9.99900009999e-05,0,0,0,0,0,0,0,0,0,0,0,0,0,0,0,0,0,0,0,0,0,0,0.0022997700229977,0,0.0012998700129987,0,0,0.013998600139986,0,0,0.0001999800019998,0,0,0,0,0,0.0001999800019998,0,0,0,0,0,0,0.175182481751825,0,0,0,0,0,0,0,0,0,0,0,0.0055994400559944,0,0,0,0,0,0,0,0,0,0,0,0.0072992700729927,0,0,0,0,0.0251974802519748,0,0,0,0,0,0,0,0,0.0226977302269773,0,0,0,0,0,0,0,0.0117988201179882,0,0.0015998400159984,0,0.0001999800019998,0,0,9.99900009999e-05,0.0004999500049995,0,0,0,0,0,0.0026997300269973,0,0,0,0.03999600039996,0.0092990700929907,0,0,0.0415958404159584,0,0.0001999800019998,0,0,0,0,0.36006399360064,0,0,0,0,0,0,0,0,0,0,0,0,0,0,0.0091990800919908,0,0,0,0,0.0131986801319868,0
0,0,0,0,0,0,9.99600159936026e-05,0,0,0,0,0,0,0.0158936425429828,0.000499800079968013,0.000199920031987205,0,0.000999600159936026,0,0,0,0,0,0,0,0.288584566173531,0,0,0.000699720111955218,0.000899640143942423,0.070671731307477,0,0,0.00369852059176329,0,0.0166933226709316,0.00179928028788485,0,0,0,0,0,0,0,0,0.0436825269892043,0,0,0,0,0,0,0,0,0,0,0,0,0,0,0,0,0,0,0,0,0.0180927628948421,0,0,0,0,0,0,0,0,0,0,0,0,0,0,0,0,0,0.00679728108756497,9.99600159936026e-05,0,0,0,0.00109956017592963,0,0,0.000299880047980808,0,0,0,0,0,0,0,0,0,0,0,0,0,0,0.0214914034386245,0,0,0,0,0,0.00039984006397441,0,0,0,0,0.014594162335066,0,0,0,0,9.99600159936026e-05,0.00409836065573771,0,0,0,0,0,0,0,0,0,0,0,0.000199920031987205,0,0,0,0.00149940023990404,0,0,0,0,0,0,0,0,0,0.00209916033586565,0,0,0,0,0,0,0,0,0.00559776089564174,0,0,0,0,0,9.99600159936026e-05,0,0,0,0,0,0,9.99600159936026e-05,0,0,0,0,0.0413834466213515,0.0546781287485006,0,0,0,0,0,0,0,0,0,0,0,0,0,0,0,0,0,0,0,0,0,0,0,0,0.0464814074370252,0.153938424630148,0,0,0,0,9.99600159936026e-05,0,0,0,0,0.00629748100759696,0,0,0,0,0,0,0.00279888044782087,0,0,0,0,0,0,0,0,0,0,0,0,0,0,0,0,0,0,0,0.00659736105557777,0,0,0,0,0,0,0,0,0,0.00679728108756497,0,0,0,0.00259896041583367,0,0,0.00189924030387845,0,0.000199920031987205,0,0,0,0,0,0,0,0,0.000199920031987205,0,0,0.00079968012794882,0,0,0,0,0,0,0.0193922431027589,0,0,0.0770691723310676,0,0,0,0,0,0,0,0,0,0,0,0,0,0,0,0,0.0576769292283087,0
0,0,0,0,0.00379696243005596,0,0,0,0,0.00269784172661871,0.00309752198241407,0,0,0,0,0.00529576338928857,0,0,0.00729416466826539,0.000299760191846523,0,0.0128896882494005,0,0,0,0.0354716227018385,0,0,0.000299760191846523,0.00369704236610711,0.00399680255795364,0,0,0.000499600319744205,0,0,0.00469624300559552,0.00639488409272582,0.00129896083133493,0,0.0082933653077538,0,0.000199840127897682,0,0,9.99200639488409e-05,0,0,0,0,0.00319744204636291,0.00229816147082334,0,0.000199840127897682,0.000199840127897682,0.000199840127897682,0,0,0,0.0338729016786571,0,0.00269784172661871,0,0,0.01378896882494,0,0.00919264588329336,0,0,0.0256794564348521,0.0222821742605915,0,0.000399680255795364,0.0782374100719424,0,9.99200639488409e-05,0.000399680255795364,0,0,0.0195843325339728,0,0,0,0,0.0148880895283773,0,0.00419664268585132,0,0,0.0163868904876099,0,0.000199840127897682,0,0,0.00629496402877698,0,0,0,0.00279776179056755,0,0,0,0,0,0,0,0,0.0187849720223821,0.00599520383693046,0.0119904076738609,0,0,0,0.00539568345323741,0,9.99200639488409e-05,0,0,0.00209832134292566,0,0,0,0,0,0,0.0553557154276579,0,0,0,0.098621103117506,0.00279776179056755,0,0,0,0.000299760191846523,0,9.99200639488409e-05,0,0,0,9.99200639488409e-05,0,0,0,0.0105915267785771,0,0.00289768185451639,0.00289768185451639,0,0,0,0.000999200639488409,0,0.00259792166266986,9.99200639488409e-05,0,0,0,0,0.00259792166266986,0,0,0,0.023880895283773,0,0,0,0,0,0,0.000299760191846523,0,0,0,0,0,0.000199840127897682,0.00239808153477218,0.065347721822542,0,0,0,0.000299760191846523,0,0.000799360511590727,0,0,0,0,0,0,0.0038968824940048,0,9.99200639488409e-05,0,0,0,0.000199840127897682,0,0,0,0,0.0222821742605915,0,0,0.00979216626698641,0.000299760191846523,0,0,0.00279776179056755,0,0.00309752198241407,0,0.000399680255795364,0.00419664268585132,0,0.0386690647482014,0.00789368505195843,9.99200639488409e-05,0,0.00489608313349321,0,0,0,0,0,0.004396482813749,0,0.00519584332533973,0.00159872102318145,0.0135891286970424,0,0,0.0850319744204636,0,0,0,0,0,0,0.000299760191846523,0,0,0.0021982414068745,0,0.00149880095923261,0,0,0,0,0,0.00449640287769784,9.99200639488409e-05,0,0.00199840127897682,0.00109912070343725,0.000199840127897682,0,0.00529576338928857,0.000399680255795364,0,0,0,0.00119904076738609,0,0,0.000699440447641887,0,0,0.00129896083133493,0.000399680255795364,0,0.000799360511590727,0,0,9.99200639488409e-05,0,0,0.00339728217426059,0.0314748201438849,0,0.00139888089528377,0.0108912869704237,0,0,0,0,0,0,0.008792965627498,0,0,0,0,0.0250799360511591,0.000199840127897682,0.000499600319744205,0,0,0.0127897681854516,0
0,0,0,0,0.00519844046785964,0,9.99700089973008e-05,0,0,0.00359892032390283,0.00419874037788663,0,0,0,0.00189943017094872,0,0,0,0,0.00709787063880836,0,0.0274917524742577,0.000999700089973008,0,0,0.128961311606518,0,0,0,0,0,0,0.00149955013495951,0,0,0,0,0,0,0,0.00699790062981106,0,0,0,0.000699790062981106,0,0,0,0,0,0,0,0,0.000299910026991902,0,0,0,0,0,0,0.00249925022493252,0.0128961311606518,0,0,0,0,0.01629511146656,0,0,0.00439868039588124,0,0,0.000399880035989203,0.0108967309807058,0,0,0,0,0,0.00309907027891633,0,0.0277916625012496,0.00459862041387584,0,0,0,0,0,0.00239928021593522,0,0,0,0,0,0,0,9.99700089973008e-05,0,0.00369889033290013,0,0,0,0,0,0,0,0.00319904028791363,0.00189943017094872,0.0249925022493252,0.00369889033290013,0,0,0,0,0,0,0,0,0.00529841047685694,0,0,0,0.00359892032390283,0,0.00149955013495951,0.230130960711786,0.049185244426672,0,0,0.100969709087274,0,0.00559832050384884,0,0,0.000199940017994602,0,0,0,0,0,0,0,0.000799760071978406,0,0,0,0,0.00139958012596221,0,0,0.00389883035089473,0.000199940017994602,0,0,0,0,0,0,0,0,0,0,0,0,0,0,0,0.000499850044986504,0,0.00269919024292712,0,0.000199940017994602,0.000599820053983805,0,0,0,0,0,0.00339898030590823,0,0,0,0,0,0,0,0,0,0,0,0,0.000999700089973008,0,0,0,0,0,0,0,0,0,0,0,0,0,0.000199940017994602,0,0,0,0.000299910026991902,0,0,0,0,0,0,0.00169949015295411,0,9.99700089973008e-05,0,9.99700089973008e-05,0.00269919024292712,0,0,0,0,0,0,0,0,0,0,0,0.191342597220834,0,0,0,0,0,0,0,0,0,0,0,9.99700089973008e-05,0,0,0,0,0,0,0.000499850044986504,9.99700089973008e-05,0,0,0.000499850044986504,0,0,0,0,0,0,0.000299910026991902,0,9.99700089973008e-05,0,0,0,0.021593521943417,0,0.00169949015295411,0.0107967609717085,0,0,0,0,0,0,0,0,0,0.0367889633110067,0,0,0,0,0,0,0,0,0,0,0,0,0,0,0,0,0.00449865040487854,0.00349895031490553
0,0,0,0,0,0,0,0,0,0,0,0,0,0,0.0071,0,0,0,0,0,0,0,0,0,0,0.1448,0,0,0.0013,0.0017,0,0,0,0.0121,0,0,0.0013,0,0,0,0,0,0,0,0,0.0341,0,0,1e-04,0,0,0,0,0,0,0,0,0,1e-04,4e-04,0,0,0,0,6e-04,0,0,0,0,0.0046,0,0,0,0.0183,0,0.0193,0,0,0,0.0012,0,0,0,3e-04,0.0437,0,4e-04,0,0,0,0,0,0,0,0.0057,0,0,0,0,0,0,0,1e-04,0,0,0,2e-04,0,0,0,0,0,0,0.0131,0,0,0,0,0.0148,0,0,0,0,1e-04,0.128,6e-04,0,1e-04,0,0,0.0016,0.015,0,0,0,0,0.0031,0,0,0,0,0,0,0,5e-04,0,0,0,0,0.0011,0.0024,0,0,0,1e-04,0,0,0,0.001,0.0054,0,0,0,0,0,0,0,0,0,0,1e-04,0,0,0,0,0,0,0,0,0,0.0042,0,0,0,9e-04,0,0,0,0,0,0,0.0081,0,0,0,0,0,0,0,0,0,0,1e-04,0,0,0.0015,7e-04,0.0011,0,2e-04,0.0069,9e-04,6e-04,0,0.0054,0,0.0046,0,0,0,0,0.0021,0,0,0,0,0,0,0,0,0.0186,2e-04,0,0.0099,0.0021,0,0,0,0,2e-04,0,0,0,0.0017,0,0,0,0,0,0,0,0.001,0,0,0,0.0012,0.0021,0,6e-04,0.0095,0,0.0023,0,1e-04,0,0,0,0,0,0,0,0,0.0528,0,0,0,0,0,0,0.33,0,0,0.0395,0,0,0,0,0,0,0.0062,0,0,0,0,0,2e-04,1e-04,0,0,0,0
0,0,0,0,0,0,0,0,0,0,0,0,0,0.0103937637417549,9.9940035978413e-05,0,0.000199880071956826,9.9940035978413e-05,0,0.000199880071956826,0.00149910053967619,0.00189886068358985,0,0,0,0.167599440335799,0,0,0.0030981411153308,0,0,0,0,0.00449730161902858,0,0,0.000499700179892065,0,0,0,0,0,0,0,0,0,0,9.9940035978413e-05,9.9940035978413e-05,0,0.00129922046771937,0,0,0,0,0,0,0,0,0.004597241655007,0,0.000399760143913652,9.9940035978413e-05,0,0,0,0.00149910053967619,0.000299820107935239,0,0,0.000399760143913652,0,0,0.000299820107935239,0,0,0,0.000299820107935239,0,0.00439736158305017,9.9940035978413e-05,9.9940035978413e-05,0,0.000399760143913652,0.00249850089946032,0,0,0,0,0.00639616230261843,0.00259844093543874,9.9940035978413e-05,0.0053967619428343,0,0.0030981411153308,0.000499700179892065,0,0,0.00149910053967619,0,0,0,0,0,9.9940035978413e-05,0,0,0.0691585048970618,0,0.000999400359784129,0,9.9940035978413e-05,0,0.046472116729962,0,0.000199880071956826,0,0,0.00879472316610034,0.000399760143913652,0,0,0,9.9940035978413e-05,0.0241854887067759,0.0248850689586248,9.9940035978413e-05,0.000599640215870478,0,0,0.000899460323805717,0.0273835698580851,0.0204877073755747,0.000299820107935239,0,0,0.00429742154707176,0,0,0,0.0378772736358185,0,0,0,0,0,0.000199880071956826,0,0,0,0,0,0,0,0,0,0,0,0.000999400359784129,0,0,0,0,0,0,0,0,0,0,0,0,0,0,0,0,0,0,0,0.000299820107935239,0,0,0,0,0,0,0,0,0,0,0,0,0.0117929242454527,9.9940035978413e-05,0,0,0,0,0,0,0,0,0,0,0,0,0.000799520287827304,0,0,0,0.000499700179892065,0,0,9.9940035978413e-05,0.000199880071956826,0,0,0.00269838097141715,0.00129922046771937,0.0375774535278833,0.000199880071956826,0,0,0,0,0,0,0,0,0.00129922046771937,0,0.00179892064761143,0,0,0.00219868079152508,0,0,0,0,0,0,0,0,0,0.00599640215870478,0,0,0,9.9940035978413e-05,0,0,0,0,0.000499700179892065,0,0.000599640215870478,9.9940035978413e-05,0.00419748151109334,0,9.9940035978413e-05,0,9.9940035978413e-05,0.000299820107935239,0,0.000199880071956826,0,9.9940035978413e-05,0,0,0,9.9940035978413e-05,0,0.00499700179892065,0.132720367779332,0,0,0.000199880071956826,0,0,9.9940035978413e-05,0.2745352788327,0,0,0.00549670197881271,0,0,0,0,9.9940035978413e-05,0.00169898061163302,0.000599640215870478,0,0,0,0,0.000399760143913652,0,0.00989406356186288,0,0,0.000899460323805717,0
0,0.000299670362601139,9.98901208670463e-05,9.98901208670463e-05,0.00849066027369893,0.00359604435121366,0,0,0,0.0040954949555489,0.0012985715712716,0,0,0,0.000998901208670463,0,0.0112875836579762,0,0.019378683448207,0,0,0.0117870342623115,0,0,0,0.0153830786135251,0.000399560483468185,0,9.98901208670463e-05,0.00139846169213865,9.98901208670463e-05,0,0,0.000899011087803416,0,0,9.98901208670463e-05,0.000998901208670463,0.00109879132953751,0,0.00449505543901708,0.00119868145040456,0,0.00109879132953751,0.000499450604335231,0.000699230846069324,0,9.98901208670463e-05,0,0,0.00149835181300569,0,9.98901208670463e-05,0,9.98901208670463e-05,0,0,0,0,0.00199780241734093,0.00439516531815004,0.00709219858156028,0,0,0,0,0.000699230846069324,0,0,0.00489461592248527,0.000199780241734093,0,0,0.0240735191289581,9.98901208670463e-05,0,9.98901208670463e-05,0,0,0.00809109979023075,0,0.0113874737788433,9.98901208670463e-05,0,0,0.000299670362601139,0,0,0,0,0.0146838477674558,0,0,0,0.000899011087803416,0,0,0,0.000199780241734093,0,0.000199780241734093,0,0,0.000199780241734093,0,0,0,0.00239736290080911,0.0168814304265308,0,0,9.98901208670463e-05,0,0,0,0,0,0,0.00339626410947957,0,0,0,0,0,0.00439516531815004,0.155029467585656,0.000199780241734093,0,0.000399560483468185,0.101388472680052,0.00359604435121366,0.00119868145040456,0.00179802217560683,0,0,0.000599340725202278,0,0,0,0,9.98901208670463e-05,0,0,0,0,0,9.98901208670463e-05,0,0,0,0.00179802217560683,0.00199780241734093,0,0,0,0,0,0,0,0.0012985715712716,0,0,0,9.98901208670463e-05,0,9.98901208670463e-05,0,0,0,0.00179802217560683,0.000199780241734093,0,0.000998901208670463,0,0,0,0,0.00689241833982619,0,0.000199780241734093,0,0,0,0,9.98901208670463e-05,0,0,0,0.00639296773549096,0,0.000199780241734093,0.0038957147138148,0,0,0,0,0,0.000199780241734093,9.98901208670463e-05,0,0,0,0,0.0111876935371092,0,0.000299670362601139,9.98901208670463e-05,0,9.98901208670463e-05,9.98901208670463e-05,0,0,0,0,0.00169813205473979,0,0,0.00549395664768754,0.00869044051543302,0,0,0.000998901208670463,0,0,0,0,0.000399560483468185,0,0.0040954949555489,0,0.0109879132953751,9.98901208670463e-05,0,0.174308260912996,0.000998901208670463,0,0.000998901208670463,0,9.98901208670463e-05,0.000998901208670463,0,0,0,0,0.000199780241734093,0,0,0,0,0,0.0746179202876835,0,0,0,0.000399560483468185,0.000299670362601139,9.98901208670463e-05,0,0.000299670362601139,0.000199780241734093,0,0,0,9.98901208670463e-05,0.00529417640595345,0,0,0.0123863749875137,0.000299670362601139,0.000499450604335231,0.000699230846069324,0.000899011087803416,0.0104884626910399,0,0,0,0,0,0,0.16741584257317,0,0,0.000299670362601139,0,0,0.00119868145040456,0,0,0.00149835181300569,0.000399560483468185,0,0,0,0,0,0.000499450604335231,0,0.0040954949555489,0,0.00699230846069324,0
0,9.99900009999e-05,0.0012998700129987,0.0002999700029997,0.0221977802219778,0.006999300069993,0,0.007999200079992,0,0.008999100089991,0.0152984701529847,0,0.0045995400459954,0.0084991500849915,0.0262973702629737,0,0,0,0.0526947305269473,9.99900009999e-05,0.0001999800019998,0,0,0,0,0.0103989601039896,0,0,0.0015998400159984,0.0634936506349365,0.0021997800219978,0,0,0,0,0,0.0004999500049995,0.0230976902309769,0.0058994100589941,0,0,0.0025997400259974,0,0,0.0017998200179982,0.0186981301869813,0,0,0,0,0.0083991600839916,0.0015998400159984,0,0.0010998900109989,9.99900009999e-05,9.99900009999e-05,0,0,0,0.010998900109989,0.0047995200479952,0.0082991700829917,0,0,0,0.000999900009999,0.0015998400159984,0.004999500049995,0,0.0098990100989901,0.0006999300069993,0,0.0006999300069993,0.006999300069993,0,0,0,0,0,0.014998500149985,0,0.0091990800919908,9.99900009999e-05,0,0,0,0.0074992500749925,0,0.0027997200279972,0.015998400159984,0,9.99900009999e-05,9.99900009999e-05,0,0.0157984201579842,9.99900009999e-05,0,0.0015998400159984,0.0048995100489951,0,0,0,0,0,0.0014998500149985,0,0.0030996900309969,0.0002999700029997,0.0057994200579942,0.0051994800519948,0.0013998600139986,0,0,0.0046995300469953,0,0,0.0038996100389961,0.0005999400059994,0,0.0002999700029997,0,0,0.007999200079992,0.0020997900209979,0.0005999400059994,0.031996800319968,0,0,0,0.101389861013899,0.0117988201179882,0.0110988901109889,0,0,0.0008999100089991,0,9.99900009999e-05,0,0,0,0.0003999600039996,0,0,0,0.0013998600139986,0,0,0,0,9.99900009999e-05,0.0037996200379962,0.0177982201779822,0,0.0001999800019998,0,0,0,0,0,0,0,0.0008999100089991,0,0.105589441055894,0,0,0.0001999800019998,0,0,0,0.0008999100089991,0,9.99900009999e-05,0,0,0,0.0008999100089991,0.0028997100289971,0.0014998500149985,0,0,0,0,0.0002999700029997,0.0056994300569943,0,0,0.0261973802619738,0,0,0,0.0106989301069893,0,0,0.0044995500449955,0,0,0.0002999700029997,0,0,0.0518948105189481,0,0,9.99900009999e-05,0,0.0223977602239776,9.99900009999e-05,0,9.99900009999e-05,0.0012998700129987,0,0.0115988401159884,0,0.0007999200079992,0.0001999800019998,0,0,0.0006999300069993,0.0024997500249975,0,0,0.0020997900209979,0,0,0,0,0.0098990100989901,0,0.0024997500249975,0.0002999700029997,0.0091990800919908,0,0,0,0,0,0.0002999700029997,0,0.0004999500049995,0,0.0023997600239976,0,0,0,0,0.0044995500449955,0.0025997400259974,0,0,0,0,0,0.0035996400359964,0,0.0018998100189981,0,0.0013998600139986,0.0013998600139986,0.0004999500049995,0,0,0,0,0,9.99900009999e-05,0,0,0,0,0,0.0046995300469953,0.007999200079992,0.0074992500749925,0,9.99900009999e-05,0.0001999800019998,0.0001999800019998,9.99900009999e-05,0.0005999400059994,0.0002999700029997,9.99900009999e-05,0,0.010998900109989,0,0,0,0,0,0.0148985101489851,0.0012998700129987,0,0,0,0,9.99900009999e-05,0.0058994100589941,0.0021997800219978,0,0,0.0083991600839916,0
0.0101898101898102,0,0,9.99000999000999e-05,0.00689310689310689,0.0036963036963037,0,0,0,0.0103896103896104,0.0026973026973027,0,0,0,0.0002997002997003,0,0.0021978021978022,0,0.0318681318681319,0.0035964035964036,0.0047952047952048,0.0160839160839161,0.0012987012987013,0,0.0022977022977023,0.0194805194805195,0.0010989010989011,0.00989010989010989,9.99000999000999e-05,0.0016983016983017,9.99000999000999e-05,0.0001998001998002,9.99000999000999e-05,0.00709290709290709,0,0,0,0.0047952047952048,0.0021978021978022,0,0.0048951048951049,0.000999000999000999,0,0.0168831168831169,0.00849150849150849,0.0014985014985015,0,9.99000999000999e-05,0,0,0.0030969030969031,0.000999000999000999,0.0001998001998002,0.0003996003996004,0.0002997002997003,0,0,0,0.0020979020979021,0.0304695304695305,0.00849150849150849,0.0041958041958042,0,0,0,0,0.0002997002997003,0.0136863136863137,0,0,0,0,0.0003996003996004,0.0118881118881119,0.00959040959040959,0,0.000699300699300699,0,0,0.00619380619380619,0,0.00789210789210789,0.00609390609390609,0,0,0,0,0,0,0,0,0.0004995004995005,9.99000999000999e-05,0.00569430569430569,0.0016983016983017,0,0,0.000899100899100899,0,0,0,0,0,0,0.000699300699300699,9.99000999000999e-05,0,0.0046953046953047,0.0208791208791209,0.0022977022977023,0,0,0,0,0.000599400599400599,0,0,0,0.001998001998002,0,0,0,0.00709290709290709,0,0.000699300699300699,0.0604395604395604,0,0,0,0.184215784215784,0.0048951048951049,9.99000999000999e-05,9.99000999000999e-05,0,0,0,9.99000999000999e-05,0,0,9.99000999000999e-05,9.99000999000999e-05,0,0.000699300699300699,0,0.0163836163836164,0,0.0002997002997003,0.000599400599400599,0,0,0.0012987012987013,0,0,0.000599400599400599,0,0,0,0,0.000999000999000999,0.0115884115884116,0,9.99000999000999e-05,9.99000999000999e-05,0,0,0,0.0001998001998002,0.0002997002997003,0.0001998001998002,0,0.0002997002997003,0,9.99000999000999e-05,0,0,0,0.000799200799200799,0,0.0116883116883117,9.99000999000999e-05,0.000899100899100899,0,0,0,0.000999000999000999,0,0,0,0,0,9.99000999000999e-05,0.0038961038961039,9.99000999000999e-05,0,0.0036963036963037,0,0,9.99000999000999e-05,0,0,0,0,0,9.99000999000999e-05,0,0.0014985014985015,0.000699300699300699,0,0,0,0.0011988011988012,0,0.000899100899100899,0,0,0,0.0027972027972028,0.00859140859140859,0.0482517482517483,0,0.00859140859140859,0.000899100899100899,0,0,0,0,0.0113886113886114,0,0.00839160839160839,0,0.0247752247752248,0,0,0.00879120879120879,0,0,0.0001998001998002,0,0,0.0001998001998002,0,0,0,9.99000999000999e-05,0.0001998001998002,0,0,9.99000999000999e-05,0,9.99000999000999e-05,0.000599400599400599,0.0003996003996004,0.000599400599400599,0,0.0002997002997003,0.000799200799200799,0.0003996003996004,0,0,0.0174825174825175,0,0,0,9.99000999000999e-05,0,0,0,0,9.99000999000999e-05,0.000799200799200799,0.0028971028971029,0.000999000999000999,0.00539460539460539,0,0,0,0,0,9.99000999000999e-05,0.157842157842158,0,0,0.0281718281718282,0,0,0.0041958041958042,0,0,0.0026973026973027,0.0004995004995005,0,0,9.99000999000999e-05,0,0.000799200799200799,0.0014985014985015,0.000999000999000999,0.0004995004995005,0,0.00679320679320679,0
0,0,0,0,0,0,9.99200639488409e-05,0,0,0,9.99200639488409e-05,0,0,0,0.00349720223820943,9.99200639488409e-05,0.00549560351718625,0,0,0,0,0.00109912070343725,9.99200639488409e-05,0.000799360511590727,0,0.105515587529976,0,0,0.00629496402877698,0,0,0,0,0.0371702637889688,0,0,0,0.00719424460431655,0,0,0,0,0,0,0,0,0,0.000699440447641887,0,0,0,0,0,0,0,9.99200639488409e-05,0,0,0,0.000799360511590727,0,0,0,9.99200639488409e-05,0.00809352517985612,0,0.000299760191846523,0,0,0.00949240607513989,0.000899280575539568,0,0.000199840127897682,0,0,0,0,0,0,0.000399680255795364,0,0.000299760191846523,0.000899280575539568,0,0,0.000699440447641887,0,0,0,0.00939248601119105,0.08103517186251,0.00189848121502798,0,0,0,0,0,0,0,0,0,0,0,9.99200639488409e-05,9.99200639488409e-05,0,0.000299760191846523,0.248201438848921,0,9.99200639488409e-05,0,0,0,0,0,0,0,0,0.00449640287769784,0,0,0,0,0,0.0111910471622702,0,9.99200639488409e-05,0,9.99200639488409e-05,0,0,0.000399680255795364,0,0,0,0,0,0,0,0,0.00409672262190248,0,0,0,0,0,9.99200639488409e-05,0,0,0,0.000899280575539568,0,0,9.99200639488409e-05,9.99200639488409e-05,0,0,0,0,0.000399680255795364,0,0,0,0,0,0,0,0,0,9.99200639488409e-05,0.00359712230215827,0,0,0,0,0,0,9.99200639488409e-05,0.000899280575539568,0,0,0,0,0,0.00139888089528377,0,0,0,0,0,0,0.00739408473221423,0,0,0,0,0.000499600319744205,0,0,0,0,0,0.000199840127897682,0.000299760191846523,0,0.00959232613908873,9.99200639488409e-05,0,0,0,0,0,0,0,0.000199840127897682,9.99200639488409e-05,0,9.99200639488409e-05,0.01378896882494,0,9.99200639488409e-05,0.000499600319744205,0,0,0,0,0,0,0,0,0.00409672262190248,9.99200639488409e-05,0,0.118605115907274,0,0,0.000199840127897682,0,0,0,0,0,0,0,0,0.000199840127897682,0,0,0,0,0,9.99200639488409e-05,0.000999200639488409,0,0.000199840127897682,0.000499600319744205,0,0,9.99200639488409e-05,0,0.00179856115107914,0,0,0,0,0,0,0,9.99200639488409e-05,0.00139888089528377,0,0,0.239808153477218,0,0,0,0,9.99200639488409e-05,9.99200639488409e-05,0,0,0,0.00759392486011191,0,0,0,0,0,0.000399680255795364,0,0,0.000199840127897682,0,0,0.00449640287769784,0,0.00209832134292566,0,0,0.0242805755395683,0
0,0,0,0,0.0324967503249675,0,0,0,0,0.0170982901709829,0.0114988501149885,0,0.0075992400759924,0,0.001999800019998,0,0,0,0,0,0,0.0128987101289871,0.0011998800119988,0,0,9.99900009999e-05,0,0,0.0003999600039996,0.0058994100589941,0,0,0,0.0028997100289971,0,0,0,0,0,0,0,0,0,0,0,0.0011998800119988,0,0,0,0,0.0218978102189781,0,0,0,0,0,0,0,0,0,0,0,0,0,0,0,0.0025997400259974,0,0,0.0060993900609939,0,0,0,0,0,0.0073992600739926,0,0,0,0.0090990900909909,0,0.0072992700729927,0.0257974202579742,0,0,0.0003999600039996,0.0050994900509949,0.0004999500049995,0,0,0,0,9.99900009999e-05,0,0.0107989201079892,0,0,0,0,0,0,0,0,0,0,0,0,0.0323967603239676,0,0,0,0,0,0,0,0,0,0,0.0014998500149985,0,0,0,0,0,0.0001999800019998,0.201979802019798,0,0,0,0.195580441955804,0.0138986101389861,9.99900009999e-05,0,0,0,0,9.99900009999e-05,0,0,0,0,0,0,0,0,0,0,0,0,0,0.0005999400059994,0.0046995300469953,0,0,0,0,0,0,0,0.014998500149985,0,0,0,0,0,0,0,0,0,0,0,0,9.99900009999e-05,0,0,0,0,0.0174982501749825,0,0,0,0,0,0.0012998700129987,0.0026997300269973,0,0,0,0,0,0,0.0013998600139986,0,0,0,0,0,0,0,0,0,0,0,0.0434956504349565,0,0.003999600039996,0.0002999700029997,0,0,0,0,0,0,0.0013998600139986,0.002999700029997,0,0,0,0,0,0,0.0043995600439956,0,0,0,0,0,0,0.0082991700829917,0,0.0186981301869813,0,0,0.0091990800919908,0.0001999800019998,0,0,0,0,0.0015998400159984,0,0,0,0,9.99900009999e-05,0,0,0,0,0,0.0174982501749825,0,0,0,0.0045995400459954,0.0006999300069993,0.0003999600039996,0,0,0.0010998900109989,0,0,0,0,0.0008999100089991,0,0,0,0,0.0012998700129987,0,0.0006999300069993,0.0290970902909709,0.146385361463854,0,0,0,0,0,0.0042995700429957,0,0,0.0116988301169883,0,0,9.99900009999e-05,0,0,0,0.000999900009999,0,0,0,0,0,0,0,0,0,0.0040995900409959,0
0,0,0,0,0,0,1e-04,0,0,0,0,0,0,0,0,0,0,0,0,0,0,0.0044,0,0,0,0.2908,0,0,0,0.0015,0,0,0,0.0095,0,0,0,0,0,0,0,0,0,0.001,0,0.0033,0,0,0,0,0,0,0,0,0,0,0,0,0,0,2e-04,0,0,0,0,0,0,0,0,0,0,0,0,0,0,0,0,0,0,0,0,0,0,0,0,0,0,0,0,0,5e-04,0,0,0,0,4e-04,0,1e-04,0,0,0,0.003,0,0,0,0,0,0.133,0,0,0,0,0,1e-04,0,0,0,0,0,2e-04,0,0,0,1e-04,0.106,3e-04,0,0,0,0,4e-04,0,0,0,0,0,0,0,0,0,0.0319,0,0,0,0,0.0382,0,0,0,0,0,0,0,0,0,0,0,0,1e-04,1e-04,0,0,0,0,0,0,0,0,0,0,0,0,0,0,0,0,0,0,0,0,0,0,0,0,5e-04,0,0,0,0,0,0,1e-04,1e-04,0,0,0,0,0,0,0,0,0,0,0,0,0,0,0,0,0,0,0,0,0,1e-04,0,0,0,0,0,0,0,0,0,0,1e-04,0,0,0,0,0,0,0,0,0,0,0,0,0,0,0,0,0,0,0,0,1e-04,0,0,0,0,0,0,0,0,0,0,0,0,5e-04,0,0,0,0,0,0,0,0,0,0.2223,0,0,0,0,0,0,0,0,3e-04,0.1367,0,0,0.0127,0,0,0,0,0,0,0.0013,0,0,0,0,0,0,0,0,0,0,0
0,0,0.0002999700029997,0,0,0,0,0.0028997100289971,0,0,0,0,0,0.0376962303769623,0.0014998500149985,0,0,0,0,0.0061993800619938,0,0,0,0,0,0.3004699530047,0,0,0,0.0030996900309969,0.0336966303369663,0,0,0.0121987801219878,0,0,0.0118988101189881,0,0,0,0,0,0,0.0106989301069893,9.99900009999e-05,0.022997700229977,0,0,0,0,0,0,0,0,0.0008999100089991,0,0,0,0.0001999800019998,0,0,0,0,0,0,0,0,0,0,0.0333966603339666,0.0015998400159984,0,0,0.0343965603439656,0,0,0,0,0,0,0,0,0,0,0,0.0001999800019998,0.0032996700329967,0,0,0.0015998400159984,0,0,0.0082991700829917,0,0.0111988801119888,0,0,0,0.0015998400159984,0.0003999600039996,0,0,0,0,0.0010998900109989,9.99900009999e-05,0,0,0,0,0,0,0,0.0057994200579942,0,0.0004999500049995,0.0003999600039996,0,0.0480951904809519,0.0012998700129987,0,0,0,0.0091990800919908,0.0432956704329567,0,0,0,0,0,0.0030996900309969,0.044995500449955,0,0,0,0,0.004999500049995,0,0,0,0.0147985201479852,0,0,0,0,0,0.0043995600439956,0,0,0,0,0.0144985501449855,0,0.0008999100089991,0,0,0,0,0.0020997900209979,0.0066993300669933,0,0,0,0,0,0,0,0,0,0,0,0,0,0,0,0,0,0.0526947305269473,0.0018998100189981,0,0,0,0,0,0,0,0,0,0,0,0,0,0,0,0,0,0,0,0,0,0,0,0.0001999800019998,0,0,0,0,0,0,0,0,0,0,0,0,0,0,0,0,0.0024997500249975,0.0081991800819918,0,0,0,0,0,0,0,0.0255974402559744,0,0.0323967603239676,0.0002999700029997,0,0,0,0,0,0,0,0,0,0,0,0,0,0,0,0,0,0.0006999300069993,0,0,0,0,0,0.0022997700229977,0.0048995100489951,0,0.0005999400059994,0,0,0,0.0023997600239976,0,0,0,0.0010998900109989,0,0,0,0,0,0.0648935106489351,0,9.99900009999e-05,0.0001999800019998,0,0,0,0,0,0,0.0208979102089791,0,0,0,0,0,0,0.0055994400559944,0.0151984801519848,0.0040995900409959,0,0.0011998800119988,0.0017998200179982,0,0.0006999300069993,0,0,0.0023997600239976,0
0,0,0.00039984006397441,0,0.0173930427828868,0.00839664134346262,0.000199920031987205,0,9.99600159936026e-05,0.00519792083166733,0.014094362255098,0,0.0129948020791683,0,0.00949620151939224,0,0.00919632147141144,0,0,0.00149940023990404,0,0.0162934826069572,0.00669732107157137,0,0,0.116553378648541,0.000599760095961615,0,0.00419832067173131,0.00669732107157137,0,0,0,0.00609756097560976,0,0,0,9.99600159936026e-05,0.00199920031987205,0.000299880047980808,0.0355857656937225,0,0,0,0,0.000299880047980808,0,0,0,0,0.00309876049580168,0,0,0,9.99600159936026e-05,0,0,0,0,0,0.00329868052778888,0.0385845661735306,0.00269892043182727,0,0,0.00079968012794882,0.00209916033586565,0.00579768092762895,0,0.000199920031987205,0,0,0,0.00809676129548181,0,0,0,0,0,0.00359856057576969,0,0,0.000199920031987205,0,0,9.99600159936026e-05,9.99600159936026e-05,0,0.00329868052778888,0.0116953218712515,0,0.00239904038384646,0,0,0.00219912035185926,0,0,0,0.000199920031987205,0,0,0,0,0,0,0,0.00319872051179528,0.00259896041583367,0.00479808076769292,0.00229908036785286,0,9.99600159936026e-05,0,0,0,0,0.0204918032786885,0,0.00499800079968013,0,0,0.00869652139144342,0.016593362654938,9.99600159936026e-05,0,0.0669732107157137,0,0,0,0.10405837664934,0.00559776089564174,0.00039984006397441,0,0,0,0,0.0112954818072771,0,0,0,0.00189924030387845,0,0,0,0,0,9.99600159936026e-05,0.000899640143942423,0,0.00349860055977609,0.000899640143942423,0.00079968012794882,0,0,9.99600159936026e-05,0,0,0,0,0.00489804078368653,0,0,0,9.99600159936026e-05,0.000499800079968013,0,0,0,0,0,0.00109956017592963,0,0,0,0,0,0,9.99600159936026e-05,0,0,0,0,0.00039984006397441,0,0.000599760095961615,0,0,0,0,0.000199920031987205,0,0.00939624150339864,0.000699720111955218,0,0,0,0,0,0,9.99600159936026e-05,0,0,0,9.99600159936026e-05,0,0.0207916833266693,0.000899640143942423,0,0,0.00179928028788485,0,0,0,0.000699720111955218,0.00039984006397441,0,0.00679728108756497,0.00209916033586565,0,0,0.00129948020791683,0.00239904038384646,0,0,0,0,0.00179928028788485,0,0.00739704118352659,0.000599760095961615,0.0307876849260296,0,0,0.0195921631347461,0.000999600159936026,0,0,0,0,9.99600159936026e-05,0,0,0,0,0,0,0,0,0,0,0,0.00039984006397441,0,0,0.000199920031987205,0.00439824070371851,0.00629748100759696,0,0.000599760095961615,0.00409836065573771,0.000199920031987205,0,0,0.000199920031987205,0,0,0,0,0.000199920031987205,0.00239904038384646,0.000499800079968013,0.00499800079968013,0.0152938824470212,0,0,0,0,9.99600159936026e-05,0.000499800079968013,0.191423430627749,0,0,0.0109956017592963,0,0,0.00429828068772491,0.00329868052778888,0,0,0.00239904038384646,0,0,0,0,0.00449820071971212,0,0.00119952019192323,0,0,0.00149940023990404,0
0,0,0.00199640646835696,0,0.00778598522659213,0,9.98203234178479e-05,0.00928329007785985,9.98203234178479e-05,0.0093831104012777,0.00698742263924935,0,0,9.98203234178479e-05,0.000998203234178479,0,0.00139748452784987,0,0,0,0.0024955080854462,0.012477540427231,0,9.98203234178479e-05,0,0.00549011778798163,0.000499101617089239,0,9.98203234178479e-05,0,9.98203234178479e-05,0,0,9.98203234178479e-05,9.98203234178479e-05,0,0.000199640646835696,0.000199640646835696,0.00109802355759633,0,0.00359353164304252,0.000998203234178479,0,0.000299460970253544,0.000598921940507087,0.00519065681772809,0,9.98203234178479e-05,9.98203234178479e-05,0,0.00209622679177481,9.98203234178479e-05,0,0,0.000898382910760631,0,0,9.98203234178479e-05,0,0.00359353164304252,0,0.0093831104012777,0.000698742263924935,0,0.0140746656019165,0.00399281293671391,0.0194649630664803,0.000499101617089239,0,0.0131762826911559,9.98203234178479e-05,0,0,0.0283489718506688,0,0,0,0,0,0.00778598522659213,0,0.00598921940507087,0.000898382910760631,0,0.0171690956278698,9.98203234178479e-05,0,0,0.000898382910760631,0.00359353164304252,0,9.98203234178479e-05,0,0,0,0,0,0,0,0.00199640646835696,9.98203234178479e-05,0,0,0.00129766420443202,0.000598921940507087,9.98203234178479e-05,9.98203234178479e-05,0.246156917548413,0.00399281293671391,0,0,0,0,0,0,0,0,9.98203234178479e-05,0.00149730485126772,0,0,0,0.000499101617089239,0,0.00519065681772809,0.0304451986424436,0,0,0,0.0956278698342983,0,0.0180674785386305,0,9.98203234178479e-05,0.00758634457975644,0,9.98203234178479e-05,0,0,0,0,0,0.00149730485126772,9.98203234178479e-05,9.98203234178479e-05,0,0.00269514873228189,0.00369335196646037,0,9.98203234178479e-05,0.00129766420443202,0.000399281293671391,0,0.000199640646835696,0,0,0.000399281293671391,0,0.0197644240367339,0,0,0.000199640646835696,0,9.98203234178479e-05,0.00439209423038531,0,0,0,0.000199640646835696,0,0.000199640646835696,0,0,0,0,0,0,0.000698742263924935,0.000898382910760631,0.000199640646835696,0.0047913755240567,0,0,0,0.000499101617089239,0,0,0,0.000798562587342783,0,0,0.0118786184867239,9.98203234178479e-05,9.98203234178479e-05,0.00219604711519265,9.98203234178479e-05,0,9.98203234178479e-05,0,0,0,0,0,0.0711718905969255,0,0.00219604711519265,0,0,9.98203234178479e-05,9.98203234178479e-05,0,0.000399281293671391,0.000299460970253544,0,0.00139748452784987,9.98203234178479e-05,0.00509083649431024,0.00179676582152126,9.98203234178479e-05,0.000399281293671391,0.000798562587342783,0.00628868037532442,0.00848472749051707,0.00399281293671391,0,0,9.98203234178479e-05,0,0.00618886005190657,0,0.0121780794569774,0.000299460970253544,9.98203234178479e-05,0.0200638850069874,0,0,0.000199640646835696,0,0,0.000399281293671391,0,0,0,0.00119784388101417,0,9.98203234178479e-05,0,9.98203234178479e-05,9.98203234178479e-05,0.00119784388101417,0.000299460970253544,0.000399281293671391,0.000499101617089239,0,0,0,0.00489119584747455,0.000399281293671391,0.00648832102216011,0.000898382910760631,9.98203234178479e-05,0,0,0,0.000299460970253544,0.000299460970253544,0,0,0.000998203234178479,0.000499101617089239,9.98203234178479e-05,0.000499101617089239,0.00469155520063885,0,9.98203234178479e-05,0,9.98203234178479e-05,9.98203234178479e-05,0.000299460970253544,0.136254741465362,0,0,0.00549011778798163,0,0,0,0,0,0.00149730485126772,0.00319425034937113,0,0,0,0,0.00379317228987822,9.98203234178479e-05,0.000199640646835696,0,0,0.00628868037532442,0
0,0,0,0,0.00649805058482455,0,0,0,0,0.00409877036888933,0,0,0,0.00349895031490553,0.00359892032390283,0,0.0128961311606518,0,0,0,0,0.00529841047685694,0.000899730080975707,0,0,0.000299910026991902,0,0.00309907027891633,9.99700089973008e-05,0,0,0,0,0.00159952014395681,0,0,0.00109967009897031,0.00139958012596221,0.00469859042287314,0,0,0,0,0,0.000699790062981106,0.000199940017994602,0,0,0,0,0.00479856043187044,0,0,0,0.000299910026991902,0,0,0,0,0.0104968509447166,0,0.0151954413675897,0,0,0,0.00639808057582725,0.00669799060281915,0.00279916025192442,0,0.00949715085474358,0.00149955013495951,0,0,0,0.0171948415475357,0,0,0,0,0.00449865040487854,0,0,0.00349895031490553,0,0,0.000299910026991902,0,0,0,0,0,0,9.99700089973008e-05,0,0,0,9.99700089973008e-05,0,0,0,0,0,0,0,0,0,0,0.000399880035989203,0.00389883035089473,9.99700089973008e-05,0,0,0,0,0,0,0,0,0.00379886034189743,0,0,0,0.00239928021593522,0.000199940017994602,0.00179946016195141,0.107367789663101,0,0,0,0.0996700989703089,0,0.00699790062981106,0,9.99700089973008e-05,0,0,0,0,9.99700089973008e-05,0,0,0,0,0,0,0,0,0,0,0,0,0,0,0,0,0,0,0,0,0.0125962211336599,0,0,0,0.0663800859742077,0,0,0,0.000299910026991902,0,0,0,9.99700089973008e-05,9.99700089973008e-05,0,0,0,0,0.0291912426272118,0.0241927421773468,0,0,0,0,0,0,0,0.00199940017994602,0,0,0,0,0.00219934019794062,0.000699790062981106,0,0,9.99700089973008e-05,0,0,0,0.00469859042287314,0,0,0,0,0,0.000199940017994602,0,0,0,0.000399880035989203,0,0,0,0,0.000899730080975707,0,0.0354893531940418,0,0.00269919024292712,0,0,0,0,0,0,0,0,0,0.00699790062981106,0,0,0,0,0.239928021593522,0,0,0,0,0,0,0,0,0,0,0.000499850044986504,0,0,0.000499850044986504,0,0,0,0,0,0,0,9.99700089973008e-05,0,0,0,0,0,0,0,9.99700089973008e-05,0,0,0,0,0.000399880035989203,0.00319904028791363,0,0,0.00299910026991902,9.99700089973008e-05,0,0,0,0,9.99700089973008e-05,0.186743976806958,0,0,0.00229931020693792,0,0,0,0,0.000199940017994602,0.00689793062081376,0,0,0,0,0,0,0,0.000199940017994602,0,0,0.00629811056682995,0
0,0,0.000499800079968013,0,0.0103958416633347,0,0,0,0,0.0144942023190724,0,0,0,0,0,0,0.0134946021591363,0,0,0,0,0.0556777289084366,0,9.99600159936026e-05,0,0,0,0.00249900039984006,0.000899640143942423,0.00979608156737305,0.00549780087964814,0,0,0,0,0,0,0.0175929628148741,0.00169932027189124,0,0,0.000699720111955218,0,0,0.00669732107157137,0,0,0,0,0,0,0.00939624150339864,0,0.000299880047980808,0,0,0,0,0.00139944022391044,0.0106957217113155,0,0,0,0,0,0,0.00489804078368653,0.0106957217113155,0,0.0186925229908037,0,0,0,0,0,0.00219912035185926,9.99600159936026e-05,0,0,0.0038984406237505,0,0.00219912035185926,9.99600159936026e-05,0,0,0,9.99600159936026e-05,0,0.00249900039984006,0,0,0,0,0,0,0,0,0,0,0,0,0,0,0,0,0,0,0.0511795281887245,0.0263894442223111,0.00129948020791683,0,0,0,0,9.99600159936026e-05,0,0,0.00269892043182727,0,0,0,0.0175929628148741,0.0136945221911235,0.000199920031987205,0,0.129648140743703,0,0,0,0.107157137145142,0,9.99600159936026e-05,0,0,0.00039984006397441,0,0.0127948820471811,0,0,0,9.99600159936026e-05,0,0,0,0.000299880047980808,0,0,0.00429828068772491,0,0.000499800079968013,0.00419832067173131,0,0,0.00429828068772491,0.000599760095961615,0,0,0,0,0,0,0,0,9.99600159936026e-05,0,0,0,0,0,0.000299880047980808,0.000499800079968013,0,0,0,0.00139944022391044,0,0,0,0,9.99600159936026e-05,0,0,0,0,0,0,0,0,0,0.00139944022391044,0.000599760095961615,0.0179928028788485,0,0,0,0,0,0,0,0,0,0,0.00599760095961615,0.00679728108756497,0,0.00559776089564174,0,0,0,0,0.000299880047980808,0,0,0.000699720111955218,0,0.00129948020791683,0.00329868052778888,0,0.000499800079968013,0,0,0,0,0,0,0,0,0,0,9.99600159936026e-05,0,0,0,0.007796881247501,0,0,0,0,0,0,0.000299880047980808,0,0,0,0.000199920031987205,0.00259896041583367,0,0,0,0,0,0,0,0,0,0.00629748100759696,0.0122950819672131,0,0,0,0,0,0,0.000299880047980808,0,0,0,0,0.00609756097560976,0.00519792083166733,0,0.00199920031987205,0.00719712115153938,0,0,0,0,0,0,0.26219512195122,0,9.99600159936026e-05,0.0549780087964814,0,0,0,0,9.99600159936026e-05,0,0,0,0,0,0,0,0,0.000599760095961615,0,0,0,0
0,0,0,0,0,0,0.000300090027008102,0,0,0.000300090027008102,0,0,0,0,0.0100030009002701,0,0,0,0,0,0,0.00260078023407022,0,0.000600180054016205,0,0.0211063318995699,0,0,0,0.00370111033309993,0.0163048914674402,0,0,0.00460138041412424,0,0,0,0,0,0,0,0,0,0.0106031809542863,0,0,0,0.000900270081024307,0,0,0,0,0.000200060018005402,0,0,0,0,0,0,0,0,0,0,0,0,0,0,0,0,0,0.00150045013504051,0,0,0,0,0.00200060018005402,0,0,0,0.0135040512153646,0,0.000100030009002701,0.000900270081024307,0,0,0.00130039011703511,0.000200060018005402,0,0,0.00510153045913774,0,0,0,0.00630189056717015,0,0,0,0,0,0,0.00120036010803241,0,0,0,0.000800240072021606,0,0,0.570771231369411,0,0,0,0,0,0.0188056416925078,0,0,0,0,0,0,0,0,0,0,0.00800240072021607,0,0,0,0,0,0,0,0,0.000800240072021606,0,0,0,0,0,0,0,0,0,0,0,0,0,0,0,0,0,0,0,0,0,0,0,0,0,0.000600180054016205,0,0,0,0.0363108932679804,0,0,0,0,0,0.000100030009002701,0,0,0,0,0,0,0,0,0.0205061518455537,0,0,0.000100030009002701,0,0,0,0,0,0,0,0,0,0,0.000100030009002701,0,0,0,0,0.000500150045013504,0,0,0,0,0,0.000200060018005402,0.0957287186155847,0,0.000100030009002701,0,0,0,0,0,0,0,0.00450135040512154,0,0.0122036610983295,0.0100030009002701,0.00170051015304591,0,0,0,0,0.00100030009002701,0,0,0,0,0.00580174052215665,0,0,0,0,0.00320096028808643,0,0,0.000500150045013504,0,0,0.0113033910173052,0,0,0.0289086726017805,0,0,0.000500150045013504,0,0.000200060018005402,0,0,0,0,0,0.000100030009002701,0,0.000100030009002701,0,0.00150045013504051,0,0,0,0,0,0,0.00750225067520256,0,0,0.00620186055816745,0.0126037811343403,0,0,0,0.0104031209362809,0.000300090027008102,0,0,0,0,0,0,0,0,0.00750225067520256,0,0,0,0,0,0,0.00150045013504051,0,0,0,0,0,0,0.00140042012603781,0.0143042912873862,0,0,0
0,0,0.000299910026991902,0,0.00919724082775168,0,0,0,0,0.00669799060281915,0,0,0.00529841047685694,0,0.00349895031490553,0,0,0,0,0,0.00329901029691093,0,0.00349895031490553,0.000899730080975707,0,0.30630810756773,0,0,9.99700089973008e-05,0,0,0,0,0,0,0,0,0,0,0,0,0,0,0,0.00139958012596221,0.00449865040487854,0,0,0,0,0,0,9.99700089973008e-05,0.000899730080975707,0,0,0,0,0,0,0,0.0193941817454764,0.00559832050384884,0,0,0.00379886034189743,0.000299910026991902,0.000599820053983805,0,0,0,0,0.000799760071978406,0,0,0,0,0,0.000599820053983805,0.00919724082775168,0,0,9.99700089973008e-05,0,0,9.99700089973008e-05,0.000199940017994602,9.99700089973008e-05,0,0,0,0,9.99700089973008e-05,0,0.00829751074677597,9.99700089973008e-05,0.00149955013495951,0,0,0,0,0,0,0,0.00329901029691093,0,0,9.99700089973008e-05,0.0627811656503049,9.99700089973008e-05,0,0,0,0,0,0,0.00239928021593522,0.00239928021593522,0,0,0,0,0.0274917524742577,0.000199940017994602,0.00959712086374088,0.0170948715385384,0,0,0,0.104368689393182,0.00639808057582725,0.00459862041387584,0,9.99700089973008e-05,0.00219934019794062,0,9.99700089973008e-05,0,0.000299910026991902,0,9.99700089973008e-05,0,0,0,0,0,0,0,0,0,0.00159952014395681,0,0.000199940017994602,0,0.00189943017094872,0,0,9.99700089973008e-05,0,0.00619814055783265,0,0,0,0,0.000199940017994602,0,0,0,0,0,0,0,0,0,0,0,0,0,0,0,0,0,0,0,0,0,0.000299910026991902,0.000199940017994602,0,0,0,0,0.000299910026991902,0,0,0,0,0,0,0,0,0,0,0,0,0.000799760071978406,0.00109967009897031,0,0,0.000199940017994602,0.000499850044986504,0,0,0,0,0,0,0,0.0310906727981606,0,0,9.99700089973008e-05,0,0,0,0,0,0.00109967009897031,0.0253923822853144,0,0,0,0,0.0199940017994602,0,0,0,0,0,0,0,0,0,0,0,0,0,0,0,0,0.00379886034189743,0,0,0,0,0.0110966709987004,0.000899730080975707,0,0.00309907027891633,0,0,0,0,0,0,0,0,0,0,0.000399880035989203,0,0,0.026592022393282,0.00199940017994602,9.99700089973008e-05,0,0.00939718084574628,0,0,0.187943616914926,9.99700089973008e-05,0,0.0144956513046086,0,0,0,0,9.99700089973008e-05,0,0,0,0,0,0,0,0,0,0,0,0.00829751074677597,0
0,0,0,0,0,0,0.000599340725202278,0,0.00739186894416142,0,0,0,0,0,0.00689241833982619,0,0.000699230846069324,0.00079912096693637,0,0,0.00229747277994206,0.00269703326341025,0,0,0,0.122265507941265,9.98901208670463e-05,0,0.00599340725202278,0,0,0,0,0.017280990909999,0,0,0,0.00859055039456598,0,0,0,0,0,0.00449505543901708,0,0.164918589551493,0,0.000699230846069324,0,0.000199780241734093,0,0,0,0,0,0,0,0,0,0.0165817600639297,0.000899011087803416,0.000998901208670463,0,9.98901208670463e-05,0,0.00579362701028868,0.000299670362601139,0.000299670362601139,0,0,0.00479472580161822,0,0,0,0.0291679152931775,0,0,0,0,0.00339626410947957,0,0.000699230846069324,0.0111876935371092,0,0,0,0,0,0,0.00229747277994206,0,0.000199780241734093,0.0114873638997103,0,0,0,0,0,0.00439516531815004,0,0,0,0,0,0.00199780241734093,0,0.0180801118769354,9.98901208670463e-05,0,0.00649285785635801,0,0,0,0.00879033063630007,0,0,0,0,0.0105883528119069,0,0,0,0,0,0.0392568175007492,0,0,0,0.000199780241734093,0,0.0169813205473979,0.00879033063630007,0,0,0,0,0.00399560483468185,0,0,0,0.000599340725202278,0,0,0,0,0,0.00079912096693637,0,9.98901208670463e-05,0.00119868145040456,0.00189791229647388,0,0,0,0,0,0,0,0,0.00499450604335231,0,0,0,0.0530416541804016,0,9.98901208670463e-05,0,0,0,0.012985715712716,0.000199780241734093,0,9.98901208670463e-05,0,0.00109879132953751,0,0,0.0066926380980921,0.0123863749875137,9.98901208670463e-05,0,0,0,0,0.000299670362601139,0,0,0,9.98901208670463e-05,0.000299670362601139,0,0.00219758265907502,0,0,0,0,0,0,9.98901208670463e-05,0,0,0,0,0,0,0.000299670362601139,0,0,0,0,0,0,0.0134851663170512,0.00079912096693637,0.00169813205473979,0,0.000998901208670463,0,0,0.0012985715712716,0,0.0038957147138148,0,0,0,0,0,0,0,0,0.00359604435121366,0,0,0.00839077015283188,0,0,9.98901208670463e-05,0.000399560483468185,0,0,0,0,0,0,0,0.00379582459294776,0.00139846169213865,0.000299670362601139,0,0,0,0.000399560483468185,0.0012985715712716,0,9.98901208670463e-05,0.00289681350514434,0.000299670362601139,9.98901208670463e-05,0.000199780241734093,0.000199780241734093,0.000499450604335231,0.000399560483468185,0,9.98901208670463e-05,0,0,0,0,0.00459494555988413,9.98901208670463e-05,0.0166816501847967,0.00509439616421936,0.0359604435121366,0,0,0,0.00249725302167616,0,9.98901208670463e-05,0.165118369793227,0,0,0.0455498951153731,0.000199780241734093,0,0,0,0.0120867046249126,0,0.0040954949555489,0,0,0,0,0.000299670362601139,0,0.000399560483468185,0,0,0.00589351713115573,0.0012985715712716
0,0,0,0,0,0,9.98502246630055e-05,0,0.00109835247129306,0.00479281078382426,0.00499251123315027,0,0,0,0,0,0.000898652021967049,0,0,0,0,0.0117823265102346,0,0,0.00209685471792312,0.0200698951572641,0,0,0,0.0122815776335497,0.0147778332501248,9.98502246630055e-05,0,0,0,0,0.00139790314528208,0,0.0163754368447329,0.000399400898652022,0.00279580629056415,0,0,0,0.000499251123315027,0,0,0,0,0.000599101347978033,0,0.00239640539191213,0,0.000499251123315027,0.00149775336994508,0,0,0,0,0.000898652021967049,0,0.000698951572641038,0.000499251123315027,0,0,0.000898652021967049,0.000199700449326011,0.00239640539191213,0,0.00379430853719421,0.0228657014478283,0,0.00469296055916126,0.000499251123315027,0,0,0,0,0,0.00269595606590115,0,0.00169745381927109,0.00439340988517224,0.00349475786320519,0,0.00119820269595607,0,0,0.00139790314528208,0,0.000798801797304044,0.000599101347978033,9.98502246630055e-05,0.00429355966050924,0.000698951572641038,0,0,9.98502246630055e-05,0.00329505741387918,0,9.98502246630055e-05,0.0157763354967549,0,0,0.000898652021967049,0,0,0,0.00119820269595607,0.000199700449326011,0,0,0,0,0,0,0,0.00119820269595607,0.000399400898652022,0,0,0,0.00169745381927109,9.98502246630055e-05,0.0470294558162756,0.0297553669495756,0,0,0,0.101248127808288,0,0,0,0,9.98502246630055e-05,0,9.98502246630055e-05,0.000199700449326011,0,0,9.98502246630055e-05,0,0.000399400898652022,0,0,0.0122815776335497,0,0,0,9.98502246630055e-05,0,0,0,0,9.98502246630055e-05,0,0,0,0.000599101347978033,0.0130803794308537,0,0,9.98502246630055e-05,0.0305541687468797,0,0,0,0,0,0,9.98502246630055e-05,0.00139790314528208,0,9.98502246630055e-05,0,0,0,0.00619071392910634,0.0467299051422866,0,0,0,0,9.98502246630055e-05,0.000299550673989016,0,0,0,0,0,0,0.0018971542685971,0,0,0,0,0,0,0,0,0,0,0,0.0880678981527708,0.0894658012980529,0.000299550673989016,0.00159760359460809,9.98502246630055e-05,0,0.00389415876185721,0,0,0.000199700449326011,0.00159760359460809,0.00119820269595607,0,0.0140788816774838,0,0.0035946080878682,0.000299550673989016,0.00259610584123814,0,0,0.00449326010983525,0,0.00429355966050924,0,0,0.0205691462805791,0,0,0,0,0.0342486270594109,0,0,0,0,9.98502246630055e-05,0.00349475786320519,0,0,0.0329505741387918,0.000698951572641038,9.98502246630055e-05,9.98502246630055e-05,0,0,0,0.00219670494258612,0.0104842735896156,0,0,0,0.000798801797304044,0.000399400898652022,9.98502246630055e-05,0,0.00119820269595607,0.000998502246630055,0,0.000698951572641038,0,0.000299550673989016,0,0,9.98502246630055e-05,0.0108836744882676,0.000299550673989016,0.0134797803295057,0,0.000698951572641038,0.0112830753869196,0,0,0,9.98502246630055e-05,0.000199700449326011,0.000998502246630055,0.0690963554667998,0,0,0.0526210683974039,0,0,0.000798801797304044,0,0,0,0.00519221168247629,0.00419370943584623,0,0,0,0.00139790314528208,0.000299550673989016,0.000199700449326011,0.00459311033449825,9.98502246630055e-05,0.0224663005491762,0
0,0,0,0.0092009200920092,0,0,0,0.0031003100310031,0,0,0,0,0,0,0.0012001200120012,0.0001000100010001,0.0043004300430043,0,0,0,0,0,0,0,0,0.144714471447145,0,0,0.0007000700070007,0.0007000700070007,0.0291029102910291,0,0.0003000300030003,0,0.0104010401040104,0,0.021002100210021,0,0,0,0,0,0,0,0,0,0,0,0,0,0,0,0,0,0,0,0.0001000100010001,0,0,0.0351035103510351,0,0,0,0.0115011501150115,0,0,0.0536053605360536,0,0,0,0,0,0,0,0,0,0,0,0,0,0,0.0016001600160016,0,0,0,0.0001000100010001,0.0138013801380138,0,0,0,0,0,0.0004000400040004,0,0,0,0,0,0,0,0,0.0008000800080008,0,0,0,0,0,0.317131713171317,0,0,0,0,0,0,0,0,0,0,0,0,0,0,0,0.0001000100010001,0.0031003100310031,0,0,0,0,0,0,0,0,0,0,0,0.0031003100310031,0,0,0,0.002000200020002,0.0001000100010001,0,0.0004000400040004,0,0,0,0,0,0,0.0014001400140014,0.0057005700570057,0,0.0225022502250225,0.0074007400740074,0,0,0,0,0,0,0.0001000100010001,0,0,0,0,0,0,0,0.0006000600060006,0,0,0,0,0,0,0,0.0229022902290229,0,0,0,0,0,0,0,0,0,0,0,0,0,0.0034003400340034,0.0001000100010001,0,0,0,0,0,0,0,0,0,0,0,0,0,0,0.0001000100010001,0.0002000200020002,0,0,0,0,0,0,0.0001000100010001,0,0,0.0024002400240024,0,0.015001500150015,0,0,0,0,0,0,0,0,0,0.0304030403040304,0,0.0002000200020002,0,0.001000100010001,0,0,0,0.0002000200020002,0.0017001700170017,0,0,0,0,0,0,0,0,0,0,0.0391039103910391,0,0,0,0,0.0015001500150015,0,0,0,0,0.0005000500050005,0,0,0,0.0006000600060006,0,0,0,0,0.0008000800080008,0.0016001600160016,0,0,0,0,0,0,0,0,0.14951495149515,0,0,0,0,0,0,0,0,0,0,0,0,0,0,0.0133013301330133,0,0,0,0,0.0099009900990099,0
0,0,0,0,0.00729125049940072,0,0,0,0,0.00998801438274071,0.00489412704754295,0.00589292848581702,0,0.00799041150619257,0.000499400719137036,0,0,0,0,0,0.00789053136236516,0.0069916100679185,0,0,0,9.98801438274071e-05,0.00219736316420296,0,9.98801438274071e-05,0.0013983220135837,0.00209748302037555,0,0,9.98801438274071e-05,0,0,9.98801438274071e-05,9.98801438274071e-05,0.00809029165001998,0,0,0,0,0.00309628445864962,0.000499400719137036,9.98801438274071e-05,0,9.98801438274071e-05,0,0,0.00549340791050739,0,0,0,0.0013983220135837,0,0,0,0,0.0218737514982022,0,0.00809029165001998,0,0,0.000399520575309628,0,0.0083899320815022,0,0,0.00938873351977627,0.00119856172592889,0,0.00109868158210148,0.00639232920495406,0,0,0,0,0,0.00669196963643628,0,0.0240711146624051,0,0.00109868158210148,0,0,0,0,0,0.00549340791050739,0.00629244906112665,0,0,0,0.00069916100679185,0,0,0,0.000898921294446664,0,0.000199760287654814,0.00159808230123851,0,0,0.00439472632840591,0,0.00169796244506592,0.107570914902117,0,0,0,0,0,0.0133839392728726,0,0,0,0,9.98801438274071e-05,0,0,0,0,0.00209748302037555,9.98801438274071e-05,0.0448461845785058,0,0,0,0.0687175389532561,0.00968837395125849,9.98801438274071e-05,0,0,0.00069916100679185,0,9.98801438274071e-05,0.000399520575309628,0,0,9.98801438274071e-05,0,0.00159808230123851,0,0,0,0.000299640431482221,0.000499400719137036,0,0,9.98801438274071e-05,0,0,9.98801438274071e-05,0,0,0,0,0,0.00459448661606073,0,0,0,0.0401518178186177,0,9.98801438274071e-05,0,0,0,0,0.000199760287654814,0,9.98801438274071e-05,0,0,0,0,0.00679184978026368,0.00729125049940072,9.98801438274071e-05,0,0,0,0,0.000299640431482221,0,0,0,0,0,0,0.00529364762285258,0,0,0,0,0,0,0,0,0,0,0,0.0097882540950859,0.0840990811026768,0.000299640431482221,9.98801438274071e-05,0,9.98801438274071e-05,0,0,0,0,0,0.000199760287654814,0,0.00998801438274071,0.0194766280463444,0,9.98801438274071e-05,0,0.00679184978026368,0,0,0,0.000499400719137036,0.00689172992409109,0,0.00449460647223332,0,0.00449460647223332,0,0,0.0511386336396324,0,0,0,0,0,0.00329604474630443,0,0,0,0.00169796244506592,0,0,0,0,0,0,0,9.98801438274071e-05,0,0,0.000898921294446664,0.00069916100679185,0,0.000199760287654814,9.98801438274071e-05,0,0,0.000898921294446664,9.98801438274071e-05,0.000599280862964443,0.000199760287654814,9.98801438274071e-05,0,0,0,0.0356572113463843,0,0.00199760287654814,0.00829005193767479,0,0,0,0,0,0,0.222932481022773,0,0,0.000799041150619257,0,0,0,0,0,0.00119856172592889,0.00289652417099481,0,0,0,0,0.0138833399920096,0,0.00179784258889333,0,0,9.98801438274071e-05,0.00129844186975629
0,0,0,0,0,0,0.000300090027008102,0,0,0,0,0,0,0,0,0,0,0,0,0,0.0114034210263079,0,0.000700210063018906,0,0,0,0,0,0.0112033610083025,0,0,0,0,0,0,0,0,0.0930279083725118,0,0,0,0,0,0,0,0,0,0,0,0,0,0.0108032409722917,0,0,0.0249074722416725,0,0,0,0,0,0,0,0,0,0,0,0,0,0.000600180054016205,0,0,0,0,0,0,0,0,0,0,0.0198059417825348,0,0,0.207162148644593,0.000300090027008102,0,0,0,0,0,0,0,0,0.00370111033309993,0,0,0,0,0,0.0132039611883565,0,0,0.00630189056717015,0,0,0,0.0199059717915375,0,0,0,0.000600180054016205,0,0,0,0,0.00100030009002701,0.00320096028808643,0,0,0,0,0,0,0,0.000200060018005402,0,0,0,0,0,0,0.0313093928178454,0.00190057017105132,0,0,0,0.000700210063018906,0,0,0,0.000400120036010803,0,0,0,0,0,0,0.00870261078323497,0,0,0,0,0,0,0,0,0,0,0.0106031809542863,0,0.017705311593478,0,0,0,0.000900270081024307,0,0,0,0,0,0,0,0,0.0121036310893268,0,0,0.000200060018005402,0,0,0,0,0,0,0,0,0.046814044213264,0,0,0,0,0,0,0,0,0,0,0,0,0,0,0,0,0,0,0.00290087026107832,0,0.0817245173552066,0.000900270081024307,0,0,0.00520156046814044,0,0,0,0,0,0,0,0,0,0,0,0,0,0,0,0,0.0163048914674402,0,0,0,0,0.00540162048614584,0,0.0164049214764429,0,0,0,0,0,0.00110033009902971,0,0,0,0,0,0,0,0,0,0,0,0,0,0,0,0,0,0,0,0,0,0,0,0.00170051015304591,0,0,0,0,0,0.0130039011703511,0,0,0.02740822246674,0,0.00110033009902971,0,0,0,0,0.00240072021606482,0,0,0.197759327798339,0,0,0.00950285085525658,0.000300090027008102,0,0,0,0.0539161748524557,0,0,0.00330099029708913,0,0,0,0,0,0,0
0,0,0,0,0,0,0,0,0,0,0,0,0,0,0.00129961011696491,9.99700089973008e-05,0.000399880035989203,0,0,0,0,0,0,0,0,0.531740477856643,0,0,0.00179946016195141,0,0,0,0,0.00179946016195141,0,0,0,0.00769769069279216,0,0,0,0,0,0,0,0,0,0,0,0,9.99700089973008e-05,0,0,0,0,0,0,0,0,0.00959712086374088,0,0,0,0,0,0,0,0,0,0,0,0,0,0,0,0,0,0,0,0.00129961011696491,0,0,0.000299910026991902,0,0,0.00399880035989203,0.0100969709087274,9.99700089973008e-05,0,0,0,0.000799760071978406,0,0,0,0,0,9.99700089973008e-05,0,0,0,0.00609817054883535,0,0,0,0,0,0.0438868339498151,0,0.00349895031490553,0,0,0,0,0,0.000199940017994602,0,0,0,0,0,0,0,0,0.00239928021593522,0,0,0,0,0,0,0,0,0.0312906128161552,0,0.00129961011696491,0.00459862041387584,0,0.000199940017994602,0,0.00139958012596221,0,0,0,0,0,0.000399880035989203,0,0,0,0,0,0,0,0.000199940017994602,0,0,0,0,0.000399880035989203,0,0,0,0,0,0,0,0,0,0,0,0,0,0,0,0,0,0,0,0,0,0,0,0,0,0,0,0,0,0,0,0,0.00179946016195141,0,0,0,0,0,0,9.99700089973008e-05,0,0,0,0.000499850044986504,0.00979706088173548,0.000799760071978406,0.000499850044986504,0,0.000299910026991902,0.000499850044986504,0,0,0,0,0,0,0.00849745076477057,0,0,0,0,0,0,0,0,0,0,0,0.00369889033290013,0,0.00169949015295411,0,0,0.168449465160452,0,0,0.000299910026991902,0.00409877036888933,0,0.000999700089973008,0,0,0,0,9.99700089973008e-05,0,0,0,0,0,0,0,0,0.000399880035989203,0,0.00109967009897031,0.000299910026991902,0,0,0,0,0,0,0.000199940017994602,0,0,0,0,0,0.109167249825052,0,0,0.0114965510346896,0,0,0,0,0,0.000199940017994602,0.000199940017994602,0,9.99700089973008e-05,0.00189943017094872,0,0,0,0,0.00429871038688393,0,0.000399880035989203,0,0,0,0,0,0,0.000999700089973008,0,0,0,0
0.0045995400459954,0,0,0,0.0061993800619938,0,0,0,0,0,0.0017998200179982,0,0,0.0044995500449955,0.0028997100289971,0,0,0,0,0,0,0.0128987101289871,0,0,0,0.0133986601339866,0,0,0.0001999800019998,0.0045995400459954,0.0001999800019998,0,0.0001999800019998,0.000999900009999,0,0,0.0121987801219878,0.0023997600239976,0,0,0.0083991600839916,0,0,0.0033996600339966,0.0056994300569943,9.99900009999e-05,0,0,0,0,0.0017998200179982,0,0,0.0002999700029997,0,0,0,0.0003999600039996,0,0.0052994700529947,0,0,0,0,0.0004999500049995,0.0011998800119988,0.0041995800419958,0,0.0028997100289971,0.0100989901009899,0.0003999600039996,0,0,0.0443955604439556,0,0,0,0,0,0.005999400059994,0,0.0061993800619938,9.99900009999e-05,0,0,0.0002999700029997,0.0033996600339966,0,0,0,0,0,0.0011998800119988,0,0.0012998700129987,0,0,0,0.0005999400059994,0,0,0,0,0,0,0,9.99900009999e-05,0.0045995400459954,0.0168983101689831,0,0.0024997500249975,0,0.000999900009999,0,0.0004999500049995,0.0002999700029997,0,0.0052994700529947,0.0046995300469953,9.99900009999e-05,0,0,0,0,0.0030996900309969,0.0425957404259574,0,0,0,0.16018398160184,0.0040995900409959,0.0033996600339966,9.99900009999e-05,0,0.0001999800019998,0.0028997100289971,0.0025997400259974,0,0,0,9.99900009999e-05,0,0.0010998900109989,0,0.0154984501549845,0,0.0003999600039996,0.0004999500049995,0,0,0.0002999700029997,0.0003999600039996,0,0.0002999700029997,9.99900009999e-05,0,0,0,0,0.0040995900409959,0,0,0,0,0,9.99900009999e-05,0,0.0035996400359964,0,0,0,0,0,0,0,0,0,0.0006999300069993,0,0,0,0,0,0,0.0031996800319968,0,0,0,0,0,0.0002999700029997,0.0030996900309969,0.0001999800019998,0,0,0,0,0,9.99900009999e-05,0,0,0,0,0.0951904809519048,0,0.0004999500049995,9.99900009999e-05,0,9.99900009999e-05,0,0,0,0,0,0.0025997400259974,9.99900009999e-05,0,0.0017998200179982,0.0260973902609739,0,0.0035996400359964,0,0,0,0,0,0.0046995300469953,0,0.0065993400659934,0,0.0013998600139986,9.99900009999e-05,0,0.048995100489951,0,0,0,0,0,0.0011998800119988,0,0,0,0,0.0038996100389961,0,0,0,0,0,9.99900009999e-05,9.99900009999e-05,0,0,0.0017998200179982,0.0033996600339966,0.0003999600039996,0,0,0.001999800019998,0,0,0,0.000999900009999,0,0,0,0,0,0.0006999300069993,0,0,0.0087991200879912,0,9.99900009999e-05,0,0,0,0,0.23997600239976,0,0,0.011998800119988,0,0,0.0350964903509649,0,0.0001999800019998,0.0015998400159984,0,0,0,0,0,0.0144985501449855,0,0.0007999200079992,0.0040995900409959,0,0.0117988201179882,0
0,0,0.000999200639488409,0,0.00479616306954436,0,0,0,0,0.0146882494004796,0.00179856115107914,0,0,0,0.00519584332533973,0,0.000999200639488409,0.000699440447641887,0,0,0.000699440447641887,0.00759392486011191,0.000899280575539568,0,0,0.0830335731414868,0,0,9.99200639488409e-05,0,0.00239808153477218,0,0,0.000399680255795364,9.99200639488409e-05,0,0,0.000999200639488409,0.00239808153477218,0,0,0,0,0.00179856115107914,0.000799360511590727,0.031374900079936,0,9.99200639488409e-05,0,0,0.00559552358113509,0,0,0,9.99200639488409e-05,0,0,0,0,0.0167865707434053,0,0.000799360511590727,0,0,0,0.000199840127897682,0.00329736211031175,0,0,0.023880895283773,0.000499600319744205,0,0,0.00979216626698641,0,0,0,0,0,0.0108912869704237,0,0.0128896882494005,0.000399680255795364,0,0,9.99200639488409e-05,0.00809352517985612,0,0,0.00359712230215827,0.0136890487609912,9.99200639488409e-05,9.99200639488409e-05,0,0.000899280575539568,0.00139888089528377,0,0,0.000699440447641887,0,0,0,0,0.00129896083133493,0.00319744204636291,9.99200639488409e-05,9.99200639488409e-05,0.0159872102318145,0.0146882494004796,0.00259792166266986,0,0,0,0.00229816147082334,0,0,0,0.00209832134292566,0.00269784172661871,0,0,0.00589528377298161,0.0111910471622702,0,0.00359712230215827,0.13449240607514,0,0,0,0.0872302158273381,0.0145883293365308,0.00819344524380496,0.00239808153477218,0,0,0,9.99200639488409e-05,0,0,0,9.99200639488409e-05,0,0.00199840127897682,0,0,0,0.000399680255795364,0.00359712230215827,0,0.000899280575539568,0.00119904076738609,0.00419664268585132,9.99200639488409e-05,0,9.99200639488409e-05,0,0.00159872102318145,0,0.00349720223820943,0.00289768185451639,0,0,0,0.00229816147082334,0,0,0,0,0,0,0.00109912070343725,0,9.99200639488409e-05,0,0,0,0,0.00229816147082334,0.0333733013589129,0,0,0,0,0,0.00179856115107914,0,0,0.00509592326139089,0.000299760191846523,0,0,0.013189448441247,0.000199840127897682,0.00189848121502798,0,0,0,0.000499600319744205,0,0,0,0,0,9.99200639488409e-05,9.99200639488409e-05,0.00159872102318145,0,0,0.000299760191846523,0,0,0.00899280575539568,0.00139888089528377,0,0.00139888089528377,0,0.00779376498800959,0.000299760191846523,0.00369704236610711,0,0.00319744204636291,0.00179856115107914,0,0,0,0.000399680255795364,0.000599520383693046,0,0.00739408473221423,0.000499600319744205,0.00429656274980016,0,0,0.00719424460431655,0,0,9.99200639488409e-05,0,9.99200639488409e-05,0,0,0,0.00329736211031175,0,0.000299760191846523,0.000199840127897682,0,0,0,0,0,0.000399680255795364,0.000399680255795364,0,0.000299760191846523,0.000399680255795364,9.99200639488409e-05,0,0.00209832134292566,0.0136890487609912,0.000499600319744205,0,0,0.000399680255795364,0,0,0,0,0.000499600319744205,9.99200639488409e-05,0,0,0.000999200639488409,0,0,0,0,9.99200639488409e-05,0.000299760191846523,0.227517985611511,0,0,0.00979216626698641,0,0,0,0,0,0.00209832134292566,0.000699440447641887,0,0,0,0,0.000499600319744205,0.000599520383693046,0.00249800159872102,0.00279776179056755,0,0.0065947242206235,0.000399680255795364
0,0,0,0,0,0,0.000399920015996801,0.00529894021195761,0,0,0,0,0,0,0.000399920015996801,0,0,0,0,0,0.0270945810837832,0,0,0.0818836232753449,0,0,0,0,0,0.000599880023995201,0,0,0,0,0,0,0,0,0,0,0,0,0,0,0,0,0,0,0,0,0,0,0,0,0,0,0.0016996600679864,0,0,0,0,0.00379924015196961,0,0,0,0,0,0,0,0,0,0,0,0.0393921215756849,0,0,0,0.001999600079984,0.0001999600079984,0,0,0,0,0,0.00599880023995201,0,0,0,0,0,0,0,0.0015996800639872,0,0,0,0,0,0,0,0,0,0,0,0.0001999600079984,0,0,0.233553289342132,0,0,0,0,0,0,0,0.0012997400519896,0,0,0.0788842231553689,0.000799840031993601,0,0,0,0.0001999600079984,0.0145970805838832,0,0,0,0,0,0,0.0131973605278944,0,0,0,0,0.0121975604879024,0,0,0,0.000799840031993601,0,0,0,0,0,0,0,0,0,0,0,0,0,0,0,0,0,0,0.0002999400119976,0,0,0,0,0,0,0,0.000699860027994401,0,0,0,0,0,0,0,0,0,9.99800039992002e-05,0,0,0,0,0,0,0,0,0,0,0,0,0,0.0112977404519096,0.001499700059988,0.0020995800839832,0,0,0,0,0,0,0,0,0,0,0,0.012997400519896,0,0,0.000499900019996001,0,0,0,0,0,0,0,0,0,0.0318936212757448,0,9.99800039992002e-05,0,0,0,9.99800039992002e-05,0,0,0,0,0,0,0,0,0,0,0,0,0,0,0,0,0,0,0,0,0,0,0,0,0,0.0542891421715657,0,0,0,0.0001999600079984,0,0,0,0,0,0,0,0,0,0,0,0,0,0.000899820035992801,0.0499900019996001,0,0,0,0.0002999400119976,0,0,0.0016996600679864,0,0,0.298640271945611,0,0.0001999600079984,0,0,0,0,0,0,0,0,0,0,0,0,9.99800039992002e-05,0,0.00599880023995201,0,0,0,0
0,0,0,0,0.0121987801219878,0,0,0,0,0.004999500049995,0.0116988301169883,0,0,0,0.0146985301469853,0,0,0,0,0,0,0.0073992600739926,0,0,0,0.0573942605739426,0,0,0,0,0,0,0,0.0001999800019998,0,0,0,0.0046995300469953,0.0034996500349965,0,0,0.004999500049995,0,0,0.0071992800719928,0.0048995100489951,0,0,0,0,0.0055994400559944,0,0,0,0,0,0,0,0,0.0068993100689931,0,0,0,0,0,0,0.0162983701629837,0,0,0,0,0,0.0051994800519948,0,0,0,0,0,0,0.0105989401059894,0,0.0183981601839816,0,0,0,9.99900009999e-05,9.99900009999e-05,0,0,0,0,0,0,0,0.0058994100589941,0,0,0,0,0,0,0,0,0,0,0,0,9.99900009999e-05,0.0072992700729927,0,0,0,0,0,0,0,0,0.0008999100089991,0.0013998600139986,0,0,0,0.0054994500549945,9.99900009999e-05,0.0001999800019998,0.0977902209779022,0,0,0,0.15988401159884,0.0065993400659934,0,0,0,0.0015998400159984,0,9.99900009999e-05,0,0,0,0.0001999800019998,0,0.0017998200179982,0,0,0,0.0017998200179982,0.0062993700629937,0,0,0.0012998700129987,0.0061993800619938,0,0.0035996400359964,0,0,0,0,0,0.0040995900409959,0,0,0,0,0,0,9.99900009999e-05,0,0,0,0.0006999300069993,0,0,0,0,0,0,0.0004999500049995,0.0133986601339866,0.0001999800019998,0,0,0,0,0.0005999400059994,0,0,0,0,0,0,0.0323967603239676,0,0,0,0,0,0,0,0,0,0,0,0,0,0.0085991400859914,0.0012998700129987,0,0,0,0,0,0,0.0013998600139986,9.99900009999e-05,0,0,0.0010998900109989,0.0086991300869913,0,0,0.0142985701429857,0,0,0,0,0,0,0,0,0,9.99900009999e-05,0,0.0102989701029897,0,0,0,0,9.99900009999e-05,0.0003999600039996,9.99900009999e-05,0,0,0,9.99900009999e-05,0,0,0,0,0,0,0,0.001999800019998,0,0,0.0001999800019998,0.0003999600039996,0,0,0.0001999800019998,0.0007999200079992,0,0,0.0001999800019998,0,0,0,0.0001999800019998,0,0.0007999200079992,0.0006999300069993,0.0044995500449955,0.0098990100989901,0,0,0,0.0064993500649935,0,0,0.339266073392661,0.0001999800019998,0,0.0095990400959904,0,0,0,0,0,0,0.000999900009999,0,0.0161983801619838,0,0,0,0,0.0007999200079992,0,0,0.0020997900209979,0.0001999800019998
0,0,0.00239784194225197,0,0.0224797682086122,0,0,0.00189829153761615,0,0.00989109801178939,0.00749325606953742,0,0,0,0.000599460485562993,0,0.0154860625437107,0.000299730242781497,0,0.000399640323708662,0.00089919072834449,0.0141872314916575,0,0,0,9.99100809271655e-05,0,0,0.000399640323708662,0,0.00219802178039764,0,0,0.00269757218503347,0,0,0,0.00479568388450395,0,0,0,0.00209811169947048,0,0.00299730242781497,0.0111899290638425,9.99100809271655e-05,0,0.000499550404635828,0,0,0.00789289639324608,0,0,0,0.00119892097112599,0,0,0,0,0.000199820161854331,0.0158857028674193,0.000499550404635828,0.00379658307523229,0,0.00279748226596064,0.00199820161854331,0.00329703267059646,0,0,0.00909181736437207,0.000399640323708662,0,0,0.00339694275152363,0,0,0,0,0,0.000199820161854331,0,0.0269757218503347,0.0311719452492757,0,0,0,9.99100809271655e-05,0,0,0.0086921770406634,0,9.99100809271655e-05,0,0,0.00529523428913977,0.00129883105205315,0,0,0.000799280647417324,0,0,0,0,0,0,0,0.0140873214107303,9.99100809271655e-05,0.00279748226596064,0.00249775202317914,0,0,0,0.00859226695973624,0.000699370566490159,0,0.00129883105205315,0,0.00749325606953742,0,0,0.0028973923468878,0.0342691577580178,0,0.00229793186132481,0.286542112099111,0,0,0.000199820161854331,0.0804276151463683,0.00639424517933859,9.99100809271655e-05,9.99100809271655e-05,9.99100809271655e-05,0.00459586372264962,0,0.000299730242781497,0,0,0,9.99100809271655e-05,0,0.00089919072834449,0,0,0,9.99100809271655e-05,0.00119892097112599,0,0.00089919072834449,0.00279748226596064,0.00459586372264962,0,0.000399640323708662,9.99100809271655e-05,0,0,0,0.00359676291337796,0.00149865121390748,0,0,0,0.000299730242781497,0,0,0,0,0,0,0.000399640323708662,0,0,0,9.99100809271655e-05,0,0,0.00619442501748426,0.0101908282545709,0.000299730242781497,0.0157857927864922,0,0,0,0.000799280647417324,0,0,0,0,0,0.00369667299430513,0.0025976621041063,0.000499550404635828,0,0,0,0,0,0,0,0,0,0.000999100809271655,0.00479568388450395,0.000599460485562993,0.000799280647417324,0.000299730242781497,0,9.99100809271655e-05,0.00239784194225197,0,0,0.0106903786592067,0,0.00369667299430513,0,0.00239784194225197,0.00779298631231891,0,0,0,0.00109901089019882,0,0,0,0.000999100809271655,0,0,0.00969127784993506,0.00499550404635828,0.00109901089019882,0,0,0.0137875911679488,0,0,0.000599460485562993,0.000799280647417324,0,0,0,0,0,0.000199820161854331,0,0.00329703267059646,0.00209811169947048,0,0,0,0.0123888500349685,9.99100809271655e-05,0.00119892097112599,0,0.000599460485562993,0.000199820161854331,0.000199820161854331,0,0.000799280647417324,0.00239784194225197,0.000299730242781497,0.00369667299430513,0,9.99100809271655e-05,0,0,0,0.00949145768808073,0.000199820161854331,0.00229793186132481,0,0,0.0556499150764312,0,0.000399640323708662,0,9.99100809271655e-05,0,0.000699370566490159,0.000199820161854331,0,0,0.0381656509141772,0,0,0,0,0,0.00369667299430513,0.00309721250874213,0,0,0,0,0.00229793186132481,0.00149865121390748,0.000599460485562993,0.0276750924168249,0,0.00889199720251773,0.00879208712159057
0,0,0,0,0,0,0,0,0,0,0,0,0,0,0.0022002200220022,0.0006000600060006,0.0044004400440044,0.0002000200020002,0,0,0,0,0,0.0016001600160016,0,0.0002000200020002,0,0,0.0139013901390139,0.0351035103510351,0.108410841084108,0,0,0,0,0,0.0025002500250025,0,0,0.0002000200020002,0,0,0,0,0,0.0019001900190019,0,0,0,0.0003000300030003,0,0,0,0,0,0,0,0.0006000600060006,0,0.0241024102410241,0,0,0.0006000600060006,0,0,0,0.001000100010001,0,0,0,0,0,0,0,0,0,0,0,0,0,0,0,0,0,0,0.0006000600060006,0,0.005000500050005,0,0,0,0.160716071607161,0.0036003600360036,0,0,0.004000400040004,0,0,0,0,0,0.0051005100510051,0,0,0,0,0,0.0214021402140214,0,0,0,0,0,0.0247024702470247,0,0.0057005700570057,0,0,0.0242024202420242,0,0,0,0,0.0006000600060006,0.0076007600760076,0,0,0,0,0,0,0,0,0.0029002900290029,0,0,0.0018001800180018,0,0,0,0.0023002300230023,0,0,0,0,0,0,0,0,0.0048004800480048,0,0.0038003800380038,0,0,0,0,0,0,0,0,0,0,0,0,0,0.0002000200020002,0,0,0,0,0.0019001900190019,0,0.0001000100010001,0,0,0,0,0,0,0,0,0,0,0,0,0,0,0,0,0,0,0.0187018701870187,0,0,0,0.0006000600060006,0,0,0,0,0,0,0,0,0,0.0212021202120212,0.0087008700870087,0,0.0002000200020002,0.0071007100710071,0,0,0,0,0,0,0,0,0,0,0,0.0063006300630063,0,0,0,0,0,0,0,0,0,0,0,0.0651065106510651,0,0,0.003000300030003,0,0,0.0622062206220622,0,0,0,0,0.0013001300130013,0.0229022902290229,0,0,0,0,0,0,0,0.0005000500050005,0,0.0433043304330433,0.0017001700170017,0,0,0,0,0,0,0.0009000900090009,0,0,0,0,0,0.0195019501950195,0,0,0.108610861086109,0.0006000600060006,0.0027002700270027,0,0,0,0,0.0995099509950995,0,0,0.0108010801080108,0,0,0,0,0.0018001800180018,0,0,0,0,0,0,0,0,0.0001000100010001,0,0,0.0138013801380138,0
0,0,0,0,9.99600159936026e-05,9.99600159936026e-05,0,0,0,0,0.000199920031987205,0,0,0.00269892043182727,0.00299880047980808,0,0,0.000899640143942423,0,0,0.000899640143942423,0.00269892043182727,0,0,0,0.331667333066773,0,0,0.0256897241103559,0.00479808076769292,0.0239904038384646,0,0.000299880047980808,0,0,0.0148940423830468,0.000699720111955218,0.00939624150339864,0,0,0,0,0,0,0,0.00669732107157137,0,9.99600159936026e-05,0,0,0,0,0,9.99600159936026e-05,9.99600159936026e-05,0,0,0,0,0.00129948020791683,0,0,0,0.000299880047980808,0,9.99600159936026e-05,0.000899640143942423,0,0,0,0.00119952019192323,0,0.000199920031987205,0.000499800079968013,0.0810675729708117,0,0,0,0,0.000699720111955218,0.000999600159936026,0.000599760095961615,0.0261895241903239,0,0.000199920031987205,0.00159936025589764,0,9.99600159936026e-05,0,0.0037984806077569,0,0,0.000299880047980808,0,0.00369852059176329,0.000199920031987205,0,0,0.00249900039984006,0,0,0,0,9.99600159936026e-05,0.000299880047980808,0,0.00119952019192323,0.0202918832467013,0,0,0,0.00659736105557777,0,0,0.00039984006397441,0,0.000199920031987205,0.000499800079968013,0.0133946421431427,0,0,0,0,9.99600159936026e-05,0.00259896041583367,0,0.00249900039984006,0.00129948020791683,0.000499800079968013,0.00209916033586565,9.99600159936026e-05,0.00509796081567373,0,0,0,0,0.0578768492602959,0,0,9.99600159936026e-05,0.00139944022391044,0,0,0,0,0,0.00039984006397441,0,0,0,0.000199920031987205,0.00359856057576969,0,0,9.99600159936026e-05,0,0,0,0,0.00579768092762895,0,0.000199920031987205,0,0.0126949220311875,0,0,0,0,0,0,0.00109956017592963,0,0,0,0,0,0.000299880047980808,0.00419832067173131,0,0,9.99600159936026e-05,0,0,0,9.99600159936026e-05,0,0,0.0113954418232707,0.00439824070371851,0.00169932027189124,0.00209916033586565,0,0,0,0,0,0,0.000299880047980808,0,0,0,0,0,0.00629748100759696,0,0.00229908036785286,0.00209916033586565,0.000499800079968013,0,0.015593762495002,0,0.00319872051179528,0,0.000199920031987205,0,0.000199920031987205,0.00279888044782087,0.000499800079968013,0.0100959616153539,0,0.00329868052778888,0.000899640143942423,0,0.00559776089564174,0,9.99600159936026e-05,9.99600159936026e-05,0,0.00039984006397441,0.00079968012794882,0.00749700119952019,0.000299880047980808,0,0.12235105957617,0,9.99600159936026e-05,0.00039984006397441,0,0,0.000199920031987205,0,0.00149940023990404,0,0.00719712115153938,0,0,0,0,0,0,0,0.000699720111955218,0.00219912035185926,0,0.0109956017592963,0.00119952019192323,0.00199920031987205,0,0.000299880047980808,0,0.000199920031987205,0.00149940023990404,0,0.000199920031987205,0.00309876049580168,0,0.00159936025589764,0,0,0.00169932027189124,0,0.000299880047980808,0.00449820071971212,0,0,0,0,0.00079968012794882,0.00219912035185926,0.0194922031187525,0,0,0.00939624150339864,0,0,9.99600159936026e-05,0,0,0.000899640143942423,0.000199920031987205,0.00439824070371851,0,0,0,0.00679728108756497,9.99600159936026e-05,0,0.000899640143942423,0,0.00889644142343063,0
0.0007999200079992,0,0,0,0.0122987701229877,0,0,0,0,0.006999300069993,0,0,0,0,0,0,0,0,0,0,0,0,0.0013998600139986,0,0,0.0006999300069993,0,0,0,0.0058994100589941,0,0,0,0,0,0,0,0,0,0,0,0,0,0,0.0078992100789921,0,0,0,0,0,0,0.0006999300069993,0,0.0002999700029997,0,0,0,0,0.0003999600039996,0.0328967103289671,0,0,0,0,0,0,0,0.0021997800219978,0,0,0,0,0,0,0,0,0,0,0,0,0,0,0,0,0,0,0,0,0,0,0,0,0,0,0.0015998400159984,0,0,0,0,0,0,0,0,0,0,0,0,0.104089591040896,0.0043995600439956,0.0035996400359964,0,0,0.0002999700029997,0,0,0,0,0.0003999600039996,0,0,0,0,0,0,0,0.117088291170883,0.073992600739926,0,0,0.127287271272873,0.0197980201979802,0,0,0,0,0,0,0,0,0,0,0,0,0,0,0,0,0,0,0,0,0,0,0,0,0,0,0,0,0.0362963703629637,0,0,0,0,0,0,0,0,0,0,0,0,0,0,0,0,0,0,0,0,0,0,0,0,0,0,0,0,0,0,0,0,0,0,0,0,0,0,0,0.0245975402459754,0,0,0,0,0,0,0,0,0,0.0018998100189981,0,0,0,0,0,0,0,0,0,0,0,0,0,0,0,0,0,0,0,0,0,0,0,0,0,0,0,0,0,0,0,0,0.0555944405559444,0,0,0,0,0,0,0,0,0,0,0,0,0,0,0,0,0.0084991500849915,0,0,0,0,0,0,0,0,0.0003999600039996,9.99900009999e-05,0,0,0.0320967903209679,9.99900009999e-05,0,0,0,0,0,0.311268873112689,0,9.99900009999e-05,0,0,0,0,0,0,0,0,0,0,0,0,0,0,0,0,0,0,0.003999600039996
0,0,0,0,0.0106903786592067,0.00529523428913977,0,0,0,0.00619442501748426,0.00519532420821261,0,0.00269757218503347,0.0109901089019882,0,0,0.000999100809271655,9.99100809271655e-05,0,0,0.00119892097112599,0.00199820161854331,0,0,0,0.00089919072834449,0.000399640323708662,0,0.00129883105205315,0.00359676291337796,0.00249775202317914,0,0,0.00119892097112599,0,0,0.000699370566490159,0,0.00479568388450395,0,0,0,0,0,0.000999100809271655,0.000199820161854331,0,0,0,0,0,0.00169847137576181,0.000199820161854331,0.000199820161854331,0,0,0,0,0,0.000399640323708662,0,0,0,0,0,0.0125886701968229,0.00109901089019882,0.0100909181736437,0,0.000399640323708662,9.99100809271655e-05,0,0.000299730242781497,0.00639424517933859,0,0,9.99100809271655e-05,9.99100809271655e-05,0,0.000399640323708662,0,0.0166849835148366,0.00089919072834449,0,0,0.000399640323708662,9.99100809271655e-05,0,0,0,0,0,9.99100809271655e-05,0,0.00769307623139175,0.00159856129483465,0,0,0,0,0,0,0.000199820161854331,0,0.000399640323708662,0,0,0.0525527025676891,0.0270756319312619,0.00379658307523229,0,0,0.000999100809271655,0,9.99100809271655e-05,0,0.00119892097112599,0.00149865121390748,0.0025976621041063,0,0,0,0.00389649315615946,9.99100809271655e-05,0.000599460485562993,0.043460885203317,0,0,0,0.139274652812469,0.00159856129483465,9.99100809271655e-05,0,9.99100809271655e-05,0,0,0.000199820161854331,0,0,0,9.99100809271655e-05,0,0,0,0,0,9.99100809271655e-05,0,0,0.000199820161854331,0.000999100809271655,9.99100809271655e-05,9.99100809271655e-05,0,9.99100809271655e-05,0,0,0,0,0.000199820161854331,0,0,0,9.99100809271655e-05,0,0,0,0,0,0,9.99100809271655e-05,0,9.99100809271655e-05,0,0,0,0,9.99100809271655e-05,0,0,0,0,0,0.000299730242781497,9.99100809271655e-05,0,0,0,0,0,0,0.00339694275152363,0,0,0,0,0,0,9.99100809271655e-05,0,0,0,0,0.076631032071136,0,0.000199820161854331,0.000299730242781497,0,0.00659406534119293,0.000699370566490159,0,0,0,9.99100809271655e-05,9.99100809271655e-05,9.99100809271655e-05,0,0.00149865121390748,0.00689379558397442,0,0.00309721250874213,0.000999100809271655,0,0,0,9.99100809271655e-05,0,0,0.0115895693875512,0,0.00299730242781497,9.99100809271655e-05,0,0.0424617843940454,0,0,0,0,0,0.00179838145668898,0,0,0,0,0.000299730242781497,0,0,0,0,0,0,0,9.99100809271655e-05,0,0.000599460485562993,0.000599460485562993,9.99100809271655e-05,0,9.99100809271655e-05,0,0,0,0,0.000199820161854331,0.000199820161854331,0,9.99100809271655e-05,0,0,0.118393445898691,0,9.99100809271655e-05,0.0206813867519233,0,0,0,0,9.99100809271655e-05,0,0.264861624537916,0,0,0.00979118793086222,0,0,0.00169847137576181,0,0,0,0.000599460485562993,0,0,0,0,0.00479568388450395,0,0.00979118793086222,0,0,0.00119892097112599,0
0,0,0,9.9930048965724e-05,0,0,9.9930048965724e-05,0.00489657239932048,0,0,0,0,0,0.0304786649345458,0.000699510342760068,0,9.9930048965724e-05,0,0,0,0.00859398421105226,0.00049965024482862,0,0.000399720195862896,0,0.376536424502848,0,0,0.00339762166483462,9.9930048965724e-05,0,9.9930048965724e-05,0,0.002897971420006,0,0,0.0169881083241731,0.0235834915559109,0,0,9.9930048965724e-05,0,0,0.0103927250924353,0,0.00989307484760668,0,0,0,0,0,0,0,0,0,0,0,9.9930048965724e-05,0,0.00689517337863496,0,0.00599580293794344,9.9930048965724e-05,0,0,0.000299790146897172,0.00429699210552613,0,0,0.0187868492055561,0.00099930048965724,0,0,0.00299790146897172,0,0,0,0,0,0.00509643249725192,0,0,0.00179874088138303,0,0.00549615269311482,0.000199860097931448,0,0,0.000199860097931448,0.00359748176276606,0,9.9930048965724e-05,0.00119916058758869,0,0,0.00239832117517738,0,0,0.00049965024482862,0,0,0.00109923053862296,0,0,0,0,0.000899370440691516,0.0485660037973419,0,0,0,0,0,0.0545618067352853,0,0,0,0,0.00879384430898371,9.9930048965724e-05,0,0,0.00259818127310882,0,0.00849405416208654,0,0,0,0,0,0.00869391426001799,0.0757469771160188,0,0,0,0,0.00589587288897772,0,0,0,0.000699510342760068,0,0,0,0,0,0.000699510342760068,0,0,0,0.00179874088138303,0.00739482362346358,0,0,9.9930048965724e-05,0,0,0,0.000799440391725792,0.000399720195862896,0,0,0,9.9930048965724e-05,0,0,0,0,0,0,0.000199860097931448,0,9.9930048965724e-05,0,0,0,0,0.00409713200759468,0.00609573298690916,0,0,0,0,0,0.000299790146897172,0,0,0,0,0,0,0.0159888078345158,0,0,0,0,0,0,0,0,0,0,0,0,0,0.000599580293794344,0,0,0,0,0,0,0,0,0.00229839112621165,0,0,0.00199860097931448,0,0,0,0.000399720195862896,0,0,0,0,0,0,0,0,0.01448985710003,0,0,0.00259818127310882,0,0,0,0,0,0,0,0,0.0116918157289897,0,9.9930048965724e-05,0,0,0,0,0,0.0132906965124413,0,0,0,9.9930048965724e-05,0.00049965024482862,0.00049965024482862,0,0.000199860097931448,0,9.9930048965724e-05,0,0,0.000199860097931448,0,0,0,0,0,0.00199860097931448,0,0.000199860097931448,0.0127910462676127,0,0,0,0,0,0.000399720195862896,0.111322074547817,0,0,0.00949335465174378,0,0,0,0,9.9930048965724e-05,0.00109923053862296,0.00469671230138903,0,0,0,0,0,0,0.00139902068552014,0,0,0.00229839112621165,0
0,0,0,0,0.00598682897625225,0,9.97804829375374e-05,0,0,0.00828178008381561,0.00648573139093993,0,0,0,0.0023947315905009,0,0,0,0,0,0,0.00109758531231291,0.00219517062462582,0,0,0.0135701456795051,9.97804829375374e-05,0,0.00119736579525045,0,0.00039912193175015,0,0,0.00109758531231291,0,0,0,9.97804829375374e-05,0.000698463380562762,0,0,0,0,9.97804829375374e-05,0.000498902414687687,9.97804829375374e-05,0,0,0,0,0.00199560965875075,0,0,9.97804829375374e-05,9.97804829375374e-05,0,0,0,9.97804829375374e-05,9.97804829375374e-05,0,0.0055877070445021,0,0,0,0,0.00618638994212732,0,0,0.00439034124925165,9.97804829375374e-05,0,9.97804829375374e-05,0,0,0,0,0,0,9.97804829375374e-05,0,0.00628617042506486,0,0,0,0.000199560965875075,0,0,0,0,0,0,0,0,0,0.00349231690281381,0,0,0,0,0,0,0,0,0.00279385352225105,0,0,0.215326282179206,0.000798243863500299,0,0,0,0,0,0,0,0,0.000299341448812612,0,0,0,0,0.0168629016164438,0,0.000498902414687687,0.0326282179205747,0,0,9.97804829375374e-05,0.0672520454999002,0.00508880462981441,9.97804829375374e-05,0,0,0,0,9.97804829375374e-05,0,0,0,0,0,0,0,0,0,0,0,0,9.97804829375374e-05,0,9.97804829375374e-05,0,0,9.97804829375374e-05,0,0,0,0,0.000798243863500299,0,0,0,0,0,0,0,0,0,0,0.000199560965875075,0,0.00359209738575135,0,0,0,0,0,0.00259429255637597,0,0,9.97804829375374e-05,0,0,0,0,0.00039912193175015,0,0,0,0,0.00169626820993814,9.97804829375374e-05,0,0,0,0,0,0,0,0,0,0,0,0,0.00109758531231291,9.97804829375374e-05,0,0,9.97804829375374e-05,9.97804829375374e-05,0.00259429255637597,9.97804829375374e-05,9.97804829375374e-05,0.00039912193175015,0,0.00249451207343844,0,0,0,0,0.000498902414687687,0,9.97804829375374e-05,0,0,0,0,0.000299341448812612,0,0,0,0,0.0662542406705248,0,0,9.97804829375374e-05,0,0,0,9.97804829375374e-05,0,0,0,0,0,0,0,0,0,0,0,0,0,0,0,0.000598682897625224,0,9.97804829375374e-05,9.97804829375374e-05,0,0,0,9.97804829375374e-05,0,0,0,0,0,0.474955098782678,0,0.000199560965875075,0.00588704849331471,0,0,0,9.97804829375374e-05,0,0,0.00937936539612852,0,0,0.00329275593693873,0,0,0,0,0,0,9.97804829375374e-05,0.00458990221512672,0,0,0,9.97804829375374e-05,9.97804829375374e-05,0.00039912193175015,0,0,0.000698463380562762,0
0,0,0.0007999200079992,0,0.0153984601539846,0,0,0,0,0.0094990500949905,0.0025997400259974,0,0,0,0,0,0,0,0,0,0,0.0103989601039896,0,0,0,0.119288071192881,0,0,0.0005999400059994,0,0,0,0,0.0181981801819818,0,0,9.99900009999e-05,0,0.0044995500449955,0,0,0,0,0.0023997600239976,0.0011998800119988,0.0002999700029997,0,9.99900009999e-05,0,0,0,0,0,0.0010998900109989,0,0,0,0,0.0003999600039996,0.0018998100189981,0.0096990300969903,0,0,0,0,0,0,0,0,0.0210978902109789,0,0,0.0002999700029997,0.0060993900609939,0,0,0,0,0,0.0023997600239976,0,0.0034996500349965,0,0,0,0,0,0,0,0,0,0.0001999800019998,0,0,0.0013998600139986,0,0,0,0.005999400059994,0,0,0,0.0026997300269973,0,0,0,0,0.0735926407359264,0,0.0003999600039996,0,0,0,0,0,0,0,0.0004999500049995,0.0024997500249975,0,0.0351964803519648,0,0,0,0.0181981801819818,0.0620937906209379,0,0,0,0.027997200279972,0,0,0,0,0.0005999400059994,0,0.0020997900209979,0,0,0,0.0318968103189681,0,0.000999900009999,0,0,0,9.99900009999e-05,0.0011998800119988,0,0,0.0008999100089991,0.0003999600039996,9.99900009999e-05,0.0022997700229977,0,0,0,0,0,0,0,0,0,0,0,0,0,0,9.99900009999e-05,0,0,0,0,0,0.0020997900209979,0,0,0,0.0005999400059994,9.99900009999e-05,0,0,0,0,0,0,0,0,0,0,0,0.0012998700129987,0,0,0,0,0,0,0,0,0,0,0,0,0,0.000999900009999,0,0,0,0,0,0,0,0,0,0,0.0085991400859914,0.0001999800019998,0.0534946505349465,0,0.0004999500049995,0,0,0,0,0,0,0,0,0,0.0057994200579942,0,0,0.154084591540846,0,0,0,0,0,0,0,0,0,0,0,0,0,0,0,0,0,0,0,0,0.0008999100089991,0,0.0006999300069993,0,0,0.0001999800019998,0.0002999700029997,0,0,0.0003999600039996,0,0,0,0,0,0.0012998700129987,0,0,0.0954904509549045,9.99900009999e-05,0,0,0.0001999800019998,0,0,0.153084691530847,0,0,0.0122987701229877,0,0,0,0,0,0,9.99900009999e-05,0,0,0,0,0,0,0,0,0,0.0035996400359964,0.0001999800019998
0,0,9.99000999000999e-05,0,0,0,0,0.0017982017982018,0,9.99000999000999e-05,0,9.99000999000999e-05,9.99000999000999e-05,0,0.0002997002997003,9.99000999000999e-05,0,0,0,0,0.00539460539460539,0.00759240759240759,0,0.0001998001998002,0,0.0452547452547453,0,0,9.99000999000999e-05,0,0.0184815184815185,0,0,0.00639360639360639,0,0,0.0037962037962038,0.0158841158841159,9.99000999000999e-05,0,9.99000999000999e-05,0,0,0,0,0.0035964035964036,0,0.000699300699300699,0,0,0.0046953046953047,0.0001998001998002,0,0,0.0166833166833167,9.99000999000999e-05,0,0,0,0.0175824175824176,0.000699300699300699,0.000599400599400599,0,0,0,0.0034965034965035,0.000599400599400599,0,0,0,0.0050949050949051,0,0,0.0194805194805195,9.99000999000999e-05,0,0,0,0,0.0123876123876124,0,0.0020979020979021,0.0050949050949051,0,0.0041958041958042,0.0036963036963037,9.99000999000999e-05,0,0,0.0102897102897103,0.000799200799200799,0.0003996003996004,9.99000999000999e-05,0,0,9.99000999000999e-05,0,0,0.0032967032967033,0,0,0,0.000699300699300699,0,9.99000999000999e-05,0.0020979020979021,0,0.00759240759240759,0,0.0014985014985015,0,0,0,0.0188811188811189,0,0,0,0,0.00819180819180819,0,0,0.000599400599400599,0,9.99000999000999e-05,0,0,0,0.0011988011988012,0.0326673326673327,0.0002997002997003,0,0.0010989010989011,0,9.99000999000999e-05,0,0,0.000999000999000999,0,0,9.99000999000999e-05,0.000599400599400599,0,0,0,0,0,0.0033966033966034,0.000899100899100899,0,0,0.0016983016983017,0.004995004995005,0,0.0025974025974026,0,9.99000999000999e-05,0,0,0.0001998001998002,0.00539460539460539,0,0,0,9.99000999000999e-05,0,0,0,0,0,0,0,0,0,0,0,0,0.0003996003996004,0.0386613386613387,0.0100899100899101,0.0020979020979021,0.0004995004995005,0,0,0,0.000599400599400599,0,0,0,0,0,0.0002997002997003,0.0185814185814186,9.99000999000999e-05,0,0.0172827172827173,0,0,0,0,0.0585414585414585,0,0,0,0.0011988011988012,0,0.0002997002997003,0.0013986013986014,0,9.99000999000999e-05,9.99000999000999e-05,0.0028971028971029,0,0.0001998001998002,0,0.0014985014985015,0.000799200799200799,0.001998001998002,0.00929070929070929,0,0,0.0156843156843157,0.0012987012987013,0.00779220779220779,0,0,0.000899100899100899,0.00589410589410589,0,0.0174825174825175,9.99000999000999e-05,0.048951048951049,0,9.99000999000999e-05,0.0024975024975025,0,0,0.0002997002997003,0,9.99000999000999e-05,0.0003996003996004,9.99000999000999e-05,0,0,0,9.99000999000999e-05,0,0,0,0,0,0.0403596403596404,0.0002997002997003,0,0,0.0030969030969031,0.001998001998002,0.0014985014985015,0,0.0013986013986014,0.0001998001998002,0.0002997002997003,0,0.000699300699300699,0,0.0204795204795205,9.99000999000999e-05,0,0,0,0.000799200799200799,0.0012987012987013,0,0.0467532467532468,0,9.99000999000999e-05,9.99000999000999e-05,0,9.99000999000999e-05,9.99000999000999e-05,0.231968031968032,9.99000999000999e-05,0,0.0483516483516484,0,0,0,0,9.99000999000999e-05,0.0042957042957043,0,0,0,0,0,0,0.0003996003996004,0.0011988011988012,0,0,0.00699300699300699,0
0,0,0,0,0,0,0.00499450604335231,0,0,0,0,0,0,0,0.00109879132953751,0,0,0,0,0,0,0.00569373688942164,0,9.98901208670463e-05,9.98901208670463e-05,0.291279592448307,0,0,0.000199780241734093,0,9.98901208670463e-05,0,0,0.00589351713115573,0,0,0.00319648386774548,0.000599340725202278,0,0,0,0,0,0,0,0.157426830486465,0,0,0,0,0,0,0,0,0,9.98901208670463e-05,0,0,0,9.98901208670463e-05,9.98901208670463e-05,0,0,0,0,0,0.000299670362601139,0,0,0.0137848366796524,0,9.98901208670463e-05,0,0,0,0,0,0,0,0.00079912096693637,0.000699230846069324,0,0,0,0.0142842872839876,0,0,0,0,0.0234741784037559,0,0,0,0,0,0,0,0,0,0,0,0,0,0,0.000199780241734093,0,9.98901208670463e-05,0.00209769253820797,0,0,0,0,0,0.00729197882329438,0,0,0,0,0.00079912096693637,9.98901208670463e-05,0.000399560483468185,0,0,0,0.10618319848167,0.00399560483468185,0,0,9.98901208670463e-05,0,0.00399560483468185,0.00909000099890121,0,0,0,0,0.000899011087803416,0,0,0,9.98901208670463e-05,0,0,0,0,0,0,0,0,0,0.000998901208670463,0,0,0,0,0,0,9.98901208670463e-05,0,0,0,0,0,0,0,0,9.98901208670463e-05,0,0,0,0,0,0,0,0,0,0,0,0,0,0,0,0,0,0,0,0,0,0,0,0,0.0113874737788433,0,0,0.00249725302167616,0,0,0,0,0.015083408250924,0,0,0,0,0,9.98901208670463e-05,0,0,0,0.000199780241734093,0.000599340725202278,0,0,0,0,0,0,0,0,0,0,0.000199780241734093,0,0,0,0,0,0,0.00998901208670462,9.98901208670463e-05,0,0,0,0.198881230646289,0,0,0,0,9.98901208670463e-05,0,0,0,0,0,0,0,0,0,0,0,0,0,0,0,0,0,0,0,0.00079912096693637,0.00998901208670462,0,0,0,0,0,0,0,0,0,0,0.000399560483468185,0,0.0589351713115573,0,0,0,0,0,0,0,0,0,0.0109879132953751,0,0,0,0,0,0,0.0038957147138148,0,0,0,0.000399560483468185,0,0,0.00549395664768754,0,0,0.00899011087803416,0
0,0,0,0,0,0,0,0.0025997400259974,0.0102989701029897,0,0,0,0,0.0200979902009799,0,0,0,0,0,0,0.0097990200979902,0.0032996700329967,0,0,0.0001999800019998,0.0826917308269173,0.0008999100089991,0,0.0018998100189981,0.0028997100289971,0,0,0,0,0,0,0.0001999800019998,0,0,0,9.99900009999e-05,0,0,0.0061993800619938,0,0,0,0.0004999500049995,0,0,0,0,0,0,0.0052994700529947,9.99900009999e-05,0,0,0,0.0252974702529747,9.99900009999e-05,0.0027997200279972,0,0,0,0.0091990800919908,0.0198980101989801,9.99900009999e-05,0,0,0.0067993200679932,0,0,0.0003999600039996,0,0,0,0,0,0,0,0,0.023997600239976,0,0.0003999600039996,0.0017998200179982,0,0,0,0,0.0532946705329467,0,0,0,0,0,9.99900009999e-05,0,0.0052994700529947,0,0,0,0,0,9.99900009999e-05,0.0001999800019998,0.0233976602339766,0,0,0.0032996700329967,0,0,0,0.0084991500849915,0,0,0,0,0.017998200179982,0,0,0,0,0,0.0004999500049995,0.0010998900109989,0,0,0.0011998800119988,0,0.0001999800019998,0.0004999500049995,0,0,0,0,0,0,0,0,0.0002999700029997,0,0,0,0,0,0.0001999800019998,0.0007999200079992,0,0.000999900009999,0.0015998400159984,0,0,0.0051994800519948,0,0,0,0,0,0.0045995400459954,0,0,0,0.026997300269973,0,0,0,0,0,0,0.0015998400159984,0,0,0.0021997800219978,0,0.0043995600439956,0,0,0.0770922907709229,0,0.0114988501149885,0,0,0,0.0008999100089991,0,0,0,0,0,0.0065993400659934,0,9.99900009999e-05,0,0,0,0,0,0,0,0,0,0,0.212678732126787,0,0.0020997900209979,0.0003999600039996,0,0,0.0002999700029997,9.99900009999e-05,0.0036996300369963,0.0138986101389861,0,0.0002999700029997,0,0.0688931106889311,0.0081991800819918,0.0001999800019998,0.000999900009999,0,0.0055994400559944,0,0.0156984301569843,0,0,0,0,0.004999500049995,0.0006999300069993,0.0123987601239876,0,0,0.0501949805019498,0,0,0.0036996300369963,0,0,0.0093990600939906,0,0,0.0018998100189981,0,0,0,0,9.99900009999e-05,0,0,0,0.0003999600039996,0,0,0.0055994400559944,0.0023997600239976,0.0006999300069993,0,0,0,0.001999800019998,0,0,9.99900009999e-05,9.99900009999e-05,0,0,0,0.0018998100189981,0.0026997300269973,0,0.0015998400159984,0.0078992100789921,0,0.0006999300069993,0,0.0002999700029997,0.0002999700029997,9.99900009999e-05,0.0276972302769723,0,0,0.0066993300669933,0,0,0,0,0.0002999700029997,0.0085991400859914,0.0008999100089991,0,0,0,0,0.0015998400159984,0.0002999700029997,0.0003999600039996,0,0,0.0115988401159884,0
0,0,0.00109879132953751,0,0,0.00899011087803416,0,0,0,0.00789131954849665,0.00879033063630007,0,0.0066926380980921,0,0,0,0,0,0,0,9.98901208670463e-05,0,0.00809109979023075,0,0,0.413045649785236,0,0,0.0038957147138148,0,0,0,0.000299670362601139,0,0,0,0,0,0.0138847268005194,0,0.0120867046249126,0,0,0,0.00159824193387274,0,0,0,0,0,0,0,0.000299670362601139,0,9.98901208670463e-05,0,0.00918989111976825,0,0,9.98901208670463e-05,0,0.000499450604335231,0.00369593447208071,0,0,0.000599340725202278,0.00199780241734093,0,0,0,9.98901208670463e-05,0,0.000599340725202278,0.00339626410947957,0,0,0,0,0.000599340725202278,0,0,0.00439516531815004,0,0,0.00109879132953751,0,0,9.98901208670463e-05,0.00869044051543302,0,0,0.000899011087803416,0.00379582459294776,0,0,0,0,0,0,0,0,0,0,0,0,0,0,0.0449505543901708,0.00749175906502847,0.00119868145040456,0,0,0,0,0,0.0114873638997103,0,0,0,9.98901208670463e-05,0,0,0,0,0,0.0424533013684947,0,0,0,0.116371990810109,0,0.000599340725202278,0,9.98901208670463e-05,0,9.98901208670463e-05,0,0,0,0,0,0,0.0012985715712716,0,0,0,9.98901208670463e-05,0.00079912096693637,0,0,0.000998901208670463,0,0.000998901208670463,0.00229747277994206,0,0,0,0,0,0.000199780241734093,0,0,0,0,0,0,0,0,0,0,0,0,0,0,0,0,0,9.98901208670463e-05,0,0,0,0,0.00569373688942164,0,0,0,0,0,0,0,0,0,0.000199780241734093,9.98901208670463e-05,0,0,0,0,0,0,0,0,0,9.98901208670463e-05,0,0.00569373688942164,0,0,0,0,0,0,0,0,0.000299670362601139,0,0.010888023174508,9.98901208670463e-05,0,0.000299670362601139,0,0,0,0,9.98901208670463e-05,0,0,0,0.000299670362601139,0,0.00629307761462391,0,0,0,0,0,0,0,0,0,0,0,0,0,0,0,0,0,0,0.00769153930676256,9.98901208670463e-05,0,0.000199780241734093,0,0.000299670362601139,0.00289681350514434,0.000499450604335231,0,0,0,0,0,0,0,0,0,0,0,0,0.00199780241734093,0,0,0,0.000699230846069324,0.00079912096693637,0,0,0.000199780241734093,0,0.171511337528718,0,0,0,0,0,0,0,0,0,0,0,0,0,0,0.0245729697332934,0.000199780241734093,0,0,0,0,0
0,0,0,0,0,0,0,0,0,0,0,0,0,0,0.0026,0,0,0,0,0,0,0.0029,0,0,0,0.1622,0,0,0.0128,0.01,0.011,0,0,0.0114,0,0,0,0.0537,0,0,0,7e-04,0,0.0048,0,0.0052,0,9e-04,0,0,2e-04,0,0,0,0.0155,0,1e-04,0,0,0.0354,0,0,0,0,0,0,0.0181,0,0,0.0107,0.0035,0,0,0,0,0,0,0,0,0.0034,0,0,0.0042,0,0,0.0024,0.0219,0,0,0.0039,0,0.019,0,0,0,0,0,0,5e-04,0,0,7e-04,0,0.0019,1e-04,0,0,0,0,0,3e-04,0,0,3e-04,0,0,0,0,0.0163,0,0,0,0,0,0.0052,0.0021,0,0,0,0,0.0154,0,0,0,0,0,0,0,0,0,0.0056,0,0,0,0,0,0.0047,0,0,0,0.001,0.0036,0,0.0031,0,0,0,0,0,5e-04,0,4e-04,0,0,0,0,1e-04,0,1e-04,0,2e-04,0,0,0,0,0,0,0.0227,0.0102,3e-04,0,0,0,0,0.0011,0,0,0,0,0,0,0.0371,0,0,0,0,0,5e-04,0,0,0,0,0,0.0123,0,0.0131,4e-04,0,1e-04,0,0,0,0,0,0.0016,1e-04,0,0.0092,0.0435,0.0037,0.0314,0.0042,0,6e-04,0,0,0,0,0,2e-04,0.0278,0,0,0.0011,0,0,1e-04,0,0,3e-04,0,0,0,0,0,0,0,0,0,0.0022,0,4e-04,0.0018,0,0.0013,0.027,0,1e-04,0.0092,0,0,0,0,5e-04,0,0,0,0,0.0035,0.0198,0,0.0135,0.0215,0,0,0,0,1e-04,1e-04,0.1339,0,0,0.0486,0,0,0,0,0,0,0.0063,0,0,0,0,7e-04,4e-04,8e-04,0,0,0.0081,0
0,0,0,0,0,0,0,0,0,0,0,0,0,0,0,0,0,0,0,0,0,0.0154015401540154,0,0,0,0,0,0,0.0355035503550355,0,0.0051005100510051,0,0,0.0371037103710371,0,0,0.0015001500150015,0,0,0,0,0,0,0,0,0.134413441344134,0,0,0,0,0,0,0,0,0,0.0005000500050005,0,0,0,0,0,0,0,0,0,0,0.0675067506750675,0,0,0,0,0,0,0.0011001100110011,0,0,0,0,0,0.0667066706670667,0,0,0,0,0,0,0,0,0,0.0117011701170117,0,0,0.0088008800880088,0,0,0,0,0,0,0,0,0,0,0,0,0,0.0479047904790479,0,0,0.0062006200620062,0,0,0,0.0184018401840184,0,0,0,0,0.0084008400840084,0.0006000600060006,0,0,0,0,0.0051005100510051,0.11981198119812,0,0,0,0,0,0.0004000400040004,0,0,0,0,0,0,0,0,0.0165016501650165,0,0,0,0,0,0.0008000800080008,0,0,0,0.0002000200020002,0,0,0,0,0,0,0,0,0,0,0,0,0,0,0,0,0,0,0,0,0,0,0,0,0,0,0,0.063006300630063,0,0,0,0,0.0011001100110011,0,0,0,0,0,0,0,0,0,0,0,0,0,0,0,0,0,0,0,0,0,0.0642064206420642,0,0,0,0,0.0037003700370037,0,0,0,0,0,0,0,0.0193019301930193,0,0.0002000200020002,0,0,0,0,0,0,0,0,0,0,0,0,0.134713471347135,0,0,0,0,0.0007000700070007,0,0,0,0,0,0,0,0,0,0,0,0,0,0,0,0,0,0,0,0,0.0113011301130113,0,0,0,0,0,0,0,0,0.0046004600460046,0.0027002700270027,0,0,0.0115011501150115,0.002000200020002,0,0,0,0,0,0,0,0,0.0377037703770377,0,0,0,0,0,0,0.0055005500550055,0,0,0,0,0.0028002800280028,0,0.0042004200420042,0,0,0.0211021102110211,0
0.000999200639488409,0,0,0,0.0334732214228617,0.013189448441247,0.000499600319744205,0,0,0.00909272581934452,0.0121902478017586,0,0,0,0,0,0,0,0,0,0,0.0130895283772982,0.00399680255795364,0,0,0,0,0,0.000199840127897682,0.0148880895283773,0,0,0,0.00109912070343725,0,0,0.00129896083133493,0.00299760191846523,0.00329736211031175,0,0.00909272581934452,0,0,0,0.00129896083133493,0,0,0,0,0,0,0.00379696243005596,0,0,0,0,0,0,0,0,0,0,0,0,0,0,0.0185851318944844,0.0038968824940048,0,0,0,0,0.000499600319744205,0,0,0,0,0,0,0,0,0,0.0268784972022382,0,0,0,0,0,0.00279776179056755,0,9.99200639488409e-05,0,0.000199840127897682,0,0.00559552358113509,0.000399680255795364,0,0,0,0,0,0,0,0,0,9.99200639488409e-05,0,0.0819344524380496,0.0182853717026379,0.0195843325339728,0,0,0,0,0,0,0,0.000899280575539568,0,9.99200639488409e-05,0,0,0.00429656274980016,0,0.000299760191846523,0.272881694644285,0,0,0,0.189548361310951,0.00619504396482814,0.00259792166266986,0,0,0.00309752198241407,9.99200639488409e-05,9.99200639488409e-05,0,0,0,0.0139888089528377,0,0.00249800159872102,0,0,0,0,0,0,0,0,0,0,0,9.99200639488409e-05,0,0,0,0,0.0126898481215028,0,0,0,0,0,0,0,0.000199840127897682,0,0,0.00309752198241407,0,9.99200639488409e-05,0,0.00139888089528377,0,0,0,0.00419664268585132,0,0,0,0,0,0,0,0,0,0,0,0,0.0308752997601918,9.99200639488409e-05,9.99200639488409e-05,0,0,0,0,0,0,0,0,0,0,0.021982414068745,0,0,0,0,0.000699440447641887,0,0,0,0,0.00209832134292566,0,0.00769384492406075,0,0,0,0,0,0,0,0,0,0,0,0,0,0,0,0,0,0,0,0,0,0,0,0,0,0,0,0,0,0,0,0,0,0,0,0,0,0,0,0,0,0,0.0153876898481215,0,0,0,0,0,0,0,0,0,0.000599520383693046,0,0,0.00549560351718625,0,0,0,0,0,0.000499600319744205,0.000499600319744205,0,0,0.0839328537170264,0,0,0,0.00129896083133493,0,0,0.00469624300559552,0,0,0,9.99200639488409e-05,9.99200639488409e-05,0,0.00209832134292566,0,0,0,0
0,0,0,0,0,0,0,0,0,0.00729781065680296,0,0,0,0,0,0,0,0,0,0,0.000199940017994602,0.0119964010796761,0.00489853044086774,0,0,9.99700089973008e-05,0,0,0.0135959212236329,0,0,0,0.000199940017994602,0.00169949015295411,0,0,0,0,0,0,0,0,0,0,0.00749775067479756,9.99700089973008e-05,0,0,0,0,0,0,0,0,0,0,0,0,0,0,0,0.00499850044986504,0,0,0.00189943017094872,0.00199940017994602,0.0236928921323603,0,0,0,0,0,0,0.00809757072878137,0,0,0,0,0,0.00949715085474358,0,0.00749775067479756,0,0,0,0.000599820053983805,0,0,0,0,0,0,0,0,0.00149955013495951,0.00169949015295411,0,0,0.000299910026991902,0,0,0,0,0,0,0,0.000499850044986504,0.1518544436669,0,0.0473857842647206,0,0,0,0.00139958012596221,0,0,0.00299910026991902,0,0,0,0,0,0.00279916025192442,0.000199940017994602,9.99700089973008e-05,0.232330300909727,0,0,0,0.153353993801859,0.0164950514845546,0.000499850044986504,0,0.00179946016195141,0,0,0,0,0,0,0,0,0,0,0,0,0,0,0,0,0.000299910026991902,0,0.000199940017994602,0,0,0,0,9.99700089973008e-05,0,0.00439868039588124,0,0,0,0,0,0,0,0,0,0,0,0,0,0,0,0.00159952014395681,0,0,0.0181945416375087,0,0,0,0,0.00309907027891633,0,0,0,0,0,0,0,0.00339898030590823,0.000199940017994602,0,0,0,0,0,0,0,0,0,0,0,0,0.00589823053084075,0,0,0,0,0,0,0.00189943017094872,0,0,0,0,0,0,0,0,0,0,0,0,9.99700089973008e-05,0,0.0344896531040688,0.00139958012596221,0,0.00109967009897031,0,0,0.0494851544536639,0,0,0,0,0,0,0,0,0,0,0,0,9.99700089973008e-05,0,0,0,9.99700089973008e-05,0,0,0,0,0,0,0,0,0,0.00179946016195141,0,0,0,0,0,0,0,0,0.00179946016195141,0,0,0.000999700089973008,0.000299910026991902,0,0,0,0,0,0.133859842047386,0,0,0.0101969409177247,0,0,0,0,0,0,0,0,0,0,0,0.00239928021593522,0,0.00149955013495951,0,0,0,0
0,9.99700089973008e-05,9.99700089973008e-05,0,0.000599820053983805,0,0.000299910026991902,9.99700089973008e-05,0,0,0,0,0,0,0.157752674197741,0,0,9.99700089973008e-05,0,0,0,0.00159952014395681,0,0.0107967609717085,0,0,9.99700089973008e-05,0,0.0366889933020094,0.000699790062981106,0.00329901029691093,0,0,9.99700089973008e-05,0,0,0,9.99700089973008e-05,0,0,0,0.000199940017994602,0,0,0,0,0,9.99700089973008e-05,0,0,0,0,0,0,0.000299910026991902,0,0.000199940017994602,0,0,0.000199940017994602,9.99700089973008e-05,0,0.00609817054883535,0.000899730080975707,0,0,0.00239928021593522,0,0,0.018594421673498,0,0,0,0,0,0,0,0,0,0.000999700089973008,0,0,0.0140957712686194,0,0,0.000899730080975707,0.000299910026991902,0,0,0.00329901029691093,0,0.145656303109067,0.011296611016695,0,0,0.00319904028791363,0,0,9.99700089973008e-05,0.000499850044986504,0,0.0290912726182145,0,0,0,0,0,0.117864640607818,0,0.00809757072878137,9.99700089973008e-05,0,0,0,0,0.000399880035989203,0,9.99700089973008e-05,0,0,0,0,0,9.99700089973008e-05,0.00379886034189743,0,0,0,0.000199940017994602,0,0.000299910026991902,0.00369889033290013,0,0.0323902829151255,0,0.000799760071978406,0.0635809257222833,0,0,0,0,0,0,9.99700089973008e-05,0,0,0.000399880035989203,0,0.000299910026991902,0.000599820053983805,9.99700089973008e-05,0.000199940017994602,0.000699790062981106,0.000399880035989203,0.000699790062981106,0,0,0,0,0.00109967009897031,0.000199940017994602,0,0,0,0,0,9.99700089973008e-05,0,0.000199940017994602,0,0.000299910026991902,0,0,0,0.000999700089973008,9.99700089973008e-05,0,0,0.00449865040487854,0,0,0,0,0,9.99700089973008e-05,0,0,0,0,0,0.00119964010796761,0.000299910026991902,0.000199940017994602,0.000899730080975707,0,0,0,0,0,0.00219934019794062,0,0,0.000799760071978406,0.00369889033290013,0.00959712086374088,0.00229931020693792,0,0.000799760071978406,9.99700089973008e-05,0.0339898030590823,0,0,0,0,9.99700089973008e-05,9.99700089973008e-05,0,0,9.99700089973008e-05,0,9.99700089973008e-05,0.00239928021593522,0,0,0,0,0,0,0,0,0,9.99700089973008e-05,0,0.023592922123363,0,0,0.000399880035989203,0,0,0,0,0,0,0,0.000499850044986504,0.00249925022493252,0,0.000299910026991902,0,0,0,0.000199940017994602,0.000299910026991902,9.99700089973008e-05,9.99700089973008e-05,0.00259922023392982,0,0,9.99700089973008e-05,0,0,0,0,0.000399880035989203,0.000799760071978406,0,0,0,0,0,0,0,0,0,0.00129961011696491,0,0,0,9.99700089973008e-05,0.206538038588423,0,0,0.00489853044086774,0,0,0,0,0,0,0,0,0,0,0,0,0.000499850044986504,0.000799760071978406,0,0,9.99700089973008e-05,0.00139958012596221
0,0,0,0,0,0,0,0.00679456434852118,0,0.000399680255795364,0,9.99200639488409e-05,0,0,0.00189848121502798,0,0,0,0,0,0.00299760191846523,0.00419664268585132,0,0,0,0.0575539568345324,0,0,0.0245803357314149,0.00129896083133493,0.0120903277378098,0,0.00229816147082334,0.0144884092725819,0,0,0,0.0309752198241407,0,0,0,0,0,0,0,0,0,0.000199840127897682,0,0,0,0,9.99200639488409e-05,0,0.00489608313349321,0,9.99200639488409e-05,0,0,0.000799360511590727,9.99200639488409e-05,0,0,9.99200639488409e-05,0,0,0.00559552358113509,0,0,0,0.00139888089528377,0,0.000699440447641887,0.0016986410871303,0,0,0,0,0,0.0201838529176659,0,9.99200639488409e-05,0.0290767386091127,0,0,0.000299760191846523,0,0,0,0.0262789768185452,0,0.000699440447641887,0,0,0,0,0,0,0.0715427657873701,0,0,0,0,0,0.000299760191846523,0,0,0.0225819344524381,0,0,0,0,0,0.118405275779376,0,9.99200639488409e-05,0,0,0.00469624300559552,0,0,0,0,0,0.0229816147082334,0.0268784972022382,0,0,9.99200639488409e-05,0,0.00639488409272582,0.0696442845723421,0,9.99200639488409e-05,0,0,0.000999200639488409,0.000299760191846523,0,0,0,0,0,9.99200639488409e-05,0,0,0.000699440447641887,9.99200639488409e-05,0,0,0.00129896083133493,0.00559552358113509,0,0.000199840127897682,0,0,0,0,0,0,0,0,0,0.0568545163868905,0,9.99200639488409e-05,0,0,0,0,0.000299760191846523,0,0,0,0,0,0,9.99200639488409e-05,0.00449640287769784,9.99200639488409e-05,0,0,0,0,0.000799360511590727,0,0,0,0,0,0,0.0146882494004796,0,0.000199840127897682,0,0,0,0,0,0,0,0,0,0.00119904076738609,0,0.000199840127897682,0,0,9.99200639488409e-05,0.0138888888888889,0,0,0,0.000999200639488409,0.0016986410871303,9.99200639488409e-05,0.00329736211031175,0.00109912070343725,0.000399680255795364,0,0,0.00129896083133493,0,0,0,0,0,0,0.0124900079936051,0,0.059652278177458,0,0,0.0229816147082334,0,0,9.99200639488409e-05,0,0,0.000299760191846523,0,0.00529576338928857,0,0,0,0.0060951239008793,0,0,0,0,0.00379696243005596,0.000199840127897682,0.000599520383693046,0,0.00469624300559552,9.99200639488409e-05,0,0,0.000799360511590727,0,9.99200639488409e-05,0,0,0.000199840127897682,0,0,0,0,0.000399680255795364,0,0,0,0.00109912070343725,0,0.000399680255795364,0,0,0,0,0.122102318145484,0.000199840127897682,0,0.0384692246203038,0,0,0,0,0,0,0,0,0,0,0,0.00689448441247002,0,0.00109912070343725,0.00359712230215827,0,0.00139888089528377,0
0,0,0.000299640431482221,0,0.0103875349580503,0,9.98801438274071e-05,0,0,0.0041949660407511,0.00249700359568518,0,0.00629244906112665,9.98801438274071e-05,0.00389532560926888,0,0.00209748302037555,9.98801438274071e-05,0,0,0.00649220934878146,0.0102876548142229,0.0013983220135837,0,0,0.0920894926088694,0,0,0.000499400719137036,0,0,0,0,0.000399520575309628,9.98801438274071e-05,0,9.98801438274071e-05,0,0.00129844186975629,0,0.00829005193767479,0,0,0.0027966440271674,0.000799041150619257,0.00399520575309628,0,0,0,9.98801438274071e-05,0.00519376747902517,9.98801438274071e-05,0,0,0,0,0,0.000299640431482221,0,0.00219736316420296,0,0.0143827407111466,0.000898921294446664,0,0.000299640431482221,0.000199760287654814,0.00359568517778666,0.00968837395125849,0,0.00649220934878146,0,0,0,0.0344586496204555,0,0,0,0,0,0.00429484618457851,0,0.0125848981222533,0,0,0,0.0128845385537355,0.00549340791050739,0,0,0,0,9.98801438274071e-05,9.98801438274071e-05,0,0,0,0,0,0,9.98801438274071e-05,0,0,0,0,0,0,0,0.000199760287654814,0.00509388733519776,0,0,0,0,0,0,0,0,0.00998801438274071,0.00199760287654814,0,0,0,0.0104874151018777,0,9.98801438274071e-05,0.0973831402317219,0,0,0,0.0904914103076308,0,0,0,0,0.000898921294446664,0,9.98801438274071e-05,0,0,0,9.98801438274071e-05,9.98801438274071e-05,0.00149820215741111,0,0,9.98801438274071e-05,9.98801438274071e-05,0,0,9.98801438274071e-05,0.00179784258889333,0,0,0,0,0,0.00069916100679185,0,0,0.00928885337594886,0,0,0,0,0,9.98801438274071e-05,0,0.00349580503395925,0,0,0,0,0.0152816620055933,0,0,0,0,0,0.00069916100679185,0,0,0,0,0,0,0,0.000199760287654814,0,0,0,0,0.00569316819816221,0,0,0,9.98801438274071e-05,0,0,0,9.98801438274071e-05,0,0,0,0,0,0.0238713543747503,0,0,0,0,0.014482620854974,0,0.000399520575309628,0,0.00209748302037555,0,0.00749101078705553,0,0,0,0.000299640431482221,0,0,0,0,0,0,0,0,0,0.0160807031562125,0.000299640431482221,0,0.172992409109069,0,0,0,0,0,0.0155813024370755,0,0,0,0,0,0,0,0.00129844186975629,0,0,0,0.000399520575309628,0.00169796244506592,0,0,0.0216739912105473,0.0121853775469437,0,0.000199760287654814,0.00209748302037555,0,0,0,0,0.000599280862964443,0,0,0,0,9.98801438274071e-05,0,0.00169796244506592,0.0218737514982022,9.98801438274071e-05,0.000399520575309628,0,0,0.000199760287654814,9.98801438274071e-05,0.122852576907711,0,0,0.00829005193767479,9.98801438274071e-05,0,0,0,0.00159808230123851,0,0.00489412704754295,0,0,0,0,0,0,0.00309628445864962,0,0,0.0127846584099081,0
0,0,9.99900009999e-05,0,0,0,0,0.0046995300469953,0,0,0.0007999200079992,0,0,0,0.0012998700129987,0,0,0,0,9.99900009999e-05,0.0011998800119988,0.001999800019998,0,0,0,0.221977802219778,0,0,0.0005999400059994,0.001999800019998,0.0624937506249375,0.0182981701829817,0,0.0258974102589741,0,0,0,0.0022997700229977,0,0,0,0,0,0,0,0.0003999600039996,0,0.0003999600039996,0,0,9.99900009999e-05,0,9.99900009999e-05,0.0007999200079992,0.0020997900209979,0,0,0,0,0.0016998300169983,0,0,0,0,0,0,0.0007999200079992,0,0,0,0.0022997700229977,0,0,0,0,0.0001999800019998,0.0001999800019998,0,0,0.0012998700129987,0,0.0007999200079992,0.0035996400359964,0,0,0,0,0,0,0.0060993900609939,0,9.99900009999e-05,0.0077992200779922,0,0,0.0002999700029997,0,0,0,0,0,0.0006999300069993,0,0,0,0,0,0.0364963503649635,0,0.0048995100489951,0,0,0,0.0170982901709829,0,0,0,0,0.0232976702329767,0,0,0,0,0.0001999800019998,0.0526947305269473,0,0,0,0,0,9.99900009999e-05,0,0,0,0,0,0.0047995200479952,0,0,0,9.99900009999e-05,0.0001999800019998,0,0,0,0,0.0001999800019998,0,0,0,0.0010998900109989,0,0,0.0001999800019998,0,0,0,0,0,0,0,0.0016998300169983,0,0,0,0,0.0001999800019998,0,0,0,0.0003999600039996,0,0,0,0,0,0,0.0144985501449855,0.0071992800719928,9.99900009999e-05,0,0,0,9.99900009999e-05,9.99900009999e-05,0,0,0,0,0,0,0.0058994100589941,0,0,0,0,0,0.0005999400059994,0,9.99900009999e-05,0,0,0,0,0,0.0004999500049995,9.99900009999e-05,0,0,9.99900009999e-05,9.99900009999e-05,0,0,9.99900009999e-05,0,0,0.0111988801119888,0.0032996700329967,0.0178982101789821,0,0.0117988201179882,0.0032996700329967,0,0,0,0,0,0,0.017998200179982,0,0,0,0,0.0155984401559844,0,0,0.0008999100089991,0,0,0,0,0,0,0,0,0,0,0,0,0,0,0.0001999800019998,0.0015998400159984,0,0.0021997800219978,9.99900009999e-05,0.0002999700029997,0,0.0016998300169983,0.0010998900109989,0.0001999800019998,0,0,9.99900009999e-05,0.0128987101289871,0,0,0,0.000999900009999,0.148985101489851,0.0003999600039996,0.0002999700029997,0.0441955804419558,0.0006999300069993,0,0,0,0,0,0.115688431156884,0,9.99900009999e-05,0.0205979402059794,0,0.0015998400159984,0.0002999700029997,0,0,0,0.0005999400059994,0,0,0,0,0,0,0.0004999500049995,0,0,0.0158984101589841,0
0,0,0,0,0,0,0,0.00339796122326604,0,0,0,0,0,0.00799520287827304,0.000499700179892065,0,0,9.9940035978413e-05,0,0,0.0128922646412153,0.00379772136717969,0,0,0,0.203078153108135,0,0,0.00209874075554667,0,0.0151908854687188,0,0,0.0127923246052369,0,0,0.000399760143913652,0,9.9940035978413e-05,0,0,0,0.0511692984209474,0,0,0.00509694183489906,0,0,0,0,0,0,0,0,0,0,0,0,0,0.0466719968019189,0,0,0,0,0.000399760143913652,0,0.00549670197881271,0,0,0,0.000199880071956826,0,0,0.000799520287827304,0,0,0,0,0,0.00639616230261843,9.9940035978413e-05,0,0,0,0.00269838097141715,0,0.144613232060764,0,0,0.000899460323805717,0,0.00269838097141715,0.000699580251848891,0,0,0,0,0,0,0,0,0,0,0,0,0,0.0193883669798121,0.0357785328802718,0,0,0.000999400359784129,0,0,0.0480711573056166,0,0,0,0,0.0254847091744953,9.9940035978413e-05,0,0,0,0,0.00169898061163302,0.00389766140315811,0,0,0,0,0.000699580251848891,0.000499700179892065,0,0,0,0,0.0346791924845093,0,0,0,0,0,0,0,0.0134919048570857,0,0.00139916050369778,0,0,0,0.000599640215870478,0,0,0,0,0,0,0,0,0.00149910053967619,0,0,0,0,0,0,0,0,0,0,0,0,0,0,0,0,0,0,0.0257845292824305,0,0,0,0,0,0,0,0,0,0,0.00129922046771937,0,0.00549670197881271,0.000399760143913652,0,0,0,0,0,0,0,0,0,0,9.9940035978413e-05,0,0.00329802118728763,0.000199880071956826,0,0,9.9940035978413e-05,0,0,0.000499700179892065,0,0.000399760143913652,0,0.00489706176294223,0.00159904057565461,0.0311812912252648,0.000199880071956826,9.9940035978413e-05,0,0,0,0,0.00119928043174096,0,0,0.000799520287827304,0,0.0178892664401359,0,0,0.00779532280631621,0,0,0,0,0,0,0,0,0,0,0,0,0,9.9940035978413e-05,0,0,0,0,0,0,0,0.00219868079152508,0,0,0.00109934039576254,0.000399760143913652,0,0,0,0.0022986208275035,0,0,0,0,0,0.00899460323805717,0,0.00239856086348191,0.00479712172696382,0,9.9940035978413e-05,0,0,0,9.9940035978413e-05,0.13791724965021,0,0,0.00569658205076954,0,0,0,0,0.0114931041375175,0,0.000299820107935239,0,0,0,0,0,0,0.000299820107935239,0,0,0,0
0,0,0,0,0.0143956812956113,0.00319904028791363,9.99700089973008e-05,0,0,0.00689793062081376,0.0167949615115465,0,0,0,0.0708787363790863,0,0,0,0.0267919624112766,0,0.00799760071978406,0.0104968509447166,0.00159952014395681,0,0.0147955613316005,0.0187943616914926,0,0,0.0128961311606518,0.000799760071978406,0,0,0,0.0120963710886734,0,0,0,0,0.00179946016195141,0,0.010296910926722,0,0,0.00609817054883535,0.00719784064780566,0.00549835049485154,0,0,0,0,0.00559832050384884,0.0100969709087274,9.99700089973008e-05,9.99700089973008e-05,0,0,0,0,0,9.99700089973008e-05,0.0101969409177247,0.0118964310706788,0,0,0,0.0139958012596221,9.99700089973008e-05,0,0.000199940017994602,0,0.000699790062981106,0,0,0.0196940917724683,0,0,0,0,0,0.00169949015295411,0,0.00479856043187044,0.000999700089973008,0,0,9.99700089973008e-05,0,0,0,0,0,0.00199940017994602,0.000299910026991902,0,0,0,0,0,0,0,0,0.00309907027891633,0,0.00149955013495951,0.00649805058482455,0,0.011296611016695,9.99700089973008e-05,0.0174947515745276,0,0.00109967009897031,0,0,0.00749775067479756,0,0,0,0.00569829051284615,0.0106967909627112,0,0,0,0,0,0.00669799060281915,0.0589823053084075,0,0,0,0.0506847945616315,0,0.00729781065680296,0,0,0,0.000199940017994602,0.00309907027891633,0,0,0,9.99700089973008e-05,0,0.000599820053983805,0,0,0,9.99700089973008e-05,0.000299910026991902,0,0,0.000199940017994602,0,0,0,0,0,0,9.99700089973008e-05,0,0.000999700089973008,0,0,0,0,0,0,9.99700089973008e-05,0,0,0,9.99700089973008e-05,0,0.0474857542737179,0,0,0,0,0.00129961011696491,0.0131960411876437,0,0.000799760071978406,0,0,0,0,0,0,0,0,0,0,0.000199940017994602,0.00209937018894332,0,0,0,0,0,0,0,0,0,0,9.99700089973008e-05,0,0.000499850044986504,0,0,9.99700089973008e-05,0.00589823053084075,0.000399880035989203,0,0.00229931020693792,0,0.000199940017994602,0,0.0137958612416275,0.000399880035989203,0,0.00969709087273818,0,0.00199940017994602,0,0,0,0,0,0,0.0119964010796761,0,0.037888633409977,0,0,0.0113965810256923,0,0,9.99700089973008e-05,0,0,0.00699790062981106,0,0,0,0,9.99700089973008e-05,0,0,0,0,0,0.072778166550035,0,0.00229931020693792,0,0.000199940017994602,9.99700089973008e-05,0.000799760071978406,0,0,9.99700089973008e-05,0,0,0,0,9.99700089973008e-05,0,0,0,0.000499850044986504,0.00209937018894332,0,0,0.010296910926722,0,0,0,0,0,0,0.20223932820154,0,0,0.00459862041387584,0,0,0,0,0,0.00189943017094872,0.000799760071978406,0,0,0,0,0.00149955013495951,0,0.000599820053983805,0,0,0.00349895031490553,0
0,0,0,0,0,0,0.0002999400119976,0,0.0116976604679064,0,0,0,0,0,0.0010997800439912,0,0,0,0,0,0,0.00639872025594881,0,0.0002999400119976,0,0.0801839632073585,0,0,0.000599880023995201,0.00399920015996801,0.0509898020395921,0.0295940811837632,0,0.00429914017196561,0,0,0,0,0,0,0,0,0,0.013497300539892,0,0.000699860027994401,0,0,0,0,0,0,0,0,0.0101979604079184,0,0,0,0,0,0,0,0,0,0,0,0.0028994201159768,0.0021995600879824,0,0,0.0522895420915817,0,0,0,0,0,0,0,0,0.00819836032793441,0,0,0.0011997600479904,0,0.0028994201159768,0,0,0.0012997400519896,0,0.00599880023995201,0,0.0027994401119776,0.0202959408118376,0,0,0,0,0,0.00719856028794241,0,0,0.000399920015996801,0,0,0.000499900019996001,0,0.0116976604679064,0.0281943611277744,0,0,0,0,0,0.00419916016796641,0,0,0,0,0.00489902019596081,0,0,0,0,9.99800039992002e-05,0.0317936412717457,0,0,0,0,0,0,0.00439912017596481,0,0,0,0,0.0266946610677864,0,0,0,0.000399920015996801,0,0,0,0,0,0,0,0,0,0.000399920015996801,0.0117976404719056,0,0.0010997800439912,0,0,0,0,0,0.0145970805838832,0,0,9.99800039992002e-05,0,0,0,0,0,0,0,0,0,0,0,0,0,0,0.0120975804839032,0.0520895820835833,0,0,0,0,0,0,0,0,0,0,0,0,0.001499700059988,0,0,0,0,0,0,0,0,0,0,0,0,0,0.000499900019996001,0,0,9.99800039992002e-05,0,9.99800039992002e-05,0.00429914017196561,0,0,0.002999400119976,0,0,0.001499700059988,0,0,0.0205958808238352,0.0012997400519896,0,0.00499900019996001,0,0,0,0,0.0212957408518296,0,0.00639872025594881,0,0,0.0587882423515297,0,0,0.000599880023995201,0,0,0,0,0,0.00649870025994801,0,0,0,0,0,0,0,0.021495700859828,0,0.0030993801239752,0,0.0025994801039792,0.0001999600079984,9.99800039992002e-05,0,0,0.0124975004999,0,0,0,0,9.99800039992002e-05,0,0,0,0.02249550089982,0.00499900019996001,0,0.0027994401119776,0.00369926014797041,0,0,0,0,0.0001999600079984,0,0.206758648270346,0,0,0.0177964407118576,0.0001999600079984,0,0,0,0,0,0.0023995200959808,0,0,0,0,0.0286942611477704,0,0.0002999400119976,0,0,0.011497700459908,0
0,0,0,0,0.0114862165401518,0.00319616460247703,0,0,0,0.00619256891729924,0.00489412704754295,0,0,0,0.00149820215741111,0.000299640431482221,0.0197762684778266,0,0,0,0,0.00539352776667998,0,0.000299640431482221,0,9.98801438274071e-05,0,0,0.000199760287654814,0.0207750699161007,0.00669196963643628,0,0,9.98801438274071e-05,0,0,0,0,0.00709149021174591,0,0,0,0,0,0.00069916100679185,0.00299640431482221,0,9.98801438274071e-05,0,0,0.0221733919296844,0,0,0.000299640431482221,0,0,0.00719137035557331,0,0,0.00729125049940072,0.00819017179384738,0,0,0.00069916100679185,0,0,0.00329604474630443,0.000799041150619257,0,0.0116859768278066,0,0,0.000599280862964443,0.0114862165401518,0,0,0.000199760287654814,0,0,0.0254694366759888,0,0.00229724330803036,0.011785856971634,0.00479424690371554,0,0.000299640431482221,0.00149820215741111,0.000199760287654814,0.00129844186975629,0,0,9.98801438274071e-05,0,0,0,9.98801438274071e-05,0,0,9.98801438274071e-05,0,0,0,0,0,0.00069916100679185,0,0.00259688373951258,0.00149820215741111,0,0.00289652417099481,0,0,0,0,0.000499400719137036,0.000399520575309628,0,0.000599280862964443,0.00509388733519776,9.98801438274071e-05,0,0,0.0122852576907711,9.98801438274071e-05,9.98801438274071e-05,0.164202956452257,0,0,0,0.102976428286057,0,0,0.000199760287654814,9.98801438274071e-05,0.011286456252497,0,9.98801438274071e-05,0,0,0,9.98801438274071e-05,0,0.000499400719137036,0,0,0,0,0.00399520575309628,0,0,0.000199760287654814,0,0,0.000299640431482221,9.98801438274071e-05,0,0,0,0,0.00179784258889333,0,0,0,0,0,0,0.00119856172592889,0,0,0,0.000299640431482221,0,0,0,0,0,0,0.01078705553336,0.00769077107471035,0.00149820215741111,0,0,0,0,0,0,0,0.0055932880543348,0,0,0.000299640431482221,0.00968837395125849,9.98801438274071e-05,0,0,0,0.00119856172592889,0,0,0,0,0,0.164702357171394,0,0.0215741110667199,0.00579304834198961,0.00069916100679185,0,9.98801438274071e-05,9.98801438274071e-05,0,0,0,0,0.000199760287654814,9.98801438274071e-05,0.0103875349580503,0.00269676388333999,0.000898921294446664,0,0,0.00179784258889333,0,0,0,0,0,0,0.000399520575309628,0,0.0185777067518977,9.98801438274071e-05,0,0.00888933280063923,0,0,0.000499400719137036,0,0,0,0,0,0,0,0.000299640431482221,0,0,0,0,0,0.0263683579704355,0.000199760287654814,0,0,0.00159808230123851,0.000898921294446664,0.000299640431482221,0,0.000499400719137036,0,0,0,0,9.98801438274071e-05,0,0,0,0,0,0.00189772273272074,0,0,0.00499400719137036,0,0,0,0,0,0,0.155813024370755,9.98801438274071e-05,0,9.98801438274071e-05,0,0,0,0,0.00149820215741111,0.00119856172592889,0,0,0.000299640431482221,0,0,9.98801438274071e-05,0,0.000599280862964443,0,0,0.000898921294446664,0
0,0,0,0,0,0,1e-04,0,0,0,0.0025,0,0,0,0.002,0,0,0,0,0,0,0,0,0,0,0.0453,0,0,0,0,0,0,0,3e-04,0,0,0,0,0.0029,0,0.0068,0,0,0,0.0013,0,0,0,0,0,0,0,0,0,1e-04,0,0,0,0,0.0213,0,0.0012,0.002,0,0,0.0011,0,0,0,0,0,0,0,0,0,0,0,0,0,0,0,0,0,0,0,6e-04,1e-04,0,0,0,0.2072,7e-04,1e-04,0,0,0,0,0,4e-04,0,0,0.0849,0,0,0,0,0,1e-04,0.0279,0,0,0.0086,0,0,0,0,0,4e-04,0,0,0,0,0.0047,1e-04,0.0047,0.1268,0,0,0,0.0453,0.0083,0,0,0,0.0023,0,4e-04,0,0,0,0,0,0,0,0,0,0,0,0,0,0,5e-04,0.0074,0,3e-04,0,0,3e-04,0,0,0,0,0,0.0297,0,0,0,0,0,0,0,0,3e-04,0,0,0,0,1e-04,0,0,0,0,0,0,0,0,0,0,0,0,0,0.0102,1e-04,0,0,0,0,0,0,0,0,0,0,0,0.0059,0,0,0,0,0,0,0,0,0,7e-04,0,0.0073,0,0.0033,0,0,0,0,0,0,0.0013,0,0,5e-04,0,0,0,0,0.0403,0,0,0,0,0,0,0,0,0,0,0,0,0.0031,0,0,0,0,0,0,1e-04,0,0,0.0026,0,0,0,0,0,0,0,0,0,0,0.0092,0,0.0022,0.0019,0,0.0077,0,0,0,0.001,0,4e-04,0.1548,0,0,0.0807,0,0,0,0,0,0,0.0091,0,0,0,0,1e-04,0,0,6e-04,0,0.0078,0
0,0,0,0,0,0,0,0,0,0,0,0,0.0012,0,0.0214,0,0,0,0,0,0,0,0,0.0011,0,0.0335,0,0,0.0291,9e-04,0,0,0,0,0,0,0.0029,0,0,0,0,0,0,0.0067,0,0.0092,0,0,0,0,0,0,0,0,0,0,0,0,0,0,0,0,0,0,0,0,0,0,0,0,0,0,0,0,0,0,0,0,0,0,0,0,0,0,0,0,0,0,2e-04,0,0,0.0122,0.0051,0,0,0.0025,0,0,0,0,0,0,0,0,0.0014,0,0,0.0021,0,0,0,0,1e-04,0.1064,0,0,0,0,0.0067,0,0,0,0,1e-04,0.0231,0,0,0,0,0,0,0,0,2e-04,0,0,0.0046,0,0,0,0.0086,0,0,0,0,0,0,0,0,0,0,0,0,0,0,0,0,0,0,0,0,0,0,0,0,0,0,3e-04,0,0,0,0,0,0,0,0,0,0.0337,0,0,0,4e-04,0,0,0,0,0,0,0,0,0,0,0,0,0,0,0,0,0,0,0,0,0,0,0,0,0,0,3e-04,0.0023,0,0,0,0,0,0,0,0,0,0,0,0,0,0,0,0,0,0,0.0123,0,0,0,0,0,0,0,0,0,0,0,0,0,0,0,0,0,0,0,0,0,0,0,0,0,0,0,0,0,0,5e-04,0,0,0,0,2e-04,0,0,0,0,0.0032,0,0,0.0554,0,0,0,0,0,0,0.6067,0,0,0,0,0,0,0,0,0,0,0,0,0,0,0,0,0,0,0,0.0054,0
0,0,0,0,0,0,0,0,0,0,0,0,0,0.0174930027988804,0,0,0,0,0,0,0,0.00529788084766094,0,0,0,0.339464214314274,0,0,0,0,0.0324870051979208,0,0,0,0,0,0.000699720111955218,0.046781287485006,0,0,0,0,0,0.00849660135945622,0,0.00169932027189124,0,0,0.000899640143942423,0,0,0,0,0,0,0,0,0,0,0,0,0,0,0,0,0,0.00669732107157137,0,0,0,0.00169932027189124,0,0,0,0,0,0,0,0,0,0,0,0,0,0,0,0.0299880047980808,0,0,0.00329868052778888,0,0,0,0,0,0,0,0,0,0,0,0,0,0,0,0,0,0.0582766893242703,0,0,0,0,0,0,0,0,0,0,0.00119952019192323,0,0,0,0,9.99600159936026e-05,0,0,0.0179928028788485,0,0,0,0,0,0,0.000199920031987205,0,0,0,0,0,0,0,0,0,0,0,0,0,0,0,0,0,0,0,0,0,0,0,0,0,0.00309876049580168,0,0,0,0,0,0,0,0,0,0,0,0,0,0,0,0,0,0.0124950019992003,0.0039984006397441,0,0,0,0,0,0,0,0,0,0,0,0,0.00439824070371851,0.000199920031987205,0,0,0,0,0,0,0,0,0,0,0,0,0,0,0,0,0,0,0,0,0,0.00039984006397441,0,0.0146941223510596,0,0,0,0,0,0,0,0,0,0,0,0,0,0,0,0,0.0953618552578968,0,0,0,0,0,0,0,0,0,0,0,0,0,0,0,0,0,0,0,0,0,0,0.00129948020791683,0,0,0,0,0,0,0,0,0,0,0,0,0.105657736905238,0,0,0.0123950419832067,0,0,0,0,0,0,0.143542582966813,0,0,0.0201919232307077,0,0,0,0,0,0,0,0,0,0,0,0.00949620151939224,0,0,0,0,0,0
0.0001999600079984,0,0,0,0,0,0,0,0,0,0,0,0,0,0.00959808038392321,0,0,0,0,0,0.000499900019996001,0,0,0.0011997600479904,0,0.0318936212757448,0,0,0.0399920015996801,0.0020995800839832,0.0694861027794441,0,0,0.00719856028794241,0,0,0.0017996400719856,0,0,0,0,0,0,0,0,0,0,0,0.0010997800439912,0,0.0002999400119976,0,0,0,0.0182963407318536,0,0,0,0,0.0158968206358728,0,9.99800039992002e-05,9.99800039992002e-05,0,0,0,0.0115976804639072,0,0.000699860027994401,0.0731853629274145,0.00879824035192961,0,0,0,0,0,0,0,0,0,0,0,0,0,0,0.00329934013197361,0.0172965406918616,0,0,0,0.0001999600079984,0.018996200759848,0.000799840031993601,0,0,0.000399920015996801,0,0,0,0,0,0.000499900019996001,0,0,0,0,0,0.0941811637672466,0,0,0,0,0,0.0013997200559888,0,0,0,0,0.00909818036392721,0,0,0,0,0.0017996400719856,0,0,0,0,0,0,0.00359928014397121,0.000499900019996001,0,0,0,0,0.0173965206958608,0,0,0,0.00369926014797041,0,0,0,0,0,0,0,0,0,0,0,9.99800039992002e-05,0.0031993601279744,0.00829834033193361,0,0,0,0,0,0,0,0,0,0,0,0,0,0,0,0,0,9.99800039992002e-05,0,0,0,0.000799840031993601,0.00529894021195761,0,0,0,0,0,0,0,0,0,0,0,0,0,0.00829834033193361,0.0002999400119976,0,0,0,0,0,0,0,0,0,0,0.0667866426714657,0,0.0027994401119776,0,0,0.0001999600079984,0.0027994401119776,0,0,0,0,0,0,0,0,0,0,0.0111977604479104,0.0017996400719856,0,0,0,0,0,0,0,0,0,0,0,0.0191961607678464,0,0,0,0,0,0,0,0,0,0,0.00609878024395121,0.00859828034393121,0,0,0,0,0,0,0,0,9.99800039992002e-05,0.0002999400119976,0.000899820035992801,0,0,0,0,0,0,0.000799840031993601,9.99800039992002e-05,0,0,0,0,0.0183963207358528,0,0,0.0195960807838432,0,0,0,0,0,0,0.298140371925615,0,0,0.0362927414517097,0,0,0,0,0.0001999600079984,0,0,0,0,0,0,0,0,0,0,0,0.0120975804839032,0
0,0,0.000199900049975012,0,0.00529735132433783,0,0,0,0,0.00329835082458771,0,0,0,0.0275862068965517,0.00409795102448776,0,0.00149925037481259,9.99500249875062e-05,0,0.000199900049975012,0.00349825087456272,0.00309845077461269,0,0.000199900049975012,0,0.055472263868066,0,0,0.00199900049975012,0,0.000199900049975012,0,0,0.000399800099950025,0,0,0,0,0.00249875062468766,0,0.00509745127436282,0,0,0,0.00079960019990005,0,0,0,0,0,0,0.00149925037481259,0,0,0,0,0,0,0,0.000699650174912544,0,0.00949525237381309,0.00139930034982509,0,0,0.0105947026486757,0.00199900049975012,0.00219890054972514,0,0.000499750124937531,9.99500249875062e-05,0,0,0.032583708145927,0,0,0,0,0,0.000399800099950025,0,0.00739630184907546,0,0,0,0.000699650174912544,0,0,0,0,0,9.99500249875062e-05,9.99500249875062e-05,0,0.00269865067466267,9.99500249875062e-05,0,0,0,0.000599700149925037,0,0.0397801099450275,0,0,0.00149925037481259,0,0.00209895052473763,0.230884557721139,0.00749625187406297,0,0,0,0,0,0.000399800099950025,0,0,0.000699650174912544,0.00179910044977511,0,0,0,0,0,0.000199900049975012,0.0102948525737131,0,0,0,0.128235882058971,0,0.0241879060469765,0,0.000199900049975012,0.00239880059970015,0,9.99500249875062e-05,0,0,0,9.99500249875062e-05,0,0.000899550224887556,0,0,0,0,0,0,9.99500249875062e-05,0.00219890054972514,0,0.000199900049975012,0,0,0,0,0,0,0.0015992003998001,0,0,0,0,0,0,0,0,0,0,9.99500249875062e-05,0,0.00179910044977511,0,0,0,0,0,0.00989505247376312,0,0,0,0,0,0,0,0,0,0,0,0,0,0.000299850074962519,0.00189905047476262,0,9.99500249875062e-05,0,0.000299850074962519,0,0,0,0,0,0.000299850074962519,0,0.000199900049975012,0.000299850074962519,0,0.000499750124937531,0.00109945027486257,0.000199900049975012,0,0.000299850074962519,0,0,0,0,0,0.0185907046476762,0,0,0,0,0,0,0,0,0,0.000499750124937531,0,0.0201899050474763,0.000299850074962519,0,0.00589705147426287,0,0,0,0,0,0.00109945027486257,0,0,0.00329835082458771,0.0015992003998001,9.99500249875062e-05,9.99500249875062e-05,0,0,0,0,0.0227886056971514,0.000399800099950025,0,0,0,9.99500249875062e-05,9.99500249875062e-05,0,0,0,0,0,0,0,0,0,0,0,0,0.000299850074962519,0,0,0.0248875562218891,0,0.00399800099950025,0,0,0,9.99500249875062e-05,0.220489755122439,0,0,0.0031984007996002,0,0,0.000199900049975012,0,0,0.00329835082458771,0,0,0,0,0,0.00379810094952524,0,0.000199900049975012,0,0,0.00309845077461269,0
0,0,0.00179874088138303,9.9930048965724e-05,0.0124912561207155,0.00359748176276606,0.00969321474967523,0,0,0.00779454381932647,0.00779454381932647,0,0,0.00689517337863496,0.00159888078345158,0.000299790146897172,0,9.9930048965724e-05,0,0,0.000299790146897172,0.00879384430898371,0,0.000399720195862896,0,0.0213850304786649,0,0.00149895073448586,0.000299790146897172,0,0.0024982512241431,0,0,0.00279804137104027,0,0,0.01448985710003,0.000899370440691516,0.00329769161586889,0,0.00479664235035475,0,0,0.00199860097931448,0.00109923053862296,9.9930048965724e-05,0,0,0,0,0,0,0,0,0,0,0,0,0,0.000199860097931448,0,0.00449685220345758,0,0,0,0.00139902068552014,0.000199860097931448,0.00309783151793744,0,0,0,0,0,0.00359748176276606,0,0,0,0,0,9.9930048965724e-05,0,0.00769461377036075,0.0196862196462476,0,0,9.9930048965724e-05,0.00769461377036075,0,0.00239832117517738,0.0163885280303787,0.145398221245128,0,0.000799440391725792,0,0.00599580293794344,9.9930048965724e-05,0,0,0.00159888078345158,0,0,0,0,0,0,0,0,0.013390626561407,0.00439692215449186,9.9930048965724e-05,0,0,0,0.000699510342760068,0.000299790146897172,0.000199860097931448,0,0.000299790146897172,9.9930048965724e-05,0,0,0,0.00449685220345758,0,0.000699510342760068,0.0508643949235535,0,0,0,0.203057859498351,0,9.9930048965724e-05,0,0,0,0,9.9930048965724e-05,0,0,0,9.9930048965724e-05,0,0,0,0,0,9.9930048965724e-05,0,0,0,0.000299790146897172,0.00469671230138903,0,0,9.9930048965724e-05,0.00119916058758869,0,0,0,0.0106925152393325,0,0,0,0.0258818826821225,0,9.9930048965724e-05,0,9.9930048965724e-05,0,0,0.000299790146897172,0,9.9930048965724e-05,0,0,0,0,0.000199860097931448,0.00179874088138303,0,0,0,0,0,0.0053962226441491,0,0,0,0,9.9930048965724e-05,0,0.000199860097931448,0.000199860097931448,0,0,0,0,0,9.9930048965724e-05,0,0,0,0,0.00189867093034876,0,0.000599580293794344,0,0,0.000299790146897172,0,0,0,0,0,0.00329769161586889,0,0.000199860097931448,0,9.9930048965724e-05,0,0.0129909063655441,0.000399720195862896,0,0,0,0,0,0,0.00689517337863496,0.000199860097931448,0.0141900669531328,0,0,0.0891376036774258,0,0,0,0,0,0,0,0,0,0,0,0,0,0,0,0,0,0,0.00109923053862296,0,0.000699510342760068,0.00049965024482862,0.000199860097931448,0,0,0,0.000699510342760068,0,0,0,9.9930048965724e-05,0,0,0,0,0.0184870590586589,0,0,0.0070950334765664,0,0,0,0.000699510342760068,0,0.00279804137104027,0.135804936544419,0.000299790146897172,0,0.0112920955331268,0,0,0,0,9.9930048965724e-05,0.000199860097931448,0,0,0,0,0,0.0158888777855501,0,0.00099930048965724,0,0,0.0045967822524233,0
0,0,0,0,0.0524475524475524,0,9.99000999000999e-05,0.027972027972028,0,0.00709290709290709,0.0024975024975025,0,0,0,0.000599400599400599,0.0010989010989011,0.0014985014985015,0,0,0,0,0.0186813186813187,0.0036963036963037,0,0,9.99000999000999e-05,0,0,9.99000999000999e-05,0.0020979020979021,0,0,0,0.000899100899100899,9.99000999000999e-05,0,0.0003996003996004,9.99000999000999e-05,0,0,0.0102897102897103,0,0,0,0.0047952047952048,9.99000999000999e-05,0,0,0,0,0.0113886113886114,0.000999000999000999,0,0,9.99000999000999e-05,9.99000999000999e-05,0,0,0,0.0001998001998002,0.0115884115884116,0.0015984015984016,0.0036963036963037,0,0,0,0.0028971028971029,0.000599400599400599,0,0.0045954045954046,0.0003996003996004,0,0,0.0137862137862138,0,0,0,0,0.0002997002997003,0.0017982017982018,0,0,9.99000999000999e-05,0,0,9.99000999000999e-05,9.99000999000999e-05,0,0,0.0025974025974026,0,9.99000999000999e-05,0,0,0.0160839160839161,0,0,0,0,9.99000999000999e-05,0,0,0,0,0.0018981018981019,0,0.0004995004995005,0.0183816183816184,0,0,0.00859140859140859,0,0,0.00859140859140859,0,0,0,0,0.0104895104895105,0,0,0.0335664335664336,0,0,0.0004995004995005,0.11958041958042,0,0,0,0.0465534465534466,0,0.00789210789210789,0,0,0.0015984015984016,0,9.99000999000999e-05,0,0,0,9.99000999000999e-05,0,0.0018981018981019,0,0,0,9.99000999000999e-05,0.000799200799200799,0,9.99000999000999e-05,0.00749250749250749,0,0,0.0003996003996004,0,0,9.99000999000999e-05,0,0.0044955044955045,0,0,0,0,0,0,0,9.99000999000999e-05,0.000799200799200799,0,0.0001998001998002,9.99000999000999e-05,9.99000999000999e-05,9.99000999000999e-05,0,0,0,0,0.0002997002997003,0,0,0,0,0,0,0.0017982017982018,0,0,0,0,0,0,0.0050949050949051,9.99000999000999e-05,0.0002997002997003,0,0.000699300699300699,0,0,0,0,0,0.0001998001998002,0,0.000899100899100899,0.0001998001998002,0.0001998001998002,0,0,9.99000999000999e-05,0,0.0025974025974026,0,0,0,0.000799200799200799,0,9.99000999000999e-05,0.0030969030969031,0,0.0010989010989011,0,0,0,0,0,0,0.000799200799200799,0,0.00549450549450549,0,0.0017982017982018,0,0,0.000899100899100899,0,0,9.99000999000999e-05,0,0.0001998001998002,0,0,0,0,0,0.0001998001998002,0.0043956043956044,0,0,0,0,0,0.000699300699300699,0,9.99000999000999e-05,0,9.99000999000999e-05,0.0001998001998002,0,0.0011988011988012,0.050949050949051,0,0,0,0.0002997002997003,0,0.0001998001998002,0,0,0,0.121078921078921,9.99000999000999e-05,0,0.0677322677322677,0,0.0011988011988012,0,0,0,0,0.152547452547453,0,0,0.0828171828171828,0,0,0,0,0,0,0.003996003996004,0,0,0,0,9.99000999000999e-05,0,9.99000999000999e-05,0,0,0.0020979020979021,0
0,0,0.00219890054972514,0,0.0105947026486757,0,9.99500249875062e-05,0,0,0.0113943028485757,0.0190904547726137,0,0,0,0,0,0,0,0,0,0,0,0,0,0,0.0292853573213393,0,0,0,0,0.0305847076461769,0,0,0,0,9.99500249875062e-05,0.00209895052473763,0,0.0199900049975013,0,0.0103948025987006,0,0,0,0.00139930034982509,0.00129935032483758,0,0,0,0,0,0.00329835082458771,0,0,0,0,0,0.00149925037481259,0,0,0,0.000899550224887556,0,0,0,0.000599700149925037,0.0204897551224388,0.00669665167416292,9.99500249875062e-05,0,0,0,0,0,0.0144927536231884,0,0,0,0,0.00389805097451274,0,0.00839580209895052,0.00189905047476262,0,0,0,0,0,0.00259870064967516,0,9.99500249875062e-05,0,0.000299850074962519,0,0,0.015992003998001,0,0,0,0,0,0.0200899550224888,0,0.000299850074962519,0,9.99500249875062e-05,9.99500249875062e-05,0.00419790104947526,0.00529735132433783,0.00249875062468766,0,0,0,0,0.000599700149925037,0,0.0149925037481259,0.000399800099950025,0,9.99500249875062e-05,0,0.00459770114942529,0,0,0,0.130834582708646,0.00389805097451274,0,0,0.0366816591704148,0,0,9.99500249875062e-05,9.99500249875062e-05,0,9.99500249875062e-05,0.0433783108445777,0,0,0,0,0,0,0,0,0,0,0.00809595202398801,0,0,0,0,0,0,0,0,0,0,0,0.0120939530234883,0,0,0,9.99500249875062e-05,0.000299850074962519,9.99500249875062e-05,0,0,0,0,0,0,0,9.99500249875062e-05,0,0,0,0,0.0646676661669165,0,0,0,0,0,0,0,0,0,0.00919540229885057,0.000899550224887556,0,0,0,0,0.00859570214892554,0,0,0,0,0,0,0,0,0.0148925537231384,0.000499750124937531,0,0,0,0,0.00219890054972514,0,0,0,0,0,0,0.00629685157421289,0,0,0,0,0,0,0,0,0,0,0,0,0.000299850074962519,0,0,0,0.0243878060969515,0,0.000199900049975012,0,0,0,0,0,0,0,0,0,0,0,0,0,0,0,0,0,0,0,0,0,0,0,0.000999500249875062,0,0,0,0,0,0,0,0.000399800099950025,0,0,0,0,0.0243878060969515,0,0.000199900049975012,0,0,0,0.00079960019990005,0.331834082958521,0,0,0,0,0,0,0,0,0,0,0,0,0,0,0,0,0,0.000299850074962519,0,0,0
0,9.99900009999e-05,0,0,0,0,0,0,0.0073992600739926,0,0,0,0,0.0051994800519948,0.0003999600039996,0,0,0,0,0,0,0.0072992700729927,0,0,9.99900009999e-05,0.319368063193681,0,0,0.0001999800019998,0,0.0067993200679932,0,0,0,0,0,0.002999700029997,0.033996600339966,0,0,0,0,0,0.0105989401059894,0,0.0610938906109389,0,0,0,0,0,0,0,0,0,0,0,9.99900009999e-05,0,0,0,0.0006999300069993,0,0,0.0015998400159984,0,0,0,0,0,0,0,0,0.0006999300069993,0,0,0,0,0,0.018998100189981,0,0,0,0,0.010998900109989,0,0,0,0,0,0.0020997900209979,0,0,0,0,0,0,0,0.0058994100589941,0,0,0,0,0,0,0,0.0202979702029797,0,0,0,0,0,0,0.0064993500649935,0,0,0,0,0.0131986801319868,0,0,0,0,0,0.0440955904409559,0,0,0,0,0,0.0010998900109989,0.0052994700529947,0,0,0,0,0.0001999800019998,0,0,0,0.0012998700129987,0,0,0,0,0,0.000999900009999,0.0006999300069993,0,0,0.0014998500149985,0,0,0,0,0,0,0,0,0.0002999700029997,0,0,0,0,0,0,0,0,0,0,0,0,0,0,0,0,0,0.0121987801219878,0,0,0,0,0,0,0,0,0,0,0.0075992400759924,0,0,0.0117988201179882,9.99900009999e-05,0,0.0021997800219978,0,0,9.99900009999e-05,0,0,0,0,0,0,0,0,0,0,0,0,0,0,0,0,0,0,0,0,0.0442955704429557,0,0,0.0006999300069993,0,0,0,0,0,0,0,0,0.0194980501949805,0,0.0002999700029997,9.99900009999e-05,0,0,0,0,9.99900009999e-05,0.0002999700029997,0,0,0,0,0,0,0,0.0010998900109989,0,0,0.0010998900109989,0.0003999600039996,0,0,0.001999800019998,0,0.0010998900109989,0,0.0081991800819918,0.0240975902409759,9.99900009999e-05,0,0,0.0002999700029997,0,0,0,0,0,9.99900009999e-05,0,0,0.0007999200079992,0,0,0,0,0,0.0040995900409959,0.177782221777822,0,0,0.0221977802219778,0,0,0,0,9.99900009999e-05,0.0003999600039996,0.0088991100889911,0,9.99900009999e-05,0,0,0.0044995500449955,0,0.0001999800019998,0,0,0.050994900509949,0
0,0,0,0,0.0100989901009899,0.0098990100989901,0,0,0,0.0053994600539946,0.003999600039996,0,0,0,0,0.0064993500649935,0.0027997200279972,0,0,0,0,0.0154984501549845,0,0.0003999600039996,0,0.113088691130887,0.0004999500049995,0,0.0003999600039996,0,0.0007999200079992,0,0,0,0,0,0.000999900009999,0.0047995200479952,0,0,0.0044995500449955,0,0,0,0.0005999400059994,0.0003999600039996,0,0,0,0,0,0,0,0,0,0,0,0.0006999300069993,0.0002999700029997,0.0010998900109989,0.0021997800219978,0.0017998200179982,0.0027997200279972,0.0081991800819918,9.99900009999e-05,0,0.008999100089991,0.008999100089991,0,0.0113988601139886,0,0,0.0001999800019998,0.0020997900209979,0,0,0,0,0,0.0032996700329967,0,0.0033996600339966,0,0,0,0,0.0180981901809819,0,0.0020997900209979,0,0,0.0020997900209979,0,0,0.0076992300769923,0,0,0,0,0,9.99900009999e-05,0,0.0015998400159984,0,0,9.99900009999e-05,0,0.0013998600139986,0.0022997700229977,0.0020997900209979,0,0,0,0,0,0,0,0.0063993600639936,0.0048995100489951,0,0,0,0.0018998100189981,0,0,0.0827917208279172,0,0,0,0.138886111388861,0,9.99900009999e-05,0,9.99900009999e-05,0.0006999300069993,0,0.0005999400059994,0,0,9.99900009999e-05,9.99900009999e-05,0,0,0,0.0004999500049995,0,0.0001999800019998,0.0008999100089991,0,0,0.0008999100089991,0.0008999100089991,0,0.0025997400259974,0,0.0007999200079992,0,0,0,0,0,0,0,0.0583941605839416,0,0,0,0,0,0,0.001999800019998,0,9.99900009999e-05,0,0,0,0,0,0.0042995700429957,9.99900009999e-05,0,0,0,0,0,0,0,0,0,0,0.0001999800019998,0.0036996300369963,0,0,0,0,0,0,0,0,0,0,0,0,0,0.0180981901809819,0.0004999500049995,0,0,0.0033996600339966,0,0,0.0013998600139986,0.0006999300069993,0,0,0.0063993600639936,0.0084991500849915,0,0,0,0.0038996100389961,0,0,0,0,0,0,0,0.0001999800019998,0.0105989401059894,0,0,0.229277072292771,0,0,0.0002999700029997,0,0,0.000999900009999,0,0,0,0,0,0,0,0,0,0,0,9.99900009999e-05,0,0,0,0,0.0015998400159984,0,0,0,9.99900009999e-05,0,0,0.0008999100089991,0,0,0,0,0,0.0516948305169483,0.0018998100189981,0.0003999600039996,0.0297970202979702,0,0,0,0,0,0.0041995800419958,0.0121987801219878,0,0,0,0,0,0,0,0.0004999500049995,0.000999900009999,0.0033996600339966,0,0,0,0,0.0042995700429957,0,0,0,0,0.0175982401759824,0
0,0,0,0,0.00928329007785985,0,0.000299460970253544,0,9.98203234178479e-05,0,0.0120782591335596,0,0,0.000299460970253544,0,0,0.00429227390696746,0,0.0118786184867239,0,0,0.000399281293671391,0.000898382910760631,9.98203234178479e-05,0,0.000199640646835696,0.000299460970253544,0,0.00159712517468557,0.00419245358354961,9.98203234178479e-05,0,0,0.000598921940507087,0,0,0,0.0024955080854462,0.00199640646835696,0,0.00419245358354961,0,0,0,0,0.000299460970253544,0,9.98203234178479e-05,0,0,0.00499101617089239,0,0,0,9.98203234178479e-05,0,0,0,0,9.98203234178479e-05,0.00638850069874226,0.000299460970253544,0.00109802355759633,0,9.98203234178479e-05,0.000399281293671391,0.000598921940507087,0,0,0.00109802355759633,9.98203234178479e-05,0,0,0.000499101617089239,0,0,0,0,0,0.000299460970253544,0,0.0139748452784987,0.000199640646835696,0,0,0.000299460970253544,9.98203234178479e-05,0,0.00349371131962468,0.00169694549810341,9.98203234178479e-05,0.000698742263924935,0,0.000698742263924935,0,0,0,0,0,0,0,0,0,0.00159712517468557,0.000798562587342783,0,9.98203234178479e-05,0.00469155520063885,0.00209622679177481,0,0.000199640646835696,0,0,0.000998203234178479,9.98203234178479e-05,0,0,0.00209622679177481,0.000399281293671391,0,0,0,0.00209622679177481,0,9.98203234178479e-05,0.0573966859652625,0,0,9.98203234178479e-05,0.0365342383709323,0.000598921940507087,0.000299460970253544,0,9.98203234178479e-05,0.000199640646835696,0,9.98203234178479e-05,0,0,0,9.98203234178479e-05,0,0.000598921940507087,0,9.98203234178479e-05,0,9.98203234178479e-05,0,0,0,9.98203234178479e-05,0,0,0.000199640646835696,0,0,0,0,0.00309443002595328,0.000499101617089239,0,0,0,9.98203234178479e-05,0,0,9.98203234178479e-05,0,0,0,0,0,0.000399281293671391,0,0,0,0.000299460970253544,9.98203234178479e-05,0.00199640646835696,9.98203234178479e-05,0,0,0,0,9.98203234178479e-05,0,0,0,0,0,0,0.00139748452784987,0.000199640646835696,0,0,0,0,0,0,0,0.000798562587342783,0,0,9.98203234178479e-05,0,0.00139748452784987,0,0,0.000199640646835696,0.00119784388101417,0,0,0,0,9.98203234178479e-05,9.98203234178479e-05,0.00129766420443202,0.000299460970253544,0.000798562587342783,0.000299460970253544,0.000898382910760631,0.00119784388101417,0,9.98203234178479e-05,0,9.98203234178479e-05,0,0,9.98203234178479e-05,0.000898382910760631,0.000199640646835696,0,0,0.012477540427231,0,0.000299460970253544,9.98203234178479e-05,0,0,0.00908364943102416,0,0,0,0,0,0,0,0,0,0,0,9.98203234178479e-05,0.000199640646835696,0,9.98203234178479e-05,0,0,0.000499101617089239,9.98203234178479e-05,0,9.98203234178479e-05,0,9.98203234178479e-05,9.98203234178479e-05,0,0,0,0,0,0.74306248752246,0,0.000399281293671391,0.00648832102216011,0,0,0,0,0.000399281293671391,9.98203234178479e-05,0.00109802355759633,0,0,0.000399281293671391,0,0,0,0,0,9.98203234178479e-05,9.98203234178479e-05,0,0,0,0,9.98203234178479e-05,0.000499101617089239,0.000598921940507087,0,0,9.98203234178479e-05,0
0,0,0,0,0.00659538323173778,0.00769461377036075,9.9930048965724e-05,0,0,0.00479664235035475,0.011591885680024,0,0.0119916058758869,9.9930048965724e-05,0,0,0,0,0,0,0,0,0.00619566303587489,0,0,0.0306785250324773,0,0,0.0109923053862296,0,0,0,0,9.9930048965724e-05,0,0,9.9930048965724e-05,0.00269811132207455,0.00329769161586889,0,0.0327770560607575,0,0,0,0.000899370440691516,9.9930048965724e-05,0,0,0,0,0,0,0,0,0,0,0.00169881083241731,0,0,9.9930048965724e-05,0,0.0119916058758869,0.00799440391725792,0,0,0.00139902068552014,0,0.00099930048965724,0,0.00849405416208654,0,0,0.00219846107724593,0.00989307484760668,0,0,0,0,0,9.9930048965724e-05,0,0,0.00239832117517738,0,0.0132906965124413,0,0.00049965024482862,0,0.00559608274208054,0,0.144698710902368,0.00159888078345158,9.9930048965724e-05,0,0,0,0,0,9.9930048965724e-05,0,0,0.0504646747276906,0,0,0,0,0.000299790146897172,0.0138902768062356,0.00439692215449186,0,0.000799440391725792,0,0,0,0,0,0,0.00149895073448586,0,0,0,0,0.0197861496952134,0,0.000299790146897172,0.0656540421704807,0,0,0,0.190166883181773,0,0.00229839112621165,0,9.9930048965724e-05,0,0,0.00619566303587489,0,0,0,0.00149895073448586,0,0,0,0,0,0,0,0,0.00159888078345158,0.000699510342760068,0,0.000399720195862896,0,0,0,0,0,0,0.00369741181173179,0,0,0,0.0250824422903967,0,0,0,0,0,0.00319776156690317,0,0,9.9930048965724e-05,0,0,0,0,0.00399720195862896,0,0,0,0,0,0,0.00119916058758869,0,0,0,0,0.00219846107724593,0,9.9930048965724e-05,0.00239832117517738,0,0,0,0,0,0,0,0,0,0,0,0,0.00439692215449186,0,0,0,0.00269811132207455,0,0,0,0.000299790146897172,0.000799440391725792,0,0.00739482362346358,0,0.000199860097931448,0.000399720195862896,0,0,0,0,0,0,0,0,0.00239832117517738,0,9.9930048965724e-05,0,0,0.10632557209953,0,0,0,0,0,0,0,0,0,0,0,0,0.0268811831717798,0.00149895073448586,0,0,0.000399720195862896,0,0.000299790146897172,0,0.000799440391725792,0.0045967822524233,0,0,0.000299790146897172,0,0,0,0,0.00049965024482862,0,0,0,0,0,0.0120915359248526,0,0,0.0648546017787549,0,0,0,0,0,0.00149895073448586,0.00049965024482862,0,0,0.000899370440691516,0,0,0,0.00139902068552014,0,0.000399720195862896,0,0,0,0,0,0.000799440391725792,0,9.9930048965724e-05,0,0,0.0112920955331268,0
0,0,0,0,0,0,0.0029,0,0,0,0,0,0,0,5e-04,0,0,0,0,0,0,0,0,0,0,0.0115,0,0,0.0114,0.006,0,1e-04,0,0.0013,0,0,3e-04,0,3e-04,0,0,0,0.0091,0.0021,0,0.0131,0,0,0,0,0,0,0,0,0.0016,0,0,0,0,0.0161,0,6e-04,0,0,0,0,0.0468,1e-04,0,0,0,0,0,0,0,0.0161,0,0,0,0.0262,0,0,0.0041,0,0,0,0,0.002,0,0,0,0,0,0,0,0,0,0,5e-04,0,0,0,0,0,0.0013,0,0,0.2024,0.0035,4e-04,0,0,0,0,0,0,0,0,0.0223,0,0,0,0,1e-04,0.0033,0,0,0,0,0.004,0.0068,0.0012,0,0,0,0,0.0019,0,0,0,0,0,0,0,0,0,0,0,0,2e-04,0,0,0,0,0,0,0,0,0,0,0,0,0,1e-04,0,0,0,1e-04,0,0,7e-04,0,1e-04,0,0,0,0,0.0475,0,0,0,0,0,0,4e-04,0,0,0,0,0.0011,0,0.0183,0,0,0,0,0,0,0,0,0,0,0,0.0432,0,6e-04,0,0,1e-04,0,0.0123,0,0,3e-04,0,0,9e-04,0,0.0212,0.0105,0.0049,0,0,0,0,0,0,0,0.0083,0,0,1e-04,0,0.0166,0,0,0,0,0,0.0068,0,0,0,0,0,0,0,0,1e-04,0,0.0309,0,0,0,0,3e-04,0,0,0,0.0053,0,0,0,0,0,0,0,0,0.0037,0,0,0.0046,0.0237,0,0,0,0,0,0,0.2806,0,0,0.0258,0,0,0,0,0,0,0,0,0,0,0,1e-04,0,6e-04,0,0,0.0101,0
0,0,0,0,0.0113033910173052,0,0.000700210063018906,0,0,0.00380114034210263,0.00650195058517555,0,0,0,0.00220066019805942,0,0,0,0,0,0.00510153045913774,0.043813143943183,0.00490147044113234,0,0,0.0270081024307292,0,0,0,0,0.00340102030609183,0,0.000100030009002701,0.00330099029708913,0,0,0,0.00820246073822147,0.00260078023407022,0,0,0,0,0.00370111033309993,0.000800240072021606,0.000800240072021606,0,0,0.000300090027008102,0,0,0.000200060018005402,0,0.000200060018005402,0,0,0,0,0.000100030009002701,0.0272081624487346,0,0.0229068720616185,0.00200060018005402,0,0.000100030009002701,0.00220066019805942,0.00390117035110533,0,0,0.00800240072021607,0,0,0,0.0203060918275483,0,0,0,0,0.000900270081024307,0.0173051915574672,0,0.00800240072021607,0,0,0.0419125737721316,0.000100030009002701,0,0,0,0,0,0.000100030009002701,0,0,0.00860258077423227,0,0,0,0.00320096028808643,0,0,0,0,0,0.00210063018905672,0,0.00670201060318095,0.00240072021606482,0.0158047414224267,0,0.000600180054016205,0,0,0.00520156046814044,0.00210063018905672,0,0,0.000800240072021606,0.00890267080124037,0,0,0.0166049814944483,0.00230069020706212,0,0.000600180054016205,0.0763228968690607,0,0,0,0.139941982594778,0,0.000300090027008102,0,0,0.00130039011703511,0,0.00270081024307292,0,0,0,0.000100030009002701,0,0.000600180054016205,0,0.00740222066619986,0,0.000500150045013504,0.00280084025207562,0,0,0.000700210063018906,0.0142042612783835,0,0,0,0,0,0,0,0.00290087026107832,0,0,0,0.0250075022506752,0,0,0,0,0.000100030009002701,0,0,0,0,0,0,0,0,0.00310093027908373,0.0153045913774132,0,0.00890267080124037,0,0,0,0,0,0,0.000100030009002701,0,0,0,0.00360108032409723,0,0.00260078023407022,0,0,0,0,0,0,0.000900270081024307,0,0,0,0,0.00160048014404321,0.00110033009902971,0,0,0,0,0,0.00120036010803241,0,0.00210063018905672,0.000100030009002701,0.00830249074722417,0,0.000700210063018906,0.00110033009902971,0,0,0,0,0,0.00820246073822147,0,0,0.0158047414224267,0,0.022406722016605,0,0,0.073221966589977,0,0,0,0,0,0,0,0,0,0,0,0,0,0,0,0,0.110433129938982,0.000300090027008102,0.00100030009002701,0,0.000900270081024307,0,0,0,0.00730219065719716,0,0.00120036010803241,0,0,0.000200060018005402,0,0,0,0,0.00150045013504051,0.00160048014404321,0,0,0.00290087026107832,0,0,0,0,0,0,0,0,0,0.0258077423226968,0,0,0,0,0,0.00140042012603781,0,0,0,0.000500150045013504,0,0.00380114034210263,0.00490147044113234,0.00170051015304591,0.00730219065719716,0,0.0221066319895969,0
0,0,0,0,0.0151848151848152,0,9.99000999000999e-05,0,0,0.0102897102897103,0.0137862137862138,0,0,0,0,0,0,0,0,0,0,0,0.0018981018981019,0.0003996003996004,0,0.000799200799200799,0.002997002997003,0,9.99000999000999e-05,0.0021978021978022,0,0,0,0,0,0,0.000599400599400599,0.0220779220779221,0.0042957042957043,0.000699300699300699,0.00739260739260739,0,0,0,0.00839160839160839,0.003996003996004,0,0,0.0003996003996004,9.99000999000999e-05,0.0292707292707293,0,0,0,0,0,0,0,0,0,0,0.013986013986014,0.0026973026973027,0,0,0,0,0,0.000599400599400599,0,0,0,0.0004995004995005,0,0,0.0027972027972028,0,0,0,0,0,0,0.0254745254745255,0,0,9.99000999000999e-05,0,0,0,0,0,9.99000999000999e-05,9.99000999000999e-05,0,0,0,0,0,0,0,0,0,0,0,0,0,0,0.0017982017982018,0,0,0,0,0,0,0.0003996003996004,0,0.000999000999000999,0,0,0,0,0,0.0047952047952048,0.0001998001998002,0.0050949050949051,0,0,0,0,0.213886113886114,0,0.0354645354645355,0,0,0.0004995004995005,9.99000999000999e-05,9.99000999000999e-05,0,0,0,0,0,0,0,0,0,0,0,0,9.99000999000999e-05,0,0,0,0,9.99000999000999e-05,0,0,9.99000999000999e-05,0,0,0,0,0,0,0,9.99000999000999e-05,0,0,0,0,0,0,0.0001998001998002,0,0,0,0,0,0,0,0,0,0,0,0,0,0,0,0,0.0001998001998002,0,0.00949050949050949,9.99000999000999e-05,0,0,0,0,0,0,0,0,0,0,0,0,0,9.99000999000999e-05,0,0,0.000599400599400599,0,0,0,0,0,0,0,0,0.000699300699300699,0,0,0,0,0,0,0,0,0,0.0050949050949051,0,0,9.99000999000999e-05,0,0,0,0,0,0,0,0,0,9.99000999000999e-05,0,0,0,0,0,0,0,0,0,0,0,0,0,0,0,0,0,0,0,0,0,0,0,0,0,0,0,0.0024975024975025,0,0,0.0010989010989011,0.0226773226773227,0.000699300699300699,0,0,0,0,0.52017982017982,0,0,0,0,0,9.99000999000999e-05,0,0,0,0,0,0,0,0,0.000999000999000999,0,0,0,0,0,0
0,0,0,0,0.0142971405718856,0,0,0,0,0.017996400719856,0,0,0,0,0,0,0,0,0,0,0,0.0190961807638472,0.0010997800439912,0,0,0.000599880023995201,0,0,0,0.00769846030793841,0.000899820035992801,0,0,0,0,0,0.00499900019996001,0.00379924015196961,0.00339932013597281,0,0,0,0,0,0.000899820035992801,0.0344931013797241,0,0,0,0,0.0292941411717656,0,0,0.000399920015996801,0.000699860027994401,0,0,0,0.0002999400119976,0,0,0,0,0,0,0,0.00709858028394321,0,0,0,0,0,0,0,0,0,0,0,0,0,0,0,0.00519896020795841,0,0,0,9.99800039992002e-05,0,0,0,0,0,0,0,0.00799840031993601,0,0,0,0,0,0,0,0,0,0,0,0,0.00399920015996801,0.017996400719856,0.00339932013597281,0,0,0,0,0,0,0,0,0,0,0,0.0017996400719856,0.0101979604079184,0,0.0017996400719856,0.260447910417916,0,0,0,0.16996600679864,0.0125974805038992,0.000699860027994401,0,0,0,0.0013997200559888,0,0,0,0,0,0,0,0,0,0,0,0,0,0,0,0,0,0,0,0,0,0,0,0.0125974805038992,0,0,0,0,0,0,0,0,0,0,0,0,0,0,0,0,0,0,0,0,0,0,0,0,0,0,0,0,0,0,0,0.00449910017996401,0,0,0,0,0,0,0,0,0,0,0,0,0,0,0.0010997800439912,0,0,0,0,0,0,0,0,0,0,0,0,0,0,0,0,0,0,0,0,0,0.0120975804839032,0,0,0,0,0,0,0,0,0,0,0,0,0,0,0,0,0,0,0,0,0,0,0,0,0,0,0,0,0,0,0.00589882023595281,0,0,0,0.000399920015996801,0,0,0.000999800039992002,0.0165966806638672,0,0.107578484303139,0,0,0.0010997800439912,0,0,9.99800039992002e-05,0,0,0,0.173865226954609,0,9.99800039992002e-05,0.0160967806438712,0,0,0,0,0,0,0,0,0,0,0,0.0022995400919816,0,0,0,0,0,0
0,0,0,0,0,0,0.0001999800019998,0,0,0,0,0,0,0,0.0015998400159984,0,0,0,0,0,0,0.0035996400359964,0,0,0,0.254474552544746,0.0003999600039996,0,0,0.0016998300169983,0,0,0.0023997600239976,0,0,0,0.0003999600039996,0.0183981601839816,0,0,0,0,0,0.028997100289971,0,0.040995900409959,0,9.99900009999e-05,0,0,0.0003999600039996,0,0,0,0,0,0,0,0,0.0118988101189881,0,0,0,0,0,0,0.0094990500949905,0,0.0006999300069993,0,0,0,0,0.021997800219978,0.0004999500049995,0,0,0,0,0.0027997200279972,0,0.0052994700529947,0.0006999300069993,0,0,0,0.0054994500549945,0,0,0.0120987901209879,0,0.0013998600139986,0,0,0,0,0,0,0,0,0,0,0,0,0,0,0,0.0305969403059694,0,0,0,0,0,0,0,0,0,0,0.0054994500549945,0,0,0,0,0.0002999700029997,0.0070992900709929,0,0,0,0,0,0,0,0,0,0,0.0020997900209979,0.0023997600239976,0,0,9.99900009999e-05,0,0,0,0,0,0,0,0,0,0,0,0.0253974602539746,0,0,0.0004999500049995,0,0,0,0,0.0064993500649935,0.0027997200279972,0,0,0,0,0,0,0,0,0.0015998400159984,0,0,0.0040995900409959,0,0,0,0,0.0164983501649835,0,0,0,0,0,0,0,0,0.0011998800119988,0,0,0,0.0004999500049995,0.0074992500749925,0,0,0,0,0,0,0,0,0,0,0,0,0,0.0042995700429957,0,0,0,0,0.0001999800019998,0,0,0,0.0031996800319968,0,0.0103989601039896,0,0.0016998300169983,0,0,0,0,0,0,0,0,0,0.017998200179982,0.0024997500249975,0.0281971802819718,9.99900009999e-05,0,0,0,0,0,0,0,0,0,0,0,0,0,0.0017998200179982,0.0031996800319968,0,0,0,0,0,0.0005999400059994,0,0.0004999500049995,0.0008999100089991,0.0025997400259974,0,0,0.0005999400059994,0,0,0,0,0,0,0,0,0,0.0021997800219978,0,0,0,0,0,0,0,0,0,0.340565943405659,0,0,0,0,0,0,0,0,0.0075992400759924,0,0,0,0,0,0,0.0001999800019998,0,0,0,0.0298970102989701,0
0,0,0,0,0.00759316615046458,0,9.99100809271655e-05,0.00969127784993506,0,0.0123888500349685,0.00519532420821261,0,0,0,0.00189829153761615,0,0,0,0,0,0,0.00829253671695474,0.0025976621041063,0,0,0.0210810270756319,0,0,0,0,0,0,0.000299730242781497,0,0,0,0,0.00089919072834449,0,0,0,0,0,0.000499550404635828,0.000699370566490159,9.99100809271655e-05,0,0,0,0,0.00279748226596064,0,0,0,0,9.99100809271655e-05,0,0,0,0.0272754520931162,0.00299730242781497,0.00419622339894095,0.00129883105205315,0.000399640323708662,0.00189829153761615,0.000299730242781497,0,0,0,0.00189829153761615,0.000199820161854331,0,0,0.0134878609251673,0,0,0,0,0.000299730242781497,0.015685882705565,0,0.00159856129483465,0.00409631331801379,0,0,0,0,0,0.00189829153761615,0,9.99100809271655e-05,9.99100809271655e-05,0,0,0.000699370566490159,0,0,0,9.99100809271655e-05,0,0,0,0,0,0,0,0,0.319812169047857,0.00379658307523229,0,0.000399640323708662,0,0,0,0,0,0,0.00139874113298032,0,0,0,0,0,0,0.000599460485562993,0.0403636726945749,0,0,0,0.0353681686482166,0,0.00939154760715356,0,0,0.000299730242781497,9.99100809271655e-05,0,0,0,0,0,0,0.000799280647417324,0.000199820161854331,0,0,0,0,0,0,0.000799280647417324,0,0,0.00139874113298032,0,0,0,0,0,0.0025976621041063,0,0,0,9.99100809271655e-05,0,0,0,0,0,0,0,0,9.99100809271655e-05,0,0,0,0,0.00179838145668898,0.0465580977120591,9.99100809271655e-05,0,0,0,0.00209811169947048,9.99100809271655e-05,0,0,0,0,0,0,0.000299730242781497,0,0.00139874113298032,0,0,0,0,0,0,0,0,0,0.0695374163253072,0.0898191627535218,0.00219802178039764,0,0,9.99100809271655e-05,9.99100809271655e-05,0,0,0,0,0.000299730242781497,0,0.0101908282545709,0.000299730242781497,0.00369667299430513,0.000599460485562993,0.00089919072834449,0.00279748226596064,0,0,0,0,9.99100809271655e-05,0,0.00469577380357678,0,0.00699370566490159,0,0,0.00669397542212009,0,0,0.000199820161854331,0,0,0,0,0,0,0,0,0,0,0,0,0,0,0,0.00109901089019882,0,0.00209811169947048,0,0,0,0,0,0.000299730242781497,0,0,0,0,0,0,0,0,0.00809271655510041,0.000399640323708662,0,0.000599460485562993,0,9.99100809271655e-05,0,0,0,0,0.138575282245979,0,0,0.00599460485562993,0,0,0,0,0,0.00339694275152363,0.00169847137576181,0,0,0,0,0.00989109801178939,0.00229793186132481,0.000199820161854331,0,0,0.00339694275152363,0
0,0,0,0,0.0506898620275945,0.00599880023995201,0.000899820035992801,0,0,0.00739852029594081,0.0026994601079784,0,0,0,0,0,0.0580883823235353,0,0,0,0,0.013497300539892,0.00949810037992401,0,0,0.0137972405518896,0.00439912017596481,0.0138972205558888,0.00599880023995201,0,0,0,0,0,0,0,0,0,0,0,0.00729854029194161,0,0,0,0.0122975404919016,0.0010997800439912,0,0,0,0,0,0,0,0.0001999600079984,9.99800039992002e-05,0,0,0,0.000499900019996001,0.001499700059988,0,0,0,0,0,0.0225954809038192,0,0,0,0,0,0,0,0,0,0.00949810037992401,0,0,0.0002999400119976,0,0,0.00429914017196561,0,0,0,0,0,0,0,0,0,0,0,0,0.00579884023195361,0,0.0015996800639872,0,0,0,0,0.0933813237352529,0,0,0,0,0,0.0922815436912617,0.02999400119976,0,0,0.0001999600079984,0,0,0,0,0,0.000499900019996001,0,0,0,0,0.0013997200559888,0,0.00799840031993601,0.021995600879824,0,0,0.0002999400119976,0.0486902619476105,0.0018996200759848,0,0,0,0.00509898020395921,0,0.0001999600079984,0,0.0108978204359128,0,0.0514897020595881,0,0.00389922015596881,0,0,0,0,0.0105978804239152,0,0,0,0,0.0002999400119976,0,0,0,0,0.000399920015996801,0,0.0001999600079984,0,0,0,0,0,0,0,0,0,0.000499900019996001,0,0,0,0,0,0,0,0,0,9.99800039992002e-05,0,0,0,0,0,0,0.0002999400119976,0,0,0,0,0,9.99800039992002e-05,0,0,0,0,0,0,0,0,0,0,0.00659868026394721,0,0.013497300539892,0,0,0,0.001499700059988,0.000699860027994401,0,0,0,0.0001999600079984,0,0,0.000599880023995201,0.00789842031593681,0,0,0,0,0,0,0,0,0,0,0,0,0,0,0.0609878024395121,0,0,0,0,0,0,0,0,0,0,0,0,9.99800039992002e-05,0,0,0,0,0,9.99800039992002e-05,0,0,0.0364927014597081,0,0,0,0.000699860027994401,0,0,0,0,0,0,0,0,0,0.0723855228954209,0,0,0.158368326334733,9.99800039992002e-05,0,0,0,0,9.99800039992002e-05,0.000499900019996001,0,0.000899820035992801,0.000999800039992002,0,0,0,0,0,0,0.000599880023995201,0,0,0,0,0,0,0,0,0,0,0
0,0,0,0,0.018087338862796,0,9.9930048965724e-05,0,0,0,0.00619566303587489,0,0,0,0.000399720195862896,0,0,0,0,0,0,0.0169881083241731,0.00179874088138303,0.000199860097931448,0,0.00519636254621765,0,0,9.9930048965724e-05,0,0.00509643249725192,0,0,0,0,0,0,0.00139902068552014,0.00509643249725192,0,0.00579594284001199,0,0,0,0.00409713200759468,0,0,0,9.9930048965724e-05,0,0,0,0,0,0,0,0,0.000299790146897172,0,0.0095932847007095,0.0110922354351954,0,0.00129909063655441,0,0.000799440391725792,0,0.000799440391725792,0.00049965024482862,0,0.0106925152393325,0,0,0.000599580293794344,0,0,0,0,0,0.00149895073448586,0.00179874088138303,0,0.00669531328070351,0,0,0,0,0,0,0,0,0,9.9930048965724e-05,0,0,0,0,0,0,0,0,0,0,0.00129909063655441,0,0,0,0,0.00949335465174378,0,0.00449685220345758,0,0,0,0,0,0,0.0502648146297592,0,0,0,0,0,0.00119916058758869,0,0,0.0989307484760668,9.9930048965724e-05,0,0,0.149895073448586,0,9.9930048965724e-05,0,0,0.00409713200759468,0,9.9930048965724e-05,0,0,0,9.9930048965724e-05,0,0.00229839112621165,0,0.000399720195862896,0,9.9930048965724e-05,0,0,0.000199860097931448,0.00269811132207455,0,0,9.9930048965724e-05,0.000199860097931448,0,0,0,0,0,0,0,0,0.0874387928450085,0,0,0,9.9930048965724e-05,0,0,0.000799440391725792,0,0,0,0,0,0,0,0.000699510342760068,0,0,0,0,0,0,9.9930048965724e-05,0,0,0,0,0,0.00949335465174378,9.9930048965724e-05,0,0,0.000199860097931448,0,0,0,0,0,0,0,0,0,0,0,0,0.000199860097931448,9.9930048965724e-05,0,0,0,0,0,0,0.00379734186069751,0,0,0,0.002897971420006,0.00739482362346358,0,0,0,0,0,0,0.00259818127310882,0,0.0123913260717498,0,0,0.0105925851903667,0,0,0,0.000299790146897172,0,0.00199860097931448,0,0,0,0,0,0.00319776156690317,0,0,0,0,0,0,0.00139902068552014,0,0,0,0,0,0,0,0,0,0,0.000599580293794344,0,0.000199860097931448,0,0,0.000699510342760068,0.0636554411911662,0,0,0.0125911861696812,0,9.9930048965724e-05,0,0,0,0,0.277205955830918,0,9.9930048965724e-05,0.055760967322874,0,0,0,0,9.9930048965724e-05,0,0,0,0,0,0,0,0,0.000699510342760068,0,0,0,0
0,0,0.000997904400758407,0.000498952200379204,0.0121744336892526,0.0026943418820477,9.97904400758407e-05,0.0120746432491767,9.97904400758407e-05,0.0053886837640954,0.0058876359644746,0,0.00329308452250274,0.00478994112364036,0.00239497056182018,0,0.000798323520606726,9.97904400758407e-05,0.00778365432591558,0,9.97904400758407e-05,0.0115756910487975,0,0,0,0.047001297275721,0.000399161760303363,0,0.00119748528091009,0,0.00389182716295779,0,0,0.000997904400758407,0,0,0,0.000698533080530885,0.00289392276219938,0,0.00409140804310947,0,0,0,0.00608721684462629,0.00329308452250274,0,9.97904400758407e-05,0,0,0.00189601836144097,0.000498952200379204,0.000399161760303363,0,0,9.97904400758407e-05,0,0,0,0.000399161760303363,0.00598742640455044,0.00329308452250274,0.00109769484083425,0,0,0.00109769484083425,0.0166650034926654,0.00209559924159266,0.00908093004690151,0.00768386388583974,0.000199580880151681,0,0.000399161760303363,0.0026943418820477,0,0,0,9.97904400758407e-05,9.97904400758407e-05,0.000399161760303363,0,0.00698533080530885,0.000798323520606726,0,0.0174633270132721,9.97904400758407e-05,0,0,0,0.029438179822373,0,0.000199580880151681,9.97904400758407e-05,0,0,0,0,0,0.0195589262548648,9.97904400758407e-05,0,0.00888134916674983,0,0.00119748528091009,0.000898113960682567,0,9.97904400758407e-05,0.0031932940824269,0.00788344476599142,0.00149685660113761,0,0,0,0.00399161760303363,0.000299371320227522,0,0.00169643748128929,0.000399161760303363,9.97904400758407e-05,9.97904400758407e-05,0.0196587166949406,0,0,0,0.00119748528091009,0.0397165951501846,0,0,0,0.144097395469514,0.0345274922662409,0.000598742640455044,0,0.000199580880151681,0,0,9.97904400758407e-05,0,0.000199580880151681,0,9.97904400758407e-05,0,0.000498952200379204,0,0,0,0.000299371320227522,0.00389182716295779,0,0,0.00119748528091009,0.00129727572098593,0,0.00149685660113761,0,0,0,0,0,0.0167647939327412,0,0,0.000299371320227522,0,9.97904400758407e-05,0,0,0,0,0,0.000399161760303363,0,0,0,0,0,9.97904400758407e-05,0.00229518012174434,0.00129727572098593,0.000299371320227522,0,0,0,0,9.97904400758407e-05,0.000898113960682567,0,0,0,0,0,0.00419119848318531,9.97904400758407e-05,0.00129727572098593,0.0021953896816685,0,0,0.000199580880151681,0,0,0,0,0,0,0,0.000399161760303363,0,0,0,0,0,0,0,0,9.97904400758407e-05,0,0.00359245584273027,0.00778365432591558,9.97904400758407e-05,0,9.97904400758407e-05,0.00299371320227522,0,0,0,0.000399161760303363,0,0,0.00518910288394372,0,0.00119748528091009,0,0,0.0703522602534677,0,0,9.97904400758407e-05,0,0,0.000199580880151681,0,0,0.0104779962079633,0,0,0,0,9.97904400758407e-05,0,0.00379203672288195,0.000798323520606726,9.97904400758407e-05,9.97904400758407e-05,0,0.00159664704121345,9.97904400758407e-05,9.97904400758407e-05,9.97904400758407e-05,9.97904400758407e-05,0.000199580880151681,0.000598742640455044,0,0.000299371320227522,0.000199580880151681,0.000199580880151681,0,0,0,0.000498952200379204,0.00149685660113761,0,0.000299371320227522,0.0262448857399461,0,0.000898113960682567,0,9.97904400758407e-05,0.000199580880151681,0.000199580880151681,0.246582177427402,9.97904400758407e-05,0,0.0136712902903902,9.97904400758407e-05,0,0,0,9.97904400758407e-05,0.00149685660113761,0.000598742640455044,0,0,0,0,0.0120746432491767,0,0.000299371320227522,0,0,0.00349266540265443,0
0,0,0,0,0,0,0,0.00250075022506752,0,0.000600180054016205,0,0,0.000100030009002701,0.00710213063919176,0.00140042012603781,0,0,0,0,0.00190057017105132,0.00730219065719716,0.00710213063919176,0,0.000300090027008102,0,0.163949184755427,0,0,0.00760228068420526,0.00120036010803241,0,0,0,0.00620186055816745,0,0,0.00100030009002701,0.0138041412423727,0.000600180054016205,0,0,0,0,0.00100030009002701,0,0,0,0.00120036010803241,0.000100030009002701,0,0.000100030009002701,0,0,0,0.00260078023407022,0,0,0,0,0.0249074722416725,0.000400120036010803,0,0,0,0,0,0.00170051015304591,0,0,0.00500150045013504,0.00460138041412424,0,0.000100030009002701,0,0,0.000200060018005402,0.000300090027008102,0,0,0.00400120036010803,0,0.000100030009002701,0,0,0.0119035710713214,0,0,0,0,0.00290087026107832,0.0143042912873862,0.00110033009902971,0.000400120036010803,0,0,0,0,0,0.00270081024307292,0,0,0,0.000100030009002701,0,0,0.00260078023407022,0,0.339101730519156,0,0.00250075022506752,0,0,0.00100030009002701,0,0,0,0,0,0.00610183054916475,0,0,0,0,0,0,0,0,0,0,0,0,0.0314094228268481,0.00750225067520256,0,0,0,0.0566169850955287,0.000400120036010803,0,0,0.00260078023407022,0,0,0,0,0,0.00600180054016205,0.000800240072021606,0,0,0.000700210063018906,0,0,0,0.000100030009002701,0,0,0,0.026407922376713,0.000300090027008102,0,0,0,0,0,0,0,0,0,0,0.000500150045013504,0,0,0,0,0,0,0,0.0106031809542863,0,0,0,0,0,0,0,0,0,0,0,0,0.00310093027908373,0.000200060018005402,0.000700210063018906,0,0,0,0,0,0,0,0,0,0.109832949884965,0,0.00170051015304591,0,0,0,0.000200060018005402,0,0,0,0.00100030009002701,0.00470141042312694,0,0.00760228068420526,0.0181054316294888,0.000200060018005402,0,0,0,0,0,0,0,0.000400120036010803,0,0.0104031209362809,0,0,0,0,0.00330099029708913,0,0,0,0,0.000100030009002701,0.000300090027008102,0,0.000100030009002701,0,0,0.000100030009002701,0,0,0,0,0,0.000500150045013504,0,0,0,0.00530159047714314,0.000200060018005402,0.000100030009002701,0,0,0,0.000300090027008102,0.00290087026107832,0.00100030009002701,0,0,0,0,0,0.000500150045013504,0,0,0,0.0100030009002701,0,0,0,0,0,0,0,0.000100030009002701,0,0.00810243072921877,0,0,0,0,0.000100030009002701,0.00150045013504051,0,0,0,0,0,0,0,0.000100030009002701,0,0,0.00960288086425928,0
0,0,0,9.9930048965724e-05,0,0,9.9930048965724e-05,9.9930048965724e-05,0,0,0,0,0,0.0164884580793445,0.00239832117517738,0,0,0,0.000199860097931448,0,0,9.9930048965724e-05,0,0.0020985310282802,0,0.0810432697112022,0,0,0.00049965024482862,0,0,0,0,0.000299790146897172,0,0,0.00399720195862896,0,0,9.9930048965724e-05,0,0,0,0,0,0.000599580293794344,0,0,0,0,9.9930048965724e-05,0,0,0,0.000299790146897172,9.9930048965724e-05,0,9.9930048965724e-05,0,9.9930048965724e-05,9.9930048965724e-05,9.9930048965724e-05,0,0.000199860097931448,0,0,0.00569601279104627,0,0,0.0155890876386529,0.00149895073448586,9.9930048965724e-05,0,0,0,0,0,0,0,0.000299790146897172,0,9.9930048965724e-05,0.02897971420006,0,0.000699510342760068,0.000699510342760068,0,0,0,0,0,0.0053962226441491,0,0,0,0,0,0,0.00219846107724593,0,0,0,0,0,0,0,0,0.334465873888278,0,0,0,0,0,0.000399720195862896,0,0,0,0,0.000299790146897172,0,0,0,0,9.9930048965724e-05,0.0132906965124413,0,0,0,0,0,0,0,0,0,0,0,0.00179874088138303,0,0,0,0.0564604776656341,0,0,0,0.0139902068552014,0,0.000399720195862896,0.000399720195862896,0,0,9.9930048965724e-05,0,0,0.00049965024482862,0,0,0,0,0.00119916058758869,0.00909363445588088,0,0.000399720195862896,0,0,0,0,0,0.000199860097931448,0,0,0,0,9.9930048965724e-05,0,0,0,0.000299790146897172,0.000199860097931448,0.000299790146897172,9.9930048965724e-05,0,0,0,9.9930048965724e-05,9.9930048965724e-05,0,0,0,0,0,0.000799440391725792,0,0,0.000199860097931448,0.00129909063655441,0,0,0,0,0,0,0,0,0.0943339662236435,0,0.00099930048965724,9.9930048965724e-05,0,0,0,0,0,0.00129909063655441,0,9.9930048965724e-05,9.9930048965724e-05,0,0.00049965024482862,0,0,0.0105925851903667,9.9930048965724e-05,0,0,0,0,9.9930048965724e-05,0,0,9.9930048965724e-05,0.00099930048965724,9.9930048965724e-05,0,0.0679524332966923,0,0,0,0,0,0.0024982512241431,0,0,0,0,0,0,0,0,0,0,0,0.000199860097931448,0,0,0,0,0.000699510342760068,0,0,0.00179874088138303,9.9930048965724e-05,0,0.000399720195862896,0.000299790146897172,0,0,0,0,0,0.0153892275407215,0.000599580293794344,0,0.0936344558808834,0,0,0,0,0,9.9930048965724e-05,0.0924352952932947,0,0,0.000299790146897172,0,0,0.00189867093034876,0,0,0.000299790146897172,0.000799440391725792,0,0,0,0,0,0.00319776156690317,0,0,0,0.000899370440691516,0
9.98502246630055e-05,0,0,0,0.00519221168247629,0,9.98502246630055e-05,0,0,0.0143784323514728,0.00269595606590115,0.00419370943584623,0,0.0071892161757364,0.00309535696455317,0,0,0,0,0,0.00698951572641038,0.0144782825761358,0,0,0,9.98502246630055e-05,0.000499251123315027,0,9.98502246630055e-05,0.00279580629056415,0.00289565651522716,0,0,0.00229655516724913,0,0,0.00249625561657514,9.98502246630055e-05,0.00688966550174738,0,0.00499251123315027,0,0,0.000199700449326011,0.00229655516724913,9.98502246630055e-05,0,0,0,0,0,0,0,9.98502246630055e-05,0,0,0.00169745381927109,0,0,0.0169745381927109,0,0.00349475786320519,0.00109835247129306,0,0,0,0.000698951572641038,0.000299550673989016,0,0.00489266100848727,0.000299550673989016,0,0.00139790314528208,0.0102845731402896,0,0,0.000199700449326011,0,0,0.00139790314528208,0,0,9.98502246630055e-05,0,0.128407388916625,0,9.98502246630055e-05,0,0.00489266100848727,0.00279580629056415,0,0.000199700449326011,9.98502246630055e-05,0,0.000299550673989016,0,0,0,0.000499251123315027,0,0,0.00249625561657514,0,0,0.000898652021967049,0,0,0.071992011982027,0.0143784323514728,0,0,9.98502246630055e-05,0,9.98502246630055e-05,0,0,0,0,0.000798801797304044,9.98502246630055e-05,0,0,0.0290564153769346,0,9.98502246630055e-05,0.0129805292061907,0,0,0,0.136195706440339,0,9.98502246630055e-05,0,9.98502246630055e-05,0.000399400898652022,0,9.98502246630055e-05,0.000299550673989016,0,0,0,0,0.000898652021967049,0,0,0,0,0,0,0.000399400898652022,9.98502246630055e-05,0.000199700449326011,0,0,9.98502246630055e-05,0,0,0,0,0.00309535696455317,0,0,0,0.090564153769346,0,0,0,0,0,0,0,0.00569146280579131,0,0,0,0,0,0.0118821767348977,0,0,0,0,0,0.000199700449326011,0,0,0,0,0,0,0,0.00159760359460809,9.98502246630055e-05,0,0,0.00169745381927109,0.000399400898652022,9.98502246630055e-05,0,0,0,0,0,0.000199700449326011,0,0,0,0,0.000399400898652022,9.98502246630055e-05,0,0,0,0.000199700449326011,0.00119820269595607,0,0.00858711932101847,0.0132800798801797,0.00708936595107339,0.000599101347978033,0,9.98502246630055e-05,0,0,0,0.00519221168247629,0,0,0.00319520718921618,0,0.0071892161757364,0,0,0.0154767848227659,0,0,0,0,0,0,0,0.00649026460309536,0,0,0,0,0,0,0,0,0.0580129805292062,0,0,9.98502246630055e-05,0.00279580629056415,0.000199700449326011,0,0,0.000698951572641038,0,0,0,0,0.000399400898652022,0.000199700449326011,0,0,0,0,0.0493260109835247,0,0.000698951572641038,0.00788816774837743,0,0.000499251123315027,0,0,0,0.000798801797304044,0.126410384423365,0,0,0.00748876684972541,0,0,0,0,0,0,9.98502246630055e-05,0,0,0,0,0.017973040439341,0,0.000399400898652022,0,0,0.00339490763854219,0.00169745381927109
0,0,0,0,0,0,0,0,9.99500249875062e-05,0.0273863068465767,0,0,0,0,0.00259870064967516,0,0,0,0,0.00409795102448776,0,0.023888055972014,0.00299850074962519,0.000399800099950025,0,0.0285857071464268,0,0,0,0,9.99500249875062e-05,0,0,0.00569715142428786,0,0,0,0,0,0,0.00649675162418791,0.00199900049975012,0,0.000999500249875062,0,0.00179910044977511,0,0,0,9.99500249875062e-05,0.0377811094452774,0,0,0,0.00469765117441279,0,0,0,0.00229885057471264,0.00899550224887556,0.00659670164917541,0.00349825087456272,0.00269865067466267,0,0,0,0.00179910044977511,0.000499750124937531,0,0.00229885057471264,0,0,0,0.00409795102448776,0,0,0,0,0,0.0205897051474263,0,0,0,0,0,0,0.00189905047476262,0,0,0,0,0,9.99500249875062e-05,0,0.0148925537231384,0.000499750124937531,0,0,0,0,9.99500249875062e-05,0,0,0,0.00109945027486257,0,9.99500249875062e-05,9.99500249875062e-05,0.0266866566716642,0,0,0,0,0,0,0,0,0,0.00249875062468766,9.99500249875062e-05,0,0,0,0,0,0.0958520739630185,0.0848575712143928,0,0.00269865067466267,0.102448775612194,0.0145927036481759,0.000899550224887556,0,0,0,0,9.99500249875062e-05,0.000399800099950025,0,0,0,0,0.00179910044977511,0,0,0,0,0.00709645177411294,0,0,0.00289855072463768,0,0,0,0,0,0,0,0.00079960019990005,0.0147926036981509,0,0,0,0.0227886056971514,0.000299850074962519,0,0,0.000599700149925037,0,0,0.000499750124937531,0,0,0,0,0,0,0.024487756121939,0.00309845077461269,0,0,0,0,0.000199900049975012,0,0,0,0,0,0,0,0.0339830084957521,0,9.99500249875062e-05,0,0,0,0,0,0,0,0,0,0.0401799100449775,0,0.0261869065467266,0,0,9.99500249875062e-05,0,0,0,0.00279860069965018,0,0.00209895052473763,0,0.00389805097451274,0.00449775112443778,0,0,0,0.00259870064967516,0,0.00139930034982509,0,0,0,0,0.00209895052473763,0.000399800099950025,0.0380809595202399,0,0,0.0281859070464768,0,0,0,0,0,0,0,0,0.00949525237381309,0,0.000499750124937531,0.000299850074962519,0,0,0,0,0,0,0,0,0,0.0368815592203898,0,0,0.00289855072463768,0.00149925037481259,0,0,0,0,0,0,0,0,0.00079960019990005,0.00199900049975012,0,0.0107946026986507,0.0170914542728636,0,0,0.000199900049975012,0,0,0.000699650174912544,0.0482758620689655,0,0,0.0259870064967516,0,0,0,0,0,0.00119940029985007,0.00239880059970015,0,0,0,0,0.00849575212393803,0,0.00219890054972514,0.000599700149925037,0,0.00869565217391304,0
0,0,0.000199920031987205,0,0.0172930827668932,0,0,0,0,0,0.00809676129548181,0,0,0.00259896041583367,0,0,0.00269892043182727,0,0,0,0,0,0,0,0,0.00449820071971212,0,0,0,0.00459816073570572,0,0,0,0.00259896041583367,0,0,0,0,0.00179928028788485,0,0,0,0.007796881247501,0,0,0,0,0,0,0,0,0,0,0.00079968012794882,9.99600159936026e-05,0,0,0,0,0.0079968012794882,0.00849660135945622,0,0.00209916033586565,0,0,0.000899640143942423,0.00479808076769292,0.00039984006397441,0,0,0,0,0.000499800079968013,0.0143942423030788,0,0,0,0,0,0.00999600159936026,0,0.0127948820471811,0,0,0,0,0,0,0,0,9.99600159936026e-05,0,0,0,0.00639744102359056,0,9.99600159936026e-05,0,0,0,0,0.0195921631347461,0.00239904038384646,0,0,0,0.00299880047980808,0.000199920031987205,0.00469812075169932,0,0,9.99600159936026e-05,0,0,0,0,0,0,0.00639744102359056,0.000599760095961615,0,0,0.00319872051179528,0,9.99600159936026e-05,0.116053578568573,0,0,0,0.0246901239504198,0.00109956017592963,0,0,0,0.000299880047980808,0,9.99600159936026e-05,0,0,0,0.000199920031987205,0,0.00199920031987205,0,0,0,0.00129948020791683,0,0,0,0.000999600159936026,0,0,0,9.99600159936026e-05,0,0,0,0,0,0,0,0,0,0,0,0,0,0,0,0,0,0,0,0,0,0,0,0,0,0,0,0,0,0.00289884046381447,0,0,0,0,0,0,0.00349860055977609,0,0,0,0,0,0,0,0,9.99600159936026e-05,0,0,0,0,0,0,0,9.99600159936026e-05,9.99600159936026e-05,0,0,0,0.000299880047980808,0,0,0,0.0038984406237505,9.99600159936026e-05,0,0,0,0,0,0,0.000499800079968013,0,0,0,0,0,0,0,0.116653338664534,0,0,0,0,0,0.00619752099160336,0,0,0,0,0,9.99600159936026e-05,0.00309876049580168,0,0,0,0,0,0,0,0,0.00119952019192323,0,0,0,0,0,0,0,9.99600159936026e-05,0,0,0,0,9.99600159936026e-05,0.435125949620152,0,0,0.0350859656137545,0,9.99600159936026e-05,0,0,0,0,0.0594762095161935,0,0,0.00759696121551379,0,0,0,0,9.99600159936026e-05,0,0.000499800079968013,0,0,0,0,0,0,0.0138944422231108,0,0,0,0
0.000699580251848891,9.9940035978413e-05,0.000399760143913652,0,0.0227863282030782,0,0,0,0,0.00319808115130921,0.00129922046771937,0,0,0,0,0,0.00579652208674795,0,0,0,0,0.0148910653607835,0,0,0,9.9940035978413e-05,0.000299820107935239,0,0,0.00109934039576254,9.9940035978413e-05,0,0,0.00199880071956826,0,0,0,9.9940035978413e-05,0.00609634219468319,0,0,0,0,0,0,0,0,0,0,0,0.00449730161902858,0,0,0.000199880071956826,0.0101938836697981,9.9940035978413e-05,0,0,0,0.0122926244253448,0.00529682190685589,0,0,0,0,0,0.021287227663402,0.000199880071956826,0,0.0207875274835099,0.00179892064761143,0,0.000199880071956826,0,0,0,9.9940035978413e-05,0,0,0.0284829102538477,0,0.0146911852888267,0.00159904057565461,0,0,9.9940035978413e-05,0,0,0.00149910053967619,0,0,9.9940035978413e-05,0,0,0,0,0,0,0.00259844093543874,0,0,0,0.000199880071956826,0.000999400359784129,0,9.9940035978413e-05,0,0.00279832100739556,0.00279832100739556,0,0,0,0,0.00819508295022986,0.000299820107935239,0,0,0,0,0,0,0,0,0,0,0.130621627023786,0,0,0,0.121427143713772,0.00249850089946032,0,0,0,0.000199880071956826,0,0,0,0,0,9.9940035978413e-05,0,0,0,0.00479712172696382,0,9.9940035978413e-05,0.000199880071956826,9.9940035978413e-05,0,0,0,0,0.00279832100739556,9.9940035978413e-05,0,0,0,0,0.0022986208275035,0,0,0,0,0,0,9.9940035978413e-05,0,0,0,0.000499700179892065,0,0,0,0,0,0,0.00349790125924445,0.000499700179892065,0,0,0,0,0,0.000799520287827304,0,0,0,0,0,0.000499700179892065,0.00739556266240256,0,0,0,0,0,9.9940035978413e-05,0,0,0,0,0,0.0843493903657805,0,0.00409754147511493,0,0,0,9.9940035978413e-05,0,0,0,0.000499700179892065,0,0,0.0131920847491505,0.00399760143913652,0,0,0.00509694183489906,0,0,0,0,0,0.004597241655007,0,0.00529682190685589,0,0,0,9.9940035978413e-05,0.0223865680591645,0,0,0.000399760143913652,0,0,9.9940035978413e-05,0,0,0,0,0.000599640215870478,0,0,0,0,0,0,0,0.00109934039576254,0,0.000499700179892065,0.000799520287827304,0.00299820107935239,0.000699580251848891,0.000199880071956826,0,0.000199880071956826,0,9.9940035978413e-05,9.9940035978413e-05,0,9.9940035978413e-05,0,0,0,9.9940035978413e-05,0,0.00399760143913652,0.134019588247052,0,0,0,0,0,9.9940035978413e-05,0.194883070157905,0,0,0.0197881271237258,0,0,0,0,0,0,0.00379772136717969,0,9.9940035978413e-05,0,0,0.00399760143913652,0.000199880071956826,0.000499700179892065,0,0,0.00789526284229462,0
0,0,0,0,2e-04,0,0,0.0018,0,0,0,7e-04,0,0.007,0,0,0,0,0,0,0.0044,0.0147,0,0.0019,0,0.0931,0,0,0,0,0.0171,0,0,0.0096,0,0,0,0.0223,0,0,0,0.0012,0,0.0068,0,0.0137,0,0,0,0,0,0,0,0,0.0057,4e-04,0,0,1e-04,0.0346,0,0,0,0,0.0049,0,0.0013,0,0,0.005,0.0038,0,0,0,0,0,0,0,0,0.0141,0,0,0.0053,0,0,0,0,0,0,0.0086,0,0,0,0,0,0,0,0,0.0105,0,0,0,0,0,1e-04,3e-04,0,0.1615,0,0.0652,0,0,0,0.0101,0,0,0,0,0.0108,0,0,0.0041,0,0,0.0447,0,0,0,0,0,0.0124,0.0245,0,0,0,0,0,0,0,0,6e-04,0,0,0,0.0019,0,0.0017,4e-04,0,0,0.0012,2e-04,0,0,1e-04,0,0,0,0.0047,0.0045,0,0,0,0,0,0,1e-04,0,0,0,3e-04,0,0,0,0,0,0,0.0014,0.0069,0,0,0,0,0,8e-04,0,0,0,0,0,0,0.0317,0,0,0.0024,0,0,0,0,0,0,0,0.0162,0,0,6e-04,1e-04,0,0,0,0,0.0035,0,8e-04,0.0082,1e-04,0.0088,0.0047,0,0,0,0,0,0,0,0,0.0071,0,0.0083,0.0017,0.0193,0,0,0.021,0,0,1e-04,0,0,0,0,0,0,0,0,0.0022,0,0,0,0,0,6e-04,0.0013,0,0.0052,6e-04,3e-04,0,0.0027,0.0083,0,0,0,7e-04,0,0,0,0,6e-04,0.0014,0,0,0.0126,0,0,0,0,0,0,0.1268,0,0,0.0097,0,0,0,0,0,0.0084,0.0046,0,0,0,0,0.0123,0,0.0013,0.0062,0,0.0118,5e-04
2e-04,0,0,0,0.014,0,0.0013,0,0,0,0,0,0.0019,0.011,0.008,0,0.003,0,0,0,0,0.013,0,0,0,0.2941,0,0.0013,0.005,0.0015,0,0,0,0.0013,0,0,0,0,0.0029,0,0,0,1e-04,0,0.0029,0,0,0,0,0,0,0,0,0,0,0,0,0,0,0,0,0,0.0046,0,0,0,0.003,0.0019,0,0,0,0,0,0,0,0,1e-04,0,0,0,0,0,1e-04,0,0,0.0014,0,0,0,0,0,1e-04,1e-04,0,0,2e-04,1e-04,0,0,0,0,0.0243,0,0,0,0,0,1e-04,0.0277,0,0,0,0,0,0,0,0,0,0.0014,0,0,0,0.0029,0,0,0.1557,0,0,0,0.1046,0,0,0,0,0,0,1e-04,1e-04,1e-04,0,0.0131,0,0,0,0,0,0,0,0,1e-04,0,0,0,0,5e-04,0,0,0,0,0,0,0,0,0,0,0,0,0,0,0,0.0029,0,0,0,0,0,0,0,0,0,0,0,0,0,0,0,0,0,0,2e-04,0,4e-04,3e-04,0,0,0,0,0,0,0,0,0,0,1e-04,0,0.0111,0,0,0,0.0148,0,0,0,0,0,0,0,0,0.0155,0,0,0,0,0,0,0,0,0,0,0,0,0,0,0.0933,0,0,0,0,0,0.0054,0,0,0,0,1e-04,0,0,1e-04,0,0,0,0,0,0,1e-04,0.0036,0.0051,0,0,0,0,0,0,3e-04,0,0,0,0,1e-04,0.0019,0,0,0.0339,0,0,0,0,0,1e-04,0.0852,0,0,0.0097,0,0,0,0,2e-04,0,0,0,0,0,0,0,0,7e-04,0,0,0.0111,0
0,0,0,0,0,0,0.000199880071956826,0,0,0,0,0,9.9940035978413e-05,0,0.0030981411153308,9.9940035978413e-05,0.000299820107935239,0,0,0,0,0,0,0.00799520287827304,0,0,0,0,0.0219868079152508,0.00259844093543874,0.0780531680991405,0,0,0.00579652208674795,0,0,0.00479712172696382,0.00399760143913652,0.00149910053967619,0,0,0,0,0,0,0,0,0,0,0,0,0,0,0,0,0,9.9940035978413e-05,0,0,0.0106935838496902,0,0,0,0,0,0,0,0,0.00259844093543874,0,0,0,0,0,0,0,0,0,0,0.00959424345392764,0,0,0,0,0,0,0,0,0,0.0186887867279632,0,0.000499700179892065,0.000399760143913652,0,0,0,0,0,0,0,0,0,0,0,0,0,0,0.0336797921247252,0,0,0,0,0,0,0,0,0,0.000199880071956826,0.0153907655406756,0,0,0,0,0,0.0193883669798121,0,0,0,0,0,0,0.0478712772336598,0,0,0,0,0.00219868079152508,0,0,0,0.00139916050369778,0,0,0,0,0,0.00279832100739556,0,0,0,0.00129922046771937,0,0.000399760143913652,0,0,0,0.00279832100739556,0,0,0,0,0,0,0,0,0,0,0,0,0,0,9.9940035978413e-05,0,0,0,0,0,0,0,0,0,0,0,0,0,0.000399760143913652,0.000199880071956826,0,0,0,0,0.0361782930241855,0.000899460323805717,0,0,0,9.9940035978413e-05,0,0,0,0,0,0,0,0.0277833300019988,0.00169898061163302,0,0,0,0.00109934039576254,0,0,0,0,0.00119928043174096,0,0.00789526284229462,0,0.057365580651609,0,0,0,0,0,0,0,0,0,0,0,0.0314811113332001,0,0,0,0,0,0,0,0,0,0,0,0,0,0,0,0,0,0,0,0,0.000199880071956826,0,0,0.00519688187087747,0,0,0,0,0,0,0,0,0,0.0112932240655607,0,0,0,0,9.9940035978413e-05,0.000299820107935239,0,0.0193883669798121,9.9940035978413e-05,0,0,0,0,0.000599640215870478,0.451728962622427,0,0,0,0,0,0,0,0,0.0022986208275035,0,0,0.000199880071956826,0,0,0,0,0.0359784129522287,0,0,0.00569658205076954,0
0,0,0,0,0,0,0,0,0,0,0,0,0,0,0,0,0,0,0,0,0,0.0293911826452064,9.99700089973008e-05,0.00219934019794062,0,0.290912726182145,0,0,0,0,0.0290912726182145,0,0,0,0,0,0.00479856043187044,0.00309907027891633,0,0,0,0,0,0,0,0.00529841047685694,0,0,0,0,0,0,0,0,0.00359892032390283,0,0,0,0,0.0284914525642307,0,0,0,0,0,0,0.0149955013495951,0,0,0,0.00219934019794062,0,0,0,0.0984704588623413,0,0,0,0,0.00559832050384884,0,0,0,0,0,0.00189943017094872,0,0,0,0,0,0.000699790062981106,0,0,0,0,0,0,0.00429871038688393,0,0,0.00659802059382185,0,9.99700089973008e-05,0,0,0,0.0522843147055883,0,0,0,0,0,0,0,0,0,0,0,0,0,0,0,0,0.0538838348495451,0,0,0,0.000399880035989203,0.0176946915925222,0,0,0,0.000899730080975707,0,0,0,9.99700089973008e-05,0,0,0,0,0,0,0,0,0,0,0,0,0,0.00119964010796761,0,0,9.99700089973008e-05,0,0,0,0,0.00339898030590823,0,0,0,0.0415875237428771,0,0,0,0,0,0,0,0,9.99700089973008e-05,0,0,0,0,0.00979706088173548,0,0,0,0,0,0.00119964010796761,0,0,0,0,0.0110966709987004,0,0,0.0141957412776167,0,0,0,0,0,0,0,0,0,0,0,0,0.000299910026991902,0.00469859042287314,0,0,0.000299910026991902,0,0,0,0,0,0.00429871038688393,0,0,0,0.0110966709987004,0,0.00209937018894332,0,0,0.00709787063880836,0,0,0,0,0.00719784064780566,0,0,0,0,0.0293911826452064,0,0,0,0,0,0.00229931020693792,0,0,0,0,0,0.000899730080975707,0,0,0,0,0,0,0,0,0,0.00119964010796761,0,0,0.00189943017094872,0.000799760071978406,0,0,0,0,9.99700089973008e-05,0,0,0,0,0,0,0,0,0,0,0,0,0,0,0.165950214935519,0,0,0.0100969709087274,0,0,0,0,0,0,0,0,0,0,0,0,0,0,0,0,0.0104968509447166,0
0,0.000499850044986504,0,0,0,9.99700089973008e-05,0.000699790062981106,0,0,0,0,0,0,0,0.000199940017994602,0,0,0,0,0,0.00309907027891633,0.00709787063880836,0,9.99700089973008e-05,0,0.210536838948316,0,0,0,0.000399880035989203,0.0253923822853144,0,0,0.00839748075577327,0,0,0.000899730080975707,0,0.000799760071978406,0,0,0.000199940017994602,0,0.00869739078276517,0,0.00199940017994602,0,0.000399880035989203,0,9.99700089973008e-05,0.000499850044986504,0,9.99700089973008e-05,0.000799760071978406,0.000399880035989203,0,0,0,0,0.052184344696591,0.000299910026991902,0,0,0,0,0,0.0158952314305708,0,0,0,0,0,0,0,0,0,0,0,0.00139958012596221,0.0504848545436369,0,0,0.0443866839948016,0,0,0,0.0171948415475357,0,0,0,0,0.00439868039588124,0.00539838048585424,0,0,0.00279916025192442,0,0,0,0,0,0,0,0,0,0,0.0140957712686194,0.0119964010796761,0,0,0,0,0,0,0,0,0,0,0.0249925022493252,0,0,0,0,0,0.00549835049485154,0,0,0,0,0,0.000199940017994602,0.00109967009897031,0,0,0,0,0.00459862041387584,0,0,0,0,0,0,0,0,0,0,0,0,0,0.000199940017994602,0.000899730080975707,0,0,9.99700089973008e-05,0,0,0,0,0,0,0,0.00129961011696491,0,0,0,0,0,0,0.0180945716285114,0.00109967009897031,0,0,0,0.00219934019794062,0,0,0.0107967609717085,0.0260921723482955,0,0,0,0,0,0,0,0,0,0,0.000699790062981106,0,0,0,0,0,0,0,0,0,0,0,0,0,0,0,0.00189943017094872,9.99700089973008e-05,0,9.99700089973008e-05,9.99700089973008e-05,0,0,0,0.000399880035989203,0,0,0,0.00349895031490553,0.0106967909627112,0,0.00919724082775168,0.000299910026991902,0,0,0,0,0,0,0.00109967009897031,0,0.00839748075577327,9.99700089973008e-05,0,0.0249925022493252,0,0,0,0,0,0,0.000499850044986504,0,0.0168949315205438,0,0,0,0,0,0,0,0.0407877636708987,0,0.00799760071978406,9.99700089973008e-05,0.00119964010796761,0.00229931020693792,0,0,0.000699790062981106,0.00309907027891633,0,0,0,0,0.000499850044986504,0,0,0,0.000399880035989203,0,0,0.000299910026991902,0.018294511646506,0.0780765770268919,0,0,0,0,0,0.134259722083375,9.99700089973008e-05,0,0,0,0,0,0,0,0.00199940017994602,0.00839748075577327,0,0,0,0,9.99700089973008e-05,0,0.0213935819254224,0,0,0.0118964310706788,0
0,0,0,0,0,0,0.000299850074962519,0,0.000399800099950025,0,0,9.99500249875062e-05,0,0,0.00239880059970015,0,0,0,0.000199900049975012,9.99500249875062e-05,0.00199900049975012,0.000699650174912544,0,0,0,0.000299850074962519,0,0,0.00189905047476262,0.000599700149925037,0,0,0.000199900049975012,0.00249875062468766,0,0,0,0.00899550224887556,0,0,0,0.000299850074962519,0,0.00169915042478761,0,0.00079960019990005,0,9.99500249875062e-05,0,0,0.000599700149925037,0,0,0,0.000499750124937531,0,0,0,0,0.0118940529735132,9.99500249875062e-05,0.000299850074962519,0,0,0,0,0.00549725137431284,0,0,0,0.00079960019990005,0,0,0.000399800099950025,0,0,0,0,0,0.00439780109945028,0,0.000299850074962519,9.99500249875062e-05,0,9.99500249875062e-05,0.000199900049975012,0,0,0,0,0,0.00169915042478761,0,0,0,0,0,0,0.00219890054972514,0,0,0,0,0,0.000199900049975012,0,0,0.156221889055472,0.00119940029985007,0,0,0,0,0.00329835082458771,0,0.000399800099950025,0,0,0.00079960019990005,0,0,0,0,0.0031984007996002,0.0117941029485257,0.00839580209895052,0,0.0285857071464268,0.00079960019990005,0,0.00769615192403798,0.00819590204897551,0,0,0,0,0.000599700149925037,0,0,0,0.0772613693153423,0,0,0,0,0,0.000499750124937531,0,0,0,0.000199900049975012,0.00149925037481259,0,0,9.99500249875062e-05,0,0,0,0,0.00139930034982509,0,0,0,9.99500249875062e-05,0,0,0.000599700149925037,0,0,0,0.000199900049975012,0,0,0,0,0,0.000399800099950025,9.99500249875062e-05,0,0.000299850074962519,0.000299850074962519,0,0,0,9.99500249875062e-05,0,0,0,0,0,0.000399800099950025,0.0118940529735132,9.99500249875062e-05,0,0,0,0,0,0,0,0,0,0,9.99500249875062e-05,0,0.00869565217391304,9.99500249875062e-05,0,0,0.000199900049975012,0,0,0.000299850074962519,0.00109945027486257,9.99500249875062e-05,0,0.0209895052473763,0.000699650174912544,0,0.000299850074962519,0,0.000599700149925037,0,0.000699650174912544,0,0,0,0.000999500249875062,0.000999500249875062,0.000399800099950025,0.000999500249875062,0,0,0.000599700149925037,0,0,9.99500249875062e-05,0,0,9.99500249875062e-05,0,0,0.00719640179910045,0,0.000399800099950025,0,0,0,0,0,0.00349825087456272,0,0.000399800099950025,0,0,0.000199900049975012,0.00259870064967516,0,0.000199900049975012,9.99500249875062e-05,0.000199900049975012,0,0,0,0,0,0,0,0,0.372113943028486,0.000699650174912544,0.00209895052473763,0.0195902048975512,0,0,0,0,0,0,0.152623688155922,0,0,0.00189905047476262,0,0,0,0,0,0.00349825087456272,0.000399800099950025,0,0,0.000199900049975012,0,0.00189905047476262,0,0.000399800099950025,0.0119940029985007,0,0.000199900049975012,0
0,0,0,0,0,0,9.99100809271655e-05,0,0,0,0.000199820161854331,0,0,0,0,0,0,9.99100809271655e-05,0,0,0,0.000399640323708662,0,0,0,0.174642821460685,0,0,0,0.00709361574582875,0.027175542012189,0,0,0.000699370566490159,0.000199820161854331,0,0.00159856129483465,0.0233789589369567,0,0,0,0,0,0.000999100809271655,0,0.00189829153761615,0,0,0,0,0.000499550404635828,0,9.99100809271655e-05,0.000399640323708662,0.000299730242781497,9.99100809271655e-05,0,0,0,0.0137875911679488,0,0,0,0.000199820161854331,0,0,0.0377660105904686,0,0.00119892097112599,0,0.00329703267059646,0,0,0,0,0,9.99100809271655e-05,0,0,0.00129883105205315,0.00139874113298032,9.99100809271655e-05,0.00139874113298032,0,0.00159856129483465,0.000199820161854331,9.99100809271655e-05,0,0,0.00719352582675592,0,0.015086422220002,0.000199820161854331,0,0,0,0,0,0.00129883105205315,0,0,0.00249775202317914,0,0,9.99100809271655e-05,0,0,0.0490558497352383,0.000699370566490159,0.00109901089019882,0,0,0,0.0196822859426516,0,9.99100809271655e-05,0,9.99100809271655e-05,0.00189829153761615,0,0,0,0,0.000299730242781497,0.00849235687880907,0.0060945149365571,0,0,0.000199820161854331,0,0,0,0,0,0,0,0,9.99100809271655e-05,0,0,0.000599460485562993,0,9.99100809271655e-05,0,0.0238785093415926,0,0.000199820161854331,0,0,0,0.000199820161854331,0,0.00149865121390748,0,9.99100809271655e-05,0,0,0,0,0.00359676291337796,0,0,0,0,0,0,0,0,0,0,9.99100809271655e-05,0,0,9.99100809271655e-05,0,0,0,0.00519532420821261,0.0356678988909981,0.000299730242781497,0,0,0,0,0.000199820161854331,0,0.000199820161854331,0,0,0,0.000299730242781497,0.0173843540813268,0,9.99100809271655e-05,0,0,0,0,0,0,0,0,0,0.00849235687880907,0,0.000499550404635828,0.000199820161854331,0,0,0.0025976621041063,0,0,0,0.00109901089019882,0.000299730242781497,9.99100809271655e-05,0.00829253671695474,0.00109901089019882,0.00369667299430513,0,0.0110900189829154,0.000999100809271655,0,0,9.99100809271655e-05,0.000999100809271655,0,0,0.00309721250874213,9.99100809271655e-05,0,0,0,0.0109901089019882,0,0,0.000299730242781497,0,0,9.99100809271655e-05,0,0,0,0,0.000299730242781497,0.00209811169947048,0,0,0,0,0,0,0,0,9.99100809271655e-05,9.99100809271655e-05,0.000299730242781497,0,0,0,9.99100809271655e-05,0,0,9.99100809271655e-05,0,0,0,0,9.99100809271655e-05,0.000499550404635828,0,0.000399640323708662,0.0707363372964332,0,0,0,0,0,9.99100809271655e-05,0.343590768308522,0,0,0.00779298631231891,0,0,0,0,0,0,0.00499550404635828,0,0,0,0.000599460485562993,0,0,0.00189829153761615,0,0,0.0057947846937756,0
0,0,0.00079968012794882,0,0.00839664134346262,0.0100959616153539,0.00739704118352659,0,0,0.0262894842063175,0.0039984006397441,0,0,0.0417832866853259,0.00249900039984006,0,0,0,0.0239904038384646,0,0.00129948020791683,0.0131947221111555,0.00219912035185926,0,0,0.133446621351459,0.000299880047980808,0,0.000599760095961615,0.00699720111955218,9.99600159936026e-05,0,0,0.000699720111955218,0,0,0.00109956017592963,0.00079968012794882,0.0183926429428229,0,0,0,0,0.00349860055977609,0,0.000899640143942423,0,0.000199920031987205,0,0,0.0039984006397441,0,0,0,9.99600159936026e-05,9.99600159936026e-05,0,0,0,9.99600159936026e-05,0.017093162734906,0.00189924030387845,0,0,0,0.00179928028788485,0.00119952019192323,0,0.00189924030387845,0.0188924430227909,9.99600159936026e-05,0.000199920031987205,0.00699720111955218,0.00469812075169932,0,0,0,0,0,0.00129948020791683,0,0.0037984806077569,9.99600159936026e-05,0,0.00319872051179528,9.99600159936026e-05,0.000199920031987205,0,0,0,0,0.00039984006397441,0,0.00139944022391044,0,0,0,0,0.000599760095961615,0,0,0,0,0.00209916033586565,0.00199920031987205,9.99600159936026e-05,0.00299880047980808,0.00179928028788485,0,0,0,0,0,0.00449820071971212,0.00159936025589764,0,0,0,0.00039984006397441,0.000199920031987205,0,0,0,0,0.00189924030387845,0.0357856857257097,0,0,0,0.0414834066373451,0.00689724110355858,0.000199920031987205,0,0,0.000199920031987205,9.99600159936026e-05,0.0199920031987205,0,0,0,9.99600159936026e-05,0,0,0,0.000199920031987205,0,9.99600159936026e-05,0.00549780087964814,0,0,0.00079968012794882,0.00199920031987205,0,0,9.99600159936026e-05,0,0,0,0,0.00869652139144342,0,0,0.000299880047980808,0,0,0,0.000599760095961615,0,0,0,0.000499800079968013,0,0,0,0,0,0.00039984006397441,0.00859656137544982,0.00679728108756497,9.99600159936026e-05,0,0,0,0,0.000699720111955218,0,0,0,0,0,0,0.00239904038384646,0.000299880047980808,0,0.00529788084766094,0,0,0.00039984006397441,0,0,0,0,0,9.99600159936026e-05,0,0.00079968012794882,0.00159936025589764,0,0,0,0,0,0,0,0.000599760095961615,0,0.00559776089564174,0.00249900039984006,0.0110955617752899,0,0.00159936025589764,0.00149940023990404,0,0,0,0,0,0,0,0.000499800079968013,0.00489804078368653,0,0,0.068672530987605,0,0,9.99600159936026e-05,0,0,0.00189924030387845,0.000299880047980808,0,0,0,9.99600159936026e-05,0,0,0,0,9.99600159936026e-05,0,0.000599760095961615,0.00139944022391044,0,0.000299880047980808,0.000599760095961615,0,9.99600159936026e-05,0.00169932027189124,0.00489804078368653,0,0,0.00189924030387845,0.000499800079968013,0.00209916033586565,0,0,0,0.00039984006397441,0.00969612155137945,0,0.00529788084766094,0.122550979608157,0,0,0,0,0,0.000299880047980808,0.181627349060376,0,0,0.00919632147141144,0,0,0,0,0,0,0.000999600159936026,0,0.00199920031987205,0,0,0,0,0.000299880047980808,0,0,0.00629748100759696,0
0,0,0.000199680511182109,0,0.00738817891373802,0,9.98402555910543e-05,0,0,0.0117811501597444,0.000998402555910543,0,0,0.00549121405750799,0.000299520766773163,0,0.00539137380191693,0,0,0,0.00359424920127796,0.0163738019169329,0.00249600638977636,0,0.00199680511182109,0.0023961661341853,0.00229632587859425,0,9.98402555910543e-05,0,0,0,0,0.00399361022364217,9.98402555910543e-05,0,0.0121805111821086,0.00409345047923323,0,0,0.00269568690095847,0,0,0.0145766773162939,0.00069888178913738,0.00219648562300319,0,0,0,0,0,9.98402555910543e-05,0,0,0,0,0,0,0,0.00229632587859425,0,0.000299520766773163,0.000898562300319489,0,0.000199680511182109,0.00159744408945687,0.00179712460063898,0.000499201277955272,0.00129792332268371,0.00339456869009585,0.000499201277955272,0,0,0.012879392971246,0,0,0,0,0,0.00129792332268371,0,0.00309504792332268,0,0,0.0545127795527157,0,0,0,0,0,0.0161741214057508,9.98402555910543e-05,9.98402555910543e-05,0,0.0034944089456869,0,0,0,0.00169728434504792,0,0.000199680511182109,0,0,0,0.00189696485623003,0.00129792332268371,0.00269568690095847,0.0356429712460064,0.0264576677316294,0.000998402555910543,9.98402555910543e-05,0,0,0,0,0,0.014776357827476,0.00129792332268371,0.0045926517571885,0,0,0,0.00189696485623003,0,0.0142771565495208,0.107827476038339,0.00209664536741214,0,0,0.136681309904153,0.0268570287539936,0.000898562300319489,0,0,0.00828674121405751,0,9.98402555910543e-05,0,0,0,9.98402555910543e-05,0,0.000798722044728434,0,0,0,9.98402555910543e-05,0.00289536741214057,0,0,0,0,9.98402555910543e-05,0,0,0,0,0,0,0.0117811501597444,0,0,0,0.0741813099041534,0,0,0,0,0,0,0.000499201277955272,0,9.98402555910543e-05,9.98402555910543e-05,0,0,0,0.00928514376996805,0.000299520766773163,0,0,9.98402555910543e-05,0,0,0.00359424920127796,0,0,0,0.0103833865814696,0,0,0.00609025559105431,0,0,0,0,0,0,0,0,0,0,0,0,0,0.00209664536741214,0,0,0,0.000399361022364217,0,0,0.000199680511182109,0,0.00269568690095847,0,0.00369408945686901,0.0197683706070288,0,0.00139776357827476,0.0034944089456869,0.00169728434504792,0,0.000299520766773163,9.98402555910543e-05,0.0010982428115016,0,0,0.0045926517571885,0.000499201277955272,0,0,0,0.014776357827476,0,0,0,0,0,0,0,0,0,0,0.00299520766773163,0,0,0,0,0,0.0192691693290735,0,0,0,0,0,0.000199680511182109,0,0.00149760383386581,0,0,0,0,0.000499201277955272,0,0,0,0,0.0010982428115016,9.98402555910543e-05,0,0,0.0463258785942492,0,0.000499201277955272,0,0,0,0.00069888178913738,0.0917531948881789,0,0,0.0350439297124601,0,0,0,0,0,0.00499201277955272,0.00189696485623003,0,0,0,0,0,0,0.000199680511182109,0,0,0.0130790734824281,0.00609025559105431
0,0,0,0,0,0,0,0,0,0,9.99900009999e-05,0,9.99900009999e-05,0,0.0011998800119988,0,0,0,0,0,0,0.0010998900109989,0,0,0,0.121187881211879,0,0,0.0062993700629937,0,0.0410958904109589,0,0,0,0,0,9.99900009999e-05,0,0,9.99900009999e-05,0,0,0,0,0,0,0,9.99900009999e-05,0,0,0,0,0,0,0.0006999300069993,0,0,0,0,0.0005999400059994,0,0,0,9.99900009999e-05,0,0,0,0,0,0,0.0002999700029997,0,0,0,0,0,0,0,0,0.0001999800019998,0,0,0,0,0,0,0,0,0,0.0024997500249975,0,0,0.0010998900109989,0,0,0,0,0,0,0,0,0.0001999800019998,0,0,0,0,0,0,0,0.008999100089991,0,0,0,0.006999300069993,0,0,0,0,0,0,0,0,0,0.0005999400059994,0.0015998400159984,0,0,0,0,0,0,0,0,0,0,0,0.0020997900209979,0,0,0,0.0048995100489951,0,0,0,0,0,0.0002999700029997,0,0,0,0.0001999800019998,0,0,0,0,0,0,0,0,0,0,0,0,0.0007999200079992,0,0,0,0,0,0,0,0.0080991900809919,0,0,0,0,0,0.0001999800019998,0,0,0,0,0,0,0,0,0,0,0.0011998800119988,0,0,0.0046995300469953,0.0001999800019998,0,0,0.0004999500049995,0,0,0,0,0,0,0,0,0,0.0011998800119988,0,0,0.0005999400059994,0.0003999600039996,0,0,0,0,0,0,0.0124987501249875,0,9.99900009999e-05,0,0,0,0,0,0,9.99900009999e-05,0,0,0,0,0,0,0,0.075992400759924,0,0,9.99900009999e-05,0.0003999600039996,0,0,0,0,0,0,0,0,0,0,0,0,0,0,0,0,9.99900009999e-05,9.99900009999e-05,0,0,0,0.0003999600039996,0.0001999800019998,0,0,0.0002999700029997,9.99900009999e-05,0,0,0,0.0003999600039996,0.328467153284672,0,0,0.0188981101889811,0.0001999800019998,9.99900009999e-05,0,0,0,0,0.32986701329867,0,0,0.0002999700029997,0.0044995500449955,0,0,0,0.0015998400159984,0,0,0,0,0,0,0.0014998500149985,0,0.0005999400059994,0,0,0.0024997500249975,0
0,0,0.000699510342760068,0,0.00679524332966923,0,0,0,0,0.00419706205656041,0.00639552313380634,0,0,0,0,0,0,0,0,0,0,0.0426701309083641,0.00099930048965724,0,0,0.0166883181772759,0,0,0.000299790146897172,0,0,0,9.9930048965724e-05,0.00619566303587489,0,0,0,0,0.00679524332966923,0,0,0,0,0.013390626561407,0.000799440391725792,0.0493654441890677,0,0.000799440391725792,0,0,0.0268811831717798,0.00219846107724593,0,9.9930048965724e-05,0.002897971420006,0,0,0,0,0.0181872689117618,0,0.0114919556310583,0.000699510342760068,0,0,0,0.00109923053862296,0,0,0.00309783151793744,0.000899370440691516,0,0.00429699210552613,0.0246827220945338,0.0346757269911062,0,0,0,0,0.0399720195862896,0,0.0105925851903667,9.9930048965724e-05,0.00159888078345158,0,0.000199860097931448,0,9.9930048965724e-05,0,0,0,9.9930048965724e-05,0,0,9.9930048965724e-05,9.9930048965724e-05,0,0,0,0,0.000199860097931448,0.0049965024482862,0.00129909063655441,0,0.00179874088138303,9.9930048965724e-05,0,0.00109923053862296,0.0108923753372639,0.00329769161586889,0,0,0,0,9.9930048965724e-05,0,0,0.000699510342760068,0.00969321474967523,0,0,0,0,0,0.00529629259518337,0.133406615369242,0,0.000199860097931448,0,0.102927950434696,0.00949335465174378,0,0,0,0.00759468372139502,0,9.9930048965724e-05,0.000199860097931448,0,0,0,0,0.00049965024482862,0,0,0,0.000599580293794344,0.00369741181173179,0,0,0.00269811132207455,0,0.00219846107724593,9.9930048965724e-05,9.9930048965724e-05,0,0,0,0.000399720195862896,0.0078944738682922,0.00049965024482862,0,0,0,0,0,0,0,9.9930048965724e-05,0,0.000299790146897172,0,0,0,0,0.000199860097931448,0,0,0.0270810432697112,0,0,0,0,0,0.00229839112621165,0,0,0,0,0,0,0.00469671230138903,0,0.000899370440691516,0,0,0,0.000199860097931448,0,0,0,0,0,0.00049965024482862,0,0.000399720195862896,0,0,9.9930048965724e-05,0,0.000199860097931448,0,0.000199860097931448,0,0.000299790146897172,9.9930048965724e-05,0.00449685220345758,0.00119916058758869,0,0,0,0.000399720195862896,0,0.00559608274208054,0,0,0,0,0.00469671230138903,0.000199860097931448,0.0215848905765964,0,0,0.00559608274208054,0,0,0.000699510342760068,9.9930048965724e-05,0,0.000399720195862896,0,0,0,0,9.9930048965724e-05,9.9930048965724e-05,0,0,0,0,0.0177875487158989,0,0,0,0.000799440391725792,0.000599580293794344,0.000199860097931448,0,0.00149895073448586,0,0,0,0,0.000299790146897172,0,0,0,0,0,0.0074947536724293,0,0,0.00419706205656041,0,0,0,0,0,0,0.148096332567203,0,0,0.0562606175677026,0,0,0,0,0,0.00299790146897172,0.00199860097931448,0.0024982512241431,0,0,0,9.9930048965724e-05,9.9930048965724e-05,0.000799440391725792,0,0,0.019186569401419,0
0,0,0,0,0,0,0.0003000300030003,0.0019001900190019,0,0,0,0,0,0,0.0032003200320032,0,0,0,0,0,0,0.0249024902490249,0,0.0003000300030003,0,0.0397039703970397,0,0,0,0,0,0,0,0.0425042504250425,0,0,0,0.0311031103110311,0,0.0001000100010001,0.0001000100010001,0.001000100010001,0,0.0073007300730073,0,0,0,0,0,0.0001000100010001,0,0,0,0,0.0215021502150215,0,0,0,0,0.0188018801880188,0,0.0011001100110011,0,0,0,0,0,0,0,0,0.006000600060006,0,0,0,0,0,0,0,0,0.0063006300630063,0,0,0,0,0,0,0.0019001900190019,0,0,0.0058005800580058,0,0.0004000400040004,0.0076007600760076,0,0,0,0,0,0.0042004200420042,0,0,0,0,0,0,0,0,0.0759075907590759,0,0,0,0,0,0.037003700370037,0,0,0,0,0,0,0,0,0,0.0002000200020002,0.0192019201920192,0,0,0,0,0,0,0,0,0,0,0,0.0003000300030003,0,0,0,0.194019401940194,0,0,0,0.0183018301830183,0,0,0,0,0,0.0013001300130013,0,0,0,0.0001000100010001,0,0,0,0,0.0007000700070007,0,0,0,0,0,0.0001000100010001,0,0,0,0,0.0038003800380038,0,0,0,0,0,0,0,0.0098009800980098,0,0,0,0,0,0,0,0,0,0,0,0,0.0232023202320232,0,0,0,0,0,0,0,0,0,0,0.0097009700970097,0,0,0.033003300330033,0.0024002400240024,0,0,0,0,0,0,0.0005000500050005,0,0,0.0047004700470047,0,0.08000800080008,0,0,0.0031003100310031,0,0,0,0,0,0,0,0,0,0,0,0.0394039403940394,0,0,0.0004000400040004,0,0,0,0,0,0,0,0,0,0,0,0,0,0,0.0003000300030003,0.0063006300630063,0,0,0,0.0091009100910091,0,0.0026002600260026,0,0,0,0,0.0006000600060006,0,0,0,0,0,0.0014001400140014,0,0.0082008200820082,0.138513851385139,0,0,0,0,0,0.0006000600060006,0,0,0,0,0,0,0,0,0,0,0,0,0,0,0,0.0004000400040004,0,0.015001500150015,0,0,0.0337033703370337,0
0.011497700459908,0.00249950009998,0,0,0,0,0.00849830033993201,0.013997200559888,0,0,0,9.99800039992002e-05,0,0.0422915416916617,0.010497900419916,0,0,0,0,0,0.00739852029594081,0.000899820035992801,0,0,0,0,0,0,0.00739852029594081,0,0.0315936812637473,0,0,0.00759848030393921,0,0,0.00359928014397121,0.002999400119976,0,0,0,0,0,0,0,0.00999800039992002,0,0,0,0,0,0,0,0,0.00839832033593281,0,0,0,0,0.00329934013197361,0,0,0.0002999400119976,0,0,0,0,0,0,0,0.02249550089982,0,0,0,0,0,0,0,0,0.00409918016396721,0,0,0.00529894021195761,0,0,0,0.00339932013597281,0,0,0.0156968606278744,0,0,0,0,0.000799840031993601,0.021995600879824,0,0,0.00899820035992801,0,0,0,0,0,0.000999800039992002,0,0,0.000399920015996801,0,0,0,0,0,0.023995200959808,0.0011997600479904,0,0,0,0.0022995400919816,0,0,0,0,0.0001999600079984,0,0,0,0,0,0,0.0025994801039792,0.0536892621475705,0,0,0,0,0.00449910017996401,9.99800039992002e-05,0,0.000899820035992801,0.000599880023995201,0,0,0,0,0,0,0,0,0,0.0031993601279744,0.0216956608678264,0,0,0,0,0,0,0,0.0401919616076785,0,0,0,0.0445910817836433,0,0,0.0001999600079984,0,0,0,9.99800039992002e-05,0,0,0,0,0,0,0.0551889622075585,0,0,0,0,0,9.99800039992002e-05,9.99800039992002e-05,0,0,0,0,0,0,0,0,0,0.0347930413917217,0,0,0.0002999400119976,0,0,0,0,0,0,0,0.000599880023995201,0,0,0,0.0022995400919816,0,0,0,0.0011997600479904,0,9.99800039992002e-05,0.00689862027594481,0,0.0211957608478304,0,0,0.00249950009998,0,0,0,0.0121975604879024,0,0,0.0283943211357728,0,0.0419916016796641,0,0,0.02249550089982,0,0,0,0,0,0.00639872025594881,0,0,0,0,0,0,0,0,0,0,0,0.000399920015996801,0.00779844031193761,9.99800039992002e-05,0.00669866026794641,0,0.000599880023995201,0.0030993801239752,0,0.00359928014397121,9.99800039992002e-05,0,0,0.0001999600079984,0,0,0,0,0,0,0,0,0.207958408318336,0,0,0,0,0,0.000799840031993601,0,0,0,0.0464907018596281,0,0,0,0,0,0.0122975404919016,0,0,0,0,0,0.0111977604479104,0.0012997400519896,0,0,0,0.00349930013997201,0
0,0,9.9930048965724e-05,0.000199860097931448,0.000299790146897172,0,9.9930048965724e-05,0.00049965024482862,0.000399720195862896,0,0,0,0,0,0.000699510342760068,0,0,0.000199860097931448,0,0,0.000299790146897172,0.00129909063655441,0,0.00049965024482862,0,0.0809433396622364,0,0,0.00049965024482862,0,0,0,0,0,0.00049965024482862,0,0,0,0,0,0,0.00139902068552014,0,0,0,0.0234835615069451,0,0.000599580293794344,0,0,0,9.9930048965724e-05,0,0,0.00319776156690317,9.9930048965724e-05,0,0,0,0.000899370440691516,9.9930048965724e-05,0.000199860097931448,0,0,0.0298790846407515,0.00129909063655441,0.00239832117517738,0,0,0.00229839112621165,0.00129909063655441,0,0,0,0,0,0,0,0,0.0108923753372639,0,0.00049965024482862,0.0170880383731388,9.9930048965724e-05,0.00389727190966324,0,0,0,0,0.00449685220345758,0,0.000299790146897172,0,0,0,0.00419706205656041,0,0,0.00429699210552613,9.9930048965724e-05,0,0,0,0.000199860097931448,0,0,0.00269811132207455,0.0204856600379734,0,0.00399720195862896,0,0,0,0,0,0.00239832117517738,0,0,0.00129909063655441,0,0,0.00569601279104627,0,0,0,0,0,0,0.000399720195862896,0,0.000799440391725792,0.0205855900869391,0,0.000199860097931448,0,0,0,0,0,0,0,0,0,0,0.00889377435794944,0,0.000199860097931448,9.9930048965724e-05,0,0.000399720195862896,0.000199860097931448,0,0,0.000399720195862896,9.9930048965724e-05,0,0,0,0.00659538323173778,0.0178874787648646,0,0,0,0.110522634156091,0,9.9930048965724e-05,0.000199860097931448,0,9.9930048965724e-05,9.9930048965724e-05,0.002897971420006,0,0,0,0,0,0,0.0235834915559109,0.0186869191565904,0,0.0149895073448586,0,0,0,0.00109923053862296,0,0,0,0,0,0.000699510342760068,9.9930048965724e-05,0,0,0,0,0,0,0,0,0,0,0.0516638353152793,0.010492655141401,0,0.000399720195862896,0.000299790146897172,0,0,0,0,0,0.000799440391725792,0,0.00259818127310882,0,0.0126911162186469,0.00259818127310882,0,0.00119916058758869,0,0.00269811132207455,9.9930048965724e-05,0,0,0,0.00889377435794944,0,0,0,0.0150894373938243,9.9930048965724e-05,0,0.166683321674828,0,0,0.00049965024482862,0,0,0.0024982512241431,0,0,0,0,0,0.00139902068552014,0,9.9930048965724e-05,0,0,0.0160887378834816,0.000199860097931448,0.00269811132207455,0,0.000599580293794344,0,9.9930048965724e-05,0,0.00049965024482862,0.00189867093034876,0.00119916058758869,0.00889377435794944,0,0,0,0,0,0.00469671230138903,0.000299790146897172,0.0819426401518937,0.00139902068552014,0.000299790146897172,0,0,9.9930048965724e-05,0,0,0,0.00449685220345758,0.0934345957829519,0,0,0,0,0,0,0,0,0.00449685220345758,0.00109923053862296,0,0,0,0,0,0.00589587288897772,0,0.0123913260717498,0,0.0101928649945038,0
0,0,0,9.99800039992002e-05,0.0312937412517496,0,0,0,0,0,0.0163967206558688,0,0,0,0.00349930013997201,0,0.0031993601279744,0.000399920015996801,0,0,0,0.0142971405718856,0,0,0,9.99800039992002e-05,0,0,9.99800039992002e-05,0.00479904019196161,9.99800039992002e-05,0.000799840031993601,0,0.00379924015196961,0,0,0.0002999400119976,0.000599880023995201,0.0031993601279744,0,0.00419916016796641,0,0,0,0.00589882023595281,0,0,9.99800039992002e-05,0,0,0.00499900019996001,0,0,0,0,0,0,0,0,0.0023995200959808,0,0.00729854029194161,0,0,0,0,0.0020995800839832,0.0028994201159768,0,0,0,0,0,0.0481903619276145,0,0,0.000399920015996801,0,0,0.0101979604079184,0.0020995800839832,0.00689862027594481,0.0018996200759848,0,0,9.99800039992002e-05,0,0,0.0013997200559888,0,0.00839832033593281,9.99800039992002e-05,0.0017996400719856,0,0,0,0,0,0,0,0.000599880023995201,0.00639872025594881,0,0,0.0110977804439112,0,0,0.00919816036792642,0.0395920815836833,0,0,0,0,0.0278944211157768,0.000499900019996001,0,0,0,0.010497900419916,0.000499900019996001,0,0,0.0012997400519896,9.99800039992002e-05,0.0011997600479904,0.0615876824635073,0,0,0,0.177064587082583,0,0,0,0,0,0.0001999600079984,0.0002999400119976,0,0,0,0,0,0.000499900019996001,0,0.0133973205358928,0,0.0002999400119976,0,0,0,0.0016996600679864,0.0027994401119776,0,0,9.99800039992002e-05,0,0,0,0,0,0,0,0,0,0,0,0,0,0,0,0.0002999400119976,0,9.99800039992002e-05,0,0,0,0,0,0.00459908018396321,0.0002999400119976,0,0,0,0,0.0010997800439912,0,0,0,0,0,0,0.00519896020795841,0,9.99800039992002e-05,0,0,0,0,0,0,0,0,0,0.0702859428114377,0,0.000399920015996801,9.99800039992002e-05,0,0,9.99800039992002e-05,0,0,0,0,0,0,0.00829834033193361,0,0,0,0.00379924015196961,0.0015996800639872,0,0.013497300539892,0,0.0016996600679864,0,0,0.0133973205358928,0.0013997200559888,0,0,0,0.0381923615276945,0,0,0.0001999600079984,0,0,0.0025994801039792,0,0,0,0,9.99800039992002e-05,0,0,0,0,0,0,0,0,0,0,0.0002999400119976,0.000799840031993601,0,0,0,0,0,0,0,0.000599880023995201,0,0.0023995200959808,0,0,0.0170965806838632,0,0.00399920015996801,0.0372925414917017,0,9.99800039992002e-05,9.99800039992002e-05,0,0,0,0.167766446710658,0,0,0.0175964807038592,0,0,0,0,0,0.00389922015596881,0.00769846030793841,0,0,0,0,0.00699860027994401,0.0002999400119976,0.0026994601079784,0,0,0.0017996400719856,0
0.000499750124937531,0,0,0,0,0,0,0,0,0.0183908045977011,0,0,0,0,0.0121939030484758,0,0.00309845077461269,0,0,0,0,0.00109945027486257,0.00229885057471264,0,0,0.0448775612193903,0,0.00269865067466267,9.99500249875062e-05,0.00389805097451274,0.00079960019990005,0.0107946026986507,0,0.00689655172413793,0,0,0,0.000599700149925037,0.00599700149925037,0,0.0111944027986007,0,0,0,0.00129935032483758,0,0,0,0.000399800099950025,0,0.00579710144927536,0,0,0,0,0,0,0,0,9.99500249875062e-05,0,0.0190904547726137,0,0,0,0,9.99500249875062e-05,0,0,0.00289855072463768,0,0,0,0.0169915042478761,0,0,0,0,0,9.99500249875062e-05,0,0.0322838580709645,9.99500249875062e-05,0.00129935032483758,0,0.000699650174912544,0,0,0.00189905047476262,0,0,9.99500249875062e-05,0.000299850074962519,0,0.00539730134932534,0.000899550224887556,0,0,0,0,0,0,0,0,0,0,0,9.99500249875062e-05,0.00679660169915042,0.00119940029985007,0,0,0,0.00349825087456272,0.00109945027486257,0,0,0,0.00109945027486257,0.000399800099950025,0,0,0.00409795102448776,0,0.00309845077461269,0.163018490754623,0,0,0,0.214092953523238,0,9.99500249875062e-05,0,0,0,0,0.00449775112443778,0,0,0,9.99500249875062e-05,0,0.000699650174912544,0,0,0,9.99500249875062e-05,0,0,0,0.00169915042478761,0,0,9.99500249875062e-05,9.99500249875062e-05,0,0,0,0.00209895052473763,0,0,0,0,0,0,0,0,0,0,0,0.000199900049975012,0,9.99500249875062e-05,0,0,0,0,0,0.00139930034982509,0,0,0,0,0,9.99500249875062e-05,0,0,0,0,0,0,0.00299850074962519,9.99500249875062e-05,0,0,0,0.00199900049975012,0,0,0,0,0,0,0.00719640179910045,0.138030984507746,0.000299850074962519,0,0,0.000199900049975012,0,0,0,0,0,0,0,0.0015992003998001,0,9.99500249875062e-05,0,0,0.00109945027486257,0,0,0,0,0,0,0,0,0.00079960019990005,0,0,0.00759620189905048,0,0,0,0,0,0,0,9.99500249875062e-05,0,0,9.99500249875062e-05,9.99500249875062e-05,0,0,0,0,0.0145927036481759,0.000499750124937531,0,0,0,0,0.000299850074962519,0,0.000199900049975012,0,0,0,0.000599700149925037,9.99500249875062e-05,0,0,0,0,0,0.0429785107446277,0,0,0.0108945527236382,0,0,0,0,0,0,0.12343828085957,0,0,0.0145927036481759,0,0,0,0,0,0,0,0,0,0,0,0,0,9.99500249875062e-05,0,0,0.00439780109945028,0
0.000499600319744205,0,0,0,0.00699440447641886,0,0,0,0,0.00839328537170264,0.00189848121502798,0,0,0,0.00559552358113509,0,0,0,0,0,0,0.00909272581934452,0.00669464428457234,0.00179856115107914,0,0.327438049560352,0,0,9.99200639488409e-05,0.00599520383693046,0.0138888888888889,0,0,9.99200639488409e-05,0,0,0,9.99200639488409e-05,0,0,0,0,0,0,0.00119904076738609,0.00159872102318145,0,0,0,0,0,0,0,0.000799360511590727,0,0,0,0,0,0.0160871302957634,0,0,0.004396482813749,0,0,0,0.0123900879296563,0.0127897681854516,0,0,0,0,0.000299760191846523,0,0,0,0,0,0,0.00149880095923261,0,0.00309752198241407,0.000199840127897682,0,0,0,0,0,0.00229816147082334,0,0,9.99200639488409e-05,0,0,0,0,0,0,0,0,0,0,0,0,0,0,0,9.99200639488409e-05,0.0218824940047962,0.000199840127897682,0.00139888089528377,0,0,0,0.000199840127897682,0,0,0.000299760191846523,0,0,0.0281774580335731,0,0,9.99200639488409e-05,0,0.0763389288569145,0,0,0,0.129596322941647,0,0,0,0,0,0,9.99200639488409e-05,0,0,0,0,0,0,0,0,0,0,0,0,0,0,0,0,0,0,0,0,0,0.000899280575539568,0.000299760191846523,0,0,0,0,0,0,0,0,0,0,0,0,0,9.99200639488409e-05,0,0,0,0,0.0157873701039169,0,0,0,0,0,0,0,0,0,0,0,0,0,0,0,0,0,0,0,0,0,0,0,0,9.99200639488409e-05,0.00449640287769784,0.00149880095923261,9.99200639488409e-05,0,0,0.000699440447641887,0,0,0,0,0,9.99200639488409e-05,0,0,0,0,0,0,0,0,0,0,0,0,0,0,0,0,0,0.0240807354116707,0,0,0,0,0,9.99200639488409e-05,0,0,0,0,0.000399680255795364,0,0,0,0,0,0,0,0,0,0,0.000999200639488409,0,0,0,0.000499600319744205,0,0,0,9.99200639488409e-05,0,0,0,0,0,0.000499600319744205,0,0,0.0319744204636291,0,0.00129896083133493,0,0,0,0,0.211430855315747,0,0,9.99200639488409e-05,0,0,0,0,0.000699440447641887,0,0,0,0,0,0,0,0,0,0,0,0,0
0,0,0,0.000199880071956826,0,0,9.9940035978413e-05,0,0.0922446532080752,0.000399760143913652,0,0,0,0,0.00419748151109334,0,0,0,9.9940035978413e-05,0,9.9940035978413e-05,0.000399760143913652,0,0,0,0.443433939636218,0,0.000499700179892065,0.00179892064761143,0.00109934039576254,0,0,0,0,0,0,0,0.000599640215870478,0,9.9940035978413e-05,0,9.9940035978413e-05,0,0.00179892064761143,0,0.00129922046771937,0,0,0.000199880071956826,0,9.9940035978413e-05,0.000199880071956826,0,0,0,0.000199880071956826,0,0,0,0,0.000299820107935239,0,0,0,0,0.00409754147511493,0.0155906456126324,0,0,0,0.00549670197881271,9.9940035978413e-05,0,9.9940035978413e-05,0,0,0,0,0,0,0,0,0,0,9.9940035978413e-05,0.00109934039576254,0.00699580251848891,0,0,0,0,0.0104937037777334,0,0,0,0,0,0,0.00299820107935239,0,0,0.000399760143913652,0,0,0.000599640215870478,9.9940035978413e-05,0.00889466320207875,0,0,0,0,0,0,0.0245852488506896,0,0,0,0,0.00299820107935239,0,0,0,0,9.9940035978413e-05,0.00349790125924445,0,0,0,0,0,9.9940035978413e-05,9.9940035978413e-05,0,0,0,0,0.00259844093543874,0,0,0,0.00169898061163302,0,0,0,0,0,0.00369778133120128,0.00119928043174096,0,0,9.9940035978413e-05,0.000899460323805717,0,0.0139916050369778,0.000999400359784129,0,0,9.9940035978413e-05,0,0.000799520287827304,0,0,9.9940035978413e-05,0.000699580251848891,0,0,0,0,0,0,0.00239856086348191,0,9.9940035978413e-05,0,0.000899460323805717,0,0,0,0,9.9940035978413e-05,0,0,0,0,0.00159904057565461,0,0,0,0,0,0,0.0053967619428343,0,0,0,0,0,0,0,0,0,0,0,0,0,0.000899460323805717,9.9940035978413e-05,0,0,0.000199880071956826,0,0,0.000399760143913652,0,0.00149910053967619,0,0,0.0119928043174096,0.00149910053967619,0.000799520287827304,0,0.00719568259044573,0,0,0,0,0,0,0.00869478313012193,0,0.00119928043174096,0,0.000399760143913652,0.027583449930042,0,0,0,0,9.9940035978413e-05,0,0.000199880071956826,0,0,0,0,0,9.9940035978413e-05,0,0,0,0,9.9940035978413e-05,0,0,0,0,9.9940035978413e-05,0,0.000299820107935239,0.000899460323805717,0,0,0,0.000299820107935239,0,0.000199880071956826,0,0,0,0.0296821906855886,0,0.000899460323805717,0.0237857285628623,0,0,9.9940035978413e-05,0.000199880071956826,0.000599640215870478,0.000499700179892065,0.179792124725165,0,0,0.0131920847491505,0,0,0,0,9.9940035978413e-05,0,0.00369778133120128,0,0,0.000399760143913652,9.9940035978413e-05,0,0,0,0,0,0.00689586248251049,0
0,0,0,0,0,0,0.000199920031987205,0.00469812075169932,0,0,0.000299880047980808,0.000199920031987205,0,0.00829668132746901,0,0,0,9.99600159936026e-05,0,0.000499800079968013,0.00699720111955218,0.0275889644142343,9.99600159936026e-05,0,0,0,0,0,0.0134946021591363,0.00129948020791683,0.00229908036785286,0,0,0.00369852059176329,0,0,0.00079968012794882,0.0424830067972811,0,9.99600159936026e-05,0,0,0,0.00109956017592963,0,0.0122950819672131,0.000299880047980808,0.000199920031987205,0,9.99600159936026e-05,9.99600159936026e-05,0,0,0,0.00839664134346262,0,0,0,0,0.030187924830068,0,0.00159936025589764,0,0,0,0.00109956017592963,0.0281887245101959,0,0,0,0.00909636145541783,9.99600159936026e-05,9.99600159936026e-05,0.00179928028788485,0,0.0255897640943623,0,0.000199920031987205,0.000299880047980808,0.033186725309876,0.000299880047980808,0.00149940023990404,0.0433826469412235,0.00079968012794882,0.116953218712515,0,0,0,0,0.00969612155137945,0.0208916433426629,0.014094362255098,0.00709716113554578,0,0.00569772091163535,0,0,0,0.00419832067173131,0,0.000699720111955218,0,0,0,0.000199920031987205,0,0,0,0.000299880047980808,0.078468612554978,0,0.00209916033586565,0,0.00299880047980808,0,0.000599760095961615,0,0.000599760095961615,0.01609356257497,0.00039984006397441,0,0,0,0,0.00269892043182727,0.00689724110355858,0,0,0.000199920031987205,0.0130947620951619,0.00809676129548181,0.0171931227508996,0,0,0,0,0.00149940023990404,0,0,0,0,0,0.00039984006397441,0,0.007796881247501,0,0.00209916033586565,0,0,0,0.00039984006397441,0.00229908036785286,0,0,0.0116953218712515,0,0,0,0,0.00469812075169932,0,0,0.000499800079968013,0.000499800079968013,0,0,0,0,0,0,0.000299880047980808,0,9.99600159936026e-05,0.000199920031987205,0,0,0.000499800079968013,0.00149940023990404,0.00599760095961615,0.000299880047980808,0.000199920031987205,0,0,0,0.000999600159936026,0,0,0,0,0,0,0.00649740103958417,0,0.000599760095961615,0,0,0,0,0,0.000299880047980808,0,0.000699720111955218,0,0.0270891643342663,0,0.00839664134346262,0.00319872051179528,0,0,0.000899640143942423,0.00039984006397441,0,0.000499800079968013,0.000299880047980808,0.00259896041583367,9.99600159936026e-05,0.0104958016793283,0.0037984806077569,0.0146941223510596,9.99600159936026e-05,0.00499800079968013,0,0,0,0,0,0.0647740903638545,0,0,0.00309876049580168,0,9.99600159936026e-05,0,0.0417832866853259,0,9.99600159936026e-05,9.99600159936026e-05,0,0,0,0.000499800079968013,0,0,0,0,0,0,0,0,0,0,0.00919632147141144,0.000999600159936026,0,0.00139944022391044,0.00879648140743703,0.00169932027189124,9.99600159936026e-05,0.00329868052778888,0.00169932027189124,0,0,0,0.00159936025589764,0,0,0.000299880047980808,0,0.000699720111955218,0.00079968012794882,0,0,0.0126949220311875,0,0,0.000199920031987205,0.000899640143942423,0.000899640143942423,0.00139944022391044,0,0,9.99600159936026e-05,0.0358856457417033,0.00039984006397441,0,0,0,0,0.00619752099160336,0.00249900039984006,0,0,0,0,0.00339864054378249,9.99600159936026e-05,0.0132946821271491,0.0107956817273091,0,0,0.000199920031987205
0,0,0,0,0.0254847091744953,0,9.9940035978413e-05,0,0,0.00629622226664002,0.00659604237457526,0,0,9.9940035978413e-05,0,0,0.00779532280631621,0,0.0116929842094743,0,0.00109934039576254,0.015490705576654,0,0,0,0.0226863881670997,0,0,0.00559664201479113,0,0,0,0,0.00139916050369778,0,0,0,0.00109934039576254,0,0,0.00599640215870478,0,0.00119928043174096,0,0.000699580251848891,0,0,0,0,0,0,0,0,0.000299820107935239,0.00419748151109334,0,0,0,0.000299820107935239,0.00799520287827304,0.00879472316610034,0.000399760143913652,0.00169898061163302,0,0.000299820107935239,0,0.000699580251848891,0.00409754147511493,0,0,0.00129922046771937,0,0.00169898061163302,0.00189886068358985,0,0,0,9.9940035978413e-05,0.000899460323805717,0.00509694183489906,0,0.0236857885268839,0,0,0,0,0.0584649210473716,0,0.00129922046771937,0.00299820107935239,0,9.9940035978413e-05,0,0,0.00159904057565461,0,0,0,0,0,0,0,0,0,0,0,0.00509694183489906,0.0473715770537677,0.0155906456126324,0,0,0,0,0.0092944233459924,0.000399760143913652,0,0,0,0,9.9940035978413e-05,0.020087947231661,0,0.0313811712972217,0,0.00149910053967619,0.0507695382770338,0,0,9.9940035978413e-05,0.153208075154907,0.00369778133120128,0.00109934039576254,9.9940035978413e-05,0,0,0,9.9940035978413e-05,0,0,0,0.0163901659004597,0,0.00209874075554667,0,0.0271836897861283,0,0.00209874075554667,0,0,0,0.000599640215870478,0,0,0.00289826104337398,0,9.9940035978413e-05,0,0,0,0.000399760143913652,0,0,0,0.0429742154707176,0,0,0,0.000399760143913652,0,0,0.000599640215870478,0,0,0,0,0,0.000299820107935239,0,0.00709574255446732,0,0,0,0,0,0.00519688187087747,0,0,0,0,0,0,0.00569658205076954,0.00239856086348191,0.000499700179892065,0,0,0,0,0,0,0.00179892064761143,0,9.9940035978413e-05,0,0,0.0022986208275035,0,0,0,0,0.00449730161902858,0.000599640215870478,0,0.00109934039576254,0.00169898061163302,0,0.0105936438137118,0.0260843493903658,0.0608634819108535,0,0,0,0,0,0,0,0.00429742154707176,0,0.00739556266240256,0,0.0117929242454527,0,0,0.00649610233859684,0,0,0,0.000599640215870478,0,0,0.000599640215870478,0,0,0.00299820107935239,0,0,0,0,0,0,0,0,0.00649610233859684,0,0,0,0,0,0,0.00179892064761143,0,0,0,0.00359784129522287,0,0,0,0,0,0.000199880071956826,0,0.00729562262642415,0.00779532280631621,0,0,0,0,0,0.000899460323805717,0.0855486707975215,0,0.0105936438137118,0.024685188886668,0,0,0,0,0,0,0.00279832100739556,0,0,0,0,0.00569658205076954,0,0.000699580251848891,0,0,0,0
0,0,0,0,0,0,0.000199900049975012,0.00359820089955022,0,0,0,0,0,0.0170914542728636,0.00189905047476262,0,0.00179910044977511,0,0,0,0.00619690154922539,0,0,0.000299850074962519,0,0.0395802098950525,9.99500249875062e-05,0,0.000299850074962519,0.000399800099950025,0,0.024287856071964,0,0.00999500249875063,0,0,0,0.00299850074962519,0,0,0,0,0,0.00519740129935032,0,0.00659670164917541,0,0,0,0,0.00189905047476262,0,0,0,0,0,0,9.99500249875062e-05,0,0.00119940029985007,0,0.000899550224887556,0,0,0.000999500249875062,9.99500249875062e-05,0.00299850074962519,0,0,0.00419790104947526,0.0015992003998001,0,0,0,0,0,0,0,0,0,0,0,0.040279860069965,0,0.015192403798101,0,0,0,0,0,0.0266866566716642,9.99500249875062e-05,0.0136931534232884,0,0,0,0,0,0,0,0,0,0,0,0,0.00169915042478761,0.0126936531734133,0.221289355322339,9.99500249875062e-05,0,0,0,0,0,0,0,0.0031984007996002,0,0.00609695152423788,0,0,0,0,9.99500249875062e-05,0.0131934032983508,0,0,0,0,0,0.000899550224887556,0,0,0,0,0,9.99500249875062e-05,0,0,0,0.000599700149925037,0,0,0,0,0,0.00119940029985007,0,0,9.99500249875062e-05,0,0.00199900049975012,0,0.00289855072463768,0,0,0,0,0,0.00289855072463768,0,0,0,0.141729135432284,0,9.99500249875062e-05,0,0,0,0,0.000399800099950025,0,9.99500249875062e-05,0,0.00259870064967516,0,0,0.0106946526736632,0.0015992003998001,0,0,0,0,0,0.00199900049975012,0,0,0,0,0.000199900049975012,0,0.0220889555222389,0,0,0,0,0,0,0,0.00129935032483758,0,0,0,0.0412793603198401,0,0.00219890054972514,0,0,0,0.000199900049975012,0,0,9.99500249875062e-05,0,0,9.99500249875062e-05,0.00139930034982509,0.00549725137431284,0,0,0,0,0,0,0,0,0,0,0.00559720139930035,0,0,9.99500249875062e-05,0,0,0,0,0,0,0,0,0.000899550224887556,0,0,0,0,0,0,0,0,0,0,0,0.00299850074962519,0,0,0.00129935032483758,0,0,0,0.0190904547726137,9.99500249875062e-05,0,0,9.99500249875062e-05,0,0,0.000499750124937531,0,0,9.99500249875062e-05,0,0,0.0169915042478761,0,0.000199900049975012,0,0,0.000199900049975012,0.00189905047476262,0.160619690154923,0,0,0.0342828585707146,0,0,0,0,0,0.00369815092453773,0.00129935032483758,0,0,0,0,0.00309845077461269,0,0,0,0,0.0137931034482759,0
0,0,0,0,0,0,9.99200639488409e-05,0,0,0.00769384492406075,0.00139888089528377,0,0,0.00919264588329336,0.0202837729816147,0,0.0298760991207034,0,0,0,0,0.0185851318944844,0.00199840127897682,9.99200639488409e-05,0,0.00709432454036771,0,0,0.000399680255795364,0.00199840127897682,0,0,0,0.00869304556354916,0,0,0.0016986410871303,0.000899280575539568,0.00289768185451639,0,0.00529576338928857,0,0,9.99200639488409e-05,0,0.000199840127897682,0,0,0,0,0.00289768185451639,0,0,0,0.00159872102318145,0,0,0.000799360511590727,0,0.0187849720223821,0.0021982414068745,0.0016986410871303,0.000799360511590727,0,0.00719424460431655,0,0.000699440447641887,0.0060951239008793,0,0,9.99200639488409e-05,0,0,0.000899280575539568,0,0,0,0,0,0.0158872901678657,0,0,0,0,0.000599520383693046,0,9.99200639488409e-05,0,0,0,0.0147881694644285,9.99200639488409e-05,0.000699440447641887,0,0,0,0,0,0,0,0,0,0,0.00229816147082334,0,0,0,0.000999200639488409,0.00349720223820943,0,0,0,0,0,0,0,0,0,9.99200639488409e-05,9.99200639488409e-05,0,0,0,0,0.00259792166266986,0.140287769784173,0,0,0,0.183353317346123,0,0.000399680255795364,0,0,0.000299760191846523,0.000499600319744205,0.000799360511590727,0,0,0,0.000199840127897682,0,0.000599520383693046,0,0,0,0.000199840127897682,0,0,0,9.99200639488409e-05,0,0,0,0,0,0,0,0,0.00119904076738609,0,0,0,0,0,0,0,0,0,0,0,0,9.99200639488409e-05,0,0,0,0,0.000699440447641887,0,0,0,0,0,0,0.000699440447641887,0,0,0,0,0,0,0.00819344524380496,0.000199840127897682,0,0,0.000199840127897682,0,9.99200639488409e-05,0,0,0,0,0,0,0,0.00349720223820943,0,0,0.000399680255795364,0.000199840127897682,0,0,0,0,0.000299760191846523,0,0.00489608313349321,0.000499600319744205,0.000799360511590727,0.000399680255795364,0,0,0,0,0,0,0,0,0.00719424460431655,0,0.0016986410871303,0,0,0.0862310151878497,0,0,0,0,0,0.00489608313349321,0,0,0,0,0,0,0,0,0,0,0.0167865707434053,0.000599520383693046,0.0021982414068745,0,0.00269784172661871,0.0187849720223821,0.00209832134292566,0,0,9.99200639488409e-05,0,0,0,0,9.99200639488409e-05,0,0,0,0.0174860111910472,0.0320743405275779,0,0,0.0628497202238209,0,0,0,0.000499600319744205,9.99200639488409e-05,9.99200639488409e-05,0.151478816946443,0,0.000199840127897682,0.0208832933653078,0,0,0,0,0,0.000699440447641887,0.000599520383693046,0,0,0,0,0.00249800159872102,0,0.0130895283772982,0,0,0.000899280575539568,0
0,0,0,0,0.00709432454036771,0,0,0,0,0.00689448441247002,0.00299760191846523,0,0,0,0.00179856115107914,0,0,0,0,0,0,0.00789368505195843,0,0,0,0.105815347721823,0,0,9.99200639488409e-05,0,0.000199840127897682,0,0,0.00759392486011191,0,0,0,0.000499600319744205,0.00869304556354916,0,0,0,0,0,0.00309752198241407,0.00719424460431655,0,0.000199840127897682,0.000199840127897682,0,0,0,0,0,0,0,0,0,0,0,0.00979216626698641,0,0,0,0,0,9.99200639488409e-05,0.000899280575539568,0.000299760191846523,0,0,0,0,0,0,0,0.000199840127897682,9.99200639488409e-05,0,0.00549560351718625,0,0.0146882494004796,0,0,0,0,0.00249800159872102,0,0.00649480415667466,0,0,9.99200639488409e-05,9.99200639488409e-05,0,0,0,0,0,0,0,0,0,0,0,0,0,0,0.00249800159872102,0,0,0,0,0,0,0.00119904076738609,0,0,0,0.000699440447641887,0,0,0,0,0,0.0109912070343725,0.0786370903277378,0,0,0,0.123201438848921,0,0,0.00249800159872102,0,0,0,9.99200639488409e-05,0,0,0,9.99200639488409e-05,0,0.00259792166266986,0,0,0,0.000199840127897682,0,0,0,0.00139888089528377,0,0,0.000399680255795364,0,0,0,0,0,0,9.99200639488409e-05,0,0,0,0,0,0,0,0,0,9.99200639488409e-05,0,0,0,0,0,0,0,0.0104916067146283,9.99200639488409e-05,0,0,0,0,0,0,0,0,0,0,9.99200639488409e-05,0.0100919264588329,0,0.000199840127897682,0,0,0,0,0,0,0,0,0,0,0,0.000499600319744205,0,0,0.00739408473221423,0.000299760191846523,0,0,0,0,0,0,0,0,0.000199840127897682,0,0,0.00109912070343725,0,0,0,0,0,0,0.0338729016786571,0,0,0,0,0.0421662669864109,0,0,0,0,0,0,0,0,0,0,9.99200639488409e-05,0,0,0.000199840127897682,0,0,0,0,0,0,0.000299760191846523,0,0,0,0.000999200639488409,0,9.99200639488409e-05,0,0,0,0,0,0,0,0,0,0,0,0.0251798561151079,0,0,0,0,0,0.00139888089528377,0.418764988009592,0,0,0.01378896882494,0,0,0,0,0,0,0,0,0,0,0,0,0,0.000299760191846523,0,0,0.0065947242206235,0
0,0,0,0,0.0114931041375175,0.0110933439936038,0.000399760143913652,0,0,0.0359784129522287,0,0,0,0,0.000699580251848891,0,0.00699580251848891,0,0,0,0,0,0.00219868079152508,0,0,0.0257845292824305,0,0,0.000399760143913652,0,0,0,0,0,0,0,0.000599640215870478,0.00169898061163302,0.00329802118728763,0,0.0149910053967619,0,0,0,0.00159904057565461,0,0,0,0,0,0,0,0,0,0,0,0,0,0,0,0.0102938237057765,0,0.00179892064761143,0,0,0,0.0076953827703378,0,0.000299820107935239,0,9.9940035978413e-05,0,0.00389766140315811,0,0,0,0,0,0,0.0101938836697981,0,0.0140915450729562,0,0,0,0.000299820107935239,0,0,0.00279832100739556,0,0,9.9940035978413e-05,9.9940035978413e-05,0,0,0,0,0,0,0,0,0,0,0,0.00299820107935239,0,0,0.00749550269838097,0,0,0,0,0,0,0,0,0,0.0022986208275035,0,0,0,0,0.00489706176294223,0,0.000799520287827304,0.090745552668399,0,0,0,0.171996801918849,0,0,0,9.9940035978413e-05,0,0,9.9940035978413e-05,0,0,0,9.9940035978413e-05,0,0.00149910053967619,0,0,0,0,0,0,9.9940035978413e-05,0.00909454327403558,0,0,0,0,0,0,0,0,0,0,0,0,0,0,0,0,0,0,0,0,0,0,0,0,0,0,0,0,0,0,0,0,0,0,0,0,0,0,0,0,0.00519688187087747,0.000599640215870478,0,0,0,0,0.000199880071956826,0,0,0,0,0,0,0,0.00799520287827304,0,0.00689586248251049,0,0.00189886068358985,0,0,0,0,0,0,0,0,0.0226863881670997,0,0.0185888466919848,0,0,0,0,0,0,0,0,0,0,0,0,0.0257845292824305,0,0,0.000199880071956826,0,0,0,0,0,0,0,0.000599640215870478,9.9940035978413e-05,0,0,0,0,0,0,0,0,0,0.0134919048570857,0,0,0,0,0,0,0,0.000299820107935239,0,0,0,0,0,0.21537077753348,0,0,0.15300819508295,0,0,0,0,0.000599640215870478,0,0.0207875274835099,0,0,0.0317809314411353,0,0,0,0,0,0,0,0,0,0,0,0.00289826104337398,0,0.00809514291425145,0,0,0.00179892064761143,0
0,0,0,0,0.0252924122763171,0,0,0,0,0.00799760071978406,0,0,0,0,0,0,0,0,0,0,0,0,0.00669799060281915,0,0,9.99700089973008e-05,0,0,0.000499850044986504,0,0,0,0,0.00239928021593522,0,0,0,0,0,0,0,0,0.00239928021593522,0,0.00159952014395681,0.00479856043187044,0,0,0,0,0,0.000999700089973008,0,0.000599820053983805,0,0,0,0,0,0,0,0,0,0,0.000499850044986504,0,0.0158952314305708,0,0,0.0306907927621713,0,0,0,0,0,0,0,0,0,0.0459862041387584,0,0,0,0,0,0,0,0,0,0,0,0,9.99700089973008e-05,0,0.000799760071978406,0,0,0,0,0,0,0.0224932520243927,0,0,0,0,0,0.000199940017994602,0.00969709087273818,0.00129961011696491,0,0,0.000799760071978406,0,0,0,0,0.000399880035989203,0,0,0,0,0.0104968509447166,0,0,0.140057982605218,0,0,0,0,0.0835749275217435,0.0100969709087274,0,0,0,0,9.99700089973008e-05,0,0,0,0.000299910026991902,0,0.00199940017994602,0,0,0,0,0,0,0,0.00189943017094872,0,0.00629811056682995,0,0,0,0,0,0.0352894131760472,0.00459862041387584,0,0,0,0,0,0,0,0,0,0,0,0,0,0,0,0,0,0,0.00649805058482455,0,0,0,0,0,0,0,0.000299910026991902,0,0,0,0,0.0165950214935519,0,0,0,0,0,0,0,0,0,0,0,0,0,0,0,0,0,9.99700089973008e-05,0,0,0,0,0,0,0,0,0,0,0,0,0,0,0,0,0,0,0,0,0,0,0,0.0569829051284615,0,0,0,0,0,0,0,0,0,0,0,0,0,0,0,0,0,0,0,0,0,0,0,0,0,0,0,0,0,0,0,0,0,0,0,0.113066080175947,0,0,0.098370488853344,0,0.000199940017994602,0,0,0,0,0.213036089173248,0,0.00519844046785964,0.0124962511246626,0.000199940017994602,0,0,0,0,0,0,0,0,0,0,0,0,0,0,0,0,0
0,0,0,0,0,0,0,0.0018996200759848,0,0,0,0,0,0,0.00329934013197361,0,0,0,0,9.99800039992002e-05,0.0285942811437712,0,0,0,0,0.132873425314937,0,0,0,0.001499700059988,0.025994801039792,0,0,0,0,0,0.001499700059988,0,0,0,0,0,0,0,0,0,0,0,0,0,0,0,0,0,0.0025994801039792,0,0,0.0018996200759848,0,0,0,0,0,0,0,0,0.0331933613277345,0,0,0,0,0,0,0,0,0,0,0,0.0232953409318136,0.0271945610877824,0,0,0.0010997800439912,0.0010997800439912,0,0.0002999400119976,0,0,0,0.000999800039992002,0,0.0212957408518296,0.00529894021195761,0,0,0.000799840031993601,0.000399920015996801,0,0.0002999400119976,0,0,9.99800039992002e-05,0,0,0.000699860027994401,0,0,0.10247950409918,0,0,0,0,0,0.00809838032393521,0,0.001499700059988,0,0,0.0201959608078384,0,0,0,0,9.99800039992002e-05,0.0022995400919816,0,0,0.001999600079984,0,0,0.0031993601279744,0.00459908018396321,0,0,0,0,0.000399920015996801,0,0,0,0.000899820035992801,0,0,0,0,0,0,0.0016996600679864,0,0,0,0.00709858028394321,0,0,0,0,0,0,0,0,0,0,0,0,9.99800039992002e-05,0,0,0,0,0,0,0,0,0,0,0,0,0,0.0830833833233353,0,0,0,0,0,0,0,0,0,0,0,0,0.0152969406118776,0,0.000399920015996801,0,0.0002999400119976,0,0,0,0,0,0,0,9.99800039992002e-05,0,0,0,0,0,9.99800039992002e-05,0,0,0,0.000799840031993601,0,0,0.0201959608078384,0,0,0,0,0,0,0,0,0,0,0,0.00899820035992801,0,0,0,0,0.0135972805438912,0.001999600079984,0,0,0,0,0.00909818036392721,0,0,0,0,0,0,0,0,0,0,0.0480903819236153,0,0,0,0.000599880023995201,0.0016996600679864,0,0,0.0017996400719856,0,0.000899820035992801,0,0,0,0,0,0,0,0,0,0.0178964207158568,0,0.00849830033993201,0,0,0,0,0,0,0.284043191361728,9.99800039992002e-05,0,0,0,0,0,0,0.0027994401119776,0,0,0,0,0,0,0,0,0.0011997600479904,0,0,0.00739852029594081,0
0,0,0,0,0.010492655141401,0.002897971420006,0.000399720195862896,0,0.000899370440691516,0.01448985710003,0.00509643249725192,0,0,0,0.0284800639552313,0,0,0,0,0,0.00139902068552014,0.00779454381932647,0,0,0.00219846107724593,9.9930048965724e-05,0.000299790146897172,0,0.002897971420006,0,0,0,0,0,0,0,0.000399720195862896,0.00049965024482862,0.00189867093034876,0,0.0100929349455381,0,0,0.000799440391725792,0.00559608274208054,0.000599580293794344,0,0,9.9930048965724e-05,0,0.0182871989607275,9.9930048965724e-05,0.000299790146897172,0,0,0,0,0,0,0.000299790146897172,0.00339762166483462,0.000399720195862896,0.000899370440691516,0,0,0.000199860097931448,0.00239832117517738,0.00239832117517738,0,0,0.000199860097931448,0,9.9930048965724e-05,0.000899370440691516,0,0,0.000399720195862896,0,0,0.00279804137104027,0.00049965024482862,0.018087338862796,0,0,0.00929349455381233,0,0,0,0.00449685220345758,0,0,9.9930048965724e-05,0.00129909063655441,0,0.00169881083241731,0,0,0,0,0,0,0,0,0,0.000899370440691516,0,0,0.00369741181173179,0.00619566303587489,0,0.000699510342760068,0,0,0.000799440391725792,0,0,0,0.00529629259518337,0.00689517337863496,0,0,0,0,0,0.000299790146897172,0.153592485260318,0,0,0,0.0190866393524533,0,0.000199860097931448,0,0,0.00129909063655441,0,9.9930048965724e-05,0,0,0,0,0,0,0,0,0,0,0,0,9.9930048965724e-05,9.9930048965724e-05,0.000699510342760068,0,0,0,0.00159888078345158,0,0,0,0,0,0,0,9.9930048965724e-05,0,0,0,0,0.000299790146897172,0.000299790146897172,0,0,0,0,0,0,0,0.000199860097931448,0,0,9.9930048965724e-05,0,0,0,0,0,0,0,0.000299790146897172,0,0,0.00629559308484061,0.000599580293794344,0,0,0,0,0.000199860097931448,0,0,0,0,0,0,0,0.00179874088138303,0,0,9.9930048965724e-05,0.00159888078345158,0,0,0,0,0.000299790146897172,0,0.002897971420006,0.0020985310282802,0.00119916058758869,0.000299790146897172,0.00129909063655441,0,0,0,0,0,0,0,0.00309783151793744,0,0.0020985310282802,0,9.9930048965724e-05,0.0410712501249126,0,9.9930048965724e-05,0,0,0,0,0,0,0,9.9930048965724e-05,0,0,0,0.000399720195862896,0.000199860097931448,0,0.000199860097931448,0,9.9930048965724e-05,0.000199860097931448,0.000299790146897172,0.00049965024482862,0,0,0,0,9.9930048965724e-05,0.00159888078345158,0,0,0,0,0,0,0,0.475367242929949,0.000599580293794344,0,0.0195862895972819,0,9.9930048965724e-05,0,9.9930048965724e-05,0,0.000299790146897172,0.045967822524233,0,0,0.00119916058758869,0,0,0,0.00119916058758869,0,0,0.00299790146897172,0,0,0,0,0,0,0.0095932847007095,0,0,0.00529629259518337,0
0,0,0.000299790146897172,9.9930048965724e-05,0,0.00689517337863496,0.000799440391725792,0,0,0.00869391426001799,0.00759468372139502,0,0,0.0301788747876486,0.00329769161586889,0,0,0,0,0,0,0,0,0,0,0.00129909063655441,0,0,9.9930048965724e-05,0,0,0,0,0.00109923053862296,0,0,9.9930048965724e-05,0,0.00359748176276606,0,0.0129909063655441,0,0,0,0.00599580293794344,0.000899370440691516,0,0,0,0,0,0,0,0,0,0,0,0,0,0,0.0100929349455381,0,0,9.9930048965724e-05,0,0,0.00329769161586889,0.0024982512241431,0.000399720195862896,0,0,0,0.000299790146897172,0.0998301189167583,0,0,0,0,0,0,0,0,0,0,0,0.000399720195862896,9.9930048965724e-05,0,0,0,0.00979314479864095,0,0,0,0,0,0,9.9930048965724e-05,0.0020985310282802,0,9.9930048965724e-05,0.00519636254621765,9.9930048965724e-05,0,0,0,0,0.0141900669531328,0,0,0.000699510342760068,0,0,0.0125911861696812,0,0,0,0.00819426401518937,0,0,0,0,0,0,0.000599580293794344,0.0627560707504747,0,0,0,0.170080943339662,0,0.00399720195862896,0,9.9930048965724e-05,0.000199860097931448,9.9930048965724e-05,9.9930048965724e-05,0,0,0,0,0,0.00109923053862296,0,0,0,0,0.00199860097931448,0,0,0.000899370440691516,0,0,0.00199860097931448,0,0,0,0,0,0.00329769161586889,0,0,0,0,0,0,0.000399720195862896,0,0,0.000299790146897172,0,0,0,0,0,0,0,0,0,9.9930048965724e-05,0,0,0,0,0,0,0,0,0,0,0,0.00779454381932647,9.9930048965724e-05,0,0,0,0,0,0,0,0,0.00049965024482862,0,0,0,0,0,0,9.9930048965724e-05,9.9930048965724e-05,0,0,0,0,0,0,0,0,0.0148895772958929,0,0,0.00379734186069751,0,0,0,0,0,0,0.00559608274208054,0,0.0103927250924353,0,0,0.0320775457179974,0,0.000299790146897172,0.000299790146897172,0,0,0,0,0,0,0,0,0,9.9930048965724e-05,0,0,0,0,0,0,0,0,0.000799440391725792,0,9.9930048965724e-05,0,0,0,0,0,0.000199860097931448,0,0,0,0,0,0.000199860097931448,0,0,0.0710502648146298,0,0,0,0,0,0,0.308084340961327,0,0,0.000599580293794344,0,0,0,0,0,0,0,0,0,0,0,0.0353752373338663,0,0.00049965024482862,0,0,0.0049965024482862,0
0,0,0,0,0,0,0,0,0,0,0,0,0.0023997600239976,0,0.005999400059994,0,0,0,0,0,0,0,0,0,0,0.327767223277672,0,0,0.0027997200279972,0.053994600539946,0.0041995800419958,0,0.0008999100089991,0.0065993400659934,0,0,0.002999700029997,0,0,0,0,0,0,0.0015998400159984,0,0.0053994600539946,0,0,0,0,0,0,0,0,0.0007999200079992,0,0,0,0,0,0,0,0,0,0,0,0.0118988101189881,0,0.0012998700129987,0,0.0003999600039996,0,0,0.0022997700229977,0,0,0,0,0,0,0,9.99900009999e-05,0,0,9.99900009999e-05,0,0.0002999700029997,0,0,0.0013998600139986,0.0044995500449955,0,0.130686931306869,0,0,0,0.0107989201079892,0,0.0012998700129987,0,0,0.0716928307169283,0,0.0033996600339966,0,0,0,0,0.0023997600239976,0,0,0,0,0.0012998700129987,0,0,0,0,0,0,0,0,0,0,0.0375962403759624,0,0,0,0,0,0.0007999200079992,0.0050994900509949,0,0,0,9.99900009999e-05,0.0020997900209979,0,0,0,0,0,0,0,0,0,0,0,0,0,0,0.0004999500049995,0,0,0,0,0,0,0,0.0027997200279972,0,0,0,0,0,0,0,0,0,0,0,0.0213978602139786,0,0,0,0,0,0,0,0,0,0,0,0,0,0,0,0,0,0,0,0.0012998700129987,0.0006999300069993,0,0,0,0,0,0,0,0,0,0,0,0,0,0,0,0,0.0006999300069993,0,0,0,0,0,0,0,0,0,0,0,0,0,0,0,0.007999200079992,0,0,0.0004999500049995,0.0008999100089991,0,0,0,0,0,0,0,0,0,0.0094990500949905,0,0.0021997800219978,0,0,0,0,0,0,0,0,0.0010998900109989,0,0,0,0,0.0063993600639936,0,0,0,0.0016998300169983,0,0,0,0,0.0108989101089891,0,0,0,0,0,0,0,0.209179082091791,0,0,0,0,0.0020997900209979,0,0.0002999700029997,0,0,0.0075992400759924,0,0,0,0,0,0,0,0,0,0,0,0.0017998200179982,0,0,0.0004999500049995,0,0.0048995100489951,0
0,0,0,0,0,0,0,9.98302885095338e-05,0,9.98302885095338e-05,9.98302885095338e-05,0,0,0.00209643605870021,0.00199660577019068,0,0,0,9.98302885095338e-05,0,0,0.00149745432764301,0,0,0,0.0778676250374364,0,0,0.00259558750124788,0.000199660577019068,0,0,0,0.00249575721273834,0,0,0.000499151442547669,0.00189677548168114,0,0,0,0,0,0.00379355096336228,0,0.000399321154038135,0,0,0,0,9.98302885095338e-05,0,0,0,0.000199660577019068,9.98302885095338e-05,0,0,0.000199660577019068,0.000698812019566737,0,0.00079864230807627,0,9.98302885095338e-05,0,0,0.0197663971248877,0,0,0.0079864230807627,0,9.98302885095338e-05,0,0.000199660577019068,0,0,0,0,0,0.000898472596585804,0,0.000299490865528601,0.0333433163621843,0,0,0,0.0157731855845063,0,0,0.000598981731057203,0,9.98302885095338e-05,0,0,0,0,0,0,0.00469202355994809,0,0,0,0,0,0,0.000499151442547669,0.000299490865528601,0.44544274732954,0,0,0,0,0,9.98302885095338e-05,0,0,0,0,0.000299490865528601,0,0,0,0,9.98302885095338e-05,0.00309473894379555,0.0334431466506938,0,0,0,0,0.00429270240590995,0.0179694519317161,0,0,0,0,0,0,0,0,0.131077168813018,0,0,0,0.000199660577019068,0,0.00109813317360487,9.98302885095338e-05,0,0,0.000898472596585804,0,0,0.000199660577019068,9.98302885095338e-05,0,0,0,0,0,0,0,0,0.0286512928022362,0,0,9.98302885095338e-05,0,0,0,0.000598981731057203,0,9.98302885095338e-05,0,0,0,0,0.00169711490466207,9.98302885095338e-05,9.98302885095338e-05,0,0,0,0,9.98302885095338e-05,0,0,0,0,0,0,9.98302885095338e-05,0,0.00219626634720974,0,0,0,0,0,0,0,0,0,9.98302885095338e-05,0,0.00079864230807627,0,0,9.98302885095338e-05,0,0,0,0,0,0.000199660577019068,0,0.00289507836677648,0.000998302885095338,0,0.000199660577019068,0.00319456923230508,0.000299490865528601,0,0,0,0,0.000998302885095338,0,0.00209643605870021,0.000399321154038135,0.00369372067485275,9.98302885095338e-05,0,0.0199660577019068,0,0,0,0,0,9.98302885095338e-05,9.98302885095338e-05,0,0,0,0,0,0,0,0,0,0,0,0.000299490865528601,0,0,0.000499151442547669,0.00109813317360487,9.98302885095338e-05,9.98302885095338e-05,0.00079864230807627,0,0,0,0.000199660577019068,0,0.000299490865528601,0,0,9.98302885095338e-05,0.0232604572227214,0,0,0.0182689427972447,0,0,0,0.0522112408904862,0.000199660577019068,0,9.98302885095338e-05,0,0,0.00109813317360487,0,0,0,0,0,0.0082859139462913,9.98302885095338e-05,0,0,9.98302885095338e-05,0,0,0,0.00189677548168114,0,0,9.98302885095338e-05,0
0,0,0.000399440782903934,9.98601957259836e-05,0.00449370880766926,0.00539245056920312,9.98601957259836e-05,0,0,0.0048931495905732,0.00898741761533853,0,0,0,0.00479328939484721,0,0,0,0,0,0,0,0.0011983223487118,0,0,0.0133812662272818,0,0,9.98601957259836e-05,0.00249650489314959,0,0,0,0,0,0,9.98601957259836e-05,0.000798881565807869,0.00109846215298582,0,0,0.0048931495905732,0,0,0.00229678450169762,0,0,0,0,0,0.00279608548032754,0.000499300978629918,0,0.000199720391451967,0.00629119233073697,0.000898741761533853,0,0,0,0.0227681246255243,0.00339524665468344,0.0278609946075494,0.00109846215298582,0,0,0,0.0113840623127621,0,9.98601957259836e-05,0.0107849011384062,0,0,0.000399440782903934,0,0,0,9.98601957259836e-05,0,0,0.055022967845017,0,0.01218294387857,0.00399440782903935,0,0,9.98601957259836e-05,0.00279608548032754,0,0,0,0,9.98601957259836e-05,9.98601957259836e-05,0,0,0,0,0,0,0,0,0,0.00149790293588975,0,0,0,0,0.000299580587177951,0,0.00249650489314959,0,0,0,0,0,0,0,0.000199720391451967,0.00319552626323148,0,0,0,0.00319552626323148,0.000199720391451967,0.000798881565807869,0.201917315757939,0,0,0,0.137507489514679,0,0,0,0,0.000299580587177951,9.98601957259836e-05,9.98601957259836e-05,0,0,0,9.98601957259836e-05,0,0,9.98601957259836e-05,0,0,0,0.00479328939484721,0,0,0.00349510685040943,0.000599161174355902,0,0,9.98601957259836e-05,0,0.000599161174355902,9.98601957259836e-05,0,0,0.000199720391451967,0,0,0,0,0,0,0,9.98601957259836e-05,0,0,0,0.000998601957259836,0,0,9.98601957259836e-05,0.000199720391451967,0,0,0,0,0,0,0,0,0,0,0,0,0,0,0,0,0,0,9.98601957259836e-05,0,0.000399440782903934,9.98601957259836e-05,0,0,0,0,0,0,0.00219692430597164,0,9.98601957259836e-05,0,0,9.98601957259836e-05,0,0,0,0.000399440782903934,0,0.00559217096065508,0.00389454763331336,9.98601957259836e-05,0,0.000798881565807869,0,0,0,0,0,0,0.0253644897143998,0,0,0,9.98601957259836e-05,9.98601957259836e-05,0.000299580587177951,0,0,0,9.98601957259836e-05,0,0,0,0,0,0,9.98601957259836e-05,0.000599161174355902,9.98601957259836e-05,0,0,0,0,0,0.00229678450169762,0,0.000699021370081885,0.000299580587177951,0.00639105252646295,0,0,0,0,0,0,0,0,0.000399440782903934,0,0,0.0165767924905133,9.98601957259836e-05,0.000898741761533853,0,0,0,0,0,0,0,0,0.322848012782105,0,0,0.018274415817855,0,0,0,0,0,0,0.00369482724186139,0,0,9.98601957259836e-05,0,0,0,9.98601957259836e-05,0,0,0.00509286998202517,0
0,0,0,0,0,0,0,0,0,0,0,0,9.99900009999e-05,0,0.0005999400059994,0,0,0,0,0,0,0.0124987501249875,0,0,0,0.275972402759724,0,0,0.0072992700729927,0,0,0,0,0.0221977802219778,0,0,0.0008999100089991,0,0,0,0,0,0,0.0348965103489651,0,0.067993200679932,0,0,0,0,0,0,0,0,0.0021997800219978,0,0,0,0,0,0,0,0,0,0,0,0,0,0,0,0.0081991800819918,0,0,0,0,0,0,0,0,0,0,0,0.0284971502849715,0,0,0,0,0,0,0,0,0,9.99900009999e-05,0,0,0.0007999200079992,9.99900009999e-05,0,0,0,0,0.0003999600039996,0,0,0,0,0,0,0,0,0,0,0,0,0,0,0,0.0064993500649935,0,0,0,0,0,0.0001999800019998,0.0053994600539946,0,0,0,0,0,0.0127987201279872,0.16978302169783,0,0,0,0,0.0064993500649935,0,0.0001999800019998,0,9.99900009999e-05,0,0,0,0,0,0,0,0,0,0,0,0.0001999800019998,0,0,0,0,9.99900009999e-05,0,0.0113988601139886,0,0,0,0,0,0,0,0,0,0,0,0,0,0,0,0,0,0,0,0,0,0,0,0,0,0,0,0,0,0,0,0,9.99900009999e-05,0,0,0,0,9.99900009999e-05,0,0,0,0,0,0,0,0,0,0,0,0.0022997700229977,0,0,0,0,0,0,0,0,0.0242975702429757,0,0,0,0,0,9.99900009999e-05,0,0,9.99900009999e-05,0.0110988901109889,0,0,0,0,0.0043995600439956,0,0,0,0,0,0,0,0,0,0,0,0,0.0077992200779922,0,0,0,0,0,0,0,0,0,0,0,0,0,0,0,0,0,9.99900009999e-05,0,0,0,0,9.99900009999e-05,0,0,0,0.0003999600039996,0,0,0,0,0,0.234776522347765,0,0.002999700029997,0.0335966403359664,0,0,0,0.0001999800019998,0.0015998400159984,0,0,0,0,0,0,0,0,0,0,0,0,0
0,0,0,0,0,0,0.00589823053084075,9.99700089973008e-05,0,0,0,0,0,0,0.00819754073777867,0,0,9.99700089973008e-05,0,0,0,0.00149955013495951,0,0,0,0.251624512646206,0.000299910026991902,0,0,9.99700089973008e-05,0.00259922023392982,9.99700089973008e-05,0,0.0125962211336599,0,0,0.00109967009897031,0.00739778066580026,9.99700089973008e-05,0,0,0,0.0144956513046086,0.00709787063880836,0,0.000499850044986504,0,0.000299910026991902,0,0,9.99700089973008e-05,0,0,0,9.99700089973008e-05,0,0,0,0,0.000199940017994602,0,0,0,9.99700089973008e-05,0,0,0.00289913026092172,0,0,0,0.000599820053983805,9.99700089973008e-05,0,0,0,0,0,0,0,0.000199940017994602,0,0,0.00519844046785964,9.99700089973008e-05,0,0,0,0,0,0.00169949015295411,0,0.0141957412776167,0,0,0,0,0,0,0.000299910026991902,0,0,0,0,0.00339898030590823,0,9.99700089973008e-05,0,0.0117964610616815,0,0.000699790062981106,0,0,0,0,9.99700089973008e-05,0,0,0,0.00749775067479756,0,0,0,0,0.00179946016195141,0.0151954413675897,0,0,0,0,0,0.00129961011696491,0,0,0,0,0,0.0145956213136059,0,0,0,9.99700089973008e-05,0,0,0,0.0396880935719284,0.000499850044986504,0,0,0,0,0,0,0,0,0,0,0,0,0.000499850044986504,0.00589823053084075,0,0,0,9.99700089973008e-05,0,0,0,0,0,0,9.99700089973008e-05,0,0,0,0,0,0.000899730080975707,0,0.014295711286614,0,0,0,0,0,0.000199940017994602,0,0,0,0,0.00159952014395681,0,0.00289913026092172,0,0,0,0,0,0,0,0,0,0,0,0,0,0.00579826052184345,9.99700089973008e-05,0,0,0,0,0,0.00399880035989203,9.99700089973008e-05,0.000499850044986504,0,0.00139958012596221,0.00439868039588124,0.00159952014395681,0,0.00199940017994602,0.000199940017994602,0,0,0,0,0,0,0.000699790062981106,0,0.0114965510346896,9.99700089973008e-05,0,0.0886733979806058,0,0,0.000399880035989203,0,0,0,0.000399880035989203,0,0,0,0,0,0,0,0,0,0,0.000199940017994602,0.00289913026092172,0,0.000199940017994602,0,0,0,9.99700089973008e-05,0.000799760071978406,0,0,0,0,0,0,0,0,0,0.17444766570029,0,0.000699790062981106,0.0426871938418474,0,0,0,0,0,0.000399880035989203,0.163950814755573,0.000599820053983805,0,0.0130960711786464,0,0,0,0,0,0.000499850044986504,0.00419874037788663,0,0,0.000999700089973008,0,0,0,0.000199940017994602,0,0,0.00899730080975707,0
0,0,0,0,0,0,0,0,0,0,0,0,0,0,9.99600159936026e-05,0,0,0,0,0,0.00809676129548181,0,0,0,0,0.228208716513395,0,0,0.00569772091163535,0,0,0,0.00699720111955218,0.00319872051179528,0,0,0,0.104958016793283,0,0,0,0,0,0.00199920031987205,0,0.0108956417433027,0,0,0,0,0,0,0,0,0,0,0,9.99600159936026e-05,0,0,0,0,0,0,0,0,0,0,0,0,0,0,0,0,0,0,0,0,0,0.0818672530987605,0,0,0.0702718912435026,0,0,9.99600159936026e-05,0,0,0,0.00549780087964814,0,0,0.00039984006397441,0,0,0,0,0,0.000899640143942423,0,0,0,0,0,9.99600159936026e-05,0,0,0.0232906837265094,0,0,0,0,0,0.00359856057576969,0,0,0,9.99600159936026e-05,0,0,0,0,0,0.000299880047980808,0.00549780087964814,0,0,0,0,0,0.0137944822071172,0.0141943222710916,0,0,0,0,0.00039984006397441,0,0,0,0.00159936025589764,0,0,0,0,0,0,0,0,0,0.00609756097560976,0.00589764094362255,0,0,9.99600159936026e-05,0,0,0,0,0.0388844462215114,0,0,0,0,0,0,0,0,0,0,0,0,9.99600159936026e-05,0,0,0,0,0,0,0.00519792083166733,0,0,0,0,0,0,0,0,0,0,0,0.0268892443022791,0,0,0,0,0,0.000199920031987205,0,0,0,0,0,0.110855657736905,0,0,0,0,9.99600159936026e-05,0.00039984006397441,0,0,0,0,0,9.99600159936026e-05,0,0,0.0254898040783687,0,0,0.00349860055977609,0,0,0,9.99600159936026e-05,0.0197920831667333,0,0.0076969212315074,0,0,0,0,0,0,0,0,0,0,0.000199920031987205,0,0,0,0,0,0,0,0,0,0,0.00039984006397441,0,0,0,0.000699720111955218,0.00039984006397441,0.00219912035185926,0,0,0,0.00109956017592963,0,0,0,0.0122950819672131,0,0,0,0,0.00359856057576969,0,0,0.00629748100759696,0,0,0,0.000899640143942423,0,0,0,0,0,0.12764894042383,0,0,0,9.99600159936026e-05,0,0,0,0,0,0,0,0.00039984006397441,0,0,0,0,0,0.000199920031987205
0,0,0,0,0,0.000199840127897682,9.99200639488409e-05,0.00309752198241407,0,9.99200639488409e-05,0.000199840127897682,0,0,0,9.99200639488409e-05,0,0,0,9.99200639488409e-05,0,0.000399680255795364,0.00209832134292566,9.99200639488409e-05,0.0154876099120703,0,0.176458832933653,0,0,0.00559552358113509,0.00229816147082334,0,0,0,0.0126898481215028,0,0,0,0.0400679456434852,0,0,0,0.000599520383693046,0,0.00319744204636291,0,0.0116906474820144,0,0.000199840127897682,0,0,0.00449640287769784,0,0,0,0.00129896083133493,9.99200639488409e-05,0,0,0,0.0298760991207034,0.000299760191846523,0.000599520383693046,0,0.00419664268585132,0,0,0,0,0,0,0.000799360511590727,0.000199840127897682,9.99200639488409e-05,0,0,0.000699440447641887,0,0,0,0.0148880895283773,0,0,0.0295763389288569,9.99200639488409e-05,0,0.00119904076738609,0.0746402877697842,0,0,0.0124900079936051,0,0.000199840127897682,0,0,0,0,0,0,0.00599520383693046,0,0,0,0,9.99200639488409e-05,0,0,0.00109912070343725,0.0379696243005595,0,0,0,0.000899280575539568,0,0,0,0,9.99200639488409e-05,0,0.0130895283772982,0,0,0,0,9.99200639488409e-05,0.00309752198241407,0,0.0104916067146283,0,0.0310751398880895,0,0.00209832134292566,0.0153876898481215,0.00369704236610711,0,0,0,0.000999200639488409,0,0,0,0.000599520383693046,0,0,0,0,0,0.00529576338928857,9.99200639488409e-05,0,0,0.00109912070343725,0,0,0,0,0,0,0.000999200639488409,0,0.0021982414068745,0,0,0,0.0284772182254197,0,0,0.000399680255795364,0,0,0.000199840127897682,0.00159872102318145,0,9.99200639488409e-05,0,0,0.00199840127897682,0,0.00789368505195843,0,0,0,0,0,0,0.00199840127897682,0,0,0,0,0,0,0.0103916866506795,0.000199840127897682,0,0,0,0,0.000199840127897682,0,0.0557553956834532,0,0,0,0.00809352517985612,0,0.0122901678657074,9.99200639488409e-05,0,0,0.000899280575539568,0.00839328537170264,0,0,0.000699440447641887,0.00129896083133493,0.000399680255795364,0.00309752198241407,0.0103916866506795,0,0,0,0.00349720223820943,0,0,0,0,0.00269784172661871,0,0,0.000399680255795364,0.00579536370903277,9.99200639488409e-05,0,0.0139888089528377,0,0,0,0,0,0,0.000699440447641887,0,0,0,0,0,0,0,0,0,0,0.000499600319744205,0.00159872102318145,0,0.000999200639488409,0.000299760191846523,0.0105915267785771,0.000299760191846523,0.004396482813749,0.000199840127897682,0.00189848121502798,0,0,0.0021982414068745,9.99200639488409e-05,0,0,0.00319744204636291,0.00429656274980016,9.99200639488409e-05,0.000199840127897682,0.000499600319744205,0.00299760191846523,0,0,0,0,0,0.000699440447641887,0.145183852917666,0,0,0.0207833733013589,0,0,0,0,0,0.0126898481215028,0.00469624300559552,0,0,0,0,0,0,0,0,0,0.0124900079936051,0
0,0,0.0002999400119976,0,0.00589882023595281,0,9.99800039992002e-05,0.0141971605678864,0,0.00419916016796641,0.0018996200759848,0,0,0.00629874025194961,0,0,0,0,0,0.000499900019996001,0.000799840031993601,0.00619876024795041,0,0,0,0.0985802839432114,0.000399920015996801,0,9.99800039992002e-05,0,0,0,0,0.00609878024395121,0,0,9.99800039992002e-05,0.0012997400519896,0.002999400119976,0,0.0110977804439112,0,9.99800039992002e-05,0.001999600079984,0.000899820035992801,0.136372725454909,0,0,0,0,0,0,0,0,9.99800039992002e-05,9.99800039992002e-05,0,0.0015996800639872,0.000399920015996801,0.000599880023995201,0.00609878024395121,0.000499900019996001,0,0,0.0238952209558088,0.000399920015996801,0.0011997600479904,0.0002999400119976,0,0.0334933013397321,0.0001999600079984,0,0,0.0101979604079184,0,0,0,0,0,9.99800039992002e-05,0.0001999600079984,0.0025994801039792,0,0.000899820035992801,0.020495900819836,0,0,0,0.0027994401119776,0.0151969606078784,9.99800039992002e-05,0.0001999600079984,9.99800039992002e-05,0,9.99800039992002e-05,0,0,0,0.0025994801039792,0,0.0002999400119976,0,0,0.0002999400119976,0,0,0.000499900019996001,0.00969806038792242,0.00679864027194561,0.000499900019996001,0,9.99800039992002e-05,0,0.000699860027994401,0,0,0,0,0.00509898020395921,0,0.0141971605678864,0.00729854029194161,0.0026994601079784,0,0.00439912017596481,0.0165966806638672,0,0,0,0.0612877424515097,0.001499700059988,0.0027994401119776,0,0,0.000999800039992002,0,0,0,0,0,0.0565886822635473,0,0.00249950009998,0,0.000599880023995201,0,9.99800039992002e-05,0.0011997600479904,0,0.0001999600079984,0.00349930013997201,0.0002999400119976,0,0,0,0,0,0,0.0012997400519896,0.0171965606878624,0,0,0,0.000399920015996801,0,0,0,0,0,0,0,0,0,0,0,0,0,0,0.0013997200559888,0,0.0001999600079984,0,0,0,9.99800039992002e-05,0,0,0,0.00539892021595681,0,0,0.00589882023595281,0,0,0,0,0,0.000399920015996801,0,0.0371925614877025,0,0,0,9.99800039992002e-05,0,0,0,0,0,0.0001999600079984,0,0.00379924015196961,0.0013997200559888,0,0.0001999600079984,0,0.0140971805638872,0.000499900019996001,0,0.000599880023995201,0.00779844031193761,0,0,0,0,0,0.0001999600079984,0,0,0.000699860027994401,0.0010997800439912,0,0,0.0292941411717656,0,0,0,0,0,0,0,0,0,0.0001999600079984,0,0,0.001999600079984,9.99800039992002e-05,0,0,0,0.0001999600079984,0.0017996400719856,0,0,0,0,0,0,0.00469906018796241,0.0001999600079984,0,0,9.99800039992002e-05,0,0,0,0.00619876024795041,0.031493701259748,0.00249950009998,0,0.000899820035992801,0.0485902819436113,0,0,9.99800039992002e-05,0,0,0.0001999600079984,0.123975204959008,0,0.0002999400119976,0.0122975404919016,0,0,0,0,0.0001999600079984,0.0001999600079984,9.99800039992002e-05,0,0,0,0,0.0022995400919816,0,0,0.0002999400119976,0,0.00549890021995601,0.000399920015996801
0,0,0,0,0,0,0,0.00149925037481259,0,0,0,0,0,0,0,0,0,0,0,9.99500249875062e-05,0.00999500249875063,0.00789605197401299,0,0,0,0.225187406296852,0,0,0.00119940029985007,0,0.00459770114942529,0.000599700149925037,0.000899550224887556,0.00749625187406297,0,0,0,0.00289855072463768,0,0,0,0,0,0.00469765117441279,0,0.0213893053473263,0,0.000199900049975012,0,0,0.000199900049975012,0,0,0,0,0,0,0,0,0.0148925537231384,9.99500249875062e-05,0,0,0,0,0,0,0,0,0,0,0,0,0.00109945027486257,0,0,0,0,9.99500249875062e-05,0.0141929035482259,0,0,0,9.99500249875062e-05,0.0192903548225887,0,0,0.00079960019990005,0,0.0015992003998001,0,9.99500249875062e-05,0,0,0,0,0,9.99500249875062e-05,0,0,0,0,0,0,0,0,0,0.0188905547226387,0,0,9.99500249875062e-05,0.00189905047476262,0,0.0748625687156422,0,0,0,0,0.00249875062468766,0,0,0,0,9.99500249875062e-05,0.00869565217391304,0,0,0,0.00149925037481259,0,0.000599700149925037,0.0224887556221889,0,0,0,0,0.00109945027486257,0,0,0,0,0,0,0,0,0,0.000499750124937531,0,0,0,0.000499750124937531,0,0,0.000199900049975012,0,0,0,0,0.00119940029985007,0.00309845077461269,0,0,0,0.105947026486757,0,0,9.99500249875062e-05,0,0,0,0,0,0,0,0,0,0,0.00269865067466267,0.047776111944028,9.99500249875062e-05,0,0,0.000399800099950025,0,0,0,0,0,0,0,0,0.00189905047476262,0,0,0,0,0,0,0,0,0,0,0.117741129435282,9.99500249875062e-05,0,0.000299850074962519,0,0,0,0,0.000499750124937531,0,0,0,0,0,0.00549725137431284,0,0,0.000699650174912544,0.00539730134932534,0,0,0,0,0,9.99500249875062e-05,0,0.0196901549225387,0,0.0261869065467266,0,0,0.00999500249875063,0,0,9.99500249875062e-05,0,0,0,0,0,0,0,0,0,0.0138930534732634,0,0,0,0.0419790104947526,0,0.000999500249875062,0,0.000199900049975012,0,0,0,0.000199900049975012,0,9.99500249875062e-05,0,0,9.99500249875062e-05,0,0,0,0,0,0,0.00499750124937531,0.00139930034982509,0,0,0,0,0,0,0,0.100949525237381,9.99500249875062e-05,0,0.00649675162418791,0,0,0,0,0,0,0,0,0,0,0,0,0,9.99500249875062e-05,0,0,0.00379810094952524,0
0,0,0,0,0,0,9.9930048965724e-05,0,0,0.0134905566103727,0.00439692215449186,0,0,0,0.000199860097931448,0,0,0,0,0,0,0.0155890876386529,0.00139902068552014,0,0,9.9930048965724e-05,0,0,9.9930048965724e-05,0,0,0,0,0,0,0,0,0,0.0109923053862296,0,0.00399720195862896,0,0,0.000399720195862896,0.0024982512241431,0.000599580293794344,0,0,0,0,0.00449685220345758,0,0,0,0,0,0,0,0,0.00309783151793744,0,0.00379734186069751,0.00109923053862296,0,0,0,0.0138902768062356,0,0,0,0,0,0.000199860097931448,0.0871390026981113,0,0,0,0,0,0.00839412411312082,0,0,0,0,0,0,0,9.9930048965724e-05,0,0,0,0,9.9930048965724e-05,0,0.000899370440691516,0.000299790146897172,0,0,0.00129909063655441,0,0,0.0380733486559408,0,0,0,0,0,0.0245827920455681,0,0.00129909063655441,0,0,0,0,0,0,0,0,0,0,0,0,0.000699510342760068,9.9930048965724e-05,0.00129909063655441,0.192065554112122,0,0,0,0.181872689117618,0,0,0,0,0.0109923053862296,0,9.9930048965724e-05,0,0,0,0,0,0.000599580293794344,0,0,0,0,0.000799440391725792,0,0,0,0,0,0,0.0078944738682922,0,0,0,0,0,0,0,0,0,0,0,0,0.000199860097931448,0,0,0,0,9.9930048965724e-05,0,0,0,0,0.010492655141401,0,0,0,0,0,0,0,0,0,0,0,0,0,0.026081742780054,0,0,0,0.000199860097931448,0,0,0,0,0,0,0,0,0.0024982512241431,0.002897971420006,0,0,9.9930048965724e-05,9.9930048965724e-05,0,0,0,0,0,0,0,0.00149895073448586,0,0,0,0,0,0,0,0,0.00929349455381233,0,0,0,0.0167882482262416,0,0,0.0243829319476367,0,0,0,0,0,0.000299790146897172,0,0,0,0,0.000299790146897172,0,0,0,0,0,0.00949335465174378,0,0,0,0.00119916058758869,0,0,0,0,0.0270810432697112,0,0,0,0,9.9930048965724e-05,0,0,0,0.0186869191565904,0.000799440391725792,0,0,0.000799440391725792,0,0,0,0,0,0,0.153892275407215,0,0,0.0340761466973119,0,0,0,0,0,0,0.00809433396622364,0,0,0,0,0.00259818127310882,0,0,0,0,0.00889377435794944,0
0,0,0,0,0.0267919624112766,0.0143956812956113,0,0,0,0.0133959812056383,0.00779766070178946,0,0.00899730080975707,9.99700089973008e-05,0,0,0.0301909427171848,0,0,0,0,0,0,9.99700089973008e-05,0,0.0380885734279716,0,0,0.000299910026991902,0,0,0,0,0,0,0,0,0.00209937018894332,0.00409877036888933,0,0,0,0,0,0.0124962511246626,0,0,0,0.000799760071978406,0,0,0.000599820053983805,0,0,0,0,0,0,0.000599820053983805,0,0,0,0,0,0,0,0,0,0,0.0119964010796761,0,0,0.000799760071978406,0,0,0,0,0,0,0,0,0.00499850044986504,0,0,0,0,9.99700089973008e-05,0,0,0,0,9.99700089973008e-05,0,0,0,0,0,0,0,0,0,0,0,0,0,0,0,0.00189943017094872,0,0.00399880035989203,0,0,0,0,0.000999700089973008,0,0.00599820053983805,0.000499850044986504,0,0,0,0,0.0103968809357193,0.000399880035989203,0,0,0,0,0,0.30220933719884,0,0,0,0,0,0,9.99700089973008e-05,0,0,0,0.000199940017994602,0,0,0,0,0,0,0,0,0,0,0,0.00349895031490553,0,0,0,0,0,0,0,0,0,0,0,0,0,0,0,0,0,0,0,0,0,0,0,0,0,0.000199940017994602,0,0,0,0,0,0,0,0,0,0,0.000299910026991902,0,0.0400879736079176,9.99700089973008e-05,0,0,0,0,0,0,0,0,0,0,0,0.000199940017994602,0.00489853044086774,0,0,0,0,0,0,0,0,0,0,0.00389883035089473,0,0.00179946016195141,0,0,0,0,0,0,0,0,0,0,0,0,0,0,0.0921723482955114,0,0,0,0,0,0,0,0,0,0,0,0,0.000199940017994602,0,0,0,0,0,0,0,0,0.00579826052184345,0,0,0,0,0,0,0,0.000799760071978406,0,0,0,0,0,0.0105968209537139,0,0,0.148555433369989,0,0.000499850044986504,0,0,0,9.99700089973008e-05,0.107667699690093,0,0,0.0607817654703589,0,0,0,0,0,0,0,0,0,0,0,0,0,0.00139958012596221,0,0,0.0108967309807058,0
0,0,0.00319744204636291,0,0.0308752997601918,0.00669464428457234,0,0,0,0.0173860911270983,0.0102917665867306,0,0.00259792166266986,0,0,0.000999200639488409,0.00129896083133493,9.99200639488409e-05,0,0.000899280575539568,0,0.00739408473221423,0.00119904076738609,0,0,0.00909272581934452,0.000399680255795364,0,0.00679456434852118,0,0.00139888089528377,0,0,0.00189848121502798,0,0,0.0111910471622702,0.00119904076738609,0,0.000199840127897682,0,0,0,0,0.00689448441247002,0,0.00239808153477218,0,0,0,0,0,0,0,0,9.99200639488409e-05,0,0,0,0,0.00719424460431655,0,0.00209832134292566,0.000199840127897682,0,0,9.99200639488409e-05,0.000399680255795364,0,0.004396482813749,0.000199840127897682,0,0,0.00339728217426059,0,0,0,0,0.000199840127897682,0,0,0.0265787370103917,0.000199840127897682,0,0,0,9.99200639488409e-05,0,0.00139888089528377,0.0218824940047962,0.000899280575539568,9.99200639488409e-05,9.99200639488409e-05,0,0.000399680255795364,0,0,9.99200639488409e-05,0.00199840127897682,0,0.00159872102318145,0,9.99200639488409e-05,0,0,0,0,9.99200639488409e-05,0,9.99200639488409e-05,0,0.00459632294164668,0,0.0114908073541167,0,0,0.00119904076738609,0,0,0,0,0,0.00979216626698641,9.99200639488409e-05,0.0187849720223821,0.015687450039968,0,0,0.000199840127897682,0.149280575539568,0.00399680255795364,0.00619504396482814,0,0.000299760191846523,0,0,9.99200639488409e-05,0,0,0,9.99200639488409e-05,9.99200639488409e-05,0,0,0,0,0,0,0.000199840127897682,9.99200639488409e-05,0.00129896083133493,0,9.99200639488409e-05,0,9.99200639488409e-05,0,0,0,0,0.00969224620303757,0,0,0,0.00719424460431655,0,0,9.99200639488409e-05,0,0,0,0,0,0,0,0,0,0,0.00539568345323741,0,0,0,0,0.000599520383693046,0,0,0,0,0.0166866506794564,0,0,0,0,0.00149880095923261,0,0,0,0.000699440447641887,0.000399680255795364,0,0.00109912070343725,0,0,0,0,0,9.99200639488409e-05,0,0,0,0.000699440447641887,0,0,0,0.000799360511590727,0.000399680255795364,0,0.00479616306954436,0.0141886490807354,0,0,0.0060951239008793,0,0,0,0,0.000199840127897682,0,0,0.00429656274980016,0,0.0100919264588329,0,9.99200639488409e-05,0,0,0,0.00319744204636291,0,0,0,0,0,0,0,0,0,9.99200639488409e-05,0,0,0,0,0,0.000799360511590727,0,0,0,9.99200639488409e-05,0,0,0,0.000399680255795364,0,0,0,0,0,0,0,0,9.99200639488409e-05,0,0.00129896083133493,0.187549960031974,9.99200639488409e-05,0,0,0,0,0.000299760191846523,0.273581135091926,0,0,0.0152877697841727,0,0.00159872102318145,0,0,0,0,0.000299760191846523,0,0,0,0,0.00149880095923261,0,0,0,0,0.0065947242206235,0
0,0,0,0,0,0,0.000999900009999,0,0,0,0,0,0,0,0.0003999600039996,0,0,0,0,0,0,0,0,9.99900009999e-05,0,0.0747925207479252,0,0,0.0016998300169983,0.0006999300069993,0.0132986701329867,0,0,0.0025997400259974,0,0,0,0.0183981601839816,0,0,0,0,0,0.0076992300769923,0,0.0082991700829917,0,0,0,0,9.99900009999e-05,0,0,0,0.000999900009999,0,0,0,0,0,0,0,0,0,0,0,0.0047995200479952,0,0,0,0.0132986701329867,0,0,0,0,0,0,0,0,0,0,0,0,0,0,9.99900009999e-05,0.0093990600939906,0,0,0.0031996800319968,0,0.0002999700029997,0,0,0,0,0,0,0.0016998300169983,0,0,0,0,0,0,0,0,0.466453354664534,0,0,0,0,0,0.0066993300669933,0,0,0,0,0,0,0,0,0,9.99900009999e-05,0.0056994300569943,0,0,0,0,0,0.0003999600039996,0,0,0,0,0,0.0058994100589941,0,0,0,0.0012998700129987,0,0,0,0,0,0,0,0,0,0.0014998500149985,0,0,0,9.99900009999e-05,0,0,0,0,0.0006999300069993,0.0004999500049995,0,0,0,0,0,0,0,0,0,0,0,0,0,0,0,0,0,0.0651934806519348,0,0,0,0,0,0,0,0,0,0,0,0,0.0025997400259974,9.99900009999e-05,0.0004999500049995,0,0,0,0,0,0,0,0,0,0,0,0,0,0,0,0.0002999700029997,0,0.0025997400259974,0,0,0.0004999500049995,0,0.007999200079992,0.0114988501149885,0,0,0,0.0037996200379962,0,0,0,0,0,0,0,0,0,0,0,0.0006999300069993,0,0,0,0,0,0,0,0,0,0,0,0,0,0,0,0,0,0,0.0015998400159984,0,0.0067993200679932,0,0,0,0.0012998700129987,0,0,0,0,0,0,0,0,0,0,9.99900009999e-05,0,0,0.0005999400059994,0,0,0,0,0,0,0.213778622137786,0.0002999700029997,0,0.0197980201979802,0,0,0,0,0,0.0015998400159984,0,0,0,0,0,0.0017998200179982,0,0.0003999600039996,0,0,0.0038996100389961,0
0,0,0,0,0,0,0,0.00529629259518337,0,0,0,0,0,0,0.00129909063655441,0,0,0,0,0,0.00469671230138903,0.00119916058758869,0,0,0,0.158089337463775,0,0,0.00449685220345758,0.00139902068552014,0.000299790146897172,0.0377735585090437,0.000799440391725792,0.00309783151793744,0,0,0,0.00299790146897172,0,0,0,0,0,0.00149895073448586,0,0.00279804137104027,0,0,0,0,0.000299790146897172,0,0,0,0,9.9930048965724e-05,0,0,0,0.000199860097931448,0,0,0,0,0,0,0.000899370440691516,0,0,0,0,0,0,0.00549615269311482,0.00319776156690317,0,0,0,0,0.000699510342760068,0,0,0.000399720195862896,0,0,0.000299790146897172,0,9.9930048965724e-05,0,0.00339762166483462,0.382632157489757,0.000199860097931448,0,0,0,0,0.0053962226441491,0,0.00659538323173778,0,0,0,0,0,0,0,0.0107924452882982,0.0362746077745578,0,0.00139902068552014,0,0,0,0.0020985310282802,0,0,0,0,9.9930048965724e-05,0,0,0,0,0.000599580293794344,0.00119916058758869,0,0,0,0,0,0.000199860097931448,0.0239832117517738,0,0.000199860097931448,0,0,0,0,0,0,0.0639552313380634,0,0,0,0,0,9.9930048965724e-05,9.9930048965724e-05,0,0,9.9930048965724e-05,0,0,0,0,9.9930048965724e-05,0,0,0,0.00049965024482862,0,0,0,0,0,0,9.9930048965724e-05,0,0,0,0,0,9.9930048965724e-05,0,0,0,0,0,9.9930048965724e-05,9.9930048965724e-05,0,0,0,0,9.9930048965724e-05,0,0,0,0,0,0.000699510342760068,0.000199860097931448,0,0,0,0,0,0.000199860097931448,0,0,0,0,0,0,0,0.00049965024482862,0,0,0,0.000399720195862896,0.000699510342760068,0,0,0,0,9.9930048965724e-05,0.0095932847007095,0,0.000199860097931448,0,9.9930048965724e-05,0.000199860097931448,0,0,0,0,0,0,0,0,0.00199860097931448,0,0,0.0613570500649545,0,0,9.9930048965724e-05,0,9.9930048965724e-05,0.000299790146897172,0,0,0,0,0,0,0,0,0,0,0.00479664235035475,0.000199860097931448,0.000599580293794344,0,0.000299790146897172,0.000199860097931448,0.00169881083241731,0,0,0.000599580293794344,0.000299790146897172,0,0,0.000199860097931448,0,0,0,0,9.9930048965724e-05,0.00119916058758869,0,0,0.032577195962826,0,0,0,0,0,9.9930048965724e-05,0.0918357149995004,9.9930048965724e-05,0,9.9930048965724e-05,0,0,0,0,0,0,0.000299790146897172,0,0,0,0,0.00949335465174378,0,9.9930048965724e-05,0,0,0.000599580293794344,0
0,0,0,0,0,0,0,0.0012997400519896,0,9.99800039992002e-05,0,0,0,0.00779844031193761,0,0,0,0,9.99800039992002e-05,0,0.0001999600079984,0.000499900019996001,0,0,0,0.359228154369126,0,0,0.0123975204959008,0,0,0,0.000799840031993601,0.002999400119976,0,0,0.0001999600079984,0.0636872625474905,0,0,0,0,0,0.0021995600879824,0,0.0145970805838832,0,0,0,0,0.00379924015196961,0,0,0,0.0002999400119976,0,0,0,0,0.001499700059988,0,0.0011997600479904,0,0,0,0,0.0016996600679864,0,0,0,0.0001999600079984,9.99800039992002e-05,0,0.000599880023995201,0,0,0,0,0,0.00249950009998,0,0.000999800039992002,0.0020995800839832,0,0.00429914017196561,0,0,0,0,0.00329934013197361,0,0.00849830033993201,0,0,0,0,0,0,0.0015996800639872,0,0,0,0,9.99800039992002e-05,0,0,0.00619876024795041,0,0,0.00719856028794241,0,0.00379924015196961,0,9.99800039992002e-05,0,0,0,0,0.00739852029594081,0.000799840031993601,0,0,0,9.99800039992002e-05,0.00359928014397121,0,0,0,0,0,0.0010997800439912,0.000799840031993601,9.99800039992002e-05,0,0,0,0,0,0,0,0.0754849030193961,0,0,0,0,0,0.0016996600679864,0.000899820035992801,0,0,0.0012997400519896,0,0,0.000499900019996001,0.0012997400519896,0,0,0,9.99800039992002e-05,0.00449910017996401,0,0,0,9.99800039992002e-05,0,0,0,0,0,0,0,0,9.99800039992002e-05,0,0,0,0,9.99800039992002e-05,0,0,0,0,0,0,0,0,0,0,0,0,0,0.0016996600679864,0.0012997400519896,0,0,0,0,9.99800039992002e-05,0,0,0,0,0,9.99800039992002e-05,0,0.0122975404919016,0,0,0,0,0,0,0,0,0.000399920015996801,0,0.00529894021195761,0.000399920015996801,0,9.99800039992002e-05,0,0,0,0,0,0,0.001999600079984,0,9.99800039992002e-05,0.0016996600679864,0.00629874025194961,0,0,0.116076784643071,0,0.000399920015996801,0,0,0,0,0,0,0,0,0,0,0,0,0,0,0,0,0.0012997400519896,0,0.0001999600079984,0.00729854029194161,0,0,0,9.99800039992002e-05,0,0,0,0.000899820035992801,0,0,0,0,0,0.209558088382324,0,0,0,0,0,0,0,0,0.0027994401119776,0.0002999400119976,0,0,0.00799840031993601,0,0,0,0,0,0.00329934013197361,0.000899820035992801,0,0,0,0,9.99800039992002e-05,0.000799840031993601,0,0,0,0,0
0,0,0,0,0.0141042312693808,0.00840252075622687,0.000400120036010803,0,0,0.0103030909272782,0.00660198059417825,0,0,0,0.00510153045913774,0,0.00340102030609183,0,0,0,0,0,0.00310093027908373,0,0,0.0131039311793538,0,0,0,0.00380114034210263,0,0,0,0,0,0,0,0,0,0,0,0,0,0,0.00700210063018906,0.00810243072921877,0,0,0,0,0,0,0,0.000500150045013504,0,0,0,0,0,0,0,0,0.00460138041412424,0,0,0,0.000100030009002701,0,0,0,0,0,0,0.00350105031509453,0,0,0,0,0,0,0,0.00610183054916475,0,0,0,0.00110033009902971,0,0,0.00510153045913774,0,0,0.000100030009002701,0.000600180054016205,0,0.00340102030609183,0,0.000700210063018906,0,0,0,0,0.260678203461038,0,0.00100030009002701,0,0,0,0,0.0159047714314294,0,0,0,0,0,0,0,0.0126037811343403,0.00600180054016205,0.00140042012603781,0,0,0,0.0143042912873862,0.000200060018005402,0.021406421926578,0.0987296188856657,0,0.0151045313594078,0,0.234670401120336,0,0,0,0,0.00260078023407022,0,0.000100030009002701,0,0,0.000500150045013504,0.0223066920076023,0,0.00170051015304591,0,0,0,0,0,0,0.00100030009002701,0,0,0,0,0.000200060018005402,0,0,0,0,0,0,0,0,0,0,0.000100030009002701,0,0,0,0,0,0,0.010703210963289,0,0,0,0,0,0,0,0,0,0,0,0,0.000200060018005402,0.000300090027008102,0.000400120036010803,0,0,0.00110033009902971,0.000600180054016205,0.000100030009002701,0,0,0,0,0,0.000100030009002701,0,0,0,0,0,0,0,0,0,0,0.000300090027008102,0.000200060018005402,0,0,0,0.000300090027008102,0,0,0,0,0,0,0,0,0,0,0,0,0,0,0,0,0.000100030009002701,0,0.00810243072921877,0,0,0,0,0,0,0,0,0,0,0,0,0.000200060018005402,0,0,0,0,0,0,0,0,0.000500150045013504,0,0,0,0,0,0,0,0,0,0,0,0,0,0.0297089126738021,0,0,0,0,0.000300090027008102,0,0,0,0,0.123837151145344,0,0,0.00320096028808643,0,0,0,0,0,0,0,0,0,0,0,0,0,0,0,0,0,0
0,0,0,0,0,0,0.00319904028791363,0,0,0,0,0,0,0,0.00369889033290013,0,0,0,0,0,0.000199940017994602,0,0,0,0,0.492052384284715,0,0,0.000399880035989203,0,0,0,0,0.0228931320603819,0,0,0,0,0,0,0,0,0,0,0,0.00279916025192442,0,0,0,9.99700089973008e-05,0,0,0,0,0,0,0,0,0,0.0191942417274818,0,0,9.99700089973008e-05,0,0,0,0.00889733080075977,0,0,0.00359892032390283,0,0,0,0.000399880035989203,0,0,0,0,0,0.00379886034189743,0,0,0,0,0,0,0.000299910026991902,0,0,0,0,0.000599820053983805,0,0,0.00279916025192442,0.02259322203339,0,0,0,0,0,0.00729781065680296,0,0,9.99700089973008e-05,0,0.000499850044986504,0.00619814055783265,0.00129961011696491,0,0,0,0,0.00849745076477057,0,0,0,0,0.00419874037788663,0,0,0,0,9.99700089973008e-05,0.100169949015295,0,0,0,0.000599820053983805,0,0.00599820053983805,0,0,0,0,0,0,0,0,0,0.00149955013495951,0,0,0,0.000699790062981106,0,0.000399880035989203,0,0,0,0.00109967009897031,0,0,0,0,0,0,0,0,0.00699790062981106,0,0,0,9.99700089973008e-05,0,0,0,0,0,0,0.000199940017994602,0,9.99700089973008e-05,0,0,0,0,0.00129961011696491,0.0176946915925222,0,0,0,0,0,0,0,0,0,0,0,0,0.00829751074677597,0,0,0,0,0,0,0.000599820053983805,0,0,0,0,0,0,0.000799760071978406,9.99700089973008e-05,0,0.000499850044986504,0.000499850044986504,0,0,0,0,0,0,0.000199940017994602,0.000599820053983805,0,0,0,9.99700089973008e-05,0,0,0,9.99700089973008e-05,0,0,0.00119964010796761,0,0.029591122663201,9.99700089973008e-05,0,0.0330900729781066,0,0,0,0,0,0,0,0,0,0,0.000399880035989203,0,0,0,0,0,0,0,0,0,0,9.99700089973008e-05,0,0,0,0,0,0,0,9.99700089973008e-05,0,0,0,0,0,0.0219934019794062,0,0,0.018594421673498,0,0,0,0,0,0,0.0991702489253224,0,0,0.0308907327801659,0,0,0,0,0,0,0.000299910026991902,0,0,0,0,0,0,0,0,0,0,0
0,0,0,0,0,0,0,0,0,0,0,0,0,0,0,0,0,0,0,0,0,9.99600159936026e-05,0,0.00749700119952019,0,0.301779288284686,0,9.99600159936026e-05,0.00419832067173131,0,0,0,0,0,0,0,0,9.99600159936026e-05,0,0,0,0,0.00959616153538585,0,0,0.129948020791683,0,0,0,0,0,0,0,0,0,0,0,0,0,0,0,9.99600159936026e-05,0,0,0,0,0.00429828068772491,0,0,0,0,0,0,0,0,0.023390643742503,0,0,0,0.00159936025589764,0,0,0.0222910835665734,0,0,0,0,0,0,0,0,0,0,0,0,0,0,0,0,0,0,0,0,0,0,0,0,0.0262894842063175,0,0,0,0,0,0,0,0,0,0,0,0,0,0,0,0.00119952019192323,0.0267892842862855,0,0,0,0,0,0.00179928028788485,0.0725709716113555,0,0,0,0,0,0,9.99600159936026e-05,0,0,0,0,0,0,0,9.99600159936026e-05,0.00079968012794882,0,0,0.00039984006397441,0,0,9.99600159936026e-05,0,0,0,9.99600159936026e-05,0,0,0,0,0,0,0,0,0,0,0,0,0.000199920031987205,0,0,0,0,0.00139944022391044,0,9.99600159936026e-05,0,0,0,0,0,0,0,0,0,0,0,9.99600159936026e-05,0,0.00539784086365454,0,0,0,0,0.00039984006397441,0,0,0,0,0,0,0,0,0.00039984006397441,0,0,0,0,0,0,0,0,0,0,0,9.99600159936026e-05,9.99600159936026e-05,0,0,0.000199920031987205,0,0,0,0,0,0,0.00659736105557777,0,0.0100959616153539,0,0,0.047281087564974,0,0,0,0,0,0,0,0,0,0,0,0,0,0,0,0,0.0278888444622151,9.99600159936026e-05,0,0,0,0,0,0,0,0.00079968012794882,0,0.00199920031987205,0,0,0,0,0,0.00359856057576969,9.99600159936026e-05,0.00359856057576969,0.00229908036785286,0.0038984406237505,0,0,0,0,0,0,0,0.242203118752499,0,0.00279888044782087,0.00139944022391044,0,0,0,0,0,0,0.00169932027189124,0,0,0,0,0,0,0,0,0,0,0
0.000399800099950025,0,0,0,0.0239880059970015,0,0,0,0,0,0.00879560219890055,0,0,0,0.00599700149925037,0,0,0,0,0,0,0.00259870064967516,0,0,0,0.0224887556221889,0,0,9.99500249875062e-05,0.00199900049975012,0.000999500249875062,0,0,0.00079960019990005,0,0,0,0,0.00379810094952524,0,0.00469765117441279,0,0,0.000199900049975012,0.00489755122438781,9.99500249875062e-05,0,0,0,0,0.0147926036981509,0,0,9.99500249875062e-05,0,0,0,0,0,0.000699650174912544,0.00239880059970015,0.000999500249875062,0,0,0,0,0.00849575212393803,0,0,0.00499750124937531,9.99500249875062e-05,0,0,0.00239880059970015,0,0,0,0,0,0.00129935032483758,0,0.00669665167416292,0.0117941029485257,0,0,0.00239880059970015,0,0,0,0,0,0,9.99500249875062e-05,0,0.00599700149925037,0,0,0,0,9.99500249875062e-05,0,0.00619690154922539,0,0.00109945027486257,0,0,0,0.111644177911044,0.00699650174912544,0,0,0,0,0.0131934032983508,0,0,0,0,0.00689655172413793,9.99500249875062e-05,0,0,0,0,0.00149925037481259,0.0669665167416292,0,0,0,0.119640179910045,0,0,0,0,0.000299850074962519,0,0.00109945027486257,0,0,0,0,0,0.000899550224887556,0,0.00499750124937531,0,0.000599700149925037,0,0,0,0.000199900049975012,0.000299850074962519,0,0,9.99500249875062e-05,0,0,0,0.000599700149925037,0,0,0,0,0,0,0,0,0,0,9.99500249875062e-05,0,0,0,0,0,0,0,0,0.00349825087456272,0,0,0,0,0,0.000199900049975012,0,9.99500249875062e-05,0,0,0,0,0.00689655172413793,0,0,0.00169915042478761,0,0,9.99500249875062e-05,0,0,0,0,0,0.0113943028485757,0,0,0,0,0,0,0,0,0,0,0,0,0.00519740129935032,0.000299850074962519,0.0472763618190905,0,0.00239880059970015,0.00399800099950025,0,9.99500249875062e-05,0,0.000199900049975012,0,0,0.00459770114942529,0,0.0107946026986507,0,0,0.0168915542228886,0,0,9.99500249875062e-05,0,0,0.0603698150924538,0,0,0,0,0,9.99500249875062e-05,0,0,0,0,0,0,0.000399800099950025,0,0,0,0,0,9.99500249875062e-05,0.000199900049975012,0,0,0,0,0.000599700149925037,0,0,0,0,0.0408795602198901,0,0.00179910044977511,0.0491754122938531,0.0143928035982009,0,0,0,0,0,0.208095952023988,0,0.000199900049975012,0.0136931534232884,0,0,0,0,0,0,0.000599700149925037,0,0,0,0,0,0,0.00239880059970015,0,0,0.00259870064967516,0
0,0,0,0,0,0,0.0005999400059994,0,0,0,0,0,0,0,0.0076992300769923,0,0.0081991800819918,0,0,0,0,0.0005999400059994,0,0.002999700029997,0,0,0,0,0,0,0.0222977702229777,0,0,0.0065993400659934,0,0,0.0116988301169883,0.0121987801219878,0,0,0,0,0,0,0,0.0002999700029997,0,0,0,0,0,0,0,0,0,0,0,0,0,0,0,0,0.0001999800019998,0,0,0,0.0012998700129987,0,0.0081991800819918,0,0.0002999700029997,0,0,0,0,0,0,0,0,0.0010998900109989,0,0,0.0041995800419958,0,0,0,0,0,0,0.0084991500849915,0,0.006999300069993,0.456954304569543,0,0,0.0286971302869713,0,0,0,0,0,0,0,0,0,0,0,0.0553944605539446,0,0,0,0,0,0.0044995500449955,0,0,0,0,0.0157984201579842,0,0,0,0,0,0.0181981801819818,0,0,0,0,0,0.0025997400259974,0,0,0,0,0.0017998200179982,0.0367963203679632,0,0,0,0.0008999100089991,0,0,0,0,0,0.0003999600039996,0,0,0,0.0002999700029997,0,0,0,0,0,0,0,0,0.0010998900109989,0,0,0,0,0,0,0,0,0,0,0.0027997200279972,0,0,0,0,0,0,0,0.0181981801819818,0.0001999800019998,0,0,0,0,0.0003999600039996,0,0,0,0,0,0,0.0042995700429957,0.0035996400359964,0,0,0,0,0,0,0.0178982101789821,0,0,0,0.002999700029997,0.0753924607539246,0,0,0,0,0.0237976202379762,0,0,0,0,0.0022997700229977,0,0,0.0002999700029997,0,0,0.0172982701729827,0.0004999500049995,0,0,0,0,0,0,0.0015998400159984,0,0,0,0,0,0,0,0,0.0020997900209979,0,0,0,0,0,0,0.0006999300069993,0.0001999800019998,0,0,0,0,0,0,0.0012998700129987,9.99900009999e-05,0.0004999500049995,0,0,0,0,0,0,0,0,0.0001999800019998,0,0,0,0,0,0.0547945205479452,0,0,0.0074992500749925,0,0.0002999700029997,0,0,0,0,0.0134986501349865,0,0,0.0091990800919908,0,0,0,0,0,0,0.0020997900209979,0,0,0,0,0,0,0.0084991500849915,0,0,0,0
0,0,1e-04,1e-04,0,0,0,0,0,0,0,0,0,0,0.0021,0,0,0,0,0,0,0.0035,0,0.0013,0,0.0027,0,0,0.0571,0,0.0194,0,0,0.0102,0,0,0.016,0,0,0,0,0,0,0,0,0.028,0,0,0,0,0,0,0,1e-04,0,0,0,4e-04,0,0.025,0,0,0,1e-04,0,0,0.0337,0,0,0,0.0036,0,0,0,0,0,0,0,0,0.0086,0,0.0021,0.0063,0,0,1e-04,5e-04,0,0,0,0,0.0807,7e-04,0,0,0,0,0,0.0042,0,0,0,0,0,0,0,0,0.0108,0,0,0,0,0,0,0,7e-04,0,1e-04,0.0057,0,0,0.0076,0,3e-04,0,0,0,0.0353,0,0,0,0,0,1e-04,0,0,7e-04,0,0,3e-04,1e-04,0,0,2e-04,0,0,0.0025,0,0,0.001,0.001,0,0,0.0056,0,0,0,0,0,0.0147,0,0,0,0.0393,0,0,0,0,0,0,0,0,0,0,0,0,0,0,0.0287,0,0,0,0,0,2e-04,0,0,0,0,0,0.0018,0.0542,0,0,0,0,0,0,0,0,0,0,0,0,0,0.0011,0,0,0,0,0,0,0.0337,0,0,1e-04,0,0,3e-04,0,0.0085,0.0054,0,0,0,0,0,0,0.0123,6e-04,0.0268,1e-04,0,0.0173,0,0,0,0,0,4e-04,0,0,0,0,5e-04,0.0076,0.0017,0,0,0,0,0,0,0,0.0021,0.0024,4e-04,0,0,0,2e-04,0,0,4e-04,0,0,0,0,0,0.091,0,0,0.0122,0,0.0191,0,0,1e-04,0.0011,0.1497,0,0,0.0502,0,0,0,0,0,0.0221,0,0,0,0,3e-04,0.0027,0,4e-04,0,0,0.0117,0
0,0,0.000599520383693046,0,0.0317745803357314,0.00309752198241407,0,0,0,0.00429656274980016,0.00209832134292566,0.0124900079936051,0,0,0.0239808153477218,0,0,0,0.00809352517985612,0,0,0.0248800959232614,0,0,0.00469624300559552,0.0709432454036771,0.000699440447641887,0,0.000999200639488409,0,0.00259792166266986,0,0,0.000399680255795364,9.99200639488409e-05,0,0,0.00839328537170264,0,0,0,0.00629496402877698,0,0.00139888089528377,0.000899280575539568,0.00649480415667466,9.99200639488409e-05,0.000199840127897682,0,0,0.00629496402877698,0,0,0,0.00289768185451639,0,0,0,0,0.0297761790567546,0.0127897681854516,0.00429656274980016,0,0.000399680255795364,0,0.000199840127897682,0.00399680255795364,0.000699440447641887,0,0.00569544364508393,0.000399680255795364,0,0.000199840127897682,0.00989208633093525,0,0,0,0,0,0.0258792965627498,0,0.0138888888888889,0.0021982414068745,0.00519584332533973,0,0.000299760191846523,0,0,0,0,0,0.00369704236610711,9.99200639488409e-05,0,0.00799360511590727,0,0,0,0.00189848121502798,0,0,0,0,0.000299760191846523,0.00139888089528377,0,0.00249800159872102,0.0140887290167866,0.00289768185451639,0.0185851318944844,0,9.99200639488409e-05,0,0.0122901678657074,0.00119904076738609,0,0,0.00929256594724221,0.00929256594724221,9.99200639488409e-05,0,0,0,9.99200639488409e-05,0.0060951239008793,0.0292765787370104,0,0.000299760191846523,0,0.153277378097522,0.0108912869704237,9.99200639488409e-05,0,0.000199840127897682,0.0124900079936051,0,9.99200639488409e-05,0,0,0.000299760191846523,0,0,0.000899280575539568,0,0.00909272581934452,0,0.000399680255795364,0.00109912070343725,0,0,0.00229816147082334,0.00179856115107914,0,0.000499600319744205,0,0,0,0,0.00539568345323741,0.00309752198241407,0,0,0,0.000299760191846523,0,0,0,0,0,0.000499600319744205,0,0,0,0,0,0,0,0.00109912070343725,0.0504596322941647,0.000199840127897682,0.000699440447641887,0,0,0,0.00239808153477218,0,0,0,0,0,0,0.0165867306155076,0.000499600319744205,0,9.99200639488409e-05,0,0,0.000199840127897682,0,0,0,0,0,9.99200639488409e-05,0,0.00559552358113509,0,0,0,0.0149880095923261,0,0,0.000399680255795364,0,0.000499600319744205,0.000199840127897682,0.00709432454036771,0.00289768185451639,0.0198840927258193,0.000299760191846523,0.00719424460431655,0.000599520383693046,0,0,0,0,0.0129896083133493,0,0.000499600319744205,0.000599520383693046,0.013189448441247,9.99200639488409e-05,0.000499600319744205,0.0228816946442846,0,0,0.000199840127897682,0,0,0.00309752198241407,0,0,0,0,0,0,9.99200639488409e-05,0,0,0,0.00539568345323741,0.000799360511590727,0.000499600319744205,0,0.0124900079936051,0.00409672262190248,0,0.000299760191846523,0.00819344524380496,0,0.000399680255795364,0.00109912070343725,0,0.000799360511590727,0.00359712230215827,0,0,0,0,0.000299760191846523,0,0.00359712230215827,0.00329736211031175,0,0,0,0.000599520383693046,0,0,0.0405675459632294,9.99200639488409e-05,0,0.0290767386091127,0,0,0,0,0,0.00309752198241407,0.000799360511590727,0,0,0,0,0.00229816147082334,0.00339728217426059,0.00299760191846523,0,0,0.0212829736211031,0
0,0,0,0,0.00709007389654484,0,9.98601957259836e-05,0.0167765128819652,0,0.00349510685040943,0.00409426802476533,0,0,0,0.000299580587177951,0,0,0,0.0066906331136409,0,0,0.012083083682844,0.00209706411024566,9.98601957259836e-05,0.00109846215298582,0.00169762332734172,0,0,9.98601957259836e-05,0,0.0661074495706012,0,0,0.00409426802476533,0,0,0,0,0.00469342919912123,0,0.0143798681845416,0.00209706411024566,0,0.000998601957259836,0.00359496704613541,0.00189734371879369,0,0.000299580587177951,0,0,0,0,0,0.000499300978629918,0.00778909526662672,0,0,0,0,0.0232674256041542,0,0.0104853205512283,0.000499300978629918,0,0,0.000699021370081885,0.00619133213501098,0.000199720391451967,0,0.000299580587177951,0.00139804274016377,0,9.98601957259836e-05,0.00469342919912123,0,0,0,0,0,0.0479328939484721,0,0.00359496704613541,0.00579189135210705,0.00289594567605353,0.00738965448372279,0,9.98601957259836e-05,0,0.00149790293588975,0,0,9.98601957259836e-05,0,0,0,0,0,0,0,0,0,0,0,0,0.00249650489314959,0,0,0.000299580587177951,0.00958657878969443,0.000399440782903934,0,0,0,0.0220691032554424,0.00129818254443779,0,0,0.000499300978629918,0.00968643898542041,0,0,0,0.0199720391451967,0,0.0042939884162173,0.0761933293389255,0,0,0,0.0626123427201917,0,0.000199720391451967,0,0,0,0,0,0,0,0,0,0,0.00129818254443779,0,0.0172758138605952,0,9.98601957259836e-05,0,0,9.98601957259836e-05,0.000699021370081885,0,0,0.00149790293588975,9.98601957259836e-05,0,0,0,0.00299580587177951,0.00748951467944877,0,0,9.98601957259836e-05,0.01218294387857,0,0,0,0,0,0,0.00139804274016377,9.98601957259836e-05,9.98601957259836e-05,0,0,0,0,0.00299580587177951,0.0561214299980028,0,0,0,0,0,0.000299580587177951,0,0,0,0,0,0,0.00389454763331336,9.98601957259836e-05,9.98601957259836e-05,0,0,0,0,0,0,0,0,0,0.0138805672059117,9.98601957259836e-05,0.000299580587177951,0,0,0,9.98601957259836e-05,0,0,0.000998601957259836,0,0.00149790293588975,0,0.0331535849810266,0.00269622528460156,0.0154783303375275,0.000199720391451967,0.00239664469742361,0.000599161174355902,0,0.00758937487517476,9.98601957259836e-05,0,0,0,0.00998601957259836,0,0.00619133213501098,0,0,0.00948671859396844,0,0,0.00179748352306771,0,0,0,0,0,0,0,0,0.00149790293588975,0,0,9.98601957259836e-05,0,0.00599161174355902,0.000199720391451967,0,0,0.00109846215298582,0,9.98601957259836e-05,0,0.00129818254443779,0.00259636508887557,0,0,0,9.98601957259836e-05,9.98601957259836e-05,0,9.98601957259836e-05,0,0.000399440782903934,0.000599161174355902,0,0.00659077291791492,0.000499300978629918,0,0,0.000199720391451967,0,9.98601957259836e-05,0.000199720391451967,0.228879568603954,0,0,0.0259636508887557,0,0,0,0,0,0.00649091272218894,0.00239664469742361,0,0,0,0,0.000798881565807869,0.00309566606750549,0.000199720391451967,0,0,0.00599161174355902,0
0,0,0,0,0,0,0,0,0,0,0,0,0,0,0.000399920015996801,0,0,0,0,0,0.00639872025594881,0,0,0,0,0.218656268746251,0,0,0,0,0,0,0.000499900019996001,0,0,0,0,0,0,0,0,0,0,0.0107978404319136,0,0.0640871825634873,0,9.99800039992002e-05,0,0,0,0,0,0,0,0,0,0,0,0,0,0.0020995800839832,0,0,0,0,0.0026994601079784,0,0,0,0.0383923215356929,0,0,0.0018996200759848,0,0,0,0,0,0.00549890021995601,0,0,0,0.0011997600479904,0,0,0,0,0,0,0,0,0.001999600079984,0,0,0,0,0,0.00459908018396321,0,0,0.0022995400919816,0,0,0,0,0,0.00359928014397121,0,0,0,0,0,0.0132973405318936,0,0,0,0,0.00419916016796641,0,0,0,0,9.99800039992002e-05,0.00819836032793441,0,0,0,9.99800039992002e-05,0,0,0.0012997400519896,0,0,0,0,0.00499900019996001,0,0,0,0.0017996400719856,0,0,0,0,0,0,0,0,0,0.0001999600079984,9.99800039992002e-05,0,0.0031993601279744,0,0,0,0,0,0.0257948410317936,0,0,0,0,0,0,0,0,0,0,0,0,9.99800039992002e-05,0,0,0,0,0.0237952409518096,0,9.99800039992002e-05,0,0,0,0,0,0,0,0,0,0,0,0.0206958608278344,0,0,0,0,0,0,0,0,0,0,0,0.0357928414317137,0,0,0,0,0.0002999400119976,0,0,0,0,0,0,0,0,0.0205958808238352,0.00909818036392721,0,0,0.00369926014797041,0,0,0,0.000399920015996801,0.0180963807238552,0,0.00529894021195761,0,0.00959808038392321,0,0,0.0188962207558488,0,0,0,0,0,0,0,0,0,0,0,0,0,0,0,0,0.0428914217156569,0,0,0,0.00529894021195761,0,0,0,0,0,0,0,0,0,0,0,0,0,0,0.000899820035992801,0.000399920015996801,0,0.028994201159768,0,0,0,0,0,0,0.321135772845431,0,0,0,0,0,0.0001999600079984,0.000399920015996801,0,0,0,0,0,0,0,0,0,0,0.000699860027994401,0,0.00409918016396721,0
0,0,0,0.000199900049975012,0,0,0,0,0,0,0,0,0,0,0.000299850074962519,0,0,0,0,0,0,0,0,0.000999500249875062,0,0.000499750124937531,0,0,0.00129935032483758,0.00079960019990005,0.0310844577711144,0.0137931034482759,0,0.000199900049975012,0,0,9.99500249875062e-05,9.99500249875062e-05,0,0,0,0,0,0,0,0,0,0,0,0,0,0,0,0,0,0,0,0,0,0.0079960019990005,0,0,0,0,0,0,0.0204897551224388,0,0,0,0,0,0,0,0,0,0,0,0,0,0,0.000599700149925037,0,0,0,0.000199900049975012,0,0,0,0,0,0.000999500249875062,0.000599700149925037,0,0,0,0,0,0.00429785107446277,0,0,0.0123938030984508,0,0,0,0,0,0.0482758620689655,0,0,0,0,0,0,0.000199900049975012,0,0,0,0.00609695152423788,9.99500249875062e-05,0,0,0,0.00229885057471264,0,0,0,0,0,0,0,0,0,0,0,0,0,0,0,0,0,0,0,0,0,0,0.000899550224887556,0,0,0,0,0,0.00079960019990005,0,0,0,0,0,0,0.00609695152423788,0,0,0,0,0,0,0,0,0,0,0,0,0,0,0,0,0,9.99500249875062e-05,0.016191904047976,0,0,9.99500249875062e-05,0,0,0,0,0,0,0,0,0.000399800099950025,0,0,0.00419790104947526,0,0,0,0,0,0,0,0,0,0.015592203898051,0.0180909545227386,0,0,0,0,0,0,0,0,0,0,9.99500249875062e-05,0,0,0,0,0,9.99500249875062e-05,0,0.0195902048975512,0,0,0,0,0.000399800099950025,0,0,9.99500249875062e-05,0,0.117641179410295,0,0,0,0,0,0.00379810094952524,0,0,0.016591704147926,0,0.0146926536731634,0,0,0,0,0,0,0,0,0,0,9.99500249875062e-05,0,0,0,0,0.00469765117441279,0,0,0,9.99500249875062e-05,0,0,0,0,0.152123938030985,0,0,0.00899550224887556,0,0,0,0,0,0,0.391204397801099,0,0,9.99500249875062e-05,0,0,9.99500249875062e-05,0,0,0.015592203898051,0,0.032583708145927,0,0,0,0.00259870064967516,0.00109945027486257,0,0,0,0.00129935032483758,0
0,0,0,0.000699790062981106,0,0,0.00159952014395681,0,0,0,9.99700089973008e-05,0,0,0,0,0,0,0,0,0,0,0.00139958012596221,0,0,0,0.315705288413476,0,0,0,0,0,0.00149955013495951,9.99700089973008e-05,0.0149955013495951,0,0,9.99700089973008e-05,0.013296011196641,0,0,0,0,0,0.00239928021593522,0,0.000399880035989203,0,0,0,0,0,0,0,0,0,0,0,0,0,0.00109967009897031,0,9.99700089973008e-05,0,0,0,0,0,0,0,0.00629811056682995,0.000899730080975707,0,0,0,0,0,0,0,0,0.000899730080975707,0,0,0,0,0.00199940017994602,0,0,0,0,0.0150954713585924,0,0,0,0.000999700089973008,0,0,0,0,0.00589823053084075,0,0,0.000399880035989203,0,0,0,0,0,0.0100969709087274,0,0,0,0,0,0,0,0,0,0,0.0114965510346896,0.000199940017994602,0,0,0,0,0.00179946016195141,0,0.00109967009897031,0,0,0,0,0.00929721083674898,0,0,0,0,0,0,0,0.000299910026991902,0.000799760071978406,0,9.99700089973008e-05,0,0,0,0.000499850044986504,0,0,0,0.00109967009897031,0,0,0,0,0,0,0,0.000599820053983805,0.0232930120963711,0,0,0,0,0,0,0,0,0,0,0,0,9.99700089973008e-05,0,0,0,0,0.00629811056682995,0.00149955013495951,0,0,0,0,0.00189943017094872,0.000299910026991902,0,0,0,0,0,0,0.00579826052184345,0,0,0,0,0,0,0,0,0,0,0,0,0,0,0,0,0,0,0,0,0.00739778066580026,0,0.000199940017994602,0,0.00589823053084075,0,0,0,0.000199940017994602,0,0,0,0,0,0,0,0,0,0.00269919024292712,0,0,0.0420873737878636,0,0,0,0,0,0,0,0,0,0,0,0,0,0,0,0,0,0,0,0,0,0,0,0,0,0.000499850044986504,0,0,0,0,0,0,0,0,0,0.00989703089073278,0,0,0.0434869539138259,0,0,0,0,0,9.99700089973008e-05,0.381885434369689,0,0,0.0208937318804359,0.00179946016195141,0,0,0,0,0.00839748075577327,0.000799760071978406,0,0,0,0,0.00309907027891633,0,0,0,0,0.00809757072878137,0
0,0,0,0,0,0,0,0,9.99700089973008e-05,0,9.99700089973008e-05,0,0,0,9.99700089973008e-05,0,0,9.99700089973008e-05,0,0.00109967009897031,0.00299910026991902,0.0301909427171848,0,0,0,0.000199940017994602,0.000199940017994602,0,0,0,0,0,0,0.023592922123363,0,0,0.000499850044986504,0.035889233230031,0,0,0,0,0,0.00979706088173548,0,0.018594421673498,0,0.000199940017994602,0.000399880035989203,0,0,0,0,9.99700089973008e-05,0,0,0,0,0,0,0,0.00479856043187044,0,0,0,0,0,0,9.99700089973008e-05,0,0.000599820053983805,0,0,0.0391882435269419,0,0,0,0,0,0,0,0,0,0,0.00199940017994602,0,0.0181945416375087,0,0,0.0232930120963711,0,9.99700089973008e-05,0,0,0,0,0,0,0.0475857242827152,0,0,0,0,0,0.000199940017994602,0,0.0138958312506248,0.0621813455963211,0,0,0,0.0151954413675897,0,0.165150454863541,0,0,0,0,0.031890432870139,0,0,0,0,0,0.0179946016195141,0.00109967009897031,0,0,9.99700089973008e-05,0.000999700089973008,0.0146955913226032,0.0695791262621214,0,0,0,9.99700089973008e-05,0.000799760071978406,0,0,0,0.000699790062981106,0,0,0,0,0,0.0110966709987004,0,0,0.000299910026991902,0.00589823053084075,0,0,0,0,0,0,0,0,0.0143956812956113,0,0,0,0,0,0,0,0,0,0,0,0,0,0,0,0,0,0.0149955013495951,0,0.000399880035989203,0,0,0,0,0.00289913026092172,0,0,0,0,0,0,0.0445866240127962,0,0,0,0,0,0,0,0,0,0.000299910026991902,0,0.000199940017994602,0,0.00839748075577327,0.000199940017994602,0,9.99700089973008e-05,0,0,0,0,0,0.000799760071978406,0,0,0,0.00369889033290013,0.000299910026991902,0.00149955013495951,0,0,0,0,0,0,0,0.00139958012596221,0,0.0263920823752874,0,0,0.0201939418174548,0,0,0,0,9.99700089973008e-05,0,0,0,0,0.00109967009897031,0,0,0,0,0,0,0,0,0.00379886034189743,0,0.00659802059382185,0.000999700089973008,0,0,0.00129961011696491,0.00579826052184345,0.000199940017994602,0.000499850044986504,0,0.00119964010796761,0,0,0,0,0,0.00719784064780566,0,0.0187943616914926,0.0144956513046086,0,0,0,0,0,0.000399880035989203,0,0,0,0.071778466460062,0,0,0,0,0,0,0.0126961911426572,0,0,0,0,0.0150954713585924,0,0.00129961011696491,0,0,0.0140957712686194,0.00989703089073278
0.000800240072021606,0,0.000300090027008102,0,0,0,0,0,0,0,0,0,0.00200060018005402,0,0.00950285085525658,0,0.000400120036010803,0,0,0,0,0.00850255076522957,0,0.0144043212963889,0.000200060018005402,0,0,0,0.0212063619085726,0.00290087026107832,0.00520156046814044,0,0,0,0,0,0.00810243072921877,0.00130039011703511,0.00160048014404321,0,0,0,0,0,0,0,0,0,0.00500150045013504,0,0,0,0,0.000500150045013504,0,0,0,0.000500150045013504,0,0,0,0,0,0,0,0,0.0168050415124537,0,0,0,0,0,0,0,0,0,0.000100030009002701,0,0,0,0,0,0.00210063018905672,0,0,0.000900270081024307,0,0,0,0,0.000400120036010803,0.000700210063018906,0.0419125737721316,0,0,0.0109032709812944,0,0,0,0,0,0,0.00300090027008102,0.00470141042312694,0,0.000200060018005402,0,0,0,0,0,0,0.000200060018005402,0,0,0,0,0,0,0.00130039011703511,0,0,0,0,0.138941682504751,0,0,0,0,0,0,0,0,0,0,0,0.0668200460138041,0,0,0,0.00160048014404321,0,0,0.000700210063018906,0,0,0.00360108032409723,0.000500150045013504,0,0.000700210063018906,0,0,0.00150045013504051,0,0.000200060018005402,0,0.000200060018005402,0,0,0,0.000100030009002701,0,0,0,0,0,0,0,0.000200060018005402,0.00240072021606482,0,0,0,0.000200060018005402,0,0,0.000500150045013504,0,0,0,0,0,0,0,0,0,0,0,0,0,0.000100030009002701,0,0.000900270081024307,0,0,0,0,0.000200060018005402,0,0,0,0,0,0,0,0,0,0,0.000100030009002701,0,0,0,0,0,0,0,0,0.00130039011703511,0.0124037211163349,0,0,0,0,0.00120036010803241,0.00250075022506752,0,0,0,0,0,0,0,0.000300090027008102,0,0,0,0,0,0,0.00110033009902971,0,0.000100030009002701,0.0277083124937481,0,0.000400120036010803,0,0,0,0,0,0,0,0,0,0.00490147044113234,0.00200060018005402,0.00290087026107832,0,0.00240072021606482,0,0,0,0,0,0,0,0,0,0.00200060018005402,0,0,0,0.0475142542762829,0,0,0,0,0,0,0.431729518855657,0,0,0.0436130839251776,0,0,0,0,0,0.00370111033309993,0,0,0,0,0,0.0215064519355807,0,0.000700210063018906,0,0,0.00490147044113234,0
0,0,0,0,0,0,0.00139902068552014,0,0,0,0,0,0,0,0.000899370440691516,0,0,0,0,0,0.000799440391725792,0.0101928649945038,0,0.000799440391725792,0,0.162086539422404,0,0,0.00159888078345158,9.9930048965724e-05,0,0,0,0,0,0.0176876186669331,9.9930048965724e-05,0.0145897871489957,0,0,0,0,0,0.00819426401518937,0,0.00269811132207455,0,0,0,0,0,0,0,0,0,0,0,0,0,0,0,0,0,9.9930048965724e-05,0,0,0.0309783151793744,0,9.9930048965724e-05,0.0078944738682922,0.00159888078345158,0,0,0,0,0,0,0,0,0,0,0,0,0,0.000399720195862896,9.9930048965724e-05,0,0,0,0.00279804137104027,0,0.000799440391725792,0.00109923053862296,0,0,0,0,0,0.00849405416208654,0.000199860097931448,0,0.00139902068552014,0,0,0,0,0,0.19536324572799,0,0,0,0,0,0.131008294194064,0,9.9930048965724e-05,0.00869391426001799,0,0.0110922354351954,0,0,0,0,0,0.00399720195862896,0,0,0,0,0,0.00159888078345158,0,0,0,0,0,0.0378734885580094,0,9.9930048965724e-05,0,0.000699510342760068,9.9930048965724e-05,0,0,0,0,0.000299790146897172,0.000299790146897172,0,0,0.000899370440691516,0.000699510342760068,0,0,9.9930048965724e-05,0,0.00239832117517738,0,0,0,0,0,0,0,0,0,0,0,0,0.000399720195862896,0,0,0,0,0,0,0,9.9930048965724e-05,0.00989307484760668,0.000199860097931448,0,0,0,0,0.000199860097931448,0,9.9930048965724e-05,0,0,0,0,0.00899370440691516,9.9930048965724e-05,0,0,0,0,0,0,0,0,0,0,0,0,0.00049965024482862,0,0,0,0.000399720195862896,0,0,0.0192864994503847,0,0,0,0,0.00509643249725192,9.9930048965724e-05,0,0,0.00659538323173778,0,0,0,0,0,0,0.00629559308484061,0,0.00779454381932647,0,0,0.0124912561207155,0,9.9930048965724e-05,0,0,0,0,0,0,0,0,0,0,0,0,0,0,0,0.00719496352553213,0,0,0,9.9930048965724e-05,9.9930048965724e-05,0,0.000199860097931448,0.000399720195862896,0,0,0,0.000399720195862896,0,0,0,0,0,0.0020985310282802,0.0110922354351954,0,0.00829419406415509,0,0,0,0,0,0.00049965024482862,0.204456880183871,0,0,0,0,0,0,0,0,0,0.00199860097931448,0,0,0,0,0,0,0.00139902068552014,0,0,0.0106925152393325,0
0,0,0,0,0.00799440391725792,0,0.000299790146897172,0,0,0,0.0045967822524233,0,0,0.000399720195862896,0.21055261317078,0,0,0,0,0,9.9930048965724e-05,0.0053962226441491,0.00179874088138303,0,0,0.111322074547817,0,0,0.0078944738682922,0.0375736984111122,0.000199860097931448,0,0,0,0,0,0,0,0.00199860097931448,0,0.00759468372139502,0,0,0,0.00359748176276606,9.9930048965724e-05,0,0,0,0,0,0,0,0.000299790146897172,0,0,0,0,0,0.000299790146897172,0,0.000299790146897172,0,0,0,0,0.00109923053862296,0,0,0,9.9930048965724e-05,0,0,0.00179874088138303,0,0,0,0,0,9.9930048965724e-05,0,0.00319776156690317,0.000199860097931448,0,0,0,0.00139902068552014,0,0,0,0,0,0,0,0,0,0,0,0,0,0,0,0,0,0,0,0,0.000399720195862896,0.0219846107724593,0.000199860097931448,0,0,0,0,0,0.000199860097931448,0,0.000299790146897172,0.000799440391725792,0,0,0,0.00159888078345158,0,0.00319776156690317,0.0968322174477866,0,0,0,0.0730488657939442,0,0.00109923053862296,0,0,0.00119916058758869,0.00259818127310882,0.0106925152393325,0,0,0,0.0194863595483162,0,0.00279804137104027,0,0,0,0,0,0,0,9.9930048965724e-05,0,0,0,0,0,0,0,0,0.00189867093034876,0,0,0,0,0,0,0,0,0,0,0.00369741181173179,0,0,0,0,0,0,0,0.000599580293794344,0,0,0,0,0,0.000699510342760068,0,0,0,0,0,0,0.00139902068552014,0,0,0,0,0,0,0,0,0,0,0,9.9930048965724e-05,9.9930048965724e-05,0,0.00049965024482862,0,0,0,0.00109923053862296,0,0,0,0,9.9930048965724e-05,9.9930048965724e-05,0,0,0,0,0.0020985310282802,0,0,0,0.000199860097931448,0,0,0,0,0.00129909063655441,0,0,0.0595583091835715,0,0,0,0,0.000299790146897172,0,0,0,0,0,0.00049965024482862,0.00409713200759468,0,0,0,0,0,0.000399720195862896,0,0,0,0,0.00129909063655441,0,9.9930048965724e-05,0,0,0,0,0.00119916058758869,0,0,0,0,0.00349755171380034,0.144998501049266,0,0,0.116018786849206,0,0,0,0,0,0,0.000199860097931448,0,0,0.000899370440691516,0,0,0,0,0.00199860097931448,0,0.000399720195862896,0,0,0,0,0,0,0.00369741181173179,0,0,0.000199860097931448,0
0,0.000199900049975012,0,0,0.00649675162418791,0.00359820089955022,0,0,0,0.00779610194902549,0.00179910044977511,0,0,9.99500249875062e-05,0.000999500249875062,0,0,0,0,0.00909545227386307,0.000499750124937531,0.015192403798101,0.00149925037481259,9.99500249875062e-05,0,0.0139930034982509,0,0,0.00119940029985007,0,0.00939530234882559,0,9.99500249875062e-05,0.00239880059970015,0,0,9.99500249875062e-05,9.99500249875062e-05,0.00229885057471264,0,0.0100949525237381,0,0,0.00239880059970015,0.00679660169915042,0.00569715142428786,0.00139930034982509,9.99500249875062e-05,0,0,0.00499750124937531,0,0,0,0.000499750124937531,0,0,0,0,0.00769615192403798,0.00839580209895052,0.0140929535232384,0.000899550224887556,0,0,0,0.00139930034982509,0,0.000199900049975012,0,0.000199900049975012,0,0.000299850074962519,0.00999500249875063,0,0,0,0,0,0.00509745127436282,0,0,0,0,0.0145927036481759,0.00079960019990005,0,0,0,0,0,9.99500249875062e-05,9.99500249875062e-05,0,0,0,0,0,0.000899550224887556,0,0,0,0,0,0.000599700149925037,0,9.99500249875062e-05,0.00109945027486257,0.0456771614192904,0,0.00129935032483758,9.99500249875062e-05,0,0.000299850074962519,0,0,0,0.000199900049975012,0.00229885057471264,0,0,0,0,0,0.000599700149925037,0.0951524237881059,0,0,0,0.16431784107946,0.0105947026486757,0.000899550224887556,0,0,0,0.00239880059970015,9.99500249875062e-05,0,0,0,9.99500249875062e-05,0.000199900049975012,0.00269865067466267,9.99500249875062e-05,0,0,0.000499750124937531,0.00419790104947526,0,0,0.00219890054972514,0.00359820089955022,0,0,0,0,0,9.99500249875062e-05,0,0.00779610194902549,0,0,0,0,0,0,0,0,0,0,0.000699650174912544,0,9.99500249875062e-05,0,0,0,0.000399800099950025,0.000899550224887556,0.0112943528235882,9.99500249875062e-05,0,0,0,0,0,0,0,0,0,0,0,0.00369815092453773,9.99500249875062e-05,0,0.0015992003998001,0.000199900049975012,0,0.000399800099950025,0,0,0,0,0,0,0,0.00359820089955022,0,0,9.99500249875062e-05,0.000599700149925037,0,0,0,0.000399800099950025,0.000199900049975012,0,0.00989505247376312,0.00109945027486257,0.000199900049975012,0.00139930034982509,9.99500249875062e-05,0.00119940029985007,0,0,0,0,0.00779610194902549,0,0.000499750124937531,0,0.00119940029985007,9.99500249875062e-05,0,0.0380809595202399,0,0.000299850074962519,9.99500249875062e-05,0,0,0.000399800099950025,0,0,0.0567716141929035,0,0,0,0,0,0,0,0.0102948525737131,0.000599700149925037,0.00179910044977511,0,9.99500249875062e-05,0.000399800099950025,0.00229885057471264,0.000299850074962519,9.99500249875062e-05,0,9.99500249875062e-05,0,0,0.000899550224887556,0,0,0,0,0,0.00889555222388806,0.000499750124937531,0.000399800099950025,0.0358820589705147,0,0,0,0,0,0.000499750124937531,0.227886056971514,9.99500249875062e-05,0,0.0158920539730135,0,0,0,0,0,0.000399800099950025,0.00419790104947526,0,0,0,0,0.00339830084957521,0,0.00539730134932534,0.00169915042478761,0,0.0134932533733133,0
0,0,0,0,0,0,1e-04,0,0,0,0,0,3e-04,0,1e-04,0,0,6e-04,0,0,0,0.0366,0,0,0,0,0,0,4e-04,0,0.0133,0,0,0.0055,0,0,0.0024,0.0028,0,3e-04,0,0,0,0,0,0,0,0,0,0,4e-04,0,0,3e-04,0,0,0,0,0,0.0967,0,0,0,0,0,0,0.0525,0,0,0,0,0,0,0,0,0,0,0,0,0.0145,0,4e-04,0,0,0,1e-04,0,0,0,0.002,0,2e-04,0.0022,0,0,0.0161,0,0,0,0,0,1e-04,0,0,0,0,0,0.1194,0,0.0156,0,0,0,0.0371,0,0,0.0147,0,0.019,0,0,0,0,3e-04,0.0068,0,0.0017,0,0,0,0,0,0,0,7e-04,0,1e-04,0,4e-04,0,8e-04,0,0,0,0,0,0.0029,0,0,0,0,0,1e-04,0,0.001,0,0.0012,5e-04,0,0,0,0,0,0,0,0,0,0,0,0,0,0,0.0019,0,0,0,8e-04,0.1194,0.0137,0,0,0,0,0,0,0,0,0,0,0,0,0,1e-04,0.0023,0,1e-04,0.0246,0,0,0,0,0,0,0,0,0.0021,0,0,7e-04,1e-04,0,0,0,0,0,0,0.0151,0,0.0314,0,0.0121,0.0104,0,0,0,0,0,0,0.0506,0,0.0066,0,0,0.0052,0.003,7e-04,0,0,0,0,0,0,0,0,0,0,0,0,0,0,0.0505,0,0.0054,0,0.0083,0.0018,0,0,0,0,4e-04,0,0.0074,0,0,0,0,0,0,0.0064,0,0,0.0329,0,0,0,0.006,0,4e-04,0,0,0,0.0432,0,0.0015,0,0,0,0.0202,0,0,0,0,0,0.0012,0,2e-04,0,0,0.0431,0
0,0,0,0,0.00948861366360368,0.00369556532161406,9.98801438274071e-05,0.0083899320815022,0,0.00299640431482221,0.00489412704754295,0,0,9.98801438274071e-05,0.115661206552137,0,0,0.000299640431482221,0,0,0.000998801438274071,0.00599280862964443,0,0,0,0.059129045145825,0.000299640431482221,0,0.00649220934878146,0,0.00219736316420296,0,0,0.00339592489013184,0,0,0.00599280862964443,0.00779065121853775,0.00119856172592889,0,0.00329604474630443,0.000898921294446664,0,0.000199760287654814,0.00399520575309628,0.0069916100679185,0.00759089093088294,9.98801438274071e-05,0,0,0.00489412704754295,0,0,0,9.98801438274071e-05,0,0,0,0,9.98801438274071e-05,0,0.00159808230123851,0.00119856172592889,0,0.00369556532161406,0,0.000599280862964443,0.00319616460247703,0,0,9.98801438274071e-05,0,0,0.000499400719137036,0,0,0,0,0,9.98801438274071e-05,0,0.00169796244506592,0.00339592489013184,0.00069916100679185,0.017179384738314,0,0.0153815421494207,0,0,0.0214742309228925,0,0.00259688373951258,9.98801438274071e-05,0,0.00529364762285258,0.00069916100679185,0,0,0.00129844186975629,0,0,0,0,0.000199760287654814,0.000399520575309628,0,0.00309628445864962,0.115761086695965,0.00439472632840591,0,0,0,0,0.00389532560926888,0.000199760287654814,0,0,0.000199760287654814,0.00369556532161406,9.98801438274071e-05,0,0.00169796244506592,0.00159808230123851,9.98801438274071e-05,0.00159808230123851,0.0335597283260088,0,0,0,0.0335597283260088,0.0149820215741111,0.00369556532161406,0,0,0,0,9.98801438274071e-05,0,0,0,9.98801438274071e-05,0,0.00109868158210148,0,0.000199760287654814,0,0,0.000299640431482221,0,9.98801438274071e-05,0.000799041150619257,9.98801438274071e-05,0,0,9.98801438274071e-05,0,0,0,0.000299640431482221,0.00239712345185777,0,0,0,0.0123851378345985,0,0,0,0,0,9.98801438274071e-05,9.98801438274071e-05,0,0.156112664802237,0,0,0,0,0.000499400719137036,0.00649220934878146,0.000599280862964443,0.000299640431482221,0,0,0,0.000299640431482221,0,9.98801438274071e-05,0,0,0,0,0.0127846584099081,0.0013983220135837,0,9.98801438274071e-05,0,0,0.0027966440271674,0,0,0,0,0,0.00689172992409109,0,0.000499400719137036,0.000199760287654814,0,9.98801438274071e-05,0.0120854974031163,0,0,0,9.98801438274071e-05,9.98801438274071e-05,0,9.98801438274071e-05,0.00149820215741111,0.00069916100679185,0.000599280862964443,0.00469436675988813,0.00149820215741111,9.98801438274071e-05,0,0,0.000399520575309628,0.000199760287654814,0,0.00149820215741111,0.000199760287654814,0.0246703955253696,0,0,0.0259688373951259,0,0,9.98801438274071e-05,0,0,9.98801438274071e-05,9.98801438274071e-05,0,0,0.00069916100679185,0,0,0,0,0,0,0.00169796244506592,0.000199760287654814,0.00069916100679185,0,0.000799041150619257,0.00109868158210148,0.000199760287654814,9.98801438274071e-05,9.98801438274071e-05,0.000898921294446664,0,0.0013983220135837,0,0,0,0,0,0,0,0.000998801438274071,0,9.98801438274071e-05,0.0205753096284459,0,0,0,9.98801438274071e-05,9.98801438274071e-05,0.000898921294446664,0.0842988413903316,9.98801438274071e-05,0,0.0183779464642429,0,0,0,0,0,0.000499400719137036,0.00249700359568518,0,0,0.000499400719137036,0,0.00529364762285258,9.98801438274071e-05,0.000299640431482221,9.98801438274071e-05,0,0.00439472632840591,0
5e-04,0,0,0,0,0,2e-04,0,0,0,0,0,0,0.0717,0.0513,0,0,2e-04,0,0,0.0146,0,0,0,3e-04,0,0,0,0.0012,0,0,0,0,0.0176,0,0,0,0.0082,0,0,0,0,0,0,0,0,0,0,8e-04,3e-04,0,0,0,0,0,0,0,0.0016,0,0,0,0,0,0,0,0,0.0415,0.0017,0,0.0163,0,0,0,0,0,0,0,0,2e-04,0,0,0,0,0,0,0.0066,0,0,0,0.0031,0,0.0061,0,0,0,0,0,2e-04,0.033,0,0,0,0,0,0.0052,0,5e-04,0,0,4e-04,0,0,0,0,0,0,0.0089,0,0,2e-04,0,0,0.0065,0.0517,0.1258,0,0,0,0,0,0,0,0,0,0,0,0.0538,0,0,0,0,0,0,0,0,0,0,0,0,0,0,0,0,0,0,0,0,0,0,0,0,0,0,0,0,0,0,0,0,0,0,2e-04,2e-04,0,0,0,0,0,0.0029,0,0,0,0,0,0,0,0,0,0,0,0,0,7e-04,0,0,0,0,0,0,0,0,0,0,0,0,0.0346,0.0021,0,0,0.0011,0,0,0.0017,0,0,0,0.0467,0,0,0.0067,0,0,0,0,0,0,0,0,0,0,0.0433,0,0,0,0,0,0,0,0,0,0,0,0,0,0,0,0,0,0,0,0.0855,0,0,0,0,0,0,0,0,0,0,0,0,0,0,0,0,0.0185,0.0037,0.0014,0.0034,0,0.1277,0,0.0036,0,0.0019,9e-04,6e-04,0,0,0,0,0,0,0,0,0.0117,0,0.0022,0,0,0,0,0.0431,0,0,0.0133,3e-04,0.0118,0
0,0,0.0001998001998002,0,0.00519480519480519,0.00569430569430569,0,0,0.0460539460539461,0.00579420579420579,0.0034965034965035,0,0.0040959040959041,0,0.0021978021978022,0.0030969030969031,0,0,0,0.0001998001998002,0,0.0104895104895105,0,0,0,0.0128871128871129,0,0,0.0016983016983017,0.0014985014985015,0.0021978021978022,0,0,0,0,0,0,0.000599400599400599,0.0023976023976024,0,0.0038961038961039,0,0,0,0.000599400599400599,0,0,0,0,0,0,0.000599400599400599,0,0.0004995004995005,0.000899100899100899,0,0,0,0,0.0010989010989011,0.00559440559440559,0.013986013986014,0,0,0,0,0.00969030969030969,0.0002997002997003,0,0.0172827172827173,0.0004995004995005,0,0,0.00949050949050949,0,0,9.99000999000999e-05,0,0,0.0205794205794206,0.0002997002997003,0,0,0,0.00779220779220779,0,0.0022977022977023,0,0.0014985014985015,0.0142857142857143,0,9.99000999000999e-05,9.99000999000999e-05,0,0.0010989010989011,0,0,0,0.0182817182817183,9.99000999000999e-05,0,0,0,0,0,0,9.99000999000999e-05,0.0022977022977023,0.00739260739260739,0.0294705294705295,0,9.99000999000999e-05,0,0,0,0.0001998001998002,0,0.0001998001998002,0.000599400599400599,0,0,0,0.0043956043956044,0,0.0047952047952048,0.0626373626373626,9.99000999000999e-05,0,0,0.0160839160839161,0,0.014985014985015,0,0,0,0,0.0023976023976024,0,0,0,9.99000999000999e-05,0,0.0012987012987013,0,0,0,0.0004995004995005,0,0.0004995004995005,0,0.000899100899100899,0.000799200799200799,0.0001998001998002,0,0,0,0,0,0.0157842157842158,0.0052947052947053,0,0,0,0.144355644355644,0,0,0,0.0001998001998002,0,0,0,0,0,0,0,0,0,9.99000999000999e-05,0.00999000999000999,0,0,0,0.0025974025974026,0,0,0,0,0,0,0,0,0,0,0.0001998001998002,0,0,0,0,0,0,0,0,0.0050949050949051,0,0,0.000599400599400599,9.99000999000999e-05,0,0,0,0,0,0,0,0.0001998001998002,0,0.00639360639360639,0,0,0.0002997002997003,0.0037962037962038,0,0,0,9.99000999000999e-05,0,0,0,0.00949050949050949,0,0.0233766233766234,0,0,0.0752247752247752,0,0,0,0,0,0,0,0,0.0133866133866134,0,0,0.0033966033966034,0,0.0003996003996004,0,0,0,9.99000999000999e-05,0.0003996003996004,0,0.0002997002997003,0.000999000999000999,9.99000999000999e-05,0,0.0001998001998002,0,9.99000999000999e-05,0,0,0,0,0,0,0,0.0001998001998002,0.0018981018981019,0.0001998001998002,0,0.0185814185814186,0.0001998001998002,0.0001998001998002,0,9.99000999000999e-05,0,0.0002997002997003,0.223276723276723,0,0,0.00709290709290709,0,0,0,0,0,0,0.0041958041958042,0,0,0,0,0.00789210789210789,9.99000999000999e-05,0.0236763236763237,0,0,0.000699300699300699,0
0,0,0,0,0,0,0,0,0,0,0,0,0,0,0,0,0,0,0,0,0,0,0,0,0,0.518851885188519,0,0,0.0369036903690369,0,0,0,0,0.0143014301430143,0,0,0,0.005000500050005,0,0,0,0,0,0.028002800280028,0,0.0301030103010301,0,0,0,0,0,0,0,0,0,0,0,0,0,0,0,0.0196019601960196,0,0,0,0,0.0071007100710071,0,0,0,0,0,0,0,0,0.0001000100010001,0,0,0,0.0038003800380038,0,0.0015001500150015,0.0223022302230223,0,0,0,0,0,0,0,0,0,0,0,0,0.0002000200020002,0,0,0,0,0,0.0082008200820082,0,0.0002000200020002,0,0,0.0301030103010301,0,0.0005000500050005,0.003000300030003,0,0,0,0.0098009800980098,0,0,0,0,0,0,0,0,0,0,0.0163016301630163,0,0,0,0.0002000200020002,0,0.0066006600660066,0,0,0,0,0,0.002000200020002,0,0,0,0,0,0,0,0,0,0.0005000500050005,0,0,0,0.0031003100310031,0,0,0,0,0,0,0,0,0,0,0,0,0,0,0,0,0,0,0,0,0,0.0008000800080008,0,0,0,0,0,0.0207020702070207,0.0002000200020002,0,0,0,0,0,0.0001000100010001,0.0015001500150015,0,0.0006000600060006,0,0,0,0.0028002800280028,0,0.0314031403140314,0,0,0,0,0,0.0224022402240224,0,0,0,0,0.0031003100310031,0,0,0,0.0009000900090009,0,0,0,0,0,0,0.0158015801580158,0.004000400040004,0,0,0,0,0,0.0011001100110011,0.001000100010001,0,0,0,0,0,0.0427042704270427,0,0,0,0.0025002500250025,0,0,0,0,0.0022002200220022,0,0,0,0,0,0,0,0,0.0001000100010001,0,0,0,0,0,0,0.0021002100210021,0,0,0,0,0,0,0,0,0.0079007900790079,0,0,0.0238023802380238,0,0.0009000900090009,0,0,0,0,0,0,0,0,0,0,0,0,0.0325032503250325,0,0,0.0023002300230023,0,0,0.0081008100810081,0,0.0001000100010001,0,0,0,0,0.0001000100010001,0,0,0,0,0
0.00309876049580168,0,0,9.99600159936026e-05,0.0104958016793283,0,0,0,0,0.0168932427029188,0.00729708116753299,0,0,0,0.000999600159936026,0,0.00309876049580168,0,0,0,0,0.0184926029588165,0,0,0,0.0266893242702919,0,0,9.99600159936026e-05,0.00319872051179528,0.00309876049580168,0,0,0.00849660135945622,0,0,0.00119952019192323,0.0079968012794882,0.00309876049580168,0,0.00579768092762895,0,0,0,0,0,0,0,0,0,0.00759696121551379,0.000299880047980808,0,0,0,0,0,0,0,0.0284886045581767,0,0,0,0,0,0.0130947620951619,0,0.00649740103958417,0,0,0.000199920031987205,0,0,0.00739704118352659,0,0,9.99600159936026e-05,0,0,0.00129948020791683,0,0,0.00139944022391044,0,0,0,9.99600159936026e-05,0,0.00199920031987205,0,0,0,0.000199920031987205,0,0.00039984006397441,9.99600159936026e-05,0,0,0.000899640143942423,0,0,0,0,0,0,0,0,0.0505797680927629,0.00279888044782087,0,0,0,0,0,0.00039984006397441,0,0,0.00039984006397441,0,0,0,0,0.00469812075169932,0.000899640143942423,0.00109956017592963,0.0746701319472211,0,0,0,0.196321471411435,0,9.99600159936026e-05,0,0,0,0,9.99600159936026e-05,0,0,0,9.99600159936026e-05,0,0.00229908036785286,0,0,0,0,0,0,0,9.99600159936026e-05,0,0,0,9.99600159936026e-05,9.99600159936026e-05,0.00179928028788485,0,0,0.00339864054378249,0,0,0,0.0324870051979208,0,0,0,9.99600159936026e-05,0,0,0.000699720111955218,0,0,0,0.000599760095961615,0,0,0,0,0,0,0,0,0,0.000699720111955218,0,0,0,0,0,0.00219912035185926,0.0146941223510596,9.99600159936026e-05,0,0,0,0,0,0,0,0,0,0,0,0,0,0,0,9.99600159936026e-05,9.99600159936026e-05,0,0,0,0.00119952019192323,0.00229908036785286,0,0.0076969212315074,0.00249900039984006,0.0367852858856457,0,0,0,0,0,0.000599760095961615,0,0,0,0,0,0.00529788084766094,0,0,0.000899640143942423,0,0,0,0,0,0,0,0,0,0,9.99600159936026e-05,0,0,0.000599760095961615,0,0,0,0,0.00159936025589764,0,0.00459816073570572,0.00149940023990404,0.00559776089564174,0,0,0.00199920031987205,9.99600159936026e-05,0,0,0,0,0,0,0,0,0.00179928028788485,0,0.00199920031987205,0.0113954418232707,0,0,0,0,0,0.00319872051179528,0.268492602958816,0,0,0.0357856857257097,0,0,0,9.99600159936026e-05,0,0,0.00549780087964814,0,0,0,0,0.00269892043182727,0,9.99600159936026e-05,0,0,0.0135945621751299,0
0,0,0,0,0,0,0.0001999800019998,0,0,0,0,0,0.0001999800019998,0,0.0231976802319768,0,0.0080991900809919,0,0,0.0022997700229977,0,0,0,0.0003999600039996,0,0,0,0,0.0011998800119988,0.0011998800119988,0,0,0,0.0038996100389961,0,0,0.000999900009999,0,0,0,0.0001999800019998,0,0,0,0,0,0,0.0004999500049995,0,9.99900009999e-05,0,0,0,0,0,0,0,0.0014998500149985,0,0,0,0,9.99900009999e-05,0,0,0,0.0076992300769923,0.0005999400059994,0,0,0,0,0,0.0027997200279972,0,0,0,0,0,0,0,0,0.0028997100289971,0,0,9.99900009999e-05,0,0,0,0.001999800019998,0,0.0002999700029997,0.0024997500249975,0,0.0013998600139986,0.0004999500049995,0.0012998700129987,0,0,0,0,9.99900009999e-05,0,0,0,0,0.0146985301469853,0,0,0,0,0,0,0.0045995400459954,0,0,0,0,0.0317968203179682,0,0,0,0.003999600039996,9.99900009999e-05,0.0073992600739926,0,0,0,0,0,0.0007999200079992,0.0316968303169683,0,0,0,0,0.0022997700229977,0,0,0,0.0027997200279972,0,0,0,0,0,0.0020997900209979,0,0,0.0020997900209979,0.001999800019998,0,9.99900009999e-05,0,0,0,0,0.0003999600039996,0,0,0,0,0,0,0,0,0,0.0154984501549845,0,0,0,0,0.560743925607439,0,0,0,0,0,0,0,0,0,0,0,0,0,0,0,0,0,0,0.0040995900409959,0.0003999600039996,0,0,0.0005999400059994,0,0,0,0,0,0,0,0,0,0.0014998500149985,0,0.0043995600439956,9.99900009999e-05,0.0004999500049995,0.0004999500049995,0,0,0,0.0004999500049995,0,0,0,0.0257974202579742,0,0,0,0,0,0,0.0030996900309969,0,0,0.0034996500349965,0,0,0,0,0,0.0047995200479952,0,0,0,0,0,0,0,0,0,0,0,9.99900009999e-05,0.0001999800019998,0,0,0.0013998600139986,0,0,0,9.99900009999e-05,0.0004999500049995,0,0,0.0003999600039996,0,0,0,0,0,0,0,0,0,0,0,0,0,0.0065993400659934,0,9.99900009999e-05,0,0,0,0,0,0,0,0.0094990500949905,0,0.117288271172883,0,0,0.0217978202179782,0.0228977102289771,0,0,0,0,0,0,0,0.0003999600039996,0,0,0.0194980501949805,0
0,0,0,0,0,0,0.0032,0.0027,0,0,0,0,0,0,0.0024,0,0,0,0,0,0.014,0.0213,0,0,0,0.0246,0,0,0.0071,7e-04,0,0,0,0.0119,0,0,2e-04,0.0325,1e-04,0,0,0,0,0.0118,0,0.0152,0,0,0,0,0,0,0,0,0.0239,0,0,0,0,0,0,0.0137,0,0,0,0,0.014,0,0,0,0.0073,0,0,0.0394,0,0,0,0,0,0.0486,0,0,0.0017,0,0.0566,0,0,0,0,0.0036,0,0.0014,5e-04,0,0,0,0,0,0.0064,0,0,0,0,0,0,0,0.0233,0.0155,0,0,0,0.0104,0,0.0088,0,0,0,0,0.0179,0,0,0,0,1e-04,0.0024,0,0,0,0.0468,0,0,0.0197,0,0,0,0,0.0042,0,0,0,5e-04,0,0,0,0,0,0,0,0,0,4e-04,0.0071,0,0,1e-04,0,0,0,0,0.0223,0,0,0,0.0299,0,0,0,0,0,0,0,0,1e-04,0,0,0,0,0.0556,0,0,0,0,6e-04,0,0.0023,0,0,0,0,0,0,0.0204,1e-04,0,0,0,0,0,0,0,0,0,0,0.0012,0,0.0029,1e-04,0,1e-04,0.001,0,0,0,7e-04,0.006,0,0.0076,0,0.0027,0,0,0,0,0,0,0.0038,0,0,0.0096,0,0.0171,0,0,0.0169,0,0,0,0,0,0,0,0,0,0,0,0,0,0,0,0,0.0114,0,0.0038,0,0.0039,0.0017,0,0,0.0018,0,1e-04,0,0,0,0,0,0,0,0,6e-04,0,0,7e-04,0,0,0,0,0,8e-04,0.1579,0,0,0.0641,0,0,0,0,0,0,0.0096,0,0,0,0,0.0046,0,0,0,0,0.016,0
0,0,0.000799280647417324,0,0.0139874113298032,0.00619442501748426,9.99100809271655e-05,0,0,0.00499550404635828,0.0025976621041063,0,0.00479568388450395,0,0.00179838145668898,0.00129883105205315,0.00739334598861025,9.99100809271655e-05,0.0219802178039764,9.99100809271655e-05,0,0.00479568388450395,0.00469577380357678,0,0,0.0892197022679588,0.000999100809271655,0,9.99100809271655e-05,0.0086921770406634,0,0,0,0,0,0,0,0,0,0.000599460485562993,0.00589469477470277,0,0,0,0,0.00309721250874213,0,9.99100809271655e-05,0,0,0.00209811169947048,0,0,9.99100809271655e-05,0,0,0,0,0,0.00439604356079528,0.00339694275152363,0.00519532420821261,0,0.000399640323708662,0,0.00439604356079528,0.00839244679788191,0,0,0.000599460485562993,0.000199820161854331,0,0.000499550404635828,0.0205814766709961,0,0,0,0,0,0.0110900189829154,0,0.0112898391447697,0.0147866919772205,0,0,0.000299730242781497,0,9.99100809271655e-05,0,0,0,9.99100809271655e-05,9.99100809271655e-05,0,9.99100809271655e-05,0.000199820161854331,9.99100809271655e-05,0,0,0,0,0.10610450594465,0.00269757218503347,0.00179838145668898,0,0,0,0.0158857028674193,0.00539514437006694,0,0,9.99100809271655e-05,0,0,0,0,0,0,0.000499550404635828,0,0,0,0,9.99100809271655e-05,0.00119892097112599,0.0157857927864922,0,0,9.99100809271655e-05,0.0636427215506045,0,0,0,0,0.00369667299430513,0,0.000299730242781497,0,0,0,0.000299730242781497,0,0.00109901089019882,0,0,0,0,0,0,0,9.99100809271655e-05,0.000399640323708662,0,0,0.000799280647417324,0,0,9.99100809271655e-05,0,0.000599460485562993,0,0,0,0,0,0,0,0,0,0,0,0,0.0054950544509941,0,0,0,0,0.000199820161854331,0.0445598960935158,9.99100809271655e-05,0,0,0.000399640323708662,0,0.000799280647417324,0.00329703267059646,0,0,0,0,0.00299730242781497,0.00169847137576181,9.99100809271655e-05,0,0,9.99100809271655e-05,0,0,0,0,0,0,0,0.00159856129483465,0,0.000699370566490159,0.000199820161854331,0.000499550404635828,0,0.000199820161854331,0.00789289639324608,0,0.00339694275152363,0,9.99100809271655e-05,0,0,9.99100809271655e-05,0.00109901089019882,0,0.000199820161854331,0.00399640323708662,0,0,0,0,0,9.99100809271655e-05,0,0,0.00629433509841143,9.99100809271655e-05,0,0.0618443400939155,0.000199820161854331,0,9.99100809271655e-05,0,0,0.000199820161854331,0,0,0,0,0.00109901089019882,0,0,0,0,0,0,0,0,9.99100809271655e-05,0.00179838145668898,0.000299730242781497,0.00199820161854331,0,9.99100809271655e-05,0.000399640323708662,0,0,0,0,0.00089919072834449,0,0,0,0,0.0684384054351084,9.99100809271655e-05,0.00109901089019882,0.00409631331801379,0.0442601658507343,0,0,0,0.000699370566490159,0,0.218503346987711,0,0,0.00159856129483465,0,9.99100809271655e-05,0.00219802178039764,0,0,0.00309721250874213,0.000999100809271655,0,0,0,0,0,0,0.00389649315615946,0,0,0.00219802178039764,0
0.0281056211242248,0,0,0,0,0,0,0,0,0,0,0,0,0,0,0,0.00560112022404481,0,0,0,0,0,0,0,0.000400080016003201,0,0,0,0.0518103620724145,0.0013002600520104,0,0,0,0,0,0,0.00350070014002801,0,0,0,0,0,0,0,0,0,0,0,0,0,0,0,0,0,0,0,0,0.0013002600520104,0,0,0,0,0,0,0,0,0,0.00470094018803761,0,0.0381076215243049,0,0,0,0,0,0.22254450890178,0,0,0,0,0,0,0,0,0,0,0,0,0,0,0,0,0.0938187637527506,0,0,0,0.0026005201040208,0,0,0,0,0.0767153430686137,0.000400080016003201,0,0,0,0,0,0,0.0186037207441488,0,0,0.000400080016003201,0,0,0.0003000600120024,0,0.000700140028005601,0.00340068013602721,0,0,0,0.00970194038807762,0,0,0,0.112222444488898,0,0,0,0,0,0,0,0,0,0,0.001000200040008,0,0.000400080016003201,0.0026005201040208,0,0,0,0,0,0,0,0,0,0,0,0.00990198039607922,0,0,0,0,0,0,0,0,0,0,0,0,0,0,0,0,0,0,0,0.27625525105021,0.000700140028005601,0,0,0,0,0,0,0,0,0,0,0,0,0,0,0,0,0.001500300060012,0,0,0,0,0,0,0,0,0,0,0,0,0,0,0.001500300060012,0,0,0,0.00390078015603121,0,0,0,0,0,0,0,0,0.000400080016003201,0,0.0122024404880976,0,0,0,0,0,0,0,0,0,0,0,0,0,0,0,0,0,0,0,0,0,0,0,0.0021004200840168,0,0,0.00340068013602721,0,0,0,0,0,0,0,0.0019003800760152,0.0021004200840168,0,0,0,0,0,0,0,0,0,0,0,0,0,0,0,0,0,0,0,0,0,0,0,0,0,0.0031006201240248,0.000800160032006401,0,0,0,0,0,0,0,0,0,0,0,0,0,0,0,0,0
0,0,0,9.99700089973008e-05,0,0,0,0,0,0,0,0,0,0,0.00109967009897031,0,0,0,0,0,0,0.00679796061181645,0,0,9.99700089973008e-05,0.34479656103169,0,0,0.000499850044986504,0.000199940017994602,0,0,0.00209937018894332,0.02259322203339,0,0,0.00849745076477057,0,0,0,0,0,0,0,0,0,0,0.000199940017994602,0,0,0,0,0,0,0,0,0,0,0,0,0,0,0,0.000199940017994602,0,0,0,0,0.000499850044986504,0,0,0,0,0,0,0,0,0,0,0,0,0.000599820053983805,0,0,0,0,0,0,0,0.0261921423572928,0,0,0.000199940017994602,0,0,9.99700089973008e-05,0,0,0,0,0,0.00139958012596221,0,0,0,0,0,0,0,0,0,0.0174947515745276,0,0,0.000599820053983805,0,0,0,0.0143956812956113,9.99700089973008e-05,0,0,0,0,0.157952614215735,0,0,0,0,0,0,0.127661701489553,0,0,0,0,0.000699790062981106,0,0,0.000399880035989203,0.000599820053983805,0,0,0,0,0,0.000599820053983805,0,0,0,0,0,0,0,0,0,0,0,0,0.00749775067479756,0,0,0,0,0,0,0,0,9.99700089973008e-05,0,0,0,0,0,0,0,0,0,0,0,0,0,0,0,0,9.99700089973008e-05,0,0,0,0,0.000299910026991902,0.00629811056682995,0.000299910026991902,0,0,0,0,0,0,0,0,0,0,0.00519844046785964,0,0,0,0.000799760071978406,0,9.99700089973008e-05,0,0,0,0,0,9.99700089973008e-05,0,0,0.0196940917724683,0,0,0.00299910026991902,0,0,0,9.99700089973008e-05,0,0,0,0,0,0,0,0,0,0,9.99700089973008e-05,0,0,0.000299910026991902,0,0,0,0,0,0,9.99700089973008e-05,0,0,0,0,0,0,0,0,0.000199940017994602,9.99700089973008e-05,0,0,0,0.000299910026991902,0,0,0.000199940017994602,0,0,0,0,0,0.000299910026991902,0,0,0.135059482155353,0,0,0,0,0,0,0,0,0,0.0793761871438568,0,0,9.99700089973008e-05,9.99700089973008e-05,0.000599820053983805,0,0,0,0,0,0,0,0,0.00289913026092172,0,0,0,0
0,0,0,0,0.0105947026486757,0,9.99500249875062e-05,0.00219890054972514,9.99500249875062e-05,0,0.00779610194902549,0,0,9.99500249875062e-05,0.0158920539730135,0,0.000999500249875062,0,0,0,0.00139930034982509,0.000599700149925037,0.000899550224887556,0,0,0.0047976011994003,0.000199900049975012,0,0.00869565217391304,0.0218890554722639,0.000399800099950025,0,0,0.00209895052473763,0,0,0.00079960019990005,0.000699650174912544,0.00409795102448776,0,0,0,0,0.000299850074962519,0.0047976011994003,0.00409795102448776,9.99500249875062e-05,0,0,0,0,0,0,0,0,0,0,0,0,0.000699650174912544,0,0.00789605197401299,0.00109945027486257,0,9.99500249875062e-05,0.000499750124937531,0.00349825087456272,0.00849575212393803,0,9.99500249875062e-05,0.000199900049975012,0,0,0.00469765117441279,0,0,0,0,0,0.00299850074962519,0,0,0,0,0,0,0,0,0.0015992003998001,0.00849575212393803,0.00389805097451274,0,0,0,0,0,0,0,9.99500249875062e-05,0,9.99500249875062e-05,0,0,0,0.00139930034982509,0,0.00199900049975012,9.99500249875062e-05,0.0297851074462769,0,0,0,0,0.00309845077461269,0,0,0,0.000599700149925037,0.00609695152423788,0,0.00649675162418791,0,0.0160919540229885,0,0.00219890054972514,0.0708645677161419,0,0,0,0.11384307846077,0.0115942028985507,0.000399800099950025,0,0,0,0,9.99500249875062e-05,0,0,0,0,0,0.000399800099950025,0,0,0,0,0,0,0.000399800099950025,9.99500249875062e-05,0,0,0,0,0,0,0,0.000299850074962519,0.00489755122438781,0,0,0,0,0,0,9.99500249875062e-05,0,0,0.000399800099950025,9.99500249875062e-05,0,0,0,0,0,0,0.000399800099950025,0.0114942528735632,0,0,0,0,0,0,0,9.99500249875062e-05,0,0.0015992003998001,0,0,0.00329835082458771,0.000899550224887556,0,0.00349825087456272,0,0,9.99500249875062e-05,0,0,0,0,0,0,0.0344827586206897,0.00079960019990005,0,0,9.99500249875062e-05,0,0,0,0,0.000299850074962519,0.000499750124937531,0,0.00599700149925037,0,0,0.000299850074962519,0.00459770114942529,0,0.0103948025987006,0,0,0,0,0,0.00749625187406297,0,0.00409795102448776,0,0,0.0446776611694153,0,0,0.00239880059970015,0,0,0,0,0,0,0,0,0,0,0,0,0.00289855072463768,0.00669665167416292,0.000199900049975012,0,0,0,0,0,9.99500249875062e-05,9.99500249875062e-05,0.000899550224887556,0.000299850074962519,0.000399800099950025,0,9.99500249875062e-05,0,0,0,0.00229885057471264,0.00119940029985007,0.375812093953024,0,0,0.0116941529235382,0,0,0,0,0,0.000199900049975012,0.0233883058470765,0,0,0.0193903048475762,0,0,0,0,0,0.000699650174912544,0.00269865067466267,0,0,0,0,9.99500249875062e-05,0.00189905047476262,0.000399800099950025,0,0,0.00139930034982509,9.99500249875062e-05
0,0,0,0,0,0,0.000699790062981106,0,9.99700089973008e-05,0,0,0,0,0,0.000399880035989203,0,0,0,0,0,0,0.00179946016195141,0,0,0,0.200339898030591,0,0,0.000399880035989203,0.000299910026991902,0,0,0,0.0139958012596221,0,0,0,0.00739778066580026,0,0,0,0,0,0,0,0.0455863241027692,0,0,0,0,9.99700089973008e-05,0,0,0,0,9.99700089973008e-05,0,0,0,0.0277916625012496,9.99700089973008e-05,0,0,0,0,0.000299910026991902,0.0330900729781066,0,0,9.99700089973008e-05,0,0,0,0,0.00289913026092172,0,0,0,0,0.0497850644806558,0,0,0.00289913026092172,0,0,0.000199940017994602,0,0,0,0,9.99700089973008e-05,9.99700089973008e-05,0,0,0,0,0,0,0.00499850044986504,0,0,0,0,0,0,0,0,0.0446865940217935,0,0,0,0,0,0,0,0,0,0,0.000499850044986504,0,0,0,0,9.99700089973008e-05,0.000899730080975707,0,0,0,0,0,0.000199940017994602,0,0,0,0,0,9.99700089973008e-05,0,0,0,0.00189943017094872,0,0,0,0,0,0,0,0,0,0,0,0,0,0,0,0,0,0,0.00949715085474358,0,0,0,0.303508947315805,0,0,9.99700089973008e-05,0,0,0,0,0,0,0,0,0,0,0.00199940017994602,0.00259922023392982,9.99700089973008e-05,0,0,0,0,0,0,0,0,0,0,0,0.00219934019794062,0,0,0,0,0,0,0,0,9.99700089973008e-05,0,0,0,0,0.00599820053983805,0,0,0,0,0,0,9.99700089973008e-05,0,0.000199940017994602,0,0.0289913026092172,0,0,0,0,0,0,9.99700089973008e-05,0,0,0,0,0,0,0.00579826052184345,0,0,0,0,0,9.99700089973008e-05,0,0,0.00529841047685694,0,0,0.00409877036888933,0,0,0,9.99700089973008e-05,0,0,0,0,0,0,9.99700089973008e-05,0,0.00129961011696491,0,0,0,0.00349895031490553,0.00189943017094872,0,0,0,0,0,0,0,0,0.00139958012596221,0,0,0.000699790062981106,0,0,0,0.000199940017994602,0,0,0.169749075277417,0,0,0.00699790062981106,0,0,0,0,0,0,0.000599820053983805,0,0,0,0,0,0,0,0,0,0.000699790062981106,0
0,0,0,0,0.00688828990715783,0.00419287211740042,9.98302885095338e-05,0,0,0,0.00788659279225317,0,0,9.98302885095338e-05,0.0200658879904163,0,0,9.98302885095338e-05,0,0,0.00199660577019068,0.00309473894379555,0,0.000499151442547669,0,0.000199660577019068,0.000499151442547669,0,9.98302885095338e-05,0,9.98302885095338e-05,0,0,0.000499151442547669,0,0,9.98302885095338e-05,9.98302885095338e-05,0.00199660577019068,0,0.00489168413696716,0,0,0,0.00778676250374364,9.98302885095338e-05,9.98302885095338e-05,0,0,0,0.00289507836677648,0,0,0.000399321154038135,0,0,0,0,0.000199660577019068,0.013277428371768,0,0.00399321154038135,0.00229609663571928,0,0.000199660577019068,0,0.00858540481181991,0.00439253269441949,0,0.00179694519317161,0.000299490865528601,0,0.000199660577019068,0,0,0,0,0,0,0.00139762403913347,0,0.0161725067385445,0.0114804831785964,0,0,0,9.98302885095338e-05,0,0,0.00369372067485275,0,9.98302885095338e-05,0,0.00109813317360487,9.98302885095338e-05,0,0,0,0.000299490865528601,0,0.00189677548168114,0,0,0,0.00079864230807627,0,0,0.0342417889587701,0.00469202355994809,0.00489168413696716,0.000299490865528601,0.000998302885095338,0,0.00529100529100529,0.000399321154038135,0,0,0.000598981731057203,0.0105820105820106,0,0,0,0.00658879904162923,0,0.000199660577019068,0.0328441649196366,0.000399321154038135,0,0,0.202455825097335,0,0.00399321154038135,0,9.98302885095338e-05,0.000299490865528601,9.98302885095338e-05,0.00079864230807627,0,0,0,0.0656883298392732,0,0.00139762403913347,0,0.000299490865528601,0,0,0,0,0,9.98302885095338e-05,0.000299490865528601,0,0.00179694519317161,0,0,0,0,0,9.98302885095338e-05,0,0.000199660577019068,0,0,0,9.98302885095338e-05,0,0,0,0,0.000299490865528601,0.00309473894379555,0,0,0,0,0,0.000698812019566737,0.000399321154038135,9.98302885095338e-05,0,0,0,0,0,0,9.98302885095338e-05,0,0,0,0,0.00189677548168114,0,9.98302885095338e-05,0,0.000199660577019068,0,0,0,0,0,0,0,0,0.162024558250973,0.0558051312768294,0.000399321154038135,0,0.000499151442547669,9.98302885095338e-05,0,0,0,0,9.98302885095338e-05,0,0.0145752221223919,0.00229609663571928,0,0.000299490865528601,9.98302885095338e-05,0.00299490865528601,0,0,0,0.000199660577019068,0.00818608365778177,0,0.00409304182889089,0.000199660577019068,0.00369372067485275,0,0,0.00359389038634322,0,0,0.000499151442547669,0,0,9.98302885095338e-05,0,0,0,0,0,0.000499151442547669,0,0,0.000299490865528601,0,0.0188679245283019,9.98302885095338e-05,0,0,0,0.00169711490466207,0.00718778077268643,9.98302885095338e-05,9.98302885095338e-05,0,0.000299490865528601,0.00279524807826695,0.000598981731057203,0,0,0,0,0.00329439952081462,0.00399321154038135,0.0760706798442647,0.000199660577019068,9.98302885095338e-05,0.00818608365778177,0,0,0,0.000299490865528601,0.000399321154038135,0.000299490865528601,0.000299490865528601,0,0,0.000299490865528601,0.000399321154038135,0.0692822202256164,0.00419287211740042,0,0,0.00608964759908156,0,0,0,0,0,0.00848557452331037,0.00119796346211441,0,0,0,0.000698812019566737,0.000199660577019068
0,0,0,0,0,0,0,0,0,0,0,0,0,9.99700089973008e-05,0.00339898030590823,0,0,0,0,0,0.00169949015295411,0.00109967009897031,0,0,0,9.99700089973008e-05,0,0,0.0310906727981606,0.0209937018894332,0.111366590022993,0,0.00389883035089473,0.0252924122763171,0,0,0.00439868039588124,0.0159952014395681,0.000199940017994602,0,0,0,0.0777766669999,0.00229931020693792,0,0.0247925622313306,0,0.000299910026991902,9.99700089973008e-05,0,0,0,0,0.000899730080975707,0,0,0,0,0,0.00349895031490553,0,0,0,0,0,0,0.00109967009897031,0,0,0,0.000199940017994602,0,0,0.000399880035989203,0,0,0,0,0,0.00169949015295411,0,0.000699790062981106,0,0,0.000699790062981106,0.00129961011696491,0,0,0,0.00349895031490553,0,0.000399880035989203,0,0,0,0,0,0,0.00369889033290013,0,0,0,0,0.00379886034189743,0.000799760071978406,0,0.00219934019794062,0.0429871038688393,0,0,0,0,0,0.00149955013495951,0.000299910026991902,0,0,0,0.0293911826452064,0,0,0,0,9.99700089973008e-05,0.00519844046785964,0,0,0,0,0,0,0.00229931020693792,0,0,0,0,0.00299910026991902,0,0,0,0.00249925022493252,0,0,0,0,0,0.00369889033290013,0.00169949015295411,0,0,0.00169949015295411,0,0,0.00209937018894332,9.99700089973008e-05,0,0,0,0.00209937018894332,0.0135959212236329,0,0,0,0,0,0,0,0,0,0,0.000799760071978406,0,0,0,0,0,0,0,0.0243926821953414,0.000599820053983805,0,0,0,0,0.00109967009897031,0,0,0,0,0,0,0.0241927421773468,0.000699790062981106,0.00109967009897031,0,0,0,0,0,0,0.00169949015295411,0,0,0.00239928021593522,0,0.0343896830950715,0.00119964010796761,0,0.000199940017994602,0,0,0,0,0,0.000299910026991902,0.000399880035989203,0.00979706088173548,0,0.0252924122763171,0,0,0.00359892032390283,0,0,0,9.99700089973008e-05,0,0,0.000399880035989203,0,0.00909727081875437,0,0,0.0194941517544737,0,0,0,0,0,0.00289913026092172,0,0.00269919024292712,0,0,0,0,0,0,0,0,0,0.000199940017994602,0.00249925022493252,0,0.00229931020693792,0.00339898030590823,0.000499850044986504,0,0.000199940017994602,0,0.000399880035989203,0,0,0.000999700089973008,0,0,0,0,0,0.259322203338998,0,0,0.0453863840847746,0,0.00119964010796761,0,0,0.000499850044986504,0.00579826052184345,0.000399880035989203,0,0,0.0252924122763171,0,0,0,0,0,0.00299910026991902,0.00209937018894332,0,0,0,0,0.00309907027891633,0,0.00159952014395681,0,0,0.0128961311606518,0
0,0,0,0,0,0,0,0,0,0,0,0,0,0.0020995800839832,0.0018996200759848,0,0,0,0,0,0.00409918016396721,0.0016996600679864,0,0,0,0.0337932413517297,0,0,0,0.000399920015996801,0.0002999400119976,0,0,0,0,0,0.0001999600079984,0,9.99800039992002e-05,0,0,0,0,0.0001999600079984,0,0.000599880023995201,0,0,0,0,0,0,0,0,0,0,0,0,0,0,0,0,0,0,0,0,0.0548890221955609,0,0,0,0.0012997400519896,0,0,0,0,0,0,0,0,0.0020995800839832,0,0,0.0011997600479904,0,0,0,0,0,0,0,0,0,0.268446310737852,9.99800039992002e-05,0,0.000399920015996801,0,0,0,0,0,0,0,0,0,0,0,0.397020595880824,0,0,0,0,0,0,0,0,0,0,0.00669866026794641,0,0,0,0,0,0.0018996200759848,0,0,0,0,0,9.99800039992002e-05,9.99800039992002e-05,0,0,0,0,0,0,0,0,0.0805838832233553,0,0,0,0,0,0,0,0,0,0,0,0,0,0,0.0001999600079984,0,0,0,0.0025994801039792,0,0,0,0,0,0,0,0,0,0,0,0,9.99800039992002e-05,0,0,0,0,0,0.000599880023995201,0,0,0,0,0,0,0,0,0,0,0,0,0.0018996200759848,0,0,0,0,0,9.99800039992002e-05,0,0,0,0,0,0,0,0,0,0,0,0,0,0,0,0,0,0,0.00369926014797041,0,0,0,0.00679864027194561,0,0,0,0,0,0.0018996200759848,0,0.0020995800839832,0,0.00359928014397121,0,0,0,0,0,0,0,0,0.00689862027594481,0,0,0,0,0.00649870025994801,0,0,0,0,0,0,0,0,0,0,0,0,0,0,0.000599880023995201,0,0,0,0,9.99800039992002e-05,0,0,0,0,0.00929814037192562,0,0.0020995800839832,0,0,0,0,0,0,0,0.0847830433913217,0,0.000499900019996001,0.0026994601079784,0,0,0,0,0,0,0.0013997200559888,0,0.000499900019996001,0,0,0,0.0001999600079984,0.000599880023995201,0,0,0,0
0,0,0.000699580251848891,0,0.00679592244653208,0,9.9940035978413e-05,0.0249850089946032,9.9940035978413e-05,0.0053967619428343,0.00789526284229462,0,0,0.000399760143913652,0.000699580251848891,0,0.00159904057565461,0,0,0,9.9940035978413e-05,0.0128922646412153,0.00559664201479113,0,0,0.000799520287827304,0.000799520287827304,0,0.00149910053967619,0,0.000199880071956826,0,0,0.00579652208674795,0,0,0,0.0100939436338197,0.00369778133120128,0,0,0,0,0.00889466320207875,0.00119928043174096,0.00299820107935239,0,9.9940035978413e-05,0,0,0,9.9940035978413e-05,0,0,0,0,0,0,0,0.00239856086348191,0.00389766140315811,0.0127923246052369,0,0,0.00669598241055367,0.00139916050369778,0.000299820107935239,0,0.0126923845692584,0.00729562262642415,0.000299820107935239,9.9940035978413e-05,0,0.00369778133120128,0,0,0,0,0,0,0,0.0030981411153308,0.00989406356186288,0,0,0.000999400359784129,0,0,0,0,9.9940035978413e-05,0,0,0,0,0,0,0,0.00289826104337398,0,0,0,0,0,0,0,9.9940035978413e-05,0.00779532280631621,0,0.00219868079152508,0.000799520287827304,0,0,0.0179892064761143,0,0,0.00199880071956826,0.000799520287827304,0.00109934039576254,0,0,0,0,0.000699580251848891,0.000599640215870478,0.0290825504697182,0,0,0,0.0599640215870478,0,9.9940035978413e-05,0,9.9940035978413e-05,0,0,9.9940035978413e-05,0,0,0,0,0,0.000699580251848891,0,0,0,9.9940035978413e-05,0.00239856086348191,0,0.000499700179892065,0.000899460323805717,0.00349790125924445,0,9.9940035978413e-05,0,0,0,0,9.9940035978413e-05,0.0237857285628623,0,0,0,0.0274835098940636,0,0,0.000199880071956826,0,0,0,9.9940035978413e-05,0,0.000199880071956826,0,0.000999400359784129,0,0,0.00549670197881271,0.00549670197881271,0.000899460323805717,0,0,0,0,0.000599640215870478,0,0,0,0,0,9.9940035978413e-05,0.00449730161902858,9.9940035978413e-05,0,0,0,0,9.9940035978413e-05,0,0,0,0,0,0.0123925644613232,0.275034979012592,0.00179892064761143,0,0,0,0.00179892064761143,0,0,0.000499700179892065,0.000299820107935239,0.000999400359784129,0.000299820107935239,0.00709574255446732,0.0030981411153308,0,0.000499700179892065,0,0.000399760143913652,0,0,0,0,0,0,0.00729562262642415,0,0.0160903457925245,0,0,0.0579652208674795,0,0,9.9940035978413e-05,0,0.000199880071956826,0,9.9940035978413e-05,0,0.00759544273435938,0,9.9940035978413e-05,0.000299820107935239,0,0,0,0,0.00189886068358985,0.000599640215870478,0.000499700179892065,0,0,0.000699580251848891,0,0,0.000299820107935239,0,0.000499700179892065,0,0,0.000199880071956826,0,0,0,0,0.000699580251848891,0.0248850689586248,0,0,0.0176893863681791,0,0,0,0,0,9.9940035978413e-05,0.116929842094743,9.9940035978413e-05,0,0.049370377773336,0,0,0,0.000499700179892065,0,0,0.00219868079152508,0,0,0,0.00709574255446732,0.00439736158305017,0,9.9940035978413e-05,0,0.000399760143913652,0.00289826104337398,0.000199880071956826
0,0,0,0,0,0,0,0,0,0,0,0,0,0,0.0061,0,0,0,0,0,0,0,0,0.0014,0,0.0036,0,0,0.0362,0.0034,0.0753,0,0,0.0316,0,0,0,0.0038,0,0,0,0,0,0,0,0.0109,0,0,0,0,0,0,0,0,0,0,0,0,0,0,0,0,0,0,0,0,0.0049,0,0,0,0.0039,0,0,0,0,0,0,0,0,0,0,0,0,0,0,0,0.0173,0,0,0.0102,0,0,0,0,0,0,0,0,0,0,0,0,0,0,0,0,0,0.0606,0,0,0,0,0,0.0149,0,0,0,0,0.0044,1e-04,0,0,0,0,0,0,0,0,0,0,0,0,0,0,0,0,0,0,0,0,0,0,0,0,0,0,0,0,0,0,2e-04,0,0,0,0,0,0,0,0,0.0223,0,0,0,0.0551,0,0,7e-04,0,0,0,0,0,0,0,0,0,0,0,0.0227,0,0,0,0,0,0,0,0,0,0,0,0,0.018,0,0,0,0,0,0,0,0,0,0,0,0,0,0.0035,0,0,1e-04,0,0,0,0,0,0,0,0,0,0,0,0,0,0,0,0,0,0,0,0,0,0,0,0,0.0037,0,0,0,0,0,0,0,0,0,0,0,0,0,0,0,0,0,0,0,0,0,0,0,0,0.0047,9e-04,2e-04,0,0,0,0,0,0,0,0,0.0481,0.003,0,0.223,0,0,0,0,0,0,0.2252,0,0,0.0733,0,0,0,0,0,0,0,0,0,0,0,0,0,3e-04,0,0,0.0064,0
0,0,0,0,0,0,0.019001900190019,0,0,0,0,0,0,0,0.0107010701070107,0,0,0,0,0,0,0,0,0.0042004200420042,0,0.0894089408940894,0,0,0.0586058605860586,0,0,0,0,0.0216021602160216,0,0,0,0,0,0.0002000200020002,0.0029002900290029,0,0.0374037403740374,0.0229022902290229,0,0.0175017501750175,0,0,0.0002000200020002,0.0001000100010001,0,0,0,0,0,0,0,0,0,0.0268026802680268,0,0,0.0002000200020002,0,0,0,0.0113011301130113,0,0,0,0,0,0,0,0,0,0,0,0,0.0067006700670067,0,0.0015001500150015,0.0561056105610561,0,0,0.0001000100010001,0,0,0,0,0,0.0029002900290029,0.0096009600960096,0,0,0.0073007300730073,0.0016001600160016,0,0,0,0,0,0,0,0,0,0.0497049704970497,0.0099009900990099,0,0.0018001800180018,0,0,0,0,0,0,0,0.0002000200020002,0.0289028902890289,0,0,0,0.0007000700070007,0,0.006000600060006,0,0,0,0.0003000300030003,0,0.0013001300130013,0,0,0,0,0,0.158915891589159,0,0,0,0.0011001100110011,0,0,0,0,0.0006000600060006,0.0016001600160016,0,0,0,0,0,0,0,0,0,0,0,0,0,0.0016001600160016,0,0,0.0135013501350135,0,0,0,0.0056005600560056,0,0,0.0004000400040004,0,0.0002000200020002,0,0,0,0,0,0.0455045504550455,0,0,0,0,0,0.0041004100410041,0,0,0,0,0,0,0,0.0004000400040004,0,0,0.0008000800080008,0,0,0,0,0,0,0,0,0,0.0036003600360036,0.0007000700070007,0.0011001100110011,0,0.0274027402740274,0,0,0.0345034503450345,0,0,0,0.0107010701070107,0,0.0038003800380038,0,0,0,0,0,0.0004000400040004,0,0,0,0,0,0.0369036903690369,0.0001000100010001,0,0.0061006100610061,0,0,0,0,0,0,0,0,0,0,0,0,0.0001000100010001,0,0,0,0,0,0.0029002900290029,0,0,0,0,0,0,0,0.0007000700070007,0,0,0,0,0,0,0,0,0.0051005100510051,0,0,0.0348034803480348,0.0017001700170017,0.0196019601960196,0,0,0,0.0053005300530053,0,0,0,0.0341034103410341,0,0,0,0,0.0067006700670067,0,0,0,0,0,0,0,0,0,0,0,0.0217021702170217,0
0.00040016006402561,0,0,0,0,0,0,0,0,0,0,0,0,0,0.00150060024009604,0,0,0,0,0,0,0.00430172068827531,0,0,0.00130052020808323,0.0211084433773509,0,0,0.00220088035214086,0,0.0479191676670668,0.0100040016006403,0,0.00850340136054422,0,0,0,0,0,0,0,0,0.00630252100840336,0,0,0.000700280112044818,0,0,0.000200080032012805,0,0,0,0,0,0,0,0,0,0,0.0220088035214086,0,0,0,0,0.00040016006402561,0,0.000800320128051221,0,0,0,0.00170068027210884,0,0,0,0,0,0,0,0,0.0271108443377351,0,0,0,0,0,0,0,0,0,0.00870348139255702,0,0,0,0,0,0.00160064025610244,0,0,0,0,0,0.000100040016006403,0,0,0,0,0,0.216186474589836,0.000100040016006403,0.0267106842737095,0,0,0,0.00240096038415366,0,0,0,0,0.00370148059223689,0,0,0,0,0,0.0355142056822729,0,0,0,0,0,0,0,0,0,0,0,0.00650260104041617,0,0,0,0.00040016006402561,0,0,0,0,0,0.000300120048019208,0,0,0,0,0,0,0,0,0.00100040016006403,0,0,0,0.00410164065626251,0,0,0,0,0,0,0,0,0,0,0.000200080032012805,0,0,0,0,0,0,0,0.00880352140856343,0,0,0,0,0,0,0,0,0,0,0,0.00310124049619848,0,0.000100040016006403,0.000200080032012805,0,0,0,0,0,0,0,0,0,0,0.133853541416567,0,0,0,0,0.000500200080032013,0,0.000100040016006403,0,0,0,0,0.00520208083233293,0,0,0,0,0.00410164065626251,0,0,0,0.00950380152060824,0,0,0.00340136054421769,0,0,0,0,0.00420168067226891,0,0,0,0,0,0,0,0.00710284113645458,0,0,0.00420168067226891,0.00150060024009604,0,0,0,0,0,0,0,0,0,0,0.00180072028811525,0,0,0,0.000500200080032013,0,0,0,0,0,0,0,0,0.00290116046418567,0,0,0.00160064025610244,0,0.00110044017607043,0,0,0,0,0.308423369347739,0,0,0.0337134853941577,0,0,0,0,0.000100040016006403,0,0,0,0,0,0,0,0,0,0,0,0,0
0,0,0,0,0,1e-04,0,0,0,1e-04,1e-04,1e-04,0,0,0.0035,0,0.0012,1e-04,1e-04,0,0,0.0047,0,0.0056,0,0.0441,0,0,0.0085,0.0089,0.0019,0,0,0.0032,0,0,5e-04,0.0044,1e-04,0,0,2e-04,0,0,0,0,0,6e-04,0,0,0,0,1e-04,0,0.0015,0,0,0,0,0,1e-04,0,0,0,0,0,0.0164,0,0,0,0.0012,0,0,0,0,0,0,0,0,0.0074,0,0,0.0038,0,0,6e-04,1e-04,0,0,5e-04,0,0.119,0,0,0,0,0,0,2e-04,0,0,0,0,0,0,0,0,0.0831,0,0,0,0,0,0,1e-04,4e-04,0,0,0.0242,0,0,0,0,1e-04,0,0,0,0,2e-04,0,0,0,0,4e-04,0,0,0.0063,0,0,0,0.001,0,0,0,0,0,0,0,0,0,1e-04,1e-04,0,0,0,0,0,0,0,0.0071,0,0,0,0,0,0,3e-04,0,0,0,9e-04,0,0,0,0,0,0,0.0184,0.0821,1e-04,0,0,0,0,0.0023,0,0,0,0,0,0.001,0.005,4e-04,4e-04,3e-04,0,0,2e-04,0,0,0,0.0038,0,0,0.0436,0.0078,0.0034,0,0,0.0018,1e-04,0,0,1e-04,0.0022,1e-04,0.0306,2e-04,0.0072,0,0,0,0,0,0,0,0,0,0,0,0.0033,0,0,0.0828,0,0,2e-04,0,0,0.0014,0,0,0,0,0,0,0,0,0,0,0,4e-04,5e-04,0,0.0015,0.0074,0.0018,0,0.001,0,4e-04,0,0,0.002,0,0,0,0,0,0.0095,5e-04,5e-04,0.008,0,0,0,0,0,4e-04,0.2818,1e-04,0,0.0071,0,0,0,0,0,0,0.0018,0,0,0,0,0.0042,1e-04,0.0022,0,0,0.0068,0
0,0,0,0,0.0167,0,0,0,0,0.0108,0.011,0,0,0,0.0937,0,0,0.0014,0,0,0,0.0137,0,0.0016,0,0.0313,0,0,0.0046,0,0.0169,0,0,0.0015,0,0,0.0031,0,0,0,0.0063,0,0.0026,0,0.0015,0.0158,0,0,0,0,0,0,0,1e-04,0,1e-04,0,0.0023,0,0.0013,0,0.0064,0.0021,0,0,0,2e-04,0.017,0,0.0082,0,0,0,0.0106,0,0,0,0,0,0.0079,0,0,0.0015,0,0,0,1e-04,0,0.0071,0,0,0,4e-04,0,0.0119,1e-04,0,0,3e-04,0,4e-04,0,0,0,0,1e-04,0,5e-04,0.0258,0,0,0,4e-04,0,0,0,0,5e-04,0.006,0,0,0.0027,0.0288,0,0.0151,0.0362,0,0,0,0.0885,0,0,0,0,2e-04,0,1e-04,0,0,0,1e-04,0,0.0018,0,0.0107,0,1e-04,0,0,0.0078,0.0026,0,0,0,0,0,0,0,0.0176,0.0029,0,0,0,0,0,0,0,7e-04,0,0,0,0.0045,0,0,0.0054,0,0,0,0.0255,0,0,0,0,0,0,0,2e-04,0,0,0,0,0.0042,3e-04,0,0.0405,0,0,0,0,0,0,0,0,0,2e-04,0.0093,0.0011,0,0,0.0035,5e-04,0,0.0027,5e-04,4e-04,0,3e-04,0,0.0016,0,0,2e-04,0,0,0,0,0,0,0.0011,0,0.0015,0,2e-04,0.0011,0,0,0,0,0,0.0034,0,0,0,0.0015,1e-04,1e-04,0,2e-04,0,0,0,0,0,0.004,0,9e-04,6e-04,0,3e-04,0.0253,1e-04,0,0,2e-04,0,0,0,0,0,0,0,0.0013,0.0283,0,0.0074,0,0,0,5e-04,0.1955,0,0,0.0422,4e-04,0,0,0,1e-04,2e-04,0.0048,0,0,0,0,0.0016,0,0.0015,0,0,0.015,0
0,0,9.98502246630055e-05,0,0.00329505741387918,0,9.98502246630055e-05,0,0.000898652021967049,0.00349475786320519,0.000798801797304044,0,0,0.000798801797304044,0.0870693959061408,0,0,9.98502246630055e-05,0,0.00149775336994508,9.98502246630055e-05,0.00529206190713929,0,0,0.00239640539191213,0.0483275087368947,0.000199700449326011,0,0.00119820269595607,0.018771842236645,0.000399400898652022,0,0,0.000499251123315027,9.98502246630055e-05,0.000499251123315027,0.00249625561657514,9.98502246630055e-05,0.0017973040439341,0,0.00319520718921618,0.00229655516724913,0.00329505741387918,0.000199700449326011,0.00299550673989016,9.98502246630055e-05,0,9.98502246630055e-05,0,0,0.00169745381927109,9.98502246630055e-05,9.98502246630055e-05,0,0,0,0,0,0,0.00339490763854219,0.00299550673989016,0.000499251123315027,0,0,0.000299550673989016,0.000399400898652022,0.00169745381927109,0,9.98502246630055e-05,0,9.98502246630055e-05,0,0,0.000499251123315027,9.98502246630055e-05,0,0,0,0,0.000499251123315027,0.000698951572641038,0.00459311033449825,0,0,0.00129805292061907,0.000798801797304044,0,0,0,0,9.98502246630055e-05,0,0,0.00139790314528208,0.000499251123315027,0,0,0,9.98502246630055e-05,0,9.98502246630055e-05,0.0432351472790814,0,0,0,9.98502246630055e-05,9.98502246630055e-05,0.00109835247129306,0.0203694458312531,0.000998502246630055,0.00129805292061907,0,0,9.98502246630055e-05,0,0,0,0.00149775336994508,0,0,0.00649026460309536,0.000898652021967049,0,0,0.000299550673989016,0.00649026460309536,0,0,0,0.0102845731402896,0.000499251123315027,9.98502246630055e-05,0,0,0,0,0.251922116824763,0,9.98502246630055e-05,0,0,0.000698951572641038,0.00109835247129306,0,0,0,0,0.00219670494258612,0,0,9.98502246630055e-05,0.00219670494258612,0.00479281078382426,0,0,0,0,0.000998502246630055,9.98502246630055e-05,0.000698951572641038,9.98502246630055e-05,0,9.98502246630055e-05,0.000199700449326011,0,0,0,0,0,0,0.00109835247129306,0,9.98502246630055e-05,0,0,0,0,9.98502246630055e-05,0.00329505741387918,9.98502246630055e-05,0,0,0,9.98502246630055e-05,0,0,0,0,0.000299550673989016,9.98502246630055e-05,0,9.98502246630055e-05,0,0,0.000798801797304044,0,0,0.000199700449326011,9.98502246630055e-05,0,0,0,0,9.98502246630055e-05,0.0687968047928108,0.000199700449326011,0,0,0.000199700449326011,0,0,0,9.98502246630055e-05,0,9.98502246630055e-05,0,0.00509236145781328,9.98502246630055e-05,0.00109835247129306,9.98502246630055e-05,0,0,0.00978532201697454,0,0,0,0.000199700449326011,0,0.00109835247129306,0,9.98502246630055e-05,0,0,0.0302546180728907,0,0,0,0,0,0,0,0,0.00589116325511732,0,0,0,0,0,9.98502246630055e-05,0,9.98502246630055e-05,9.98502246630055e-05,9.98502246630055e-05,0,0,0,0.000798801797304044,0,9.98502246630055e-05,0.000399400898652022,9.98502246630055e-05,0.000698951572641038,0.000299550673989016,9.98502246630055e-05,0.0125811283075387,0,0,9.98502246630055e-05,0.000698951572641038,0.181927109335996,0,0,0.017473789316026,0,0,0,0,0,9.98502246630055e-05,0.0685971043434848,0,0,0.000399400898652022,0,0,0,0,0,9.98502246630055e-05,0.0018971542685971,0,0,0,0,0.000299550673989016,0,0.00219670494258612,0.00349475786320519,0,0.00289565651522716,0.000998502246630055
0,0.000599820053983805,0,0,0,9.99700089973008e-05,9.99700089973008e-05,0.00179946016195141,0,0,0,0,9.99700089973008e-05,0.00249925022493252,0.000699790062981106,0,0,0,9.99700089973008e-05,9.99700089973008e-05,0.00969709087273818,0.00349895031490553,0,0,0,0.0962711186644007,0,0,0.000399880035989203,0,0.00729781065680296,0,0,0.00499850044986504,0,0.000199940017994602,0.00169949015295411,0.00919724082775168,0,0,0,0,0,0.00249925022493252,0.000399880035989203,0.00239928021593522,0,0,0,0,0.000399880035989203,9.99700089973008e-05,0,0,0,0,0,0,0,0.0251924422673198,9.99700089973008e-05,0.00269919024292712,0,0,0,0,0.0165950214935519,0,0.000399880035989203,0.00319904028791363,0.000899730080975707,0,0,0,0,0,0,0.000199940017994602,0,0.00339898030590823,0,0,0.0140957712686194,0,0.000199940017994602,9.99700089973008e-05,0.0131960411876437,0,0,0.00359892032390283,0,0.000599820053983805,0,0,0,0,0,0,0.00339898030590823,0,0,0.000199940017994602,0,0,9.99700089973008e-05,0,0,0.254923522943117,0,0,0,0,0,0.0862741177646706,0,0,0,0,0.0103968809357193,0,0,0,0,9.99700089973008e-05,0,0,0,0,0.000599820053983805,0,0.00319904028791363,0.00339898030590823,0,0,0,0,9.99700089973008e-05,0,0,9.99700089973008e-05,0.000499850044986504,0,0,0,0,0,0.00129961011696491,0,0,0,0.00119964010796761,0.00179946016195141,0,0,0,0.00189943017094872,0,0,0,0.000799760071978406,0.00169949015295411,0,0,0.0628811356593022,9.99700089973008e-05,0,0,0,0,0,0.000399880035989203,0,0.000599820053983805,0,0,0,0.000499850044986504,0.00689793062081376,0.00249925022493252,9.99700089973008e-05,0,0,0,0.00169949015295411,0.00209937018894332,0,0,0,0,0,0,0.0289913026092172,0.000299910026991902,0,0,0,0,0,0,0.000999700089973008,0,9.99700089973008e-05,0,0.00579826052184345,0,0.00949715085474358,0,0,0,0.000399880035989203,0,0,0.000199940017994602,0,0.00419874037788663,0,0.00259922023392982,0.00909727081875437,0,0,0.00489853044086774,0.00339898030590823,0,0,0,0.00519844046785964,0.00789763071078676,0,0.00669799060281915,0.000199940017994602,0.011296611016695,0,0,0.0284914525642307,0,0,0.000499850044986504,0,0,0.000199940017994602,0,0,0,0,0.000299910026991902,0,0,0,0,0,0,9.99700089973008e-05,0.000399880035989203,0,0,0.0133959812056383,0.00169949015295411,0,0.00139958012596221,0.00269919024292712,9.99700089973008e-05,0,0,0.000599820053983805,0,9.99700089973008e-05,0,0,0,9.99700089973008e-05,0.0129961011696491,0.000699790062981106,0.0129961011696491,0,0,0,0,0,0.000199940017994602,0.103368989303209,9.99700089973008e-05,0,0.0261921423572928,0,0,0,0,0.000199940017994602,0.000499850044986504,0.00259922023392982,0,0,0,0,0,0,0.000399880035989203,0,0,0.00849745076477057,0
0,0,0,0,0,0,9.99500249875062e-05,0,0,0,0.000999500249875062,0,0,0,0.000199900049975012,0,0,0.000199900049975012,0,0,9.99500249875062e-05,0.000199900049975012,0,9.99500249875062e-05,0,0.541229385307346,0,0,0.000299850074962519,0,9.99500249875062e-05,0,0,0,0,0,0.00139930034982509,0.000299850074962519,0,0,0,0,0,0.00429785107446277,0,0.00559720139930035,0,9.99500249875062e-05,0,0,0.000199900049975012,0,0,0,0.000699650174912544,0,0,0,0,0.000699650174912544,0,0.000199900049975012,9.99500249875062e-05,0,0.000899550224887556,0,0.00969515242378811,0,0,0,0.00309845077461269,0,0,0.00229885057471264,0,0,0,0,0,0.000299850074962519,0,0.000499750124937531,0,0,0,0.00309845077461269,0.0292853573213393,0,0,0.00219890054972514,9.99500249875062e-05,0.000599700149925037,0,0,0,0,0,0,0.0229885057471264,0,0,0,0,0,0,0,0,0.0689655172413793,0,0,0,0,0,0.00789605197401299,0,0.00219890054972514,0,9.99500249875062e-05,0.00219890054972514,0,0,0,0,0.000299850074962519,0.015592203898051,0.0114942528735632,0,0,9.99500249875062e-05,0,0.0015992003998001,0.000299850074962519,0,0.000299850074962519,0,0,0.000199900049975012,0,0,0,0.00809595202398801,0,0,0,0.00149925037481259,0,0.00209895052473763,0,0,9.99500249875062e-05,0.00269865067466267,0.0031984007996002,0.0126936531734133,0,0.00259870064967516,0,0,0,0,0.0174912543728136,0,0,0,0,0,0,0,0.000499750124937531,0,0,0.000399800099950025,0,0,0,0,0,0,0.00179910044977511,0,0.000499750124937531,0.00079960019990005,0,0,0,0.000699650174912544,0,0,0,0,0,0,0.00349825087456272,9.99500249875062e-05,0,0,0,0,0,0,0,0,0,0,9.99500249875062e-05,0,0.00949525237381309,0,0,0.000299850074962519,9.99500249875062e-05,0,0,0,0,0.000599700149925037,0,0,0.00329835082458771,0.00109945027486257,0,0,0.00359820089955022,0,0,0,0,0,0,0.024087956021989,0,0.00659670164917541,0,0,0.0490754622688656,0,0,0.000199900049975012,0,0,0.00289855072463768,0,0,0,0,0,0.0219890054972514,0,0,0,0,0,0.000899550224887556,0.000999500249875062,0,0.00079960019990005,0.0172913543228386,0.00339830084957521,0,0.000499750124937531,0.00169915042478761,0.000499750124937531,0,0,0.000599700149925037,0,0,0,0,0,0.00359820089955022,0,0,0.0254872563718141,0,0,0,0,0,9.99500249875062e-05,0.00169915042478761,0,0,0.0117941029485257,0,0,0,0,0,0.0015992003998001,0.000699650174912544,0,0,0,0,0.00119940029985007,0,0,0,0,0.00149925037481259,0
0,0,0,0.00530106021204241,0.00710142028405681,0,0.0001000200040008,0,0,0.0218043608721744,0.0203040608121624,0,0,0,0.00510102020404081,0,0,0,0,0,0,0.0138027605521104,0.0013002600520104,0,0,0.0407081416283257,0,0,0.0001000200040008,0,0,0.0214042808561712,0,0.00350070014002801,0,0.0001000200040008,0,0.0012002400480096,0.00610122024404881,0,0.0319063812762553,0.00770154030806161,0,0,0.0012002400480096,0.0014002800560112,0,0,0,0,0.00770154030806161,0.000700140028005601,0,0,0,0,0,0,0,0.0139027805561112,0,0.000600120024004801,0.0016003200640128,0,0,0,0.001000200040008,0.00330066013202641,0,0,0.0012002400480096,0,0,0,0,0,0,0,0,0.0161032206441288,0,0.0122024404880976,0,0,0,0,0.0001000200040008,0,0.00610122024404881,0,0,0.000400080016003201,0.0001000200040008,0,0.0001000200040008,0,0,0,0,0,0,0,0,0,0,0,0,0.00430086017203441,0.0218043608721744,0.000800160032006401,0.0003000600120024,0,0,0.00380076015203041,0.000400080016003201,0,0.001500300060012,0,0.0018003600720144,0,0.0157031406281256,0.0102020404080816,0.0236047209441888,0,0.0236047209441888,0.0844168833766753,0,0,0,0.206441288257652,0,0.0001000200040008,0,0,0,0,0.0001000200040008,0.000500100020004001,0,0,0.0001000200040008,0,0.0011002200440088,0,0.02000400080016,0,0,0,0,0.0002000400080016,0.001000200040008,0,0,0,0,0,0,0,0,0.0158031606321264,0.0001000200040008,0,0,0,0,0,0,0.000500100020004001,0,0,0.0001000200040008,0,0.0001000200040008,0,0,0.00460092018403681,0,0.0132026405281056,0.0129025805161032,0,0,0,0,0,0.0014002800560112,0,0,0,0,0,0,0.0003000600120024,0,0,0,0,0,0,0,0,0,0,0,0,0.0001000200040008,0.0013002600520104,0,0,0,0.0001000200040008,0,0,0,0,0.0017003400680136,0,0.00590118023604721,0,0,0,0,0.000700140028005601,0,0,0,0,0,0,0.0146029205841168,0.0011002200440088,0.016503300660132,0,0,0,0,0,0,0,0,0,0,0,0,0,0,0,0,0,0,0,0,0.000400080016003201,0.0023004600920184,0.0001000200040008,0,0.00560112022404481,0,0,0,0.000400080016003201,0,0,0,0.000500100020004001,0,0,0,0,0,0.000900180036007201,0,0,0.00990198039607922,0,0,0,0,0,0.000800160032006401,0.118023604720944,0,0,0.0867173434686937,0,0,0,0,0,0,0.00400080016003201,0,0,0,0,0,0,0,0,0,0.0023004600920184,0
0,0,0,0,0,0,0,0.0022997700229977,0,0.0002999700029997,0,0,0.0006999300069993,0,0.0082991700829917,0,0,0,0,0,0,0,0,0,0,0.251974802519748,0,0,0,0,0,0,0,0,0,0,0.0032996700329967,0,0,0,0,0,0,0.0233976602339766,0,0.398760123987601,0,0,0,0,0,0,0,0,0,0.0002999700029997,0.0008999100089991,0,0,0,0,0,0,0,0,0,0,0,0,0,0.0020997900209979,0,0,0,0,0,0,0,0,0,0,0,0,0,0.000999900009999,0.0004999500049995,0,0,0,0,0,0.0088991100889911,0,0,0,0,0,0,0,0,0,0.0013998600139986,0,0,0.0003999600039996,0,0,0,0,0,0,0,0,0,0,0,0,0.0014998500149985,0.0812918708129187,0,0,0,0,0.002999700029997,0,0,0,0,0,0,0.0133986601339866,0,0,0,0,0.001999800019998,0.0026997300269973,9.99900009999e-05,0,0,0.0001999800019998,0,0,0,0,0,0,0,0,0.0003999600039996,0.0018998100189981,0,0,0,0.0003999600039996,0,0,0,0,0.0058994100589941,0,0,0,0,0,0,0,0,9.99900009999e-05,0,0,0,0,0,0,0,0,0,0,0,0,0,0,0,0,0,0.0001999800019998,0,0,0,0,0,0,0,0,0.0001999800019998,0,0.0007999200079992,0,0,0,0,0,0,0,0.0013998600139986,0,0,0,0,0,0,0.0021997800219978,0,0,0,0,0,0,0,0,0.0072992700729927,0,0,0,0,0,0,0.004999500049995,0,0,0,0.0013998600139986,0,0,0.0002999700029997,0,0,0,0.0010998900109989,0,0,0,0,0,0,0,0,0,0,0,0,0,0,0,0,0,0,0,0,0,0,0,0,0,0,0,0,0,0,0,0,0.11028897110289,0,0,0,0.001999800019998,0,0,0.0001999800019998,0,0,0,0,0,0.0007999200079992,0,0,0,0,0.0013998600139986,0,0,0.0005999400059994,0.0031996800319968,0,0.0002999700029997,0,0,0.0438956104389561,0
0.000299670362601139,0,0,0,0.00829088003196484,0,9.98901208670463e-05,0,0,0,0.00349615423034662,0,0.00829088003196484,0,0.0187793427230047,0,0,0,0,0.00149835181300569,0.00299670362601139,0.0125861552292478,0,0,0,0.0155828588552592,0,0,0.000998901208670463,0.0113874737788433,0.00988912196583758,0.000699230846069324,9.98901208670463e-05,0.00659274797722505,0,0,0.00639296773549096,0.00339626410947957,0.00199780241734093,0,0.00439516531815004,0.000599340725202278,0,0.00119868145040456,0.00529417640595345,0.00629307761462391,0,9.98901208670463e-05,0,0,0.00139846169213865,0.000599340725202278,0,0.000699230846069324,9.98901208670463e-05,0,0,0,0,0.00179802217560683,0,0.000199780241734093,0,0,0,9.98901208670463e-05,0.010788133053641,0,0,0,0.000199780241734093,0,0.00119868145040456,0.00379582459294776,0,0,0,0,0,0.00709219858156028,0,0.00349615423034662,0.0146838477674558,0,0,0,0,0,0.00139846169213865,0.0267705523923684,9.98901208670463e-05,0.000299670362601139,0,0,0.00249725302167616,0.00119868145040456,0,0,0.00319648386774548,0,0,0,0,0,0.000699230846069324,0,0.00479472580161822,0.105883528119069,0.00489461592248527,0.00119868145040456,0.00079912096693637,0,0,0.0400559384676855,0.000899011087803416,0,0,0,0.0038957147138148,0,0,0,0.00749175906502847,9.98901208670463e-05,0.00219758265907502,0.0203775846568774,0,0,0,0.0371591249625412,0.00349615423034662,0.0040954949555489,9.98901208670463e-05,0,0,0,0.00319648386774548,9.98901208670463e-05,0,0,0.000199780241734093,0,0,0,0,0,0.000699230846069324,0,0,0,0.000899011087803416,0.000199780241734093,0,0.00179802217560683,0,0,0,0,0.00199780241734093,0.00499450604335231,0,0,0,9.98901208670463e-05,0,0,9.98901208670463e-05,0,0,0,0,0,0,0,0,0,0,0.00109879132953751,0.0264708820297673,0,0,0,0,0,0.000599340725202278,0,0,0,0,0,0.00109879132953751,0.00769153930676256,0,9.98901208670463e-05,0,0,0.0105883528119069,0.000199780241734093,0,0,0,0,0,0.000299670362601139,0,0.00269703326341025,0,0,9.98901208670463e-05,0.000299670362601139,0,0.00359604435121366,0,0,9.98901208670463e-05,0,0.0278693437219059,0.0012985715712716,0,9.98901208670463e-05,0.00829088003196484,0.0012985715712716,0,0,0,0.000399560483468185,0,0,0.0100889022075717,0,0.00379582459294776,0,0,0.02367395864549,0,0,0,0,0,0.000699230846069324,0,0,0.000199780241734093,0,0.000299670362601139,0,0,0,0,0,0.00239736290080911,0,0.00079912096693637,0,0.000899011087803416,0,0,0,0,0.00289681350514434,0.000299670362601139,0,0.000998901208670463,0.000199780241734093,9.98901208670463e-05,0,0,0,0,0.000399560483468185,0,0,0.00489461592248527,0,0.000499450604335231,0,0,0.000199780241734093,9.98901208670463e-05,0.323843771850964,0,0,0.00779142942762961,0,0,0,0,0,0.00119868145040456,0.000499450604335231,0.000399560483468185,0,9.98901208670463e-05,0,0.0260713215462991,0,0.0219758265907502,0.000998901208670463,0,0.00419538507641594,0
0,0,0,9.98801438274071e-05,0,0.00729125049940072,9.98801438274071e-05,0,0,0.00709149021174591,0,0,0.00209748302037555,0,0.0125848981222533,0,0,0,0.00789053136236516,0.000399520575309628,0,0,0.00159808230123851,0,0,0.0833000399520575,0,0,0.000599280862964443,0.00149820215741111,0.000799041150619257,0.000199760287654814,0,0.00259688373951258,0,0,0.000199760287654814,9.98801438274071e-05,0.00769077107471035,0.000499400719137036,0.0126847782660807,0,0,0,0.00119856172592889,0.000199760287654814,0,0,0,0,0.00159808230123851,0.00179784258889333,0,0,0,0,0,0,0,9.98801438274071e-05,0,0,0,0,0,0,0.000499400719137036,0,9.98801438274071e-05,0.0168797443068318,9.98801438274071e-05,0,0,0.0115860966839792,0,0,0,0,0,0.000399520575309628,0,0.00229724330803036,9.98801438274071e-05,0,0,0,0,9.98801438274071e-05,0,0,0,9.98801438274071e-05,9.98801438274071e-05,0,0,9.98801438274071e-05,0,0,0.00199760287654814,0,0,0.168098282061526,0,0,0,0,0,0.00209748302037555,0.00529364762285258,0.000199760287654814,0.00109868158210148,0,0,0,0.000898921294446664,0,0.000799041150619257,0.00549340791050739,9.98801438274071e-05,0,0,0,0.0189772273272074,0.0155813024370755,0.00719137035557331,0.0491410307630843,0,0,0,0.0275669196963644,0,0,0,0,0,9.98801438274071e-05,0,0,0,0,0.000299640431482221,0,0.000898921294446664,0,0,0,9.98801438274071e-05,0,0,0,0,0,0,0,0,0,0,0,0,0,0.00169796244506592,0,0,0.0180783060327607,0,0,0,0,0,0,0,0,9.98801438274071e-05,0,0,0,0,0,0.000599280862964443,0,0,0,0,0,9.98801438274071e-05,0,0,0,0,0,0,0.00159808230123851,0.000199760287654814,0,0,0,0,0,0,0,0,0,0,9.98801438274071e-05,0.0203755493407911,0.00359568517778666,0,0,0.000199760287654814,0.00129844186975629,0.000299640431482221,0,0,0,9.98801438274071e-05,0,0.00349580503395925,0,9.98801438274071e-05,0,9.98801438274071e-05,9.98801438274071e-05,0,0,0,0,0,0,0,0,0,9.98801438274071e-05,0,0.0725129844186976,0,0,0,0,0,0,0,0,0,0,0.000299640431482221,0,0,0,0,0,0,0,9.98801438274071e-05,0,9.98801438274071e-05,9.98801438274071e-05,0,0,0,0.00329604474630443,0,0,0,0,9.98801438274071e-05,0,0,0,0,0.00898921294446664,0,0,0.0975829005193768,0,0,0,0,0,9.98801438274071e-05,0.262385137834598,0,0,0.00119856172592889,0,0,0,0,0.000299640431482221,0,0,0,0,9.98801438274071e-05,0,0.00519376747902517,0,0.00189772273272074,0,0,0.000998801438274071,0
0,0,0,0,0,0,9.99900009999e-05,0,0,0,0,9.99900009999e-05,0,0,0,0,0,0,0,9.99900009999e-05,0,0.0038996100389961,0,0,0.0001999800019998,0.0645935406459354,0,0,0.0011998800119988,0,0.075992400759924,0,0,0.0185981401859814,0,0,0,0.0063993600639936,0,0,0,0,0,0,0,0.0093990600939906,0,0.0003999600039996,0,0,0,0,0,0,0,0.0013998600139986,0,0,0,0.0322967703229677,0,0.0041995800419958,0,0,0,0.0003999600039996,0.015998400159984,9.99900009999e-05,0,0.01999800019998,0.0137986201379862,0,9.99900009999e-05,0.000999900009999,0.0030996900309969,0,0,9.99900009999e-05,0,0.0116988301169883,0,0.0001999800019998,0.0393960603939606,0,0.0067993200679932,0,0,0,0,0,0,0.0014998500149985,0,0,0,0,0.0001999800019998,0,0.0032996700329967,0,0,0,0,0,0.0003999600039996,0,0,0.0385961403859614,0,0.0032996700329967,0,0,0,0.005999400059994,0,0,0,0,0.0052994700529947,0,0,0,0,0.0001999800019998,0,0,0.0071992800719928,0,0.0005999400059994,0,0.0033996600339966,0.0007999200079992,0,0,0,0,0,0.0001999800019998,0.0001999800019998,0.0001999800019998,0.0007999200079992,0,0,0,0,0,0.0002999700029997,0,0,0,0.0005999400059994,0,0.0001999800019998,0.0005999400059994,0,0,0,0,0,0.0068993100689931,0,0,0.0001999800019998,0.0236976302369763,0,0,0.0006999300069993,0,0,0,0.0007999200079992,0,0,0,0,0,0,0.0118988101189881,0.0150984901509849,9.99900009999e-05,0,0,0,0,0.0002999700029997,0,0,0,0,0,0,0,0,0,0,0,0,0,0,0.0007999200079992,0.0010998900109989,0,0,0.0092990700929907,0,0.0032996700329967,0,0,0,0,0,0,0.0027997200279972,0.0012998700129987,0.0006999300069993,9.99900009999e-05,0.053994600539946,0.002999700029997,0,0.0005999400059994,0.0045995400459954,0.0040995900409959,0,0.0095990400959904,0,0.0005999400059994,0,0,0,0.0031996800319968,0.0051994800519948,9.99900009999e-05,0,0.046995300469953,0,0,0.0003999600039996,0,0,0.0001999800019998,0,0,0,0,0,0,0.0025997400259974,9.99900009999e-05,0,0,0.0231976802319768,0.0002999700029997,0.0008999100089991,0,0.0007999200079992,0.0007999200079992,0.0053994600539946,0,0,0.0005999400059994,0.000999900009999,0,0,9.99900009999e-05,0,0,0,0,0.0002999700029997,0.0103989601039896,0,0.0067993200679932,0.0196980301969803,0,0,0,0,9.99900009999e-05,9.99900009999e-05,0.261473852614739,0,0,0.0283971602839716,0,9.99900009999e-05,0,0.0050994900509949,9.99900009999e-05,0.0051994800519948,0,0.0052994700529947,0,0,0,0.0014998500149985,0,0,0,0,0.0024997500249975,0
0,0,0,0,0.0128896882494005,0,9.99200639488409e-05,0,0,0.00489608313349321,0.0016986410871303,0,0,9.99200639488409e-05,0.0104916067146283,0,0,0,0,0,0,0.00959232613908873,0,0,0,0.0103916866506795,0,0,0.000499600319744205,0,0,0,0.00189848121502798,0.0038968824940048,0,0,0,0,0,0,0.0060951239008793,0,0,0,0.000899280575539568,0.0038968824940048,0,0,0,0,0,0,0,0,0,9.99200639488409e-05,0,0,0,0.000199840127897682,0,0.00409672262190248,0.000899280575539568,0.023880895283773,0.000199840127897682,0.00139888089528377,0.000799360511590727,0.0120903277378098,0,0.00279776179056755,9.99200639488409e-05,0,0,0.00769384492406075,0,0,0,0,0,0.00249800159872102,0,0.00709432454036771,0,0,0,0.00849320543565148,9.99200639488409e-05,0,0.0016986410871303,0,0,0.000599520383693046,0,0,0,0,0,9.99200639488409e-05,0,0,0.00189848121502798,0,0.00109912070343725,0,0.00269784172661871,0,9.99200639488409e-05,0.0959232613908873,0,0,0.000799360511590727,0,0,0.0237809752198241,0,0,0,0.00209832134292566,0.0210831334932054,0,0,0,0.0416666666666667,0.000199840127897682,0.000899280575539568,0.0674460431654676,0,0,0,0.182354116706635,0,9.99200639488409e-05,0,9.99200639488409e-05,0.00159872102318145,0,0,0,0,0,0,0,0.000999200639488409,0,0.00339728217426059,0,0.000199840127897682,0,0,0,0.00149880095923261,0,0,0.000199840127897682,0,0,0,0,0,0,0,0,0,0,0,0,0,0,0,0,0,0,0,0,0,0,0,0.000499600319744205,0.00569544364508393,0,0,0,0,0,0.00329736211031175,0,0,0,0,0,0,0.00779376498800959,0,0,0,0,0,0,0,0,0.00239808153477218,0,0,0,0,0.00329736211031175,0,0,0,0,0,0,0,0,0,0,0.0176858513189448,0.000299760191846523,0,0.000999200639488409,0.0124900079936051,0.00129896083133493,0,0,0,0.000899280575539568,0,0,0.0038968824940048,0,0.008792965627498,0,0,0.0356714628297362,0,0,0,0,0,0.00379696243005596,0,0,0,0,0,0.00749400479616307,0,0,0,0,0,0,0,0,0,0.0188848920863309,0.00369704236610711,0,0,0.000999200639488409,0,0,0,9.99200639488409e-05,0,0,0,0,0.0211830535571543,0.0416666666666667,0,0,0.0302757793764988,0,9.99200639488409e-05,0,0,0.000299760191846523,0,0.155875299760192,0,0,9.99200639488409e-05,0,0,0,0,0,0.000399680255795364,0.000299760191846523,0,0,0,0,0.00349720223820943,0,0.00749400479616307,0,0,0.00649480415667466,0
0,0,0,0,0,9.98901208670463e-05,0,0,0,0,0,0,0,0.0155828588552592,9.98901208670463e-05,0,0,9.98901208670463e-05,0,0,0.000699230846069324,0.000399560483468185,0,0,0,0.221556288083109,0,0,0,0.00419538507641594,0,0,0,0.00079912096693637,0,0,0,9.98901208670463e-05,0.000499450604335231,0,0,0.000699230846069324,0,0.00119868145040456,0,0,0,9.98901208670463e-05,0.000299670362601139,9.98901208670463e-05,0.000199780241734093,0,0,0,0.000299670362601139,0,0,0,0,0,9.98901208670463e-05,0,0,0,0,0,0.0285685745679752,0,0,0,0,0,0,0.0141843971631206,0,0,0,0,0,0.00429527519728299,0,0,0,0,9.98901208670463e-05,0,0.0676256118269903,9.98901208670463e-05,0,9.98901208670463e-05,0,0,0,0.00489461592248527,0,0,0,0,0.00299670362601139,0,0,0,0,0,0.000199780241734093,0,0.000399560483468185,0.20357606632704,0,0,0,0,0,0.0025971431425432,0,0,0,0,0,0,0,0,0,0.000599340725202278,9.98901208670463e-05,0,0,0,0,0,0.000699230846069324,0.017280990909999,0,0,0,0,0.000998901208670463,0,0,0,0,0,0,0,0,0,0,0,0,0,9.98901208670463e-05,9.98901208670463e-05,0,0,9.98901208670463e-05,0,0,0,0,0.0027969233842773,0,0,0.000399560483468185,0,0,9.98901208670463e-05,0,0,0,0,0.00269703326341025,0,0,0,0,0,0,0,0.00289681350514434,0,0.000399560483468185,0,0,0,0,0,0,0,0,0,0,0,9.98901208670463e-05,0,0,0,0,0,0,0,0,0,0,0,0,0.00079912096693637,0.000199780241734093,0.000499450604335231,0,9.98901208670463e-05,0,9.98901208670463e-05,0,0,0.000199780241734093,0,0.0353611027869344,0.000399560483468185,0.00809109979023075,0,0,0,0,0,0,0,0,0.000499450604335231,0.000699230846069324,0,0.00199780241734093,0,0,0.0143841774048547,0,0,0.000199780241734093,0.000199780241734093,0,0,9.98901208670463e-05,0,0,0,0,0,0,0,0,0.00349615423034662,0,9.98901208670463e-05,9.98901208670463e-05,0,0.00119868145040456,0,0.00339626410947957,9.98901208670463e-05,0.000499450604335231,0.000599340725202278,0,0,0,0.000399560483468185,0.000199780241734093,0,0,0,0.000599340725202278,0.00169813205473979,0,0.000199780241734093,0.0251723104584957,0.0571371491359505,0,0,0,9.98901208670463e-05,9.98901208670463e-05,0.23164519029068,0,0,9.98901208670463e-05,0,0,0,0,0,0,0.000199780241734093,0,0,9.98901208670463e-05,0,0,0,9.98901208670463e-05,0.00189791229647388,0,0.000899011087803416,0
0,0,0,0,0.00729416466826539,0,9.99200639488409e-05,0,0,0.00359712230215827,0.00309752198241407,0,0,0,0.000199840127897682,0,0,0,0,0,0,0.0243804956035172,0,0.000499600319744205,0,0.000499600319744205,0.000499600319744205,0,0.000199840127897682,0,0.0132893685051958,0,0,0.000899280575539568,9.99200639488409e-05,0,0.00489608313349321,0.00809352517985612,0.00119904076738609,0,0,0.0021982414068745,0,0.00209832134292566,0.000499600319744205,0,0,0.000199840127897682,0,0,0.00129896083133493,9.99200639488409e-05,0,0,9.99200639488409e-05,0,0,0,0,0.0167865707434053,0.0109912070343725,0.008792965627498,0,0,0,0.00129896083133493,0.000199840127897682,0.000199840127897682,0,0,0.000199840127897682,0,0,0.0110911270983213,0,0,0.000299760191846523,0,0,0.0412669864108713,0,0.00149880095923261,9.99200639488409e-05,0,0,0,0.000299760191846523,0,0.00149880095923261,0.0157873701039169,0.00709432454036771,9.99200639488409e-05,0,0,0.00189848121502798,0,0,0,0,0,0,0,0,0,0.00229816147082334,0,0.00489608313349321,9.99200639488409e-05,0,0.000899280575539568,0,0,0,0.00709432454036771,0,0,0,0.000399680255795364,0,0,0,0.00139888089528377,0,0,0.00799360511590727,0.0899280575539568,0,0,9.99200639488409e-05,0.0962230215827338,0,0,9.99200639488409e-05,9.99200639488409e-05,0.000499600319744205,0,9.99200639488409e-05,0,0,0,0,0,0.00129896083133493,0,0,0,0,0.00319744204636291,0,0,0.000199840127897682,0.000799360511590727,0,9.99200639488409e-05,0,0,0,0,0,0.000499600319744205,0,0,0,0.245303756994404,0,0,0,0,0,0,0.00229816147082334,0,0,0,0,0,0.000199840127897682,0.00589528377298161,0.00749400479616307,0,0,0,0,0,0,0,0,0,0,0,0,0.0172861710631495,9.99200639488409e-05,0,0,0,0,0,0,0,0,0,0,9.99200639488409e-05,0,0.000699440447641887,0,0,0.000199840127897682,0.000999200639488409,0.000199840127897682,0,0,0,0.00909272581934452,0,0.0082933653077538,0.00129896083133493,0.00999200639488409,0,0,0.00109912070343725,0,0.00529576338928857,0,0,0,0,0.00859312549960032,0,0.0255795363709033,0,0,0.0249800159872102,0,0,0.000299760191846523,0,9.99200639488409e-05,0,0,0,0,0,0,0.00159872102318145,0,0,0,0,0,0.00399680255795364,0.00139888089528377,0,0.000799360511590727,0,0.00109912070343725,0,0.000599520383693046,0.000899280575539568,0.000799360511590727,0,0,0.000699440447641887,0,0,0,0,0.00229816147082334,9.99200639488409e-05,0,0,0.0065947242206235,0,9.99200639488409e-05,9.99200639488409e-05,0,9.99200639488409e-05,0,0.153976818545164,0,0,0.00519584332533973,0,0,0,0,0,0,0.00519584332533973,0,0,0,0,0.00309752198241407,0.000199840127897682,0.000799360511590727,0.000999200639488409,0,0.0209832134292566,0
0,0,0,0,0.00429527519728299,0.00509439616421936,0,0.0109879132953751,0,0.00629307761462391,0,0.00359604435121366,0,0.000899011087803416,0.00239736290080911,0,0,0,0.00988912196583758,0.000899011087803416,9.98901208670463e-05,0.0219758265907502,0,0.000199780241734093,0.00219758265907502,0.0729197882329438,0,0,0.000199780241734093,0.0210768155029468,0.00189791229647388,0.0110878034162421,0,0.0146838477674558,0,0,0,0.00179802217560683,0,0,0.00309659374687843,0,0,0.00119868145040456,0.000699230846069324,0.00998901208670462,0,9.98901208670463e-05,0,0,0,0,0,0.000599340725202278,0.0012985715712716,0,0,0.000199780241734093,0,0.00988912196583758,0.00179802217560683,0.00309659374687843,0,0,0,0.000299670362601139,0.00659274797722505,0.000299670362601139,0,0.00779142942762961,0.000299670362601139,0,0.000399560483468185,0.00109879132953751,0,0,0,0,0,9.98901208670463e-05,0,0.00369593447208071,0.0184796723604036,0,0.00719208870242733,0,0,9.98901208670463e-05,0,0.00689241833982619,0,0.000499450604335231,0,0,0,0,0,0,0.000199780241734093,0,0,0,0,0,0.00109879132953751,0,9.98901208670463e-05,0.000699230846069324,0.00489461592248527,0.0012985715712716,0.00379582459294776,0.00079912096693637,0,0.00189791229647388,0.000699230846069324,0,0.0260713215462991,0.000599340725202278,0.0186794526021376,0,0,0.00519428628508641,0.00199780241734093,0,0.00489461592248527,0.0201778044151433,0,0.000199780241734093,0,0.151233642992708,0.0027969233842773,9.98901208670463e-05,0,0,0,0,0.00119868145040456,9.98901208670463e-05,0.00459494555988413,0,0.000299670362601139,0,0,0,0,0,0.000699230846069324,0,0,0,0.0012985715712716,0.0012985715712716,0,0.000599340725202278,0,0.000199780241734093,0,0,0,0.00489461592248527,0,0,0,0.0251723104584957,0,0,0,0,0,0,0.000499450604335231,0,0,0,0,0,0,0.0197782439316752,0.0125861552292478,9.98901208670463e-05,0.000599340725202278,0,0,0,0.00159824193387274,0,0,9.98901208670463e-05,0,0,0,0.0117870342623115,9.98901208670463e-05,0,0,0,0,0,0,0,0.000399560483468185,0,0,0,0,0.0188792328438717,0,0,0,0.000399560483468185,0,0.000499450604335231,9.98901208670463e-05,9.98901208670463e-05,0.00199780241734093,0.000199780241734093,0.00609329737288982,0,0,0.000199780241734093,0.0436519828188992,0.00289681350514434,0,0,0,0.000499450604335231,0,0,0.00319648386774548,0,0.0027969233842773,0,0,0.0231745080411547,0,0,0,0,0,0.00449505543901708,0,0,0,0,0,0,0.00139846169213865,0,0,0,9.98901208670463e-05,9.98901208670463e-05,0.00219758265907502,0,0,0.0181800019978024,0.000199780241734093,0,0.00139846169213865,0,0.000499450604335231,0,0,0.000199780241734093,0,0,0,0,0.00479472580161822,0.000599340725202278,0.00299670362601139,0.00299670362601139,0.0611327539706323,9.98901208670463e-05,0,0,0,9.98901208670463e-05,0.000299670362601139,0.0748177005294176,0.000299670362601139,0.000199780241734093,0.0589351713115573,0,0,0,0,9.98901208670463e-05,0.000899011087803416,0,0,0,9.98901208670463e-05,0,0.000499450604335231,0,0,0,9.98901208670463e-05,0.0440515433023674,0
0,0,0,9.9940035978413e-05,0.0168898660803518,0.00819508295022986,9.9940035978413e-05,0,9.9940035978413e-05,0.00819508295022986,0.00669598241055367,0,0,0,0.0076953827703378,0,0.00979412352588447,0,0.0134919048570857,0,0,0.0198880671597042,0,0.000599640215870478,0,0.016689986008395,0,0,0.000199880071956826,0,0.0157905256845892,0,0,0.00119928043174096,0,0,9.9940035978413e-05,0.00509694183489906,0.00249850089946032,0,0.0127923246052369,0,0,0.00199880071956826,0.00109934039576254,0.0161902858285029,0,0,0,0,0.00599640215870478,0.0118928642814311,0,0,0,0,0,0.00129922046771937,0,0.0362782330601639,0,0.0112932240655607,0.00179892064761143,0,0,0.00149910053967619,0.00559664201479113,0.0123925644613232,9.9940035978413e-05,0.00689586248251049,0.000799520287827304,0,0,0.00989406356186288,0,0,0,0,0,0.0105936438137118,0,0.00729562262642415,0,0,0.0116929842094743,0.000199880071956826,0,9.9940035978413e-05,0.00219868079152508,0,0,0.000299820107935239,9.9940035978413e-05,0,0,0,0,0,0.0022986208275035,9.9940035978413e-05,0,0.00609634219468319,0,0,0.00189886068358985,0,0,0.00439736158305017,0.021287227663402,0,0.000299820107935239,0,0,0.0349790125924445,0.000599640215870478,0,0,0.000299820107935239,0,0,0,0,0,9.9940035978413e-05,0.000399760143913652,0.0487707375574655,0,0,0,0.0793523885668599,0,0.000299820107935239,0,0,0.00349790125924445,0.00159904057565461,9.9940035978413e-05,0,0,0.000399760143913652,9.9940035978413e-05,0,0.00289826104337398,9.9940035978413e-05,0.00469718169098541,0,0,0,0,0,0.000599640215870478,0,0.0053967619428343,9.9940035978413e-05,0,0.00119928043174096,0,0,0.00179892064761143,0.0104937037777334,0.00209874075554667,0,0,0,0,0,0,0,0.000199880071956826,0,0,0,9.9940035978413e-05,0,0,0,0.000399760143913652,0.0136917849290426,0.0503697781331201,0.000199880071956826,0,0,0.000299820107935239,0.00359784129522287,0,0,9.9940035978413e-05,0,0,0,9.9940035978413e-05,0.0148910653607835,0.000199880071956826,0.000599640215870478,0,0,0,0,0,0,0,0,0,9.9940035978413e-05,0,0.00439736158305017,0,0,0.000399760143913652,0,0,0,0,0,0.000399760143913652,0,0.0136917849290426,0,0.0103937637417549,0,0.0128922646412153,0,0,0,0,0,0,0,0.00779532280631621,0,0.0131920847491505,0,0,0.00889466320207875,0,0,0.000299820107935239,0,0,0.000299820107935239,0,0,0,0,0.000299820107935239,0.000299820107935239,0,0.00109934039576254,0,0,0.01888866679992,0,0,0,0.000399760143913652,0.000799520287827304,0.000599640215870478,0,0,0.00109934039576254,0.000499700179892065,0,0,0.000199880071956826,0.000199880071956826,0,0,0,0,0.0146911852888267,0,0,0.00179892064761143,0,0.000899460323805717,0,0,0,0.000199880071956826,0.18828702778333,0,0,0.060263841694983,0.000199880071956826,0,0,0,0.000199880071956826,0.00159904057565461,0,0,0,0,0,0.000799520287827304,0,0.00259844093543874,0,0,0.00669598241055367,0
0,0,0,0,0.000399800099950025,0,0,0.000899550224887556,0,0,0,0,0,0,0.0344827586206897,0,0,0,0,0,9.99500249875062e-05,0.00359820089955022,0,0,0,0.214592703648176,9.99500249875062e-05,0,0,0,0,0,0,0.00309845077461269,0,0,0,9.99500249875062e-05,0,0,0,0,0,9.99500249875062e-05,0,9.99500249875062e-05,0,0,0,0,0,0,0,0,0.000399800099950025,0,0,0,0,0.000199900049975012,0,9.99500249875062e-05,0,0,0.000299850074962519,0,0.00819590204897551,0,0,0,9.99500249875062e-05,0,0,0,0,0,0,0.000299850074962519,0,9.99500249875062e-05,0,0,0,0,0,0,0,0,0,0,0,0.00149925037481259,0.00529735132433783,0,0,0,0,0,9.99500249875062e-05,0,0,0.039480259870065,0,0,0,0,0,0.0298850574712644,0,0.000299850074962519,0,0,0,0,0,0,0,0,0.000899550224887556,0,0,0,0,9.99500249875062e-05,0.00779610194902549,0,0,0,0,0,0,0,0,0,0,0,0.00889555222388806,0,0,0,0.104547726136932,9.99500249875062e-05,0,0,0,0,0,0,0.000199900049975012,0.000599700149925037,0.000199900049975012,9.99500249875062e-05,0,0,0.00689655172413793,0,0,0,0,0.000699650174912544,0,0,0,0,0,0,0,0,0,0,0.000599700149925037,0,9.99500249875062e-05,0,0,0,0,0.000299850074962519,9.99500249875062e-05,9.99500249875062e-05,0,0,0,0,0,0,0.000599700149925037,0,9.99500249875062e-05,0,0,9.99500249875062e-05,0,0,0,0,0,0,0,0,0,0,0.140529735132434,0,0,0.0079960019990005,0,0,0,0,0,0,0,0,9.99500249875062e-05,0,0.00459770114942529,0,0.00269865067466267,0,0.0196901549225387,0,9.99500249875062e-05,0,0,0,9.99500249875062e-05,0,0,0,9.99500249875062e-05,0,0,0.223788105947026,0,0,0,0,0,0,0,0,0,0,0,0,0,9.99500249875062e-05,0,0,9.99500249875062e-05,9.99500249875062e-05,0,0,9.99500249875062e-05,0,0.00459770114942529,0,9.99500249875062e-05,0.000599700149925037,9.99500249875062e-05,0,0,0.000299850074962519,0,0,0,0,0,0.00829585207396302,0.000899550224887556,0,0,0,0,0,0.0971514242878561,0,0.000199900049975012,0,0,0,0.00399800099950025,9.99500249875062e-05,0,0,0,0,0.000599700149925037,9.99500249875062e-05,0,0,0,0,0.00189905047476262,0,0.00239880059970015,0,0,0.00169915042478761,0
0,0,0,0,0,0,0,0,0,0,0,0,9.99600159936026e-05,0,0.00339864054378249,0,0.000299880047980808,0,0,0,0,0.00449820071971212,0,0,0,0.159636145541783,0,0,0.000699720111955218,0,0.0534786085565774,0.0344862055177929,0,0,0,0,0,0,0,0,0,0,0,0.0234906037584966,0,0.000599760095961615,0,0,0,0,0,0,0,0,0,0,0,0.000199920031987205,0,0,0,0,0,0,0,0,0.00519792083166733,0,0,0,0,0,0,0,0,0,0,0,0,0,0,0,0,0,0,9.99600159936026e-05,0.00039984006397441,0,0,0.00139944022391044,0,0.00149940023990404,0.000199920031987205,0,0,0.0038984406237505,0.00129948020791683,0,0.00269892043182727,0,0,0,0,0,0,0,0,0.024390243902439,0,0,0,0,0,0.0142942822870852,0,0,0,0,0.00239904038384646,0,0,0,0,0,0.00419832067173131,0,0,0,0,0,0,0.0192922830867653,0,0,0,0,0,0,0,0,9.99600159936026e-05,0,0,0,0,0,0.000199920031987205,0,0,0,0,0,0.000199920031987205,0,0,0,0,0,0,0.0268892443022791,0,0,0,0,0,0,0,0,0,0,0,0,9.99600159936026e-05,0,0,0,0,0,0.0126949220311875,0,0,0,0,0.00299880047980808,0,0,0,0,0,0,0,0.000899640143942423,0,0,0,0,0,0,0,0,0,0,0,0,0,0.00039984006397441,0,0,9.99600159936026e-05,0,0.00149940023990404,0.000699720111955218,0,0,0.00119952019192323,0,0.0078968412634946,0,9.99600159936026e-05,0,0,0,0,0,0,0,0,0,0.014094362255098,0,0.0104958016793283,0,0,0.0113954418232707,0,0,0,0,0,0,0,0,0,0,9.99600159936026e-05,0,0,0,0,0,0,0,0,0,0,0.000699720111955218,0.000199920031987205,0,0,0,0.000299880047980808,0,0,0.00039984006397441,0,0,0,0,0,0.000599760095961615,0,0,0.0078968412634946,0.127948820471811,0,0,0,0,0,0.391743302678928,0,0,0.00719712115153938,0,0,0,0,0,0,0,0,0,0,0,0.00539784086365454,0,9.99600159936026e-05,0,0,0.00329868052778888,0
0,0,0,0,0.0113908872901679,0,9.99200639488409e-05,0,0,0.00459632294164668,0.00189848121502798,0,0,9.99200639488409e-05,0,0,0.0287769784172662,9.99200639488409e-05,0,0,0,0.0134892086330935,0.00229816147082334,0,0,0.069744204636291,0,0,9.99200639488409e-05,0,0,0,0,0.00279776179056755,9.99200639488409e-05,0,0,9.99200639488409e-05,0.00319744204636291,0,0.00429656274980016,0,0,0.000299760191846523,0.00129896083133493,0.000899280575539568,0,0,9.99200639488409e-05,0,0.00339728217426059,0.00179856115107914,0,0,0,0,0,0,0.0016986410871303,0.00619504396482814,0.00289768185451639,0.000999200639488409,0.000799360511590727,0,0.000599520383693046,0.00669464428457234,0.0304756195043965,0.0116906474820144,0,0.0256794564348521,0.000299760191846523,0,0,0.0167865707434053,0,0,0,0,0,0.0060951239008793,0,0.00289768185451639,0,0,0,0,0,0,0,0,0,9.99200639488409e-05,9.99200639488409e-05,0,0.00189848121502798,0,0,0,0,9.99200639488409e-05,0.000699440447641887,0,0,0,0,0,9.99200639488409e-05,0.0123900879296563,0.0286770583533173,0,0.00309752198241407,0,0,0,0,0,0,0,0.000299760191846523,0,0.0235811350919265,0.00729416466826539,0,0,0,0.0485611510791367,0.00319744204636291,0,0,0.108213429256595,0,0,0,0.000199840127897682,0,0,9.99200639488409e-05,0,0,0,0.00139888089528377,0,0.00109912070343725,0,0.00299760191846523,0,0,0,0,0.00119904076738609,0.00159872102318145,0,9.99200639488409e-05,0,0,0,0,0,9.99200639488409e-05,0.00399680255795364,0,0,0,0.224420463629097,0,0,0,0.0038968824940048,0,0,0.00249800159872102,0,0,0,0,0,0,0,0.0038968824940048,9.99200639488409e-05,0,0,0,0,0,0,0,0,0,0,0,0.00469624300559552,9.99200639488409e-05,0.000599520383693046,0,0,0,0,0,0,0,0,9.99200639488409e-05,0.0116906474820144,0,0.00109912070343725,0,0,0,9.99200639488409e-05,0,0,0.000699440447641887,0,0,0,0.00149880095923261,0,0.000999200639488409,0,0,0,0,0,0,0,0,0,0.00349720223820943,0.000599520383693046,0.00109912070343725,0,0,0.0437649880095923,0,0,0,0,0,0,0,0,0,0,0,0.00289768185451639,0,0.000899280575539568,0,0,0,0.000299760191846523,0.000499600319744205,0,0,0.0021982414068745,0,0,0,0.00269784172661871,0.000199840127897682,0,0,0,0,0,0,0.00409672262190248,0,0,0,0,0.01378896882494,0,0.000299760191846523,0,0,0,0,0.123701039168665,0,0,0.0189848121502798,0,0,0,0,0,0.00329736211031175,0.000299760191846523,0,0,0,0,0,0,0.0021982414068745,0.000199840127897682,0,0.00229816147082334,0
0,0,0,0.0012987012987013,0.000599400599400599,0,0.0003996003996004,9.99000999000999e-05,0,0,9.99000999000999e-05,0,0,0.0356643356643357,0.000899100899100899,0,0.0013986013986014,0,0,0,9.99000999000999e-05,0.0013986013986014,0,0.0002997002997003,0,0.292307692307692,0,0,0.0031968031968032,0,0.0001998001998002,0,0,0,0.0002997002997003,0,0.0001998001998002,9.99000999000999e-05,0.000599400599400599,0,0.0017982017982018,0,0,0.0002997002997003,0,0.001998001998002,0,0,0,9.99000999000999e-05,0.0002997002997003,0,0,0,9.99000999000999e-05,0,0,9.99000999000999e-05,0,0.000999000999000999,0,9.99000999000999e-05,0.000999000999000999,0,0,0.0014985014985015,0.00589410589410589,0.0033966033966034,0,0,9.99000999000999e-05,0,0,0,0,0,0,9.99000999000999e-05,0,0.0014985014985015,0,0,0.000699300699300699,0,0.0052947052947053,0,0,0,0.0003996003996004,0.000599400599400599,0.0001998001998002,0.000599400599400599,0.0168831168831169,0,0,0.000599400599400599,0,0,0,0,0,0,0,0,0,0,0,0.0611388611388611,0,0,0,0,0,0,0,0.0012987012987013,0,0.0002997002997003,0.000599400599400599,0,0,0,0,0.0001998001998002,0.0047952047952048,0,0,0,0,0,0,0,0,0.000899100899100899,0,0,0.0635364635364635,0,9.99000999000999e-05,0,0.218781218781219,0.0001998001998002,0,0,0,0,0,0,0,9.99000999000999e-05,0.000699300699300699,0.0001998001998002,0,0,0,0.0010989010989011,0,9.99000999000999e-05,0,0.0033966033966034,0,0,0,0,0,0,0,0.0004995004995005,0.0004995004995005,0,0.0001998001998002,0,0,0,0,0,0.0001998001998002,0.0001998001998002,0.0010989010989011,0,0,0,0,0,9.99000999000999e-05,0,0,0,0,9.99000999000999e-05,0,9.99000999000999e-05,9.99000999000999e-05,0.0001998001998002,0,0,0,9.99000999000999e-05,0,0,0,0,0,9.99000999000999e-05,0,0,0,0,0,9.99000999000999e-05,0,0,0,0,9.99000999000999e-05,0,0.00999000999000999,9.99000999000999e-05,0.00599400599400599,0,0.0052947052947053,0,0.0213786213786214,0,9.99000999000999e-05,0,0,0,0.0001998001998002,0,0,0,0,0.0354645354645355,0,0,0,0,9.99000999000999e-05,0,0,0,0,0,0,0,0,0.0014985014985015,0,0,0.001998001998002,9.99000999000999e-05,0.001998001998002,0,0.0001998001998002,0.00719280719280719,0.00909090909090909,0,0,9.99000999000999e-05,0.000899100899100899,0,0,0.0010989010989011,0,0,0,0,0.0001998001998002,0.0101898101898102,0,0,0,0,0.0004995004995005,0,0.000699300699300699,0,9.99000999000999e-05,0.106693306693307,0,0,0,0,0,0,0,0,0,0.0002997002997003,0,0,0,0,0,0.0003996003996004,0.0331668331668332,0,0,9.99000999000999e-05,0
0,0,0,0,0,0,0,0,9.99000999000999e-05,0,0,0,9.99000999000999e-05,0.0031968031968032,9.99000999000999e-05,0,0,0,0,0,0,0.0036963036963037,0,0,9.99000999000999e-05,0.0012987012987013,0,0,0,0,0,0.0027972027972028,0,0.0012987012987013,0,0,0.0003996003996004,0.0024975024975025,9.99000999000999e-05,0,0,0,9.99000999000999e-05,0.00669330669330669,0,0.0004995004995005,0,0,0.0002997002997003,0,9.99000999000999e-05,0,0,0,0,0,0,0,0,0,0,0.0106893106893107,0,0,0,0,0.0038961038961039,0,0,0.0120879120879121,0.0003996003996004,0,0,0,0.105294705294705,0,0,0,0,0.0044955044955045,0,0,0,0,0.00539460539460539,9.99000999000999e-05,0,9.99000999000999e-05,0,0.0023976023976024,0.0483516483516484,9.99000999000999e-05,0,0,0,0,0,0,0.0052947052947053,0,0,0,0,0,0.0004995004995005,0,0.00949050949050949,0.281418581418581,0,0,0,0,0,0.00619380619380619,0,0,0,0,0.00709290709290709,9.99000999000999e-05,0,0,0.0001998001998002,0,0.0015984015984016,0,0,0,0,0,0.0004995004995005,0.0611388611388611,0,0,0,0,0.0002997002997003,0,0,0,9.99000999000999e-05,0,0,0,0,0,0,0,0,0,0,0,0.0025974025974026,0,0,0,0,0,0.0104895104895105,0.00639360639360639,0,0,0,0.024975024975025,0,0,0,0,0,0,0,0,9.99000999000999e-05,0,0,0,0,0.00789210789210789,0.00949050949050949,0,0.00569430569430569,0,0,0,0,0,0,0,0,0,0,0.000799200799200799,0,0,0,0,0,0,0,0,0,0,0,0,0,0,0,0,9.99000999000999e-05,0,0,0,0,0,0,0,0.0031968031968032,0,0,0.000599400599400599,0,0,0,0,0,0,0,0,0.0016983016983017,0.0017982017982018,0.0022977022977023,0,0,0.0168831168831169,0,0,0,0,9.99000999000999e-05,0,0,0,0,0,0.0002997002997003,0,0,0,0,0,0.000799200799200799,0,0,0,0,9.99000999000999e-05,0.0001998001998002,0,0,0,0,0,0,0,0,0,0,0.0036963036963037,0,0.0010989010989011,0,0,0.00669330669330669,0,0,0,0,0,0.0002997002997003,0.281918081918082,0,9.99000999000999e-05,0.000899100899100899,0,0,0,0,0,0.0125874125874126,0,0,0,0,0,0.0050949050949051,0,0.0004995004995005,0,0,0,0
0.00549780087964814,9.99600159936026e-05,0.000299880047980808,0,0.0076969212315074,0.00429828068772491,0,0,0,0.00539784086365454,0.00249900039984006,0,0,0,0.00259896041583367,0.00469812075169932,0.0108956417433027,0,0,9.99600159936026e-05,0,0,0,0.00169932027189124,0,0.128048780487805,0,0,9.99600159936026e-05,0.0249900039984006,0.00619752099160336,0,0,0.00149940023990404,0,0,9.99600159936026e-05,0.000599760095961615,0.00449820071971212,0.000499800079968013,0.00709716113554578,0,0,0,0.0038984406237505,9.99600159936026e-05,0,0,0,0,0.00249900039984006,0.00079968012794882,0,9.99600159936026e-05,0.000499800079968013,0,0,0,0,0.0286885245901639,0,0,0,0,0,0,0.0132946821271491,0.0139944022391044,0,0.0076969212315074,0,0,0,0,0,0,0,0,0,0.0037984806077569,0,0.00669732107157137,0.0172930827668932,0,0,0.00339864054378249,0,9.99600159936026e-05,0.00189924030387845,0,0,0,0,0.000199920031987205,9.99600159936026e-05,0,0,0,0.00039984006397441,0.00429828068772491,0,0.114054378248701,0.00239904038384646,0,0,0,0,0.0168932427029188,0.00729708116753299,0,0.00349860055977609,0,0,0,0.000599760095961615,0,0.0225909636145542,0.00079968012794882,0,0,0,0,0.00179928028788485,9.99600159936026e-05,0,0,0,0,0,0.0671731307477009,0.00369852059176329,9.99600159936026e-05,0,0,0.00149940023990404,0,0.00179928028788485,0.000299880047980808,0,0,0.000299880047980808,0,0.000699720111955218,0,0,0,9.99600159936026e-05,0,0.00039984006397441,0,0.000199920031987205,9.99600159936026e-05,0,0,0,0,0,0,0,0.00279888044782087,0,0,0,0.000199920031987205,0,0,0,0,0,0,0.00329868052778888,0,0,0,0,0,0,0.000999600159936026,0.00979608156737305,0,0,0,0,0.00039984006397441,0,0,0,0.00169932027189124,0,0,0,0.00879648140743703,0,0,0,0,0,0.000699720111955218,0,0,0,0,0,0,0,0.00299880047980808,9.99600159936026e-05,0.00079968012794882,0.000299880047980808,0.000199920031987205,0,0,0,0.000999600159936026,0,0,0.0106957217113155,0,0.0227908836465414,0,0.00529788084766094,0,0,0,0,0.000199920031987205,0,0,0,0.00039984006397441,0.00189924030387845,9.99600159936026e-05,0.000199920031987205,0.0413834466213515,0,0,0.000599760095961615,0,0,0.000299880047980808,0,0,0,0,0.0137944822071172,0.00579768092762895,0,0,0,0,0,0,0.000499800079968013,0.000199920031987205,0,0.000699720111955218,0.000699720111955218,9.99600159936026e-05,0.00119952019192323,0.00039984006397441,0.000499800079968013,0,0.000599760095961615,0,9.99600159936026e-05,0,0,0,9.99600159936026e-05,0.0135945621751299,0,0.000299880047980808,0.0310875649740104,0,9.99600159936026e-05,0,0,0,0,0.212115153938425,9.99600159936026e-05,0,0.00489804078368653,0,0,0,0,0.000199920031987205,0,0.00459816073570572,0,0.000499800079968013,0,0,0.000899640143942423,0,0.00259896041583367,0,0,0.0107956817273091,0
0,0,0,0,0,1e-04,0,0,0,0,0,0,5e-04,0,0,0,0.0088,0,0,0,0,0,0,0,0,0.1095,0,0,0.0062,0.0014,0,0,0,0,0,0,0.0015,0.0068,0,0,3e-04,0,1e-04,0,0,0,0,0,0,0,0,0,0,0,0,0,0,0,0,0,0,0,0,0,0,0,0,0.0011,0.0015,0,0,0,0,0,0,0.1129,0,0,0,0,0,0,0,0,0,0,0,0,0,0,0,0,0,0,0,0,0,0,0,0,0,0,0,0,0,0,0,0,0,0.0134,4e-04,0,0,0,0,0,0,0,0.006,0,0,0,0,0,0.0186,0,0,0,0,0,0,0.155,0,0,0,7e-04,0.0952,0,0,0,0.0116,3e-04,0,0,0,0,0,0,0,0,0,0,1e-04,0,0,0,0,0,0,0.0066,0,0,0,0,0,0,0,0,0,0,0,0.0043,0,0,0,0,0,0,0,0,0,0,0,0,0.0077,0,0,0,0,0,0,0.0018,4e-04,0,0,0,0,0,0,2e-04,0,0,0,0,0,0,0,0,0,0.0015,0,0,0,0,0,0,0,0,0.0568,0,0,0,0,0,0,0,0,0,0,0,0,0,0,0.0804,0.0035,0,0,0,0,0.0066,0,0,0,0,6e-04,0,0,0,0,0,0,0,0,0,0,0.0011,0,0,0,0,0,0,0,5e-04,0,0,0,0,0,0.0144,0,0,0.132,0,0,0,0,0,0,0.1273,0,4e-04,0,0,0,0,0,2e-04,0,0,0,0,0,0,0,0,0.0017,0,0,0,0
0,0,0,0,0,9.99700089973008e-05,0.000199940017994602,0,0,0,0,0,9.99700089973008e-05,0,0.00839748075577327,0,0,0,0,0,0,9.99700089973008e-05,0,0.0117964610616815,0,0.225032490252924,0,0,0.00169949015295411,0.017294811556533,0,0,0,0.000199940017994602,0,0,0,0.00369889033290013,0,9.99700089973008e-05,0,0,0,0,0,0,0,0,0,0,0.000299910026991902,0,0,9.99700089973008e-05,9.99700089973008e-05,0,0,0,0,0.00209937018894332,0,0,0,0,0,0,0.0240927721683495,9.99700089973008e-05,0,0,9.99700089973008e-05,0,0.000199940017994602,0,0,0.0499850044986504,0,0,0,0.000199940017994602,0,0.000399880035989203,0.00619814055783265,0,0,0,0,0,0,9.99700089973008e-05,0,0.000299910026991902,0.00819754073777867,0,0,0,0,0,0,0,0,0,0,0,0,0,0,0,0,0,0,9.99700089973008e-05,0,0,0,0,0.000199940017994602,0,0.0133959812056383,0,0,0,0,0.000299910026991902,9.99700089973008e-05,0,0,0,0,0,0,0,0,0,0,0,0.0323902829151255,0,0,0,0.259522143356993,0,0,0,0,0,0.000899730080975707,0,0,0.00179946016195141,0,0,0,0,9.99700089973008e-05,0,0,0,0,0,0,0,0,0.000199940017994602,0,0,0,0,0,0,0,9.99700089973008e-05,9.99700089973008e-05,0,0,0,0.000299910026991902,0.000799760071978406,0,0,0,0,0,0,0,0,0,0,0,0.000199940017994602,0,0.000599820053983805,0,0,0,0,0,0,0,0,0,0,0,9.99700089973008e-05,0,0.0390882735179446,0.000199940017994602,0,0,9.99700089973008e-05,0,0,0,0.000299910026991902,0,0,0,0.000499850044986504,0.0484854543636909,0,0.00989703089073278,0,0,0,0,0,0,0,0,0,9.99700089973008e-05,0,0,0,0,0,0,0,0,0,0,0,0,9.99700089973008e-05,0,0,0,0,0,0,0,0,9.99700089973008e-05,0,0.000499850044986504,0.000499850044986504,0.0259922023392982,0,0,0,0,0,0,0,0,0,0.000599820053983805,0,0,0.0547835649305208,0,0,0,0,9.99700089973008e-05,0,0,9.99700089973008e-05,0.000299910026991902,0.000599820053983805,0,0,0.000699790062981106,0,0.11926422073378,0.00259922023392982,0,0,0.00259922023392982,0.000199940017994602,0,0,0.000899730080975707,0,0.00189943017094872,0,0.00119964010796761,0,0,0.0158952314305708,0
0,0,0,0,0.000899820035992801,0,0,0,0,0,0,0,0,0.0914817036592682,0.0151969606078784,0,0,0,0,0,0,0.00449910017996401,0,0.000499900019996001,0,0.0939812037592481,0,0,0.0026994601079784,0,0,0,0,0.0027994401119776,0,0,0,0.0181963607278544,0,0,0,0,0,0,0,0,0,0,0.000399920015996801,0,0,0,0,0,0,0,0,0,0,0.0371925614877025,0,0.00839832033593281,0,0,0,0,0.000899820035992801,0,0,0,0.00809838032393521,0,0,0,0,0,0,0,0,0,0,0,0,0,0,0.0001999600079984,0.1624675064987,0,0,0.0031993601279744,0,0.00509898020395921,0,0,0,0,0.00419916016796641,0,0.00359928014397121,0,0,0,0,0,0.0001999600079984,0,0.0504899020195961,0.0015996800639872,0,0,0,0,0,0.0165966806638672,0,0,0,9.99800039992002e-05,0.015996800639872,0,0,0,0,9.99800039992002e-05,0.0106978604279144,0,0,0,0,0,0,0.0132973405318936,0,9.99800039992002e-05,0,0,0.0218956208758248,0,0,0,0.000699860027994401,0,0,0,0,0,0,0,0,9.99800039992002e-05,0.0030993801239752,0,0,0,0,0,0,0,0,0.00439912017596481,0,0,0,0,0,0,0,0,0,0.0001999600079984,0,0,0,0,0,0,0,0,0,0,0,0,0,0,0,0,0,0,0,0,0,0.0106978604279144,9.99800039992002e-05,0,0,0.0017996400719856,0,0,9.99800039992002e-05,0,0,0,0,0,0,0.000599880023995201,0,0,9.99800039992002e-05,0,9.99800039992002e-05,0,0,0,0,0,0.00629874025194961,0,0.0305938812237553,0,0,0,0,0,0,0,0,0,0.00989802039592082,0,0,9.99800039992002e-05,0,0.00349930013997201,0,0,0,0,0,0,0,0,0,0,0,9.99800039992002e-05,0,0,0,0,0,0,0,0,0,0.0010997800439912,9.99800039992002e-05,0,0.0020995800839832,0,9.99800039992002e-05,0,0,0.0012997400519896,0,0,0,0,0.0015996800639872,0.000899820035992801,0,0,0.0145970805838832,0,0,0,0,0,0.0002999400119976,0.257048590281944,0,0,0.0480903819236153,0,0,0,0,0,0,0,0,0,0,0,0,0,0.000399920015996801,0,0,0.00479904019196161,0
0.000599760095961615,0,0,0.000299880047980808,0.0189924030387845,0,0,0,0,0.00409836065573771,0.00899640143942423,0,0,0.0038984406237505,0.00039984006397441,0,0,0,0.0208916433426629,0,0.000599760095961615,0.0473810475809676,0.00359856057576969,0,0,0.039984006397441,0,0,0.000899640143942423,0.0038984406237505,0.015593762495002,9.99600159936026e-05,0,9.99600159936026e-05,0,0,0,0.0214914034386245,0.00119952019192323,0,0.00309876049580168,0.00409836065573771,0,0,0.0038984406237505,0.00429828068772491,9.99600159936026e-05,9.99600159936026e-05,0.00119952019192323,0,0.00709716113554578,0.00229908036785286,0.000199920031987205,0.000599760095961615,0.000299880047980808,0,0,0,0.00109956017592963,0.0272890843662535,0.00569772091163535,0.000499800079968013,0,0,0,0,0.00719712115153938,0.000199920031987205,0,0,9.99600159936026e-05,0,0.000299880047980808,0.00199920031987205,0,0.0132946821271491,9.99600159936026e-05,0,0.000699720111955218,0.0561775289884046,0,0.0240903638544582,0.00619752099160336,0.00079968012794882,0,0,0,0,0.00319872051179528,0,0,9.99600159936026e-05,0,0.00039984006397441,0.00339864054378249,0,0,0,0,0,0.00039984006397441,0,0,0,0.000299880047980808,0,0,0.00639744102359056,0.00349860055977609,0.00269892043182727,0,0,0,0.000299880047980808,0,0,0,0,0,0.00229908036785286,0,0,0,0,0.0387844862055178,0.00709716113554578,0,0,0,0.0933626549380248,0.00549780087964814,0.00039984006397441,0,0,0.00809676129548181,0,9.99600159936026e-05,0,9.99600159936026e-05,0,0,0,0.00109956017592963,0,0.0105957616953219,0,0.00279888044782087,0.00279888044782087,0,0,0.0078968412634946,0,0,0.00179928028788485,0,0,0,0.000199920031987205,0,0,9.99600159936026e-05,0.000199920031987205,9.99600159936026e-05,0,0,0,9.99600159936026e-05,0,0,0,0.00229908036785286,0,9.99600159936026e-05,0,0,9.99600159936026e-05,0,0.0110955617752899,0.0489804078368653,0.000499800079968013,0,0,0,0,0.000599760095961615,0,0,0,0,0,0,0.00879648140743703,9.99600159936026e-05,0.00149940023990404,0,0,9.99600159936026e-05,0.000199920031987205,0,0,0,0,0,0.0133946421431427,0.00529788084766094,0.016593362654938,0,0,0,0,9.99600159936026e-05,9.99600159936026e-05,0,0.000599760095961615,0,9.99600159936026e-05,0.00519792083166733,0.00589764094362255,0.0371851259496202,9.99600159936026e-05,0.00739704118352659,0.00239904038384646,0,0,0,0,0,0,0.00039984006397441,0,0.0137944822071172,0,0,0.00409836065573771,0,0,0.0037984806077569,0,9.99600159936026e-05,0,0.000199920031987205,0,0.00259896041583367,0,0,0.00119952019192323,0,0,0,0.000199920031987205,0,0.000499800079968013,0.00199920031987205,0,0.00129948020791683,0.000299880047980808,0.000299880047980808,0,0,0.00039984006397441,0,0,0,0,0,0,0,0,0.000199920031987205,0.00159936025589764,0.00549780087964814,0.00259896041583367,0.00369852059176329,0,0,9.99600159936026e-05,0.00039984006397441,0.000499800079968013,0,0.10875649740104,9.99600159936026e-05,0.000299880047980808,0.0518792483006797,0,0,0,9.99600159936026e-05,0,0,0.00889644142343063,0,0,0,0,0,0.00179928028788485,0.00299880047980808,0,0.00159936025589764,0.0388844462215114,0
0,0,0,0.0002000200020002,0,0,0.0002000200020002,0.0029002900290029,0,0,0,0.0001000100010001,0,0,0.0027002700270027,0,0,0,0,0,0,0.0038003800380038,0,0.0004000400040004,0.0001000100010001,0.0686068606860686,0,0,0.0021002100210021,0.001000100010001,0.0504050405040504,0,0,0.0052005200520052,0,0,0.0015001500150015,0,0,0.0001000100010001,0,0,0,0.0042004200420042,0,0.0002000200020002,0,0,0.0001000100010001,0,0.0003000300030003,0,0,0,0.0014001400140014,0,0,0,0,0,0,0,0,0,0,0,0.0575057505750575,0,0,0.0003000300030003,0.0018001800180018,0,0,0.001000100010001,0,0,0,0,0,0,0,0,0.0191019101910191,0,0,0,0,0,0,0.0006000600060006,0,0.0052005200520052,0,0,0,0,0,0,0.0017001700170017,0,0,0.0001000100010001,0,0,0.0001000100010001,0,0,0.388838883888389,0,0,0,0,0,0.106210621062106,0,0,0,0,0,0.0001000100010001,0,0,0,0.0001000100010001,0.001000100010001,0,0,0,0,0,0.0009000900090009,0.0034003400340034,0,0,0,0,0.0021002100210021,0,0,0,0,0,0,0,0.0243024302430243,0,0,0,0,0.0012001200120012,0.0035003500350035,0,0,0,0.0046004600460046,0.0001000100010001,0,0,0,0.009000900090009,0,0,0,0.0001000100010001,0,0,0,0,0,0.0003000300030003,0.0007000700070007,0,0,0,0,0,0,0.0002000200020002,0.0323032303230323,0,0,0,0,0,0,0,0,0,0,0,0,0.0083008300830083,0.0003000300030003,0,0,0,0,0,0,0,0,0,0,0.0002000200020002,0.0001000100010001,0.0018001800180018,0,0,0.0002000200020002,0.0001000100010001,0,0,0,0.0009000900090009,0.0001000100010001,0,0.0067006700670067,0.0017001700170017,0.0174017401740174,0.0001000100010001,0.0083008300830083,0.0016001600160016,0,0,0,0,0,0,0,0.0029002900290029,0.0123012301230123,0,0,0.0105010501050105,0,0,0.0002000200020002,0,0,0,0,0,0,0,0,0,0,0,0,0,0,0,0.0016001600160016,0,0.0032003200320032,0.0004000400040004,0,0.0003000300030003,0,0,0,0,0,0,0.0013001300130013,0,0,0,0.0007000700070007,0.0078007800780078,0,0,0.0057005700570057,0,0,0,0,0,0.0003000300030003,0.0205020502050205,0,0,0.0643064306430643,0,0,0,0,0.0002000200020002,0,0.0001000100010001,0,0,0,0,0.0029002900290029,0,0.0043004300430043,0,0,0.0008000800080008,0
0,0,0,0,0,0,9.9940035978413e-05,0,9.9940035978413e-05,0,0,0,0,0,0.000299820107935239,0,0,9.9940035978413e-05,0,0,0.000899460323805717,0.00199880071956826,0,0,0.00119928043174096,0.299220467719368,0,0,0,0.00119928043174096,0,0.0169898061163302,0,0.00579652208674795,0,0,0.000399760143913652,0.00779532280631621,9.9940035978413e-05,0,0,0,0,0.00219868079152508,0,0.00979412352588447,0,9.9940035978413e-05,0,0,9.9940035978413e-05,0,0,0,0.000399760143913652,0,0,0,0,0.0405756546072357,9.9940035978413e-05,0.00279832100739556,0,0,0,0,0.132520487707376,0,0,0.0310813511892864,0.000299820107935239,0,0,0.000699580251848891,0,0,0,0,0.000199880071956826,0.00499700179892065,0,0.000199880071956826,0.0328802718368979,0,0.00239856086348191,0,0,0,0,0.000499700179892065,0.0101938836697981,0.00369778133120128,0,0,0,0,0,0,0.00199880071956826,0,0,0,0,0,9.9940035978413e-05,0.000199880071956826,0.00819508295022986,0.061962822306616,0,0.00199880071956826,0,0,0,0.00369778133120128,0,0,0,0,0.0237857285628623,9.9940035978413e-05,0,0,0,0,0.00749550269838097,0.0167899260443734,0,0,0.000299820107935239,0,0,0.0204877073755747,0,0,0,0,9.9940035978413e-05,0,0,0,0.0245852488506896,0,0,0,0,0,0.00179892064761143,0,0,0,0.00289826104337398,0,0,0,0,0,0,0,0.000499700179892065,0.000599640215870478,0,0,0,0.029282430541675,0,0,0,0,0,0,0.000799520287827304,0,0,0,0,0,0,0.00169898061163302,0.00609634219468319,0,0,0.000199880071956826,0.000199880071956826,0,0.000699580251848891,0,0,0,0,0,0,0.00799520287827304,9.9940035978413e-05,0,0,0,0,0,0,0,0,0,0,0.00239856086348191,0,0.0187887267639416,9.9940035978413e-05,0,0,0,0,0,0.00109934039576254,0,0.00179892064761143,0,0.00449730161902858,0.00189886068358985,0.0121926843893664,0.000799520287827304,0,0,0,0.00869478313012193,0,0.00589646212272636,0,0,0.000799520287827304,0,0.00799520287827304,0,0,0.0211872876274235,0,0,0.000199880071956826,0,0,0,0,0,0,0,0,0,0,0,0,0,0.000999400359784129,0.000299820107935239,9.9940035978413e-05,0,9.9940035978413e-05,0,0.00199880071956826,0,9.9940035978413e-05,0.00979412352588447,0,0,0,0.00239856086348191,0,0,0,0,0.000399760143913652,0.00239856086348191,0,0.00249850089946032,0,0,9.9940035978413e-05,0,0,0,0.000599640215870478,0.0127923246052369,0,0,0.0317809314411353,0,0,0,0,0,0,0.000599640215870478,0,0,0,0,0.000299820107935239,0,0.000599640215870478,0,0,0.00719568259044573,0
0,0,0,0,0,0,0,0,0,0,0,0,0,0,0.0961134978519333,0,0,0,0,0.000199820161854331,0,0,9.99100809271655e-05,0,0,0.226096513138176,0,0,0.00189829153761615,0,0,0,0.000199820161854331,0.00149865121390748,0,0,0,9.99100809271655e-05,0,0,0,0,0,0.00089919072834449,0,0.0209811169947048,0,0,0,0,0,0,0,0,0,0,0,0,0,0,0,0.000999100809271655,0,0,0,0,0,0,0.00119892097112599,0,0,0,0,0.00129883105205315,0,0,0,0,0,0.000699370566490159,0,0,0,0,0.0116894794684784,0,0.0101908282545709,0,0,0.00209811169947048,0,0.0092916375262264,0.00399640323708662,0,0,0.00299730242781497,0,0,0.00159856129483465,0,0,0.00389649315615946,0,0,0,0,0.0196822859426516,0.109701268858028,0,0,0,0,0,0.0143870516535118,0,0,0,0,0.000799280647417324,9.99100809271655e-05,0,0,0,0,0.000699370566490159,0,0,0,9.99100809271655e-05,0,9.99100809271655e-05,0.0028973923468878,0,0,0,9.99100809271655e-05,0,0,0,0,0.00779298631231891,0,0,0,0,0,0,0,0,0,0,0,0,0,0,0,0,0,0,0.00479568388450395,0,0,0,0.0111899290638425,0,0,0,0,0,0,0,0,9.99100809271655e-05,0,0,0,0,0,0,0,0,0,0,0,0,0.000399640323708662,0,0,0,0,0,0.00949145768808073,9.99100809271655e-05,0,0,9.99100809271655e-05,0,0,0,0,0,0,0,0,0.00279748226596064,0,0,0,0,0,0,0,0,0,0.000199820161854331,0,0,0,0,9.99100809271655e-05,0,0,0,0,0,9.99100809271655e-05,0,0,0.00339694275152363,0,0.00499550404635828,0,0,0.225497052652613,0,0,0,0,0,0,0,0,0,0,0,0,0,0,0,0,0,0,0,0,0,0.00209811169947048,0,0,0,0,0,0,0,0,0,0,0,0,0,0.00849235687880907,0,0,0.00399640323708662,0,0,0,0,0,9.99100809271655e-05,0.164651813367969,0,0,0.000599460485562993,0,0,0,0,0,0,0,0,0,0,0,0.00169847137576181,0,0.000699370566490159,0,0,0,0
0,0,0,0,0.00789605197401299,0,0.000299850074962519,0,0,0.00579710144927536,0.00939530234882559,0,0,0,0.00519740129935032,0,0.024287856071964,0,0,0,0.00199900049975012,0.00659670164917541,0.00749625187406297,0,0,0.0284857571214393,0.00079960019990005,0,0.00299850074962519,0,0,0.0142928535732134,0.000199900049975012,0.00109945027486257,0,0.000699650174912544,0,0.00539730134932534,0,0,0,0,0,0.000399800099950025,0.00809595202398801,9.99500249875062e-05,0,0.00079960019990005,0,0,0,0,0,0,0,0,0,0,0,0.0272863568215892,0,0.00079960019990005,0,0,0.00239880059970015,0.00169915042478761,0.00459770114942529,0.0063968015992004,0,0.00889555222388806,9.99500249875062e-05,0,0.000499750124937531,0.0047976011994003,0,0,0,0,0,0.00199900049975012,0,0.0256871564217891,0,0,0,0,0,9.99500249875062e-05,0.00819590204897551,0.0129935032483758,0,0,0,0,0.0131934032983508,0,0,0,0,0,0,0,0.00269865067466267,0.000199900049975012,0,0,9.99500249875062e-05,0.00599700149925037,0.0125937031484258,0.00559720139930035,0,0.000199900049975012,0,0.00379810094952524,0,0,0,0,0.0122938530734633,0,0,0,0.00549725137431284,0,0.000199900049975012,0.0218890554722639,0,0,0.000199900049975012,0.0680659670164918,0.00949525237381309,0.000299850074962519,0,0,0.00149925037481259,0,0.000599700149925037,0,0,0,0,0.000399800099950025,0.00329835082458771,0,9.99500249875062e-05,0,0.00609695152423788,0,0,0,0.00239880059970015,0,0,0,0,0,0,0,0.00109945027486257,0.00129935032483758,0,0,0,0,0,0,0,0.000299850074962519,0,0,0,0.00409795102448776,9.99500249875062e-05,0,0,0,0,0,0.00659670164917541,9.99500249875062e-05,0,0,0,0,0.00519740129935032,0,0.000399800099950025,0,0.00079960019990005,0,0,0.00889555222388806,0,0,0,0,0,0,0,0,0.000699650174912544,0,0,0.00199900049975012,0.217691154422789,0.0228885557221389,0,0,0,0,0,0,0.000599700149925037,0,0.000499750124937531,0,0.00659670164917541,0,0,0.00079960019990005,0.00679660169915042,0.00269865067466267,0,0,0,0,0,0,0.000399800099950025,0,0.0145927036481759,0,0,0.0352823588205897,0,0.000499750124937531,0,0,0,0,0,0,0,0,0,0,0,0.00109945027486257,0,0,0,9.99500249875062e-05,0.00259870064967516,0.000199900049975012,0.00239880059970015,0.000999500249875062,0,0,0.00079960019990005,0.000699650174912544,9.99500249875062e-05,0,0,0.00149925037481259,0,0,0,0.00669665167416292,0,0.144927536231884,0,0.000499750124937531,0.00199900049975012,0,0,0,0,0,0.000899550224887556,0.0292853573213393,0,0,0.00489755122438781,0.000199900049975012,0,0,0,0.00229885057471264,0.00259870064967516,0.00259870064967516,0.0134932533733133,0,0,0,0.00189905047476262,0,0,0.00509745127436282,0,0.0156921539230385,0
0,0,0,0,0.00319776156690317,0.00359748176276606,0,0,0,0.00339762166483462,0.00509643249725192,0,0,0.00409713200759468,0,0,0.00889377435794944,0.00049965024482862,0,0,0,0.0150894373938243,0.00109923053862296,0,0,0.0356750274807635,0,0,0.00219846107724593,0.000399720195862896,0.00829419406415509,0,0,0.000699510342760068,0,0,0,0.0145897871489957,0.0024982512241431,0,0,0.002897971420006,0,0,0.00349755171380034,0.000799440391725792,0,0.000299790146897172,0,0,0.00419706205656041,0.0049965024482862,9.9930048965724e-05,0.000399720195862896,9.9930048965724e-05,0,0,0,9.9930048965724e-05,0.0301788747876486,0,0.00529629259518337,0,0,0.0124912561207155,0,0,0.00519636254621765,0,0,0.00319776156690317,0,0.000199860097931448,0.00609573298690916,0,0.00149895073448586,0.000199860097931448,0,0,0.0433696412511242,0,0.00669531328070351,0.00109923053862296,0,0,0,9.9930048965724e-05,0,0,0,0,0,9.9930048965724e-05,0,9.9930048965724e-05,0,0,0,0,0,0,0,0,0,0.00559608274208054,0,0,0.000899370440691516,0.00889377435794944,0.0184870590586589,0,0,0,0,9.9930048965724e-05,9.9930048965724e-05,0,0.00529629259518337,0.00319776156690317,0,0,0,0.00679524332966923,0,9.9930048965724e-05,0.0475667033076846,0,0,0,0.056860197861497,0,0.00219846107724593,9.9930048965724e-05,0,0,0,9.9930048965724e-05,0,0,0,9.9930048965724e-05,0,0.00119916058758869,0,0,0,0,0,0,9.9930048965724e-05,0.00189867093034876,0,0,0,0,0,0,0,0,0.00989307484760668,0,9.9930048965724e-05,0,0.0300789447386829,0,9.9930048965724e-05,0,0,0,0,0.00169881083241731,0,0,0,0,0,0,0.0078944738682922,0.0465674028180274,9.9930048965724e-05,0,0,0,0,0.00119916058758869,0,0,0,0,0.000599580293794344,0,0.00279804137104027,0,0,0,0,0,9.9930048965724e-05,0,0.0171879684221045,0,0,0,0.0664534825622065,0,0.00839412411312082,0.00119916058758869,0,0,0.00119916058758869,0.000199860097931448,0,0,0.000599580293794344,0.000699510342760068,0.000399720195862896,0.0105925851903667,0.00949335465174378,0.00169881083241731,0,0,0,0,0,0,0,0,0,0.00589587288897772,0.00169881083241731,0.0387728589987009,0,0,0.0531627860497652,0,0,0.00299790146897172,0,9.9930048965724e-05,0,9.9930048965724e-05,0,0,0,0,0.0146897171979614,0,0,9.9930048965724e-05,0,0,0.00349755171380034,0.00239832117517738,0,0.00239832117517738,9.9930048965724e-05,0.000199860097931448,0,0.000899370440691516,0.000199860097931448,0.000799440391725792,0,0,0.000699510342760068,0,0,0.000199860097931448,0,0.00159888078345158,0.000299790146897172,0,0.00419706205656041,0.000699510342760068,0.0763465574098131,0.000599580293794344,9.9930048965724e-05,0,0.000299790146897172,0.00259818127310882,0.133706405516139,0,9.9930048965724e-05,0.0193864294993505,0,0,0,0,0,0.00119916058758869,0.002897971420006,0,0,0,0,0.00129909063655441,0.00049965024482862,0.000399720195862896,0,0,0.00349755171380034,0
0.0036963036963037,0,0,0,0.0283716283716284,0.0045954045954046,0.0003996003996004,0,0,0.00619380619380619,0.004995004995005,0,0,0.00789210789210789,0.013986013986014,0,0.0195804195804196,0,0,0,0,0.00679320679320679,0.0033966033966034,0,0,0.000599400599400599,0,0,0.0011988011988012,0,0.0023976023976024,0,0,0.00689310689310689,0,0,0.0010989010989011,0.0024975024975025,0.0221778221778222,0,0.00799200799200799,0,0,0,0.0025974025974026,0.0013986013986014,9.99000999000999e-05,9.99000999000999e-05,0,0,0.00659340659340659,0,9.99000999000999e-05,0.0002997002997003,0.0002997002997003,0,0,0,0,0.0002997002997003,0.00659340659340659,0.0037962037962038,0.00679320679320679,0,0.0037962037962038,0,0.0018981018981019,0.0101898101898102,0,0,0.0001998001998002,0,0.0001998001998002,0.00589410589410589,0,0,0.0004995004995005,0.0003996003996004,0,0.00719280719280719,0,0.003996003996004,0.0015984015984016,0,0,0,0.0014985014985015,0.0001998001998002,0.0023976023976024,0.00949050949050949,0,0.000899100899100899,9.99000999000999e-05,0,0.0003996003996004,0,0,0,0,0,0,0,0,0,0,0,9.99000999000999e-05,0.0015984015984016,0.0038961038961039,9.99000999000999e-05,0,9.99000999000999e-05,0,0,0.0010989010989011,0.0001998001998002,0,0.000799200799200799,0,0,0,0,0.0130869130869131,0,0.0193806193806194,0.0789210789210789,0,0,0,0.151148851148851,0,9.99000999000999e-05,0.0016983016983017,0,0,0,0.0001998001998002,0,0,0,0.0002997002997003,0,0,0,0,0,0.0001998001998002,0,0,0,0.000599400599400599,0,0,9.99000999000999e-05,0,0,0,0,0,0.0035964035964036,0,0,0,0.0001998001998002,0,0,0,0,0,0,0.000699300699300699,0,9.99000999000999e-05,0,0,0,0,0.0001998001998002,0,0,0,0,0,0,0.000999000999000999,0,0,0,0,0,0.0002997002997003,0.0106893106893107,0.0200799200799201,0.0004995004995005,0,0,0,0,0,0,0,0,9.99000999000999e-05,9.99000999000999e-05,0,0.022977022977023,0.0003996003996004,0.0003996003996004,0.0001998001998002,0.0022977022977023,0,0,0,0.0018981018981019,0.0017982017982018,0,0.0102897102897103,0.0003996003996004,0.044955044955045,0.000699300699300699,0.0010989010989011,0.0001998001998002,0,0,0,0,0.00949050949050949,0,0,0,0.00899100899100899,0,0,0.161638361638362,0,0,0.0004995004995005,0,0.0001998001998002,0,0,0,0,0,0,0,0,0.0011988011988012,0,0,0,0.0003996003996004,0.000899100899100899,0,0.0002997002997003,0.0108891108891109,0.0004995004995005,0,0,0,0.000599400599400599,0,0,0.000699300699300699,0,0,0,0,0.0011988011988012,0.0001998001998002,0,0.00749250749250749,0.0244755244755245,0,0,0,0,9.99000999000999e-05,0.0026973026973027,0.1001998001998,0,0,0.015984015984016,0,0,0,9.99000999000999e-05,0.0032967032967033,0,0.0021978021978022,0,0,0,0,0.0040959040959041,0,0.0124875124875125,0,0,0.00579420579420579,0
0,0,0.000299790146897172,0,0.0290796442490257,0,0,0,0,0.00629559308484061,0.00559608274208054,0,0,0,0.00319776156690317,0,0,0,0,0,0,0.00759468372139502,0,0,0,0.0130908364145098,0.000899370440691516,0.00139902068552014,0.00309783151793744,0,0.0125911861696812,0,0,0.0024982512241431,0,0,0,0.0183871290096932,0.00579594284001199,0,0.0259818127310882,0,0,0.00389727190966324,0.000899370440691516,0.00149895073448586,0,0,0,0,0.00439692215449186,0.00359748176276606,0,0,0,0,0,0,0,0.0234835615069451,0,0,0,0,0,0,0.0153892275407215,0.00189867093034876,0,0.0216848206255621,9.9930048965724e-05,0,0,0,0.0545618067352853,0,0,0,0,0.00629559308484061,0.00169881083241731,0.00809433396622364,0,0,0,0.000399720195862896,0,0,0,0,0,0,0,0,0.00519636254621765,0,0.000199860097931448,0,0,0,9.9930048965724e-05,0,0.000199860097931448,0,0,9.9930048965724e-05,9.9930048965724e-05,9.9930048965724e-05,0.027880483661437,0,0.000199860097931448,0.000199860097931448,0,0,0,0,0,0,0.00729489357449785,0,0,0,0,0,0.017387828520036,0.162286399520336,0,0,0,0.0589587288897772,0.0313780353752373,9.9930048965724e-05,0,0,0.000199860097931448,0,0.000199860097931448,0,0,0.000199860097931448,0,0,0,0,0,0,0.00269811132207455,0.000799440391725792,0,0,0.00149895073448586,0.00109923053862296,0,0,0,0,0,0,0.0109923053862296,0.00139902068552014,0,0,0,0.0174877585690017,0,0,0,0,0,0,0,0,0.00219846107724593,0,0,0,0,0,0.0159888078345158,0.000199860097931448,0,0,0,0,0,0,0,0,0,0,0,0.0328769861097232,0,0,0.0024982512241431,9.9930048965724e-05,0,9.9930048965724e-05,0,0,0,0,0,0.0102927950434696,0,0.0130908364145098,0.000399720195862896,0,0.000299790146897172,0.00229839112621165,0,0,0.000399720195862896,0,0,0,0.000199860097931448,0.00049965024482862,0,0.000199860097931448,0,0.0053962226441491,0,9.9930048965724e-05,0,0,0,0,0.00729489357449785,0,0.00859398421105226,9.9930048965724e-05,9.9930048965724e-05,0.0909363445588088,0,0,0,0,0,0.000599580293794344,0,0,9.9930048965724e-05,0,0,0,0,0,0,0,9.9930048965724e-05,0,0,0.00269811132207455,0,0.023183771360048,0.000399720195862896,0,0,0,0,0,0.00049965024482862,0.00379734186069751,9.9930048965724e-05,0.000199860097931448,0,0.00509643249725192,0,0.00439692215449186,0,0.0118916758269212,0.00619566303587489,0,0,0,9.9930048965724e-05,0.000299790146897172,0,0.0239832117517738,0,0,0.0705506145698011,0,0,0,0,0.000299790146897172,9.9930048965724e-05,0.00519636254621765,0,0,0,0,0,9.9930048965724e-05,0.00799440391725792,0.000199860097931448,0,0.00559608274208054,0.000199860097931448
0,0,0,0,0,0,0.000399720195862896,0.000299790146897172,9.9930048965724e-05,0,0,9.9930048965724e-05,0,0,0,0,0,0,9.9930048965724e-05,0.000299790146897172,0.000299790146897172,0.00139902068552014,0,0.000799440391725792,0,0.275806935145398,0,0,0.000899370440691516,0.00409713200759468,0,0,0,0.00669531328070351,0,0,0.00229839112621165,0.00869391426001799,0,0,0,0,0,0,0,0.00609573298690916,0,9.9930048965724e-05,0,0,0,0,0,0,0,0,0,0,0,0.00149895073448586,0,9.9930048965724e-05,0,0,0,0.000399720195862896,0.0053962226441491,0.000799440391725792,0,9.9930048965724e-05,0.000799440391725792,0,0,0.000399720195862896,0,0,0,0,0,0.00629559308484061,0,0,0.0150894373938243,0,0,0,0.00139902068552014,0,0.000299790146897172,0.0020985310282802,0,0.000399720195862896,0,0,0,0,0,0,0.00219846107724593,0,9.9930048965724e-05,0,0,0,9.9930048965724e-05,9.9930048965724e-05,0,0.0985310282802039,0,0,0,0,0,0,0,0,0,0,0.00529629259518337,0,0,0,0.00829419406415509,0,0.0119916058758869,9.9930048965724e-05,0,0,0.000299790146897172,0,0,0.00579594284001199,0,0,0,0,0.00149895073448586,0,0,0.000199860097931448,0.00139902068552014,0,0,0,0,0,0.00179874088138303,0,0,9.9930048965724e-05,0.000399720195862896,0,0,0.000399720195862896,0,0,0,0,0.000399720195862896,0.000699510342760068,0,0,0,0.0142899970020985,0,0,0.000399720195862896,0.000199860097931448,0,0,0.000199860097931448,0,0.245727990406715,0,0,0,0,0.00509643249725192,0.00129909063655441,9.9930048965724e-05,0,0,0,0,0.00329769161586889,0,0,0,0,0,0.0167882482262416,0.00429699210552613,9.9930048965724e-05,9.9930048965724e-05,0,0,0,9.9930048965724e-05,0,0,0,0,0,0.0078944738682922,0,0.00169881083241731,0,0,0,0.00049965024482862,0,0,9.9930048965724e-05,0.000399720195862896,0.000699510342760068,0,0.00339762166483462,0.0024982512241431,0,9.9930048965724e-05,0,0.00099930048965724,0,9.9930048965724e-05,0,0,0,0,0.00119916058758869,0.00169881083241731,0.00549615269311482,0,0,0.0156890176876187,0,0,9.9930048965724e-05,0,9.9930048965724e-05,0,0,0,0,0,0,0.000699510342760068,0,9.9930048965724e-05,0,0,9.9930048965724e-05,0.000299790146897172,0.00229839112621165,0,0.00199860097931448,0.0020985310282802,0.000299790146897172,0,9.9930048965724e-05,0,9.9930048965724e-05,0,0,0.00049965024482862,0,0,0,0,0,0,0.000199860097931448,0,0.0393724392924953,0,9.9930048965724e-05,9.9930048965724e-05,0,0,0.00129909063655441,0.114819626261617,0,0,0.00879384430898371,0,0,0,0,0,0.00159888078345158,0,0,0,0,0,0.00099930048965724,0.000399720195862896,0.00189867093034876,0,0,0.00389727190966324,0
0,0,0,0,0,0,0,0.00309721250874213,9.99100809271655e-05,0,0.00089919072834449,0,0,0.0109901089019882,0.000399640323708662,0,0,0,0.000199820161854331,0,0.00969127784993506,0,0,0.00089919072834449,0,0,0,0,0.00199820161854331,0,0.0161854331102008,0,0,0.00219802178039764,0.000399640323708662,0,0.000199820161854331,0.00739334598861025,0,0,0.000299730242781497,0.000799280647417324,0,0,0,0,0,0,9.99100809271655e-05,0,0,0,9.99100809271655e-05,0,0,0,0,0,0,0,0,0.00539514437006694,9.99100809271655e-05,0,0,0.000199820161854331,0.0202817464282146,0.000199820161854331,0,0,0.00499550404635828,0,0,0.00109901089019882,0,0,0,0,0,0.00889199720251773,0.000199820161854331,0.00089919072834449,0.000399640323708662,9.99100809271655e-05,0,0,0,0.000199820161854331,0,0.00399640323708662,0.000199820161854331,0.00309721250874213,0.00169847137576181,0,0,0.0031971225896693,0,0,0,0,0,0,0,0,0,0.000599460485562993,0,0.225896692976321,0,0,0,0,0,0.00239784194225197,0.000299730242781497,0.00379658307523229,0,0,0.00129883105205315,9.99100809271655e-05,0,0.00119892097112599,0,0,0.0145868718153662,0,0,0,0.000599460485562993,0,0,0.000299730242781497,9.99100809271655e-05,9.99100809271655e-05,0,0,0.00109901089019882,0,0,0,0,0,0,0,0.0332700569487461,0,0.00199820161854331,0,0,0.00159856129483465,0.000599460485562993,0,0,0,9.99100809271655e-05,0,0,0,0.0054950544509941,0,0.000199820161854331,0,0,0,0,0,0,0.00619442501748426,9.99100809271655e-05,0,0,0,9.99100809271655e-05,0,0,0,0.000499550404635828,9.99100809271655e-05,0.0160855230292737,0,9.99100809271655e-05,0,0,0,0,0,0,0,0,0,0.000399640323708662,0.00759316615046458,9.99100809271655e-05,0,9.99100809271655e-05,0,0,0,0,0,0,0,0,0.0553501848336497,0,0.00149865121390748,0,0,0.000199820161854331,9.99100809271655e-05,0,0,0,0,0.0028973923468878,0,0.0106903786592067,0.00699370566490159,0.000499550404635828,0.000399640323708662,0,0.00499550404635828,0,0.00109901089019882,0,0,0,0,0.00149865121390748,0,0.00089919072834449,0,0,0.0629433509841143,0,0,0,0,0,0,0,0,0,0,0,0,0,0.00199820161854331,0,0,9.99100809271655e-05,0.000399640323708662,0.00239784194225197,0,0.000399640323708662,0,0,0,0,0,0,0,0,0,0,0,0,0,0,0.00969127784993506,0,0,0.011489659306624,0,0.00149865121390748,0,0,9.99100809271655e-05,0.000399640323708662,0.332300929163753,0,0,0.0387651113997402,0,0,0,0,9.99100809271655e-05,0.00469577380357678,0,0,0,0,0,0,0,0,0,0,0.00749325606953742,0
0.00119940029985007,0,0,0,0,0,0.000499750124937531,0,0,0,0,0,0,0,0.00229885057471264,0.000699650174912544,0,0,0,0,0,0,0,0.00199900049975012,0.000499750124937531,0,0,0,0.00659670164917541,0,0,0,0,0,0,0,0.000899550224887556,0,0,0,0,0,0,0,0,0,0,0,0,0,0,0,0,0,0,0,0,0,0,0,0,0,0,0,0,0,0.00949525237381309,0,0,0.0514742628685657,0,0,0,0,0.0120939530234883,0,0,0,0,0,0,0,0,0,0,0.000199900049975012,0,0,0,0,0.0519740129935032,0,0.0127936031984008,0.0108945527236382,0,0.00389805097451274,0,0.000299850074962519,0,0,0,0,0,0,0,0,0,0.211894052973513,0,0,0,0,0,0,0,0,0.000499750124937531,0.00149925037481259,0,0,0,0,0,0,0,0,0.0245877061469265,0,0,0,0,0,0,0,0.000199900049975012,0.000399800099950025,0,0.000399800099950025,0,0,0,0,0,0,0,0,0,0,0,0,0,0,0.000699650174912544,0,0,0,0,0,0,0.0170914542728636,0,0,0,0,0,0,0,0,0,0,0,0.0120939530234883,0.000199900049975012,0.000499750124937531,0,0,0,0.000399800099950025,0,0,0,0,0,0.00109945027486257,0,0,0,0,0.00129935032483758,0,0,0,0,0,0,0.000399800099950025,0,0,0,0,0,0,0,0,0,0.0148925537231384,0,0.00139930034982509,0,0.000399800099950025,0,0,0,0,0,0,0.0442778610694653,0,0,0,0,0,0,0,0,0,0,0.129135432283858,0,0,0,0.000299850074962519,0.000199900049975012,0,0.000199900049975012,0.000199900049975012,0,0,0,0,0,0,0.000199900049975012,0,0.00199900049975012,0,0,0,0,0,0,0,0,0.000499750124937531,0,0.00189905047476262,0,0,0,0.000199900049975012,0,0,0,0,9.99500249875062e-05,0,0.00169915042478761,0.0107946026986507,0,0.0111944027986007,0,0,0,0.000399800099950025,0,0,0,0,0,0,0,0,0,0,0.312743628185907,0,0,0,0,0,0,0,0,0,0.0214892553723138,0,0,0,0,0,0.00469765117441279
0,0,0,0,0,0,0.00179928028788485,0,9.99600159936026e-05,0,0,0,0,0.0937624950019992,9.99600159936026e-05,0,0.00149940023990404,0,0,0.00149940023990404,0.00849660135945622,0,0,0,0,0.156537385045982,0,0,0,0,0,0,0,0.00819672131147541,0,0,0.00189924030387845,0,0.000199920031987205,0,0,0,0,0.00589764094362255,0,0,0,0,0,9.99600159936026e-05,0,0,0,0,0,0,0,0,0,0,0,0,0,0,0,0,0.0587764894042383,0.00109956017592963,0,0,0.00079968012794882,0,0,0.00109956017592963,0,0,0,0,0,0,0,0,0,0,0,0,0,0,0,0.00759696121551379,0,0.000699720111955218,0.000299880047980808,0,0,0,0,0,0.00199920031987205,0,0,0.00179928028788485,0,0,0,0,0,0.0684726109556178,0,0,0,0,0,0,0,0.000199920031987205,0,0,0.0199920031987205,0,0,0,0,0.000199920031987205,0.00339864054378249,0.000599760095961615,0.00039984006397441,0,0,0,0,0,0,0,0,0,0.00169932027189124,0,0,0,0,0,0,0,0,0,0,0,0,0,0,0.00039984006397441,0,0,0.000199920031987205,0,0,0,0,0,0,0,0,0,9.99600159936026e-05,9.99600159936026e-05,0,0,0,0,0,0,0,0,0,0,0,0.0104958016793283,0.0189924030387845,0,0,0,0,0,0,9.99600159936026e-05,0,0,0,0,0,0.0406837265093962,0,0,0,0,0,0,0,0,0,0,0,0,0,0,0,0.000899640143942423,9.99600159936026e-05,0,0,0,0,0,0.00239904038384646,0,0,0,0.0644742103158737,0,0,0,0,0,0,0,0,0.0345861655337865,0.000599760095961615,0,0,0,0,0.0448820471811276,0,0,0,0,0,0,0,0,0,0,0,0,0,0,0,0,0.000499800079968013,0,0,0,0,0.0327868852459016,0.00229908036785286,0,0,0.000899640143942423,0,0.00149940023990404,0,0,0,0,0,0,0,0,0,0,0,0,0,0,0,0,0,0.27359056377449,0,0,0.00959616153538585,0,0,0,0,0,0,0,0,0,0,0,0.000899640143942423,0,0.0039984006397441,0,0,0.00569772091163535,0
0,0,0.000199920031987205,0,0,0,9.99600159936026e-05,0.000999600159936026,0,0,0,0,0,0.00579768092762895,0.0130947620951619,0,0,0,0,0.00039984006397441,0.000199920031987205,0.000599760095961615,0,0.00189924030387845,0.000199920031987205,0.38844462215114,0,0,0.0076969212315074,0,0.0131947221111555,0,0,0.00529788084766094,0,0,0.000599760095961615,0.00329868052778888,0,0.00039984006397441,0.00119952019192323,0,0,0.00169932027189124,0,0,0,0.000199920031987205,0,0,0,0,0,0,0.00129948020791683,0,0,0,0,0.000599760095961615,0,0,9.99600159936026e-05,0,0,0.000599760095961615,0.0078968412634946,0,0,0,0.00039984006397441,0,0,0.000499800079968013,0,0,0,0,0,0.00159936025589764,0.00109956017592963,0,0.0127948820471811,0,0,0,0,0.0106957217113155,0,0.00039984006397441,0,0.00319872051179528,0.0266893242702919,0.00419832067173131,0,0.00259896041583367,0,0,0.00369852059176329,0,0,0,0,0,0,9.99600159936026e-05,0,0.00729708116753299,0,0.00209916033586565,0,0,0,0,0.000199920031987205,9.99600159936026e-05,9.99600159936026e-05,0,0.0142942822870852,0,0,0,0,0.000199920031987205,0.0115953618552579,0,0,0,0.000199920031987205,0,0,0.00109956017592963,0,9.99600159936026e-05,0,0,0.00309876049580168,0,0,0,0.0632746901239504,0,0,0,0,0,0.00239904038384646,0,0,0,0.00119952019192323,0.000199920031987205,0,0.0153938424630148,9.99600159936026e-05,9.99600159936026e-05,0,0,9.99600159936026e-05,0.00329868052778888,0,0,0,0.0484806077568972,0,0,0,0,0,0,0.0037984806077569,0,0,0,0,0,0,0.00229908036785286,0.00529788084766094,0,0,0,0,0,0.00109956017592963,0,0,0,9.99600159936026e-05,0,0,0.00819672131147541,0.000299880047980808,0,0.000999600159936026,0,0,9.99600159936026e-05,0,0,0,0,0,9.99600159936026e-05,0,0.00239904038384646,0,0,0,0,0,0,9.99600159936026e-05,0.00109956017592963,0,0,0.00819672131147541,9.99600159936026e-05,0.0219912035185926,0.000899640143942423,0,0.00179928028788485,0,0,9.99600159936026e-05,0,0.00229908036785286,0,0,0.00309876049580168,0.000599760095961615,0,0,0.0586765293882447,0,0,0.00079968012794882,0,0,0,0,0,0,0,0,0,0,9.99600159936026e-05,0,0.000199920031987205,0,0.000199920031987205,0.000899640143942423,9.99600159936026e-05,0.00439824070371851,0,0,0,0.00219912035185926,0.000299880047980808,0.000499800079968013,0,0,0,0,0,0,0,0,9.99600159936026e-05,0,0.00349860055977609,0.00949620151939224,0,0.00269892043182727,0,0,0,9.99600159936026e-05,0.108956417433027,0,0,0.00569772091163535,0,0,0,0,0.0100959616153539,0.00179928028788485,0.000199920031987205,0,0,0,0,0.00139944022391044,0.00509796081567373,0.00349860055977609,0,0,0.015093962415034,0
0,0.0004000400040004,0.0001000100010001,0,0,0,0,0,0.0096009600960096,0,0,0,0,0.0637063706370637,0.0045004500450045,0,0.0001000100010001,0,0,0,0,0.0032003200320032,0,0,0,0.151215121512151,0,0,0,0,0.0002000200020002,0,0,0.0035003500350035,0,0,0.0005000500050005,0.0003000300030003,0.0001000100010001,0,0,0,0,0,0,0.0238023802380238,0,0,0,0,0.0001000100010001,0,0,0,0.0013001300130013,0,0,0,0,0.0004000400040004,0,0,0,0,0,0,0.0155015501550155,0,0.0007000700070007,0.0002000200020002,0.0011001100110011,0,0,0,0,0,0,0,0,0.001000100010001,0,0.0001000100010001,0.0015001500150015,0,0.0194019401940194,0.002000200020002,0.022002200220022,0.0568056805680568,0,0.006000600060006,0,0.0013001300130013,0,0,0,0.0037003700370037,0,0,0.0413041304130413,0,0,0.0006000600060006,0,0.0012001200120012,0.0001000100010001,0,0.0004000400040004,0.0369036903690369,0,0.0061006100610061,0,0,0,0.0136013601360136,0,0.0002000200020002,0,0,0.0002000200020002,0,0,0,0,0,0.0086008600860086,0,0,0,0,0,0.0036003600360036,0.0316031603160316,0,0,0,0,0.0065006500650065,0,0,0,0.0204020402040204,0,0,0,0,0,0.0003000300030003,0,0,0,0.0005000500050005,0,0,0,0.0002000200020002,0,0,0,0,0.0125012501250125,0,0,0,0.0068006800680068,0,0,0,0,0,0,0.0002000200020002,0,0,0,0,0,0,0,0.0054005400540054,0.0001000100010001,0,0,0,0,0.0002000200020002,0,0,0,0,0,0,0.0013001300130013,0.0002000200020002,0,0,0,0,0.0001000100010001,0,0,0,0,0,0.0001000100010001,0.0193019301930193,0.0009000900090009,0.0002000200020002,0,0.0004000400040004,0,0,0,0,0,0.0004000400040004,0,0.0064006400640064,0.0012001200120012,0.0112011201120112,0,0,0,0,0.0001000100010001,0,0,0,0,0.0064006400640064,0,0.0198019801980198,0,0,0.099009900990099,0,0,0,0.0001000100010001,0,0.0076007600760076,0,0,0,0,0.0001000100010001,0,0,0,0,0,0,0,0.0004000400040004,0,0.0014001400140014,0.0005000500050005,0.0008000800080008,0,0.0011001100110011,0,0.0001000100010001,0,0,0.0002000200020002,0,0,0,0.0035003500350035,0.0001000100010001,0.0017001700170017,0,0.0036003600360036,0.0372037203720372,0.122412241224122,0,0,0,0.0001000100010001,0.0004000400040004,0.026002600260026,0,0,0.0077007700770077,0,0,0.001000100010001,0,0,0.0037003700370037,0.0001000100010001,0,0,0,0,0.0131013101310131,0,0.0004000400040004,0,0,0.0078007800780078,0
0,1e-04,0,0,0.0203,0.0079,1e-04,0,0,0.0064,0.0148,0,0,1e-04,0,0,0,0,0,0,1e-04,0.0271,0,0,0.0067,0.0698,0.001,0,0,0,0.0032,0,0,0,0,0,0,0,0,0,0,0,0,4e-04,0.0014,0,0,0,0,0,0,0,0,0,0,0,0,0,0,0.0203,0,0.0011,0.001,0,2e-04,3e-04,1e-04,0.0039,0,0.0065,0,0,3e-04,0.0119,0,0,0,0,5e-04,0.002,0,0.013,0,0,0,0,0,0,0,0,0,0,0,0,0.0014,0,0,0,0,9e-04,4e-04,0,0,0,0,0,0,0.0019,0.0056,2e-04,0,0,0,0.0065,0,0,0,0.008,0,0,0,0,0,0,0.0404,0.2338,0,0,0,0.085,0,1e-04,0,2e-04,0,0,0,0,0,0,0,0,0,0,0.0095,0,0,0,0,0,0,0,2e-04,4e-04,0,0,0,0,0.0011,0.0058,0,0,0,0,0,0,0,0,0,6e-04,0,0,0,0,0,0,0,0.0038,0.0082,0,2e-04,0,0,0,0,0,0,0,0,0,0,0.0096,0,0,0.0037,0,0,0,0,0,0,0,0,0,0,0,0,0,0,0,0,0,0.0011,0,0,0,0.0094,0,0,3e-04,0,0,1e-04,0,0,0,0.0044,0,0.0082,0,0.0127,0,0,0.0456,0,0,0,0,0,0,0,0,0,0,0,0,0,0,0,0,4e-04,0,0,0,0,0,0,5e-04,0,0,0,0.0086,0,0,0,0,0,0,3e-04,0.0011,5e-04,0,0,0,0,0,0,0,0,0.1709,0,0,0.0543,0,0,0,0,0,0,0.0011,0,0,0,9e-04,0.0202,0.004,0,0,0,0.0074,0
0,0,0,0,0,0,9.99200639488409e-05,0.000699440447641887,0,0,0,0,0,0,9.99200639488409e-05,0,0,0,0,0,0.000299760191846523,0.00249800159872102,0,0,0,0.223121502797762,0,0,0,0,0.0113908872901679,0,0,0,0,0,9.99200639488409e-05,0.0182853717026379,0,0,0,0,0,0,0,0.0189848121502798,0,0,0,0,0,0,0,0,0,0,0,0,0,0,0,0.00259792166266986,0,0,0,0.00299760191846523,0.000899280575539568,0,0,0.0133892885691447,0.00159872102318145,0,0,0,0,0,0,0,0,0.000899280575539568,0,0.000199840127897682,0,0,0,0,0.00689448441247002,0,0,0,0,9.99200639488409e-05,9.99200639488409e-05,0,0,0,0,0,0.0264788169464428,0,0,0,0,0,0,0,0.0184852118305356,9.99200639488409e-05,0,0,0,0,0,9.99200639488409e-05,9.99200639488409e-05,9.99200639488409e-05,0,0,0.00819344524380496,0,0,0.00249800159872102,0,0.000699440447641887,0,0.00139888089528377,0,0,0,0,0,0,0,0,0,0,0.000399680255795364,0,0,0,9.99200639488409e-05,0,0,0,0,0,0,0,0,0,0.00179856115107914,0.00529576338928857,0,9.99200639488409e-05,0,0,0,0.0202837729816147,0,0.00569544364508393,0,0,0,0.0153876898481215,0,0,0,0,0,0,0,0,0.257494004796163,0,0,0,0,0.00459632294164668,0.00779376498800959,0,0.00189848121502798,0,0,0,0,0,0,0,0,0,0,0,0,0,0.00159872102318145,0,0,0,0,0,0,0,0,0,0,0,0,0,0,0,0,0,0.00359712230215827,0,0.00159872102318145,0,0.000899280575539568,0.00149880095923261,0,0.000499600319744205,9.99200639488409e-05,0,0,0,0,0,0.00569544364508393,0,0.00469624300559552,0,0.0126898481215028,0,0,0.00759392486011191,0,0,0,0,0,0,0,0,0,0,0,9.99200639488409e-05,0,0,0,0,9.99200639488409e-05,0,0,0,0,0,0.000399680255795364,0,0,0,9.99200639488409e-05,0,0,0,0,0,0,0,0,0.000899280575539568,0.000699440447641887,0,0.0204836131095124,0,0,0,0,0,0,0.230015987210232,0,0,0,0,0,0,9.99200639488409e-05,0,0.00649480415667466,0,0,0,0,0,0,0,0,0.00409672262190248,0,0.0117905675459632,0
0,0,0,0,0,0.0002000200020002,0,0,0,0,0,0,0,0.0099009900990099,0.0031003100310031,0,0,0.0008000800080008,0,0,0.0049004900490049,0.0132013201320132,0,0.0087008700870087,0.0002000200020002,0.0763076307630763,0,0,0.0039003900390039,0.0019001900190019,0,0,0,0.0046004600460046,0,0,0.0009000900090009,0.0481048104810481,0.0002000200020002,0,0,0,0,0,0,0.0341034103410341,0,0,0,0,0,0,0,0,0,0,0,0,0,0.001000100010001,0.0005000500050005,0.0003000300030003,0,0,0,0,0.0022002200220022,0,0,0,0.0021002100210021,0,0.0003000300030003,0.0003000300030003,0,0.0978097809780978,0,0,0,0.0213021302130213,0.0011001100110011,0,0,0,0,0,0,0,0,0,0,0.0005000500050005,0.0008000800080008,0,0,0,0,0,0,0,0,0.0016001600160016,0,0,0.0002000200020002,0,0,0.0441044104410441,0,0,0,0,0,0,0,0,0,0.0002000200020002,0.0048004800480048,0.0003000300030003,0,0,0,0.0001000100010001,0.016001600160016,0,0,0,0,0,0.0178017801780178,0.0449044904490449,0,0.0001000100010001,0,0,0.0054005400540054,0,0,0,0.0046004600460046,0,0,0,0,0,0,0.0005000500050005,0,0,0.0019001900190019,0,0,0,0,0,0,0,0.0019001900190019,0,0,0,0.0006000600060006,0.0005000500050005,0,0,0,0,0,0,0.0008000800080008,0,0.0001000100010001,0,0,0,0,0.0067006700670067,0.0626062606260626,0.0005000500050005,0,0,0,0,0.0085008500850085,0,0,0,0,0.0004000400040004,0,0.0028002800280028,0.0005000500050005,0,0.0019001900190019,0,0,0.0008000800080008,0,0,0.0032003200320032,0,0,0,0,0.0262026202620262,0,0,0,0.0067006700670067,0,0,0,0.0015001500150015,0,0,0.0101010101010101,0,0.0002000200020002,0.0007000700070007,0,0,0,0,0,0,0,0,0.0005000500050005,0,0.0158015801580158,0.0001000100010001,0.0002000200020002,0.0295029502950295,0,0.0005000500050005,0.0006000600060006,0,0,0,0,0,0,0,0,0,0.0021002100210021,0,0,0,0.0169016901690169,0.0014001400140014,0.0051005100510051,0,0,0.0166016601660166,0,0.0005000500050005,0.0018001800180018,0,0.0015001500150015,0,0,0,0,0,0,0,0.0013001300130013,0,0.017001700170017,0,0.0285028502850285,0,0,0,0.0006000600060006,0,0.0096009600960096,0.186718671867187,0.0005000500050005,0,0.0049004900490049,0,0,0,0,0,0,0.0214021402140214,0,0,0,0,0.0022002200220022,0,0.0002000200020002,0,0,0.015001500150015,0
0,0,0,0,0,0,9.99900009999e-05,0,0,0,0,0,0,0,0.106389361063894,0,9.99900009999e-05,0,0,0,0,0.0001999800019998,0,9.99900009999e-05,0,0.232476752324768,0,0,0,0.0004999500049995,0,0,0,9.99900009999e-05,0,0,0,0,0,9.99900009999e-05,0,0,0,0.0003999600039996,0,0,0,0,0.0005999400059994,0,0,0,0,0,0,0,0,0,0,9.99900009999e-05,0,0,0.0001999800019998,0,0,0,0,0,0,0.0031996800319968,0,0,0,0,0,0,0,0,0,0.0002999700029997,0,0,0,0,0,9.99900009999e-05,0,0,0,0,0.0501949805019498,0.0041995800419958,0,0,0,0,0,0,0.0004999500049995,0,0,0,0,0,0,0,0,0.0646935306469353,0,0,0,0,0,0,0,0,0,0,0.0011998800119988,0,0,0,0,0.0017998200179982,0,0,0,0,0,0,0,0.0610938906109389,0,0,0,0,0.0042995700429957,0,0,0,0,0,0,0,0,0,0,0,0,0.0012998700129987,0,0,0,0,9.99900009999e-05,0,0,0,0,0,0,0,0,0.0147985201479852,0,0,0,0.0003999600039996,0,0,0,0,0,0,0,0,0,9.99900009999e-05,0.0017998200179982,0,0,0,0,0,9.99900009999e-05,0,9.99900009999e-05,0,0,0,0,0.0082991700829917,0,9.99900009999e-05,0,0,0,0,0,0,0,0,0,0,0,0.0001999800019998,0,0,9.99900009999e-05,0,0,0,0,0,9.99900009999e-05,0,0,0,0,0,0,0,0,0,0,9.99900009999e-05,0,0,0,0,0,0,0,0.0514948505149485,0,0,0,0,0,0.0005999400059994,0,0,0,0,0,0,0,0,0,0,0,0,0,0,0,0,0,0,0,0.0003999600039996,0,0,0,0,0,0,0,0,0,0.154084591540846,0,0,0.0171982801719828,0,0,0,0,0,0,0.214678532146785,0,0,9.99900009999e-05,0,0,0,0,0,0,0,0,0,0,0,0,0,0.0001999800019998,0,0,0.0006999300069993,0
0,0,2e-04,1e-04,0,0,0.0017,0,0,0,0,0,0,0.008,0.0074,0,0,0,0,0,0,0,0,0,0,0.4732,0,0,0.0098,0.0168,0,0,0,0,3e-04,0,3e-04,0,0,0,1e-04,0,0,0,0,0.0122,0,0,0,0,0,0,0,0,4e-04,0,0,2e-04,4e-04,0.0124,0,0.0091,0.0012,0,0,0,0.0138,1e-04,0,0,0,0,0,0.0023,0,0,0,0,0,0.0042,0,0,0,0,0,0,0,0,3e-04,0,0,9e-04,0.0063,0,0,0,0,0,0,0,0,0.0169,0,0,0,0,0,0,0,0,0,0,0,0,0,0,0,0,0.0473,1e-04,0,0,0,0,0.0072,0,0,0,0,0,0,0,0,1e-04,0,0,0.0107,0,0,0,0.1049,0,0,0,0,0,0,0,0,0.0017,0,0,0,0,1e-04,0,0,0,0,0,0,0,0,0,0,0,0,5e-04,0,0,0,0,0,0,0,0,0,1e-04,0.0165,0,0,0,0,0,0,0,0,0,0,0,0,0,3e-04,0,0,0,0,1e-04,0,0,0,0,0,0,0,0.0099,0,0,1e-04,0,0,0,0,0,0,0,0.0091,0,0.0119,0,0.0142,0,0,0,0,0,0,0,0,4e-04,0.0064,0,0,0,0,0,0,0,0,0.0078,0,0,0,0,0,0,0,0,0,0,0.0057,0,0,0,0,0.0035,0.0038,0,0,0,0,0,0,0,0,0,0,0,0,0,0,0,0,0,0,0,1e-04,0.0013,0,0.1213,0,0,0,0,0,0,0,0,0.004,0,0,0,0,0,0,0,0.0021,0,0,0.0102,0
0,0,0,9.99200639488409e-05,0,0,0.00309752198241407,9.99200639488409e-05,0.0174860111910472,0.000599520383693046,0.000499600319744205,9.99200639488409e-05,0,0.00799360511590727,0.00379696243005596,0.000899280575539568,0,0,0,0,0.00669464428457234,9.99200639488409e-05,9.99200639488409e-05,0,0,0.0510591526778577,9.99200639488409e-05,0,0.00429656274980016,0,0,0,0,0.000899280575539568,0.000499600319744205,0,0.00519584332533973,0.00109912070343725,0.000999200639488409,0,0,0.000599520383693046,0,0.00449640287769784,0,9.99200639488409e-05,0,0.000699440447641887,0,0,0,0,0,0,0,0,0.000599520383693046,9.99200639488409e-05,0,0.00299760191846523,0.000399680255795364,0.00429656274980016,0,0,0,0.00549560351718625,0.00209832134292566,0.000899280575539568,0,0,0,0,0,0.00999200639488409,0.0449640287769784,0,0,0,0,9.99200639488409e-05,0.000199840127897682,0,0.00149880095923261,9.99200639488409e-05,0.00199840127897682,9.99200639488409e-05,0,9.99200639488409e-05,0,0.000999200639488409,0,0.130795363709033,0,0,0,0,0,0,0.000599520383693046,0,0,0,0.000199840127897682,0.000299760191846523,0.00159872102318145,0.000199840127897682,0.0252797761790568,0.03017585931255,0,0,0,0,0,0.00129896083133493,0,0,0,0,0.00529576338928857,0,0,0,0,0.000599520383693046,0.0136890487609912,0,0,0,9.99200639488409e-05,0.0129896083133493,0.000699440447641887,0.000799360511590727,9.99200639488409e-05,0.000499600319744205,0,0,0.0498601119104716,0,0,0,0,0,0,0,0,0,0,9.99200639488409e-05,0,0.012589928057554,0.000299760191846523,0.00189848121502798,0,0,0,0,0,0,0.000799360511590727,0.0196842525979217,0,0,0,9.99200639488409e-05,0,0,0.000299760191846523,0.000499600319744205,0,0,0.000199840127897682,0,0.00489608313349321,0,0,0,0,0.0173860911270983,0.00519584332533973,0.000199840127897682,0.00349720223820943,0,0,0,9.99200639488409e-05,0,0,0,0.0060951239008793,0,0,0.00179856115107914,0,0,0.0155875299760192,0.00229816147082334,0,9.99200639488409e-05,0,0,0,0,0,0,0,0.000299760191846523,0,0,0,0.0016986410871303,0,0,0.000399680255795364,0,0.000399680255795364,0,0.00479616306954436,0.00209832134292566,0.0525579536370903,0,0,0.0038968824940048,0.0153876898481215,0,0,0,0,0,0.00349720223820943,0.000399680255795364,0.00369704236610711,9.99200639488409e-05,9.99200639488409e-05,0.00529576338928857,0,9.99200639488409e-05,0,0,9.99200639488409e-05,0,0,0,0.0111910471622702,0,0,0,0,0.00179856115107914,0.000199840127897682,0.00489608313349321,0.0249800159872102,0.000199840127897682,0.00199840127897682,0,0.00159872102318145,9.99200639488409e-05,0,0,0,9.99200639488409e-05,9.99200639488409e-05,0,0,0,0,0,0,0.00299760191846523,0.000599520383693046,0,9.99200639488409e-05,0,0.0302757793764988,0,0.000799360511590727,0,0.139188649080735,0.000599520383693046,0.00139888089528377,0.101818545163869,0,0,0.00989208633093525,0,0,0,0,0,0.00119904076738609,0.000699440447641887,0,0,0,0,0.00579536370903277,0,9.99200639488409e-05,0.00149880095923261,0,0.00379696243005596,0
0,0,0,0,0,0,0,0,0,0,0,0,0,0,0,0,0,9.99700089973008e-05,0.000499850044986504,0,0.000199940017994602,0.000999700089973008,0,0,0,0.103269019294212,9.99700089973008e-05,0.000599820053983805,0.00449865040487854,0,0.0336898930320904,0,0,0.0433869839048285,0,0,0,0,0,0,0,0,0,0.000199940017994602,0,0,0,9.99700089973008e-05,0,0,0.00269919024292712,0,0,0,0,0,0,0,0,9.99700089973008e-05,0,0,0,0,9.99700089973008e-05,0,0.00139958012596221,0,0,0,0.000299910026991902,0,0,0,0,0,0,0,0,9.99700089973008e-05,0,0.000699790062981106,0,0,0,0.0127961611516545,0,0,0,0.00829751074677597,0.0125962211336599,0,0,0,0,0,0,0,0,0,0,0.013296011196641,0,0.00129961011696491,0,0,0,0.0699790062981106,0,0,0,0.00349895031490553,0,0,0,0,0,0,0.00619814055783265,0,0,0,0,0,0.0558832350294912,0,0,0,9.99700089973008e-05,0,0,0.000699790062981106,9.99700089973008e-05,0,0,0,0.00179946016195141,0,0.000199940017994602,0,0,0,0,0,0,0,0.000299910026991902,0,0,9.99700089973008e-05,0.000299910026991902,0.000599820053983805,0,0,9.99700089973008e-05,0,0,0,0.00139958012596221,0,0,0,0,0,0,0,0,0,9.99700089973008e-05,0,0,0,0.00149955013495951,0,0,0,0,0,0.00479856043187044,9.99700089973008e-05,0,0,0,0,0.000299910026991902,0,0,0,0,0,0,0.0321903428971309,0.0228931320603819,0,0,0,0,9.99700089973008e-05,0,0,0,0,9.99700089973008e-05,9.99700089973008e-05,9.99700089973008e-05,0,0.000199940017994602,0,0,0,0,0,0.000399880035989203,0,0.000199940017994602,0,0.00479856043187044,0.000399880035989203,0.0284914525642307,0,0,0,0,0,0,0,0,0,0.000199940017994602,0,0.00109967009897031,0,0,0.0979706088173548,0,0,9.99700089973008e-05,0,0,0.00229931020693792,0,0,0,9.99700089973008e-05,0,0,0,0,0,0,0.000499850044986504,0,0.000999700089973008,0,0.000499850044986504,0,0.0200939718084575,0,0,0,9.99700089973008e-05,0,0.000499850044986504,0,0.000399880035989203,0,0,0.00319904028791363,0,0.0661801459562131,0,0.012296311106668,0,0.00129961011696491,0,0,0.00599820053983805,0,9.99700089973008e-05,0.255023492952114,0,0,0.0246925922223333,0,0,0.00119964010796761,0,0,0.00449865040487854,0.000699790062981106,0.00599820053983805,0,0,0,0,0.000399880035989203,0,0.00149955013495951,0,0.0126961911426572,0
0.000199700449326011,0,0,0,0,0,0,0,0,0.0101847229156266,0.00768846729905142,0,0,0,0.000599101347978033,0.000698951572641038,0,0,0,0,0,0.00698951572641038,0,0,0,0.000499251123315027,0,0,9.98502246630055e-05,0.00229655516724913,0.0054917623564653,0,0.00229655516724913,0.00199700449326011,0,0,0.000798801797304044,0.000599101347978033,0,0,0.00279580629056415,0,0,0.00868696954568148,0.000599101347978033,0,0,0.000499251123315027,0,0,0.00399400898652022,0,0,9.98502246630055e-05,0.000798801797304044,0,0,0.000399400898652022,0,0.0156764852720919,0,0.0209685471792312,0,0,0,0,0.000199700449326011,0.00449326010983525,0,0.00299550673989016,0.00429355966050924,0,0,0.0806789815277084,0,0,0,0,0,0.0201697453819271,0,0.0207688467299051,0,0,0,9.98502246630055e-05,0,0,0.00119820269595607,0,0,9.98502246630055e-05,0,0,0.000698951572641038,0,0,0,0.00139790314528208,0,0,0,0.00119820269595607,0,0.00429355966050924,0,0.0113829256115826,0.000998502246630055,0.0118821767348977,0.00129805292061907,0,0,0,0,0,0,0,0.00169745381927109,0.000798801797304044,0,0,0,0,0,0.000199700449326011,0.091562656015976,9.98502246630055e-05,0,0,0.136595107338992,0,0.00629056415376935,0,0,0.000199700449326011,0,9.98502246630055e-05,0,0,0,9.98502246630055e-05,0,0.00149775336994508,0,0,0,9.98502246630055e-05,0.000499251123315027,0,0,0.000898652021967049,0,0,0,0,0,0,0,0,0.00389415876185721,0,0,0,0,0,0,0,0,0,0,9.98502246630055e-05,0,0,0,0,0,0,0.0121817274088867,0.00529206190713929,0,0,0,0,0,0.00149775336994508,0,0,0,0,0,0.000199700449326011,0.00469296055916126,9.98502246630055e-05,0.000499251123315027,0,0,0,0.000199700449326011,0,0,0,0,0,0.00469296055916126,0.0219670494258612,0.000199700449326011,0,0,0,0,0,0,0,0,0.000199700449326011,0,0.0101847229156266,0.0198701947079381,9.98502246630055e-05,0,0,0,0,0,0,0,0,0,0.0191712431352971,0,0.0515227159261108,0,0,0.0218671992011982,0,0,9.98502246630055e-05,0.000199700449326011,0,9.98502246630055e-05,0,0,0,0,0,0.000299550673989016,0,0,0,0,0,9.98502246630055e-05,0.00209685471792312,0,0.00139790314528208,9.98502246630055e-05,9.98502246630055e-05,0,0.000299550673989016,0,0.000199700449326011,0,0,9.98502246630055e-05,0,0,0,0,0.000898652021967049,9.98502246630055e-05,0,0,0.00239640539191213,0,0,0,0,0,0.000399400898652022,0.274188716924613,0,0,0.00489266100848727,0,0,0,0,0,0.00149775336994508,0.000599101347978033,0,0,0,0,0.0108836744882676,0.00259610584123814,0.000199700449326011,0.0116824762855716,0,0.00239640539191213,0
0,0,0,0,0,0,9.98701687805852e-05,0,0,0.00519324877659043,0.00159792270048936,0,0,0.00788974333366623,0.00739039248976331,0,0,9.98701687805852e-05,0.0087885748526915,0.000399480675122341,0,0,0.000798961350244682,0,0,9.98701687805852e-05,0,0,9.98701687805852e-05,0,0,0,0,0.00159792270048936,0,0,0.00149805253170878,9.98701687805852e-05,0.00838909417756916,0,0,0.00439428742634575,0,0,0.0053929891141516,9.98701687805852e-05,0,0,9.98701687805852e-05,0,0.00559272945171277,0,0,0,0,0,0.00109857185658644,0,0,0,0.00769000299610506,0.00719065215220214,0.000798961350244682,0.00019974033756117,0,0,0.00189753320683112,0,0,0,0,0,0,0,0,0,0,0,0,0.0060920802956157,0,0.00689104164586038,0,0,0,0,9.98701687805852e-05,0,0,0,0,9.98701687805852e-05,0.00279636472585639,0,0.000798961350244682,0,0,0,0,0,0,0.0316588435034455,0,0,0,0,0,0.0354539099171078,0,0,0,0,0,0,0,0,0,0,0.000399480675122341,0,0,0,0.00769000299610506,0,0.000599221012683511,0.0600219714371317,0,0,0,0.0743034055727554,0,0.00209727354439229,0,0,0,0,9.98701687805852e-05,0.00019974033756117,0,0,0.00769000299610506,0,0,0,0,0,0,0,0,0,0.000798961350244682,0,0,0.00249675421951463,0,0,0,0,0,0.00798961350244682,0,0,0,0,0,9.98701687805852e-05,0,0,0,0,0,0,9.98701687805852e-05,0,0,0,0,0,0,9.98701687805852e-05,0,0,0,0,0,0,0,0,0,0,0,0.00239688405073405,0,0,0,0.00119844202536702,0,0,0,0.000798961350244682,0,0,0,0,0,0.00239688405073405,9.98701687805852e-05,0,9.98701687805852e-05,9.98701687805852e-05,0.000499350843902926,0,0,0,9.98701687805852e-05,0,0,0,0.0268650754019774,0,0,0.00988714670927794,0,0,0,0,0,0,0.00519324877659043,0,0.00769000299610506,0,0,0.0234694896634375,0,0,0,0,9.98701687805852e-05,0.00838909417756916,0,0,0,0,0,0,0,0,0,0,0.0171776690302607,9.98701687805852e-05,0,0,0,9.98701687805852e-05,0.00019974033756117,0,0,0.000399480675122341,0,0,0,0,0.000299610506341756,0,0,0,0,0.0103864975531809,0,0,0.27134724857685,0.0408468990312594,0.00019974033756117,0,0,0,0,0.220413462498752,0,0,0.0191750724058724,0,0,0,0,0.000699091181464097,0.000699091181464097,0,0,0,0,0,0,0,0.000399480675122341,0,0,0.00119844202536702,0
0,0,0,0,0,0,0,9.99900009999e-05,0,0,9.99900009999e-05,0,0,0,0.0002999700029997,0,0.0002999700029997,0,0,0,0.0013998600139986,0.0038996100389961,0,0,0.0001999800019998,0.14018598140186,0,0,0.0018998100189981,0.000999900009999,0,0,0,0,0.0010998900109989,0,0.0006999300069993,0,0.0028997100289971,0,0,0,0,0,0,0.0170982901709829,0,0.0003999600039996,0,0.0007999200079992,0,0,0,0,0,0,0,0,0,0.0075992400759924,0,0.0005999400059994,9.99900009999e-05,0,0,0,0.0036996300369963,0,0,0,0.0004999500049995,0,0,9.99900009999e-05,0,0,0,0,0,0.0104989501049895,0,0,0,0,0.0001999800019998,0.0001999800019998,0,0,0,0,0.0034996500349965,0.0003999600039996,0.0004999500049995,0,0.0075992400759924,0,0,0,0,0,0.0004999500049995,0,0.000999900009999,0,0,0,0,0.252374762523748,0,0,0,0,0,0.0022997700229977,0,0.0010998900109989,0,9.99900009999e-05,0.0367963203679632,0,0.0001999800019998,0,0,0,0.0038996100389961,0.0190980901909809,0,0,0.0001999800019998,0,0,0,0,0.0007999200079992,0,0,0.003999600039996,0,0,0,0.0024997500249975,0,0,0,0,0,0.0033996600339966,0,0,0,0.0024997500249975,0,0,0,9.99900009999e-05,0,0,0,0.0002999700029997,0,0,0,0,0,0,0,0,0,0.0001999800019998,0,0.001999800019998,0,9.99900009999e-05,0.0012998700129987,0,0,0,0.0006999300069993,0.0053994600539946,0.0007999200079992,9.99900009999e-05,0,0,0,0.000999900009999,0,0,0,0,0,0,0.0025997400259974,0.0004999500049995,0,0,0,0,0,0,0,0,0,0,0.0365963403659634,0,0.0017998200179982,0,0,0.0002999700029997,0,0,0,0.0024997500249975,0,0.0014998500149985,9.99900009999e-05,0.0283971602839716,0.0023997600239976,0,0,0,0,0,0,0,0,0,0,0.0026997300269973,9.99900009999e-05,0.0061993800619938,0,0,0.015998400159984,0,0,0.0008999100089991,0,0,0.0007999200079992,0,0,0,0,0.0006999300069993,0,0,0,0,0,0,0,0,0,0.0012998700129987,0.0014998500149985,0.0015998400159984,0,0.0007999200079992,0.0001999800019998,0.0032996700329967,0,0,0.0010998900109989,0,0,0,0,0,0.0046995300469953,0,0,0.0090990900909909,0,0,0,0,0,0,0.295570442955704,0,0,0.0236976302369763,0,0,0,0,0,0.0001999800019998,0,0,0,0,0,0,0,0.0021997800219978,0,0,0,0
0,9.97605746209098e-05,0.000299281723862729,0,0.00718276137270551,0.00179569034317638,0,0.00678371907422187,0,0.00349162011173184,0.00389066241021548,0,0.00149640861931365,0,0.00947725458898643,0,0,0,0.00438946528332003,0,9.97605746209098e-05,0.00159616919393456,0.000698324022346369,0,0.000997605746209098,0.117218675179569,0,0,0.00019952114924182,0,0.000299281723862729,0,9.97605746209098e-05,0.000698324022346369,0,0,0,9.97605746209098e-05,0.00169592976855547,0,0.00249401436552275,0,0,9.97605746209098e-05,0.00359138068635275,0.000598563447725459,0,9.97605746209098e-05,0,0,0.00339185953711093,0,0.00019952114924182,0,9.97605746209098e-05,9.97605746209098e-05,0,0,0,0.00019952114924182,0.00259377494014366,0.00109736632083001,0,0,0,0.000299281723862729,0.00568635275339186,0,9.97605746209098e-05,0.0109736632083001,9.97605746209098e-05,0,0,0.000498802873104549,0,0,0,0,0,0.000598563447725459,0,0.00967677573822825,0,0,0,0.000299281723862729,0.000598563447725459,9.97605746209098e-05,0,0.00129688747007183,0,0,9.97605746209098e-05,0,0,0,0,0,9.97605746209098e-05,0,0,0,0.00109736632083001,0.00109736632083001,0.000399042298483639,0,9.97605746209098e-05,0.000399042298483639,0.00907821229050279,0.000897845171588188,0.000598563447725459,0,0,0.000798084596967279,0.000399042298483639,0,0,0.000698324022346369,0,0,0,0,0,0,0.000299281723862729,0.110534716679968,0,0,0.000299281723862729,0.0142657621707901,0.00299281723862729,0.000399042298483639,0,0,0,0,0.000798084596967279,0,0,9.97605746209098e-05,0,0,0,0,0.00179569034317638,0,9.97605746209098e-05,0.000498802873104549,0,0,9.97605746209098e-05,9.97605746209098e-05,0,9.97605746209098e-05,0,0,0,0,0.00598563447725459,9.97605746209098e-05,0,0,0,0,0,0,0,0,0,0,0,0,0,0,0,0,0,9.97605746209098e-05,0.00658419792498005,9.97605746209098e-05,0,0,0,9.97605746209098e-05,0.00019952114924182,0,9.97605746209098e-05,0,0.00259377494014366,0,0,0.00179569034317638,9.97605746209098e-05,0,0.00109736632083001,0,0,9.97605746209098e-05,0,0,0,0,0,0.00019952114924182,0,0.00179569034317638,0,0,0,0.00019952114924182,0,0,0.00019952114924182,0,9.97605746209098e-05,9.97605746209098e-05,0.00179569034317638,0.00019952114924182,9.97605746209098e-05,9.97605746209098e-05,9.97605746209098e-05,0.000598563447725459,0,0,0,9.97605746209098e-05,0.00249401436552275,0,9.97605746209098e-05,0,0.00448922585794094,0,9.97605746209098e-05,0.0140662410215483,0,9.97605746209098e-05,0.00019952114924182,0,0,9.97605746209098e-05,0,0,0,0,0.000299281723862729,0,0,0,0,0,0.00129688747007183,9.97605746209098e-05,9.97605746209098e-05,0,9.97605746209098e-05,0.00109736632083001,0.000299281723862729,0,9.97605746209098e-05,0.000399042298483639,9.97605746209098e-05,0,0,9.97605746209098e-05,9.97605746209098e-05,0.000299281723862729,0,0,0,0.501296887470072,0,9.97605746209098e-05,0.0145650438946528,0,0,0,0,9.97605746209098e-05,9.97605746209098e-05,0.0754189944134078,9.97605746209098e-05,0,9.97605746209098e-05,0,0,0,0,0.000798084596967279,9.97605746209098e-05,0.000399042298483639,0,0,0,0,0.000299281723862729,9.97605746209098e-05,0.000299281723862729,0,0,9.97605746209098e-05,0
0,0,0,0,0.0116859768278066,0,9.98801438274071e-05,0,0,0,0,0,0,0,0.00189772273272074,0,0.00109868158210148,0.000199760287654814,0,0.000898921294446664,0,0,0.000898921294446664,9.98801438274071e-05,0,0.000199760287654814,0,0.00719137035557331,9.98801438274071e-05,0.0221733919296844,0.00379544546544147,0.0143827407111466,0,0.00199760287654814,0,0,0,0,0.00239712345185777,0.000199760287654814,0.00349580503395925,0,0,0,0,0.00069916100679185,0,0,0,9.98801438274071e-05,0,0.00149820215741111,0,0,0,0,0,0,0,0.0238713543747503,0,0,0.000998801438274071,0,0,0.00189772273272074,0.00209748302037555,0.00389532560926888,0,0.00199760287654814,0,0,0,0.0303635637235318,0,0,0,0,0,0.00429484618457851,0,0,0.0142828605673192,0,0,0,0.000399520575309628,0,0.00119856172592889,0,0,9.98801438274071e-05,0.000199760287654814,0,0.00149820215741111,9.98801438274071e-05,0,0.000599280862964443,0,0,0,0,0,0,0,0,0,0.0013983220135837,0.00759089093088294,0.0152816620055933,0,0,0,0,0,0,0,0.000199760287654814,0,9.98801438274071e-05,0,0.00149820215741111,0.00239712345185777,9.98801438274071e-05,0,0.059129045145825,0,0,0,0.137934478625649,0,0.00119856172592889,0,9.98801438274071e-05,0,0,9.98801438274071e-05,9.98801438274071e-05,9.98801438274071e-05,0,9.98801438274071e-05,0,0.000998801438274071,0,0,0.0106871753895326,0,0,0,9.98801438274071e-05,0.000199760287654814,0,0,0,0,9.98801438274071e-05,0,0,0,0,0,0,0,0.0118857371154614,0,0,0,0.00249700359568518,0,0,9.98801438274071e-05,0.000599280862964443,0.0918897323212145,0,0,0,0,0,0.00519376747902517,0,0,0,0,0,0,0,0,0,0,0,0,0.0206751897722733,9.98801438274071e-05,0,0,0,0,0,0,0,0,0,0,0,0.0270675189772273,0.000499400719137036,0,0,9.98801438274071e-05,9.98801438274071e-05,0,0,0,0.000299640431482221,0,0,0.00209748302037555,0,0,0,0,0,0,0,0,0,0,0,0,0,0.0164802237315222,0,0,0.00519376747902517,0,0,0,0,0,0,0,0,0,0,0.000299640431482221,0,0,0,0,0,0,0,0,9.98801438274071e-05,0,0.000199760287654814,0,0,0,0.00589292848581702,0,0,0,0,0,0,0,0,0,0.0330603276068718,0,0.00189772273272074,0.0205753096284459,0.107770675189772,9.98801438274071e-05,0,0,0,0,0.177986416300439,0,0,0,0,0.0642229324810228,0,0,9.98801438274071e-05,0,0,0,0,0,0,0,0,0.00069916100679185,0,0,0,0
0,0.000199780241734093,0.000199780241734093,0,0.0132853860753172,0.00359604435121366,0,0,0,0.00479472580161822,0.00189791229647388,0.00649285785635801,0,0.0109879132953751,0.0195784636899411,0.000399560483468185,0,0,0.0383578064129458,0,0.010788133053641,0.0200779142942763,0,0,0,0.00439516531815004,0.000699230846069324,0,0,0.00179802217560683,9.98901208670463e-05,0,0,0.00199780241734093,0,0,0,9.98901208670463e-05,0.00179802217560683,0,0,0.00159824193387274,0,0.00869044051543302,0,9.98901208670463e-05,0,0.000299670362601139,0,0,0.00309659374687843,0,0.000199780241734093,0,9.98901208670463e-05,9.98901208670463e-05,0,0,0,0.0134851663170512,0.00879033063630007,0.0218759364698831,0,9.98901208670463e-05,0,0.000899011087803416,0.000399560483468185,0,0,0,0.000399560483468185,0.000399560483468185,0.000299670362601139,0.0145839576465888,0,0,0,0,0,0.0268704425132354,0,0.00789131954849665,0.00159824193387274,0,0,9.98901208670463e-05,0.0179802217560683,0,0,0.00689241833982619,0,9.98901208670463e-05,0,0,0,0,0,0,0.00229747277994206,0,0,0,0,0,0,0,0.0118869243831785,0.00459494555988413,0,0.00229747277994206,0,0.00559384676855459,0,0.00759164918589551,0,0,0,0,0.00239736290080911,0,0,0,0,0.000199780241734093,9.98901208670463e-05,0.104684846668664,0,0,9.98901208670463e-05,0.06053341324543,0.0110878034162421,0.0160823094595944,0,0,0.00169813205473979,0,0,0,0,0,0,0,0,0,0,0,0.000599340725202278,0.00189791229647388,9.98901208670463e-05,0,0.000299670362601139,0.00209769253820797,0,0.00369593447208071,0,0,0,0,0,0.00659274797722505,0,0,0.000199780241734093,0.0305663769853162,0,0,9.98901208670463e-05,0,0,9.98901208670463e-05,0.000399560483468185,0,0,0,0,0,0.000599340725202278,0.0123863749875137,0.0246728598541604,0.000199780241734093,0,0,0.000599340725202278,0,9.98901208670463e-05,0,0,0,0,0,0,9.98901208670463e-05,0,0,0,0,0,0,0,0,0,0,0,0.00189791229647388,0,0.000699230846069324,0,0,0,0,9.98901208670463e-05,9.98901208670463e-05,0,0,9.98901208670463e-05,0,0.017181100789132,0.0027969233842773,0,0,0.0127859354709819,0.00229747277994206,0,0,0,0,0.00709219858156028,0,0.0192787933273399,0.000299670362601139,0.0252722005793627,0,0,0.0396563779842174,0,0,9.98901208670463e-05,0,0,0.012985715712716,0.00079912096693637,0,0,0,0,0,9.98901208670463e-05,0,0,0,0,0.000499450604335231,0.000599340725202278,0,9.98901208670463e-05,0,0.00189791229647388,0.000699230846069324,9.98901208670463e-05,0.000699230846069324,0.000899011087803416,0,0,0.000299670362601139,9.98901208670463e-05,0,0.000899011087803416,0,0.000299670362601139,0.00149835181300569,0.000599340725202278,0.000399560483468185,0.00829088003196484,0,0,0,0,0,9.98901208670463e-05,0.236240135850564,9.98901208670463e-05,0,9.98901208670463e-05,0,0,0,9.98901208670463e-05,0,0,0.000998901208670463,0,0,9.98901208670463e-05,0,0,0.00399560483468185,0.00109879132953751,0,0,0.000899011087803416,0
0,0,0,9.99600159936026e-05,0,0,0,0,0,0.00559776089564174,0,0,0,0,0.0257896841263495,0.00899640143942423,0,0,0,0,0,0.0115953618552579,0,0,0.00169932027189124,0.17063174730108,0,0,0,0,9.99600159936026e-05,9.99600159936026e-05,0,0.00149940023990404,0,0,0.000599760095961615,0.00249900039984006,0.00179928028788485,0,0.00519792083166733,0,0,0,0.00519792083166733,0.000499800079968013,0,0,0,0,0,9.99600159936026e-05,9.99600159936026e-05,0,9.99600159936026e-05,0,0,0,0,0.00539784086365454,0.00309876049580168,0.0125949620151939,0,0.00979608156737305,0,0,0.00369852059176329,0.00319872051179528,0,0.000499800079968013,0,0,0.00409836065573771,0.0110955617752899,9.99600159936026e-05,0,0,0,0,0.00339864054378249,0.000899640143942423,0,0.00159936025589764,0,0,0.000199920031987205,9.99600159936026e-05,0,0.00119952019192323,0,0,0.000299880047980808,0,0,0,0,0,0,0.00189924030387845,0,0,0,0,0,0,0.000299880047980808,0,0.0744702119152339,0.015093962415034,0,0,0,0,0,0,0,0,0.000599760095961615,0.0166933226709316,0,0,0,0.00259896041583367,0,0,0.0405837664934026,0,0,0,0.147041183526589,0,0.00629748100759696,0,0,0.00119952019192323,0,0.00129948020791683,0.00039984006397441,0,0,0.0164934026389444,0,0.00209916033586565,9.99600159936026e-05,0,0,0.000199920031987205,0,0,0,0.00179928028788485,0,0,0,0.000499800079968013,0,0,0,0.000699720111955218,0.0039984006397441,0,0,0,9.99600159936026e-05,0,0,9.99600159936026e-05,0,0,0,0,0,0,0,0,0,0,0.000999600159936026,0.00079968012794882,0.000299880047980808,0,0,0,0,0.000899640143942423,0,0,0,0,0,0,0.00279888044782087,0.00039984006397441,0,0,0,0,0,0,0,0,0,0,9.99600159936026e-05,9.99600159936026e-05,0.00989604158336665,0,0,0,0,0,0,0,0,0.000599760095961615,0,0.00699720111955218,0.00039984006397441,0,0,0.00439824070371851,0.00219912035185926,0,0,0,0,0,0,0.00599760095961615,0,0,0,0,0.0247900839664134,0,0,0,0,0,0.00079968012794882,0,0,0,0,0.000199920031987205,0,0,0,0,0,0.0166933226709316,0,0,0,0.00319872051179528,0.0103958416633347,0.00149940023990404,0,0.000999600159936026,0,0.000199920031987205,0,0,0.000299880047980808,0,0,0,0,0,9.99600159936026e-05,0,0,0.0128948420631747,0,9.99600159936026e-05,0,0,0,0.00219912035185926,0.220711715313874,0,0,0.0156937225109956,0,0,0,0,0,0,0,0,0,0,0,0.00159936025589764,0,0.00179928028788485,0,0,0.0108956417433027,0
0,0,0,0,0,0,0.00729854029194161,0,0,0,9.99800039992002e-05,0,0,0,0.0115976804639072,0,0,0,0,0,0,0.0011997600479904,0,0.000999800039992002,0,0,0,0,0.00899820035992801,0,9.99800039992002e-05,0,0,0,0,0,0,0,0,0,0,0,0,0,0,0,0,0.0001999600079984,0,0,0,0,0,0,0,0,0,0,0,0.0001999600079984,0,0,0,0,0,0,0.0011997600479904,0.0016996600679864,9.99800039992002e-05,0.015996800639872,0,0,0,0,0,0,0,0,0,9.99800039992002e-05,0,9.99800039992002e-05,0,9.99800039992002e-05,9.99800039992002e-05,0.023495300939812,0.0344931013797241,0,0,0,9.99800039992002e-05,0.0001999600079984,0,0,0,0,0,0,0,0,0,0,0,0,9.99800039992002e-05,0,9.99800039992002e-05,0.550889822035593,0,0.00589882023595281,0,0,0,0.000799840031993601,0,0.0002999400119976,0,9.99800039992002e-05,0,0,0,0,0,0.0001999600079984,0,0.0013997200559888,0,0,0.0001999600079984,0,0,0.0015996800639872,0.0001999600079984,0,0,0,0.0524895020995801,0,0,0,0,0,0,0,0,0,0.000899820035992801,0.0002999400119976,0,0,0,0,0,0.0011997600479904,0,0,0,0,0,9.99800039992002e-05,0,0,0,9.99800039992002e-05,0,0,0,0,0,0,0,0,0.029494101179764,0,0,0.000399920015996801,0,0,0.00459908018396321,0.000599880023995201,0,9.99800039992002e-05,0,0,0.0026994601079784,0,0,0,0,0,0.0001999600079984,0.0013997200559888,0,0.000399920015996801,0,0,0,0,0.000399920015996801,0,0,0,0,9.99800039992002e-05,0.00589882023595281,0.00759848030393921,0.000699860027994401,0,0.0002999400119976,0,0,0,0,0,0,0,0.0002999400119976,0.0001999600079984,0,0,0,0.0023995200959808,0,0,0,0,0.0013997200559888,0,0,0,0.0021995600879824,0,0,0.00859828034393121,0,0,0,0,0,0,0,0,0.0001999600079984,0,0.000999800039992002,0.001999600079984,0,0.0002999400119976,0,0,0,0,0,0,0.0002999400119976,0.0482903419316137,0,0,0,0,0.0015996800639872,0,0,0,0,0,0,0,0.000499900019996001,0.105578884223155,0.00249950009998,0,0.0373925214957009,0,0.0011997600479904,0,0,0,0,0.000399920015996801,0,0,0.000599880023995201,0,0,0,0,0.000499900019996001,0,0,0,0,0,0,0,0,0,0.000699860027994401,0,0.0016996600679864,0
0,0,9.99700089973008e-05,0,0,0,0,0,0,0,0,9.99700089973008e-05,0,0,0,0,0,0,9.99700089973008e-05,0,0.00909727081875437,0.00139958012596221,0,0.000299910026991902,0,0.0181945416375087,0,0,0,0.00789763071078676,0.00399880035989203,0,0,0.00689793062081376,0,0,0.00119964010796761,0.00389883035089473,0,0,0,0,0,0.00369889033290013,0,0.00169949015295411,0,0.000199940017994602,0,0,0,0,0,9.99700089973008e-05,0,0,0,0,0,0.0106967909627112,0,0,0,0,0,0,0,0,0,0,0.000399880035989203,0,0.00329901029691093,0.00169949015295411,0,0,0,0,0,0.00319904028791363,0,0.000899730080975707,0.00199940017994602,0,0.00459862041387584,0,0,0,0,0.00129961011696491,0,0.000399880035989203,0.0216934919524143,0,0,0,0,0,0.00189943017094872,0,0,0,0,0,0.000199940017994602,9.99700089973008e-05,0.0114965510346896,0.349595121463561,0,0.00119964010796761,0,0,0.000699790062981106,0.00219934019794062,0,9.99700089973008e-05,0,0,0.00939718084574628,9.99700089973008e-05,0,0,0,0,0.00639808057582725,0,0,0,0.000299910026991902,0,0,0.00269919024292712,0,9.99700089973008e-05,0,0,0.000599820053983805,0,0,0,0,0,0,0,0,0,0,0.000599820053983805,0,0,0.00109967009897031,0.00149955013495951,0,0.00209937018894332,9.99700089973008e-05,0,0,0,0,0.00179946016195141,0,0,0,0.0163950814755573,0,0,0,0,0,0,0.000699790062981106,0,0,0,0,0,0,0.00959712086374088,0.00289913026092172,0,0.000299910026991902,0.000299910026991902,0,0,0.00759772068379486,0,0,0,0,0,0.000599820053983805,0.00269919024292712,9.99700089973008e-05,9.99700089973008e-05,0,0,0,0.000199940017994602,0,0,0,0,0,0.0346895931220634,0,0.0150954713585924,0,0,9.99700089973008e-05,0.000499850044986504,0,0,0,0,0.000699790062981106,0,0.00139958012596221,0.00259922023392982,0.0619814055783265,0.000199940017994602,0.00109967009897031,0.00359892032390283,0,0.000299910026991902,0.000299910026991902,0,0,0,0.00299910026991902,0.000199940017994602,0.00989703089073278,0,0,0.00299910026991902,0,0,0.000299910026991902,0,0,0,0,0,9.99700089973008e-05,0,0.000599820053983805,0.000499850044986504,0,9.99700089973008e-05,0,0,9.99700089973008e-05,9.99700089973008e-05,0.00259922023392982,0,0.000699790062981106,0,0,0,0.000499850044986504,0,0.00219934019794062,0,0,0.000999700089973008,0,0,0,0,0,0,0,0,0.0107967609717085,0,0,0.000299910026991902,0,0,0.000999700089973008,0.262121363590923,0,0,0.00929721083674898,0,0,0,0,9.99700089973008e-05,0,0.00389883035089473,0,0,0,0,0.0144956513046086,0.000399880035989203,0.000599820053983805,0,0,0.00469859042287314,0
0,0,0.000399920015996801,0,0.00719856028794241,0.00429914017196561,9.99800039992002e-05,0,0,0.00849830033993201,0.00339932013597281,0,0,9.99800039992002e-05,0.0016996600679864,0,0,0,0,0,0,0.015496900619876,0,0,0,0.0110977804439112,0,0,0.000399920015996801,0.00659868026394721,0.0156968606278744,9.99800039992002e-05,0,0.0017996400719856,0,0,0.000499900019996001,0,0.00379924015196961,0,0,0,0,0.0031993601279744,0.001499700059988,0.0319936012797441,0,0,0,0,0,0,0,0,0,0,0,0.000799840031993601,0,0.0175964807038592,0.0108978204359128,0.000399920015996801,0.000999800039992002,0,0,0,0.0217956408718256,0.00449910017996401,0,0.0111977604479104,0,0,0.000599880023995201,0.00389922015596881,0,0,0,0,0,0.00739852029594081,0,0,0.0477904419116177,0,0,0,0,0,0.00329934013197361,0.00869826034793041,0,0,0.0001999600079984,0,0,0.000599880023995201,0,0,0.00509898020395921,0,0,0.00439912017596481,0,0,0,0,0,0.0173965206958608,0,0,0,0,0,0.0350929814037193,9.99800039992002e-05,0,0,0.0002999400119976,0,0,0,0,0,9.99800039992002e-05,0.00749850029994001,0.0678864227154569,0,0,0,0.0631873625274945,0,9.99800039992002e-05,0,0,0.000399920015996801,0,0.0030993801239752,0,0,0,9.99800039992002e-05,0,0.001999600079984,0,0,0,0,0,9.99800039992002e-05,9.99800039992002e-05,0.0002999400119976,0,0,0,0,0,0,0,0.00339932013597281,0.0128974205158968,0,0,0,0,0,0,0,0,0,0,0,0,0,0,0,0,0,0.0121975604879024,0.115576884623075,0,0,0,0.00249950009998,0,0.0001999600079984,0,0,0,0,0,0,0.0197960407918416,0.0001999600079984,0,0,0,0,0,0,0,0,0,0,0,0.0710857828434313,0.000599880023995201,0,0,0,0.000699860027994401,0,0,0,0,0.000599880023995201,0,0.0177964407118576,0,0,0,0,0.00739852029594081,0,0,0,0.0001999600079984,0,0,0.00359928014397121,0,0.00879824035192961,0,0,0.0479904019196161,0,0,0,0,0,0.000799840031993601,0,0,0,0,0,0,0,0,0,0,0,0.000899820035992801,0,0,0.00759848030393921,0,0,0,9.99800039992002e-05,0.00249950009998,0,0,0,0,0.0001999600079984,0,0,0,0,0,0,0.0027994401119776,0.00699860027994401,0,9.99800039992002e-05,0,0,0,0.000999800039992002,0.120875824835033,0,0,0.02999400119976,0.0001999600079984,0,0,0.0015996800639872,0,0,0.00659868026394721,0,0,0,0,0.00779844031193761,0,0.00989802039592082,0,0,0.00869826034793041,0
0,0,0,0,0.0303635637235318,0.00369556532161406,0.00888933280063923,0,0,0.00659208949260887,0.00389532560926888,0.00599280862964443,0,0,0.00499400719137036,0.000799041150619257,0.0232720735117859,0,0,9.98801438274071e-05,0.000199760287654814,0.00329604474630443,0,0,0,0.00739113064322813,0.000998801438274071,0,0.000299640431482221,0.01078705553336,0.00269676388333999,0.000599280862964443,0.000499400719137036,0,0,0,0,0.000998801438274071,0.00149820215741111,0,0,0,0.000299640431482221,0.000299640431482221,0.00299640431482221,9.98801438274071e-05,0,9.98801438274071e-05,0,0,0.00199760287654814,0,0.000199760287654814,9.98801438274071e-05,9.98801438274071e-05,9.98801438274071e-05,0,0,0,0.00149820215741111,0.00549340791050739,0.00379544546544147,0.00119856172592889,0,0,0,0.000399520575309628,0,0,0,9.98801438274071e-05,0.000199760287654814,0.000199760287654814,0.0102876548142229,0,0,0,0.000299640431482221,0.00069916100679185,0.000299640431482221,0,0.0172792648821414,0,0,0.0104874151018777,0,0,0,0.00629244906112665,0.00908909308829405,0,0.000199760287654814,9.98801438274071e-05,0,9.98801438274071e-05,0,0,0,0.000898921294446664,0,0,0,0,0.000299640431482221,0.00119856172592889,0,0.00129844186975629,0.00579304834198961,0,9.98801438274071e-05,0,9.98801438274071e-05,0,0.00169796244506592,0,0,0,0,0.00319616460247703,0,0,0,0.000898921294446664,9.98801438274071e-05,0.000299640431482221,0.0893927287255294,0,0,0,0.101178585697163,0.00119856172592889,0.00069916100679185,0,9.98801438274071e-05,0.00109868158210148,0,9.98801438274071e-05,0,0,0,9.98801438274071e-05,9.98801438274071e-05,0.000599280862964443,0,0,0,0.000199760287654814,0.000599280862964443,9.98801438274071e-05,0,0.00109868158210148,0.000199760287654814,0.000199760287654814,0.00329604474630443,9.98801438274071e-05,0,9.98801438274071e-05,0,0,0.00149820215741111,0,0.000299640431482221,0,0,0,0,0,0,9.98801438274071e-05,0,0,0,0,0,0,0,0.000199760287654814,0.000499400719137036,0,9.98801438274071e-05,0,0,0.000399520575309628,0,9.98801438274071e-05,0,0,0,0,0.000599280862964443,0,0.00219736316420296,0,0,0,0,0.0013983220135837,9.98801438274071e-05,0,0.0141829804234918,0,0,0,0.00229724330803036,0,0.00619256891729924,0,0,0,0.00129844186975629,9.98801438274071e-05,0,0,0,9.98801438274071e-05,0,0.000998801438274071,0.000199760287654814,0.00549340791050739,0,0.00159808230123851,0.00329604474630443,0,0,0,0,0.000199760287654814,0.0262684778266081,9.98801438274071e-05,0,0.00519376747902517,9.98801438274071e-05,0,0.249800239712345,0,0,0.000499400719137036,0,0,0.00149820215741111,0.000299640431482221,0,0,0,0,0,0,0,0,0,0,0.000499400719137036,0.000199760287654814,0,0.000399520575309628,0.000299640431482221,0.00189772273272074,0,9.98801438274071e-05,0,0,0,0,9.98801438274071e-05,0,0,0,0,0.00639232920495406,0.0180783060327607,0,0.000499400719137036,0.19376747902517,0,0,0,9.98801438274071e-05,0,0,0.0106871753895326,0.000199760287654814,0.00299640431482221,0.000898921294446664,0,0.000299640431482221,0,0,0,0,0.000199760287654814,0,0.0151817818617659,0,0,0.00269676388333999,0,0.000299640431482221,0,0,0.00848981222532961,0
0,0.000399920015996801,9.99800039992002e-05,0,0,0,0,0.0026994601079784,0,0,0,0.000499900019996001,0,0,0,0,0,0,0,0.00609878024395121,0.0105978804239152,0.0018996200759848,0,0,0,0.0012997400519896,0,0,0,0,0.001499700059988,0,0,0.0291941611677664,0,0,0.018996200759848,0.0106978604279144,0,0,0,0,0,0.00729854029194161,0,0.00619876024795041,0,0,0,0,0,0,0,0,0.0020995800839832,0,0,0,0,0.000899820035992801,0,0,0,0,0,0,0.0011997600479904,0,0,0,0,0,0,0.030993801239752,0,0,0,0,0,0.0020995800839832,0,0,0.000399920015996801,0,0,0,0.0001999600079984,0,0,0.028994201159768,0,0,0.002999400119976,0,0.0011997600479904,0.0002999400119976,0,0,0.0106978604279144,0,0,0,0,0,0,9.99800039992002e-05,0,0.00699860027994401,0,0,0,0,0,0,0,0,0,0.0002999400119976,0.014497100579884,0,0,0.000499900019996001,0,0.000399920015996801,0.106878624275145,0.0423915216956609,0,0,0,0,0.00539892021595681,0.0283943211357728,0,0,0,0,0,0,0,0,0.0015996800639872,0,0,0,0,0,0,0,0,0,0.0021995600879824,0.00359928014397121,9.99800039992002e-05,0,0,0,0,0,0,0.0170965806838632,0,0,0,9.99800039992002e-05,0,0,0,0,0,0,0,0,0,0,0,0,0,0.00649870025994801,0,0,0.00669866026794641,0,0,0,0,0,0,0.0010997800439912,0.0132973405318936,0,9.99800039992002e-05,0,0,0,0,0,0,0,0,0,0,0,0,0,0,0.0010997800439912,0,0,0,0,0,0,0,0,0.0022995400919816,0,0,0.00909818036392721,0,0,0,0,0,0,0,0,0.00549890021995601,0,0.0263947210557888,0.0013997200559888,0.0738852229554089,0.000399920015996801,0,0.0774845030993801,0,0,0,0,0,0,0,0,0,0,0,0,0,0,0,0,0,0,0,0,0.002999400119976,0,0,0,0.001499700059988,0.00419916016796641,9.99800039992002e-05,0,0,0.0001999600079984,0,0,0,0,0,0,0,0,0.0803839232153569,0,0,0,0,0,0,0.22875424915017,0,0,0,0,0,0,0,0,0.001999600079984,0.00659868026394721,0,0,9.99800039992002e-05,0,0.0330933813237353,0.00469906018796241,0,0,0,0,0
0,0,0.000899460323805717,0,0.0099940035978413,0.00839496302218669,0.000799520287827304,0,0,0.0123925644613232,0.00259844093543874,0,0,0,0.00609634219468319,0,0,0,0,0,0,0,0,0,0,9.9940035978413e-05,0,0,0.000199880071956826,0,0.00559664201479113,0,0,9.9940035978413e-05,0,0,9.9940035978413e-05,0.000999400359784129,0.00939436338197082,0,0,0,0,0,0.012092744353388,0,0,0,0,0,0.00319808115130921,0,0,0.00139916050369778,0,0,0,0.00149910053967619,0,0.01888866679992,0.0119928043174096,0,0.00329802118728763,0,0,0,0,0.00469718169098541,0,0,0.000699580251848891,0,0.000399760143913652,0.00529682190685589,0,0,0.000199880071956826,0,0,0.0099940035978413,0,0.0282830301818909,0.00119928043174096,0,0.0220867479512293,0,9.9940035978413e-05,0,0,0,0,9.9940035978413e-05,9.9940035978413e-05,0,0,0,0,0,9.9940035978413e-05,0,0,0,0,0,0.00179892064761143,0,0,0.103937637417549,0,0.00109934039576254,0,0,0,0,0,0.000299820107935239,0,0.00329802118728763,0,0,0,0,0.00679592244653208,9.9940035978413e-05,9.9940035978413e-05,0.163002198680792,0,0,0,0.194783130121927,0,0.00109934039576254,0,9.9940035978413e-05,0.00239856086348191,9.9940035978413e-05,9.9940035978413e-05,0,0,0,9.9940035978413e-05,0,0,0,0,0,0,0,0,0,9.9940035978413e-05,0,0,0.00129922046771937,9.9940035978413e-05,0,0,0,0,0.0030981411153308,0,0,0,0,0,0,0,0,0,0,0,0,0,0,0,0,0.000299820107935239,0.0099940035978413,0.00989406356186288,0.000199880071956826,0,0,0,0,0.000199880071956826,0,0,0,0,0,0,0.0030981411153308,9.9940035978413e-05,0,0,0,0,0,0,0,0,0,0,0,0,0.0030981411153308,0.000299820107935239,0,0,0.000499700179892065,0,0,0,0,0.000399760143913652,0.000399760143913652,0,0.00269838097141715,0.0427743353987607,0,0.00659604237457526,0,0,0,0,0,0,0,0.00119928043174096,0,0.00329802118728763,0,0,0.0205876474115531,0,0,0,0,0,0,0,0,0,0,0,0,0,0,0,0,0,0,0,0,0.000199880071956826,9.9940035978413e-05,0,0,0.000899460323805717,0,0,0,0,0.000299820107935239,0,0,0,0,0.000499700179892065,0,0,0,0.00819508295022986,0,0,0,0,0,0,0.204877073755747,9.9940035978413e-05,0,0.000899460323805717,0,0,0,0,0,0,0,0,0,0,0,0,0,0.000799520287827304,0,0,0.0104937037777334,0
0,0,0,0.0002000200020002,0,0,0.0007000700070007,0,0,0,0,0,0,0,0,0,0,0,0,0,0,0,0.0007000700070007,0,0,0.227722772277228,0,0,0.0014001400140014,0,0,0.0409040904090409,0,0.0287028702870287,0,0,0,0.0184018401840184,0,0,0,0,0,0,0,0,0,0,0,0,0,0,0,0,0,0,0,0.0001000100010001,0,0.0056005600560056,0,0.0038003800380038,0,0,0.0102010201020102,0,0.0019001900190019,0,0,0.0047004700470047,0.0061006100610061,0,0,0,0,0,0,0,0,0,0,0,0,0,0,0,0,0,0,0.0057005700570057,0,0.0001000100010001,0,0,0,0,0,0,0,0,0,0,0,0,0,0,0.003000300030003,0.13041304130413,0,0,0,0,0,0,0,0.0009000900090009,0,0,0.0057005700570057,0.0005000500050005,0,0,0,0.0001000100010001,0,0,0,0,0.0001000100010001,0,0,0,0,0,0,0,0.0246024602460246,0,0,0,0.0037003700370037,0,0,0,0,0,0,0,0,0,0.0041004100410041,0,0,0.0013001300130013,0,0,0,0,0,0.0132013201320132,0,0,0,0,0,0,0,0,0,0,0,0,0.002000200020002,0,0,0,0,0,0.006000600060006,0,0,0,0,0,0.0005000500050005,0,0,0,0,0,0,0,0,0,0,0,0,0,0,0,0,0.0058005800580058,0.0531053105310531,0,0.0711071107110711,0.003000300030003,0,0.0013001300130013,0,0,0.0097009700970097,0,0.0003000300030003,0,0.0031003100310031,0,0.0033003300330033,0,0,0,0,0,0,0,0,0.0009000900090009,0,0,0,0,0,0,0,0,0,0,0,0,0,0,0,0,0,0,0,0,0,0,0,0,0,0.0007000700070007,0,0,0,0,0,0,0.0017001700170017,0.0519051905190519,0,0,0,0,0,0,0,0,0,0.0004000400040004,0,0,0,0,0.0001000100010001,0,0,0,0.0051005100510051,0.213121312131213,0,0,0,0,0,0,0,0,0,0,0.0002000200020002,0,0,0,0.011001100110011,0,0,0,0.0001000100010001,0.011001100110011,0
0,0,3e-04,0,0,0,0,0,0,0,0,0,0,0,0,0.0011,0.0162,0,0,0,0,0.004,0,1e-04,0.0026,0.0167,0,0,6e-04,5e-04,0.0731,0,0,0.0326,0,0,0,0.0151,0,1e-04,0,0,0,0,0,8e-04,0,0,0,0,0,0,0,0,0,2e-04,0,0,0.0012,0,1e-04,0,0,1e-04,0,0,0.0125,0,0,0.041,0,0,0,0,0,0,0,0,0,0,0,0,9e-04,0,0,3e-04,0,0,0,0.0259,3e-04,3e-04,0,0,0,0,0,0,0,0,0,0.004,0,0,0,0,0,0.0702,0,0,0,0.0019,1e-04,0.0051,0,0,0,0,0,0.0021,0,0,0,0,0,0,1e-04,0,0,0,0.0016,0.0027,0,0,0,0,0.011,3e-04,0,5e-04,0.021,0,0,0,0,0,0.0091,3e-04,0,0,0.0027,0,0,0,0.0029,0,0.0049,0,0.0381,0,0,0,0,0,0,0,0,0,0,0.0058,0,0,0,0,0,0,0,0,0.0075,5e-04,0,0,0,0,0,0,2e-04,0,0,0,0,0.0035,0,0,0,0,0,1e-04,0,0,0.0531,0,0,0,0,0.0091,0,0,0,0,0,0,0,0,5e-04,0,0.0058,0,2e-04,0,0,0.0015,0,0,0,0,0,0,0,0,0,0,2e-04,0.068,0,0,0,0,0,0.0054,0,0,0,0,0.021,0.0627,0,0,0,0,0,4e-04,0,2e-04,0,1e-04,0.0032,0,0,0,8e-04,0,0,3e-04,0,0,0,0,0,0,0,0.0084,0,0,0,0,0,0,0,0.2424,0,0,0.0325,0,0,0,0,0.0019,0,0.0095,0,8e-04,0,0,0.0093,0,0.0036,0,0,0.0125,0.0038
0,0,0,0,0.00819180819180819,0,0,0,0,0.00889110889110889,0.00959040959040959,0,0,0.0026973026973027,0.0001998001998002,0,0,0,0,0,0,0.0401598401598402,0.000599400599400599,0,0,9.99000999000999e-05,0,0,0,0.000899100899100899,0.0687312687312687,0.00609390609390609,9.99000999000999e-05,0.0050949050949051,0,0,0,0.0190809190809191,0.0048951048951049,0,0,0,0,0.0032967032967033,0.000599400599400599,0.0196803196803197,0,0,0,0,0.0253746253746254,0,0,0.0004995004995005,0.0027972027972028,0,0,0,0,0,0,0.0012987012987013,0,0,9.99000999000999e-05,0,0.0128871128871129,0.0003996003996004,0,0,0.0198801198801199,0,0,0.00569430569430569,0,0,9.99000999000999e-05,0,0,0.0498501498501498,0,0.0156843156843157,0,0,0,0.0001998001998002,9.99000999000999e-05,0,0.000799200799200799,0.0158841158841159,0.000699300699300699,9.99000999000999e-05,9.99000999000999e-05,0,0,0,0,0,0.0023976023976024,0,0,0,0,0.0016983016983017,0.00849150849150849,0,0.0015984015984016,0.0015984015984016,0.0016983016983017,0,0,0.0030969030969031,0,0.0168831168831169,0.0004995004995005,0,0,0.0001998001998002,0.0035964035964036,0.0002997002997003,0,0,0.0014985014985015,0,0.0041958041958042,0.0108891108891109,0,0,0,0.101098901098901,0,9.99000999000999e-05,0,0,0,0,9.99000999000999e-05,0,0,0,9.99000999000999e-05,0,0,0,0,0,0,0,0,0,0.00699300699300699,0,0,0,9.99000999000999e-05,0,0,0,0,0.00719280719280719,0,0,0,0,0,9.99000999000999e-05,0,0,0,0,0,0,0,0,0,0,0,0.0104895104895105,0.0405594405594406,0,0,0,0,0,0,0,0,0,0,0,0,0.0180819180819181,9.99000999000999e-05,0,0,0,0,0,0,0,0,0,0,0,0,0,0,0,0,9.99000999000999e-05,0,0.0020979020979021,0,0,0,0,0.0344655344655345,0.0171828171828172,0.010989010989011,0,0,0,0,0,0,0.0003996003996004,0,0,0.0102897102897103,0,0.003996003996004,0,0,0.0246753246753247,0,0.0001998001998002,0,0,0,0,0,9.99000999000999e-05,0,0,0,0,0,0,0,0,0.000899100899100899,0,0.0023976023976024,0,0.00559440559440559,0.001998001998002,0.0001998001998002,0.000599400599400599,0,0,0,0,0,0,0.0038961038961039,0,0.0001998001998002,0.0016983016983017,0,9.99000999000999e-05,0,0.0010989010989011,0.001998001998002,9.99000999000999e-05,0,0,0,0,0.000599400599400599,0.171828171828172,0,0,0.0529470529470529,0,0,0,0,0,0.0042957042957043,0,0,0,0.000599400599400599,0,0.00659340659340659,0,0.0015984015984016,0,0,0.0412587412587413,0
0,0,0,9.99200639488409e-05,0,0,0,0,0,0,0,0,0,0,0,0,0.0190847322142286,0,0,0,0,0,0,9.99200639488409e-05,0,0.0612509992006395,0,0,0.0123900879296563,0.0082933653077538,9.99200639488409e-05,0.000199840127897682,0,0,0,0,0,0,0.00189848121502798,0,0,0,0,0,0.00129896083133493,0,0,0,0,0,0,0,0,9.99200639488409e-05,0,0,0,0,0,0.000499600319744205,0,0,0,0,0,0,0.000799360511590727,0.00309752198241407,0,0.000499600319744205,0,0,0.000599520383693046,0.00699440447641886,0,0,0,0,0,0,0,0.00529576338928857,0,0,0,0.00259792166266986,0,0,0.00229816147082334,0,9.99200639488409e-05,0.00119904076738609,0.000299760191846523,0,0,0,0,0,0,0,0,0.181754596322942,0.00209832134292566,0,0,0,0,0.00799360511590727,0.0424660271782574,9.99200639488409e-05,0.000599520383693046,0,9.99200639488409e-05,0,0,0,0,0.00199840127897682,0.0101918465227818,9.99200639488409e-05,0,0,0.0235811350919265,0,0.00819344524380496,0.111111111111111,9.99200639488409e-05,0,0,0.0540567545963229,0,0,0,0,0.000199840127897682,0,9.99200639488409e-05,0,0,0,9.99200639488409e-05,0,0.000599520383693046,0,0,0,0,0,0,0,0,0,0.0021982414068745,9.99200639488409e-05,0,0,0,0,0,0,0,0,0,0,0,0,0,0,9.99200639488409e-05,0,9.99200639488409e-05,0,0,0,0,0.000199840127897682,0,0,0.0038968824940048,0.000199840127897682,0,0,0,0,0,0,0,0,0,9.99200639488409e-05,0.000599520383693046,0.000999200639488409,0,0,0,0,0,0,0,0,0.0426658673061551,0,0,0,0,0.00469624300559552,0.00359712230215827,0,0,0.00189848121502798,0,0,0,0,0,9.99200639488409e-05,9.99200639488409e-05,0,0.0127897681854516,0,0.00529576338928857,0,0,0,0,0,0,0.0343725019984013,0,0,0,0,0,0.00679456434852118,0,0,0,0,0,0.0843325339728217,0,0,0,0,9.99200639488409e-05,0,0.0252797761790568,0,0,0,0,0,0,0,0,9.99200639488409e-05,0.00189848121502798,0,0,0,0,0,0,0.000299760191846523,0,0,0.00259792166266986,0,0.00119904076738609,0.0143884892086331,0,0,0.0107913669064748,0.000499600319744205,0.000299760191846523,0,0,0.000799360511590727,0,0.0228816946442846,0,0.015087929656275,0.016986410871303,9.99200639488409e-05,0.0957234212629896,0.000299760191846523,0,0.00179856115107914,0,0,0,0.000299760191846523,0,0,9.99200639488409e-05,0,9.99200639488409e-05,0,0,0.00869304556354916,0
0.000599820053983805,0,0.000499850044986504,0,0,0,0,0,0,0.00559832050384884,0.0145956213136059,0,0.00189943017094872,0,0.0164950514845546,0,0,0,0,0,0,0,0.00129961011696491,0,0,0.000399880035989203,0,0.00719784064780566,0.00269919024292712,0,0,0,0,0.000299910026991902,0,0,0,0,0,0,0.00539838048585424,0,0,0,0.00569829051284615,0,0,0,0,0,0.0170948715385384,0,0,0,0,0,0,0,0,0,0,0.00579826052184345,0.00119964010796761,0,0,0.00309907027891633,0.00249925022493252,0.000299910026991902,0,0,0.000199940017994602,0,0,0,0,0,9.99700089973008e-05,0,0,0,0,0,0.000299910026991902,0,0,0.00339898030590823,9.99700089973008e-05,9.99700089973008e-05,0.00159952014395681,0,0,0.000999700089973008,9.99700089973008e-05,0,0,9.99700089973008e-05,0,0,0,0,0,0.0394881535539338,0,0,0,0,0,0.00659802059382185,0.0353893831850445,0,0,0,0,0,0.00109967009897031,0,0,0,0,0,0,0,0.00259922023392982,0,0,0.192542237328801,0,0,0,0.182345296411077,0,9.99700089973008e-05,0,9.99700089973008e-05,0,0,9.99700089973008e-05,0,0,0,0,0,0,0,0,0,0,0,0,0,0,0,0,0,0.000299910026991902,9.99700089973008e-05,0,9.99700089973008e-05,0,0,0,0,0,0,9.99700089973008e-05,0,0,0,0,0,0,0,0.0413875837248825,0,0,0,0,0,0,0,0,0,0,0,0,0,0,0,0,0,0,0,9.99700089973008e-05,0,0,9.99700089973008e-05,0,0,0,0,0,0,0,0.143257022893132,0,0,0,0,0,0.00379886034189743,0,0,0,0,0,0,0,0.0141957412776167,0,0.000299910026991902,0.00549835049485154,0,0,0,9.99700089973008e-05,0,0,0,0.00159952014395681,0,0,0,0,0.00719784064780566,0,0,0,0,9.99700089973008e-05,0.00479856043187044,0,0,0,0,0,0,0,0,0,0,0,0,0,0,0,0.00619814055783265,0,0,0,0,0,0,0,0,0,0,0,0,0,0.0939718084574628,0,0,0.0374887533739878,9.99700089973008e-05,9.99700089973008e-05,0,0,0,0,0.0452864140757773,0,0,0.00109967009897031,0,0,0.0325902229331201,9.99700089973008e-05,0,0,0,0,0,0,0,0,0,0,0,0,0,0
0,0,0,0,0,0,0,0,0,0,0,0,0,0,0.0011997600479904,0,0,0,0,0,0.00989802039592082,0.002999400119976,0,0,0,0.0030993801239752,0,0,0.00419916016796641,0.0020995800839832,0,0.0020995800839832,0,0.00509898020395921,0,0,0.00549890021995601,0,0,0,0,0,0,0.0018996200759848,0,0.00369926014797041,0,0,0,0,9.99800039992002e-05,0,0,0,0,0,0,0,0,0.00829834033193361,9.99800039992002e-05,0,0,0,0,0,0.00379924015196961,0,0,0,0,0,0,0.0210957808438312,0,0,0,0,0,0.00569886022795441,0,0.000399920015996801,0.00949810037992401,0,0,0.0001999600079984,0.0028994201159768,0,0,0.0012997400519896,0,0,0,0,0,0,0,0,0.000499900019996001,0,0,0,0,0.000399920015996801,0,0,0.0001999600079984,0.0568886222755449,0,0.00609878024395121,0,0,0,0.000899820035992801,0.0010997800439912,0,0,0,0.0218956208758248,0,0,0,0,0.0025994801039792,0.00509898020395921,0.001999600079984,0,0.0016996600679864,0,0,0,0.0366926614677065,0,0,0,0,0.0017996400719856,0,0,0,0.000799840031993601,0,0.0001999600079984,0,0.00359928014397121,0,0.000799840031993601,9.99800039992002e-05,0,0,0.000699860027994401,0.00659868026394721,0,9.99800039992002e-05,0,0,0,0,0.0498900219956009,0,0,0,0,0.265346930613877,0,0,0,0,0,0,0.0002999400119976,0,9.99800039992002e-05,0,0,0,0,0,0.0001999600079984,0,0,0,0,0,0.000999800039992002,0,0,0.000399920015996801,0,0,0.001999600079984,0.00719856028794241,0,0,0,0,0,0,9.99800039992002e-05,0,0,0,0,0,0,0.000999800039992002,0,0,9.99800039992002e-05,0,0,0,0.000699860027994401,0,0.00579884023195361,9.99800039992002e-05,0,0.0333933213357329,0.0374925014997001,0,0,0,0,0,0,0,0,0,0.000999800039992002,9.99800039992002e-05,0.0241951609678064,0,0,0.0031993601279744,0,0,0,0,0,0.000399920015996801,0,0,0,0,0,0.0001999600079984,0,0,0,0,0,0,0.00859828034393121,0,0.00369926014797041,0.000399920015996801,0,0,0,0,9.99800039992002e-05,0,0,0.000699860027994401,0,0,0,0,0,0.0420915816836633,0,0,0.144871025794841,0,0,0,0,0,0,0.0591881623675265,0,0,0.0329934013197361,0,0,0,0,0,0.0143971205758848,0.001999600079984,0,0,0,0,0,0,9.99800039992002e-05,0,0,0.0106978604279144,0
0,0,0,0.0001000100010001,0,0,0,0,0.029002900290029,0,0,0,0,0,0.0252025202520252,0,0.014001400140014,0,0,0,0,0.0015001500150015,0,0,0,0,0,0.0089008900890089,0.0143014301430143,0,0.0009000900090009,0,0,0,0,0,0.011001100110011,0.0003000300030003,0.0002000200020002,0,0,0,0,0,0,0.0001000100010001,0,0,0,0,0,0,0,0,0,0,0,0.0003000300030003,0,0,0,0,0,0,0,0,0.0003000300030003,0,0,0,0,0,0,0.0011001100110011,0,0,0,0,0,0,0,0,0,0,0,0.0009000900090009,0.0005000500050005,0,0,0.0053005300530053,0,0,0.0042004200420042,0,0,0,0,0,0.0006000600060006,0,0,0,0,0,0,0,0,0,0,0,0,0,0,0,0,0,0,0,0.0009000900090009,0.0001000100010001,0,0,0,0.0003000300030003,0.0084008400840084,0,0,0,0,0,0,0.0048004800480048,0,0,0,0,0.0194019401940194,0,0,0,0.0335033503350335,0,0,0,0,0,0.0053005300530053,0.0028002800280028,0,0.0002000200020002,0.0001000100010001,0,0,0,0.0002000200020002,0,0.0076007600760076,0,0,0,0.0001000100010001,0,0,0,0,0,0,0.0003000300030003,0,0.0014001400140014,0.0007000700070007,0,0,0,0,0,0,0,0,0,0,0,0,0,0,0,0,0,0,0,0.0001000100010001,0.004000400040004,0.0048004800480048,0.0106010601060106,0,0,0,0.0013001300130013,0.0001000100010001,0,0,0,0,0,0,0.0208020802080208,0,0,0.0009000900090009,0,0.001000100010001,0,0,0,0.0002000200020002,0,0,0.0084008400840084,0.162716271627163,0,0,0,0,0,0,0,0,0,0,0,0.015001500150015,0,0,0.125312531253125,0,0,0,0,0.0001000100010001,0,0,0,0,0,0.0004000400040004,0.0031003100310031,0,0.0004000400040004,0,0,0.0078007800780078,0,0.0065006500650065,0,0.0155015501550155,0.0012001200120012,0.0005000500050005,0,0,0.0001000100010001,0,0,0,0,0,0,0,0,0,0,0,0,0.0413041304130413,0,0,0,0,0,0,0.341834183418342,0,0,0.0004000400040004,0,0,0,0,0,0.0003000300030003,0.0004000400040004,0,0,0,0,0.0067006700670067,0,0.0056005600560056,0,0,0.0078007800780078,0
0,0,0,0,0.0545345585297643,0.00659208949260887,9.98801438274071e-05,0.00199760287654814,0,0.011785856971634,0.0195765081901718,0,0,9.98801438274071e-05,0.00609268877347183,0,0,9.98801438274071e-05,0,0,9.98801438274071e-05,0.00569316819816221,0,0.0104874151018777,0,9.98801438274071e-05,0.00159808230123851,0,0.000299640431482221,0.0643228126248502,0.0260687175389533,0.000499400719137036,0,0.0013983220135837,0,0,0,0,0.0146823811426288,0,0,0.00359568517778666,0,0,0.00229724330803036,9.98801438274071e-05,0,0,0,0,0.0041949660407511,0,0.000199760287654814,0,0,0,0,0,0,0.00669196963643628,0.00469436675988813,0.000499400719137036,0,0,0.000599280862964443,0.00239712345185777,0.024770275669197,0.00539352776667998,0,0,9.98801438274071e-05,0,0.000998801438274071,0.00359568517778666,0,0,0.000399520575309628,0,0,0.00219736316420296,0,0.0352576907710747,0.0433479824210947,0,0.00259688373951258,0,0,0,0.00928885337594886,0.00529364762285258,9.98801438274071e-05,0,9.98801438274071e-05,0,0,0,0,0,0.000199760287654814,0,0,0,0,0,0.00649220934878146,0,9.98801438274071e-05,0.00399520575309628,0.0748102277267279,0,0.00119856172592889,0,0,0.00249700359568518,0,0,0,0.00069916100679185,0,0,0.0143827407111466,0,0.0404514582500999,0,9.98801438274071e-05,0.0866959648421894,0,0,0,0.110667199360767,0,9.98801438274071e-05,0,0,0,0,9.98801438274071e-05,0,0,0,0,0,0,0,0,0,0,0,0,0,9.98801438274071e-05,0,0,0.00319616460247703,0,0,0,0,9.98801438274071e-05,0,0,0,0.000399520575309628,0.00069916100679185,0,0,0,0,0,0,0.00109868158210148,0,0.000199760287654814,0,0,0,0,0.00119856172592889,0.00289652417099481,0.0013983220135837,0,0,0.00109868158210148,0,0.000599280862964443,0,0,0,0,0.00199760287654814,0,0.0148821414302837,0,0,0,0,0.0013983220135837,0,0,0,0,0,0,0.000998801438274071,0,0,0,0,0.000199760287654814,0,0,0,0,0,0.000199760287654814,0,0,0,0.10707151418298,0.000199760287654814,0,0.00209748302037555,0,0,0,0,0,0,0.000499400719137036,0,9.98801438274071e-05,0,0,0.073611666000799,0,0,0,0,0,0,0,0,0.0115860966839792,0,0,0,0,0.000199760287654814,0.000599280862964443,0,0.000499400719137036,9.98801438274071e-05,0,0,0.00179784258889333,0,0.00319616460247703,0,0,0.000199760287654814,9.98801438274071e-05,0,0,0,0.000299640431482221,0,0,0.000399520575309628,0.00299640431482221,0,0,0,0.00639232920495406,0,0.000199760287654814,0,0,0.000599280862964443,0,0.000898921294446664,0,0,0.00349580503395925,0.000199760287654814,0,0,9.98801438274071e-05,0,0.000199760287654814,0.0013983220135837,0,0,0,0,0.00269676388333999,0,0.00549340791050739,0.00868957251298442,0,0.00409508589692369,0
0,0,9.98601957259836e-05,0,0,0,0,0.00109846215298582,0,0,0,0,9.98601957259836e-05,0,0.000898741761533853,0.000399440782903934,0.000199720391451967,9.98601957259836e-05,0,0.000699021370081885,0.00159776313161574,0.000299580587177951,0,0.000499300978629918,0,0.219592570401438,0,0,0.00109846215298582,9.98601957259836e-05,0.00139804274016377,0,0,0.0042939884162173,0,0,0.00139804274016377,0.0118833632913921,0,9.98601957259836e-05,0,0,0,0,0,0.122628320351508,0,0,0,0,0.000699021370081885,0,9.98601957259836e-05,0,0.000399440782903934,9.98601957259836e-05,0,0,0,0,9.98601957259836e-05,0,0,0.00219692430597164,0,0,9.98601957259836e-05,0,0,0.000299580587177951,0.000399440782903934,0,0,0,0,0,0.000199720391451967,0,0,0.000299580587177951,0,0,0.000299580587177951,0,0,0.0011983223487118,0,0,0,0.0177751148392251,0,0.000299580587177951,0.00379468743758738,0,0,0.000299580587177951,0,0,0.0338526063511084,0.00139804274016377,0,0,0,0,0,0,0,9.98601957259836e-05,0,0.00239664469742361,0,0,0,0.00709007389654484,0,0.000299580587177951,0.00219692430597164,0,0.000399440782903934,0,0,0,0,0,0.0738965448372279,0,0,0,0.000199720391451967,0,0.00349510685040943,0.0100858797683243,0,0.000699021370081885,0,0,0.00199720391451967,9.98601957259836e-05,9.98601957259836e-05,0,0,0,0,0,0,0,9.98601957259836e-05,9.98601957259836e-05,9.98601957259836e-05,0.000599161174355902,0.000898741761533853,0.000199720391451967,9.98601957259836e-05,0,9.98601957259836e-05,0,0,0,0.000499300978629918,0,0,0,0,0,0,0,9.98601957259836e-05,0,0,0,9.98601957259836e-05,0,0,0,0,0,9.98601957259836e-05,0.0153784701418015,0,9.98601957259836e-05,0,0,0,0,9.98601957259836e-05,0,0,0,0,0,9.98601957259836e-05,0.00788895546235271,0.000499300978629918,0,0,0,0,0.000299580587177951,0,0.000199720391451967,0,0,0,9.98601957259836e-05,0,9.98601957259836e-05,9.98601957259836e-05,0,0.000399440782903934,0.000699021370081885,0,0,0,0.000699021370081885,0.000299580587177951,0,0,9.98601957259836e-05,0.00309566606750549,0,9.98601957259836e-05,9.98601957259836e-05,0,0,0,0,0,0,0.00509286998202517,0,0.00709007389654484,0,9.98601957259836e-05,0.0458358298382265,0,0,9.98601957259836e-05,0,0,9.98601957259836e-05,0,0,0,0,9.98601957259836e-05,0,0,0,0,0,0,0.000299580587177951,0,0,0.000499300978629918,0.000499300978629918,9.98601957259836e-05,0,9.98601957259836e-05,0.000199720391451967,9.98601957259836e-05,0,0.00329538645895746,0,9.98601957259836e-05,0,0,0,0,0,0.00319552626323148,0.000499300978629918,0.030557219892151,0,9.98601957259836e-05,0,0,0,0,0.293788695825844,0,0.00219692430597164,0.0042939884162173,0,0,9.98601957259836e-05,0,0,0,0.00179748352306771,0,0,0,0,0.0116836428999401,0,0.000499300978629918,0,0,0.0189734371879369,0
0,0.00129896083133493,0.000699440447641887,0,0.00749400479616307,0.00329736211031175,9.99200639488409e-05,0,0,0.00569544364508393,0.00509592326139089,0,0.00289768185451639,0.0188848920863309,0.00179856115107914,0,0,0,0,0,0.0129896083133493,0.0232813749000799,0,0,0,0.00329736211031175,0.000499600319744205,0.0148880895283773,9.99200639488409e-05,0,0,0,0,0.00649480415667466,9.99200639488409e-05,0,0.000799360511590727,0.00409672262190248,0.00209832134292566,0,0.00279776179056755,0.00109912070343725,0,0.000299760191846523,0.000599520383693046,0.00299760191846523,0.00159872102318145,9.99200639488409e-05,0,0,0.00179856115107914,0.000199840127897682,0.000199840127897682,0,0,0,0,0,0,0.0222821742605915,0.00769384492406075,0.0082933653077538,0.000699440447641887,0,0,0.00119904076738609,0.00619504396482814,0.000199840127897682,0.000599520383693046,0.010691446842526,0.000199840127897682,0,0.000399680255795364,0.00529576338928857,0,0,9.99200639488409e-05,0.000199840127897682,0,0.0124900079936051,0,0.00459632294164668,0.0016986410871303,0.000499600319744205,0.0177857713828937,0.000399680255795364,0.000299760191846523,9.99200639488409e-05,0.000899280575539568,0,0,9.99200639488409e-05,9.99200639488409e-05,0,0.000899280575539568,0,0,0,0,0,9.99200639488409e-05,0.00579536370903277,0.00129896083133493,0,0.000999200639488409,0,0,0.189248601119105,0.0115907274180655,0.000299760191846523,0,0,0,0.0136890487609912,0,0,0.0236810551558753,0.00109912070343725,0.0127897681854516,0,0,0,0.00909272581934452,9.99200639488409e-05,0.000599520383693046,0.108812949640288,0,0,0,0.0567545963229417,0.00649480415667466,0.00339728217426059,0,0,0.0082933653077538,0,9.99200639488409e-05,0,9.99200639488409e-05,0,9.99200639488409e-05,0,0,0,0.00269784172661871,0,0.000299760191846523,0.000599520383693046,0,0,0.00129896083133493,0.00289768185451639,0.00239808153477218,0.000199840127897682,9.99200639488409e-05,0,0,0,0.000899280575539568,0.000499600319744205,0,0,0,0,0,0,0,0,9.99200639488409e-05,0.000699440447641887,0,0,0,0,0,0,0.000299760191846523,0.00489608313349321,0.0165867306155076,0,0,0,0,0,0,0,9.99200639488409e-05,0,0,0,0,0.0101918465227818,0,9.99200639488409e-05,0.0135891286970424,0,0,0.000199840127897682,0,0,0.000699440447641887,0,0,0,0,0.0113908872901679,9.99200639488409e-05,0,0,9.99200639488409e-05,0,0,0,0,0,0,0.00559552358113509,0.0060951239008793,0.0108912869704237,0.000699440447641887,0.00209832134292566,0.00269784172661871,9.99200639488409e-05,0,0,0,0,0,0.00369704236610711,0,0.00589528377298161,0,9.99200639488409e-05,0.00269784172661871,0,9.99200639488409e-05,9.99200639488409e-05,0,0,0.000299760191846523,0,0,0,0,0,0,0,0,0,0,0.000699440447641887,0.000299760191846523,0.00259792166266986,0,0.00269784172661871,0.000299760191846523,0.00399680255795364,0,0.00769384492406075,0,0,0,9.99200639488409e-05,0.000499600319744205,0,9.99200639488409e-05,0,0,0.000899280575539568,0.000299760191846523,0,0.00149880095923261,0.00339728217426059,0,9.99200639488409e-05,0,0.000199840127897682,0.000499600319744205,0,0.133393285371703,9.99200639488409e-05,0,0.023880895283773,0,0,0,0,0,0.00729416466826539,0.000499600319744205,0,0,0,0,0,0.000199840127897682,0.000399680255795364,0,0,0.0103916866506795,0
0,0,0,0,0.0188867792545218,0,0,0,0,0.0126911162186469,0.00979314479864095,0,0,0,0.00189867093034876,0,0,0,0,0,0,0.0110922354351954,0,0.000299790146897172,0,0.130508643949236,0,0,9.9930048965724e-05,0,0.00529629259518337,0,0,0.00149895073448586,0,0,9.9930048965724e-05,0,0.0045967822524233,0,0.00609573298690916,0,0,0,0.00429699210552613,0,0,0.00099930048965724,0,9.9930048965724e-05,0.0095932847007095,0.000199860097931448,0,0.00049965024482862,0,0,0,0,0,0.0548615968821825,0,0.00619566303587489,0.00109923053862296,0,0,0.0159888078345158,0.00579594284001199,0.00119916058758869,0,0.00839412411312082,0.00099930048965724,0,0,0.0188867792545218,0,0,0,0,0,0.0449685220345758,0,0.0244828619966024,0,0,0,0.00179874088138303,0.00949335465174378,0,0.0020985310282802,0,0,0.00129909063655441,0,0,0.00149895073448586,0,0,0,0,0,0,0,0,0,0.00149895073448586,0,0,0.010492655141401,0.00809433396622364,0.00489657239932048,0.00099930048965724,0,0,0,0,0,0,0.000399720195862896,0,0,0,0,0.00389727190966324,0,0,0.140801438992705,0,0,0,0.167382832017588,0,0,0,0.000199860097931448,0,0.00309783151793744,9.9930048965724e-05,0,0,0,9.9930048965724e-05,0,0,0,0,0,0.00139902068552014,0,0,0,0.000599580293794344,0.00579594284001199,9.9930048965724e-05,9.9930048965724e-05,0,0,0,0,0,0.0045967822524233,0,0,0,0,0,0,0,0,0,0,0.000299790146897172,0,9.9930048965724e-05,0,0,0,0,0.0112920955331268,0.0598580993304687,0,0,0.00119916058758869,0,0.000199860097931448,0,0,0,0,0,0,0,0.00549615269311482,9.9930048965724e-05,9.9930048965724e-05,0,0,0,0,9.9930048965724e-05,0,0,0,0,0,0,0.0247826521434996,0.000299790146897172,0,0,9.9930048965724e-05,0,0,0.0020985310282802,0,0,0,0.0139902068552014,0,0,0,0,0.00159888078345158,0,0,0,0.000199860097931448,0,0,0.00569601279104627,0,0.0137903467572699,0,0,0.0045967822524233,0,0,0.000399720195862896,0,0,0,0,0,0,0,0,0.00129909063655441,0,0,0,0,0,0,0,0,0.0070950334765664,0.00119916058758869,0.00279804137104027,0,0,0,0.00049965024482862,0,0,0,0.000199860097931448,0,0,0,0,0.0181872689117618,0,0,9.9930048965724e-05,0,0.00109923053862296,0,0,0,0.00049965024482862,0.00099930048965724,0,0,0.0236834216048766,0,0,0,0,0,0.0160887378834816,0,0,0,0,0,9.9930048965724e-05,0.00409713200759468,0.000399720195862896,0,0,0.00319776156690317,0
0,4e-04,0,0,0,0,0,0.0038,0,0,0,0,0,0,9e-04,0,0,0,0,0,0,0.002,0,0,0,0.1901,0,0,0,3e-04,0.0257,0.0015,1e-04,0.0091,0,0,3e-04,0.0723,0,0,0,0,0.0225,0.0198,0,0.0137,0,0,0,0,0,0,0,0,0,0,0,0,0,0.0478,0,0.0093,0,0,0,0,1e-04,0,0,0,0,0,0,0,0,1e-04,0,0,0,0.0049,0,0,0,0,0.0051,0,1e-04,2e-04,0,0.0329,0,0,0,0,0,0,0,0,0.0068,0,0,0.0032,0,0,0,0,0,0.0012,0,0,0,0,0,0.0043,5e-04,0,0,0,0.0029,0,0,0,0,0,0.0037,0,0,0,0,0,0.002,0.0188,0,0,0,0,0,0,0,3e-04,0.0012,0,0,0,4e-04,0,0,0,0,0,0.0016,0,0,0,0,0,0,0,0.0013,0.0059,0.0018,0,0,0,0,0,0,0,0,0,0,0,0,0,0,0,0,0,0.0693,6e-04,0,0,0,0,0,0,0,2e-04,0,0,0,0.0017,0,0,0,0,0,5e-04,0,0,2e-04,0,0,0,0.2045,0.0011,2e-04,0,0,0,0,0,0,0.0014,0.0013,0,0.0379,0,0.001,0,4e-04,0,0,0,0,1e-04,0,0,0.0044,0,0.019,0,0,0.0194,0,0,0,0,0,0,0,0.0026,0,0,0,0,0,0,0,0,0,0,0.0027,0,2e-04,0,4e-04,0.0015,3e-04,0.0012,0,0,0,0,0,0,0,0,0,0.0058,0,0.0021,0.0484,0,0,0,0,0,0.0012,0,1e-04,0,0.0355,0,0,0,0,0,0.0024,0,0,0,1e-04,0,0.0021,0.0014,0,0,0,0.0099,0
0.000699720111955218,0,0,0,0,0,0,0,0,0.00929628148740504,0.00219912035185926,0,0,0.0153938424630148,0.0167932826869252,0,0,0,0,0,0,0,0,0,0.00239904038384646,0.0708716513394642,0,0,0,0,0.00409836065573771,0,0,0.00079968012794882,0,0,0,0.00139944022391044,0.00299880047980808,0,0.00709716113554578,0,0,0,0.00129948020791683,0,0,0,0,9.99600159936026e-05,0,0,0,0,0,0,0,0,0,0,0,0,0,0,0,0,0.0038984406237505,0.00119952019192323,0,0,0,0,0,0,0,0,0,0,0,0.00509796081567373,0,0,0,0,0,0.00079968012794882,0,0,0,0,0,0,0,0,0,0,0,0,0,0,0,0,0,0,0,0,0,0.00599760095961615,0,0,0,0.00129948020791683,0,0,0,0,0,0.00169932027189124,0,0,0,0,0.0164934026389444,0,0,0.101659336265494,0,0,0,0.299480207916833,0,0.00309876049580168,0,0,0,0,9.99600159936026e-05,0,0,0,9.99600159936026e-05,0,0,0,0,0,0,0,0,0,0,0,0,0,0,0.000499800079968013,0,0,0,0,0,0,0,0,0,0,0.00039984006397441,0,0,0,0,0,0,0,0,0,0,0,0,0,0,0,0,0,0,0,0,0,0,9.99600159936026e-05,0,0,9.99600159936026e-05,0,0,0,0,0,0,0,0,0.00299880047980808,0,0,0.0302878848460616,0,0,0,0,0.00339864054378249,0,0,0,0,0,0,0,0,0,0,0,0,0,0,0,0,0,0,0.0127948820471811,0,0,0,0,0.00079968012794882,0,0,0,0,0,0,0,0,0.00929628148740504,0,0,0,0,0.000199920031987205,0,0,0,0,0,9.99600159936026e-05,0,0,0.00519792083166733,0,0,0,9.99600159936026e-05,0,0,0,0,0,0,0,0.00109956017592963,0.000199920031987205,0.000899640143942423,0,0.0594762095161935,0.07796881247501,0.00169932027189124,0,0,0,0,0.174730107956817,0,0.00319872051179528,0.0279888044782087,0,0,0,0,9.99600159936026e-05,0,0,0,0,0,0.00369852059176329,0.00619752099160336,0,9.99600159936026e-05,0,0,0,0
0,0,0,0,0,0,0.0014001400140014,0,0.0155015501550155,0,0,0,0.0002000200020002,0,0.002000200020002,0,0,0,0,0,0.017001700170017,0.0008000800080008,0,0,0,0.292729272927293,0,0,0.0132013201320132,0.0038003800380038,0,0,0,0,0,0,0,0,0.0001000100010001,0,0,0,0,0.0108010801080108,0,0,0,0,0,0,0.0034003400340034,0,0.0001000100010001,0,0.0135013501350135,0,0,0,0,0,0,0.0144014401440144,0,0,0,0,0.002000200020002,0,0,0,0.0017001700170017,0,0,0,0,0,0,0,0,0.0022002200220022,0,0,0.0001000100010001,0,0,0.0003000300030003,0,0,0,0.0008000800080008,0.352135213521352,0.0106010601060106,0,0,0,0,0,0,0.0002000200020002,0,0,0,0,0,0.0001000100010001,0,0,0,0,0,0,0.0139013901390139,0,0.0048004800480048,0,0,0.0043004300430043,0,0.0104010401040104,0.0001000100010001,0.0002000200020002,0,0,0.0001000100010001,0.0012001200120012,0,0,0,0,0.0017001700170017,0.0037003700370037,0,0,0,0,0,0.0023002300230023,0,0,0,0,0,0,0,0,0,0,0,0,0,0.0006000600060006,0,0,0,0.0001000100010001,0,0,0,0.0052005200520052,0.0024002400240024,0,0,0,0,0,0,0,0,0,0,0.0003000300030003,0,0.0001000100010001,0,0,0,0,0.0122012201220122,0.0243024302430243,0,0.0077007700770077,0,0,0,0,0,0,0,0.0044004400440044,0,0,0,0,0,0,0,0,0,0,0,0,0,0,0.0002000200020002,0.0234023402340234,0.0032003200320032,0.0005000500050005,0,0,0,0,0,0,0,0.0003000300030003,0,0.0091009100910091,0.0029002900290029,0,0,0,0,0,0.0001000100010001,0.0003000300030003,0,0,0,0.0005000500050005,0,0.0041004100410041,0,0,0,0,0,0.0001000100010001,0,0,0,0,0.0002000200020002,0,0,0,0,0,0,0,0,0.0222022202220222,0,0,0,0,0.0206020602060206,0.0003000300030003,0,0,0.0009000900090009,0,0,0,0.0021002100210021,0,0,0.0003000300030003,0,0,0.0409040904090409,0.0041004100410041,0,0.0011001100110011,0.0001000100010001,0.0019001900190019,0,0,0,0,0.0002000200020002,0,0,0,0,0,0,0,0,0,0.0008000800080008,0,0,0,0,0.0005000500050005,0,0,0,0,0,0
0,0,0,0,0.0154845154845155,0,0,0,9.99000999000999e-05,0.00889110889110889,0.0037962037962038,0,0,0,0.0233766233766234,0,0,0,0,0,9.99000999000999e-05,0.0180819180819181,0.0017982017982018,9.99000999000999e-05,0.0201798201798202,0.000799200799200799,0,0,9.99000999000999e-05,0.0406593406593407,0.0011988011988012,0.018981018981019,0,0,0,0,0,0,0,0,0,0,0,9.99000999000999e-05,0.00899100899100899,0.0012987012987013,0,0,0,0,0,0.0001998001998002,0,0.0010989010989011,0,0,0,0,0,0.0423576423576424,0,0.0003996003996004,0,0,0.0001998001998002,0.0002997002997003,0.0044955044955045,0.00649350649350649,0,0,0,0,0,0.002997002997003,0.010989010989011,0,0,0,0,0.0213786213786214,0,0.0228771228771229,0,0,0,0,0,0,0,0,9.99000999000999e-05,0,0,0,0,0.0021978021978022,0,0,0.0011988011988012,0,0,0,0,0.0002997002997003,0.0047952047952048,0,9.99000999000999e-05,0.084015984015984,0,0.000899100899100899,0,0,0.0012987012987013,0,0,0,0.0028971028971029,0.000999000999000999,0.0131868131868132,0,0,0,0,0,0.0002997002997003,0.0863136863136863,0.0041958041958042,0,0,0.0692307692307692,0,9.99000999000999e-05,0,0,0.000599400599400599,0,0,0,0,0,0,0,0.0022977022977023,0,0,0,0,0.000699300699300699,0,9.99000999000999e-05,0.000899100899100899,0,0,0,9.99000999000999e-05,0,0,0,0.0037962037962038,0.0020979020979021,0,0,0,0,0,0,0,0,0,0,0,0,0.020979020979021,0,0,0,0,0.00769230769230769,0.0117882117882118,0,0,0,0,0,0,0,0,0,0.00619380619380619,0,0,0.0044955044955045,0,0,0,0,0,0,0,0,0,0,0,0,0.0003996003996004,0.0644355644355644,0,0,0,0,0,0,0,0,0,0,0,0.0013986013986014,0,0,0,0.0026973026973027,0,0.018981018981019,0,0,0,0,0.0003996003996004,0,9.99000999000999e-05,0,0,9.99000999000999e-05,0,0.0003996003996004,0,0,0,0,0,0,0,0,0,0,0,0,0,0.0026973026973027,0.00689310689310689,0,0.0033966033966034,0,0.0004995004995005,0,0,0,0,9.99000999000999e-05,0,0.000699300699300699,0,0,0,0,0,0.0043956043956044,0.0111888111888112,0.0126873126873127,0,0.0042957042957043,0.0588411588411588,0,0,0,0,0,0,0.166033966033966,0,0,0.0126873126873127,0,0,0,0,0,0.0013986013986014,0.0012987012987013,0,0,0,0,0.00799200799200799,0,0,0.0013986013986014,0,0.0028971028971029,0
0,0,0,0,0.0120963710886734,0,0.000499850044986504,0.0221933419974008,0,0.019594121763471,0.00479856043187044,0,0,0.00529841047685694,0,0,0,0,0,0,0.00379886034189743,0.0221933419974008,0.00139958012596221,0,0,9.99700089973008e-05,0.000399880035989203,0,0.000999700089973008,0,0.000699790062981106,0,9.99700089973008e-05,0.000299910026991902,9.99700089973008e-05,0.000799760071978406,0.000299910026991902,0.00529841047685694,0.00549835049485154,0,0.00519844046785964,0,0,0.000999700089973008,0.00109967009897031,0.00359892032390283,0,0,0,0,0.0130960711786464,0,0,0,0,0.000299910026991902,0,0,0,0.00719784064780566,0,0.0120963710886734,0.00659802059382185,0.000799760071978406,0,0.0179946016195141,0.000199940017994602,0.00279916025192442,9.99700089973008e-05,0.00299910026991902,0.000399880035989203,0,0.000499850044986504,0.0443866839948016,9.99700089973008e-05,0,0,0,0.00839748075577327,0.00709787063880836,0,0.00899730080975707,0.000799760071978406,0,0,0.000499850044986504,0,0,0.00229931020693792,0.0104968509447166,9.99700089973008e-05,9.99700089973008e-05,0,0,0.00159952014395681,0,0,0,0,0,0,0,0.000199940017994602,0.00179946016195141,0,0,0.00249925022493252,0.000699790062981106,0.0308907327801659,0.00199940017994602,0.00569829051284615,0,0,0,0,0,0.00909727081875437,0,0.000399880035989203,0.000599820053983805,0,0,0.00329901029691093,0,0.00189943017094872,0.1518544436669,0.00239928021593522,0,0,0.116565030490853,0,0.00869739078276517,9.99700089973008e-05,0.000599820053983805,0.0137958612416275,0.00119964010796761,9.99700089973008e-05,0,0,9.99700089973008e-05,0,0,0,9.99700089973008e-05,0,0,0.000599820053983805,0.000899730080975707,0,0,0.000799760071978406,0,0,0,0,0,0,0,0.000899730080975707,0.00219934019794062,9.99700089973008e-05,0.000399880035989203,0,0.0507847645706288,0,0,0,0,0,0.000399880035989203,0,0,9.99700089973008e-05,0,0,0,0,0.00839748075577327,0.00269919024292712,0,0,9.99700089973008e-05,0,0.00199940017994602,0,0,9.99700089973008e-05,0,0.000399880035989203,0,0,0.00709787063880836,0,0,0.0154953513945816,9.99700089973008e-05,9.99700089973008e-05,9.99700089973008e-05,9.99700089973008e-05,0,0,0,0,0,0,0,0,0,0,0,0,0,0,0,0.000899730080975707,0,0.00419874037788663,0.00479856043187044,0,0.000999700089973008,0,0,0,0,0,0,0,0,0,0,0.00409877036888933,0.000199940017994602,0,0.0123962811156653,0,0,0,0,0,0.000399880035989203,0,0,0,0,0,0,0.00929721083674898,0,0,0,0.0174947515745276,0,0.000899730080975707,0,0.000999700089973008,0,0,0,0,0,0,0,0,9.99700089973008e-05,0,0,9.99700089973008e-05,0.00299910026991902,0.00369889033290013,9.99700089973008e-05,0,0,0,0,9.99700089973008e-05,0,0,0,0,0.187243826851944,0,0,0.0279916025192442,0,0,0,0,0,0.000399880035989203,0.00269919024292712,0,0,0,0,0,0.000399880035989203,0,0,0,0.00169949015295411,0
0.000199900049975012,0,0,0,0.0182908545727136,0,0,0,0,0.00879560219890055,0.00269865067466267,0.00629685157421289,0,0,0.00899550224887556,0,0,0,0,0,0.00269865067466267,0.015392303848076,0.0015992003998001,0.00169915042478761,0,0.00629685157421289,0.000599700149925037,0,9.99500249875062e-05,0,0.00139930034982509,0,0,0.00249875062468766,0,0,0.000499750124937531,9.99500249875062e-05,0.0142928535732134,0,0.00549725137431284,0,0,0.000399800099950025,0.000999500249875062,0.00329835082458771,0,0,0.000399800099950025,0,0.00869565217391304,0.000399800099950025,0,0,0,0,0,0,0,0.000299850074962519,0.00599700149925037,0.00539730134932534,0,0,0,0,0.0189905047476262,0.00249875062468766,0,0.00739630184907546,0,0,0.000299850074962519,0.00249875062468766,0.000299850074962519,0,0,0,0,0.00579710144927536,0,0.0031984007996002,0.0123938030984508,0,0,0,0,0,0,0,9.99500249875062e-05,0.000699650174912544,9.99500249875062e-05,0,0,0,0,0,0,0,0,0,0,0,0.000599700149925037,0,0,0.00919540229885057,0,0.00249875062468766,0,0,0,0,0,0,0,0.000699650174912544,0,0,0,0,0.0063968015992004,0.00139930034982509,0.0168915542228886,0.0578710644677661,0,0,0,0.0656671664167916,0,0.000599700149925037,0,0,0.0160919540229885,9.99500249875062e-05,0.0308845577211394,0,0,0,0.000899550224887556,0,0,0,0,0,0,0.00119940029985007,0,0,0.000499750124937531,0.00549725137431284,0.000199900049975012,0,0,0,0,0,0,0.00519740129935032,0.0015992003998001,0,0,0.000399800099950025,0,0,0.000199900049975012,0,0,0.000399800099950025,0.00179910044977511,0,9.99500249875062e-05,0,9.99500249875062e-05,0,0,0.00139930034982509,0,0.00149925037481259,0,0,0,0,0,0,0,0,0,0,0,0.00369815092453773,9.99500249875062e-05,0,0.00129935032483758,0.00139930034982509,0.000199900049975012,0.000499750124937531,0,0,0,0,0,0,0,0.00079960019990005,0,0,9.99500249875062e-05,0.00189905047476262,0,0,0,0,9.99500249875062e-05,9.99500249875062e-05,9.99500249875062e-05,0.00189905047476262,0,0,0.00409795102448776,0,0,0,0,0,0,0,0,0,0.0184907546226887,0,0,0.232583708145927,0,0,0,0,0,0,0,0,9.99500249875062e-05,0,0,0.00189905047476262,0,0,0,0,0,9.99500249875062e-05,0.000199900049975012,0,0.00189905047476262,0.0108945527236382,0,0.000399800099950025,0,0,9.99500249875062e-05,0,0,0.00079960019990005,0.00459770114942529,0,0,0,0.000399800099950025,0.00389805097451274,0,0,0.110744627686157,0,0,0,0,0,0.000299850074962519,0.154022988505747,0,0,0.0206896551724138,0,0,0,0,0,0,0,0,0,0,0,0.00369815092453773,0,0.000599700149925037,0,0,0.00929535232383808,0
0.000899370440691516,0,0.00049965024482862,9.9930048965724e-05,0,0,0,0,0,0.00639552313380634,0.00689517337863496,0,0.00259818127310882,0,0.00309783151793744,0,0.00829419406415509,0,0,0,0,0.00309783151793744,0,0,0,0.00119916058758869,0,0,0.000199860097931448,0.00109923053862296,0.00169881083241731,0,0.000199860097931448,0.0143899270510643,0.000199860097931448,0,0.000199860097931448,0.00119916058758869,0.00179874088138303,0,0.00529629259518337,0,0,0,0.00119916058758869,0.000199860097931448,0,0,0,0,0.00169881083241731,0,0,0,0,0,0.00139902068552014,0,0,0,0,0,0.00759468372139502,0,0,0,0.000599580293794344,0.002897971420006,0.00199860097931448,0,9.9930048965724e-05,0,0,0,0,0,0.00049965024482862,0,0,0.000199860097931448,0,0.0189867093034876,9.9930048965724e-05,0,0,9.9930048965724e-05,0.00649545318277206,9.9930048965724e-05,0.00139902068552014,0.0174877585690017,0,9.9930048965724e-05,0.000299790146897172,0,0,0.000199860097931448,0,0,0.000599580293794344,0,0,0.00279804137104027,0,0,0.00099930048965724,0,0,0.00179874088138303,0,0,0,0,0,0.00259818127310882,0,0,0,0.00109923053862296,0,0,0,0,0.00299790146897172,0,9.9930048965724e-05,0.0837413810332767,0,0,0,0.176276606375537,0,0,0,0.00049965024482862,0,9.9930048965724e-05,0.00159888078345158,0.000199860097931448,0,0,0,0,0.00229839112621165,9.9930048965724e-05,0,0,9.9930048965724e-05,0,0,0,9.9930048965724e-05,0,0.0045967822524233,0,9.9930048965724e-05,0.000299790146897172,0,0,0,0.000899370440691516,0,0,0,0,0,0,0,0,0.000399720195862896,0,0,0.0020985310282802,0,9.9930048965724e-05,0,0,0,9.9930048965724e-05,0.00449685220345758,0,0,0,0,0,0,0.00099930048965724,0,0,0,0,0,0.00479664235035475,9.9930048965724e-05,0,0,0,0.000399720195862896,0,0,0,0,0,0,0.00239832117517738,0.160587588687918,0.00119916058758869,0,0.00339762166483462,9.9930048965724e-05,9.9930048965724e-05,0,0,0,0,9.9930048965724e-05,0,0,0,9.9930048965724e-05,0,0.00049965024482862,0,0,0.0136904167083042,0,0,0,0,0.00679524332966923,0,0,0,0,0.00639552313380634,0,0,9.9930048965724e-05,0,0,9.9930048965724e-05,0,0,0.0172878984710703,0,9.9930048965724e-05,0,0,0.00139902068552014,0,0,0.00099930048965724,0,0,0,0.000199860097931448,9.9930048965724e-05,9.9930048965724e-05,0,9.9930048965724e-05,0,0.000199860097931448,0,0,9.9930048965724e-05,9.9930048965724e-05,0,0,0,0.00339762166483462,0.0649545318277206,0,0,0.0111921654841611,0,0,0,0,0.000699510342760068,0,0.266813230738483,0,0,0.00159888078345158,0,0,0,0,0,0.0123913260717498,0,0,0,0,0,0.000699510342760068,0,0.000699510342760068,0,0,0.000899370440691516,0
0,0,0,0,0,0,0.0005000500050005,0,0,0,0,0,0,0.0223022302230223,0,0,0,0,0,0,0,0.0033003300330033,0,0.0001000100010001,0,0.0706070607060706,0,0,0,0,0.0043004300430043,0,0,0.0016001600160016,0,0,0.0107010701070107,0.0041004100410041,0,0,0,0,0,0.0053005300530053,0,0.039003900390039,0,0,0,0,0,0,0,0,0,0,0.0001000100010001,0,0,0.0049004900490049,0,0,0,0,0,0,0.0115011501150115,0,0.0012001200120012,0.0133013301330133,0,0,0,0,0,0,0,0,0,0.0044004400440044,0,0,0.0092009200920092,0,0.0072007200720072,0,0,0,0,0.001000100010001,0,0.0003000300030003,0.02000200020002,0,0,0,0,0,0.0006000600060006,0,0,0,0,0,0,0,0,0.25972597259726,0,0,0,0,0,0.0023002300230023,0,0,0,0,0.0238023802380238,0,0,0,0,0.0001000100010001,0.0203020302030203,0,0,0,0,0,0,0.01000100010001,0,0,0,0,0,0,0,0,0,0,0,0,0,0,0,0,0,0,0.0017001700170017,0.0058005800580058,0,0,0,0,0,0,0,0.0021002100210021,0,0,0,0.0001000100010001,0,0,0,0,0,0,0,0,0.0108010801080108,0,0,0,0,0.0005000500050005,0,0,0,0,0,0,0,0,0,0,0,0,0,0.0046004600460046,0,0,0,0,0,0,0,0,0,0,0,0,0,0,0,0,0.0001000100010001,0,0,0,0,0,0.001000100010001,0,0.0094009400940094,0,0,0,0.0008000800080008,0,0,0,0,0.0003000300030003,0,0,0,0,0,0,0,0,0,0,0,0,0,0,0,0,0,0,0.0002000200020002,0,0,0,0,0,0.0059005900590059,0,0,0,0,0,0,0,0,0,0,0,0,0.0002000200020002,0.0014001400140014,0,0,0,0,0.0017001700170017,0,0,0.122912291229123,0,0,0,0,0,0,0.246624662466247,0,0,0.0206020602060206,0,0,0,0,0,0,0,0,0,0,0,0,0,0.0003000300030003,0,0,0.01000100010001,0.0012001200120012
0,1e-04,0,0,0,2e-04,0.0048,0.0015,0,0,0,0,1e-04,0,0.0074,0,0.0013,0,0,0,0,0,0,4e-04,0,0.3041,0,0,0,0.0011,1e-04,0,0,0.0289,0,0,0,0,0,0,0,0,0,0,0,0,0,0,0,0,0,0,0,0,0,0,0,0,0,0,0,0,0,0,0,0,0.0045,0,0.0032,4e-04,0.0017,0,0,0,0,0,1e-04,3e-04,0,0,0,0,3e-04,0,0,0.0012,0,0,0,0,0,0,0.0104,0,0,0,0,0,0,0,0,0.0033,0,0,0,0,0,0.0345,0,0,0,0,0,0,0,0,0,0,0,0,0,0,0,0,0,0,0,0,0,0,0,0.0039,0,0,0,0,0,0,3e-04,0,0,0,0,0,0,0,0,0,0,0,0,0,0,4e-04,0,0,0,0,0,0,0,0,0,0,0,0,0,0,0,0.0024,3e-04,0,0,0,0,0,0,0.0169,0,0,0,0,0,0,0,0,0,0,0,0,0,0,0,0,0,0,0,0,0,0,0,0,0,0,0,0,0,0,0,0.0013,0,0,0,7e-04,0,0,0,0.0035,0,0,0.013,4e-04,0,0,0,0,0,0,0,0,0,0,0,0.0135,0,0,4e-04,0,0,0,0,0,0.034,0,3e-04,0,0,0,0,0,0,0,0,0,0,6e-04,0,0,0,0,0,0,0,0,7e-04,0,0,0,9e-04,0.0032,0,0,0.0999,0,0,0,0,0,0,0.2839,0,0,0.0193,0,0,0.0445,7e-04,0,0,0,0,0,0,0,0.0069,0,4e-04,0,0,0.0378,0
0,0,0,0,0,0,0,0.00269919024292712,0,0,0,9.99700089973008e-05,9.99700089973008e-05,0.0110966709987004,0.00319904028791363,0,0,9.99700089973008e-05,0,0.000299910026991902,0.000699790062981106,0.00129961011696491,0,0.000499850044986504,0,0.129361191642507,0,0,0.000499850044986504,0.00119964010796761,0.0453863840847746,0.000199940017994602,0,0.0130960711786464,0,0,0.000799760071978406,0.000199940017994602,0.000199940017994602,0.000199940017994602,0,9.99700089973008e-05,0,0.00889733080075977,0,0.000999700089973008,0,9.99700089973008e-05,0,0,9.99700089973008e-05,0,0,0,0.00509847045886234,0,0,9.99700089973008e-05,0,0.000999700089973008,0,0.00369889033290013,0,0,0,0,0.00299910026991902,0,0,0,0.000599820053983805,9.99700089973008e-05,0,0.00159952014395681,0,0,0,0,0,0.000499850044986504,0,0,0.000399880035989203,0,0.000399880035989203,0,0,0.000199940017994602,0,0.00689793062081376,9.99700089973008e-05,0.000499850044986504,0.000199940017994602,0,0,0.000799760071978406,0,0,0.00429871038688393,0,0,0,0,0.00339898030590823,0.000199940017994602,0,0,0.0745776267119864,0.000599820053983805,0,0.00149955013495951,0,0,0.0281915425372388,0,0.000299910026991902,0,0.000199940017994602,0.0239928021593522,0.000699790062981106,0,0,0,9.99700089973008e-05,0.00439868039588124,0,0,0,0.000399880035989203,0,0,0.000499850044986504,0.00339898030590823,0.000299910026991902,0,0,0.0538838348495451,0,0,0,0.00119964010796761,0,0,0,0,0,0.00129961011696491,0,9.99700089973008e-05,0.000799760071978406,0.000799760071978406,9.99700089973008e-05,0,0,0.000299910026991902,0,0,0,0.00129961011696491,0.00129961011696491,0,0,0,0.0327901629511147,0,9.99700089973008e-05,0,0.000599820053983805,0,0,0.000599820053983805,0,9.99700089973008e-05,0,0,0,0,0.00549835049485154,0.0238928321503549,9.99700089973008e-05,0,0,0,0,9.99700089973008e-05,0,0,0.000299910026991902,0,0,0,0.00489853044086774,0.000199940017994602,0,0,0.000199940017994602,0,0.000499850044986504,0,0,0.000199940017994602,0,9.99700089973008e-05,0.000199940017994602,0.00419874037788663,0.000899730080975707,9.99700089973008e-05,0,0.000699790062981106,9.99700089973008e-05,0.000999700089973008,0,0,0.000299910026991902,0.000499850044986504,9.99700089973008e-05,0.00699790062981106,0,0.00589823053084075,0.000399880035989203,0.00549835049485154,0,0,0,0,0,0,0,0.0116964910526842,9.99700089973008e-05,0.0186943916824953,9.99700089973008e-05,0,0.0181945416375087,0,0,0.000399880035989203,0,0.000299910026991902,0.000299910026991902,9.99700089973008e-05,0,0,0,0,0,0,0,0,0,0.00149955013495951,0.000199940017994602,0.000599820053983805,0,0.00379886034189743,0.000199940017994602,0.000299910026991902,0,0.000799760071978406,0.00139958012596221,0.000199940017994602,0,0,0,0,0,0,0.00849745076477057,0,0,0,0.000299910026991902,0.047185844246726,0,9.99700089973008e-05,0,0.00149955013495951,0,0.000199940017994602,0.297910626811956,0.000499850044986504,0,0.0103968809357193,0.000199940017994602,0,0,0,0.000399880035989203,0.000399880035989203,0.00119964010796761,0,0,9.99700089973008e-05,0,0.0104968509447166,0.000199940017994602,0.00209937018894332,0,0,0.00759772068379486,0
0,0,0.00239928021593522,0,0.0622813156053184,0.00629811056682995,0,0,0,0.0168949315205438,0.00359892032390283,0,0.00569829051284615,0,0.0580825752274318,0,0,0,0,0,0,0,0.00439868039588124,0,0,0.195041487553734,0,0,0.00289913026092172,0,0,0,0,0,0,0,0,0,0.00289913026092172,0,0,0,0,0,0.00239928021593522,0,0,0,0,0,0,0,0,0.000199940017994602,0,0,0,0,0,0,0,0,0,0,0,0,0.0140957712686194,0,0,0,0,0,0.000299910026991902,0,0,0,0,0,0.000299910026991902,0,0,0.00469859042287314,0,0,0,0.000499850044986504,0,0,0,0,0,0,9.99700089973008e-05,0,0,0,0.00189943017094872,0,0,0,0,0,0,0,0,0,0,0.0237928621413576,0,0.00319904028791363,0,0,0.00209937018894332,0.0244926522043387,0.000899730080975707,0.00129961011696491,0,0.000399880035989203,0,0,0,0,0.00509847045886234,9.99700089973008e-05,0,0.0934719584124763,0,0,0,0.33150054983505,0,0.00439868039588124,0,0,0,0,9.99700089973008e-05,0,0,0,0.000399880035989203,0,0,0,0,0,0,0,0,0,0.00319904028791363,0,0.000299910026991902,0.000199940017994602,0,0,0,0.000199940017994602,0,0,0,0,0,0,0,0,0,0,0,0,0,0,0,0,0,0,0,0,0,0,0,0,0,0,0,0,0,0,0,0,0,0,0,0,0,0,0,0,0,0,0,0,0,0,0,0.00539838048585424,0,0,0,0,0.00199940017994602,0,0,0,0,9.99700089973008e-05,0,0,9.99700089973008e-05,0,0,0.000399880035989203,0,0,0,0,0,0.00159952014395681,0,0,0,0,0,0.00439868039588124,0,0,0,0,0,0,0,0,0,0,0,0,0,0,0,0,0,0,0,0,0,0,0.00629811056682995,0,0,0,0,0,0,0.000199940017994602,0,0,0,0,0,0.0706787963610917,0,0,0.00279916025192442,0.00259922023392982,0,0,0,0,0,0.0201939418174548,0.000199940017994602,0,0,0,0,0,0.000199940017994602,0,0,0,0,0,0,0,0,0,0.00269919024292712,0,0,0,0
0.00499850044986504,0,0,0,0,0,0.000399880035989203,0.00369889033290013,0,0,0,0,0,0,0.00559832050384884,0,0,0,0,0,0.00689793062081376,0,0.00119964010796761,0.000899730080975707,0,0,0,0,0.00509847045886234,0,0,0,0.00119964010796761,0.00599820053983805,0,0,0.00119964010796761,0.00239928021593522,0,0,0,0,0,0,0,0,0,0,0,0,0,0,0,0,0,0,0,0,0,0.000299910026991902,0,0.00159952014395681,0.000199940017994602,0,0,0,0,0,0,0.0618814355693292,0.00509847045886234,0,9.99700089973008e-05,0,0,0,0,0,0,0.000199940017994602,0,0,0,0,0.00809757072878137,0,0,0,0,0,0,0.00379886034189743,0.00739778066580026,0,0,0,0,0,0,0,0,0.00119964010796761,0,0,0,0,0,0.0184944516645007,0,0,0,0,0,0,0,0,0,0,0.00419874037788663,0,0,0,9.99700089973008e-05,0,0,0,0,0,0,0,0,0.0101969409177247,0,0,0,0.00869739078276517,0.0159952014395681,0,0,0,0.00369889033290013,0,0,0,0,0,0.00369889033290013,0,0,0,0.00109967009897031,0,0,0,0,0.000199940017994602,0.000599820053983805,0,0,0,0,0,0,0,0,0,0,0,0,0,0,0,9.99700089973008e-05,0,0,0,0,0,0,0,0,0,0,0,0,0,0,0,0,0,0,0.0113965810256923,0.000299910026991902,0,0,0,0,0,0,0,0,0,0,0,0.000799760071978406,0.00149955013495951,0,0,0.000199940017994602,0,0,0,0,0,0,0.000699790062981106,0.00439868039588124,0,0,0.000399880035989203,0.000399880035989203,0,0,0,0,0,0,0,0.0208937318804359,0,0,0,0,0.0392882135359392,0,0,0,0,0,0,0,0,0,0,0.0316904928521444,0,0,0,0,0,0.000799760071978406,0,0,0,0.00289913026092172,0,0,0,0,0,9.99700089973008e-05,0,0,0,0,0.000399880035989203,0,0,0,0.0238928321503549,0,0,0.0711786464060782,0,0,0,0,0,0.000899730080975707,0.522643207037889,0,0,0.000899730080975707,0,0,0,0,0,0,0,0,0,0,0,0.0470858742377287,0,0.000599820053983805,0,0,0.0200939718084575,0
0.0003000600120024,0,0,0.00820164032806561,0,0,0.0191038207641528,0,0,0,0,0,0,0,0,0,0,0,0,0,0,0,0,0,0,0,0,0,0,0,0,0,0,0,0,0,0.00640128025605121,0.228945789157832,0,0,0,0,0,0,0,0,0,0,0,0,0,0,0,0,0,0,0,0,0,0,0,0,0,0,0,0,0,0,0.0123024604920984,0,0,0,0,0,0,0,0,0,0,0,0,0,0,0,0,0,0,0,0,0,0,0,0,0,0,0,0,0,0,0,0,0.000400080016003201,0,0,0,0,0,0,0,0,0.00680136027205441,0,0.0003000600120024,0,0,0,0,0,0,0,0,0,0,0,0,0,0.0024004800960192,0,0,0,0,0,0,0,0,0.0112022404480896,0,0,0,0,0,0,0,0,0,0,0,0,0,0,0,0,0.0320064012802561,0,0.001000200040008,0,0.025505101020204,0,0,0,0,0,0,0,0,0,0,0,0,0,0,0,0.0003000600120024,0.0003000600120024,0,0,0,0,0,0,0,0,0,0,0,0.00690138027605521,0,0,0,0,0,0,0.002000400080016,0,0.0983196639327866,0,0,0.00330066013202641,0,0,0,0.0143028605721144,0,0,0,0,0,0.0029005801160232,0.000600120024004801,0,0,0,0,0,0,0,0,0,0,0,0.0629125825165033,0,0,0,0,0,0,0,0,0,0,0,0,0,0,0,0,0,0,0.0113022604520904,0,0,0.0695139027805561,0,0,0,0,0,0,0,0,0,0,0,0,0,0,0,0,0,0,0,0,0,0,0,0,0,0,0.245849169833967,0,0,0.11622324464893,0,0,0,0,0,0,0,0,0.000400080016003201,0,0,0,0.0002000400080016,0,0,0,0,0,0,0,0,0.00980196039207842,0,0,0,0,0,0
0,0,0,0,0,0,9.99100809271655e-05,0,0,0,0.000799280647417324,0,0,0,0.000199820161854331,0,0.00779298631231891,0,0,0,0,0.031971225896693,0.00199820161854331,0.000299730242781497,0,0.207713058247577,0,0,0.00129883105205315,0,0.000799280647417324,0,0,0.00519532420821261,0,0,0.000299730242781497,0.00449595364172245,0.00109901089019882,0,0,0,0,0,0,0.0347687081626536,0,0,0,0,0.0237785992606654,0,0,0.000199820161854331,0,0,0,0,0,0.00399640323708662,0,0.00689379558397442,0.000399640323708662,0,0.00229793186132481,0,0.00659406534119293,0.00159856129483465,0,0.0321710460585473,9.99100809271655e-05,0,9.99100809271655e-05,0.0270756319312619,0,0,9.99100809271655e-05,0,0,0.00279748226596064,0,0.0025976621041063,0,0,0,0,0,0,0.0031971225896693,0,0,9.99100809271655e-05,9.99100809271655e-05,0,0,0,0,0,0,0,0,0,0,0,0,0,0,0.000399640323708662,0.00359676291337796,0,0,0,0,0,0,0,0,0,0.00979118793086222,0,0,0,0.00729343590768308,0,0.0103906484164252,0.0849235687880907,0,0,0,0.0359676291337796,0,0,0,9.99100809271655e-05,0,0,9.99100809271655e-05,0,0,0,9.99100809271655e-05,0,0,0,0,0,0,0,0,0,0.00149865121390748,0,0,0,9.99100809271655e-05,0,0,0,0,0.00209811169947048,0,0,0,0.00799280647417324,0,0,0,0,0,0,0,0,0.000699370566490159,0,0,0,0,0.00249775202317914,0.0306723948446398,0,0,0,0,0,0,0,0,0,0,0,0,0.00729343590768308,0,0.000299730242781497,0,9.99100809271655e-05,0,0,0,0,0,0,0,0,0.00689379558397442,0.000299730242781497,0.00089919072834449,0,9.99100809271655e-05,0.00129883105205315,0,0,0,0.000699370566490159,0.00229793186132481,0,0.00369667299430513,0,0.00409631331801379,0.000199820161854331,0,0.00279748226596064,0,0,9.99100809271655e-05,0,0,0,0.00369667299430513,0,0.010890198821061,0,0,0.0973124188230592,0,0,0,0,0,0,0,0,0,0,0,0.000499550404635828,0,0,0,0,0.000599460485562993,0,0,0,0,0.00399640323708662,0,0,9.99100809271655e-05,0,0,0,0,0,0,0,9.99100809271655e-05,0,0,0.000699370566490159,0,0.00179838145668898,0.0372664601858328,0,0.000399640323708662,0,0,0,0,0.147866919772205,0,0,0.0315715855729843,0,0,0,0,0,0,0,0,0,0,0,0.00109901089019882,0,0.00159856129483465,0,0,0.0182835448096713,0
0,9.99800039992002e-05,0.00369926014797041,0,0.0121975604879024,0.00349930013997201,9.99800039992002e-05,0,0,0.00799840031993601,0.0016996600679864,0,0.0023995200959808,0.00529894021195761,0,0,0,0,0.00899820035992801,0,0,0,0.00249950009998,0,0,0.0102979404119176,0,0,0.000499900019996001,0.0326934613077385,0,0,0,0,0,0,0,0,0.00339932013597281,0,0.00469906018796241,0,0,0,0.0031993601279744,0.0022995400919816,0,0,0,0,0.00749850029994001,0,0.0001999600079984,0,0,0,0,0,0,0,0,0,0,0,0,0.00719856028794241,0.00519896020795841,0,0.0002999400119976,0.00839832033593281,0.0001999600079984,0,0.0001999600079984,0,0,0.00439912017596481,0,0,0,0,0,0.00519896020795841,0.0162967406518696,0,0.0654869026194761,0,0,0,0,0,0,9.99800039992002e-05,0.001499700059988,0,0,0,0,0,0,0,0,0,0,9.99800039992002e-05,0,0,0,0.002999400119976,0.0192961407718456,0,0.000699860027994401,0,0,0.00549890021995601,0.0010997800439912,0,0,0,0.0270945810837832,0,0,0,0,9.99800039992002e-05,0,0.287042591481704,0,0,0,0.0555888822235553,0,0,0,0,0.0001999600079984,0,0,0,0,0,0,0,0,0,0.0150969806038792,0,0,0,0,0,0.0002999400119976,0.00619876024795041,0,0.0026994601079784,0,0.0002999400119976,0,0,0,0.00679864027194561,0,9.99800039992002e-05,0,0,0,0,0,0,0,9.99800039992002e-05,0,0,9.99800039992002e-05,0,0,0,0,0.0103979204159168,0.00499900019996001,0,0,0,0,0.0002999400119976,0.0011997600479904,0,0,0,0,0,0,0.0101979604079184,0,0,0,0,0,9.99800039992002e-05,0,0,0,0,0,9.99800039992002e-05,0,0,0,0.00379924015196961,0,9.99800039992002e-05,0,0,0.000499900019996001,0,0.000799840031993601,9.99800039992002e-05,0.0102979404119176,0.00359928014397121,0,0,0.000999800039992002,0,0,0,0,0,0,0,0,0,0,9.99800039992002e-05,0,0.0231953609278144,0,0,0.0001999600079984,0,0,0.0001999600079984,0,0,0,0,0.000499900019996001,0,0,0,0,0,0,0,0,0,0,0,0.000499900019996001,0,0,0.002999400119976,0,0,0.000999800039992002,0,9.99800039992002e-05,0,0,0,0,0.0013997200559888,0,0,0.0145970805838832,0.0002999400119976,0,0,0,0,0,0.22125574885023,0,0.00399920015996801,0.00609878024395121,0,0,0,0,0,0.00839832033593281,0,0,0.001499700059988,0,0,0,0.000399920015996801,0.0023995200959808,0,0,0.00419916016796641,0
0,0,0,0,0,0,9.98701687805852e-05,0,0,0,0.00389493658244282,0,0,0,0,0,0,0,0,0,0,0,0.00818935384000799,0.000299610506341756,0,0.263856985918306,0,0.0144811744731849,9.98701687805852e-05,0,0.000399480675122341,0.000399480675122341,0,0.00689104164586038,0,0,0.000399480675122341,9.98701687805852e-05,0.0026964945570758,0,0,0,0,0.000798961350244682,0.00509337860780985,0.00119844202536702,0,0,9.98701687805852e-05,0,0.00399480675122341,0,0,0,0,0,0,0,0,0.00379506641366224,0,0.000499350843902926,0,0,0,0.000699091181464097,0.00928792569659443,0.0183761110556277,0,0,9.98701687805852e-05,0,0,0.00289623489463697,0,0,0,0,0.0412463797063817,0.00019974033756117,0,0,0.00019974033756117,0,0,0.0128832517726955,0,9.98701687805852e-05,0.00249675421951463,0,0.00938779586537501,9.98701687805852e-05,0,0,0,0.00179766303805053,0,0,0.00019974033756117,0,0,0,0,0,0,0,0,0.000599221012683511,0.0116848097473285,0,0,0,0,0,0.000399480675122341,0,0,0,0,9.98701687805852e-05,0,0,0.0340557275541796,0.0019974033756117,0.0135823429541596,0,0,0,0,0.0882852292020374,0,9.98701687805852e-05,0,0,0,9.98701687805852e-05,9.98701687805852e-05,0.000998701687805852,0,0,0,0,0,0,0,0,0,0,0,0,0.000798961350244682,0,0,0,0,0,0,0,0,0.00119844202536702,0,0,0,0.040447418356137,9.98701687805852e-05,0,0,0,0,0,0,0,0,0,0,0,0,0,9.98701687805852e-05,0,0,0,0,0,0.000599221012683511,0,0,0,0,0,0,0.00998701687805852,9.98701687805852e-05,0,0,0,0.0250674123639269,0,0,0,0,0,0,0,0,0.0137820832917208,0,0,9.98701687805852e-05,9.98701687805852e-05,0,0,0,0,0,0,0.000399480675122341,0,9.98701687805852e-05,0,0,0,0,0,0,0.00239688405073405,0,0,0.0142814341356237,0.000599221012683511,0.00109857185658644,0,0,0.0197742934185559,0,0,0,0,0,0,0,0.00279636472585639,0,0,0,0,0.00359532607610107,0,0,0,0.000499350843902926,0.000299610506341756,0,0,9.98701687805852e-05,0.0295615699590532,0.0453410566263857,0,0.000299610506341756,0.00798961350244682,0,0,0,0,0,0,0,0.0289623489463697,0,0.0166783181863577,0,0,0.0721062618595825,0,0.00129831219414761,0,0,0,9.98701687805852e-05,0.0554279436732248,0,0,0.00769000299610506,0,0,0,0,0.000499350843902926,0.000599221012683511,0,0.0174772795366024,0,0,0,0.00189753320683112,0,0.00529311894537102,0,0,0.00119844202536702,0
0,0,0.000199920031987205,0,0.0449820071971212,0,9.99600159936026e-05,0,0,0,0.00419832067173131,0.00759696121551379,0,9.99600159936026e-05,0,0.00119952019192323,0.00199920031987205,0,0,0,9.99600159936026e-05,0.00159936025589764,0.00229908036785286,0,0,0.0361855257896841,0.00529788084766094,0,0.000499800079968013,0,0.00589764094362255,0,0,0,0,0,0,0.00469812075169932,0.00849660135945622,0,0.0113954418232707,0,0,0,0.00139944022391044,0.00529788084766094,0,0,0,0,0.0039984006397441,0,0.000199920031987205,0.00039984006397441,9.99600159936026e-05,9.99600159936026e-05,0,0,0,9.99600159936026e-05,0.0138944422231108,0.00659736105557777,0.00119952019192323,0,0.000499800079968013,0,0.00289884046381447,0,0,0.000699720111955218,9.99600159936026e-05,0,0.00179928028788485,0.00319872051179528,0,0,0,0,0.00109956017592963,0.000199920031987205,0,0.00689724110355858,0,0,0.00759696121551379,0,0,0,0,0,9.99600159936026e-05,0.00169932027189124,0,0.00439824070371851,0.00149940023990404,0,0,0,0,0,0,0,0.00279888044782087,0,0,0,0.000199920031987205,0.0111955217912835,0,0.00179928028788485,0,0,0,0.00159936025589764,0,0,0.0544782087165134,0,0,0,0,0,0,0,0,0,0,0,9.99600159936026e-05,0.130947620951619,0.00539784086365454,9.99600159936026e-05,0,0,0.000299880047980808,0,0,0,0.000299880047980808,0,0,0.000199920031987205,0,0,0,0,9.99600159936026e-05,0.00119952019192323,0.00039984006397441,0,0.000199920031987205,0.000299880047980808,0,0.000899640143942423,0.000199920031987205,0,0,0,0,0.00729708116753299,0,0,0,0.0949620151939224,0,0,0,0,0,0,9.99600159936026e-05,0,0,0,0.00209916033586565,0,0,0.00339864054378249,0.0185925629748101,0.00129948020791683,0,0,0.00319872051179528,0.000199920031987205,0,0,9.99600159936026e-05,0,0.000699720111955218,0,0,0.00429828068772491,0,0,0,0,0.021891243502599,9.99600159936026e-05,0,0.00169932027189124,0,0,0,0,9.99600159936026e-05,0.00499800079968013,0,0,0,0.00109956017592963,0,0,0,0,9.99600159936026e-05,0,0.0115953618552579,0.000699720111955218,0,0.000299880047980808,0.0076969212315074,0,0,0,0,0,0,0,0,0,0.00169932027189124,0,0,0.0178928428628549,0,0,0.00079968012794882,0,0,0,0,0,0.0765693722510996,0,0,0,0,0,0,0,0,0.000499800079968013,0.00039984006397441,0,0.000999600159936026,0,0,0,0.000499800079968013,0.00039984006397441,0,0,0.000899640143942423,0,0.000199920031987205,0,0,0,0.0039984006397441,0.0100959616153539,0.00179928028788485,0.00219912035185926,0.0528788484606158,0.000199920031987205,0,0,0,0.000199920031987205,0.000499800079968013,0.186025589764094,0,0.021891243502599,0.00039984006397441,0,0,0,0,0,0,0,0.00079968012794882,0.00239904038384646,0,0,9.99600159936026e-05,0,0,0,0,0.00749700119952019,0.00609756097560976
0.000199780241734093,9.98901208670463e-05,0,0,0,0,0,0,0.0187793427230047,0.00839077015283188,0.00559384676855459,0,0,0,0.00579362701028868,0,0,0,0,9.98901208670463e-05,0,0,0.000699230846069324,0,0.00329637398861253,0.106682649086005,0,0,0,0.00079912096693637,0,0,0,0.000599340725202278,0,0,0,0,0.00149835181300569,0,0.00319648386774548,0,0,0,0,0,0,0,0,0,0.00489461592248527,0,0,0,9.98901208670463e-05,0,0,0,0,0,0.00489461592248527,0,0.000599340725202278,0,0,0,0.0165817600639297,0.000199780241734093,0,0,0,0,0,0,0,0,0,0,0,0.00199780241734093,0,0.0147837378883228,0,0,0,9.98901208670463e-05,0,9.98901208670463e-05,0.00079912096693637,0.00239736290080911,0,0.000998901208670463,9.98901208670463e-05,0,0,0.00499450604335231,0,9.98901208670463e-05,0.000499450604335231,0,0,0.00149835181300569,0,0,0.00189791229647388,0,0.000199780241734093,0.0486464888622515,0,0,0,0.000599340725202278,0,0,0,0,0.000699230846069324,0,0,9.98901208670463e-05,0,0,0.0012985715712716,9.98901208670463e-05,0,0.119168914194386,0,0,0,0.032364399160923,0,0,0,0,0,0,9.98901208670463e-05,0,0,0,0.000199780241734093,0,0,0,0,0,0,0,0,0,0,0,0,0,9.98901208670463e-05,0.000199780241734093,0,0,9.98901208670463e-05,0,0,0,0,0,0,0,9.98901208670463e-05,0,0,0,0,0,9.98901208670463e-05,0,0,0,0,0.00419538507641594,0.019478573569074,0,0,0,0,0,0,0,0,9.98901208670463e-05,0,0,0,0,0.000199780241734093,0,0,0,0,0,0,0,0,0,0,0,0,9.98901208670463e-05,0,0.00189791229647388,0,0,0,0,0,0,0,0,0,0.00119868145040456,0.00519428628508641,0,0,0,0,0.000699230846069324,9.98901208670463e-05,0,0,9.98901208670463e-05,0,0,0,0,0,0.0580361602237539,0,0,0,0,0,0,0,0,0.0154829687343922,0,0,0,0,0,0,9.98901208670463e-05,0,0,0,9.98901208670463e-05,0.000998901208670463,0,0.000199780241734093,0,9.98901208670463e-05,0,0,0,0,9.98901208670463e-05,0,0,0,0,0,0.275596843472181,0,0,0.00379582459294776,9.98901208670463e-05,0,0,0,0,0.000199780241734093,0.137948256917391,0,9.98901208670463e-05,0.0169813205473979,0,0.0314653880731196,0,0,0,0,0.000998901208670463,0,0,0,0,0.00429527519728299,0,0.00079912096693637,0.00199780241734093,0,0,0
0,0,0,0,0,0,0,0,0,0,0,0,0,0.0511897620475905,0,0,0,0,0,0,0,0,0,0,0,0.000399920015996801,0,0,0,0,0,0,0,0,0,0,0,0.00439912017596481,0,0,9.99800039992002e-05,0,0,0,0,0,0,0,0,0,0,0,0,0,0,0,0,0,0,0.00629874025194961,0,9.99800039992002e-05,0.0001999600079984,0,0,0.00439912017596481,0,0,0,0,0.0021995600879824,0,9.99800039992002e-05,0,0,0,0,0,0.0001999600079984,0.00979804039192162,0,0,0,0,0.0015996800639872,0,0,0,0,0,0,0.0022995400919816,0,0,0,0,0.000999800039992002,0,0.0023995200959808,0,0.000799840031993601,0,0,0,0.000799840031993601,0,0,0.231553689262148,0.00519896020795841,0,0,0,0,0.00589882023595281,0,0,0,0.00549890021995601,0.00559888022395521,0,0,0,0,0.00469906018796241,0,0,0,0,0,0,0,0.0022995400919816,0,0,0.000399920015996801,0,0,0,0,0,0.0011997600479904,0,0,0,0,0,0,0,0,0,0,0,0,0,0.0001999600079984,0,0,0,0,0,0,0,0.000599880023995201,0.0374925014997001,0,0,0,0,0,0,0,0,0.000799840031993601,0,0,0,0,0,0,0,0.000399920015996801,0,0,0,0,0,0,0,0,0,0,0.00449910017996401,0,0,0,0,0,0,0,0,0,0,0,0,0,0.00709858028394321,0,0,0,0,0,0,0.000999800039992002,0,0,0,0.013497300539892,0,0,0.0027994401119776,0,0.00399920015996801,0,0,0,0,0,0,0.00979804039192162,0,0.0141971605678864,0,0,0.211157768446311,0,0,0,0,0,0.001999600079984,0,0,0,0,0,0.0492901419716057,0,0,0,0,0.0300939812037592,0,0,0,0.0021995600879824,0,0.000799840031993601,0,0,0,0,0,0,0.000499900019996001,0,0,0,0,0,0.0027994401119776,0,0,0.0240951809638072,0,0.000399920015996801,0,9.99800039992002e-05,0,0.000699860027994401,0.222055588882224,0,0,0,0,0,0,0.000899820035992801,0,0.0001999600079984,0,0,0,0,0,0.00479904019196161,0,0,0,0.000899820035992801,0,0
0,0,0.000499900019996001,0,0,0.0001999600079984,0,0,0,0,0,0,0,0.00809838032393521,0.00489902019596081,0,0,0,0,0,0,0.0030993801239752,0,0,0,0.0385922815436913,0,0,0.0025994801039792,0,0,0,0,0.00519896020795841,0,0,0.013497300539892,0,0,0,0,0,0,0,0,0.0028994201159768,0,0.000899820035992801,0,0,0,0,0,0,0,0,0,0,0,0.0186962607478504,0,0,0,0.0016996600679864,0,0,0.00609878024395121,0,0,0,0,0,0,0.0012997400519896,0,0,0,0,0,0.00999800039992002,0,0,0,0,0,0.000599880023995201,9.99800039992002e-05,0,0,0,0,0,0.0026994601079784,0,0,0.001999600079984,0,0,0,0,0,0.00349930013997201,0,0,0,0,0,0.303439312137572,0,0,0,0,0,0,0,0,0,0,0.00869826034793041,0,0,0,0,0.0001999600079984,0.0699860027994401,0,0,0,0,0,0,0,0,0.0001999600079984,0,0,0.000899820035992801,0,0,0,0.0002999400119976,0,0,0,0,0,0,0,0,0,0.0013997200559888,0,0,0.00399920015996801,0,0,0,0,0,0,0,0,0,0,0,0,0,0,0,0,0,0,0,0,0,0,0,0,0.0218956208758248,0,0,0,0,0,0.00609878024395121,0,0,0,0,0,0,0.00899820035992801,9.99800039992002e-05,0.000799840031993601,0,0,0,0,9.99800039992002e-05,0,0,0,0,0,0,0.00799840031993601,0.000899820035992801,0.0001999600079984,0,0.0107978404319136,0,0,0,0,0.0023995200959808,0,0.00699860027994401,0,0.0200959808038392,0,0,0,0,0,0,0,0,0,0,0,0.0167966406718656,0,0,0.0649870025994801,0,0,0,0,0,0.0115976804639072,0,0,0,0,0,0,0,0,0,0,0.00569886022795441,0,0,0,0,0.0020995800839832,0,0,0.000599880023995201,0.000499900019996001,0.000799840031993601,0,0,0.0001999600079984,0,0,0,0,0,0.0862827434513097,0,0.00709858028394321,0.0510897820435913,0,0,0,0,0,0,0.107078584283143,0,0,0.0200959808038392,0,0,0.000799840031993601,0,0,0.001999600079984,0,0,0,0,0,0,0,0.000399920015996801,0,0,0.0181963607278544,0
0,0,0,0,0,0,0,0.0174017401740174,0,0,0,0,0,0,0,0,0,0.0001000100010001,0,0,0,0,0,0.0032003200320032,0,0,0,0,0,0,0.025002500250025,0,0,0.0018001800180018,0,0,0.0001000100010001,0.0249024902490249,0,0.0009000900090009,0,0,0,0,0,0,0,0,0,0,0,0,0,0,0,0,0,0,0,0.0521052105210521,0,0,0,0,0,0,0.0394039403940394,0,0,0.0148014801480148,0,0,0,0,0,0,0,0,0,0,0,0,0.0465046504650465,0,0,0,0.0163016301630163,0,0,0.002000200020002,0,0.0001000100010001,0.0001000100010001,0,0,0.0001000100010001,0,0,0,0,0,0,0,0,0,0,0,0.0549054905490549,0,0.0062006200620062,0,0,0,0.226222622262226,0,0,0,0.0001000100010001,0,0.0001000100010001,0,0.0019001900190019,0,0.0001000100010001,0.0012001200120012,0,0,0.003000300030003,0,0,0,0,0,0.0002000200020002,0,0,0.0001000100010001,0,0,0,0,0,0,0,0.0513051305130513,0.105010501050105,0.0086008600860086,0,0,0,0,0,0,0.0323032303230323,0,0,0,0,0,0,0,0,0,0.0492049204920492,0,0,0,0,0,0,0,0.0001000100010001,0,0,0,0,0,0,0.025002500250025,0,0,0,0,0,0,0,0,0,0,0,0,0,0.0002000200020002,0,0,0,0,0,0,0,0,0,0.0285028502850285,0.0002000200020002,0,0.0351035103510351,0.0015001500150015,0,0,0.0001000100010001,0,0,0,0,0.0007000700070007,0,0,0,0,0,0.001000100010001,0.0077007700770077,0,0,0,0,0,0,0,0.0023002300230023,0.0069006900690069,0,0,0.0014001400140014,0,0,0,0.0031003100310031,0,0,0,0,0,0,0,0.0054005400540054,0,0,0,0,0,0,0,0.0007000700070007,0,0,0,0,0,0,0,0,0,0,0,0,0.0001000100010001,0,0,0.0015001500150015,0,0,0.0046004600460046,0,0.0001000100010001,0,0,0,0,0.0412041204120412,0,0,0.0076007600760076,0,0,0,0,0,0.0312031203120312,0,0,0,0,0.0001000100010001,0.0001000100010001,0,0.0013001300130013,0,0,0.007000700070007,0
0,0,0,0,0,0,0.000199920031987205,0.00749700119952019,0,0,0,0,9.99600159936026e-05,0.0396841263494602,0.00349860055977609,0,0,0.000599760095961615,0,0,0,0,0,0.000499800079968013,0,0,0,0,0.00819672131147541,0.00969612155137945,0.0564774090363854,0,0,0.015093962415034,0,0.00199920031987205,0.00129948020791683,0,9.99600159936026e-05,9.99600159936026e-05,0,0,0,0,0,0.0305877648940424,0,0,0,0.000999600159936026,0,0,0,0,0.0166933226709316,0,0,0,0,0.0239904038384646,0,0,0.000199920031987205,0,0,0,0.0037984806077569,0,0,0.0298880447820872,0.00139944022391044,0,0,0.000899640143942423,0,0.0245901639344262,0,0,0,0.00619752099160336,0,0.00139944022391044,0,0,0,0.000199920031987205,0,0,0,0.00459816073570572,0,0,0.00229908036785286,0,0.00169932027189124,0.000199920031987205,0,9.99600159936026e-05,0.00479808076769292,0,0,0.000899640143942423,0,0,0,0,0.00259896041583367,0.0323870451819272,0.00039984006397441,0,0,0,0,0.00999600159936026,0,0.000899640143942423,0,0.000199920031987205,0.00499800079968013,0,0,0.000699720111955218,0.00249900039984006,9.99600159936026e-05,0.00759696121551379,0,0,9.99600159936026e-05,0,0,0.00429828068772491,0.00169932027189124,0.00939624150339864,0,0,0,0.014094362255098,0,0,0,0.000899640143942423,0,0,0,0,0,0,0,0,0,9.99600159936026e-05,0,0,0,0.000199920031987205,0,0,0,0.0219912035185926,0.00169932027189124,0,0,0,0.0466813274690124,0,0,0,0.00449820071971212,0,0,0,0.00249900039984006,9.99600159936026e-05,0.00229908036785286,0,0,0,0,0,0,0,0,0,0,0,0,0,0.000199920031987205,0,0,0,0.00619752099160336,0,0,0,0,0,0,0,0,0.0227908836465414,0,0,9.99600159936026e-05,0.0501799280287885,0.00129948020791683,0,0.000699720111955218,0,0.00169932027189124,0,0,0,0,0,9.99600159936026e-05,0.0522790883646541,0.00219912035185926,0.000199920031987205,0,0,0.00259896041583367,0,0,0,0.000199920031987205,0,0.00079968012794882,0.0158936425429828,0.000199920031987205,0,9.99600159936026e-05,0,0.062375049980008,0,0,0,0,0,0.000699720111955218,0,0,0,0.00299880047980808,0.000299880047980808,0.00269892043182727,0,0,0,0,0,0,0,0,0,0,0,0,0,0,0,0,0,0.00039984006397441,0,0,0,0,0,0,0,0,0.0184926029588165,0,0.00139944022391044,0,0,0,0,0.25389844062375,0,0.000899640143942423,0.00469812075169932,0,9.99600159936026e-05,9.99600159936026e-05,9.99600159936026e-05,0.000199920031987205,0,0,0.00739704118352659,0,0,0,0.00679728108756497,0,0,0,0,0.00529788084766094,0
0,0,0,0,0,0,0.0008999100089991,0,0,0,0,0,0,0.033996600339966,0,0,0.0003999600039996,0,0,0,0.0002999700029997,0.001999800019998,0.0001999800019998,0,0,0,0,0,0.0084991500849915,0.0085991400859914,0.0482951704829517,0,0,0.0050994900509949,0,0,0,0.0205979402059794,0,0,0,0,0,0,0,0,0,0,0,0,0,9.99900009999e-05,0,0,0,0,0,0.0007999200079992,0,0.0706929307069293,0,0,0,0,0,0.0002999700029997,0.1000899910009,9.99900009999e-05,0,0.0062993700629937,0,0,0,0,0,0,0,0,0.0014998500149985,0,0,0,0,0.0003999600039996,0.0037996200379962,0,0,0,9.99900009999e-05,0.0012998700129987,0,0,0.0081991800819918,0,0,0,0,0,0,0,0,0,0,0,9.99900009999e-05,0,0,0,0,0.0946905309469053,0,0,0,0,0,0.0012998700129987,0,0,0.0034996500349965,0,0,0,0.0033996600339966,9.99900009999e-05,0,0.0044995500449955,0,0,0,0,0,0.0003999600039996,0,0,0,0,0,0,0,0,0.0071992800719928,0,0,0,0,0,0.0091990800919908,0,0,0.0021997800219978,0,0,0,0,0,0,0,0,0,0,0,0,0,0.0404959504049595,0,0,0,0,0,0,0.0002999700029997,0,9.99900009999e-05,0,0,0.0006999300069993,0,0,0.0723927607239276,0,0,0,0,0,0.0018998100189981,0,0,0,0,0,0,0.0167983201679832,0,0.0002999700029997,0,0,0,0,9.99900009999e-05,0,0,0,0,0,0,0.035996400359964,0,0.000999900009999,0,0.005999400059994,0.0005999400059994,0.0170982901709829,0.0112988701129887,0,0,0,0,0,0,0,0,0,0,0,0.0001999800019998,0,0,0.0012998700129987,0,0,0,0,0,0.0490950904909509,0,0,0,0,0,0,0,0,0,0,0.0007999200079992,0,0,0,0,0,0,0,0,0,0,0.0191980801919808,0.0005999400059994,0,0,0.0532946705329467,0,0,0,0.0027997200279972,0,0,0,0,0.0020997900209979,0,0,0,0.0018998100189981,0,0.0077992200779922,0,0,0.0008999100089991,0,0.021997800219978,0,0,0.03999600039996,0.0003999600039996,0.123687631236876,0,0.0008999100089991,0,0,0.008999100089991,0,0,0,0.000999900009999,0,0,0.0012998700129987,0,0.0008999100089991,0.0063993600639936,0.0001999800019998
0.01,0,0,4e-04,0,0,1e-04,0,0,0.0183,0.009,0,0,0,0,0,0,0,0,1e-04,0,0.0036,0,2e-04,0.0024,0.0369,0,0,1e-04,0.0186,0.0132,0.0124,0,0.0016,0,0,9e-04,0,0.0023,0,0.0074,0,0,0,0.0034,0.0011,0,0,0,0,0,0,0,0,0,0,0,0,0,0.0014,0.0093,0.0012,0.0018,0,0,0,0.0014,0.0135,0,0,4e-04,0,0,0,0,0,0,0,0,0.0023,0,0,0,0,0,0,0,0,0.0071,0,1e-04,1e-04,3e-04,0,0.0062,0.0018,0,0,0.0048,0,0,0,0,0,0.0014,0,0,0.0045,0.0046,0.0021,0.0013,0,0,1e-04,0,0,0,0.02,0,2e-04,0.0152,0,0,0,0.0012,0.0151,0,0,0,0.0792,0,9e-04,0,0.002,0,0,1e-04,1e-04,0,0,0.012,0,0.0027,0,0,0,0,0.0011,0,0,0.0016,0,0,0,0,0.002,0,0,0.0027,0.0154,0,0,0,0,0,0,0,0.0059,0,0,7e-04,0,0,0,0,0,0,0.0137,0.0016,0,0,0,0,0,4e-04,0,0,0,0,0,0,0.0015,2e-04,0,0,0,0,0,0,0,0,0,0,1e-04,1e-04,0.0218,0,0,2e-04,0.002,0,0,5e-04,0,1e-04,0,0.0082,0,0.0419,0,0,0,0,0,0,0,0,0,0.0026,0,0.0131,0,0,0.115,0,0,0,0,0,0,0,0,0,0,3e-04,0,0,0,0,0,0,1e-04,0,0,9e-04,0.0194,0.0033,0,0,4e-04,3e-04,0,0,4e-04,0,0,0,0,0,2e-04,0,0,0.0187,0.0015,0,0,0,0,0.003,0.2668,0,0,0.0041,0,0,0,0,5e-04,0,4e-04,0,0,0,0,0.0625,0,5e-04,0,0,0.0079,0
0,0,0,0,0,0,2e-04,0,0,0,0,0,0.0012,0,1e-04,0.0053,0,0,0,0,0,0,0,1e-04,0,0.0427,0,0,1e-04,0,0.0158,0.0684,0,0.0054,0,0,9e-04,0,0,0,0,0,0,0,0,0,0,0,0.0023,0,0,0,0,0,0,0,0,0,0,8e-04,0,0,0,0,0,0,0.0222,0,0,0,0,2e-04,0,0,0,0,0,0,0,0.0022,0,0,0,0,0,5e-04,0.02,0,0,0,0,0.0013,7e-04,0,0,0,0,0,0.0053,0,0,0.0087,0,0,0,0,0,0.014,0,0,0,0,0.0016,0.0054,0,0,0,0,0.005,5e-04,0,0,1e-04,0.0021,0.0473,0,0,0,0,0,0,0,0,0,0,0,0.0043,0,0,3e-04,0.0085,0,0,0,0,0,2e-04,0,0,0,0,0,0,4e-04,0,0,0,0,0,0,0,0,0,0,0,0,0,6e-04,0,0,0,0,1e-04,0,0,0,0,0,0,0,0,2e-04,0,0,0,0,0,0,0,0,1e-04,0.013,1e-04,2e-04,0,0,0,0,0,0,0,0,0,0,0,3e-04,0,0,7e-04,1e-04,0.0017,0,0,0,0,0,0.003,0,9e-04,0,0,0,0,0,0,0,0,0,0,0,0,0,0,0.0321,0,0,0,0,0,0,0,0,0,0,9e-04,0,0.0406,0,0,0,0,0,0,0,0,7e-04,0.0027,0,0,0,0,0,0,7e-04,0,0,0,0,0,0.0033,0,0,0.0326,0,0,0,1e-04,0,0,0.5213,0,0,0.0317,2e-04,0,0.0021,0,0,0,0,0,0,0,0,0.0067,0,2e-04,0,0,0.009,0
0,0.000700140028005601,0.0003000600120024,0,0.013502700540108,0.0153030606121224,0.0014002800560112,0.001500300060012,0,0.00520104020804161,0.00690138027605521,0,0,0,0,0,0,0,0,0,0.0001000200040008,0.00470094018803761,0,0,0,0.108121624324865,0,0,0.0026005201040208,0.00820164032806561,0.0001000200040008,0,0,0.00450090018003601,0,0,0.0003000600120024,0.00750150030006001,0.00410082016403281,0,0,0,0,0.0013002600520104,0.00350070014002801,0.00520104020804161,0.001500300060012,0.000500100020004001,0,0,0.00680136027205441,0.0003000600120024,0,0.000400080016003201,0,0,0,0.0002000400080016,0,0.0011002200440088,0,0,0,0,0,0.000600120024004801,0.0011002200440088,0,0,0.003000600120024,0.0001000200040008,0.000400080016003201,0.0002000400080016,0.0028005601120224,0,0,0,0,0,0.000600120024004801,0,0.0209041808361672,0.0308061612322464,0,0,0.000400080016003201,0.00350070014002801,0,0.00610122024404881,0,0,0.0012002400480096,0,0,0.0017003400680136,0.000600120024004801,0,0,0.0016003200640128,0,0,0,0,0,0,0.0001000200040008,0,0.000600120024004801,0.0212042408481696,0.0019003800760152,0,0,0,0,0.0002000400080016,0,0,0.0003000600120024,0.00710142028405681,0,0,0,0.0266053210642128,0,0.0011002200440088,0.0963192638527706,0,0.0003000600120024,0,0.176535307061412,0.00430086017203441,0.0003000600120024,0,0,0.000500100020004001,0,0.0106021204240848,0,0,0.0003000600120024,0.0001000200040008,0,0.0013002600520104,0,0.00860172034406881,0,0.000400080016003201,0,0.0002000400080016,0,0.000800160032006401,0.000400080016003201,0,0,0,0,0,0,0,0.00870174034806961,0.000400080016003201,0,0,0.0002000400080016,0,0,0,0.000600120024004801,0,0,0.0001000200040008,0,0,0,0,0,0.0003000600120024,0.00900180036007201,0.0012002400480096,0.0002000400080016,0,0,0,0,0.0013002600520104,0,0,0.0161032206441288,0,0,0.0019003800760152,0.00860172034406881,0,0,0,0,0,0,0,0,0.0002000400080016,0,0.00780156031206241,0.0101020204040808,0,0.000600120024004801,0.0014002800560112,0,0,0.0028005601120224,0.00640128025605121,0,0,0.000400080016003201,0.000400080016003201,0,0.0002000400080016,0.0021004200840168,0.00600120024004801,0.000400080016003201,0.0011002200440088,0,0,0,0,0,0.0116023204640928,0,0,0,0.013502700540108,0,0,0.0143028605721144,0,0,0,0,0,0,0.000500100020004001,0,0,0,0,0,0.0002000400080016,0,0,0,0,0.000600120024004801,0.0031006201240248,0,0.0012002400480096,0.0011002200440088,0,0,0.0001000200040008,0.000800160032006401,0.0002000400080016,0,0,0.0002000400080016,0,0,0,0,0,0.0177035407081416,0.0014002800560112,0.00340068013602721,0.0193038607721544,0,0.0001000200040008,0.0001000200040008,0,0,0.0002000400080016,0.127925585117023,0.0001000200040008,0,0.0320064012802561,0.0003000600120024,0,0,0,0.000400080016003201,0.0013002600520104,0.0011002200440088,0,0,0,0,0.0018003600720144,0.000400080016003201,0.014002800560112,0,0,0.001000200040008,0
0,0.000399760143913652,0,0,0.0101938836697981,0.00689586248251049,0,0,0,0.00659604237457526,0.00499700179892065,0.00499700179892065,0,0,0,0,0,0,0.00789526284229462,0,0,0.0178892664401359,0,0,0,0.131221267239656,0,0,0,0,9.9940035978413e-05,0,0,0,0,0,0,9.9940035978413e-05,0.00269838097141715,0,0,0.00119928043174096,0,0.0119928043174096,0.00259844093543874,0.00109934039576254,0,0,0,0,0.0114931041375175,0,0.000299820107935239,0.000199880071956826,0.000899460323805717,0,0,0,0,0.023485908454927,0.00469718169098541,0.00609634219468319,0,0,0,0,0.00469718169098541,0,0,0.0131920847491505,0.0022986208275035,0,0.00149910053967619,0.00759544273435938,0,0,0.000199880071956826,0,0,0.00129922046771937,0,0.0285828502898261,0.000799520287827304,0.00169898061163302,0,0,0,0,0.00429742154707176,0,0,9.9940035978413e-05,0,0,0.00169898061163302,0,0,0,0,0,0,0,0.00169898061163302,0.000499700179892065,0,0.000199880071956826,0,9.9940035978413e-05,0.0256845892464521,0.00179892064761143,0,0,0,0,0.00109934039576254,0,0,0,0.0123925644613232,0,0,0,0,0,0.000299820107935239,0.0534679192484509,0,0.000399760143913652,0,0.0780531680991405,0.00659604237457526,0,0,0,0.000999400359784129,0,0,0.000199880071956826,0,0,9.9940035978413e-05,0,0.000999400359784129,0,0.0149910053967619,0,9.9940035978413e-05,0.00399760143913652,0,0,0.0030981411153308,0.00289826104337398,0,0.000299820107935239,0.000199880071956826,0,0,0,0,0.0061962822306616,0,0,0,0,0,0,0,0,9.9940035978413e-05,0,0.000399760143913652,0,0,0,0,0,0.000499700179892065,0,0.00249850089946032,0.000199880071956826,0,0,0,0,9.9940035978413e-05,0,0,0,0,0,0.000899460323805717,0.00359784129522287,0,0.00139916050369778,0,0,0,9.9940035978413e-05,0,0,0,0,0.18448930641615,0.0189886068358985,0,0.000399760143913652,0,0,0,0.000299820107935239,0,0,0,0,0,9.9940035978413e-05,0.00819508295022986,0.0273835698580851,0,0,0,0.00269838097141715,0,0,0,0,0.0444733160103938,0,0.0132920247851289,0.00129922046771937,0.00649610233859684,0,0,0.00879472316610034,0,0,0.000199880071956826,0,0,0.000399760143913652,0,0,0,0,0.000299820107935239,0.000699580251848891,0,0,0,0,0,0,0,0,0.000999400359784129,0.000499700179892065,0,0,0.000299820107935239,0,0.000299820107935239,0,0,0.000899460323805717,0,0.000199880071956826,0,0,0.000199880071956826,0.0186887867279632,0,0,0.0196881870877474,0,0,0,0,0,0,0.0371776933839696,9.9940035978413e-05,0,0.035578652808315,0,0,0,0,0,0.00179892064761143,0.00299820107935239,0,0,0,0,0.00179892064761143,0.000299820107935239,0.000299820107935239,0,0,0.00749550269838097,0
0,0,0,9.9940035978413e-05,0,0,0.000199880071956826,0,9.9940035978413e-05,0,9.9940035978413e-05,0,0,0.0250849490305817,0,0,0,0,0,0,0.00549670197881271,0.000299820107935239,0,0,0,0.208374975014991,0,0,0,0,0.0222866280231861,0,0,0.00819508295022986,0,0,0.00649610233859684,0.00759544273435938,9.9940035978413e-05,0,0,0,0,0.00589646212272636,0,0.00859484309414351,0,0,0,0,0,0,0,0,0,0,0,0,0,0,0,0.00439736158305017,0,9.9940035978413e-05,0,0,0.0219868079152508,0,0,0,0,0,0,0.00199880071956826,9.9940035978413e-05,0,0,0,0,0.0061962822306616,0,0,0.0255846492104737,0,0,9.9940035978413e-05,0,0.000199880071956826,0,0.00249850089946032,0,0,0,0,0,0,0,0,0.00199880071956826,0,0,0,0,0,0,0,0,0.0783529882070758,0,0,0,0,0,0.00359784129522287,0,0,0,0,0.0146911852888267,0,0,0,0,9.9940035978413e-05,0.00219868079152508,0,0,0,9.9940035978413e-05,0,0,0.00739556266240256,0,0,0,0,0,0,0,0,0,0,0,0,0,0,0.000599640215870478,0,0,0,9.9940035978413e-05,0,0,0,0,0,0,0,0,0.00289826104337398,0,0,0,0.000299820107935239,0,0,0,0,0,0,0,0,0,0,0,0,0,0.0132920247851289,0.00719568259044573,9.9940035978413e-05,0,0,0.000399760143913652,0,0.000699580251848891,0,0,0,0,0,0,0.00479712172696382,0.000299820107935239,0,0,0,0,0,0,0,0,0,0,0,9.9940035978413e-05,0,0,0,0,0,0,0,0,0,9.9940035978413e-05,0,0.0061962822306616,0,0.0383769738157106,0,0,0,0,0,0,0,0,0,0.00199880071956826,0,0.00649610233859684,0,0,0.0117929242454527,0,0,0,0,0,0,0,0,0,0,0,0,0,0,0,0,0,9.9940035978413e-05,0.00129922046771937,0,0.000299820107935239,0,9.9940035978413e-05,0,0.000299820107935239,0,0.000199880071956826,0,0,9.9940035978413e-05,0.0179892064761143,0,0,0,0.0221866879872077,0.139616230261843,0,0.000499700179892065,0.0550669598241055,0,0,0,0,0,0.000299820107935239,0.163202078752748,9.9940035978413e-05,0,0.0100939436338197,0,0,0,0,0,0.0124925044973016,9.9940035978413e-05,0,0,0,0,0.00649610233859684,0,0.00129922046771937,0,0,0.00189886068358985,0
0,0,0,0,0,0,0.0003000600120024,0.0003000600120024,0,0,0,0,0,0.00940188037607522,0.0019003800760152,0,0,0,0,0,0.00760152030406081,0.0023004600920184,0,0.000400080016003201,0,0.0642128425685137,0,0,0.00530106021204241,0.00860172034406881,0,0,0,0.001500300060012,0.0003000600120024,0,0.0019003800760152,0,0,0,0,0,0,0.00830166033206641,0,0.0356071214242849,0,0,0,0,0,0,0,0,0.00820164032806561,0,0,0,0,0.00790158031606321,0,0.0002000400080016,0,0,0,0.00640128025605121,0.0184036807361472,0,0.0027005401080216,0,0.00490098019603921,0,0,0.000600120024004801,0.0962192438487698,0,0,0,0,0.0023004600920184,0,0.0001000200040008,0.0111022204440888,0,0,0.0018003600720144,0,0.0018003600720144,0,0.00360072014402881,0.0978195639127826,0.0123024604920984,0.0003000600120024,0,0,0,0,0,0.0024004800960192,0,0,0.00460092018403681,0,0.0001000200040008,0,0,0,0.0494098819763953,0.01000200040008,0,0,0,0,0.000900180036007201,0,0,0,0,0.0181036207241448,0,0,0,0,0,0.0027005401080216,0.0116023204640928,0,0,0,0.00350070014002801,0.00620124024804961,0.0001000200040008,0.00950190038007601,0,0,0,0.0001000200040008,0,0,0,0,0,0,0,0,0,0.0026005201040208,0.0001000200040008,0,0,0.0028005601120224,0,0,0,0.0001000200040008,0,0,0,0.0002000400080016,0,0,0,0,0,0,0,0,0,0,0.0003000600120024,0.000400080016003201,0,0.0001000200040008,0,0,0,0,0.01000200040008,0.000900180036007201,0,0,0,0,0,0.00400080016003201,0,0,0,0,0,0,0.00410082016403281,0,0,0.00250050010002,0,0,0.0002000400080016,0,0,0,0,0,0.0182036407281456,0,0.0018003600720144,0,0,0,0,0,0,0,0,0.0016003200640128,0.0001000200040008,0.0108021604320864,0.0028005601120224,0,0.0002000400080016,0,0.0024004800960192,0,0.0002000400080016,0,0,0,0,0.00380076015203041,0.0001000200040008,0,0.0001000200040008,0,0.103620724144829,0,0,0.0002000400080016,0,0,0.00320064012802561,0,0,0,0,0,0,0,0,0,0,0.00320064012802561,0,0.001000200040008,0,0.000900180036007201,0.0234046809361872,0.0017003400680136,0,0.0003000600120024,0,0.0001000200040008,0.0026005201040208,0,0.000700140028005601,0.0354070814162833,0,0,0,0.00860172034406881,0.103820764152831,0,0,0.00550110022004401,0,0,0,0,0,0.0003000600120024,0.0395079015803161,0,0,0.021004200840168,0,0,0,0,0,0.0003000600120024,0.00760152030406081,0,0,0,0,0,0,0.0017003400680136,0,0,0.0211042208441688,0
0,0,0,0,0,0,0,0.0002999400119976,0,0,0,0,0,0,0.00629874025194961,0,0,0,0,0.0002999400119976,0.0015996800639872,0.000599880023995201,0.0001999600079984,9.99800039992002e-05,0,0.0153969206158768,0,0,0.0012997400519896,0.0105978804239152,0.0025994801039792,0,0,0.002999400119976,0,0,0.0002999400119976,0.00919816036792642,0,0,9.99800039992002e-05,0,0,0,0,0.0018996200759848,0,0,0.001999600079984,0,0,9.99800039992002e-05,0,0,0,0,0,0,0,0.0228954209158168,0,0,0,0,0,0,0.0318936212757448,0,0,0,0,0,0,0,0,0,0,0,0,0,0,0,0,0,0,0.000399920015996801,0,0,0,0.000799840031993601,0,0.00849830033993201,0.0432913417316537,0,0,0.000599880023995201,0,0,9.99800039992002e-05,0,0,0,0,0,0,0,0.0015996800639872,0.582583483303339,0,0,0,0,0,0.0020995800839832,0,0,0,0,0.0101979604079184,0,0,0,0.000999800039992002,9.99800039992002e-05,0.0012997400519896,0,0,0,0,0,0.00479904019196161,0.0028994201159768,0,0,0,0,0.0002999400119976,0,0,0,0,0,0,0,0,0,0,0,0,0,0,0,0,0,0,0,0,0,0.000499900019996001,0,0,0,0,9.99800039992002e-05,0,0,0,0.000699860027994401,0,0,0,0.0010997800439912,0.000999800039992002,0,0,0,0,0,0.0216956608678264,0,0,0,0,0,0,0,0,0,0,0,0,0.00479904019196161,9.99800039992002e-05,0,0,0.000699860027994401,0,0,0,0,0,0,0,0,0.00419916016796641,0.00659868026394721,0,0,9.99800039992002e-05,9.99800039992002e-05,0,0,0.0020995800839832,0,0.000599880023995201,0,0.00729854029194161,0,0,0,0,0,0,0,0,0,0,0,0.00639872025594881,0,0.00329934013197361,0,0,0.00709858028394321,0,0,0,0,0,0,0,0,0,0,0.000499900019996001,0,0,0,0,0,0,0,0,0,0,0,0,0,0.0013997200559888,0.000799840031993601,0,0,0,0,0,0,0,0,0,0.0313937212557489,0,0,0.0153969206158768,0,9.99800039992002e-05,0,0,0,9.99800039992002e-05,0.0924815036992601,0,0,0.0121975604879024,0,0,0,0,0,0,0,0,0,0,0,9.99800039992002e-05,0,0.000499900019996001,0,0,0.00529894021195761,0
0,0,0.000299910026991902,0,0.0118964310706788,0,0,0.0411876437068879,0,0.00379886034189743,0.00859742077376787,0,0,0,0,0.000699790062981106,0.00289913026092172,9.99700089973008e-05,0,0,0,0.0171948415475357,0.00129961011696491,0,0,0.0116964910526842,0.000299910026991902,0,0.000199940017994602,0,0.00129961011696491,0,0,0.00219934019794062,0,0.000399880035989203,9.99700089973008e-05,0.00129961011696491,0.00129961011696491,0,0,0,0,0,0.000699790062981106,0,0,0,0,0,0.00419874037788663,0,0.000199940017994602,0,0.000399880035989203,0,0,0,0,0.00269919024292712,0,0,0.00149955013495951,0,0.00669799060281915,0,0.00199940017994602,0.00389883035089473,0,0,0.000199940017994602,0,0.000199940017994602,0,0,0,0.000399880035989203,0,0,0.00429871038688393,0,0.00239928021593522,0.000399880035989203,0,0,0,9.99700089973008e-05,0,0.00179946016195141,0.0137958612416275,0.000699790062981106,9.99700089973008e-05,0.000199940017994602,0,0.000899730080975707,0,0,0,0,0,0,0,0,0,0,0,0,9.99700089973008e-05,0.00239928021593522,0.000199940017994602,0,9.99700089973008e-05,0,0,0.000399880035989203,0,0,0.00109967009897031,0,9.99700089973008e-05,0,0,0.00459862041387584,0,0.00639808057582725,0.0735779266220134,0,0,0,0.146755973208038,0,0,0,9.99700089973008e-05,9.99700089973008e-05,0,9.99700089973008e-05,0,0,0,0,0,0.000499850044986504,0,0.0136958912326302,0,0,0,9.99700089973008e-05,9.99700089973008e-05,0.000199940017994602,0,0,0,9.99700089973008e-05,0,0.00199940017994602,0,0.0155953214035789,0,0.000599820053983805,0,0,0.0123962811156653,0,0,0,0,0,9.99700089973008e-05,0,0,0.00109967009897031,0,0,0,0,0,0,0,0,0,0,0,9.99700089973008e-05,0,0,0,0,0.000399880035989203,0,0.0127961611516545,0,0,0.00189943017094872,0,0.000799760071978406,0.000199940017994602,0,0,0,0,0.168049585124463,0.000399880035989203,0,0,0,0,0,0.000299910026991902,0,0,0,0.000199940017994602,0.000699790062981106,0,0,0,9.99700089973008e-05,0.000599820053983805,0.00319904028791363,0.000399880035989203,0,0,0,0,0.0404878536439068,0,0,0,0.0167949615115465,0,0,0,0,0,0,0,0,0,0,0,0,0.00209937018894332,0,0,0,0,0,0,0,0,0,0,0.000299910026991902,0,0,0,0.000199940017994602,0,0,0,0.000399880035989203,0,0,0,9.99700089973008e-05,0.0982705188443467,0,0.00789763071078676,0.000199940017994602,0.000899730080975707,0.00739778066580026,0,0.000599820053983805,0,0,0,0.000199940017994602,0.183944816555034,0,0,0.00159952014395681,0,0,0,0,0,0,0,0,0,0,0,0.00519844046785964,0,0.00229931020693792,0.000399880035989203,0,0.00349895031490553,0
0.000299880047980808,0,0,0,0.0122950819672131,0,0,0,0,0.00959616153538585,0,0,0,0,0.00209916033586565,0.00119952019192323,0,0,0,0,0,0,0.00419832067173131,0,0,0.015593762495002,0,0,0.000299880047980808,0,0.0191923230707717,0,0,0.007796881247501,0,0,0.000299880047980808,0.00179928028788485,0.00169932027189124,0,0.00539784086365454,0,0,0,0.00719712115153938,0.000599760095961615,0.0252898840463814,0,0,0,0,0,0,0.000299880047980808,0,0,0,0,0,0.0142942822870852,0,0.000499800079968013,0,0,0,0,0,0.000899640143942423,0,0.0143942423030788,0.00279888044782087,0,0.00039984006397441,0,0,0,9.99600159936026e-05,0,0,0.000999600159936026,0.00219912035185926,0,0.00569772091163535,0,0,0,0,0,0.00159936025589764,0,0,0,0,0,0.000499800079968013,0,0,0,0,9.99600159936026e-05,0,0,0,0,0,0,0,0.00039984006397441,0.0446821271491403,0,0,0,0,0,0,0,0,0.00039984006397441,0.0079968012794882,0,0,0,0.00269892043182727,0,0.000299880047980808,0.153638544582167,0,0,0,0.160635745701719,0,0.00039984006397441,0,0,0.000199920031987205,0,9.99600159936026e-05,9.99600159936026e-05,0,0,9.99600159936026e-05,0,0,0,0,0,0,0,0,0,0.00159936025589764,0,0,0,9.99600159936026e-05,0,0,0,0,0,0,0,0,0.0993602558976409,0,0,0,0,0,0.00229908036785286,0,0,0,0,0,0,0,0.00139944022391044,0.0188924430227909,0,0,0,0,0,0.0037984806077569,0,0,0,0,0,0,0.0351859256297481,9.99600159936026e-05,0,0,0,0,0,0,0,0,0,0,0,0,0.0104958016793283,0,0,0.00039984006397441,9.99600159936026e-05,0,0,0,0.000599760095961615,0.00229908036785286,0,0.0164934026389444,0,0.00199920031987205,0.00039984006397441,0.00429828068772491,0,0,0,0,0,0,0,0.0109956017592963,0,0.0122950819672131,0,0,0.0232906837265094,0,0,0,0,0,0,0,0,0,0,0,0,0,0,0,0,0.000299880047980808,0.00039984006397441,0.00209916033586565,9.99600159936026e-05,0,9.99600159936026e-05,9.99600159936026e-05,0,0.00209916033586565,0,0,0,0,0,9.99600159936026e-05,0,0,0,0,0.000899640143942423,0.000699720111955218,0,0.00529788084766094,0,0,0,0,0,0.00039984006397441,0.192123150739704,0,0,0,0,0,0,0,0,0.000299880047980808,0,0,0,0,0.00279888044782087,0.000999600159936026,0,0.000499800079968013,0,0,0.0129948020791683,0
0,0,0,0,0.0005999400059994,0,0,0,0,0,0,0,0,0,0.001999800019998,0,0,0,0,0,0,0,0,0.0044995500449955,0,0.318168183181682,0,0,0.0010998900109989,0.0011998800119988,0.075992400759924,0,0,0,0,0,0.0067993200679932,0,0,0,0,0,0,0,0,0.0003999600039996,0,0,0,0,0,0,0,0,0,0.0010998900109989,0,0,0,0,0,0,0,0.0001999800019998,0,0,0.0060993900609939,0,0,0,0,0,0,0,0,0.0064993500649935,0,0,0,0,0,9.99900009999e-05,0,0,0,0.0001999800019998,0,0,0,0.0128987101289871,0,0.0010998900109989,0,0,0,0,0,0,0,0,0,0,0,0,0,0,0,0.103189681031897,0,0,0,0,0,0.0061993800619938,0,0.0001999800019998,0,0,0,0,0,0,0,0,0.125287471252875,0,0,0,0,0,0,9.99900009999e-05,0,0.0004999500049995,0.0002999700029997,0,0,0,0,0,0,0,0,0,0.0082991700829917,0,0.0008999100089991,0,0,0,0,0,0.0003999600039996,0,0,0,0,0,0,0,0,0,0,0,0,0,0,0,0,9.99900009999e-05,0,0,0,0,0,0,0,0,0,0,0,0,0,0,0,0,0,0,0,9.99900009999e-05,0,0.0060993900609939,0,0,0,0,0,0,0,0,0,0,0,0,0,0.003999600039996,9.99900009999e-05,0,0,0.000999900009999,0,0,0,0,0,0,0,0,0.0012998700129987,0,0,0,0,0,0,0,0,0,0,0,0,0,0,0.063993600639936,0,0,0,0,0,0.001999800019998,0,0,0,0,0.0110988901109889,0.0011998800119988,0,0.0008999100089991,0,0,0,0,0,0,0,0,0.0001999800019998,0,0,0,0,0,0,0,0,0,0,0,0,0.0144985501449855,0,0,0.0230976902309769,0,0.0001999800019998,0,0,0,0,0.128687131286871,0,0,0.056994300569943,0,0,0,0,9.99900009999e-05,0,0,0,0,0,0,0,0,0,0,0,0,0
0,0,0,0,0,0,9.99800039992002e-05,0,0,0,0,0,9.99800039992002e-05,0,0.00709858028394321,0,0,0,0,0,0,0.000899820035992801,0,9.99800039992002e-05,0,0.0848830233953209,0,0,9.99800039992002e-05,0,0,9.99800039992002e-05,0,0.025494901019796,0,0,0,0.0001999600079984,0,0,0,0,0.00619876024795041,0.000699860027994401,0,0.0013997200559888,0,0,0,0,0,0,0,0,0.0001999600079984,0,0,0,0,0,0,0,0,0,0,0,0.000599880023995201,0,0,0,0.0002999400119976,0,0,0,0,0,0,0,0,0,0,0,0,0,0,0,0,0,0,0,0,9.99800039992002e-05,0.000999800039992002,0,0,0.0001999600079984,0,0,0,0,0,0,0,0,0.0001999600079984,0,0,0.188662267546491,0,0,0,0,0.0002999400119976,0.00349930013997201,0,0,0,0,0,0.000699860027994401,0,0,0.0001999600079984,9.99800039992002e-05,0.00479904019196161,0,0,0,0,0,0,0.0025994801039792,0,0,0,0,0,0,0,0,0.000699860027994401,0,0,0,0,0,0,0,0,0,0.000699860027994401,0,0,0,0,0,0,0,0,0.00359928014397121,0,0,0,0.0120975804839032,0,0,0,0,0,0,0,0,0,0,0,0.0002999400119976,0,0.0020995800839832,0,0,0,0,0,0,0,0,0,0,0,0,0,0,0,0,0,0,0,0,0,0,0,0,0,0,0,0,0,0,0.000499900019996001,9.99800039992002e-05,0,0,0,0,0,0,0,0,0,0,0,0,0,0,0,0,0,0,0.0028994201159768,0,0,0,0,0.243851229754049,0,0,0,0,0,0.00439912017596481,0,0,0,0,0.000399920015996801,0,0,0,0,0,0,0,0,0,0,0,0,0,0,0.000699860027994401,0,0,0,0,9.99800039992002e-05,0,0,0,0,0.0175964807038592,0,0,0.156568686262747,0,9.99800039992002e-05,0,0,0,0,0.213357328534293,0,0,0.00739852029594081,0,0,0,0,0,0,0,0,0,0,0,0,0,0.0016996600679864,0,0,0,0
0,0,0,0,0,0,9.99200639488409e-05,0,0,0,0,0,0.000299760191846523,0,0.000299760191846523,0,0,0,0,0,0,0,0,9.99200639488409e-05,0,0.0774380495603517,0,0,0.000199840127897682,0.00799360511590727,0,0,0,0.00549560351718625,0,0,0.00239808153477218,0,0.000599520383693046,0,0,0,9.99200639488409e-05,0,0,0.026378896882494,0,0,9.99200639488409e-05,0,0.000199840127897682,0,0,0,0,0,0,0,0,0,0,0.000399680255795364,0,0,0,0,0.0283772981614708,0,0,0,0,0,0,0,0,0,0,0,0,0.0454636290967226,0,0,0.017585931254996,0,0,9.99200639488409e-05,0.000299760191846523,0.0441646682653877,0,0,0,0.00519584332533973,0.000199840127897682,0,0,0.000399680255795364,0,9.99200639488409e-05,0,9.99200639488409e-05,0,9.99200639488409e-05,0,0,0,0,0,0.191946442845723,0,0,0,0,0,0.00249800159872102,0,0,0,0,0,9.99200639488409e-05,0,0,0.000199840127897682,0,0.0105915267785771,0,0,0,0,0,0,0,0,0,0,0,9.99200639488409e-05,0.000199840127897682,0,0,0.00399680255795364,0,0,0,0,0,0,0,0,0,0,0,0,0,0,0,0,0,0,0,0,0,0,0,0,0,0,0,0,0,0,0,9.99200639488409e-05,0,0,0,0,0,0,0,0,0,0,0,0,0,0,0,0,0,0,0,9.99200639488409e-05,0,0,9.99200639488409e-05,0,0,0,0,0,0,0,0.00689448441247002,0,0,0,0,0.00489608313349321,0,0,0,0,0,0,0,0,0,0.0130895283772982,0,0,0,0,0,0,0,0,0,0,0,0.00769384492406075,0,0,0.0429656274980016,0,0,0,0,0,0,0,0,0,0,0.0101918465227818,0,0,0,0,0,0,0,0,0,0,0,0.000499600319744205,0,0,0,0,0,0,0,0.00119904076738609,0,0,0,0,0.000999200639488409,0,0,0,0.110511590727418,0,0,0,0,0,0.253597122302158,0,9.99200639488409e-05,0.0562549960031974,0,0,0,0,0,0,0,0,0,0,0,0,0,9.99200639488409e-05,0,0,0.0168864908073541,0
0,0,0,0,0.00449730161902858,0,0,0,0,0,0.00119928043174096,0,0,0.0269838097141715,0,0,0,0,0,0,0.00629622226664002,0.0270837497501499,0,0,0,0.184289426344193,0.000199880071956826,0.00639616230261843,0,0,0.00179892064761143,0,0,0.00559664201479113,0,0.0061962822306616,9.9940035978413e-05,0.0146911852888267,0.00129922046771937,0,0,0,0,0.000399760143913652,0.000999400359784129,0,0,0.000199880071956826,0,0,0,0,0,0,0,0,0,0,0,0.0294823106136318,0,0.00589646212272636,0,0,0.000299820107935239,0.00149910053967619,0.00209874075554667,0,0,0,0.000199880071956826,0,0.000299820107935239,0.0388766739956026,0,0.0022986208275035,0,9.9940035978413e-05,0,0.00759544273435938,0,0.00199880071956826,0,0,0,0,0,0,0.00149910053967619,0,9.9940035978413e-05,0,9.9940035978413e-05,0,0.00419748151109334,0,0.000299820107935239,0,0.00169898061163302,0,0,0,0,0,0,9.9940035978413e-05,0,0.000299820107935239,0.00739556266240256,0,0,0,0,0,0.000699580251848891,0,0,0.000599640215870478,0.00579652208674795,0,0,0,0,0,0.00609634219468319,0.12532480511693,0,0,0,0.0223865680591645,0.0030981411153308,0.0022986208275035,0,0,0.000199880071956826,0,0.0190885468718769,0,0,0,0,0,0,0,0,0,0,0,0,0,0.000999400359784129,0.00449730161902858,0.000199880071956826,0.000399760143913652,0,0,0,0,0,0,0,0,0.000199880071956826,0,0,0,0,0,0,0,0.00149910053967619,0,0,0,0.000399760143913652,0,0,0.000999400359784129,0,0,0,0,0,0,0.000999400359784129,0,9.9940035978413e-05,0,0,0,0,0.0155906456126324,0,0,0,0,0,0,0,0,0,0,0,9.9940035978413e-05,0,0.00209874075554667,0,0,0,0,0,0,0,0,0,0,0.00509694183489906,0.000799520287827304,0.0279832100739556,0,0,0,0,0,0,0,0,0,0.00749550269838097,9.9940035978413e-05,0,9.9940035978413e-05,0,0.0101938836697981,0,0,0,0,0,0,0,0.00139916050369778,0,0,0,0,9.9940035978413e-05,0,9.9940035978413e-05,0,0,0,0,0,0.00199880071956826,0,0.0204877073755747,0,0,0,0,0.00189886068358985,0,0.000799520287827304,0,0,9.9940035978413e-05,0,0,9.9940035978413e-05,0,0,0.00359784129522287,0,0,0,0,0,0.000399760143913652,0.25124925044973,0.000299820107935239,0,0.0247851289226464,0,0,0,0,0,0.000799520287827304,0.00289826104337398,0,0,0,0,0,0.00269838097141715,0,0,0,0.0262842294623226,0
0,0,0.000899460323805717,0,0.0472716370177893,0.0106935838496902,0.000599640215870478,0,0,0.0101938836697981,0.00799520287827304,0,0,0,0.00289826104337398,0,0.0219868079152508,0,0,0,0,0.0222866280231861,0.00219868079152508,0,0,0.128722766340196,0.00519688187087747,0,0.00199880071956826,0,0,0,0,0.0022986208275035,0,0,0.000199880071956826,0.00449730161902858,0.0053967619428343,0,0.0433739756146312,0,0,0,0.00119928043174096,0.00169898061163302,0,0,0,0,0,0.000199880071956826,0,0,0,0,0,0,0,0,0,0.00709574255446732,0.00129922046771937,0,0.000999400359784129,0,0.00579652208674795,0.00699580251848891,0,0,0,0,0,0.0340795522686388,0,0,0,0,0,0.0196881870877474,0,0.0134919048570857,0,0,0,0,0,0,0,0,0,0.000399760143913652,0.000899460323805717,0,0.00789526284229462,0,9.9940035978413e-05,0,0,0,0,0,0,0,0,0,0,0.0420747551469119,0.00989406356186288,0.00269838097141715,0,0,0,0,0.00179892064761143,0,0,0.00429742154707176,0.00499700179892065,0,0,0,0.0331800919448331,0,0.000799520287827304,0.0869478313012193,0,0,0,0.169898061163302,0.022986208275035,0.00129922046771937,0,0,0.000299820107935239,0,0.00139916050369778,0,0,9.9940035978413e-05,9.9940035978413e-05,0,0.00239856086348191,0,0.000199880071956826,0,0.00129922046771937,0,0,9.9940035978413e-05,0.00129922046771937,0,0.00109934039576254,0,0,0,0.000299820107935239,0,0,0,0.000199880071956826,0,0,0,0,0,0,0,0,0,0.000299820107935239,0,9.9940035978413e-05,0,0,0,0,0,0,0,0,0,0,0,0.004597241655007,0,0,0,0,0,0,0.00919448331001399,0.000499700179892065,0,0,0,0,0,0,0,0,0,0,0,0,0.0140915450729562,0,0,9.9940035978413e-05,0.000299820107935239,0,0,0,0,0,0,0,0,0.01888866679992,0,0.0105936438137118,0,0,0,0,0,0,0,0.0155906456126324,0,0.0307815310813512,9.9940035978413e-05,0,0.0222866280231861,0,0,0,0,0,0,0,0,0,0,9.9940035978413e-05,0.00339796122326604,0,0.000499700179892065,0,0,0,0,0.00269838097141715,0,0,0,0,0,0,0.00139916050369778,0,0,0,0,9.9940035978413e-05,0,0,0,0,0.00109934039576254,0,0.0127923246052369,0.00789526284229462,0,0,0,0,0,0,0.00119928043174096,0,0,0.0210873475914451,0.000399760143913652,0,0,0,0,0,0,0,0,0,0,9.9940035978413e-05,0,0.00209874075554667,0,0,0.00749550269838097,0
0,0,0,0,0.0180909545227386,0.00389805097451274,0.000199900049975012,0,0,0.00869565217391304,0.00189905047476262,0,0,0,0.00219890054972514,0,0.0426786606696652,0,0,0,0,0.0158920539730135,0.0047976011994003,9.99500249875062e-05,0,0.123738130934533,0,0,0.000199900049975012,0,0,0,0,0.000699650174912544,0,0,0,0,0,0,0.00579710144927536,0,0,0,0.00129935032483758,0,0,9.99500249875062e-05,0,0,0,0,0,0.000299850074962519,0,0,0,0,0.000199900049975012,0.0429785107446277,0,0.00599700149925037,0.00149925037481259,0,0,0.0015992003998001,0.00669665167416292,0.00249875062468766,0,0,0,0,0.00149925037481259,0.0100949525237381,0,0,0.000299850074962519,0,0,0.0162918540729635,0,0.00549725137431284,0,0,0,0,0,0,0,0,0,9.99500249875062e-05,9.99500249875062e-05,0,0.00669665167416292,0,0,0,0,0,0,0.00329835082458771,0.00249875062468766,0,0,0,0,0.00449775112443778,0.0226886556721639,0.023688155922039,0.00339830084957521,0,0,0,0,0.000199900049975012,0,0,0,0.00459770114942529,0.0292853573213393,0,0.00629685157421289,0,0,0.0742628685657171,0,0,0,0.214892553723138,0,0.00249875062468766,0.000599700149925037,0,0,0,9.99500249875062e-05,0,0,0,9.99500249875062e-05,0,0.000699650174912544,0,0,0,0.00309845077461269,0.00109945027486257,0,0,0,0,0,0,9.99500249875062e-05,0,0,0,0,0,0,0,0,0,0,0,9.99500249875062e-05,0,0,0,0.000299850074962519,0,0.00559720139930035,0,0,0,0,0,0,9.99500249875062e-05,0,0,0,0,0.000399800099950025,0.000599700149925037,0,0,0,0,0.0221889055472264,0.0172913543228386,0,0.000899550224887556,0,0,0,0,0,0,0,0,0,0.000199900049975012,0.000499750124937531,0.00399800099950025,0,0,0,0,0.000899550224887556,0,0,0,0,0,0.00389805097451274,0.000299850074962519,0.00509745127436282,0,0,0,0,0,0,0,0,0,0.000399800099950025,0,0,0,0,0.00399800099950025,0,0,0.000599700149925037,0,0,9.99500249875062e-05,0,0,0,0,0.000599700149925037,0.00539730134932534,0,0,0,0,0,0,0.000399800099950025,0,0.000299850074962519,9.99500249875062e-05,9.99500249875062e-05,0,0.00109945027486257,0,0,0,0,9.99500249875062e-05,0,0,0,0,0,0.0109945027486257,0,0,0.00129935032483758,0,0,0,0,0,9.99500249875062e-05,0.152223888055972,0,0,0.00649675162418791,0,0,0,0,0.00469765117441279,0.00889555222388806,0.000999500249875062,0,0,0,0,9.99500249875062e-05,0,0.00529735132433783,0,0,0.00279860069965018,0
0,0.000299910026991902,0,0,0,0,0.00109967009897031,0.00519844046785964,0,9.99700089973008e-05,0,0,0,0.0292912126362091,0.00119964010796761,0,0,0,0,0,0,0,0,0.000699790062981106,0,0.330900729781066,0,0,0.00229931020693792,0.00149955013495951,0.0207937618714386,0,0,0.00779766070178946,0,0,0.000899730080975707,9.99700089973008e-05,9.99700089973008e-05,9.99700089973008e-05,0,0,0,0,0,0.00279916025192442,0,0,0,0,0.000199940017994602,0,0,0,0.000499850044986504,0,0,0,0,0,0,0,0,0,0,0,0.00679796061181645,0,0,0,0,9.99700089973008e-05,9.99700089973008e-05,0,0,0.079776067179846,0,0,0,0.00619814055783265,0,0,0.000499850044986504,0,0,9.99700089973008e-05,0.0204938518444467,9.99700089973008e-05,0,0.000699790062981106,0,0.000399880035989203,0,0,0,0,0,0,0.000299910026991902,0,0,0.00899730080975707,0,0,0,0,0.00159952014395681,0.0361891432570229,0,0,0,0,0,0,0,0,0,0.000399880035989203,0.00569829051284615,0,0,0,0,9.99700089973008e-05,0.00559832050384884,0,0,0,0,0,9.99700089973008e-05,0.0190942717184845,0,0,0,0,0.000199940017994602,0,0,0,0.00519844046785964,0,0,0,0,0,0,0,0,0,0.000699790062981106,0,0,0.00559832050384884,0.000299910026991902,0,0,0,0,0.000399880035989203,0,0,0,0.000299910026991902,0,0,0,0,0,0,0,0,0,0,0,0,0,0.0109967009897031,0,0,0,0,0,0,0.000999700089973008,0,0,0,0,9.99700089973008e-05,0,0.00219934019794062,0.00209937018894332,0,0,9.99700089973008e-05,0,0,0,0,0,0.00299910026991902,0,0,0,0,0.000499850044986504,0,0,9.99700089973008e-05,0,0,0,0,0.000299910026991902,0,0,0,0.000199940017994602,0,0.00909727081875437,0,0,0,0,0,0,0,0,0,0.00319904028791363,0,0,0.0534839548135559,0,0,0,0.00379886034189743,0,0,0,0,0,0,0,0,0,0,0,0,0,9.99700089973008e-05,0.000599820053983805,0,9.99700089973008e-05,0,0,0,0,0.00689793062081376,0,0,0,0,0,0,0,0,0.000499850044986504,0,9.99700089973008e-05,0,0.0114965510346896,0,9.99700089973008e-05,0,0,0,0,0.251724482655203,0,0,9.99700089973008e-05,0,0,0.00249925022493252,0,0,0,0,0,0,0,0,0.0126961911426572,0,0.00569829051284615,0,0,0.00529841047685694,0
0,0,0.000299790146897172,0,0.0190866393524533,0,0,0,0,0.0148895772958929,0.00269811132207455,0,0,0,0.0099930048965724,0.00109923053862296,0,0,0,0.00339762166483462,9.9930048965724e-05,0.00189867093034876,0.00949335465174378,0,0,0.304087139002698,0,0,0.00179874088138303,0.0132906965124413,0,0.0236834216048766,9.9930048965724e-05,9.9930048965724e-05,0,0,0,0.000699510342760068,0,0.000599580293794344,0,0,0,0.00299790146897172,0,0.016288597981413,0,9.9930048965724e-05,0,0,0.00759468372139502,0,0,0.000399720195862896,9.9930048965724e-05,0,0,0,0,0.000699510342760068,0.00559608274208054,0.00389727190966324,0,0,0,0.00419706205656041,0.00099930048965724,0,0,0.00599580293794344,9.9930048965724e-05,0.000199860097931448,0.0020985310282802,0,0,0,0,0,0,9.9930048965724e-05,0,0.00429699210552613,0.000399720195862896,0,0,0.000299790146897172,0,9.9930048965724e-05,0,0,9.9930048965724e-05,0.000799440391725792,0.000199860097931448,0,0.00579594284001199,0.000799440391725792,0,9.9930048965724e-05,0.00139902068552014,0,0,0,0,0,0,0,0,0.000299790146897172,0,0.00669531328070351,0,0.00049965024482862,0,0,0.00049965024482862,0,0.00369741181173179,0,0.00169881083241731,0,0,0,0.00859398421105226,0.000199860097931448,0.000899370440691516,0.0420705506145698,0,0,0.000399720195862896,0.0486659338463076,0.0216848206255621,0.00469671230138903,0,0,0.00509643249725192,0,9.9930048965724e-05,0.000199860097931448,0.000299790146897172,0,9.9930048965724e-05,0.00239832117517738,0,0,0,0,9.9930048965724e-05,0,0.000199860097931448,0.000199860097931448,9.9930048965724e-05,0.000299790146897172,0,9.9930048965724e-05,9.9930048965724e-05,0,0,0,0,0.00699510342760068,0,0.000899370440691516,0,0,0,0,0,0,0,0,0,0,0.0261816728290197,0,0,0,0,9.9930048965724e-05,9.9930048965724e-05,0,0,0,0,0.00049965024482862,9.9930048965724e-05,0,0,0,0,0,0,0.0110922354351954,0.00139902068552014,0,0,0,0,0.000599580293794344,0,0,0,0,0,9.9930048965724e-05,0,0.000699510342760068,0,0,0,0.0020985310282802,0,0.0095932847007095,0,0,0.00149895073448586,0,0.00619566303587489,9.9930048965724e-05,0.0126911162186469,0,9.9930048965724e-05,0.00309783151793744,0,0,0,9.9930048965724e-05,0.00119916058758869,0,0,0,0.0118916758269212,0,0,0.165783951234136,0,0,0.000299790146897172,0,0,9.9930048965724e-05,0,0,0,0.000299790146897172,0.00049965024482862,0,0,0,0,0,0,0,0.000199860097931448,9.9930048965724e-05,0.000299790146897172,0.00169881083241731,0.000699510342760068,0,0.000399720195862896,0,9.9930048965724e-05,0,0,0.000299790146897172,0.0150894373938243,0,0,0,0,0.00439692215449186,0.00099930048965724,0.00689517337863496,0.0473668432097532,0,0,0,0,0,0.000299790146897172,0.000399720195862896,0,0.00629559308484061,0.0166883181772759,0,0.00049965024482862,0.00189867093034876,0,0,0.000399720195862896,9.9930048965724e-05,0,0,0,0,0.00359748176276606,0,0,0,9.9930048965724e-05,0.00399720195862896,0
0.0015992003998001,0,0,0,0.0421789105447276,0,0,0,0,0,0,0,0,0.00619690154922539,0.00079960019990005,0,0,0,0,0,0,0,0.00209895052473763,0,0,0.0902548725637181,0,0,0.000499750124937531,0,0,0,0,0,0,0,0,0.00129935032483758,0,0,0,0,0.00569715142428786,0,0.00109945027486257,0,0,0,0,0,0,0.0132933533233383,0,0,0,0,0,0,0,0,0,0.0342828585707146,0,0,0,0,0,0.000899550224887556,0.00269865067466267,0,0,0,0,0,0,0,0,0,0,0,0,0,0,0,0,0,0,0,0.00189905047476262,0,0,0,9.99500249875062e-05,0,0,0,0,0,0,0,0,0,0,0,0,0,0.00769615192403798,0.00939530234882559,0,0.000999500249875062,0.000299850074962519,0,0,0,0,0,0.00219890054972514,0,0,0,0,0,0.0150924537731134,9.99500249875062e-05,0,0.032383808095952,0,0,0,0.224787606196902,0,0.00359820089955022,0,0,0,9.99500249875062e-05,9.99500249875062e-05,0,0,0,0,9.99500249875062e-05,0,0,0,0,0,0,0,0,0.00739630184907546,0,0,0,0,0,0,0,0,0,0,0,0,0,0,0,0,0.000699650174912544,0,0,0,0,0,0,0,0,0,0,0.0140929535232384,0,0,0,0,0,0,0,0,0,0,0,0,0,0,0,0,9.99500249875062e-05,0,0,0,0,0,0,0,0,0,0,0,0,0,0,0,0,0,0,0,0,0,0,0.00239880059970015,0,0,0,0,0,0,0,0,0,0.023888055972014,0,0,0,0,0,0,0,0,0,0,0,0,0,0.0116941529235382,0,0,0,0,0.00079960019990005,0,0,0,0,0,0.00359820089955022,0,0,0,0,0,0,0,0,0,0,0,0,0,0,0,0.00259870064967516,0,0,0.16311844077961,0,0.000199900049975012,0,0,0,0,0.158820589705147,0,0.000399800099950025,0.0890554722638681,0,0,0,0,0,0,0,0,0,0,0,0.000899550224887556,0,0,0,0,0.0184907546226887,0
0.00699720111955218,0,0,0,0.00979608156737305,0,9.99600159936026e-05,0.037485005997601,0,0.0108956417433027,0.00359856057576969,0,0,0,0,0,0,0,0,9.99600159936026e-05,0,0.0125949620151939,0,0,0.00219912035185926,0,0,0.00449820071971212,0.000699720111955218,0.00839664134346262,0.00479808076769292,0.00159936025589764,0,0.00169932027189124,0,0,0,0,0.014594162335066,0,0.0173930427828868,0,0,0,0.00149940023990404,0,0,0,0,0,0.00459816073570572,0,0,0,0.000199920031987205,0,0,0,0,0.00239904038384646,0,0.0038984406237505,0.00259896041583367,0,0,0.00039984006397441,0.00869652139144342,0.000599760095961615,0,0.00589764094362255,0.00039984006397441,0,0,0.00249900039984006,0,0,0,0,0,0.000299880047980808,0,0.00739704118352659,0.000299880047980808,0,0,0,0.0109956017592963,0,0.00309876049580168,0,0,9.99600159936026e-05,9.99600159936026e-05,0,0.000699720111955218,9.99600159936026e-05,0,0.00129948020791683,0,0,0.000499800079968013,0,0,0,0,0,0,0.0767692922830868,0.00499800079968013,9.99600159936026e-05,0,0,0,0.0253898440623751,0.000599760095961615,0,0,0,0,9.99600159936026e-05,0,0,0.00139944022391044,0,0.0171931227508996,0.10655737704918,0,0.000499800079968013,0,0.0854658136745302,0,0.00189924030387845,0,0,0.00079968012794882,0,9.99600159936026e-05,0,0,0,0,0,0.00189924030387845,0,0.00679728108756497,0,0,0,0,9.99600159936026e-05,0.00219912035185926,0,0,0,0.000199920031987205,0,0,0,9.99600159936026e-05,0,0,0,0,0,0,0,0,0,0,0,0.000299880047980808,0.00119952019192323,0,9.99600159936026e-05,0,0,0,0,0.0191923230707717,0,0.000299880047980808,0,0,0,0.00079968012794882,0,0,0,0,0,0,0.00759696121551379,0.000899640143942423,0,0,0,0,0,0,0,0,0,0,9.99600159936026e-05,0,0.00119952019192323,0,0,0,0.00179928028788485,0,0,0.000599760095961615,9.99600159936026e-05,0.000699720111955218,0,0.00649740103958417,0,0.000299880047980808,0,0,0.000299880047980808,0,0,0.00149940023990404,9.99600159936026e-05,0,0,0.00729708116753299,0.00039984006397441,0,0,0,0.0812674930027989,0,0,0.000299880047980808,0,0,0,0.000599760095961615,0,0,0.00229908036785286,0,0,0,0,0,0,0,0,0.00039984006397441,9.99600159936026e-05,9.99600159936026e-05,0.00129948020791683,0,0,0.00129948020791683,0,0,0,0,0.000699720111955218,0,0,0,0,0,0.000299880047980808,0,0.000899640143942423,0.0682726909236305,0,9.99600159936026e-05,0,0,0,0.000499800079968013,0.203518592562975,0,0,0.0432826869252299,0,0,0,0,0,0,0,0,0,0,0,0.00119952019192323,0.000199920031987205,0.00079968012794882,0,0,0.0120951619352259,0
0,0.0002999700029997,9.99900009999e-05,0,0,0,0,0,0,0,0,0,9.99900009999e-05,0,0.0035996400359964,0,0,0,0,0,0,0.001999800019998,0,0,0.0014998500149985,0.337266273372663,0,0,0.0008999100089991,0,0.0016998300169983,0,0.0028997100289971,0.0206979302069793,0,0,0.0007999200079992,0.0073992600739926,0.0002999700029997,0,0,0,0,0.0066993300669933,0,0.0075992400759924,0,0,0.0003999600039996,0,0.0003999600039996,0,0,0.0001999800019998,0.0010998900109989,0,0,0,0,0,0,0,0,0,0,0,0.0017998200179982,0,0,0,0.0007999200079992,0,0,0,0,0,0,0,0,0.0017998200179982,0,0,0.0365963403659634,0,0,0.0017998200179982,0.0280971902809719,0.001999800019998,0,0.0060993900609939,0,0.0002999700029997,0.0292970702929707,0,0,0.0166983301669833,0,9.99900009999e-05,0.0006999300069993,0,0,0,0,0.0002999700029997,9.99900009999e-05,0,0,0.043995600439956,0,0,0,0,0,0.0002999700029997,0,0,0,0.0021997800219978,0.021997800219978,0,0,0,0,9.99900009999e-05,0.0225977402259774,0.0028997100289971,0,0,0,0,0.0022997700229977,0,0,0,0,0,0.0100989901009899,0,0,0,0.0007999200079992,0,0,0,0,0,0,0,0,0,0.0026997300269973,0.0012998700129987,0,0,0.0001999800019998,0,0,9.99900009999e-05,0.0131986801319868,0.0023997600239976,0,0,0,0,0,0,0,0,0,0,0,0,0.000999900009999,0,0,0,0,0.0007999200079992,0.0246975302469753,0,0,0,0,0,0,0,0,0.0001999800019998,0,0,0,0.0012998700129987,0,0,0,9.99900009999e-05,0,0,0,0,0.0114988501149885,0,0,0.0004999500049995,0,0.0033996600339966,0.0018998100189981,0,9.99900009999e-05,0.0014998500149985,0,0,0,0.0002999700029997,0.0007999200079992,9.99900009999e-05,0.0050994900509949,0,0.0111988801119888,0,0,0.0035996400359964,0,0,0,0.010998900109989,0.0112988701129887,0,0.0014998500149985,0,0.0021997800219978,9.99900009999e-05,0.0001999800019998,0.0946905309469053,0,0,0,0,0,0.000999900009999,0,9.99900009999e-05,0,0.0001999800019998,0.0004999500049995,0.0010998900109989,0,0,0,0,0.0005999400059994,0,0,0,0.0007999200079992,0.0012998700129987,0.0003999600039996,0,0,0.0025997400259974,0,0,0,0.0003999600039996,0,0,0.0002999700029997,0,0,0.0171982801719828,0,0.0042995700429957,0.0175982401759824,0,0.0004999500049995,0,0,0,0,0.0255974402559744,9.99900009999e-05,0,0.048995100489951,0,0,0,9.99900009999e-05,0,0,0.0036996300369963,0.006999300069993,0,0,0,0.000999900009999,0,0.0022997700229977,0,0,0.0235976402359764,0
0,0,0,0,0,0,0,0.0017996400719856,0,0,9.99800039992002e-05,0.0001999600079984,0,0,0.0324935012997401,0,0,0,9.99800039992002e-05,0,0.00589882023595281,0.001499700059988,0,0,0.0002999400119976,9.99800039992002e-05,0,0,0.000399920015996801,0.0127974405118976,0.0270945810837832,0,0,0,0,0,0,0.00719856028794241,9.99800039992002e-05,0,0,0.000599880023995201,0,0.00999800039992002,0,0.026994601079784,0,9.99800039992002e-05,0,0,0.00249950009998,0,0,0,0.00819836032793441,9.99800039992002e-05,0,0,0,0.00359928014397121,9.99800039992002e-05,0.00419916016796641,0,0,0,0,0.0156968606278744,0,0,0,0.00349930013997201,9.99800039992002e-05,0,0.000899820035992801,0,0,0,0,0,0.00399920015996801,0,0.0020995800839832,0,0,0.00689862027594481,0,9.99800039992002e-05,0,0,0.00719856028794241,0,0.0001999600079984,0,0,0,0,0,0,0,0,0,0,0,0.0002999400119976,0.000699860027994401,0,0.0018996200759848,0.0298940211957608,0,0,0,0,0,0.021495700859828,0,0,0,0,0.0423915216956609,0,0,0,0,0.00349930013997201,0.00929814037192562,0.00659868026394721,0,0,0.000799840031993601,0.0016996600679864,0.00369926014797041,0.00509898020395921,0,0,0,0,0.000899820035992801,0,0,0,0.00469906018796241,0,0,0,0.014497100579884,0,0,0.0001999600079984,0,0,0.0011997600479904,0.0026994601079784,0,9.99800039992002e-05,9.99800039992002e-05,0,0,9.99800039992002e-05,0.023495300939812,0.0173965206958608,0,0,0,0,0,0,9.99800039992002e-05,0,0,0.0175964807038592,0.0002999400119976,0,0,0,0,0,0,0.0177964407118576,0.0552889422115577,9.99800039992002e-05,0,0,0,0,0.0010997800439912,0,0,0.011997600479904,0,0,0,0.0122975404919016,9.99800039992002e-05,0.0018996200759848,0.00459908018396321,0,0,0.0001999600079984,0,0,0,0,0,0,0.129874025194961,0.00429914017196561,0.0023995200959808,0,0,0.0002999400119976,0,0,0.0002999400119976,0.0010997800439912,0.000699860027994401,0.0001999600079984,0.00459908018396321,0.0028994201159768,0.0155968806238752,0.000699860027994401,0.00609878024395121,0.0022995400919816,0,0,0,0,0.0125974805038992,0,0.00339932013597281,0,0.00739852029594081,0,9.99800039992002e-05,0.0251949610077984,0,0.000399920015996801,0.0001999600079984,0,0,0.0106978604279144,0.000399920015996801,0,0,0,0,0,0,0,0,0,0,9.99800039992002e-05,0.0016996600679864,0,0.00339932013597281,0.00339932013597281,0,0.000699860027994401,0.000499900019996001,0.00519896020795841,0.0001999600079984,0,0.000399920015996801,0.000999800039992002,0,0,0,0,0.001499700059988,0.10377924415117,0.000599880023995201,0.0017996400719856,0.0243951209758048,0,0,0,0,0.000699860027994401,0.001499700059988,0.0270945810837832,0,0.0117976404719056,0.0491901619676065,0,0,0,0,0,0.0017996400719856,0.00249950009998,0,0,0,0,0.0017996400719856,0.000499900019996001,0,0.00329934013197361,0,0.0160967806438712,0
0,0,0.000399520575309628,0,0.022572912504994,0.00529364762285258,9.98801438274071e-05,0,0,0.00499400719137036,0.00569316819816221,0,0.00219736316420296,0,0.000499400719137036,0.000299640431482221,0,0,0.00669196963643628,0,0,0.0128845385537355,0,9.98801438274071e-05,0,9.98801438274071e-05,0,0.00679184978026368,9.98801438274071e-05,0.00389532560926888,0.00199760287654814,0,0,0,0,0,0.000898921294446664,0,0.00259688373951258,0,0,0,0,0,0,0.00169796244506592,0,0.000199760287654814,0,0,0.00459448661606073,0,0,9.98801438274071e-05,0,0.000299640431482221,0,0,0,0.0236715940870955,0.00569316819816221,0,0,9.98801438274071e-05,0,0.000199760287654814,0.00339592489013184,0.000299640431482221,0,0.00739113064322813,0.00189772273272074,0.000199760287654814,0.000399520575309628,0.0126847782660807,0,0,0.000199760287654814,0,0,0.0427487015581302,0,0.0271673991210547,0.00819017179384738,0,0,9.98801438274071e-05,9.98801438274071e-05,0,0,0,0,9.98801438274071e-05,0,0,0,0,0,0,0,0,0,0,0.00149820215741111,0,0.0013983220135837,0,0,0.313623651618058,0.00299640431482221,0,0,0,0.000199760287654814,0,0.000299640431482221,0,0,0,0.000998801438274071,0,0,0,0.0278665601278466,0,0.000199760287654814,0.0558330003995206,0,0,0,0.121853775469437,0,0.0184778266080703,0,0,9.98801438274071e-05,0,9.98801438274071e-05,0,0,0,0.000199760287654814,0,0,0,0,0,0.000199760287654814,0,0,0,0.000299640431482221,0,0,0.000599280862964443,9.98801438274071e-05,0,0.000399520575309628,0,0,0,0,0.000299640431482221,0,0.00219736316420296,0,0,9.98801438274071e-05,0,0,0.00109868158210148,0.000199760287654814,0,0,0,0,0,0.000299640431482221,0.0108869356771874,0,9.98801438274071e-05,0,0,0,0,0.00169796244506592,0,0,0,0,0,0.00189772273272074,0,0,0,0.000199760287654814,0,0,0,0,0,9.98801438274071e-05,0.000399520575309628,0,0.0550339592489013,0,0.000599280862964443,0.000299640431482221,0,0.000199760287654814,9.98801438274071e-05,0,0,0,0.000499400719137036,0.000299640431482221,0,0,0.00339592489013184,0.00379544546544147,0,0,0.00269676388333999,0,0,0,0,0,0,0.00579304834198961,0,0,0,9.98801438274071e-05,9.98801438274071e-05,0.000599280862964443,0,0.000399520575309628,0,0,0.00239712345185777,0,0,0,0,0.000199760287654814,0,0,0,0,0,0,0.000299640431482221,0,9.98801438274071e-05,0.00109868158210148,9.98801438274071e-05,0.000299640431482221,0,0.000898921294446664,0,9.98801438274071e-05,0,0,9.98801438274071e-05,9.98801438274071e-05,0.000399520575309628,0,0,0,0.00289652417099481,0.000898921294446664,0.00319616460247703,0.00928885337594886,0,0,0,0,9.98801438274071e-05,0,0.095185777067519,0,0,0.00719137035557331,0,0,9.98801438274071e-05,0,9.98801438274071e-05,0.0135836995605274,0,0,0.000299640431482221,0,0,0.000399520575309628,0,0.000399520575309628,0,0,9.98801438274071e-05,0
0,0,0,0,0,0,0,0,0,0,0,0,0,0,0,0,0,0,0,0,0,0.0156952914125762,0,0,0,0.118264520643807,0,0,0,0,0.120463860841747,0.0197940617814656,0,0,0,0,0,0.0114965510346896,0,0,0,0,0,0.00449865040487854,0,0.0104968509447166,0,0,0,0,0,0,0,0,0.0103968809357193,0,0,0,0,0,0,0,0,0,0,0,0.0140957712686194,0,9.99700089973008e-05,0,0,0,0,0,0.0802759172248325,0,0,0,0,0.0350894731580526,0,0,0.0136958912326302,0,0.0116964910526842,0.000399880035989203,0,0,0,0,0,0,0,0,0,0,0.000199940017994602,0,0,0,0,0,0,0,0,9.99700089973008e-05,0,0.0106967909627112,0,0,0,0,0,0,0,0,0,0,0.0218934319704089,0,0,0,0,0,0,0,0,0,0,0,0.00129961011696491,0,0,0,0,0,0,0,0,0,0,0,0,0,0,0,0.00229931020693792,0.000599820053983805,0,0,0.00209937018894332,0,0,0,9.99700089973008e-05,0,0,9.99700089973008e-05,0,0.00219934019794062,0,0,9.99700089973008e-05,0,0,0,0,0,0,0,0,0,0,0,0,0,0,0.0239928021593522,0.0316904928521444,9.99700089973008e-05,0,0,0,0,0,0,0,0,0,0,0,0.0231930420873738,0,0,0,0,0,0,0,0,0,0,0,0.0217934619614116,0.0319904028791363,0.00249925022493252,0,0,0,0,0,0,0,0,0.000599820053983805,0,0.00449865040487854,0.0170948715385384,0,0,0,0,0,0,0,0,0.027591722483255,0,0.00219934019794062,0,0,0,0,0.0297910626811956,0,0,0,0,0,0.000699790062981106,0,0,0,0,0.00229931020693792,0,0,0,0,0,0,0,0.00259922023392982,0,0.00709787063880836,0.000799760071978406,0,0,0,0,0,0,0,0,0,0,0,0.00209937018894332,0,0.000199940017994602,9.99700089973008e-05,0.00469859042287314,0,0,0,0,0,0,0,0.155253423972808,0,0,0.0478856343097071,0,0,0,9.99700089973008e-05,0,0,0.0110966709987004,0,0,0,0,0,0,0,0,0,0.039888033589923,0
0,0,0,0.0011,0,0,0,0,0,0,0,0,1e-04,0,0,0,0,0,0,0,0,0,0,0,0,0.3649,0,0,3e-04,0,0,0,0,0,0,0,0,0,0,0,0,0,0,0,0,0,0,0,3e-04,0,0,0,0,0,0,0,0,0,0,0,0,0,0,0.0189,0,0,0,0,0,4e-04,0,0,0,0,0,0.0084,0,0,0,0,0,0,0,0,0,1e-04,0,0,0,0,0,0,0,0,0,0,0,0,0,0,0,0.0014,0.0013,0,0,0,0,0,0,0,0,0,2e-04,0,0,0,0,0,0.0018,0,0,0,0,1e-04,0,0,0.1816,0,0,0,0,0,0,0,0,0,0,1e-04,0,0,0.0013,0,0,0,0,0,0.0014,0,0,0,0,0,2e-04,0.0053,0,0,0,0,0,0,0,0.001,0,0,0,0,0,0,0,0,0,0,0,0,0,2e-04,0,0,0,0,0,0,0,0,0,0,0,0,0,0,0,0,0,0,0,0,0,0,0,0,0,0,0,0,0,0.0055,1e-04,0,0,0,0,0,0,0,0,0,0,0,0.0167,0,0,0,0,0,0,0,0,0,0,0,0,0,0,0.0584,0,0,0,0,0,0,0,0,0,0,0.001,0,1e-04,0,0,0,0,0,0,0,0,0.0014,4e-04,0,0,0,0,0,0,1e-04,0.0041,0,0,0,1e-04,0.0022,0,0,0.0128,0,0,0,0.1453,0,0,0.1597,0,0,0,0,0,3e-04,6e-04,0,0,0,0,0,0,0,0,0,8e-04,0,0,0,0
0,0,9.99200639488409e-05,0,0.00789368505195843,0,0,0,0.00109912070343725,0.0126898481215028,0,0,0,0,0.0161870503597122,0,0,0,0,0,0,0,0.00159872102318145,9.99200639488409e-05,0,0.0594524380495604,0,0,0.000199840127897682,0.00239808153477218,0,0,0,0,0,0,0,0.000199840127897682,0,0,0,0.00119904076738609,0,0,0,0,0,0,0,0,0.00129896083133493,0.000399680255795364,0,0.000399680255795364,0.000699440447641887,0,0,0,0,0,0.00189848121502798,0,0,0,0,0.0115907274180655,0.00299760191846523,0,0,0,0,0,0.000399680255795364,0,0.0223820943245404,0,0,0.000199840127897682,0,0.050259792166267,0,0,9.99200639488409e-05,0,0,0.00179856115107914,9.99200639488409e-05,0,0,0,0,9.99200639488409e-05,0,0,0,0,9.99200639488409e-05,0,0,0,0,0,0,0,0,0,0.00719424460431655,9.99200639488409e-05,0,0,0,0,9.99200639488409e-05,0,9.99200639488409e-05,0,0,0.000199840127897682,0.0241806554756195,0,0,0,0.025779376498801,0,0,0.184352517985612,0,0,0,0.146882494004796,0.0207833733013589,0,0,0,0.000299760191846523,0,9.99200639488409e-05,9.99200639488409e-05,0,0,9.99200639488409e-05,0,0,0,0,0,0,0.00319744204636291,0,0,0.00139888089528377,0,0,9.99200639488409e-05,9.99200639488409e-05,0,9.99200639488409e-05,0,0,0.00559552358113509,9.99200639488409e-05,0,0,0,0,0,0,0,9.99200639488409e-05,0,0,0,0,0,0,0.00269784172661871,0,0.00669464428457234,0,0,0,0,0,0,0,0,0,0,0,0,0,0,0,0,0,0,0,0,0,0,0,0,0,0,0,0.00809352517985612,0.000499600319744205,0,0,0,0,0.00259792166266986,0,0,0,0,0,0.00129896083133493,9.99200639488409e-05,0,0.000899280575539568,0.00489608313349321,0,0,0,0,0,0,0,0,0,0,0,0,0,0,0,0,9.99200639488409e-05,0,0,0,0,0,9.99200639488409e-05,0.021982414068745,0,0,0,0,0,0.000199840127897682,0,0,0.000399680255795364,0.00289768185451639,0.00249800159872102,0,0,0.000499600319744205,0,0,0,0.00289768185451639,0.000399680255795364,0,0,0,0.0217825739408473,0.00649480415667466,0,0,0.0268784972022382,0,0,9.99200639488409e-05,0,0,0,0.225419664268585,0,0,0.0222821742605915,0,0,0.000399680255795364,9.99200639488409e-05,0,0,0,0,0,0,0,0,0,0.0179856115107914,0,0,0,0
0,0,9.99600159936026e-05,0,0.0112954818072771,0,9.99600159936026e-05,0,0,0.0039984006397441,0.00289884046381447,0,0,0.0100959616153539,0.000299880047980808,0,0,0,0,0,0.00699720111955218,0.00529788084766094,0.00169932027189124,0,0,9.99600159936026e-05,0.000499800079968013,0,9.99600159936026e-05,0,0,0,0,0,9.99600159936026e-05,0,0,0.00359856057576969,0,0,0.00429828068772491,0.00559776089564174,0,0.000899640143942423,0.00109956017592963,0.000199920031987205,0,0,0,0,0.00239904038384646,0.000499800079968013,0,0,0,0,0,0.000499800079968013,0.000599760095961615,0.053578568572571,0.0171931227508996,0.00309876049580168,0.00669732107157137,0,0.00369852059176329,0.00209916033586565,0.00219912035185926,0.000599760095961615,0,0,0.000899640143942423,0,0.00039984006397441,0.0104958016793283,0,0,0,0,0,0.0640743702518992,0.000999600159936026,0.0038984406237505,0,0.00229908036785286,0.00629748100759696,9.99600159936026e-05,9.99600159936026e-05,0,0.00529788084766094,0,9.99600159936026e-05,9.99600159936026e-05,0,0,0.000899640143942423,0,0,0,0,0,0.000199920031987205,0,0.00169932027189124,0,0,9.99600159936026e-05,0.00829668132746901,0.00119952019192323,0.0153938424630148,0,0,0,0,0,0.000299880047980808,0,0,0.00719712115153938,0.0039984006397441,0,0,0.00159936025589764,0.017093162734906,0,0.00039984006397441,0.122251099560176,0,0,0,0.0863654538184726,0,0.0166933226709316,0,0,0.00039984006397441,0,9.99600159936026e-05,0,0,0,9.99600159936026e-05,0,0,0,0.0144942023190724,0,0.000199920031987205,0.00329868052778888,0,0,9.99600159936026e-05,0.00129948020791683,0,0.00239904038384646,9.99600159936026e-05,0,0,0,0.000699720111955218,0.00119952019192323,0,0,0.000299880047980808,0,0,0,0,0.000199920031987205,0,9.99600159936026e-05,0,0,9.99600159936026e-05,0,0,0,0,0,0.00999600159936026,0.000999600159936026,0.000199920031987205,0,0,0,0.000599760095961615,0,0.000699720111955218,0,0.0039984006397441,0,0,0.0173930427828868,9.99600159936026e-05,0.00169932027189124,0.00229908036785286,0,0,0.00369852059176329,0,0,0,0,0,0,0,0.00109956017592963,0.000299880047980808,0,0,0,0,0,0.00239904038384646,0,0.000199920031987205,0.000199920031987205,0.00629748100759696,0.00259896041583367,0,0.000299880047980808,0,0.00439824070371851,0.00819672131147541,0.00119952019192323,0,0,0.00569772091163535,0,0.00259896041583367,0,0.0396841263494602,0,0,0.022890843662535,0,0,0,0,0,9.99600159936026e-05,0,0,0,0.00229908036785286,0,0,0,0,0,0,0.000199920031987205,0.000299880047980808,0.00079968012794882,0,0,9.99600159936026e-05,9.99600159936026e-05,0,0.000599760095961615,0.000299880047980808,0.00079968012794882,0.00039984006397441,0,0.00339864054378249,0,0,0,0.00239904038384646,9.99600159936026e-05,0.00079968012794882,0,0,0.00609756097560976,0,0.000199920031987205,0,9.99600159936026e-05,0.000199920031987205,0.000199920031987205,0.261895241903239,0,0,0.00719712115153938,0,0,0,0,0,0.00339864054378249,0.00289884046381447,0,0,0,0,0.000299880047980808,0.00249900039984006,0,0.00599760095961615,0,0.000299880047980808,0
0,0,0,0,0.0148940423830468,0,9.99600159936026e-05,0,0,0,0,0,0,0,0.0127948820471811,0,0,0,0,0,0,0,0.00619752099160336,0.00119952019192323,0,0.0215913634546182,0,0,0.000499800079968013,0,0,0,0,0.000299880047980808,0,0,0,0,0.00669732107157137,0,0.00919632147141144,0,0,0,0.00119952019192323,0,0,0,9.99600159936026e-05,0,0,0.0132946821271491,0,0,0,0,0,0.000899640143942423,0,0,0,0.00299880047980808,0,0,0.000499800079968013,0,0.0193922431027589,0.000899640143942423,0,0.0169932027189124,0,0,0,0.00309876049580168,0,0,0,0,0,0,0,0.00629748100759696,0,0,0,0,0,0,0,0,0,0.00079968012794882,0,0,0,0,9.99600159936026e-05,0,0,0,0,0.0717712914834066,0,0,0,0,0,0.230207916833267,0.00519792083166733,0,0.00149940023990404,0,0,0,0,0,0,0,0.000599760095961615,0,0,0,0.0479808076769292,0,0,0.0830667732906837,0.0734706117552979,0,0,0.0269892043182727,0,0,0,0,0,0,0,0,0,0,0,0,0,0,0,0,0,0,0,0,0,0,0,0,0,0,0,0,0,0,0,0,0,0,0,0,0,0.000299880047980808,0,0.00179928028788485,0,0,9.99600159936026e-05,0,0,0,0,0,0,0,0,0,0,0,0,0,0,0,0,0,0,0.00149940023990404,0,0,0,0,0,0,0,0,0,0,0,0,0,0,0,0,0.000599760095961615,0.000299880047980808,0,0,0,0,0,0,0.00469812075169932,0,0.000699720111955218,0,0,0,0,0,0,0,0,0,0,0,0,0,0,0.0423830467812875,0,0,0,0,0,0.000599760095961615,0,0,0,0,0.000699720111955218,0,0,0.000199920031987205,0,0,0,0,0,0,0,0,0,0,0,0,0,0,0,0,9.99600159936026e-05,0,0,0,0,0.104558176729308,0,0,0.0277888844462215,0,0,0,0,0,0,0.127848860455818,0,0,0.00339864054378249,0,0,0,0,0,0,0,0,0,0,0,0,0,0.00079968012794882,0,0,0.00079968012794882,0
0.00109934039576254,0,0,0,0,0,0,0,0,0,0.00169898061163302,0,0,0,0.00319808115130921,0,0,0,0,0,0,0.00359784129522287,0.00219868079152508,0,0.0134919048570857,0.17379572256646,0,0.00919448331001399,0,0,0.0107935238856686,0,0,0.00279832100739556,0,0,0,0,0.00359784129522287,0,0,0,0.00289826104337398,0,0.00339796122326604,0.000699580251848891,0,0,0,0,0.0225864481311213,0.00419748151109334,0,0,9.9940035978413e-05,0,0,0,0,0.035578652808315,0,0.004597241655007,0.000899460323805717,0,0,0.000599640215870478,0,0.000499700179892065,0,0.000499700179892065,0,0,0,0,0,0,0,0,0,0.00269838097141715,0,0.00299820107935239,0,0,0,0,0,0,0.00209874075554667,0,0,0,0.000199880071956826,0,0.00609634219468319,0,0,9.9940035978413e-05,0,0,0,0.0610633619828103,0,0,0,0,0,0.00569658205076954,0.00449730161902858,0.00179892064761143,0.000299820107935239,9.9940035978413e-05,0,0,0,0,0.00329802118728763,0.000299820107935239,0,0,0.0152908255046972,0.00969418348990606,0.000999400359784129,0,0,0.0281830901459125,0,0,0,0.204377373575854,0,0,0,0,0,0,9.9940035978413e-05,9.9940035978413e-05,0,0,0.000499700179892065,0,0.00129922046771937,0,0,0.0215870477713372,0,0,0,0,0,0,9.9940035978413e-05,0,9.9940035978413e-05,0,0,0,9.9940035978413e-05,0,0,0,0,0,0,0,0,0,0,0,0,9.9940035978413e-05,0,0,0,0,0,0.00119928043174096,0.0131920847491505,0,0,0,0,0,0,9.9940035978413e-05,0,0,0,0,0,0.00159904057565461,0.00319808115130921,0,0,0,0,0,0,0,0,0,0,0,9.9940035978413e-05,0.00259844093543874,0,0,0.000199880071956826,0,0,0,0,0,0,0,0.00549670197881271,0,0.0129922046771937,0,0.0124925044973016,0,0,0,0.000699580251848891,0,0,0,0.00199880071956826,0,0,0,0,0,0,0.000399760143913652,0,0,0,0,0,0,0,0,0,0,0,0,0,0,0.00159904057565461,0,0,0,0,0,0,0,0.000599640215870478,0.000499700179892065,0,0,0,0,0,0,0.000199880071956826,0,0,0.000899460323805717,0,0,0.036777933240056,0.00109934039576254,0,0,0,0,0,0.184589246452129,0,0.00369778133120128,0.024685188886668,0,0,0,0,0,0,0,0.00679592244653208,0,0,0,0,0,0,0,0,0.00649610233859684,0
0,0,0,0.00909363445588088,0,0,0.00179874088138303,0.00099930048965724,0,0,0,0,0,0.00979314479864095,0.000299790146897172,0,0,0,0,0,0.00419706205656041,0.00769461377036075,0,0,0,0.153892275407215,0,0,0.00219846107724593,0,0.0207854501848706,0,9.9930048965724e-05,0.00159888078345158,0,0.000399720195862896,0.0024982512241431,0.0165883881283102,0.000199860097931448,9.9930048965724e-05,0,0,0,0.0078944738682922,0.000299790146897172,0.036574397921455,0,0.000299790146897172,9.9930048965724e-05,0,9.9930048965724e-05,0.000299790146897172,0,0,0,0,0,0,0,0.042370340761467,0,0.00569601279104627,9.9930048965724e-05,0,0,0.00869391426001799,0.0628560007994404,0,0.000699510342760068,0.000399720195862896,0.00419706205656041,0,0.000699510342760068,0.00229839112621165,0,0,0,0,0,0.0197861496952134,0,9.9930048965724e-05,0,0.000799440391725792,0.00879384430898371,9.9930048965724e-05,0,9.9930048965724e-05,0,0.00189867093034876,9.9930048965724e-05,0.000599580293794344,0,0,0,0,0,0,0.00269811132207455,0,0,0,0,0,0.00119916058758869,0,0.000299790146897172,0.0642550214849605,0,0,0,0,0,0.0024982512241431,0,0,0,0,0.0142899970020985,0.000199860097931448,0,0,0,9.9930048965724e-05,0.00679524332966923,0,0.00049965024482862,0,0,0,0.00179874088138303,0.00399720195862896,0.00299790146897172,0,0,0.000899370440691516,0.000299790146897172,0,0,0,0.000399720195862896,0,0,0,0,0,0.00219846107724593,0.00189867093034876,0,0,0.00109923053862296,0,0,0,9.9930048965724e-05,0,0,9.9930048965724e-05,0.00529629259518337,0.00869391426001799,0,0,0,0.048865793944239,0,9.9930048965724e-05,0,0,0,0,0,0,0,0,0,0.000699510342760068,0,0.0100929349455381,0.0164884580793445,0,0,0,0,0,0,0,0,0,0,0,0,0.00229839112621165,0,0,0,0,0.00129909063655441,0,0,0,0,0,0,0,0.0571599880083941,0.00129909063655441,0,0,9.9930048965724e-05,0.000199860097931448,0,0,0,0,0.00349755171380034,9.9930048965724e-05,0.0107924452882982,0,0,0,0,0.00379734186069751,0,0,0,0,0,0,0.00239832117517738,0.000799440391725792,0.00679524332966923,9.9930048965724e-05,0,0.0373738383131808,0,0,0,0,0,0,0,0.000299790146897172,0.00529629259518337,0,0,0.00929349455381233,9.9930048965724e-05,0,0,0,0.0368741880683522,0.000799440391725792,0.00259818127310882,0,0.00339762166483462,0,0,0,0,0,0,0.000699510342760068,0,0,0,0,0,0,0.000699510342760068,0.0269811132207455,0,0,0.00359748176276606,0,0.000399720195862896,0,0.0078944738682922,0,0.00149895073448586,0.0377735585090437,0,0,0.0397721594883581,0,0,0,0,0,0.00119916058758869,0.00429699210552613,0,0,0,0,9.9930048965724e-05,0,0.00099930048965724,0.00579594284001199,0,0.0446687318876786,0
0,0,0,0,0,0,9.99800039992002e-05,9.99800039992002e-05,0,0,0,0,0,0,0.0016996600679864,0,0.0013997200559888,0,0,0,0,0.0018996200759848,0,0.0001999600079984,0,0.199660067986403,0,0,0.0011997600479904,0,0,0,0,0.00699860027994401,0,0,0,0.00909818036392721,0,0,0,0,9.99800039992002e-05,0,0,0.0155968806238752,0,0,0,0,0,0,0,0,0,0,0,0,0,0.000899820035992801,0,0,0,0,0,0,0.0428914217156569,0,0,0.0135972805438912,0,0,0,0,0,0,0,0,0,0.00379924015196961,0,0,0.0210957808438312,0,0,0,0.0508898220355929,9.99800039992002e-05,0,0.00489902019596081,0.0025994801039792,0,0,0,0,0.000399920015996801,0,0,0.00339932013597281,0,0,0,0,0,0,0,0.00749850029994001,0.0232953409318136,0,0,0,0,0,0.0016996600679864,0,0,0,0,0.00879824035192961,0,0,0,0,0.0001999600079984,0.00469906018796241,0.00249950009998,0,0,9.99800039992002e-05,0,0.0030993801239752,0.00389922015596881,0,0,0,0,0,0,0,0,0,0,0,0,0,0,0,0,0,0,0,0,0,0,9.99800039992002e-05,0,0,0,0.0122975404919016,0.0018996200759848,0,0,0,9.99800039992002e-05,0,0,0,0,0,0,0,0,0.0127974405118976,0,0,0,0,0,0.0320935812837433,0,0,0,0,0,0.0001999600079984,0,0,0,0,0,0,0.00369926014797041,9.99800039992002e-05,0,0,0,0,0,0,0,0,0,0.0311937612477504,0,0,0.0016996600679864,0.0002999400119976,9.99800039992002e-05,0,0,9.99800039992002e-05,0,0,0,0.000699860027994401,0,0,0,0,0.0001999600079984,0.00399920015996801,0.0025994801039792,0,0,0,9.99800039992002e-05,0,0,0,0,0.00619876024795041,0,0,0.02249550089982,0,0,0,0,0,0.0002999400119976,0,0,0,0,0,0,0,0,0,0,0,0,0,0,0,0,0.000399920015996801,0.0002999400119976,0.000799840031993601,0,0,0,0,0,0,0,0,0.0147970405918816,0,0.321835632873425,0,0.0011997600479904,0.00569886022795441,0,0,0,0,0,0,0.0001999600079984,0,0,0.0715856828634273,0,0,0,0,9.99800039992002e-05,0,0,0,0,0,0,0,0,9.99800039992002e-05,0.00329934013197361,9.99800039992002e-05,0.00789842031593681,0
0,0,0,0,0,0,1e-04,0,0,0,0,0,1e-04,0,0,0,0,0,0,0,0,0,0,0,0,0.296,0,0,0.0025,0,0,0,0,0.0114,0,0,0,0,0,0,0,0,0,0,0,0,0,0,0,0,0,0,0,0,0,0,0,0,0,0,0,0,0,2e-04,0,0,0.0377,0,0,0.0146,0,1e-04,0,0,0,0.0174,0,0,0,0,0,1e-04,0.0482,0,3e-04,0,1e-04,0,0,0,0,0.0011,0,0,0,0,0,0,0,0,0,0,0,0,0,0,0,0.1248,0,0,0,0,0,0,1e-04,0,0,1e-04,0.0102,0,0,0,0.0057,0,0.07,0,0,0,0,0,0,0,0,0,0,0,0,0,0,0,0.005,0,0,0,0,0,7e-04,0,0,0,0.0056,0,0,6e-04,0,0,0,0,0,0,0,0,0,0,0,0,0,0,0,0,0,0,0,0,0,0,0,0,0,3e-04,0,0,0,0,4e-04,0,0,0,0,0,0,0,0,0,0,0,0,0,0,0,0,0,0,3e-04,0,0.0216,0,0,0,0,0,0,0,0,0,0,0,0,0.0313,0,0,0.0082,0,0,0,0,0,0,0,0,0,0,0,0,0,0,0,0,0,0.0015,0,0,0,0,0,0,0,0,0,0,0,0,0,0,0,0,0.011,0,2e-04,0,0.001,0,0,0,0,0,0,0,0,0.0056,0,0,0.0171,0,0,0,0,0,3e-04,0.2216,0,0,0,0,0,0,0,0,4e-04,0,0,0,2e-04,0,0.0263,0,0,0,0,0,0
0,0,0,0,0.00699860027994401,0,0,0,0.0016996600679864,0.00739852029594081,0.0015996800639872,0,0,0,0,0,0,0,0,0,0,0.0261947610477904,0,0,0.00329934013197361,0.0026994601079784,0.000799840031993601,0.00889822035592881,0,0,0,0,0,0,9.99800039992002e-05,0,0,0,0.00389922015596881,0,0.00649870025994801,0,0.0002999400119976,0.00399920015996801,0.00649870025994801,0.00359928014397121,0,0,0,0,0,0,0,0,0,0,0,0,0,0.0395920815836833,0,0.0167966406718656,0,0,0.00609878024395121,0.00379924015196961,0,0.000899820035992801,0,0,0.000699860027994401,0,0,0.107578484303139,0,0.0002999400119976,0,0,0,0.010997800439912,0,0.0168966206758648,0,0,0,0,0,0,0,0,0.00579884023195361,0,0,0,0.001499700059988,0,0,0,0,0,0.0002999400119976,0,0,0,0.0010997800439912,0,0,0,0.00419916016796641,0.0018996200759848,0,0.001499700059988,0,0.0195960807838432,0,0,0.0013997200559888,0,0,9.99800039992002e-05,0,0,0,0,0.000399920015996801,0.0853829234153169,0,0,0,0.0543891221755649,0.022995400919816,0.0322935412917417,0,0,0.0135972805438912,9.99800039992002e-05,9.99800039992002e-05,0,0,0,0,0,0.0011997600479904,0,0.00379924015196961,0,0,0,0,9.99800039992002e-05,0.000699860027994401,0,0,0.0028994201159768,0,0,0,0,0.000899820035992801,0.0135972805438912,0,0,0,0,0,0,0,9.99800039992002e-05,0,9.99800039992002e-05,0.0002999400119976,0,0,0,0,0,0,0.0106978604279144,0.00639872025594881,0,0,0,0,0,0,0,0,0,0.001499700059988,9.99800039992002e-05,0,0,0.0001999600079984,0,0.0002999400119976,0,0,0.0001999600079984,0,0,0,0,0,9.99800039992002e-05,0,0,0,0,0,0,0,0,0.000799840031993601,0,0.000399920015996801,0,0.0102979404119176,0.00469906018796241,0,0.000999800039992002,0,0,0.0100979804039192,9.99800039992002e-05,0,0,0,0,0.010997800439912,0,0.0182963407318536,0,0,0,0,9.99800039992002e-05,0.0001999600079984,0,0,0,0,0,0.00689862027594481,0.0013997200559888,0,0.0027994401119776,0.0020995800839832,0,0.0001999600079984,0,0,0.000399920015996801,0,0,0.000399920015996801,0,0,0,0,0.0013997200559888,0,0.000499900019996001,0,0,0,0,9.99800039992002e-05,0.00659868026394721,0.00659868026394721,0.001499700059988,0,0,0,9.99800039992002e-05,0,0,0.00649870025994801,0,0,0.297740451909618,0,0.000799840031993601,0.011497700459908,0,0.0017996400719856,0,0,0,0.00839832033593281,0.0018996200759848,0,0,0,0,0.001499700059988,0,0,0,0,0,0.00389922015596881
0,0,0.000399201596806387,0.000199600798403194,0.0170658682634731,0,9.98003992015968e-05,0,0,0.00369261477045908,0.000898203592814371,0,0.00119760479041916,0,0.00718562874251497,0,0.00469061876247505,0,0.00668662674650699,0,0,0.00219560878243513,0.000698602794411178,0.00329341317365269,0,0,0.000199600798403194,0.00149700598802395,0.00548902195608782,0,0,0,0,0.00029940119760479,9.98003992015968e-05,0,0.00169660678642715,9.98003992015968e-05,0.00119760479041916,0,0.00598802395209581,0.000399201596806387,0,0,0.000598802395209581,0,0,9.98003992015968e-05,0,0,0,0,9.98003992015968e-05,0,0,0,0.00119760479041916,0.000499001996007984,0,0.000598802395209581,0.00429141716566866,0.00209580838323353,0.000499001996007984,9.98003992015968e-05,0,9.98003992015968e-05,0.00139720558882236,0.00608782435129741,0,0,0,0,9.98003992015968e-05,0.000998003992015968,0,9.98003992015968e-05,9.98003992015968e-05,0,0,9.98003992015968e-05,0,0.00518962075848303,0.00379241516966068,0.000499001996007984,0,0.00029940119760479,9.98003992015968e-05,9.98003992015968e-05,0.00289421157684631,0,0,0.00109780439121756,9.98003992015968e-05,0,0.000199600798403194,0.00029940119760479,0,0,0,0,0,0,0.00109780439121756,0.000199600798403194,0,9.98003992015968e-05,0,0,0.0234530938123752,0,0,0,9.98003992015968e-05,0,9.98003992015968e-05,0.000499001996007984,0,9.98003992015968e-05,0,0,0,0,0.00289421157684631,0,9.98003992015968e-05,0.0277445109780439,0,0,0,0.104690618762475,0,9.98003992015968e-05,9.98003992015968e-05,0.011377245508982,0.000798403193612774,0,0.00149700598802395,0,9.98003992015968e-05,9.98003992015968e-05,9.98003992015968e-05,9.98003992015968e-05,0,0,0,0,9.98003992015968e-05,0,0,0.00169660678642715,9.98003992015968e-05,0,0,9.98003992015968e-05,9.98003992015968e-05,0,0,9.98003992015968e-05,0,0.00179640718562874,0,0.000499001996007984,0,0,0,0,0,9.98003992015968e-05,9.98003992015968e-05,0,0,0,0.000399201596806387,9.98003992015968e-05,0,0.000199600798403194,9.98003992015968e-05,0.00548902195608782,0,0,0,0,0,0,0.000199600798403194,0,0,0,0,0,9.98003992015968e-05,9.98003992015968e-05,9.98003992015968e-05,0,0,9.98003992015968e-05,0,0,0,0.0209580838323353,0,0.00219560878243513,0,0.000898203592814371,0,0.000898203592814371,0,9.98003992015968e-05,0,0.00489021956087824,0,0,0.000199600798403194,0,9.98003992015968e-05,0,0,0.000998003992015968,0.00109780439121756,0,0,0.00149700598802395,0,0,0,0,0,0,0.000998003992015968,0,0.00399201596806387,0,9.98003992015968e-05,0.0620758483033932,0.000598802395209581,0,0,0,9.98003992015968e-05,0.00399201596806387,0,0,0,9.98003992015968e-05,0.000399201596806387,0,0,0.000499001996007984,0,0,0.000199600798403194,0.000199600798403194,0,0,0.00029940119760479,0.000499001996007984,9.98003992015968e-05,0,9.98003992015968e-05,0,9.98003992015968e-05,0,0,9.98003992015968e-05,0.000199600798403194,0,0,0,0,0.57814371257485,0,0,0,0,0.000399201596806387,0,0,0.000199600798403194,0.00149700598802395,9.98003992015968e-05,0,0,0.00738522954091816,0,0,9.98003992015968e-05,9.98003992015968e-05,9.98003992015968e-05,0.000798403193612774,0,0.013373253493014,0,0,0,0,0,0.000199600798403194,0,0,0.00329341317365269,0
0,0,0,0,0,0,1e-04,0,0,0,0,0,0,0.0039,0,0,0,0,0,0,0,0.0033,0,0,0,0.3798,0,0,0,0,0,0,0,0,0,0.0037,0,1e-04,0,0,0,0,0.0389,0.0087,0,0.0197,0,0,0,0,0,0,0,0,0,0,0,0,0,8e-04,0,0,0,0,2e-04,0,0,0,0,0,0,0,0,0,0,0,0,0,0,2e-04,0,0,0,0,1e-04,0,0,0,0,0,0,0,0,0,0,0,0,0,0.0019,0,0,0.0168,0,0,0,0,0,0.0481,0,0.0033,0,0,0,0.0278,0,0,0,0,0.0127,0,0,0,0,0,0.1801,0,0,0,0,0,0,0,0,0,0,0,0,0,0,0,0,0,0,0,0,0,0,0,0,0,0,0,0,0,0,0,0,0,0,0.0119,0,0,0,0,0,0,0,0,0,0,0,0,0,0,0,0,0,0.0028,0.0041,0,0,0,0,0,0,0,0,0,0,0,0,0.0036,0,0,0,0,0,0,0,0,0,0,0,0.002,1e-04,2e-04,0,0,0,0,0,0,0,0,0.0034,0,0.0041,0,0,0,0.0047,0,0,0,0,0,0,0,0,0,0.0053,0,0,0.035,0,0,0,0,0,0,0,0,0,0,0,0,0,0,0,0,0,0,0,0,0,0,0,0,0,0.0388,1e-04,0,0,0,0,0,0,0.0062,0,5e-04,5e-04,0.0011,0,0,0,0,0,0,0,0.0361,0,0,0.0893,0,0,0,0,0,0,0,0,0,0,0,0,0,0,0,0,0,0
0,0,0,0,0.0140887290167866,0,0,0,0,0,0.00559552358113509,0,0,0,0,0.000499600319744205,0,0,0,0,0.00589528377298161,0.0205835331734612,0.000799360511590727,0,0,0.00229816147082334,0.000499600319744205,0,9.99200639488409e-05,0,0.0113908872901679,0,0,0,0,0,0,0.0140887290167866,0.00129896083133493,0,0.00229816147082334,0,0,0.00359712230215827,0,0.00449640287769784,0,0,0,9.99200639488409e-05,0,0.000899280575539568,0,0,0.00269784172661871,0,0,0.000199840127897682,0,0.0162869704236611,0,0.00569544364508393,0.00109912070343725,0,0,0.00789368505195843,0.00199840127897682,0.000899280575539568,0,0.00269784172661871,0.0166866506794564,0,0.000799360511590727,0.025779376498801,0,0,0,0,0,0.0410671462829736,0,0.00799360511590727,0,0,0.0825339728217426,9.99200639488409e-05,0.000399680255795364,0.000199840127897682,0.000999200639488409,0,0,9.99200639488409e-05,9.99200639488409e-05,0,0.00159872102318145,9.99200639488409e-05,9.99200639488409e-05,0,0.000499600319744205,0,0,0,0,0,0.00319744204636291,0,0,0.000699440447641887,0.00189848121502798,9.99200639488409e-05,0,0,0,0.00869304556354916,0,9.99200639488409e-05,0.000399680255795364,0,0.026378896882494,0,0,0,0,0,0,0.01378896882494,0,0,0,0.0996203037569944,0.0151878497202238,0.0162869704236611,0,0,0.000199840127897682,0,0,9.99200639488409e-05,0,0,9.99200639488409e-05,0,0.000599520383693046,0,0,0,0.000399680255795364,0.000599520383693046,0,0,0.00269784172661871,0.00419664268585132,0,0,9.99200639488409e-05,0,0,0,0,0.00589528377298161,0,0,0,9.99200639488409e-05,0,0,0,0,0,0,0.00139888089528377,0,0,0,0,0,0,0.0237809752198241,0.0212829736211031,0,0,0,0,9.99200639488409e-05,0.00289768185451639,0,0,0,0.00749400479616307,0,9.99200639488409e-05,0.00889288569144684,9.99200639488409e-05,9.99200639488409e-05,0,0.000699440447641887,0,0,0.000299760191846523,0,0,0,0,0.00109912070343725,0,0.00459632294164668,0,0,9.99200639488409e-05,0,0,0.00529576338928857,0,0,0.00139888089528377,0,0.028876898481215,0.0204836131095124,0,0,0.0285771382893685,0,0.00929256594724221,0,0,0.000799360511590727,0,0,0.0140887290167866,0,0,0,0,0.0120903277378098,0,0,0,0,0,0.000699440447641887,0,0,0,0,0,0.0141886490807354,0,0,0,0,0.00149880095923261,0,0,0,0.00229816147082334,0.000299760191846523,9.99200639488409e-05,0,0.000499600319744205,0.0021982414068745,0.00159872102318145,0,0,0.000199840127897682,9.99200639488409e-05,0,0,0,0.0101918465227818,9.99200639488409e-05,0,0,0.00119904076738609,0,0.00139888089528377,0,0,0,0.00279776179056755,0.198840927258193,0,0,0.0305755395683453,0,0,0,0,0.000799360511590727,0.000599520383693046,0.00249800159872102,0,0,0,0,0.00269784172661871,0.00269784172661871,0,0,0,0.0176858513189448,0.00199840127897682
0,0,0,0,0,0,0,0.0030996900309969,0.0003999600039996,0,0,0,0,0.0071992800719928,0.0018998100189981,0,0,0,0,0,0.0063993600639936,0.0015998400159984,0,0.0085991400859914,0,0.0007999200079992,0,0,0.0013998600139986,0.0054994500549945,0.0531946805319468,0,0,0.001999800019998,0,0,0.0132986701329867,0.0298970102989701,9.99900009999e-05,0,0,0.0001999800019998,0,0.0058994100589941,0,0.0125987401259874,0,9.99900009999e-05,0,0,0.0033996600339966,0,0,0,0.0288971102889711,0,0,0,0,0.0180981901809819,0,0.0045995400459954,0,0,0.0003999600039996,0,9.99900009999e-05,0,0.0002999700029997,0,0,0,0,0,0,0,0,0,0,0.0160983901609839,0,0,0.0155984401559844,0,0,9.99900009999e-05,0,0,0,0.0073992600739926,0.0126987301269873,0,0.0018998100189981,0,0,0.0038996100389961,0,0,0.0003999600039996,0,0,0,0,0,0.0002999700029997,0,0.0086991300869913,0.068993100689931,0,0,0,0,0,0.0025997400259974,0.0001999800019998,0,0,0,0.0133986601339866,0,0,0,0,0,0.139486051394861,0,0,0,0,0,0,0.0018998100189981,0,0.0003999600039996,0,0.0012998700129987,0.0003999600039996,0,0,0,0.0004999500049995,0,0,0,0,0,0,0,0,0.0005999400059994,0.0011998800119988,0,0,0,0,0,0,0,0,0.0014998500149985,0,0,0,0.0601939806019398,0,0,0,0,0,0,0.0003999600039996,0,0,0,0,0,0,0.0166983301669833,0.0263973602639736,0.0001999800019998,0,0,0,0,0,0,0,0,0,0.0003999600039996,0,0.0036996300369963,0,0,0,0,0,9.99900009999e-05,0,0,0,0,0,0.0006999300069993,9.99900009999e-05,0.0006999300069993,0.0006999300069993,0,0,0.0268973102689731,0,0,0,0,0,0,0.0016998300169983,0,0.0357964203579642,0,0,0.0001999800019998,0,0,0,0,0,0,0.0037996200379962,0.0016998300169983,0,0,0,0.0130986901309869,0,0,0.0004999500049995,0,0,0,0,0,0,0,0,0,0,0,0,0,0,0.0004999500049995,0.0072992700729927,0,0.0033996600339966,0.0068993100689931,9.99900009999e-05,9.99900009999e-05,0.0017998200179982,0,9.99900009999e-05,0,0,0.0003999600039996,0.0003999600039996,0,0,0.0055994400559944,0,0.0006999300069993,0,0.0068993100689931,0.0066993300669933,0,0,0,0,0,0.0024997500249975,0.214878512148785,9.99900009999e-05,0,0.0152984701529847,0,0,0,0,0,0.0025997400259974,0.0056994300569943,0,0,0,0,0.0024997500249975,9.99900009999e-05,0.0002999700029997,0.0002999700029997,0,0.0112988701129887,0
3e-04,0,0,0,0,0,5e-04,0,0,0.0075,0.0016,0,0,0,0.0251,0,0,0,0,0,0,0.0096,0.0011,0.0015,0,0.1975,0,0,0.0132,0,2e-04,0,0,0,0,0,1e-04,0,0.0016,0,0,0,0,0,0.0067,0.0095,0,0,0,0,0,0,0,0,0,0,0,0,0,0.0036,0,0,0.0013,0,0,0,0,0.0028,5e-04,0.0094,0,0,0.0049,0,0,8e-04,2e-04,0,0,2e-04,0,0,0.0011,0,0,6e-04,0.0202,0,0.0049,0,0,0.0041,0.0779,0,0,0,0,0,0,0,0,0.0147,0,0,0,0,0,0.0073,0,0,0,0,1e-04,0,0,0,0,8e-04,0,0,0,0,0.0014,0,1e-04,0.0813,0,0,0,0.2139,0,0,0,0,3e-04,0,3e-04,0,0,0,0.0051,0,9e-04,0,0,0,0,0.0013,0,0,6e-04,0,0,4e-04,0,0,7e-04,0,0,0,0,0,0,0,0,0,0,0,0,0,0,0,0,0,0,0,0,0,0.0166,0,0,0,0,0,2e-04,0,0,0,0,0,0,1e-04,0.0025,7e-04,0,0,0,0,0,0,0,0,0,0,0,0.0029,0,0,3e-04,0.0044,0,0,0,0,0,0,0,0,1e-04,0,0,0.0012,0,0,0,0,0,0,0.0013,0,0,0,0,0.1994,0,0,0,0,0,0,0,0,0,0,5e-04,1e-04,0,0,0,0,0,0,0,0,0,0,0,0,0,0,0,0,0,0,0,0,0,0,0,0.0169,0,0,0.0059,0,0,0,0,0,0,5e-04,0,0,0,0,0,0.0011,0,0,0,0,0,0,0,0,6e-04,0,0.002,0,0,0.005,0
0,0,0.00449820071971212,0,0.0151939224310276,0,0,0,0,0.0241903238704518,0.0139944022391044,0,0.00689724110355858,0,0,0,0.00299880047980808,0,0,0,0,0.00589764094362255,0,0,0,0.238104758096761,0,0,0.000699720111955218,0,0.00039984006397441,9.99600159936026e-05,0,0.000499800079968013,0.000299880047980808,0,0.000499800079968013,0.00109956017592963,0.0038984406237505,0,0.0353858456617353,0,0,0,0.00129948020791683,9.99600159936026e-05,0,0,0,0,0.0113954418232707,0.00249900039984006,0,0.00039984006397441,0,0,0,0,0,0.000699720111955218,0,0,0.0315873650539784,0,0,0.00879648140743703,0.0199920031987205,0,0,0.007796881247501,0,0,0,0,0,0,0,0,0.000499800079968013,9.99600159936026e-05,0,0.0181927229108357,0.00139944022391044,0,0,0.00279888044782087,0,0.000199920031987205,0.00359856057576969,0,9.99600159936026e-05,0.00359856057576969,9.99600159936026e-05,0,0.0107956817273091,0.00309876049580168,0,0,0,9.99600159936026e-05,0,0,0,0.00299880047980808,0,0,0,0.072171131547381,0.00899640143942423,0,0,0,0,0,0,0,0,0,0.00339864054378249,0,0,0,0.0079968012794882,0,0.00269892043182727,0.0328868452618952,0,0.000299880047980808,0,0.153538584566174,0.00109956017592963,9.99600159936026e-05,0,0.000299880047980808,0.00039984006397441,0,0,0,0,0.000599760095961615,0.000199920031987205,0,0,0,0,0,0.00079968012794882,0,0,9.99600159936026e-05,0.00259896041583367,0,9.99600159936026e-05,0,0,0,0,0,0.00199920031987205,0.00349860055977609,0,0,0,0,0,0,0,0,0,0,0.00039984006397441,0,0,0,0,0,0,0.00149940023990404,0.00729708116753299,0,0,0,0.000999600159936026,0,0.000899640143942423,0,0,0,0,0,0.0235905637744902,0.0110955617752899,0,0,0,0,0,0,0,0.00149940023990404,0,0,0,0,0,0.00729708116753299,0,0,9.99600159936026e-05,9.99600159936026e-05,0,0,0,0,0.00219912035185926,0,0.0102958816473411,0.0038984406237505,0,0,0,0,0,0,0,0,0,0,0.00419832067173131,0,0.00209916033586565,0,0.000199920031987205,0.0350859656137545,0,0,0,0,9.99600159936026e-05,0.00249900039984006,0,0,0,0,0.000699720111955218,0,0,0,0,0,0,0,0.00339864054378249,0,0.0172930827668932,0.0161935225909636,0.00039984006397441,0,0,0,0,0,0,0.000699720111955218,0,0,0,0,0,0.0220911635345862,0,9.99600159936026e-05,0.00939624150339864,0.000499800079968013,0.000199920031987205,0,0,0,0.00199920031987205,0.00519792083166733,9.99600159936026e-05,0,0.0124950019992003,0,0,0,0,0,0.00519792083166733,0.000199920031987205,0,0.000199920031987205,0,0,0,0,9.99600159936026e-05,0,0,0.00759696121551379,0
0,0,0,0,0,0,0,0,0,0,0,0,9.99200639488409e-05,0,0.00479616306954436,0,0,0,0,0,0,0.000499600319744205,0,0.000599520383693046,0,0.135191846522782,0,0,0.00849320543565148,0.00999200639488409,0.00119904076738609,0,0.00129896083133493,0.011290967226219,0,0,0.00379696243005596,0.00419664268585132,0,0,0,0,0,0,0,0.0127897681854516,0.0111910471622702,9.99200639488409e-05,0,0,9.99200639488409e-05,0,0,0,0.000199840127897682,0,0,0,0,9.99200639488409e-05,0,0,0,0,0,0,0,0,0,0,9.99200639488409e-05,0,0.000399680255795364,0,0,0.0145883293365308,9.99200639488409e-05,0,0,9.99200639488409e-05,0,0,0.0455635491606715,0,0,0,0,0,0,0.00689448441247002,0,0,0.286670663469225,0.000499600319744205,0,0.017585931254996,0,0,0,0,0,0.000399680255795364,0,0,9.99200639488409e-05,0,0,0.123401278976819,0,0,0,0,0,0.00189848121502798,0,0,0,9.99200639488409e-05,0.0100919264588329,0,0,0,0,9.99200639488409e-05,0.103816946442846,0,0,0,0,0,0,0.01378896882494,0,0,0,0,0,0,0,0,0.000399680255795364,0,0,0,0,0,0,0,9.99200639488409e-05,0,0.00239808153477218,0,0,9.99200639488409e-05,0,0,0,0,0,0.00639488409272582,0,0,0,0,0,0,9.99200639488409e-05,0,0,0,0,0,0,0,0,0,9.99200639488409e-05,0.000899280575539568,0,0,0,0,0,0,0.000699440447641887,0,0,0,0,0,0,0.00299760191846523,0,0,0,0,0,0,0,0,0,0,0,0,0,0.000499600319744205,0,0,0,0.000399680255795364,0,0,0,0,0,9.99200639488409e-05,0.0038968824940048,0,0.00279776179056755,0,0.0209832134292566,0,0,0,0,0,0,0,0.00469624300559552,9.99200639488409e-05,0,0,0,0,0,0,9.99200639488409e-05,0,0,0,0,0,0,0,0,0,0,0,0,0,0,0,0.000799360511590727,0,0.000299760191846523,0,9.99200639488409e-05,0,9.99200639488409e-05,0,0,0,0,0.000399680255795364,9.99200639488409e-05,0,0.00199840127897682,0,0,0,0,0,0.0580535571542766,9.99200639488409e-05,0,9.99200639488409e-05,0,0,0,9.99200639488409e-05,0,0,0.0416666666666667,0,0,0,0.0021982414068745,0,0,0,0,0,0,0,0.0110911270983213,9.99200639488409e-05,0.000699440447641887,0,0,0.0021982414068745,0
0,0,0,0,0.0139916050369778,0.0053967619428343,9.9940035978413e-05,0,0,0.00439736158305017,0.0135918448930642,0,0.00209874075554667,0.0277833300019988,0.0076953827703378,0,0,0,0,0,0.0118928642814311,0.0101938836697981,0.00159904057565461,0,0,9.9940035978413e-05,0.000399760143913652,0,0.000299820107935239,0,0.00699580251848891,0,0,0,0,0,0.000699580251848891,0.0101938836697981,0.0243853687787328,0,0,0.00159904057565461,0,0.000999400359784129,0.000799520287827304,9.9940035978413e-05,0,0,0,0,0.0103937637417549,0.00349790125924445,0,0,0,0,0,0,0,0.0231860883469918,0,0.0173895662602439,0.00219868079152508,0,0,0.000699580251848891,0.000399760143913652,0,0.000799520287827304,0.000599640215870478,0.000499700179892065,0,0.00159904057565461,0.0133919648211073,0,0,0,0,0,0.038976614031581,0,0.0132920247851289,0.000499700179892065,0.000799520287827304,0,0,0,0,0,0,0,0,0,0,0,0,0,0,0,0,0,0,0.00189886068358985,0,0,0,0,0.00409754147511493,0.0393763741754947,0.00149910053967619,0,0,0,0,0.000299820107935239,0,0,0,0.00579652208674795,0,0,0,0,0,0.00299820107935239,0.0686588047171697,0,0,0,0.15490705576654,0.0122926244253448,0.00369778133120128,0,0,0.000199880071956826,0.000199880071956826,9.9940035978413e-05,0,0,0,9.9940035978413e-05,0,0,0,0,0,9.9940035978413e-05,0.000399760143913652,0,9.9940035978413e-05,0.000399760143913652,0,0,0,9.9940035978413e-05,0,0,0,0,0.000899460323805717,0,0,0,0,0,0,0.000299820107935239,0,0,0,0,0.00699580251848891,9.9940035978413e-05,0,0,0,0.000299820107935239,0.00139916050369778,0.0118928642814311,0,0,0,0,0,0.000899460323805717,0,0,0,0,0,0,0.00319808115130921,0.000199880071956826,0,0.0302818309014591,0,0,0.000399760143913652,0,0,0,0.000499700179892065,0,0,0,0.00319808115130921,0,0,0,0,0,0,0.00119928043174096,0,0,0.000199880071956826,0.00629622226664002,0,0.0467719368378973,0,0,0.00349790125924445,0,0,0,0,0.0477713371976814,0,0.0116929842094743,0,0,9.9940035978413e-05,0,0.00299820107935239,0.000999400359784129,0,0.00169898061163302,0,0,0.00119928043174096,0,0,0,0,0,0,0.00129922046771937,0,0,0,0.0286827903258045,0,0,0,0.000299820107935239,0,0,0,0.00119928043174096,0,0,0,0,0.000699580251848891,0,0,0,0,0,0.0114931041375175,0,0,0.0139916050369778,0,0,0,0,0,0.000599640215870478,0.164101539076554,0,0,0.0177893264041575,0,0,0,0,0,0.000799520287827304,0,0,0,0,0,0.00179892064761143,0,0.000299820107935239,0,0,0.00119928043174096,0
0,0,0,0,0,0,0.000999600159936026,0.00649740103958417,0,0,0,0,0,0,0.00149940023990404,0,0,0,0,0,0.0133946421431427,0.00329868052778888,0,0.00109956017592963,0,0.0874650139944022,0,0,0.000699720111955218,0,0.0222910835665734,0.0143942423030788,0,0.00849660135945622,0,0,0,0.0402838864454218,0,0,0,0,0,0.0203918432626949,0,0.0167932826869252,0,0.000199920031987205,0,0,0,0,0,0,0,0,0,0,0,0.00999600159936026,0,0,0,0,0,0,9.99600159936026e-05,0,0,0,0.00149940023990404,0,0,0.00819672131147541,0,0,0,0,0,0,0,9.99600159936026e-05,0.00749700119952019,0,0.00409836065573771,0,0,0,0,0.00979608156737305,0,0.00079968012794882,0,0.000499800079968013,0,0,0,0,0.0500799680127949,0,0,0,0,0,0,0.000199920031987205,0.015593762495002,0.00159936025589764,0,0,0,0,0,0.0689724110355858,0.000199920031987205,0,0,0,0.00159936025589764,0,0,0,0,9.99600159936026e-05,0.038984406237505,0,0,0,0,0,0.00249900039984006,0.00279888044782087,0,0,0,0,0.0284886045581767,0,0,0,9.99600159936026e-05,0,0,0,0,0,0.000299880047980808,0.000899640143942423,0,0.00199920031987205,0.00119952019192323,0.00859656137544982,0,9.99600159936026e-05,9.99600159936026e-05,0,0,0,0,0.0037984806077569,0,0,0,0.0247900839664134,0,0,0,0,0,0,0,0,0,0,0,0,0,0.024390243902439,0.037984806077569,9.99600159936026e-05,0.00419832067173131,0,0,0,0.000199920031987205,0,0,0,0,0,0,0.00409836065573771,0,0,0,0,0,0,0,0,0,0,0,9.99600159936026e-05,0,9.99600159936026e-05,0,0,0,0,0,9.99600159936026e-05,0.00139944022391044,0,0,0,0.00269892043182727,0,0,0.000899640143942423,0.00309876049580168,0.00159936025589764,0,0,0,9.99600159936026e-05,0,0,0.00429828068772491,0,0.0417832866853259,0,0,0,0,0,9.99600159936026e-05,0,0,0,9.99600159936026e-05,0,0,0.00179928028788485,0,0,0,0,0,0.00179928028788485,0.0669732107157137,0.0037984806077569,0,0,0.00149940023990404,0,0,0,0,0,0.00189924030387845,0,0,0,0,0,0,0,0,0,0,0,0.0102958816473411,0,0,0,0.00309876049580168,9.99600159936026e-05,0,0.222311075569772,0,0,0,0,0,0,0,0,0,0.00239904038384646,0,0.00039984006397441,0,0,0.00529788084766094,0,0.000499800079968013,0.00369852059176329,0,0.0133946421431427,0
0,0,0.000699720111955218,0,0.0176929228308677,0,9.99600159936026e-05,0,0,0.00899640143942423,0.0128948420631747,0,0,0.000299880047980808,0.00629748100759696,0,0,0,0,0,0,0.0168932427029188,0.00159936025589764,0,0.00239904038384646,0.00649740103958417,0.000699720111955218,0,0.00199920031987205,0,0,0,0,0.0122950819672131,0,0,0,0.00199920031987205,0.00359856057576969,0,0.00569772091163535,0,0,0,0.00749700119952019,0.0106957217113155,0.0282886845261895,0,0,0,0.00809676129548181,0,0,0,9.99600159936026e-05,0,0,0,0,0.000499800079968013,0.00339864054378249,0.00529788084766094,0,0,0,0.000199920031987205,0.00279888044782087,0.000999600159936026,0,0,0,0,0.000299880047980808,0,0.0362854858056777,0.0261895241903239,0,0,0,0.00289884046381447,0.000299880047980808,0.00309876049580168,0,0,0,0,0,0,0,0,0,0,0,0,0,0,0,0,0.00079968012794882,0,0.00039984006397441,0,0.00229908036785286,0.00039984006397441,0,0,0,0.0356857257097161,0.00359856057576969,0,0,0.00139944022391044,0,0,0,0,0.000999600159936026,0,0.00239904038384646,0,0.0108956417433027,0,0.0270891643342663,0,0.0221911235505798,0.0683726509396241,0,0,0,0.0252898840463814,0.0276889244302279,0,0,0,0.000599760095961615,0,9.99600159936026e-05,0,0,0,0,0,0,0,0.000299880047980808,0,9.99600159936026e-05,0.00459816073570572,0,0,9.99600159936026e-05,0.000199920031987205,0,0,0,0,0,0,0.00719712115153938,0,0,0,9.99600159936026e-05,0.000199920031987205,0,0,0,0,0,0.00149940023990404,0,0,0.00139944022391044,0,0,0,0,0.000899640143942423,0.0261895241903239,0.000899640143942423,0,0,0,0,0,0,0,0,0.00649740103958417,0,0,0.00949620151939224,9.99600159936026e-05,0,0.0196921231507397,0,0,9.99600159936026e-05,0,0,0,0,0,0,0,0.00339864054378249,0.000199920031987205,0,0,0,0,0,0.000299880047980808,0,0.00349860055977609,0,0.0138944422231108,0.00189924030387845,0,0.00039984006397441,0,9.99600159936026e-05,0.000699720111955218,0,0,0,0.000299880047980808,0,0.00859656137544982,0.00079968012794882,0.00689724110355858,0,0,0.0644742103158737,0,0.000299880047980808,0,0,0,0.00079968012794882,0,0,0,0,0,0,0.00309876049580168,0,0,0,0,9.99600159936026e-05,0.000499800079968013,0,0,0,0.000499800079968013,0,0.00039984006397441,0.00159936025589764,9.99600159936026e-05,0,0,9.99600159936026e-05,0,0,0,0.00339864054378249,0.000599760095961615,0.00329868052778888,0.00509796081567373,0.00239904038384646,0.00949620151939224,0,0,0,9.99600159936026e-05,0,0.000499800079968013,0.27109156337465,0,0,0.0372850859656138,0,0,0,0,0,0,0.00079968012794882,0,0,0,0.00079968012794882,0,0,0,0.000199920031987205,0,0.00459816073570572,0
0,0,0,0,0,0,0,0,0,9.99500249875062e-05,0.000399800099950025,0,0,0,0.0513743128435782,0,0,0,0,0,0,0,0,0,0.000299850074962519,0.0197901049475262,0,0,0.00439780109945028,0.000499750124937531,0.00939530234882559,0,0,0.00369815092453773,0,0,0.000499750124937531,0,0,0,0,0,0,0,0,0.00289855072463768,0,9.99500249875062e-05,0,0,0,0,0,9.99500249875062e-05,0.000499750124937531,9.99500249875062e-05,0,0,0,0.0125937031484258,9.99500249875062e-05,0,0,9.99500249875062e-05,0,0,0.00779610194902549,0,0,0,0.00149925037481259,0,0.000199900049975012,0.00129935032483758,0,0.00359820089955022,0.000399800099950025,0,0,0.00349825087456272,0,0.000599700149925037,0,0,0.00399800099950025,0,0,0,0,0,0,0.00499750124937531,0,0,0,0,0,0.00079960019990005,0,0,0,0,0.00169915042478761,0.00559720139930035,9.99500249875062e-05,0,0.00859570214892554,0.0469765117441279,0,0.0100949525237381,0,0,0,0.00149925037481259,0,0.000299850074962519,0,0,0,0,0,0,0,0,0.00579710144927536,0.00509745127436282,0,0,0,0,0.000199900049975012,0.00709645177411294,0,9.99500249875062e-05,0,0,0.0183908045977011,0,0,0,0.0141929035482259,0,0,0,0,0,0.000399800099950025,0,0,0,0,0,9.99500249875062e-05,9.99500249875062e-05,0,0,0,0,0,0.000599700149925037,0,0.000299850074962519,0,0,0,0,0,0,9.99500249875062e-05,0,0.000499750124937531,0,0,0,0,9.99500249875062e-05,0.000699650174912544,0,0.000599700149925037,0.000399800099950025,0,0,0,0,0.000199900049975012,0,0,0,0,0,0,0,0,0,0,0,0,0,0,0,0,0,0,0,0,0.00599700149925037,0.000299850074962519,0,0,0.00229885057471264,0.000599700149925037,0,0,0,0,9.99500249875062e-05,0.00469765117441279,0.00189905047476262,0.0063968015992004,0,0,0,0,0.000599700149925037,0.000999500249875062,0,0,0,0,0,0.0271864067966017,0,0.000199900049975012,0.275962018990505,0,0,0,0,9.99500249875062e-05,0.00289855072463768,0,0,0.0256871564217891,0,0,0,0,9.99500249875062e-05,0,0,0,9.99500249875062e-05,0.0015992003998001,0,9.99500249875062e-05,0.000899550224887556,0.000299850074962519,0,0,0,0,0,0,0.000199900049975012,9.99500249875062e-05,0,0,0,0.000299850074962519,0.120039980009995,0,0,0,0.23368315842079,0,0,0,0.000299850074962519,0,0.000399800099950025,0,0,0.00609695152423788,0,0,0,0,0,0,0.00269865067466267,0,0,0,0,0,0,0.00229885057471264,0,0,0.00939530234882559,0
0,0,0,0,0,0,0.0001000100010001,0,0,0.006000600060006,0.0079007900790079,0,0,0,0.0889088908890889,0,0,0,0.016001600160016,0,0,0.0011001100110011,0,0,0,0.0419041904190419,0,0,0.0019001900190019,0,0,0,0,0.0005000500050005,0.0001000100010001,0.0001000100010001,0.0001000100010001,0.0001000100010001,0,0,0.0411041104110411,0,0,0,0.0041004100410041,0,0,0,0,0,0,0,0,0,0,0,0,0.0022002200220022,0,0.0005000500050005,0,0.0037003700370037,0.0025002500250025,0,0.0303030303030303,0.023002300230023,0,0.0161016101610161,0,0.0081008100810081,0,0,0.0002000200020002,0.0049004900490049,0,0,0.0003000300030003,0,0,0.0001000100010001,0,0.0125012501250125,0.0001000100010001,0,0,0,0,0,0,0,0,0.0007000700070007,0,0,0.0047004700470047,0,0,0,0,0,0.0001000100010001,0,0,0.0041004100410041,0,0,0,0.0002000200020002,0.0093009300930093,0,0,0.0016001600160016,0,0,0,0,0,0.0012001200120012,0,0,0,0,0,0,0,0.0579057905790579,0,0,0,0.203820382038204,0,0,0,0.0003000300030003,0.0003000300030003,0.0015001500150015,0.0027002700270027,0,0,0,0,0,0.0023002300230023,0,0,0,0.0006000600060006,0,0,0,0.0001000100010001,0,0,0,0,0,0.0014001400140014,0,0.0056005600560056,0,0,0,0,0,0,0,0,0,0,0,0,0,0.0051005100510051,0,0,0,0,0.0001000100010001,0,0.0002000200020002,0,0,0,0,0,0,0,0,0.0063006300630063,0,0,0,0,0,0.0001000100010001,0,0,0,0,0,0,0.0002000200020002,0,0,0,0.0044004400440044,0,0,0,0,0,0,0.0003000300030003,0,0,0.0001000100010001,0,0.0001000100010001,0.0002000200020002,0,0,0,0,0.0092009200920092,0,0,0,0,0,0,0.002000200020002,0.0001000100010001,0,0.0367036703670367,0.003000300030003,0,0,0.0003000300030003,0,0.0018001800180018,0,0,0,0,0,0,0,0,0,0,0.0002000200020002,0,0,0,0,0.0338033803380338,0,0,0,0.0038003800380038,0.0001000100010001,0,0,0,0,0.0002000200020002,0,0,0.0007000700070007,0.103410341034103,0.0003000300030003,0.0005000500050005,0.0246024602460246,0,0,0,0,0,0.0001000100010001,0.147714771477148,0,0,0,0,0,0,0,0,0.0001000100010001,0,0,0,0,0,0.0001000100010001,0.0005000500050005,0,0,0,0.0008000800080008,0
0,0,0,0,0.0201959608078384,0.0117976404719056,0.001499700059988,0,0,0.0113977204559088,0.0118976204759048,0,0,0,0,0.0016996600679864,0.0141971605678864,0,0,0,0,0.0195960807838432,0.00739852029594081,0.000799840031993601,0,0,0,0,0.00339932013597281,0,0,0,0,0,0,0,0,0.00539892021595681,0,0,0.00749850029994001,0,0,0,0.00459908018396321,0,0,0,0,0,0.0198960207958408,0.0156968606278744,0,0,0,0,0,0,0,0.0015996800639872,0,0.0195960807838432,0.00949810037992401,0,0,0,0.000499900019996001,0.0012997400519896,0,0.00429914017196561,0.000399920015996801,0,0.000499900019996001,0.0586882623475305,0,0,0,0,0.0002999400119976,0.00919816036792642,0,0.0555888822235553,0.0002999400119976,0,0,0,9.99800039992002e-05,0,0.00429914017196561,0,0,0.000899820035992801,9.99800039992002e-05,0,0.0021995600879824,0,0,0,0,0,0.0001999600079984,0.00469906018796241,0,0,0.000999800039992002,0,0,9.99800039992002e-05,0.00679864027194561,0.0022995400919816,0,0,0,0,0,0.0022995400919816,0,0.000799840031993601,0,0.0013997200559888,0,0,0.00629874025194961,0,0,0,0.0872825434913017,0,0,0.17996400719856,0,0,0,0.0306938612277545,0.0002999400119976,0.0017996400719856,0.0025994801039792,9.99800039992002e-05,0,0,9.99800039992002e-05,0,0.0013997200559888,0,0,0,0,0,0,0,0,0,0,0,0,0,0,0,0,0.0172965406918616,0,0,0,0,0,0,0,0,0,0,0.000499900019996001,9.99800039992002e-05,0.00409918016396721,0.0002999400119976,0,0,0,0,0,0,0,0.0001999600079984,0.0010997800439912,0.00459908018396321,0.00449910017996401,0.000799840031993601,0,0,0,0,0,0.00659868026394721,0.0001999600079984,0.000999800039992002,0,9.99800039992002e-05,0.0015996800639872,0,0,0,0,0,0,0.011497700459908,0,0.000799840031993601,0,0,9.99800039992002e-05,0.00249950009998,0,0,0,0,0.0002999400119976,0,0.00339932013597281,0,0.0611877624475105,0,0.0022995400919816,0,0,0,0,0,0,0,0,0,0.0273945210957808,0,0,0.02249550089982,0,0,0.0001999600079984,0,0,0,0,0,0,0,0.0001999600079984,9.99800039992002e-05,0,0.0001999600079984,0,0,0,0,0,0,0.001499700059988,0.000899820035992801,0.000399920015996801,0,0,0,0,0,0,9.99800039992002e-05,0,0,0,0,0,0.128674265146971,0.0017996400719856,0.00439912017596481,0.00869826034793041,0,0.000399920015996801,0,0,0,0.000999800039992002,0.000499900019996001,0,0,0.00809838032393521,0,0,0,0,9.99800039992002e-05,0,0,0,0,0,0,0.0030993801239752,0.000599880023995201,0.00519896020795841,0,0,0.0023995200959808,0
0,0,0,0,0,9.9930048965724e-05,0.000199860097931448,0.00179874088138303,0,0,0.000399720195862896,0,0,0,0.000299790146897172,0,0,0,0,0,0,0.00569601279104627,0,0,0,0.0733486559408414,0.000699510342760068,0,0,9.9930048965724e-05,0.00859398421105226,0,0,0,0,0,0.000699510342760068,0,9.9930048965724e-05,0,0,0,0,0,0,0,0,0.00119916058758869,0,0,0,0,0,0,0.00309783151793744,0,0,0,0,0.0305785949835115,9.9930048965724e-05,0,0.000699510342760068,0.000199860097931448,0,0,0.00829419406415509,0,0,0,0.00879384430898371,0,0,0,0,0,0,0,9.9930048965724e-05,0.00469671230138903,0,0,0.0244828619966024,0,0.0664534825622065,0.000199860097931448,0,0,0,0.00379734186069751,0,0.000399720195862896,0.000599580293794344,0,0,0,0,0,0.00429699210552613,0,0,0,0.000199860097931448,0,0.00389727190966324,0,0,0.143399620265814,0,0,0,0,0,0.0114919556310583,0,0,0,0.000399720195862896,0.0163885280303787,0,0,0,0,9.9930048965724e-05,0.000899370440691516,0,0,0,9.9930048965724e-05,0,0,0.0049965024482862,0,0,0,0,0.00189867093034876,0,0,0,0.000799440391725792,9.9930048965724e-05,0,0,0,0,0,0,0,0,0.00099930048965724,0.00049965024482862,0.000199860097931448,0.00149895073448586,0,0,0,0,0,0,0,0.000399720195862896,0,0,0,0,9.9930048965724e-05,0,0,0,0,0,0,0,0,0,0.000299790146897172,0.0099930048965724,0.0550614569801139,0,0,0,0,0,0.00219846107724593,0,0,0,0,0,0,0.000399720195862896,0,0,0.0262816028779854,0,0,0,0,0,0,0,0,0,0,0,0,0,0.000199860097931448,0,0,0,0,0.000199860097931448,0.00119916058758869,0,0,0.00879384430898371,9.9930048965724e-05,0,0.0469671230138903,0.00629559308484061,0,0,0,0,0,0,0.017387828520036,0,0,0,9.9930048965724e-05,0.0500649545318277,0,0,0.00049965024482862,0,0,0.0168881782752074,0,0,0,0,0,0.0099930048965724,0,9.9930048965724e-05,0,0,0,0,0.00149895073448586,0,0.00399720195862896,0.00819426401518937,0,0,0,0,0,0,0,0.00129909063655441,0,0,0,0,0.0205855900869391,0.0492655141401019,0,0,0,0,0,0,0,0.000299790146897172,9.9930048965724e-05,0.192765064454882,0,0,0.0163885280303787,0,0,0,0,0,0,0.00239832117517738,0,0,0,0,0.0095932847007095,0,0.000799440391725792,0,0,0.00139902068552014,0
0,0,0,0,0.0277,0,4e-04,0,0,0,0.0058,0,0,0,0,0.0021,0.0042,0,0,0,0,0.0115,0,0,0,0.0948,0,0,0.0022,0,0.0062,0,1e-04,0,0,0,0,0.0291,0,0,0.0254,0,0,0,7e-04,0.0333,0,0,0,0,0,0,0,0,0,3e-04,0,0,0,0.0119,0,4e-04,0.0011,0,0,0,0.0099,0,0,0.0048,0,0,0,0.0066,0,0,0,0,9e-04,0,0,0.0022,0.0136,0,0,0,0,0,0.0013,0,0,0.0012,1e-04,0,0,0,2e-04,0,0,0,0,0,0,4e-04,0,0,0,1e-04,0.0151,0,0,0,0,0.022,0,0,0,0,0.0136,0,0,0,0.0048,0,0.047,0,0,0,0,0.0583,0,4e-04,0,0,8e-04,0,1e-04,0,0,0,0,0,8e-04,0,0,0,4e-04,0.0038,0,0,0,0,0,0,0,0,8e-04,0,0,0,0,0,0,0,0,0,0,0,0,0.0012,0,4e-04,0,0,0,0,0,0.001,0.0135,0,0,0,0,0,0.002,0,0,0,0,0,0,0.0289,2e-04,0,0,0,0,0,0,0,0,0,0,0,0.1133,0.0014,0,0,0,0,0,0,0,0,0,0,0.004,0,0,0,0.0044,0,0,0,0,0,0,0,0,0,0.0158,0,0,0.0292,0,0,0,0,0,0.002,0,0,0,0,1e-04,0,0.0012,1e-04,0,0,0,0,0,0,0,0,0,0,0,0,0,0,0,1e-04,0,0,0,0,0,4e-04,0,0,0,0,0,0,0,0,2e-04,0.2221,0,0,0.062,0,0,0,0,0,0,0.0076,0,0,0,0,1e-04,0,7e-04,0,0,0.0217,0
0,0,0,0,0,0,0.00199700449326011,9.98502246630055e-05,0,0,0,0,0,9.98502246630055e-05,0.00259610584123814,0.000199700449326011,0,9.98502246630055e-05,0,0,9.98502246630055e-05,0.000299550673989016,0,0.00808786819770345,0,0.354967548676985,0,0,0.0053919121318023,0.0163754368447329,0.00808786819770345,0,0,0.000299550673989016,0,0,9.98502246630055e-05,9.98502246630055e-05,9.98502246630055e-05,0,0,0,0,9.98502246630055e-05,0,0.00828756864702946,0,9.98502246630055e-05,0,0,9.98502246630055e-05,0,0,0,9.98502246630055e-05,0,0,0,0,9.98502246630055e-05,0,9.98502246630055e-05,0,0.00209685471792312,0,0,0.0436345481777334,0,0,0.0103844233649526,9.98502246630055e-05,9.98502246630055e-05,0,9.98502246630055e-05,0,0,9.98502246630055e-05,0,0,9.98502246630055e-05,0,0,0.000599101347978033,0,9.98502246630055e-05,9.98502246630055e-05,0.0429355966050924,0,0,0.000199700449326011,0,0.000499251123315027,0.00459311033449825,0,0,0,0,0,0.000399400898652022,0,0,0,0,0,9.98502246630055e-05,9.98502246630055e-05,0,0.283674488267599,0,9.98502246630055e-05,0,0,0,0.000399400898652022,0.000199700449326011,9.98502246630055e-05,0,0,0.00239640539191213,0.000299550673989016,0,0,9.98502246630055e-05,0.000499251123315027,0.000399400898652022,0,0,0,0,0,0,9.98502246630055e-05,0,9.98502246630055e-05,0,0.00469296055916126,0.00169745381927109,0,0,0,0.00249625561657514,0,0,0.000299550673989016,0,0,0.000299550673989016,9.98502246630055e-05,0,0.000299550673989016,0.000399400898652022,9.98502246630055e-05,0,0.000299550673989016,9.98502246630055e-05,0,0,0,0,9.98502246630055e-05,0.000299550673989016,0.000299550673989016,0,0,0,0,0,0,0,0,0.000199700449326011,0,0,0,0,0,0.000199700449326011,9.98502246630055e-05,0.00429355966050924,9.98502246630055e-05,0,0,0,9.98502246630055e-05,9.98502246630055e-05,0,0,0,0,0,9.98502246630055e-05,0.00259610584123814,0.000399400898652022,0.000199700449326011,0,0.000199700449326011,0,9.98502246630055e-05,0,0,0,0,0,0.00219670494258612,0,0.00329505741387918,0.000599101347978033,0,0.000199700449326011,0,0.0101847229156266,0,0,0,9.98502246630055e-05,0.000199700449326011,0.000199700449326011,0.000499251123315027,0.00479281078382426,9.98502246630055e-05,0.00129805292061907,0.0036944583125312,9.98502246630055e-05,0,9.98502246630055e-05,0,0,0,0.000199700449326011,9.98502246630055e-05,0.000199700449326011,9.98502246630055e-05,0,0.054418372441338,0,0,9.98502246630055e-05,0,0.000599101347978033,0.000199700449326011,9.98502246630055e-05,0,0,0,0.00409385921118323,0,0,0,0,0,0.000399400898652022,9.98502246630055e-05,9.98502246630055e-05,0,9.98502246630055e-05,0.0036944583125312,0.000299550673989016,0,0.000499251123315027,0,9.98502246630055e-05,0,0,9.98502246630055e-05,0.000199700449326011,0,0,0,0,0.0581128307538692,0,9.98502246630055e-05,0.0144782825761358,0,9.98502246630055e-05,9.98502246630055e-05,0.000199700449326011,0.000199700449326011,9.98502246630055e-05,9.98502246630055e-05,0,0,9.98502246630055e-05,9.98502246630055e-05,0,0.00449326010983525,0,0,0.000199700449326011,9.98502246630055e-05,0,0,0,0,9.98502246630055e-05,9.98502246630055e-05,0.000199700449326011,0,0,0.00519221168247629,0
0,0,0.000299550673989016,0,0.00998502246630055,0.0053919121318023,0,0,0,0.00389415876185721,0.00938592111832252,0,0,0.00109835247129306,0,0,0,0,0,0,0.000199700449326011,0.00219670494258612,0,0,0,0.0145781328007988,0.00309535696455317,0,0.00129805292061907,0,0.000199700449326011,0,0,0,0,0,0.0017973040439341,9.98502246630055e-05,0.00279580629056415,0,0.00479281078382426,0.000798801797304044,0,0.000299550673989016,0.00589116325511732,9.98502246630055e-05,0,9.98502246630055e-05,0,0,0.00149775336994508,0,0,0.000299550673989016,9.98502246630055e-05,0,0,0,0,0.0018971542685971,0.00219670494258612,0,0,0.0036944583125312,0,0.000299550673989016,0.000798801797304044,0,9.98502246630055e-05,0.00249625561657514,9.98502246630055e-05,0,0.00639041437843235,0.00289565651522716,0,0,0,0,0,9.98502246630055e-05,0,0.00589116325511732,0.00599101347978033,0,0,0,0.000399400898652022,0,0,0,0,0,0.00509236145781328,0,0,0.00828756864702946,9.98502246630055e-05,0,0.000698951572641038,0,0,0,0,0,0,0,0.000299550673989016,0.150374438342486,0.00599101347978033,0.00299550673989016,0,0,0,0,0.000399400898652022,0,0.0018971542685971,0.00119820269595607,0,0,0,0.00449326010983525,0,0,0.000199700449326011,0.0220668996505242,0,0,0,0.18671992011982,0,9.98502246630055e-05,0,0.000399400898652022,0.00129805292061907,0,0,0,0,0,9.98502246630055e-05,0,0,0,0.000199700449326011,0,0.000499251123315027,0.000798801797304044,0,0,0.000599101347978033,0.000199700449326011,0,0.000499251123315027,0,0,0,0,0,0.01827259111333,0,0.000299550673989016,0,9.98502246630055e-05,0,0,0,0,0,0.00109835247129306,0,0,0,0,0,0,9.98502246630055e-05,9.98502246630055e-05,0.000798801797304044,9.98502246630055e-05,0,0,0,0,9.98502246630055e-05,0,0.000299550673989016,0,0,0,9.98502246630055e-05,0.000798801797304044,9.98502246630055e-05,0,0,0,0,0.000399400898652022,0,0,0,0,0,9.98502246630055e-05,0,0.00499251123315027,0.000199700449326011,0,0,0.000199700449326011,0,0,0,0,9.98502246630055e-05,9.98502246630055e-05,0,0.00159760359460809,0.00798801797304044,0,0.00529206190713929,0.00149775336994508,0.017473789316026,0,0,0,0.0440339490763854,0,0.000199700449326011,0.000599101347978033,0.00918622066899651,9.98502246630055e-05,0,0.194907638542187,0,0.000299550673989016,0.000499251123315027,0,0,0.000299550673989016,9.98502246630055e-05,0,0,0,0,0,0,0,0,0,0,9.98502246630055e-05,0,0,0,0.0036944583125312,9.98502246630055e-05,0,9.98502246630055e-05,0.000199700449326011,9.98502246630055e-05,0,0,0,9.98502246630055e-05,0,0,0,0,0.0588117823265102,0.000199700449326011,0.000399400898652022,0.0610084872690964,0,0,0,0,0,0,0.0205691462805791,9.98502246630055e-05,0,0.0325511732401398,0,0,0,0,0,0.000698951572641038,0,0,0.00129805292061907,0,0,0.00649026460309536,0,0,0,0,0.00209685471792312,0
0,9.98402555910543e-05,0.000299520766773163,0,0.0141773162939297,0.00688897763578275,9.98402555910543e-05,0,0,0.0178714057507987,0.00758785942492013,0,0,0,0.000399361022364217,0,0.000898562300319489,9.98402555910543e-05,0,0,0.00439297124600639,0.00728833865814696,0.00379392971246006,0,0,0.0143769968051118,0.000399361022364217,0,9.98402555910543e-05,0.000499201277955272,0.00339456869009585,0,0,9.98402555910543e-05,0,0,0,0,0,0,0.0101837060702875,0,0,0,0.00599041533546326,0.00209664536741214,0,9.98402555910543e-05,0,9.98402555910543e-05,0.00189696485623003,0,9.98402555910543e-05,9.98402555910543e-05,9.98402555910543e-05,0,0,0,0,0.0297523961661342,0.00509185303514377,0.00429313099041534,0,0,0,0.00069888178913738,0.00259584664536741,0.00289536741214057,0,0,0,0,0,0.0371405750798722,0,0,0,0,0,0.0703873801916933,0,0.00609025559105431,9.98402555910543e-05,0,0,9.98402555910543e-05,0,0,0,0,0,0,9.98402555910543e-05,0,0,0.00579073482428115,9.98402555910543e-05,0,0,0,0,0,0,0,0.00209664536741214,0,0,0.00369408945686901,0.00389376996805112,0,0.000599041533546326,0,0,0.00339456869009585,0,0,0.00289536741214057,0.000599041533546326,9.98402555910543e-05,0,0,0,0.0135782747603834,0,0.000499201277955272,0.0689896166134185,0,0,0.00119808306709265,0.020267571884984,0,0.0117811501597444,0,0,0.0010982428115016,0,9.98402555910543e-05,0,0,0,0,0,0,0,0,0,9.98402555910543e-05,0,0,0,0.000399361022364217,0,0,0,0,0,0,0,0,0.00638977635782748,0,0,0,0,0.000399361022364217,0,0,0,0,0.00199680511182109,0,0,9.98402555910543e-05,0,0,0,0.000499201277955272,0,0.0045926517571885,9.98402555910543e-05,0,0,0,0,0.000998402555910543,0,0,0,0,0,0,0.00189696485623003,0,0,0,0,0,0,0,0,0,0,0,0,0,0.000199680511182109,9.98402555910543e-05,9.98402555910543e-05,0,0,9.98402555910543e-05,0,0,0,0,0,0.0144768370607029,0,0.00069888178913738,0.000199680511182109,0,0,0,0.000898562300319489,0,0,0,9.98402555910543e-05,0,0,0.00379392971246006,9.98402555910543e-05,0,0.0436301916932907,0,0,9.98402555910543e-05,0,0,0.000299520766773163,0,0,0,0,0,0,0,0,0,0,0,9.98402555910543e-05,0,0,0,9.98402555910543e-05,9.98402555910543e-05,0,0.000798722044728434,0.000299520766773163,0.000199680511182109,0,0,0.000199680511182109,0,0,9.98402555910543e-05,0,0,0.000499201277955272,0,0.00069888178913738,0.0190694888178914,0.000499201277955272,0,0,0.000299520766773163,0,0,0.487420127795527,0,9.98402555910543e-05,0.000798722044728434,0,9.98402555910543e-05,0,0,0,0,0.000798722044728434,0,0,0,0,0,0,0,0,0,0.00219648562300319,0
0.00179928028788485,0,0,0,0,0,9.99600159936026e-05,0,0.130547780887645,0,0.000299880047980808,0,9.99600159936026e-05,0.00739704118352659,0,0.00079968012794882,0,0,0,0,0,0.0038984406237505,0,0,0,0.163134746101559,0,0,0.000199920031987205,0.000899640143942423,0.000199920031987205,0,0,0.0114954018392643,0,0,0.00199920031987205,0.00539784086365454,9.99600159936026e-05,0,9.99600159936026e-05,0,0,0,0,0.00609756097560976,0,0.000199920031987205,0,0,0,0,0,0,0.00039984006397441,0,0,0,0,0.0116953218712515,0,0,0,0,0,0,0,0,0.00079968012794882,0,0.00349860055977609,9.99600159936026e-05,9.99600159936026e-05,0,0,0,9.99600159936026e-05,0,0,0.00349860055977609,0.000199920031987205,0.000299880047980808,0.00039984006397441,0,0.000599760095961615,0,0.00979608156737305,0,0,0.00539784086365454,0,0.000199920031987205,0.00719712115153938,0.000499800079968013,0,0,0,0,0.00519792083166733,0,0,0,0,0.00139944022391044,0.000199920031987205,0.000299880047980808,0.00039984006397441,0.0713714514194322,0,0,0,0.000199920031987205,0,0.00699720111955218,0.000199920031987205,0,9.99600159936026e-05,0,0,0,0.000499800079968013,0,0,0,0.0123950419832067,0,0,0,0,0,0.00519792083166733,0.000599760095961615,0,0,0,0,0.00129948020791683,0,0,0,0.00119952019192323,0,0,0,0,0,0.000299880047980808,0,0,0,0,0.000899640143942423,0,0,9.99600159936026e-05,0,0,0,0,0.00529788084766094,0,0.000299880047980808,0.000699720111955218,9.99600159936026e-05,0,0,0,0,0,0,0.000299880047980808,0,0,0,0,0,0.000199920031987205,0.0116953218712515,0.000499800079968013,9.99600159936026e-05,0,9.99600159936026e-05,0,0,0.000499800079968013,0,0,0,0,9.99600159936026e-05,0,0.0104958016793283,9.99600159936026e-05,0,0.00259896041583367,0,0,9.99600159936026e-05,0,0,0,0,0,0,0,0.000199920031987205,0.000199920031987205,0,0,0,0,0,0,0,0.00339864054378249,9.99600159936026e-05,9.99600159936026e-05,0.0039984006397441,0.0118952419032387,0,9.99600159936026e-05,0,0,0,0,0,0.00249900039984006,0,0.00819672131147541,0,0.00259896041583367,0,0,0.00289884046381447,0,9.99600159936026e-05,0,0,0,0,0.000299880047980808,0.00579768092762895,0,0,0,0,0,0,0.000299880047980808,0.000199920031987205,0,0.000199920031987205,0.00149940023990404,0,0.00229908036785286,0,0,0.000199920031987205,0.00149940023990404,0.00479808076769292,0,0,9.99600159936026e-05,9.99600159936026e-05,9.99600159936026e-05,0,0,0.00339864054378249,0,9.99600159936026e-05,0,0.00339864054378249,0,0.0446821271491403,0,0,0,9.99600159936026e-05,0.00039984006397441,0.320871651339464,0,0,0.0209916033586565,0,0,0,0,0,0,0.000699720111955218,0.00529788084766094,0.000699720111955218,0.00039984006397441,0.00499800079968013,0.00409836065573771,0,0.00199920031987205,0,0,0.0125949620151939,0
0,0,0,0,0.0138944422231108,0,9.99600159936026e-05,0,0,0.00869652139144342,0.00269892043182727,0,0,0,0,0,0.000999600159936026,0,0,0,0,0.0158936425429828,0,9.99600159936026e-05,0,0.00119952019192323,0,0,0.00169932027189124,0,9.99600159936026e-05,0,0,0.000199920031987205,0,0,0,0,0,0,0,0,0,0,0,0,0,0,0,0,0,0.00459816073570572,0,0.00039984006397441,0,0,0.00169932027189124,0.00409836065573771,0,0.0101959216313475,0,0,0.00229908036785286,0,0.00709716113554578,0.0164934026389444,0.000699720111955218,0.00859656137544982,0,0.0119952019192323,0,0,0.00249900039984006,0.00959616153538585,0,0,0,0,0.00129948020791683,0.00739704118352659,0,0.00579768092762895,0.00109956017592963,0,0,0,0,0,0.00269892043182727,0,0,9.99600159936026e-05,9.99600159936026e-05,0,0.00179928028788485,9.99600159936026e-05,0,0,0.00179928028788485,0,0,0,0,0,0,0,0.000699720111955218,0.00269892043182727,0.021891243502599,0.0235905637744902,0,0,0,0,0.000899640143942423,0.000199920031987205,0,0.00319872051179528,0,0,0,0,0.0274890043982407,0,0,0.108856457417033,0,0.000299880047980808,0,0.143342662934826,0,0.0237904838064774,0,9.99600159936026e-05,0.00139944022391044,0,0,0,0,0,0.00499800079968013,0,0.000899640143942423,0,9.99600159936026e-05,0.022890843662535,0.00039984006397441,0,0,0,0.000199920031987205,0,0,0,9.99600159936026e-05,0,0,0,0,0.00489804078368653,0,0,0,0.229408236705318,0,0,0,0,0,0,0.000299880047980808,0.000899640143942423,0,9.99600159936026e-05,0.00139944022391044,0,0,0.000199920031987205,0.00929628148740504,0,0.00109956017592963,0,0,0,0.000299880047980808,0,0,0,0,0,0,0.000499800079968013,0,0,0,0,0,0,0,0,0,0,0.00079968012794882,0,0,0.00149940023990404,0.00039984006397441,0,0,0.000999600159936026,0,0.00699720111955218,0,0,9.99600159936026e-05,0,0.0193922431027589,0.00329868052778888,0.0152938824470212,0,0,0.00129948020791683,0,0,0,0.000199920031987205,0,0,0,0.00119952019192323,0,0,0,0.000899640143942423,0,0,0,9.99600159936026e-05,0,0,0,0,0,0,0,0,0,0,0,0,0,0.000499800079968013,0.000299880047980808,0,0.00079968012794882,0.000199920031987205,0.00209916033586565,0,0.000299880047980808,0,0,0,0,0.000499800079968013,0,0,0,0,0.000199920031987205,9.99600159936026e-05,0,0,0.0100959616153539,0,0.00369852059176329,0,0,9.99600159936026e-05,0,0.12125149940024,0,0,0.00569772091163535,0,0,0,0,9.99600159936026e-05,0,0,0,0.000199920031987205,0,0,0.00999600159936026,0,0.000199920031987205,0,0,0.00429828068772491,0.00239904038384646
0,0,0,0,0.00439780109945028,0.00469765117441279,9.99500249875062e-05,0,0,0.0104947526236882,0.00469765117441279,0,0,0,0,0,0.0150924537731134,0,0,0,0,0.0168915542228886,0.00149925037481259,0,0,0.0738630684657671,0,0.00539730134932534,9.99500249875062e-05,0,0.000899550224887556,0,0,0,0,0,0,0,0.00109945027486257,0,0.00579710144927536,0,0,0,0.000499750124937531,0.00929535232383808,0,0,0,0,0,0,0,0.000399800099950025,0,0,0,0,0,0,0,0,0.000599700149925037,0,0,0.00439780109945028,0,0,0,0,0,0,0.000299850074962519,0,0,0,0,0,0,0.0458770614692654,0,0.0252873563218391,0.00409795102448776,0,0,0,0.00309845077461269,0,0,0,0,0,0,0,0.00359820089955022,0,0,0,0,0,0,0,0.00119940029985007,0,0,0,0.00759620189905048,9.99500249875062e-05,0.0272863568215892,0,0,0.000599700149925037,0,0,0,0,0,0.000199900049975012,0,0,0,0,0,0,0.00469765117441279,0.175612193903048,0,0,0,0.11464267866067,0,0.000499750124937531,0,0,0.000699650174912544,0,0,0,0,0,0,0,0,0,0,0,0,0,0,0,0.00829585207396302,0,0,0,0,0,0,0,0,0.00459770114942529,0,0,0,0,0,0,0.000299850074962519,0.000299850074962519,0,0.000299850074962519,0,0,9.99500249875062e-05,0,0,0,0,0.00699650174912544,0,0,0,0,0,0,0.00589705147426287,0,0.000199900049975012,0,0,0,0,0.0198900549725137,9.99500249875062e-05,0,0,0,0,0,0,0,0,0,0,0,9.99500249875062e-05,0.00189905047476262,0,0,0.000199900049975012,9.99500249875062e-05,0,0,0,0,0.0107946026986507,0,0,0.0129935032483758,0.00599700149925037,0,0.000599700149925037,0,0,0,0,0,0.00399800099950025,0,0,0,0,0,0,0.146026986506747,0,0,0,0,0,0.000199900049975012,0,0,0,0,0.000299850074962519,0,9.99500249875062e-05,0,0,0,0,0,0.00279860069965018,0,0,0,0,0,0,0,0,0,0,0.00129935032483758,0,0,0,0,0,0.000499750124937531,0,0.00819590204897551,0.00219890054972514,0,0,0,0,0,0,0.0915542228885557,0,0,0.0584707646176912,0,0,0,0,0,0,0.0135932033983008,0,0,0,0,0,0,0.000499750124937531,0,0,0.0149925037481259,0
0.00459586372264962,0,0.000499550404635828,0,0.0278749125786792,0,9.99100809271655e-05,0,9.99100809271655e-05,0.00649415526026576,0.00479568388450395,0,0.00479568388450395,0.0322709561394745,0.00389649315615946,0.000799280647417324,0.00119892097112599,0,0,0,0.00379658307523229,0.00299730242781497,0,0,0,0.0153861524627835,0,0,0.00409631331801379,0.00329703267059646,9.99100809271655e-05,0,0,0.000199820161854331,0,0,0.000599460485562993,0.000799280647417324,0.00169847137576181,0,0.0054950544509941,0,0,0,0.00089919072834449,0.00159856129483465,0.0031971225896693,9.99100809271655e-05,0,0,0.00229793186132481,0,9.99100809271655e-05,9.99100809271655e-05,9.99100809271655e-05,0,0,0,0,0.00529523428913977,0.0183834548905985,0.00419622339894095,0.00089919072834449,0,0.00759316615046458,0.00119892097112599,0.0110900189829154,0.010890198821061,0,0.00229793186132481,9.99100809271655e-05,0,0.000499550404635828,0.0383654710760316,0,0,0.000399640323708662,9.99100809271655e-05,0,0.00279748226596064,0,0.0164851633529823,0.00489559396543111,0,0.0167848935957638,9.99100809271655e-05,9.99100809271655e-05,9.99100809271655e-05,0,0.00419622339894095,0,0.00119892097112599,0,0,0,0,0,0,0,0,0,0.0134878609251673,0,0,0,0,0.000299730242781497,0.00199820161854331,0.00629433509841143,0.00389649315615946,0,0.000199820161854331,0.00089919072834449,0,0,0,0,0.000499550404635828,0.0172844440003996,0.000299730242781497,0,0,0.0028973923468878,0,0.000399640323708662,0.0665401138974923,0,0,0,0.137276451193925,0,0.0178839044859626,0,9.99100809271655e-05,0.000999100809271655,0,9.99100809271655e-05,0,0.000199820161854331,0,9.99100809271655e-05,0,0,0,0,0,0.000499550404635828,0.00409631331801379,0,0,0.00199820161854331,0,0,0,0.00529523428913977,0.00329703267059646,0.00219802178039764,0.00189829153761615,0,0,0,0,0,0,0,0,0,0,0,0.000499550404635828,0,0,0,9.99100809271655e-05,0,0,0,9.99100809271655e-05,0.00229793186132481,0,0,0,0,0,0.00109901089019882,0,0,0,0,0,0,0.0119892097112599,0.000299730242781497,0,0,0,0,0,0,0,0,0,0,0.000199820161854331,0,0.00509541412728544,0.00109901089019882,0,9.99100809271655e-05,0.00139874113298032,0,0,0,0,9.99100809271655e-05,9.99100809271655e-05,0.00209811169947048,0.00089919072834449,0.0140873214107303,0,0.00479568388450395,0.000999100809271655,0,0,9.99100809271655e-05,0,0,0,0.00119892097112599,0,0.0234788690178839,0,0,0.0212808472374863,0,0,0,0,0,0.0159856129483465,0,0,0,0,0,0,0,0.00129883105205315,0,0,9.99100809271655e-05,9.99100809271655e-05,0,0,9.99100809271655e-05,0.00129883105205315,0.000999100809271655,0,9.99100809271655e-05,0,9.99100809271655e-05,0,0,0.000199820161854331,0,0,0.000999100809271655,0,0.00159856129483465,0.00249775202317914,0.00109901089019882,0.00389649315615946,0.00849235687880907,0,0.00469577380357678,0,0,0,0,0.258067739034869,0,0,0.00729343590768308,0,0,0,0,0.0159856129483465,0,0.00349685283245079,0,0,0,0,0.000199820161854331,0,0.00279748226596064,0,0,0.00199820161854331,0
0,0,0,0,0.0173826173826174,0,0,0,0,0.00549450549450549,0.0040959040959041,0,0,0,0,0,0.0014985014985015,0,0.0163836163836164,0,0,0.00949050949050949,0,0,0,0.0197802197802198,0.000599400599400599,0,9.99000999000999e-05,0,0,0,0.001998001998002,9.99000999000999e-05,9.99000999000999e-05,0,9.99000999000999e-05,9.99000999000999e-05,0,0,0,0,0,0.0022977022977023,0.0034965034965035,0.0001998001998002,0,0,0,0,0.0024975024975025,0,0,0,0,0,0.00969030969030969,0,0.0003996003996004,0.003996003996004,0,0.000699300699300699,0.0014985014985015,0,0.0305694305694306,0.0014985014985015,0.00819180819180819,0.000999000999000999,0.0001998001998002,0,9.99000999000999e-05,0,0.0004995004995005,0.0032967032967033,0,0,0,0,0,0.0014985014985015,0,0.0034965034965035,0.0111888111888112,0,0,0,0,0,0.00609390609390609,0.0030969030969031,0,0.000599400599400599,0,0,9.99000999000999e-05,0,0,0,9.99000999000999e-05,0,0,0,0,0,0,0,0,0.0178821178821179,0.0342657342657343,0.0003996003996004,0,9.99000999000999e-05,0,0,0.0010989010989011,0,0,0.000799200799200799,0.0101898101898102,0,0,0,0.0035964035964036,9.99000999000999e-05,0.000699300699300699,0.0762237762237762,0,0,0,0.0623376623376623,0.0024975024975025,0.0001998001998002,0,9.99000999000999e-05,0,0,0,0,0,0,0,0,0.000899100899100899,0,0.00809190809190809,0,0.000599400599400599,0,0,9.99000999000999e-05,0.0014985014985015,0,9.99000999000999e-05,0.0002997002997003,0,0,0,0,0,0.0003996003996004,0,0,0,9.99000999000999e-05,0,0,0,0,0,0,0,0,9.99000999000999e-05,0,0,0,0,0.000699300699300699,0.0516483516483516,0.0003996003996004,0,0,0,0,0.000599400599400599,0,0,0,0,0,9.99000999000999e-05,0.00539460539460539,9.99000999000999e-05,0.0016983016983017,0,0,0,0.0002997002997003,0,0,0,0,0,0.087012987012987,0,0.000699300699300699,0,0,0,9.99000999000999e-05,0,0,9.99000999000999e-05,0,0.0003996003996004,0.0001998001998002,0.00899100899100899,0.0018981018981019,0.000599400599400599,0.0002997002997003,0.0024975024975025,0,0,0,0,9.99000999000999e-05,0,0,0.000799200799200799,0.0001998001998002,0.0165834165834166,0,0,0.137062937062937,0,0,0.0003996003996004,0,0,0,0,0.0018981018981019,0,0,0,0,9.99000999000999e-05,0,0,0,0.00549450549450549,0.0002997002997003,0.000799200799200799,0,0.0016983016983017,0.0204795204795205,9.99000999000999e-05,0,0,0.0022977022977023,0.0002997002997003,0,0,0.0002997002997003,0,0,0,0,0,0.0659340659340659,0,0,0.0108891108891109,0,0,0,0,0.0002997002997003,0,0.15044955044955,0,0,0.0047952047952048,0,0,0,0,0,0.0035964035964036,0.0038961038961039,0,0,0,0,0.0010989010989011,0.000599400599400599,0.0011988011988012,0.0004995004995005,0,0.00789210789210789,0
0,0,0,0.0001000100010001,0,0,0.0001000100010001,0.0016001600160016,0,0,0,0,0,0,0.0002000200020002,0,0.005000500050005,0,0,0,0,0.0039003900390039,0,0.0002000200020002,0,0.128012801280128,0,0,0.0002000200020002,0.0144014401440144,0.174517451745175,0,0,0.001000100010001,0,0,0,0.0241024102410241,0,0,0,0,0,0.0012001200120012,0,0.0011001100110011,0,0.0006000600060006,0,0,0.0021002100210021,0,0,0,0.0017001700170017,0,0,0,0,0.0178017801780178,0,0.0001000100010001,0,0,0,0,0.0045004500450045,0,0,0.0097009700970097,0.0013001300130013,0,0,0,0,0,0,0,0,0,0,0,0.0005000500050005,0,0,0.0028002800280028,0,0,0,0,0,0.0028002800280028,0,0,0,0.0001000100010001,0,0,0.0058005800580058,0,0,0,0,0,0,0,0,0.0584058405840584,0,0.0012001200120012,0.0001000100010001,0,0.0001000100010001,0.008000800080008,0.0004000400040004,0,0,0,0.0078007800780078,0,0,0,0,0.0001000100010001,0,0,0,0,0.0469046904690469,0,0,0.0009000900090009,0,0,0,0,0,0,0,0,0.0037003700370037,0,0,0,0,0,0.0029002900290029,0.0003000300030003,0.0002000200020002,0,0.001000100010001,0.0129012901290129,0.0029002900290029,0.0037003700370037,0,0,0,0,0,0.0001000100010001,0.0025002500250025,0,0,0.0022002200220022,0,0,0.0003000300030003,0,0,0,0.0007000700070007,0,0,0,0,0,0,0.0119011901190119,0.0542054205420542,0,0,0.0001000100010001,0,0,0.0023002300230023,0,0,0,0,0,0.0141014101410141,0.0101010101010101,0,0.0005000500050005,0,0,0,0.0003000300030003,0.0001000100010001,0,0,0,0,0,0.0066006600660066,0.0148014801480148,0.0002000200020002,0,0,0,0,0,0,0,0.0061006100610061,0.0002000200020002,0.0031003100310031,0.0014001400140014,0,0.0002000200020002,0.0391039103910391,0.0008000800080008,0,0,0,0,0,0,0,0,0,0,0,0.0265026502650265,0,0,0.0004000400040004,0,0,0.0043004300430043,0,0,0.0002000200020002,0,0.0003000300030003,0.0238023802380238,0,0,0,0,0,0.0006000600060006,0.0025002500250025,0,0,0.0129012901290129,0.0106010601060106,0,0.0086008600860086,0,0.0006000600060006,0,0,0.0014001400140014,0.0001000100010001,0,0,0,0.0003000300030003,0.0008000800080008,0,0,0.0078007800780078,0,0.0002000200020002,0,0,0,0,0.13031303130313,0,0,0.0057005700570057,0,0,0.0002000200020002,0,0,0.0009000900090009,0,0,0,0,0,0,0.0022002200220022,0.0002000200020002,0,0,0.0297029702970297,0
0.00369852059176329,0,0,0,0,0,9.99600159936026e-05,0,0,0,0,0,0,0,0.000899640143942423,0,9.99600159936026e-05,0,0,0,0,0.00039984006397441,0,0,0,0.164134346261495,0,0.00039984006397441,0.00299880047980808,0.00999600159936026,0.16953218712515,0.00079968012794882,0,0.0133946421431427,0,0,0,0.00519792083166733,0,0,0,0,0,0,0,0.0211915233906437,0,0,0,0,0.000199920031987205,0,0,0,0.00249900039984006,0,0,0,0,0.0146941223510596,0,0,0,0,0,0,0.00129948020791683,0,0,0,0,0,0,0,0,0,0,0,0,0.00359856057576969,0,0,0.0132946821271491,0,0,9.99600159936026e-05,0,0,0,0.0037984806077569,0,0,0.000199920031987205,0,0,0,0,0,0.00139944022391044,0,0,0,0,0,0,0,0,0.0782686925229908,0,0,0,0,0,0.0186925229908037,0,0,0,0,0.00859656137544982,0,0,0,0.00039984006397441,0,0.0289884046381447,0,0,0,0,0,0.000599760095961615,0.00869652139144342,0,0,0,0,0.000299880047980808,0,0,0,9.99600159936026e-05,0,0,0,0,0.0330867652938825,0.000499800079968013,0,0,0,0.000599760095961615,0.00109956017592963,0,0,0,0,0,0,0,0,0,0,0,9.99600159936026e-05,0,0,0,0,0,0,0.000499800079968013,0.00229908036785286,0,0,0,0,0,0,0.0577768892443023,0,0,0,0,0,0.000599760095961615,0,0,0,0,0,0,0.0241903238704518,9.99600159936026e-05,9.99600159936026e-05,0,0,0,0,0,0,0,0,0,0,0,0.00349860055977609,0,0,0,0,0,0,0,0,0.000699720111955218,0,0.0231907237105158,0,9.99600159936026e-05,0,0.00539784086365454,0,0,0,0,9.99600159936026e-05,0,0,0,0,0.00359856057576969,0,0,0.00539784086365454,0,0,0.000599760095961615,0,0,0.000999600159936026,0,0,0,0,0,0,9.99600159936026e-05,0,0,0,0.000199920031987205,0.000299880047980808,0.00139944022391044,0,9.99600159936026e-05,0.000499800079968013,0.000499800079968013,0,0.000699720111955218,0.0129948020791683,0,0,0,9.99600159936026e-05,0,0,0,0,0,0.00039984006397441,0,0.00319872051179528,0.0220911635345862,0,0,0,0,9.99600159936026e-05,0.000299880047980808,0.193522590963615,0,0,0.0162934826069572,0,0,0,0,0,0.00109956017592963,0.000699720111955218,0,0,0,0,9.99600159936026e-05,0,0.000299880047980808,0,0,0.00189924030387845,0
0,0,0,0,0,0,0,0,0,0,0,0,0,0,0.0015996800639872,0,0,0,0,0,0,0,0,0,0,0.000699860027994401,0,0,0,0,0.0286942611477704,0,0,9.99800039992002e-05,0,0,0,0,0,0,0,0,0,0,0,0.0310937812437512,0,0,0,0,0,0,0,0,0,0,0,0,0,0,0,0,0,0,0,0,0,0.00669866026794641,0.0002999400119976,0,0,0,0,0,0,0,0,0,0,0.00439912017596481,0,0,0,0,0.177364527094581,0,9.99800039992002e-05,0.00359928014397121,0,0,0,0,0.0011997600479904,0,0,0,0,0,0,0,0,9.99800039992002e-05,0,0,0.00559888022395521,0,0,0.0991801639672066,0,0,0,0.00929814037192562,0,0.00379924015196961,0,0,0,0,0.00729854029194161,0.011997600479904,0,0,0,9.99800039992002e-05,0.0010997800439912,0,0,0,0,0,0.0010997800439912,0,0,0,0,0,0.0021995600879824,0,0,0,0,0,0,0,0,0,0,0,0,0,0,0,0,0,0,0,0,0,0.00249950009998,0,0,0,0,0,0,0,0,0,0,0,0,0,0,0,0,0,0,0,0,0,0,0,0,0,0,0,0.0001999600079984,0,0,0,0,0.00509898020395921,0,0,0,0,0,0,0,0,0,0,0,0,0,0,0,0,0.0002999400119976,0,0,0,0,0,0,0,0,0,0,0,9.99800039992002e-05,0,0,0,0,0,0,0,0.000899820035992801,0,0,0,0,0,0,0,0,0,0,0,0,0,9.99800039992002e-05,0,0,0,0.00399920015996801,0,0,0,0.0501899620075985,0,0,0,0,0,9.99800039992002e-05,0,0,0,0,0,0,0,0,0,0,0.00629874025194961,0,0,0,0,0.0267946410717856,0,0,0,0,0,0,0.494701059788042,0,0,0.0031993601279744,0,0,0,0,0,0,0.0023995200959808,0,0,0,0,0,0,0.00339932013597281,0,0,0.0020995800839832,0
0,0,0.000599101347978033,0,0.00409385921118323,0.00219670494258612,0,0,0,0.00399400898652022,0.00419370943584623,0.00708936595107339,0,0.0212680978532202,0.00489266100848727,0,0,0,0,0.000599101347978033,0,0.00678981527708437,0,0,0,0.0443334997503744,0,0,9.98502246630055e-05,0,0,0,0,0.0018971542685971,0,0,0.000199700449326011,9.98502246630055e-05,0.00349475786320519,0,0.00299550673989016,0.0035946080878682,0,0.0018971542685971,0.00379430853719421,0.0017973040439341,0,9.98502246630055e-05,0,0,0.00429355966050924,0,0,0.000599101347978033,0.000698951572641038,0,0,0,0.000199700449326011,0.00888666999500749,0.00439340988517224,0.00968547179231153,0,0,0,0,9.98502246630055e-05,0.000399400898652022,0,0,0.00409385921118323,0,0,0.0760858711932102,0,0,0,0,0,0.000599101347978033,0,0.0170743884173739,0,0,0.0228657014478283,0,0.00139790314528208,0,0,0,0,9.98502246630055e-05,0,0,0.00329505741387918,0,0,0,0.00309535696455317,0,0.000199700449326011,0.0159760359460809,0,0,0.00289565651522716,0,0,9.98502246630055e-05,0.00579131303045432,9.98502246630055e-05,0,0,0,0.00778831752371443,9.98502246630055e-05,0,0,0.00159760359460809,9.98502246630055e-05,0,0,0.00449326010983525,0.0109835247129306,9.98502246630055e-05,0.00878681977034448,0.0343484772840739,0,0,0,0.12890664003994,0,0.000499251123315027,0,0,0,0,9.98502246630055e-05,9.98502246630055e-05,0,0,9.98502246630055e-05,0,0,0,0.00219670494258612,0,0,0,0,0,0.000998502246630055,9.98502246630055e-05,0,0.000499251123315027,0.000199700449326011,0,0,0,0.000798801797304044,0.0111832251622566,0,0,0,0.0558162755866201,0,0,0,0,0,0,0.000199700449326011,0,0,0,0,0,0,0.00619071392910634,9.98502246630055e-05,0,0,0,0,0,0,0,0,0.00768846729905142,0,0,0,0.00439340988517224,9.98502246630055e-05,0,0,0,0,0,0,0,0.00609086370444333,0,0,0,0,0.000299550673989016,9.98502246630055e-05,0,0.000199700449326011,0,0,0,0,0,0.000499251123315027,0,0.00299550673989016,0,9.98502246630055e-05,0.000399400898652022,0,0,0,0,0,0.00579131303045432,0,0,0.01827259111333,0.00149775336994508,0.00738891662506241,0,0,0.00519221168247629,0,0,9.98502246630055e-05,0,0,0.000199700449326011,0,0,0,0,0,0.000599101347978033,0,0,0,0,0.00569146280579131,9.98502246630055e-05,0,0,0,0.000299550673989016,0.00329505741387918,0,9.98502246630055e-05,0.000299550673989016,9.98502246630055e-05,0,0,9.98502246630055e-05,0,9.98502246630055e-05,0,0,0,9.98502246630055e-05,0,0.000599101347978033,0.0573140289565651,0,0,0,0,0,0,0.253619570644034,9.98502246630055e-05,0,0.0332501248127808,0,0,0,0,0,0.000998502246630055,0,0,0,0,0,0,0,0.000499251123315027,0,0,0.00229655516724913,0
0,0,0.000199920031987205,0,0.0138944422231108,0,0,0,0,0.00699720111955218,0.00749700119952019,0,0,0,0,0,0,0,0,0.000199920031987205,0,0.0078968412634946,0,0,0,0.00589764094362255,0,0,0,0,0.00319872051179528,0,0,0,0,0,0,0,0,0,0.00499800079968013,0,0.0119952019192323,0,0.00139944022391044,0.000699720111955218,0,0,0,0,0,0,0,0,0,0.00039984006397441,0,0,9.99600159936026e-05,0.0148940423830468,0,0,0,0,0,0,0,0.00319872051179528,0,0,0,0,0,0,0,0,0,0,0,0.00969612155137945,0,0.0114954018392643,0,0,0,0,0.0107956817273091,0.000199920031987205,0,0,0,0,0,0,0.00109956017592963,0,0,0,0,0,0,0.0127948820471811,0,0,0,0,0,0.188624550179928,0.00589764094362255,0.00189924030387845,0,0,0,0,0,0,0,0.00139944022391044,0,0,0,0,0.00319872051179528,0,9.99600159936026e-05,0.0597760895641743,0,0,0,0.191823270691723,0,0.0103958416633347,0,0,0.00319872051179528,0,0,0,0,9.99600159936026e-05,9.99600159936026e-05,0,0.000599760095961615,0,0,0,0,0,0,0,0,0,0,0,0,0.000299880047980808,0,0,0,0,0,0,0,0,0,0,0,0,0,0,0,0,0,0,0,0,0,0,0,0,0,0,0,0,0,0,0,0,0,0,0,0.0039984006397441,0.000199920031987205,0,0,0,0,0,0,0,9.99600159936026e-05,0,0,0,0.0138944422231108,0.00409836065573771,0,0,0,0,0,0,0,0,0,0,0,0,9.99600159936026e-05,0,0,0,0,0,0,0,0,0,0.00599760095961615,0,0,0,0,0.0336865253898441,0,0,0,0,0,0,0,0,0,0,0.0153938424630148,0,0,0,0,0,0,0,0,0,0,0,0,0,0,0.00149940023990404,0,0,0,0,0,0,0,0,0,0.0554778088764494,0,0,0,0,0,0,0,0,0,0.259696121551379,9.99600159936026e-05,0,0.00149940023990404,0,0,0,0,0,0,0,0,0,0,0,0,0,0.00529788084766094,0,0,0.00199920031987205,0
0,0,0.000199900049975012,0,0.00819590204897551,0,0,0,0,0.00509745127436282,0.00329835082458771,0,0.00129935032483758,0.00349825087456272,0.00139930034982509,0,0,0,0,0,0.0015992003998001,0,0.00139930034982509,0,0,0.0378810594702649,0.000599700149925037,0,9.99500249875062e-05,0.000899550224887556,0.00239880059970015,0.0130934532733633,0,0.00669665167416292,0,0,0.00079960019990005,9.99500249875062e-05,0.00929535232383808,0,0.00589705147426287,0,0,0,0.00529735132433783,0.00129935032483758,0,0.000999500249875062,0,0,0.00509745127436282,0.00269865067466267,0,9.99500249875062e-05,0.000199900049975012,0,0,0,0,0.000999500249875062,0.00549725137431284,0.00349825087456272,0.00109945027486257,0,0,0.000499750124937531,0.000299850074962519,0.000599700149925037,0.000699650174912544,0,0,9.99500249875062e-05,0,0.0277861069465267,0,0,0,0,0,0.000899550224887556,0,0,0,0,0,0,0,0,0,0.0095952023988006,0,9.99500249875062e-05,9.99500249875062e-05,0.000499750124937531,0.00389805097451274,0,0,9.99500249875062e-05,0.00299850074962519,0,0.000199900049975012,0,0,0,0.00569715142428786,0,0,0.0015992003998001,0,0.000199900049975012,0.000199900049975012,0,0,0.0983508245877062,0,0,0,0.00149925037481259,0,9.99500249875062e-05,0,0.0150924537731134,0.00199900049975012,0.000199900049975012,0.00079960019990005,0.0435782108945527,0,0,0,0.153823088455772,0.00259870064967516,0.00149925037481259,0,0,0.000699650174912544,0.00229885057471264,9.99500249875062e-05,0,0,0,9.99500249875062e-05,0,0.000899550224887556,0,0,0,0,0.00329835082458771,0,0,0.00119940029985007,0,0,0,0.000199900049975012,0,0,0,0,0.00519740129935032,0,0,0,0.0276861569215392,0,0,9.99500249875062e-05,0,0,0,0,0,9.99500249875062e-05,0,0,0.000499750124937531,0,0,0.00289855072463768,0.000199900049975012,0,0.000499750124937531,0,0,0,0,0,0.0269865067466267,0,0,0,0.0079960019990005,0.000199900049975012,0,0.0104947526236882,0,0,0.000299850074962519,0,0,0,0,0,0,0.032383808095952,9.99500249875062e-05,0.000199900049975012,0,0,0,0,0,0,0.000599700149925037,0.00119940029985007,0,0.00259870064967516,0,0.000299850074962519,0,0,0.00649675162418791,0,0,0,0,0,0,0.0134932533733133,0.00229885057471264,0,0,9.99500249875062e-05,0.00429785107446277,0,0.000299850074962519,0,0,0,0,0,0,0.0211894052973513,0,0,0,9.99500249875062e-05,0,0,0,0,0,0.00239880059970015,9.99500249875062e-05,0.00139930034982509,0.000299850074962519,9.99500249875062e-05,0.000699650174912544,0.000199900049975012,0,0,0,0,9.99500249875062e-05,0,0,0,0,0,0,0,0,0.0263868065967016,0,0,0,0,0,0.000199900049975012,0.198900549725137,9.99500249875062e-05,0,0.0189905047476262,0,0.0586706646676662,0,0,0,0,0.000599700149925037,0,0,0,0.000199900049975012,0.00339830084957521,0,0.000199900049975012,0,0.000399800099950025,0.00289855072463768,0
0,0,9.99500249875062e-05,0,0.00939530234882559,0.00199900049975012,9.99500249875062e-05,0.00649675162418791,0,0.00279860069965018,0.00439780109945028,0,0.00279860069965018,0.00699650174912544,0.000599700149925037,0,0,0,0,0,0.000199900049975012,0.00499750124937531,0,0,0,0.0219890054972514,9.99500249875062e-05,0,0.000299850074962519,0,9.99500249875062e-05,0,0,0.000499750124937531,0,0,9.99500249875062e-05,9.99500249875062e-05,0.00109945027486257,0,0.00519740129935032,0,0,9.99500249875062e-05,0.00079960019990005,0.000199900049975012,0,0,0,0,0.00119940029985007,0,0,0,0,0,0,0,0,0.00219890054972514,0.00239880059970015,0.00139930034982509,0.000699650174912544,0,0.000199900049975012,0.00079960019990005,0.00249875062468766,0,0,0.00379810094952524,9.99500249875062e-05,0,0,0.00649675162418791,0,0,0,0,0,0.00139930034982509,0,0.00439780109945028,0.00359820089955022,0,0.000999500249875062,0.000899550224887556,0.00449775112443778,0,0,0.00839580209895052,0.125537231384308,0,0,0,0.00349825087456272,0,0,0,0.00129935032483758,0,0,0,0,0,0.00119940029985007,0,0.000199900049975012,0.0589705147426287,0.0185907046476762,0,0,0,0,0.00889555222388806,0.000199900049975012,0,0,0,0.000499750124937531,0,0,0.0133933033483258,0,0,9.99500249875062e-05,0.0568715642178911,0,0,9.99500249875062e-05,0.11624187906047,0.000499750124937531,0.00139930034982509,0,0,0,0,0,0,9.99500249875062e-05,0,0,0,0,0,0,0,0.000299850074962519,0,0,0,9.99500249875062e-05,9.99500249875062e-05,0,0,0,0,0,0,0,0.000499750124937531,0,0,0,0.128535732133933,0,0,0,0,0,0,9.99500249875062e-05,0,0,0,0,0,0,9.99500249875062e-05,0.00429785107446277,0,0.00659670164917541,0,0.00139930034982509,9.99500249875062e-05,0.00119940029985007,0,0,0,0,0,0,0.000699650174912544,0,0,9.99500249875062e-05,0,0,0,9.99500249875062e-05,0.0144927536231884,0,0,0.0228885557221389,0.00539730134932534,0,0.0031984007996002,0,0,0,0.00119940029985007,0,0.00719640179910045,0.00169915042478761,9.99500249875062e-05,0.000599700149925037,0,0.03968015992004,0.000199900049975012,0,0.000399800099950025,0,0.00109945027486257,0,0,0,0.00609695152423788,0.00699650174912544,0,0.00789605197401299,0,0.00659670164917541,0,0,0.0794602698650675,0,0,9.99500249875062e-05,0,0,0,0.000399800099950025,0,0,0.00149925037481259,0,0,0,0,0,0,0.000199900049975012,0,0.000299850074962519,0,0.000299850074962519,0,0.000399800099950025,0,0.000399800099950025,0,0.000599700149925037,0,0,9.99500249875062e-05,9.99500249875062e-05,0,0,0.0135932033983008,0,0.00109945027486257,0,9.99500249875062e-05,0.0079960019990005,0,0,0,0,9.99500249875062e-05,0.000199900049975012,0.0866566716641679,0,0,0.000199900049975012,0,0,0,0,0,0.00209895052473763,0,0,0,9.99500249875062e-05,0,0.00889555222388806,0,0,0,0,9.99500249875062e-05,0
0,0,0,0,0,0,0.000199840127897682,0,0,0,0.000799360511590727,0,0,0,9.99200639488409e-05,0,0,0,0,0,0,0.010691446842526,0,0.000199840127897682,0,0.141886490807354,0,0,0.00199840127897682,9.99200639488409e-05,0.0154876099120703,0,0,0.0021982414068745,0,0,0.0254796163069544,0.0295763389288569,0,0,0,0,0,0,0,0.00649480415667466,0,0,9.99200639488409e-05,0,0,0,0,0,0.00269784172661871,0,0,0,0,0.00379696243005596,0,0.00359712230215827,0,0,0.0100919264588329,0,0.008792965627498,0,0,0,0,0,0,0,0,9.99200639488409e-05,0,0,0,0.00539568345323741,0,0,0,0,0.0511590727418066,0,0,0,0,0.00419664268585132,0,0.00239808153477218,0,0,0,0,0,0,0.00309752198241407,0,0,9.99200639488409e-05,0,9.99200639488409e-05,0,0,0.013189448441247,0.01378896882494,0,0,0,0,0,0.0593525179856115,0,0,0,0,0.00939248601119105,0,0,0,0,0,0.0155875299760192,0,0,0,0,0,0,0.000799360511590727,0,9.99200639488409e-05,0,0,0.000499600319744205,0,0,0,0.000399680255795364,0,0,0,0,0,0,0,0,0,0.0016986410871303,9.99200639488409e-05,0,0,0,0,0,0,0.000399680255795364,0.00989208633093525,0,0,0,0,0,0,0,0,0,0.00629496402877698,0,9.99200639488409e-05,9.99200639488409e-05,0,0,0,0,0.0217825739408473,0.0287769784172662,0,0,0,0,0,0,0,9.99200639488409e-05,0,0,0,0,0.0261790567545963,9.99200639488409e-05,0,0,9.99200639488409e-05,0,0,0,0,0.00979216626698641,0,0,9.99200639488409e-05,0.00419664268585132,0.00519584332533973,0,0,0,0.000299760191846523,0,0,0,0,0.00379696243005596,0,0.00619504396482814,0,0.0195843325339728,0.000399680255795364,0.0141886490807354,0,0,0,0,9.99200639488409e-05,0,0,0,0,0.0440647482014388,0,0,0.0667466027178257,0,0,0,0,0,0.00279776179056755,0,0,0,0,0,0,0,9.99200639488409e-05,9.99200639488409e-05,0,0.00269784172661871,0,0.00379696243005596,0,0,0.00539568345323741,0,0,0.00579536370903277,0.00289768185451639,0,0,0,0,0,0,0,0.00149880095923261,0,9.99200639488409e-05,0.00429656274980016,0.00889288569144684,0.00339728217426059,0,0,0,0,0,0.00359712230215827,0.153776978417266,0,0,0.0405675459632294,0,0,0,0,0,0.00149880095923261,0,0,0,0,0,0.0082933653077538,0,0,0,0,0.0362709832134293,0
