"V1","V2","V3","V4","V5","V6","V7","V8","V9","V10","V11","V12","V13","V14","V15","V16","V17","V18","V19","V20","V21","V22","V23","V24","V25","V26","V27","V28","V29","V30","V31","V32","V33","V34","V35","V36","V37","V38","V39","V40","V41","V42","V43","V44","V45","V46","V47","V48","V49","V50","V51","V52","V53","V54","V55","V56","V57","V58","V59","V60","V61","V62","V63","V64","V65","V66","V67","V68","V69","V70","V71","V72","V73","V74","V75","V76","V77","V78","V79","V80","V81","V82","V83","V84","V85","V86","V87","V88","V89","V90","V91","V92","V93","V94","V95","V96","V97","V98","V99","V100","V101","V102","V103","V104","V105","V106","V107","V108","V109","V110","V111","V112","V113","V114","V115","V116","V117","V118","V119","V120","V121","V122","V123","V124","V125","V126","V127","V128","V129","V130","V131","V132","V133","V134","V135","V136","V137","V138","V139","V140","V141","V142","V143","V144","V145","V146","V147","V148","V149","V150","V151","V152","V153","V154","V155","V156","V157","V158","V159","V160","V161","V162","V163","V164","V165","V166","V167","V168","V169","V170","V171","V172","V173","V174","V175","V176","V177","V178","V179","V180","V181","V182","V183","V184","V185","V186","V187","V188","V189","V190","V191","V192","V193","V194","V195","V196","V197","V198","V199","V200","V201","V202","V203","V204","V205","V206","V207","V208","V209","V210","V211","V212","V213","V214","V215","V216","V217","V218","V219","V220","V221","V222","V223","V224","V225","V226","V227","V228","V229","V230","V231","V232","V233","V234","V235","V236","V237","V238","V239","V240","V241","V242","V243","V244","V245","V246","V247","V248","V249","V250","V251","V252","V253","V254","V255","V256","V257","V258","V259","V260","V261","V262","V263","V264","V265","V266","V267","V268","V269","V270","V271","V272","V273","V274","V275","V276","V277","V278","V279","V280","V281","V282","V283","V284","V285","V286","V287","V288","V289","V290","V291","V292","V293","V294","V295","V296","V297","V298","V299","V300","V301"
0,0,0,0,0,0,0.000199920031987205,0.0163934426229508,0,0,0,0.000199920031987205,0,0.000199920031987205,0,0,0,0,0,0,0,0.00039984006397441,0,0,0.000199920031987205,0.318572570971611,0,0,0.00459816073570572,0,0.0375849660135946,0,0,0.00109956017592963,0,0,0.000299880047980808,0.00689724110355858,9.99600159936026e-05,9.99600159936026e-05,0,0,0,0.00989604158336665,0,0.00479808076769292,0,9.99600159936026e-05,0,0,0,0,0,0,9.99600159936026e-05,9.99600159936026e-05,0,0,0,0.0159936025589764,0.00039984006397441,0,0,9.99600159936026e-05,0,0,0.000499800079968013,0,0,0.016593362654938,0.0038984406237505,0.000199920031987205,0.000899640143942423,0.0137944822071172,0,0,0,0,0,0.00589764094362255,0,0,0,0,0.00129948020791683,0,0,0,0,0.00609756097560976,0,9.99600159936026e-05,0,9.99600159936026e-05,0,0,0,0,0,0,0,0,0,0.000199920031987205,0,0,0.00239904038384646,0.199920031987205,0,0,0,0.00169932027189124,0,0.00759696121551379,0.00039984006397441,0,9.99600159936026e-05,0,0.00269892043182727,9.99600159936026e-05,0,0,0,0,0.00299880047980808,0,0,0,0.00039984006397441,0.00269892043182727,0,0.0469812075169932,0,0,0,0,0.00689724110355858,0,0,0,0.000899640143942423,0,0,0,0,0,0.000199920031987205,0,9.99600159936026e-05,0,0.00219912035185926,0,0,0,9.99600159936026e-05,0,0,0,0.00169932027189124,0.00429828068772491,0,0,0,0.0282886845261895,0,0,0,0,0,0.00039984006397441,0.000199920031987205,0,0,0,0,0,0,0.00079968012794882,0.0504798080767693,0.00129948020791683,0,0,0.00229908036785286,0,0,0,0,0,0,0,0,0.000299880047980808,0,0,0.00109956017592963,0,0.00039984006397441,0.00039984006397441,0,0,0.0105957616953219,0,0,0,0,0.00199920031987205,0,0,0,0,0,0,0,0.00079968012794882,0,0,0.0158936425429828,0,0,0.000899640143942423,0,9.99600159936026e-05,0,0,0,0,0,0,0.00299880047980808,0.00189924030387845,0.0388844462215114,0,0,0.0366853258696521,0,9.99600159936026e-05,0,0,0,0,0,0,0,0,0,0,0,0,0,0,0,0.000199920031987205,0.00189924030387845,9.99600159936026e-05,0.000199920031987205,0,0,0,9.99600159936026e-05,0,0.00359856057576969,0,0,9.99600159936026e-05,0,0,0,0,9.99600159936026e-05,9.99600159936026e-05,0,0.00459816073570572,0.00129948020791683,0,0,0,0,0,0.000199920031987205,0.0314874050379848,0,0,0.00139944022391044,0,0,0,0,0.00039984006397441,0.000499800079968013,0.00139944022391044,0,0,9.99600159936026e-05,0,0.00219912035185926,0,0.000299880047980808,0,0,0.000599760095961615,0
0,0,0,0,0,0,9.98302885095338e-05,9.98302885095338e-05,0,9.98302885095338e-05,9.98302885095338e-05,0,0,9.98302885095338e-05,0.000598981731057203,0,0,0.000598981731057203,0,0.00449236298292902,9.98302885095338e-05,9.98302885095338e-05,0,9.98302885095338e-05,0,0.20565039432964,0,0,0.000898472596585804,0,0.000499151442547669,0,0,0.00209643605870021,0.00079864230807627,0,0,9.98302885095338e-05,0,0,0,0,9.98302885095338e-05,0.000598981731057203,0,9.98302885095338e-05,0,0.000299490865528601,0,0,9.98302885095338e-05,0,0,0,0.000499151442547669,0,0,0,0,0.00389338125187182,9.98302885095338e-05,9.98302885095338e-05,0,0,0,0,0.00429270240590995,0,0,0,0.000199660577019068,0,0,0,0,0.0389338125187182,0,0,0,0.00249575721273834,0,0,0,0,0.000199660577019068,0,0.0870520115803135,0,0,0.000399321154038135,0.000898472596585804,0.000998302885095338,0,0.00169711490466207,0,0,0,0,9.98302885095338e-05,0,0,0,0,0,9.98302885095338e-05,0,9.98302885095338e-05,0.0978336827393431,0,0.048617350504143,0,0.00379355096336228,0,0.000898472596585804,0,0.00569032644504343,0,0,0,0,0.00179694519317161,0,0,0.000199660577019068,9.98302885095338e-05,0.000299490865528601,0,0,0.000199660577019068,0,0.0082859139462913,9.98302885095338e-05,0.0116801437556155,0,0,0,0.000199660577019068,0,9.98302885095338e-05,0,0,9.98302885095338e-05,0,0,9.98302885095338e-05,0,0,0,0,0,0.000299490865528601,0.00239592692422881,0,0,0,0,0,0,0,0.000299490865528601,0,0.00479185384845762,0,9.98302885095338e-05,0,0,0,0,0,0,9.98302885095338e-05,0.000199660577019068,0,0,0,0,0.00219626634720974,9.98302885095338e-05,0.000499151442547669,0,0,0,0,0.00339422980932415,9.98302885095338e-05,0,0,0,0.000499151442547669,0,0,0.00279524807826695,0.000299490865528601,0.000399321154038135,0,0,0.00878506538883897,0.00309473894379555,0,0,0,0,0,0.0100828591394629,0,0,0.00279524807826695,0.000299490865528601,0,0,0,0,0.00509134471398622,0.000499151442547669,9.98302885095338e-05,0,9.98302885095338e-05,0.000399321154038135,0,0.000199660577019068,9.98302885095338e-05,0,9.98302885095338e-05,0,0,0,0.00169711490466207,0,9.98302885095338e-05,0,0.00279524807826695,0,0.000299490865528601,0.0158730158730159,0,0,9.98302885095338e-05,0.00209643605870021,0,0.000299490865528601,0,0,0.0135769192372966,0,0,0,0,0,0,0,9.98302885095338e-05,9.98302885095338e-05,9.98302885095338e-05,9.98302885095338e-05,0.00229609663571928,0.00439253269441949,0.000299490865528601,0,9.98302885095338e-05,0.00209643605870021,0,0,0.000598981731057203,0,0,0,0,0.00229609663571928,9.98302885095338e-05,0.338724168912848,0.000199660577019068,0.000499151442547669,0.014774882699411,0,0.000299490865528601,0,0,9.98302885095338e-05,0.000499151442547669,9.98302885095338e-05,0,0,0.00339422980932415,0,0,0,0,0,9.98302885095338e-05,9.98302885095338e-05,0,0,9.98302885095338e-05,0,0.000299490865528601,0,0.000299490865528601,0.000898472596585804,9.98302885095338e-05,9.98302885095338e-05,9.98302885095338e-05
0,0,0,0,0,0,9.99000999000999e-05,0,0,0,9.99000999000999e-05,0,9.99000999000999e-05,0,0.00859140859140859,9.99000999000999e-05,0,0,0,0,0.0002997002997003,0.000899100899100899,0,0.0002997002997003,0,0,0,0,0.000699300699300699,0.0028971028971029,0.00879120879120879,0,9.99000999000999e-05,0,0,0,0.0004995004995005,0,0,9.99000999000999e-05,0,0,0,0,0,0,0.00729270729270729,9.99000999000999e-05,0,0,9.99000999000999e-05,0,0,9.99000999000999e-05,0,0,0,0.0001998001998002,0,0.000799200799200799,9.99000999000999e-05,0,9.99000999000999e-05,9.99000999000999e-05,0,9.99000999000999e-05,0,0,0,0,0,0.0001998001998002,0,0,0,0,0,0,0,0,0,0,0,0,0,0.000899100899100899,0,0.000899100899100899,0,0,0,0.0010989010989011,0.0163836163836164,0,0,0,0,0,0,0,0,0.00579420579420579,9.99000999000999e-05,0,9.99000999000999e-05,0,0,0.0347652347652348,0,0,0,0,0,0,0,0.0001998001998002,0,9.99000999000999e-05,0,0,0,0,0,0,0.0052947052947053,0,0,0,0.0003996003996004,0,0,0,0.00649350649350649,0,9.99000999000999e-05,0,0.0347652347652348,0,0,0,0.0003996003996004,0,0,9.99000999000999e-05,0,0,0.0003996003996004,9.99000999000999e-05,9.99000999000999e-05,0,9.99000999000999e-05,0,0,0,0,0,0,0,0,0.000599400599400599,0.0020979020979021,0,0,0,0,0,0,0,9.99000999000999e-05,9.99000999000999e-05,0,0,9.99000999000999e-05,0,0,0,9.99000999000999e-05,9.99000999000999e-05,0,9.99000999000999e-05,0,0,0,0,9.99000999000999e-05,0,0,0,0,0,0,0.0012987012987013,9.99000999000999e-05,0,0,0.000999000999000999,0,0,0,0,0,0,0,0,0,0.000999000999000999,9.99000999000999e-05,0.0003996003996004,9.99000999000999e-05,0.0003996003996004,0,0,0,0.0001998001998002,0,9.99000999000999e-05,0,0,0.00959040959040959,0,0.0003996003996004,0.0004995004995005,0,0,0,0,0.0002997002997003,0,0,0,0,9.99000999000999e-05,9.99000999000999e-05,0.12957042957043,0,0,0,0,9.99000999000999e-05,0,0,0,0,0,9.99000999000999e-05,0,9.99000999000999e-05,0.0010989010989011,0,0,0,0,9.99000999000999e-05,0,0.0001998001998002,0.0003996003996004,0,0,0.0002997002997003,0,9.99000999000999e-05,0,0,0.0001998001998002,0,0,0,0,0,0.665734265734266,0.00729270729270729,0,0.0230769230769231,0,0,0,0,0,0.0003996003996004,0,0,0,0.0052947052947053,0,0,0,0,0.0010989010989011,0,0,0,0,0,0,0.000699300699300699,0,0.0002997002997003,0,0,0.0033966033966034,0
0,0,0,0,0,0,0,0.0018,0,1e-04,0,1e-04,0,0,5e-04,0,0,0,0,0,0.0088,0.0072,0,0.0067,0,0.1223,1e-04,0,0.0035,0,0.0157,0,0,0.001,0,0,3e-04,0.0113,0,0,0,0,0,0.0044,0,0.0222,0,1e-04,0,0,2e-04,0,0,0,2e-04,4e-04,0,0,0,0.0107,0,0.0029,0,0,0,0,0.0117,0,0,0.0143,6e-04,0,0,0.0315,0,0,0,0,0,0.0136,2e-04,0,0.0032,0,0.0064,3e-04,2e-04,0,0,0.0034,0,0.0028,0.001,0,0,0,0,0,0.0026,0,1e-04,0,0,0,6e-04,0.0011,0,0.0122,0,0.0327,0,0,0,6e-04,0.0011,0,0.0021,2e-04,0.0202,0,0.0043,3e-04,0,0,8e-04,0.0053,0,0,0,0,0.0148,8e-04,0,0,0,0,0.0022,0,0,0,1e-04,0,0,0,0,0,0,0.002,0.0021,8e-04,0.0027,0.0041,0,0.0023,1e-04,0,0,0,3e-04,0.0029,0.0095,0,1e-04,0.0061,0,0,1e-04,0,0,0.0015,0,2e-04,0.0024,0,0,0,0.0046,0.0027,0.0194,0,0.0052,0,0,0,7e-04,0,0,1e-04,0.0035,0,0,0.003,0,0,0.0011,0,0,0.0095,0,0,0,0,0,1e-04,0.002,0.0013,0,0,3e-04,0,0,0,0.0023,5e-04,0.001,0.0022,0.0044,2e-04,0.0014,6e-04,8e-04,0.0318,0.0012,0,0,0,0.001,0,1e-04,0.0052,0.0041,1e-04,8e-04,0.0631,0,0,0.0013,0,0,0,0,0,0.0019,7e-04,0,0,0,0,0,0,0.0193,6e-04,0.0017,1e-04,0.0018,5e-04,5e-04,0.0011,0.001,2e-04,0.0013,0.0052,0,3e-04,0,2e-04,0,0.0052,0.0069,0,8e-04,0.0018,0.0049,0,0,0,0,0,3e-04,0.2435,0,0,0.0011,0,0,0,5e-04,0,0.0021,0.0048,0,0,0,0,5e-04,3e-04,0.0027,3e-04,0,0.0617,0.0016
0,0,0,9.99900009999e-05,0,0,9.99900009999e-05,0.001999800019998,0,0,0,0.0001999800019998,0,0.0723927607239276,0.0027997200279972,0,0,0,0,0,0,0.0040995900409959,0,0,0,0.0841915808419158,0,0,0,0,0.0041995800419958,0,0,0.023997600239976,0,0,9.99900009999e-05,0.0052994700529947,0,0,0,0,0.0480951904809519,0.0002999700029997,0,0,0,0,0,0,0,0,0,0,0.0003999600039996,0,0,0,0,0.0428957104289571,0,0,0,0,0.0315968403159684,0,0.0022997700229977,0,0,0,0.0010998900109989,0,0,0,0,0,0,0.0001999800019998,0,0.0368963103689631,0,0,0,0,0.0010998900109989,0,0,0,0,9.99900009999e-05,0,0.000999900009999,0,0.0070992900709929,0,0,0,0,0.0001999800019998,0,0,0.0001999800019998,0,0,0.0024997500249975,0.0020997900209979,0,0.0544945505449455,0,0.0087991200879912,0,0,9.99900009999e-05,0.0011998800119988,0,0.0011998800119988,0,0.0005999400059994,0,0,0.0044995500449955,0,0,0.0002999700029997,0,0,0,0,0,0,0.024997500249975,9.99900009999e-05,0,0,0,0,9.99900009999e-05,0.0001999800019998,0,0,0.0005999400059994,0,0,0,0,0,0.0006999300069993,0,0,0,0,0.001999800019998,9.99900009999e-05,0.0038996100389961,0,0,0,0,0,9.99900009999e-05,0,0.0058994100589941,9.99900009999e-05,0.0050994900509949,0,0,0,0,0,0,0.0012998700129987,0.0103989601039896,0,0,0.0093990600939906,0,0.0082991700829917,0.0005999400059994,0.003999600039996,0,0,0,0,0,0,0,0,0,0,0,0,0.0011998800119988,0,9.99900009999e-05,0,0,0.0044995500449955,0.006999300069993,0,0,0,0,0,0,9.99900009999e-05,0,0,0,0,0,0,0,0.008999100089991,0,0,0.0035996400359964,0.0028997100289971,0,0,0,0.0112988701129887,0.0048995100489951,0.0001999800019998,0,0,0.0002999700029997,0,0,0.0041995800419958,0.0044995500449955,0.0030996900309969,0,0,0.0003999600039996,9.99900009999e-05,0,0,0.0001999800019998,0,0.003999600039996,0,0,0.0734926507349265,0,0,0,0,0,0,0.000999900009999,9.99900009999e-05,0.0002999700029997,0,0,0.0010998900109989,0.0001999800019998,0.0024997500249975,0,0,0,0.0002999700029997,0,0.0065993400659934,0.0002999700029997,0,0,0,0,0.00999900009999,0.0325967403259674,0,0,0.035996400359964,0,0,0,0.0001999800019998,0.0004999500049995,0.0001999800019998,0.143285671432857,0,0,0.043995600439956,0,0,0.0026997300269973,0,0,0.0058994100589941,0.0006999300069993,0.0354964503549645,0,0,0,9.99900009999e-05,0.0010998900109989,0.0006999300069993,0.0067993200679932,0,0.0037996200379962,0.0017998200179982
0,0,0,0,0,0.000199920031987205,0.000199920031987205,0,0,0,9.99600159936026e-05,0,0,0.00419832067173131,0.00109956017592963,0.000199920031987205,0,0.000199920031987205,0,0,0,0.00529788084766094,0,0,0,0.173730507796881,0,0,0.0230907636945222,0,0.00299880047980808,0,0,0.00539784086365454,0.000599760095961615,0,0.000199920031987205,0.00579768092762895,9.99600159936026e-05,9.99600159936026e-05,0,0,0.0171931227508996,0.00479808076769292,0,0.000299880047980808,0,0,0,0,0.00119952019192323,0,0,0,0,0,0,0,0,0,0,0.00579768092762895,0.00179928028788485,0.000199920031987205,0,0,0.007796881247501,0,0,0,0,0.000599760095961615,0,0,0,0,0,0,0,0.0037984806077569,0,0.00159936025589764,0.00329868052778888,0,0,0,0,0,0,0.00039984006397441,0,0.00189924030387845,0.00939624150339864,0,0,0,0,0,9.99600159936026e-05,0,0,0.00609756097560976,0,0,0,0.0199920031987205,0,0.00989604158336665,0,0.00419832067173131,0,9.99600159936026e-05,0,0.000299880047980808,0,0.000599760095961615,0.00429828068772491,0,0.00919632147141144,0,0.0190923630547781,0,0,0.000299880047980808,0.000199920031987205,0,0,0,0,0,0.0661735305877649,0.0039984006397441,0,0,0.00289884046381447,0,9.99600159936026e-05,0,0,0,0.000299880047980808,9.99600159936026e-05,0.00209916033586565,0,0,0,0.00459816073570572,0,0.00959616153538585,0.00039984006397441,0,0,0.0207916833266693,0,9.99600159936026e-05,0,0.00659736105557777,0,0.000599760095961615,0.00479808076769292,0,0.0120951619352259,0,0,0,0.0335865653738505,0,0,0,0,0,0,0.00339864054378249,0,0,0,0.0103958416633347,0.00599760095961615,0.000299880047980808,0.000499800079968013,0,0,0,0,0.00129948020791683,0,0,0,0,0,0,0.00359856057576969,0,0.00339864054378249,0,0.00819672131147541,0.00489804078368653,0.00599760095961615,0,0.0276889244302279,0,0,0,0.00459816073570572,0.139544182327069,0,0,0,0,0,0,0,0,0,0.00299880047980808,0.0107956817273091,0.00149940023990404,0.00159936025589764,0.0203918432626949,0,0.000199920031987205,0.0153938424630148,0,0,0.00319872051179528,0,0,0,0,0.0167932826869252,0.00309876049580168,0,0,0.00349860055977609,0,0,0,0,0,9.99600159936026e-05,0,0,0,0,0,0,0,0,0,0,0,0,0,0,0,0.000999600159936026,0,0,0.000199920031987205,0,0,0,0,0.00229908036785286,0.00259896041583367,0.000199920031987205,0,0,0,0.0115953618552579,0,0.0198920431827269,0.00949620151939224,0,0,0,0,0,0.000299880047980808,0.069672131147541,0,0,0.04828068772491,0,0,0,0,0.000199920031987205,0.00129948020791683,0.00149940023990404,0,0.00239904038384646,0,0,0,0,0.000699720111955218,0,0,0.00219912035185926,0
0,9.99800039992002e-05,0,0,0,0.0001999600079984,0,0,0,0,0,0,0,0,0.00409918016396721,0,0,0,0,0,0,0,0.0001999600079984,0,0.0001999600079984,0.564687062587482,0,0,0.000699860027994401,0.0105978804239152,0,0,0,0.0350929814037193,0,0,0.0012997400519896,0.0405918816236753,0,0,0,0,0,0,0,0,0,0,0,0,0.000699860027994401,0,0,0,0,0,0,0,0,0,0,0,0,0,0,0,0,0,0.000699860027994401,0,0,0,0.0001999600079984,0,0,0,0,0,0,0.000399920015996801,0,0,0,0,0,0.0002999400119976,0,0,0,0,0,0.000599880023995201,0.0013997200559888,0,0,0,0,0,0.0022995400919816,0,0,0,0,0,0.0013997200559888,0,0,0.140871825634873,0,0.0025994801039792,0,0,0,0,0,0,0,0.0015996800639872,0.0727854429114177,0,0,0,0,0.0002999400119976,0.00419916016796641,0,0,0,0,0,0,0,0,0,0,0.0001999600079984,0,0,0,0,0.000899820035992801,0,0,0,0,0,0,0.000599880023995201,0,0,0,0,0,0,0,0,0,0,0,0,0,0,0,0,0,0,0,0,0,0,0,0,0.0001999600079984,0,0,0,0,0,0,0,0,0,0,0,0,0,0,0,0,0,0,0,0,0,0,0,0,0,0,0,0.0187962407518496,0,0,0,0,0.00389922015596881,0.0002999400119976,0,0,0,0,0,0,0,0,0,0.0106978604279144,0,0.0231953609278144,0,0,0,0,0,0,0,0,0,0,0.00469906018796241,0,0,0,0.0001999600079984,0,0,0,0,0,0,0,0,0,0,0,0,0,0,0,0,0,0,0.0022995400919816,0,0,0,0.000699860027994401,9.99800039992002e-05,0,0,0,0,0,0,0,0.000399920015996801,0,0,0.00329934013197361,0.0027994401119776,0,0,0.029494101179764,0,0,0,0,0,0.0018996200759848,0,0,0.00699860027994401,0,0,0,0,0,0,0,0,0,0,0,0,0.0001999600079984,0,0,0,0,0,0
0,0,0,0,0,0,0.0147,0,0,0,0,0,0,2e-04,0.0015,0,0,0,0,0,0,0,0,0.0031,0,0.4083,0,0,0.0018,8e-04,0,0,0,0.0029,0,0,0,0,0,1e-04,0,0,0,0.0069,0,0,0,0,0,0,0,0,0,0,5e-04,0,0,7e-04,0,0.0208,0,0,0,0,0,0,0.0155,7e-04,0,0,0,0,0,3e-04,0,0,0,0,0,0,0,0,0,0,0.0806,0,0,0,0,0.0015,0,0.0069,0.0059,0,0,0,0,0,0,0,0,1e-04,0,0,0.0019,0,0,0.0318,0,0,0,0,1e-04,1e-04,0,0,0,0,0.0027,4e-04,0.0081,0,0,1e-04,4e-04,0,0,0,0,0,0.0223,1e-04,0,0,0,0,5e-04,0,0,0,5e-04,0,0,0,0,0,0,0,0.0031,0,0,0,0,0,0,0,0,0,0,0,0,0,0,0,0,0,0,0,0,0,0,0,0,0,0,0,0.0118,0.0058,0,0,0,0.0064,0,0,0,0,0,0,0,0,0,0.0029,0,0.0046,0,0.0014,0,0.014,0,0,0,0,0,0,0,0.0012,0,0,9e-04,0,0,0,0,0,0,0,0.0017,0,0.0051,0,0,0.0399,0,0,0,0,0,0,0,0,0,0,0,0,0,0,0,0,0,0,0,0,0,0,0,0,0,0,0,0,0,0,0,0,0,5e-04,1e-04,1e-04,0,0,0,0,0,0,0,0,0,0,0,0.0026,0,0,0.0017,0,0,0,1e-04,0,9e-04,0.2124,0,1e-04,0.0254,0,0,0,0,0,0,0,0,0,0,0,5e-04,0,0.0069,0,0,0.0065,6e-04
0,0,0,0,0,0,0.0001999600079984,0,0,0,0,0,0,0,0.00839832033593281,0,0,0,0,0,0,9.99800039992002e-05,0,0,0,0.378224355128974,0,0,0.00569886022795441,0,0,0,0,0.0015996800639872,0,0,0,0,0,0,0,0,0.00999800039992002,0,0,0,0,0,0,0,0,0,0,0,0,0,0,0,0,0.0001999600079984,0,0.0198960207958408,0,0,0,0,0.0121975604879024,0,0,0,0,0,0,0,0,0,0,0,0,0,0,0,0,0,0,0.000699860027994401,0,0,0,0,0,0.0021995600879824,0.0156968606278744,0,0,0,0,0,0,0,0,0,0,0,0,0,0,0.20125974805039,0,0,0,0,0,0,0,0,0,0,0.00909818036392721,0,0,0,0,0,0.0188962207558488,0.0011997600479904,0,0,0,0,0,0,0,0,0,0,0,0,0,0,0.00519896020795841,0.0002999400119976,0,0,0,0,0.000499900019996001,0,0,0,0,0,0,0,0,0,0,0,0,0,0,0,0,0,0,0,0,0,0,0,0,0,0.00489902019596081,0,0,0,0,0,0,0,0,0,0,0,0,0,0,0,0,0,0,0.001499700059988,0,0,0,0,0,0,9.99800039992002e-05,0,0,0,0,0,0,0.000699860027994401,0,0,9.99800039992002e-05,0,9.99800039992002e-05,0,0,0,0,0,0,0.0023995200959808,0.0142971405718856,0,0,0,0,0,0,0,0,0,0,0,0,0,0,0.0478904219156169,0,0,0,0,0,0,0,0,0,0,0,0,0,0,0,0,0,0,0,0,0,0,0,0,0,0,0,0,0,0,0,0,0,0,0,0.139372125574885,0,0,0.0880823835232953,0,0,0,0,0,0,0,0,0,0.0001999600079984,0,0,0,0,0,0,0.000499900019996001,0,0,0,0,0,0,0.0012997400519896,0,0,0.00699860027994401,0
0,0,0,0,0,0,0.00230069020706212,0.00190057017105132,0,0,0,0,0,0.0134040212063619,0.000700210063018906,0,0,0,0,0,0.00340102030609183,0.00150045013504051,0,0.000100030009002701,0.000200060018005402,0.101530459137741,0,0,0.000400120036010803,0,0.000100030009002701,0,0,0.00820246073822147,0,0,0.00130039011703511,0.00450135040512154,0,0,0.000200060018005402,0,0.0243072921876563,0.000800240072021606,0,0.00290087026107832,0,0,0,0,0,0,0,0,0,0,0,0.000200060018005402,0,0.0106031809542863,0,0.0124037211163349,0.000100030009002701,0,0.000400120036010803,0.000100030009002701,0.00300090027008102,0,0.00660198059417825,0,0,0,0,0.00150045013504051,0,0,0,0,0,0.00580174052215665,0,0,0,0,0.0110033009902971,0,0,0.000100030009002701,0,0,0.000200060018005402,0,0.00190057017105132,0,0,0.000100030009002701,0.00220066019805942,0,0.00510153045913774,0,0,0,0,0,0.000300090027008102,0,0.0146043813143943,0.0818245473642093,0.000600180054016205,0.00560168050415125,0,0,0,0.0161048314494348,0,0,0,0,0.00570171051315395,0.000200060018005402,0,0,0.000100030009002701,0,0.00620186055816745,0,0,0,0,0.00150045013504051,0.00630189056717015,0.0275082524757427,0,0,0,0,0.00350105031509453,0,0,0.000100030009002701,0.00390117035110533,0,0,0,0,0,0.00220066019805942,0,0,0,0.00290087026107832,0,0,0,0,0,0,0,0.000100030009002701,0.00600180054016205,0,0,0,0.0384115234570371,0,0,0,0,0,0,0,0,0,0.000200060018005402,0,0,0,0,0.00100030009002701,0,0,0,0,0,0.000100030009002701,0,0,0,0,0,0,0.00470141042312694,0.000100030009002701,0,0,0,0,0,0,0,0,0,0,0,0.000600180054016205,0.000800240072021606,0,0,0.000100030009002701,0.000100030009002701,0,0,0.00140042012603781,0,0.00140042012603781,0,0.00500150045013504,0,0.000100030009002701,0,0,0,0,0,0,0,0,0,0.00540162048614584,0,0.00300090027008102,0,0,0.0152045613684105,0,0,0,0,0,0,0,0.000100030009002701,0,0,0.000500150045013504,0,0,0.000100030009002701,0,0,0.00730219065719716,0,0,0,0.00160048014404321,0,0.000400120036010803,0,0,0,0.000500150045013504,0,0,0.000500150045013504,0,0,0,0,0,0.000900270081024307,0,0,0.0379113734120236,0,0.000300090027008102,0,0,0,0.000700210063018906,0.437931379413824,0,0,0.00590177053115935,0,0,0,0,0.000100030009002701,0.000500150045013504,0,0,0,0,0,0.00690207062118636,0,0.000300090027008102,0,0,0.00560168050415125,0
0,0,0,0,0,0,0.0001998001998002,0.0001998001998002,0.00809190809190809,0,0.000999000999000999,0,0,0.0131868131868132,0.0038961038961039,0,0,0,0,0,0.00569430569430569,9.99000999000999e-05,0,0.0003996003996004,0,0.192107892107892,0,0,0.0018981018981019,0.000899100899100899,0.0251748251748252,0,0.0013986013986014,0.00519480519480519,0,0.0020979020979021,0.0011988011988012,0.0117882117882118,0,0,0,0,0,0.0048951048951049,0,0.0250749250749251,0,9.99000999000999e-05,0,0,0,0,0,0,0,0,0,0,0,0.0004995004995005,0,0.00689310689310689,9.99000999000999e-05,0,0,0,0.0117882117882118,0,0.0001998001998002,0,0.0012987012987013,0,0,0,0,0,0,0,0,0.00559440559440559,0,0.0003996003996004,0.000599400599400599,0,0.0248751248751249,9.99000999000999e-05,0,0,0,0.0023976023976024,0.0144855144855145,0.0046953046953047,0.0004995004995005,0,0,0.0025974025974026,0,0,0.000999000999000999,0,0,0,0,9.99000999000999e-05,0.0003996003996004,0,0.00879120879120879,0.255744255744256,0,0.000699300699300699,0.000899100899100899,0.0035964035964036,0,0.002997002997003,0.0003996003996004,0,9.99000999000999e-05,9.99000999000999e-05,0.0028971028971029,0,0,0,0,0,0.0018981018981019,0,0,0,0,0,0.0151848151848152,0.0587412587412587,9.99000999000999e-05,9.99000999000999e-05,0,0,9.99000999000999e-05,0,0,0,0.0004995004995005,0,0,0,0,0,0.000699300699300699,0,0,9.99000999000999e-05,0.0012987012987013,0.0013986013986014,9.99000999000999e-05,0,0,0,0,0,0.0106893106893107,0.0041958041958042,0,0,0,0.0212787212787213,0,0,0,0,0,0,0,0.0004995004995005,0,0,0,0,0,0.0018981018981019,0.0116883116883117,0,0,0,0,0,0.0010989010989011,9.99000999000999e-05,0,0,0.004995004995005,0,9.99000999000999e-05,0.00719280719280719,9.99000999000999e-05,0,0,0,0.00619380619380619,0,0,0,0,0,0,0.0013986013986014,9.99000999000999e-05,0.0027972027972028,0,0,0,0.0004995004995005,0,0,0,0,0.0001998001998002,0,0.00669330669330669,0.0015984015984016,0.0206793206793207,0,0.0042957042957043,0,0,0,0,0.0015984015984016,0,0,0.0260739260739261,0,0.0186813186813187,0,0,0.0111888111888112,0,0,0,0,0,0,0,0,0.0048951048951049,0.0001998001998002,0,0.0001998001998002,0,0,0,0,0.0142857142857143,0.0003996003996004,0.0020979020979021,0,0.0016983016983017,9.99000999000999e-05,0,0,0.0003996003996004,0.0041958041958042,9.99000999000999e-05,0.0015984015984016,0,9.99000999000999e-05,0,0,0,0.0024975024975025,0.0004995004995005,0.0018981018981019,0,0,0.0010989010989011,0,0,0,0,0.0001998001998002,0.0011988011988012,0.0174825174825175,0,0,0.0162837162837163,0,0,0,0,0.0151848151848152,0.0043956043956044,0.0002997002997003,0,0,0,0,0.000599400599400599,0,0,0.0002997002997003,0,0.0023976023976024,0
0,0,0,0,0,0,0,0,0,0,0,0,0,0,0.000499850044986504,0,0,0,0,0,0,0.0115965210436869,0,0.000599820053983805,0,0.565030490852744,0,0,0.00149955013495951,0.00109967009897031,0.0667799660101969,0,0,0,0,0,0.000299910026991902,0.019594121763471,0,0,0,0,0,0,0,0,0,0,0,0,0,0.00169949015295411,0,0,0,0,0.00109967009897031,0.000199940017994602,0,0,0,0,0,0,0,0,0.00699790062981106,0,0.00289913026092172,0,0,0,0,0,0,9.99700089973008e-05,0,0,0,0,0,0,0,0,0,0,0,0,0,0,0,0,0,0,0,0.0168949315205438,0,0,0,0,0,9.99700089973008e-05,0.000899730080975707,0,0,0,0,0,0,0,0,0,0,0,0,0,0,0,0,9.99700089973008e-05,0.000399880035989203,0,0,0,0,0,0,0.00149955013495951,0,0,0,0,0,0,0,0,0.000399880035989203,9.99700089973008e-05,0,0,9.99700089973008e-05,0,0,0,0,0,0.00109967009897031,0,0,0,0,0,0,0,0,0.000599820053983805,0,0,0,0,0,0,0,0,0,0,0,0,0,0,0.000499850044986504,0,0,0.000199940017994602,0.00249925022493252,0,0,0,0,0,0,0,0,0,0,9.99700089973008e-05,0,0,0,0,0,0,0.000299910026991902,0,0,0,0,0,0,0,0,0.000999700089973008,0,0,0,0,0,0,0,0.000399880035989203,0,0,0,0,0,0,0,0,0,0,0,0,0,0,0,0,0,0,0,0,0,0,0,0.0209937018894332,0,0,0,0,0,0.000299910026991902,0,0,0,0,0.000199940017994602,0,0,0,0,0,0,0,0,0,0,0.00399880035989203,0,0,0,0,0,0,0,9.99700089973008e-05,0,0.000399880035989203,0,0,0,0.00359892032390283,0,0,0.00499850044986504,0.0658802359292212,0,0,0,0,0.00219934019794062,0.189043287013896,0,0,0,0,0,0,0,0.000999700089973008,0,0,0,0,0,0,0,0,9.99700089973008e-05,0,0,0,0
0,0,0.000199820161854331,0,0,0,9.99100809271655e-05,0,0,0,0,0,0.000699370566490159,0,9.99100809271655e-05,0,0.00619442501748426,0,0,0,0,0.00209811169947048,0,9.99100809271655e-05,0,0.000299730242781497,0.000199820161854331,0,0.000199820161854331,0,0.00439604356079528,0,0,0,0,0,0.000999100809271655,0.00159856129483465,0,0,0,0,0,0,0,0,0,9.99100809271655e-05,0,0,0,0,0,0,0,0,0,0.000199820161854331,0,0,0,0,0,0,0,0,0.00599460485562993,0,0,0,0.000299730242781497,0,0,0.000199820161854331,0,0,0,0,0,0,0,0.000199820161854331,0.0374662803476871,0,0,0.000999100809271655,0.00849235687880907,9.99100809271655e-05,0,0.00299730242781497,0,0.00119892097112599,0.000999100809271655,0,0,0,0.00349685283245079,0,0.00439604356079528,0,0,0,0,0,0,0.000499550404635828,0,0.0312718553302028,0,0,0,0,0,0,0.000299730242781497,0.00199820161854331,0.00209811169947048,0.00159856129483465,0.0216804875611949,0,0,0,0,0,0.0589469477470277,0,0,0,9.99100809271655e-05,0,0.0821260865221301,0,0,0,9.99100809271655e-05,0,9.99100809271655e-05,0,0,0.000999100809271655,0.000199820161854331,9.99100809271655e-05,0,9.99100809271655e-05,0,0,9.99100809271655e-05,0,0.0054950544509941,0,0,0.00119892097112599,0,0,0,0,0.00239784194225197,0,0,0,0,0.00379658307523229,0,9.99100809271655e-05,0,0.0177839944050355,0,0,0,9.99100809271655e-05,0,0.00659406534119293,0.01868318513338,0,0,0,0.00469577380357678,0,0,0.000499550404635828,0,0.00449595364172245,0,0,0.000299730242781497,0,0,0.0164851633529823,0.00109901089019882,0,0,0.00509541412728544,0,0,9.99100809271655e-05,0.00299730242781497,0,0.00969127784993506,0,0,0,0.00139874113298032,0,9.99100809271655e-05,0,0.00199820161854331,0,0,0,0.000399640323708662,0.00939154760715356,0,0,0,0.000799280647417324,0.00249775202317914,0,9.99100809271655e-05,9.99100809271655e-05,0,0.0025976621041063,0,0,0,0,0,0.00109901089019882,0,0,0.00169847137576181,0,0.000299730242781497,0.000999100809271655,0.0224797682086122,0.000599460485562993,0,0,0,0,0.000199820161854331,0,0.000199820161854331,0.0459586372264962,0.000399640323708662,0,0.00299730242781497,0,0,0,0,0,9.99100809271655e-05,0.000499550404635828,0,0.000399640323708662,0.000599460485562993,0,0,0.000199820161854331,0.0057947846937756,0,0,0,0,0,0,0,0,0,0.0205814766709961,0,0,0.190628434409032,0.000299730242781497,9.99100809271655e-05,0,0,0,0,0.251973224098312,0,0,0.00919172744529923,0,0,0,0,9.99100809271655e-05,0,0,0,0.00159856129483465,0.000999100809271655,0,0,0.000399640323708662,0.0293735637925867,0,0,0.0025976621041063,0
0,0,0,0,0,0,9.99500249875062e-05,0,0,0,0,0,0,0,0.000399800099950025,0,0,0,0,0,0,0.00469765117441279,0,9.99500249875062e-05,0,0.124537731134433,0,0,0.000399800099950025,0.000399800099950025,0.00499750124937531,0,0,0.00569715142428786,0,0,0,0.0225887056471764,0,0,9.99500249875062e-05,0,0,0,0,0.0902548725637181,0,0,0,0,0,0,0,0,0,0,0,0.000199900049975012,0,0.0180909545227386,9.99500249875062e-05,0,9.99500249875062e-05,0,0,0,0.000199900049975012,0,0.000999500249875062,0.0031984007996002,0.00389805097451274,0,0,0,0,0.0116941529235382,0,0,0,0.0353823088455772,0,0,0,0,0,0.000199900049975012,0,0,0,0.0594702648675662,0,0.000499750124937531,9.99500249875062e-05,0,0,0,0,0,0,0,0,0.000299850074962519,0,0,0,0,0,0.00289855072463768,0,0,0,0,0,0.00229885057471264,0,0,0.00549725137431284,0,0,9.99500249875062e-05,0.00619690154922539,0,0,0,0.00739630184907546,0,0,0,0,0,0.0951524237881059,0,0,0,0,0,9.99500249875062e-05,0,0,0,0,0,0,0,0.00429785107446277,0,0,0,0.00189905047476262,0,0,0.00269865067466267,0,0,9.99500249875062e-05,0.000199900049975012,0,0,0.000699650174912544,0,0,0.00469765117441279,0.000299850074962519,0,0,0,0,0.00139930034982509,0,9.99500249875062e-05,0,9.99500249875062e-05,0.00129935032483758,0.000199900049975012,0,0,0.00299850074962519,0.0104947526236882,0.00279860069965018,0,0,0,0,0,0,0,0,0.00719640179910045,0,0,0,0.015592203898051,9.99500249875062e-05,0,0,0.000199900049975012,0.0138930534732634,0.00699650174912544,0,0,0,0.000499750124937531,0,0,0.0885557221389305,0,0,0,0,0,0,0,0,0,0.000299850074962519,0,0.0015992003998001,0,0,0,0,0,0.00209895052473763,0,0.000399800099950025,0,0,0,0,0.000399800099950025,0,0,0.000599700149925037,0.000299850074962519,0.00129935032483758,0,9.99500249875062e-05,0,0,0,0,0,0.0589705147426287,0,0,0,0,0,0,0,0,0,0,0.000199900049975012,0,0,0,0,0,0,0,0,0,0,0,9.99500249875062e-05,0,0,0,0.00129935032483758,0.0047976011994003,0,0.023488255872064,0,0,0,0,0,0.000299850074962519,0.216691654172914,0,0,0,0,0,0,0,9.99500249875062e-05,0.000899550224887556,0,0,0,0,0.00139930034982509,0.000399800099950025,0,0.000199900049975012,0,0,0.00839580209895052,0
0,0,0,0,0,0,9.99500249875062e-05,0,0,0,9.99500249875062e-05,0,0,0,0,9.99500249875062e-05,0,0,0,0,0,0.00139930034982509,0,0.000399800099950025,0,9.99500249875062e-05,9.99500249875062e-05,0,0.000899550224887556,0,0.00669665167416292,0,0,0,0,0.0015992003998001,0.0354822588705647,0.00709645177411294,0,0,0,0,0,0,0,0.00129935032483758,0,9.99500249875062e-05,0,0,0,0,0,0,0,0.000699650174912544,0,9.99500249875062e-05,0,0,0,0,0.000399800099950025,9.99500249875062e-05,0.000299850074962519,0,0.00199900049975012,0,0,0.0116941529235382,0,0,0,0.00149925037481259,0,0,0,0,0,0.000899550224887556,0,0.000299850074962519,0.0233883058470765,0,0,0,0.000199900049975012,0,0,0.0152923538230885,0,9.99500249875062e-05,0,0,0,0,0,0,0.00619690154922539,0,0,0,0,0.000199900049975012,0.00199900049975012,0,0.000699650174912544,0.469865067466267,0,0,0,0,0,0,0,0,0,0,0.0172913543228386,0,0,0,0,0,0,0.00169915042478761,0,0,9.99500249875062e-05,0,0,0.015592203898051,0,0,0,0,0,0,0,9.99500249875062e-05,0.000199900049975012,0,0,0,0,0,9.99500249875062e-05,0,0,0,0.000999500249875062,0,0,0.000199900049975012,0,0,0,0.00139930034982509,0,0.00669665167416292,0,0,0,0,0,0,0,0,0,0,9.99500249875062e-05,0,0,0,0.000499750124937531,0,0,9.99500249875062e-05,0.000599700149925037,9.99500249875062e-05,0,0,0,0,0.00289855072463768,0,0,0,0,9.99500249875062e-05,0,0.00329835082458771,0,0,0,0,0,0,0,0.00079960019990005,0,0,0,9.99500249875062e-05,9.99500249875062e-05,0.000199900049975012,0,0,0,0,0,0,0.000499750124937531,0,0.000599700149925037,9.99500249875062e-05,0.00499750124937531,0.00129935032483758,0,0,0.0196901549225387,0.00179910044977511,0,0,0,0,0,0,0,0,0.00629685157421289,9.99500249875062e-05,0,0.0375812093953024,0,0,0,0,0,0,0,0,0,0,0,0.0015992003998001,0,0,9.99500249875062e-05,0,0,9.99500249875062e-05,9.99500249875062e-05,0,0.00179910044977511,9.99500249875062e-05,9.99500249875062e-05,0,0.000299850074962519,0,0.000199900049975012,0,0,0.000199900049975012,0,0,0,0,0.00429785107446277,0.000999500249875062,0,0,0.0472763618190905,0,0,0,0,0,9.99500249875062e-05,0.196101949025487,0,0,0.0164917541229385,0,0,0,0,0,0.00169915042478761,0.000199900049975012,0,0,0,0,0.00699650174912544,0,0,0,0,0.00359820089955022,0
0,0.00189829153761615,0,0,0,9.99100809271655e-05,9.99100809271655e-05,0,0,0,0.000299730242781497,0,0,0.0468578279548406,0.000999100809271655,0,9.99100809271655e-05,0,0,0,0,0.00199820161854331,0,0,0,0.216405235288241,0,0,0.00379658307523229,0.000999100809271655,0.0124887601158957,0,0,0.0206813867519233,0,0,0.0028973923468878,0.0178839044859626,0,0,0,0,0,0,0,0.00109901089019882,0,0,0,0,0,0,0,0,0,0,0,0,0,0.00089919072834449,0,0,0,0.00089919072834449,0,0,0.000699370566490159,0,0.000399640323708662,0.00309721250874213,9.99100809271655e-05,9.99100809271655e-05,0,0,0,0.0167848935957638,0,0,0,9.99100809271655e-05,0,0,9.99100809271655e-05,0,0,0,0.000199820161854331,0,0,0.011489659306624,0.0386652013188131,0.000499550404635828,0,0,0,0,0,0,0.00209811169947048,0,0,0,0,0,9.99100809271655e-05,0.000399640323708662,0.0115895693875512,0.045259266660006,0,0.000499550404635828,0,0,0,9.99100809271655e-05,0,0,0.00179838145668898,9.99100809271655e-05,0.00589469477470277,0,0,0,0,9.99100809271655e-05,0.0130882206014587,0.00149865121390748,0.00439604356079528,0,0,0,0.0359676291337796,9.99100809271655e-05,9.99100809271655e-05,0,0,0,0.00489559396543111,0,0,0,9.99100809271655e-05,9.99100809271655e-05,0,0,0.000199820161854331,0,0,0,0,0.000499550404635828,0,0,0.000799280647417324,9.99100809271655e-05,0,0,0,0,0,9.99100809271655e-05,0,0.00529523428913977,0,0.00839244679788191,0,0,9.99100809271655e-05,0,0,0,9.99100809271655e-05,0,0,0,0,0,0.00229793186132481,0.000299730242781497,0.00459586372264962,0,0,0.00139874113298032,0,0,9.99100809271655e-05,0,0,0.0113897492256969,0,0,9.99100809271655e-05,0.00189829153761615,0,0,0,0,0.0155859726246378,0.00229793186132481,0,0.000199820161854331,0,0.000999100809271655,0,0,0,0,0,0,0,0,0,0,0,0,0.000599460485562993,0.00159856129483465,0.00119892097112599,9.99100809271655e-05,9.99100809271655e-05,0,0.000399640323708662,0,0,0,0,0,0,0,0,0.00229793186132481,0.000199820161854331,0,0,0.01268858027775,0,0,0,0,0.000499550404635828,0,0,0,0.0316714956539115,0,9.99100809271655e-05,0.000499550404635828,0,0,0,0,0,9.99100809271655e-05,0.000199820161854331,0,9.99100809271655e-05,0.00189829153761615,0.000199820161854331,0,0,0,0,0,0,0.000499550404635828,0,0,0,0,0.00109901089019882,0.112398841043061,0,0,0.0285742831451693,0,0,0,0,9.99100809271655e-05,0.000199820161854331,0.185233290038965,0,0,0.0159856129483465,0,0,0,0,0,9.99100809271655e-05,0.000499550404635828,0,9.99100809271655e-05,0,0,0.000999100809271655,0,0.0054950544509941,0,0,0.00379658307523229,0.0028973923468878
0,0,0,0,0,0,0.00129935032483758,9.99500249875062e-05,0,0,0,0,0,0,0.000199900049975012,0,0,0,0,0,0.00139930034982509,0.00429785107446277,0,9.99500249875062e-05,9.99500249875062e-05,0.04047976011994,0,0,0.00539730134932534,0.0015992003998001,9.99500249875062e-05,0,0,0.00559720139930035,0,0,0.000899550224887556,0.00469765117441279,0,0,0,0,0,0.00469765117441279,0,0.000499750124937531,0,0.000399800099950025,0,0,0,0,0,0,0.00419790104947526,0,0,0.000199900049975012,0,0.0287856071964018,0,0.00359820089955022,0,0,0,9.99500249875062e-05,0.0047976011994003,0,0.00369815092453773,0.0118940529735132,0.00149925037481259,9.99500249875062e-05,0,0.00129935032483758,0,0,0,0,0,0.00619690154922539,0,0.000299850074962519,0,0,0.00349825087456272,0.00199900049975012,0,0,0,0.00679660169915042,0,0,0,0,0,0,0,0,0.00149925037481259,0,0,9.99500249875062e-05,0,0.00219890054972514,0,0,0,0.138830584707646,9.99500249875062e-05,0,0,0,0,0.00259870064967516,0.000399800099950025,0,0,0,0.0195902048975512,0,0,0.00109945027486257,0,0.000199900049975012,0.00219890054972514,0.0243878060969515,0,0,0,0.0015992003998001,0.00179910044977511,0.0063968015992004,0,0,9.99500249875062e-05,0,0.000599700149925037,0,0,0,0,0,0,0,0.0111944027986007,0,0.00209895052473763,0.00149925037481259,0,0.00129935032483758,0.00119940029985007,0.00109945027486257,0,0,9.99500249875062e-05,0,0,0,0.00529735132433783,0.00359820089955022,0,0,0,0.016191904047976,0,0,0,0,0,0.000399800099950025,0.00219890054972514,0,0,0,0,0,0,0.0114942528735632,0.0134932533733133,9.99500249875062e-05,0.00499750124937531,0,0,0,0.00209895052473763,0,9.99500249875062e-05,0,0,0,0,0.0031984007996002,9.99500249875062e-05,0.000199900049975012,0,0,0,0.000199900049975012,0,0,0,0,0,0.0231884057971014,9.99500249875062e-05,0.000399800099950025,0.000299850074962519,0,0,0,0,0,0.00129935032483758,0,0.00259870064967516,0,0.00459770114942529,0,0,0.000199900049975012,0,0.00369815092453773,0.0176911544227886,0,0,0.00189905047476262,0.00279860069965018,0,0.000299850074962519,0.00149925037481259,0.00459770114942529,0.000199900049975012,0,0.0106946526736632,0,9.99500249875062e-05,0.000299850074962519,0,0,0.000599700149925037,0,0,0,0.000999500249875062,0.000399800099950025,0.00399800099950025,0,0,0.000199900049975012,0.000199900049975012,0.00079960019990005,0.000199900049975012,0,0,0.00079960019990005,0.000499750124937531,0.000199900049975012,0.000199900049975012,0.000699650174912544,0.00249875062468766,0.00299850074962519,0.00189905047476262,0,0.00179910044977511,0,0,0,0,0.000499750124937531,0.177011494252874,0,0,0.0652673663168416,0,0,0,9.99500249875062e-05,0,0.000299850074962519,0.183508245877061,0,0,0.0195902048975512,0,0,0.00119940029985007,0,0,0.0113943028485757,0.00289855072463768,0,0,0,0,0.00119940029985007,0.000399800099950025,0,0,0,0.00449775112443778,0
0,0,0.00199880071956826,9.9940035978413e-05,0,0,0,0,0,0,0,0,0.000199880071956826,0,0.00389766140315811,0.00139916050369778,0.00669598241055367,9.9940035978413e-05,0,9.9940035978413e-05,0.00119928043174096,0.00249850089946032,0,9.9940035978413e-05,0,0.0962422546472117,0,0,0.00119928043174096,9.9940035978413e-05,0.00279832100739556,0,0,0.00259844093543874,0,0,0.00139916050369778,0.0133919648211073,0.000199880071956826,0,0,0,0,0,0,0,0,0,0,0,9.9940035978413e-05,0,0,0,0,0,0,0,0,0,0,0,0.00139916050369778,0,0,0,0.0061962822306616,0,0.000199880071956826,0,0,0,0,0,0,0,0,0,0,0,0,0,0.0375774535278833,0,0,0.000499700179892065,0.00209874075554667,0.00449730161902858,0,0.00429742154707176,9.9940035978413e-05,0.000399760143913652,0.0572656406156306,0,0,0.00139916050369778,0,0,0.00179892064761143,0,0,0.010893463921647,0,0,0,0.00189886068358985,0,0.0205876474115531,0,0,0,0,0,0,0.00499700179892065,0.00259844093543874,0,0,0.000599640215870478,0.000799520287827304,0,0,0.000299820107935239,0.000499700179892065,0.00199880071956826,0,9.9940035978413e-05,0,0,0,0.118528882670398,0.00799520287827304,0,0.0155906456126324,0,0.000499700179892065,0.000299820107935239,0,0,0,0.000999400359784129,0.000299820107935239,0,9.9940035978413e-05,0,0,0.00269838097141715,0,0.00829502298620828,0,0.00189886068358985,0,0.0092944233459924,0,0,0,0,0,0,0.00189886068358985,0,0.00569658205076954,0,0,0,0,0,0,0,0,0,0,0,0,0,0,0.00899460323805717,0,9.9940035978413e-05,0,0,0.00159904057565461,0,0.000999400359784129,0.000299820107935239,0,0,0.000299820107935239,0,0,0,0.000399760143913652,9.9940035978413e-05,0,0,0.00709574255446732,0.000799520287827304,0,0,0.0253847691385169,0,0.00709574255446732,0,0.00279832100739556,0,0,0,0,9.9940035978413e-05,0,0,0,0,0,0.000299820107935239,0,0.00379772136717969,0,9.9940035978413e-05,0,0.000299820107935239,0,0,0,0,0.00469718169098541,0,0,0,0,0.00559664201479113,0,0,0.0181890865480712,0,0,0,0,0,0.000899460323805717,0,0,0.0690585648610833,0,9.9940035978413e-05,0,0,0,0,0,0,0.000299820107935239,0,0,0.000999400359784129,0.000399760143913652,9.9940035978413e-05,0,0,0.00139916050369778,0,0,0,0.000499700179892065,9.9940035978413e-05,0,0,0,0,0.286228263042175,0,0,0.0103937637417549,0,0.000199880071956826,0,0,0,0,0.0398760743553868,0,0,0.0237857285628623,0,0,0,0,9.9940035978413e-05,0,0,0,0,0,0,0.00179892064761143,0,0.000999400359784129,0,0,0.000299820107935239,0
0.00189943017094872,0,9.99700089973008e-05,0,0,0,0,0,0,0,0,0,0,0,0.000199940017994602,9.99700089973008e-05,0.00109967009897031,0,0,0,0,0.00409877036888933,0,0,0,0.0352894131760472,0.000599820053983805,0,9.99700089973008e-05,9.99700089973008e-05,9.99700089973008e-05,0,0,0.000899730080975707,0,0,0.000199940017994602,0,0,0,0,0,0,0,0,0.000499850044986504,0,0.000499850044986504,0,0,0,0,0,0.000299910026991902,0.000299910026991902,0.000299910026991902,0,0,0,0.0141957412776167,0.000199940017994602,0,0,0.0124962511246626,0,0,0.0363890832750175,0,0,0.00439868039588124,0.00269919024292712,0,9.99700089973008e-05,0,0,0,9.99700089973008e-05,0,0,0.0480855743277017,0,0.00279916025192442,0.00169949015295411,0,0.00139958012596221,0.000599820053983805,9.99700089973008e-05,0,0,0.000499850044986504,0,0.00209937018894332,9.99700089973008e-05,0,0,0.000699790062981106,9.99700089973008e-05,0,0.00279916025192442,9.99700089973008e-05,0,0,0,0.00179946016195141,0.000299910026991902,9.99700089973008e-05,0,0.176946915925222,0,0,0,0,0.000299910026991902,0.000699790062981106,9.99700089973008e-05,0.000299910026991902,0,0,0.00119964010796761,0,0,0,0,0,0.000399880035989203,0,0,0.0150954713585924,0.000299910026991902,0,9.99700089973008e-05,0.000299910026991902,0,0,9.99700089973008e-05,0,0.00199940017994602,0,0,0,0.00179946016195141,0,0,0,0,0,0.00729781065680296,0.000799760071978406,9.99700089973008e-05,0.000599820053983805,0.000399880035989203,0,0,0.00249925022493252,0.000399880035989203,0,0.00149955013495951,0,0.00329901029691093,0.00589823053084075,0,0.000399880035989203,0,0,0,0,0,0,9.99700089973008e-05,0.000299910026991902,0.00269919024292712,0,0,9.99700089973008e-05,0,0,0.000299910026991902,0.00199940017994602,0.0337898630410877,0,0,0,0,0,0.000399880035989203,0,0,0.0129961011696491,0,0,9.99700089973008e-05,0.00109967009897031,0,0,0,0,0,0,0,0,0,0,0,0.0605818254523643,0,0.00419874037788663,0.000399880035989203,0,0,0,9.99700089973008e-05,0,0,0,0.000499850044986504,0.000199940017994602,0,0.00429871038688393,0.0190942717184845,0,0.00539838048585424,0.00399880035989203,0,0.000699790062981106,0,0.00379886034189743,0.00139958012596221,0,0.00239928021593522,0.00259922023392982,0.00379886034189743,9.99700089973008e-05,9.99700089973008e-05,0.0731780465860242,0,0,0.000299910026991902,0,0,0.000499850044986504,0,0,0,0,0.000199940017994602,0.00139958012596221,0,0.000999700089973008,0,0,0,0.000499850044986504,0,0,0.00269919024292712,0.000999700089973008,0.019594121763471,0,0.000299910026991902,0.00149955013495951,0.000299910026991902,0,0,0.000299910026991902,0,0,9.99700089973008e-05,0,0,0.00109967009897031,0,0.00309907027891633,0.000899730080975707,0,0,0,0,0,0,0.294411676497051,0,0,0.00559832050384884,0,0,0,0,0,0.00889733080075977,0.00399880035989203,0,0,0,0,0.00199940017994602,0,0.00109967009897031,0,0,0.00509847045886234,0
0,0,0,0,0,0,9.9930048965724e-05,0,0,0,0,0,9.9930048965724e-05,0,0.0327770560607575,0,0,0,0,0,0,0,9.9930048965724e-05,0.00139902068552014,0,0,0,0,0.0101928649945038,0.00099930048965724,0.0154891575896872,0,0,0.0049965024482862,0,0,0.022084540821425,0,0,9.9930048965724e-05,0,0,0,0,0,0.00139902068552014,0,0,0,0,0,0,0,0,0,0,0,0,0,0,0,0,0.000199860097931448,0,0,0,0.00649545318277206,0,0,0,0,9.9930048965724e-05,9.9930048965724e-05,0,0,0.0241830718497052,0,0,0,0,0,0,0,0,0.00179874088138303,0.00119916058758869,0,0,0,0.00389727190966324,0,0.00379734186069751,0.0298790846407515,0,0,0.0210852403317678,0,0,0,0,0,0,0,0,0,0,0,0.208254222044569,0,0,0,0,0,0,0,0,0,9.9930048965724e-05,0,0,0,0,0,0,0.0507644648745878,0,0,0,0,0,0,0.00299790146897172,0,0.000399720195862896,0,0.00299790146897172,0.171679824123114,0,0,0,0.00359748176276606,0,0,0,0,0,0.00099930048965724,0,0,0.000799440391725792,0.000699510342760068,0,0,0,0,0,0,0,0,0.000299790146897172,0,0,0,0,0,0,0,0,0,0,0,9.9930048965724e-05,9.9930048965724e-05,0,0,0,0,0.00109923053862296,0.00229839112621165,0,0,0,0,0,0,0,0,0,0,0,0,0.0053962226441491,0.00149895073448586,0,0,0.000199860097931448,0,0,0,0,0,0,0,0,9.9930048965724e-05,0.00439692215449186,0.00049965024482862,0,0.000199860097931448,0.00179874088138303,0,0,0,0,0,0,0,0,0,0,0,0,0,0,0,0,0,0.0216848206255621,0,0,0.00099930048965724,0,0,0,0,0,0,0,0,0,0,0,0,0,0,0,0,0,0,0,0.024982512241431,0,0,0,0,0.00699510342760068,0,0,0,0,0,0,0,0.000399720195862896,0,0,0,0,0,0.053962226441491,0,0,0.0123913260717498,0,0,0,0,0,0,0.211152193464575,0,0,0.00389727190966324,0.00159888078345158,0,0.00349755171380034,0,0,0,0,0,0,0,0,0.00449685220345758,0,0,0,0,0.0101928649945038,0
0.000299910026991902,0,0,0,0,0,0,9.99700089973008e-05,0,0,0,9.99700089973008e-05,0,0,0.0784764570628811,0,0.00269919024292712,0,0,0,0.000699790062981106,0.00299910026991902,0,0,0,0.175347395781266,0,0,0.011296611016695,0,0.00479856043187044,0,0,0.0134959512146356,0,0,9.99700089973008e-05,0.00169949015295411,0,0,0,0,0,0.000499850044986504,0,9.99700089973008e-05,0,0,0,0,0,0,0,0,0,0,0,9.99700089973008e-05,0,0.0274917524742577,0,0,0,0,0,0,0,0,0,0,0,0,0,0,0,0,0,0,0,0,0,0,0.00139958012596221,0,9.99700089973008e-05,0,0,0,0,9.99700089973008e-05,0,0,0.213036089173248,0,0,0.00859742077376787,0,0,0.000399880035989203,0,0,0,0,0,0,0,0.00349895031490553,0.058482455263421,0,0.00189943017094872,0,0,0,0.00189943017094872,0,0,0,0,0.0168949315205438,9.99700089973008e-05,0,0,0,9.99700089973008e-05,0.00909727081875437,0,0,0,0,0.0101969409177247,0,0.000299910026991902,0,0.00169949015295411,0,0,0.0278916325102469,0,0,0,0.00149955013495951,0,0,0,0,0.0341897430770769,0,0,0,9.99700089973008e-05,0,0.000199940017994602,0,0,0,0.000599820053983805,0,0,0,0.000199940017994602,0,0,0,9.99700089973008e-05,0,0,0,0,0,0,0,0,0,0,0,0,0,0,0.00219934019794062,9.99700089973008e-05,0,9.99700089973008e-05,0,0,0.00139958012596221,0,0,0,0,0,0,0.00239928021593522,0.000299910026991902,0,0.00149955013495951,0,0,0,0,0,0,0,0,0,0,0,0,0,9.99700089973008e-05,0.00229931020693792,0.000499850044986504,0,0,0,0.000199940017994602,0,0.00579826052184345,0,0.0380885734279716,0,0.0296910926721983,0,0,0,0,0,0,0,0.00469859042287314,0,0.00529841047685694,0,0,0.0324902529241228,0,0,0,0,0,0.00419874037788663,0,0,0.010296910926722,0,0,0,0,9.99700089973008e-05,0,0,0,0,0.00239928021593522,0,0.00129961011696491,0.0212936119164251,0,0,0,0.000299910026991902,0.000499850044986504,0,0,0,0,0,0,0,0,0.0749775067479756,0,0,0.00419874037788663,0,0,0,0,0,0,9.99700089973008e-05,0,0,0.0309907027891633,0,0,0,0,0,0,0.00109967009897031,0,0,0,0,0.000399880035989203,0,0.00609817054883535,0,0,0.00169949015295411,0
0,0,0,0,0,0,9.98701687805852e-05,9.98701687805852e-05,0,0,0,0,0.00019974033756117,0.00169779286926995,0.000499350843902926,0,0,0,0,0,9.98701687805852e-05,9.98701687805852e-05,0,0,0,0.357734944572056,9.98701687805852e-05,9.98701687805852e-05,0.00319584540097873,0.00469389793268751,0.0574253470488365,0,0,0.00119844202536702,0,0,0.00019974033756117,0.00019974033756117,0,0,0,0,0,0,0,9.98701687805852e-05,0,0,0,0,0,0,9.98701687805852e-05,0,9.98701687805852e-05,9.98701687805852e-05,0,0,0,0.0120842904224508,0,0,0,0,0,9.98701687805852e-05,0,0,0,0.00828922400878858,9.98701687805852e-05,0,0,0,0,0.0642165185259163,0,0,0,0,0,0,0.000798961350244682,0,9.98701687805852e-05,0.000499350843902926,0,0,0,0.000499350843902926,0,0.00309597523219814,9.98701687805852e-05,0.000499350843902926,0,0,0.00019974033756117,0,0,0,0,0,0,0,0,0.000399480675122341,0,0,0,0,0,0,0,0,0.000699091181464097,0,0.00209727354439229,0,0.00818935384000799,0,0.00419454708878458,0,0,0,9.98701687805852e-05,0,0,0,0,0.000299610506341756,0.011085588734645,0.00129831219414761,0,0,0,0,9.98701687805852e-05,0,0.00019974033756117,0,0.0143813043044043,9.98701687805852e-05,0,9.98701687805852e-05,0,0,0,0,0.00209727354439229,0,0,0.000499350843902926,0.000299610506341756,0,0,0,0,0,0,0,0,0.00639169080195746,0.00019974033756117,9.98701687805852e-05,0,0,0,0,0,9.98701687805852e-05,0,0,9.98701687805852e-05,0,0,0,0.00369519624488165,9.98701687805852e-05,0,0,9.98701687805852e-05,0,0,0,0.000299610506341756,0,0,0.0106861080595226,0.00219714371317288,9.98701687805852e-05,0,0.00359532607610107,0,0,0.00019974033756117,0,0,0.00459402776390692,0,0,0,0,0,0,0,0,0,0,0,0,0.00988714670927794,0,0,0,0.00019974033756117,0.00179766303805053,0,9.98701687805852e-05,0.00119844202536702,0,0.000299610506341756,0,0.00309597523219814,0,0,0,0.00019974033756117,0,0,0.00499350843902926,0,9.98701687805852e-05,0.000399480675122341,0,9.98701687805852e-05,9.98701687805852e-05,0,0,0,9.98701687805852e-05,0,0,0.000399480675122341,0.0101867572156197,0,0,0,0,0,9.98701687805852e-05,0,0,0.000399480675122341,9.98701687805852e-05,9.98701687805852e-05,0.000898831519025267,0.00499350843902926,0,0.000798961350244682,9.98701687805852e-05,0,0,0,0,0,0,9.98701687805852e-05,0,0,0.285528812543693,0.000499350843902926,0,0.00379506641366224,0.0157794866673325,0,0,9.98701687805852e-05,0,0.000399480675122341,0.00019974033756117,0,0.0303605313092979,0,0,0,0,0,0,0.00469389793268751,0,0.0189753320683112,0,0,0,0.000499350843902926,0,0,0,0,0.00109857185658644,9.98701687805852e-05
0,0,0,0,0,0,0,0,0.0002999400119976,0,0,0,9.99800039992002e-05,9.99800039992002e-05,0.000699860027994401,0,0,0,0,0.0002999400119976,0,0.0021995600879824,0,0,9.99800039992002e-05,0.393421315736853,0,0,0.0002999400119976,0.00819836032793441,0,0,0,0.0026994601079784,0,0,0.00409918016396721,0,0,0,0,0,0,0,0,0.0240951809638072,0,9.99800039992002e-05,0,0,0.0002999400119976,0,0,0,0,0,0,0,0,0,0.0010997800439912,0,0,0,0,0.000799840031993601,0.01499700059988,0,0,0,0,0,0,9.99800039992002e-05,0.0871825634873025,0,0,0,0,0.0011997600479904,0,0,0.0511897620475905,0,9.99800039992002e-05,0.010497900419916,0,0,0,0.00409918016396721,0.0031993601279744,0,0,0,0,0,0.0366926614677065,0,0.002999400119976,0,0,0,0,0,0.0001999600079984,0,0.0250949810037992,0.0358928214357129,0,0,0,0,0,0.0625874825034993,0,0,0,0,0.0017996400719856,0,0,0,0,9.99800039992002e-05,0.0317936412717457,0.0023995200959808,0,0,0,0,0.00449910017996401,9.99800039992002e-05,0,0,0,0,0.000599880023995201,0,0,0,0,0,0,0,0,0,0,0,0,0,0.0001999600079984,0.0147970405918816,0,0,0,0,0,0,0.0002999400119976,0,0,0,0,0,0,0,0.0011997600479904,0,0,0,0,0,0,0,0,0,0,0,0,0,0,0,0,0,0,0,0,0,0,0,0,0.00709858028394321,0,0,0.0028994201159768,0,0,0,0,0,0,0,0,0,0,0,0,0,0,0,0,0,0,0.0010997800439912,0,0,0.0027994401119776,0,0.00369926014797041,0,0,0,0,0,0,0,0,0,0.0166966606678664,0,0,0,0,0,0,0,0,0,0.0001999600079984,0.0010997800439912,0,0,0,0,0,0,0,0,0,9.99800039992002e-05,0.00499900019996001,0,0.0017996400719856,0,0.00899820035992801,0,0,9.99800039992002e-05,0,0,9.99800039992002e-05,0,0,0,0.0013997200559888,0,0,0,0,0,0.0011997600479904,0,0.00829834033193361,0,0,0,0,0,0,0.0340931813637273,0,0,0.0489902019596081,0,0,0,9.99800039992002e-05,0,0,0.00679864027194561,0,0,0,0,0,0,0.0001999600079984,0,0,0.014497100579884,0
0,0,0,0,0,0,0,0,0,0,0,0,0,0,0.00279860069965018,0,9.99500249875062e-05,0,0,0,0,0.00369815092453773,0,0,0,0.0862568715642179,0,0,0.0031984007996002,0.000999500249875062,0,0,0,0.00429785107446277,0,0,0.00119940029985007,0,0.000199900049975012,9.99500249875062e-05,0,0,0,0,0,0.0150924537731134,0,0,0.000599700149925037,0,0,0,0,0,0,0,0,9.99500249875062e-05,0,0.0258870564717641,0,0,0,0,0,0,0.00609695152423788,0.000599700149925037,0,0.00749625187406297,0.055872063968016,0,0,0.0272863568215892,0,0,0,0,0,0.0117941029485257,0,0.000899550224887556,0.00149925037481259,0,0,9.99500249875062e-05,0.000199900049975012,0,9.99500249875062e-05,0.0131934032983508,0.0413793103448276,0.0015992003998001,0.000399800099950025,0,0,0,0,0,0.000899550224887556,0,0,0,0,0,0.000599700149925037,0,0.00439780109945028,0.0269865067466267,0,0.0108945527236382,0,0.00279860069965018,0,0.00689655172413793,0,0,0.00499750124937531,0,0.0100949525237381,0,0,0,0,0,0.00369815092453773,0,9.99500249875062e-05,0,0,0.000399800099950025,0.0939530234882559,0,0,0,0,0,9.99500249875062e-05,0,0,0,9.99500249875062e-05,9.99500249875062e-05,0,0,0,0,0.00209895052473763,0,0.00209895052473763,0.0079960019990005,0,0,0,0,0,0,0,0,0.00189905047476262,0.00359820089955022,0,0.00609695152423788,0,9.99500249875062e-05,0,0,0,0,0,0,0.000399800099950025,0,0.00279860069965018,0,0,0,0.00649675162418791,0.0105947026486757,0.0264867566216892,0,0,0,0,0,0,0,0,0.0047976011994003,0,0,0.00119940029985007,0.0195902048975512,0,0,0,0,0.00199900049975012,0.00689655172413793,0,0,0,0,0,0.00199900049975012,0,0.00079960019990005,0,0.00229885057471264,0,0,0.00269865067466267,0,0.0217891054472764,0,0.000899550224887556,0.00179910044977511,0.000899550224887556,0,0.00739630184907546,0,0.00079960019990005,0.0179910044977511,0,0.000299850074962519,0,0,0,0,0.0203898050974513,0.0145927036481759,0.00449775112443778,0,0,0.000399800099950025,0,0,0.000299850074962519,0,0.000199900049975012,0,0,0,0.000399800099950025,0,0,0,0,0,0,0,0,0,0.00179910044977511,0,0.000899550224887556,0.000599700149925037,0.000199900049975012,0,0.00179910044977511,0,9.99500249875062e-05,0,0,0.000199900049975012,0,0,0,0,0.000299850074962519,0.000199900049975012,0,0,0.00729635182408796,0,0,0,0,9.99500249875062e-05,0.000199900049975012,0.235182408795602,0,0,0.0499750124937531,0,0,0,0,0,0.000699650174912544,0.00349825087456272,0,0,0,0,0.00199900049975012,0,0.000199900049975012,0,0,0.00909545227386307,0
0,0.0002997002997003,0.0001998001998002,0,0,0,0,0,0,0,9.99000999000999e-05,0,0.0001998001998002,0.0165834165834166,0.0031968031968032,0,0.0011988011988012,9.99000999000999e-05,9.99000999000999e-05,0.0010989010989011,0.000899100899100899,0.0015984015984016,0,0,0,0.123276723276723,0,0,0.0026973026973027,0,0.038961038961039,0,9.99000999000999e-05,0.00919080919080919,0,0,0.000899100899100899,0.00739260739260739,0,0,0,0,0,0.0046953046953047,0,0.0034965034965035,0,9.99000999000999e-05,0,0,9.99000999000999e-05,0,9.99000999000999e-05,0,0.0002997002997003,0,0,0,0,0,9.99000999000999e-05,0,0,9.99000999000999e-05,0,0,0.00579420579420579,0,0,0,0.0018981018981019,0,0,0,0,0,0,0,0,0.0014985014985015,0,0,9.99000999000999e-05,0,0,9.99000999000999e-05,0,9.99000999000999e-05,0,0.00869130869130869,0.0038961038961039,0,0,0,0,0,0,0,0.000699300699300699,0,0,0,0,0,0,0,0,0.0391608391608392,0,0.0027972027972028,0,0.0026973026973027,0,0.0003996003996004,0,0.0002997002997003,0.003996003996004,0.0022977022977023,0.000899100899100899,0,0,0,0,0,0.00649350649350649,0,0,0,9.99000999000999e-05,0,0.0599400599400599,0.0003996003996004,0.0041958041958042,0,0,0,0.0021978021978022,0,0.0001998001998002,0,9.99000999000999e-05,0.0001998001998002,0,0,0,0,9.99000999000999e-05,0,0.0018981018981019,0.0002997002997003,0.00539460539460539,0.0042957042957043,9.99000999000999e-05,0,9.99000999000999e-05,0,0,0,0,0.0013986013986014,0,0,0,0,0,0,0,0,0,0,0,0,9.99000999000999e-05,0,0,0,0.0038961038961039,9.99000999000999e-05,0.0012987012987013,0.0003996003996004,9.99000999000999e-05,0,0,0.000699300699300699,9.99000999000999e-05,0,0,9.99000999000999e-05,0.002997002997003,0.0011988011988012,0,0.000899100899100899,0.0013986013986014,0,0.0024975024975025,0,0.000599400599400599,0.0043956043956044,0,0,0,0,0,9.99000999000999e-05,0.145854145854146,0,0,0,0.0002997002997003,0,0,0,0.00659340659340659,0.0013986013986014,0.0002997002997003,0,0.0004995004995005,9.99000999000999e-05,9.99000999000999e-05,0,9.99000999000999e-05,0.00609390609390609,0,0,0,0,0,0,0.00629370629370629,0,9.99000999000999e-05,0,0.0004995004995005,0.156043956043956,0,0,9.99000999000999e-05,0,0.0004995004995005,9.99000999000999e-05,0,0,0.0350649350649351,0,0,0,0,0,0,0,0.0153846153846154,0.0003996003996004,0.0001998001998002,0,9.99000999000999e-05,0.000599400599400599,9.99000999000999e-05,0,0.000599400599400599,0,0,0.0015984015984016,0.0001998001998002,9.99000999000999e-05,0,0,0,0.0041958041958042,0.000599400599400599,0.0016983016983017,0.0010989010989011,0.0015984015984016,0.00649350649350649,0.14985014985015,0,0,0,0,0.0002997002997003,0.0325674325674326,0.0003996003996004,0,0.00869130869130869,0,0,0,0,0,0,0.000799200799200799,0,0,0,0,0.0002997002997003,0,0.0015984015984016,0.004995004995005,0,0.0047952047952048,0
0.0001000100010001,0,0,0,0,0,0,0,0,0,0,0.0011001100110011,0,0,0.0049004900490049,0,0.0018001800180018,0,0,0,0,0.0053005300530053,0,0.0037003700370037,0,0,0,0,0.0071007100710071,0.013001300130013,0.042004200420042,0,0,0.0096009600960096,0,0,0,0.0778077807780778,0,0,0,0,0,0,0,0.0031003100310031,0,0,0,0.0014001400140014,0,0,0,0,0,0,0.0001000100010001,0.0002000200020002,0,0,0,0,0,0,0,0,0,0,0,0,0,0,0,0,0,0,0,0,0,0,0,0,0.0036003600360036,0,0,0.0184018401840184,0,0,0,0,0,0.0211021102110211,0.0004000400040004,0,0,0,0,0,0,0,0,0,0,0,0,0,0,0,0,0,0,0,0,0,0.0002000200020002,0.0006000600060006,0,0.0009000900090009,0.0323032303230323,0,0,0,0.007000700070007,0,0,0,0,0,0,0,0,0.0175017501750175,0,0.0001000100010001,0,0,0.0048004800480048,0,0,0.0005000500050005,0.0025002500250025,0,0,0,0,0.002000200020002,0.0089008900890089,0,0,0,0,0,0,0,0,0,0,0,0,0.0109010901090109,0,0,0,0.357635763576358,0,0.0001000100010001,0,0,0,0,0.0041004100410041,0,0,0.0001000100010001,0.0024002400240024,0,0,0,0,0,0,0,0,0,0.0039003900390039,0,0,0,0,0.0032003200320032,0,0,0.0034003400340034,0,0,0,0,0,0.0001000100010001,0,0,0,0,0,0,0.0528052805280528,0,0,0.0003000300030003,0.0063006300630063,0,0,0,0,0,0,0,0,0.0313031303130313,0,0,0,0,0,0,0,0,0,0,0,0,0,0,0,0,0,0,0,0,0.0285028502850285,0,0.0028002800280028,0,0,0,0,0.0022002200220022,0.0009000900090009,0,0,0,0.001000100010001,0.0121012101210121,0,0,0.0198019801980198,0.002000200020002,0,0,0.0081008100810081,0,0,0,0.0029002900290029,0.0006000600060006,0,0,0,0,0.014001400140014,0,0.0115011501150115,0.0231023102310231,0,0.0009000900090009,0,0,0,0,0.037003700370037,0,0,0.0256025602560256,0.0004000400040004,0,0,0,0.0027002700270027,0,0,0,0,0,0,0.0074007400740074,0,0.0006000600060006,0,0,0.0273027302730273,0
0,0,0,0,0,0,0.00039984006397441,0.00369852059176329,0,0,0,0,0,0,0,0,0.00039984006397441,9.99600159936026e-05,0,0,0.000199920031987205,0.00309876049580168,0,0.000199920031987205,0,0.00169932027189124,9.99600159936026e-05,0,0.000299880047980808,0,0.0375849660135946,0,0,0.00329868052778888,0,0.00339864054378249,9.99600159936026e-05,0.0446821271491403,0,9.99600159936026e-05,0,0,0,0.00129948020791683,0,0.0146941223510596,0.000299880047980808,0,9.99600159936026e-05,9.99600159936026e-05,0,0,0,0,0,0,0,9.99600159936026e-05,0,0,0,0,9.99600159936026e-05,0,9.99600159936026e-05,0,0.0304878048780488,0,0,0.0557776889244302,0,0,0,0.000999600159936026,0,0,0,0,0,0,0,0,0,0,0.0376849260295882,0,0.000299880047980808,0,0,0.000899640143942423,0,0.00639744102359056,0,0,0.000899640143942423,0,0,0,0.00469812075169932,0,0,0,0,0,0,0,0.0296881247501,0.0833666533386645,0,0,0.000999600159936026,0.000499800079968013,0,0.00119952019192323,0.000199920031987205,9.99600159936026e-05,0.000199920031987205,0,0.0139944022391044,0,0,0,0,9.99600159936026e-05,0.00179928028788485,0,0,0,0.000199920031987205,0,0.00329868052778888,0.00589764094362255,0.0328868452618952,9.99600159936026e-05,0,0,0.00039984006397441,0,0,0,0,0,0,0,0.0539784086365454,0,0,0,0,0.000199920031987205,0.000599760095961615,0,0,0.00519792083166733,0,0,0,9.99600159936026e-05,0.00039984006397441,0.0113954418232707,0,0,0,0.101659336265494,0,9.99600159936026e-05,0,0,0,0,0,0,0,0,0,0,0,0.0106957217113155,0.0523790483806477,0,0,0,0,0,0.00109956017592963,0,0,0.00139944022391044,0,9.99600159936026e-05,0,0.00199920031987205,0,0,0.00139944022391044,0,0.00109956017592963,0,9.99600159936026e-05,0,0,0,0,0,0,0.00209916033586565,0.00129948020791683,0,0,0.000199920031987205,0,0,0,0.000199920031987205,0.00189924030387845,0,0,0,0.00189924030387845,0,0.00739704118352659,0,0,0,0,0,0,0,0.000499800079968013,0,0.00079968012794882,0,0,0.00939624150339864,0,0,0,0,0,0,0,0,0,0,0,0,9.99600159936026e-05,0,0,0,0,0.000899640143942423,0,0,0.00199920031987205,9.99600159936026e-05,0,0,0,0,0,0,0.000499800079968013,0,0,0,0,0.00359856057576969,0,9.99600159936026e-05,0,0.00349860055977609,0.007796881247501,0,9.99600159936026e-05,0,0,0,0.00259896041583367,0.227109156337465,0,0,0.0324870051979208,0,0,0,0,9.99600159936026e-05,0,0.000899640143942423,0,0.000899640143942423,0,0,0.00419832067173131,0,0,0,0,0.0141943222710916,0
0,0,0,0,0,0,9.99800039992002e-05,0,0,0,0,0,0,0.020995800839832,0,0,0,0,0,0,0,0,0,0,0,0.186962607478504,0,0,0,0,0.0654869026194761,0,0,0,0,0,0,0,0,0,0,0,0,0,0,0,0,9.99800039992002e-05,0,0,0,0,0,0,0,0,0,0,0,0.000399920015996801,0,0,0,0,0,0,0.0205958808238352,0,0,0,0.0025994801039792,0,0,0.00539892021595681,0,0.0011997600479904,0,0,0,0.0010997800439912,9.99800039992002e-05,0.0002999400119976,0,0,0.00569886022795441,0,0,0,0,0,0,0.0002999400119976,0,0,0,0.00329934013197361,0,0,0,0,0,0,0,0.0012997400519896,0,0,0,0.145970805838832,0,0,0,0.00469906018796241,0,0.00339932013597281,0,0,0,0,0.0127974405118976,0,0.0001999600079984,0,0,0.00429914017196561,0,0,0,0,0,0,0,0,0,0,0,0,0,0,0,0,0,0,0,0,0,0,0,0,0,0.000999800039992002,0.000999800039992002,9.99800039992002e-05,0,0.000699860027994401,0,0,0,0,0,0.00849830033993201,0,0,0,0,0,0,0,0,9.99800039992002e-05,0,0,0,0.0015996800639872,0,0,0,0,0.00549890021995601,0.00989802039592082,0,9.99800039992002e-05,0,0,0,0,0,0,0,0,0,0,0,0,0,0,0,0,0.0001999600079984,0,0,0,0,0,0.0001999600079984,0,0,0,0.000999800039992002,0,0,0,0,9.99800039992002e-05,0,0,0,0.00499900019996001,0.000599880023995201,0,0,0.00379924015196961,0.002999400119976,0,0.0022995400919816,0,0,0,0,0.0113977204559088,0.000799840031993601,0,0,0,0,0,0,9.99800039992002e-05,0,0,0,0,0,0,0,0,0.00339932013597281,0,0,0,0,0,0,0,0,0,0,0,0,0,0,0,0,0,0,9.99800039992002e-05,0,0,0,0,0.0147970405918816,0,0,0.00679864027194561,9.99800039992002e-05,0.0001999600079984,0,0,0.0002999400119976,0,0.421015796840632,0,0,0,0,0,9.99800039992002e-05,0,0,0.00459908018396321,0.00399920015996801,0,0,0,0,0,0.0002999400119976,0,0,0,0,0
0,0,0,0,0,0,0,0,0,0,0,0,0,0,0.0118928642814311,0,0,0,0,0,0.000199880071956826,0.000699580251848891,0,9.9940035978413e-05,0,0.0224865080951429,0,0,0.00159904057565461,0.00159904057565461,0.0106935838496902,0,0,0.0053967619428343,0,0,0.00399760143913652,0.000499700179892065,9.9940035978413e-05,0,0,0,0,0.000199880071956826,0,0.000499700179892065,0,0,9.9940035978413e-05,0,0,0,0,0,0.000399760143913652,0,0,9.9940035978413e-05,0,0,0,0,0,0,0,0,0.00149910053967619,0,0,0,0,0,0,0,0,0,0,0,0,0,0,0,0.00599640215870478,0,0.0106935838496902,0.000699580251848891,0.000199880071956826,0,0,0,0,0.000599640215870478,0.00409754147511493,0,0,9.9940035978413e-05,0,0,0.000199880071956826,0,0,0,0,0,0,9.9940035978413e-05,0,0.103537877273636,0,0,0,0,0,0,0,0,0,0,0.00149910053967619,0,0,0,0,0,0.00519688187087747,0,0,0,0,0,0.00119928043174096,0.00149910053967619,0,0.000399760143913652,0,0,0.0856486108334999,9.9940035978413e-05,0,0.000199880071956826,0.00149910053967619,0,0,0,0,0,0.00419748151109334,9.9940035978413e-05,0,0,9.9940035978413e-05,0,0,0,0,0,0.0030981411153308,0,0,0.000299820107935239,0,0,0,0,0,9.9940035978413e-05,0,0,0,0,0,0,0,0,0,0,0,0,0,0,0,0,0,0,9.9940035978413e-05,0,0,0,0,0,0.000299820107935239,0.00919448331001399,9.9940035978413e-05,0,0,0,0,0,0,0,0,0,0,0,0,0.00109934039576254,0,0,0,9.9940035978413e-05,0.00509694183489906,0,0,0,0.000799520287827304,0,0.00349790125924445,0,0.000899460323805717,0,0,0,0,0,0,0,0,0,0,0,0.000999400359784129,9.9940035978413e-05,0,0.0524685188886668,0,0,0,0,0,0,9.9940035978413e-05,9.9940035978413e-05,0,0,0.000499700179892065,0,0,0,0.000199880071956826,0,0,9.9940035978413e-05,0,0,0,0.000899460323805717,0,0,0,0.000399760143913652,0,0,0,0.000299820107935239,0,0,0,0,0,0.189986008394963,0,0.000899460323805717,0.00149910053967619,0.130221866879872,9.9940035978413e-05,0,0,0,0,0.275734559264441,0,0,0.000699580251848891,0,0,0,0,0,0,0,0,0,0,0,0,0,0.029282430541675,0,0,0.000799520287827304,0
0,0,0,0,0,0,0,0,0,0,0,0,0.000399880035989203,0,0,0,9.99700089973008e-05,0,0,0.00349895031490553,0,0.00429871038688393,0,0.000499850044986504,0,0.0565830250924723,0,0,0.000499850044986504,0.000299910026991902,0.0263920823752874,0,0,0,0,0,0.000499850044986504,0.000199940017994602,0,0,0,0,0,0,0,0.00139958012596221,0,0,0,0,9.99700089973008e-05,0,9.99700089973008e-05,0,0,0,0,0,0,0,0,0,0.000699790062981106,0,0,0,0.0103968809357193,0,0,0,0.00579826052184345,0,0,0,0,0,0,0,0,0.00859742077376787,0,0,0.0312906128161552,0,0.00749775067479756,0,0.000199940017994602,0,0,0.00339898030590823,0,9.99700089973008e-05,0,0,0.00169949015295411,0,0.0101969409177247,0,0,0,0,0.000799760071978406,0,0,0.000199940017994602,0.00119964010796761,0,0.218034589623113,0,0,0,0,0.00139958012596221,0.000499850044986504,0.00109967009897031,0.000499850044986504,0,0,0.00289913026092172,0,0,0,0,0,0,0,0.00109967009897031,0,0,0,0.0349895031490553,0.10406877936619,0,0,0,0,9.99700089973008e-05,0,0,0,0.000199940017994602,0.000299910026991902,0,0,0,0,0.00119964010796761,0,0.00729781065680296,0,0,0,0.000199940017994602,0,9.99700089973008e-05,0,0.00779766070178946,0,0,0.00119964010796761,0.00189943017094872,0.0242927121863441,0,0,0,0,0,0,0,0,0,0.000299910026991902,0,0,0,0,0.0107967609717085,0,0.000799760071978406,0,0,0,0,0.000799760071978406,0.000399880035989203,0,0,0.012296311106668,0,0,0,0.00529841047685694,0,0.000499850044986504,0,0.000599820053983805,0.00239928021593522,0,0,0,0,0.00289913026092172,0,0,0,0.000799760071978406,0,0,0.000199940017994602,0,0.00589823053084075,0,0,0,9.99700089973008e-05,0,0.00139958012596221,0,0.00589823053084075,0,0.00159952014395681,0,0.00769769069279216,0,0,0,0,0,0.000399880035989203,0.00679796061181645,0.00789763071078676,0,0,0.000399880035989203,0,0,0,9.99700089973008e-05,0,9.99700089973008e-05,0,0,0.000899730080975707,0,9.99700089973008e-05,0,0,0,0,0,0,0,0,0,0.00129961011696491,0.000299910026991902,0.00129961011696491,0,0.00119964010796761,0.00169949015295411,0,0,0,0.000199940017994602,0,0,0,0,0,0,0,0.00389883035089473,0.0426871938418474,0,9.99700089973008e-05,0,0,0,0.00189943017094872,0.27111866440068,0,0,0.00809757072878137,0,0,0,0,0,0,0,0,0,0,0,0,0,0.000799760071978406,0,0,0.00189943017094872,0
0,0,0,0,0,0,0,0.00139916050369778,0,0,0,0,0,0,0.000799520287827304,0,0,0,0,9.9940035978413e-05,0,0,0,0,0,0.38666799920048,0,0,0,9.9940035978413e-05,0,0.00129922046771937,0,0.00299820107935239,0,0,0,0,0,0,0,9.9940035978413e-05,0,0,0,0.027583449930042,0,0,0,0,0,0,0,0,9.9940035978413e-05,0,0,0,0,0,0,0,0,0,0,0,0.0220867479512293,0,0,0,0.00129922046771937,0,0,0.000799520287827304,0,0,0,0,0,0.000999400359784129,0,0,0.000399760143913652,9.9940035978413e-05,0,0,0,0,0,0.00359784129522287,0,0,0.00179892064761143,0,0.00139916050369778,0.000199880071956826,0,0,0.000999400359784129,0,0,0.00899460323805717,0,0,0,0,0.00719568259044573,0.104137517489506,0,0,0,0,0,0,0,0,0,0,0.00399760143913652,0,0,0,0,9.9940035978413e-05,0.00439736158305017,0,0,0,9.9940035978413e-05,0,9.9940035978413e-05,0.00209874075554667,0,0,0,0,0.000199880071956826,0,0,0,0,0,0,0,0,0,0,0,0,0,0.00219868079152508,0,0,0,0,0,0,0,0.000999400359784129,9.9940035978413e-05,0,0,0,0.0836498101139316,0,0,0,0,0,0,0,0,0.004597241655007,0,0,0,0,0.000199880071956826,0,0,0,0,0,9.9940035978413e-05,0,0,0,0,0.000699580251848891,0,0,0.00779532280631621,0,0,0,0,0,0,0,0,0,0,0.00809514291425145,0.000699580251848891,0,0,0.000199880071956826,0,0,0,0,0,0,0.000299820107935239,0,0,0,0.00409754147511493,0,0,0,0.00289826104337398,0,0,0,0.000199880071956826,0.000199880071956826,0,0.00879472316610034,0,0.0140915450729562,0,0,0.075254847091745,0,0,0,0,0.000199880071956826,0,0,0,0,0.000399760143913652,0,0.00509694183489906,0,0,0,0,0,0,0,0,0,0,0,0,0.000599640215870478,9.9940035978413e-05,0,0.00159904057565461,0,0,0,0,0.00129922046771937,0,0,0.000199880071956826,0.000199880071956826,0.00519688187087747,0.0398760743553868,0,0,0,0,0,0,0.12152708374975,0,0,0.0159904057565461,0,0,0,0,0,0.000999400359784129,0.000399760143913652,0,0,0,0,9.9940035978413e-05,9.9940035978413e-05,0,0.000499700179892065,0,0.00429742154707176,0
0,0,0,0,0,0,0.00259844093543874,0.00159904057565461,0.0836498101139316,0,0,0,9.9940035978413e-05,0,0.000699580251848891,0,0.00249850089946032,0,0,0,0,0,0,0.0216869878073156,0,0.210373775734559,0,0,0.0649610233859684,0,0.00129922046771937,0,0,0.0103937637417549,0,0,0,0.000899460323805717,0,0,9.9940035978413e-05,0,0,0,0,0.00669598241055367,0,0,0,9.9940035978413e-05,0,0,0,0,0,0,0,9.9940035978413e-05,0,0,0,0,0,0,0.0149910053967619,0,0.000999400359784129,0.000599640215870478,0,0,0,0,0,0,0,0,0,0,0,0.000799520287827304,0,0,0,0,0,9.9940035978413e-05,0.0187887267639416,0,0,0.01259244453328,0,0,0.00269838097141715,0,0,0,0,0,0.00729562262642415,0.000299820107935239,0,9.9940035978413e-05,0,0,0,0,0,9.9940035978413e-05,0,0,9.9940035978413e-05,0,0,0.000599640215870478,0,9.9940035978413e-05,0,9.9940035978413e-05,0.000399760143913652,0,0,0,0,0,0.0076953827703378,0,0,0,0,0,0,0.0168898660803518,0,0,0,0,0.0131920847491505,0,9.9940035978413e-05,0,0.000199880071956826,0,0,0,0,0,0,0,0,0,0.000699580251848891,0.00249850089946032,0,0,0,0.00259844093543874,0,9.9940035978413e-05,0,0.000699580251848891,0,0,0,0,0,0,0,0,0,0,0,0,0.000799520287827304,0,0,0,0,0,0.00119928043174096,0,0,0,0,0,0,0,0,0,0,0,0,0.00129922046771937,0.0167899260443734,9.9940035978413e-05,0,0,0,0,0,0,0,0.000399760143913652,0,0,0,0.000399760143913652,0,0,9.9940035978413e-05,0.0206875874475315,0,0,0,0,0.00209874075554667,0,0,0,9.9940035978413e-05,0,0,0,0,0,9.9940035978413e-05,0.00159904057565461,0,0,0,0,0.00649610233859684,0,0,0.304317409554267,0,0,0,0,0,0.000199880071956826,0,0,0,0,9.9940035978413e-05,0,0,0.000699580251848891,0,0,0,0,0,0,0,9.9940035978413e-05,0.000399760143913652,0,0,0,0,0,0,0,9.9940035978413e-05,0,0,0,0,0.00149910053967619,0,0,0.0196881870877474,9.9940035978413e-05,0.000399760143913652,0,9.9940035978413e-05,0,0.00189886068358985,0.0923445932440536,0,0,0.000399760143913652,0,0,0,0,9.9940035978413e-05,0,0,0,0,0,0,0,0,9.9940035978413e-05,0,0,0.0106935838496902,0.00149910053967619
0.0004999500049995,0,0,0,0,0,0,0,0,0,0,0,0,0,0,0.0013998600139986,0,0,0,0,0,0.0043995600439956,0,0.0006999300069993,0,0.14988501149885,0,0,0.0022997700229977,0.0191980801919808,0,0,0,0.015998400159984,0,0,0.0023997600239976,0,0,0,0,0,0.0356964303569643,0,0,0.0110988901109889,0,0,0,0,0,0,0,0,0,0,0,0,0,0,0,0,0,0,0,0,0,0,0.0003999600039996,0,0,0,0,0,0,0,0,0,0,0,0,0,0.0220977902209779,0,0,0,0.0014998500149985,0,0,0,0,0.0043995600439956,0.0120987901209879,0,0,0,0,0,0,0,0,0.0025997400259974,0,0,0,0,0,0.0612938706129387,0,0.0631936806319368,0,0,0.0004999500049995,0,0,0,0,0.0003999600039996,0,0,0,0,0,0,0,0,0,0,0,0,0.0610938906109389,0,0,0,0,0,0.0120987901209879,0,0,0,0.0561943805619438,0.0003999600039996,0,0,0,9.99900009999e-05,0.0036996300369963,0,0.0106989301069893,0,0,0,0,0,0,0,0.0002999700029997,0,0,0,0.0015998400159984,0,0,0,0,0,0,0,0,0,0.006999300069993,0.0003999600039996,9.99900009999e-05,0,0.0024997500249975,0,0.0143985601439856,0,0,0,0,0,0,0,0,0,0,0,0,0,0,0.0103989601039896,0,0,0,0,0.0244975502449755,0,0,0,0,0,0,0,0,0,0,0,0,0,0.0056994300569943,0,0,0,0,0,0,0,0.0034996500349965,0,0,0,0,0,0,0,0,0,0,0,0,0,0,0.0351964803519648,0,0,0,0.0002999700029997,0.0041995800419958,0,0,0,0,0,0.0004999500049995,0,0,0,0,0,0,0,0,0,0,0,0,0,0,0,0,0,0,0.0037996200379962,0,0,0,0,0.0068993100689931,0.0513948605139486,0,0,0.0317968203179682,0,0,0,0,0,0,0.109289071092891,0,0.0012998700129987,0.0702929707029297,0,0,0,0,0,0,0.0064993500649935,0,0,0,0,0,0,0.0517948205179482,0,0,0,0
0,0.000999800039992002,0,0,0,9.99800039992002e-05,0,0,0,0,0,0,0,0,9.99800039992002e-05,0,0,0,9.99800039992002e-05,0.0002999400119976,0,0,0,0.0011997600479904,0,0.192861427714457,0,0,0.000399920015996801,0.00489902019596081,0,0,0,0.0017996400719856,0,0,0.000599880023995201,0,0,9.99800039992002e-05,0,0,0,0,0,0.00549890021995601,0,0,0,0,0,0,0,0,0,0,0.000399920015996801,0,0,0.0554889022195561,0,0,0,0,0,0,0.0340931813637273,0,0,0,0,0,9.99800039992002e-05,0,0,0,0,0,0,0.0195960807838432,0,0,0,0,0,0,0.011997600479904,0,0,0,0,0.000499900019996001,9.99800039992002e-05,0,0,0,0,0,0.0027994401119776,0,0,9.99800039992002e-05,0,0,0,0,0,0.0546890621875625,0,0.02249550089982,0.0002999400119976,0,0,0,0.000399920015996801,0,0,0,0,9.99800039992002e-05,0,0,0,9.99800039992002e-05,0,0,0,0,0,0,0,0.0191961607678464,0,9.99800039992002e-05,0,0,0.00819836032793441,9.99800039992002e-05,0,0,0.000599880023995201,0,0,0,0,0,0,0,0,0,0.00379924015196961,0.00339932013597281,0,9.99800039992002e-05,0,0,0,0,0,0.00409918016396721,0,0,0,0,0,0,0,0,0,0,0.00359928014397121,0,9.99800039992002e-05,0,0,0,0,0,0,0,0,0,0,0,0,0,0,0,0,0,0.001999600079984,0.0210957808438312,9.99800039992002e-05,0.0027994401119776,0,0,0.0002999400119976,0,0,0.0190961807638472,0,0,0,0.141371725654869,0,0.0015996800639872,0,0,0.000399920015996801,0.0002999400119976,0,0,0,0,0,0,0.00719856028794241,0,0.0002999400119976,0,9.99800039992002e-05,0,0,0,0,0,0,0,0,0,0.0115976804639072,0,0,0.013997200559888,0,0,0,0,0,0,0,0,0,0,0,0,0,0,0,0,0,0,0,0,0,0,0.000399920015996801,0,0,0,0,0,0,0,0.00689862027594481,0,0,0,0,9.99800039992002e-05,0,0,0.00419916016796641,0,0,0,0,0,0,0.264347130573885,0,0,0.0327934413117376,0,0,0.001499700059988,0,0,0.0013997200559888,0,0,0,0,0,0,0,0.00569886022795441,0,0,0.00489902019596081,0
0,0.0115976804639072,0,0,0,0,0,0,0,0,0,0,0,0,0.00979804039192162,0,0,0,0,0,0,0.00519896020795841,0,0,0,0.0230953809238152,0,0,0.000499900019996001,0.000399920015996801,0.0195960807838432,0,0,0.0350929814037193,0,0,0,0,0.000899820035992801,0,0,0,0,0.00709858028394321,0,0.0262947410517896,0,0,9.99800039992002e-05,0,0,0,0,0,0,0,0,0,0,0,0,0,0,0,0,0,0.00519896020795841,0,0,0,0.0031993601279744,0,0,0,0,0,0,0,0,0,0,0,0,0,0,9.99800039992002e-05,0.00609878024395121,0,0,0,0,0,0,0,0,0,0,0,0.00799840031993601,0,0,0.00359928014397121,0,0,0,0.0012997400519896,0,0.000599880023995201,0,0,0,0,0,0.109678064387123,0.000699860027994401,0,0,9.99800039992002e-05,0.0258948210357928,0,0.0112977404519096,0,0,0,0.0335932813437313,0,0,0,0,0,0.133273345330934,0,0,0,0,0,9.99800039992002e-05,0,0,0,9.99800039992002e-05,0,0,0,0.00619876024795041,0,0.0016996600679864,0,0,0,0,0,0,0,0,0,0,0,0,0.0022995400919816,0,0.00719856028794241,0,0,0,0,0,0,0,0,0.000399920015996801,0,9.99800039992002e-05,0,0,0,0.00469906018796241,0.000999800039992002,0.0013997200559888,0,0,0.0021995600879824,0,0,0,0,0,0.0130973805238952,0,0,0,0,0,0,0,0,0,0.00499900019996001,0,0,0,0.000399920015996801,0,0.000499900019996001,0,0,0,0,0,0,0.00339932013597281,0,0,0,0,0.00639872025594881,0,0.000699860027994401,0,0,0,0,0.0001999600079984,0,0,0,0,0,0,0.010997800439912,0.00639872025594881,0,0,0.00759848030393921,0,0,0,0.0001999600079984,0,0,0,0,0.0022995400919816,0,0,0,0,0,0,0,0,0,0,0,0,0,0.0011997600479904,0,0,0.0172965406918616,0,0,0,0.000399920015996801,0,0,0,0,0,0.00959808038392321,0,0,0.00819836032793441,0,0,0,0,0,0,0.294241151769646,0,0,0.0815836832633473,0,0,0,0,0,0.000399920015996801,0.00939812037592481,0,0,0,0,0.000699860027994401,0,0.0100979804039192,0,0,0,0
0,0,0,0,0,0,0.00179910044977511,0.000899550224887556,0,0,0.000199900049975012,0,0,0.0114942528735632,0.00439780109945028,0,0,0,0,0,0.00199900049975012,0.00119940029985007,0,9.99500249875062e-05,0.000399800099950025,0,0.000199900049975012,0,0.0015992003998001,9.99500249875062e-05,0.00149925037481259,0,0,9.99500249875062e-05,0,0,0.000199900049975012,0,0,0,0,0,0,0,0,0.0263868065967016,0.00859570214892554,0.000299850074962519,0,0,9.99500249875062e-05,0,0,0,0,9.99500249875062e-05,0,0,0,0.000899550224887556,9.99500249875062e-05,0.00079960019990005,0,0,0,0,0.0173913043478261,0,0,0.0079960019990005,0,9.99500249875062e-05,9.99500249875062e-05,0,0,9.99500249875062e-05,0,0,0,0.0047976011994003,0,9.99500249875062e-05,0.000299850074962519,0,0.0445777111444278,0,0,9.99500249875062e-05,0,0.000399800099950025,0.222188905547226,9.99500249875062e-05,0.016591704147926,0.00219890054972514,0,0.000599700149925037,0,0,0,0,0,0,0,0.000999500249875062,0.000199900049975012,9.99500249875062e-05,0.0224887556221889,0.222888555722139,0,0,0,0,0,0.00539730134932534,0,0,0,0,0.00109945027486257,9.99500249875062e-05,0,0,0,0,0.00239880059970015,0,0,0,0,0.00929535232383808,0.00289855072463768,0.00259870064967516,0,0,0,0.00239880059970015,0.000499750124937531,0,0,0,0,0,0,0,0,0,0.000199900049975012,0,0,0,0.000199900049975012,0,0,0.000399800099950025,0,0,0,0,0.0233883058470765,0.000199900049975012,0,9.99500249875062e-05,0,0,0,0,0,0,0,0,0.000499750124937531,0,9.99500249875062e-05,0,0,0,0.000199900049975012,0.000699650174912544,0.0101949025487256,0.000299850074962519,0,0,0,0,9.99500249875062e-05,0,0,0,0,0,0,0.00169915042478761,0,0,0,0,0,0,0,0.0710644677661169,0,0,0,0.0129935032483758,0.0283858070964518,9.99500249875062e-05,9.99500249875062e-05,0,0,0,0,0,0.0047976011994003,0.000199900049975012,0.000299850074962519,0,0.00369815092453773,0.00849575212393803,0,0,0.0015992003998001,0.00199900049975012,0,0.00519740129935032,0,0,0,0,0.00609695152423788,0.000199900049975012,0.00079960019990005,0,0,0.0218890554722639,0,0,0.000299850074962519,0,0.000499750124937531,0,9.99500249875062e-05,0,0.00689655172413793,0,0,0,0,0,0,0,0,9.99500249875062e-05,0,0,9.99500249875062e-05,0.000499750124937531,9.99500249875062e-05,0.000199900049975012,0.000399800099950025,0,0,0,9.99500249875062e-05,0,0.000199900049975012,0,0,0,0,0.00539730134932534,0,0.0031984007996002,0.00569715142428786,0,0,0,0.000399800099950025,9.99500249875062e-05,9.99500249875062e-05,0.104847576211894,9.99500249875062e-05,0,0.00409795102448776,0,0,0,0,0.000199900049975012,0.000399800099950025,0.00419790104947526,0,9.99500249875062e-05,9.99500249875062e-05,0,0,0,0.000199900049975012,0,0,0.000699650174912544,0
0.000699790062981106,0,0,9.99700089973008e-05,0,0,0.00149955013495951,0,0,0,0,0,0,0,0,0,0,0,0,0,0,0.000199940017994602,0,0.000699790062981106,0,0,0,0,0.00739778066580026,0,0.0104968509447166,0,0,0,0,0,0.00119964010796761,0.00279916025192442,0,0.000199940017994602,0,0,0,0,0,0,0,0,0,0,0,0,0,0,0,0,9.99700089973008e-05,0,0,0,0,0,0.000299910026991902,0,0,0,0.00359892032390283,0,0,0,0,0,0,0,0,0,0,0,0,0.00189943017094872,0,0.000199940017994602,0.000899730080975707,0,0,0,0,0.000199940017994602,0.000499850044986504,0,0,0.00909727081875437,0.0499850044986504,0,0,0.00269919024292712,0,0,0,0,0,0,0,0,0,0,0,0.120963710886734,0,0,0,0,0,0,9.99700089973008e-05,0.000199940017994602,0,0.000699790062981106,0.00499850044986504,0,0,0,0,0,0.0236928921323603,0,0,0,0,0,0,0.00569829051284615,0,9.99700089973008e-05,0,0,0,0,0,0,0.000999700089973008,0,0,0,0,0,0,0,0,0.00279916025192442,0.000299910026991902,0,0,0,9.99700089973008e-05,0.000499850044986504,0.000899730080975707,0,0,0.00159952014395681,0,0,0,0,0,0,0,0.000399880035989203,0,0,0,0,0.191742477256823,9.99700089973008e-05,0,0,0,0.000999700089973008,0.0155953214035789,0,0,0,0,0,0,0,0,0,0,0,0.000499850044986504,0.0113965810256923,0.000299910026991902,0,0,0,0,0.000599820053983805,0,0,0,0,0,0,0.00479856043187044,0.000399880035989203,0,0,0.000399880035989203,0.00299910026991902,0,0,0,0,0.000599820053983805,0,0.00649805058482455,0,0.00109967009897031,0,0.0105968209537139,9.99700089973008e-05,0,0,0.00149955013495951,0,0,0,0,0,0.0187943616914926,0,0,0.025592322303309,0,0,0,0,0,0,0,0.00289913026092172,0,0,0.000499850044986504,0.000399880035989203,0,0,0,0,0,0,0.00129961011696491,0,0.000299910026991902,0.00279916025192442,9.99700089973008e-05,0,0,0,0,0,0,0,0,0,0,0,0,0.175347395781266,0,0,0.0467859642107368,0,0,0,0,0,0.000299910026991902,0.215135459362191,0,0,0,0,0,0,0,0,0.000399880035989203,0,0,0,0,0,0,0.000199940017994602,0,0,0,9.99700089973008e-05,0
0,0,0,0.000199940017994602,0,0,0.000199940017994602,0,0,0,0,0,0,0,0.0429871038688393,0,0,9.99700089973008e-05,0,0,0.00179946016195141,0.00279916025192442,0,0.000799760071978406,0,0.111066679996001,0,0,0.00709787063880836,0.00439868039588124,0,0,0,0.00289913026092172,0,0,0.00519844046785964,0,0,9.99700089973008e-05,9.99700089973008e-05,0,0,0,9.99700089973008e-05,0,0,9.99700089973008e-05,0.000399880035989203,0,0.000199940017994602,9.99700089973008e-05,0,0,0,0,0,9.99700089973008e-05,0,0.00959712086374088,0,0,0,0,9.99700089973008e-05,0,0.0184944516645007,0.00439868039588124,0.000299910026991902,0.00229931020693792,0,0,0,0,0,0,0,0,0,0.00139958012596221,0,0,0,0,0,0.000299910026991902,0,0,0,0,0,0.00339898030590823,0.0556832950114966,0,0,0.000799760071978406,0,0,0,0,0,0.000799760071978406,0,0,0.000399880035989203,0.000599820053983805,0,0.32520243926822,0,0.00509847045886234,0.00179946016195141,0,9.99700089973008e-05,0,0.000399880035989203,0.00429871038688393,0,9.99700089973008e-05,0.0103968809357193,0,0,0,0,0,0,0,0.00189943017094872,0,0,0,0.0496850944716585,0,0,0,9.99700089973008e-05,0.00119964010796761,0.0241927421773468,0,0,0,0.000899730080975707,0.000499850044986504,0.00579826052184345,0,0,0,0.000299910026991902,0,0,0,0,0,0.00789763071078676,0,0,0,0,0,0,0.00149955013495951,0,0.00939718084574628,0,0,0,0,0,0.00269919024292712,0,0,0.000199940017994602,0,0.00619814055783265,0,0,0,0.00459862041387584,0,0.00329901029691093,0,0,0.00139958012596221,0,0,0.000399880035989203,0,0,0.000199940017994602,0,0,0,0.00159952014395681,0.0301909427171848,0.00259922023392982,0,0,0,0,0,0,0,0.0103968809357193,0,0,0,0.00129961011696491,0.000199940017994602,0,0,0.00499850044986504,0.00419874037788663,0,0,0,0,0.00369889033290013,0,0,0.000399880035989203,0,0.00199940017994602,0.00289913026092172,0,0,0.000199940017994602,0,0,0,0,0.00219934019794062,0.00819754073777867,0.000199940017994602,0,0.00769769069279216,0,0,0,0.00439868039588124,0,9.99700089973008e-05,0,0,0.0237928621413576,0,9.99700089973008e-05,0,0,0.00219934019794062,0,0,0,9.99700089973008e-05,0.000399880035989203,0,0,0.000499850044986504,9.99700089973008e-05,0,0,0,0.000499850044986504,0,0,0.000299910026991902,0,0.000699790062981106,0,0,0,0.0579826052184345,0,0,0.00859742077376787,0,9.99700089973008e-05,0,0,0,0.000799760071978406,0.0522843147055883,0,0,0.00509847045886234,0,0,0,0,0,0.000299910026991902,0.00679796061181645,0,0,0,0.000299910026991902,0,0,0.000799760071978406,0,0,0.00169949015295411,0
0.000399920015996801,0,0,0,0,0,0,0,0,0,0,0,0,0.0001999600079984,0.00849830033993201,0,0,0,0,0,0,0.00589882023595281,0,0.0002999400119976,0,0.126574685062987,0,0,0.00779844031193761,0.00719856028794241,0.0407918416316737,0,0,0.0220955808838232,0,0,0.00339932013597281,0.0582883423315337,0,0,0,0,0,0.00359928014397121,0,0.160367926414717,0,0,0,0,0,0,0,0,0,0,0,0,0,0,0,0,0,0,0,0,0.00429914017196561,0,0.000399920015996801,0,0,0,0,0,0,0,0,0,0,0,0,0,0.0271945610877824,0,0,0,0,0,0,0.00549890021995601,0,0.0107978404319136,0.000599880023995201,0,0,0.0015996800639872,0,0,0,0,0,0.0012997400519896,0,0,0,0,0,0.0286942611477704,0,0.0025994801039792,0,0,0,0.00929814037192562,0,0,0,0,0.0136972605478904,0.0001999600079984,0,0,0.0001999600079984,9.99800039992002e-05,0.0378924215156969,0,0.139072185562887,0,0,0,0.0001999600079984,0.0002999400119976,0,0,0,0,0.00529894021195761,0,0,0,0,0,0,0,0,0.0011997600479904,0,0,0,0,0,0,0,0,9.99800039992002e-05,0,0,0,0,0,0,0,0,0,0,0,0,0.0001999600079984,0,0.0002999400119976,0,0,0,0.0001999600079984,0,0,0,0,0.0932813437312538,0,0,0,0,0,0,0,9.99800039992002e-05,0,0,0,0,0.00919816036792642,0.000499900019996001,0,0,0,0,0,0,0,0,0,0,0,0,0,0,0,0,0,0,0,0,0,0,0,0.00939812037592481,0,0.0001999600079984,0,0.00709858028394321,0,0,0,0,0,0,0,0.0026994601079784,0,0,0,0,0.0116976604679064,0,0,0,0,0,0.000899820035992801,0,0,0,0,0,0,0,0.00339932013597281,0,0,0,0,0,0,0,0,0,0,0.0022995400919816,0,0,0,0,0,0,0,0,0,0,0.0018996200759848,0,0,0.0011997600479904,0,0,0,0,0,0.00529894021195761,0.02249550089982,0,0,0.0776844631073785,0,0,0,0,0,0,0,0,0,0,0,0,0,0.0031993601279744,0,0,0.0107978404319136,0
0,0,0,0,0,0,0,0.0003999600039996,0,0,0,0,0,0,0,0,0,0,0,0,0,0.0013998600139986,0,0,0,0.0743925607439256,0,0,0.006999300069993,0,0.0177982201779822,0,0,0,0,0,0.0204979502049795,0,0,0,0,0,0,0.0041995800419958,0,0.0004999500049995,0,0,0,0,0,0,0,0,0.0027997200279972,0,0.0006999300069993,0,0,0.0105989401059894,0,0,0,0,0,0,9.99900009999e-05,0,0.0003999600039996,0,0.0038996100389961,0,0,0,0,0,0,0,0,0.0092990700929907,0,0,0.0071992800719928,0,0,0.0002999700029997,0,0.0002999700029997,0,0.0406959304069593,0,0,0.0041995800419958,0,0,0,0,0,0,0,0,0.0002999700029997,0,0,0,0,0,0.0166983301669833,0,0.0124987501249875,0,0,0,0.0001999800019998,0.0005999400059994,0,0.0116988301169883,0,0,0,0.0112988701129887,0,0,0,0.0156984301569843,0,0,0,0,0.0005999400059994,0.0451954804519548,0,0,0,0,0.0001999800019998,9.99900009999e-05,0,0,0,0,0,0,9.99900009999e-05,0,0,0,0,0.001999800019998,0.0011998800119988,0,0,0,0,0,0,0,0,0,0.003999600039996,0,0.0054994500549945,0.0005999400059994,0,0,0.0276972302769723,0,0,0.0010998900109989,0,0,0,0.000999900009999,0,0,0,0.003999600039996,0,0.000999900009999,0,0,0,0,0,0,0,0,0,0,0,0,0.005999400059994,0,0,0,0,0.0105989401059894,0.0050994900509949,0,0,0,0.0095990400959904,0,9.99900009999e-05,9.99900009999e-05,0,0,0,0,0,0.0064993500649935,0,0,0,0,0.0031996800319968,0.0043995600439956,0,0,0,0,0.0117988201179882,0,0,0,0,0,0,0.0025997400259974,0,0,0,0,0.0024997500249975,0,0,0,0,0,0.0005999400059994,0,0.0041995800419958,0.0232976702329767,0,0,0,0,0,0.0008999100089991,0,0,0.0005999400059994,0,0,0.000999900009999,0.0006999300069993,0,0,0,0.0007999200079992,0,0,0,0,0.0017998200179982,0,0,0.0001999800019998,0,0.0014998500149985,0,0,0.0374962503749625,0,0,0,0,0,0,0.417558244175582,0,0,0.0035996400359964,0,0,0.0002999700029997,0,0,0,0.0004999500049995,0.006999300069993,0,0,0,0.0625937406259374,0,0,0,0,0.0028997100289971,0
0,0.000299850074962519,0,0,0.000499750124937531,0,9.99500249875062e-05,0.00229885057471264,0,0,0.000999500249875062,9.99500249875062e-05,0,0.0047976011994003,0.00329835082458771,0,0,0,0,0,0.016591704147926,0.00179910044977511,0,9.99500249875062e-05,0,0.20039980009995,0,0,0.00269865067466267,0.000499750124937531,0.0328835582208896,0,0.000299850074962519,0.00589705147426287,0,0,0.0135932033983008,0.00699650174912544,0,0,0,0,0,0.0160919540229885,0,0.00789605197401299,9.99500249875062e-05,0.000299850074962519,0,0,9.99500249875062e-05,0,0,0,0.000699650174912544,0.000199900049975012,0,0,0,0.0214892553723138,9.99500249875062e-05,0,9.99500249875062e-05,9.99500249875062e-05,0,0,0.000199900049975012,0,0,0,0.00139930034982509,9.99500249875062e-05,0,0.00929535232383808,0,0,0,0,0,0.0168915542228886,0,0.00139930034982509,0.00609695152423788,0,0.00509745127436282,0,0.0110944527736132,0,0,0.00439780109945028,0,0.000499750124937531,0.0287856071964018,0,0,0,0,0,0.00579710144927536,0,0,9.99500249875062e-05,0,0,9.99500249875062e-05,0,0,0.00139930034982509,0,0.0445777111444278,0,0,0,0.00079960019990005,0,9.99500249875062e-05,0,0.0015992003998001,0.0063968015992004,0,0.00739630184907546,0,0,0,0.0700649675162419,0,0,0,0,0,0.0574712643678161,0.00669665167416292,0,0,9.99500249875062e-05,0,0.00649675162418791,0,0,0,9.99500249875062e-05,0,0,0,0.0101949025487256,0.00169915042478761,0.00239880059970015,0,0.00119940029985007,0,0,0,0,0,9.99500249875062e-05,0,0,0,0.000199900049975012,0.000399800099950025,0,0.00789605197401299,0,0,0,0.0120939530234883,0,0,0,0,0.000499750124937531,0.000499750124937531,0.000599700149925037,0,0,0,0.00309845077461269,0.00129935032483758,0.0149925037481259,0,0,0,0,0,0.000299850074962519,0,0,0.00079960019990005,0,0,0,0.00189905047476262,9.99500249875062e-05,0,0,0,0.000399800099950025,0.00629685157421289,0,0,0,0,0,0.00609695152423788,0,0.000499750124937531,0.00169915042478761,0,0,0,0,0,0,0.000399800099950025,0.00119940029985007,0.00189905047476262,0.00129935032483758,0.00239880059970015,0.00429785107446277,0,0.00489755122438781,0.0152923538230885,0.00249875062468766,0,0,0,0.0193903048475762,0,0.0330834582708646,0.00119940029985007,0.0377811094452774,9.99500249875062e-05,0.000699650174912544,0.00599700149925037,0,0,9.99500249875062e-05,0.000299850074962519,0.000499750124937531,9.99500249875062e-05,0.00329835082458771,0,0,0,9.99500249875062e-05,0,0.00139930034982509,0,0,0,0,0.000499750124937531,0.00189905047476262,0,0.000599700149925037,0.00119940029985007,0,0.000199900049975012,0.000399800099950025,0.000699650174912544,0,0,0,0.000299850074962519,0,0,0,0,0.00109945027486257,0.00249875062468766,0,0.00369815092453773,0.0121939030484758,0,0,0,0,0,0.00219890054972514,0.08015992003998,0,0,0.0241879060469765,0,0,0,0,0,0.00169915042478761,0.00579710144927536,0,0,0,0,0.00309845077461269,0.000299850074962519,9.99500249875062e-05,0,0,0.00789605197401299,0
0,0,0,0,0,0,0,0,0,0,0,0.000199900049975012,0,0,9.99500249875062e-05,0,0,0,0,0,0,0.00109945027486257,0,0,0,0.0915542228885557,0,0,0.000199900049975012,0,0,0,0.00339830084957521,0.00359820089955022,0,0,0.000599700149925037,0.00329835082458771,0,0,0,0,0,0.00649675162418791,0,0.00809595202398801,0,0,0,0,0.000599700149925037,0,0,0.000599700149925037,0.000399800099950025,0,0,0,0,0.00499750124937531,0,9.99500249875062e-05,0,0.0108945527236382,0,0.00839580209895052,0.0101949025487256,0,0,0.00729635182408796,0.000899550224887556,0,0,0.00459770114942529,0,0,0,0,0,0.00599700149925037,0,0.000199900049975012,0.0221889055472264,0,0.0015992003998001,0.000199900049975012,0,0,0,0.000699650174912544,0,0.00079960019990005,0,0,0,0,0,0,0.00559720139930035,0,0,0,0,0,0.000199900049975012,0,0.0290854572713643,0.0329835082458771,0,0.00879560219890055,0,0,0,0.024087956021989,0,0,9.99500249875062e-05,0,0.0109945027486257,0,0,0,0,9.99500249875062e-05,0.00239880059970015,0,0.0249875062468766,0,0.00229885057471264,0,0.000299850074962519,0.000499750124937531,0,0,0,0,0,0,0,0,0.000499750124937531,0,0,0,0,0,0.000199900049975012,0,0,0,0.00219890054972514,0.00529735132433783,0,0,9.99500249875062e-05,0,0,0,0.0174912543728136,0.00809595202398801,0,0,0,0.163418290854573,0,0,0,0,0,0,0.000199900049975012,0,0,0,0,0,0,0.0145927036481759,0.00749625187406297,0,0,0,0,0,0.000999500249875062,0,0,0,0,0,0.00189905047476262,0.00469765117441279,0,0.000199900049975012,0,0,0,0,0,0,0,0,0,0.00889555222388806,0,0.00139930034982509,0,0,9.99500249875062e-05,0,0,0,0.00859570214892554,0.00269865067466267,0.00359820089955022,0,0.0119940029985007,0.000699650174912544,0,0.000399800099950025,0.00199900049975012,0.000199900049975012,0,0,0,0.00339830084957521,0,0,0.0128935532233883,0.00389805097451274,0.0214892553723138,9.99500249875062e-05,0,0.0492753623188406,0,0,0.00409795102448776,0,0,0.00339830084957521,0,0,0,0,0,0,0,0,0,0,0.0063968015992004,0,0.000399800099950025,0,0.00179910044977511,0.000899550224887556,0.00139930034982509,0,0.00119940029985007,0.00719640179910045,0.00219890054972514,0,0,9.99500249875062e-05,0,0,0.00309845077461269,0,0.000399800099950025,0.0223888055972014,0,0.0108945527236382,0.00119940029985007,0,0,0,0,0.000299850074962519,9.99500249875062e-05,0.219790104947526,0,0,0.0015992003998001,0,0,0,0,0,0.00609695152423788,0.0015992003998001,0,0,0,0,0.000699650174912544,0,9.99500249875062e-05,0,0,0.00189905047476262,0
9.99800039992002e-05,0.000599880023995201,0,0,0,0,0,0,0,0,0,0,0,0,0.00779844031193761,0,0,0,0,0,0,0.00619876024795041,0,0,0,0.0171965606878624,0,0,0,0.0001999600079984,0,0,0,0.0013997200559888,0,0,0.000999800039992002,0,0,0,0,0,0,0.00679864027194561,0,0.0342931413717257,0.0180963807238552,0.002999400119976,0,0,0.0023995200959808,0,0,0,0.0020995800839832,0,0,0,0,0,0,0,0,9.99800039992002e-05,0,0,0,0,0,0,0.0116976604679064,0,0,0,0,0,0,0,0,0.104079184163167,0,0.000399920015996801,0.0325934813037392,0,0,9.99800039992002e-05,0.017996400719856,0,0,0,0,0.001499700059988,0.0001999600079984,0,0,0,0,0,0,0,0,9.99800039992002e-05,0,0,0.00249950009998,0,0,0.0910817836432714,0,0.00469906018796241,0,0,0,0,0,0.0001999600079984,0,0.0001999600079984,0.0207958408318336,0,0,0,0,9.99800039992002e-05,0.000699860027994401,0,0.0001999600079984,0,0,0,0.00429914017196561,0,0,0,0,0,0.00329934013197361,0,0,0,0,0,0,0,0.0355928814237153,0,0,0,0.0001999600079984,0,0.00599880023995201,0,9.99800039992002e-05,0,0,0,0,0,0,0,0,0,0,0,0.0001999600079984,0,0,0,0,0.0001999600079984,0.000499900019996001,0,0,0,0,0,0,0.0356928614277145,0.0329934013197361,0,0,0,0,0,0,0,0,0,0,0,0.00409918016396721,0,0,0,0,0,0,0.0001999600079984,0,0,0,0,0,0.0642871425714857,0,0.00379924015196961,0,0,9.99800039992002e-05,0,0,0,0,0,0,9.99800039992002e-05,0.0028994201159768,0,0.000699860027994401,0,0.00999800039992002,0.0137972405518896,0,0.0011997600479904,9.99800039992002e-05,0,0,0,0,0,0.0490901819636073,9.99800039992002e-05,0,0.0121975604879024,0,0,9.99800039992002e-05,0,0,0.000999800039992002,0,0,0,0,0,0.00249950009998,0,0,0,0,0,0.0010997800439912,0.00559888022395521,9.99800039992002e-05,0.00739852029594081,0.000499900019996001,0,0,0.0015996800639872,0.0101979604079184,0,0,0,0,9.99800039992002e-05,0,9.99800039992002e-05,0,0.0017996400719856,9.99800039992002e-05,0,0.0153969206158768,0.00429914017196561,0,0,9.99800039992002e-05,0,0,0,0.236652669466107,0,0.0028994201159768,0.0150969806038792,0,0,0,0,0,0,0.00439912017596481,0,0,0,0,9.99800039992002e-05,0.00749850029994001,0.000499900019996001,0,0,0.00869826034793041,0
0,0,0,0,0,9.99800039992002e-05,9.99800039992002e-05,0.0013997200559888,0,0,0,9.99800039992002e-05,0,0.0142971405718856,0.0900819836032793,0,0,0,0,0.000799840031993601,0.0021995600879824,0.0001999600079984,0,9.99800039992002e-05,0,0.0002999400119976,0,0,0.0028994201159768,0.00729854029194161,0.000999800039992002,0,0,9.99800039992002e-05,0,0,0.000499900019996001,9.99800039992002e-05,0,0,9.99800039992002e-05,0,0,0.000999800039992002,0,0.0002999400119976,0,0.0002999400119976,0,0,0,0,0,0,0.001499700059988,0,0,0,0,0.0021995600879824,9.99800039992002e-05,0.000699860027994401,0,0,0,9.99800039992002e-05,0.000399920015996801,0.000399920015996801,0,0,0.000499900019996001,0,0,0.000999800039992002,0,0,0,0,0,0.0002999400119976,9.99800039992002e-05,0,0.0001999600079984,0,0.0027994401119776,0,0,0,0,0.002999400119976,0,0,0.299440111977605,0,0.00569886022795441,0,0,0,0.000399920015996801,0,0,0,0,0,9.99800039992002e-05,0.000499900019996001,9.99800039992002e-05,0.104479104179164,0,0,0.0001999600079984,0,0,0.0025994801039792,0,0,0,0,0.00749850029994001,0,0.000399920015996801,0,0,0,0.0017996400719856,0,0,0,9.99800039992002e-05,0,0.000399920015996801,0.0011997600479904,0.00479904019196161,0,0,0,0.0362927414517097,0,0,0,0.0026994601079784,0,0,0,0,0,9.99800039992002e-05,0.000999800039992002,0,0,0.0001999600079984,0.0011997600479904,0,0.0013997200559888,0,0,0,0,0,0.000999800039992002,0,0,0,9.99800039992002e-05,0.00459908018396321,0,9.99800039992002e-05,0.0020995800839832,0,0,9.99800039992002e-05,0,0,0,0,0,0,9.99800039992002e-05,0.000599880023995201,0.000799840031993601,0,9.99800039992002e-05,0.0001999600079984,0,9.99800039992002e-05,0,0,0,0,0,0,0.0020995800839832,0,0.000499900019996001,0.0142971405718856,0,0,0,0,0,0,0,0.127874425114977,0,0,0.0012997400519896,0,0,0,0.0015996800639872,0,0,0,0.0002999400119976,9.99800039992002e-05,0,0.00369926014797041,0.0010997800439912,0.0023995200959808,0.000399920015996801,0.00759848030393921,9.99800039992002e-05,0,0,0,0,0.0347930413917217,0,0.0001999600079984,0,0.0100979804039192,0,0,0.0506898620275945,0,0,9.99800039992002e-05,0,0,0,0.0001999600079984,0,0,0,0,0,0,0,9.99800039992002e-05,0,0.0001999600079984,9.99800039992002e-05,9.99800039992002e-05,0.0002999400119976,0.0017996400719856,0.0167966406718656,0.000399920015996801,0,9.99800039992002e-05,0.000899820035992801,9.99800039992002e-05,0,0.000699860027994401,0.0001999600079984,0,0,0,0,0,0.0389922015596881,0,0.000499900019996001,0.0531893621275745,0,0,0,0,0,9.99800039992002e-05,0,0,0,0.0012997400519896,0,0,0,0,0,9.99800039992002e-05,0.0021995600879824,0,0,0,0,0.000499900019996001,0,0.000699860027994401,0.000999800039992002,0,0.0010997800439912,0
0,9.98701687805852e-05,0,9.98701687805852e-05,0,9.98701687805852e-05,0.00019974033756117,0.00299610506341756,0,9.98701687805852e-05,0,0,0.00019974033756117,0,0.000499350843902926,0,0,0,0,0,0,0.00419454708878458,0,0.00379506641366224,0,0.274343353640268,0,0,0.0019974033756117,0.000299610506341756,0,0,0,0.00749026265854389,0.00109857185658644,0,0.000599221012683511,0,0,9.98701687805852e-05,0,0,0,0,0,0.00129831219414761,0,9.98701687805852e-05,0,9.98701687805852e-05,9.98701687805852e-05,0,0,0,0,0,0,0,0,0.000399480675122341,9.98701687805852e-05,0.00179766303805053,0,0,0,0,0.000599221012683511,0,0.00369519624488165,0,0.000699091181464097,0,0,0,0,0,0,0,0,0.000998701687805852,0,9.98701687805852e-05,0,0,0,0.000399480675122341,0,0,0,0,0,0.000998701687805852,0.0145810446419654,0,0,0.00828922400878858,0,0,0,0,0,0.00019974033756117,0,0.00189753320683112,9.98701687805852e-05,0,0,0.00329571556975931,0,0,9.98701687805852e-05,0,0,9.98701687805852e-05,0,0,0.00229701388195346,0,0.00159792270048936,0,0.00439428742634575,0,0,0,0.067911714770798,0,0,0,0,0,0.0727054828722661,0,0,0,0,0,0.00179766303805053,0,0,0,9.98701687805852e-05,0,0,9.98701687805852e-05,0,0,0,0,0.00229701388195346,0.00449415759512634,0,0,0,0,0,0,0,9.98701687805852e-05,0,0.00249675421951463,0,0.0108858483970838,0,0,0,0.0208728652751423,9.98701687805852e-05,0,0,0,0.000699091181464097,0,0.00209727354439229,0,0,0,0.00159792270048936,0.00119844202536702,0,0,0,0.00189753320683112,0,0,0,0,0,0,0,0.00109857185658644,0,9.98701687805852e-05,0.00019974033756117,0,0,0,0.0226705283131928,0.00509337860780985,0.000399480675122341,0,0,0,0,9.98701687805852e-05,0,0,0.00119844202536702,0,0.00019974033756117,0,0.00509337860780985,0,0,0,0.000798961350244682,0.00329571556975931,0,9.98701687805852e-05,9.98701687805852e-05,0,0,0.00299610506341756,0.0019974033756117,0,0,0,0,0,0,0.00309597523219814,0,9.98701687805852e-05,0,0.0293618296214921,0,0,9.98701687805852e-05,0,0,0.000399480675122341,0,0,0.0178767602117248,0,0,0.00119844202536702,0,0,0,0,0,0,0.000299610506341756,0,9.98701687805852e-05,0.000499350843902926,0.00149805253170878,0,0,0,9.98701687805852e-05,0,0,0.00019974033756117,0.00019974033756117,0,0,0,0.000898831519025267,0.000399480675122341,0.000599221012683511,0,0.00579246978927394,0,9.98701687805852e-05,0,0,0,0,0.341855587735943,9.98701687805852e-05,0,0.000499350843902926,0,0,0,0,9.98701687805852e-05,0,0.000699091181464097,0,0,0,0,0,0,0,0,0,0.0106861080595226,0
0,0,0,9.99800039992002e-05,0,0,0,0,0,0,0,0,0,0.0100979804039192,0.00459908018396321,0,0,0,0,0,0,0.0020995800839832,0,0,0,0.224555088982204,0,0,0.0001999600079984,0,0,0,0,0.00449910017996401,0,0,0.000699860027994401,0,9.99800039992002e-05,0,0.0001999600079984,0,0,0.0105978804239152,0,0.00359928014397121,0,0,0,0,0,0,0,0,0,0,0,0,0,0.0416916616676665,0,0,0,0,0,0,0.0101979604079184,0,0,0,0,0,0,0.013497300539892,0,0,0,0,0,0,0,0,0,0,0,0,0,0,0,0,0,0.000699860027994401,0.0013997200559888,0,0,0,0,0,0.00379924015196961,0,0,0,0,0,0.000699860027994401,0,0.0180963807238552,0.135872825434913,0,0,0,0,0,0,0,0,0,0,0.0133973205358928,0.0011997600479904,0.00659868026394721,0,0,0,0,0,0,0,0,0,0.0216956608678264,0.00709858028394321,0,0,0,0,0.000399920015996801,0,0,0,0.0001999600079984,0,0,0,0,0,0,0,0,0,0,0,9.99800039992002e-05,0,0,0,0,0,0,0.002999400119976,0,0,0,0.0570885822835433,0,0,0,0,0,0,0,0,0,0,0,0,0.0111977604479104,0.0168966206758648,0,0,0,0,0,0,0,0,0,0,0,0,0,0.00959808038392321,0,0,0,0,0.0116976604679064,0,0,0,0,0,0,0,0,0,0,0,0,0,0,0,0,0,0,0,0,0,0,0,0,0,0,0,0,0,0,0,0.00469906018796241,0.00459908018396321,0.00689862027594481,0,0,0.0027994401119776,0,0,0,0,0,0,0,0,0.0293941211757648,0,0,0,0,0,0,0,0,0,0,0,0,0,9.99800039992002e-05,0,0,0,0,0,0,0,0,0,0,0,0,0.00249950009998,0,0,0.0015996800639872,0,0,0,0,0,0,0.263347330533893,0,0,0.00399920015996801,0,0,0,0,0,0.0163967206558688,0,0,0,0,0,0.01499700059988,0,0.0011997600479904,0,0,0,0
0,0,0,0,0,0,9.99600159936026e-05,0,0,0,0,0,0,0,0.00499800079968013,0,0,9.99600159936026e-05,9.99600159936026e-05,0,0,0.00269892043182727,0,0,0,0.278988404638145,0,0,0.000199920031987205,0.000999600159936026,0,0,0,0,0,0,0.0100959616153539,0,0,0,9.99600159936026e-05,0,0,0,0,0.00549780087964814,0,0,0,0,0,0,0,0,0,0.000299880047980808,0,9.99600159936026e-05,0,0.0142942822870852,0,0,0,0,0,0,0.0244902039184326,0,0,0,0.000899640143942423,0,0,0,0,9.99600159936026e-05,0,0,0,0.00699720111955218,0,0,0.00339864054378249,0,0.00209916033586565,0,0.0349860055977609,0,0,0.00189924030387845,0,0.00179928028788485,0,0,0,0,0,0,0,0,0,0.000199920031987205,0,0,9.99600159936026e-05,0,0,0.220511795281887,0,0.00289884046381447,0,0,0,0.0598760495801679,0,9.99600159936026e-05,0,0,0.00919632147141144,9.99600159936026e-05,0,0,0,9.99600159936026e-05,0.0383846461415434,0,0,0,0,0,0,0.0078968412634946,0,0,0,0,0.00719712115153938,0,0,0,0.0513794482207117,0,0,0,0,0,0.00129948020791683,0,0,0,0,0,0,0.00109956017592963,0,0,0,0,0,0.00209916033586565,0,0,0,0,0,0,0,0,0,9.99600159936026e-05,0,0,0,0,0,0,0,0,0,0,0,0,0,0,0.00119952019192323,0,0,0,0,0,0,0.0156937225109956,0,0,0,0,0,0,0,0,0,0,0,0,0,0.00229908036785286,9.99600159936026e-05,0,0,0,0,0,9.99600159936026e-05,0,0.000199920031987205,0,0,0.000299880047980808,0,0,0,0,0,0,0,0,0,0,0,9.99600159936026e-05,0.0181927229108357,0,0,0.0118952419032387,0,0,0,0,0,0.000199920031987205,0,0,0,0,0.00639744102359056,0,0,0,0,0,0,0,0,0,0.00259896041583367,0.00249900039984006,0.00169932027189124,0,0.000299880047980808,0.00329868052778888,0,0,0,0.00239904038384646,0,0.000299880047980808,0,0,0.00549780087964814,0.0039984006397441,0,0,0.00429828068772491,0,0,0,0,0,0.000699720111955218,0.108556577369052,0,0,0,0,0,0,0,0,0.00429828068772491,0,0,0,0,0,0,0,0,0,0,0.00509796081567373,0
0,0,0,0,0,0,0.0019001900190019,0,0.026002600260026,0,0,0,0.0001000100010001,0,0.0052005200520052,0,0,0,0,0,0,0,0,0.0008000800080008,0,0.0261026102610261,0,0,0.0003000300030003,0.0031003100310031,0.0112011201120112,0,0,0.0404040404040404,0,0,0.0029002900290029,0.0002000200020002,0,0,0.0004000400040004,0,0,0,0,0.0002000200020002,0,0,0,0,0,0.0023002300230023,0.0001000100010001,0,0,0,0,0,0,0,0.0001000100010001,0,0.0002000200020002,0,0,0,0.0171017101710171,0,0.0069006900690069,0,0.0015001500150015,0,0,0,0,0.0525052505250525,0.0002000200020002,0.0002000200020002,0,0.0155015501550155,0.003000300030003,0.003000300030003,0.0015001500150015,0,0,0.0009000900090009,0,0,0,0,0.0038003800380038,0.0001000100010001,0.0497049704970497,0,0,0,0,0,0,0,0,0,0,0,0,0.0013001300130013,0,0.0159015901590159,0,0,0,0,0.0007000700070007,0,0.0018001800180018,0.0083008300830083,0,0.0003000300030003,0,0,0.0271027102710271,0,0,0,0.0036003600360036,0,0,0,0,0,0.155515551555156,0,0,0.0123012301230123,0,0.0009000900090009,0.0001000100010001,0,0.0001000100010001,0,0.0016001600160016,0.0003000300030003,0,0,0,0,0,0,0,0,0,0.0224022402240224,0.0028002800280028,0,0,0,0,0.0001000100010001,0,0.0059005900590059,0.0086008600860086,0.0043004300430043,0,0,0,0,0.0003000300030003,0,0.0024002400240024,0.0002000200020002,0,0,0.0002000200020002,0,0,0,0.0111011101110111,0.0102010201020102,0.0004000400040004,0.0013001300130013,0,0.0034003400340034,0,0,0,0,0,0,0,0,0.006000600060006,0,0.0002000200020002,0.0001000100010001,0,0,0.0133013301330133,0.014001400140014,0,0,0,0.001000100010001,0,0,0.0016001600160016,0.0103010301030103,0,0,0,0.0003000300030003,0,0,0,0,0,0.0055005500550055,0.0045004500450045,0.0016001600160016,0.009000900090009,0,0.0005000500050005,0,0.0054005400540054,0.0092009200920092,0.0006000600060006,0,0,0,0,0.0031003100310031,0.0005000500050005,0,0,0.0053005300530053,0,0,0.0004000400040004,0,0,0.0077007700770077,0,0,0.0549054905490549,0,0.0009000900090009,0,0,0,0,0.0015001500150015,0,0,0,0,0,0.0017001700170017,0.0006000600060006,0,0,0,0,0,0,0,0,0,0,0,0,0.164516451645165,0,0,0.0689068906890689,0,0.0001000100010001,0,0,0,0.0012001200120012,0.0008000800080008,0.001000100010001,0,0.0157015701570157,0,0,0,0,0,0.0026002600260026,0,0,0,0,0.0006000600060006,0,0,0.0009000900090009,0,0.0001000100010001,0.003000300030003,0
0,0,0,0,0.00149880095923261,0,9.99200639488409e-05,9.99200639488409e-05,0,9.99200639488409e-05,0,0,9.99200639488409e-05,0.00419664268585132,0.00269784172661871,0,0,9.99200639488409e-05,0,0,0.00109912070343725,0.00339728217426059,0,0,0,0.0342725819344524,0,0,0.000599520383693046,0,0.0304756195043965,0,0,0,0.000199840127897682,0,0.000499600319744205,0.00689448441247002,0,0,0,0,0,0.000499600319744205,0,0.00429656274980016,0,9.99200639488409e-05,0,0,9.99200639488409e-05,0,0,0,0.000199840127897682,0,0,0,0,0.00489608313349321,0,0.00399680255795364,0,9.99200639488409e-05,0,0,0.008792965627498,0,0.00339728217426059,0.0105915267785771,0.000899280575539568,0,0,0,0.00209832134292566,0.000799360511590727,0,0,0,0.00289768185451639,0,9.99200639488409e-05,0.00849320543565148,0,0.0114908073541167,0.000199840127897682,0,0,0,0.00489608313349321,0.0253796962430056,0,0,0,0,0,0,0,0.00119904076738609,0,0,0,0,0,0.00149880095923261,0,0,0.345923261390887,0,0.00179856115107914,0,0,0,0.00129896083133493,0,0,0,0,0.032673860911271,0,0,0,0,9.99200639488409e-05,0.00489608313349321,0,0.0863309352517986,0,9.99200639488409e-05,0,0.00109912070343725,0.0297761790567546,9.99200639488409e-05,9.99200639488409e-05,0,0,0.000899280575539568,0,0,0,0,0,0,0,0,0,0.00229816147082334,0,0,0,0.000699440447641887,0.000199840127897682,0,0,0,0,0,0,0.0021982414068745,0.00109912070343725,0,0,0,0.00809352517985612,0,0,0,0,0,0.000199840127897682,0.000499600319744205,0,0.000299760191846523,0,0,0,0,0.00459632294164668,0.00979216626698641,0.000199840127897682,0,0,0,0.00129896083133493,0,0,0,0,0,0,0,0.00149880095923261,0,0,0,0,0,9.99200639488409e-05,0,0.0570543565147882,0,0,0,0.000799360511590727,0,0,0,0,9.99200639488409e-05,9.99200639488409e-05,9.99200639488409e-05,0,0.000199840127897682,0,9.99200639488409e-05,0,0.0060951239008793,0.00109912070343725,0,0,0.00619504396482814,0.00209832134292566,0,0,0,0,0,0,0.00119904076738609,0,0.00629496402877698,0,0,0.00619504396482814,0,0,0.000899280575539568,0,0,0.000199840127897682,0,0,0,0,0.000999200639488409,0.000399680255795364,0,0,0,0,0.00279776179056755,9.99200639488409e-05,0,0,0.000999200639488409,9.99200639488409e-05,0.000999200639488409,0,0,9.99200639488409e-05,0,0,0,9.99200639488409e-05,0.000199840127897682,0,0,0,0,0,0.000699440447641887,0,0.0168864908073541,0,0.000199840127897682,0,9.99200639488409e-05,0,0,0.136890487609912,0,0,0.012589928057554,0,0,0,0,0,0.00279776179056755,0.00179856115107914,0,0,0,0,0,0,0.000199840127897682,0,0,0.0108912869704237,0
0,0,0,0,0,0,0.0113897492256969,0,0,0,0.000799280647417324,0,0,0,0.00199820161854331,0.000999100809271655,0,0,0.000499550404635828,0,0.00369667299430513,0.00459586372264962,0,0.000199820161854331,0,0.000299730242781497,0,0,0.0031971225896693,0.000699370566490159,0.000699370566490159,0,0,0.00139874113298032,0,0,0,0.00089919072834449,0,0,0.000399640323708662,0.000199820161854331,0,0.00459586372264962,0,0.00349685283245079,0,9.99100809271655e-05,0,0,9.99100809271655e-05,0,0.000199820161854331,0,0,0,0,0,0,0,9.99100809271655e-05,0,0,0,0,0,0.00589469477470277,0,0,0,0,0.000399640323708662,0,0,0,0.0686382255969627,0.000299730242781497,0,0,0.00389649315615946,0,0,0.00409631331801379,0,0.0302727545209312,0.000199820161854331,0,0.0672394844639824,0,0.00419622339894095,0,0.00179838145668898,0,0,0,0,0,0,0,0,0,0,0,0,0,0,0,0.138775102407833,0,0,0,0,0,0,0,0.000199820161854331,0,0,0.00179838145668898,0,0,0,0,0.000299730242781497,0.00149865121390748,0,0,0,0,0,0.0781296832850435,0.0181836347287441,0,0,9.99100809271655e-05,0,9.99100809271655e-05,0,9.99100809271655e-05,0,0.0102907383354981,0.000199820161854331,0,9.99100809271655e-05,0,0,0.00219802178039764,0,0.00269757218503347,0,0.00349685283245079,0,0,0,0,0,0,0,0,0.00659406534119293,0.000399640323708662,0.00349685283245079,0,0,0,0,9.99100809271655e-05,0.0328704166250375,0,0,0,0,9.99100809271655e-05,0,0,0,0.00519532420821261,0,0.000199820161854331,0.000599460485562993,0,0,0.00129883105205315,0,0.00439604356079528,0,9.99100809271655e-05,9.99100809271655e-05,0,0,0,0.00089919072834449,9.99100809271655e-05,0,0,0,0.0057947846937756,0.00469577380357678,0,0.0687381356778899,0,0,0,0,0.00269757218503347,0.0222799480467579,0,0,0,0.00449595364172245,0.0028973923468878,0,0,0,0.000499550404635828,0.00269757218503347,0.00369667299430513,0.00119892097112599,0.000299730242781497,0,0.00389649315615946,0.00969127784993506,0,0,0,0,9.99100809271655e-05,0,0,0.00629433509841143,0.0057947846937756,0,0,0.0221800379658308,0,0,0,0,0.000299730242781497,0.00299730242781497,0.0130882206014587,0,0.0312718553302028,0,0,0,0,0,0,0,0,0.000799280647417324,0.00109901089019882,9.99100809271655e-05,0.00119892097112599,0.000599460485562993,0.00169847137576181,0,0.00279748226596064,0,0,0,0,0.00089919072834449,0.000199820161854331,0,0,0,0.000399640323708662,0.0119892097112599,0.00139874113298032,0.000999100809271655,0.0414626835847737,0.0390648416425217,0.000199820161854331,0,0,0,0.00639424517933859,0.101408732141073,9.99100809271655e-05,0.015685882705565,0.00689379558397442,0,0,0,0,0.000199820161854331,0,0.00349685283245079,0,0,9.99100809271655e-05,0,0,0,0.000599460485562993,0,0,0.00249775202317914,0
0,0,0,0,0,0,0,0.000199760287654814,0,9.98801438274071e-05,0,9.98801438274071e-05,9.98801438274071e-05,0,0.0806032760687175,0,0,0,0,0.00229724330803036,0.000898921294446664,0.00119856172592889,0,0,0.00109868158210148,0.380643228126249,0,0,0.0129844186975629,0.00679184978026368,0,0,0,0.00149820215741111,0,0,0.00119856172592889,0.0138833399920096,0,9.98801438274071e-05,0,0,0,0,0,0.0183779464642429,0,9.98801438274071e-05,0.000599280862964443,0,9.98801438274071e-05,0,0,0,0,0,0,0,0,0,9.98801438274071e-05,0.000399520575309628,0,0,0,0.000299640431482221,0.00329604474630443,9.98801438274071e-05,0,0,0.000199760287654814,0,9.98801438274071e-05,9.98801438274071e-05,0,0,0,0,0,0.000299640431482221,0,0,9.98801438274071e-05,0,0.00219736316420296,0.000499400719137036,0,9.98801438274071e-05,0,0,0,0.000599280862964443,0,0.00069916100679185,0,0.000998801438274071,0,0.000399520575309628,0.000499400719137036,0,0,0,0,0,9.98801438274071e-05,0.000199760287654814,0.00819017179384738,0.0811026767878546,0,0.0055932880543348,0,0,0,0.000898921294446664,0,0,0.000499400719137036,0,0.0131841789852177,0,0,0,0,0.000898921294446664,0,0,0,0,0,9.98801438274071e-05,0.00109868158210148,0.00499400719137036,0,0.000199760287654814,0,0,0.14752297243308,0.000199760287654814,0,0,0.0184778266080703,0,0,0,0,0,0.00119856172592889,9.98801438274071e-05,0,0,0.00129844186975629,0,0,9.98801438274071e-05,0.000499400719137036,0,0,0,0.00189772273272074,9.98801438274071e-05,0,9.98801438274071e-05,0,9.98801438274071e-05,0,0,0,0,0,0,9.98801438274071e-05,0,0,0,0,0,0,9.98801438274071e-05,0,0.00069916100679185,0,0,0,0,0.000199760287654814,0,0,0,0.000399520575309628,0,0,0,0.000299640431482221,0,0.017179384738314,0,0,0,0,0,0,0,0,0,0,0.0393527766679984,0.000299640431482221,0,9.98801438274071e-05,0.00169796244506592,0,0,0,0.000998801438274071,0.000299640431482221,0,0.00369556532161406,9.98801438274071e-05,0,0.000299640431482221,0,9.98801438274071e-05,0.011785856971634,0,0,0,0,0,0,0.000499400719137036,0.00429484618457851,0,0,0.0218737514982022,0.00069916100679185,9.98801438274071e-05,0,0,0.000199760287654814,0.00109868158210148,0,0,9.98801438274071e-05,0,0,0,0,0.00069916100679185,0,0,0.000898921294446664,9.98801438274071e-05,0,9.98801438274071e-05,9.98801438274071e-05,0.0293647622852577,0.00509388733519776,0.000299640431482221,0.000199760287654814,0.00129844186975629,0.000399520575309628,0,0,0.00069916100679185,0,0,0,0,0,0.00319616460247703,0.00459448661606073,0.00649220934878146,0.00429484618457851,0,0,0,0,9.98801438274071e-05,0.000499400719137036,0.0013983220135837,0,0,0.00629244906112665,0,0,0,0,0.0013983220135837,9.98801438274071e-05,0,0,0,0,0,9.98801438274071e-05,0,0.00239712345185777,0,0,0.000799041150619257,0
0,0,0,9.99500249875062e-05,0,0,9.99500249875062e-05,0,0,0,0.000299850074962519,0,0,0,0.00079960019990005,0,0,0,0,0,0.00339830084957521,0.0101949025487256,0.000499750124937531,9.99500249875062e-05,0,0,0,0,0.00129935032483758,0,0,0,0.000399800099950025,0.032183908045977,0,0.00299850074962519,0.0015992003998001,0.0387806096951524,0,0,0,0,0,0.0101949025487256,0.00079960019990005,0.0117941029485257,0,9.99500249875062e-05,0,0,0,0,0,0,0,0,0.000299850074962519,0.000199900049975012,0,0.0214892553723138,0,0.0144927536231884,0.00489755122438781,0,0.00269865067466267,0,0,0,9.99500249875062e-05,0,0,0,0,0,0,0,0,0,0,0.023488255872064,0,0.000199900049975012,0,0,0,0.00149925037481259,0,0,0,0.0191904047976012,0,9.99500249875062e-05,0.000299850074962519,0,0,0.000199900049975012,0,0,0,0,0,0,0,0,0,0,0,0.000599700149925037,0,0.00499750124937531,0.000199900049975012,0,0,0,0.00139930034982509,0.000499750124937531,0,0.000199900049975012,0.00809595202398801,0,0,0,0,0,0.106146926536732,0,0,0,0,0,0.110444777611194,0,0.000599700149925037,0.00909545227386307,0.000599700149925037,0.000899550224887556,0.000299850074962519,0,0,0.000599700149925037,0.000399800099950025,0,0,9.99500249875062e-05,0,0,0.00429785107446277,0,0.00219890054972514,0.0160919540229885,0,0,9.99500249875062e-05,0,0,0,0,9.99500249875062e-05,0,0.00229885057471264,0.00339830084957521,0.0063968015992004,0,0,0,0.0229885057471264,0,0,0.000499750124937531,0,0,0,0.00199900049975012,0,0,0,0.00349825087456272,0,0.0191904047976012,0,0,0,0,0,0.00169915042478761,0.000499750124937531,0,0,0.00869565217391304,0,0,0.0179910044977511,0.000399800099950025,0,0,9.99500249875062e-05,0.0395802098950525,0.0133933033483258,0,0,0,0.000399800099950025,0,0,0.0193903048475762,0.00299850074962519,0,0,0.000499750124937531,0.000199900049975012,0.00939530234882559,0,0,0,0.00179910044977511,0.00229885057471264,0,0,0.000199900049975012,0,0,0,0,0,0,0,0,0,0,0,0,9.99500249875062e-05,0,0.00569715142428786,0,0,0,0,0.000199900049975012,0,0,0.000199900049975012,0.0219890054972514,0.00579710144927536,0,0,0,0,0,0,0.00489755122438781,0,0.00289855072463768,0,0.00249875062468766,0.00179910044977511,0,0,0,0,9.99500249875062e-05,0.000499750124937531,0,0.00169915042478761,0,0,0,0,0.0183908045977011,0.00239880059970015,0,0,0.00909545227386307,0,9.99500249875062e-05,0,0,0,0.00699650174912544,0.197301349325337,9.99500249875062e-05,0,0.0501749125437281,0.000199900049975012,0,0,0,0,0.00229885057471264,0,0,0,0,0,0.00789605197401299,0,0,0,0,0.00409795102448776,0
0,0,0,0,0,0,0,0,0,0,0,0,0,0,0,2e-04,0.0017,0,0,0,0,0.0029,0,0,0,0.3751,0,0,9e-04,0.0022,0,0,0,0,0,0,0,1e-04,0,0,3e-04,0,0,0,0,0.0018,0,0,0,0,0,0,0,0,0,2e-04,0,0,0,0,0,0,0,0,0,0,0.0203,0,0,0,0.0019,0,0,0,0,0,0,0,0,0,0,0,5e-04,0,0,0,0.0018,0,0,0,0,0.0014,0.0114,0,0,0,0,0,0,0,0,0,0,0,0,0.001,0,0,0,0,0,0,0,0.0192,0,0,0,0,0.0196,1e-04,0,0,0,2e-04,0.0176,0,0,0,0,0,0,0.0232,0,0,0,0,0,0,0,1e-04,0.0584,0,0,0,0,0,0.0043,0,0,0,0,0,0,9e-04,0,0,0,0,0,4e-04,0,1e-04,0,0,0,0,0,0,0,0,0,0,1e-04,0,0,0,0,3e-04,0,0,0,0,0,0,0.0014,0,0,0,0,0,1e-04,0.0245,0,0,0,0,0,0,0,3e-04,0,0,0,1e-04,0,0.0321,0,0,0,0,0.0013,0,0,0,2e-04,0,0,3e-04,0,0,0,0,0,0,0,0,0,0,0,0,0,0,0,0.0116,0,0,0,0,0,0,0,0,0,0,0.001,0,1e-04,0,0,0,0,0,0,0,0,0.0092,0.0034,0,0,0,0,0,0,3e-04,0,0,0,0,0,2e-04,0,0,0.0083,0,0,0,0,0,0,0.3162,0,0,0.0103,0,0,0,0,0,0.0021,9e-04,0,0,0,0,0,0,6e-04,0,0,0.0073,0
0.00129948020791683,9.99600159936026e-05,0.000599760095961615,0,0.00259896041583367,0,0,0,0,9.99600159936026e-05,9.99600159936026e-05,0,0,0,0.0116953218712515,0,0,0,0,0.00079968012794882,0,0.0038984406237505,0,0.000999600159936026,0,0,9.99600159936026e-05,0,0,0.000299880047980808,0.000299880047980808,0,0,0.015593762495002,0.00109956017592963,0,0.00079968012794882,0.00039984006397441,0.00169932027189124,0,0,0.000199920031987205,0,0.007796881247501,0,0.0470811675329868,0,0,0,0,0.00079968012794882,0,0,0,0.00139944022391044,0.000199920031987205,0,0,0,0.0697720911635346,0,0,0.00109956017592963,0,0,0,0.00139944022391044,0,0,0,0.00319872051179528,0,0,0,0,0,0,0,0,0.0136945221911235,0.000599760095961615,0.00879648140743703,0.00719712115153938,0.00079968012794882,0,0.00139944022391044,0.00079968012794882,0,0,0.0079968012794882,0,0.0039984006397441,0,0,0,0,0,0,0.0113954418232707,0,0.00349860055977609,0.000999600159936026,0,0,0,0.00079968012794882,0,0,0,0.0831667333066773,0,0,0,0.00839664134346262,0.000999600159936026,0.000599760095961615,0,0.000499800079968013,9.99600159936026e-05,0,0,0.00319872051179528,0,9.99600159936026e-05,0.0132946821271491,0,0,0.000299880047980808,0,0,0.00079968012794882,0,0,0.0848660535785686,9.99600159936026e-05,0,0.00489804078368653,0,0,0.00079968012794882,0,0,0,0,0.0222910835665734,0,0,0.000199920031987205,0,0,0,0.00249900039984006,0,0,0.000199920031987205,0,0,0,0.0460815673730508,0.00449820071971212,9.99600159936026e-05,0,0,0,0,0,0,0,0,0.00159936025589764,0,0,0,0,0,0,0,0,0.0143942423030788,0,0,0,0,0,0,0,0,0,0,0,0,0,0,0,0,0,0,0.00079968012794882,0,0,0,0,0,0.00729708116753299,0,0.0126949220311875,0.000299880047980808,0,0,0.00339864054378249,0,0,0.038984406237505,0,0.00139944022391044,0,0.0474810075969612,0,0.0338864454218313,0,9.99600159936026e-05,0.00339864054378249,0.0298880447820872,0,0,0,0,0,0.0128948420631747,0.00039984006397441,0.0285885645741703,0.000199920031987205,0,0.0734706117552979,0,0,0.00329868052778888,0,0,0.000599760095961615,0,0,0,0,0,0.00239904038384646,0,0,0,0,0,0,0.00579768092762895,0.000499800079968013,0.00109956017592963,0.0146941223510596,0.00519792083166733,0,0.000299880047980808,0,0,0,0,0.000299880047980808,0,0,0,0,0,0,0,0,0.121551379448221,0,0,0.000699720111955218,0,0,0,0,0,0,0.00169932027189124,0,0,0,0,0,0,0.00289884046381447,0,0,0,0.000899640143942423,0,0,0.00289884046381447,0.00589764094362255,0,0.00269892043182727,0
0,0.0007999200079992,9.99900009999e-05,9.99900009999e-05,0,0,0,0,0,0,0.0006999300069993,0,0,0,0.0006999300069993,9.99900009999e-05,0.0031996800319968,0,0,0.0008999100089991,0.0030996900309969,0.004999500049995,0,0,0.0012998700129987,0.0014998500149985,0,0,0.0003999600039996,0.0010998900109989,0,0,0,0,0,0,0.0027997200279972,0.0048995100489951,0,0,0,0,0,0,0,0.000999900009999,0,0.0004999500049995,0,0,0.0002999700029997,0,0,0,0,0,0,0,0,0.025997400259974,0,0,0.0001999800019998,0.0084991500849915,0,0,0,0,0,0,0,0,0.0035996400359964,0.0007999200079992,0.0037996200379962,0,0,0,0,0.0071992800719928,0,0.0003999600039996,0.0036996300369963,0,0,9.99900009999e-05,0.0001999800019998,9.99900009999e-05,0,0.0111988801119888,0,9.99900009999e-05,0.004999500049995,0,0,0,0.0002999700029997,0,0.000999900009999,0,0,0.0068993100689931,0,0,0,0.0015998400159984,0,0.0043995600439956,0,0.004999500049995,0,0,0,0,0,0,0.0025997400259974,0.0314968503149685,0.0196980301969803,0,0,0,0.003999600039996,0.0003999600039996,0.0028997100289971,0,0,0.0120987901209879,0,0,0.0375962403759624,0.0041995800419958,0,0.0042995700429957,0.0081991800819918,0,0.0081991800819918,0,0,0.0004999500049995,9.99900009999e-05,0.0002999700029997,0,0,0,0,0,0.0014998500149985,0.0060993900609939,0,0,0,0.0007999200079992,0,9.99900009999e-05,0,0.0006999300069993,0,0,0,0.010998900109989,0.0030996900309969,0.0010998900109989,0,0,0,0,0.0002999700029997,0,0.0001999800019998,0,0,9.99900009999e-05,0,0,0,0.0108989101089891,0,0,9.99900009999e-05,0,0,0,0,0.0001999800019998,0,9.99900009999e-05,0.0118988101189881,0.0163983601639836,0,0,0.0197980201979802,9.99900009999e-05,0,0.0240975902409759,0,0.0040995900409959,0.0095990400959904,0,0.0158984101589841,0,0.0078992100789921,0,0,0.0070992900709929,0.0006999300069993,0,0,0,0.0002999700029997,0.0025997400259974,0,0,0,0.0001999800019998,0.0027997200279972,0,0,0.0027997200279972,0,0.0040995900409959,0,0.0020997900209979,0,0,0,0,0,0,0.0015998400159984,0.001999800019998,0.0001999800019998,0.000999900009999,0.0183981601839816,0,0,0,0.0024997500249975,0.0006999300069993,0,0,0,0,0,0.0002999700029997,0,0.0838916108389161,0.0001999800019998,0,0,0,0.0001999800019998,0.0016998300169983,9.99900009999e-05,0.0097990200979902,0.0002999700029997,0.0001999800019998,0,0.0024997500249975,0.0001999800019998,0,0,0,0.0001999800019998,0,0,0,0,0,0.0001999800019998,0.0023997600239976,0,0,0,0,0,0,0,9.99900009999e-05,0.409459054094591,0,0,0.0277972202779722,0,0,0,0,0,0,0.0006999300069993,0,9.99900009999e-05,0,0,0,0,0.0073992600739926,0,0,0.0018998100189981,0
0,0,0,0,0,0,0.000400200100050025,0,0,0,0,0,0,0,0.000500250125062531,0,0,0,0,0.000100050025012506,0.0119059529764882,0,0,0,0,0,0,0.00180090045022511,0.000600300150075037,0.0117058529264632,0.000600300150075037,0,0,0,0,0,0.00130065032516258,0,0,0,0,0,0,0,0,0.117858929464732,0,0,0,0.000200100050025013,0,0,0,0,0,0,0.000200100050025013,0,0,0,0,0,0,0,0,0,0.0350175087543772,0,0,0,0,0,0,0,0,0,0,0,0,0.0165082541270635,0,0,0,0,0,0.00080040020010005,0.375287643821911,0,0,0.00280140070035017,0,0,0.000200100050025013,0,0.00730365182591296,0,0,0,0.00660330165082541,0,0,0,0,0,0,0,0,0,0,0,0,0,0,0.000900450225112556,0,0.000100050025012506,0.000100050025012506,0,0.0392196098049025,0.000100050025012506,0,0,0.00450225112556278,0,0.0157078539269635,0,0,0,0,0,0.00260130065032516,0.0914457228614307,0,0,0,0,0.000600300150075037,0.000400200100050025,0.0191095547773887,0,0.0589294647323662,0,0,0,0,0,0,0,0,0,0.00820410205102551,0.00120060030015007,0,0,0,0.000100050025012506,0,0,0,0.000200100050025013,0,0,0,0,0,0,0,0,0,0.0080040020010005,0.00790395197598799,0,0,0,0,0,0,0.0199099549774887,0,0,0,0,0,0,0,0,0,0.00340170085042521,0,0,0,0,0,0,0,0,0,0,0,0,0,0,0,0,0,0.00360180090045023,0.000100050025012506,0.000100050025012506,0.000100050025012506,0,0,0,0,0.00130065032516258,0,0,0,0,0.0294147073536768,0,0,0.00810405202601301,0,0,0,0,0,0.000100050025012506,0,0,0,0,0,0.00140070035017509,0,0,0,0,0,0,0,0,0,0,0,0,0,0,0,0,0,0,0,0,0,0,0.00170085042521261,0,0.0048024012006003,0,0,0,0,0.00300150075037519,0,0,0,0,0.000300150075037519,0,0,0,0.0188094047023512,0.000200100050025013,0,0,0,0,0,0,0,0.00200100050025012,0,0,0.00230115057528764,0,0,0,0.047423711855928,0,0,0,0,0,0.000200100050025013,0,0.000300150075037519,0,0,0,0.000400200100050025
0,0,0,0,0,0,0.0001999800019998,0,0,0,0,0,9.99900009999e-05,0,0.0031996800319968,0,0,0,0,0,0,0,0,0.0010998900109989,0,0.0331966803319668,0,0,0.0177982201779822,0.0001999800019998,9.99900009999e-05,0,0,0,0,0,0.0028997100289971,0.0910908909109089,0,0,0.0001999800019998,0,0,0,0,0.0073992600739926,0.0100989901009899,0,0,0,0,0,0,0,0,0,0,0.0001999800019998,0,0,0,0,0.0077992200779922,0,0,0,0.0028997100289971,0,0,0,0,0,0,0,0,0.0590940905909409,0,0,0,0,0,0,0.0015998400159984,0,0,0.0003999600039996,0,0,0,0,0,0.0050994900509949,0.0005999400059994,0,0,9.99900009999e-05,0,0,0,0,0,0,0,0,0.0011998800119988,0,0,0.0210978902109789,0,0,0.0002999700029997,0,0,0,0,0.0002999700029997,0,0,0,0.0002999700029997,0.0073992600739926,0,0,0,0.0090990900909909,0,0,0,0,0,0.17008299170083,0.0232976702329767,0,0,0,0,0.0014998500149985,0,0,0,0.0050994900509949,0.0003999600039996,0,0,0,0,0,0,0.0055994400559944,9.99900009999e-05,0,0,0,0,0,0,0,0,0,0.0052994700529947,0,0.0100989901009899,0,0.0198980101989801,9.99900009999e-05,0,0,0,0,0,0,0,0.0004999500049995,0,0,0,0.0085991400859914,0,0,0,0,0,0,0,9.99900009999e-05,0,0,0.0187981201879812,0,0,0,0,0.0003999600039996,0,0,0,0.0064993500649935,0.0667933206679332,0,0,0,0,0,0,0,0,0,0,0,0.0131986801319868,0.0021997800219978,0,0,0,0,0.0033996600339966,0,0,0.0030996900309969,0,0,0,0,0,0.0005999400059994,0,0,0,0,0.0087991200879912,0,0,0,0,0,0,0,0,0.0003999600039996,0,0,0,0,0,0,0,0,0,0,0,0,0,0.0028997100289971,0,0,0.0008999100089991,0,0,0,0,0,0,0,0,0.0001999800019998,0,0,0,0,0.0210978902109789,0,0.012998700129987,0.0018998100189981,0.0004999500049995,0.0003999600039996,0,0,0,0,0.246775322467753,0,0.0055994400559944,0.0388961103889611,0,0,0,0,0.0025997400259974,0,0,0,0,0,0,0,0,0.0014998500149985,0,0,0.0037996200379962,0
0,0,0,0,0,0,0.0141971605678864,0.000399920015996801,0,0,0,0,0,0,0.00359928014397121,0,0,0,0,0.000899820035992801,0,0.00549890021995601,0,0.000499900019996001,0,0.000599880023995201,0,0,0.0025994801039792,0.0012997400519896,0,0,0,0.0115976804639072,0,0,0.000599880023995201,0,0,0,0,0,0,0.00829834033193361,0,0.00369926014797041,0,0,0,0,0,0,0,0,0,0,0.0002999400119976,0,0,0.0018996200759848,0,9.99800039992002e-05,0,0,0,0,0.002999400119976,0,0,0.0017996400719856,0,0,0,9.99800039992002e-05,0,0,0,0,0,0.000799840031993601,0,0,0.02999400119976,0,0.0012997400519896,0,0,0,9.99800039992002e-05,0.00549890021995601,0,0.0026994601079784,0.000999800039992002,0,0,0,0,0,0.00459908018396321,0,0,0,0,0,0,0,0,0.0001999600079984,0,0,0,0,0,0.0001999600079984,0,0,0.0496900619876025,0,0.000799840031993601,0,0.0182963407318536,0,0.002999400119976,0.00409918016396721,0.0280943811237752,0,0,0,0,0,0.326334733053389,0.000999800039992002,0,0,0,0,0.0016996600679864,0,0,0,0.0002999400119976,0.000799840031993601,0,0,0,0,0,0,0.00639872025594881,0.010997800439912,0,0,0,0,0.0001999600079984,0,0,0,0,0,0,0,0,0.00249950009998,0,0.0464907018596281,0,0.0011997600479904,0,0.0012997400519896,0,0.0128974205158968,0.000499900019996001,0,0,0,0,0,0.000399920015996801,0,0,0,0,0,0,0,0,0.0115976804639072,0,0,0,0.011497700459908,0.000499900019996001,0,0,0.00569886022795441,0.00479904019196161,0,0,0,0,0,9.99800039992002e-05,9.99800039992002e-05,0.00809838032393521,0,0,0,0.0001999600079984,0,0.0026994601079784,0,0,0,9.99800039992002e-05,0,9.99800039992002e-05,0,0,0.000599880023995201,0,0,0,0,0,0,0,0,0,0,0.0020995800839832,0,0,0.00399920015996801,0,0,0,0,0,0,0,0,0,0,0,0,0,0.0017996400719856,0,0,9.99800039992002e-05,0,0,0.0002999400119976,9.99800039992002e-05,0.001999600079984,0,0,0.000699860027994401,0.0021995600879824,0,0,0,0.000599880023995201,0,0,0,0,0,0.170165966806639,0,0,0.0727854429114177,0,0,0,0,0,0,0.0514897020595881,0,0,0.0195960807838432,0,0,0,0,0,0,0,0,0,0,0,0,0,0.0012997400519896,0,0,0.0002999400119976,0
0,0,0,9.99800039992002e-05,0,0,0,0,0,0,0,0,0,0,0.00739852029594081,0,0,0,0,0,0,0,0,0.000399920015996801,0,0.360927814437113,0,0,0.00249950009998,0,0,0,0,0,0,0,0.001999600079984,0,0,0,0,0,0,0.0310937812437512,0,0,0,0,0.000599880023995201,0,0,0,0,0,0,0,0,0,0,0,0,0.0001999600079984,0,0,0,0,0.0011997600479904,0,0,0,0,0,0,0,0,0.0211957608478304,0,0,0,0.00609878024395121,0,0,0,0,0,0,0.0021995600879824,0,0,0,0,0,0.0021995600879824,0,0,0.000899820035992801,0,0,0,0,0,0.00359928014397121,0,0,0,0,0,0.0015996800639872,0,0,0,0,0,0,0,0,0,0,0,0,0,0,0,0,0.028494301139772,0,0,0,0,0,0.0012997400519896,0,0,0,0,0,0.0025994801039792,0,0,0,0,0,0,0,0,0,0,0,0,0.0001999600079984,0.00349930013997201,0,0,0,9.99800039992002e-05,0,0,0,0,0,0,0,0,0.0373925214957009,0,0,0,0.000499900019996001,0,0,0,9.99800039992002e-05,0,0,0,0.000699860027994401,0,0.0195960807838432,0,0,0,0,0,0,0,0,0,0,0,0,0,0,0.0002999400119976,0,0,0,0,0,0,0,0,0,0,0,0,0,0,0,0.0002999400119976,0.000599880023995201,0,0,0,0,0,0,0,0,0.0002999400119976,0,0,0,0,0,0,0,0,0,0,0,0.00379924015196961,0,0,0.0543891221755649,0.0012997400519896,0,0,0,0,0,0,0,0,0,0,0,0,0,0,0,0.0152969406118776,0,0,0,0,0,0,0,0,0,0,0,0,0,0.0302939412117576,0,0,0,0,0.00389922015596881,0,0,0.0627874425114977,0,0,0,0,0,0.0018996200759848,0.285542891421716,0,0,0,0,0,9.99800039992002e-05,0,0.000499900019996001,0,0,0,0,0,0,0,0,0,0,0,0,0
0,0,0,0.000399800099950025,0,0.000199900049975012,0.000399800099950025,0.00529735132433783,0,0,9.99500249875062e-05,0,0.000199900049975012,0.0139930034982509,0.219290354822589,0,0,0,0,0,0.000599700149925037,9.99500249875062e-05,0,0,0,0.000199900049975012,0,0,0.0187906046976512,0,0,0,0.000199900049975012,0,0,0,0.00459770114942529,0,0,0,0.00219890054972514,0,0,9.99500249875062e-05,0,9.99500249875062e-05,0,9.99500249875062e-05,0,0,0.000399800099950025,0,0,0,0,0,0,0,0,0.000199900049975012,0,0.00179910044977511,0,0.000499750124937531,0,0.00819590204897551,0.0015992003998001,0,0.000599700149925037,0,0.00239880059970015,0,0.000199900049975012,0.00469765117441279,0,0,0,0,0,0.00169915042478761,0,9.99500249875062e-05,0,0,0.0179910044977511,0,0,0.00499750124937531,0,0.00239880059970015,0.00149925037481259,0.00419790104947526,0.00919540229885057,0,0,0,0,0,9.99500249875062e-05,0,0,0,0,0,0.000499750124937531,0,0,0.107746126936532,0,0.000399800099950025,0,0,0,0.000399800099950025,0,0.00229885057471264,0,9.99500249875062e-05,0.0309845077461269,0,0.00789605197401299,0,0,0,0.000499750124937531,0,0,0,0,0,0.0257871064467766,0.00379810094952524,0,0,0,9.99500249875062e-05,0.00219890054972514,0,0,0,0,0,0,0,0,0,0,0,0,0,0,0.00079960019990005,9.99500249875062e-05,0,0,0,0,0,0,0.000499750124937531,0,0.0116941529235382,0.000399800099950025,9.99500249875062e-05,0,0,0,0,0,0,0,0.0229885057471264,0.00379810094952524,0,0,0,0.00579710144927536,9.99500249875062e-05,0.000699650174912544,0,0,0.00219890054972514,0,0,0,0,0,0,0.0015992003998001,0,0,0.00399800099950025,0,0,0,0,0.00869565217391304,0.00519740129935032,0,0,0,0,0,9.99500249875062e-05,0,0.00589705147426287,0,0,9.99500249875062e-05,0,0.0924537731134433,0,0,0,0,0.00359820089955022,9.99500249875062e-05,9.99500249875062e-05,9.99500249875062e-05,0.00529735132433783,0.000199900049975012,0.00409795102448776,0.00349825087456272,0.000299850074962519,0,0,0,0,0.000599700149925037,0.00399800099950025,0.000699650174912544,0.000299850074962519,0,0.00689655172413793,0,0,9.99500249875062e-05,0,0,0.00129935032483758,0,0.00519740129935032,0.032383808095952,0,0,0,0,0,0,0,0.000599700149925037,0,0,0,0.000699650174912544,0,0.000299850074962519,0,0,0.00249875062468766,9.99500249875062e-05,0,0,0,0.00589705147426287,0,0,0,0,0.0742628685657171,0.000599700149925037,0,0.00859570214892554,0,0,0,0.000299850074962519,0.000199900049975012,0,0.147426286856572,0,0,0.000899550224887556,0,0,0.000199900049975012,0,0.00599700149925037,0.000199900049975012,0,0,0,0,0,0.00109945027486257,0.000599700149925037,0,0,0,0.00119940029985007,0
0,0,0,0,0,0,0,0.00109967009897031,0,0,0,0,0,0.012296311106668,0.000399880035989203,0,0,0,0,0,0.00149955013495951,0.0117964610616815,0,9.99700089973008e-05,0,0.204138758372488,0,0,0.00529841047685694,9.99700089973008e-05,0,0,0,0.0155953214035789,0,0,0.000299910026991902,0.027591722483255,0,0,0,0,0,0.010296910926722,0,0.0603818854343697,0,0,0,0,0,0,0,0,0,0,0,0,0,0.0294911526542037,0,0.00169949015295411,0,0,0,0,0.0335899230230931,0,0,0,0.00189943017094872,0,0,0.00149955013495951,0,0,0,0,0,0.0550834749575127,0,0,0,0,0.0493851844446666,0.000199940017994602,0,9.99700089973008e-05,0,0.00199940017994602,0,0.000399880035989203,0.000899730080975707,0,0,0.00139958012596221,0,0,0,0,0,9.99700089973008e-05,0,0,0.00319904028791363,0,0,0.00369889033290013,0,0,0,0,0,0.000499850044986504,0,0,0.000699790062981106,0,0.00939718084574628,0,0.00149955013495951,0,0,9.99700089973008e-05,0.00119964010796761,0,0,0,0,0,0.0582825152454264,0.00119964010796761,0,0.00609817054883535,0,0,9.99700089973008e-05,0,0,0,0.000199940017994602,0.00119964010796761,0,0,0,0,0,0,0.00189943017094872,9.99700089973008e-05,0,0,0,0,0,0,0,0,0,0.00469859042287314,0,0.00499850044986504,0,0,0,0,0,0,0,0,0,0,0.000499850044986504,0,0,0,0.00509847045886234,0.00539838048585424,0.030590822753174,0,0,0,0,0,0,0,0,0.000299910026991902,0,0,0,0.00279916025192442,9.99700089973008e-05,0,0,0.000699790062981106,0.00369889033290013,0.00439868039588124,0,0,0,0,0,0,0,0,0,0,9.99700089973008e-05,0,0.00199940017994602,0,0,0,0,0,0.00359892032390283,0,0.00839748075577327,0.00659802059382185,0.00439868039588124,0,0,0,0,0,0,0,0.00399880035989203,0,0.0147955613316005,0,0,0.0771768469459162,0,0,0,0,0,0,0,0,0.0738778366490053,0,0,0,0,0.000799760071978406,0,0,0.00949715085474358,0,0,0,0.00429871038688393,0,0,0,0,0,0.00109967009897031,0,0,0,0,0,0,0,0,0.00789763071078676,0.000199940017994602,0,0.000599820053983805,9.99700089973008e-05,9.99700089973008e-05,0,0,0,0,0.0220933719884035,0,0,0.0559832050384885,0,0,0,0,0.00269919024292712,0.00819754073777867,0,0,0,0,0,0,0,0.000399880035989203,0,0,0.00979706088173548,0
0,0,0,0,0,0,9.99700089973008e-05,0,0,0,0.00169949015295411,0,0,0,0.00359892032390283,0,0.000399880035989203,9.99700089973008e-05,9.99700089973008e-05,0,0,0.00229931020693792,0,0,0,9.99700089973008e-05,9.99700089973008e-05,0,0.000199940017994602,0,0.0324902529241228,0,0,0.000899730080975707,0.000699790062981106,0,0.000599820053983805,0.00649805058482455,0,0,9.99700089973008e-05,0,0,0.00319904028791363,0,0.000299910026991902,0.000299910026991902,0.00129961011696491,0,0,0,0,0,0,0,0,0,0,0,0.00449865040487854,0,0,0,9.99700089973008e-05,0,0,0.000899730080975707,0,0,0.000299910026991902,0.00159952014395681,0.000499850044986504,0,0,0,0,0,0,0,0.017294811556533,0.00129961011696491,9.99700089973008e-05,9.99700089973008e-05,0,0,0,0,0,0,0.000499850044986504,0,0.000799760071978406,0,0,0,0,0,0,0.00319904028791363,0,0,0,0,0.00769769069279216,0.00499850044986504,0.00179946016195141,0,0.0154953513945816,0,0,0,0.000699790062981106,0,0,0.00169949015295411,9.99700089973008e-05,0,9.99700089973008e-05,0,0,0.00619814055783265,0,0,0.000199940017994602,0.00159952014395681,0,0.0868739378186544,0.00169949015295411,9.99700089973008e-05,0,0.130960711786464,0,0.00489853044086774,0,0.000199940017994602,0.00199940017994602,9.99700089973008e-05,0,0,0,0,0.000299910026991902,0,0,0.0137958612416275,0,0.00189943017094872,0,0.00399880035989203,0,0,0.00229931020693792,0,0,9.99700089973008e-05,0,0,0,0,0.0147955613316005,0,0.00839748075577327,0,0.00459862041387584,0,0,0,0,0,0.000699790062981106,0,0.000499850044986504,0.000199940017994602,0,0,0,0.00809757072878137,0.0101969409177247,0.00129961011696491,0,0,0.00689793062081376,0,0,9.99700089973008e-05,9.99700089973008e-05,0,0,0.0100969709087274,0,0,0.000399880035989203,0,0,0.0138958312506248,0,0.000599820053983805,0.00609817054883535,0,0.0101969409177247,0,0.00159952014395681,0,9.99700089973008e-05,0.00249925022493252,0.000799760071978406,0,0.000199940017994602,0,0.000299910026991902,0,0,0,0,0.000499850044986504,0.00399880035989203,0.00349895031490553,0.000599820053983805,0,0.0103968809357193,9.99700089973008e-05,0.00279916025192442,0.00409877036888933,0,0,0,0.000699790062981106,0,0.00249925022493252,0.0203938818354494,0.000899730080975707,0.000299910026991902,0,0.00679796061181645,0,0,9.99700089973008e-05,9.99700089973008e-05,0,0.000599820053983805,0,0,0.115165450364891,0.000399880035989203,0,0,0,0,0.00129961011696491,0,0,0.000899730080975707,0,9.99700089973008e-05,0,0,0,0,0.00129961011696491,0.000199940017994602,0.000499850044986504,0,0.000599820053983805,0,9.99700089973008e-05,0,0,0,0.000299910026991902,0.0117964610616815,0.00259922023392982,0.00909727081875437,0.0345896231130661,0,9.99700089973008e-05,0,0,0,0.00279916025192442,0.241827451764471,0,0,0.00399880035989203,0,0,9.99700089973008e-05,0,0,0.00439868039588124,0.00309907027891633,0,9.99700089973008e-05,0,0,0.0218934319704089,0,0.000299910026991902,0,0,0.00529841047685694,0
0,0,0,0,0,0,1e-04,0,0,0,0,0,4e-04,0,0.0017,0,0.0016,0,0,0,0,0,0,0,0,0,0,1e-04,0.0035,0.0424,0,0,0,0.0192,0,0,0,0.0162,0,3e-04,0,0,0,0,0,0,0,0,0,0,0,0,0,0,0,0,0,0,0,0,0,0,5e-04,0,0,0,0,0,0,0,0,0,0,0,0,0.0263,0,0,0,0,0,0,0.06,0,0,0.0155,0,0,0,0.0034,0,0.001,0.0165,0,0,0,6e-04,0,0,0,0,0,0,0,0,0,0,0,0,0,0,0,0,0,0,0,0,0,0.0935,0,0,0,5e-04,1e-04,0.0383,0,0,0,0,0,0,0,0,0,0,0,0,0,0,0,8e-04,0,0,0,0,0,0,0,0,0,0,0,0,0,0,0,0,0,0,0,0,0,0,0,0,0,5e-04,0,0,0,0,0,0.0086,0,0.0036,0,0,0,0,0,0,0,0,0,0,0,0,0,0,0,0,0.0155,0,0,0,0.0011,0,0,0,0,0,0,0,0,0.0087,0.0078,0,0.0019,0,4e-04,0,0,0,6e-04,0,0,0,0,0.0862,0,0,0,0,0,0,0,0,0,0,0,0,0,0,0,0,0,0,0,0,0,0,0,0,0,7e-04,0,0,0,0,0,0,0,5e-04,1e-04,0,0.005,0,0,0,0,0,0,0,5e-04,0,0,0,0,0,0.1541,0,0,0.2913,0,0,0,0,0,0,0,0,0,0.0603,0,0,0,0,0,0,0,0,0,0,0,0,0,0,0,0,0.0101,0
0,0,0,0,0,0,0,0,0,0,0,0.000199920031987205,0,0.00729708116753299,0.00079968012794882,0,0.00719712115153938,0,0,0,0.00509796081567373,9.99600159936026e-05,0,0,0,0.0766693322670932,0,0,0.00159936025589764,0.0118952419032387,0,0,0.000199920031987205,0.00519792083166733,0,0,0.00479808076769292,0.00459816073570572,0.00039984006397441,0,0,0,0,0.00149940023990404,0,0.00299880047980808,0,0.000699720111955218,0,0,0,0,0,0,0.00579768092762895,0,0,0,0,0.00259896041583367,0,0.000999600159936026,0.000199920031987205,0,0,0,0.0078968412634946,0,0,0,0.00119952019192323,0,0,0.00359856057576969,0.239104358256697,0,0,0,0,0.00159936025589764,0,0,0,0,0,0,0,0,0,0.00039984006397441,0.00609756097560976,0.00549780087964814,0.00159936025589764,0,0,0,0,0,0.000899640143942423,0,0,0,0,0,0.000199920031987205,0,0.000699720111955218,0.00609756097560976,0,0.0076969212315074,0,0,0,0.000999600159936026,0,0,0,9.99600159936026e-05,0.00519792083166733,0,0.0078968412634946,0.000999600159936026,0.00219912035185926,0,0.00329868052778888,0,0,0,0,0,0.18922431027589,0.016593362654938,0,0,0,0,0.000499800079968013,0,0,0,0.000499800079968013,0,0,0,0,0,0,0,0.0101959216313475,0.000199920031987205,0,0,0,0,0,0,0,0,0.00369852059176329,0.00159936025589764,0,0,0,9.99600159936026e-05,0,0.0491803278688525,0,0,0,0,0.000599760095961615,0,0.000299880047980808,0,0,0,0.0120951619352259,0.00119952019192323,0.000299880047980808,0,0,0,0,0,0.00119952019192323,0,0,0.000299880047980808,0.00439824070371851,0,0,0.0117952818872451,9.99600159936026e-05,0,0,0,0.000899640143942423,0.0162934826069572,0,0,0,0,0,0,0,0.00159936025589764,0,0.00129948020791683,0.000199920031987205,0,0.0928628548580568,0,0,0,0.000699720111955218,0.00419832067173131,9.99600159936026e-05,0,9.99600159936026e-05,0.00039984006397441,0.00259896041583367,0,0.00629748100759696,0,0,0,0,0,0.00179928028788485,0.00559776089564174,0.00239904038384646,0,0,0.000299880047980808,0,0,0,0.00039984006397441,0,0,0,0,0.0369852059176329,0,0,0,0,0,0,0.00159936025589764,0,9.99600159936026e-05,0.000199920031987205,0,0.00109956017592963,0.000199920031987205,0,9.99600159936026e-05,0.000999600159936026,0.0154938024790084,0,0,0,0.000299880047980808,0,0,0,0,0.00079968012794882,0.00209916033586565,0,0,0.0260895641743303,0,0,0,0,9.99600159936026e-05,9.99600159936026e-05,0.000699720111955218,0,0,0.0210915633746501,0,0,0,0,0,0,0.000499800079968013,0,0,0,0,0.00329868052778888,0,0.00039984006397441,0,0,0.00149940023990404,0
0,0,0,0,0,0,0.0017003400680136,0.0031006201240248,0,0,0,0,0,0,0.000600120024004801,0,0.0013002600520104,0,0,0,0,0.000800160032006401,0,0,0,0.442688537707542,0,0,0.003000600120024,0,0.0001000200040008,0,0,0.0221044208841768,0,0,0.0001000200040008,0.000600120024004801,0,0,0,0,0,0,0,0.0022004400880176,0,0,0,0,0,0,0,0,0,0,0,0,0,0.00480096019203841,0,0,0,0,0,0,0.00970194038807762,0,0,0.00700140028005601,0,0,0,0.0016003200640128,0,0,0,0,0,0,0,0,0.0329065813162633,0,0,0.000700140028005601,0.0296059211842368,0,0,0.0021004200840168,0,0.001500300060012,0.00600120024004801,0,0,0,0,0,0.0131026205241048,0,0,0,0,0,0,0.0001000200040008,0,0.0163032606521304,0,0,0,0,0,0,0,0,0,0,0.00570114022804561,0,0,0,0,0,0.0016003200640128,0,0,0,0,0,0,0,0,0.001000200040008,0,0,0.0401080216043209,0,0,0,0.0019003800760152,0,0,0,0,0,0.000900180036007201,0,0,0,0.000500100020004001,0.00610122024404881,0.0002000400080016,0,0,0,0,0,0,0.0132026405281056,0,0,0,0.0728145629125825,0,0,0,0,0,0,0,0,0.0001000200040008,0,0,0,0,0.000800160032006401,0.00470094018803761,0,0,0,0,0,0,0,0,0,0,0,0,0,0,0,0,0.0001000200040008,0,0,0,0,0,0.0001000200040008,0,0.0016003200640128,0,0.00320064012802561,0,0,0,0,0,0,0.0228045609121824,0,0.0003000600120024,0,0.00350070014002801,0.0024004800960192,0,0,0.000400080016003201,0,0,0,0,0,0,0,0,0,0.00440088017603521,0.000500100020004001,0,0.0343068613722745,0,0,0.0001000200040008,0,0,0,0,0,0,0,0.0001000200040008,0,0,0,0,0,0,0,0.0002000400080016,0,0,0.0012002400480096,0.000600120024004801,0,0,0.0026005201040208,0.0031006201240248,0,0,0,0,0,0,0,0,0.00340068013602721,0,0,0.0457091418283657,0,0.000700140028005601,0,0,0.0002000400080016,0,0.0972194438887778,0,0,0.0119023804760952,0,0,0,0,0,0.00490098019603921,0.0001000200040008,0,0,0,0,0,0,0,0,0,0.001000200040008,0
0,0,0,0,0,0.0001999600079984,0.00819836032793441,0,0,0,0,0,0,0.0011997600479904,0.0018996200759848,0,0,0.001499700059988,0,0,0.0001999600079984,0.000499900019996001,0,0,0,0.0749850029994001,0,0,0.018996200759848,0.00549890021995601,0,0,0,0.0232953409318136,0,0,0,0.0015996800639872,0,0,0,0,0,0.0027994401119776,0,0.000499900019996001,0,0.000599880023995201,0,0,0,0,0,0,0,0,0,0,0,0.0021995600879824,0.0016996600679864,0,0,0,0,0,0.00419916016796641,0,0.0002999400119976,0.0012997400519896,0.0002999400119976,0.0001999600079984,0,0.000399920015996801,0,0,0,0,0,0.0001999600079984,0,0,0,0,9.99800039992002e-05,0,0,9.99800039992002e-05,0,0.00369926014797041,0,0,0,0,0,0,0,0,0.000699860027994401,0,0,0,0,0.0027994401119776,9.99800039992002e-05,0,9.99800039992002e-05,0.271445710857828,0,0.0017996400719856,0,0,0,0.00809838032393521,0,0.000799840031993601,0.001499700059988,0.0001999600079984,0.02249550089982,9.99800039992002e-05,0,0,0,0,0.0126974605078984,0.0283943211357728,0.000499900019996001,0,0.0001999600079984,0,0.0137972405518896,0.00539892021595681,0,0,0,9.99800039992002e-05,0.00979804039192162,0,0,0,0.000799840031993601,0,0,0,0,0,9.99800039992002e-05,9.99800039992002e-05,0,0,0.000799840031993601,0.0017996400719856,0,0,9.99800039992002e-05,0,0,0,0,0.00549890021995601,0,0,0,9.99800039992002e-05,0,0,0,0,0,0,0.000399920015996801,0,0.0210957808438312,0,0,0,0,9.99800039992002e-05,0.00559888022395521,0.0001999600079984,0,0,0,0,0.000699860027994401,0,0,0,0,0,0,0.0106978604279144,0.000399920015996801,0,0,0,0,0,0,0,0,0,0,0.000699860027994401,0,0.0030993801239752,0,0.000799840031993601,0,0.000899820035992801,0,0,0.0002999400119976,0,9.99800039992002e-05,0,0.0002999400119976,0.000599880023995201,0.00559888022395521,0.000499900019996001,0,0,0,0,0,0,0,0,0.0011997600479904,0,0.000999800039992002,9.99800039992002e-05,0,0.0608878224355129,0,0,0,0,0,0,0,0,0.0240951809638072,0,0.00249950009998,0,0,0,0,0,9.99800039992002e-05,9.99800039992002e-05,9.99800039992002e-05,0,0.0001999600079984,0.000699860027994401,0.0001999600079984,0,0.0001999600079984,0.002999400119976,0,0,0,0.000699860027994401,0,0,0,0,0.0018996200759848,0.00529894021195761,0,0.001499700059988,0.0984803039392122,0,0,0,0,9.99800039992002e-05,0,0.154469106178764,0,0,0.0218956208758248,0,0,0,0,0,0,0.0010997800439912,0,0,0,0,0.000799840031993601,0,0.015996800639872,0,0,0.0013997200559888,0.0028994201159768
0,0,0,0,0,0,0,0,0,0,0.000199900049975012,0,9.99500249875062e-05,0.0106946526736632,0.00939530234882559,0.00229885057471264,0,0,0,0,0,0.00269865067466267,0,9.99500249875062e-05,0,0.126336831584208,0,0,9.99500249875062e-05,9.99500249875062e-05,0.000999500249875062,0,0,0.00669665167416292,0,0,9.99500249875062e-05,0.0109945027486257,9.99500249875062e-05,0,0,0,0,0,0,0.100249875062469,0,0,0,0,0,0,0,0,0.000199900049975012,0,0,0,0,0.000199900049975012,0,0,0,9.99500249875062e-05,0,0,0.0466766616691654,0,0,0,0.00149925037481259,0,0,0,0,0,9.99500249875062e-05,0,0,0.00259870064967516,0,0,0.00929535232383808,0,0.0658670664667666,0,0.0415792103948026,0.00219890054972514,0,0.0015992003998001,0.00269865067466267,0.000199900049975012,9.99500249875062e-05,0,0,0,0,0,0.00339830084957521,0,0,0,0,0,9.99500249875062e-05,0,0,0.0267866066966517,0,0,0,0,0,0.00179910044977511,0,9.99500249875062e-05,0,9.99500249875062e-05,0.0263868065967016,0,0.00419790104947526,0,0,0,0.000899550224887556,0,0,0,0,0,0.08015992003998,0.0311844077961019,0,0.00209895052473763,0,0,9.99500249875062e-05,0,0,0,0.0203898050974513,0.000199900049975012,0,0,0,0,0,0,0.00129935032483758,0,0,0,0,0,0,0,0,0,0,0.00379810094952524,0,0.00569715142428786,0,0.00429785107446277,0,0,0,0,0,0,0,0.00359820089955022,0,0,0,0,0.00549725137431284,0.0295852073963018,0.000299850074962519,0,0,0.00459770114942529,0.000899550224887556,0,0.00149925037481259,0,0,0,0,0.000299850074962519,0,0.00519740129935032,9.99500249875062e-05,0,0,0,0.00499750124937531,0.00559720139930035,0,0,0,0,0,0.0478760619690155,0.00579710144927536,0.00309845077461269,0,0,0.000299850074962519,0,0,0,0,0,0.000199900049975012,0.00209895052473763,9.99500249875062e-05,0.00779610194902549,0.00219890054972514,0,0.00189905047476262,0,0,0,0,0,0,0,0.00749625187406297,0.00189905047476262,0.015392303848076,0,0,0.00389805097451274,0,0,9.99500249875062e-05,0,0.000599700149925037,0.000199900049975012,0,0,0.016391804097951,0,0.000199900049975012,0,0,0,0,0,0,0.000499750124937531,0,0,0.000899550224887556,0,0.00429785107446277,0,0.00079960019990005,0,0,0,0,0.000199900049975012,0.000299850074962519,0,0,0,0,0.00179910044977511,0,0,0.0124937531234383,0,0,0,0,0.000499750124937531,0.000199900049975012,0.0709645177411294,0,0,0.0572713643178411,0,0,0,0,0,0,0,0,0,0.000399800099950025,0,0,0,0.000399800099950025,0,0,0.0101949025487256,0
0,0.000799440391725792,0,0,0,0,9.9930048965724e-05,0.00679524332966923,0,9.9930048965724e-05,9.9930048965724e-05,0,0.000299790146897172,0,0.00099930048965724,0,0,0,0,0,0.00239832117517738,0.0074947536724293,0,0.000299790146897172,0.00099930048965724,0.220945338263216,0,0,0.0045967822524233,0.000299790146897172,0.0276806235635055,0,0.00229839112621165,0.00599580293794344,0,0,0.000599580293794344,0.020285799940042,0.000399720195862896,0,0,0,0,0.0045967822524233,9.9930048965724e-05,0.00049965024482862,0.010492655141401,0,0.00049965024482862,0,0.000299790146897172,0,9.9930048965724e-05,0,0,0,0,9.9930048965724e-05,0,0,0,0,0,0,0,0.000299790146897172,0.013390626561407,0,0.00049965024482862,0,0.00389727190966324,0,0,0,0,0,0,0,0,0.0020985310282802,0,0,0,0,0.00509643249725192,0.00139902068552014,0.00759468372139502,0.00139902068552014,0,0.0024982512241431,0.000699510342760068,0.0099930048965724,0,0,0,0,0,0,0.002897971420006,0.000199860097931448,0,9.9930048965724e-05,0,0,0,0,0,0.0375736984111122,0,0,0.000799440391725792,0.00299790146897172,0,0.018087338862796,0,0,0,0.000599580293794344,0,0,0,0,0,9.9930048965724e-05,0.00159888078345158,0,0,0,0,0,0,0.00939342460277806,0,9.9930048965724e-05,0,0,0.00409713200759468,0,9.9930048965724e-05,0,0,9.9930048965724e-05,0,0,0,0,0,0,9.9930048965724e-05,0,0,0.00139902068552014,0,0,0,0.00269811132207455,0,0.0261816728290197,0.00339762166483462,0,0,0,0,0,0,0,0,0,0,0.000899370440691516,0,9.9930048965724e-05,0,0,0,0,0,0.0531627860497652,0,9.9930048965724e-05,0,0,0,0,0,0,0,0,0,9.9930048965724e-05,0,0.00219846107724593,9.9930048965724e-05,0,0,0,0.0109923053862296,0,0,0,0,0,0,9.9930048965724e-05,0,0.000599580293794344,0,0,0,9.9930048965724e-05,0,0,0,0.000199860097931448,0,0,0.0111921654841611,0,0.023183771360048,0,0,0,0,0,0,0,0,0,0.00419706205656041,0,0.0110922354351954,0,9.9930048965724e-05,0.0411711801738783,0,0,0,0,0,0,0,0,0,0,0,0,0,0.000699510342760068,0,0,0.0225841910662536,0.000599580293794344,0,0,0,0.000299790146897172,0.000599580293794344,0,0,0,0.000599580293794344,0,0,0,9.9930048965724e-05,0,0,0.00229839112621165,0,0.0415709003697412,0.00659538323173778,0,0.0024982512241431,0.0413710402718097,0.000199860097931448,0,0,0,0.000299790146897172,0.20635555111422,0.000299790146897172,0,0.0217847506745278,0,0,0,0,0.000199860097931448,0,0,0,0,0,0,0,0,0.000899370440691516,0,0,0.00899370440691516,0
0,0,0,0,0,0,0.000100030009002701,0,0,0,0,0,0,0,0.00320096028808643,0.000200060018005402,0,0,0,0.000600180054016205,0.00420126037811343,0.000600180054016205,0,0,0,0.000100030009002701,0,0,0.000600180054016205,0.00470141042312694,0,0,0.00620186055816745,0.0201060318095429,0,0,0.00110033009902971,0.000600180054016205,0,0,0,0,0,0.0112033610083025,0,0.0323096929078724,0,0,0,0,0.000300090027008102,0,0,0,0.00400120036010803,0,0,0,0,0.000200060018005402,0.000400120036010803,0,0,0,0,0,0,0.000100030009002701,0,0,0,0,0,0.00450135040512154,0,0,0,0,0,0.00910273081924577,0,0,0,0,0.0218065419625888,0,0,0,0,0.0150045013504051,0,0.000200060018005402,0.0235070521156347,0,0,0,0.00170051015304591,0,0.00760228068420526,0,0,0,0,0,0.000200060018005402,0,0,0.0169050715214564,0,0,0,0,0,0.00640192057617285,0,0,0,0,0.00610183054916475,0,0.00310093027908373,0,0,0,0.131239371811543,0,0,0,0,0,0.136240872261678,0.0251075322596779,0,0,0,0,0.000100030009002701,0,0,0,0.00230069020706212,0.000500150045013504,0,0,0,0,0.00120036010803241,0,0.00310093027908373,0,0.00350105031509453,0.00250075022506752,0,0,0,0,0,0,0,0.00230069020706212,0,0.00480144043212964,0,0.000100030009002701,0,0,0,0,0,0,0,0,0.000700210063018906,0,0,0,0.00760228068420526,0.000100030009002701,0,0,0,0,0.000300090027008102,0,0.00170051015304591,0,0,0,0,0,0,0.00760228068420526,0,0,0,0,0.00360108032409723,0.00530159047714314,0.000100030009002701,0,0,0,0,0,0,0.00100030009002701,0,0,0.000100030009002701,0,0,0,0,0,0,0,0.0142042612783835,0,0.00920276082824847,0,0,0,0,0,0,0,0,0,0.0128038411523457,0,0.0257077123136941,0,0,0.047814344303291,0.000100030009002701,0,0,0,0,0,0,0,0.0245073522056617,0,0,0,0,0,0,0,0,0,0.00230069020706212,0,0.00180054016204861,0.00500150045013504,0.000100030009002701,0,0,0.00410123036911073,0,0,0,0,0,0,0,0,0,0.153245973792138,0,0,0.0864259277783335,0,0,0,0.000100030009002701,0,0,0.0348104431329399,0,0,0.0111033309992998,0,0,0,0,0,0,0.00720216064819446,0,0,0,0,0.00280084025207562,0,0.00810243072921877,0,0,0.000500150045013504,0
0,0,0,0,0,0,9.99200639488409e-05,0,0,0,0.000199840127897682,0,0,0.00579536370903277,0.000899280575539568,0,0,0.000799360511590727,0,0,0,0.00349720223820943,0,0.000199840127897682,0,0.104516386890488,0,0,0.000699440447641887,0,0.0198840927258193,0,0,0,0.000299760191846523,0,0.00109912070343725,0,0,0,0,0,0,0,0,0,9.99200639488409e-05,9.99200639488409e-05,0,0,0,0,0,0,0,0,0,0,0,0.030775379696243,0,0.00309752198241407,0,0.000299760191846523,0.0021982414068745,0,0.0568545163868905,0,0,0.00569544364508393,0.00569544364508393,0,0,0,0,0,9.99200639488409e-05,0,0,0.00569544364508393,0.000399680255795364,0.000199840127897682,0,0,0.00339728217426059,0.00119904076738609,0,0,0,0.00109912070343725,0,0.00159872102318145,0,0,0,0,0,0,0,0,0.000299760191846523,0,0,0,0,0,0,0.0567545963229417,0,0,0,0.00189848121502798,0,0.000899280575539568,0,0.0021982414068745,0.00139888089528377,0,0,0,0,0,0,0,0.00969224620303757,0,0.000399680255795364,0,0,0,0.033273381294964,9.99200639488409e-05,0,0,0.000299760191846523,0,0.00319744204636291,0,0,0,0,9.99200639488409e-05,0,0,0,0,0.000499600319744205,0,0.00229816147082334,0,0,0,0,0.00319744204636291,9.99200639488409e-05,0,0,0,0.000799360511590727,0,0,0.00459632294164668,0,0,0,0.0118904876099121,0,0,0,9.99200639488409e-05,0,0.000499600319744205,0.000699440447641887,0,0,0,0.00289768185451639,0.0082933653077538,0.00709432454036771,0,0,0,0,0,0,0,0,0.000799360511590727,0,0,0,0.008792965627498,0,0,9.99200639488409e-05,0,0.0148880895283773,0.00679456434852118,0,0,0,0,0,0.0016986410871303,0,0,0,0,0,0,0,0,0,0.000899280575539568,0.0016986410871303,0.0038968824940048,0.0246802557953637,0.00159872102318145,9.99200639488409e-05,0.000499600319744205,0,0.0487609912070344,9.99200639488409e-05,0.00349720223820943,0,0,0,0,0.00579536370903277,0,0.00269784172661871,0,0.00179856115107914,0.202637889688249,9.99200639488409e-05,0,0.00189848121502798,0,0,9.99200639488409e-05,0,0,0.020083932853717,0,0,0.0021982414068745,0,0,0.000499600319744205,0,0,9.99200639488409e-05,9.99200639488409e-05,9.99200639488409e-05,0,0,0,0,0.000499600319744205,0,0,0,0.000299760191846523,0.000899280575539568,0,9.99200639488409e-05,0,0,0.0198840927258193,0.00999200639488409,0,0.00159872102318145,0.00209832134292566,9.99200639488409e-05,0,0,0,0,0,0.129696243005596,0,9.99200639488409e-05,0.0329736211031175,0,0,0,0,0,0.00109912070343725,0.0129896083133493,0,0,0,0,0.0145883293365308,0,0,0,0,0.00619504396482814,0
0,0,0,0,0,0,0.000199880071956826,9.9940035978413e-05,9.9940035978413e-05,0,0,0,0.000199880071956826,0.00269838097141715,0.000699580251848891,0,0,0,0,0,0.00109934039576254,0,0,0,0,0.111732960223866,0,0,0.000699580251848891,0,0.00879472316610034,0,0,9.9940035978413e-05,0.000199880071956826,0,0,0.000599640215870478,9.9940035978413e-05,0,0.00129922046771937,0,0,0.00179892064761143,0,0.000399760143913652,0,0,0,0,0,0,0,0,0.000299820107935239,0,0,0,0,0.00329802118728763,0,0.00349790125924445,0,0,0.000299820107935239,0.00109934039576254,0.0325804517289626,0,9.9940035978413e-05,0,0.00209874075554667,0,0,0,0,0,0,0,0,0.00589646212272636,0,0,0.000299820107935239,0,0.00889466320207875,0,0.000199880071956826,0,0,0.00319808115130921,0.0536677993204078,0.0030981411153308,0.00189886068358985,0,0,0,0,0,0.000199880071956826,0,0,0,0,0.000199880071956826,0.000599640215870478,0,0.000299820107935239,0.29342394563262,0,0,0,0,0,0.0151908854687188,0,0,0,0,0.00159904057565461,0,0,0,0,9.9940035978413e-05,0.00259844093543874,0.00189886068358985,0,0,0,0,9.9940035978413e-05,0.0312812312612433,0,0,0,0,0.000899460323805717,0,0,0,0,0,0,0,0,0,0,0,0,0,0.000899460323805717,0.00129922046771937,0,0,0,0,0,0,0,0.000699580251848891,0,0,0,9.9940035978413e-05,0,0,0.000199880071956826,0,0,0,0.000199880071956826,0,0.00119928043174096,0,0,0,0,0.00179892064761143,0.00199880071956826,0,9.9940035978413e-05,0,0,0,0,0,0,0,0,0.000399760143913652,0,0.00529682190685589,0,0,0.0127923246052369,0,0,0,0,0.0284829102538477,0,0,0,0.0578652808315011,0,0,0,0,9.9940035978413e-05,9.9940035978413e-05,0,0,0,0,0.000199880071956826,9.9940035978413e-05,0.0117929242454527,0.00449730161902858,0,0.000799520287827304,0,0.00209874075554667,0,0.000699580251848891,0,0.000199880071956826,0,0,0.00909454327403558,0,0.00819508295022986,0,0,0.0419748151109334,0,0,0,0,0,0,0,0,0.00439736158305017,0,0,0,0,0,0,9.9940035978413e-05,0.00419748151109334,0,0.00139916050369778,0,0,0,9.9940035978413e-05,0,0,9.9940035978413e-05,0,0,0,0.000599640215870478,9.9940035978413e-05,0,0,0.00329802118728763,9.9940035978413e-05,0.0238856685988407,0,0.00189886068358985,0.0123925644613232,0,0,0,0,0.000899460323805717,0.000199880071956826,0.144513292024785,0,0,0.000199880071956826,0,0,0,0,0,0.0030981411153308,0.00259844093543874,0,0,0,0,0.00109934039576254,0,0.000499700179892065,0,0,0.00149910053967619,0
0.00730365182591296,0,0,0,0,0,0.000300150075037519,0,0,0,0,0,0,0,0.0032016008004002,0,0,0,0,0,0,0,0,0.00330165082541271,0,0.228014007003502,0.00120060030015007,0,0.015807903951976,0,0,0,0,0,0,0,0.00210105052526263,0.0303151575787894,0,0,0,0,0,0,0,0.0242121060530265,0,0,0,0,0,0,0,0,0,0,0,0,0,0,0,0,0,0,0,0,0.0975487743871936,0,0.00460230115057529,0,0,0,0,0,0,0.00150075037518759,0,0,0,0,0,0,0.0467233616808404,0,0,0,0,0,0,0,0,0.00740370185092546,0.000300150075037519,0,0,0.000100050025012506,0.00150075037518759,0.000400200100050025,0,0,0,0,0,0,0.00110055027513757,0.00100050025012506,0,0.0349174587293647,0,0,0,0,0,0,0,0,0,0,0,0,0,0,0.000700350175087544,0.000600300150075037,0.000500250125062531,0,0,0,0,0,0.0538269134567284,0,0,0,0,0,0.000100050025012506,0.000400200100050025,0,0,0.00110055027513757,0,0,0,0,0,0,0,0,0,0,0,0.000400200100050025,0,0,0,0,0,0,0,0,0.0130065032516258,0,0,0,0,0,0,0,0.00170085042521261,0,0.00900450225112556,0.000300150075037519,0,0,0,0.0127063531765883,0,0,0,0,0.0032016008004002,0,0,0,0,0,0,0,0,0,0,0.000500250125062531,0,0,0.000200100050025013,0.00380190095047524,0.0048024012006003,0,0,0,0,0,0.0293146573286643,0,0,0,0,0.000100050025012506,0.0387193596798399,0,0,0,0,0.000200100050025013,0,0,0,0.0410205102551276,0,0.0120060030015008,0,0.0260130065032516,0,0,0,0,0,0,0.0263131565782891,0,0,0,0.0117058529264632,0,0,0,0,0,0.00410205102551276,0,0,0.024312156078039,0,0.000400200100050025,0,0,0.000700350175087544,0,0,0,0,0,0,0,0.016208104052026,0.00310155077538769,0,0,0,0,0,0,0,0,0,0,0,0,0.00120060030015007,0,0,0.0105052526263132,0,0,0,0,0,0,0.0623311655827914,0,0.000100050025012506,0.0431215607803902,0,0,0,0,0.000600300150075037,0,0,0,0,0,0,0,0,0.00490245122561281,0,0,0.023311655827914,0
0,0,0,0,0,0,0.00039984006397441,0.000599760095961615,0.135545781687325,0,0,0,0,0,0.0290883646541383,0,0,0,0.000199920031987205,0,0.00209916033586565,0.00129948020791683,0,0,0,0.342862854858057,0,0,0.0116953218712515,0.00109956017592963,0.0038984406237505,0,0,0.00299880047980808,0,0,0.00349860055977609,0,9.99600159936026e-05,0,9.99600159936026e-05,0,0,0.000999600159936026,0,0.00629748100759696,0,0,0,0,9.99600159936026e-05,0.000199920031987205,0,0,0.00139944022391044,0,9.99600159936026e-05,0,0,9.99600159936026e-05,0,0.0126949220311875,0,0,0,0,0.0126949220311875,0,0,0,0.00149940023990404,0,0,0.00239904038384646,0,0.0169932027189124,9.99600159936026e-05,0,0,0.000699720111955218,0,0,0.00139944022391044,0,0,0,0,0,0,0.000899640143942423,0,0.000199920031987205,0.00479808076769292,0,0,0.00139944022391044,0,0,0,0,0,0.00269892043182727,0,0,0,0.000599760095961615,0,0.00959616153538585,0,0.00409836065573771,0,0,0,0,0.000599760095961615,0.00189924030387845,0.00169932027189124,9.99600159936026e-05,0.00839664134346262,0,0.00499800079968013,0,0,9.99600159936026e-05,0.00499800079968013,0,0,0,0,0,0.0614754098360656,0,0,0,0,0,0.00109956017592963,0,0,0,0.000299880047980808,0.000299880047980808,0,0,0,0,0,0,0.00149940023990404,0.000199920031987205,0,0,0,0.00189924030387845,0,0,0,0,0,0,0,0.00669732107157137,0.00039984006397441,0,0,0,0,0.00209916033586565,0,0,0.00039984006397441,9.99600159936026e-05,0.00849660135945622,0,0,0,0.00639744102359056,0,0.00079968012794882,0,0,0.00299880047980808,0,0,9.99600159936026e-05,0,0,0,0,0,0,9.99600159936026e-05,9.99600159936026e-05,0,0,0,0,0.00809676129548181,0,0,0,0,0.000899640143942423,0.000199920031987205,9.99600159936026e-05,0,0,9.99600159936026e-05,0,0,0.00249900039984006,0,0,0,0.000299880047980808,0,0.00149940023990404,0.000499800079968013,0.00339864054378249,0,0.00449820071971212,0,0.000699720111955218,0,9.99600159936026e-05,0,0,0,0,0.00629748100759696,0.00549780087964814,0,0,0.0562774890043982,0,0,9.99600159936026e-05,0,0.000699720111955218,0,0,0,0.0303878448620552,0,0,0,0,0,0,0.00209916033586565,0,0,0,0,0,0,0.000499800079968013,0,0.000499800079968013,0.000199920031987205,0,0,0,0.000199920031987205,0.00309876049580168,0,0,0,0.000999600159936026,0.00819672131147541,0,0,0,0.000299880047980808,0.000499800079968013,0,0,0,0.00039984006397441,0.0911635345861655,0,0,0.0269892043182727,0,0,0,0,0,0.000299880047980808,0.000199920031987205,0,0,0,0,0.00249900039984006,0.000199920031987205,0.00039984006397441,0,0,0.00339864054378249,0
0,0,0,0,0,0,9.99500249875062e-05,0.0175912043978011,0,0,0,0,0,0,0.000299850074962519,0,0,9.99500249875062e-05,0,0,0.00789605197401299,0.000699650174912544,0,9.99500249875062e-05,0,0.277061469265367,0,0,0.000899550224887556,0,0,0,0,0.00439780109945028,0,0,0.00179910044977511,0,0,0,0,0,0,0,0,0.000199900049975012,0,0,9.99500249875062e-05,0,0,0,0,0,0,0,0,0.000199900049975012,0,0.0493753123438281,0,0,0,0,0.000499750124937531,0,0.00359820089955022,0,0,0.00629685157421289,0,0,0,0,0,0,0,0,0,0,0,0.00109945027486257,0,0,0,0,0.00429785107446277,0,0,0,0.0929535232383808,0.000599700149925037,0.0357821089455272,0,0,0.00299850074962519,0.000299850074962519,0,0,0,0,0,0,0,0,0,0.00119940029985007,0.215692153923038,0,0,0,0,0.000399800099950025,0,0,0,0,0,0.00369815092453773,0,0,0,9.99500249875062e-05,0,0.0120939530234883,0,0,0,0,0,0,0,0,0.000499750124937531,0.000399800099950025,0,9.99500249875062e-05,0,0,0,0.000499750124937531,0,0,0,0.00199900049975012,0,0,0,0,0.000299850074962519,0.000999500249875062,0,0,0,0,0,0,0,0,9.99500249875062e-05,0,0,0,0,0,9.99500249875062e-05,0,0,0,0,0,9.99500249875062e-05,0.00129935032483758,0.000199900049975012,0,0,0,0,0,0,0,0,0,0,0,0,0,0,0,0,0,0.015992003998001,0,0,0,9.99500249875062e-05,0,0,0.000299850074962519,0,0,0,0,0,0,0,9.99500249875062e-05,0,0,0,0,0,0,0,0,0,0,0,0.00579710144927536,0,0,0,0,0,0,0,0,0,0.00469765117441279,0,0.00609695152423788,0,0,0.00259870064967516,0,0,0,0,0,0,0,0.00209895052473763,0,0.00229885057471264,0,0,0,0,0,0,0,0,0,0,0,0,0,0,0,0,0.000599700149925037,0,0,0,0,0,0,0,0,0.000899550224887556,0,0,0.00669665167416292,0,9.99500249875062e-05,0,0,0,0,0.186906546726637,0,0,0.00609695152423788,0,0,0.00129935032483758,0,0,0,0,0,0,0,0,0.00649675162418791,0,0,0,0,0.00179910044977511,0
0,0.00189886068358985,0,0,0,9.9940035978413e-05,0,0.00139916050369778,0,0,0.000799520287827304,0,0,0.0140915450729562,0.000499700179892065,0,0,0.000399760143913652,0,0,0.00859484309414351,0.000299820107935239,0,0.000299820107935239,0,0.143114131521087,9.9940035978413e-05,0,0.000399760143913652,0.00379772136717969,0.00869478313012193,0,0,0,0,0,0.00649610233859684,0.00389766140315811,9.9940035978413e-05,0,0,0,0,0.00419748151109334,0,0.00639616230261843,0.00839496302218669,0.000399760143913652,0,0,0.00449730161902858,0,0,0,0,0,0,0,0,0.00809514291425145,0.000399760143913652,0.000999400359784129,0,0.000299820107935239,0,0,0.00249850089946032,0,9.9940035978413e-05,0,0.00589646212272636,0.000199880071956826,9.9940035978413e-05,0.00189886068358985,0,0,0,0,0,0.00269838097141715,0,0.000299820107935239,0.00609634219468319,0,0.00449730161902858,0,0.00399760143913652,0,0,0.000699580251848891,0,0,0.00129922046771937,0.00199880071956826,0,0,0,0,9.9940035978413e-05,0,0,0,0,0,0.000599640215870478,0,0,0.0512692384569258,0,0.0022986208275035,0,0,0,0.000799520287827304,0,0,0,0,0.00509694183489906,0,0,0,0,9.9940035978413e-05,0.0155906456126324,0,0,0,0.000599640215870478,0,0.00259844093543874,0.00319808115130921,0,0,0,9.9940035978413e-05,0.00129922046771937,0,0,0,0.000399760143913652,0,0,0,0,0,0.000699580251848891,9.9940035978413e-05,0,0,0.000799520287827304,0,0,0.00119928043174096,0,0,0,0,0,0.00799520287827304,0,9.9940035978413e-05,0,0.0353787727363582,0,0,0.000299820107935239,0,0,0,0.000499700179892065,0,0.170197881271237,0,0,0,0.000299820107935239,0.0301818908654807,0.0030981411153308,0.000199880071956826,0,0,0,0,0.000199880071956826,0,0,0,0,0,0,0.00509694183489906,9.9940035978413e-05,0,0.00109934039576254,0,9.9940035978413e-05,9.9940035978413e-05,9.9940035978413e-05,0.0233859684189486,0,0,0,0.013791724965021,0,0.000399760143913652,0.000399760143913652,0,0.000299820107935239,0.000199880071956826,0,0,0,0,0.00269838097141715,0,0.0022986208275035,0.0109934039576254,0.0134919048570857,0,0.00479712172696382,0.000799520287827304,9.9940035978413e-05,0,0,0,0,0,0.0053967619428343,0,0.00899460323805717,0,0,0.0106935838496902,0,0,0.000199880071956826,0,0,0,0.000199880071956826,0,0,0,0.000299820107935239,0.00149910053967619,0,0.000299820107935239,0,0,0,9.9940035978413e-05,0.00259844093543874,0,0.000799520287827304,0.00109934039576254,0.000399760143913652,9.9940035978413e-05,0.000299820107935239,0.00319808115130921,0,0,0.000299820107935239,0.000699580251848891,0.0242854287427543,0,0,0,0.0123925644613232,0.000299820107935239,0,0.00569658205076954,0.00589646212272636,0,0,0,0,0,0.000899460323805717,0.210473715770538,0,0,0.0061962822306616,0,0,0,0,0,0.00149910053967619,0.00909454327403558,0,0,0,0,0.00349790125924445,0,0.000499700179892065,0,0,0.00559664201479113,0
0,0,0,0,0,9.98502246630055e-05,9.98502246630055e-05,0,0,9.98502246630055e-05,9.98502246630055e-05,0,0,0,0.00219670494258612,0,0,0,0,0,9.98502246630055e-05,0.000199700449326011,0,0,0,0.445431852221667,0,0,0.000199700449326011,0.00119820269595607,9.98502246630055e-05,0,0,0.0035946080878682,0,0,0,9.98502246630055e-05,0,0,0,0,0,0,0,0,0,0,0,0,0,9.98502246630055e-05,0,9.98502246630055e-05,0,9.98502246630055e-05,0,0,0,0.000399400898652022,9.98502246630055e-05,0,0,0.000199700449326011,0,0,0.0053919121318023,0,0,0.00599101347978033,0,0.000399400898652022,9.98502246630055e-05,0,0,0,9.98502246630055e-05,0,0,0.000199700449326011,0,9.98502246630055e-05,0.0201697453819271,0,0,0.000599101347978033,0,0,0,0.00119820269595607,0,0.000299550673989016,0,0,0,0,0,0,0,0,0,0.00219670494258612,0.00119820269595607,9.98502246630055e-05,0,0,0,0,0,0,0,0,0,0.000199700449326011,0,0,0,0,0.00229655516724913,0,0.000199700449326011,0,0,9.98502246630055e-05,0.0036944583125312,0,0,0,0,0,0,0,0,0,0.000299550673989016,0,0,0,9.98502246630055e-05,0,0.141987019470794,0,0,0,0,0,9.98502246630055e-05,0,0,0,9.98502246630055e-05,0,0.00629056415376935,0.000399400898652022,0,0,0.00249625561657514,9.98502246630055e-05,0,0,0,0,0,0,0,0,0,0,9.98502246630055e-05,0.000199700449326011,9.98502246630055e-05,0,0,0,0.00139790314528208,0,9.98502246630055e-05,0,0.00409385921118323,9.98502246630055e-05,0,0,0,0,0.000399400898652022,0,0,0,0,0.000399400898652022,0,9.98502246630055e-05,9.98502246630055e-05,0,0,0,0,0,9.98502246630055e-05,0,0,0,0,0,0,0.0018971542685971,0.000698951572641038,0,0,0,9.98502246630055e-05,0,0,0,0,0,0.00559161258112831,9.98502246630055e-05,0,0,0.00389415876185721,9.98502246630055e-05,0,0,0,0,0,0,0.000499251123315027,0,0,0,0,0.0335496754867698,0,0,9.98502246630055e-05,0,0,0.00139790314528208,0,0,0,0,0,0.00219670494258612,9.98502246630055e-05,0,0,0.00199700449326011,0,0,0,0,0,0.000698951572641038,0.00159760359460809,0,0,0,0,0,0,0.000199700449326011,0.000199700449326011,0.000499251123315027,0,0,9.98502246630055e-05,0.0822765851223165,0,0,0.0286570144782826,0,0,0,0.00609086370444333,0,0,0.164053919121318,0,0,9.98502246630055e-05,0,0,0,0,0,0.000299550673989016,9.98502246630055e-05,0,0,9.98502246630055e-05,9.98502246630055e-05,0.00129805292061907,0,0.000698951572641038,0,0,0.00259610584123814,0
0,0,0,0,0.000199840127897682,0,0.000199840127897682,0.000799360511590727,0,0,0,0,0,0.00249800159872102,0.000799360511590727,0,0,0,0,0,0.00619504396482814,0,0,0,0,0.282074340527578,0,0,0,0.000699440447641887,0.00179856115107914,0,0,0.0060951239008793,0,0.000299760191846523,0,0.00619504396482814,0,0,0,0,0.000199840127897682,0,0,0.00939248601119105,0,0,0,0,9.99200639488409e-05,0,9.99200639488409e-05,0,0.000199840127897682,0,0,0,0,0.0310751398880895,0,0.00709432454036771,0,0,0.00449640287769784,0,0.0159872102318145,0,0,0,0.000999200639488409,0,0,0,0,0.00599520383693046,0,0,9.99200639488409e-05,0.00249800159872102,0,0,0.00189848121502798,0,0.00179856115107914,0,0.0133892885691447,0,0,0.00119904076738609,0,0.000399680255795364,0,0,0,0,0,0,0,0,0,0,0,0,9.99200639488409e-05,0,0,0.147182254196643,0.000199840127897682,0.00319744204636291,0,0,0,0.0334732214228617,0,0,0,0,0.0155875299760192,9.99200639488409e-05,0,0,0,0,0.0100919264588329,0,0,0,9.99200639488409e-05,0,0.000899280575539568,0.012589928057554,0,0,0,0,0,0,0,0,0,0.000999200639488409,0,0,0.00139888089528377,0,9.99200639488409e-05,0,9.99200639488409e-05,0,0,9.99200639488409e-05,0,0,0,0,0,0,0,0.019484412470024,0,0,0,0,0,0,0,0,0,0.00119904076738609,0.000199840127897682,0.00149880095923261,9.99200639488409e-05,0,0,0,0,0.0113908872901679,0.00559552358113509,0,0,0,0,0.00119904076738609,0,0,0,0,0,0,0,0.00599520383693046,0,0,0,0,0,0,0,0,0.000499600319744205,0,0,9.99200639488409e-05,0,0,0.000199840127897682,0,0,0.000199840127897682,0,0,0,0.000799360511590727,0.00239808153477218,0,0,0.000399680255795364,0.0110911270983213,0.000299760191846523,0.00309752198241407,0.000399680255795364,0,0,0,0,0,0,0,0,0.000599520383693046,0,0,0.0492605915267786,0,0,0.000299760191846523,0,0,0,0,0,0,0,0,0,0,0,0,0,0,0,9.99200639488409e-05,0,0,0,0,0,0.000599520383693046,0.00449640287769784,0,0,0,0.000599520383693046,0,0,0.000999200639488409,0,0.000299760191846523,9.99200639488409e-05,0,9.99200639488409e-05,0.0151878497202238,0,9.99200639488409e-05,0,0,0,9.99200639488409e-05,0.198141486810552,0,9.99200639488409e-05,0.012589928057554,0,0,0,0,0,0,0.000899280575539568,0,0,0,0,0.00459632294164668,0,0,0,0,0.0136890487609912,0
0,0,0,9.99700089973008e-05,0,0,9.99700089973008e-05,0.000299910026991902,0,0,0,0,0,0,0.00219934019794062,0,0,0,0,0,0,0.00399880035989203,0,9.99700089973008e-05,0,0.000299910026991902,0,0,0.000999700089973008,0,0.0229931020693792,0,0,0.00529841047685694,0,0,0,0,0,0,0,0.000199940017994602,0,0.00149955013495951,0,0,0,0.000799760071978406,0,0,0,0,0,0,0.00679796061181645,0,0,0,0,0.00169949015295411,0,0.00119964010796761,0,0,0,0,0.00409877036888933,0,0,0,0.00279916025192442,0,0,0,0,0,0,0,0,0.00649805058482455,0,0.000399880035989203,0,0,0,0,0,0,0,0.00289913026092172,0,0.000599820053983805,0.00549835049485154,0,0,0,0,0,0.00239928021593522,0,0,0,0,0,0.000399880035989203,0,0.000599820053983805,0.542137358792362,0,0.00139958012596221,0,0,0,0.000899730080975707,0,0.000399880035989203,0,9.99700089973008e-05,0,9.99700089973008e-05,0,0,0,0.000599820053983805,0,0,0,0,0,0,0.0249925022493252,0.0339898030590823,0,0,0,0,0.000199940017994602,0,0,0,0.00399880035989203,0,0,0,0,0,0.00379886034189743,0,0,9.99700089973008e-05,0,0,0,9.99700089973008e-05,9.99700089973008e-05,0,0,0,0,0.00589823053084075,0,0,0,0.000199940017994602,0.000399880035989203,9.99700089973008e-05,0,0,9.99700089973008e-05,0,0,0,0,0,0,0,0,0.00609817054883535,0.00229931020693792,0,0,0,0,0,0,0,0,0,0,0,0,0,0,0,0,0,0,0,0,0,0,0,0,0.00179946016195141,0,0.00159952014395681,0,0,9.99700089973008e-05,0.000399880035989203,0,0,0,0,0,0,0.00399880035989203,0.015295411376587,0.00419874037788663,0.0100969709087274,0,0.00179946016195141,0,0,0,0,0,0,0.00469859042287314,0,0,0,0,0.00439868039588124,0,0,0,0,0,0,0,0,0,0,0,0.000299910026991902,0,0,0,0,0,0,0.00379886034189743,0,0.000499850044986504,0.00229931020693792,0.000199940017994602,0,0,0,0,0.00249925022493252,0,0.000899730080975707,0,0,0,0,0.00299910026991902,0.0437868639408178,0,0,0.096371088673398,0,0,0,0,9.99700089973008e-05,0.00269919024292712,0.0253923822853144,0,0,0.040887733679896,0,9.99700089973008e-05,0,0,9.99700089973008e-05,0,0.00939718084574628,0,0,0,0,0.00119964010796761,0,9.99700089973008e-05,0.00869739078276517,0,0.00649805058482455,0
0,0,0,0,0,0,0,0.000399800099950025,0,0,0.000499750124937531,9.99500249875062e-05,9.99500249875062e-05,9.99500249875062e-05,0.0202898550724638,0,0,0,0,0,0.000499750124937531,0.000499750124937531,0,0.0108945527236382,0,0.212993503248376,0,0,0.00769615192403798,0.0121939030484758,0.00699650174912544,0,0.00309845077461269,0.00529735132433783,0,0,0.00569715142428786,0.00619690154922539,0.000399800099950025,0,0,0,0,0.00579710144927536,0,0.0858570714642679,0,9.99500249875062e-05,0,0,0.00429785107446277,0,0,0,0.00189905047476262,9.99500249875062e-05,0,0,0,0.00129935032483758,0,0.00129935032483758,0,0,0,0,0,0,0,0,0.00329835082458771,0.000399800099950025,0.000199900049975012,0.000699650174912544,0,9.99500249875062e-05,0,0,0,0.0015992003998001,0,0,0.00149925037481259,0,0.00289855072463768,0.000599700149925037,0.00139930034982509,0,0,0.00399800099950025,0,0.00529735132433783,0.00129935032483758,9.99500249875062e-05,0,0,0,0,0.00669665167416292,0,0,0,0,0,0,0,0,0.031984007996002,0,0,0,0,0,0.0111944027986007,9.99500249875062e-05,0,0,0.00499750124937531,0.00239880059970015,0,0,0,0,9.99500249875062e-05,0.0333833083458271,0,0,0,0,0,0,0.000199900049975012,0,0,0,0,0.00269865067466267,0,0,0.000199900049975012,0.0015992003998001,0,0,9.99500249875062e-05,0,0,0.000299850074962519,9.99500249875062e-05,0,0,0.000299850074962519,0,0,0.000299850074962519,0,0,0,0,0,0.0106946526736632,0.00219890054972514,0,0.000199900049975012,9.99500249875062e-05,0,0,0,0,0,0,0,0,0.00279860069965018,0,0,0,0.000299850074962519,0.00949525237381309,0.0211894052973513,9.99500249875062e-05,0,0,0,0,9.99500249875062e-05,0,0,0,0,0,0,0.0115942028985507,0.000299850074962519,0,0.00129935032483758,0,0,9.99500249875062e-05,0,0,0,0,0,0,0.0537731134432784,0.00969515242378811,0,0,0,0,0.0047976011994003,0,0,0,0.00289855072463768,0.000199900049975012,0.00819590204897551,0,0.0138930534732634,0,0.0138930534732634,0,0,0,0,0,0.0130934532733633,0,0.00079960019990005,0.000299850074962519,0.00279860069965018,0.000399800099950025,0,0.0895552223888056,0,0,9.99500249875062e-05,0,0,0.0207896051974013,9.99500249875062e-05,9.99500249875062e-05,0,0,0,0,0.00169915042478761,0,0,0,0,0.000399800099950025,0.00129935032483758,0,0.00449775112443778,0.0201899050474763,0,0.00119940029985007,9.99500249875062e-05,0.0190904547726137,9.99500249875062e-05,0,0.000199900049975012,0.00139930034982509,0.00189905047476262,0.000199900049975012,0.00299850074962519,0,0.000299850074962519,0.0179910044977511,0,0,0.0187906046976512,0,0,0,0,0,0.00309845077461269,0.0457771114442779,9.99500249875062e-05,0,0.0136931534232884,0,0,0,0,0,0.000299850074962519,0,0,0,0,0,0.00779610194902549,9.99500249875062e-05,0.0122938530734633,0,0,0.0139930034982509,0
0,0,0,0,0,0,9.99800039992002e-05,0,0,0,0,0,0,0,0.0107978404319136,0,0,0,0,0,0,0,0,0.000699860027994401,0,0.386522695460908,0,0,0.0017996400719856,0.00639872025594881,0,0,0,0.0226954609078184,0,0,0,0,0,0,0,0,0,0,0,0.000599880023995201,0,0,0,0,0,0,0,0,0,0,9.99800039992002e-05,0,0,0,0,0,0,0,0,0,0,0,0,0,0,0,0,0,0.00379924015196961,0,0,0,0,0.0017996400719856,0,0,0.020995800839832,0,0,0,0,0,0,0,0,0.0001999600079984,0.0262947410517896,0,0,0,0,0,0,0,0,0,0,0,0.000499900019996001,0,0,0.0575884823035393,0,0,0,0,9.99800039992002e-05,0,0,0,0.0023995200959808,0,0.01749650069986,0,0.00849830033993201,0,0,9.99800039992002e-05,0.0666866626674665,0,9.99800039992002e-05,0,0,0,0.0340931813637273,0,0,0,0,0,0.0023995200959808,0,0,0,0.000599880023995201,0,0,0,0,9.99800039992002e-05,0,0,0.001499700059988,0,0,0,0.0001999600079984,0,0,0,0,0,0,0,0,0.00629874025194961,0,0,0,0,0,0.0011997600479904,0,0,0,0,0.0001999600079984,0,9.99800039992002e-05,0,0.0030993801239752,0.000599880023995201,0,0,0,0.00409918016396721,0,0,0,0,0,0,0,0,9.99800039992002e-05,0.000999800039992002,0,0,0,0,0.000499900019996001,0,0,0,0,0.00429914017196561,0,0,0,0,0,0,0,0,0.001499700059988,0,0,0,0,0,0,0,0.0126974605078984,0,0,0,0,0,0,0,0,0,0,0.00509898020395921,0,0,0,0,0,0,0,0,0.000999800039992002,0.0030993801239752,0,0,0.025494901019796,0,0.0001999600079984,0,0,0,0,0,0,0,0.0010997800439912,0,0.00249950009998,0.01499700059988,0,0,0,0,0,0,0,0,0.00789842031593681,0,0,0,0,0.012997400519896,0,0,0.0633873225354929,0,0,0,0,0,0,0.108678264347131,0,0,0.0419916016796641,0,0,0,0,0,0,0,0,0,0,0,0,0,0.000699860027994401,0,0,0,0
0,0,0,0,0,0,0.000999600159936026,0.00209916033586565,0,0.000299880047980808,0,0,0,0.00599760095961615,0.000199920031987205,0,0,0,0,0,0,0.00419832067173131,0,0.000599760095961615,0.00039984006397441,0.0669732107157137,0,0,0.000499800079968013,0,0.024890043982407,0,0,0.00289884046381447,0,0.00229908036785286,9.99600159936026e-05,0.00699720111955218,0,0,9.99600159936026e-05,0,0,0.0115953618552579,0.000199920031987205,0.0168932427029188,0,0,0,0,0,0,0,0,0,9.99600159936026e-05,0,0,0,0,0,0.0113954418232707,0,0,0,0,0.031187524990004,0,0.000899640143942423,0.00939624150339864,0.0147940823670532,9.99600159936026e-05,0,0.0107956817273091,0.112055177928828,0,0,0,0,0.00419832067173131,0.000899640143942423,0,0,0,0.0629748100759696,0,9.99600159936026e-05,0,0,0.00229908036785286,0,0,0,0,0,0,0,0,0.00229908036785286,0.00549780087964814,0,9.99600159936026e-05,0,0,0.00179928028788485,0.00039984006397441,0,0.0181927229108357,0,0.0038984406237505,0,0,0,0.00409836065573771,0,0,0.00269892043182727,0,0.0123950419832067,0,0.00839664134346262,0,0,0,0.00039984006397441,0.0173930427828868,0,0,0,0,0.111655337864854,0.00319872051179528,0,0,0,0,9.99600159936026e-05,9.99600159936026e-05,0,0,0,0,0.00179928028788485,0,0,0,0.00119952019192323,0.00299880047980808,0,0,0,0,0,0,9.99600159936026e-05,0.00299880047980808,0,0,0.00189924030387845,0.00349860055977609,0.000699720111955218,0.00659736105557777,9.99600159936026e-05,0.00959616153538585,0,0,0,0,0,0,0.00079968012794882,9.99600159936026e-05,9.99600159936026e-05,0,0,0,0.00339864054378249,0.0121951219512195,0.0261895241903239,0,0,0,0,0,0,0,0,0,0.0182926829268293,0,0,0.00109956017592963,9.99600159936026e-05,0,0,0,0.00319872051179528,0.0332866853258697,0,0,0,0,0,0,0.00329868052778888,0.00159936025589764,0,0,0,0,0.00499800079968013,0,0.0215913634546182,0,0.000299880047980808,0.00489804078368653,0.0039984006397441,0,0.000299880047980808,0.000999600159936026,0,0.0344862055177929,0.0179928028788485,0,0,0,0,0,0,0.00259896041583367,0,0,0.000599760095961615,0.00919632147141144,0,0,0,0.000199920031987205,0,0,0,0,0.0220911635345862,0,0,0,0,0,0.000899640143942423,0,0,0.000299880047980808,0.00139944022391044,0,0.000899640143942423,0,0.00039984006397441,0,0.000699720111955218,0.00159936025589764,0,0,0,9.99600159936026e-05,9.99600159936026e-05,9.99600159936026e-05,0,0,0.00219912035185926,0,0,0,0.00529788084766094,0,0,0,0,0,0.00039984006397441,0.0746701319472211,0,0,0.0164934026389444,0,0,0,0,0,0,0.00409836065573771,0,0,0,9.99600159936026e-05,0,0,0.000199920031987205,0,0,0.0285885645741703,0
0,0,0,0,0.00469718169098541,0,0,0,0,0,0,0,0,0.0334799120527683,0.000799520287827304,0,0,0,0,0,0,0.0410753547871277,0,0.000299820107935239,0,0.112232660403758,9.9940035978413e-05,0,0.000499700179892065,0,0.0715570657605437,0,0,0,0,0,0,0.0139916050369778,0,0,0,0.000299820107935239,0,0.0398760743553868,0,0,0,0.000299820107935239,0,0,0,0,0,0,0,0,0,0,0,0.0115930441734959,0,0,0,9.9940035978413e-05,0,0,0,0,0,0,0.110233859684189,9.9940035978413e-05,0,0,0,0,0,0,0,0,0,0.000199880071956826,0,9.9940035978413e-05,0,0,0.0053967619428343,0,0,0,0,0,0,0,0,0,0,0,0,0,0,0,0,0,0,0.00569658205076954,0,0.0123925644613232,0,0,0,0,0,0.00899460323805717,9.9940035978413e-05,0,0,9.9940035978413e-05,0.0173895662602439,0,0,0.000399760143913652,0,0,0,0,0,0,0,0.000699580251848891,0,0,0,0,0,0.00149910053967619,0.00139916050369778,0,0,0,0,0,0,0,0.00919448331001399,0,0.000199880071956826,0.000599640215870478,0,0,0.00129922046771937,0,0,0.00199880071956826,0,0,0,0,0.04597241655007,0.0276833899660204,0,0,0,0,0,0,0,0,0.000199880071956826,0,0,0,0,0,0,0,0.000599640215870478,0,0.0266839896062363,0.000499700179892065,0,0,0,0,0,0,0,0,0,0,0,0,0,0,0,0,0,0,0,0,0,0,0,0.00629622226664002,0,0.000699580251848891,9.9940035978413e-05,0,0,0.000299820107935239,0.000199880071956826,0,0,0,0,0,0.0133919648211073,0.0295822506496102,0.000599640215870478,0,0,0.000699580251848891,0.00449730161902858,0,0,0,0,0,0.0156905856486108,0,0,0,0,0.068259044573256,0,0,0.000399760143913652,0,0,0,0,0,0,0,0,0.00319808115130921,0,0,0,0,0,0.000699580251848891,0.00259844093543874,0,0,0,0,0,0,0.0525684589246452,0,0,0,0.000199880071956826,0.00319808115130921,0,0,0,0.00489706176294223,0,0,0,0.0477713371976814,0,9.9940035978413e-05,0,0,0,0,0,0,0,0.0784529282430542,0,0,0,0,0,0.00249850089946032,0.0142914251449131,0,0,9.9940035978413e-05,0,0,0.004597241655007,0,0,0,0.0335798520887468,0
0,0,0,0,0,0,0.0001999600079984,0.0030993801239752,0.0002999400119976,0,0,0,0,0,0.000399920015996801,0,0,0,0,0,0.00379924015196961,0,0,0.0001999600079984,0,0.307638472305539,9.99800039992002e-05,0,0.000599880023995201,0,0.0028994201159768,0,0,0.00579884023195361,0,0,0,9.99800039992002e-05,0,9.99800039992002e-05,0,0,0,0.0012997400519896,0,0.00559888022395521,0,0,0,9.99800039992002e-05,0,0,0,0,0,0,9.99800039992002e-05,0,0,0.0434913017396521,0,0.00759848030393921,9.99800039992002e-05,0,0,0.0001999600079984,0.0022995400919816,0,0,0.00569886022795441,0.0028994201159768,0,0,0.000399920015996801,0,0,0,0,0,0.00699860027994401,0,0,0.000499900019996001,0,0,9.99800039992002e-05,0,9.99800039992002e-05,0,0.0018996200759848,0.001999600079984,0.0026994601079784,0.00709858028394321,0,0,0.000499900019996001,0,0,0.00389922015596881,0,0,9.99800039992002e-05,0,0,0,0,0,0.0363927214557089,0,0.0141971605678864,0,0,0,0.00519896020795841,0,0.0002999400119976,0.0541891621675665,0.000499900019996001,0.00379924015196961,0,0,0,0,0,0.000999800039992002,0,0,0,9.99800039992002e-05,0,0.014497100579884,0.0002999400119976,0,0,0,0,9.99800039992002e-05,0,0,0,0,0,0,9.99800039992002e-05,0,0,0,0,0.002999400119976,0.0002999400119976,0.0018996200759848,0.00739852029594081,0,0,0,0,0,0,0,0,0,0,9.99800039992002e-05,0.00819836032793441,0,0.0313937212557489,0,0,0,0.0001999600079984,0,0.000399920015996801,0.0002999400119976,0,0,0,0,9.99800039992002e-05,0,0,0,0,0,0,9.99800039992002e-05,0,0,0,0.0117976404719056,0,0,0.0015996800639872,0,0,0,0.0001999600079984,0.0015996800639872,0.00619876024795041,0,0,0,0.0017996400719856,0,0.0722855428914217,0.011497700459908,0,0,0,9.99800039992002e-05,0,0,0,0,0,0.000599880023995201,0.00469906018796241,0.0257948410317936,0.000599880023995201,0.0022995400919816,0.000399920015996801,0,0,0.000999800039992002,0,0.0002999400119976,0,0,0,0.0135972805438912,0.00479904019196161,0.0151969606078784,0.000399920015996801,0,0.0151969606078784,9.99800039992002e-05,0,0,0,0,0,0,0,0.0494901019796041,0,0,0,0,0,0.000999800039992002,0,0.0258948210357928,0,0.00249950009998,0,0.000899820035992801,0.000399920015996801,0,0,0.000799840031993601,0,0,0.0027994401119776,0,0,0,0,0,0.0278944211157768,0,0.0022995400919816,0,0,0.00949810037992401,0,0,0,0.000399920015996801,0,0.000399920015996801,0.0376924615076985,0,0,0,0,0,0,0,0,0.0022995400919816,0,0,0,0,0,0.0370925814837033,0.0001999600079984,0,0,0,0.0011997600479904,0.0001999600079984
0,0,0,0,0,0,0.000799760071978406,0,0,0,0,0,9.99700089973008e-05,0,0.00619814055783265,0,0,0,0,0,0,0,0,0.000899730080975707,0,0.0769769069279216,0,0,0.00289913026092172,0.00149955013495951,0.0466859942017395,0,0,0.0313905828251525,0,0,0.00109967009897031,0,0,0.000199940017994602,0.000299910026991902,0,0,0,0,0,0,0,0,0,0.000199940017994602,0,0,0,0,0,0,0,0,0,0,0,0,0,0,0,0,0.00249925022493252,0,0,0.00379886034189743,0,0,0,0,9.99700089973008e-05,0,0,0,0.0100969709087274,0,0,0.00599820053983805,0,0,0.000199940017994602,0,0,0,0,0,0,0.0429871038688393,0,0,0,0,0,0.0101969409177247,0,0,0,0,0,0.00119964010796761,0,0,0.0730780765770269,0,0,0,0,0,0.00589823053084075,0,0.00419874037788663,0,0.000399880035989203,0,0,0,0,0,0.000299910026991902,0.0167949615115465,0,0,0,0,9.99700089973008e-05,0,0,0,0.000199940017994602,0,0.00729781065680296,0.000599820053983805,0.000199940017994602,0,0,0.000699790062981106,0,0,0,0,0,0,0,0,0,0,0,0,0,0,0,0,0,0,0.0116964910526842,0,0.000599820053983805,0,9.99700089973008e-05,0.00939718084574628,0,0,0,0,0,0.00309907027891633,0,9.99700089973008e-05,0,0,0,0,0,0.0505848245526342,0,0,0.000399880035989203,0,0,0,0,0,0,0,0.000699790062981106,0,0,0,0,0,0,0,0,0,0,0,0,0,0,0,0.00509847045886234,0,0,0.000199940017994602,0.00199940017994602,0,0,0,0,0,0,0,0,0.0158952314305708,0,0,0.00329901029691093,0,0.0193941817454764,0,0,0,0,0.0113965810256923,0.000199940017994602,0,0,0,0.421973407977607,0,0,0,0,9.99700089973008e-05,0,0,0,0.000399880035989203,0,0,0,0,0,0,0,0,0,0.00329901029691093,0,0.00119964010796761,0.000499850044986504,0.00139958012596221,0,0,0,0,0,0,0,0.000599820053983805,0,0,0,0.000699790062981106,0,0,0,0.0387883634909527,0,0,0.000199940017994602,0,0,0.00869739078276517,0,0,0.00509847045886234,0.0226931920423873,0,0,0,0,0,0,0,0,0,0,0,0,0,0.00409877036888933,0,0,0,0
0,0,0,0,0,0,2e-04,0,0,0,0,0,3e-04,0,0.0054,0,0,0,0,0,0,0,0,0,0,0.2444,0,0,9e-04,0.0045,0.015,0,0,0.0161,0,0,3e-04,0.0035,0,0,0,0,0,0,0,0.0041,0,0,0,0,0,0,0,0,0,0,0,0,0,0,0,0,0,0,0,0,0,0,0,0,0,0,0,0,0,0,0,0,0,0.007,0,0,0,0,0,0.0027,0.0505,2e-04,0,0.0069,0,3e-04,0.0028,0,0,2e-04,0,0,0,0,0,9e-04,0,0,0,0,0,0.1258,0,0,0,0.0057,0,0.0206,0,3e-04,0.0048,2e-04,0,0,0.011,0,0,0,0.0026,0,0,0,0,0,0.1535,0,0,0.0066,0,0,0.0133,0,0,0,0,2e-04,0,0,0,0,0,0,0.0069,0,0,0,0,0,0,0,0,0,0,0,0,0,0,0,0,0,0,0,0,0,0,5e-04,0,0,0,0,0.0103,0,0,0,0,0,0,0,0,0,0,1e-04,0,1e-04,0,0,0,0,0,0.0019,0.0102,0,0,0,0,0.0026,0,0,0,0,0,0,0,0.0013,0,0,0,0,0,0,0,0,0.0012,0,0,0,0,0,0,0,0,0,0,0,0,0,0.0052,0.0771,0,0,0,3e-04,0.0012,0,0,0,0.0017,0,0,0,0,0,0,0,0,0,0,1e-04,0.0068,0,0,0,0,0,0,0,0,0,3e-04,0,0,0,0,0.034,0,0.0014,0.0336,0,2e-04,0,0,0,0,0.0416,0,0,0.0101,0,0,0,0,0.0032,0,0,0,0,0,0,0,0,0.0196,0,0,0.0177,0
0,0,0,0,0,0,0,0.0001999800019998,0,0,0,0,0.0001999800019998,0,0,0,0,0.0004999500049995,0.0003999600039996,0,0.0034996500349965,0.004999500049995,0,0.0007999200079992,0,0,0,0,0.0017998200179982,0.0006999300069993,0.022997700229977,0,0.002999700029997,0,0,0,0,0.0122987701229877,0,0,0,0,0,0,0,0.0098990100989901,0,0,0,0,0.0067993200679932,0,9.99900009999e-05,0,0.0045995400459954,9.99900009999e-05,0,0,0,0.0016998300169983,0,0,0,9.99900009999e-05,0,0,0.0303969603039696,0,0,0.0380961903809619,0.0026997300269973,9.99900009999e-05,0,0.0001999800019998,0,0,0,0,0,0.0017998200179982,0,0,0.0305969403059694,0,0.0006999300069993,0.0001999800019998,0.0004999500049995,0,0,0.0020997900209979,0,0,0,0.0042995700429957,0,0,0,0,0.0055994400559944,0,0,0,0,0,0.0027997200279972,0,0.0002999700029997,0.0472952704729527,0,0,0,0,0,0.0165983401659834,0,0,0,9.99900009999e-05,0.0735926407359264,0,0,0,0,0.0001999800019998,0.0168983101689831,0,0,0,0.0015998400159984,0,0.0095990400959904,0.0098990100989901,0,0,0,0,0.0015998400159984,0,0,0,0,0,0,0,0,0,0.0020997900209979,9.99900009999e-05,0,0,0.005999400059994,0,0,0,0,0,0,0,0.0005999400059994,0.0396960303969603,0,0,0,0.0005999400059994,0,0,0.0005999400059994,0,0,0,0.0008999100089991,0,0,0,0,0,0,0.0144985501449855,0.0220977902209779,9.99900009999e-05,0,0,0.0063993600639936,0,0.0015998400159984,0,0,0.0024997500249975,0,0,0,0.0018998100189981,0.0003999600039996,0,0,0,0,0.0001999800019998,0,0,0,0,0,0.0247975202479752,0,0.0013998600139986,0.0002999700029997,0,0,0.0002999700029997,0,0,0,0,0.0005999400059994,9.99900009999e-05,0.0157984201579842,0,0,0,0,0,0,0,0,0,0,0,0.0067993200679932,0,0.0074992500749925,0,0,0.018998100189981,0,0,0.0001999800019998,0,0,0.0002999700029997,0,0,0,0,0.0005999400059994,0.007999200079992,0,0,0,0,0,0.0001999800019998,0.0014998500149985,0,9.99900009999e-05,0,0.0020997900209979,0,0.0001999800019998,0,0.0011998800119988,0,0,0.0001999800019998,0.0013998600139986,0,0,0,0.0051994800519948,0,0.0006999300069993,0.0101989801019898,0.0565943405659434,0,0,0,0,0,0,0.236276372362764,0,0.0280971902809719,0.0775922407759224,0,0,0,0,0,0,0.0062993700629937,0,0,0,0,0.0016998300169983,0,0.0015998400159984,0,0,0.0103989601039896,0
0,0,0,0,0,0,3e-04,0,0,0,0,0,0,0,6e-04,0,0.0031,1e-04,0,0,0.0043,0.0049,0,3e-04,2e-04,0.0271,0,0,0.0026,0,0.041,0,0,0.0235,0,0,0.001,0,0,0,1e-04,0,0,0,0,0.0222,0,0,0,3e-04,0,0,0,0,0,0,1e-04,1e-04,0,0.0246,0,0.0016,0,0,0,0,0.0204,0,0,0,0,0,0,2e-04,0,0,0,0,0,0.0091,0,0,0,0,0.0139,0.0016,0,1e-04,0,0.0098,0,3e-04,2e-04,0,0,0.002,0,0,0,0,0,1e-04,0,0,9e-04,0,0,0.065,0,0,0,0,0,0.0081,0,0,0,0,0.0238,0,0,0,6e-04,0,0.0024,0.0447,0,0,0,0,0,0.0076,0,1e-04,0,4e-04,0,0,0,0,0.0015,0,0,0,0,0.0019,0,0,0,0,6e-04,0,0,0,0,0.0013,0,0,0,0.0123,0,0,0,0,0,0,0,0,0,0,0,1e-04,1e-04,1e-04,0,0,0,0,0.0177,0,0,0,0,0,0,0,0,0,0,0,0,0.0245,3e-04,0,0,0,0,0,0,0.0014,0,0,0,0,0,0.0279,0,0,0,2e-04,0,0,0.0023,0,0.0019,0,0,0,0,0.0023,0,0,0,0,0,0.0014,0,0,0.0044,0,0.0066,0,0,0.0451,0,0,0,0,0,0,0,0,0,0,6e-04,0,0,1e-04,0,0,0,0,0,0,0,0,0.0045,0,0,0,7e-04,0,0,5e-04,0,0,0,0,0.0033,7e-04,0,0.0019,0.0898,1e-04,3e-04,0,0,3e-04,4e-04,0.2821,0,0,0.0319,1e-04,0,0,0,3e-04,0,0.0107,0,0,0,0,0.0274,0,0.0011,0,0,0.02,0
0,0,0,0,0,0,0,0.0032996700329967,0,0,0,0,0,0.0277972202779722,0.0024997500249975,0,0,0,0,0,0.0030996900309969,0.0012998700129987,0,0.0005999400059994,0,0.0284971502849715,0,0,0.0305969403059694,0.0007999200079992,9.99900009999e-05,0,0,0.0012998700129987,0,0,0.0001999800019998,0,9.99900009999e-05,0,0,0,0,0.0056994300569943,0,0.0001999800019998,0,0,0,0,0,0,0,0.0001999800019998,0.0032996700329967,0,0,0,0,0,9.99900009999e-05,0,0,0,0,0,0.0056994300569943,0,0,0.0058994100589941,0,0,0,0.0002999700029997,0,0,0,0,0,0,0,0,0.0258974102589741,0,0,0.0001999800019998,0.004999500049995,0,0,0.000999900009999,0,0,0.0281971802819718,0,0,0,0,0,0.0005999400059994,0,0,0,0,0,0,0,0,0.527147285271473,0,0,0,0.0030996900309969,0,9.99900009999e-05,0,0,0,0.0034996500349965,0.0044995500449955,9.99900009999e-05,0.0001999800019998,0,0.0031996800319968,0,9.99900009999e-05,0,0,0,0,0,0.0028997100289971,0.0165983401659834,0,0,0,0,0.0478952104789521,0,0,0,0.0202979702029797,0,0,0,0,0,0,0,0,0.0005999400059994,0.0001999800019998,0.0032996700329967,0,0,0,0,0,0,0,9.99900009999e-05,0,0,0,0,0,0,0,0,9.99900009999e-05,0,0,0,9.99900009999e-05,0,0.0010998900109989,0,0,0.000999900009999,0.0214978502149785,9.99900009999e-05,0,0,0,0,0,0,0,0,0,0,0,9.99900009999e-05,0.0021997800219978,0,0,0,0,0,0,0,0,0,0,0,0,0,0,0,9.99900009999e-05,0,0,0,0,0,0,9.99900009999e-05,0,0,0.0107989201079892,0,0.0015998400159984,0.0038996100389961,0,0,0,0,0,0,0.0017998200179982,0,0.0010998900109989,0,0,0.0022997700229977,0,0,0,0,0,0.0031996800319968,0,0,0,0,0,0,0,0,0,0,0,0,0,0,0.0003999600039996,9.99900009999e-05,0,0,0,0,0.0014998500149985,0,0,0.000999900009999,9.99900009999e-05,0,0.0003999600039996,0,0,0.120787921207879,0,0,0.0052994700529947,0,0,0,0,0,0,0.0001999800019998,0,9.99900009999e-05,0.0004999500049995,0,0,0,0,0,0,0.0003999600039996,0,0,0,9.99900009999e-05,0.0014998500149985,0,9.99900009999e-05,0,0,9.99900009999e-05,0
0,0,0,0,0,0,9.99500249875062e-05,0,0,0,0,0,9.99500249875062e-05,0,0.00079960019990005,0,0,0,0,0,0,0,0,0,0,0.169015492253873,0,0,0.000399800099950025,0.00129935032483758,0,0.000699650174912544,0,0.00439780109945028,0,0,0.0114942528735632,0.0468765617191404,0.000199900049975012,9.99500249875062e-05,0,0,0,0,0,0.000399800099950025,0,0,0,0,0.00079960019990005,0,0,0,0,0,0,9.99500249875062e-05,0,0.00849575212393803,0,0,0,0,0,0,0.00439780109945028,0,0,0,0.00299850074962519,0,0,0,0,0,0,0,0,0,0.00139930034982509,0,0,0,0.00329835082458771,0,9.99500249875062e-05,0,0,0.00929535232383808,0,0.000299850074962519,0.000299850074962519,0,0,0.000199900049975012,0,0,0.00109945027486257,0,0,0,0,0,0,0,0.000199900049975012,0.0314842578710645,0,0,0,0,0,0.000899550224887556,0,9.99500249875062e-05,0,0,0.0186906546726637,0,0.00289855072463768,0,0,0.000199900049975012,0.00459770114942529,0,0,0,0,0,0.0931534232883558,0.000499750124937531,0,0,0,0,0.000299850074962519,0,0,0,0.0015992003998001,0,0,0,0,0,0,0,0.00289855072463768,0.000899550224887556,0.00309845077461269,0.00599700149925037,0,0,0,0,0,9.99500249875062e-05,0,0,0,0,0,9.99500249875062e-05,0,0,0,0.000699650174912544,0,0,0,0.000899550224887556,0.000999500249875062,0,0,0,0.00539730134932534,0.00809595202398801,0,0,0,0,0,0,0,0,0,0.00139930034982509,0,0,0,0.00699650174912544,9.99500249875062e-05,0,0,0.000599700149925037,0.00489755122438781,0.0500749625187406,0,0,0,0,0,0,0,0,0,0.000299850074962519,0.000399800099950025,0.000599700149925037,0,0,0,0,0.00149925037481259,0,0.00689655172413793,0,0.00749625187406297,0,0.00729635182408796,0,0,0,0,0,0,0,0,0.00239880059970015,0.00579710144927536,0,0,0.0104947526236882,0.00119940029985007,0,0,0,0,0,0,0.00399800099950025,0,0.000399800099950025,0,0,0,0,0,0,9.99500249875062e-05,0,0,9.99500249875062e-05,0.0047976011994003,0.000899550224887556,0,0,0.00199900049975012,0.00079960019990005,0,0,0,0,0.000299850074962519,0,0,0,0,0.0247876061969016,0,0,0.00109945027486257,9.99500249875062e-05,0,0,0,0,0,0.311444277861069,0,9.99500249875062e-05,0.0282858570714643,0,0,0.000299850074962519,0,9.99500249875062e-05,9.99500249875062e-05,0,0,0,0,0,0.00919540229885057,0,0.0133933033483258,0,0,0.0367816091954023,0
0,0,0,0,0,0,0.000400080016003201,0,0,0,0,0,0,0,0.141028205641128,0,0,0,0,0,0,0,0,0.000700140028005601,0,0.02250450090018,0,0,0.00600120024004801,0,0,0,0,0,0,0,0.0116023204640928,0.0234046809361872,0,0,0,0,0,0,0,0,0,0.000500100020004001,0,0,0,0,0,0.0002000400080016,0,0,0,0,0,0,0,0,0,0,0,0,0,0.0019003800760152,0.000400080016003201,0,0,0,0.000800160032006401,0,0,0,0,0,0,0,0,0.001000200040008,0.000500100020004001,0,0,0.0024004800960192,0,0.0001000200040008,0,0.0011002200440088,0,0.0017003400680136,0.0475095019003801,0,0,0.0102020404080816,0,0,0,0,0,0.001500300060012,0,0,0.0027005401080216,0,0,0.0717143428685737,0,0.0026005201040208,0,0,0,0,0.000800160032006401,0.0001000200040008,0.0023004600920184,0.000400080016003201,0.0378075615123025,0,0,0,0,0.0002000400080016,0,0,0,0,0,0,0.0424084816963393,0,0,0,0.0002000400080016,0.002000400080016,0.0181036207241448,0,0,0,0.0890178035607121,0,0,0,0,0.0320064012802561,0,0,0.0019003800760152,0,0,0,0.0012002400480096,0,0.0001000200040008,0,0,0,0,0.00250050010002,0,0.00780156031206241,0,0,0,0.02000400080016,0,0,0,0,0,0.0021004200840168,0.0001000200040008,0,0.0017003400680136,0,0.00820164032806561,0,0,0,0,0.00690138027605521,0,0,0,0.0001000200040008,0,0,0,0,0,0,0,0,0,0,0.000600120024004801,0.011502300460092,0,0,0,0.0016003200640128,0,0,0.00250050010002,0.0334066813362673,0,0,0,0,0,0,0,0,0,0.00390078015603121,0.00360072014402881,0,0.0213042608521704,0,0,0,0,0,0,0,0,0,0,0,0,0,0,0.0204040808161632,0,0,0,0,0,0.00750150030006001,0,0.0001000200040008,0.024504900980196,0,0,0.00620124024804961,0,0,0,0,0,0,0,0,0.000400080016003201,0.0132026405281056,0,0,0,0,0,0,0,0.000800160032006401,0,0,0,0,0,0.0482096419283857,0,0,0.0750150030006001,0,0,0,0,0,0.0002000400080016,0.0113022604520904,0,0,0.0556111222244449,0,0,0,0,0.00420084016803361,0,0,0.0109021804360872,0,0,0,0.0013002600520104,0,0,0,0,0.0113022604520904,0
0,0,0,0,0,0,9.99900009999e-05,0,0,0,0,0,0,0,9.99900009999e-05,9.99900009999e-05,0.0004999500049995,0.0007999200079992,0,0,0,0.0051994800519948,0,0,0,0.0491950804919508,0,0,0.0005999400059994,0.0014998500149985,0,0,0,0.0192980701929807,0,0,0.0030996900309969,0.0334966503349665,0,0,0,0,0,0,0,0.0255974402559744,0,0,0,0,0,0,0,0,0,0,0,9.99900009999e-05,0,0.0251974802519748,0,0,0,0,0,0,0.0031996800319968,0,0,0.0152984701529847,0.0008999100089991,0,0,0.0012998700129987,0,0,0,0,0,0.102689731026897,0,0.0018998100189981,0.0616938306169383,0,0.0006999300069993,0,9.99900009999e-05,0,0,0.0014998500149985,0,0,9.99900009999e-05,0,0,0,0,0,0.004999500049995,0,0,0,0.0002999700029997,0.0032996700329967,0,0.005999400059994,0,0.0391960803919608,0,0,0,0,9.99900009999e-05,0.0014998500149985,0,0,0,0,0.0172982701729827,0,0,0,0,9.99900009999e-05,0.0022997700229977,0,0.0003999600039996,0,0.0008999100089991,0,0.0057994200579942,0.0225977402259774,0,0.0001999800019998,0,0,0,0,0,9.99900009999e-05,9.99900009999e-05,0,0,0,0,0,0.0088991100889911,0,0,0,0.0032996700329967,0.0067993200679932,0,0,0,0,0,0,0,0.0200979902009799,0,0,0,0.0632936706329367,0,0,0,0,0,0.0001999800019998,0.0014998500149985,0,9.99900009999e-05,0,0,0,0,0.0152984701529847,0,0,0,0,0,0,0.0031996800319968,0,0,0,0,0,0.0005999400059994,0.0092990700929907,0.0004999500049995,0,0.0076992300769923,0,0,0,9.99900009999e-05,9.99900009999e-05,0,0,0,0.0036996300369963,0,0.02999700029997,0.0011998800119988,0,0.0005999400059994,0,0,0,0,0,0.0013998600139986,0,0,0.0070992900709929,0,0,0.0100989901009899,0.0011998800119988,0,0,0,0,0,0,0.0034996500349965,0,0.0230976902309769,0.0001999800019998,0,0.0513948605139486,0.001999800019998,0,0.0017998200179982,0,0,0.0030996900309969,0,0,0,0,0.0007999200079992,0,0,0,0,0,0,0.0005999400059994,0,0,0,0.0004999500049995,0,0,0.0006999300069993,0.0064993500649935,0.0012998700129987,0,0.0008999100089991,0.0005999400059994,0.0002999700029997,0,0,0,0,0.0126987301269873,0.0005999400059994,0.0022997700229977,0.0023997600239976,0,0,0,0,0,0,0.172382761723828,0,0,0.0084991500849915,0,0,0,0,9.99900009999e-05,0.0266973302669733,0,0,0,0,0,0.0013998600139986,0,0.0007999200079992,0,0,0.0190980901909809,0
0,0,0,0,0,0,0.00269919024292712,0.00389883035089473,0,0,0,0,0,0.0311906428071579,0.00289913026092172,9.99700089973008e-05,0,0,0,0,0.0115965210436869,0.0188943317004899,0,0,9.99700089973008e-05,0.0293911826452064,9.99700089973008e-05,0,0.000499850044986504,0,9.99700089973008e-05,0,9.99700089973008e-05,0.00199940017994602,0,0,0.000499850044986504,0.00219934019794062,9.99700089973008e-05,0,9.99700089973008e-05,0,0,0.00989703089073278,0,0.017294811556533,0,9.99700089973008e-05,0,0,0,0,0,0,0.00109967009897031,9.99700089973008e-05,0,0,0,0.00179946016195141,0,0,0,0.00529841047685694,0.0135959212236329,0,0,0,0,0,0.00339898030590823,0,9.99700089973008e-05,0.0327901629511147,0,0,0,0,0,0.01629511146656,9.99700089973008e-05,0,0,0,0.0600819754073778,0.000999700089973008,0,0,0,0.012296311106668,0.000999700089973008,9.99700089973008e-05,9.99700089973008e-05,0,0,0,0,0,0.00559832050384884,0,0,0,0,0.00789763071078676,0.000499850044986504,0,0,0.000699790062981106,0,0.00299910026991902,0,9.99700089973008e-05,0,0.000299910026991902,0,0.000599820053983805,0,0.00289913026092172,0.0223932820153954,0,0.00639808057582725,0,0,0,0.00389883035089473,0,0,0,0,0.00389883035089473,0.0599820053983805,0.041887433769869,0,0,0,0,0.00559832050384884,9.99700089973008e-05,0,0,9.99700089973008e-05,0.000199940017994602,0.00149955013495951,0.000199940017994602,0,0.000199940017994602,0.00209937018894332,0,0.00119964010796761,0,0,0.00289913026092172,0,0,9.99700089973008e-05,0,0,9.99700089973008e-05,0,0.00859742077376787,0,0.00209937018894332,0.000299910026991902,9.99700089973008e-05,0,0.0154953513945816,0,0,0,0,0.000399880035989203,0.00239928021593522,0.00119964010796761,0,0,0,0,0.0140957712686194,0.00849745076477057,0,0,0,0,0,0.00129961011696491,0,0,0,0.00589823053084075,0,0,0.00149955013495951,0,0,0,0,0.00169949015295411,0.00219934019794062,0,0,0,0,0,9.99700089973008e-05,9.99700089973008e-05,0.000499850044986504,0,0,9.99700089973008e-05,0,0,0,0,0,0.000299910026991902,0.00149955013495951,0.000999700089973008,0.00129961011696491,9.99700089973008e-05,0,0.000599820053983805,0.0178946316105168,0.00139958012596221,0,0,9.99700089973008e-05,0,0,0.00179946016195141,0.00489853044086774,0.0104968509447166,0.000199940017994602,0,0.00599820053983805,0,0,0.000199940017994602,9.99700089973008e-05,0,0.000999700089973008,0,9.99700089973008e-05,0.0148955313405978,0,0,0,0,0,0.000699790062981106,0,0.0125962211336599,0.000199940017994602,0.00199940017994602,0,0.000299910026991902,9.99700089973008e-05,0.000399880035989203,0,0.000599820053983805,0.000999700089973008,0.000299910026991902,0,0,0.00119964010796761,9.99700089973008e-05,0,0,0,0.00119964010796761,0.0526841947415775,0,0.00219934019794062,0.0457862641207638,0.000899730080975707,0,0,0.00219934019794062,0,0.000699790062981106,0.251024692592222,9.99700089973008e-05,0,0.0169949015295411,0,0,0,0,0,0,0.00699790062981106,0,0,0,0,0.000899730080975707,0,0.00279916025192442,0,0,0.00549835049485154,0.00279916025192442
0.000999400359784129,0,0,0,0,0,0,0,0,0,0,0,9.9940035978413e-05,0,0.00129922046771937,0,9.9940035978413e-05,0,0,0,0,0.01259244453328,0,0,0,0.200979412352588,0,0,0.00199880071956826,0.000899460323805717,0,0,0,0.0022986208275035,0,0,0.0076953827703378,0.0302818309014591,0,0,0,0,0,0,0,0.10263841694983,0,0.000199880071956826,9.9940035978413e-05,0,0.000799520287827304,0,0,0,0.000499700179892065,0,0,0,0,0.0284829102538477,0,0.00249850089946032,0,0.000199880071956826,0,0,0.0174895062962223,0.000399760143913652,0,0,0,0,0,0,0,0.017189686188287,0,0,0,0.0119928043174096,0,0,0.00409754147511493,0,0,0.000499700179892065,0,0,0,0,0,0.00549670197881271,9.9940035978413e-05,0,0,0,0,0,0,0,0,9.9940035978413e-05,0,0,0,0,0,0.0119928043174096,0,0.0161902858285029,0,0,0,0,0,0.000499700179892065,0,9.9940035978413e-05,0.0202878273036178,0.000199880071956826,0.00499700179892065,0,0.000699580251848891,0,0.00639616230261843,0,0,0,0,0,0.021287227663402,0,0,0,0,0,9.9940035978413e-05,0,0.00259844093543874,0,0.000699580251848891,0,0,0,0,0,0,0,0,9.9940035978413e-05,0,0,0.000199880071956826,0,0,0,0,0,0,0,0,0.00209874075554667,0,0,0,0,9.9940035978413e-05,0.000299820107935239,0,0,0,0.00219868079152508,9.9940035978413e-05,0,0,0,0.00149910053967619,0.00879472316610034,0,0,0,0.000499700179892065,0,0,0,0,0,0,0,0,0,0.0132920247851289,9.9940035978413e-05,0.00129922046771937,0,0,0.0177893264041575,0,0,0,0,0,0,0,0,0.00909454327403558,0,0.000299820107935239,9.9940035978413e-05,0,0.0310813511892864,0,0,0,0.000699580251848891,0,0.00169898061163302,0,0,0.000199880071956826,0.00129922046771937,0,0.00169898061163302,0,0,0,0,0,0,0.00479712172696382,0,0,0,0.00599640215870478,0,0,0.000199880071956826,0,0.000499700179892065,0.000499700179892065,0,0,0.0305816510093944,0,9.9940035978413e-05,0,0,0,0,0,0.00839496302218669,0,0,0,0.00439736158305017,0.015490705576654,0.00359784129522287,0,0,0.00209874075554667,0,0,0,0.00169898061163302,0.000299820107935239,0,9.9940035978413e-05,0,0.00829502298620828,9.9940035978413e-05,0,0,0.00299820107935239,9.9940035978413e-05,0,0,0,0,0,0.184389366380172,0,0,0.0410753547871277,9.9940035978413e-05,9.9940035978413e-05,0.00159904057565461,0,0,0,0.00559664201479113,0,0,0,0,0,0,0.0111932840295823,0,0.00109934039576254,0.0319808115130921,0
0,0,0,0,0.000300090027008102,0,0,0,0,0,0,0,0,0,0,0,0,0,0,0,0,0.00360108032409723,0,0.00490147044113234,0,0,0,0,0,0.000700210063018906,0.0158047414224267,0.000900270081024307,0,0.0133039911973592,0,0,0,0,0,0,0,0,0,0,0,0,0,0.000300090027008102,0,0,0,0,0,0,0,0,0,0,0,0.000900270081024307,0,0,0,0.000100030009002701,0,0.00440132039611884,0.00680204061218365,0,0,0.00650195058517555,0.000600180054016205,0,0,0.000400120036010803,0,0,0,0,0,0.00170051015304591,0,0,0.00760228068420526,0.00100030009002701,0,0,0,0,0,0,0,0.00630189056717015,0.31889566870061,0,0,0,0,0,0,0,0,0,0,0,0,0,0,0.169050715214564,0,0.00360108032409723,0.000300090027008102,0,0,0,0,0.00190057017105132,0,0,0.017705311593478,0,0,0,0,0.000400120036010803,0,0,0,0,0,0,0,0,0,0,0,0,0,0,0,0,0.0319095728718616,0,0,0.000100030009002701,0,0,0.00340102030609183,0,0.000100030009002701,0,0,0,0,0.00120036010803241,0,0,0,0,0,0,0,0,0,0.0299089726918075,0,0,0,0,0,0,0.00150045013504051,0,0,0,0,0,0,0.00170051015304591,0,0,0,0,0,0,0,0,0,0,0,0,0.000500150045013504,0,0,0,0,0,0,0,0,0,0,0,0,0.000200060018005402,0,0,0,0,0,0,0,0,0,0,0,0.000100030009002701,0.0152045613684105,0.00330099029708913,0,0,0,0.00370111033309993,0,0,0,0,0,0,0.00300090027008102,0,0,0.000200060018005402,0,0.29148744623387,0,0,0,0,0,0,0,0,0,0,0,0.00530159047714314,0,0,0,0,0,0,0,0,0.00190057017105132,0,0,0,0,0,0.000100030009002701,0,0,0.000400120036010803,0,0,0.000200060018005402,0,0,0.00160048014404321,0,0,0,0,0.00120036010803241,0,0,0,0,0,0,0,0,0,0,0,0.000700210063018906,0,0,0,0,0,0.00160048014404321,0,0.0115034510353106,0,0,0,0,0,0
0,0,0,0,0,0,9.99600159936026e-05,0.00849660135945622,0,0,0,9.99600159936026e-05,0,0,0.000299880047980808,0,0.00669732107157137,0,0,0,0.00149940023990404,9.99600159936026e-05,0,0,0,0.000299880047980808,0,0,0.000199920031987205,0,0.00299880047980808,0,0,0.00259896041583367,0,0,0.000999600159936026,0.0153938424630148,0,0,9.99600159936026e-05,0,0,0.00139944022391044,0,0.00149940023990404,0,0,0,0,0,0,0,0,0,9.99600159936026e-05,0,0,0,0.033186725309876,0.000199920031987205,0,0.00079968012794882,0,0,0,0.00739704118352659,0,0.000199920031987205,0.00619752099160336,0.00109956017592963,0,0,0.00039984006397441,0,0,0,0,0,0.0103958416633347,0,0.00169932027189124,0.0253898440623751,0,0,0,0.0143942423030788,0,0,0.00419832067173131,0,0.000299880047980808,9.99600159936026e-05,0,0.00159936025589764,9.99600159936026e-05,0,0.00039984006397441,0.000599760095961615,0,0,0,0,0,0,0,9.99600159936026e-05,0.206217512994802,0,0,0,0,0,0.0106957217113155,0,0,0,0.000199920031987205,0.00449820071971212,0,0,0.00249900039984006,0,9.99600159936026e-05,0.00159936025589764,0.00279888044782087,0,0.00179928028788485,0,0,0.000899640143942423,0.00479808076769292,0,9.99600159936026e-05,0,0,0.000499800079968013,0,0,0,0,0,0,0,0,0,0.00879648140743703,0,0,0,0.00079968012794882,0.000199920031987205,0.000299880047980808,0.00349860055977609,0,0,0,0,0,0.00129948020791683,0,0,0,0.0874650139944022,0,0,0,0,0,0,0.00129948020791683,0,0,0,0,0,0,0.000899640143942423,0.00109956017592963,0,0,0,0,0,0.00689724110355858,0,0,0,0,0,0,0.0424830067972811,9.99600159936026e-05,0,0.00519792083166733,0,0,0,0,0,0,0,0,0,0,0.0372850859656138,0,0,0,9.99600159936026e-05,0,0,0.00249900039984006,0,9.99600159936026e-05,0,0,0.00259896041583367,0,0.00039984006397441,9.99600159936026e-05,0,0,0.000499800079968013,0,9.99600159936026e-05,0.00959616153538585,0,0.000599760095961615,0,0.00729708116753299,9.99600159936026e-05,0,0.00229908036785286,0,0,0,0.00039984006397441,0,0.00189924030387845,0,0,0,0.000299880047980808,0,0.0037984806077569,0,0,0,0,0,0,0.000199920031987205,0,0,0,0,0.00139944022391044,0,0.000699720111955218,0.00079968012794882,0,0,0.00599760095961615,0,0.00079968012794882,0,0,0,0.000199920031987205,0,0.00959616153538585,0.00699720111955218,0,0,0,0,0,0,0.316373450619752,0,0,0.00239904038384646,0,0,0,0,9.99600159936026e-05,0.00739704118352659,0.00529788084766094,0,0,0,0,0.00109956017592963,0,0.0202918832467013,0,0,0.00149940023990404,0.000199920031987205
0,0,0,0,0,0,0,0,0,0,0,0,0,0,0.0034,0,0,0,0,0,0,9e-04,0,0,0,0.0826,0,0,7e-04,0.0195,0.1385,0,0,0.0069,0,0,0.0011,0.0281,1e-04,0,0,0,0,0,0,0,0,0,0,0,5e-04,0,0,0,0.0048,0,1e-04,0,0,0,3e-04,0,0,3e-04,0,0,0,0,5e-04,0.0066,0.0028,0,0,0.0053,0,0,0,0,0,0,0,0.0012,0,0,0,6e-04,0,0,0,0.0028,0.1487,0.0053,0.0163,0,0,0,0,0,3e-04,0,0,0,0,0,2e-04,0,0,0.1448,0,0,0.0016,0,0,9e-04,0,8e-04,0,0,0.0274,0,0,0,0,0.001,0.0266,0,0,0.0028,8e-04,0,0.002,0,0,0,0,0,0.0028,0,0,0,0,0,0,0,0,0,0.002,0,1e-04,1e-04,0.0011,0,1e-04,2e-04,0,0,0,0,0,0,0,0,0,0.0347,3e-04,0,0,0,0,0,0,0,0.0027,0,0,7e-04,0,0.0144,0.0291,6e-04,0,0,0,0,7e-04,0,0,0,0,0,0,0.0154,0,0,0,0,0,0,0,0,0,0,0,0.0215,0,0.0034,0,0,0,2e-04,0,0,0,0,0,1e-04,0.0137,0.0045,0,0,0.0026,0.0075,0,9e-04,0,4e-04,0,0,0.0024,0,0,0,0,0,0,0,9e-04,0,0,4e-04,0,0,0,0,0.0013,0.001,0,0,0,0,0,0,0,0,0.0022,0,0,6e-04,0.0018,0,1e-04,0,0,3e-04,0,0,0,0,0,0.0172,0,0,0.0236,0,1e-04,0,0,2e-04,0,8e-04,0,0,0.0476,0,0,0,0.0093,0,0,0.0065,0,0,0.002,0,0.006,0,2e-04,0,1e-04,0.0285,0
0,0,0,0,0,9.99600159936026e-05,0.000999600159936026,0,0,0,0,0,0.000199920031987205,0,0.00159936025589764,0,0,0,0,0,0,0,0,0,0,0.448420631747301,0,0,0,0.000299880047980808,0,0,0,0,0,0,0.00039984006397441,0.0493802479008397,0,0,0,0,0,0,0,0.0293882447021192,0,0,0,0,0,0,0,0,0,0,0,0,0,0,0,0,0,0,0,0,0,0,0,0,0,0.000199920031987205,0,0,0,0,0,0,0.00609756097560976,0,0,0,0.0237904838064774,0,0,0,0,0.0177928828468613,0,0.00159936025589764,0,0,0.000199920031987205,0,0,0,0.00149940023990404,0,0,0,0,0,0,0,0,0,0,0.0101959216313475,0,0,0,0,0,0.00519792083166733,0,0,0,0,0.00339864054378249,0,0,0,0,0,0.00329868052778888,0,0,0,0,0,0.00579768092762895,0,0,0,9.99600159936026e-05,9.99600159936026e-05,0,0,0,0,0.00229908036785286,0,0,0,0,0,0,0,0,0,0.00349860055977609,0,0,0,0,0,0,0,0,0,0,0,0,0,0,0,0,0,0,0,0,0,0.000199920031987205,0,0,0,0,0,0,0,0,0,0,0,0.00219912035185926,0,0,0,0,0,0,0.0138944422231108,0,0,0,0,0,0,0,0,0,0,0,0,0,0,0,0,0,9.99600159936026e-05,0,0,0,0,0,0,0,0,0.00179928028788485,0,0,0,0,0,0,0,0,0,0,0,0,0,0,0,0,0,0,0,0,0,0,0,0,0,0.000199920031987205,0,0.00149940023990404,0,0,0,0,0,0,0,0,0,0,0,0,0.00189924030387845,0,0,0,0,0,0,0,0,0,0.00189924030387845,0,0,0.0159936025589764,0,0,0,0,0,0,0.253798480607757,0,0,0.0768692522990804,0,0,0,0,0,0,0.0135945621751299,0,0,0,0,0,0,0.000199920031987205,0,0,0,0
0,0,0,0,0,0,0.0001999600079984,0,0,0,0,0,0,9.99800039992002e-05,0.0378924215156969,0,0,0,0,0,0,0.00249950009998,0,0,0,0.311537692461508,0,0,0.0022995400919816,0,0.0465906818636273,0,0,0.0025994801039792,0,0,9.99800039992002e-05,9.99800039992002e-05,0,0,0,0,0,0,0,0.00619876024795041,0,0,0,0,0,0,0,0,0,0,0,0,0,0.0002999400119976,0,0.000399920015996801,9.99800039992002e-05,0,0.000399920015996801,0,0.0136972605478904,0,0,0.00669866026794641,0,0,9.99800039992002e-05,9.99800039992002e-05,0,0,0,0,0,0.0010997800439912,0,0,0,0,9.99800039992002e-05,0,0,0,0,0,0,0,0.0001999600079984,0,0,0.0001999600079984,0,0,0.0020995800839832,0,0,0,0,0,0,0,0,0.0617876424715057,0,0,0,0,0,0.0175964807038592,0,0,0,0,0.0026994601079784,0,0,0,0,0,0,0.000799840031993601,0,0,0,0,0,0.00719856028794241,0,0,0,9.99800039992002e-05,0,0,0,0,0.0013997200559888,0,0,0,0,0,0,0,0,9.99800039992002e-05,0,0,0,0,9.99800039992002e-05,0,0,0,0,0.0001999600079984,0,0,0,0.0313937212557489,0,0,0,0,0,0,0.000499900019996001,0,0.0030993801239752,0,0,0,0,0.000899820035992801,0,0,0,0,0,0,0,0.000899820035992801,0,0,0,0,0,0.0015996800639872,0,0,0,0,0,0,0,0,0,0,0,0,0,0.000999800039992002,0,0,0,0.000999800039992002,0,0,0,0,0,0,0,0,9.99800039992002e-05,0.0001999600079984,0,0.001499700059988,0,0,0,0,0,9.99800039992002e-05,0.00629874025194961,0,0.00469906018796241,0,0,0.343831233753249,0,0,0,0,0,0,0,0,0,0,0,0,0,0,0,0,0,0,0,0,0,0,0,0,0,0,0,0,0,0.0001999600079984,0,0,0,0,0,0.00429914017196561,0,9.99800039992002e-05,0.0113977204559088,0,0,0,0,0,0,0.0434913017396521,0,0.0001999600079984,9.99800039992002e-05,0,0,0,0,0,0,0,0,0,0,0,0.011997600479904,0,0.00339932013597281,0,0,0,9.99800039992002e-05
0,0,0,0.000899370440691516,0,0,9.9930048965724e-05,0.00329769161586889,0,0,0.000199860097931448,0,0,0,0.000199860097931448,0.00049965024482862,0.000199860097931448,0,0,0,0,0.00229839112621165,0,0,0,9.9930048965724e-05,0,0,0.00469671230138903,0.00339762166483462,9.9930048965724e-05,0,0,0,0,0,0.000799440391725792,0.00309783151793744,0,0,0,0,0,0,0,9.9930048965724e-05,0,0.000399720195862896,0,0,0,0,0,0,0,0,0,0,0,0.00619566303587489,0,0,0,0.000399720195862896,0,0,0.00219846107724593,0,0,0,0,0,0,0,0,0,0,0,0,0,0,0.000799440391725792,0.00339762166483462,0,0,0,0.000299790146897172,0,0,0.00329769161586889,0,0.000399720195862896,0.000199860097931448,0,0,0,0.000199860097931448,0,0,0,0,0,0,0,0,0,0,0.567702608174278,0,0,0,0,0,9.9930048965724e-05,0,0,0,0,0.0142899970020985,0,0,0,0,9.9930048965724e-05,0.00229839112621165,0,0,0,0,0,0.00559608274208054,0.0201858698910762,0,0,0,0,0.000899370440691516,0,0,0.000199860097931448,0.0425702008593984,9.9930048965724e-05,0,0.000299790146897172,0,0,0.00379734186069751,0,0.000199860097931448,0,0,0.000399720195862896,0,0.00729489357449785,0,0,0,0,0,0.000299790146897172,0,0.000799440391725792,0,0,0,9.9930048965724e-05,0,0,0,0,0.00179874088138303,0,0.000199860097931448,0,0,0,0,0,9.9930048965724e-05,0.000199860097931448,0,0,0,0,0.00219846107724593,0,0,0,0,0,0.00519636254621765,0.00339762166483462,0,0,0,0,0,0,0,0.00099930048965724,0,0,0,0.0719496352553213,0.0074947536724293,0.00439692215449186,0.00309783151793744,0,9.9930048965724e-05,0,0,0,0,0,0.00049965024482862,0,0.00349755171380034,0,0.0131907664634756,0,0.0024982512241431,0.00149895073448586,0,0,0,0,0,0,0.000299790146897172,0,0.00139902068552014,0,0,0.000399720195862896,0,0,0.00299790146897172,0,0,0.0099930048965724,0,0,0,0,0,0.00479664235035475,0,0,0,0,0,0.000399720195862896,0,0,0,0,0.0234835615069451,0,0.00229839112621165,0.000799440391725792,0.000199860097931448,0,9.9930048965724e-05,0.00109923053862296,0.000699510342760068,0,0,0,0,0.00389727190966324,0,0.00129909063655441,0.0214849605276307,9.9930048965724e-05,0,0,0,0,9.9930048965724e-05,0.0879384430898371,0,0,0.00319776156690317,0,0,0.00159888078345158,0,0,0,0.000799440391725792,0,0,0,0,0,0,0.00159888078345158,0,0,0.00169881083241731,0
0,0,0,0,0,0,0,0,0,0,0,0,0.00140042012603781,0,0,0,0,0,0,0,0,0,0,0.00140042012603781,0,0.779833950185056,0,0,0.0162048614584375,0,0.000100030009002701,0,0,0,0,0,0,0.00160048014404321,0,0,0,0,0,0,0,0,0,0,0,0,0,0,0,0,0,0,0,0,0,0,0,0,0,0,0,0,0,0,0,0,0,0,0,0,0,0,0,0,0,0,0,0,0,0,0,0.000400120036010803,0.0942282684805442,0,0,0,0,0,0.000500150045013504,0,0,0.000100030009002701,0,0,0,0,0,0.0262078623587076,0,0,0,0,0,0,0,0.00680204061218365,0,0,0,0,0,0,0,0,0,0,0,0,0,0.000200060018005402,0,0,0,0,0,0,0,0,0.000200060018005402,0,0,0,0.00380114034210263,0,0,0,0.0100030009002701,0,0,0,0,0,0,0,0,0,0,0,0,0,0,0,0,0.000200060018005402,0,0,0,0,0,0,0,0,0,0,0,0,0,0,0.000200060018005402,0,0,0,0,0,0,0,0,0,0,0,0,0.000100030009002701,0,0,0,0,0,0,0.00420126037811343,0,0,0.00220066019805942,0,0,0,0,0,0,0,0,0.000100030009002701,0,0,0,0,0.00470141042312694,0,0,0,0,0,0,0,0,0,0,0,0,0,0,0,0,0,0,0,0,0,0,0,0,0,0,0,0,0,0,0,0,0,0,0,0,0,0,0,0,0,0,0,0,0,0.000900270081024307,0,0,0,0,0,0,0,0,0,0,0,0.00660198059417825,0,0.000200060018005402,0,0,0.0366109832949885,0,0,0,0,0,0,0.000800240072021606,0,0,0,0,0,0,0,0.000200060018005402,0,0,0,0,0,0,0,0,0,0,0,0,0
0,0,0,0,0,0,0.000199900049975012,0,0,0,0,0,0,0,0.00169915042478761,0,0,0,0,0,0.016591704147926,0.00679660169915042,0.000399800099950025,9.99500249875062e-05,0,0.215792103948026,0,0,0.00199900049975012,0,0.0198900549725137,0,0,0.00629685157421289,0,0,0.00229885057471264,0,0,0,0,0,0,0,9.99500249875062e-05,0.0194902548725637,0,0.00079960019990005,0,0,0,0,0,0,0,0,0,0,0,0,0,0.015192403798101,0,0,0,0,0.00559720139930035,0,0,0,0,0,0,0.00259870064967516,0,0,0,0,0,0,0,0,0,0,0.119140429785107,0.000199900049975012,0.0221889055472264,0,0,0.00619690154922539,0,0.000299850074962519,0.000599700149925037,0,0,0,0,0,0.00549725137431284,0,0,0,0,0,0,0.0154922538730635,0,0.00379810094952524,0,0.0031984007996002,0,0,0,0.00199900049975012,0.00209895052473763,0.000299850074962519,0,0,0.00809595202398801,0,0,0,0,0,0.00299850074962519,0,0,0,0,0,0.0565717141429285,0.00569715142428786,0,0,0,0.000499750124937531,9.99500249875062e-05,0,0,0,0.000199900049975012,0.000399800099950025,0,0,0,0,0,0,0.00289855072463768,0.000699650174912544,0,0,0.00149925037481259,0.00339830084957521,0,0,0,0,0,0.00469765117441279,0,0.00939530234882559,0,0,0,0.0278860569715142,0,0,0,0,0,0,9.99500249875062e-05,0,0,0,0.0146926536731634,0,0.00549725137431284,0,0,0,0,0,0,0,0,0.0079960019990005,0,0,0,0.00679660169915042,0,0,0,0.0063968015992004,0.000699650174912544,0.00469765117441279,0,0,0,0,0,0,0,0,0,0,0,0,0.00349825087456272,0,0,0,0,0.00329835082458771,0,0,0.00149925037481259,0,0,0.0468765617191404,0,0,0,0,0,0,0,0.0129935032483758,0.0137931034482759,0,0,0.00459770114942529,0,0,0.000199900049975012,0,0.00079960019990005,0,0,0,0.0410794602698651,0,0,0,0,0,0,0,0.00719640179910045,0.000399800099950025,0,0,0,0,0.000199900049975012,0,0,0,0.000299850074962519,0,0,0,0,0,0,0,0,0.000999500249875062,0,0,0.0201899050474763,0,0,0,0,0,0,0.154622688655672,0,0,0,0,0,0,0,0,0.00219890054972514,0,0,0,0,0,0.00609695152423788,0.00169915042478761,0.00219890054972514,0,0,0.00649675162418791,0
0,0,0,0,0,0,0,0.0078,0,0,0,0,0,0,0.053,0,0,0,0,0,0,7e-04,0,0,0,0.011,0,0,5e-04,0,0.0484,0,0,0,0,0,0.0302,2e-04,0,0,0,0,0,0.0121,0,0.0024,0,0,0,0,0,0,0,0,0,0,0,0,0,1e-04,0,0,0,0,0,0,0,0,0,0,0,0,0,0,0,0,0,0,0,0,0,0,0,0,0,0,0,0,0,0.0171,0,3e-04,0,0,0,0,0,0,0,0,0,0,0,0,0,0,0,0.0954,0,0,0,0,0,0.0133,0,0,0,0,0,2e-04,0,0,0,0,0.0406,0,0,0,0,0,0,0,0,3e-04,0,0,0.003,0,0,0,0,0,0,0,0,0,0,0,0,0,3e-04,0,0,0,0,0,0,0,0,0,0,0,0,0,0,0,0,0,0,0,0,0,0,0,0,0,0,0,0.0133,0,0,0,0,0,0,0,4e-04,0,0,0,0,9e-04,0,0,0,0,0.0191,0,0,0,0,0,0,0,0.0445,0,0,0,0,0,0,0,0,0,0,0,0.0024,0,2e-04,0,0,0,0,0,0,0,0,0,0,0,8e-04,0,0,0.1108,0,0,0,0,0,0,0,1e-04,0,0,0,0,0,0,0,0,0,0,0,0,0,0,0,0,2e-04,0,0,0,0,0,0,0,0,0,0,0.0907,0,0,0,0,0,0,0,0,0,0.328,0,0,0.0369,0,0,0,0,0,0,0,0,0,0,0,0,0,1e-04,0,0,0.0147,0
0,0.000299730242781497,0,0,0,0,0,0,0,0,0,0,0,0,0.00379658307523229,0,0.000199820161854331,0,0,9.99100809271655e-05,0.00229793186132481,0.00089919072834449,0,0.00119892097112599,0,0.327904885602957,0,0,0.00979118793086222,0.00129883105205315,0,0,0,0.00439604356079528,0,0,0.0163852532720552,0.00659406534119293,0,0,0,0,0,0,0,0.00139874113298032,0,0,0,9.99100809271655e-05,0.000299730242781497,0,0,0,9.99100809271655e-05,9.99100809271655e-05,0,9.99100809271655e-05,0,0.00779298631231891,0,0.0031971225896693,0.000299730242781497,0,0.000399640323708662,0.000299730242781497,0.00439604356079528,0,0,0.00419622339894095,0.000499550404635828,0,0,0,0,0,0,0,0,0.000299730242781497,0,0.000199820161854331,0.00769307623139175,0,0.00479568388450395,0.00919172744529923,0.0191827355380158,9.99100809271655e-05,0.000199820161854331,0.00189829153761615,0.000499550404635828,0.000499550404635828,0.000199820161854331,0,0,0.000499550404635828,0,0,0.000399640323708662,0,0,0.00519532420821261,0,0,0.00089919072834449,0.00089919072834449,0.000299730242781497,0.0246777899890099,9.99100809271655e-05,0.00179838145668898,0,9.99100809271655e-05,0,0.0188830052952343,0.000399640323708662,9.99100809271655e-05,0.00719352582675592,0,0.0321710460585473,0,0.00209811169947048,0,0,0,0.0028973923468878,0,0,0.0503546807872914,9.99100809271655e-05,0,0.0117893895494055,0.0415625936657009,0,0,0.0060945149365571,0,0.011489659306624,0,0,0.00089919072834449,0.000199820161854331,9.99100809271655e-05,0,0,0,0,0.000399640323708662,0,0.0025976621041063,0,0,0.00829253671695474,0.00349685283245079,0,9.99100809271655e-05,0,0,0,0.000299730242781497,0.000599460485562993,0,0,0,0.00309721250874213,9.99100809271655e-05,0,0,0,0,0,0,0,9.99100809271655e-05,0.000499550404635828,0,0,0.00499550404635828,0.0025976621041063,0.00089919072834449,0,0,0,0,0,0,0,0,0,0.00189829153761615,0,0,0.00469577380357678,0,0,0,0,0,0,0,0,0,0,0,9.99100809271655e-05,0,0.00119892097112599,0,0,0,0,0,0,0,0,0.000299730242781497,0.0025976621041063,0.000999100809271655,0.000699370566490159,0,0.00159856129483465,0.0245778799080827,0.0287741033070237,0,0.000299730242781497,9.99100809271655e-05,0.000799280647417324,0,0,0.00239784194225197,0.00129883105205315,0.00339694275152363,0,0,0.000699370566490159,0,0,0,0.000499550404635828,0,0,0,0,0,0,0,0.00189829153761615,0,0,0,0,0,0,0.000699370566490159,0,0.000399640323708662,0.000399640323708662,0.00169847137576181,0,0.000599460485562993,0,9.99100809271655e-05,0,0,0.000699370566490159,0,0,0,0,0,0.0151863323009292,0,0.0025976621041063,0.0484563892496753,0,0,0,0.00439604356079528,0,0.000699370566490159,0.133979418523329,0,0,0.0131881306823859,0,0,0,0,0.000199820161854331,0,0.000499550404635828,0,0,0,0,9.99100809271655e-05,0.000299730242781497,0.00209811169947048,0.00109901089019882,0,0.00139874113298032,0
0,0,0,0,0,0,0,0,0,0,9.99800039992002e-05,0,0,0,0.0001999600079984,0,0,0,0,0,0.000899820035992801,0.0022995400919816,0,0,0,0.0463907218556289,0,0,0.000599880023995201,0.0013997200559888,0.00379924015196961,0,0,0.0261947610477904,0,0,9.99800039992002e-05,0.0222955408918216,0,0,0,0,0,0,0,0.0010997800439912,0,9.99800039992002e-05,0,0,0.000399920015996801,0,0,0,0.00339932013597281,9.99800039992002e-05,0,0,0,0.000999800039992002,0,9.99800039992002e-05,0,0,0,0,0.00379924015196961,0,0.001999600079984,0,0.0028994201159768,0,0,0,0.000599880023995201,0,9.99800039992002e-05,0,0,9.99800039992002e-05,0,0,0.0233953209358128,0,0,0,0,0,0,0.000399920015996801,0.0251949610077984,9.99800039992002e-05,0.00659868026394721,0,0,0,0,0,0.00629874025194961,0,0.0015996800639872,0,0,0,0.000599880023995201,0,0,0.0591881623675265,0,0.00489902019596081,0,0,0,9.99800039992002e-05,0,0,0,0.0001999600079984,0.000799840031993601,0,0.00939812037592481,0.00599880023995201,0,0,0.0001999600079984,0,0.0100979804039192,0,0,0.0142971405718856,0.181963607278544,0.00329934013197361,0,0,0,0.0001999600079984,9.99800039992002e-05,0,0,0,0,0,0,0,0,0,0,0.019496100779844,0.00339932013597281,0,0,0,0.0022995400919816,0,0,0,0,0,0.000799840031993601,0,0,0,0,0,0,0,0,0,0,0.001499700059988,0.000899820035992801,0,0.0016996600679864,0,0,0,0.00369926014797041,0.000799840031993601,9.99800039992002e-05,0,0,0,0,0,0,0,0,0,0.00819836032793441,0,0,0.0013997200559888,0,0,0,0,0.00579884023195361,0.0141971605678864,0,0,0,0,0,9.99800039992002e-05,0,0,0,0,0,0,0,0,0,0.000699860027994401,0.0001999600079984,0.00439912017596481,9.99800039992002e-05,0.0108978204359128,0,0,0.00569886022795441,0.0126974605078984,0.0471905618876225,0,0,0,0,0,0.000499900019996001,0.0122975404919016,0.000599880023995201,0,0,0.0001999600079984,0,0,0.000599880023995201,0,0,0,0,0,0.140171965606879,0,0,0,0,0,0,0,0,0,0.000899820035992801,0,0.000399920015996801,0,0.0012997400519896,0.000699860027994401,0.0002999400119976,0.031493701259748,0.0001999600079984,0,0,0.000399920015996801,0,0,0,0,0,0.0015996800639872,0,0.00819836032793441,0.0226954609078184,0,0,0,0,0,9.99800039992002e-05,0.124675064987003,0,0,0.0025994801039792,0,0,0,0,0,0.00349930013997201,0.00349930013997201,0,0,0,0,0.0017996400719856,0,0,0.0167966406718656,0,0.00329934013197361,0
0,0,0,0,0,0,0,0,0,0,0,0,0,0,0.000599820053983805,0,0,9.99700089973008e-05,0,0,0.0228931320603819,0.00289913026092172,0,0.000199940017994602,0,0.00879736079176247,0,0,0.000299910026991902,9.99700089973008e-05,0.00569829051284615,0,0,0.00169949015295411,0,0,0,0,0,0,0,0,0,0,0,0.117364790562831,0,0.000299910026991902,0,0,0,0,9.99700089973008e-05,0.000299910026991902,0,0,0,0,0,0.0282915125462361,0,0,0,0,0,0,0.00279916025192442,0,0.000399880035989203,0,0.00799760071978406,0,0,0,0,0,0,0,0,0.0420873737878636,0,0.000699790062981106,0.0224932520243927,0,0,9.99700089973008e-05,0,9.99700089973008e-05,0,0.000999700089973008,0,0,0.000499850044986504,0,0,0.0120963710886734,0,0,0.00899730080975707,0,0,0,0,0.000199940017994602,0.00339898030590823,0,0.00819754073777867,0.0221933419974008,0,0.0234929521143657,0,0,0,0.00189943017094872,0.000199940017994602,9.99700089973008e-05,0,9.99700089973008e-05,0.00409877036888933,0,0,0,0,9.99700089973008e-05,0.00109967009897031,0.00849745076477057,0,0,0,0,0,0.081075677296811,0,0,0,0,9.99700089973008e-05,0,0,0,0.00179946016195141,0,0,0,0,0,0,0,0,0,0.00139958012596221,0,0,0,0,0,0,0,0,0.0170948715385384,0,0,0,0,0,0,0,0,0,0,0.000399880035989203,0,0.0141957412776167,0,0,0,0,0,0.00559832050384884,0,0,0,0,0,0,0,0,0.0113965810256923,0,0,0,0.000199940017994602,0,0,0,0,0,0,0,0,0,0,0,0.100969709087274,0,0.000399880035989203,0,0,0,0.000299910026991902,0,0,0.000399880035989203,0,0.000299910026991902,0,0.00769769069279216,0.0148955313405978,0.0164950514845546,0,0.00179946016195141,0,0,9.99700089973008e-05,0,0,0,0,0.0116964910526842,0,0.0750774767569729,0,0,0.00829751074677597,0,0,0,0,0,0,0,0,0,0,9.99700089973008e-05,0,0,0,0,0,0,0,0.00339898030590823,0,0.000299910026991902,0,0,0,0,0.00179946016195141,0,0,0,0,0,0,0,0,0,0.00149955013495951,0,0.00469859042287314,0.00279916025192442,0,0,0,0,0.000799760071978406,0,0.236129161251625,0,0,0.00749775067479756,0.000199940017994602,0,0,0,9.99700089973008e-05,0,0,0,0,0,0,0.00539838048585424,0,9.99700089973008e-05,0,0,0.000999700089973008,0
9.98601957259836e-05,0,0,0,0,0,0.00159776313161574,0,0,0,0,0,0,0,0.00139804274016377,0,0,0,0,0,0,0.006091471939285,0,9.98601957259836e-05,0,0.344517675254643,0,0,0.00109846215298582,0,9.98601957259836e-05,0,0,0.00279608548032754,0,0,0.0011983223487118,0.000599161174355902,0.000199720391451967,0,9.98601957259836e-05,0,0,0,0,0.166466946275215,0,0.000199720391451967,0,0,0,0,9.98601957259836e-05,0,0,0,9.98601957259836e-05,0,0,0.00159776313161574,0,0,0,0,0,0,0.00649091272218894,0,0,0,0.00679049330936689,0,0,0,0,0,0.000199720391451967,0,0,0.00449370880766926,0.000199720391451967,0,0,0,0,0,0,0,0,0.00339524665468344,0,0.000199720391451967,9.98601957259836e-05,0,0,0.000299580587177951,0,0,0,0,0,0.000898741761533853,0,0,0,0.000299580587177951,0,0.00149790293588975,0,0.0042939884162173,0,0,0,0.00938685839824246,9.98601957259836e-05,0,0.0141801477930897,0,0.00948671859396844,0,0.00419412822049131,0,0,0,0,0,0,0,0,0,0.0207709207110046,0,0,0,0,0,9.98601957259836e-05,0,0,0,9.98601957259836e-05,0,0,0,0,0,9.98601957259836e-05,0,0,0,0,0,0,0,0,0,0,0,0,0.00239664469742361,0.00249650489314959,0.00229678450169762,0.000199720391451967,0,0,0,0,0,0,0,0.000299580587177951,0,0,0,0,0,0.00399440782903935,9.98601957259836e-05,0.00259636508887557,0,0,0.00329538645895746,0,0,0,0,0,0,0,0,0,0.00519273017775115,0,0.000399440782903934,0,0,0.000399440782903934,0.00629119233073697,0,0,0,0.000998601957259836,0,0,0.00619133213501098,0,0,0,9.98601957259836e-05,0,0,0,0,0,0,0.00209706411024566,0.00109846215298582,0,9.98601957259836e-05,0.000199720391451967,0,0.00449370880766926,0,0,0,0,0,0,0.00699021370081885,0.00149790293588975,0,0,0,0.024465747952866,0,0,0,9.98601957259836e-05,0,0,0,0,0.0141801477930897,0,0,0,0,0,0.000199720391451967,0,0.0162772119033353,0,9.98601957259836e-05,0,9.98601957259836e-05,0,0,0,0,0,0,0,0,0,0,0,0,0,0,9.98601957259836e-05,0,0,0.00928699820251648,0,0.00359496704613541,0,0,0,0,0.228779708408228,0,0,0.0236668663870581,9.98601957259836e-05,0,0,0,0,0,0,0.00369482724186139,0,0,0,0,0,0.000299580587177951,0,0,0.00539245056920312,0
0,0,0,0,0,0.000199940017994602,0.00349895031490553,0,0,0,0,0,0,0,0.00259922023392982,0,0,0,0,0,0,0.00189943017094872,0,0.000299910026991902,0,0.0761771468559432,0.00109967009897031,0,0.000199940017994602,0.000199940017994602,0.0364890532840148,0,0,0.00249925022493252,0,0,0,0,0.000199940017994602,0,0,0.000299910026991902,0,0.0113965810256923,0,0.00589823053084075,0,0,0,0,0,0,0,0,0,0,0,0,0,0,0.000299910026991902,0,0.000199940017994602,0,0,0,0.00729781065680296,0,0.00189943017094872,0,0,0,0,0,0,0,0,0,0,0,0,0,9.99700089973008e-05,0,0,0,0.0194941517544737,0,0,0,0,0.000299910026991902,0.000799760071978406,0,0,0,0,0,0,0,0,0,0,0,0,0.00149955013495951,0,0.0514845546336099,0,0,0,0,0,0.00299910026991902,0.000399880035989203,0.000199940017994602,0.00159952014395681,0,0,0,0.0156952914125762,0,0,0.000499850044986504,0.00299910026991902,0,0,0,0,0,0.203239028291513,0.000699790062981106,0,0,0,0.00299910026991902,9.99700089973008e-05,0,0,0,9.99700089973008e-05,0,0,0,0,0,0,0,0.00469859042287314,0,0,0,0,0.000699790062981106,0,0,0,0,0,0.000499850044986504,0,0.00239928021593522,0.00159952014395681,0,0,0.0257922623213036,0,0,0,0,0,0,0,0,0,0,0.00489853044086774,0,0.00239928021593522,0,0,0,0,0,0,0,0,0,0,0,0,0.00419874037788663,0,0,0,0,0.000799760071978406,0.00449865040487854,0,0,0,0,0,0,0,0,0,0,0,0,0.0399880035989203,0,0,0,0,0.00359892032390283,0.00199940017994602,0,9.99700089973008e-05,0,0,0,0.01629511146656,0,0,0,0,0,0,0,0,0,0,0,0,0,0,0,0,0,0.0154953513945816,0,0.148655403378986,0,0,0,0,0,0,0,0,0,0.000299910026991902,9.99700089973008e-05,0,0.000199940017994602,0.000599820053983805,0,0,0,0,0,0,0,0,0,0,0,0,0.0720783764870539,0,0,0.0212936119164251,0,0,0,0,0,0,0.144156752974108,0,0,0.0130960711786464,0,0,0,0,0,0,0.00129961011696491,0,0,9.99700089973008e-05,0,0,0,0.00109967009897031,0,0,0.00919724082775168,0
0,0,0,0,0,0,0.000199940017994602,0,0,0,0,0,9.99700089973008e-05,0.000499850044986504,0.000399880035989203,0,0,0,0,0,0.00879736079176247,0.00289913026092172,0,0,0,0.103069079276217,9.99700089973008e-05,0,0.000599820053983805,0.00209937018894332,0.00939718084574628,0,0,0.000199940017994602,0,0,9.99700089973008e-05,0,0,0,0,0,0,0.021593521943417,0,0.0259922023392982,0.0206937918624413,0.000199940017994602,0,0,0,0,0,0,0.0308907327801659,0,0,0,0.00239928021593522,0.0419874037788663,0,0,0,0,0,0.010296910926722,0.00999700089973008,0,0,0.0197940617814656,0,0,0,0.00169949015295411,0,0,0,0,0,0.00779766070178946,0,0.00199940017994602,0.00579826052184345,0,0.00299910026991902,0.000199940017994602,0,0,0,0.0106967909627112,0,0.000399880035989203,0.000199940017994602,0,0,0,0,0,0,0,0,0,0,0,0.000199940017994602,0,0,0.0464860541837449,0,0,0,0,9.99700089973008e-05,0.211336599020294,0,0,0,0,0.00819754073777867,9.99700089973008e-05,0,0,0,0,0.00719784064780566,0,0.0314905528341498,0,0,0,0.00869739078276517,0.00859742077376787,0,0,0,0,0.000699790062981106,0,0,0,0,0,0,0,0,0,0,0,0,0,0.00289913026092172,0,0.000199940017994602,0,0,0,0,0,0,9.99700089973008e-05,0,0,0,0,0,0,0,0,0.000399880035989203,0,0,0,0,0,0,0,0,0.00209937018894332,0.0588823352994102,0.000299910026991902,0,0,0,0,0,0,0.000299910026991902,0,0,0,0,0.0175947215835249,0,0,0,0,0,0,0,0,0,0,0,0,0,0.000799760071978406,0,0,9.99700089973008e-05,0,0,0,0,0,0,0,0.0108967309807058,0,0,0,0.00779766070178946,0.0171948415475357,0,0,0,0,0,0,0.0266919924022793,0,0,9.99700089973008e-05,0,0.0310906727981606,0,0,0,0,0,0.000999700089973008,0,0,0,0,0,0,9.99700089973008e-05,0,0,0,0.000799760071978406,0,0,0,0,0.00669799060281915,9.99700089973008e-05,0,0,0,0.000199940017994602,0,0,0.000499850044986504,0,0,0.00309907027891633,0,0.0323902829151255,0,0,0,0.0430870738778366,0,0,0,0,0,0,0.0332900129961012,0,0,0.0151954413675897,0,0,0,9.99700089973008e-05,0,0,0.0146955913226032,0,0,0,0,0,0,0.00279916025192442,0,0,0.00129961011696491,0
0.0004995004995005,0,0,0,0,0,0.0001998001998002,0.0010989010989011,0,0,0,0,0,0,0.000799200799200799,0,9.99000999000999e-05,0,0,0,0.00789210789210789,0.0004995004995005,0,0,0,0.372427572427572,0,0,0.0003996003996004,9.99000999000999e-05,9.99000999000999e-05,0,0,0.000999000999000999,0,0,0.0001998001998002,9.99000999000999e-05,0,0,0,0,0,0.00549450549450549,0,0.0001998001998002,0,0.0004995004995005,0,0,0,0,0,0,0.0002997002997003,0,0,0,0,0,0,0,0,0,0,0.0004995004995005,0.004995004995005,0,0,0,0.0003996003996004,0,0,0,0,0,0,0,0,9.99000999000999e-05,0,0,0.0003996003996004,0,0.000799200799200799,0.0004995004995005,0.0040959040959041,0.0035964035964036,0,0.000999000999000999,0,0.0004995004995005,0,0,0,0.0004995004995005,0,0,9.99000999000999e-05,0,0,0.0023976023976024,0,0,9.99000999000999e-05,0.0004995004995005,0,0.0262737262737263,0,0,0,0,0,9.99000999000999e-05,0.000899100899100899,0.0004995004995005,0.0012987012987013,0,0.00799200799200799,0.000599400599400599,0.0126873126873127,0,0.0002997002997003,0,0.000599400599400599,0.0021978021978022,0,0,0,0.00919080919080919,0.00989010989010989,0.0002997002997003,0,0,0,0,0.0022977022977023,0,0,0,0.0043956043956044,0,0,0,0,0,0,0,0.0020979020979021,0,0,0,0,0,0.0003996003996004,0,0,0,0,9.99000999000999e-05,0,0,0.0004995004995005,9.99000999000999e-05,0,0,0,0,0,0,9.99000999000999e-05,0,0.0001998001998002,0,0.0043956043956044,0,0.0020979020979021,9.99000999000999e-05,9.99000999000999e-05,0,0,0,0,0,0,0,0,0.0001998001998002,0.0003996003996004,0,0,0.0014985014985015,0,0,0,0,0,0.00549450549450549,0,0,0,0,0,0,9.99000999000999e-05,0.004995004995005,0,0,0,0,0.00749250749250749,0,0,0.0004995004995005,9.99000999000999e-05,0.0026973026973027,0.0002997002997003,0,0,0.0003996003996004,0.0011988011988012,0.0258741258741259,0.0024975024975025,0,0,0,0,0,0.0012987012987013,0.0021978021978022,0.00559440559440559,0,0,0.0132867132867133,0,0,9.99000999000999e-05,0,0,0,0,0,0.00939060939060939,0,0,0,0,0,0,0.0020979020979021,0,9.99000999000999e-05,0.0002997002997003,0,0.0001998001998002,0.000699300699300699,0,9.99000999000999e-05,9.99000999000999e-05,0.0030969030969031,0,0,0,0.0003996003996004,0,0,0,0,0.0001998001998002,0.382417582417582,0,0.0004995004995005,0.00819180819180819,0,0,0,0,0,9.99000999000999e-05,0.0003996003996004,0,0,9.99000999000999e-05,0,0,0,0,0,0,0.0001998001998002,0.00689310689310689,0,0,9.99000999000999e-05,0.000699300699300699,0,0.0011988011988012,0,0,0.0041958041958042,0
0,0.0115976804639072,0,0,0,0,0,0,0,0,0,0,0,0,9.99800039992002e-05,0.000899820035992801,0,0,0,0,0,0.00849830033993201,0,9.99800039992002e-05,0,0.172765446910618,0,0,0.0001999600079984,9.99800039992002e-05,0,0,0,0.0022995400919816,0,0,9.99800039992002e-05,0,0,9.99800039992002e-05,0,0,0,0,0,0.0031993601279744,0,0,0,0,9.99800039992002e-05,0,0,0,0,0,0,0,0,0,0,0,0,0,0,0,0.00599880023995201,0,0,0,0,0,0,0,0,0,0,0,0,0.0028994201159768,0,0,0.0336932613477305,0,0,9.99800039992002e-05,0.0957808438312338,0,0,0.000999800039992002,0,9.99800039992002e-05,0.000499900019996001,0,0,0,0,0,0.00249950009998,0,0,0.001499700059988,0,0,0,0,0,0.000999800039992002,0,0.00459908018396321,0,0,0.0013997200559888,0.0791841631673665,0,0,0,0,0.0372925414917017,0,0,0,0,0.0001999600079984,0.0754849030193961,0,0,0,0,0,0.132773445310938,0,0,0,0.000499900019996001,0,9.99800039992002e-05,0,0,0,0.0001999600079984,0,0,0,0,0,0,0,0.0017996400719856,0,0,0,0.0001999600079984,0,0,0,0,0,0,0,0,0.00779844031193761,0,0,0,0,0,0.0018996200759848,0,0,0,0,0.0001999600079984,0,0,0,0.00539892021595681,0.000999800039992002,0,0,0,0.0010997800439912,0,0,0,0,0,0,0,0,0,0.0102979404119176,9.99800039992002e-05,9.99800039992002e-05,0,0,0,0,0,0,0,0,0,0,0,0,0,0,9.99800039992002e-05,0,0.010997800439912,0,0,0,9.99800039992002e-05,0.0028994201159768,0,0,0.0113977204559088,0,0,0,0,0,0,0,0,0,0,0,0,0,0,0.000599880023995201,0,0,0,0.0001999600079984,0,9.99800039992002e-05,0,0,0,0,0,0,0,0,0,0,0,9.99800039992002e-05,0,9.99800039992002e-05,0,0,0.0001999600079984,0,0,0.0265946810637872,0,0,0,9.99800039992002e-05,9.99800039992002e-05,0,0,0,0,0.0002999400119976,0,0,0.0321935612877425,0,0,0,0,0,0,0.121175764847031,0,0.0370925814837033,0.0400919816036793,0,0,0,0,9.99800039992002e-05,0,0,0,0,0,0,0.000899820035992801,0,0.000599880023995201,0,0,0.00719856028794241,0
0,0,0,0,0,0,0.0045995400459954,0,0,0,0,0,0,0,0.0024997500249975,0,0,0,0,0,0,0.0013998600139986,0,0,0,0.113388661133887,0,0,0.006999300069993,0,0,0,0,0,0,0,0.0012998700129987,0,0,0,0,0,0,0,0,0.0143985601439856,0,0,0,0,0,0,0,9.99900009999e-05,0,0,0,0,0,0.0007999200079992,0,0,0,0.0001999800019998,0,0,0.0103989601039896,0,0,0,0.0012998700129987,0,0,0,0,0,0,0,0,0.0054994500549945,0,0,0.0048995100489951,0,0,0,0,0,0,0,0.130586941305869,0,0.0244975502449755,0,0,0.0051994800519948,0,0,0,0,0,0,0,0,0,0,0,0.0007999200079992,0,0,0,0,0,0,0,0.0118988101189881,0,0,9.99900009999e-05,0,0.0064993500649935,0,0,0,0.0071992800719928,0,0,0,0,0,0.0426957304269573,0,0,0,0,0,0,0.0008999100089991,0,0,9.99900009999e-05,0,0,9.99900009999e-05,0,0,0,0,0.007999200079992,0.0002999700029997,0,0,0,0,0,0,0,0,0,0.0097990200979902,0,0,0,0,0,0,0,0,0,0,0,0,0,0,0,0,0.0075992400759924,0,0,0,0,0,0,0,0,0,0,0,0,0,0,0,0,0,0,0,0.0181981801819818,0,0,0,0,0,0,9.99900009999e-05,0.0254974502549745,0,0,0,0,0,0.0017998200179982,0,0,0,0,0.0028997100289971,0.0222977702229777,0,0,0,0.0002999700029997,0.0128987101289871,0,0,0,0,0,0,0.0075992400759924,0,0,0,0,0.271272872712729,0,0,0,0.0001999800019998,0,0,0,0,0,0,0.0086991300869913,0,0,0,0,0,0,0,0,0,0,0.0207979202079792,9.99900009999e-05,0,0.0015998400159984,0,0,0,0,0,0,0,0,0,0,0.0175982401759824,0,0,0.0266973302669733,9.99900009999e-05,0,0,0,0,0,0.126787321267873,0,0,0.0101989801019898,0,0,0,0,0,0,0,0,0,0,0,0,0,0.0002999700029997,0,0,0,0
0,0,0,0,0,0,0,0,0,0,0,0,0,0,0.0001999800019998,0,0,0,0,0,0,0.0005999400059994,0,0,0,0.436056394360564,0,0,0.0005999400059994,0.0002999700029997,0,0,0.0021997800219978,0,0,0,0.0007999200079992,0.0084991500849915,0,0,0,0,0,0,0,0.0103989601039896,0,0,0,0,9.99900009999e-05,0,0,0,0,0,0,0,0,0,0,0,0,0,0,0,0.0155984401559844,0,0.0038996100389961,0,0.0016998300169983,0,0,0,0,0,0,0,0,9.99900009999e-05,0,0,0,0,0,0.0007999200079992,0,0,0,0.0008999100089991,0,0.0005999400059994,0,0,0,0,0,0,0,9.99900009999e-05,0,0,0,0,0.0006999300069993,0,0,0.0030996900309969,0,0,0,0,0,0.0041995800419958,0,0,0.0022997700229977,0,0.0340965903409659,0,0.0083991600839916,0,0,0,9.99900009999e-05,0,0.0007999200079992,0,0,0,0.0190980901909809,0,0,0,0,0,0,0,0,0,0.0001999800019998,0,0,0,0,0,0,0,0.0025997400259974,0,0,0,0.0002999700029997,0,9.99900009999e-05,0,0,0,0,0,0,0.0100989901009899,0,0,0,0.0254974502549745,0,0,0,0.0023997600239976,0,0.0002999700029997,0.0002999700029997,0,0,0,0.0097990200979902,0.0005999400059994,0.0058994100589941,0,0,0,0,0,0,0,0,0,0,0,0,0,0,0,0,0,0.0035996400359964,0.0134986501349865,0,0,0,0,0,0.0042995700429957,0,0,0,0,0,0,0,0,0,0,0,0,0.0047995200479952,0,0,0,0.0006999300069993,0,0,0,0,0,0,0,0,0.004999500049995,0.0022997700229977,0,0,0.004999500049995,0,0,0,0,0,0,0,0,0.0012998700129987,0,0.0003999600039996,0,0,0,0,0,0,0,0,0,0,0,0.0005999400059994,0,0.0002999700029997,0,0,0,0,0,0.0002999700029997,0,0,0,0,0.0004999500049995,0,0,0.0127987201279872,0.0004999500049995,0,0,0,0,0,0.316868313168683,0,0.0001999800019998,0.00999900009999,0,0,0.0018998100189981,0,0,0,0,0,0,0,0,0,0,0.0007999200079992,0,0,0,0
0,0,0,0,0,0,0,0,0,0,0,0,0.000199920031987205,0,0.0179928028788485,0,0,0,0,0,0,9.99600159936026e-05,0,0,0,0.227409036385446,0,0,0,0,0,0,0,0,0,0,0.00079968012794882,9.99600159936026e-05,0,0,0,0,0,0,0,0.000199920031987205,0,0,0,0,0,0,0,0,0,0,0,0,0,0,0,0,0,0,0,0,0.00659736105557777,0,0,0.0137944822071172,0,0,0,0,0,0,0,0,0,9.99600159936026e-05,0,0,0,0,0,0,0,0,0,0,9.99600159936026e-05,0,0.457017193122751,0,0,0.022890843662535,0,0,0.00159936025589764,0,0,0.000299880047980808,0,0,0,0,0,0.0201919232307077,0,0.00509796081567373,0,0,9.99600159936026e-05,0.00129948020791683,0,0,0,0,0.00239904038384646,0,0.0101959216313475,0,0.00439824070371851,0,0,0,0,0,0,0,0.00899640143942423,9.99600159936026e-05,0,0,0,0,0,0,0,0,0.00209916033586565,0,0,0,0,0,0.00039984006397441,0,0.00269892043182727,0,0,0,9.99600159936026e-05,0,0,0,0.00079968012794882,0,0.000199920031987205,0,0,0,0,0,0,0,0,0.00199920031987205,0,0,0,0,0.0037984806077569,0,0,0,0.0038984406237505,0,0.0278888444622151,0,0,0,0,0,0,0,9.99600159936026e-05,0,0,0,0,0,0,0,0.000199920031987205,0,0,0,0,0,0,0.00509796081567373,0,0,0,0,0,0,0,0,0,0,0,0,0,0,0,0,0,0,0.000699720111955218,0,0,0,0.000299880047980808,0,0,0,0,0,0,0,0,0.022890843662535,0,0,0,0.00079968012794882,0,0,0,0,0.0168932427029188,0,0.000299880047980808,0,0,0,0,0,0,0,0,0,9.99600159936026e-05,0,0,0,0,0,0,0,0,0,0,0,0,0,0,0.0131947221111555,0,0,0.0143942423030788,0,0,0,0,0,0,0.0678728508596561,0,0,0.00419832067173131,0,0,0,0,0,0,0,0,0,0,0,0,0,0.00229908036785286,0,0,0.00479808076769292,0
0,0,0,0,0,0,0,0,0,0.000500150045013504,0,0,0,0,0,0,0,0,0,0,0,0.00170051015304591,0.00230069020706212,0,0,0,0,0,0.060518155446634,0,0,0,0,0,0,0,0.000800240072021606,0,0,0,0,0,0,0,0,0,0,0,0,0,0,0,0,0,0,0,0.00290087026107832,0,0,0.197959387816345,0,0,0,0,0,0.00250075022506752,0.00840252075622687,0,0,0,0,0,0,0.0170051015304591,0.0182054616384915,0,0,0,0,0.0370111033309993,0,0,0,0,0,0.000200060018005402,0,0.000500150045013504,0,0,0,0.00670201060318095,0.00340102030609183,0,0,0,0,0,0.0249074722416725,0,0,0,0,0,0.000400120036010803,0,0,0.0810243072921877,0.0197059117735321,0.0543162948884665,0,0,0,0,0,0.00110033009902971,0,0.000700210063018906,0,0,0,0,0,0,0.0116034810443133,0,0,0,0,0,0,0,0,0.00220066019805942,0,0,0,0,0,0,0.000800240072021606,0,0,0,0,0,0,0,0,0,0,0,0.00160048014404321,0,0,0,0,0,0,0.012703811143343,0,0,0,0,0,0,0,0,0,0,0,0,0,0,0,0,0,0.000300090027008102,0,0,0,0,0,0,0,0,0,0,0,0,0.00370111033309993,0,0,0,0,0,0,0,0,0,0,0,0,0,0,0.00150045013504051,0,0,0,0,0,0,0,0,0,0.000200060018005402,0,0,0.10223066920076,0,0,0,0,0,0,0,0,0,0,0,0,0.000500150045013504,0,0.155746724017205,0,0,0,0,0,0,0,0.00950285085525658,0,0,0.00160048014404321,0,0,0,0,0,0,0,0,0,0.000200060018005402,0,0.000200060018005402,0,0,0,0,0,0,0,0.000500150045013504,0,0,0,0,0,0,0,0,0,0,0,0,0,0,0,0,0,0.0556166850055017,0.000700210063018906,0,0,0,0,0.0453135940782235,0,0,0,0,0,0.000500150045013504,0.0238071421426428,0.0262078623587076,0,0,0,0
0,0,0,0,0.0025976621041063,9.99100809271655e-05,9.99100809271655e-05,0.00149865121390748,0.0969127784993506,0.000499550404635828,9.99100809271655e-05,9.99100809271655e-05,0,0.000499550404635828,0.000599460485562993,0,0,9.99100809271655e-05,0.000199820161854331,0,0.0028973923468878,0.00129883105205315,9.99100809271655e-05,9.99100809271655e-05,0,0.184234189229693,0.000199820161854331,0,0.000699370566490159,0.000199820161854331,9.99100809271655e-05,0,0,0.00469577380357678,0,0,0.0025976621041063,0.00539514437006694,9.99100809271655e-05,0,0,0.000799280647417324,0,0.00379658307523229,0,0.015086422220002,0,0.000199820161854331,0,0,9.99100809271655e-05,0,0,9.99100809271655e-05,0.00089919072834449,0,0,0,0,0.00359676291337796,9.99100809271655e-05,0.00169847137576181,0,0,0,0,0.00269757218503347,0,0,0,0.00089919072834449,9.99100809271655e-05,9.99100809271655e-05,0.0086921770406634,0,0,9.99100809271655e-05,0.000399640323708662,0,0.0028973923468878,0.000199820161854331,0,0.0151863323009292,0,0.00159856129483465,0,0.0212808472374863,0,0,0.00119892097112599,0.244579878109701,0.000199820161854331,0,0.00189829153761615,0,0,0,0,0.00379658307523229,0,0,0,0,0,9.99100809271655e-05,0.0028973923468878,0.0140873214107303,0.00639424517933859,0,0.00209811169947048,0,0,0,9.99100809271655e-05,0,0,0,0.000199820161854331,0.012089119792187,0,0.00219802178039764,0.000299730242781497,0,0,0.00179838145668898,0,0,0,0.000299730242781497,9.99100809271655e-05,0.031971225896693,0.0133879508442402,0,0,0,9.99100809271655e-05,0.000299730242781497,0,0,0,0.0204815665900689,0,0,0,0,0,0,0.00269757218503347,0.00159856129483465,0.000199820161854331,0.00229793186132481,0.00199820161854331,0,0.00179838145668898,9.99100809271655e-05,0,0,0,0,9.99100809271655e-05,0,0.00329703267059646,0.000399640323708662,0.00699370566490159,0,0,0,0,0,9.99100809271655e-05,9.99100809271655e-05,0,0.0113897492256969,0,0,0,0.00399640323708662,0.000499550404635828,0.000199820161854331,0.000299730242781497,0.000299730242781497,0.00179838145668898,9.99100809271655e-05,0,0.000599460485562993,0,0,0,0.00799280647417324,0,0,0.00309721250874213,0.00109901089019882,0,0,0,0.00459586372264962,0.0028973923468878,0,0,0,0,0.00889199720251773,0.000199820161854331,0.0134878609251673,0.00129883105205315,0.000299730242781497,0,0,0.000999100809271655,0.0485562993306025,0.00779298631231891,0,0.000799280647417324,0.000999100809271655,0.00509541412728544,0.00109901089019882,0.00219802178039764,9.99100809271655e-05,0.000199820161854331,0.00139874113298032,0.0198821061045059,0.000699370566490159,0,0.000199820161854331,0,0,0,0,0.0152862423818563,0.00499550404635828,0.000599460485562993,0,0.00109901089019882,0,0.000199820161854331,9.99100809271655e-05,0,0,0,0.00799280647417324,0,0.000399640323708662,0,0,9.99100809271655e-05,0,0,0.000999100809271655,9.99100809271655e-05,0,0.000399640323708662,0.00149865121390748,0,0.000299730242781497,0.000599460485562993,0.000599460485562993,9.99100809271655e-05,0.00089919072834449,0.00109901089019882,9.99100809271655e-05,0.000399640323708662,0,9.99100809271655e-05,0,0,0,0,9.99100809271655e-05,0.000699370566490159,0,0.000399640323708662,0.015685882705565,0,0,9.99100809271655e-05,9.99100809271655e-05,9.99100809271655e-05,0.000199820161854331,0.00149865121390748,0,9.99100809271655e-05,0.00769307623139175,0,0,0,0,0,0.00149865121390748,0.00109901089019882,0,0,0,0,0.000499550404635828,9.99100809271655e-05,0.000399640323708662,0.00089919072834449,0,0.00569487461284844,0.00339694275152363
0,0,0,0,0,0,9.98601957259836e-05,0,0,0,0,0,9.98601957259836e-05,0.024166167365688,9.98601957259836e-05,0,0,0,0,0,0,0,0,9.98601957259836e-05,0,0.277012182943879,0,0,0.000699021370081885,9.98601957259836e-05,0.00818853604953066,0,0,0.00599161174355902,0,0,9.98601957259836e-05,0.0281605751947274,0,0,0,0,0,0,0,0.16087477531456,0,0,0.000299580587177951,0,0.00129818254443779,0,0,0,0,0,0,0,0,0,0,0,0,9.98601957259836e-05,0,0,0.0296584781306171,0,9.98601957259836e-05,0.00748951467944877,0,0,0,0,0,0.000199720391451967,0,0.000499300978629918,0,0,0,0,0.00299580587177951,0,0,9.98601957259836e-05,0.0327541441981226,0,0,0,0,9.98601957259836e-05,0,0,0,0,0,0,0,0,0,0,0,0,0,0,0,0.000399440782903934,0,0,0,0,9.98601957259836e-05,0,0,0,0,0,0.0132814060315558,0,0,0,0,0,0.000499300978629918,0,0,0,0,0,0.0526263231475934,0.0357499500699021,0,0,0,0,9.98601957259836e-05,0,9.98601957259836e-05,0,9.98601957259836e-05,9.98601957259836e-05,0,0,0,0,0.00219692430597164,0,0,0,0,0,0.0042939884162173,0,0,0,0,9.98601957259836e-05,0,0.0011983223487118,0.00239664469742361,0.00449370880766926,0,0,0,0,0,0,0,0,0,0,9.98601957259836e-05,0,0,0,0.00309566606750549,0.0137807070101857,0.0361493908528061,0,0,0.00149790293588975,0,0,0,0,0,0,0,0,0,0.00159776313161574,0,0,0,0,0.00289594567605353,0,0,9.98601957259836e-05,0,0.000299580587177951,0,0,0,0.000299580587177951,0,0,0,0,0.00239664469742361,0,0,0,0,0.00199720391451967,0,0,9.98601957259836e-05,0,0,0.0412422608348312,0,0,0,0,0,0,0,0.00249650489314959,0,0,0,0.00139804274016377,0,0,0,0,0.000699021370081885,9.98601957259836e-05,0,0,0.0221689634511684,0,9.98601957259836e-05,0,0,0,0,0,0,0.000599161174355902,0,0,0,0,0.000699021370081885,0,0,0,0,0,0,0.000299580587177951,0,0,0,0,0,0.00768923507090074,0,0,0.00369482724186139,0,9.98601957259836e-05,0,0,0,0,0.120631116436988,0,0,0.0210705012981825,0,0,0,0,0,0,0,0,0,0,0,0,0,0.00978629918114639,0,0,0.00389454763331336,0
0,0,0,0,0,0.0007999200079992,0,0,0,0,0,0,0,0,0.0001999800019998,0,0,0,0,0,9.99900009999e-05,0.0021997800219978,0,0,0,0.321667833216678,0,0,0,0,0.091990800919908,0,0,0,0,0,0,0,0,0,0,0,0,0,0,0.0027997200279972,0,0.0001999800019998,0,0,9.99900009999e-05,0,0,0,0,0,0,0,0,0,0,0,0,0,0,0,0.0198980101989801,0,0,0,0,0,0,0,0,0,0,0,0,0,0,0,0,0,0,0,0,0,0,0,0,0,0.0256974302569743,0,0,0,0,0,0.0002999700029997,0,0,0.0008999100089991,0,0,0,0,0,0.060993900609939,0,0,0,0,0,0.0011998800119988,0,0,0,0,0.0371962803719628,0.000999900009999,0,0,0.000999900009999,0.0004999500049995,0.0017998200179982,0,0,0,0,0,9.99900009999e-05,0,0,0,0,0,0.0004999500049995,0,0,0,0.0008999100089991,0,0,0,0,0,0,0,0,0,0.0024997500249975,0,9.99900009999e-05,0.0033996600339966,0,0,0,0,0,0,0,0,0,0,0,0,0,0,0,0,0,0,0.0001999800019998,0,0,9.99900009999e-05,0,0.0002999700029997,0,0,0,0,0,9.99900009999e-05,0,0,0,0,0,0,0,0,0,0,0,0,0,0,0,0,0,0,0,0,0,0,0,0,9.99900009999e-05,0,0,0,0,0,0,0,0,0,0,0,0,0,0,0,0,0,0,0.0642935706429357,0.0007999200079992,0,0,0,0,0.132386761323868,0,0,0,0,0,0,0.0001999800019998,0,0.0194980501949805,0,0,0,0,0,0,0,0,0,0,0,0,0,0.0001999800019998,0,0,0,0,0,0,0,0,0,0,0,0,0.0267973202679732,0,0,0.0268973102689731,0,0,0,0,0,0,0.123987601239876,0,0.0002999700029997,0.0197980201979802,0,0,0,0,0,0,0.0005999400059994,0,0,0,0.0008999100089991,9.99900009999e-05,0,0.0012998700129987,0,0,0.0030996900309969,0
0,0,0,0.0001999600079984,0,0,0,0.0016996600679864,0,0,0,0.000699860027994401,0,0,0.0015996800639872,0,0,0,0,0.0001999600079984,0.00989802039592082,0.00399920015996801,0,0,0,0.0614877024595081,0,0.000699860027994401,0.000799840031993601,0.000999800039992002,0.00679864027194561,9.99800039992002e-05,0,0.0105978804239152,0,0,0,0.0027994401119776,0,0,0,0.000699860027994401,0.0101979604079184,0,0,0.013997200559888,0,0.0001999600079984,0,0,0,0,0,0.0001999600079984,0.00329934013197361,0,0,0,0,0.0002999400119976,0,0,0,0,0,9.99800039992002e-05,0.00809838032393521,9.99800039992002e-05,0,0,0.000399920015996801,0,0,0.000599880023995201,0,0,0,0,0,0.001499700059988,9.99800039992002e-05,0,0,9.99800039992002e-05,0.00609878024395121,0,9.99800039992002e-05,0.0121975604879024,0,0.00519896020795841,0,0.000499900019996001,0,0.0022995400919816,0.00449910017996401,0.0145970805838832,0,0,0.00499900019996001,0,0,0,0,0,0.0021995600879824,0.00869826034793041,0.0013997200559888,0.0368926214757049,0,0.0027994401119776,0,0.000699860027994401,0,0.00249950009998,0.0015996800639872,0.0018996200759848,0,9.99800039992002e-05,0,0,0.0025994801039792,0.000599880023995201,0,0,0,0,0,0,0.0446910617876425,0.0125974805038992,0.0862827434513097,0.0160967806438712,0.000499900019996001,0,0,0,9.99800039992002e-05,0,0,0,0.000399920015996801,0.0001999600079984,0,0,0,0,9.99800039992002e-05,0,0,0,0,0.00379924015196961,0,0.000399920015996801,0,0,0,0,0.000599880023995201,0.00339932013597281,0.000899820035992801,0.00799840031993601,9.99800039992002e-05,9.99800039992002e-05,0,0,0,0,0,0,0,0.0001999600079984,0,0,0,0,0.0030993801239752,0.01749650069986,0.000999800039992002,0.0002999400119976,0,0,0,0,0.0001999600079984,0,0,0.0173965206958608,0.00959808038392321,0,0,0.00539892021595681,0,0.0015996800639872,0,0,0.0237952409518096,0,0,0,0,0.001499700059988,0,0,0,0.000599880023995201,0.0010997800439912,0,0,0,0.00649870025994801,0,0.000799840031993601,0.0002999400119976,0,0.002999400119976,0.001499700059988,0.000599880023995201,0.00769846030793841,0,0,0.025994801039792,0,0,0,0,9.99800039992002e-05,0,0.00589882023595281,0.0112977404519096,0.002999400119976,0,0,0.000599880023995201,0,0.0001999600079984,0,9.99800039992002e-05,0.000599880023995201,0,0.00519896020795841,0,0.0231953609278144,0,0,0,0,0,0,0,0.0146970605878824,0.000399920015996801,9.99800039992002e-05,9.99800039992002e-05,0.000999800039992002,9.99800039992002e-05,0,0,0.0012997400519896,0.0023995200959808,0.0001999600079984,0,0,0.0001999600079984,0,0,0,0.0170965806838632,0.000499900019996001,0.0017996400719856,0.0001999600079984,0.00579884023195361,0.0866826634673065,0,0,9.99800039992002e-05,0,0.0002999400119976,0.0002999400119976,0.20755848830234,9.99800039992002e-05,0,0.031493701259748,0,0,0,0,9.99800039992002e-05,0.0027994401119776,0,0,0,0,0,0.0028994201159768,0.0002999400119976,0,0.000399920015996801,0.000599880023995201,0.00739852029594081,0
0,0,0,0,0,0,0.000999400359784129,0,0,9.9940035978413e-05,0.000499700179892065,0,0.000199880071956826,0.0203877673395962,0.00249850089946032,0.000199880071956826,0,0,0,0,0.00289826104337398,0.00969418348990606,0,0,0,0.140615630621627,0,0,0.000799520287827304,0.00639616230261843,0,0,0,0.00399760143913652,0,0,0.000199880071956826,0.0141914851089346,0,0,0,0,0,0.00129922046771937,0,0.0219868079152508,0,0,0,0,0.000199880071956826,0,0,0,0,9.9940035978413e-05,0,0,0,0.0421746951828903,0.000299820107935239,0.00329802118728763,0,0.000799520287827304,0,0,0.00909454327403558,0,0,0.000399760143913652,0,9.9940035978413e-05,0,0,0.0461722966220268,0,0,0,0,0.018388966620028,0,0.000799520287827304,9.9940035978413e-05,0,9.9940035978413e-05,0.000499700179892065,0,9.9940035978413e-05,0,0.00379772136717969,0.0152908255046972,0.000699580251848891,0,0,0,0,0,0,0.000799520287827304,0,0,0,0,0,0.000399760143913652,0.000499700179892065,0.0105936438137118,0.00589646212272636,0,0.00639616230261843,0,0,0,0.00489706176294223,0,0,0.00409754147511493,0,0.0152908255046972,0,0.01259244453328,0,0,0.000299820107935239,0.0138916650009994,0,9.9940035978413e-05,0,0,0,0.0228862682390566,9.9940035978413e-05,0,0.00359784129522287,0.000299820107935239,0,0.000499700179892065,0,9.9940035978413e-05,0,0.00109934039576254,0.000299820107935239,0,0,0,0,0.000399760143913652,0.00349790125924445,0.00289826104337398,0,0,0.00629622226664002,9.9940035978413e-05,0,0,0,0.000199880071956826,9.9940035978413e-05,0,9.9940035978413e-05,0.00109934039576254,0.00899460323805717,0,9.9940035978413e-05,0,0,0,0,0,0,0,0,9.9940035978413e-05,0,0,0,0.00869478313012193,0.00479712172696382,0.0291824905056966,0.000799520287827304,0,0,0,0,0.000999400359784129,0,0,0,0.000899460323805717,0.000399760143913652,0,0.00859484309414351,0,0,0,0.000199880071956826,0.00139916050369778,0.00549670197881271,0,9.9940035978413e-05,0,0,0,0,0.0900459724165501,0.00429742154707176,0,0,0,0,0.0653607835298821,0,0,0,0.0030981411153308,0.00319808115130921,0.00319808115130921,0.000899460323805717,0,0,0,0.0332800319808115,0,0,0,0,0,0,0,0.00139916050369778,0.000199880071956826,0.000199880071956826,0,0.00119928043174096,0.00109934039576254,0,0,0,0.000899460323805717,0,0,0,0.0331800919448331,0,0,0,0.00259844093543874,0,0,0,0.00289826104337398,0.000299820107935239,0.00189886068358985,0,0,0.0141914851089346,0.000499700179892065,0,0.00219868079152508,0.00559664201479113,0.00199880071956826,0,0,0.000899460323805717,0,0,0,0,0.035578652808315,0.0407755346791925,0.00639616230261843,0,0.00169898061163302,0,0,0,9.9940035978413e-05,0.000299820107935239,0.000499700179892065,0.043074155506696,0,0,0.0107935238856686,0,0,0,0.000499700179892065,0,0,0.0106935838496902,0,0,0,0.000199880071956826,0,0,0.00109934039576254,0,0,0.0139916050369778,0.000199880071956826
0,0,0,0,0,9.99500249875062e-05,0.000699650174912544,0.00139930034982509,0,9.99500249875062e-05,0,9.99500249875062e-05,0,0,0.00289855072463768,0,0,0,0,0,0.00229885057471264,0.0423788105947027,0,9.99500249875062e-05,0,0,0,0,0.0132933533233383,0.000299850074962519,9.99500249875062e-05,0,0,0.0379810094952524,0,0,0.00119940029985007,0,9.99500249875062e-05,0,0,0,0,0,0,0.0541729135432284,0.016391804097951,0,0,9.99500249875062e-05,0,0,0,0.000299850074962519,0.00169915042478761,9.99500249875062e-05,0,0,0,0.000199900049975012,0.000299850074962519,0,0,0,0,0,0.000899550224887556,0,0.000999500249875062,0.0152923538230885,0,9.99500249875062e-05,0.000199900049975012,0.000399800099950025,0,0,9.99500249875062e-05,0,0.0212893553223388,0.000699650174912544,0,0,0.00289855072463768,9.99500249875062e-05,0.00989505247376312,0,0,0,0,0.0195902048975512,0,0.00179910044977511,0.0047976011994003,0,0,0.000599700149925037,0,0,0,0,0,0,0.00079960019990005,0,0.00429785107446277,9.99500249875062e-05,0,0.087256371814093,0,0,0.000499750124937531,0,0,0.00289855072463768,0,0.000199900049975012,0,0,0.0160919540229885,0.000199900049975012,0,0,0,0.000199900049975012,0.189505247376312,0,0,0,0.000199900049975012,0,0,0.00219890054972514,0,0,0,0,0.00379810094952524,0,0.000299850074962519,0,0,0,0,0,0,0,0,0.00109945027486257,0,9.99500249875062e-05,0,0,0,0,0,0.000499750124937531,0,0,0,0.0302848575712144,0,0,9.99500249875062e-05,0,9.99500249875062e-05,0,0.000299850074962519,0,0,0,0,0,9.99500249875062e-05,0,0,0,0.000399800099950025,0.00689655172413793,0.00409795102448776,0,0,9.99500249875062e-05,0.000699650174912544,0,0.00149925037481259,0,0,0,0,0.00229885057471264,0,0.00489755122438781,0,0,0,0,0,0,9.99500249875062e-05,0,0,0,0.000899550224887556,0.000199900049975012,0,0.00339830084957521,0.0031984007996002,0,9.99500249875062e-05,0.00379810094952524,9.99500249875062e-05,0,0,0.000399800099950025,0.00389805097451274,9.99500249875062e-05,0.0106946526736632,0.00229885057471264,0.0221889055472264,0.000499750124937531,0.00199900049975012,0.0015992003998001,0,0,0,0,0.000199900049975012,0,0.00789605197401299,0,0.00459770114942529,9.99500249875062e-05,0,0.0699650174912544,0,0,0,0,0,0,9.99500249875062e-05,0,0,0,0,0,0,0,0,0,0,0,0,0,0.00209895052473763,0.00139930034982509,0,0,0.00269865067466267,0,0,0,0.000199900049975012,0.00119940029985007,0,9.99500249875062e-05,0,0,0,0.000299850074962519,0.00179910044977511,0.00629685157421289,0,0,0,0,0,0,0,0.0951524237881059,0.000199900049975012,0,0.0760619690154923,0,0,0,0,0,0,0,0,0.00209895052473763,0,0,0.00629685157421289,0,0.000499750124937531,0,0,0.0472763618190905,0
0,0,9.99500249875062e-05,0,0,0,0,0,0,0,0,0,0,0.0297851074462769,0.00579710144927536,0,0.000399800099950025,0,0,0,0,0.00369815092453773,0,0,0,0.208595702148926,0,0,0.000399800099950025,0.00179910044977511,0.0767616191904048,0,0,0.00399800099950025,0,0,0.00239880059970015,0,0,0,0,0,0,0,0,0,0,0,0,0,0,0,0,0,0,0,9.99500249875062e-05,0,0,0.0201899050474763,0,0,0,0,0,0,0.00869565217391304,0,0,0.0108945527236382,0,0,0,0,0,0,0.000299850074962519,0,0,0.0117941029485257,0,0,0,0,0,0.000499750124937531,0,0,0,0,0,0,0.00729635182408796,0,0,0,0,0,0,0,0,0.000699650174912544,0,0,0,0,0,0.0962518740629685,0,0,0,0,0,0,0,0.000299850074962519,0,0.000399800099950025,0.00699650174912544,0,0,0,0,0,0,0,0,0,0,0,0,0,0,0.000499750124937531,0,0,0,0,0,0,9.99500249875062e-05,0,0,0,0,0,0.00149925037481259,0,0,0,0,0,0,0.000699650174912544,0,0,0,0,0,0.0015992003998001,0,0,0,0,0,0,0,0,0,0,0.000599700149925037,0,0,0,0,0,0,0.0257871064467766,0.0501749125437281,0,0,0,0,0,0,0,0,0,0,0,0,0.0130934532733633,0,9.99500249875062e-05,0,0,0,0,0,0,0,0,0,0.000599700149925037,0,0.00259870064967516,0,0,0.000199900049975012,0,0,0,0,0,0,0,0.0298850574712644,0.00249875062468766,0.015792103948026,0,0.00169915042478761,0,0,0,0,0,0,0,0,0,0,0,0,0.0522738630684658,0,0,0.000199900049975012,0,0,0.000399800099950025,0,0,0,0,0.00119940029985007,0.000599700149925037,0,0,0,0,0,0,0,0,0,0.000499750124937531,0.000499750124937531,0,0,0,0,0,0,9.99500249875062e-05,0,0,0,0,0.00259870064967516,0.0891554222888556,0,0.000899550224887556,0.0079960019990005,0.000499750124937531,0.000199900049975012,0,0,0,0,0.148425787106447,0,0,0.0113943028485757,0.00229885057471264,0,0,0,0,0,0,0,0,0,0,0,0,0.000199900049975012,0,0,0.0349825087456272,0
0,0,0,0,0,0,9.99800039992002e-05,0,0,0,0.0002999400119976,0,0,0,0,0,0,0,9.99800039992002e-05,9.99800039992002e-05,0,0.0013997200559888,0,0,0,0,0,0,0,0.000899820035992801,0.00359928014397121,0,0,0,0.000399920015996801,0,0,0.00369926014797041,0,0,0,0,0.00819836032793441,0,0,0,0,0,0,0,0,0,0,0,0.00469906018796241,0,0,0,0.0002999400119976,0.0107978404319136,0,0,0,0,0,0,0.0145970805838832,0,0,0,0.00679864027194561,0,0,0,0,0,0,0,0,0.0015996800639872,0,0,0.0020995800839832,0,0,0,0,0,0,0,0.001999600079984,0.0013997200559888,0.263847230553889,0,0,0,0,0,0,0,0,0,0,0,0,0,0,0.200259948010398,0.00829834033193361,0,0.000399920015996801,0,0,0,0,0.000799840031993601,0,0,0,0,0,0,0,0,0.0023995200959808,0.00379924015196961,0,0,0.0002999400119976,0,0,0,0.0002999400119976,0,0,0,0,0,0,0,0,0,0,0,0,0,0.000899820035992801,0,0,0,0,0.001999600079984,0,0,0,0.000399920015996801,0,0,0,0,0,0,0,0,0.0001999600079984,0,0,0,0,9.99800039992002e-05,0.000599880023995201,0,0,0,0,0,0,0,9.99800039992002e-05,0,0,0,0,0,9.99800039992002e-05,0,0,0,0,0,0.00769846030793841,0.00819836032793441,0,0,0,0,0,0,0,0,0,0.0001999600079984,0,0.0200959808038392,0,0,0,0,0,0,0,0,0,0.0011997600479904,0,0,0.010997800439912,0.0022995400919816,0.026494701059788,0,0,0,0,0,0.0002999400119976,0,0,0,0,0,0,0,0,0.0793841231753649,0,0,0,0,0,0,0,0,0,0,0,0,0,0.000599880023995201,0,0,0,0,0.00389922015596881,0,0,0.0001999600079984,0.0002999400119976,0,0,0,0.000599880023995201,0,0,0,0,0,0,0.00659868026394721,0,0.0022995400919816,9.99800039992002e-05,0.00549890021995601,0,0.0001999600079984,0,0,0,0,0,0.215656868626275,0,0.000399920015996801,0,0,0,0,0,0,0.016496700659868,0.0016996600679864,0,0,0,0,0.0404919016196761,0.0001999600079984,0,0,0,0,0
0.000399920015996801,0,0,9.99800039992002e-05,0,0,0,0.001499700059988,0.0001999600079984,0,0,0,0,0.0271945610877824,0,0,0.000399920015996801,0,0,0,0.00489902019596081,0.000999800039992002,0,0.0017996400719856,0,0.0371925614877025,0,0,0,0.0027994401119776,0.0395920815836833,0,0,0.0197960407918416,0,0,0.000599880023995201,0.0260947810437912,0.000699860027994401,0,0,0,0.0015996800639872,0.0021995600879824,0,0.0365926814637073,0,0,0,0,9.99800039992002e-05,0,0,0,0.01499700059988,0,0,0,0,0.00329934013197361,9.99800039992002e-05,0.0011997600479904,0,0,0,0,0.001499700059988,0,0,0.0010997800439912,0.000999800039992002,0,0,0.000899820035992801,0,0,0,0.0001999600079984,0,0.00519896020795841,0,0.0002999400119976,0.0415916816636673,0,0.0001999600079984,0,0,0,0,0.015496900619876,0.0807838432313537,0.0013997200559888,0,0,0,0,0,0,0,0.0016996600679864,0,0,0,0,0,0.0018996200759848,0.00809838032393521,0.0306938612277545,0,0.00529894021195761,0,0,0.000799840031993601,0.0002999400119976,9.99800039992002e-05,0,0,0,0.013497300539892,0.000799840031993601,0,0,0,0,0,0,0.0127974405118976,0,0,0.0135972805438912,0.00389922015596881,0.0002999400119976,0,0,0,0,0.001499700059988,0,0,0,0.0001999600079984,0,0,0,0,0,0.0001999600079984,0,0,0,0.000499900019996001,0,0,0.000499900019996001,9.99800039992002e-05,0,0,0,0,0.0010997800439912,0,0.0001999600079984,0,0.0021995600879824,0,0,9.99800039992002e-05,0,9.99800039992002e-05,0,0.00329934013197361,0,0,0,0,0,9.99800039992002e-05,0.000899820035992801,0.0325934813037392,9.99800039992002e-05,0,9.99800039992002e-05,0,0,0.000799840031993601,0,0,0,0,0,0.000499900019996001,0.00509898020395921,0,0.000399920015996801,0.0010997800439912,0,0,0.0001999600079984,0,0.000899820035992801,0,0,0,9.99800039992002e-05,0,0.000599880023995201,0,0,0,0,0,0,0,0,0.0002999400119976,0,0.0146970605878824,0.0002999400119976,0.00419916016796641,0,0.00249950009998,0.00479904019196161,0,0.0002999400119976,0,0,0,0,0.0026994601079784,0.0012997400519896,0.00889822035592881,0,0,0.00659868026394721,0,0,0.000899820035992801,0,0,9.99800039992002e-05,0.0001999600079984,0,0.00709858028394321,0,9.99800039992002e-05,0,0,0.000699860027994401,0,0,0,9.99800039992002e-05,0.001499700059988,0,0.0013997200559888,9.99800039992002e-05,0.000699860027994401,0,9.99800039992002e-05,0.0011997600479904,9.99800039992002e-05,0,0.000499900019996001,9.99800039992002e-05,0,0,0,0,0.0031993601279744,0.0490901819636073,0,0,0.00459908018396321,0,0,0.0002999400119976,0,0,0.000499900019996001,0.309338132373525,0,0,0.0331933613277345,0,0,0,0,0,0.0031993601279744,0,0,0,0,0,0.0015996800639872,0,0.00349930013997201,0,0,0.00869826034793041,0
0,9.99600159936026e-05,0,0,0,0,0,0.00279888044782087,9.99600159936026e-05,0,0,0,0,0,0.000899640143942423,0,0,9.99600159936026e-05,0,9.99600159936026e-05,0.00919632147141144,0.00199920031987205,0,0.00449820071971212,0,0.373250699720112,9.99600159936026e-05,0,0.00579768092762895,0.00189924030387845,9.99600159936026e-05,0,0,0.00149940023990404,0,0,9.99600159936026e-05,0.000299880047980808,9.99600159936026e-05,0,0,9.99600159936026e-05,0,0.0100959616153539,0,0.0216913234706118,0,9.99600159936026e-05,0,0.000299880047980808,0,0,0,0,0.00469812075169932,0,0,9.99600159936026e-05,0,0.00469812075169932,0,0.00189924030387845,9.99600159936026e-05,0,0.000599760095961615,0,0.0257896841263495,0,0,0.00239904038384646,0.00299880047980808,0,0,0.00199920031987205,0,0.00039984006397441,0,0,0,0.000299880047980808,0.00229908036785286,0,0.00469812075169932,0,0.00999600159936026,0,0.0251899240303878,0,0,0.00169932027189124,0,0.00159936025589764,0.0293882447021192,0,0,0.0137944822071172,0,0,0.000899640143942423,0,0,0,0,0,0,0.00079968012794882,0.0266893242702919,0.0114954018392643,0,0.00039984006397441,0.000199920031987205,0,0,0.00269892043182727,0.000999600159936026,0.000699720111955218,0.0038984406237505,0,0.0194922031187525,0,0.0141943222710916,0,0,0.000599760095961615,0.00079968012794882,0,0,0,0.000299880047980808,0,0.0231907237105158,0.0169932027189124,0,0,0,0,0.000199920031987205,0,0,0,0.000599760095961615,0.000599760095961615,0,0,0.00469812075169932,0,0,0,0.00269892043182727,0.00039984006397441,0.00549780087964814,0.00299880047980808,0.00039984006397441,0.00159936025589764,0,0,0,0,0,0.00129948020791683,0,0.00679728108756497,0.00039984006397441,0.000499800079968013,0,0.0291883246701319,0,0.00199920031987205,0,0,0.000999600159936026,0,0,0,0,0,0.00869652139144342,0.000699720111955218,0.000199920031987205,0.00289884046381447,0.000599760095961615,0,0,0,0.00139944022391044,0,0,9.99600159936026e-05,0.0349860055977609,0,0,0.00459816073570572,0.000199920031987205,0,0.00169932027189124,0,0,0.00519792083166733,0,0,0,0,9.99600159936026e-05,0,0,0.00579768092762895,0.00189924030387845,0,0,0,0,0,0,9.99600159936026e-05,0.00039984006397441,0.00349860055977609,0.00409836065573771,0.00169932027189124,0,0.000299880047980808,0.000899640143942423,0,0.000199920031987205,0,0,0,0.00639744102359056,0,0.000699720111955218,0.00279888044782087,0.00489804078368653,0,0,0.00459816073570572,0,0,9.99600159936026e-05,0,0,0,0,0,0,0.00309876049580168,0,0,0,0,0.00179928028788485,0,0.0209916033586565,0.000199920031987205,0.000699720111955218,9.99600159936026e-05,0.000199920031987205,0.000599760095961615,9.99600159936026e-05,0,0.00149940023990404,0.0503798480607757,9.99600159936026e-05,0,0,0.000299880047980808,9.99600159936026e-05,0,0,0.000599760095961615,0,0.0104958016793283,0.000299880047980808,9.99600159936026e-05,0.0112954818072771,0.000699720111955218,0,0,0.000299880047980808,0.00039984006397441,0.000499800079968013,0.000199920031987205,0,0,0.0137944822071172,0.00039984006397441,0,0.000199920031987205,0,0.000199920031987205,0.00359856057576969,0.00119952019192323,0,0,0,0,0.000899640143942423,0.000599760095961615,0,0.00849660135945622,0,0.00529788084766094,0.00539784086365454
0,0,0,0,0,0,0.0002000200020002,0,0,0,0,0,0,0.0788078807880788,0.0004000400040004,0,0,0,0,0,0,0,0,0.0003000300030003,0,0.0727072707270727,0,0,0.003000300030003,0.0007000700070007,0,0,0,0,0,0,0.0001000100010001,0,0,0,0,0,0,0,0,0.0651065106510651,0,0,0,0,0,0,0,0,0,0,0,0.0001000100010001,0,0.0225022502250225,0,0,0.0001000100010001,0,0,0,0,0,0,0,0,0,0,0,0,0,0,0,0,0,0,0,0,0,0,0,0,0,0.0003000300030003,0.0024002400240024,0.0727072707270727,0.0016001600160016,0.0001000100010001,0,0,0.0001000100010001,0,0,0.0034003400340034,0,0,0.0002000200020002,0,0,0,0,0,0.0219021902190219,0,0,0,0,0,0,0,0,0,0,0.0025002500250025,0.0003000300030003,0,0,0.0002000200020002,0.0012001200120012,0.0026002600260026,0,0,0,0,0,0,0.0057005700570057,0,0,0,0,0.0003000300030003,0,0,0,0.0011001100110011,0,0.0001000100010001,0,0,0.0017001700170017,0,0,0,0,0.0006000600060006,0,0,0,0,0,0,0,0,0,0,0,0,0.1995199519952,0,0,0,0.0001000100010001,0,0,0,0,0.0006000600060006,0,0,0,0,0,0.0555055505550555,0,0,0,0,0,0,0.0011001100110011,0,0,0,0,0,0.0084008400840084,0.0001000100010001,0,0,0.0001000100010001,0,0,0,0,0,0,0,0,0.051005100510051,0,0,0,0,0.0007000700070007,0,0,0,0,0.0002000200020002,0,0.0095009500950095,0,0,0,0,0,0,0,0,0,0,0,0,0,0,0,0,0.0001000100010001,0,0,0,0,0,0,0,0,0,0,0,0,0,0,0,0,0,0,0,0,0,0,0,0,0,0,0,0,0,0.0002000200020002,0,0,0,0,0,0.0075007500750075,0,0,0.0051005100510051,0,0.0006000600060006,0,0,0,0.0003000300030003,0.26002600260026,0,0,0.0181018101810181,0,0,0,0,0.0003000300030003,0,0.0137013701370137,0,0,0,0,0.0013001300130013,0,0,0,0,0.0029002900290029,0
0,0,0,0,0,9.99500249875062e-05,0.000299850074962519,0,0,0,0,0,0,0,9.99500249875062e-05,9.99500249875062e-05,0,0,0,0,0.00129935032483758,0.00269865067466267,0,0,0,0.298250874562719,0,0,0.000999500249875062,0,0,0,0,0.00259870064967516,0,0,9.99500249875062e-05,0.000199900049975012,0,0,0,0,0,0.00209895052473763,0,0.00909545227386307,0,0,0,0,0,0,0,0,0,0,0,0,0,0.00329835082458771,0,0.00369815092453773,0,0,0,0,0.0079960019990005,0,0,0,0.000499750124937531,0,9.99500249875062e-05,0,0,0,0,0,0,9.99500249875062e-05,0,0,0,0,0.00329835082458771,0,0,0,0,0.00699650174912544,0,0.00399800099950025,0.000699650174912544,0,0.00079960019990005,0,0,0,0.00289855072463768,0,0,0.00339830084957521,0,0,9.99500249875062e-05,0.0015992003998001,0,0.00239880059970015,0,0.000699650174912544,0,0,0,9.99500249875062e-05,0,0,0.00149925037481259,0,0,9.99500249875062e-05,0.00539730134932534,0,0,0,0.000999500249875062,0,0,0,0,0,0.0346826586706647,0.00189905047476262,0,0,0,0,0,0,0,0,0,0.000299850074962519,0,0,0,0,0,0,0,0,0,0,0,0,0,0,0,0,0,0.0031984007996002,0.00389805097451274,0.00359820089955022,0,0,0,0,0,0.00219890054972514,0,0.000199900049975012,0,0.000199900049975012,9.99500249875062e-05,0,0,0,0.0031984007996002,0.000999500249875062,0,0,0,0.00109945027486257,0,0,0,0,0.000499750124937531,0.000199900049975012,0,0,0,0.00259870064967516,9.99500249875062e-05,0,0,0,0.00839580209895052,0,0,0,0,0,0,0.0719640179910045,0.0753623188405797,0,0,0,0,0,0,0,0,0,0,0,0.00679660169915042,0,0,0,0.00229885057471264,0,0.0216891554222889,0,0,0,9.99500249875062e-05,0,0.000499750124937531,0,0.00489755122438781,0,0,0.292953523238381,9.99500249875062e-05,0,0,9.99500249875062e-05,0,0,0,0,0,0,0,0,0,9.99500249875062e-05,0,0,0.000399800099950025,0,0,0,0,0,0,0,0,0.000299850074962519,0,0,0.000399800099950025,0,0,9.99500249875062e-05,0,0,0,0.0194902548725637,0,0,0,0,0,0,0,0,0,0.048375812093953,0,0,0.00409795102448776,0,0,0,0,0,0,0.00079960019990005,0,0,0,0,0,0,9.99500249875062e-05,0,0,0.0130934532733633,0
0,0,0,0,0,0,0.000599280862964443,0,0,0,0,0,0,0.00269676388333999,0.00719137035557331,0,0.000199760287654814,0,0,0,0,0.00109868158210148,0,0.00479424690371554,0,0.181781861765881,0,0,0.0102876548142229,0.011286456252497,0.0421494206951658,0,0,0.0149820215741111,0,0,0.0431482221334399,0.00499400719137036,0,9.98801438274071e-05,9.98801438274071e-05,0,0,0.0106871753895326,0,0.00619256891729924,0,0,0,9.98801438274071e-05,0,0,0,0,0,0,9.98801438274071e-05,0.000199760287654814,0,0,0,0.000599280862964443,0,0,0,0,0.000399520575309628,0,0,0.00499400719137036,0,0,0,0.000399520575309628,0,0,0,0,0,0,0,0,0,0,0.00159808230123851,0.000299640431482221,0,0,0,0.0146823811426288,0,0.000399520575309628,0.00429484618457851,0,0,0,0,0,0.00259688373951258,0,0,0.000998801438274071,0,0,0.000399520575309628,0,0,0.192568917299241,0,0,0.000199760287654814,0,0,0.000499400719137036,0,0.000199760287654814,0.0083899320815022,0,0.00179784258889333,0.000799041150619257,0.00489412704754295,0,0,9.98801438274071e-05,0.0282660807031562,0,0,0,0,0,0.0357570914902117,0.000399520575309628,0,0,0,0,0.00229724330803036,0,0,0,0.00159808230123851,9.98801438274071e-05,0,0,0,0,0,0,0.00149820215741111,0.00119856172592889,0,0,0,0,9.98801438274071e-05,0,0,0,0,9.98801438274071e-05,0,0.00659208949260887,0,9.98801438274071e-05,9.98801438274071e-05,0.0167798641630044,0,0,0,0,0,0,9.98801438274071e-05,0,0,0,0.00259688373951258,0.000799041150619257,0,0,0,0,0,0,0.000399520575309628,0,0,9.98801438274071e-05,0,0,0,0.00199760287654814,0.000199760287654814,0,0,0,0.00209748302037555,0.00269676388333999,0,0,0,0.00119856172592889,0,9.98801438274071e-05,0,0,0,0,9.98801438274071e-05,0,0,0,0,0,0,0.00359568517778666,0.00968837395125849,0,0.0244706352377147,0.000199760287654814,0.00359568517778666,0,0.00119856172592889,0,0,0,0,0,0.00499400719137036,0.00159808230123851,0.0013983220135837,0,0,0.0041949660407511,0,0,0,0,0.000499400719137036,9.98801438274071e-05,0,0,0.0300639232920495,0,9.98801438274071e-05,0,0,0.000199760287654814,0,0,0.0134838194167,0,0,9.98801438274071e-05,0.000299640431482221,0.0180783060327607,0.000199760287654814,0,9.98801438274071e-05,0,0,0,0,0.000199760287654814,0,0,0,0,0,0.0475429484618458,0,0,0.0808030363563724,0,0,0,0,0,0.00249700359568518,0.00329604474630443,0,0,0.0154814222932481,0,0,0,0,9.98801438274071e-05,9.98801438274071e-05,0,0,0,0,0,0.0259688373951259,0,0.00689172992409109,0,0,0.00789053136236516,0
0,0,0,0,0,0,0,0,0,0,0,0,0,0,1e-04,0,0,0,0,0,0,0.0293,0,0.0012,0,0.0258,0,0,0.0034,0,0,0,0,0,0,0,0,0,0,0,0,0,0,0.0182,0,0.1892,0,0,0.001,0,0,0,0,0,0,0,1e-04,3e-04,0,0.0142,0,0,0,0,0,0,0.0026,0,0,0,0,0,0,4e-04,0,0,0,0,0,0.018,0,0,0,0,0.0029,0,0,0,0,0,0,5e-04,5e-04,0,0,2e-04,0,0,0,0,0,0,0,0,0,0,0,0.0453,0,0,0,0,0,6e-04,0,6e-04,0,0.0097,0.0113,0.0084,0,0,0,0,0,0,0,0,0,0,0,1e-04,0,1e-04,0,0,0.001,0,0,0,1e-04,0,0,0,0,0,4e-04,0,0,0,4e-04,0,0,0,0,0,0,0,0,0,0,0,0,0,0,0,0,0,0,0,0,0,0,0,0,0,0,0.0051,0,0,0,0,0,0,0,0,0,0,0,0,0,0,2e-04,0,0,0,0,0,0,0,0,0,0,0,0,8e-04,0,0,6e-04,0.0024,0,0,0,0,0,0,0,0,2e-04,0.0011,0,0,0,0,0,0,0,0,0.0025,0,0.0305,0,0,0.1003,0,0,0,0,0,0,0,1e-04,0,0,0,0,0,3e-04,0,0,0.0069,0,0,0,0,0.0013,0,0,0,0,0,0,0,0,0,0,0,0,0,0.1015,0,0,0.0016,2e-04,6e-04,0,0,0,0,0.2768,0,0,0,0,0,0,0,3e-04,0,0,0,0,0,0,0.0298,0,0,0,0,0.051,0
0,0,0,0,0,0,0.0001000200040008,0,0,0,0,0,0,0,0.00580116023204641,0,0,0,0,0,0.0169033806761352,0,0,0,0,0.288357671534307,0,0,0.00600120024004801,0,0,0,0,0,0,0,0,0,0,0,0.0001000200040008,0,0,0,0,0,0,0,0,0.0001000200040008,0,0,0,0,0.00320064012802561,0,0,0,0,0,0,0,0,0,0,0,0.00690138027605521,0,0,0,0,0,0,0,0,0,0,0,0,0,0,0,0,0,0.0024004800960192,0.001000200040008,0,0.0001000200040008,0,0,0,0,0.0002000400080016,0,0,0,0.0001000200040008,0,0,0,0,0.0001000200040008,0,0,0.000500100020004001,0,0,0.0511102220444089,0,0,0,0,0,0.0257051410282056,0,0,0,0,0.0658131626325265,0,0,0,0.00420084016803361,0,0.0202040408081616,0,0,0,0,0,0,0.0523104620924185,0,0,0,0,0.0355071014202841,0,0,0,0.00320064012802561,0,0,0,0,0,0,0,0,0,0.0011002200440088,0.0024004800960192,0.0128025605121024,0,0,0,0,0,0,0,0,0,0,0,0,0,0,0,0,0,0,0,0.0001000200040008,0,0,0,0,0,0,0,0,0,0,0,0,0,0,0,0,0,0,0,0,0,0,0,0,0,0.0001000200040008,0,0,0,0,0,0,0.014002800560112,0,0,0,0,0,0,0,0,0,0,0,0,0.0683136627325465,0,0.0018003600720144,0,0,0,0,0.00680136027205441,0,0,0.0459091818363673,0,0,0,0,0.0174034806961392,0,0,0,0,0,0.000500100020004001,0,0,0,0,0,0,0,0,0,0,0.0002000400080016,0,0,0,0,0,0.00410082016403281,0,0,0,0,0,0,0,0.0001000200040008,0,0,0,0,0.000500100020004001,0,0,0.0391078215643129,0.000700140028005601,0,0,0,0.000700140028005601,0,0.109121824364873,0,0.001000200040008,0.0687137427485497,0,0,0,0,0.0001000200040008,0,0,0,0,0,0,0,0,0,0,0,0.014502900580116,0
0,9.9930048965724e-05,0,0,0,0,0.0020985310282802,0,0,0,0,0,0,0.019186569401419,0.00149895073448586,0,0,0,0,0,0,0,0,0,0,0.324472868991706,0,0,0.0074947536724293,0,0.0168881782752074,0,0.000199860097931448,0,0,0,0,0,0,9.9930048965724e-05,0,0,0,0,0,0,0,0,0,0,0,0,0,0,0.00049965024482862,0,0,0,0,0,0,0,0,9.9930048965724e-05,0,0.000599580293794344,0.00329769161586889,0,0,0.00379734186069751,0,0,0,0,0,0,0,0,0,0.00369741181173179,0,0,0,0,0,0.000299790146897172,0,9.9930048965724e-05,0,0.00449685220345758,0,0,0,0,0,0,0,0,0.000599580293794344,0,0,9.9930048965724e-05,0,0,0,0,0.0140901369041671,0.00819426401518937,0,0,0,0.00349755171380034,0,0.00879384430898371,0,0,0.0074947536724293,0,0.00049965024482862,0.000199860097931448,0,0,0,9.9930048965724e-05,0.000799440391725792,0,0,0,0,0,9.9930048965724e-05,0,0,0,0,0,0,0,0,0,0,0,0,0,0,0,0.00119916058758869,0,0,0,0.00049965024482862,0,0,0,9.9930048965724e-05,0,0,0,0,0,0,0,0,0.194863595483162,0,9.9930048965724e-05,0,0,0,0,0,0,0,0,0,0,0,0.0141900669531328,0.0392725092435295,0,0,0,0,0,0,0,0,0,0,9.9930048965724e-05,0,0.00799440391725792,0,0,0,0,0,0,0,0,0,0,0,0.0429699210552613,0,0,0,0,0,0,0,0.000299790146897172,0,0,0,0,0.0268811831717798,0,0,0,0,0.0045967822524233,0,0,0,9.9930048965724e-05,0,0,0.00699510342760068,0,0,0,0,0.0273808334166084,0,0,0,0.000599580293794344,0,0,0,0,0,0,0,0,9.9930048965724e-05,0,0,0,0,0,0.00139902068552014,9.9930048965724e-05,0,0.000299790146897172,0,0,0,0,0,0,0,0,0,0,0,0,9.9930048965724e-05,0.0020985310282802,0,0,0.00419706205656041,0,0.00109923053862296,0,0,0,0,0.157889477365844,0,0,0.0257819526331568,0,0,0,0,0.000199860097931448,0,0,0,0,0,0,0,0,0.000199860097931448,0,0,0.0049965024482862,0
0.000100030009002701,0.00350105031509453,0,0,0,0,0,0,0,0,0,0,0.000200060018005402,0,0.0414124237271181,0,0,0,0,0,0,0.00150045013504051,0,0,0,0.372111633490047,0,0,0.0109032709812944,0,0,0,0,0.0109032709812944,0,0,0.00570171051315395,0.00440132039611884,0,0,0,0,0,0,0,0.0412123637091127,0.0424127238171451,0,0,0,0,0,0,0,0,0,0,0.000400120036010803,0,0,0,0,0.000100030009002701,0.000200060018005402,0,0,0,0.00220066019805942,0.000200060018005402,0,0,0,0,0,0,0.0116034810443133,0,0,0,0,0.000100030009002701,0,0,0,0.00720216064819446,0,0.00450135040512154,0,0,0,0,0.00210063018905672,0.000200060018005402,0,0,0,0,0,0,0,0,0.000400120036010803,0,0,0.000100030009002701,0,0,0,0,0,0,0,0,0.00310093027908373,0,0,0,0,0,0.000200060018005402,0,0,0,0,0,0,0,0,0,0,0,0,0,0,0,0,0.106832049614884,0.000200060018005402,0.000300090027008102,0,0.0915274582374712,0.000100030009002701,0,0,0,0,0,0,0,0,0.000300090027008102,0,0,0,0,0,0,0,0,0,0,0,0,0,0,0,0,0,0,0,0,0,0,0,0,0,0,0,0,0.000100030009002701,0,0,0,0,0,0,0,0,0,0,0,0,0.000100030009002701,0,0,0,0,0.000100030009002701,0,0,0,0,0,0,0,0.0269080724217265,0,0,0,0.00150045013504051,0,0,0,0,0,0,0.00850255076522957,0,0,0,0.0133039911973592,0,0,0,0,0,0,0,0,0,0.0337101130339102,0,0,0.0198059417825348,0,0,0,0,0,0,0,0,0,0,0,0,0,0.000100030009002701,0,0,0,0,0,0.000100030009002701,0,0,0,0,0,0,0.00180054016204861,0,0,0,0.000500150045013504,0,0,0,0,0.0783234970491147,0,0,0.00770231069320796,0,0.00130039011703511,0,0,0,0.00310093027908373,0,0,0,0,0,0,0,0,0.000100030009002701,0,0,0,0,0,0,0,0,0.0367110133039912,0,0,0,0
0,0,0,0,0,0,0,0,0,0,0,0,0,0,0.00359928014397121,0,0,0,0,0.0002999400119976,0.00389922015596881,0.0011997600479904,0,0,0,0.109178164367127,0,0,0.0193961207758448,0.0022995400919816,0,0,0,0.00479904019196161,0,0,0.0011997600479904,0.014497100579884,9.99800039992002e-05,0,0,0,0,0.00539892021595681,0,0.0002999400119976,0,0,0,0,9.99800039992002e-05,0,0,0,0.000399920015996801,0.000999800039992002,0,0,0.000799840031993601,0.00849830033993201,0,0.000599880023995201,0,0,0,0,0.0020995800839832,0,0,0,0.0010997800439912,0,0,0.001499700059988,0,0,0,0,0,0.00449910017996401,0,0,0.0023995200959808,0,0,0,0.0147970405918816,0,0,0.00629874025194961,0,0.0162967406518696,0.030993801239752,0,0,0,0,0,0.0013997200559888,0,0,0,0,0,0.0002999400119976,0.000599880023995201,0,0.0346930613877225,0,0.00689862027594481,0,0,0,0.0028994201159768,0.000999800039992002,0.0025994801039792,0,0,0.00639872025594881,0.00789842031593681,0.00359928014397121,0,0,0.0012997400519896,0.0016996600679864,0.0002999400119976,0,0,0,0,0.0205958808238352,0.000699860027994401,0,0,0,0,0.026994601079784,0,0,0,0.0117976404719056,0,0,0,0,0,0,0,0.0027994401119776,0.00339932013597281,0,0.00479904019196161,0,0.011997600479904,0,0,0,0,0,0.0001999600079984,0,0,0,0,0,0.0246950609878024,0,0,0,0,0,0,0.0001999600079984,0,0,0,0.00579884023195361,0.000799840031993601,0.00429914017196561,0,0,0,0,0,0,0,0,9.99800039992002e-05,0,0,0,0.000999800039992002,0,0,0,0,0,0.00589882023595281,0,0,0,0,0,0.000499900019996001,0,0.00539892021595681,0,0,0,0,0,0,0,0.0010997800439912,0,0.00529894021195761,0.00669866026794641,0.0001999600079984,0.0428914217156569,0.0002999400119976,0,0.00409918016396721,0,0,0.0002999400119976,0,0.0013997200559888,0,0.00689862027594481,0.00249950009998,0.0023995200959808,0.0013997200559888,0,0.000799840031993601,0,0,9.99800039992002e-05,0,0,0,0.0300939812037592,0,0,0,0,0,0,0,0,0,0,0,0,0,0,0,0.001999600079984,0,0,0.0002999400119976,0,0,0,9.99800039992002e-05,0,0,0,0,0,0.000899820035992801,0,0.00529894021195761,0.108078384323135,0,0,9.99800039992002e-05,0,0,0,0.30493901219756,0,0,0.00399920015996801,0,0,0,0,0,0,9.99800039992002e-05,0,0,0,0,0.00249950009998,9.99800039992002e-05,0.0026994601079784,0,0,0.0012997400519896,0
0,0,0,0,0,0,0,0.00189829153761615,0.000299730242781497,0,0.000299730242781497,9.99100809271655e-05,0,0,0.00229793186132481,0,0,0,0.000299730242781497,0,0.00139874113298032,0.00199820161854331,0.000399640323708662,0,0,0.233489859126786,0.000199820161854331,0,0.00109901089019882,9.99100809271655e-05,0.000299730242781497,0.0202817464282146,9.99100809271655e-05,0.000999100809271655,0,0,0.000299730242781497,0.00219802178039764,0,0,0,0,0,0.00359676291337796,0,0.00719352582675592,0,0.00169847137576181,0,0,0,0,0,0.000199820161854331,9.99100809271655e-05,0,0,0,0,0,0.000199820161854331,0.00469577380357678,0,0,0,0,0.00649415526026576,0,0,0,0.00199820161854331,0,0,0.0115895693875512,0,0,0,0,0,0,0,0.00169847137576181,0.00089919072834449,0,0.00569487461284844,0.00329703267059646,0,0,0,0.00189829153761615,0,9.99100809271655e-05,9.99100809271655e-05,0,0,9.99100809271655e-05,0,0,0.000999100809271655,0,0,0,0,0.00189829153761615,0,0,0.0198821061045059,0.0104905584973524,0,0,0,0.0025976621041063,0,0.00089919072834449,0,0,0,0,0.00269757218503347,0,0,0,0,9.99100809271655e-05,0.000399640323708662,0.0201818363472874,0,0,0.00169847137576181,0,0.000199820161854331,0.0092916375262264,0,0,0,0,0.00149865121390748,0,0,0,0.00379658307523229,0,0,0,0,0,0.00789289639324608,0.000699370566490159,0,0.00279748226596064,0.000299730242781497,9.99100809271655e-05,0,0.0128884004396044,9.99100809271655e-05,0,0,0,0.00329703267059646,0.00159856129483465,0,0,0,0,0,0,0,0,0,0,0,0,0.010890198821061,0,0,0,0,0.00329703267059646,0.0158857028674193,0.00129883105205315,0.000599460485562993,0,0,0,0.00309721250874213,0,0,9.99100809271655e-05,0.00389649315615946,0,0.00179838145668898,0.00399640323708662,9.99100809271655e-05,0,0,0,0,9.99100809271655e-05,0,0,0,0,0,0.141372764511939,0.00629433509841143,0.0247777000699371,0,0,0,0.000299730242781497,0,0.00829253671695474,0.00459586372264962,9.99100809271655e-05,0.000199820161854331,9.99100809271655e-05,0.0092916375262264,0.0233789589369567,0.000499550404635828,0,0.000399640323708662,0.00399640323708662,0,0,0,0,0.00449595364172245,0,0.00219802178039764,0,0.00959136776900789,0,0,0.0919172744529923,0,0,0.000199820161854331,0,0,0,0,0,0,0.0025976621041063,0,0,0,0,0,0,0.0549505445099411,0.000499550404635828,0,0,0.000499550404635828,0.00129883105205315,0,0,0.000199820161854331,0.000399640323708662,9.99100809271655e-05,0,0,0.00169847137576181,9.99100809271655e-05,0,0,0,0,9.99100809271655e-05,9.99100809271655e-05,0.000399640323708662,0.00709361574582875,0,0,0,0,0,0,0.0978119692276951,9.99100809271655e-05,0,0.00529523428913977,0,0,0,0,0,0.00829253671695474,0.00249775202317914,0,0.00109901089019882,0,0,0.00419622339894095,0,0,0.00139874113298032,0,0.00629433509841143,0
0.000499850044986504,0,0,0,0,9.99700089973008e-05,9.99700089973008e-05,0,0,0,0,0,0,0,0.00409877036888933,0,0.000899730080975707,0,0,0,0,0.000999700089973008,0,0.00569829051284615,0,0.344496651004699,0,0,0.00529841047685694,0.0130960711786464,0,0,0,0.00409877036888933,0,0,0,9.99700089973008e-05,0,0,0,0,0,0,0,0.00259922023392982,0,0.000599820053983805,0,0,0,0,0,9.99700089973008e-05,9.99700089973008e-05,0,0,0,0,0.00299910026991902,0,0,0,0,0,0,0.00809757072878137,0,0.00159952014395681,0,0.000299910026991902,9.99700089973008e-05,9.99700089973008e-05,0,0,0.0334899530140958,0,0,0,0.00179946016195141,0,0,0,0,0,0,0,0,0,0.00179946016195141,0,0.00139958012596221,0.00129961011696491,0,0,0,0,0,0,0,0,0.00279916025192442,0,0,0,0,0,0.0375887233829851,0,0.0148955313405978,0,0,0,0.000299910026991902,0.000999700089973008,0,0.026592022393282,9.99700089973008e-05,0.0188943317004899,0,0.0129961011696491,0,0.000199940017994602,0,0.00389883035089473,0,0,0,0,0,0.0390882735179446,0,0,0,0,0,0.130460861741478,0,0,0,0.00209937018894332,0,0,0,0.0104968509447166,0,0,0,0.00619814055783265,0,0,0,0,0,9.99700089973008e-05,0,0,0,0,0,0.000499850044986504,0.0161951414575627,0,0,0,0.0266919924022793,0,0,0,0.00149955013495951,0.00119964010796761,0.0189943017094872,0.00249925022493252,0,0,0,0.00989703089073278,0,0,0,0,0.00469859042287314,0,0,0.000299910026991902,0.000399880035989203,0,0,0,0,0,0.000499850044986504,0.000199940017994602,9.99700089973008e-05,0,0,0.00339898030590823,0.00399880035989203,0,0,0,0.00649805058482455,0,0,0,0.00199940017994602,0,9.99700089973008e-05,0,0,0.00879736079176247,0,0,0,9.99700089973008e-05,0.00289913026092172,0.00279916025192442,0,0.00239928021593522,0.000299910026991902,0,0,0,0,0,0,0,0,0,0.00479856043187044,0,0,0,0,0,0,9.99700089973008e-05,0,0,0,0,0,0,0,0,0.000299910026991902,0,0,0.00239928021593522,0,0,0,0.00119964010796761,0.000199940017994602,0.00239928021593522,0.0221933419974008,0,0,9.99700089973008e-05,0.000399880035989203,0,0,0,0.00139958012596221,0.000599820053983805,0,0,0,0,0.0611816455063481,0,0,0.0110966709987004,0,0,0,0,0,0,0.0209937018894332,0,0.00489853044086774,0.00259922023392982,0.000299910026991902,0,9.99700089973008e-05,0,0,0,0,0,0,0,0,0,0,0.000899730080975707,0,0,0.00129961011696491,0
0,0,0,0,0,0,0,9.99600159936026e-05,0,9.99600159936026e-05,0,0,0,0,0.000699720111955218,0,0,9.99600159936026e-05,0,0,0.00409836065573771,0.00199920031987205,0,0.000299880047980808,0,0.338364654138345,0,0,0.00159936025589764,0.00129948020791683,0.00439824070371851,0,0,0.00409836065573771,0.000199920031987205,0,0.00329868052778888,0.007796881247501,0,0,0.000199920031987205,9.99600159936026e-05,0,0.00259896041583367,0,0.0134946021591363,0,0.000299880047980808,0,0,0.000299880047980808,0,0,0,0.00179928028788485,0,0,9.99600159936026e-05,0,0.0401839264294282,0,0.00279888044782087,0,0,0,0,0.0174930027988804,0,0,0,0.00189924030387845,9.99600159936026e-05,0,0.000199920031987205,0,0.0079968012794882,0,0,0,0.0188924430227909,0,0.000499800079968013,0,0.000499800079968013,0.00339864054378249,0,9.99600159936026e-05,0,0,0.00119952019192323,9.99600159936026e-05,0.0851659336265494,0,0,0.000599760095961615,0,0,0,9.99600159936026e-05,0,0,0,0,0,9.99600159936026e-05,0.00599760095961615,9.99600159936026e-05,0.00249900039984006,0,0.0559776089564174,0,0,0,0.00159936025589764,0.00239904038384646,0.00419832067173131,0,9.99600159936026e-05,0,0.000199920031987205,0.00409836065573771,0.00039984006397441,0,0,0.000999600159936026,0.00439824070371851,0,0,0,0,0.022391043582567,0.000199920031987205,0.00079968012794882,0,0,0,0.00689724110355858,0,0,0,0,0,0,0,0.000499800079968013,0,0,0.00279888044782087,0,0,0,0,0,0,0.00319872051179528,0,0,0,0.00219912035185926,0.00139944022391044,0,0.00469812075169932,0.000299880047980808,0,0,0.0152938824470212,0,0,0,0,0.00139944022391044,0,9.99600159936026e-05,0.00039984006397441,0,0.00039984006397441,0.00609756097560976,9.99600159936026e-05,0,0,0,0,0,0,0,0,0,0.000899640143942423,0.00549780087964814,0,0,0.00519792083166733,0.000299880047980808,0,0,0,0.00199920031987205,0.00459816073570572,0,0,0,0,0,0,0,0.0186925229908037,0,0,0,0,0.0038984406237505,0,0.00569772091163535,0.000999600159936026,9.99600159936026e-05,0.0139944022391044,0.00689724110355858,0.000699720111955218,0.0134946021591363,0.000599760095961615,0,0,0.00149940023990404,0,0,0,0.00079968012794882,0,0.000499800079968013,0.007796881247501,0.00039984006397441,0,0.000699720111955218,0.0190923630547781,0,0,0,0,0,0,0,0,0.0203918432626949,0,0,0.00199920031987205,0,0,0.00079968012794882,0,9.99600159936026e-05,0.00039984006397441,0,0,0.000499800079968013,0.0151939224310276,0.000499800079968013,0,0.00159936025589764,0.000199920031987205,0,0.00039984006397441,0,0,0,0,0,0,0,0,0,0.000999600159936026,0.00229908036785286,0,0,0,0,0,0.00439824070371851,0.0731707317073171,0,0,0.0260895641743303,0,0,0,0,0,0.00549780087964814,0.0039984006397441,0,0,0,0,9.99600159936026e-05,0,0.00039984006397441,0.00109956017592963,0,0.00469812075169932,0
0,0,9.99000999000999e-05,0,0,0,0.0028971028971029,0,0,0,0,9.99000999000999e-05,0,0,9.99000999000999e-05,0,0,0,0,0.0002997002997003,0,9.99000999000999e-05,0,0,0.0002997002997003,0.0110889110889111,0,0,0.00699300699300699,0,0.0212787212787213,0.0001998001998002,0,0.004995004995005,0,0.0003996003996004,0.0014985014985015,0.0380619380619381,0.000699300699300699,0,0,0,0,0.0032967032967033,0,0.00979020979020979,0,9.99000999000999e-05,0,0,0,0,0,0,0.0033966033966034,0,0,0,0,0.0143856143856144,0,0,0,0,0,0,0.0114885114885115,0,0,0,0,0,0.0001998001998002,0.000999000999000999,0,0,0,0,0,0.00649350649350649,0.0012987012987013,9.99000999000999e-05,0.00619380619380619,9.99000999000999e-05,0,0,0,0,0,0.0314685314685315,0,0,0.0012987012987013,0,0.0036963036963037,0.0001998001998002,0,0,0.0027972027972028,0,0,0.0012987012987013,0,0.0002997002997003,0.0011988011988012,9.99000999000999e-05,0.0014985014985015,0.0569430569430569,0,0.0043956043956044,0,0,0,0.0012987012987013,0,0,0.0113886113886114,0,0.0025974025974026,0,0,0,0,0,0.0015984015984016,0.0001998001998002,0.0203796203796204,0,9.99000999000999e-05,0.000599400599400599,0.0001998001998002,0.0153846153846154,0,0,0,0,0.000799200799200799,0,0,0.0001998001998002,0.000899100899100899,0,0,0,0,0,0.0011988011988012,9.99000999000999e-05,0,0,0.0004995004995005,0.0015984015984016,0,0,9.99000999000999e-05,0,0,0,0.0016983016983017,0.0036963036963037,0,0,0.0004995004995005,0.0467532467532468,0,0,0,0,0,0,0.0011988011988012,0,0,0,0,0,0,0.0014985014985015,0.0151848151848152,9.99000999000999e-05,9.99000999000999e-05,0,0,0,0,0,0,0,0.00709290709290709,0,0,0.016983016983017,0,0,0.002997002997003,0,0,9.99000999000999e-05,0,0,0,0,0,0,0,0.0016983016983017,0,0,0,0,0,0,0,0,0.0010989010989011,0,0.040959040959041,0.000599400599400599,0.0354645354645355,0.0003996003996004,0,0.0021978021978022,0,0.0001998001998002,0,0,0,0.0010989010989011,0.0023976023976024,0.0003996003996004,0.0048951048951049,0,0,0,0,9.99000999000999e-05,0,0,0,0,0,0.0002997002997003,9.99000999000999e-05,0.0026973026973027,0,0,0.0033966033966034,0,0.0004995004995005,0,9.99000999000999e-05,0.0003996003996004,0.0033966033966034,0,0.0004995004995005,9.99000999000999e-05,0,0,0.0011988011988012,0.0002997002997003,0.0002997002997003,0.000699300699300699,0,9.99000999000999e-05,0,0,9.99000999000999e-05,0.0004995004995005,0,0,0,0.00569430569430569,0.0415584415584416,0,0,0,0,0,0.0017982017982018,0.376223776223776,0,0,0.00589410589410589,0,0.0011988011988012,0,0,0,0.0100899100899101,0.0004995004995005,0.00539460539460539,0,0,0,0.0268731268731269,0,0.0026973026973027,0.0018981018981019,0,0.0047952047952048,0
0,0,0,0,0,0,9.99100809271655e-05,0,0.00829253671695474,0.000399640323708662,0.000699370566490159,0,0,0,0,0,9.99100809271655e-05,0,9.99100809271655e-05,0,0,0,0,0.000199820161854331,0,9.99100809271655e-05,0,0,0.000199820161854331,0.00109901089019882,0.0107902887401339,0,0,0.0218803077230493,0,0,0,0.0442601658507343,0,0,0,0.000999100809271655,0,0,0,0.0119892097112599,0,0,0,0,0,0,0,0,0,0,0,0,0.000299730242781497,0,9.99100809271655e-05,0,0,0,0,0,0,0,0,0,0,0,0,0,0,0.0163852532720552,0,0,0,0,0,0,0.0478569287641123,0,0.0305724847637127,0,0.00339694275152363,0,0,0,0,0.000199820161854331,9.99100809271655e-05,0,0,0,0,0,0,0,0,9.99100809271655e-05,0,0,0.00119892097112599,0,0,0.00979118793086222,0,0,0,0,0,0,0,0,0,0,0,0.000299730242781497,0.0102907383354981,0,0,9.99100809271655e-05,9.99100809271655e-05,0.0157857927864922,0,0,0,0,0.156758916974723,0,0,0,0,0,9.99100809271655e-05,0,9.99100809271655e-05,0,0,0,0,0,0,0,0,0,0,0,0,0,0,0,0,0,0,0,0,0.00499550404635828,0,0.00779298631231891,9.99100809271655e-05,0,0,0,0,0,0,0,0.000999100809271655,0,0.116295334199221,0,0.00559496453192127,0,0.0101908282545709,0,0,0.000299730242781497,0,0.00699370566490159,0,0,0.00599460485562993,0,0,0,0,0,0,0.0125886701968229,0,0,0,0,0.000499550404635828,0,0,9.99100809271655e-05,0,0.00129883105205315,0,0,0,0.00379658307523229,0.00119892097112599,0,0,0,0.00679388550304726,0,0,0,0.000199820161854331,0,0,0.0164851633529823,0.0109901089019882,0,0,0.0693375961634529,9.99100809271655e-05,0,0,0,0,0,0,0.00829253671695474,0,0,0,9.99100809271655e-05,0,0,0,0.000699370566490159,0,9.99100809271655e-05,0.0117893895494055,0,0.0373663702667599,0,0,0,0,0,0,0,0,0,0.00509541412728544,0,0,0.000599460485562993,0,0,0,0.00209811169947048,0,0,0,0.00199820161854331,0,0,0,0,0.00819262663602758,0.00169847137576181,9.99100809271655e-05,0.00769307623139175,0.00109901089019882,0,0,0,0,0,0.000299730242781497,0.184533919472475,0,0,0.0233789589369567,0,0,0,9.99100809271655e-05,0,0,0.00679388550304726,0,0,0.00089919072834449,0,0.00829253671695474,0,0.00159856129483465,0,0.00409631331801379,0.00179838145668898,0.00389649315615946
0,0,0,0,0.0021,0,0,0,0,0,0,0,0,0,0,1e-04,0,0,0,0,0,0.0014,0,0.0012,0,0.256,0,0,0.0138,0.0011,0.047,0,0.0035,0,3e-04,0,0,0.0051,0,0,0,0,0,0,0,0.0181,0.0045,0,0,0,3e-04,0,0,0,0.0012,1e-04,0,0,0,0,0,0,0,0,0,0,0.0076,0,0,0.0016,0.0496,0,0,0,1e-04,0,0,0,0,0,0,0.0019,3e-04,0,0,1e-04,0,0,0,0.012,0,0.0316,0,0,0,0,0,0,0,0,0,0,0,0,0,0,0.013,0,0,0,0,0.0217,0,0.0057,0,0,0,1e-04,0.0015,0,0,0,4e-04,1e-04,0.0032,0,0,0,0,0,0,5e-04,0,0,0,0,5e-04,0,0,0,0,1e-04,0,0,0,0,0,1e-04,0,0,1e-04,0,0,4e-04,1e-04,0,0,0,0.0131,0.007,0,0,0,0,0,0,0,0,0,1e-04,0,1e-04,1e-04,0,0,0,0,0.0301,0.0189,0,0,0,0,1e-04,0,0,0,0,0,0,0,0.0208,0,0,0,0,0,0,0,0,0,0,0,0.0088,0,0.0013,3e-04,0,0,0.0018,0,0,0,0,0.0052,0,0.0107,0.0064,0,0,0.0052,0,0,0,0,0,0,0,0.0236,0,0.02,0,0,0.0487,0,0,0,0,0,6e-04,0,0,0,0,0,0,0,0,0,0,0.0204,0,0,0,0,5e-04,1e-04,0,0,0,0,0,0,1e-04,0,0,1e-04,0.0824,1e-04,0.0718,1e-04,0,0.0057,9e-04,0,0,0,0,0,0.0671,0,0,0.0126,0,0,0,1e-04,0,0,0,0,0,0,0,0.0068,0,1e-04,0,0,0,1e-04
9.98801438274071e-05,0,0,0.000199760287654814,0,0,0.00329604474630443,0,0.0137834598481822,0,0,0,0,0,0.00159808230123851,0.000898921294446664,0,9.98801438274071e-05,0,0,0.00539352776667998,0.00469436675988813,0,9.98801438274071e-05,0,0.000199760287654814,0,0,0.000799041150619257,0.00149820215741111,0.0248701558130244,0,0,0.00749101078705553,0,0,0.000199760287654814,0.0121853775469437,0,0,0,0.000499400719137036,0,0,0,0.000599280862964443,0,9.98801438274071e-05,0,0,0.000199760287654814,0,9.98801438274071e-05,0,0.0128845385537355,0,0,0,0,0.00629244906112665,0,0,0,9.98801438274071e-05,0,0,0.000599280862964443,0,0,0.00329604474630443,0.0083899320815022,0,0,0.00179784258889333,0,0.00878945265681183,0,0,0,0.00619256891729924,0,0,0.00189772273272074,0,0,9.98801438274071e-05,9.98801438274071e-05,0,0,0.0136835797043548,0,9.98801438274071e-05,0,0.00589292848581702,0,0,0,0,0,0,0,9.98801438274071e-05,0,0,0.00119856172592889,0.000499400719137036,0,9.98801438274071e-05,0,0.00249700359568518,0,0,9.98801438274071e-05,0,0,9.98801438274071e-05,0,0,0.00129844186975629,0,0,0,0,0.000998801438274071,0.00129844186975629,0,0,0,0,0,0.0628246104674391,0.00599280862964443,0,0,0,0.00069916100679185,9.98801438274071e-05,0,9.98801438274071e-05,0,9.98801438274071e-05,0,0,0,0,0,0,0,0.00169796244506592,0,0.00369556532161406,0,9.98801438274071e-05,0.000898921294446664,0,0,0,0,0,0.00439472632840591,0,0.00159808230123851,0.000299640431482221,0.295145825009988,0,0,0.000299640431482221,0.00219736316420296,0.000898921294446664,0,0.000299640431482221,0,0,0,0,0.000299640431482221,0.00499400719137036,0.0135836995605274,0.00549340791050739,0,0,0.000998801438274071,0,0,0.00069916100679185,0,0,0,0,0,0,0.00129844186975629,0,0.0013983220135837,0,0,0.00829005193767479,0.00519376747902517,0,0,0,0.000799041150619257,0,9.98801438274071e-05,0,0.000799041150619257,0.000399520575309628,0,9.98801438274071e-05,0,0,0,0,0,0,0.00239712345185777,0.000799041150619257,0,0,0,0.00609268877347183,0.0265681182580903,0.00199760287654814,9.98801438274071e-05,0.000399520575309628,0,0,0,0,0.0163803435876948,0.00149820215741111,0,0,0.000799041150619257,0.00119856172592889,0,0.000399520575309628,0,0,0.000199760287654814,0,0,0.0206751897722733,0,9.98801438274071e-05,0,0,0,0,0,0.000898921294446664,0.000399520575309628,0,0,0.000998801438274071,9.98801438274071e-05,9.98801438274071e-05,0,0,0.00179784258889333,9.98801438274071e-05,0,0,0,0.000499400719137036,0,0.00219736316420296,0,0.00159808230123851,0.0195765081901718,0.00109868158210148,0,0.0380543347982421,0,0.000199760287654814,9.98801438274071e-05,0,0,0,0.251298441869756,0,0,0,0,0,9.98801438274071e-05,0,0,0.00219736316420296,0.00299640431482221,0,0,0,0,0.00739113064322813,9.98801438274071e-05,9.98801438274071e-05,0,0,0.00549340791050739,0
0,0,0,0,0,0,0.00269919024292712,0,0,0,0,0,9.99700089973008e-05,0,0.00569829051284615,0,0,0,0,0,0.00289913026092172,0,0,0.00159952014395681,0,0.102369289213236,0,0,0.00739778066580026,0,0.0116964910526842,0,0,0.000299910026991902,0,0,0.000699790062981106,0,0,0,0,0,0,0,0,0.00499850044986504,0,0,0,0,0,9.99700089973008e-05,0.000399880035989203,0,0,0,0.000299910026991902,0,0,0.00299910026991902,0,0,0,0,0,0,0.0817754673597921,0,0,0,0,0,0,0,0,0,0,0,0,0,0,0,0.00419874037788663,0,0,0.000399880035989203,0.0322903129061282,0,0,0,0,0.00629811056682995,0.00279916025192442,0,0,0,0,0,0,0,0,0.00149955013495951,0,0,9.99700089973008e-05,0,0,0.0825752274317705,0,0,0,0,0,0.0226931920423873,0,0.000399880035989203,0,0,0.00409877036888933,0,0,0,0,0.0321903428971309,0,0,0,0,0.000399880035989203,0,0,0,0,0,0,0,0,0,0,0,0,0,0,0,0,0,0.000199940017994602,0,0,0,0.000499850044986504,0.00609817054883535,0,0,0,0,0,0,0,0.0163950814755573,0,0,0,0,0,0,0,0,0,0,0,0,0.000399880035989203,0,0,0,0,0,0,0,0,9.99700089973008e-05,0,0,0,0,0,0,0,0.000399880035989203,0,0.0204938518444467,0,0,0,0,0,0,9.99700089973008e-05,0,0,0,0,9.99700089973008e-05,0,0,0,0,9.99700089973008e-05,0.00319904028791363,0.000199940017994602,0,0,0,0,0,0,0,0.0180945716285114,0,0,0,0,0,0,9.99700089973008e-05,0,0,0.000899730080975707,0,0.0144956513046086,0,0,0.014295711286614,0,0,0,0,0,0,0,0,0,0,0.000599820053983805,0,0,0,0,0,0,0,0,0,0,0,0,0,0,0.000799760071978406,0,0,0,0,9.99700089973008e-05,0,0,0,0,0.0854743576926922,0,0.0220933719884035,0.0380885734279716,0.102069379186244,0.000399880035989203,0,0,0,0,0.22703189043287,0,0,0.00829751074677597,0,0,0,0,0,0,0,0,0,0,0,0,0,0.00279916025192442,0,0,9.99700089973008e-05,0
0,0,0,0,0,0,0,0,0,0,0,0,9.99500249875062e-05,0.031384307846077,0.00699650174912544,0,0,0,0,0,0,0,0,9.99500249875062e-05,0,0.331834082958521,0,0,9.99500249875062e-05,0,0.0141929035482259,0,0,0.016191904047976,0,0,0.00199900049975012,9.99500249875062e-05,0,0,0,0,0,0,0,0.00339830084957521,0,0,0,0,0,0,0,0,0,0,0,0,0,9.99500249875062e-05,0,0,0,0,0,0,0.00149925037481259,0,0,0,0,0,0,0,9.99500249875062e-05,0,0,0,0,0.000599700149925037,0,0,0.0138930534732634,0,0,0,0.000299850074962519,0,0,0.00299850074962519,0,9.99500249875062e-05,0.00119940029985007,0,0,0.0128935532233883,0,0,0,0,0,0,0,0,0,0,0.00109945027486257,0.163718140929535,0,0,0,0,0,0.00119940029985007,0.000399800099950025,0,0,0,0.00109945027486257,0,0,0,0,0,0,0,0,0,0,0,0,0.00119940029985007,0,9.99500249875062e-05,0,0.000699650174912544,0.00209895052473763,0,0,0,0.00429785107446277,0,0,0,0,0,0.00179910044977511,0,0,9.99500249875062e-05,0.0015992003998001,0,0,0,0,0,0,0,0,0.000999500249875062,0,0,0,0.0241879060469765,0,0,9.99500249875062e-05,0,0,0,9.99500249875062e-05,0,0,0,0,0,0,0,0.00369815092453773,0,0,0.000699650174912544,0,0,0,0,0,0,0,0.00169915042478761,0,0.000599700149925037,9.99500249875062e-05,0,0,0,0.000399800099950025,0,0,0,0,0,0,0,0,0.000199900049975012,0.000199900049975012,0,0,9.99500249875062e-05,9.99500249875062e-05,0,0,0,0,0,0.000199900049975012,0,0,0,0,0.00279860069965018,0,0,0,0,0,0,0.00259870064967516,0.000299850074962519,0.00839580209895052,0,0,9.99500249875062e-05,0,0,0,0,0,0,0.000399800099950025,0,0,0,0,0,0,0,0,0,0,9.99500249875062e-05,0.00199900049975012,0,0,0,0,0,0,0,0,0,0,9.99500249875062e-05,0,0,0,0.000399800099950025,0,0.0895552223888056,0,0.00119940029985007,0.0197901049475262,0,0.00129935032483758,0,0,0,9.99500249875062e-05,0.184707646176912,0,0,0.0311844077961019,0,0,0.000299850074962519,0,0.000399800099950025,0.000299850074962519,0,0,0,0,0,0,0,9.99500249875062e-05,0,0,0.000999500249875062,0
9.9930048965724e-05,0,0,0.000599580293794344,0,0,0.00099930048965724,0,0,0,0,0,0,0,9.9930048965724e-05,0.00219846107724593,0,0,0,0,0.00569601279104627,0,0,9.9930048965724e-05,0,0.290296792245428,0,0,0.00359748176276606,0.000199860097931448,0,0,0,0.00189867093034876,0,0,0.000199860097931448,0.00679524332966923,0,9.9930048965724e-05,0,0,0,0.00269811132207455,0,0.0240831418007395,0,0,0,0,0,0,0,0,0,0,9.9930048965724e-05,0,0,0,0,0,9.9930048965724e-05,0,0,0,0.036574397921455,9.9930048965724e-05,0,0,0,0,0,0.00099930048965724,0.137603677425802,0,0,0,0,0.00449685220345758,0,0,0.00199860097931448,0,0.00629559308484061,0.00049965024482862,0,0,0,0,0.0584590786449485,0.00269811132207455,9.9930048965724e-05,0,0,0,0,0,0,0,0,0,0,0,0,0.000399720195862896,0,0.0211851703807335,0,0.00549615269311482,0,0,9.9930048965724e-05,0.00149895073448586,0,0,0,9.9930048965724e-05,0.00189867093034876,0,0.00429699210552613,0,0,0,9.9930048965724e-05,0,0,0,0,0,0.0141900669531328,0,0,0,9.9930048965724e-05,0,9.9930048965724e-05,0,0,0,0,0,0,9.9930048965724e-05,0,0,0,0,0.00169881083241731,0.000199860097931448,0,0,0.000299790146897172,0,9.9930048965724e-05,9.9930048965724e-05,0.00229839112621165,0,0,0.00319776156690317,0.00389727190966324,0.0110922354351954,0,0,0,0,0,0.00179874088138303,0,0,0,0.000199860097931448,0.0513640451683821,0,0,0,0.00769461377036075,9.9930048965724e-05,0,0,0,0.00099930048965724,0,0,0.00189867093034876,0,0,0,0.0154891575896872,0,0,0.00339762166483462,0,0,0,9.9930048965724e-05,0.037273908264215,0.00419706205656041,0,0,0,0,0,0,9.9930048965724e-05,0.00099930048965724,0,0.000199860097931448,0,0,0,0,0,0,0,0.00589587288897772,0,0,0,0.000299790146897172,0.000599580293794344,0,0.0215848905765964,0,9.9930048965724e-05,0,0,0,0,0,0.00569601279104627,0.000199860097931448,0.000699510342760068,0,0,0,0,0,0.000199860097931448,0,0,0,0.000399720195862896,0,9.9930048965724e-05,0,0,0,0,0,0.0210852403317678,0,0,0,0.000299790146897172,0.000599580293794344,0.000299790146897172,0,0,0,0,0,0,0,0.000399720195862896,0,0,0,0,0.0099930048965724,0.000599580293794344,0,0,0,0,0,0,0,0,0.137503747376836,0,0,0.002897971420006,0,0,0,0,0,0,0.000699510342760068,0,0,0,0,0.000599580293794344,0,0.00049965024482862,0,0,0.000799440391725792,0
0,0,0,0,0,0,0,0.00149865121390748,0,9.99100809271655e-05,0.000199820161854331,9.99100809271655e-05,0,0.0285742831451693,0,0,0,0,0,0.000399640323708662,0.00109901089019882,0.00419622339894095,0,0,0.000299730242781497,0.328104705764812,0,0,0,0.00089919072834449,0.0123888500349685,0,0,0,0,0,0.00219802178039764,0.00209811169947048,0,0,0,0,0,0.000699370566490159,0,0.0102907383354981,0,0,0,0,0,0,0.000199820161854331,0,0.000799280647417324,0,0,0,0,0,0,9.99100809271655e-05,0,0,0,9.99100809271655e-05,0.0178839044859626,0,0,0,0.00239784194225197,0,0,0.00299730242781497,0.000199820161854331,0,0,0,0,0.000399640323708662,0.000999100809271655,0,0,0,0.00149865121390748,0,0.000199820161854331,0,0,0.00299730242781497,0.00239784194225197,0,0,0.00519532420821261,0,0,0,0,0.00119892097112599,0,0.000399640323708662,0,0,0,9.99100809271655e-05,0,0.0128884004396044,0.0129883105205315,9.99100809271655e-05,0,0,0.00129883105205315,0,0.0057947846937756,0,0,0,0,0.00629433509841143,0,0,0,0,9.99100809271655e-05,0.00979118793086222,0,0,0,0.000199820161854331,0.013887501248876,0.00399640323708662,0.010890198821061,0,0,0,0,0.000599460485562993,0,0,0,0,0,0,0,0,0,0,0.000499550404635828,0,0,0.00369667299430513,0.00089919072834449,0,0,9.99100809271655e-05,0.000299730242781497,0,0,0.00109901089019882,0.00129883105205315,0,0,0,0.0153861524627835,0,0,0,0,0,0,0,0,0,0,0,0,0,0.0060945149365571,0,0,0.000599460485562993,0,0.000499550404635828,9.99100809271655e-05,0.000399640323708662,0,0,0,0.00179838145668898,0,0,0.00639424517933859,0,0,0,0,0,9.99100809271655e-05,0,0,0,0,0,0,0,0,0,0,0,0,0,0,0.00189829153761615,9.99100809271655e-05,0.000399640323708662,0,0.000199820161854331,0.000999100809271655,0,0.000299730242781497,0,0,0,0,0,0,0,0,0.00749325606953742,0,0.0142871415725847,0,0,0.0190828254570886,0,0,0,0,0,0,0,0,0,0,0,0,0,0,0,0.00279748226596064,0.000399640323708662,0,0,0,0.000299730242781497,0,0.000199820161854331,0.000799280647417324,0.000399640323708662,0,0,0.00109901089019882,0,9.99100809271655e-05,0,0,0,0,0,0.00199820161854331,0,0.00329703267059646,0.16215406134479,0,0,0,0,0,9.99100809271655e-05,0.182735538015786,0,0,0.0321710460585473,0,0,0,0,0,0.00209811169947048,0.000699370566490159,0,0,0,0,0.00269757218503347,0.000399640323708662,0,0.00479568388450395,0,0.00369667299430513,0.000999100809271655
0,0,0,0,0,0,0.00859398421105226,0,0,9.9930048965724e-05,9.9930048965724e-05,0,0,0,0.000599580293794344,0,0,0.000199860097931448,0,0,0.00159888078345158,0.0020985310282802,9.9930048965724e-05,0.00159888078345158,0,0.0515639052663136,0.000199860097931448,0,0.00559608274208054,0.000199860097931448,0.0102927950434696,0,0,0.002897971420006,0,0,0.000199860097931448,0.0113920255820925,0.000799440391725792,0,9.9930048965724e-05,0.000799440391725792,0,0.00179874088138303,0,0.00169881083241731,0,0.000599580293794344,0,0,0,0,0,0,0,9.9930048965724e-05,0,0,0,0.0053962226441491,0.000199860097931448,0.00909363445588088,0,9.9930048965724e-05,0,0.000299790146897172,0.00239832117517738,0,0,0,0.000399720195862896,0,0,0.000599580293794344,0,0,0,0,0,0.00579594284001199,0,0.000199860097931448,0.00439692215449186,9.9930048965724e-05,0.0020985310282802,9.9930048965724e-05,9.9930048965724e-05,9.9930048965724e-05,0,0.00259818127310882,0.286599380433696,0.00049965024482862,0,0,0,0,0,0,0.00129909063655441,0,0,0,0,0.00149895073448586,0.000299790146897172,0.00049965024482862,0,0.0214849605276307,0,0.0288797841510942,0,0,0,0.000899370440691516,0.00109923053862296,0.00259818127310882,0,0.000199860097931448,0.00689517337863496,0,0.00759468372139502,0,0,0.000299790146897172,0.00099930048965724,0.00149895073448586,0,0,0.00109923053862296,0,0.0328769861097232,0.002897971420006,0,0.0105925851903667,0,9.9930048965724e-05,0.0154891575896872,0,0,0,9.9930048965724e-05,0,0,0,0,0,0,0.000799440391725792,0.00139902068552014,0,0.00429699210552613,0,0,0,9.9930048965724e-05,0,0,0,0.010492655141401,0.00409713200759468,0,0.00519636254621765,9.9930048965724e-05,0.0494653742380334,0,0,0,0,0,0,0.000399720195862896,0,9.9930048965724e-05,0,0,0,0.00469671230138903,0.00049965024482862,0.0100929349455381,0,0,0,0,0,9.9930048965724e-05,0,0,0.0132906965124413,0,0,0,0.00109923053862296,0,0,0,0,0.0111921654841611,0.00549615269311482,0,0,0,0,0,0.00149895073448586,0,9.9930048965724e-05,0,0,0,0,0,0,0.00199860097931448,0.000699510342760068,0.0020985310282802,0.00549615269311482,0.00159888078345158,0.00049965024482862,0,0,0.000299790146897172,0.0132906965124413,0.000599580293794344,0,0,0,0,0,0.00119916058758869,0.0045967822524233,0.000699510342760068,9.9930048965724e-05,0.000599580293794344,0.00489657239932048,0,0,9.9930048965724e-05,0,0,0,0.0100929349455381,0,0.0369741181173179,0,9.9930048965724e-05,0.000599580293794344,0,0,0,0,0.000799440391725792,9.9930048965724e-05,0.000599580293794344,0,0.000199860097931448,9.9930048965724e-05,9.9930048965724e-05,0,0.000899370440691516,0.000399720195862896,9.9930048965724e-05,0,0,0.000199860097931448,0,0,0,0,9.9930048965724e-05,0.000599580293794344,0,0.00319776156690317,0.00359748176276606,0,0,0,0,9.9930048965724e-05,0.000399720195862896,0.199160587588688,0,0,0.00589587288897772,0,0,0,0,9.9930048965724e-05,0.00319776156690317,0.000599580293794344,0,0,9.9930048965724e-05,0,0.00049965024482862,0,0.000299790146897172,0.00269811132207455,0,0.00139902068552014,0
0,0,0,0,0,0,0,0,0,0,0,0,0,0,0.0379886034189743,0,0,0,0,0,0,0,0,0,0,0,0,0,0,0,0,0,0,0,0,0,0,0,0,0,0,0,0,0,0,0,0,0,0,0,0,0,0,0,0,0,0,0.00179946016195141,0,0,0,0,0,0,0,0,0,0.0213935819254224,0,0,0,0,0,0,0,0,0,0,0,0,0,0,0,0,0,0,0,0,0,0,0,0,0.223732880135959,0,0,0.0566829951014696,0,0,0,0,0,0.00159952014395681,0,0,0,0,0,0,0,0,0,0,0,0,0,0.0292912126362091,0,0.00169949015295411,0,0.00259922023392982,0,0,0,0,0,0,0,0,0,0,0,0,0,0.00639808057582725,0,0,0,0,0.00859742077376787,0,0,0,0,0,0,0,0,0,0,0,0.0966709987003899,0,0,0.00289913026092172,0,0,0.133759872038388,0.00839748075577327,0,0,0,0,0,0,0,0,0,0,0,0,0,0.0181945416375087,0,0,0,0,0,0,0.202439268219534,0,0,0,0,0,0,0,0,0,0,0,0,0,0.00129961011696491,0.0223932820153954,0,0,0,0,0.00169949015295411,0,0,0.0171948415475357,0,0,0,0,0,0,0,0,0,0,0,0,0,0,0,0,0,0,0,0,0,0,0,0,0,0,0,0,0,0,0,0,0.0354893531940418,0,0,0,0,0,0,0,0,0,0,0,0,0,0,0,0,0,0,0.00259922023392982,0,0,0,0,0,0,0,0,0,0,0,0,0,0,0.0651804458662401,0,0,0,0,0,0,0,0,0,0,0,0,0,0,0,0,0,0,0,0,0,0,0,0,0,0,0,0,0,0,0,0
0,0,0,0,0,0,0,0,0,0,0.000399880035989203,0,0,0,0,0,0,0,0,0,0,0.00179946016195141,0,0.000399880035989203,0,0.183245026492052,0,0,0,0.000799760071978406,0.0139958012596221,0,0,0.00159952014395681,0,0,0,0.0493851844446666,0,0,0,0,0,0,0,0,0,0.00329901029691093,0,0,0,0,0,0,0,0,0,0,0,0.00539838048585424,0.000399880035989203,0,0,0.000399880035989203,0,0,0.000599820053983805,0,0,0,0.010296910926722,0.000499850044986504,0,0,0,0,0,0,0,0.000199940017994602,0,0.00179946016195141,0.000399880035989203,0,0,0,0,9.99700089973008e-05,0,0.00589823053084075,9.99700089973008e-05,0.0105968209537139,0,0,0,0,0,0,0.00359892032390283,0,0,0,0,0,0.00419874037788663,0,0,0.00449865040487854,0,0,0,0,0,0,0,0.000299910026991902,0,0.000199940017994602,0.00749775067479756,0,0,0,0,0.000199940017994602,0,0.0300909727081875,0.0101969409177247,0,0.00389883035089473,0,0,0,0.00999700089973008,0,0,0,0,0,9.99700089973008e-05,0,0.000399880035989203,0,0,0,0,0,0.00389883035089473,0,0,0,0,0,0,0.000499850044986504,0,0,0,9.99700089973008e-05,0,0.00819754073777867,0,0,0,0,0,0,0,0,0,0,0.000799760071978406,0,0,0,0,0,0,0.000499850044986504,0.000899730080975707,0,0,0,0,0,0.00209937018894332,0,0,0,0,0,0.000999700089973008,0.0357892632210337,0,0,0,0,0,0,0,0.00109967009897031,0,0,0,0.275017494751575,0,0.00179946016195141,0.00359892032390283,0,0,0.000599820053983805,0,0,0,0,0.00309907027891633,0,0.00369889033290013,0.00829751074677597,0.0138958312506248,0,0.000199940017994602,0.00599820053983805,0,0,0,0,0.00439868039588124,0,0.00489853044086774,0,0.0248925322403279,0,0,0.0464860541837449,0,0,0,0,0,0.00209937018894332,0,0,0,0,9.99700089973008e-05,0.0454863540937719,0,0,0,0,0,0,0.00349895031490553,0,0.00409877036888933,0.00599820053983805,0.000199940017994602,0,0,0.000499850044986504,0,0,0,0.000699790062981106,0,0,0,0,0.000399880035989203,0.00169949015295411,0,0,0.0309907027891633,0,0,0,0,0.000199940017994602,0.000999700089973008,0.0226931920423873,0,0,0.0529841047685694,0,0,0,0,0,0.00169949015295411,0.00419874037788663,0,0,0,0,0.00289913026092172,0,0,0,0,0,0
0,0,0,0.000399560483468185,0,0,0,9.98901208670463e-05,0,0,0,0,0,0,0.00918989111976825,0,0,0,0,0,9.98901208670463e-05,0.000499450604335231,0,0.00189791229647388,0,0.237938267905304,0,0,0.0211767056238138,0.00269703326341025,0,0,0,0.00269703326341025,0,0,0.00689241833982619,9.98901208670463e-05,0,0,0,0,0,0.00139846169213865,9.98901208670463e-05,9.98901208670463e-05,0,0,0.000699230846069324,0,0,0,0,0,0,0,0,0,0,0,0,9.98901208670463e-05,0,0,0,0,0.00119868145040456,0,9.98901208670463e-05,0,9.98901208670463e-05,0,0,0.00079912096693637,0,0,0,0,0,0,0,0,0,9.98901208670463e-05,0,0,0.0101887923284387,0,9.98901208670463e-05,0.00179802217560683,9.98901208670463e-05,0.0012985715712716,0.0201778044151433,0,0,0.00079912096693637,0,0,9.98901208670463e-05,0,0,0,0,0,9.98901208670463e-05,0,0,0.162521226650684,0,0.00369593447208071,0,0,0,0.00109879132953751,9.98901208670463e-05,0,0,0,0.00639296773549096,9.98901208670463e-05,0,0,0,9.98901208670463e-05,0.0109879132953751,0,0,0,0,0,0,0.0025971431425432,0,0.000998901208670463,0,9.98901208670463e-05,0.0101887923284387,0,0,0,0.0234741784037559,0,0,0,0,0,0,0,0,0,0.000199780241734093,0,0,0.00219758265907502,0,0,0,0,0.00079912096693637,0.000299670362601139,0,0,0,9.98901208670463e-05,0,0,0,0,0,0,0,0,0,0,0,0,0,0,0.00349615423034662,0,0,0,0,0,0,0,0,0,0,0,0.000899011087803416,0.00299670362601139,0.000699230846069324,0,0,0,0.000499450604335231,0,0,0,0,0,0,9.98901208670463e-05,0.139047048246928,0,0,0,9.98901208670463e-05,0,0,0,0,0,0.000199780241734093,0,0.00169813205473979,0,0.0101887923284387,0,0,0,0,0,0,0,0,0,9.98901208670463e-05,0,0.000199780241734093,0,0,0.127260013984617,0,0,0,0,0,0,0,0.00079912096693637,0,0,0.000499450604335231,0,0,0,0,0,9.98901208670463e-05,0,0,0,0,0,0,0,9.98901208670463e-05,0,9.98901208670463e-05,0,0,0.000199780241734093,0,0,0,0,0,0.0385575866546798,0,0,0.0760163819798222,0,0,0,0,0,0,0.0110878034162421,0,0,0.000599340725202278,0,0,0,0,0.000599340725202278,0.000199780241734093,0,0,0,0,0,0.000599340725202278,0,0.0319648386774548,0,0,0.00209769253820797,0
9.9940035978413e-05,0,0,0,0,0,0,0.00139916050369778,0,0,0,0,9.9940035978413e-05,0,9.9940035978413e-05,0,0,0,0,0,0.00109934039576254,0.000799520287827304,0,0,0,0.043573855686588,0,0,0.00129922046771937,0.000799520287827304,0.0327803318009195,0,0,0.00469718169098541,0,0,0.000499700179892065,0.000199880071956826,0,0,0.000199880071956826,0,0.00159904057565461,0,0,0.00579652208674795,0,0,0,0,9.9940035978413e-05,9.9940035978413e-05,0,0,0,0,0,0.000199880071956826,0,0,0,0,0,0,0,0,0.00409754147511493,9.9940035978413e-05,0,0,0,0,0,0,0,0,0,0,0,0,0,0,0.00919448331001399,0,0,0.000399760143913652,9.9940035978413e-05,0,0,0.00329802118728763,0,0,0.00259844093543874,0,0,0.00219868079152508,0,0,0.0748550869478313,9.9940035978413e-05,0,0,0,0,0,0,0,0.00469718169098541,0,0.00279832100739556,0,0,9.9940035978413e-05,9.9940035978413e-05,0,0.00399760143913652,0,0.00559664201479113,0.000699580251848891,9.9940035978413e-05,0,0,0.00689586248251049,0.000799520287827304,0.0199880071956826,0,0,0,0,0,0.0109934039576254,0.000399760143913652,0,0,0,0,9.9940035978413e-05,0,0,0,0.000199880071956826,0,0,0,0,0,0.000299820107935239,0,0,0,9.9940035978413e-05,0,0,9.9940035978413e-05,0,0,0.00149910053967619,0,0,0,0,0,0,0,0,0,0,0,0,0,0.000599640215870478,0,0,0,0,0,0,0,0.0475714571257246,0,0,0,0,0.000199880071956826,0.000499700179892065,0,0,0,0,9.9940035978413e-05,0,0.000999400359784129,0.000199880071956826,0.000399760143913652,0,0,0,0,0,0,0,0,0,0,0,0.000899460323805717,0.000299820107935239,0.00189886068358985,0,0.00679592244653208,0,0,0,0,0,0,0,0,0.00129922046771937,0,0,0,0,0,9.9940035978413e-05,0,0,0,0,0,0.00369778133120128,0,0,0.326104337397561,0,0,0,0,0,0,0,0,0,0,0,0,0,9.9940035978413e-05,0,0,0,0.000199880071956826,0,0,0.000699580251848891,0.00149910053967619,0.000199880071956826,0,0,9.9940035978413e-05,0,0,0,0.000999400359784129,0,0,0,0,0,0.28712772336598,0,0.00669598241055367,0.0296821906855886,0,0.000399760143913652,0,0,0,0.00419748151109334,0.000399760143913652,0,9.9940035978413e-05,0.00789526284229462,9.9940035978413e-05,0,9.9940035978413e-05,0,0.000299820107935239,0.00719568259044573,0.00159904057565461,0,0,0,0,0.00369778133120128,0,0.000199880071956826,0,0,0.00299820107935239,0
0,0,0,0,0,0,5e-04,0,0,0,0,0,0,0,0.0015,0,0.0035,0,0,0,0,0.0133,0,0,0,0.1299,0,0,0.0014,0.0078,0,0,0,0.0109,0,0,0.0024,0,0,0,0,0,0,0,0,0.0045,0,0,0,0,0,0,0,0,0,0,0,0,0,0.0018,0,0,0,0,0,0,0.0015,0,0,0.0257,0,0,0,0,0,0,0,0,0,4e-04,0,0,0,0,0,0,0,0,0,0,0,0,0.0016,0,0,0,0,0,0,0,0,2e-04,0,0,0,0.0013,0,0.0284,0,0.002,0,0,1e-04,0.002,0,0,0.0325,0,0.0029,0,0.009,0,0,0,0,0,0,0,0,0,0.0452,1e-04,0,0,0,1e-04,0.0152,0,0,0,0.0012,0,0,0,0,0,0,0,0,0,0,0,0,0,0,0,0,0,0,0.0012,0,0.0026,0,0,0,0,0,0,0,0,0,0,1e-04,0,0,0,0.0015,0,0,0,0,0.0017,0,0,0,0,0,0,0,0,0,0.0123,0,0,0,0,0.0114,0.0045,0,1e-04,0,0,0,0,0.0648,0.0148,0,8e-04,0,0,0.0316,0,0,0,0,0,0.0017,0,0,0,4e-04,0,0,0,0,0,0,0,0,0,0,0,0,0.0051,0,0,0,0.0013,0,0,0,0,4e-04,0,0,0,0,0,0,0,0,0,0,0,0,4e-04,2e-04,0,0,0,0,0,0.0034,2e-04,1e-04,0,0,0,0,0.0015,0,0,0.2882,0,0,0,0,0,0,0.1442,0,0,0.0229,0,2e-04,0,0,0,0,0.0038,0,0,0,5e-04,0,0,0.0014,0,0,0.0298,0
0,0.0001999600079984,0,0,0,0,0,0,0,0,0,0,0,0,9.99800039992002e-05,0,0,0,0,0,0,0.0017996400719856,9.99800039992002e-05,9.99800039992002e-05,9.99800039992002e-05,0.112577484503099,0,0,0.0001999600079984,0,0.00759848030393921,0.0281943611277744,9.99800039992002e-05,0.00829834033193361,0,0,0,0,0,0,0,0,0.0216956608678264,0.016996600679864,0,0.0182963407318536,0,0,0,0,0,0,0,0,0,0,0,0,0,0,0,0,0,0,0.0018996200759848,0,0.000499900019996001,0,0,0.00839832033593281,0,0,0,0.00929814037192562,0,0,0,0,0,0.0028994201159768,0,0,0,0,0.00469906018796241,0,9.99800039992002e-05,9.99800039992002e-05,0,0,0,0,0,0,0,0,0,0,0.00489902019596081,0,0,0,0,9.99800039992002e-05,0,0,0.0217956408718256,0.00569886022795441,0,9.99800039992002e-05,0.0012997400519896,0.0001999600079984,0,0.00479904019196161,0,0,0,0,0.00699860027994401,9.99800039992002e-05,0,0,0,0,0.0215956808638272,0.0198960207958408,0.0111977604479104,0,0.000399920015996801,0,0,0.0171965606878624,0,0,0,0,0,0,0,0,0,0,0,0,0.0111977604479104,0,9.99800039992002e-05,0,0,0,0.001499700059988,0,0,0,0,0,0,0,0.000899820035992801,0.00449910017996401,0,0,0,0.154169166166767,0,0,0,0,0,0,0,0,0.000599880023995201,0,0,0,0,0,0.00679864027194561,0,0,0,0,0,0,0,0,0,0,0,0,0.0137972405518896,0,0,0,0,0,0,0,0,0.0282943411317736,0,0,0.0002999400119976,0.001999600079984,0.000399920015996801,0,0,0,0,0.0002999400119976,0,0.0018996200759848,0,0.000999800039992002,0,0.00559888022395521,0,0,0.0001999600079984,0,0,0,0.000599880023995201,0,0,0,0,0.00599880023995201,0,0.014497100579884,0,0,0.0422915416916617,0,0,0,0,0,0,0,0,0,0,0.0001999600079984,0,0,0,0,0,0,0,0,0,0,0,0,0,0,0,0,0,0,0,0,0,0,0.00349930013997201,0,0.0002999400119976,0,0,0.13497300539892,0,9.99800039992002e-05,0,0,0,0.000399920015996801,0.186862627474505,0,0,0.00739852029594081,0,0,0,0,9.99800039992002e-05,0.00389922015596881,0,0,0,0,0,0,0,0,0.00479904019196161,0,0,0
0,0,0,9.99500249875062e-05,0,0,0,0,9.99500249875062e-05,0,0,0,0,0,0.00129935032483758,0,0,0,0,0,0,9.99500249875062e-05,0,0.00289855072463768,0,0.103648175912044,0,0,0.00809595202398801,0.00209895052473763,0.00359820089955022,0,0,0.00629685157421289,0,0,0.00149925037481259,0,0.000199900049975012,0,0,0.000299850074962519,0,0,0,0.000299850074962519,0,0,0,0,0.000199900049975012,0,0.000399800099950025,0,0,0,0,0,0,9.99500249875062e-05,0,0,0,0,0,0,0.000699650174912544,0,0,0,0,0,0,0,0.00409795102448776,0,0,0,0,0.000699650174912544,0,0,0.0352823588205897,0,0,0.00359820089955022,0,0,0,0.00199900049975012,0,0.00079960019990005,0.0364817591204398,0,0,0.00669665167416292,0,0,0,0,0,0,0,0,0,0,0,0.252973513243378,0,0,0,0,0.000399800099950025,0,0,0,0,0,0.000399800099950025,0,0,0,0,0,0.00439780109945028,0,0,0,0,0,0.000199900049975012,0.00719640179910045,0,0,0,0,0.0468765617191404,0,0,0,0.0780609695152424,0,0,0,0,0,0,0,0,0,0.000399800099950025,0,0,0,0,0,0,0,0,0,0,0.000699650174912544,0,0.0241879060469765,0,0,0,0,0,0,0.000199900049975012,0,0,0,0,0,0,0.00119940029985007,0.00219890054972514,0,0,0,0,0,0,0,0,0,0,0,0.000499750124937531,0.000299850074962519,0,0,0,0,0,0,0,0,0,0,0,0.00259870064967516,0,0,0,0,9.99500249875062e-05,0,0,0,0,0,9.99500249875062e-05,0,0.00509745127436282,0.000699650174912544,0.0271864067966017,0,0,0,0,0.0228885557221389,0,0,0,0,0.00079960019990005,0,0,0,0,0.0431784107946027,0,0,0.000199900049975012,0,0,0.000499750124937531,0,0,0,0,0.00679660169915042,0,0,0,0,0,0.000499750124937531,0.000199900049975012,0.00339830084957521,0,0.000599700149925037,0,0.000399800099950025,0,0.000199900049975012,0,0.00079960019990005,0,0,0,0.000299850074962519,0,0,0,0,0.00249875062468766,0,0,0.0616691654172914,0.000299850074962519,0,9.99500249875062e-05,0,0,0,0.170014992503748,0,0,0.000499750124937531,0,0,0,0,0,0.00399800099950025,0.000199900049975012,0,0,0,0,0,0,0.00229885057471264,0,0,9.99500249875062e-05,0
0,0,0,0.0014,0,0,0,0.0016,0,2e-04,0,0,0,0,0.009,0,0,0,0,0,0.0036,0.0016,0,3e-04,0,0.0012,0,0,0.0365,0.0194,0.0017,0,0,0.0033,0,0,0.0022,0.0383,1e-04,0,4e-04,0,0,0.006,0,0.0172,0,0,0,1e-04,0.0122,0,0,0,0.0201,0,0,0,0,2e-04,5e-04,0.0065,0,0,0,0,6e-04,0,0,0,9e-04,0,0,8e-04,0,0,0,0,0,0.0019,0,0,0.0141,0,0.0075,0,2e-04,0,0,0.0057,0,0.0062,0.0359,0,0,0,0,0,4e-04,0,0,0,0,0,0.0034,0,0.0262,0.0084,0,0.008,0,0,0,1e-04,0,0,0.0092,0.0035,0.008,0,0.0139,0,0,0,0.0029,0.001,0,0,0,0,0.1097,0.0024,0,0,0,0,6e-04,0,0,0,0.0557,3e-04,0,0,0,0,0.0036,0,0,0,0.0074,0.0035,0,5e-04,0,0,0,0,0,0.0028,0,0.0103,0,0,0,0,0,0.0018,0,0,0,0,0.0027,0,0,0,0.0124,0.0245,3e-04,0,0,0.002,0,0,0,0,0,0,0,0,0,0.0022,3e-04,0,0,0,0,0.0048,0,0,0,0,0,0,0,0,0,0,0,0.0075,0,0,0,0,7e-04,0.0086,0.002,0,0,0.0137,0.0051,0.0471,0.0031,0,0.0027,0,0,0.0256,0.0015,0.0051,5e-04,0,0,1e-04,0,0,0,0,0,0,0,0,0.0318,0,0,0,0,0,0.0025,0,0,6e-04,0,0,0,0,0.0047,3e-04,3e-04,0.0016,0,0,8e-04,3e-04,0.001,0,0,0,0.0025,0.0147,0,0.0175,0.1211,0,0,0,0,0,6e-04,0.0538,0,0,0.0145,0,0,0,0,0,0.0059,0.0038,0,0,0,0,0.0042,0,2e-04,0,0,0.0038,0
0,0,0,0,0,0,0.000799280647417324,0.0139874113298032,0,0,0,0,0,0.0130882206014587,0,0,0.00539514437006694,0,0,0,0,0.0031971225896693,0,0.000799280647417324,0,9.99100809271655e-05,0,0,0.00629433509841143,0.00159856129483465,0.0109901089019882,0,0,0.0202817464282146,0,0,0.000799280647417324,0.00309721250874213,0,0,0,0,0,0,0,0.0137875911679488,0,0,0,0,0,0,0,0,0,9.99100809271655e-05,0,0.00139874113298032,0,0.00189829153761615,0,0.00119892097112599,0.000199820161854331,0,0,0,9.99100809271655e-05,0,0,0.00569487461284844,0.000499550404635828,0,0,0,0,0,0,0,9.99100809271655e-05,0.00129883105205315,0,0,0.00239784194225197,0,0.00149865121390748,0.000199820161854331,0,0,0,0.0396643021280847,0,9.99100809271655e-05,0.0057947846937756,0,0,0,0.00109901089019882,0,0,0,0,0.00589469477470277,0,0,9.99100809271655e-05,0,0,0.000399640323708662,0,0,0,0,0,0.00709361574582875,0,9.99100809271655e-05,0,0,0.00219802178039764,0,0.000199820161854331,0,0,9.99100809271655e-05,0.0569487461284844,0,0.0184833649715256,0,0,0,0,0.0143870516535118,0,0.000399640323708662,9.99100809271655e-05,0,0.00179838145668898,0,0,0,0.00149865121390748,0,0,0,0,0,9.99100809271655e-05,0,9.99100809271655e-05,0,0.000299730242781497,0,0,0.000199820161854331,9.99100809271655e-05,0,0,0,0,0.00449595364172245,0,0,0,0.0327705065441103,0,0,0,0,9.99100809271655e-05,0,0.000299730242781497,0,0,9.99100809271655e-05,0,0,0,0,0.0149865121390748,0,0,0,0,0,0.000399640323708662,0,0,0,0,0,0,0.00429613347986812,0.000499550404635828,0.000699370566490159,0,0,0,0,0,0,0,0,0,0,0,0.00209811169947048,0,0,9.99100809271655e-05,0,0,0,0,0,0.000499550404635828,0,0.00419622339894095,0,0.00129883105205315,0,0,0.00349685283245079,0,0,9.99100809271655e-05,0,0,0,0,9.99100809271655e-05,0,0,0,0.249075831751424,0,0,9.99100809271655e-05,0,0,0,0,0,0,0,0.000299730242781497,0.000499550404635828,0,0,0,0,0,0.000199820161854331,0,0,9.99100809271655e-05,0.000499550404635828,0.000199820161854331,0,0,0,0,0,0,9.99100809271655e-05,0,0,0,0,0,0,0,0,0.226895793785593,0,0,0,9.99100809271655e-05,0,0.000299730242781497,0.160755320211809,0,0,0.00599460485562993,0,0,9.99100809271655e-05,0,0,0.00169847137576181,0,0,0,0,9.99100809271655e-05,0,0,0.0092916375262264,0,0,0.00519532420821261,0
0,0.0047995200479952,0,0,0,9.99900009999e-05,0.002999700029997,0,0,0,0,0,0,0,0.0175982401759824,0,0,0,0,0,0.0174982501749825,0.0055994400559944,0,0,0,0.0876912308769123,0,0,0.0004999500049995,0.0006999300069993,0.0060993900609939,0,0,0,0,0,0.0091990800919908,0,0.0001999800019998,0,0,0,0,0,0,0,0,0,0,0,0,0,0,0,0,0,0,0,0,0.0442955704429557,0,0,0,0.0003999600039996,0.0002999700029997,0,0.0092990700929907,0,0.0017998200179982,9.99900009999e-05,0,0,0,0,0,0.0018998100189981,0,0,0,0.104289571042896,0,0,0,0,0,0.0018998100189981,0,0,0,0,0,0.0006999300069993,0,0,0,0,0,0,0,0,0,0.0077992200779922,0,0,0,0,0,0.0010998900109989,0,0,0,0,9.99900009999e-05,0,0,0,0.0013998600139986,0,0.0206979302069793,0,0.0038996100389961,0,0,0,0.0030996900309969,0,0,0,0,0,0.035996400359964,0,0,0,0,0.0001999800019998,9.99900009999e-05,0,0,0,0.0001999800019998,0.0022997700229977,0,0,0,0,0,0,0.0022997700229977,0,0.0126987301269873,0,0.0005999400059994,0,9.99900009999e-05,0,0,0,0,0.0094990500949905,0,0.0087991200879912,0,0,0,0,0,0,0,0,0,0,0.0002999700029997,0,0,0,0.0115988401159884,0,0,0.0008999100089991,0,0,0,0,0,0,0,0,0,0,0,0,0,0.0001999800019998,0,0.0004999500049995,0.0308969103089691,0.0087991200879912,0,0,0,0,0,0,0,0,0,0,0,0,0,0,0,0,0,0.0085991400859914,0,0,0,0,0.0026997300269973,0.0501949805019498,0.0050994900509949,0,9.99900009999e-05,0,0,0,0,0.0021997800219978,0.0767923207679232,0,0.0014998500149985,0.0753924607539246,0,0,0.000999900009999,0,0,0.0135986401359864,0,0,0.0295970402959704,0,0.0001999800019998,0,0,0,0,0,0,0,0,0,0,0.0324967503249675,0,0,0,0,0,0,0,0,0.0092990700929907,0,0,0,0,0.0002999700029997,0,0,0.0554944505549445,0,0,0,0,0,0,0.124987501249875,0,0,0,0,0,0.0023997600239976,0,0,0.0017998200179982,0,0,0.0197980201979802,0,0,0.0011998800119988,0,0.0010998900109989,0,0,0.0020997900209979,0
0,0,0,0,0,9.9940035978413e-05,0,0.00139916050369778,0,0.000399760143913652,0,0,0,0,0.000399760143913652,0,0,0,0,0,0.00319808115130921,0,0,9.9940035978413e-05,0,0.190485708574855,0,0,0.000399760143913652,0.00119928043174096,0.0116929842094743,0,0,0.0202878273036178,0,0,0.00289826104337398,0.00109934039576254,0,0,0,9.9940035978413e-05,0,0,0,0.0129922046771937,0,0,0,0,0,0,0,9.9940035978413e-05,0.000199880071956826,0.000699580251848891,0,0,0,0.00209874075554667,9.9940035978413e-05,0,0,0,0,0,0.00869478313012193,0,0,0,0.000999400359784129,9.9940035978413e-05,0,0.0232860283829702,0,0,9.9940035978413e-05,0,0,0,0,0,0.0164901059364381,9.9940035978413e-05,0,0.0791525084949031,0.0175894463322007,0,0,0.0710573655806516,0,9.9940035978413e-05,9.9940035978413e-05,0,0,0.000299820107935239,0,0,0,0,0,0,0,0,0,0,0,0,0,0,0,0,0,0.0225864481311213,9.9940035978413e-05,0,0,0,0.00979412352588447,0,0,0,0,9.9940035978413e-05,0.016689986008395,0,0,0,9.9940035978413e-05,0,9.9940035978413e-05,0.00919448331001399,0,0,0,0,0.000599640215870478,0,0,0,0.000399760143913652,0,0,0,0,0,0.00159904057565461,0.000499700179892065,0.000199880071956826,0.000899460323805717,0.00179892064761143,0,0,0,0,0,0,0,0,0.00589646212272636,0,0,0,0,0,0,0,0,0,0.000299820107935239,0.000199880071956826,0,0,0,0,0,0.000199880071956826,0,0,0,0,0,0,0,0.00189886068358985,0,0,0.00829502298620828,0,0,0,0.0203877673395962,0,0,0.000199880071956826,0,0,0,0,0,0,0,0.122326604037577,0,0,0.017189686188287,9.9940035978413e-05,0,0,9.9940035978413e-05,0.000199880071956826,0,0,0.000199880071956826,0,9.9940035978413e-05,0,0.00819508295022986,0.000599640215870478,0,0,0.00209874075554667,0,0,0,0,0.00429742154707176,0,0.00589646212272636,0,0.0250849490305817,9.9940035978413e-05,0,0,0,0,0,0,9.9940035978413e-05,0,0.000199880071956826,0,0,0,0,0,0,0,0,0,0,9.9940035978413e-05,0.000599640215870478,0,0,0.00569658205076954,0.00179892064761143,0,0.000399760143913652,0,0,0,0,0.000399760143913652,0,0,9.9940035978413e-05,0,0,9.9940035978413e-05,0.000899460323805717,9.9940035978413e-05,0.0116929842094743,0,0,0,0,0,0,0.183989606236258,0,9.9940035978413e-05,0.0168898660803518,0,0,0,0,0,0,0.00169898061163302,0,0,0,0,0,0,0.00189886068358985,0,0,0.016689986008395,0
0,0,0,0,0,0,0.0027002700270027,0.0055005500550055,0.0002000200020002,0,0,0,0,0,0.0004000400040004,0,0.0068006800680068,0.0016001600160016,0,0.0004000400040004,0.0007000700070007,0,0,0,0.0001000100010001,0,0,0,0,0,0.0093009300930093,0,0,0.0116011601160116,0,0,0,0.0112011201120112,0,0.0001000100010001,0.0003000300030003,0,0,0.0013001300130013,0,0.0237023702370237,0,0,0,0,0,0,0,0,0.0022002200220022,0,0,0,0,0.0149014901490149,0,0,0,0,0,0.0094009400940094,0.0077007700770077,0.0017001700170017,0,0,0,0,0,0,0,0,0,0,0,0.0041004100410041,0,0,0.0011001100110011,0,0,0,0,0.0026002600260026,0,0.0033003300330033,0.140814081408141,0.0013001300130013,0.0079007900790079,0,0,0.0001000100010001,0,0,0.0009000900090009,0,0,0,0,0,0.0021002100210021,0,0.0001000100010001,0.0861086108610861,0,0.0042004200420042,0,0,0,0.0127012701270127,0,0,0.0002000200020002,0,0,0.0092009200920092,0,0,0.001000100010001,0,0.0065006500650065,0.0065006500650065,0,0,0.0001000100010001,0.0118011801180118,0.0001000100010001,0.0001000100010001,0,0,0,0,0.0003000300030003,0,0,0,0,0,0,0,0,0,0,0,0,0.0002000200020002,0.0013001300130013,0.0009000900090009,0,0,0,0,0,0,0,0,0,0,0,0.0561056105610561,0.0003000300030003,0,0.0002000200020002,0.0003000300030003,0,0,0,0,0.002000200020002,0.0001000100010001,0,0,0,0.0012001200120012,0.0376037603760376,0,0.0001000100010001,0,0,0,0.0035003500350035,0.0015001500150015,0,0,0.0005000500050005,0,0,0,0.0001000100010001,0.0002000200020002,0.004000400040004,0,0,0,0,0,0,0,0,0.0157015701570157,0.0869086908690869,0.033003300330033,0,0,0.0003000300030003,0.0004000400040004,0,0,0,0,0.0032003200320032,0,0.0123012301230123,0,0.0423042304230423,0.0011001100110011,0,0,0,0.0005000500050005,0,0.0001000100010001,0,0,0.001000100010001,0,0.0016001600160016,0,0,0,0,0,0.0026002600260026,0,0,0,0,0,0.0025002500250025,0,0,0,0,0.0001000100010001,0,0.0019001900190019,0.0015001500150015,0,0.0014001400140014,0.0001000100010001,0.001000100010001,0.0062006200620062,0,0,0,0,0,0.0008000800080008,0,0,0,0,0,0.0006000600060006,0.0097009700970097,0,0,0,0.0168016801680168,0,0,0,0.0002000200020002,0.0008000800080008,0.0016001600160016,0.145114511451145,0,0,0.0549054905490549,0,0,0,0,0.0025002500250025,0,0.0047004700470047,0,0,0,0,0.0001000100010001,0,0.0012001200120012,0.0006000600060006,0,0.0189018901890189,0.0007000700070007
0,0,0,0,0.00069916100679185,0,9.98801438274071e-05,9.98801438274071e-05,0,0,0.000399520575309628,9.98801438274071e-05,0,0,0.0103875349580503,0,0.00159808230123851,9.98801438274071e-05,0,0,9.98801438274071e-05,9.98801438274071e-05,0,0,0,0.139332800639233,0,0,0.00189772273272074,0,0.0529364762285258,0.0123851378345985,0.000998801438274071,0.0013983220135837,0.000399520575309628,0.000998801438274071,0.00589292848581702,9.98801438274071e-05,0,0,0,0,0,9.98801438274071e-05,0,0.000199760287654814,0.0439472632840591,9.98801438274071e-05,0,0,0.000399520575309628,0,0,0,0.000399520575309628,0,0,0,0.000299640431482221,0.0013983220135837,9.98801438274071e-05,9.98801438274071e-05,0.000199760287654814,0.000199760287654814,0.00179784258889333,0.000199760287654814,0.0127846584099081,0,0,0.00229724330803036,0.000499400719137036,0,0,0.00159808230123851,0,0,0,0,0,9.98801438274071e-05,0,9.98801438274071e-05,0.000799041150619257,0,9.98801438274071e-05,0.00199760287654814,0.0216739912105473,0,0,0.00149820215741111,0,0.00259688373951258,0,0,0.00189772273272074,0,0,0,9.98801438274071e-05,0,0.000499400719137036,0,0.00189772273272074,0,0,0.00209748302037555,9.98801438274071e-05,0.0827007590890931,0,0.000299640431482221,0,9.98801438274071e-05,0,0.000399520575309628,0,0.00219736316420296,0,0,0.000599280862964443,0,0.00609268877347183,0.000799041150619257,0,0,0.00729125049940072,0,0,0.0156811825809029,9.98801438274071e-05,0,0.0169796244506592,0.000299640431482221,0,0,0.000199760287654814,0,9.98801438274071e-05,0,0,0.00119856172592889,0,0,0,9.98801438274071e-05,0,0,9.98801438274071e-05,0,0.00219736316420296,0.000199760287654814,0.00109868158210148,0.000299640431482221,0,0,9.98801438274071e-05,0,0,0,0,9.98801438274071e-05,0,0.00898921294446664,0,9.98801438274071e-05,0,0,0,0,0,9.98801438274071e-05,0,0.000299640431482221,9.98801438274071e-05,0,0,0,0.00229724330803036,9.98801438274071e-05,0.000299640431482221,0.000299640431482221,0.000499400719137036,0,0,0.000199760287654814,0.000299640431482221,0,9.98801438274071e-05,0.00769077107471035,0.00519376747902517,0,0,0.00429484618457851,0,0,9.98801438274071e-05,0,0.00149820215741111,0.00449460647223332,0,0,0,0.0102876548142229,0,9.98801438274071e-05,9.98801438274071e-05,0.0103875349580503,0,0,0.000299640431482221,0,0.0152816620055933,0,0.00199760287654814,0.000299640431482221,9.98801438274071e-05,0.00809029165001998,0.0041949660407511,9.98801438274071e-05,0,0.000799041150619257,0.000199760287654814,0.0123851378345985,0.00269676388333999,0,0,0.000199760287654814,0.000799041150619257,0,0.00189772273272074,0.00449460647223332,9.98801438274071e-05,0.000199760287654814,0.00129844186975629,0.0143827407111466,0.000599280862964443,0,9.98801438274071e-05,0.00199760287654814,0,0.00349580503395925,0,0.0150819017179385,0.00069916100679185,0.00749101078705553,0,0,0,0,0,0,0,9.98801438274071e-05,0.00239712345185777,0,9.98801438274071e-05,0.00069916100679185,0,0.000399520575309628,9.98801438274071e-05,9.98801438274071e-05,9.98801438274071e-05,0.000599280862964443,0,0.000199760287654814,0,0,0,0,0,0.100579304834199,9.98801438274071e-05,0.000199760287654814,0.121554135037954,0,0,0,0,0.000199760287654814,0.000399520575309628,0.123551737914503,9.98801438274071e-05,0,0.0134838194167,0,0,0,0,0,0.000299640431482221,0.000799041150619257,0,0,0,0,0,9.98801438274071e-05,0.00409508589692369,0.000399520575309628,0,0.000898921294446664,0
0,0.00179802217560683,0,0,0,0,0.000199780241734093,0,0,0,0,0,0.000199780241734093,0,0.000299670362601139,0,0,9.98901208670463e-05,0,0,9.98901208670463e-05,0.00269703326341025,0,0.00269703326341025,0,0.205374088502647,0,0,0.00689241833982619,0.000599340725202278,0.0134851663170512,9.98901208670463e-05,0,0.0092897812406353,0,0,0.00319648386774548,0.0196783538108081,0.000399560483468185,0,0,0,0,0,0,0.000299670362601139,0,0.000399560483468185,0,0,9.98901208670463e-05,0.000998901208670463,9.98901208670463e-05,0.000199780241734093,0.000199780241734093,0,0,0,0,0.0109879132953751,0,0,0,0,0,0,0.00879033063630007,0,0,0.00329637398861253,0.000199780241734093,9.98901208670463e-05,0,0,0,0,9.98901208670463e-05,0,0,0.00309659374687843,0,0,0.00789131954849665,0,0,0.000299670362601139,0,0,0,0.00159824193387274,0.00169813205473979,0.00479472580161822,0,0,0,0.00709219858156028,0,0,0,0,0,0,0,0,9.98901208670463e-05,9.98901208670463e-05,0,0.318449705324143,0,0.0137848366796524,0,0,0,0,9.98901208670463e-05,0.00079912096693637,0,0,0.00879033063630007,0,0,0,0,0,0,0,0.000199780241734093,0,9.98901208670463e-05,0,0.000998901208670463,0.000599340725202278,0,0,0,0.000699230846069324,0.00299670362601139,0,0,0,9.98901208670463e-05,0,0,0,0,0,0.000199780241734093,0,0,0,9.98901208670463e-05,0.00079912096693637,9.98901208670463e-05,0,0.0027969233842773,0,0,0,9.98901208670463e-05,0.000199780241734093,0.000599340725202278,0,0,0,0,0,9.98901208670463e-05,0,9.98901208670463e-05,0,0.000199780241734093,0,9.98901208670463e-05,0,0,0,9.98901208670463e-05,0.000399560483468185,0.0136849465587853,0,0,9.98901208670463e-05,0,0.000199780241734093,0.000399560483468185,0,0,0,0,0,0.000199780241734093,0.00189791229647388,0,0.000199780241734093,0,0,0,9.98901208670463e-05,0,9.98901208670463e-05,0,0,0,9.98901208670463e-05,0.00139846169213865,0.000899011087803416,0.00109879132953751,0.000299670362601139,9.98901208670463e-05,0,0,9.98901208670463e-05,0,0.000199780241734093,0,9.98901208670463e-05,0.00289681350514434,9.98901208670463e-05,0.023773848766357,0,0,9.98901208670463e-05,0,0,0,0,0,0.0110878034162421,0.00479472580161822,0.000499450604335231,0,9.98901208670463e-05,0,0.0402557187094196,0,0,0.000299670362601139,0,0,0.00879033063630007,0,0,0,0,0.000299670362601139,0.000199780241734093,0,0,0,0,0,0.000399560483468185,9.98901208670463e-05,0,0.000399560483468185,0.000399560483468185,9.98901208670463e-05,0,0.00219758265907502,9.98901208670463e-05,0,0,0,0.000299670362601139,9.98901208670463e-05,0,0.000199780241734093,0,0.000299670362601139,0.00219758265907502,0,0.0025971431425432,0.00349615423034662,9.98901208670463e-05,0,0,0,9.98901208670463e-05,0,0.159324742782939,9.98901208670463e-05,0,0.0121865947457796,0,0.000199780241734093,0.0186794526021376,0,0,0.000599340725202278,0,0.00319648386774548,0,0,0,0,0.000499450604335231,0.000599340725202278,0,0,0.0040954949555489,0
0,0,0,0,0,0,9.99600159936026e-05,0.0109956017592963,0,0,9.99600159936026e-05,9.99600159936026e-05,0,0.0578768492602959,0.000299880047980808,0,0,0,0,0,0.00479808076769292,0.0037984806077569,0,0.000199920031987205,0,0.0790683726509396,0,0,0.000299880047980808,0,0,0,0,0.00649740103958417,0,0,0,0.00479808076769292,0,0,0,0,0,0.00139944022391044,0,0.0107956817273091,0,0.000199920031987205,0,0,0.000199920031987205,0,0,0,0,0,9.99600159936026e-05,0,0,0.00229908036785286,0,0.00149940023990404,0,0,0,0.000299880047980808,0.0289884046381447,0,0.000999600159936026,0,0.0524790083966413,0,0,0.00129948020791683,0,0,0,9.99600159936026e-05,0,0.0186925229908037,0,0.000199920031987205,0,0,0.00349860055977609,0,0,0,0,0.00989604158336665,0,0.00039984006397441,0.00139944022391044,0,0,0,0,0,0.00459816073570572,0,0,0,0,0,0.000299880047980808,0,0.00419832067173131,0.222311075569772,0,0.00249900039984006,0,0,0,0.00709716113554578,0,0,0,0,0.0368852459016393,0,0,0,0,9.99600159936026e-05,0,0,0,0,0,0.000299880047980808,0,0.00969612155137945,0,0,0,0,0,0,0,0,0.00119952019192323,0,0,0,0,0,9.99600159936026e-05,0,0,9.99600159936026e-05,0.00079968012794882,0.00239904038384646,0,0.00289884046381447,9.99600159936026e-05,0,0,0,0,0.00349860055977609,0,0,0,0.0162934826069572,0,0,0,0,0,0,0.00159936025589764,0,0,0,0,0,0,0,0.00429828068772491,0,0.00229908036785286,0,0,0,0,0,0,0,0,0,0,0.00079968012794882,0.000199920031987205,0,0,0,0,0,0,0,0,0,0,0,0,0.000499800079968013,0,0,0,0,0,0.000199920031987205,0.000599760095961615,0,0.00199920031987205,0,0.00479808076769292,0.0143942423030788,0,0,0,0.00139944022391044,0,0,0,0,0,0,0.00629748100759696,0.000699720111955218,0.0133946421431427,0,0,0.024390243902439,0,0,0.000299880047980808,0,0,0,0,0,0,0,0,0,0,0,0,0.000999600159936026,0.00669732107157137,0,0.000199920031987205,0,0.000499800079968013,9.99600159936026e-05,0,0,0.000899640143942423,0.00159936025589764,0.00039984006397441,0.00109956017592963,0,0,0,0,0,0,0.000999600159936026,0.00169932027189124,0,0,0.00419832067173131,0,0,9.99600159936026e-05,0.00439824070371851,0.00079968012794882,9.99600159936026e-05,0.258996401439424,0,0,0.0105957616953219,0,0,0,0,0,0.00559776089564174,0,0,0,0,0,0.000899640143942423,0.000199920031987205,0,9.99600159936026e-05,0,0.00159936025589764,0
0,0,0,0,0,0,0,0,0,0,0,0,0,0.022609043617447,0.000700280112044818,0,0,0,0,0,0.00040016006402561,0.00210084033613445,0,0,0,0.277511004401761,0,0,0.000900360144057623,0.00140056022408964,0.0248099239695878,0.00180072028811525,0.000300120048019208,0.000200080032012805,0,0,0.000200080032012805,0,0,0,0,0,0.0107042817126851,0.00280112044817927,0,0.000500200080032013,0,0,0,0,0,0,0,0,0.000700280112044818,0.00180072028811525,0,0,0,0,0,0,0,0,0,0,0.000500200080032013,0,0,0,0.00520208083233293,0,0,0.00460184073629452,0,0,0,0,0,0.000200080032012805,0,0.00150060024009604,0.000100040016006403,0,0.0731292517006803,0.000100040016006403,0.00110044017607043,0,0,0.00290116046418567,0,0.000700280112044818,0,0,0,0,0,0,0.000800320128051221,0,0,0,0.00220088035214086,0,0,0.00220088035214086,0,0.00160064025610244,0,0,0,0,0.000800320128051221,0.00690276110444178,0.00170068027210884,0.000200080032012805,0,0,0.00260104041616647,0,0,0,0,0,0.00040016006402561,0,0,0,0,0,0.00990396158463385,0.00160064025610244,0,0,0,0,0.0205082032813125,0,0,0,0.000500200080032013,0.000200080032012805,0,0.00040016006402561,0.000800320128051221,0,0.00120048019207683,0,0,0,0,0,0,0,0.000100040016006403,0,0,0,0,0.000800320128051221,0.00440176070428171,0.00220088035214086,0.000100040016006403,0,0,0,0,0,0,0,0,0.000200080032012805,0.000100040016006403,0,0,0,0.00940376150460184,0,0.0286114445778311,0.000700280112044818,0,0.00140056022408964,0,0,0.00040016006402561,0,0,0.0215086034413766,0,0,0,0.00360144057623049,0,0.000100040016006403,0,0,0,0,0,0,0,0.00190076030412165,0,0,0,0.000800320128051221,0,0,0,0,0.00830332132853141,0.000300120048019208,0,0,0.000300120048019208,0.00320128051220488,0.00310124049619848,0.000100040016006403,0.000300120048019208,0,0.000200080032012805,0.0362144857943177,0,0,0,0,0.00260104041616647,0,0.00820328131252501,0,0.00180072028811525,0,0,0.000800320128051221,0,0,0,0.00440176070428171,0,0.000700280112044818,0,0,0.0409163665466186,0,0,0,0,0,0,0,0,0,0.000700280112044818,0,0.00100040016006403,0.000300120048019208,0.00040016006402561,0,0,0.00100040016006403,0,0,0,0.00040016006402561,0,0,0,0,0,0.000600240096038415,0,0.00530212084833934,0.00460184073629452,0,0,0,0,0.000900360144057623,0,0.290216086434574,0,0,0.00160064025610244,0,0,0,0,0,0,0.00110044017607043,0,0,0,0,0,0.000500200080032013,0.00500200080032013,0,0,0.00460184073629452,0
0,0,0,0,0,0,0,0,0,0,0,0,0,0.0001999600079984,0.0017996400719856,0,0,0,0,0,0.00419916016796641,0.00439912017596481,0,0.000899820035992801,0.0001999600079984,0.0136972605478904,0,0,0,0,0.0427914417116577,0.000999800039992002,0.0023995200959808,0.00799840031993601,0,0,9.99800039992002e-05,0.0163967206558688,0,0,0,0,0,0.00449910017996401,0,0.001999600079984,0,0,0,0,0,0,0,0,0,9.99800039992002e-05,0,0,0,0,0,0.000899820035992801,0,0.00759848030393921,0,0.0012997400519896,0.00679864027194561,0,0,0,0.00659868026394721,0,0,0.0016996600679864,0,0,0,0,0,0.010497900419916,0,0,0.0183963207358528,0,0.000699860027994401,0.00619876024795041,0.0010997800439912,0.0028994201159768,0,0.00779844031193761,0.001499700059988,0,0,0,0,0,0,0,0.00359928014397121,0,0,0,0,0,0.000899820035992801,0,0,0.120475904819036,0,0,0,0,0,0.001499700059988,0.0002999400119976,0,0,0,0.0136972605478904,0,0,0,0,0,0.000499900019996001,0,0,0,0.0001999600079984,0.0115976804639072,0.0675864827034593,9.99800039992002e-05,0,0,0,0,0.0001999600079984,0,0,0,0.130573885222955,0,0,0,0,0,0,0,0.0016996600679864,0,0.00699860027994401,0.000599880023995201,0,0,0,0,0,0,0.000599880023995201,0.00999800039992002,0,0,0,9.99800039992002e-05,0,0,9.99800039992002e-05,0,0,0.000599880023995201,0,0,9.99800039992002e-05,0,0,0,0.00529894021195761,0.0178964207158568,0.0320935812837433,0,0,0,0,0,0,0,0,0.0122975404919016,0.0158968206358728,0,0,0.000899820035992801,0,0,0,0,0.0026994601079784,0.0128974205158968,0,0,0,0.00769846030793841,0,0.0378924215156969,0.00929814037192562,0,0,0,9.99800039992002e-05,0,0,0,0.00429914017196561,0.0012997400519896,9.99800039992002e-05,0.0186962607478504,0.00529894021195761,9.99800039992002e-05,0.0177964407118576,0,0,0.0272945410917816,0,0,0,0.00369926014797041,0,0,0.00399920015996801,0.00539892021595681,0.00829834033193361,0.0002999400119976,0.000899820035992801,0.00959808038392321,0,0,0,0,0,0,0,0,0.0270945810837832,0,0.0002999400119976,0,0,0,0,0,0.0028994201159768,0,0.000899820035992801,9.99800039992002e-05,0.0025994801039792,0.00649870025994801,0.0012997400519896,0,0.0022995400919816,0,0,0,0,0,0,0,0,0,0,0.000499900019996001,0,0,0.00849830033993201,0,0,0,0,0,9.99800039992002e-05,0.0938812237552489,0,0,0.00729854029194161,0,0,0,0,0.0002999400119976,0.00669866026794641,0,0.00559888022395521,0,0,0,0.016996600679864,0,0.00389922015596881,0,0,0.001499700059988,0
0,0,0,0.0013001300130013,0,0.0001000100010001,0.0003000300030003,0,0.0111011101110111,0,0,0,0.0002000200020002,0.0315031503150315,0.002000200020002,0,0,0,0,0,0.0033003300330033,0.0041004100410041,0,0.0008000800080008,0,0.0199019901990199,0,0,0.009000900090009,0.0015001500150015,0,0,0,0.0015001500150015,0,0,0.0021002100210021,0.0227022702270227,0.0001000100010001,0,0.0014001400140014,0,0,0,0,0.0118011801180118,0,0,0,0,0,0,0,0,0,0,0,0,0,0,0,0,0,0,0,0,0.0145014501450145,0,0,0,0,0,0,0,0,0,0,0,0,0,0,0,0.0122012201220122,0,0.0605060506050605,0.0004000400040004,0,0,0,0,0.0845084508450845,0.003000300030003,0.0015001500150015,0,0,0.0002000200020002,0,0,0.0001000100010001,0,0,0,0,0,0.0007000700070007,0.0014001400140014,0,0.0083008300830083,0,0,0,0,0.0105010501050105,0,0,0.0001000100010001,0,0.0001000100010001,0.0092009200920092,0,0.0054005400540054,0,0,0.0002000200020002,0,0,0,0,0,0,0.0605060506050605,0.0008000800080008,0,0,0,0,0.0014001400140014,0,0,0,0.0002000200020002,0,0,0,0,0,0,0,0,0,0,0,0.0002000200020002,0,0,0,0,0,0,0,0,0.0078007800780078,0,0,0.0039003900390039,0,0,0,0,0,0,0,0.0038003800380038,0,0,0,0.0088008800880088,0.0074007400740074,0,0,0,0.0023002300230023,0,0,0.001000100010001,0,0,0,0,0.0011001100110011,0,0.0059005900590059,0,0,0,0,0,0.0083008300830083,0,0,0,0,0,0,0,0.0017001700170017,0,0,0,0,0,0,0,0,0,0.0026002600260026,0,0,0.0021002100210021,0,0,0,0,0,0.0003000300030003,0,0,0,0,0.0096009600960096,0,0,0,0.0525052505250525,0,0,0,0,0,0.0006000600060006,0,0,0.0733073307330733,0,0.0072007200720072,0,0,0,0,0.0019001900190019,0,0,0,0,0.0029002900290029,0.0257025702570257,0.0029002900290029,0,0,0,0,0,0,0.0002000200020002,0.0094009400940094,0,0,0,0.021002100210021,0.0544054405440544,0,0,0.0145014501450145,0,0.0001000100010001,0,0,0,0,0.252625262526253,0.0001000100010001,0,0.0075007500750075,0,0,0.0012001200120012,0,0,0.0002000200020002,0,0,0,0,0,0,0,0.0004000400040004,0,0,0.0041004100410041,0
0.0037962037962038,0,0.0002997002997003,0,0,0,0,0.0001998001998002,0,0,0,9.99000999000999e-05,0,0,0.0021978021978022,0,0,0,0,0.0106893106893107,0.0001998001998002,0.0012987012987013,0,0,9.99000999000999e-05,0.328771228771229,0,0,0.00809190809190809,0.0018981018981019,0.0216783216783217,0,0.0002997002997003,0.0013986013986014,0,0,0,0.0001998001998002,0,0,0,0,0,0.0016983016983017,0,0.00819180819180819,0.0161838161838162,0,0,0,0,0,0,0.0004995004995005,0.0015984015984016,9.99000999000999e-05,0,0,0,0.0023976023976024,0,0,0,0,0,0,0.0050949050949051,0,0,0.00589410589410589,0.000699300699300699,0,0,0.0001998001998002,0.0603396603396603,0,0,0,0,0,0,0,0,0,0.0016983016983017,0.0001998001998002,0,0,0,0,0,0.000999000999000999,0,0,0,0.000599400599400599,0,9.99000999000999e-05,0.0027972027972028,0,0.0010989010989011,0,0,0,0.0003996003996004,0.000999000999000999,0.001998001998002,0.0212787212787213,0,0.0155844155844156,0,0,0,0,0,0,0.0028971028971029,0.0001998001998002,0.0001998001998002,0.0001998001998002,0.00749250749250749,0.0004995004995005,0.000699300699300699,0,0,0.00629370629370629,0,0,0,0,0.0158841158841159,0.0001998001998002,0,0,0,0,0.0018981018981019,0,0,0,0.0022977022977023,0.0002997002997003,0,0,0,0,0.000599400599400599,0,0,0,0,0,0.0003996003996004,0.0001998001998002,0,0,0,0,0.000999000999000999,9.99000999000999e-05,0,0.0107892107892108,0,0.0436563436563437,0,0,0,0,0,0,0,0.00989010989010989,0,0,0,0,0.00649350649350649,0.0032967032967033,0.0035964035964036,0,0,0,0,0.000999000999000999,0,0,0,9.99000999000999e-05,0.0013986013986014,0,0,0.000599400599400599,0,0,0.0002997002997003,0,0,0.00669330669330669,0,0,9.99000999000999e-05,0,0,0,0,0.0021978021978022,0.0002997002997003,0.0001998001998002,0,0,0,0,0.0026973026973027,9.99000999000999e-05,0,0.0033966033966034,0.00599400599400599,0.0001998001998002,0,0.0012987012987013,0.00619380619380619,0,0.0031968031968032,9.99000999000999e-05,0.0002997002997003,0,0,0,0,0.0018981018981019,9.99000999000999e-05,0,0.003996003996004,0.072027972027972,0,0.000999000999000999,9.99000999000999e-05,0,0,9.99000999000999e-05,0,0,0.000699300699300699,0,0,0,0,0,0,0,0.0015984015984016,0.0002997002997003,0,0,0,0.000799200799200799,9.99000999000999e-05,0,0.0001998001998002,0.0001998001998002,0.0003996003996004,0,0,0.0012987012987013,0,0,0.0010989010989011,0,0.0024975024975025,0.120779220779221,0,0.0020979020979021,0.021978021978022,0,0,0,9.99000999000999e-05,9.99000999000999e-05,0,0.0002997002997003,0,0.0541458541458541,0.0021978021978022,0,0,0,0,0,0.00589410589410589,0.0002997002997003,0.00759240759240759,0,0,0,9.99000999000999e-05,0.0003996003996004,0.000599400599400599,0,9.99000999000999e-05,0.0012987012987013,0.00629370629370629
0,0,0,0,0,0,9.99600159936026e-05,0,0,0,0,0,0,0,0.00339864054378249,0,0,0,0,0,0,0.00159936025589764,0,0.00039984006397441,0,0.00309876049580168,0,0,0.00139944022391044,0,0.000199920031987205,0,0,0.014594162335066,0,0,0.000199920031987205,0.000199920031987205,0,0,0,9.99600159936026e-05,0,0.00239904038384646,0,0.00299880047980808,0,0,0,0,0,0,0,0,0,0,9.99600159936026e-05,0,0,0,0,0,0,0,0,0,0,0,0,0.000499800079968013,0,9.99600159936026e-05,0,0.00199920031987205,0,0.00239904038384646,0,0,0,0,0,0,0,0,0,0,9.99600159936026e-05,0,0,0.00229908036785286,0,0,0,0,0,0,0,0,0.000899640143942423,0,0,0,0,0,0.00119952019192323,0.00279888044782087,0,0.0131947221111555,0,0,0,0,0,0.0038984406237505,0,0,0,0,0.00529788084766094,0.00189924030387845,0.00349860055977609,0,0,0,0.000199920031987205,0,0,0,0,0,0.20171931227509,0.00869652139144342,0,0,0.00289884046381447,9.99600159936026e-05,0.0116953218712515,0,0,0,0.00039984006397441,0,0,0,0,0,0,0.00409836065573771,0,0,0.000699720111955218,0,0,0,0,0,0,0,0,0.00319872051179528,0,0.0121951219512195,0,0,0,0,0,0.0203918432626949,0,9.99600159936026e-05,0,0,0.00309876049580168,0,0,0,0.007796881247501,0.00369852059176329,0,0.000299880047980808,0,0.00759696121551379,0,0,0,0,0,0,0,0,0,0.00609756097560976,0,0,9.99600159936026e-05,0,0,0.0108956417433027,0,0,0,0.00239904038384646,0,0,0.137245101959216,0.000599760095961615,0,0,0,0,0.00439824070371851,0,0,0,0,0.0038984406237505,0,0,0.00109956017592963,0,0.000199920031987205,0,0,0,0,0,0,0,0,0.00969612155137945,9.99600159936026e-05,0,0,0.0182926829268293,0,0,0,0,0,0,0,0,0.0797680927628948,0,0,0,0,0,0.00119952019192323,0,0,0,0.00149940023990404,0,0,0,0,0,0,0,0,0,0,0,0,0,0,0,0,0.0926629348260696,0,0,0.0205917632946821,0,0,0,0,0,9.99600159936026e-05,0.234506197520992,0,0,0.0104958016793283,0,0,0,0,0,0,0.000699720111955218,0,0,0,0,0.00249900039984006,0,0.000999600159936026,0,0,0.000199920031987205,0
0,0,0,0,0,0,0,9.98203234178479e-05,0,0,0,9.98203234178479e-05,0,9.98203234178479e-05,0.00379317228987822,0,0,9.98203234178479e-05,9.98203234178479e-05,0,0.000299460970253544,9.98203234178479e-05,0.000299460970253544,0.000499101617089239,0,0.205530045917349,0,0,0.000199640646835696,0.000299460970253544,0,0,0,9.98203234178479e-05,0,0,9.98203234178479e-05,9.98203234178479e-05,9.98203234178479e-05,0,0,0.000199640646835696,0,0.000798562587342783,0,0,0,0,0,0,0,0,0,0,0,0,9.98203234178479e-05,0,0,0.000798562587342783,0,0.00319425034937113,9.98203234178479e-05,0,0,0,0.00489119584747455,0,0,0,9.98203234178479e-05,0,0,0.000399281293671391,0,0.00439209423038531,0,0,0,0.000898382910760631,0,0,0,0,0,0,0,0,0.000199640646835696,0.000299460970253544,0,0.000199640646835696,0.00109802355759633,0,0,0,0,0,9.98203234178479e-05,0,0,0,0,0,0,0,0.000998203234178479,0.215911359552805,0,0.0185665801557197,0,0,0,9.98203234178479e-05,0,0,0,0.000199640646835696,0.00768616490317429,0,0,0,0,9.98203234178479e-05,9.98203234178479e-05,0,0,0,9.98203234178479e-05,0,0,0.0465162707127171,0,0,0,0,0.00119784388101417,0,0,0,0,0,0,0,0.000499101617089239,0,0,0,0,0.000299460970253544,9.98203234178479e-05,0,0,0.00189658614493911,9.98203234178479e-05,0,0,0,0,9.98203234178479e-05,0,0,0,9.98203234178479e-05,0,0,0,0.000299460970253544,0,0,0,0,0.309642643242164,0,0,0,0,9.98203234178479e-05,0.000299460970253544,0,0,0,0,0,0,0,0,9.98203234178479e-05,0,0,0,0.00119784388101417,9.98203234178479e-05,0,0,0,0.000299460970253544,9.98203234178479e-05,0,0,0,0,0,0,0.0306448392892793,0,0,0,0,9.98203234178479e-05,0,0.000499101617089239,0.00189658614493911,0,9.98203234178479e-05,0,0.00309443002595328,0,0.0129766420443202,0,0,0,0,0,0,0,0,0,9.98203234178479e-05,0,9.98203234178479e-05,0,0,0.00588939908165302,0,0,0,0,0,0,9.98203234178479e-05,0.00499101617089239,0,0,0,0,0,0,0,0,0,9.98203234178479e-05,0,9.98203234178479e-05,9.98203234178479e-05,0,0,0,0,0,0,0,0,0,9.98203234178479e-05,0,0,0,0,0.0764623677380715,0,0,0.00798562587342783,0,9.98203234178479e-05,0,0,9.98203234178479e-05,9.98203234178479e-05,0.0144739468955879,0,9.98203234178479e-05,9.98203234178479e-05,0,0,0,0,0,0.00179676582152126,0,0,0,0,0,0.000399281293671391,0,0,0,0,0.00109802355759633,0
0,0,0,0,0,0,0,0.0015998400159984,0,0,0,0,0,0.0001999800019998,0.0068993100689931,0,0,0,0,0,0.0001999800019998,0.0031996800319968,0.0004999500049995,0.0008999100089991,0.0005999400059994,0.0131986801319868,0,0,0.0006999300069993,0,0,0,0,0.0111988801119888,0,0,0.0041995800419958,0,0,9.99900009999e-05,0,0,0,0,0,0.0003999600039996,0,0,0,0,0,0,0,0,0,0,0,0.0003999600039996,0,0.0085991400859914,0,9.99900009999e-05,0,0,0,0,0.0043995600439956,0,0,0,0,0,0.0001999800019998,0,0,0,0,0,0,0.0067993200679932,0,0,0,0,0.0073992600739926,0.0003999600039996,0,0,0,0.0100989901009899,0,0.0003999600039996,0.0062993700629937,0,0,0.0050994900509949,0,9.99900009999e-05,0,0,0,0.006999300069993,0,0,0.001999800019998,0,0,0.0172982701729827,0,0.0056994300569943,0,0,0,0.0007999200079992,0,0,0,0,0.0175982401759824,0,0.0120987901209879,0,0.0027997200279972,0.0002999700029997,0,0,0,0,0,0,0.0653934606539346,0.0034996500349965,0,0.0038996100389961,0,0,0.0007999200079992,0,0,0,0.0005999400059994,0.0002999700029997,0,0,0,0,0,0,0,0,0,0,0,0,0,0,0,9.99900009999e-05,0,0,0,0.0097990200979902,0,0,0,0,0,0,0,0,0,0.0005999400059994,9.99900009999e-05,0,0,0,0.0067993200679932,0,0.0028997100289971,0,0,0,0,0,0,0,0,0,0,0,0,0.0004999500049995,0,0,0,0.0001999800019998,0.0066993300669933,0.0087991200879912,0,0,0,0,0,0,0,0.0060993900609939,0,0,0.0002999700029997,0,0,0,0,0,0,0.0074992500749925,0.0025997400259974,0,9.99900009999e-05,0.0002999700029997,0,0.0563943605639436,0,0,0,0,0,0,0.0032996700329967,0.0075992400759924,0,0,0,0.265773422657734,0,0,0,0,0,0,0,0.0002999700029997,0.0028997100289971,0,0,0,0,0,0,0,0,0,0,0,0.0034996500349965,0.0026997300269973,9.99900009999e-05,0,0,0,0.000999900009999,0,0,0.0004999500049995,0,0,0,0,0,0.0260973902609739,0,0.0108989101089891,0.0347965203479652,0,9.99900009999e-05,0,0,0,0,0.222277772222778,0,9.99900009999e-05,0.0380961903809619,0,0,0.0062993700629937,0,0.0005999400059994,0.0030996900309969,0,0,0,0,0,0.0113988601139886,0,0.0050994900509949,0,0,0.0093990600939906,0
0,0,0,9.99900009999e-05,0,0,9.99900009999e-05,0,0,0,9.99900009999e-05,0,0,0,0,0,0,0,0,0,0,0.0010998900109989,0,0.0030996900309969,0,0,0,0,0.0078992100789921,0.0026997300269973,0.0325967403259674,0,0,0.0002999700029997,0,0,0.0015998400159984,0,0,0,9.99900009999e-05,0,0,0,0,0.0010998900109989,0,0,0,0,0,0,0,0,0,0,0,0,0,0,0,0,0,0,0,0,0,0,0.0006999300069993,0,0,0,0,0,0,0,0,0,0,0,0,0,0.0228977102289771,0,0,0,9.99900009999e-05,0,0,0,0,0.0267973202679732,0.0011998800119988,0,0,0,0,0,0,0,0,0.0005999400059994,0,0,0,0,0,0.10958904109589,0,0,0,0,0.0020997900209979,0.0047995200479952,0,0,0,0,0,0,0,0,0,0.0002999700029997,0.0056994300569943,0,0,0,0,0,0,0,0,0,0,0,0,0,0,0,0,0,0.0002999700029997,0,0,0,0,0,0,0,0.0002999700029997,0,0,0,0,0,0,0,0,0.0015998400159984,0.0006999300069993,0,0,0,0,0,0,0.0001999800019998,0,0,0,0,9.99900009999e-05,0,0,0,0,0,0.0872912708729127,0,0,0,0,0,0,0,0.0001999800019998,0,0,0,0,0.0166983301669833,0,0,0,0,0,0,0,0.0766923307669233,0,0.0005999400059994,0,0.0158984101589841,0,0,0,0,0.0001999800019998,9.99900009999e-05,0,0,0,0,0.0006999300069993,0,0,0,0,0,0.024997500249975,0,0,0,0,0,0,0,0,0,0.0031996800319968,0,0,0.0103989601039896,0,0,0,0,0,0,0,0,0,0,0.000999900009999,0,0,9.99900009999e-05,0,0,0,0,0,0,0,0,0,0,0,0.0008999100089991,0,0,0,9.99900009999e-05,0.0016998300169983,0,0,0,0,0.133586641335866,0,0,0.125887411258874,0,0,0,0,0,0,0.262273772622738,0,0,0.0032996700329967,0,0,0,0,0,0,0.0015998400159984,0,0,0,0,0,0,0.0017998200179982,0,0,0.001999800019998,0
0,0,0,0,0,0,0.00239832117517738,0,0,0,0,0,9.9930048965724e-05,0,0.00119916058758869,0,0,0,9.9930048965724e-05,0,0.00879384430898371,0.000899370440691516,0,0.00149895073448586,0,0.00549615269311482,0,0,0.00769461377036075,0.0053962226441491,0.00369741181173179,0,0,0.00559608274208054,0,0,0.0493654441890677,0.0132906965124413,0,0,0,0,0,0.00479664235035475,0,9.9930048965724e-05,0,0,0,0,0.00449685220345758,0,0,0,0.00109923053862296,0,0,0,0,0,0,0,0,0,0,0,0.000399720195862896,0,0,0,0.0024982512241431,0,0,0,9.9930048965724e-05,0,0,0,0,0.000599580293794344,0,0,0.00109923053862296,0,0,0.000199860097931448,0,0,0,0.0713500549615269,0,0.00359748176276606,0.234535824922554,0,0,0,0,0,0.00239832117517738,0.00479664235035475,0,0,0,0,0.000899370440691516,0.000399720195862896,0,0.0143899270510643,0,0.00159888078345158,0,0,9.9930048965724e-05,0.00049965024482862,0.000399720195862896,0,0,0,0.00519636254621765,0,0.00319776156690317,0,0,0,0.0400719496352553,0,9.9930048965724e-05,0,0,0,0.0286799240531628,0.0045967822524233,0,0,0,0,0.01448985710003,0,0,0.000399720195862896,9.9930048965724e-05,0,0,0,0,0,9.9930048965724e-05,0,0.00179874088138303,0,0,0,0,0,0,0,0.00169881083241731,0,0,0,0,0,0,0,0,0.0121914659738183,0,0,0,0,0,0,0.00389727190966324,0,0,0,0.00319776156690317,0.0045967822524233,0.000199860097931448,0,0,0,0,0,9.9930048965724e-05,0,0,0,0.0111921654841611,0,9.9930048965724e-05,0.00179874088138303,9.9930048965724e-05,0.000399720195862896,0,0,0,0.00319776156690317,0,0,0,0,0,0,0,0.000599580293794344,0,0,0,0,0,0.00199860097931448,0,0,0,0,0.000299790146897172,9.9930048965724e-05,0.00369741181173179,0,0,0.0117917457779554,0,0,0,0,0,0,0,0.0024982512241431,0.00309783151793744,0.000599580293794344,0,0.00899370440691516,0,0,0,0,0,0.00399720195862896,0,9.9930048965724e-05,0.0149895073448586,0,0,0,0,0,0,0,0,9.9930048965724e-05,0.000199860097931448,0,0.000399720195862896,0.000199860097931448,0.000199860097931448,0,9.9930048965724e-05,0.000799440391725792,0.000199860097931448,0,0,9.9930048965724e-05,0,0,0,0,0,0.00639552313380634,0,0,0.132207454781653,0,0,0,0,0,0.000299790146897172,0.188867792545218,0,0,0.00379734186069751,0,0,0,0,0,0.000199860097931448,0.00169881083241731,0,0,0,0,0.00309783151793744,0,0.00049965024482862,0,0,0.0105925851903667,0
0,2e-04,0,0,0,0,0,0,0,0,0,0,0,0.0317,0,0,0,0,0,0,0,0.0056,0,0,0,0.082,0,0,8e-04,0,0,0,0,0,0,0,0.0027,0.0053,0,0,0,0,0,0.0037,0,0.0597,0,0,0.0013,0,0,0,0,0,0,0,0,2e-04,0,0.0349,0,0.0011,0,0,0,0,0.037,0,0.0049,0,0,0,0,0,0.0076,0,0,0,0,0.0158,0,0,0,0,0,0,0,0,0,0,0.1198,0,0,0,0,0,0,0,0,0,3e-04,0,0,0,2e-04,0,0,0.0909,0,0.0049,0,0,0,0.0133,0,0,0,1e-04,0.0102,0,0,0,0,0,0,3e-04,0,0,0,0,0,0,0,0,0,0,8e-04,2e-04,0,0,0,0,0,0,0,0,0,0,0,0.0069,0,0,0,0,0,0,0,0,0,0.0017,0,0,0,0.0466,0,1e-04,0,0,2e-04,0,0.0023,0,0,0,0,0,0,0,0.0154,1e-04,0,0,0,0,0,0,0,0,0,0,0,0,1e-04,1e-04,0,0,0,6e-04,0,0,0,0,0,0,0,0.0034,0,0,2e-04,3e-04,0,0,0,0,0,0,0.0137,0,0,0.0011,0,0,0.0018,0,0,0,0,0,0,0.0058,0,0,0,0.0061,0,0,0,0,2e-04,0.0034,0,0.0145,0,0,0,0.0021,0.0045,2e-04,0,0,0,0,0,0,0,0,0,0,0,0,4e-04,0,0,2e-04,0,0,0,0,0.0029,2e-04,0,0,0.0623,0,7e-04,0,0,0,0,0.2232,0,0,0.0424,0,0,0,0,2e-04,0,0,0,0,0,0,0,0,6e-04,0,0,0,0
0,1e-04,0,0,0,0,1e-04,0.0022,0,0,0,0,0,0,1e-04,0,0,0,0,0,0.0025,0,0,0,0,0.0015,0,0,0,0,0,0,0,0.0038,0,0,0,0,0,0,0,0,0,0.0054,0,0.0339,0,0,0,0,0,0,0,0,0.0144,0,0,0,0,0.0234,0,0.0025,0,0,0,0,0,0,0,3e-04,0,0,2e-04,0.0102,0,0,0,0,0,0.0053,0,0,0,0,0.0335,0,0,0,0,0.0071,0,0,0,0,0,0,0,0,0.0041,0,0,3e-04,0,0,9e-04,0,0.0131,0.0083,0,0,0,0,0,0.0238,0,0,0,0,0,0,0,0,0,0,0.0059,0,0,0,0,0,0.024,0.0153,0,0,0,0,2e-04,0,0,0,0,0,0,0,0,0,0,0,0,0,1e-04,0,0,0,0,0,0,0,0,0,0,0,0,0.3994,0,0,0,0,0,0,0,0,0,0,0,0,0,0.0059,0,0,0,0,0,0,0,0,0,0,0,0,0,0.0319,1e-04,1e-04,0,0,0,6e-04,0,0,0,0,0,0,0,0.0019,0,0,1e-04,0,0,0,0,0,0,0,0,0,0,0.0018,1e-04,0.0037,0,0,0,7e-04,2e-04,0,0.0066,0,0.0126,0,0,0.0042,0,0,0,7e-04,0,1e-04,0,0,0,0,4e-04,0,0,0,0,0,0.0024,0,0,0,0,0,0,0,0,0.0027,0,0,0,0,0,0,0,0,0,1e-04,0,0,0.0312,0,0,0,0,0,0,0.2151,0,0,0.0257,0,0,0,0,0,0,0,0,0,0,0,0.003,0,5e-04,0,0,0.0057,0
0,0,0,0,0,0,9.99700089973008e-05,9.99700089973008e-05,0,0,9.99700089973008e-05,0,0.000499850044986504,0.0579826052184345,0.000199940017994602,0,0,9.99700089973008e-05,0,0,0.00579826052184345,0.000299910026991902,0,0.000299910026991902,0,9.99700089973008e-05,0,0,0.000399880035989203,0.00119964010796761,0.0105968209537139,0,0,0.00459862041387584,0,0,0.000499850044986504,0.0115965210436869,9.99700089973008e-05,0,0.000199940017994602,0,0,0,0,0.00309907027891633,0,0.000199940017994602,0,9.99700089973008e-05,0.00619814055783265,0,0,0.000399880035989203,0.000499850044986504,0,0,0,0,0.0264920523842847,0,0,0.000699790062981106,0.00579826052184345,0,0,0.01629511146656,0,9.99700089973008e-05,0,0.000299910026991902,9.99700089973008e-05,0,0,0,0,9.99700089973008e-05,0,0,0.0187943616914926,0,0,0,0,0.00529841047685694,0,0,0,0,0.00289913026092172,9.99700089973008e-05,0.00419874037788663,9.99700089973008e-05,0,0,0,0,0,0.00219934019794062,0,0,0.00259922023392982,0,0,0.000499850044986504,0,0,0.0198940317904629,0,0,0,0.000399880035989203,0,0.000499850044986504,0,0.000299910026991902,0,0.00149955013495951,0.011296611016695,0,0.00799760071978406,0,0.00289913026092172,0,0.000199940017994602,0,0,0,0,0,0.0339898030590823,0.00739778066580026,0,0,0,0,0.000599820053983805,0,0,0,0.0140957712686194,0,0,9.99700089973008e-05,0,0,0,0,0.00269919024292712,0.000199940017994602,0,0,0,0,0.000799760071978406,0,0,0,0,0.00269919024292712,0,0.00519844046785964,0,0,0,0,0,0,0,9.99700089973008e-05,0.000299910026991902,0.000199940017994602,0.000699790062981106,0.000199940017994602,0,0,0.00609817054883535,0.00169949015295411,0.00249925022493252,0,0,0,0,0,0.000499850044986504,9.99700089973008e-05,0,0,0,0.000799760071978406,0,0.00189943017094872,9.99700089973008e-05,0,0,0,0.000399880035989203,0.00809757072878137,0,0.0125962211336599,0,0.000299910026991902,0,0.000199940017994602,0.0114965510346896,0,0,0,0.000399880035989203,0.000199940017994602,0,0,0,0,9.99700089973008e-05,0.0104968509447166,0.0280915725282415,0,0.00379886034189743,0,0,0.0264920523842847,0,0,0.000499850044986504,0,0,0,9.99700089973008e-05,0.00419874037788663,0.00499850044986504,0,0,0.00439868039588124,0,0,0,9.99700089973008e-05,0,0,0,0,0.0342897130860742,0,0.000199940017994602,0,0,0,0,0,0,0.000599820053983805,0,0,0.000999700089973008,9.99700089973008e-05,0.0189943017094872,0,0.000699790062981106,0,0.00109967009897031,0,0,0.000599820053983805,0,0,0,0,0.000299910026991902,0.254123762871139,0,0,0.0347895631310607,0,0,0,0,0,9.99700089973008e-05,0.177846646006198,0,0.0104968509447166,0.000899730080975707,0,0,0,0,0,0.0175947215835249,0.000999700089973008,0,0,0,0,0.00339898030590823,0,0.00309907027891633,0,0,0.00199940017994602,0
0,0,0,9.98901208670463e-05,0,0,0.000199780241734093,0,0,9.98901208670463e-05,0.000199780241734093,0,0,0,0.0012985715712716,0,0,0,0,0,0.000199780241734093,0,0,0.000599340725202278,0,0.0805114374188393,0,0,0,0.000499450604335231,0.0485465987413845,0,0,0.00599340725202278,0,0,0.000499450604335231,0.000199780241734093,0,0,0,0,0,0.0038957147138148,0,0,0,0,0.000499450604335231,0,0.0012985715712716,0,0,0,0.000299670362601139,9.98901208670463e-05,0,9.98901208670463e-05,0,0.00269703326341025,0,0,9.98901208670463e-05,0,0,0.000299670362601139,0,0,0,0.00549395664768754,0.00139846169213865,9.98901208670463e-05,0,0.000499450604335231,0,0,0,0,0.000299670362601139,0.00779142942762961,0,0,0,0,0.0012985715712716,0,0,0.000998901208670463,0,0.00449505543901708,0,9.98901208670463e-05,0,0,0,0,0,0,0,0,0,0,0,0,0.000299670362601139,0,0,0.191189691339527,0,0,0,0,0,0,0,0,0,0,0.0066926380980921,9.98901208670463e-05,0,0,0,9.98901208670463e-05,0,0,0,0,0,0,0,0,0,0,0,0.00199780241734093,0.000399560483468185,0,0,0,0,0,0,0,0,0,0,9.98901208670463e-05,0,0,0,0.00619318749375687,0.000199780241734093,0,9.98901208670463e-05,0,0,9.98901208670463e-05,0,0.00329637398861253,0,0,0,0,0,0,0,0,9.98901208670463e-05,0,0,0,9.98901208670463e-05,0,0.000599340725202278,0.000299670362601139,0,0.00709219858156028,0,0,0,0,0,0,0,0,0,0,0,0,0,9.98901208670463e-05,0,0.000299670362601139,0,0,0,0,0,0,0,0,0,0,0.134551992807911,9.98901208670463e-05,0,0,0,9.98901208670463e-05,0,0,0,0.000499450604335231,0,0,0.00559384676855459,0,0,0.000199780241734093,0,0,0,0,0,0,0,0,0.00819098991109779,0,0,0,0,0.0369593447208071,0,0,0,0,0,0,0,0,0,0,0,0,0,0,0,0,9.98901208670463e-05,0,0.000599340725202278,0,0.000499450604335231,0,0,0,0,0.000299670362601139,0,0,0,0,0,0,0,0,0,0.225052442313455,0.000399560483468185,0,0.0199780241734092,0,9.98901208670463e-05,0,9.98901208670463e-05,0,0,0.167915293177505,0,0,0,0,0,0,9.98901208670463e-05,0,0,0.000199780241734093,0.00689241833982619,0,0,0.000199780241734093,0.000399560483468185,0.000299670362601139,0,0,0,0.000599340725202278,0
0,0,0,0,0,0,9.99100809271655e-05,0,0,0,0,0,0,0.0148866020581477,0.00199820161854331,0,0,9.99100809271655e-05,0,0,0.0089919072834449,0.00159856129483465,0,0.000499550404635828,0,0.173943450894195,0,0,0.000699370566490159,0.00119892097112599,0.0130882206014587,0.00269757218503347,0,0.00849235687880907,0,0,0.000799280647417324,0.00179838145668898,9.99100809271655e-05,0,0,0,0,0.00819262663602758,0,0,0,0,9.99100809271655e-05,0,0,0,0,0,0,0,0,0,0,0.00279748226596064,0,0,0,0,0,0,0.00149865121390748,0,0,0,0,0,0,0.00859226695973624,0,0,0,0,0,0.00119892097112599,0,0,0,0,0,0,0,0,0,0.00879208712159057,0,0.000199820161854331,0.00229793186132481,0,0,0.00189829153761615,0,0,0.00139874113298032,0,0,0.000299730242781497,0,0,0,0,0.00769307623139175,9.99100809271655e-05,0,0.000499550404635828,0,0,0,0.00249775202317914,0,0,0,0,0.0171845339194725,9.99100809271655e-05,0.00759316615046458,0,0.00149865121390748,9.99100809271655e-05,0.00959136776900789,0,0,0.00809271655510041,0,0,0.0593465880707363,0.00369667299430513,0,0,0,0,0.000599460485562993,0,0,0,9.99100809271655e-05,0,0,0,0,0,0,0,0.00119892097112599,0.00159856129483465,0.00179838145668898,0,0,0,9.99100809271655e-05,0,0,0,0.00849235687880907,0,0,0,0,0.0880207812968329,0,0,0,0.00109901089019882,0,0,0,0,0.0864222200019982,0,0,0.000499550404635828,0.00239784194225197,0,0.00519532420821261,0,0,0,0,0,0,0,0,0.000299730242781497,0,0,0,0.00379658307523229,0,0,0,0,0.000399640323708662,0.00669397542212009,0,0,0,0,0,0,0,0,0,0,0,0,0,0,0.0272754520931162,0,0.00089919072834449,0,0.00169847137576181,0,9.99100809271655e-05,0.00149865121390748,0,0.0166849835148366,0,0,0,0,0,0,0.00809271655510041,0,0.00879208712159057,0,0,0.00699370566490159,0,0,0,0.00179838145668898,0,0,0,0,0.027775002497752,0,0,0,0,0,0,0,0,0,0,0,0,0,0,0,0,0,0,0,0,0.000299730242781497,0,0,0,0,0,0.00299730242781497,0,0.00219802178039764,0.0323708662204016,0,9.99100809271655e-05,0,0,0,0.000199820161854331,0.242781496653012,0,0,0.00429613347986812,0,0,0,0,9.99100809271655e-05,0,0.000699370566490159,0,0,0,0,0.00669397542212009,0,0.00089919072834449,0.0025976621041063,0,0.00719352582675592,0
0,0,0,0,0,0,0.000299820107935239,0.0185888466919848,9.9940035978413e-05,9.9940035978413e-05,9.9940035978413e-05,0,0.000199880071956826,0,0.00189886068358985,0,0,9.9940035978413e-05,9.9940035978413e-05,0,0.0159904057565461,0.00169898061163302,0,0,0,0.000399760143913652,9.9940035978413e-05,0,0.00129922046771937,9.9940035978413e-05,0.000999400359784129,0,0,0.000199880071956826,0.000299820107935239,0,9.9940035978413e-05,0.00339796122326604,0,0,0,0,0,0.00699580251848891,0,0.00239856086348191,0,0.000199880071956826,0,0,0.000399760143913652,0,0,0,0,0.000199880071956826,0,0,0,0.0449730161902858,0.000299820107935239,0.00599640215870478,0,0.000199880071956826,0,0,0.0124925044973016,0,0.000199880071956826,0,0.00179892064761143,0,0,0.01259244453328,0,0,0,0,0,0.027583449930042,0,0.00149910053967619,0.000799520287827304,0,0.00889466320207875,0,0.0143913651808915,0,0,0.000599640215870478,0.0162902258644813,0.000699580251848891,0.00419748151109334,0,0,0,0,0,0.000999400359784129,0,0,0,0,0,0,0,0,0.166799920047971,0,0,0,0.000599640215870478,0,0.0323805716570058,0,0,0,0,0.00159904057565461,0,0,0,0,9.9940035978413e-05,0.000699580251848891,0,0,0,0,0,0.00409754147511493,0.0335798520887468,0,0.000399760143913652,0,0,9.9940035978413e-05,0,0,0,0,0.000199880071956826,0,0,0,0,0.00129922046771937,0,0.000199880071956826,0,0.000599640215870478,0.000999400359784129,0,0,9.9940035978413e-05,0,0,0,0,0.00589646212272636,0,0,0,0.076953827703378,0,0,0,0,0,0,0,0,0.00559664201479113,0,0,0,0,0.0127923246052369,0.000499700179892065,0.000199880071956826,0,0,0,0,0.00129922046771937,0,0,0,0,0,0,0.0099940035978413,0,0,0,0,0,9.9940035978413e-05,0,9.9940035978413e-05,0,0,0,0.060263841694983,0,0.00239856086348191,0,0,0,0,0,0,0,0.000299820107935239,0.000199880071956826,0,0.00379772136717969,0.00299820107935239,0.00939436338197082,0.000499700179892065,0.000399760143913652,0,0,0,0,0,0,0,0.00399760143913652,0,0.0030981411153308,0,0,0.0140915450729562,0,0,9.9940035978413e-05,0,0,0,0.000399760143913652,0,0,0,0,0,9.9940035978413e-05,0,0,0,0.0134919048570857,0.000199880071956826,0.000399760143913652,0,0.000399760143913652,0.000699580251848891,0.00379772136717969,0,9.9940035978413e-05,0.00139916050369778,0,0,0.000499700179892065,0.000399760143913652,9.9940035978413e-05,0,0,0,0,0.0113931641015391,0,0.000199880071956826,0,0,0,0,0.00729562262642415,0,9.9940035978413e-05,0.274735158904657,9.9940035978413e-05,0,0.000699580251848891,0,0,0,9.9940035978413e-05,0,0.00699580251848891,0.000899460323805717,0,0,0,0,0.000699580251848891,9.9940035978413e-05,0.00509694183489906,0,0,9.9940035978413e-05,0
0,0,0,0,0,0,0,0,0,0,0,0,0,0,0.0124012401240124,0,0,0,0,0,0,0.003000300030003,0,0,0,0.15961596159616,0,0,0,0,0,0,0,0.0064006400640064,0,0,0.0006000600060006,0,0,0,0,0,0,0,0,0.0004000400040004,0,0,0,0,0,0,0,0,0,0,0,0,0,0.0133013301330133,0,0,0,0,0,0,0.017001700170017,0,0,0.0167016701670167,0,0,0,0,0,0,0,0,0,0.0004000400040004,0,0,0,0,0,0,0,0,0,0,0,0.0004000400040004,0.0241024102410241,0,0,0.0031003100310031,0,0,0,0,0,0.0048004800480048,0,0,0,0,0,0.435043504350435,0,0.0029002900290029,0,0,0,0,0,0,0,0,0.0035003500350035,0,0,0,0.0006000600060006,0,0,0,0,0,0,0,0,0,0,0,0,0,0,0,0,0,0,0,0,0,0,0,0.002000200020002,0,0,0,0,0,0,0,0,0,0,0,0.0007000700070007,0,0,0,0,0,0,0,0,0,0,0,0,0.0001000100010001,0.0001000100010001,0,0,0,0,0,0.0037003700370037,0,0,0,0,0,0,0,0,0,0,0,0,0.0078007800780078,0.0002000200020002,0,0,0,0,0,0,0,0,0,0,0,0,0,0,0,0,0.0003000300030003,0,0,0.0004000400040004,0,0,0,0.0034003400340034,0,0,0,0.0078007800780078,0,0,0,0,0,0,0,0.0087008700870087,0,0.0015001500150015,0,0,0.0367036703670367,0,0,0,0.0029002900290029,0,0,0,0,0,0,0.0005000500050005,0,0,0,0,0,0,0,0,0,0,0,0,0,0,0,0,0,0,0,0,0,0,0,0,0.0229022902290229,0,0,0.0753075307530753,0,0,0,0,0,0,0.112411241124112,0,0,0,0,0,0,0,0,0,0,0,0,0,0.0001000100010001,0,0,0.0072007200720072,0,0,0.001000100010001,0
0,0,0,0,0,0,0,0.00529735132433783,0.00929535232383808,9.99500249875062e-05,0,0,0,0.0160919540229885,0.00179910044977511,0,0.000899550224887556,0.000899550224887556,0,0,0.00679660169915042,0.00199900049975012,0,0,0,0.144027986006997,0,0,0.00189905047476262,0.000199900049975012,0.0152923538230885,0,0,0.00349825087456272,0,0,0.000199900049975012,0.000399800099950025,9.99500249875062e-05,0,0,0,0,0.00419790104947526,0,0.00549725137431284,0,0.000299850074962519,0,0,0,0,0,0,9.99500249875062e-05,0,0,0,0,0,0,0.00179910044977511,0,0,0,0,0.000599700149925037,0,9.99500249875062e-05,0.00079960019990005,0.00149925037481259,0,0,0.000999500249875062,0,0,0,0,0,0.00599700149925037,0,0,0.000199900049975012,0.000599700149925037,0.0156921539230385,9.99500249875062e-05,0.00129935032483758,0,0,0.00239880059970015,0.00309845077461269,0.000999500249875062,0.000199900049975012,0,0,0,0,0,0.000599700149925037,0,0.000199900049975012,0,0,0,0,9.99500249875062e-05,0,0.185007496251874,0,0,0,0,0,0.0169915042478761,9.99500249875062e-05,0,0,0,0.0135932033983008,0,0,0,0,0,0.00309845077461269,0.031384307846077,0,0,0,0.00079960019990005,0.00209895052473763,0.0345827086456772,9.99500249875062e-05,0,0,9.99500249875062e-05,0.000199900049975012,0,0,0,0,0,0,0.000299850074962519,0,0,0.000599700149925037,9.99500249875062e-05,0,9.99500249875062e-05,0.00239880059970015,0,0,0,9.99500249875062e-05,0,0,0,0.0128935532233883,0.00119940029985007,0,0,0,0.0310844577711144,0,0,9.99500249875062e-05,0,0,0.000299850074962519,0,0,0,0,0,0,0,9.99500249875062e-05,0.0410794602698651,9.99500249875062e-05,0,0,0,0,0,0,0,0,0.000499750124937531,0,0,0.00419790104947526,0,0,0.00229885057471264,0,0,9.99500249875062e-05,0,0,0,0,0.0133933033483258,0.000199900049975012,0,0,0,0,0,0,0,0,0.00239880059970015,0.00109945027486257,0.00079960019990005,0,0.00339830084957521,0,0,0,0,0,0.000499750124937531,0,0,0,0.0444777611194403,0,0.0106946526736632,0,0.0189905047476262,0,9.99500249875062e-05,0.0100949525237381,0,0.000699650174912544,0.000199900049975012,0,0,0.00119940029985007,0,0,0,0,9.99500249875062e-05,0,0,0,0,0,0.000899550224887556,0.000199900049975012,0.000699650174912544,0,9.99500249875062e-05,9.99500249875062e-05,0.000199900049975012,0,0.00219890054972514,0.0148925537231384,0.000599700149925037,0.00239880059970015,0,0.000299850074962519,0,0,0,0.00279860069965018,0,0,0.000299850074962519,0.00749625187406297,0.00629685157421289,0,0,0,0,0,0.000199900049975012,0.190704647676162,0,0,0.015992003998001,0,0,0,0,0,9.99500249875062e-05,0.000699650174912544,0,0,0,0,9.99500249875062e-05,0.000299850074962519,0.000299850074962519,0.000299850074962519,0,0.00169915042478761,0
0.0004995004995005,0.0003996003996004,0.0001998001998002,0,0,9.99000999000999e-05,9.99000999000999e-05,0.002997002997003,0,0,0,0,0.000699300699300699,0.000799200799200799,0.0038961038961039,0,9.99000999000999e-05,9.99000999000999e-05,0,9.99000999000999e-05,0.003996003996004,0.0003996003996004,0,0,0,0.0201798201798202,0,0,0.000699300699300699,0.0035964035964036,0,0,0.0002997002997003,0.0038961038961039,0,0,0.000699300699300699,0.0048951048951049,9.99000999000999e-05,0,0,0,0,0.0038961038961039,0,0.0044955044955045,0,0,0,0,9.99000999000999e-05,0,0,0,0,0,0,0,0,0.00779220779220779,0,9.99000999000999e-05,9.99000999000999e-05,0.0004995004995005,0,0,0.0253746253746254,0,9.99000999000999e-05,0.00729270729270729,0.0018981018981019,0,0.000799200799200799,0.0118881118881119,0,0,0,9.99000999000999e-05,0.0002997002997003,0.014985014985015,0,0,0.0314685314685315,0,0.0024975024975025,9.99000999000999e-05,0,0,0,0.0020979020979021,0,0.0001998001998002,0.00709290709290709,0,0,0.0001998001998002,0,0,0.0033966033966034,0,0,0,0,0,0.0004995004995005,0,0,0.303496503496503,0,0.00989010989010989,0.000599400599400599,0,0,0.0122877122877123,0,0.0016983016983017,0,0.0001998001998002,0.0417582417582418,9.99000999000999e-05,0.0044955044955045,0,0.0027972027972028,9.99000999000999e-05,0.0044955044955045,0,0,0.0141858141858142,0,0,0.0622377622377622,0.0114885114885115,0,0.00609390609390609,9.99000999000999e-05,0,0.0003996003996004,0,0,0,0.000799200799200799,0.0001998001998002,0.0020979020979021,9.99000999000999e-05,0.00619380619380619,0,0.000799200799200799,0,0.0023976023976024,0,0,0,0.0001998001998002,0.0037962037962038,0,9.99000999000999e-05,0.002997002997003,0,0,0,0,0.00619380619380619,0,0,9.99000999000999e-05,0,0,0,0,0,0,0.0013986013986014,9.99000999000999e-05,0,0,0,0.0043956043956044,0.0003996003996004,0.0043956043956044,0,0,0,0,0,0.0003996003996004,0,0,0.0010989010989011,0,0,0,0.00589410589410589,9.99000999000999e-05,9.99000999000999e-05,0,0,0.00839160839160839,0.0052947052947053,0,0,0,0,0,0,0,0.0013986013986014,0,0,9.99000999000999e-05,0.0003996003996004,0,0,0,0.000799200799200799,0,0.00559440559440559,0.000799200799200799,0.0010989010989011,0.0012987012987013,0.0001998001998002,0.002997002997003,0,0,0,0.0012987012987013,0,0,0,0.002997002997003,0.0032967032967033,0.0004995004995005,0.0002997002997003,0,0.0023976023976024,0,0,0,0.000699300699300699,0,9.99000999000999e-05,0,0,0,0,0.00629370629370629,0,0,0,0,0,9.99000999000999e-05,0,0.0004995004995005,0,0.0013986013986014,0.0032967032967033,0.0010989010989011,0,0.000699300699300699,0,0.0001998001998002,0,0.0003996003996004,0.0012987012987013,0,0.0003996003996004,0,0,0.00609390609390609,9.99000999000999e-05,0,0.000999000999000999,0.00729270729270729,0,0,0,0,9.99000999000999e-05,9.99000999000999e-05,0.203396603396603,0.0002997002997003,0,0.0204795204795205,0.0002997002997003,0,0,0,9.99000999000999e-05,0,0.0030969030969031,0,0,0,0,0.0011988011988012,0,0.0030969030969031,0,0,0.000999000999000999,0
0,0,0,0,0,0,9.99900009999e-05,0,0,0,0,0,0,0,0,0,0.0006999300069993,0,0,0,0,0.000999900009999,0,0,0,0.20977902209779,0,0,0.0006999300069993,0,0,0,0,0.0037996200379962,0,0,0,0,0,0,0,0,0,0,0,0,0,0,0,0,0,0,0,0,0,0,0,0,0,0.0002999700029997,0,0,0,0,9.99900009999e-05,0,0,0,0,0.0075992400759924,0,0,9.99900009999e-05,0,0,0,0,0,0,0,0,0,0,0,0,0.0003999600039996,0,0,0,0,0,0.0050994900509949,0,0,0,0,0,0,0.0040995900409959,0,0,0.0061993800619938,0,0,0,0,0,0.0510948905109489,0,0,0,0,0,0,0,0,0,0,0.020997900209979,9.99900009999e-05,0,0,0,9.99900009999e-05,0,0,0,0,0,0,0,0,0,0.0002999700029997,0,0,0.118588141185881,0,0,0,0.0060993900609939,0,0,0,0,0,9.99900009999e-05,0,0,0,0,0,0,0,9.99900009999e-05,0,0,0,0,0,0,0,0,0,0,0,0,0,0,0,0.0002999700029997,0,0.0012998700129987,0,0,0,0,0.0052994700529947,0,0,0,0,0,0,0,0,0,0,0,0,0,0.0090990900909909,0,0.0012998700129987,0,0,0,0,0,0,0,0,0,0,0,0.0014998500149985,0,0,0.0002999700029997,0,0,0,0,0,0,0,0,0,0.0567943205679432,0,0,0,0,0,0,0,0,0,0,0,0,9.99900009999e-05,0,0.0355964403559644,0,0,0,0,0,0.0021997800219978,0,0,0,0,0.0007999200079992,0,0,0,0,0,0,0,0,0,0,0.000999900009999,0,0,0,0,0,0,0,9.99900009999e-05,0,0,0,0,0,0.0200979902009799,0,0,0.0683931606839316,0,0,0,0,0,0,0.267973202679732,0,0,0.0054994500549945,0,0.0570942905709429,0,0,0,0,0.0006999300069993,0,0,0,0,0.0175982401759824,0,0.0027997200279972,0,0,0.0066993300669933,0
0,0,0,0,0,0,0.0002999700029997,0,0,0,0,0,0,0,9.99900009999e-05,0,0,0,0,0,0,0,0,0.0084991500849915,0,0.0158984101589841,0,0,0.000999900009999,0,0,0,0,0,0,0,0,0,0,0,0,0,0,0,0,0,0,0,9.99900009999e-05,0,0,0,0,0,0,0,0,0,0,0.0400959904009599,0,0,0,0,0,0,0,0,0,0,0,0,0,0,0,0,0,0,0,0,0,0,0,0,0.123487651234877,9.99900009999e-05,0,0.0177982201779822,0,0,0,0.0052994700529947,0.0138986101389861,0,0,0,0,9.99900009999e-05,0,0,0,0.0001999800019998,0,0,0.0003999600039996,0,0,0.0051994800519948,0,0.0076992300769923,0,0,0,0.0032996700329967,0,0,0.0032996700329967,0,0,9.99900009999e-05,0,0,9.99900009999e-05,0,0,0,0,0,0,0,0.121387861213879,0.0081991800819918,0,0,0,0,0,0,0,0,9.99900009999e-05,0,0,0,0,0,0,0,0,0,0,0,9.99900009999e-05,0,0,0,0,0,0,0.0052994700529947,0,0,0,0,0,0.0298970102989701,0,0,0,0,0,0.0001999800019998,9.99900009999e-05,0,0,0,0.0066993300669933,0,0,0,0,0.0031996800319968,0,0,0,0,0,0.0253974602539746,0,0,0,0.0030996900309969,0,0,0,0.0005999400059994,0.0135986401359864,0,0,0,0,0,0,0,0,0,0,0,0,0,0,0,0,0,0,0.0034996500349965,0,0,0.0138986101389861,0.0004999500049995,0,0,0,0,0,0,0,0,0,0,0,0,0,0.0050994900509949,0,0,0,0,0,0,0,0,0.046995300469953,0,0,0,0,0,0,0,0,0,0,0,0,0,0.0005999400059994,0,0,0,0,0,0,0,0,0,0,0,0,0.0166983301669833,0,0,0.004999500049995,0,9.99900009999e-05,0,0,0,0,0.413458654134587,0,0,0.0094990500949905,0,0,0,0,0.0003999600039996,0,0,0,0,0,0,0.0070992900709929,0,0,0,0,0.0122987701229877,0
0,0,9.98901208670463e-05,0.000199780241734093,0,0,9.98901208670463e-05,0,0,0,0,0,0,0.0203775846568774,0.00189791229647388,0,0,9.98901208670463e-05,0,0,9.98901208670463e-05,9.98901208670463e-05,0,0.00909000099890121,0,0.184696833483169,0,0,0.00269703326341025,0.00139846169213865,0.00509439616421936,0,0,0.00139846169213865,0,0,0.000599340725202278,0,0,0,0,9.98901208670463e-05,0,9.98901208670463e-05,0,0.00139846169213865,0,0,0,0,0,0,0,0.000199780241734093,0,0,0,0,0.000399560483468185,9.98901208670463e-05,0,0,0,0,0,0,0.00749175906502847,0.000599340725202278,0,0,9.98901208670463e-05,0,0,9.98901208670463e-05,0,0,0,0,0,9.98901208670463e-05,0,9.98901208670463e-05,0.0025971431425432,0.000299670362601139,0,0,0,0,0,0.000699230846069324,0,0.00269703326341025,0,0,0,0,0,0,0,0,0,0,0,0,0.000399560483468185,0.000299670362601139,0,0.0402557187094196,0,0.0592348416741584,0,0,0,0,9.98901208670463e-05,9.98901208670463e-05,0,0.000599340725202278,0.00289681350514434,0,0,0,0,0.000998901208670463,0.000998901208670463,0,0.183598042153631,0,0,0,0,0,0,9.98901208670463e-05,0,0,0.0285685745679752,0,0,0,0.0807112176605734,0,0,0,0.00689241833982619,0,0,0,0,0,9.98901208670463e-05,0,0,0.000199780241734093,9.98901208670463e-05,0,0,0,0.000599340725202278,0.00469483568075117,0,0,0,0,0,0,0,0.000299670362601139,0,0,0.00079912096693637,0,0,0,0,0,0.000399560483468185,0,9.98901208670463e-05,9.98901208670463e-05,0,0,0,0,9.98901208670463e-05,0,0,0,0,0,0,0.00079912096693637,0,0.000599340725202278,0,0,0,0,0,0,9.98901208670463e-05,0,0,0,0,0.0202776945360104,0.000499450604335231,0,0,0,0,0,0,0,0,0,0.00379582459294776,0,0,0.000499450604335231,0,0,0,0,0,0,0,0,0.000599340725202278,0.00189791229647388,9.98901208670463e-05,9.98901208670463e-05,0,0.0702227549695335,0,0,0,0,0,0,0,0,0,0,0,0.00239736290080911,0,0,0,0,0,0,0,0,0,0,0,0,9.98901208670463e-05,0.000699230846069324,0.000299670362601139,0,0,0,0,0,0.0027969233842773,0,0,0.0241734092498252,0,0.00159824193387274,0.0826091299570473,0,0.00079912096693637,9.98901208670463e-05,0,0,0,0.123064628908201,0,0,0.000699230846069324,0.000199780241734093,0,0,0,0,0.000299670362601139,0.000399560483468185,0,0,0,0,9.98901208670463e-05,0.000299670362601139,0.000699230846069324,0,0,0.000899011087803416,0
0.0042004200420042,0,0,0,0,0,0,0,0,0,0,0,0,0,0.0087008700870087,0,0.0021002100210021,0,0,0,0.012001200120012,0.0034003400340034,0,0.004000400040004,0,0.0404040404040404,0,0,0.0107010701070107,0.0053005300530053,0.0255025502550255,0.0523052305230523,0,0.0114011401140114,0,0,0.0003000300030003,0.0228022802280228,0,0,0,0,0,0.0038003800380038,0,0.0198019801980198,0,0.0003000300030003,0.0002000200020002,0,0,0,0,0,0,0,0,0,0,0,0.0008000800080008,0,0,0,0,0,0.0043004300430043,0,0.0006000600060006,0.0105010501050105,0,0,0,0,0,0,0,0,0,0.0132013201320132,0,0.0002000200020002,0.0023002300230023,0,0,0.0005000500050005,0,0,0,0.0078007800780078,0,0.0149014901490149,0.0228022802280228,0,0,0.0008000800080008,0,0,0.0055005500550055,0,0,0,0,0,0,0,0.0004000400040004,0.0132013201320132,0,0.0009000900090009,0,0,0,0.0178017801780178,0,0,0,0,0.005000500050005,0.0014001400140014,0,0,0,0.0004000400040004,0.0084008400840084,0,0,0,0,0,0.0001000100010001,0.0014001400140014,0.0002000200020002,0.0007000700070007,0,0,0.0348034803480348,0,0,0,0.0457045704570457,0,0,0,0,0,0.0006000600060006,0.0004000400040004,0,0.0135013501350135,0.0003000300030003,0,0,0.0065006500650065,0.0001000100010001,0,0,0,0.0003000300030003,0.0048004800480048,0,0,0,0,0,0,0,0.006000600060006,0,0,0.0009000900090009,0,0,0,0,0,0,0,0.0306030603060306,0.0002000200020002,0,0,0,0,0.0002000200020002,0,0,0,0,0,0.0006000600060006,0.0121012101210121,0.0003000300030003,0,0,0.0001000100010001,0.0039003900390039,0.001000100010001,0,0,0,0,0,0.0007000700070007,0.0001000100010001,0.0078007800780078,0,0,0.0003000300030003,0.0011001100110011,0.0125012501250125,0,0,0,0,0,0.0283028302830283,0,0.0097009700970097,0,0,0.0079007900790079,0,0,0,0,0,0,0.0045004500450045,0,0.0175017501750175,0,0,0.0338033803380338,0,0,0,0,0,0,0,0,0.0006000600060006,0,0.0011001100110011,0.008000800080008,0,0.0018001800180018,0,0,0,0.0004000400040004,0.0033003300330033,0,0.0014001400140014,0.0011001100110011,0,0,0,0,0.0016001600160016,0,0,0.0003000300030003,0,0,0,0,0,0.0127012701270127,0,0,0.0252025202520252,0,0,0,0,0,0.0002000200020002,0.221122112211221,0,0,0.0011001100110011,0,0,0,0,0.0011001100110011,0.0015001500150015,0.0007000700070007,0,0,0,0,0.0039003900390039,0,0.0586058605860586,0.002000200020002,0,0.0038003800380038,0
0,0,0,0,0,9.99800039992002e-05,9.99800039992002e-05,0.00519896020795841,0,0,0.0002999400119976,0,0,0.0001999600079984,0.000399920015996801,0,0,0,0,0,0.0017996400719856,0.000899820035992801,0,0,0,0.246650669866027,0,0,0,0,0,0,0,0.00559888022395521,0,0,0.000499900019996001,0.0354929014197161,0,0,0,0,0,0.00369926014797041,0,0,0,0.0010997800439912,0,0,0.0002999400119976,0,0,0,0,0,0,0,0,0.0201959608078384,0,0.00669866026794641,0,9.99800039992002e-05,0,0.000399920015996801,0.0012997400519896,0,0,0,0,0,0.0020995800839832,0.00889822035592881,0.0875824835032993,0.0217956408718256,0,0,0,0.0031993601279744,0,0,0,0,9.99800039992002e-05,0.000499900019996001,0,0,0,0.0021995600879824,0,0.0001999600079984,0.0002999400119976,0,0,0,0,0,0.000599880023995201,0,0,0,0,0,0,0.00739852029594081,0,0.00249950009998,0,0,0,0.000999800039992002,0,0.00339932013597281,0.000699860027994401,9.99800039992002e-05,0,0,0.0422915416916617,9.99800039992002e-05,0.00499900019996001,0,0,9.99800039992002e-05,0.000699860027994401,0,0,0,9.99800039992002e-05,0.0020995800839832,0.115676864627075,0,0,0,0.000399920015996801,0,0.00929814037192562,0,0,0,0,0,0,0,0,0,0,0,0.0015996800639872,0,0,0,9.99800039992002e-05,0,0,0,0,0,0,0.000899820035992801,0,0.00629874025194961,0.000499900019996001,0,0,0.0172965406918616,0.0002999400119976,0,0,0,0,0,9.99800039992002e-05,0,0,0,0.00489902019596081,0.0138972205558888,0.00719856028794241,0.0002999400119976,0,0,0,0,0.000599880023995201,0,0,0,0.0023995200959808,0,0,0.0133973205358928,0,0,0.0215956808638272,0,0.0123975204959008,0.00829834033193361,0,0,0,0,0,0,0.00639872025594881,0,0,0,0,0,0,0,0,0,0.0001999600079984,0.0020995800839832,0.0001999600079984,0,0,0.000899820035992801,0,0,0,0,0,0,0,0,0.001999600079984,0.00499900019996001,0.00839832033593281,0,0,0.000499900019996001,0,0,0,0,0,0,0,0,0.0357928414317137,0,0,0,0,0,0.0010997800439912,0,0,0,0,0,0,0,0,0.0002999400119976,0,0,0.001499700059988,0,0,0,0,0,0,0,0,0.0135972805438912,0,0,0.00589882023595281,0,0,0,9.99800039992002e-05,0,0,0.117676464707059,0,0,0.00689862027594481,0,0,0,0,0,0.010997800439912,0.00649870025994801,0,0,0,0,0,0.00489902019596081,0.00379924015196961,0,0,0.00379924015196961,0
0.000699440447641887,0,0,0,0,9.99200639488409e-05,0,0,0,0,0,0,0,0,0.000799360511590727,0,0,9.99200639488409e-05,0,9.99200639488409e-05,0,0.00109912070343725,0,0.000199840127897682,0,0.023880895283773,0,0,0.000399680255795364,0.0113908872901679,0.0789368505195843,0,0,0.0038968824940048,0,0,0.00569544364508393,0,9.99200639488409e-05,0,0,0,0,0,0,0.000499600319744205,0,0,0,0,0,0,0,0.000699440447641887,0,0,0,0,0,0.000599520383693046,0,0,0,0,0,0,0.000599520383693046,0,0,9.99200639488409e-05,0,0,0,0,0,0,0,0,0,9.99200639488409e-05,0,9.99200639488409e-05,0.000199840127897682,0,0,0,0,0,0,0.00509592326139089,0,9.99200639488409e-05,0.0374700239808154,0,0.00849320543565148,0.00249800159872102,0,0,0.00159872102318145,0,0,0,0,0,9.99200639488409e-05,0,9.99200639488409e-05,0.0016986410871303,0,9.99200639488409e-05,0,0,0,0.00129896083133493,0.000199840127897682,0.000199840127897682,9.99200639488409e-05,9.99200639488409e-05,0.00569544364508393,0,0,0,0,0.000199840127897682,0,0,0.00589528377298161,0,0,0,0.00799360511590727,0.00109912070343725,0,9.99200639488409e-05,0,0,0.000699440447641887,0,9.99200639488409e-05,0,9.99200639488409e-05,0,0,0,0,0,9.99200639488409e-05,0,0,0,0,0.00369704236610711,0,9.99200639488409e-05,0,0,0,0,0,0.0139888089528377,0,0,0,0,0.000199840127897682,0,0,0,0,0,0.000199840127897682,0,0,0,0,0,0,0.000199840127897682,0.0155875299760192,0,0,0.000199840127897682,0,0,9.99200639488409e-05,0,0,0.0157873701039169,0,0,9.99200639488409e-05,0,0,0,0,0,0,0,0,0,0,0,0,0,0,9.99200639488409e-05,0,0,0,0.0021982414068745,0,0,0,0,0.0021982414068745,0,0.00179856115107914,9.99200639488409e-05,0.0138888888888889,0,0.000199840127897682,0,0,0,0,0,0,0,0,0,0,0,0,0.0891286970423661,0,0,0,0,0,0,0,0,0,0,0.000399680255795364,0,0,0,0,0,0,0,0,0,9.99200639488409e-05,0.000599520383693046,9.99200639488409e-05,0,0,0.000999200639488409,0,0,0,9.99200639488409e-05,0,0,0,0,0,0.44054756195044,0,0,0.11720623501199,0.00159872102318145,9.99200639488409e-05,0.000299760191846523,0,0,0.0016986410871303,0.000599520383693046,9.99200639488409e-05,0,0.0554556354916067,0,0,0,0,0.000499600319744205,0,0,0,0,0,0,0,0,0,0,0,0.00839328537170264,0
0,0,0,0,0,0,9.99500249875062e-05,0.0139930034982509,0,0,0,0,0,0,0.0215892053973013,0.000299850074962519,0.00559720139930035,0,0,0.00379810094952524,0.00219890054972514,0.00789605197401299,0,0.000699650174912544,0,0.104447776111944,0,0,0.00769615192403798,0.00349825087456272,0.000199900049975012,0,0,0.00179910044977511,0,0,0.00119940029985007,0.0141929035482259,0,0,0,0,0,0,0,0.0247876061969016,0,0,0,0,0,0,0,0,0.000699650174912544,0,0,0.000199900049975012,0,0.00499750124937531,0,0.00389805097451274,0,0,0,0,0.0031984007996002,0,0,0,0.00399800099950025,0,0,0,0,0,0,0,0,0.00579710144927536,0,0,0.00329835082458771,0,0.000199900049975012,0,0,0,0,0,0,0.000699650174912544,0.00189905047476262,0,0,0,0.00569715142428786,0,0,0,0,0,0,0,0,0.00239880059970015,0.00879560219890055,0.0462768615692154,0,0.0119940029985007,0,0,0,0,0,0.000399800099950025,0.00169915042478761,0,0.0370814592703648,0,0.0169915042478761,0,0,0,0.00549725137431284,0,0,0,9.99500249875062e-05,0,0.0833583208395802,0.0194902548725637,0,0,0,0,0.00079960019990005,0,0,0.0015992003998001,0.000899550224887556,0.000499750124937531,0,0.000499750124937531,0,0,0.00179910044977511,0,0.00419790104947526,0,0,0,0.000299850074962519,0.00109945027486257,0,0,0,0,0,0.000599700149925037,0,0.0114942528735632,0,9.99500249875062e-05,0,0,0,0,0,0.0195902048975512,0,0.0105947026486757,0.00919540229885057,0,0,0,0.00729635182408796,0.000899550224887556,0,0.000399800099950025,0,0,0,0,0.000199900049975012,0,0,0,0,0,0.000499750124937531,0.0204897551224388,0.000499750124937531,0,0,0.000299850074962519,0.00449775112443778,0.00739630184907546,0,9.99500249875062e-05,0,0,0,9.99500249875062e-05,0,0.0114942528735632,0,0,0.000199900049975012,0,0.0171914042978511,0,0,0,0,0.00349825087456272,0.00369815092453773,0.00139930034982509,0.024487756121939,0.000599700149925037,9.99500249875062e-05,0,0,0,0,0,0,0,0,0.0181909045477261,0.00519740129935032,0.00379810094952524,0,0.00329835082458771,0,0,0,0,0.00119940029985007,9.99500249875062e-05,0,0,0.0350824587706147,0,0,0,0,0.00109945027486257,0,0,0.0213893053473263,0.000899550224887556,0,0,0.00119940029985007,0.0063968015992004,0.0128935532233883,0,0,0.0031984007996002,0.000199900049975012,0,0,0.000399800099950025,9.99500249875062e-05,0,0,0,0.00499750124937531,0.000299850074962519,0.000999500249875062,0.00299850074962519,0.0329835082458771,0.000599700149925037,9.99500249875062e-05,0,0,0,0,0.134232883558221,0,0,0.0188905547226387,0,0,0,0,0.000199900049975012,0.0079960019990005,0,0,0,0,0,0.0109945027486257,0,0.000499750124937531,0,0,0.0182908545727136,0
0,0,0,0,0,0,0.00140070035017509,0.00360180090045023,0,0.000200100050025013,0,0,0,0.000700350175087544,0.0106053026513257,0,0,0,0.000500250125062531,0,0.00610305152576288,0.000700350175087544,0,0,0,0.00200100050025012,0.000600300150075037,0,0,0.00850425212606303,0.0219109554777389,0,0,0.0258129064532266,0,0,0.00240120060030015,0.0184092046023012,0.000100050025012506,0,0,0.000200100050025013,0,0.00510255127563782,0,0.0454227113556778,0,0.000100050025012506,0,0,0,0,0.000500250125062531,0,0.0209104552276138,0.000200100050025013,0,0,0,0.000100050025012506,0.00080040020010005,0.00150075037518759,0,0,0,0,0,0,0,0,0.00130065032516258,0.000400200100050025,0.000300150075037519,0,0,0,0,0,0,0.000300150075037519,0,0,0.0518259129564782,0,0.00520260130065033,0,0.023511755877939,0,0,0.0080040020010005,0,0.000400200100050025,0,0,0,0,0,0,0.00150075037518759,0,0,0,0,0,0.00180090045022511,0,0,0.0197098549274637,0,0,0,0,0,0.0295147573786893,0,0.000100050025012506,0,0,0.0342171085542771,0,0,0,0,0,0.0345172586293147,0,0,0,0.000400200100050025,0,0.0415207603801901,0.0129064532266133,0,0,0,0,0.000400200100050025,0,0,0,0,0,0,0,0,0,0.000400200100050025,0.00270135067533767,0.000100050025012506,0,0.00300150075037519,0.00430215107553777,0,0.00080040020010005,0.0138069034517259,0,0,0,0,0.00370185092546273,0,0,0,0,0,0,0.000300150075037519,0,0,0.000700350175087544,0.000100050025012506,0,0,0,0,0,0,0.00980490245122561,0.000100050025012506,0,0,0,0,0,0.000900450225112556,0,0,0,0,0,0,0.0380190095047524,0.000300150075037519,0.000300150075037519,0,0,0,0.000600300150075037,0,0,0,0,0,0,0.11495747873937,0.00140070035017509,0.000400200100050025,0,0.000400200100050025,0.000100050025012506,0,0,0,0.0032016008004002,0.00240120060030015,0.000100050025012506,0.000100050025012506,0.000900450225112556,0.00290145072536268,0.000600300150075037,0,0.000900450225112556,0,0,0,0,0.00170085042521261,0,0.0372186093046523,0,0.0267133566783392,0,0.000300150075037519,0.0217108554277139,0,0,0.000100050025012506,0,0,0,0,0,0,0,0,0.00130065032516258,0,0,0.000500250125062531,0.0048024012006003,0,0.000100050025012506,0.00130065032516258,0,0.00080040020010005,0,0.000400200100050025,0.000300150075037519,0.00100050025012506,0.0648324162081041,0,0,0.00140070035017509,0,0.000700350175087544,0,0,0,0.00080040020010005,0,0,0.0102051025512756,0,0,0,0,0,0,0.000100050025012506,0.056328164082041,0,0,0.096248124062031,0,0,0,0,0,0.000200100050025013,0.00490245122561281,0,0,0,0,0.00220110055027514,0.000400200100050025,0.000600300150075037,0,0,0.00380190095047524,0.00450225112556278
0,0,0,0,0,0,9.9930048965724e-05,0,0,0,0,0,0,0,0.000199860097931448,9.9930048965724e-05,9.9930048965724e-05,0,0,0,0,0,0,0.000299790146897172,0,0.239232537223943,0,0,0,0.00189867093034876,0.0199860097931448,0,0,0,0,0,0.00139902068552014,0.0216848206255621,0.00319776156690317,0,0,0,0,0,0,0,0,0,0,0,0,0,0,0,0.00269811132207455,0,0,0,0,0.0239832117517738,0,0,0,0.000199860097931448,0,0,0.00679524332966923,0,0,0,0,0,0,0,0,9.9930048965724e-05,0,0,0,0,0,0,0,0,0,9.9930048965724e-05,0,0,0,0,0,0.000199860097931448,0,0.000599580293794344,0,0,0,0,0,0,0,0.00049965024482862,0,0,0,0,0,9.9930048965724e-05,0,0,0,0,0,0,0,0,0.00119916058758869,0,0.00469671230138903,0.00049965024482862,0,0,0,0,0.01518936744279,0,0,0,0,9.9930048965724e-05,0.0398720895373239,0,0,0,0.000799440391725792,9.9930048965724e-05,0.00049965024482862,0,0,0,9.9930048965724e-05,0,0,9.9930048965724e-05,0,0,0,0,0.00179874088138303,0,0,0,0,0,0.000199860097931448,0,9.9930048965724e-05,0,0,0,0.00729489357449785,0.00799440391725792,0,0,0,0.0240831418007395,0.000699510342760068,0,0,9.9930048965724e-05,0,0,9.9930048965724e-05,0,0,0,0.00349755171380034,0.00419706205656041,0,0,0,0,0,0,9.9930048965724e-05,0,0,0,0,0,0,0.0139902068552014,9.9930048965724e-05,0,0,9.9930048965724e-05,0.000599580293794344,0.00579594284001199,0,0.000199860097931448,0,0,0,0,0.0801438992705106,0.000199860097931448,0,0,0,0,0.00569601279104627,0,0,0,0.00109923053862296,0,0,0,0.000199860097931448,0,0,0,0.00149895073448586,0,0,0,0,0,0,0,0,0,0,0.0277805536124713,0.000599580293794344,0,0,0,0,9.9930048965724e-05,0,0,0.0329769161586889,0,0,0,0,0,0,0,0,0.000199860097931448,0.00259818127310882,0,0.000299790146897172,9.9930048965724e-05,9.9930048965724e-05,0,0.000599580293794344,0.00349755171380034,0,0,0,0.000299790146897172,9.9930048965724e-05,0,0,0,0.000399720195862896,0.0701508943739382,0,0,0.00729489357449785,0.055760967322874,0,0,0,0,0.00109923053862296,0.220745478165284,0,9.9930048965724e-05,0,0,0.00179874088138303,0,0,0,0.00779454381932647,0,0,0,0,0,0.0145897871489957,0,0.00329769161586889,0,0,0.00129909063655441,0
0,0,0,0,0,0,9.98901208670463e-05,0,0,0,0,0,9.98901208670463e-05,0,0.000299670362601139,0,0,0,0,0,0,0.0012985715712716,0.000199780241734093,0,0,0.232244531015883,9.98901208670463e-05,0,0.00249725302167616,0,0.00499450604335231,0,0,0.00399560483468185,0,0,0,0.00998901208670462,0,0.000299670362601139,0,0,0,0,0,0,0,9.98901208670463e-05,0,0,0.00399560483468185,0,9.98901208670463e-05,0,9.98901208670463e-05,0,0,0,0,0.00299670362601139,0,0,0,0,0,0,0.00079912096693637,0,0.000399560483468185,0,0,0,0,0,0.045350114873639,0.0371591249625412,0,0,0,0.00299670362601139,0,0.000599340725202278,0.000199780241734093,0,0,0.000299670362601139,0,0,0,0,0.0252722005793627,0.000499450604335231,9.98901208670463e-05,0,0,9.98901208670463e-05,0.000199780241734093,0,0,0,0,9.98901208670463e-05,0,0,0,0.000199780241734093,0,0,0,0.0182798921186695,0,0,9.98901208670463e-05,0,0,0,0.0192787933273399,0,0.000998901208670463,0,0.00459494555988413,0,0,0,0.000399560483468185,0,0.00309659374687843,0,0,0,0.0149835181300569,0,0,0,0,0,9.98901208670463e-05,0,0,0,0,0,0,0,0,0,0.000499450604335231,0,0.00299670362601139,0,0,0,0.000399560483468185,0,9.98901208670463e-05,0,0,9.98901208670463e-05,0,0,0.000899011087803416,0,9.98901208670463e-05,0,0,0,0,0,0.00109879132953751,0,0,0,0.131954849665368,0,0,0.000299670362601139,0.00209769253820797,0.00948956148236939,0,0.000199780241734093,0,0.000499450604335231,0,0,0,0,9.98901208670463e-05,0,0.00189791229647388,0,0,0.00239736290080911,0,0,0,0,0.00139846169213865,0.0205773648986115,0,0,0,0,0,0,0,0.000699230846069324,0,0.000399560483468185,0,0,0.000699230846069324,0,0,0,0,0.00299670362601139,0,0,0.00079912096693637,0,0,0.0212765957446809,0,0,0,0,0,9.98901208670463e-05,0,0.00169813205473979,0,0.000499450604335231,0,0.0122864848666467,0,0,0,0,0,9.98901208670463e-05,0,0,0.0106882429327739,0,9.98901208670463e-05,0,0,0,0,0,0.0598341823993607,0,0,0,0.00119868145040456,9.98901208670463e-05,0.000599340725202278,0,0,0,0,0,0,0,0.00169813205473979,0,9.98901208670463e-05,0,0.000599340725202278,0.0425531914893617,0,0,0.00499450604335231,0,0,0,0.00289681350514434,0,0,0.199280791129757,0,0,0.000699230846069324,0,9.98901208670463e-05,0.000499450604335231,9.98901208670463e-05,0,0.00119868145040456,0.00139846169213865,0.00249725302167616,0,0,0.00119868145040456,0.00139846169213865,0,0,0,9.98901208670463e-05,0.0079912096693637,0
0,0,0,0,0,0,0,0,0,0,0,0,0,0,0.000799440391725792,0,0.000399720195862896,9.9930048965724e-05,0,0,0.00689517337863496,0.00239832117517738,0,0.00469671230138903,0,0.218946737283901,0,0,0.00489657239932048,0.00729489357449785,9.9930048965724e-05,0,0,0,0,0,0.000199860097931448,0,0,0,0,0,0,0,0,0,0.0119916058758869,0,0,0,0,0,0,9.9930048965724e-05,0,0,0,0,0,0,0,0,9.9930048965724e-05,0,0,0,0.0152892974917558,0.00269811132207455,0,0.00309783151793744,0,0,0,0,0,0,0,0,0,0,0,0,0.0216848206255621,0,0,9.9930048965724e-05,0,0,0,0.00229839112621165,0,0,0.00169881083241731,0,0,0,0.000199860097931448,0,0,0,0,0,0,0,9.9930048965724e-05,0,0,0.282702108524033,0,0.00969321474967523,0,0,0,0.00049965024482862,0,9.9930048965724e-05,0,0,0.0294793644448886,0,0,0,0,0,0,0,0,0,0,0,0.0242830018986709,0.0550614569801139,0.00489657239932048,0,0,0,0.00669531328070351,0,0,0,0,0,0,0,0,0,0,0,0.00159888078345158,0.00429699210552613,0,0,0.000299790146897172,0,0,0,0,0,0,0,0,0.00639552313380634,0,0,9.9930048965724e-05,0,0,0,0,0,0,0,0.0485660037973419,9.9930048965724e-05,0,0,0.00159888078345158,0,0,0,0,0,0,0,0,0.000899370440691516,0,0.0105925851903667,0,0,0.000599580293794344,0.00639552313380634,0,0,0,0,0.0024982512241431,0.00869391426001799,0,0,0,0.000799440391725792,0,0,0,0,0,0,9.9930048965724e-05,0.00179874088138303,0.0493654441890677,0,0,0,0,0.00199860097931448,0,0.00099930048965724,0.00689517337863496,0,0.00429699210552613,0.0247826521434996,0,0,0.00049965024482862,0,0,9.9930048965724e-05,0,0.00649545318277206,0,0,0,9.9930048965724e-05,0,0,0,0,0,0,0,0,0.0279804137104027,0.00119916058758869,9.9930048965724e-05,0.00469671230138903,0,0,0,0,0,0,0,0,0.00119916058758869,0.000699510342760068,0.000699510342760068,0,0,0,0.000199860097931448,0,0,0.000799440391725792,0,0,0,0,0,9.9930048965724e-05,0,0,0.002897971420006,0,9.9930048965724e-05,9.9930048965724e-05,0,0,0.000799440391725792,0.032577195962826,0,9.9930048965724e-05,0.00349755171380034,0,0,0,0,0.00049965024482862,0,0,0,0,0,0,0.00479664235035475,0,0.00119916058758869,0,0,0.0053962226441491,0
0,0,0,0,0,0,0.000299850074962519,0,0,0,0,0,0.000399800099950025,0,0.00459770114942529,0,0,0,0,0,0,0.000499750124937531,0,0,0,0.11304347826087,0,0,0.000199900049975012,0,0,0,0,0.0109945027486257,0,0,0,0,0,9.99500249875062e-05,0,0,0,0,0,0.0201899050474763,0,0,0,0,0,0,0,0.000399800099950025,0,0,0,0,0,0,0,0,0,0,0,0,0.00149925037481259,0,0,0,0.00209895052473763,0,0,0,0,0,0,0,9.99500249875062e-05,0.0143928035982009,0,0,0.0344827586206897,0,0,0,0,0,0,0.0137931034482759,0,0.000599700149925037,0.0121939030484758,0,0,0.000499750124937531,0,9.99500249875062e-05,0.0983508245877062,0,0,0,0,0,0.00179910044977511,0,0,0.0612693653173413,0,0.00279860069965018,0,0,0,0,0,0,0.00459770114942529,0.000299850074962519,0.00729635182408796,0,0,0,0.000199900049975012,0,0.0095952023988006,0,0.0047976011994003,0,0,0,0,0,0,0,0,0.0031984007996002,9.99500249875062e-05,0,0,0,9.99500249875062e-05,0,0,0,0,0.000299850074962519,0.000299850074962519,0,0,0.000599700149925037,0,0,0,0,9.99500249875062e-05,0,0,0,0,0.0109945027486257,0,0,0,0,0,9.99500249875062e-05,0,0,0,0,0.000299850074962519,0,0,0,0,0,0,0.024087956021989,0.0221889055472264,0,0,0,0,0,0,0,0,0,0,9.99500249875062e-05,0,0,9.99500249875062e-05,0,0,0,0,0,0,0,0,0,0,0,0,0.000299850074962519,0.000299850074962519,0,0,0,0,0,0,0,0,0,0,0,0.0213893053473263,0,0.00209895052473763,0,0,0,0,0,0,0,0,0.00149925037481259,0.0142928535732134,9.99500249875062e-05,0,0.0243878060969515,0,0,0,0,9.99500249875062e-05,0,0,0,0,0,0.000299850074962519,0,9.99500249875062e-05,0,0,0,0,9.99500249875062e-05,0.00269865067466267,0,0.00079960019990005,0.00129935032483758,9.99500249875062e-05,0,0,0.00129935032483758,0,0,0,9.99500249875062e-05,0,0,0,0,0.00279860069965018,0.0525737131434283,0,0.000399800099950025,0,0,9.99500249875062e-05,0,0,0,0,0.362418790604698,0,0,0.016591704147926,0,0,0,0,0,0,0,0,0.000899550224887556,0,0,0.00439780109945028,0,0.000599700149925037,0,0,0.00389805097451274,0
0,0,0,0,0,0,0,0,0,0,0,0,0,0,0.000499800079968013,0,0,0,0,0.00159936025589764,0,0,0,0.000499800079968013,0,0.277588964414234,0,0,0.00079968012794882,0.00649740103958417,0,0,0,0.00429828068772491,0,0,0.00569772091163535,0,0,0,0,0,0,0,0,0,0,0.000599760095961615,0,0,0,0,0,0,0.000999600159936026,0,0,0,0,0.0289884046381447,0.000599760095961615,0,0,0,0,0,0,0,0,0,0,0,0.00079968012794882,0,0,9.99600159936026e-05,0,0,0,0.0697720911635346,0,0,0,0,0,0,0,0,0,0,0,9.99600159936026e-05,0.00129948020791683,0,9.99600159936026e-05,0,0.00119952019192323,0,0,0,0,0.00249900039984006,0.00259896041583367,0,0,0,0,0.215613754498201,0,0,0,0,0,0,0,0,0,0,0.0357856857257097,0,0,0,0,0,0.0445821671331467,0,0,0,0,0,0,0,0,0,0,0,0.00479808076769292,9.99600159936026e-05,0,0,0.00429828068772491,0,0,0,0,0,0.00229908036785286,9.99600159936026e-05,0,0,0.00179928028788485,0,0,0.00199920031987205,0,0,0,0,0,0,0,0,0,0,0,0,0,0,0,0,0.00039984006397441,9.99600159936026e-05,0,0,0,0,0,0,0,0.000299880047980808,0,0,0,0,0,0,0,0,0,0,0,0.00589764094362255,0,0,0,0,0,0,0,0,0,0,0,0.00369852059176329,0,0.00289884046381447,0.00039984006397441,0,9.99600159936026e-05,9.99600159936026e-05,0.000299880047980808,0,0,0,0,0,0,0,0.0364854058376649,0,0,0.00199920031987205,0,0,0,0,0,0,0.00289884046381447,0,0,0,9.99600159936026e-05,0.0105957616953219,0,0,0.000299880047980808,0,0,0,0,0,0,0,0,0,0,0,0,0,0,0,0.000699720111955218,0,0.00249900039984006,0.00589764094362255,0.00149940023990404,0,0.000599760095961615,0,0,0,0,0.000299880047980808,0,0,0,0,0.00309876049580168,9.99600159936026e-05,0.00489804078368653,0,0.0122950819672131,0,0,0,0,0,0.000299880047980808,0.152538984406238,0,0,0.0152938824470212,0,0,0,0,0,0,0.00259896041583367,0,0,0,0,0.00129948020791683,0,0.00109956017592963,0,0,0.00989604158336665,0
0,0,0,0,0,0,0.000199880071956826,0,0,0,0,0,0,9.9940035978413e-05,0.00109934039576254,0,0,0,9.9940035978413e-05,0,0,0.000599640215870478,0,0,0,0.331301219268439,0,0,0,0.00279832100739556,0,0,0,0.00139916050369778,0,0,0.000399760143913652,0.0271836897861283,0.000199880071956826,0,0,0,0,0.00139916050369778,0,0.00159904057565461,0,0,0,0,0.000399760143913652,0,0,0,0,0,0,0,0,0,0,9.9940035978413e-05,0,0,0,0,0.00789526284229462,0,0,0,0,0,0,0,0,0,0,0,0,9.9940035978413e-05,0,0,0.0432740355786528,0,9.9940035978413e-05,0,0,9.9940035978413e-05,0,0,0,0.00129922046771937,0,0,0,0,0,0,0,0,0,0,0,0,9.9940035978413e-05,0,0,0.403857685388767,0,0,0,0,0,0.00909454327403558,0,0,0,0,0.0139916050369778,0,0,0,0,9.9940035978413e-05,0.0119928043174096,0,0.00369778133120128,0,0,0,0,0.00259844093543874,0,0,0,0,0.00199880071956826,0,0,0,0,0,0,0,0,0,0,0,0,0,0,0,0,0,0,0,0,0,0,0,0,0,0,0.000199880071956826,9.9940035978413e-05,0,0,0,0,0,0,0,0,0,0,0,0,0.00359784129522287,0.00609634219468319,0,0,0,0,0,0,0,0,0,0,0,0,0.00829502298620828,0,0,0.000299820107935239,0,0,0,0,0,0,0,0,0,0,0,0,0,0,0,0,0,0,0,0,0,0.000199880071956826,0,0.0122926244253448,0,9.9940035978413e-05,0,0,0,0,0,0,0,0.000799520287827304,0,0.00429742154707176,0,0,0.0369778133120128,0,0,0,0,0,9.9940035978413e-05,0,0,0,0,0,0,0,0,0,0,0,0,0,0,0.000399760143913652,0,0,0,0,0,0,0,0,0,0.000199880071956826,0,0,0,0.000699580251848891,0.00709574255446732,0,0,0.0279832100739556,0,0,0,0,0,0.000199880071956826,0.000599640215870478,0,0.00379772136717969,0.0141914851089346,0,0,0,0,0,0,0,0,0,0,0,0,0,0.000399760143913652,0,0,0.00199880071956826,0
0,0,0,1e-04,0,0,1e-04,0,0,0,0,0,0,0,0.1324,0,0,0,0,0,0,0.0028,0,3e-04,0,0.3437,0,0,0,8e-04,0,0,0,0,0,0,0,0,1e-04,2e-04,1e-04,0,0.0021,0,0,0,0,0,0,0,0,0,0,0,0,0,0,0,0,0,0,0,0,0,0,0,0.017,0,0,0,0.0016,0,1e-04,0,0,0,0,0,0,0,0,0,0,0,0,0,0,0,0,0,0,9e-04,0.001,0,0,0,0,0,0,0,0,0,0,0,3e-04,0,0,0.0037,0,0.011,0,0,2e-04,1e-04,0.0011,0,0,0,0,0,0.0099,0,0.0043,5e-04,0,0,0,0,0,0,0.0396,0.0016,0,0,0,0,0.0046,0,0,0,0.0014,0,0,0,0,0,0,0,0.0023,0,0,0,0,0,0,0,0,0,0,0,0,0.0048,0,1e-04,0,0,0,0,0,0,4e-04,0,0,0,0,0,0.0056,0,0.0018,0,0,0.0012,0,0,0,0,0,0,0,0,0,0,0,0,0,0,0,0,0,0,0,0,0,0,0,0,0,0,0,0.0052,0.0027,0,0,0,0,0,0.0039,0,0.0276,0,0,0.0103,0,0,0,0,0,0,0,0.0063,0,0,0,0.0217,0,0,0,0,0,0,0,0,0.0232,0,0,5e-04,0,0,0,0,0,0,0,0,7e-04,0,0.0033,0,0,0,0,0,0,2e-04,0,0,0,0,0,0.0763,0,0,0.01,0,0,0,0,0,0.0026,0.1927,0,1e-04,0,0,0,0,0,0.0017,0,0,0,0,0,0,0.0102,0,0.003,0,0,0,0
0,0,0,0,0,0,9.99700089973008e-05,0,0,0,0,0,0.000299910026991902,0,0.000799760071978406,0,0,0.000499850044986504,0,0,0.00199940017994602,0,0,0,0,0.124562631210637,0,0,0.00179946016195141,0.00429871038688393,0,0,0,0,0,0,0.00669799060281915,0.0191942417274818,0,0,0,0,0,0,0,0,0,0,0,0,0,0,0,0,0,0,0,0,0,0,0,0.00189943017094872,0,0,0,0,0.102169349195241,0,0,0,0,0,0,0,0,0,0,0,0,0.0316904928521444,0,0,0.010296910926722,0,0,0,9.99700089973008e-05,0,0,0.000699790062981106,9.99700089973008e-05,0,0.00919724082775168,0,0,0.000799760071978406,0.000299910026991902,0,0,0,0,0,0,0,9.99700089973008e-05,0.000499850044986504,0,0.011296611016695,0,0.00239928021593522,0,0,9.99700089973008e-05,0.000799760071978406,0,0.000299910026991902,0.00959712086374088,0,0,0,0,0,0,0,0.000799760071978406,0,0,0,0,0.00379886034189743,0.0207937618714386,0.000999700089973008,0,0,0.000199940017994602,0,0.00219934019794062,0,0,0,0,0,0,0,0,0,0.00489853044086774,0,0.000799760071978406,0,0.00379886034189743,0,0.000199940017994602,0,0.000199940017994602,0,0.000699790062981106,0,0,0,0,0.00149955013495951,0,0,0,0,0,0,0,0,0,9.99700089973008e-05,9.99700089973008e-05,0,0,0,0.00419874037788663,0,0,0,0,0,0,0,0,0,0,0,0.00419874037788663,0,0,0,0,0.00109967009897031,0,0.00199940017994602,0,0.00609817054883535,0,0,0,0,0,0.057482755173448,0,0.0107967609717085,0,0.00139958012596221,0,0,0.00359892032390283,0,0.00279916025192442,0,0,0.00279916025192442,0,0,0,0,0,0.00439868039588124,0.000699790062981106,0,0.000699790062981106,0,0,0,0,0.00859742077376787,0,0.000599820053983805,0,0.00159952014395681,0,0,0,9.99700089973008e-05,0,0,0,0,0,0,0,0,0,0,0.000599820053983805,0,0,0,0,0,0.00149955013495951,0,9.99700089973008e-05,0,0.00399880035989203,0.000699790062981106,0,0,0,0,0.000299910026991902,0,9.99700089973008e-05,0,0.000599820053983805,0.485654303708887,0,0,0.00119964010796761,0,0.000299910026991902,0,9.99700089973008e-05,0,0,9.99700089973008e-05,0,0,0,0,0,9.99700089973008e-05,0,0,0,0.00509847045886234,0,0,0,0,0.000199940017994602,0,0,0,0,0.00249925022493252,0
0,0,0,0,0,0,0.0021997800219978,0.004999500049995,0,0,0,0,0,0.0071992800719928,0.0023997600239976,0,0,0,0,0,0.0020997900209979,0.0071992800719928,0,0.0005999400059994,0,0.0120987901209879,0,0,0.0067993200679932,0.0087991200879912,0.0305969403059694,0,0,0.0361963803619638,0,0,0.0145985401459854,0.0138986101389861,0,0,0,0,0.0262973702629737,0.0036996300369963,0,0.0178982101789821,0,0,0.0005999400059994,0,0,0,0,0,0,0,0,9.99900009999e-05,0,0,0,0.0143985601439856,0,0,0,0,0.0005999400059994,0,0,0,0.0078992100789921,0,0,0.0030996900309969,0,0,0,0,0,0,0,0,0,0,0.0583941605839416,0,0,0,0,0.0142985701429857,0.0012998700129987,0.0021997800219978,0.0031996800319968,0,0,0,0,0,0.0037996200379962,0,0,0,0,0,0.003999600039996,0,9.99900009999e-05,0.0035996400359964,0,0,0,0,0,0.0008999100089991,0,0,0,0.0270972902709729,0.0507949205079492,9.99900009999e-05,0,0,9.99900009999e-05,0.0002999700029997,0.0190980901909809,0,0,0,0,0.0102989701029897,0.0603939606039396,9.99900009999e-05,0,0,0,0,9.99900009999e-05,0,0,0,9.99900009999e-05,9.99900009999e-05,0,0,0,0,0.0016998300169983,0,0,0,0,0,0,0,0,0,0,0,0,0.0098990100989901,0.0015998400159984,0.0054994500549945,0,0,0,0,0,0,0,0,0,9.99900009999e-05,9.99900009999e-05,0,0,0,0.0050994900509949,0,0.0221977802219778,0,0,0,0,0,0,0,0.0003999600039996,0.0101989801019898,0,9.99900009999e-05,0,0.0030996900309969,0.0013998600139986,0,0,0.0001999800019998,0.0118988101189881,0,0,0,0,0,0,0,0,0,0,0,0,0,0.0027997200279972,0.0024997500249975,0,0,0.0043995600439956,0,0.0031996800319968,0,0.0164983501649835,0,0,0,0,0,0,0.0008999100089991,0,0,0.010998900109989,0.0082991700829917,0.0087991200879912,0,0,0.0222977702229777,0,0,0,0,0,0,0,0,0.0310968903109689,0.0007999200079992,0,0,0,0,0,0,0.0041995800419958,0.0003999600039996,0,0,0,0.0178982101789821,0.0005999400059994,0,0.0016998300169983,0,0,0,0,0,0,0,0,0,0.0258974102589741,0.0122987701229877,0,0.0072992700729927,0.0602939706029397,0,0,0,0,0.0001999800019998,0.0011998800119988,0.107089291070893,0,0.0003999600039996,0.053994600539946,0,0,0,0,0.0001999800019998,0.0015998400159984,0.001999800019998,0,0,0,0,0.0004999500049995,0,0.0001999800019998,0,0,0.0312968703129687,0
0,0,0,0,0,0,0,9.99700089973008e-05,0,0,0,0,0,0.00709787063880836,0.00499850044986504,0,0,0,0,0,9.99700089973008e-05,0.000899730080975707,0,0,0,0.138558432470259,0,0,0.00669799060281915,0.000599820053983805,0.0400879736079176,0,0,0.00529841047685694,0,0,0.000599820053983805,0,0,0,0,0,0,0,0,0.000799760071978406,0,0,0,0,0,0,0,0,0.000299910026991902,0,0,0,0,9.99700089973008e-05,0,0,0,0,0,0,0,0,0.000999700089973008,0,0,0,0,0,0,0,0,0,0,9.99700089973008e-05,0,0,9.99700089973008e-05,0,0,0.00109967009897031,0,0,0,0.00439868039588124,0.0334899530140958,0,0.00279916025192442,0,0,9.99700089973008e-05,0,0,0,0,0,0.000399880035989203,0,0,0,0,0,9.99700089973008e-05,0,0,0,0,0,9.99700089973008e-05,0,0,0,0,9.99700089973008e-05,0.000599820053983805,0,0,0,0.00129961011696491,0.00939718084574628,0,0,0,0,0,9.99700089973008e-05,0.00139958012596221,0,0,0,0.00249925022493252,0.00369889033290013,0,0,0,0,0,0,9.99700089973008e-05,0,0,0.00139958012596221,0,0,0,0.000599820053983805,0,0,9.99700089973008e-05,0,0,0,0.000199940017994602,0,0,0,0,0,0,0,0,0,0,0,0,0,0,9.99700089973008e-05,0,0,0,0,0.00339898030590823,0.0111966410076977,0,0,0,0,0,0,0,0,0,0,9.99700089973008e-05,0,0.000799760071978406,0.00209937018894332,0.000599820053983805,0,0,0,0,0,0,0,0,0,9.99700089973008e-05,0.111966410076977,0.000499850044986504,0,0,0.000399880035989203,0,0,0,0,0,0,9.99700089973008e-05,0.00859742077376787,0,0.00949715085474358,0,0.00179946016195141,0.000399880035989203,0,0,0,0,0,0,0.000199940017994602,0,0,0,0,0.257322803159052,0,0,0,0,0,0,0,0,0,0,0,0,0,0,0,0,0.000199940017994602,0,0,0,0,0.000399880035989203,9.99700089973008e-05,0,0,0,0,0,0.000399880035989203,9.99700089973008e-05,0,0,0,0,0,0.105968209537139,0,0,0.0597820653803859,0,0,0,0.000499850044986504,0,0,0.114865540337899,9.99700089973008e-05,0,0.00269919024292712,0,0,0,0.000299910026991902,0,0,0.000299910026991902,0,0,0,0,0.0171948415475357,0,0.000199940017994602,0,0,0.01629511146656,0
0,0,0,0,0,0,0.000199840127897682,0.000299760191846523,0,0,0,0,0,0,0.0105915267785771,0,0,0,0,0,0.00129896083133493,0.000399680255795364,9.99200639488409e-05,0,0,0,0,0,0.00359712230215827,0.00899280575539568,0.0109912070343725,0,0,0.0207833733013589,0,0,0.000299760191846523,0,0,0,0,0,0,0,0.000699440447641887,0,0,0,0,0,0,0,0,0,0,0,0,0,0.00119904076738609,0.000199840127897682,0,9.99200639488409e-05,0,0,0,9.99200639488409e-05,0.0122901678657074,0,0,0.0016986410871303,0.000199840127897682,0,0,9.99200639488409e-05,0,0,0,0,0,9.99200639488409e-05,0,0,0.00569544364508393,0,0.0016986410871303,0.00329736211031175,0,0,0.000299760191846523,0.00519584332533973,0,9.99200639488409e-05,0.0362709832134293,9.99200639488409e-05,0,0,0,0,0.000399680255795364,0,0,0.00149880095923261,0,0,9.99200639488409e-05,0.000399680255795364,0,0.0343725019984013,0,0.000199840127897682,0,0,0,0,0,9.99200639488409e-05,0.00199840127897682,0.00409672262190248,0.0450639488409273,9.99200639488409e-05,0.00949240607513989,0,0.000199840127897682,0,0.00199840127897682,0,9.99200639488409e-05,0,0,0,0.0161870503597122,0.0145883293365308,0,0.00379696243005596,0,9.99200639488409e-05,0.00249800159872102,0,0,0,0.0261790567545963,0.00159872102318145,0,0,0,0,0,0,0.00209832134292566,9.99200639488409e-05,0,0,0.000199840127897682,0.00459632294164668,9.99200639488409e-05,0,0,0,0,0.000299760191846523,0,0.00679456434852118,0.000299760191846523,9.99200639488409e-05,0,0,0,0,0,0,0.000899280575539568,0.00139888089528377,0.000199840127897682,0,0,0,0.00639488409272582,9.99200639488409e-05,0.000199840127897682,0,0,0.00109912070343725,0,0,0.000199840127897682,0,0,0,0.000299760191846523,0,0,0.00299760191846523,0,0,0,9.99200639488409e-05,0.037669864108713,0.00819344524380496,0,0,0,0.000399680255795364,0,9.99200639488409e-05,0,0,0,0,0,0,0,0,0,0,0,0.00649480415667466,0.00409672262190248,0,0.00129896083133493,9.99200639488409e-05,0,0,9.99200639488409e-05,0,0,0,0,0,0.00209832134292566,0.00119904076738609,0.00149880095923261,0,0,0.00499600319744205,0,0,0,0,0.000499600319744205,0,0.0111910471622702,0,0.034572342126299,0,0,0.000199840127897682,0,0.000299760191846523,0,9.99200639488409e-05,0.000199840127897682,0,0.000499600319744205,0,0.000299760191846523,0.000499600319744205,0.00259792166266986,0,0,0,0,0,0,0,0,0,0,0,0.00129896083133493,0,0,0,0.335631494804157,0,0,0.000199840127897682,0.00319744204636291,0.000199840127897682,9.99200639488409e-05,0.205235811350919,0,0,0.00939248601119105,9.99200639488409e-05,0,0.000199840127897682,9.99200639488409e-05,0,0.000499600319744205,0,0,0,0,0,0.00139888089528377,0,0.000799360511590727,0,0,0.00199840127897682,0
0,0,0,0,0.000599820053983805,0,0,0.00359892032390283,0,0,0,9.99700089973008e-05,0.000199940017994602,0.00799760071978406,9.99700089973008e-05,0,0,0,0,0,0.00589823053084075,0,0,0,0,0.0234929521143657,0,0,0.000399880035989203,0.0114965510346896,0.0686793961811457,0,0,0.00419874037788663,0,0,0.00749775067479756,0.00369889033290013,0.00339898030590823,9.99700089973008e-05,0,0,0,0.00529841047685694,0,0.00249925022493252,0,0,0,0,0.000399880035989203,0,0,0,0.00609817054883535,0,0,0,0,0,0,9.99700089973008e-05,0,0,0,0,0.00709787063880836,0,0,0,0.00159952014395681,0,0,0.00199940017994602,0,0,0,0,0,9.99700089973008e-05,0,0,0.0552834149755073,0,9.99700089973008e-05,0,0.0151954413675897,0,0,0.000699790062981106,0.042887133859842,0.000299910026991902,0,0,0.00739778066580026,0,0,0,0.00869739078276517,0,0,0,0,0,0,0,0.0106967909627112,0.312106368089573,0,0,0,0.000999700089973008,0,0.0229931020693792,0,0,0,0,0.00949715085474358,0,0,0.00129961011696491,0,0.00319904028791363,0.00669799060281915,0,0,0,9.99700089973008e-05,0,0.00259922023392982,0.000299910026991902,0,0.000499850044986504,0,0,0.00229931020693792,0,0,0,0,0,0,0,0,0,0,0,0,0.00419874037788663,0.00169949015295411,0.000799760071978406,0,0,9.99700089973008e-05,0,0,0,0.00439868039588124,0.00169949015295411,0,0,0,0.0508847345796261,0,0,0,0,0,0,0,0,9.99700089973008e-05,0,0,0,0,0.0180945716285114,0.00419874037788663,0,0,0,0,9.99700089973008e-05,0.000499850044986504,0,0,0,0.000199940017994602,9.99700089973008e-05,0,0.0113965810256923,9.99700089973008e-05,0,0.00129961011696491,0,0,0,0,0,0,0,0,9.99700089973008e-05,0,0,0.000699790062981106,0,0,9.99700089973008e-05,0,0,0,0.000999700089973008,0.000399880035989203,0,0.0133959812056383,0.00319904028791363,0.0193941817454764,0,0,0,0,0,0,0.00119964010796761,0.0546835949215235,0,0.00189943017094872,0,9.99700089973008e-05,9.99700089973008e-05,0,0.00909727081875437,0,0,0.000599820053983805,0,0,0.00139958012596221,0,0.00169949015295411,0,0,0,0,0,0,0,0,9.99700089973008e-05,9.99700089973008e-05,0,0,0.00399880035989203,0.00509847045886234,0,0,0.00199940017994602,0.000599820053983805,0,0,0,0.000399880035989203,0.000599820053983805,0,0,0.0226931920423873,0,0.00139958012596221,0.000199940017994602,0.00439868039588124,0.0115965210436869,0,0.000799760071978406,0,0,0,9.99700089973008e-05,0.0186943916824953,0,0,0.0253923822853144,0,0,0,0,0,0.00149955013495951,0.000799760071978406,0,0,0,0,0.0156952914125762,0,0,0,0,0.00439868039588124,0
0,0,0,0.000599580293794344,0,0,9.9930048965724e-05,0.00179874088138303,0,0,0.000699510342760068,0,0,0,0.000399720195862896,0,0,0,0,0,0.00379734186069751,0.0148895772958929,0,9.9930048965724e-05,0,0.148795842909963,0,0,0.000399720195862896,0,0,0,0,0.0124912561207155,0,0,0.000299790146897172,0.00839412411312082,0,0,0.000199860097931448,0,0,0.00509643249725192,0,0.0303787348855801,0,0,0,0,0,0,0,0,0,0,9.9930048965724e-05,0.000599580293794344,0,0.00509643249725192,0,9.9930048965724e-05,9.9930048965724e-05,0,0,0,0.0170880383731388,0,9.9930048965724e-05,0.0102927950434696,0.00149895073448586,0,0,0.000599580293794344,0,0,0,0,0,0.0020985310282802,0,0,0.0114919556310583,0,0.00329769161586889,0.00919356450484661,0.000399720195862896,0,9.9930048965724e-05,0.00319776156690317,0,9.9930048965724e-05,9.9930048965724e-05,0,0,9.9930048965724e-05,0,0,0.00979314479864095,0,0,0,0,0,9.9930048965724e-05,0,0.0245827920455681,0.20355750974318,0,0,0,0,0,0.00109923053862296,0,0,0,0,0.0251823723393624,9.9930048965724e-05,0,0,0,9.9930048965724e-05,0.00399720195862896,0.0453682422304387,0,0,0,0,0,0.0199860097931448,0,9.9930048965724e-05,0,0,0.00189867093034876,9.9930048965724e-05,0,0,0.0049965024482862,0,0,0,0,0.00109923053862296,0.00129909063655441,0,0,0,0.00179874088138303,0,0,0,0,0.000299790146897172,0,0,0,0.00129909063655441,0,0,0,0,0,0,0,0.00279804137104027,0,0,0,0,0.000599580293794344,0,0,0,0,0.00199860097931448,0.00719496352553213,0,0,0,0,0,0.00109923053862296,0,0,0,0,0,0,0.01448985710003,9.9930048965724e-05,0,0,0,0,0,0,0,0,0,0,0,0,0.00399720195862896,0,0,9.9930048965724e-05,9.9930048965724e-05,0,0,0,0,0.000799440391725792,0,0.0078944738682922,0,0.0109923053862296,0,9.9930048965724e-05,0.00159888078345158,0,0,0,0.000599580293794344,0,0,0.000799440391725792,0,0.000899370440691516,0,0,0.0395722993904267,0,0,0,0.00309783151793744,0.000599580293794344,0.000299790146897172,0,0,0,0,0.00369741181173179,0,0,0.000299790146897172,0,0,0.00299790146897172,0,0,0,0.00369741181173179,0.0216848206255621,0,0,0,0,0.00139902068552014,0,0,0.00099930048965724,0,0,0,0,0,0.000399720195862896,0,0,0.0319776156690317,0,0,0,0,0,0.000299790146897172,0.152193464574798,0,0,0.00989307484760668,0,0,0,0,0,0.00699510342760068,0.00519636254621765,0,0,0,0,0.00489657239932048,0,0.000299790146897172,0,0,0.0124912561207155,0
0,0,0,0,0,0,0.00709645177411294,0.000299850074962519,0,0,0,0,0,9.99500249875062e-05,0.00619690154922539,0,0,0,0,0,9.99500249875062e-05,0.00239880059970015,0,0.00369815092453773,0,0.345627186406797,0,0,0.00289855072463768,0.00139930034982509,0,0,0,0.0237881059470265,0,0,0.000299850074962519,0.00909545227386307,0,0,0,0,0,0.00339830084957521,0,0.00499750124937531,0,0,0.0015992003998001,0,0,0,0,0,0,0,0,0,0.00149925037481259,0.000399800099950025,0,0,0,0,0,0,0.00349825087456272,0,0.00359820089955022,0,0,0,0,0,0,0.00879560219890055,0,0,0,0.000499750124937531,0,0,0,0,9.99500249875062e-05,0,0,0,0,0.0107946026986507,0.0629685157421289,0.00239880059970015,0.00289855072463768,0,0,0,0,0.000299850074962519,0,0,0,0.00419790104947526,0,0,0,0,0,0.116341829085457,0,0,0,0,0,0.00149925037481259,0,0,0,9.99500249875062e-05,0.00119940029985007,9.99500249875062e-05,0,0,0.00259870064967516,0.00189905047476262,0.0457771114442779,0,0,0,0,0,0.00189905047476262,0.000899550224887556,0,0,0,0.00419790104947526,0.000299850074962519,0,0,0,0,0,0,0,0,0.000299850074962519,0,0,0,0.0015992003998001,0,0,0,0,0,0,0,0,0,0,0,0,0,0,0,0,0,0,0,0,0,0,9.99500249875062e-05,0,0,0,0,0,0.00289855072463768,0,0,0,0,0,0,0,0.000199900049975012,0,0,0,0,0.000199900049975012,0.00139930034982509,0,0,0,0,0,0,0,0,0,0,9.99500249875062e-05,0,0,0,0,0,0.00349825087456272,0,0,0,0,0.000399800099950025,0,0.00369815092453773,0,0.0316841579210395,0,0,0,0,0,0,0,0,0,0,0,0,0,0,0,0,0,0,0,0,0,0,0,0,0,0,0,0.0015992003998001,0,0,0,0,0,0,0,0,0,0,0,0,0,0,0,0,0,0,0,0,0,0,0.00249875062468766,0,0,0.095552223888056,0,0,0,9.99500249875062e-05,0,0,0.144727636181909,0,9.99500249875062e-05,0.0136931534232884,0,0,0,0,0,0,0.00379810094952524,0,0,0,0,0,0,9.99500249875062e-05,0,0,0,0
0,7e-04,0,0,0,1e-04,0,0,0,0,0,0,1e-04,0,2e-04,1e-04,9e-04,1e-04,0,0,0,0,0,1e-04,0,0.2192,2e-04,0,0.0013,9e-04,0.0024,0,0,0,0,0,0,0.0045,0,0,1e-04,0,0,0,0,0,0.0111,6e-04,0,0,2e-04,0,0,0,0,0,0,0,0,0,1e-04,0,0,4e-04,0,0,0.0216,0,0,0,0.0038,4e-04,1e-04,0,0,2e-04,0,0,0,0.0036,0,0,0.0459,0,0,0.0011,0,0,0,0.002,0,0.0112,0,0,0,0,0,0,0,0,0,0,0,0,0,0.0015,0,0.1435,0,0,0,0,5e-04,6e-04,0,7e-04,0,0,0,0,0,0,0,4e-04,0.0023,0,0,0,0,0,0.0362,1e-04,0,0,0,0,2e-04,0,0,0,5e-04,0,0,0,0.0074,0,0.0019,0,0.004,0,0,0,2e-04,0,0.0065,0,0,0,0,0,0,0.0063,0,0,0,0,1e-04,0,0,0,0.0024,2e-04,3e-04,0,0,0,0.0031,0,0,1e-04,0,0,0,0,0.0035,0,8e-04,1e-04,0,0,0,0.0031,4e-04,4e-04,0,0,0,0.0379,0,0,0,0,0,0,0,0.0062,0.004,0,0,6e-04,0,0,0,0,0.0025,0.0051,0,0,0.0075,0,0,0,1e-04,0,0,0,0,0.0116,0,0,0.0043,0,0,0.027,9e-04,0,2e-04,1e-04,0,0.0089,0.0052,0,0,0,0,0.0033,0,0,0,0,0,5e-04,0.0017,3e-04,0.0024,0.0212,3e-04,9e-04,0.0016,0.0029,0,0,0,8e-04,0.0019,0,0,0,0,0.031,0,0.0034,0.0134,1e-04,0,0,0,0,0,0.1178,0,1e-04,0.0518,0,0.0512,0.0016,0,0,0,0.0028,0,0,1e-04,0,0,0.0011,7e-04,0,0,0.0045,0
0,0,0,0.000999700089973008,0,0,9.99700089973008e-05,0,0,0,0,0,0,9.99700089973008e-05,0.0207937618714386,0,0,0,0,0,0.00539838048585424,0.00379886034189743,0,0,0.000299910026991902,0.238228531440568,0,0,0,0.0200939718084575,0,0,0,0,0,0,0.00109967009897031,0,0,0,9.99700089973008e-05,0,0,0.00529841047685694,0,0.0904728581425572,0,0.000699790062981106,0,0,0,0,0,0,0,0,0,0,0,0.000499850044986504,0,9.99700089973008e-05,0,0,0,0,0,0,0,0,0.00209937018894332,0,0,0,0.151154653603919,0,0,0,0,0.00259922023392982,0.00229931020693792,0,0,0,0.010296910926722,0.00999700089973008,0,0,0,0.00459862041387584,0,0.00179946016195141,0,0.000199940017994602,0,0,0.0606817954613616,0,0.000899730080975707,0,0,0.00179946016195141,0,0.00259922023392982,0.00109967009897031,9.99700089973008e-05,0,0.0301909427171848,0,0,0,0,0,9.99700089973008e-05,0,0,0,0,0.0324902529241228,0,0,0,0,0,0.00589823053084075,0,0,0,0,0,0,0.000699790062981106,0,0,0.000499850044986504,0,0.00819754073777867,0,0,0,0,0,0.000199940017994602,0,0,0,0,0.00109967009897031,0,0,0.00219934019794062,0.000499850044986504,0,0,0,0,0,0,0,0.00129961011696491,0,0,0.00139958012596221,0,0,0,0,0,9.99700089973008e-05,0.000399880035989203,0.000799760071978406,0,0.00259922023392982,0,0,0,0,0.00119964010796761,0.017294811556533,0.00109967009897031,0,0,0,0,0.00409877036888933,0,0,0,0.00799760071978406,0,0,0.0124962511246626,0,0.000699790062981106,0,0,0,9.99700089973008e-05,0,0,0,0,0,0,0,0.00549835049485154,0,0,9.99700089973008e-05,0,0,0,0,0,0,0,0.00189943017094872,0,0.0613815855243427,0.000599820053983805,0,0,0.0141957412776167,0.000599820053983805,0,0,0,0,9.99700089973008e-05,0,0,0,0,0.00679796061181645,0,0.000399880035989203,9.99700089973008e-05,0,0,0.025592322303309,0,0.000399880035989203,0,0,0,0,0,0,0.000299910026991902,0.000399880035989203,0.00469859042287314,0,0,0,0,0,0,0.000499850044986504,0.00259922023392982,0,9.99700089973008e-05,0,0,0,9.99700089973008e-05,0,0,0,0,0,0,0,0.00499850044986504,0,0,0,9.99700089973008e-05,0.000199940017994602,0.00229931020693792,0.000699790062981106,0,0,0.06148155553334,0,0,0,0,0,0,0.00879736079176247,0,0,0,0,0.000799760071978406,0.000699790062981106,0.00149955013495951,0,0,0.0180945716285114,0
0,0,0,0,0,0,0,0,0,0,0,0,0,0,0.0032,1e-04,0,0,0,0,0,7e-04,0,0,0,0.1512,0,0,0.0011,3e-04,0.0105,0,0,0.0167,0,0,8e-04,0.0018,0,0,0,0,0,0,0,0.0178,0,0,0,0,1e-04,0,0,0,0,0,0,0,0,0,0,0,0,0,0,0,0.0016,0,0,0,0,0,0,0,0,0,0,0,0,0.001,0,0,0,0,0,2e-04,0,0,0,0.0194,0,0.0012,0.0063,0,0,0,0,0,0.0099,0,0,0.0035,0,0,0,0,0,0.0389,0,0,0,0.0116,0,0.0025,0,5e-04,0.003,0,0.0148,0,0.0114,0,0,0,0.0053,0,0,0,0,0,0.0538,0,0,0,0,0,0.0012,0,0,0,1e-04,0,0,0,0,0,3e-04,0,0.0028,0,0,0.0062,0,0,1e-04,0,0,0,0,0,0,0,0,0,0,0.0258,0,0,0,8e-04,0,0,1e-04,0,0.0042,0,0,0.0046,0,0,0,0,0,0,0,0,0,0,0.0011,0,0,0.0049,0,0,0,2e-04,6e-04,0.0056,0,0,0,0,0,0.0292,0.1448,0.0092,0,0,1e-04,0,0,0,0,0,0,0.0026,0,0,1e-04,0,0.0044,0,0,0,0,0,0,0,0,0,0.0022,0,0,0.0721,0,0,0,0,0,0,0,0,0.0349,0,0,0,0,0,0,0,0.0122,0,0,0,0.001,8e-04,5e-04,0,2e-04,0,0,0,0,0,0,0,0,0,0,0.0196,0,0,0.0232,0,0,0,0,0,5e-04,0.157,0,0,0.0041,0,0,0,0,0,4e-04,7e-04,0,0,0,0,0.0185,0,0,0.0093,0,0.0046,0
0,0,0,0,0,0,0,0,0,0,0,0,0,0,9.9930048965724e-05,0,0,0,0,0,0,0.00439692215449186,0,0.00139902068552014,0,0.109323473568502,0,0,0.00299790146897172,0.000399720195862896,0,0,0,0,0,0,0,0,0,0,0,0,0,0,0,0,0,0,0,0,0,0,0,0,0,0,0,0,0,0.00949335465174378,0,0,0,0,0,0,0.00219846107724593,0,0,9.9930048965724e-05,0.00049965024482862,0,0,0,0,0,0,0,0,0.0150894373938243,0,9.9930048965724e-05,0,0,0,0.000299790146897172,0,0,0,0,0,0.00509643249725192,0.00509643249725192,0,0,0,0.000699510342760068,0,0.00449685220345758,0,0,0.0070950334765664,0.000299790146897172,0,0,0,0,0.0498650944338963,0,0,0,0,0,0.0873388627960428,0,0.000699510342760068,0,0,0.0109923053862296,0,0,0,0,9.9930048965724e-05,0.105725991805736,0,0.0129909063655441,0,0,0,0,0,0,0,0,0,9.9930048965724e-05,0,0,0,9.9930048965724e-05,0,0,0,0,0,0.000799440391725792,0,0,9.9930048965724e-05,0.00829419406415509,0,0,0.00279804137104027,9.9930048965724e-05,0,0,0,0,0,0,0,0,0,0,9.9930048965724e-05,0,0,0.000199860097931448,0,0.000899370440691516,0,9.9930048965724e-05,0,0,0,0,0,0.0242830018986709,0,0,0,0,0,0.00139902068552014,0,0,0,0,0,0,0.0198860797441791,0,0,0,0,0,0,0,0,0,0,0,0.126111721794744,0,0.00899370440691516,9.9930048965724e-05,0,0,9.9930048965724e-05,0,0,0,0,0,0,0.0168881782752074,0,0,0,0,0.00589587288897772,0,0,0,0,0,0,0,0,0,0,0,0.202957929449385,0,0,0,0,0,0.000199860097931448,0,0,0,0,0.000399720195862896,0.000299790146897172,9.9930048965724e-05,0,0,0,0,0,0,0,0,0,0.000299790146897172,0,0,0,0.00119916058758869,0,0,9.9930048965724e-05,0,0,0,0,0,9.9930048965724e-05,0,0,0.00469671230138903,0,0,0,0,0,0,0.0653542520235835,0,0,0.0627560707504747,0,0,0,0,0.000299790146897172,0,0.00049965024482862,0,0,0,0,0,0,0.000299790146897172,0,0,0.00629559308484061,0
0,0,0,0,0,0,0,0,0,0,0,0,0,0,0.00039984006397441,0,0,0,0,0,0,9.99600159936026e-05,0,0.00039984006397441,0,9.99600159936026e-05,0,0,0.00079968012794882,0,0.0309876049580168,0,0,9.99600159936026e-05,0,0,0,9.99600159936026e-05,0,0,9.99600159936026e-05,0,0,0.00509796081567373,0,0,0,0,0,0,0,0,0,0,0,0,0,0.000299880047980808,0.000299880047980808,0.0167932826869252,0,0,0.000699720111955218,0,9.99600159936026e-05,0,0.0357856857257097,0,0,9.99600159936026e-05,0,0,0,0,0,0,0,0,0,0.00259896041583367,0,9.99600159936026e-05,0,0,0,0,0,0,0.000299880047980808,0,0,0.000999600159936026,0,0,0,0.000899640143942423,0,0,0.00119952019192323,0,0,0,0,0,0,0,0,0.454418232706917,0,0.0343862455017993,0,0,0,0,0.000899640143942423,0.000499800079968013,0,0.000199920031987205,0.0103958416633347,0,0.0100959616153539,0,0,0,0,0,9.99600159936026e-05,0,0,0,0.0332866853258697,0,0,0,0.00749700119952019,0,0,0,0,0,0.0156937225109956,0,0,0,0.0137944822071172,0,0.000899640143942423,0,0.00409836065573771,0.00919632147141144,0,0,0,0,9.99600159936026e-05,0,0,0,0.00039984006397441,0.00209916033586565,0,0,0,0.00639744102359056,0,0.0173930427828868,0,0.00209916033586565,0,0,0,0,0,0,0.00039984006397441,0,0,0,0.00169932027189124,0,0,0,0,0,0.00179928028788485,0,0,0,0,0,0.0157936825269892,0.00249900039984006,0.000199920031987205,9.99600159936026e-05,0,0,0,0.00949620151939224,0,0,0,0,0,0,0.0735705717712915,0.000899640143942423,0,0,0,0,0,0,0,0,0,0,0.00289884046381447,0,0,0,0.00149940023990404,0,0,0,0,0,0,0,0,0.00879648140743703,0,0,0,0.00189924030387845,0,0,0,9.99600159936026e-05,0,0.000899640143942423,0,0,0,0,0,0.000199920031987205,0,0,0,0,0,0,0.00039984006397441,0,0,9.99600159936026e-05,9.99600159936026e-05,0,0.000299880047980808,0,0.000599760095961615,0,0,0.000299880047980808,0,0,0,0,0.016593362654938,0.00229908036785286,0,0,0.00719712115153938,0,0,0,0,0,0.000299880047980808,0.118652538984406,0,0,0.00409836065573771,0,0,0,0,0,0.00369852059176329,0,0,0,0,0,0,0,0,0,0,0.000299880047980808,0
0,0,0,0,0,0,0.000299880047980808,0,0,0,0,0,0,0,0,0,0,0,0.00079968012794882,0.000499800079968013,9.99600159936026e-05,0.00039984006397441,0,0,9.99600159936026e-05,0.328368652538984,0,0,0.00649740103958417,0.0130947620951619,0.015593762495002,0,0,0.0220911635345862,0,0,0,0.000599760095961615,9.99600159936026e-05,0,0,0,0,0,0,0.0173930427828868,0,0,0,0,0,0,0,0,0.00039984006397441,0,0,0,0,0,0,0,0,0,0,0,0.00179928028788485,0,0,0,0,0.000299880047980808,0,9.99600159936026e-05,0,0,0,0,0,0,0,0,0.00719712115153938,0,9.99600159936026e-05,0.00329868052778888,0,0,0,0.000299880047980808,0,0,0,0,0,0,0,0,0.000699720111955218,0,0,0.00079968012794882,0,0,0,0,0,0.0403838464614154,0,0,0,0,0,0.00269892043182727,0,0,0,0,0.0519792083166733,0.000199920031987205,0,0,0,0.000199920031987205,0.00969612155137945,0,0,0,0,0,0.000299880047980808,0.000199920031987205,0,0,0,0,0.0334866053578569,0,0,0,0,0,0,0,0,0,0.000599760095961615,0.000199920031987205,0,0,9.99600159936026e-05,0,0,0.00479808076769292,0,0,0,0,0,0,0,0,0.00039984006397441,9.99600159936026e-05,0,0,9.99600159936026e-05,0,0,0.00139944022391044,0,0,0.00309876049580168,0,0,0,0,9.99600159936026e-05,0,0.00039984006397441,0,0,0,0,0.000199920031987205,0,0,0,0,0,0,0.00329868052778888,9.99600159936026e-05,0,0.00429828068772491,0,0,0,0,0,0,0,0,0.000499800079968013,0,0.00429828068772491,0,0,0,0.000199920031987205,0,0,0,0.000199920031987205,0,0,0.00819672131147541,0,0,0.00039984006397441,0,0,0,0,0,0,0.00079968012794882,0,0.00149940023990404,0,9.99600159936026e-05,0,0,0.0037984806077569,0,0,0,0,0,0.0948620551779288,0,0,0,0,0,0,0,0,0,0,0.0037984806077569,0,0,0,0,0,0,0,0,0.000599760095961615,0,0,0,0.000299880047980808,0,0,0,0,0,0.229108356657337,0.00489804078368653,0.000499800079968013,0.032686925229908,0,0,0,0,0,0,0.00199920031987205,0,0,0.00919632147141144,0,0,0,0,0,0,0.00039984006397441,0,0,0,0,9.99600159936026e-05,0,0.00579768092762895,0,0,0.0164934026389444,0
0,0,0,0,0,0,9.99600159936026e-05,0.00079968012794882,0,0,0.000199920031987205,0,0,0.017093162734906,0,0,0.00039984006397441,0,0,0,0.000899640143942423,0.00189924030387845,0,9.99600159936026e-05,0,0.0600759696121551,0,0,0.00369852059176329,0.000899640143942423,0.00689724110355858,0.00569772091163535,0,0.00329868052778888,0,0,0,0.00349860055977609,0,0,0,0,0,0.00419832067173131,0,0.0213914434226309,0,0,0,0,0.000299880047980808,0,0,0,0.00209916033586565,0,0,0,9.99600159936026e-05,0.00079968012794882,9.99600159936026e-05,0.00429828068772491,9.99600159936026e-05,0,0.000299880047980808,0,0.0175929628148741,0,0,0.0290883646541383,0,0,0,0,0.00179928028788485,0,0,0,0,0.00319872051179528,0,0,0.0103958416633347,0,0,0,0,0,0,0.00999600159936026,0.000999600159936026,0.000699720111955218,0,0,0,0,0,0,0.00749700119952019,0,0,0,0,0,0,0,0.00489804078368653,9.99600159936026e-05,0,0.00269892043182727,0,0,0,0,0,0,0.0237904838064774,9.99600159936026e-05,0.00139944022391044,0,0,0,0,0,0.00149940023990404,0,0,0,9.99600159936026e-05,0.000299880047980808,0.0709716113554578,0.0838664534186326,9.99600159936026e-05,0,0,0,0,0,0,0,9.99600159936026e-05,9.99600159936026e-05,0,0,0,0,0.00109956017592963,0,0.00269892043182727,9.99600159936026e-05,0,0,0,0,9.99600159936026e-05,0,0,0,0.00039984006397441,0.00449820071971212,0,0,0,0.0586765293882447,0,0,9.99600159936026e-05,0,0,0,0.00039984006397441,9.99600159936026e-05,0.149540183926429,0,0,0,0.00209916033586565,0.00869652139144342,0.000499800079968013,9.99600159936026e-05,0,0,0,0.000599760095961615,0.000199920031987205,0,0,0,0,0,0,0.00899640143942423,0,0.000299880047980808,0,0,0.0236905237904838,0.00269892043182727,0,0.0100959616153539,0,0,0,0.00109956017592963,9.99600159936026e-05,0,0,0,0,0,0,0,0,0,0.000199920031987205,0.00159936025589764,0.0130947620951619,0,0,0,0.00229908036785286,0.0208916433426629,0,0,0,0.00209916033586565,0,0,0,0.00689724110355858,0,0,0,0.0385845661735306,0,0,0,0,0,0,0,0,0.00129948020791683,0.000599760095961615,0,0.000299880047980808,0,0,0,0,0,0.000199920031987205,0.00119952019192323,0,0.00039984006397441,9.99600159936026e-05,0,0,0.00039984006397441,0,9.99600159936026e-05,0,0,0.000699720111955218,0,0,0,9.99600159936026e-05,9.99600159936026e-05,0.00039984006397441,0.000599760095961615,0,0.0410835665733707,0,0,0,0,0,0.000199920031987205,0.150339864054378,0,0,0.00649740103958417,0,0,0,0,0,0.000699720111955218,0.00339864054378249,0,0,0,0,0.0117952818872451,0,0.00039984006397441,0,9.99600159936026e-05,0.00569772091163535,0.000199920031987205
0,0,0,0,0,0,9.99800039992002e-05,0,0,0,0,0,0,0,0,0,0,0,0,0,0.0125974805038992,0.0015996800639872,0,0,0,0.167866426714657,0,0,0.0002999400119976,0,0.0450909818036393,0.0321935612877425,0,0.0001999600079984,0,0,0,0,0,0,0,0,0,0,0,0.0185962807438512,0,0,0,0,0,0,0,0,0,0,0,0,0,0.0386922615476905,0,0,0,0,0,0,0.0853829234153169,0,0,0.00449910017996401,0,0,0,0.00999800039992002,0,0,0,0,0,0.00709858028394321,0,0,0,0,0,0,0,0,0,0.000599880023995201,0,0,0.000399920015996801,0,0,0.0002999400119976,0,0,0.0021995600879824,0,0,0,0,0,0.000399920015996801,0,0,0.102879424115177,0,0,0,0,0,0.0023995200959808,0,9.99800039992002e-05,0.0010997800439912,0,0.0444911017796441,9.99800039992002e-05,0.00569886022795441,0,0.0002999400119976,0,0.0016996600679864,0,0,0,0,0,0.0688862227554489,0.0188962207558488,0,0,0,0.000599880023995201,0,0,0,0,0,0,0,0,0,0,0,0,0,0.0001999600079984,0,0,0,0,0,0,0,0,0,0.00329934013197361,0,0,0,0.00329934013197361,0,0,0,0,0,0,0,0.0001999600079984,0.000499900019996001,0,0,0,0.00809838032393521,0.0023995200959808,0.028494301139772,0,0,0,0,0,0,0,0,9.99800039992002e-05,0,0,0,0.00399920015996801,0,0,0,0,0.000499900019996001,0,0,0,0,0,0,0.0386922615476905,0,0,0,0,0.000599880023995201,0,0,0,0,0,9.99800039992002e-05,0,0.00759848030393921,0,0,0.0001999600079984,0,0,0,0,0,0,0,0.0127974405118976,0.0031993601279744,0.00559888022395521,0.00609878024395121,0,0,0,0,0,0,0,0,0,0,0,0.0461907618476305,0,0,0,0,0,0,0,0.0131973605278944,0,0,0,0,0,0,0,0,0,0,0,0,0,0,0,0,0,0,0.000499900019996001,0,0.0112977404519096,0.00349930013997201,0,0.0011997600479904,0,0,0,0,0.0595880823835233,0,0,0.0368926214757049,0,0,0,0,0,0,0,0,0,0,0,0.00559888022395521,0,0,0,0,0.0207958408318336,0
0,0,0,0,0,0,9.99500249875062e-05,0,0,0,0,0,0,0,0.00599700149925037,0,0.00359820089955022,0.000399800099950025,0,0.00109945027486257,0,0.00489755122438781,0,0.000299850074962519,0,0.0592703648175912,0,0,0.000899550224887556,0.0119940029985007,0,0,0,0.00139930034982509,0,0,0.0171914042978511,0.0186906546726637,0,9.99500249875062e-05,0,0,0,0,0,0.0079960019990005,0,0,0,0,0.00739630184907546,0,0,0,0.00379810094952524,0,0,0,0,0.023288355822089,0,0,0,0,0,0,0.00519740129935032,0,0,0.00199900049975012,0.00969515242378811,0,0,0,0,0,0,0,0,0.0259870064967516,0.00119940029985007,0,0.000499750124937531,0,0,0,0,0,0,0.00979510244877561,0,0.00569715142428786,0.0126936531734133,0,0,9.99500249875062e-05,0,0,0.000699650174912544,0,0,9.99500249875062e-05,0,0,0,0.00139930034982509,0,0.00279860069965018,0.000199900049975012,0.0415792103948026,0,0,9.99500249875062e-05,0,0,0.000499750124937531,0.0107946026986507,0,0.0218890554722639,0,0.0103948025987006,0,0.000499750124937531,0,0,0,0,0,0,0,0.0676661669165417,0.00349825087456272,0,0,0,0,0.000399800099950025,0.000299850074962519,0,0,9.99500249875062e-05,0.000299850074962519,0,0,0,0,0,0,0.00359820089955022,0.000199900049975012,0,0,0,0,0.00119940029985007,0,0.00269865067466267,0,0,0.00119940029985007,0,0,0,9.99500249875062e-05,9.99500249875062e-05,0,0,0.00249875062468766,0,0,0,0.000199900049975012,0,0,0,0,0.0119940029985007,0.0440779610194903,0,0,0,0,0,0,0,0.00289855072463768,0,0,0,0,0,0.00929535232383808,0,0,0,0.000199900049975012,0,0,0,0.0573713143428286,0,0.0015992003998001,0,0,0,0.000199900049975012,0,0.00109945027486257,0,0.00119940029985007,0,0,0,0.00119940029985007,0.000399800099950025,0,0.00459770114942529,0,0.0365817091454273,0,0,0,0,0,0.00199900049975012,0,0,0.0142928535732134,0,0.00199900049975012,0,0,0,0.00179910044977511,0.00259870064967516,0,0,0.00169915042478761,0,0,0,0,0,0,9.99500249875062e-05,0,0,0,0,0,0,0,0,0,0.00109945027486257,0.00079960019990005,0.000299850074962519,0,0.000499750124937531,0.0181909045477261,0,0,0,9.99500249875062e-05,0,0,0,0,0,0.00329835082458771,0,0.00919540229885057,0.0114942528735632,0,0,0.000399800099950025,0,0,0.000399800099950025,0.278060969515242,0,0.000299850074962519,0.0250874562718641,0,0.000899550224887556,0,0,0,0,0.00979510244877561,0,0,0,0,0.015592203898051,0,0.00219890054972514,0,0,0.00879560219890055,0
0,0,0,0,0,0,0.00189943017094872,9.99700089973008e-05,0,0,0,0,0,0.0166949915025492,0.00159952014395681,0,0,0,0,0,0,0,0,0,0,0.0483854843546936,0,0,0.00359892032390283,0,0,0,0,0.0111966410076977,0,0.0175947215835249,0.000799760071978406,0.000999700089973008,0,0,0,0,0,0.00179946016195141,0,0.00769769069279216,0,0,0,0,0,0,0,0,0,0,0,0.000999700089973008,0,0,0,0.00279916025192442,0,0,0,0,0.0131960411876437,0,0,0.0208937318804359,0,0,0,0,0,0,0,0,0.000199940017994602,0,0,0,0,0,0.00389883035089473,0,0,0,0,0.00609817054883535,0.0106967909627112,9.99700089973008e-05,0,0,0,0,0,0,0.00799760071978406,0,0,0,0,0,0,0,0.00759772068379486,0.00469859042287314,0,0.00759772068379486,0,0,0,9.99700089973008e-05,0,0,0.00809757072878137,0,0.00109967009897031,0,0.00379886034189743,0,0,9.99700089973008e-05,0.00249925022493252,0,0,0,0,0,0.0457862641207638,0.0158952314305708,0,0,0,0,9.99700089973008e-05,0,0,0,0,0,0,0,0,0,0.00259922023392982,0,0.00179946016195141,0,0,0,0,0,9.99700089973008e-05,0,0,0,0,0,0,0,0,0.081075677296811,0,0,0,0,0,0,0,9.99700089973008e-05,9.99700089973008e-05,0,0,0,0,0.012296311106668,0,0,0,0,0,0,0,0,0,0,0,0,0,9.99700089973008e-05,9.99700089973008e-05,0,0,0,0.0202939118264521,0.00639808057582725,0,0,0,0,0,0,0,0,0,0,0.000399880035989203,0.0125962211336599,0,0,0,0,9.99700089973008e-05,0,0.00329901029691093,0,0,9.99700089973008e-05,0,0,0,0,0,0,0,0,0.00229931020693792,0.00469859042287314,0.00189943017094872,0,0,0.165850244926522,0,0,0,0,0,0,0,0,0.0562831150654804,0,0,0,0,0,0,0,0.0183944816555034,0,0.00139958012596221,0,9.99700089973008e-05,0,0,0,0,0,0,0,0,0.000299910026991902,0,0.000199940017994602,0,0,9.99700089973008e-05,0.0966709987003899,0.000399880035989203,0,0.0649805058482455,0,0,0,0,0,0.00299910026991902,0.129761071678496,0,0,0.0147955613316005,0,0,0,0,0,0.00309907027891633,0,0,0,0,0.000199940017994602,0.0145956213136059,0,0.000699790062981106,0,0,0.00219934019794062,0
0,0,0,0.000199780241734093,0,0,9.98901208670463e-05,0,0,0,0,0,0,0.00349615423034662,0.000399560483468185,0,0,0,0,0,0,0,0,0,0,0.140545400059934,0,0,0.00889022075716712,0,0,0,0,0.012985715712716,0.00819098991109779,0,0.00309659374687843,0,0,0,9.98901208670463e-05,0,0,0,0,0,0,0,0,0,0,0,0,0,0,9.98901208670463e-05,0.000199780241734093,0,0,0.0334631904904605,0,0.0119868145040456,9.98901208670463e-05,0,0,0,0,0,0,0,0.00179802217560683,0,0,0,0.154829687343922,0,0,0,0,0,0.00119868145040456,0.000399560483468185,0.0162820897013285,9.98901208670463e-05,0,0,0.000299670362601139,0,0,0.00289681350514434,0,0.00199780241734093,0.000599340725202278,0,0,0.000499450604335231,0,0,0,0,0,0.000199780241734093,0,0,0,0.000499450604335231,9.98901208670463e-05,0.0263709919089002,0,0,0,0,0,0,0,0,0.00209769253820797,0,0,0,0.00219758265907502,0,0,0,0,0,0,0,0,0,0,0.0203775846568774,0,0.00509439616421936,0,0.000199780241734093,9.98901208670463e-05,0,0,0,0,0,0,0,0,0,0.00209769253820797,0,0,0,0,0,0,0,9.98901208670463e-05,0,0,0,0,0,0,0,0,0,0,0,0,0.00219758265907502,0,0,0,0,9.98901208670463e-05,0,0,0,0.00379582459294776,0,0,0,0,0.00789131954849665,0,0,0,9.98901208670463e-05,0,0,0,0,0,0,0,0,0,9.98901208670463e-05,0,0.0449505543901708,0,0,0,0,0,0.00189791229647388,0,0,0,0,0,0,0,0,0,0,0,0,0.0142842872839876,0.0012985715712716,0,0.000199780241734093,0,0.0226750574368195,0,0.000199780241734093,9.98901208670463e-05,0,0,0,0,0.0184796723604036,0,0,0,0.0144840675257217,0,0,0,9.98901208670463e-05,0,0,0,0,0.0233742882828888,0,0,0,0,0,0,0,0.00569373688942164,0,0.00209769253820797,0,0,0,0,0,0,0,0,0,0,0,0,9.98901208670463e-05,0,0,0,0.0377584656877435,0,0,0.0429527519728299,0,9.98901208670463e-05,0,0,9.98901208670463e-05,0.000199780241734093,0.262211567275996,0,0,0,0,0,0,0,0.000299670362601139,0.0179802217560683,0,0,0,0,0,0,0,0,0,0,0.0100889022075717,0
0,0,0,0,0,0,0.0021997800219978,0,0,0,0,0,0.0003999600039996,0,0,0,0,0,0,0,0,0,0,0.000999900009999,0,0.0226977302269773,0,0,0.0014998500149985,0.0002999700029997,0.008999100089991,0,0,0,0,0,0.0217978202179782,0.107889211078892,0.0001999800019998,0,0,0,0,0,0,0.0441955804419558,0,0,0,0,0.0002999700029997,0,0,0,0,0,0,0,0,0,0,0,0,0,0,0,0.0024997500249975,0,0.0002999700029997,0,0,0,0,0,0,0.0036996300369963,0,0,0,0.095990400959904,0,0,0.0018998100189981,0,0,9.99900009999e-05,0.026997300269973,0.0001999800019998,0,0,0,0.0003999600039996,0.0004999500049995,0,0,0,0,0,0,0,0,0,0,0,0,0,0,0.213178682131787,0,0.0105989401059894,0,0,0,0.0065993400659934,0,0.0012998700129987,0,0,0,0,0,0,0.0005999400059994,0.0004999500049995,0.0188981101889811,0,0,0,0,0,0,0,0,0,0,0,0.001999800019998,0.0003999600039996,0,0,0.0001999800019998,0,0,0,0,0,0,0,0,9.99900009999e-05,0,0,0.0001999800019998,0,0.000999900009999,0,0,0,0,0.0073992600739926,0,0,0,0,0,0,0,0,0,0,0,0.0003999600039996,9.99900009999e-05,0,0,0,0,0,0,0,0,0,0,0.0003999600039996,0,0,0,0,0,0,0,0.0263973602639736,0,0,0,0,0,0,0,0,0,0,0,0,0,0,0,0.0014998500149985,0,0.001999800019998,0,0,0,0,0,9.99900009999e-05,0,0,0.011998800119988,0,0,0,0,0,0,0,0,0,0,0,0,0,0,0,0,0,0,0,0,0.0021997800219978,0,9.99900009999e-05,0,0,0.0001999800019998,0,9.99900009999e-05,0,0,0,0,0,0,0,0.0076992300769923,0.0001999800019998,0.0004999500049995,0,0,0,0,0,0,0.000999900009999,9.99900009999e-05,0,0,0,0,0.0001999800019998,0,0,0.0013998600139986,0,0,0,0,0,0,0.253074692530747,0,9.99900009999e-05,0.0771922807719228,0,0.0001999800019998,9.99900009999e-05,0,9.99900009999e-05,0,0,0,0,0,0,0,0.0004999500049995,0.0050994900509949,0,0,0,0
0,0,0,0,0,0,0,0,0,0,0,0,0,0,0.000899820035992801,0,0,0,0,0,0,0,0,0,0,0.356328734253149,0,0,0,0,0,0,0,0,0,0,0,0,0,0,0,0,0,0,0,0,0,0,0,0,0,0,0,0,0,0,0,0,0,0,0,0,0,0,0,0,0.0791841631673665,0,0,0,0,0,0,0,0,0,0,0,0,0,0,0,0,0,0,0,0,0,0,0,0,0.00689862027594481,0.00379924015196961,0,0,0.00569886022795441,0,0,0,0,0,0,0,0,0,0,0,0.288242351529694,0,0.0764847030593881,0,0,0,0,0,0,0,0,0,0,0,0,0,0,0,0,0.00849830033993201,0,0,0,0,0,0,0,0,0,0.0002999400119976,0,0,0,0.0112977404519096,0,0,0,0,0,0,0,0,0,0,0,0,0,0.0002999400119976,0,0,0,0,0.00389922015596881,0,0,0,0,0,0,0,0,0,0,0.0012997400519896,0,0,0,0,0,0,0,0,0,0,0,0,0,0,0,0,0,0,0,0,0,0,0,0,0,0,0,0,0,0,0,0,0,0,0,0,0,0,0,0,0,0,0,0,0,0.0243951209758048,0,0,0,0,0,0,0,0,0,0,0,0,0,0,0,0,0.0355928814237153,0,0,0,0,0,0,0,0,0,0,0,0.0027994401119776,0,0,0,0,0,0,0,0,0,0,0.00359928014397121,0,0,0,0,0,0,0,0,0,0,0,0,0.0027994401119776,0,0,0.0001999600079984,0,0,0,0,0,0,0.0411917616476705,0,0,0.0311937612477504,0,0,0,0,0,0,0.0025994801039792,0,0,0,0,0,0,0,0,0,0.0124975004999,0
0,0,0.0002999400119976,0,0,0,0.000999800039992002,0,0,0,0,0,0,0,0.000699860027994401,9.99800039992002e-05,0,0,0,0,0,0,0,0.00839832033593281,0,0.278544291141772,0,0,0.00849830033993201,0,0,0,0,0.0022995400919816,0,0.0028994201159768,0.000699860027994401,0.0311937612477504,0,0,0,0,0,0,0,0.000999800039992002,0,0,0,0,0,0,0,0,0,0,0,0,0,0,0,0,9.99800039992002e-05,0,0,0,0.0017996400719856,0,0.000399920015996801,0.0215956808638272,0,0,0,0,0,0,0,0,0,0.00589882023595281,0,0,0.0001999600079984,0,0,0.000499900019996001,0.0013997200559888,0,0,0.00429914017196561,0.00359928014397121,0.00249950009998,0.000499900019996001,0,0,0.0026994601079784,0,0,0.000599880023995201,0,0,9.99800039992002e-05,0,0,0,0,0,0.0016996600679864,0,0.0022995400919816,0,0,0,0,0.0001999600079984,0,0.000999800039992002,9.99800039992002e-05,0.0015996800639872,0,0,0,0,0.000399920015996801,0.001499700059988,0,0,0,0,0,0.0416916616676665,0.0023995200959808,0,0,0,0,0.0011997600479904,0,0,0,9.99800039992002e-05,0.0002999400119976,0,0,0,0,0,0,0.0016996600679864,0,0,0,9.99800039992002e-05,0,9.99800039992002e-05,0,0,0,0,0,0.00509898020395921,0.00739852029594081,0,0,0,0,0,0,0,0,0,0,9.99800039992002e-05,0,9.99800039992002e-05,0,0,0,0,0,0,0,0,0,0,0,0,0,0,0,0,0.00819836032793441,0,0,0,0,0,0.00939812037592481,0,0,0,0,0,0,0.020495900819836,0,0,0,0.0001999600079984,0.0031993601279744,0,0,0,0,0.000599880023995201,0.0021995600879824,0,0,0.00689862027594481,0,9.99800039992002e-05,0.00249950009998,0,0,0,0.00249950009998,0,0,0.0026994601079784,0,0.00609878024395121,0,0,0.014497100579884,0,0,0,9.99800039992002e-05,0,0.0013997200559888,0,0,0.0187962407518496,0,9.99800039992002e-05,0,0,0,0,0,0.0280943811237752,0,0,0,0.000499900019996001,9.99800039992002e-05,0.000699860027994401,0,0.0015996800639872,0,0,0,0,0.000399920015996801,0,0.0001999600079984,0,0,0,0.0111977604479104,0,0,0.0196960607878424,0,0,0,0,0,0.0002999400119976,0.359328134373125,0,0,0.0012997400519896,0,0,0.000999800039992002,0,0,0.0156968606278744,0,0,0,0,0,0.000599880023995201,0,0,0,0,0.00839832033593281,0
0,0,0,0.00559832050384884,0,0,9.99700089973008e-05,0,0,0,9.99700089973008e-05,0,0.000599820053983805,0,0.000299910026991902,0.000399880035989203,0,9.99700089973008e-05,0,0,0.000399880035989203,0.00249925022493252,0,0.000299910026991902,9.99700089973008e-05,0.257222833150055,0,0,0.000299910026991902,0.000499850044986504,0.0154953513945816,0,0,0,9.99700089973008e-05,0,0.000599820053983805,0.00349895031490553,0,0,9.99700089973008e-05,0,9.99700089973008e-05,0,0,0,0,0.000799760071978406,0,0,0.000699790062981106,0,9.99700089973008e-05,0,0,0,0,0,0,0.0178946316105168,0,0.00119964010796761,9.99700089973008e-05,0.000299910026991902,0,0,0.00699790062981106,9.99700089973008e-05,0.0107967609717085,0,0.00109967009897031,0,0,0.000499850044986504,0,0.000799760071978406,9.99700089973008e-05,0,0,0.00699790062981106,9.99700089973008e-05,0.000599820053983805,0,0,0.000299910026991902,0,0,0,0,0.00289913026092172,9.99700089973008e-05,0.000499850044986504,0.000399880035989203,0,0,0,0,0,0,0.000199940017994602,0,0,0,0,0,0,0,0.0668799360191942,0,0,0.000799760071978406,9.99700089973008e-05,0,0.00489853044086774,0,0,0,0,0.00309907027891633,0,0,0,0,0,0.00819754073777867,0,0,0,0,0.00289913026092172,0,0.000599820053983805,0.00559832050384884,0,0,0,0.00239928021593522,0,0.00609817054883535,0,0.00139958012596221,0.000799760071978406,0,9.99700089973008e-05,0,0,0.00529841047685694,0,9.99700089973008e-05,9.99700089973008e-05,0,9.99700089973008e-05,0.000399880035989203,0,9.99700089973008e-05,0,0.00159952014395681,0,0,0.00319904028791363,0,0.000699790062981106,0,0,0,0,0,9.99700089973008e-05,9.99700089973008e-05,9.99700089973008e-05,0,0,0,0,0,0,0.000299910026991902,0.000599820053983805,0,0.000299910026991902,0,0,0,0,0,0.000399880035989203,9.99700089973008e-05,0,0.000299910026991902,0,0,0.00279916025192442,0,0,0.00199940017994602,0,0,0,9.99700089973008e-05,0.000299910026991902,0,0,0,0.00839748075577327,9.99700089973008e-05,0.0148955313405978,0,0,0.000399880035989203,9.99700089973008e-05,0,0,0,0,0.00109967009897031,0,0,0.000599820053983805,0,0,0.00929721083674898,0,9.99700089973008e-05,0.00109967009897031,0,0,0,0,0.00259922023392982,0,0.0114965510346896,0,0,0.0906727981605518,0,0,0.000399880035989203,0,0,0.0646805958212536,0,0,0.00949715085474358,9.99700089973008e-05,0.00139958012596221,0.0239928021593522,0,0.000699790062981106,9.99700089973008e-05,0,0,0,0,0,0.00169949015295411,0.000599820053983805,0.00659802059382185,0,0.000699790062981106,0.00169949015295411,0.000199940017994602,0.00219934019794062,0,0,0.0144956513046086,0,0.000199940017994602,0,0,0.053184044786564,0,0,0,0.107067879636109,0.00209937018894332,0,0,0,9.99700089973008e-05,0.0975707287813656,9.99700089973008e-05,0,0,0,0,0,0,9.99700089973008e-05,0.00149955013495951,0.00229931020693792,0,0,9.99700089973008e-05,0,0,0,0.000799760071978406,0,0,0,0
0,0,0,0,0,0,0,0,0,0,0,0,0.000799840031993601,0,0,0,0.0231953609278144,0,0,0,0,0,0,0,0,0,0,0,0.0523895220955809,0.10627874425115,0,0,0,0,0,0,0.0130973805238952,0,0,0.0013997200559888,0,0,0,0,0,0,0,0,0,0,0,0.0191961607678464,0,0,0,0,0.000399920015996801,0.000399920015996801,0,0,0,0,0.000899820035992801,0,0,0,0,0.000399920015996801,0,0,0,0,0,0,0,0,0,0,0,0,0,0,0,0,0,0,0,0,0.000599880023995201,0,0,0.00539892021595681,0.0016996600679864,0,0,0.00889822035592881,0,0,0,0.0171965606878624,0,0,0,0,0,0,0,0,0,0,0,0,0,0,0,0.000399920015996801,0,0.0012997400519896,0.10247950409918,0,0,0,0,0.105278944211158,0,0,0,0,0,0,0,0,0,0.0011997600479904,0,0,0.000899820035992801,0,0,0,0.0020995800839832,0,0,0,0,0.0023995200959808,0.0911817636472705,0,0,0,0,0,0.0576884623075385,0,0,0,0.0185962807438512,0,0,0,0,0,0,0,0,0,0,0,0,0,0,0,0,0,0,0,0,0,0,0,0,0,0,0,0,0,0,0,0,0,0,0,0.000899820035992801,0,0,0.0018996200759848,0,0,0,0,0,0,0,0,0,0,0,0.00579884023195361,0,0.00579884023195361,0,0,0,0,0,0,0.147770445910818,0,0.0011997600479904,0,0.0685862827434513,0,0,0,0,0,0,0,0,0,0,0,0,0,0,0,0,0,0,0,0,0,0,0,0,0.0111977604479104,0,0,0,0,0,0,0,0,0,0,0,0,0,0,0,0,0,0,0,0,0,0,0,0.0833833233353329,0,0,0,0,0.00699860027994401,0,0,0,0,0,0,0.000699860027994401,0,0,0,0,0,0.000599880023995201,0,0,0,0,0,0,0.0198960207958408,0,0.00949810037992401,0,0,0,0
0,0,0,0,0,0,9.98901208670463e-05,0,0,0,0,0,9.98901208670463e-05,0,9.98901208670463e-05,0.000299670362601139,0.000399560483468185,0,0,0,0.00589351713115573,0.00289681350514434,0,0.000199780241734093,0,0.329237838377784,0,0,0.000998901208670463,9.98901208670463e-05,0.000299670362601139,0,0,0.00839077015283188,0,0,0.000399560483468185,0.0100889022075717,0,0,0,0,0,0,0,0.00369593447208071,0,0.000399560483468185,0,0,9.98901208670463e-05,0,0,0,0.000199780241734093,0,0,0,0,0.019378683448207,0,0,9.98901208670463e-05,9.98901208670463e-05,0,0,0.0181800019978024,0,0,0,0.00159824193387274,0,0,0.00849066027369893,0.0606333033662971,0.000199780241734093,0,0,0,0.00199780241734093,0,0,0.0203775846568774,0,0,9.98901208670463e-05,0.0209769253820797,9.98901208670463e-05,0,0,0.000399560483468185,0.000699230846069324,9.98901208670463e-05,0,0.0040954949555489,0.000599340725202278,0.000399560483468185,9.98901208670463e-05,0.00149835181300569,0,0,0.0012985715712716,0,0,0,0.000399560483468185,0.00709219858156028,0.00269703326341025,0,0,0,0,0,0,0,0,0,9.98901208670463e-05,0.0219758265907502,0,0,0,0.00139846169213865,0,9.98901208670463e-05,0,0,0,0,0,0.032364399160923,0.0349615423034662,0,0.00269703326341025,0,0,9.98901208670463e-05,0.000399560483468185,0,0,0.000899011087803416,9.98901208670463e-05,0,9.98901208670463e-05,0,0,0.0038957147138148,0,0,0,0.0102886824493058,0.00289681350514434,0.00299670362601139,0,9.98901208670463e-05,0,0,0,0,0.0125861552292478,0,0.00429527519728299,0,9.98901208670463e-05,0,0,0,0,0,0,0.00079912096693637,9.98901208670463e-05,9.98901208670463e-05,0,0,0,0.00209769253820797,0.00569373688942164,0,9.98901208670463e-05,0,0.00209769253820797,0,0.000299670362601139,0.00139846169213865,0,0,0,0.00159824193387274,0,0,0.00139846169213865,9.98901208670463e-05,0,0,9.98901208670463e-05,0.0040954949555489,0.00239736290080911,0,0,0,0,0,0,9.98901208670463e-05,0.00189791229647388,0,0,0,0.00079912096693637,0,0,0,9.98901208670463e-05,0.00079912096693637,0,0.00149835181300569,0.00149835181300569,0.00869044051543302,0,0,0,0.000499450604335231,0,0,0,0,0,0,0.00179802217560683,0,0.000199780241734093,0,0.0291679152931775,9.98901208670463e-05,0,9.98901208670463e-05,9.98901208670463e-05,9.98901208670463e-05,9.98901208670463e-05,0,0,0.0119868145040456,0,0.000199780241734093,0,0,0,0,0,0.000199780241734093,0,0.00119868145040456,0,0,0.000199780241734093,0.00209769253820797,0,0,0.00239736290080911,0.000499450604335231,0,0,0.000199780241734093,0.0223753870742184,0,0,0,0,9.98901208670463e-05,0,0.0040954949555489,0.00429527519728299,0,0,0,0,9.98901208670463e-05,0.00159824193387274,0.137748476675657,0,0,0.0557386874438118,0,0,0,0,9.98901208670463e-05,0,0.000499450604335231,0,0,0,0,0.0053940665268205,9.98901208670463e-05,9.98901208670463e-05,0,0,0.00879033063630007,0.00219758265907502
0,0,0,0,0,0,0,0,0,0,0,0,0,0,0.000999900009999,0,0.0016998300169983,0,0,0,0,0.004999500049995,0,0,0,0.282571742825717,0,9.99900009999e-05,0.0011998800119988,0.0018998100189981,0.038996100389961,0,0,0.015998400159984,0,0,0.0007999200079992,0,0,0,0,0,0,0,0,0.027997200279972,0,0,0,0,0,0,0,0,0,0,0,0,0,0.0108989101089891,0,0,0,0,0,0,0.0221977802219778,0,0,0,0,0,0,0.000999900009999,0,0,0,0,0,0,0,0,0,0,0,0,0,0,0,0.0082991700829917,0.0420957904209579,0,0,0,0,0,0.0002999700029997,0,0,0,0,9.99900009999e-05,0,0,0,0,0,0.0300969903009699,0,0,0,0,0,0.0008999100089991,0,0,0,0,0.0172982701729827,0,0.0062993700629937,0,0,0,0.0038996100389961,0.0031996800319968,0,0,0,0,0.0837916208379162,0.0011998800119988,0,0,0,0,0,0,0,0,0,0,0,0,0,0,0,0,0.0023997600239976,0,0,0,0,0,0,0,0,0,0,0,0,0,0,0,0,0,0,0,0,0.0001999800019998,0,0.0020997900209979,0,0,0,0,0,0,0,0,0,0.0011998800119988,0,0,0,0,0,0,0,0.0017998200179982,0,0.0088991100889911,0.0001999800019998,0,0,0,0.0095990400959904,0.0118988101189881,0,0,0,0,0,0.057994200579942,0,0,0,0,9.99900009999e-05,0,0.007999200079992,0,0,0,0.0017998200179982,0.0068993100689931,0,0,0.0014998500149985,0,0,0,0,0,0,0,0,0,0,0.0116988301169883,0,0,0,0.0048995100489951,0,0,0,0.0027997200279972,0,9.99900009999e-05,0,0,0,0,0,0,0,0,0,0,0,0,0,0,0,0,0,0,0.0004999500049995,0,0,0,0,0,0,0,0,0,0,0.0001999800019998,0,0,0.0112988701129887,0,0,0,0,0,0,0.129387061293871,0,9.99900009999e-05,0.0986901309869013,0,0,0,0,0,0,0,0,0,0,0,0.0010998900109989,0,0.0002999700029997,0,0,0.0154984501549845,0
0,0,0,0,0,0,0,9.99100809271655e-05,0,0,0,0,9.99100809271655e-05,9.99100809271655e-05,0.00839244679788191,0,0,0,0,0,9.99100809271655e-05,0.000299730242781497,0,0,0,0.0698371465680887,0,0,0.000299730242781497,0,0,0,0.00169847137576181,0.00489559396543111,0,0,0,0,0.000199820161854331,0,0,0,0,0.000199820161854331,0,0.000299730242781497,0,0,0,0,0,0,0,0,9.99100809271655e-05,0,0,0,0,0,0,0,0,0,0,0,0.00089919072834449,0,0,0,9.99100809271655e-05,0,0,9.99100809271655e-05,0,0,0,0,0,0,0,0,9.99100809271655e-05,0,0,0.00419622339894095,0.00089919072834449,0.0391647517234489,0,0.000299730242781497,0,0.000499550404635828,0.0194824657807973,0,0,0.000199820161854331,0,0,0.00459586372264962,0,0,0.00459586372264962,0,0,9.99100809271655e-05,0,0,0.0528524328104706,0,0,0,9.99100809271655e-05,0,9.99100809271655e-05,0,0,0,0,0.000199820161854331,0,0,0,0,9.99100809271655e-05,0.00589469477470277,0,0,0,0,0,9.99100809271655e-05,9.99100809271655e-05,0,0,0,0,0.434009391547607,0,0,0,0.00309721250874213,0,0,0,0.000199820161854331,0,9.99100809271655e-05,0,0,0,9.99100809271655e-05,0,0,0,0.000199820161854331,0,0,0,0.000299730242781497,0.00229793186132481,0,0,0,0,0,0,0,0,0,0,0,0,0,0,0,0,0,0.000199820161854331,0.000499550404635828,0,0,0,0,0,0,0,0,0,0,0,0,0.00109901089019882,9.99100809271655e-05,0,0,0,0,0,0,0,0,0,0,0,0,0.0111899290638425,0,0,0,0,0,0,0,0,9.99100809271655e-05,0,0.00349685283245079,0,0.0060945149365571,9.99100809271655e-05,0,0,0,0,0,0,0,0,9.99100809271655e-05,0,9.99100809271655e-05,0,0,0.186332300929164,0,0,0,0,0,0.000199820161854331,0,0,0,0,0,0,0,0,0,0,0.000299730242781497,0,0.000299730242781497,0,0.00219802178039764,0.0222799480467579,0.000999100809271655,0,9.99100809271655e-05,0,0.00089919072834449,0,0,9.99100809271655e-05,0,0,0,0,0,0.00179838145668898,0,9.99100809271655e-05,0.000999100809271655,0,0,0,0,0,0.00239784194225197,0.0653411929263663,0,0,9.99100809271655e-05,0,0,0,0,0.000299730242781497,0,9.99100809271655e-05,0,0,0,0,0.00449595364172245,0,0.0189829153761615,0,0,0.00699370566490159,0
0,0,0,0,0,0,9.99900009999e-05,0.0038996100389961,0,0,9.99900009999e-05,0,9.99900009999e-05,0.0080991900809919,0.0001999800019998,0,0,9.99900009999e-05,0,0,0,0.0020997900209979,0,0,0,0.21987801219878,0.0001999800019998,9.99900009999e-05,0.000999900009999,0,0,0,0,0.0025997400259974,0.0002999700029997,0.0002999700029997,0.0008999100089991,0.010998900109989,9.99900009999e-05,0,0,0,0,0,0,0.0010998900109989,0,0,0,0,9.99900009999e-05,0,0,0,0,0,0,0.0004999500049995,0,0.0103989601039896,0,0.0006999300069993,0,0.0002999700029997,0.0004999500049995,9.99900009999e-05,0.0063993600639936,0,0.0002999700029997,0.0105989401059894,0,0,0,0,0,0.0063993600639936,0,0,0,0.0044995500449955,0,0.0003999600039996,0.0220977902209779,0,0,0,0.0142985701429857,0,0,0.005999400059994,0.0036996300369963,0.0002999700029997,0.0013998600139986,0,0.0014998500149985,0,0,0,0.0063993600639936,0,0,0,0,0,0,0.0002999700029997,0,0.133286671332867,9.99900009999e-05,0.0094990500949905,0,0,0,0,0,0.0013998600139986,0.0271972802719728,0.0001999800019998,0.0134986501349865,0,0,0,0,0.0003999600039996,0.0147985201479852,0.0047995200479952,0,0,0,0.0002999700029997,0.0448955104489551,9.99900009999e-05,9.99900009999e-05,0,0,0,0.0002999700029997,0,0,0,0,0.0003999600039996,0,0,0,0,0,0,0,9.99900009999e-05,0,0,0,0,0,0,0,0,0,0.0005999400059994,0,0.0074992500749925,0,0.0033996600339966,0,0.0244975502449755,0,0,0,0,0,0.0001999800019998,9.99900009999e-05,0,0,0,0.0061993800619938,0.000999900009999,0,0,0,0.0011998800119988,0,0.0005999400059994,0.0020997900209979,0,0,0,0,0.0007999200079992,0,0.0024997500249975,0,0,0,0,0,0,0,0,0,0,0,0.0001999800019998,0,0.0005999400059994,0,0,9.99900009999e-05,0,0.0077992200779922,0,0.0018998100189981,0.0004999500049995,0.0010998900109989,0.0072992700729927,0,0.0003999600039996,0.0032996700329967,0,0.0070992900709929,0.032996700329967,0.0121987801219878,0,0,0.0025997400259974,0.0072992700729927,0,0.0044995500449955,0.0034996500349965,0,0.000999900009999,0,0.0218978102189781,0.0010998900109989,0,0,0,0.0005999400059994,0.0015998400159984,0,0,0.0023997600239976,0.0051994800519948,0,0,0,0,0,0,0.0016998300169983,0,0,0,0,0.0005999400059994,0.0001999800019998,0,0.0010998900109989,0,0.0003999600039996,0.0017998200179982,0,0.0020997900209979,0,0,0,0.0033996600339966,0,0.0441955804419558,0,0,0.0245975402459754,0,0,0,0,9.99900009999e-05,0.0002999700029997,0.0896910308969103,0,0,0.0435956404359564,0,0,0.0006999300069993,0,0,0.0020997900209979,0,0,0,0,0,0,0,0,0,9.99900009999e-05,0.0046995300469953,0
0,0,0,0,0,0,0.00139944022391044,0,0,0,0,0,0,0,0.000299880047980808,0,0,0,0,0,0.00249900039984006,0.00489804078368653,0,0,0,0.108456617353059,0,0,0.00519792083166733,0.000199920031987205,0,0,0,0.00429828068772491,0,0,0.000899640143942423,0.0265893642542983,0,9.99600159936026e-05,0,0,0.00989604158336665,0,0,0.00319872051179528,0,0,0,0,9.99600159936026e-05,0,0,0,0,0,0,0,0,0.0230907636945222,0,0.00129948020791683,0,0,0,0,0.0175929628148741,0,0,0.0227908836465414,0.00889644142343063,0,0,0,0,0,0,0,0,0.0194922031187525,0,0,0,0,0,9.99600159936026e-05,0,0,0,0.00279888044782087,0,0.00269892043182727,0,0,0,0,0,0,0.00729708116753299,0,0,9.99600159936026e-05,0,0,0,0,0,0.0210915633746501,0,0,0,0,0,0.00209916033586565,0,0,0,0,0.0100959616153539,0,0,0,0,9.99600159936026e-05,0.00239904038384646,0,0,0,0,0,0,0,0,0,0,0,0,0,0,0,0.00189924030387845,0,0,0,0,0,0,0,0,0.000599760095961615,0.000199920031987205,0,0,0,0,0,0,0,0,0.00709716113554578,0,0,0,0.399440223910436,0,0,0,0,0,0,0.00419832067173131,0,0,0,0,0,0,0.00279888044782087,0.0537784886045582,0,0,0,0,0,0.00239904038384646,0,0,0,0,0,0,0.00129948020791683,0.000199920031987205,0,0,0,0,0,0,0,0,0,0,0.000499800079968013,0,0.00279888044782087,9.99600159936026e-05,0,9.99600159936026e-05,0.00109956017592963,0.000299880047980808,0,0,0,0.00279888044782087,0,0.0336865253898441,0,0,0,0,0.00529788084766094,0,0,0,0,0,0,0.00219912035185926,0,0.00879648140743703,0,0,0.00979608156737305,0,0,0,0,0,0,0,0,0,0,0,0,0,0,0,0,0,0,0,0,0,9.99600159936026e-05,0,0,0.00079968012794882,0.000299880047980808,0.000699720111955218,0,0,0,0,0,0,0,0,0.0123950419832067,0,9.99600159936026e-05,0.00139944022391044,0,9.99600159936026e-05,0,0,0,0,0.117752898840464,0,0,0.00939624150339864,0,0,9.99600159936026e-05,0,0,0,0,0,0,0,0,0,0,0.000299880047980808,0,0,0.00519792083166733,0
0,0,0,0,0,0,9.98801438274071e-05,0,0,0,0,0,0,0.00319616460247703,0.000299640431482221,0,9.98801438274071e-05,0.000499400719137036,0,0,0,0.000599280862964443,0,0,0,0.146524170994806,9.98801438274071e-05,0,0,0,0.0335597283260088,0,0,0.00749101078705553,0,0,0.0083899320815022,0,9.98801438274071e-05,0,0,0,0,0.00249700359568518,0,0.0357570914902117,0,9.98801438274071e-05,0,0,0,0,0,0,0.00169796244506592,0,0,0,0,0.0111865761086696,0,0,0,0,0,0.000199760287654814,0.101278465840991,0,0,0,0.00069916100679185,0,0,0.00219736316420296,0,0,0,0,0,0.000599280862964443,0,9.98801438274071e-05,0,0,0,9.98801438274071e-05,0,0,0,0.00389532560926888,0.136835797043548,0,0,0,0,0,0,0,0.00349580503395925,0,0,9.98801438274071e-05,0,0,0,0,0,0,0,0,0,9.98801438274071e-05,0,0.0316620055932881,0,0,0,0.0013983220135837,0.0361566120655214,0,0,0,0,9.98801438274071e-05,0.00259688373951258,0,0,0,0.000299640431482221,0,0.0027966440271674,0,0,0,0,0,0.0582301238513783,0,0,0,0.000399520575309628,0,0,0,0,0,0.00129844186975629,0,0,0.00069916100679185,0.000299640431482221,0.0013983220135837,0.00169796244506592,0,9.98801438274071e-05,0,0,0,0,0.00429484618457851,0,0,0.000199760287654814,0.0944866160607271,0,0,0,0,0,0,0.0013983220135837,0,9.98801438274071e-05,0,0,0.000199760287654814,0,0.00219736316420296,0.0493407910507391,9.98801438274071e-05,0,0,0,0,0,0,0,0,0,0,0,0.0152816620055933,0.000199760287654814,0.000998801438274071,0,0,0,0.00199760287654814,0,0,0,0,0,0.00349580503395925,0,0.000599280862964443,0,0.000199760287654814,9.98801438274071e-05,0,0,0,0,0,0.00129844186975629,0,0,0.0013983220135837,0.000998801438274071,0,0,0,0,0,0,0,0,0,0.000299640431482221,0,0.00329604474630443,0,0,0.000399520575309628,0,0,0,0,0,0.000199760287654814,0,0,0.00199760287654814,0,0,0,0,0,0,0.00159808230123851,0,0,9.98801438274071e-05,0,0.00179784258889333,0.000199760287654814,0.000998801438274071,0,0,0.000998801438274071,0,0,0,0.000799041150619257,9.98801438274071e-05,0,0,0.00159808230123851,0.0102876548142229,0,0,0,0.000399520575309628,9.98801438274071e-05,0,0,9.98801438274071e-05,9.98801438274071e-05,0.00179784258889333,0.119456652017579,0,0,0.011785856971634,0,9.98801438274071e-05,9.98801438274071e-05,0,0,0,0.00429484618457851,0.00289652417099481,0,0,0,0.000599280862964443,0.0027966440271674,0.000199760287654814,0.000199760287654814,9.98801438274071e-05,0.00958849380743108,0.000898921294446664
0,0,0,0,0,0,0.018594421673498,0,0,0,0,0,0,0,9.99700089973008e-05,0,0,0,0,0,0,0.0106967909627112,0,0,0,0.00199940017994602,0,0,0.00589823053084075,0,0.0530840747775667,0,0.00169949015295411,0,0,0.0230930720783765,0.000599820053983805,0,0,9.99700089973008e-05,9.99700089973008e-05,0,0,0.0110966709987004,0,0,0,0.000699790062981106,0,9.99700089973008e-05,0,0,0,0,0,0,0,0,0,0.0154953513945816,0,0.00429871038688393,0.000199940017994602,0.00139958012596221,0,0.000399880035989203,0.00109967009897031,0.000399880035989203,0,0,0.00279916025192442,0,0,0.00299910026991902,0,0,0,0,0,0.00789763071078676,0,0,0,0,0,9.99700089973008e-05,9.99700089973008e-05,0,0,0.0158952314305708,0.00189943017094872,0.000799760071978406,0,0,0.00719784064780566,0,0,0,0.00259922023392982,0,0.000799760071978406,0,0,0,0.000299910026991902,0,0.0150954713585924,0.00109967009897031,0,0.00579826052184345,0,0,0,0.00169949015295411,0,0.000399880035989203,0,0.00259922023392982,0.021593521943417,0,0.010296910926722,0,0,0.00639808057582725,0.00539838048585424,0,0,0,0,0.013296011196641,0.0930720783764871,0.00129961011696491,0.00119964010796761,0.010296910926722,0,0,9.99700089973008e-05,0,0,0,0,0,0,0,0,0,0,0,0.00359892032390283,0.00239928021593522,0,0,0,0,9.99700089973008e-05,0,0,0,0.00269919024292712,0.00129961011696491,0,0,0,0.00489853044086774,0,0.0210936718984305,0,0.00139958012596221,0,0,0,0.00629811056682995,0.000399880035989203,0,0,0,0,0.0155953214035789,0.00929721083674898,0,0.00329901029691093,0,0,0,0,0,0,0,0.0253923822853144,0.00109967009897031,0,0.00789763071078676,0,0,0,0,0.00729781065680296,0,0,0,0,0,0,0,0.00999700089973008,0.000599820053983805,0,0,0,0,0.00259922023392982,0,0.042887133859842,0,0,0,0.00349895031490553,0,0.00479856043187044,0,0,0.0469859042287314,0.0123962811156653,0,0,0,0,0,0.00469859042287314,0.00399880035989203,0.00909727081875437,0,0,0.00239928021593522,0,0,0,0.000199940017994602,0,0,0,0,0.0332900129961012,0.00859742077376787,0,0,0,0,0,0,0.0145956213136059,0,0,0,0.00389883035089473,9.99700089973008e-05,9.99700089973008e-05,0,0.00269919024292712,0.000299910026991902,0,0.00229931020693792,0,0,0,0,0,0.00609817054883535,0.00689793062081376,0.0146955913226032,0,0,0.00279916025192442,0.000499850044986504,0,0,0,0,0.00239928021593522,0.215635309407178,0,0,0,0,0,0,0,9.99700089973008e-05,0.00829751074677597,0,0,0,0,0,0.00699790062981106,0,0.000299910026991902,0.00889733080075977,0,0.0180945716285114,0
0,0,0,0,0,0,0,0,0,0,0,0,0.001,0,0,0,0,0,0,0,0,0,0,0,0,0.5398,0,0,0.0033,8e-04,0.0675,0,0,0,0,0,0.013,0,0,0,0,0,0,0,0,0.02,0,0,0,0,8e-04,0,0,0,0,0,0,0,0,0,0,0,0,0,0,0,0,0,0,0,0,0,0,0,0,0.0576,0,0,0,0,0,0,0,0,0,4e-04,7e-04,0,0,0,0,0,0.0029,0,0,0,0.001,0,0,0,0,0,0,0,0,0,0,0,0,0,0,0,0,0,0,0,0,0,4e-04,0,0,0,0,4e-04,0.0202,0,0,0,0,0,0,0,0,0,0,0,0,0,0,0,0.0021,0,0,0,0,0,0,0,0,0,0,0,0,0,0,0,0,0,0,0,0,0,0,8e-04,0,0,0,0,0,0,0,0,2e-04,0,0,0,0,0,0,0,0,0,0,0,0,0,0,0,0,0.0018,0,0.0425,0,0,0,0,0,0,0,0,0,0,0,0,0,0,0,0,0,0,7e-04,0,0,0,0,0,0,0,0.0405,0,0,0,0,0,0,0,0,0,0,0,0,0,0,0.0871,0,0,0,0,4e-04,0,0,0,0,0,0,0,0,0,0,0,0,0,0,0,0,2e-04,5e-04,0,0,0,0,0,0,0,5e-04,0,0,0,0,0.0054,0,0,0.0412,0,0,0,0,0,0.002,0,4e-04,0,0.0202,0,0,0,0,0,0,0,0,0,0,0,0,0,0,0,0,0.0237,0
0,0,0,0,0,0,0.00119760479041916,9.98003992015968e-05,9.98003992015968e-05,0,0,0,0,0.00179640718562874,0.00119760479041916,0,0.000499001996007984,9.98003992015968e-05,0,0,0.000199600798403194,0.00439121756487026,0,0,0,0.055688622754491,9.98003992015968e-05,0,9.98003992015968e-05,9.98003992015968e-05,0.00778443113772455,9.98003992015968e-05,0,0.00329341317365269,0,0,0,9.98003992015968e-05,0,0,0,0,0,0.00249500998003992,0,0.00229540918163673,0,9.98003992015968e-05,0,0,0,0,9.98003992015968e-05,0,0.000798403193612774,0,0,0,0,0.00788423153692615,0,0.000499001996007984,0,0,0,0,0.0117764471057884,0,0,0.00349301397205589,0.00169660678642715,0,0,0,0,0,0,0.000199600798403194,0,0.00878243512974052,9.98003992015968e-05,0.000399201596806387,0.00029940119760479,0,0,0.00598802395209581,9.98003992015968e-05,0,0,0.00169660678642715,0,0,0.000399201596806387,0,0,0,0,0,0.000598802395209581,0,0,0,0,0,0.000399201596806387,0.000199600798403194,9.98003992015968e-05,0.0110778443113772,0,0.00259481037924152,0,0,0,0.00219560878243513,9.98003992015968e-05,0,0,0,0.00259481037924152,0,0.00129740518962076,0,0,0,0.00329341317365269,0,0,0,0,0.00129740518962076,0.0160678642714571,9.98003992015968e-05,0,0,0,0,9.98003992015968e-05,0,0,0,0,0,0,0,0,0,0.000199600798403194,0,0.000898203592814371,9.98003992015968e-05,0,0.00109780439121756,0,0,0,0,0,0,9.98003992015968e-05,0.000898203592814371,0,0.000898203592814371,9.98003992015968e-05,9.98003992015968e-05,0,0,0,0,0,0,0.000698602794411178,9.98003992015968e-05,0.000199600798403194,0,0.00029940119760479,0,0.00189620758483034,0.00898203592814371,0.0274451097804391,9.98003992015968e-05,9.98003992015968e-05,0,0,0,9.98003992015968e-05,0,0,0,0.00139720558882236,0,0,0.000199600798403194,0,0,9.98003992015968e-05,0,0.00149700598802395,0.00239520958083832,0,0,0,0,0,9.98003992015968e-05,0.0101796407185629,0.00029940119760479,0,0,0,0,0,0,0.000399201596806387,0,9.98003992015968e-05,0.00119760479041916,0.00229540918163673,0,9.98003992015968e-05,0,0.000798403193612774,0.0162674650698603,9.98003992015968e-05,0.000499001996007984,0,0.00189620758483034,0,0,0,0.000698602794411178,9.98003992015968e-05,0,0,0.00708582834331337,0,0,0.000199600798403194,0,0,0.000698602794411178,0,0,0.0251497005988024,0.000399201596806387,0,0,0,9.98003992015968e-05,0.000399201596806387,9.98003992015968e-05,0,9.98003992015968e-05,0.000798403193612774,9.98003992015968e-05,9.98003992015968e-05,0.000399201596806387,0.000399201596806387,0,0.00029940119760479,0.000499001996007984,9.98003992015968e-05,0.000898203592814371,0,0.000199600798403194,0,0,0,0.00259481037924152,0.00209580838323353,0.541516966067864,0,9.98003992015968e-05,0.0380239520958084,0,0,0,0,0.000199600798403194,9.98003992015968e-05,0.0975049900199601,0,0,0.00858283433133732,0,0,0,0,0,0.00159680638722555,0.0030938123752495,0,0,0,0,0.00029940119760479,0,0.00159680638722555,0.00439121756487026,0,0.00738522954091816,0
0,0,0,0,0,0,0,0.000600240096038415,0,0,0,0,0,0,0.00460184073629452,0,0,0,0,0,0.000700280112044818,0.000700280112044818,0,0.00170068027210884,0,0.320828331332533,0,0,0.0109043617446979,0,0.00040016006402561,0,0,0.0152060824329732,0,0,0,0.00040016006402561,0,0,0,0,0,0,0,0.0253101240496198,0,0.000100040016006403,0,0.00040016006402561,0,0,0,0,0.00160064025610244,0,0,0,0,0.000200080032012805,0,0.00100040016006403,0.000100040016006403,0,0.00530212084833934,0,0.0133053221288515,0,0,0,0,0,0,0,0,0,0,0,0,0.000100040016006403,0,0,0,0,0,0,0.000200080032012805,0,0.000500200080032013,0.00530212084833934,0,0.000900360144057623,0.00180072028811525,0,0,0.0265106042416967,0,0,0.0119047619047619,0,0,0,0,0,0,0,0,0.000100040016006403,0,0.00180072028811525,0,0,0,0.00130052020808323,0.00330132052821128,0.00040016006402561,0,0.000100040016006403,0.00600240096038415,0,0.00930372148859544,0,0,0,0.00410164065626251,0,0,0,0.000300120048019208,0,0.120848339335734,0.0105042016806723,0,0.0170068027210884,0,0,0.000200080032012805,0,0,0,0.00140056022408964,0,0,0,0,0,0.000200080032012805,0,0.00650260104041617,0,0.00120048019207683,0,0.000600240096038415,0.000200080032012805,0,0,0,0,0,0.00280112044817927,0,0.0165066026410564,0,0,0,0,0,0,0,0,0,0,0,0,0,0,0.00590236094437775,0.000600240096038415,0.000100040016006403,0,0,0,0,0.00210084033613445,0.000200080032012805,0,0,0,0,0,0,0.00460184073629452,0,0,0,0,0.0132052821128451,0.00910364145658263,0,0,0,0,0,0,0.0372148859543818,0.0155062024809924,0,0,0,0,0,0,0,0.000600240096038415,0.000300120048019208,0.00470188075230092,0,0,0.000600240096038415,0,0.000100040016006403,0.0105042016806723,0,0,0.000300120048019208,0,0,0,0,0.0111044417767107,0.00040016006402561,0,0,0.00510204081632653,0,0,0,0,0,0,0,0,0,0,0,0,0,0,0,0,0,0,0.000100040016006403,0,0.000300120048019208,0.000800320128051221,0.00530212084833934,0,0.00110044017607043,0.00100040016006403,0.000800320128051221,0,0,0.000300120048019208,0,0,0,0,0,0.0131052420968387,0,0.000300120048019208,0.178571428571429,0,0,0,0,0,0.000100040016006403,0.00040016006402561,0,0.000300120048019208,0.00880352140856343,0,0,0,0,0,0.00260104041616647,0.00040016006402561,0,0,0,0,0.00120048019207683,0,0,0,0,0.00700280112044818,0
9.99200639488409e-05,0,0,9.99200639488409e-05,0,0,9.99200639488409e-05,0.00139888089528377,0,0,0,0,0,0.00209832134292566,0.00209832134292566,0,0,0,0,0,0.000699440447641887,0,0,0.000199840127897682,0,0.0732414068745004,0,0,0,0.00149880095923261,0,0,0,0,0,0,0.0101918465227818,0,9.99200639488409e-05,0,0,0,0,0.00129896083133493,0,9.99200639488409e-05,0,0,0,0,0,0,0,9.99200639488409e-05,0,0,9.99200639488409e-05,0,0,0.000999200639488409,0,0,0,0,0,0,0,0,9.99200639488409e-05,0,0,0,9.99200639488409e-05,0,0,0,0,0,0,0,0,0,0.00199840127897682,0,0,0,0,0,0,9.99200639488409e-05,0,0,0.0183852917665867,0,0,0,0,0,0,0,0,0,0,0,9.99200639488409e-05,0,0.000599520383693046,0.00459632294164668,0,0,0,0,0,0,0,0,0.000699440447641887,0,0.00989208633093525,0,0.00319744204636291,0,0,0.000299760191846523,0.0186850519584333,0,0,0,0,0,0.0435651478816946,9.99200639488409e-05,0,0,0,0,9.99200639488409e-05,0,0,0,9.99200639488409e-05,0,0,0,0,0,0,0,0,0.000499600319744205,0,0,0,0,0,0,0,0,0,0,0,0.00749400479616307,0,0,0,0.0111910471622702,0,0,0,0,0,0,0.000599520383693046,0,0,0,0.00429656274980016,0,0,0,0,0,0,0,0,0,0,0.00379696243005596,0,0,0,0.00599520383693046,0,0,0.000799360511590727,0,0.00419664268585132,0.00409672262190248,0,0,0,0,0,0,0,0,0,0,9.99200639488409e-05,0,0,0,0,0,0,0.00149880095923261,0,0,0.00299760191846523,0,0,0.0224820143884892,0,0,0,0,0,0,0.00319744204636291,0.00119904076738609,0,0,0,0,0,0,0,0,0,0,0,0.00199840127897682,0.00499600319744205,0,0,0,0,0,0.000699440447641887,0,0,0,0,0,9.99200639488409e-05,0,0,0,0,0,0,0,0,9.99200639488409e-05,0,0,0,0,0,0.639288569144684,0,0,0.0539568345323741,0,0,0,0,0,9.99200639488409e-05,9.99200639488409e-05,0,0,0.0177857713828937,0,0,0,0,0,0,0,0,0.00919264588329336,0,0,9.99200639488409e-05,0,9.99200639488409e-05,0,0,0,0
0,0,0,0.0002999400119976,0,0,0,0,0,0,0,0,0,0,0.00249950009998,0,0,0,0,0,0,0,0,0,0,0.123375324935013,0,0,0,0,0,0,0,0,0,0,0,0,0,0,0,0,0,0,0,0,0,0,0,0,0,0,0,0,0,0,0.000399920015996801,0,0,0,0,0,0,0,0,0,0,0,0,0,0,0,0,0,0,0,0,0,0,0.0413917216556689,0,0,0,0,0,0,0.00839832033593281,0,0,0,0,0,0.015496900619876,0,0,0,0,0,0,0,0,0,0,0,0,0,0,0.250549890021996,0,0,0,0,0,0,0,0,0,0,0,0,0,0,0,0,0.115876824635073,0,0,0,0,0,0,0.0261947610477904,0,0,0,0.0015996800639872,0,0,0,0,0.001999600079984,0,0,0,0,0,0,0,0,0,0,0,0,0,0,0,0,0,0,0,0,0,0,0,0,0,0,0,0,0,0,0,9.99800039992002e-05,0,0,0,0,0,0,0,0,0,0,0,0,0,0,0,0,0,0,0,9.99800039992002e-05,0,0,0,0,0,0,0,0,0,0,0,0,0,0,0,0,0,0,0,0,0,0,0,0,0,0.0686862627474505,0,0,0,0,0,0,0,0,0,0,0,0,0,0,0,0,0,0,0,0,0,0,0,0,0,0,0,0,9.99800039992002e-05,0,0,0,0,0,0,0,0,0.0001999600079984,0,0,0,0,0,0,0,0,0,0,0,0,0,0,0,0,0,0,0,0,0.000799840031993601,0.00629874025194961,0.335532893421316,0,9.99800039992002e-05,0,0,0,0,0,0,0,0,0,0,0,0,0,0,0,0,0,0,0
0,0,0,0,0,0,0.0047995200479952,0,0,0,0,0,0.0001999800019998,0,0.0026997300269973,0,0,0,0,0,0,0,0,0.0014998500149985,0,0,0,0,0.0101989801019898,9.99900009999e-05,9.99900009999e-05,0,0,0.0100989901009899,0,0,0.0001999800019998,0,0,0,0,0,0,0,0,0,0,0,0,0,0,0,0,0,0,0,0,0,0,0.0105989401059894,0,0,0.0001999800019998,9.99900009999e-05,0,0,0.0067993200679932,0,0.0022997700229977,0,0,0,0,0,0,9.99900009999e-05,9.99900009999e-05,0,0,0.0070992900709929,0,0,0.0001999800019998,0,0,0.0006999300069993,0,0,0,0,0,0.0001999800019998,0.0085991400859914,0,0,9.99900009999e-05,0,0,0,0,0,0.0406959304069593,0,0,0,0,0,0.0470952904709529,0,0,0,0,0.0005999400059994,0,0,0.0002999700029997,0,0.0001999800019998,0,0,0,0,0.000999900009999,0,0.0217978202179782,0,0.0077992200779922,0,0,0,0,0.0055994400559944,0,0.0004999500049995,0,0.0001999800019998,0.115388461153885,0.0005999400059994,0,0,0.0016998300169983,0,0,0.0001999800019998,0,0.0126987301269873,0.003999600039996,0,0,9.99900009999e-05,0.0022997700229977,0,0,0.0008999100089991,0,0,0,0,0,0.0015998400159984,0,0,0,0,0,0,0,0,0,0,0,0,9.99900009999e-05,0,0,0,0,0,0.0004999500049995,0,0,0,0,0,0.0005999400059994,0.0017998200179982,0,0,0,0,0.0011998800119988,0.0140985901409859,0.0001999800019998,0.0033996600339966,0,0.0001999800019998,0,0,0,0.0030996900309969,0,0.0001999800019998,0,0.0670932906709329,0,0.0075992400759924,0,0,9.99900009999e-05,0.0065993400659934,0,0,0,0,0,0,0,0,0.001999800019998,0,9.99900009999e-05,0,0,0,0,0,0,0,0,0,0,0,0,0.103089691030897,0,0,0,0,0,9.99900009999e-05,0,0,0,0,0.0008999100089991,0.0110988901109889,0,0.0003999600039996,0,0,0,0,0,0,0,0.0002999700029997,0.002999700029997,0,0,0,0.0003999600039996,0,0,0,9.99900009999e-05,0,0,0,0,0.0162983701629837,0,0,0.0988901109889011,0,0,0,0,0,0,0.231376862313769,0,0,0.0647935206479352,0.0001999800019998,0,9.99900009999e-05,0,9.99900009999e-05,0.0003999600039996,0,0,0,0,0,0.0135986401359864,0,0.0136986301369863,0,0,0,0
0,0,9.99200639488409e-05,0,0.000199840127897682,0,0.00149880095923261,0,0,0,0.000999200639488409,0,0,0,0,0,9.99200639488409e-05,0,0,9.99200639488409e-05,0.00589528377298161,0.000299760191846523,0,0.00459632294164668,0,0.128697042366107,0,0,0.000199840127897682,0.000399680255795364,0.0511590727418066,0,0,0.00109912070343725,0,0,0.00989208633093525,9.99200639488409e-05,0.000399680255795364,0,0,0,0,0,0,0.000599520383693046,0,0,0,0,0,0,0,0,0.00239808153477218,0,0,0,0,0.00179856115107914,0.000199840127897682,0,0.000399680255795364,0,0,0,0,0,0,0,0,0,9.99200639488409e-05,0,0,0,0,0,0,0.00679456434852118,0,0,0.00519584332533973,0,0,0,0.00159872102318145,0,0,0.00179856115107914,0,0.00119904076738609,0.0166866506794564,0,0,0.0235811350919265,0,0,0.000199840127897682,0,0,9.99200639488409e-05,0,0,0,0.00119904076738609,0,0.015687450039968,0,0.00529576338928857,0,0,0,0.00269784172661871,0.00139888089528377,0.000599520383693046,0.00289768185451639,0,0.00189848121502798,0,0.00519584332533973,0,0.000199840127897682,0,0.00629496402877698,0,0,0.0759392486011191,0,0,0.0118904876099121,0.00179856115107914,0,0,0.000799360511590727,0,0.000399680255795364,0,0,0,0.00149880095923261,0.00189848121502798,0.00199840127897682,0,0,0.0327737809752198,0,0,0.00199840127897682,0.000599520383693046,0,0,0.000299760191846523,0,9.99200639488409e-05,0,0,0,0,0.00329736211031175,0.00199840127897682,0.00849320543565148,0,0.0127897681854516,0,0.0234812150279776,0,0,0,0,0.00139888089528377,0.0153876898481215,0,0,9.99200639488409e-05,0,0.00809352517985612,0,0.0113908872901679,0.000199840127897682,0,0,0,0,9.99200639488409e-05,0,0,0.00669464428457234,0.00969224620303757,0.000199840127897682,0,0.000499600319744205,9.99200639488409e-05,0,0,0,0.00309752198241407,0.00469624300559552,0,0.000499600319744205,0,0,0,0,9.99200639488409e-05,0.000599520383693046,0,0,0,0.000299760191846523,0.00189848121502798,0,0,0.000299760191846523,0.00189848121502798,0.00279776179056755,0.00109912070343725,0,0.0082933653077538,0,0.000599520383693046,0,0.0254796163069544,0,0,0,0.00279776179056755,0,0,0.0065947242206235,0.00449640287769784,0,0,0.00999200639488409,0,0,0,9.99200639488409e-05,0,0,0.0139888089528377,0,0,0,0,0,0,0.00109912070343725,0,0,0,0.000399680255795364,0.00129896083133493,0,0.00159872102318145,0.000299760191846523,0,0,0.000499600319744205,0.000599520383693046,0,0,0,9.99200639488409e-05,0,0,0,0,0,0.000299760191846523,0.000199840127897682,0.00429656274980016,0.00749400479616307,0,0,0,0,0,0.000899280575539568,0.33533173461231,0,0.000299760191846523,0.000899280575539568,0,0,0,0,0,0,0.000799360511590727,0,0,0,0,0.00469624300559552,0,0.000699440447641887,0,0,0.000899280575539568,0
0,0,0,0,0,0,0,0.000899100899100899,0,0,0,0,0.0001998001998002,0,0.0013986013986014,0.0001998001998002,0.0014985014985015,9.99000999000999e-05,0,0.0001998001998002,0.0002997002997003,0.0047952047952048,0,0,0,0.163736263736264,0,0,0.0002997002997003,0.0014985014985015,0.002997002997003,0,0,0.0034965034965035,0,0,9.99000999000999e-05,0,0,0,0,0,0,0,0,0,0,0,0,0,0,0,0,0.0003996003996004,0,0,0,9.99000999000999e-05,0,0.00649350649350649,0,0,0.0004995004995005,0,0,0,0.017982017982018,9.99000999000999e-05,0,0.0028971028971029,0,0,0,0,0,0,0,0,0,0.0013986013986014,0,0,0.000599400599400599,0,9.99000999000999e-05,0.0031968031968032,9.99000999000999e-05,0,0,0.0003996003996004,0,0.0003996003996004,0.0052947052947053,0,0,0.0133866133866134,0,0,0,0,0,0.000799200799200799,0.0015984015984016,0,0,0,0,0.0330669330669331,0,0.0132867132867133,0,0,0.000599400599400599,0.0001998001998002,0,0.0004995004995005,0,0,0.0122877122877123,0,0,0,0.0038961038961039,0,0.0018981018981019,0,0,0,0,0,0.0789210789210789,9.99000999000999e-05,0,0,0,0,0.0002997002997003,0,0,0,0.0263736263736264,9.99000999000999e-05,0,0.0002997002997003,0,0,0.0001998001998002,0,0.0031968031968032,0.0001998001998002,0,0,0.00749250749250749,0,9.99000999000999e-05,0,0.0022977022977023,0,0,0,0,0,0,0,0,0,0,0,0,0,0,9.99000999000999e-05,0.0002997002997003,0,0,0,0.0043956043956044,0.0103896103896104,0,0,0,0,0,0,0,0,0,0.0011988011988012,0,0,0,0.000599400599400599,9.99000999000999e-05,0,0,0,0.0133866133866134,0,9.99000999000999e-05,0,0,0,0,0,0,0.0022977022977023,0,0,0.000599400599400599,0,0.0103896103896104,0,0,0.000599400599400599,0,0,0.0035964035964036,0,0.0015984015984016,0,0,0,0,0,0,0,0,9.99000999000999e-05,0,0.0033966033966034,9.99000999000999e-05,0,0,0.003996003996004,0,0,0,0,0,9.99000999000999e-05,0,0,0,0,0.0001998001998002,0,0,0,0,0,0,0,0,0,0,0.0015984015984016,0.0002997002997003,0,0.0002997002997003,0,9.99000999000999e-05,0,0,0.0001998001998002,0,0,0,0,0,0.481718281718282,0,9.99000999000999e-05,0.0043956043956044,0,0,0,0,0,0,9.99000999000999e-05,0,0,0.016983016983017,0,0,0,0,0.0001998001998002,0,0.000799200799200799,0,0,0,0,9.99000999000999e-05,0,0.0001998001998002,0,0,0.0125874125874126,0
0,0,0,0,0,0,0,0.0153938424630148,0,0,0,0,0.000299880047980808,0.0300879648140744,0.000699720111955218,0,0,0,0,0,0,0.00159936025589764,0,0.00079968012794882,0,9.99600159936026e-05,0,0,0.00109956017592963,0.000999600159936026,0.000199920031987205,0,0,0,0,0,0.00589764094362255,0,0.000199920031987205,0,9.99600159936026e-05,0,0,0,0,0.00229908036785286,0,0,0,0,0,0,0,0,0.0176929228308677,0,0,0,0,0,0,0,0,0,0,0,0.00159936025589764,0,0,0,0.00539784086365454,0,0,0,0,0,0,0,0,0,0,0,0.0179928028788485,0,0.0351859256297481,0,0.00939624150339864,0,0,0,0,0,0.00079968012794882,0,0,0,0,0,0,0,0,0,0,0,0.000499800079968013,0.0148940423830468,0,0.0166933226709316,0,0,0,0,0,0.00579768092762895,0.000599760095961615,0,0,0,0.0225909636145542,0.000199920031987205,0,0,0,0,0.00409836065573771,0,0,0,0,0,0.0905637744902039,0.0297880847660936,0,0,0,0,0.00119952019192323,0,0,0,9.99600159936026e-05,0,0,0,0,0,0,0,0,0,0,0,0,0.00279888044782087,0,0,0,0,0,0.00189924030387845,0,0.00489804078368653,0.000699720111955218,0,0,0.022890843662535,0,0,0,0,0,0,0.0240903638544582,0,0,0,0.014094362255098,0.0237904838064774,9.99600159936026e-05,0,0,0,0,0,0,0,0,0,0,9.99600159936026e-05,0,0.0199920031987205,0,0,0.0161935225909636,0,0.00149940023990404,0,0,0,0,0,0,0,0,0,0.000199920031987205,0,0,0,0.00309876049580168,0,0,0,0,0,0.00159936025589764,0.00239904038384646,0.00499800079968013,0,0,0,0.0295881647341064,0,0,0,0.0381847261095562,0,0.00189924030387845,0,0.0079968012794882,0,0.00139944022391044,9.99600159936026e-05,0,0,0,0,0,0,0,0,0.0283886445421831,0,0,0,0,0,0,0,0,0.000999600159936026,0,0,0,0,0.000699720111955218,0,0.000599760095961615,0,0,0,0,0,9.99600159936026e-05,0.000699720111955218,0,0,0,0.000999600159936026,0.0108956417433027,0.00509796081567373,0.00649740103958417,0,0,0,0,0,0,0.356657337065174,0,0.015593762495002,0.00509796081567373,0,0,0,0,0,0.00319872051179528,0,0,0,0,0,0.0039984006397441,0,0,0,0,0.00109956017592963,0
0,0,0,9.9940035978413e-05,0,0,9.9940035978413e-05,0,0,0,0,0,0,0,0.00139916050369778,0,0,0,0,0,0,0.000199880071956826,0,0.000499700179892065,0,0.132620427743354,0,0,0.000599640215870478,0,0,0,0,0,0,0,0,0,0,0,0,0,0,0,0,0,0,0,0,0,0,0.00359784129522287,0,0,0,0.000799520287827304,0,0,0,0,0,0,0,0.000299820107935239,0,0,0.00419748151109334,0,0,0.004597241655007,0,0,0,0,0,0,0,0,0,0,0,0,0,0,0,0.000399760143913652,0,0,0,0,0,0.00419748151109334,0,0,0,0,0,0,0,0,0,0,0,0,0,0,0,0.00799520287827304,0,0,0,0,0,0.000499700179892065,0,9.9940035978413e-05,0,0,0,0.000399760143913652,0,0,0,9.9940035978413e-05,0,0,0,0,0,0,0,0,0,0,0,0,0.0030981411153308,0,0,0,0.000999400359784129,0,0,0,0,0,0.000899460323805717,0,0,0,0,0,0,0.000899460323805717,9.9940035978413e-05,0,0.00219868079152508,9.9940035978413e-05,9.9940035978413e-05,0,0,0,0,0,0,0,0,0,0,0,0,0,0.000799520287827304,0,0,0,0,0,0.0084949030581651,0,0,0,0,0,0,0,0,0,0,0,0.000899460323805717,0,0,0.000399760143913652,0,0,0,0,0,0,0,0,0,0,0,0.00109934039576254,0,0,0,0,9.9940035978413e-05,0,0,0,0,0,0,0.000199880071956826,0,0,0,0.000399760143913652,0,0,9.9940035978413e-05,0,0,0,0,0,0,0,0,0.108534879072556,0,0,0,0,0,0,0,0,0.0100939436338197,0,0.00599640215870478,0,0,0,0,0,0,0,0,0,0,0.000399760143913652,0.000399760143913652,0,0,0,9.9940035978413e-05,0,0,0,0,0,0,0,0,0.593443933639816,0,0,0.0237857285628623,0,9.9940035978413e-05,9.9940035978413e-05,0,0,0,0.069458325004997,0,0,0,0,0,0,0,9.9940035978413e-05,0,0,0,0,0,0.000399760143913652,0.00189886068358985,0,0.00159904057565461,0,0,0,0
0,0,0,0,0,0,0.0101010101010101,0,0,0,0,0,0,0.0275027502750275,0.0007000700070007,0,0,0,0,0,0.0006000600060006,0.001000100010001,0,0,0,0.158815881588159,0,0,0.0014001400140014,0,0,0,0,0.004000400040004,0,0,0,0.0033003300330033,0,0,0,0,0.0461046104610461,0,0.0001000100010001,0.0409040904090409,0,0,0,0,0,0,0,0,0,0,0,0,0,0,0,0.001000100010001,0.0001000100010001,0,0.0032003200320032,0,0.0282028202820282,0,0,0,0,0,0,0,0,0,0,0,0,0.0017001700170017,0,0,0,0,0.0035003500350035,0,0,0,0,0.0025002500250025,0.0006000600060006,0.0005000500050005,0,0,0,0,0,0,0.0061006100610061,0,0,0,0,0,0,0,0,0.0156015601560156,0,0.0046004600460046,0,0,0,0.0038003800380038,0.001000100010001,0,0,0.0001000100010001,0.0134013401340134,0,0.0101010101010101,0,0,0.0001000100010001,0.0003000300030003,0,0,0,0,0,0.0282028202820282,0.005000500050005,0,0,0,0,0.0001000100010001,0,0,0.001000100010001,0.0002000200020002,0.0002000200020002,0,0,0,0,0,0,0.002000200020002,0,0,0,0.0001000100010001,0,0,0,0,0.0182018201820182,0,0.0126012601260126,0.0049004900490049,0,0,0,0,0.0226022602260226,0,0,0,0,0,0,0.0001000100010001,0,0,0,0,0,0.0021002100210021,0,0,0,0,0,0,0,0,0,0,0,0,0.0196019601960196,0,0,0,0,0.0131013101310131,0.0071007100710071,0,0.0002000200020002,0,0,0,0,0.11961196119612,0,0,0,0,0,0,0,0,0,0,0.0055005500550055,0.0025002500250025,0,0.0015001500150015,0,0,0,0,0,0,0,0,0,0.0013001300130013,0,0.0045004500450045,0,0,0.128012801280128,0,0,0,0,0,0,0,0.0126012601260126,0.0008000800080008,0,0,0,0,0,0,0,0.0003000300030003,0.0001000100010001,0,0,0,0,0.0003000300030003,0,0.0001000100010001,0,0,0,0,0.0001000100010001,0,0,0,0,0,0.0007000700070007,0,0,0,0,0,0,0.0005000500050005,0,0,0.155915591559156,0.0001000100010001,0.0001000100010001,0.0219021902190219,0,0,0,0,0,0,0,0,0,0,0,0,0,0.0075007500750075,0,0,0.0078007800780078,0
0,0,0,0,0,0,0,0.0080894836712274,0,0,0,9.98701687805852e-05,0,0,0.00369519624488165,0,0,9.98701687805852e-05,0,9.98701687805852e-05,0.00419454708878458,0.00579246978927394,0,0,0,0.017577149705383,0.00019974033756117,0,0.000699091181464097,0.000998701687805852,0.0300609208029562,9.98701687805852e-05,0,0.00229701388195346,0,0,0.000798961350244682,0.0109857185658644,0,0,0,9.98701687805852e-05,0.0136822131229402,0.0162788375112354,0,0.0094876660341556,0,9.98701687805852e-05,0,0,0.000299610506341756,0,0,0,0.00139818236292819,9.98701687805852e-05,0,0,0.00019974033756117,0.00669130130829921,0,0.000599221012683511,0,0,0.000299610506341756,0,0.00129831219414761,0,0,0.00459402776390692,0,0,0,0.000399480675122341,0,0.004094676920004,0,0,0,0.00149805253170878,0,9.98701687805852e-05,9.98701687805852e-05,0,0.00019974033756117,0,0.00019974033756117,0,0,0.0112853290722061,0.024568061520024,0.000998701687805852,0,0,0.000499350843902926,0,0,0,0.00709078198342155,0,0,0,0,0,0,0.00019974033756117,0.00329571556975931,0.0237691001697793,9.98701687805852e-05,0.00699091181464097,0,0.00689104164586038,0.000499350843902926,0.00259662438829522,0.000499350843902926,9.98701687805852e-05,0,0,0.00509337860780985,0,0,0,0,0,0.00848896434634975,9.98701687805852e-05,0,0,9.98701687805852e-05,0.000299610506341756,0.0343553380605213,0.00139818236292819,0.0125836412663537,0,0,0,9.98701687805852e-05,0,0,0,0,0,0,0,0.00239688405073405,0,9.98701687805852e-05,0.00169779286926995,0,9.98701687805852e-05,0,0,0,0.00019974033756117,0,0,0,0,0.000399480675122341,0.00359532607610107,0,0.00209727354439229,0.000798961350244682,0.0154798761609907,0,0,0,0.00159792270048936,0,0,0,0.00399480675122341,0.184060721062619,0,0,0,0.00299610506341756,0.0437431339258963,0.00379506641366224,0,0.00399480675122341,0.00419454708878458,0,0.00239688405073405,9.98701687805852e-05,0,0,0.0237691001697793,0,0,0,0.00209727354439229,9.98701687805852e-05,0,0,0,0,0.00239688405073405,0,0,9.98701687805852e-05,0,9.98701687805852e-05,9.98701687805852e-05,0,9.98701687805852e-05,0.000299610506341756,0,0,0,0.0189753320683112,0,0.00529311894537102,0.00019974033756117,0.000599221012683511,0.0130829921102567,0.000499350843902926,0.00299610506341756,0.0019974033756117,0.000299610506341756,0.00259662438829522,0,0.00778987316488565,0,0,0,0.0019974033756117,0,0.00419454708878458,0.00239688405073405,0.00119844202536702,0.00019974033756117,0,0.00389493658244282,0,0,0,0,0,0.000499350843902926,0.00788974333366623,0,0.0311594926595426,0.00329571556975931,0,0,0,0,0.000798961350244682,0,0,9.98701687805852e-05,0,0,0.000499350843902926,9.98701687805852e-05,9.98701687805852e-05,0,0.000599221012683511,0.00179766303805053,0,0.00159792270048936,0,9.98701687805852e-05,0,0,0.000299610506341756,0,0.0131828622790373,0.0142814341356237,0,0.000299610506341756,0,0,0,0,0,0,0,0.189953061020673,9.98701687805852e-05,0,0.0124837710975732,0,0,0,0,0,0.000798961350244682,0.00229701388195346,0,0,0,0,0.0149805253170878,0.000299610506341756,0.000499350843902926,0.00289623489463697,0,0.0246679316888046,0
0,0,0,0,0,0,0,0.0022,0,0,0,0,0,0,0,0,0.0055,0,0,0,0.0018,0.0015,0,0,0,0.0707,1e-04,0,0.002,0,0.0189,0,0,0.0165,0,0,0.0014,0.0115,1e-04,0,0,0,0,0.0017,0,0.0142,0,0,0,0,0,0,0,0,0.0011,0,0,0,0,0.0047,0,0,0,0,3e-04,0,0,0,0,0.0155,0,0,0,0.0011,0,0.0748,0,0,0,0,0,0,0.0037,0,0,0,0,0,0,0.0176,0,0,0.0351,0,0,0,3e-04,0,0.0033,0,0,0,0,0,0,0,0,0.1797,7e-04,0.0032,0,0,0,0.0044,0,0,0,0,0.0131,0,0,0,0,0,0.0179,0,0,0,0,6e-04,9e-04,0.0083,0,0,1e-04,0,4e-04,0,0,0,0,0,0,0,0,0,0,0,0,0,1e-04,0.0018,1e-04,0,0,0,0.0028,0,0,0,0,0,0,0,0,1e-04,0,0,0,1e-04,0,0,0.0182,0,0,0,0,5e-04,0.0157,0,0,0,0,0,0.0057,0,0,0,0,0.0018,0,0.0092,0,0,0,0,0,1e-04,1e-04,0,0,0,0,0.0019,0,0.0013,6e-04,0,0,0.0022,0,0,0,0,3e-04,0,0,0,7e-04,0,0.0074,0,0,0,0,0,5e-04,0,0,0,0,0.0012,0,0,0,0,0,0,0,0,0,1e-04,0,0,0,0,2e-04,0,0,0,0,1e-04,0.0014,0,0,5e-04,0,1e-04,0,0.0023,0,0.0013,0,2e-04,0,0,3e-04,0.0036,0,0.0597,0.0013,0,0.0177,0,0,0,0,0,0,0.2691,0,3e-04,0.0217,0,0,0,0,0,0,0.0053,0,0,0,0,0,4e-04,0,0,0,0.0023,0.0048
0,0,0,0.000399880035989203,0,0,0,0,0,0,0,0,0,0,0.014295711286614,0,0.00839748075577327,0,0,0,0,0,0,0.000199940017994602,0.000199940017994602,0.299610116964911,0,0,0.00389883035089473,0.00289913026092172,0.0277916625012496,0,0,0,0,0,0,0,0,9.99700089973008e-05,0,0,0,0,0,0,0,0,0,0.000199940017994602,0,0,0,9.99700089973008e-05,0,0,0,0.000399880035989203,0,0.00219934019794062,0,0,0,0,0,0,9.99700089973008e-05,0.00449865040487854,0,0,0,0,0,0,0,0,0,0,0,0,0,0,0,0,0,0,0,0.000199940017994602,0.000199940017994602,0,0,0.0109967009897031,0.00269919024292712,0,0,0.00409877036888933,0,0,0,0,0,0.00269919024292712,0.00319904028791363,0,0,0,0,0.0148955313405978,0,0,0.00479856043187044,0,0,0,0,0,0,0,0.00649805058482455,0,0,0,0,0,0,0,0,0,0,0,0,0,0,0,0.000299910026991902,0,0.0670798760371888,0,0,0,0.00619814055783265,0,0,0,0,0,0.00429871038688393,0,0,0,0,0,0,0.000599820053983805,0,0,0,0,0.000799760071978406,0,0,0,0,0,0,0,0,0,0,0,0,9.99700089973008e-05,0,0,0,0,0,0,0,0,0,0,0,0,0,0,0,0,0,0,0,0.0239928021593522,0.00139958012596221,0,0,0.00109967009897031,0,0,0,0,0,0,0,0,0,0.00159952014395681,0,0,0,0.00319904028791363,0,0,0,0,0,0,0.00599820053983805,0,0,0,0,0.00449865040487854,0,0,0,0,0,0,0.0415875237428771,0,0,0,0,0.0211936419074278,0.00199940017994602,0,0,0.00189943017094872,0,0.0135959212236329,0,0,0,0,9.99700089973008e-05,0,0,0.00149955013495951,0,0,0,0,0,0,0,0.000699790062981106,0,0,0,0,0.000399880035989203,0,0,0.000499850044986504,0,0,0,0,0.000899730080975707,0.0525842247325802,0.00159952014395681,0,0.0466859942017395,0,0,0,0,0,0,0.236529041287614,0,0,0,0,0,0,0,0.000299910026991902,0,0,0,0,0,0,0,0,0.0166949915025492,0,0,0.0244926522043387,0
0,0,0,9.98302885095338e-05,9.98302885095338e-05,0,9.98302885095338e-05,9.98302885095338e-05,0,0,0.000199660577019068,0,9.98302885095338e-05,0,0.00109813317360487,9.98302885095338e-05,0.000898472596585804,9.98302885095338e-05,0,0.000199660577019068,9.98302885095338e-05,0.000299490865528601,0,9.98302885095338e-05,0,0.162423879405011,0,0,0.000199660577019068,0.00159728461615254,0.00728761106119597,0,0,0.000698812019566737,0.00479185384845762,0,0.0101826894279724,0.00399321154038135,9.98302885095338e-05,0,9.98302885095338e-05,0,0,0.000598981731057203,0,0.0108815014475392,0,9.98302885095338e-05,0,0,9.98302885095338e-05,0.00119796346211441,0,0,0.000698812019566737,0,0.000199660577019068,0,0,0.000299490865528601,9.98302885095338e-05,0.00449236298292902,9.98302885095338e-05,0.00179694519317161,0,0,0.00489168413696716,0,0,0,0.000199660577019068,0,0,0.000299490865528601,0,0,0,0,0,0.000898472596585804,0,0.000199660577019068,0.016272337027054,0,0,0,9.98302885095338e-05,0,0,0.00229609663571928,0.00818608365778177,0.00079864230807627,0.000299490865528601,0,0.00269541778975741,0.000199660577019068,0,0,0.00129779375062394,0.000199660577019068,0,0,0,0,0,0.000998302885095338,0,0.0172706399121493,0,0.023759608665269,9.98302885095338e-05,0,0,0.00149745432764301,0.000299490865528601,9.98302885095338e-05,0.0121792951981631,9.98302885095338e-05,0.00239592692422881,0,0.00179694519317161,0.00179694519317161,0,0,0.013277428371768,0,0,0,9.98302885095338e-05,0,0.0517120894479385,0.00389338125187182,0.00279524807826695,0.00429270240590995,0,0,0.00079864230807627,0,0,0.000299490865528601,0.000299490865528601,0.000199660577019068,0,9.98302885095338e-05,0,0,0.00239592692422881,0,0.00379355096336228,9.98302885095338e-05,0.00079864230807627,0.00688828990715783,9.98302885095338e-05,0.000998302885095338,0,0,0.000598981731057203,0,0,9.98302885095338e-05,0.000199660577019068,0.00439253269441949,0,0,9.98302885095338e-05,0,0.000199660577019068,0.000199660577019068,0,0,0.000399321154038135,0,0.171109114505341,0,0,0,0.00379355096336228,0.000598981731057203,0.00159728461615254,0,0,0,0,0,9.98302885095338e-05,0,0,0,0.00249575721273834,0,0.000399321154038135,0.0165718278925826,9.98302885095338e-05,0,0.00189677548168114,0,0.00259558750124788,0.00588998702206249,0,0.0327443346311271,0,0,0,0.0801637216731556,0.0984326644704003,0.000598981731057203,0,0,9.98302885095338e-05,0.000199660577019068,0.00399321154038135,0,0,0.000199660577019068,0.000898472596585804,0.00139762403913347,0.000399321154038135,0.000399321154038135,9.98302885095338e-05,0,0.000598981731057203,0,0.000898472596585804,0,9.98302885095338e-05,0,0.00429270240590995,0,0,0.00898472596585804,9.98302885095338e-05,0.000598981731057203,0.000598981731057203,0.00329439952081462,0,0,0.000199660577019068,0,0.000199660577019068,0,0,0,0.00499151442547669,0,9.98302885095338e-05,0,0,0,0,0,0.0158730158730159,0.000499151442547669,0.00109813317360487,0,0.00129779375062394,0.000199660577019068,0.000998302885095338,0,9.98302885095338e-05,0.00139762403913347,9.98302885095338e-05,0,0,0.000199660577019068,9.98302885095338e-05,0,0,0.0173704702006589,0,0.00588998702206249,0,0,0.0344414495357892,0.000199660577019068,9.98302885095338e-05,0,0,0,9.98302885095338e-05,0.0320455226115604,9.98302885095338e-05,0,0.0111809923130678,9.98302885095338e-05,0,0,0,9.98302885095338e-05,0.000199660577019068,0.00359389038634322,0,0,0,0,0.00159728461615254,9.98302885095338e-05,9.98302885095338e-05,0,0,0.00349406009783368,0
0,0,0,0,0,0.000299760191846523,0,0.0104916067146283,0,0,0,0,0,0.000599520383693046,9.99200639488409e-05,0,0,0.000699440447641887,0,0,0.00469624300559552,0.00339728217426059,9.99200639488409e-05,9.99200639488409e-05,0,9.99200639488409e-05,0,0,0.000199840127897682,0.0124900079936051,0.031374900079936,0,0,0.00379696243005596,0,0,0.00209832134292566,0.0119904076738609,9.99200639488409e-05,0,0,0,0,0.0104916067146283,0,0.0021982414068745,0,0.000499600319744205,0,0,0.00189848121502798,0,9.99200639488409e-05,0,0,0.000299760191846523,0,0,0,0.0154876099120703,0.000899280575539568,0.00299760191846523,0,0,0,0,0.00139888089528377,0,0,0,0.00619504396482814,0.000299760191846523,0,0.000999200639488409,0,0,0,0.000299760191846523,0,0.0187849720223821,0.000799360511590727,0,0.063449240607514,0,0.00539568345323741,0.00709432454036771,0.00599520383693046,0,0,0.00279776179056755,0,9.99200639488409e-05,0.000199840127897682,0,0,0,0,0,0,0,0,0,0,0,0.000199840127897682,0,0.0113908872901679,0.0202837729816147,0,0,0,0,0,0.00619504396482814,0.000499600319744205,0.00409672262190248,0,0,0.0155875299760192,0,0,0,0,0,0.00889288569144684,0,0,0,0.000599520383693046,0,0.118904876099121,0.00499600319744205,0,0,0,9.99200639488409e-05,9.99200639488409e-05,0,0,0,0.0065947242206235,9.99200639488409e-05,0,0,0,0,0,0,0.0038968824940048,0,0.00599520383693046,0.00919264588329336,0,0.00149880095923261,0,0,0,9.99200639488409e-05,0,0.00209832134292566,0.00239808153477218,0.00539568345323741,0,0,0,0,0,0,0,0,0,0,0,0,0,0,0.0038968824940048,0.0456634692246203,0.00479616306954436,0,0,0,0,0,0.00129896083133493,0,0,0.0247801758593125,0,0.000599520383693046,0,0.0127897681854516,9.99200639488409e-05,0,0,9.99200639488409e-05,0.000399680255795364,0.0300759392486011,0,0.0119904076738609,0,0.000999200639488409,0,0,0,0.0141886490807354,0,0,9.99200639488409e-05,0,0.0392685851318945,0,0,0.000999200639488409,0.000399680255795364,0.00299760191846523,0.00179856115107914,0.0182853717026379,0.00999200639488409,0,0.0296762589928058,0,0,0,0,0,0,0,0.00589528377298161,0.0119904076738609,0.00819344524380496,0.000199840127897682,0.000699440447641887,9.99200639488409e-05,0,0,0,0,0.000299760191846523,0,0.00349720223820943,0,0.0245803357314149,0,0,0,0,0,0,0,0,0.000299760191846523,0.00159872102318145,0,0.00429656274980016,0.0167865707434053,0.00119904076738609,0,0.00749400479616307,0,0.000299760191846523,0,0,0.000599520383693046,0,0,0,0,0,0.000299760191846523,0,0.00599520383693046,0.086031175059952,9.99200639488409e-05,0,9.99200639488409e-05,0,0,9.99200639488409e-05,0.0777378097521982,9.99200639488409e-05,0.00249800159872102,0.0218824940047962,0,0,0,0,9.99200639488409e-05,0,0,0,0,9.99200639488409e-05,0,0,0,0.000199840127897682,0,0,0.00109912070343725,0
0,0,0,0,0,0,0,0.0095,0,0,0,3e-04,0,0,0,0,0,1e-04,0,1e-04,0.0092,0.0043,0,0,0,0,0,0,0,1e-04,0.0037,1e-04,0,3e-04,0,0,1e-04,0.0086,2e-04,0,0,3e-04,0.0038,0.0107,0,0.001,0,5e-04,0,0,5e-04,0,0,0,8e-04,0,0,0,0,6e-04,0,0.0011,0,0,0,0,0.0012,0,0,0,0.0049,0,0,0.0255,0,0,0,0,0,0.0033,4e-04,2e-04,0.0052,0.0012,0,0,5e-04,0,0,0.0032,0,0,0.0028,0,1e-04,0,0,0,0.0014,0,0,0.0057,0,0,0,0,0,1e-04,0,0,0,0.0247,0,0.0131,0.001,0,0,0,1e-04,0,0,0,0,0.0056,9e-04,0,0,0,6e-04,0.0033,0.0011,0.0233,0,0,0,0,0.0041,0,0,0,0,0,0,0,0,0,1e-04,0,0,0,1e-04,1e-04,0,3e-04,0,0,0,0,0.0381,0.0429,0,0,0,0.0744,0,0,0,0,0,0,0,0,0,0,0,0,0,0.0022,0.0012,0,0,0,0,0,0,0,0,3e-04,0,0,0,0.0064,0,0,0,0,0,0,0,0,0.0372,0,0,0.0046,0,0,0,0,0,0,0,0.0112,0,0.0011,0.0027,0,0.0107,0.005,1e-04,0,0,0,0,0,0,4e-04,0.0058,0,3e-04,0,0.0094,0,0,0,0,0,0,0,0,0,0.0023,0,0,0.0038,0,0,0,0,4e-04,0,0,3e-04,3e-04,0,0.0011,0,0,0,4e-04,0.0041,0,0,7e-04,1e-04,0,0,0,0,0,0,0,0.0059,0.0149,0,0,0,0,0,0,0.4876,2e-04,0.0069,0.006,0,0,0,0,0,0,0.003,0,0,1e-04,0,0.0012,0,9e-04,0.0158,0,0,0
9.9940035978413e-05,0,0,0,0,0,0,0,0,0,0,0,0.000299820107935239,0,0,0,9.9940035978413e-05,0,0,0,0,0,0,0,0,0.0422746352188687,0,0,0.000999400359784129,0.000899460323805717,0.00259844093543874,0,0,0.00129922046771937,0,0,9.9940035978413e-05,0.00489706176294223,0,0,0,0,0,0,0,0,0.00629622226664002,0,0,0,0,0,0,0,0,0,0,9.9940035978413e-05,0,0,0,0,0,0,0,0,0.0181890865480712,9.9940035978413e-05,0,0,0,0,0,0,0,0,0,0,0,0.00449730161902858,0,0,0.0153907655406756,0,0,0,9.9940035978413e-05,0,0,0.00439736158305017,0,0.00339796122326604,0.000299820107935239,0,0,0,0,0,0,0,0,0,0,0,0,0.000499700179892065,0,0.216769938037178,0,0,0,0,0,0.00169898061163302,0,0.000599640215870478,0,0.00159904057565461,0.0101938836697981,0,0,0,0.00789526284229462,0,9.9940035978413e-05,0,0,0,0,0,0.0290825504697182,0.0182890265840496,0,0.00349790125924445,0,0.000299820107935239,9.9940035978413e-05,0,0,0,0.00149910053967619,0,0,0,0,0,0,0,0.00209874075554667,0,0,0,0,0.00319808115130921,0,0,0,0,0,0,0,0,0,9.9940035978413e-05,0,0,0,0,0,0,0,0.000199880071956826,9.9940035978413e-05,0,0,0,0.00559664201479113,0.00949430341794923,0.00339796122326604,0,0,0.00329802118728763,0,0,0.00219868079152508,0,0,0,0,0,0,0.00199880071956826,0.000199880071956826,0,0,0,0.0238856685988407,0.00439736158305017,0,0,0,0.0076953827703378,0,0,0,0.000799520287827304,0,0,0.000199880071956826,0,0,0,0,0,0,0.0136917849290426,0,0,0.00379772136717969,0,0.000199880071956826,0,0,0.00369778133120128,9.9940035978413e-05,0,0,0,0,0.00339796122326604,0.000799520287827304,0,0,0.0206875874475315,0,0,0.000199880071956826,0,0.000699580251848891,0,0,0,0.101139316410154,0,9.9940035978413e-05,0,0,9.9940035978413e-05,0.00109934039576254,0,0.000499700179892065,0,0,0,0,0.000199880071956826,0.000299820107935239,0,0,0,0.000399760143913652,0,0,0.000799520287827304,0,0,0,0,0,0.0118928642814311,0,0,0.0730561663002199,0,0,0,0,0,0.000199880071956826,0.268538876673996,0,0,0,0,0,0,0.000399760143913652,9.9940035978413e-05,0.0157905256845892,0,0,0,0,0,0.00609634219468319,0,0.000299820107935239,0,0,0.00439736158305017,0
0,0,0,0,0,0,0.001,0.0056,0,0,0,0,4e-04,0,0.0012,0,0,0,0,0,0,0,0,4e-04,0,0,0,0,0,0,0,0,0,0.0225,0,0,0,0.0292,0,1e-04,0,0,0,0.0086,0,0.0244,0,0,0,0,0,0,0,0,0,0,0,0,0,0,0,0,0,0,0,0,0.0987,0,0,0,0.0032,0,0,0,0,0,0,0,0,0,0,0,0.001,0,0,0,0,0.0242,0,5e-04,0,7e-04,0,0,0,8e-04,0,0,0.0044,0,0,0,0,0,0,0,0.0474,0.308,0.0013,0,0,0,0,0,0,0,0,0,0,0,0,0,0,0,0.0039,0,0,0,0,0,0,0.0153,0,0,0,0,5e-04,0,0,0,0.2651,0,0,0,0,0,0,0,0,0,0,0,0,0,1e-04,0,0,0,0,0.0045,0,0,0,0,0,0,0,0.0103,0,0,0,0,0.0012,0,0,0,0,0,0,0,0,0,0,0,0,0,0,0,0,0,0,0.0221,6e-04,0,0,2e-04,0,0,0,0,0,2e-04,0,0,0.017,0,0,0,2e-04,1e-04,0,0,0,0,0,0.0029,0,0,0,0,0,0,0,0,0,0,0,0,0.0038,0,0,0,0,0.02,0,0,0,0,4e-04,0,0,0,0,0,0,0,0,0,0,0,0.0011,0,0.0023,0,0,0.0019,0,0,0,0,0,0,0,0,0,0,0,0,0,1e-04,0,0,0.0107,0,0,0,0,0,2e-04,0,0,0,0.0162,0,0,0,0,0.0011,0,0,0,0,0,0,0.0144,0,0,0,0,0,0
0,0,9.99000999000999e-05,9.99000999000999e-05,0,0,9.99000999000999e-05,0.0014985014985015,0,0,0,0,0,0.0167832167832168,9.99000999000999e-05,0,0,0.0001998001998002,0,0,0.00679320679320679,0.0020979020979021,0,0.0001998001998002,0.0001998001998002,0.117282717282717,0,0,0.0003996003996004,0.0011988011988012,0.00809190809190809,0,0,0.0014985014985015,0,0,0.0014985014985015,0.00599400599400599,0.0001998001998002,9.99000999000999e-05,0,0,0,0.0033966033966034,0,0.0121878121878122,0,0,0,0,9.99000999000999e-05,0,0,0,0.0028971028971029,0,0,9.99000999000999e-05,0,0.000799200799200799,9.99000999000999e-05,0,0,0.0001998001998002,0,0,0.0317682317682318,0,0,0.0027972027972028,0.0010989010989011,9.99000999000999e-05,0,0.003996003996004,0,0,0,0,0,0.000999000999000999,0,0,0.0123876123876124,0,0,9.99000999000999e-05,0,0,0,0.0036963036963037,0.0002997002997003,0.001998001998002,0.0001998001998002,0,0,0.000799200799200799,0,0,0.0004995004995005,0,0,0,0,0,0.0002997002997003,0.0004995004995005,0,0.232867132867133,0,0.010989010989011,0,0,0,0.0683316683316683,0,0.0001998001998002,0,9.99000999000999e-05,0.021978021978022,0.0003996003996004,0.001998001998002,0,0,0.0001998001998002,0.000899100899100899,0,0,0,0,0,0.0275724275724276,0,0,0,0,0,9.99000999000999e-05,0,0,0,0.0002997002997003,0,0,0,0,0,0,0,0,0.0017982017982018,0,0,0.0001998001998002,0,0,0,0,0,0.000599400599400599,0.0014985014985015,0,0,0,0,0,0,9.99000999000999e-05,0,0,0,0,0,9.99000999000999e-05,0,0,0,0.0034965034965035,9.99000999000999e-05,0.0013986013986014,0,0,0,0,0,0,0,0.0003996003996004,0.0131868131868132,0,0,0,0.0208791208791209,0,9.99000999000999e-05,0.0016983016983017,0,0.0315684315684316,0.0035964035964036,0,0,0,0.000699300699300699,0,0,0.0122877122877123,0,0,0,0,0.0001998001998002,0.00939060939060939,0,0,0,0,0.0017982017982018,0.002997002997003,0,0,0,9.99000999000999e-05,0.0221778221778222,0,0,0,0,0.0003996003996004,0,0.0021978021978022,0.0012987012987013,0,0,0,0.0901098901098901,0,0.000599400599400599,9.99000999000999e-05,0,0,0,0,0,0.0174825174825175,0,0.0020979020979021,0,0,0,0,0,0,0,0,0,0.0026973026973027,0.0126873126873127,0,0.0002997002997003,0,0,9.99000999000999e-05,0,0,0.000799200799200799,0,0,0,0.012987012987013,0.0022977022977023,0.0014985014985015,0.0017982017982018,0,0.0011988011988012,0,9.99000999000999e-05,9.99000999000999e-05,0,0,0,0.0942057942057942,9.99000999000999e-05,0,0.00729270729270729,9.99000999000999e-05,0,0,0,0,0,0.000599400599400599,0,0,0,0.0001998001998002,0.0004995004995005,0,0.000699300699300699,0,9.99000999000999e-05,0.0032967032967033,0
0,0,0,0,0,0,0.000399800099950025,0,0,0,0,0,0,0.0456771614192904,0.00169915042478761,0,0,0,0,0,0,0,0,0,0,0.231184407796102,0,0,0.00649675162418791,0,0,0,0,0.00919540229885057,0.00109945027486257,0,0,0.00529735132433783,0,0,0,0,0,0,0,0.0176911544227886,0,0,0,0,0,0,0,0,0,0,9.99500249875062e-05,0,0,0.0364817591204398,0,0,0,0.000299850074962519,0,0,0.0642678660669665,0,0,0,0.0031984007996002,0,0,0,0,0.0233883058470765,0,0,0,0.00859570214892554,0,0,0,0,0,0.000199900049975012,0.0391804097951024,0,0,0.0031984007996002,0.00129935032483758,0.0015992003998001,0,0,0,0.00249875062468766,0,0,0,0,0,0.00189905047476262,0,0,0,0,0.000399800099950025,0.0439780109945027,0,0,0,0,0,0.0375812093953024,0,0,0,9.99500249875062e-05,0.0169915042478761,0,0,0,0,0,0.00339830084957521,0,0,0,0,0,0,0.0683658170914543,0,9.99500249875062e-05,0,0,0.000299850074962519,0,0,0,0.0852573713143428,0,0,0,0,0,0,0,0,0,0.00079960019990005,0,0,0,0,0,0,0,0,0.031384307846077,0,0,0,0,0,0,0,0,0,0.000499750124937531,0.00079960019990005,0,0,0,0,0,0,0.00419790104947526,0,0,0,0,0,0,0,0,0,0,0,0.00239880059970015,0,0,0,0,0,0,9.99500249875062e-05,0,0,0,0,0,0,9.99500249875062e-05,0,0.00119940029985007,0,0,0.000199900049975012,0,0,0,0,0,0.000699650174912544,0,0.00679660169915042,0.00229885057471264,0.000199900049975012,0,0.00449775112443778,0,0,0,0,0.000999500249875062,0,0,0.0190904547726137,0,0.00809595202398801,0,0,0.0256871564217891,0.000299850074962519,0,0.000599700149925037,0,0,0.00869565217391304,0,0,0,0,0,0,0,0,0,0,0,0.000199900049975012,0.00289855072463768,0,0,0.000499750124937531,0.00209895052473763,0,0,0,0,0,0,0,0,0,0,0.00599700149925037,0,0.00279860069965018,0,0,0.0320839580209895,0,0,0,0.000599700149925037,0,0,0.0427786106946527,0,0,0.0168915542228886,0,0,0,0,0,0.00899550224887556,0,0,0,0,0,0,0,0.00119940029985007,0,0,0.00189905047476262,0
0,0,0,0,0,0,0.000199860097931448,0,0,0,9.9930048965724e-05,0,0,0,0.00599580293794344,0,0,0,0,0,0,0.00099930048965724,0,0.000599580293794344,0,0.102228440091936,0,0,0.00149895073448586,0.00119916058758869,9.9930048965724e-05,0,9.9930048965724e-05,0,0,0,0.00129909063655441,0,0,0,0,0,0,0,0,9.9930048965724e-05,0,0,0,0,0,0,0,0.000199860097931448,0.000599580293794344,0.000299790146897172,0,0,0,0,0,0,0,0,0,0,0.00559608274208054,0,0,0,0.000299790146897172,0,9.9930048965724e-05,0,0,0,0,0,0,0,0,0,0,0,0,0.00129909063655441,0.00299790146897172,0,0,0.00229839112621165,0,0.00269811132207455,0.000399720195862896,0,0,0,0,0,0.000799440391725792,0,0,0.0049965024482862,0,0,0,0,0,0.00199860097931448,0,0.0053962226441491,0,0,0,0.000199860097931448,0,0.000399720195862896,0.00449685220345758,0,0,0,0.00399720195862896,0,0,0.000199860097931448,0.00099930048965724,0,0,0,0,0,0.0138902768062356,0,0,0,0.00049965024482862,0,0.415709003697412,0,0,0,0.0227840511641851,0,0,0,0.000199860097931448,0,0.00099930048965724,0,0.00119916058758869,0,0,0,0,0,0,0,0,0,0,0,0,0.00509643249725192,0,0,0,0,0,0,0,0,0,0.00989307484760668,0,0,0,0,0.0024982512241431,9.9930048965724e-05,0.000299790146897172,0,0,0,0,0,0,0,9.9930048965724e-05,0.00429699210552613,0,0,0,0.0070950334765664,0,0,0,0,0,0,0,0,0,0.00099930048965724,0,0,0,0,0,0,0.000199860097931448,0,0.00669531328070351,0,0,0,9.9930048965724e-05,0.00159888078345158,0,0,0.0078944738682922,0,0,0,0,0,0,0,0,0,9.9930048965724e-05,0.00769461377036075,9.9930048965724e-05,0,0,0.00229839112621165,0,0,0,0,0,9.9930048965724e-05,0,0,0,0,0,0,0,0,0,0,0,0,0,0,0,0,0.00119916058758869,0,9.9930048965724e-05,9.9930048965724e-05,0,0,0,0.000399720195862896,9.9930048965724e-05,9.9930048965724e-05,0,0,0,0.179574297991406,0,0,0.00929349455381233,0,9.9930048965724e-05,0,0,0,0,0.112421305086439,0,0,0.000399720195862896,0,0,0,0,0,0,0.00229839112621165,0,0.00109923053862296,0,0,0.00179874088138303,0,0.020985310282802,0,0,0.002897971420006,0
0,0,0.000199880071956826,0,0,0,0,0,0,0,0,9.9940035978413e-05,0,0,0.00419748151109334,0.000799520287827304,0,0,0,0,0,0.00209874075554667,0,0,0,0.27013791724965,0,0,0.000999400359784129,0.00509694183489906,0,0,0,0.00579652208674795,0,0,0.00589646212272636,0.0102938237057765,0,0,0,0,0,0,0,0.00199880071956826,0,0.000399760143913652,0,0,0,0,0,0,0,0.000399760143913652,0,0,0,0.00329802118728763,0,0,0,0.000699580251848891,0,0,0.0127923246052369,0,0,0.00369778133120128,0.00879472316610034,0,0,0.000199880071956826,0,0,0,0,0,0.000799520287827304,0,0.000399760143913652,0.0359784129522287,0,0,0.00409754147511493,0,0,0,0.00369778133120128,0.00269838097141715,0.000299820107935239,0,0,0,0,0,0,0.00589646212272636,0,0.000299820107935239,0,0,0,0,0.00119928043174096,0,0.0201878872676394,0,0.00559664201479113,0,0,9.9940035978413e-05,0,0,0,0,9.9940035978413e-05,0.01888866679992,0,0.0101938836697981,0,0,0,0.0112932240655607,0.00609634219468319,0,0,0,0,0.0618628822706376,0.00219868079152508,0,0,9.9940035978413e-05,0,0,0,0,0.000899460323805717,0,0,0,9.9940035978413e-05,0,0,0.00789526284229462,0,0.00429742154707176,0,0,0,0.000799520287827304,0.0030981411153308,0,0,0,0,0,0.00279832100739556,0,0.0111932840295823,0,0.00119928043174096,0,0,0,0,0,0.000599640215870478,0,0,9.9940035978413e-05,0,0,0,0.00339796122326604,0.00409754147511493,0.00159904057565461,0,0,0,0,0,0.000599640215870478,0,0,0,0.00829502298620828,0,0.00289826104337398,0.00489706176294223,0,0,0,0,0,0.00989406356186288,0,0,0,0,0,0.0243853687787328,9.9940035978413e-05,0.00239856086348191,0,0,0.000199880071956826,0,0.0656606036378173,0,0.00169898061163302,0,0.000999400359784129,0.00549670197881271,0.000999400359784129,0,0,0,0.000599640215870478,0.0371776933839696,0,0.00509694183489906,0,0,0,0,0.00259844093543874,0.010893463921647,0.000599640215870478,0,0,0.000599640215870478,0,0,0.00269838097141715,0,0,9.9940035978413e-05,0,0,0.0209874075554667,0,0.000199880071956826,0.00639616230261843,0,0,0.00149910053967619,0,0,0,0,0,0.000999400359784129,0.0232860283829702,0.00179892064761143,0,0.00169898061163302,0,0.000699580251848891,0,0,0.00159904057565461,0,0,0.000299820107935239,0,0,0.00119928043174096,0,0,0.0610633619828103,0,0,0,0,0,0,0.026384169498301,0,0,0.0733559864081551,0,0,0,0,0,0.00259844093543874,0,0,0,0,0,0.00669598241055367,0.000499700179892065,0,0.00409754147511493,0,0.00379772136717969,0
0,0.000299520766773163,0,0,0,0,9.98402555910543e-05,0.000499201277955272,0,0,0,0,0,0,0.00149760383386581,0,0,9.98402555910543e-05,0,0,0.00559105431309904,0.00209664536741214,0,0,0,0.212460063897764,0,0,0.000599041533546326,0,0,0,0,0.00269568690095847,0,0,9.98402555910543e-05,9.98402555910543e-05,0,0,0,0,0,0.00429313099041534,0,0.0144768370607029,0,0,0.000199680511182109,0,9.98402555910543e-05,0.00439297124600639,0,0,0.00249600638977636,0,0,9.98402555910543e-05,0,0.00189696485623003,0,0.000798722044728434,0,0,0.0153753993610224,0,0.0144768370607029,0,9.98402555910543e-05,0.0159744408945687,0.00149760383386581,0,0,0,0,0,0,0,0,0.00289536741214057,0,0.000599041533546326,9.98402555910543e-05,0,0,9.98402555910543e-05,0.00818690095846645,0,0,0.00269568690095847,9.98402555910543e-05,0.000199680511182109,0.140475239616613,0,0,0.0010982428115016,0,0,0.00409345047923323,0,0,0,0,0.000199680511182109,0.000299520766773163,0,0.0162739616613419,0.0265575079872204,0,0.00249600638977636,0,0.000299520766773163,0,0.00429313099041534,0,0,9.98402555910543e-05,9.98402555910543e-05,0.00359424920127796,0,0,0,0,0.000399361022364217,0.00269568690095847,9.98402555910543e-05,0,0,0.000199680511182109,0.000299520766773163,0.0045926517571885,0.00988418530351438,0,0,0,0,0.00499201277955272,0,0,0,0.000499201277955272,0,0,0,0.00858626198083067,0,0.000199680511182109,0.000599041533546326,0,0,0.000898562300319489,0.00229632587859425,0,0,9.98402555910543e-05,0,0,9.98402555910543e-05,0.0101837060702875,0.000299520766773163,0,0,0,0.0102835463258786,0,0,0,0,0,0,0,0,9.98402555910543e-05,0,0,0,0,9.98402555910543e-05,0.00439297124600639,0,0.000599041533546326,0,0,0,9.98402555910543e-05,0,0,0.000898562300319489,0,9.98402555910543e-05,0,0.000998402555910543,9.98402555910543e-05,0,0,0,0,0,0,0,0,0,0,0.00219648562300319,0,0.000199680511182109,9.98402555910543e-05,0.000599041533546326,0,0,0,0,0.000299520766773163,0,0.000299520766773163,0,0.0426317891373802,0.000998402555910543,0.00069888178913738,0.000299520766773163,0.000798722044728434,0.00119808306709265,0,0,0,0.00339456869009585,0.000499201277955272,0,0.0114816293929712,9.98402555910543e-05,0.00159744408945687,9.98402555910543e-05,0,0.0280551118210863,0,9.98402555910543e-05,0,0,0,0,0,0,0,9.98402555910543e-05,0,0,0,0,0,0.000898562300319489,0.0023961661341853,9.98402555910543e-05,0.00129792332268371,0,0,9.98402555910543e-05,0,0,0.000199680511182109,0.000299520766773163,9.98402555910543e-05,0,9.98402555910543e-05,0,0,9.98402555910543e-05,0,0.014676517571885,0.000399361022364217,0.00269568690095847,9.98402555910543e-05,0.000399361022364217,0.0224640575079872,0,0,0,0,0.000199680511182109,0,0.251098242811502,0,0,0.0058905750798722,0,0,9.98402555910543e-05,0,0,0.00279552715654952,0.00309504792332268,0,0,0,0,0.00389376996805112,0,0,0.00489217252396166,0,0.00429313099041534,0
0,0,0,0,0,0,0,0.00670268107242897,0,0,0,0,0.00040016006402561,0,0.00820328131252501,0,0.000300120048019208,0,0,0,0,0,0,0,0,0.000200080032012805,0,0,0.00110044017607043,0,0,0,0,0,0,0,0.00250100040016006,0.0182072829131653,0,0,0,0,0,0,0,0,0,0,0,0,0,0,0,0,0,0.000300120048019208,0,0.000600240096038415,0,0,0,0,0,0,0,0,0.00660264105642257,0,0,0.000100040016006403,0,0,0,0,0,0,0,0,0,0,0,0,0,0,0,0.00120048019207683,0.00110044017607043,0,0,0,0,0.00210084033613445,0.0131052420968387,0,0,0,0.00300120048019208,0,0,0,0,0,0,0,0,0,0,0.529611844737895,0,0,0,0,0,0.0204081632653061,0,0,0,0,0.0122048819527811,0,0,0.0133053221288515,0,0.000600240096038415,0,0,0,0,0,0,0,0.00530212084833934,0,0,0,0,0.00300120048019208,0,0,0,0.00270108043217287,0,0,0,0,0,0.00100040016006403,0,0,0,0,0,0.00590236094437775,0.00260104041616647,0,0,0,0,0,0,0,0,0,0,0,0,0,0,0,0.000300120048019208,0,0.000200080032012805,0,0,0,0,0,0,0,0,0,0,0,0,0,0,0,0,0,0,0,0.00660264105642257,0.000300120048019208,0,0,0,0,0,0,0,0,0,0,0,0,0.00650260104041617,0,0,0,0,0.054921968787515,0,0,0,0,0,0,0,0,0,0,0,0,0,0,0,0,0,0,0,0.00040016006402561,0,0,0.0339135654261705,0,0,0,0,0,0,0,0,0,0,0.00040016006402561,0.00300120048019208,0,0,0,0,0,0,0,0,0,0.00580232092837135,0.00100040016006403,0,0,0,0,0,0,0,0,0.00160064025610244,0,0,0,0.0431172468987595,0,0,0.0921368547418968,0,0,0,0,0,0,0.0798319327731092,0,0,0.00520208083233293,0,0,0,0,0.000800320128051221,0,0,0,0,0,0,0,0,0.000300120048019208,0,0,0.00130052020808323,0
0,0,0,0,0.000399281293671391,0,0,9.98203234178479e-05,0,0,0,0,0,0.021661010181673,0.00339389099620683,0,0,9.98203234178479e-05,0,0,0.00189658614493911,0.000299460970253544,0,0,0,0.295967258933919,9.98203234178479e-05,0,0.000598921940507087,0,0.000898382910760631,0,0,0.00359353164304252,0.000199640646835696,0,0.000399281293671391,9.98203234178479e-05,9.98203234178479e-05,0,0,9.98203234178479e-05,0,0.00189658614493911,0,0.00309443002595328,0,0.000698742263924935,0,0,0,0,0,0,0,0,0,0,0,0.000598921940507087,0,0.000698742263924935,0,0,0.000299460970253544,0,0.0128768217209024,0,0,0,9.98203234178479e-05,0,0,0.00139748452784987,0,0,0,0,0,0.000199640646835696,0,0.000399281293671391,0.000299460970253544,0,0,0,0.00848472749051707,0,0,0.00159712517468557,0.000898382910760631,9.98203234178479e-05,0,0,0.000698742263924935,0,0,0,0.00139748452784987,0,0,0,0,0.00109802355759633,9.98203234178479e-05,9.98203234178479e-05,0.0143741265721701,0.044619684567778,0.000199640646835696,0.000399281293671391,0,0,0,0.0068876023158315,9.98203234178479e-05,9.98203234178479e-05,0,0,0.00768616490317429,0,0,0.000399281293671391,0,9.98203234178479e-05,0.00239568776202835,0.000598921940507087,0,0,0.000299460970253544,0,0,0.0109802355759633,0.0181672988620483,9.98203234178479e-05,0,0,0.0286484328209223,0,0,9.98203234178479e-05,0.000998203234178479,0,0,0,0.000199640646835696,0,0,0,0,0.00429227390696746,0.000798562587342783,0.000698742263924935,0,0.00109802355759633,9.98203234178479e-05,0,0,0,0.00279496905569974,0.00159712517468557,0,0,0,0.0465162707127171,0,9.98203234178479e-05,0,0,0,9.98203234178479e-05,9.98203234178479e-05,0,0,0,0,0,0,0.00588939908165302,0.000598921940507087,0,9.98203234178479e-05,0,0,0,9.98203234178479e-05,0,0,0.000299460970253544,0,0,9.98203234178479e-05,0.0022958674386105,9.98203234178479e-05,0,0,0,0,9.98203234178479e-05,9.98203234178479e-05,0,0,0,0.114693551607107,0.00139748452784987,0,0.000698742263924935,9.98203234178479e-05,0,9.98203234178479e-05,9.98203234178479e-05,0,0,0.000299460970253544,0.000299460970253544,0.000199640646835696,9.98203234178479e-05,0.00219604711519265,0.000798562587342783,0.000698742263924935,0,0,0.00119784388101417,0,0,0,9.98203234178479e-05,0.00189658614493911,0,0.00319425034937113,9.98203234178479e-05,0.00888400878418846,0,0,0.0669794370133759,0,0,9.98203234178479e-05,0,0,0,9.98203234178479e-05,0.00439209423038531,0,9.98203234178479e-05,0,0.00169694549810341,0,0,0,0,0.00199640646835696,9.98203234178479e-05,0,0,0.000399281293671391,0.00289478937911759,0.000998203234178479,0,9.98203234178479e-05,0.000399281293671391,0.000199640646835696,0,0,0.000199640646835696,0,0,0,0.00319425034937113,0,0.0110800558993811,0,0.000299460970253544,0.044619684567778,0,0,0,0,9.98203234178479e-05,9.98203234178479e-05,0.138750249550809,0,0,0.0022958674386105,0,0,0,0,0,0.00119784388101417,0,0,0,0,0,0.00129766420443202,9.98203234178479e-05,0.00149730485126772,0.00279496905569974,0,0.00279496905569974,0
0,0,0,0,0,0,0.000399480675122341,0,0,0,0,0,0,0,0.00019974033756117,0,0.000399480675122341,0,0,0,0,9.98701687805852e-05,0,9.98701687805852e-05,0,0.0725057425347049,0,0,0.000299610506341756,0.00289623489463697,0.00109857185658644,0,0,0.00119844202536702,0,0,0.000299610506341756,0.00019974033756117,0,0,0,0,0,0,0,9.98701687805852e-05,0,0,0,0,0,0,0,0,0,0,0,9.98701687805852e-05,0,0.00469389793268751,0,0,0,0,0,0,0.00769000299610506,9.98701687805852e-05,0,0,9.98701687805852e-05,0,0,0,0,0,0,0,0,0.000599221012683511,0,0,0,0,0,0,0,0,0,9.98701687805852e-05,0.00019974033756117,0.000798961350244682,0.0153800059922101,0,0,0.00479376810146809,0,0,9.98701687805852e-05,0,0,0,0,0,9.98701687805852e-05,0.000898831519025267,0,0.269749325876361,0,0.00489363827024868,0,0,0.000399480675122341,0,0.000399480675122341,0.000699091181464097,0,9.98701687805852e-05,0.00449415759512634,0.00019974033756117,0.00499350843902926,0,0,9.98701687805852e-05,9.98701687805852e-05,9.98701687805852e-05,0,0,0,0,0.00569259962049336,0,0,0.00159792270048936,0,0,9.98701687805852e-05,0,0,0,0.000699091181464097,9.98701687805852e-05,0.000998701687805852,0,0,0,0.000798961350244682,0,0,9.98701687805852e-05,0,0,0,0.000399480675122341,0,0,0,0,0,0.000998701687805852,0,0.00369519624488165,0,0,0,0.0121841605912314,0,0,0,0,9.98701687805852e-05,0,0,0,0,0,0.00239688405073405,9.98701687805852e-05,0.00109857185658644,0,0,0.00109857185658644,0,0,9.98701687805852e-05,0,0,0,0,0,0,0.000699091181464097,0,9.98701687805852e-05,0,0,0.000599221012683511,0.00169779286926995,0,0,0,0,0,0,0,0,0,0,0,0,0.00329571556975931,0,0,0,0,0.00119844202536702,0.000798961350244682,0,9.98701687805852e-05,0,0,0,0,0,0,0,0,0,0,0.00249675421951463,0,0,0,0.000399480675122341,0,0,0,0,9.98701687805852e-05,9.98701687805852e-05,0,0,0.0149805253170878,0,0,0,0,0,0.000599221012683511,0,0,0,0,0,0,0,0.000299610506341756,0,0,0,9.98701687805852e-05,0,0,9.98701687805852e-05,0,0,0,0,9.98701687805852e-05,0.52222111255368,0,0,0.00279636472585639,0,9.98701687805852e-05,9.98701687805852e-05,0,0,0,0.0101867572156197,0,0,0.000699091181464097,9.98701687805852e-05,0,0.000599221012683511,0,0,0.000699091181464097,9.98701687805852e-05,0,0,0,0,0.000299610506341756,9.98701687805852e-05,9.98701687805852e-05,0,0,0.00019974033756117,0
0,0,9.99200639488409e-05,0,0,0,0,0,0,0,0,0,0,0,0.00189848121502798,0,0.00289768185451639,9.99200639488409e-05,9.99200639488409e-05,0,0.0218824940047962,0.0016986410871303,0,0.000299760191846523,0,9.99200639488409e-05,0,0,0.000299760191846523,0,0.0645483613109512,0,0,0.00419664268585132,0,0,0.00109912070343725,0.00959232613908873,0,0,9.99200639488409e-05,0,0,0,0,0,0,0.000999200639488409,0,0,0.00229816147082334,0,0.000199840127897682,0,0,0.000199840127897682,0,9.99200639488409e-05,0,0.023880895283773,0.000499600319744205,0,0,0,0,0,0.00489608313349321,0,0,0.00139888089528377,0.00269784172661871,0,0,0,0,0,0,0,0,0.0230815347721823,0,0,0,0,0.00709432454036771,9.99200639488409e-05,0,0,0,0.00349720223820943,9.99200639488409e-05,0.010691446842526,0,0,0,0.000399680255795364,0,0,0.00249800159872102,0,0.000699440447641887,0,0,0,0,0.000299760191846523,0,0.08103517186251,0,0.00499600319744205,0,0,0,0.00559552358113509,0,0.000399680255795364,0,9.99200639488409e-05,0.00929256594724221,0,0,0.000499600319744205,0,0,0,9.99200639488409e-05,0,0,0.000399680255795364,0,0.0171862509992006,0.00199840127897682,0,0.00969224620303757,0.000499600319744205,0,9.99200639488409e-05,0,0,0,9.99200639488409e-05,0,0,0,0,0,0.000899280575539568,0,0.00319744204636291,0,0.00269784172661871,0.0182853717026379,0,0.00489608313349321,0,0,0,0,9.99200639488409e-05,0.00229816147082334,0,0,0,0.0111910471622702,0,0,0,0,0,0,0.00109912070343725,0,9.99200639488409e-05,0,0,0,0.00749400479616307,0,0.00299760191846523,9.99200639488409e-05,0,0,0,0.00209832134292566,0.000699440447641887,0,0,9.99200639488409e-05,0,0,0,0.00179856115107914,9.99200639488409e-05,0,0,0,0.00779376498800959,0.00769384492406075,0,0.0149880095923261,0,0,0,0,0,0.00329736211031175,0,0,0,0.000599520383693046,0,0,0.000799360511590727,0.00199840127897682,0.000199840127897682,0.00509592326139089,0.0166866506794564,0.000799360511590727,0.0265787370103917,0.000199840127897682,0,0.041466826538769,0,0.000399680255795364,0,0,0,0,0.00899280575539568,0.00529576338928857,0.00559552358113509,0,0,0.008792965627498,0,0,0.00129896083133493,0,0,0.000499600319744205,0,0,0.0193844924060751,0,0,0,0,0,0,0,0.109112709832134,0.000499600319744205,0.00339728217426059,0,0.0111910471622702,0.000199840127897682,9.99200639488409e-05,0,0.00199840127897682,0,9.99200639488409e-05,0,0,0.000199840127897682,0.0319744204636291,0,0,0,0,0.00599520383693046,0,0.00449640287769784,0.00399680255795364,9.99200639488409e-05,0.000299760191846523,0,0,0,0,0.242106314948042,0.000299760191846523,0,0.00709432454036771,0,0,0,0,0,0.00139888089528377,0.0016986410871303,0,0,0,0,0,0.00349720223820943,0.000199840127897682,0,0,0.00489608313349321,0
0,0,0,0,0,0,0,0.00189924030387845,0,0,0,0,0,0,0.00109956017592963,0,0,0,0,0,0.0174930027988804,0.000299880047980808,0,0.00899640143942423,0,0.390143942423031,0,0,0.00819672131147541,0,0.00949620151939224,0,0,0.00129948020791683,0,0,0.0313874450219912,0.00639744102359056,0,0,0,0,0,0.0149940023990404,0,0.0325869652139144,0,0,0,0,0,0,0,0,0.00109956017592963,0,0,0,0,0.00369852059176329,0,0,0,0,0,0,0.0108956417433027,0,0,0,0,0,0,0.0373850459816074,0,0,0,0,0,0.00689724110355858,0,0,0,0,0.00759696121551379,0,0.0078968412634946,0,0,0.00809676129548181,0,0.00109956017592963,0.00199920031987205,0,0,9.99600159936026e-05,0,0,0.00739704118352659,0,0,0.000199920031987205,0,0,9.99600159936026e-05,0.000299880047980808,0,0.0196921231507397,0,0.00139944022391044,0,0,0,0.0039984006397441,0,0,0,0,0.0111955217912835,0.000299880047980808,0,0,0,9.99600159936026e-05,0.00459816073570572,0,0,0,0,0,0,0,0,0,0,0,0.0118952419032387,0,0,0,0.000599760095961615,0,0,0,0,0,0.00259896041583367,0,0,0,0,0,0,0,0,0,0,0,0,0.000299880047980808,0,0,0,0.0756697321071571,0,0,0,0,0,0,0.000199920031987205,0,0,0,0,0,0,0,0.00989604158336665,0,0,0,0,0,0,0,0,0,0,0,0,0.00359856057576969,0.000299880047980808,9.99600159936026e-05,0,0,0,0,0,0,0,0,0,0,0,0.00119952019192323,0,0,0,0,0,0,0,0,0.00079968012794882,0,0.00949620151939224,0,0,0,0,0,0,0,0,0,0,0,0.00589764094362255,0.000699720111955218,0,0,0,0.00259896041583367,0,0,0,0,0,0,0.00039984006397441,0,0,0,9.99600159936026e-05,0,0,0,0,0,0,0,0,0,0.00119952019192323,0,0,0,0.00079968012794882,0.00269892043182727,0,0,0,0,0,0,0,0,0,0.000199920031987205,0,0,0.00589764094362255,0,0.00039984006397441,0.000199920031987205,0,0,0.00229908036785286,0.179128348660536,0,0,0.00169932027189124,0,0,0,0,0,0.00409836065573771,0,0,0,0.000199920031987205,0,0.00549780087964814,0,0.000499800079968013,0,0,0.00849660135945622,0
0.0002999700029997,0,0,9.99900009999e-05,0,0,0,0,0,0,0,0,0,0,0.0076992300769923,0,0.0126987301269873,0,0,0,0,0,0,0.0002999700029997,0,0.0480951904809519,0,0,0.000999900009999,0,0,0,0,0.0290970902909709,0,0,0,0,0,0,0,0,0,0,0,0.0303969603039696,0,0,0.0005999400059994,0,0,0,0,0,0,0,0,0,0,0,0,0,0,0,0,0,0,0,0,0,0,0,0,0,0,0,0,0,0,0,0,0,0,0,0,0.01999800019998,0,0,0,0,0,0,0.0145985401459854,0,0,0,0,0,0,0,0,9.99900009999e-05,0,0,0,0,0,0.167083291670833,0,0,0,0,0,0,0,0,0,0,0.0120987901209879,0,0,0,0,0,0,0,0,0,0,0,0,0.0172982701729827,0,0,0,0,0.0532946705329467,0,0,0,0.0744925507449255,0,0,0,0,0,0,0,0,0,0,0,0,0,0,0,0,0,0,0,0,0,0,0,0,0,0,0,0,0,0,0,0,0,0,0,0,0,0,0,0,0,0,0,0,0,0,0,0,0,0.000999900009999,0,0.0001999800019998,0,0,0,0,0,0,0,0,0,0,0,0,0,0,0,9.99900009999e-05,0.0001999800019998,0,0,0,0,0.0002999700029997,0,0,0,0.0075992400759924,0,0,0,0,0,0,0.0013998600139986,0,0,0,0,0,0,0,0.004999500049995,0,0,0,0,0,0.0087991200879912,0,0,0,0,0.0003999600039996,0.0044995500449955,0,0.0021997800219978,0,0,0,0,0,0,0,0,0.0050994900509949,0,0,0,0,0,0,0,0,0,0,0,0,0.404759524047595,0,0,0.0177982201779822,0.0006999300069993,0,0,0,0,0,0.0022997700229977,0,0,0.0451954804519548,0,0,0,0,9.99900009999e-05,0,0,0,0,0,0,0,0,0.0030996900309969,0,0,0,0
0,9.99700089973008e-05,0,0,0,0,0.000899730080975707,0,0,0,0,0,9.99700089973008e-05,0,0.000399880035989203,0,0,0,0,0,0,0.00159952014395681,0,9.99700089973008e-05,0,0.160551834449665,0,0,0.000599820053983805,9.99700089973008e-05,0.011296611016695,0,0,0.00529841047685694,0,0,0.00179946016195141,0,9.99700089973008e-05,0,0,0,0,0,0,0.0382885134459662,0,0,0,0,0,0,0,0,0,0,0,0,0,0,0,0,0,0,0,0,0.0111966410076977,0,0,0,0,0,0,0.00899730080975707,0,0,0,0,0,0.0505848245526342,0,9.99700089973008e-05,0.000899730080975707,0,0.0653803858842347,9.99700089973008e-05,0.000499850044986504,0,0,0,0,9.99700089973008e-05,0,0,0,0,0,0,0.00389883035089473,0,0,0,0,0,0,0,0,0.0181945416375087,0,0,0,0,0.00119964010796761,0.0151954413675897,0,0,0,0,0.00189943017094872,0,0,0,0,9.99700089973008e-05,0.00249925022493252,0,0.00979706088173548,0,0,0,0.00399880035989203,0.118864340697791,0,0.000199940017994602,0,0,0.00459862041387584,0.000199940017994602,0,0,0.000399880035989203,0,0,0,0,0,0.00189943017094872,0,0,0,0.00249925022493252,0,0,0,0,0,0,0,0,0.00439868039588124,0,0.000299910026991902,0,0.0726781965410377,0,0,0,0,9.99700089973008e-05,0,0.000299910026991902,0,0,0,0,0,0.000299910026991902,0.00669799060281915,0.00529841047685694,0,0,0,0,0,0,0,0,0,0,0,0.000399880035989203,0.00499850044986504,9.99700089973008e-05,0.000399880035989203,0,0,0,0,0,0,0,0,0,0.00149955013495951,0,0.000199940017994602,9.99700089973008e-05,0,9.99700089973008e-05,9.99700089973008e-05,0,0,0,0,9.99700089973008e-05,0,0,0,9.99700089973008e-05,0,0,0.00319904028791363,0,0,0,0,0,0,0.00609817054883535,0,0,0,0,0.0372888133559932,0,0,0,0,9.99700089973008e-05,9.99700089973008e-05,0,0,0,0,9.99700089973008e-05,9.99700089973008e-05,0,0,0,0,0,9.99700089973008e-05,0,0,0.000199940017994602,0,9.99700089973008e-05,0,9.99700089973008e-05,0,0.00159952014395681,0,0,0.000199940017994602,0,0,0,0,0,0.00289913026092172,0,0,0.0302909127261821,0,0,0,0,0,0,0.242127361791463,0,0,0.0181945416375087,0,0,0.00949715085474358,0,0,0.00179946016195141,0,0,0,0,0,0,0,0.00269919024292712,0,0,0.000499850044986504,0
0,0,0,0,0,0,0.0015992003998001,0,0,0,0,0,0,0,0.000199900049975012,0,0.000399800099950025,0,0,9.99500249875062e-05,0,0.000999500249875062,0,0,0,0.0356821589205397,0,0,0.00269865067466267,0.00169915042478761,0.0126936531734133,0,0.000299850074962519,0.00369815092453773,0,0,0.000999500249875062,9.99500249875062e-05,0,0,0.000199900049975012,0,0,0,0,0.000399800099950025,0,0,0,0,0,0,0,0,0.000299850074962519,9.99500249875062e-05,0,0,0,0.00179910044977511,0,0,0,0,0,0,0.0212893553223388,0,0.00309845077461269,0.0132933533233383,0.00079960019990005,0,0,0.00119940029985007,0,0,0,0,0,0.000999500249875062,0,9.99500249875062e-05,0.031784107946027,0,0.00209895052473763,0.000699650174912544,0,0,0,0.00109945027486257,0.00339830084957521,0.00359820089955022,0,0,0,0,0,0,0.000699650174912544,0,0,0,0,0,0.000199900049975012,0.000399800099950025,9.99500249875062e-05,0.0386806596701649,0,0.00279860069965018,0.00079960019990005,0,0,0.0015992003998001,0.00079960019990005,0,0,9.99500249875062e-05,0.016591704147926,0,0.0129935032483758,0,9.99500249875062e-05,0,0.000699650174912544,0.00229885057471264,0,0.0174912543728136,9.99500249875062e-05,0,0.0124937531234383,9.99500249875062e-05,0.00519740129935032,0,0,0,0.000199900049975012,0,0,0,0,0,0,0,0,0,9.99500249875062e-05,0,0.00309845077461269,0,0,0,0,0,0,0,0,0,0,0.00549725137431284,0,0.00449775112443778,0,9.99500249875062e-05,0,0,0.000199900049975012,0,0,9.99500249875062e-05,0.000299850074962519,0.000299850074962519,0.00109945027486257,0.000599700149925037,0,0,0.00399800099950025,0,0.00259870064967516,0,0,0.00879560219890055,0,0,9.99500249875062e-05,0,0,0.000199900049975012,0,0,0.00279860069965018,0.00239880059970015,9.99500249875062e-05,0,0.00109945027486257,0,0.00489755122438781,0.00339830084957521,0,0,0.000399800099950025,0.00169915042478761,0,0.000499750124937531,0.0162918540729635,0.000399800099950025,0,0,0.000299850074962519,0.000199900049975012,0.00289855072463768,0,0,0.000299850074962519,0.000199900049975012,0.00739630184907546,0.00399800099950025,0,9.99500249875062e-05,0,0.00729635182408796,0.00719640179910045,0,0,0,0.000399800099950025,0.00289855072463768,0,0.00259870064967516,0.00549725137431284,0.000199900049975012,0,0.000599700149925037,0.023488255872064,0,0,0,0,0,0,0,0,0.0540729635182409,0.00109945027486257,0.00789605197401299,0.0095952023988006,0,0.000299850074962519,0,0,0,0,0,0,0.00079960019990005,0.000299850074962519,0,0,9.99500249875062e-05,0.000299850074962519,9.99500249875062e-05,0,0,9.99500249875062e-05,0,0,0,0,0.000999500249875062,0.379710144927536,0,0.000299850074962519,0.0212893553223388,0,0,0,0,0,9.99500249875062e-05,0.122038980509745,0,0,0.0015992003998001,0,0,0,0,9.99500249875062e-05,0,9.99500249875062e-05,0,0,0,0,0.000999500249875062,0,0.00389805097451274,0,0,0.00119940029985007,0
0,0,0,9.99700089973008e-05,0,0,0.000299910026991902,0,0,9.99700089973008e-05,0,0,0,0.0486853943816855,9.99700089973008e-05,0,0,9.99700089973008e-05,0,0,0,0.00389883035089473,0,0.000399880035989203,0,0.204738578426472,0,0,0.000399880035989203,0,0,0,0,0.0197940617814656,0.000299910026991902,0,0.000599820053983805,0.0120963710886734,0,0,0,0,0,0,0,0.012296311106668,0,9.99700089973008e-05,0.000199940017994602,0,9.99700089973008e-05,0,0,0,0,0,0,0,0,0.0125962211336599,0,9.99700089973008e-05,0,9.99700089973008e-05,0,0,0.00159952014395681,0,0,0,0,0,0,0.000899730080975707,0,0.0402879136259122,0,0,0,0.00489853044086774,0,9.99700089973008e-05,0,0,0,0.000699790062981106,0,0,0,0.0201939418174548,0,0.000399880035989203,0.000199940017994602,0,0,0.000199940017994602,0,0,0,0,0,0.00119964010796761,0,0,0.000999700089973008,0,0,0.00769769069279216,0,0.00529841047685694,0,0,0,0.00189943017094872,0.000799760071978406,0,0,0.000299910026991902,0.0147955613316005,0,0.00219934019794062,0,0,9.99700089973008e-05,0.00839748075577327,0.000299910026991902,0,0,0,0,0.0111966410076977,0.00219934019794062,0,0,0,0.000399880035989203,0.000399880035989203,0,0,0,0,0,0,0,0,0,0,0,0.00479856043187044,0.00149955013495951,0,0,0.000199940017994602,0,0,0,0,0,0.000199940017994602,0.00339898030590823,0,0.00759772068379486,0.000299910026991902,0,0,0,0,0.0155953214035789,0,0,0.000299910026991902,0,0.000299910026991902,0,0,0.000899730080975707,0.00859742077376787,0.000499850044986504,0.0107967609717085,0,0,0.00119964010796761,0,0,0,0,0,0,0,0,0,0.00249925022493252,0,0,0,0,0.0146955913226032,0,0,0,0,0.00139958012596221,0,9.99700089973008e-05,0.00259922023392982,0.000799760071978406,0,0,0,0.00229931020693792,0.00629811056682995,0,0.00239928021593522,0,0.000299910026991902,0.0148955313405978,0.0180945716285114,0,0,0.000199940017994602,0,0.0252924122763171,9.99700089973008e-05,0,0,0,0,0,0.00349895031490553,0.0101969409177247,0.00419874037788663,0.000299910026991902,0,0.0766769969009297,0,0,0,0,0.000299910026991902,0,0.00579826052184345,0,0.0192942117364791,0,0,0,0,0,0,0,0,0.000399880035989203,0,0,0,0,0.000199940017994602,0,0.000999700089973008,0,0,0,0,0.00129961011696491,0,0,0,0,0,0.000799760071978406,0,0,0.0329901029691093,0,9.99700089973008e-05,0,0,9.99700089973008e-05,0.00109967009897031,0.222133359992002,0,0,0.0186943916824953,0,0,0,0,0,0.00309907027891633,0.000799760071978406,0,0,0,0.000299910026991902,0,0,0,0,0,0.00379886034189743,0
0,0,0,0,0.0031996800319968,0,9.99900009999e-05,0,0,0,0.0002999700029997,0,0,0,0,0,0,0,9.99900009999e-05,0,0,0.0026997300269973,0,0,9.99900009999e-05,0.182881711828817,0,0,0.0001999800019998,0,0,0,0,0,0,0,0,0.0034996500349965,0,0,0,0,0,0,0,0.0105989401059894,0,0,0,0,0,0,0,0,0,9.99900009999e-05,0,0,0,0.0121987801219878,0,0,0,0,0,0.0095990400959904,0.0060993900609939,0,0,0,0,9.99900009999e-05,0,0,0.175682431756824,0,0,0,0,0.0072992700729927,0,0.000999900009999,9.99900009999e-05,0,0,0,0,0,0,0.0053994600539946,0,9.99900009999e-05,0,0,0,0,0.0002999700029997,0,0,0,0,0,0,0.0012998700129987,0,9.99900009999e-05,9.99900009999e-05,0.424057594240576,0,0.0014998500149985,0,0,0,0,0,0,0.0001999800019998,0,0.007999200079992,0,0,0,0,0,0.040995900409959,0,0.0082991700829917,0,0.0010998900109989,0,0,0,0,0,0.0066993300669933,0,0,0,0,0.0002999700029997,0.0008999100089991,0,0,0,0,0,0.0004999500049995,9.99900009999e-05,9.99900009999e-05,0,0,0,0,9.99900009999e-05,9.99900009999e-05,0,0,0,0,0,0,0,0,0,0,0,0,0,0,0.0002999700029997,0,0,0,0,0,0,0,0,0.0097990200979902,0.0003999600039996,0,0,0,0,0.0003999600039996,0,0,0,0,0,0,0.0090990900909909,0,0,0,0,0,0,0,0.0162983701629837,0.0005999400059994,0,0,0,0,0.0006999300069993,0,0,0,0,0,0.0043995600439956,0.0008999100089991,0,0,0,0.0102989701029897,0.0017998200179982,0.0024997500249975,0,0.010998900109989,0.0052994700529947,0,0,0,0,0,0,0,0,0,0,0,0,0,0,0.0002999700029997,0,0,0,0,0,0,0,0,0,9.99900009999e-05,9.99900009999e-05,0,0,0,0.0006999300069993,0.0005999400059994,0,0,0,0,0,0,0,0.0002999700029997,0,0,0,0,0,0,0,0.0002999700029997,0.0016998300169983,0,0,0,0,0,0,0.0006999300069993,0,0.0007999200079992,0,0,0,0,0,0,0,0,0,0.0044995500449955,0,0,0,0,0,0,0,0,0,0,0,0
0,0,0,0,0,0,0,0,0,0,0,0,0,0.00859828034393121,0,0,0,0,0,0,0,0.0131973605278944,0,0,0.000699860027994401,0.0308938212357528,0,0,0.00709858028394321,0,0.0103979204159168,0,0,0,0,0,0,0.0530893821235753,0,0,0,0,0,0,0,0.0594881023795241,0,0,0,0,0,0,0,0,0,0,0,0,0,0.0446910617876425,0,0,0,0,0,0,0.0236952609478104,0,0,0,0.0126974605078984,0,0,0,0,0,0,0,0,0.0470905818836233,0,0,0,0,0,0,0,0,0,0.00529894021195761,0,0,0.0013997200559888,0,0,0,0,0,0.00559888022395521,0,0,0,0,0,0,0,0,0.0975804839032194,0,0,0,0,0,0.00859828034393121,0,0,0,0.0002999400119976,0.0235952809438112,0,0,0,0,9.99800039992002e-05,0.00529894021195761,0,0,0,0,0,0.00439912017596481,0.00589882023595281,0,0,0,0,0,0,0,0,0.0028994201159768,0,0,0,0,0,0,0,0,0,0.0016996600679864,0.0001999600079984,0,0,0,0,0,0,0,0.0303939212157568,0,0,0,0.000499900019996001,0,0,0,0,0,0,0.00399920015996801,0,0,0,0,0,0,0.011497700459908,0.00619876024795041,0,0,0,0,0,0,0,0,0,0,0,0,0,0,0,0,0,0,0,0,0,0,0,0,0,0,0.0310937812437512,0,0,0,0,0,0,0,0,0,0,0.0135972805438912,0,0,0.000799840031993601,0,0,0,0,0,0.0011997600479904,0,0,0,0,0,0,0,0.0478904219156169,0,0,0,0,0,0,0,0,0,0,0,0,0,0,0,0,0,0.0010997800439912,0,0,0,0,0.0267946410717856,0,0,0,0.00439912017596481,0,0,0,0,0,0,0.00509898020395921,0.00389922015596881,9.99800039992002e-05,0,0,0.0012997400519896,0,0,0,0,0,0,0.323635272945411,0,0,0,0,0,0,0,0,0.001499700059988,0,0,0,0,0,0.00349930013997201,0,0,0.00639872025594881,0,0,0.000599880023995201
0,0,0,0.000199780241734093,0,0,9.98901208670463e-05,0.00359604435121366,0.0956947357906303,0,0,0,0.000499450604335231,0.0106882429327739,0.000499450604335231,0,0,0,0,0,0.00399560483468185,0,0,0.000299670362601139,0,0.100988912196584,9.98901208670463e-05,0,0.00139846169213865,0.00339626410947957,0.0300669263809809,0,0,0.00469483568075117,0,0,0.00269703326341025,0.0457496753571072,0,9.98901208670463e-05,0,0,0,0,0,0.0981919888123065,0.0209769253820797,0,0,0,0.000299670362601139,0,0,0,0.0113874737788433,0,0,9.98901208670463e-05,0,0.0274697832384377,9.98901208670463e-05,0.00369593447208071,0,0,0,9.98901208670463e-05,0,0.000299670362601139,0,0.00329637398861253,0,0.000299670362601139,0,0.00109879132953751,0,0,0.000199780241734093,9.98901208670463e-05,0,0,0,0,0.0185795624812706,0,0.0012985715712716,0,0,0,0.000199780241734093,0.00469483568075117,0.00749175906502847,0.000599340725202278,9.98901208670463e-05,0,0,0,0,0,0,0,0,0,0,0,0,9.98901208670463e-05,0,0,0,0,0,0,0.000499450604335231,0.0590350614324243,0,0,0,0,0.0304664868644491,9.98901208670463e-05,9.98901208670463e-05,0,0,9.98901208670463e-05,0.0142842872839876,0,0,0,0,0,0.00839077015283188,0.00699230846069324,0,9.98901208670463e-05,0,0,9.98901208670463e-05,0,0.000199780241734093,0,0.000199780241734093,0,0,0,0,0,0.0027969233842773,0.000499450604335231,0,0,0,0.0025971431425432,0,0.00119868145040456,9.98901208670463e-05,0.000998901208670463,0,9.98901208670463e-05,0,0,0.000399560483468185,0,0,0.0262711017880332,0.00449505543901708,0,0.000199780241734093,0.000299670362601139,0,0,0.000499450604335231,0,0.000399560483468185,0,0.00079912096693637,0,0.000199780241734093,0.00339626410947957,0,0.000199780241734093,0,0,0,0,0.000899011087803416,0,0,0,0,0,0.000199780241734093,0.0316651683148537,0.000399560483468185,0.00179802217560683,0.00289681350514434,0,0,0.000299670362601139,0,0,0,0,0,0,0,0.0198781340525422,0,0,0.000199780241734093,0.000399560483468185,0,0,0,0.00149835181300569,0,0.000899011087803416,0.0271701128758366,0.00269703326341025,0,0.000499450604335231,0,0.00179802217560683,0,0,0.000399560483468185,0,0,0,0,0.000399560483468185,0,0,0,0,0,0,0,0,0.000199780241734093,0,0.000699230846069324,0,9.98901208670463e-05,0,0,0,0,0,0,0,0.00958945160323644,0,0,9.98901208670463e-05,0,0.015083408250924,0.00209769253820797,0,0,0,0.000199780241734093,0,0,0.00079912096693637,9.98901208670463e-05,0,9.98901208670463e-05,0,0,9.98901208670463e-05,0.00149835181300569,0,0.000599340725202278,0,9.98901208670463e-05,9.98901208670463e-05,0.000599340725202278,0,0,0.152632104684847,0,0,0.0296673658975127,0,0,0,0.000199780241734093,0,0,0.00559384676855459,0,0,0,9.98901208670463e-05,0.000699230846069324,0,0.000499450604335231,0,9.98901208670463e-05,0.012985715712716,0
0,0.00919540229885057,0,0,0,0,0.00839580209895052,0.0015992003998001,0,0,9.99500249875062e-05,0,0,0,0.00149925037481259,0,0,0,0,0,0.00249875062468766,0.00239880059970015,0,9.99500249875062e-05,0,0.123938030984508,0,0,0.00079960019990005,0,9.99500249875062e-05,0,0,0,0,0,9.99500249875062e-05,0.000599700149925037,0,0,0,0,0,0.00119940029985007,0,0.0367816091954023,0,0,9.99500249875062e-05,0,0,0,0,0,0,0,0,9.99500249875062e-05,0,0,0,0,0,0,0.0148925537231384,0,0.0139930034982509,0,9.99500249875062e-05,0,0,0,0,0.000399800099950025,0,0,0,0,0,0.00419790104947526,0,0.000599700149925037,0.0112943528235882,0,9.99500249875062e-05,0,0.0047976011994003,0,9.99500249875062e-05,0.00119940029985007,0.227786106946527,0,0,0,0,0.000599700149925037,0,0,0.00249875062468766,0,0,0,0,0,0,0,0.00179910044977511,0.0504747626186907,0,0.0219890054972514,0,9.99500249875062e-05,0,0.00289855072463768,0,0,0,9.99500249875062e-05,0,0,0,0,0,9.99500249875062e-05,0.00109945027486257,0,0,0,0,0,0.00389805097451274,0.0176911544227886,0,0,0,0,0.0015992003998001,0,0,0,0.000699650174912544,0,0,0,0,0,0.000199900049975012,0,0,0.00549725137431284,0.000199900049975012,0,0,0,9.99500249875062e-05,0,0.000599700149925037,0,0,0.00109945027486257,0,0,0,0.157221389305347,0,0,0,0,0,0,0,0,0,0,0,0,0,0,0.00079960019990005,0,0,0,0,0,0.00309845077461269,0,0,0,0,0.000999500249875062,0,0.00489755122438781,9.99500249875062e-05,0,0,0,0,0,0.000199900049975012,0,0,0,9.99500249875062e-05,0.00569715142428786,9.99500249875062e-05,0.000199900049975012,0,0,9.99500249875062e-05,9.99500249875062e-05,0,0.000199900049975012,0,0,0,0,0,0.000299850074962519,9.99500249875062e-05,0,0,0.00309845077461269,0,0,0,0,0.00529735132433783,0,0.00559720139930035,0,0.00809595202398801,0,0,0.088655672163918,0,0,0,0,0,0,0,0,0,0,0,0.00269865067466267,0,0,0,0,0,0,0.0015992003998001,0,0.00079960019990005,0,0,0,0,0,0,0,0,0.000299850074962519,0,0,0,0,0.00079960019990005,0.0528735632183908,0,0,0.00819590204897551,0,0.000899550224887556,0,0,0,9.99500249875062e-05,0.0415792103948026,0,0,0.0132933533233383,0,0,0,9.99500249875062e-05,0,0,0.000599700149925037,0,0,0,0,9.99500249875062e-05,0,0.00819590204897551,0,0,0.000699650174912544,0
0.000199880071956826,0,0,0,0,0,9.9940035978413e-05,0,0,0,0,0,0,0,0.0101938836697981,0,9.9940035978413e-05,9.9940035978413e-05,0,0,0,0,0,0.000299820107935239,0,0.00869478313012193,0,0,0.00189886068358985,0.0189886068358985,0,0,0,0.0124925044973016,0,0,0.00179892064761143,0.0144913052168699,0,9.9940035978413e-05,0.00169898061163302,0,0,0,0,0,0,0,0,0,0,0,0,0,0,0,9.9940035978413e-05,0,0,0.00389766140315811,0,0,9.9940035978413e-05,0,0,0,0,0.00119928043174096,0,0.00189886068358985,0,0,0,0,0,0,0,0,0,0.000999400359784129,0,0,0,0,0,0.000399760143913652,0.00519688187087747,0,0,0.00629622226664002,0,0.00449730161902858,0.209774135518689,0,0,0,0,0,0.00489706176294223,0,0,0.000599640215870478,0,0,0,0,0,0.0589646212272636,0,0.00569658205076954,0,0,0,0.00119928043174096,0,0.000999400359784129,0.00379772136717969,9.9940035978413e-05,0.0152908255046972,0,0.0113931641015391,0,0.00419748151109334,0,0.0290825504697182,0,0,0,0,0,0.15240855486708,0,0,0,0,0,0.000199880071956826,0.000199880071956826,0,0,0.0405756546072357,0,0.00129922046771937,0,0,9.9940035978413e-05,0.00179892064761143,0,0.00649610233859684,0,0,0,0,0,0,0,0,0,0,0,0,0,0,0.0122926244253448,0,0.024685188886668,0,0.00169898061163302,0,0,0,0.000199880071956826,0.000899460323805717,0.000199880071956826,0,0,0,0,0.000399760143913652,0,0,0.00119928043174096,0,0,0.000499700179892065,0.00109934039576254,0,0,0,0,0,0.0053967619428343,0.000199880071956826,0,0,0,0.00719568259044573,0,0,0,0,0.00139916050369778,0,0,0,0.00269838097141715,0,0.0030981411153308,9.9940035978413e-05,0,0,0,0,0,0.000599640215870478,0.00379772136717969,0.00129922046771937,0,0.0283829702178693,0.000399760143913652,0.000999400359784129,0,0,0,0,0.000399760143913652,0,0,0,0.0030981411153308,0.000199880071956826,0,0,9.9940035978413e-05,0,0,0,0.000299820107935239,0,9.9940035978413e-05,0,0,0.0327803318009195,0,9.9940035978413e-05,0,0,0.000299820107935239,0,0,0,0,0,9.9940035978413e-05,0,0.000899460323805717,0,0,0,0,0,0,0,0.000499700179892065,0,0,0,0,0,0.00169898061163302,0,0,0.0734559264441335,0,9.9940035978413e-05,0,0.00109934039576254,0,0.00149910053967619,0.0283829702178693,0,0,0.0514691185288827,0,0,0,0,0.000399760143913652,0,0,0,0,0,0.000299820107935239,0.0558664801119328,0,0.000699580251848891,0,0,0.00259844093543874,0
0.00149521531100478,9.96810207336523e-05,9.96810207336523e-05,0.00109649122807018,0.000498405103668262,0,9.96810207336523e-05,9.96810207336523e-05,0,9.96810207336523e-05,9.96810207336523e-05,9.96810207336523e-05,0,0.00528309409888357,0.000498405103668262,0,0,9.96810207336523e-05,9.96810207336523e-05,0.000199362041467305,9.96810207336523e-05,0.000598086124401914,0,9.96810207336523e-05,0,0.216507177033493,9.96810207336523e-05,0,0.000299043062200957,0.000498405103668262,0.00897129186602871,0,0,0.00398724082934609,0.000299043062200957,0,0.00119617224880383,9.96810207336523e-05,0,0,0,9.96810207336523e-05,0,0.000797448165869219,0,0.0213317384370016,0.0085725677830941,9.96810207336523e-05,0,0,0.000199362041467305,0,0,9.96810207336523e-05,0.000199362041467305,9.96810207336523e-05,0,0,0,0.00249202551834131,9.96810207336523e-05,0,0,9.96810207336523e-05,0,0,0.0041866028708134,0,0.00907097288676236,0.00687799043062201,9.96810207336523e-05,9.96810207336523e-05,9.96810207336523e-05,9.96810207336523e-05,0,0,9.96810207336523e-05,9.96810207336523e-05,0,0.000199362041467305,0.000697767145135566,0.000498405103668262,0.000897129186602871,0,9.96810207336523e-05,0,9.96810207336523e-05,0,0,0.000299043062200957,0.0688795853269537,0.00109649122807018,0.00338915470494418,0,0,0.00189393939393939,0,0,0.00279106858054226,0,9.96810207336523e-05,0,0,0,0.000299043062200957,0.002292663476874,9.96810207336523e-05,0.0127591706539075,0,0.00309011164274322,0,0,0,9.96810207336523e-05,0.000199362041467305,0.000199362041467305,0,0.0218301435406699,0.00219298245614035,0,0.00757575757575758,0.000199362041467305,0,0,0.000498405103668262,0.000299043062200957,0.0635964912280702,0.00717703349282297,9.96810207336523e-05,0,0.0133572567783094,9.96810207336523e-05,9.96810207336523e-05,0.00338915470494418,0,0,9.96810207336523e-05,0,0,0,0.000299043062200957,9.96810207336523e-05,0,0,0.000199362041467305,0.0203349282296651,0.000598086124401914,0.000697767145135566,0.00309011164274322,0,0,0.000299043062200957,0,0.000299043062200957,0,0,0.000697767145135566,0,0,0.00129585326953748,0,0.00259170653907496,0.000398724082934609,0.00309011164274322,0,0,0.000199362041467305,0,0,9.96810207336523e-05,0.000199362041467305,9.96810207336523e-05,0,0.000199362041467305,0.000996810207336523,0,0.00318979266347687,0.000498405103668262,0.00697767145135566,9.96810207336523e-05,0,0.00518341307814992,0,9.96810207336523e-05,9.96810207336523e-05,0,0,9.96810207336523e-05,0.00179425837320574,0,9.96810207336523e-05,0.000398724082934609,9.96810207336523e-05,0.00199362041467305,0.000697767145135566,0,0.0156499202551834,0.00289074960127592,9.96810207336523e-05,0.00358851674641148,0,0,9.96810207336523e-05,9.96810207336523e-05,0,0.00199362041467305,9.96810207336523e-05,0,0,0.000398724082934609,0,0.000299043062200957,0,9.96810207336523e-05,9.96810207336523e-05,0.00169457735247209,0.0221291866028708,9.96810207336523e-05,0,0,9.96810207336523e-05,0.00677830940988836,0.000498405103668262,9.96810207336523e-05,0.00129585326953748,0,9.96810207336523e-05,0,0.000299043062200957,0.00239234449760766,9.96810207336523e-05,9.96810207336523e-05,0.000697767145135566,0.0262161084529506,0,0,0.000199362041467305,9.96810207336523e-05,0,0,0.00797448165869218,0,0.032396331738437,0,0,0,0,0,0,0.00139553429027113,0,9.96810207336523e-05,0.000299043062200957,0,9.96810207336523e-05,0.00309011164274322,0.000697767145135566,9.96810207336523e-05,9.96810207336523e-05,0.000299043062200957,0.000299043062200957,0,9.96810207336523e-05,9.96810207336523e-05,0.00249202551834131,0,0,0,9.96810207336523e-05,0.173744019138756,9.96810207336523e-05,9.96810207336523e-05,0.0467503987240829,0,0,9.96810207336523e-05,0,9.96810207336523e-05,0.000199362041467305,0.0433612440191388,9.96810207336523e-05,0,0.00378787878787879,0,0,0,0,0,0.000199362041467305,0.000199362041467305,0,0,0,0.000299043062200957,0.00608054226475279,9.96810207336523e-05,9.96810207336523e-05,0.00259170653907496,0,0.00767543859649123,0.00119617224880383
0,0,0,0,0,0,0,0,0,0,0,0,0,0,0,0,0.00569886022795441,0,0,0,0,0,0,0,0,0.527894421115777,0,0,0.000599880023995201,0,0,0,0,0.0238952209558088,0,0,0,0.0116976604679064,0,0,0,0,0,0,0,0,0,0,0,0,0,0,0,0,0,0,0,0,0,0,0,0,0,0,0,0,0,0,0,0,0,0,0,0,0,0,0,0,0,0,0,0,0,0,0,0.000799840031993601,0,9.99800039992002e-05,0,0.00959808038392321,0.0600879824035193,0.0001999600079984,0,0,0,0.0001999600079984,0,0,0,0,0,0.000399920015996801,0,0,0,0,0,0.00869826034793041,0,0,0,0,0,0.00409918016396721,0,0.0001999600079984,0,0,0.0155968806238752,0,0,0,0,9.99800039992002e-05,0,0,0,0,0,0,0.00799840031993601,0.00779844031193761,0,9.99800039992002e-05,0,0,0.0002999400119976,9.99800039992002e-05,0,0,0.000699860027994401,0,0,0,0,0,0,0,0,0,0,0,0,0,0,0,0,0,0,0.013497300539892,0,0,0,0,0,0,0,0,0,0,0,0,0,0,0,0,0,0,0.00629874025194961,0,0,0,0,0,0,0.000399920015996801,0,0,0,0,0,0,9.99800039992002e-05,0,0,9.99800039992002e-05,9.99800039992002e-05,0,0,0,0,0,0,0,0,0,0,0,9.99800039992002e-05,0.0002999400119976,0,0,0,0,0,0,0.0002999400119976,0,0,0,0,0,0,0,0,0.00339932013597281,0,0,0.0177964407118576,0,0,0,0,0.0414917016596681,0,0,0,0,0,0,0,0,0.0131973605278944,0,0,0,0,0,0,0,0.0017996400719856,0,0,0,0,0.0211957608478304,0.0021995600879824,0,0.001499700059988,0,0.00329934013197361,0.00349930013997201,0,0,0,0,0,0,0,0.000699860027994401,0,0,0.0150969806038792,0,0,0,0,0,0,0.136472705458908,0,0,0,0,0,0.0016996600679864,0,9.99800039992002e-05,0,0,0,0,0,0,0,0,0,0,0,0.028494301139772,0
0,0,0,0,0,0,0,0,0,0,0,0,0,9.99700089973008e-05,0.00159952014395681,0,0,0,0,0,0,0.00239928021593522,0,0,0,0.0513845846246126,0,0,0.00889733080075977,0,0,0,0,0,0,0,0,0,0,0,0,0,0,0,0,0.000199940017994602,0,0,0,0,0.000799760071978406,0.00209937018894332,0,0,0,0,0,0,0,0.00109967009897031,0,9.99700089973008e-05,0,0,0,0,0.00639808057582725,0,0,0,0.000499850044986504,0,0,0,0,0,0,0,0,0,0,0,0,0,0,0,0,0,0,0,0,0.00169949015295411,0.00789763071078676,0,0,0,0.041887433769869,0,0,0,0,0,0,0,0,0,0,0.194541637508747,0,0,0,0,0,0.000599820053983805,0,0,0,0,0.0458862341297611,0.000399880035989203,0,0,0.000299910026991902,0.00239928021593522,0.00339898030590823,0,0,0,0,0,0,0,0,0.000299910026991902,0,0,0,0,0,0,0.000599820053983805,0,0,0,0,0,0,0,0,0.00169949015295411,0.000199940017994602,0,0,0.000599820053983805,0,0,0,0,0,9.99700089973008e-05,0,0,0,0,0,0,0,0,0,0,0,9.99700089973008e-05,0.00239928021593522,0,0,0,0,0,0.00869739078276517,0,0,0,0,0,0,0,0,0,0,0,0,0.000399880035989203,0,0,0,0.000499850044986504,0,0,0,0,0,0,0,0,0,0.00189943017094872,0,0,0,0,0,0,0,0,0,0,0,0,0,0,0,0,0,0,0,0,0,0,0,0,0.000699790062981106,0,0,0.0103968809357193,0,0,0,0,0,0,0,0,0,0,0,0,0,0,0,0,0,0,0,0,0,0,0.000699790062981106,0,0,0.00129961011696491,0,0,0,0,0.000199940017994602,0,0,0,0,0.532640207937619,0,0,0.0496850944716585,0,0.000299910026991902,0,0,0,0,9.99700089973008e-05,0,0,0.00579826052184345,0,0,0,0,9.99700089973008e-05,0,0,0,0,0,0,0,0,0,0,0,0.00599820053983805,0
0.000299790146897172,9.9930048965724e-05,0,0.000199860097931448,0,0,0.00819426401518937,0.000199860097931448,0,0,0,0,0,0,0.00049965024482862,9.9930048965724e-05,0,0,0,0.000899370440691516,9.9930048965724e-05,0,0,0,0,0.238932747077046,0,0,0.000899370440691516,0.00099930048965724,0.000299790146897172,0.000799440391725792,0,0.00199860097931448,0,0,0.000899370440691516,0.000699510342760068,0,0,0.00129909063655441,0,0,0.00409713200759468,0,0.0179874088138303,0,0,0,0,9.9930048965724e-05,0,0,9.9930048965724e-05,9.9930048965724e-05,0,0,0,0,9.9930048965724e-05,0,0,0,0,0,0,0.00519636254621765,0,0,0.00809433396622364,0.000199860097931448,9.9930048965724e-05,0,0,0,0,0,0,0,9.9930048965724e-05,0,0,0.00909363445588088,0,0.000799440391725792,0,0,0,9.9930048965724e-05,0.00259818127310882,0,0.00119916058758869,0,0,0,0.00129909063655441,0,0.000399720195862896,0.00379734186069751,0,0,0,0,0,0,0.000299790146897172,0,0.00269811132207455,0,0.00439692215449186,0,0,0,0,0,0.00049965024482862,0.031877685620066,0,0.000599580293794344,9.9930048965724e-05,0.00369741181173179,0,0,0.00049965024482862,0,0,0,0,0,0,0.0136904167083042,0.00429699210552613,0,0,0.00659538323173778,0,0,0,0,0,9.9930048965724e-05,9.9930048965724e-05,0,0,0,0,9.9930048965724e-05,0,0.00129909063655441,0,0,0.00379734186069751,0,0,0,0,0,0,0,0.00279804137104027,0,0.00579594284001199,9.9930048965724e-05,0,0,0,0,0,0,0,0,0,0,0,0,0,0.00239832117517738,0.000799440391725792,0.000599580293794344,0,0,0.0049965024482862,0,0,9.9930048965724e-05,0,0,0.00479664235035475,0,0,0,9.9930048965724e-05,0.000299790146897172,0,0,0,0.0196862196462476,0.00439692215449186,0,0,9.9930048965724e-05,0,0,0,0,0.000299790146897172,0,0.000899370440691516,0,0,0,0,0,0,0.000199860097931448,0,0.00159888078345158,0,0,0.000199860097931448,0.000399720195862896,0,9.9930048965724e-05,0,0,0,9.9930048965724e-05,0,0,0,0.00109923053862296,0.000299790146897172,0,0.166183671429999,0.000599580293794344,0,0,9.9930048965724e-05,0,0,0,0,0.027880483661437,0,0,0,0,0,0,0,0,0,0,0,0,0,9.9930048965724e-05,0,9.9930048965724e-05,0.000199860097931448,0,0,0,0,0,0,0,0,0,0.273508544019187,0.000199860097931448,9.9930048965724e-05,0.0112920955331268,0,0,0,0.00049965024482862,0,0,0.0764464874587789,0,0,9.9930048965724e-05,0,0,0,0,0,0,9.9930048965724e-05,0,0,0,0.00049965024482862,0.000399720195862896,0,9.9930048965724e-05,0,0,0.00189867093034876,0
0,0,0,0,0,0,0.00119964010796761,0,0,0,0,0,0.00149955013495951,0,0.00359892032390283,0,0,0,0,0,0,0,0,0.000799760071978406,0,0.199040287913626,0,0,0.00589823053084075,0,0,0,0,0,0,0,0.00649805058482455,0,9.99700089973008e-05,0,0,0,0,0,0,0.0720783764870539,0,0,0,0.000199940017994602,0,0,0,0,0,0,0,0.000199940017994602,0,0,0,0,0.00139958012596221,0,0,0,0.00119964010796761,0,0,0,0,0,0,0,0,0,0,0,0,0,0,0,0,0,0,0,0.0198940317904629,0,0,0,0,0.000399880035989203,0.0381885434369689,0,0,9.99700089973008e-05,0,0,0,0,0,0.00259922023392982,0,0,0,0,0,0.000199940017994602,0,0,0,0,0,0,0,0.000599820053983805,0,9.99700089973008e-05,0.024592622213336,0,0.00549835049485154,0,0,0.00959712086374088,0.143356992902129,0,0,0,0,0,0.136559032290313,0,0,0,0,0,0.000799760071978406,0,0,0,9.99700089973008e-05,0.000199940017994602,0,0,0,0,0,0,0,0,0,0,0,0,0,0,0,0,0,0,0,0,0,0,0,0,0,0,0,0,0,0.00279916025192442,0.0236928921323603,0,0,0,0.00689793062081376,0,0.00499850044986504,0,0,0,0,0,0,0,0,0,0,0,0,0,0,0,0,0.000299910026991902,0,0,0,0,0,0.000899730080975707,0,0,0,0,0,0,0,0.00439868039588124,0,0,0,0,0,0,0,0,0,0,0.000399880035989203,0,0,0,0,0,0,0,0,0,0,0,0,0.00809757072878137,0,0,0,0,0,0,0,0,0,0,9.99700089973008e-05,0,0,0,0,0,0,0,0,0,0,0,0,0,0,0,0,0,0,0,0,0,0,0,0,0.000799760071978406,0.00229931020693792,0,0.00269919024292712,0,0.020593821853444,0,0,0,0,0.172248325502349,0,0,0,0,0,0,0,9.99700089973008e-05,0,0,0,0,0,0,0,0,0.00119964010796761,0,0,0.0709787063880836,0
0,0,0,0,0,0,9.99100809271655e-05,0,0,0,0,0,0,0,0.0749325606953742,0,0.00119892097112599,0,0,0,0,0.000799280647417324,0,0,0,0.000199820161854331,0,0,0.0154860625437107,0.00699370566490159,0.00169847137576181,0,0,0.00339694275152363,0,0,0.000599460485562993,9.99100809271655e-05,0,0,0,0,0,0,0,0.00129883105205315,0,0,0,0,9.99100809271655e-05,0,0,0,0.00129883105205315,9.99100809271655e-05,0,0,0,0.000199820161854331,0,0,0,0,0,0,0.00109901089019882,0,0,0,9.99100809271655e-05,0,0,0,0,0,0,0,0,0.000799280647417324,0,0,0.012089119792187,0,0,0,0,0,0,0.000799280647417324,9.99100809271655e-05,0.000599460485562993,0.335597961834349,0,0,0.0106903786592067,0,0,0,0,0,0,0,0,9.99100809271655e-05,0,0,0.162054151263863,0,0,0,0,0,0.000299730242781497,0,0,0,0,0.00599460485562993,0,0,0,0,0,0.0339694275152363,0.000199820161854331,0,0,9.99100809271655e-05,0,9.99100809271655e-05,9.99100809271655e-05,0,9.99100809271655e-05,0,0,0,0,0,0,0,0,0,0,0,0,0,0,0,0,0,0.000299730242781497,0,0,9.99100809271655e-05,0,0,0,0,9.99100809271655e-05,0,0,0,0.000299730242781497,0,0,0,0,0,0,9.99100809271655e-05,0,0.00349685283245079,0,0,0,0,9.99100809271655e-05,0.00509541412728544,0,0,0,0,0,0,0,0,0,0,0,0,9.99100809271655e-05,0,0,0,0,0,0,0,0,0,0,0,0.000399640323708662,0,0.00089919072834449,0.000499550404635828,0,0,0.0217803976421221,9.99100809271655e-05,0.000199820161854331,0,0,9.99100809271655e-05,0,9.99100809271655e-05,0,0,0,0.0381656509141772,0.000799280647417324,0,0,0,0.00139874113298032,0,0,9.99100809271655e-05,0,9.99100809271655e-05,0,0,0.0877210510540514,0,0,0,0,0,0,0,0,0,0,0,0.00619442501748426,0,0,0,0,0,0,0,0,0,0.00639424517933859,0.000199820161854331,0,0.000599460485562993,9.99100809271655e-05,0,0,0,0,0,0,0,0,0,0.0618443400939155,0,0.000399640323708662,0.0783295034468978,0,0.00199820161854331,0,0,0,9.99100809271655e-05,9.99100809271655e-05,0,0,0.00459586372264962,0,0,0,0.000299730242781497,0.00129883105205315,0,9.99100809271655e-05,0,0,0,0,0.000599460485562993,0,0,0,0,0.00139874113298032,0
0,0,0,0,0,0,0,0,0,0,0,0,1e-04,0,0.0223,0,0,0,0,0,0,0,0,0.0448,0,0.125,0,0,0.0156,0.0053,0,0,0,0,0,0,0.0046,0,0,0,0,0,0,0,0,0.0078,0,0,0,0,0,0,0,0,0,0,0,0,0,0,0,0,0,0,0,0,0,0,0,0,0,0,0,0,0,0,0,0,0,0.0018,0,0,0,0,0.0877,0,0,0,0,0,0,0,0.0086,0,0,0,0,0,0,0,0,0.0084,0,0,0,0,0,0.4382,0,0,0,0,0,0,0,0,0,0,0.0174,2e-04,0,0,0,0,0.0141,0,0,0,0,0,0,0,0,0,0,0,0,0,0,0,0.0052,0,0,0,0,0,0.0102,0,0,0,0,0,0,0,0,0,0,0,0,0,0,0,0,0,0,0,0,0,0,0,0,0,0,0,0,0,0,0,0,0,0,0,0,0,0,0,0,0,0,0,0,0.0058,0,0,0,0,0,0,0,0,0,0,0,0,0,0.0029,0,0,2e-04,0,0.0242,0,0,0,0,0,0,0,0.0225,0,0,0,0,0,0,0,0,0,0,0,0,0,0,0.0232,0,0,0,0,0,0,0,0,0,0,0.0011,0,0,0,0,0,0,0,0,0,0,0.0071,0,0,0,0.0258,0,0,0,0,0.0056,0,0,0,0,0,0,0,0.0051,0,0,0,0.001,0,0,0.0373,0,0,0,0,0,0,0,0.0172,0,0,0,0,0,0,0,0,5e-04,0,0,0.0032,0
0,0,0,0,0,0,0,0,0,0,0,0,0,0.0289855072463768,0,0,0,0,0,0,0,0,0,0,0,0.254772613693153,9.99500249875062e-05,0,0,0,0,0,0,0.00339830084957521,0,0,0,0,0,0,0,0,0.00549725137431284,0.00409795102448776,0,0.00119940029985007,0,0,0.000299850074962519,0,0,0,0,0,0,0,0,0.000399800099950025,0,0,0,0,0,0,0.0191904047976012,0,0.00289855072463768,0,0.000699650174912544,0.0100949525237381,0,0,0,0,0,0,0,0,0,0,0,0,0,0,0,0,0.0102948525737131,0,0,9.99500249875062e-05,0.319340329835082,0,0.000199900049975012,0,0,0,0,0,0,0,0,0.00179910044977511,0,0,0,0,0,0,0.00919540229885057,0,0,0,0.000299850074962519,0.000699650174912544,0,0,0,0,0,0.000399800099950025,0,0,0,9.99500249875062e-05,0.000399800099950025,0.0309845077461269,0,0,0,0,0.000199900049975012,0,0,0,0,9.99500249875062e-05,0.00139930034982509,0,0,0,0.000199900049975012,0,0,0,0,0,0,0,0,0,0,0,0,0,0,0,0,0,0,0,0,0,0,0.0128935532233883,0,0,0,0,0,0,0,0,9.99500249875062e-05,0,0,0,0,0,0.00939530234882559,0,0,0,0,0,0,0,0,0,0,0,0,0.000199900049975012,0.000299850074962519,0,0,0,0,0,0,0,0,0,0,0,0,0,0,0,9.99500249875062e-05,0.000699650174912544,0,0,0,0,0,0,0,0,9.99500249875062e-05,0,0,0,0,0,0,0.000499750124937531,0,0,0.000199900049975012,0,0,0,0,0,0,0,0,0,0,9.99500249875062e-05,0,0,0,0,0,0,9.99500249875062e-05,0,0,0,0,0,0,0,0,0.00629685157421289,0,0,0,0,0,0,0,0.000999500249875062,9.99500249875062e-05,0,0,0.00509745127436282,0,0.225587206396802,0,0,0.0154922538730635,0,0.000499750124937531,0,0,0,0,0.000699650174912544,0,0,0.00219890054972514,0,0,0,0,0.00979510244877561,0,0.000899550224887556,0,0,0,0,9.99500249875062e-05,0,0.000199900049975012,0,0,0,0
0,0,0,0,0,0,9.99700089973008e-05,0,0,0,0.000199940017994602,0,0,0,0.00559832050384884,0,0,0,0,0,0,0.000499850044986504,0,0.00179946016195141,0,0.14925522343297,0,0,0.00689793062081376,0.0154953513945816,0,0.0452864140757773,0,0.0542837148855343,0,0,0.00379886034189743,0,0,0,0,0,0,0,0.000999700089973008,0.0259922023392982,0,0,0,0,0,0,0,0,0,0,0,9.99700089973008e-05,0,0.00349895031490553,0,0,9.99700089973008e-05,0,0,0,0,0,0.00169949015295411,0,0,0,0,0,0,0,0,0,0,0.00129961011696491,0,0,0,0,0,0,0,0,0,0.00499850044986504,0.000199940017994602,0.00299910026991902,0.00409877036888933,0,0,0,0,0,0.00519844046785964,0,0,9.99700089973008e-05,0,0,0,0,0,0.023592922123363,0,0.0117964610616815,0.000899730080975707,0,0,0,0,0,0.00449865040487854,0.0406877936619014,0.0439868039588124,0.000699790062981106,0.00729781065680296,0,0.000199940017994602,0,0.00709787063880836,0,0,0,0,0,0.0447865640307908,0,0,0.0130960711786464,9.99700089973008e-05,9.99700089973008e-05,0.012296311106668,0,0,0,0.000199940017994602,9.99700089973008e-05,0.00579826052184345,0,0,0.0277916625012496,0,0,0,0.000699790062981106,0,0,0,0,0,0,0,0,0,0,0.0141957412776167,0.00399880035989203,0,0,0,0,0,0,0,0,0,0.000299910026991902,9.99700089973008e-05,0,0.000899730080975707,0,0.00769769069279216,0,0,0,0,0.00269919024292712,0,0,0.00239928021593522,9.99700089973008e-05,0,0.04518644406678,0,0,0,0.0203938818354494,0.00169949015295411,0,0,0,0.00319904028791363,0,0,0,0,0.00109967009897031,0,0,0.0243926821953414,0,0,0,0,0.00289913026092172,0.0120963710886734,0,0,0,0,0.00739778066580026,0,0,0.012296311106668,0,0,0,0,0,0,0,0,0,0,0,0,0,0,0.00869739078276517,0,0,0,0.000899730080975707,0,0,0,0,0.0278916325102469,0,0,0,0.00159952014395681,0,0,0,0,0,0,0,0,0,0,0,0,0,0,0,0,0.000899730080975707,0.00269919024292712,0,0,0,0,0.000999700089973008,0,0,0.0262921123662901,0,0.000399880035989203,0,0,0,0.000299910026991902,0.167549735079476,0,0,0,0.000399880035989203,0,0,0,0,0,0.00329901029691093,0,0,0,0,0.00899730080975707,0,0.00369889033290013,0,0,0.00209937018894332,0
0,0,0.000299850074962519,0.00439780109945028,0,0,0.000899550224887556,0,0,0,0,0,0,0,0.000599700149925037,0,0.00279860069965018,0,0,0,0,0.000299850074962519,0,0.00149925037481259,0,0.243478260869565,0,0,0.00279860069965018,0.00239880059970015,0,0,0,0.0117941029485257,0,0,0.00569715142428786,0.00999500249875063,0,0,9.99500249875062e-05,0,0,0,0,0.000299850074962519,0,9.99500249875062e-05,0,0,0.000199900049975012,0,0,0,0,0,9.99500249875062e-05,9.99500249875062e-05,0,0.00789605197401299,0,0.000899550224887556,9.99500249875062e-05,0,0,0,0.0109945027486257,0,0,0,0.000199900049975012,0,0,0,0,0,9.99500249875062e-05,0,0,0.000299850074962519,0,0,0.00389805097451274,0,0.00209895052473763,0.00279860069965018,0.0601699150424788,0,0,0,0,0.00189905047476262,0.000199900049975012,0,0,0.0136931534232884,0,0,0,0,0,0,0,0,0,0,0,0.180609695152424,0,0,0,0,0,0,0,0,0,0,0.0109945027486257,0,0,0,0,9.99500249875062e-05,0.000299850074962519,0,0.00179910044977511,0,0,0,0,9.99500249875062e-05,0,9.99500249875062e-05,0,0,0.00629685157421289,0,0,0,0.0249875062468766,0,0,0,0,0,0.00349825087456272,0,9.99500249875062e-05,0,0.000599700149925037,0,0,0,0,0,0,0,0,0.00549725137431284,0.000599700149925037,0,0,9.99500249875062e-05,0,0,0,0,9.99500249875062e-05,0.00079960019990005,0.0015992003998001,0,0,0,0,0,9.99500249875062e-05,0.0274862568715642,0,0,0,0,0,0,0.00179910044977511,0,0,0,0,0,9.99500249875062e-05,0.00179910044977511,9.99500249875062e-05,0,0,0,0,0,0,0.0665667166416792,0,0,0,0,0,0.0297851074462769,0,0,9.99500249875062e-05,0,0,0,0,0,9.99500249875062e-05,0,0.00309845077461269,0.00129935032483758,0.0233883058470765,0,0.00839580209895052,0,0,0,0,0,0,0,0,0,0,0,0,0.0612693653173413,0,0,0,0,0,0,0,0,0,0,0.00659670164917541,0.00129935032483758,9.99500249875062e-05,0.000199900049975012,0,0,0,0.000199900049975012,0.000999500249875062,0,0.000699650174912544,0.0221889055472264,0.000999500249875062,0,0.00109945027486257,0.000299850074962519,9.99500249875062e-05,0,0,0.000499750124937531,9.99500249875062e-05,9.99500249875062e-05,0,0,0,0.0783608195902049,0,0,0.00309845077461269,0,0,0,0,0,0.0015992003998001,9.99500249875062e-05,0,0,0.0158920539730135,0,0,0,0,0,0.00119940029985007,0,0,0,0,0,0,0,0.000599700149925037,0,0,0.00699650174912544,0
0,0,0.0018,0,0,0,1e-04,0,0.0144,0,0,0,0,0,0.02,0,0,0,0,0,0.0086,0,0,0.0025,2e-04,0,0,0,0,0.01,0.0576,0,0,0.0014,0,0,3e-04,2e-04,0,6e-04,0,0,0,0.0028,0,0.0386,0,1e-04,0,0,0,0,0,0,0,0,0,2e-04,0,0,0,0,0,0,0,0,0.0546,0,0,0,0,0,0,0,0,0,0,0,0,0,0,0,0.0146,0,0,0.0047,0,0,0,0,0.1296,0.0176,3e-04,0.0012,0,4e-04,0,0,0,0,0,0,0,0,0,1e-04,7e-04,0.2554,0,0,0,0,0,0,0,2e-04,0,2e-04,0,0,0,0,0,0,0.0173,0.0284,0,0,0,0,8e-04,0,0,6e-04,0,1e-04,0.0029,0,0,0,0.0028,0,0,0,0,0,0,0,0,0,0.0016,1e-04,5e-04,5e-04,1e-04,0,0,0,0.02,0.0013,0,0,0,0,0,0,0,0,0,0,0,0,0,0,9e-04,0,0,0.0077,0.0216,1e-04,0.0012,0,0,0,1e-04,0,0,0,0,0,0,0,2e-04,0,0,0,0,0,0,0,0,0,0,0,0,0.0055,0,0,0,9e-04,0,0,0.01,0,0,0,0,0,0.0122,0,0,0.0053,0,0,0,0,0,0,0,0,0,1e-04,0,0.0649,0,0,0,0,0,0.0126,0,0,1e-04,0,0,0,0,0,0,0,0,0,0,5e-04,0,0.0094,0.005,0,0,0,0,0,0,0,0.005,0,0,0,0.0089,0,0,0,0.0963,0,8e-04,0,0.0014,0,1e-04,0,0,0,0,0,0,0.0027,0,0,0.0022,0,0.0071,2e-04,0,0,4e-04,2e-04,4e-04,0,0,0,0
0,0,0,0,0,0,0.0001000200040008,0,0,0,0,0,0,0,0.00320064012802561,0,0,0,0,0,0,0,0,0,0,0,0,0,0,0.0003000600120024,0.0400080016003201,0.0001000200040008,0,0.0002000400080016,0,0,0.031506301260252,0.0012002400480096,0.0002000400080016,0,0,0,0,0,0,0.0192038407681536,0,0,0,0,0,0,0,0,0,0,0,0,0,0.00570114022804561,0,0,0,0,0,0,0.0250050010002,0,0.0003000600120024,0.00890178035607121,0.00410082016403281,0,0,0,0,0,0,0,0,0.013502700540108,0,0,0,0,0,0.000800160032006401,0,0,0.0001000200040008,0.0101020204040808,0,0.0018003600720144,0.0001000200040008,0,0,0,0,0,0.0136027205441088,0,0,0,0,0,0.0001000200040008,0,0,0.0592118423684737,0,0,0,0,0,0.0378075615123025,0,0,0,0,0.001500300060012,0,0,0,0,0.0002000400080016,0.0922184436887377,0,0,0,0,0,0,0,0,0,0,0,0.000800160032006401,0,0,0,0.0002000400080016,0,0.0001000200040008,0,0,0,0.0016003200640128,0,0,0,0.00250050010002,0,0,0.000600120024004801,0,0,0,0,0,0,0,0,0,0,0,0,0,0,0,0,0,0.0002000400080016,0,0,0,0,0,0,0.01500300060012,0,0,0,0,0,0,0,0,0,0,0,0,0.0248049609921984,0,0.0001000200040008,0,0,0,0,0,0,0,0,0,0,0.0197039407881576,0.0017003400680136,0,0,0.0003000600120024,0.000600120024004801,0,0,0,0,0,0.0001000200040008,0.00840168033606721,0,0,0,0,0.0002000400080016,0,0,0,0,0,0,0.0251050210042008,0,0.0384076815363073,0,0,0.0828165633126625,0,0,0,0,0,0,0,0.0124024804960992,0,0.00530106021204241,0,0,0,0,0,0,0.0348069613922785,0,0,0,0,0,0,0,0.000500100020004001,0,0,0,0,0.0012002400480096,0.00550110022004401,0.0003000600120024,0,0,0,0.0012002400480096,0,0,0.0533106621324265,0,0.0031006201240248,0,0,0,0,0.260452090418084,0,0,0,0,0,0,0,0,0,0,0.00910182036407282,0,0,0,0.0111022204440888,0,0.0012002400480096,0,0,0.00620124024804961,0
0,0.000499750124937531,0.000199900049975012,0,0,0,0.000499750124937531,0,0,0,0,0,0,0,0,0,0,0,0,0,0,0,0,0,0,0.108945527236382,0,0,0,0,0,0,0,0,0,0,0,0,0,0,9.99500249875062e-05,0,0,0,0,0,0,0,0,0,0,0,0,0,0,0,0,0.000199900049975012,0,0,0,0,0,0,0,0,0,0,0,0,0,0,0,0,0.00379810094952524,0,0,0,0,0,0,0,0,0,0,9.99500249875062e-05,0,0.00179910044977511,0,0,0,0,0,0,0,0,0.00629685157421289,0,0,0,0,0.00079960019990005,0,0,0,0,0,0.0608695652173913,0,0,0,0,0,0,0,9.99500249875062e-05,0,0,0,0,0,0,0,0,0,0,0,0,0,0,0,0.229185407296352,0,0.000399800099950025,0,0,0,0,0,0,0,0,0,0,0,0,0,0,0,0,0,0,0,0,0,9.99500249875062e-05,0,0,0,0.00829585207396302,0,0,0,0,0,0,0,0,0,0,0,0,0,0,0,0,0,0,0,0,0,0,0,0,0,0,0,0,0,0,0,0,0,0,0,0,0,0,0,0,0,0,0,0,0,0,0,0,0,0,0,0,0,0,0,0,0,0,0,0,0,0,0,0,9.99500249875062e-05,0,0,0,0,0,0,0,0,0.0177911044477761,0,0,0,0,0,0,0,0,9.99500249875062e-05,0,0,0,0,0,0,0,0,0,0,0,0,0,0,0,0,0,0,0,0,0,9.99500249875062e-05,0,0,0,0,0.000199900049975012,0,0,0.016391804097951,0.023688155922039,0,0,0.000199900049975012,0,0,0.51504247876062,0,0,0,0,0,0.000199900049975012,0,0,0,0,0,0,0,0,0,0,0.00399800099950025,0,0,0,0
0,0,0,0,0,0,0.000299760191846523,0.00419664268585132,0,0,0,0,0,0,0.00429656274980016,0,0,0,0,0,0.0180855315747402,0.00309752198241407,0,0,0,0.0148880895283773,0,0,0.00619504396482814,0,0.00479616306954436,0,0,0.0172861710631495,0,0,0.000699440447641887,0.0425659472422062,0,0,0,0,0,0.0132893685051958,0,0.116906474820144,0.00789368505195843,0,0,0,0,0,0,0,0,0,0,0.000399680255795364,0,0,0,0,0,0,0,0,0.004396482813749,0,0,0.00259792166266986,0,9.99200639488409e-05,0,0,0,0.0403677058353317,0,0,0,0.0424660271782574,0,0,0.0139888089528377,0,0,0,0.0103916866506795,0,0,0.00799360511590727,0.0266786570743405,0,0,0,0,0,0,0,0.00919264588329336,0,0,0,0,0,0,0,0.000399680255795364,0.0274780175859313,0,0.0486610711430855,0,0.0021982414068745,0.000199840127897682,0.00139888089528377,0,0.00429656274980016,0,0,0.0065947242206235,0,0.00179856115107914,0,0,0,0.00309752198241407,0,0,0,0,0,0.0750399680255795,0.0108912869704237,0,0,0,0,9.99200639488409e-05,0,0,0,0,0,0,0,0,0,0,0,0.00239808153477218,0,0.00249800159872102,0.00599520383693046,0,0,0,0,0,0,0,0.0038968824940048,0,0,0,0.00839328537170264,0,0,0,0.000399680255795364,0,9.99200639488409e-05,0,0,9.99200639488409e-05,0,0,0,0.00429656274980016,0.0082933653077538,0.00189848121502798,0,0,0,0,0,0,0,0,0,0,0,0,0.0116906474820144,0,0,0,0,0,0.00989208633093525,0,0,0,0,0,0.00669464428457234,0.00179856115107914,0,0,0,0,0.00359712230215827,0,0,0,0,0.000399680255795364,0,0.0160871302957634,0.0126898481215028,0,0,0.000699440447641887,0.0190847322142286,0,0,0,0,0,0,0,0,0.00459632294164668,0,0,0.000499600319744205,0,0,0,9.99200639488409e-05,0,0,0,0,0.000399680255795364,0.00649480415667466,0,0,0,0,0,0,0.00379696243005596,0.000499600319744205,0,0,0,0,0,0,0,0.0123900879296563,0,0,0,0.000399680255795364,0,0,0,0,0.00469624300559552,9.99200639488409e-05,0.000199840127897682,0,0.00849320543565148,0,0,0,0,0,0,0.201039168665068,0,0,0.0184852118305356,0,0,0,0,0,0,0.00409672262190248,0,0,0,0,0.0102917665867306,0,0.00109912070343725,0.00339728217426059,0,0.00269784172661871,9.99200639488409e-05
0,7e-04,0,0,0,0,0.0021,0,0,0,0,0,1e-04,0,0.0014,0,0,0,0,0,5e-04,0.0025,0,0,0,0.2322,0,0,0.0125,0.0016,0,0,0,0,0,0,0.0074,0.0012,0,1e-04,0,0,0,0.024,0,3e-04,0,0,0.0011,0,1e-04,0,0,0,0,0,0,0,0,5e-04,0,0.009,0,1e-04,0,0,4e-04,0,5e-04,0.0023,0.0064,0,0,0,0,0,0,0,0,3e-04,0,0,0.0031,0,0,1e-04,0,0,0,0.0063,0.0024,4e-04,0.0015,0,0,0,0,0,0.01,6e-04,0,0.0017,0,0,2e-04,0,0,0,0,0.0047,0.003,0,0,0,0,0,0,0,0.0163,0,0,0,0,1e-04,0.1556,0,0,0,0,0,0.0052,0.0059,0,0,0,0,0.0085,0,0,0,0,0,0,0,0,0,0.0011,0,0,0,0,0,0,0,1e-04,0,0,0,0,0.0136,2e-04,0,0,1e-04,0,1e-04,0,0,0,0,3e-04,0,1e-04,0,0,0,0,3e-04,0.0013,0,0,0,0,0,8e-04,0,0,0,0,0,0,0.015,5e-04,1e-04,0,0,0,0,0,0,0,0,0,0,0,7e-04,1e-04,0,1e-04,0.0021,0,0,0,0,0.0065,0,1e-04,0,0,0.0014,0,7e-04,0,0,0,0,0,0,0.0105,0,0,1e-04,0,0.0258,0,0,0,0,0,0,0,0,0,0,0,0,1e-04,0,0,0,8e-04,0,0.0052,0,0.0079,3e-04,2e-04,0,0.007,0.0086,0,0,0,6e-04,1e-04,0,0,0,0.0017,0.0033,0,0,0.028,0,0,0,1e-04,0,0,0.2553,0,0,0.0404,0,0,0.0017,0,0,5e-04,0.0045,0,0,0,0,0,0,4e-04,0,0,0.0187,0
0,0,0,0,0,0,0.00729708116753299,0.00219912035185926,0.0158936425429828,0,0,0,0,0.0787684926029588,0.0112954818072771,0,9.99600159936026e-05,0,0,0,0.0038984406237505,0.00119952019192323,0,9.99600159936026e-05,0,0.0262894842063175,0,0,0.000999600159936026,0,0,0,0,0.0184926029588165,0,0,0.00079968012794882,9.99600159936026e-05,0,0,0.00159936025589764,0,0,0,0,0.0173930427828868,0,0,0,0,0,0,0,0,0,0,0,0.000499800079968013,0,9.99600159936026e-05,0,0.0038984406237505,0.000199920031987205,0,0.000199920031987205,0,0.000699720111955218,0,0.000199920031987205,0,0.00319872051179528,0,0,0.00109956017592963,0,0,0,0,0,0,0,0,0.00189924030387845,0,0.0109956017592963,0,0,0,0,0.00649740103958417,0.00149940023990404,0.00139944022391044,0.0129948020791683,0,0,0.00039984006397441,0,0,0.00409836065573771,0,0,0.00129948020791683,0,0,0,0,0.0108956417433027,0.0079968012794882,0,0,0,0,0,0.00579768092762895,0,0,0,0,0.00639744102359056,0,0,0,0,9.99600159936026e-05,0.00919632147141144,0,0,0,0,0,0.000199920031987205,0.0122950819672131,0,9.99600159936026e-05,0,0,0.000199920031987205,0,0.00709716113554578,0,0.00079968012794882,0,0,0,0,0,0,0,0,9.99600159936026e-05,0.00339864054378249,0.00179928028788485,0,0,0,0,0,0.00199920031987205,0,0.00669732107157137,0,0,0,9.99600159936026e-05,0,0,0,0,0,0,0,0,9.99600159936026e-05,0,0,0,0,0.0157936825269892,0,0,0,0,0,0,0,0,0,0,0,9.99600159936026e-05,0,0.00199920031987205,0.000199920031987205,0,0,0.000499800079968013,0,0,0,0,0,0,0,0,0,0.000199920031987205,0,0,0.00039984006397441,9.99600159936026e-05,0,0,0,0,0.000199920031987205,0,0,0,0.00719712115153938,0,0,0,0,0,0,0,0,0,0.0178928428628549,0,0.0227908836465414,0,0,0.00849660135945622,0,0,0,0,0,0,0,0,0,0,0,0,0,9.99600159936026e-05,0,0,0.0158936425429828,9.99600159936026e-05,0,0,0,0.000199920031987205,9.99600159936026e-05,0,0,0.00219912035185926,0,0,0,0,0,0,0,0,0,0.00179928028788485,9.99600159936026e-05,0,0.122950819672131,0,0.00259896041583367,0,0.000299880047980808,0,0.000499800079968013,0.414434226309476,0,0,0.0216913234706118,0,0,0,0.00269892043182727,0.00169932027189124,0.000199920031987205,0,0,0,0,0,0.0214914034386245,0,0,0,0,0.00039984006397441,0.00179928028788485
0,0,0.000199940017994602,0,0,0,0.00199940017994602,0.000199940017994602,0,0,0,9.99700089973008e-05,0,0,0.00719784064780566,0,0,0,0,0,0,0.000799760071978406,0,0.000199940017994602,0.00109967009897031,0.106268119564131,0,0,0.00339898030590823,0.00129961011696491,0.00469859042287314,0,0,0,0.00659802059382185,0,0.0191942417274818,0,0,0,0,0,0,0,0,0.000499850044986504,0,0,0,0,0,0,0,0,0.000899730080975707,0.00119964010796761,0,9.99700089973008e-05,0,0.000399880035989203,0,0.00619814055783265,0,0.000199940017994602,0,0.000499850044986504,9.99700089973008e-05,0.000499850044986504,0,0.00199940017994602,0.000199940017994602,0,0,0.0118964310706788,0,0,0,0,0,9.99700089973008e-05,0,0,0.00389883035089473,0,0.00409877036888933,0.00179946016195141,0,0,0,0,0,0.00109967009897031,0,0,0,0,0,0,0,0,9.99700089973008e-05,0,9.99700089973008e-05,0,0.00399880035989203,0.00139958012596221,0.00449865040487854,0.00309907027891633,0,0,0.000599820053983805,0,0,0.000699790062981106,0,0,0.0342897130860742,0.00369889033290013,0.010296910926722,0.000299910026991902,0.00489853044086774,0,0,0,0.0237928621413576,0,0,0,0,0,0.0603818854343697,0.00159952014395681,0,0,0.000399880035989203,0,0.00589823053084075,0,0,0,0,0,0,0,0,0,0,0,0,0.00199940017994602,0,0,0,0.00469859042287314,0,0,0,0,0,0,0,0.00619814055783265,0.000399880035989203,9.99700089973008e-05,0,0,0,0,0,0.000599820053983805,0,0.000199940017994602,9.99700089973008e-05,0,0,0,0.00709787063880836,0.000499850044986504,0.00889733080075977,0,0,0.00179946016195141,0,0,0,0,0,0,0.00729781065680296,0,0,0.00199940017994602,0,0,0,0,0,0.00939718084574628,0,0,0,0,0,0,0,0.00439868039588124,0.00299910026991902,0,0.000299910026991902,0,0.00209937018894332,0,0,0,0,0.00229931020693792,0.00129961011696491,0.000399880035989203,0.00779766070178946,0.000399880035989203,0,0.0300909727081875,0.00179946016195141,0.00329901029691093,0.000599820053983805,0,0,0,0,0.00299910026991902,0.00569829051284615,0.000199940017994602,0.000499850044986504,0.00969709087273818,0,0,0.000299910026991902,9.99700089973008e-05,0.000199940017994602,0,0,0,0.0898730380885734,0,0,0,0,0,0,0,0,0,0,0,0,0.00119964010796761,0.00199940017994602,9.99700089973008e-05,9.99700089973008e-05,0,0,0,0,0,0.000199940017994602,0.000199940017994602,0,0,0.00249925022493252,0.0115965210436869,0,0.000199940017994602,0.164650604818554,0,0,0,0.0669799060281915,0.000199940017994602,0,0.113865840247926,0,0.000199940017994602,0.0414875537338798,0,0,0,0,0,0,0,0,0,0,0,0.00609817054883535,0.00249925022493252,0.00279916025192442,0,0,0.0118964310706788,0.00359892032390283
0,0,0,0,0,0,0,0,0,0,0,0,0,0,9.9930048965724e-05,0.000199860097931448,0.000199860097931448,0,0,0,0,0.00099930048965724,0,0,0,0.124213050864395,0,0,0.00109923053862296,0.00299790146897172,0.000299790146897172,0,0,0.00429699210552613,0,0,0,0,0,9.9930048965724e-05,0,0,0,0,0,0.0110922354351954,0,0,0,0,0,0,0,0,0,0,0,0,0,0.0273808334166084,0,0,0,0.000299790146897172,0,0,0.00119916058758869,0,0,0.00419706205656041,0,0.000199860097931448,0,0,0,0.0663535525132407,0,0,0,0.0020985310282802,0,0,9.9930048965724e-05,0,0,0.00189867093034876,0,0,0,0,0.0538622963925252,0.000299790146897172,0,0,0,0,0,0,0,0,0,0,0,0,0,0,0,0.00429699210552613,0,0.00899370440691516,0,0,9.9930048965724e-05,0,0.000399720195862896,0,0.00849405416208654,0,0.016288597981413,0.00049965024482862,0.00489657239932048,0,0,0.000299790146897172,0.000399720195862896,0,0,0,0,0,0.0140901369041671,0,0,0,0,0,9.9930048965724e-05,0,0,0,9.9930048965724e-05,0.000199860097931448,0,9.9930048965724e-05,0,0,0.000199860097931448,0,0.00189867093034876,0,0,0,0.000199860097931448,0,0,0,0,0,0,0,0,0.00149895073448586,0,0.0161886679324473,0,0.0164884580793445,0,0,0,0,0,0,0.000199860097931448,0,0,0,0.00399720195862896,9.9930048965724e-05,0.00119916058758869,0,0,0,0,0,0,0,0,0.0110922354351954,0,0,0.000799440391725792,0.00739482362346358,0,0,0,0,0.0195862895972819,0.00389727190966324,0,0,0,0,0,9.9930048965724e-05,0,0,0,0,0.000199860097931448,0,0.0105925851903667,0,0,0,0,0.0053962226441491,0,0,0,0,0.000299790146897172,0.0193864294993505,0,0,0,0,0,0,0,0.00519636254621765,0,0,0,0.00129909063655441,0,0,0,0,0,9.9930048965724e-05,0,0,0.0902368342160488,0,9.9930048965724e-05,0,0,0,0,0,0,0,0,0,0,0.000399720195862896,0.000299790146897172,0,0,0,0.000199860097931448,0,0,9.9930048965724e-05,0.0312781053262716,0,0,0,0,0.00179874088138303,0,0,0.0247826521434996,0,0,0,0.00049965024482862,0,0,0.347856500449685,0,0,0.00269811132207455,0,0,0.00169881083241731,0,0,0,0.000299790146897172,0,0,0,0,0.000299790146897172,0,0.000399720195862896,0,0,0.00699510342760068,0
0,0,0,0,0,0,0.00480096019203841,0,0,0,0,0,0,0,0.00650130026005201,0,0,0.0021004200840168,0,0,0.001500300060012,0,0,0.0026005201040208,0.000700140028005601,0,0,0,0.001000200040008,0.0310062012402481,0,0,0.0014002800560112,0.0559111822364473,0,0,0,0,0,0,0,0,0,0,0,0.130426085217043,0,0,0,0,0,0,0,0,0,0,0,0,0,0,0,0.00480096019203841,0,0,0,0,0.0780156031206241,0,0,0.0729145829165833,0.00920184036807361,0,0,0,0,0,0,0,0,0,0,0.000800160032006401,0,0,0,0.0012002400480096,0,0,0,0.00890178035607121,0,0,0,0,0,0,0,0,0,0,0,0.0023004600920184,0,0.000700140028005601,0.0002000400080016,0,0.0243048609721944,0,0,0,0,0,0,0.0483096619323865,0,0,0.002000400080016,0,0,0,0.0016003200640128,0,0,0,0.0299059811962392,0,0,0,0,0,0,0,0,0,0,0,0,0,0,0,0,0,0,0,0.00520104020804161,0,0,0,0,0.00470094018803761,0.0026005201040208,0,0,0,0,0,0,0,0.00480096019203841,0,0,0,0,0,0,0.0002000400080016,0,0,0,0,0,0.0256051210242048,0.0003000600120024,0,0,0,0,0,0.166433286657331,0,0,0,0,0,0,0,0,0,0,0.0002000400080016,0,0,0,0,0,0,0,0,0,0,0,0,0,0.0017003400680136,0,0,0.0011002200440088,0,0,0.000700140028005601,0,0,0.00440088017603521,0,0.00860172034406881,0,0,0,0,0,0,0,0,0,0,0,0,0,0,0,0,0,0,0.0936187237447489,0,0,0.000900180036007201,0,0,0,0,0,0,0,0,0,0,0,0,0,0,0,0,0.000500100020004001,0,0.0126025205041008,0,0,0,0.0206041208241648,0,0,0,0,0.0247049409881976,0,0,0.000800160032006401,0.0232046409281856,0,0,0,0.0552110422084417,0,0.000400080016003201,0,0,0,0,0,0,0,0,0,0,0.0178035607121424,0,0,0,0,0,0,0,0,0,0,0,0,0,0,0
0,0,0,0,0,0,0,0,0,9.99100809271655e-05,9.99100809271655e-05,0,9.99100809271655e-05,0.0107902887401339,0.000599460485562993,0,0.000199820161854331,9.99100809271655e-05,0,0.000199820161854331,0.000799280647417324,0.00279748226596064,0,0,0,0.0550504545908682,0,0,0.00649415526026576,0.00129883105205315,0.00329703267059646,0,9.99100809271655e-05,0.0111899290638425,0,0,0.00119892097112599,0.00619442501748426,0,0,0,0,0,0.00979118793086222,0,0.0143870516535118,0,9.99100809271655e-05,0.000799280647417324,0,9.99100809271655e-05,0.000299730242781497,0,0.000199820161854331,0.00389649315615946,9.99100809271655e-05,0,0,0,0.000699370566490159,0,0,0,0,0,0,0.000999100809271655,0,0,0,0.000199820161854331,0,0,0.00119892097112599,0,0,0,9.99100809271655e-05,0,0.000799280647417324,0,0.000199820161854331,0.00139874113298032,0,9.99100809271655e-05,9.99100809271655e-05,0.000399640323708662,9.99100809271655e-05,0,0.0158857028674193,0,0.000299730242781497,0,0,0,0.00489559396543111,0,0,0.0106903786592067,0,0,0,0,0,0.000399640323708662,0.00199820161854331,9.99100809271655e-05,0.00149865121390748,0,0.00659406534119293,0,0,0.000299730242781497,0.00849235687880907,0.000599460485562993,0.00109901089019882,0,9.99100809271655e-05,0.00999100809271656,0,0,0,0,0,0.0333699670296733,0.000799280647417324,0,0,9.99100809271655e-05,0,0.129083824557898,0.0104905584973524,9.99100809271655e-05,0,0,0,0.00109901089019882,0,0,0,9.99100809271655e-05,0,0,0,0.0184833649715256,0,0.000199820161854331,0.012089119792187,0.00219802178039764,0,0,0.00669397542212009,0.00589469477470277,0,0.000199820161854331,0,0,0,9.99100809271655e-05,0.00219802178039764,0,0.00789289639324608,0,0,0,0,0,0,0,0,0,0,0,0,0,0,0.00219802178039764,0.000699370566490159,0.000299730242781497,9.99100809271655e-05,0.00729343590768308,0.00419622339894095,0.00139874113298032,0,9.99100809271655e-05,0,0,0.000199820161854331,0,0,9.99100809271655e-05,0.00669397542212009,9.99100809271655e-05,9.99100809271655e-05,0,0,0.00819262663602758,0.0118892996303327,0,0,0,0.000499550404635828,0.00129883105205315,9.99100809271655e-05,0,9.99100809271655e-05,0.000199820161854331,0,0,0,0.00179838145668898,9.99100809271655e-05,0.00129883105205315,9.99100809271655e-05,0.00119892097112599,0.00309721250874213,0.00229793186132481,9.99100809271655e-05,0.00369667299430513,0.000299730242781497,0.00189829153761615,0,0,0,0.000499550404635828,0,0,0,0.00809271655510041,0.00699370566490159,0.0105904685782795,0,0,0.00939154760715356,0,9.99100809271655e-05,9.99100809271655e-05,0,0.000299730242781497,0,0.00679388550304726,0,0.0575482066140474,0.00599460485562993,9.99100809271655e-05,0,0,0,0,0,0,0.000499550404635828,0.000199820161854331,0,0.000199820161854331,9.99100809271655e-05,9.99100809271655e-05,0,0.000599460485562993,0.00129883105205315,0.000199820161854331,0,0,0.000299730242781497,0,0,0,0,0.000699370566490159,0.0249775202317914,0,0.00279748226596064,0.0859226695973624,0,0,0,0,9.99100809271655e-05,9.99100809271655e-05,0.216704965531022,0,0,0.0442601658507343,0,0,0,0,0,0.00109901089019882,0.0031971225896693,0,0,0,0,0.012089119792187,0.000199820161854331,0.000199820161854331,0.000399640323708662,0,0.00499550404635828,0
0,0,0,9.9940035978413e-05,0,0,0,0,0,0,0,0,0,9.9940035978413e-05,0.00299820107935239,0,0,0,0,0,0,0.00509694183489906,0,0,0,0.22986208275035,0,0,0,0.00689586248251049,0.00649610233859684,9.9940035978413e-05,0,0,0,0,0,0.00739556266240256,0,0,0,0,0,0.00169898061163302,0,0,0,0,0,0,9.9940035978413e-05,0,0,0,0,0,0,0,0,0,0,0,0,0,0,0,0.00129922046771937,0,0,0,0.000999400359784129,0,0,9.9940035978413e-05,0,0,0,0,0,0,0,0,0,0,0,0.00149910053967619,0,0,0,0.0238856685988407,0,0,0.0268838696781931,0.000599640215870478,0,0,0,0,0.004597241655007,0,0,0,0,0,9.9940035978413e-05,0,9.9940035978413e-05,0.210073955626624,0,0,0,0,0,0.000599640215870478,0,0,0,0,0.0129922046771937,0,0,0,0,9.9940035978413e-05,0.124325404757146,0,0,0,0,0.00169898061163302,0,0,0,0,0,0,0,0,0,0,0.0483709774135519,0,0,0,0,0,0.00189886068358985,0,0,0,0.000699580251848891,0,0,0,9.9940035978413e-05,0,0,0,0,0.00279832100739556,0.00219868079152508,0,0,9.9940035978413e-05,0,0,0,9.9940035978413e-05,0,0,0.000499700179892065,0,0.000199880071956826,0,0,0,0,0,0.00409754147511493,0,0,0,0,0,0,0,0,0,0,0,0,0.00409754147511493,0,0,0,0,0,0,0,0,0,0,0,0,0,0.00249850089946032,0,0,0,0,0,0,9.9940035978413e-05,0,0,0,0,0,0,0.000299820107935239,0,0,0,0,0,0,0,0,0,0,0.000699580251848891,0,0,0.0219868079152508,0,0,0,0,0,0.000899460323805717,0.000199880071956826,0,0,0,0,0,0,0,0,0,0,0,0,0,0.00119928043174096,0,0.00129922046771937,0,0,9.9940035978413e-05,0,0,0,0,0.000499700179892065,0,0,0,0,0.00489706176294223,0,0.000899460323805717,0.0600639616230262,0,0,0,0,0.000199880071956826,0.00369778133120128,0.0837497501499101,0,0,0.0634619228462922,0,0,0,0,0,9.9940035978413e-05,0.00389766140315811,0,0,9.9940035978413e-05,0,0.00319808115130921,0,0,0,9.9940035978413e-05,0.0099940035978413,0
0,0,0,0,0,0,0,0,0.000199940017994602,0,0,0,9.99700089973008e-05,0,0.00359892032390283,0.000199940017994602,0,0,0,0,0.00439868039588124,0.00419874037788663,0,0,0,0.212436269119264,0,0,0.0217934619614116,0.000799760071978406,0,0,0,0.00129961011696491,0,0,0.00349895031490553,0.0476856942917125,0,0,0,0,0.00679796061181645,0.0106967909627112,0,0.0482855143456963,0,0.000299910026991902,0,0,0.000599820053983805,0,0,0,0,0,0.000399880035989203,0,0,0.00129961011696491,0,0.000799760071978406,0,9.99700089973008e-05,0,0,0.00119964010796761,0,0,0,0,0,0,0,0,0,0,0,0,0.000699790062981106,0,0,0.0130960711786464,0,0,9.99700089973008e-05,0.00109967009897031,0.00249925022493252,0,0.00889733080075977,9.99700089973008e-05,0.0966709987003899,0.000299910026991902,0,0,9.99700089973008e-05,0,0,0.00699790062981106,0,0,0,0,0,0,0,0,0.00469859042287314,0,0.00449865040487854,0,0,0,0.000899730080975707,0,0,0.0209937018894332,0,9.99700089973008e-05,0,0.00389883035089473,0,0,0,0.0121963410976707,0,0,0,0,0,0.0702789163251025,0.00139958012596221,0,0,0,0,0.00979706088173548,0.000799760071978406,0,0,9.99700089973008e-05,0,0,0,0,0,0.00139958012596221,0,0.00369889033290013,0,0,0,0,0.000299910026991902,0,0,0,0,0,0.00279916025192442,0,0.00259922023392982,0.000199940017994602,0.0187943616914926,0,0,0,0,0,0,0,0,0.00289913026092172,0,0,0,0.00479856043187044,0.00539838048585424,0.0420873737878636,0,0,0,0,0,0.000299910026991902,0,0,0,0,0,0.000199940017994602,0.00399880035989203,0.000299910026991902,0,0,0,0.0114965510346896,0.00369889033290013,0,0,0,0,0,0.0210936718984305,0,0.00469859042287314,0,0,9.99700089973008e-05,0,0,0,0,0,0.000499850044986504,0.00199940017994602,0,0.000999700089973008,0.00519844046785964,0,0,0.0213935819254224,0,0,0,0,0,0,0,0.00469859042287314,0.00229931020693792,0,0,0.0116964910526842,0,0,0,0,0.000199940017994602,0,0.019594121763471,0,0.0181945416375087,0,9.99700089973008e-05,0,0,0,0,0,0.0228931320603819,0.000699790062981106,0.00449865040487854,9.99700089973008e-05,0.00279916025192442,0.000599820053983805,9.99700089973008e-05,0,0,0.000699790062981106,0,0,0,9.99700089973008e-05,9.99700089973008e-05,0,0,0,0,0.000199940017994602,0,0,0.012296311106668,9.99700089973008e-05,0,0,0,9.99700089973008e-05,0.00579826052184345,0.0137958612416275,0,0,0.0336898930320904,0,0,0,0,9.99700089973008e-05,0.000399880035989203,0.00629811056682995,0,0,0,0,0.0181945416375087,0,9.99700089973008e-05,0,0,0.0276916924922523,0
5e-04,0,0,0,0,0,0.0031,0,0,0,0,0,0,0,0.0061,0.0034,0,0,0,0,0,5e-04,0,0,0,0.1471,0,0,0.0022,0.0079,2e-04,0.0106,2e-04,0.0042,0,0,0,0,1e-04,8e-04,0,0,0,0.0047,0,0,0,3e-04,0,0,3e-04,0,0,0,0.0017,0,0,0,0,0.0082,0,0,0,0,0,2e-04,0.0022,7e-04,0,0.0039,0.0022,0,0,8e-04,0,0,1e-04,0,0,0.0059,0,0,0,0,0,0.0013,0,0,1e-04,0.003,0,0.0028,0.0035,0,0,0,0,0,0.0013,0,0,0.0078,0,0,2e-04,0,0,0.0186,0,0,0,0.0155,0,0.1061,0,0,0.0012,0,0.0135,1e-04,0,0,0,0.0016,0.0051,0,0,0,0,0,0,0,1e-04,0,0,0,0.0078,0,0,0,0.0513,0,0,0,0,0,0.0013,0,1e-04,0.0042,0,0.0056,0,0,1e-04,0,0,0,0,0,0,0,0,0.0242,2e-04,0,0,0,0,0,0,0,1e-04,0,0,0,0,0.0014,0.0042,0,0,0,0,0,0,0,0,0,0.0117,0,0,0.0099,0,0,0,2e-04,0,4e-04,0,0,0,0,0,1e-04,0,0.005,0,0,5e-04,0.0022,0,0,0,4e-04,0,0,0.0068,0.0014,0.0581,3e-04,0.0018,0.0041,0,0,0,0,0.0534,0,0.0099,0,0.0122,3e-04,0,0.0179,0,0,1e-04,0,0,0.0013,0,0,0,0,0,0,0,0,0,0,0.0086,0,3e-04,0,0.002,0.0134,0.0066,0,0,0,8e-04,0,0,0.0042,0,0,1e-04,0,0,0.0082,0,0.0092,0.0259,0,1e-04,1e-04,4e-04,3e-04,5e-04,0.1957,0,0.0134,0.0014,0,1e-04,0,0,0,4e-04,0.0038,0,0,0,0,0.004,0,4e-04,0,1e-04,0.0016,0
0,0,0.0001998001998002,0,0,9.99000999000999e-05,0.0024975024975025,0,0,0,0.0003996003996004,0,9.99000999000999e-05,0.0247752247752248,0.002997002997003,0,0,0,0,0,0,0.0185814185814186,0,0,0,0.160839160839161,0,0,0.0106893106893107,0.0002997002997003,0,0,0,0.0043956043956044,0,0,0.0216783216783217,0.0123876123876124,9.99000999000999e-05,0,0,0,0,0,0,0.0002997002997003,0,0.0004995004995005,0,0,0.0002997002997003,0,0.0003996003996004,0,0.0013986013986014,0,0,0,0,0.0134865134865135,0,0.00599400599400599,0.0013986013986014,9.99000999000999e-05,0,0,0.001998001998002,0,0,0,0.0035964035964036,0,0.0001998001998002,0,0,0,9.99000999000999e-05,0,0,0.00569430569430569,0.0020979020979021,0,0.0028971028971029,0,0.111488511488511,0.0001998001998002,0,0,0,0.000799200799200799,0,9.99000999000999e-05,0.000699300699300699,0,0,0,0,0,0,0,0,9.99000999000999e-05,0,0,0.0001998001998002,0,0,0.0133866133866134,0,0,0,0.0040959040959041,0,0.0003996003996004,0,0.0018981018981019,0.0268731268731269,9.99000999000999e-05,0.0018981018981019,0,0.0138861138861139,0,0,0,0.0016983016983017,0,0,0,9.99000999000999e-05,0,0.10959040959041,0.0320679320679321,0,0.0156843156843157,0,0,0.0004995004995005,0.000899100899100899,0,0,0.0025974025974026,0.0002997002997003,0,0,0,0,0,0,0.0045954045954046,0.0002997002997003,0.00759240759240759,0,0.0002997002997003,0,0,0,0,0,0,0,0,0.00889110889110889,0,0,0,0.024975024975025,0.0004995004995005,0,0,0.000899100899100899,0,0.000599400599400599,9.99000999000999e-05,0,0,0,0.0041958041958042,0.0047952047952048,0.00689310689310689,0,0,0,0.0001998001998002,0,0.0003996003996004,0,0,0,0.0116883116883117,0,0,0.000599400599400599,0.0003996003996004,0,0,0,0.00579420579420579,0.00639360639360639,0,0,0,0,0,0,0,0.0197802197802198,0,0,9.99000999000999e-05,0,0,0,0,0,0.0012987012987013,0.002997002997003,0.00579420579420579,0,0.0100899100899101,0,0,0,0.0158841158841159,0,0,0,0,9.99000999000999e-05,0,0,0,0,0.0036963036963037,0.00939060939060939,0.0013986013986014,0,0.000599400599400599,0.0046953046953047,0,0.00659340659340659,0,0.0001998001998002,0.0254745254745255,0,0,0,0,0,0,0,0.0004995004995005,0.0011988011988012,0.0025974025974026,0,0.0011988011988012,0.000999000999000999,0.000699300699300699,0,0.0015984015984016,0,0.000799200799200799,0,0,0.000599400599400599,9.99000999000999e-05,0,0,0.0043956043956044,0.000999000999000999,0.0003996003996004,0.0002997002997003,0,0.0104895104895105,0.0004995004995005,0,0,0,0.0001998001998002,0,0.0708291708291708,0,0,0.0216783216783217,0,0,0,0,0,0,0,0,0,0,0,0.0245754245754246,0,0.0010989010989011,0,0,0.015984015984016,0
0,0,0,0,0,0,0,0,0,0,0,0,0,0,0.000899820035992801,0,0,0,0,0,0,0.0020995800839832,0,0.0002999400119976,0,0.220755848830234,0,0.0021995600879824,0.0001999600079984,0.0018996200759848,0,0,0,0.00329934013197361,0,0,0,0,0,0,0,0,0,0,0,0.0170965806838632,0,0,0,0,0,0,0,0,0,0,0,0,0,0,0,0,0,0,0,0,0.0153969206158768,0,0,0.0030993801239752,0,0,0,0,0,0,0,0,0,0,0,0,0,0,0,0.0002999400119976,9.99800039992002e-05,0,0,0.0017996400719856,0,0.0001999600079984,0,0,0,0,0,0,0.0012997400519896,9.99800039992002e-05,0,0.00449910017996401,0,0,0,0,0,0.0152969406118776,0,0,0,0,0,0.000599880023995201,0,0,0,0,0.0161967606478704,0,0.00899820035992801,0,0,0.0002999400119976,0.0013997200559888,0,0,0,0,0,0.0311937612477504,0.001499700059988,0,0,0,0,9.99800039992002e-05,0,9.99800039992002e-05,0,9.99800039992002e-05,0,0,0,0,0,0,0,0,0.000899820035992801,0,0,0,0,0,0,0,0,0,0.000999800039992002,0,0,0,0,0,0,0,0.0016996600679864,0,9.99800039992002e-05,0,0,0,0,0,0,0,0,0.00839832033593281,0,0,0,0,0,0,0,0,9.99800039992002e-05,0,0,0,0.00589882023595281,0,0,0,0.00389922015596881,0.00719856028794241,0,0,0,0,0.0011997600479904,0,0,0,0,0,0,9.99800039992002e-05,0,0.00879824035192961,0,0,0,0,0,0,0,9.99800039992002e-05,0,0,0,0,0,0,0,0,0,0.0020995800839832,0,0.0023995200959808,0,0,0.00999800039992002,0,0,0,0,0,0,0,0,0.0383923215356929,0,9.99800039992002e-05,0,0,0,0,0,0,0,0,0,0,0.000699860027994401,0.000399920015996801,0,0,0.0016996600679864,0,0,0,0,0,0,0,0,0,0.441411717656469,0,0,0.0115976804639072,0,0,0,0,0,0,0.0849830033993201,0,0,0.00509898020395921,0,0,0,0,0,0,0,0,0,0,0,0,0,0.0001999600079984,0,0,0.0100979804039192,9.99800039992002e-05
0.00469765117441279,0,0,0,0,0,0.00259870064967516,0,0,0,0,0,0,0,0.00119940029985007,0,0,0,0,0,0.00199900049975012,9.99500249875062e-05,0,0.000699650174912544,0,0.300949525237381,0,0.000999500249875062,0.000599700149925037,0.000499750124937531,0,0,0,0.00679660169915042,0,0,0.0164917541229385,0,0,0,0,0,0,0,0,0,0,0,9.99500249875062e-05,0,0,0,0,0,0,0,0,0,0,0.000199900049975012,0,0,0,0,0,0,0.000499750124937531,0,0.000199900049975012,0,0,0,0,0,0,0,0,0,0,0.00149925037481259,0,0,0,0,0,0.000299850074962519,0.000299850074962519,0,0,0,0,0.0100949525237381,0.00129935032483758,0,0,0.000899550224887556,0,0,0,0,0,0.00119940029985007,0,0,0,0,0,0.0273863068465767,0,0.00449775112443778,0,0,0,0.000499750124937531,0.000599700149925037,0.000399800099950025,0,0.00079960019990005,9.99500249875062e-05,0,0.0107946026986507,0,0,0,0.00619690154922539,0,0,0,0,0,0,0.0132933533233383,0,0,0,0,0.000199900049975012,0,0,0,9.99500249875062e-05,0,0,0,0,0,0,0,0.00309845077461269,0.000299850074962519,0,0,0,0.00199900049975012,0,0,0,0,0,0,0,0,0,0,0,0,0,0,0,9.99500249875062e-05,0,0.00139930034982509,0.00139930034982509,0.000599700149925037,9.99500249875062e-05,0,0.00559720139930035,0,0.000499750124937531,0,0,0.00839580209895052,0,0,0,0,0,0,0,0,0,0.00239880059970015,9.99500249875062e-05,0,0,0.000699650174912544,0.00769615192403798,0,0,0,0,0,0,9.99500249875062e-05,9.99500249875062e-05,0,0,0,0.00079960019990005,0.00109945027486257,0,0,0,0,0.000299850074962519,0.00529735132433783,0.00449775112443778,0,0.000399800099950025,0,0,0,0,0,0,0,0,0,0,0.00299850074962519,0.0123938030984508,0,0,0.0116941529235382,0,0,0,0,0,0,0,0.0249875062468766,0,0,9.99500249875062e-05,0,0,0,0,0,0,0,0,0,0.00129935032483758,9.99500249875062e-05,0,0,0,0,9.99500249875062e-05,0,0,9.99500249875062e-05,0,0,0,0,0,0.117541229385307,0,0,0.0585707146426787,0.000999500249875062,9.99500249875062e-05,0,0,0,0,0.298850574712644,0,0,0.000499750124937531,0,0,0,0,0.000699650174912544,0.00139930034982509,0,0,0,0,0,0,0,0,0,0,0.00149925037481259,0
0.00359820089955022,0,0,0,0,0,9.99500249875062e-05,0.00679660169915042,0,0,0,0,9.99500249875062e-05,9.99500249875062e-05,0.00109945027486257,0.00229885057471264,0.00469765117441279,0.000199900049975012,0,0.000299850074962519,0.00499750124937531,0.00629685157421289,0,0,0.000199900049975012,0,0,0,0.00289855072463768,0.00299850074962519,0,0.0248875562218891,0.00109945027486257,0.0316841579210395,0,0,9.99500249875062e-05,0.0435782108945527,0,0,0,0,0,0,0,0.0245877061469265,0,0.000899550224887556,0,0,0.000299850074962519,0,0,0,0,0,0,0,0,0,0,0,0,0,0,0,0.00489755122438781,0.00229885057471264,9.99500249875062e-05,0.00849575212393803,0,0,0,0,0,9.99500249875062e-05,0,0,0,0.016791604197901,0,0,0,0,0.000199900049975012,0,0,0,0,0.00999500249875063,0,0.000299850074962519,0.000399800099950025,0,0,0.0100949525237381,0.000999500249875062,0,0,0,0,9.99500249875062e-05,0,0,9.99500249875062e-05,0,0,0.210694652673663,0,0,0,0.00349825087456272,0,0.114842578710645,0,9.99500249875062e-05,9.99500249875062e-05,0,0.0360819590204898,0,0.000399800099950025,0,0.000999500249875062,0,0.00579710144927536,0,0,0,0,0.00629685157421289,0,0.00309845077461269,0,0,0,0,0.000199900049975012,0,0.000199900049975012,0,0.0015992003998001,0,0,0,0,0,0.00449775112443778,0,9.99500249875062e-05,9.99500249875062e-05,0.00409795102448776,0,0,0.00249875062468766,0,0.000199900049975012,0,0.00149925037481259,0,0,0,0,0,0,0,0,0,0,0,0,0,0.000199900049975012,0.00149925037481259,0,0,0,0,0.00929535232383808,0,0,0,0,0.000399800099950025,0.000899550224887556,0.00229885057471264,0,0,0,0,0.000399800099950025,0,0.024687656171914,0.000199900049975012,0,0,0,0,0,0,0,0,0,0,0.0139930034982509,0,0.0170914542728636,0.000599700149925037,0.000399800099950025,0.000399800099950025,0,0,0,0,0,0,0,0.00309845077461269,0,0.0178910544727636,0,0.00839580209895052,0.00509745127436282,0,0,0,0,0,0.000499750124937531,0.00839580209895052,0,0.0203898050974513,0,0,0,0,0,0.000399800099950025,0,0,0,0,0,0.00119940029985007,0,0,0,0,0,0,0,0,0,0,0,0.00149925037481259,0.0183908045977011,0.00309845077461269,0,0,0,0.000999500249875062,0,0.000699650174912544,0.000999500249875062,0,0,0,0,0.000599700149925037,9.99500249875062e-05,0,0,0.00469765117441279,9.99500249875062e-05,0.00079960019990005,0,0,9.99500249875062e-05,0.000399800099950025,0.126736631684158,0,9.99500249875062e-05,0.0498750624687656,0,0.000199900049975012,0.00129935032483758,0,0.000199900049975012,0,0,0,0,0,0,0.00529735132433783,0,0.0220889555222389,0,0.000399800099950025,0.0079960019990005,0
0,0,0,0,0,0,0.00099930048965724,0.00269811132207455,0,0,0,0,0,0.0204856600379734,0.00599580293794344,0,0,0,0,0,0,0,0,0,0,0.346557409813131,0,0,0,0,0,0,0,0.00119916058758869,0,0,0,0.00329769161586889,0,0,0,0,0,0.00489657239932048,0,0,0,0,0,0,0,0,0,0,0,0,0,9.9930048965724e-05,0,0,0,0,0,0,0.0233836314579794,0,0,0,0,0,0.00199860097931448,0,0,0,0,0,0,0,0,0.000799440391725792,0,0,0,0,0,0,0,0,0,0.00259818127310882,0,0,0,0,0,0,0,0,0,0,0,0,0,0,0,0,0,0.147796542420306,0,0,0,0,0,0,0,0,0,0,0,0,0,0,0,0,0.00679524332966923,0,0,0,0,0,0.0601578894773658,0,0,0,0,0,0,0,0,0,0,0.00199860097931448,0,0,0,0,0,0,0.00419706205656041,0.000299790146897172,0,0,0,0,0,0,0,0,0,0,0,0,0,0,0,0.0219846107724593,0,0,0,0,0,0.000199860097931448,0.00569601279104627,0,0,0,0,0,0,0,0,0,0,0,0,0,0,0,0,0,0,0.0045967822524233,0,0,0,0,0.0164884580793445,0.0101928649945038,0,0,0.00549615269311482,0.00169881083241731,0,0.0302788048366144,0,0,0,0,0,0,0,0,0,0,0,0,0,0,0.00599580293794344,0,0.00109923053862296,0,0,0,0,0,0,0,0,0,0,0,0,0,0.00119916058758869,0,0,9.9930048965724e-05,0,0,0,0,0.00259818127310882,0,0,0,0,0,0,0,0,0,0,9.9930048965724e-05,0,0,0,0,0,0,0,0,0,0,0,0,0,0,0.00369741181173179,0.0344758668931748,0,0,0.0187868492055561,0,0.000299790146897172,0,0,0,0,0.196862196462476,0,0,0,0,0,9.9930048965724e-05,0,0,0,0,0,0,9.9930048965724e-05,0,0.00169881083241731,0,0,0,0,0,0
0,0,0,0,0,0,0,0,0,0,0,0,0,0,2e-04,0,0,0,0,7e-04,0,0,0,0,0,0.4629,0,0,0.0044,2e-04,0,0,0,0,0,0,0,0,0,0,0,0,0,0,0,0,0,0,0,0,0,0,0,1e-04,0,0,0,0,0,0,0,0,0,0,0,0,0.0186,0,0,0,0,0,0,0,0,0,0,0,0,0,0,0,0,0,0,0,0,0,0,0,0,0,0,0,0,1e-04,0,0,0.0072,0,0,0,0,0,0,0,0,0.0786,0,0.0346,0,0,1e-04,0,0,0,0.0366,0,0,0,0.0053,0,0,1e-04,0,0,0.0059,0,0,0,0.0107,0.0052,0,0,0,0,0,0,1e-04,0,3e-04,0,0,0,0,0,0,0,0.0056,0,0,0,0,0,1e-04,0,0,0,0,2e-04,0,0.0077,0,0,0,0,0,0,0,0,0,0,3e-04,0,0,5e-04,0.0032,0,0,0,0,0,0,0,0,0,0,4e-04,0,0,0,0,0,0,0,0,0.0081,0,0,0,0,0,0,0,0,0,0,0,0,0,0,0.0041,0,0,0,0,0,0,0.0075,0,0,0,0,0,1e-04,0,0,0,0,0,0,0,0,0,0,0,0,0,0,0,0,0,0.0144,0,0,0,0,0,0,0,0,0,0,0,0,0,0,0,0,0,0,0,0,0,0.0013,0,0,0,0,1e-04,0,0,0.0138,0.0012,0,0,0,0,0,0.2502,0,1e-04,0,0,0,0.0045,0,0,0,0,0.0047,0,0,0,0,0,0,0,0,0,0
0,0,0.0001000200040008,0,0,0.0001000200040008,0,0,0,0,0,0,0.0001000200040008,0.0001000200040008,0.0001000200040008,0,0,0,0,0,0,0.003000600120024,0,0,0,0.0383076615323065,0,0,0.0019003800760152,0,0.0900180036007201,0,0,0.025505101020204,0,0,0,0,0.000400080016003201,0,0,0,0,0,0.0001000200040008,0,0,0.000600120024004801,0,0,0,0,0.0003000600120024,0,0.00770154030806161,0,0,0,0,0,0,0,0,0.0125025005001,0,0,0.00500100020004001,0,0,0,0.0031006201240248,0,0,0,0,0,0,0,0,0.0123024604920984,0.0022004400880176,0,0,0,0.00970194038807762,0.0001000200040008,0.0012002400480096,0,0,0.01750350070014,0,0,0.0028005601120224,0,0,0,0.0581116223244649,0,0,0,0,0.0001000200040008,0,0,0.0003000600120024,0,0,0.0430086017203441,0,0,0,0,0,0.173034606921384,0.000600120024004801,0,0,0,0.00570114022804561,0,0,0,0,0.0002000400080016,0,0,0,0,0,0,0,0,0,0,0,0,0.0001000200040008,0,0,0,0.000500100020004001,0.0001000200040008,0,0,0,0,0.000400080016003201,0,0,0,0.0028005601120224,0.00570114022804561,0,0.0024004800960192,0.0001000200040008,0,0,0,0,0,0,0,0,0,0,0,0,0,0,0,0,0,0,0,0,0,0,0,0.0107021404280856,0.0003000600120024,0,0,0,0,0,0,0,0,0,0,0,0.018503700740148,0,0,0,0,0,0.000500100020004001,0,0,0,0,0,0.00440088017603521,0,0.0027005401080216,0,0,0,0.000400080016003201,0,0,0,0,0,0.0001000200040008,0.0224044808961792,0,0.0695139027805561,0,0.0181036207241448,0.00370074014802961,0,0.0013002600520104,0,0,0,0,0.0427085417083417,0,0.0279055811162232,0,0.0001000200040008,0.017003400680136,0,0,0.000500100020004001,0,0,0.0003000600120024,0,0,0,0,0.0001000200040008,0,0,0,0,0,0,0,0,0,0,0.0001000200040008,0.0001000200040008,0,0,0.00660132026405281,0,0,0.0003000600120024,0,0.0002000400080016,0,0,0,0,0,0,0.0103020604120824,0.0152030406081216,0,0,0,0,0.0002000400080016,0,0,0.0003000600120024,0.0533106621324265,0.125725145029006,0,0,0,0.0018003600720144,0,0,0,0,0,0,0,0,0,0.001000200040008,0,0,0.0157031406281256,0
0,0,0,0,0,0,0,0,0,0,0,0,0,0,9.99600159936026e-05,0,0,0,0,0,0,0.00189924030387845,0,9.99600159936026e-05,0,0.214614154338265,0,0,0.0037984806077569,0.000499800079968013,0.0111955217912835,0,0,0.00549780087964814,0,0,0.0148940423830468,0.0587764894042383,0,9.99600159936026e-05,0,0,0,0,0,0.0744702119152339,0,0,0.000199920031987205,0,0,0,0,0,0,0,0,0,0,0,0.000199920031987205,0,0,0.000599760095961615,0,0,0.00039984006397441,0,0,0,0,0.00039984006397441,0,0.031687325069972,0,0,0,0,0,0.00189924030387845,0,0.000999600159936026,0.000199920031987205,0,0,0,0,0.0100959616153539,0,0.0148940423830468,0,0.000599760095961615,0,0,0,0,0,0,0,0,0,0,0,0,0,0,0.0375849660135946,0.0224910035985606,0,0,0,0,0,0,0,0,0,0.00609756097560976,0,0.000299880047980808,0,0,0,9.99600159936026e-05,0.0078968412634946,0,0,0,0,0,0,0.0279888044782087,0,9.99600159936026e-05,0,0,0.000599760095961615,0,0,0,0.000199920031987205,0,0,0,0,0,0.00229908036785286,0,0,0,0.00239904038384646,0,0,9.99600159936026e-05,9.99600159936026e-05,0,0,0,0,0,0,0,0,0.03218712514994,0,0,0,0,0,0,0,0,0.00189924030387845,0,0,0,0,0,0,0.000299880047980808,0,0,0,0,0.00269892043182727,0,0,0,0,0,0,0.0079968012794882,0,0,0,0,0,0,0,0,0.00839664134346262,0,0,0,0,0.00119952019192323,0.000599760095961615,0,0,9.99600159936026e-05,0,0,0,0,0.0037984806077569,0,0,0,0.00079968012794882,0,0,0,0,0,0,0,0,0,0,0,0.0673730507796881,0,0,0.0381847261095562,0,0,0,0,0,0.000199920031987205,0,0,0,0,0,0,0.00169932027189124,0,0,0,0,0.000299880047980808,0.00649740103958417,0,0,0,0,0,0,0,0,0,0,0,9.99600159936026e-05,0,0,0,0.00699720111955218,0.000699720111955218,0,0.00359856057576969,0.0105957616953219,0,9.99600159936026e-05,0,0,0,0.00509796081567373,0.191323470611755,0,9.99600159936026e-05,0.0270891643342663,0,0,0,9.99600159936026e-05,9.99600159936026e-05,0,0.007796881247501,0,0,0,0,0.00239904038384646,0,0.000299880047980808,0,0,0.0129948020791683,0
0,0,0,0.0006000600060006,0,0,0.0002000200020002,0,0,0,0,0,0,0,0.0002000200020002,0,0,0,0,0,0,0.0064006400640064,0,0.0001000100010001,0,0.127112711271127,0,0,0.0001000100010001,0.0001000100010001,0.0004000400040004,0.0047004700470047,0,0.0026002600260026,0,0,0,0,0,0,0.0001000100010001,0,0,0,0,0.0208020802080208,0,0,0,0,0,0,0,0,0.001000100010001,0,0,0,0,0.0127012701270127,0,0,0,0,0,0,0.0105010501050105,0,0,0,0,0,0,0.005000500050005,0,0,0,0,0,0.0082008200820082,0,0.0016001600160016,0,0,0,0.0008000800080008,0,0,0,0.0043004300430043,0.163516351635164,0,0.0001000100010001,0,0,0.0001000100010001,0,0,0.0095009500950095,0,0,0,0,0,0.0038003800380038,0.0009000900090009,0,0.0194019401940194,0,0,0,0,0,0.0058005800580058,0.0009000900090009,0,0,0.0001000100010001,0,0,0,0,0,0.0018001800180018,0.0013001300130013,0.0141014101410141,0,0,0,0,0.0724072407240724,0.0221022102210221,0,0,0,0.0001000100010001,0.0001000100010001,0,0,0.0017001700170017,0.0024002400240024,0,0,0,0,0,0,0,0,0,0,0,0.0107010701070107,0,0,0,0,0,0.0011001100110011,0,0,0,0.0005000500050005,0.0391039103910391,0,0,0,0,0,0,0,0,0.0009000900090009,0,0,0,0.013001300130013,0,0.0002000200020002,0,0,0,0,0,0,0,0,0.0021002100210021,0,0,0,0.0043004300430043,0.0001000100010001,0,0,0,0,0.0752075207520752,0,0,0,0,0,0,0,0,0,0,0,0,0.0114011401140114,0,0,0,0,0,0.0242024202420242,0,0.0249024902490249,0.0031003100310031,0,0,0,0,0,0,0,0,0,0.0301030103010301,0,0.0002000200020002,0,0.0068006800680068,0,0,0,0,0,0.0001000100010001,0,0,0.004000400040004,0,0.0006000600060006,0,0,0,0,0,0,0,0,0,0,0,0.0011001100110011,0,0,0,0.0005000500050005,0,0,0,0,0,0,0,0,0.0005000500050005,0,0,0.118211821182118,0,0.0002000200020002,0,0.0103010301030103,0,0,0.0552055205520552,0,0,0.0029002900290029,0,0,0,0,0,0.0052005200520052,0,0,0,0,0,0.0123012301230123,0.0052005200520052,0.0006000600060006,0,0,0.0075007500750075,0
0,0,0,0,0,0,9.9940035978413e-05,0.00339796122326604,0.000199880071956826,9.9940035978413e-05,0,0.000599640215870478,0,0.0297821307215671,0.000599640215870478,0,0,0,9.9940035978413e-05,0,0.0113931641015391,0.00139916050369778,0,0,0,0.100239856086348,0.000199880071956826,0,0,0,0.0175894463322007,0,0,0.0140915450729562,0.00109934039576254,0,0.0030981411153308,0.000699580251848891,0,0,0,9.9940035978413e-05,0.0451728962622427,0.00579652208674795,0,0.00859484309414351,0,0,0,0,0,0,0,0,0,9.9940035978413e-05,0,0,0,0.00679592244653208,0,0.00429742154707176,0,0.000299820107935239,0,9.9940035978413e-05,0.00139916050369778,0,0.000499700179892065,0.00709574255446732,0.000299820107935239,0,0,0.000999400359784129,0,0,0,0,0.000399760143913652,0.00199880071956826,0,0.000199880071956826,0.00829502298620828,9.9940035978413e-05,0.00669598241055367,0,0.000299820107935239,0,0,0.00679592244653208,0.0604637217669398,0.000499700179892065,0,9.9940035978413e-05,0,0,0,0,0.00279832100739556,0,0,0,0,9.9940035978413e-05,9.9940035978413e-05,9.9940035978413e-05,0.00129922046771937,0.129622226664002,0,0,0,0,0,0.00409754147511493,0,0,0,0,0.0135918448930642,9.9940035978413e-05,0,0,0,0,0.00519688187087747,0,0,0,0,0.000399760143913652,0,0.0764541275234859,9.9940035978413e-05,0,0,9.9940035978413e-05,0.017189686188287,0,0,0,0.000199880071956826,0,0,0.000299820107935239,0.00629622226664002,0.00679592244653208,9.9940035978413e-05,0.000299820107935239,0,0,0.000399760143913652,0,0,9.9940035978413e-05,9.9940035978413e-05,0,0.000199880071956826,0,0,0.00219868079152508,0,9.9940035978413e-05,0.000199880071956826,0.0564661203278033,0,0,9.9940035978413e-05,0,0,0.000399760143913652,0.000299820107935239,0,0.00699580251848891,0,0,0,0,0.000899460323805717,0.0156905856486108,0,0,0.000599640215870478,0,0,0.000899460323805717,0.000899460323805717,0,0,0,0,0,0.00839496302218669,0,0,9.9940035978413e-05,0,0,0,0,0,0,0.000399760143913652,0,0,0,0.00179892064761143,0,0,9.9940035978413e-05,0,0,0.00299820107935239,0.00159904057565461,0,0.000599640215870478,0,0.00859484309414351,0.000399760143913652,0,0.000799520287827304,0,9.9940035978413e-05,0,0.0061962822306616,0,0,0,0,0.00719568259044573,9.9940035978413e-05,0.0129922046771937,0,0,0.0399760143913652,0,0.000199880071956826,0.000199880071956826,0,0,0,9.9940035978413e-05,0,9.9940035978413e-05,0,0,0,0,0,0,0.000199880071956826,0.0205876474115531,0,9.9940035978413e-05,0,0.000699580251848891,0.000499700179892065,9.9940035978413e-05,0,9.9940035978413e-05,0,0,0,0,0,0,0,0,0,0.000199880071956826,0.000399760143913652,0,0,0.0143913651808915,0,0,0,0,0.000199880071956826,0.000899460323805717,0.157705376773936,0,0,0.00359784129522287,0,0,0,0,0,0.000699580251848891,0.000799520287827304,0,0,9.9940035978413e-05,0,0.000899460323805717,0,0.000699580251848891,0,0,0.000299820107935239,0
0,0,0,0,0,0,9.99200639488409e-05,0,0,0,9.99200639488409e-05,0,0,0,0.00199840127897682,0,0.00569544364508393,0,0,0,0,0.000599520383693046,0,0,0,0.107513988808953,0,0,0,0,0.000299760191846523,0,0,0.000999200639488409,0,0,0.00139888089528377,0,9.99200639488409e-05,0,0,0,0,0,0,0,0,0,0,0,0,0,0,0,0,0,0,0,0,0,0,0,0,9.99200639488409e-05,0,0,0.004396482813749,0,0,9.99200639488409e-05,0,0,9.99200639488409e-05,0,0,0,0,0,0,0.000999200639488409,0,0,0.000299760191846523,0,0,0,0,0,0,0.00119904076738609,0,0,0,0,0,0,0,0,0,0,0.000699440447641887,0.00129896083133493,0,0,9.99200639488409e-05,0.010691446842526,0,0.0334732214228617,0.00309752198241407,0.0349720223820943,0,0,0,0,0,0,0,0,0.00489608313349321,0,0,0,0,0,0.000899280575539568,0,0,0.01378896882494,0,0,0.0139888089528377,9.99200639488409e-05,0,0,0,0,0,0,0,0,0,0,0.00299760191846523,0,0,0,0.000999200639488409,0,0.00159872102318145,0,0,0,0,0,0,0,0,0,0,0,0,0.00669464428457234,0,9.99200639488409e-05,0,0.0171862509992006,0,0,0,0.000999200639488409,0.00119904076738609,0.000199840127897682,0.000199840127897682,0,0,0,0,0,0.000399680255795364,0,0,0.00319744204636291,0,0,9.99200639488409e-05,0,0,0,0,0,0,0,0,0,0,0,0.00229816147082334,0.0114908073541167,9.99200639488409e-05,0,0,0.00739408473221423,0,0.000199840127897682,0,0.00529576338928857,0.000999200639488409,0,0.000399680255795364,0.000199840127897682,0,0,0,0,0,0.00329736211031175,0.00129896083133493,0,0,0,9.99200639488409e-05,0.0151878497202238,0.0105915267785771,0,0,0,0,0,0,0.00989208633093525,9.99200639488409e-05,0,0,0.00409672262190248,0,0,0,0.000599520383693046,0,0.00109912070343725,0,0,0.0425659472422062,0,0.000199840127897682,0,0,0,0,0,0,0,9.99200639488409e-05,0,0.000699440447641887,0.00649480415667466,0,0.000299760191846523,0,0,0,0,0,0,0,0,0,0,0.000299760191846523,0.464328537170264,0,0,0.0191846522781775,0,0,0,0,0,9.99200639488409e-05,0.096722621902478,0,0,0.00119904076738609,0,0,0,0,0,0,0,0,0,0,0,0.000799360511590727,0,0.00939248601119105,0,0,0.00309752198241407,0
0,0,0,0,0,0,9.99700089973008e-05,0,0,0,0,0,0,0,9.99700089973008e-05,0,0.00249925022493252,9.99700089973008e-05,0,0,0,0.000899730080975707,0,0.000599820053983805,0,0.118264520643807,0,0,0.018594421673498,0,0,0,0,0.00289913026092172,0,0,0.000199940017994602,0,0,0,0.00109967009897031,0,0,0,0,0.000199940017994602,0,0,0.000999700089973008,9.99700089973008e-05,0,0,0,0,0,0,0,9.99700089973008e-05,0,0,0,0.00549835049485154,9.99700089973008e-05,0,0,0,0.0281915425372388,0,0,0,0.000499850044986504,0,0,0,0,0,0,0,0,0,0,0,0,0,9.99700089973008e-05,0,0.000199940017994602,0,0,0.000999700089973008,0,0.0121963410976707,0.307207837648705,0,0.000799760071978406,0,0,0,0.00289913026092172,0,0,0.000199940017994602,0,0,9.99700089973008e-05,0,0,0.0699790062981106,0,0,0,0,0.000599820053983805,0.000699790062981106,0,0.000799760071978406,0,0,0.0111966410076977,0,0,0,0,0.000899730080975707,0.000899730080975707,0,0,0,0,0,9.99700089973008e-05,9.99700089973008e-05,0,0.000199940017994602,0,0,0.000499850044986504,0,0,0,0.000699790062981106,0,0,0,0,0,0.000499850044986504,0,0,0,0.000399880035989203,0.00309907027891633,0,0,9.99700089973008e-05,0,0,0,0,0.000799760071978406,0,0,0,0,0,0,0,0,0,0,9.99700089973008e-05,0,0,0,0,0,0,0.000599820053983805,0.0115965210436869,0,0,0,0,0,0,0,0,0,0,0,0,0,9.99700089973008e-05,0.000299910026991902,0,0,0,0,0,0,0,0,0,0,0,0.00229931020693792,9.99700089973008e-05,0,9.99700089973008e-05,0.00129961011696491,0,0,0,0,0.000499850044986504,0,0.0238928321503549,0.00209937018894332,0,0,0.0200939718084575,0,0,0,0,0.00189943017094872,0,0,0.00389883035089473,0,0.00359892032390283,0,0,0.0237928621413576,0,0,0,0,0,0,0,0,0,0,0.000299910026991902,0.00569829051284615,0,0,0,0,0,0.000199940017994602,0.000299910026991902,9.99700089973008e-05,0,0,0,0,0,9.99700089973008e-05,0,0,0,9.99700089973008e-05,0,9.99700089973008e-05,0,0,0,0.257322803159052,0,0,0.026592022393282,0,0.00359892032390283,0,0,0,9.99700089973008e-05,0.000199940017994602,0,0,0.00379886034189743,0,0,0,0,0.00279916025192442,0,0.000199940017994602,0,0,0,0,0,0,0.000199940017994602,0,0,0.00469859042287314,0
0,0,0,0,0,0,0,0,0,0,0,0,0,0,0.0195980401959804,0,0,0,0,0,0,0,0,0,0,0.0480951904809519,0,0,0.0147985201479852,0.0107989201079892,0.0103989601039896,0,0,0.0037996200379962,0,0,0.0011998800119988,0,0,0,0,0,0,0,0,0,0,0,0,0,0,0,0,0,0.0002999700029997,0,0,0,0,0,0,0,0,0,0,0,0.0006999300069993,0,0,0.0096990300969903,0.0010998900109989,0,0.0001999800019998,0,0,0,0,0,0,0,0,9.99900009999e-05,0.0022997700229977,0,0,0,0,0,0,0,0,0.0138986101389861,0,0,0,0,0,0,0,0,0,0.0561943805619438,0.0005999400059994,0,0,0,0,0.068993100689931,0,0,0,0,0.0130986901309869,0.0010998900109989,0,0,0,0,0.0002999700029997,0,0,0,0,0.003999600039996,0,0,0,0,0,0,0,0,0,0,0,0,0,0,0,0,0.002999700029997,0,0,0,0,0,0.0005999400059994,0,0,0,9.99900009999e-05,0,0,0,0.0097990200979902,0,0,0,0,0.0022997700229977,0,0,0,9.99900009999e-05,0,0,0,0,0,0,0,0,0,0,0,0,0.0002999700029997,0,0,0,0,0,0.0035996400359964,0,0,0,0,0,0,0,0,0.0013998600139986,0,0,0,0,0,0,0,0,0,0,0,0.007999200079992,0,0,0,0,0.0001999800019998,0.0063993600639936,0,0,0,0,0,0,0.0067993200679932,0,0,0,0.0063993600639936,9.99900009999e-05,0,0,0,0,0,0,0.0022997700229977,0,9.99900009999e-05,0,0,0.105189481051895,0,0,0,0,0,0.0136986301369863,0,0,0,0,0.0005999400059994,0,0,0,0,0,0,0,0,0,0.0007999200079992,0,0,0,0,0,0,0,0,0,0.0005999400059994,0,0,0,0,0.376862313768623,0,0.0011998800119988,0.0830916908309169,0,0,0,0,0,0,0.0685931406859314,0,0,0.00999900009999,0,0,0.0006999300069993,0,0,0,0,0,0,0,0,0.0045995400459954,0,0.0006999300069993,0,0,0.0005999400059994,0
0,0,0,0,0,0,0,0,0,0,0,0,0,0,0,0.0004999500049995,9.99900009999e-05,0,0,0,0,0.0170982901709829,0,0,0,0.120987901209879,0,0,0,0,0,0,0,0,0,0,0,0,0,0,0,0,0.0211978802119788,0,0,0.0027997200279972,0,0,0,0,0,0,0,0,0,0,0,9.99900009999e-05,0,0.0070992900709929,0,0,0,0,0,0,0.002999700029997,0,0,0.0035996400359964,0.0004999500049995,0,0,0,0,0,0,0,0,0,0,0,0.0010998900109989,0,0,9.99900009999e-05,0,0,0,0,0,0,0.0050994900509949,0,0,0,0,0,0.003999600039996,0,0,0,0,0,0,0,0,0.314968503149685,0.0005999400059994,0,0,0,0,0.15968403159684,0,0.000999900009999,0,0,0.0073992600739926,0,0,0,0,0,0.0351964803519648,0.000999900009999,0,0,0,0,0,0,0,0,0,0,0,0,0,9.99900009999e-05,0.0016998300169983,9.99900009999e-05,0,0,0,0,0.0011998800119988,0,0,0,0,0,0,0.0031996800319968,0,0,0,0,0,0.0057994200579942,0,0,0,0.0182981701829817,0,0,0,0,0,0,0.0002999700029997,0,0.0001999800019998,0,0,0,0,0,0.0065993400659934,0,0,0,0.0003999600039996,0,0,0,0,0,0,0,9.99900009999e-05,0.012998700129987,0,0,0,0,0,0,0,0,0,0,0,9.99900009999e-05,0,0,0,0,0.0001999800019998,0,0.0003999600039996,0,0,0,0,0,0.0073992600739926,0,0.0605939406059394,0,0,0.0032996700329967,0,0,0,0.0001999800019998,0,0,0,0,0,0,0,0.116388361163884,0,0,0,0,0,0,0,0,0,0,0.0002999700029997,0,0,0,0,0,0,0,0,0,0.0132986701329867,9.99900009999e-05,0.000999900009999,0,0,0,9.99900009999e-05,0,0,0.0003999600039996,0,0,0,0,0,9.99900009999e-05,0,0,0.0331966803319668,0,0,0,0,0,0,0,0,0,0.0044995500449955,0,0,0,0,0,0,0,0,0,0,0,0,0,0.0002999700029997,0,0,0,0
0.000599280862964443,9.98801438274071e-05,0,0,0,0,0,0,0,0,0,0,0.000898921294446664,0,9.98801438274071e-05,0,0,0,0,0,0,0,0,0,0,0.125848981222533,0,0,0.000898921294446664,0.0105872952457052,0.00299640431482221,0,0,0.0013983220135837,0,0,9.98801438274071e-05,0,0,0,0,0,0,0,0,0.0943867359168997,0,0,0,9.98801438274071e-05,9.98801438274071e-05,0,0,0,0.00379544546544147,0,9.98801438274071e-05,9.98801438274071e-05,0,0.000499400719137036,0,0,0,0,0,0,0,0,0,0.00389532560926888,0,0,0,0.0381542149420695,0,0.000299640431482221,0,0,0,9.98801438274071e-05,0,0,0.0336596084698362,0,0,0.00169796244506592,0,9.98801438274071e-05,0,0,0,0.000199760287654814,9.98801438274071e-05,0,0.00159808230123851,0,0,0,0.00069916100679185,0,0,9.98801438274071e-05,0,0,0,0.00149820215741111,0,0.0116859768278066,0,0,0,0,0.01078705553336,0.000499400719137036,0,0.000499400719137036,0.00289652417099481,9.98801438274071e-05,0.0294646424290851,0,0.0110866959648422,0,0,0,0.000599280862964443,0,0,0,0,0,0.122652816620056,0.00679184978026368,0,0,0.000799041150619257,0,9.98801438274071e-05,0,0,0,0.0890930882940471,0,0,0,0,0,0.00109868158210148,0,0.00269676388333999,0,0,0.0102876548142229,0,0,0,0,0,0,0,0.00119856172592889,0,0.00349580503395925,0,0.00499400719137036,0,0,0,0,0,0,0,0.000199760287654814,0.00639232920495406,0,0,0,0.00799041150619257,0.000799041150619257,0,0,0,0,0,0,0,0,0,0.0132840591290451,0.00289652417099481,0,0,0.0290651218537755,0,0,0,0,0,0.00549340791050739,0,0,0,0,0,0,9.98801438274071e-05,0.00779065121853775,0,0,0,0,0.0766080703156213,0,0,0,0,0.00299640431482221,9.98801438274071e-05,0,0,0,0,0,0.0253695565321614,0,0,0,0,0.0192768677586896,0.000199760287654814,0.0098881342389133,0.00429484618457851,0.00129844186975629,0,9.98801438274071e-05,0.0013983220135837,0,0,0,0,9.98801438274071e-05,0,0,0.00249700359568518,0,0.00369556532161406,0,0,0,0,0,0,0,0,0,0.000299640431482221,0.00229724330803036,0.00459448661606073,0,0.000299640431482221,0.00229724330803036,0,0,9.98801438274071e-05,0.00069916100679185,0.000399520575309628,0,0,0,0,0.000499400719137036,0,0,0.0132840591290451,0.000199760287654814,0,0,0,0,0,0.0948861366360368,0,0,0.00639232920495406,0,0,0.000199760287654814,0,0,0.00209748302037555,0.00579304834198961,0,0,0,0,9.98801438274071e-05,0,0.000299640431482221,0,0,0.00789053136236516,0
0,0,0,0,0,0,0.0001999600079984,0,0,0,0.000699860027994401,9.99800039992002e-05,0,0,0.00939812037592481,0,0,0,0,0,0.0002999400119976,0.000499900019996001,0,0,0.001499700059988,0.0635872825434913,9.99800039992002e-05,0,0,0.00359928014397121,0,0.0031993601279744,0.00419916016796641,0.0105978804239152,0,0,0.0022995400919816,0,0.000699860027994401,0,0,0,0,0.000699860027994401,0,0.000399920015996801,0,0.000399920015996801,0,0,0.000399920015996801,0,0,0,0.0001999600079984,9.99800039992002e-05,0,0,0,0.0001999600079984,0.0001999600079984,0.000499900019996001,0,0.0137972405518896,0,0,0.00399920015996801,0,0,0,0.0012997400519896,0,9.99800039992002e-05,0.000599880023995201,0,0,0,0,0,0.000699860027994401,0.000999800039992002,0,0.00509898020395921,0,0.001499700059988,9.99800039992002e-05,0,0,0,0.002999400119976,0,0,0,0.0022995400919816,0,0,0,9.99800039992002e-05,0.0017996400719856,0,0,0,0,0.0013997200559888,0.0002999400119976,0,0,0.176664667066587,0,0,0,0,0,0.0173965206958608,0,0,0,0,0.002999400119976,0,0,0,0,9.99800039992002e-05,0.0117976404719056,0.0419916016796641,0,0.000699860027994401,0.000399920015996801,0.013997200559888,0.0001999600079984,0.000599880023995201,0,0,0,0,0.0391921615676865,0.000399920015996801,0,0,0.0012997400519896,0,9.99800039992002e-05,0,0.02249550089982,0,0.0011997600479904,0.0011997600479904,0.0001999600079984,0,0.0001999600079984,9.99800039992002e-05,0,0,0.000399920015996801,0,0,0,0.0022995400919816,0.00339932013597281,0,0,0.0002999400119976,0.00619876024795041,0,9.99800039992002e-05,0,0,0,0,0.0001999600079984,0,0,0,0,0,0,0.0001999600079984,0.00389922015596881,0.0002999400119976,0.000599880023995201,0,0,0,0.000999800039992002,0,0,0,0.0011997600479904,0,0,0.0263947210557888,9.99800039992002e-05,0,0,0,0,9.99800039992002e-05,0,0,0,0,0,0.098380323935213,0,0.0015996800639872,9.99800039992002e-05,0,0,0.000899820035992801,0,0,0.0013997200559888,0.0010997800439912,9.99800039992002e-05,0,0.00399920015996801,0.000799840031993601,0.0481903619276145,0.000399920015996801,0,9.99800039992002e-05,0,9.99800039992002e-05,0,9.99800039992002e-05,0,0,0.0135972805438912,0.000999800039992002,0.00469906018796241,0,9.99800039992002e-05,0.00769846030793841,0,0,0.000399920015996801,0.0021995600879824,0.0001999600079984,0.000599880023995201,0,0,0,0.0018996200759848,0,0,0,0,0,9.99800039992002e-05,0,0.0001999600079984,0.000799840031993601,0.0002999400119976,0.00399920015996801,0.000499900019996001,0.0013997200559888,0.0002999400119976,0.000999800039992002,9.99800039992002e-05,0,0,0,9.99800039992002e-05,0,0,0,0,9.99800039992002e-05,9.99800039992002e-05,0,0.00339932013597281,0.0263947210557888,0,0,0,9.99800039992002e-05,0.0002999400119976,0.000799840031993601,0.092881423715257,0,0.136672665466907,0.0105978804239152,0,0,0,0,0,0,0.000599880023995201,0,0,0,0,0.00459908018396321,0,0.000999800039992002,0,0,0.0028994201159768,0
0,0,0,0,0,0,9.99500249875062e-05,9.99500249875062e-05,0,0,0,0,0,0,0.111244377811094,0,0,0,0,0,0,9.99500249875062e-05,0,0.000199900049975012,0,0.0179910044977511,0,0,0.00179910044977511,0,0,0,0,0.00499750124937531,0,0,0.00259870064967516,0.0114942528735632,0,0,0,0,0,0,0,0.000299850074962519,0,0,0,0,0,0,0,0,0,0,0,0,0,0,0,0,0,0,0,0,0.00469765117441279,0,0.000299850074962519,0,0.000599700149925037,0,0.0031984007996002,9.99500249875062e-05,0,0,0,0,0,0.000299850074962519,0,0,0,0,0,0,0,0,0,0.00299850074962519,0,0.00309845077461269,0.0378810594702649,0,0,0,0,0,0.000199900049975012,0,0,0.00309845077461269,0,0,0,0.000399800099950025,0,0.00769615192403798,0,0.000199900049975012,0.000199900049975012,0,9.99500249875062e-05,9.99500249875062e-05,0.000599700149925037,0.000399800099950025,0,0,0.0301849075462269,0,0.00509745127436282,0,0,0,0,0,0,0,0,0,0.00939530234882559,9.99500249875062e-05,0,0,0,0,0.00659670164917541,0,0,0,0,0,0,0,0,0,0.000199900049975012,0,0.00219890054972514,0,0,0,0.0105947026486757,0,0,0,0,0,0,0,0.00079960019990005,0,0,0,9.99500249875062e-05,0.016791604197901,0,0,0,0,0,0.00589705147426287,0.240179910044978,9.99500249875062e-05,0,0,0.00599700149925037,9.99500249875062e-05,0,0,0,0,0,0,0,0,0,0,0,0,0.000699650174912544,0.000599700149925037,0.00259870064967516,0.000499750124937531,0,0,0.000999500249875062,0.00399800099950025,0,0,0,0,0,0,0,0,0,0,0.000199900049975012,0,0,0,0,0,9.99500249875062e-05,0.00549725137431284,0.00119940029985007,0,0.0298850574712644,0,0,0,0,0,0.0015992003998001,0,0,0,0,0.00309845077461269,0,0,0,0.023288355822089,0,0,0,0,0,0,0,9.99500249875062e-05,0,0,0,0,0,0,0,0,0.000199900049975012,9.99500249875062e-05,0,0,0.000599700149925037,0,0,0,0,0,0,0,0,9.99500249875062e-05,0,0,0,0,0,0.313143428285857,0,0,0.0133933033483258,0,0,0,0,0,0,0.0202898550724638,0,0,0.00299850074962519,0,0,0,0,0,9.99500249875062e-05,0,0,0,0,0,0.00699650174912544,9.99500249875062e-05,0.00409795102448776,0,0,0.0120939530234883,0
0,0,0,0,0,0,0,0,0,0,0,0,0,0,0.00109912070343725,0,0,0,0,0,0.000299760191846523,0.00199840127897682,0,0,9.99200639488409e-05,0.0190847322142286,0,0,0,0,0,0,0,0.00429656274980016,0,0,0.000499600319744205,0.000599520383693046,0,0,0,0,0,0.000699440447641887,0,0.0815347721822542,0,0,0,0,0,0,0,0,0,9.99200639488409e-05,0,0,0,0,0,0,0,0,0,0,0.00429656274980016,0.00129896083133493,0,0.00269784172661871,0.00159872102318145,0,0,0.000599520383693046,0.0300759392486011,0,0,0,0,0.0457633892885691,0,0,0.00799360511590727,0,0.00509592326139089,0,0,9.99200639488409e-05,0,0.00309752198241407,0,9.99200639488409e-05,0,0,0,0,0,0,0.00239808153477218,0,0.000299760191846523,0,0,0,0.0021982414068745,0.000399680255795364,0,0.00399680255795364,0,0.0038968824940048,0,9.99200639488409e-05,0,0.00189848121502798,0,0,0.00749400479616307,0,0.0152877697841727,0,0,0,0.0016986410871303,0,0.00129896083133493,0,0.000999200639488409,0,0,0,0.0526578737010392,0.0473621103117506,0,0,0,0,0,9.99200639488409e-05,0,0,0,0,0,0,0.00499600319744205,0,0,0,0,0.000199840127897682,0,0,0,0,9.99200639488409e-05,0,0,0,0.000199840127897682,0,0,0.00639488409272582,0,0,0,0,0,0,0,0.000199840127897682,0,0.00509592326139089,0.00149880095923261,0.00319744204636291,0,0,0,0.00849320543565148,0.000899280575539568,0,0,0,0,0,0,0,9.99200639488409e-05,0.000399680255795364,0.0178856914468425,0,0.000499600319744205,0.00759392486011191,9.99200639488409e-05,0,0,0,0.00679456434852118,0.0102917665867306,0,0,0,0,0,0.000399680255795364,0,0,0,0,0,0,0,0,0.00129896083133493,0.00109912070343725,9.99200639488409e-05,0,0.00249800159872102,0.0016986410871303,9.99200639488409e-05,0.000599520383693046,0.00239808153477218,0.0127897681854516,0.00159872102318145,0,0,0,0,0,0,0.00459632294164668,0.00509592326139089,0,0.000399680255795364,0.0082933653077538,0,9.99200639488409e-05,0,9.99200639488409e-05,0,0,0,0,0.0797362110311751,0,0,0,0,0.000499600319744205,0,0,0.0170863309352518,0,0,9.99200639488409e-05,0.000399680255795364,0,0,0,9.99200639488409e-05,0,0,0.000399680255795364,0,0,0,9.99200639488409e-05,0,0,0,0.000199840127897682,0,0.00159872102318145,0.0716426858513189,0,0,0,0,0,0.000199840127897682,0.331734612310152,0,0,0.00669464428457234,0,0,0,0,9.99200639488409e-05,0.00939248601119105,0,0,0,0,0,0.00239808153477218,9.99200639488409e-05,0,0,0,0.00269784172661871,0.00159872102318145
0,0,0,0,0,0,0,0,0,0,0,0,0,0,0.000699860027994401,0,0,0,0,0,0,0.0013997200559888,0,9.99800039992002e-05,0,0.136072785442911,0,0,0.0015996800639872,0,0,0,0,0.00339932013597281,0,0,0,0,0,0,0,0,0,0,0,0.00539892021595681,0,0,0,0,0,0,0,0,0,0,0,0,0.0015996800639872,0.011497700459908,0,0,0,0,0,0,0.0112977404519096,0,0,0,0.0015996800639872,0,0,0,0,0,0,0,0,0.000999800039992002,0,0,0,0,0,0.000599880023995201,0,0,0,0.0026994601079784,0,0.0027994401119776,0.0002999400119976,0,0,0,0,0,0,0.0002999400119976,0,0.00679864027194561,0,0,0,0,0,0.0407918416316737,0,0,0,0,0,0.00629874025194961,0,0,0,0,0.0471905618876225,0,0,0,0,9.99800039992002e-05,0.0304939012197561,0.00409918016396721,0,0,0,0,0,0,0,9.99800039992002e-05,0,0,9.99800039992002e-05,0,0,0,0.000799840031993601,0,0,0,0,0,0.0022995400919816,0,0,0,0.0011997600479904,0,0.0101979604079184,0,0,0,0,0,0,0.0016996600679864,0,0,0,0,0,0,0,0,0,0,0,0,0.00389922015596881,0,0,0,0,0,0.00499900019996001,0,0,0,0,0,0,0,0,0,0,0,0,0.00559888022395521,0,9.99800039992002e-05,0,0,0,0,0,0,0,0,0,0.00979804039192162,0,0.000799840031993601,0,0,0.000499900019996001,0,0,0,0,0,0,0,0,0,0,0.0001999600079984,0,0,0,0,0,0,0,0,0,0,0.0155968806238752,0,0,0.00899820035992801,0,0,0.0017996400719856,0,0,0.0012997400519896,0,0,0,0,0.0111977604479104,0.0319936012797441,0,0.000499900019996001,0,0,0,0,0,0,0,0.000999800039992002,0.0002999400119976,0,0,0,0.0001999600079984,0,0,0.0010997800439912,0,0,0,0,0,0.372325534893021,0,0,0.0283943211357728,0,0,0,0,0,0,0.105778844231154,0,0,0.0392921415716857,0,0,0,0,0,0,0,0,0,0,0,0,0,0.0015996800639872,0,0,0.0181963607278544,0
0,0,0,0,0,0,0,0.000299910026991902,0,9.99700089973008e-05,0,0,0,9.99700089973008e-05,0.00129961011696491,0,0,0,0,9.99700089973008e-05,0,0,0,0.000499850044986504,0,0.0774767569729081,0,0,0.000499850044986504,0,0,0,0,0.00269919024292712,0,0,0.000399880035989203,0.000199940017994602,0,0,9.99700089973008e-05,0,0,9.99700089973008e-05,0,0,0,0,0,0,0,0,0,0,9.99700089973008e-05,0,0,0,0,0.000199940017994602,0,0.000199940017994602,0,0,0,0,0.019594121763471,0,0.000199940017994602,0,0,0,0.000199940017994602,0.000299910026991902,0,0,0,0,0,0.00489853044086774,0.00119964010796761,0,0,0,0.00479856043187044,0,0,0.00359892032390283,0,0.00359892032390283,0,0.000399880035989203,0.000299910026991902,0,0,0,0,0,0.000499850044986504,0,0,0,0,0,0,0.000699790062981106,0.00349895031490553,0.302409277216835,0,0.00609817054883535,0,0,0,0,0.000199940017994602,0,0,0.000199940017994602,0.0572828151554534,0,0.00569829051284615,0,0,0,0.00169949015295411,0,0,0,0,0,0.0576826951914426,0.00249925022493252,0,0,0,9.99700089973008e-05,0.000299910026991902,0,0,0,0.00179946016195141,0,0,0,0,0,0,0,0,0,0,0,0.000399880035989203,0,9.99700089973008e-05,0,0,0,0,9.99700089973008e-05,0,0,0,9.99700089973008e-05,0,0,0,0,0,0,0,0,0.0146955913226032,0,0,0,0.00889733080075977,0,0,0,0,0,0,0,0,0,0,0,0,0,0,0,9.99700089973008e-05,0.00159952014395681,9.99700089973008e-05,0,0.0478856343097071,0.00349895031490553,0,0,0,0.00169949015295411,0,0,9.99700089973008e-05,0,0,0,0,0,0,0,0,0,9.99700089973008e-05,0.00299910026991902,9.99700089973008e-05,0,0.00779766070178946,9.99700089973008e-05,0,0,0,0,0,0,0,0,0,0.00349895031490553,0.000699790062981106,0.000199940017994602,0,0.000799760071978406,0,0,0,0,0,0,0,0,0.0379886034189743,0,0,0,0,0,0,0.00249925022493252,0,0.000199940017994602,0.000199940017994602,0,0.000199940017994602,0,0.00329901029691093,0,0,0,0,0,0,0,0,0,0,0,0.000299910026991902,0.0976706987903629,0,0,0.0110966709987004,0,0,0,0.000699790062981106,0.000199940017994602,9.99700089973008e-05,0.178746376087174,0,0,0.000599820053983805,0,0,0,0,0,0.00229931020693792,0.00209937018894332,0,0,0,0,9.99700089973008e-05,0,0.000799760071978406,0,0,0.00119964010796761,0
0,0,0,0,0,0,9.99600159936026e-05,0.00169932027189124,0,0,0,0,0,0.0586765293882447,0.00109956017592963,0,0,0,0,0,0,0,0,0.000199920031987205,0,0.134646141543383,0,0,0.000299880047980808,0,0.037984806077569,0,0,0.0266893242702919,0,0,0.0037984806077569,0.0319872051179528,0,0,0,0,0,0,0,0.0209916033586565,0,0,0,0,0,0,0,0,0,0,0,9.99600159936026e-05,0,0.00839664134346262,0,0.0119952019192323,0,0,0,0,0,0,0,0,0.00739704118352659,0,0,0,0,0,0,0,0,0.00439824070371851,0,0,0,0,0,0,0,0,0,0.0868652538984406,0,0.000199920031987205,0.00079968012794882,0,0,0,0,0,0,0,0,0.00079968012794882,0,0,0,0,0,0.0135945621751299,0,0,0,0,0,0.00189924030387845,0,9.99600159936026e-05,0,0,0.00649740103958417,0,0,0,0,9.99600159936026e-05,0.127149140343862,0,0,0,0,0,0,0,0,9.99600159936026e-05,0.000199920031987205,0,0.0143942423030788,0,0,0,0,0,0,0,0,0,0,0,9.99600159936026e-05,0,0.00369852059176329,0.00729708116753299,0,0.00109956017592963,9.99600159936026e-05,0,0,0,0,0,0,0,0,0,0,0,0,0,0,0,0,0,0,0,0,0,0,0,0.00509796081567373,0,0,0,0,0,0.000599760095961615,0,0.000199920031987205,0,0,0,0,0.0288884446221511,0,0,0,0,0,0,0,0,0,0,0,0,0,0,0,0,0,0,0,0,0,0,0,0,9.99600159936026e-05,0,0,0,0,0,0,0,0,0,0,0,0,0,0,0,0,0.00689724110355858,0,0,0,0,0,0,0,0,0,0,0,0,0,0,0,0,0.00439824070371851,0.000599760095961615,0,0,0.000899640143942423,0,0,0,0.00189924030387845,0,0,0,0,0,0,0,0,0,0,9.99600159936026e-05,0.00189924030387845,0,0.0123950419832067,0,0,0,9.99600159936026e-05,0,0,0.197221111555378,0,0,0.0581767293082767,0.000299880047980808,0,0,0,0,0.00569772091163535,0,0,0,0,0,0,0.000299880047980808,0,0,0,0.0587764894042383,0
9.99700089973008e-05,0.00249925022493252,0,0,0,0,9.99700089973008e-05,0.00229931020693792,0,0,0,0,0,0,0.0123962811156653,0,0.00429871038688393,0,0,0,0.00709787063880836,0.00179946016195141,0,0.000299910026991902,0,0.182845146456063,0,0,0.000999700089973008,0.00559832050384884,0.0322903129061282,0,0.00169949015295411,0.02259322203339,0,0,0.0109967009897031,0.0334899530140958,0,9.99700089973008e-05,0,0,0,0.00559832050384884,0,0.0229931020693792,0,0,0,0,0.00469859042287314,0,0,0,0,0,0.000299910026991902,9.99700089973008e-05,0,0.0158952314305708,0,0.00389883035089473,0.000599820053983805,9.99700089973008e-05,0,0,0,0,0.000199940017994602,0.00239928021593522,0.00299910026991902,0.000199940017994602,0.000499850044986504,0.00189943017094872,0,0,0,0,0,0,0,9.99700089973008e-05,0.0211936419074278,0,0.00179946016195141,0.000199940017994602,0,0.00119964010796761,0,0.00929721083674898,0,0.000899730080975707,0.00149955013495951,0,0,0,0,0,0.00199940017994602,0,0,0.000299910026991902,0,0,0,0,0.00149955013495951,0.0174947515745276,0,0,0,0,9.99700089973008e-05,0.0892732180345896,0,0,0,0,0.0116964910526842,0,0,0,0,9.99700089973008e-05,0.109767069879036,0,0,0,9.99700089973008e-05,0,0.00139958012596221,0.000999700089973008,0,0.000199940017994602,9.99700089973008e-05,0,0.00659802059382185,0,0,0,0,0,0,0,0,0,0.000899730080975707,0,9.99700089973008e-05,0.000599820053983805,0.00189943017094872,0,0,0.000199940017994602,0,0,0,0,0,0.00139958012596221,0,0,0,0,0,0,0,0,0,0,0,0,9.99700089973008e-05,0,0,0,0.000399880035989203,0.0299910026991902,0,0,0,0,0,0,0.000399880035989203,0,0,0,0,0,0,0.0360891732480256,0.000799760071978406,0,0,0,0,0.000299910026991902,0,0,0,0,0,0,0,0,0.000199940017994602,0,9.99700089973008e-05,0.000399880035989203,0,0,0,0,0.00189943017094872,0,0,0,0.0244926522043387,0,0.00499850044986504,0.00279916025192442,0,0,0,9.99700089973008e-05,0.00129961011696491,0,0,0,0.0127961611516545,0,0,0.00229931020693792,0,0,0.000299910026991902,0,0,0.000299910026991902,0,0,0,0,0,0,0.000699790062981106,0,0,0,0,0.000299910026991902,0.00269919024292712,0.00189943017094872,0.000999700089973008,0,0.000299910026991902,0,0.00159952014395681,0,0.000299910026991902,0,0.000299910026991902,0,0.00249925022493252,0,0,0,0,0.000299910026991902,0,0.00599820053983805,0.000899730080975707,0,0.000799760071978406,0,0,0,0.000199940017994602,0.120263920823753,0,0,0.0553833849845046,0,0,0.00339898030590823,0,9.99700089973008e-05,0.000799760071978406,0.00609817054883535,0,0,0,0,0.000399880035989203,0,0.00219934019794062,0,0,0.00469859042287314,0
0,0,0,0,0,0,0.000500100020004001,0.001500300060012,0,0,0,0.0001000200040008,0,0,0.000400080016003201,0,0.0001000200040008,0,0,0,0.000600120024004801,0.000500100020004001,0,0.0003000600120024,0,0.325865173034607,0.0002000400080016,0,0.000600120024004801,0.000500100020004001,0,0,0,0.00430086017203441,0,0,0,0.001000200040008,0,0,0,0,0,0.0101020204040808,0,0.0018003600720144,0,0,0,0,0,0,0,0,0.000400080016003201,0.0001000200040008,0,0.0001000200040008,0,0.000700140028005601,0,0.00350070014002801,0,0,0.0002000400080016,0,0.0133026605321064,0,0.00350070014002801,0.0119023804760952,0.00250050010002,0,0,0,0,0,0,0,0.0012002400480096,0.0001000200040008,0,0,0,0,0.0023004600920184,0.0002000400080016,0,0,0,0.010502100420084,0,0,0,0,0,0,0,0,0.00770154030806161,0,0,0.001500300060012,0,0,0.000400080016003201,0.0021004200840168,0,0,0,0.00740148029605921,0,0,0.0002000400080016,0.0017003400680136,0,0,0.0123024604920984,0,0.0029005801160232,0,0.00710142028405681,0,0,0,0.000800160032006401,0.00810162032406481,0,0,0,0,0.099619923984797,0.00450090018003601,0,0,0.0003000600120024,0,0.000400080016003201,0,0,0,0.0012002400480096,0,0.0019003800760152,0,0.0367073414682937,0,0.00480096019203841,0.0156031206241248,0.0022004400880176,0,0,0,0,0.0027005401080216,0,0,0,0,0,0.0011002200440088,0,0.00880176035207041,0.000600120024004801,0.013002600520104,0,0.023504700940188,0,0.0024004800960192,0,0,0.0014002800560112,0.0002000400080016,0.0001000200040008,0,0,0,0.00930186037207442,0.000900180036007201,0.0003000600120024,0,0,0.00950190038007601,0,0,0.000900180036007201,0,0,0,0,0,0,0.00590118023604721,0.0001000200040008,0.0002000400080016,0.00380076015203041,0,0,0.0117023404680936,0,0,0,0,0,0.001000200040008,0,0.0013002600520104,0.0022004400880176,0,0,0,0.00360072014402881,0,0.00560112022404481,0,0.0022004400880176,0.0029005801160232,0.001000200040008,0,0,0,0.0001000200040008,0,0.001000200040008,0,0,0,0.00860172034406881,0,0.00860172034406881,0.00720144028805761,0.0112022404480896,0,0,0.0147029405881176,0,0,0,0.0001000200040008,0,0.0001000200040008,0,0,0.0273054610922184,0,0,0.0003000600120024,0,0,0.0022004400880176,0.0012002400480096,0,0.000500100020004001,0,0,0.0022004400880176,0.000500100020004001,0.000600120024004801,0,0,0.00330066013202641,0.0001000200040008,0,0,0.000900180036007201,0,0,0,0,0.0001000200040008,0.000600120024004801,0,0,0.0948189637927585,0,0,0,0.0001000200040008,0,0,0.029005801160232,0,0,0.0116023204640928,0.000400080016003201,0,0,0,0,0.0016003200640128,0.00920184036807361,0,0,0,0,0.0168033606721344,0,0.0003000600120024,0,0,0.0102020404080816,0
0,0,0,0,0,0,9.9930048965724e-05,0,0,0,0,0,0,0,0.00129909063655441,0,0,0,0,0,0,0,0,0.00119916058758869,0,0.0495653042869991,0,0,0.00149895073448586,0.033676426501449,0.0185869891076247,0.00259818127310882,0,0,0,0,0,0,0,0,0,0,0,0,0,0,0,0,0,0,0,0,0,0,0,0,0,9.9930048965724e-05,0,0,0,0,0,0,0,0,0.0116918157289897,0,0,0,0,0,0,0,0,0,0,0,0,0,0,0,0.0463675427200959,0,0,0.000199860097931448,0.0146897171979614,0,0,0.00269811132207455,0,0.000799440391725792,0,0,0,0.0171879684221045,0,0,0,0,0,0,0,0,0,0,0,0.117417807534726,0,0,0,0,0,0,0,0.0110922354351954,0,0,0,0,0.00389727190966324,0,0,0.00099930048965724,0.00099930048965724,0,0,0,0,0,0,0,0,0,0,0,9.9930048965724e-05,0,0,0,0.00049965024482862,0,0,0,0,0,0,0,0,0,0.0199860097931448,0,0,0,9.9930048965724e-05,0,0,9.9930048965724e-05,0,0.00269811132207455,0,0.00719496352553213,0,0,0,0,0,0,0,0,0,0,0,0,0,0,0.0137903467572699,0.000299790146897172,0.000799440391725792,0,0,0,0,0,0,0,0,0.0668532027580694,0,0,0,0.00799440391725792,9.9930048965724e-05,0,0,0,0.0078944738682922,0,0,0,0,0.01518936744279,0.00619566303587489,9.9930048965724e-05,0.00119916058758869,0,0,0,0,0,0.0533626461476966,0,0,0,0,0.00799440391725792,0,0,0.00279804137104027,0,0.0309783151793744,0,0,0,0,0,0,0,0,0,0,0,0,0.00179874088138303,0,0,0,0,0,9.9930048965724e-05,0,0,0.0582592185470171,0,0.000299790146897172,0,0,0,0,0,0,0,0,9.9930048965724e-05,0.000699510342760068,0.000299790146897172,0,0,0,0.0049965024482862,0,0,0,0,0,0,0,0,0,0.0126911162186469,0,0,0.0712501249125612,0,0.000699510342760068,0,0,0,0,0.242030578594984,0,0,0.0170880383731388,0,0,0,0,0,0,0,0,0,0,0,9.9930048965724e-05,0,0.00399720195862896,0,0,0.00269811132207455,0
0,0,0,0,0,0,9.9940035978413e-05,0.000599640215870478,0.000199880071956826,0.000299820107935239,0,9.9940035978413e-05,0,0.000499700179892065,0.00139916050369778,9.9940035978413e-05,0.000399760143913652,9.9940035978413e-05,0,0.000699580251848891,0.000399760143913652,0.00329802118728763,0,9.9940035978413e-05,0,0.225964421347192,9.9940035978413e-05,0,0.00149910053967619,0.00239856086348191,9.9940035978413e-05,0,0,0.00729562262642415,0,0,9.9940035978413e-05,0.00169898061163302,0,0,0,0,0,0.00169898061163302,0,0.0837497501499101,0,9.9940035978413e-05,0,0,0,0,0,0,0.000899460323805717,0.000199880071956826,0,0,0,0.01259244453328,0.000799520287827304,0,0,0,0,9.9940035978413e-05,0.00489706176294223,0.000199880071956826,0,0,0.000699580251848891,0,0,9.9940035978413e-05,0,0,0,0,0,0.00839496302218669,0.000699580251848891,0,0.000999400359784129,0.000399760143913652,0.00249850089946032,0.0724565260843494,0,0,0,0.000299820107935239,0,0.000299820107935239,9.9940035978413e-05,0,0.000499700179892065,9.9940035978413e-05,0,0,0.00289826104337398,9.9940035978413e-05,0,0,0,0,0.000599640215870478,0.000299820107935239,9.9940035978413e-05,0.00209874075554667,0,0.0030981411153308,0,0,0,0.00319808115130921,0.000799520287827304,0.000399760143913652,0.0119928043174096,0,0.0131920847491505,0,0.00349790125924445,0,0,0,0.0030981411153308,0.0104937037777334,0,0,0.000299820107935239,0.000299820107935239,0.00989406356186288,9.9940035978413e-05,0,0,0,0,0.00429742154707176,0,9.9940035978413e-05,0,0.0061962822306616,0.000199880071956826,0,0,0,0,0.00119928043174096,0.00439736158305017,0.00109934039576254,9.9940035978413e-05,0.00319808115130921,0.00869478313012193,9.9940035978413e-05,0.00199880071956826,0,0,0,0,0,0.00219868079152508,0,0.00469718169098541,9.9940035978413e-05,0.00869478313012193,0,0.0114931041375175,0,0,0,0,0.000299820107935239,0,0,0,0,0,0.00289826104337398,0.00469718169098541,0.000699580251848891,0.000399760143913652,9.9940035978413e-05,0,0,0,9.9940035978413e-05,0,0,9.9940035978413e-05,0.00159904057565461,9.9940035978413e-05,0,0.00299820107935239,0,0,0,0,0.0244853088147112,0.00639616230261843,0,0,0,0,9.9940035978413e-05,0,0,0.00239856086348191,0,0,0.000199880071956826,0,0,0,0,0.000399760143913652,0.000999400359784129,0.00169898061163302,0.00589646212272636,0.000899460323805717,0.00319808115130921,0,0,0.00609634219468319,9.9940035978413e-05,0,9.9940035978413e-05,0,0,0,0.000299820107935239,0.0104937037777334,0.000899460323805717,0,0.000699580251848891,0.000999400359784129,0,0,0,0,0,0,0,0,0.0247851289226464,0.00129922046771937,0,0,0,0.000199880071956826,0.000199880071956826,0,0.00869478313012193,0.000199880071956826,0.000399760143913652,0,0.000899460323805717,0.00649610233859684,0.0157905256845892,0,0.000199880071956826,9.9940035978413e-05,0.000899460323805717,0,0,0.000599640215870478,0,0,0,0,0,0.000999400359784129,0.00669598241055367,0.000599640215870478,0.0424745152908255,0,9.9940035978413e-05,0,0.07745352788327,0,9.9940035978413e-05,0.141415150909454,9.9940035978413e-05,0,0.00979412352588447,0,0,0,0,0,0,0.00269838097141715,0,0,0,0,9.9940035978413e-05,0,0.00239856086348191,0,0,0.00589646212272636,0.00259844093543874
0,0,0,0,0,0,0.0020997900209979,0,0,0,0,0,0,0,0.0050994900509949,0,0.0047995200479952,0,0,0,0,0,0,0,0,0.429157084291571,0,0,0.0006999300069993,0,0,0,0,0,0,0,0,0,0,0,0,0,0,0,0,0,0,0,0,9.99900009999e-05,0,0,0,0,0,0,0,0,0,0,0,0,0,0,0,0,0.0053994600539946,0,0,0,0,0,0,0,0,0,0,0,0,0,0,0,0.0050994900509949,0,0,0,0.0011998800119988,0,0,0,0,0,0.0046995300469953,0,0,0,0.0051994800519948,0,0,0.0003999600039996,0,0.0007999200079992,0,0,0,0,0,0.0981901809819018,0,0,0,0,0,0,0,0.0004999500049995,0,0,0.0124987501249875,0,0,0,0,0.0002999700029997,0,0,0.0218978102189781,0,0,0,0,0.0146985301469853,0,0,0,0,0.0002999700029997,9.99900009999e-05,0.0108989101089891,0,0.0063993600639936,0,0,0,0,0,0,0,0,0,0.0064993500649935,0,0,0,0,0,0,0,0,0,0,0,0,0,0,9.99900009999e-05,0,0,0,0,0.0002999700029997,0,0.0015998400159984,0,0,0,0,0,0,0,0,0,0,0,0,0,0,0,0,0,0.0006999300069993,0,0,0.0001999800019998,0,0,0,0,0,0.0197980201979802,0,0,0,9.99900009999e-05,0,0,0,0,0.0003999600039996,0,0,0,0,0,0,0,0,0,0,0,0,0,0,0,0,0,0,0,0,0,0,0,0,0.0374962503749625,0,0,0,0,0,0,0,0,0,0,0.0025997400259974,0,0,0,0,0,0,0,0,0,0,0,0.0024997500249975,0,0,0,0.0002999700029997,0,0,0,0,0,0,0,0,0.0033996600339966,0,0,0.1002899710029,0,0,0,0,0,0,0.191980801919808,0,0,0,0,0,0,0,0,0,0,0,0,0,0,0,0,0.0011998800119988,0,0,0,0
0,0,0,9.9930048965724e-05,0,0,0,0,0,0,0,0,0,0,0.00469671230138903,0,0,0,0,0,0,0.00409713200759468,0,0.000299790146897172,0,0.0616568402118517,0,0,0.000799440391725792,0.000299790146897172,0,0,0,0,0,0,0.000899370440691516,0.00049965024482862,0,0.000399720195862896,0,0,0,0,0,0,0,0,0.000299790146897172,0,0,0,0,0,0,0,0,0,0,0,0,0.00869391426001799,0.000699510342760068,0,0,0,0.0328769861097232,0,0.000299790146897172,0,0.00679524332966923,0,0,0,0.110122913960228,0,0,9.9930048965724e-05,0,0.00469671230138903,0,9.9930048965724e-05,0,0,0,0.00779454381932647,0,0,0,0,0.215449185570101,0.000199860097931448,9.9930048965724e-05,0,0,0.0020985310282802,0,0,0.000199860097931448,0.000299790146897172,0,0.00169881083241731,0,0,0.000599580293794344,0,0,0.0117917457779554,0,0,0,0,0,0,0.000299790146897172,9.9930048965724e-05,0.0148895772958929,0,0.00629559308484061,0,0.00849405416208654,0,0,0,0,0,9.9930048965724e-05,0,0,0,0.0266813230738483,0,0,0,0,0,0,0.000299790146897172,0,0,9.9930048965724e-05,0,0,0,0,0,0,0,0.00129909063655441,0.00179874088138303,0,0,0,0,9.9930048965724e-05,0,0,9.9930048965724e-05,0,0.00149895073448586,0.00259818127310882,0.00909363445588088,0,0,0,0.0149895073448586,0,0,0.00109923053862296,0,0,0,9.9930048965724e-05,0,0,0,0.00649545318277206,0.00169881083241731,0,0,0,0,0,0,0,0.000599580293794344,0,0,0,0,0,0,0,0,0,0.00229839112621165,0.0189867093034876,0.00299790146897172,0,0,0,0.00109923053862296,0,0.000199860097931448,0,0.000799440391725792,0,0,0.000199860097931448,0,0,0,0,0,0.00129909063655441,0.0108923753372639,0.002897971420006,0.00339762166483462,9.9930048965724e-05,0,9.9930048965724e-05,0,0,0,9.9930048965724e-05,0,0,0,0,0.00199860097931448,0.000899370440691516,9.9930048965724e-05,0,0.154591785749975,0.000699510342760068,0,0,0,0,0,0,0.00269811132207455,0.035475167382832,0,0,0.0279804137104027,0,0,0,0,0,0.000599580293794344,0,9.9930048965724e-05,0.00949335465174378,0.000699510342760068,0.000299790146897172,0,0.00149895073448586,0,0,0.0020985310282802,0,0,0.00519636254621765,9.9930048965724e-05,0,0,0,0.041271110222844,0,0,0.00269811132207455,0,0,0,0,0,0,0.0734485859898071,0,9.9930048965724e-05,0.0107924452882982,0,0,0,0,0,0.000699510342760068,0,0,0,0,0,0,0,0,0,0,0.00369741181173179,0
0.0066993300669933,0,0,0,0,0,0.0002999700029997,0.0012998700129987,0,0,0,0,0,0,0.005999400059994,0,0,0,0,0,0,0.0007999200079992,0,0.0031996800319968,0,0.242275772422758,0,0,0.0018998100189981,0.0007999200079992,0,0,0,0.0070992900709929,0,0,0.0015998400159984,0,0,0,0,0,0,0,0,0.0272972702729727,0,0,9.99900009999e-05,0,0,0,0,0,0,0.0005999400059994,0,0,0,0,0,0.001999800019998,0,0,0,0,0.0014998500149985,0,0,0.005999400059994,0.000999900009999,0,0,0.0002999700029997,0,0,0,0,0,0.0067993200679932,0,0,0.0085991400859914,0,0.0025997400259974,0,0.0015998400159984,0,9.99900009999e-05,0.0006999300069993,0,0.0002999700029997,0.0078992100789921,0,0,0,0,0,0.0016998300169983,0.0003999600039996,0,0,0,0,0,0.0047995200479952,9.99900009999e-05,0.0001999800019998,0,0.0003999600039996,0,0,0,9.99900009999e-05,0.0023997600239976,0,0,0,0.0058994100589941,0,0.0133986601339866,0,0,0,0.0041995800419958,0,0,0.0108989101089891,0,0,0.0422957704229577,0.0120987901209879,0,0.0147985201479852,0,0,0.0135986401359864,0,0,0.0013998600139986,0.0001999800019998,0.0002999700029997,0,0,0.0177982201779822,0,0,0,0.0063993600639936,0,0,0,0,0.0006999300069993,0,0,0,0,0.0016998300169983,0,0,0.0043995600439956,0,9.99900009999e-05,0,0,0,0,0,0,0.0006999300069993,0,0.0184981501849815,0,0,0,0.0066993300669933,0,0.0002999700029997,0,0,0,0.0003999600039996,0,0.0002999700029997,0,0,0,0,0,0.0033996600339966,0,0,0,0,0,0.003999600039996,0,0,0,9.99900009999e-05,0,0.138086191380862,0.0135986401359864,0,0.0106989301069893,0,0,0,0,0,0,0,0,0.0001999800019998,0.0037996200379962,0.0077992200779922,0,0.0114988501149885,0.0016998300169983,9.99900009999e-05,0.0926907309269073,0,0,0,0,0,0,0,0.0052994700529947,0.0037996200379962,0,0,0.0358964103589641,0,0,0,0,0,9.99900009999e-05,0.0337966203379662,0.0002999700029997,0,0,0,0,0,0,0,0,0,9.99900009999e-05,0,0.0001999800019998,0.0014998500149985,0,0.0005999400059994,0,0,0.0005999400059994,0.0002999700029997,0,0,0.0005999400059994,0,0,0,0,0,0.0036996300369963,0,0.0045995400459954,0.028997100289971,0,0.0004999500049995,0,0,0.000999900009999,0.0035996400359964,0.0316968303169683,0,0,0.0123987601239876,0,0,0,0,0.0022997700229977,0.0014998500149985,0,0,0,0,0,0.0027997200279972,0,0.0001999800019998,0,0,0.0093990600939906,0
0,0,0,0,0,0,0,0.0015992003998001,0.00749625187406297,0,0,0,0,0.015992003998001,0,0,0,0,0,0.00109945027486257,0.000299850074962519,0.00259870064967516,0,9.99500249875062e-05,0,0.144127936031984,0.000499750124937531,0,0.000499750124937531,0.00109945027486257,0.102448775612194,0,0,0.00179910044977511,0,0,0.000299850074962519,0.0100949525237381,9.99500249875062e-05,0,0,0,0,0.00709645177411294,0,0.0170914542728636,0,9.99500249875062e-05,0,0,0.0031984007996002,0,0,0,0.0140929535232384,0,0,0,0,0.0184907546226887,0.000199900049975012,0,0,0,0,0,0.0987506246876562,0,0,0.00949525237381309,0.00119940029985007,0,0,0.000499750124937531,0,0,0,9.99500249875062e-05,0,0.0275862068965517,0,0,0.0180909545227386,0,0.00519740129935032,0,9.99500249875062e-05,0,0,0.00329835082458771,0.0296851574212894,0.00229885057471264,9.99500249875062e-05,0.00129935032483758,0,0,0,0,0.00339830084957521,0,0,9.99500249875062e-05,0,0,9.99500249875062e-05,0,0.000999500249875062,0.00269865067466267,0,0,0,0,0,0.0140929535232384,0,9.99500249875062e-05,0,0,0.00209895052473763,0,0,0,0,9.99500249875062e-05,0.00559720139930035,0,0,0,0.000199900049975012,0,0.00419790104947526,0.0152923538230885,0,0,0,0,0.000899550224887556,0,0,0,0,0,0,0,0,0,0,0,0,0,0.00209895052473763,0.00119940029985007,0,0.00189905047476262,9.99500249875062e-05,0,0,0,0,0.00749625187406297,0,0,0,0.0284857571214393,0,0,0,0,0,0,0.000699650174912544,0,0,0,0,0,0,0.00439780109945028,0.0480759620189905,0,0,0,0,9.99500249875062e-05,0.00139930034982509,0,0,0,0,0,0,0.00789605197401299,0,0,0,0,0.000299850074962519,0,0,0,0,0,0,0.0375812093953024,0,0.00709645177411294,0.000199900049975012,0,9.99500249875062e-05,0.000299850074962519,0,0,0,9.99500249875062e-05,0.000399800099950025,0,0.00569715142428786,0.00149925037481259,0.000499750124937531,0,0.000399800099950025,0.00409795102448776,0,0,0,0.00239880059970015,0,0,0.0015992003998001,0,0.00629685157421289,0,0,0.0329835082458771,0,0,0.00279860069965018,0,0,0,0,0,0.0235882058970515,0,0.000199900049975012,0,0,0,0,0,0,0.000299850074962519,0,0,0.00229885057471264,0.000299850074962519,0.000299850074962519,9.99500249875062e-05,0.000199900049975012,0.000999500249875062,0,0,0.000199900049975012,0.00079960019990005,0.000399800099950025,0,0,0,0,0,0.00109945027486257,0.000199900049975012,0.0129935032483758,0,0,9.99500249875062e-05,0,0,0.000199900049975012,0.11824087956022,0,0,0.0132933533233383,0,0,0.000599700149925037,0,0,0,0.00559720139930035,0,0,0,0,0.00259870064967516,0.00119940029985007,9.99500249875062e-05,0,0,0.00619690154922539,0.00169915042478761
0,0,0,0,0,0,0,0.000300090027008102,0,0,0,0.000100030009002701,0,0,0,0,0.00160048014404321,0.000100030009002701,0,0,0.000600180054016205,0.00250075022506752,0,0,0,0.0212063619085726,0,0,0.00150045013504051,0,0.0266079823947184,0,0,0.0184055216564969,0.000300090027008102,0,0.00440132039611884,0.0155046513954186,0,0,0,0,0,0.00240072021606482,0,0.0358107432229669,0,0,0,0,0,0,0,0,0.00550165049514854,0,0,0,0,0.00670201060318095,0,0.000100030009002701,0,0,0,0,0.0106031809542863,0,0,0.00680204061218365,0.00220066019805942,0,0,0,0,0,0,0,0,0.00610183054916475,0,0.000200060018005402,0.0155046513954186,0,0,0.000800240072021606,0,0,0,0.00300090027008102,0.0112033610083025,0.0122036610983295,0,0,0,0,0,0,0.000500150045013504,0,0,0,0,0.000100030009002701,0.000700210063018906,0,0.000500150045013504,0.0672201660498149,0.000400120036010803,0.000600180054016205,0,0,0,0.00510153045913774,0.000100030009002701,0,0,0,0.0295088526557967,0,0,0.00170051015304591,0,0,0.00210063018905672,0.049814944483345,0,0,0.000200060018005402,0.0100030009002701,0.00880264079223767,0.00150045013504051,0.0287086125837751,0,0,0,0.00150045013504051,0,0,0,0,0,0,0,0.000700210063018906,0,0.00120036010803241,0.000100030009002701,0,0,0.000200060018005402,0,0,0,0,0,0,0,0.00100030009002701,0.0123036911073322,0,0,0,0.0184055216564969,0,0,0,0,0,0.000100030009002701,0.00410123036911073,0,0,0.000100030009002701,0,0,0,0.0267080124037211,0.0170051015304591,0,0,0,0,0,0.00380114034210263,0,0,0,0.00500150045013504,0,0.000100030009002701,0.0296088826647994,0.000100030009002701,0,0,0,0,0.000100030009002701,0,0,0.000100030009002701,0,0,0.000100030009002701,0,0.00180054016204861,0,0,0.000500150045013504,0,0,0.000100030009002701,0.000100030009002701,0,0.000400120036010803,0.000200060018005402,0.00320096028808643,0.00430129038711613,0,0,0,0.00100030009002701,0,0.000300090027008102,0,0.000100030009002701,0,0,0.00180054016204861,0.000600180054016205,0.00380114034210263,0,0,0.0162048614584375,0,0,0.000300090027008102,0,0,0.00130039011703511,0,0,0,0.000200060018005402,0,0.00520156046814044,0,0,0.000100030009002701,0,0.000100030009002701,0.000300090027008102,0,0,0,0.000300090027008102,0,0.000700210063018906,0.000500150045013504,0.0306091827548264,0.000100030009002701,0.000500150045013504,0,0.000100030009002701,0,0,0.000400120036010803,0,0.000500150045013504,0.0545163549064719,0,0,0.015704711413424,0,0,0,0,0,0.000300090027008102,0.268480544163249,0,0,0.0281084325297589,0,0,0,0,0.000100030009002701,0.000300090027008102,0.000800240072021606,0,0,0,0,0.00180054016204861,0.00130039011703511,0,0.000500150045013504,0,0.0103030909272782,0
0,0,0,0,0,0,0,0,0,0,0,0,0,0,0.00119964010796761,0,0,0,0,0,0,0.000899730080975707,0,0,0,0.417074877536739,0,0,0.000199940017994602,0,0,0.000899730080975707,0,0.0108967309807058,0,0,0,0,0,0,0,0,0,0,0,0.0220933719884035,0,0,0,0,0,0,0,0.000499850044986504,0,0,0,0,0,0.0277916625012496,0,0,0,0,0,0,0.00119964010796761,0,0,0,0.00279916025192442,0,0,0.0138958312506248,0,0,0,0,0,0,0,0,0,0,0.00409877036888933,0,9.99700089973008e-05,0,0,0,0,0.000199940017994602,0,0,0,0,0.00309907027891633,0,0,0,0,0.000699790062981106,0,0,0,0.000399880035989203,0.00419874037788663,9.99700089973008e-05,0,0,0,0,9.99700089973008e-05,0,0,0,0,0,0.021593521943417,0,0.00489853044086774,0,0,0,0,0.00159952014395681,0,0,0,0,0.0611816455063481,0.00299910026991902,0,0,0,0,9.99700089973008e-05,0,0,0,9.99700089973008e-05,0,0,0,0,0,0,0,0,0,0,0,0.000299910026991902,0,0,0,0,0,0,0.00169949015295411,0,0,0,0,0,0,0,0,0,0,0,0,0.00159952014395681,0,0,0,0.00479856043187044,0,0,0,0,0,0,0,0,0,0,9.99700089973008e-05,0,0,9.99700089973008e-05,0,0,0,0,0,0,0,0,0,0,0,0,0,0,0,0,0,0,0,0.00819754073777867,0.00249925022493252,0,0,0,0,0.00359892032390283,0.000799760071978406,0,0,0,0,0,0,0,0,0,0.0151954413675897,0.00559832050384884,0,0,0,0,0.00459862041387584,0,0,0,0,0,0,0,0,0.0191942417274818,0,0,0,0,0,0,0,0,0,0,0,0,0,0.00309907027891633,0,0,0.000499850044986504,0,0,0,0,0,0,0,0,0,0.0583824852544237,0,0,0.0116964910526842,9.99700089973008e-05,0,0,0,0,0,0.218734379686094,0,0,0.00979706088173548,0,0,0,0,0,0,0.00269919024292712,0,0,0,0.000199940017994602,0,0,9.99700089973008e-05,0,0,0.0214935519344197,0
0,0,0,9.99600159936026e-05,0,0,9.99600159936026e-05,0.00809676129548181,0,0,0,0,0,0.0176929228308677,9.99600159936026e-05,0,0,0,0,0,0.00699720111955218,0.00339864054378249,0,0,0,9.99600159936026e-05,0,0,0,0,0.0293882447021192,0,0,0.00149940023990404,0,0,0.0121951219512195,0.0368852459016393,9.99600159936026e-05,0,9.99600159936026e-05,0,0,0.0079968012794882,0,0.00509796081567373,0,0,0,0,0,0,0,0,0.0101959216313475,0,0,0,0,0,0,0.000299880047980808,0,0,0,0,0.00209916033586565,0,0.00039984006397441,0,0.0385845661735306,0,0,0.0188924430227909,0,0,0,0,0,0.0327868852459016,0,0,0,0,0.00439824070371851,0,0.000599760095961615,0,0,0.00729708116753299,0.195421831267493,0.000699720111955218,0.000199920031987205,0,0,0,0,0,0,0,0,0,0,0,0,0.00129948020791683,0.0156937225109956,0.00599760095961615,0,0,0,0,0,0.000299880047980808,0,0,0.0139944022391044,0,0.00079968012794882,0.000299880047980808,0.00159936025589764,0,0,0,0.00079968012794882,0,0,0,0,0,0.0921631347461016,0,0,0,0,0,0.00259896041583367,0,0,0,0,0.000199920031987205,0,0,0,0,0,0,0.00119952019192323,0,0,0,0,0,9.99600159936026e-05,0,0,0,0,0.000999600159936026,0,0.0037984806077569,0,0.172431027588964,0,0.0103958416633347,0,0,0,0,0,0,0,0,0,0,0.00449820071971212,0,0.00559776089564174,0,0,0.000599760095961615,0,0,0,0,0,0,0.00219912035185926,0,0,0.00249900039984006,9.99600159936026e-05,0,0.000599760095961615,0,0.000599760095961615,0.00309876049580168,0,0,0,0,0,0.0632746901239504,0,0,0,0,0,0,0,0,0,0,0.000999600159936026,0,0.00209916033586565,0,0,0.000899640143942423,0,0,0.00919632147141144,0,0,0,0.00339864054378249,0,0,0.00959616153538585,0.00239904038384646,0,0,0.00539784086365454,0,9.99600159936026e-05,0,0,0,0.000599760095961615,0,0,0.0219912035185926,0,0,0,0,0.000199920031987205,0,0,0.00289884046381447,0,0,0,0.00699720111955218,0,0,0,0.00629748100759696,0,0,0,0,0,0,0,0,0,0,0.00949620151939224,0.000699720111955218,0,0.000499800079968013,0,0,0,0,0,0.00329868052778888,9.99600159936026e-05,0,0,0.0432826869252299,0,0,0,0,0.00909636145541783,0.00169932027189124,0.00649740103958417,0,0,0,0,0.00039984006397441,0,0.00109956017592963,0,9.99600159936026e-05,0.00119952019192323,0
2e-04,0,0,0,0,0,2e-04,0,0,0,0,0,0,0.035,0.0036,0,0,0,0,0,0,0,0,0,0,0.0644,0,0,0.002,0.0017,3e-04,0,0,0,0,0,8e-04,0,0,0,0,0,0,0,0,0,0.0162,0,0,0,0,0,0,0,0,0,0,0,0,0,0,0,0,0,0,0,0.0359,0,0,0,0,0,0,0,0,0,0,0,0,0,0,0,0.0045,0,0,0.0022,0,0,0,0,0.0551,8e-04,0.0062,0,0,0,0,0,0,0,0,0,0,0,7e-04,0,0,0.2518,0,0,0,0,0,0,0,0,0,2e-04,0.0118,1e-04,0,0,0.0051,0.0027,0.0022,0,0,0,0,0,0.001,0.012,0,0,0,0,0.0112,0,0,0,0.0033,0,0,0,0,0,0,0,0,0,0,0,0.0042,0,2e-04,0,0,0,0,0,0,0,0,0,0,1e-04,0,0,0,0,0,0,0,0,0,0,0,0,0.025,0,0,0,0,0,0,0,0,0,0,0,0,7e-04,0,0,0.0014,0,0,0,0,0,0,0,0,0,0,0,0,0,0,0,0,0,0,0,0,0,0.0295,0,0.0113,0,0.0083,0,0,0,0,0,0,0,0,0,0,0,0,0.031,0,0,0,0,0,0,0,0,0,0,0,0,0,0.0011,0,0,0,0,0,0,0,0,0,0,0,0,0,0,0,0,0,0,0,0.0044,0.0362,0.0803,0,0,0.0169,0.0422,0,0,0,0,0,0.1252,0,0.0434,0.0043,0,0,0,0,0.002,0,0,0,0,0,0,8e-04,0,3e-04,0,0,0,0
0,0,0,0,0.00389649315615946,0,0,0.00279748226596064,0,0,0,0.000299730242781497,0,0.047657108602258,0.00379658307523229,0,0,0,0,0,0.00449595364172245,0.00179838145668898,0,0.000299730242781497,0,0.00209811169947048,0,0,0,0,0.000299730242781497,0,0,0.00429613347986812,0,0.00339694275152363,0.000299730242781497,0.00529523428913977,0.000499550404635828,0,0,0.000299730242781497,0,0.00629433509841143,9.99100809271655e-05,0.000299730242781497,0,0.000599460485562993,0.000199820161854331,0,0.00129883105205315,0,0,0,0.00249775202317914,0,0,0,0,0.000199820161854331,0,0.00369667299430513,0.000299730242781497,0,0,0,9.99100809271655e-05,0,0,0,0.00229793186132481,0,0,0.00199820161854331,0.137975821760416,0,0,0,0,9.99100809271655e-05,0,0.000599460485562993,0.000199820161854331,0.00089919072834449,0,0,0.000399640323708662,0,0,0.00149865121390748,0.0829253671695474,0.00109901089019882,0.0275751823358977,0,0,0,0,0,0.00109901089019882,0,0.00369667299430513,0,0,0,0,0.000299730242781497,0.0121890298731142,0.00789289639324608,0,0.00189829153761615,0,0,0,0.000599460485562993,0,0,0,0,0.00699370566490159,0,0,0.00139874113298032,0,0.000199820161854331,0.00719352582675592,0,0,0,0,0.0247777000699371,0,0.000699370566490159,0,0,0,0.000999100809271655,0.0358677190528524,0,0,9.99100809271655e-05,0,0,0,0,0,0,0,0,0,0.00239784194225197,0.000299730242781497,0.00249775202317914,0,0,0,0,0,0,0.0209811169947048,9.99100809271655e-05,0.000499550404635828,0,0,0.0216804875611949,0,0,0,0.000399640323708662,0,0,0,0,0.00239784194225197,0,0,0,0.000599460485562993,0.00169847137576181,0.000599460485562993,9.99100809271655e-05,0,0,0,0,0,0,0,0,0,0,0,0.0025976621041063,0,0,0.0210810270756319,0.000299730242781497,0,0.000399640323708662,0,0,0,0,0,0.000199820161854331,0,0.00089919072834449,0,0,0,0.000199820161854331,0,0.000399640323708662,0.000599460485562993,0,0.000299730242781497,0,0.00179838145668898,0.0028973923468878,0.0408632230992107,0.000399640323708662,0,0.00239784194225197,9.99100809271655e-05,0,0,0,0.00269757218503347,0,0.00229793186132481,0.000199820161854331,0.0103906484164252,9.99100809271655e-05,0,9.99100809271655e-05,0,0,0.000299730242781497,0,0,0,0,0,0,0,0,0,0,0,0,0,0.011489659306624,9.99100809271655e-05,0.00279748226596064,0,0.000599460485562993,0,0.000499550404635828,0.00089919072834449,0,0.000799280647417324,0,0,0,0.000399640323708662,0,0,0,0,0.00209811169947048,0.134878609251673,0,0,0.0623438904985513,0,0.000199820161854331,0.000199820161854331,0,0,0.000699370566490159,0.134978519332601,0,0,0.00369667299430513,0,0,0,0,0,0.00559496453192127,0.000999100809271655,0,0,0,0,0.00089919072834449,0.000499550404635828,0,0.0257768008792087,0,0.0031971225896693,0
0,0.0001998001998002,0.0001998001998002,0,0,0,0,0,0,9.99000999000999e-05,0,0,0,0,0.000699300699300699,0,0,0,0,0,0.0003996003996004,0.0043956043956044,0,0.0335664335664336,0,0.334365634365634,0,0,0.00559440559440559,0.0010989010989011,0,0,0,0.00899100899100899,0,0,0,0,0,0,0,0,0,0,0,0.0244755244755245,0,9.99000999000999e-05,0.0003996003996004,0,0,0,0,0,0,0.0004995004995005,0,0,0,0,9.99000999000999e-05,0,0,0.0001998001998002,0,0,0.00999000999000999,0,0,0.0108891108891109,0,0,0,0,0,0,0,0,0,0.0015984015984016,0,0,0.0185814185814186,9.99000999000999e-05,0,9.99000999000999e-05,0,0,0,0.00889110889110889,0,0,0,0,0,0.0105894105894106,0.0002997002997003,0,0.0021978021978022,0,0,9.99000999000999e-05,0.0001998001998002,0,9.99000999000999e-05,0,9.99000999000999e-05,0.0366633366633367,0,0.00679320679320679,0,0,9.99000999000999e-05,0.000899100899100899,0,0,0.0018981018981019,0,0.0035964035964036,0,0,0,0,0,0.002997002997003,0.00709290709290709,0,0,9.99000999000999e-05,0,0.034965034965035,0.0015984015984016,0,0,0,0,9.99000999000999e-05,0,0,0,9.99000999000999e-05,0.0002997002997003,0,9.99000999000999e-05,0,0,0.0002997002997003,0.0024975024975025,0,0,0,0,0,0,0,0,0,9.99000999000999e-05,0,0,0,0,0,0,0,0,0,0,0,0,0,0,9.99000999000999e-05,0,0,0.0003996003996004,0.0041958041958042,0,0,0,0,0,0,0,0.000799200799200799,0,0,9.99000999000999e-05,0,0,0,0.0041958041958042,0,0,0,0,0,0,0,0,0,0.0004995004995005,0,0.0001998001998002,0,0.0028971028971029,0.0001998001998002,0,9.99000999000999e-05,0,0.0037962037962038,0.0033966033966034,0,0.0001998001998002,0,0.0031968031968032,0,9.99000999000999e-05,0.0002997002997003,0,0.0038961038961039,0.0295704295704296,0,0,0,0,0,0,0.0036963036963037,0,0,0.0001998001998002,0,0.0755244755244755,0,0,0,0.0038961038961039,0.0002997002997003,9.99000999000999e-05,0,0,0.0214785214785215,0,0,0.0407592407592408,0,0,0,0,0,0,0.0011988011988012,0,0,9.99000999000999e-05,0,0,0,0,0,0,0,0.0001998001998002,0,9.99000999000999e-05,0,0,0,0.0168831168831169,0,0,0.00609390609390609,0,0,0,0,0,0,0.161438561438561,9.99000999000999e-05,0,0.020979020979021,0,0,0,0,9.99000999000999e-05,0,0.000899100899100899,0,0,0,0,0,0,0.000599400599400599,0,0,0.00789210789210789,0
0,0,0,0,0,0,0,0,0,0,0,0,0,0,0.0141028205641128,0,0,0,0,0,0,0,0,0,0.000700140028005601,0.0312062412482496,0,0,0,0.00500100020004001,0.0151030206041208,0.0588117623524705,0,0.0267053410682136,0,0,0.0014002800560112,0,0,0,0,0.0001000200040008,0.0299059811962392,0.00640128025605121,0,0.0147029405881176,0,0,0,0,0.000600120024004801,0.0001000200040008,0,0,0,0,0,0,0,0,0,0,0,0,0,0,0,0,0,0,0,0,0,0,0,0.00890178035607121,0,0,0,0.00700140028005601,0.000400080016003201,0,0.0154030806161232,0,0,0,0,0.0026005201040208,0,0.0196039207841568,0,0,0,0,0.0012002400480096,0.000400080016003201,0,0,0,0,0,0,0,0,0,0.0003000600120024,0.0142028405681136,0.0756151230246049,0.00460092018403681,0,0,0,0.0176035207041408,0.00350070014002801,0.0017003400680136,0,0,0,0.0177035407081416,0,0,0,0,0,0.0269053810762152,0,0,0,0,0,0.0001000200040008,0.00680136027205441,0,0,0,0,0.00380076015203041,0,0,0,0,0,0,0,0.0113022604520904,0,0.0003000600120024,0.0003000600120024,0,0,0,0.000900180036007201,0,0,0.0298059611922384,0,0,0,0.00650130026005201,0,0,0,0.0003000600120024,0,0,0,0,0,0,0,0,0,0,0,0,0,0,0,0.0142028405681136,0,0,0,0,0,0.00420084016803361,0,0,0.0193038607721544,0,0,0,0.00440088017603521,0,0,0.0398079615923185,0,0,0.0001000200040008,0,0,0,0,0,0,0.195739147829566,0,0,0,0,0.0022004400880176,0,0,0.0276055211042208,0.0011002200440088,0,0,0.00800160032006401,0.00340068013602721,0.0159031806361272,0.000400080016003201,0,0.000500100020004001,0,0.0201040208041608,0,0,0,0,0.0101020204040808,0,0,0.000600120024004801,0,0.0453090618123625,0,0.000500100020004001,0,0,0,0,0,0,0,0.00370074014802961,0,0,0,0,0.000500100020004001,0,0,0.0011002200440088,0.0027005401080216,0,0,0,0,0,0.000400080016003201,0,0,0,0,0,0,0.0002000400080016,0,0,0,0,0,0.000500100020004001,0.0264052810562112,0,0,0,0,0,0.00370074014802961,0,0,0,0.0337067413482697,0,0,0,0,0,0,0.0003000600120024,0,0.0012002400480096,0,0,0,0.0019003800760152,0.0021004200840168,0.0101020204040808,0,0.0154030806161232,0
0,0,0,0,0,0,0,0,0,0,0,0,0,0,0.0274027402740274,0,0,0,0,0,0,0.0017001700170017,0,0,0,0.15971597159716,0,0,0.0707070707070707,0.0146014601460146,0.0046004600460046,0,0,0.0033003300330033,0,0,0.0024002400240024,0.0042004200420042,0.0002000200020002,0,0,0,0,0.0001000100010001,0,0.0012001200120012,0,0,0,0,0.0001000100010001,0,0,0.0001000100010001,0.0005000500050005,0,0,0,0,0.0003000300030003,0,0,0,0,0,0,0.0073007300730073,0,0.0001000100010001,0,0,0,0.0007000700070007,0.0011001100110011,0,0,0,0,0,0.0053005300530053,0,0,0.0157015701570157,0,0.0042004200420042,0,0.0096009600960096,0,0,0.0032003200320032,0,0.0369036903690369,0.0125012501250125,0,0,0,0,0,0.001000100010001,0,0,0,0,0,0,0,0,0.311431143114311,0,0,0,0.0001000100010001,0,0.0001000100010001,0.0005000500050005,0,0,0,0.0156015601560156,0.0001000100010001,0,0,0,0.0003000300030003,0.0007000700070007,0,0,0,0,0,0.0108010801080108,0.0001000100010001,0,0,0,0,0.0091009100910091,0,0,0,0.0661066106610661,0.0002000200020002,0,0,0,0,0,0,0.0018001800180018,0,0,0,0,0,0.0001000100010001,0,0,0,0,0.0014001400140014,0,0.0031003100310031,0,0.0037003700370037,0,0,0,0,0,0,0,0,0,0,0,0,0.0069006900690069,0.002000200020002,0,0,0,0,0,0,0,0,0,0.0289028902890289,0,0,0,0.0001000100010001,0,0,0,0,0.0043004300430043,0.0027002700270027,0,0,0,0,0,0,0,0,0,0,0,0,0,0.0004000400040004,0,0,0.0001000100010001,0,0.0036003600360036,0,0.0233023302330233,0,0.0053005300530053,0.0135013501350135,0,0,0,0,0,0,0,0.002000200020002,0.0013001300130013,0,0,0.0485048504850485,0,0,0,0,0,0,0,0,0.0004000400040004,0,0,0,0,0,0,0,0,0,0,0,0.0039003900390039,0.0137013701370137,0,0,0,0,0,0,0,0.0003000300030003,0,0,0,0,0,0.0041004100410041,0,0.0045004500450045,0.0029002900290029,0,0,0,0,0,0.0009000900090009,0.0004000400040004,0,0,0.0011001100110011,0,0,0,0.0001000100010001,0,0,0.0001000100010001,0,0,0.0001000100010001,0,0.0034003400340034,0,0.0014001400140014,0,0,0.0058005800580058,0
0,0,0,0,0.0004995004995005,0,0,0.001998001998002,0,0,0,0,0,0,0.000999000999000999,0.0004995004995005,0.0031968031968032,0.0002997002997003,0,0,0,0.0021978021978022,0,9.99000999000999e-05,0,0.104695304695305,9.99000999000999e-05,0,0.0003996003996004,0.00949050949050949,0.0682317682317682,0,0,0.0121878121878122,0.0003996003996004,0,0.0016983016983017,0.0015984015984016,0,0,9.99000999000999e-05,0,0,0,0,0.00919080919080919,0.00629370629370629,0.0001998001998002,0,0,0.0003996003996004,0,0,0,0.0002997002997003,0,0,0,0,0.0140859140859141,0,0,0,9.99000999000999e-05,0,0,0.00549450549450549,0,0,0.0033966033966034,0.0025974025974026,9.99000999000999e-05,0,0,9.99000999000999e-05,0,0,0,0,0.0020979020979021,0,0.0001998001998002,0.0018981018981019,0,0,0.0108891108891109,9.99000999000999e-05,0,0,0.0042957042957043,0,0.000799200799200799,0,0,0,0,0,9.99000999000999e-05,0.0034965034965035,0,0,0,0,0.0022977022977023,9.99000999000999e-05,0,0,0.0704295704295704,0,0.0032967032967033,0,0.001998001998002,0,0.0030969030969031,0,0,0,0,0.0017982017982018,0,0,0,0.0001998001998002,0,0.0528471528471528,0,0.018981018981019,0,9.99000999000999e-05,0.0004995004995005,0.0011988011988012,0.000999000999000999,0,0.000799200799200799,0,0,0.00909090909090909,0,0,0,0.0801198801198801,0,0,0,0.00669330669330669,0,0.0034965034965035,0,0,0.000599400599400599,0.0016983016983017,0.0016983016983017,0,0.0038961038961039,0.00539460539460539,0,0,0,0.0025974025974026,0.00659340659340659,0,0.0004995004995005,0,9.99000999000999e-05,0,0,9.99000999000999e-05,0,0,0,0.0002997002997003,0,9.99000999000999e-05,9.99000999000999e-05,0,0,0.0002997002997003,0.000599400599400599,0.0549450549450549,0,0,9.99000999000999e-05,0.0018981018981019,0,0.000599400599400599,0,0,0,0,0,0.0028971028971029,0.00879120879120879,9.99000999000999e-05,0,0,0,0.0003996003996004,0,0,0.0347652347652348,0,0,0.00619380619380619,0.00699300699300699,0,0.00619380619380619,9.99000999000999e-05,0,0,9.99000999000999e-05,0,0,0.0011988011988012,0,9.99000999000999e-05,0,0.0251748251748252,9.99000999000999e-05,0,0,0.0038961038961039,0.0001998001998002,0,0,0,0.0010989010989011,0,0,0.0021978021978022,9.99000999000999e-05,0.0036963036963037,0,0,0.0157842157842158,0,0,0.0015984015984016,0,0,0.0052947052947053,0,0,0,0.000999000999000999,0.00539460539460539,0.0002997002997003,0,0,0,0,0,0.0003996003996004,0,0,0.0013986013986014,0.0231768231768232,0.003996003996004,0,0.0002997002997003,0.0025974025974026,0.000899100899100899,0,0,0.0001998001998002,0.001998001998002,0,9.99000999000999e-05,0,0.000699300699300699,0.0026973026973027,0,0.000599400599400599,0.0484515484515484,0,0.0003996003996004,0,0,0.000699300699300699,0.0001998001998002,0.108091908091908,0,0,0.0134865134865135,0,0.000799200799200799,9.99000999000999e-05,0,0.0001998001998002,0.0038961038961039,0.00549450549450549,0,0,0,0.000599400599400599,0.0171828171828172,0.0011988011988012,0.00959040959040959,0,0,0.0018981018981019,0
0,0,0,0,0,0,0.000699650174912544,0,9.99500249875062e-05,0,9.99500249875062e-05,0,0,0,0.00129935032483758,0,9.99500249875062e-05,0,0,0,0,0.000199900049975012,0,0,0,0.11464267866067,0,0,0.00539730134932534,0.00149925037481259,0,0,0,0.00289855072463768,0,0,0.00129935032483758,0.00189905047476262,0,0,0,0,0,0,0,0.00499750124937531,0,0,0,0,0.000299850074962519,0,0,0,0,9.99500249875062e-05,0,0,0,0,0.000399800099950025,0.0176911544227886,0.00079960019990005,0,0,0,0,0.00349825087456272,0.00169915042478761,0,0,0,0,0,0,0,0,0.000499750124937531,0,0.000699650174912544,0,0,0.00219890054972514,0,0.00199900049975012,0,0,9.99500249875062e-05,0,0.0243878060969515,0.0136931534232884,0.00339830084957521,0.000599700149925037,0,0,0,0,0,0.0031984007996002,0,0,0.00749625187406297,0,0,0.000499750124937531,0,0,0.00699650174912544,0,0.00789605197401299,0,0,0,0,0,0,0,0,0.00859570214892554,0,0,0,0,0,0.00299850074962519,0,0,0,9.99500249875062e-05,0,0.031584207896052,0.00239880059970015,0,0,0,0,0.00719640179910045,0,0,0,0,0.000199900049975012,0,0,0,0,0,0,0.00279860069965018,0,0,0,0.000199900049975012,0,9.99500249875062e-05,0,0,0,0,0.00289855072463768,0.0115942028985507,0.00329835082458771,0,0,0.00429785107446277,0,0,0,0,0,0,0.000199900049975012,0.0015992003998001,0,0,0,0.00629685157421289,0.00229885057471264,0,0,0,0,9.99500249875062e-05,0,9.99500249875062e-05,0.00279860069965018,9.99500249875062e-05,0,0.00279860069965018,0,0,0.00219890054972514,0.000199900049975012,0,0,0,0.00299850074962519,0.00579710144927536,0,0,0,0,0,0,0.0836581709145427,0,0,0,0,0,0,0,0,0,0.000199900049975012,0,0.00219890054972514,0,0.00489755122438781,0,0,0,0,0,0.000199900049975012,0,0,0,0,0.00169915042478761,0,0,0,0,9.99500249875062e-05,0,9.99500249875062e-05,0,0.000599700149925037,0,0,0,0.0366816591704148,0,0,0,0,0,0,0,0,0.000499750124937531,0,9.99500249875062e-05,0.000999500249875062,9.99500249875062e-05,0.000399800099950025,0,0,0,0,0,0,9.99500249875062e-05,0,0,0,0,0.00329835082458771,0.00779610194902549,0.000999500249875062,0,0.0986506746626687,0,0,0,0,0,0.00119940029985007,0.402498750624688,0,0.000599700149925037,0.00949525237381309,0,0,0,0.000599700149925037,0,0,0.000399800099950025,0,0,0,0,0,0,0,0,0,0.00249875062468766,0.000399800099950025
0,0,0,0,0,0,0.0001999600079984,0.0018996200759848,9.99800039992002e-05,0,0,0,0,0.0247950409918016,0.000799840031993601,0,0,0,0,0,0.00869826034793041,0,0,0.0001999600079984,0,0.016496700659868,9.99800039992002e-05,0.000399920015996801,0.00529894021195761,0.0012997400519896,0,0,0,0.0103979204159168,0,0,0,0.0568886222755449,0,0,0,0,0,0.00329934013197361,0,0.00959808038392321,0,0,0,0,0.00639872025594881,0.0002999400119976,0,0,0.00399920015996801,0,0,0.0002999400119976,0,0.0424915016996601,0,0.0030993801239752,0,0,0,0.0002999400119976,0.00809838032393521,0,0,0.0011997600479904,0.0031993601279744,0,0,0.000799840031993601,0,0,0,0.0002999400119976,0,0,0,0,0.0393921215756849,0,0.0132973405318936,0.0002999400119976,0,0,0,0,0,0.00819836032793441,0.000399920015996801,0.00479904019196161,0,0,0.000999800039992002,0,0.000899820035992801,0,0,0.000399920015996801,0,0,9.99800039992002e-05,0,0.00769846030793841,0.202059588082384,0,0,0,0,0.000599880023995201,0,0,0,0,0,0.0150969806038792,0,0,0,0,9.99800039992002e-05,0.00249950009998,0,0,0,0,0,0.000899820035992801,0.0010997800439912,0,0,0,0,0.0001999600079984,0,0,0,0.0001999600079984,0,0,0,0,0,0,0,0,0,0.00419916016796641,0.000699860027994401,0,9.99800039992002e-05,9.99800039992002e-05,0,0,9.99800039992002e-05,0,0.001499700059988,0,0,0.0001999600079984,0.0168966206758648,0,0,0,0,0,0,0,0,0,0,0,0,0,0,0.0709858028394321,0,0,0,0,0,0.00459908018396321,0,0,0,0,0.000999800039992002,0,0.023995200959808,0.0001999600079984,0.0013997200559888,0,0,0,0,0,0,0,0,0,0,0,0.0127974405118976,0,0,0,0,0,0,0.001999600079984,0,0.000799840031993601,0,0.0111977604479104,0.0227954409118176,0.00719856028794241,0,0,0.00789842031593681,9.99800039992002e-05,0,0.0001999600079984,0,0,0,0.0013997200559888,0,0,0,0,0.0456908618276345,0,0,0,0,0,0.001999600079984,0,0,0.00479904019196161,0,0,0,0,0,0,9.99800039992002e-05,0.0017996400719856,0.000599880023995201,0,0,0,0.00509898020395921,9.99800039992002e-05,0,0.0013997200559888,0.00579884023195361,0,0,0,0.0002999400119976,0.0011997600479904,0,0,0,0.002999400119976,0.00849830033993201,0,0.00589882023595281,0.0028994201159768,0,0,0,0.0001999600079984,0,0.000799840031993601,0.113377324535093,0,0,0.0691861627674465,0,0,0.0026994601079784,0.000999800039992002,0,0.00589882023595281,0.0011997600479904,0,0,0,0,0.000499900019996001,0,0.000799840031993601,0,0,0.0125974805038992,0
0,0,0,0,0,9.98701687805852e-05,0,0,0,9.98701687805852e-05,9.98701687805852e-05,0,0,0.00019974033756117,0.00149805253170878,0,0,0,0,0,0.000599221012683511,0.00189753320683112,0,0,0,0.0655148307200639,0,0,0.000499350843902926,0.000299610506341756,0.0033955857385399,0,0.00259662438829522,0.004094676920004,0,0,0,0.000898831519025267,0,0,9.98701687805852e-05,0,0,0,0,0.00019974033756117,0.0302606611405173,9.98701687805852e-05,0,0,0,0,0,0,0,0,0,0,0,0.00209727354439229,0,9.98701687805852e-05,0,0,0,0.000299610506341756,0.000299610506341756,0,0,0,0.000499350843902926,0,0,9.98701687805852e-05,0.0751023669230001,0,0,0,0,0.00439428742634575,0,0,0,9.98701687805852e-05,0.00019974033756117,0,0,0,0,0,0,0.000499350843902926,0.0026964945570758,0,0,0,0.00189753320683112,0,0,0,0.000399480675122341,0,0,0,9.98701687805852e-05,0.000299610506341756,0.00249675421951463,0.0323579346849096,0,0,9.98701687805852e-05,0,0,0,0,9.98701687805852e-05,0,9.98701687805852e-05,0.00309597523219814,0,0.00579246978927394,0,0,0,0,0,0,0,0,0.00239688405073405,0.0143813043044043,9.98701687805852e-05,0,0,0,9.98701687805852e-05,0,0,0,0,0.000299610506341756,9.98701687805852e-05,0,9.98701687805852e-05,0,0,0.000599221012683511,0,0.00239688405073405,0,0,0.00279636472585639,0,0,0,0,0,0,0,0.00109857185658644,0,0.00159792270048936,9.98701687805852e-05,0,0,0,0,0,0.000499350843902926,0,0,9.98701687805852e-05,9.98701687805852e-05,0,0,0,0.00159792270048936,0.00249675421951463,0.00119844202536702,0.00019974033756117,9.98701687805852e-05,0.000699091181464097,9.98701687805852e-05,0,0.00019974033756117,0,0,0,0.012284030760012,9.98701687805852e-05,0,0.00129831219414761,0,0,0,0,0.000299610506341756,0,9.98701687805852e-05,0,0,0,0,0.00019974033756117,0,0.0026964945570758,0,0,0,0,0.00149805253170878,0,0.00119844202536702,0,0,0.00189753320683112,0.00499350843902926,0.000599221012683511,0,9.98701687805852e-05,0.0219714371317288,0,0.00888844502147209,0,0.000699091181464097,0,0,0,0.00329571556975931,0.00179766303805053,0.00159792270048936,0,0,0.0332567662039349,0,0,9.98701687805852e-05,0,0.000299610506341756,0,0.00619195046439629,0,0.0246679316888046,0,0,0,0,0,0,0.000399480675122341,0.00169779286926995,0,0.000998701687805852,0,0,0.00639169080195746,0.000399480675122341,0,0,0,0.00179766303805053,0,0,0.000499350843902926,9.98701687805852e-05,0,0.000499350843902926,0.00209727354439229,0,0.516628383101967,0.000299610506341756,9.98701687805852e-05,0.0026964945570758,0,9.98701687805852e-05,0,0,0,0,0.0480375511834615,0,0,0.00189753320683112,0,0,0.00259662438829522,0,0,9.98701687805852e-05,0,0,0,0,0,0.000599221012683511,9.98701687805852e-05,0.00109857185658644,0,0,0.00189753320683112,0
0,0,0,0,0,0.000199900049975012,0.000199900049975012,0,0,0,0,0,0,0,0.00079960019990005,0,0,0,0,0,0.000199900049975012,0,0,9.99500249875062e-05,0,0,0,0,0.00119940029985007,0.000199900049975012,0,0,0,0.0116941529235382,0,0,0,0.0100949525237381,0,0,0,0,0,0,0,0.0172913543228386,0,9.99500249875062e-05,0,0,0,0,0,0,0,0,0,0,0,0.0253873063468266,0,0.00079960019990005,9.99500249875062e-05,0,0,0,0.0868565717141429,0,0,0,0,0,0,0,0,0,0,0.000399800099950025,0,0.00279860069965018,0,0,0,0,0,0.000499750124937531,0,0,0,0,0,0.000999500249875062,0.000599700149925037,0,0,0.000499750124937531,0,0,0,0,0,0,0,0,0,0,0,0.281659170414793,0,0,0,0,0,0,0,9.99500249875062e-05,0,0,0.000699650174912544,0,0,0,0,9.99500249875062e-05,0.0031984007996002,0,0,0,0.000299850074962519,0,0,0,0,0.000199900049975012,0,0,0,0,9.99500249875062e-05,0,0.101449275362319,0,0,0,0,0,0,0,0.000199900049975012,0.000499750124937531,0.000899550224887556,0,0,0.00429785107446277,0,0,0,0.000299850074962519,0,0,0,0,0,0,0,0,9.99500249875062e-05,0,0,0,0,0,9.99500249875062e-05,0,0,0,0,9.99500249875062e-05,0,0,0,0,0.000699650174912544,0,0,0,0,0,0,0,0.000199900049975012,0.00889555222388806,9.99500249875062e-05,0,0,0.000199900049975012,0.000599700149925037,0,0,0,0,0,0.275262368815592,0.0661669165417291,0,0.0106946526736632,0,0,0,9.99500249875062e-05,0,0,0,0,0,0,0.0108945527236382,0,9.99500249875062e-05,0,0,0,0,0,0,0,0,0,0,0,0.000899550224887556,0,0,0,0,0,0,0,0,0,0,0,0,0,0,0,0,0,0,0,0.00439780109945028,0,0,9.99500249875062e-05,0,0.00139930034982509,0.00279860069965018,0,0.00129935032483758,0,0.00199900049975012,0,0,0,0,0,0,0,0,0.00269865067466267,0.000199900049975012,0,0.00779610194902549,0.000599700149925037,0,0,0,0,0,0.0309845077461269,0,0,0,0,0,0,0,0,0.0102948525737131,0,0,0,0,0,0,0,0,0,0,0.00529735132433783,0
0,0,0,0.0012998700129987,0,0,0.0004999500049995,0,0,0,0,0,0.0001999800019998,0.0025997400259974,0.0004999500049995,0,0,0,0,0,0,0,0,9.99900009999e-05,0.0003999600039996,0.148085191480852,0,0,0.0003999600039996,0.0004999500049995,0.0001999800019998,0.0041995800419958,0,0.0053994600539946,0,0,0.0005999400059994,0,9.99900009999e-05,0,0,0,0,0.0005999400059994,0,0.0233976602339766,0,0,0,0,0,0,0,0,0,0,0,0,0,0,0,0,0,0,0,0,0.0064993500649935,0,0,0,0,0,0,0.0010998900109989,0,0,0,0,0,0.0145985401459854,0,0,0,0,0.0025997400259974,0,0.0078992100789921,0,0,0.003999600039996,0,9.99900009999e-05,0,0,0,0,0,0,0,0,0,0,0,0,0,0.0005999400059994,0,0.0647935206479352,0,0,0,0,0,0,0.0004999500049995,0.0001999800019998,0,9.99900009999e-05,0.0082991700829917,0,0.0101989801019898,0,0,0,0.0035996400359964,0,0,0,0,0,0.0725927407259274,0,0,0.0046995300469953,0,0,9.99900009999e-05,0,0,0,0.0298970102989701,0.0001999800019998,0,0,0,0,0,0,0,0,0,0,0.012998700129987,0,0,0,0,0,0,0.0097990200979902,0.0003999600039996,0.0075992400759924,0,0.106289371062894,0,0,0,0,0,0,0,0,0,0,0,0,0.0078992100789921,0,0.0008999100089991,0,0,0.0022997700229977,0,0,0.0008999100089991,0,0,0,0,0,0,0.0033996600339966,0,0,0.0013998600139986,0,0,0.0104989501049895,0,0,0,0.0014998500149985,0,0,0.0298970102989701,0,0,0,0,0,0,0,0,0,0,0.0038996100389961,0,0,0.0041995800419958,0,0,0,0.0001999800019998,0,0,0,0,0,0,0.003999600039996,0.0072992700729927,0,0,0.0121987801219878,0,0,0,0,0,9.99900009999e-05,0,0,0.0497950204979502,0,9.99900009999e-05,0,0,0.0062993700629937,0.0011998800119988,0,0.0242975702429757,0,0,0,0,0,0.0018998100189981,0,0,0.000999900009999,0,0,0,0,0,0,0,0,0.0065993400659934,0.0001999800019998,0,0,0.0195980401959804,0,9.99900009999e-05,0,0,9.99900009999e-05,9.99900009999e-05,0.185481451854815,0,0,0.01999800019998,0,0,0,0,0,0.0023997600239976,0,0,0,0,0,0.0164983501649835,0,0.0108989101089891,0,0,0.0040995900409959,0
0,0,0,0,0,0,0,0,0,0,0,0,0,0,0.0025,0,3e-04,0,0,0,0,0.0027,0,0,0,0.2498,0,0,0,0.0107,0.0406,0,0,0.0048,0,0,0,0,0,0,0,0,0,0,0,0.0114,0,1e-04,0,0,0,0,0,0,0.0049,0,0,0,0,0.0042,0,0,0,0,0,0,0.0353,0,0,0,0.0037,0,0,0,0,0,0,0,0,0.0186,0,0,0,0,0,0,0,0,0,0.0038,0,7e-04,0,0,0,0,0,0,0.0022,0,0,7e-04,0,0,1e-04,0,0,0.0305,0,0.0042,0,0,0,0.0036,0,0,0,0,0.0269,1e-04,0.0098,0,0,0,0,0,0,0,0,0,0.0728,0,0,0,0,0,0,0,0,0,0,0,0,0,0,0,0,0,0.0049,0,0,0,0,0,0,0,0,0,0,8e-04,0,0.004,5e-04,0.0091,0,0,0,0,0,0,1e-04,0,0,0,0,0,0.0065,0.0061,0.022,0,0,0,0,0,0,0,0,0,0.0146,0,0,0,0,0,0,0,0.0059,0.011,0,0,0,4e-04,0,0.0047,0,0,0,0,0,0,0.0302,0,0,0,0.0012,0.0032,0.0027,0.0039,0,0,0.0144,0,0.0033,0,0,0,0,0,0,0.0021,0,0,0,0.0016,0,0,1e-04,0,0,0,0,0,0.0279,0,0,0,0,0,0,0,0,0,2e-04,0,0,1e-04,0,0,0,0.0023,0,0,0,1e-04,0,0,1e-04,0,3e-04,4e-04,0,0,0.0608,0,0,0,0,0,0,0.1754,0,0,0.023,0,0,0,0,0,0,0.0019,0,0,0,0,9e-04,0,2e-04,0,0,0.0081,0
0,0,0,0.0014002800560112,0,0,0.0002000400080016,0,0,0,0,0,0,0.00770154030806161,0.0022004400880176,0,0,0,0,0,0,0.0003000600120024,0,0,0,0.344068813762753,0,0,0,0,0,0,0,0.0013002600520104,0,0,0.0003000600120024,0.000700140028005601,0,0,0,0,0.0001000200040008,0.0017003400680136,0,0.0021004200840168,0,0,0,0,0.0001000200040008,0,0,0,0,0,0,0,0,0.00890178035607121,0,0.000800160032006401,0,0,0,0.000500100020004001,0.00960192038407682,0,0,0.0019003800760152,0.0002000400080016,0,0,0,0.172334466893379,0,0,0,0,0.0001000200040008,0,0,0.00450090018003601,0,0.000400080016003201,0,0,0,0,0,0.0001000200040008,0,0,0,0,0,0,0,0.0003000600120024,0,0,0,0,0,0,0,0.00350070014002801,0.11622324464893,0,0,0,0,0,0,0,0,0,0,0.00450090018003601,0,0.000700140028005601,0,0,0,0,0,0.00340068013602721,0,0,0,0.0001000200040008,0.0017003400680136,0,0,0,0,0,0,0,0,0.0992198439687938,0,0,0,0,0,0,0,0,0,0,0,0,0,0.0001000200040008,0,0,0,0.000900180036007201,0.0022004400880176,0,0,0,0.021004200840168,0,0,0,0,0,0,0.00350070014002801,0,0,0,0,0,0,0.000900180036007201,0.0016003200640128,0,0,0,0,0,0.000400080016003201,0,0,0,0,0,0,0.000700140028005601,0,0,0,0,0,0,0,0,0,0,0,0.0001000200040008,0,0,0,0,0,0,0,0,0.000400080016003201,0,0,0,0.0021004200840168,0.0029005801160232,0,0,0.0001000200040008,0,0,0,0,0,0,0,0,0,0.0001000200040008,0,0,0.00490098019603921,0,0,0,0,0.0002000400080016,0.0001000200040008,0,0,0,0,0,0,0,0,0,0,0,0,0,0,0.000800160032006401,0,0,0,0,0.000800160032006401,0,0,0,0,0,0,0,0,0.0001000200040008,0.000500100020004001,0,0,0,0,0,0,0,0,0.0001000200040008,0.161132226445289,0,0,0.001500300060012,0,0,0,0,0,0.0012002400480096,0.000500100020004001,0,0,0,0,0,0,0,0,0,0,0
0.000299850074962519,0,0,9.99500249875062e-05,0,0,9.99500249875062e-05,0,0,0,0,0,0,0,0.000299850074962519,0,0.00079960019990005,0.000199900049975012,0,9.99500249875062e-05,0.0136931534232884,0.0031984007996002,0,9.99500249875062e-05,0,0.056071964017991,0,0,9.99500249875062e-05,9.99500249875062e-05,0,0,0,0.0079960019990005,0,0,0.0031984007996002,0.00759620189905048,9.99500249875062e-05,0,9.99500249875062e-05,0,0,0,0,0.0164917541229385,0,0,0,0,9.99500249875062e-05,0,0,0,0.000299850074962519,0,0,0,0,0.0162918540729635,9.99500249875062e-05,0.00399800099950025,9.99500249875062e-05,0,0,0,0.00169915042478761,0,0,0,0.00459770114942529,0,0,0,0,0,0,0,0,0.0334832583708146,0,0,0.015792103948026,0,0.0292853573213393,9.99500249875062e-05,0,0,0,0.00949525237381309,0,0.000199900049975012,0.00179910044977511,0,0,0.00129935032483758,0,0,0.0031984007996002,0,0,0.000299850074962519,0,0,0.00329835082458771,0.000299850074962519,0,0.152523738130935,0,0,0,0,0,0.055672163918041,0,0.000199900049975012,0,9.99500249875062e-05,0.0107946026986507,0.000399800099950025,0,0,9.99500249875062e-05,9.99500249875062e-05,0.0179910044977511,0.0123938030984508,0,0,9.99500249875062e-05,0,0.0742628685657171,0.0263868065967016,0,0,0,0,9.99500249875062e-05,0,0,0,9.99500249875062e-05,9.99500249875062e-05,0,0,0,0,0,0,0.000899550224887556,9.99500249875062e-05,0,0,9.99500249875062e-05,0.000199900049975012,9.99500249875062e-05,0,0,0,0,0.00339830084957521,0,0,0,0,0.00189905047476262,0,0,0.00519740129935032,0,0,0,0,9.99500249875062e-05,0.00219890054972514,0,0,0.00289855072463768,0.00509745127436282,0.0134932533733133,0,0,0,0,0,0.000299850074962519,0,0,0,0,0,0,0.0182908545727136,9.99500249875062e-05,0.000399800099950025,0,0,0.0117941029485257,0,0,0.00879560219890055,0,0,0,0.00329835082458771,0,0.00129935032483758,0,0,9.99500249875062e-05,9.99500249875062e-05,0,0,0,0.000299850074962519,0.00229885057471264,0.00119940029985007,0.00199900049975012,0,0.0015992003998001,0.00489755122438781,0,0,0,0,0,0.00129935032483758,0.0031984007996002,0,0.015592203898051,0.00179910044977511,0.0292853573213393,0,0,0.0298850574712644,0,0,0,0,0,0.00179910044977511,0,0,0.0100949525237381,0,9.99500249875062e-05,0,0,0,0,0,0.0144927536231884,0.000399800099950025,0,0,0.00209895052473763,0.00369815092453773,0.000499750124937531,0,0.000499750124937531,0,9.99500249875062e-05,0,0,0.000399800099950025,0,0,0,0,0,0.000499750124937531,0,0.0015992003998001,0.00629685157421289,0,9.99500249875062e-05,0,0,0,0.000199900049975012,0.154622688655672,0,0,0.0258870564717641,0,0,0,0,9.99500249875062e-05,0,0.0063968015992004,0,0,0,0,0.00259870064967516,0,0.00409795102448776,0,0,0.00219890054972514,0
0,0,0,0,0,0,4e-04,2e-04,0,0,0,0,0,0,0.0075,0,0,1e-04,0,0,1e-04,0.0023,0,0.0042,0,0.3342,0,0,0.0079,0.0035,0,0,0,3e-04,0,0,0.0014,0,0,1e-04,0,0,0,0.0019,0,0.003,0,0,0,1e-04,0,0,0,0,0,0,0,0,0,0.0013,0,1e-04,0,0,9e-04,0,0.0062,0,0,0,0,0,0,3e-04,0,0,0,0,0,0.0031,0,0,0,0,1e-04,4e-04,0,0,0,0.0029,0,0,3e-04,0,0.0137,0.0033,0,0,0,0,0,0,0,0,4e-04,0,0,0.0345,0.0034,0.0216,0,0,0,0.0014,0.0016,0.0028,0,0,0.0047,0,0.0051,0,0.001,4e-04,0.0021,0.02,0,0,2e-04,0,0.141,0,0,0,0,0,5e-04,0,0,0,0.0898,0,0,0,0.0158,0,0,0,0,0.0015,0,0,0,8e-04,0,0,0,0,0,2e-04,0,0.0145,0,0,0,0,0,0.0047,0,0,0,0.004,1e-04,0,0,0,0.0109,0.0015,1e-04,0,0,0,0,2e-04,0,0,0,0.0124,0,0,0,0.0023,0.0014,0.001,0,0,0.0011,0,0,0,0,0,0,0,0,0,0.001,0.0016,0,0.0077,0.0245,0,0,0,1e-04,0.0052,0,0,0.0271,2e-04,0,0,0,0,0,0,0,1e-04,4e-04,0.0026,7e-04,0,0,0.0123,0,0,0,0,0,0.0021,0,0.0012,0,0,0,0,0,0,0,0,1e-04,0,0,0,0,0,0,0,0,0,2e-04,0,0,0.0045,0,0,0,0,0,0.016,0,0.001,0.0137,0,0,0,0,0,4e-04,0.0573,0,6e-04,6e-04,0,0,0,0,0.0034,8e-04,0,0,0,0,0,0.0086,0,0.0017,0,0,0.0015,0
0,0,0,2e-04,0,0,1e-04,0,0,0,0,0,0,0,0.0024,0,0,0,0,0,0.0037,0.0079,0,4e-04,0,0.4479,0,0,0.0013,6e-04,0.0172,0,0,0,0,0,5e-04,0,0,0,0,0,0,0,0,0.0146,0,0,0,0,0,0,0,0,0,0,0,0,3e-04,0.0014,0,0,0,0,0,0,0.0064,0,0,0,0,0,0,0,0,0,0,0,0,0.0068,0,0,0,0,0,0,0,0,0,0,0,0,1e-04,0,0,0.0026,9e-04,0,0,0,0,2e-04,0,0,0,0,0,0.1097,0,0.0042,0,0,0,0.0015,0,4e-04,0,0,0.0114,5e-04,0.0095,0,2e-04,0,0.0028,0,0,0,0,0,0.0278,0.0059,0,0,0,0,0,0,0.0054,0,0.001,0,0,0,0,0,0,0,0.0058,0,0,0,0,0,0,0,0,0,0,0.0035,0,0,0,1e-04,0,0,0,0,0,0,0,2e-04,9e-04,0,0,0,0.007,0,0,0,0,0.001,0,0,0.0019,0,0,0,0,0,0,0.0013,0,0,0,0,5e-04,0,0,0,0,0,0,0,0,0.0048,0,0,3e-04,0,0.0024,0,0,0,0,0,0.0048,0,0,0,0,0,0,0,0,0,0,0,0,0.0016,0,0,0,0.0317,0,0,0,0,0,0,0,0,0.0445,0,1e-04,0,0,0,0,0,0,0,0,0,0,0.0198,0.0026,0,0,0,0,0,0,0.0011,4e-04,0,0,0,0,0.0329,0,0,0.0059,0,0,0,0,0,0,0.1094,0,0,0.0104,0,0,0,0,3e-04,0,0,0,0,0,0,0,0,0.002,0,0,0.007,0
0,0,0,0.000199920031987205,0,0,0.00189924030387845,0,0,0,0,0,0,0,0,0,0.000499800079968013,0,0,0,0,0.00159936025589764,0,0.00299880047980808,0,0.00199920031987205,0,0,0.00279888044782087,0,0,0,0,0,0,0,0,0.0513794482207117,0,0,0,0,0,0,0,0.0358856457417033,0,0,0,0,0,0,0,0,0,0,0,0,0,0.00859656137544982,0,0.00199920031987205,0.000199920031987205,0,0,0,0,9.99600159936026e-05,0,0,0,0,0,0,0,0,0,0,0.0196921231507397,0.0152938824470212,0,0,0.125549780087965,0,0,0,0,0,0.000499800079968013,0,0.00109956017592963,0.000599760095961615,0.00699720111955218,0,0,0,0,0,0,0,0,0,0,0,0,0,0,0.206917233106757,0,0,0,0,0,0,0,0,0,0,0,0,0,0,0,0,0.00689724110355858,0,0,0,0,0,0,0.11625349860056,0,9.99600159936026e-05,0,0.00969612155137945,0,0,0,0,0.00109956017592963,0,0,0,0,0,0,0,0,0,0,0,0,0,0,0,0,0,0,0,0.00119952019192323,0,0,0.0309876049580168,0,0,0,0,0,0,0.00179928028788485,9.99600159936026e-05,0.000999600159936026,0,0,0,0,0,0,0,0,0,0,0,0,0,0,0,0,0.000699720111955218,0,0.00659736105557777,9.99600159936026e-05,0.00209916033586565,0,0,0,0,0,0,0,0,0,0,0,0.00219912035185926,0,0,0,0.00239904038384646,0,0,0,0,0,0,0.00809676129548181,0,0.0205917632946821,0,0.00969612155137945,0,0,0,0,0,0,0,0,0,0,0,0,0,0,0,0,0,0,0,0,0,0,0,0,0,0,9.99600159936026e-05,0,0,0,0,0,0,0,0,0,0,0,0,0,0,0,0,0,0,0,0,0,0.00699720111955218,0.00149940023990404,0,0,0,0,0,0,0,0,0.276689324270292,0,0,0,0,0,0,0,0,0,0,0,0,0,0,0,0,0.000999600159936026,0,0,0.00529788084766094,0
0,0,0,0,0,0,0,0,0,0,0,0,0,0,0.0016998300169983,0,0,0,0,0,0,0.0078992100789921,0,0,0,0.132486751324868,0,0,0.0018998100189981,0,0,0,0,0,0,0,0,0,0,0,0,0,0,0.0067993200679932,0,0,0,0,0,0,0,0,0,9.99900009999e-05,0,0,0,0,0,0,0,0,0,0.0001999800019998,0,0,0,0,0.0050994900509949,0,0.0073992600739926,0,0.002999700029997,0,0,0,0,0,0,0,0,0.0010998900109989,0.0004999500049995,0,0,0.0002999700029997,0,0,0,0,0.292770722927707,0.0011998800119988,0,0,0,0,0,0,0.0057994200579942,0,0,0,0,0,0,0,0,0.0007999200079992,0,0.0036996300369963,0,0,9.99900009999e-05,0.0018998100189981,0,0,0.0012998700129987,0,0,9.99900009999e-05,0.008999100089991,0,0,0,0.0022997700229977,0,0.0051994800519948,0,0,0,0.0067993200679932,0.0052994700529947,0,0,0,0,0,0,0,0,9.99900009999e-05,0,0,0,0,0,0,0,0.0012998700129987,0,0,0,0.0002999700029997,0.0002999700029997,0,0,0,0,0,0.0095990400959904,0,0.0036996300369963,0,0.0057994200579942,0,0,0,0,0,0.0004999500049995,0,0,0.00999900009999,0,0,0,0.005999400059994,0.0127987201279872,0,0,0,0.0036996300369963,0,0,0,0,0,0,0,0,9.99900009999e-05,0,0,0,0,0,0.0113988601139886,0.003999600039996,0,0,0,0,0,0.0006999300069993,0,0,0,0,0.0002999700029997,0,0.0096990300969903,0,0,0,0,0.0158984101589841,0,0.0010998900109989,9.99900009999e-05,0,0,0.0142985701429857,0,0,0,0,0,0,0,0.0027997200279972,0,0,0,0.129187081291871,0,0,0,0,0,0,0,0,0.0297970202979702,0,0,0,0.0010998900109989,0,0,0,0,0,0,0,0.0027997200279972,0.0005999400059994,9.99900009999e-05,0,0,0,0,0,0,0,0,0,9.99900009999e-05,0,0,0.0196980301969803,0,0,0.0054994500549945,0,0,0,0,0,0,0.162483751624838,0,0,0.0245975402459754,0,0,0,0,0,0,0,0,0,0,0,0.0043995600439956,0,0.0003999600039996,0,0,0,0
0,0,0.000200080032012805,0,0,0,0,0,0,0,0,0.000700280112044818,0,0,0.000700280112044818,0,0.000300120048019208,0,0,0.000200080032012805,0,0.00230092036814726,0,0,0,0.302821128451381,0,0,0.00560224089635854,0,0.0271108443377351,0,0.000100040016006403,0.00160064025610244,0,0,0.000100040016006403,0.0267106842737095,0,0,0,0,0,0,0,0.0940376150460184,0,0.000100040016006403,0,0,0,0,0.000200080032012805,0,0,0,0,0.000200080032012805,0,0,0.000100040016006403,0,0.000100040016006403,0,0,0,0.00540216086434574,0,0,0.0153061224489796,0.000700280112044818,0,0,0,0,0,0,0,0,0.00120048019207683,0,0,0.000100040016006403,0,0.0038015206082433,0.000300120048019208,0,0,0,0.00220088035214086,0,0.00100040016006403,0,0,0,0.000700280112044818,0,0,0.00290116046418567,0,0,0.000700280112044818,0,0,0.000100040016006403,0,0.000500200080032013,0.00590236094437775,0,0,0,0.0078031212484994,0,0.0685274109643857,0,0,0,0,0.00690276110444178,0,0,0,0,0.000100040016006403,0.0128051220488195,0,0,0,0.000200080032012805,0,0,0.0126050420168067,0,0,0,0,0.00190076030412165,0.000100040016006403,0,0,0.00940376150460184,0,0,0,0,0,0.000100040016006403,0,0,0,0.000500200080032013,0,0,0,0,0,0,0,0.0145058023209284,0.000100040016006403,0,0,0,0.183773509403761,0,0,0,0,0,0,0,0,0,0,0,0,0,0.000500200080032013,0.0213085234093637,0.000100040016006403,0,0,0.00330132052821128,0,0.000200080032012805,0,0,0,0.00510204081632653,0,0,0.0296118447378952,0.000600240096038415,0,0,0,0,0,0,0,0,0,0,0.000100040016006403,0,0.00350140056022409,0,0,0,0.00180072028811525,0,0,0.00720288115246098,0,0.00100040016006403,0,0.00830332132853141,0.00040016006402561,0.0122048819527811,0,0.00130052020808323,0,0,0.000100040016006403,0,0.000100040016006403,0,0,0.00130052020808323,0,0.0079031612645058,0,0,0.00930372148859544,0,0,0,0.000200080032012805,0,0.000300120048019208,0,0,0,0,0.00040016006402561,0.000100040016006403,0,0.00140056022408964,0,0,0.00320128051220488,0.00040016006402561,0,0,0.000100040016006403,0.000300120048019208,0,0,0,0,0.000100040016006403,0,0,0.000200080032012805,0,0.000100040016006403,0,0,0,0.00150060024009604,0.000600240096038415,0.000700280112044818,0.0292116846738695,0,0,0,0,0,0.000600240096038415,0.000300120048019208,0.000100040016006403,0,0.00590236094437775,0,0,0,0,0.000100040016006403,0,0,0,0,0,0,0.00100040016006403,0,0.00170068027210884,0.00150060024009604,0,0.0114045618247299,0
0,0,0.000199940017994602,0,0,0,0.000699790062981106,0,0,0,9.99700089973008e-05,0,0,0,0.157852644206738,0.000199940017994602,0,9.99700089973008e-05,0,0,0.000499850044986504,0.00239928021593522,0,0,0,0.197140857742677,0,0,0.00549835049485154,0,0.0236928921323603,0,0.000399880035989203,0.010296910926722,0.000199940017994602,0.00369889033290013,0.00119964010796761,0.00849745076477057,0,0,0,0,0,0,0,0.0416874937518744,0.0169949015295411,0.000499850044986504,0,0,0.000199940017994602,0,0,0,0,0,0,0.000199940017994602,0,0.00449865040487854,0.000299910026991902,0,0,9.99700089973008e-05,0,0,0.00629811056682995,0,0,0,0.00409877036888933,0,0,0,0,0,0,0,0,0.00499850044986504,0,9.99700089973008e-05,0.00529841047685694,0,0.000199940017994602,0.000599820053983805,0,0,0,0.00249925022493252,0.015295411376587,0.000799760071978406,0,0,0,0.000199940017994602,0,0,0,0,0,0,0,0,0,0,0,0.033889833050085,0,0,0,0.00199940017994602,0,0.0123962811156653,0,0,0,0,0.0106967909627112,0,0,0,0,9.99700089973008e-05,0.0157952614215735,0,0,0,0.00219934019794062,0,0,0.0129961011696491,9.99700089973008e-05,9.99700089973008e-05,9.99700089973008e-05,0,0.00209937018894332,0,0.00299910026991902,0,0,0,0,0,0,0,9.99700089973008e-05,0,0,0,0.000699790062981106,0.00519844046785964,0,0,9.99700089973008e-05,0,0,0,0,0.0155953214035789,0,0,0,0.0218934319704089,0,0,0,0,0,0.000499850044986504,0,0,0,0,0,0,0,0.000799760071978406,0.00189943017094872,0.000399880035989203,0,0,0,0,0,0,9.99700089973008e-05,0,0.00169949015295411,0,0,0.00229931020693792,0.000699790062981106,0,0,0.00139958012596221,9.99700089973008e-05,0,0,0.112166350094972,0,0,0,9.99700089973008e-05,0.0241927421773468,0.000699790062981106,0,0,9.99700089973008e-05,0.00529841047685694,0,0,0.000899730080975707,0,0.000399880035989203,0,0.00429871038688393,0.000499850044986504,0,0,9.99700089973008e-05,0.00129961011696491,0,0,0,0,0,0,0.012296311106668,0,0.00379886034189743,0,0.000599820053983805,0.0144956513046086,0,0,0,0.00199940017994602,0,0.000499850044986504,0,0,0.000399880035989203,0.00159952014395681,0.000399880035989203,0.000299910026991902,0,0.000199940017994602,0,0,0.000199940017994602,0,0.00319904028791363,0,0.000399880035989203,0.00189943017094872,0,0,0,0,0.000699790062981106,0,0,0.000399880035989203,0,0,0,0,0,0.000199940017994602,0.0134959512146356,0,0.0686793961811457,0,0.000199940017994602,0,0,0,0.000799760071978406,0.000299910026991902,0,0,0.0450864740577827,0,0,0,0,0,0,0.000999700089973008,0,0,0,0,0,0,0,0,9.99700089973008e-05,0.0101969409177247,0
0,0,0,0.00049965024482862,0,0,0.000199860097931448,0.00449685220345758,0,9.9930048965724e-05,0,0,9.9930048965724e-05,0,0.0114919556310583,0,0,9.9930048965724e-05,0,0,0.00549615269311482,0.00139902068552014,0,0.000299790146897172,9.9930048965724e-05,0.257719596282602,0,0,0.000599580293794344,0.00049965024482862,0,0,0,0.00269811132207455,0,0,0.000399720195862896,0,0,0,0,0,0,0,0,0.002897971420006,0,0.000299790146897172,0,0,0.000199860097931448,0,9.9930048965724e-05,0,0.00099930048965724,0,0,9.9930048965724e-05,0,9.9930048965724e-05,0.000399720195862896,0.00279804137104027,0,0,0,0,0.00429699210552613,0.000799440391725792,0.000199860097931448,0,0.00049965024482862,0,0,0.00049965024482862,0,0,0.000199860097931448,0,0,0.000799440391725792,0,0,0.0171879684221045,9.9930048965724e-05,0.0024982512241431,0,0,9.9930048965724e-05,0,0.00159888078345158,0.00049965024482862,0.00909363445588088,0.000199860097931448,0,0,0.0153892275407215,0,0,0,0,0,0,0,0,0.00319776156690317,0,0,0.00199860097931448,0,9.9930048965724e-05,0,0,0,0.0107924452882982,0,0,0,9.9930048965724e-05,0.0309783151793744,0,0.00349755171380034,0,0,0.000399720195862896,0.0024982512241431,0.0157889477365844,0,0,0,0.000399720195862896,0.0746477465773958,0.00359748176276606,0,0,0,0,0.0263815329269511,0,0,0,0,0.000199860097931448,0,0,0,0,0,0,0.00129909063655441,0,0,0,0,0,0,0.000299790146897172,0.00139902068552014,9.9930048965724e-05,0,0,0,0,0.000199860097931448,0,0,0,0,0,0,9.9930048965724e-05,0,0,9.9930048965724e-05,0,0,0,0.00409713200759468,0.002897971420006,0.00569601279104627,0,0,0,0,0,0.00049965024482862,0,0,0,0,0,0,0.00199860097931448,9.9930048965724e-05,0,0.000899370440691516,0,0.00989307484760668,0.00319776156690317,0,0,0,0,0,0.00239832117517738,9.9930048965724e-05,0.000599580293794344,0,0,0,0.00199860097931448,0.00669531328070351,0,0,0.000599580293794344,0.000399720195862896,0.00299790146897172,0.00049965024482862,0.000399720195862896,0.00669531328070351,0,0.00159888078345158,0.0311781752773059,0,9.9930048965724e-05,0,0,0,0,0.00679524332966923,0.000899370440691516,0.00899370440691516,0,0,0.0321774757669631,0,0.000199860097931448,0,0,0.000199860097931448,0,0,0,0.0326771260117917,0,0,0,0,0,0.00049965024482862,0,0.00359748176276606,0,0.00129909063655441,0,0.00049965024482862,0.00049965024482862,0,0,0.00129909063655441,0.000699510342760068,0.000299790146897172,0.00119916058758869,0,0,0,0,0,0,0,0.000299790146897172,0.00159888078345158,0,0.00819426401518937,0,0,0,0,0,0.00049965024482862,0.26361546917158,9.9930048965724e-05,0,0.00839412411312082,0,0,0,0.000199860097931448,0,0,0.00119916058758869,0,0,0,0,0.00049965024482862,0,0.000199860097931448,0,0,0.0116918157289897,0
0,0,0,0,0,0,0.0013986013986014,0,0,0,9.99000999000999e-05,0,9.99000999000999e-05,0,0,0,0,0,0,0.0002997002997003,0,0.001998001998002,0,0,0,0.470829170829171,0,0,0,0.0004995004995005,0,0,0,0,0,0,0,0.0001998001998002,0,0,0,0,0,0,0,0,0,0,0,0,9.99000999000999e-05,0,0,0,0,0,9.99000999000999e-05,0,0,0,0,0,0,0,0,0,0,0,0,0,0.0004995004995005,0,9.99000999000999e-05,0,9.99000999000999e-05,9.99000999000999e-05,0,0,0,0,0,9.99000999000999e-05,9.99000999000999e-05,0,0,0,0,0.0013986013986014,0,0,0,0.0036963036963037,0,9.99000999000999e-05,0,0,0,0,0,0,0,0,0.000899100899100899,0.0001998001998002,0,0,0.0010989010989011,0,0,0,0,9.99000999000999e-05,0,0,0,0,0,0,0.0045954045954046,0,0,0,0.0026973026973027,9.99000999000999e-05,0,0,0,0,0,0,0.0003996003996004,0,0,0,0,0,0,0.0001998001998002,0,0,0,0,0,0,0,0,0.000599400599400599,0,9.99000999000999e-05,0,0,0,0,0,9.99000999000999e-05,0,9.99000999000999e-05,0,0,0,0,0,0,0,0,0,0,0,0,0,0,0,0,0,0,0,0,0,0,0,0,0,0,0,0,0,0,0,0,0,0,0,0,0,0,0,0,0,0,0,0,0,0,0,0,0.0132867132867133,0,9.99000999000999e-05,0,0.000699300699300699,0,0,0,0,0.0001998001998002,0,0,9.99000999000999e-05,0,0,0.00549450549450549,0,0,0,0,0,0,0,0,0,0,0,9.99000999000999e-05,0.311188811188811,0,0,0,0,0,0,0,0,0,0,0,0,9.99000999000999e-05,0,0,0,0,0,0,0,9.99000999000999e-05,0.0026973026973027,0,0,9.99000999000999e-05,0.0001998001998002,0,0,0,0,0,0,0,0,0,0.00569430569430569,0,0,0,0.0002997002997003,0,0,0,0.0001998001998002,0,0.106193806193806,0,0,0,0,0.0602397602397602,0,0,0,0,0,0,0,0,0,0,0,0,0,0,0,0
0,0,0,0.0014,0,0,1e-04,0,0,0,0,2e-04,0,0,0,0,0,0,0,0,0,0.0059,0,1e-04,0,0.0289,0,0,1e-04,1e-04,0,0,0,0.0063,0,0,6e-04,0.0674,0,0,0,0,0,0,1e-04,0.005,0,0,0,0,0,0,0,0,0,0.0016,0,0,0,0.0318,0,0,0.0011,0,0,0,0.0071,0,0,0,0,0,0,0,0,0,0,0,0.0163,0,0,0.0014,0.0026,0,0.1167,0,0,0,0,0,0.0448,0.0038,0,0,0,0,0,0,0,0,2e-04,0,8e-04,0,0,7e-04,0,8e-04,0,0.001,0,0,0,0,0,0,0,0,0,0,0.0124,0,0,0,0.004,0,0,0,0,0,0.1028,0,0,0.007,2e-04,0,1e-04,0,0,0.0011,2e-04,0,0,0,0,0,0.0066,0,0,0,0,0,3e-04,0.0031,0,0,0,0,0,0,0.0039,0.0036,0,0,0,0,0,0,0,1e-04,0,0.0161,1e-04,0,6e-04,0,0.0086,0,0.0263,0,0,0,0,0,0.0034,0,7e-04,0,0,0,0,0.0232,0,0,0,0,0.0061,0.0121,0,0,0,0,0,0,0,0.0238,0,0,0,1e-04,0.0033,0,0,0,0,0.0068,0,0.0022,0,0,0,0,0,0,0,0,0,0,0,0.0066,0,0,0,0.0042,0,0,0,0,6e-04,0,0,0,0.0026,0,0,0,0,0,0,0,0,0,0,0,0,0.0021,0,0,0,0,0,0,0,4e-04,0,0,0,0,0,0.0063,0,0,1e-04,0,1e-04,0,0,0,5e-04,0.2801,0,0,0.0414,0,0,0,0,0,0.0047,0,0,0,0,0,0,0,0,0,0,0.0246,0
0,0,0,9.99200639488409e-05,0,0,0,0,0,0,9.99200639488409e-05,9.99200639488409e-05,0,9.99200639488409e-05,0.0144884092725819,0,0,0,0,0.000299760191846523,9.99200639488409e-05,0.00179856115107914,0,0,9.99200639488409e-05,0.246502797761791,0,0,0.00679456434852118,0,0,0,0.00199840127897682,0.00459632294164668,0,0.00189848121502798,0.00229816147082334,0.00399680255795364,0,0,0,0,0,0.000699440447641887,0,0.000499600319744205,0,9.99200639488409e-05,0,9.99200639488409e-05,0,0,0,0,0,0,0,0,9.99200639488409e-05,0.000299760191846523,0,9.99200639488409e-05,9.99200639488409e-05,0,0.000199840127897682,0,0.00159872102318145,0,0,0,9.99200639488409e-05,0,0,0.0082933653077538,0,0,0,0,0,0.000899280575539568,0,0.000199840127897682,0,0,0,0,0,0.00249800159872102,0,0.00449640287769784,0,0,0.0152877697841727,0,0.00349720223820943,0,0,0,0.00369704236610711,0,0.000499600319744205,0.00129896083133493,0,0,0,0,0,0.121502797761791,0.000199840127897682,0,0.000199840127897682,0.00129896083133493,0,0.0240807354116707,0,0,0,0.000199840127897682,0.00589528377298161,0,0,0,0,9.99200639488409e-05,0.0443645083932854,0,0.000299760191846523,0,9.99200639488409e-05,0,0.00679456434852118,0.0259792166266986,0,0,0,0,0.0462629896083133,0,0,0.000299760191846523,0.0293764988009592,0,0,0,0,0,0,0,0,0,0.00149880095923261,0,9.99200639488409e-05,0,0,0,0,0,0.000599520383693046,0.00159872102318145,0,0,0,0,0,0,0,0,0,0,0,0,0.00359712230215827,0,0,0,0,0.000799360511590727,0.000999200639488409,9.99200639488409e-05,0,0,0,0.000399680255795364,9.99200639488409e-05,0,0,0,0.00109912070343725,0,0,0.00479616306954436,0.000199840127897682,0,0.000199840127897682,0,0,9.99200639488409e-05,0,0,9.99200639488409e-05,0,0,9.99200639488409e-05,0.186051159072742,0.00519584332533973,0,0,0,0.000199840127897682,0,0,9.99200639488409e-05,0,0,0,0.00649480415667466,9.99200639488409e-05,0,0.000599520383693046,0.008792965627498,0,0,0,0,0.000499600319744205,9.99200639488409e-05,0,0.00259792166266986,0,0.00899280575539568,0,0,0.0412669864108713,0,0.000599520383693046,0,0,0,0.00109912070343725,0,0,0,0,0,0,9.99200639488409e-05,0,0,0,0.000199840127897682,0,0,0,0,0,0.00259792166266986,0,0,0.000299760191846523,0.000299760191846523,0.000399680255795364,0,9.99200639488409e-05,0,0,0,0.00489608313349321,0.000199840127897682,0.0165867306155076,0.000499600319744205,9.99200639488409e-05,0.0323741007194245,0,0,0,0,0,9.99200639488409e-05,0.00119904076738609,0,0,0.00599520383693046,0,0.000199840127897682,0,0,0,0.00139888089528377,0.000199840127897682,0,0,0,0,0.0114908073541167,0,0,0.00469624300559552,0.000199840127897682,0,0
0,0,0,0,0,0,9.99500249875062e-05,0,0,0,0,0,0,0,0.00769615192403798,0,0,0,0,0,0,0,0,9.99500249875062e-05,0,0.145927036481759,0,0,0.000599700149925037,0.000299850074962519,0,0,0,0.00269865067466267,0,0,0,0,0,0,0,0,0,0,0,0.000599700149925037,0,0,0,0,0,0,0,0,0,0,0,0,0,0.000599700149925037,0,0.00189905047476262,0,0,0,0,0.00789605197401299,0,9.99500249875062e-05,0,0,0,9.99500249875062e-05,0.000299850074962519,0,0,0,0,0,0,0,0,0,0,0,0,0.00779610194902549,0,0,0,0,0,0.196901549225387,0,0,0,0,0,0.00129935032483758,0,0,0.00129935032483758,0,0,0.000599700149925037,0,0.00939530234882559,0.177711144427786,0,0,0,0,0,0,0,0,0,9.99500249875062e-05,0,0.00079960019990005,0,0,0,9.99500249875062e-05,0,0,0,0,0,0,0,9.99500249875062e-05,0,0,0,0.00239880059970015,0.000299850074962519,0,0,0,0.00229885057471264,0,0,0,0,0,0,0,0,0,0,0,0,0.00079960019990005,0,0,0,0,0,0,0,0,9.99500249875062e-05,0,0,0,0,0,0,0,0,0,0,0,0,0,0,0,0,9.99500249875062e-05,0,0,0,0,0,0,0,0,0,0,0,9.99500249875062e-05,9.99500249875062e-05,0,0,0,0,0,0,0,9.99500249875062e-05,0,0,0,0.0597701149425287,0.000199900049975012,0,0,9.99500249875062e-05,0,0,0,0,0,0,9.99500249875062e-05,0,0,0,0,0,0,0,0,0,0,0,0,0,0,0,0,0,0.0655672163918041,0,0,0,0,0,9.99500249875062e-05,0,0,0,0,0.000399800099950025,0,0,0,0,0,0,0,0,0,0,0.000599700149925037,0,0,0,0,0,0,0,9.99500249875062e-05,0,0,0,0,0,0.233183408295852,0,0,0.0047976011994003,0,0,0,0,0,9.99500249875062e-05,0.0549725137431284,0,0,0.00419790104947526,0,0,0,0,0,0,0,0,0,0,0,0.00409795102448776,0,0.000399800099950025,0,0,0,0
0,0,0,0,0,0,0.002999700029997,0,0,0,0,0,0,0,0,0,0.000999900009999,0,0,0,0,0,0,0,0,0.42015798420158,0,0,0.0081991800819918,0.0022997700229977,0,0,0,0.0075992400759924,0,0,0,0,0,0,0,0,0,0,0,0,0,0,0,0,0,0,0,0,0,0,0,0,0,0,0,0,0,0,0,0,0,0,0,0,0,0.0001999800019998,0,0,0,0,0,0,0,0,0,0,0,0,0,0.0006999300069993,0,0,0,0,0,0,0.0003999600039996,0,0,0,0.0070992900709929,0,0,0,0,0.002999700029997,0,0,0,0,0,0.0968903109689031,0,0,0,0,0.0025997400259974,0,0,0,0,0,0.0013998600139986,9.99900009999e-05,0.0001999800019998,0,0,0,0,0,0,0,0,0,0,0,0,0,0,0,0.0802919708029197,0,0,0,0.0015998400159984,0,0,0,0,0,0.0001999800019998,0,0,0,0,0,0,0,0.0001999800019998,0,0,0,0,0,0,0,0,0,0,0,0,0,0,0,0.0001999800019998,0,0,0,0,0,0,0,0,0,0,0,0,0,0,0,0,0,0,0,0,0,0,0.0001999800019998,0,0,0,0,0,0,0,0,0,0.0001999800019998,0,0,0.0007999200079992,0,0,0.0014998500149985,0,0,0,0,0,0,0,0,0.0047995200479952,0,0,0.0056994300569943,0,0,0,0,0,0,0,0,0,0,0,0,0,0,0,0,0,0.0004999500049995,0,0,0,0,0,0,0,0,0,0,0,0,0,0,0,0.0001999800019998,0,0,0,0,0,0,0,0.0006999300069993,0,0,0,0,0,0.094990500949905,0,0,0.0598940105989401,0,0,0,0,0,0,0.18958104189581,0,0.0001999800019998,0.0007999200079992,0,0,0.0017998200179982,0,0,0,0,0,0,0,0,0,0,0.0007999200079992,0,0,0,0
0,9.99900009999e-05,0,0,0,0,0.0003999600039996,0,0,0,0,0,0.0003999600039996,0,0.0037996200379962,9.99900009999e-05,0,0,0,0,0,0.0067993200679932,0,0.0014998500149985,0,0.0311968803119688,0,0.001999800019998,0.0347965203479652,0.0001999800019998,0.0036996300369963,0,0,0,0,0,0.0002999700029997,0.0054994500549945,0,0,0,0,0,0,0,0.0068993100689931,0,0,0,0,0,0,0,0,0,0,0,0,0,0.0324967503249675,0,0,0,9.99900009999e-05,0,0,0.0274972502749725,0,0,0,0.0043995600439956,0,0,0,0,0,0,0,0.0007999200079992,0.0040995900409959,0,0,0.0014998500149985,0,0.0144985501449855,0.0021997800219978,0,0,0,0.0004999500049995,0,0.0170982901709829,0.0012998700129987,0,0,0,0,0,0.0018998100189981,0,0,0.0017998200179982,0.0046995300469953,0,0.0011998800119988,0,0,0.0030996900309969,0,0,0,0,0,0.0065993400659934,0,0.0067993200679932,0.0034996500349965,0.0005999400059994,0.0126987301269873,0,0,0,0.0016998300169983,0.0011998800119988,9.99900009999e-05,0,0,0,0,0,0.0922907709229077,0.0007999200079992,0,0,0.0022997700229977,0,0.0040995900409959,0,0.0176982301769823,0,0.0014998500149985,0.0005999400059994,0,0.0002999700029997,0,0,0.0008999100089991,0,0.0051994800519948,0,0,0.0248975102489751,0,0.0014998500149985,0,0,0.0002999700029997,0,0,0,0,0.0257974202579742,0,0,0,0,0,0,0,0,0,0.0005999400059994,0.0003999600039996,0,0,0,0.0226977302269773,0.0067993200679932,0,0,0,0,0,0,9.99900009999e-05,0,0,0.0003999600039996,0,0,0,0.0027997200279972,0,0.0005999400059994,0,0,0.0035996400359964,0,0,0,0,0,0,0,0,0.0010998900109989,0.0005999400059994,0,0.0002999700029997,0.0097990200979902,0.0288971102889711,0,0,0,0.0006999300069993,0.0066993300669933,0.0111988801119888,0.0315968403159684,0.0008999100089991,0,0.002999700029997,0.0163983601639836,0,0,0,0,0,0,0.021997800219978,0,0,0,0,0.0064993500649935,0.0012998700129987,0,0,0.0003999600039996,0,0.0008999100089991,0,0,0,0,0.0010998900109989,0.0113988601139886,0,0,0,0,0,0.0013998600139986,0,0,0.0010998900109989,0.0005999400059994,0.0005999400059994,0,0,0,0,0,0.0013998600139986,0.0006999300069993,0,0.0003999600039996,0,0,0,0.193980601939806,0,0.0002999700029997,0.0583941605839416,0,0.0013998600139986,0,0.0017998200179982,0,0,0.0004999500049995,0.0001999800019998,0.111488851114889,0.0017998200179982,0,0,0,0,9.99900009999e-05,0,0,0,0,0,0,0.0003999600039996,0,0.0018998100189981,0,0,0.0004999500049995,0
0,1e-04,0,0,0,0,0.0061,0,0,0,0,0,0,0,0.006,0,0,0,0,0,0,0,0,2e-04,0,0.352,0,0,6e-04,0,0,0,0,0.003,0,0,0,0,0,0,0,0,0,0,0,0.1951,0.1636,0,0,6e-04,0,0,0,0,0,0,0,0,0,0,0,0,3e-04,0.002,0,0,0.0117,0,0,0,0,0,0,0,0,0.0171,0,0,0,0.0115,0,0,0.0129,0,0,0,0,0,0,0,0,1e-04,0.0016,0,0,0.0055,0,0,0,0,0,0.0016,0,0,0,0,7e-04,0,0,0,0.0053,0,0,0,0,0,0,4e-04,0,0,0,0,0,0,0.0073,0,0,0,0,0,0,0,0,3e-04,0,0,0.0019,0,0,0,0.0018,2e-04,0,0,0,0,0,0,0,0,0.0017,0,0,0,0,0,0,0,0,0,0,0,0,0,0,0,0,3e-04,0,0,0,0,0,0,0,0,0,0,0,0,0,0,0,0,0,0,0,0,0,4e-04,0,0,2e-04,0,0.0445,0,0,0,0,0,0,0,0,0,0,1e-04,2e-04,0,2e-04,2e-04,0,0,0,0,0,0,0,0,0.0058,0,1e-04,0,0,0,0,0,0,0,0.0316,0,0,0,0,0,0.0048,0,0,0,0,0.0023,0,0,0,0,0,0,0,7e-04,0,0,0,0,0,0,0,0,0.0018,0,0,0,0,0,0,0,0,0,0,0.014,0,0,0,0,0.0707,0,1e-04,0,0,0,0,0,0,0,0,0,0,0.0099,0,0,0,0,0,0,1e-04,0,0,0,8e-04,0,0,0,0
0,0,0,0,0,0.000100030009002701,0.000300090027008102,0,0.000100030009002701,0.000100030009002701,0.000100030009002701,0,0.00110033009902971,0.0134040212063619,0.00640192057617285,0,0,0,0,0,0.0125037511253376,0.00320096028808643,0,0,0,0.0812243673101931,0,0,0,0.00180054016204861,0,0,0.000400120036010803,0.00120036010803241,0,0,0.00170051015304591,0.0181054316294888,0,0.000200060018005402,0,0,0,0,0,0.0142042612783835,0.0164049214764429,0,0,0,0.000100030009002701,0.000600180054016205,0,0.000500150045013504,0,0.000100030009002701,0,0,0,0.0481144343302991,0,0.00430129038711613,0,0.000100030009002701,0,0.000900270081024307,0.00140042012603781,0,0,0.0133039911973592,0.00540162048614584,0,0.000200060018005402,0.0152045613684105,0,0,0,0.000100030009002701,0,0.00730219065719716,0,0.000300090027008102,0,0,0.000700210063018906,0.000200060018005402,0,0,0,0.00740222066619986,0,0.000600180054016205,0,0,0,0,0,0,0,0,0,0,0,0,0,0,0.000400120036010803,0.0433129938981694,0,0.00450135040512154,0,0.00140042012603781,0.00140042012603781,0.00530159047714314,0,0.000100030009002701,0,0,0.0417125137541262,0,0,0,0,0.000100030009002701,0.00310093027908373,0,0.0241072321696509,0,0,0,0.00130039011703511,0.0978293488046414,0,0,0,0,0.00230069020706212,0,0,0,0.000300090027008102,0,0,0,0,0,0.000400120036010803,0,0.000200060018005402,0,0.00250075022506752,0,0.000300090027008102,0.000100030009002701,0.000100030009002701,0,0.00350105031509453,0.000200060018005402,0,0.010703210963289,0,0,0,0,0,0,0,0,0,0.00180054016204861,0,0,0.000100030009002701,0,0,0.000800240072021606,0,0.00550165049514854,0.00930279083725117,0,0,0,0.000500150045013504,0.00180054016204861,0.000500150045013504,0,0,0,0,0,0,0.0138041412423727,0,0,0,0,0,0,0.000100030009002701,0,0,0,0,0.00240072021606482,0,0.000600180054016205,0.000500150045013504,0.00510153045913774,0,0,0,0,0,0.000300090027008102,0,0,0.0104031209362809,0,0,0.0144043212963889,0.00160048014404321,0,0,0,0.000900270081024307,0,0,0,0.00950285085525658,0,0.0166049814944483,0,0,0.0504151245373612,0,0,0,0,0,0,0,0,0,0,0,0,0,0,0,0,0,0,0.00120036010803241,0,0.000500150045013504,0.000600180054016205,0.000300090027008102,0,0,0,0,0,0,0.000900270081024307,0.000100030009002701,0,0.00360108032409723,0,0.00130039011703511,0.00570171051315395,0.00180054016204861,0,0.0460138041412424,0,0.000900270081024307,0,0,0,0,0.222066619985996,0,0,0.0139041712513754,0,0,0.000100030009002701,0.000500150045013504,0,0,0.00110033009902971,0,0,0,0.000300090027008102,0.0172051615484645,0,0.000600180054016205,0,0,0.00980294088226468,0
0,0,0,0,9.98801438274071e-05,0.000299640431482221,0.00229724330803036,0.0013983220135837,0.0103875349580503,0,0,9.98801438274071e-05,0,0.00159808230123851,0.00858969236915701,0,0,9.98801438274071e-05,0.000499400719137036,0,0.00409508589692369,0.00309628445864962,9.98801438274071e-05,0,0,0.139732321214543,9.98801438274071e-05,0,0.00129844186975629,0,0.00619256891729924,0.0216739912105473,0,0.00719137035557331,0,0,0,0.022073511785857,0,0,0,0,0,0.00069916100679185,0,0.0101877746703955,0.000199760287654814,0,0,0,0.00119856172592889,0,0,0,0.000898921294446664,0,0,0,0,0,9.98801438274071e-05,0.00749101078705553,0,0.00189772273272074,0,0,0.00449460647223332,0,0,0.0108869356771874,0.00169796244506592,0.000299640431482221,0,0.00239712345185777,0,0.0410507391130643,0,0,0,0.00739113064322813,9.98801438274071e-05,0,0,0,0.00439472632840591,0,0.00479424690371554,0,0,0.00858969236915701,0,0.000299640431482221,0.0180783060327607,0.00179784258889333,0,0,0,0,0.000499400719137036,0,0,0,0,0.00459448661606073,0.000599280862964443,0,9.98801438274071e-05,0.0218737514982022,0,0,0,9.98801438274071e-05,0,0.000499400719137036,0,0.000199760287654814,0.00169796244506592,0,0,0.00069916100679185,0.00379544546544147,0,0,0,0.0196763883339992,0,0,0,9.98801438274071e-05,0.00459448661606073,0.011286456252497,0.00359568517778666,0,0,0,0,9.98801438274071e-05,0,0,0,0,0.000199760287654814,0,0,0.000199760287654814,0,0.00179784258889333,0.00069916100679185,0.00239712345185777,0,0.00629244906112665,0.00119856172592889,0,0.00269676388333999,0.00269676388333999,0,0,0,9.98801438274071e-05,9.98801438274071e-05,0,0.00249700359568518,0,0.00409508589692369,0,0,0,0,0,0.00069916100679185,0,0,0.165601278465841,0,0,0,0.00119856172592889,0.000299640431482221,0.00669196963643628,9.98801438274071e-05,0,0,9.98801438274071e-05,0.00069916100679185,0,0,0,9.98801438274071e-05,0.000199760287654814,9.98801438274071e-05,0,0.0041949660407511,0,0,0.000599280862964443,0,0.00189772273272074,0.00649220934878146,0,0,0,0,0,0,0,0,0,0,0,0,0,0,0,0,0.00179784258889333,0,9.98801438274071e-05,9.98801438274071e-05,0,0.00209748302037555,0.0027966440271674,0.0150819017179385,0.000499400719137036,0,0.000199760287654814,0,0,0,0,0.00109868158210148,0.00349580503395925,0,0.000599280862964443,0.0751098681582101,0,0,0.000299640431482221,0,0,0,0,0,0.000299640431482221,0,0,0,0,0,0,0.000399520575309628,0.0183779464642429,0.000199760287654814,0.000799041150619257,9.98801438274071e-05,0.000599280862964443,0,0,0.000199760287654814,0.00069916100679185,0,0,0,0.000399520575309628,9.98801438274071e-05,9.98801438274071e-05,0,0,0,0.013983220135837,0.00809029165001998,0.000399520575309628,0.0055932880543348,0.00589292848581702,0,0,0,0,0.00069916100679185,0.000399520575309628,0.0132840591290451,0,0.107271274470635,0.0196763883339992,0,0,0,0,0,0,0.00169796244506592,0,0.000898921294446664,9.98801438274071e-05,0,9.98801438274071e-05,0,0.000499400719137036,0,9.98801438274071e-05,0.0471434278865362,0.000799041150619257
1e-04,2e-04,0,0,0,0,0.0062,0.0022,0,0,3e-04,1e-04,0,0,5e-04,0,0.0019,0,3e-04,0,0,0.0088,0,0,0,0,0,0,7e-04,2e-04,0.0025,0,0,0.0068,0,0,2e-04,0.0158,0,0,0,0,0,0,0,0,0,0.0013,0,0,8e-04,0,0,3e-04,0.0141,1e-04,1e-04,2e-04,0,0.0176,2e-04,0,1e-04,1e-04,0,0,0,0,0.0233,0,8e-04,0,0,0,0,0,3e-04,0,0,0.0032,0,7e-04,0.0054,0,0.0062,1e-04,0,0,0,0.0069,0,9e-04,0.0034,0,0,0,0,0,0,0,0,1e-04,0,0,0.0013,0,0,0.0155,0,0,0,0.0017,0,0,0,4e-04,0,0,0,0.0019,0.0044,0,0,0,5e-04,0,0,0,1e-04,0,0.1565,0,0,0,0.0146,0,1e-04,0,0,0,0,4e-04,0,6e-04,0,0,0,0,0.003,1e-04,0,0,0,0,0,0,3e-04,0,0,0.001,0,0.003,0,0,0,0,0,0.0033,0,0.0145,0,3e-04,0,7e-04,0.0107,0,0.0193,0.0015,2e-04,0,0,0,0,0,1e-04,1e-04,1e-04,9e-04,0,0,0,0.0238,2e-04,0,0.0046,3e-04,0.0021,0.008,0,0,0,0.0025,0,1e-04,0,0,0,0,0,0,0,0,0,4e-04,0,0.005,0.006,0.0153,0.0129,0,0.0049,0,0.0298,0,0.0032,0,0.0036,0,0,0.0129,0,0,7e-04,0.003,0,0,3e-04,0,0,1e-04,0,0,0.0542,0,0,0,0,0,0,0,0,0,0.0021,1e-04,6e-04,1e-04,0,0,2e-04,0,4e-04,0,0,2e-04,0,0,0,0,9e-04,0.0077,0.0408,0,0,0,0,0,0,0,1e-04,0.3244,0,0,0.0092,0,0,0,0,0,0.0034,0.0056,0,0,0,0,9e-04,0,5e-04,0,0,0.0188,0
0,0,0,0,0,0,0,0,0,0,0.0002999700029997,0,0,0,0.0357964203579642,0,0.0003999600039996,0,0,0,0,0.0010998900109989,0,0.0007999200079992,0,0.20997900209979,0,0,0.0094990500949905,0.0142985701429857,0.0022997700229977,0,0,0.0010998900109989,0,0,0.0066993300669933,0.0006999300069993,0,0,0,0,0,0,0,0,0,0,0,0,0,0,0,0,0,9.99900009999e-05,0,0,0,0,0,0,0,0,0,0,0.0090990900909909,0,0,0,0,0,0,0.0006999300069993,0,0,0,0,0,0,0,0,0.0097990200979902,0,0,0.0022997700229977,9.99900009999e-05,0,0,0.0023997600239976,0,0,0,0,0,0,0,0,0,0,0,0,0,0,9.99900009999e-05,0.0001999800019998,0.0004999500049995,0.0887911208879112,0,0,0,0,0.0128987101289871,0,0,0,0,0,0.0054994500549945,0.0002999700029997,0,0,0,0.0016998300169983,0.0041995800419958,0,0,0,0,0,9.99900009999e-05,9.99900009999e-05,0,0,0,0,0.0554944505549445,0,0,0,0.137486251374863,0,0,0,0,0,0.0026997300269973,0,0,0,0,0,0,0,0,0,0,0,0,0,0,0,0,0,0,0,0,0,0,0,0,0,0,0,0,0,0,0,0,0,0,9.99900009999e-05,0,0,0,0,0,0,0,0,0,0,9.99900009999e-05,0,0.0012998700129987,0,0,0,0,0,0,0,0,0.0200979902009799,0,0.0031996800319968,0.0016998300169983,0,0,0.015998400159984,0,0,0,0,9.99900009999e-05,0,0,0.0155984401559844,0.0078992100789921,0,0,0,0,0.0146985301469853,0,0,0,0,0,0,0,9.99900009999e-05,0,0.0206979302069793,0,0,0,0,0,0.0030996900309969,0,0.0073992600739926,0,0,0,0,0,0,0,0,0,0,0.0004999500049995,0,0,0.0130986901309869,0,0,0,0.0001999800019998,0,0,0,0.0008999100089991,0,0,0,0,0,0.0020997900209979,0,0,0.0308969103089691,0,0.0031996800319968,0,0,0,0,0.179182081791821,0,0,0.0007999200079992,0,0,0,0,0,0,0.0008999100089991,0,0,0,0,0.023997600239976,0,0.0085991400859914,0,0,0.005999400059994,0
0,0,0,0,0,0,0.00419078028337657,0.00129714627818799,0,0,0,0,0,0.018559169826382,0.0023947315905009,9.97804829375374e-05,0,0.000199560965875075,0,0,0.000199560965875075,0.000898024346437837,0,9.97804829375374e-05,0,0.141289163839553,0,0,0.000199560965875075,0.000498902414687687,0.0255438036320096,0.000299341448812612,0,0.000598682897625224,0,0,0.0418080223508282,0.00758331670325284,0,0.00039912193175015,0,0,0,0.00199560965875075,0,0.0338255837158252,0,0,0,0,0.00109758531231291,0,0,0,0.00369187786868888,9.97804829375374e-05,0,0,0,0.0123727798842546,9.97804829375374e-05,9.97804829375374e-05,0,9.97804829375374e-05,0,0,0.00818199960087807,0,0,0.00199560965875075,0.000898024346437837,9.97804829375374e-05,0,0.00039912193175015,0,0,0,0,0,0.00778287766912792,0,9.97804829375374e-05,0.000299341448812612,0,0.00269407303931351,9.97804829375374e-05,0,0,0,9.97804829375374e-05,0.205248453402514,0.00548792656156456,9.97804829375374e-05,0,0,0,0,0,9.97804829375374e-05,0,0,0,0,0,9.97804829375374e-05,0,0.0130712432648174,0.00528836559568948,0,0,0,0,0.000199560965875075,0.00528836559568948,0,0,0,0,0.000498902414687687,0,0,0,0,9.97804829375374e-05,0.000698463380562762,0,0,0,0,0,0.000199560965875075,0.00289363400518859,0,0,0,0,9.97804829375374e-05,0,0,0,0.000199560965875075,0,0,0,0,0,0.000798243863500299,0,9.97804829375374e-05,9.97804829375374e-05,9.97804829375374e-05,0,0,0.000997804829375374,0,0,0,0,0,0.000798243863500299,0,9.97804829375374e-05,0,0.22530433047296,0,0,9.97804829375374e-05,0,9.97804829375374e-05,0,9.97804829375374e-05,0,9.97804829375374e-05,0,0,0,0.000299341448812612,0.000299341448812612,0.0288365595689483,9.97804829375374e-05,0,0,0,9.97804829375374e-05,9.97804829375374e-05,0,0,0,0,0,0,0.00878068249850329,0,0,0,0,0,9.97804829375374e-05,0,0.0205547794851327,0,0,0,0,0,0.00109758531231291,0.00039912193175015,0,0.000199560965875075,9.97804829375374e-05,0,0,0,0,0.000798243863500299,9.97804829375374e-05,0.00818199960087807,0,0.00119736579525045,9.97804829375374e-05,0.00269407303931351,0.00169626820993814,0,0,0,0.000299341448812612,0,0,0.00249451207343844,0,0.00778287766912792,9.97804829375374e-05,9.97804829375374e-05,0.0112751945719417,0,0,0.000199560965875075,0,0,9.97804829375374e-05,0,0,0,0,9.97804829375374e-05,9.97804829375374e-05,0,0,9.97804829375374e-05,0,0,9.97804829375374e-05,0,0,0.000698463380562762,0.000798243863500299,9.97804829375374e-05,9.97804829375374e-05,0.000498902414687687,0,9.97804829375374e-05,0,9.97804829375374e-05,9.97804829375374e-05,9.97804829375374e-05,0,9.97804829375374e-05,0,0.0104769507084414,9.97804829375374e-05,0,0,0.0031929754540012,0,0,0,0.000299341448812612,9.97804829375374e-05,0.000199560965875075,0.0691478746757134,0,9.97804829375374e-05,0.00917980443025344,0,0,0.00838156056675314,0,0,0.00139692676112552,0.00039912193175015,0,0,0,0.00149670724406306,0.000498902414687687,0,9.97804829375374e-05,0,0,0.00329275593693873,0
0,0,0,0,0,0,0.000699860027994401,0,9.99800039992002e-05,0,0,0,0,0,0,0,0.001999600079984,0.0001999600079984,0,0,0.000499900019996001,0.00919816036792642,0,0,0,0,0,0,0.000699860027994401,0,0.000699860027994401,0,0,0.0317936412717457,0.0131973605278944,0,9.99800039992002e-05,0,0,0,0,0,0,0,9.99800039992002e-05,0,0,9.99800039992002e-05,0.0030993801239752,0,0,0,9.99800039992002e-05,0,0,0,0,0.0002999400119976,0,0.0166966606678664,0,0,0,0,0,0.00849830033993201,0.0682863427314537,0,0,0,0,0,0,0,0.0001999600079984,0,0,0,0,0,0,0.000399920015996801,0.0012997400519896,0,0,0.00369926014797041,0,0.0030993801239752,0,0.0028994201159768,0,0,0.0017996400719856,0,0,0.0016996600679864,0,0,0,0,0,0,0,0,0,0.0021995600879824,0,0.0663867226554689,0,0,0,0,0,0,0,0.0022995400919816,0,9.99800039992002e-05,0.00459908018396321,0,0,0,0,0,0.000499900019996001,0.0001999600079984,0,0,0.000399920015996801,0,0.0141971605678864,9.99800039992002e-05,0,0.0162967406518696,0.000399920015996801,0,9.99800039992002e-05,0,0,0,0.000699860027994401,0.0001999600079984,0,9.99800039992002e-05,0,0,0,0,0.0030993801239752,0.000399920015996801,0,0,0.0002999400119976,0,0,0,0.00649870025994801,0,0,0,0,0.011997600479904,0,0,0,0,0,0.000599880023995201,0.0016996600679864,0,0,0.0012997400519896,0.00519896020795841,0,0,0,0.00799840031993601,0,0.00849830033993201,0,9.99800039992002e-05,0,0,0,0.000899820035992801,0,0,0.000799840031993601,0.00449910017996401,0,0.0010997800439912,0.0023995200959808,0,0,0,0,0,0.00949810037992401,0,0,0,0.000799840031993601,0,0,0,0,0,0,0,0,0.018496300739852,0.00439912017596481,0,0,0.001499700059988,0.00489902019596081,0,0,0.001999600079984,0,9.99800039992002e-05,0,0,0.000699860027994401,0,0,0,0,0,0.001499700059988,0.0002999400119976,0,0,0.108578284343131,0,0,0,0,0.001999600079984,0,0,0,0.0135972805438912,0.0015996800639872,0,0,0.0020995800839832,0,0.001999600079984,0,0,0.000399920015996801,0,0,0,0.000899820035992801,0.0010997800439912,0,0,0,0.000399920015996801,0.000799840031993601,0,0,0,0,0,0,0,0.011497700459908,0,0,0.0122975404919016,0,0.000999800039992002,0,0,0,0.000399920015996801,0.424815036992601,0,0,0.0125974805038992,0,0,0,0,0,0.000499900019996001,0.0010997800439912,0.00869826034793041,0,0,0,0,0,0,0.000799840031993601,0,0.010997800439912,0
0,0,0,0,0,0,0.00409918016396721,0,0,0,0,0,0,0,0.001499700059988,0,0.0028994201159768,0,0,0,0,0,0,0.000699860027994401,0,0.00339932013597281,0,0,0.0110977804439112,0.000399920015996801,0,0,0,0,0,0,0.00629874025194961,0.0227954409118176,0,0.0002999400119976,0,0,0,0,0,0,0,0,0,0,0,0,0,0,0,0,0,0,0,0,0,0,9.99800039992002e-05,0,0,0,0,0,0,0,0,0,0,0,0,0,0,0,0,0,0,0,0.00859828034393121,0,0,0,0,0.0031993601279744,0,0,0,0.0026994601079784,0.000499900019996001,0,0,0.0002999400119976,0,0,0,0,0,9.99800039992002e-05,0,0,0,0,0,0.0171965606878624,0,0.00449910017996401,0,0,0,0,0,0.0025994801039792,0.00499900019996001,0,0.0160967806438712,0,0,0,0,0,0.0026994601079784,0,0,0,0,0,0.166866626674665,0.0288942211557688,0,0,0,0,9.99800039992002e-05,0,0,0,0.00369926014797041,0.0002999400119976,0,0,0,0,0.012997400519896,0,0.0031993601279744,0,0,0,0.00449910017996401,0,0,0,0,0,0,0,0,0,0,0,0,0.0554889022195561,0,0,0,0,0,0.010997800439912,9.99800039992002e-05,0,0,0,0,0,0,0,0,0,0,0,0.000599880023995201,0,0,0,0,9.99800039992002e-05,0,0.00419916016796641,0,0,0,0,0.000999800039992002,0,0,0.0301939612077584,0,0,0,0,9.99800039992002e-05,0.0382923415316937,0.0126974605078984,0,0.000399920015996801,0,0.022995400919816,0,0,0,0,0,0,0,0.020995800839832,0,0.00739852029594081,0,0,0,0,0,0,0,0,0,0,0,0,0.0202959408118376,0.0017996400719856,0,0,0,0,0,0,0,0.0295940811837632,0,0.000499900019996001,0,0,0,0,0,0,0,0,0,0,0.0016996600679864,0.001499700059988,0,0,0,0,0,0,0.0010997800439912,0,0,0,0,0.0397920415916817,0.00389922015596881,0,0,0.0512897420515897,0.0001999600079984,0,0,0,0,0,0.247850429914017,0.000599880023995201,0,0.0470905818836233,0,0,0,0,0.000799840031993601,0,0,0,0,0,0,0,0,0.0016996600679864,0,0,0.00709858028394321,0
0,9.99800039992002e-05,0,0,0,0,0,0,0,0,0,0,0,0,0.000899820035992801,0,0,0,0,0,0,0.0011997600479904,0,0.0001999600079984,0,9.99800039992002e-05,0,0,0.0010997800439912,0,0.0448910217956409,0,0.0001999600079984,0,0,0,0.0001999600079984,0.0245950809838032,0,0,0,0,0,0.0015996800639872,0,0.0017996400719856,0,0,0,0,0,0,0,0,0,9.99800039992002e-05,0,9.99800039992002e-05,0,0,0,0,0,0,0,9.99800039992002e-05,0.00489902019596081,0,0,0,0.00449910017996401,0,0,0,0,0,0,0,0,0.0275944811037792,0,0.000799840031993601,0.0624875024995001,0,0,0.0001999600079984,0.000399920015996801,0,0,0,0,0,0,0,0,0,9.99800039992002e-05,0,0.00909818036392721,0,0,0,0,0.0001999600079984,0.0001999600079984,0,0.0140971805638872,0.0280943811237752,0,0.00869826034793041,0.0001999600079984,0,0,0,0,0,0,0.0002999400119976,0.0002999400119976,0,0,0,0,0,0,0,0,0,0,0,0.00469906018796241,0.0176964607078584,0,0,0,0,0,0,0,9.99800039992002e-05,0,0,0,0,0,0,0.000399920015996801,0,0,0,0.000499900019996001,0,0,0,0,0,0,0,0.00669866026794641,0.00689862027594481,0,0,0,0.491901619676065,0,0,0,0,0,0,0.0001999600079984,0,0,0,0,0,0,0,0.00719856028794241,0,0,0,0,0,0.000399920015996801,0,0,0,0,0,0,0.00499900019996001,9.99800039992002e-05,0,0.0030993801239752,0,0,0,0,0,0,0,0,0,0,0.000699860027994401,0,0,0,0.000399920015996801,0,0,0.0150969806038792,0,0,9.99800039992002e-05,0,0,9.99800039992002e-05,0,0.000699860027994401,0,0,0,0,0,0,0,0.00679864027194561,0.0021995600879824,0.00719856028794241,9.99800039992002e-05,9.99800039992002e-05,0.0187962407518496,0,0,0,0,0,0.0015996800639872,0,0,0,0,9.99800039992002e-05,0,0,9.99800039992002e-05,0,0,0,0,0,0,0,9.99800039992002e-05,9.99800039992002e-05,0,0,0.000799840031993601,0.0002999400119976,0,0,9.99800039992002e-05,0.000499900019996001,0,0,0,0,0.0634873025394921,0,0.0012997400519896,0.0470905818836233,0,0,0,0,0,0.0001999600079984,0.00479904019196161,0,0,0.0135972805438912,0,0,0,0,9.99800039992002e-05,0.021995600879824,0,0,0,0,0,0.00669866026794641,0,0.0002999400119976,0,0,0.0001999600079984,0
0,0,0,0,0,0.000199840127897682,0.000799360511590727,0,0,0,0,0,0,0,0.0221822541966427,0,0,0,0,0,0,0,0,0,0,0.166266986410871,0,0,0.000699440447641887,0.00499600319744205,0.0229816147082334,0,0,0,0,0,0.000799360511590727,0,0,9.99200639488409e-05,0,0,0,0,0,0.0187849720223821,0,0,0,0,0,0,0,0,0,0,0,0,0,0.0142885691446843,0,0,0,9.99200639488409e-05,0,0,0.0490607513988809,0,0,0,0,0,9.99200639488409e-05,0,0,0,0,0,0,0,0,0.000399680255795364,0.0141886490807354,0,0,9.99200639488409e-05,0,0,0,0,0,0.00709432454036771,0.0118904876099121,0,0,0,0,0,0,0,0,0.00119904076738609,0,0,0,0,0,0.170763389288569,0,0,0,0,0,0.000599520383693046,0,0,0,0,0.0110911270983213,0,0,0,0,0.00199840127897682,0.0101918465227818,0.000499600319744205,0,0,0,0,0,0,0,0,0,0,0,0,0,0,0,0,0,0,0,0,0,0,0,0,0.000799360511590727,0,0,0.00259792166266986,9.99200639488409e-05,0,0,0,0,0,0,0,0,0,0,0,0,0,0,0,0.000699440447641887,0,9.99200639488409e-05,0,0,0,0,0,0.00969224620303757,0.000199840127897682,0,0,0,0,0.000599520383693046,0,0,0,0,0,0,0.0123900879296563,0,0,0,0,0,0,0,0,0,0,0,0.0146882494004796,0,0,0,0,0,0.000799360511590727,0,0,0,0,0,9.99200639488409e-05,0,0,0.0154876099120703,0,0.0272781774580336,0.00139888089528377,0,0,0,0,0,0,0,0,0.00699440447641886,9.99200639488409e-05,0,0.163269384492406,0,0,0,0,0,0,0,0,0,0,0.00739408473221423,0,0,0,0,0,0,0,0,0,0,0,0,0,0,0,0,0,0,0,9.99200639488409e-05,0,0,0,0,0.000199840127897682,0,0,0.0107913669064748,0,0,0,0,0,0,0.155275779376499,0,0,0.0174860111910472,0,0,0.000599520383693046,0,0,0,0,0,0,0,9.99200639488409e-05,0,0,0.000799360511590727,0,0,0.0185851318944844,0
0,0,0,9.99200639488409e-05,0.000799360511590727,0,9.99200639488409e-05,0,0,0,0.00159872102318145,9.99200639488409e-05,0,0,0.000699440447641887,0,0,0,0,0,0,0.00239808153477218,0,9.99200639488409e-05,0,0.000499600319744205,0,0,0.00159872102318145,0,0,9.99200639488409e-05,0,0,0,0,0,0.00769384492406075,0,0,0,0,0,0,0,0.000299760191846523,0,0,0,0,0,0,0,0.000499600319744205,0,0,0,0,0,0.0111910471622702,0,0,0,0,0,0,0.000799360511590727,0,0,0,0,0,0,0.0140887290167866,0,0,0,0,0,0.0082933653077538,0,9.99200639488409e-05,0,0,0,0,0.0276778577138289,0,0.000399680255795364,0.00359712230215827,0,0.000799360511590727,0.000299760191846523,0,0,0,0,0,0.0117905675459632,0,0,0,0,0.0021982414068745,0.000399680255795364,0,0,0.0293764988009592,0,0.00799360511590727,0,0,0,0.0914268585131894,0,0,0,0.00109912070343725,0,0,0.00489608313349321,0,0,9.99200639488409e-05,0.00139888089528377,0,0,0,0,0,0.0957234212629896,0.0127897681854516,0,0,0,0,9.99200639488409e-05,0,0,0,0.000299760191846523,0,0,0,0.008792965627498,0,0,0,0.00279776179056755,0.000999200639488409,0,0,0,0,0,0,0,0,0.00969224620303757,0.00549560351718625,0,0.00689448441247002,0,0.00749400479616307,0,0,0,0,0,0,0,0.000299760191846523,0.000199840127897682,0,0,0,0.00319744204636291,0,0,0,0.00319744204636291,0,0,0,9.99200639488409e-05,0,0,0.00129896083133493,0,0,0,0.00289768185451639,0,0,0,0,0.0421662669864109,0.0102917665867306,0,0,0.0154876099120703,0,0.0107913669064748,0.00279776179056755,0,9.99200639488409e-05,0,0,0,0,0.00259792166266986,0.000199840127897682,0,0,0,0,0.00189848121502798,0,9.99200639488409e-05,0,0,0.0499600319744205,0,0,0,0,0,0,0,0.0152877697841727,0.00509592326139089,0,0,0.0118904876099121,0,0,0,0,0,0,0,0,0,0.00939248601119105,0,0.00239808153477218,0,0,0,0,0,0,0,0,0.0102917665867306,0.000199840127897682,0.000299760191846523,0,0,0.000699440447641887,0.000799360511590727,0,0,0.00229816147082334,0,0,0,0,0.00179856115107914,0.000199840127897682,0,0,0.00249800159872102,0,0,0,0,9.99200639488409e-05,9.99200639488409e-05,0.296163069544364,0,0.0385691446842526,0.000599520383693046,0,0,0,0,0,0.0114908073541167,0.000899280575539568,0,0,9.99200639488409e-05,0,0.03707034372502,0,0,0.0185851318944844,0,0,0
9.99100809271655e-05,0,9.99100809271655e-05,0,0,0,0,0.00349685283245079,0,9.99100809271655e-05,0,0,0,0,0.000199820161854331,0,0,9.99100809271655e-05,0,0,0.00719352582675592,0.00229793186132481,0,0,0.000199820161854331,0.146767908882006,9.99100809271655e-05,0,0.000299730242781497,0.000299730242781497,0.00169847137576181,0.00909181736437207,0,0.00349685283245079,0,0.00279748226596064,0.00399640323708662,0.0247777000699371,0,0,0,0,0,0.00569487461284844,0,0.000299730242781497,0,0.000399640323708662,0,0,0.000499550404635828,0,0,0,0.00159856129483465,0,0,0,0,0.0300729343590768,0,0,0,0,0,9.99100809271655e-05,0.0153861524627835,0,0,0,0.0178839044859626,0,0,0,0,0,0,0,0,0.00239784194225197,0.000199820161854331,0.00089919072834449,0.000299730242781497,0,0.00199820161854331,0.000199820161854331,0,0,0,0.00339694275152363,0.00349685283245079,0,0,0.00199820161854331,0.00629433509841143,0,0,0,0.000699370566490159,0,0.000199820161854331,0.012089119792187,0,9.99100809271655e-05,9.99100809271655e-05,9.99100809271655e-05,0.0191827355380158,0.0900189829153762,0,0.00439604356079528,0,0,0,0.0175841742431811,0.000399640323708662,0,0,0,0.0260765311219902,0,0,0.00359676291337796,0,0,0.00369667299430513,0.0653411929263663,0,0,0,0.0110900189829154,0.000599460485562993,0.00649415526026576,0,0,0,0,0.00089919072834449,0,0,0,0.000299730242781497,0,0,0,0,0,0.000499550404635828,0.000399640323708662,0,0,0.0031971225896693,0.00679388550304726,0,0.000399640323708662,9.99100809271655e-05,0,0,0,0.000999100809271655,0.00199820161854331,0,0,0.000399640323708662,0.000199820161854331,0,0,0.000399640323708662,0,9.99100809271655e-05,0,0.000299730242781497,0,0,0,0,0,0,0.0172844440003996,0.0121890298731142,0.000299730242781497,0,0,0,9.99100809271655e-05,0.00109901089019882,0,0,0,0.000299730242781497,0,0,0.00879208712159057,9.99100809271655e-05,0,0.0255769807173544,0,0,0.000199820161854331,0,0,0,0,0,0.0236786891797382,0,0.000999100809271655,9.99100809271655e-05,0,0,0,0,0,0.000399640323708662,0,0,9.99100809271655e-05,9.99100809271655e-05,0.0154860625437107,0,0.00169847137576181,0,0.0121890298731142,0.00149865121390748,0.000299730242781497,0,0,0.000599460485562993,0,0.00719352582675592,0.0028973923468878,0.0170846238385453,0,0,0.0115895693875512,0,9.99100809271655e-05,0.000299730242781497,0,0,9.99100809271655e-05,0,0,0.00599460485562993,0,0,0,0,0,9.99100809271655e-05,0.00119892097112599,0.0149865121390748,0.000199820161854331,0.00239784194225197,0,0.00189829153761615,0.000499550404635828,0.0025976621041063,0,0.000299730242781497,0.000199820161854331,0.000199820161854331,0.00249775202317914,0.00399640323708662,9.99100809271655e-05,0.000399640323708662,0,0,0.00479568388450395,0.00599460485562993,0.000199820161854331,0,0.00089919072834449,0.0270756319312619,0,0,0,0,0.000699370566490159,0.000299730242781497,0.112598661204916,0,0,0.0281746428214607,0,0,0.00329703267059646,0,0,0.00129883105205315,0.00159856129483465,0.00589469477470277,0,0,0,0.00299730242781497,0,0.00089919072834449,0.0165850734339095,0,0.00769307623139175,9.99100809271655e-05
0,0,0,0,0,0,0.0002000200020002,0,0,0,0,0,0,0,0.0001000100010001,0,0.0001000100010001,0,0,0,0,0.0006000600060006,0,0.0001000100010001,0,0.163316331633163,0,0,0.0001000100010001,0.0089008900890089,0.0865086508650865,0,0,0,0,0,0.0003000300030003,0.0003000300030003,0.0001000100010001,0,0,0,0,0.0095009500950095,0,0.0298029802980298,0,0.001000100010001,0,0,0,0,0,0,0.0023002300230023,0,0,0,0,0,0,0,0,0,0,0,0.0256025602560256,0,0.0003000300030003,0,0.011001100110011,0,0,0,0,0,0,0,0,0.0169016901690169,0,0,0.0222022202220222,0,0.0041004100410041,0.0001000100010001,0,0,0,0,0,0.0001000100010001,0,0,0,0,0,0,0.0097009700970097,0,0,0,0,0,0.0005000500050005,0,0,0.0305030503050305,0,0,0.0002000200020002,0,0,0.0077007700770077,0,0,0,0,0.0471047104710471,0,0,0,0,0.0001000100010001,0.0066006600660066,0,0.0001000100010001,0,0.0009000900090009,0,0.006000600060006,0.132413241324132,0,0,0,0.0017001700170017,0.0001000100010001,0.0001000100010001,0,0,0.0024002400240024,0,0,0,0,0,0,0.0002000200020002,0,0.0026002600260026,0.0046004600460046,0,0,0,0,0,0,0,0,0.0152015201520152,0,0,0,0.104610461046105,0,0.0002000200020002,0.0001000100010001,0,0,0.0001000100010001,0.0014001400140014,0,0,0,0,0,0,0.0043004300430043,0,0.0001000100010001,0,0,0,0,0,0,0,0,0,0,0,0.0103010301030103,0,0,0.0001000100010001,0,0,0.0003000300030003,0,0.0001000100010001,0,0,0,0,0,0.0021002100210021,0.0009000900090009,0,0.0001000100010001,0.0001000100010001,0.0011001100110011,0,0,0,0,0.0001000100010001,0.0052005200520052,0,0.0026002600260026,0,0,0,0,0,0,0,0,0,0.0069006900690069,0,0.0138013801380138,0,0,0.0006000600060006,0,0,0.0009000900090009,0,0,0.0002000200020002,0,0.0001000100010001,0,0,0.0007000700070007,0,0,0,0.0004000400040004,0,0,0.0006000600060006,0.0003000300030003,0,0.0015001500150015,0.0001000100010001,0.0048004800480048,0,0,0.0536053605360536,0.0003000300030003,0,0,0.0004000400040004,0,0,0,0,0,0,0,0,0.009000900090009,0,0,0,0,0,0,0.0443044304430443,0.0001000100010001,0.0046004600460046,0.037003700370037,0,0,0,0,0,0,0.005000500050005,0,0,0,0,0.0066006600660066,0,0.0001000100010001,0,0,0.022002200220022,0
0,0,0,0,0,0,0,0.00510102020404081,0.0408081616323265,0,0.000500100020004001,0,0,0.0212042408481696,0,0,0,0,0,0,0.00680136027205441,0.02000400080016,0,0,0,0,0.000600120024004801,0,0.0151030206041208,0,0.00570114022804561,0,0.0011002200440088,0.00330066013202641,0,0.00820164032806561,0,0,0,0,0,0,0,0,0,0,0,0,0,0,0,0,0,0,0,0,0,0.0014002800560112,0,0.0278055611122224,0,0.0017003400680136,0.0003000600120024,0,0.0003000600120024,0,0.0741148229645929,0,0.000800160032006401,0.0282056411282256,0.00870174034806961,0,0,0.0017003400680136,0,0,0,0,0,0.0769153830766153,0,0.0003000600120024,0,0,0,0.0012002400480096,0,0,0,0.000500100020004001,0.001000200040008,0.0106021204240848,0,0,0,0,0,0,0.00650130026005201,0,0.00710142028405681,0,0,0.00480096019203841,0,0,0,0,0,0,0,0.00370074014802961,0,0.0021004200840168,0,0,0,0.000500100020004001,0.0153030606121224,0,0,0,0.00660132026405281,0,0.0376075215043009,0,0.00790158031606321,0,0,0,0,0.00770154030806161,0,0,0.0003000600120024,0.001000200040008,0.00680136027205441,0,0,0,0.00420084016803361,0,0,0.0001000200040008,0,0,0.0266053210642128,0,0,0,0.00450090018003601,0,0,0,0.0002000400080016,0,0,0,0.0901180236047209,0,0,0,0,0,0,0,0,0,0,0,0,0,0.0002000400080016,0.000700140028005601,0,0,0,0.0022004400880176,0.0405081016203241,0.0003000600120024,0,0,0,0,0,0.0023004600920184,0,0,0,0,0,0.00490098019603921,0,0,0,0,0,0.0001000200040008,0,0,0,0,0,0.0264052810562112,0.0001000200040008,0,0,0,0,0,0,0,0,0,0.0152030406081216,0.0001000200040008,0.0152030406081216,0.0121024204840968,0,0.0017003400680136,0.0001000200040008,0,0,0.00250050010002,0,0,0,0,0.0274054810962192,0,0.0508101620324065,0,0,0.0233046609321864,0,0,0,0,0,0.00810162032406481,0,0,0.0271054210842168,0.000600120024004801,0,0,0,0,0,0,0.0001000200040008,0,0,0,0.000900180036007201,0,0.00480096019203841,0,0,0,0,0.0013002600520104,0,0.00500100020004001,0,0,0,0,0.00450090018003601,0.0253050610122024,0,0,0,0.00360072014402881,0,0,0,0.000900180036007201,0,0.0628125625125025,0,0,0,0,0,0,0,0,0.000900180036007201,0,0.02750550110022,0,0,0,0.0001000200040008,0.0027005401080216,0,0,0,0,0
0,0,0,0,0,0,9.99800039992002e-05,0,0,0,0,0,0,0,0.0010997800439912,9.99800039992002e-05,0,0,0,0,0,0.0011997600479904,0,9.99800039992002e-05,0,0.211957608478304,0,0,0.000699860027994401,0.0031993601279744,0.0434913017396521,0,0,0.0148970205958808,0,0,0.000599880023995201,0.00809838032393521,0,0,0,0,0,0.00349930013997201,0,0.00699860027994401,0,9.99800039992002e-05,0,0,0,0,0,0,0,0,0,0,0,0.0210957808438312,0,0,0,0.00509898020395921,0,0,0.00769846030793841,0,0,0,0.00349930013997201,0,0,0.00899820035992801,0,0,0,0,0,0.0130973805238952,0,0,0.0295940811837632,0,0,0,0.00999800039992002,0,0,0.0026994601079784,0,0.00449910017996401,0.0002999400119976,0,0,0,0,0,0.0025994801039792,0,0,0,0,0,0,0,0,0.0830833833233353,0,0.0001999600079984,0,0,0,0.0510897820435913,0.0002999400119976,0,0,0,0.0202959408118376,0,0,0,0,9.99800039992002e-05,0.00489902019596081,0,0,0,0,0,0.0227954409118176,0,0,0,0,0,0.0002999400119976,0,0,0,0.0001999600079984,9.99800039992002e-05,0,0,9.99800039992002e-05,0,0.00379924015196961,0,0.00359928014397121,0,0,0,0,0.001499700059988,9.99800039992002e-05,0,0,0,0.000599880023995201,0.0027994401119776,0.0023995200959808,0.00699860027994401,0,9.99800039992002e-05,0,0,0,0.000799840031993601,0,0,0,0.00399920015996801,0.00719856028794241,0,0,0,0.0026994601079784,0.0110977804439112,0.0304939012197561,0.0002999400119976,0,0,0,0,0.0012997400519896,0,0,0.0002999400119976,0,0,0,0.00499900019996001,0.0001999600079984,0,0,0,0.0016996600679864,0.00649870025994801,0,0,0,0,0,0,0,0,0,0,0,0,0,0,0,0,0,0,0.012997400519896,0.000599880023995201,0.0027994401119776,0,0.00459908018396321,0.0301939612077584,0,0,0,0,0,0,0.0150969806038792,0.0021995600879824,0.0152969406118776,0,0,0.0235952809438112,0,0,0,0,0,0.000599880023995201,0,0,0.0002999400119976,0,0,0,0,0,0,0,0,0.000399920015996801,0,0,0.00329934013197361,0.000999800039992002,0.0001999600079984,0,0,0.0015996800639872,0.000999800039992002,0,0,9.99800039992002e-05,0,9.99800039992002e-05,0,0,0,0.00869826034793041,0,0.00359928014397121,0.0013997200559888,0,9.99800039992002e-05,0,0,0,0.0017996400719856,0.117676464707059,0,0,0.0312937412517496,0,0.0001999600079984,0.0218956208758248,0,9.99800039992002e-05,0.000799840031993601,0,0,0,0,0,0.0018996200759848,0,0.0011997600479904,0.00489902019596081,0,0.00619876024795041,0
0,0,0,0,0,0,9.99500249875062e-05,0.00119940029985007,0,0,0,0,0,0,0,0,0,0,0,0,0.000299850074962519,0.00199900049975012,0,9.99500249875062e-05,0,0.127636181909045,9.99500249875062e-05,0,9.99500249875062e-05,0,0.0212893553223388,0,0,0.0047976011994003,0,0,0.000399800099950025,9.99500249875062e-05,0,0,0,0,0,9.99500249875062e-05,0,0.0262868565717141,0,9.99500249875062e-05,0,0,0,0,0,0,0.00249875062468766,0,0,0,0,0.00589705147426287,0,0.000699650174912544,0,0,0,0,0.0134932533733133,0,0,0.015792103948026,0.00129935032483758,0,9.99500249875062e-05,0.000899550224887556,0,0,0,0,0,0.00669665167416292,0.000199900049975012,0,0.0275862068965517,0,0.00599700149925037,9.99500249875062e-05,0,0,0,0.000699650174912544,0,0,9.99500249875062e-05,0,0,0,0,0,0.000599700149925037,0,0,0.00189905047476262,0,0,0.00179910044977511,0,0,0.110444777611194,0,0,0,0,0,0.00199900049975012,0.000599700149925037,9.99500249875062e-05,0,0,0.0109945027486257,0.000199900049975012,0.00389805097451274,0,0,0.000499750124937531,0.00329835082458771,0.00229885057471264,0,0,9.99500249875062e-05,0,0.0118940529735132,0.00209895052473763,0,0,0,0,9.99500249875062e-05,0,0,0,9.99500249875062e-05,9.99500249875062e-05,0,0,0,0,0.000199900049975012,0,0.00129935032483758,0,0,0.000399800099950025,0,0,0,0,0,0,0,0.000899550224887556,0,0.00599700149925037,0.000399800099950025,0.0486756621689155,0,0,0,0,0,0,0.000299850074962519,0,0.000199900049975012,0,0,0,0.00459770114942529,0.00889555222388806,0.0063968015992004,0,0,0.00589705147426287,0.000899550224887556,0.000499750124937531,9.99500249875062e-05,0,0,0,0,0.00129935032483758,0,0.000999500249875062,0,0.00179910044977511,0,0,0.00229885057471264,0,9.99500249875062e-05,0.0133933033483258,0,0.000999500249875062,0,0.0202898550724638,0,0,0,0,0,0,0.00489755122438781,0,0,0,0.000199900049975012,0.00289855072463768,0.00169915042478761,0,9.99500249875062e-05,0.00169915042478761,0.00519740129935032,0.0291854072963518,9.99500249875062e-05,0,0,0.000999500249875062,0,0,0.00509745127436282,0.00849575212393803,0.00349825087456272,9.99500249875062e-05,0,0.00139930034982509,0,0,0,0,0,0.000199900049975012,0.00859570214892554,0,0.00629685157421289,0.00109945027486257,0,0,0,0,0.000599700149925037,0,0,9.99500249875062e-05,0,0,0.000199900049975012,0,0.000199900049975012,0,0.000399800099950025,0,0.000299850074962519,0,0,9.99500249875062e-05,0.0015992003998001,0,0.00149925037481259,0,0,9.99500249875062e-05,0,0.00109945027486257,0.0393803098450775,0,0,0,0,0,0,0.293753123438281,0,0,0.0221889055472264,0,0,0.0015992003998001,0.00209895052473763,0,0,0.000299850074962519,0.00399800099950025,0,0,0,9.99500249875062e-05,0,0.000299850074962519,0,0,0.00179910044977511,0
0,0,0,0,0,0,0.000500100020004001,0,0,0,0,0,0.0001000200040008,0.00510102020404081,0.0031006201240248,0,0,0,0,0,0.000800160032006401,0.0018003600720144,0,0,0,0.260852170434087,0,0,0.0183036607321464,0,0,0,0,0.00580116023204641,0,0,0.0013002600520104,0,0,0,0.0011002200440088,0,0,0.001000200040008,0,0.0002000400080016,0,0.0003000600120024,0,0,0,0,0,0,0,0,0,0.0002000400080016,0,0.000700140028005601,0,0.000900180036007201,0.000700140028005601,0,0,0.00440088017603521,0,0,0,0,0,0,0,0.001500300060012,0,0,0,0,0,0.000600120024004801,0,0,0.000400080016003201,0,0.000900180036007201,0.0024004800960192,0,0,0,0.0028005601120224,0,0,0,0,0,0,0.0002000400080016,0,0.0002000400080016,0,0,0,0,0,0.0001000200040008,0,0,0.0587117423484697,0,0,0,0,0,0.00660132026405281,0,0.0021004200840168,0,0.0024004800960192,0.0026005201040208,0,0,0,0,0,0.0207041408281656,0,0,0,0,0,0,0.0001000200040008,0,0.0012002400480096,0,0,0.0405081016203241,0,0,0,0.001000200040008,0,0,0,0,0,0,0,0,0,0,0.0012002400480096,0,0,0,0,0,0,0,0.0027005401080216,0,0,0,0.0002000400080016,0,0,0,0,0,0,0,0,0,0,0,0,0,0.00660132026405281,0,0,0,0,0,0,0.0001000200040008,0,0,0,0,0,0,0.0026005201040208,0.0159031806361272,0,0,0,0,0.0002000400080016,0,0,0,0,0,0,0,0.00320064012802561,0,0,0.000400080016003201,0,0,0,0,0,0.0013002600520104,0.0001000200040008,0.0018003600720144,0.00650130026005201,0.0257051410282056,0.0002000400080016,0.0011002200440088,0,0,0,0,0,0,0,0.0019003800760152,0,0.0156031206241248,0.0001000200040008,0,0.287857571514303,0,0,0,0,0,0.0013002600520104,0,0,0,0,0,0,0,0,0,0,0.0011002200440088,0,0.0002000400080016,0,0.000600120024004801,0,0,0,0.0002000400080016,0,0,0,0,0.000500100020004001,0,0,0,0,0,0,0,0,0.0194038807761552,0,0,0,0,0,0,0.14122824564913,0,0,0.0013002600520104,0,0,0,0,0,0,0,0,0,0,0,0,0.0002000400080016,0.00330066013202641,0,0,0.00320064012802561,0
0,0,0,0,0,0,0,0,0,0,0,0,0.000999700089973008,0.0393881835449365,0.0187943616914926,0,0,0,0,0,0.00199940017994602,0,0,0,0,0.0382885134459662,0,0,0,0.000899730080975707,0.0251924422673198,0,0,0.00509847045886234,0,0,0.00119964010796761,0.00359892032390283,0,0,0,0,0,0.00489853044086774,0,0.0201939418174548,0,0,0,0,0,0,0,0,0.000699790062981106,0,0,0,0,0.00209937018894332,0,0.0104968509447166,0,9.99700089973008e-05,0,0.000199940017994602,0.00909727081875437,0,0,0,0.0123962811156653,0,0,0.00139958012596221,0,0,0,0,0,0.00379886034189743,0.00149955013495951,0,0.00309907027891633,0,0.000199940017994602,0,9.99700089973008e-05,9.99700089973008e-05,0,0.012296311106668,0,0,0.00279916025192442,0,0,9.99700089973008e-05,0,0,0,0,0,0,0,0,0.000199940017994602,0,0,0.0286913925822253,0.00429871038688393,0,0,0,0,0.0123962811156653,0,0,0,0,0.000699790062981106,0,0,0,0,0,0,0,0,0,0,0.0161951414575627,0.000299910026991902,0.0335899230230931,0,0,0,0,0.000199940017994602,0.000299910026991902,0,0,0.000399880035989203,0,0,0,0,0,0.000599820053983805,0,0,0,0.000299910026991902,0.00359892032390283,0,0,0,0,0,0,0,0.00979706088173548,0,0,0,0.12296311106668,0,0,0.000199940017994602,0,0,0,0.000399880035989203,0,0,0,0,0,0,0.00669799060281915,0.00209937018894332,0,0,0.00109967009897031,0,0,0.000699790062981106,0,0,0,0,0,0,0,0,0,0,0,0,0,0,0,0,0,0,0,0,0.000699790062981106,0,0,0,0,0,0,0.00359892032390283,0.000299910026991902,0,0,0.010296910926722,0.00309907027891633,0,0.000199940017994602,0,0.00159952014395681,0.0127961611516545,0,9.99700089973008e-05,0.00149955013495951,0,0,0.00479856043187044,0,0.000799760071978406,0,0,0.132160351894432,0,0,0.000799760071978406,0,0,0.00429871038688393,0,0,0,0,0.000699790062981106,0,0,0,0,0.00259922023392982,0.00149955013495951,0,0,0,0.000999700089973008,0.000299910026991902,0.000299910026991902,0,0.000199940017994602,0.000699790062981106,0.000299910026991902,0,0,0.000199940017994602,9.99700089973008e-05,0,0,0,0.00219934019794062,0.00589823053084075,0,9.99700089973008e-05,0.095371388583425,0,0,9.99700089973008e-05,0,9.99700089973008e-05,0.000199940017994602,0.222633210036989,0,0,0.00259922023392982,0,0,0.000899730080975707,0,0,0,0.000999700089973008,0,0,0,0,0.00789763071078676,0,0.000499850044986504,0,0,0.00619814055783265,0.00259922023392982
0,9.9930048965724e-05,0,0,0,0,0,0.00579594284001199,0,0,0,0,0,0,0.00759468372139502,0,0.000199860097931448,0,0,0,0,0.00109923053862296,0,0,0,0.180273808334166,0,0,0,0,0.0426701309083641,0,0,0.000699510342760068,0,0,9.9930048965724e-05,0.00869391426001799,0.000199860097931448,0,0,0,0,0,0,0.0045967822524233,0,0,0,0,9.9930048965724e-05,0,0,0,0.000199860097931448,0,0,0,0,0.00509643249725192,0,0.000799440391725792,0,0,0,0,0.0254821624862596,0,0,0.0024982512241431,0.0020985310282802,0,0,0.00639552313380634,0,0,0,0,0,0.0153892275407215,0,0,0.000399720195862896,0,0,9.9930048965724e-05,0,0,0,0.0024982512241431,0,0.000699510342760068,0.00589587288897772,0,0,0,0,0,0.00379734186069751,0,0,0,0,9.9930048965724e-05,0,0,0,0.250224842610173,0,0.00049965024482862,0,0,0,0.00169881083241731,0,0,0,0,0.000799440391725792,9.9930048965724e-05,0,0,0,9.9930048965724e-05,0.00279804137104027,0,9.9930048965724e-05,0,0,0,0.0020985310282802,0.0215848905765964,0,0,0,0.000799440391725792,0.00439692215449186,0,0,9.9930048965724e-05,0,0,0,0,0,0,0.00169881083241731,0,9.9930048965724e-05,0.000199860097931448,0.000399720195862896,0.00569601279104627,0,0,9.9930048965724e-05,0,0,0,0.00049965024482862,0.00199860097931448,9.9930048965724e-05,0,0,0.0624562806035775,0,0,0,0,0,0,0.000599580293794344,0,9.9930048965724e-05,0,0,0,0,0.00929349455381233,0.00409713200759468,0,0,0,0,0,0,0,0,0,0,0,0,0.00099930048965724,0,0,0,0,0,0,0,0,0,0,0,0.0045967822524233,9.9930048965724e-05,0.0020985310282802,0,0,0,0,0,0,0,0.000399720195862896,0.000199860097931448,0,0.00969321474967523,0.00099930048965724,0,0.00139902068552014,0,0,0,0,0,0,0,0,0.00759468372139502,9.9930048965724e-05,0.00859398421105226,0,0,0.0926351553912261,0,0,9.9930048965724e-05,0,0,0,0,0,0,0,0,0.00049965024482862,9.9930048965724e-05,0,0,0,0,0,0.00099930048965724,0,0.000699510342760068,0.00049965024482862,0.00109923053862296,0,0.000299790146897172,0,0,0,0.000299790146897172,0.000399720195862896,0,0,0,0,0,0.000399720195862896,0,0,0,0,0,0,0,0,9.9930048965724e-05,0.158489057659638,0,0,0.000199860097931448,0,0,0,0,0,0.00139902068552014,0.00049965024482862,0,0,0,0,0.00399720195862896,9.9930048965724e-05,0,0,0,0.00419706205656041,0
0,0,0,0,0,2e-04,1e-04,0,0,0,0,0,0,0.0265,8e-04,0,0,0,0,0,0.0156,0.002,0,1e-04,0,0.0826,0,0,3e-04,0.0022,0.0023,0,0,0.0046,0,0,8e-04,0.0053,4e-04,0,1e-04,0,0,0.0035,0,0.0028,0,0,0,0,0,0,0,0,0,0,0,0,0,0.0232,0,0.0031,1e-04,0,0,0,0.0133,0,0,0,0.002,0,0,0.019,0,0,0,0,0,0.0077,2e-04,0,3e-04,0,0.0136,0.0055,0,0,0,0.0031,0,8e-04,1e-04,0,0,0,0,0,9e-04,0,0,5e-04,0,0,0.0029,0,0,0.0027,0,0,0,0,0,0.0096,0,0.0031,0.0322,1e-04,0.025,0,0,0,0,1e-04,8e-04,0,0,0,5e-04,0.0072,0.0697,0,0,0,0,0,1e-04,0,0,0,0.0546,3e-04,0,0,0,0,0,0,0,0,0,0.0025,0,0,0,0,0,0,0,0.0067,0,0.0096,0,0,0,0.0234,0,0,0,0,0,2e-04,1e-04,0,0,0,0.0138,0.0041,3e-04,0,0,0,0,0,0.0025,0,0,0,0,0,0,0.0317,1e-04,0,0.0226,0,0.0285,0,0,0,0,5e-04,0,3e-04,0,0,0,0,0,2e-04,0,0,0,0,1e-04,0.0079,0.003,9e-04,0.0527,0.0011,1e-04,0,0.0212,0,0,0,0,0,0.0023,0.022,0.0146,0,0,1e-04,0,0,0,0,0,0,0,0,0.0011,0,0,0,0,0,0,0,0,4e-04,0,0,0.0124,7e-04,0,0,0.0023,0.0012,2e-04,0,0,2e-04,0,0,0,0,0.0229,4e-04,1e-04,0.0076,0.0327,0,3e-04,0,0,4e-04,7e-04,0.1491,0,0,0.0226,0,0,0,0,0,0,0,0,0,0,0,0.0036,0,0.0094,0,0,0.0061,0
0,0,0,0,0,0,0,0,0,0,0,0,0,0.0244975502449755,0.0090990900909909,0,0,0,0,0,0,0,0,0,0,0.505149485051495,0,0,0.0018998100189981,0,0,0,0,0.0095990400959904,0,0,0.0076992300769923,0,0,0,0.0001999800019998,0,0,0.0046995300469953,0.0003999600039996,0.0197980201979802,0,0,0,0,0,0,0,0,0,0,0,0.0003999600039996,0,0,0,0,0,0,0,0,0,9.99900009999e-05,0,0,0.0016998300169983,0,0,0,0,0.0633936606339366,0,0,0,0,0,0,0,0,0.0040995900409959,0,0.0205979402059794,0,0,0.0008999100089991,0,0.0012998700129987,0.000999900009999,0,0,0,0,9.99900009999e-05,0.0026997300269973,0,0,9.99900009999e-05,0,0,0,0,0,0.0970902909709029,0,0,0,0,0,0.0101989801019898,0,0.0014998500149985,0,0,0,9.99900009999e-05,0,0,0.0027997200279972,0.0003999600039996,0.0567943205679432,0,0,0,0,0,0,0.0252974702529747,0.0001999800019998,0.0006999300069993,0,9.99900009999e-05,0.0052994700529947,0,0,0,0.0031996800319968,0.0001999800019998,0,0,0,0,0,0,0,0,0,0.0026997300269973,0,0,0,0,0,9.99900009999e-05,0,0.0004999500049995,0,0,0,0,0,0,0,0,0,0,0,0,0,0,0,0,0,0,0,0,0,0,0,0,0,0,0,0,0,0,0,0,9.99900009999e-05,0,0,0,0,0,0,0,0,0,0,0,0,0,0,0,0.0004999500049995,9.99900009999e-05,0,0,0,0,0.0006999300069993,0,0,0,0.0181981801819818,0,0,0,0,0,0,0,0,0,0.003999600039996,0,0.0114988501149885,0,0,0.0155984401559844,0,0,0,0,0,0,0,0,0,0,0,0,0,0,0,0,0.0008999100089991,0,0,0,0,0,0,0,0,0,0,0,0,0,0,0,0,0,0,0,0,0,0.0262973702629737,0,0.0004999500049995,0,0,0,0.0001999800019998,0,0,0,0.0302969703029697,0,0,0,0,0,0,0,0,0,0,0,0.0011998800119988,0,9.99900009999e-05,0,0,0.0031996800319968,0
0,0,0,0,0,0,0,0,0,0,0,0,0,0,0.0013001300130013,0,0,0,0,0,0.0028002800280028,0.0003000300030003,0,0,0,0.121912191219122,0,0.0004000400040004,0.0082008200820082,0,0,0,0,0.0039003900390039,0,0,0.0001000100010001,0.0045004500450045,0,0,0,0,0,0,0,0.0131013101310131,0,0,0,0,0,0,0,0,0,0,0,0,0,0.0076007600760076,0,0,0,0,0,0,0.0288028802880288,0,0,0,0,0,0,0,0,0,0,0,0,0.0021002100210021,0,0,0.0187018701870187,0,0,0,0.0088008800880088,0,0,0,0,0.0849084908490849,0,0,0,0.0011001100110011,0,0,0,0,0,0,0,0,0.0005000500050005,0.0004000400040004,0,0.0004000400040004,0,0.0019001900190019,0,0,0,0.0002000200020002,0,0.0002000200020002,0.0015001500150015,0,0.0246024602460246,0,0,0,0.0002000200020002,0.0002000200020002,0.0001000100010001,0.0215021502150215,0,0,0,0,0.0345034503450345,0.0013001300130013,0,0,0,0,0,0,0,0,0.0001000100010001,0.0012001200120012,0,0,0,0,0,0,0.0013001300130013,0.0006000600060006,0,0,0,0.0003000300030003,0,0,0,0,0,0.0048004800480048,0,0.0027002700270027,0,0.0001000100010001,0,0.0166016601660166,0,0,0,0,0,0.001000100010001,0.18041804180418,0,0,0,0.0034003400340034,0,0,0,0,0,0,0,0.0011001100110011,0,0,0.0254025402540254,0,0.0003000300030003,0,0.0036003600360036,0,0,0,0,0.0101010101010101,0,0,0,0,0,0,0,0,0.0011001100110011,0,0,0,0,0.0045004500450045,0,0,0,0.0002000200020002,0.0026002600260026,0.0016001600160016,0,0.0001000100010001,0.0015001500150015,0.0117011701170117,0.0192019201920192,0,0,0,0,0,0,0,0.0025002500250025,0.0072007200720072,0,0,0.0064006400640064,0,0,0,0,0.0008000800080008,0,0.0124012401240124,0,0,0,0,0,0,0,0,0,0.0011001100110011,0,0,0,0.0005000500050005,0.0001000100010001,0.0002000200020002,0,0.0004000400040004,0,0,0,0,0.0001000100010001,0,0,0,0,0.0007000700070007,0.184018401840184,0,0.0015001500150015,0.0017001700170017,0,0,0,0,0,0,0.0661066106610661,0,0,0.0182018201820182,0,0,0,0,0.0002000200020002,0,0,0,0,0,0,0,0,0.0003000300030003,0,0,0.004000400040004,0
0,0,0,0,0.0002999700029997,0,0,0,0,0,0,0,0,0.0484951504849515,9.99900009999e-05,0,0,0,0,0,0,0,0,9.99900009999e-05,0,0.173682631736826,0,0,0,0,0.0454954504549545,0,0,0,0,0,0.0003999600039996,0.0462953704629537,9.99900009999e-05,0,0,0,0,0.004999500049995,0,0.0842915708429157,0,0,0,0,0,0,0,0,0,0,0,0,0,0,0,0,0,0,0,0,0,0,0,0,0.0030996900309969,0,0,0,0,0,0,0,0,0,0,0,0,0,0.0015998400159984,0,0.0001999800019998,0,0.0001999800019998,0.0133986601339866,0.0226977302269773,0,9.99900009999e-05,0,0,0,0,0,0.0042995700429957,0,0,0,0,0,0,0,0,0.0181981801819818,0,0,0,0,0.0004999500049995,0.0005999400059994,0,0,0,0,0.0243975602439756,0,0,0,0,9.99900009999e-05,0,0,0,0,0,0,0,0.0066993300669933,0,0,0,0,0.0005999400059994,0,9.99900009999e-05,0,9.99900009999e-05,0,0,0,0,0,0,0,0,0,0.0006999300069993,0.0023997600239976,0,9.99900009999e-05,0,0,0,0,0,0,9.99900009999e-05,0,0,0.12038796120388,0,0,0,0,0,0,0,0,0,0,0,0,0,0.0125987401259874,0,0,0,0,0,0,0,0,0,0,0,0,0,0.0056994300569943,0,0,0,0,0,0,0,0,0,0,0,0,0,0,0,0,9.99900009999e-05,0,0,0,0,0,0,0,0.0370962903709629,0,0.0002999700029997,0,0,0,0,0,0,0,0,0,0.0037996200379962,0,0,0,0,0.0105989401059894,0,0,0,0,0,0,0,0,0,0,0,0,0,0,0,0,0.0180981901809819,0,0,0,9.99900009999e-05,0,0,0,0,0.0005999400059994,0,0,0,0,9.99900009999e-05,0,0,0,0,0.0014998500149985,0,0,0.0015998400159984,0,9.99900009999e-05,0,0,0,0.0037996200379962,0.27017298270173,0,0,0,0,0,0,0,0,0,0,0,0,0,0,0.0014998500149985,0,0.0001999800019998,0,0,0.0071992800719928,0
0,0,0,0,0,0,0,0,0,0,0,0,0,0,0.0093,0,0,0,0,0,0,0,0,0.0029,0,0.0484,0,0,0.0268,0.0031,0.0319,0,0,0.0275,0,0,0.001,0.0049,0,0,0,0,0,0,0,0.0111,0.0599,0,0,0,0.0016,0,0,0,0,0,0,0,0,0,0,0,0,0,0,0,0,0,0.0231,0,0.0017,0,0,0,0,1e-04,0,0,0,1e-04,0,0,0.008,0,0,0,5e-04,0,0,0.0069,0,0.0076,0.0278,0,0,0,0,0,0.0078,0,0,0,0,0,2e-04,0,0,0.0157,0,0.0042,0,0,2e-04,0.0022,0,4e-04,0,4e-04,0.004,0,0,0,0,7e-04,0.0099,0,0,0,0,0,0.0728,0.0063,0,0,0,0.0031,0.0653,0,0,0,0.0163,2e-04,0,0,0,0,0,0,0,0,0,0,0,3e-04,0,0,0,0,0,0.0011,0,0.0113,0,0.066,0,0,0,0,0,0,0,0,9e-04,0,0,0,0.0105,0,0,4e-04,0,0.0131,0,0,0,0,0,0,0,0,0,0.0042,0,0,0,0,0.005,0.0078,0,0,0,0,0,0,0,0,2e-04,0,3e-04,0.0048,0,0,0,0,2e-04,0.0038,0,0,0.0078,0,0.001,0,0,0,0,0,0,0,0.0167,0.0061,0.0025,0,0,0.0056,0,0,0,0,0.0012,5e-04,0,0,0.0638,0,0,0,0,0,0,0,0,0,0,0,0.0025,2e-04,0.0013,0,0,0,0,0,0,0.0012,0,0,0,0,0,0.0024,0,0,0.0477,0,0,0,0,0,0,0.1839,0,0,0.0053,0,0,0.0023,8e-04,7e-04,0,0,0,0,0,0,0,0,4e-04,0,0,0.0023,0
0,0,0,0,0.00239640539191213,0,0,9.98502246630055e-05,9.98502246630055e-05,9.98502246630055e-05,0.000698951572641038,9.98502246630055e-05,0,0,0.00149775336994508,0.000698951572641038,9.98502246630055e-05,9.98502246630055e-05,0,0.000399400898652022,0.00199700449326011,9.98502246630055e-05,0,0,0,0.332301547678482,9.98502246630055e-05,0,0.000299550673989016,0.00339490763854219,0.000698951572641038,0,0.00449326010983525,0.00209685471792312,0.000199700449326011,0,0.000199700449326011,0.00559161258112831,9.98502246630055e-05,0,0,0,0,0.00389415876185721,0,0.0250624063904144,0,0.000199700449326011,0,0,0.000299550673989016,0,0.000299550673989016,0.000199700449326011,9.98502246630055e-05,9.98502246630055e-05,0,0,0,0.000599101347978033,9.98502246630055e-05,9.98502246630055e-05,0,9.98502246630055e-05,0,0,0.0228657014478283,0,0,0,0.000299550673989016,0,0,0.0017973040439341,0,0,9.98502246630055e-05,0,0,0.00109835247129306,9.98502246630055e-05,0.000898652021967049,0.00878681977034448,0.000199700449326011,0.000199700449326011,0,0.0150773839241138,0,0,0.0035946080878682,0.0110833749375936,0.0156764852720919,0.000599101347978033,0,0.000299550673989016,0,0,0,0.00748876684972541,9.98502246630055e-05,0,0,0,0.00329505741387918,9.98502246630055e-05,0,0.000399400898652022,0.0311532700948577,0,0.00499251123315027,0,0.00429355966050924,0,0.0138791812281578,0,0,0,0,0.00329505741387918,0,0,9.98502246630055e-05,0,0.0152770843734398,0.00748876684972541,0,0,0,0.000299550673989016,0.0090863704443335,0.00109835247129306,0.00509236145781328,0.00209685471792312,0,9.98502246630055e-05,0,0.00269595606590115,0,0,0,0,0,0,9.98502246630055e-05,0.0133799301048427,0,0.00319520718921618,0.000199700449326011,0.000199700449326011,9.98502246630055e-05,0.000299550673989016,0.00159760359460809,0.00389415876185721,0.00299550673989016,9.98502246630055e-05,0,0.00339490763854219,0,0.000599101347978033,0.00349475786320519,0,9.98502246630055e-05,0,9.98502246630055e-05,0,0,0,0,9.98502246630055e-05,0.000299550673989016,9.98502246630055e-05,0,0.00399400898652022,0,0,0.000299550673989016,9.98502246630055e-05,0.00229655516724913,0.0117823265102346,0.000399400898652022,9.98502246630055e-05,0,0,0.00219670494258612,0.000998502246630055,0.000898652021967049,0,0.0111832251622566,0.000299550673989016,0,0.000599101347978033,0.0218671992011982,9.98502246630055e-05,0,9.98502246630055e-05,0,0.0017973040439341,9.98502246630055e-05,9.98502246630055e-05,0,0,0,0,0.0353469795307039,0.000299550673989016,0.00299550673989016,9.98502246630055e-05,9.98502246630055e-05,0.000199700449326011,9.98502246630055e-05,0,0,0.00159760359460809,0.000199700449326011,0.000199700449326011,0,0.00499251123315027,0.000199700449326011,0.0141787319021468,0.000199700449326011,0.00119820269595607,0.00339490763854219,0.000499251123315027,9.98502246630055e-05,0,0,0.00229655516724913,0,0.00569146280579131,0,0.0111832251622566,9.98502246630055e-05,9.98502246630055e-05,0.0580129805292062,0,9.98502246630055e-05,9.98502246630055e-05,0,0,0,0,0,0.0036944583125312,9.98502246630055e-05,0,0.000199700449326011,0,9.98502246630055e-05,0,0,0.00219670494258612,9.98502246630055e-05,0.00159760359460809,0,0.00119820269595607,0.00149775336994508,0,0,9.98502246630055e-05,0.000499251123315027,9.98502246630055e-05,0,0,0.000199700449326011,0.00329505741387918,0,9.98502246630055e-05,0.0148776834747878,0,0.073589615576635,0.000499251123315027,9.98502246630055e-05,0,9.98502246630055e-05,0,0,0,0.000599101347978033,9.98502246630055e-05,0.055117324013979,0,0,0.00139790314528208,0,0,0,0,0,0.0035946080878682,0.00229655516724913,0,0,0.000499251123315027,0,0.00139790314528208,9.98502246630055e-05,0,0.00399400898652022,0,0.00589116325511732,0
0,0,0,0,0,9.99900009999e-05,0.0002999700029997,0.0001999800019998,0,0,0,0,0,0.0220977902209779,0,9.99900009999e-05,0,0,0,0,9.99900009999e-05,0.0008999100089991,0,0,0,0.381361863813619,0,0,0.0002999700029997,0,0,0,0,0,0,0,0,0.0097990200979902,0,0,0,0,0,0.0046995300469953,0,0.0697930206979302,0,0,0,0,0,0,0,0,0,0,0,0,0,0.0010998900109989,0,0.0010998900109989,0,0,0,0,0.0006999300069993,0,0,0.008999100089991,0.0003999600039996,9.99900009999e-05,0,0.0002999700029997,0,0,0,0,0,0,0,0,0,0,0.0013998600139986,0,0,0,0,0.0053994600539946,0,9.99900009999e-05,0,0,0,0,0,0,0.0058994100589941,0,0,0,0,0,0,0,0.0071992800719928,0.0316968303169683,0,0,0,0,0,0.0028997100289971,0,0,0.0032996700329967,0,0.0008999100089991,0,0,0,0,0,0.0136986301369863,0.0375962403759624,0,0,9.99900009999e-05,0,0.0016998300169983,0.0182981701829817,0,0,0,0,0,0,0,0,9.99900009999e-05,0,0,0,0,0,9.99900009999e-05,0.0001999800019998,0,0,0.0003999600039996,0.0021997800219978,0,9.99900009999e-05,0,0,0,0,0,0.0041995800419958,0,0,0,0.0192980701929807,0,0,0,0,0,9.99900009999e-05,9.99900009999e-05,0,0,0,0,0,0,0.0041995800419958,0.0024997500249975,9.99900009999e-05,0,0,0,0,0,0,0,0,0,0,0,0.0027997200279972,9.99900009999e-05,0,0,0.0002999700029997,0.0050994900509949,0,0,0,0,0,9.99900009999e-05,0.0334966503349665,0,9.99900009999e-05,0,0,0,0,9.99900009999e-05,0,0,0,0.001999800019998,0,9.99900009999e-05,0,0,9.99900009999e-05,0.0023997600239976,9.99900009999e-05,0,0,0,0,0.0022997700229977,0,0.0048995100489951,0,0.018998100189981,0,0,0.071992800719928,0,0,0,0,0,0,0,0,0,0,0,0,0,0,0,0,0.0018998100189981,0.0001999800019998,0,0,0,0,0,0,9.99900009999e-05,0,0.0003999600039996,0,0,9.99900009999e-05,0,0,0,0.0044995500449955,0,0.0027997200279972,0.000999900009999,9.99900009999e-05,0,0,0,0,0,0,0,0.15968403159684,0,0,0.0117988201179882,0,0,0,0,0,0,0,0,9.99900009999e-05,0,0,0.0001999800019998,0,9.99900009999e-05,0,9.99900009999e-05,0.002999700029997,0.0026997300269973
0,0,0,0,0,0,0.0021997800219978,0,0,0,0,0,0,0,0.0086991300869913,0,0,0,0,0,0.0003999600039996,0,0,0,0,0.130986901309869,0,0,0.0013998600139986,0,0.0055994400559944,0,0,0.0068993100689931,0,0.0156984301569843,0.0015998400159984,0.0132986701329867,0,0,0,0,0,0,0.0007999200079992,0.0270972902709729,0,0,0.0002999700029997,0,0,0,0,0,0,0,0,0,0,0,0,0,0,0,0,0,0.012998700129987,0,0.0002999700029997,0,0,0,0,0,0,0,0,0,0,0,0,0,0.0004999500049995,9.99900009999e-05,0,0.0003999600039996,0,0.0012998700129987,0,0.0073992600739926,9.99900009999e-05,0,0.0001999800019998,0,0,9.99900009999e-05,0,0,0.0091990800919908,0,0,0,0,0,0.0002999700029997,0,0.0116988301169883,0.0565943405659434,0,0,0,0,0,0.0066993300669933,0,0,0,9.99900009999e-05,0.0028997100289971,0,0,0,0,9.99900009999e-05,0.0163983601639836,0,0,0,0,0,0.0123987601239876,0.01999800019998,0,0,0,9.99900009999e-05,0.0013998600139986,0,0,0,0.0422957704229577,0,0,0,0,0,0.0018998100189981,0,0,0,0.0005999400059994,0,0,0,0.0004999500049995,0,0,0,0,0,0.0027997200279972,0,0,0,0,0,0,0,0,0,0,0,9.99900009999e-05,0,0,9.99900009999e-05,0,0,0,0,0,0,0,0,0.0025997400259974,0,0,0,0,9.99900009999e-05,0,0.0228977102289771,9.99900009999e-05,0,0,0,0,0,0,0,0,0,0,0,0,0.0118988101189881,0,0,0,0.0006999300069993,0,0,0,0,0,0,0.0123987601239876,0,0.0271972802719728,0,0,0,0,0,0,0.0006999300069993,0,0,0.0046995300469953,0,0.0172982701729827,0,0,0.0318968103189681,0,0,0,0,0,0,0,0,0,0,0.0003999600039996,0,0,0,0,0,0.0003999600039996,0,0.001999800019998,0,0,0.0006999300069993,0,0,0,0,0,0,0,0.0002999700029997,0,0,0,0,0,0.0085991400859914,0,0,0.0137986201379862,0,0,0,0,0,0,0.34956504349565,0,0,0.022997700229977,0,0,0,0,0,0,0.0180981901809819,0,0,0,0,0.0180981901809819,0,0,0,0,0.007999200079992,0
0,0,0,0.000599760095961615,0,0,9.99600159936026e-05,0.000199920031987205,0,0,0,0,0.000199920031987205,0,0.0332866853258697,0,0.0037984806077569,0,0,0,0.000299880047980808,0.00319872051179528,0,0,0,0.237005197920832,0,0,0.0217912834866054,0.00679728108756497,0.00519792083166733,0,0,0.0154938024790084,0,0,0.00249900039984006,0.0330867652938825,0,0,0,0,0,0,0,0.0177928828468613,0,0.000199920031987205,0,0,0.000199920031987205,0,0,0,9.99600159936026e-05,0,0,0,0,0.00139944022391044,0,0,0,0,0,0.000499800079968013,0.0402838864454218,0.000299880047980808,0,0,0.00039984006397441,0,0,0,0,0,0,0,0,0.00409836065573771,0,0,0,0,0.00209916033586565,0.000299880047980808,0,0,0,0.00339864054378249,0.0134946021591363,0.00319872051179528,0,0,0,0,0,0,0.00159936025589764,0,0,0,0,0,0.00199920031987205,0.000499800079968013,0.0131947221111555,0.0468812475009996,0,0.00499800079968013,0,0,0,0,0,0.00039984006397441,0,9.99600159936026e-05,0.0309876049580168,0,0.00849660135945622,0,0,0.000199920031987205,0,0.00179928028788485,0,0,0,0.00659736105557777,0.00909636145541783,0,0,0,0,0,0.000199920031987205,0,0,0,0.000999600159936026,0,0,0,0,0,0,0,0,0,0,0,9.99600159936026e-05,0,0,0,0,9.99600159936026e-05,0,9.99600159936026e-05,0,0.00709716113554578,9.99600159936026e-05,0.00509796081567373,0,0,0,0,0,0,0.00079968012794882,0.00159936025589764,9.99600159936026e-05,0,0,0,0.00929628148740504,0.00159936025589764,0.00219912035185926,0,0,0,0,0,0,0,0,0,0.007796881247501,0,0,0.00719712115153938,0,0,0.0117952818872451,0,0.0118952419032387,0.00889644142343063,0,0,0,0,0,0,0,0.0240903638544582,0,0,0,0,0.00209916033586565,0,0,0.00039984006397441,0,0.00199920031987205,0,0.00369852059176329,0,0,0.00159936025589764,0,0.00119952019192323,0,0,0,0,0,0,0.00479808076769292,0.000299880047980808,0,0,0.0293882447021192,0,0,0,0,0,0.00229908036785286,0,0,0.0886645341863255,0,0,0,0,0.00499800079968013,0.000599760095961615,0,9.99600159936026e-05,0.000199920031987205,0,0,0.00219912035185926,0.00889644142343063,0.00279888044782087,0,0.000199920031987205,0.00129948020791683,9.99600159936026e-05,0,0,9.99600159936026e-05,0,0,9.99600159936026e-05,0.00419832067173131,0.0257896841263495,0.000499800079968013,0.000299880047980808,0,0.0135945621751299,0,0,0,0,0,0,0.071671331467413,0,0,0.0220911635345862,0,0,0,0,0,0,0.000599760095961615,0,0,0,0,0.00169932027189124,0,0.0123950419832067,0,0,0.00989604158336665,0
0.00309876049580168,0,0,9.99600159936026e-05,0,0,0.00039984006397441,0,0,0,0,0,9.99600159936026e-05,0,0.00259896041583367,9.99600159936026e-05,0,0,0,0,0,9.99600159936026e-05,0.000199920031987205,0.000599760095961615,0,0.215213914434226,0,0,0.00139944022391044,0.00249900039984006,0.0444822071171531,0,0,0,0,0,0.0129948020791683,0,0,0.000199920031987205,0.000199920031987205,0,0,0,0,0,0,0,0,0,0,0,0,0,0.00149940023990404,9.99600159936026e-05,0.000199920031987205,0.000299880047980808,0,0,0,9.99600159936026e-05,9.99600159936026e-05,0,0,0.0039984006397441,9.99600159936026e-05,0,0,0.00569772091163535,0.000599760095961615,0,0,0,0,0,0,0,0,0,0,0,0.00299880047980808,0,0.00409836065573771,0.00039984006397441,0,9.99600159936026e-05,9.99600159936026e-05,0,0,0.00119952019192323,0.00039984006397441,0,0,0.000499800079968013,0,9.99600159936026e-05,0.000199920031987205,0,0,0.000699720111955218,0,0,0.00039984006397441,0,0,0.0611755297880848,0,0,0,0,0,0,0,9.99600159936026e-05,0,9.99600159936026e-05,0.00279888044782087,0.00879648140743703,0,0,0.00609756097560976,0.00229908036785286,0,0,0,0,0,0,0,0.00209916033586565,0,0,0,0.00409836065573771,0.00339864054378249,0.000299880047980808,0,0,0.000599760095961615,0,0,9.99600159936026e-05,0,0,0,0,0,0.000599760095961615,0,0,0,0,9.99600159936026e-05,9.99600159936026e-05,0.000199920031987205,0,0,0.000699720111955218,0,0,0,0,0.000199920031987205,0,0,0.00549780087964814,0.000299880047980808,0,0,0,0.00239904038384646,0.00039984006397441,0,0,0,0.000599760095961615,0,0,0,0,0,0,0,0.00119952019192323,0,0,0.00809676129548181,0,0,0,0.000199920031987205,0,0,0.000199920031987205,0,9.99600159936026e-05,0,0,0,0,0,0.0149940023990404,0.0345861655337865,0.00649740103958417,0,0,9.99600159936026e-05,0.00219912035185926,0,0,0,0,0,9.99600159936026e-05,0.00929628148740504,0.00369852059176329,9.99600159936026e-05,0,9.99600159936026e-05,0,0,0.0133946421431427,9.99600159936026e-05,0,0,0,0.0038984406237505,0,0.000899640143942423,9.99600159936026e-05,0.000699720111955218,0.0217912834866054,0,0,0,0,9.99600159936026e-05,0.00449820071971212,0,0.0116953218712515,0,0,0.000499800079968013,0,0,0,0,0,0,0,0,0,0.000499800079968013,0.000899640143942423,0.00229908036785286,0,0,0,9.99600159936026e-05,0,0,0,0,0,0,0,0,0.00249900039984006,0,0,0.0683726509396241,0.191023590563774,0.000299880047980808,0,0,0.00039984006397441,0.00039984006397441,0.172930827668932,0,0.000699720111955218,0,0,0,0,0,0,0,0,0,0,0,0,0.00359856057576969,0,0.00039984006397441,0,0,0.00519792083166733,0
0,0,0,0,0,0,9.9940035978413e-05,0,0.111233260043974,0,9.9940035978413e-05,0,0,0,0.000799520287827304,0,0,0,0,0,0,0.00129922046771937,9.9940035978413e-05,0.00419748151109334,0,0.474315410753548,0,0,0,0,0,0,0.000299820107935239,0.00799520287827304,0,0,0,0,0,0,0,0,0,0.00149910053967619,0,0,0,0,0,0,0,0,0,0,0,0,0.000599640215870478,0,0,0,0,0,9.9940035978413e-05,0,0,0,0,0,0,0,0,0,0,0,0,0,0,0,9.9940035978413e-05,0,0,0,0,0,0,0.000799520287827304,0.0563661802918249,0,0,0.00219868079152508,0,0.00379772136717969,9.9940035978413e-05,0,0,0,0,0,0,0,0,0,0,0,0,0,0,0.00729562262642415,0,0,0,0,0,0.00159904057565461,0,0.000199880071956826,0,0,0,0,0.0106935838496902,0,0,0,0.000699580251848891,0,0,0,0,0,0.0132920247851289,0,0,0.0030981411153308,0,0,0,0,9.9940035978413e-05,0,0.0807515490705577,0,0,0.000299820107935239,0,0.00249850089946032,0.00149910053967619,0,0.00269838097141715,0,0,0,0,0.0194883070157905,0,0,0,9.9940035978413e-05,0,9.9940035978413e-05,0,0,0,0,0,0,0,0,0,0,0,0.00189886068358985,9.9940035978413e-05,0,0,0,0.00339796122326604,0.000999400359784129,0.0053967619428343,0,0,0.00109934039576254,0.00119928043174096,0,9.9940035978413e-05,0,0,0,0,0,0,0.00279832100739556,0,0,0,0,0.000499700179892065,0,0,0,0,0.000399760143913652,9.9940035978413e-05,0,0,0,0,0,0,0,0.0281830901459125,0,0,0,0.000499700179892065,0.0022986208275035,0,9.9940035978413e-05,0,0,0.00379772136717969,0,0,0,0,0,0,0,0.00319808115130921,0,0,0,0,0.0489706176294223,0,0,0,0.000199880071956826,0.00119928043174096,0.00139916050369778,0,0,0.000499700179892065,0,0.00859484309414351,0,0,0,0,0,0.0225864481311213,0,0.000799520287827304,0,0.0030981411153308,0.00219868079152508,0,0,0,0,0,0,0,0.000299820107935239,0,0,0,0,9.9940035978413e-05,0.00709574255446732,0,0,0.00149910053967619,0,0.00119928043174096,0,0,0,0,0.0239856086348191,0,0,9.9940035978413e-05,0.000299820107935239,0,0,0,0,0,0.000299820107935239,0,0,0,0,0,0,0.00169898061163302,0,0,0.00739556266240256,0
0,0,0,0,0,0,0.000599400599400599,0,0,0,0,0,0,0,0.0023976023976024,0,0,0,0,0,0,0.0001998001998002,0.0001998001998002,0,0,0.0915084915084915,0,0,0.0034965034965035,0,0,0,9.99000999000999e-05,0.0046953046953047,0,0,0,0,0,0,0,0,0,0.0025974025974026,0,9.99000999000999e-05,0,9.99000999000999e-05,0,0,0,0,0,0,0.0001998001998002,0,0,0,0,0,0,0.0024975024975025,0,0,0,0,0.00829170829170829,0,0,9.99000999000999e-05,0,0,9.99000999000999e-05,0.000699300699300699,0,0,0,0,0,0.000799200799200799,0,0,0,0,0.0387612387612388,0.0001998001998002,0,0,0,0.0004995004995005,0,0,0.0027972027972028,0,0,0.000599400599400599,0,0,0.000699300699300699,0,0,0.000799200799200799,0,0,0.0003996003996004,0,0,0.0130869130869131,0,0,0,0,0,0.000599400599400599,0,0,0,0,0.000799200799200799,9.99000999000999e-05,0,0,9.99000999000999e-05,0,0.0013986013986014,0,0.0025974025974026,0,0,0,9.99000999000999e-05,0.0028971028971029,0,0,0,0.001998001998002,0.0985014985014985,0,0,0,0.0013986013986014,0,0,0,0,0,0.000899100899100899,0,0,0,0.0001998001998002,0,0,0,9.99000999000999e-05,0,0,0,0,0.00709290709290709,0,0,0.0001998001998002,0,0,9.99000999000999e-05,0,0,0,0,0,0,9.99000999000999e-05,0,0,0,0,0.0003996003996004,0.0022977022977023,0,0,0,0,0,0,0,0,0,0,0,0,9.99000999000999e-05,0,0,0,0,0,0,0,0,0,0,0,0,0,0.0018981018981019,0,9.99000999000999e-05,0,0,0,0,0,0,0,9.99000999000999e-05,0.0036963036963037,0,9.99000999000999e-05,9.99000999000999e-05,0.0026973026973027,0,0,0,0,0,0,0,0.00559440559440559,0,0,0,0,0.0174825174825175,0,0,0,0,0,0.0017982017982018,0,0,0,0,0,0,0,0,0,0,0.0105894105894106,0,0,0,0.0001998001998002,9.99000999000999e-05,0.000599400599400599,0,0,0,0,0,0,9.99000999000999e-05,0,0,9.99000999000999e-05,0,0.000799200799200799,0.574925074925075,0,0.000999000999000999,0.003996003996004,0,0,0,0,0,0,0.0486513486513487,0,0,0.0104895104895105,0,0,0.001998001998002,9.99000999000999e-05,0,0,0,0.0128871128871129,0,0,0,0.0010989010989011,0,0.0001998001998002,0,0,9.99000999000999e-05,0
9.9940035978413e-05,0,0,0,0,0,0.000499700179892065,0.00219868079152508,0.000199880071956826,0,0,0,0,0.0271836897861283,0.00149910053967619,0,0,0,0,0,0.00789526284229462,0.00119928043174096,0,0.000199880071956826,0,9.9940035978413e-05,0,0,0.00589646212272636,0.00209874075554667,0.0514691185288827,0,0,0.0129922046771937,0,0,0,0.0457725364781131,0,0,0,0,0,0.00389766140315811,0,0.00519688187087747,0,0,0,0,0,0,0,0,0.00499700179892065,0,0,0,0,0.0022986208275035,0,0.0160903457925245,0.000199880071956826,0,0.000499700179892065,0.000399760143913652,0.00179892064761143,9.9940035978413e-05,0,0.00219868079152508,0,0,0,0.00429742154707176,0,0,0,0,0,0.00129922046771937,0,0,0.010893463921647,0,0.0652608434939037,0,9.9940035978413e-05,0,0,0.0133919648211073,0,0.0119928043174096,0,0,0,9.9940035978413e-05,0,0,0.00259844093543874,0,0,0.00109934039576254,0,0,0,0.00159904057565461,0.00279832100739556,9.9940035978413e-05,0,0.000199880071956826,0,0,0.000599640215870478,0,0,0,0.00339796122326604,9.9940035978413e-05,0.00819508295022986,0,0.00269838097141715,0.00249850089946032,0,0,0.00329802118728763,9.9940035978413e-05,0,0,0,0,0.0818508894663202,0.00649610233859684,0,0,0,0,0.000299820107935239,0,0,0,9.9940035978413e-05,0,0.00119928043174096,0,0.00789526284229462,0,0.00169898061163302,0.00209874075554667,0,0,0.0061962822306616,0,0.000599640215870478,0,0,0,0,0,0,0.0113931641015391,0,0,0,0.0178892664401359,0,0,0,0.00219868079152508,0,0,0.000299820107935239,0,0,0,0,0,0.00339796122326604,0.00499700179892065,0.00369778133120128,0,0,0,0,0,0,0,9.9940035978413e-05,0,0.0223865680591645,0,0,0.0172896262242654,0.000799520287827304,0.000499700179892065,0.017189686188287,0,0,0.00829502298620828,0,0,0,0,0,0,0,0,0,0,0.000499700179892065,0,0,0,0,0,0,0.00219868079152508,0.00369778133120128,0.00369778133120128,0,0.00899460323805717,0.000599640215870478,0,0.0160903457925245,0,0,0,0,0,0,0.00569658205076954,0.0124925044973016,0,0,0.00949430341794923,0,0,0,0.00239856086348191,0,0,0,0,0.0997401559064561,0,0,0,0,0.000199880071956826,0,0,0.0214871077353588,0.000299820107935239,0.00339796122326604,0,0,0.00149910053967619,0,0,0.000999400359784129,0.00119928043174096,0.000399760143913652,0,0,0.000799520287827304,0,0,0,0.00299820107935239,0.00609634219468319,0.000599640215870478,0,0.00799520287827304,0.0260843493903658,0,0,0,0,0,0.00249850089946032,0.166000399760144,0,0,0.0133919648211073,0,0,0,0,0,0.0022986208275035,0.00409754147511493,0,0,0,0,0.0133919648211073,0,0,0,0,0.00579652208674795,0.000399760143913652
0,0,0,0,0,0,0,0.00239904038384646,0,0,0,0,0,0.0860655737704918,0.161135545781687,0,0.00569772091163535,0,0,0,0.00279888044782087,0.0210915633746501,0.000599760095961615,0,0,0.146541383446621,0,0,0.000999600159936026,0,0.000499800079968013,0,0,0.00219912035185926,0,0,0,0.00319872051179528,0,0,0,0,0.0185925629748101,0,0,0,0,0,0,0,0,0,0,0,0,0,0,0,0,0.0271891243502599,0,0.000199920031987205,9.99600159936026e-05,0,0.000199920031987205,0,0.007796881247501,0,0,0.00179928028788485,0,0,0,0.000699720111955218,0,0,0,0,0,0.0206917233106757,0,0,0,0,0.00229908036785286,0,0,0,0,0.00249900039984006,0,0.00729708116753299,0,0,0,0,0,0,0.00709716113554578,0,0,0.00149940023990404,0,0,0.00039984006397441,0,0,0.00579768092762895,0,0.00949620151939224,0,0,0,0.108656537385046,0,0.000299880047980808,0.00269892043182727,0,0.0250899640143942,0,0,0,0,0,0,0,0.00619752099160336,0,0,0,0.0483806477409036,0.00199920031987205,0,0,0,9.99600159936026e-05,0.00449820071971212,0,0,0,0.00409836065573771,0,0.00569772091163535,0,0,0,0.000299880047980808,0,0.00699720111955218,0,0,0,0,0,9.99600159936026e-05,0,0,0,0.00189924030387845,0.00079968012794882,0,0.0039984006397441,0,0,0,0,0,0,0,0,0.00039984006397441,0,0,0,0,0,0.00229908036785286,0,0.00629748100759696,0,0,0,0,0,0,0.00039984006397441,0,0,0,0,0,0.0126949220311875,0,0,0,0,0.0175929628148741,0.00619752099160336,0,0,0,0,0,0,0,0,0,0,0,0,0,0,0,0,0,0.00739704118352659,0.00359856057576969,9.99600159936026e-05,0,0.000499800079968013,0,0.00309876049580168,0,0,0.000499800079968013,0,0,0,0,0.00299880047980808,0.0078968412634946,0,0,0.00279888044782087,0,0,0,9.99600159936026e-05,0,0,0,0,0.00999600159936026,0,9.99600159936026e-05,0,0,0,0,0,0,0.00039984006397441,0,0,0.00139944022391044,0,0.000299880047980808,0,0.000699720111955218,0.0182926829268293,0,0,0,0.00079968012794882,0,0,0,0,0.00809676129548181,0.0126949220311875,0,0.00519792083166733,0.00689724110355858,0,0,0,0,0,0.00039984006397441,0.0463814474210316,0,0,0.0356857257097161,0,0,0,0,0,0.00129948020791683,0,0,0,0,0,0.00079968012794882,0,0,0,0,0.00699720111955218,0
0,0,0,9.98601957259836e-05,0.000499300978629918,0,9.98601957259836e-05,0.0011983223487118,0,0.000399440782903934,9.98601957259836e-05,9.98601957259836e-05,0,0.0314559616536848,0.0011983223487118,9.98601957259836e-05,0,0,0,0.000898741761533853,0.00888755741961254,0.000599161174355902,0,0,0,0.09746355102856,0,0,0.00958657878969443,0.00349510685040943,0.0446375074895147,9.98601957259836e-05,0.000399440782903934,0.00319552626323148,0,0.00159776313161574,0.000898741761533853,0.0117835030956661,9.98601957259836e-05,0,0,9.98601957259836e-05,0,0.000798881565807869,0,0.0240663071699621,0.00599161174355902,9.98601957259836e-05,0,0,9.98601957259836e-05,0,0.000199720391451967,0.000199720391451967,0.00239664469742361,9.98601957259836e-05,0,0,0,0.0143798681845416,0.000199720391451967,0.00449370880766926,0,9.98601957259836e-05,0,0.000399440782903934,0.00139804274016377,0,0,0,0.00199720391451967,0.000299580587177951,9.98601957259836e-05,0.00479328939484721,0.00389454763331336,0,0,0,0,0.00808867585380467,9.98601957259836e-05,9.98601957259836e-05,0.00519273017775115,0,0.0255642101058518,0,0,0,0,0.00359496704613541,0.00269622528460156,0.0420411424006391,0,0.00199720391451967,0.000299580587177951,0,0,0,0.000599161174355902,0,0,0,0,0.00309566606750549,0.000599161174355902,0.0108847613341322,0.000199720391451967,0.0578190533253445,0,0,0,0.00329538645895746,0,0.00219692430597164,0.000499300978629918,0,0.000998601957259836,0,0.00838825644098262,0,0.00189734371879369,9.98601957259836e-05,0,0,0.0254643499101258,0,0,0,0,0.00219692430597164,0.0274615538246455,9.98601957259836e-05,0,0,0,0,0.00978629918114639,0,0,0,9.98601957259836e-05,0.000199720391451967,0,0,0,0,0.000798881565807869,0.00109846215298582,0.00249650489314959,0,0.000699021370081885,0.00758937487517476,0,0.000399440782903934,0,0,0,0,0.00139804274016377,0.0011983223487118,0,0.00679049330936689,0.000499300978629918,0.00659077291791492,0,0.018274415817855,9.98601957259836e-05,0,0,9.98601957259836e-05,0,0,9.98601957259836e-05,0,0,0,0.00509286998202517,9.98601957259836e-05,0.0232674256041542,0.000199720391451967,0,0,0,0.000599161174355902,0.000199720391451967,0,0,0.0111843419213102,0.00249650489314959,0.000399440782903934,0,0.00788895546235271,0,0,0.00199720391451967,0,0.0371479928100659,0.00309566606750549,0,0,0,0.00129818254443779,0,0.00249650489314959,0,0.000299580587177951,0,0,0,0,0,0,0.00309566606750549,0.000499300978629918,0.000199720391451967,0.00339524665468344,0.00299580587177951,9.98601957259836e-05,0.0048931495905732,0,0.000599161174355902,0.0200718993409227,9.98601957259836e-05,9.98601957259836e-05,0,0,9.98601957259836e-05,0,0.00509286998202517,0.00559217096065508,0.00359496704613541,0.000299580587177951,0.000499300978629918,0.0048931495905732,0,9.98601957259836e-05,9.98601957259836e-05,0,0.00219692430597164,0.000499300978629918,0.00539245056920312,9.98601957259836e-05,0.0340523267425604,0,0,0,0,0,0.00159776313161574,0,0.0174755342520471,0.000399440782903934,9.98601957259836e-05,0,0.00289594567605353,0.000399440782903934,0,0.000299580587177951,0.00109846215298582,0.000399440782903934,0.000599161174355902,0,0,0.000399440782903934,0,0,9.98601957259836e-05,0.00289594567605353,0,0.0516277211903335,0.00109846215298582,0.00718993409227082,0.00479328939484721,0,0,0.000199720391451967,0,0,0.000599161174355902,0.11164369882165,9.98601957259836e-05,0,0.00858797683243459,0,0,0,0.00249650489314959,0,0.00149790293588975,0.000798881565807869,9.98601957259836e-05,9.98601957259836e-05,0,9.98601957259836e-05,0.000599161174355902,0.000299580587177951,0,0.000399440782903934,0,0.00409426802476533,0
0,0,0,0,0,0,0,0,0,0,0.000499700179892065,0,0,0,0,0,0,0,0,0,0,0.00259844093543874,0,0,0,0.0550669598241055,0,0,0,9.9940035978413e-05,0.00879472316610034,0,0.000199880071956826,0,0,0.0145912452528483,0.000499700179892065,0.0131920847491505,0,0,0,0,0.0210873475914451,0.00549670197881271,0,0.156905856486108,0.00439736158305017,0,0,0,0,0,9.9940035978413e-05,0,0.000199880071956826,0,0,0,0,0,0,0,0,0,0.00449730161902858,0,0.00389766140315811,0,0.000199880071956826,0,0.00599640215870478,0,0,0,0,0,0,0,0,0,0,0,9.9940035978413e-05,0,0,0.000299820107935239,9.9940035978413e-05,0,0,0.072356586048371,0,0,9.9940035978413e-05,0,0,0,0,0,0.0302818309014591,0,0,0,0,0.0112932240655607,0,0,0,0.00669598241055367,0,0.00389766140315811,0,0.000799520287827304,0,0.00109934039576254,0,0.000199880071956826,0,0,0,0,0.00759544273435938,0,0,0,0.00909454327403558,0,0,0,0,9.9940035978413e-05,0.0610633619828103,0,0,0,0,0,0,0,0,0,0,0,0,0,0,0,0,0,0.0022986208275035,0,0,0,0,0,0,0,0,0,0,0.0139916050369778,0,0,0,0,0,0.0133919648211073,0,0,0,0.000299820107935239,0,0,0,0,0,0,0.00249850089946032,0.00329802118728763,0.00139916050369778,0,0,0,0,0,0,0,0,0,0,0,0,0.00499700179892065,0,0,0.00949430341794923,0,0.00169898061163302,0.00749550269838097,0,0,0,0,0,9.9940035978413e-05,0.0130921447131721,0,0,0,0,0,0,0,0,0,0,0.00169898061163302,0,0,0,0,9.9940035978413e-05,0.0244853088147112,0,0,0,0,0,0,0,0.00179892064761143,0,0,0,0.0550669598241055,0,0,0,0,0,9.9940035978413e-05,0,0.0022986208275035,0.0193883669798121,0,0,0,0,0,0,0,0,0,0,0,0,9.9940035978413e-05,0,0,0,0,0,0,0,9.9940035978413e-05,0,0,9.9940035978413e-05,0,0,0.000399760143913652,0,0,0.0030981411153308,0,0,0,0,0,0,0.276334199480312,0,0,0.0257845292824305,0,0,0,0,0,0,0.00359784129522287,0,0.000299820107935239,0,0,0.00189886068358985,0,0,0.00249850089946032,0,0.00339796122326604,0
0,0,0,0,0,0,9.9940035978413e-05,0,0,0,0,0,0,0,0.000199880071956826,0,0,0,0,0,0,0.00179892064761143,0,0,0,0.240755546671997,0,0,0,0,0,0,0,0.00199880071956826,0,0,0,0,0,0,9.9940035978413e-05,0,0,0.00289826104337398,0,0.00799520287827304,0,0,0,0,0,0,0,0,0,0,0,0,0,0.0128922646412153,0,0,0,0,0,0,0.118029182490506,0,0.000199880071956826,0,0.00529682190685589,0,0,0,0,0,0,0,0,0.00409754147511493,0,0,0,0,0,0,0,0,0,0,0,0.000499700179892065,0.000299820107935239,0,0,0,0,0,0,0,0,9.9940035978413e-05,0,0,0.000499700179892065,0,0,0.147611433140116,0,0,0.000399760143913652,0,0,0,0,0,0,9.9940035978413e-05,0.00809514291425145,0,0.00269838097141715,0,0,0,0.000299820107935239,0.0126923845692584,0,0,0,0,0.0436737957225665,0,0,0,0,0,0,0,0,0,0.000199880071956826,0,0,0,0,0,0,0,0,0,0,0,0,0,0,0,0,0,0,0.00119928043174096,0,0,0,0,0,0.0118928642814311,0,0,0,0,0,0.00379772136717969,9.9940035978413e-05,9.9940035978413e-05,0,0,0.00339796122326604,0,0.0147911253248051,0,0,0.00259844093543874,0,0,0,0,0,0,0,0,0,0.0199880071956826,0,0,0,0,0,0,0,0,0,0.00269838097141715,0,0,0,0,0,0,0,0,0.0194883070157905,0,0,0,0,0.00199880071956826,0,0,0,0,0,0,0,0,0,0,0,0,0.00569658205076954,0,0.00349790125924445,0,0,0.00279832100739556,0,0,0,0,0,0.000199880071956826,0,0,0.0174895062962223,0,9.9940035978413e-05,0,0,0,0,0,0,0,0,0,0,0,0,0,0,0.000399760143913652,0,0,0,0,0,0,0,0,0,9.9940035978413e-05,0,0,0.00259844093543874,0,0,0,0,0,0,0.234459324405357,0,0,0.0227863282030782,0,0,0,0,0.000199880071956826,0,0,0,0,0,0,0.00169898061163302,0,0.00169898061163302,0,0,0.0106935838496902,0
0,0,0,0,0,0,0,0,0,9.99000999000999e-05,0,0,0,0,0,0,0,9.99000999000999e-05,0,0,0.0016983016983017,0.000899100899100899,0.0002997002997003,0.0002997002997003,0,0.0415584415584416,0,0,0.0004995004995005,0.00779220779220779,0.152347652347652,0,0,0,0,0,0.002997002997003,0,0,0,0,0,0,0,0,0,0,0,0,0,0,0,0,0,0,0,0,0,0,0.0018981018981019,0,0,0,9.99000999000999e-05,0,0,0,0,0,0,0,9.99000999000999e-05,9.99000999000999e-05,0,0,0,0,0,9.99000999000999e-05,9.99000999000999e-05,0,0,0,0,0,0,0,0,0,0.0128871128871129,0,0.0002997002997003,0.0024975024975025,0,0,0,0,0,0,0,0,9.99000999000999e-05,0,0,0,0,0,0.148451548451548,0,9.99000999000999e-05,0,0,0,0.0107892107892108,0,0.0020979020979021,0,9.99000999000999e-05,0,0.0001998001998002,0,0,0,9.99000999000999e-05,0.0436563436563437,0,0,0,0,0,0,0.0225774225774226,0,9.99000999000999e-05,0,0,9.99000999000999e-05,0,0,0,0.000599400599400599,0,0.0002997002997003,9.99000999000999e-05,0,0.0001998001998002,9.99000999000999e-05,0,0,9.99000999000999e-05,0.0014985014985015,0,0,0.0018981018981019,9.99000999000999e-05,0,0,0,0,0,0,0,0,0,0,0,9.99000999000999e-05,0,0,0.0002997002997003,9.99000999000999e-05,9.99000999000999e-05,0.0004995004995005,0,0,0,0,0,0.0004995004995005,0,0,0,0,0,9.99000999000999e-05,0.000599400599400599,0,0,0,0,0,0.0136863136863137,9.99000999000999e-05,0,0,0,0,0,0,0,0,9.99000999000999e-05,0,0,0,0,0,0,9.99000999000999e-05,9.99000999000999e-05,9.99000999000999e-05,0,0,0,0,9.99000999000999e-05,0.0213786213786214,0,0.00829170829170829,0,0,0,0,0,0,0,0,0,0.00829170829170829,0,0,0,0,0.00579420579420579,0,0,0,0,0,0,0,0,0,0,0.0001998001998002,9.99000999000999e-05,0,9.99000999000999e-05,0,0,0,0,0.0011988011988012,0,0.0004995004995005,0,0,0,0,0,0.0004995004995005,0,0,9.99000999000999e-05,0,0,0,0,0.0003996003996004,9.99000999000999e-05,0,0,0.138261738261738,0,0,0,0,0,0.0002997002997003,0.285114885114885,0,0.001998001998002,0.00999000999000999,9.99000999000999e-05,0,0,0,0,0,0.0004995004995005,0,0,0,0,0.0370629370629371,0,0.0001998001998002,0,0,0.002997002997003,0
0,0,0,0,0,0,0.004000400040004,0.0049004900490049,0,0,0,0,0,0.0007000700070007,0.0126012601260126,0,0,0,0,0,0.0121012101210121,0.007000700070007,0,0.0046004600460046,0,0.0513051305130513,0.0005000500050005,0,0.0182018201820182,0,0,0,0,0,0,0,0.0011001100110011,0,0,0.0016001600160016,0.0008000800080008,0,0,0,0,0,0,0,0,0,0,0,0,0,0,0,0.0013001300130013,0.0001000100010001,0,0.005000500050005,0,0.0056005600560056,0.0004000400040004,0,0,0.0014001400140014,0.0323032303230323,0.004000400040004,0,0.013001300130013,0,0.0001000100010001,0.0002000200020002,0.0007000700070007,0,0,0,0,0,0.0105010501050105,0,0.0008000800080008,0,0,0.0063006300630063,0.0013001300130013,0,0,0.0006000600060006,0.0045004500450045,0,0.0022002200220022,0.0044004400440044,0,0,0,0.0113011301130113,0,0.0049004900490049,0,0,0.0046004600460046,0,0,0.0004000400040004,0,0,0.0077007700770077,0,0,0,0,0.0001000100010001,0.0019001900190019,0,0.0011001100110011,0,0,0.0485048504850485,0.0012001200120012,0.0215021502150215,0,0,0.0007000700070007,0.0015001500150015,0,0,0,0,0,0,0.0257025702570257,0,0,0.0013001300130013,0,0.0057005700570057,0,0,0,0.0008000800080008,0,0,0,0,0,0,0,0.0103010301030103,0.0022002200220022,0,0,0,0.0015001500150015,0,0,0,0.0439043904390439,0,0,0,0.0104010401040104,0,0.0384038403840384,0,0.0525052505250525,0,0,0,0,0,0,0.0063006300630063,0,0,0,0.0192019201920192,0.0289028902890289,0.0797079707970797,0,0,0,0,0,0,0,0,0,0,0,0,0.0063006300630063,0.0528052805280528,0.001000100010001,0,0,0.0065006500650065,0.0212021202120212,0,0,0,0,0,0,0,0.0686068606860686,0,0,0.0002000200020002,0,0,0,0,0,0,0.0061006100610061,0.0073007300730073,0,0,0.0049004900490049,0.0151015101510151,0.0488048804880488,0,0,0.0002000200020002,0,0,0,0,0,0.0131013101310131,0,0,0.0019001900190019,0,0,0,0,0,0.0032003200320032,0,0,0.0012001200120012,0,0,0,0,0.0039003900390039,0,0,0.004000400040004,0,0,0,0,0.0023002300230023,0.0016001600160016,0,0,0,0.0018001800180018,0,0.0009000900090009,0,0.0001000100010001,0,0,0,0,0.0114011401140114,0,0,0.0288028802880288,0,0,0,0.0006000600060006,0,0,0.0004000400040004,0,0,0,0,0,0.0039003900390039,0,0.0082008200820082,0.0091009100910091,0,0,0,0,0,0.0045004500450045,0,0,0,0,0.0137013701370137,0
0,0.0018998100189981,0,0,0,0,0,0,0,0,0,0,0,0,0.0580941905809419,0,0,0,0,0,0.0002999700029997,0.0078992100789921,0,0,0,0.184981501849815,0,0,0.0036996300369963,0.001999800019998,0.0328967103289671,0,0,0.031996800319968,0,0,0,0,0,0,0,0,0,0,0,0,0,0,0,0,0,0,0,0,0,0,9.99900009999e-05,0,0,0,0,0,0,0,0,0,0,0,0,0.0067993200679932,0,0,0.0002999700029997,0.0002999700029997,0,0.0957904209579042,0,0,0,0,0,0,0,0,0,0,0.0336966303369663,0,0,0.0127987201279872,0,0,0,0,0,0,0,0,0.0046995300469953,0,0,0,0,0,0,0,0,0,0,0,0,0,0,0,0,0,0,0,0.0014998500149985,0,0,0,0,0.0017998200179982,0,0,0,0,0,0,0,0.0008999100089991,0,0,0,0,0,0,0,0,0,0,0,0,0,0,0.003999600039996,0,0,0,0.0008999100089991,0.0025997400259974,0,0,0,0,0,0,0,0.0073992600739926,0,0,0,0,0,9.99900009999e-05,0,0,0,0,0.0011998800119988,0,0,0,0,0,0,0,0,0,0,0,0,0,0,0,0,0,0,0,0,0.002999700029997,0.0001999800019998,0.0008999100089991,0,0,0,0,0,0,0,0,0,0,0,0.0026997300269973,9.99900009999e-05,0,0,0.0101989801019898,0,0,0,0,0,0,0,0.0024997500249975,0,0,0,0,0,0,0,0,0,0,0,0,0,9.99900009999e-05,0,0.075992400759924,0,0,0,0,0,0.004999500049995,0,0,0,0,0,0.0090990900909909,0,0,0,0,0,0,0,0,0,0,0.0004999500049995,0,0.000999900009999,0.0036996300369963,0,0,0,0.0002999700029997,0,0,0,0,0,0.177182281771823,0,0,0.0496950304969503,0,0,0,0,0,0,0.154184581541846,0,0,0,0,0,0,0,0,0.0004999500049995,0,0,0,0,0,0.0044995500449955,0,0,0,0,0,0
0,0,0,0,0,0,0.000499750124937531,0.00379810094952524,0.181709145427286,0,0,0,0,0,0.000399800099950025,0,0,0,0,0,0.000399800099950025,0.000499750124937531,0,9.99500249875062e-05,0,0.197401299350325,9.99500249875062e-05,0,0,0,0.0322838580709645,0,0,0.00259870064967516,0,0,0,0.0138930534732634,0,0,0,0.00119940029985007,0,0.00149925037481259,0,0.00259870064967516,0,0.000499750124937531,0,0,0,0,0,0,0.00269865067466267,0,0,0,0,0.000699650174912544,9.99500249875062e-05,0.000199900049975012,9.99500249875062e-05,0,9.99500249875062e-05,0,0,0,0,0.0015992003998001,0.00169915042478761,0,0,0.000999500249875062,0,0,0,0,0,0.000399800099950025,0,0,0.0302848575712144,0,0.000199900049975012,0,9.99500249875062e-05,0,0,0.00349825087456272,0,0.000299850074962519,0,0,0,0,0,0,0,0,0,0,0,0,0,9.99500249875062e-05,0.00259870064967516,0.0848575712143928,0,0,0,0,0,0.00739630184907546,0,0,0,0,0.0214892553723138,0,0,0,0,0,0.00489755122438781,0,0,0,0.000599700149925037,0.0196901549225387,0.00499750124937531,0.00379810094952524,0,0,0,0,0,0,0,0,0,0,0,0,0,0,0,0,0,0,0.000499750124937531,0.00129935032483758,0,0,0,0,0,0,0,0.00359820089955022,0,0,0,0,0,0,0,0,0,0,9.99500249875062e-05,0,0.0119940029985007,0,0,0,0,9.99500249875062e-05,0.00429785107446277,0,0,0,0,0,0.000699650174912544,0,0,0,0.00589705147426287,0,0,0.0107946026986507,0,9.99500249875062e-05,0,0.00129935032483758,0,0,0,0,0,0,0,0.0657671164417791,0,0.000599700149925037,9.99500249875062e-05,0,0.000199900049975012,0,0,0,0,0,0.00209895052473763,0,0.00529735132433783,0.00239880059970015,0.0109945027486257,0.000999500249875062,0,0.000199900049975012,0.0222888555722139,0,0,0,0,0,0.00519740129935032,0,0.0122938530734633,0,0,0.0774612693653173,0,0,9.99500249875062e-05,0.000599700149925037,9.99500249875062e-05,0,0,0,0,0,0,0,0,0,0,0,0.00519740129935032,0.000499750124937531,0.00139930034982509,0,0.000699650174912544,0,0,0,0.000999500249875062,0.00219890054972514,0,0.00269865067466267,0,0,0,0,0,0.000299850074962519,0,0.04047976011994,0,0.00279860069965018,0.0107946026986507,0,0,0,0,0.00079960019990005,0.000199900049975012,0.00169915042478761,0,0,0.0222888555722139,0,0,0,0,0,0.00109945027486257,0.000399800099950025,0,0,0,0,0.00259870064967516,0.000499750124937531,0,0,0,0.0218890554722639,0.000199900049975012
0,0,0,0,0.000699720111955218,9.99600159936026e-05,0.000599760095961615,0.00129948020791683,0,0,0,0,0,0,0,0,0,0.000499800079968013,0,0,0.000199920031987205,0.00299880047980808,0,0.00039984006397441,0,0,9.99600159936026e-05,0,0.00079968012794882,0.00039984006397441,0.0493802479008397,0,0,0.0217912834866054,0,0,0,0.00289884046381447,0,0,0,0,0,0.00479808076769292,0,9.99600159936026e-05,0,9.99600159936026e-05,0,0,0,0,0.000199920031987205,0,0,0,0,0,0,0.0136945221911235,9.99600159936026e-05,0,0,0.00869652139144342,0,0,0.00749700119952019,0,9.99600159936026e-05,0,0,9.99600159936026e-05,0.000299880047980808,0.000299880047980808,0,0,0,0,0,0,0,0,0.00229908036785286,0,0,0,0.0260895641743303,0,0,0.00349860055977609,0,0.00529788084766094,0.00229908036785286,0,0,0,0,0,0.00319872051179528,0,0,0,0,0,0,0,0,0.23390643742503,0,0.00729708116753299,9.99600159936026e-05,0,0,0.00439824070371851,9.99600159936026e-05,0.000999600159936026,0,0,0.00239904038384646,0,0,0,0,0.000199920031987205,0.00579768092762895,0,0,0,0.000599760095961615,0,0,9.99600159936026e-05,0,0.000499800079968013,0,0,0.132447021191523,0,0,0,0,0,0,0,0,0,0.00159936025589764,9.99600159936026e-05,0,0,9.99600159936026e-05,9.99600159936026e-05,0,0.00079968012794882,0,0,0.00339864054378249,0,0,0,0,0,0.00039984006397441,0,0,0,0,0.000599760095961615,0,0.000299880047980808,0.000199920031987205,0,9.99600159936026e-05,0,0.000499800079968013,0.000199920031987205,0,0.00849660135945622,0.0507796881247501,9.99600159936026e-05,0,0,0,0,0.000299880047980808,0.00299880047980808,0,0,0,0.00119952019192323,0.000299880047980808,0.00199920031987205,9.99600159936026e-05,0,0,0,0,0,0,0,0,0,0,0.0076969212315074,0.00039984006397441,0.00119952019192323,0,0,0,0.000299880047980808,0,0,0,0,0.00039984006397441,9.99600159936026e-05,0.0039984006397441,0.0038984406237505,0.00499800079968013,0,9.99600159936026e-05,0.00209916033586565,0,0,0,0,0,0,0,0,0,9.99600159936026e-05,0,0.0276889244302279,0,0,9.99600159936026e-05,0,0,0,0.000299880047980808,0,0,0,0.00039984006397441,0,0,9.99600159936026e-05,0.000199920031987205,0,0,0.000199920031987205,0.000199920031987205,0,0.00209916033586565,0.000699720111955218,0,0,0.000599760095961615,0.000199920031987205,0,0,0,0.000199920031987205,9.99600159936026e-05,0,0.00109956017592963,0,0.00149940023990404,0,0,0.00039984006397441,0.00159936025589764,0,0,0,0,0,0,0.293982407037185,0,0,0.007796881247501,9.99600159936026e-05,0,0,0,0,0,0.000999600159936026,0,0,0.000599760095961615,0,0.00409836065573771,0.00039984006397441,0.00329868052778888,0,0,0.00139944022391044,0
0,0,0,0,0,0,0.0026997300269973,0,0,0,0,0,0,0,0.086991300869913,0,0.0023997600239976,0,0,0,0,0.0015998400159984,0,0,0,0.0583941605839416,0,0,0.0027997200279972,0,0,0,9.99900009999e-05,0.005999400059994,0.0002999700029997,0,0.0001999800019998,0,0,0,0,0,0,0,0.0004999500049995,0,0,0,0,0,0,0,0,0,0,0,0.0003999600039996,0,0,0,0,0,0,9.99900009999e-05,0,0,0.0004999500049995,0,9.99900009999e-05,0,0,0,0,0,9.99900009999e-05,0,0,0,0,0.0010998900109989,0,0,0.0013998600139986,0,0,0.0001999800019998,0.0001999800019998,0,0,0.0056994300569943,0,0.0007999200079992,0,0,0,0.0001999800019998,0,0,0,0,0,0,0,0,0,0,0,0.005999400059994,0,0.0070992900709929,0,0,0,0.0008999100089991,0,0.0002999700029997,0.0066993300669933,0.0001999800019998,0,0,0.0064993500649935,0,0,0,0.0071992800719928,0.0022997700229977,0,0.0010998900109989,0,0,0.0110988901109889,0.0042995700429957,0,0.0065993400659934,0,0.0004999500049995,0,9.99900009999e-05,0,0,0,0,0,0,0,0,0,0,0,0,0,0,0,0,0,0,0,0,0,0,0,0,0,0,0,0,0,0,0,9.99900009999e-05,0,0,0.306069393060694,9.99900009999e-05,0,0,0.003999600039996,0,0.0036996300369963,0,0,0.0013998600139986,0,0,0,0,0,0,0,0,0,0.0015998400159984,0,0,0,0,0.0270972902709729,0.0058994100589941,0,0,0,0.0005999400059994,0,0,0.0522947705229477,0,0,0,0,0,0,0,0.0268973102689731,0,0,0.0017998200179982,0.0021997800219978,0,9.99900009999e-05,0,0,0,0,0,0,0,0,0,0.0034996500349965,0.0011998800119988,0.006999300069993,0,0,0.210978902109789,0,0,0,0,0.0003999600039996,0,0,0,0,0,0.0001999800019998,0.0035996400359964,0,0,0,0,0,0,0,0,0,0,0,0,0,0,0,0,0,0,0,0,0,0,0,0.0097990200979902,0,0,0.0121987801219878,0,0,0,0,0,0,0.0813918608139186,0,0,0.0016998300169983,0,0,0,0,0,0,0,0,0,0,0,0,0,0.0004999500049995,0,0,0,0
0,0,0,0,0,0,0,0,0,0,0,0,0,0,0.000599700149925037,0,0,0,0,0,0,0.00669665167416292,0,0.0015992003998001,0,0.124137931034483,0,0,0.0105947026486757,0.000699650174912544,0.064167916041979,0.000499750124937531,0,0.00349825087456272,0,0,0,0,0,0,0,0,0,0,0,0.0237881059470265,0,0,0,0,0,0,9.99500249875062e-05,0,0,0,0,0,0,0.00339830084957521,0,0,0,0,0,0,0,0,0,0,0.00619690154922539,0,0,0,0,0,0,0,0,0.0152923538230885,0,0,0,0,0,0.000299850074962519,0,0,0,0,0,0,0,0,0,0,0.000599700149925037,0,0,0,0,0.000199900049975012,0,0,0,0,0,9.99500249875062e-05,0,0,0,0,9.99500249875062e-05,0.00609695152423788,0,0,0,0,0.00979510244877561,0,0.00429785107446277,0,0,0,0.0973513243378311,0,0,0,0,0,0.133133433283358,0.0142928535732134,0,0,0,0,0,0,0,0,9.99500249875062e-05,0.000199900049975012,0,9.99500249875062e-05,0,0,0,0,0.00249875062468766,0,0,0,0,0,0,0,0,0,0,0.000299850074962519,0,0.00709645177411294,0,0,0,0,0,0,0.000599700149925037,0,0,0.000199900049975012,0.00169915042478761,0,0,0,0.00559720139930035,0.00829585207396302,0,0.00249875062468766,0,0.00119940029985007,0,0,0.00179910044977511,0,0,0,0,0,0,0.0275862068965517,0,0,0,0,0.00819590204897551,0.0101949025487256,0,0,0,0,0,9.99500249875062e-05,0,0,0,0,9.99500249875062e-05,0,0.00269865067466267,0,0,0,0,0.00199900049975012,0.00259870064967516,0,0.00279860069965018,0,0.00149925037481259,0,0,0,0,0,0,0,0.00889555222388806,0,0,0,0,0.00239880059970015,0,0,0.00139930034982509,0,0,0,0,0,0.0293853073463268,0,9.99500249875062e-05,0,0,0,0,0,0,0,0.00509745127436282,0,0,0.0110944527736132,0.00079960019990005,0,0,0.00119940029985007,0,0,0,0,9.99500249875062e-05,0,0,0,0,0.000199900049975012,0,0,0.0125937031484258,0.00079960019990005,0,0,0,0,0,0.248375812093953,0,9.99500249875062e-05,0.0382808595702149,0,0,0.000199900049975012,0,0,0,0,0,0,0,0,0,0,0.00309845077461269,0,0,0.0183908045977011,0
0,0,0,0,0,0,0,0.000799760071978406,0,0,0,0,0,0,0.00969709087273818,0,0,0,0,0,0.00289913026092172,0.000999700089973008,0,0,0,0.192342297310807,0,0,0.0137958612416275,0.000199940017994602,0,0.00699790062981106,0,0.00259922023392982,0,0,0,0,0,0,0,0,0,0.00129961011696491,0,0.000799760071978406,0,0,0.000999700089973008,0,0.000199940017994602,0,0,0,0,0,0,0,0,0.000299910026991902,0,0,0,0,0,0,0.000199940017994602,0,0.000899730080975707,0.000699790062981106,0,9.99700089973008e-05,0.000199940017994602,0.000699790062981106,0,0,0,0,0,9.99700089973008e-05,0,0.00729781065680296,9.99700089973008e-05,0,0,0,0,0,0,0.00799760071978406,0,0.000499850044986504,0,0,0,0,0,0.000199940017994602,0.00159952014395681,0,0,0,0,0,0.000299910026991902,0,0.0272918124562631,0.00209937018894332,0,0.0130960711786464,0,0,0.00149955013495951,0.000199940017994602,0,0,0.00939718084574628,0,0.000199940017994602,0.00139958012596221,0.0154953513945816,0,0,0.000799760071978406,0.00329901029691093,0,0,0,0,0,0.0435869239228232,0,0,0,0,0,0.017294811556533,0,0,0,0,0,0,0,0,0,0,0,0,0,0,0,0,9.99700089973008e-05,0,0,0,0,0,0,0,0,0,0,0,0,0,0,0,0,0,0,0.000299910026991902,0,0,0.00239928021593522,0.0125962211336599,0,9.99700089973008e-05,0,0,0.00359892032390283,0,0,0,0,0,9.99700089973008e-05,0,0,0,0.00109967009897031,0,0,0,0,0.0140957712686194,0.0258922323303009,0,0,0,0,0,0,0,0.0108967309807058,0.000399880035989203,0,0,0,0.00769769069279216,0,0,0,0,0.00599820053983805,0.000699790062981106,9.99700089973008e-05,0,0.000599820053983805,0,0.00689793062081376,0,0,0,0,0,0,0,0.00999700089973008,0.00159952014395681,0,0,0.0896730980705788,0,0,0,0,0,0,0,0,0.00139958012596221,0,0,0,0,0,0,0,0.0775767269819054,0,0,0,0,0,0,0,0,0,0,0,0,9.99700089973008e-05,0,0,0.00489853044086774,0,0.00279916025192442,0.0468859342197341,0,0,0.133260021993402,0,0,0,0,0,0,0.13665900229931,0,0,0.00139958012596221,0,0,0.00459862041387584,9.99700089973008e-05,0,0,0,0,0,0,0,0,0,0.00249925022493252,0,0,0.00249925022493252,0
0,0,0,0,0,0,0.000299880047980808,9.99600159936026e-05,0,0,0,0,0,0.0147940823670532,0.00179928028788485,0,9.99600159936026e-05,0,0,0,0.000299880047980808,0,0,0,0,0.0229908036785286,0,0,0.00269892043182727,0.000199920031987205,0,0,0,0,0,0,0.00179928028788485,0.00359856057576969,0,9.99600159936026e-05,0,0,0,0.00419832067173131,0,0,0,0,0,0,0,0,0,0,0,0,0,0,0,9.99600159936026e-05,0,0,0,0,0,0,0.00199920031987205,0,0,0,0,0,0,9.99600159936026e-05,0,0,0,0,9.99600159936026e-05,0,0,0,0.000699720111955218,0,0,0.00339864054378249,0,0,9.99600159936026e-05,0.00279888044782087,0,9.99600159936026e-05,0.0388844462215114,0,0,0,0.000299880047980808,0,0,0,0,0,0,0,0,0,0,0.0317872850859656,0,0.00269892043182727,0,0,0,0.00039984006397441,0,0,0,0,0.0139944022391044,9.99600159936026e-05,0.00959616153538585,0,0.0039984006397441,0.000199920031987205,0.0422830867652939,0,0,0,0,0,0.0692722910835666,0.000199920031987205,0,0,9.99600159936026e-05,0,0.000299880047980808,0,0,0,0.0100959616153539,0,0,0,0,0,0,0,0.00179928028788485,0.000199920031987205,0,0,0,0,0,0,0,0,0,0,0,0.0038984406237505,0,0,0.000199920031987205,0,0,0,0,0,0,0.00679728108756497,0.000199920031987205,0,0,0,0.00179928028788485,0,0.00079968012794882,0,0,0.00219912035185926,0,0,0.000599760095961615,0,0,0,0,0,0,9.99600159936026e-05,0,0,0,0.00039984006397441,0.000599760095961615,0,0,0,0,0,0,9.99600159936026e-05,0,0,0,0,0,0,0.00169932027189124,0,0,0,0,0.00589764094362255,0.00119952019192323,0,0.0425829668132747,0,0.0078968412634946,0,0,0,0,0,0,0,0,0,0,0,0,0.00259896041583367,0,0,0,0,0.000599760095961615,0,0,0,0.0286885245901639,0,0,0,0,0,0,0,0,0,0,0,0,0.000999600159936026,0.000599760095961615,0,0,0,0,0,0,0.000199920031987205,0,0,0,0,0,0.024390243902439,0,0,0.0688724510195922,0,0,0,0.12734906037585,0,0,0.179828068772491,0,0.164634146341463,0.0231907237105158,0,0,0,0,0,0,0,0,0,0,0,0,0,0.000499800079968013,0,0,0.0119952019192323,0
0,0,0,0.000199860097931448,0,0,0.00129909063655441,0,0,0,0,0,0,0.00679524332966923,0.00169881083241731,0.000199860097931448,9.9930048965724e-05,0,0,0,0,0,0,0,0,0.144998501049266,0,0,0.00149895073448586,0.00109923053862296,0.0137903467572699,0.0020985310282802,0,0.00549615269311482,0,0,0.000799440391725792,0,0,9.9930048965724e-05,0,0,0,0,0,0,0,0.0020985310282802,0,0,9.9930048965724e-05,0,0,0,0.00799440391725792,0,0,0,0,0.00949335465174378,0,9.9930048965724e-05,0,0.000199860097931448,0,0.00259818127310882,0.00479664235035475,0,0,0.00149895073448586,0.00369741181173179,0,0.00049965024482862,0.00099930048965724,0,0,0,0,0,0.00159888078345158,0,0.000699510342760068,0,0,0.00109923053862296,0.00609573298690916,0,0,0,0,0.00139902068552014,0.00149895073448586,0,0,0,0,0,0,0.00109923053862296,0,0,0.000299790146897172,0.000699510342760068,0,0.000199860097931448,0,0,0.0276806235635055,0,0,0,0.000899370440691516,0,0.00659538323173778,0,0,0.00929349455381233,0,0.0183871290096932,0,0.00899370440691516,0,0,0,0,0,0.00139902068552014,0,0,0.011591885680024,0.0534625761966623,0,0,0,0,0,9.9930048965724e-05,0.000299790146897172,0,0,0.00049965024482862,0.000399720195862896,0,0,0,0,0.000799440391725792,0,0.00529629259518337,0.000899370440691516,0,0,0.000199860097931448,0,0,0,0,0,0.00099930048965724,0,0,0.00359748176276606,0,9.9930048965724e-05,0,0,0,0,0.002897971420006,0,0,0.00179874088138303,9.9930048965724e-05,0,0,0,0.00519636254621765,0.00649545318277206,0.0236834216048766,0,0,0,0,0,0,0,0,0,0.0156890176876187,0,0,0.00189867093034876,0,0,0,0,0.0215848905765964,0.00989307484760668,0,0,0,0.000399720195862896,0,0.00359748176276606,0,0.00349755171380034,0,0.00389727190966324,9.9930048965724e-05,0,0.00699510342760068,0,0.0024982512241431,0,0,0.00339762166483462,0.00509643249725192,0.00829419406415509,0.00299790146897172,0.000599580293794344,0.00589587288897772,0.0396722294393924,0,0,0,0,0,0,0.000899370440691516,0.00179874088138303,0.00379734186069751,0.000299790146897172,0,0.0237833516538423,0.000399720195862896,0,0.00139902068552014,0,0,0.0531627860497652,0,0,0.000399720195862896,0.000899370440691516,0,0,0,0,0,0,0,0.000299790146897172,0,0,0.00919356450484661,0.000599580293794344,0.00169881083241731,0,0.00169881083241731,0,0.000199860097931448,0,0,0.00189867093034876,0,9.9930048965724e-05,0.000299790146897172,0,0,0.00119916058758869,0.00099930048965724,0,0.0356750274807635,0.124512841011292,0,0,0,9.9930048965724e-05,0,0.116418507045068,0,0,0.0343759368442091,0,9.9930048965724e-05,9.9930048965724e-05,0,0,9.9930048965724e-05,0.00819426401518937,0,0,0,9.9930048965724e-05,0.00279804137104027,0,0,0,0.00229839112621165,0.0135904866593385,0
0,0,0,0,0,0,0,0.000299820107935239,0,0,0,0,0,0,0,0,0.000199880071956826,9.9940035978413e-05,0,0,0.00139916050369778,0.000999400359784129,0,0,0,0.000799520287827304,0,0,0.000899460323805717,0.00169898061163302,0.0701579052568459,0,0,9.9940035978413e-05,0,0,0.00269838097141715,0.0124925044973016,0,0,0,0,0,0,0,0,0,0,0,0,0,0,9.9940035978413e-05,0.000299820107935239,0,0,0,0,0,0.018388966620028,0,0,0,0,0,0,0.0403757745352788,0,0,0.00899460323805717,0.00139916050369778,0,0,0.000299820107935239,0,0,0,0,0,0,0,9.9940035978413e-05,0.0311812912252648,0,0,0,0,0,0,0.00709574255446732,0,0.00109934039576254,0.000299820107935239,0,0,9.9940035978413e-05,0,0,0,0,0,0,0,0,0,0,0,0.433839696182291,0,0.00119928043174096,0,0,0,0.00349790125924445,0,0.000299820107935239,0,0,0.00249850089946032,0,0,0,0,9.9940035978413e-05,0.00249850089946032,0,0,0,0,0,0,0.01259244453328,0,9.9940035978413e-05,0,0,9.9940035978413e-05,0,0,0.000399760143913652,0.00319808115130921,0,0,0,0,0,0,0,0,0,0,0,9.9940035978413e-05,0.00299820107935239,0,0,0,0,0,0,0,0,0,0,0,0,0,0,0,0,0,0.00139916050369778,9.9940035978413e-05,0,0,0,0,0,0.0380771537077753,0,0,0,0,0,0,0,0,0,0,0,0.000899460323805717,0.00729562262642415,9.9940035978413e-05,0,0,0,0,0,0,0,0,0,0,0.000999400359784129,0,0.0174895062962223,0,0,0,0.000299820107935239,0.000299820107935239,0,0,0.000299820107935239,0,0.000199880071956826,0.00809514291425145,0,0,0,0.0117929242454527,0,0,0,0,0,0,0,0,0,0.0128922646412153,0,0,0.0264841095342794,0,0,0.000299820107935239,0,0,0,0,0.00169898061163302,0,0,0.0124925044973016,0,0,0,0,0,0,0,0,0,0,0.00169898061163302,0,0,0,0.000399760143913652,0.000199880071956826,0,0,0,0,0,0.000699580251848891,0.000199880071956826,0,0.00409754147511493,0,0.00489706176294223,0.00779532280631621,9.9940035978413e-05,0,0,0,0,0,0.153907655406756,0,0.00349790125924445,0.0113931641015391,0,0.000799520287827304,0,0,0.000199880071956826,0.00239856086348191,0,0,0,0,0,0.00139916050369778,9.9940035978413e-05,0,0,0,0,0
0,0,0,0,0,0,0,0,0,0,0,0,0,0,0.0010998900109989,0,0,0,0,0.0047995200479952,0,0,0,0,0,0.0001999800019998,0,0,0.0026997300269973,0.015998400159984,0,0,0,0.008999100089991,0,0,0.0005999400059994,0.0264973502649735,0,0.0001999800019998,0,0,0,0.0434956504349565,0,0.0391960803919608,0,0,0,0,0,0,0,0,0,0,0,0,0,0,0,0,0,0,0,0,0.0074992500749925,0,0,0,0,0,0,0.0091990800919908,0,0,0,0,0,0.138286171382862,0,0,0,0,0,0,0,0,0,0,0,0.0025997400259974,0,0,0,0.0050994900509949,0,0,0.0017998200179982,0,0,0,0,0,0,0,0.0520947905209479,0.0611938806119388,0,0,0,0,0,0,0,0,0,0,0.0128987101289871,0,0,0,0,0,0.0037996200379962,0,0,0,0.0038996100389961,0,0.0300969903009699,0.0247975202479752,0,0,0,0,0.0011998800119988,0.0001999800019998,0,0,0,0,0,0,0,0,0,0,0,0,0.0028997100289971,0,0,0,0,0,0,0,0.0336966303369663,0.011998800119988,0,0,0,0.0316968303169683,0,0,0,0,0,0,0,0,0,0,0,0,0,0.0363963603639636,0,0,0,0,0,0,0,0,0,0,0,0,0,0.0062993700629937,0,0,0,9.99900009999e-05,0,0,0,0,0,0,0.0010998900109989,0.0372962703729627,0,0,0,0,0,0.0011998800119988,0,0,0.0032996700329967,0,0,0,0,0.0550944905509449,0.000999900009999,0,0.0112988701129887,0,0,0,0,0,0,0,0.0068993100689931,0,0.0453954604539546,0,0,0.04999500049995,0,0,0,0,9.99900009999e-05,0,0,0,0,0,0,0,0,0,0,0,0.0455954404559544,0,0,0,0,0,0,0,0.0016998300169983,0.0261973802619738,0,0,0,0,0,0,0,0.0053994600539946,0,0,0,0,0.0272972702729727,0,0,0,0,0,0,0,0,0,0.0421957804219578,0,0,0,0,0,0,0,0,0,0,0,0,0,0.0005999400059994,0.0123987601239876,0,0.0043995600439956,0
0,0,0,0,0,0,0.00209916033586565,0,0.000199920031987205,0,0,0,0,0,0,0,9.99600159936026e-05,0,0,0,0,0,0,0.000599760095961615,0,0.318572570971611,0,0,0.00109956017592963,0.00639744102359056,0,0,0,0,0,0,0,0,0,0,9.99600159936026e-05,0,0,0,0,0.0102958816473411,0,0,0,0,0,0,0,0,0,9.99600159936026e-05,0,9.99600159936026e-05,0,0.00409836065573771,0,9.99600159936026e-05,0,0,0,0,0.0115953618552579,0.000199920031987205,9.99600159936026e-05,0,0,0,0,0,0.148340663734506,0,0,0,0,0.000499800079968013,0,0,0.00909636145541783,0,0,9.99600159936026e-05,0,0,0,0.00179928028788485,0,0.000899640143942423,0,0,0,0,0,0,0,0,0,0,0,0,0,0,0,0.0158936425429828,0,0,0.00109956017592963,0,0,0,0,0.00039984006397441,0,0,0.0143942423030788,9.99600159936026e-05,0.00709716113554578,0,0,0,0.00249900039984006,0,0,0,0,0,0.0227908836465414,0.00299880047980808,0,0,0,9.99600159936026e-05,9.99600159936026e-05,0,0,0,0,0,0,0,0,0,0,0,0.00839664134346262,0,0,0,0,0,0,0,0,0,0,0.000899640143942423,0,0.00689724110355858,0,0,0,0,0,0,0,0,0,0,0.000199920031987205,0,0,0,0.00509796081567373,0,0,0,0,0.00169932027189124,0,0,0.00109956017592963,0.00119952019192323,0,0,0,0,0,0.00369852059176329,0.000199920031987205,0,0,0,0.0341863254698121,0.00969612155137945,0,0,0,0.00199920031987205,0,9.99600159936026e-05,0,0,0,0,0,0,0,0,0,0,0,0.00409836065573771,0.0216913234706118,0,0,0,0,0,0,0,0.000599760095961615,0,0,0,0,0.00519792083166733,0.00199920031987205,0,0,0.00459816073570572,0,0,0.00039984006397441,0,0.00039984006397441,9.99600159936026e-05,0,0,0.0708716513394642,0,0.000199920031987205,0,0,0,0,0,0,0,0,0,0,0.000999600159936026,0,0,0,0,0,0,0,0,0.0546781287485006,0,0,0,0.00079968012794882,0.00259896041583367,0,0,0.107157137145142,0,0,0,0,0,0,0.060875649740104,0,0,0,0,0,0.00259896041583367,0,0.00079968012794882,0,0,0,0,0,0,0,0,0,0,0,0,0
0,0,0,0,0,0,0.0002000400080016,0.000400080016003201,0,0,0,0,0,0,0.000700140028005601,0,0,0,0,0,0,0.0021004200840168,0,0,0,0.000800160032006401,0.0001000200040008,0,0,0,0.0456091218243649,0,0,0.0016003200640128,0,0,0,0,0,0,0,0.0001000200040008,0.0841168233646729,0.00500100020004001,0,0.0472094418883777,0,0,0,0,0,0,0,0,0.000900180036007201,0,0,0,0,0.00600120024004801,0,0,0,0,0,0,0,0,0,0,0.00720144028805761,0,0,0.0002000400080016,0,0,0,0,0,0.0018003600720144,0,0,0.000500100020004001,0,0,0,0,0,0,0,0,0,0,0.00470094018803761,0,0,0,0,0.000800160032006401,0,0,0,0,0,0,0.0003000600120024,0.00960192038407682,0.014002800560112,0,0,0,0,0,0.00750150030006001,0.000700140028005601,0,0,0,0.00650130026005201,0,0,0,0,0,0.00790158031606321,0,0,0,0,0,0.00650130026005201,0.00700140028005601,0,0,0,0,0,0,0,0,0,0,0,0,0,0,0,0,0,0,0.0023004600920184,0.0002000400080016,0,0,0,0,0,0,0.00980196039207842,0.00810162032406481,0,0,0.0001000200040008,0.0583116623324665,0,0,0,0,0,0,0,0,0,0,0,0,0,0.00620124024804961,0.0223044608921784,0,0,0,0,0,0,0,0,0,0,0,0,0.00760152030406081,0,0,0,0,0,0,0,0,0,0,0,0.317263452690538,0,0,0,0,0,0,0,0,0,0,0.0002000400080016,0,0.0024004800960192,0.0021004200840168,0,0.0017003400680136,0,0,0,0,0,0,0.024004800960192,0,0.0169033806761352,0,0.0121024204840968,0.0001000200040008,0,0.0141028205641128,0,0,0,0,0,0,0,0,0,0,0,0,0,0,0,0,0.027005401080216,0,0,0,0,0,0,0,0,0.000700140028005601,0,0,0,0.0003000600120024,0,0,0,0.00560112022404481,0,0.0358071614322865,0,0,0,0,0,0,0,0,0,0.106521304260852,0,0,0.0307061412282457,0,0,0,0,0,0,0.00540108021604321,0,0,0,0,0.00510102020404081,0.000400080016003201,0,0.00250050010002,0,0.00410082016403281,0
0.0006000600060006,0,0,0,0,0,0,0,0,0,0,0,0,0,0,0,0.0053005300530053,0,0,0,0,0.0101010101010101,0,0.0004000400040004,0,0,0,0,0.0021002100210021,0.0001000100010001,0.0002000200020002,0,0,0,0,0,0,0,0,0,0,0,0,0,0,0,0,0,0,0,0,0,0,0,0,0,0,0,0,0.035003500350035,0,0,0,0,0,0,0,0,0,0,0,0,0,0,0,0,0,0,0,0,0,0.0019001900190019,0.0341034103410341,0,0,0.0009000900090009,0,0,0,0,0,0.0093009300930093,0,0,0,0,0,0,0,0,0,0.0003000300030003,0,0,0,0,0,0.0034003400340034,0,0.0107010701070107,0,0,0.0001000100010001,0,0,0.0004000400040004,0,0,0,0.0002000200020002,0,0,0,0,0,0,0,0,0,0,0,0,0,0.0001000100010001,0,0,0.0014001400140014,0,0,0,0,0,0.0005000500050005,0,0,0,0.0088008800880088,0,0,0.0008000800080008,0,0,0.0027002700270027,0,0,0,0.005000500050005,0,0,0,0,0,0,0,0,0,0,0.0008000800080008,0,0,0,0,0,0.0001000100010001,0,0,0,0,0.0918091809180918,0,0,0,0,0,0,0,0,0,0,0,0,0.0066006600660066,0,0.0024002400240024,0,0,0,0,0,0,0,0,0,0.214721472147215,0,0.002000200020002,0,0,0,0,0,0,0,0,0,0.0001000100010001,0.0145014501450145,0,0,0,0.0064006400640064,0,0,0,0,0,0,0,0,0,0,0,0,0.0181018101810181,0,0,0,0,0,0.0003000300030003,0,0,0,0,0.0005000500050005,0,0,0,0,0,0,0,0,0,0.0006000600060006,0,0,0,0,0.0031003100310031,0.0013001300130013,0,0,0.0013001300130013,0,0,0,0,0,0.0008000800080008,0,0,0.0001000100010001,0,0,0,0,0,0,0.432043204320432,0,0,0.0612061206120612,0.0002000200020002,0,0,0,0,0,0,0,0,0,0,0.0051005100510051,0,0.0015001500150015,0,0,0,0
0,0,0,0,0,0,9.98701687805852e-05,0.0026964945570758,0,0,0,9.98701687805852e-05,9.98701687805852e-05,0.00918805552781384,0.000299610506341756,0,0,9.98701687805852e-05,0,0,0,0.00289623489463697,0,0.000299610506341756,0,0.047438330170778,0,0,0.0113851992409867,0,0.0148806551483072,0,0,0.00369519624488165,9.98701687805852e-05,0.00129831219414761,0.00179766303805053,0.0166783181863577,9.98701687805852e-05,0,0,0,0,0.00159792270048936,0,0.0162788375112354,9.98701687805852e-05,0.000599221012683511,0,0,0,9.98701687805852e-05,0,9.98701687805852e-05,0.00549285928293219,0,0,0,0,0.00309597523219814,0,0.00219714371317288,0,0,0,9.98701687805852e-05,0.0395485868371118,0,0.00019974033756117,0.00908818535903326,0.00309597523219814,0,0,0.00729052232098272,0,0,0,0,9.98701687805852e-05,0.0347548187356437,0.000299610506341756,0,0.04094676920004,0,0.0405472885249176,9.98701687805852e-05,0.0631179466693299,0,0,0.00179766303805053,0,9.98701687805852e-05,0.00019974033756117,0,9.98701687805852e-05,0.000399480675122341,0,0,0,0,0,0,0,0,0.000599221012683511,0.000599221012683511,0.00249675421951463,0.010586237890742,0.0026964945570758,0.000599221012683511,0,0,0,0.017577149705383,0,0,0.000499350843902926,9.98701687805852e-05,0.00439428742634575,0,0.00109857185658644,9.98701687805852e-05,0,0,0.00129831219414761,0.0100868870468391,0.00019974033756117,0,0,0.00549285928293219,0.0767002896234895,0,0.000299610506341756,0,0,0,9.98701687805852e-05,0,0,0,9.98701687805852e-05,9.98701687805852e-05,0,0,0,0,0.000798961350244682,0,0.000798961350244682,9.98701687805852e-05,0,0,9.98701687805852e-05,0,0,0,0,0,0,0.0026964945570758,0,0.00139818236292819,0,0.143513432537701,0,0,0,0,0,0.000299610506341756,0.000299610506341756,9.98701687805852e-05,0,9.98701687805852e-05,0,0,0.0026964945570758,0.0112853290722061,0.00119844202536702,0,0,0.000499350843902926,0,0,0.00019974033756117,0,0,0.00759013282732448,0.000399480675122341,0.00019974033756117,0,0.0094876660341556,0,0,0.000798961350244682,0,0.0111854589034255,0.00439428742634575,9.98701687805852e-05,0,0,0.000399480675122341,0,0,0,0.000299610506341756,0,0,9.98701687805852e-05,0.000299610506341756,0.0026964945570758,0,0,0.000699091181464097,0.00229701388195346,0.000998701687805852,0.00169779286926995,0.00788974333366623,0.000798961350244682,0,0.00179766303805053,0.0297613102966144,0.00519324877659043,0,0.00019974033756117,0,0.00119844202536702,0,0.00459402776390692,0.00778987316488565,0.0223709178068511,0.000299610506341756,0.00019974033756117,0.0067911714770798,0,9.98701687805852e-05,0,0.00019974033756117,0.000299610506341756,0,0,0,0.000399480675122341,0.00559272945171277,0,0,0,9.98701687805852e-05,0.000699091181464097,0,0.0101867572156197,0.000399480675122341,0.00249675421951463,0,0.00139818236292819,0.00019974033756117,0,0,0.00479376810146809,0.000399480675122341,9.98701687805852e-05,0,0,9.98701687805852e-05,0,0,9.98701687805852e-05,0.00169779286926995,9.98701687805852e-05,0,9.98701687805852e-05,0.00798961350244682,0.00109857185658644,0,9.98701687805852e-05,0,0,0,0.000299610506341756,0.0902826325776491,0,0,0.0411465095376011,0,0,0,0,0,0.00249675421951463,0.00469389793268751,0,0,0,0,9.98701687805852e-05,0,9.98701687805852e-05,0,0,0.0033955857385399,0
0,0,0,0,0,0,9.99700089973008e-05,0,0.18704388683395,0,0,0,0,0,0.00149955013495951,0,0,0,0,0,0,0.00249925022493252,0,0,0,0.313805858242527,0,0,0.000499850044986504,0.0105968209537139,0,0,0,0.00599820053983805,0,0,9.99700089973008e-05,0.0129961011696491,0,0,0,0,0,0.00239928021593522,0,0,0,0,0,0,0,0,0,0,0,0,0,0,0,0,0,0,0,0,0.000499850044986504,0,0,0,0,0,0,0,0,0.000399880035989203,0,0,0,0,0,0,0,9.99700089973008e-05,0.0279916025192442,0,0,0,0.0292912126362091,0,0,0.00779766070178946,0,0.000499850044986504,0.000599820053983805,0,0,0,0,0,0,0,0,0,0,0,0,9.99700089973008e-05,0.0170948715385384,0.0199940017994602,0,0,0,0,0,0.00829751074677597,0,0,0,0,0.0146955913226032,0,0,0,0,0,0.00969709087273818,0,0,0,0,0,0.00199940017994602,0,0,0,0,0,0.000399880035989203,0,0,0,0.00289913026092172,0,0,0,0,0,0.00159952014395681,9.99700089973008e-05,0,0,0.00129961011696491,0,0,0,0,0,0,0,0,0,0,0,0,0,0,0,0,0,0,0,0,0,0,0,9.99700089973008e-05,0,0,0,0,0,0,0,0,0,0.000199940017994602,0,0,0,0,9.99700089973008e-05,0,0.00759772068379486,0,0,0,0,0,0,0,0,0,0,0,0,9.99700089973008e-05,0.000599820053983805,0,0,0,0.000299910026991902,0,0,0.000399880035989203,0,0,0,0.0100969709087274,0.0173947815655303,0.0272918124562631,0,0,0,0,0,0,0,0,0,0,0,0,9.99700089973008e-05,0,0,0,0,0,0,0,0,0,0,0,0,0,0,0,0,0,0,0,0.000799760071978406,0.00389883035089473,0,0,0.000399880035989203,0,0,0,0,0,0,0,0.000599820053983805,0,0,0,0,0,0.00359892032390283,0,0,0.0299910026991902,0,0.000699790062981106,0,0,9.99700089973008e-05,0.000199940017994602,0.161051684494652,0,0,0.0279916025192442,0,0,0,0,0,0,0.00629811056682995,0,0,0,0,0.000899730080975707,0.000199940017994602,0,0.00409877036888933,0,0.0119964010796761,0
0,0.00269892043182727,0.000499800079968013,0,0,0,0,0,0,0,0,0,0,0.0278888444622151,0.0315873650539784,0,0,0,0,0,0.0039984006397441,0.00589764094362255,0,0,0,0.102958816473411,0,0,0.00139944022391044,0,0.0102958816473411,0,0,0.00409836065573771,0,0,0,0.00259896041583367,9.99600159936026e-05,0,0,0,0,0.00409836065573771,0.000699720111955218,0,0,0.00039984006397441,0,0,0,0,0,0,0,0,0,0,0,0,9.99600159936026e-05,0,0,0,0,0,0,0,0,0,0,0,0,0.00079968012794882,0,0,0,0,0,0.0078968412634946,0,0,0.0132946821271491,0,0,0.00039984006397441,0,0,0,0.00309876049580168,0,0,0.00819672131147541,0,0,0,0,0,0,0,0,0,0,0,0,0,0.0163934426229508,0.126649340263894,0,0,0,0,0,0,0,0,0,0.000699720111955218,0.00149940023990404,0,0,0,0,0,0.0119952019192323,0,0,0,0,0,0,0.000999600159936026,0,0,0,0,0.0442822870851659,0,0,0,0,0,0,0.000299880047980808,0,0,0.000199920031987205,0,0,0,0.000599760095961615,0,0,0.00189924030387845,0,0,0.00219912035185926,0,0,0,0,0,0,0,0,0,0,0,0,0,0,0,0,0,0,0,0,0,0.0123950419832067,0.000299880047980808,0,0,0,0,0.000199920031987205,0,0,0,0,0,0,9.99600159936026e-05,9.99600159936026e-05,0,0,0,0,0,0,0,0,0,0,0,0,0,0,0,0,0.000299880047980808,0,0,0,0,0,0,0.00529788084766094,0,9.99600159936026e-05,0,0.00709716113554578,0,0,0,0,0,0,0,0.0168932427029188,0,0.023390643742503,0,0,0.0907636945221911,0,0,9.99600159936026e-05,0,0,0,0,0,0,0,0.00039984006397441,0,0,0.00039984006397441,0,0,0,0,0.00169932027189124,0,0.00079968012794882,0.000299880047980808,0,0,0,0,0,0,0,0,0,0,0,0,0,0.06187524990004,0,0,0.00539784086365454,0,0,0,0,0,9.99600159936026e-05,0.289484206317473,9.99600159936026e-05,0,0.0203918432626949,0,0,0,0,0.0158936425429828,0,0,0,0,0,0,0.000599760095961615,0,0.000599760095961615,0,0,0.00419832067173131,0
0.0127012701270127,0,0,0,0,0,0,0.001000100010001,0,0,0,0.0006000600060006,0,0.0002000200020002,0.0063006300630063,0,0,0,0,0.036003600360036,0,0.0013001300130013,0,0,0,0,0,0.0028002800280028,0,0,0,0,0,0.068006800680068,0,0,0,0,0,0,0,0,0,0,0,0.0586058605860586,0.0323032303230323,0,0,0,0,0,0,0,0.0014001400140014,0,0,0,0,0,0,0,0,0,0,0,0,0,0,0,0,0.0022002200220022,0,0,0,0.055005500550055,0,0,0,0.0002000200020002,0,0,0,0,0,0,0,0,0,0.0136013601360136,0,0,0,0,0.0072007200720072,0,0,0.0003000300030003,0.006000600060006,0,0,0.0065006500650065,0,0,0.0002000200020002,0,0.0004000400040004,0,0,0,0,0,0,0.0017001700170017,0,0,0,0,0.0004000400040004,0.0015001500150015,0,0.0007000700070007,0,0.0003000300030003,0.074007400740074,0,0,0,0,0,0.0083008300830083,0.0005000500050005,0,0,0,0,0.0597059705970597,0,0,0,0,0,0,0,0.0382038203820382,0,0,0,0,0,0,0,0,0.0043004300430043,0,0,0,0,0,0,0,0,0,0,0,0,0,0,0,0,0,0,0,0,0,0,0,0,0,0,0,0,0,0,0,0,0,0.0063006300630063,0,0,0,0.0281028102810281,0.0012001200120012,0,0,0,0,0,0,0,0,0,0,0,0,0,0,0,0,0,0,0,0,0,0.0003000300030003,0.0009000900090009,0.0265026502650265,0,0.0047004700470047,0,0,0,0,0,0,0,0,0,0.0009000900090009,0.0005000500050005,0,0,0,0,0,0,0,0,0,0,0,0,0,0,0,0,0,0,0,0,0,0,0.0002000200020002,0,0,0.0227022702270227,0,0.0002000200020002,0,0,0,0,0,0.0054005400540054,0,0,0,0,0,0.247524752475248,0,0.0045004500450045,0.0256025602560256,0,0,0,0,0.0003000300030003,0.0015001500150015,0,0,0.001000100010001,0.0524052405240524,0,0,0,0,0,0,0,0,0,0,0,0.0395039503950395,0.0002000200020002,0,0,0.0222022202220222,0.0029002900290029,0.002000200020002
0,9.99500249875062e-05,0,9.99500249875062e-05,0,0,9.99500249875062e-05,0,0,0,0,0,0,0,0.0665667166416792,0,0,0,0,0,0,0,0,0,0.000199900049975012,0.270964517741129,0,0,0,0,0,0,0,0.0176911544227886,0.00539730134932534,0,0.000499750124937531,0,0,0,0,0,0,0.00079960019990005,0,0.0180909545227386,0,0,9.99500249875062e-05,0,0.00129935032483758,0,0,0,0,0,0,0,0,0,0,0,9.99500249875062e-05,9.99500249875062e-05,0,9.99500249875062e-05,0.0127936031984008,9.99500249875062e-05,0,0,0.000699650174912544,0,0,0.000699650174912544,0,0,0,0,0,0,0,0,0,0.000199900049975012,0,0,0,0.00819590204897551,0,0,0,0.00499750124937531,0.000699650174912544,0,0,0.00139930034982509,0,0,0,0,0,0.00489755122438781,0.000899550224887556,0.000299850074962519,0.000199900049975012,0,0.00129935032483758,0,0,9.99500249875062e-05,0,0,0,0.00269865067466267,0,0,0,9.99500249875062e-05,0,9.99500249875062e-05,0,0,0,9.99500249875062e-05,0.0505747126436782,0,0,0,0,0,0,0,0,0,0,0,0.0231884057971014,0,0,0,0,0,0,0,0.0103948025987006,0,0,0,0,0,0.000299850074962519,0,0.000499750124937531,0,9.99500249875062e-05,0,0,0,0.0168915542228886,0.00539730134932534,0,0,0,0,0,0,0,0.00349825087456272,9.99500249875062e-05,0.000199900049975012,0.000399800099950025,0,0.0015992003998001,0.000199900049975012,0,0,0,0,0,0,0,0,0,0,0,0,9.99500249875062e-05,0,0.000999500249875062,0,0,0.00419790104947526,9.99500249875062e-05,0,0,9.99500249875062e-05,0,0,0,0,0,0,0,0,0,0.00079960019990005,0.00109945027486257,0,9.99500249875062e-05,0.000199900049975012,0,0,0,0,0,0,0,0.000299850074962519,0,0.000299850074962519,0,0.00209895052473763,0.00199900049975012,0,0,0,0,0,0.00469765117441279,0,0,0,0,0,0,0,0,0,9.99500249875062e-05,0,0,0,0,0,0,0,0,0,0,0,0.000299850074962519,0,0,0,0,0,0,0,0,9.99500249875062e-05,0,0,0,0,0.00109945027486257,0,9.99500249875062e-05,0,0,0,0,0,0.248575712143928,0,0.000499750124937531,0,0,0,0,0.170514742628686,0,0,0.0253873063468266,0,0,0,0,0,0,0,0,0,0,0,0,0,0.000199900049975012,0,0,0,0
0,0,0,0.000299850074962519,0,0,9.99500249875062e-05,0.0031984007996002,0.000199900049975012,0,0,9.99500249875062e-05,0,0.00899550224887556,0.00359820089955022,0,0,0,0,0,0,0.000699650174912544,0,0.000399800099950025,0,0.000299850074962519,0,0,0.00209895052473763,0,0.0385807096451774,0.0461769115442279,0,0.00809595202398801,0,0.0239880059970015,0.00109945027486257,0.000599700149925037,0,0,0,9.99500249875062e-05,0,0.00599700149925037,0,0.000499750124937531,0,0,0,0,0,0,0,0,0.00419790104947526,0,0,0,0,0.000699650174912544,0,0.00389805097451274,0,0,0,0,0.000599700149925037,0,0,0,0.00699650174912544,0,0,0.000399800099950025,0,0,0,0,0,0.00109945027486257,0,0.000299850074962519,0.00139930034982509,0,0,0,0,0,9.99500249875062e-05,0.00199900049975012,0.0156921539230385,0.000399800099950025,0.00199900049975012,0,0,0.0015992003998001,0,0,0.00389805097451274,0,0,0,0,0,0.00299850074962519,0.000899550224887556,9.99500249875062e-05,0.0047976011994003,0,0.000399800099950025,0,0,0,0.000599700149925037,0,0,0,9.99500249875062e-05,0.00129935032483758,0,0.0131934032983508,0.000499750124937531,0,0,0.00329835082458771,0,0,0,0,0.0114942528735632,0.0857571214392804,0.00349825087456272,0,0,0,0,0.000299850074962519,0,0,0,9.99500249875062e-05,0,0,0,0.0174912543728136,0.000399800099950025,0,0,0,0,0,0,0,0,0,0,0,0,0.0226886556721639,0,0.015392303848076,0,0.000399800099950025,9.99500249875062e-05,0,0,0,0,0,0,0,0,9.99500249875062e-05,0,0,0,0.00649675162418791,0.0095952023988006,0.00339830084957521,0,0,0,0,0,0,0,0,0,0,0,0,0.00169915042478761,0,0,0.00359820089955022,0,0,0.015192403798101,0,0,0.0143928035982009,0,0,0,0.00119940029985007,0,0,0,0,0,0,0,0,0,0.000299850074962519,0.00299850074962519,0.00169915042478761,0.000699650174912544,0,0.00169915042478761,0,0.0328835582208896,0.00519740129935032,0,0,0,9.99500249875062e-05,0,0.00729635182408796,0.00519740129935032,0.00109945027486257,0,0,0.00199900049975012,0,0.000999500249875062,0,0.000199900049975012,0,0,0,0,0.00119940029985007,0,0,0,0,0,0,0,0.000599700149925037,0,0.00329835082458771,0,0.000899550224887556,0,0,0.000499750124937531,0.000699650174912544,0.000399800099950025,9.99500249875062e-05,0,0,9.99500249875062e-05,0,0,0,0.00379810094952524,0,0.0169915042478761,0,0,0.115242378810595,0,0,0,0,9.99500249875062e-05,0.000399800099950025,0.305647176411794,0,0,0.0156921539230385,0,0,0,0,0,0.00219890054972514,0.00119940029985007,0,0,0,0,0.0309845077461269,0.000399800099950025,9.99500249875062e-05,0,0,0.00519740129935032,0
0.000299820107935239,0,0,0,0,0,0,0,0,0,0,0,0,0.00729562262642415,0.00209874075554667,0,0,0,0,0,0.00359784129522287,0.00139916050369778,0,0.000199880071956826,0,0.346791924845093,0,0.000299820107935239,0.00239856086348191,9.9940035978413e-05,0.000199880071956826,0,0.000899460323805717,0.00889466320207875,0,0,0.000299820107935239,0,0,0,0,0,0,0.00589646212272636,0,0,0,0,0,0,0,0,0,0,0,0,0,0.00129922046771937,0,0,0,0,0,0,0,0,0,0,0,0,0.000799520287827304,0,0,0.00589646212272636,0,0,0,0,0,0,0,0,0,0,0,0,0,0,0,0.004597241655007,0,0.000299820107935239,0.000299820107935239,0,0,0,0,0,0,0,0,0,0,0,0,0,0,9.9940035978413e-05,0,0,0,0,9.9940035978413e-05,0.00719568259044573,0.000599640215870478,9.9940035978413e-05,0,9.9940035978413e-05,0.0215870477713372,0.000199880071956826,0.00549670197881271,0,0,0.000299820107935239,0.0381770937437537,0,0,0,0,0,0,0.00469718169098541,0,0,0,0,0.000399760143913652,0,0,0,9.9940035978413e-05,0.00199880071956826,0,9.9940035978413e-05,0,0,0,0,0.00379772136717969,9.9940035978413e-05,0,0,0,9.9940035978413e-05,0,0,0,0,0,0,0,0,0,0,0,0,0,0.00279832100739556,0,0,0,0.00419748151109334,0,0,0,0,0.00639616230261843,0,0,0,0,0,0,0,0,0,0,9.9940035978413e-05,0,0,0,0,0,0,0,0,0.00609634219468319,0.0101938836697981,0,0,0,0.00169898061163302,0,0,0,0,0,0,0,0,0.00379772136717969,0,0,0,0,0.00249850089946032,9.9940035978413e-05,0,9.9940035978413e-05,0,0,0,0,0,0,0,0,0,0,0.000899460323805717,0.0116929842094743,0,0,0.0104937037777334,0,0,0,0,0,0,0,0.00389766140315811,0.0255846492104737,0,0,0,0,0,0,0,0,0,0,0,0.000399760143913652,0,0,0,0,0,0.000299820107935239,0,0,0,0,0,0,0,0,0.0242854287427543,0,0,0.141515090945433,0,0.000699580251848891,0,0,0,0,0.259244453328003,0,0.00249850089946032,0,0,0,0,0,9.9940035978413e-05,0.000399760143913652,0,0,0,0,0,9.9940035978413e-05,0,0.000799520287827304,0,0,0,0
0,0,0,0,0,0.0001999800019998,0,0,0,0,0,0,0.0010998900109989,0,0.0031996800319968,0,0,9.99900009999e-05,0,9.99900009999e-05,0.0034996500349965,0.004999500049995,0,0.0081991800819918,0,0.181881811818818,0,0,0.0414958504149585,0.000999900009999,0,0,0,0,0,0,0.0043995600439956,0.0112988701129887,9.99900009999e-05,0,9.99900009999e-05,0.0014998500149985,0,0.0104989501049895,0,0.0182981701829817,0,0,0.0005999400059994,0,0,0,0,0,0,0,0,0,0,0,0,0,0,0,0,0,0.0025997400259974,0,0,0,0.0024997500249975,9.99900009999e-05,0.0001999800019998,0.007999200079992,0,0.0171982801719828,0,0,0,0.0017998200179982,0,0,0.000999900009999,0,0,0.0002999700029997,0.0253974602539746,0.0001999800019998,0,0.0054994500549945,0,0.0008999100089991,0.0015998400159984,0,0,0.0005999400059994,0,0,0.0018998100189981,0,0,0,0,0,0.0003999600039996,0,0.0008999100089991,0.0217978202179782,0,0,0,0,0,0.0017998200179982,0,0.0026997300269973,0,0.0001999800019998,0.0021997800219978,0,0,0,0.0051994800519948,0.0003999600039996,0.0055994400559944,0,0,0,0,0,0.0803919608039196,0.0133986601339866,0,0,0,0,0.0116988301169883,0,0,0,0.0002999700029997,0,0,0,0.00999900009999,0.0038996100389961,0,0.0037996200379962,0,0,0,0,0,0,0.0016998300169983,0,0,0,0,0,0,0.0058994100589941,0,0,0,0.0460953904609539,0,0.0035996400359964,0,0,0.0001999800019998,0,0.0001999800019998,0,0,0,0.0071992800719928,0.0014998500149985,0,0,0,0,0,0,0.0011998800119988,0,0,0.0002999700029997,0,0,0,0.001999800019998,0.003999600039996,0,0,0,0.0137986201379862,0.0095990400959904,0,0,0,0,0,0,9.99900009999e-05,0.0010998900109989,0.0008999100089991,0.0006999300069993,0,0.0237976202379762,0.0022997700229977,0,0,0.0003999600039996,9.99900009999e-05,0.0041995800419958,0.0052994700529947,0.0022997700229977,0.0141985801419858,0,0,0,0,0,0,0,0.0096990300969903,0.0002999700029997,0.0138986101389861,0.0011998800119988,0.0076992300769923,0.0003999600039996,0,0.0013998600139986,0,0,0,0.003999600039996,0,0,0.0086991300869913,0,0,0,9.99900009999e-05,0,0,0,0,0,0,9.99900009999e-05,0.0038996100389961,0,0.0001999800019998,0.0002999700029997,0.0004999500049995,0,0.0006999300069993,0.0002999700029997,0,0,0,0.0001999800019998,0,0.0007999200079992,0,0,0,0.0058994100589941,0,0.0128987101289871,0.0172982701729827,0,0,0,0,0.0002999700029997,0.001999800019998,0.209379062093791,9.99900009999e-05,0.0010998900109989,0.0048995100489951,0,0,0,0,9.99900009999e-05,0,0.0010998900109989,0,0,0,0,0.0076992300769923,0,0.0010998900109989,0,0,0.001999800019998,0
0,0,0,0,0,0,0.0002999700029997,0,0,0,0,0,0,0,0.0035996400359964,0,0.006999300069993,0,0,0,0,0,0,0.0001999800019998,0,0,0,0,0.0017998200179982,9.99900009999e-05,0,0,0,0.0226977302269773,0,0,0,0,0,9.99900009999e-05,0,0,0,0,0,0,0,0,0,0,0,0,0,0,0,0,0,0.0002999700029997,0,0,0,0,0.0002999700029997,0,0,0,0,0,0,0.0111988801119888,0,0,0,0,0,0,0,0,0,0,0,0,0,0,0,0.0004999500049995,0,0,0,0,0,0.0016998300169983,0.0003999600039996,0,0,0.0008999100089991,0,0,0,0,0,0.0072992700729927,0,0,0,0,0,0.0223977602239776,0,0,0,0,0,0,0,0,0,0,0.0141985801419858,0,0,0,9.99900009999e-05,0.0015998400159984,0,0,0,0,0,0,0,0,0,0,0,0,0.0016998300169983,0,0,0,0.0002999700029997,0,0,0,0,0.0207979202079792,0.0045995400459954,0,0,0.0014998500149985,0,0,0,0,0,0,0,0,0,0,0,0,0,0,0,0,0,0,0,0,0.0060993900609939,0,0,0,0.0101989801019898,0,0,0,0,0,0,0,0,0,0,0,0,0,0,0,0,0,0.0002999700029997,0,0,0,0,0,0,0,0,0,0,0,0,0.0062993700629937,0,0,0,0.000999900009999,0,0,0,0,0,0,0.0054994500549945,0,0.0003999600039996,0,0,0,0,0,0,0,0,0,0,0,0,0,0,0,0,0,0,0,0,0.0024997500249975,0,0,0,0,0.004999500049995,0,0,0,0,0,0,0,0,0,0,0.0008999100089991,0,0,0,0,0,0,0,0,0,0,0,0,0,0.0256974302569743,0,0.0057994200579942,0.002999700029997,0.0003999600039996,0.0012998700129987,0,0,0,0,0.675932406759324,0,0,0.0874912508749125,0.0006999300069993,0,0.0006999300069993,0,0,0,0,0,0,0,0,0,0,0.0026997300269973,0,0,0.0324967503249675,0
0,0,0,0,0,9.9940035978413e-05,9.9940035978413e-05,0,0,0,0,0,0,0,0.00529682190685589,0,9.9940035978413e-05,9.9940035978413e-05,9.9940035978413e-05,0.00179892064761143,0.00139916050369778,9.9940035978413e-05,0,0,0,0.0260843493903658,0,9.9940035978413e-05,0.000899460323805717,0.00129922046771937,0.0333799720167899,0,0,0.000599640215870478,0,0,0,9.9940035978413e-05,0,0,0,0,0,0,0,0,0.0357785328802718,9.9940035978413e-05,0,0.000899460323805717,9.9940035978413e-05,0,9.9940035978413e-05,0.000299820107935239,0,0,0,0,0,0,9.9940035978413e-05,0,0,0,0,0.000399760143913652,0.00579652208674795,0.000599640215870478,0,0,0.000399760143913652,0,0,0,0,0,0,0,0,0,0,0,0.0161902858285029,0,0,0,0,0,0,0.00209874075554667,0,0,0.0053967619428343,0,0.000299820107935239,0,0,0,0,0,0,0,0,0,0.000399760143913652,0,0,0.276534079552269,0,0,0,0,0,0.000499700179892065,0,0.000599640215870478,0.000199880071956826,0,0.00279832100739556,0.000499700179892065,0.000199880071956826,0,0.000299820107935239,0.00159904057565461,0.00119928043174096,0,0,0,9.9940035978413e-05,0,0,0.00149910053967619,0,0,0,0,0.000899460323805717,0,0.00249850089946032,0,0.040175894463322,0,0,0,0,0,0,0,0,0,0.000299820107935239,0.000599640215870478,0,0.000199880071956826,0,0,0,9.9940035978413e-05,0,0.000399760143913652,0,0,0,0,0,0,0.000199880071956826,0,0,0,0.000199880071956826,0,9.9940035978413e-05,0,0,0,0,0.000499700179892065,0,0,0.000399760143913652,0.000599640215870478,0.000599640215870478,0,0,0,0,0,0,0,0,0.000399760143913652,0.000199880071956826,0,0,0,0,0,0,0.0938436937837298,0,0.00399760143913652,0,0,0,0.0226863881670997,9.9940035978413e-05,0,0,0.000399760143913652,0.000999400359784129,0.00339796122326604,0,9.9940035978413e-05,9.9940035978413e-05,0,0.0076953827703378,0.000399760143913652,0.00909454327403558,0,0.000199880071956826,0.000399760143913652,0,0,0,0,0,0,0.000499700179892065,0,0.00179892064761143,0,0,0.0604637217669398,0,0,9.9940035978413e-05,0,9.9940035978413e-05,0,9.9940035978413e-05,0,9.9940035978413e-05,0,0,0,0,0,0,0,0,0,0.000399760143913652,9.9940035978413e-05,0.000299820107935239,0.000699580251848891,0.00179892064761143,0,0,9.9940035978413e-05,9.9940035978413e-05,0,0,0.000199880071956826,0,0,0,0,0,0.200079952028783,0,9.9940035978413e-05,0.0317809314411353,0.000499700179892065,9.9940035978413e-05,0.000199880071956826,0,0,0.00349790125924445,0,0,0.000199880071956826,0.00199880071956826,0,0.0601639016590046,0,9.9940035978413e-05,0,0,0.000199880071956826,0.0102938237057765,0,0,0.000299820107935239,0.00439736158305017,0,0,0,0,0.000899460323805717,0
0,0,0,0,0,0,0,9.99600159936026e-05,0,0,0,0.000299880047980808,0,0,0.00159936025589764,0,0,0,0,0,0,9.99600159936026e-05,0,0.000199920031987205,0,0.0553778488604558,0,0,0.00179928028788485,0,0.0184926029588165,0.0191923230707717,0,0.00309876049580168,0,0,0,0,0,0,0,0,0,0,0,0.0266893242702919,0,9.99600159936026e-05,0,0,0,0,0,0.000899640143942423,0,9.99600159936026e-05,0,0,0,0.0199920031987205,0,0,0,9.99600159936026e-05,0,0,0.0039984006397441,0,0,0.0506797281087565,0.00039984006397441,0,0,0,0,0,0,0,9.99600159936026e-05,0.00299880047980808,0,0,0,0,0,0,0.000499800079968013,0,0,0.00119952019192323,0,0.00219912035185926,0,0,0,0,0,0,0.00139944022391044,0,0,0,0,0,0.000199920031987205,0,0,9.99600159936026e-05,0,0.0112954818072771,0,0,0,0.00149940023990404,0.00209916033586565,0.000699720111955218,0,0,0.0599760095961615,0,0.00999600159936026,0,0,0,0.00689724110355858,0.000999600159936026,0,0,9.99600159936026e-05,0,0,0,0,0,0,0,9.99600159936026e-05,0,0,0,0.000299880047980808,0,0,0,0,0,0,0,0.00349860055977609,0,0.00499800079968013,0,0,0.000899640143942423,9.99600159936026e-05,0,0,0,0.000699720111955218,0,0,0,0,0.0115953618552579,0,0,0,0,0,0,9.99600159936026e-05,0,0,0,0,0,0.00939624150339864,0,0.00129948020791683,0,0,0,0,0.00109956017592963,0,0,0,0.033186725309876,0,0,9.99600159936026e-05,0.0163934426229508,0,0,0,0,0,0.0122950819672131,0,0,9.99600159936026e-05,0,0,9.99600159936026e-05,0.314074370251899,0,0,0,0.000599760095961615,0,0,0,0.00309876049580168,0.00199920031987205,0.00109956017592963,0.00839664134346262,0.00669732107157137,0.000299880047980808,9.99600159936026e-05,0,0,0.0330867652938825,0,0.00079968012794882,0,0,0,0,0.000599760095961615,0.0287884846061575,0.00119952019192323,0,0,0.00129948020791683,0,0,0.000199920031987205,0,0,0,0,0,0.0922630947620952,0,0.000499800079968013,0.00079968012794882,0,0,0,0,0,0,0,9.99600159936026e-05,0.00129948020791683,0.014094362255098,0,0,0.00199920031987205,0,9.99600159936026e-05,0,0,0,0,0,0,0,0,0,0,0,0.0572770891643343,0,0,0,0,0,0,0.00289884046381447,0.000199920031987205,0,0.0103958416633347,0,0,0,0,0,0.00319872051179528,0,0,0,0,0,9.99600159936026e-05,0,0.00279888044782087,0,0,0.0078968412634946,0
0,0,0,0,0,0,9.99800039992002e-05,0.0010997800439912,0,0,0,0,0,0.0278944211157768,0.00329934013197361,0,0,0,0,0,0.00609878024395121,0.00429914017196561,0,0.000899820035992801,0,0.0358928214357129,0,0,0.00749850029994001,0,0.0249950009998,0,0,0.0001999600079984,0,0,9.99800039992002e-05,0.0016996600679864,0,0,0,0,0,0.0125974805038992,0,0.0001999600079984,0,9.99800039992002e-05,0,0,0,0,0,0,0,9.99800039992002e-05,0,0,0,0.0021995600879824,0.000399920015996801,0.0026994601079784,0,0.0001999600079984,0,0,0.00939812037592481,0,0,0,0.0002999400119976,0.000599880023995201,0.000699860027994401,0,0,0,0,0,0,0.000599880023995201,0,9.99800039992002e-05,9.99800039992002e-05,9.99800039992002e-05,0.0147970405918816,9.99800039992002e-05,0.013497300539892,0.000399920015996801,0,0.00389922015596881,0,0.00749850029994001,0,0,0,0.000699860027994401,0,0,0.000599880023995201,0,0,0,0,0,0.0001999600079984,0,0,0.0777844431113777,0,0,0,0,0,0.013497300539892,0,0,0,0,0.0012997400519896,0,0,0,0.00569886022795441,0,0.0023995200959808,0,0,0,9.99800039992002e-05,0,0,0.000499900019996001,0.010997800439912,0.00379924015196961,0,0,0.00419916016796641,0,0,0,0.000899820035992801,0,0,0,0,0,0.00359928014397121,0,0,0,0.000799840031993601,0,0,0,0.000799840031993601,0,0,0,0,0.000399920015996801,0,0,0,0.000499900019996001,0,0,9.99800039992002e-05,0,0,0.0001999600079984,0,9.99800039992002e-05,9.99800039992002e-05,0,0,0,0,0.0002999400119976,0.0810837832433513,9.99800039992002e-05,0,0,0,0,0,0,0,0,0,0,0,0.001499700059988,0.000499900019996001,0,0,0.0001999600079984,0,0,0,0,0,0,0,0.0155968806238752,0.0583883223355329,0.0002999400119976,0.0001999600079984,0,0,0.001999600079984,0,0,0.0011997600479904,9.99800039992002e-05,9.99800039992002e-05,0,0.00679864027194561,0.0025994801039792,0.00549890021995601,0,0,0.00539892021595681,0,0,0,0,0.00939812037592481,0,0.00949810037992401,0,0.016996600679864,0,0,0.129174165166967,0,0,0,0,0,0,0,0,0,0,0,0,0,0,0,0,0,0.0001999600079984,0,0,0.000399920015996801,0.0001999600079984,0.000399920015996801,0,9.99800039992002e-05,0,0.000499900019996001,0,0,0.0001999600079984,0,0,0,0,0.000999800039992002,0.120875824835033,0,9.99800039992002e-05,0.0183963207358528,0,0,0,0,0,0.0001999600079984,0.175164967006599,0,0,0.000399920015996801,0,0,0,0,9.99800039992002e-05,0.00689862027594481,0.000599880023995201,0,0,0,0,0.00949810037992401,0,0.0012997400519896,0,0,0.0025994801039792,0
0,0,0,0,0,0,0.000599760095961615,0.00159936025589764,0.0207916833266693,0,0.000999600159936026,0,0,0,0.00489804078368653,0,0,0,0,0,0.00749700119952019,0.00369852059176329,0,0.000599760095961615,0,0.353058776489404,0,9.99600159936026e-05,0.00139944022391044,0,0.00249900039984006,0,0,0.0078968412634946,0,0,0,0.0191923230707717,0,0,0,0,0.00279888044782087,0.0078968412634946,0,0.0639744102359056,0,0.00039984006397441,0.000499800079968013,0,0,0,0,0,0,0,0,0,0,0,0,0.00179928028788485,0,0,0,0,0.007796881247501,0,0,0,0.00439824070371851,0,0,0.00109956017592963,0,0,0,0,0,0.00579768092762895,0,0,0.00309876049580168,0,0.00139944022391044,0,0,0,0,0.00419832067173131,0,0.00679728108756497,0.00079968012794882,9.99600159936026e-05,0,0,0.000899640143942423,0,0,0,0,0,0,0,0.000199920031987205,0,0.000299880047980808,0.101759296281487,0,0,0,0,0,0.00129948020791683,0,0,0,0,0.00849660135945622,9.99600159936026e-05,0,0,0,0.000199920031987205,0.00179928028788485,0,0,0,0,0.0109956017592963,0.000299880047980808,0.00109956017592963,0,0,0,0,0.000299880047980808,0,0,0,0.00699720111955218,0,0,0,0,0,0,9.99600159936026e-05,0,0,0.000299880047980808,0,0,0.000699720111955218,0,0,0,0,0.000299880047980808,0,0.000199920031987205,0,0,0,0,0,0,0,0,0.000599760095961615,0,0,0,0,0,0,0.000199920031987205,0,0.0833666533386645,0,0,0,0,0,0,0,0,0,0,0,0,0.00219912035185926,0,0,0,0,0,0,0,0,0,0,0,0,0,0.00459816073570572,0,0,0,0,0,0,0,0,0,0,0.0257896841263495,0.00319872051179528,0.0495801679328269,0.00459816073570572,0,0.00529788084766094,0,0,0,0,0,0,0.00809676129548181,0,0.0401839264294282,0,0,0.0199920031987205,0,0,0,0,0,0,0,0,0,0.00479808076769292,0,0,0,0,0,0,0.0411835265893643,9.99600159936026e-05,0,9.99600159936026e-05,0.000599760095961615,0,0,0,0.000699720111955218,0.000499800079968013,0,0,0,0,0,0.000599760095961615,0,0,0,0,0,9.99600159936026e-05,0.00339864054378249,0,0,0,0,0,0.00079968012794882,0,0,0,0.00559776089564174,0,0,0,0,0,0.00319872051179528,0,0,0,0,0,0,0,9.99600159936026e-05,0,0,0.0164934026389444,0
0,0,0,0,0,9.99800039992002e-05,9.99800039992002e-05,9.99800039992002e-05,0,9.99800039992002e-05,0,0,0,0.0202959408118376,9.99800039992002e-05,0,0,0,0,0,0.000499900019996001,0.00369926014797041,0.000699860027994401,0,0,0.152269546090782,0,0,0.00579884023195361,0,0,0,0,0.00789842031593681,0,0,0.000999800039992002,0.0180963807238552,0,0,0,0,0,0.0012997400519896,0,0.00679864027194561,0,0,0.000499900019996001,0,0,0,0,0,0,0,0,0,0,0.0320935812837433,9.99800039992002e-05,0.000899820035992801,0,0,0,0,0.0337932413517297,0,0.0013997200559888,0,0.001999600079984,0,0,0,0,0,0,0,0.00549890021995601,0.0208958208358328,0,0,0,0,0.0001999600079984,0,0,0,0,0.0021995600879824,0,0.000399920015996801,9.99800039992002e-05,0,0,0,0,0,0.001499700059988,0,0,0,0,0,0,0,0.0001999600079984,0.131773645270946,0,0,0,0,0,0.000799840031993601,0,0,0,0,0.0127974405118976,0,0.0028994201159768,0,0,0,0.000799840031993601,0,0,0,0,0,0.0718856228754249,0,0,0,0,0,9.99800039992002e-05,0,0,0,0,0,0,0,0.000699860027994401,0,0,0,0,0,0,0,0,0,0,0,0,0,0,0.000399920015996801,0,0,0.000399920015996801,0,0,0,0,0,0,0,0,0,9.99800039992002e-05,0,0,0,0.00949810037992401,0.0011997600479904,0.0113977204559088,0,0,0,0,0,0.0017996400719856,0,0,0,0,0,0,0.00719856028794241,9.99800039992002e-05,0,0,0,0.0554889022195561,0.00539892021595681,0,0,0,0,0,0,0,0,0,0,0,0,0,0,0,0,0.0002999400119976,0,0.00349930013997201,0.002999400119976,0,0.0002999400119976,0.00369926014797041,0,0,0,0,0,0,0,0.0002999400119976,0,0.000899820035992801,0,0,0.0012997400519896,0,0,0,0,0,0,0,0,0.0486902619476105,0,0,0,0,0,0,0.000799840031993601,0,0,0.0031993601279744,0,0.00509898020395921,0,0,0,0,0.0028994201159768,0,0,0,0.0013997200559888,0,0,0,0,0.0422915416916617,0.00599880023995201,0,0,0.00519896020795841,0,0,0,0,0,0,0.1749650069986,0,0,0.0547890421915617,0,0,0,0,0,0,0.00359928014397121,0,0,0,0,0,0,0.0023995200959808,0,0,0,0
0,0,0.0016003200640128,0.0017003400680136,0,0,0.0016003200640128,0,0,0,0,0,0,0,0.134526905381076,0,0,0,0,0,0,0,0,0,0,0,0,0.00520104020804161,0.0158031606321264,0.0113022604520904,0,0,0,0,0,0,0.000700140028005601,0.0129025805161032,0,0.000900180036007201,0,0,0,0,0,0,0,0,0,0,0,0,0,0,0,0,0,0,0.0019003800760152,0.0384076815363073,0,0,0,0.0012002400480096,0,0,0,0,0,0,0,0,0.0011002200440088,0,0,0.0018003600720144,0,0,0,0,0,0,0,0,0,0,0,0,0,0,0,0.00430086017203441,0.00550110022004401,0,0,0,0.0021004200840168,0,0,0,0,0.00490098019603921,0.00890178035607121,0,0,0,0,0,0,0,0,0,0,0,0,0,0,0,0,0,0,0,0,0.000500100020004001,0,0,0,0,0,0,0,0,0,0.000400080016003201,0,0,0,0,0,0,0.0610122024404881,0,0,0,0,0,0,0,0,0,0,0,0,0,0.000700140028005601,0,0,0,0,0,0,0,0,0,0,0,0,0,0,0.00350070014002801,0.0203040608121624,0,0,0,0,0,0,0,0,0,0,0,0,0,0,0,0,0,0,0,0,0,0,0,0,0.0012002400480096,0,0,0,0.0643128625725145,0,0,0,0,0,0,0,0,0.00350070014002801,0.0139027805561112,0,0,0,0,0,0,0,0,0.281756351270254,0,0,0,0,0,0,0,0,0,0,0,0,0.00670134026805361,0,0,0.0014002800560112,0,0,0,0,0,0,0,0,0,0,0,0,0,0,0,0,0,0,0,0,0.0678135627125425,0,0,0,0,0,0,0,0.00340068013602721,0,0,0,0,0,0,0,0,0.0533106621324265,0,0,0,0,0,0,0,0,0.0021004200840168,0.149129825965193,0,0.0024004800960192,0,0,0,0,0,0,0,0,0.0003000600120024,0,0,0.00600120024004801,0,0,0,0
0,0,0,0,0,0,0,0,0,0,0,0,0,0.0685794261721484,0,0,0,0,0,0,0.0192942117364791,0.000799760071978406,0,0,0,0,0,0,0,0.00109967009897031,0.00229931020693792,0,0,0.00179946016195141,0,0,0.000199940017994602,0.00149955013495951,0,0,0,0,9.99700089973008e-05,0.011296611016695,0,0,0,0,0,0,0,0,0,0,0,0,0,0,0,0.00119964010796761,0,0,0,0,0,0,0,0,0,0,0,0,0,0.0249925022493252,0,0,0,0,0.00749775067479756,0.00619814055783265,0,0,0,0,0,0,0.000299910026991902,0,0,0.020593821853444,0.0988703388983305,0.000999700089973008,0,0,0,0,0,0,0.00529841047685694,0,0,0,0,0,0,0,0,0,0,0.00629811056682995,0,0,0,0.00199940017994602,0,0,0,0,0.0105968209537139,0,0,0,0,0,0.000999700089973008,0,0,0,0,0,0.0157952614215735,0.0389883035089473,0.000199940017994602,0,0,0,0,0,0,0,0.00249925022493252,0,0.000199940017994602,0,0,0,9.99700089973008e-05,9.99700089973008e-05,0,0,0,0,0.000499850044986504,0,0,0,0,0,0,0.00729781065680296,0,0,0,0,0,0,0,0,0,0,0,0,0,0,0,0,0,0,0,0,0,0,0,9.99700089973008e-05,0.000299910026991902,0,0,0,0,0,0,0.00539838048585424,0.000699790062981106,0,0,0,0,0,9.99700089973008e-05,0,0,0,0,0,0,0,0,0,9.99700089973008e-05,0,0,0,0,0,0.000799760071978406,0,0,0.000699790062981106,9.99700089973008e-05,0,0,0,0,0,0,0,0,0,0.0130960711786464,0,0,0,0,0.211036688993302,0,0,0,9.99700089973008e-05,0,0,0,0,0,0,0,0,0.00259922023392982,0,0,0,0,0,0.000199940017994602,0,0,9.99700089973008e-05,0.000799760071978406,0,0.000199940017994602,0.000799760071978406,0,0,0,9.99700089973008e-05,0,0,0,0,0.0572828151554534,0,0,0,0,0,0,0,0,0,0,0.324402679196241,0,0,0.00649805058482455,0,0,0,0,0,0,0.00529841047685694,0,0,0,0,0,0,0.000199940017994602,0,0,0,0.0104968509447166
0,0,0,0,0,0,0,0,0,0,0,0,0,0.0429785107446277,9.99500249875062e-05,0.000499750124937531,0,0,0,0,0,0.0126936531734133,0,0,0,0.0515742128935532,0,0,0.00149925037481259,0.000999500249875062,0.0160919540229885,0,0,0.00209895052473763,0,0,0.000499750124937531,0,9.99500249875062e-05,0.000299850074962519,0,0,0,0.00379810094952524,0,0,0,0.000399800099950025,0,0,0.000199900049975012,0,0,0,0.00329835082458771,0,0,0,0,0,0,0,0,0,0,0,0,0,0,0,0.00349825087456272,0.000199900049975012,0,0.0079960019990005,0,0.0463768115942029,0,0,0,0,0,0.00199900049975012,0.0228885557221389,0,0.0198900549725137,9.99500249875062e-05,0.00509745127436282,0,0,0.00779610194902549,0,0.00139930034982509,0,0,0,0,0,0,0.00609695152423788,0,0,0,0,0,0.00279860069965018,0,0.00939530234882559,0.0139930034982509,0,0,0,0.00359820089955022,0.000199900049975012,0.00149925037481259,0,0,0,0,0.0348825587206397,0,0.00279860069965018,0,0,9.99500249875062e-05,9.99500249875062e-05,0,0,0,0,0,0.0618690654672664,0.0847576211894053,0,0,0,0,9.99500249875062e-05,0,0,0,9.99500249875062e-05,0,0,0,0,0,0,0,0.00269865067466267,0,0,0,0,0,9.99500249875062e-05,0,0,0,0,0.00719640179910045,0,0.00709645177411294,0,0,0,0,0,0,0,0,0,0,0,0,0,0,0.00449775112443778,0.0390804597701149,0,0,0,0,0,0,0,0,0,0.00359820089955022,0,0,0,0.00409795102448776,0,0,0,0,0.0148925537231384,0.00659670164917541,0,0,0,0,0,0,0,0,0,0,0,0,0,0,0,0,0,0.00859570214892554,0.0160919540229885,0.0106946526736632,0.0204897551224388,0,0,0,0,0,0,0,0,0,0.00119940029985007,0.0105947026486757,0.00369815092453773,0,0,0.00609695152423788,0,0,0,0,9.99500249875062e-05,9.99500249875062e-05,0,0,0.0117941029485257,0,0,0,0,0,0,0,0,0.00419790104947526,0,0,0.00179910044977511,9.99500249875062e-05,0.000999500249875062,0,0.00139930034982509,0,0,0,0,0,0.000899550224887556,0,0,0,0,9.99500249875062e-05,0,0.00139930034982509,0.0138930534732634,0.00079960019990005,0,0,0,9.99500249875062e-05,0.000399800099950025,0.231584207896052,0,0.0218890554722639,0.0108945527236382,0,0,0.00109945027486257,0,0,0.0142928535732134,0.000399800099950025,0.0136931534232884,0.000499750124937531,0,0,0.00839580209895052,0.00329835082458771,0,0,0,0.0118940529735132,0
0,0,0,0,0,0,0,0,0,0,0,0,0,0.0268107242897159,0.0038015206082433,0,0,0,0,0,0.00270108043217287,0.000900360144057623,0,0,0,0.0573229291716687,0,0,0,0,0,0.00490196078431373,0,0.00280112044817927,0,0.00040016006402561,0,0.000100040016006403,0,0,0,0,0,0.000300120048019208,0,0.0119047619047619,0,0,0.00230092036814726,0,0,0,0,0,0,0,0,0,0.00160064025610244,0.000600240096038415,0,0,0,0,0.000700280112044818,0.000500200080032013,0.00250100040016006,0,0,0,0.000900360144057623,0,0,0.015906362545018,0,0,0,0.000100040016006403,0,0.00160064025610244,0,0.00150060024009604,0.00170068027210884,0,0.00470188075230092,0,0,0.000100040016006403,0,0.00590236094437775,0,0.000300120048019208,0.00950380152060824,0,0,0,0,0,0.00570228091236495,0,0,0,0,0,0.000300120048019208,0.000800320128051221,0,0.205182072829132,0.00040016006402561,0.00310124049619848,0,0,0,0.000800320128051221,0.000900360144057623,0,0.00800320128051221,0.0404161664665866,0.000100040016006403,0.00120048019207683,0,0,0,0,0.00420168067226891,0,0,0,0,0,0.0192076830732293,0,0,0,0,0,0,0,0,0,0.00190076030412165,0.00220088035214086,0,0,0,0,0,0,0.00460184073629452,0.000900360144057623,0,0,0.000500200080032013,0,0.000100040016006403,0,0,0,0,0.00300120048019208,0,0.0040016006402561,0,0,0,0,0,0,0,0,0,0.000200080032012805,0.000200080032012805,0,0,0,0.00580232092837135,0,0.00260104041616647,0,0.000200080032012805,0,0,0,0,0,0.00110044017607043,0.0211084433773509,0.00040016006402561,0,0,0.00110044017607043,0,0,0,0,0.00860344137655062,0.00490196078431373,0,0,0.0132052821128451,0,0,0,0,0,0,0,0,0,0,0,0,0,0,0,0.00530212084833934,0,0,0.00040016006402561,0.00320128051220488,0,0,0,0,0.00110044017607043,0,0,0,0.00450180072028811,0.000600240096038415,0,0,0.0407162865146058,0,0,0,0,0,0,0,0,0.0200080032012805,0.00600240096038415,0,0,0,0,0,0,0,0,0,0,0,0,0.00220088035214086,0,0,0,0.000900360144057623,0.00270108043217287,0,0,0,0,0,0.000500200080032013,0,0.00480192076830732,0,0.000100040016006403,0,0,0,0,0.00760304121648659,0.000200080032012805,0.00130052020808323,0.320728291316527,0,0,0.000700280112044818,0,0,0,0.00630252100840336,0,0.0040016006402561,0.000900360144057623,0.00750300120048019,0,0,0,0.0207082833133253,0.000100040016006403,0,0.00590236094437775,0.000100040016006403,0.00160064025610244,0
0,0,0,9.99500249875062e-05,0,0,0.000399800099950025,0.00539730134932534,0,0,0,0,0,0,0.000199900049975012,0,0,0,0,0,0.00569715142428786,0.00289855072463768,9.99500249875062e-05,0.000699650174912544,0,0.0796601699150425,0,0,0.00199900049975012,0.00359820089955022,0.0506746626686657,0,0,9.99500249875062e-05,0,0,0.00109945027486257,0.00679660169915042,0,0,0,0,0,0.00109945027486257,0,0.00129935032483758,0,0.000999500249875062,0,0,0.000299850074962519,0,0,0,0.00079960019990005,0,0,0,0,0.0211894052973513,0.000199900049975012,0.00569715142428786,0,0,0,0,0.00519740129935032,0,0,0,0.0123938030984508,0,9.99500249875062e-05,0.00169915042478761,0,0,0,0,0,0.00209895052473763,0,0.000299850074962519,0,0,0,0,0,0,0,0.000699650174912544,0,0.00719640179910045,0.000199900049975012,0,0,9.99500249875062e-05,0,0,9.99500249875062e-05,0,0,0,0,0.000199900049975012,0,0,0.0178910544727636,0.0837581209395302,0,0,0.00079960019990005,0.00259870064967516,0,0.000399800099950025,0,0,0,0,0.00999500249875063,9.99500249875062e-05,0,0,0,9.99500249875062e-05,0.000399800099950025,0,0,0,0,0.0108945527236382,9.99500249875062e-05,0.000599700149925037,0,0,0,0,0.00219890054972514,0,0,0,0.000699650174912544,0,9.99500249875062e-05,0,0,0,0.00169915042478761,0.000999500249875062,0.000199900049975012,0,0.000399800099950025,0,0,0.00139930034982509,0,0,0,0,0,0.00139930034982509,0,0,0,0,0,9.99500249875062e-05,0,0,0,0,0.00129935032483758,0,9.99500249875062e-05,0,0,0,0,0.0106946526736632,0.0424787606196902,0.000299850074962519,0,0,0,0,0.00129935032483758,0,0,0,0,0,0,0.00079960019990005,9.99500249875062e-05,0,0,9.99500249875062e-05,0.00329835082458771,9.99500249875062e-05,0,0,0,0,0,0.00769615192403798,0.123938030984508,0.000999500249875062,0,0,0,0.000599700149925037,0,0,0,0,0.000599700149925037,9.99500249875062e-05,0.00399800099950025,0.0152923538230885,0,0,0.00659670164917541,0.00369815092453773,0,0,0,0,0.00139930034982509,0,0,0,0.0047976011994003,0,0,0.00149925037481259,0,0,0.00079960019990005,0,0,0,0,0,0.0462768615692154,0,0,0.00489755122438781,0,0,0,0,0,0.00079960019990005,0.00439780109945028,0,0.00279860069965018,0.000599700149925037,0,0.000299850074962519,0,0.000499750124937531,0,0,0,0.000299850074962519,0.0337831084457771,0,0,0,0.000499750124937531,0.0015992003998001,0,0,0.00509745127436282,0.0497751124437781,0,0,0,0,0.00119940029985007,0.219290354822589,0,0.000499750124937531,0.0047976011994003,0,0,0,0,0,0.00699650174912544,0.00719640179910045,0,0,0,0,0.000199900049975012,0.00309845077461269,0,0.000299850074962519,0,0.0140929535232384,0
0,0,0,0,0,0,0,0,0,0,0,0,0.0013997200559888,0,0.00339932013597281,0,0,0,0,0,0,0.000799840031993601,0,0,0,9.99800039992002e-05,0,0,0.0101979604079184,0,0,0.00619876024795041,0,0.0002999400119976,0,0,9.99800039992002e-05,0.0161967606478704,0,0,0,0,0,0.001999600079984,0,0.000899820035992801,0,0,0,0,0,0.0015996800639872,0,0,0,0,0,0,0,0.0107978404319136,0,0.0124975004999,0,0,0,0,0.00349930013997201,0,0,0.000599880023995201,0.0022995400919816,0,0,0.0010997800439912,0,0,0,0,0,0.0017996400719856,0,0,0,0,0.00489902019596081,0.000499900019996001,0,0,0,0.002999400119976,0.0277944411117776,0.002999400119976,0,0,0,0,0,0,0.000699860027994401,0.000699860027994401,0,0,0,0,0,0.014497100579884,0,0.0678864227154569,0,0.00989802039592082,0,0,0.016996600679864,0.0010997800439912,0,0,0.0027994401119776,0,0.0130973805238952,0.000599880023995201,0.00829834033193361,0,0,0,9.99800039992002e-05,0.00249950009998,0,0,0,0,0.0800839832033593,0.0327934413117376,0,0.00969806038792242,0,0,0,0,0,0,0.140971805638872,0,0,0,0,0,0.001499700059988,0,0,0.00379924015196961,0,0,0.0136972605478904,0,0,0,0,0,9.99800039992002e-05,0.0002999400119976,0,0,0,0.00739852029594081,0,0,0,0,0,0,0,0.00339932013597281,0,0,0,0,0,0.00399920015996801,0.0002999400119976,0,0,0.00789842031593681,0,0,0,0,0,0.0002999400119976,0,0,0,0.000699860027994401,0.000599880023995201,0,0,0,0,0.00809838032393521,0,0,0,0.00249950009998,0,0,0,0,0,0,0,0,0,0,0,0,0,0.00499900019996001,0.00489902019596081,0,0,0.000699860027994401,0,0,0,0,0,0,0,0,0.0001999600079984,0.00989802039592082,0,0,0,0.0031993601279744,0,0,0,0,0,0,0,0,0.119276144771046,0,0,0,0.00359928014397121,0,0,0,0.0027994401119776,0,0,0,0,0,0.0012997400519896,0,0,0.000799840031993601,0,0,0,0,0,0,0,0,0.013997200559888,0.01499700059988,0,0,0.123275344931014,0,0,0,0.000599880023995201,0,0,0.10877824435113,0,0,9.99800039992002e-05,0,0,0,0,0,0.00519896020795841,0,0,0,0,0,0.00739852029594081,0,0.001499700059988,0,0,0.0001999600079984,0
0,0,0,0,0,0,1e-04,0.0021,0,0,0,0,0,0,0,0,0,0,0,0,0,0.0165,0,3e-04,0,0.1196,0,0,0,0,0.0338,0,0,0,0,0,0,0.0218,0,0,0,0,0,0.0042,0,0,0,0,0,0,0,0,0,0,0,1e-04,0,0,0,0.0391,0,0,0,4e-04,0,0,0.025,0,0,0,0.0022,0,0,1e-04,0,0,0,0,2e-04,0.0405,0,0,0.0458,0,0,0,0,0,0,0,0,0,0,0,0,0,0,0,0,0,0,0,0,0,0,0,0,0.1705,0,0.0046,0,0,0,0,0,0,0,0,0.0298,0,0,0,0,0,0,0,0,0,0,0,0,4e-04,0,0,0,0.0042,0,0,0,0,0,0,0,0,0,0,0,0,0,0,0.0015,0,1e-04,0,0,0,0,0,0,0.0017,0,0,0,0.0286,1e-04,0,0,0,0,0,0,0,0,0,0,0,0,0,0.0123,0,0,0,0,0,0,0,0,0,0,0,1e-04,0,0,4e-04,0,0,0,0,0,0,0,0,0,0.0216,1e-04,0,0,0,0,0,0,0,0,0,0,0,0,0.0158,0,0,0,0.0054,0,0,0,0,0,0,0,0,0.0072,0,0,0.0255,0,0,8e-04,0,0,0,0,0,0,0,0,0.0053,0,0,0,0,0,7e-04,0.0024,0,0,0,0,0,0,0,0,0,0,0,0,0,0,0,4e-04,0.0011,0,0,0.0112,1e-04,0,0,0,0,0,0.2215,0,2e-04,0.0419,0,0,0,0,0,0.002,0,0,0,0,0,3e-04,0,0,0,0,0.0304,0
0,0,0,0,0,9.9930048965724e-05,9.9930048965724e-05,0,0,0,0,0,9.9930048965724e-05,0,9.9930048965724e-05,0,0,0,0,0,0.00679524332966923,0.002897971420006,0.00049965024482862,0.00189867093034876,0,0.303687418806835,0,0,0.000799440391725792,9.9930048965724e-05,0,0,0,0.00139902068552014,0,0,0.000299790146897172,0.002897971420006,9.9930048965724e-05,0,0,0,0,0,0,0,0,0,0,0,0,0,0,0,0,0,9.9930048965724e-05,0,0,0.0156890176876187,0,0.0053962226441491,9.9930048965724e-05,0,0,0,0.00119916058758869,0,0,0,0,0,0,0,0,0,0,0,0,0.01448985710003,0,0,0,0,0.00309783151793744,0.000699510342760068,0,0,9.9930048965724e-05,0,0,0.00259818127310882,0.000199860097931448,0,0,0.0101928649945038,0,0,0,0,0,0,0,0,0,0.000699510342760068,0,0.0187868492055561,0,0,0,0,0,0,0.00119916058758869,0.000199860097931448,0,0,0.000399720195862896,0,0.00319776156690317,0,0,0.000199860097931448,0.00159888078345158,0,0,0,0,0,0.0485660037973419,0.00179874088138303,0,0,0,0,9.9930048965724e-05,0,0,0,9.9930048965724e-05,9.9930048965724e-05,0,0,0,9.9930048965724e-05,0,0,0.00509643249725192,0,0,0,0,0,0,0,0,0,0,0,0,0.0078944738682922,9.9930048965724e-05,0,0,0,0,0,0,0,0,0,0.000599580293794344,0,0,0,0.00339762166483462,0.00769461377036075,0.00159888078345158,0,0,0.00239832117517738,0.000199860097931448,0,0.000799440391725792,0,0,0,0,0,0,0.00159888078345158,0,0,0,0,0.0156890176876187,0,0,0,0,0,0,0,0,0,0,0,0,0,0,0,0,0,9.9930048965724e-05,0.00409713200759468,0.00149895073448586,0,0.00619566303587489,0.000899370440691516,0.00309783151793744,0,0,0,0,0,0,9.9930048965724e-05,0,0.00379734186069751,0.0105925851903667,0,0,0.0665534126111722,0,0,0,0,0,0,0,9.9930048965724e-05,0,0,0,0,0,0,0,0,0,0,0,0,0.00229839112621165,9.9930048965724e-05,0.000299790146897172,0,9.9930048965724e-05,9.9930048965724e-05,0,0,0.000399720195862896,9.9930048965724e-05,0,0,0,0,0,0.0227840511641851,0,0.00099930048965724,0.0103927250924353,9.9930048965724e-05,0,0,0,0,0,0.353452583191766,0,0,0.00389727190966324,0,0,0,0,0,0.00529629259518337,0,0,0,0,0,0.00279804137104027,0,9.9930048965724e-05,0,0,0,0
0,0,0,0,0,0,0,0,0,0,0,0,0.0001999800019998,0.0014998500149985,0,0,0,0,0,0,0.0100989901009899,0,0,0,0,0.177982201779822,0,0,0,0,0.0162983701629837,0,0,0,0,0,0,0.0027997200279972,0,0,0,0,0,0.0451954804519548,0.0011998800119988,0,0,0,0,0,0,0,0,0,0,0,0,0,0,0,0,0,9.99900009999e-05,0,0,0,0,0,0,0.0027997200279972,0,0,0,0,0,0,0,0,0,0,0,0,0,0,0.0117988201179882,9.99900009999e-05,0,0,0,0.0296970302969703,0,0,0,0,0,0,0,0,0,0,0,0.0056994300569943,0,0,0,0,0,0.0540945905409459,0,0,0,0,0.0006999300069993,0,0,0,0,0,0,0,0,0,0,0.0002999700029997,0,0,0,0,0,0,0.0111988801119888,0.0214978502149785,0,0,0,0,0,0,0,0,0,0,0,0,0,0,0,0,0,0,0.0008999100089991,0,0.0002999700029997,0,0,0,0,0,0,0.021997800219978,0.0054994500549945,0,0,0,0,0,0,0,0,0,0,0,0,0,0,0,0,0,0,0,0,0,0,0,0,0,0.0003999600039996,0,0,0,0,0,0,0,0,0.0002999700029997,0,0,0,0,0,0,0,0,0.100989901009899,0,0,0,0,0,0,0,0,0,0,0,0.0175982401759824,0,0,0,0,0,0,0,0,0,0,0,0.0240975902409759,0,0,0,0,0.0321967803219678,0,0,0,0,0,0,0,0,0.0303969603039696,0,0,0,0.0035996400359964,0,0,0,0,0,0,0,0,0,0.0010998900109989,0,0,0,0,0,0,0,0.0001999800019998,0,0,0.0006999300069993,0,0.072992700729927,0,0,0,0,0,0,0,0,0,0.203379662033797,0,0,0.0137986201379862,0,0,0,0.0002999700029997,0,0,0,0,0,0,0.0010998900109989,0.0685931406859314,0,0,0,0,0.0062993700629937,0
0,0.00399920015996801,0,0,0,0.0001999600079984,0.023995200959808,0,0,0,0,0,0,9.99800039992002e-05,0.00759848030393921,9.99800039992002e-05,0,0,0,0.0010997800439912,0,0,0,0,0,0.0921815636872625,0,0,0.0143971205758848,0.0182963407318536,0.0025994801039792,0,0,0,0,0,0,0,0,0,0,0,0,0,0,0,0,0.0016996600679864,0,0,0.000499900019996001,0,0,9.99800039992002e-05,0,0,0,0,0,0,0,0,0,0,0,0,9.99800039992002e-05,0,0,0,0.0011997600479904,0.000599880023995201,9.99800039992002e-05,0,0,0,0.0002999400119976,0,0,0,0,0,0,0,0.000399920015996801,0,0,0,0,0.00339932013597281,0,0.0180963807238552,0.000699860027994401,0,0,0,0,0,9.99800039992002e-05,0,0,0.00519896020795841,0,0,0,0.00339932013597281,9.99800039992002e-05,0.176064787042591,0,0.00629874025194961,0,0,0.000799840031993601,9.99800039992002e-05,0.000999800039992002,0,0.0271945610877824,0,0.0135972805438912,0,0.00809838032393521,0,0,0.0002999400119976,0,0,0,0,0,0,0.0106978604279144,9.99800039992002e-05,0,0,0,0,0.0145970805838832,0,0,0,0.001499700059988,0.0002999400119976,0,0,0,0,0.0020995800839832,0,0.00249950009998,0,0,0,0,0.0012997400519896,9.99800039992002e-05,0,0,0,0,0,0,0.0165966806638672,0,9.99800039992002e-05,0,0.0322935412917417,0,0,0,0,0,0,9.99800039992002e-05,0,0,9.99800039992002e-05,0.0101979604079184,9.99800039992002e-05,0.0270945810837832,0,0,0,0,0,0,0,0,0.0001999600079984,0,0,0,0.000399920015996801,0,0,0,0,0.000699860027994401,0,0,0.0731853629274145,0,0,0,0.02249550089982,0,0,0,0.0010997800439912,0,0,0,0.00359928014397121,0,0,0,0,0,0.000699860027994401,0.0368926214757049,0,0.0021995600879824,0.00349930013997201,0,0,0,0,0,0,0,0,0,0,0,0.02749450109978,0,0,0,0,0,0,0,0,0.0310937812437512,0,0,0,0,0,0,0,0,0,0,0.000499900019996001,0.00479904019196161,0,0.0023995200959808,0,0,0,0,0,0.000499900019996001,0,0.00949810037992401,0,0,0,0,0.000799840031993601,0,0,0.0170965806838632,0.0017996400719856,0,0,0,0,0,0.154669066186763,0,0.002999400119976,0.0102979404119176,0,9.99800039992002e-05,0,0,9.99800039992002e-05,0,0,0,0,0,0,0.000799840031993601,0,0.00659868026394721,0,0,0.0296940611877624,0
0.0095,0,0,0,0,0,0,0.0043,0,0,0,0,0,0.0168,0.0076,0,0,0,0,0,3e-04,8e-04,0,0,0,0.1701,0,0,5e-04,0.0218,0.0112,0,0,0.0099,0,0,0.0055,6e-04,0,0,5e-04,0,0,0.0069,0,0.0266,0,0,0,0,0,0,0,0,0,0,0,1e-04,0,0,0,1e-04,3e-04,0,0,0,0.0028,0,0,0.0153,0.0064,0,0,1e-04,0,0,0,0,0,0.0022,0,0,0,0,5e-04,0,0,0,0,0.0012,0,4e-04,0.03,0,0,0,0,0,0.0095,0,0,0,0,0,4e-04,0,0,0.2074,0,0,0,0,0,0.0051,0,0.0058,0,0,0.0019,0,0,0,0,0.0058,0.0276,0,0,0,0,0,0.0019,1e-04,0,0,0,0,6e-04,0,0,0,0,0,1e-04,0,0,0,2e-04,0,0,2e-04,2e-04,0,0.0071,0,0,0,0,0,0,0.0054,0,0,0,0,0,0,0,9e-04,0,0,0,0.001,4e-04,3e-04,0,0,0,0,0.0026,0,0,0,0,0,2e-04,0,1e-04,0,0,0,0,0.0066,1e-04,0.0039,0,0,0,0,0,0,0,0,0,0,0,0.0024,0,0,0.0135,3e-04,0,0,0,0,0.0016,0,0.0147,0,0.0036,0.0012,0,0,0,0,0,0,0,0,0.0054,0,1e-04,0,0,0.0164,0,0,0,0,0,0,0,0,0,0,0,0.0052,0,0,0,0,0.0089,2e-04,0,0,0.0061,0,0,1e-04,0.002,0,0,0,0,4e-04,0,0,0,0,0,0.0987,0,3e-04,0.1414,0,0,0,0,0,0,0.0076,0,0,0.0155,0,0,0,0,0,0,0,0,0,0,0,0.0013,0,0.0013,0,0,0.0041,0
0,0,0,0.0001000100010001,0,0,0,0.0043004300430043,0,0,0,0,0,0.0116011601160116,0.0052005200520052,0,0,0,0,0,0.0204020402040204,0.006000600060006,0,0,0,0.0862086208620862,0,0,0,0.0005000500050005,0,0,0,0.007000700070007,0,0,0,0.009000900090009,0,0,0,0.0002000200020002,0,0.0453045304530453,0,0.0014001400140014,0,0.0005000500050005,0,0,0,0,0.0003000300030003,0,0.0355035503550355,0,0,0,0,0.0122012201220122,0.0001000100010001,0.0137013701370137,0,0.0002000200020002,0,0,0.0018001800180018,0,0,0,0.0159015901590159,0,0,0.0586058605860586,0,0,0,0,0,0.0021002100210021,0,0,0.0014001400140014,0,0.0677067706770677,0,0,0,0,0.0065006500650065,0.0034003400340034,0.0008000800080008,0.0083008300830083,0,0,0,0,0,0.0121012101210121,0,0,0,0,0,0,0,0,0.0352035203520352,0,0.004000400040004,0,0,0,0.0264026402640264,0,0,0,0,0.0038003800380038,0,0,0,0,0,0.0306030603060306,0.0097009700970097,0,0,0.0021002100210021,0,0,0.0068006800680068,0,0,0,0,0.0018001800180018,0,0,0,0,0,0,0,0,0,0,0.0014001400140014,0,0.0016001600160016,0.0007000700070007,0.005000500050005,0,0,0,0,0,0,0.0009000900090009,0.0119011901190119,0,0,0.0002000200020002,0.0001000100010001,0,0,0.0001000100010001,0,0,0,0.0001000100010001,0,0.002000200020002,0,0,0,0,0.0242024202420242,0.0074007400740074,0.0001000100010001,0,0,0,0,0,0,0,0,0,0,0,0.0085008500850085,0,0,0,0,0,0.0005000500050005,0,0,0,0,0,0.002000200020002,0,0.0006000600060006,0,0,0,0,0,0,0,0.0013001300130013,0.0017001700170017,0,0.0042004200420042,0.0035003500350035,0,0.0012001200120012,0,0.0014001400140014,0,0,0,0,0,0,0.0217021702170217,0,0.0297029702970297,0,0,0.0099009900990099,0,0,0.0001000100010001,0,0,0,0,0,0,0,0,0,0,0,0,0,0.0189018901890189,0,0.0023002300230023,0,0.0037003700370037,0.008000800080008,0.0001000100010001,0,0.0014001400140014,0,0.0002000200020002,0,0,0.0004000400040004,0,0,0,0,0,0.0003000300030003,0.0007000700070007,0.0016001600160016,0,0,0,0,0,0.0001000100010001,0.0031003100310031,0.2000200020002,0,0,0.0197019701970197,0,0,0,0,0,0,0.01000100010001,0,0,0,0,0,0.0009000900090009,0.0001000100010001,0.021002100210021,0,0.0067006700670067,0
9.99600159936026e-05,0,0,0,0.000899640143942423,0,0,0,0,0,0.00119952019192323,9.99600159936026e-05,0,0,0.000899640143942423,0,0,0,0,0,0.000299880047980808,0.00079968012794882,0,0,0,0.171531387445022,0,0,0.00079968012794882,0,0.0234906037584966,0,0.000299880047980808,0.00559776089564174,0,0,0,0.000199920031987205,0,0,0,0,0,0.00979608156737305,0,0.00899640143942423,0,9.99600159936026e-05,0,0,0,0,0,0,0.00569772091163535,0,0,0,0,0.0111955217912835,0.000199920031987205,0,0,0,0,0.00139944022391044,0.0173930427828868,0,0,0,0.00419832067173131,0,0,0,0,0,0,0,0,0.00299880047980808,0,9.99600159936026e-05,0.00259896041583367,0,0.0110955617752899,0,0.00039984006397441,0,0,0.00079968012794882,0,0.00039984006397441,0,0,9.99600159936026e-05,0.00259896041583367,0,0,0.000299880047980808,0,0,0,0,0,0.00039984006397441,0,0.00079968012794882,0.110655737704918,0,0.000699720111955218,0,0,0,0.00309876049580168,0,9.99600159936026e-05,0,0,0.0111955217912835,0,0,0,0,0.000299880047980808,0.0193922431027589,0.00159936025589764,0,0,0.000299880047980808,0,0.0186925229908037,0,0.00229908036785286,0,0,0,0.000299880047980808,0,0,0,0.0631747301079568,0,0,0,0,0,0.00259896041583367,0.000299880047980808,0,0.00139944022391044,0.00169932027189124,0.00269892043182727,0,0,0,0,0,0,0,0.014094362255098,0,0,0,9.99600159936026e-05,0,0,0,0,0,0,0.000599760095961615,0,0,0,0,0,0,0.00359856057576969,0.00439824070371851,0,0,0,0,0,0.00139944022391044,0,0,0,0,0,9.99600159936026e-05,0.00039984006397441,9.99600159936026e-05,0.000699720111955218,0,0,0,0,0,0,0,0,0.0104958016793283,0.000899640143942423,0.000199920031987205,0.00159936025589764,0,0,0,0,0,0,0,0.00039984006397441,9.99600159936026e-05,9.99600159936026e-05,0.00569772091163535,0.00039984006397441,0.0123950419832067,0,0,0,0,0,0,0,0.000599760095961615,0,0.0154938024790084,0,0.00109956017592963,0,0,0.000199920031987205,0,0,0,0,0.000499800079968013,0.000299880047980808,0,9.99600159936026e-05,0,0.00169932027189124,0,0.000199920031987205,0,0,0,0,0,9.99600159936026e-05,0.00319872051179528,0,0.00039984006397441,0.000899640143942423,0,0,0.000199920031987205,0.000199920031987205,0.000199920031987205,0.00179928028788485,0,0.000299880047980808,0,0,0,0,0,0.0908636545381847,0,0.00889644142343063,0,0,0,0.000199920031987205,0,0,0.00159936025589764,0.198220711715314,0,0,0.0828668532586965,0,0,0,0,0,0,0.00119952019192323,0,0,0,0,9.99600159936026e-05,0.00119952019192323,0.00039984006397441,0.00079968012794882,0,9.99600159936026e-05,0
0,0,0,0,0,0,0,0.0032003200320032,0,0,0,0,0,0,0,0,0,0,0,0,0,0.0064006400640064,0,0,0,0.408440844084408,0,0,0,0,0,0,0,0,0,0,0,0,0,0,0,0,0.0001000100010001,0,0,0,0,0,0,0,0,0,0,0,0,0,0,0,0,0,0,0,0,0,0,0,0.0082008200820082,0,0,0,0.012001200120012,0,0,0,0,0,0,0,0,0,0,0,0,0,0,0,0,0,0,0.0015001500150015,0,0,0.0015001500150015,0,0,0.0055005500550055,0,0,0,0,0,0,0,0,0,0,0,0.10961096109611,0,0,0,0,0,0.184418441844184,0,0,0,0,0.0303030303030303,0,0,0,0,0.0002000200020002,0,0,0,0,0,0,0,0.0586058605860586,0,0,0,0,0,0,0,0,0.0559055905590559,0,0,0,0,0,0,0,0,0,0.003000300030003,0,0,0,0,0,0,0,0,0,0,0,0,0,0,0,0,0,0,0,0,0,0,0,0,0,0,0,0,0,0,0,0,0,0,0,0,0,0,0,0,0,0.0003000300030003,0,0,0,0,0,0,0,0.0058005800580058,0,0,0,0,0,0,0,0,0,0,0,0,0,0.0012001200120012,0,0,0,0.0114011401140114,0,0,0,0,0,0,0.0006000600060006,0,0,0,0,0,0,0,0.0039003900390039,0,0,0,0,0,0,0,0.0051005100510051,0,0,0,0.0072007200720072,0,0,0,0,0,0,0,0,0,0,0,0,0,0,0,0,0,0,0,0,0,0,0,0.0013001300130013,0,0,0.0262026202620262,0,0,0,0,0,0,0.0007000700070007,0,0,0,0,0,0,0,0.0474047404740474,0,0,0,0,0,0,0,0,0,0,0,0,0
0,0,0,0,0,0,0.0002997002997003,0.000999000999000999,0,9.99000999000999e-05,0,0,9.99000999000999e-05,9.99000999000999e-05,0.00709290709290709,0,0.0043956043956044,9.99000999000999e-05,0.0001998001998002,0,0,0.000599400599400599,0,0.00559440559440559,0,0.154445554445554,0,0,0.0260739260739261,0.00949050949050949,0.0172827172827173,0,0,0.0194805194805195,0,0.002997002997003,0.0036963036963037,0.0043956043956044,0,0,0,0.0001998001998002,0,0,0,0.0003996003996004,0,0,0,0,0.0011988011988012,0,0.0002997002997003,0,0,0,9.99000999000999e-05,0,0,0.0013986013986014,0,0,0,0.0030969030969031,0,0,0.0012987012987013,0,0.0001998001998002,0.0003996003996004,0.0002997002997003,0,0,0,0,0.0017982017982018,9.99000999000999e-05,0,0,0.0013986013986014,0,0,0.0402597402597403,0,0.0003996003996004,0,0.0001998001998002,0,0,0.00739260739260739,0,0.00559440559440559,0.0120879120879121,0,0,0.0025974025974026,0,0.000699300699300699,0.000799200799200799,0,0,0,0,0.0003996003996004,0,0,0,0.0450549450549451,0,0,0,9.99000999000999e-05,0,0.0012987012987013,9.99000999000999e-05,0,0,0,0.00589410589410589,0,0,0,0,0,0.0196803196803197,0.000599400599400599,0,0.0020979020979021,0,0,0.0004995004995005,0.00619380619380619,0,0.0022977022977023,0,0,0.0371628371628372,0,0,0.0001998001998002,0.00519480519480519,0,0,0.0001998001998002,0,0.0003996003996004,0.0018981018981019,0,0,0.000799200799200799,9.99000999000999e-05,9.99000999000999e-05,0,0,9.99000999000999e-05,0,0.0031968031968032,0,9.99000999000999e-05,0.0266733266733267,0,0,0,0,0,0,0,0,0,0,0,0,0,0,0,0,0,0.0569430569430569,0.00719280719280719,0.0002997002997003,0,0,0,0,0.0014985014985015,0,0,0,0,0,0,0.0027972027972028,0.0027972027972028,0,0,0,0,9.99000999000999e-05,0,0,0,0,0,0.0002997002997003,0,0.001998001998002,0,0,0,0.0026973026973027,0,0,0.0004995004995005,0,0.0004995004995005,0,0,0.0024975024975025,0.0191808191808192,0,0.0021978021978022,0.000999000999000999,0,0,0,0,0,0,0.000599400599400599,0,0.00689310689310689,0,9.99000999000999e-05,0,0,0,0,0,0,0.0018981018981019,0,0,0,0.0017982017982018,0,0,0,0,0.0002997002997003,0,0,0.0001998001998002,0.0023976023976024,0,0,0.000599400599400599,0,0,0.0001998001998002,0,0,0,0.0004995004995005,0.0001998001998002,0,0,0,0,0,0.022977022977023,0.0002997002997003,0.0002997002997003,0.0212787212787213,0,0,0,0,0,0.0012987012987013,0.315084915084915,9.99000999000999e-05,0,0.0047952047952048,0,0,0,0,0,0.0025974025974026,0.0048951048951049,0,0,0,0,0,0,0.00579420579420579,0,0,0.0023976023976024,0
0,0,0,0,0,0,9.99500249875062e-05,0,0,0,0,0,0,0,0.00709645177411294,0,0.00469765117441279,0,0,0,0,0,0,0,0,0.0687656171914043,0,0.000399800099950025,0.00129935032483758,0.000899550224887556,0,0,0,0,0,0,0,0,0,0,0,0,0,0,0,0.00729635182408796,0,0,9.99500249875062e-05,0,0,0,0,0,0,0,0,0,0,0,0,0,0,0,0,0,0.0231884057971014,0,0.000199900049975012,0.0186906546726637,0,0,0,0,0,0,0,0,0,0,0,0,0,0,0,0.000599700149925037,0,0,0,0,0.00219890054972514,0,0,0,0,0,0.00209895052473763,0,0,0,0,9.99500249875062e-05,0,0,9.99500249875062e-05,0,0,0.0431784107946027,0,0,0,0,0,0,0,0,0,0,0.0220889555222389,0,0,0,0,0.000199900049975012,0,0.00199900049975012,0,0,0,0,0.00139930034982509,0,0,0,0,0,0.00419790104947526,9.99500249875062e-05,0,0,0.00129935032483758,0,0,0,0,0,0,0,0,0,0.000299850074962519,0,0,0,0,0,0,0,0,0,0,0,0,0,0,0,0,0,0,0,0.000199900049975012,0,0.137831084457771,0,0,0,0,0,0,0,0,0,0,0,0,0,0,0,0,9.99500249875062e-05,0,0.000399800099950025,0,0,0,0,0,0,0,0,0,0,0,0,0,0.00329835082458771,0,0,9.99500249875062e-05,0,9.99500249875062e-05,0,0,0,0,0,0,0,0,0,0,0.00119940029985007,0,0,0,0,0,0,0,0,0,0,0,0.0182908545727136,0,0,0,0,0,0.000199900049975012,0,0,0,0,9.99500249875062e-05,0,0,0,0,0,0,0,0,0,0,0,0,0,0,0,0,0,0,0,0,0,0,0,0,0.601699150424788,0,0,0.00369815092453773,0,0,0,0,0,0,0.0136931534232884,0,0,0.00079960019990005,0,0,0,9.99500249875062e-05,0,0,0,0,0,0,0,0,0,0.00469765117441279,0,0,0.000899550224887556,0
0,0,0,0,0,0,0,0,0,0,0,0,0,0,0.0002000200020002,0,0,0,0,0,0,0,0.0003000300030003,0.0001000100010001,0,0.337533753375338,0,0,0.0018001800180018,0,0,0.004000400040004,0.0008000800080008,0.0121012101210121,0,0,0.0011001100110011,0.0434043404340434,0,0,0,0,0,0,0,0,0,0.0014001400140014,0,0,0,0,0,0,0,0.0009000900090009,0,0,0,0.0162016201620162,0,0,0,0.0095009500950095,0,0.0074007400740074,0,0,0,0,0,0,0,0.0154015401540154,0.0452045204520452,0,0,0,0,0,0,0.0041004100410041,0,0,0,0.0113011301130113,0,0,0,0,0,0.0039003900390039,0,0,0,0,0,0,0.0024002400240024,0,0,0,0.0032003200320032,0,0,0,0.0214021402140214,0.0067006700670067,0,0,0,0,0,0,0,0,0,0.0004000400040004,0.0539053905390539,0,0,0,0,0,0,0,0,0,0,0,0,0.0017001700170017,0,0.0001000100010001,0,0.0033003300330033,0.0034003400340034,0,0,0,0.0021002100210021,0,0,0,0,0,0.0065006500650065,0,0,0,0.0048004800480048,0,0,0,0.0013001300130013,0,0,0,0,0,0,0,0,0,0,0,0.0001000100010001,0,0,0.0201020102010201,0,0,0,0,0,0,0,0,0,0.0008000800080008,0,0,0,0,0.0096009600960096,0,0,0,0.0174017401740174,0,0,0.0133013301330133,0.0001000100010001,0,0,0,0,0,0,0,0,0,0,0,0.0001000100010001,0.0066006600660066,0,0,0,0,0.0043004300430043,0,0.003000300030003,0,0,0.0009000900090009,0,0,0.0268026802680268,0,0,0,0,0,0,0,0,0,0.0048004800480048,0,0.0274027402740274,0.0011001100110011,0,0.0008000800080008,0,0,0,0,0.0001000100010001,0.0021002100210021,0,0,0,0,0.0001000100010001,0,0,0,0,0,0,0,0.0052005200520052,0,0.0108010801080108,0.0267026702670267,0,0,0,0,0.0006000600060006,0,0,0,0,0,0,0,0,0.0014001400140014,0,0,0.0175017501750175,0,0.0001000100010001,0,0,0,0.0007000700070007,0,0,0,0.102410241024102,0,0,0,0,0,0,0,0,0,0,0,0.0001000100010001,0,0.0004000400040004,0,0,0.0667066706670667,0
0,0,0,0,0,0,0.00489755122438781,0.000199900049975012,0.0131934032983508,0,0,0,0,9.99500249875062e-05,0.00249875062468766,0,0,0,0,0,0.000599700149925037,0.00269865067466267,0,0,0,0.130034982508746,0,0,0.00219890054972514,0.0031984007996002,0.0451774112943528,0.0277861069465267,0,0.00909545227386307,0,0,9.99500249875062e-05,0.000199900049975012,9.99500249875062e-05,0,0,0,0,0.00299850074962519,0,0.000299850074962519,0,0,0,0,0.000199900049975012,0,0,0,0.00079960019990005,0,0,0,0,0.00129935032483758,0,0.00109945027486257,0,0,0,0.000699650174912544,0.000899550224887556,9.99500249875062e-05,0,0,0.00489755122438781,0,0,9.99500249875062e-05,0,0,0,0,0,9.99500249875062e-05,0,0,0,0,0.000199900049975012,0.00539730134932534,0,0,0,0.00699650174912544,0.0133933033483258,0.000999500249875062,0.000299850074962519,0,0,9.99500249875062e-05,0,0,0.00499750124937531,0,0,0,0,0,9.99500249875062e-05,0,0.000399800099950025,9.99500249875062e-05,0,0,0,0,0,0.00129935032483758,0,0,0.0015992003998001,0,0.00379810094952524,9.99500249875062e-05,0.00929535232383808,0,0,0.000499750124937531,0.00119940029985007,0,0,0,0,0,0.0136931534232884,9.99500249875062e-05,0,0,0,0,0.00869565217391304,0,0,0,9.99500249875062e-05,0,0,0,0,0,0,0,0,0,0,0,0,0,0,0,0,0,0.000299850074962519,0.00079960019990005,0,0,0,0.00489755122438781,9.99500249875062e-05,0,0,0,0,0,0,0,0,0,0,0,0.00279860069965018,0.00579710144927536,0.00679660169915042,0,0,0,0,0,0,0,0,0,0,0,0,0.00119940029985007,0,0,9.99500249875062e-05,0,0.00739630184907546,0.00409795102448776,0,0,0,0,0,0,0,0,0,0,0,0,0,0,0,0.000299850074962519,0,0.0047976011994003,0.00239880059970015,0,9.99500249875062e-05,0.000399800099950025,0,0.0140929535232384,0,0.00449775112443778,0.00149925037481259,0.00079960019990005,0,0,0.00219890054972514,0.0015992003998001,0.000399800099950025,0,0,0.0220889555222389,0,0,0,0,0.000199900049975012,0,0,0,0.000399800099950025,0,0,0,0,0,0,0,0.00119940029985007,9.99500249875062e-05,0.000699650174912544,0,0,0.000399800099950025,0.000399800099950025,0,0.00079960019990005,0,0.000299850074962519,0,0,0,0,0,0,0,9.99500249875062e-05,0.0768615692153923,0,9.99500249875062e-05,0.155622188905547,0,0,9.99500249875062e-05,0,9.99500249875062e-05,0.000199900049975012,0.179210394802599,0,0.136031984007996,0.00909545227386307,0,0,0,0,0,0.00199900049975012,0.00129935032483758,0,0,0,0,0.0047976011994003,0,0.000599700149925037,0,0,0.0109945027486257,0
0,0,0,0,0,0,0.00469765117441279,0,0,0,0,0,9.99500249875062e-05,0.0170914542728636,0.00329835082458771,0,0,0,0,0,0.000999500249875062,0.000599700149925037,0,0.000299850074962519,0,0.0816591704147926,0,0,0.000399800099950025,9.99500249875062e-05,0.000599700149925037,0.00399800099950025,0,0.0193903048475762,0,0,9.99500249875062e-05,0,0,0,0,0,0,0.00729635182408796,0,0.0179910044977511,0,9.99500249875062e-05,0,0,9.99500249875062e-05,0,0,0,0.00149925037481259,0,0,0,0,0.000299850074962519,0,9.99500249875062e-05,0,0,0,0,0.0285857071464268,0,0,0,0.00239880059970015,0,0,0.00129935032483758,0,9.99500249875062e-05,9.99500249875062e-05,0,0,0.00549725137431284,0,0,0,0,0,9.99500249875062e-05,0,0.000199900049975012,0,0.00559720139930035,0,9.99500249875062e-05,0.0195902048975512,0,0,0,0,0,0,0,0,0.00369815092453773,0,0,0,0,0,0.0591704147926037,0,0,0,0,0,0.0116941529235382,0,0.00259870064967516,0.0295852073963018,0,0.00219890054972514,0,0.00439780109945028,0,0,0,0.0063968015992004,0,0,0,0.000199900049975012,0,0.160619690154923,0.0107946026986507,0,0,0,0,9.99500249875062e-05,0,0,0,0.000199900049975012,0.000599700149925037,0,0,0,0,0.000199900049975012,0,0.00329835082458771,0,0,0.016791604197901,0.000199900049975012,0,0,0,0,0,0.000599700149925037,0.00289855072463768,0.00629685157421289,0.00579710144927536,0,0,0,0,0,0,0.00459770114942529,0.000299850074962519,0,0,0.0198900549725137,0,0,0,0.00459770114942529,0.00369815092453773,0.000999500249875062,0,0,0.0031984007996002,0,0.00829585207396302,0,0,0,0.000699650174912544,0,0,0,0.000199900049975012,0,0,0,0.000399800099950025,0.00379810094952524,0,0,0,0,0,0,9.99500249875062e-05,0,0,0,0,0.000699650174912544,0,0.0111944027986007,0,0,0,9.99500249875062e-05,0,0.000499750124937531,0,9.99500249875062e-05,0.000999500249875062,0.00149925037481259,0,0,0,0,0,0,0,0.00889555222388806,0.00139930034982509,0.00239880059970015,0.000199900049975012,0,0.0217891054472764,0,0,0,0,0,0.000199900049975012,0,0,0.00339830084957521,0,0,0,0,0,0,0,0,0,9.99500249875062e-05,0,0.000199900049975012,9.99500249875062e-05,9.99500249875062e-05,0,0,0,0,0,0,0.000199900049975012,9.99500249875062e-05,0,9.99500249875062e-05,0,0.000499750124937531,0.063368315842079,0,0,0.0105947026486757,9.99500249875062e-05,0.00079960019990005,0,0,0,0.000199900049975012,0.261769115442279,0,0,0.00189905047476262,0,0,0,0,0,0,0.00109945027486257,0,0,9.99500249875062e-05,0,0,0,0.00169915042478761,0,0,0.000199900049975012,0
0,0,0,0,0,0,9.99900009999e-05,0,0,0,0,0,0,0,0.0003999600039996,0,0.0004999500049995,0,0,0,0,0.0010998900109989,0,0,0,0.112288771122888,0,0,0.0005999400059994,0.0035996400359964,0,0.0320967903209679,0,0.0032996700329967,0,0,0,0,0,0,0,0,0,0,0,0,0,0,0,0,0,0,0,0,0,0,0,0,0,0.0323967603239676,0,0,0,0,0,0,0.0154984501549845,0,0,0.0071992800719928,0.0014998500149985,0,0,0,0,0,0,0,0,0.021997800219978,0,0,0.0097990200979902,0,0.0010998900109989,0.0001999800019998,0,0,0,0,0,0.000999900009999,0.0018998100189981,0,0,0,0,0,0,0,0,0,0,0,0,0.0030996900309969,0,0.0908909109089091,0,0,0,0,0.0001999800019998,0.0007999200079992,0,0.0001999800019998,0.0018998100189981,0,0.006999300069993,0,0.0025997400259974,0,0,0,0.0025997400259974,0,0,0.0590940905909409,0,0,0.011998800119988,0,0,0,9.99900009999e-05,0,0,0,0,0,9.99900009999e-05,0,0,0,0,0,0.0025997400259974,0,0.004999500049995,0.0008999100089991,0,0,0,0.004999500049995,0,0,0,0,0,0.0016998300169983,0,0.006999300069993,0,0,0,0,0,0,0,0,0,0,0,0,0,0,0.0066993300669933,0,0.0022997700229977,0,0,0,0,0,0.001999800019998,0,0,0.0115988401159884,0,0,0.0157984201579842,0.0041995800419958,0,0,0,0,0.0360963903609639,0,0,0,0,0,0.0885911408859114,0.0312968703129687,0,0.0027997200279972,0,9.99900009999e-05,0,0,0.0352964703529647,0,0,0,0.0001999800019998,0,0.0032996700329967,0,0,0,0.0006999300069993,0,0,0,0,0,0,0,0,0,0.0004999500049995,0,0,0.0053994600539946,0,0,0,0.0001999800019998,0,0,0,0,0.0364963503649635,0,0.0002999700029997,0,0,0,0,0,0,0.0003999600039996,0,0,0.0031996800319968,0.0076992300769923,0,0,0.0022997700229977,0,0,0,0,0.0015998400159984,0,0,0,0,0,9.99900009999e-05,0,0,0.0082991700829917,0,0,0,0,0,0.0003999600039996,0.215478452154785,0,0,0.0070992900709929,0,0,0,0,9.99900009999e-05,0.015998400159984,0,0,0,0,0,0,0,0.0004999500049995,0,0,0.0035996400359964,0
0,0,0,0,0,0,0,9.9930048965724e-05,9.9930048965724e-05,0,0,0,0,9.9930048965724e-05,0.000799440391725792,0,0,0,0,0,9.9930048965724e-05,0.00099930048965724,0,0,0,0.443989207554712,0,0,0.00219846107724593,0,0.000199860097931448,0,0,0.0121914659738183,0,0,9.9930048965724e-05,0,0,0,9.9930048965724e-05,0,0,0.00139902068552014,0,0.0285799940041971,0,0,0,0,0,0,0,0,0,0,0,0,0,0.00769461377036075,0,9.9930048965724e-05,0,0,0,0,0.00099930048965724,0,0,0,0.00139902068552014,0,0,9.9930048965724e-05,0,0,0,0,0,0,0.000199860097931448,0,0,0,0.000199860097931448,0,0.0582592185470171,0,0,0.00149895073448586,9.9930048965724e-05,0.00549615269311482,0,0,0,9.9930048965724e-05,0,0,0.00319776156690317,0,0,0,0,0,0,0,0.000199860097931448,0.00619566303587489,0,0,0,0,0,0.00179874088138303,0,0,0,0,0.00139902068552014,0,0,0,0,0.000299790146897172,0.00599580293794344,0.000399720195862896,0,0,0,0,0,0.0049965024482862,0,0,0,0,0.00199860097931448,0,0,0,0.048166283601479,0,0,0,0,0,0,0,0,9.9930048965724e-05,0.00049965024482862,0.000799440391725792,0,0.000599580293794344,0,0,0,0,0,0.00479664235035475,0,0,0,0.101329069651244,0,0,0,0,0,0,0,0,0,0,0,0,0,0,0,9.9930048965724e-05,0,0,0,0,0.000199860097931448,0,0,0,0,0,0,0.0078944738682922,9.9930048965724e-05,9.9930048965724e-05,0,0,0,0,0,0,0,0,0,9.9930048965724e-05,0,0.00049965024482862,0,0,0.000299790146897172,0,0,0,0.000399720195862896,0,0.000299790146897172,0,0,0,0,0.000199860097931448,0,0,0,0,0,0,0,0,0.00189867093034876,0,0.00479664235035475,0,0,0.00259818127310882,0,0,0,0,0,0.000199860097931448,0,0,0,0,0,0,0,0,0,0,9.9930048965724e-05,0,0,0,0,0,0.0053962226441491,0,0.000199860097931448,0.00049965024482862,0.000199860097931448,0,0,0,0,0,0,0,0,0.0114919556310583,0,0,0.0155890876386529,0,0.00049965024482862,0,0.000299790146897172,0,0,0.17527730588588,0,0,0.00829419406415509,0,0,0,0,0,0.00519636254621765,0.00199860097931448,0,0,0,0,0.00409713200759468,0,0.000299790146897172,0,0,0.00099930048965724,0
0,0,0,0,0,0,0,0,0,0,0,0,0,0,0,0,0,0,0,0,0,0.000599880023995201,0,0,0,0.501999600079984,0,0,0.0020995800839832,0.000599880023995201,0,0,0,0,0,0,0,0.00579884023195361,0,0,0,0,0,0,0,0,0,0,0,0,0,0.00829834033193361,0,0,0,0,0,0,9.99800039992002e-05,0.00849830033993201,0,0,0,9.99800039992002e-05,0,0,0,9.99800039992002e-05,0,0,0,0,0,0,0,0.000399920015996801,0,0,0,0.00729854029194161,0,0.0010997800439912,0,0,0,0.000999800039992002,0,0,0,0,0.00469906018796241,0.000899820035992801,0,0,0,0,0,0,0,0,0,0.0141971605678864,0.000699860027994401,0,0,0,0,0,0,0.00409918016396721,0,0,0,0,0,0,0,0,0.014497100579884,0,0,0,0.0028994201159768,0.0001999600079984,0.00829834033193361,0,0,0.0010997800439912,0,0,0,0,0,0,0,0,0,0,0,0,0.000899820035992801,0,0.000499900019996001,0,0.0023995200959808,0,0.0002999400119976,9.99800039992002e-05,0,0,0,0,0,0.000399920015996801,0.0001999600079984,0,0,0,0.0160967806438712,0,0,0,0,0,0,0,0,0,0,0,0.0002999400119976,0,0,0,0,0.000899820035992801,0,0,0.0175964807038592,9.99800039992002e-05,0,0,0,0,0,0,0,0,0,0,9.99800039992002e-05,0.0170965806838632,0.0002999400119976,0,0,0,0,0,0,0,0,0,0,0.0002999400119976,0,0.0012997400519896,0,0,0,9.99800039992002e-05,0.0001999600079984,0,0,0,0,0,0.00589882023595281,0,0,0,0,0,0,0,0,0,0,0,0,0,0,0,0,0.0453909218156369,0,0,0,0,0,0.000399920015996801,0,0,0,0,0.0011997600479904,0,0,0,0,0,0,0,0,0,0,0,0.00249950009998,0,0,0,0,0,0,0.000499900019996001,0,0,0,0,0.0001999600079984,0.0756848630273945,0,0,0.0012997400519896,0,0,0,0,0,0,0.203459308138372,0,0,0.0108978204359128,0,0,0,0,9.99800039992002e-05,0,0.000999800039992002,0,0,0,0.000799840031993601,0,0,0.0018996200759848,0,0,0,0
0,0,0,0,0,0,0.0034996500349965,0,0,0,0,0,0,0,9.99900009999e-05,9.99900009999e-05,0,0,0,0,0,0.0056994300569943,0,0,0,0.0294970502949705,0,0,0.0008999100089991,0,0,0,0,0.0071992800719928,0,0,0.0004999500049995,0.0345965403459654,0,0,0,0,0,0.0070992900709929,0,0.0785921407859214,0,0,0,0,0,0,0,0,0.0003999600039996,0,0,0,0,0.011998800119988,0,0,0,0,0,0,0.0033996600339966,0,0,0,0.0023997600239976,0,0,0.0010998900109989,0,0,0,0,0,0,0,0,0.0172982701729827,0,0.113788621137886,0,0,0,0,0.0018998100189981,0,0.0001999800019998,9.99900009999e-05,0,0,0,0,0,0.0125987401259874,0,0,0,0,0,0,0.0130986901309869,0.012998700129987,0.103989601039896,0,0,0,0,0.0001999800019998,0,0,0,0,0,0.0113988601139886,0,0.0120987901209879,0,0,0,0,0,0,0,0,0,0.0970902909709029,0.0388961103889611,0,0,0,0,0,0.0004999500049995,0,0,0.0112988701129887,9.99900009999e-05,0,0,0,0,0.0110988901109889,0,0,0,0,0,0,0,0,0,0,0,0,0.0052994700529947,0,0.0051994800519948,0,0.0425957404259574,0,0,0,0,0,0,0,0,9.99900009999e-05,0,0,0,0.0051994800519948,0.0127987201279872,0,0,0,0.0011998800119988,0,0,0.0072992700729927,0,0,0,0.0044995500449955,0,0,0.0014998500149985,0,0,0,0,0.0005999400059994,0,0,0,0,0.0003999600039996,0,0,0,0,0,0,0,0,0,0,0,0,0,0,0,0.004999500049995,0,0,9.99900009999e-05,0,0,0,0,0,0,0,0,0.0067993200679932,0.005999400059994,0,0,0.0154984501549845,0,0,0,0,0,0,0,0,0.0248975102489751,0,0,0,0,0,0,0,0,0,0,0,0,0.0012998700129987,0,0,0,9.99900009999e-05,0,0,0,0,0,0,0,0,0,0.0072992700729927,0,0,0.0102989701029897,0,0,0,0,0,0,0.148885111488851,0,0,0.0085991400859914,0,0,0,0,0,0.0197980201979802,0,0.0111988801119888,0,0,0,0.0006999300069993,0,0.0001999800019998,0,0,0.0008999100089991,0
0,0,0,0,0,0,0.0001000200040008,0,0,0,0,0,0.0003000600120024,0,0.0002000400080016,0.0001000200040008,0,0.0011002200440088,0,0,0.0012002400480096,0.00590118023604721,0,0.0001000200040008,0,0.0003000600120024,0,0,0.000400080016003201,0.0013002600520104,0.029005801160232,0,0,0.0171034206841368,0,0,0.000700140028005601,0.0129025805161032,0.0001000200040008,0,0.0001000200040008,0,0,0.000900180036007201,0,0.00570114022804561,0,0,0,0,0,0,0,0,0,0,0,0,0,0.020504100820164,0,0,0.000500100020004001,0,0,0,0.00740148029605921,0,0,0,0.0027005401080216,0,0,0,0,0,0,0,0,0.0249049809961992,0.000900180036007201,0,0.00860172034406881,0,0,0.00610122024404881,0.0601120224044809,0,0,0.00250050010002,0.00350070014002801,0.0001000200040008,0.0002000400080016,0,0.000700140028005601,0.0001000200040008,0,0,0.0027005401080216,0.0003000600120024,0,0.0011002200440088,0,0,0.000600120024004801,0.000600120024004801,0,0.239047809561912,0,0,0,0,0,0.0031006201240248,0.0013002600520104,0.0017003400680136,0,0,0.0452090418083617,0,0.00540108021604321,0.000600120024004801,0,0.0001000200040008,0.0011002200440088,0,0,0,0,0,0.0586117223444689,0.00470094018803761,0,0,0,0,0.0001000200040008,0,0,0,0.0019003800760152,0,0,0.0003000600120024,0,0,0,0,0.0017003400680136,0,0.0119023804760952,0.000700140028005601,0.00550110022004401,0,0,0,0,0,0,0.000400080016003201,0,0,0,0,0,0,0,0,0,0,0.0028005601120224,0,0.0001000200040008,0,0.000500100020004001,0,0.00780156031206241,0.000900180036007201,0.0213042608521704,0,0,0,0,0,0,0,0,0,0.000900180036007201,0,0,0,0.0001000200040008,0.0001000200040008,0,0.0001000200040008,0.000500100020004001,0.00830166033206641,0,0,0,0.000400080016003201,0,0.0003000600120024,0,0,0,0,0.0001000200040008,0.0001000200040008,0,0,0,0.0002000400080016,0.0003000600120024,0.0021004200840168,0.0023004600920184,0.00720144028805761,0.00370074014802961,0,0,0,0.0013002600520104,0,0.000400080016003201,0.000700140028005601,0,0.0124024804960992,0.0018003600720144,0,0.00420084016803361,0,0,0.0001000200040008,0,0,0,0.0001000200040008,0,0,0,0,0.0650130026005201,0,0,0,0,0,0,0,0.0001000200040008,0,0.0024004800960192,0,0,0.0113022604520904,0.0018003600720144,0,0,0.0014002800560112,0.000500100020004001,0,0,0,0.0002000400080016,0,0,0,0,0.0511102220444089,0,0,0.0325065013002601,0,0.0001000200040008,0,0,0,0,0.100120024004801,0.0002000400080016,0,0.0368073614722945,0,0,0,0,0,0,0.00500100020004001,0,0,0,0.0002000400080016,0.0001000200040008,0,0.00380076015203041,0,0,0.0012002400480096,0
0,0,0,0,0,0,0,0,0,0,0,0,0,0,0.0025994801039792,0,0,0,0,0,0.000599880023995201,0.00449910017996401,0,0,0,0.0486902619476105,0,0,0.00529894021195761,0,0.0555888822235553,0,0,0.00539892021595681,0,0,0.000999800039992002,0,0,0,0,0,0,0,0,0.0141971605678864,0,0.0001999600079984,0,0,0,0,0,0,0,0,0,0,0,0.0013997200559888,0,0,0,9.99800039992002e-05,0,0,0.0013997200559888,0,0,0,0,0,0,0,0,0,0,0,0,0.0011997600479904,0,0,0.0188962207558488,0,0,0,0,0,0,0,0,0,0.0017996400719856,0,0,0.00839832033593281,0,0,0,0,0,0,0,0,0,0,0,0.0339932013597281,0,0.0025994801039792,0,0,0,0,0,0,0,9.99800039992002e-05,0.0002999400119976,0,0,0,0,9.99800039992002e-05,0.00339932013597281,0,0,0,0,0,0,0.028994201159768,0,0,0,0,0.000799840031993601,0,0,0,0.0012997400519896,0,0,0,0,0,0,0,0,0,0,0,9.99800039992002e-05,0,0,0,0,0,0,0,0,0,0,0.0667866426714657,0,0,0,0,0,0,0,0,9.99800039992002e-05,0,0,0.000399920015996801,0,0.00379924015196961,0.000899820035992801,0,0,0,0,0,0,0,0,0,0,0.000499900019996001,0,0.00589882023595281,0.0021995600879824,0,0,0,0,0,0,0,0,0,0,0,0.207258548290342,0.00929814037192562,0,0,0,0.0001999600079984,0,0,0,0.0001999600079984,0,0,0.0273945210957808,0,9.99800039992002e-05,0,0,0,0,0,0,0,0,0.000399920015996801,0,0,0.0337932413517297,0,0,0.217056588682264,0,0,0,0,0,0,0,0,0,0,0,0,0,0,0,0,0.0202959408118376,0,0,0,0.00329934013197361,0,0,0,0,0,0.000499900019996001,0,0,0,0,0,0,0,0,0.00699860027994401,0,0,0.00249950009998,9.99800039992002e-05,0,0,0,0,0,0.120075984803039,0,0,0,0,0,0,0,0,0,0,0,0,0,0,0.0247950409918016,0,0.0021995600879824,0,0,0,0
0,9.99200639488409e-05,0,0,0,9.99200639488409e-05,0,0.000999200639488409,0,9.99200639488409e-05,9.99200639488409e-05,0,0,0.0151878497202238,9.99200639488409e-05,0,0,9.99200639488409e-05,0,0,0.00119904076738609,0.00749400479616307,0,0,0,0.261890487609912,0,0,0,0,0.0235811350919265,0,0,0.0192845723421263,0,0,0.000199840127897682,0.0123900879296563,0,0,0,0,0,0.00589528377298161,0,0,0,0,0,0,0,0,0,0,0,0,0,0,0,0.0283772981614708,0,9.99200639488409e-05,0,0.000399680255795364,0,0,0.00369704236610711,0,0,0,0.00369704236610711,0,0,0,0,0,0,0,0,0.0231814548361311,0,0,0,0,0,0.000499600319744205,0,0,0,0.00569544364508393,0,0,0,0,0,0.000299760191846523,0,0,0.00539568345323741,0,0,0,0,0,0,0,0,0.000999200639488409,0,0.004396482813749,0,0,0,0.035171862509992,0.00109912070343725,0.000199840127897682,0.00549560351718625,9.99200639488409e-05,0.00269784172661871,0,0,0,0,9.99200639488409e-05,0.000299760191846523,0.00359712230215827,0,0,0.000199840127897682,0.0038968824940048,0.0417665867306155,0,0,0.0100919264588329,0,9.99200639488409e-05,0.000199840127897682,0,0,0,0.000399680255795364,0.000199840127897682,0,0,9.99200639488409e-05,0,0.00859312549960032,0,0.00229816147082334,0.000199840127897682,0,0.00179856115107914,0,0,0,0,0,0,0.0021982414068745,0.00379696243005596,0,0.00729416466826539,0,0,0,0.0155875299760192,0,0,0,0,0,0,9.99200639488409e-05,0,0,0,0.00459632294164668,0.000999200639488409,0.0354716227018385,0,0,0.00299760191846523,0,0,0.000299760191846523,0,0,9.99200639488409e-05,0,0,0,0.00449640287769784,0,0,0,0,0.0197841726618705,0.00429656274980016,0,0,0,0.000299760191846523,0,0,0,0,0,0,0,0,0.00279776179056755,0,0,0,0.000599520383693046,0.00279776179056755,0,0,9.99200639488409e-05,0.000199840127897682,0,0.0198840927258193,0,0.00319744204636291,0,0.00109912070343725,0,0,0.00509592326139089,0.0161870503597122,0.0110911270983213,0,0,0.00859312549960032,0,0,0.000299760191846523,0,0,9.99200639488409e-05,0,0,0.0350719424460432,0,0,0.000599520383693046,0,0,0.000899280575539568,0,0,0,0.00409672262190248,0,0.000999200639488409,0,0.000199840127897682,0,0.000799360511590727,0,0.00309752198241407,0,0,0.000299760191846523,9.99200639488409e-05,0,0,0,0.000199840127897682,0.00109912070343725,0,0,0.0201838529176659,0,9.99200639488409e-05,0,0,0,0.000399680255795364,0.184352517985612,0,0,0.0270783373301359,0,0,0,0,0,0,0.000699440447641887,0,0,0,0,0,0,0.000999200639488409,0,0,0.000299760191846523,0
0,0,0,0,0,0,9.99000999000999e-05,0,0,0,0,0,0,0,9.99000999000999e-05,0,0,0,0,0,0.000699300699300699,0.0020979020979021,0,0,0,0.187712287712288,0,0,0,0,0,0,0,0.0032967032967033,0.0002997002997003,0,0,0.0117882117882118,0,0,0,0,0,0.0036963036963037,0,0,0,0.0003996003996004,9.99000999000999e-05,0,9.99000999000999e-05,9.99000999000999e-05,0,0,0.0030969030969031,0,0,0,0,0.0344655344655345,0,0,0,0,0,0,0.0165834165834166,0,9.99000999000999e-05,0.0040959040959041,0.0628371628371628,0,0,0,0.0021978021978022,0,0,0,0,0.0037962037962038,0,0.0002997002997003,0,0,0,9.99000999000999e-05,0,0,0,0.00789210789210789,0.0012987012987013,0.0002997002997003,9.99000999000999e-05,0,0,9.99000999000999e-05,0,0,0,0,0,0.0010989010989011,0,0,0.0001998001998002,0,0.0114885114885115,0.0503496503496504,0,0.0011988011988012,0.000699300699300699,0,0,0.0104895104895105,0,0,0,0,0.00809190809190809,9.99000999000999e-05,0,0,0,9.99000999000999e-05,0.0040959040959041,0,0.0168831168831169,0,0,0,0,0,9.99000999000999e-05,0,0,9.99000999000999e-05,9.99000999000999e-05,0,0,0,0.0003996003996004,0,0,9.99000999000999e-05,0,0,0.0010989010989011,0,0,0.0014985014985015,0.0023976023976024,0.0001998001998002,0,0,9.99000999000999e-05,0,0,9.99000999000999e-05,0,0,0,0,0,0,0,0,0,9.99000999000999e-05,0,0,0,0,0,0,0,0,0.0002997002997003,0,0.0011988011988012,0,0,0,0,0,0.0020979020979021,0,0,0,0,0,0,0.0168831168831169,0,0,0,9.99000999000999e-05,0,0,0,0,0,0,0,0.0394605394605395,0,0.0010989010989011,0,0,9.99000999000999e-05,0,0,0,0,0,0,0,0.00719280719280719,0,0.0030969030969031,0,0,0.0026973026973027,0,0,0,0.000599400599400599,0.0043956043956044,0,0.0258741258741259,0,0,0,0,0.0107892107892108,0.0018981018981019,0,0,0,0,0,0,0,0.0047952047952048,0.000899100899100899,0,0.0037962037962038,0,0,0,0,0,0,0.0020979020979021,0,0,0.0001998001998002,0,0,0,0.0046953046953047,0.0001998001998002,0,0,0,0,0,0,0,0,0.0003996003996004,0,0,0.00789210789210789,0,9.99000999000999e-05,0,0,0,0,0.34045954045954,0,0,0.0415584415584416,0,0,0,0,9.99000999000999e-05,0,0.0011988011988012,0.0003996003996004,0,0,0,0,0,0.0001998001998002,0.0050949050949051,0,0.00929070929070929,0
0,0,0,0,0,0,0,0,2e-04,0,0,0,0,0.0463,0.1998,0,0,0,0,0,0,6e-04,0,0,3e-04,0.0413,0,0,0.0068,0,0,0,0,0.0017,0,0,0,5e-04,0,0,0,0,0,4e-04,0,0.01,0,1e-04,0,0,0,0,0,0,0,0,0,0,0,0.0058,0,0.0112,0,0,0,0.0078,0.0062,0,0,0,7e-04,0,0,0.0011,0.0622,0,0,0,0,1e-04,0,0,0,0,0.0062,0,0,0,0,8e-04,0,0,0,0,0,0,0,0,0,0,0,0,0,0,2e-04,0,1e-04,0.0139,0,0.009,0,0.0094,0,8e-04,0,0,0.0155,1e-04,0.0024,0,0.0159,0.0012,1e-04,0,0.0026,0.0034,0,0,0,0,0.0238,2e-04,0,0,0,0,0,0,0,0,2e-04,0,0,0,0,0,0,0,0,0.0255,0,0,0.0046,0,0,0,0,0,0.0138,2e-04,0,0.0027,0,0.0111,0,0,0,0,0,0.0012,0,0.0012,0.0279,4e-04,0,0,0.0055,8e-04,0.0054,0,0,0.0033,0,0,0,0,0,0,0,0,0,0,9e-04,0,0,0,0.0106,0,0,0,0,7e-04,0,0,0,0.0429,0,0,0,0,0,0,0.0247,0,0,0.0067,0.0014,3e-04,4e-04,7e-04,0,0,0,0,0,0,0,0,0,0.0014,0.0035,0,0,0.0038,0,3e-04,0,0,0,0,0,0,0.0576,0,0,0,0,2e-04,0,0,0,0,0,0,0,3e-04,0,0,0,0.002,3e-04,0,0,2e-04,0,0,0,0,5e-04,0.0144,0,0,0.0038,0,0,0,0,0,0.0022,0.1819,0,0,0.003,0,0,0,0,0,0.0016,0,0,0,0,0,0.0212,0,0,0,0,0,0
0,0,0,0,9.99000999000999e-05,0,0.0001998001998002,0,0,0,0,9.99000999000999e-05,0,0.00599400599400599,9.99000999000999e-05,0,0,0,0,0,0.0014985014985015,0.000599400599400599,0,0.0001998001998002,0,0.112887112887113,0,0,0.0003996003996004,0,0.0147852147852148,0,0,0.00979020979020979,0,0,0.0004995004995005,0.0018981018981019,0,0,0,0,0,0.0014985014985015,0,0.0854145854145854,0,0,0,0,9.99000999000999e-05,0,0,0,0,0,0,0,0,0,0,0.000599400599400599,0,0,0,9.99000999000999e-05,0.0044955044955045,0,0.0001998001998002,0,0.0002997002997003,0,0,0.0003996003996004,0.0766233766233766,0,0,9.99000999000999e-05,0,0.0334665334665335,0,9.99000999000999e-05,0,0,0.00609390609390609,0,0.0044955044955045,0,0,0.0020979020979021,0,0.0040959040959041,0.000999000999000999,0,0,0,0,0,0.0036963036963037,0,0,0,0,0,9.99000999000999e-05,0.0001998001998002,9.99000999000999e-05,0.294905094905095,0,0.0026973026973027,0,0,0,9.99000999000999e-05,0,0,0,0,0.0031968031968032,0,0.00569430569430569,0,0,9.99000999000999e-05,0.00569430569430569,0,0,0,0,0,0.0374625374625375,0.0013986013986014,0,0,0,0,9.99000999000999e-05,0,0,0,9.99000999000999e-05,0,0,0,0,0,0,0.0013986013986014,0.0011988011988012,0,0.000799200799200799,0.0016983016983017,0.0032967032967033,0,9.99000999000999e-05,0,0,0,9.99000999000999e-05,0.0017982017982018,0,0,0,9.99000999000999e-05,0,0,0,0.0012987012987013,0,0,0,0,9.99000999000999e-05,0,0,0,0.000999000999000999,0.0002997002997003,0.00579420579420579,0,9.99000999000999e-05,0,0,0,0,0,9.99000999000999e-05,0.000599400599400599,0.0020979020979021,0,0,0.0018981018981019,0,0.0002997002997003,0.0011988011988012,0,0.0120879120879121,0.0017982017982018,0,0,0,0,0,0,0,0.00769230769230769,0,0,0,9.99000999000999e-05,0,0.0013986013986014,0,0,0.0027972027972028,0.0011988011988012,0.0050949050949051,9.99000999000999e-05,0,0.0001998001998002,9.99000999000999e-05,0,0.001998001998002,0,0.0003996003996004,0,0,0,0,0.000699300699300699,0.0033966033966034,9.99000999000999e-05,0,0.0313686313686314,0,0,0,0,0,0,0.00579420579420579,0,0.0115884115884116,0,0,0,0,0,0,0,0.0012987012987013,9.99000999000999e-05,9.99000999000999e-05,9.99000999000999e-05,0.0014985014985015,0,0.0001998001998002,0,0.0004995004995005,0.00769230769230769,9.99000999000999e-05,0,0,0,0,0,0,0,0,0.003996003996004,0,0.000799200799200799,0.0004995004995005,0,0,0,9.99000999000999e-05,0,0.000799200799200799,0.128971028971029,0,0,0.00589410589410589,0,0,0,0,9.99000999000999e-05,0.000599400599400599,0.000999000999000999,0,0,0,0,0,0.0003996003996004,0.0003996003996004,0.0035964035964036,0,0.0022977022977023,0
0,0,0.000199940017994602,9.99700089973008e-05,0,0,0.000199940017994602,0,0.011296611016695,0,0,0,0,0,9.99700089973008e-05,0,0,0,0,0,0.00519844046785964,0.000599820053983805,0,0,0.00159952014395681,0.10146955913226,0,0,0,0.000199940017994602,0.0116964910526842,0,0,0.00269919024292712,0,0,0.00369889033290013,0.0141957412776167,0.00389883035089473,0,0,0,0,0,0,0.00179946016195141,0,0.000199940017994602,0,0,0,0,0,0,0.000399880035989203,9.99700089973008e-05,0,0,0,0.0123962811156653,0.000299910026991902,0.00159952014395681,0,0,0,0.000299910026991902,0.0179946016195141,0,0,0.00579826052184345,0.00269919024292712,0,0.000899730080975707,0.0191942417274818,0.0497850644806558,0,0,0,0,0,0.000199940017994602,0.000299910026991902,0.00379886034189743,0,0.0863740877736679,9.99700089973008e-05,0,0,0,0.0159952014395681,0.0660801759472158,0.00109967009897031,0,0.00379886034189743,0,0,0,0,0.00569829051284615,0,0,0,0,9.99700089973008e-05,0.000299910026991902,0.000399880035989203,0.000299910026991902,0.0410876736978906,0,0,0,0,0,0.0234929521143657,0,0,0,0,0.00479856043187044,0,0,0,0,0,0,0,0,0,0,0.00119964010796761,0,0.0484854543636909,0,0,0,0.00119964010796761,0.00219934019794062,0,0,0,0.00109967009897031,0,0,0,0,0,0,0.000799760071978406,0,0,0.000799760071978406,0,0,0.000699790062981106,0,0,0,0,0.000999700089973008,0.00179946016195141,0,0,0.000199940017994602,0,0,0,0,0,0,0,0,0,9.99700089973008e-05,0,0.00139958012596221,0,0,0.00179946016195141,0.00159952014395681,0,0,0,0.00249925022493252,0,0,0,0,0,0.000599820053983805,0,0,0.0100969709087274,0,0,0,0,0,0.000199940017994602,0,0,0,0,0,9.99700089973008e-05,9.99700089973008e-05,0.00139958012596221,0,0,0,0,0,0,0.00849745076477057,0,0.000499850044986504,0.000299910026991902,0.00919724082775168,0.00199940017994602,0,0.000399880035989203,0,0.00129961011696491,0,0.00239928021593522,0,0,0,0,0.0131960411876437,0.000799760071978406,0.0134959512146356,0,0,0.00919724082775168,0,0,9.99700089973008e-05,0,0,0,0,0,0.00799760071978406,0,0,0,0,0,0,0.00159952014395681,0,9.99700089973008e-05,0,0,0.000399880035989203,0,0.000199940017994602,0.00119964010796761,0.000199940017994602,0.000699790062981106,0.000299910026991902,0,0,0,0,0,0,0,0,0.000599820053983805,0,0,0.00429871038688393,0,0,0,0,9.99700089973008e-05,0.000199940017994602,0.30260921723483,0,0,0.000699790062981106,0,0,0,0,0,0.00499850044986504,0,0.00509847045886234,0,0,0,0.00189943017094872,0.000199940017994602,0,0,0,0.00129961011696491,0
0,0,0,9.99200639488409e-05,0,0,0,0,0,0,0,0,0,0.0204836131095124,0.00129896083133493,0,0,0,0,0,0,0,0,0,0,0.0182853717026379,0,0,9.99200639488409e-05,0.000599520383693046,0,0,0,0.0108912869704237,0,0,0,0.000699440447641887,0,0,9.99200639488409e-05,0,0,0,0,0,0,9.99200639488409e-05,0,0,0.000199840127897682,0,0,0,0,0,0,0,0,0,9.99200639488409e-05,0,0,0,0,0,0.00259792166266986,0,0,0,0,0,0,0,0,0.0232813749000799,0,0.000199840127897682,0,0,0,0,0,0,0,0,0,0,0,0,0,0.000299760191846523,0.258093525179856,0,0,0.013189448441247,0,0,0,0,0,0,0,0,0,0,0,0.0911270983213429,0,0,0,0,0,0,0,9.99200639488409e-05,0,0,0.00129896083133493,0,0,0,0,0.000199840127897682,0.030775379696243,0,0,0,0,0,0,0.000999200639488409,0,0,0,0,0.00109912070343725,0,0,0,9.99200639488409e-05,0,0,0,0,0,9.99200639488409e-05,0,0,0,0.000499600319744205,0,0,0,9.99200639488409e-05,0,0,0,0,0.00819344524380496,0,0,0,0,0,0,0,0,0,0,0,0,9.99200639488409e-05,0,0,0.00229816147082334,0.000299760191846523,9.99200639488409e-05,0,0,0,0,0,0,0,0,0,0,0,0,0.000399680255795364,0.00289768185451639,9.99200639488409e-05,0,0,0,0.00459632294164668,9.99200639488409e-05,0,0,0,0,0,9.99200639488409e-05,0,0,0,0,9.99200639488409e-05,0,0,0,0,0,0,0,0,0,0.00949240607513989,0,0,0.0021982414068745,0,0,9.99200639488409e-05,0,0,0,0,0,0,0,0,0,0,0,0,0,0,0,0,0,0.0104916067146283,0,0,0,0,0,0,0,0,0,0,0,9.99200639488409e-05,0,9.99200639488409e-05,0,0,0,9.99200639488409e-05,0,0,0,0,0,0,0,0,0.030775379696243,0,0,0.215227817745803,0.0796362909672262,0,0,0,0,0,0,0,0.0985211830535572,0.0484612310151879,0,0,0.00209832134292566,0,0,0.000199840127897682,0,0,0,0,0,0.00429656274980016,0,0.00129896083133493,0,0,0.000599520383693046,0
0,0,0,0,0,0,0,0,0,0,0,0,0,0,0,0,0,0,0,0,0,0,0,0,0,0.210257948410318,0,0,0.0017996400719856,0,0,0,0,0.00559888022395521,0,0,0,0,0,0,0,0,0,0,0,0.00899820035992801,0,0,0,0,0,0,0,0,0,0,0,0,0,0.0031993601279744,0,0,0,0,0,0,0.00669866026794641,0,0,0.0434913017396521,0,0,0,0,0,0,0,0,0,9.99800039992002e-05,0,0,0,0,0,0.0002999400119976,0,0,0,0,0,0.0012997400519896,0,0,0,0,0.0018996200759848,0,0,0,0,0.00359928014397121,0,0,0,0,0,0.130673865226955,0,0,0,0,0,0,0,0,0.00849830033993201,0,0.0025994801039792,0,0,0,0,0,0,0,0.000699860027994401,0,0,0,0,0,0,0.000599880023995201,0,0,0,0,0,0,0.0028994201159768,0,0,0,0,0,0,0,0,0,0,0,0.0002999400119976,0,0,0,0,0,0,0,0,0,0,0,0,0,0,0,0,0,0,9.99800039992002e-05,0.002999400119976,0,0,0,0,0.0013997200559888,0,0,0,0,0,0,0,0,0,0,0,0.001999600079984,0,0.0607878424315137,0,0,0,9.99800039992002e-05,0,0,0,0,0,0,0,0,0,0.0021995600879824,0,0,9.99800039992002e-05,0,0,0,0,0,0,0,0.00619876024795041,0,0.0203959208158368,0,0,0,0,0,0,0,0,0,0,0,0,0,0,0.0246950609878024,0,0,0,0,0,0,0,0,0,0,0.000999800039992002,0,0.00389922015596881,0,0,0,0,0,0,0,0,0.000999800039992002,0.000799840031993601,0,0,0,0,0,0,0,0,0,0,0,0,0.0002999400119976,0,0,0.160567886422715,0,0,0,0,0,0,0.267746450709858,0,0,0.0100979804039192,0,0,9.99800039992002e-05,0,0,0,0,0,0,0,0,0,0,0,0,0,0,0
0,0.00179802217560683,9.98901208670463e-05,0,0,9.98901208670463e-05,9.98901208670463e-05,0.00119868145040456,0,0,0.000199780241734093,9.98901208670463e-05,0.000199780241734093,0,0.000599340725202278,0,0,0,9.98901208670463e-05,9.98901208670463e-05,0.0038957147138148,0.00619318749375687,0,0.00109879132953751,0,0.069024073519129,9.98901208670463e-05,0,0.0169813205473979,0.00609329737288982,0.0204774747777445,0,0,0.0192787933273399,0,0,9.98901208670463e-05,0.0249725302167616,9.98901208670463e-05,9.98901208670463e-05,0,9.98901208670463e-05,0,0,0,0.0278693437219059,0,0.000199780241734093,0,9.98901208670463e-05,0.000299670362601139,0,0,0.000299670362601139,0.000899011087803416,0,0,0,0,0.0248726400958945,0.000299670362601139,9.98901208670463e-05,9.98901208670463e-05,0,0,0,0.00439516531815004,0,9.98901208670463e-05,0.00369593447208071,0.00209769253820797,9.98901208670463e-05,0.000199780241734093,0,0,0,0,0,0,0.0311657177105184,0,0.000199780241734093,0.0156827489761263,0,0.00369593447208071,0.00219758265907502,0,0,0,0.00329637398861253,0,0.00269703326341025,0.0012985715712716,0,0,0.000599340725202278,0,0,0.00139846169213865,0,0,0.000299670362601139,0,0,0.000299670362601139,0.000199780241734093,0,0.0220757167116172,0,0,9.98901208670463e-05,0.00379582459294776,0,0.00399560483468185,0.00209769253820797,0.00139846169213865,0.0012985715712716,0,0.0450504445110379,0,0,0,0,0,0.00229747277994206,0.000499450604335231,0,0,0.000899011087803416,0,0.0223753870742184,0.0012985715712716,0,0,0.000299670362601139,0,0.00119868145040456,9.98901208670463e-05,0,0,0.0120867046249126,0.00109879132953751,0,0,0,0,0.00199780241734093,0,0.00209769253820797,0,0,0.00299670362601139,0,0,0,0,0,0,0,0.0066926380980921,0,0.0040954949555489,0.000299670362601139,0,9.98901208670463e-05,0.0115872540205774,0,0,0,0,0.00079912096693637,0,0.000199780241734093,9.98901208670463e-05,0,0,0.00219758265907502,0.00998901208670462,0.0145839576465888,0,0,0.00399560483468185,0,0,0.0012985715712716,0,0,0.0105883528119069,0,0.000299670362601139,0,0.00549395664768754,0.000299670362601139,0,0.00139846169213865,9.98901208670463e-05,0.00159824193387274,0.00249725302167616,0,0.000199780241734093,0,0,0,0.00189791229647388,0,0.0221756068324843,0.000699230846069324,0.000699230846069324,0.000299670362601139,0.00139846169213865,0.0443512136649685,0,0,0.000599340725202278,0.000998901208670463,0.0124862651083808,0,0.000699230846069324,0.0212765957446809,0.00599340725202278,0.0268704425132354,0.0106882429327739,0.00739186894416142,0,9.98901208670463e-05,0,0.000399560483468185,0.00839077015283188,0.00139846169213865,0.00209769253820797,0.00609329737288982,0.000199780241734093,0.000299670362601139,0.0169813205473979,0,0,0.000299670362601139,0,0,0.000299670362601139,0,0,0.0138847268005194,0,0,0,0,0,0.00109879132953751,0,0,0.000499450604335231,0.00349615423034662,9.98901208670463e-05,0.000399560483468185,0.0133852761961842,0.00379582459294776,9.98901208670463e-05,0.000299670362601139,0,0,0,0.00269703326341025,0.000699230846069324,0.00559384676855459,0,0.000299670362601139,0,0,0.000499450604335231,0.00079912096693637,0.00329637398861253,0.00958945160323644,0,0,0,0,9.98901208670463e-05,0,0.177504744780741,0,0.000499450604335231,0.0208770352612127,0,0.000199780241734093,0,0,0.00109879132953751,0.00119868145040456,0.00299670362601139,0,0,0,0,0.00309659374687843,0.00169813205473979,0.0189791229647388,0,0,0.00689241833982619,0
0,0,0,0,0,0,0.000199940017994602,0,0,0,0,0,0,9.99700089973008e-05,0.00159952014395681,0,0,0.000499850044986504,0,0,0,0.000899730080975707,9.99700089973008e-05,0,0,0.110566829951015,0,0,0.00819754073777867,0.00329901029691093,9.99700089973008e-05,0.0393881835449365,0,0.00259922023392982,0,0,0.000399880035989203,0.000199940017994602,9.99700089973008e-05,0,0,0,0,0,0,0.00469859042287314,0,0,0,0,0,0,0,0,0,0.00119964010796761,0,0,0,0.00519844046785964,0.000399880035989203,0,0,0,0,0,0.0147955613316005,0,0,0,0.00209937018894332,0,0,0.000399880035989203,0,0,0,0,0,0.00709787063880836,0,0,0.0816754973507948,0,0.0488853343996801,0.00949715085474358,0,0,0,0.00549835049485154,0,0.00509847045886234,0.000299910026991902,0,0,0.000199940017994602,0,0.000399880035989203,0.00439868039588124,0,0,0,0,0,9.99700089973008e-05,0,0,0.032890132960112,0,0.0987703688893332,0,0,0,9.99700089973008e-05,0,0.000899730080975707,0,9.99700089973008e-05,0.00469859042287314,0,0.00679796061181645,0,0,0.000599820053983805,0.000799760071978406,0,0,0,0,0,0.0222933120063981,0,0,0.0154953513945816,0,0,9.99700089973008e-05,0,0,0,0.119664100769769,0.000299910026991902,0,0,0,0,0.00249925022493252,0,0,0,0,0.00559832050384884,0.0178946316105168,0,0,0,0,0,0.000199940017994602,0.000899730080975707,0,0.00679796061181645,0,0,0,0,0,0,0,0,0,0.000299910026991902,0.00179946016195141,0,0,0,0.0125962211336599,0,9.99700089973008e-05,0,0,0,0,0,0.00249925022493252,0,0,0.000699790062981106,0.0128961311606518,0,0,0.00209937018894332,0,0,0,0,0.00419874037788663,0.00459862041387584,0,0,0,0,0,0,0,0.0421873437968609,0,0,0,0,0,0,0,0,0.000399880035989203,0.00399880035989203,0.00229931020693792,0,9.99700089973008e-05,0,0,0,0,0,0,0,0,0,0,0.00429871038688393,0.00489853044086774,0.00299910026991902,0,0.0392882135359392,0,0,0,0,0,0.0100969709087274,0,0,0.00129961011696491,0,0,0,0,0,0,0,0,0,0.000199940017994602,0,0.000999700089973008,0.0240927721683495,0,0,0,0.00789763071078676,0.000999700089973008,0,0,0.000999700089973008,0,0,0,0,0,0.00559832050384884,0,9.99700089973008e-05,0.0462861141657503,0,0.000899730080975707,0,0,0.000199940017994602,0,0.0151954413675897,0.000199940017994602,0,0.000399880035989203,0.000199940017994602,0,0,0,0,0,0.00179946016195141,0,0,0,0,0.00299910026991902,9.99700089973008e-05,0.0371888433469959,0,0,0.00239928021593522,0
0.0003999600039996,0,0,0,0,0,0,0,0,0,0,0,0.0001999800019998,0,9.99900009999e-05,0,0,0,0,0,0.0231976802319768,0.0184981501849815,0,0,0,0.0003999600039996,0,0,0.0007999200079992,0.0037996200379962,0.0430956904309569,0,0.0001999800019998,0,0,0,0,0.0028997100289971,0,0,0,0,0,0.0224977502249775,0,0.0011998800119988,0,0,0,0,0,0,0,0,0.0120987901209879,0,0,0,0,0,0,0,0,0,0,0,0.0113988601139886,0,0,0,0.0620937906209379,0,0,0,0,0.0011998800119988,0,0,0,0.0221977802219778,0,0,0.0030996900309969,0,0,9.99900009999e-05,0.0100989901009899,0,0,0.0064993500649935,0,0,0.0164983501649835,0,0.0023997600239976,0,0,0,0.003999600039996,0,0,0,0,0,0.0001999800019998,0,0,0.137086291370863,0,0,0,0.0017998200179982,0,0.001999800019998,0,0.0015998400159984,0,0,0.0127987201279872,0,0.0050994900509949,0,0.0003999600039996,0.0001999800019998,0.0011998800119988,0,0,0,0,0,0.0306969303069693,0.0027997200279972,0,0,0,0,0.0021997800219978,9.99900009999e-05,0.0046995300469953,0,9.99900009999e-05,0,0,9.99900009999e-05,0,0,0,0,0.0021997800219978,0,0,0,0,0,0,0,0,0.0007999200079992,0,0.0044995500449955,0,0.0073992600739926,0.0003999600039996,0.0135986401359864,0,0,9.99900009999e-05,0,0,0,0,0,0.0015998400159984,0,0,0,0.0052994700529947,0.0351964803519648,0,0,0,0,0,0.0004999500049995,0.0015998400159984,0,0,0,0,0.0003999600039996,0,0.0011998800119988,0,0,0,0,0.0077992200779922,0.0117988201179882,0,0,0,0.0041995800419958,0,0.0021997800219978,0.0136986301369863,0.0002999700029997,0,0.0006999300069993,0,0,0.0094990500949905,0,0,0,0,0.0054994500549945,0.0063993600639936,0,0,0,0.0063993600639936,0,0,0,0,0,9.99900009999e-05,0,0.0240975902409759,0,0,0,0,0.0087991200879912,0,0,0,0,0,0.0008999100089991,0,0,0.0007999200079992,0,0.0007999200079992,0,0,0,0,0,0.0137986201379862,0,0,0,0.0108989101089891,0.0005999400059994,0,0,0,0.0002999700029997,0,0,0,0.0003999600039996,0,0,0.0015998400159984,0,0.0003999600039996,0.0002999700029997,0.0020997900209979,0,0.0231976802319768,0,0,0,0,0,0.0003999600039996,0.265973402659734,0,0,0.004999500049995,0,0,0,0.0010998900109989,0,0,0.0045995400459954,0,0,0,0,0.0056994300569943,0,0.0010998900109989,0,0,0.0098990100989901,0.0017998200179982
0,0.00269757218503347,0,0,0,9.99100809271655e-05,0.000199820161854331,9.99100809271655e-05,0,0,0,0,9.99100809271655e-05,0.00679388550304726,0.0113897492256969,0,0,0,0,0,0.000299730242781497,0.00359676291337796,9.99100809271655e-05,0.000299730242781497,0,0.385652912378859,0,0,0.000299730242781497,0.000299730242781497,0,0,9.99100809271655e-05,0.0286741932260965,0,0,0,0.0025976621041063,0.000299730242781497,0,9.99100809271655e-05,0,0,0.00389649315615946,0,0,0,9.99100809271655e-05,0,0,0.000199820161854331,0,0,0,0.000799280647417324,0,0,0,0,0.00379658307523229,0,9.99100809271655e-05,0,9.99100809271655e-05,0,0,0.00309721250874213,0,0.000199820161854331,0,0.00169847137576181,0,9.99100809271655e-05,9.99100809271655e-05,0,0,0,0,0,0.000799280647417324,0,0,0,0,0.000299730242781497,0.111799380557498,0,0,0,0.00229793186132481,0,0.000199820161854331,0.000399640323708662,0,0,0,0,0,0.00269757218503347,0,0,0,0,0.00229793186132481,9.99100809271655e-05,0,9.99100809271655e-05,9.99100809271655e-05,0,0.000299730242781497,9.99100809271655e-05,0,0,0.00309721250874213,0,9.99100809271655e-05,0,9.99100809271655e-05,0.00149865121390748,0,0,0,0,0,0.135577979818164,0,0.00429613347986812,0,0,0,0,0.000499550404635828,0,0,0,0,0.00179838145668898,0,0,0,0.000599460485562993,0,0,0,0,0,0.000199820161854331,0,0,0,0.000299730242781497,0,0,0,0,0,0,0,0,0.00389649315615946,0,0.000299730242781497,0,0,0,9.99100809271655e-05,0,0,9.99100809271655e-05,0,0,0,0,0,0,0,0.000199820161854331,0.00119892097112599,0.0123888500349685,0,0,9.99100809271655e-05,0,0,0,0,0,0,0,0,0,0.00349685283245079,9.99100809271655e-05,0,0,0,0.00189829153761615,9.99100809271655e-05,0,0,0,0,0,0,0,0.00179838145668898,0.000499550404635828,0,0,9.99100809271655e-05,0,0,0,0,0.00129883105205315,9.99100809271655e-05,0.000299730242781497,0.000199820161854331,0.00509541412728544,0,0.00139874113298032,0,0,0,0,0,0,0,0,0,0.00239784194225197,9.99100809271655e-05,0,0.0316714956539115,0,0,0,0,9.99100809271655e-05,0.00209811169947048,0,9.99100809271655e-05,0,0,0,0,0,0.000199820161854331,0,0,0.000999100809271655,9.99100809271655e-05,0.00169847137576181,0,9.99100809271655e-05,0.000699370566490159,0,0,9.99100809271655e-05,0,0,0,0,9.99100809271655e-05,0.00339694275152363,0,0,0,0.00169847137576181,0.0693375961634529,0,0,0.0395643920471576,0.00089919072834449,0.000699370566490159,0,0,0.000699370566490159,9.99100809271655e-05,0,0,0,0.0672394844639824,0,0,0,0,0.00089919072834449,9.99100809271655e-05,0,0,0,0.000999100809271655,0,0,0,0.00159856129483465,0,0,0.0101908282545709,0
0,0,0,0,0,0,9.99700089973008e-05,0.000699790062981106,0,0,0,0,0,0.0176946915925222,0.0145956213136059,0,0,0.00109967009897031,0,0,0.000199940017994602,9.99700089973008e-05,0,0.000399880035989203,0,0.118464460661801,0,0,0,0,0.0548835349395181,0,0,0,0,0,0.00469859042287314,0.00969709087273818,0,0,0,0.000999700089973008,0,0.00299910026991902,0,0.0111966410076977,0,9.99700089973008e-05,0,0,0,0,0,0,0,0,0,0,0,0.000499850044986504,0,9.99700089973008e-05,0,0,0,0,0.000899730080975707,0,0,0,0.00309907027891633,0,0,0.000499850044986504,0,0,0,0,0,0.000299910026991902,0,0,0.0161951414575627,9.99700089973008e-05,0.00119964010796761,0,0,0,0,0.00669799060281915,0.0114965510346896,0.000299910026991902,0,0.00309907027891633,0,0.000999700089973008,0,0,0.00489853044086774,0,0,0,0,0,0.000199940017994602,9.99700089973008e-05,0.0274917524742577,0.0298910326901929,0,0.00269919024292712,0,0,0,0.00989703089073278,0,0,0,0,0.0159952014395681,0,0,0.00429871038688393,0,9.99700089973008e-05,0.034889533140058,0.00549835049485154,0,0,0.000399880035989203,0,0.000199940017994602,0.00279916025192442,0,0,0,0,0,0,0,0,0,0,0,0,0.012296311106668,0,0,0,0,0.0115965210436869,0.00169949015295411,0.00109967009897031,0,0.000199940017994602,9.99700089973008e-05,0,0,0,0.0330900729781066,0.00379886034189743,0,0,0,0.0186943916824953,0,9.99700089973008e-05,0,0,0,0,9.99700089973008e-05,0,0,0,0,0,0,0.0204938518444467,0.00979706088173548,0,0.0101969409177247,0,0,0,0.000499850044986504,0,0,0,0,0,0,0.00579826052184345,0,0,0,0,0,0,0,0,0,0,0.204338698390483,0.0264920523842847,0,0.00189943017094872,0,0,0,0,0,0.0110966709987004,9.99700089973008e-05,0,0.000399880035989203,0,0.00349895031490553,0.00119964010796761,0,0.000299910026991902,0,0.00229931020693792,0.0194941517544737,0,0,0,0,0,0.0120963710886734,0.00159952014395681,0.00469859042287314,0,0,0.00579826052184345,0,0,0.000499850044986504,0,0,0,0,0,0.010296910926722,0,0,0.000399880035989203,0,0,0,0.00129961011696491,0.00109967009897031,0.000299910026991902,0.00169949015295411,0,0.0129961011696491,0,0,0,0.00109967009897031,0.000499850044986504,0.000399880035989203,0,0,0,0.00149955013495951,0,0,0.00609817054883535,0.000499850044986504,0.00149955013495951,0,0.000399880035989203,0.00579826052184345,0,9.99700089973008e-05,0.000199940017994602,0,0.000299910026991902,0.000399880035989203,0.0411876437068879,0,0,0.0252924122763171,0,0,0,0,0.000899730080975707,0.00199940017994602,0.000299910026991902,0.0100969709087274,0,0,0,0.00229931020693792,0.000299910026991902,0.000799760071978406,0.00839748075577327,0,0.00399880035989203,0.00939718084574628
0,0,0,0,0,0,9.99900009999e-05,0,0,0,0,0,0,0.0704929507049295,0.0052994700529947,0,0,0,0,0,0,0,0,0.0004999500049995,0,0.13038696130387,0,0,0.0063993600639936,0.0003999600039996,0.0045995400459954,0,0,0,0,0,0,0.0153984601539846,0,0,0,0,0,0,0,0.00999900009999,0,0,0,0,0.0002999700029997,0,0,0,0,0,0,0,0,0,0,0.0116988301169883,0.0001999800019998,0,0,0,0.0005999400059994,0,9.99900009999e-05,0,0,0,0,0,0,0,0,0,0,0.008999100089991,0,0,9.99900009999e-05,0,0.0282971702829717,0,0,9.99900009999e-05,0,0.0172982701729827,0,0.0002999700029997,0.0010998900109989,0,0,9.99900009999e-05,0,0,0.0038996100389961,0,0,0,0,0.0023997600239976,9.99900009999e-05,0,0.0445955404459554,0.0354964503549645,0,0,0,0,0,0.0102989701029897,0,0,0,0,0.0050994900509949,0,0,0,0,9.99900009999e-05,0,0,0,0,0,0,0.0140985901409859,0.0337966203379662,0,0,0,0.0028997100289971,0,0,0,0,0.0002999700029997,0,0,0,0,0,0,0,0,0,0,0,0,0,0,0,0,0,0,0.0138986101389861,0,0,0,0.0760923907609239,0,0,0,0,0,0,0,0,0.0010998900109989,0,0,0,0,0,0.000999900009999,0,0,0,0,0,0,0,0,0,0,0.0010998900109989,0,0.0128987101289871,0.0001999800019998,0,0,0.0003999600039996,0,0,0,0,0,0,0,0,0.0130986901309869,0.0002999700029997,0,0,0,0.0006999300069993,0,0,0,0,0,0,0.0102989701029897,0,0,0,0,0.0035996400359964,0,0,9.99900009999e-05,0,0,0,0,0,0,0,0,0.0995900409959004,0,0,0,0,0,0,0,0,0,0,0,0,0,0,0,0,0,0.0003999600039996,0.0048995100489951,0,0.0031996800319968,0,0,0,0,0,0,0,0,0,0,0,0,0,0,0.0217978202179782,0,0.0087991200879912,0.0681931806819318,0,0,0,0,0,0.000999900009999,0.0992900709929007,0,0,0.0373962603739626,0,0,0,0,0.0172982701729827,0.0013998600139986,0,0,0,0,0,0.0360963903609639,0,0,0,0,0,0
0,0,0,0,0,0,0.000799200799200799,0,0,0,0,0,0,0.00929070929070929,0.000699300699300699,0,0,0,0,0,0,0.00579420579420579,0,9.99000999000999e-05,0,0.214985014985015,0,0,0.0004995004995005,0,0.0398601398601399,0,0,0.00719280719280719,0,0,0.000599400599400599,0.00829170829170829,0,0,0.000899100899100899,0,0,0,0,0.0118881118881119,0,0.0003996003996004,0,0,0,0,0,0,0,0,0,0,0,0.0017982017982018,0,0.0011988011988012,0,9.99000999000999e-05,0,0,0.000699300699300699,0,0,0,0,0,9.99000999000999e-05,0,0,9.99000999000999e-05,0,0,0,0.0036963036963037,0,0,0,0,0.0387612387612388,0,0.00759240759240759,0,0,0.0027972027972028,0,9.99000999000999e-05,0.0002997002997003,0,0,0,0,0,0,0,0,0,0,0,0,0,0,9.99000999000999e-05,0,0.0001998001998002,0,0,0,0.0003996003996004,0,0.0004995004995005,0,9.99000999000999e-05,0,0,0.0013986013986014,0,0,0,0.00959040959040959,0.0002997002997003,0,0,0,0,0.0380619380619381,0.00699300699300699,0,0.0031968031968032,0,0,0.0038961038961039,0,0,0,9.99000999000999e-05,0,0.000699300699300699,0,0,0,0.0004995004995005,0,0,0,0.00809190809190809,0.00629370629370629,0,0,0,0,0,0,0,0,0,0,0,0.159140859140859,0,0,0,0,0,0,0,9.99000999000999e-05,0,0,0,0,0.0041958041958042,0,0.0045954045954046,0.0001998001998002,0,0,0,0,0,0,0,0.01998001998002,0,0,0,0.0011988011988012,9.99000999000999e-05,9.99000999000999e-05,0,0,0.0002997002997003,0,0,0,0,0,0,0,0.0434565434565435,0.0022977022977023,0,0,0,0,0,0,0.0156843156843157,0,0,0.0012987012987013,0.0013986013986014,0,9.99000999000999e-05,0,0,0,0,0,0,0,0,0,0.00579420579420579,0,0,0,0,0.0773226773226773,0,0,0,0,0,0.0004995004995005,0.00979020979020979,0,0,0,0,0,0,0.0002997002997003,0.000699300699300699,0,0.0004995004995005,0,0,0,0.0001998001998002,0,0,0,0.0013986013986014,0,0.0001998001998002,0,0,0,0,0,0,0,0,9.99000999000999e-05,0.0130869130869131,0,0.0263736263736264,0,0,0,0,0,0,0.133166833166833,0,0,0.0232767232767233,9.99000999000999e-05,0,0,0,0,0,0,0,0,0,0,0,0,9.99000999000999e-05,0,0,0.013986013986014,0
0,0,0,0,0,9.99800039992002e-05,0.00459908018396321,0,0.000399920015996801,0,0.0001999600079984,0,0,0,0,0,0,0,9.99800039992002e-05,0,0,0,0,0.000999800039992002,0,0.19746050789842,0,0,0.0010997800439912,0.000999800039992002,9.99800039992002e-05,0,0,0,0,0,0.0002999400119976,0.00399920015996801,0,0,9.99800039992002e-05,0,0,0,0,0.00699860027994401,0,0,0,0,0,0,0,0,0.00469906018796241,0,0,0,0,0.0023995200959808,0,0.0168966206758648,9.99800039992002e-05,0,0.001999600079984,0,0.0031993601279744,0,0.000999800039992002,0,0,0,0,0,0,0,0,0,0,0.0013997200559888,0,0,0.000899820035992801,0,0,0,0,0,0,0.0176964607078584,0,0.000399920015996801,9.99800039992002e-05,0,0,0,0,0,0,0,0,0.0002999400119976,0,0,0,0.000699860027994401,0,0.0030993801239752,0,0.015496900619876,0,0,0,0,0,0.000399920015996801,0.0028994201159768,0,0,0,0,0,0,0,0.00629874025194961,0,0,0,0,0,0.0710857828434313,0.021995600879824,0,0,9.99800039992002e-05,9.99800039992002e-05,9.99800039992002e-05,0,0,0.000399920015996801,0,0,0,0,0,0,0,0,0.0025994801039792,0,0,0,0.0002999400119976,0,0,0,0,0,0,0.0030993801239752,0,0,0,0,0,0,0,0.0218956208758248,0,0,0,0,9.99800039992002e-05,0,0,0,0.0026994601079784,0,0,0,0,0,0,0,0.0013997200559888,0,0,0,0.00389922015596881,0,0,0,0.0018996200759848,0,0,0,0,0.00489902019596081,0,0,0,0.000699860027994401,0.001499700059988,0,9.99800039992002e-05,0,0,0,0,0,0,0,0,0,0,0.00329934013197361,0,0,0,0,0,0,9.99800039992002e-05,0,0,0,0.000699860027994401,0,0,0.0023995200959808,0.0157968406318736,0.0002999400119976,0,0.0173965206958608,0,0,0,0,0,0,0,0,0,0,0,0,0,0,0,0,0,0,0.0002999400119976,0,0,0,0,0,0.0002999400119976,0,0,0,0,0.000899820035992801,0.0100979804039192,0,0,0,0,0.0017996400719856,0,0,0.0739852029594081,0,0,0,0,0,0.0002999400119976,0.417716456708658,0,0,0,0,0,0,0,0,0.00339932013597281,0.00379924015196961,0,0,0,0,0.00849830033993201,0,0.0025994801039792,0,0,0,0
0,0,0,0,0,0,0,0,0,0,0,0,0,0,0,0,0,0,0,0,0,0,0,0,0,0.5262,0,0,0,0,0.0079,0,0,0.0054,0,0,0,0,0,0,0,0,0,0,0,0,0,0,0,0,0,0,0,0,0,0,0,0,0,0,0,0,0,0,0,0,0,0,0,0.014,0,0,0,0,0,0,0,0,0,0,0,0,0,0,0,0,0,0,0,0,0,0,0,0,0,0,0,0,0.0011,0,0,0,0,0,0,0,0,0.1739,0,8e-04,0,0,0,0,0,0,0,0.0062,0,0,0,0,0,3e-04,0,0,0,0,0,0,0,0,0,0,0,0,0,0,0,0,0.0069,0,0,0,0,0,0,0,0,0,0,0,0,0,0,0,0,0,1e-04,0,0,0,0,0,0,0,0,0,0,0,0,0,0,0,0,0,0,0,0.006,0,0,0,0,0,0,0,0,0,0,0,0,0,0,0,0,0,0,0,0,0,0,0,0,0,2e-04,0,0,0,0,0,0,0,0,0,0,0,0,0,0,0,0,0,0,0,2e-04,0,0,0,0,0,0,0,0,0.0057,0,0,0,0,0,0,0,0,0,0,0,0.0042,0,0,0,0,0,0,0,0,0,0,0.0022,0,0,0,0,0,0,0,0,0,0,0,0.0057,9e-04,0,0,0.2224,0,0,0,0,0,4e-04,0,0,0,0.0079,0,0,0,0,0,0,0.0014,0,0,0,0,0,0,0,0,0,0,0
0.00239664469742361,0.000399440782903934,0,9.98601957259836e-05,0,0,0,0.000599161174355902,0,0,0,0,0,0.0343519073297384,0.000199720391451967,0,0,0,0,0,0.00479328939484721,0,0,9.98601957259836e-05,0,0.0585180746954264,0,0,9.98601957259836e-05,0.000898741761533853,0.024665468344318,0,0,0.00219692430597164,0,0,0.000399440782903934,0.0200718993409227,0,0,0,0,0,0.000699021370081885,0,0.00239664469742361,0,0,0,0,0.000499300978629918,0,0,0,0.000299580587177951,0,0,9.98601957259836e-05,0,0.0131815458358298,0,0,0,0,0,0,0.0197723187537448,0.000399440782903934,0,0,0.00129818254443779,0,9.98601957259836e-05,0,0,0,0,0,0,0.00419412822049131,0,0,0.00529259037347713,0,0,0,0.00179748352306771,0,0,0.00599161174355902,0,0.000299580587177951,9.98601957259836e-05,0,0,9.98601957259836e-05,0,0,0.00309566606750549,9.98601957259836e-05,0,9.98601957259836e-05,0,0,0.000599161174355902,0,0,0.316157379668464,0,0.00169762332734172,0,0,0,0.0771919312961853,0,0,0,0,0.00778909526662672,9.98601957259836e-05,0,0,0,9.98601957259836e-05,0.000199720391451967,0,0,0,0,0,9.98601957259836e-05,0.0110844817255842,0,0.000199720391451967,0,0,9.98601957259836e-05,0,0,0,0,0,0,0,0.000699021370081885,0,0.000599161174355902,0,0,0,0.00149790293588975,0,0,0.00199720391451967,0,0,0,0,0,0.000898741761533853,0,0,0,0.0907729179149191,0,9.98601957259836e-05,0,0,0,0,9.98601957259836e-05,0,9.98601957259836e-05,0,0,0,0,0,0.00229678450169762,0,0,0,0,0,0.000599161174355902,0,0,0,0,0,0,0.0146794487717196,9.98601957259836e-05,0.000199720391451967,0,0,0,0,0,0,0.00968643898542041,0,0,0,0,0.00269622528460156,0.000199720391451967,0,0,9.98601957259836e-05,0,0,0,0,0,0,0.00499300978629918,0,0,0,0.00359496704613541,0.000898741761533853,0,0,0,0,0,0,0.00908727781106451,0,0.0105851807469543,0,0,0.00818853604953066,0,0,0,9.98601957259836e-05,0,0,0,0,0,0,0,0,0,9.98601957259836e-05,0,0,0,0.000399440782903934,0,0,0.00239664469742361,0,0.000199720391451967,9.98601957259836e-05,0,0,9.98601957259836e-05,0,0.000499300978629918,0.000199720391451967,9.98601957259836e-05,0,0,0,0,0.000599161174355902,0,0.000898741761533853,0.000399440782903934,0,9.98601957259836e-05,0,0,0,9.98601957259836e-05,0.192830037946874,0,0,0.000699021370081885,0,0,0,0,0.000499300978629918,0,0,0,0,0,0,0.00709007389654484,0,0.00239664469742361,0,0,0.000599161174355902,0
0,0,0,0,0,0,0.011502300460092,0,0,0,0,0,0,0,0.00850170034006801,0,0.00690138027605521,0,0,0,0,0.00450090018003601,0,0.0014002800560112,0,0.570714142828566,0,0,0.0306061212242448,0,0.0001000200040008,0,0,0.0018003600720144,0,0,0,0,0,0,0,0,0,0,0,0.00670134026805361,0,0,0,0,0,0,0,0,0,0,0,0,0,0,0,0,0,0,0,0,0,0,0,0.00480096019203841,0,0,0,0,0,0,0,0,0,0,0,0,0,0,0,0.00330066013202641,0,0,0,0,0,0,0,0,0,0,0,0,0,0,0,0,0,0,0,0,0,0.106921384276855,0,0,0,0,0.0013002600520104,0.00440088017603521,0,0,0,0,0.00990198039607922,0,0.0002000400080016,0,0,0,0.0126025205041008,0,0,0,0.0003000600120024,0,0,0,0,0,0,0,0,0,0,0,0,0,0,0,0,0,0,0,0,0,0.0003000600120024,0,0,0,0,0,0,0,0,0.00950190038007601,0,0,0,0,0,0,0,0,0,0,0,0,0.023504700940188,0,0,0,0,0,0,0,0,0.000600120024004801,0,0,0.000700140028005601,0,0,0,0,0,0,0.0119023804760952,0.0018003600720144,0,0,0,0,0,0,0,0,0,0,0,0,0,0.000600120024004801,0.0013002600520104,0.0003000600120024,0.0023004600920184,0,0,0,0,0.0012002400480096,0,0,0,0.0731146229245849,0,0,0.003000600120024,0,0,0,0,0,0,0.0024004800960192,0,0,0,0,0.0174034806961392,0,0,0,0,0,0,0,0,0,0,0.0001000200040008,0.0002000400080016,0,0,0,0,0,0,0,0.0001000200040008,0,0,0,0,0,0,0,0,0,0,0.0023004600920184,0,0,0,0,0.0002000400080016,0,0,0.0282056411282256,0,0,0,0,0,0,0,0,0,0.0138027605521104,0,0,0,0,0,0,0,0,0,0,0,0,0,0.0019003800760152,0,0,0.0168033606721344,0
0,0,0,0,0,0,0,0,0,0,0,0,0,0,0.00259922023392982,0,0.000199940017994602,9.99700089973008e-05,0,0,0.000399880035989203,0.00669799060281915,0,0,0,0.0751774467659702,9.99700089973008e-05,0,0,0,0,0,0,0,0,0,0,0.0936718984304709,0,0,0,0,0,0.0180945716285114,0,0,0,0.00109967009897031,0,0,0,0.000399880035989203,0,0,0,0,0,0,0,0,0,0.000699790062981106,0,0,0.00189943017094872,0,0.00219934019794062,0,0,0,0,0,0,0.000299910026991902,0,0,0,0,0,0,0,0,0,0,0.00489853044086774,0.00109967009897031,0.0347895631310607,0,0,0.00689793062081376,0,0,0,0,0,0,0,0,0,0,0,0,0,0,0,0,0,0.0293911826452064,0,0,0,0,0,0,0,0.000999700089973008,0,0,0.0220933719884035,0,0,0,0,0,0.00689793062081376,0.000299910026991902,0,0,0,0,0.180645806258123,0,0,0,0.00109967009897031,0,9.99700089973008e-05,0,0,0,9.99700089973008e-05,0,0,0,0,0,0,0,0,0,0,0,0.000499850044986504,0,0,0,0,0,0,0,0,0,0,0,0,0,0,0,0,0,0,0.00199940017994602,0,0,0,0,0.00649805058482455,0,0,0,0.00229931020693792,0,0,0,0.00279916025192442,0,9.99700089973008e-05,0,0.00559832050384884,0,0,0.0100969709087274,0,0,0,0,0.0314905528341498,0,0,0,0,0.00179946016195141,0,0,0,0.00139958012596221,0,0,0,0,0.0390882735179446,0,0,0,0.000299910026991902,0.00319904028791363,0,0,0,0,0,0,0,0,0,0,0,0,0,0,0.00319904028791363,0,0,9.99700089973008e-05,0,0,0,0,0,0.000799760071978406,0,0,0.0653803858842347,0.0133959812056383,9.99700089973008e-05,0,0,0,0,0,0.00329901029691093,0,0.010296910926722,0,0.00849745076477057,0.000999700089973008,0.00229931020693792,0,0,0.00689793062081376,0,0,0,0.000199940017994602,0,0,0,0,0,0.00979706088173548,0,0,0.0896730980705788,0,0.000299910026991902,0,0,0,0.00359892032390283,0.00109967009897031,0,0,0.125762271318604,0,0,0,0,0,0,0.00729781065680296,0,0,0,0,0,0,0,0,0,0.0468859342197341,0
0,0,0,0,0,0,9.99700089973008e-05,0.00249925022493252,0,0,0.000499850044986504,0,0,0,0.000199940017994602,0,0.0104968509447166,0.000199940017994602,0,0,0.00199940017994602,0.000499850044986504,0,0.000299910026991902,0,0,0.000999700089973008,0,0.00109967009897031,0,0.0811756473058083,0,0,0.0324902529241228,0,0,0,0.0486853943816855,0,0,0,0.000199940017994602,0,0.00559832050384884,0,9.99700089973008e-05,0,0.00139958012596221,0,0,0,0,0,0,0.00449865040487854,0,0,0,0,0.00149955013495951,0,9.99700089973008e-05,0,0,0,0,0.000999700089973008,0,0,0,0.00459862041387584,0,0,0.000599820053983805,0,0,0,0,0,9.99700089973008e-05,0,0,0,0,0.000499850044986504,0,0,0,0,0.0171948415475357,0,0.000199940017994602,0,0,0,0,0,0,0.00599820053983805,0,0,0,0,0,9.99700089973008e-05,0,0.00289913026092172,0.0404878536439068,0,0,0,0,0,0.0309907027891633,0,9.99700089973008e-05,0,9.99700089973008e-05,0.00949715085474358,0,0,0,0,0,0.0133959812056383,0,0,0,0.000699790062981106,0.0146955913226032,0.0220933719884035,0.0287913625912226,0,0,0,0,0.00259922023392982,0,0,0,0.000299910026991902,0,0,0,0,0,0.00129961011696491,0.00189943017094872,0,0.00899730080975707,9.99700089973008e-05,0.00949715085474358,0,0.000499850044986504,9.99700089973008e-05,0,0,0,0,0.00839748075577327,0,0,0,0.000499850044986504,0,0,0,0,9.99700089973008e-05,0.000399880035989203,0.000399880035989203,0,0,0,0,0,0,0.00149955013495951,0.00499850044986504,0.000499850044986504,0.0103968809357193,0,0,0,0.00109967009897031,0,0,0,0,0,0,0.0414875537338798,0,0,0,0,0,0.000399880035989203,0,0,0,0,0,9.99700089973008e-05,0.0474857542737179,0.00249925022493252,0.000499850044986504,0,0.000199940017994602,0,0,0,0,0.00109967009897031,0.00349895031490553,0,0.0118964310706788,0.00229931020693792,0.00599820053983805,0.00129961011696491,0,0.000599820053983805,0,0,0,0,0,0,0.0384884534639608,0,0.00609817054883535,0,0,0.0254923522943117,0,0,0.000299910026991902,0,0,0,0,0,0.00839748075577327,0.000499850044986504,0.00539838048585424,0.00559832050384884,0,9.99700089973008e-05,0.000199940017994602,0,9.99700089973008e-05,0.000499850044986504,0.00149955013495951,0,0.00139958012596221,0.00179946016195141,0.000399880035989203,0,0.00329901029691093,0,9.99700089973008e-05,0,0,0.000799760071978406,0,0,0,0,9.99700089973008e-05,0.0231930420873738,0,0.0109967009897031,0.0106967909627112,0,0,0,0,0.000199940017994602,9.99700089973008e-05,0.23073078076577,0,0.000199940017994602,0.0138958312506248,0,0,0,0,0,0.000299910026991902,0.0155953214035789,0,0,0,0,0.018594421673498,0,0.000299910026991902,0.0108967309807058,0,0.00209937018894332,0
0,4e-04,0,0,0,0,7e-04,0,0,0,0,0,0,0,7e-04,0,0,0,0,1e-04,0,3e-04,0,0.0089,0.0015,0.0713,0,0,0.0225,7e-04,0.041,0,0,0,0,0,0.0017,0.0445,0,0,2e-04,0,0,0,0,0.0363,0,2e-04,0,0,2e-04,0,0,0,0.006,0.0011,0,0,0,0.0071,0,0.0012,0,0,0,0,0.0059,0,0,0,0.0014,0,8e-04,0.0011,0.0043,0,0,0,0,0.0055,0,1e-04,0,0,8e-04,0,0,0,0,0.0076,0,2e-04,0,0.0035,0,0,0,0,0.0053,0,0,0,0,0,2e-04,0.0019,0.0178,0.04,0,0.0125,0,0,0,0,0,0,0,2e-04,0.0026,0,0,0,0,0,0.0063,0,1e-04,0,0,0.0022,0.1362,0.007,0,0,0,0,0.001,0,0,0,0.0012,1e-04,0,0,0.0335,0,0,0,0.002,0,0,0.0012,0.0033,0,0,0,0,0,0,0.0011,0.0011,0.0136,6e-04,0.0194,0,0,0,0,0,2e-04,0.0042,2e-04,2e-04,0,0,0,0.0078,6e-04,0.0019,0,0,0.0072,0,1e-04,0,0,0,0,0,0,0,0.0071,0,0,0,0,0,0.0125,0,0,0,0,0,0,0,0.004,0,0,0,0,0,0,0,0,0,0,0.0027,8e-04,0.0013,0,1e-04,0,0.0263,0,0,0,0,0,0,0.0033,0.001,0.0024,0,0.0037,0,0,0,0,0,1e-04,0,0,0.0782,0,0,0,0,0,0.0012,0,0,6e-04,0.0028,0,0.0029,0,0.002,0,6e-04,0.0017,0,0,0,0,0,0,0,0,0.0347,7e-04,0,8e-04,0.0132,0,0,0,0,3e-04,2e-04,0.1404,0,2e-04,0.0323,0,0,0,0,0,3e-04,0,0,0,0,0,0.0016,0,0.0074,0,0,0.002,0
0,0,0,0,0,0.000499850044986504,0.000199940017994602,0,0,0,0,0,0.00129961011696491,0,0.0962711186644007,0,0.00199940017994602,0,0,0,0,0,0,0.0179946016195141,0,0.0841747475757273,0,0,0.00569829051284615,0.025592322303309,0.0396880935719284,0,0,0,0,0,0.00219934019794062,0.0166949915025492,0,0.000299910026991902,0,0,0,0,0,0,0,0,0,0,0,0,0,0,0,0,0,0,0,0,0,0,0,0,0,0,0,0,0,0,0,0,0,0,0,0.104468659402179,0,0,0,0,0,0,0,0,0,0.00179946016195141,0.00189943017094872,0,0,0,0,0,0.0114965510346896,0,0,0,0,0,0,0,0,0.00779766070178946,0,0,0,0,0,0,0,0,0,0,0,0.00279916025192442,0,0,0,0,0,0.000199940017994602,0,0,0,0.000299910026991902,0.0334899530140958,0,0,0,0,0,0,0,0,0,0,0,0.0498850344896531,0,0,0,0,0,0,0,0,0,0.00109967009897031,0,0,0,0,0,0,0,0,0,0,0,0,0,0,0,0,0,0.000399880035989203,0,0,0,0,0,0,0,0.0568829351194642,0,0,0,0,0.00109967009897031,0,0,0,0,0,0,0,0,0,0,0,0,0,0.00149955013495951,0,0,0,0,0,0,0,0,0,0,0,0,0,0.0110966709987004,0,0,0.000299910026991902,0,0,0,0,0,0,0,0,0,0.0288913326002199,0,0,0.000899730080975707,0,0,0,0,0,0,0,0,0,0,0,0,0,0,0.000299910026991902,0,0,0,0,0,0,0,0,0,0,0,0,0,0,0,0,0,0,0.00189943017094872,0.0100969709087274,0,0.000399880035989203,0.0120963710886734,0,0,0,0,0,0,0,0,0,0.0164950514845546,0,0,0.0151954413675897,0,0,0,0,0,0,0.288013595921224,0,0.00309907027891633,0.0333899830050985,0,0,0.00719784064780566,0,0,0,0,0,0,0,0,0,0,0.00179946016195141,0,0,0.00109967009897031,0
0,0.0021995600879824,0.000799840031993601,0,0,0,0,0.0012997400519896,0,0.0002999400119976,9.99800039992002e-05,0,0,0.0106978604279144,0.0016996600679864,0,0,9.99800039992002e-05,0,0.0010997800439912,0.0002999400119976,0.001499700059988,0,0.0001999600079984,0,0.193561287742452,9.99800039992002e-05,0,0.00359928014397121,0.00639872025594881,0.020995800839832,0,0,0.0185962807438512,0,0,0.0216956608678264,0.002999400119976,0.0002999400119976,0,0,0,0,0.000599880023995201,0,0.000599880023995201,0,9.99800039992002e-05,0,9.99800039992002e-05,0.0001999600079984,0,0,0,0.0002999400119976,0,0,0.0002999400119976,0,0.000399920015996801,0.0001999600079984,0,0,0,0,0,0.0002999400119976,0,0,0.00649870025994801,0.0002999400119976,9.99800039992002e-05,0,0.000399920015996801,0,0,0,0,0,0.000599880023995201,0,9.99800039992002e-05,0.00769846030793841,0,0.0022995400919816,0.0010997800439912,0.00719856028794241,0,0,0.0102979404119176,0,0.0001999600079984,0.011497700459908,0,0,0,0,0,0.00679864027194561,0,0,0,0,0.000899820035992801,0.0002999400119976,0.0002999400119976,0.000599880023995201,0.00549890021995601,0,0.0028994201159768,0,0.000599880023995201,0,0.000399920015996801,0,0.00559888022395521,0.0157968406318736,0.001499700059988,0.020995800839832,0,0.0028994201159768,0.0001999600079984,0,9.99800039992002e-05,0.0642871425714857,0,0,0,0.000699860027994401,0,0.0281943611277744,0.0002999400119976,0,0,0.0002999400119976,0,0.00969806038792242,0,0,0,0,0.000999800039992002,0,0,0,0,9.99800039992002e-05,0.0013997200559888,0.0027994401119776,0.000599880023995201,0,0.0106978604279144,0.0001999600079984,0,0,0,0,0,0.0001999600079984,0.000399920015996801,0,0.000999800039992002,0,0.015496900619876,0,0.010997800439912,0,0,0.0013997200559888,0,0,0,0.0011997600479904,0,0,0.002999400119976,0.00369926014797041,0.0013997200559888,9.99800039992002e-05,0.0002999400119976,0,0.0020995800839832,0,0.00329934013197361,9.99800039992002e-05,0,0,0.00739852029594081,0.00539892021595681,0.000499900019996001,0,0.001499700059988,0,0,0.016996600679864,0,0.0031993601279744,0.0261947610477904,0,0,0,0,0.001999600079984,9.99800039992002e-05,0,0.000399920015996801,0.0030993801239752,0,0,0.0013997200559888,0,0,0,0.000899820035992801,0.0026994601079784,0.0012997400519896,0.000599880023995201,0.0002999400119976,0,0.000399920015996801,0,0.0131973605278944,0.0103979204159168,0,9.99800039992002e-05,0,0.0011997600479904,0,0.0018996200759848,0.00549890021995601,0.011997600479904,0.0001999600079984,0.000699860027994401,0.0698860227954409,0,0,0,0,0,9.99800039992002e-05,0,0,0.0135972805438912,0.002999400119976,0,0,0,0,0,9.99800039992002e-05,0.00829834033193361,0.0002999400119976,0,0,0.0018996200759848,0.00449910017996401,0.000999800039992002,0,0.000499900019996001,9.99800039992002e-05,0.000599880023995201,0,0.000599880023995201,9.99800039992002e-05,9.99800039992002e-05,0,9.99800039992002e-05,0.0100979804039192,9.99800039992002e-05,0.0030993801239752,0.000699860027994401,0.001999600079984,0.0433913217356529,0,9.99800039992002e-05,0,0,0,0.00429914017196561,0.107178564287143,0,0,0.00849830033993201,0,0,0,0,0,0,0.000499900019996001,0,0,0,0,0.0108978204359128,0.0002999400119976,0.0017996400719856,0.00409918016396721,0,0.00589882023595281,0.0023995200959808
0,0,0,0,0.00119856172592889,0,0,0.00689172992409109,0,0.000199760287654814,0,0,0,0.0215741110667199,0.000299640431482221,0,0,0.000499400719137036,0,0,0.00799041150619257,0.0130842988413903,0,0,0,0.0504394726328406,0,0,0.00269676388333999,9.98801438274071e-05,0.000898921294446664,0,0,0.000799041150619257,0,0,0.000299640431482221,0.0137834598481822,9.98801438274071e-05,0,0,0.000299640431482221,0,0.00509388733519776,0,0.00599280862964443,0,0.000998801438274071,0,0,0.000199760287654814,0,0,0,0.00868957251298442,0.000499400719137036,0,0,0,0.0295645225729125,0,0.00119856172592889,0,9.98801438274071e-05,0,0,0.000799041150619257,0,0,0.00359568517778666,0.0328605673192169,0,0,0.0160807031562125,0,0,0,9.98801438274071e-05,0,0.0362564922093488,0,0.000599280862964443,0.000199760287654814,0,0.041450259688374,0,9.98801438274071e-05,0,0,0.00109868158210148,0.0214742309228925,0.00329604474630443,0,0,0.00199760287654814,0,0,0,9.98801438274071e-05,0,0,0,0,0,0,0.000199760287654814,0,0.00159808230123851,0,0.00639232920495406,9.98801438274071e-05,0,0,0.00269676388333999,0.000199760287654814,0.000898921294446664,0.000898921294446664,9.98801438274071e-05,0.0276667998401918,0,0.00109868158210148,0.0013983220135837,0,9.98801438274071e-05,0.000599280862964443,0.028465840990811,0,0.00549340791050739,0.000499400719137036,0,0.0326608070315621,0.00129844186975629,9.98801438274071e-05,0,0,0,9.98801438274071e-05,0,0,0,9.98801438274071e-05,9.98801438274071e-05,0,0,0,0,0.00069916100679185,0,0.0027966440271674,9.98801438274071e-05,0,0.000399520575309628,9.98801438274071e-05,0.000799041150619257,9.98801438274071e-05,0,0,0,0.0104874151018777,0.00239712345185777,0,0.000799041150619257,0,9.98801438274071e-05,0,0.00829005193767479,0,0,0,0,0.00249700359568518,9.98801438274071e-05,0,0,0.00069916100679185,0.000399520575309628,0.00509388733519776,0.00509388733519776,0.027966440271674,0,0,0.000499400719137036,0,0,0.000499400719137036,0,0,0.00599280862964443,0,0,0.000299640431482221,0.00339592489013184,0,0,0,0,0.0184778266080703,0.00629244906112665,0,0,0,0,0.0453455852976428,0.0183779464642429,0.00109868158210148,0,0,0,0,0,0,0,0.0128845385537355,0.000499400719137036,0.00239712345185777,0.00269676388333999,0.00159808230123851,0.00479424690371554,0,0.000399520575309628,0,0.0182780663204155,0.00789053136236516,0,0,0,0.0134838194167,0,0.000199760287654814,0.00339592489013184,0.0119856172592889,0,0,0.00179784258889333,0,0,0.000199760287654814,0,9.98801438274071e-05,0,0.00799041150619257,0,0.0186775868957251,0.0113863363963244,0,0.000599280862964443,0,0,0.000599280862964443,0,0,0.00329604474630443,0.000998801438274071,0,0.000399520575309628,0.000199760287654814,9.98801438274071e-05,0,0.00529364762285258,0.0156811825809029,9.98801438274071e-05,0,0,0.000998801438274071,9.98801438274071e-05,0,0.000898921294446664,0.0545345585297643,0.0140831002796644,9.98801438274071e-05,0,0.00809029165001998,0.00119856172592889,0,0.000299640431482221,9.98801438274071e-05,0,9.98801438274071e-05,0.000199760287654814,0.0778066320415501,0,0,0.0420495405513384,0,0,0,0,0,0.00569316819816221,0.00579304834198961,0,0,0,0.0027966440271674,0,0.000199760287654814,0.00109868158210148,0.00309628445864962,0.00209748302037555,0.0152816620055933,0
0.00230115057528764,0,0,0.00170085042521261,0,0,0.000200100050025013,0,0,0,0,0,0,0,0.00790395197598799,0,0,0,0,0,0,0.00680340170085043,0,0,0.000100050025012506,0.105552776388194,0,0.00080040020010005,0.00730365182591296,0,0.00860430215107554,0,0,0.0313156578289145,0,0,0.000200100050025013,0.0131065532766383,0.000100050025012506,0,0.000400200100050025,0,0,0,0,0.0364182091045523,0.0192096048024012,0,0,0,0.000100050025012506,0,0,0,0,0,0,0,0,0.00080040020010005,0,0.00200100050025012,0,0,0,0,0.00550275137568784,0,0,0,0.00210105052526263,0,0,0,0,0,0,0,0,0.00180090045022511,0.000300150075037519,0,0.0129064532266133,0,0.000400200100050025,0.00080040020010005,0,0,0,0.149474737368684,0,0,0,0,0,0,0,0,0.0178089044522261,0,0,0,0,0,0.000200100050025013,0.000400200100050025,0,0.00290145072536268,0.00180090045022511,0,0,0,0,0.00290145072536268,0,0,0,0,0.00900450225112556,0,0,0,0,0.000300150075037519,0.0351175587793897,0,0,0,0.00130065032516258,0,0.0133066533266633,0.015207603801901,0,0,0,0,0.00430215107553777,0,0.000300150075037519,0.000100050025012506,0.00380190095047524,0,0,0,0,0,0.00220110055027514,0,0,0,0.00150075037518759,0.00400200100050025,0,0.000100050025012506,0,0.000100050025012506,0,0,0,0.00790395197598799,0,0,0,0.0398199099549775,0,0,0.000200100050025013,0.000700350175087544,0,0,0.000400200100050025,0,0.0232116058029014,0,0,0,0,0.0132066033016508,0.0115057528764382,0,0,0,0.00100050025012506,0,0,0,0,0,0,0,0.000500250125062531,0,0,0,0.0203101550775388,0,0,0,0,0.0310155077538769,0,0,0,0.000200100050025013,0,0.00180090045022511,0,0,0.000200100050025013,0.00230115057528764,0,0,0,0.000200100050025013,0.000600300150075037,0,0.00170085042521261,0,0.000500250125062531,0.000300150075037519,0,0.000300150075037519,0,0,0.000300150075037519,0,0,0,0.00550275137568784,0,0.0131065532766383,0,0.000200100050025013,0.0846423211605803,0,0,0.000200100050025013,0,0.000100050025012506,0.00230115057528764,0,0,0,0,0.000400200100050025,0,0,0.00220110055027514,0,0,0.00130065032516258,0,0.000700350175087544,0,0.000400200100050025,0.00230115057528764,0.00220110055027514,0,0,0,0.000100050025012506,0,0,0.000200100050025013,0,0,0,0,0,0.0341170585292646,0,0.00190095047523762,0.048424212106053,0,0,0,0,0.000400200100050025,0.000900450225112556,0.0394197098549275,0,0,0.0108054027013507,0,0,0,0,0,0.00340170085042521,0.00300150075037519,0.032216108054027,0,0,0,0,0,0,0,0,0.0165082541270635,0
0,0,9.99700089973008e-05,0,0,0,9.99700089973008e-05,0.00189943017094872,0.0878736379086274,0,0,0,0,0,0.000299910026991902,0,0,0,0,0.000599820053983805,0.000799760071978406,0.00489853044086774,0,0,9.99700089973008e-05,0.238828351494552,0,0,0.000499850044986504,0,0.12446266120164,0,0,0.00209937018894332,0,0,0,0,9.99700089973008e-05,0,9.99700089973008e-05,9.99700089973008e-05,0,0.00199940017994602,0,0.000399880035989203,0,0,0,0,0,0,0,0,0.000199940017994602,0,0,0.000199940017994602,9.99700089973008e-05,0.0251924422673198,0,0.000599820053983805,0,0,0,0,0.0267919624112766,0,0,0,0,0,0,0.000299910026991902,0.00209937018894332,0,0,0,0,0,0,0,0.00859742077376787,0,0.000999700089973008,9.99700089973008e-05,0,0,0,0,0,0.00329901029691093,0,0,0,0.000499850044986504,0,0,0.00349895031490553,0,0,0.000199940017994602,0,0,0,0.000299910026991902,0.000199940017994602,0.0994701589523143,0,0,0,0,0,0.000799760071978406,0,0,0.000599820053983805,0,0,9.99700089973008e-05,0.00539838048585424,0,0,0,0.000699790062981106,9.99700089973008e-05,0,0,0,0.00109967009897031,0.00899730080975707,0.000499850044986504,0,0,0,0,0.0149955013495951,0,0,0,0.000199940017994602,9.99700089973008e-05,0,0,0,0,0,0,0,0,0,0.00119964010796761,0,0,0,0.00109967009897031,0,0,0,0.00409877036888933,0,0.00179946016195141,9.99700089973008e-05,0.00579826052184345,0,0,0,0,0,0,0,0,0,0,0,0,0.00199940017994602,0,0.0289913026092172,0,0,0.000799760071978406,0,0,0,0,0,0.00719784064780566,0.000599820053983805,0,0,0,0,0,0,9.99700089973008e-05,0,0.00279916025192442,0,0,0,0.000199940017994602,0,0.000999700089973008,0.0107967609717085,0,0,0,0,0,0,0,0,0,0,0,0.0180945716285114,9.99700089973008e-05,0,0,0,0.00649805058482455,0.00119964010796761,0,0.000399880035989203,0,0.000299910026991902,0,0.00259922023392982,0.00809757072878137,0.000199940017994602,0,0,0.011296611016695,0,9.99700089973008e-05,0,0,0.000199940017994602,9.99700089973008e-05,0,0,0.0159952014395681,0,0,0,0,0,0,0,0.00169949015295411,0,0.000199940017994602,0,0,0,0,0,0,0,0.000799760071978406,0,0,0,0,0,0,0.0156952914125762,0,0.00529841047685694,0,0,0.000799760071978406,0,0,0,0,0,0.000199940017994602,0.142057382785164,0,0,0.0157952614215735,0,0,0,0,0.000199940017994602,0.00419874037788663,0.000399880035989203,0,0,0,0,0.00119964010796761,0,9.99700089973008e-05,0,0,0.00609817054883535,0
0,0,0,0,0,0,0.00229793186132481,0,0,0,0,0,0,0,0.000199820161854331,0,0,9.99100809271655e-05,0,0.000999100809271655,0,0.0057947846937756,0,9.99100809271655e-05,0.000299730242781497,0.0119892097112599,0,0.000299730242781497,0.000199820161854331,0,0,0,0,0,0,0,0.00139874113298032,0,0,0,0,0,0,0,0,0.00539514437006694,0,0,0,0,0,0,0,0,0,0.000399640323708662,0,0,0,0,0,0,0,0,0,0,0.0247777000699371,0,0,0,0,0,0,0,0.0913178139674293,0,0,0,0.000399640323708662,0,0,0,0,0,0,0,0,0,0,0.00149865121390748,0,0.000599460485562993,0.000299730242781497,0,0,0.000199820161854331,0.00169847137576181,9.99100809271655e-05,0,0,0,0,0,0,0.00589469477470277,0.00149865121390748,0,0.00529523428913977,0,0,0,0,0,0,0,0,0.00229793186132481,0,0.0219802178039764,0,0,0,0,0.000499550404635828,0,0,0,0.0636427215506045,0,0,0.0653411929263663,0.00169847137576181,0,0,0,0,9.99100809271655e-05,0,0,0.00089919072834449,9.99100809271655e-05,0.000199820161854331,0,0,0,0,0,0,0.00169847137576181,9.99100809271655e-05,0,0,9.99100809271655e-05,0,0,0,0,0,0,0,0,0.00349685283245079,0,0,0,0.0196822859426516,0,0,0,0,0,0.00619442501748426,0.00209811169947048,0,0,0,0.0031971225896693,0,0,0,0,0,0,0,0,0,0,0.00559496453192127,0,0.000399640323708662,0,0,0,0,0,9.99100809271655e-05,0.00269757218503347,0,0,0.00479568388450395,0,0,0,0,0,0.00219802178039764,0,0,0,0,0.0260765311219902,0,0,0,0,0,0,0,9.99100809271655e-05,0,0,0,0,0,0,0,0,0,0,0,0,9.99100809271655e-05,0,0.0321710460585473,0.000599460485562993,0,0,0,0,0,0,0,0.0970126885802778,0,0,0,0,0,0,0,0,0,0,0,0,0,0,0,0,0,0,0,0,0,0,0,0,0,0,0.00879208712159057,0,0,0.0348686182435808,0.0495554001398741,0,0,0,0,0,0.356479168748127,0,9.99100809271655e-05,0.0147866919772205,0,0,0,0,9.99100809271655e-05,0,0,0,0,0,0,0,0,0.00089919072834449,0,0,0.00619442501748426,0
0,0,0,0,0,0,0.000299850074962519,0,0,0,9.99500249875062e-05,0.00079960019990005,0,0,0.000299850074962519,0,0,0,0,0.000199900049975012,0,0.0166916541729135,0,9.99500249875062e-05,0.000299850074962519,0.133733133433283,0,0,0,0,0.000999500249875062,0,9.99500249875062e-05,0.0169915042478761,0,0,0,0.00729635182408796,0,0,9.99500249875062e-05,0.00119940029985007,0,0.00989505247376312,0,0,0,0,0,0,0,0,0,0,0.00389805097451274,0,0,0,0,0,0,0,0.000599700149925037,0,0,0,0.016791604197901,0,0,0,0,0,0,0,0,0,0,0,0,0.00969515242378811,9.99500249875062e-05,0,0,0,0.0998500749625187,0,0.000299850074962519,0.00379810094952524,0,0,0,9.99500249875062e-05,0,0,0,0,0,9.99500249875062e-05,0.00399800099950025,0,0.00139930034982509,0,0,0.00279860069965018,0,0,0.00829585207396302,0.0113943028485757,0,0,0,0.00339830084957521,0,0.0110944527736132,0,0,0,0.000199900049975012,0,0.000399800099950025,0,0,0,0.000199900049975012,0.00969515242378811,0,0,0.00149925037481259,0,0,0.00289855072463768,0,0,0.000399800099950025,0,0,0,9.99500249875062e-05,0,0,0.000299850074962519,0,0,0,0,0,9.99500249875062e-05,9.99500249875062e-05,0,0,0,0.00139930034982509,0,0,9.99500249875062e-05,0,0,0,0.0230884557721139,0,0,0,0,0,0,0,0,0,0,0,0,0,0,0,0,0,0,0,0,9.99500249875062e-05,0,0,0,0,0,0,0,0,0,0,0,0,9.99500249875062e-05,0,0,0,0,0,0,0,0,0,0,0,0.0534732633683158,0.000299850074962519,0,0,0,9.99500249875062e-05,0,0,0.0231884057971014,0.00299850074962519,0.0015992003998001,0,0.0109945027486257,0.00689655172413793,0.000199900049975012,0.00229885057471264,0,0,0,0,0,0,0,0,0.0110944527736132,0.000199900049975012,0.0173913043478261,0,0.000199900049975012,0.0101949025487256,0,0,0,0,0,0.000399800099950025,0,0,0,0,0,0,0,0,0,0,0,0,0.000599700149925037,0.000199900049975012,0,0,0,0,0,0,0,0,0,0.000999500249875062,0,0.000199900049975012,0,0,0.000199900049975012,0.000199900049975012,0,0,0.016591704147926,0,0.000399800099950025,0,0,0.000199900049975012,0.000199900049975012,0.389705147426287,9.99500249875062e-05,0,0,0,0,0,0,0,0,0.00399800099950025,0,0,9.99500249875062e-05,0,0,0,0,0.0101949025487256,0,0.0271864067966017,0
0,0,0,0.00519688187087747,0.00199880071956826,0,0.000299820107935239,0.00899460323805717,0,9.9940035978413e-05,0.000299820107935239,0,0,0.0347791325204877,9.9940035978413e-05,0,0,0,0,0,0.00759544273435938,0.0022986208275035,0,0,0,0.00209874075554667,0,0,0.00359784129522287,0.000999400359784129,0.0407755346791925,0,0,0.000599640215870478,0,0,9.9940035978413e-05,0.0153907655406756,0,0,0,0,0,0.00599640215870478,0,0.00319808115130921,0.0433739756146312,0.000299820107935239,0,0,0.00259844093543874,0,0,0,0.00339796122326604,0.000199880071956826,0,0,0,0.0335798520887468,0,0.00569658205076954,0,0.000199880071956826,0,0,0.0153907655406756,0,0,0.00969418348990606,0.00119928043174096,0,9.9940035978413e-05,0.00269838097141715,0.0022986208275035,0,9.9940035978413e-05,0.000299820107935239,0,0.025884469318409,0.00109934039576254,0.000299820107935239,0,0,0.0668598840695583,0,0,0,0,0.00109934039576254,0.00259844093543874,0.000399760143913652,9.9940035978413e-05,0,0,0,0,0,0.000899460323805717,0,0,0,0,0,0,0,0.0129922046771937,0.0396761942834299,0,0,0,0.00959424345392764,0,0.00149910053967619,9.9940035978413e-05,0,0,0,0.010893463921647,0,0,0.00319808115130921,0,9.9940035978413e-05,0,0,0,0,0.000699580251848891,0.00829502298620828,0,0.056865880471717,0,0,0,0,0.000499700179892065,9.9940035978413e-05,0.000199880071956826,0,0.000899460323805717,0,0,0,0,0,0.00149910053967619,0,9.9940035978413e-05,0,0.00159904057565461,0.0119928043174096,0,0.01259244453328,9.9940035978413e-05,0,0,9.9940035978413e-05,0,0.0150909454327404,0,0,0,0.0174895062962223,0,0,0,0,0,0,0.000599640215870478,0,0,0,0,0,0.000399760143913652,0.0514691185288827,0.00909454327403558,0,0,0,0,0.00129922046771937,0.000199880071956826,0,0,0,0,0,0.000599640215870478,0.000899460323805717,0.000199880071956826,0,0.00189886068358985,0,0.00269838097141715,0,0,0,0,0,0,9.9940035978413e-05,0,0.000299820107935239,0.000399760143913652,0,0,0,0,0,0.00199880071956826,0.000899460323805717,9.9940035978413e-05,0,0.00369778133120128,0.010893463921647,0,0,0,0.00509694183489906,0.0143913651808915,0,0,9.9940035978413e-05,0.0369778133120128,0,0.000199880071956826,0.000699580251848891,0.0333799720167899,0,0,0.00329802118728763,0,0.000599640215870478,0.000199880071956826,0,0,0,0.000199880071956826,0,0,0,0,0,0,0,0,0,0,0.000599640215870478,0.00149910053967619,0,0.000499700179892065,9.9940035978413e-05,9.9940035978413e-05,0.000499700179892065,0.000599640215870478,0,0.00259844093543874,0,0,0.000199880071956826,0.00269838097141715,0,0,0,0,0.0879472316610034,0.00409754147511493,0.0130921447131721,0.0195882470517689,0,0,9.9940035978413e-05,0,0,9.9940035978413e-05,0.0867479512292624,0,0,0.00669598241055367,0,0,0,0.000899460323805717,0,0.0176893863681791,0.000999400359784129,0,0,9.9940035978413e-05,0,9.9940035978413e-05,0.000999400359784129,0,0,0,0.000699580251848891,0.00689586248251049
0,0,0,0,0,0,0,0,0,0,0,0,0,0.0996800639872026,0.0023995200959808,0,0,0,0,0,0,0,0,0.0002999400119976,0,0.151769646070786,0,0,0.000399920015996801,0,0.000699860027994401,0,0,9.99800039992002e-05,0,0,0,0,0,0,0,0,0,0,0,0,0,0,0,0,0,0.000399920015996801,0,0,0,0,0,0,0,0,0,0,0,0,0,0,0.0022995400919816,0,0,0.0028994201159768,0,0,0,0.000399920015996801,0,0,0,0.0021995600879824,0,0,0,0,0,0,0,0,0,0,0,0.001999600079984,0.011497700459908,0,0.000699860027994401,0,0,0,0,0,0,0,0,0,0,0,0,0,0.00899820035992801,0.0575884823035393,0,0,0,0,0.00439912017596481,0,0,0,0,9.99800039992002e-05,0.0001999600079984,0,0.0345930813837233,0.0001999600079984,0,0,0,0,0,0,0,0,0.0472905418916217,9.99800039992002e-05,0,0,0,0,0,0,0,0,9.99800039992002e-05,0,0,0,0,0.0677864427114577,0,0,0,0,0,0,0,0,0,0,0,0,0,0,0,0.023995200959808,0,9.99800039992002e-05,0,0,0,0,0,0,0,0.000599880023995201,0,0,0,0,0,0,0,0,0,0.00349930013997201,0,0,0,0,0,9.99800039992002e-05,0,0.00329934013197361,0,0,0,0,0,0,0,0,0,0,0,0,0,0,0,0,0,0,0,0,0.0197960407918416,0.00909818036392721,0,0,0,0.0131973605278944,0,0,0,0,0,0,0,0,0,0,0,0,0.000399920015996801,0,0,0,0,0.00749850029994001,0,0,0,0,0,0,0,0,0.0689862027594481,0,9.99800039992002e-05,0,0,0,0,0,0,0,0,0,0,0,0.0002999400119976,0,0,0,0,0,0,0,0,0,0,0,0,0.253649270145971,0,0,0.0326934613077385,0,0,0,0,0,0,0.0600879824035193,0,0,0.0001999600079984,0,0,0.0001999600079984,0,0,0.002999400119976,0,0,0,0,0,0,0,9.99800039992002e-05,0,0,0,0
0,0,0,0,0,0,0,0,0,0,0,9.99900009999e-05,0.0001999800019998,0.0003999600039996,0.0008999100089991,0.0008999100089991,0,0,0,0,0.0001999800019998,0,0,0,0,0.303269673032697,0,0,0.0007999200079992,0.0001999800019998,0.0006999300069993,0,0.0002999700029997,0.0024997500249975,0,0,0,0.0018998100189981,0,0,0,0,0,0.0062993700629937,0,0,0,0.0004999500049995,0,0,0,0,0,0,0.0006999300069993,0,0,0,0,0.0018998100189981,0,0,0,0,0,0,0,0,0,0,0,0,0,0,0,0.0447955204479552,0,0,0,0.0026997300269973,0,0,0,0,0,0,0.015998400159984,0,0,0.0063993600639936,0,0.0004999500049995,0,0,0.0077992200779922,0,0,0,0.0065993400659934,0,0,0,0,0,0,0,0.0131986801319868,0.172682731726827,0,0,0,0.014998500149985,0,0.0104989501049895,0,0.0001999800019998,0,0.0001999800019998,0.0096990300969903,0,0,0,0,0.0001999800019998,0.0095990400959904,0,0,0,0,0,0,0,0,0,0,0,0.0285971402859714,0,0,0,0.0057994200579942,0,0,0,0,0,0.0114988501149885,0.0018998100189981,0,0,0.0021997800219978,0,0,0,0,0,0,0,0.0001999800019998,0.0003999600039996,0,0,0,0,0,0,0,0,0,0,0,0,0,0,0,0,0,0,0.0074992500749925,0,0,0,0,0,0.0012998700129987,0,0,0,0,0,0,0.001999800019998,0,0,0,0.002999700029997,0.0015998400159984,0,0,0,0,0,0,0.065993400659934,0,0.0037996200379962,0,0,0,9.99900009999e-05,0,0,0,0.0001999800019998,0,0,0.0037996200379962,0,0.0040995900409959,0,0,0,0,0,0,0,0,0,0.0006999300069993,0,0.0043995600439956,0,0,0.0174982501749825,0,0,0,0,0,0,0,0,0,0,0,0,0,0,0,0,0,0,0.001999800019998,0,0.0056994300569943,0.0018998100189981,0,0,0.0007999200079992,0,9.99900009999e-05,0,0,0.0022997700229977,0,0,0,0,0,0.0010998900109989,0.0006999300069993,0,0.0113988601139886,0.0001999800019998,0,0,0,0,0.0006999300069993,0.129087091290871,0,0,0.0108989101089891,0,0,0,0,0,0,0.0042995700429957,0,0,0,0,0.0061993800619938,0.0001999800019998,0.0007999200079992,0.0095990400959904,0,0.0075992400759924,0
0,0,0,0,0,0,0,0,0,0,0,0,0,0,0.07976011994003,0.00189905047476262,0.00219890054972514,0,0,0,0,0.000299850074962519,0,0,0,0.267566216891554,0,0,0.0031984007996002,0.000399800099950025,9.99500249875062e-05,0.000899550224887556,0.00309845077461269,0.00169915042478761,0,0,0.000399800099950025,9.99500249875062e-05,0,0.000399800099950025,0,0,0,0.000299850074962519,0,0,0,9.99500249875062e-05,0,0,0,0,0,9.99500249875062e-05,0,0,0,0,0,0.000299850074962519,0,0,0,0.000199900049975012,0,0,0,0,0,0,0.000599700149925037,0,0,0.000199900049975012,0,0,0,0,0,0,0,0,9.99500249875062e-05,0,0,0.0733633183408296,0,0,0,0.000699650174912544,0,0.00359820089955022,0.0079960019990005,0,0,0,0,0,9.99500249875062e-05,0,0,0.00539730134932534,0,0,0.000199900049975012,0,0,0.032383808095952,0,0,0,0,0,0.00399800099950025,0,9.99500249875062e-05,0,0,0.00119940029985007,0.000499750124937531,0,0,0,0.000299850074962519,0.00499750124937531,0,0,0,0,0,0,0.000499750124937531,0,0,0,0,0.0745627186406797,0,0,0,0.079560219890055,0,0,0,0,0,0.000399800099950025,0,0,0,9.99500249875062e-05,0,0,0,0.00559720139930035,0,0,0,0,0.000899550224887556,0,0,0,9.99500249875062e-05,0,0,0,0,0,0,0,0,0,0,0,0,0,9.99500249875062e-05,0.00239880059970015,0,0,0,0,0,0,0,0,0,0,0,0,0.00229885057471264,0,0,0,0,0,0,0,0,0,0,0,0,0,0.00229885057471264,0,0,9.99500249875062e-05,0,0.000199900049975012,0,0,0,9.99500249875062e-05,0,0.000599700149925037,0,0.00489755122438781,0,0,9.99500249875062e-05,0,0,0,0,0,0,0.00139930034982509,0,0.000399800099950025,0,0,0.039880059970015,0,0,9.99500249875062e-05,0,0,0.00429785107446277,0,0,0,0,0.000199900049975012,0,0,0,0,0,0,0,0,0,0.000399800099950025,0.00659670164917541,0.00149925037481259,0,0,9.99500249875062e-05,0,0,0,0.000199900049975012,0,0,0,0,0,0.202098950524738,0,0,0.00759620189905048,0,0,0,9.99500249875062e-05,0,0,0.0527736131934033,0,0,0.000499750124937531,0,0,9.99500249875062e-05,0,0,0,9.99500249875062e-05,0,0,0,0,0.000399800099950025,0,0.00709645177411294,0,0,0.000599700149925037,0
0,4e-04,0,0,0,0,9e-04,0.0012,0,0,0,0,0,1e-04,0.0042,0,0,0,0,0,1e-04,0.0017,1e-04,0.002,0,0.1538,0,0,0.0247,0,0,0,0,0.0086,0,0,0,0,0,0,0,0,0,0.0024,0,0.0072,0,0,0,1e-04,0,0,0,0,0,0,0,0,0,0.001,0,0.0014,2e-04,0,0,0,0,0,0,0,0,0,0,0,0,0,0,0,0,3e-04,0,0,0,0,1e-04,0,3e-04,0.0017,0,0.0111,0,0.0034,6e-04,0,0,0.001,0,0,0.0035,0,0,5e-04,0,0,0,0,1e-04,0.3161,0,0.0012,0,0,0,0,5e-04,0,0.0026,1e-04,0,0,0.0099,0,0,0,0,0,0,0,0,0,0.0193,1e-04,0,0,0,0,0.0275,0,0,0,2e-04,3e-04,0,0,0,0,0,0,0,0,0,0,0,0,0,0,0,0,0.0068,0.0023,0,0,0,0,0,0,0,0,0,0,0,0,1e-04,0,0,0,0.0033,0,0.0234,0,0,0,0,0,0,1e-04,0,0.0012,3e-04,0,0,0.0157,0,0,0,1e-04,0.0028,0,0,0,0,0,0,0,0,0,0,0,0,0,0,0,0,0,0,0,0.0188,0,0,3e-04,0,0,0,0,0,0,1e-04,0,0,0,0.0011,0,0,0.063,0,0,0,1e-04,0,0,0,0,0,0,0,0,0,0,0,0,0.0053,0,5e-04,0,0,0,0,0,0,0.0012,3e-04,0,0,0,0,0,0,0.0027,0,0.0026,0.0054,0.0018,0,0,0,0,0,0,0,0.2146,0,0,0.0142,0,0,0,0,0,0,0,0,0,0,0,0,0,0.0014,0,0,0,0
0,0,9.99700089973008e-05,0,0.000699790062981106,0,9.99700089973008e-05,0,0,0,0,0,0,0.00609817054883535,0.000299910026991902,0,0,9.99700089973008e-05,0,0,0.00509847045886234,0.0110966709987004,0,0.000199940017994602,0,0.0714785564330701,0,9.99700089973008e-05,0.000799760071978406,0.000199940017994602,0.0512846146156153,0,0,0.0230930720783765,0,0,0,0.00489853044086774,0,0,0,0,0,0.00979706088173548,0,0.00499850044986504,0.00529841047685694,0,0,0,0,0,0,0.000399880035989203,0,0,0,0,0.000199940017994602,0.00509847045886234,0,0,0,0,0,0,0.000999700089973008,0,0,0,0,0,0,0.00229931020693792,0,0,0,0,0,0.00509847045886234,0,0,0.00939718084574628,0,0,9.99700089973008e-05,9.99700089973008e-05,0,0,0.0191942417274818,0,0.000399880035989203,0.000899730080975707,0,0,0,0,0,0.00799760071978406,0,0,0.000999700089973008,0,0,0,0,0,0.0283914825552334,0,0,0,0,0,0.00989703089073278,0,0,0,0.00279916025192442,0.0133959812056383,0,0.000399880035989203,0,0,9.99700089973008e-05,0.0253923822853144,0,0,0,0,0,0.00319904028791363,0.00139958012596221,0,0,0,0,0.00949715085474358,0,0,0,9.99700089973008e-05,0,0,0,0.00999700089973008,0,0.000699790062981106,0.000299910026991902,0,0,0.00189943017094872,0,0.00289913026092172,0.00259922023392982,9.99700089973008e-05,0,0,0,0,0.00499850044986504,0,0,0,0,0,0,0,0.000399880035989203,0,0.000999700089973008,0.000699790062981106,0,0,0,0.00299910026991902,0,0,0,0,9.99700089973008e-05,0,0,0,0,0.00239928021593522,0,0.000199940017994602,0.000399880035989203,0,0,0,0.00549835049485154,9.99700089973008e-05,0,0,0,0,0,0,0,0,0,0,0,0,0.000399880035989203,9.99700089973008e-05,0,0,0.00119964010796761,0,0.00479856043187044,0,0.000599820053983805,0,0,0.00669799060281915,0.0159952014395681,0.00899730080975707,0,0,0.00209937018894332,0,0,0,0,0,0,0,0,0.0202939118264521,0,0,0.0609817054883535,0,0,0,0,0,0,0.000199940017994602,0,0,0,0,0,0,0,0,0,0,0.000299910026991902,0.00289913026092172,0,0,9.99700089973008e-05,9.99700089973008e-05,0,9.99700089973008e-05,0.000299910026991902,0.00289913026092172,0,0,0.000299910026991902,0,0,0,0,0.00659802059382185,0.04518644406678,0,0.00109967009897031,0.0176946915925222,0,0,0,0,0,0,0.33999800059982,0,0.000599820053983805,0.0384884534639608,0,0,0,0,0,0.00159952014395681,0.011296611016695,0,0,9.99700089973008e-05,0,0.0163950814755573,0.000799760071978406,0.000399880035989203,0,0,0.00959712086374088,0
0,0,0,0,0,0,0.000399400898652022,0,0.00998502246630055,0,0,0,9.98502246630055e-05,0,0.00119820269595607,0,0,0,0,0,0.00229655516724913,0.000898652021967049,0,0.000499251123315027,0,0.199700449326011,9.98502246630055e-05,0,0.00569146280579131,9.98502246630055e-05,0.000599101347978033,0,0,0.000698951572641038,0,0,9.98502246630055e-05,0.00299550673989016,9.98502246630055e-05,0,0,0,0,0.00279580629056415,0,0.0017973040439341,0,9.98502246630055e-05,9.98502246630055e-05,0,0,0.000599101347978033,9.98502246630055e-05,0,0,0,0,0,0,0,0,0.000299550673989016,0,0,0,0.000399400898652022,0.0123814278582127,0,0,0,0.000499251123315027,0,0,0.00129805292061907,0.0975536694957564,0,0,0,0,0.00579131303045432,0,0.000698951572641038,0.0107838242636046,0,0.00229655516724913,9.98502246630055e-05,0,0,0,0.000998502246630055,0.0313529705441837,0.00259610584123814,0,0.0018971542685971,0,0,0,0,0.0018971542685971,0,0,0,0,0,9.98502246630055e-05,0.000299550673989016,0.0121817274088867,0.0583125312031952,0,0.0257613579630554,0,0,0.000499251123315027,0.00279580629056415,0,0,0,9.98502246630055e-05,0.0225661507738392,0,0.00389415876185721,0,0,0,0,0,0,0,0,0.00479281078382426,0.0347478781827259,0.0287568647029456,0,0,0,0,9.98502246630055e-05,0,9.98502246630055e-05,0,0.0128806789815277,0,0,0,0,0,0,0,0.00109835247129306,0,0.00499251123315027,0.00888666999500749,0.000199700449326011,0,0,0,9.98502246630055e-05,0,0,0.00229655516724913,0,0.00259610584123814,0.000199700449326011,0.00479281078382426,0,0,0,0,0,9.98502246630055e-05,0,0,0.00149775336994508,0,0,0,0.00239640539191213,0.000299550673989016,0.00239640539191213,0,0,0.00229655516724913,0,0,0.000299550673989016,0,0,0,0.00589116325511732,0,0,0.000898652021967049,0,0,0,0,0.00599101347978033,0.00379430853719421,9.98502246630055e-05,0,0,0.000998502246630055,0,0,0,0.0054917623564653,0.000199700449326011,0,0,0,0,0,0.00289565651522716,0,9.98502246630055e-05,0.00159760359460809,0.000998502246630055,0.000399400898652022,9.98502246630055e-05,0,0.00269595606590115,0,0.0114827758362456,0,0,0,0,0,0,0.00409385921118323,0.00199700449326011,9.98502246630055e-05,0,0.00279580629056415,0.00159760359460809,0,0,0,0,0,0,0,0.0247628557164254,0,0,0,0,0,0.000499251123315027,0,0.000199700449326011,0.000199700449326011,9.98502246630055e-05,0,9.98502246630055e-05,9.98502246630055e-05,0.000698951572641038,0,9.98502246630055e-05,0.000599101347978033,0,0.00139790314528208,0,0,0,0,0,0.0797803295057414,0.0017973040439341,0.0017973040439341,0,0,0.0054917623564653,0.000299550673989016,0,0,0,0,9.98502246630055e-05,0.106140788816775,0,0,0.0036944583125312,0,0.0611083374937594,0,0,0,0.00219670494258612,0.000299550673989016,0.00269595606590115,0,0,0,9.98502246630055e-05,0,0,0,0,0.00109835247129306,0.00629056415376935
0,0,0,0,0,0,0,0,0.0118011801180118,0,0.0011001100110011,0,0,0.0482048204820482,0.0047004700470047,0,0,0,0,0,0.0063006300630063,0.0072007200720072,0,0,0,0.0001000100010001,0,0.0001000100010001,0,0,0,0,0,0,0,0,0,0,0,0,0,0,0,0.0057005700570057,0,0.0103010301030103,0,0.0006000600060006,0,0,0,0,0,0,0.0188018801880188,0,0,0,0,0,0,0.0013001300130013,0,0,0,0,0.0056005600560056,0,0,0,0,0,0,0.0014001400140014,0,0.0001000100010001,0,0,0,0,0,0,0,0,0.0098009800980098,0.0001000100010001,0.0004000400040004,0.0808080808080808,0,0.0045004500450045,0,0,0.0262026202620262,0,0,0,0,0,0.0075007500750075,0,0,0.0008000800080008,0,0,0,0,0.0303030303030303,0,0,0,0.0004000400040004,0.0187018701870187,0,0.0068006800680068,0,0,0,0,0,0,0.0001000100010001,0,0,0.0001000100010001,0.0069006900690069,0,0,0,0,0.0103010301030103,0.0008000800080008,0.0032003200320032,0,0,0,0,0.0028002800280028,0,0,0,0,0,0,0,0,0,0.0002000200020002,0,0,0,0.0005000500050005,0.0034003400340034,0,0,0,0,0,0,0,0.0127012701270127,0,0,0,0,0,0,0,0,0,0,0,0,0,0,0,0,0,0.0284028402840284,0,0,0,0,0,0,0,0,0,0,0,0,0,0.0093009300930093,0.0001000100010001,0,0.0021002100210021,0,0,0,0,0,0,0,0,0.0002000200020002,0,0,0,0,0,0,0.0001000100010001,0,0,0,0,0,0,0,0,0.001000100010001,0,0,0,0,0,0,0.0643064306430643,0,0.0179017901790179,0,0,0,0,0.0122012201220122,0,0,0,0,0,0.0016001600160016,0,0,0,0,0,0,0,0,0,0.0001000100010001,0.0014001400140014,0,0,0.0001000100010001,0,0,0.0002000200020002,0,0.0141014101410141,0.0063006300630063,0,0,0,0.0001000100010001,0,0,0,0.008000800080008,0,0.0085008500850085,0,0.0153015301530153,0,0.0469046904690469,0,0,0.0002000200020002,0,0,0.318231823182318,0,0,0.0573057305730573,0,0,0.0008000800080008,0,0,0,0.0012001200120012,0,0,0,0,0,0.0007000700070007,0,0.0232023202320232,0,0.0095009500950095,0
0.00509796081567373,0.00119952019192323,0,0,0,0,0,0,0,0,0,0,0,0,0.135845661735306,0,0.00469812075169932,0,0,0,0,0,0,0.0039984006397441,0,9.99600159936026e-05,0,0,0.00849660135945622,0.0188924430227909,0.00149940023990404,0,0,0.00329868052778888,0,0,0.00129948020791683,9.99600159936026e-05,0,0,0,0,0,0.000999600159936026,0,0.00039984006397441,0.0615753698520592,9.99600159936026e-05,9.99600159936026e-05,0,0.000299880047980808,0,0,0,0.000899640143942423,0,0,0,0,0,0,0,9.99600159936026e-05,0,0,0,0.000699720111955218,0,0,0,9.99600159936026e-05,0,0,0,0,0,0,0,0,9.99600159936026e-05,0,0,0.00489804078368653,0,0,0.000299880047980808,0.015093962415034,0,0,0,0,0.00159936025589764,0,0,0,0,0,0,0,0,0,0.0114954018392643,0,0,9.99600159936026e-05,0,9.99600159936026e-05,0.160435825669732,0,0,0,0,0.0126949220311875,9.99600159936026e-05,0,0,0,9.99600159936026e-05,0.00839664134346262,0,0,0,0,9.99600159936026e-05,0,0,0,0,0,0,0.000899640143942423,0.00899640143942423,0,0,0,0,0.047780887644942,0,0,0,0.143642542982807,0,0,0,0,0,0.00139944022391044,0,0,0,0,0,0.00219912035185926,0,0,0,0,0,0,0.00489804078368653,0.000699720111955218,0,0,9.99600159936026e-05,0,0,0,0,0,0,9.99600159936026e-05,0,0,0,0,0,0,0.00229908036785286,0.00039984006397441,0,0,0,0,0,0,0,0,0,0,0.000499800079968013,0,9.99600159936026e-05,0.00129948020791683,0,0,0,0,0,0,0,0,0,0,0,0,0.00199920031987205,0.00219912035185926,0,9.99600159936026e-05,0.00899640143942423,0,0,0,0,9.99600159936026e-05,0,0.0037984806077569,0,0.0317872850859656,0,0.0269892043182727,0,0,0,0,0,0,0,0.000199920031987205,0,0,0,0,0.0101959216313475,0,0,0,0,0,0.0184926029588165,0,0,9.99600159936026e-05,0,0.00039984006397441,0.00239904038384646,0,0,0,0,0,0.00039984006397441,0,0,0.000699720111955218,0.0172930827668932,0.00189924030387845,0,0,0,0,0,0,0.00039984006397441,0.00839664134346262,0,0,0,9.99600159936026e-05,0.0671731307477009,0,0,0.100559776089564,0,0.00119952019192323,0,0,0,0,9.99600159936026e-05,0,0,0.00369852059176329,0,0,0.00519792083166733,0.00129948020791683,0,0,0,0,0,0,0,0,9.99600159936026e-05,0.00289884046381447,0,0,0.000199920031987205,0
0,0,0,0,0,0,9.99700089973008e-05,0,0,0,0,0,0.000199940017994602,0,0,0,0,0,0,0,0,0,9.99700089973008e-05,0.000599820053983805,0,0.106368089573128,0,0,0.00569829051284615,0.00109967009897031,0,0,0,0,0,0,0,0.0276916924922523,0,9.99700089973008e-05,0,0,0,0,0,0.0101969409177247,0,0,0,0,0,0,0,0,0,0,0,0,0,0.0547835649305208,0,0,0,0,0,0,0.0286913925822253,0,0,0,0,0,0,0,0,0,0,0,9.99700089973008e-05,0,0,0,0,0,0,0,0,0,0,0,0.141157652704189,0.00789763071078676,0.000799760071978406,0,0,0,0,9.99700089973008e-05,0,0,0,0,0,0,0,0,0,0.115765270418874,0,0,9.99700089973008e-05,0,0,0,0,0,0,0,0,0.000399880035989203,0,0,0,9.99700089973008e-05,0.00349895031490553,0,0,0,0.000399880035989203,0,0,0.0367889633110067,0,9.99700089973008e-05,0,0.000199940017994602,0.00999700089973008,0,0,0,0,9.99700089973008e-05,0,0,0,0,0,0,0,0.00119964010796761,0,0,0.000199940017994602,0,0,0,0,0.0477856643007098,0,0.00599820053983805,0,0,0,0,0,0,0.000399880035989203,0,0,0,0,0,0.000999700089973008,0,0,0,0.000899730080975707,0,0.0832750174947516,0,0,0,0,0,0,0,0,0,0,0.00149955013495951,0,0.00989703089073278,0.000299910026991902,0,0,0,0,0,0,0,0.00149955013495951,0,0,0.0262921123662901,0,0,0,0,0,0.000399880035989203,0,0,0,0,0,0,0.0425872238328501,0,9.99700089973008e-05,0,0,0,0,0,0,0,0,0,0,0,0,0,0,0,0,0,0,0,0,0,0,0,0,0,0,0,9.99700089973008e-05,0,0,0,0,0,0,0,0,0,0,0,0,0,0,0,0,0,0,0,0,0,0,0.0566829951014696,0,0,0,0.000499850044986504,9.99700089973008e-05,0,0,0,0,0.163650904728581,0,9.99700089973008e-05,0,0,0,0,0,0.00239928021593522,0,0,0,0,0,0,0,0,0,0,0,0,0
0,0,0,0,0,0,9.99500249875062e-05,0.00919540229885057,0,0,0,0,0,0,0.000899550224887556,0,0,0,0,0,0,0.00189905047476262,0,0,0.000299850074962519,0.0856571714142929,0,0,0.0138930534732634,0,0,0,0,0.00499750124937531,0,0.00309845077461269,0,0.00279860069965018,0,0,0,0,0,0,0,0.000399800099950025,0,0,0.00289855072463768,0,0,0,0,0,0,0,0,0,0,0,0,0.000199900049975012,0,0,0.000599700149925037,0,0.00249875062468766,0,0,9.99500249875062e-05,0.000999500249875062,0,0,0,0,0,0,0,0,0.0047976011994003,0,0,0,0,9.99500249875062e-05,0,0,0,0,0.00389805097451274,0.00239880059970015,0,0,0,0,0,0,0,0.00439780109945028,0,0,0,0,0,0,0,0,0.329835082458771,0,0.0428785607196402,0,0,0,0,0,0,0,0,0.00489755122438781,0,0,0,0,0,0,0,0,0,0,0,0,0.00109945027486257,0,0,0,0,0,0,0,0,0.0344827586206897,0,0,0,0,0,0.00119940029985007,0,0,0,0.00079960019990005,0,0,0,0,0,0,0,0.00129935032483758,0,0.00189905047476262,0,0,0.000599700149925037,0,0,0,0,0,0.000699650174912544,0.00399800099950025,0,0,0,0,0,0,0.00179910044977511,0,0.000199900049975012,0,0,0,0,0.000399800099950025,0,0,0,0,0,0,0.00239880059970015,0.000399800099950025,0,0,0,0,0.000599700149925037,0,0,0,0,0,0,0.0682658670664668,0.000899550224887556,0,0,0,0.00929535232383808,0,0,0,0,0,0,0.0125937031484258,0.00689655172413793,0,0.000399800099950025,0,0,0,0,0,0,0,0,0,0,0,0,0,0.0609695152423788,0,0,0,0,0,0,0,0,0,0,0,0,0,0,0,0,0,9.99500249875062e-05,0.00309845077461269,0,0,0,0,0,0.000699650174912544,0,0.00079960019990005,0,0,0.00109945027486257,0,9.99500249875062e-05,0,0,0,0.0567716141929035,0,0,0.0174912543728136,0,0,0,0,0,0.00209895052473763,0.154822588705647,0,0,0.0226886556721639,0,0,0,0,0,0.00249875062468766,0,0,0,0,0,0,0,0,0,0,0.00279860069965018,0
0,0,0,0,0,0,0,0,0,0,0,0,0,0,0.00429828068772491,0,0,0,0,0,0,0,0.000299880047980808,0,0,0.128648540583766,0,0,0.00209916033586565,0.000999600159936026,0,0,0,0,0,0,0,0.0174930027988804,0,0,0,0,0,0,0,0,0.0486805277888844,0,0,0,0,0,0,0,0,0,0,0,0,0,0,0,0,0,0,0,0,0,0,0,0,0,0,0,0,9.99600159936026e-05,0,0,0,0,0,0,0,0,0,0.000899640143942423,0,0,0,0,0,0.0141943222710916,0.000299880047980808,0,0,0,0,0,0,0,0,0,0,0,0.00129948020791683,0,0,0.000599760095961615,0,0,0,0,0,0.0902638944422231,0,0,0.0335865653738505,9.99600159936026e-05,0,0.000199920031987205,0,0,0,0,0.0684726109556178,0,0,0,0,0,0.016593362654938,0,0,0.103558576569372,0,9.99600159936026e-05,0.0100959616153539,0,0,0,0,0,0,0,0,0,0,0,0,0,0,0,0,0,0,0,0,0,0,0,0,0,0,0,0,0.0151939224310276,0,0,0,0.000599760095961615,0,0,0.00189924030387845,0,0,0,0.00709716113554578,0,0,0,0,0,0,0,0,0,0,0,0,9.99600159936026e-05,0,0,0,0,0,0,0.00239904038384646,0.0104958016793283,0,0,0,0,0,0,0,0,0.00039984006397441,0,0,0,0,0,0,0,0,0,0,0,0,0,0,0,0,0,0,0,0,0.000199920031987205,0,0,0,0,0,0,0,0,0,0,0,0,0,0,0.0185925629748101,0,0,0,0,0,0,0,0,0,0,0,0,0,0,0,0,0,0,0,0,0,0,0,0,0.00229908036785286,0,9.99600159936026e-05,0.000499800079968013,0,0.0257896841263495,0,0,0,0,0,0,0.365753698520592,0,0.00179928028788485,0,0,0,0,0,0,0,0,0,0,0,0,0.0038984406237505,0,0,0,0,0,0
0,0,0,0,0,0,9.99900009999e-05,0,0,0,0,0,0,0,0,0,0,0,0,0,0,0.0037996200379962,0,0,0,0.150984901509849,0,0,0.0010998900109989,0.0005999400059994,0,0,0,0.0123987601239876,0,0,0.0192980701929807,0.0158984101589841,0,0,0,0,0,0,0,0.0034996500349965,0,0.0006999300069993,0,0,0,0,0,0,0,0,0,0,0,0.0095990400959904,0,0,0,9.99900009999e-05,9.99900009999e-05,0,0.0063993600639936,0,0.0087991200879912,0.001999800019998,0.0022997700229977,0,0,0.0013998600139986,0,0,0,0,0,0.0060993900609939,0,0,0.0368963103689631,0,0,0,0,0,0,0.001999800019998,0.0001999800019998,0.0002999700029997,0,0,0,0,0,0,0.0065993400659934,0,0,9.99900009999e-05,0,0,0,0,0.0073992600739926,0.0467953204679532,0,0.012998700129987,0,0.0015998400159984,0,0,0.0014998500149985,0.0001999800019998,0.0036996300369963,0.0002999700029997,0.0128987101289871,0,0.0064993500649935,0,0,0,0,0.0075992400759924,9.99900009999e-05,0,0.0001999800019998,0,0.184681531846815,0,0,0,0,0,9.99900009999e-05,0,0,0,9.99900009999e-05,9.99900009999e-05,0,0,0,0,0.0024997500249975,0,0,0,0,0,0,0.0005999400059994,0,0,0,0,0,0.0020997900209979,0,0,0,0.0728927107289271,0,0,0,0,0,0,0,0,9.99900009999e-05,0,0,0,0.0066993300669933,0.0033996600339966,0.0436956304369563,0,0,0.0063993600639936,0,0,0,0,0,0.0006999300069993,0,0,0,0.0065993400659934,0,0,0,0,0.0006999300069993,0,0,0,0,0,9.99900009999e-05,0,0,0,0,0.0015998400159984,0,0,0,0,0.0254974502549745,0,0,0,0.0008999100089991,0.0006999300069993,0.0185981401859814,0.0004999500049995,0.0018998100189981,0,0,0,0,0,0,0,0.0113988601139886,0.0162983701629837,0.0141985801419858,0,0,0.0048995100489951,0,0,0,0,0,0,0,0,0.0006999300069993,0,0,0,0,0,0,0,0,0.0008999100089991,0,0,0,0.0010998900109989,0,0,0,0.0476952304769523,0.0004999500049995,0,0,0.0001999800019998,0,0,0,0,0,0.0008999100089991,0,0,0.0064993500649935,0,0,0,0,0,0,0.0403959604039596,0,0,0.0398960103989601,0,0,0,9.99900009999e-05,0.0022997700229977,0,0,0,0,0,0,0.0098990100989901,0,0.0002999700029997,0.0116988301169883,0,0.0158984101589841,0
0,0,0,7e-04,0,0,3e-04,0,0,0,0,0,1e-04,0,0.001,0,0,0,0,0,0,0,0,0,0,7e-04,0,0,5e-04,0,0,0,0,0.0162,0,0.0064,0.0012,0,0,0,0,0,0,0,0,2e-04,0,0,8e-04,0,0,0,0,0,0,0,0,0.001,0,0.0537,0,0,1e-04,0,0.0029,0,0,0,0,0.0033,0,0,0,0,0,0,0,0,0,0,0,0,0,0,0,0,0.0244,0,1e-04,0.003,1e-04,0,6e-04,0,0.0057,0,0,0,0.012,0,0,1e-04,0,0,0,0,0,0.4738,0,0,0,0,0,0,0,0.0012,0,0.0011,0,1e-04,0,0,0,4e-04,0.0055,0,0,0,0,0,0,0,0,6e-04,0,0,0.0019,0,0,4e-04,0.0027,2e-04,0,0,0,0,0,0,0,0,0,0,0,7e-04,2e-04,0,0,0,0,0,3e-04,0,0,0,0,0,0,0,0,0,0,1e-04,1e-04,0,0.0032,0,0,0,0,0,0,0,0,0,0.0047,0,0,0.0011,0,0,0,0.0033,2e-04,0,0,0,0,0,0,0,0,0.0011,0,0,0,0,0,0.0051,0,1e-04,0,0,0,0,0,0,0,0,0,0,0,0,0,0,0,0,0.0125,0,0,0,0,0,0,0,0,0,0,0,1e-04,0,0,0,0,0.0177,0,0,0,0,0,0,0,0,0,0,0,0.0013,0,0,0,0,0,0,0,0,0,0,0,0,0,0.0059,0,0,0.0188,0,2e-04,0,0,0,0,0.245,0,0,0.038,0,0,0,0,0,0,0,0,0.0017,0,0,0.0149,0,7e-04,0,0,0,0
0,0,0,0,0,0,9.99800039992002e-05,0,0,0,0,0,0,0,0.0012997400519896,0,0,0,0,0,0,0.0028994201159768,0,0.0011997600479904,0,0,0,0,0,0,0.0914817036592682,0,0,0.015496900619876,0,0,0,0,0,0,0,0,0,0,0,0,0,0,0,0,0,0,0,0,0,0,0,0,0,0,0,0,0,0,0,0,0,0,0.0122975404919016,0,0,0,0,0,0,0,0,0,0,0,0,0.0023995200959808,0,0,0,0,0.000599880023995201,0,0,0,0,0,0.00659868026394721,0,0,0.00599880023995201,0,0,0,0,0,0,0,0,9.99800039992002e-05,0,0,0.28124375124975,0,0,0,0,0,0,0,0,0,0,0,0,0,0,0,0,0,0,0,0,0,0,0,0,0,0,0,0,0,0,0,0,0,0,0,0,0,0,0,0,0,0,0.000999800039992002,0,0,0.0013997200559888,0,0,0,0,0,0.001499700059988,0,0,0,0,0,0,0,0,0,0,0,0,0,0,0,0,0,0,0,0,0,0.0015996800639872,0,0,0,0,0,0,0,0,0,0.00829834033193361,0,0,0,0,0,0,0,0,0,0,0,0,0,0,0,0,0,0,0,0,0,0,0,0,0,0,0.00939812037592481,0,0.00949810037992401,0.000799840031993601,0,0,0,0,0,0,0.0002999400119976,0,0,0,0,0.369526094781044,0,0,0,0,0,0,0,0,0,0,0.0280943811237752,0,0.0167966406718656,0.0001999600079984,0,0,0,0,0,0,0,0,0,0,0,0,0.0001999600079984,0,0,0,0,0,0,0,0,0,0,0,0.092881423715257,0,0,0,0,0,0.000899820035992801,0,0,0,0.0285942811437712,0,0,0,0,0.000599880023995201,0,0,0,0,0,0,0.0023995200959808,0,0.00429914017196561,0,0,0,0
0,0,0,0,0,0,0.000999500249875062,0,0,0,9.99500249875062e-05,0,0,0,0.00259870064967516,0.000699650174912544,0,0,0,0,0,0.000299850074962519,0,0.00669665167416292,0,0.227986006996502,0,0,0.00899550224887556,0.00539730134932534,0.0461769115442279,0,0,0.00929535232383808,0,0,0.0377811094452774,0.00329835082458771,0,0,0,0,0,0.00599700149925037,0,0,0,0,0,0,0.000199900049975012,0,0,0,0.0015992003998001,0,0,9.99500249875062e-05,0,0,0,0,0,0,0,0,0.000499750124937531,0,0.000299850074962519,0,0.00269865067466267,0.000199900049975012,0.000599700149925037,0,0,0,0.000199900049975012,0,0,0,0,0,0.0285857071464268,0,0.00139930034982509,0.000199900049975012,0,0,0,0.00569715142428786,0,0.00119940029985007,0,0,0,0,0,0,0.00219890054972514,0,0,0,0,0,0,9.99500249875062e-05,0,0.0179910044977511,0,0.000999500249875062,0,0,0,0.000699650174912544,0,9.99500249875062e-05,0,0,0.00719640179910045,9.99500249875062e-05,0,0,0,9.99500249875062e-05,0.087256371814093,0,0,0,0,0,0.00269865067466267,0.0079960019990005,0,9.99500249875062e-05,0,0,0.0270864567716142,9.99500249875062e-05,0,0,9.99500249875062e-05,0,0,0,0,0,0.000299850074962519,0.000199900049975012,0,0,0,0,0,0,9.99500249875062e-05,0,0.000699650174912544,9.99500249875062e-05,0,0.00499750124937531,0,0,0,0,0,0,0,0,0,0,0,0,0,0,0,0,0,0,0.00739630184907546,0,0,0,0,0,0.00079960019990005,0,0,0,0,0,0.000499750124937531,0.00459770114942529,9.99500249875062e-05,0.000399800099950025,0,0,0,0,0,9.99500249875062e-05,0,0,0,9.99500249875062e-05,0,0.000599700149925037,0,0,0,0.00169915042478761,0,0,0,0,0.00209895052473763,9.99500249875062e-05,0,0.00149925037481259,0.00339830084957521,0,0.00239880059970015,0.00269865067466267,0,0,0,0,0.00229885057471264,0,0,0,0.00829585207396302,9.99500249875062e-05,0,0.0717641179410295,0,0,0,0,0,0.000599700149925037,0,0,0.00869565217391304,0,0.000299850074962519,0,0,0,0,0,0,0,0,0,0.000699650174912544,0.0184907546226887,0,0,0,0.00079960019990005,0,0,0,9.99500249875062e-05,0.000499750124937531,0,0,0,0.0146926536731634,9.99500249875062e-05,0,0,0.0496751624187906,0,0,0,0,0,0.00439780109945028,0.178410794602699,0,0,0.0290854572713643,0,0,0,0,9.99500249875062e-05,0,0.00629685157421289,0.00299850074962519,0.000299850074962519,0,0,0.00669665167416292,0,0.000199900049975012,0,0,0.00489755122438781,0
0,0,0.0001998001998002,9.99000999000999e-05,0,0,0.000999000999000999,0.00569430569430569,0,0,0,0,0,0.0111888111888112,0.0017982017982018,0,0.0004995004995005,0,0,0.0001998001998002,0.0048951048951049,0.0021978021978022,0,0,0,0.0515484515484516,0,0,0.0025974025974026,0.000799200799200799,0,0,0,0,0,0,0,0.0100899100899101,9.99000999000999e-05,9.99000999000999e-05,0,0,0,0,0,0,0,0.0003996003996004,0,0,0.0015984015984016,0,0,0.0001998001998002,0.0030969030969031,9.99000999000999e-05,9.99000999000999e-05,0,0,0.0303696303696304,9.99000999000999e-05,0,0.0023976023976024,0,0,0,0.0415584415584416,0,0,0.00539460539460539,0.0337662337662338,0,0,0.00719280719280719,0,0,0,0,0.0001998001998002,0.0372627372627373,0,0.000999000999000999,0.0155844155844156,0,0,9.99000999000999e-05,0,0,0,0.0013986013986014,0,0.0563436563436563,0.0001998001998002,0,0,9.99000999000999e-05,0,0,0,0,0,0,0,0,0,0,0.00669330669330669,0.0505494505494506,0,0.0027972027972028,0,0,0,0.0010989010989011,0,0,0.0004995004995005,0.0151848151848152,0.00629370629370629,0,0.0011988011988012,0,0.0001998001998002,9.99000999000999e-05,9.99000999000999e-05,0,0,0,0,0,0.00769230769230769,0,0,0,0.0002997002997003,0,9.99000999000999e-05,0,9.99000999000999e-05,0,0.0181818181818182,9.99000999000999e-05,0.0010989010989011,0,0,0,0.0013986013986014,0,0.0026973026973027,0.0003996003996004,0,0.00619380619380619,0.0010989010989011,0.0044955044955045,0,0,0,0,0,0,0,0.0017982017982018,0,0,0.001998001998002,0,0,0,0,0,0.0025974025974026,9.99000999000999e-05,9.99000999000999e-05,0,0,0,0.00519480519480519,0.00799200799200799,0.015984015984016,0,0,0,0,0,0.000899100899100899,0,0,0.000599400599400599,0,0,0,0.0034965034965035,0,0,0,0.0010989010989011,0.018981018981019,0.0044955044955045,0,0,0.0021978021978022,0,0,0.030969030969031,0,0.0144855144855145,0,0,0,0.0018981018981019,0,0,0,0,0,0.0016983016983017,0.0180819180819181,0.004995004995005,0.0135864135864136,0,0.00869130869130869,0.0133866133866134,0,0,0,0,0,9.99000999000999e-05,0,0.0034965034965035,0.0022977022977023,0,0.0002997002997003,0.00599400599400599,0.0002997002997003,0,0.0002997002997003,0.000799200799200799,0,0.001998001998002,0,0,0.0002997002997003,0,0,0,0,0,0,0,0,0,0.0014985014985015,0,0.001998001998002,0.0031968031968032,0.000799200799200799,0,0.0011988011988012,0,9.99000999000999e-05,0,0,0.0001998001998002,0,0,0,0,0.00869130869130869,9.99000999000999e-05,0.001998001998002,0.0036963036963037,0.0025974025974026,0,0.0023976023976024,0,9.99000999000999e-05,9.99000999000999e-05,0.0001998001998002,0.183116883116883,9.99000999000999e-05,0.0775224775224775,0,0,0.0373626373626374,0,0,0.0002997002997003,0.00779220779220779,0.0014985014985015,0,0,0,0,0.0037962037962038,0,0.000799200799200799,0,9.99000999000999e-05,0.00749250749250749,0
0,0,0,0,0,0,0,0.0011998800119988,0,0,0,0,0,0,9.99900009999e-05,0,0,0,0,0,0.0012998700129987,0.0015998400159984,0,0,0,0.0317968203179682,0,0,0.0023997600239976,0,0.0067993200679932,0,0,0,0,0,9.99900009999e-05,0.0043995600439956,9.99900009999e-05,0,0,0,0,0.0024997500249975,0,0.042995700429957,0,0,0.0007999200079992,0,0,0,0,0,0,0,0,0,0,0,0,0,0,0,0,0,0.0120987901209879,0,0,0.0112988701129887,0.0014998500149985,0,0,0,0,0,0,0,0,0.0138986101389861,0,0.0006999300069993,0.0205979402059794,0,0,0,0,0,0,0.0013998600139986,0,0.0002999700029997,0,0,0,9.99900009999e-05,0,0,0.0058994100589941,0,0,0,0,9.99900009999e-05,0.0003999600039996,0,0.0062993700629937,0.23007699230077,0,0.0014998500149985,0,0,0,0,0,0,0,0,0.0036996300369963,0,0,9.99900009999e-05,0,9.99900009999e-05,0,0,0,0,0,0,0.0001999800019998,0.0197980201979802,0,0,0,0,0,0,0,0,0,0,0,0,0,0,0.0007999200079992,0,0,9.99900009999e-05,0.0005999400059994,9.99900009999e-05,0,0.0046995300469953,0,0,0,0,0.0022997700229977,0.0033996600339966,0,0,0,0.0573942605739426,0,0,0,0,0,0,0,0,0,0,0,0,0,0.0030996900309969,0.0026997300269973,0,0.0017998200179982,0,0,0,0,0,0,0,0,0,0,0,0,0,0,9.99900009999e-05,0,0,0,0,0,0,0.117688231176882,0.108089191080892,0,0.0002999700029997,0,0,0,0,0,0.0031996800319968,9.99900009999e-05,0,0,0,0.0176982301769823,0.0070992900709929,0,0,0.0066993300669933,0.0014998500149985,0,0,0,0,0,0,0.0031996800319968,0.0001999800019998,0.0087991200879912,0,0,0.0277972202779722,0,0,0,0,0,0,0,0,9.99900009999e-05,0.0048995100489951,0,0,0,0,0,0,0.010998900109989,0,0,0,0,0,0,0,0,0,0.0001999800019998,0,0,0,0,0.0002999700029997,0,0,0.0003999600039996,0.0002999700029997,0,0,0.0070992900709929,0,9.99900009999e-05,0,0,0.0001999800019998,9.99900009999e-05,0.157684231576842,0,0,0,0,0,0,0,0,0.00999900009999,0,0,0,0,0,0.0003999600039996,9.99900009999e-05,0,0.0010998900109989,0,0.0003999600039996,0
0,0,0,0,0,0,0,0.00240072021606482,0,0,0,0,0,0.000200060018005402,0.000400120036010803,0,0,0.000200060018005402,0,0,0.00970291087326198,0.00140042012603781,0,0.00110033009902971,0,0.000100030009002701,0,0,0.0378113434030209,0,0.00970291087326198,0.00280084025207562,0,0.00130039011703511,0,0,0.00230069020706212,0.0250075022506752,0.000100030009002701,0,0,0,0,0.0158047414224267,0,0.012703811143343,0,0,0,0,0,0,0,0,0.00580174052215665,0,0,0,0,0.00520156046814044,0,0.00160048014404321,0.000100030009002701,0,0,0,0.00480144043212964,0,0,0.00440132039611884,0.00260078023407022,0,0,0.00270081024307292,0,0,0,0,0,0.00610183054916475,0,0,0,0,0.0138041412423727,0,0.00180054016204861,0,0,0.00430129038711613,0,0.00290087026107832,0.000300090027008102,0,0.0104031209362809,0.000200060018005402,0,0,0.000900270081024307,0,0,0,0,0,0.00360108032409723,0.000800240072021606,0.000500150045013504,0.0179053716114834,0,0.00630189056717015,0,0,0,0.00470141042312694,0.000200060018005402,0.000200060018005402,0,0,0.00860258077423227,0,0.00640192057617285,0.000800240072021606,0,0.000500150045013504,0.000800240072021606,0,0,0,0,0,0.130639191757527,0.012703811143343,0.00700210063018906,0,0,0,0.00110033009902971,0,0,0,0.000300090027008102,0,0,0,0.0160048014404321,0,0.00220066019805942,0,0,0.000400120036010803,0.00630189056717015,0.0142042612783835,0,0.00270081024307292,0.0219065719715915,0,0,0,0.00150045013504051,0.00290087026107832,0,0.00820246073822147,0,0.0134040212063619,0,0,0,0.000800240072021606,0,0,0.000500150045013504,0.00100030009002701,0.00230069020706212,0,0,0,0.0139041712513754,0.0170051015304591,0.00490147044113234,0,0,0.00140042012603781,0,0,0.00170051015304591,0,0,0.00760228068420526,0,0,0,0.0104031209362809,0,0.000300090027008102,0,0.000200060018005402,0.00360108032409723,0.0171051315394618,0,0,0,0,0,0.00340102030609183,0.127338201460438,0.00310093027908373,0,0,0.000100030009002701,0,0,0.000100030009002701,0.0103030909272782,0.00180054016204861,0.000100030009002701,0.00280084025207562,0.00260078023407022,0.0226067820346104,0,0.00160048014404321,0.00920276082824847,0.0355106531959588,0,0,0,0.000100030009002701,0,0,0.00300090027008102,0.00240072021606482,0.016705011503451,0,0,0.000900270081024307,0,0,0,0.000200060018005402,0,0,0,0,0.0511153346003801,0.00600180054016205,0,0.00470141042312694,0,0,0,0,0.0200060018005402,0.000700210063018906,0,0,0.0123036911073322,0.00820246073822147,0.000600180054016205,0,0.000400120036010803,0.00630189056717015,0,0,0,0.00170051015304591,0,0,0,0,0,0.00290087026107832,0,0,0.00610183054916475,0,0,0,0,0.000400120036010803,0.00100030009002701,0.024407322196659,0,0,0.00190057017105132,0,0,0,0,0.00120036010803241,0.00300090027008102,0.0113033910173052,0,0,0.00130039011703511,0,0.00680204061218365,0.00500150045013504,0.000800240072021606,0.0105031509452836,0,0.00100030009002701,0
0,0,0,0,0,0,0,0,0,0,0,0,0,0,0.0047004700470047,0,0,0,0,0,0,0,0,0,0,0.238723872387239,0,0,0,0.0005000500050005,0.0291029102910291,0,0,0.0224022402240224,0,0,0,0,0,0,0,0,0,0.0344034403440344,0,0.0101010101010101,0,0,0.0003000300030003,0,0.0003000300030003,0,0,0,0,0,0,0,0,0.0037003700370037,0,0,0,0,0,0,0.0029002900290029,0,0,0.007000700070007,0,0,0,0,0,0,0,0,0,0,0,0,0.0001000100010001,0,0,0.0003000300030003,0,0,0,0.0311031103110311,0,0.0008000800080008,0,0,0,0,0,0,0,0,0,0,0,0,0,0,0,0.0002000200020002,0,0,0,0,0.0001000100010001,0.0008000800080008,0,0,0,0,0.0058005800580058,0,0,0,0,0.0001000100010001,0,0,0,0,0,0,0,0,0,0,0,0,0.0035003500350035,0,0,0,0,0,0,0,0,0,0,0,0,0,0.0041004100410041,0,0,0,0,0,0,0,0,0.0252025202520252,0,0,0,0,0,0,0,0,0,0,0,0,0.0003000300030003,0,0,0,0.0001000100010001,0.0626062606260626,0,0,0,0,0,0.0016001600160016,0,0,0,0,0,0,0,0.0059005900590059,0,0,0,0,0,0,0.0001000100010001,0,0,0,0,0.0001000100010001,0,0,0.0001000100010001,0,0,0,0,0,0,0,0.0068006800680068,0,0.0033003300330033,0,0,0,0.004000400040004,0,0,0,0,0.0012001200120012,0,0,0.0163016301630163,0,0.034003400340034,0.0001000100010001,0,0,0,0,0,0,0,0.0008000800080008,0,0,0,0,0,0,0,0,0,0,0,0,0,0,0,0.0005000500050005,0,0,0,0,0,0,0,0.0001000100010001,0,0,0.0001000100010001,0,0,0.0123012301230123,0.0099009900990099,0,0.072007200720072,0,0,0,0,0,0,0.276327632763276,0,0,0,0,0,0,0,0,0,0,0,0,0,0,0,0,0,0,0,0.0652065206520652,0
0,0,0,0,0,0,0.00489804078368653,0,0,0,0.000599760095961615,0,0,0,0.00299880047980808,0,0.000699720111955218,0,0,0,0,0.00139944022391044,0,0.00129948020791683,0,0.0179928028788485,0,0,0.00549780087964814,0.0185925629748101,0.0937624950019992,0,0,0.00759696121551379,0,0,0.102159136345462,0.0561775289884046,0,0,0,0,0,0,0,0,0,9.99600159936026e-05,0,0,0.00359856057576969,0,0,0,0.00219912035185926,0,0,0,0,0.0139944022391044,0,0,0,0.000999600159936026,0,0,0.00279888044782087,0,0,0,0.00589764094362255,0,0,0,0,0,0,0,0,0.00649740103958417,0,0,0,0,0,9.99600159936026e-05,0,0,0,0.00169932027189124,0,0.000299880047980808,0.000999600159936026,0,0,0.00039984006397441,0,0,0,0,0,0,0,0,0,0,0,0.0349860055977609,0,0.000999600159936026,0,0,0,0.000199920031987205,0,0.000699720111955218,0.00149940023990404,9.99600159936026e-05,0.00209916033586565,0,0.0132946821271491,0,0,0,0.0039984006397441,0,0.00139944022391044,0,0.000199920031987205,0,0.12015193922431,0,0,0,0.00239904038384646,0,0.000299880047980808,0,0,0,0.0139944022391044,0.00239904038384646,0,0,0,0,0,0,0.00369852059176329,9.99600159936026e-05,0,0,0.000499800079968013,0,0,0,0,0,0.0183926429428229,0.0163934426229508,0,0.00909636145541783,0,0,0,0,0.000499800079968013,0,0.00419832067173131,0,0,0.000199920031987205,9.99600159936026e-05,0,0,0,0.0153938424630148,0.0118952419032387,9.99600159936026e-05,0,0,0,0,0,0.000999600159936026,0.000699720111955218,0.00319872051179528,0.0178928428628549,0.0328868452618952,0,0,0.00309876049580168,0,0,0,0.00669732107157137,0.00579768092762895,0.00649740103958417,0,9.99600159936026e-05,0,0.00119952019192323,0,0,0.00319872051179528,0,0,0,0,0,0.00459816073570572,0,0,0,0,0.00879648140743703,0.00119952019192323,0,0.00549780087964814,0,0,0,0,0,0,0,0,0,0,0.023890443822471,0,0,0,0.00429828068772491,0,0,9.99600159936026e-05,0,0.00039984006397441,0,0,0,0.0111955217912835,0,0,0.0488804478208716,0,0,0,0,0,0.00079968012794882,0.00579768092762895,0,0.00479808076769292,0.000999600159936026,0,0,0.00279888044782087,0,0.000199920031987205,0,0,0.000499800079968013,0,0,0,0,0.000499800079968013,9.99600159936026e-05,0.0323870451819272,0,0.0526789284286285,9.99600159936026e-05,0,0,0,0,0.000599760095961615,0.0194922031187525,0,0,0.040483806477409,0.000199920031987205,0,0,0,0,0.000299880047980808,0.00119952019192323,0,0,0,0,0.00199920031987205,0.00469812075169932,0,0,9.99600159936026e-05,0.00559776089564174,0
0,0,0,0,0,0,9.99700089973008e-05,0.000399880035989203,0,0,0,0,0,0.0159952014395681,0.000599820053983805,0,9.99700089973008e-05,0,0,0,0.000799760071978406,9.99700089973008e-05,0,0,0,0,0,0,0.000199940017994602,0,0,0,0,9.99700089973008e-05,0,0,0.000199940017994602,9.99700089973008e-05,9.99700089973008e-05,0,0,0,0,0,0,0.0106967909627112,0,0,0,0,0.000199940017994602,0,0,0,0,0,0,0.000199940017994602,0,0.00169949015295411,0.000499850044986504,0,0,0,0.03888833349995,0,0.0419874037788663,0,0,0.00349895031490553,0.00139958012596221,0,0,0,0,0,0,0,0,0.0166949915025492,0,0,0,0,0.0406877936619014,0,0,0,0,9.99700089973008e-05,0,0.000199940017994602,0.000599820053983805,0,0,0,0,0,0,0,0,0.00279916025192442,0,0,0,0,0,0.236828951314606,0,0,0,0,0,0.0259922023392982,0,0,0,0,0.000499850044986504,9.99700089973008e-05,0,0,0,9.99700089973008e-05,0.00139958012596221,0,0,0,0,0,0,0.0210936718984305,0,0,0,0,0.000199940017994602,0,0,0,0.264020793761871,0,0,0,0,0,0,0,0,0.000199940017994602,0.000699790062981106,0,0,0,0,0.000699790062981106,0,0,0,0,0,0,0,0,0,0,0,0,0,0.000299910026991902,0.000199940017994602,0,9.99700089973008e-05,0,0,0,0,0,0.00139958012596221,0,0,0,0,0,0.000599820053983805,0,0,0,0,0,0,0.00329901029691093,9.99700089973008e-05,0,0,0,0.0147955613316005,0,0,9.99700089973008e-05,0,0,0,0.00469859042287314,0,0.00769769069279216,0,0,9.99700089973008e-05,9.99700089973008e-05,0,0,0,0,0.000199940017994602,0,0.0138958312506248,0,0.00889733080075977,0,0,0,0,0,0,0,0,0,0,0,0.00909727081875437,0,0,0.0110966709987004,0,0,0,0,0,0,0,0.0155953214035789,0,0,0,0,9.99700089973008e-05,0,0,0,0,0,0,0,0,0.000199940017994602,0,0,0,0.00399880035989203,0.000199940017994602,0,0,0.000199940017994602,0,0,0,0.0400879736079176,0,0.00719784064780566,0,0,0,0,0,0,0,0,9.99700089973008e-05,0.123362991102669,0,0,9.99700089973008e-05,0,0,0,0,0,0,0,0,0,0,0,0,0,0.00129961011696491,0,0,9.99700089973008e-05,0
0,0,0,0,0,0,0,0.00089919072834449,0.0629433509841143,9.99100809271655e-05,0,0,9.99100809271655e-05,0.011489659306624,0.000299730242781497,0,0,0.000299730242781497,0,0,0.00299730242781497,0.00209811169947048,0,0,0.000299730242781497,0.169247677090618,0.000599460485562993,0,0.00159856129483465,0.000799280647417324,0.0346687980817264,0,0,0.013887501248876,0,0,0.000499550404635828,0,9.99100809271655e-05,0,0,0,9.99100809271655e-05,0.000699370566490159,0,9.99100809271655e-05,0,9.99100809271655e-05,0,0,0.000199820161854331,0,9.99100809271655e-05,0,0.00089919072834449,9.99100809271655e-05,0,0,0,0.00209811169947048,9.99100809271655e-05,0.000799280647417324,0,0,0,0.000699370566490159,0.000399640323708662,0,0,0,0.000299730242781497,0.000199820161854331,0,0.000599460485562993,0,0,0,0,9.99100809271655e-05,0.000199820161854331,9.99100809271655e-05,0.000499550404635828,0.0171845339194725,9.99100809271655e-05,0.000399640323708662,9.99100809271655e-05,0.00759316615046458,0,0,0.00429613347986812,0.0218803077230493,0.00089919072834449,0.000199820161854331,0,0,0.000599460485562993,0,0,0.000299730242781497,0,0,0,0,0,0.000199820161854331,0,0.0111899290638425,0.00439604356079528,0,0.00149865121390748,0,9.99100809271655e-05,0,0.00389649315615946,0,0,0.00199820161854331,9.99100809271655e-05,0.029573383954441,0.00359676291337796,0.00269757218503347,0,0,9.99100809271655e-05,0.000999100809271655,9.99100809271655e-05,0,0,0,0.00679388550304726,0.0291737436307323,0.00349685283245079,0,0,9.99100809271655e-05,0,0.0326705964631831,0,0,0,9.99100809271655e-05,0,0,0,0,0,0,0,0.00119892097112599,0.000299730242781497,0,0,9.99100809271655e-05,0,9.99100809271655e-05,0,0,0,9.99100809271655e-05,0,0,0,9.99100809271655e-05,0.0612448796083525,0,0,9.99100809271655e-05,0,0,0,0,9.99100809271655e-05,0.00199820161854331,0,0,0,0.00169847137576181,0.00199820161854331,0.0140873214107303,0.000199820161854331,0,0,0,0,0,0,0,0.000699370566490159,0.00519532420821261,0,0,0.00159856129483465,0,0,0.0155859726246378,0,0,0.00429613347986812,0,0,0,0,0,0,0,0.000499550404635828,0,0,0,0,0,0,0,0.000499550404635828,0.000599460485562993,0.00239784194225197,0.00129883105205315,0.000399640323708662,0.00299730242781497,0,0,0.0136876810870217,0.0129883105205315,0,0,0,0,0,0.00489559396543111,0.0031971225896693,0.00479568388450395,0,0.000599460485562993,0.00299730242781497,0,0.000199820161854331,0,0,0,0,0,0.00089919072834449,0.0386652013188131,0.000499550404635828,0,0,0,0,0,0,0.0089919072834449,0.000299730242781497,0.00269757218503347,0,0.000399640323708662,9.99100809271655e-05,9.99100809271655e-05,0,0.000199820161854331,0.000199820161854331,0,0.00149865121390748,0,0.000299730242781497,0,0,0.000599460485562993,0,0.00189829153761615,0.000299730242781497,0,0,0.0117893895494055,0,0.000199820161854331,0,0.000199820161854331,0.000599460485562993,0.000199820161854331,0.246178439404536,9.99100809271655e-05,0,0.0101908282545709,0,0,0,0.000699370566490159,0,0,0.00109901089019882,0,0,0,0,0.00359676291337796,0,0.000399640323708662,0,0,0.00449595364172245,0.00219802178039764
1e-04,0,0,0,0,0,0,0,0,0,0,0,0,0,7e-04,2e-04,1e-04,0,0,0,0,0.004,0,0,0,0.1237,0,0,9e-04,0,0,0,0,0.0059,0,0,0,6e-04,0,0,0,0,0,0,0,0.0021,0,9e-04,0,0,0,0,0,0,0,0,0,0,0,0.0057,0,0,0,0,0,0,0.0123,0,0,0,0,0,0,0,0,0,0,0,0,0.0036,0,0.004,0.0072,0,0,2e-04,0,0,0,0,0,4e-04,2e-04,0,0,0,0,0,0,0,0,0,0,0,0,0,0.0026,0.0408,0,0,0,0,0,0.0141,2e-04,0,0,0,0.0125,0,0,0,0,2e-04,0.0062,0,0,0,0,0,0,0,0,0,0,0,0.0035,0,0,0,9e-04,0,0,0,0,0,0.0064,0,0,0,0.0015,0,0,0.0032,0,0,0,0,0,0,0,0,0,0.0507,0,0,0,0,0,0,6e-04,0,0.0026,0,0,0,0,0,0,0,0,0,0,0,1e-04,0,0,0,0,0,0,0.0055,1e-04,1e-04,0,0,0,0,0,0,0,0,0,0,0,1e-04,0,0,1e-04,0,0,0,0,0,0,0,0.0036,0,0.02,0,0.0135,0.0123,0,0,0,0.0031,0,0,0,0,0,0,0,0.0075,0,0,0.001,0,0,0.0031,0,0,0,0,0,0.0031,0,0,0,0,0.0127,1e-04,0,0,0,1e-04,0.002,0,0,0,7e-04,0,0,4e-04,0,0,0,0,0,0.0112,0,0,0.0783,0,0,0,0,0,0,0.4556,0,0,0.013,0,0,0.0013,0,0,0.0047,0,0,0,0,0,0.0253,0,2e-04,0,1e-04,0.0023,0
0,0,0,0,0,0,0,0.0014985014985015,0.0002997002997003,0,0,0,0,0,0,0,9.99000999000999e-05,9.99000999000999e-05,0,0,9.99000999000999e-05,0.0004995004995005,0,0.0001998001998002,0,0.302097902097902,0,0,0.0003996003996004,0.0004995004995005,0.00869130869130869,0,0,0.0106893106893107,0,0,0,0,0,0,0,0,0,0,0,0.000899100899100899,0,0,0,0,0,0.0011988011988012,0,9.99000999000999e-05,0,0,0,9.99000999000999e-05,0,0.0012987012987013,0,0,0,0,0.000699300699300699,0,9.99000999000999e-05,0,0,0.0050949050949051,0.000799200799200799,0,0,0.0010989010989011,0,0,0,0,0,0.0004995004995005,0,0,0.0117882117882118,0,0,0,0,0,0,0.00599400599400599,0,0.0001998001998002,0,0,0,0.0013986013986014,0,0,0,0,0,0,0,0,0,0.0042957042957043,9.99000999000999e-05,0.0355644355644356,0,0,0,0,0.0125874125874126,0,0,0.0031968031968032,0,0,0.0052947052947053,0,0.00639360639360639,0.0014985014985015,0,0,0.0350649350649351,0.000899100899100899,0,0,0,0,0.0137862137862138,0,0,0,0,0,0.0002997002997003,0,0,0,0.0025974025974026,0.0004995004995005,0,0,0,0,0.0003996003996004,0,0.0042957042957043,0.0001998001998002,0,0,0.0014985014985015,0.0003996003996004,0,0,0,0,0,0.000699300699300699,0,0,0,9.99000999000999e-05,0,0,0,0,0,0,0.0002997002997003,0,0,0,0,0,0.00869130869130869,0.0011988011988012,0.0002997002997003,9.99000999000999e-05,0.00769230769230769,0,0,0,0,0,0,9.99000999000999e-05,0,0,0.001998001998002,0.0001998001998002,0,0,0,0,0,0,0,0,9.99000999000999e-05,0,0.125574425574426,0.0206793206793207,0,0.001998001998002,0,0,0,0,0.00769230769230769,0,0,0,0,0.00889110889110889,0.0015984015984016,0.0001998001998002,0.0020979020979021,0,0,0,0,0,0,0,0,0,0,0.0115884115884116,9.99000999000999e-05,0,0,0.00639360639360639,0,0,0,0,0,0.0122877122877123,0,0,0.046953046953047,0.0016983016983017,0.0001998001998002,0.0038961038961039,0,0,0,0,0,9.99000999000999e-05,0,0,0,0.0020979020979021,0.0003996003996004,0,9.99000999000999e-05,0,0.0003996003996004,0,0,0.0001998001998002,0,0,0,0,0,0.012987012987013,0,9.99000999000999e-05,0.0905094905094905,0,0.000699300699300699,0,0,0,0,0.118181818181818,0,0,0.0038961038961039,0,0,0,9.99000999000999e-05,9.99000999000999e-05,0.0037962037962038,0,0,0,0,0,0.000899100899100899,0,0.0036963036963037,0,0,0.0030969030969031,0
9.99600159936026e-05,0,9.99600159936026e-05,9.99600159936026e-05,0,0,0,0,0,0,0,0,0,0,0.0038984406237505,0,0,0,0,0,0,0,0,0,0,0.0556777289084366,0,0,0.00149940023990404,0.000999600159936026,0.0514794082367053,0,0,0,0,0,0.00079968012794882,0,0,0,9.99600159936026e-05,0,0,0,0,0.00039984006397441,0,0,0,0,0,0,0,0,0.000599760095961615,0,0,9.99600159936026e-05,0,0.0199920031987205,0.000899640143942423,0,0,0,0,0,0,0,0,0,0.00259896041583367,0,0,0,0,0,0,0,0,0,0,0,0.00839664134346262,0,0.0112954818072771,9.99600159936026e-05,0,9.99600159936026e-05,0,0,0,0.000199920031987205,0.000199920031987205,0,0,0,0,0,0,0,0,9.99600159936026e-05,0,0,0,0,0,0.280287884846062,0,0,0,0,9.99600159936026e-05,0,0,0.000599760095961615,0.00079968012794882,0,0.00839664134346262,0,0,0,0,0,0.00189924030387845,0,0,0,0,0,0.0566773290683727,0,0,0,0.00039984006397441,0,0.00149940023990404,0,0,0,9.99600159936026e-05,9.99600159936026e-05,0,0,0,0,0,0,0.00449820071971212,0,0,0,0,0,0,0,0,0,0,0,0,0.00519792083166733,0,0,0,0,0,0.00889644142343063,0.00129948020791683,0,0,0,0,0,0,0,0.00809676129548181,0,0.00309876049580168,0,0,0.00079968012794882,0,0,0,0,0,0,0.00199920031987205,0,0,0,9.99600159936026e-05,0,0,0,0.0167932826869252,0.00339864054378249,0,0,0,0.00349860055977609,0,0.00349860055977609,0,0,0,0,9.99600159936026e-05,0.00149940023990404,0.0252898840463814,0,0,0,0.000299880047980808,0.00429828068772491,0.00159936025589764,0,0.00729708116753299,0,0.00569772091163535,0,0,0,0,0,0,0,0.00339864054378249,0,0,0,0,0.0360855657736905,0.000699720111955218,0,0,0,0.000199920031987205,0.000699720111955218,0,0,0.00039984006397441,0,9.99600159936026e-05,0,0,0.00189924030387845,0,0,0,0,0,0,0.00149940023990404,9.99600159936026e-05,0,0,0,9.99600159936026e-05,0,0,0,0.000299880047980808,0.00269892043182727,0,0,0,0.00039984006397441,9.99600159936026e-05,0.0039984006397441,0,0.00249900039984006,0.000299880047980808,9.99600159936026e-05,0,0,0,0,0.297281087564974,0,0,0.00539784086365454,0,0,9.99600159936026e-05,9.99600159936026e-05,0,0,0,0,0,0,0,0,0,0.000599760095961615,0,0,0.0230907636945222,0
0,0,0,0,0,0,0,0.00399920015996801,0,0,0,0,0,0,0.00329934013197361,0,0.0001999600079984,0,0,0.0015996800639872,0,0,0,0,0,0,0,0.0010997800439912,0.0152969406118776,0,0,0,0,0.026994601079784,0,0,0.000599880023995201,0,0.0001999600079984,0,0,0,0,0,0,0,0,0,0,0,0,0,0,0,0,0,0,0.000399920015996801,0,0,0,0,0,0,0,0,0.00679864027194561,0,0,0,0,0,0,0,0,0,0,0,0,0,0,0,0,0,0,0.0010997800439912,0.000599880023995201,0,0,0.016496700659868,0,0.00949810037992401,0.000499900019996001,0,0,9.99800039992002e-05,0,0.000999800039992002,0,0,0,0.00409918016396721,0,0,0,0,0,0,0,0,0,0,0,0.00859828034393121,0,0,0.0010997800439912,0.000399920015996801,0.0241951609678064,0,0,0,0.000399920015996801,0.00439912017596481,0.0592881423715257,0.000599880023995201,0,0,0,0,0.00399920015996801,0,0,0,0,0,0.0101979604079184,0,0.0138972205558888,0,0.001499700059988,0,0,0,0,0,0,0,0,0,0,0,0,0,0.000599880023995201,0,0,0.0666866626674665,0,0,0,0,0,0,0,0,0,0,0,0,0,0,9.99800039992002e-05,0,0,0,0,0,0,0,0,0,0,0,0,0,0,0,0,0,0,0,0.0002999400119976,0,0,0,0,0,0,0,0,0,0,0.00789842031593681,0,0.00869826034793041,0,0,9.99800039992002e-05,0.0010997800439912,0,0,0,0,0.00459908018396321,0,0,0,0.000999800039992002,0,0,0.001999600079984,0,0,0,0.0011997600479904,0,0.000799840031993601,0.0268946210757848,0,0,0,0,0.031493701259748,0,0,0,0,0,0.000599880023995201,0,0,0,0,0.0002999400119976,0,0,0,0,0,0,0,0,0,0,0.00419916016796641,0,0,0,0.0018996200759848,0,0,0,0.000399920015996801,0,0.000399920015996801,0,0,0,0,0,0,0.091881623675265,0.0372925414917017,0,0,0,0,0,0.180863827234553,0,0,0.124675064987003,0,0.177264547090582,0,0,9.99800039992002e-05,0,0,0,0,0,0,0,0,0.00419916016796641,0,0,0,0
0,0.0005000500050005,0.0002000200020002,0,0,0,0,0,0,0,0,0,0.0001000100010001,0,0.0002000200020002,0,0,0,0,0.0005000500050005,0,0.0265026502650265,0,0,0,0.204220422042204,0,0,0.001000100010001,0.0034003400340034,0,0,0,0,0,0,0.0061006100610061,0,0,0,0,0,0,0,0,0,0,0,0.0005000500050005,0,0,0.0012001200120012,0,0,0,0,0,0,0,0,0.0005000500050005,0,0,0,0,0,0,0,0,0,0,0,0,0,0,0,0,0.0006000600060006,0,0.0033003300330033,0,0,0,0,0,0,0,0,0,0,0,0,0.0003000300030003,0,0,0,0,0,0,0.0005000500050005,0,0.0001000100010001,0,0,0,0,0,0.0187018701870187,0,0.0052005200520052,0,0,0.0003000300030003,0,0,0.0034003400340034,0,0.0001000100010001,0,0,0.0148014801480148,0,0,0,0,0,0,0,0,0,0.0506050605060506,0,0,0,0,0,0.0001000100010001,0,0,0,0.0001000100010001,0.0005000500050005,0,0,0,0,0.0002000200020002,0,0.0074007400740074,0,0,0,0.0001000100010001,0.0003000300030003,0,0.0006000600060006,0.0003000300030003,0,0,0,0,0,0,0,0,0,0,0,0,0,0,0,0,0,0,0,0.0059005900590059,0,0,0,0,0,0,0,0,0,0,0.016001600160016,0,0,0,0,0,0,0,0,0,0,0,0,0,0,0,0,0,0,0,0.0007000700070007,0,0,0.0084008400840084,0,0,0,0,0.0031003100310031,0,0,0.0003000300030003,0,0.0051005100510051,0,0,0,0.0005000500050005,0,0,0,0,0,0,0,0,0.0099009900990099,0,0,0,0,0,0,0,0,0,0,0.0002000200020002,0.001000100010001,0,0.0002000200020002,0,0,0,0,0,0,0,0.0007000700070007,0.0001000100010001,0,0,0,0.0003000300030003,0,0,0.0001000100010001,0,0,0,0,0,0.0023002300230023,0,0,0.0084008400840084,0,0,0,0.0001000100010001,0,0,0.397839783978398,0,0.0486048604860486,0.106710671067107,0,0,0,0,0.0001000100010001,0,0.0138013801380138,0,0,0,0,0,0,0.0006000600060006,0,0,0.0166016601660166,0
0.000499900019996001,0,0,0,0,0,9.99800039992002e-05,0,0,0,0,0,0.0002999400119976,0,0.002999400119976,0,0.00409918016396721,0,0,0,0,0,0,0,0,0.016996600679864,0,0,0.001499700059988,0.0297940411917616,0.0911817636472705,0,0,0,0,0,0,0,0,0,0,0,0,0,0,0,0,0,0,0,9.99800039992002e-05,9.99800039992002e-05,0,0,0.022995400919816,0,0,0,0,0.0021995600879824,0,0,0.0001999600079984,0,0,0,0,0,0,0.00389922015596881,0,0,0,0,0,0.0207958408318336,0,0,0,0.000499900019996001,0,0.0001999600079984,0,0,0,0,0,0,0,0,0,9.99800039992002e-05,0.0351929614077185,0,0,9.99800039992002e-05,0,0,0,0,0,0,0,0,0,0,0,0.0313937212557489,0,0,0,0,0.0022995400919816,0,0,0.000699860027994401,0.0026994601079784,0,0,0,0.0167966406718656,0,0,0,0,0,0,0,0,0,0.118476304739052,0,0,0,0,0,9.99800039992002e-05,0,0,0,0,0,0,0,0,0,0,0,0.002999400119976,0.0002999400119976,0,0.0187962407518496,0.0201959608078384,0,0,0,0,0,0,0,0,0.0117976404719056,0,0,0,0,0,0.001999600079984,0.0015996800639872,0,0,0.000399920015996801,0.0002999400119976,0,0,0,0.00789842031593681,0.000999800039992002,0.0011997600479904,0,0,0.00349930013997201,0,0.000599880023995201,0,0,0,0,0,0,0,0,0,0.0001999600079984,0,0,0,0,0,0,0,0.0013997200559888,0,9.99800039992002e-05,9.99800039992002e-05,0,0,0.0012997400519896,0,0,0,0,0,0,0,0,0,0,0,0,0.0103979204159168,0,0.00629874025194961,9.99800039992002e-05,0.0001999600079984,0,0,0.0002999400119976,0,0,0,0,0,0,0.000699860027994401,0,0,0,0,0,0,0,0.0369926014797041,0,0,0.00589882023595281,0,0.000699860027994401,0,0,0,0,0.000399920015996801,0,0,0,0,0,0,0.0242951409718056,0,0,0,0,0.0012997400519896,0,0.0012997400519896,0,0.0106978604279144,0.0186962607478504,0,0,0.0682863427314537,0,9.99800039992002e-05,0,0,0.000399920015996801,0,0.18496300739852,0,0,0,0,0.131073785242951,0,0,0,0,0.0013997200559888,0,0,0,0,0.0017996400719856,0,0,0,9.99800039992002e-05,0.0115976804639072,0
0,0,0,0,0,0,0.00249950009998,0,0,0,0.000699860027994401,0,0.000699860027994401,0,0.0017996400719856,0,0,0,0,0.0001999600079984,0.0027994401119776,0,0,0.0001999600079984,0,0.349630073985203,0,0,0.00469906018796241,0.0012997400519896,0,0,0,0,0,0,0.0013997200559888,0,0,0,0,0,0,0,0,0.0302939412117576,0,0,0,9.99800039992002e-05,0,0,0,0,0,0,0,0,0,0.0579884023195361,0,0,9.99800039992002e-05,0,0,0,0,0.0030993801239752,0,0,0,0,0,0,0,0.00999800039992002,0,0,0,0,0.000699860027994401,0,0,0,0,0,0.0150969806038792,0,9.99800039992002e-05,0.00359928014397121,0,0.0156968606278744,0.0001999600079984,0,0,0,0,9.99800039992002e-05,0,0,0,0.00639872025594881,0,0,0,0.0010997800439912,0,0,0,0,0,0,0,0.0013997200559888,0,0,0,0.0288942211557688,0.00959808038392321,0,0.00419916016796641,0,0,9.99800039992002e-05,0.000499900019996001,0,0,0,0,0,0.0148970205958808,0.000499900019996001,0,0.0233953209358128,0,0,0.000499900019996001,0,0,0,9.99800039992002e-05,0.0002999400119976,0,0,0,0,0,0,0.001999600079984,0,0,0,0.0025994801039792,0,9.99800039992002e-05,0,0,9.99800039992002e-05,0,0,0,0,0.000499900019996001,0,0,0.016496700659868,0,0,0,0,0,0.0001999600079984,9.99800039992002e-05,0,0,0,0.00659868026394721,0,0,0,0,0,0,0,0,0,0,0,0.00789842031593681,0,0,0.0020995800839832,0.0002999400119976,0,0,0,0,0,0,0,0,0,0,0,0,0,0,0,0,0.0010997800439912,0,0,0,0,0,0,0.0343931213757249,0,0.0002999400119976,0,0,0,0.0208958208358328,0,0,0,0,0.0158968206358728,0,0.0130973805238952,0.00789842031593681,0.0001999600079984,0,0.0027994401119776,0,0,0,0,0,0,0,0,0,0,0,0,0,0,0,0,0,0,0,0,0,0.000499900019996001,9.99800039992002e-05,0,0,0.000799840031993601,0,0,0,0.000699860027994401,0,0,0,0,0,0.000699860027994401,0,0,0.00719856028794241,0,0,0,0,0,0,0.252849430113977,0,0,0,0,0,0,0,0,0,0.00339932013597281,0,0,0,0,0.00329934013197361,0,0,0,0,0,0
0,0,0,0,0,0,9.99600159936026e-05,0.0037984806077569,0.182826869252299,0,0,0,0,0,0.000699720111955218,0,0,0,0,0,0.00229908036785286,0.00039984006397441,0,0,0,0.00039984006397441,0,0,0.00169932027189124,0,0.0805677728908437,0.00429828068772491,0.00489804078368653,0.00669732107157137,0,0,0,0.00699720111955218,0,0,0,0,0,0.00359856057576969,0,9.99600159936026e-05,0,0,0,0,0,0,0,0,0.0131947221111555,9.99600159936026e-05,0,0,0,9.99600159936026e-05,0,9.99600159936026e-05,0,0,0,0.000599760095961615,0.000699720111955218,0,9.99600159936026e-05,0.00259896041583367,0.00139944022391044,0,0,0.00129948020791683,0,0,0,0,0,9.99600159936026e-05,0,0.000199920031987205,0.00109956017592963,0,0.0120951619352259,0.000499800079968013,0.000499800079968013,0,0,0.00189924030387845,0,0.000299880047980808,0,0,0,0,0.00819672131147541,0,0.00239904038384646,0,0,0,0,0.000299880047980808,9.99600159936026e-05,0.00079968012794882,0.00929628148740504,0.242602958816473,0,0,0,0,0,0.00459816073570572,0.000199920031987205,0,0,0,9.99600159936026e-05,0,0,0,0,0,0.0222910835665734,0,0,0,0.00189924030387845,0,0.00339864054378249,0.0113954418232707,0,0,0,0,0.00879648140743703,0,0,0,0.00039984006397441,0,0,0.000499800079968013,0,0,0.000299880047980808,0.00039984006397441,0,0,0.000599760095961615,0.00189924030387845,0,0,0.000199920031987205,0,0,0,0,0.000299880047980808,0,0,0,0.0566773290683727,0,0,0,0,0,0.00489804078368653,0,0,0,0,0,0,0,9.99600159936026e-05,0,9.99600159936026e-05,0,0,0,0,0.00079968012794882,0,0,0,0.0255897640943623,0,0.000999600159936026,0.00289884046381447,0,0,0,0,0,0,0,0,0,0,0,0.000299880047980808,0,0.00039984006397441,0,0,0,9.99600159936026e-05,0.000199920031987205,0,0.0308876449420232,0,0.00239904038384646,0,0,0.00369852059176329,0.000299880047980808,0,0.00629748100759696,0.000599760095961615,0,0.000599760095961615,0,0,0.00499800079968013,0,0.0122950819672131,0,0.00289884046381447,0,9.99600159936026e-05,0.00219912035185926,0,0,0,0,0,0,0,0,0,0.0136945221911235,0.000199920031987205,9.99600159936026e-05,0,0,0.000599760095961615,0,0.00289884046381447,0.000199920031987205,0.00299880047980808,0.000599760095961615,0.00119952019192323,0.000199920031987205,9.99600159936026e-05,0,0.0173930427828868,0.000899640143942423,0,0,0,0,0,0,0,0,0,0.0395841663334666,0,0.0139944022391044,0.0342862854858057,0,0,0,0,9.99600159936026e-05,0.00149940023990404,0.00629748100759696,0,0,0.00269892043182727,0,0,0,0,0,0.00149940023990404,0.000299880047980808,0.037485005997601,9.99600159936026e-05,0,0,0.00239904038384646,0,9.99600159936026e-05,0,0,0.000999600159936026,0
0,0,0,0,0,0,0,9.99100809271655e-05,0,0,0,0,0.000399640323708662,0.0203816565091418,0.000999100809271655,0,0,9.99100809271655e-05,0,0,0.000699370566490159,0.000199820161854331,0,9.99100809271655e-05,0,0.0786292336896793,0,0,0.000399640323708662,0,0.000199820161854331,0,9.99100809271655e-05,0.0031971225896693,0,0,0.000399640323708662,9.99100809271655e-05,0,0,0,0,0,9.99100809271655e-05,0,0.00309721250874213,0,0,9.99100809271655e-05,0,9.99100809271655e-05,0,0,0,0,0,0,0,0,9.99100809271655e-05,0,0.00119892097112599,9.99100809271655e-05,0,0,0,0.016884803676691,0,0.00089919072834449,0.00299730242781497,0,0,0,0.000199820161854331,0,0,0,0,0,0.0028973923468878,0,0,0,0,9.99100809271655e-05,0,0,9.99100809271655e-05,0,0.00089919072834449,0.0274752722549705,0.000299730242781497,0.194524927565191,0,0,0,0,0,0.00139874113298032,0,0,0,0,0,0,0,0,0.101708462383855,0,0.0025976621041063,0,0,0,0.000499550404635828,0,0,0,9.99100809271655e-05,0.00089919072834449,9.99100809271655e-05,0,0,9.99100809271655e-05,9.99100809271655e-05,0.00239784194225197,0,0,0,0,0,0,0.0123888500349685,0,0.000499550404635828,0,0,0.00299730242781497,0.000199820161854331,0,0,0.0122889399540414,0,0,0,0,0,9.99100809271655e-05,0,0,0,9.99100809271655e-05,0,9.99100809271655e-05,9.99100809271655e-05,0,0,0,0,0.000499550404635828,0,0,0,0,0.0157857927864922,0,0,0,0,0,0,0,0,0.06274353082226,0,0,0,0,0,0.0031971225896693,9.99100809271655e-05,0,0,0,9.99100809271655e-05,0,0,0,0,0,0,0,0,9.99100809271655e-05,0,0,0,0.00419622339894095,9.99100809271655e-05,0,0,0,0,0,0,0,0.00309721250874213,0,0,0,9.99100809271655e-05,0,0,0.000399640323708662,0,9.99100809271655e-05,0,0.0209811169947048,0,0.000399640323708662,0.000199820161854331,0.00349685283245079,0.000599460485562993,0,0,0,0.000499550404635828,0,0,0.000699370566490159,0,0,0,0,0.226795883704666,0,0,0.000199820161854331,0,0,0,0,0.00089919072834449,0,0,0.00229793186132481,0,0,0,0,0,0.00139874113298032,9.99100809271655e-05,0.000199820161854331,0,9.99100809271655e-05,0.000399640323708662,0.000999100809271655,0,0,0,9.99100809271655e-05,0,0,0,9.99100809271655e-05,0,0,0,0,0.0284743730642422,0,0,0.0116894794684784,0.0299730242781497,0.000299730242781497,0,9.99100809271655e-05,0,0.00139874113298032,0.0703366969727245,0,0,0.00139874113298032,0,0,0,0,0.00619442501748426,0,0,0,0,0,0,0,0,0.000399640323708662,0,0,0.00199820161854331,0
0,0,0,0,0,0,0,0,0,0,0,0,0,0,0.00139958012596221,0,0,0,0,0,0,0.00189943017094872,0,9.99700089973008e-05,0,0.192142357292812,0,0,0.00179946016195141,0.00419874037788663,0,0,0,0.00479856043187044,0,0,0.000599820053983805,0.0175947215835249,0,0,0,0,0,0,0,0.0829751074677597,0,0,0,0,9.99700089973008e-05,0,0,0.000499850044986504,0.00119964010796761,0,0,0,0,0.0164950514845546,0,0,9.99700089973008e-05,0,0,0,0,0,0,0.00199940017994602,0.000699790062981106,0,9.99700089973008e-05,0,0,0,0,0,0,0.00969709087273818,0,0.000499850044986504,0.00679796061181645,0,0,0,0,0,0,0.00389883035089473,0,0.00339898030590823,0.00129961011696491,0,0,0,0,0,0,0,0,0.00399880035989203,0,0,0,0.000599820053983805,0,0.0390882735179446,0,0.0877736678996301,0,0,0.00159952014395681,0,0.000199940017994602,0,0.00239928021593522,9.99700089973008e-05,0.00969709087273818,0,0,0,0,0,0.014295711286614,0,0,0,0,0,0.0761771468559432,0,0,0,9.99700089973008e-05,0,9.99700089973008e-05,0,0,0,0.000299910026991902,0.000199940017994602,0,0,9.99700089973008e-05,0.000399880035989203,0,0,0.00199940017994602,0,0,0,0.000899730080975707,0,9.99700089973008e-05,0,0.000599820053983805,0,0,0,0.0124962511246626,0.00519844046785964,0,0,0,0,0,0,0,0,0,0.000199940017994602,0,0,9.99700089973008e-05,0,0.00619814055783265,0,0,0,0,0.00389883035089473,0,0.000199940017994602,0,0,9.99700089973008e-05,0.00679796061181645,0,0,0,0.00509847045886234,0,0,0,0,0.000599820053983805,0,0,0,0,0,0,0,0,0,0,0,0,0.000399880035989203,0,0,0,9.99700089973008e-05,0.000899730080975707,0,0.00239928021593522,0,9.99700089973008e-05,0,0.000499850044986504,0,0.000899730080975707,0,0,0,0,0,0,0.000999700089973008,0,9.99700089973008e-05,0,0.00249925022493252,0.00149955013495951,0,0,0,0,0.000899730080975707,0,0,0.0412876137158852,0,0,9.99700089973008e-05,0.0186943916824953,0,0,0,0,0,9.99700089973008e-05,0,0.000699790062981106,0.000199940017994602,0.000699790062981106,0,0,0.000999700089973008,0,0,0,0.000299910026991902,0,0,0,0,0,0,0,9.99700089973008e-05,0.0170948715385384,0,0.00129961011696491,0,0,0,0,0.248725382385284,9.99700089973008e-05,0,0.00389883035089473,0.000199940017994602,0,0,0,0,0,0.00409877036888933,0,0,0,0,0.00259922023392982,0.000199940017994602,0.000999700089973008,0,0,0.0103968809357193,0
0,0,0,0,0,9.99600159936026e-05,9.99600159936026e-05,0,0,0,0,0,9.99600159936026e-05,0,0.000499800079968013,9.99600159936026e-05,0.000199920031987205,0,0,0,0,0.00159936025589764,0,0.00319872051179528,0,0.126849260295882,0,0,0.000699720111955218,0.000199920031987205,0.00759696121551379,0,0,0.00129948020791683,0,0,0.00339864054378249,0.00719712115153938,9.99600159936026e-05,9.99600159936026e-05,0,0,0,0.00619752099160336,0,0.000299880047980808,0,9.99600159936026e-05,0,0,9.99600159936026e-05,0,0,0,0,0,0,0,0,0,0,0,0,9.99600159936026e-05,0,0,0.000899640143942423,0,0,0,0.00039984006397441,0.000299880047980808,0,0,0,0,9.99600159936026e-05,9.99600159936026e-05,0,9.99600159936026e-05,9.99600159936026e-05,0,9.99600159936026e-05,0,0.00519792083166733,9.99600159936026e-05,0.00889644142343063,0,0,0.00249900039984006,0,0.000699720111955218,0.0037984806077569,0,0,0,0,0,0.00339864054378249,0,0,0,0,0,9.99600159936026e-05,9.99600159936026e-05,0,0.0790683726509396,0,0,0,0,0,0,9.99600159936026e-05,0.00119952019192323,0,0,0.0104958016793283,0,0,0,0.000199920031987205,9.99600159936026e-05,0.0104958016793283,0,9.99600159936026e-05,0,9.99600159936026e-05,0,0,0.00259896041583367,0,0.00139944022391044,0,9.99600159936026e-05,0.134746101559376,9.99600159936026e-05,0,0,9.99600159936026e-05,0,0,0,0,0,9.99600159936026e-05,0,9.99600159936026e-05,0,0.000599760095961615,0.00129948020791683,9.99600159936026e-05,0.00149940023990404,0.0156937225109956,0,0,0,0,0.00249900039984006,0,9.99600159936026e-05,0,9.99600159936026e-05,0,0,9.99600159936026e-05,0,0,0,9.99600159936026e-05,0,0,0,0.00449820071971212,0,0,0.000999600159936026,0.000999600159936026,9.99600159936026e-05,0,0,0.000299880047980808,0,0.000299880047980808,0,0,0,0,0,9.99600159936026e-05,0.00409836065573771,0.00119952019192323,9.99600159936026e-05,0,0,0,0,0,0.000199920031987205,0,0,0,0.0159936025589764,0,0.00039984006397441,9.99600159936026e-05,9.99600159936026e-05,9.99600159936026e-05,0.00119952019192323,0,0,0,0.000599760095961615,0.000299880047980808,0,0.00499800079968013,0.000199920031987205,9.99600159936026e-05,0,0.000199920031987205,0,0,0,0,0,0,0,0.00909636145541783,0,0.00179928028788485,0,0,0.139444222311076,0,0,0.000199920031987205,0,9.99600159936026e-05,0,0,0,0,0,0.000199920031987205,0,0,0,0,0,0,9.99600159936026e-05,9.99600159936026e-05,0,0.000199920031987205,0.00129948020791683,0.000199920031987205,0,9.99600159936026e-05,0,0.000299880047980808,0,0,9.99600159936026e-05,9.99600159936026e-05,0,0,0,0.0234906037584966,0.00329868052778888,0,9.99600159936026e-05,0.0079968012794882,0,0,9.99600159936026e-05,0,0.000499800079968013,0.00079968012794882,0.297880847660936,0,0,0.000199920031987205,0,0,0,0,0,0.000999600159936026,0,9.99600159936026e-05,0,0,0,0.0153938424630148,0,0.00359856057576969,0,0,0.00479808076769292,0
0,0,0,0,0,0,0,0,0.00889555222388806,0,0.000599700149925037,0,0,0.00709645177411294,0,0,0,0,0,0.000299850074962519,0.0146926536731634,0.0241879060469765,0,0,0.000199900049975012,0.00129935032483758,0,0,0,0,9.99500249875062e-05,0,0.00129935032483758,0,0,0,0.000299850074962519,0.00229885057471264,0,0,0,0,0,0.00689655172413793,0,0.0174912543728136,0.0499750124937531,0.000899550224887556,0,0,0.00219890054972514,0,0,0,0.00269865067466267,0,0,0,0,0.0125937031484258,0,0.00369815092453773,0,0,0,0.00239880059970015,0,0,0,0,0.00759620189905048,0,0,0.0107946026986507,0.0349825087456272,0,0,0,0,0.0501749125437281,0,0,0.0181909045477261,0,0.00289855072463768,0,0,0.00119940029985007,0,0.0120939530234883,0,0.00109945027486257,0,0.00539730134932534,0,0,0,9.99500249875062e-05,0.00619690154922539,0,0,0,0,0,0.00339830084957521,0,0.00849575212393803,0.0730634682658671,0.000399800099950025,0,0,0.00299850074962519,0,0.00779610194902549,0,0,0,0,0.0237881059470265,0,0,0,0,9.99500249875062e-05,0.0291854072963518,0,0,0,0,0.0100949525237381,9.99500249875062e-05,0.0117941029485257,0,0,0,0,0,0,0,0,0,0,0,0,0,0,0.00289855072463768,0,0,0,0.00249875062468766,0.000399800099950025,0,0,9.99500249875062e-05,0,0,0,0,0.0047976011994003,0,0,0,0.0455772113943028,0,0,0,0,0,0,0.000599700149925037,0,0,0,0,0,0,0.0102948525737131,0.00709645177411294,0,9.99500249875062e-05,0,0,0,0.00249875062468766,0,0,0,0,0,0,0.00149925037481259,0,0,0,0,0,0,0,0,0,0,0,0,0,0,0,0,0,0,0,0,0.00219890054972514,0.000499750124937531,0.00079960019990005,0,0.0224887556221889,0.0166916541729135,0.0453773113443278,0.000299850074962519,0,0,0,0,0,0,0,0,0.00289855072463768,9.99500249875062e-05,0.023488255872064,0,0,0.0823588205897051,0,0,0,0,9.99500249875062e-05,0,0,0,0,0,0,0,0,0,0,0,0.00929535232383808,9.99500249875062e-05,0.00469765117441279,0,0.00839580209895052,0,0.00359820089955022,0,0,0,0.00279860069965018,0.000999500249875062,0,0.000899550224887556,0,0,0,0,0,0.000399800099950025,0.00199900049975012,0.00119940029985007,0,0,0,0,0,0,0.00119940029985007,0.12663668165917,0,0,0.0123938030984508,0,0,0,0,0,0.00209895052473763,0.00399800099950025,0.00439780109945028,0,0,0,0.0334832583708146,0.000399800099950025,0,0.0015992003998001,0,0.0182908545727136,0.00339830084957521
0,0.0004999500049995,0,0,0,0,0,0,0,0,0,0,0,0.0357964203579642,0.0001999800019998,0,0,0,0,0,0,0,0,0,0,0.125187481251875,0,0,0,0,0,0,0,0,0,0,0,0,0,0,0,0,0,0.0067993200679932,0,0.0531946805319468,0,0,0,0,0,0,0,0,0,0,0,0,0,0,0,0,0,0,0,0,0,0,0,0,0,0,0,0.0108989101089891,0,0,0,0,0,0.0336966303369663,0,0,0,0,0,0,0,0,0,0,0,0,0,0,0,0,0,0,0.0004999500049995,0,0,0,0,0,0,0,0,0.438856114388561,0,0,0,0,0,0,0,0,0,0,0,0,0,0,0,9.99900009999e-05,0.0032996700329967,0,0,0,0,0,0,0.0153984601539846,0,0,0,0,0,0,0,0,0.0027997200279972,0,0,0,0,0,0,0,0,0,0,0,0,0,9.99900009999e-05,0,0,0,0,0.0084991500849915,0,0,0,0.0470952904709529,0,0,0,0,0,0,0,0,0,0,0,0,0,0,0,0,0,0,0,0,0,0,0,0,0,0,0,0.0096990300969903,0,0,0,0,0,0,0,0,0,0,0,0,0,0,0,0,0,0,0,0,0,0,0,0,0,0,0.000999900009999,0,0,0,0,0,0,0,0,0,0,0,0,0,0,0.0083991600839916,0,0,0,0,0,0,0,0,0,0,0,0,0,0,0,0,0,0,0,0,0,0,0,0,0,0,0,0,0,0,0,0,0,0,0,0.0045995400459954,0,0,0,0,0,0,0,0,0,0.14038596140386,0,0,0.0500949905009499,0,0,0.0014998500149985,0,0,0,0,0,0,0,0,0.0010998900109989,0,0.0002999700029997,0,0,0,0
0,0,0,9.98801438274071e-05,0.000599280862964443,0,0,0.000199760287654814,0,0,0,0,0,0.000299640431482221,0.0294646424290851,0,0,0,0,0,0,0.000799041150619257,0,0.000199760287654814,0,0.10976827806632,0,0,0.00159808230123851,0.00349580503395925,0.00149820215741111,0.000499400719137036,0,0.00259688373951258,0,0.00169796244506592,0.000399520575309628,9.98801438274071e-05,0,0,0,0,0,0.000199760287654814,0,0.0169796244506592,0.0110866959648422,9.98801438274071e-05,0,0,0,0,0,0.000299640431482221,0.000399520575309628,0,0,0,0.000199760287654814,0.000399520575309628,0,0,0,0,0,0,0.0136835797043548,0,0,0,0.000299640431482221,0,0,9.98801438274071e-05,0,0,0,0,0,0.00269676388333999,0.000199760287654814,0.000399520575309628,0.0270675189772273,0,0,0,9.98801438274071e-05,0,0,0.00239712345185777,0,0.000399520575309628,0.000898921294446664,0,0.00239712345185777,0.00349580503395925,0,0,0.00109868158210148,0,0,0,0,0,0,0.00149820215741111,9.98801438274071e-05,0.0304634438673592,0,0,0,0,0,0.000199760287654814,0.000599280862964443,0.000299640431482221,0,0.00149820215741111,0,0,0.00409508589692369,9.98801438274071e-05,0,0,0.00109868158210148,0.00858969236915701,0,0,0,0.0013983220135837,0.0261685976827807,0,0,0,0,0,9.98801438274071e-05,0,0,0,0.00119856172592889,0,0,0,0.000199760287654814,0,0,0,0.00319616460247703,0,0,0.00069916100679185,0,0,9.98801438274071e-05,0,0,0,0,0.000199760287654814,0,0.00749101078705553,0,9.98801438274071e-05,0,0,0,0,0,0,0.000898921294446664,0,0,0,0,0,0.00539352776667998,0.00359568517778666,0.00319616460247703,9.98801438274071e-05,0,0,0,0,0.000399520575309628,0,0,9.98801438274071e-05,0.0146823811426288,0,0,0.00309628445864962,0,0,0.00359568517778666,0,0.00219736316420296,0.00829005193767479,0,0,0,0,0,0.0676188573711546,0.0123851378345985,0,0,0,0,0,0,0,0,0.000799041150619257,0,0.00189772273272074,0.00299640431482221,9.98801438274071e-05,0.00149820215741111,0,0.000199760287654814,0.0202756691969636,0.00069916100679185,0,0,0,0.000998801438274071,0,0.000299640431482221,0.00499400719137036,0.000299640431482221,0,0,0.00868957251298442,0,0,0,0,0,0,0,0,0,0.00069916100679185,0,0,0,0,0,0,0,0,0.00109868158210148,0,0,0,0,9.98801438274071e-05,9.98801438274071e-05,0,0.000299640431482221,0,0,0.000199760287654814,0,0,0,0,0,0.226927686775869,0,9.98801438274071e-05,0.0627247303236117,0,0,9.98801438274071e-05,0,0,0.000199760287654814,0.187874550539353,9.98801438274071e-05,0,0.00319616460247703,0,0,0,0,0,0.00339592489013184,0.00389532560926888,0,0,0,0,0.00249700359568518,0.00349580503395925,0.00169796244506592,0.00299640431482221,0,0.0013983220135837,0
0,0,0,0.0106925152393325,0,0,0.000299790146897172,0,0,0,0,0,0,0.00479664235035475,0.00119916058758869,0,0,0,0,0,0.00319776156690317,0.00159888078345158,0,0.000599580293794344,0,0.181173178774858,0,0,0.000299790146897172,0,0,0,0,0.0214849605276307,0,0,0.00109923053862296,0.00419706205656041,0.000199860097931448,0,9.9930048965724e-05,0,0,0.00149895073448586,0.00129909063655441,0.00159888078345158,0,0,0.000299790146897172,0,0.000299790146897172,0.00139902068552014,0,0,0,0,0,9.9930048965724e-05,0,0,0,9.9930048965724e-05,9.9930048965724e-05,0,0,0.000699510342760068,0.00189867093034876,0.000599580293794344,0.000799440391725792,0,0.00189867093034876,0,0,0.00099930048965724,0,0,0,0,0,0,0,0,0,9.9930048965724e-05,0.000199860097931448,0,0,0,9.9930048965724e-05,0.00219846107724593,0.0174877585690017,0.00099930048965724,0.00299790146897172,0,0,0.00149895073448586,0,0,0.00099930048965724,0,0,0,0,0,0.000399720195862896,0.000799440391725792,0,0.0219846107724593,0,0.00739482362346358,0,0,9.9930048965724e-05,0.00179874088138303,0,0.00319776156690317,0,9.9930048965724e-05,0.043069851104227,0,0,0,0,0.000399720195862896,0,0,0,0,0,0,0,0.000299790146897172,0,0,0,9.9930048965724e-05,9.9930048965724e-05,0,0,0,0.000199860097931448,0.000299790146897172,0,0,0,0,0,0,0,0.00219846107724593,0,0,0.00049965024482862,0,9.9930048965724e-05,0.000199860097931448,0,0,0,0.000299790146897172,0.000599580293794344,0.0118916758269212,0,0,0,0,0,0.00189867093034876,0,0,0,0.000399720195862896,0.0273808334166084,0.000199860097931448,0,9.9930048965724e-05,0.00519636254621765,0,0.00219846107724593,0,0,0.0020985310282802,0,0,0,0,0,0,0,0,0,0,9.9930048965724e-05,0.000199860097931448,0,0,0.000799440391725792,0.01448985710003,0,0,0,0,0,0,0,0,0,0,0.000699510342760068,0.000699510342760068,0,0,0,0,0,0.0106925152393325,0.00219846107724593,0.00189867093034876,0.0527630658539023,0,0,0.0686519436394524,0.0178874787648646,0,0.000199860097931448,0,0,0,0.00429699210552613,0.00929349455381233,0.00829419406415509,0,0,0.00529629259518337,0,0,0,0,0.000799440391725792,0,0,0,0.0244828619966024,0,9.9930048965724e-05,0,0,0,0,0,0.000399720195862896,0,0,0,0.00119916058758869,0.00339762166483462,0.0049965024482862,0,0,0,0,0,0,0,0,0,0,0,0,0.0228839812131508,0,0,0.0123913260717498,0,0.000899370440691516,0.000199860097931448,0,0.000399720195862896,0.000299790146897172,0.142700109923054,0,0,0.0138902768062356,0,0.139802138503048,0,0,9.9930048965724e-05,0.00419706205656041,0,0.00979314479864095,0,0,0,0.00099930048965724,0,9.9930048965724e-05,0,0,0.0108923753372639,0
0,0,0,0,0,0,0.00829585207396302,0,0,0,0,0,0,0,0.00549725137431284,0.000599700149925037,0,0,0,0,0,0.00139930034982509,0,0,0,0.0311844077961019,0.00119940029985007,0,0.00839580209895052,0.00259870064967516,0,0,0,0.00659670164917541,0,0,9.99500249875062e-05,0,0,0,0,0,0,0.00459770114942529,0,0.0108945527236382,0,0,0,0,0,0,0,0,0,0,0,0,0,0.00459770114942529,0,0.00489755122438781,0,0,0,0,9.99500249875062e-05,0,0,0,0.00569715142428786,0,0,0.0140929535232384,0,0,0,9.99500249875062e-05,0,0,0,0,0,0,0.0770614692653673,0,0,0,0,0.0126936531734133,0.00389805097451274,0.000299850074962519,0.00499750124937531,0,0,0,0,0,0,0,0,9.99500249875062e-05,0,0,0,0,0,0.0063968015992004,0,0,0,0,0,0.0453773113443278,0,0.000199900049975012,0,0,0,0,0.0124937531234383,0,0,0,0.0015992003998001,0,0,0,9.99500249875062e-05,0,0.122338830584708,0.115942028985507,0,0,0,0,0.000299850074962519,0,0,0,9.99500249875062e-05,0.000299850074962519,0,0,0,0,0,0,0.00629685157421289,9.99500249875062e-05,0,0,0.000299850074962519,0,9.99500249875062e-05,0,0,0,0,0.00599700149925037,0,0.00729635182408796,0,0,0,0,0,0,0,0,0,0,0,0,0,0,0.00759620189905048,0.0109945027486257,0,0,0,0,0,0,0,0,9.99500249875062e-05,0,0.0185907046476762,0,0,0,0,0,0,0.000199900049975012,0.015792103948026,0,0,0.0587706146926537,0,0,0,0.00379810094952524,0,0,0,0,0,0,0.00709645177411294,0,0,0,9.99500249875062e-05,0,0.00129935032483758,0,9.99500249875062e-05,0,0,0,0.00239880059970015,0,0,0,0,0,0,0,0.0031984007996002,0,0,0.000999500249875062,0.00079960019990005,0,0,0,0,0,0,0,0,0,0,0,0,0,0,0,0,0,0,0,0,9.99500249875062e-05,9.99500249875062e-05,0,9.99500249875062e-05,0,0.000199900049975012,0,0,0,0,0,0,0,0,9.99500249875062e-05,0,0,0,0,0,0,0,0,9.99500249875062e-05,0.31744127936032,0,0,0.00969515242378811,0,0,0,0,0,0,0.00219890054972514,0,0,0,0,0.000699650174912544,0,0.000299850074962519,0,0,0.00199900049975012,0
0,0,0,0,0,0,0.0019003800760152,0.0028005601120224,0,0,0,0.0003000600120024,0,0.00530106021204241,0.000500100020004001,0,0,0,0,0,0.0002000400080016,0.00760152030406081,0,0.0001000200040008,0,0.0320064012802561,0,0,0.000500100020004001,0,0.0601120224044809,0,0,0.0189037807561512,0,0.00360072014402881,0.00570114022804561,0.0827165433086617,0,0,0.0002000400080016,0,0,0.00520104020804161,0.001000200040008,0.00570114022804561,0,0,0,0,0,0,0,0,0,0,0,0.0002000400080016,0,0.00380076015203041,0,0.0001000200040008,0,0,0,0.000500100020004001,0.00690138027605521,0.000600120024004801,0.0016003200640128,0,0.00480096019203841,0,0,0.000900180036007201,0.0483096619323865,0,0,0,0,0,0,0.0001000200040008,0,0,0.00710142028405681,0,0,0,0,0.00860172034406881,0.0021004200840168,0.0028005601120224,0.00680136027205441,0,0,0,0,0,0.00510102020404081,0,0,0,0,0,0.0003000600120024,0,0.0113022604520904,0.00580116023204641,0,0.00660132026405281,0.0002000400080016,0,0,0.0003000600120024,0,0,0,0,0,0,0,0,0,0,0.020504100820164,0.00320064012802561,0,0,0,0.00850170034006801,0.145829165833167,0.0014002800560112,0.00450090018003601,0.00750150030006001,0,0.0002000400080016,0.0001000200040008,0,0,0,0,0.0002000400080016,0,0,0,0,0,0,0,0,0,0,0,0,0,0,0,0,0,0.00450090018003601,0,0.00470094018803761,0,0.0001000200040008,0,0,0,0,0,0,0,0.0002000400080016,0.0001000200040008,0,0,0,0.0104020804160832,0,0,0,0,0,0,0,0,0,0,0,0.0203040608121624,0,0,0.00880176035207041,0,0,0.0016003200640128,0,0.0302060412082416,0,0,0,0,0,0,0,0.0001000200040008,0,0,0,0,0,0.0133026605321064,0,0.00700140028005601,0,0,0.0029005801160232,0.00460092018403681,0,0,0.0002000400080016,0,0.0605121024204841,0,0,0,0,0,0,0.000500100020004001,0.0209041808361672,0.00460092018403681,0,0,0.0018003600720144,0,0,0,0,0.0003000600120024,0,0,0,0.0193038607721544,0,0,0,0,0.0002000400080016,0.0021004200840168,0,0.0002000400080016,0,0.00360072014402881,0,0,0.00990198039607922,0,0,0,0,0.0001000200040008,0.000600120024004801,0,0,0,0,0,0,0.00780156031206241,0.000400080016003201,0,0,0.0510102020404081,0,0.0003000600120024,0,0,0,0.003000600120024,0.0283056611322264,0,0,0.0817163432686537,0,0,0,0.000500100020004001,0.0001000200040008,0,0.00420084016803361,0,0,0,0,0.0119023804760952,0,0,0,0,0.026005201040208,0
0,0.000100050025012506,0,0,0.00380190095047524,0.000100050025012506,0,0,0,0.000200100050025013,0.00190095047523762,0,0.000100050025012506,0.0123061530765383,0.00380190095047524,0,0,0,0,0,0,0.00690345172586293,0,0.00180090045022511,0,0.205502751375688,0,0,0.0131065532766383,0.000500250125062531,0.0124062031015508,0,0.000300150075037519,0.00430215107553777,0,0,0,0.0333166583291646,0,0,0,0,0,0.00170085042521261,0,0.032416208104052,0.0159079539769885,0,0,0,0.000100050025012506,0,0,0.000200100050025013,0.00120060030015007,0,0,0,0.00180090045022511,0.00300150075037519,0,0,0,0.000100050025012506,0,0,0.0182091045522761,0,0,0.00820410205102551,0.00130065032516258,0,0.000600300150075037,0,0,0,0,0,0,0.00850425212606303,0,0,0.00200100050025012,0,0.00230115057528764,0,0.0016008004002001,0,0,0,0,0.00110055027513757,0,0,0,0,0,0,0,0,0,0,0,0.000100050025012506,0.000100050025012506,0,0,0.104852426213107,0,0.00340170085042521,0,0,0,0.0240120060030015,0.000200100050025013,0,0,0.000200100050025013,0.015607803901951,0,0,0,0,0.000200100050025013,0,0,0.00740370185092546,0,0,0,0.00220110055027514,0.0180090045022511,0,0,0,0,0,0,0,0,0.00120060030015007,0,0,0,0.0153076538269135,0,0.00120060030015007,0.000900450225112556,0,0,0.000700350175087544,0,0.000200100050025013,0.000500250125062531,0,0,0,0,0,0.00500250125062531,0,0,0,0.0357178589294647,0,0,0.000500250125062531,0,0,0.00360180090045023,0.00170085042521261,0,0,0,0,0,0,0.00330165082541271,0.0185092546273137,0,0,0,0,0,0.00120060030015007,0,0,0,0,0,0.00080040020010005,0.00350175087543772,0,0,0,0,0.000600300150075037,0,0,0,0,0,0,0.023711855927964,0,0.00440220110055028,0.000100050025012506,0,0,0,0,0,0,0,0,0,0.0269134567283642,0.0016008004002001,0,0,0.000200100050025013,0,0.0118059029514757,0,0,0,0.000400200100050025,0,0,0.00080040020010005,0.00130065032516258,0.000100050025012506,0,0.0265132566283142,0,0.000100050025012506,0.00130065032516258,0,0,0.000900450225112556,0,0,0,0,0.000100050025012506,0,0,0,0,0,0,0.000900450225112556,0,0,0.00170085042521261,0.000900450225112556,0.0103051525762881,0,0.000500250125062531,0,0,0,0,0.00250125062531266,0.00860430215107554,0,0,0.00420210105052526,0,0.000600300150075037,0.000500250125062531,0.00240120060030015,0.00130065032516258,0,0,0,0,0,0,0.170785392696348,0.000100050025012506,0,0.00880440220110055,0,0,0,0,0,0.000300150075037519,0,0,0,0.000200100050025013,0,0,0.000500250125062531,0.000500250125062531,0,0,0.0127063531765883,0
0,0.0001998001998002,0,0.000799200799200799,0,0,9.99000999000999e-05,0.00989010989010989,9.99000999000999e-05,0,0,0,9.99000999000999e-05,0.0224775224775225,0.0024975024975025,0,0.002997002997003,0,9.99000999000999e-05,0.0047952047952048,0,0.0040959040959041,0,0.0002997002997003,0,0.00679320679320679,0,0,0.00519480519480519,0.000799200799200799,0.0196803196803197,0,0,0.00549450549450549,0.000799200799200799,0,0.0018981018981019,0,0,0,0,0,0,0.0041958041958042,0,0.00629370629370629,0,0,0,0,9.99000999000999e-05,0,0,0,0.0034965034965035,9.99000999000999e-05,0,9.99000999000999e-05,0,0,0,0,0,0,0,0.0002997002997003,0.0047952047952048,0.0003996003996004,0,0.0045954045954046,0.00589410589410589,0,0,0.0230769230769231,0.001998001998002,0,0,0,0,0.0104895104895105,0,0,0.0020979020979021,0,0.021978021978022,9.99000999000999e-05,0.00899100899100899,0,0,0.0144855144855145,0,0.0016983016983017,0.00709290709290709,0,0,0,0,0,0.0046953046953047,9.99000999000999e-05,0,9.99000999000999e-05,0,0,0.0020979020979021,0.0002997002997003,0,0.0003996003996004,0,0,0,0,0,0.0717282717282717,0,9.99000999000999e-05,0.0171828171828172,9.99000999000999e-05,0.00949050949050949,0.000699300699300699,0.0037962037962038,0,0.0025974025974026,0,0.0395604395604396,0.0408591408591409,0.000999000999000999,0,0,0,0.0759240759240759,0,0,0,0,0,0.00799200799200799,0.000599400599400599,0,0,9.99000999000999e-05,9.99000999000999e-05,0,9.99000999000999e-05,0,0,0.0011988011988012,0,0.0010989010989011,0.0017982017982018,0,0,0,0,9.99000999000999e-05,0,0,9.99000999000999e-05,0,0.0045954045954046,0,0.0047952047952048,0,0.0658341658341658,9.99000999000999e-05,0,0.0001998001998002,0,0,0,0.0022977022977023,0,9.99000999000999e-05,0.0027972027972028,0,0,0.0048951048951049,0.00599400599400599,0.0001998001998002,0,0,0.002997002997003,0,9.99000999000999e-05,9.99000999000999e-05,0,0,0.0235764235764236,0,0,0.0014985014985015,0.0175824175824176,9.99000999000999e-05,9.99000999000999e-05,0,0,0,0,0,0,0,0.0002997002997003,0,0.0031968031968032,0,0.0004995004995005,0,0,0,0,0.0018981018981019,0,0,0,0.0024975024975025,0,0.000999000999000999,0.0025974025974026,0.0001998001998002,0,0,0,0.0013986013986014,0,0,0,0,0,0.00579420579420579,0.00599400599400599,0.0136863136863137,9.99000999000999e-05,0.000699300699300699,0.00759240759240759,9.99000999000999e-05,0,0,0,0.0003996003996004,9.99000999000999e-05,0,0,0.0147852147852148,0,9.99000999000999e-05,0,0.00849150849150849,0,0,0,0,0.0004995004995005,0.0003996003996004,0,0.0032967032967033,9.99000999000999e-05,0.000699300699300699,0,0,0.0013986013986014,9.99000999000999e-05,0,0,0.0011988011988012,0.000999000999000999,0,0,0,0.0011988011988012,9.99000999000999e-05,0,0.00559440559440559,0.0212787212787213,0,0.0002997002997003,0,0.0001998001998002,0,9.99000999000999e-05,0.196703296703297,9.99000999000999e-05,0,0.038961038961039,0,0,0,0,0.0010989010989011,0,0.0038961038961039,0,0,0,0,0.0041958041958042,0,0.00759240759240759,0,0,0.00539460539460539,0
0,0,0,0.0001000100010001,0,0,0.001000100010001,0.0039003900390039,0,0,0,0,0,0,0.0013001300130013,0,0,0,0.0002000200020002,0,0,0.0034003400340034,0,0.0002000200020002,0,0.106410641064106,0,0,0,0.0011001100110011,0.0762076207620762,0.0164016401640164,0,0.0051005100510051,0,0,0,0.0086008600860086,0.0009000900090009,0,0,0,0,0,0.0014001400140014,0,0,0,0.0006000600060006,0,0,0,0,0,0,0,0,0,0,0,0,0.0129012901290129,0,0,0,0,0.0035003500350035,0,0,0,0,0,0,0,0,0,0,0,0,0,0,0,0,0,0,0,0,0,0,0.0063006300630063,0,0.0073007300730073,0.0095009500950095,0,0,0,0,0,0.0028002800280028,0.003000300030003,0,0.001000100010001,0,0,0,0,0,0.0137013701370137,0,0,0,0,0,0.0187018701870187,0,0,0,0,0.0117011701170117,0,0,0,0,0.0002000200020002,0.009000900090009,0,0,0,0,0,0,0,0,0,0,0,0.0043004300430043,0,0,0,0,0,0.0002000200020002,0,0,0,0.0004000400040004,0,0,0,0.0003000300030003,0,0,0.0034003400340034,0,0,0.0001000100010001,0,0.0025002500250025,0,0,0,0,0,0,0,0,0,0,0,0,0,0,0,0,0,0,0,0.0139013901390139,0.0002000200020002,0,0,0,0,0,0,0,0,0,0,0,0.0078007800780078,0,0.0002000200020002,0,0,0,0,0,0,0,0.0036003600360036,0,0,0.014001400140014,0,0,0,0,0.0007000700070007,0,0,0,0,0,0,0,0,0,0,0,0,0,0,0,0,0,0,0.0058005800580058,0,0,0,0,0.0863086308630863,0,0,0,0,0,0,0,0,0,0,0,0,0,0,0,0,0,0.0002000200020002,0,0,0,0,0,0,0.0008000800080008,0.0002000200020002,0,0,0,0,0,0,0,0,0,0.0075007500750075,0.001000100010001,0,0.0273027302730273,0,0.0008000800080008,0,0,0,0.0003000300030003,0.459345934593459,0,0,0,0,0,0,0,0,0.0039003900390039,0.009000900090009,0,0,0,0,0.0093009300930093,0,0.0006000600060006,0,0,0.0096009600960096,0
0,0,0,0,0,0,0,0.00139902068552014,0,9.9930048965724e-05,9.9930048965724e-05,0,0,0.0135904866593385,0.00649545318277206,0,0,9.9930048965724e-05,0,0,0.00609573298690916,0.000699510342760068,0,0,9.9930048965724e-05,0.417707604676726,0,0,0.00169881083241731,0,9.9930048965724e-05,0,0,0.0053962226441491,0,0,9.9930048965724e-05,0.00579594284001199,9.9930048965724e-05,0,0,0,0,0.00219846107724593,0,0.0122913960227841,0,0.000199860097931448,0.000299790146897172,0,0,0,0,0,0,0,0,0,0,0.00429699210552613,0,0.00889377435794944,0,0,0,0.0020985310282802,0.00349755171380034,0,0,0,0.000599580293794344,0,0,0.00699510342760068,0,0,0,0,0,0.00319776156690317,0,0,0,0,0.002897971420006,0.00109923053862296,0,0,0,0.00509643249725192,0,0.000799440391725792,0,0,0,0,0,0,0.00169881083241731,0.00549615269311482,0,0,0,0,9.9930048965724e-05,0,0.00439692215449186,0.0746477465773958,0,9.9930048965724e-05,0,0,0,0.000699510342760068,0,0,0,0.00229839112621165,0.0121914659738183,9.9930048965724e-05,0,0,0,0,0.00559608274208054,0.00659538323173778,0,0,0,0.000399720195862896,0.000799440391725792,0.0137903467572699,9.9930048965724e-05,9.9930048965724e-05,0,0,0.00099930048965724,0,0,0,0.00199860097931448,0,0,0,0,0,0.000199860097931448,0,0,0,0.000599580293794344,0.00399720195862896,0,0,0,0,0,0,9.9930048965724e-05,0.00109923053862296,0,0,0,9.9930048965724e-05,0,0,0,0,0,0,9.9930048965724e-05,0,0,0,0,0,0,0.000199860097931448,0.0107924452882982,0,0.00419706205656041,0,0,0,0.000199860097931448,0,0,0.0095932847007095,0,0,0,0.000899370440691516,0.000199860097931448,0.00179874088138303,0,0,0,0,0,0,0,0,0,0,0,0.0132906965124413,0,0,9.9930048965724e-05,0,0,0,0.000399720195862896,0,0.000299790146897172,0,0.00629559308484061,0,0,0.00049965024482862,0,0,0,0,0,0.00049965024482862,0,0,0.00099930048965724,0.00049965024482862,0.0164884580793445,0,0,0.110622564205056,0,0,0,0,0,0,0,0,0,0,0,0,0,0.00529629259518337,0,0,0.0175876886179674,9.9930048965724e-05,9.9930048965724e-05,9.9930048965724e-05,9.9930048965724e-05,0,0.000799440391725792,0,0.000199860097931448,0.000699510342760068,0.00199860097931448,0,0,0.000199860097931448,0,0,0,0,0.00199860097931448,0.0187868492055561,0,0.000599580293794344,0.00979314479864095,0,0,0,0,9.9930048965724e-05,9.9930048965724e-05,0.0997301888677925,0,0,0.00199860097931448,0,0,0,0,0,0.000799440391725792,0.000199860097931448,0,0,0,0,0.000799440391725792,0,0.00119916058758869,0,0,0.00649545318277206,0
0.000699860027994401,0,0,0,0,0,0.0293941211757648,0,0,0,0,0,0,0,0.0012997400519896,0,0,0,0,0,0.0145970805838832,0.0010997800439912,0,0,0,0.000399920015996801,0,0,0.001999600079984,0.0010997800439912,0.002999400119976,0,0,0.0002999400119976,0,0,0.000399920015996801,0,0,0,0,0,0,0,0,0.0023995200959808,0,0.000399920015996801,0,0,0,0,0,0,0,0,0,0,0,0.000499900019996001,0,0,0,0,0,0,0.00339932013597281,0,0.0022995400919816,0.0257948410317936,0,0,0,0,0,0,0,0,0,0.0015996800639872,0,0,0,0,0,0.0002999400119976,0,0,0,0,0,0,0.000699860027994401,0,0,0,0,0,0,0,0,0.0124975004999,0,0,0,0,0,0.393821235752849,0,0.00789842031593681,0,0,0,0,0,0.000399920015996801,0,0,0.000699860027994401,0,0,0,0,0,0.0001999600079984,0,0,0,0,0,0.0714857028594281,0.00589882023595281,0,0,9.99800039992002e-05,0,9.99800039992002e-05,0,0,0.000999800039992002,9.99800039992002e-05,0.000399920015996801,0,0.0001999600079984,0,0.000599880023995201,9.99800039992002e-05,0,0.002999400119976,0,0,0,0,0,0,0,0,0,0,0.001499700059988,0,0.00649870025994801,0,0,0,0,0,0,0,0,0,0.011497700459908,0.0001999600079984,0,0,0,0.00519896020795841,0,0,0,0,0.0018996200759848,0,0.000599880023995201,0.000499900019996001,0,0.00389922015596881,0.000799840031993601,0,0,0,0.0012997400519896,0,0,0,0,0.0423915216956609,0.00769846030793841,0,0,0,0,0,0.00649870025994801,9.99800039992002e-05,0.000599880023995201,0,0,9.99800039992002e-05,0,0.020995800839832,0,0,0,0,0.00609878024395121,0.00489902019596081,0,9.99800039992002e-05,0,9.99800039992002e-05,0,0,0,0,0,0,0,0,0,9.99800039992002e-05,0,0,0.0116976604679064,0,0,0,0,0.000399920015996801,0.00439912017596481,0,0,0.0334933013397321,0,0.0001999600079984,0,0,0,0,0,0,0,0,0,0,9.99800039992002e-05,0,0,0,0.0011997600479904,0,0,0,9.99800039992002e-05,0,0,0,0,0,0.0210957808438312,0,0,0.0297940411917616,0,0,0,0,0,0.0002999400119976,0.180663867226555,0,0,0.0001999600079984,0,0,0,0,0,0.000599880023995201,0,0,0,0,0,0,0,0.0001999600079984,0,0,0.0017996400719856,0
0,0.000100040016006403,0,0,0,0,0,0,0,0,0,0.000200080032012805,0,0,0.000600240096038415,0,0,0,0,0.00860344137655062,0.0040016006402561,0.00350140056022409,0,0,0.000300120048019208,0.00040016006402561,0,0,0.00340136054421769,0.0105042016806723,0.0797318927571028,0,0,0,0,0,0.00140056022408964,0.0129051620648259,0,0,0,0,0,0.00750300120048019,0,0.0433173269307723,0,0,0,0,0.00300120048019208,0,0,0,0,0,0,0,0,0,0,0,0,0,0,0,0.0194077631052421,0,0.00320128051220488,0,0,0,0,0,0,0,0,0,0,0,0,0,0,0,0,0.000800320128051221,0,0,0,0,0,0.00310124049619848,0,0,0,0,0,0.000300120048019208,0.110544217687075,0,0,0,0,0,0.00330132052821128,0.00280112044817927,0.0134053621448579,0,0,0,0,0,0,0.0143057222889156,0,0,0.0100040016006403,0.00040016006402561,0.0344137655062025,0.000100040016006403,0,0,0.00250100040016006,0.000100040016006403,0.0334133653461385,0,0,0.00190076030412165,0,0,0.000300120048019208,0,0,0,0,0,0.000800320128051221,0.000300120048019208,0,0,0.0630252100840336,0,0,0,0,0,0,0,0,0,0,0.00330132052821128,0,0,0,0,0,0,0,0,0,0,0,0,0,0,0,0,0,0,0,0,0,0,0,0,0,0,0,0,0,0,0,0,0,0,0,0.0146058423369348,0,0,0,0,0.000300120048019208,0,0,0.000100040016006403,0,0.000500200080032013,0,0,0,0,0,0,0,0.0200080032012805,0.00140056022408964,0,0,0.000700280112044818,0,0,0,0,0,0,0.00980392156862745,0,0,0,0,0,0,0,0,0,0,0,0,0,0,0,0.000600240096038415,0.0190076030412165,0,0.00040016006402561,0,0,0,0.0199079631852741,0,0,0,0,0,0,0,0,0,0,0,0,0,0.00320128051220488,0,0.014405762304922,0.0038015206082433,0.00150060024009604,0,0,0,0,0.00150060024009604,0,0.000300120048019208,0,0,0,0,0.00110044017607043,0,0,0.0342136854741897,0,0,0,0,0,0,0.28031212484994,0,0.000600240096038415,0.0287114845938375,0,0,0,0,0,0,0,0,0.0173069227691076,0,0,0.023609443777511,0,0.000900360144057623,0,0,0,0
0,0.00299730242781497,0,0,0,0,9.99100809271655e-05,0.00169847137576181,0,0,0,0,0.000199820161854331,0,0.0473573783594765,0.000199820161854331,0,0,0,0,0,9.99100809271655e-05,0,0.00179838145668898,0,0.0570486562094115,0.000799280647417324,0,0.00249775202317914,0.0057947846937756,0.0028973923468878,0.000999100809271655,0.000199820161854331,0.0028973923468878,0,0,0,9.99100809271655e-05,9.99100809271655e-05,0,0,0,0,0,0,0,0,9.99100809271655e-05,0,0,0,0,0,0,0.00339694275152363,0,0,0,0,0.000199820161854331,0,0,0,0,0,0,0.00149865121390748,0,0,0,0.000499550404635828,0,0,0.00129883105205315,0,0,0,0,0,9.99100809271655e-05,0,9.99100809271655e-05,0.000699370566490159,0,0,0.000299730242781497,0.00779298631231891,0,0,9.99100809271655e-05,0,0.00509541412728544,0.0112898391447697,0,9.99100809271655e-05,0,0,0,0.000499550404635828,0,0,0,0,0,0,0,0,0.00379658307523229,0,0.00489559396543111,0,0,0,9.99100809271655e-05,0.000199820161854331,0,0,9.99100809271655e-05,0.00849235687880907,0,0.0106903786592067,0,0,0.000199820161854331,0.000399640323708662,0,0,0,0,0,0.0123888500349685,0,0,0,0,0,0.00729343590768308,0,0,0,9.99100809271655e-05,0,0,0.000399640323708662,0.00639424517933859,0,0.000999100809271655,0,0.00349685283245079,0,0,0.00379658307523229,0,0,0,0,0,0,0,9.99100809271655e-05,0,0.00329703267059646,0,9.99100809271655e-05,0,0,0,0,0.000999100809271655,9.99100809271655e-05,0,0.00709361574582875,0,0,0,0,0.00499550404635828,0.000199820161854331,0.00119892097112599,0,0,0,0,0,0,0,0,0.0135877710060945,0,0,0,0.000299730242781497,0,0,0,0,0.000599460485562993,0.00329703267059646,0,0,0,0,0,9.99100809271655e-05,0.0816265361174942,0,0,0,0,0,0,0,0,0,9.99100809271655e-05,0.00379658307523229,0.00139874113298032,9.99100809271655e-05,0.00469577380357678,0,9.99100809271655e-05,0.00439604356079528,0,0,0,9.99100809271655e-05,9.99100809271655e-05,0,0.000599460485562993,0.00599460485562993,0,0,0,9.99100809271655e-05,0,0,9.99100809271655e-05,0,0,0.000199820161854331,0,0,0.0300729343590768,0.00219802178039764,0,0.000399640323708662,0,0,0.000299730242781497,0,0,9.99100809271655e-05,0,0,0.000399640323708662,0.000499550404635828,0.000299730242781497,0,0.000399640323708662,9.99100809271655e-05,9.99100809271655e-05,0,0,0.000199820161854331,0,0,9.99100809271655e-05,0,0,0.57418323508842,0,0,0.000999100809271655,0,0,0,0,0,0,0.0239784194225197,0,0,9.99100809271655e-05,0,0,0,0,0,0.000299730242781497,0.000199820161854331,0,0,9.99100809271655e-05,0,9.99100809271655e-05,0.000499550404635828,0.000299730242781497,0,0,9.99100809271655e-05,0
0,0,0,0,0,0,0,0,0,0,0,0,0,0,0.000199900049975012,0,0,0,0,0,0.00199900049975012,0.00439780109945028,0,0.00079960019990005,0,0.135732133933033,0,0,0.00569715142428786,0.00389805097451274,0,0,0,0.00839580209895052,0,0,0.000899550224887556,9.99500249875062e-05,0,0,0,0,0,0.000999500249875062,0,0,0,0,9.99500249875062e-05,0,9.99500249875062e-05,0,0,0,0,0,0,0,0,0.00659670164917541,0,0,0,0,0,0,0.00129935032483758,0.0015992003998001,0,0,0.00109945027486257,0,0.00079960019990005,0.00199900049975012,0,0,0,0,0,0.0015992003998001,0,0.00199900049975012,0,0,0.00189905047476262,0,0,9.99500249875062e-05,0,0.00329835082458771,0.0480759620189905,0.0015992003998001,0.00509745127436282,0,0,0.000899550224887556,0,0,0.00139930034982509,0,0,0,0,0,0.000699650174912544,0,9.99500249875062e-05,0.00659670164917541,0,0.00489755122438781,0,0,0,0.00209895052473763,0,0.00199900049975012,0,0.0291854072963518,0,0.000299850074962519,0,0,0,0.000199900049975012,0,0,0,0,0,0,0.00769615192403798,0,0,0.00979510244877561,0,0,0.000299850074962519,0,0,0,9.99500249875062e-05,0.000199900049975012,0,0,0,0,0,0,0,0,0,0,0,0.00249875062468766,0,0,0,0,0,0,0,0.00659670164917541,0,0,0,0,0,0,0,0,0,0.00129935032483758,9.99500249875062e-05,0,0,0,0.00419790104947526,0,0,0,0,0,0,0,0,0,0,0.00549725137431284,0,0,0,0.00109945027486257,0.00079960019990005,0,0,0,0.0364817591204398,0.00509745127436282,0,0,0,0,0,0,0,0,0,0.00269865067466267,0,0,0,0,0,0,0.000199900049975012,0.00209895052473763,0.00679660169915042,0.00079960019990005,0.0170914542728636,0.000399800099950025,0.000499750124937531,0,0,0,0,0,0,0,0.00579710144927536,0.00339830084957521,0.00649675162418791,0,0,0.0507746126936532,0,0,0,0,0,0,0,0,0.0626686656671664,0,0,0,0,0,0,0,0.0128935532233883,0,0,0,0.000699650174912544,0,0,0,0,9.99500249875062e-05,0,0,0.000399800099950025,0,0,0,0,0,0,0.00179910044977511,0,0,0.0862568715642179,0,0.00239880059970015,0,0,9.99500249875062e-05,0,0.342128935532234,0,0,0.00229885057471264,0,0,0,0,9.99500249875062e-05,0,0,0,0,9.99500249875062e-05,0,0.0128935532233883,0,9.99500249875062e-05,0,0,0.00749625187406297,0
0,0,0,0,0,0,0,0.0023997600239976,0,0,0,0,0,0,0.0011998800119988,0,0,0,0,0,0,0.0016998300169983,0,0,0,0.256974302569743,0,0,0,0.0081991800819918,0.0003999600039996,0,0,0,0,0,0,0,0,0,0,0,0,0,0,0,0,0,0,0,0,0,0,9.99900009999e-05,0.0068993100689931,9.99900009999e-05,0,0,0,0.0008999100089991,0,0,0,0,0,0,0,0,0,0,0,0.0004999500049995,0,0,0,0,0,0,0,9.99900009999e-05,0,9.99900009999e-05,0.0023997600239976,0,0,0.0008999100089991,0,0,0,0,0,0.004999500049995,0,0,0,0,0,0,0,0,0,0.0007999200079992,0.0022997700229977,0,0,0.001999800019998,0,0.0030996900309969,0,0,0,0,0.0003999600039996,0,0,0,0,9.99900009999e-05,0.0136986301369863,0.0007999200079992,0.0151984801519848,0,0,0,0.0225977402259774,0,0,0,0,0,0.113788621137886,0.0143985601439856,0,0,0.0025997400259974,0,9.99900009999e-05,0,0,0,0.0013998600139986,0,0,0.0001999800019998,0,0,0.0001999800019998,0,0.0024997500249975,0,0,0,0.0118988101189881,0.0004999500049995,0,0,0,0,0,0,0,0.0025997400259974,9.99900009999e-05,0,0,0,0,0,0.0010998900109989,0,0.0004999500049995,0,0,0,0,0,0.0087991200879912,0,0.0005999400059994,0.0028997100289971,0,0,0,0,0.0001999800019998,0,0,0.0006999300069993,0,0,0,0,0,0.002999700029997,0,0,0,0.0130986901309869,0,0,0,0,0,9.99900009999e-05,0,0.0010998900109989,0,0,0,0,0.0518948105189481,0,0,0,0,0.0087991200879912,0.0055994400559944,0,0.0233976602339766,0,9.99900009999e-05,0.0037996200379962,0,0,0,0,0,0,0,0.002999700029997,0,0,0,0.0216978302169783,0,0,9.99900009999e-05,9.99900009999e-05,0,0.0045995400459954,0,0,0.0120987901209879,0,9.99900009999e-05,0.0001999800019998,0,0,0,0,0,0,0.0002999700029997,0,0.0001999800019998,0.0001999800019998,0.0008999100089991,0,0,0,0.0001999800019998,0,0,0,0,0,0,0,0.0007999200079992,0.0111988801119888,0,0,0.0707929207079292,9.99900009999e-05,0,0,0.0008999100089991,0,0,0.175582441755824,0,0,0.0022997700229977,0,0,0.0052994700529947,0,0,0.0175982401759824,0.0010998900109989,0,0,0,0,0.0246975302469753,0.0010998900109989,9.99900009999e-05,0,0,0.0198980101989801,0
0,0,0,0,0,9.9930048965724e-05,0,0.00269811132207455,0,0,0,9.9930048965724e-05,0,0.0369741181173179,0.00099930048965724,0,0,0,0,0.00129909063655441,0.000699510342760068,0.00169881083241731,0,9.9930048965724e-05,0,0.148296192665134,0.00099930048965724,0,0.000299790146897172,0.00049965024482862,0,0,0,0.00399720195862896,0,0,0.000399720195862896,0.000199860097931448,0,0,0,9.9930048965724e-05,0,0.00599580293794344,0,0.00129909063655441,0,0.000399720195862896,0.000199860097931448,0,0,0,0,0,0,0,0,0,0,0.00649545318277206,9.9930048965724e-05,0,0,0.000699510342760068,0,0,0.00189867093034876,0,0,0,0,0,9.9930048965724e-05,0.00189867093034876,0,0,0,0,0,0.000199860097931448,0,9.9930048965724e-05,9.9930048965724e-05,0.000799440391725792,0,0,0,0,0,0.00179874088138303,0,0.000899370440691516,0.0124912561207155,0,0,0.000199860097931448,0,0,0,0,0,0.0099930048965724,0,0,0,0.000699510342760068,0.00049965024482862,0.125911861696812,0,0.00119916058758869,0,0,0,0.00519636254621765,0.000399720195862896,0.000199860097931448,0,9.9930048965724e-05,0.00949335465174378,0,0,0,0,0,0.0304786649345458,0,0,0,0,0,0.0501648845807934,0.000299790146897172,0,0,0,0,0.000199860097931448,0,0,0,0.000199860097931448,0.000299790146897172,0,0,0,0,0.000299790146897172,0.0127910462676127,0.0024982512241431,0.00129909063655441,0,0,0,0.000199860097931448,9.9930048965724e-05,0,0,0,0,0,0,0.00989307484760668,0,0,0,0,0,0,0,0,9.9930048965724e-05,0.000299790146897172,0.0024982512241431,0,0.000699510342760068,0,0.00819426401518937,0,9.9930048965724e-05,0,0,0,0,0,9.9930048965724e-05,0,0,9.9930048965724e-05,0,0.000299790146897172,0,0.00619566303587489,9.9930048965724e-05,0,0.00299790146897172,0,0.0190866393524533,0.00839412411312082,0,0,0,0.00179874088138303,0,0.000599580293794344,0,0,0,0,0,0,0.00339762166483462,0,0,0,9.9930048965724e-05,0.00339762166483462,0.00189867093034876,0.000199860097931448,0.00759468372139502,0,0,0,0.002897971420006,0,0,0,0,0,0.00859398421105226,0.00119916058758869,0.00099930048965724,0,0,0.00279804137104027,0.00139902068552014,0,0,0.0045967822524233,0.000799440391725792,0.000399720195862896,0.00799440391725792,0,0.00119916058758869,0,0,0,0.0225841910662536,0.000299790146897172,0,0,0,9.9930048965724e-05,0.000199860097931448,0,9.9930048965724e-05,9.9930048965724e-05,9.9930048965724e-05,0,0.000299790146897172,0.00129909063655441,0,0,0,9.9930048965724e-05,0,0,0,0,0.000699510342760068,0.0208853802338363,0,0.00449685220345758,0.0579594284001199,0,9.9930048965724e-05,0,0,0,9.9930048965724e-05,0.227540721494954,9.9930048965724e-05,0,0.0135904866593385,0,0,0,0.00669531328070351,9.9930048965724e-05,0.000699510342760068,0.00119916058758869,0,0,9.9930048965724e-05,0,9.9930048965724e-05,0,0.0342760067952433,0,0,0.00759468372139502,0
0,0,0,0,0,0,1e-04,0.0117,0,0,0,0,0,0.0286,0.0018,0,0,0,0,0,0.0016,0.0016,0,0,0,0.0987,0,0,0.0049,0,0.1742,0,0,1e-04,0,0.0136,8e-04,0.0107,0,0,1e-04,0,0,0.0017,0,0.0011,0,3e-04,0,0,0,0,0,0,0,0,0,0,0,0.0253,0,0.0034,0,0,0,0,0.0333,0,0,0.0062,0.0046,0,0,0.0014,0,0,0,0,0,0.0069,0,0,0,0,0.0046,0,0,0,0,0,1e-04,0.0133,0,0,0,0,0,0,1e-04,0,1e-04,0,0,0,0,4e-04,0.0044,0.0691,0,3e-04,0,0,0,0.0081,0,0,0,1e-04,3e-04,0,0.0045,3e-04,0,0,0,0,0,0,2e-04,0.0015,0.0302,0.0017,0,0,0,0,1e-04,0,0,0,0,0,0,0,0,0,0,0,0.0014,0,0,0,0,0,0,0,0,0,0.0058,5e-04,0,0,1e-04,0.01,0,0,0,0,0,0,0,0,1e-04,0,0,0,0.0028,0.0077,0.0321,0,0,0,0,0,0,0,0,0,3e-04,0,0,0.0064,0,0,0,0,0.007,0,0,0,0,0.0063,0,0,1e-04,0.0077,0,0,0,0,0.0307,0,0.0021,0,0,0,0.0011,0,0,3e-04,0,0.0589,0.0133,0,0,0,0,0,0,0.0091,0.0069,0,0,0.0061,0,2e-04,0,0,0,0,0,0,0.0364,0,0,0,0,0,0,0,4e-04,0.0055,0,0,0,1e-04,0,0,8e-04,0,2e-04,0,0,0,0,0,0,0.0029,0,1e-04,9e-04,0,0.0095,0.0279,0,0,0,0,1e-04,0.0943,0,0,0.0245,0,0,0,0,0,0.0021,0,0,0,0,2e-04,0.0029,0,2e-04,0,0,0.0019,0
0,0,0,0.00519221168247629,0,0,0,0.00169745381927109,0,0,0,0,9.98502246630055e-05,0.0217673489765352,0.00229655516724913,0,0,9.98502246630055e-05,0,9.98502246630055e-05,0.00649026460309536,0.00349475786320519,0,0,0,0.287668497254119,0,0,0.0225661507738392,9.98502246630055e-05,0,0,0,0.00209685471792312,0,0,0.000698951572641038,0,9.98502246630055e-05,9.98502246630055e-05,0,0,0.0153769345981028,0.0285571642536196,0,0,0,0,0,0,0,0,0,0,0.00159760359460809,0,0,0,0,0.000798801797304044,0,0.0053919121318023,0,0,0,0,0.000698951572641038,0,0,0,0.000499251123315027,0,0,0.00389415876185721,0,0.000199700449326011,0,0,0,9.98502246630055e-05,0,0,0,0,0.0678981527708437,0,0,9.98502246630055e-05,0,0.00579131303045432,9.98502246630055e-05,0,0.000798801797304044,0,0,0.00299550673989016,0,0,0.00139790314528208,0,0,0.000199700449326011,0,0,0,0,0,0.0139790314528208,0,0.00349475786320519,0,0.000898652021967049,0,0.00259610584123814,0.000299550673989016,9.98502246630055e-05,0,9.98502246630055e-05,0,0,0.00838741887169246,0,0.000998502246630055,9.98502246630055e-05,0.00419370943584623,0,0,0,0,0,0.0568147778332501,0.0151772341487768,0.000798801797304044,0,0,0,0.0146779830254618,0,0,0,9.98502246630055e-05,0,0,0,0,0,0,0,0.00129805292061907,0.00429355966050924,0,0,0.0017973040439341,0,9.98502246630055e-05,0.000299550673989016,0,0,0,0.00878681977034448,0,0.00129805292061907,0,0,0,0,0,0.0090863704443335,0,0,0,0,0,0,0,9.98502246630055e-05,0.0035946080878682,0.018771842236645,0.000299550673989016,0,0,0,0,0,0,0,0,9.98502246630055e-05,0,0,0,0.000199700449326011,0.000998502246630055,0,0,0,0.00219670494258612,0.00659011482775836,0,0,0,0,0,9.98502246630055e-05,9.98502246630055e-05,0,0,0,0,0,0,0,0,0,0.000499251123315027,0,9.98502246630055e-05,0,9.98502246630055e-05,0,0,0,0,0,0.000299550673989016,0,0,0,0.0105841238142786,0.0017973040439341,0.00968547179231153,0,0,0.00129805292061907,0,0,0,0,0,0,0,0,0.035646530204693,0,0,0,0,0,0,0,0,0,0,0.00209685471792312,0.00229655516724913,9.98502246630055e-05,9.98502246630055e-05,0,0,0,0.000299550673989016,0,0,0,0,0,0,0,0,0.000599101347978033,0,0,0.00968547179231153,0.000998502246630055,0,0.000199700449326011,0,0,9.98502246630055e-05,0.229455816275587,9.98502246630055e-05,9.98502246630055e-05,0.0120818771842237,9.98502246630055e-05,0,0,0,0.00129805292061907,0.000199700449326011,0.000599101347978033,0,0,0,0,0.00469296055916126,0,0.000199700449326011,0,0,0.000998502246630055,0
0,0,0.000199840127897682,0,0.000799360511590727,9.99200639488409e-05,0,0,0,9.99200639488409e-05,0.000199840127897682,0,0,0,0.00809352517985612,0,0.00419664268585132,0.000599520383693046,0,9.99200639488409e-05,0.000999200639488409,0.00469624300559552,0,0,0,0.0822342126298961,0,0,0.00149880095923261,0.000299760191846523,0,0,0,0.0132893685051958,0.00119904076738609,0,0.00179856115107914,0.00119904076738609,0,0,0,0,0,0.000199840127897682,0,0.000299760191846523,0,0.000199840127897682,0,0,0.000399680255795364,0,9.99200639488409e-05,0,0.000299760191846523,9.99200639488409e-05,0,0,0,0.00149880095923261,0.000399680255795364,0,0,0.00819344524380496,0,0,0.0139888089528377,0,0,0,9.99200639488409e-05,0,9.99200639488409e-05,0,0,0,0.000199840127897682,0,0,0.00209832134292566,0.000199840127897682,9.99200639488409e-05,0.000999200639488409,0,0,0,0,0,0,0.00479616306954436,0,0.000599520383693046,0.0201838529176659,0,0,0,0.000899280575539568,0,0.0021982414068745,0,0,0,0,9.99200639488409e-05,0.00119904076738609,9.99200639488409e-05,9.99200639488409e-05,0.138689048760991,0,0.00289768185451639,0,0,0,0.00229816147082334,0,9.99200639488409e-05,9.99200639488409e-05,0,0.00729416466826539,0,0,0,0,0.00279776179056755,0.0413669064748201,0,0,0,9.99200639488409e-05,0,9.99200639488409e-05,0.000299760191846523,0,0,0,0,0.00679456434852118,0,9.99200639488409e-05,0,0.00989208633093525,0,0,0,0,0,0.000799360511590727,9.99200639488409e-05,0,0.000499600319744205,0.000799360511590727,9.99200639488409e-05,0,0.000299760191846523,0,0,0,0,0,0,0,0.000799360511590727,0,0,0,0,0,0,0.000299760191846523,9.99200639488409e-05,0.00239808153477218,0,0,0,0,0,9.99200639488409e-05,0.00249800159872102,0.000399680255795364,9.99200639488409e-05,0,0,0,0,9.99200639488409e-05,0.000499600319744205,0,0,0,9.99200639488409e-05,0,0.00329736211031175,0,0,0,0,0,9.99200639488409e-05,0,0,0,0,0,9.99200639488409e-05,0,0.0145883293365308,9.99200639488409e-05,0,0,0.000199840127897682,0,0,0,0,0.000299760191846523,0,0,0.000499600319744205,0.00449640287769784,0,9.99200639488409e-05,0.00239808153477218,0,0,0,0,0.00469624300559552,0,0,0,0.00319744204636291,9.99200639488409e-05,0,0.0666466826538769,0,0,0.000299760191846523,0,0,0.000199840127897682,0,0,0,0,0,0,0,9.99200639488409e-05,0,0,0.000899280575539568,0.000199840127897682,0.000199840127897682,0,0.000299760191846523,0.00159872102318145,0,0,9.99200639488409e-05,0.000899280575539568,0,0,0.00119904076738609,0.000299760191846523,0.00199840127897682,0,0,0,0.00129896083133493,0.0334732214228617,0,9.99200639488409e-05,0.117406075139888,0,0,0,0,0.000199840127897682,0,0.30255795363709,0,0,0.00779376498800959,0,0,0,0,0.00159872102318145,0,0.00229816147082334,0,0,0,0,0,0,0.0133892885691447,0.000399680255795364,0,0.00629496402877698,0
0,0,0,0,0,0,0,9.99600159936026e-05,0,0,0,0,0,0,0.0123950419832067,0.000299880047980808,0,0,0,0,0,9.99600159936026e-05,0,0,0,0.446621351459416,0,0,0.0134946021591363,0,9.99600159936026e-05,0,0,0.00119952019192323,0,0.00469812075169932,9.99600159936026e-05,9.99600159936026e-05,0,0,0,0,0,0,0,0.00339864054378249,0,0,0,0,0,0,0,0,0.00039984006397441,0,0,0,0,9.99600159936026e-05,0,0,0,0,0.000299880047980808,9.99600159936026e-05,0.000999600159936026,0,0,0.00629748100759696,0.00219912035185926,0,0,0.000199920031987205,0,0,0,0,0,0,0,0,0.00219912035185926,0,0.000199920031987205,0.00039984006397441,0,0,0,0.00229908036785286,0,0.00039984006397441,0.00589764094362255,0,0,0,0,0,0.000999600159936026,0,0,0,0,0,0.000299880047980808,0,0,0.00189924030387845,0.00249900039984006,0.00369852059176329,0,0,0.00039984006397441,0.00279888044782087,0,0.00039984006397441,0,0,0.00709716113554578,0,0,0,0,0.00039984006397441,0.00479808076769292,0,0,0,0,0.00039984006397441,0.0240903638544582,0.00079968012794882,0,0,0,0,0.00079968012794882,0,0,0,0,0.00039984006397441,0,0,0,0,0.000299880047980808,0,0.00279888044782087,0,0,0,9.99600159936026e-05,0,0,0,0,0,9.99600159936026e-05,0.000599760095961615,0,0.00609756097560976,0,9.99600159936026e-05,0,0,0,0,0,0,0,0.007796881247501,0.00439824070371851,0,0,0,0,9.99600159936026e-05,9.99600159936026e-05,0,0,0,0,0,0,0,0,0,0.00639744102359056,0,0,0.000599760095961615,0,0,0,0,0.022391043582567,0.0137944822071172,0,0,0,0,0,0,0.000999600159936026,0.00119952019192323,0,0,0.000199920031987205,0,0,0,0,0.000299880047980808,0,0.00509796081567373,0.000699720111955218,0,0,0.000299880047980808,0.007796881247501,0.0153938424630148,0,0,0,0.00279888044782087,0,0,0.00109956017592963,0,0.000899640143942423,0,0,0.00839664134346262,0,0,0,0,0,0.00079968012794882,0,0,0.000699720111955218,0,0.000199920031987205,0.000899640143942423,0,0,0,0,0.00039984006397441,0,0,0,9.99600159936026e-05,0.000599760095961615,0.000699720111955218,0,9.99600159936026e-05,0,9.99600159936026e-05,0,0,0.00039984006397441,0,0,9.99600159936026e-05,0.00429828068772491,0,0.00809676129548181,0,0,0.15843662534986,0,0.000299880047980808,0,0,0,9.99600159936026e-05,0.133346661335466,0,0,0.00629748100759696,0,0,0,0,0,0,0.0037984806077569,0.00639744102359056,0,0,0,0.00309876049580168,9.99600159936026e-05,0,0,9.99600159936026e-05,0.00329868052778888,0
0,0,9.99000999000999e-05,0,0,0,9.99000999000999e-05,0.001998001998002,0.004995004995005,9.99000999000999e-05,0,0,0,0.0017982017982018,0.0248751248751249,0,0.0024975024975025,0,0,0,0.002997002997003,0.0011988011988012,0,0,9.99000999000999e-05,0.183316683316683,0,0,0.0004995004995005,0.00679320679320679,0.00809190809190809,0,0,0.00759240759240759,0,0,0.0016983016983017,0.00819180819180819,0.0002997002997003,0,0,0,0,0,0,0.0003996003996004,0.0035964035964036,9.99000999000999e-05,0,0,9.99000999000999e-05,0,0,0,0.0012987012987013,0,0,0,0,0.00549450549450549,0.0002997002997003,0.000599400599400599,0,0,0,9.99000999000999e-05,0.0223776223776224,0,0,0,0.000999000999000999,0,0,0.0002997002997003,0.0013986013986014,0,0,0,0,0.0033966033966034,0,0,0.0023976023976024,0,0.000999000999000999,0.0656343656343656,0,0,0,0.002997002997003,9.99000999000999e-05,0.0026973026973027,0.0152847152847153,0,0,0,0,0,9.99000999000999e-05,0,0,0,0,0,9.99000999000999e-05,9.99000999000999e-05,0.000599400599400599,0.0427572427572428,0,0,0,0,0,0.0034965034965035,0,0,0,9.99000999000999e-05,0.026973026973027,0.0001998001998002,0,0,0,0.0002997002997003,0.0210789210789211,0,0,0,0,0,9.99000999000999e-05,9.99000999000999e-05,0,0.0001998001998002,0,0,0.0317682317682318,0,0,0,0.025974025974026,0,0,0,0,0,0,0,9.99000999000999e-05,0,0.0002997002997003,0.0022977022977023,0.0003996003996004,0,0,0,0,0,0,9.99000999000999e-05,0,0,0,0,0,0,0.0003996003996004,0,0,0.0004995004995005,0.0004995004995005,0,0.00789210789210789,0,0,0,0,9.99000999000999e-05,0.0316683316683317,9.99000999000999e-05,9.99000999000999e-05,0,0,0,0.000699300699300699,0,0,0,0,0,0,0.00859140859140859,9.99000999000999e-05,0,0.0171828171828172,0,0,9.99000999000999e-05,0,0,0,0,0,0,0,0.0180819180819181,0.0001998001998002,0,0,0,0,0,0,0.0003996003996004,0.000799200799200799,0,0.002997002997003,0,0.0195804195804196,0.0004995004995005,0,0,9.99000999000999e-05,0,0,0,0,0,0.0004995004995005,0,0.00729270729270729,0,9.99000999000999e-05,0.0533466533466533,0,9.99000999000999e-05,0.0001998001998002,0,9.99000999000999e-05,0,0.0001998001998002,0,0,0,0,0,9.99000999000999e-05,0,0,9.99000999000999e-05,9.99000999000999e-05,9.99000999000999e-05,0.0012987012987013,0,0.0010989010989011,0.0137862137862138,0.0142857142857143,9.99000999000999e-05,0.000999000999000999,0,9.99000999000999e-05,0.0002997002997003,0,9.99000999000999e-05,0,0,0,0.0033966033966034,0,0.198901098901099,0.0002997002997003,0,0.0017982017982018,0,0,0,0.0003996003996004,0,0.0028971028971029,9.99000999000999e-05,0,0,0.0140859140859141,0,0,0,0,0,0.0003996003996004,0.001998001998002,0,0,0,0,9.99000999000999e-05,0.0003996003996004,0.00569430569430569,0,0.0012987012987013,0.0183816183816184,0
0,0,0,0,0,0,9.99000999000999e-05,0,0,9.99000999000999e-05,0,0,0,0,0.0002997002997003,0.000599400599400599,0,9.99000999000999e-05,0,0,0.00799200799200799,0.0032967032967033,0,9.99000999000999e-05,0,9.99000999000999e-05,9.99000999000999e-05,0.0002997002997003,0.000799200799200799,0.000599400599400599,9.99000999000999e-05,0,0,0.0135864135864136,0,0,9.99000999000999e-05,0.00869130869130869,9.99000999000999e-05,0,0,0,0,0.002997002997003,0,0.0018981018981019,0,9.99000999000999e-05,0,0,0,0,0,0,0.000699300699300699,0,0,0,0,0.0117882117882118,9.99000999000999e-05,0,0,0,0,0,0.000699300699300699,0,0,0.0032967032967033,0.0003996003996004,9.99000999000999e-05,0,0.0016983016983017,0,0.0150849150849151,9.99000999000999e-05,0,0,0.0037962037962038,0.000699300699300699,0,0.00599400599400599,0,0.0016983016983017,0,9.99000999000999e-05,0,0,0.0020979020979021,0,9.99000999000999e-05,0,9.99000999000999e-05,0,0,0,0,0.0028971028971029,0,0,0.0026973026973027,0,0,9.99000999000999e-05,0,0,0.241658341658342,0,0,0,0,0,9.99000999000999e-05,0,0,0,0,0.00559440559440559,0,0,0,0,0.0021978021978022,0.0011988011988012,0,0,0,0.0002997002997003,0,0.002997002997003,0.0165834165834166,0,0,0,0,0.0002997002997003,0,0.0014985014985015,0,0.0012987012987013,9.99000999000999e-05,0,0,0,0,0,9.99000999000999e-05,0,0,0.000899100899100899,0.000799200799200799,0,9.99000999000999e-05,0,0,0,0,0,0.0028971028971029,0,0,9.99000999000999e-05,0.020979020979021,0,0,9.99000999000999e-05,0,0,0,0.0001998001998002,0,0,0,0,0,0,0.00519480519480519,0.0024975024975025,0.000999000999000999,0,0,0.0011988011988012,9.99000999000999e-05,0,0,0,0,0,0,0,0.000999000999000999,0,0,0,0,0,0,0,0,0,0,9.99000999000999e-05,9.99000999000999e-05,0.140859140859141,0.0157842157842158,0,0,0,0,0,0,0,9.99000999000999e-05,0.0003996003996004,0,0.0230769230769231,0,0.0126873126873127,0,0.0297702297702298,0.001998001998002,0,0,0,0,0,0,0.0016983016983017,0,0.0108891108891109,0,0,0.0038961038961039,0,0,9.99000999000999e-05,0,0,0,0.0001998001998002,0,0,0,0,0,0,0,0,0.0026973026973027,0.0178821178821179,0.0001998001998002,0,0,0.0010989010989011,9.99000999000999e-05,0.000699300699300699,0,0.0011988011988012,0.0003996003996004,0,0,0.0001998001998002,0.0002997002997003,0,0,0,9.99000999000999e-05,0,0.31008991008991,0.0002997002997003,0.0024975024975025,0.000799200799200799,0,0,0,0,0,0.0002997002997003,0.0004995004995005,0,0,0.00779220779220779,0,0,0,0,0,0,0.000799200799200799,0,0,0,0,0.0015984015984016,0,9.99000999000999e-05,0,0,0.0012987012987013,9.99000999000999e-05
0,0,0,0,0,0,0,0,0,0,0,0,0,0,0,0,0,0,0,0,0,0.0031,0,1e-04,0,1e-04,0,0,0,0,0.249,0,0,0,0,0,0,0.0438,0,0,0,0,0,0,0,0,0,0,0,0,0.002,0,0,0,0,0,0,0,0,0,0,0,0,0,0,0,0,0,2e-04,0,0.0101,0,0,0,0,0,0,0,0,0.0295,0,0,0,0,0,0,0,0,0,0,0,2e-04,0,0.0071,0,0,0,0,0,0,0,0,0,0,0,0,0,0.0316,0,0.0074,0,0,0,0,4e-04,0,0,0,0.0091,0,0,0,0,0,0,0,0,0,0,0,0,0.0114,0,0,0,0.0034,0,0,3e-04,0,3e-04,0,0,0,0,0,0.0117,0,0,0,0,0,0,0.0019,0,0,0,0,0,0.0023,0,0,0,0.0518,0,0,0,0,0,0,7e-04,0.0029,0,0,0,0,0,0,0.0793,0,0,0,0,0,0,0,0,0,0,0,0,0,1e-04,0,0,0,0,0,0,0.1012,0,0,0,0,0.0645,0.0116,5e-04,0,0,1e-04,0,0,0,0,0.0026,0,0.01,0,0.0088,0,0,0,0,0,0,0,0,0,3e-04,0,0,0,0,0.013,0,0,0,0,0,0,0,0,0,0,0,0.0059,0,0,0,0,0,0,0,0,0.0112,0,3e-04,0,0.0026,0,0,0,0,0,0,0,0,0,0,0.0505,0,0.0074,0,0,0,0,0,0,3e-04,0.1486,0,0,0,0,0,0,0,0,0,0,0,0,8e-04,0,0,0,0,0,0,0,0
0,0,0,0,0,0,0.00399920015996801,0.00669866026794641,0,0,0,0,0,0,0.0110977804439112,0,0.0001999600079984,0.0011997600479904,0,0,0,0.00709858028394321,0,0.000699860027994401,0,0.195160967806439,0,0,0.0176964607078584,0,0,0,0,0.0100979804039192,0.0002999400119976,0,0.00339932013597281,0,9.99800039992002e-05,0,0,0,0,0,0,0.00789842031593681,0,0,0,0,0,0,0,0,0,0,0,9.99800039992002e-05,0,0,0,0,9.99800039992002e-05,0,0,0,0.00749850029994001,0,0.00459908018396321,0,0.00459908018396321,0,0,0,0,0,0,0,9.99800039992002e-05,0,0,0,0.0268946210757848,0,0.0026994601079784,0.000699860027994401,0.0163967206558688,0,0,0.0030993801239752,0,0.014497100579884,0.0026994601079784,0,0,0.0021995600879824,0,0,0,0,0,0.00409918016396721,0,0,0.0026994601079784,0.000599880023995201,0.00689862027594481,0.00489902019596081,0,0,0,0,0,0,0.000599880023995201,0.0002999400119976,0.0028994201159768,9.99800039992002e-05,0,0,0.0126974605078984,0,0,0.000499900019996001,0.0010997800439912,0,0,0.00879824035192961,0,0,0.0808838232353529,0,0,0.00559888022395521,0.000599880023995201,0,0.00869826034793041,0,0,0,0.000399920015996801,0.001999600079984,0,0,0,0.0333933213357329,0,0,0.00519896020795841,0.0015996800639872,0,0,0,0,0,0,0,0,0,0,0,0.00969806038792242,0,0,0,0,0,0,0,0,0,0.00769846030793841,0,0.0001999600079984,9.99800039992002e-05,0,0.00979804039192162,0,0.0322935412917417,0,0,0.00869826034793041,0,0,0,0,9.99800039992002e-05,0.0001999600079984,0,0,0,0,9.99800039992002e-05,0,0,0,0.0160967806438712,0,0,0,0,0.00919816036792642,0,0,0,0,0,0,0,0.00879824035192961,0,0,0,0,0.000599880023995201,0.00729854029194161,0,0,0.00979804039192162,0,0.0208958208358328,0,0,0,0,0.00779844031193761,0,0,0.000699860027994401,0.0013997200559888,0.0115976804639072,0,0,0.0001999600079984,0,0,0,0.0028994201159768,0,0.0016996600679864,0,0,0.0211957608478304,0,0,0,0,0.00679864027194561,0,0,0,0,0.00859828034393121,0,0,0,0,0,0,0.00649870025994801,0,0,0,0,0,0,0,0,0,0.12247550489902,0,0,0.0218956208758248,0,0.0013997200559888,0,0,0.0002999400119976,0,0.0001999600079984,0,0,0.0987802439512098,0,0,0,0,0,0,0,0,0,0,0,0,0,0.0016996600679864,0,0,0.00589882023595281,0
0.00269892043182727,0,0,0,0,0,9.99600159936026e-05,0,0,0,0,0,0,0,0.00729708116753299,0,9.99600159936026e-05,0,0,0,0,0.00339864054378249,0,0.000499800079968013,0,0.107057177129148,0,0,0.00479808076769292,0.000299880047980808,0.0595761695321871,0,0,0.0203918432626949,0,0,0.00119952019192323,0.0351859256297481,0.00169932027189124,0,0,0,0.0136945221911235,0,0,0.00989604158336665,0,0,0,0,0.0111955217912835,0,0,0,0.000499800079968013,0,0,0,0,0.00649740103958417,0,0,0,0,0,0,0.00119952019192323,0,0,0,0,0,0,0,0,0.0205917632946821,0,0,0,0.0101959216313475,0,0,0.000699720111955218,0,0,0.00299880047980808,0,0.000199920031987205,0,0,0,0.000899640143942423,0,0,0,0.00039984006397441,0,0,0,0,0,0.00149940023990404,0,0,0.00349860055977609,0,0,0.0521791283486605,0,0.0125949620151939,0,0,9.99600159936026e-05,0.00679728108756497,0,0.00549780087964814,0,0.0038984406237505,0.0340863654538185,0.00129948020791683,0.0166933226709316,0,0,0,0,0,0,0,0,0,0.0284886045581767,0,0,0,0,0,0.0119952019192323,0,0,0,0.000299880047980808,0,0,0,0,0,0,0,0,0,0,0,0,0,0,0,0,0,0,0.00459816073570572,0,0.0196921231507397,0,0,0,0,0,0,0,0,0.000599760095961615,0.00039984006397441,0,0,0,0,0.0122950819672131,0.0156937225109956,0.00899640143942423,0,0,0.0103958416633347,0,0,9.99600159936026e-05,0,0,0,0,0,0,0.00989604158336665,0,0,0,0,0.0146941223510596,0.0708716513394642,0,0,0,0,0,0,0,0,0,0,0.000199920031987205,0,0,0,0,0,0,0.00609756097560976,0.00729708116753299,0,0.0217912834866054,0,0,0,0,0,0.000199920031987205,0,0,0,0,0.00929628148740504,0,0,0,0.000599760095961615,0,0,0,0,0,0.000199920031987205,0,0,0.0261895241903239,0,9.99600159936026e-05,0,0,0,0,0,0,0,0,0,0.0101959216313475,0.000699720111955218,0.00199920031987205,0,0,0,0,0,0,0.000599760095961615,9.99600159936026e-05,0,0,0,0.00199920031987205,0.0106957217113155,0,0,0.00589764094362255,0,0,0,0,0,0,0.198720511795282,0,0.000299880047980808,0.0148940423830468,0,0,0.000199920031987205,0,0,0,0,0,0,0,0,0,0,0.000599760095961615,0,0,0.0106957217113155,0
0,0,9.9930048965724e-05,9.9930048965724e-05,0,0,0,0.000899370440691516,9.9930048965724e-05,0,0.000299790146897172,0.000299790146897172,0,0.0078944738682922,9.9930048965724e-05,0,0,0,9.9930048965724e-05,0.00099930048965724,0.0020985310282802,0.000199860097931448,0,0,0,0.0511641850704507,0,0,0.000899370440691516,0,0,0.000399720195862896,0.000299790146897172,0.00149895073448586,0.00339762166483462,0,0.00179874088138303,0.02967922454282,0,0,9.9930048965724e-05,0,0,0.00569601279104627,0,0.0703507544718697,0,0.00049965024482862,0,0,0,0,0,0,0.00369741181173179,0.000199860097931448,9.9930048965724e-05,9.9930048965724e-05,0.00049965024482862,0.0114919556310583,9.9930048965724e-05,0.00049965024482862,9.9930048965724e-05,0,9.9930048965724e-05,0.00349755171380034,0.00479664235035475,0,0,0,0.00879384430898371,0,0,0.00119916058758869,0.0172878984710703,0,0,0,0,0.0213850304786649,9.9930048965724e-05,9.9930048965724e-05,0,9.9930048965724e-05,0.00479664235035475,0,0,0,0,0.00219846107724593,0.0407714599780154,0.00239832117517738,9.9930048965724e-05,0,0.00119916058758869,0,0,0,0.00439692215449186,0,9.9930048965724e-05,0,0,0.00519636254621765,9.9930048965724e-05,0.000699510342760068,0.00319776156690317,0.00159888078345158,0,0.0340761466973119,0.000299790146897172,0.0049965024482862,0,0.000299790146897172,0,0,0,0,0.0121914659738183,9.9930048965724e-05,0.00419706205656041,0.00109923053862296,0,0,0.00099930048965724,0.0268811831717798,0,0,0.000199860097931448,0.00339762166483462,0.0573598481063256,0.00679524332966923,0,0,0,0,0,0,0,0.000299790146897172,0,0,0.00199860097931448,0,0,0,0.00189867093034876,0.000599580293794344,0.00239832117517738,0.000599580293794344,0,0.00909363445588088,0,0,0,0,0,0,0.00719496352553213,0.0024982512241431,0,0.00169881083241731,0.00049965024482862,0.123613470570601,0,0.0099930048965724,0,0,0,0,0,0,9.9930048965724e-05,0,0,0,0.00129909063655441,0.000599580293794344,0.0291795742979914,0.000599580293794344,0.000199860097931448,0.000899370440691516,0,0,0.000699510342760068,0,0,0,0.00369741181173179,0,0,0.00259818127310882,0,0,0.000799440391725792,0,0,0.00199860097931448,9.9930048965724e-05,0,0,0.000599580293794344,0,0.0562606175677026,0,0.00109923053862296,0,0,0,0,0.00139902068552014,0,0.00759468372139502,0,0.00119916058758869,0.00259818127310882,0.00629559308484061,0.00229839112621165,0,0.000199860097931448,0.00119916058758869,0,0.000899370440691516,0,0,0,0.0127910462676127,0,0.00279804137104027,0.00769461377036075,0.0215848905765964,9.9930048965724e-05,0,0.0480663535525132,0,0.000199860097931448,0,0,0,0,0,0,0.045967822524233,0,0,0,0,0.000299790146897172,0.00049965024482862,9.9930048965724e-05,0.00399720195862896,9.9930048965724e-05,0.00099930048965724,0,0.000299790146897172,0.00319776156690317,0,9.9930048965724e-05,0.000899370440691516,0.0134905566103727,0.000699510342760068,0.00259818127310882,0,0.000199860097931448,0,9.9930048965724e-05,0,0,0,0.0049965024482862,0,0,9.9930048965724e-05,0,0,0,0,0.000199860097931448,0.00309783151793744,0.000299790146897172,0,0,0.0277805536124713,0,0,0,0,0,0.00769461377036075,0.00519636254621765,0,0,0,0,0.0170880383731388,0,0,0.00359748176276606,0,0.00359748176276606,0
0,0,0,0,0,0,0.0001999600079984,0.0030993801239752,0,0,9.99800039992002e-05,9.99800039992002e-05,0.0001999600079984,9.99800039992002e-05,0.00249950009998,0.0001999600079984,9.99800039992002e-05,0,0,0,0.000599880023995201,9.99800039992002e-05,0,0,0.0001999600079984,0.0991801639672066,0,9.99800039992002e-05,9.99800039992002e-05,0,0.0251949610077984,0,0.000499900019996001,0.0001999600079984,0.000399920015996801,0,0.000899820035992801,0.0002999400119976,9.99800039992002e-05,0,0.0001999600079984,0,0,0.010997800439912,0,0.00879824035192961,0,0,0,0,9.99800039992002e-05,0,0,0,9.99800039992002e-05,9.99800039992002e-05,0,0,0,0.0018996200759848,0,0.0001999600079984,0,0,0,9.99800039992002e-05,0.0116976604679064,0,0,0.00429914017196561,0.001999600079984,0,0,0.000999800039992002,0,0,0,0,0,0.00249950009998,0,0.0001999600079984,0,0,0,0.0010997800439912,0.0011997600479904,0,0,0.0002999400119976,0.00399920015996801,0.0002999400119976,0.0013997200559888,0,0,0,0,0,0.00529894021195761,0.0027994401119776,0,0,0,0,0.000399920015996801,0.000799840031993601,0,0.0312937412517496,0,0.0191961607678464,0,0,0,0.000599880023995201,0,0.0001999600079984,0.0028994201159768,0.0002999400119976,9.99800039992002e-05,0,0.00339932013597281,0,0,0.000799840031993601,0.0011997600479904,0,0,0,0,0,0.026994601079784,0.0002999400119976,0.00509898020395921,0,0.000699860027994401,0,0.000399920015996801,0,0,0,0.000399920015996801,0.0002999400119976,0,0,0,0,0.0001999600079984,0,0.0022995400919816,0,0,0,0.0015996800639872,0,9.99800039992002e-05,0,0,0,0.0030993801239752,0.0027994401119776,0.00729854029194161,0.00429914017196561,0,0.0142971405718856,0,0,0,0,0,0.0022995400919816,0,0.000599880023995201,0.0012997400519896,0,0,0,0.00759848030393921,0.002999400119976,0.00339932013597281,0,0,0,0,0,0,0,0.000799840031993601,0.0016996600679864,0.000499900019996001,0,0,0.000599880023995201,9.99800039992002e-05,0,0,0.00409918016396721,0.00729854029194161,0.0106978604279144,0,0,0,0.0017996400719856,0,0.0221955608878224,0,0,0,0,9.99800039992002e-05,0,0.00869826034793041,0,0,0,9.99800039992002e-05,0.00499900019996001,0.00469906018796241,0.0002999400119976,0,0.000499900019996001,0,0,0.0018996200759848,0,0,0.00929814037192562,0.00599880023995201,0,0.00489902019596081,0.0011997600479904,9.99800039992002e-05,0,0.000999800039992002,0.00679864027194561,0,0.000399920015996801,9.99800039992002e-05,0,0,0,0,0,0.0482903419316137,0,0.0002999400119976,0,0,0,0,0,0,0,0.0013997200559888,0,0.001499700059988,0.000499900019996001,0.000699860027994401,0,9.99800039992002e-05,0.000699860027994401,0.000499900019996001,0,0,0.000399920015996801,0,0,0,0.0002999400119976,0,0.353529294141172,0.00569886022795441,0,0.00469906018796241,0,0,0,9.99800039992002e-05,0,0.000399920015996801,0.115376924615077,0,0,9.99800039992002e-05,0,0,0,0,0,0.0160967806438712,0,0,0,0,0,0.000799840031993601,0.000599880023995201,0.0001999600079984,0,0,0.0021995600879824,0
0,0,0,0,0,0,0,0,0,0,0,0,0,0,0,0,0,2e-04,0,0,0,0.003,0,1e-04,0,0.1933,0,0,5e-04,0.0011,0,0,0,0.0021,0,0,0,0.0081,0,0,0,0,0,0,0,0.0037,0,0,5e-04,0,5e-04,0,0,0,0,0,0,0,0,0.0043,4e-04,0,0,0.0018,0,0,0.003,0,0,0,0,0,0,0,0,0.0019,0,0,0,0.0015,0,1e-04,0.0027,0,0,1e-04,3e-04,0,0,0,0,3e-04,0,0,0,0,0,0,0,0,0,1e-04,0,0,0,0,0,0.2044,0,0,0,0,0,0.0335,0,0,0,0,0.01,0,0,0,0,1e-04,0.0042,0,2e-04,0,0,0,0,0,0,0,0,0.0048,4e-04,0,0,0,8e-04,0,0,0,0.0368,0,0.0013,0,0,0,0,0,0,1e-04,0,0,0,0,0,0,0,0,0,0,0,0,0,0,0,0,5e-04,0,1e-04,0,0,0,0,0,0.0608,4e-04,0,0,0,0,2e-04,0,0,0,0,0,0,0.0058,0,0,0,0,0,0,0,0,0,0,0,0.0031,0,0.033,3e-04,0,0,0,2e-04,0,0,0,6e-04,0,0.0197,0,2e-04,0,0.0051,0,0,0,0,0,0,0,0,0,0,0,0,0.0532,0,0,0,0,0,8e-04,0,0,0,0,1e-04,0.0089,1e-04,0,0,0,0,0,0.004,0,0,0.001,9e-04,0,0,0.0017,0,0,0,2e-04,0,0,0,0,0.0022,0.0479,0,0,0,0,1e-04,0,0,0,0,0.2047,0,0,0.0135,0,0,0,0,0,0,0.0026,0,0,0.0014,0,0,0,5e-04,0,0,0,0
0,0,0,0,0,0,0,0,0,0,0,0,0,0,0.0072007200720072,0,0,0,0,0,0,0.0023002300230023,0.0001000100010001,0,0,0.167916791679168,0.0001000100010001,0,0.0003000300030003,0.0147014701470147,0,0,0,0,0,0,0,0.0137013701370137,0,0,0,0,0,0.0057005700570057,0,0.0062006200620062,0,0,0,0,0,0,0,0,0,0,0,0,0,0,0,0.0008000800080008,0.0001000100010001,0,0,0,0,0,0,0,0.0016001600160016,0,0,0.018001800180018,0,0,0,0,0,0.0069006900690069,0,0,0,0,0.0042004200420042,0,0,0,0,0,0.0001000100010001,0.0018001800180018,0.0012001200120012,0,0,0,0,0,0.0027002700270027,0,0,0.0004000400040004,0,0,0,0,0.0032003200320032,0.0043004300430043,0,0.0017001700170017,0,0,0,0,0,0,0.0289028902890289,0.0001000100010001,0.0019001900190019,0.0001000100010001,0.0124012401240124,0,0,0,0,0,0,0,0,0,0.0591059105910591,0.0001000100010001,0,0,0,0,0.0001000100010001,0,0,0,0.0003000300030003,0.0003000300030003,0,0,0,0,0,0,0,0.0012001200120012,0,0,0,0,0.0002000200020002,0,0,0,0,0.0067006700670067,0,0.0133013301330133,0,0.0001000100010001,0,0,0,0,0,0,0,0.0005000500050005,0.0001000100010001,0,0,0,0.004000400040004,0.0085008500850085,0,0,0,0,0,0.0012001200120012,0,0,0,0,0.0004000400040004,0,0,0.0273027302730273,0.0001000100010001,0,0,0,0.01000100010001,0.0105010501050105,0.0001000100010001,0,0,0,0,0,0,0,0,0,0,0,0,0,0,0,0.0001000100010001,0.004000400040004,0,0.0005000500050005,0,0,0.0035003500350035,0,0.019001900190019,0,0,0,0,0,0,0,0.0042004200420042,0,0,0.0534053405340534,0,0,0,0,0,0.0006000600060006,0,0,0.0245024502450245,0,0,0,0,0,0,0,0.0003000300030003,0.0008000800080008,0,0,0,0.0076007600760076,0.0031003100310031,0,0,0.0056005600560056,0,0,0,0.0003000300030003,0.0098009800980098,0,0,0.0312031203120312,0.0044004400440044,0.0043004300430043,0,0,0.0009000900090009,0,0,0,0,0,0.0001000100010001,0.323932393239324,0,0.0008000800080008,0.0161016101610161,0,0,0,0.003000300030003,0,0,0.0064006400640064,0,0,0,0,0.011001100110011,0,0,0,0,0.0076007600760076,0.0002000200020002
0,0,0,0,0,0,9.99700089973008e-05,0.00129961011696491,0,0,0.000199940017994602,0,0,0,0.0104968509447166,0.000599820053983805,0,0,0,0,0.000899730080975707,0.00139958012596221,0,0.00149955013495951,0,0.16185144456663,0,0,0.00489853044086774,0,0.00499850044986504,0.000899730080975707,0.000999700089973008,0.0115965210436869,0,0,0.000499850044986504,0.0100969709087274,0,0,0,0,0,0.000899730080975707,0,0.0878736379086274,0,0.000299910026991902,0,0,0,0,0,0,0,0.000299910026991902,0,0,0,0.0163950814755573,0,0.000199940017994602,0,9.99700089973008e-05,0,0.00179946016195141,0.00549835049485154,0,0,0.00509847045886234,0.00259922023392982,0,9.99700089973008e-05,0.0223932820153954,0.000199940017994602,0,0,0,0,0.014295711286614,0,0.000399880035989203,0.00629811056682995,0,0,0.000999700089973008,0,0.00119964010796761,0,0.00139958012596221,0,0.00459862041387584,0,0,0,0.000999700089973008,0,0,0.00699790062981106,0,0,0,0,0.00129961011696491,0,0.000399880035989203,0.0115965210436869,0.0678796361091673,0,0.00349895031490553,0,9.99700089973008e-05,0,0.0166949915025492,0.000799760071978406,0.00159952014395681,0.00169949015295411,0,0.0196940917724683,0,0.00299910026991902,0,0,0,0.00109967009897031,0,0,0.000999700089973008,0.000899730080975707,0,0.0306907927621713,0.00119964010796761,0,0.00719784064780566,0.000299910026991902,0,0,0,0,0.000599820053983805,0.000299910026991902,0,0,0.000199940017994602,0,0,0.000999700089973008,0,0.00169949015295411,0.00379886034189743,0.00239928021593522,0.00349895031490553,0,0.000199940017994602,0,0,0,0,0.00559832050384884,0.00749775067479756,0,0.00199940017994602,0,0.0399880035989203,0,0.0146955913226032,0,0,0,0,0,0.00229931020693792,9.99700089973008e-05,0,0.000299910026991902,0,0.00439868039588124,0.00259922023392982,0.00699790062981106,0.000299910026991902,0.00109967009897031,0,9.99700089973008e-05,0,0.000299910026991902,0,0,9.99700089973008e-05,0.00559832050384884,0,0.000299910026991902,0.00399880035989203,0.000199940017994602,0,0,9.99700089973008e-05,0.00909727081875437,0,0,0,0,0.00309907027891633,0,0.00249925022493252,0.000399880035989203,0.00159952014395681,0,0,0,0.00159952014395681,0,0,0.0115965210436869,0,0.000399880035989203,0.0125962211336599,0.0110966709987004,0.000199940017994602,0,0,0.00319904028791363,0.0180945716285114,0,0,0,0,0,0,0.0166949915025492,0.00169949015295411,0.00179946016195141,0.000499850044986504,0,0.0113965810256923,0,0,0.00339898030590823,0.00159952014395681,0,0,0,0,0.0140957712686194,0,0,0,0,0,0,0,0.0101969409177247,0.00449865040487854,0.00119964010796761,9.99700089973008e-05,0.00319904028791363,0.0153953813855843,0,0,0,0,0.000399880035989203,0,0,0,9.99700089973008e-05,0,0,0,0,9.99700089973008e-05,0,0.00349895031490553,0.000799760071978406,0,0.000499850044986504,0,0,0.000499850044986504,0.000199940017994602,0.111366590022993,9.99700089973008e-05,0,0.00679796061181645,9.99700089973008e-05,0,0,0,0.00709787063880836,0.00249925022493252,0,0,0,9.99700089973008e-05,0,0.0194941517544737,9.99700089973008e-05,0.00139958012596221,0.00449865040487854,0,0.00289913026092172,0
0,0,0,0,0,0,0.0135986401359864,0.027997200279972,0,0,0,0,0,0.0178982101789821,0,0.0018998100189981,0,0,0,0,0,0,0,0.0047995200479952,0,0,0,0.0001999800019998,0.0458954104589541,0,0,0,0,0,0,0,0.0001999800019998,0,0,0,0,0,0,0,0,0,0,0,0,0,0,0,0,0,0,0,9.99900009999e-05,0.0007999200079992,0,0,0,0,0.0007999200079992,0,0,0,0,0,0.0022997700229977,0.017998200179982,0,0,0,0,0,0,0,0,0,0,0,0,0,0,0.0165983401659834,0.0006999300069993,9.99900009999e-05,0,0,0,0,0.0033996600339966,0.001999800019998,0,0,0,0,0,0,0,0,0.0013998600139986,0,0,0,0,0,0.337466253374663,0,0,0,0,0,0,0,0,0,0,0.0626937306269373,0,0,0,0,0.0001999800019998,0,0,0,0,0,0,0,0.0308969103089691,0,0,0.0005999400059994,0,0.0005999400059994,0,0,0.0003999600039996,0.0042995700429957,9.99900009999e-05,0,0.0001999800019998,0,0,0,0,0,0,0,0,0,0,0,0.0038996100389961,0.0056994300569943,0,0,0,0,0,0,0,0,0,0,0,0,0,0,0,0,9.99900009999e-05,0,0,0,0,0,0,0,0,0,0,0,0.0001999800019998,0,0,0,0,0,0.0121987801219878,0.0003999600039996,0,0,0.0001999800019998,0,0,0,0,0,0,0,0,0,0,0,0,0,0,0,0,0,0,0,0,0.0317968203179682,0,0,0,0,0,0,0,0,0,0,0,0,0,0,0,0,0.110888911108889,0,0,0,0,0,0.0127987201279872,0,0,0,0,0.0011998800119988,0,0,0,0,0,0,0,0,0,0,0,0,0,0,0,0.0014998500149985,0,0,0.0010998900109989,0,0.0010998900109989,0,0,0,0.214578542145785,0,0,0,0,0.0045995400459954,0,0,0,0,0,0,0,0,0.0002999700029997,0,0,0,0.000999900009999,0,0,0,0,0,0,0,0,0.0002999700029997,0,0,0,0
0,0,0,0,0,0,9.99800039992002e-05,0,0,0,0,0,0,0,0,0,0,0,0,0,0,0,0,0,0,0.0013997200559888,0,0,0.000399920015996801,0,0,0,0,0.0011997600479904,0,0,0,0,0,0,0,0,0,0,0,0,0,0,0,0,0,0,0,0,0,0,0,0,0,0.0545890821835633,0,0,0,0,0,0,0,0,0,0,0,0,0,0,0,0,0,0,0,0,0,0,0,0,0,0,0,0,0,0,0.351029794041192,0,0.0018996200759848,0,0,0,0,0,0.000599880023995201,0,0,0,0,0,0,0.0012997400519896,0,0.113877224555089,0,0,0,0,0,9.99800039992002e-05,0.0012997400519896,0,0.000999800039992002,0,0.00569886022795441,0.0002999400119976,0.00459908018396321,0,0,0,0.0002999400119976,0.00669866026794641,0,0,0,0,0.0341931613677265,0,0,0,0,0,9.99800039992002e-05,0,0,0,9.99800039992002e-05,0,0,0,0,0,0,0,0.0015996800639872,0,0,0,0.000599880023995201,0,0,0,0,0,0,0,0,0,0,0,0,0,0,0,0,0,0,0,9.99800039992002e-05,0,0,0,0.00349930013997201,0.0110977804439112,0,0,0,0,0,0,0,0,0,0,0,0,0,0.0017996400719856,0,0,0,0,0,0.0417916416716657,0,0,0,0,0,0,0,0,0,0,0,0,0,0,0,0,0,0.00339932013597281,0,0,0.0358928214357129,0.000899820035992801,0,0,0,0,0,0,0,0,0,0.0167966406718656,0,0,0,0,0,0,0,0,0,0,0,0.000599880023995201,0.0393921215756849,0,0,0,0,0,0,0,0,0,0,0,0,0,0,0,0,0,0,0,9.99800039992002e-05,0,0,0,0,0,0,0.247950409918016,0,0,0.001499700059988,0,0,0,0.00569886022795441,0,0,0,0,0,0.00439912017596481,0,0,0,0,0,0,0,0,0,0,0,0.001999600079984,0,9.99800039992002e-05,0,0,0,0
0,0,0.000499450604335231,0,0,0,9.98901208670463e-05,0.0012985715712716,0,0,0.000199780241734093,0,0,0.0205773648986115,0.0012985715712716,0,0,9.98901208670463e-05,0,0,0,0.000299670362601139,0,0,0,0.171211667166117,0,0,0,0,0.0101887923284387,0,0,0.00759164918589551,0,0,0.0119868145040456,0,0,0,0,0,0,9.98901208670463e-05,0,0,0,0.000199780241734093,0,0,0,0,9.98901208670463e-05,9.98901208670463e-05,0,0.000199780241734093,0,0,0,0.00079912096693637,0,0,0,0.00689241833982619,0,0,0.00699230846069324,0,0,0,0.000199780241734093,0,0,0.000499450604335231,0,0,9.98901208670463e-05,0,0,0.000199780241734093,0,0,0.00329637398861253,0,9.98901208670463e-05,0,0.00679252821895915,0,0,0.00079912096693637,0,0.000199780241734093,0.00549395664768754,0,0,0,0,0,0.000499450604335231,0,0,0,0,0,0,0.00139846169213865,0,0.00589351713115573,0,0.00109879132953751,0,0,0,0.00189791229647388,0,0.000299670362601139,0,0,0.00429527519728299,9.98901208670463e-05,0.00509439616421936,0,0,0.000199780241734093,0.0243731894915593,0,0,0,0,0.010788133053641,0,9.98901208670463e-05,0,0.0145839576465888,0.000699230846069324,0,0.000299670362601139,0,0,0,0.00229747277994206,0,0,0,0,0,0.00079912096693637,0,0.00219758265907502,0,0,0,0,0.00299670362601139,9.98901208670463e-05,0,0.000499450604335231,0,0.000199780241734093,0,0,0.00399560483468185,0,0,0,0,0,0,0,9.98901208670463e-05,0,0,0,0,0,0,0.00958945160323644,9.98901208670463e-05,0.00079912096693637,0,0,0,0,0,0.000299670362601139,0,0,0,0,0,0,0.00449505543901708,0,0,0,0,0.000998901208670463,0.0038957147138148,0,0,0,0,0,0,0,0,0,0,0,0,0.0609329737288982,0,0.00119868145040456,0,9.98901208670463e-05,0.0027969233842773,9.98901208670463e-05,9.98901208670463e-05,0.0233742882828888,0,0.00139846169213865,0.0267705523923684,0,0,0,0,0,0,0.000199780241734093,0.00489461592248527,0.000299670362601139,0.00179802217560683,0,0.0102886824493058,0,0,0.000199780241734093,0.00299670362601139,0,0.00119868145040456,0,0,0.017181100789132,0,0,0,0,0,0,0,0.000199780241734093,0,9.98901208670463e-05,9.98901208670463e-05,0.000599340725202278,0.0146838477674558,0.00119868145040456,0,9.98901208670463e-05,0,0.000499450604335231,0,0,0,0,0,0,0,0.000998901208670463,0.000499450604335231,0,0,0.311157726500849,0,0.00938967136150235,0,0,0.000199780241734093,9.98901208670463e-05,0.0859055039456598,9.98901208670463e-05,0,0.0463490160823095,0,0,0,0,0,9.98901208670463e-05,0.000299670362601139,0,0,0,0,0.0025971431425432,9.98901208670463e-05,0.00239736290080911,0,0,0.00309659374687843,0
0,9.99100809271655e-05,0,0,0,0,0.0025976621041063,0.000699370566490159,0.114596862823459,0,0,0,0,0,0.000199820161854331,0,0,0.000199820161854331,0,0,0.00109901089019882,0.00429613347986812,0,0.000499550404635828,0.00129883105205315,0.207912878409432,0.000199820161854331,0,0.00379658307523229,0.000499550404635828,0.0222799480467579,0,0,0.0221800379658308,0,0,0.00199820161854331,0.0270756319312619,0.000399640323708662,0,9.99100809271655e-05,0,0,0.0176840843241083,0,0.0511539614347088,0,9.99100809271655e-05,0,9.99100809271655e-05,0,0,9.99100809271655e-05,0,0,0,0,0,0,0.00479568388450395,0.000399640323708662,0.000499550404635828,0.000299730242781497,0,0,0,0.0119892097112599,0,0.000999100809271655,0,0,0,0,0.000799280647417324,0,0,0,0,0,0.00129883105205315,9.99100809271655e-05,0,0.0092916375262264,0.000199820161854331,0.00479568388450395,0.0025976621041063,0.00729343590768308,0.000199820161854331,0,0.00239784194225197,0.000499550404635828,0,0,0,0,0.000499550404635828,0,0,0.00529523428913977,0,0,9.99100809271655e-05,0,0,0.000299730242781497,0,0.00409631331801379,0.0057947846937756,0,0,0,0,0,0.00139874113298032,0,9.99100809271655e-05,0,0,0.010890198821061,9.99100809271655e-05,0,0,0,9.99100809271655e-05,0.010890198821061,9.99100809271655e-05,0,0,0.000199820161854331,0.00569487461284844,0.0031971225896693,0.0101908282545709,0,0,0,9.99100809271655e-05,9.99100809271655e-05,0,0,0,0.000699370566490159,0,0,0,0,0,0,0,0,0,0.00089919072834449,0.000199820161854331,0,0,9.99100809271655e-05,0,0,9.99100809271655e-05,0,0.0163852532720552,0,0,0.000599460485562993,0,0,0,0,9.99100809271655e-05,0,0,0,0,0,0,0,0,0,0.0196822859426516,0.0388650214806674,0.00269757218503347,0.000599460485562993,0,0,0,0.00439604356079528,0,0,0,0,0,0,0,0.000399640323708662,9.99100809271655e-05,0.00189829153761615,0,0,0,0,0,0,0,0,9.99100809271655e-05,0.0242781496653012,0.00759316615046458,0.00159856129483465,0,9.99100809271655e-05,0.000699370566490159,0,0,0,0,0.00179838145668898,0,0.0181836347287441,0.00229793186132481,0.0182835448096713,0,0,0.00359676291337796,0,0.000299730242781497,0,9.99100809271655e-05,0,0,0.00379658307523229,0,0.00979118793086222,0,0,0.0228794085323209,0,0,0,0,0,0.00159856129483465,0,0,0.00639424517933859,0,0,0,0,0.000299730242781497,0.000199820161854331,0,0.00119892097112599,0.000199820161854331,0.00349685283245079,9.99100809271655e-05,0.000799280647417324,0.00539514437006694,0,0,0.00779298631231891,0.000799280647417324,0,0.00199820161854331,0,0.000499550404635828,0,0,0,0.0203816565091418,0.00229793186132481,0.000399640323708662,0,0,0.0231791387751024,0,0,0,0,0,0.00519532420821261,0.0653411929263663,0,0,0.0366669997002698,0,0,0,0,0.000299730242781497,0,0.000999100809271655,0,0,0,0,0.00419622339894095,0,0.000199820161854331,0,0,0.0181836347287441,0
0,0.000599340725202278,0,0,0,0,0.00329637398861253,0,0,0,9.98901208670463e-05,0,0,0,0.0667266007391869,0,0,0,9.98901208670463e-05,0,0.000699230846069324,0.000399560483468185,0,0,0,0.343122565178304,0,0,0.0373589052042753,0,0,0,0.000399560483468185,0.000299670362601139,0.000499450604335231,0,0,0.0040954949555489,0,0,0,0,0,0.0012985715712716,0,0.000998901208670463,0,0,0,0,9.98901208670463e-05,0,0,0,9.98901208670463e-05,0,0,0,0,0,0,0.00079912096693637,0.000199780241734093,9.98901208670463e-05,0,0,0.00109879132953751,0,0.00169813205473979,0,0.00079912096693637,0,0,0,0,0,0,0,0,9.98901208670463e-05,0,0,9.98901208670463e-05,0,0,9.98901208670463e-05,0.000199780241734093,0,0,0.0040954949555489,0,0.0673259414643892,0,0,0,0,0,0,0.000199780241734093,0,0,0.0038957147138148,0,0,0,0,0,0.187993207471781,0,0.0133852761961842,0,0.000199780241734093,0,9.98901208670463e-05,0,0,0.00369593447208071,0,0.0025971431425432,0,0,0,0,0,0.0025971431425432,0,0.00079912096693637,0,9.98901208670463e-05,0,0.040954949555489,0.00079912096693637,9.98901208670463e-05,0,0,0,0,0.000399560483468185,0,0,0,0.000299670362601139,0,9.98901208670463e-05,9.98901208670463e-05,0,0.000199780241734093,0,0,0.000199780241734093,0,0,0,0,0,0,0,0,0,0.000499450604335231,0,0.00679252821895915,0,0,0,0.0271701128758366,0,0.00349615423034662,0,0.000699230846069324,0,0,9.98901208670463e-05,0,0,0,0.00659274797722505,9.98901208670463e-05,0.000199780241734093,0,0,0,0,0.000599340725202278,9.98901208670463e-05,0,0,0,0,0,0,0.000399560483468185,0,0,0,0.000199780241734093,0.00079912096693637,0.0163819798221956,0,0,0,0,0,9.98901208670463e-05,0,0.00119868145040456,0,0,0,0,0.00489461592248527,0,0,0,9.98901208670463e-05,0,9.98901208670463e-05,9.98901208670463e-05,0,0,0.00289681350514434,0,0,0,0,0,9.98901208670463e-05,0,0,0,9.98901208670463e-05,0,0,0.043252422335431,0,0,0,0.000399560483468185,0,9.98901208670463e-05,0,0,0,0,0,0,0,0,0,0,0,9.98901208670463e-05,0.000199780241734093,9.98901208670463e-05,9.98901208670463e-05,9.98901208670463e-05,0.000499450604335231,0,9.98901208670463e-05,0.000998901208670463,0,0,0,0.000199780241734093,0,0,0,0,0.000199780241734093,0.0115872540205774,0.00169813205473979,9.98901208670463e-05,0.0144840675257217,0,0,0,0,0,9.98901208670463e-05,0.0427529717310958,0,0,0.00519428628508641,0,0,0,0,0.000199780241734093,0.00239736290080911,0.00319648386774548,0,0,0,0,0,0,0.00119868145040456,0.00149835181300569,0,0,0
0,0,0,0,0,0,9.98901208670463e-05,0.000699230846069324,0,0,0,0,0,0.0126860453501149,0.000199780241734093,0,0,0,0,0,0.00479472580161822,0.00139846169213865,0,9.98901208670463e-05,0.00079912096693637,0.229547497752472,0,0,0.000299670362601139,0,0.010888023174508,0,0,0.00319648386774548,0,0,0.000599340725202278,0,9.98901208670463e-05,0,9.98901208670463e-05,0,0,0.000899011087803416,0,0.00589351713115573,0,0,0,0,0,0,0,0,0.00149835181300569,0,0.000299670362601139,9.98901208670463e-05,0,0.0225751673159525,0,0.00079912096693637,0,0,0,0,0.0545400059934073,0,0,0,0.0118869243831785,0,0,0.000599340725202278,0,0,0,0,0,0.0120867046249126,0.000399560483468185,0,0,0,0.000399560483468185,0,0,0,9.98901208670463e-05,0.00199780241734093,0.00709219858156028,0,9.98901208670463e-05,0,0,0.00119868145040456,0,0,0.0040954949555489,0,0,0,0,0,0,0.00209769253820797,0.00859055039456598,0.0182798921186695,0.000399560483468185,0.023773848766357,0,0,0,0.00249725302167616,0,0,0.00159824193387274,9.98901208670463e-05,0,9.98901208670463e-05,0.00599340725202278,0,0,0.00309659374687843,9.98901208670463e-05,0.0272700029967036,0,0,0,0,0.0202776945360104,0.000899011087803416,0,0,0,0,0.00649285785635801,0,0,0,0.00229747277994206,9.98901208670463e-05,0,0,0,0,0,0,0,0.00359604435121366,0,0.00319648386774548,0,0,0,9.98901208670463e-05,0,0,0,0,0,0,0,0.197882329437619,0,0.0119868145040456,0,0,0,0,0,0,9.98901208670463e-05,0,0,0,0.00459494555988413,0.00249725302167616,0,0,0,0,0,0,0,0,0,0.0220757167116172,0,0,0,0.00459494555988413,9.98901208670463e-05,0,0,9.98901208670463e-05,0.000699230846069324,0.00209769253820797,0,0,0,0,0,0,0,0,0,0,0.000199780241734093,0.000199780241734093,0,0,0,0.000899011087803416,0,0,0.00709219858156028,0,0.0012985715712716,0.000199780241734093,0,0,0.0012985715712716,0,0.000299670362601139,0,0.0012985715712716,0,0.00809109979023075,0.0106882429327739,0.00309659374687843,0,0.000599340725202278,0.00719208870242733,0,9.98901208670463e-05,0,0,0.000199780241734093,0,0,0,0.0218759364698831,0,0,0,0,0,0,0,0.00849066027369893,0,0.00119868145040456,0,0,0,0,0.000199780241734093,0,0,0,0,0.000299670362601139,0,0,0,0,0.00359604435121366,0,9.98901208670463e-05,0,0,0.000699230846069324,0,0,0,0.000199780241734093,0,0,0.134851663170512,0,0.000199780241734093,0.00649285785635801,0,0,0,0,0.000299670362601139,0,0.00559384676855459,0,0,0,0,0.00199780241734093,0,0.00149835181300569,0,0,0,0
0,0,0,0,0.000199940017994602,0,0.0111966410076977,0,0,0,0,0,0,0,0.000799760071978406,0,0,0,0,0,0.00229931020693792,0,0,0,0,0,0,0,0.000399880035989203,0.000299910026991902,9.99700089973008e-05,0,0,0,0,0,0.000599820053983805,0.0362891132660202,0,0,0,0,0,0,0,0.0169949015295411,0,0,0.00199940017994602,9.99700089973008e-05,0,0,0,0,0,0,0,9.99700089973008e-05,0,0.0108967309807058,0,0,9.99700089973008e-05,0,0,0,0.00519844046785964,0.000599820053983805,0,0.00369889033290013,0,0,0,0.00209937018894332,0,0,0,0,0,0,0,0,0,0,0,0,0,0,0,0.0252924122763171,0,0.000799760071978406,0,0,0,0,0,0,0.00179946016195141,0,0,0,0,0,9.99700089973008e-05,0,0,0.0407877636708987,0,0.00279916025192442,0,0,0,0.0129961011696491,0,9.99700089973008e-05,0,9.99700089973008e-05,0.018594421673498,9.99700089973008e-05,0,0.000599820053983805,0,9.99700089973008e-05,0,0,0,0,0,0,0,0.011296611016695,0,0,0,0,0.000199940017994602,0,0,0,0,0,0,0,0,0,0,0,0,0,0.00229931020693792,0.00119964010796761,9.99700089973008e-05,0,0.000299910026991902,0,0,0,0,0.00369889033290013,0,0,0,0,0,0,0,0,0,0,0.000599820053983805,0,0.252924122763171,0,0,0,0,0.018594421673498,0.00359892032390283,0,0,0,0,0,0,0,0.000199940017994602,0.00669799060281915,0,0,0,0.0341897430770769,0,0,0,0,0,0,0,0,0,0,0,0,0,0.00499850044986504,0.00129961011696491,0,0,9.99700089973008e-05,0,0,0,0.000299910026991902,0.00109967009897031,0,0.00349895031490553,0,0,0,0,0.00479856043187044,0,0,0.000199940017994602,0,0,0,0,0,0.0196940917724683,0,0,0.00689793062081376,0,0,0,0,0,0,0,0,0,0,0,0.000299910026991902,0,0,0,0,0,0.000399880035989203,0,0,0,0.000399880035989203,0.00149955013495951,0,0.000199940017994602,0.000999700089973008,0,0,0,0.000199940017994602,0,0,0,0,0,0.00119964010796761,0,0,0.062481255623313,0,0,0,9.99700089973008e-05,0,0.000699790062981106,0.274417674697591,0,0,0.063480955713286,0,0,0,0,0,0,0,0,0,0,0,0,0,0.00119964010796761,0,0,0.0154953513945816,0
0,0,0,0,0,0,0,0.00670201060318095,0,0,0,0,0,0,0.118235470641192,0,0,0,0,0.00170051015304591,0.0230069020706212,0.00430129038711613,0,0.00620186055816745,0,0,0,0,0,0,0.000700210063018906,0,0,0.0102030609182755,0,0,0.00240072021606482,0.0218065419625888,0,0,0,0,0,0.0103030909272782,0,0.0680204061218365,0,0,0,0,0,0,0,0,0,0,0,0,0,0,0,0,0,0,0,0,0.00370111033309993,0,0,0,0,0,0,0,0,0,0,0,0,0.000700210063018906,0,0,0,0,0,0.000100030009002701,0,0,0,0.0135040512153646,0,0,0,0,0,0,0.000300090027008102,0,0.0109032709812944,0,0,0,0,0,0,0,0,0,0,0.0103030909272782,0,0,0,0.0288086425927778,0,0,0,0,0.0225067520256077,0,0,0,0.000300090027008102,0,0.0945283585075523,0,0,0,0.000100030009002701,0,0.00270081024307292,0.100830249074722,0,0,0,0,0,0,0.0249074722416725,0,0.00820246073822147,0,0,0,0,0,0,0,0,0.00180054016204861,0,0,0.00730219065719716,0,0,0,0,0,0.0390117035110533,0.000400120036010803,0,0,0,0.00120036010803241,0,0,0,0,0,0.000300090027008102,0,0.00520156046814044,0.015704711413424,0,0,0,0,0.000600180054016205,0.000200060018005402,0,0.0276082824847454,0,0,0,0,0,0,0,0,0,0,0.0230069020706212,0,0,0,0,0,0,0,0,0,0,0,0,0,0.000800240072021606,0.000600180054016205,0,0,0,0,0,0.0251075322596779,0.000700210063018906,0.00130039011703511,0,0.00650195058517555,0,0.0846253876162849,0,0,0,0,0,0,0,0,0,0.011703511053316,0,0.00550165049514854,0,0,0.00550165049514854,0,0,0,0,0,0.000700210063018906,0,0,0,0.00370111033309993,0,0.000400120036010803,0,0,0,0,0,0,0,0,0.00110033009902971,0,0.00370111033309993,0,0,0,0,0,0,0.000200060018005402,0,0,0,0,0,0,0,0,0.0962288686605982,0,0,0,0,0,0.000300090027008102,0,0,0,0.00520156046814044,0,0,0,0,0,0,0,0,0,0,0,0,0,0.00710213063919176,0,0,0.0207062118635591,0
0,0,9.99500249875062e-05,0,0,0,0,0,0,0,0,0,0,0,0.00189905047476262,0,0,0,0,0,0,0.00119940029985007,0,0,0,0.03968015992004,0,0,0,9.99500249875062e-05,0,0,0,0.00249875062468766,0,0,0.00179910044977511,0,0,0,0,0,0,0,0,0,0,9.99500249875062e-05,0,0,0,0,0,0,0,9.99500249875062e-05,0,0,0,0,0,0,0.00079960019990005,0,0,9.99500249875062e-05,0.00129935032483758,0,0.00559720139930035,0,0,0,0,0.00409795102448776,0,0,0,0,0,0.0142928535732134,0,0.00079960019990005,0.0344827586206897,0,0,9.99500249875062e-05,0.00129935032483758,9.99500249875062e-05,0,0.0117941029485257,0.325237381309345,0.000199900049975012,0.00499750124937531,0,0,0.000999500249875062,0,0,0,0,0,0.000399800099950025,0,0,0,0,0,0.137131434282859,0.000699650174912544,0,0,0,0,0,0,0,0,9.99500249875062e-05,0.00179910044977511,0,0,0,0,0.000199900049975012,0.015192403798101,0.00689655172413793,0,0,0,0,0,0,0,0,0,0,9.99500249875062e-05,0,0,0,0.00079960019990005,0,0,0,0,0,0,0,0,0,0,0,0,0.00149925037481259,9.99500249875062e-05,0,0,9.99500249875062e-05,0,0,0,0,0,0,0,0,0,0,0,0,0,0,9.99500249875062e-05,0,0,0,0,0,0,0,0,0,0,0,0.000499750124937531,0,0,0,0,0,0.00519740129935032,0,0,0,0,0,0,0,0,0,0,0,0,0,0,0.000499750124937531,0,0,0,0.000899550224887556,0,0,0,9.99500249875062e-05,0,0,0,0,0.00309845077461269,0,0.00289855072463768,0.0015992003998001,0,0,0,0,0,0,0.0101949025487256,0,0.0247876061969016,0,0,0.096351824087956,0,0,0,0,0,0.00279860069965018,0,0,0,0,9.99500249875062e-05,0,0.00179910044977511,0,0,0,0,0,0,0,0,0,9.99500249875062e-05,0,0,0,0,0,0,0,0,0,9.99500249875062e-05,0,0,0.000599700149925037,0,9.99500249875062e-05,0,0,0,0,0,9.99500249875062e-05,0,0.177311344327836,0,0,0.0129935032483758,0,0,0.000599700149925037,9.99500249875062e-05,0.00329835082458771,0,0,0,0,0,0,0.031784107946027,0.000499750124937531,0.0015992003998001,0,0,0.00119940029985007,0
0,0,0,0,0,0,0,0.00519896020795841,0,0,0,0,0,0,0.0002999400119976,0,0.000399920015996801,0,0,0,0.0001999600079984,9.99800039992002e-05,0,0,0,0.349930013997201,0,0,0.0138972205558888,9.99800039992002e-05,0.002999400119976,0,0,0,0,0,0.000799840031993601,0,0,0,0,0,0,0.0016996600679864,0,0.0001999600079984,0,0,0,0,0,0,0,0,0.000399920015996801,0,0,0,0,9.99800039992002e-05,0,0,0,0,0,0,0.0021995600879824,0,0,0,0.0001999600079984,0,0,0.000999800039992002,0,0,0,0,0,0.0001999600079984,0,0,0.00249950009998,0,0.00439912017596481,0.0001999600079984,0.0110977804439112,0,0,0.00419916016796641,0,0,0.000699860027994401,0,0,0,0,0,0.000899820035992801,0,0,0,0,0,0.0001999600079984,0,0,0.0557888422315537,0,0,0,0,0,0.0022995400919816,0,0.0001999600079984,0,9.99800039992002e-05,0.0020995800839832,9.99800039992002e-05,0.00919816036792642,0,0,0.0002999400119976,0.000899820035992801,0,0,0,0,0,0.0512897420515897,0.001999600079984,0,0,0,0,0.0306938612277545,0,0,0,9.99800039992002e-05,0,0.0018996200759848,0,0,0,0,0,0.0027994401119776,0,0.00789842031593681,0,0,0,0,0,0,0,0,0.0001999600079984,0,0.00719856028794241,0,0.00509898020395921,0,0,0,0,0,0,0,0.00929814037192562,0,0,0,0,0.0027994401119776,0,0,0,0,0.0017996400719856,0,0,0,0,0,0.0018996200759848,0,0,0,0.0013997200559888,0.001999600079984,0,0,0,0,0.00719856028794241,0,0,0,0.000599880023995201,0,0,0,0.0027994401119776,0.000599880023995201,0.0001999600079984,0,0,0.0021995600879824,0,0,0,0.000699860027994401,0.00669866026794641,9.99800039992002e-05,0,9.99800039992002e-05,0,0.00439912017596481,0,0,0.000699860027994401,0,9.99800039992002e-05,0,0,0.000599880023995201,0.00459908018396321,0.000499900019996001,0,0,0.015496900619876,0,0,9.99800039992002e-05,0.00529894021195761,0.0010997800439912,0.0021995600879824,0,0,0.000799840031993601,0,9.99800039992002e-05,0.0016996600679864,0,0,0,0,0,0.0001999600079984,0,0,0,9.99800039992002e-05,0.000999800039992002,0,0.0002999400119976,0.000499900019996001,0,0,0,9.99800039992002e-05,0,0,0,0,0,0.0322935412917417,0,0.0028994201159768,0.0301939612077584,0,0,0,0,0,0,0.26504699060188,0,0,0.0012997400519896,0,0,0,0,0,0,0.000499900019996001,0,0,0,0,9.99800039992002e-05,0.001499700059988,0.000399920015996801,0,0,0.0011997600479904,0
0,0,0,0,0,0,0,0,0,0,0,0,0,0,0.0002999700029997,0,0,0,0,0,0,0.0003999600039996,0,0,0,0.232276772322768,0,0,0,0,0,0.0372962703729627,0,0.0031996800319968,0,0,0,0.0095990400959904,0,0,0,0,0,0,9.99900009999e-05,0.0108989101089891,0,0,9.99900009999e-05,0,0,0,0,0,0,0,0,0,0,0,0,0,0,0,0,0,0.0077992200779922,0,0,0,0,0,0,0,0,0,0,0,0,0.0011998800119988,0,0,0,0,0,0.0158984101589841,0.0164983501649835,0,0,0,0,0,0.0026997300269973,0,0,0,0,0,0.004999500049995,0,0,0.0222977702229777,0,0,0,0,0,0.0475952404759524,0,0,0,0,0,0,0,0,0,0,0.013998600139986,0,0,0,0,0.0002999700029997,0.0190980901909809,0,0,0,0,0,0.0023997600239976,0,0,0,0,0,0.0168983101689831,0.0004999500049995,0,0,0.0052994700529947,0,0,0,0,0,0,0,0,0,0.0002999700029997,0,0,0,0,0,0,0,0,0,0,0,0,0.0001999800019998,0,0,0,0,0,0,0,0,0.0660933906609339,0,0,0.0007999200079992,0,0,0,0,0,0,0,0,0,0,0,0,0,0,9.99900009999e-05,0.0073992600739926,0,0,0,0,0,0,0,0,0,0,0,0,0,0.0236976302369763,0,0,9.99900009999e-05,0,0,0,0,0,0,0,0.0112988701129887,0,0.0012998700129987,0,0,0,0,0,0,0,0,0,0,0,0,0,0,0.154284571542846,0,0,0,0,0,0,0,0,0,0,0.0011998800119988,0,0,0,0,0,0,0,0,0,0,0,0.0022997700229977,0,0,0,0,0,0,0.0024997500249975,0,0,0,0,0,0.085991400859914,0,0,0.0996900309969003,0,0,0,0,0,0,0.0004999500049995,0,0,0.010998900109989,0,0,0.0520947905209479,0,0,0,0,0,0,0,0,0,0,0.0040995900409959,0,0,0.0033996600339966,0
0,9.99500249875062e-05,0,0,0,0,9.99500249875062e-05,0,0,0,0,0,0,0,9.99500249875062e-05,0,9.99500249875062e-05,9.99500249875062e-05,0,0,0,0,0,0.00609695152423788,0,0.212593703148426,0,0,0.000999500249875062,0.00079960019990005,0.00909545227386307,0,0,0.00239880059970015,0,0,0.00469765117441279,0.00429785107446277,0,0.000499750124937531,0,0,0,0,0,0.0047976011994003,0,0,0,9.99500249875062e-05,9.99500249875062e-05,0,0,0,0,0,9.99500249875062e-05,9.99500249875062e-05,0,9.99500249875062e-05,0,0,0,0,9.99500249875062e-05,0,0.00149925037481259,0,9.99500249875062e-05,0.000199900049975012,0,0,0,0,0,0,0,0,0,9.99500249875062e-05,0,0,0.0108945527236382,0,0,0.000199900049975012,0,0,0,0.000399800099950025,0,9.99500249875062e-05,0,0,0,0,0,0,0,0,0,0,0,0,0,0,0,0.439080459770115,0,0.00179910044977511,0.000199900049975012,0,0,0.00219890054972514,0,0,0,0,0.00849575212393803,0,0,0,0,9.99500249875062e-05,0.0430784607696152,0,0,0,0,0,0,0.000199900049975012,0,0.000599700149925037,0,0,0.00439780109945028,0,9.99500249875062e-05,0,0,0,0,0,0,0,0.000499750124937531,0,0,0,0.00129935032483758,0.000199900049975012,0,9.99500249875062e-05,0,0,0,0,0,0.00219890054972514,0,0,0,0,0,0,0,0,0,0,0,0,9.99500249875062e-05,0.00129935032483758,0,0,0,0,0.00569715142428786,9.99500249875062e-05,0,0,0,0,0.00079960019990005,0,0,0,0,9.99500249875062e-05,0,0.00229885057471264,9.99500249875062e-05,0,0,0,0,0,0,0.0152923538230885,0,0,0,9.99500249875062e-05,0,0.000299850074962519,0.000399800099950025,0,0,0.000699650174912544,0,0,0,0,0,9.99500249875062e-05,0.00249875062468766,0,0,0,0.000999500249875062,0.000699650174912544,0,0,0,0,0,0,0.000399800099950025,0,9.99500249875062e-05,0,0,0.00579710144927536,0,0,0,0,0,0.00199900049975012,0,0,0,0,0.00119940029985007,0,0,0,0,0,0,0,0,0,0,0.000399800099950025,0,0,0,0,0.000499750124937531,0,0,0,9.99500249875062e-05,0,0,0,0,0.000199900049975012,0,0,0.0142928535732134,0,9.99500249875062e-05,0,0,0,0,0.147726136931534,9.99500249875062e-05,0,0.0279860069965017,0,0,0,0,0,0,0,0,0,0,0,0,0,0.00209895052473763,0,0,0,0
0,0.0001999600079984,0,9.99800039992002e-05,0,0,0,0,0,0,0,0,0,0,0.0132973405318936,0,0,0,0,0,0,0,0,9.99800039992002e-05,0,0.112277544491102,0,0,0.0030993801239752,0.00479904019196161,0.0265946810637872,0,0,0.0167966406718656,0,0,0.00419916016796641,0.018996200759848,0,0,0,0,0,0,0,0.017996400719856,0,0,0,0,0.000699860027994401,0,0,0,0,0,0,0,0,0.0165966806638672,0,0,0,0,0.00799840031993601,0,0.0118976204759048,0,0,0,0,0,0,0,0,0,0,0,0.000399920015996801,0,0,0,0.000599880023995201,0,0,0.0001999600079984,0.000499900019996001,0,0,0.00499900019996001,0,0.000599880023995201,0,0,0,0,0,0,0.0023995200959808,0,0,0.0001999600079984,0,0,0,0,0,0.020995800839832,0,0,0,0,0,0.00929814037192562,0,0,0,0,0.029494101179764,0,0,0,0,9.99800039992002e-05,0.0704859028194361,0,0.00629874025194961,0,0,0,0,0.012997400519896,0,0,0,0,0.26744651069786,0,0,0,0,0,0,0,0,0,0,0,0,0,0.000899820035992801,0,0,9.99800039992002e-05,0,0,0,0,0,0.0015996800639872,0,0,0,0,0.0028994201159768,0,0,0,0,0,0.000999800039992002,0,0,9.99800039992002e-05,0,0,0,0.00619876024795041,0.0368926214757049,0,0,9.99800039992002e-05,0,0,0,0,0,0,0,0,0,0.0115976804639072,9.99800039992002e-05,0,0,0,0,0,0,0,0,0,0,0,0,0.0100979804039192,0.0001999600079984,0,0.0001999600079984,9.99800039992002e-05,0,0,0,0,0.0010997800439912,0,0,0,0.0030993801239752,0,0,0,0,0,0,0,0,0,0.0026994601079784,0,0.00489902019596081,0,0,0.00639872025594881,0,0,0,0,0,0,0,0,0,0,0,0,0,0,0,0,0,0.0001999600079984,0,0,0,0,0.00779844031193761,0,0,0.00659868026394721,0,0,0,0.001499700059988,0,0,0,0,0,0.0001999600079984,0,0.000599880023995201,0.00619876024795041,0,0,0,0,0,0,0.135772845430914,0,0,0.026494701059788,0,0,9.99800039992002e-05,0,0,0,0,0,0,0,0,0.0013997200559888,0,0.0117976404719056,0,0,0.0283943211357728,0
0,0,0,0,0,9.98701687805852e-05,0.00189753320683112,9.98701687805852e-05,0,9.98701687805852e-05,0.000599221012683511,0,0,0,0.00419454708878458,0,0,0,0,0,0.00189753320683112,0.0080894836712274,0,9.98701687805852e-05,0,0.123539398781584,9.98701687805852e-05,0,0.000299610506341756,0.000299610506341756,9.98701687805852e-05,0,0,0.00549285928293219,0,0,0.000399480675122341,0.0053929891141516,0,0,9.98701687805852e-05,0.00019974033756117,0,0,0,0.0137820832917208,0.00519324877659043,9.98701687805852e-05,0,0,0,0,0,0,0,9.98701687805852e-05,0,9.98701687805852e-05,0,0.028662738440028,0.00019974033756117,9.98701687805852e-05,0,0,0,0.000499350843902926,0.00828922400878858,0.000299610506341756,0.00019974033756117,0.00459402776390692,0.00289623489463697,9.98701687805852e-05,0,0,0,0,0,0,0,0.00669130130829921,0,0.00219714371317288,0.000499350843902926,0,0.00019974033756117,0,0.00818935384000799,0,0,0.00868870468391092,0,0.00459402776390692,0.00719065215220214,0,0,0.00019974033756117,0,0,0,0,0,0,0,0.0060920802956157,0.00189753320683112,0.000399480675122341,0.00359532607610107,9.98701687805852e-05,0,0,0,0,0,0.0624188554878658,0.000599221012683511,0,0,0,0.00419454708878458,0,0.00459402776390692,0.00209727354439229,0,0,0.0831918505942275,0.0236692300009987,0,0,0,0,0.0683111954459203,9.98701687805852e-05,0,0,0,0,0.00019974033756117,0,0,0,0.000399480675122341,0.00019974033756117,0,0,0.00519324877659043,0,0.00169779286926995,0,0.0019974033756117,0,0,0.00649156097073804,0,0,0,0,0,0.000599221012683511,0,0.00259662438829522,0,0.00509337860780985,9.98701687805852e-05,0,0,0,0,0,0,0,0.000599221012683511,0,9.98701687805852e-05,9.98701687805852e-05,0,0,0.00868870468391092,0.000499350843902926,0.00469389793268751,0,0,0.000898831519025267,0,0,0.000599221012683511,0,0,0.0101867572156197,0,9.98701687805852e-05,0.000499350843902926,0.0219714371317288,9.98701687805852e-05,0,0.00239688405073405,0,0.00229701388195346,0,0,0,0,0,0,0.00499350843902926,0,0,0.000798961350244682,0,0,0.000798961350244682,0,0,0,0.000699091181464097,0.000898831519025267,0.0154798761609907,0,0.00169779286926995,0,0,9.98701687805852e-05,0.0345550783980825,0.00169779286926995,0,9.98701687805852e-05,0,0.00549285928293219,0,0.0218715669629482,0.0026964945570758,0.00399480675122341,0,0,0.0389493658244282,0,0,0,0,0.000499350843902926,9.98701687805852e-05,0.0189753320683112,0,0.0224707879756317,0,0,0,0,0.000399480675122341,0.000898831519025267,9.98701687805852e-05,0,9.98701687805852e-05,0.00019974033756117,9.98701687805852e-05,0.000299610506341756,0.00129831219414761,0.00019974033756117,0,0.000998701687805852,0.00359532607610107,0,0,0,0.000898831519025267,9.98701687805852e-05,0,0,0,0,0.0114850694097673,0,0.00669130130829921,0.0116848097473285,0,0,0,0,9.98701687805852e-05,9.98701687805852e-05,0.101567961649855,0,0,0.0530310596224908,0,0,0,9.98701687805852e-05,0,0.000299610506341756,0.0158793568361131,0,0,0.000798961350244682,0,0.000399480675122341,0,0,0,0,0.0156796164985519,0
0,0,0,0,0,0,0,0,0,0,0,0,0,0,0.00079968012794882,0,0.00159936025589764,0,0,0,0,0.00659736105557777,0,9.99600159936026e-05,0,0.119452219112355,0,0,0.00039984006397441,0.00909636145541783,9.99600159936026e-05,0,0,0.0187924830067973,0,0,0.0175929628148741,0,0,0,0,0,0,0,0,0,0,0,0,0,0,0,0,0,0,0,0,0,9.99600159936026e-05,0.0278888444622151,0,0,0,0,0.000499800079968013,0,0,0,0,0.00409836065573771,0,0,0,0,0,0,0,0,0,0.00179928028788485,0,0,0.0037984806077569,0,0,9.99600159936026e-05,0,0,0,0,0.0163934426229508,0.000999600159936026,0,0,0,0,0,0,0,0,0.00189924030387845,0.00039984006397441,0,0,0,0,0,0.105257896841263,0,0.00519792083166733,0,0,9.99600159936026e-05,0,0,0.00229908036785286,0,9.99600159936026e-05,0.0259896041583367,0,0,0,0,0,0,0,9.99600159936026e-05,0,0,0,0.0375849660135946,0.00079968012794882,0,0.00819672131147541,0,0,9.99600159936026e-05,0,0,0,0,0,0,0,0,0,0,0,0.00459816073570572,0,0,0,0.00239904038384646,0,0,0,0,0,0,0,0,0,0,0,0,0,0,0,0,0,0.000299880047980808,0.00079968012794882,0.000199920031987205,0,9.99600159936026e-05,0,0.00599760095961615,0,0.00229908036785286,0,0,0.00219912035185926,0,0,0.00229908036785286,0,0,0.0361855257896841,0,0,0,0.0269892043182727,0,0,0,0,0.0143942423030788,0,0,0,0,0,0,0,0,0.0076969212315074,0,0,0.000299880047980808,0,0,0,0,0,0,0.00589764094362255,0,0,0.0348860455817673,0,0.0079968012794882,0,0,0,0,0,0,0,0,0.00299880047980808,0.00929628148740504,0.00239904038384646,0,0.00609756097560976,0,0,0,0,0,0.00489804078368653,0,0,0.00819672131147541,0,0,0.000299880047980808,0,0,0,0,0,0,0.000499800079968013,0,0,0.00079968012794882,0.000599760095961615,0,0.00259896041583367,0,0,0,0,0.000199920031987205,0,0,0,0,0,0.00189924030387845,0,0,0.0377848860455818,0,0,0,0,0,0.000299880047980808,0.225509796081567,0,0,0.0812674930027989,0,0,0,0,0,0,0.00249900039984006,0,0,0,0,0,0,0.000499800079968013,0,0,0.0375849660135946,0
0,0,0,9.99700089973008e-05,0,0,0,0.000299910026991902,0,0,0,0,0,0,0.000199940017994602,0,0,0,0,0,0,0.00559832050384884,0,0.00239928021593522,0,0,0,0,0.00109967009897031,0.00289913026092172,0.0314905528341498,0,0,0.0145956213136059,0,0,0.000899730080975707,0,0,0,0,0.000599820053983805,0.133160051984405,0.0129961011696491,0,0.00479856043187044,0,0,0.00189943017094872,0,0,0,0,0,0,0,0,0,0,9.99700089973008e-05,0,0,0,0,0,0,0,0,0,0,0,9.99700089973008e-05,0,0,0,0,0,0,0,0.00319904028791363,0,0,0.135059482155353,9.99700089973008e-05,0,0,0.0364890532840148,0,0,0.00309907027891633,0,0,0,0.00589823053084075,0,0,0,0,0.00329901029691093,0,0.000399880035989203,0,0,0,0,0,0,0.135259422173348,0,0.00709787063880836,0,0,0.000199940017994602,9.99700089973008e-05,0,0.000299910026991902,0,0,0,0,0,0,0,0,0.0141957412776167,0,0,0,0,0,0.04518644406678,0.0159952014395681,0.00609817054883535,0,0,0,0.00289913026092172,0,0,0,0.00119964010796761,0,0,0,0.0159952014395681,0,0.000499850044986504,0.000399880035989203,0,0,0.000999700089973008,0,0,0.000199940017994602,0.000199940017994602,0,0,0,0.00209937018894332,0.00189943017094872,0,0,0,0,0,0,0,0,0,0,0.000499850044986504,0,0,0,0,0,0,0,0.00269919024292712,0,0,0,0,0,0.00749775067479756,0,0,0,0,0,0,0.00299910026991902,0,0.000699790062981106,0,0,0,0,0,0,0,0,0,0,0,0.00129961011696491,9.99700089973008e-05,0,9.99700089973008e-05,0,0,0,0,0,0,0,0,0,0,0,0,9.99700089973008e-05,0,0,0,0,0.0159952014395681,0,0.00339898030590823,0.000299910026991902,0.0135959212236329,0,0,0.0302909127261821,0,0,0,0,0.000299910026991902,0,0,0,0,0,0,0,0,0,0,0,0,0.000399880035989203,0.00449865040487854,9.99700089973008e-05,0,0.000499850044986504,0.000299910026991902,0,0,0,0,0.00139958012596221,0,0.000199940017994602,0,0,0,0,0.00489853044086774,0.149655103468959,0,0.00979706088173548,0.0383884834549635,0,0,0,0,0,0.000799760071978406,0,0,0,0.0121963410976707,0,0,0,0,9.99700089973008e-05,0.00469859042287314,0.00859742077376787,0,0.00429871038688393,0,0,0.000699790062981106,0.00119964010796761,0.000799760071978406,0,0,0,0.0249925022493252
0,0,0,0,0,0,9.99700089973008e-05,0.00719784064780566,0,0,0,0,0,0.036888933320004,0.00329901029691093,0,0,0,0,0,0,0,0,9.99700089973008e-05,0,0.0613815855243427,0,0,0.000199940017994602,0,0,0,0,0.0117964610616815,0,0,0.00519844046785964,9.99700089973008e-05,0,0,0,0,0,0,0,0.000599820053983805,0,0,0,0,0,0,0,0,0,0,0,0,9.99700089973008e-05,0,0,0.00499850044986504,9.99700089973008e-05,0,0.000599820053983805,0,0.00209937018894332,0,0,0,0.00159952014395681,0,0,0.0181945416375087,0,0,0,0,0,0,0.000199940017994602,0.000999700089973008,0.000299910026991902,0,0,0,0.000299910026991902,0,0,0.00389883035089473,0,9.99700089973008e-05,0.000199940017994602,0,0,9.99700089973008e-05,0,0,0,0,0,0,0,0,0,0.000499850044986504,0.00109967009897031,0.131960411876437,0,0,0,0,0,0.0129961011696491,0.000799760071978406,0,0,0,0.0250924722583225,0,0.0125962211336599,0,0,0,0.00359892032390283,0,0,0,0,0.000599820053983805,0.0339898030590823,0.0738778366490053,0,0,0,0,9.99700089973008e-05,0,0,0.00149955013495951,0.000299910026991902,0,0,0,0,0,0,0,0.00509847045886234,0.000199940017994602,0,0,0,0,9.99700089973008e-05,0,0,0,0.000299910026991902,0.000399880035989203,0,0.00799760071978406,0,0,0,0.0261921423572928,0,0,0,0,0,0,0.0111966410076977,0,0,0,0.00529841047685694,0,9.99700089973008e-05,0,0,0.00239928021593522,0,0,0.000799760071978406,0,0,0,0.00959712086374088,0,0,0.00679796061181645,0,0,0,0,0.00469859042287314,0.00999700089973008,0,0,0,0,0,0,0,0.000799760071978406,0,0,0,0,0,0,0,0,0.00199940017994602,0,0.00199940017994602,0,0.0140957712686194,0,0.00209937018894332,0.0258922323303009,0.0130960711786464,0,0,0,0,0,0,0.000899730080975707,0.00959712086374088,0,0,0,0,0,0,0,0,0,0,0.015295411376587,0,0.00239928021593522,0,0,0,0,0,0,0,0.000199940017994602,0.00189943017094872,0,0,0,0,0,0.000399880035989203,0.0105968209537139,0,0.00139958012596221,0,0,0,9.99700089973008e-05,0,0,0,0.0199940017994602,0,0,0.0802759172248325,0,0,0,0,0,0.000299910026991902,0.201639508147556,0,0,0.012296311106668,0,0,0.000199940017994602,0,0,0.0184944516645007,0,0,0,0,0,0,0,9.99700089973008e-05,0,0,0.0130960711786464,0
0,0,0,0,0,0,0,0,0,0,0,0,0,0,0.0027994401119776,0,0,0,0,0,0,0.000599880023995201,0,0,0,0.100679864027195,0,0,0.00659868026394721,0.0026994601079784,0.0227954409118176,0,0,0.00489902019596081,0,0,0.000499900019996001,0,0.0001999600079984,0,0,0,9.99800039992002e-05,0.0021995600879824,0,0.0110977804439112,0,0,0,0,0,0,0,0,0,0,0,0,0,0,0,0,0,0,0,0,0.0311937612477504,0,0,0.0142971405718856,0,0,0,0.000399920015996801,0,0,0,0,0,0.0022995400919816,0,0,0.0505898820235953,0,0,0,0.0021995600879824,0,0,0,0,0,0,0,0,0,0,0,0.00489902019596081,0,0,0,0,0,0,0,0,0.00689862027594481,0,0,0,0,0.000899820035992801,0.00999800039992002,0,0,0,0,0.0130973805238952,0,0.00869826034793041,0,0,0.00909818036392721,0.0011997600479904,0,0,0,0,0,0.107878424315137,0,0,0,0,0,0.0012997400519896,0,0,0,0.0489902019596081,0,0,0,0,0,0,0,0.00509898020395921,0,0,0,0,0.0028994201159768,0,0,0,0,0,0.0028994201159768,0.0012997400519896,0.0110977804439112,0,0.0158968206358728,0,0,0,0,0,0,0,0,9.99800039992002e-05,0,0,0,0.0110977804439112,0.0010997800439912,9.99800039992002e-05,0,0,0,0,0,0,0,0,0.0539892021595681,0,0,0,0.00769846030793841,0,0,0,0,0,0.0132973405318936,0,0,0,0,0,0,0,0,0,0.0002999400119976,9.99800039992002e-05,0,0.00519896020795841,0,0,0,0.000399920015996801,0.00409918016396721,0.00589882023595281,0,0.0001999600079984,0,9.99800039992002e-05,0,0,0,0,0,0,0,0.00559888022395521,0,0.000499900019996001,0,0,0.000899820035992801,0,0,0,0,0,0,0,0,0.0121975604879024,0,0.00369926014797041,0,0,0,0,0,0,0,0,0,0,0,0.0023995200959808,0,0.0001999600079984,0.000899820035992801,0,0,0,0,0,0,0,0,0,0.000499900019996001,0,0.0010997800439912,0.0398920215956809,0,0,0,0,0,0,0.30373925214957,0,0.000799840031993601,0.0116976604679064,0,0,0,0,0,0,0,0,0,0,0,0.000999800039992002,0,0.000499900019996001,0,0,0.0023995200959808,0
0,0,0,0,0,0,0,0,0,0,0,0,0,0,0.0250974902509749,0,0.0065993400659934,0,0,0,0,0,0,0.0002999700029997,0,0.0021997800219978,0,0,0,0.0055994400559944,0,0,0,0.0120987901209879,0,0,0.0204979502049795,0.0157984201579842,0,0,0,0,0,0,0,0.0235976402359764,0,0,0.0001999800019998,0,0.0004999500049995,0,0,0,0,0,0,0,0,0,0.0002999700029997,0,0,0,0,0,0.0155984401559844,0,0,0.0473952604739526,0,0,0,0,0,0,0,0,0,0,0,0,0,0,0,0.0004999500049995,0,0,0,0,0,0.0045995400459954,0.0103989601039896,0,0,0,0,0,0,0,0,0,0,0,0,0,0,0.157684231576842,0,0,0,0,9.99900009999e-05,0.0015998400159984,0,0.0001999800019998,0,0,0.0374962503749625,0.0002999700029997,0,0,0,0.0001999800019998,0.0031996800319968,0,0,0,0,0,0.103789621037896,0,0,0,0,0,0.0008999100089991,0,0,0,0.0022997700229977,0,0,0,0,0,0,0,0,0,0,0,0,0,0,0,0,0,0,0,0,0,0,0.147885211478852,0,0,0,0,0,0,0,0,0.0002999700029997,0,0,0,0.0110988901109889,0.0218978102189781,0,0,0,0,0,0,0,0,9.99900009999e-05,0,0,0,0,0.006999300069993,0,0,0,0,0.0078992100789921,0,0,0,0,0.0020997900209979,0,0,0,0,0,0,0.0003999600039996,0,0.0021997800219978,0,0,0,0.003999600039996,0.0291970802919708,0,0,0.0231976802319768,0,0,0,0,0,0,0,0,0,0,0,0,0,0,0,0,0,0,0,0.0008999100089991,0,0,0,0.0332966703329667,0,0.0001999800019998,0,0,0,0,0,0.0037996200379962,0,0,0,0.0008999100089991,0.0008999100089991,0,0,0,0,0,0,0,0.0004999500049995,0,0,0,0,0,0.117688231176882,0.0034996500349965,0,0.0101989801019898,0,0,0,0,0,0,0.033996600339966,0,0,0.0270972902709729,0,0,0,9.99900009999e-05,0,0,0,0,0,0,0,0,0,0.0007999200079992,0,9.99900009999e-05,0.0096990300969903,0
0,0,0,9.9930048965724e-05,0,0,9.9930048965724e-05,0,0,0,0.000799440391725792,0,0,0,0.00319776156690317,0,0,0,0,0,0,0.00049965024482862,0,0.0317777555711002,0,0.000199860097931448,0,0,0.00889377435794944,0.00279804137104027,0.244029179574298,0.00389727190966324,0,0,0,0,0,0,0,0,0,0,0,0,0,0,0,0,0,0,0.000799440391725792,0,0,0.000399720195862896,0.00049965024482862,0.00049965024482862,0,0,0,0.0204856600379734,0,0,0,0,0,0,0.0070950334765664,0,0,0,0.000799440391725792,0,0,0,0,0,0,0,0,0,0,0.000399720195862896,0,0,0,9.9930048965724e-05,0,0,0,0.00319776156690317,0,0.0497651643849305,0.00489657239932048,0,0,0,0,0,0,0,0,0.000299790146897172,9.9930048965724e-05,0,0,0.00049965024482862,0,0,0,0.00269811132207455,0,0,0,0.00269811132207455,0,0,0.00229839112621165,0,0,9.9930048965724e-05,0.00509643249725192,0,0,0.0024982512241431,0.00259818127310882,0,0,0,0,0,0.0330768462076546,0,0,0,0,0,0.000199860097931448,0,0,0,9.9930048965724e-05,0.000299790146897172,0,0,0,0,0.000299790146897172,0,0.00269811132207455,0,0,0,0,0.000399720195862896,9.9930048965724e-05,0,0,0,0.0179874088138303,0,0,0.00509643249725192,0,0,0,0,0,0,0,0,0,0.000199860097931448,9.9930048965724e-05,0,0,0,0.00669531328070351,0,0.0450684520835415,0,0,0,0,0,9.9930048965724e-05,0,0,0.00049965024482862,0,0,0,0.00369741181173179,0,0.00049965024482862,0,0,0.00979314479864095,0,0,0,0,0,0,0.020985310282802,0,0.00339762166483462,0,0,0,0,0.00599580293794344,0,0,0,0,0,0,0,9.9930048965724e-05,0,0,0.0487658638952733,0,0,0,0,0,0,0,0.0204856600379734,0,0,0,0.00339762166483462,0,0,0.000399720195862896,0,0,0.00049965024482862,0,0,0.0348755870890377,0,0,0,0,0,0,0,0,0,0,0.000399720195862896,0.00119916058758869,9.9930048965724e-05,9.9930048965724e-05,0,0.00199860097931448,0,0,0,0,9.9930048965724e-05,0,0,0,0,0,0.101329069651244,0,0,0.0468671929649246,0,0.00319776156690317,0,0,0,0,0.131308084340961,0,0,0.0359748176276606,0,0,0,0,0,0.00259818127310882,0.00139902068552014,0,0,0.00119916058758869,0,0.000599580293794344,0,9.9930048965724e-05,0,0,0.00159888078345158,0
0,0,0,0,0,0,0,0,0,0,0,0,0,0,0,0.0002999400119976,0,0,0,0,0,0.0111977604479104,0,0,0,0.0481903619276145,0,0,0.00549890021995601,0,0,0,0,0.0623875224955009,0,0,0.00439912017596481,0,0,0,0,0,0,0,0,0.0429914017196561,0,0,0,0,0,0,0,0,0,0,0,0,0,0,0,0,0,0,0,0,0,0,0,0,0,0,0,0.00619876024795041,0,0,0,0,0,0,0,0,0,0,0,0,0,0,0,0,0,0,0.0191961607678464,0,0,0,0,0,0.015996800639872,0,0,0,0,0,0,0,0,0.221955608878224,0,0,0,0,0,0,0,0,0,0,0.0386922615476905,0,0,0,0,0.0001999600079984,0.121675664867027,0,0,0,0,0,0,0.0281943611277744,0,0,0,0,0,0,0,0,0.00659868026394721,0,0,0,0,0,0,0,0,0,0,0.0160967806438712,0,0,0,0,0,0,0,0,0,0,0,0.0769846030793841,0,0,0,0,0,0,0,0,0,0,0,0,0,0.00609878024395121,0,0,0,0,0,0,0,0,0,0,0,0,0,0.0147970405918816,0,0,0,0,0,0,0,0,0,0,0,0,0,0.00699860027994401,0,0,0,0,0,0,0,0,0,0,0,0,0.104879024195161,0,0,0,0,0,0,0,0,0,0.0145970805838832,0,0.0447910417916417,0,0,0,0,0,0,0,0,0,0,0,0,0,0,0,0,0,0,0,0,0,0,0,0,0,0.00789842031593681,0,0.00409918016396721,0,0,0,0,0,0,0,0,0,0,0.000399920015996801,0,0,0,0,0,0,0,0,0,0,0,0,0,0,0,0,0,0,0,0.00949810037992401,0,0,0,0,0.0101979604079184,0,0,0,0,0.0489902019596081,0
0,0,0,0,0,0,0.00249850089946032,9.9940035978413e-05,0,0,0.000299820107935239,9.9940035978413e-05,0,0,0.000799520287827304,0,0,0,0,0,9.9940035978413e-05,0.0022986208275035,0,0,0,0.170297821307216,9.9940035978413e-05,0,0.00159904057565461,0,0.0153907655406756,0,0.000299820107935239,0.00559664201479113,0,0,0.000799520287827304,0.00319808115130921,0,0,0,0,0,0.000599640215870478,0,0.00289826104337398,0,9.9940035978413e-05,0,9.9940035978413e-05,0.000899460323805717,0,0.000199880071956826,0,0.000299820107935239,9.9940035978413e-05,0,0,0,0.000199880071956826,0,9.9940035978413e-05,0.000199880071956826,0,0,9.9940035978413e-05,0.000299820107935239,0,0,0,0.000199880071956826,0,0,9.9940035978413e-05,0,0,0,0,0,9.9940035978413e-05,0,9.9940035978413e-05,0.00189886068358985,9.9940035978413e-05,0,0.00119928043174096,0,0,0,0.0149910053967619,0,9.9940035978413e-05,9.9940035978413e-05,0,0,0,0,0,0.00139916050369778,0,0,0,0,9.9940035978413e-05,0,0,0,0.00709574255446732,0,9.9940035978413e-05,0,0,0,0.00579652208674795,0,9.9940035978413e-05,0.00119928043174096,0,0.00329802118728763,0,0,0,0,9.9940035978413e-05,0.0175894463322007,0,0,0,9.9940035978413e-05,0.00429742154707176,0.00119928043174096,0.0204877073755747,0,9.9940035978413e-05,0,0,0.00179892064761143,0,0,0,0,0,0,0,0,0,0.000299820107935239,0,0,0,0.00189886068358985,9.9940035978413e-05,0.000899460323805717,0,9.9940035978413e-05,0,0,0,9.9940035978413e-05,0,0.000199880071956826,0,0,0,0,9.9940035978413e-05,0,0,0,0.00159904057565461,0,0,0.00199880071956826,0,0,0,0,0.00629622226664002,9.9940035978413e-05,0,0.000599640215870478,0,0,0,0.00149910053967619,0,0,0,0.00159904057565461,0,0,0.00909454327403558,0,0,0,0,0,0,0,0,0,0,0,9.9940035978413e-05,0,0.00179892064761143,0.000899460323805717,0,0,0.00169898061163302,0,0.00439736158305017,0.000499700179892065,0.000999400359784129,0.000199880071956826,0,0.00259844093543874,0.000599640215870478,0.0131920847491505,0.000499700179892065,0.00199880071956826,0.00299820107935239,0,0,0,9.9940035978413e-05,0,0,0.00319808115130921,0,0.00389766140315811,9.9940035978413e-05,0,0.01888866679992,0,0,0.000299820107935239,0,0,0.000399760143913652,0,0,0,0,0,0,0,0,0,0,0.000299820107935239,9.9940035978413e-05,0.00199880071956826,0,0.000399760143913652,0.00249850089946032,0,0,9.9940035978413e-05,0.000299820107935239,9.9940035978413e-05,0.000599640215870478,0,0.000199880071956826,0.000199880071956826,0,9.9940035978413e-05,0,0.000899460323805717,0.000199880071956826,0.00149910053967619,0.00219868079152508,0.231361183290026,0.00149910053967619,0.00139916050369778,0,0,0,9.9940035978413e-05,0.360583649810114,9.9940035978413e-05,0,0.00529682190685589,0,0,0,0,0,9.9940035978413e-05,0.000799520287827304,0,0,0,0,0.004597241655007,9.9940035978413e-05,0,0.000399760143913652,0,0.00289826104337398,0
0,0,0,0,0,0,9.99800039992002e-05,0,0,0,0,0,0,0,0,0,0,0.0017996400719856,0,0,0,0,0,0.00379924015196961,0,0.127874425114977,0,0,0.00359928014397121,0.0120975804839032,0.0103979204159168,0.0016996600679864,0,0.0001999600079984,0,0,0,0.00569886022795441,0.0001999600079984,0,0,0,0,0,0,0.00809838032393521,0,0,0,0,0,0.00329934013197361,0,0,0,0,0,0,0,0.0026994601079784,0,0,0,0,0,0,0.0339932013597281,0,0,0,0,0,0,0,0,0,0,0,0,0.0103979204159168,0,0,0,0,0,0.0010997800439912,0.107078584283143,0,0,0.0015996800639872,0,0.00719856028794241,0.000499900019996001,0,0,0,0,0,0.000999800039992002,0,0,0.000599880023995201,0,0,0,0,0,0.00479904019196161,0,0.00829834033193361,0,0,0,0.001999600079984,0,0.00429914017196561,0.0018996200759848,0,0,0,0.00849830033993201,0,0,0,0.000899820035992801,0,0,0,0.0002999400119976,0,0.0866826634673065,0,0,0,0,0,0.161667666466707,0,0,0,0,0.0001999600079984,0,0,0,0,0,0,0.002999400119976,0,0,0.0017996400719856,0,0,0,0,0,0,0,0,0,0,0,0.0021995600879824,0,0,0,0,0,0,0,0.0002999400119976,9.99800039992002e-05,0,0,0,0,0,0.00249950009998,0,9.99800039992002e-05,0,0.000599880023995201,0,0,0,0,0.0280943811237752,0,0,0,0.00999800039992002,0,0,0,0,0.0113977204559088,0,0,0,0,0.0023995200959808,0,0.000399920015996801,9.99800039992002e-05,0,0,0,0,0,0.0944811037792442,0,0,0,0.0002999400119976,0.00479904019196161,0.00539892021595681,0,0,0.000499900019996001,0,0,0,0,0,0.0002999400119976,0,0,0.00249950009998,0.00799840031993601,0,0,0,0.00399920015996801,0,0,0,0,0,0,0,0.00599880023995201,0.0367926414717057,0,0,0,0,0,0,0,0,0,0.0030993801239752,9.99800039992002e-05,0.00349930013997201,0.0404919016196761,0,0,0.0016996600679864,0.000999800039992002,0,0,0,0.001999600079984,0,0,0,0.000399920015996801,0,0.0001999600079984,0,0,0.0153969206158768,0.000899820035992801,0.0011997600479904,0,0,0,0.0001999600079984,0.0379924015196961,0,0,0.00669866026794641,0,0,0,0,0.0282943411317736,0,0,0,0,9.99800039992002e-05,0,0,0,0,0,0,0.00609878024395121,0
0,0,0,0,0,9.99800039992002e-05,0,0.0023995200959808,0,0,0,0,0,0,0.0015996800639872,0,0,0.000899820035992801,0,0,0.00809838032393521,0.0251949610077984,0,0,0,0.00779844031193761,0,0,0.0015996800639872,0,0.0165966806638672,0,0,0,0,0,0,0.013997200559888,0,0,0,0,0.0293941211757648,0.0118976204759048,0,0.0415916816636673,0,9.99800039992002e-05,0,0,0,0,0,0,0,0,0,0,0,0.0530893821235753,0,0.00459908018396321,0,0.0002999400119976,0,0,0.0453909218156369,0,0.0016996600679864,0.0464907018596281,0.00849830033993201,9.99800039992002e-05,0,0.0131973605278944,0,0,0,9.99800039992002e-05,9.99800039992002e-05,0,0,0,0,9.99800039992002e-05,0,0,0,0,0,0.00489902019596081,0,0.000599880023995201,0.00389922015596881,0,0,0,0,0,0.0105978804239152,0,0,9.99800039992002e-05,0,0,0.0002999400119976,0,0,0.0215956808638272,0,0,0,0.0246950609878024,0,0.0022995400919816,0,0.0002999400119976,0,0,0.00919816036792642,9.99800039992002e-05,0.00959808038392321,0,0,9.99800039992002e-05,0.0248950209958008,0,0,0,0,0,0.0404919016196761,0.0018996200759848,0,0,0,0,9.99800039992002e-05,0,0,0,0.000499900019996001,0,0,0,0,0,0.00989802039592082,0,0.0020995800839832,0,0.00369926014797041,0,0,9.99800039992002e-05,0,0,0,0,0,0.00659868026394721,0,0.00729854029194161,0,0,0,0,0,0,0,0,0,0,0,0,0,0,0.00809838032393521,0.0402919416116777,0.0490901819636073,0.00539892021595681,0,0,0,0,0,0,0,0.0121975604879024,0,0,0,0.00519896020795841,0,0.0012997400519896,0,0,0.00499900019996001,0.00529894021195761,0,0,0,0.000399920015996801,9.99800039992002e-05,0.00679864027194561,0,0.0023995200959808,0,0,0,0,0.00899820035992801,0,0,0,0.0015996800639872,0.00399920015996801,0.002999400119976,0.0100979804039192,0,0,0.00689862027594481,0.0421915616876625,0,0,0,0,0,0,0.00439912017596481,0.00339932013597281,0.00429914017196561,0,0,0.000399920015996801,0,0,0.000899820035992801,0.001499700059988,0,0,0.0120975804839032,0,0.000499900019996001,0,9.99800039992002e-05,0,0,0,0,0,0,0.0001999600079984,0,0,0.0011997600479904,0.000399920015996801,0.0002999400119976,0,0.0023995200959808,0.001999600079984,0.0023995200959808,0,0,0.000999800039992002,0,0,0,0,0,0.000499900019996001,0,0,0.00969806038792242,0,0,0,0,0,0,0.125874825034993,9.99800039992002e-05,9.99800039992002e-05,0.0480903819236153,0,0,0,0,9.99800039992002e-05,0,0.0112977404519096,0,0,0,0,0.0025994801039792,0,0.0012997400519896,0,0,0.0236952609478104,0
0,0,0,0,0,0,0,0.00829419406415509,0,9.9930048965724e-05,0.000399720195862896,9.9930048965724e-05,0,0.00739482362346358,0.000699510342760068,0,0,0,0.000199860097931448,0.000199860097931448,0.011591885680024,0.00389727190966324,0,0,0,0.0564604776656341,0,0,0.00179874088138303,0.000199860097931448,9.9930048965724e-05,0,0.000199860097931448,0.00099930048965724,0,0,0.000199860097931448,0.0188867792545218,9.9930048965724e-05,0,0,0,0.0445688018387129,0.00759468372139502,0,0.002897971420006,0,0.00049965024482862,0,0,0,0,0.000199860097931448,9.9930048965724e-05,0.000799440391725792,0.000799440391725792,0,0,0,0,9.9930048965724e-05,0.00399720195862896,0,0,0,0,0.00549615269311482,0,0,0,0.00319776156690317,0,0.000399720195862896,0.0330768462076546,0,0,0,0,0,0.00229839112621165,0.00139902068552014,0,0.00189867093034876,0,0.07314879584291,0,0.000299790146897172,9.9930048965724e-05,0,0.00589587288897772,0,0.000299790146897172,0,0,0,0,0,0,0.00279804137104027,0,0,0,0,0,0.000399720195862896,0,0.0178874787648646,0.14629759168582,0,0.00409713200759468,0,0.000899370440691516,0,0.00109923053862296,0.000699510342760068,0,0.00239832117517738,0,0.0241830718497052,0,0,0,0,0,0.000799440391725792,0.00409713200759468,0,0,0.00129909063655441,0.00629559308484061,0.0748476066753273,0.0112920955331268,0,0,0,0,0.000399720195862896,0,0,0,0.00129909063655441,9.9930048965724e-05,0,0,0,0,0.00389727190966324,0,0.00149895073448586,0,0,0.000699510342760068,0,0,0,0,0,0,0,0.00049965024482862,0,0.00759468372139502,0.000399720195862896,9.9930048965724e-05,9.9930048965724e-05,0,0,0,0,0,0,0,0,0,0,0,0.00329769161586889,0.000599580293794344,0.00369741181173179,0.000299790146897172,0.000299790146897172,0,0.000299790146897172,0,0,0,0,0.0150894373938243,0.0212851004296992,0,0,0.00989307484760668,0,0,0.0250824422903967,0,0.00259818127310882,0.00629559308484061,0,0,0,0,0,9.9930048965724e-05,0,0.00519636254621765,0,0,0,0,0.00979314479864095,0,0,0.000799440391725792,0.000199860097931448,0,9.9930048965724e-05,0.000699510342760068,0.0070950334765664,0.00169881083241731,0.00139902068552014,0.0337763565504147,0.0103927250924353,0,0,0,0,0,0.000599580293794344,0.00149895073448586,0.011591885680024,0,0,0.00279804137104027,0,0.000199860097931448,0,0,0,0,0.00509643249725192,0,0.0142899970020985,0,0,0,0,0,0,0,0,0.000299790146897172,0.00049965024482862,0,0.00159888078345158,0.000399720195862896,0,0.000299790146897172,0.000799440391725792,0.000799440391725792,0,0,0,0.000299790146897172,0,0,0,0,0.00119916058758869,0.000299790146897172,0,0.00639552313380634,0.00109923053862296,0,0,0,0,9.9930048965724e-05,0.00049965024482862,0.134705706005796,9.9930048965724e-05,0,0.0049965024482862,0,0,0,0,0,0.00679524332966923,0.00179874088138303,0,0,0.00099930048965724,0,0.00879384430898371,0,0,0.00129909063655441,0,0.0129909063655441,0
0,0,0,0,0,0,0,0,0,0,0,0,0,0,0.00339796122326604,0,0,0,0,0,0,0,0.000599640215870478,0,0.000399760143913652,0.347491505096942,0,0,0.00799520287827304,0.00429742154707176,0.0022986208275035,0,0,0,0,0,0.000199880071956826,0.0149910053967619,0,0,9.9940035978413e-05,0,0,0,0,0,0,0,0,0,0,0,0,0,0,0,0,9.9940035978413e-05,0,0,0,0,0,0,0,0,0.000699580251848891,0,0.000499700179892065,0,0,0,0,0,0.000299820107935239,0.0223865680591645,0,0,0,9.9940035978413e-05,0,0,0,0,0,9.9940035978413e-05,0,9.9940035978413e-05,0,0,0,0.0022986208275035,0.000299820107935239,0,0,9.9940035978413e-05,0,0,0,0,0,0,0,0,0,0,0.00139916050369778,0.000899460323805717,0,0.0119928043174096,0,0,0,0,0,0.000299820107935239,0.00219868079152508,0,0.00639616230261843,0,0.00649610233859684,0,0,0,0,0,0,0,0.000299820107935239,0.00219868079152508,0.0327803318009195,0.000199880071956826,0,0,0,9.9940035978413e-05,0.0244853088147112,0,0,0,0.000399760143913652,0.000199880071956826,0,0,0,0,0,0,0.00279832100739556,0,0,0,0,0,0,0,0,0,0,0,0,0,0,0.000399760143913652,0,0,0,0,0,0,0,0,9.9940035978413e-05,0.000199880071956826,0,0,0.00689586248251049,0,0,0,0,0.00129922046771937,0.000199880071956826,0,0,0.000399760143913652,0,0.0190885468718769,0.00109934039576254,0,0,0,0.000399760143913652,0,0,0.000299820107935239,0.000599640215870478,0,0,0.018388966620028,0,0.00549670197881271,0,0,0.0880471716969818,0,0,0,0,0,0,0,0,0,0,0.00249850089946032,9.9940035978413e-05,0,0.000599640215870478,0,0,0,0,0.00419748151109334,0.000799520287827304,0,0,0,0,0.00149910053967619,0,0,0,0.00109934039576254,0,0,0,0,0.000699580251848891,0,0,0,0.053967619428343,0,0,0,0,0,0,0,0,0,0.000199880071956826,0.000199880071956826,0.00149910053967619,0.000699580251848891,0,0,0,0,0,0,0,0,0,0,0,0,0,0.0770537677393564,0,0,0.00719568259044573,0.174695182890266,0.000899460323805717,0,0,9.9940035978413e-05,0.000199880071956826,0.022986208275035,0,0,0,0,0,0,0,0,0.000199880071956826,0,9.9940035978413e-05,0,0,0,0.00369778133120128,0,0,0,0,0,0
0,0,0,0,0,0,0,0,0,0,0,0,0,0,0.0004999500049995,0,0,0,0,0,0,0.016998300169983,9.99900009999e-05,9.99900009999e-05,0,0.0941905809419058,0,0,0.0001999800019998,9.99900009999e-05,0.0328967103289671,0,0,0.0193980601939806,0,0,9.99900009999e-05,0.0170982901709829,0,0,0,0,0,0,0,0,0,0,0,0,0,0,0,0.0001999800019998,0,0,0,0,0,0,0,0,0,0,0,0,0,0,0,0.0046995300469953,0,0,0,0.0393960603939606,0,0,0,0,0,0,0,0,0,0,0,9.99900009999e-05,0,0,0,0,0,0,0,0,0,0,0,0,0,0,0,0,0,0,0,0,0,0.017998200179982,0,0,0,0,0,0,0.0005999400059994,0,0,0,0.0354964503549645,0,0.0076992300769923,0,0,0,0,0,0,0,0,0,0.105589441055894,0,0,0,0,0,0,0,0,0,0.0011998800119988,0,0,0,0,0,0.0031996800319968,0,0.0013998600139986,0,0,0,0,0,9.99900009999e-05,0,0,0,0,0.0027997200279972,0,0,0,0,0,0.0157984201579842,0,0,0,0,0,0,0.0002999700029997,0,0,0,0.0066993300669933,0,0.0181981801819818,0,0,0.0060993900609939,0,0,0.0051994800519948,0,0,9.99900009999e-05,0,0,0,0.004999500049995,0.0003999600039996,0,0,0,0.0053994600539946,0.0100989901009899,9.99900009999e-05,0,0,0,0,0,0,0,0.0013998600139986,0,0,0.0001999800019998,0.0561943805619438,0,0,0,0,0.0156984301569843,0,0,0,0,0,0,0,0,0,0,0,0,0,0.0047995200479952,0.0455954404559544,9.99900009999e-05,0,0.0166983301669833,0,0,0,0,0,0.0003999600039996,0.0192980701929807,0,0,0,0,0,0,0,0,0,0,0,0,0,0,0.0051994800519948,0.0012998700129987,0,0.0014998500149985,0,0,0,0,0.0001999800019998,0,0,0,0,0,9.99900009999e-05,0,0,0.0021997800219978,0,9.99900009999e-05,0,0,0,0,0.246575342465753,0,0,0.0303969603039696,0,0,9.99900009999e-05,0,0,0.0137986201379862,0,0,0,0,0.0047995200479952,0,0,0,0,0,0.0577942205779422,0
0,0,0,0,0,0,0,0.0012998700129987,0,9.99900009999e-05,0,0.0001999800019998,0,0.0132986701329867,0.005999400059994,0,0,0,0,0,0.0060993900609939,0.0065993400659934,0,0,0,0.204679532046795,0,0,0.0107989201079892,0,0.0177982201779822,0,0,0.0014998500149985,0,0,0.0004999500049995,0.0010998900109989,9.99900009999e-05,0,0,0.0006999300069993,0,0.0076992300769923,0,0.0098990100989901,0,0,0.000999900009999,0,0,0,0,0,0.0004999500049995,0,0,0,9.99900009999e-05,0.01999800019998,0,0,0,0,0,0,0.0040995900409959,0,0,0,0,0,0,0.0012998700129987,0,0,0,0,0,0.002999700029997,0,0,0,9.99900009999e-05,0,0.0007999200079992,9.99900009999e-05,0,0,0.0008999100089991,0,0,0,0,0.0003999600039996,0.0001999800019998,0,0,0.0032996700329967,0,0.0004999500049995,0,0,0,0.0016998300169983,0.0158984101589841,0.0070992900709929,0.0060993900609939,0,0,0,0,0,9.99900009999e-05,0.0001999800019998,0,0,0,0.0117988201179882,0,0,0.0007999200079992,0,0,0.0018998100189981,0.002999700029997,0,0.0021997800219978,9.99900009999e-05,0,0.0502949705029497,0.0203979602039796,0,0,0,0,9.99900009999e-05,0.0003999600039996,0,0,0.0015998400159984,0,0,0,9.99900009999e-05,0,0,0.0067993200679932,0,0,0.0061993800619938,0.0010998900109989,0,0,0,0,0,0,0.0168983101689831,0.0046995300469953,0,0,0.0003999600039996,9.99900009999e-05,0,0,0,0,0,0,0,0,0,0,0,0,0.0062993700629937,0,0.0022997700229977,0,0.0002999700029997,0,0,0,0,0,0,0.0001999800019998,0,0,0,0.0011998800119988,0,0,0,0,0,0.0060993900609939,0,0,0,0,0,0,0,0,0,0,0,0,0.0087991200879912,0.0052994700529947,0.0007999200079992,0,9.99900009999e-05,0.0038996100389961,0.0097990200979902,0.0005999400059994,0.0002999700029997,0.0002999700029997,0,0.0222977702229777,0,0,0,9.99900009999e-05,0.0038996100389961,0,0.0002999700029997,0.0050994900509949,0.0014998500149985,0.0001999800019998,0,0.0242975702429757,0,0,0,0,0,0,0,0.0042995700429957,0,0,0,0,0,0,0,0,0.0345965403459654,0,0,0,0,0.0016998300169983,0,0,9.99900009999e-05,0.0004999500049995,0,0,0,0.0001999800019998,0,0,0,0.0042995700429957,0,0.0921907809219078,0,0.0004999500049995,0.128887111288871,0,0.0001999800019998,0,0,0,0,0.114388561143886,0.0001999800019998,0,0.0058994100589941,0,0,0,0,0,0,0.0004999500049995,0,0,0,0,0,0,0.0002999700029997,0.0078992100789921,0,0.0088991100889911,0.0057994200579942
0,0,9.98701687805852e-05,0,0,0,9.98701687805852e-05,9.98701687805852e-05,0,0,0,0,0,9.98701687805852e-05,0.00649156097073804,0,0.00359532607610107,0,0,0,9.98701687805852e-05,0.000898831519025267,0,9.98701687805852e-05,0,0.03924897633077,0,0,0.00249675421951463,0,0,0,0,0.00669130130829921,0,0,0,9.98701687805852e-05,0,0,0,0,0,0,0,0,0,9.98701687805852e-05,0,0,0.000299610506341756,0,0,0,0,9.98701687805852e-05,0,9.98701687805852e-05,0,9.98701687805852e-05,0.00019974033756117,9.98701687805852e-05,9.98701687805852e-05,0.000399480675122341,0.000299610506341756,9.98701687805852e-05,0.0177768900429442,0,0,0,9.98701687805852e-05,0,0,9.98701687805852e-05,0,0,0,0,9.98701687805852e-05,0,0,0,0,0,9.98701687805852e-05,0.00109857185658644,0,0,0,0.00259662438829522,0,0.000699091181464097,0,0,0,0,0,0,0,0,0,0,0,0,0,0.000798961350244682,9.98701687805852e-05,0.446219914111655,0,0.0019974033756117,0,0,0,0.004094676920004,0,0.00109857185658644,0.00129831219414761,0,0.0173774093678218,0,0,0,0,0,0.00159792270048936,0.000399480675122341,0,0,9.98701687805852e-05,0,0.105063417557176,0,0,0.00689104164586038,9.98701687805852e-05,0,0.000699091181464097,0,0,0,0,0.00139818236292819,0,9.98701687805852e-05,0,0,0.00289623489463697,0.000898831519025267,0.00139818236292819,0.00109857185658644,0,0,0.00469389793268751,0.000798961350244682,0,0,0,0,0,0.000699091181464097,0,0,0,0,0,0,0,0,0.000998701687805852,0,0,0.00019974033756117,0,0,0,0,0.00439428742634575,0.000499350843902926,0.00019974033756117,0,0,0.0060920802956157,0,0,9.98701687805852e-05,0,0,0,0,0,0,0.0019974033756117,0,9.98701687805852e-05,0,0,0.0019974033756117,0.00559272945171277,0,0,0,0.00109857185658644,0,0,0,0,0,0,0,0,0.00489363827024868,0,0,0,0,0.00179766303805053,0.0026964945570758,9.98701687805852e-05,0.00589233995805453,0.00019974033756117,0,0,0.00109857185658644,0,0,0,0,0,0,0.000699091181464097,0,0,0,0.00139818236292819,0,0,0,0,0.00019974033756117,0,0,0,0.038050534305403,0,0,0.00429441725756517,0.000998701687805852,0,0,0,0,0,0.00019974033756117,0,0,0.000798961350244682,0.00219714371317288,0,0,0,0.00019974033756117,0,0,0,0,0,0,0,9.98701687805852e-05,0.0236692300009987,9.98701687805852e-05,0,0.0220713073005093,0,0.000499350843902926,0,0,0,0,0.160890841905523,0,0,0.0145810446419654,0,0,0,0,0,9.98701687805852e-05,0,0,0,0,0,0,0,0.00249675421951463,0,0,9.98701687805852e-05,0
0,0,0,0,0,0,0,0.00589764094362255,0,0,0,0,9.99600159936026e-05,0,0,0.000499800079968013,0,0,0,0.000999600159936026,0,0,0,0,0.000199920031987205,0.107756897241104,0,0,0.00129948020791683,9.99600159936026e-05,0,0,0,0,0,0,0.000699720111955218,0,0,0,0,0,0.000199920031987205,0.00639744102359056,0,0.0141943222710916,0,0,0,0,0,0,0,0,0.0138944422231108,0,0,0,0,0,0,0,0,0,0,0,0.00689724110355858,0,0,0.00959616153538585,0.00169932027189124,0,0,0.0139944022391044,0,0,0,0,0,0,0,0,0.0273890443822471,0,0,0.000599760095961615,0,0,0,0.00509796081567373,0,0,0,0,0,0,0.000999600159936026,9.99600159936026e-05,0.0937624950019992,0,0,9.99600159936026e-05,0,0,0,0,0.0272890843662535,0,0,0.000999600159936026,0,0,0,0.0680727708916433,0,0,0.00109956017592963,0,0.0202918832467013,0,0,0,0,9.99600159936026e-05,0,0,0,0,0,0,0.00369852059176329,0.0652738904438225,0,0,0,0,0.000899640143942423,9.99600159936026e-05,0,0,0,0,0,0,0,0,0,0.000199920031987205,0,0,0.0122950819672131,0.00169932027189124,9.99600159936026e-05,0,9.99600159936026e-05,0,0,0,0.00579768092762895,0,0,0,0,0,0,0,0,0,0,0,0,0,0,0,0,0,0,0.01609356257497,0,0,0,0,0,0.00289884046381447,0,0,0,0,0,0,0,0.00939624150339864,0,0,0,0,0,0.000299880047980808,0,0,0,0,0,0.00309876049580168,0,0,0.00039984006397441,0.000599760095961615,0,0,0,0,0,0,0.00409836065573771,0,0,0.00719712115153938,0,0,0.000899640143942423,0,0,0,0,0.00109956017592963,0.000199920031987205,0,0.0117952818872451,0,0,0,0,0.031687325069972,0,0,0,0,0,0.00139944022391044,0,0,0,0,0,0,0,0,0,0,0.00449820071971212,0,0,0,0,0.000699720111955218,0,0,0,0.00579768092762895,0,0,0,0,0,0.000199920031987205,0,0,0.000199920031987205,9.99600159936026e-05,0,0,0.0206917233106757,0,0,0,0,0,0,0.275989604158337,0,0,0.0533786485405838,0,0,9.99600159936026e-05,0,0,0,0,0,0,0,0,0.00709716113554578,0,0.00279888044782087,0,0,0.0124950019992003,0.00429828068772491
0,0,0,0,0,0,0.0001999800019998,0.0017998200179982,0,0,0,0,0,0.0268973102689731,0.0094990500949905,0,0,9.99900009999e-05,0,0,0.0006999300069993,0.0038996100389961,0,9.99900009999e-05,0.0002999700029997,0.0961903809619038,0,0,0.0006999300069993,0.001999800019998,0.0200979902009799,0.0001999800019998,0,0.0072992700729927,0,0,0.0005999400059994,0,0,0,0.0005999400059994,0.0015998400159984,0,0,0,0,0,0.0002999700029997,0,0,0,0,0,0,0.0023997600239976,0,0,0,0,0.0001999800019998,0,0.0020997900209979,0,0,0,0.0005999400059994,0.0031996800319968,0.0011998800119988,0,0,0.0006999300069993,9.99900009999e-05,0,0.0003999600039996,0,0.0002999700029997,0,0,0,0.0005999400059994,0,0.0005999400059994,0,0,0.0031996800319968,0,0,0,0,0.000999900009999,0.000999900009999,0.0066993300669933,0.0007999200079992,0,0,0,0,9.99900009999e-05,0,0,0,0.0108989101089891,0,0.0026997300269973,0.0025997400259974,0,0.0086991300869913,0.0240975902409759,0,0,0,0.004999500049995,0,0.0004999500049995,0.0001999800019998,0,0,0,0.0040995900409959,0,0,0,0.0005999400059994,0.0002999700029997,0.0126987301269873,0,0,0.0303969603039696,9.99900009999e-05,0,0.0018998100189981,9.99900009999e-05,0.0104989501049895,0,0,0,0.0091990800919908,0,0,0,0.0027997200279972,0,0,0,0.0228977102289771,0,0.0003999600039996,0,0,0.0005999400059994,0.0005999400059994,0,0,0.0002999700029997,0,0,0,0,0.0304969503049695,0,0,0.0002999700029997,0,9.99900009999e-05,0,0,0,0,0.0005999400059994,0,0.0013998600139986,0,0,0.0003999600039996,0,0.0007999200079992,0,0,0.0704929507049295,0,0.0082991700829917,0,0,0,0.0002999700029997,0,0,0,0,0.0001999800019998,0,0.0016998300169983,0,0,0,0,0,0,0,0,0.0007999200079992,0,0,9.99900009999e-05,0,0.0022997700229977,0,0,0,0.000999900009999,0,0,0.0018998100189981,0,0,0,0.0003999600039996,0,0.006999300069993,0.0012998700129987,0.001999800019998,0.0038996100389961,0,0.0104989501049895,0,9.99900009999e-05,0,0,0.0004999500049995,0.0007999200079992,0.0163983601639836,0,0,0.107089291070893,0,0,0,0.0010998900109989,0,0,0,0,0,0.0004999500049995,0,0,0,9.99900009999e-05,0.0004999500049995,0,0.0082991700829917,0.0006999300069993,0.0004999500049995,0,0.0004999500049995,0,0.0015998400159984,0,0,0,0.0002999700029997,0,0,0,0,0,9.99900009999e-05,0,0.0003999600039996,0.157884211578842,0,0.0062993700629937,0.0482951704829517,0,0.0002999700029997,0,0,9.99900009999e-05,0.0013998600139986,0.0974902509749025,0,0,0.0113988601139886,0,0,0,0,0.0006999300069993,0.001999800019998,0.0140985901409859,0,0,9.99900009999e-05,0,0.0021997800219978,0,9.99900009999e-05,0,0,0.0213978602139786,0
0,0,0,0,0,0,0,0,0,0,0,0,0,0,0,0,9.99900009999e-05,0,0,0,0,0.0003999600039996,0,0.0005999400059994,0,0.0497950204979502,0,0,0.0006999300069993,0,0.0145985401459854,0,0,0.0005999400059994,0,0,0,0.0060993900609939,0,0,0,0,0,0,0,0,0,0,0.0003999600039996,0,0,0,0,0,0,0,0,0.0001999800019998,0,0.0004999500049995,0,0,0,0,0,0,0,0,0,0.0108989101089891,0,0,0,0,0,0,0,0,0,0.0028997100289971,0,0,0.0215978402159784,0,0,0,0,0,0,0,0,0.0025997400259974,0,0,0,0,0,0,0,0,0,0,0,0,0,0,0,0.525647435256474,0,0.0014998500149985,0,0,0,0,0,0,0,0,0.0027997200279972,0,0,0,0,9.99900009999e-05,0,0,0,0,0,0,0,0,0,0,0,0,0,0,0,0,0.0026997300269973,0,0,0,0,0,0.0030996900309969,0,0,0,0,0,0,0,0,0,0,0,0,0,0,0,0,0,0,0,0,0,0,0,0,9.99900009999e-05,0,0,0,0,0,0,0.0064993500649935,0,0,0,0,0,0,0,0,0,0,0.0010998900109989,0,0,0,0.001999800019998,0,0,0,0,0,0,0,0,0,0,0,0.0026997300269973,0.0011998800119988,0,0,0,0,0,0,0,0,0,0.0147985201479852,0,0,0,0,0,0,0,0,0,0,0,0,0,0,0,0,0.0093990600939906,0,0,0,0.0001999800019998,0,0,0,0,0,0,0,9.99900009999e-05,0,0,0,0,0,0,0,0,0,0,0,0,0,0,0,0,0,0,0,0,0,0,9.99900009999e-05,0.0075992400759924,0.0011998800119988,0,0.0103989601039896,0,9.99900009999e-05,0,0,0,0.0005999400059994,0.286671332866713,0,0.0001999800019998,0,0,0,0,0,0,0,0,0,0,0,0,0.0071992800719928,0,0,0,0,0,0
0,0,0,0,0,0,9.99000999000999e-05,0.0024975024975025,0,0,0,0,0,0.0163836163836164,0.000799200799200799,0,0,9.99000999000999e-05,0,0,0.00949050949050949,0,0,0.0002997002997003,0,0.113386613386613,0,0,0.0001998001998002,0,0.0487512487512488,0,0,0.0012987012987013,0,0.0018981018981019,0.0001998001998002,0.03996003996004,9.99000999000999e-05,0,0,0,0,0.0180819180819181,9.99000999000999e-05,0.0153846153846154,0,0,0,0,0,0,0,0,0,0,0.0004995004995005,0,0,0.0444555444555445,0,0,0,0,0,0,0.041958041958042,0,9.99000999000999e-05,0,0,0,0.0001998001998002,0.0484515484515484,0,0,0,0,0,0.0134865134865135,0.0001998001998002,0,0.0172827172827173,0,0,0,0.0002997002997003,0,0,0.0014985014985015,0,0.0025974025974026,0.0001998001998002,0,0,9.99000999000999e-05,0,0,0.0034965034965035,0,0,0,0,0.00949050949050949,0,0.000999000999000999,0.0154845154845155,0.0286713286713287,0,0,0.000599400599400599,0,0,0.011988011988012,0.0004995004995005,0,0,9.99000999000999e-05,0,0,0.00949050949050949,0,0,0,9.99000999000999e-05,0,0,0,0,0.00699300699300699,0.11048951048951,0.00619380619380619,0,0,0,9.99000999000999e-05,9.99000999000999e-05,0,0,0,0,9.99000999000999e-05,0,0,0,0.0002997002997003,0,0,0,0,0.00779220779220779,0.0306693306693307,0,0,0,0,0,0,0,0.0015984015984016,0,0.0045954045954046,9.99000999000999e-05,0,9.99000999000999e-05,0.0175824175824176,0,0,0,0,0,0,9.99000999000999e-05,0,9.99000999000999e-05,0,0.00839160839160839,0,0.0021978021978022,0.0026973026973027,0,0,0,0,0,0,0,9.99000999000999e-05,0,0,0,0.00729270729270729,9.99000999000999e-05,0,0.002997002997003,9.99000999000999e-05,0.00669330669330669,0,0,0,9.99000999000999e-05,0.000899100899100899,0,0,9.99000999000999e-05,0,0,0,9.99000999000999e-05,0.000699300699300699,0,0,0,0,0,0.00589410589410589,0.0142857142857143,0,0.0185814185814186,0,0,0.0651348651348651,0,0,0,0,0,0,0.00859140859140859,0.00729270729270729,0.00569430569430569,0.000899100899100899,0,9.99000999000999e-05,0,0.000699300699300699,0,0,0,0,0,0.0001998001998002,0.045954045954046,0,0,0,0,0,0.0016983016983017,0,0,0.000799200799200799,0.0030969030969031,9.99000999000999e-05,0.0010989010989011,0,0,0.0002997002997003,0,0,0,0,0,0,0,0,0,0,0,0.0004995004995005,0,0.00699300699300699,0.0031968031968032,0,9.99000999000999e-05,0,0,0,0.0001998001998002,0.0224775224775225,0,0,0.0184815184815185,0,0,0,0,0,0,0,0,0.0144855144855145,0,0,0.0002997002997003,0,0.0002997002997003,0,0,0.0118881118881119,0
0,0,0,1e-04,0,0,0,1e-04,0,0,0,0,0,0,0,0,0,0,0,0,0,0.0126,0,5e-04,0,1e-04,0,0,0.0026,0,0.0085,0,0,0,0,0,7e-04,0.0033,2e-04,0,0,0,0,0.0186,0,0.0096,0,0,0,0,0,0,0,0,0,0,0,0,0,0,0,0,0,0,0,0,0.0102,0,0,0,0,0,0,0,0,0,0,0,0,0,0,0,0,0,0.0042,0,0.0149,0,0,0,0,0,0.0056,0,0,1e-04,0,0,0,0,0,0,0,0,0,0,0,0.2676,0,6e-04,0,0,5e-04,0.0212,0,0,0,0,0.0048,0,0,0,0,2e-04,0,0,0,0,0,0,0,0.0038,0,0,0,0,0.012,0,0,0,0.0072,0,0,0,0,0,0,0,0,0,3e-04,0,0,0,0,1e-04,0,0,0.0054,0.021,0,0,0,0,0,0,0,0,0,0,0,0,0,0,0,0,0,0,0.0078,0,0,0,0,0,0,0,0,0,0,0,0,0,0,0,0,0,0,3e-04,0,0,0,0,0,0,0,0,0,0,0,0,0,0,0,0,0,0,0,0,0.0214,0,0.0016,0,0,0,0,0,0,0,0.0069,0,0.0066,0,0,0.3764,0,0,0,0,0,0,0,0,0,0,7e-04,0,0,0,0,0,0,0,0,0,0,0,0,0,0,0,0,0,1e-04,0,0,2e-04,0,0,0,0.022,0,0,0.033,0,0,0,0,0,0,0.0352,0,0,0.0508,0,0,0,0,1e-04,3e-04,0,0,0,0,0,0,0,0,0,0,0,0
0,0,0,0,0,0,9.99800039992002e-05,0,0,0,0,0,0.0001999600079984,0,0.000599880023995201,0,0,0,0,0,0,0,0,9.99800039992002e-05,0,0.245450909818036,0,0.000599880023995201,0.0001999600079984,0.00959808038392321,0,0,0,0.0133973205358928,0,0,0,0,0,9.99800039992002e-05,0,0,0,0,0,0.0212957408518296,0,0,0,0,0,0,0,0,0,0,0,0,0,0,0,0,0,0,0,0,0.0120975804839032,0,0,0,0,0,0,0,0,0.00589882023595281,0,0,0,0.00499900019996001,0,0,0,0,0,0.115376924615077,0.0245950809838032,9.99800039992002e-05,0,0,0,9.99800039992002e-05,9.99800039992002e-05,0,0,0.0001999600079984,0.000599880023995201,9.99800039992002e-05,0,0,0,0.000599880023995201,0,0,0,0,0,9.99800039992002e-05,0,0,0,0,0,0.00399920015996801,0,0,0.0251949610077984,0,0.0118976204759048,0,0.010497900419916,0,0.001499700059988,0,0.0013997200559888,0,0,0,0,0,0.106578684263147,0,0,0,0,0,9.99800039992002e-05,0,0,0,0.016996600679864,9.99800039992002e-05,0,0,0,0,0,0,0,0,0,0,0.00469906018796241,0,9.99800039992002e-05,0,0,0,0,0.000399920015996801,0,0.00689862027594481,0,0,0,0,0.0002999400119976,0,0,0,0,0,9.99800039992002e-05,0,0,0,0.00449910017996401,0,0,0,0,0,0,0,0,0,0,0.000499900019996001,0,0,0,0,9.99800039992002e-05,0,0,0,0.0136972605478904,0.00959808038392321,0,0,0,0,0,0,0,0,0,0.000499900019996001,0,0,0.0680863827234553,0,0,0,0,0.0030993801239752,0,0,0.0015996800639872,0,0,0,0,0,0,0,0,0,0,0,0,0,0.000999800039992002,0,0.000399920015996801,0,0,0,0.000599880023995201,0.0549890021995601,0,0,0.0357928414317137,0,0,0,0,0,0,0,0,0,0,0,0,0.0339932013597281,0.0192961407718456,0,0,0,0,0,0,0,9.99800039992002e-05,0,0,0,0,0.011997600479904,0,0,0.0255948810237952,0.000499900019996001,0,0,9.99800039992002e-05,0,0,9.99800039992002e-05,0,9.99800039992002e-05,0.0422915416916617,0,0,0.0142971405718856,0,0,0,0,0,0,0,0,0,0,9.99800039992002e-05,0,0,0.00979804039192162,0
0,0.00139944022391044,0.00039984006397441,0,0.000199920031987205,0,0.00169932027189124,0.00319872051179528,0,0,9.99600159936026e-05,0,0,0,0.00259896041583367,0,0.000899640143942423,9.99600159936026e-05,0,9.99600159936026e-05,9.99600159936026e-05,0.00039984006397441,0,0,9.99600159936026e-05,0.378848460615754,9.99600159936026e-05,0,0.0100959616153539,0.0102958816473411,0,0,0,0.00149940023990404,0.000299880047980808,0,0.00039984006397441,0.00749700119952019,0,0,0,0.000199920031987205,0,0.00109956017592963,0,0.000699720111955218,0,0.000499800079968013,0.000299880047980808,0,0.00039984006397441,0,0,0,0.000299880047980808,0.000199920031987205,0,0.000899640143942423,0,0.0392842862854858,0,0.000299880047980808,9.99600159936026e-05,0,0,0.007796881247501,0.0371851259496202,0,0,0,0.00079968012794882,0,0,0,0,0,0,0,0,0.00249900039984006,0,0.00169932027189124,0.00269892043182727,9.99600159936026e-05,0.00329868052778888,0,0,9.99600159936026e-05,0,0.00339864054378249,0,0.00729708116753299,0.00449820071971212,0,0,0.000199920031987205,0,0,0.00139944022391044,0,0,0,0.000299880047980808,0.00259896041583367,0,0.00429828068772491,0,0.0235905637744902,0,0.00159936025589764,0,0,0,0.00169932027189124,0,0,0.00249900039984006,0,0.00649740103958417,0,0,0,0,0,0.000699720111955218,0.000299880047980808,0,0,9.99600159936026e-05,0,0.0363854458216713,0.00339864054378249,0,0.0107956817273091,0.000999600159936026,0,0.00329868052778888,0,0,0.00119952019192323,0.0348860455817673,0.000199920031987205,0,0,0.000299880047980808,0.00039984006397441,0,0,0.00339864054378249,9.99600159936026e-05,0,0.00659736105557777,0,0,0,0,0.00169932027189124,0,0.000499800079968013,0,0,0.00809676129548181,0,0,0,0,0,0,0,9.99600159936026e-05,0,0.000299880047980808,0.00609756097560976,0,0,0,0.0103958416633347,0.00839664134346262,0.00209916033586565,0,0,0,0,0,9.99600159936026e-05,0,0,0.000599760095961615,0.00039984006397441,0,0,0.00259896041583367,0.000199920031987205,0,9.99600159936026e-05,0,0,0.00979608156737305,0,0,0.000199920031987205,0.00169932027189124,0,0.000499800079968013,0,0.00949620151939224,0,0,0,0,0,0,0.0196921231507397,0.000199920031987205,0.000599760095961615,0.0244902039184326,0.00559776089564174,0.000599760095961615,0.0245901639344262,0.000699720111955218,0.00119952019192323,0,0.000999600159936026,0,0,0,9.99600159936026e-05,0,0,0.00919632147141144,9.99600159936026e-05,0.000199920031987205,0.00119952019192323,0.00299880047980808,0.00159936025589764,0,0,0.000599760095961615,0.00149940023990404,0.000199920031987205,0,0,0,0.0111955217912835,0,0,0,0.00119952019192323,0.00149940023990404,0,0,0,0.000999600159936026,9.99600159936026e-05,0.000199920031987205,0.000199920031987205,0,0,0.000199920031987205,0.000299880047980808,0,0,0.000199920031987205,0.000599760095961615,0,0,0,0,0,0.0688724510195922,0.00139944022391044,9.99600159936026e-05,0.0524790083966413,0,0,0,0,0.00039984006397441,9.99600159936026e-05,0.000599760095961615,0,0,0.00499800079968013,0,0,0,0,0.00209916033586565,0.00499800079968013,0.000899640143942423,0,0,0,0,0,0,0,0,0,0.00289884046381447,0
0.000299820107935239,0,0,0,0,0,0.00139916050369778,0,0,0,0,0,0,0,0.00149910053967619,0,0,0,0,9.9940035978413e-05,0,0.00199880071956826,0.000399760143913652,0.000199880071956826,0,0.323605836498101,0,0,0.000299820107935239,0.000899460323805717,0.0239856086348191,0.0235858484909055,0,0.00449730161902858,0,0,0.000599640215870478,0,0,0,9.9940035978413e-05,0,0,0.00119928043174096,0,0,0,0,0,0,0.000299820107935239,0,0,0,0.00129922046771937,9.9940035978413e-05,0,0,0,0.00719568259044573,0,0,0,0,0,0,0,0,0.00259844093543874,0,0.00289826104337398,0,0,0,0,0,0,0,9.9940035978413e-05,0.00119928043174096,0,0,0.000899460323805717,0,0,0,0,0,0,0,0,0.000299820107935239,0.000199880071956826,0,0,9.9940035978413e-05,0,9.9940035978413e-05,0,0,0.00159904057565461,0.000799520287827304,0,0,0,0.000399760143913652,0.00559664201479113,0.00779532280631621,0,0.00109934039576254,0,0,0,0,0,0,0,0,0.0295822506496102,0.000299820107935239,0.00419748151109334,0,0,0,0,0,0,0.00679592244653208,0,0.010893463921647,0.0407755346791925,0,0,0,0,0,0.000599640215870478,0,0,0,0,0,0.00199880071956826,0,0,0.0192884269438337,0,0,0.00489706176294223,0,0,0,0,0,0,0.000399760143913652,0,0,0,0.000499700179892065,0,0.00569658205076954,9.9940035978413e-05,0.00369778133120128,9.9940035978413e-05,0,0,0,0,0,0.00319808115130921,0.00429742154707176,0.0165900459724166,0.000299820107935239,0,0,0.00469718169098541,0,0.000599640215870478,0,0,0.00559664201479113,0,0,0,9.9940035978413e-05,0,0,0.00669598241055367,0,0,0,0,0,0,0,0.00599640215870478,0,0,0,0,0.00419748151109334,0,0.00159904057565461,0.000599640215870478,0,0,0,0,9.9940035978413e-05,0.00489706176294223,0,0.00219868079152508,0,0.00129922046771937,0.00239856086348191,0.00149910053967619,0.0030981411153308,0,0.000599640215870478,9.9940035978413e-05,0.0348790725564661,0,0.000199880071956826,0.000199880071956826,0,0,0,0,0.00959424345392764,0.00389766140315811,0,0,0.00299820107935239,0,0,0,9.9940035978413e-05,0,0,0.0104937037777334,0,0.0139916050369778,0,0,0,0,0,0,0,0,0,0.00169898061163302,0,0,0.000599640215870478,0,0,0,0.00439736158305017,0,0,0,0,0,0,0.000199880071956826,0,0,0.000299820107935239,0,0.00169898061163302,0.00559664201479113,9.9940035978413e-05,0,0,0,0,0.0022986208275035,0.250349790125924,0,0.000399760143913652,0.0084949030581651,0,0,0,0,0,0,0.00809514291425145,0,0,0,0.000199880071956826,0,0,0,0,0,0.0194883070157905,0
0.00249775202317914,0,0,0,0.00479568388450395,0.000199820161854331,0.000199820161854331,0,0,0,0.000199820161854331,0,0.000599460485562993,0,0.0224797682086122,0,0,0.000199820161854331,0.000299730242781497,0,0,0.00419622339894095,0,0,0,0.016285343191128,0,0,0,0.00539514437006694,0.0637426316315316,0,0,0.00539514437006694,0,0,0.000299730242781497,0.0190828254570886,0.000199820161854331,0,0,0,0,0,0,0.0184833649715256,0,0.000599460485562993,0,0,0.000399640323708662,0,9.99100809271655e-05,0.000199820161854331,0.00499550404635828,0,0,0,0,9.99100809271655e-05,0,0,0,0,0,0,0,0,0.000499550404635828,0,0.00219802178039764,0,0,0,0,0.0276750924168249,9.99100809271655e-05,0,0,0.00129883105205315,0,9.99100809271655e-05,0.0329703267059646,0,0,0.000299730242781497,0,0,0,0.0285742831451693,0,0.0202817464282146,0.00819262663602758,0,0,0,0.000199820161854331,0,0,0,0,0,0,0.00359676291337796,0.000599460485562993,0,0,0.0977120591467679,0,0,0,0,0,0.00539514437006694,9.99100809271655e-05,0,0,0,0.0057947846937756,0,0,0,0,0,0.0481566590068938,0,0.000599460485562993,0,0.00129883105205315,0.015685882705565,0.0215805774802678,0.00309721250874213,0,0,0,9.99100809271655e-05,0.0808272554700769,0,0,0,0.00109901089019882,0,0,0,0,0,0.00219802178039764,0,9.99100809271655e-05,0,0.00119892097112599,0,0,0,0,0,0,0,0,0.000299730242781497,0,0.000599460485562993,0,0.062144070336697,0,0,0.000499550404635828,0,9.99100809271655e-05,0.000799280647417324,0.000799280647417324,0,0,0,0,0,0.000199820161854331,9.99100809271655e-05,0.00769307623139175,0.000299730242781497,0,9.99100809271655e-05,0.00089919072834449,0,0.000299730242781497,0,0,0,0,0,0.000499550404635828,0.00959136776900789,0,0.00089919072834449,0.00409631331801379,0,0,9.99100809271655e-05,0,0,0,0,0,0.0170846238385453,0,0.00279748226596064,9.99100809271655e-05,0,0,0,0,0,0,0,0,0,0.00679388550304726,0.000399640323708662,0.000199820161854331,0,0.00789289639324608,0.000599460485562993,0,0,0,0,0,0,0.0101908282545709,0,0.00759316615046458,0,0,0.040463582775502,0,0,0.000599460485562993,0,0,0.000599460485562993,0.000199820161854331,0,0,0,0.000499550404635828,0.000299730242781497,0,0,0,0,0,0,0.00339694275152363,0,0.00129883105205315,0.000599460485562993,0.000199820161854331,0,0,0.026576081526626,0,0,0,0,0.000499550404635828,0,0,0,0.000199820161854331,0.0685383155160356,0,0,0.0125886701968229,0,0,0,0,0,0.000599460485562993,0.000299730242781497,0,0,0.0731341792386852,0,0,0.00769307623139175,0,0,0,0.00879208712159057,0.00919172744529923,0,9.99100809271655e-05,0,0,0.000499550404635828,0.000699370566490159,0,0,0.016285343191128,0
0,0,0,0,0,0,0.0004999500049995,0.0002999700029997,0,0,0,0,0,0,0.0021997800219978,0.0013998600139986,0.0001999800019998,0.001999800019998,0,0,0,0.0005999400059994,0,0.0006999300069993,0,0.0047995200479952,0,0,0.0082991700829917,0,0.0466953304669533,0,0,0.0002999700029997,0,0,0.0110988901109889,0.0020997900209979,0,0.0001999800019998,0,0,0,0,0,0.0072992700729927,0,0.0017998200179982,0,0,0.0003999600039996,0,0,0,0,0,0,0,0,0.0037996200379962,0,0,0,0.0005999400059994,0,0,0.0013998600139986,0,0.0012998700129987,0.0001999800019998,0.0024997500249975,0,0,0,0,0,0,0,0,0.0038996100389961,0,0.0010998900109989,0.0005999400059994,0,0,0.0006999300069993,0,0.0001999800019998,0,0.0022997700229977,0,0.0007999200079992,0.0005999400059994,0,0,0.0002999700029997,0,0,0,0,0,0.0098990100989901,0,0,0,0.0041995800419958,0,0.018998100189981,0,0.0083991600839916,0,0,0,9.99900009999e-05,0.0008999100089991,0.0007999200079992,0,0,0.0007999200079992,0,0,0,0.0008999100089991,0,0.0032996700329967,0,0,0,0,0,0.119388061193881,0,0,0.0105989401059894,0.0142985701429857,0.0008999100089991,9.99900009999e-05,0,0,0,0.001999800019998,0.0002999700029997,0,0,0,0,0.0022997700229977,0,0.0028997100289971,0,0,0,0,9.99900009999e-05,0,0,0,0,0,0.0001999800019998,0,0.0204979502049795,0,0,0,0,0,0,0,0,0,0.0032996700329967,0.0946905309469053,0,0.0026997300269973,0,0.0030996900309969,0.0002999700029997,9.99900009999e-05,0.0004999500049995,0,0,0.0002999700029997,0,0.0004999500049995,0,0.0007999200079992,0,0,0,0,0.0036996300369963,0,0,0.0003999600039996,0.0037996200379962,0.001999800019998,0.0167983201679832,0,0.0003999600039996,0,0.0014998500149985,0,9.99900009999e-05,0.13988601139886,0,0,0,0,0,0,0,0,0,0.0003999600039996,0.0042995700429957,9.99900009999e-05,0,0.0454954504549545,0,9.99900009999e-05,0.0228977102289771,0,0,0,0,0,0,0,0.0098990100989901,0.0034996500349965,0,0,0.002999700029997,0,0,0.0008999100089991,0,0,0.0045995400459954,0,0,0.0375962403759624,0,0.0001999800019998,0,0,0,0,0,0,0.0001999800019998,0,0,0.0004999500049995,0.0014998500149985,0.0001999800019998,0,0,0,9.99900009999e-05,0,0,0.0003999600039996,0.0306969303069693,0,0,0,0,0.111588841115888,0,0,0.0732926707329267,0,0.0033996600339966,0,0,0,0.004999500049995,9.99900009999e-05,0,0,0.0134986501349865,0,0,0,0,0,0.0005999400059994,0,0.0100989901009899,0,0,0.000999900009999,9.99900009999e-05,0,9.99900009999e-05,0,0,0.0066993300669933,0
0,0,0,9.99700089973008e-05,0,0,0.00279916025192442,0,0,0,0,0,0,0,0,0,0,0,0,0,0,0,0,0.00339898030590823,0,0.267819654103769,0,0,0.00509847045886234,0,0.0244926522043387,0,0,0,0,0,0.00509847045886234,0.0742777166849945,0,0.000199940017994602,0.000299910026991902,0,0,0,0,0,0,0,0,9.99700089973008e-05,0,0,0,0,0,0,0,0,0,0.0137958612416275,0,0,0,0,0,0,0,0,0,0,0,0,0,0,0,0,0,0,0,0,0,0,0,0,0,0,0,0,0,0.00499850044986504,0,0.00139958012596221,9.99700089973008e-05,0,0,9.99700089973008e-05,0,0,0.0239928021593522,0,0,0,0,0,0,0,0,0.110466859942017,0,0,0,0,0,0,0,9.99700089973008e-05,0,0.000299910026991902,0,0,0,0,0,0.000199940017994602,0,0,0.0372888133559932,0,0,0,0,0,0,0,0,0,0.000799760071978406,0,0,0,0.157752674197741,0,0,0,0,0,0.0188943317004899,0,0,0,0,0,0,0,0,0,0,0,0,0.0156952914125762,0,0,0,0,0,0,0,0,0,0,0,0,0,0,0,9.99700089973008e-05,0,0,0.0109967009897031,0,0,0,0,0,0,0,0,0,0,0,0,0,0,0,0,0,0,0,0,0,0,0,0.00119964010796761,0,9.99700089973008e-05,0,0,0,0,0.00249925022493252,0,0,0,0,0,0,0,0,0,0,0,0.0164950514845546,0,0,0,0,0,0,0,0,0,0,0,0.132260321903429,0,0,0,0,0,0,0,0,0,0,0,0.00629811056682995,0.000199940017994602,0,0,0,0,0,0,0,0,0,0.0154953513945816,0,0,0,0,0,0,0,0,0,0,0,0,9.99700089973008e-05,0,0,0.0220933719884035,0,0.00129961011696491,0,0,0,0.00249925022493252,0.00149955013495951,0,0,0,0,0,0,0,0.000599820053983805,0,0.00159952014395681,0,0,0,0,0.0150954713585924,0,0,0,0,0,0
0,0,0,0,0,0,0,0,0,0,0,0,0,0,0,0,0.0031993601279744,0.0001999600079984,0,0,0,0.0117976404719056,0,9.99800039992002e-05,0,0.0624875024995001,0,0,0.000699860027994401,0.000399920015996801,0.0001999600079984,0,0,0.00409918016396721,0.0001999600079984,0,0,0.0280943811237752,0,0,0,0,0,0,0,0.0183963207358528,0,0,0,0,0,0,0,0,0,0.000699860027994401,0,0,0,0.0256948610277944,0.000399920015996801,0,0,0,0,0,0.00509898020395921,0,0,0.0027994401119776,0.0510897820435913,0,0,0,0,0,0,0,0,0.0552889422115577,0,0.0025994801039792,0.00659868026394721,0,0,0,0.0175964807038592,0,0,0.0028994201159768,0,0.000399920015996801,0,0,0,0,0,0,0,0,0,0,0,0,0,0.0002999400119976,0,0.015996800639872,0,0,9.99800039992002e-05,0,0,0.0010997800439912,0,0.0001999600079984,0,0,0.017996400719856,0,0.00329934013197361,0,0,0,0.000599880023995201,0.0441911617676465,0,0,0.000999800039992002,0,0.0938812237552489,0,0.00399920015996801,0.00329934013197361,9.99800039992002e-05,0,9.99800039992002e-05,0,0,0,9.99800039992002e-05,0,0,9.99800039992002e-05,0.000499900019996001,0,0.0012997400519896,0,0.0015996800639872,0,0,0,0,0.000499900019996001,0,0,0,0,0,0,0,0,0,0,0,0,0,0,0,0,0.00339932013597281,0.000999800039992002,0,0,0.000999800039992002,0,0.00529894021195761,0,0.0202959408118376,0.00409918016396721,0,0.001499700059988,0,0,0.0031993601279744,0,0,0.0253949210157968,0,0,0.0016996600679864,0.00449910017996401,9.99800039992002e-05,0,0,0,0.0100979804039192,0,0,0.0376924615076985,0,0.000999800039992002,0.00739852029594081,0.0836832633473305,0.0111977604479104,0,0,0,9.99800039992002e-05,0,0.0202959408118376,0,0,0,0.0026994601079784,0.00449910017996401,0.00559888022395521,0.0186962607478504,0,0,0.002999400119976,0,0,0,0,0.0011997600479904,0,0,0,0.00409918016396721,0.0112977404519096,0,0.0002999400119976,0.0191961607678464,0,0,0.000599880023995201,0.0023995200959808,0,0.0403919216156769,0,0,0.000599880023995201,0,9.99800039992002e-05,0.000499900019996001,0,0,0,0,0,0,0.00539892021595681,0,0.000799840031993601,0.00329934013197361,0,0,0,0.0001999600079984,0,0,0,0.000899820035992801,0,0,0,0,0,0.0001999600079984,0,0,0.00409918016396721,0,9.99800039992002e-05,0,0,0,0,0.0610877824435113,9.99800039992002e-05,0,0.0348930213957209,0,0,0,0,9.99800039992002e-05,0,0.0143971205758848,0,0,0,0,0,0,0.000599880023995201,0,0,0.0243951209758048,0
0,0,0,0,0.000299550673989016,0,9.98502246630055e-05,9.98502246630055e-05,0,0,0,0,0,0.00579131303045432,0,0,0,0,0,0,9.98502246630055e-05,9.98502246630055e-05,0,0,0,0.155766350474289,0,0,0,0,0.0018971542685971,0,0,0.00219670494258612,0,0.00119820269595607,0.000399400898652022,9.98502246630055e-05,0,0,0,0,0,9.98502246630055e-05,0,9.98502246630055e-05,0,0,0,0,0,0,0,0,0,0,0,0,0,0.000898652021967049,0,0,0,0,0.00269595606590115,0,0.00309535696455317,0,0,0,0.000399400898652022,0,0,9.98502246630055e-05,0.0559161258112831,0,0,0,0,9.98502246630055e-05,0,0,0,9.98502246630055e-05,0,0,0,0,0,0.000898652021967049,0.0392411382925612,0,0.00309535696455317,0,0,0.000399400898652022,0,0,9.98502246630055e-05,0,0,0,0,0,0,0.000199700449326011,0,0.00209685471792312,0,0.00139790314528208,0,0,0,0.000299550673989016,0.000199700449326011,0.000199700449326011,0,9.98502246630055e-05,9.98502246630055e-05,0,0.00169745381927109,0,0,0,0.00119820269595607,0,0.0036944583125312,0,0,0,0.0101847229156266,9.98502246630055e-05,0,0,0.000998502246630055,0.000399400898652022,9.98502246630055e-05,0,0,0.00109835247129306,0,0,0,0,0,0,0,0,0.00199700449326011,0,0.000199700449326011,0,0.0035946080878682,0,0,0,0,0,0.000199700449326011,0.000299550673989016,0,0,0,9.98502246630055e-05,0,0,0,0,0,0,0,9.98502246630055e-05,0,0,0,0,0.00109835247129306,0,0.000798801797304044,0,0,0,0,0,0,0,9.98502246630055e-05,9.98502246630055e-05,0.000698951572641038,0,0,0.000599101347978033,0,0,9.98502246630055e-05,0,0.00399400898652022,0.00199700449326011,0,0,0,0.000299550673989016,0,0,0,0,0,0,0,0,0,0,0,0,0,0,0.000898652021967049,0,0,0,0,0.0018971542685971,0.000499251123315027,0,0,0,9.98502246630055e-05,0,0.000599101347978033,0.000499251123315027,9.98502246630055e-05,0,0,0.0223664503245132,0,0,0,0,0,0,0,9.98502246630055e-05,0.0217673489765352,0,0,0,0,0,0,0,0,0,0,0,9.98502246630055e-05,0,0,0,0,0.000299550673989016,9.98502246630055e-05,0,0,9.98502246630055e-05,0,0,0,0,0,0.587818272591113,0,9.98502246630055e-05,0.0416375436844733,0,9.98502246630055e-05,9.98502246630055e-05,0,0,0,0.000399400898652022,0,0,0.000499251123315027,0,0,0,0,0,0.000199700449326011,0,0,0,0,0,0.00329505741387918,0.000299550673989016,0.000299550673989016,9.98502246630055e-05,0,9.98502246630055e-05,0
0,0,0,0,0,0,0,0,0,0,0,0,0,0,0.001999600079984,0,0,0,0,0,0,0,0,0,0,0.0319936012797441,0,0,0.00759848030393921,0.00769846030793841,0.0974805038992202,0,0,0,0,0,0.0020995800839832,0.000699860027994401,0,0,0.0001999600079984,0,0,0,0,0.0028994201159768,0,0,0,0,0,0,0,0,0,0,0,0,0,0,0,0,0,0,0,0,0.00549890021995601,0,0.0001999600079984,0,0,0,0,0,0,0.00329934013197361,0,0,0,0,0,0,0,0,0,0,0,0,0,0,0,0.000599880023995201,0.0028994201159768,0,0,0,0,0,0.0016996600679864,0,0,0,0,0,0.0002999400119976,0,0,0.144371125774845,0,0,0,0,0,0.000899820035992801,0,0.000399920015996801,0,0,0.0136972605478904,0,0,0,9.99800039992002e-05,0,0.0102979404119176,0,0,0,0,0,0,0,0,0,0,0,0,0,0,0,0.00809838032393521,0,0,0,0,0,0,0,0,0,0.00369926014797041,0,0,0,0,0,0,0,0,0,0,0,0,9.99800039992002e-05,0,0,0,0,0,0,0,9.99800039992002e-05,0,0,0,0,0,0,0.0175964807038592,0,0,0,0,0,0,0,0,0,0,0,0,0.000799840031993601,0.000399920015996801,0,0,0,0,0,0,0,0,0,0,0,0.190561887622476,0,0,0,9.99800039992002e-05,0,0,0,0,0,0.000399920015996801,0,0.0203959208158368,0,0.00479904019196161,0,0.000799840031993601,0,0,0,0,0.0018996200759848,0,0,0.0017996400719856,0,0,0,0,0.0171965606878624,0,0,0,0,0,0,0,0,0,0,0,0,0,0,0,0,0,0,0,0,0,0.0010997800439912,0,0,0,0,0,0,0,0,0,0,0,0,0,0.00399920015996801,0,0,0.0531893621275745,0,0,0,0,0,0,0.280743851229754,0,0,0.00989802039592082,0,0,0,0,0,0,0,0,0,0,0,0.0426914617076585,0,0,0,0,0.0026994601079784,0
0,0,0,0,0.000399880035989203,0,0,0,0,0,0,0,0,0,0.000199940017994602,0,0,0,0,0,0.00309907027891633,0.00329901029691093,0,0,0,0.270518844346696,0,0,0.000499850044986504,9.99700089973008e-05,0.000599820053983805,0,0,0,0,0,0.000799760071978406,0.0119964010796761,9.99700089973008e-05,0,0,0,0,0.00239928021593522,0,0.0601819454163751,0,0,0,0,9.99700089973008e-05,0,0,0,0.00859742077376787,0,0,9.99700089973008e-05,0,0,0,0.00529841047685694,9.99700089973008e-05,0,0,0,0,0,9.99700089973008e-05,0,0.00259922023392982,0,0,0.00709787063880836,0.000199940017994602,0,0,0.000499850044986504,0,0.0148955313405978,0,0,0,0,0,0.00129961011696491,0,0,9.99700089973008e-05,0.00319904028791363,9.99700089973008e-05,0.000499850044986504,0.000199940017994602,0,0,0,0,0,0.00199940017994602,0,0,0,0,0,9.99700089973008e-05,0,0,0.0156952914125762,0,0,0,0,0,0.00319904028791363,0,0.000999700089973008,0,0.000699790062981106,0.0240927721683495,0,0,0,0,0,0.0148955313405978,0,0,0,0,0,0.0218934319704089,0.0399880035989203,0,0,0,9.99700089973008e-05,0.000199940017994602,0,0,0,0.000199940017994602,0,0,9.99700089973008e-05,0,0,0,0,0.00169949015295411,0.000699790062981106,0.0117964610616815,0.000399880035989203,0.000799760071978406,0,0,0,0,0,0,0,0,0.00589823053084075,0,0,0,0.0136958912326302,0,0,0,0,0.000199940017994602,0,0.00919724082775168,0,0,0,0.00519844046785964,0.00369889033290013,0.00119964010796761,0,0.00119964010796761,0.000799760071978406,0,0,0,0,0,0,0.0164950514845546,0,0,0.0247925622313306,0,0,0,0,0,0.00299910026991902,0,0,0,0,0,0.000599820053983805,9.99700089973008e-05,0,0,0,0.000199940017994602,9.99700089973008e-05,0,9.99700089973008e-05,0,0,0.00129961011696491,0.00159952014395681,0.00289913026092172,0.000499850044986504,0.000799760071978406,0,0,0.00819754073777867,0.0118964310706788,0,9.99700089973008e-05,0,0,0,0,0,0.00629811056682995,0.000299910026991902,0,0.00789763071078676,0,0,9.99700089973008e-05,0,0,0,0,0.000399880035989203,0,0,0,0,0,0,0.000199940017994602,0,0.00949715085474358,0,0.000799760071978406,0,0.00179946016195141,0.0147955613316005,0.00209937018894332,0.000199940017994602,0,0.021593521943417,0,0.000799760071978406,0,0.000899730080975707,0,0,0,0,0,0,0,0,0.000999700089973008,0,0,0,0.000199940017994602,0,9.99700089973008e-05,0.246326102169349,0,0,0.00639808057582725,0,0,0,0,0,0,0.00169949015295411,0,0,0,0,0.00989703089073278,0.00199940017994602,0,0,0,0.00569829051284615,0.00649805058482455
0,0,0,9.99500249875062e-05,0,0,9.99500249875062e-05,0,0,0,0,0,0,0,0.00139930034982509,0,0,0,9.99500249875062e-05,0,0,0,9.99500249875062e-05,9.99500249875062e-05,9.99500249875062e-05,0.279060469765117,0,0,0,9.99500249875062e-05,0,9.99500249875062e-05,0,0,0,0,0,0,0,0,9.99500249875062e-05,0,0,0,0,0,0,0,0,0,9.99500249875062e-05,0,0,0,0.00199900049975012,0,0,0,0,0,0,0,0,0,0,0,0.00629685157421289,0,0,0,0.00329835082458771,0,0,0,0,9.99500249875062e-05,0,0,0,0,0,0,0,0,0.0826586706646677,0,0,9.99500249875062e-05,0,0,0,0.000399800099950025,0,0.00279860069965018,0,0,0,0,0,0,0,0,0,0,0.000199900049975012,0,0,0.0339830084957521,0,0,0,0,0,0.0190904547726137,0,0,0,0,0,9.99500249875062e-05,0,0,0,9.99500249875062e-05,0,0.0459770114942529,0,0,0.00199900049975012,0.000899550224887556,0,0,0,0,0,0,0,0,0,0,0,0,0,0,0,0,0,0,0,0,0.0111944027986007,0,0,0,9.99500249875062e-05,0,0,0,0.0221889055472264,0.0100949525237381,0,0,0,0.0201899050474763,0,0,9.99500249875062e-05,0,9.99500249875062e-05,0,0,0,0,0.000199900049975012,0,0,0.000199900049975012,0.0185907046476762,0,0,0,0,0,9.99500249875062e-05,0,0,0,0,0,0,0,0,0,0,0,0,0,0,0,0,0,0,0,0.0520739630184908,0,0,0,0,0,0,0,0,0.00659670164917541,0,0,0,0,0.0150924537731134,0,0,0,0.00189905047476262,0,0.00129935032483758,9.99500249875062e-05,0,0,0,0.0285857071464268,0,0,0,0,0.0113943028485757,0,0,0,0,0,0.00829585207396302,0,0,0,0,0,0,0,0,0,0,0,0,0,9.99500249875062e-05,0,0,0,0,0,0,0,0,0,0,0.000399800099950025,0,9.99500249875062e-05,0,0,0.000199900049975012,0,0,0.0188905547226387,0,0,0,0,0,0,0.232583708145927,0,9.99500249875062e-05,0,0,0.0530734632683658,0,0,0.00339830084957521,0,0,0,0,0,0,0,0,0.00129935032483758,0,0,0,0
0,0,0,0,0,0,0.00229908036785286,0,9.99600159936026e-05,0,0,0,0,0,0.0146941223510596,0,0.00159936025589764,0,0,0,0.000899640143942423,0.00159936025589764,9.99600159936026e-05,0,0,0.112355057976809,0,0,0.0148940423830468,0.0104958016793283,0,0,0,0.00489804078368653,0,0,0.000199920031987205,0.0117952818872451,0,0,0,0,0,0.000299880047980808,0,0.0339864054378249,0,0,9.99600159936026e-05,0,0,9.99600159936026e-05,0,0,0,0,0,0,0,0,0,0,0,0,0,9.99600159936026e-05,0.00279888044782087,0,0,0,0,0,0,0,0,0,0,0,0,0,0,0,0,0,0,0.00289884046381447,9.99600159936026e-05,0,0,0.0192922830867653,9.99600159936026e-05,0,0.000199920031987205,0,0,9.99600159936026e-05,0,0,0.000699720111955218,0,0,0.00929628148740504,0,0,0,0,0,0.000299880047980808,0,0,0,0,0,0,0,9.99600159936026e-05,0,0,0,0,0,0,0,0.000299880047980808,0.024890043982407,0,0,0,0,0,0.000199920031987205,0,0,0.00119952019192323,0,0,0.00409836065573771,0,0,0,0,0,0,0,0,0.0730707716913235,0,0,0,9.99600159936026e-05,9.99600159936026e-05,0.00189924030387845,9.99600159936026e-05,0,9.99600159936026e-05,0,0,0.000199920031987205,0,0,0,0,0,0,0,0,0,0,0,0,0,0,0.33406637345062,0,0.000999600159936026,0,0,0,0,0,9.99600159936026e-05,0,0,0,9.99600159936026e-05,0,0,0,0,0.00129948020791683,0,0.0432826869252299,0.00039984006397441,0,0,0,0,0,9.99600159936026e-05,0,0,0,0,0,0,0,0,0,0,0.00319872051179528,0,0,0,0,0,0,0,0,0.0146941223510596,0,0,0,0,0,0,9.99600159936026e-05,0,0,0,0,0,0,0,0.0128948420631747,0,0,0,0,0,0,0,0,0,0,0,0,0,0.000599760095961615,0,0,0,0,0.00159936025589764,0,0,9.99600159936026e-05,0,0,0,0.00039984006397441,0,0,0,0,0,0,0,0,0,0.0542782886845262,0,0,0.0722710915633746,0,0.00649740103958417,0,0,0,9.99600159936026e-05,0.0817672930827669,0,0,0.0101959216313475,0,0,0,9.99600159936026e-05,0,0,0.00449820071971212,0,0,0,0,9.99600159936026e-05,0,0,0.00039984006397441,0,0.00319872051179528,0
0.00159808230123851,9.98801438274071e-05,0,0,0,0,0,0.000299640431482221,0,0,0,0,9.98801438274071e-05,9.98801438274071e-05,9.98801438274071e-05,0.000898921294446664,0,0,0,0.000199760287654814,0.00399520575309628,0.00349580503395925,0,0,0,0.0631242508989213,0,0,0.00069916100679185,0.0013983220135837,0.00749101078705553,0,0,0.00409508589692369,0,0,0.00938873351977627,0.0353575709149021,0,0,0,0,0,0.00489412704754295,0,0.0319616460247703,0.0555333599680384,0,0,9.98801438274071e-05,0.00069916100679185,0,0,0.000399520575309628,0.000199760287654814,0,0,0,0,0.0304634438673592,0,0,0,0,0,9.98801438274071e-05,0.00629244906112665,0,0,0.00739113064322813,0.000599280862964443,0,0,0.00489412704754295,0,0,0,0,0,0.0157810627247303,0,0,0.0312624850179784,0,0,9.98801438274071e-05,0.0158809428685577,0,9.98801438274071e-05,0.00379544546544147,0,0,9.98801438274071e-05,0,0.00109868158210148,0.000898921294446664,0,0,0.0055932880543348,0,0,0,0,0,0,0,0.000599280862964443,0.0239712345185777,0,0.0363563723531762,0,0.00229724330803036,0,0.00399520575309628,0.000799041150619257,0.000199760287654814,0.00199760287654814,0.000199760287654814,0.0833000399520575,0,0.0027966440271674,0,0.000299640431482221,0.000299640431482221,0.0013983220135837,0,0,0,0,0,0.0491410307630843,0.00549340791050739,0,0,0,0,0.000199760287654814,0.000199760287654814,9.98801438274071e-05,0,9.98801438274071e-05,0.000299640431482221,0,9.98801438274071e-05,0,0,0,0,0.00169796244506592,0.00269676388333999,0,0.000799041150619257,0,0,0,0,0,0,0,0,0,0,0,0.0179784258889333,9.98801438274071e-05,0.0170795045944866,0,0,0,0,0,0.00189772273272074,0,0,0,0,0,0.0188773471833799,0.0248701558130244,0,0,0,0,0,0,0,0,0.000199760287654814,0,0,0,0.00529364762285258,0,0.00189772273272074,0,0,0.00509388733519776,0.0104874151018777,0,0,0,0,0,0,0,0.00549340791050739,0,9.98801438274071e-05,0.000399520575309628,0.000399520575309628,0,0,0,9.98801438274071e-05,0,0.00609268877347183,0.00509388733519776,0,0.00109868158210148,0,0.00199760287654814,0.0452457051538154,0,0,0,9.98801438274071e-05,0.00259688373951258,9.98801438274071e-05,0.00269676388333999,0,0.00549340791050739,0,0,9.98801438274071e-05,0,0,0,0,0,0,0,0.00299640431482221,0,0.0234718337994407,0,0,0,0,0,0,0.0216739912105473,0,0,0,0.00928885337594886,0.000599280862964443,0.000499400719137036,0,0,0.000799041150619257,0.000199760287654814,0,0,0.00109868158210148,0,0,9.98801438274071e-05,0,0,0.00069916100679185,0,0.000399520575309628,0.0173791450259688,9.98801438274071e-05,9.98801438274071e-05,9.98801438274071e-05,9.98801438274071e-05,0,0,0.111865761086696,0,0,0.0346584099081103,0.00159808230123851,0,0.00119856172592889,0,0.000299640431482221,0,0.00359568517778666,0,0,0,0,0.0013983220135837,0,0.00189772273272074,0,9.98801438274071e-05,0.0125848981222533,0.000399520575309628
0,0,0,0,0,0,0.0149925037481259,0,0,0,0,0,0,0,0.0118940529735132,0,0,0,0,0,0,0.000399800099950025,0,0,0,0.0752623688155922,0,0,0,0,0,0.00309845077461269,0,0.00249875062468766,0,0.00199900049975012,0,0.00259870064967516,0,0,0,0,0,9.99500249875062e-05,0.000599700149925037,9.99500249875062e-05,0,0.000199900049975012,0,0,0,0,0,0,0,0,0,0,0,0,0,0,0,0,0,0,0.000399800099950025,0,0,0,0,0,0,0,0.0863568215892054,0,0,0,0,0,0,0,0,0,0,0,0,0,0,0.00709645177411294,0,0.00839580209895052,0,0,0,0,0,0,9.99500249875062e-05,0,0,0,0,0,0,0,0,0.0245877061469265,0,9.99500249875062e-05,0,0,0,0.000299850074962519,0,0,0,0,0.000499750124937531,0,0,0,0,9.99500249875062e-05,0.00339830084957521,0,0,0,0,0,0,0,0,0,0,0,0.0393803098450775,0,0,0,0.000899550224887556,0,0,0,0,0,0,0,0,0,0,0,0,9.99500249875062e-05,0,0,0,9.99500249875062e-05,0,0.00179910044977511,0,0,0,0,0,0,0,0,0,0,0,0,0.00389805097451274,0,0,0.000399800099950025,0,0,0.000499750124937531,0,0,0,0,0,9.99500249875062e-05,0,0,0,0,0,0,0.00269865067466267,0,0,0,0,0,0,0,0,0,0,0,0,0,0.00129935032483758,0,0,0,0,0.0136931534232884,0,9.99500249875062e-05,0,0,0,0,0,0,0,0,0.00459770114942529,0,0,0,0.000399800099950025,0,0,0.000199900049975012,0,0,0,0,0.0930534732633683,0,0,0,0,0,0,0,0,0.00889555222388806,0,0,0,0,0,0,0,0,0,0,0,0,0,9.99500249875062e-05,0,0,0,0,0,0,9.99500249875062e-05,0,0,0,0,0,0.441579210394803,0,0,0.0437781109445277,0,0,0,0,0,0.000199900049975012,0.0837581209395302,0,0.000499750124937531,0.00349825087456272,0,0.00149925037481259,0,0,0,0,0,0,0,0,0.000399800099950025,0,0,0.00149925037481259,0,9.99500249875062e-05,0.00579710144927536,0
0,9.99000999000999e-05,9.99000999000999e-05,0.0013986013986014,0,0,0,0.0030969030969031,0,0,0,0,0.0001998001998002,0,0.0173826173826174,0,0.00539460539460539,0.0012987012987013,0,0,0.0036963036963037,0.0046953046953047,0,0.0004995004995005,0,0,0,0.0032967032967033,0.00589410589410589,0.0047952047952048,9.99000999000999e-05,0,0,0.0028971028971029,0,0,0.000999000999000999,9.99000999000999e-05,0.000699300699300699,0,0,9.99000999000999e-05,0,0,0,0,0,9.99000999000999e-05,0,9.99000999000999e-05,9.99000999000999e-05,0,0,0.0003996003996004,0.0003996003996004,0,0,0.0002997002997003,0,0.0261738261738262,9.99000999000999e-05,0,0,0,0,0.000799200799200799,0.0176823176823177,0,0,0,0.0047952047952048,0,0,0,0,0,0,0,0,0.0004995004995005,0,0,0,0,0.0003996003996004,0.0021978021978022,0,0,0,0.0101898101898102,0,0.00519480519480519,0.0110889110889111,0,0,0,0,0,0,0,0,0.0155844155844156,0,0,0.0015984015984016,9.99000999000999e-05,0,0,0,0.0330669330669331,0,0,0,0.0116883116883117,0,0.000699300699300699,0,0,0.011988011988012,9.99000999000999e-05,0,0,0.0042957042957043,9.99000999000999e-05,0,0,0.0236763236763237,0,0,0,0.0001998001998002,0.00519480519480519,0,0,0,9.99000999000999e-05,0.00519480519480519,0,0,0,0.0027972027972028,0,0,0,0,0,0.000999000999000999,0,0,0,0.0004995004995005,0.0001998001998002,0,0.0004995004995005,9.99000999000999e-05,0,0.0015984015984016,0,0,0.0046953046953047,0,0.0010989010989011,0,0,0.0004995004995005,0,0,0,0.0002997002997003,0,0.002997002997003,0,0,0.0001998001998002,0,0,9.99000999000999e-05,0.000799200799200799,0.0157842157842158,9.99000999000999e-05,0,0,0,0.0036963036963037,0,0,0,0.0001998001998002,0,0,9.99000999000999e-05,0.00709290709290709,0.0001998001998002,0.0023976023976024,0.0002997002997003,9.99000999000999e-05,0,0,0,9.99000999000999e-05,0,0,0,0.0198801198801199,0,0.0023976023976024,9.99000999000999e-05,0,0,0.00519480519480519,0,0,0,0,0,9.99000999000999e-05,0.0042957042957043,0,0.0114885114885115,0,0,0,0,0,0.0001998001998002,0,0,9.99000999000999e-05,0,0.0041958041958042,0.0170829170829171,0,0,0.110589410589411,0,0,0,0,0,0,0,0,0.0140859140859141,0,0.0170829170829171,0.00959040959040959,0,0,0,0,0,0.0001998001998002,0.0014985014985015,0,0.0030969030969031,0.0298701298701299,0.00629370629370629,0,9.99000999000999e-05,0.00649350649350649,0.0002997002997003,0,0,0.0004995004995005,0,0,0,0,0,0.0014985014985015,0,9.99000999000999e-05,0.021978021978022,0,0.000699300699300699,9.99000999000999e-05,0.0945054945054945,0.000699300699300699,0.000699300699300699,0.240759240759241,0,0,0.0232767232767233,0,9.99000999000999e-05,0,0,0.0046953046953047,0.0023976023976024,0.00889110889110889,0,0,0,0,0.0106893106893107,0.0004995004995005,0.0137862137862138,0,0,0.0115884115884116,0
0,0,0.00149895073448586,0,0,0,9.9930048965724e-05,0,0,0,0.00049965024482862,0,0.000199860097931448,0.0232837014090137,0.0149895073448586,0,0,0,0,0,0,0,0,0,0,0.288597981413011,0,0,0.00589587288897772,0.000899370440691516,0.0395722993904267,0,0,0.0119916058758869,0,0,0,0,0,0,0,0,0,0,0,0,0,0.000199860097931448,0,0,0,0,0,0,0,0,0,0.000399720195862896,0,0,9.9930048965724e-05,0,0,0,0,0,0.000699510342760068,0,0,0,0,9.9930048965724e-05,0,0,0,0.000299790146897172,9.9930048965724e-05,0,0,0.000199860097931448,0,0,0,0,0.00419706205656041,0.12970920355751,0,0.00329769161586889,0,0.0024982512241431,0,0.000399720195862896,0.000299790146897172,0,0,0,0.00149895073448586,0,0,0,0,0.000199860097931448,0.00109923053862296,0,0,0,0,0.0637553712401319,0,0,0,0.00379734186069751,0,0,0,0,9.9930048965724e-05,0,0.00469671230138903,0,0,0,0,0.00119916058758869,0.0136904167083042,0,0,0,0,0,0,0,0,0,0,0,0.00609573298690916,0,0.00829419406415509,0,0.00099930048965724,0,0,0,0,0,0.00099930048965724,0,0,0,0,0,0,0,9.9930048965724e-05,0.00109923053862296,0,0.0373738383131808,0,0,0,0,0,0,0,0,0,0,0,0,0,0,0,0,0,0,0,0,0.00149895073448586,0.000199860097931448,0,0,0,0,0,0,0,0,0,0,0,0.00199860097931448,0.000399720195862896,0,0,0,0,0,0,0,0,0,0,0.00049965024482862,0,0,0,0,0,0.00189867093034876,0,0,0,0,0,0,0,0,0.0186869191565904,0,0,0,0,0,0,0,0,0,0.00479664235035475,0,0,0,0,0.0705506145698011,0,0,0,0,0,0.0874387928450085,0,0,0,0,0,0,0.00149895073448586,0,0,0,0,0,0.00129909063655441,0.000199860097931448,0.00109923053862296,0.0381732787049066,0,0,0,0,0,0,0,0,0,0,0,0,0.00179874088138303,0.00409713200759468,0,0,0.0728490056960128,9.9930048965724e-05,0,0,0,0,0.00119916058758869,0.00049965024482862,9.9930048965724e-05,0,0.0111921654841611,0,0,0.00219846107724593,0,0.000599580293794344,0,0,0,0,9.9930048965724e-05,0,0,0,0,0,0,0,0
0,0,9.99000999000999e-05,0,0,0,0,0.0024975024975025,0,0,0,0.0002997002997003,0.000799200799200799,0.0322677322677323,9.99000999000999e-05,0,0,0.0001998001998002,0,0.0003996003996004,0.0115884115884116,0,0,0.0004995004995005,0,0.0296703296703297,0,0,0.0026973026973027,0.0048951048951049,0.0799200799200799,0,0,0.00549450549450549,0,0,0.0001998001998002,0,9.99000999000999e-05,0,0.0001998001998002,0.0011988011988012,0,0,0,0,0,9.99000999000999e-05,0,0,9.99000999000999e-05,0,0,0,0.0003996003996004,0,0,0,0,0.0157842157842158,0,0.0048951048951049,9.99000999000999e-05,0,0,0,0.0174825174825175,0.000599400599400599,0,0,0.0015984015984016,0.0001998001998002,0,0.0014985014985015,0,0.0435564435564436,0,0,0,0.0014985014985015,0,0,0.0034965034965035,0,0,9.99000999000999e-05,0.0002997002997003,0.0015984015984016,0,0.000999000999000999,0,9.99000999000999e-05,0.000799200799200799,0.0033966033966034,0,0.0003996003996004,0,0.0002997002997003,0.000599400599400599,0,0,9.99000999000999e-05,0,0,0.000599400599400599,0.000599400599400599,0.00929070929070929,0.0313686313686314,0,0,0,0,0,9.99000999000999e-05,0.0014985014985015,0,0.0220779220779221,0.0048951048951049,0.0211788211788212,9.99000999000999e-05,0,0,0,0.002997002997003,9.99000999000999e-05,0,0,0,0,0.00789210789210789,0.0264735264735265,0.00769230769230769,0,0,0,0,0.0002997002997003,0,0,0,9.99000999000999e-05,0.0002997002997003,0,0,0.00939060939060939,0,0,0,0,0,0.0004995004995005,0,0.0136863136863137,0,0,0,0,0,0.0002997002997003,0.000999000999000999,0,0.00819180819180819,0.000599400599400599,0,0,0.0257742257742258,0,0.0114885114885115,0,0,0.000999000999000999,0,0.0003996003996004,0,0,0,0.00599400599400599,0,0.00919080919080919,0,0,0,0,0,0,0,0,0.00679320679320679,0,0,0,0,9.99000999000999e-05,0.0004995004995005,0.0020979020979021,0.0044955044955045,0,0.0050949050949051,0,0,0,0,0,0,0,0.0011988011988012,0.0001998001998002,9.99000999000999e-05,0,0.0010989010989011,0,0,0,0,9.99000999000999e-05,0.0040959040959041,0.00879120879120879,0.000599400599400599,9.99000999000999e-05,0,0,0.0187812187812188,0.0191808191808192,0.0042957042957043,9.99000999000999e-05,0.0001998001998002,0,0.0147852147852148,0,0.002997002997003,0.000599400599400599,0,0.0010989010989011,9.99000999000999e-05,9.99000999000999e-05,9.99000999000999e-05,9.99000999000999e-05,0,0,9.99000999000999e-05,0,0,0.0775224775224775,0,0,0,0,0,0.0017982017982018,9.99000999000999e-05,0,9.99000999000999e-05,0.0034965034965035,9.99000999000999e-05,0,9.99000999000999e-05,0.0003996003996004,0.0002997002997003,0.0002997002997003,9.99000999000999e-05,0,0,0,9.99000999000999e-05,0.0001998001998002,0.0001998001998002,0,0,0.0013986013986014,0.0121878121878122,0,0.0020979020979021,0.00599400599400599,0.0004995004995005,0,0,0,0.0011988011988012,9.99000999000999e-05,0.278221778221778,0,0.0032967032967033,9.99000999000999e-05,0,0.000999000999000999,9.99000999000999e-05,0,0.0002997002997003,0.00559440559440559,0.000899100899100899,0,0,0,0,0.0025974025974026,0.0014985014985015,0.0003996003996004,0,0,0.0015984015984016,0
0,0,0,0,0,0,1e-04,0,0,0,0,0,0,0,6e-04,0,0,0,0,9e-04,0,0.0044,0,0.002,0,0.0204,0,0,0.002,0.0014,0.06,0.001,0,0.0034,0,0,0,0.0205,0,1e-04,0,0,0,0,0,6e-04,0,0,0,0,0,0,0,0,0.001,0,0,0,0,0.0143,0,0,0,0,0,0,0.0054,0,0,0.0187,0,0,0,0,0,0,0,0,0,0.0204,0,0.001,0.0201,0,0,3e-04,0,0,0,0,0,0.0032,0.0265,0,0,2e-04,2e-04,2e-04,0,0,0,0.0053,0,0,0,0,0,0.146,0,0,0,0,0,0,5e-04,0,0.0061,0,0,0,0,0,0,0,0.0789,0,0,0,0,0,0.0256,0,0,0.0322,0,0,0,0,0,0,0,0,0,0,0,0,0,0,0.0059,0,0,0,0,0,0,0,0,0,0,0,0,0.0037,0,0.0041,0,0,0,0,0,0,0,0,1e-04,0,0,0,0.0066,0,0.0067,0,0,0.0013,0,0,1e-04,0,0,0,0,8e-04,0,8e-04,8e-04,0,0,0,0.022,0,0,0,0,0,0,0.0037,0.015,0,0,0,0,0,0,0,0,0,0,0.0023,0.0184,0,5e-04,0,0.0047,0.0128,0,0,0,0,0,0,0.0026,0.0055,0,0,0,0.0804,0,0,4e-04,0,0,0.0542,0,0,0,0,0,0,0,0,0,0,0,0,0,0,0,0,0,0,0,0,0,0,6e-04,7e-04,0,0,0,0,0,0.0068,0.0052,0,0.0556,0,6e-04,0,0,0,0.001,0.1282,0,0,0.0134,0,0,0.0017,0,0,0,0,0,0,0,0,0.0019,0,0.002,0,0,0.0054,0
0,0,0,0,0,0,0.0001999600079984,0.000999800039992002,0,0,0,0,0,0,0.0026994601079784,0,0,0,0,0,0.0020995800839832,0.000699860027994401,0,0.0025994801039792,0,0.174165166966607,0,0,0.00649870025994801,0,0.00399920015996801,0,0.00439912017596481,0.0001999600079984,0,0,0.0011997600479904,0.0002999400119976,0,0,0,0,0,0.000799840031993601,0,0.000699860027994401,0,0.0010997800439912,0,0,9.99800039992002e-05,0,0.0002999400119976,0,0,0.0011997600479904,0.000499900019996001,0,0,9.99800039992002e-05,0.000499900019996001,0.000799840031993601,0.000799840031993601,0,0,0,0.0010997800439912,0,0,0,0,0,0.0001999600079984,0,0,0,0,0,0,9.99800039992002e-05,0,0,0.00409918016396721,0,0,0.00509898020395921,0.010497900419916,0,0,0.000399920015996801,0,0.00859828034393121,0.00819836032793441,0,0,0,0,0,9.99800039992002e-05,0,0,0,0,0,0.000599880023995201,0,0,0.0201959608078384,0,0.00729854029194161,0,0,0.0001999600079984,0.00509898020395921,0.0015996800639872,0.0001999600079984,0,0,0.00539892021595681,0,0.0141971605678864,0,0,0,0.00759848030393921,0,0,0,9.99800039992002e-05,0,0.0447910417916417,9.99800039992002e-05,0,0.0248950209958008,0.0123975204959008,0,0.0112977404519096,0.0010997800439912,0,0,9.99800039992002e-05,0,0,0,0,0,0.0001999600079984,0,0.00329934013197361,0,0.00349930013997201,0,9.99800039992002e-05,0,0,0,0,0,0,9.99800039992002e-05,0,0.011497700459908,0,9.99800039992002e-05,0,0.0291941611677664,0,0,0,0,0,0,0.00519896020795841,0,0,0,0.00869826034793041,9.99800039992002e-05,0.00499900019996001,0,0,0,0,0,0.0001999600079984,0,0,0,0,0,0,0.00409918016396721,0.000799840031993601,0.0001999600079984,0,0,0.000799840031993601,0.0131973605278944,0,0,0,0,0,0,0,9.99800039992002e-05,0,0,0.0010997800439912,0,0.0140971805638872,0,0,0,0.000399920015996801,0.00339932013597281,9.99800039992002e-05,0.0016996600679864,0.0207958408318336,0,0,0.0391921615676865,0,0,0,0,0,0,0,0.0018996200759848,0.0001999600079984,0,0,0.0030993801239752,0,0,0,0,0,0.00389922015596881,0,0.00509898020395921,0.0523895220955809,0,0.0001999600079984,0,0,0,0,0,0.0334933013397321,0.0002999400119976,0.0013997200559888,0,0.000899820035992801,0.000399920015996801,0.0002999400119976,0,0.000399920015996801,0.0002999400119976,0.0001999600079984,0,0,9.99800039992002e-05,9.99800039992002e-05,0,0,0,0,0.00659868026394721,0,0,0.0702859428114377,0,0,0,0,0,0.000399920015996801,0.233853229354129,0,0,0.00539892021595681,0,0,0,0,0,0.001499700059988,0.0010997800439912,0,0,0,0,9.99800039992002e-05,0,9.99800039992002e-05,0,0,0.00629874025194961,0
0,0,0,0,0.000999600159936026,0,9.99600159936026e-05,0,0,0,0.00179928028788485,0,0,0,0.00339864054378249,0,0,9.99600159936026e-05,0,0,0,0.00599760095961615,0,0,0,0.15203918432627,0,0,0.00199920031987205,0,0,0,0,0.00449820071971212,0.000299880047980808,0,0.0106957217113155,0,0,0,0,0,0,0,0,0.0185925629748101,0,0,0,0,0,0,0,0,0,0,0,0,0.000699720111955218,0.0255897640943623,0,0,0.000199920031987205,0.00949620151939224,0.00329868052778888,0,0.00239904038384646,0,0,0.00109956017592963,0,0,0,0,0,0,0,0.000499800079968013,0,0.0134946021591363,0,0.00119952019192323,0,0,0,0,9.99600159936026e-05,0,0,0.00189924030387845,0,0.00279888044782087,0.00529788084766094,0,0,0,0,0,0,0.00249900039984006,0,0.000199920031987205,0,0,0,0,0,0.00439824070371851,0,0.00649740103958417,0,0,0,9.99600159936026e-05,0,0.00679728108756497,0,9.99600159936026e-05,0.0168932427029188,0,0.0128948420631747,0,0,0,0.0333866453418633,0.00649740103958417,0,0,0,0,0.0360855657736905,0.00159936025589764,0,0.00629748100759696,0,0,0.000499800079968013,0,0,0,0.163934426229508,0.00199920031987205,0,0,0,0,0.00319872051179528,0,0.0039984006397441,0.00169932027189124,0,0.00899640143942423,0.00749700119952019,0,9.99600159936026e-05,0,0,9.99600159936026e-05,0,9.99600159936026e-05,0,0,0,0,0,0,0,0,0,0,0.0039984006397441,0,0,0,0,0,0.0131947221111555,0.0106957217113155,0.000299880047980808,0,0,0,0,0,0,0,0,0.000199920031987205,0.000899640143942423,0,0.00039984006397441,0,0,0,0,0,0.00499800079968013,0.00539784086365454,0,0.000499800079968013,0,0,0.0038984406237505,0.00079968012794882,0,0.0242902838864454,0,0,0,0,0,0,0,0,0,0.00709716113554578,0.00349860055977609,0,0.0505797680927629,0,9.99600159936026e-05,0.00719712115153938,0,0,0.00079968012794882,0.00129948020791683,0,0,0,0.0129948020791683,0.000499800079968013,0,0,9.99600159936026e-05,0,0,0.000499800079968013,9.99600159936026e-05,0,0,0,0,0,0,0,0.000699720111955218,0,0,0,0,0,0.00039984006397441,0.0038984406237505,0,0,0.00849660135945622,0.0308876449420232,0,0,0,0.0038984406237505,0,0,0.000999600159936026,0,0,0,0,0,0.000299880047980808,0,0,0.0116953218712515,0,0,0,0,0,0.00159936025589764,0.144042383046781,0,0,0.00479808076769292,0,0,0,0,0,0,0.00879648140743703,0,0,0,0,0,0,0.00349860055977609,0,0,0.0266893242702919,0
0,0,0,0,0,0,9.99200639488409e-05,0,0,0,0.000199840127897682,0,0,0,0.00319744204636291,0,0,0,0,0,9.99200639488409e-05,0.00109912070343725,0,0.00339728217426059,0,0,0,0.000599520383693046,0.00319744204636291,0.00289768185451639,0,0,0,0,0,0,0,0.00639488409272582,0.000199840127897682,0,0,0,0,0,0,0,0,0.000899280575539568,0,0,0.00159872102318145,0,0,0,0,0,0,0.000299760191846523,0,0,0,0,0,0,0,9.99200639488409e-05,0,0,0,0,0.00139888089528377,0,0.00449640287769784,0,0,0,0,0,0,0.00249800159872102,0,0,0.000199840127897682,0,0,0.00199840127897682,0,0,9.99200639488409e-05,0.0126898481215028,9.99200639488409e-05,0.00239808153477218,0.000499600319744205,0,0,0,0,0,0,0,0,0,0,0,9.99200639488409e-05,0,0,0.0988209432454037,0,0.00549560351718625,0,0,0,0,0,0,0,9.99200639488409e-05,0.00299760191846523,0,0,0,0,0.000199840127897682,0.030775379696243,0,0,0,0,0.0323741007194245,0,0,0,0,0,0,0.13279376498801,0,0.000399680255795364,0,0.0442645883293365,0.000199840127897682,0,0,0,0,0,0,0,0,0.00119904076738609,0,0,0.00629496402877698,0,0,0,9.99200639488409e-05,0,0,0,0,0.000699440447641887,0.00529576338928857,0,9.99200639488409e-05,0,0,0,0,0.000399680255795364,0,9.99200639488409e-05,0,0,0,0,0,0.00249800159872102,0,0,0,0,0,0.000899280575539568,0,0,0,0,9.99200639488409e-05,0,0.00539568345323741,0,0,0,0,0,0,0,0,0,0,0,0.151678657074341,0,0.00359712230215827,0,0,0.000799360511590727,0.00139888089528377,0,0,0,0,0,0.000399680255795364,0.0155875299760192,0,0.0672462030375699,0,0.00849320543565148,0.00849320543565148,0,0,0,0,0,0,0,0,0,0,0,0.101418864908074,0,0,0,0,9.99200639488409e-05,0,0,0,0,0,0,0,0,0.000299760191846523,0,0,9.99200639488409e-05,0.00149880095923261,0.0021982414068745,0,0.00209832134292566,0.000699440447641887,0.0038968824940048,0,0,0.000299760191846523,0,0,0,0.00729416466826539,0.000799360511590727,0,0,0,0.000199840127897682,0.139788169464428,0,0,0.0126898481215028,0,0.000199840127897682,0,0.000199840127897682,0.000199840127897682,0,0,0,0,0,0,0,0,9.99200639488409e-05,0,0,0,0,0,0,0,0.0168864908073541,0,0.0189848121502798,0,0,0.0100919264588329,0
0,0,0,0,0,0,0,0.0018,0,0,0,0,0,1e-04,0,0,0,0,0,0,6e-04,0.0035,0,0,0,0.2154,0,0,0,0,0,0,0.0043,0.0082,0,0,0,0.0062,0,0,0,0,0,0.0014,0,0.0038,0,2e-04,0,0,0.001,0,0,0,0,0,0,0,0,0.032,0,0,0,0,0,0,0.0208,0,0,0,0,0,0,4e-04,0,0,0,0,0,0.0122,0,4e-04,0.0442,0,0,0,0,0,0,0.0039,0,0,0,0.0092,0,0,0,0,2e-04,0,0,0,0,0,0,1e-04,0.0231,0,0,0.005,0,0,1e-04,0.0084,7e-04,0,0,0,0.0431,0.001,0,0,0,1e-04,0.0147,0,0,0,0,0,0.0015,2e-04,0,0,0,0,0,0,0,0,0.0135,0,0,0,0,0,0.0065,0.0015,0,0,0.0011,0,1e-04,0.0029,0,0,0,0,1e-04,0.004,0,0,0,2e-04,0,0,0,0,0,0,0,0,1e-04,0,0,1e-04,0,7e-04,0.0182,3e-04,0,0,0,0,0.004,0,0,0,0,0,5e-04,0.0241,0,6e-04,0,0,0,4e-04,0,0,0,0,2e-04,0.0131,0,0.0053,0,0,0,0,0,0,0,0,0,0,0.0044,0.0157,0,5e-04,0.0056,0,0,0,0,0,0.0705,0,0.0083,0,0.017,0,0,0.0562,0,0,9e-04,0,0,0.0021,1e-04,0,0.0203,0,0,0,0,0,0,1e-04,1e-04,0,0,0,0.0021,0.0348,2e-04,0,0,0,7e-04,0,0,0,0.003,0,0,0,0,0.0256,0,0,0.0418,0,0,0,0,0,0,0,0,0,0.0584,4e-04,0,0.0025,0,0,0,0.0062,0,0,0,0,1e-04,0.008,0.0365,7e-04,0,0.0119,0
0,0,0,0,0,0,0.000399920015996801,0.000499900019996001,0,0,0.0001999600079984,0,0,0,9.99800039992002e-05,0.000599880023995201,0,0,0,0,0,0.0016996600679864,0,0,9.99800039992002e-05,0.0765846830633873,0,0,0.000599880023995201,0.0010997800439912,0,0,0,0,0,0,0.0120975804839032,0.002999400119976,0,0,0.0002999400119976,0,0,0,0,0.0011997600479904,0,0,0,0,0,0,0,0,0.0010997800439912,9.99800039992002e-05,0,9.99800039992002e-05,0,0.0106978604279144,0,0,0,0,0,0,0.154869026194761,0,0,0,0,0,0.0001999600079984,0,0.106978604279144,0,0,0,0,0,0,0,0.0228954209158168,0,0.0016996600679864,0.0002999400119976,0,0,0,0,0,0.0011997600479904,0.0002999400119976,0,0,0,0.000499900019996001,9.99800039992002e-05,0.00449910017996401,0,0,0,0.0012997400519896,0.001499700059988,0,0.00619876024795041,0,0.218956208758248,0,0,0,0,0,0,0.00249950009998,0,0.00469906018796241,0,0.0106978604279144,0,0.0020995800839832,0,0,0,0.000899820035992801,0,0,0,0,0,0.0223955208958208,0.001999600079984,0,0,0.0012997400519896,0,9.99800039992002e-05,0,0,0.0011997600479904,0.000799840031993601,9.99800039992002e-05,0,9.99800039992002e-05,0,0,0,0.00709858028394321,0.00339932013597281,0,0,0,0,0,0.0128974205158968,0,0,0,0,0.00869826034793041,0.000699860027994401,0.00629874025194961,9.99800039992002e-05,0,0,0,0,0,0,0,0,9.99800039992002e-05,9.99800039992002e-05,0,0,0,0.00399920015996801,0.0298940211957608,0,0,0,0,0,0,0.000999800039992002,0,0,0.000899820035992801,0.00569886022795441,0,0,0.0031993601279744,0,0,0.0103979204159168,0,0,0.00719856028794241,0,0,0,0,0,0,0,0.0136972605478904,0,0,0,0,0,0,0,0,0.0010997800439912,0,0.0127974405118976,0,0.0012997400519896,0,0.0028994201159768,0,0.0015996800639872,0,0,0,0.000499900019996001,0,0,0.0137972405518896,0.00329934013197361,0.0017996400719856,0.000699860027994401,0.0196960607878424,0.0002999400119976,0.0001999600079984,0,0,0,0.0018996200759848,0,0,0,0,0,0,0,0,0,0,0,0,0.000799840031993601,0,0,0.000599880023995201,9.99800039992002e-05,0,0,9.99800039992002e-05,0,0,0,0.000899820035992801,0,9.99800039992002e-05,0,0,0,0.0267946410717856,0.0001999600079984,0.000699860027994401,0.0310937812437512,0,0,0,0,0,0.00449910017996401,0.0464907018596281,0,0,0.00769846030793841,0,0,0,0,0,0.0127974405118976,0,0,0,0,0,0,0,9.99800039992002e-05,0,0,0.00889822035592881,0
0,0.000299790146897172,0,0,0,0,0.00119916058758869,0,0,0,0.000599580293794344,0,0,0,0.00429699210552613,0,0.0049965024482862,0,0,0,0.00419706205656041,0.000299790146897172,0,0,0,0.0601578894773658,0,0,0.00099930048965724,0,0.01448985710003,0,0,0.00239832117517738,0,0,0,0.00129909063655441,0,0,9.9930048965724e-05,0,0,0,0,0.0020985310282802,0,0,0,9.9930048965724e-05,0.000299790146897172,0.00159888078345158,0,0,0,9.9930048965724e-05,0,0,0,0.00319776156690317,0.000199860097931448,0.00099930048965724,0,0,0,0,0,0,0.000199860097931448,0,0,0,0,0,0.000199860097931448,0,0,0,0,0.00279804137104027,0,0,0,0,0,9.9930048965724e-05,0,0,0,0.00309783151793744,0,0.00049965024482862,0.00729489357449785,0,0,0,0.00279804137104027,0,0,9.9930048965724e-05,0,0,0,0,0,0,0,0.0147896472469272,0,0,0,0,0,0.00129909063655441,0,9.9930048965724e-05,0.0020985310282802,0,0.00679524332966923,9.9930048965724e-05,0.00859398421105226,0,0,0,0.00239832117517738,0,9.9930048965724e-05,0,0.000399720195862896,0,0.0597581692815029,0,0,0,9.9930048965724e-05,0,0,0,0,0,0,0,0,0,0,0,9.9930048965724e-05,0,0.00129909063655441,0,0,0,0.0095932847007095,0,0,0,0,0,0,0,0.000699510342760068,0.00609573298690916,0,0,0,0,0,0.0237833516538423,0,0.000199860097931448,0,0,0.199760167882482,0,0,0,0.00279804137104027,0.000299790146897172,0.00339762166483462,0,0,0.00109923053862296,0,0,0,0,0,0,0.000699510342760068,0,0,0.00379734186069751,0,0.000199860097931448,9.9930048965724e-05,0,0.00199860097931448,0.00229839112621165,9.9930048965724e-05,0.0127910462676127,0,0.00379734186069751,0,0,0,0,0,0,0,0,0.0126911162186469,0,0,0,0,0.00179874088138303,0.000899370440691516,0,9.9930048965724e-05,0,0,0,0,0,9.9930048965724e-05,0,0,0,0,0.00129909063655441,0.00419706205656041,0,0,0.00589587288897772,0,0,0,0,0,0,0,0,0.0251823723393624,0,0,0,0,0.00099930048965724,0,0,0,0,9.9930048965724e-05,0,0,0,0,0,9.9930048965724e-05,0,0,0,0,0,0,0,0,0,0,0.258219246527431,0.00049965024482862,0,0.0127910462676127,0,0.000899370440691516,0,9.9930048965724e-05,0,0,0.171679824123114,0,0,0.00199860097931448,0,0,0,0,0,0,0.0045967822524233,0,0,0,0.00049965024482862,0,0,0.00169881083241731,0,0,0.00119916058758869,0
0,0,0,0.001000200040008,0,0,0.0001000200040008,0,0,0.0001000200040008,0,0,0.0001000200040008,0.0272054410882176,0.0003000600120024,0,0,0.000400080016003201,0.0001000200040008,0,0,0,0,0,0,0,0,0,0.00370074014802961,0.0023004600920184,0.0821164232846569,0,0,0.0194038807761552,0,0,0.00710142028405681,0.102820564112823,0.0002000400080016,0,0,0,0,0,0,0,0,0.0003000600120024,0,0,0.000400080016003201,0,0,0,0,0,0,0,0.0019003800760152,0.0152030406081216,0,0,0,0,0,0.0003000600120024,0.00810162032406481,0,0,0,0.001000200040008,0,0,0,0,0.0297059411882376,0,0,0,0.0026005201040208,0,0,0.0786157231446289,0,0,0.0001000200040008,0,0,0,0.00400080016003201,0.0012002400480096,0.0018003600720144,0.01750350070014,0,0,0.0029005801160232,0,0,0,0,0,0,0,0,0,0,0,0,0,0.00440088017603521,0,0,0,0,0,0,0,0,0.002000400080016,0,0,0,0,0.0002000400080016,0,0,0,0,0,0.000700140028005601,0,0.0112022404480896,0.0021004200840168,0,0,0,0.00820164032806561,0,0.0001000200040008,0,0.0001000200040008,0,0,0,0,0,0.0024004800960192,0,0,0,0,0.00850170034006801,0,0.000700140028005601,0,0,0,0.0002000400080016,0,0.0108021604320864,0,0,0,0,0.0001000200040008,0,0.0011002200440088,0.000600120024004801,0,0,0.000400080016003201,0,0.000700140028005601,0,0,0.000800160032006401,0,0.0001000200040008,0.0147029405881176,0,0.0013002600520104,0,0,0,0,0,0,0,0,0,0.000400080016003201,0,0,0,0,0,0,0,0,0,0,0,0,0.000700140028005601,0,0.00400080016003201,0,0,0,0.0001000200040008,0,0,0,0.000400080016003201,0,0.0001000200040008,0,0.000700140028005601,0,0,0,0.00480096019203841,0,0.0103020604120824,0.0001000200040008,0,0,0,0.0206041208241648,0.0021004200840168,0,0,0,0,0,0,0,0,0,0,0.000500100020004001,0,0.0149029805961192,0,0,0,0,0,0,0,0,0,0.0018003600720144,0,0,0.0011002200440088,0.0002000400080016,0,0,0,0,0,0,0.00580116023204641,0,0,0,0,0,0.0309061812362472,0,0,0.002000400080016,0.0002000400080016,0.0001000200040008,0.0001000200040008,0,0,0,0.378975795159032,0.0002000400080016,0,0,0,0,0.0001000200040008,0,0,0.0012002400480096,0.0189037807561512,0.00780156031206241,0,0.000800160032006401,0,0,0.00600120024004801,0,0,0.0001000200040008,0,0
0,0,0,0,0,0,0,0,0.0729562262642415,0,0,0,0,0,0.00119928043174096,0,0.00279832100739556,0,0,0,0.000299820107935239,0.00239856086348191,9.9940035978413e-05,9.9940035978413e-05,0,0.25884469318409,0,0,0.000599640215870478,0,0,0,0,0.0224865080951429,0,0,0,0.0101938836697981,0,0,0,0,0,0.00369778133120128,0.000499700179892065,0,0,0,0,0,0,0,0,0,0,0,0,0,0,0,0,0.00319808115130921,0,0,0.0132920247851289,0,0.0131920847491505,0,0.000399760143913652,0,0,0,0,0.000699580251848891,0,0,0,0,9.9940035978413e-05,0,0,0,0.00829502298620828,0,0,9.9940035978413e-05,0,0,0,0.00419748151109334,0,0.000799520287827304,0.000299820107935239,0,0,0.00179892064761143,0,0,0.00379772136717969,0,0,0,0,0,0,0,0,0.0450729562262642,0,0,0,0,0,0.0441734959024585,0,0,0,9.9940035978413e-05,0.0181890865480712,0,0,0,0,0,0.00509694183489906,0,0,0,0,0.00659604237457526,0,0.00899460323805717,0,0,0,9.9940035978413e-05,0,0,0,0,0.000499700179892065,0,0,9.9940035978413e-05,0,0,0.00119928043174096,0,0,9.9940035978413e-05,0.000999400359784129,0,0.000499700179892065,0,0,0,0.00149910053967619,0,0,0.010893463921647,0,0,0,0,0,0,0,0,0.000299820107935239,0,0,0,9.9940035978413e-05,0,0,0,0,0,0.0264841095342794,0,0,0,0,0,0.000699580251848891,0,0,0,0,0.000299820107935239,0,0.0144913052168699,0,0.000399760143913652,0,0,0,0,0,0,0,0,0,0.106336198281031,0.00509694183489906,0.00409754147511493,0,0,9.9940035978413e-05,0,0,0,0,0,0.000599640215870478,9.9940035978413e-05,0,0,0,0,0.0030981411153308,0,0,0,0,0,0,0,0.0357785328802718,0,0.0178892664401359,0,0,0.0452728362982211,0,0,0,0,0,0.00169898061163302,0,0,0,0,0.000199880071956826,0,0,0,0,0,0,0.000199880071956826,0,0,0,0,9.9940035978413e-05,0,0,0.000499700179892065,0,0,0,0.000499700179892065,0,0,9.9940035978413e-05,0,0.000699580251848891,0.00129922046771937,0,0,0.0123925644613232,0,0,0,0,0,9.9940035978413e-05,0.109134519288427,0,0,0.0330801519088547,0,0,0,0.000299820107935239,0,0.00199880071956826,0,0,0,0,0,0.00149910053967619,0,0.00209874075554667,0,0,0.00249850089946032,0
0,0,0.000299460970253544,0,0,0,0,0.0022958674386105,0,0,0.000499101617089239,0,0,0.0238570572968656,0.000499101617089239,0,0,0,0,0.000299460970253544,0,0.000898382910760631,0,0,0,0.258135356358555,0,0,0.0135755639848273,0,0,0.00668796166899581,9.98203234178479e-05,0.00608903972848872,0,0,9.98203234178479e-05,0,0,0,0,0,0,0,0,0.0178678378917948,0,9.98203234178479e-05,0,0,0,0,0.000199640646835696,0,0.00369335196646037,0.000299460970253544,0,0,0.000898382910760631,0.00838490716709922,0,0,0,0,0,0,0,0,0,0,0.00179676582152126,0,0,0,0,0.0382311838690357,0,0,0,0.00329407067278898,0,9.98203234178479e-05,0.0357356757835895,0,0.00259532840886404,9.98203234178479e-05,0,0,0,0.0116789778398882,0,0,0.000199640646835696,0,0.00299460970253544,0.000299460970253544,9.98203234178479e-05,9.98203234178479e-05,0.00309443002595328,0,0.000499101617089239,0,0.000199640646835696,0,9.98203234178479e-05,0.000499101617089239,0,0.00239568776202835,0.00239568776202835,0.0537033339988022,0,0.00109802355759633,0,9.98203234178479e-05,0.000499101617089239,0.000299460970253544,0.00179676582152126,9.98203234178479e-05,0.00469155520063885,0,0.00768616490317429,0,0,0,0.00119784388101417,0.00149730485126772,0,0,0,0,0.0786584148532641,0.00868436813735276,9.98203234178479e-05,0,0,0,0.00309443002595328,9.98203234178479e-05,0,0.000399281293671391,9.98203234178479e-05,9.98203234178479e-05,0.000798562587342783,9.98203234178479e-05,0,0,0.000199640646835696,0,0.00119784388101417,0,0,0,0,0,0,0,0,0,0.000798562587342783,0,0,0.00449191455380315,0.000399281293671391,0,0,0,9.98203234178479e-05,0,0,0,0,9.98203234178479e-05,0.00678778199241366,0,0,0,0.00369335196646037,9.98203234178479e-05,0,0,0,0,0,0.000299460970253544,0.000499101617089239,0,0,0.00828508684368137,0.00608903972848872,0,0,0.00419245358354961,0,0,0.00149730485126772,0,0,0.00379317228987822,0,0,9.98203234178479e-05,0,0,0.00499101617089239,0,0,0,0,9.98203234178479e-05,0,0,0,0,0,9.98203234178479e-05,0.00439209423038531,0,0.000998203234178479,0.000199640646835696,0.000199640646835696,0,0.0193651427430625,0.00798562587342783,0,0,0,0.0047913755240567,0,0.00159712517468557,0.00389299261329607,0.00888400878418846,0.00159712517468557,0.000299460970253544,0.000598921940507087,0,0,9.98203234178479e-05,0,0,9.98203234178479e-05,0,0.0024955080854462,0,0.00618886005190657,0,0,0,0,0.000798562587342783,0,0.00539029746456379,0,0,0,0.000399281293671391,9.98203234178479e-05,9.98203234178479e-05,0,0.00159712517468557,0.0180674785386305,0.000399281293671391,0,0,9.98203234178479e-05,0,0,9.98203234178479e-05,0,0,0.000299460970253544,0,0.00279496905569974,0.00439209423038531,0,0,0,0,0,0,0.203733280095828,0,0,0.0148732281892593,0,0,0,0,0,0.00858454781393492,0.00309443002595328,0,0,0,0,9.98203234178479e-05,0.00389299261329607,0.000598921940507087,0,0,0.00309443002595328,0
0,0,0,0,0,0,0,0.00189848121502798,0,9.99200639488409e-05,0,9.99200639488409e-05,0.000299760191846523,0,0.000999200639488409,0,0,0,0,0,0.012589928057554,0.00369704236610711,0,0,0.000399680255795364,0.0928257394084732,0,0.00199840127897682,0.000399680255795364,0.000299760191846523,0.0113908872901679,9.99200639488409e-05,0,0.0162869704236611,0,0,0,0,9.99200639488409e-05,0.000499600319744205,0,0,0,0.00969224620303757,0,0.00699440447641886,0,0,0,0,0,0,0,0,0.0101918465227818,0,0,0,0,0.00199840127897682,0,0,0,0,0,0.00199840127897682,0.004396482813749,0,0,0,0.00429656274980016,0.000199840127897682,0,0.000899280575539568,0,0,0,0,0,0.00119904076738609,0,9.99200639488409e-05,0.00149880095923261,0,0.0661470823341327,0.00129896083133493,0,0,0,0.00479616306954436,0.000699440447641887,0.00109912070343725,0,0.000699440447641887,0,0,0,9.99200639488409e-05,0.00539568345323741,0,0,0,0,0.000499600319744205,0,0.000199840127897682,0.00849320543565148,0.000599520383693046,0,0,0,0.004396482813749,0,0.0639488409272582,0,0,0.00119904076738609,0,0.00209832134292566,0,0.00739408473221423,0,0.0060951239008793,0,0.0123900879296563,0,0,0.00869304556354916,0,0.00109912070343725,0.031374900079936,0.00739408473221423,0.00279776179056755,0,0,0,9.99200639488409e-05,0,0,0,9.99200639488409e-05,0.000199840127897682,0,0,0,0,0,0,0.00119904076738609,0,0,0,0,9.99200639488409e-05,9.99200639488409e-05,0,0,0,0.000599520383693046,0,0,0.008792965627498,0,0.0729416466826539,0,0,0,0,0,0.00129896083133493,0,0.0102917665867306,9.99200639488409e-05,0,0,0,0.00249800159872102,0.0183852917665867,0,0,0.000199840127897682,0,0,0,0.000399680255795364,0,0,0.00889288569144684,0.00629496402877698,0.000199840127897682,0,0.00209832134292566,0,0,0,0,0.0038968824940048,0.00719424460431655,0,0,0,0,0,9.99200639488409e-05,0,0,0,0,0,0,0.00449640287769784,0,0.000799360511590727,0.000399680255795364,0.00209832134292566,0.00199840127897682,0.000899280575539568,0.00139888089528377,0.00129896083133493,0.000299760191846523,0.00289768185451639,0.00859312549960032,0,9.99200639488409e-05,0,0,0.00209832134292566,0,0.0221822541966427,0.000699440447641887,0.00799360511590727,0.000199840127897682,0.000799360511590727,0.028277378097522,0,0,0,0,0.000199840127897682,0.0415667466027178,0,0,0.0233812949640288,0,9.99200639488409e-05,0,0,0,0,0,0.0215827338129496,0,0.00139888089528377,9.99200639488409e-05,0.000499600319744205,0.000399680255795364,0,0,0,0.00329736211031175,0,0,0.000299760191846523,0.000199840127897682,0,0,0,0.00199840127897682,0,0.00999200639488409,0,0.00149880095923261,0.00889288569144684,0,0,0,0,9.99200639488409e-05,0,0.197741806554756,0,0,0.016986410871303,0,0,0,0,0.00119904076738609,0.000199840127897682,0.000199840127897682,0,9.99200639488409e-05,9.99200639488409e-05,0,0.0016986410871303,0,0.000399680255795364,0,0,0.00599520383693046,0
0,0,9.99900009999e-05,0,0,0.0001999800019998,9.99900009999e-05,0,0,0,9.99900009999e-05,0,0,0,0.0061993800619938,0,0,9.99900009999e-05,9.99900009999e-05,0,0,0.0025997400259974,0,0.0007999200079992,0,0.0296970302969703,0,0,0,0.0076992300769923,0.0365963403659634,0,0,0.0156984301569843,0,0,0.0007999200079992,0.0127987201279872,0.0004999500049995,9.99900009999e-05,0,0,0,0.0010998900109989,0,0.0015998400159984,0,0,0,0,0.0003999600039996,0,0,0,0,0,0,0,0,0,0.0001999800019998,0,9.99900009999e-05,0,0,0,0.005999400059994,0,0,0,0.0036996300369963,0,0,0,0,0,0,0,0,0.0002999700029997,0,0,0.0014998500149985,0,0.0013998600139986,0,9.99900009999e-05,0,0,0,0,0.0006999300069993,0.0013998600139986,0,0,0,0,0,0.0074992500749925,0,0,9.99900009999e-05,0,0,0,0.0124987501249875,0,0.191780821917808,0,0,0,0,0,0.000999900009999,0,0.0006999300069993,0.0067993200679932,0,0.0057994200579942,0,0.0114988501149885,0,0,0.0008999100089991,0.0007999200079992,0,0,0,0,0,0.0463953604639536,0,0,0.0048995100489951,0,0.000999900009999,0,0,0,0,0.0003999600039996,0,0,0,0,0,0,0,0.0018998100189981,0,0.0030996900309969,0,0,0,0,0,0,0,0,0.0035996400359964,0,0.0074992500749925,0,0,0,0.0247975202479752,0,0,0,0,0,0,0,0,0,0,0.0117988201179882,0.0104989501049895,0.000999900009999,0,0,0,0,0,0.0002999700029997,0,0,0,0,0,0,0.0133986601339866,0,0,0.0131986801319868,0,0,0.0082991700829917,0,0.0667933206679332,0,0.0013998600139986,0,0.0002999700029997,0,0,0,0,0,0,0.0301969803019698,0,0,0,9.99900009999e-05,0,0.0014998500149985,0,0,0,0.0174982501749825,0,0.0014998500149985,0,0,0,0,0,0,0.0037996200379962,0.0001999800019998,0,0,0.0005999400059994,0,0,0.0004999500049995,0,0,0.0026997300269973,0,0,0.0232976702329767,0,0.0001999800019998,0,0,0,0,0,0,0,0,0,0,0,0.0017998200179982,0,0.0025997400259974,0.0001999800019998,0,0,0,0,0.0190980901909809,0,0,0,0,0.0007999200079992,0,0.0043995600439956,0.0918908109189081,0,9.99900009999e-05,0,0,0,0.0004999500049995,0.128087191280872,0,0,0.0440955904409559,0,0,0,0,0,0.007999200079992,0.0004999500049995,0,0,0,0,0,0,0,0,0,0.0231976802319768,0
0,0,0,0.00139916050369778,0.000199880071956826,0,0,0,0,0,9.9940035978413e-05,0,0.000299820107935239,0,0.00669598241055367,0,0,0,0,0,0.00189886068358985,0.00209874075554667,0,0,0,0.1888866679992,0,0,0.00119928043174096,0.000399760143913652,0.00279832100739556,0.0365780531680991,0,0.00519688187087747,0,0.000399760143913652,0,9.9940035978413e-05,0,0,0,0,0,0,0,0.000899460323805717,0,9.9940035978413e-05,0,0,0.000399760143913652,0,0,0,0.000799520287827304,0,0,0,0,0,0,0,0,0,0,0,0,0,0.000399760143913652,0,0.000599640215870478,0,0,0,0,0,0,0.000399760143913652,0,9.9940035978413e-05,0,9.9940035978413e-05,0,0,0,0.000499700179892065,0.000299820107935239,0,0,0,0.090745552668399,0.000499700179892065,0,0,0,0,0,0,0,0,0,0.000499700179892065,0,0,0,0,0,0,0.000499700179892065,9.9940035978413e-05,0,0.00179892064761143,0,0,0,0,0,0,0.00349790125924445,0,0,0,0,0,0,0,0,0,0,0,9.9940035978413e-05,0,0,0,0,0,0.0508694783130122,0,0,0,0,0,0,0,0,0,0.000199880071956826,0,0,0,0,0,0.000499700179892065,0,9.9940035978413e-05,0,0,0,0,0,9.9940035978413e-05,0,0,0,0.000599640215870478,0,0,0,0,0,0.000399760143913652,0,9.9940035978413e-05,0,0,9.9940035978413e-05,0,0,0,0.000399760143913652,0,0,0,0,9.9940035978413e-05,0,0,0,0,0,0,0.00389766140315811,0.000399760143913652,0.000199880071956826,0,0,0,0,0,0,0,0,0,0.000699580251848891,9.9940035978413e-05,0.000699580251848891,9.9940035978413e-05,0,0,0.000499700179892065,0,0,0,0.000399760143913652,0,9.9940035978413e-05,0.0112932240655607,9.9940035978413e-05,0.0277833300019988,0,0,0.00339796122326604,0,0,9.9940035978413e-05,0,0,0,0,0,0,0,0,0,0,0,0,0,0,0,0,0,0,0,0,0,0,0,0,0,0,9.9940035978413e-05,0.000599640215870478,0,0.000199880071956826,0.000699580251848891,0.00249850089946032,0,0,9.9940035978413e-05,0,0,0,0,0,0,9.9940035978413e-05,0,0,0.00519688187087747,0,9.9940035978413e-05,0.269438336997801,0,0,9.9940035978413e-05,0,0,0.000299820107935239,0.251549070557665,9.9940035978413e-05,0,0.0121926843893664,0,0,0,0,0,0,0.000499700179892065,0,0,0,9.9940035978413e-05,0,9.9940035978413e-05,0,0,0,0.00219868079152508,0
0,0,0,0,0,0,0,0,0,0,0,0,0,0,0.0010997800439912,0,0.00379924015196961,0,0,0,0,0.00549890021995601,0,0.0010997800439912,0,0.175964807038592,0,0,0.0105978804239152,0.0233953209358128,0.0192961407718456,0,0,0,0,0,0,0,9.99800039992002e-05,0,0,0,0,0,0,0,0,0,9.99800039992002e-05,0,0.0001999600079984,0,0,0,0.00569886022795441,0,0,0,0,0,0,0,0,0,0,0,0.0424915016996601,0,0,0,0,0,0,0,0,0,0,0,0,0.00359928014397121,0,0,0,0,0,0.000399920015996801,0,0,0,0,0,0.0022995400919816,0,0,0,0,0,0,0,0,0,0,0,0,0,0,0,0,0,0,0,0,0,0.00839832033593281,0,0,0,0,0.026494701059788,9.99800039992002e-05,0,0,0,0,0.0217956408718256,0,0,0,0,0,0,0,0,0,0,0,0.000499900019996001,0,0,0,0.0031993601279744,0,0,0,0,0,0.00379924015196961,0.0026994601079784,0,0,0.00529894021195761,0,0,0,0.0001999600079984,0,0,0,0,0,0,0,0,0,0,0,0,0,0.0001999600079984,0,0,0,0,0,0,0,0.000399920015996801,0.0118976204759048,0,0,0,0,0,0,0,0,0,0,0,0,0,0,0.0002999400119976,9.99800039992002e-05,0,0,0,0.000399920015996801,0,0,0,0,0,0,0,0.001499700059988,0,0,9.99800039992002e-05,0,0,0,0,0,0,0,0.00839832033593281,0,0.0290941811637672,0,0,0,0,0,0,0,0,0,0,0,0,0,0,0.0801839632073585,0,0,0,0,0,0.001499700059988,0,0,0,0,0.000499900019996001,0.0022995400919816,0,0,0,0,0,0.000499900019996001,0,0,0,0,0.000999800039992002,0,0,0,0,0,0,0.0011997600479904,0,0,0,0,0,0.000599880023995201,0,0,0,0,0,0,0.00249950009998,0,0,0.291441711657668,0,0.0891821635672865,0.0922815436912617,0,0,0,0,0,0,0,0,0,0,0,0,0,0.0012997400519896,0,0,0.01499700059988,0
0,0.0001998001998002,9.99000999000999e-05,0,0,0,9.99000999000999e-05,0.0043956043956044,0,0,0,0,9.99000999000999e-05,0,0.0016983016983017,0,9.99000999000999e-05,9.99000999000999e-05,0,0,0,0.00809190809190809,0,9.99000999000999e-05,0,0.0415584415584416,0,0,0.000599400599400599,0.000599400599400599,0.00629370629370629,0,0,0.0013986013986014,0,0,0.0020979020979021,0.0193806193806194,0,0,0,0,0,0,0,0.0023976023976024,0,0.000599400599400599,0,9.99000999000999e-05,0.0001998001998002,0,0,0,0.0011988011988012,0,0,0.0001998001998002,0,0.0228771228771229,0,0,9.99000999000999e-05,0,0,0,0.00629370629370629,0,0,0.0018981018981019,0.00919080919080919,9.99000999000999e-05,0,0.0236763236763237,0,0,0,0,0,0.0313686313686314,0,0.0012987012987013,0.0023976023976024,0,0.0433566433566434,9.99000999000999e-05,9.99000999000999e-05,0.00569430569430569,0,0.0026973026973027,0,9.99000999000999e-05,0.0001998001998002,0,0,0.0001998001998002,0,0,0.0028971028971029,0,0,0,0,0,0,0.000599400599400599,0,0.0160839160839161,0,0,0,0,0,0.00739260739260739,0.0001998001998002,0.0001998001998002,0,0,0.0254745254745255,0,0.0021978021978022,0,0,9.99000999000999e-05,0.00519480519480519,0,0.0023976023976024,0,0.0001998001998002,0,0.0578421578421578,0.0683316683316683,0,0.0013986013986014,9.99000999000999e-05,0,0.0018981018981019,0,0,0,0.000699300699300699,9.99000999000999e-05,0,0,0,0,0.0052947052947053,0,0.002997002997003,0,0,0.014985014985015,9.99000999000999e-05,0,9.99000999000999e-05,0,0,0,0.0032967032967033,0.00579420579420579,0.0033966033966034,0.00579420579420579,0.0004995004995005,0.0020979020979021,0,0,0,0,0.0004995004995005,0,0,0,9.99000999000999e-05,0,0,0,0.0032967032967033,0.0120879120879121,0.0125874125874126,0.0012987012987013,0,0.000999000999000999,9.99000999000999e-05,9.99000999000999e-05,0.0030969030969031,0,0,0.0001998001998002,0,0,0,0.0026973026973027,0,0,0.00679320679320679,0,0.0002997002997003,0.00659340659340659,0,0.0302697302697303,0,0,0.0015984015984016,0.0191808191808192,0,0.0024975024975025,0,9.99000999000999e-05,0,0,0.0136863136863137,0,0,0,0,0.0030969030969031,0.00659340659340659,0.00839160839160839,0.0203796203796204,0,0.0024975024975025,0.0362637362637363,9.99000999000999e-05,0,0,9.99000999000999e-05,0,0,0.0042957042957043,0.00829170829170829,0.00699300699300699,0,0,0.0002997002997003,0,0,0.0003996003996004,0,9.99000999000999e-05,0.0002997002997003,0,0,0.0224775224775225,0,9.99000999000999e-05,0,0,0,0,0,0,0.0003996003996004,0,0,0.0016983016983017,9.99000999000999e-05,0.0016983016983017,0,0.00559440559440559,0.000599400599400599,0.000799200799200799,0,0.0020979020979021,0.001998001998002,9.99000999000999e-05,0,0,0,0,9.99000999000999e-05,0,0.00849150849150849,0.0027972027972028,0,9.99000999000999e-05,0,0,0,0,0.2,0,0,0.0227772227772228,0,0,9.99000999000999e-05,0,0,0.0052947052947053,0.00659340659340659,0,0,0,0,0.0021978021978022,0.0012987012987013,0.0002997002997003,0,0,0.0151848151848152,0
0,0,0,0,0,0,9.99700089973008e-05,0.00509847045886234,0,0,0,0,0,0.00249925022493252,9.99700089973008e-05,0,0,0,0,0,0.00739778066580026,0.00219934019794062,0,0.00439868039588124,0,0.154753573927822,0,0,0.000199940017994602,0,0.0191942417274818,0.0186943916824953,0,0.00469859042287314,0,0,0.000399880035989203,0.0270918724382685,0,0,0,0,0,0,0,0.00169949015295411,0,0,0,0,0,0,0,0,0,0,0,0,0,0.0313905828251525,0,0,0,0,0,0,0.00399880035989203,0,0,0.00199940017994602,0.00179946016195141,0,0,0.00859742077376787,0,0,0,0,0,0.0155953214035789,0,0,0,0,0.00609817054883535,0,0,0,0,0.00939718084574628,0,0,0.000199940017994602,0,0,9.99700089973008e-05,0,0,0.00269919024292712,0,0,9.99700089973008e-05,0,0,0,0,0.0104968509447166,0.10296910926722,0,0,0,0,0,0.0366889933020094,0,0,0,0,0.00949715085474358,9.99700089973008e-05,0,0,0,9.99700089973008e-05,0.00169949015295411,0,0,0,0,0,0,0.0184944516645007,0,9.99700089973008e-05,0,0,0.00239928021593522,0,0,0,0.00119964010796761,0,0,0,0,0,0.00579826052184345,0,0,0.00169949015295411,0.00309907027891633,0.00819754073777867,0,0,0,0,0,0,0,0.000799760071978406,0,0,0,0.0721783464960512,0,0,0,0,0,0,0,0,0,0,0,0,0,0,0.0524842547235829,0,0,0,0,9.99700089973008e-05,0.00229931020693792,0,0,0,0,9.99700089973008e-05,0,0.0107967609717085,0,0,0,0,0,0,9.99700089973008e-05,0,0,0,0.0193941817454764,0,0.129061281615515,0.0128961311606518,0,0,0,9.99700089973008e-05,0,0,0,0.000399880035989203,0.000699790062981106,0,0.00769769069279216,0.00129961011696491,0.0128961311606518,0.00179946016195141,0,0,0,0,0,0.000199940017994602,0,0,0.00449865040487854,0,0.0119964010796761,0,0,0.000199940017994602,0,0,0,0,0,0,0,0,0,0.00469859042287314,0,0,0,0,0,0,0.00759772068379486,0.00399880035989203,0.00179946016195141,0,0,0,0,0,0.000599820053983805,0,0,0,0.000299910026991902,0,0,0,0,0.00209937018894332,0,9.99700089973008e-05,0,0.00479856043187044,0.00139958012596221,0,0,0,0,0,0.00209937018894332,0.0671798460461861,0,0,0.00519844046785964,0,0,0,0,0,0.00919724082775168,0.00469859042287314,0,0,0,0,0.000799760071978406,0,0,0,0,0.00839748075577327,0
0.0001999600079984,0,0,9.99800039992002e-05,0,0,0.010497900419916,0,0,0,0,0,0,0.0327934413117376,0.000599880023995201,0,0,0,0,0,0,0.00809838032393521,0,0.000699860027994401,0,0.376024795040992,0,0,0,0.000399920015996801,0.026994601079784,0,0,0.021495700859828,0,0,9.99800039992002e-05,0,9.99800039992002e-05,0,9.99800039992002e-05,0,0,0.00409918016396721,0,0,0,0,0,0,0.0001999600079984,0,0,0,0,0,0,0,0,0,0,0,0,0,0,0,0,0,9.99800039992002e-05,0.00919816036792642,0,0,0,0,0,0,0,0,0,0,0,0,0,0,0.00739852029594081,0,0,0,0,0.00439912017596481,0,0,0,0,0,0,0,0,0,0,0,0.000499900019996001,0,0,0,0,0,9.99800039992002e-05,0,0,0,0,9.99800039992002e-05,0,0.0012997400519896,0,0,9.99800039992002e-05,0.00789842031593681,9.99800039992002e-05,0.0103979204159168,0,0,0,0,0,9.99800039992002e-05,0,0,0,0,0,0,0,0,9.99800039992002e-05,0,0,0,0,0,0,0,0,0,0,0,0,0,0,0,0,0,0,0,0,0,0,0,0.0018996200759848,0,0.00699860027994401,0,0,0,0.0181963607278544,0,0.001499700059988,0,0,0,0,0,0,0,0,0.00429914017196561,0,0.0300939812037592,0,0,0.0010997800439912,0,0,0,0,9.99800039992002e-05,0,0,0,0,0,0.000599880023995201,0.000499900019996001,0,0,0.00859828034393121,0.0106978604279144,0,0,0,0,0,0,0,0,0,0,0,0,0,0,0,0,0.0027994401119776,0,0.0031993601279744,0,0,0,0,0,0.0111977604479104,0,0,0,0,0,0,0,0,0,0,0.195960807838432,0,0,0,0,0,0.000999800039992002,0,0,0.0298940211957608,0,0,0,0,0,0,0,0,0,0,0,0,0,0,0,0,0.000899820035992801,0,0,0,0,9.99800039992002e-05,0,0,0,0,0.0017996400719856,0,0,0.00749850029994001,0,0.00479904019196161,0,0,0,0,0.127174565086983,0,0,0,0,0,0,0,0,0.0025994801039792,0,0,0,0,0,0.0021995600879824,0,0,0,0,0,0
0,0,0,0,0,0,0,0,0,0.000199920031987205,0,0,0,0,9.99600159936026e-05,0,0,0,0,0,0,0,0,0.000599760095961615,0,0.000299880047980808,0,0,0.00639744102359056,0.00129948020791683,0,0,0,0,0,0,0,0,0,0,0,0,0,0,0,0,0,0,0,0,0,0,0,0,0,0,0,0,0,0.0313874450219912,0,0,0,0,0,0,0,0,0,0,0,0,0,0,0,0.000299880047980808,0.00039984006397441,0,0,0,0,0,0,0,0,0,0,0,0,0,0,0.000199920031987205,0.00759696121551379,0,0,0,0,0,0,0,0,0.00299880047980808,0,0,0,0,0,0.0129948020791683,0,0.0523790483806477,0,0,0,0,0,0.000199920031987205,0.00149940023990404,9.99600159936026e-05,0.0152938824470212,0,0.01609356257497,0,0,0,0.00509796081567373,0,0,0,0,0,0.124950019992003,0,0,0,0,0,0.000199920031987205,0,0,0,9.99600159936026e-05,9.99600159936026e-05,0,0,0,0,0,0,0,0,0,0,0,0.00579768092762895,0,0,0.000299880047980808,0,0,0,0,0.00249900039984006,0,0,0,0,0,0,0,0,0,0.000299880047980808,0.0271891243502599,0,0.00169932027189124,0,0.0079968012794882,0,0,0,0,0,0,0,0,0,0,0.000199920031987205,0,0,0,0,9.99600159936026e-05,0,0,0,0,0.0619752099160336,0,0,0,0,0,0,0,0,0.000899640143942423,0,0,0,0.0078968412634946,0,0,0,0,0,0,0,9.99600159936026e-05,0,0.00609756097560976,0,0.00309876049580168,0,0.000199920031987205,0,0,0,0,0,0,0.000199920031987205,0,0.0702718912435026,9.99600159936026e-05,0,0,0,0.00039984006397441,0,0,0,0.0670731707317073,0,0,0,0,0,0,0,0,0,0,0,0,0,9.99600159936026e-05,0,0,0.0038984406237505,0,0,0,0,0.000699720111955218,0,0,0,0,0.000199920031987205,0,0,0.0260895641743303,0.00039984006397441,0,0,0,0,0,0.399640143942423,0,0,0,0,0,0,0,0,0,0,0,0,0,0,0,0,0.0211915233906437,0,0,0.00259896041583367,0
0,9.99600159936026e-05,0,0,0,0,0.0038984406237505,0,0,0,0,0,9.99600159936026e-05,0.0282886845261895,0.000299880047980808,0,0,0,0,0,0,0,0,0.00199920031987205,0,0.1484406237505,0,0,0.000299880047980808,0,0.0385845661735306,0,0,0.00109956017592963,0,0,0.000199920031987205,0.00869652139144342,9.99600159936026e-05,0,0,0,0,0,0.000999600159936026,0.189024390243902,0,0,0,0,0.000999600159936026,9.99600159936026e-05,0,0,0,0,0,0,0,0,0,0,9.99600159936026e-05,0,0,0,0.121051579368253,0,0,0,0,0,0,0,0,0,0,0,0,0,0,0,0.00659736105557777,0,0,0.000199920031987205,0.00039984006397441,0,0,0,0,0.00199920031987205,0.00039984006397441,0,0,0.0302878848460616,0,0,0,0,0,0.00599760095961615,0,0,0.0038984406237505,0,0,0.101159536185526,0,0,0,0,0.00259896041583367,0.00479808076769292,0,0,0,0,0.00589764094362255,0,0,0,0,9.99600159936026e-05,0.00149940023990404,0,0,0,0,0,0.00889644142343063,0.00179928028788485,0,9.99600159936026e-05,0,0,0.000699720111955218,0,0,0,0.00119952019192323,0,0,0,0,0,0.00119952019192323,0,0,0,0.00629748100759696,0,9.99600159936026e-05,0,9.99600159936026e-05,0,0,0,0,0.0309876049580168,0.00429828068772491,0,0,0,0,0,0,0,0,0,0,0,0,0,0,0,0.000499800079968013,0,0,0,0,0,0,0,0.000299880047980808,0,0,0,0,0,0,0,9.99600159936026e-05,0,0,0,0,0,0,0.0486805277888844,0,0,0,0,0,0.00039984006397441,9.99600159936026e-05,0,0.000199920031987205,0.000199920031987205,0,0,0,0,0,0,0,0,0.00479808076769292,0,0,0,0,0,0,0,0,0,0.0101959216313475,0,0,9.99600159936026e-05,0,0.00889644142343063,0,0,0,0,0,0.00039984006397441,0,0,0,0,0.00619752099160336,0,9.99600159936026e-05,0,0,0,0,0.000999600159936026,0,0,0,0,9.99600159936026e-05,0,0,0.00659736105557777,0,0,0,0,9.99600159936026e-05,0,0,0,0,0.00319872051179528,0,0,0.00639744102359056,0,9.99600159936026e-05,0,0,0,0,0.0677728908436625,0,0,0.0414834066373451,0,0,0.00679728108756497,0,0.0153938424630148,0,0,0,0,0,0,0,0,0.000199920031987205,0,0,0.0037984806077569,0
0,0,0,0,0,0,0,0.0031,0,0,0,0,0,0.0112,3e-04,0,6e-04,0,0,0,0,8e-04,0,0.001,0,0.1269,0,0,0.0091,0.0111,0.0353,0,0,0.0068,0,0,0.0158,0,1e-04,0,0,0,0,0,0,0,0,0,0,0,0,0,0,0,0,0,0,0,0,0.0215,0,0,0,0,0,0,0.0179,0,0,0,0,0,0,0.0023,0,0,0,0,0,0.089,0,0,0,0,0,0,0,0,0,0.0043,0,0,0.0023,0,0,1e-04,0.001,0,0.0043,0,0,0.0041,0,0,0,0,0,0.0179,0,0.0058,0,0,0,2e-04,0,0.0016,0,0,0.0275,0,0.0058,0,2e-04,2e-04,0.0049,0,0,0,0,0,0.0794,0.0145,0,0,0,0,1e-04,0,0,0,2e-04,0,0,0,0,0,0,0,0.0021,6e-04,0,0,5e-04,0,0,0,0,0,0,0.003,0,0.0098,0,0,0,0.0207,0,0,0,0,0,0.0068,2e-04,0,0,0,0,0,0.0301,0,0,0,0,0,0,0,0,0,0,0,0,0.0044,0,0,0,0,0.0078,0.0089,0,3e-04,0,0,0,0,0.0941,0,0,0,0,0,0.0034,0,0,0,0,0.0027,0.0026,0,0.0077,0,0,0,0,0,0,0,0,3e-04,0,0.0215,0,0,0,0.0026,0,0,0,0,0,0,0,0,0,0,1e-04,0,0,0,0,0,0,0,0,0,0,0,0.0037,0,0,0,0,0,0,0.0011,0,0,0,0,0,0.0017,0,0,0.0139,0,0,0,0,0,0.0039,0.1385,0,0,0.0544,2e-04,0,0,0,0,0,0.0054,0,0,0,0,1e-04,0,0.0016,0,0,0.0181,0
0.000199880071956826,0,0,0,0,0,9.9940035978413e-05,0.00149910053967619,0,0,0,0,9.9940035978413e-05,0.00269838097141715,0.0109934039576254,0,0,9.9940035978413e-05,9.9940035978413e-05,0,0.000599640215870478,0.0030981411153308,0,0.00299820107935239,9.9940035978413e-05,0.226364181491105,0,0,0.00839496302218669,0.00139916050369778,0.00789526284229462,0,0,0.00739556266240256,0,0,0.00719568259044573,0.0385768538876674,0.00249850089946032,0.000399760143913652,9.9940035978413e-05,0,0,0.00339796122326604,0,0.000699580251848891,0,0,0,0,0.00679592244653208,0,0,0,0.000399760143913652,0,0,0,0,0.000799520287827304,0,0.00449730161902858,0,9.9940035978413e-05,0,0,0.00179892064761143,0,0,0,0.00159904057565461,9.9940035978413e-05,0,0.000599640215870478,0,0,0,0,0,0.00349790125924445,0,0,0.00289826104337398,0,0.00379772136717969,0.00109934039576254,0,0,0,0.00599640215870478,0,0.00139916050369778,0.0121926843893664,0,0,0,0,0,0.00199880071956826,0,0,0,0,0,0.000399760143913652,0,0,0.000799520287827304,0.000199880071956826,0.000199880071956826,0,0,0,9.9940035978413e-05,0.000199880071956826,0,0.00209874075554667,9.9940035978413e-05,0.00559664201479113,9.9940035978413e-05,0,0,0.00269838097141715,0.000299820107935239,0.00409754147511493,0,0,0,0,0,0.0424745152908255,0.0053967619428343,0,0,0.000599640215870478,0,0.0151908854687188,0,0,0,0.0352788327003798,0.000199880071956826,0,0,0.000199880071956826,0,0.00199880071956826,0,0.00369778133120128,9.9940035978413e-05,0,0,0,0,0.0139916050369778,0,0,0,0.000299820107935239,0.00549670197881271,0,0.00569658205076954,0.000399760143913652,9.9940035978413e-05,0,0,9.9940035978413e-05,0.000999400359784129,0,9.9940035978413e-05,0.00319808115130921,0.000199880071956826,9.9940035978413e-05,0,0,0,0.00889466320207875,0.0053967619428343,9.9940035978413e-05,0,0,0,0,0,9.9940035978413e-05,0,0,9.9940035978413e-05,0,0,0.00189886068358985,0.00119928043174096,0.000499700179892065,0,0.0145912452528483,0,0.000899460323805717,0.00449730161902858,0,0.0129922046771937,0.000299820107935239,0,0,9.9940035978413e-05,0,0,0,0,0.000299820107935239,0.00429742154707176,0,0,0.004597241655007,0.000699580251848891,0.000399760143913652,0.0022986208275035,0.00119928043174096,0,0.0296821906855886,0.000199880071956826,0,0.0196881870877474,0,0,0,0.000899460323805717,0,0,0.00119928043174096,0.00289826104337398,0.00819508295022986,0,0.000299820107935239,0.0202878273036178,0,0,0,0,0,0.00249850089946032,0.00959424345392764,0.00289826104337398,0.0175894463322007,0,0,0,0,0,0.000599640215870478,0,0,0.00569658205076954,0.00189886068358985,9.9940035978413e-05,0.00109934039576254,0.00109934039576254,0.00469718169098541,0,9.9940035978413e-05,0.000799520287827304,0,0,0.000299820107935239,9.9940035978413e-05,0.0143913651808915,0,0,0,0.000199880071956826,0.0131920847491505,0,0.00449730161902858,0.0140915450729562,0.000299820107935239,0.000899460323805717,0,0.0630621627023786,0.000299820107935239,0.000499700179892065,0.0943433939636218,0,0.000199880071956826,0.0233859684189486,9.9940035978413e-05,0,0,0,9.9940035978413e-05,0.000599640215870478,0.000599640215870478,0,0,0,0,0.0113931641015391,0,0.0202878273036178,0,0,0.0105936438137118,0
0,0,0,0,0,0,9.99700089973008e-05,0,0,0,0,0,0,0.00999700089973008,0.00469859042287314,0,0,0,0,0,0.00719784064780566,0,0,0,0,0.206138158552434,0,0,0.000999700089973008,0.000599820053983805,0,0.00519844046785964,0,0.00489853044086774,0,0.0232930120963711,0,0.00359892032390283,0,0,0.00179946016195141,0,9.99700089973008e-05,0,0,0.00219934019794062,0,0,0,0,0,0,0,0,0,0,0,0,0,0,0,0.00959712086374088,9.99700089973008e-05,0,0.000399880035989203,0,0.00319904028791363,0,0,0.00239928021593522,0,0,0,0,0,0,0,0,0,0,0,0,0,0,0.000299910026991902,0,9.99700089973008e-05,0,0,0.00119964010796761,0,0.000699790062981106,0,0,0,0,0,0,0,0,0,0,0,0,0,0,0.0151954413675897,0,0.00829751074677597,0.0681795461361591,0,0,0,0.0278916325102469,0,0,0,0,0.00159952014395681,0,0,0,0.000799760071978406,9.99700089973008e-05,0.0110966709987004,0,0,0,0,0,0.0131960411876437,0.00929721083674898,0,0,0,0,0.0200939718084575,0,0.00319904028791363,0,0.000299910026991902,0,0,0,0,0,0.00379886034189743,0,0,0,9.99700089973008e-05,0.0214935519344197,0,0,9.99700089973008e-05,0.00469859042287314,9.99700089973008e-05,0,0,0,0,0,0,0,0,0,0,0,0,0,0.000799760071978406,0.00349895031490553,9.99700089973008e-05,0,0.00199940017994602,0,0,0,0.0478856343097071,0,0,0,0,0,0.00129961011696491,0,0,0,0,9.99700089973008e-05,0,0,0,0,0,0,0,0,9.99700089973008e-05,0,0,0,0,0,0.261021693491952,0.000699790062981106,9.99700089973008e-05,9.99700089973008e-05,0,9.99700089973008e-05,0,0,0.0161951414575627,0.000399880035989203,0,0,0.0109967009897031,0,0,0,0,0.00659802059382185,0,0,0.000299910026991902,9.99700089973008e-05,0,0,0,0,0.00769769069279216,0,0,0,0.00499850044986504,0,0,0,0,0,0.000499850044986504,0,0,0,0,0,0,0,0,0,0,0.000799760071978406,0,0,0,0,0.000299910026991902,0,0.00229931020693792,0,0,0,0,0.00149955013495951,0,0,0,0,0,0.0905728281515545,0,0.00729781065680296,0,0,0,0,0,0,0.00169949015295411,0,0,0,0,0,0,0,0,0.0224932520243927,0,0.00909727081875437,0,0,0,0,0,0,0,0,0,0,0
0,0,0,0,0,0,0.000199840127897682,0,0.133992805755396,0,0,0,0,0,9.99200639488409e-05,0,0,0.000199840127897682,0,0,0,0.000599520383693046,0,0,0,0.089828137490008,0,0,0.000299760191846523,0,0.0105915267785771,0,0,0.000999200639488409,0,0,0.0021982414068745,9.99200639488409e-05,0,0,0,0,0.0120903277378098,0.00349720223820943,9.99200639488409e-05,0.0016986410871303,0,9.99200639488409e-05,0,0,0,0.00109912070343725,0,0,0,0,0,0,0,0.00329736211031175,0,0,0,0.000299760191846523,0,0,0.0363709032773781,0,0,0,0.000199840127897682,0,0,0,0,0,0,0,0,0.00139888089528377,9.99200639488409e-05,0,0.0294764188649081,9.99200639488409e-05,0,0,0.0123900879296563,0,0,0.00179856115107914,0,0.000199840127897682,0.000199840127897682,0,0,0.000799360511590727,0,0,0.00289768185451639,0,0,0.0189848121502798,0,0,9.99200639488409e-05,0,9.99200639488409e-05,0.102018385291767,0,0.000799360511590727,0,0,0,0,0,0,0,9.99200639488409e-05,0.0322741806554756,9.99200639488409e-05,0,0,0,0.000199840127897682,0.00509592326139089,0.000799360511590727,0,0,0,0.0202837729816147,0,0.016986410871303,9.99200639488409e-05,0.000299760191846523,0,0,0.00179856115107914,0,0,0,0.0111910471622702,0,0,0,0,0.0669464428457234,0.00189848121502798,0,0,0,0.00349720223820943,0,0,0.00259792166266986,0.00149880095923261,0,0,9.99200639488409e-05,0,0.00259792166266986,0,0,0,0.0514588329336531,0,0,0,0,0,0,0.000299760191846523,0,0,0,0,0,0,0.000199840127897682,0.00779376498800959,0,0,0,0,0,0.000899280575539568,0,0,0,0,0,0.000999200639488409,0.00369704236610711,9.99200639488409e-05,0,0,0,0,0,0,0,0,9.99200639488409e-05,0,0.000599520383693046,0,0.00939248601119105,9.99200639488409e-05,0,0,0.000499600319744205,0,0,0.00859312549960032,0,0.00139888089528377,0,0.00409672262190248,0.000599520383693046,0,0,0.00249800159872102,0.00629496402877698,0,0.00229816147082334,0,0.000799360511590727,0,0,0.000599520383693046,0,0.0208832933653078,0,0,0.046462829736211,0,0,0,0.000299760191846523,0,0,9.99200639488409e-05,0,0.00599520383693046,0,0,0,0,0,0,0,0,0.000599520383693046,0.000299760191846523,0,0.00139888089528377,0.000499600319744205,0,0,9.99200639488409e-05,0.00119904076738609,0,0,0,0.000299760191846523,0.000499600319744205,0,0,0,0.000399680255795364,0.00109912070343725,0,0.000899280575539568,0.0109912070343725,0,0,0,0,0,0.000499600319744205,0.139788169464428,0,0,0.00479616306954436,0,0,0,9.99200639488409e-05,0.000499600319744205,0.00139888089528377,0.00639488409272582,0,0,0,0,0.000799360511590727,0,0.000299760191846523,0,0,0.0124900079936051,0
0,0,0,0,0,0,9.99600159936026e-05,0,0,0,0,0,0,0,0.00229908036785286,0,0,0,0,0,0,0,0,0.00609756097560976,0,0.0825669732107157,0,0,0.0286885245901639,0.00169932027189124,0.0367852858856457,0,0,0.00549780087964814,0,0,0,0.0149940023990404,0,0,0,0,0,0,0,0,0,0,0,0,9.99600159936026e-05,0,0,0,0,0,9.99600159936026e-05,0,0,0.0515793682526989,0,0,0,0,0,0,0.00109956017592963,0,0,0.0189924030387845,0,0,0,0,0,0,0,0,0,0,0,0,0,0,0,9.99600159936026e-05,0,0,0,0.0137944822071172,0,0.000499800079968013,0,0,0,0,0,0,0,0,0,0,0,0,0,0,0,0.240203918432627,0,0,0.00109956017592963,0,0,0.00479808076769292,0,0,0,0,0,0.00039984006397441,0,0,0,9.99600159936026e-05,0,0,0,0,0,0,0,0,0,0.000499800079968013,0,9.99600159936026e-05,0.0038984406237505,0,0,0,0.00219912035185926,0,0,0,0,0,0.00109956017592963,0,0,0.000899640143942423,0,0,0,0,0,0,0,0,0,0.0076969212315074,0,0,0,0,0,0,0,0,0,0,0,0,9.99600159936026e-05,0,0,0,0,0,0.00949620151939224,0,0,0,0,0,0.00129948020791683,0,0,0,0,0,0.00179928028788485,0.00219912035185926,0.00279888044782087,0,0,0,0,0,0,0,0,0,0,0,0.0414834066373451,0.00149940023990404,0,0,0,0.00329868052778888,0,0,0,0,0,0,0.0131947221111555,0,0,0,0,0,0,0,0,0,0,0,0,0.00079968012794882,0,0,0,0.0322870851659336,0,0,0,0,0,0,0,0,0,0,0,0.00739704118352659,0.00219912035185926,0,0,0,0,0,0.00409836065573771,0,0,0.000299880047980808,0,0,0,0,0,0,0,0,0.00159936025589764,0,0,0,0,0.00149940023990404,0,0,0.0180927628948421,0,0.00339864054378249,0,0,0,0,0.264094362255098,0,0,0.0356857257097161,0,0,0,0,0,0.00579768092762895,0,0,0,0,0,0.0175929628148741,0,0,0,0,0,0
0,0.0036996300369963,0,0,0,0,0.0031996800319968,0.0050994900509949,0,0,0,0,0,0.0031996800319968,0.0001999800019998,0,0,0,0,0,0.0275972402759724,0.0085991400859914,0,0,0,0.0004999500049995,0,0,0,0,0.0733926607339266,0,0,0.0112988701129887,0,0,0,0.0383961603839616,0,0,0,0,0,0.0266973302669733,0,0.0031996800319968,0.0067993200679932,0,0,0,0.0003999600039996,0,0,0,0.0056994300569943,0,0,0,0.0002999700029997,0.0128987101289871,0,0.0073992600739926,0,0,0.0004999500049995,0,0.0048995100489951,0,0.0041995800419958,0.0208979102089791,0,0,0,0,0,0,0,0,0,0.0263973602639736,0,0.0002999700029997,0.0282971702829717,0,0,0,0,0,0,0.0116988301169883,0,0,9.99900009999e-05,0,0,0,0,0,0,0,0,0,0,0,0,0,0,0.0405959404059594,0,0.001999800019998,9.99900009999e-05,0,0,0.0065993400659934,0,0,0,9.99900009999e-05,0.022997700229977,0,0.0098990100989901,0,0,0.0002999700029997,0.000999900009999,0.0055994400559944,0,0,0,0,0.0826917308269173,0,0,0,0,0,0,0,0,0,0,0,0,0,0.0067993200679932,0,0,0,0.0018998100189981,0,0,0,0,0,0,0,0,0,0,0.001999800019998,0,0,0,0,0,0,0,0,0,0,0,0,0.0022997700229977,0,0,0,0.0076992300769923,0,0.0200979902009799,0,9.99900009999e-05,0,0,0,0,0,9.99900009999e-05,0,0,0,0,0.0053994600539946,0,0,0.0011998800119988,0,0,0.003999600039996,0,0,0,0,0,0,0,0,0,0,0,0,0,0,0.0010998900109989,0,0,0,0.001999800019998,0,0,0.0008999100089991,0.003999600039996,0.0325967403259674,0,0,0,0,0.0028997100289971,0,0,0.0048995100489951,0.005999400059994,0,0,0.0008999100089991,0,0,0,0,0,0,0,0,0.0294970502949705,0,0,0.0013998600139986,0.0443955604439556,0,0,0,0,0,0.0048995100489951,0,0,0,0,0,0,0.0055994400559944,0,0,0,0,0,0,0,0,0.0083991600839916,0.006999300069993,0,0,0.0046995300469953,0,0,0,0,0,0,0.253474652534747,0,0,0.0174982501749825,0,0,0,0,0,0,0.0012998700129987,0,0,0,0,0,0,0.0024997500249975,0,0,0.0046995300469953,0
0,0,0,0.000399800099950025,0,0,0.00299850074962519,0.000399800099950025,0,0,0,0,9.99500249875062e-05,0,0.000899550224887556,0,0,0,0,0.000199900049975012,0.00389805097451274,0.00579710144927536,0,0.00109945027486257,9.99500249875062e-05,0.0262868565717141,0,0,0.0320839580209895,0.00889555222388806,0,0,0,0,0,0,0,0.015192403798101,0,0,0,0,0,0.0063968015992004,0,0.0175912043978011,0,0,0,9.99500249875062e-05,0,0,0,0,0,0,0,0,0,0,0.000399800099950025,0.00169915042478761,9.99500249875062e-05,0,0,0,0.0375812093953024,0,0.00149925037481259,0,0,0,0,0,0,0,0,0,0,0,0,0,0.000499750124937531,0,0.111844077961019,0,0,0,0,0,0,0.015192403798101,0.000899550224887556,0,0,0.0031984007996002,0,0,0.000199900049975012,0,0,0,0,0,0,0,0,0.130234882558721,0,0.0337831084457771,0,0,0,9.99500249875062e-05,0,0,0,0,0,0,0,0,0,0.00189905047476262,0.000699650174912544,0,0,0,0,0,0.00429785107446277,9.99500249875062e-05,0,0,0,0.00429785107446277,0.000999500249875062,0,0,0,0.048575712143928,0,0,0,0,0,0,0.000199900049975012,0,0,0,0.000499750124937531,0.000299850074962519,0,0,0,0,0,0,0.024687656171914,0,0,0,0,0,0,0,0,0,0,0,0,0.000199900049975012,0,0,0,0,0,0,9.99500249875062e-05,0,0,0,0,0.00359820089955022,0,0,0,0,0,0,0.0095952023988006,0.000199900049975012,0,0.00309845077461269,9.99500249875062e-05,0,0,0,0,0,0,0,0,0,0.0403798100949525,0,0,9.99500249875062e-05,0.00229885057471264,0,0,0,0,0,0,0,0,0.0116941529235382,0,0,0,0.00359820089955022,0,0,0,0.000299850074962519,0,0,0,0.00389805097451274,0.00119940029985007,0,0.0102948525737131,0,0,0,0,0,0,0,0,0,0,0,0,0,0.000199900049975012,0,0,0,0,0,0,0,0.00449775112443778,0.00209895052473763,0,0,0,0,0,0,0,0,0,0,0,0,0.204497751124438,0.00299850074962519,0,0,0,0,0,0,0,0,0.143728135932034,0,0,0,0,0,0,0,0,0.00139930034982509,0,0,0,0,0,0.000699650174912544,0,0.00299850074962519,0,0,0,0
0,0,0,0,0,0,5e-04,0,0,0,0,0,0,0,0.0055,0,0,0,0,0,0,0.0098,0,0,0,0.3806,0,0.0024,0,0,0,0.0115,0,0,0,0,0,0,0,0,0,0,0,0,0,0.024,0,0,0,0,0,0,0,0,0,0,0,0,0,0,0,0,0,0,0,0.0351,0.002,0,0,0,0.0134,0,0,0,0,0,0,0,0,0.0177,0,0,0,0,0,0,0,0,0,0,0,0,0,0,0,0,0,0,0.0343,0,0,0,0,0,0,0,0,0.0358,0,0,0,8e-04,0,0.0297,0,0,0,0,0.0041,0,7e-04,0,0,2e-04,0,0,0,0,8e-04,0,0,0.0106,0,0,0,0,0,0,0,0,0.005,0,0,0,0,0,8e-04,0,0,0,0.0065,0,0,0,0,0,0,0,0,0,0,0,0,0.0015,0,0,0,0,0,0,0,0,0,0,0,0,0,0.0093,0,0,0,0,0,0,0,0,0,0,0,2e-04,0,0.0054,0,0,0,0,0,0,0,0,0,0,0,0.0095,0,0,0,0,0,0,0,0.0161,0.0019,0,0,0,0,0.0018,0,0,0,0.0085,0,0,0,7e-04,0,0,0.0265,0,0,0,0,0.1621,0,0,0,0,0,0,0,0,0,0,0,0,0,0,0,0,0,0,0,3e-04,0.0037,0,0,0,0,0,0,0,0,0,0,0,0,0,0,0.0051,0,0.0121,0.1028,0,0,0,0,0,0,0,0,0,0,0,0,0,0,0,0,0,0,0,7e-04,0,0,0,0,0,0,0,0
0,0,0,0,0,0,9.99700089973008e-05,0.00159952014395681,0,0,0,0,0,0.0280915725282415,0.00119964010796761,0,0,0,0,0,0.00239928021593522,0.00359892032390283,0,0.000299910026991902,0,0.272818154553634,0,0,0.00499850044986504,0,0.0146955913226032,0,0,0.0119964010796761,0,0,0,0.00999700089973008,0,0,0,0,0,0.00299910026991902,0,0.000599820053983805,0,0,0,0,0,0,0,0,0,0,0,0,0,0.00769769069279216,0,0,0,0,0,0,0.00319904028791363,0,0,0.00139958012596221,0,0,0,0,0,0,0,0,0.0121963410976707,0,0,0,0,0,0,0,0,0,0,0.0119964010796761,0,0.00239928021593522,0.0181945416375087,0,0,0.000599820053983805,0,0,0,0,0,0,0,0,0,0,0,0.130560831750475,0,0.00909727081875437,0,0,0,0.000599820053983805,0,0.000299910026991902,0,0,0.0167949615115465,0,0.00869739078276517,0,0,9.99700089973008e-05,0.00689793062081376,0.00149955013495951,0,0,0,0,0.0168949315205438,0.02259322203339,0,0,0,0,0.00999700089973008,0,0,0,0.0238928321503549,0,0,0,0,0,0,0,0,0,0,0,0.000299910026991902,0,0,0,0,0,0,0.00239928021593522,0,0,0,0,0,0,0,0,0,0,0,0,0,0,0,0,0.00309907027891633,0.000499850044986504,0.00109967009897031,0,0,0,0,0,0,0,0,9.99700089973008e-05,0,0,0,0.00299910026991902,0,0,0,0,0.00249925022493252,0,0,0,0,0,0,0,0,0,0,0,0,0,0,0,0,0,0,0.00189943017094872,0.00629811056682995,0,0.00439868039588124,0,0,0,0,0,0,0,0,0.000199940017994602,0.000899730080975707,0,0,0,0,0.00459862041387584,0,0,0,0,0,0,0,0.0116964910526842,0.0187943616914926,0,0,0,0,0,0,0,0.0194941517544737,0,0,0,0,0,0,0,0,0,0,0,0,0.000399880035989203,0,0,0,0,0,0.00329901029691093,0,0,0.0179946016195141,0,0.000899730080975707,0,0,0,0,0.207437768669399,0,0,0.0208937318804359,0,0,0,0,0,0,0,0,0,0,0,0,0,0.000999700089973008,0,0,0.00579826052184345,0
0,0,0,0,0,0,0.000199900049975012,9.99500249875062e-05,0,0,0,0,9.99500249875062e-05,0,0.00339830084957521,0,9.99500249875062e-05,9.99500249875062e-05,0,0,0.000699650174912544,0.00219890054972514,0,0.000699650174912544,0,0.250074962518741,9.99500249875062e-05,0,0.0112943528235882,0.0015992003998001,0.00079960019990005,0.00139930034982509,0,0.00199900049975012,0,0,0.00459770114942529,0.00419790104947526,9.99500249875062e-05,0,0,0,0,0.00589705147426287,0,0.0222888555722139,0,9.99500249875062e-05,0,0,0,0,0,0,0.000499750124937531,0,0,0,0,0.000599700149925037,0,0,0,0,0,0.000599700149925037,0.00719640179910045,0,0,0,0.00149925037481259,9.99500249875062e-05,0,9.99500249875062e-05,0,0,0,0,0,9.99500249875062e-05,0,0,0.00909545227386307,0.000599700149925037,0,0.00329835082458771,0.00729635182408796,0,0,0.000999500249875062,0,0.00419790104947526,0.00189905047476262,0,0,0.0133933033483258,9.99500249875062e-05,0,0.00359820089955022,0,0,0,0,0,0.000699650174912544,0.000399800099950025,0,0.12463768115942,0,0.00469765117441279,0,0,0,0.00529735132433783,0.000699650174912544,0,0,0,9.99500249875062e-05,0,0,0,0.000199900049975012,0,0.00289855072463768,0.0295852073963018,0,0,0,0.000299850074962519,0.032183908045977,0.000199900049975012,0,0,0,0,0.00679660169915042,0,0,0,0.0272863568215892,0,0,0,0,0,0.000899550224887556,0,0,0.00139930034982509,0.00549725137431284,0,0,0,9.99500249875062e-05,0,0,0,0,0.00659670164917541,0,0.00759620189905048,9.99500249875062e-05,9.99500249875062e-05,0,0,0,0,0,0,0.000199900049975012,0.000199900049975012,9.99500249875062e-05,0,0,0,0.00599700149925037,0.000699650174912544,0.00109945027486257,0,0,0,0,0,0.000699650174912544,0,0,0,0,0,0,0.00269865067466267,0,0,0,0,0,0.00609695152423788,0,0,0,0,0,0.000299850074962519,0,0.000399800099950025,0,0.000699650174912544,0.000699650174912544,0,0.00629685157421289,0,0,0,9.99500249875062e-05,0.00569715142428786,0.00469765117441279,0.000899550224887556,0.00899550224887556,0,0.000599700149925037,0.0347826086956522,9.99500249875062e-05,0,0,0,9.99500249875062e-05,0,0.0123938030984508,0.00179910044977511,0.000299850074962519,0.000299850074962519,0,0.00759620189905048,0,0,0,0,0.00119940029985007,9.99500249875062e-05,0.00489755122438781,0,0.0280859570214893,0,9.99500249875062e-05,0,0,0,0,0,0,9.99500249875062e-05,0,0,0.000399800099950025,0.00149925037481259,0.000499750124937531,0,0.000299850074962519,0.000199900049975012,0,0,0,0.000199900049975012,0,0,0,0,0.000199900049975012,0.000499750124937531,0,0.000699650174912544,0.0938530734632684,0,0,0,0,9.99500249875062e-05,0.000199900049975012,0.0964517741129435,0,0,0.0280859570214893,0,0,9.99500249875062e-05,0,0,0.000999500249875062,0.000699650174912544,0,0,0,0,0.00549725137431284,0,0.00139930034982509,0,0,0.00359820089955022,0
0,0,0,0,0,0,0,0,0,0,0,0,0,0.0266893242702919,0.000199920031987205,0,0,0,0,0,0,0,0,0,0,0.0239904038384646,0,0.000699720111955218,0.000199920031987205,0,0,0,0,0.0286885245901639,0,0,0.00159936025589764,0,0,0,0,0,0,0,0,0.00689724110355858,0,0,0,0,0,0,0,0,0,0,0,0,0,0.0537784886045582,0,0,0,0,0,0,0.0139944022391044,0,0,0,0,0,0,0,0,0,0,0,0,0,0,0,0.00689724110355858,0,0,0,0,9.99600159936026e-05,0,0,0,0,0.000199920031987205,0,0,9.99600159936026e-05,0.000199920031987205,0,0,0,0,9.99600159936026e-05,0,0,0,0,0,0.171131547381048,0.00039984006397441,0,0,0,0,0,0,0,0,0,0.0127948820471811,0,0,0,0,9.99600159936026e-05,0.00879648140743703,0,0,0,0,0,0.00409836065573771,0.0235905637744902,0,0,0,0,9.99600159936026e-05,0,0,0,0.000899640143942423,0,0,0,0,0,0,0,0,0,0,0,0,0,0,0,0,0,0,0.00449820071971212,0,0,0,0,0,0,0,0,0,0,0,0,0,0,0,0,0,0,0,0,0,0,0,0,0,0,0,0,0,0,0,0.0222910835665734,0,0,0,0,0,0,0,0,0,0,0,0.0901639344262295,0,0.000599760095961615,0,0,0.000199920031987205,9.99600159936026e-05,0,0,0,0,0,0,0.0137944822071172,0,0,0,0,0,0,0,0,0,0,0,0,0,0,0,0,0.000599760095961615,0,0,0,0,0,0,0,0,0,0,0.00039984006397441,0,0,0,0,0,0,0,0,0,0,0,0,0,0,0.00079968012794882,0,0,0,0.000899640143942423,0,0,0,0,0,0.00419832067173131,0,0,0.0144942023190724,0.000599760095961615,0,0,0,0,0,0.437325069972011,0,0,0.0163934426229508,0,0,9.99600159936026e-05,0,0.00189924030387845,0,0,0,0,0,0,0,0,0.00439824070371851,0,0,0,0
0,0,0,0,0,0,6e-04,2e-04,0,0,0,0,0,0.0062,3e-04,0,0,0,0,0,0,0.0012,0,0,0,0.2633,0,0,0,0,0.0643,0,0,0.0212,0,0,0.0015,0,1e-04,0,0,0,0.0096,0,0,0.0357,0,0,0,0,0,0,0,0,0,0,0,0,0,0.0014,0,1e-04,0,0,0,0,0.0018,0,0,0,7e-04,0,0,0,0,0,0,0,1e-04,0,0,0,0,0,0,0,0,0,0,0,0,0,1e-04,0,0,0,0,0,0,0,0,0.0011,0,0,0,0,0,0.002,0,0,0,0,2e-04,0.0199,0,0,0,0,0.0376,0,4e-04,0,0,0,0.0494,0,0,0,0,0,0,0.0046,0,0,0,0,0.0018,0,0,0,2e-04,0,0,0,0,0,0.0043,0,0,0,0.0019,0,0,4e-04,0,0,0,0,8e-04,0.0092,0,4e-04,0,0,0,0,0,0,0,0,0,0,0,0,0,0,1e-04,0.0098,0.0164,0,0,0,0,0.0011,0,0,0,0,0,0,0,0,0,0,0.0295,0,0,0,0,0,0,0,0,0,0,0,0,0,0,0,0,0,0,0,0,0,0,0,0.0038,0,0,0,0,0,0,0,0,0,0.0139,0,0,0,0,0.0175,0,0,0,0,0,0,0,0,0,0,0,0,0,0,0,0,0,0,0,0,0,0,0,0,0,0.001,0,0,4e-04,4e-04,0,0,0,0,0.0291,0.0344,0,0,0,0,0,0,0,0,0.001,0.2925,0,0,0,0,0,0.0047,0,0,4e-04,0,0,0,0,0,0.0014,0,0,0,0,0,0
0,0,0,0,0,0,9.9940035978413e-05,0.00269838097141715,0,0,9.9940035978413e-05,0,0,0.00909454327403558,0.000199880071956826,0,0,0,0,0,0.00149910053967619,0.004597241655007,0,0,0,0.200779532280632,0,0,0.000399760143913652,0,0.0104937037777334,0,0.00139916050369778,0.0233859684189486,0,0.0116929842094743,0.00859484309414351,0.00349790125924445,0,0,0,0,0,0.000599640215870478,0,0.00259844093543874,0,0,0,0,0,0,0,0,0.00179892064761143,0,0,0,0,0.00169898061163302,0,0.000599640215870478,0,0,0,0.000199880071956826,0.0102938237057765,0,0,0.00519688187087747,0.000499700179892065,9.9940035978413e-05,0,0.000499700179892065,0,0,0,0,0,0,0,0,0.0274835098940636,9.9940035978413e-05,0.00599640215870478,0.00239856086348191,0,0,0,0.00139916050369778,0,0,0,0,0,0,0,0,0.00179892064761143,0,0,0,0,0.00179892064761143,0.00129922046771937,0.000599640215870478,0.00499700179892065,0.12342594443334,0,0,0,0,0,0.00659604237457526,0,0,0.0053967619428343,0,0.0287827303617829,9.9940035978413e-05,0.00319808115130921,0,0,0,0.00729562262642415,0,0,0,0,0.00319808115130921,0.0252848291025385,0.00339796122326604,0,0,0,0.000499700179892065,0.00639616230261843,0,0,0,0,0,0,0,0,0,0.004597241655007,0.00209874075554667,0,0.00319808115130921,0.00449730161902858,0,0,0,0,0,0,0,0,0.00119928043174096,0,0,0,9.9940035978413e-05,0,0,9.9940035978413e-05,0,0,0,0,0.00269838097141715,0.00149910053967619,0,0.00209874075554667,0,0.00289826104337398,0.00219868079152508,0.00569658205076954,0,0,0.00409754147511493,0,0,0,0,0,0,0.00149910053967619,0,0,0.00739556266240256,0,0,0.00119928043174096,0,0.00139916050369778,0.00599640215870478,0,0,0,0,0,0.00209874075554667,0.0053967619428343,0,0,0,0.000199880071956826,0,0.0306815910453728,0,0.00949430341794923,0,0.000799520287827304,0.00129922046771937,0.00949430341794923,0.00479712172696382,0,0.000499700179892065,0,0.028083150109934,9.9940035978413e-05,0,0,0.000199880071956826,0.00149910053967619,0,0.00639616230261843,0.00329802118728763,0.00289826104337398,0,0,9.9940035978413e-05,0,0,0,0.000299820107935239,0.000299820107935239,0,0,0,0.0107935238856686,0,0,0,0,0,0,0.000999400359784129,0.00429742154707176,9.9940035978413e-05,0.00119928043174096,0,0.00549670197881271,0,0,9.9940035978413e-05,0.000899460323805717,0,0,0,0,9.9940035978413e-05,0,0,0,0.00219868079152508,0.000299820107935239,0.000499700179892065,0,0.00219868079152508,0.0206875874475315,0,0,0,0,9.9940035978413e-05,0.000799520287827304,0.146911852888267,0,0,0.0498700779532281,0,0,0,0,0,0.00219868079152508,0.000499700179892065,0.01259244453328,0,0,0,0.00159904057565461,0,9.9940035978413e-05,0.000299820107935239,0,0.00759544273435938,0.00109934039576254
0,0.0017,0,0,0,0,0.0039,0,0,0,0,0,0,0,9e-04,0,0,0,0,0,0,0.008,0,0,0,0.2211,0,0,4e-04,0.0017,0,0,0,0,0,0,4e-04,0,0,0,0,0,0,0,0,0,0,3e-04,1e-04,0,0,0,0,0,0,0,0,1e-04,0,0,1e-04,1e-04,1e-04,1e-04,0,0,0.0648,0,0,0,0,0,0,0,0,0,0,0,0,0.0077,0,0,0,0,0,7e-04,0.2304,0,0,0,0,0,0,0,0,0,0,0,0,0,0,0,0,0,0,0,0,0.0641,0,0,0,0,0,0.0057,0,0,0,0,0.0445,0,0,0,0,0,0,0,0,0,5e-04,0,0,0,0,1e-04,0,0,0.0089,0,0.0124,0,0,0,0,0,0,0,0.0016,0,0,6e-04,0.0019,0,0,0,0,0,0.0021,1e-04,0,0,0,0,0,0,0,0,0,0,0,0,0,0,1e-04,0,0,0,0,0.0069,0,0,0,0,0,0,0,0,0,0,0,0,0,0.0028,1e-04,0,0,0,0,0,0,0,0,0,0,0.0737,0,0.001,4e-04,0,0,1e-04,0,0,0,0,0.0021,0,0,0.0053,0,0,0,0.0099,0,0,0,0,0,0,0,0,0,0,0,0.0708,0,0,0,0.0043,0,7e-04,0,0,0,0,0,0,0,0,0,0,0,0,0,1e-04,0.0029,0.014,0,0,0,0.0154,0.0013,0,0,5e-04,0,2e-04,0,0,4e-04,0.0178,0,0,0.0346,0,2e-04,0,0,0,0,7e-04,0,0,0.0415,0,0,0,0,1e-04,0,0,0,0,0,0,0,0,0,0,0,0,0.007
0,0,0,0,0,0,0.0011983223487118,0,0,0,0,9.98601957259836e-05,0,0,0.000499300978629918,0,0,0,0,0,9.98601957259836e-05,0.000199720391451967,9.98601957259836e-05,0,0,0.359796285200719,0,0,0.000599161174355902,0.00109846215298582,0,0,0,0.0011983223487118,0,0,0.000798881565807869,0,0,0,9.98601957259836e-05,0,0,0,0,9.98601957259836e-05,0,0,0,0,0,0,0,0,9.98601957259836e-05,0,0,0.000599161174355902,0,9.98601957259836e-05,0,0.000199720391451967,0,0,0,0.00399440782903935,0.00169762332734172,0,0,0,0,0,0,9.98601957259836e-05,0,0,0,0,0,0,0,0,0.00868783702816057,0,9.98601957259836e-05,0,0.0509286998202516,0,0,0.000199720391451967,0,0.000299580587177951,0.0158777711204314,0,0.000299580587177951,0.00319552626323148,0,0,0.000199720391451967,0,0,0,0,0,9.98601957259836e-05,0.000499300978629918,0,0.30607149990014,9.98601957259836e-05,0,0,0,0,9.98601957259836e-05,0.000199720391451967,0.00269622528460156,0,0.000199720391451967,9.98601957259836e-05,0,0.00379468743758738,0,0,0.00229678450169762,0.000699021370081885,0.00778909526662672,0,0,0,0,0.0066906331136409,0,0,0,0,0,0.000199720391451967,0.000599161174355902,0,0,0.000798881565807869,0.000199720391451967,0,0,0,0,0,0,0,0,0.000798881565807869,0,0,0,0,0,0,0,0,9.98601957259836e-05,0,0,0,9.98601957259836e-05,0,0,0,0.00179748352306771,0,0,0,0,9.98601957259836e-05,0.000399440782903934,0,0,0.00239664469742361,9.98601957259836e-05,0,0,9.98601957259836e-05,0,0,0,9.98601957259836e-05,0,0,0,0.000299580587177951,0,0,9.98601957259836e-05,9.98601957259836e-05,0,0,0,0,0.00399440782903935,0,0,0,0.00109846215298582,0,0,0,0.00199720391451967,0,0,0,0,0,0,0,0,0.000199720391451967,0.00469342919912123,9.98601957259836e-05,9.98601957259836e-05,0.000998601957259836,0,9.98601957259836e-05,0.00718993409227082,0,9.98601957259836e-05,0,0,0,0,0,0.000998601957259836,0,0.000199720391451967,0,0.012083083682844,0,0,0,0,0,0,0,0.00948671859396844,0.00639105252646295,0.000299580587177951,0.000299580587177951,0,0,0,0.000599161174355902,0,0.00259636508887557,0,0,0,0,0.00109846215298582,0,0,0,0.000199720391451967,0.000199720391451967,0,0,9.98601957259836e-05,0,0,0,0,0,0.0709007389654484,0,0,0.00968643898542041,0,0.00159776313161574,9.98601957259836e-05,0,0,0,0.067205911723587,0,0,9.98601957259836e-05,0,0,0,0,0,9.98601957259836e-05,0,0,0,0,0,9.98601957259836e-05,0,0,0.00149790293588975,0,0.00149790293588975,0
0,0,0,0,0,0,0.000299880047980808,0,0,0,0.00129948020791683,0,0.00039984006397441,0,0.00169932027189124,0,0,0,0,0,0.00199920031987205,0.00289884046381447,0,0.000299880047980808,0,0.0293882447021192,0.000199920031987205,0,0.00039984006397441,0,0,0,0,0.0131947221111555,0.00079968012794882,0,0.00519792083166733,0.00289884046381447,0,0,0,0,0,0.00669732107157137,9.99600159936026e-05,0.0349860055977609,0,0,0,0,0,0,0,0,0,0,0,0,0,0.00179928028788485,0,9.99600159936026e-05,0.00039984006397441,0.00889644142343063,0,0,0.00229908036785286,0,0,0.00449820071971212,0.00989604158336665,0.000199920031987205,0,0.000299880047980808,0,0,0,0,0,0.00159936025589764,0,0.0037984806077569,0.0304878048780488,0,0.0307876849260296,0.000299880047980808,0.00159936025589764,0,0,0.00339864054378249,0,0.00259896041583367,0,0,0,0,0,0,0,0,0,0,0,0.00119952019192323,0.00279888044782087,0.000699720111955218,0,0.0254898040783687,0,0,0,0,0.0109956017592963,0.000899640143942423,0.000899640143942423,0,0.021891243502599,0.00489804078368653,0.007796881247501,0,0,0,0,0.000299880047980808,0.00699720111955218,0,0,0,0,0,0.0997600959616153,0.000199920031987205,0,0,9.99600159936026e-05,0,9.99600159936026e-05,0,0,0,0.00159936025589764,0,0,0,0.0328868452618952,0,0.00409836065573771,0,0.00619752099160336,0,0,0,0.000499800079968013,0,9.99600159936026e-05,0,0,0,0,0.0131947221111555,0,0.0132946821271491,0.000599760095961615,0,0,0,0,0,0.00199920031987205,0.000499800079968013,0,0,0.00079968012794882,0,0,0,0.00819672131147541,0.0209916033586565,0.00809676129548181,0,0,0.00149940023990404,0,0,0.00209916033586565,0,0.000999600159936026,0,0,0,0,0.00159936025589764,0,0,0,0,0,0.00989604158336665,0,0,0.0115953618552579,0,0,0.0180927628948421,0,0.00109956017592963,0,0,0,0,0,0,0,0,0.000299880047980808,0.00269892043182727,0.00199920031987205,0.0117952818872451,0.00129948020791683,0.000299880047980808,0.00749700119952019,0.0496801279488205,0.00419832067173131,0,0,0,0,0,0.0308876449420232,0.00639744102359056,0.00749700119952019,0.000299880047980808,0,0.000999600159936026,0,0,0,0,0,0.00339864054378249,0,0,0.0317872850859656,0,0,0,0.00149940023990404,0,0,0,0.0213914434226309,0.000199920031987205,0.00439824070371851,0,0,0.00719712115153938,0.00169932027189124,0,0.000199920031987205,0,0,0,0,0.000199920031987205,0,9.99600159936026e-05,0,0,0,0.0194922031187525,0,0,0.03218712514994,0,0,0,0,0.00109956017592963,0.000299880047980808,0.14344262295082,9.99600159936026e-05,0,0.0401839264294282,0,0,0,0,0,0.00279888044782087,0.00819672131147541,0,0,0.00119952019192323,0,0.000699720111955218,0,0.000699720111955218,0,0,0.000999600159936026,0
0,0,0,0,0,0,0,0,0,0,0,0,0,0,0,0,9.99600159936026e-05,0,0,0,0,0.00489804078368653,0.000299880047980808,0,0,0.213914434226309,0,0,0,0,0,0,0,0,0,0,0,0,0,0,0,0,0,0.00749700119952019,0,0,0,0,0,0,0,0,0,0,0,0,0,0,0,0,0,0,0,0,0,0,0.0164934026389444,0,0,0,0,0,0,0.0246901239504198,0,0,0,0,0,0,0,0,0.00079968012794882,0,0,0,0,0,0,0.00129948020791683,0,0,0,0,0,0,0,0,0,0,0,0,0,0,0,9.99600159936026e-05,0,0.0494802079168333,0,0,0,0,0,0.00129948020791683,0,0,0,0,0.000699720111955218,0,0,0,0,9.99600159936026e-05,0,0,0,0,0,0,0,0,0,0,0,0,0,0,0,0,9.99600159936026e-05,0,0,0,0,0,0,0.00079968012794882,0,0,0,0,0,0,9.99600159936026e-05,9.99600159936026e-05,0,0,0,0.00169932027189124,0,0,0,0.29078368652539,0,0,0,0,0,0,0,0,0.000199920031987205,0,0,0,0,0.00989604158336665,0,0,0,0,0,0,0,0,0,0,0,0,0,0.00119952019192323,0,0,0,0,0,9.99600159936026e-05,0,0,0,0,0,0,0,0.00079968012794882,0,0,0,0,0,0,0,0,0,0,0,0,0,0,0,0,0,0,0,0,0,0,0,0,0.0128948420631747,0,0,0.0187924830067973,0,0,0,0,0,0,0,0,0,0,9.99600159936026e-05,0,0,0,0,0,0,0,0,0,0,9.99600159936026e-05,0,0,0,0,0,0,0,9.99600159936026e-05,0,0,0,0,0,0.000299880047980808,0,0,0.000999600159936026,0,0,0,0,0,0,0.329668132746901,0,0,0,0,0,0,0,0,0,0.00929628148740504,0,0,0,0,0.000299880047980808,0,0,0,0,0,0
0,0,0,0,0,0.000199920031987205,0.000899640143942423,0.00199920031987205,0,0,0,0,0,0,0.00279888044782087,0,0.000199920031987205,0,0,0,0.000899640143942423,0.000599760095961615,0,0,9.99600159936026e-05,0.0141943222710916,0.000199920031987205,0,0.000299880047980808,0,0.0176929228308677,0,0.00339864054378249,0.00479808076769292,0,0,0.000999600159936026,0.00239904038384646,0,0,0,0,0,0.00579768092762895,0,0.00259896041583367,0,0.000499800079968013,0,0,0.000299880047980808,0,0,0,0.000899640143942423,0,0,0,0,0.000199920031987205,0.000299880047980808,0.00339864054378249,0,9.99600159936026e-05,0,0.000599760095961615,0.00329868052778888,0,0.00239904038384646,0.00539784086365454,0.00219912035185926,0,0,0.000599760095961615,0,0,0,0,0,9.99600159936026e-05,0,9.99600159936026e-05,0.00669732107157137,0,0.000899640143942423,0.00289884046381447,0.000199920031987205,0,0,0.00509796081567373,0.00119952019192323,9.99600159936026e-05,0,0,0,0,0.00689724110355858,9.99600159936026e-05,0.000299880047980808,0,0,0,0,0,0.000199920031987205,0,0,0.203218712514994,0,0.00369852059176329,0,0.000999600159936026,0,0.00429828068772491,0.000199920031987205,0.00079968012794882,0,0,0.0270891643342663,0,0,0,0.00229908036785286,0,0.00829668132746901,0.0104958016793283,0,0,0.000599760095961615,0.000599760095961615,0,0.0146941223510596,0,0,0,0.00149940023990404,0.00149940023990404,0,0,0,0.00209916033586565,0,0,9.99600159936026e-05,0,0,0.0037984806077569,0,0,0,0.00169932027189124,0.00239904038384646,0,0,0,0,0,0,0,0.00899640143942423,0,0,0,9.99600159936026e-05,0,0,0.000199920031987205,0,0,9.99600159936026e-05,0.00079968012794882,0,9.99600159936026e-05,9.99600159936026e-05,0,0,0,0.000899640143942423,0.00329868052778888,0,0,9.99600159936026e-05,0.000499800079968013,0,0.000899640143942423,0,0,0,0,0,0.00039984006397441,0.0079968012794882,9.99600159936026e-05,0,0,0,0,0,0.000299880047980808,0,0,0,0,0.0129948020791683,0.0493802479008397,0.00509796081567373,0.00079968012794882,0,9.99600159936026e-05,0,0.00119952019192323,0,0,0,0.00109956017592963,0.00189924030387845,0.00619752099160336,0.00239904038384646,0.0850659736105558,0,0.00169932027189124,0.00279888044782087,0,0,0,0,0.00679728108756497,0,0.00039984006397441,0.000199920031987205,9.99600159936026e-05,0,0,0.0491803278688525,0,0,0.000299880047980808,0,0,0.00259896041583367,0,0,0,0,0.0192922830867653,0.0420831667333067,0,0,0,0,9.99600159936026e-05,0,0.000599760095961615,0,0.00079968012794882,0.00129948020791683,0.0350859656137545,0,0,0,9.99600159936026e-05,0,0,0.00519792083166733,0,0,0,0,0.00219912035185926,0.00199920031987205,0,0,0.0427828868452619,0,0,0,0,0,0.000599760095961615,0.133346661335466,0,0,0.0318872451019592,0,0,0,0,0,9.99600159936026e-05,0.007796881247501,0,0,0,0,0.00139944022391044,0.00179928028788485,0.000199920031987205,0,0,0.0206917233106757,0
0,0,0,9.99700089973008e-05,0,0,0,9.99700089973008e-05,0,0,0,9.99700089973008e-05,0,0.0204938518444467,0.00349895031490553,9.99700089973008e-05,0,0,0,0,0.000199940017994602,0.000299910026991902,0,0,0,0.120563830850745,0,0,0,0,0,0,0,0,0,0,0.00209937018894332,0.00599820053983805,0,0,0,0,0,0.00599820053983805,0,0.125462361291613,0,0,0,0,0,0,0,0,0.00109967009897031,9.99700089973008e-05,0,0,0,0,0,0,0.000599820053983805,0,0,0,0.0312906128161552,0,0,0.0110966709987004,0.000599820053983805,0,0,0,0,0,0,0,0,0.00269919024292712,0.000299910026991902,0,0.030590822753174,0.000199940017994602,0.000499850044986504,0,0.00819754073777867,0,0,0.00259922023392982,0,0.00839748075577327,0.00479856043187044,0,0,9.99700089973008e-05,0,0.000599820053983805,0.00339898030590823,0,0.00299910026991902,0,0.00129961011696491,0.000299910026991902,0,0.00279916025192442,0.000199940017994602,0.330500849745076,0,0.00389883035089473,0,0,0,0.00119964010796761,0,0,0,0,0.0217934619614116,0,0,0,0,0.000299910026991902,0.0270918724382685,0,0,0.0212936119164251,0,0,0.00149955013495951,0.0160951714485654,0,0,0,0,0,0.000599820053983805,0,9.99700089973008e-05,0,0,0,0,0.00169949015295411,0,0.00119964010796761,0.000199940017994602,0,0,0.00139958012596221,0,0,9.99700089973008e-05,9.99700089973008e-05,0,0,0,0.000899730080975707,0.00799760071978406,0,0,0,0,0,9.99700089973008e-05,0,0,0,0,0,0,9.99700089973008e-05,0,0,0,0,0,0.015295411376587,0,0,0,0,0,0.00139958012596221,0,0,0,0,0,0,0.00139958012596221,0,0,0.00549835049485154,0,0,9.99700089973008e-05,0,0,0,0,0,0,0,0.00419874037788663,0,0,0,0,0,0,0.000899730080975707,0,0.000199940017994602,0,0,0.000199940017994602,0,0,0.00819754073777867,0.00429871038688393,0,0,0,0,0.000299910026991902,0,0.000499850044986504,0,0.0120963710886734,9.99700089973008e-05,0.000599820053983805,0,0,0,0,0,0,0,0,0,0,0,0,0,0,0,0,0,0,0,0,0,0,0,0,0,0,0,0,0,0.000499850044986504,0,0,0.000599820053983805,0,0,0,0.0641807457762671,0.00109967009897031,0,0,0,0,0,0,0,0,0.000299910026991902,0,0,0.0330900729781066,0,0,0,0,0,0.00149955013495951,0.000799760071978406,0,0.000199940017994602,0,0,0,0,0,0,0,0.00449865040487854,0
9.99100809271655e-05,0,0,0.00119892097112599,0,9.99100809271655e-05,9.99100809271655e-05,0.00189829153761615,0,0,9.99100809271655e-05,0.000199820161854331,9.99100809271655e-05,0,0.00139874113298032,0,0,0,9.99100809271655e-05,0.0054950544509941,0.00719352582675592,0.0149865121390748,0,0,0,0.354480967129583,0,0,0.00399640323708662,0,0,0,0.00189829153761615,0.00239784194225197,0,0,0,0.00249775202317914,0,0,0.000299730242781497,0,0,0,0,0,0,0.000299730242781497,0,0,9.99100809271655e-05,0,0,0,0.00349685283245079,0,0,0,0,0.0207812968328504,0.000199820161854331,0.00419622339894095,0,0,0,0.0060945149365571,0.0359676291337796,0,0,0,0.0031971225896693,0,0,0,0,0,0,0,0,0.00999100809271656,0,0.000699370566490159,0,0,0.0207812968328504,0,0,0,0,0,0,0.00119892097112599,0.000299730242781497,0,0.00199820161854331,0,0,0,0.00219802178039764,0,0,0,0.000199820161854331,0,9.99100809271655e-05,0.000999100809271655,0.00409631331801379,0.000499550404635828,0,0.000199820161854331,0.000999100809271655,0,0,0,9.99100809271655e-05,0.000799280647417324,0,0,0,9.99100809271655e-05,0.00759316615046458,0,0,0,0,0,0,0,0,0,0.0682385852732541,0.00909181736437207,0.00339694275152363,0,0,9.99100809271655e-05,0.00189829153761615,0,0,0,0.000299730242781497,0.000199820161854331,0,9.99100809271655e-05,0,0,0.00229793186132481,0.0028973923468878,0,0,0,0.0154860625437107,0,0,9.99100809271655e-05,0,0,0,0,0.00219802178039764,0,0.00639424517933859,9.99100809271655e-05,0,0.00309721250874213,0.014486961734439,0,0,0,0,0,0,0.000199820161854331,0.000299730242781497,0,0,0.0025976621041063,0.0302727545209312,0,0,0,0.00159856129483465,0,0,0.000399640323708662,9.99100809271655e-05,0,0,0.0176840843241083,0,0,0.00089919072834449,0.000399640323708662,0.000499550404635828,0.000199820161854331,0,0.00219802178039764,0.00339694275152363,9.99100809271655e-05,0,0,0,0,0.000599460485562993,0,0.000599460485562993,0,0,0.000399640323708662,0,0,0,0,0,0,0.00169847137576181,0.00159856129483465,0.00159856129483465,0,0.00709361574582875,0.00119892097112599,0,0.000599460485562993,0,0.000199820161854331,0,0.00209811169947048,0,0.00979118793086222,0.00359676291337796,0.00969127784993506,0.000199820161854331,0,0,0,0,9.99100809271655e-05,0.00119892097112599,0,0.00089919072834449,0.00439604356079528,0,0.0355679888100709,0,0,0,0,0,0,0,0.0210810270756319,0,0.000599460485562993,0,0.000499550404635828,0.018083724647817,0.00129883105205315,0,0.000799280647417324,0.00339694275152363,9.99100809271655e-05,0.00199820161854331,0.000299730242781497,0,0,0,0.000799280647417324,0,0,0.0092916375262264,0.00089919072834449,0.00139874113298032,0.00249775202317914,0,0,0,0.000499550404635828,0.000199820161854331,0,0.0870216804875612,9.99100809271655e-05,0,0.0105904685782795,0,0,0,0,0,0.00359676291337796,0,0,0,0,0,0.00529523428913977,9.99100809271655e-05,0.000299730242781497,0.0131881306823859,0,0.0159856129483465,0
0,0,0,0,0,0,0.0022,0,0,0,0,0,0,0,0.0046,0,0.0016,0,0,0,0,0.0032,0,6e-04,0,0.465,0,0,0.0064,0,0.0145,0,0,9e-04,0,0,2e-04,0,0,0,0,0,0,0,0,0.0293,0,0,0,1e-04,0,0,0,0,0,0,0,4e-04,0,0,0,0,1e-04,0,0,0,0.0021,0,0,0.0145,0.0011,0,0,0,0,0,0,0,0,7e-04,0,0,0,0,0,0,0,0.0026,0,0.0014,0,0.0031,7e-04,0,0,0,0,0,0.0046,0,0,0.004,0,0,6e-04,0,0,1e-04,0,0,0,0,0,0.0037,0,0.0016,0.0097,0,0,0,0.0038,0,0,0,0.0122,0,0,0,0,0,0.0728,0.0015,0,0,0,0,0.0408,0,0,0,2e-04,1e-04,0.0037,0,0,0,0,0,0.0041,0,0,0,0,0,0,0,0,0,0.0018,1e-04,0,0,0,0,0,0,0,0,0,0,0,0.0075,0.0034,6e-04,0,0,0,8e-04,0.0039,0,0,0,0,0.0083,0,0,0,0,0.0134,0,0,0.0033,0,4e-04,0,0,0.0103,0,0,0,0,0.0022,0,1e-04,0.0299,0,0,0,4e-04,0,0,0,0,0,0,0.0218,0.001,0,0,0,1e-04,0,0,0,0,6e-04,0,0,0.0022,0.0087,0,0,0,0.0036,0,0,0.0013,0,0,0,0,0,0.0122,0,1e-04,0,0,0,0,0,0,0,0,0,0,0.0366,0,0,0,0.001,0,0,0,0,0,0,0,0,0,0.0066,0,0,0.0117,0,0.0011,0,0,0,0,0.062,0,0,0.0107,0,0,0,0,0,0,0.0068,0,0,0,0,5e-04,0,1e-04,0,0,0.0061,0
0,0,0,0,0,0,0,0,0,0,0,0,0,0.0435,0.0024,0,0,0,0,0,0,0.0159,0,7e-04,0,0.4057,0,0,0,0.0018,0.0091,0,0,0.0167,0,0,0,0,0,0,0,0,0,0,0,0,0,0,0,0,4e-04,0,0,0,0,0,0,0,0,0.001,0,0,0,0,0,0,0.0259,0,0,0,0.0057,0,0,0,0,0,0,0,0,0.0076,0,0,0.0174,0,0,0,0,0,0,0.0026,0,0,0,0.0101,0,0,0,0,0,0,0,0,0,0,2e-04,0,0,0.0626,0,3e-04,0,0,0.001,0,0,0,0,0,0.0072,1e-04,0.0178,0,0,0,0,0,0,0,0,0,0.0895,0,0,0,0,0,0,0,0,0,0,0,0,0,0,0,0,0,0,0,0,0,0,0,0,0,0,0,0,0,0,0,0,0,0,0,0,0,0,0,0,4e-04,1e-04,0,0,0,0.0029,0,0.0011,0,0,0.0072,0,0,0,0,0,0,0,0,0,0.0042,0,0,0,0,9e-04,0,0,0,0,0,0,0,0,0,0,0,0,0,0,0.0062,0,0,0,0.0101,0.0047,0.0014,0,0,0,0,0,0.001,0,0,0,0,0,0,0,0,0,0.0054,0,0,0,0.0011,0,0,0,0,0.0587,0,0,0,0,0,0,0,0,0,0,0,0.0199,0,0,0,0,0,0,0,0,0,0,0,0,0,0,0.0024,0,0,0.0605,0,0,1e-04,0,1e-04,0,4e-04,0,0,0.0645,0,0,0,0,0,0,0,0,0,0,0,0,0,8e-04,7e-04,0,0,0
0,0,0.000699790062981106,0,0,0.000199940017994602,9.99700089973008e-05,9.99700089973008e-05,0,0,0.000499850044986504,0,0.00139958012596221,0,0.00699790062981106,0,0.00139958012596221,0.000699790062981106,0.000399880035989203,0,0.00159952014395681,0.00319904028791363,0,0,0,0,0,0,0,0.00279916025192442,0,0.0653803858842347,0,0.0489853044086774,0,0,0.00239928021593522,0.00669799060281915,0.00609817054883535,0,0,0,9.99700089973008e-05,0,0,0.00419874037788663,0,9.99700089973008e-05,0,0,0.000499850044986504,0,9.99700089973008e-05,0.000299910026991902,0.000999700089973008,9.99700089973008e-05,0,0,0,9.99700089973008e-05,0.000499850044986504,9.99700089973008e-05,0,0.000899730080975707,0,0,0.00169949015295411,0,0.00199940017994602,0.00319904028791363,0.00239928021593522,9.99700089973008e-05,9.99700089973008e-05,0,0,0,0.000199940017994602,0.000199940017994602,0.000299910026991902,0.000199940017994602,0,0.000199940017994602,0.00429871038688393,0,9.99700089973008e-05,0.0127961611516545,0.0196940917724683,0,0,0.00649805058482455,0,0.000299910026991902,0.0229931020693792,0,0,0,0,0.000499850044986504,0.00239928021593522,0,0,0.0124962511246626,0,0.000399880035989203,0.000499850044986504,0,0,0.152754173747876,0,0,0,0.00179946016195141,0,0.00679796061181645,0,0,0.000199940017994602,0,0.0288913326002199,0,0,0,0,0,0.0752774167749675,0,0,0,0.000199940017994602,0,0.00119964010796761,0.00659802059382185,0,0,0,0,0.0105968209537139,9.99700089973008e-05,0,0,0.00479856043187044,0.00199940017994602,0,0,0,0,0.000299910026991902,0,9.99700089973008e-05,0,0.00129961011696491,0,0,0.000199940017994602,0,0,0,0,0,0.00279916025192442,0,0.000999700089973008,0,0.000299910026991902,0,0,9.99700089973008e-05,0,0,0,0.000299910026991902,0,0.00279916025192442,0.000399880035989203,0,0,0.000599820053983805,0.000399880035989203,0.000299910026991902,0,0,0,0.00399880035989203,0.000299910026991902,0.00149955013495951,0,0,0,0,0,0,0.00809757072878137,0,0,0,0,0.00389883035089473,0,0,0.069779066280116,0,0,0,9.99700089973008e-05,0,0.00779766070178946,0.000299910026991902,0.00179946016195141,0.000599820053983805,9.99700089973008e-05,0.0309907027891633,0,0,0.00169949015295411,0.000799760071978406,9.99700089973008e-05,0.00529841047685694,0.000799760071978406,0.0359892032390283,0,0.00259922023392982,0.000299910026991902,0,0,0,0.00119964010796761,0,0.0437868639408178,0.00169949015295411,0.000999700089973008,0.0199940017994602,0,0.000199940017994602,0.0241927421773468,0,0,0.000499850044986504,0,0,0,0.000399880035989203,0,0,0,0.000699790062981106,0,0,0,0,0,0,0.000299910026991902,0.00359892032390283,9.99700089973008e-05,0.00729781065680296,0.00359892032390283,0.0510846745976207,0,0.00369889033290013,0.000999700089973008,0,0,0.000899730080975707,0.000199940017994602,0,0.000399880035989203,9.99700089973008e-05,0,0,0.0243926821953414,0,0.00179946016195141,0.0206937918624413,0,0,0,0,9.99700089973008e-05,0.000599820053983805,0,0,0.00639808057582725,0.0184944516645007,0,0.000199940017994602,0,0,0,0.000499850044986504,0.00139958012596221,0,9.99700089973008e-05,0,0,0.00119964010796761,0,0.00329901029691093,0,0,0.0246925922223333,0
0,0,0.000199760287654814,0,0,0,0.000199760287654814,0.00888933280063923,0,9.98801438274071e-05,0,0,0,0,0.000299640431482221,0,0.000199760287654814,9.98801438274071e-05,0,0.000199760287654814,0,0.00209748302037555,0,0,0,0.397423092289253,0,0.0027966440271674,0.00109868158210148,9.98801438274071e-05,0.0146823811426288,0,0,0.00479424690371554,0,0,0.0157810627247303,0.00509388733519776,0,0,0,0,0,0,0,0.00209748302037555,0,0,0,0,0.000299640431482221,0,0,0,0,0,0,0,0.00129844186975629,0.0013983220135837,0,0,0,9.98801438274071e-05,0,0,0.000499400719137036,0,0,0,0,0,0,0,0,0,0,0,0,0.000898921294446664,0,0,0.00199760287654814,0,0,0,0.0163803435876948,0,0,0.00549340791050739,0,0,0.000599280862964443,0,0.00439472632840591,0,0,0,0,0,0,0.00109868158210148,0,0,0,0,0,0.00209748302037555,0,0.000299640431482221,0,0,0,0.00529364762285258,0,0.000299640431482221,0.00109868158210148,0,0.000998801438274071,9.98801438274071e-05,0.0100878945265681,0.000599280862964443,0,9.98801438274071e-05,0.0224730323611666,0.00189772273272074,0,0,0,0,0.01078705553336,0.00679184978026368,0,0,0,0,9.98801438274071e-05,0,0.000199760287654814,0,0,9.98801438274071e-05,0,0,0,0,0,0,0.00249700359568518,0.000299640431482221,0,0,0.00789053136236516,0.000499400719137036,0,0,0,0,0,0,0,0.00848981222532961,0,0.00579304834198961,0,0,9.98801438274071e-05,0,0,0,9.98801438274071e-05,0.000199760287654814,9.98801438274071e-05,0,0,0,0.00459448661606073,0.000499400719137036,0.0282660807031562,0,0,0,0,0.000199760287654814,0.000499400719137036,0,0,0,0,0,0,0.00209748302037555,0,0,0,0,0.000599280862964443,0.00888933280063923,9.98801438274071e-05,9.98801438274071e-05,0,0,0,9.98801438274071e-05,0,0.00159808230123851,0,0,9.98801438274071e-05,0,0.0108869356771874,0,0,0,0.000199760287654814,0,0.00119856172592889,0,0,0,9.98801438274071e-05,0,0.00379544546544147,0,0,0,0,0,0,0.00239712345185777,0.0495405513383939,0,0,0.033859368757491,0,0,9.98801438274071e-05,0,0,9.98801438274071e-05,0,0,0.0185777067518977,0,9.98801438274071e-05,0,0,0,0,0,0,0,0,0,0,0.00159808230123851,0.00159808230123851,0,0,0.000499400719137036,0,0,0.000399520575309628,9.98801438274071e-05,0,0,0,0,0,9.98801438274071e-05,0.0108869356771874,0,0.0952856572113464,9.98801438274071e-05,0,0,0,0,0,0.12634838194167,0,0,0,0,0,0,0,0,0,0.000299640431482221,0,0,0,0,0,0,0.000399520575309628,0,0,0.013983220135837,0
0,0,0,0,0,0,9.99900009999e-05,0,0,0,0,0,9.99900009999e-05,0,0.0001999800019998,0,0,0.0005999400059994,0,0,0,0,0,0,0,0.0473952604739526,0,0,0.0003999600039996,0.0018998100189981,0.0031996800319968,0,0,0,0,0,0.0012998700129987,0,0,0,0,0,0,0,0,0,0,0,0,9.99900009999e-05,0,0,0,0,0,0,0,0,0,0,0,0,0,0.0001999800019998,0,0,0,0,0,0,0,0,0,0,0,0.0946905309469053,0,0,0,0.0104989501049895,0,0,0,0,0,0.0024997500249975,0.0283971602839716,0,0,0.0086991300869913,0,0,0.0007999200079992,0,0,0.0001999800019998,0,0,0,0,0,0.0008999100089991,0,0,0,0,0,0.24027597240276,0,0,0,0,0,0,0,0.0003999600039996,0,0.0027997200279972,0.0095990400959904,0,0.0162983701629837,0,0,0,0.0008999100089991,0,0,0,0,0,0.0657934206579342,0,0,0,9.99900009999e-05,9.99900009999e-05,9.99900009999e-05,0,0,0,0,0,0,0,0,0,0,0,0.0028997100289971,0,0,0,0.0018998100189981,0,9.99900009999e-05,0,0,0,0,0,0,0,0,0,0,0,0,0,0,0.0003999600039996,0,0.0113988601139886,0.0016998300169983,0.0002999700029997,0,0,0.0093990600939906,0,0,0,0,0.0035996400359964,0,0,0,0,0,0.0002999700029997,0,0,0,0.0036996300369963,9.99900009999e-05,0,0.0035996400359964,0,0,0.0187981201879812,0,0,0,0.0006999300069993,0,0,9.99900009999e-05,0,0.0045995400459954,0,0,0,0,0,0,0,0,0.0242975702429757,0,0,0.0028997100289971,0,0,0,0.028997100289971,0,0,0,0,0,0,0,0,0.0018998100189981,0,0.0014998500149985,0,0,9.99900009999e-05,0,0,0,0,0,0,0,9.99900009999e-05,0,0,0,0.001999800019998,0,0,0,0,0,0,0.0006999300069993,0,0,0.0004999500049995,0.0015998400159984,0,0,0,0,0,0,0,0.0068993100689931,0,0.0347965203479652,0,0,0.0223977602239776,0,0,0,0,0,0,0.227177282271773,0,0,0.027997200279972,0,0,0.005999400059994,0,0,0,0,0,0,0,0,0.0077992200779922,0,0,0,0,0.0001999800019998,0
0,0,0.0002000400080016,0.0001000200040008,0,0,0,0.011502300460092,0,0,0,0,0,0,0.0002000400080016,0,0.000700140028005601,0,0,0,0,0.000900180036007201,0,0.000800160032006401,0,0.0221044208841768,0,0,0.000700140028005601,0.00320064012802561,0,0,0,0.00750150030006001,0,0,0.00660132026405281,0,0,0,0,0.0013002600520104,0,0,0,0.000600120024004801,0,0,0,0,0.000400080016003201,0,0,0,0,0.0016003200640128,0,0.0001000200040008,0,0.0544108821764353,0,0,0,0.0001000200040008,0,0.0017003400680136,0.002000400080016,0,0,0.00970194038807762,0,0,0,0.00350070014002801,0.000600120024004801,0,0,0,0,0,0,0.000400080016003201,0.00410082016403281,0,0,0.000700140028005601,0.0003000600120024,0,0,0,0,0.000400080016003201,0,0,0,0.000500100020004001,0,0,0,0,0,0,0,0,0,0.00330066013202641,0,0.0365073014602921,0,0.003000600120024,0,0,0,0,0.0031006201240248,0,0.0509101820364073,0,0.0027005401080216,0,0.0112022404480896,0,0,0,0.00770154030806161,0.0107021404280856,0.002000400080016,0,0,0,0.0857171434286857,0,0,0.00840168033606721,0.0001000200040008,0.00890178035607121,0.0001000200040008,0,0,0.002000400080016,0.0001000200040008,0.000400080016003201,0,0.000600120024004801,0,0,0.0002000400080016,0,0.00350070014002801,0.00530106021204241,0,0,0,0.000700140028005601,0,0,0,0,0,0.0013002600520104,0,0.0128025605121024,0,0,0,0,0,0,0,0,0.001000200040008,0,0.000600120024004801,0,0,0,0.0109021804360872,0,0.00480096019203841,0,0,0.00420084016803361,0,0,0.0001000200040008,0,0,0.0238047609521904,0,0,0.00470094018803761,0.01000200040008,0,0,0,0.000900180036007201,0.00560112022404481,0.0247049409881976,0,0,0,0,0,0.000500100020004001,0,0.0017003400680136,0,0,0,0,0.00640128025605121,0,0,0,0.00350070014002801,0.0124024804960992,0.0014002800560112,0.0014002800560112,0,0,0,0.0468093618723745,0.00420084016803361,0,0,0,0,0,0,0.028505701140228,0.0114022804560912,0.000400080016003201,0.00530106021204241,0.0194038807761552,0,0,0,0,0.000500100020004001,0.000600120024004801,0,0,0.0797159431886377,0,0.0003000600120024,0,0,0,0,0,0,0,0,0,0,0.0012002400480096,0.0002000400080016,0,0,0.0003000600120024,0.0002000400080016,0,0,0.0002000400080016,0,0,0,0,0,0.0419083816763353,0,0,0.00940188037607522,0,0,0,0.002000400080016,0.0021004200840168,0.000900180036007201,0.207841568313663,0,0,0.00780156031206241,0,0,0,0,0.0002000400080016,0.00380076015203041,0,0,0,0,0,0,0,0,0,0,0.00800160032006401,0
0.000199920031987205,0,0,0,0,0,0,0,0,0,0,0,0,0,0.00119952019192323,0,0,0,0,0.00169932027189124,0,0.00499800079968013,0,0,0,0.144142343062775,0,0.000499800079968013,0.0259896041583367,0.00109956017592963,0,0,0.000199920031987205,0.0100959616153539,0,0,0.000599760095961615,0,0,9.99600159936026e-05,0,0,0,0,0,0.0441823270691723,0,0,0.000299880047980808,0,9.99600159936026e-05,0,0,0,0,0,0,9.99600159936026e-05,0,0,0,0,0,0,0,0,0,9.99600159936026e-05,0,0,0.00859656137544982,0,0,0,0,0,0,0,0,0.00599760095961615,0,0,0,0,0,0.000299880047980808,0,0,0,0.0177928828468613,0,0.0163934426229508,0.000999600159936026,0,0.00259896041583367,0,0,0,0.0076969212315074,0,0,0.00129948020791683,0,0,0,0,0,0,0,0,0,0.030187924830068,0,0.0251899240303878,0,0,0,0,0.0281887245101959,0,0,0,0,0.000199920031987205,0.153138744502199,0,0,0,0,0,0.0132946821271491,0,9.99600159936026e-05,0,0,0,0.00169932027189124,0.000299880047980808,0,0,0.00159936025589764,0,0,0,0,0,0,0,0,9.99600159936026e-05,0.00189924030387845,0,0,0,9.99600159936026e-05,0,0,0,0.0138944422231108,0,0,0,0,0,0,0,0,0.000499800079968013,0,0,0,0,0,0,0,0,0,0.00819672131147541,0,0,0,0,0,0,0,0,0,0,0,0,0,0.00749700119952019,0.000299880047980808,0,0,0,0,0,0,0,0,0,0,0.00369852059176329,0,0.00109956017592963,0,0,9.99600159936026e-05,0.00419832067173131,0,0,0.000299880047980808,0.000599760095961615,0.0154938024790084,0,0,0,0.0341863254698121,0,0,0,0,0,0,0,0,0,0.00639744102359056,0,0.00179928028788485,0,0,0.0290883646541383,0,0,0,0,0,0,0,0,0,0,0,0,0,0,0,0,0,0,0,9.99600159936026e-05,0.000199920031987205,0.00039984006397441,0.000499800079968013,0,0,0.0253898440623751,0,0,0,0.000499800079968013,0,0,0,0,0,0,0,0,0.0652738904438225,0,0,0,0,0,0,0.119652139144342,0,0,0.0616753298680528,0,0,0,0,9.99600159936026e-05,0,0.00509796081567373,0,0,0,0,0.00359856057576969,0,0.00079968012794882,0.00039984006397441,0,0.0356857257097161,0
0,0,0,0,0,0,0.0027002700270027,0.0018001800180018,0,0,0,0,0,0,0.0007000700070007,0,0,0.0002000200020002,0,0.0008000800080008,0.0167016701670167,0.0045004500450045,0,0.0002000200020002,0,0.0607060706070607,0,0,0,0.0039003900390039,0.0143014301430143,0,0,0.0416041604160416,0,0,0.0001000100010001,0.0468046804680468,0.0001000100010001,0,0,0.0007000700070007,0,0.01000100010001,0,0.0908090809080908,0,0,0,0,0,0,0,0,0.029002900290029,0.0004000400040004,0,0,0,0.0031003100310031,0.0003000300030003,0,0,0,0,0,0.0032003200320032,0,0,0,0.0039003900390039,0,0,0.0006000600060006,0,0,0,0,0,0.0133013301330133,0,0,0.0266026602660266,0.0006000600060006,0.0007000700070007,0,0,0,0,0.0008000800080008,0,0.0026002600260026,0.0074007400740074,0,0,0.0091009100910091,0,0,0.0041004100410041,0,0,0,0,0,0.0001000100010001,0.0001000100010001,0,0.0425042504250425,0,0.0588058805880588,0,0,0,0.0009000900090009,0,0.0002000200020002,0,0.0001000100010001,0.0385038503850385,0,0,0,0,0.0001000100010001,0.0057005700570057,0.0277027702770277,0,0,0,0,0.0232023202320232,0.0003000300030003,0,0,0,0.0001000100010001,0.0006000600060006,0,0,0,0.0006000600060006,0,0,0,0,0,0,0.0011001100110011,0,0.0001000100010001,0.0011001100110011,0,0,0.0001000100010001,0.0001000100010001,0,0,0,0.0022002200220022,0.0045004500450045,0,0,0,0,0,0,0.0001000100010001,0,0,0,0.0002000200020002,0,0,0,0,0,0.0005000500050005,0,0,0,0,0,0,0,0.0084008400840084,0,0,0,0,0,0,0.0046004600460046,0,0,0.0199019901990199,0,0,0.0001000100010001,0,0,0,0,0,0,0,0,0,0,0,0.0009000900090009,0,0,0,0.0012001200120012,0.0011001100110011,0,0.0042004200420042,0.0158015801580158,0.0177017701770177,0,0,0,0,0,0,0,0.0093009300930093,0,0.0133013301330133,0,0.0007000700070007,0,0,0.0001000100010001,0,0,0.0005000500050005,0,0,0,0,0,0,0,0.0003000300030003,0.0007000700070007,0,0,0,0,0,0,0,0,0.0001000100010001,0.0007000700070007,0,0,0.0011001100110011,0.0331033103310331,0,0,0,0.0002000200020002,0,0,0,0,0.0033003300330033,0.0005000500050005,0,0.0117011701170117,0.0033003300330033,0,0,0,0,0,0.0003000300030003,0.131913191319132,0,0,0.0901090109010901,0,0,0,0,0,0,0.0076007600760076,0,0,0,0,0.0001000100010001,0,0.0001000100010001,0,0,0.0052005200520052,0
0,0,0,0,0,0,9.99200639488409e-05,9.99200639488409e-05,9.99200639488409e-05,0,0.000199840127897682,9.99200639488409e-05,0,0,0.11031175059952,0,0,0,0,9.99200639488409e-05,0.00529576338928857,0.00139888089528377,0,0,0,0.094224620303757,0,0,9.99200639488409e-05,0.00299760191846523,0.0398681055155875,0,0.00209832134292566,0.0211830535571543,0,0,0.0016986410871303,0.016986410871303,0,0,0,0,0,0.0102917665867306,0,0.0287769784172662,0,9.99200639488409e-05,0,0,0,0,0,0,0.0160871302957634,0.000899280575539568,0,0,0,0.00319744204636291,9.99200639488409e-05,0.00649480415667466,9.99200639488409e-05,9.99200639488409e-05,0,0,9.99200639488409e-05,0,0,0,0,0,0,0.00189848121502798,0,0,0,0,0,0.00459632294164668,0,0,0.00179856115107914,0,0,9.99200639488409e-05,0.00849320543565148,0,0,0.00559552358113509,0,0.00149880095923261,0.000899280575539568,0,0,9.99200639488409e-05,0,0,0.00529576338928857,0,9.99200639488409e-05,0,0,0,0.00399680255795364,0.000399680255795364,0.0138888888888889,9.99200639488409e-05,0,0.000599520383693046,0,0,0,0.000899280575539568,0,9.99200639488409e-05,0,0.000399680255795364,0.0152877697841727,0,0,0,0,0,0.0283772981614708,0,0,0,0,0,0.112509992006395,0.004396482813749,0,0,0.000699440447641887,0,9.99200639488409e-05,0,0,0.00139888089528377,9.99200639488409e-05,0,0,9.99200639488409e-05,0,0,0.000399680255795364,0.00129896083133493,0.00229816147082334,9.99200639488409e-05,0.00239808153477218,0.00679456434852118,0.00679456434852118,9.99200639488409e-05,9.99200639488409e-05,0,0.000399680255795364,0,0,0.00159872102318145,0,0.00269784172661871,0.000299760191846523,0,9.99200639488409e-05,0,0,0,0,0,0,0,0.00259792166266986,0,0,0,0.00399680255795364,0.0159872102318145,0.00739408473221423,0,0,0,0,0.000299760191846523,9.99200639488409e-05,0,0,0.000399680255795364,0.00729416466826539,0,0,0.00209832134292566,0,0,0.0021982414068745,9.99200639488409e-05,0,0.0038968824940048,0,0,0,0.00689448441247002,0,0,0,0.000699440447641887,0,0,0,0,0,0,0,0,0.000599520383693046,0.00189848121502798,0.0021982414068745,0.000699440447641887,0.011290967226219,0,9.99200639488409e-05,0.00359712230215827,0.00179856115107914,0,0,0,0,0,0.025779376498801,0.000799360511590727,0.00579536370903277,0.000199840127897682,0.000799360511590727,0.00199840127897682,0.000499600319744205,0,9.99200639488409e-05,9.99200639488409e-05,0.000199840127897682,0.000999200639488409,0,0,0.03017585931255,0,0,0,0,0,0,0,0.0135891286970424,0,0.00279776179056755,0,0.000299760191846523,9.99200639488409e-05,9.99200639488409e-05,0,0,0.00399680255795364,0,0.000499600319744205,0,9.99200639488409e-05,0,0,0,0,0,0.0476618705035971,0,0,0.0179856115107914,0,0,0,0.000599520383693046,0,0.00529576338928857,0.114208633093525,9.99200639488409e-05,0,0.020083932853717,0,0,0,0,0,0.000299760191846523,0.000799360511590727,0,0,0,0,0.00539568345323741,0.000299760191846523,9.99200639488409e-05,0.00119904076738609,0,0.0185851318944844,9.99200639488409e-05
0,0,0,0,0,0,0,9.98203234178479e-05,0,0,0,9.98203234178479e-05,0,0.000299460970253544,0.110201637053304,0,0,0,0,0,9.98203234178479e-05,9.98203234178479e-05,0,0.000199640646835696,0,0.0739668596526253,9.98203234178479e-05,0,0.00119784388101417,0.00369335196646037,0.000199640646835696,0,0,0.0101816729886205,0,0.018366939508884,0.000499101617089239,9.98203234178479e-05,0,0,0,9.98203234178479e-05,9.98203234178479e-05,0.0024955080854462,0,0.000199640646835696,0.00558993811139948,0,0,0,0,0,0,0,0.000499101617089239,0,0,0,9.98203234178479e-05,9.98203234178479e-05,0,9.98203234178479e-05,0,0,9.98203234178479e-05,0,0.000998203234178479,0,0,0,0.00119784388101417,0,9.98203234178479e-05,0.000199640646835696,0,0,0,0,0,9.98203234178479e-05,0,9.98203234178479e-05,0.000499101617089239,0,9.98203234178479e-05,0.00239568776202835,0.000199640646835696,0,0,0.000898382910760631,0,0,0,0,0.00369335196646037,0,0,0,0.00239568776202835,0,0,0,0,0,0.00109802355759633,0.000499101617089239,9.98203234178479e-05,0.00399281293671391,9.98203234178479e-05,0,0,0,0,0.000199640646835696,9.98203234178479e-05,0,0,0,0.00119784388101417,0,0,0.000698742263924935,0,0,0.0022958674386105,9.98203234178479e-05,0,0,0,0.000499101617089239,0.00918346975444201,9.98203234178479e-05,0,0,0,0,0.0322419644639649,0,0,0.000898382910760631,0.000299460970253544,0,0,0,9.98203234178479e-05,0,9.98203234178479e-05,0,0,9.98203234178479e-05,0.000299460970253544,0.000399281293671391,0,0.000598921940507087,0,0,0,0,0.000199640646835696,0.00389299261329607,0,0.00558993811139948,0.000299460970253544,9.98203234178479e-05,0,0,0,0,0,0,0.000199640646835696,0,0,0,0,0,0.004591734877221,0.000798562587342783,9.98203234178479e-05,9.98203234178479e-05,9.98203234178479e-05,0,0,0,9.98203234178479e-05,0,0,0.0110800558993811,0.00788580555000998,0,0,0.000499101617089239,9.98203234178479e-05,0,0.000798562587342783,0,0.0024955080854462,0.0024955080854462,9.98203234178479e-05,0,9.98203234178479e-05,0,0,0,0,9.98203234178479e-05,0.000399281293671391,0,0,0,0.0047913755240567,0,0.000499101617089239,0.000399281293671391,9.98203234178479e-05,0.00299460970253544,0.000598921940507087,9.98203234178479e-05,0,0.000199640646835696,0,0.00519065681772809,9.98203234178479e-05,0,0,0,0.000399281293671391,0,0.00728688360950289,0.000798562587342783,9.98203234178479e-05,0,0,0.00778598522659213,0,0,0,0,0,9.98203234178479e-05,0.0047913755240567,0.000199640646835696,0.0901377520463166,0.00409263326013176,0,0,0,0,0.000698742263924935,0,0,9.98203234178479e-05,0.000199640646835696,0,9.98203234178479e-05,0,9.98203234178479e-05,9.98203234178479e-05,9.98203234178479e-05,0,9.98203234178479e-05,0.00199640646835696,0,9.98203234178479e-05,0,0.000199640646835696,0,0,0,0.295268516669994,0,0.000798562587342783,0.0650828508684368,0,0,0,0,0,0.000199640646835696,0.138650429227391,0,0,0.00339389099620683,0,0,0,0,0.000199640646835696,9.98203234178479e-05,0.000399281293671391,0,0,0,0,0.00758634457975644,9.98203234178479e-05,0.00848472749051707,0.00489119584747455,0,0.00139748452784987,0
0,0,0,0,0,0,0.000999500249875062,0,0,0,0,0,9.99500249875062e-05,0.00709645177411294,0,0,0,0,0,0,0.00209895052473763,0,0,0,0,0.367816091954023,0.000199900049975012,0,0.00869565217391304,0,0,0,0,0.00789605197401299,0,0,0.00289855072463768,0.0257871064467766,0,0,0,0,0,0.00409795102448776,0,0.00879560219890055,0,0,0,0,0,0,0,0,0,0,0,0,0,0.0143928035982009,0,0.000999500249875062,0,0,0,0.00789605197401299,0,0.00329835082458771,0.00609695152423788,0,0,0,0,9.99500249875062e-05,0,0.0204897551224388,0,0,0,0.000999500249875062,0.000199900049975012,9.99500249875062e-05,0.00219890054972514,0,0.00269865067466267,0,0,0,0,0.0164917541229385,0,0,0.0104947526236882,0,0,0,0.000599700149925037,0,0,0,0,0,0,0,0.000399800099950025,9.99500249875062e-05,0,0.139330334832584,0.000399800099950025,0,0,0,0,0.0185907046476762,0,0,0,0,0.0183908045977011,9.99500249875062e-05,0,0,0,0.000299850074962519,0.0537731134432784,0.000999500249875062,0,0,0,0,0.00119940029985007,0.015992003998001,0,0,0,0,0.00619690154922539,0,0,0,0,0,0,0,0,0,0.00139930034982509,0,0,0,0,0.000299850074962519,0,0,0,0,0,0,0,0,0,0,0,0,0,0,0,0,0,0,0,0,9.99500249875062e-05,0,0,0,0,0,0.00559720139930035,0,0,0.00079960019990005,0,0,0.000199900049975012,0,0,0,0,0.000499750124937531,0,0.00539730134932534,0,0,0.00349825087456272,0,0,0,0.000499750124937531,0,0,0,0,0,0,0.00269865067466267,0,0,0,0,0,0,0.000299850074962519,0,0,0,0.00119940029985007,0,0.00389805097451274,0.000299850074962519,0,0,9.99500249875062e-05,0,0,0,0,0,0.0134932533733133,9.99500249875062e-05,0.00759620189905048,0,0,0,0,0,0,0,9.99500249875062e-05,0,9.99500249875062e-05,0,0,0,0,0,9.99500249875062e-05,0,0,0,9.99500249875062e-05,0,9.99500249875062e-05,0,0,0,0.000299850074962519,0,9.99500249875062e-05,0,0,0,0,0,0,0,0,0,0,0.00079960019990005,0,0.000499750124937531,0,0,0,0,0.123938030984508,9.99500249875062e-05,0.00239880059970015,0,0,0,0.0372813593203398,0,0,0,0,0,0,0.00259870064967516,0,0,0,0.000299850074962519,0,0,0,0,0,0.00389805097451274,0
0,0,0,0,0,0,0.00159712517468557,0,9.98203234178479e-05,0,0,0,0,0,0.0209622679177481,0,0,0.000199640646835696,0,0,9.98203234178479e-05,9.98203234178479e-05,0,0,0.000598921940507087,0.136953483729287,0,0,0.00259532840886404,0.00169694549810341,0.00219604711519265,0,0,0.00449191455380315,0,0,0.000399281293671391,0.000399281293671391,9.98203234178479e-05,0,0,0,0.000199640646835696,9.98203234178479e-05,0,0.0388301058095428,0,0,0,0,0.000399281293671391,0.00109802355759633,0,0,0,0,0,0,0,0,0,0,0,9.98203234178479e-05,0,0,9.98203234178479e-05,0,0.00119784388101417,0.00469155520063885,0,0.000199640646835696,0,0,0,0,0,0,0,9.98203234178479e-05,0.000299460970253544,9.98203234178479e-05,9.98203234178479e-05,0,9.98203234178479e-05,0.00519065681772809,0,0,0,0.00129766420443202,0.00179676582152126,0.00209622679177481,0,0,0,0,0,0,0.00289478937911759,0,0,0,0,0,0.000898382910760631,0.000598921940507087,0.000199640646835696,0.000698742263924935,0,0.000299460970253544,0,0.00239568776202835,9.98203234178479e-05,9.98203234178479e-05,0.000499101617089239,0,0.00289478937911759,0.00279496905569974,0.000499101617089239,0,0,0,0,0.0024955080854462,0.00159712517468557,0,0,0,0,0,0.00898382910760631,9.98203234178479e-05,0,0,0,0.00529047714114594,9.98203234178479e-05,0,0.000199640646835696,0,0.000399281293671391,0.00199640646835696,0,0,0,0,9.98203234178479e-05,0,0.00199640646835696,0,0,0.000998203234178479,0.000499101617089239,0,0,0,0,0,0,0.00219604711519265,0,0.00828508684368137,0.000598921940507087,9.98203234178479e-05,0,0,0,0,0,0,0,0.0022958674386105,0.296266719904172,0,0.00169694549810341,0,0.00519065681772809,0.000798562587342783,0.00109802355759633,0,0,0.00888400878418846,0,0,0,0,0,0.019664603713316,0,0.00199640646835696,0,9.98203234178479e-05,0,0,0,0,0.00339389099620683,0.00369335196646037,0,0,0,0,0,9.98203234178479e-05,0.0182671191854662,0.00289478937911759,0.00119784388101417,0,0.000299460970253544,0.0180674785386305,0,9.98203234178479e-05,0,0,9.98203234178479e-05,0.00259532840886404,0.00878418846077061,9.98203234178479e-05,0.00568975843481733,0,0.00269514873228189,0.00489119584747455,9.98203234178479e-05,0,0,0.00109802355759633,0,0,0,0.00309443002595328,9.98203234178479e-05,0,0,0.0207626272709124,0,0.000399281293671391,0,0,0,0,0,0,0.0373328009582751,0,0,0,0,0,0,0,0.00608903972848872,9.98203234178479e-05,0.00199640646835696,0,0.000299460970253544,0.000399281293671391,0.00199640646835696,0,0,9.98203234178479e-05,0,0,0,9.98203234178479e-05,0,0,0,0,0.00189658614493911,0.011179876222799,0,0,0.0814533839089639,0,0,0,0,0,0.00159712517468557,0.0736673986823717,0,0,9.98203234178479e-05,0,0,0,0.00149730485126772,0,0,9.98203234178479e-05,0.0116789778398882,0.0171690956278698,0,0.000199640646835696,0.0165701736873627,0,9.98203234178479e-05,0,9.98203234178479e-05,0.0122778997803953,0.00429227390696746
0,0.000899280575539568,0,0,0,9.99200639488409e-05,9.99200639488409e-05,9.99200639488409e-05,0,0,9.99200639488409e-05,0,0,0.0242805755395683,0.010691446842526,0,0,9.99200639488409e-05,0,0,9.99200639488409e-05,0.00109912070343725,0,0,0,0.126598721023181,0,0,0,9.99200639488409e-05,9.99200639488409e-05,0,0,0.00709432454036771,0,0,0.000499600319744205,9.99200639488409e-05,0,0,0,0,0,0,0,0,0,0,0,0.000699440447641887,0,0,0,0,0,0,9.99200639488409e-05,9.99200639488409e-05,0,9.99200639488409e-05,0,9.99200639488409e-05,0,9.99200639488409e-05,0,0,0.000399680255795364,0,0,0,9.99200639488409e-05,0,0,0,0,0,0,0,0.0116906474820144,9.99200639488409e-05,0,0,0,0,9.99200639488409e-05,0,0,0,0,0.0281774580335731,0,0.000699440447641887,0.020083932853717,0,0,0,0,0,0,0,0,0,0,0,0.000199840127897682,0,0,0.0163868904876099,0,0,0.000799360511590727,0,0,0.00479616306954436,0,0.000699440447641887,0,0.00579536370903277,0.000799360511590727,0,0,0,0,0,0.0228816946442846,0,0,0,0,0,0,0.000599520383693046,0,9.99200639488409e-05,0,9.99200639488409e-05,0.0230815347721823,0,0,0,0.000499600319744205,0,0.000299760191846523,9.99200639488409e-05,0,0,9.99200639488409e-05,0,0,0,9.99200639488409e-05,0,9.99200639488409e-05,0,0,0,0,0,0,9.99200639488409e-05,0,0,0,0,0,0,9.99200639488409e-05,0,0,0,0.000399680255795364,0,0,0,0,0,0,9.99200639488409e-05,9.99200639488409e-05,0,0,0,0,0,0,0,0,0,0,0,0,0.00749400479616307,9.99200639488409e-05,9.99200639488409e-05,0,0,0,0,0,9.99200639488409e-05,0,0,0,0,0,0.000399680255795364,0,0,0,0,0,0,0,9.99200639488409e-05,9.99200639488409e-05,0,0.00459632294164668,0,0.0205835331734612,0,0,0,0,0,0,0,0,0,0.00499600319744205,0,0,0,0,0.245403677058353,0,0,9.99200639488409e-05,0,0,0,0,0,0,0,0,0.000399680255795364,0,0,0,0,0,0,9.99200639488409e-05,0,0.000299760191846523,0,0,0,9.99200639488409e-05,9.99200639488409e-05,0,0,0,9.99200639488409e-05,0,0,0,0,0,0.00899280575539568,0,0,0.161270983213429,0.000799360511590727,0,0,0,0,9.99200639488409e-05,0.219324540367706,0,0,0.00279776179056755,0.000199840127897682,0,0,0,0,0,0,0,0,0,0,0,0,0.0016986410871303,0,0,0.00679456434852118,0
0,0,0,0,0,0,0,0,0,0,0,0,0,0,0,0,0,0,0,0,0,0.0162967406518696,0,0,0,0.299340131973605,0,0,0,0.0001999600079984,0.0013997200559888,0.0017996400719856,0,0,0,0,0.000599880023995201,0.0111977604479104,0,0,0,0,0,0,0,0,0,0,0,0,0,0,0,0,0,0,0,0,0,0,0,0,0,9.99800039992002e-05,0,0,0.00519896020795841,0,0,0.00779844031193761,0,0,0,0,0,0,0,0,0,0,0,0,0,0,0,0.0002999400119976,0,0,0,0,0,0.000399920015996801,0,0,0,0,0,0,0,0,0,0,0,0,0,0,0,0.12127574485103,0,0,0,0,0,0,0,0,0,0,0.00489902019596081,0.000699860027994401,0,0,0,9.99800039992002e-05,0.0310937812437512,0,0,0,0,0,0,0,0,0,0,0,0,0,0,0,0,0,0,0,0,0,0.0001999600079984,0,9.99800039992002e-05,0,0,0,0,0,9.99800039992002e-05,0,0,0,0,0,0.000599880023995201,0,0,0.0187962407518496,0,0,0,0,0,0,0,0,0,0,0,0,0,0.00809838032393521,0.0130973805238952,0,0,0,0,0,0,0,9.99800039992002e-05,0,0,0,0,0.00539892021595681,0,0,0,0,0,0,0,0,0,0,0,0,0.016996600679864,0.000499900019996001,0,0,0,0,0,0,0,0,0,0,0.0118976204759048,0,0,0,0.00529894021195761,0,0,0,0,0,0,0,0,0,0,0,0,0.0897820435912817,0,0,0,0,0,0.00429914017196561,0,0,0.00949810037992401,0,0.000499900019996001,0,0,0,0,0,0.018496300739852,0,0,0,0.000599880023995201,0.000599880023995201,0,0,0,0,0,0,0,0,0.0016996600679864,0,0,0,0.000999800039992002,0.000499900019996001,0,0,0.00659868026394721,0,0,0,0,0,0,0.207158568286343,0,0,0.0433913217356529,0,0,0,0,0,0.0026994601079784,0,0.00809838032393521,0,0,0,0.00379924015196961,0,0,0,0,0.0173965206958608,0
0,0,0,0,0,0,0.0022995400919816,0,0,0,0,0,9.99800039992002e-05,0,0.0016996600679864,0,0,0,0,0,0,0,0,0,0,0.158168366326735,0,0,0.0177964407118576,9.99800039992002e-05,0,0,0,0,0,0,0,0.0267946410717856,0,0,0,0,0,0,0,0,0,0,0,0,0,0,0,0,0,0,0,0,0,0,0,0,0,0,0,0,0,0,0,0,0,0,0,0,0,0.00949810037992401,0,0,0,0,0,0,0,0,0,0,0.0021995600879824,0,0,0,0,0.00809838032393521,9.99800039992002e-05,0,0,0,0,0,0,0,0,0,0,0,0,0,0,0.105778844231154,0,0,0,0,0,0,0,0,0,0,0.0779844031193761,0,0,0,0,0.0001999600079984,9.99800039992002e-05,0,0,0,0,0,0,0,0,0,0,0,0.000699860027994401,0,0,0,0.00779844031193761,0,0,0,0,0,0.0162967406518696,0,0,0,0,0,0,0,0,0,0,0,0,0,0,0,0,0.15376924615077,0,0,0,0,0,0,0,0,0,0,0,0,0,0,0,0,0,0,0,0,0.00439912017596481,0,0,0,0,0,0.001499700059988,0,0,0,0,0,0,0,0,0,0,0,0,0,0,0,0,0,9.99800039992002e-05,0.0023995200959808,0.00809838032393521,0,0,0,0,0,0,0,0.001999600079984,0,0,0,0,0,0,0,0,0,0,0,0,0,0,0.0829834033193361,0,0,0,0,0,0.000599880023995201,0,0,0,0,0.0001999600079984,0,0,0,0,0,0,0,0,0,0,0.0015996800639872,0.00529894021195761,0,0,0,0,0,0,0.0020995800839832,0,0,0,0,0,0.0857828434313137,0,0,0.028494301139772,0,0,0,0,0,0,0.182163567286543,0,0.0001999600079984,0,0,0,0,0,0,0,0,0,0,0,0,0.0021995600879824,0,0.000399920015996801,0,0,0,0
0,0,0,0,0,0,9.99900009999e-05,0,0,0,9.99900009999e-05,0,0,0,0,0,0,0,0,0,0,0.0042995700429957,0,0.0022997700229977,0,0.277572242775722,0,0,0.0206979302069793,0.0003999600039996,0.0145985401459854,0.0010998900109989,0,0.0048995100489951,0,0,0.0007999200079992,0.0450954904509549,0,0,0,0,0.010998900109989,0.0066993300669933,0,0.0020997900209979,0,0,0,0,0,0,0,0,0.0016998300169983,9.99900009999e-05,0,0,9.99900009999e-05,0.0502949705029497,0,0,0,0,0,0,0.0067993200679932,0,0,0.0038996100389961,0,0,0,0,0,0,0,0,0,0.0247975202479752,0,0,0.0041995800419958,0,0.001999800019998,0,0.0631936806319368,0,0,0,0,0.0046995300469953,0,0,0,0,0,0,0.0016998300169983,0,0,9.99900009999e-05,0,0,0,0.0004999500049995,0,0.0393960603939606,0,0.0063993600639936,0,0,0.0002999700029997,0.0050994900509949,0.0007999200079992,0,0,0.0002999700029997,0.0230976902309769,0,0.0106989301069893,0,0,0,0.001999800019998,0,0,0,0,0,0.0335966403359664,0.0057994200579942,0,0,0.0001999800019998,0,0,0,0,0,0.0018998100189981,0.0003999600039996,0.0050994900509949,0.0003999600039996,0,0.0027997200279972,0.002999700029997,0,0.0061993800619938,0,0,0,0,0,0,0,0,0,0.0076992300769923,0,0,0,0.0002999700029997,0.0063993600639936,0,0,0,0,0,0,0,0.0155984401559844,9.99900009999e-05,0,0.0016998300169983,0,0.0094990500949905,0,0.0290970902909709,0,0,0,0,0,0.0007999200079992,0,9.99900009999e-05,0,0,0,0,0.0030996900309969,0,0,0,0,0,0,0,0,0.0115988401159884,0,0,0,0.000999900009999,0,0,0,0,0,0,0,0,0,0.000999900009999,0.0031996800319968,0.0025997400259974,0,0,0,0.0007999200079992,0,0.0041995800419958,0,0,0,0,0,0,0.0066993300669933,0.00999900009999,0.0001999800019998,0,0.0027997200279972,0,0,0,0.0001999800019998,0,0.0002999700029997,0,0,0,0,0.0001999800019998,0,0,0,0,0,0,0,0,0,0,0,0.0037996200379962,0,0,0.0022997700229977,0,0,0,0.0012998700129987,9.99900009999e-05,0,0,0,0,0.0010998900109989,0,0.0046995300469953,0.0011998800119988,0,0,0,0,0,0,0.129287071292871,9.99900009999e-05,0,0.0188981101889811,0,0,0,0,0,0,0.0035996400359964,0,0,0.0011998800119988,0,0,0,0.0053994600539946,0,0,0.0044995500449955,0
0,0,0,0,0,0,9.99500249875062e-05,9.99500249875062e-05,0,0,0,9.99500249875062e-05,0,9.99500249875062e-05,0.00209895052473763,0,0,0,0,0.000999500249875062,0.00119940029985007,0.00109945027486257,0,0,0,0.495852073963019,0,0.000599700149925037,0.0336831584207896,0,0.00129935032483758,0,0.00529735132433783,0.00259870064967516,0,0,0,0.0109945027486257,0,0,0,0,0,0.0107946026986507,0,0.0135932033983008,0,9.99500249875062e-05,0,0,0,0,0,0,0.000399800099950025,0,0,0,0,9.99500249875062e-05,0,0.00129935032483758,0,0,0,9.99500249875062e-05,0.00449775112443778,0,0,0,0.000899550224887556,0,0,0.00199900049975012,0,0,0,0,0,0.000399800099950025,0,0,0.0183908045977011,0,0,0,0.0248875562218891,0,0,0.00699650174912544,0,0.00339830084957521,0,0.00669665167416292,0,0,0,0,0.00079960019990005,0,0,0.000499750124937531,0,0,9.99500249875062e-05,0,0.00629685157421289,0.000899550224887556,0,0.00259870064967516,0,0,0,0.00239880059970015,0.000699650174912544,0.000999500249875062,0.00219890054972514,9.99500249875062e-05,0.00469765117441279,9.99500249875062e-05,0.00529735132433783,0,0,0.00239880059970015,0.00609695152423788,0,0,0,9.99500249875062e-05,0,0.0440779610194903,0.00719640179910045,0,0,0,0.000999500249875062,9.99500249875062e-05,0,0,0,9.99500249875062e-05,0,0.00189905047476262,0,0,0,0,0,0,0,0.0106946526736632,0.0218890554722639,0,9.99500249875062e-05,0.000199900049975012,0,0,0,0,0.00469765117441279,0,0,9.99500249875062e-05,9.99500249875062e-05,0,0,0,0,0,0,0,0,9.99500249875062e-05,0,0,0,0.00369815092453773,0,0.000199900049975012,0.000499750124937531,0,0.00119940029985007,0,0,0,0,0,0.000499750124937531,0,0,0,0.00529735132433783,0.00269865067466267,0.000599700149925037,0,0.000999500249875062,0.0239880059970015,0.0102948525737131,0,0,0.00079960019990005,0.00499750124937531,0,9.99500249875062e-05,0,0.00149925037481259,0,0,0,0,0,0,0.000599700149925037,0,0,0.00239880059970015,0.00149925037481259,0.000199900049975012,0,9.99500249875062e-05,0,0.00259870064967516,0,0,0,0.000299850074962519,0,0,0.000699650174912544,0.00139930034982509,0.00469765117441279,0,0,0.00509745127436282,0,0.000699650174912544,0,0.00359820089955022,0,0,0.0252873563218391,0,0.0385807096451774,0,0,0,0,0,0,0,0.000399800099950025,9.99500249875062e-05,0.00119940029985007,0,0,0.000899550224887556,0,0,0,0,9.99500249875062e-05,0,0,0,0,0,0,0,9.99500249875062e-05,0.00269865067466267,0,0.000199900049975012,0.0137931034482759,0,0.00079960019990005,0,9.99500249875062e-05,0,0.000199900049975012,0.000299850074962519,0,0,0.0414792603698151,0,0,0,0,9.99500249875062e-05,0,0,0.00419790104947526,0,0.000699650174912544,0,0.000699650174912544,0.00419790104947526,0.000299850074962519,0.000499750124937531,0,0.00259870064967516,0
0,0,0,0,0,9.99800039992002e-05,0.0271945610877824,9.99800039992002e-05,0,0,0,0,0.0002999400119976,0,0.00249950009998,0,0.0002999400119976,0.0001999600079984,0,9.99800039992002e-05,0.00649870025994801,0.00399920015996801,0,0,0.0002999400119976,0,0,0,0.000599880023995201,9.99800039992002e-05,0,0,0,0.00639872025594881,0,0,0.000399920015996801,0.00929814037192562,0,0.0001999600079984,0,0,0,0.0021995600879824,0,0.0142971405718856,0,0.0017996400719856,0,0,0.000599880023995201,0,0,0,9.99800039992002e-05,0,0,0,0,0.0001999600079984,9.99800039992002e-05,0.0022995400919816,0.0001999600079984,0,0,0,0.001499700059988,0.0012997400519896,0.0020995800839832,9.99800039992002e-05,0.000899820035992801,0,0,0,0,0,0,0,0,0.000599880023995201,0,0,0.002999400119976,0,0.00749850029994001,0.000599880023995201,0,0,0,0.00349930013997201,0,0.000399920015996801,0,0,0,0.000399920015996801,0,0,0.0010997800439912,0,0,0,0,0,0,0.0023995200959808,0.00459908018396321,0,0,0.00919816036792642,0,0.00379924015196961,0,9.99800039992002e-05,0,0.0001999600079984,0.0632873425314937,0.0502899420115977,0.0025994801039792,0,0.00899820035992801,0,0.000699860027994401,0,0.0002999400119976,0.0028994201159768,0,0,0.000399920015996801,0,0.0518896220755849,0.000999800039992002,0,0,0,0,9.99800039992002e-05,0,0,0,0.0022995400919816,0.0026994601079784,0.00509898020395921,0,0,0,0.000999800039992002,0,0.0027994401119776,0.000799840031993601,0,0,0.0190961807638472,0,0,0,0,0,0,0.0028994201159768,0,0.00719856028794241,0,0.00949810037992401,0.00649870025994801,0.0380923815236953,0,0.001999600079984,0,0,0.000799840031993601,0.0030993801239752,0.00549890021995601,0,0,0,0.00749850029994001,0.0140971805638872,9.99800039992002e-05,0,0,0.0118976204759048,0,0.000499900019996001,0.0010997800439912,0,0,0.0001999600079984,0.011997600479904,0,0,0.0012997400519896,9.99800039992002e-05,0.0030993801239752,0.021995600879824,0,0.000899820035992801,0.015496900619876,0,0.000699860027994401,0,0.0022995400919816,0,9.99800039992002e-05,0,0.00709858028394321,0,0,0,0.0016996600679864,0.00979804039192162,0,0.00759848030393921,9.99800039992002e-05,9.99800039992002e-05,0.00549890021995601,0.0015996800639872,0,0.00739852029594081,0.0011997600479904,0.0010997800439912,0,0.00589882023595281,0,0,0,0,0,0,0.00409918016396721,0.00509898020395921,0,0,0.0022995400919816,0,0,0,0,0.000999800039992002,0.000799840031993601,0,0,0.0553889222155569,0,0,0,0,0,0.0027994401119776,0,0,0.0001999600079984,0.0026994601079784,0,0.0017996400719856,0.0001999600079984,0.0027994401119776,0,9.99800039992002e-05,0.000699860027994401,0.0002999400119976,0,0,9.99800039992002e-05,0,0,0,0,0.000899820035992801,0.145270945810838,0.0002999400119976,0.0016996600679864,0.00809838032393521,0,0.000899820035992801,0,0,0,9.99800039992002e-05,0.188162367526495,0,0,0.0018996200759848,0,9.99800039992002e-05,0,0,0.0001999600079984,0.0010997800439912,0.00449910017996401,0,0,0,0,0.000999800039992002,0,0.0002999400119976,0,0,0.00649870025994801,0.000599880023995201
0,0,0,0,0,0,0.00329901029691093,0.00139958012596221,0,9.99700089973008e-05,0,0,0,0.00919724082775168,0.00769769069279216,0,0,0,0,0,0,0.000799760071978406,0,0,0,0.154253723882835,0,0,0.0104968509447166,0,0,0,0,0.00999700089973008,0.000799760071978406,0,0,0,0,0,0,0,0,9.99700089973008e-05,0,0.0236928921323603,0,0,0,0,0,0,0,0,0,0,0,0,0,0.000399880035989203,0,0.00139958012596221,0,0.000199940017994602,0,0,0.00249925022493252,0,0,0,0.000199940017994602,0,0,0,0,0.000299910026991902,0,0,0,0,0,0,0,0.000199940017994602,0.00439868039588124,0.00189943017094872,0,0,0,0.00369889033290013,0.000199940017994602,0.000499850044986504,0,0,0,0,0,0,0,0,0.00229931020693792,0.0174947515745276,0,0,9.99700089973008e-05,0,0.000199940017994602,0.133060081975407,0,0,0,0,0,0.00219934019794062,0,0,0.0320903728881336,0,0,0,0.00589823053084075,0,0,0,0.0131960411876437,0,0,0,9.99700089973008e-05,0,0.0989703089073278,0.0170948715385384,0.000599820053983805,0,0,0,0.00119964010796761,0,0.000199940017994602,0,0,0,0,0,0,0,0,0,0,9.99700089973008e-05,0,0,0,0,9.99700089973008e-05,0,0,0.0241927421773468,0,0.00219934019794062,0,0.00899730080975707,0,9.99700089973008e-05,0,0,0,0,0,9.99700089973008e-05,0,0,9.99700089973008e-05,0,0,0.000399880035989203,0.00909727081875437,9.99700089973008e-05,0.000999700089973008,0,0,0,0,0,0,0,0,0,0,0,0,0.000799760071978406,0,0,0,0,0.0307907627711686,0.00569829051284615,0,0,0,0,0,0.0236928921323603,0,0,0,0,0,0,0.00689793062081376,0,0.00129961011696491,0,0.000299910026991902,0,0,9.99700089973008e-05,0,0.000999700089973008,0,0,0.00169949015295411,0,9.99700089973008e-05,0,0,0,0.000499850044986504,0.00429871038688393,0.013296011196641,0,0.000599820053983805,0.0807757672698191,0,0,0,0,0.000699790062981106,0,0.00609817054883535,0,0.0196940917724683,0,0,0,0,0,0,0,0.00399880035989203,0.000399880035989203,0.000499850044986504,0,0,0.000599820053983805,0,0,0.000599820053983805,0,0,0,0,0,0,0,0,0.00409877036888933,0.000199940017994602,0.101269619114266,0.00509847045886234,0,0.0356892932120364,0,0,0,0,0.000299910026991902,0.000399880035989203,0.00479856043187044,0,0,0.0300909727081875,0,0,0,0,0,0.00169949015295411,0.00199940017994602,0,0,0,0,0,0,0.000799760071978406,0,0,0.000199940017994602,0
0,0,0,0,0,0,9.99900009999e-05,0,0,0,0,0,0,0.0142985701429857,0.0013998600139986,0,0,0,0,0,0,0.0006999300069993,0,0,0,0.0033996600339966,0,0,0,0,0,0,0,0.0080991900809919,0,0,0.0004999500049995,0.0253974602539746,0.0001999800019998,0,0,0,0.0153984601539846,0.0025997400259974,0,0.0003999600039996,0,0,0,0,0.0004999500049995,0,0.0003999600039996,0,0,0,0,0,0,0,0,0,0,0,0,0,0.0498950104989501,0,0,0,0.0024997500249975,0,0,0,0,0.0003999600039996,0,0,0,0,0.0003999600039996,0,0.0655934406559344,0,0.0061993800619938,0,0,9.99900009999e-05,0,0.0055994400559944,0,0,0.0296970302969703,9.99900009999e-05,0,0.0047995200479952,0,0,0.0011998800119988,0,0.0007999200079992,0.0001999800019998,0,0,0.0004999500049995,0,0,0.197980201979802,0,0,0,0,0,0,0,0,0,0,0.0024997500249975,0,0,0,0,0.0002999700029997,0.0004999500049995,0,0,0,0,0,0.0952904709529047,0.0003999600039996,0,0,0,0,0.0154984501549845,0.0017998200179982,0,0,0.0514948505149485,0,0,0,0,0,0,0,0,0,0,0,0,0,0,0,0,0,0,0.0051994800519948,0,0.0070992900709929,0.0004999500049995,0,0,0.044995500449955,0,0,0,0,0,0,9.99900009999e-05,0,0,0,0,0.0041995800419958,0.0091990800919908,0,0,0,0,0,0,0,0,0,0,0,0,0.0024997500249975,0,0,0,0,0.0045995400459954,0.0084991500849915,0,0,0,0,0,0,0,0,0,0,0,0,0,0,0,0,0,0,0.0082991700829917,0,0.0004999500049995,0,0.0786921307869213,0,0,0,0,0,0,0,0,0,0,0,0,0.0023997600239976,0,0,0,0,0,9.99900009999e-05,0,0.0028997100289971,0.0364963503649635,0,0,0,0,0,0.0012998700129987,0,0.0032996700329967,0,0,0,0,0,0,9.99900009999e-05,0,0.001999800019998,0,0.0008999100089991,0,0,0,0,0,0,0,0.0772922707729227,0,0.0066993300669933,0.0150984901509849,0,0,0,0,0,9.99900009999e-05,0.0418958104189581,0,0,0.0066993300669933,0,0,0,0.0001999800019998,0.0006999300069993,0,0.0014998500149985,0,0,0,0,0,0,0.0184981501849815,0,0,0.0002999700029997,0
0,0,0.000299910026991902,0,0,0,0.000999700089973008,0,0,0,0,0,0.00249925022493252,0,0,0,0,0,0,0,0.000199940017994602,0,0.000199940017994602,0,0,0.000199940017994602,0,0.000999700089973008,0.0135959212236329,0.0462861141657503,0,0,0,0,0,0,0.175147455763271,0,0,0,0,0,0,0,0,0,0,0,0,0,0,0,0,0,0,0,0,0,0,0,0,0,0,0,0,0,0,0,0,0.0237928621413576,0,0,0.0127961611516545,0,0,0.0854743576926922,0,0,0.00149955013495951,0,0,0,0.00259922023392982,0,0,0.00139958012596221,0,0.000399880035989203,0,0,0,0,0.0371888433469959,0,0,0.0138958312506248,0.000899730080975707,0,0,0,0,0,0.00429871038688393,0,0,0,0,0.00719784064780566,0,0,0,0,0.00299910026991902,0.000299910026991902,0,0,0,0,0,0,0,0,0,0.0125962211336599,0,0,0,0,0,0,0.000299910026991902,0.000299910026991902,0,0,0,0,0,0.000399880035989203,0,0,0.000799760071978406,0,0,0,0,0,0,0,0,0,0,0,0,0,0,0.00349895031490553,0.00819754073777867,0.000299910026991902,0,0,0,0,0.000199940017994602,0,0,0,0,0,0,0,0,0,0,0,0,0,0,0,0,0,0,0,0,0,0,0,0,0,0,0,0,0,0,0,0,0,0,0,0,0,0,0,0,0,0,0,0,0,0,0,9.99700089973008e-05,0,0,0,0,0,0,0,0,0,0.0430870738778366,0,0,0,0,0,0,0,0,0,0,0,0,0.20963710886734,0,0,0,0,0,0,0,0,0,0,0.00289913026092172,0,0,0,0,0,0,0,0,0,0,0.0234929521143657,0,0,0,0,0,0,0,0,0,0,0,0,0,0.125262421273618,0,0,0.128461461561532,0.000199940017994602,0,0,0,0,0,0.00239928021593522,0,0,0,0,0,0.000899730080975707,0.000699790062981106,0,0,0,0,0,0,0,0,0,0.00109967009897031,0,0,0,0
0,0,0,0,0,0,0,0,0,0,0,0,0,0.0118904876099121,9.99200639488409e-05,0,0,9.99200639488409e-05,0,0,0,0.0021982414068745,0,0.000199840127897682,0,0.227517985611511,0,0,0.000899280575539568,0,0.0143884892086331,0,0,0.0176858513189448,0,0,0.00139888089528377,0.012589928057554,0,0,0,0,0,0,0,0,0,0,0.000999200639488409,0,0,0,0,0,0,0,0,0,0,0.00779376498800959,0,0,0,0,0,0,0.00139888089528377,0,0.00379696243005596,0,0,0,0,0,0,0,0,0,0,0.00399680255795364,0.00129896083133493,0,0,0,0,0.00249800159872102,0.000499600319744205,0,0,0.00139888089528377,0,0.000999200639488409,0.000199840127897682,0,0,0,0,0,0.000899280575539568,0,0.000499600319744205,0.000499600319744205,0,0,0,0.00229816147082334,0,9.99200639488409e-05,0,0,0,0,0,0.0021982414068745,0.000199840127897682,0.000199840127897682,0,9.99200639488409e-05,0.0120903277378098,0,0.00349720223820943,0,0,0,0.00509592326139089,0,0,0,0,0,0.159572342126299,0,0,0,9.99200639488409e-05,0,9.99200639488409e-05,0,0,0,0.000799360511590727,0,0,0.000199840127897682,0.000899280575539568,0,0.00159872102318145,0,0.00249800159872102,0,0,0,0,0,0,0,0,0,0,0,0.00119904076738609,0,0,0,0,0.0250799360511591,0,0,0,0,0,0,0.000499600319744205,0,0.000699440447641887,0,0.00649480415667466,0,0.0365707434052758,0,0,0,0,0,0.00319744204636291,0,0,0.0233812949640288,0,0,0,0.00989208633093525,0,0.000899280575539568,0,0,0.00739408473221423,0.00869304556354916,0,0,0,0.00199840127897682,0,9.99200639488409e-05,9.99200639488409e-05,0,0,0,0,0,0.00889288569144684,0,0,0,0.000599520383693046,0.00339728217426059,0.00509592326139089,0,0.0165867306155076,0,0.00939248601119105,0,0,0,0,0,0,0,0,0.00799360511590727,0,0.000399680255795364,0,0.000199840127897682,0,0,0,0.000199840127897682,0,0,0,0.000199840127897682,0.0648481215027978,0,9.99200639488409e-05,0,0,0,0,0,0,9.99200639488409e-05,0,0,0,0.000399680255795364,0.000499600319744205,0,0.00139888089528377,0,0,0,0.00179856115107914,0.000699440447641887,0,0,0,0,0,0.015687450039968,0,0,0.139388489208633,0,0,0,0,0,0.000299760191846523,0.000499600319744205,0.000399680255795364,0,0.0818345323741007,0,0,0,0,0,0,0,0,0,0,0.000399680255795364,0,0,0.000399680255795364,0,0,0.00479616306954436,0
0,0,2e-04,0,0,0,0,0,0,0,0,0,0,0.0274,3e-04,0,0,0,0,0,0.0122,0,0,0,0,0.1346,0,0,0.0012,6e-04,0,0.033,0,0.0119,0,0,1e-04,0,0,0,0,0,0,0,0,0.0799,0,0,0,0,0,0,0,0,0,0,0,0,0,0.0369,0,0,0,1e-04,0,0,0.0068,0,0,0,0,0,0,0,0,1e-04,0,0,0,0.0245,0,0,0,0,0,0,0,0,0,0.0025,3e-04,0,1e-04,0,0,0,1e-04,0,0,0,0,0.0019,1e-04,0,0,0,0,0.0028,0,0,0,0,9e-04,0.1103,0,0,0,0,0.0162,0,1e-04,0,0,0.0011,0.0017,0,0,0,0,0,0.0096,0.0877,0,0,0,0,8e-04,0,0,0,6e-04,0,0,0,0,0,0.0023,0,0,0,0.0013,0,4e-04,0,0,0,0,0,0.0054,0,0,0,0,0,0,0,0,0,0,0,0,0,0,0,0,0,0,0,0,7e-04,0,0,0,0,0,0,0,0,0,0,0,0.0082,0,0,0,0,0,0,0,0,0,0,0,0,0,0,0,0,0,0,0,0,0,0,0,0,0.0487,0,0,0,0,0,0,0,0,0,0,0,0.0272,0,0,0,0,0,7e-04,0,0,0,0,0,0,0,0,0,0,0,0,0,0,0,0,0,0,1e-04,0,0,0,0,0,0,1e-04,0,0,0,0.0081,0,0,0,0,0.0011,0,0,0.0062,0,0,0,5e-04,0,0,0.248,0,0,0.0236,0,0,0,0,1e-04,0,0.0049,0,0,0,0,0,0,0.0026,0,0,0.0032,0
0,0,0,0,0,0,9.99600159936026e-05,0,0,0,0,0,0,0,0.000199920031987205,0.000199920031987205,0.00189924030387845,0,0,0,0,0.00309876049580168,0.000599760095961615,0.000999600159936026,0,0.00039984006397441,0,0,0.000699720111955218,0.000299880047980808,0,0,0,0,0,0,0.000899640143942423,0.0078968412634946,0,0,9.99600159936026e-05,0,0,0,0,0,0,0,0,9.99600159936026e-05,0,0,0,0,0,0,0,0,0,0.0632746901239504,0,0,0.000199920031987205,0,0,0,0.0173930427828868,0,0,0,0,0,0,0,0,0.0514794082367053,0,0,0,0,0,0,0,0,0,0,0.0113954418232707,0,0,0.000899640143942423,0,0.0169932027189124,0.0205917632946821,0,0,0.015593762495002,0,0,0,0,0,0,0,0,0,0,0,0.168732506997201,0,0.00319872051179528,0,0,0,0,0,0.0122950819672131,0.00149940023990404,0.000499800079968013,0.0128948420631747,0,0.0037984806077569,0,0,0,0.00129948020791683,0,0,0,0,0,0,0,0,0.0176929228308677,0,0,9.99600159936026e-05,0,0,0,0.000199920031987205,0,0,0,0,0,0.00359856057576969,0,0.00359856057576969,0,0,0,0,0.00219912035185926,9.99600159936026e-05,0,0,0,0,0,0,0.00229908036785286,0,0,0,0,0,0,0,0,0,0,9.99600159936026e-05,0,0,0,0.00449820071971212,0.00259896041583367,0,0,0,0,0,0,0,0,0,0,0,0,0,0.00279888044782087,0.000299880047980808,0,0,0,0.0330867652938825,0,0,0,0,0,0,0,0,0.00229908036785286,0,0.000299880047980808,0,0.00039984006397441,0.00829668132746901,0,0,0,0.00139944022391044,0.00569772091163535,0,0,0.000199920031987205,0,0.00459816073570572,0,0,0,0,0,0,0.0174930027988804,0,0,0,0,0,0.00319872051179528,0,0,0,0,0,0,0,0,0,0,0,0.00739704118352659,0,0,0,0,0,0,0,0,0,0.00119952019192323,0.00039984006397441,0,0,0,0,0,0,0.000499800079968013,0,0,0,0,0,0.00509796081567373,0,0,0.0103958416633347,0,0,0,0,0,0.00189924030387845,0.369452219112355,0,0.00289884046381447,0.0518792483006797,0,0,0,0,0.000199920031987205,0,0,0,0,0,0,0.00959616153538585,0,0.00169932027189124,0,0,0.00079968012794882,0
0,0,0,0,0,0,0,0,0,0,0,0,0,0,0,0,0.0004999500049995,0,0,0,0,0,0,0.0006999300069993,0,0.15978402159784,0,0,0.0023997600239976,0.006999300069993,0.0124987501249875,0,0,0.0174982501749825,0,0,0.048995100489951,0,0,0,0,0,0,0,0,0.002999700029997,0,0,0,0,0,0,0,0,0.0015998400159984,0,0,9.99900009999e-05,0,0,0,0,0,0,0,0,0.000999900009999,0,0,0.0003999600039996,0,0,0,0,0,0,0,0,0,0,0,0,0.0297970202979702,0,0,0,0.0100989901009899,0,0,0,0,0.0013998600139986,0,0,0,0,0.0005999400059994,0,0,0,0,0,0,0,0,0,0,0.0533946605339466,0,0,9.99900009999e-05,0,0,0,0,9.99900009999e-05,0,0,0.0073992600739926,0,0,0,0,0,0.0334966503349665,0,0,0,0,0,0,0,0,0,0,0,0.0068993100689931,0,0,0,0.0004999500049995,0,0,0,0,0,0,0,0,0,0.0001999800019998,0,0,0,0,0,0,0,0,0,0,0,0,0,0,0,0.0002999700029997,0,0,0,0.0002999700029997,0,0,0,0,0,0,0,0.0054994500549945,0,0,0,0,0,0.0004999500049995,0,0,0,0,0,0.0001999800019998,0.008999100089991,0,0,0,0,0,0,0,0,0,0,0,0,0,0,0,0,9.99900009999e-05,0.0016998300169983,0.0014998500149985,0,0,0,0,0,0,0,0.0271972802719728,0,0,0,0,0,0,0,0,0,0,0,0,0,0,0.0191980801919808,0,0,0,0,0,0,0,0,0,0,0.0004999500049995,0,0,0,0,0,0,0,0,0,0,0.0011998800119988,0.0002999700029997,0,0,0,0,0,0,0.0003999600039996,0,0,0,0,0,0.0011998800119988,0.0005999400059994,0,0.0770922907709229,0,0,0,0,0,0,0.364063593640636,0,0,0.0227977202279772,0,0,0,0,0,0,0.0012998700129987,0,0,0,0,0.0511948805119488,0,0.0030996900309969,0,0,0.0112988701129887,0
0,0,0,0,0,0,9.9940035978413e-05,0.00279832100739556,0,0,0,0,0,0,0.000399760143913652,0,0,0,0,0,0.00779532280631621,0.00649610233859684,0,0,9.9940035978413e-05,0.000399760143913652,0,0,0.0100939436338197,0,0,0,0,0.01888866679992,0,0,0,0.0440735558664801,0,0,0,0,0.00729562262642415,0,0,0.00709574255446732,0,0,0,0,0,0,0,0,0.0222866280231861,9.9940035978413e-05,0,0,0,0.00809514291425145,0,0.00559664201479113,0,0,0,0,0.00779532280631621,0,0,0,0.00479712172696382,0,0,0,0,0.0921447131720967,0,0,0,0.0161902858285029,0,0,0,0,0,0,0,0,0,0.0053967619428343,0.00179892064761143,0.000699580251848891,0.000299820107935239,0,0,0,0,0,0.00679592244653208,0,0,9.9940035978413e-05,0,0,0,0,0.0189886068358985,0.0403757745352788,0,0.000799520287827304,0,0,0,0.00669598241055367,0,0,0,0.000199880071956826,0.0354787127723366,0,0,0,0,9.9940035978413e-05,0.0110933439936038,0.00119928043174096,0,0,0,0,0.0199880071956826,0,0,0,0,0,0.00349790125924445,0,0,0,0.00249850089946032,0,0,0,0,0,0,0,0,0,0.00119928043174096,0,0,0.000999400359784129,0,0,0,0,0,0,0,0,0,0.0461722966220268,0,0,0,0,0,0,0,0,0,0,0,0,0.000399760143913652,0,0.00399760143913652,9.9940035978413e-05,0,0,0,0,0.00339796122326604,0,0,0,0,0,0,0,0,0,0,0,0,0,0,0,0,0,0,0.000499700179892065,0,0.00219868079152508,0.000599640215870478,0,9.9940035978413e-05,0,0,0,0,0,0.00889466320207875,0,0.00959424345392764,0.00579652208674795,0.0567659404357386,0,0,0,0,0,0,0,0.000799520287827304,0,0.00939436338197082,0,0.0109934039576254,0,0,0.00869478313012193,0,0,0.000699580251848891,0,0,0,0,0,0,0.00299820107935239,0,0,0,0,0,0,0,0.000399760143913652,0,0,0,0,0.000899460323805717,0,0.00979412352588447,0.0197881271237258,9.9940035978413e-05,0,0,0,9.9940035978413e-05,0,0,0,0.00219868079152508,0.0022986208275035,0.000199880071956826,0,0.00819508295022986,9.9940035978413e-05,0,0,0,0,0,0.283929642214671,0,0.0169898061163302,0.0299820107935239,0,0,0,0,0,0.00359784129522287,0.00629622226664002,0,0,0,0,0.0116929842094743,0,0.00339796122326604,0,0,0.00719568259044573,0
0,0,0,0,0,0,9.99800039992002e-05,0.00449910017996401,0,0,0,0,0,0.00699860027994401,0.0020995800839832,0,0,0,0,0,0.0018996200759848,0.00339932013597281,0,0.0002999400119976,0,0.39372125574885,0,0,0.001999600079984,0.0012997400519896,0,0,0,0,0,0,0.000699860027994401,0,0,0,0.0001999600079984,0,0.0282943411317736,0.00839832033593281,0,0.00709858028394321,0,0,0,9.99800039992002e-05,0,0,0,0,0.0111977604479104,0,0,0,0,0,0,0.00559888022395521,0,0,0,0,0.024495100979804,0,9.99800039992002e-05,0,0.00329934013197361,0,0,0,0,0,0,0,9.99800039992002e-05,0.001499700059988,0,0,0,0,0.00429914017196561,0,0.00869826034793041,0,0,0.0022995400919816,0,0.001499700059988,0.0017996400719856,0.00249950009998,0.00399920015996801,0.000699860027994401,0,0,0.00519896020795841,0,0,0,0,0,0.000599880023995201,0.000499900019996001,0,0.0022995400919816,0,0,0,0,0,0.00409918016396721,0.000499900019996001,0.000799840031993601,0,0.00399920015996801,0,0,0.00429914017196561,0,0,0.00779844031193761,0,0.00729854029194161,0,0,0,0,0.0180963807238552,0.001499700059988,0,0,0,0.0002999400119976,0.001499700059988,0,0,0,9.99800039992002e-05,0.0015996800639872,0,0,0,0,0,0,0,0,0,0,0.000399920015996801,0,9.99800039992002e-05,0,0,0,0,0.0013997200559888,0,0.00769846030793841,0.000999800039992002,0.0171965606878624,0,0,0,0,0,0,0,0.0017996400719856,0.0185962807438512,0,0,0,0.0027994401119776,0.0367926414717057,0,0,0,0.00409918016396721,0,0.000599880023995201,0,0,0,9.99800039992002e-05,0.00799840031993601,9.99800039992002e-05,0,0.0021995600879824,0,0,0,0,0.00379924015196961,0,0,0,0,0,0,0,0,0,0,0.000699860027994401,0,0,0,0,0,0,0.000599880023995201,0,0,0,0.0002999400119976,0,0,0,0.00339932013597281,0,0.0001999600079984,0,9.99800039992002e-05,0.0001999600079984,0,0.00669866026794641,0.00579884023195361,0,0,0.0102979404119176,0,0,0,0,0,0,0,0,0.0203959208158368,0,0,0,0,0,0,0,0,9.99800039992002e-05,0,0,0.000599880023995201,0,0,0,0.000399920015996801,0.00699860027994401,0,0,0,0,0,0,0,0,0,0.00839832033593281,0,0.0001999600079984,0.0173965206958608,0,0,0,0,0,0.000499900019996001,0.194161167766447,0,0,0.00409918016396721,0,0,0,0,0,0,0,0,0,0,0,0.00729854029194161,0,0.0001999600079984,0,0,0.0105978804239152,0
0,0,0,0,0,0,9.99100809271655e-05,0,0.000299730242781497,0,0,0,0,0.00709361574582875,0,0,0,0,0,0,0,0,0,9.99100809271655e-05,0.000199820161854331,0,0,0,0,0,0.0190828254570886,0,0,0.0200819262663603,0.000299730242781497,0,0,0.0145868718153662,0,0,0.000299730242781497,0,0,0,0,0,0,0,0,0,0.000299730242781497,0,0,0,0,0,0,0.000299730242781497,0,0,0,0.00669397542212009,0,0,0.0201818363472874,0.000199820161854331,0.0189829153761615,0,0.00199820161854331,0,0.00559496453192127,9.99100809271655e-05,0,0.00109901089019882,0,0,0,0,0,0,0,0.00239784194225197,0,0,0.00839244679788191,0.00479568388450395,0,0.0127884903586772,0,0.00599460485562993,0.00189829153761615,0.00169847137576181,0,0.00299730242781497,0,0,0,9.99100809271655e-05,0.00959136776900789,0,0,0,0,0.00269757218503347,9.99100809271655e-05,9.99100809271655e-05,0.00619442501748426,0,0,0,0,0,0,0,0,0,9.99100809271655e-05,0.000499550404635828,0,9.99100809271655e-05,0,0,0,9.99100809271655e-05,0.0536517134578879,0,0,0,0,0,0.0102907383354981,0.00569487461284844,0.0315715855729843,9.99100809271655e-05,0,0.00309721250874213,0.000199820161854331,0,0,0,0.00299730242781497,0,0,0,0,0,0,0.000499550404635828,0,0,0.00209811169947048,0,0,0.000299730242781497,0.000299730242781497,0,0,0.0371665501049056,0.0263762613647717,0.0146867818962933,0,0,0,0,0,0,0,0,0,0,0,0,0,0,0,0,0,0,0,0,0,0,0,0,0,0,0,0,0,0,0,0,0.000199820161854331,0,0,0,0,0,0,0,0.04406034568888,0,0.00699370566490159,0,0.141672494754721,0.0249775202317914,0.000599460485562993,0.000199820161854331,0,9.99100809271655e-05,0,0,9.99100809271655e-05,0,0,0,0.0270756319312619,0.00889199720251773,0,0,0,0,0,0.000399640323708662,0,0,0,0,0,0,0.0489559396543111,0,9.99100809271655e-05,0.203616744929563,0,9.99100809271655e-05,0,0,9.99100809271655e-05,0,0,0,0.0134878609251673,0,0,0,9.99100809271655e-05,0,0,9.99100809271655e-05,0,0.000299730242781497,0.0031971225896693,9.99100809271655e-05,0,0.0262763512838445,0,0,0,0,0,0.00229793186132481,0,0,0,0,0,0.00409631331801379,0.00709361574582875,0,0,0,0.0121890298731142,0.000499550404635828,9.99100809271655e-05,0,9.99100809271655e-05,9.99100809271655e-05,0.000499550404635828,0,0,0,0,0,0,0,0,0.00419622339894095,0.0054950544509941,0,0.000499550404635828,0.00149865121390748,0,0,0.0383654710760316,0,0,0.00409631331801379,0,0,0
0,9.99500249875062e-05,0,0,0,0,0,0.00299850074962519,0.000299850074962519,0,0,0,0,0.0194902548725637,0.000399800099950025,0,0,0,0,0,0.00289855072463768,0.00169915042478761,0,0,0,0.146126936531734,0,0,0,0,9.99500249875062e-05,0,0,0.00419790104947526,0,0,0,0.00969515242378811,9.99500249875062e-05,0,0,0,0,0.00459770114942529,0,0,0,0,0.00179910044977511,0,0.00109945027486257,0,0,0,0,0,0,0,0,0,0.000299850074962519,0,0,0,0,0,0.0106946526736632,0,0,0.00129935032483758,0,9.99500249875062e-05,0,0.0134932533733133,0,0,0,0.000599700149925037,0,0.00289855072463768,0,0,0,0,0,0.00289855072463768,0,0,0,0.00379810094952524,0,0,0,0,0,0,0,0,0.000899550224887556,0,0,0,0,0,0,0,0,0.00379810094952524,0,0,0,0,0,0.00139930034982509,0,0,0,0,0,0,0,0,0,0.000999500249875062,9.99500249875062e-05,0,0,0,0,0,0.0465767116441779,0.0349825087456272,0,0,0,0.00239880059970015,9.99500249875062e-05,0,0,0,0.00499750124937531,0,0,0,0,0,0,0,0.00439780109945028,0,0.00469765117441279,0,0.000499750124937531,0,0,0,0.000199900049975012,9.99500249875062e-05,0,0.00349825087456272,0.00129935032483758,0,0.000599700149925037,0,0,0,0.000899550224887556,0,0.000999500249875062,0,0,0,9.99500249875062e-05,0,0,0.00079960019990005,0.00809595202398801,0.000499750124937531,0,0,0,0,0,0.000699650174912544,0,0,0,0.0015992003998001,0,0,0,0.00169915042478761,0,0.00389805097451274,0.00349825087456272,0,0.0015992003998001,0.00519740129935032,0,0,0,0.00189905047476262,0,0,0,0,0,0,0,0,0,0,0,0,0.000299850074962519,0.00489755122438781,0,0,9.99500249875062e-05,0,0,0.0154922538730635,0,0,0,0,0,0,0.00439780109945028,0,0.0126936531734133,0,0.000899550224887556,0.0338830584707646,0,0,0,0,0.000899550224887556,0,0,0,0.0537731134432784,0,0,0,0,0,0,0,0.0209895052473763,0,0.00339830084957521,0,0.00149925037481259,0,0,0,0,0,0.00129935032483758,0,0,0.000199900049975012,0,9.99500249875062e-05,0,0,0,0.458170914542729,0,0,0.00119940029985007,0,0,0,0,0,0.000599700149925037,0.00109945027486257,0,0,0.00459770114942529,0,0,0,0.000299850074962519,0,0,0.000299850074962519,0,0,0,0.00079960019990005,0.00079960019990005,0,0.000199900049975012,0,9.99500249875062e-05,0.00209895052473763,0.000199900049975012
0,0,0,0,0,0,0.0001000100010001,0,0,0,0,0,0,0,0.27972797279728,0,0,0,0,0,0,0.0001000100010001,0,0,0,0.241124112411241,0,0,0.0004000400040004,0,0.0758075807580758,0,0,0,0,0,0.001000100010001,0,0,0,0,0,0,0,0,0,0,0,0,0,0,0,0,0,0,0,0,0.0001000100010001,0,0,0,0,0,0.0049004900490049,0,0,0.005000500050005,0,0,0,0,0,0,0,0,0,0,0,0,0.0043004300430043,0,0,0,0,0,0,0,0,0,0,0,0.0012001200120012,0,0,0,0.0286028602860286,0,0.0001000100010001,0,0,0,0,0,0.0024002400240024,0.0007000700070007,0,0,0.151215121512151,0,0.0067006700670067,0,0,0,0,0,0,0.0022002200220022,0,0,0.0007000700070007,0,0,0,0,0,0,0.0123012301230123,0,0,0.0141014101410141,0,0,0,0.0002000200020002,0,0,0.0018001800180018,0,0,0,0.0417041704170417,0,0,0,0,0,0.002000200020002,0,0,0,0.0008000800080008,0,0,0,0,0,0,0,0,0.0001000100010001,0,0.0008000800080008,0,0.0004000400040004,0,0.0001000100010001,0,0,0,0,0.0004000400040004,0,0,0,0,0,0,0.0001000100010001,0.0043004300430043,0,0,0.0013001300130013,0,0,0,0,0,0,0,0,0,0,0,0,0,0,0,0.0001000100010001,0,0.0023002300230023,0,0,0,0,0.0077007700770077,0.0094009400940094,0,0,0,0.0026002600260026,0,0,0,0,0,0,0.0258025802580258,0.0009000900090009,0,0,0,0.0021002100210021,0,0,0.0019001900190019,0,0,0,0,0,0,0,0,0.015001500150015,0,0,0,0,0.0003000300030003,0,0,0,0,0,0,0.0059005900590059,0,0,0,0,0,0.0001000100010001,0,0,0,0,0.0003000300030003,0,0,0,0,0,0,0,0,0,0,0,0.0003000300030003,0.0029002900290029,0,0,0.0205020502050205,0,0,0,0,0,0.0004000400040004,0,0,0,0.0076007600760076,0,0.0036003600360036,0,0,0,0,0,0,0,0,0,0,0,0.0035003500350035,0,0,0,0
0,0,0,0,0,0,0,0,0,0,0,0,0,9.99800039992002e-05,0.00479904019196161,0,9.99800039992002e-05,0,0,0,0,0.0001999600079984,0,0,0,0.499900019996001,0,0,0.000999800039992002,0,0,0,0,0.00409918016396721,0.0002999400119976,0,0,0,0,0,0,0,0,0,0,0,0,9.99800039992002e-05,0,0,0,0,0,0,0,0,0,0,0,0,0,0.000499900019996001,0,0,0,0,0,0,0,0,0.000499900019996001,0,0,0,0,0,0,9.99800039992002e-05,0,0.000399920015996801,0,0,0,0,0,0.00949810037992401,0,0,0,0.000499900019996001,0,0.0001999600079984,0.0183963207358528,0,0,0,0,0,0,0,0,0.00829834033193361,0,0,9.99800039992002e-05,0,0.0183963207358528,0,0,0,0,0,0,0.000699860027994401,0,0,0.0017996400719856,0.0001999600079984,0.0025994801039792,0,0.00539892021595681,0,0,0,0.0027994401119776,0,0,0,0,0,0.027994401119776,0,0.00519896020795841,0,0,0,0.00979804039192162,0,0,0,0.0015996800639872,9.99800039992002e-05,0,0,0,0,0,0,0.0016996600679864,0,0,0,0.0002999400119976,0,0,0,0,0.000799840031993601,0,0,0.0016996600679864,0.00359928014397121,0,0,0,0.0275944811037792,0,0,0,0,0,0.0001999600079984,9.99800039992002e-05,0,0,0,0.00539892021595681,9.99800039992002e-05,0,0,0,0,0,0,0,0,0,0,0.00709858028394321,0,0,0.001999600079984,0,0,0,0,0.00489902019596081,0.00909818036392721,0,0,0,0,0,0,0,0.019496100779844,0,0.0001999600079984,0.000699860027994401,0,0.00879824035192961,0,0,0,0,0.0031993601279744,0,0.000799840031993601,0.00519896020795841,0,9.99800039992002e-05,0,0,0,0.0016996600679864,0,0,0,0,0.000799840031993601,0.000599880023995201,0,0.000399920015996801,0.0183963207358528,9.99800039992002e-05,0,0,9.99800039992002e-05,0.0001999600079984,0.0028994201159768,0,0,0.0202959408118376,0,0,0,0,0.000499900019996001,0,0,0.0669866026794641,9.99800039992002e-05,0.0002999400119976,9.99800039992002e-05,0.000599880023995201,0.0112977404519096,0.000699860027994401,0,0,0,0,0,0,0,0,0,0,0,0.00599880023995201,0.0101979604079184,0,0,0.0372925414917017,0.0002999400119976,0,0,0,0,0,0.0780843831233753,0,0,0.00419916016796641,0,0,0,0,0,0,0.000699860027994401,0,0,0,0,0,0,0.000899820035992801,0,0,0.00749850029994001,0
0,0,9.9940035978413e-05,0.00219868079152508,0,0,0,0,0,0,0,0,0,0,0.0061962822306616,0,0,0,0,0,0,0,0,0,0,0.038976614031581,0,0,0,0,0.00989406356186288,0,0,0,0,0,0.00129922046771937,0,0,0.00129922046771937,0,0,0,0,0,0.0241854887067759,0,0,0,0,0.000699580251848891,0,0,0,0,0,0,0,0,0.00289826104337398,0,0,0,0,0,0,0.0152908255046972,0,0,0.0139916050369778,0,0,0,0,0,0,0,0,0,9.9940035978413e-05,0,0,0,0,0.00859484309414351,9.9940035978413e-05,9.9940035978413e-05,0.000199880071956826,0,0,0,0,0,0,0,0.00719568259044573,0,0,0,0,0,0.000599640215870478,0,0,0,0,0,0.127423545872477,0,0,0,0,9.9940035978413e-05,0,0,0,0,0,0.0174895062962223,0,0,0,0,0,0,0,0,0,0,0,0,0.00739556266240256,0,0,0,9.9940035978413e-05,0,0,0,0,0.00429742154707176,0,0,0,0,0,0.000499700179892065,0,0,0,0.000999400359784129,0,0,0.000999400359784129,9.9940035978413e-05,0,0,0,0,0.0299820107935239,0,0,0,0.0260843493903658,0,0,0,0,0,0,0,0,0,0,0,0,0,0.0169898061163302,0.0116929842094743,0,0,0,0,0.00529682190685589,0.000199880071956826,0,0,0,0,0,0,0.0117929242454527,9.9940035978413e-05,0,0,0.000399760143913652,0,0,0,0,0,0.000899460323805717,0,0.00729562262642415,0,0.000899460323805717,0.000899460323805717,0,9.9940035978413e-05,0,0,0,0,0,9.9940035978413e-05,0,0.00629622226664002,0,0,0,0.00569658205076954,0,0,0,0,0,0,0,0,0,9.9940035978413e-05,0,0,9.9940035978413e-05,0,0,0,0,0,0.000199880071956826,0,0,0,0,0.000199880071956826,0.000899460323805717,0,0,0,0,0,0,0,0,0,9.9940035978413e-05,0.000899460323805717,0,0.000199880071956826,0,0.000299820107935239,0,0,0,0.000299820107935239,0,0,0,0,0.0170897461523086,0.00219868079152508,0,0.136418149110534,0,0,0,0,0,0.000299820107935239,0.386468119128523,0,0,0,0,0,0.026384169498301,0,0,0.00559664201479113,0,0,0,0,0,0,0,0,0,0,0.00419748151109334,0
0,0,0.000199940017994602,0,0,0,0,0,0,0.000399880035989203,0,0,0,0.00289913026092172,0.000599820053983805,0,0,9.99700089973008e-05,0,0,9.99700089973008e-05,0.000399880035989203,0,0,0,0.394681595521344,0,0,0.000499850044986504,0.000299910026991902,0,0,0,9.99700089973008e-05,0,0,0.000199940017994602,0,0,0,0,0,0.0188943317004899,0,0,0.00879736079176247,0,9.99700089973008e-05,0,0,9.99700089973008e-05,0,0,0.000199940017994602,9.99700089973008e-05,9.99700089973008e-05,0,0,0,0.00599820053983805,0,0,0,0,0,0,0.0279916025192442,0,0,0,0.000399880035989203,0,0,0,0,0,0.000199940017994602,0,0,0.000799760071978406,0,9.99700089973008e-05,0.00519844046785964,9.99700089973008e-05,0,0.00939718084574628,0.013296011196641,0,0,0,0,0.000199940017994602,0.000299910026991902,0,0,0.000899730080975707,0.00329901029691093,0,0,0,0.000399880035989203,0.00819754073777867,0,0,9.99700089973008e-05,0.000999700089973008,0,0.0216934919524143,0,0.0101969409177247,0,0,0,0.0239928021593522,0,9.99700089973008e-05,0.0238928321503549,0,9.99700089973008e-05,0,0,0,0.00119964010796761,0,0.00129961011696491,0.00309907027891633,0,0.0638808357492752,0,9.99700089973008e-05,0.00709787063880836,0,0.00349895031490553,0,0.000499850044986504,0,0.000299910026991902,0,0,0,0.0354893531940418,0.000199940017994602,0.00399880035989203,0,0.00609817054883535,0.0269919024292712,0.000399880035989203,0.00759772068379486,0,0,0,0,0,0.00359892032390283,0.0160951714485654,0,0,0,0.000199940017994602,0,0,0.00599820053983805,0,0,0,0.0214935519344197,0,0,0,0,0.000599820053983805,0.00339898030590823,9.99700089973008e-05,0,0,0,0.00489853044086774,0,0.000199940017994602,9.99700089973008e-05,0,0,0,0,9.99700089973008e-05,0,0,0.0327901629511147,0,0,0,0.00279916025192442,0,0,0,9.99700089973008e-05,0.00109967009897031,0,0,0,0,0,0,0.00309907027891633,0,0.000799760071978406,0.000399880035989203,0,0,0,0.0147955613316005,0,0,0,9.99700089973008e-05,0.00549835049485154,0.00349895031490553,9.99700089973008e-05,0.00419874037788663,0,0,0.00579826052184345,0,0,9.99700089973008e-05,0,0.00109967009897031,0,0,0.000799760071978406,0,0.000299910026991902,0,0.00419874037788663,0,0,0,0.00309907027891633,0.000499850044986504,0,0.00519844046785964,0,0.000799760071978406,0,0.00249925022493252,0,0,0,0,0,0,0,9.99700089973008e-05,0,9.99700089973008e-05,0.000799760071978406,0.00309907027891633,0,9.99700089973008e-05,9.99700089973008e-05,0.000199940017994602,0,0,0.000199940017994602,0,0.000199940017994602,0,0,9.99700089973008e-05,0.00109967009897031,0.000399880035989203,0.000299910026991902,0.0702789163251025,0,0,9.99700089973008e-05,0,0,0,0.0186943916824953,0,0,0.00479856043187044,0,0,0,0,0,0,0.000199940017994602,0,0,0,0,0,0,0.000199940017994602,0,0,9.99700089973008e-05,0
0,0,0,0,0,0,0.00569601279104627,9.9930048965724e-05,9.9930048965724e-05,0,0,0,0,0,0.00179874088138303,0,0,0,0,0.00229839112621165,0.00599580293794344,0.00819426401518937,0,0.000199860097931448,0,0.113320675527131,0,0,0.000699510342760068,0.00699510342760068,0,0,9.9930048965724e-05,0.0153892275407215,0,0,0.00049965024482862,0.0324772659138603,0,0.000699510342760068,0,0,0,0.0049965024482862,0,0.132407314879584,0,9.9930048965724e-05,9.9930048965724e-05,0,0.00049965024482862,0,0,0,0,0,0,0,0,0.00599580293794344,9.9930048965724e-05,9.9930048965724e-05,0,0,0,0,0.0156890176876187,0,0.000399720195862896,0,0.00259818127310882,0,0,9.9930048965724e-05,0,0,0,0,0,0.0109923053862296,0,0.000199860097931448,0.0150894373938243,0,0.00179874088138303,0,0,0.000299790146897172,0,0.00319776156690317,9.9930048965724e-05,0.000699510342760068,0.0053962226441491,0,0,0.000199860097931448,0,0,0.00119916058758869,0,0,0,0,0,0,0,0.000299790146897172,0.0928350154891576,0,0,0,0.00199860097931448,0,0.00969321474967523,0,0,0,0,0.026081742780054,9.9930048965724e-05,0,0,0,9.9930048965724e-05,0.0476666333566503,0,0,0,0,9.9930048965724e-05,0.00339762166483462,0.000699510342760068,9.9930048965724e-05,0,0,0,0.00049965024482862,9.9930048965724e-05,0,0,0.0045967822524233,0,0.000299790146897172,0,0,0,0.000199860097931448,0.00139902068552014,9.9930048965724e-05,9.9930048965724e-05,0.00119916058758869,0,0,9.9930048965724e-05,9.9930048965724e-05,0,0.00129909063655441,9.9930048965724e-05,0.0138902768062356,0.00839412411312082,0,0,0,0.0376736284600779,0,0,0,0.000199860097931448,0,0,0.000399720195862896,0,0,0,0,0,0,0.00219846107724593,0.0149895073448586,9.9930048965724e-05,0,0,0,0,0.00299790146897172,0.00259818127310882,0,0,0.01518936744279,0,0,0.00879384430898371,9.9930048965724e-05,0,0,0.00149895073448586,0.000399720195862896,0,0,0,0,0,0,9.9930048965724e-05,0.00279804137104027,0.002897971420006,0,0,0,0.00149895073448586,0,0,0,0,0.000399720195862896,0,0.00779454381932647,0.00419706205656041,0,0.000199860097931448,0.0271809733186769,0.00239832117517738,0,0,9.9930048965724e-05,0,0,0,0.00179874088138303,0.000599580293794344,0.00099930048965724,0,0,0.00329769161586889,0,0,0.00099930048965724,0,0,0,0,0,0,0.00099930048965724,0.000399720195862896,0,0,0,0,0,9.9930048965724e-05,0.000599580293794344,0.00049965024482862,0,0.000299790146897172,0.00109923053862296,0.00099930048965724,0,0,0.00259818127310882,9.9930048965724e-05,0.00049965024482862,0,9.9930048965724e-05,0.00149895073448586,0,0,0,0.00629559308484061,0.00049965024482862,0,0.00139902068552014,0.020285799940042,0,0,0,0,0,0.000399720195862896,0.108723893274708,0,0,0.0649545318277206,0,0,0,0.00259818127310882,9.9930048965724e-05,9.9930048965724e-05,0.00169881083241731,0,0,0,0,0.00049965024482862,0,0.00049965024482862,0.000199860097931448,0,0.016288597981413,0.00899370440691516
0,0,0,0,0,0,0.000199940017994602,0,0,0,0,0,0,0,0.00229931020693792,0,0,0,0,0,0,0,0,0.000299910026991902,0,0.0356892932120364,0,0,0.00169949015295411,0,0,0,0,0.00239928021593522,0,0,0.0214935519344197,0,0,0,9.99700089973008e-05,0,0,0,0,0.000999700089973008,0,0,0,0,0,0.000399880035989203,0,0,0,0,0,0,0,0,0,0,0,0,0,0.00129961011696491,0.0465860241927422,0.000199940017994602,0,0,0,0,0,0,0,0,0,0,0,0.0353893831850445,0,0,0,0,0,0,0.00939718084574628,0,0,0,0,0,0.00379886034189743,0,0,0.00629811056682995,0,0,0,0,0,0.000899730080975707,0,0,0.000399880035989203,0.0130960711786464,0,0.0460861741477557,0,0.0164950514845546,0,0,0.000399880035989203,0,0.000699790062981106,0,0,9.99700089973008e-05,0.00709787063880836,0,0.00789763071078676,0,0,0,0,0,0,0,0,0,0.047185844246726,0.0169949015295411,0,0,0,9.99700089973008e-05,0.00419874037788663,0,0,0,9.99700089973008e-05,0.000499850044986504,0,0,0,0,0,0,0,0,0,0,0,0,0,0,0,0,0,0.00329901029691093,0,0.0101969409177247,0,0.00899730080975707,0,0,0,0,0,0,0,0,0.0277916625012496,0,0,0,0.0116964910526842,0,0,0,0,0.00539838048585424,0,0,0,0,0,0,0,0,0,0,0.000199940017994602,0,0,0,0,0,0,0,0,0,0,0,0,0.00109967009897031,0,0,0,0.00139958012596221,0,0,0,0,0,0,0,0.00339898030590823,9.99700089973008e-05,0,0,0,0,0,0,0,0,0,0,0.0292912126362091,0,0,0,0.0416874937518744,0,0,0,0,0,0,0,0,0.0498850344896531,0,0.0104968509447166,0,0,0,0,0,0,0,0,0,0,0,0.000299910026991902,0,0,0.000599820053983805,0,0,0,0,0.0137958612416275,0,0,0,0,0.0565830250924723,0,0,0.00559832050384884,0,9.99700089973008e-05,0,0,0,0,0.374487653703889,0,0,0,0,0,0.00309907027891633,0.00199940017994602,0,0.00629811056682995,0,0,0,0,0,0,0,0.00139958012596221,0,0,0,0
0.000199880071956826,0,0,0,0,0,9.9940035978413e-05,0,9.9940035978413e-05,0,0,0,0,0,0.00689586248251049,0,0.000999400359784129,0,0,9.9940035978413e-05,0,0.000999400359784129,0,0.000199880071956826,0,0.140915450729562,0,0,0.00669598241055367,0,0,0,0,0.00709574255446732,0,0,0.00389766140315811,0.00489706176294223,0,0,0,0,0,0,0,0.00179892064761143,0,0.000399760143913652,0,0,0,0,0,0,0,0,0,0,0,0.000699580251848891,0,0,0,0,0,0,0,0,0,0,0,0,0,0,0,0,9.9940035978413e-05,0,0,0,0,0,0.00349790125924445,0,0,0,0,0,0.000199880071956826,0.00119928043174096,0,0.00269838097141715,0.288526883869678,0,0,0.00329802118728763,0,0,0,0,0,0,0,0,0,0,0,0.151908854687188,0,0,0,0,0,0,0,9.9940035978413e-05,0,0,0.00289826104337398,0,0.000399760143913652,0,0,0,0.00319808115130921,0,0,0,0,0,0,0.000399760143913652,0,9.9940035978413e-05,0,0,0.0575654607235659,0,0,0,0.000599640215870478,0,0,0,0,0,0.000299820107935239,0,0,0,0,0,0,0,0,0,0,0,0,0.00119928043174096,0,0,0,0.035578652808315,9.9940035978413e-05,0,9.9940035978413e-05,0.000199880071956826,0,0,0.000199880071956826,0,0.00299820107935239,0,0,0,0,0,0.0053967619428343,0,0,0,0,0,0.000299820107935239,0,0,0,0,0,9.9940035978413e-05,0.0103937637417549,0,0,0,0,0,0,0,0,0,0,9.9940035978413e-05,9.9940035978413e-05,0,0.004597241655007,0,0,9.9940035978413e-05,0,0,0,0,0,0,0,0.00409754147511493,0,0.00989406356186288,0.000799520287827304,0.00439736158305017,0,0,0,9.9940035978413e-05,0,0,0,0,9.9940035978413e-05,0.0142914251449131,0,0,0.0480711573056166,0,0,0,0,0,0,0,0,0,0,0,0,0,0.000399760143913652,0,0,0,0,0.000899460323805717,0,0,0.0100939436338197,9.9940035978413e-05,0,0,0,0.000499700179892065,0,0,9.9940035978413e-05,0,0,0,0,0,0.0134919048570857,0,0,0.0130921447131721,0.000799520287827304,0.00159904057565461,9.9940035978413e-05,0,9.9940035978413e-05,0.000899460323805717,0.108634819108535,0,0,0.00809514291425145,0,0,0,9.9940035978413e-05,0,0,0,0,0,0,0.000499700179892065,0,0,0.000499700179892065,0,0,0.00379772136717969,0
0.0001999800019998,0,0,0,0,0,0,0,0,0,0,0,0,0.0516948305169483,0,0,0,0,0,0,0,0.0090990900909909,0,0,0,0,0,0,0,0.0153984601539846,0.11048895110489,0,0,0.0153984601539846,0,0,0.0112988701129887,0.0171982801719828,0.0001999800019998,0,0,0,0.017998200179982,0,0,0,0,0,0,0,0,0,0,0,0,0,0,0,0,0,0,0,0,0,0,0,0.0286971302869713,0,0,0,0,0,0,0,0,0,0,0,0,0.003999600039996,0,0,0,0,0.0031996800319968,0,0,0,0,0.0300969903009699,0,0.0303969603039696,0,0,0,0,0,9.99900009999e-05,0,0,0,0,0,0,0,0,0,0.0401959804019598,0,0,0,0,0,0.0131986801319868,0,0,0,0,0,0.0108989101089891,0,0,0,0,0,0,0,0,0,0,0,0.0002999700029997,0,0,0,0,0,0,0,0,0.0013998600139986,0,0,0,0,0,0,0,0,0,0.0025997400259974,0,0,0,0,0,0,0,0,0,0,0,0,0,0,0,0.0006999300069993,0,0,0,0,0,0,0,0,0,0,0.0282971702829717,0.0822917708229177,0,0,0,0,0.0004999500049995,0,0,0,0,0,0,0,0.0342965703429657,9.99900009999e-05,0,0,0,0,0.000999900009999,0,0,0,0,0,0,0,0,0,0,0.0006999300069993,0.0068993100689931,0,0,0,0,0.0042995700429957,0,0.0264973502649735,0,0.0410958904109589,0,0,0,0,0,0,0,0,0,0,0,0.0031996800319968,0,0,0.0816918308169183,0,0,0,0,0,0,0,0,0,0,0.0014998500149985,0,0,0,0,0,0,0,0,0.0002999700029997,0.0031996800319968,0,0,0,0,0,0,0,0,0.0004999500049995,0,0,0,0,0,0,0,0,0.103489651034897,0,0,0,0,0,0.0104989501049895,0,0,0.0004999500049995,0.0696930306969303,0,0,0,0,0,0.0017998200179982,0,0,0,0,0,0.0203979602039796,0,0.0015998400159984,0,0,0.0608939106089391,0
0,0,0,0,0,0,0.0221022102210221,0,0,0,0,0,0,0.0597059705970597,0.0007000700070007,0,0,0,0,0,0,0,0,0,0.0001000100010001,0.0001000100010001,0,0,0.0012001200120012,0.0009000900090009,0,0,0,0,0,0,0,0,0,0,0,0,0.0002000200020002,0,0,0,0,0,0,0,0,0,0,0,0,0,0,0,0,0,0,0,0,0,0.0001000100010001,0,0.0018001800180018,0,0.0004000400040004,0.0003000300030003,0,0,0,0,0,0,0,0,0,0,0,0,0,0,0.0095009500950095,0.0002000200020002,0,0,0,0,0,0.0022002200220022,0,0,0,0,0,0,0,0,0,0.0002000200020002,0.0021002100210021,0,0,0,0,0.0076007600760076,0,0,0,0,0,0,0,0,0,0,0,0.0001000100010001,0,0,0,0.0003000300030003,0,0,0,0,0,0,0.217221722172217,0,0,0,0,0,0.0001000100010001,0,0,0,0,0.0001000100010001,0,0,0,0,0,0,0,0,0,0,0,0,0,0,0,0,0,0,0,0,0,0,0,0,0,0,0,0.0002000200020002,0,0.0003000300030003,0.0126012601260126,0,0,0,0.0141014101410141,0,0,0,0,0.0027002700270027,0,0,0,0,0,0,0,0,0,0,0,0,0,0,0.0054005400540054,0,0,0,0.0001000100010001,0,0,0,0,0,0,0,0,0,0,0,0,0,0,0.0081008100810081,0,0,0,0.0005000500050005,0,0,0,0,0,0,0,0,0,0.0048004800480048,0.0269026902690269,0,0,0.0057005700570057,0,0,0,0,0,0.0015001500150015,0,0,0.134613461346135,0,0,0,0,0,0,0,0,0,0,0,0,0,0,0,0,0,0,0,0,0,0,0.0006000600060006,0,0,0,0.0377037703770377,0.007000700070007,0,0.0484048404840484,0,0,0,0,0,0,0.357335733573357,0,0,0,0,0,0,0,0.0001000100010001,0.0014001400140014,0,0,0,0,0,0.0025002500250025,0,0.0002000200020002,0,0,0,0
0,0,0,0,0,0,0.00840252075622687,0,0,0,0,0,0.000300090027008102,0,0.00720216064819446,0.000400120036010803,0,0,0,0,0,0.000900270081024307,0,0,0,0.000700210063018906,0,0,0.00380114034210263,0,0.0156046814044213,0,0,0.00530159047714314,0,0,0.00370111033309993,0.00280084025207562,0,0.000300090027008102,0,0,0,0,0,0.0103030909272782,0,0,0,0,0,0,0.000300090027008102,0,0,0,0,0,0,0,0,0,0,0,0,0,0.00250075022506752,0,0,0,0.00420126037811343,0,0,0.000100030009002701,0,0,0,0,0,0,0,0,0.0230069020706212,0,0,0.00330099029708913,0.0623186956086826,0.00430129038711613,0,0.00810243072921877,0,0.00160048014404321,0.00160048014404321,0,0,0,0.00150045013504051,0,0.00760228068420526,0,0,0,0,0.00300090027008102,0.000200060018005402,0,0,0.0470141042312694,0,0,0,0.00500150045013504,0,0.00590177053115935,0,0,0,0,0.00150045013504051,0,0,0,0,0.000200060018005402,0.0436130839251776,0,0,0,0,0,0,0,0,0.000300090027008102,0,0,0,0,0,0,0.00280084025207562,0,0,0,0,0,0,0,0,0,0.00120036010803241,0.00350105031509453,0,0,0,0,0,0,0,0.00480144043212964,0,0,0,0.000100030009002701,0,0,0,0,0,0.000800240072021606,0,0,0.0360108032409723,0,0,0,0,0.000100030009002701,0.000200060018005402,0,0,0,0.000600180054016205,0,0,0,0,0,0,0,0,0.0122036610983295,0,0,0,0,0,0,0,0,0,0,0,0.000500150045013504,0,0.00100030009002701,0,0,0.000200060018005402,0.00440132039611884,0,0,0,0,0,0,0.0103030909272782,0.00530159047714314,0.00200060018005402,0,0.00340102030609183,0,0,0,0,0.00570171051315395,0,0,0.000700210063018906,0,0.0184055216564969,0,0,0.0151045313594078,0,0,0,0,0,0.0416124837451235,0,0.00430129038711613,0,0,0,0,0,0,0,0,0,0,0,0,0,0,0.000600180054016205,0,0,0,0.000100030009002701,0,0,0,0,0,0,0,0,0.193758127438231,0,0,0.0818245473642093,0,0.000700210063018906,0,0,0,0,0.212263679103731,0,0,0.0241072321696509,0,0,0,0.000200060018005402,0,0,0,0.0122036610983295,0,0,0,0.0100030009002701,0,0,0,0,0.00210063018905672,0
0,0,0,0,0,0,0.0117976404719056,0,0,0,0,0,0,0,0.0166966606678664,0,0,0,0,0,0,0,0,0.0001999600079984,0,0.308538292341532,0,0,0,0.0012997400519896,0,0,0,0,0,0,0,0.00549890021995601,0,0,0,0,0,0,0,0.00429914017196561,0,0,0,0,0,0,0,0,0,0,0,0,0,0.0026994601079784,0,0,0,0,0,0,0,0,0,0,0,0,0,0,0,0,0,0,0.000499900019996001,0,0,0,0,0,0.0103979204159168,0,0,0,0,0.0016996600679864,0,0.0151969606078784,0.010997800439912,0,0,0,0,0,0,0,0,0.00899820035992801,0,0,0,0,0,0.0010997800439912,0,0,0,0,0,0.000699860027994401,0,0,0.00529894021195761,0,0.00399920015996801,0.000399920015996801,0.0202959408118376,0,0.00669866026794641,0,0.0001999600079984,0,0,0,0,0,0.0398920215956809,0,0,0,0,0,0.000599880023995201,0,0,0,0.0030993801239752,0,0,0,0,0,0,0,0.00499900019996001,0,0,0,0,0,0,0,0,0,0,0,0,0,0,9.99800039992002e-05,0,0,0,0.00489902019596081,0,0,0,0.0002999400119976,0,0,0,0,0,0,0,0,0,0,0,0,0,0,0,0,0,0,0,0.00599880023995201,0.00249950009998,0,0,0,0.0497900419916017,0,0,0.000499900019996001,0,0.0026994601079784,0,0,9.99800039992002e-05,0,0,0,0,0,0,0,0,0,0,0,0.0012997400519896,0,0,0,0,0,0,0,0,0,0,0,0,0,0,0,0,0,0,0,0,0.000999800039992002,0,0,0,0,0.0620875824835033,0,0,0,0.00429914017196561,0,0,0,0,0,0,0,0,0,0,0,0,0,0,0,0,0,0,0,0,0,0,0.00509898020395921,0,0,0.0759848030393921,0.0713857228554289,0,0,0,0,0,0.222855428914217,0,0,0,0,0,0,0,0,0,0,0,0,0,0,0,0,0.002999400119976,0,0,0,0
0,0,0,0,0,0,0,0.0002999700029997,0,9.99900009999e-05,0,0,0,0,0.0177982201779822,0,0,0.0003999600039996,9.99900009999e-05,0,0.0094990500949905,0.0061993800619938,0,0,0,0.0373962603739626,0,0,0.0063993600639936,0,0.0554944505549445,0,0.0002999700029997,0.0078992100789921,0,0,0.016998300169983,0.0150984901509849,0,0,0,0,0,0.002999700029997,0.0002999700029997,0.0004999500049995,0,0.0005999400059994,0,0,0.0103989601039896,0,0,0,0,0,0.0006999300069993,0,9.99900009999e-05,0.001999800019998,0,0.0017998200179982,0,0,0.0002999700029997,0,0.0024997500249975,0,0,0,0.0038996100389961,0,0,0.0013998600139986,0,0,0,0,0,0.0082991700829917,0,0.000999900009999,0,0,0.0341965803419658,0.0003999600039996,0.0145985401459854,0,0,0.0026997300269973,0,0.0014998500149985,0,0,0,0,0,0,0.0006999300069993,0,0,0,0,0,0.0015998400159984,0,0.0035996400359964,0.028997100289971,0,0.0032996700329967,0,0,0,0.0016998300169983,0.0007999200079992,0,0,9.99900009999e-05,0.0290970902909709,0,0.0061993800619938,0,0,0,0.0207979202079792,0,0,0,0,0.0028997100289971,0.0242975702429757,0.0002999700029997,0,0,0,0.0022997700229977,0.011998800119988,0,0,0,0.0003999600039996,9.99900009999e-05,0.0027997200279972,9.99900009999e-05,0,0,0.0017998200179982,0,0.0021997800219978,0.0016998300169983,0.0084991500849915,0.0097990200979902,0.0004999500049995,0.0036996300369963,0,0,0,0,0.0030996900309969,0.0015998400159984,0,0.0038996100389961,0,9.99900009999e-05,0,0,0,0,0,0,0.0006999300069993,0,9.99900009999e-05,0,0,0,0.0101989801019898,0.0180981901809819,0.0106989301069893,0.0004999500049995,9.99900009999e-05,0.0055994400559944,0,0,0.0001999800019998,0,0,0.0001999800019998,0.0032996700329967,0,0,0.0007999200079992,0.0005999400059994,0.0006999300069993,0.0010998900109989,0,0.0035996400359964,0.0068993100689931,0,0,9.99900009999e-05,0,0,0.0113988601139886,0,0.0008999100089991,0,0,0.0002999700029997,0,0,0,0.0021997800219978,0,0.0013998600139986,0.0033996600339966,0.0007999200079992,0,0.0414958504149585,0.0007999200079992,0.0048995100489951,0.0308969103089691,9.99900009999e-05,0,0,0,0,0,0.0160983901609839,0.006999300069993,0.0101989801019898,0,0,0.0024997500249975,0,0,0.0011998800119988,0,0.0006999300069993,0.0058994100589941,0,0.0167983201679832,0.0098990100989901,0,0,0,0,0,0.0003999600039996,0,0.0195980401959804,0.0003999600039996,0.0005999400059994,0,0.0120987901209879,0.0025997400259974,0.0001999800019998,0.0006999300069993,0.0053994600539946,0.0190980901909809,0.0008999100089991,0,0,0.000999900009999,0,0,0,0,0.0003999600039996,0.0152984701529847,0,0.0105989401059894,0.0112988701129887,0,0,0,0,0.0012998700129987,0.0012998700129987,0.148685131486851,0,0,0.0386961303869613,0,0,0,0,0,0.0012998700129987,0.0040995900409959,0,0,0,0,0.0012998700129987,0.006999300069993,0.0002999700029997,0.0053994600539946,0,0.00999900009999,0.0044995500449955
0,9.99600159936026e-05,0,0,0,0,0,0,0,0,0.000199920031987205,0,0,0,0.00039984006397441,0,0,0,0,0.00039984006397441,0.00899640143942423,0.00339864054378249,0,0,0,0.109656137544982,0,0,0.00469812075169932,0,0,0,0.000199920031987205,0.00609756097560976,0,0.00079968012794882,9.99600159936026e-05,0.0230907636945222,0,0,0,0,0,0.00879648140743703,0,0.00509796081567373,0,0,0,0,0.000199920031987205,0,0,0,0.00269892043182727,0,0,0,0,0,0,0.007796881247501,9.99600159936026e-05,0,0,0,0.00659736105557777,0,0.00189924030387845,0,0.00149940023990404,0,9.99600159936026e-05,0.000899640143942423,0,0,0,0,0,0.00909636145541783,9.99600159936026e-05,0,0,0,0.00559776089564174,9.99600159936026e-05,0,0,0,0.00299880047980808,0.0172930827668932,0.000599760095961615,0,0,0,0,0,0,0.00299880047980808,0,0,0,0,0.00259896041583367,0.000199920031987205,0,0.0336865253898441,0.0874650139944022,0,0,0,0.0152938824470212,0,0,0,0,9.99600159936026e-05,0.000899640143942423,0.00689724110355858,0.000199920031987205,0,0,0,0,0.00459816073570572,0,0,0,0,0.0126949220311875,0.00499800079968013,0.0131947221111555,0,0,0,0.00179928028788485,0.00759696121551379,0,0,0,0.000699720111955218,0,0,0,0,0,0.00039984006397441,9.99600159936026e-05,0,0,0.00119952019192323,0,0,0,9.99600159936026e-05,0,0.00209916033586565,0,0,0.00429828068772491,0,0,0,0.0464814074370252,0,0,0,0,0,0.000299880047980808,0,0,0,0,0,0,0,0.00629748100759696,0,9.99600159936026e-05,0,0,0,0,0,0.000899640143942423,0,0,0.000199920031987205,0,0,0.00709716113554578,0.000299880047980808,0,0,9.99600159936026e-05,0,0.000199920031987205,0,0,0,0,0,0.00179928028788485,0.144642143142743,0.0039984006397441,0,0,0,9.99600159936026e-05,0,0,0,0,0.000899640143942423,0,0,0.00299880047980808,0.00199920031987205,0,0,0.00179928028788485,0,0,0,0,0,0,0.00679728108756497,0,0.00409836065573771,0.000499800079968013,0,0.0175929628148741,0,0.00039984006397441,0,0.000199920031987205,0,0,0,0,0,0,0,0,0,0,0,0,0.0146941223510596,0,0.000299880047980808,0,0.000299880047980808,9.99600159936026e-05,0,0.000299880047980808,0.00039984006397441,9.99600159936026e-05,0,0.00649740103958417,0,0.000199920031987205,0,9.99600159936026e-05,0,0.00439824070371851,0.00359856057576969,0.0156937225109956,0.00119952019192323,0,0.00159936025589764,0,0,0,0,0,0.00039984006397441,0.239004398240704,0,0,0.00489804078368653,0,0,0,0,0,0.00249900039984006,0.00149940023990404,0,0,0,0,0.000699720111955218,0,0,0.00369852059176329,0,0.0103958416633347,0.0038984406237505
0,0,0,0,0,0,0.000300090027008102,0,0,0,0,0,0,0,0.000500150045013504,0,0,0,0,0,0,0,0,0,0,0.608182454736421,0,0.00660198059417825,0.00280084025207562,0,0,0,0,0,0,0,0,0,0,0,0,0,0,0,0,0.000500150045013504,0,0,0.000100030009002701,0,0,0,0,0,0,0,0,0.00120036010803241,0,0,0,0,0,0,0,0,0,0,0,0,0,0,0,0,0,0.0426127838351505,0,0,0,0,0,0.00220066019805942,0,0,0,0,0,0,0,0,0,0,0.0121036310893268,0,0,0,0.00860258077423227,0,0,0,0,0.00110033009902971,0.00310093027908373,0,0,0,0,0,0,0,0,0,0,0,0,0,0,0,0.00640192057617285,0,0,0,0.000900270081024307,0.000100030009002701,0.0207062118635591,0,0,0,0,0,0,0,0,0,0,0,0.000400120036010803,0,0,0.000200060018005402,0.00190057017105132,0,0,0,0,0,0,0,0,0,0,0,0,0,0,0,0,0,0,0,0,0,0,0,0,0,0,0.00100030009002701,0,0,0,0,0.000100030009002701,0,0.000100030009002701,0,0,0,0,0.000400120036010803,0,0,0,0,0,0,0.000100030009002701,0,0,0,0.000700210063018906,0.0101030309092728,0,0,0,0.000300090027008102,0,0,0,0,0,0,0,0.00180054016204861,0,0.000300090027008102,0,0,0,0,0.00170051015304591,0,0,0,0,0,0,0,0,0,0,0,0,0,0,0,0,0,0,0,0,0,0,0.036110833249975,0,0,0,0,0,0,0,0,0,0,0.000100030009002701,0,0.000100030009002701,0,0,0,0,0,0,0,0,0,0,0,0,0,0.000900270081024307,0,0,0,0,0,0,0,0,0.0163048914674402,0,0,0,0,0,0,0.187956386916075,0,0,0,0,0,0.021406421926578,0,0,0,0,0,0,0,0,0,0,0,0,0,0,0,0,0,0
0,0,0,0,0,0,0.00179910044977511,0,0,0,0,0,0,0,0.00279860069965018,0,0,0,0,0,0,0.00689655172413793,0,0.00279860069965018,0,0.0659670164917541,0,0,0.00299850074962519,0,0.00239880059970015,0,0,0.00429785107446277,0,0,0.00199900049975012,0,0,0,0,0,0,0.0201899050474763,0,0.00789605197401299,0,0,0,0,0,0,0,0,0,0,0,0,0,0.00839580209895052,0,0,0.000699650174912544,0,0,0,0.00509745127436282,0,0,0.00309845077461269,0.00439780109945028,0,0,0,0,0,0,0,0,0.0299850074962519,0,0,0.00219890054972514,0,0,9.99500249875062e-05,0.0158920539730135,0,0,0.00539730134932534,0,9.99500249875062e-05,0.0333833083458271,0,0,0.00259870064967516,0,0,0.00609695152423788,0,0,0,0,0,0,0.0112943528235882,0,0.0104947526236882,0,0,0,0,9.99500249875062e-05,0,0,0.000299850074962519,0,9.99500249875062e-05,0.0211894052973513,0,0.00789605197401299,0,0,0.00079960019990005,0.0226886556721639,0.000899550224887556,0,0,0,0,0.143428285857071,0,0,0.00389805097451274,0,0,0.000499750124937531,0,0,0,0,0,0,0,0,0,0,0,0,0,0,0,9.99500249875062e-05,0.000999500249875062,0.00609695152423788,0,0,0,0,0.00499750124937531,0,0,0,0.0095952023988006,0,0,0,0,0,0,0,0,0.00649675162418791,0,9.99500249875062e-05,0,0.00459770114942529,0,0.0047976011994003,0,0,0,0,0,0.00269865067466267,0,0,0,0,0,0,0.00379810094952524,0.000199900049975012,0.00199900049975012,0,0,0,0,0,0,0,0,0,0,0.109945027486257,0,0,0,0,0.00079960019990005,0,0,0,0,0.00239880059970015,0,0.00399800099950025,0.00249875062468766,0,0,0,0,0,0,0,0,0,0,0.00369815092453773,0,0.0278860569715142,0,0,0.0296851574212894,0,0,0,0,0,0.00079960019990005,0,0,0.0474762618690655,0,0.000199900049975012,0,0,0,0,0,0.0182908545727136,0,0,0,0,0,0,0,0.00129935032483758,0,9.99500249875062e-05,0,0,0,0,0,0,0,0,0.0136931534232884,0,0,0.0206896551724138,0,9.99500249875062e-05,0,0,0,0,0.161419290354823,0,0,0.0146926536731634,0,0,0,0,0,0.016791604197901,0,0,0,0,9.99500249875062e-05,0.00349825087456272,0,0.00109945027486257,0,0,0.0112943528235882,0
0,9.9930048965724e-05,0,0,0,0,0,0,0,0,0,0,0,0.000199860097931448,0,0,0,0.00099930048965724,0,0,9.9930048965724e-05,0.00219846107724593,0,0,0,0.488258219246527,0,0,0.00219846107724593,0.0143899270510643,0.00339762166483462,0,0,0.0328769861097232,0,0,0,9.9930048965724e-05,0,0,0,0,0,0,0,0,0,0,0,0,0,0,0,0.000599580293794344,0,0,0,0,0,0.00109923053862296,0.000299790146897172,0,0,0,0,0,0.0218846807234936,0,0,0.0343759368442091,0,0,0,0.00109923053862296,0,0,0,0,0,9.9930048965724e-05,0,0,0,0,0,0,0.00929349455381233,0,0,0.00399720195862896,0,0.000699510342760068,0,0,0,0,0,0,0,0,0,0.00389727190966324,0,0,0,0,0,0.0099930048965724,0,0,0,0,0,0.00129909063655441,0,0.00239832117517738,0,0,0.0153892275407215,0,0,0,0,0,0.00379734186069751,0,0,0,9.9930048965724e-05,0,0.0143899270510643,9.9930048965724e-05,0,0,0,0,0,0,0,0,0.000199860097931448,0,0,0,0,0,0.00229839112621165,0,0.00179874088138303,0,0.00279804137104027,0,0.000399720195862896,9.9930048965724e-05,0,0,0,0,0,0.000199860097931448,0,0,0,0,0,0,0,0,0,0,0,0,0.00379734186069751,0,0,0,0.00479664235035475,0.000199860097931448,0.0443689417407815,0,0,0,0.00129909063655441,0.000199860097931448,0.000699510342760068,0,0,0.000199860097931448,0,0,0,0.00599580293794344,9.9930048965724e-05,0.000199860097931448,0,0,0.00729489357449785,0.00319776156690317,0,0,0,0.00149895073448586,0,0,0,0,0.00149895073448586,0,0,0.00119916058758869,0.037273908264215,0,0,0,0.000699510342760068,0.002897971420006,0.0186869191565904,0,0,0,0,0,0,0,0,0,0,0.0120915359248526,0,0.00409713200759468,9.9930048965724e-05,0,0,0.00979314479864095,0,0,0,0,0,0,0,0,0.0343759368442091,0,0,0.00399720195862896,0,0,0,0,0,9.9930048965724e-05,0,0,0,0.026781253122814,0,0,0,0,9.9930048965724e-05,0,0,0.000299790146897172,0,0,0,0,0,0.0109923053862296,0,0,0.00969321474967523,0,0.000599580293794344,0,0,0,0,0.0233836314579794,0,0,0.0411711801738783,0,0,0,0,0,0,0,0,0,0,0,0.00159888078345158,0,0.000899370440691516,0,0,0.00639552313380634,0
0,0,0,0,0.00369889033290013,0,0.000199940017994602,0.00369889033290013,0,0,0,0,0,0,0,0,0,0,0,0,0.00339898030590823,0.00529841047685694,0,0.000199940017994602,0,0.171748475457363,9.99700089973008e-05,0,0.00389883035089473,0.00159952014395681,0,0,0,0.000399880035989203,0,0,0,0,0,0,0,0,0,0.000699790062981106,0,0,0,0,0,0,0,0,0,0,0.000899730080975707,0,0,0,0,9.99700089973008e-05,0,0.00179946016195141,0,0,0.00189943017094872,0,0.0196940917724683,0,0,0.0128961311606518,0,0,0,9.99700089973008e-05,0,0.0128961311606518,0,0,0,0.000199940017994602,0,0,0,0,0,0,0,0,0,0,0,0,0,0,0,0,0.000399880035989203,0,0,0,0,0.000299910026991902,0,0,0,0,0,0.358192542237329,0,0.000399880035989203,0,0,0,0,0,0,0,9.99700089973008e-05,0.0323902829151255,0,0.00779766070178946,0,0,0,0.00219934019794062,0,0,0,0,0,0.0147955613316005,0.000299910026991902,0,0,0,0,0,0,0,0,0,0,0.00329901029691093,9.99700089973008e-05,0,0.0399880035989203,0,0.011296611016695,0.00249925022493252,0.000699790062981106,0,0,0,0,0,0,0,0,0,0,0,0.00889733080075977,9.99700089973008e-05,0,0,0,0,0,0.00419874037788663,0.00229931020693792,0.000599820053983805,0,0.00119964010796761,0,0,0,0.00999700089973008,0,0.000299910026991902,0,0,0.00619814055783265,0,0,0.000499850044986504,0,0,0,0,0,0,0.000199940017994602,0,0.000899730080975707,0,0,0,0.00449865040487854,9.99700089973008e-05,0,0,0,0,0,9.99700089973008e-05,0,0,0,0,0,0.0148955313405978,0.00529841047685694,0,0,0,0.00499850044986504,0.00439868039588124,0,0,0,0.00999700089973008,0,0.00189943017094872,0,0,0,0,0,0,0,0,0,0,0.00939718084574628,0,0,0,0,0,0.00109967009897031,0,0,0,0,0,0.00479856043187044,0,0,0,0,0,0,0,0,0,0,0.000199940017994602,0,0.000199940017994602,0,0,0,0,0.000199940017994602,0,0,0,0,0.000499850044986504,0.0494851544536639,0,0,0,0,0,0,0,0,9.99700089973008e-05,0.11666500049985,0,0,0.000799760071978406,0,0,0,0,0,0,0.000999700089973008,0,0,0,0,0,0,0.00119964010796761,0,0,0.0125962211336599,0
0,0,0,0,0,0,0,0.00199880071956826,0.266739956026384,0,0,0,0,0,0,0,0,0,0,0,0.00419748151109334,0.00449730161902858,0,0,0,0,0,0,0,0,0.0175894463322007,0,0.000399760143913652,0.00379772136717969,0,0.0364781131321207,0,0.00129922046771937,0,0,0,0,0,0.00409754147511493,0,0,0,0,0,0,0,0,0.000399760143913652,0,0,0,0,0,9.9940035978413e-05,0,0,0,0,0,0.00369778133120128,0,0,0,0,0.00649610233859684,0.00279832100739556,0,0,0.00139916050369778,0,0,0,0,0,0.00189886068358985,0,0.00159904057565461,0.00639616230261843,9.9940035978413e-05,0,0,0.000499700179892065,0,0,0.00579652208674795,0,0,0,0,0,0,0,0,0.00109934039576254,0,0,0,0,0,0,0.000499700179892065,0,0.105936438137118,0,0,0,0,0.000399760143913652,0.00249850089946032,9.9940035978413e-05,0.000199880071956826,0,0,0.0138916650009994,0,0,0,0,0,0.0514691185288827,0.000499700179892065,0,0,0,0,0.000299820107935239,0.00129922046771937,0,0,0,0,0.0564661203278033,0,0,0,0,0,0,0,0.0205876474115531,0,0.00359784129522287,0.000299820107935239,0,0,0.00129922046771937,0,0,0,0.000199880071956826,0,0,0,0.0233859684189486,0.000499700179892065,0,0,0,0,0,0,0,0.000899460323805717,0,0,0,0,9.9940035978413e-05,0,0.00189886068358985,0,0,0,0.0140915450729562,9.9940035978413e-05,0.000299820107935239,0,0,0,9.9940035978413e-05,0,0,0,0,0,0,0.00479712172696382,0,0,0,0,0,0.000499700179892065,0,0,0.00179892064761143,0,0,0.000899460323805717,0,0.0371776933839696,0,0,0,0.00159904057565461,0,0,0.00109934039576254,0,0.00179892064761143,0.000299820107935239,0.0208874675194883,0,0,0,0,0.00509694183489906,0,0,0,0.00449730161902858,0,0,0.00669598241055367,0,0.00519688187087747,0,0,0.0107935238856686,0,0,0,0,0,0.000999400359784129,0,0,0,0.000599640215870478,0,0,0,0,0,0,0,0,0,0,0,0,0,0,0,0,9.9940035978413e-05,0,0,0.000399760143913652,0,0,0,0,0,0.108135118928643,0,0,0.0489706176294223,0,0,0,0,0,0.000999400359784129,0.0261842894263442,0,0,0.0147911253248051,0,0,0,0,0,0,0.00629622226664002,0,0,0,0,0.00339796122326604,0.00449730161902858,0,0.000599640215870478,0,0.00659604237457526,0
0,0,0,0.0002999700029997,0,0,9.99900009999e-05,0.0037996200379962,0,0,0,0,0,9.99900009999e-05,0.0032996700329967,0,0,0,0,0,0,0.0041995800419958,0,0.000999900009999,0,0,0,0,0.0111988801119888,0.0014998500149985,0.0217978202179782,0,0,0.0174982501749825,0,0,9.99900009999e-05,0,0,0,0,0,0,0,0,0.0008999100089991,0,0,9.99900009999e-05,0,0,0,0,0,0,0,0,9.99900009999e-05,0,0.0443955604439556,0,0,0,0,0,0.0005999400059994,0.0203979602039796,0,0.0010998900109989,0.0132986701329867,0,0,0.0001999800019998,0,0,0,0,0,0,0.0065993400659934,0,0,0.0358964103589641,0,0,9.99900009999e-05,0,9.99900009999e-05,0.0001999800019998,0.0063993600639936,9.99900009999e-05,0,0.0070992900709929,0,0,0,0,0,0.0098990100989901,0,0,0,0,0,0.0002999700029997,0,0,0.0315968403159684,0,0.0148985101489851,0,0,0,0,0.0010998900109989,0.0014998500149985,0,9.99900009999e-05,0.0847915208479152,0,0.0157984201579842,0,0,0.0231976802319768,0.001999800019998,0,0.0013998600139986,0,0,0,0.0331966803319668,0.0006999300069993,0,0,0,0,0.0170982901709829,0,0,0,0.0003999600039996,0,0,0,0,0,0.0087991200879912,0,0.0025997400259974,0.0038996100389961,0,0,0.0002999700029997,0.006999300069993,0,0,0,0,0,0,0.0005999400059994,0.0091990800919908,0,0.0085991400859914,0,0,0,0.0034996500349965,0,0,0.0016998300169983,0,9.99900009999e-05,0,0,0.0012998700129987,0.0155984401559844,9.99900009999e-05,0.0354964503549645,0,0,0.002999700029997,0,0,0.0006999300069993,0,0,0,0,0,0.0004999500049995,0.0048995100489951,0,0.0002999700029997,0,0,0,0.0091990800919908,0,0,0,0,0,0,0,0.0196980301969803,0,0,0.0002999700029997,0,0.0794920507949205,0,0,0,0,0.0050994900509949,0.0015998400159984,0,0.0020997900209979,0,0.0013998600139986,0.0595940405959404,0,0,0,0,0,0,0,0.0052994700529947,0,0,0,0.0035996400359964,0,0,0,0,0.0007999200079992,0.0003999600039996,0,0,0,0,0.0003999600039996,0.0141985801419858,0,0,0,0,9.99900009999e-05,0,0.0005999400059994,0,0.000999900009999,0.0005999400059994,0.0007999200079992,0,0,0,0,0,0,0.0005999400059994,0.0001999800019998,0,0,0,0.0004999500049995,0.0010998900109989,0,0,0.0173982601739826,0,0.000999900009999,0,0,0.0003999600039996,0.0004999500049995,0.144585541445855,0,0,0.050994900509949,0.0001999800019998,0,0,9.99900009999e-05,0.0002999700029997,0.0010998900109989,0,0,0,0,0,9.99900009999e-05,0,0.0044995500449955,0,0,0.0214978502149785,0
0,0,0,0,0,0,0,0,0,0,0,0,0,0,0,0,0,0,0,0,0,0.0010998900109989,0,0,0,0.0527947205279472,0,0,0.000999900009999,0.0011998800119988,0.0117988201179882,0,0,0,0,0,0,0,0,0,0,0,0,0,0,0,0,0,0.0003999600039996,0,0,0,0,0,0,0,0,0,0,0,0,0,0,0,0,0,0.0020997900209979,9.99900009999e-05,0,0,0,0,0,0,0,9.99900009999e-05,0,0,0,0,0,0,0,0,0,0,0,0,0,0.0144985501449855,0,0.0001999800019998,0,0,0,0,0,0,0,0,0,0,0,0,0,0,0,0.711228877112289,0,0,0,0,0,0.0031996800319968,0,0,0,0,0,9.99900009999e-05,0,0,0,0,0.0042995700429957,0,0,0,0,0,0,0,0,0.0005999400059994,0,0.0001999800019998,0.0005999400059994,0,0,0,0,0,0,0,0.0144985501449855,0,0,0,0,0,0,0,0,0,0,0,0,0,0,0,0,0,0,0,0,0,0,0,0,0,0,0,0,0,0,0,0,0,0,0,0,0,0,0,0,0,0,0,0,0,0,0.0001999800019998,9.99900009999e-05,0,0,0,0,0,0,0,0,0,0,0,0,0,0,0,0,0,0,0,0,0,0,0,0,0,0.0055994400559944,0,0,0,0,0,0,0,0,0,0,0,0,0,0,0,0,0,0,0,0,0,0,0,0,0,0,0.0073992600739926,9.99900009999e-05,0.0017998200179982,0,0,0,0,0,0,0,0,0,0,0,0,0,0,0,0,0,0,0,0,0.0005999400059994,0.0124987501249875,0,0,0.0172982701729827,0,0.0013998600139986,0,0,0,0,0.119288071192881,0,0,0.0090990900909909,0,0,0,0,0,0,0.0007999200079992,0,0,0,0,0.0033996600339966,0,0.0003999600039996,0,0,0,0
0.000199900049975012,0,0,0,0,0,0,0,0,0,0,0,0,0,0.142028985507246,0,0,0,0,0,0,0,0,0,0,0.121339330334833,0,0,0.095952023988006,0,0,0,0,0.00419790104947526,0,0,0.00169915042478761,0.0433783108445777,0,0,0.00179910044977511,0,0,0,0,0.00229885057471264,0,0,0,0,0,0,0,0,0,0,0.000199900049975012,0,0,0,0,0,0,0,0,0,0.00729635182408796,0,0,0,0,0,0,0,0.00469765117441279,0,0,0,0,0,0,0,0,0,0,0,0,0,0,0,0,0.0119940029985007,0.00129935032483758,0,0,0.0100949525237381,9.99500249875062e-05,0,0,0,0,0,0,0,0,0.0128935532233883,0,0.00129935032483758,0,0,0,0,9.99500249875062e-05,9.99500249875062e-05,0,0.000299850074962519,0,0,0.00229885057471264,0,0.0104947526236882,9.99500249875062e-05,0,0,0,0,0,0,0,0,0.0331834082958521,0.000299850074962519,0,0,0,0,0,0,0,0.000599700149925037,0.000399800099950025,0,0,9.99500249875062e-05,0,0,0,0,0,0,0,0,0.000299850074962519,0,0,0.00429785107446277,0,0,0,0.000599700149925037,0,0.00509745127436282,0,0,0,0,0,0.0164917541229385,0,9.99500249875062e-05,0,0,0,0,0,0,0.0121939030484758,0,0,0,0,0,0,0,0,0,0,0.0132933533233383,0,0,0.00339830084957521,0,0,0,0,0,0.0273863068465767,0.00519740129935032,0,0,0,0.0015992003998001,0,0,0,0,0,0,0,0,0.00369815092453773,0,0,0,0,0.00299850074962519,0,0,0,0,0,0,0.00079960019990005,0,0.000199900049975012,0,0,0,0,0.00189905047476262,0,0,0,0,0,0,0,0,0,0,0,0,0.000999500249875062,0,0.000199900049975012,0,0,0,0,0,0,0,0,0,0,0,0,0,0,0,0,0,0,0,0,0,0,0,0,0.0135932033983008,0,0,0.0211894052973513,0,0.00289855072463768,0,0,0,0,0.298750624687656,0,0,0.0101949025487256,0,0,0,0,0,0,0,0,0,0,0.000199900049975012,0,0,0.0327836081959021,0,0,0.00889555222388806,0
0,9.9940035978413e-05,0,0,0,0,0.000299820107935239,0.0104937037777334,0,9.9940035978413e-05,0,0,0,0.00379772136717969,0.000799520287827304,0,0,9.9940035978413e-05,9.9940035978413e-05,9.9940035978413e-05,0.00319808115130921,0.000499700179892065,0,0.00479712172696382,0.000299820107935239,0.283629822106736,0,0,0.00439736158305017,0.00919448331001399,0.0175894463322007,0,0,0.0134919048570857,0,0,0.000899460323805717,0.0102938237057765,0,0,0.000199880071956826,0,0,0,0,0.0678592844293424,0,9.9940035978413e-05,0,0,9.9940035978413e-05,0,0,0,0.00969418348990606,0,9.9940035978413e-05,9.9940035978413e-05,0,0.000699580251848891,0,0.00129922046771937,0,0,0,0,0.00829502298620828,9.9940035978413e-05,0,0,0.0022986208275035,0,0,0.000299820107935239,0,0,0,0,0,0.00369778133120128,0.000799520287827304,0,0,0,0.00199880071956826,9.9940035978413e-05,0.0118928642814311,0,0,0.00129922046771937,0,0.000699580251848891,0.0173895662602439,0,0,0.0133919648211073,0,0,0,0,0,9.9940035978413e-05,0,0,9.9940035978413e-05,0,0,0.0155906456126324,0,0,0,0,0,0,0,0.000299820107935239,0,9.9940035978413e-05,0.0145912452528483,0,0.0115930441734959,0,0,0,0.0053967619428343,0.00159904057565461,0,0,0,0,0.06486108334999,0.00139916050369778,0,0,0,0,0.000999400359784129,0.000799520287827304,0,0,0.000299820107935239,9.9940035978413e-05,0,9.9940035978413e-05,0,0,0,0,0,0,0,0.0354787127723366,0,0,0,0.00219868079152508,0,0,0,0.00139916050369778,0,0.00809514291425145,0.000599640215870478,0.0289826104337398,0,0,0.000299820107935239,0.000399760143913652,0,0,0.000499700179892065,0,0.000199880071956826,0,0,0,0.00609634219468319,0.000699580251848891,0.00469718169098541,0,0,0,0,0,0,0,0,0,0.0269838097141715,0,0,0.0290825504697182,0.000499700179892065,9.9940035978413e-05,0,0,0.000599640215870478,0.0107935238856686,0,0,0,0.000399760143913652,0,0,0,0.00199880071956826,0,0,9.9940035978413e-05,0,0.0136917849290426,0,0,0,0,0.00409754147511493,0.00839496302218669,0,0,0.000299820107935239,0.000699580251848891,0.00359784129522287,9.9940035978413e-05,0,0,0,0,0,0.0117929242454527,0.00409754147511493,0.00429742154707176,0,0.00109934039576254,0.00199880071956826,0,0,0,0.000199880071956826,0.000699580251848891,9.9940035978413e-05,0,0,0.0419748151109334,0,0,0,0,9.9940035978413e-05,0.00189886068358985,0,0.0335798520887468,0,0,9.9940035978413e-05,0,0.000399760143913652,9.9940035978413e-05,0,0.000299820107935239,0.00649610233859684,9.9940035978413e-05,0,0,9.9940035978413e-05,0,0,0,0,0,0.00219868079152508,0.000599640215870478,0.00589646212272636,0.0138916650009994,0,0.000199880071956826,9.9940035978413e-05,0.00389766140315811,0,0,0.0306815910453728,0,0,0.0105936438137118,0.000199880071956826,0,0.00199880071956826,0,9.9940035978413e-05,0.00109934039576254,0,0,0,0,0,0,0,0.00139916050369778,0,0,0.00209874075554667,0
0,0,0,0,0.0004995004995005,0,0.0022977022977023,0,0,0,0.0002997002997003,0,0,0,0.000699300699300699,0,0.0012987012987013,0,0,0.0010989010989011,0,0.0022977022977023,0,9.99000999000999e-05,0,0.157742257742258,0,0,9.99000999000999e-05,0.0014985014985015,0,0,0,0,0,0,0.0047952047952048,0.0172827172827173,0.000899100899100899,9.99000999000999e-05,0,0,0,0,0,0,0,0,0,0,0,0,0,9.99000999000999e-05,0.000999000999000999,0.0001998001998002,0,9.99000999000999e-05,0,0.00789210789210789,0,0,9.99000999000999e-05,0.0002997002997003,0,0,0.00909090909090909,0,0.0003996003996004,0.0036963036963037,0.0037962037962038,0,0,0,0,0.0657342657342657,9.99000999000999e-05,0.0004995004995005,0,0.0118881118881119,0,0.000999000999000999,0.0265734265734266,0,0,0.0001998001998002,0.0275724275724276,0,0,0.0040959040959041,0,9.99000999000999e-05,0,0,0,0,0.0002997002997003,0,0.00639360639360639,0,0,0,0.0014985014985015,0,0,0,0,0.0142857142857143,0,0.00539460539460539,0,0,0,0,0,0.0034965034965035,0.0020979020979021,0.0001998001998002,0.0126873126873127,0,0.0025974025974026,0,0,0,0.0031968031968032,0,0,0.010989010989011,9.99000999000999e-05,0,0.137462537462537,0,0.0196803196803197,0.0031968031968032,0.0004995004995005,0,9.99000999000999e-05,0,0,0,0.0003996003996004,0,0,0,0,0,0.0011988011988012,0,0.0018981018981019,0.0001998001998002,0,0,0,0,9.99000999000999e-05,0,0.0025974025974026,0,0,0,0,0,0,0.0265734265734266,0,0,0,0,0,0.00869130869130869,0.0041958041958042,0.0004995004995005,0,0,0,0,0.0036963036963037,0.00729270729270729,0,0,0,0.0021978021978022,0,0,0.0030969030969031,0,0,0.0001998001998002,0,0,0.0003996003996004,0.00909090909090909,9.99000999000999e-05,0,0,0.0010989010989011,0.00709290709290709,0.0115884115884116,0,0,0,0,0,0.0050949050949051,0,0.000799200799200799,0,0,0,0.0015984015984016,0,0,0,0.0027972027972028,0,0.00609390609390609,0.000799200799200799,0.0004995004995005,0.0002997002997003,0,0.000999000999000999,0,0,0,9.99000999000999e-05,0,0.0045954045954046,0,0.00599400599400599,0.00949050949050949,0,9.99000999000999e-05,0,0.000899100899100899,0,0,0,0,0,9.99000999000999e-05,0,0,0,0.00939060939060939,0.0002997002997003,0.0368631368631369,0,0,0,0,0,0,0.0030969030969031,0,0.0010989010989011,0.0021978021978022,9.99000999000999e-05,0,0.0018981018981019,0,0.0002997002997003,0,0,0.0001998001998002,0,0,0,0,0.00679320679320679,0,0.0012987012987013,0,0.0033966033966034,0,0.000599400599400599,0,0,0,0.0002997002997003,0.181518481518482,0,9.99000999000999e-05,0.0317682317682318,0,0,0,0,0,0,0,0,0,0,0,0,0,0.0002997002997003,0,0,0.00639360639360639,0
0,0,0,0,0,0.0002999400119976,0,0,0,0,0,0,0,0,0.0012997400519896,0,0,0,0,0,0,0,0,9.99800039992002e-05,0,0.0957808438312338,0,0,0.000599880023995201,0,0,0,0,0.0002999400119976,0,0,0.000599880023995201,0,0,0,0,0,0,0,0,0,0,0,0,0,0.000499900019996001,0,0,0,0,0,0,0,0,0,0,0,0,0,0,0,0.0241951609678064,0,0,0,0,0,0.000899820035992801,0,0,0,0,0,0,0,0,0,0,0,0,0.0002999400119976,0,0,0,0.00609878024395121,0,0.00469906018796241,0.0016996600679864,0,0,0,0,0,0,0,0,0,0,0,0.000499900019996001,0,0,0.643871225754849,0,0,0,0,0,0.00469906018796241,0,0,0.0001999600079984,0,0,0,0,0,0,0.0026994601079784,0,0,0,0,0,0,0,0.00829834033193361,0,0.0002999400119976,0,0.0001999600079984,0.0002999400119976,0,0,0,0.00459908018396321,0,0,0,0,0,0.000799840031993601,0,0,0,0,0,0,0.0142971405718856,0,0,0,0,0,0,0,0,0,0.0002999400119976,0,0,0,0,0,0,0,0.00539892021595681,0.0001999600079984,0,0,0,0.0011997600479904,0,0,0,0,0.0001999600079984,0,0,0,0,0,0,0,0,0,0,9.99800039992002e-05,0,0,0,0.00349930013997201,0,9.99800039992002e-05,0,0,0,0,0,0,0.00529894021195761,0,0,0.000499900019996001,0.000899820035992801,0,0,0,0,0,0,0,0,0.0208958208358328,0,0,0,0,0,0,0,0,0,0.0010997800439912,0,0,0,0,0.00849830033993201,0,0,0,0,0,0,0,0,0,0,0,0,0,0,0,0,0,0,0,0,0.0016996600679864,0,0,0,0,0,0,0,9.99800039992002e-05,0,0,0,0,0,0,0.00329934013197361,0,0,0.0672865426914617,0.000599880023995201,0.0020995800839832,0,0,0.0012997400519896,0,0.0358928214357129,0,0.000399920015996801,0.016496700659868,0,0,0,0,0.000399920015996801,0,0,0,0,0,0,9.99800039992002e-05,0,0,0,0,0.00399920015996801,0
0,0,0,0,0,0,9.99500249875062e-05,0,0,0,0,0,0,0,0.000499750124937531,0,0.00149925037481259,9.99500249875062e-05,0,0,0,0.0130934532733633,0,0,0,0.142128935532234,0,0,0.000399800099950025,0,0,0,0,0.0197901049475262,9.99500249875062e-05,0,0.0142928535732134,0.0347826086956522,0,0,9.99500249875062e-05,0,0,0,0,0.0498750624687656,0,0,0,0,0.00309845077461269,0,0,0,0,0,0,0,0,0.0183908045977011,0,0.00679660169915042,0,0,0,0,0.00949525237381309,0,0,0,0.00929535232383808,0,0,0.0226886556721639,0,0,0,0,0,0.0160919540229885,0,0,0,0,0.0417791104447776,0.00579710144927536,0.0437781109445277,0,0,0.00849575212393803,0,0.000399800099950025,9.99500249875062e-05,0,9.99500249875062e-05,0,0,0,0.00449775112443778,0,0,9.99500249875062e-05,0,0,0.00119940029985007,0,0,0.0015992003998001,0,0,0,0,9.99500249875062e-05,0.0365817091454273,0,9.99500249875062e-05,0,0,0.0166916541729135,0,0.00269865067466267,0,0,0,0.0138930534732634,0.00279860069965018,0,0,9.99500249875062e-05,0,0.0213893053473263,0.00259870064967516,9.99500249875062e-05,0,0,0,9.99500249875062e-05,0,0,0,9.99500249875062e-05,9.99500249875062e-05,0.000699650174912544,0,0,0,0.0047976011994003,0,0.00119940029985007,0,0.00779610194902549,0,0.000199900049975012,0,9.99500249875062e-05,0,0,0,0,0.0095952023988006,0,0,0,0.00489755122438781,0,0,0,0,0,0,0,0,9.99500249875062e-05,9.99500249875062e-05,0,0,0.00509745127436282,0.0302848575712144,0,0,0,0.00349825087456272,0,0,0,0,0,0,0.000399800099950025,0,0,0.0122938530734633,0,0.000299850074962519,0,0.000399800099950025,0.00119940029985007,0.00299850074962519,9.99500249875062e-05,0.000199900049975012,0,0.000699650174912544,0,0.0160919540229885,0,0.00269865067466267,0,0.000399800099950025,9.99500249875062e-05,0,0.00289855072463768,0,0,0,0.00239880059970015,0.00199900049975012,0,0,0,0,0,0,0,0,0,0.00119940029985007,0,0,0.0229885057471264,0.0079960019990005,0.00499750124937531,0,0,0.00139930034982509,0,0,0,9.99500249875062e-05,9.99500249875062e-05,0.00269865067466267,0,0,0.0318840579710145,0,9.99500249875062e-05,0,0,0,0.00079960019990005,0,0.00889555222388806,0,0,0.00129935032483758,0,0.00569715142428786,0,0,0.00379810094952524,0.00429785107446277,0.000199900049975012,0,0,0.00179910044977511,0,0,0,0,0,0.000199900049975012,0,0,0.00749625187406297,0,9.99500249875062e-05,0,0,0,0,0.117641179410295,0,0,0.0427786106946527,0,0,0.000899550224887556,0,0,0.00819590204897551,0.0063968015992004,0,0,0,0,0.000699650174912544,0,0.000699650174912544,0,0,0.0332833583208396,0
0.0079007900790079,0,0,0,0,0,0,0,0,0,0,0,0,0,0.016001600160016,0,0.0001000100010001,0,0,0,0,0,0,0,0,0,0,0,0.0004000400040004,0.0172017201720172,0.0163016301630163,0,0,0.0095009500950095,0,0,0.0076007600760076,0,0.0001000100010001,0,0,0,0,0,0,0,0,0,0,0.0001000100010001,0,0,0,0,0,0,0,0,0,0,0,0,0,0,0,0,0.0001000100010001,0,0.0026002600260026,0,0,0,0,0,0,0,0,0,0,0,0,0,0.0005000500050005,0,0,0.003000300030003,0.0001000100010001,0,0,0,0,0.0009000900090009,0.0053005300530053,0,0,0.0002000200020002,0,0,0,0,0,0.0214021402140214,0,0,0,0,0,0.104410441044104,0,0,0,0,0,0,0,0.0001000100010001,0,0.0009000900090009,0.0032003200320032,0,0,0,0,0,0,0,0,0,0,0,0,0,0,0.0005000500050005,0,0.0016001600160016,0.0002000200020002,0,0,0,0.0024002400240024,0,0,0,0,0,0,0,0,0,0,0,0,0,0,0,0,0,0,0.0066006600660066,0,0,0,0,0.0001000100010001,0,0,0,0,0,0.0001000100010001,0,0,0,0,0,0,0,0,0,0,0,0,0,0,0,0,0,0,0,0,0,0.0004000400040004,0,0,0.0002000200020002,0,0,0,0,0,0,0,0.0067006700670067,0,0,0,0.0001000100010001,0.0001000100010001,0.0001000100010001,0,0,0,0,0,0,0,0,0.0211021102110211,0,0,0,0,0,0.0015001500150015,0,0,0.0012001200120012,0.0037003700370037,0,0,0,0,0.0074007400740074,0,0,0,0,0,0.0091009100910091,0,0,0,0,0.0002000200020002,0,0,0,0,0,0,0,0,0,0,0.0012001200120012,0.0018001800180018,0,0,0.0025002500250025,0,0,0,0.0002000200020002,0,0,0,0,0,0.130513051305131,0,0,0.0832083208320832,0.0015001500150015,0,0,0,0,0,0.45004500450045,0,0,0.03000300030003,0,0,0.0001000100010001,0,0,0,0,0,0,0,0,0.0162016201620162,0,0.0015001500150015,0,0,0,0
0,0,0,0,0.000599820053983805,0,9.99700089973008e-05,0.00139958012596221,0,0,0,9.99700089973008e-05,0,0.0218934319704089,0.00209937018894332,0,0.00379886034189743,0.000299910026991902,0.000699790062981106,0,0.00139958012596221,0.000399880035989203,0,0.000299910026991902,0,0.0485854243726882,9.99700089973008e-05,0,9.99700089973008e-05,0,0.0124962511246626,0,0,0.00459862041387584,0,0,0.000799760071978406,9.99700089973008e-05,0,0,0,0,0,0,0,0.000299910026991902,0,0.000199940017994602,0,9.99700089973008e-05,0,0,0,0.000199940017994602,0.000699790062981106,9.99700089973008e-05,0,0,0.000299910026991902,0.000499850044986504,0,0,9.99700089973008e-05,0,0,0,0.00109967009897031,0,0,0,0.00139958012596221,0,0,0.000199940017994602,0,0.0412876137158852,0,0,0,0.00139958012596221,0,9.99700089973008e-05,0.011296611016695,0,0,0,9.99700089973008e-05,0,0,0.00419874037788663,0,0.00109967009897031,0.000199940017994602,0,0.00159952014395681,0,0,0,0.000999700089973008,0,0,0,0,0,0.00269919024292712,0,0,0.0150954713585924,0,0.00259922023392982,0,0,0,0.00939718084574628,0.000399880035989203,0.00239928021593522,0,9.99700089973008e-05,0.00379886034189743,0,0.0115965210436869,0.000699790062981106,0,0,0,0,0,0,0.000199940017994602,0,0.0663800859742077,0.00569829051284615,0,0,0,0,9.99700089973008e-05,0,0,0.000599820053983805,9.99700089973008e-05,0,0,9.99700089973008e-05,0,0,0.000299910026991902,0,0.00389883035089473,0,0.00149955013495951,0.00509847045886234,9.99700089973008e-05,0,0,0,0,0,0,0.00209937018894332,0,0.00829751074677597,0,9.99700089973008e-05,0,0,0,0,0,0.000199940017994602,0.000299910026991902,0,0.00379886034189743,0,0,0,0.00799760071978406,0.00439868039588124,0.000999700089973008,0,0,0,0,0.000599820053983805,0.000799760071978406,0,0,0.0178946316105168,0,0,0,0.00299910026991902,0,0,0.00139958012596221,0,0,0.00529841047685694,0,0,0,0.00139958012596221,0,0.000499850044986504,9.99700089973008e-05,0.000399880035989203,0,0,0,0,0.00309907027891633,0,0,0.000299910026991902,9.99700089973008e-05,0.00679796061181645,0.00199940017994602,0.00939718084574628,0.00319904028791363,0,9.99700089973008e-05,0.0422873138058582,0.000799760071978406,0,0.00139958012596221,0,0,0,0,0.00399880035989203,0.00909727081875437,0.000199940017994602,0,0.00529841047685694,0,0,9.99700089973008e-05,0,0,0,0,0,0,0,0,0.000199940017994602,0,0,0,0,0,0,0.000299910026991902,0,0.00149955013495951,9.99700089973008e-05,0.000199940017994602,0,0.000499850044986504,0.000199940017994602,0.000799760071978406,0,0,9.99700089973008e-05,0,0,0.000499850044986504,0,9.99700089973008e-05,0.0218934319704089,0,0,0.0752774167749675,0.000999700089973008,0,0,0,0,0.000499850044986504,0.434569629111267,0,0.00309907027891633,0.00139958012596221,0,0,0,0,0,0.00199940017994602,0.00279916025192442,0,0,0,0,0.00389883035089473,0,0,0,0,0.00109967009897031,0
0,0,0,0,0.000499600319744205,0.000199840127897682,0.00279776179056755,0.00139888089528377,0,0,0,0,9.99200639488409e-05,0.0176858513189448,0.00249800159872102,0,0,9.99200639488409e-05,0,0,0.00869304556354916,0.00209832134292566,0,0.00209832134292566,0,0.281774580335731,0,0,0.000399680255795364,0,0.0220823341326938,0,0,0.00329736211031175,0.00789368505195843,0,0.000199840127897682,0,0,0,9.99200639488409e-05,0,0,0.00869304556354916,0,0.0130895283772982,0.000199840127897682,0,0,0.000199840127897682,0.000199840127897682,0,0,9.99200639488409e-05,0,0,0,0.000499600319744205,0,0.00359712230215827,0,0,9.99200639488409e-05,0,0,0,0.00159872102318145,0.00339728217426059,0,0.00779376498800959,0.00159872102318145,0,0,0,0,0,0,0,0,0.00469624300559552,0,0,0.000499600319744205,0,0,0,0.00139888089528377,9.99200639488409e-05,0.000299760191846523,0.00279776179056755,0,9.99200639488409e-05,0.000199840127897682,0,0,0.000999200639488409,0,0,0,0.00209832134292566,0,0,0,9.99200639488409e-05,0,0,0,0.00809352517985612,0,0.0274780175859313,0.000299760191846523,0,0,0.00589528377298161,9.99200639488409e-05,9.99200639488409e-05,9.99200639488409e-05,9.99200639488409e-05,0.00689448441247002,0,0,0.000199840127897682,0,0,0.00579536370903277,0,0,0,0,0,0,0.033273381294964,0,9.99200639488409e-05,0,0,0.0318745003996803,0,0,0,9.99200639488409e-05,0,0,0,0.0230815347721823,0,9.99200639488409e-05,0,0,0.000599520383693046,0.000899280575539568,0,0,0.000399680255795364,9.99200639488409e-05,0,0,0.000299760191846523,0.000799360511590727,0.00479616306954436,0,0,0,0,0,0,0,0,0,0,0,0,0,0,0,0,0.000199840127897682,0.000399680255795364,0.0575539568345324,0,0,0,0,0,9.99200639488409e-05,0,0,0,0,0,9.99200639488409e-05,0,9.99200639488409e-05,0,0,0,0,0,0,0,0,0,0,9.99200639488409e-05,0,9.99200639488409e-05,0.000399680255795364,0,0,9.99200639488409e-05,0,0,0.00129896083133493,0,0,0,0.00749400479616307,0.00119904076738609,0,0,0.000499600319744205,0.000699440447641887,0,0,0.000199840127897682,0,0,0,0.0113908872901679,0,0.00949240607513989,0,0,0.0121902478017586,0,0,9.99200639488409e-05,0,0,0,0,0,0,0,0,0,0,0,0,0,0.0193844924060751,9.99200639488409e-05,9.99200639488409e-05,0,0.000199840127897682,9.99200639488409e-05,0.000299760191846523,0,9.99200639488409e-05,0.00489608313349321,0,0,0,0,0.00359712230215827,0.000499600319744205,0,0,0,0.00679456434852118,0,0.00619504396482814,0.0120903277378098,9.99200639488409e-05,0.000799360511590727,0,0,9.99200639488409e-05,0,0.270983213429257,0,0,0,0.0016986410871303,0,9.99200639488409e-05,0,0.000899280575539568,0.0038968824940048,0,0,0,0,0,0.000599520383693046,0,0.000699440447641887,0,0,0.00229816147082334,0
0,0,0,0,0,0,9.99500249875062e-05,0,0,0,0,0,0,0,0.000399800099950025,0,0.00189905047476262,0,0,0,0.00289855072463768,0.00169915042478761,0.000199900049975012,0,0,0.0845577211394303,0.000299850074962519,0,0.00179910044977511,0,0.0125937031484258,0,0,0,0,0,0,9.99500249875062e-05,0,0,0,0,0,0,0,0.00819590204897551,0,9.99500249875062e-05,0,0,0,0,0,0,0,0,0,0,0,0,0,0,0,0,0.0250874562718641,9.99500249875062e-05,0.000999500249875062,0,0,0.0138930534732634,0,0,0,0,0,0,0,0,0,0,0,0,0,0,0.00899550224887556,0,0,0,0,0,0.000199900049975012,0.000699650174912544,0,0,0,0,0,0,0,0,0,0,0,0,0,0,0.0100949525237381,0.0121939030484758,0,0,0,0,0,0,0,0,0,0,0.00419790104947526,0,0.00629685157421289,0,0,0,0.023288355822089,0,0,0,9.99500249875062e-05,9.99500249875062e-05,0.055672163918041,0.0269865067466267,0,0,0,0,0,0,0.00229885057471264,0,0,0.000199900049975012,0,0,0,0,0,0,0,0,0,0,0,0,0,0,0,9.99500249875062e-05,0,0,0,0,0,0.0141929035482259,0,0,0,0,0,0.000199900049975012,0,0.000199900049975012,9.99500249875062e-05,0,0,0,0,0,0,0,0,0,0,0,9.99500249875062e-05,0,0,0,0.00359820089955022,0,0,0.00669665167416292,0,0,0,0,0.0543728135932034,0.00759620189905048,0,0,0,0,0,0.000599700149925037,0.0125937031484258,0,0,0,0,0,0,0,0,0,9.99500249875062e-05,0.00439780109945028,0,9.99500249875062e-05,0,0.000199900049975012,9.99500249875062e-05,0,0,0,0,0,9.99500249875062e-05,0,0,0,0.00259870064967516,0,0,0.0434782608695652,0,0,0,0,0.00109945027486257,0.00189905047476262,0,0,0.0108945527236382,0.00289855072463768,0,0,0,0,0,0,0.0215892053973013,0,0,9.99500249875062e-05,0,0.00189905047476262,0,0,0,9.99500249875062e-05,0,0.000699650174912544,0,0,0,0,0,0.00409795102448776,0.000299850074962519,0.0329835082458771,0.000499750124937531,0,0.129335332333833,0,0,0,0,0,0,0.330534732633683,0,0,9.99500249875062e-05,0,0,0,0,0,0,0.00119940029985007,0,0,0,0,0,0,0,0.000499750124937531,9.99500249875062e-05,0.00129935032483758,0.000199900049975012
0,0,0,0,0,0,9.98701687805852e-05,0,0,0,0,0,0,0,0.000399480675122341,0,0,0,0,0,0,9.98701687805852e-05,0,0.00149805253170878,0,9.98701687805852e-05,0,0,0,0.00439428742634575,0.108758613802057,0,0,0.000499350843902926,0,0,9.98701687805852e-05,0,9.98701687805852e-05,9.98701687805852e-05,0,0,0,0,0,0,0,0,0,0,0,0,0,9.98701687805852e-05,0,0,0,0,0,0,0,0,0,0,0,0,0.0060920802956157,0,0,0,0,0,9.98701687805852e-05,0,0,0,0,0,0,0,0,0,0.0127833816039149,0,0,0,0,0,0,9.98701687805852e-05,0,0,0.209327873764107,0,0,0,0,0,9.98701687805852e-05,0,0,0,0,0,0,0,0,0.272046339758314,0,0,0,0,0,9.98701687805852e-05,0,0,0,0,0,0,0.00229701388195346,0,0,9.98701687805852e-05,9.98701687805852e-05,0,0,0,0,0,0.0147807849795266,0,0,0,0,0,9.98701687805852e-05,0,0,0,0.00019974033756117,0,0,0,0,0.0142814341356237,0,0,0.00299610506341756,0,0,0,0,0,0,0,0,0,0,0,0,0.00189753320683112,9.98701687805852e-05,9.98701687805852e-05,0,0.0111854589034255,0,0,0,0,0,0,9.98701687805852e-05,0,0,0,0.00169779286926995,9.98701687805852e-05,0,0,0,0,0,0,0,0,0,0,0,0,0,0.000599221012683511,0,0,0,0,0.00439428742634575,0.00429441725756517,0,0,0,0.000699091181464097,0,0,0,0,0,0,0,0,0,0,0,0,0,0.00279636472585639,0,0,0.000898831519025267,0,0.00329571556975931,0.00279636472585639,0,0,0,0,0,0,0,0.000399480675122341,0,0,0,0,0,0,0,0,0,0,0,0,0,0,0,0,0,0,0,0,0,0,9.98701687805852e-05,9.98701687805852e-05,0.00019974033756117,9.98701687805852e-05,0,0,0,0,0,0,0,9.98701687805852e-05,0,0,0,0,0.000699091181464097,0.247877758913413,0,0,0.00259662438829522,0,0,0,0,0,9.98701687805852e-05,0.0543293718166384,0,0.00179766303805053,0.00429441725756517,0,0,0,0,0,0,0,0,0,0,0,0.000299610506341756,0,9.98701687805852e-05,0,0,0.00019974033756117,0
0,0,0,0,0,0,0.000499900019996001,9.99800039992002e-05,0,0,0,0,0,0.00409918016396721,0.0001999600079984,0,0,0,0,0,0.000799840031993601,0,0,0.000799840031993601,0,0.109878024395121,0,0,0.000799840031993601,0,0,0,0,0,0,0,0.0002999400119976,0.0002999400119976,0,0,0,0,0.020495900819836,0.00839832033593281,9.99800039992002e-05,0.0253949210157968,0,0,0,0,0,0,0,0,0,0,0,9.99800039992002e-05,0,0,0,0,9.99800039992002e-05,0,0,0,0.000599880023995201,0,0,0.00939812037592481,0.0011997600479904,0,0,0.0011997600479904,0,0,0,0,0,0,0,0,0,0,0,0,0.000499900019996001,0,0,0.00349930013997201,0,0.000499900019996001,0.000499900019996001,0,0,0.0002999400119976,0,0,0.00379924015196961,0,0,0.00419916016796641,0,0,0.00349930013997201,0,0.0354929014197161,0.00379924015196961,0,0,0,0,0,0.0018996200759848,0,0,0,9.99800039992002e-05,0.00409918016396721,0,0,0,0,0.000399920015996801,0.0012997400519896,0.000599880023995201,0,0,0,0,0.0012997400519896,0.00879824035192961,0,0,0,0,0.000899820035992801,0,0,0,0.0013997200559888,0,0,0,0.0141971605678864,0,0,0,0,0,0.000499900019996001,9.99800039992002e-05,0,0,0.0001999600079984,0,0,0,0,0.0223955208958208,0,0,0,0,0,0,0,0,0,0,0,0,0,0,0,0,0,9.99800039992002e-05,0.00489902019596081,0,0,0,0,0,0,0,0.000399920015996801,0.0251949610077984,0,0,0,0.0022995400919816,0,0,0,9.99800039992002e-05,0,0,0,0,0,0,0,0,0,0.000599880023995201,0.00499900019996001,0,0,0.0002999400119976,0,0,0,0,0,0,0,0.000699860027994401,0,0,9.99800039992002e-05,0.000399920015996801,0,0,0,0.00329934013197361,0.013997200559888,0,0.00869826034793041,0,0.00449910017996401,0,0,0.0629874025194961,0,0,0,0,0,0,0,0,0,0.0002999400119976,0,0,0,0,0,0,0,0,0,0,0,0,9.99800039992002e-05,0,0,0.0013997200559888,0,0,0,0,0,0.0001999600079984,0,0,0.000699860027994401,0.00419916016796641,0,0,0.0816836632673465,0,0,0,0,0,0,0.434013197360528,0,0,0.0025994801039792,0,0,0,0,0.0001999600079984,0,0.000599880023995201,0,0.0031993601279744,0,0,0.0363927214557089,0,0.0001999600079984,0,0,0.0015996800639872,0
0,0,0,0,0,0,9.99800039992002e-05,0,0,0,0,0,0.0010997800439912,0,0.0012997400519896,0,0,0.000399920015996801,0,0,0.0021995600879824,0.000699860027994401,0,0,0,0.0341931613677265,0,0,0.0011997600479904,0.0267946410717856,0,0,0,0.00559888022395521,0,0,0.000499900019996001,0.0110977804439112,0.0001999600079984,0,0,0,0,0,0,0.0889822035592881,0,0,0,0,0,0.00919816036792642,0,0,0,0,0,0,0,0.001999600079984,0,0.0013997200559888,0,0.000499900019996001,0,0.000599880023995201,0.0365926814637073,0,0.000799840031993601,0,0.0023995200959808,0,0,0.000699860027994401,0.141671665666867,0,0,0,0,0.00379924015196961,0,0,0.0777844431113777,0,0.00369926014797041,0.0026994601079784,0,0,0,0.00339932013597281,0.0550889822035593,0.0020995800839832,9.99800039992002e-05,0,0,0,0,0,0.0011997600479904,0.0001999600079984,0,0,0,0,0.0001999600079984,0,0.002999400119976,0.0442911417716457,0,0,0,0,0,0.002999400119976,0,0,0,0,0.0151969606078784,0,0,0,0,0.0001999600079984,0.000999800039992002,0,0,0,0,0.00369926014797041,0.0028994201159768,0.00649870025994801,0,0,0,0,9.99800039992002e-05,0,0,0,0.0016996600679864,0,0,0,0,0,0,0,0,0,0.0001999600079984,0,0.0030993801239752,0,0,0,0,0,0,0.0021995600879824,0,0.0012997400519896,0,0.0693861227754449,0,0,0,0,0,0.0186962607478504,0.0002999400119976,0,9.99800039992002e-05,0,0,0,0,0.0156968606278744,0,0,0,0,0,0,0.00479904019196161,0,0,0,0,0.002999400119976,0,0.0278944211157768,9.99800039992002e-05,0,9.99800039992002e-05,0,0,0,9.99800039992002e-05,0,0,0,0,0,0,0.0253949210157968,0,0,9.99800039992002e-05,0,0,0,0,0,0.0025994801039792,0,0,0.0218956208758248,0.0013997200559888,0,0,0,9.99800039992002e-05,0,0,0,0,0,0.0017996400719856,0.000999800039992002,0,9.99800039992002e-05,0,0,0,0,0,0,9.99800039992002e-05,0,0,0,0,0,0,0,0,0,0.000499900019996001,0,0,9.99800039992002e-05,0.00349930013997201,0,0.00529894021195761,0.0349930013997201,0,0,0.00379924015196961,0.0462907418516297,9.99800039992002e-05,0,0,0,0.0267946410717856,0,0,0,0.0318936212757448,0,0,0,0.00359928014397121,0,0,0,0,0,0.0001999600079984,0.000599880023995201,0,0,0.0351929614077185,0,0,0,0,0,0.0018996200759848,0,0,0,0,0,9.99800039992002e-05,0,0.000399920015996801,0,0,0.0011997600479904,0
0.00319872051179528,0,0,9.99600159936026e-05,0,0,9.99600159936026e-05,0,0,0,0,0,9.99600159936026e-05,0,0.000699720111955218,0,0,9.99600159936026e-05,0,0,0,0.0039984006397441,0,0,0,0.17203118752499,0,0,0.00039984006397441,0.000199920031987205,0,0,0,0.00609756097560976,0,0,0,0,0,0,0.00159936025589764,0,0,0,0,0,0,0,0,9.99600159936026e-05,9.99600159936026e-05,0,0,0,0.0370851659336265,0,0,0,0,0.0132946821271491,0,0,0,0,0,0,0.00249900039984006,0.00219912035185926,0,0,0,0,0,0,0,0,0,0,0,0.00509796081567373,0,0,0,0,0,0.0079968012794882,0,0,0,0.00349860055977609,0.00039984006397441,0,0.000199920031987205,0,0,0.000299880047980808,0,9.99600159936026e-05,0.00459816073570572,0,0,9.99600159936026e-05,0,0,0.000699720111955218,0,0,0.0132946821271491,0,0.00329868052778888,0,0,0,0.0128948420631747,0,0.000299880047980808,0.00309876049580168,9.99600159936026e-05,0,0,0.00589764094362255,0,0,9.99600159936026e-05,0,0.00999600159936026,0,0,0,0,0.0887644942023191,0,0,0,0,0.000699720111955218,9.99600159936026e-05,0,0,0,0,0,0,0,0,0,0,0,0,0,0,0,9.99600159936026e-05,0,0,0,0,0,0,0,0,0,0,0,9.99600159936026e-05,0.030187924830068,0,0.00309876049580168,0,0,0,0,9.99600159936026e-05,0.000499800079968013,0,0,0.0037984806077569,0,0,0,0,0.00259896041583367,0,0.000699720111955218,0,0,0,0,0,0,0,0,9.99600159936026e-05,0.000499800079968013,0,0,0,0.0168932427029188,0,0,0,0,0,0,0,0,0,9.99600159936026e-05,0,0,0,0,0,0,0,0.0177928828468613,0,0,0,0,0,0,0,0,0.00229908036785286,0,0,0.000199920031987205,0,0.00249900039984006,0,0,0,0,0,0,0,0,0,9.99600159936026e-05,0,0,0.0385845661735306,0,0,0,0,0,0,0,0,0,0,0,0,0,0.000199920031987205,0,0,0.00569772091163535,0.000699720111955218,0,0,0,9.99600159936026e-05,0,9.99600159936026e-05,0,0,0.0913634546181527,0,0,0.0840663734506197,0,0.000199920031987205,0,0,0,0,0.270091963214714,0,9.99600159936026e-05,0.0179928028788485,0,0,0,0,0,0,0,0,0,0,0,0.00359856057576969,0,9.99600159936026e-05,0,0,0,0
0,0,0,0,0.00229678450169762,0,0,9.98601957259836e-05,0,0,9.98601957259836e-05,0.000499300978629918,0,0,0.0011983223487118,0,0,9.98601957259836e-05,0,9.98601957259836e-05,9.98601957259836e-05,0.00399440782903935,0,0.0213700818853605,0,0.454663471140403,0,0,0.0113840623127621,0.00968643898542041,0.0253644897143998,0.0262632314759337,0,0.00279608548032754,9.98601957259836e-05,0.0158777711204314,0.000998601957259836,0.00479328939484721,9.98601957259836e-05,0,0,9.98601957259836e-05,0,0.00219692430597164,0,0.0635110844817256,0,9.98601957259836e-05,0.000599161174355902,0,9.98601957259836e-05,0,9.98601957259836e-05,0,0,9.98601957259836e-05,0,0,0,0.0170760934691432,0,9.98601957259836e-05,0,0,0,0,0.0105851807469543,0,0,0,0.000499300978629918,0,0,9.98601957259836e-05,0,0,0,0,0,0.00259636508887557,0,0.000199720391451967,0,9.98601957259836e-05,0.000798881565807869,0,0.0698022768124626,9.98601957259836e-05,0,0.00239664469742361,0,0.00239664469742361,0,0,0.000199720391451967,0.000399440782903934,0,0,0.000399440782903934,0,0,0,0,0.000199720391451967,0,0.000399440782903934,0,0.00499300978629918,0,0.00209706411024566,0,0,0,0.00159776313161574,0,0.000798881565807869,0,0,0.00908727781106451,9.98601957259836e-05,0,0.000898741761533853,0,0,0.0205712003195526,0.00279608548032754,0,9.98601957259836e-05,9.98601957259836e-05,0.012382664270022,9.98601957259836e-05,0.000399440782903934,0.00169762332734172,9.98601957259836e-05,0,0,0.00139804274016377,0,0,9.98601957259836e-05,0.00269622528460156,0,0,0,0.0168763730776912,0,0.000599161174355902,9.98601957259836e-05,0,0,0.00129818254443779,0.000199720391451967,0,0.000299580587177951,9.98601957259836e-05,0,0,0,9.98601957259836e-05,0.00109846215298582,0,0,0,0,0,0,0,0.000299580587177951,0,0,0.000599161174355902,0,0,0,0,0,0.000199720391451967,0.0042939884162173,0.00968643898542041,9.98601957259836e-05,9.98601957259836e-05,0,0,0.000199720391451967,0.000199720391451967,0,0.00249650489314959,9.98601957259836e-05,0,0,0,0.00679049330936689,0.000199720391451967,0,0.000898741761533853,0,0,0,0,0,0,0,0,9.98601957259836e-05,0,0.0189734371879369,0.000499300978629918,0,0,0.0110844817255842,0,0.00239664469742361,9.98601957259836e-05,0.000399440782903934,0.00169762332734172,0,0.00309566606750549,9.98601957259836e-05,0.0129818254443779,0,0,9.98601957259836e-05,0,0,0,0.0011983223487118,0,0,0.00389454763331336,9.98601957259836e-05,0.0100858797683243,0,0,0.024565608148592,0,0,0.000199720391451967,0,0,0,0,0,0,9.98601957259836e-05,0,0,0,0,0,0,0.000199720391451967,9.98601957259836e-05,0.0011983223487118,0,9.98601957259836e-05,0,0.000399440782903934,0,0,0.00529259037347713,9.98601957259836e-05,0,0,0.000299580587177951,0,0,0,0,0,0,0,0.00399440782903935,0.0048931495905732,0,0.000199720391451967,0,0,0,0.000199720391451967,0.000599161174355902,9.98601957259836e-05,0,0.0132814060315558,0,0,0,0,0.000199720391451967,0.00139804274016377,0.000599161174355902,0,0,0,0,0,0.000299580587177951,0,9.98601957259836e-05,0,0.00888755741961254,0
0,0,0,0,0,0,0.00269919024292712,0.000299910026991902,0,0,0,0,0,0,0.0203938818354494,0,0,0,0,0,0,0.00319904028791363,0,0,9.99700089973008e-05,0.484154753573928,0,0,0,0.000299910026991902,0,0,0,0,0,0,0,0,0,0,0,0,0,0.00269919024292712,0,0.00949715085474358,0,0,0,0,0,0,0,0,9.99700089973008e-05,9.99700089973008e-05,0,0,0,0.000699790062981106,0,0.000699790062981106,0,0,0,0,0.0536838948315505,0,0,0,0.00189943017094872,0,0,0.000599820053983805,0,0,0,0,0,0,0,0,0,0,9.99700089973008e-05,0,0,0,0,0,0,9.99700089973008e-05,0,0,0,0,0.00629811056682995,0,0.00119964010796761,0,0,0,0,0.00259922023392982,0,0.000599820053983805,0,0.0692792162351295,9.99700089973008e-05,0,0,0,0,0,0,0,0.00249925022493252,0,0.0107967609717085,0.000199940017994602,0.0118964310706788,0,0,0,0.000699790062981106,0,0,0,0,0,0.0194941517544737,0.0115965210436869,0,0,9.99700089973008e-05,0,0,0,0,0,0.00119964010796761,0,0,0,0,0,0,0.00299910026991902,0.00209937018894332,0,0,0,0,0,0,0,0,0,0,9.99700089973008e-05,0,0.00809757072878137,0.000399880035989203,0,0,0.0284914525642307,0,0,0,0.00139958012596221,0.000699790062981106,0,0,0,0,0,0.00219934019794062,0.000499850044986504,0,0,0,0,0,0,0,0,0,0.0149955013495951,0.00119964010796761,0,0,0.00349895031490553,0,0,0,0,0,0,0,0,0,0,0,0.0120963710886734,0,0,0,0,0,0,0.0698790362891133,0,0,0,0.000399880035989203,0,0.00459862041387584,0.000699790062981106,0,0,0,0,0.000199940017994602,0,0,0,0,0,0.00449865040487854,0.0111966410076977,9.99700089973008e-05,0.000899730080975707,0,0.00299910026991902,0.00119964010796761,0,0,0,0.00299910026991902,9.99700089973008e-05,0,0,0.00999700089973008,0,0,0,0,0,0,0,0,0,0,0,0,0,0,0,0.000199940017994602,0.000399880035989203,0,0,0,0.000299910026991902,0,0,0,0,0,0.0190942717184845,0,0,0.0359892032390283,0,0,0,0,0,0,0.0333899830050985,0,0,0,0,0,0,0,0,0,0.000999700089973008,0,0.000399880035989203,0,0,0.000699790062981106,0,9.99700089973008e-05,0,0,0,0
0,0,0,0,0,0,9.99700089973008e-05,0,0.0148955313405978,0,0,0,9.99700089973008e-05,0,0.00189943017094872,0.000499850044986504,0,0,0,0,0.00109967009897031,0.00349895031490553,0,9.99700089973008e-05,0,0.0884734579626112,0,0,0.000399880035989203,0,0.000599820053983805,0,0,0.00879736079176247,0,0,0.000399880035989203,0.00289913026092172,0.000499850044986504,0,0,0,0,0.00609817054883535,0,0.0280915725282415,0,0,0,0,0,0.000399880035989203,0,0,0,0,0,0,0,0,0,0.00439868039588124,9.99700089973008e-05,0,0,0,0.00319904028791363,0,0,0.00399880035989203,0.00259922023392982,0,0,0,0,0,0,0,0,0.00719784064780566,0.00109967009897031,0,0,0,0.000299910026991902,0,0.00599820053983805,0,0,0.00309907027891633,0.10186943916825,0.000399880035989203,0,0,0,0,0,0,0.00709787063880836,0.000299910026991902,0,0,0,0,0.000299910026991902,0,0.00829751074677597,0.00639808057582725,0,0,0,0,0.000299910026991902,0.0788763370988703,0,9.99700089973008e-05,0,9.99700089973008e-05,0.00699790062981106,0,0.00249925022493252,0,0,9.99700089973008e-05,0.0169949015295411,0,0,0,0,0,0.0332900129961012,0.00259922023392982,0,0.0107967609717085,0,0,0.00449865040487854,0.000599820053983805,0,0,0.00139958012596221,0,0,0,0,0,0.000699790062981106,0,0.00619814055783265,0,0.00249925022493252,0.00469859042287314,0,0.000999700089973008,0,0,0,0,0.0207937618714386,0.00349895031490553,0,0,0,0.129661101669499,0,0,0,0,0,0,0,0,0,0,0,0,0.00559832050384884,0.00669799060281915,0.00259922023392982,0,0,0.00459862041387584,0,0,9.99700089973008e-05,0,0,0,0,0,0,0.00649805058482455,0.000199940017994602,9.99700089973008e-05,0,0,0.00419874037788663,0.0433869839048285,0,0,0,0,0,0,9.99700089973008e-05,0.000199940017994602,0,0,0.000399880035989203,0.000199940017994602,0,0,0,0,0.000899730080975707,0,0.00289913026092172,0.000899730080975707,9.99700089973008e-05,0.000199940017994602,0.000599820053983805,0,0,0,0,0,0,0,0.00819754073777867,0,0.00409877036888933,0,0,0.00209937018894332,0,0,0,0,0,0,0,0,0.000499850044986504,0,0,0,0,0,0,0,0.000499850044986504,0.000399880035989203,0.00249925022493252,0,0.00489853044086774,0,0.000999700089973008,0,0.00199940017994602,0.000799760071978406,0,0,0.000599820053983805,0.00109967009897031,0.000399880035989203,0,0,0,0,0.00439868039588124,0,0,0.0291912426272118,0,0,0,0,0,0.00109967009897031,0.174947515745276,0,0,0.0188943317004899,0,0,0,0,0,0.00499850044986504,0.00739778066580026,0,0,0,0,0.00149955013495951,0,0.00279916025192442,0,0,0.00149955013495951,0
0.000199920031987205,9.99600159936026e-05,9.99600159936026e-05,0,0,9.99600159936026e-05,0.000299880047980808,0.00289884046381447,0,0,0.00169932027189124,0,9.99600159936026e-05,0.0262894842063175,0.00229908036785286,0,0.00039984006397441,0,0,0,0.000199920031987205,0.00289884046381447,0,0,0,0.158836465413834,0.00119952019192323,9.99600159936026e-05,9.99600159936026e-05,0.00129948020791683,0.0130947620951619,0,0,0.00449820071971212,0,0,0.00199920031987205,0.0115953618552579,9.99600159936026e-05,0,0,0,0,0,0,0.00039984006397441,0,0.000299880047980808,0,0,0.000499800079968013,0,0.000199920031987205,0,0.000599760095961615,0,0,0,0,0.00169932027189124,9.99600159936026e-05,0.00139944022391044,0,0.00879648140743703,0,0,0.00159936025589764,0,0,0,0.00079968012794882,9.99600159936026e-05,9.99600159936026e-05,0,0,0.023390643742503,0.000299880047980808,9.99600159936026e-05,0,0.00249900039984006,0,0.000999600159936026,9.99600159936026e-05,0,0.00289884046381447,9.99600159936026e-05,0,0,0,0.00739704118352659,0,9.99600159936026e-05,0.00079968012794882,0,0,0,0,0,0.00309876049580168,0,0,0,0,0,9.99600159936026e-05,0,0,0.039484206317473,0,0.000199920031987205,0,0,0,0.00159936025589764,0,9.99600159936026e-05,0.0109956017592963,0,0.00459816073570572,0,0.0123950419832067,0,0,0.000299880047980808,0.046781287485006,0,0,0,0,0.0136945221911235,0.121851259496202,0.0153938424630148,0,0,0,0,9.99600159936026e-05,0,0.000199920031987205,0,0.0309876049580168,0.000199920031987205,0,0,0,0,0.000499800079968013,0,0.0039984006397441,0,0.00609756097560976,0.014594162335066,0,0.00079968012794882,9.99600159936026e-05,0,0,9.99600159936026e-05,0,9.99600159936026e-05,0,0.00939624150339864,0,0,0,0.0202918832467013,0,0,0,0.000499800079968013,0.000599760095961615,0.00159936025589764,9.99600159936026e-05,0,0,0,0.00649740103958417,0.000599760095961615,9.99600159936026e-05,0,0,0,0,0.0038984406237505,0.00079968012794882,0,0,0.039484206317473,0,0.00139944022391044,0,0.0139944022391044,9.99600159936026e-05,0,0.00239904038384646,0,0.0156937225109956,0.00689724110355858,0.000199920031987205,9.99600159936026e-05,0,0,0,9.99600159936026e-05,0,0.0246901239504198,0.000699720111955218,0.000199920031987205,9.99600159936026e-05,0.000199920031987205,0,0,0,0.000499800079968013,0.000199920031987205,0.00319872051179528,9.99600159936026e-05,0.00109956017592963,0,0.00039984006397441,9.99600159936026e-05,0.0109956017592963,0.00079968012794882,0,9.99600159936026e-05,0,0.00309876049580168,0,0.00109956017592963,0.000999600159936026,0.00179928028788485,0.00129948020791683,0.000599760095961615,9.99600159936026e-05,0,0,0.000299880047980808,0,0,0.00659736105557777,0.0193922431027589,0,0.00889644142343063,0,0,0,0,0,0,0,0.000499800079968013,0,0.00039984006397441,0,0.000699720111955218,0.000299880047980808,0.0146941223510596,0,0.000599760095961615,0.00109956017592963,0,0,0.00039984006397441,0.00039984006397441,0.00179928028788485,0,0,0.0229908036785286,0.00079968012794882,0.016593362654938,0.000699720111955218,0.000499800079968013,0.0475809676129548,9.99600159936026e-05,0,0,0,0.000199920031987205,0,0.0319872051179528,0,0,0.00569772091163535,0,0,0.0038984406237505,0,0,0.00149940023990404,0.00279888044782087,0,0,0,0,9.99600159936026e-05,0,0.00189924030387845,0,0,0.0153938424630148,0
0,0,0,9.99500249875062e-05,0,0,0.0115942028985507,0,0,0,0,0,9.99500249875062e-05,0,0.00079960019990005,0,0,0,0,0.000399800099950025,0,0.00439780109945028,0,0,0,0.166416791604198,0,0,0.0143928035982009,0.00879560219890055,0.0296851574212894,0,0.000299850074962519,0.0126936531734133,0,0,0.0537731134432784,0.0327836081959021,9.99500249875062e-05,9.99500249875062e-05,0,0,0,0.00369815092453773,0,0.039880059970015,0,0,0,0,0,0,0,0,0,0,0,0,0,0.0158920539730135,0.000199900049975012,0,0,0,0,0,0.0173913043478261,0,0,0,0,0.000499750124937531,0,0.000599700149925037,0,0,0,0,0,0.00459770114942529,0,0,0,0,0.00619690154922539,0.000699650174912544,0,0,0,0.00899550224887556,0,0.000299850074962519,0.00539730134932534,0,0.000899550224887556,0,0,0,0.00599700149925037,0,0,0.00219890054972514,0,0,0,0,0.0149925037481259,0.0696651674162918,0,0,9.99500249875062e-05,0,0,0.000299850074962519,0,0,0.00169915042478761,0.000299850074962519,0.0139930034982509,0,0.0101949025487256,0,0,0.000199900049975012,0.0114942528735632,0.000499750124937531,0,0,0,0,0.056271864067966,0.0210894552723638,0.00119940029985007,0,0,0.00079960019990005,0.00769615192403798,0.000499750124937531,0,0,0.000199900049975012,0,0,0,0,0,0,0,0,0.000599700149925037,0,0,9.99500249875062e-05,0.00079960019990005,9.99500249875062e-05,0,0,0,0,0.00199900049975012,0,0.00489755122438781,0,0,0,0,9.99500249875062e-05,0.000699650174912544,0,0,0,0.00079960019990005,0,0,0.00169915042478761,0,0.00649675162418791,0.000999500249875062,0,0,0,0,0,0,0.00079960019990005,0.000499750124937531,0,0.0128935532233883,0,0,0,0.0213893053473263,9.99500249875062e-05,0,0.00229885057471264,0,0.00269865067466267,0.00369815092453773,0,0,0,0.00509745127436282,0,0,0,0.0235882058970515,0,0,9.99500249875062e-05,0,0.0416791604197901,0,0,0.000699650174912544,0.000899550224887556,0.00269865067466267,0,0,0.0126936531734133,0,0,0,0,0,0,0,0,0,0.000299850074962519,0,0,0,0.000499750124937531,0.0188905547226387,0.000999500249875062,9.99500249875062e-05,0,0.00359820089955022,0,9.99500249875062e-05,0,0,0.000899550224887556,0,0.000199900049975012,0,0,0,0,0,0,0,0,0,0.00079960019990005,0.0127936031984008,0,0,0.00109945027486257,0.00759620189905048,0,0,0,0.000699650174912544,0,0,0,0,0.000499750124937531,9.99500249875062e-05,0,0,0.0228885557221389,0,0,0,0,0,0,0.00409795102448776,0,0,0.071464267866067,0.000299850074962519,0,0,0,0,0.00119940029985007,0.00929535232383808,0,0.000399800099950025,0,0,0.00529735132433783,0,0.00249875062468766,0,0,0.0211894052973513,0
0,0,0,0,0,0,0,0,0,0,0,0,0,0,0.00149910053967619,0,0,0,0,0,0,0,0,0,0,0.000499700179892065,0,0,0.0105936438137118,0.000799520287827304,0,0,0,0,0,0,0.000299820107935239,0,0,0,0,0,0,0,0,0.0180891465120927,0,0,0,0,0.00349790125924445,0,0,0.000399760143913652,0,0,0,0,9.9940035978413e-05,0.0678592844293424,0,0,0,0,0,0,0,0,0.00569658205076954,0,0,0,0,0,0,0.000199880071956826,0,0,0,0.0449730161902858,0,0,0,0,0,9.9940035978413e-05,0,0,0,0,0,0,0.0218868678792724,0,0,0.00359784129522287,0,0,0,0,0,0.000899460323805717,0,0,0,0,0,0.0099940035978413,0,0.0198880671597042,0,0,0.000499700179892065,0,0,0.00329802118728763,0,0,0.0084949030581651,0.00349790125924445,0,0,0.00629622226664002,0.000299820107935239,0.000499700179892065,0,0,0,0,0,0.247651409154507,0,0,0,0,9.9940035978413e-05,0.000399760143913652,0,0,0,0.000399760143913652,0,0,0,0,0,0,0,0,0.000999400359784129,0,0,9.9940035978413e-05,0,0,0,0,0,0,0,0,0.013791724965021,0,0,0,0,0,0,0,0,0,0.000299820107935239,0.104337397561463,0,0,0,0.0140915450729562,0,0,0,0,0.0142914251449131,0,0.00109934039576254,0,0,0,0.0227863282030782,0,0,0,0.00959424345392764,0,0,0,0.000499700179892065,0.0127923246052369,0.0811513092144713,0,0,0,0.00269838097141715,0,0,0,0,0,0.000899460323805717,0.000399760143913652,0,0.132120727563462,0,0,0,0,0.00519688187087747,0,0,0.0022986208275035,0,0,0,0,0,0,0,0,0.000399760143913652,0.00669598241055367,0,0,0,0,0,0.000799520287827304,0,0,9.9940035978413e-05,0.00219868079152508,0,0,0,0,0,0.000299820107935239,0,0,0,0,0,0,0,0,0,0,0.000899460323805717,0.000199880071956826,0,0,0,0,0,0,0.000699580251848891,9.9940035978413e-05,0,0,0,0,0.00579652208674795,0,0,0.0132920247851289,0,0,0,0,0,0,0.0291824905056966,0,0.0230861483110134,0,0,9.9940035978413e-05,9.9940035978413e-05,0,0,0,0.0110933439936038,0,0,0,0,0,0,0.00129922046771937,0,0,0.00189886068358985,0
0.00469765117441279,0.00339830084957521,0,0,0,0,0,9.99500249875062e-05,0,0,0,0,0,0.000499750124937531,0.00179910044977511,0,0.00119940029985007,9.99500249875062e-05,0,0,0,0.000399800099950025,0,9.99500249875062e-05,0,0.0207896051974013,0,0,0.000499750124937531,0.0100949525237381,0.0333833083458271,0,0.000299850074962519,0.0132933533233383,0,0,0.00179910044977511,0,0,0,0,0,0,0,9.99500249875062e-05,0.00869565217391304,0,9.99500249875062e-05,0,0,0.00179910044977511,0,0,0.000199900049975012,0,0,0,0,0,9.99500249875062e-05,0,0,0,9.99500249875062e-05,0,0,0.00139930034982509,9.99500249875062e-05,0,0,0.00909545227386307,0,9.99500249875062e-05,0.000199900049975012,0,0,0,0,0,0.0015992003998001,0,0.00129935032483758,0.0169915042478761,0,0,0,0,0,0,0.0031984007996002,0,0.000699650174912544,0.00609695152423788,0,0,0,9.99500249875062e-05,9.99500249875062e-05,0,0,0,0.000599700149925037,0,0,0.00229885057471264,0,0,0.122938530734633,0,0.00439780109945028,9.99500249875062e-05,0,0,0.000199900049975012,0.000399800099950025,9.99500249875062e-05,0.0189905047476262,0,0,0.000299850074962519,0.00489755122438781,0,0,0,0.00569715142428786,0,0,0,0,0,0.0469765117441279,9.99500249875062e-05,0,0.00549725137431284,0,0,0.00189905047476262,0,0,0,0,0,0,0,0.00589705147426287,0,0.000899550224887556,0,0.00259870064967516,9.99500249875062e-05,0,0,0,0.000699650174912544,0,0,0,0,0,0.00119940029985007,0,0.00629685157421289,0,0.0286856571714143,0,0.0190904547726137,9.99500249875062e-05,0,0,0,0,0.000199900049975012,9.99500249875062e-05,0,0,0,0.00539730134932534,0,0.00669665167416292,0,0,0.00329835082458771,0,0,0,0,0,9.99500249875062e-05,0,9.99500249875062e-05,0,0.00139930034982509,0,0,0,0,0.00109945027486257,0.0131934032983508,9.99500249875062e-05,0,0,0.00469765117441279,0,0.0634682658670665,0,0,0,0,0.000199900049975012,0,0.00719640179910045,0,0,0,0,0.00579710144927536,0.00359820089955022,0,0.00509745127436282,0,0.015992003998001,0,0,0,0,0,0,0,0.00939530234882559,0.00129935032483758,0.00079960019990005,0,0,0.00199900049975012,0,0,0.000399800099950025,0,0,0.00259870064967516,0,0,0.102348825587206,0,0,0,0,0,0,0,0,0,0,0,0.00109945027486257,0,0,0,0,0,0,0,0,0,0,0,0.00179910044977511,0,0.0178910544727636,0.100049975012494,0,0,0.016591704147926,0,9.99500249875062e-05,0,0,0,0,0.0936531734132934,0,0.0355822088955522,0.0172913543228386,0,0,9.99500249875062e-05,0,0,0,0,0,0,0,0,0.0217891054472764,0,0.00989505247376312,0,0,0.00209895052473763,0
0,0,0,0,0,0,0.0023995200959808,0,0,0,0,0,0,0,0.000499900019996001,0,0,0,0,0,0,0.00499900019996001,0,9.99800039992002e-05,0,0.38002399520096,0,0,0.000899820035992801,0.001499700059988,0.0103979204159168,0,0,0.00809838032393521,0,0,0.000999800039992002,0,0.0001999600079984,0,0,0,0,0.00629874025194961,0,0.012997400519896,0,0,0,0,0,0,0,0,0,0,0,0,0,0,0,0,0,0,0,0,0.0218956208758248,0,0,0.0136972605478904,0,0,0,0,0,0,0,0,0,0,0,0,0,0,0,0.000499900019996001,0,0,0,0.0145970805838832,0,0,0.0013997200559888,0,0,0.0001999600079984,0,0,0.0031993601279744,0,0,0.00599880023995201,0,0,0,0,0,0.0370925814837033,0,0,0,0,0,0.0002999400119976,0,0,0.0536892621475705,0.000599880023995201,0.0162967406518696,0,0.0127974405118976,0,0.00549890021995601,0,0.00489902019596081,0,0,0,0,0,0.0550889822035593,0.01999600079984,0,0,0,0,9.99800039992002e-05,0,0,0,0.0369926014797041,0,0,0,0,0,0,0,0.0023995200959808,0,0,0,0,0,0,0,0,0,0,0,0,0,0,0,0,0.0262947410517896,0,0,0,0.000699860027994401,0,0.0025994801039792,0.0002999400119976,0,0,0,0.00979804039192162,0.00469906018796241,0.00659868026394721,0,0,0.0027994401119776,0,0,0,0,0,0.0160967806438712,0,0,0,0.0031993601279744,9.99800039992002e-05,0,0,0,0.000699860027994401,0,0,0,0,0,0,0,0.107078584283143,0,0,0,0.0002999400119976,0.000499900019996001,0,0,0,0,0,0.00789842031593681,0,0,0.000499900019996001,0,0.00889822035592881,0,0,0,0,0,0,0,0,0,0,0,0,0.00769846030793841,0,0,0,0,0,0,0,0,0.002999400119976,0,0,0,0,0,0,0,0,0,0,0,0,0,0,0,0,0,0,0,0,0,0,0,0,0,0,0.0163967206558688,0,0,0.00769846030793841,0,0,0,0,0,0,0.000599880023995201,0,0,0.0158968206358728,0,0,0,0,0,0,0,0,0,0,0,0.0015996800639872,0,0.00439912017596481,0,0,0.00699860027994401,0
0,0,0,0,0,0,0,0,0,0,0,0,0,0,0.00529788084766094,0,0,0,0,0,0,0.00159936025589764,0,0,0,0.0725709716113555,0,0,0.00039984006397441,0,9.99600159936026e-05,0,9.99600159936026e-05,0.000899640143942423,0,0,9.99600159936026e-05,0.00369852059176329,0,0,9.99600159936026e-05,0,0,0,0,0,0,0,0,0,9.99600159936026e-05,0,0.000199920031987205,0,0.00329868052778888,0,0,0,0,0.00449820071971212,0,9.99600159936026e-05,9.99600159936026e-05,0,0,0,0,0.000899640143942423,0,0,0.00039984006397441,0,0,0,0,0,0,0,0,0.00169932027189124,0,0,0,0,9.99600159936026e-05,0,0,0,0,0.000899640143942423,0,0.00359856057576969,0,0,0,0,0,0,0,0,0.00039984006397441,0,0,0,0,0,0,0.352259096361455,0,0.00649740103958417,0,0,0.000299880047980808,0,0.000599760095961615,0.00039984006397441,0,0.000299880047980808,0.0221911235505798,0,0.00269892043182727,0.00289884046381447,0,0,0,0,0,0,0,0,0.0680727708916433,0,0,0.00529788084766094,0,0,0.000199920031987205,0,0,0,0,0,0,0,0,0,0.00079968012794882,0,0.00239904038384646,0,0,0,0.00869652139144342,0,0,0,0,0,0.00079968012794882,0,0,0,0,9.99600159936026e-05,0,0,0,0,0,0,0,0.000499800079968013,0,0.000299880047980808,0,0,0.00519792083166733,0.000499800079968013,0.00129948020791683,0,0,0,0,0,0,0,0,0,0.0101959216313475,0,0,0,0,0,0.000199920031987205,0,0.00579768092762895,0.00359856057576969,0,0,0,0.00149940023990404,0,0.00529788084766094,0,0.0383846461415434,0.00179928028788485,0,0,0.000899640143942423,0,0,0,0,0,0.00469812075169932,0.00229908036785286,0.000899640143942423,0,0.00039984006397441,0.00079968012794882,0,0.00149940023990404,0.00919632147141144,0.000199920031987205,0,0,0,0.000599760095961615,0.00289884046381447,0.00079968012794882,0,0,0.00359856057576969,0,0,0,9.99600159936026e-05,0,0.00159936025589764,0,0,0.000499800079968013,0,0,0,0,0,0.00079968012794882,0,0.00589764094362255,0.00039984006397441,0,0,0.000699720111955218,0,0.00299880047980808,0,0.00129948020791683,0,9.99600159936026e-05,0,0,0.00039984006397441,0,0,9.99600159936026e-05,0,0.00169932027189124,0.278988404638145,0,0,0.00569772091163535,0,9.99600159936026e-05,0,0,0,0.000199920031987205,0.000499800079968013,0,0,0.000299880047980808,0,0,0,0,0,0.00439824070371851,0,0,0,0,0,9.99600159936026e-05,0.00619752099160336,0,0.00629748100759696,0,0.00159936025589764,0
0,0,0,0.000199900049975012,0,0,9.99500249875062e-05,0,0,0,0,0,0,0,0.000199900049975012,9.99500249875062e-05,0,0,0,0,0,0.000399800099950025,0,0,0,0.261869065467266,0,0.00249875062468766,9.99500249875062e-05,0,0,0,0,0.00289855072463768,0,0,0.0666666666666667,0.0129935032483758,0,0,0.000199900049975012,0,0,0,0,0.00219890054972514,0,0,0,0,0,0,0,0,0,0,9.99500249875062e-05,0,0,0.0185907046476762,0,0.00109945027486257,0.00449775112443778,0,0,0,0.00359820089955022,0,0,0,0.00329835082458771,0,0,0,0,0,0,0,0,0,0.000199900049975012,0,0,0,0.00469765117441279,0,0,0,0,0,0,0.00129935032483758,9.99500249875062e-05,0,9.99500249875062e-05,0,0,0,0.00439780109945028,0,0,0.0063968015992004,0,0,0,0.00119940029985007,0,0.0194902548725637,0,0,0,0,0,0.00469765117441279,0,0,0.00579710144927536,0,0,0,0.00259870064967516,0,0,0.000199900049975012,0.0271864067966017,0,0,0,0,0,0.0299850074962519,0.0517741129435282,0,0,0,0,0.000399800099950025,0,0,0,0.00169915042478761,0.000399800099950025,0,0,0,0,0,0,0,0,0,0,0.000299850074962519,0.00199900049975012,0,0.000299850074962519,0,0,0,0.00179910044977511,0.0100949525237381,0.0107946026986507,0,0,0,0,0,0,0,0,0,0.000199900049975012,9.99500249875062e-05,0,0.00129935032483758,0,0.00429785107446277,0.00079960019990005,0,0,0,0,0,0,0,0,0,0,0,0,0,0,9.99500249875062e-05,0,0,0,0.000499750124937531,0.0389805097451274,9.99500249875062e-05,0,0,0.00129935032483758,0,0,9.99500249875062e-05,0,0,0.000399800099950025,0,0,0,0,0,0,0,0.00309845077461269,0,0,0,0,0,0,0.00189905047476262,0,0,0,0,0.000199900049975012,0,0,0.0138930534732634,0,0,9.99500249875062e-05,0,0,0,9.99500249875062e-05,0,0,0,0,0.0198900549725137,0,0,0,0,0,0,0,0.000399800099950025,0.000199900049975012,0,9.99500249875062e-05,0,0,0.00379810094952524,0,0,0,0.00139930034982509,0,0.000399800099950025,0.000599700149925037,0.00149925037481259,0.000499750124937531,0,0,0,0.00119940029985007,0.000199900049975012,0,0.024087956021989,0,0,0,0,0.000299850074962519,0.000899550224887556,0.230384807596202,0,0,0.00989505247376312,0,0.0525737131434283,0,0,0.000399800099950025,0.00999500249875063,0,9.99500249875062e-05,0,0,9.99500249875062e-05,0.00289855072463768,0,0,0,0.000299850074962519,0.000899550224887556,0
0,0,0,0,0,0,9.99700089973008e-05,0,0,0,0,0,0,0.000199940017994602,0.0140957712686194,0,9.99700089973008e-05,9.99700089973008e-05,0,0,0.000799760071978406,0.000399880035989203,0,0,0,0.293511946416075,0,0,0.00559832050384884,0,0.000199940017994602,0,0,0.00959712086374088,0,0,0.0105968209537139,0.000199940017994602,9.99700089973008e-05,0,9.99700089973008e-05,0,0,0.000499850044986504,0,0.00959712086374088,0,0.000199940017994602,0,0,0,0,0,0,0,0,0,0,0,0,0.000399880035989203,0,0,0,0,0,0.00349895031490553,0,0,0,0.000199940017994602,0,0,0,0,0,0,0,0,0.000399880035989203,0,0,0.0167949615115465,0,0.000199940017994602,0.0135959212236329,0.0127961611516545,0,0,0.00389883035089473,0,0.000799760071978406,0.00109967009897031,0,0.000299910026991902,9.99700089973008e-05,0,0,0.00259922023392982,0,0,0,0,0,9.99700089973008e-05,0,0.000199940017994602,0.13186044186744,0,0,0,0,0,0.00639808057582725,0,0.000199940017994602,0,0,0.00339898030590823,0,0.010296910926722,0,0,0,0.0356892932120364,0.00359892032390283,0,0,9.99700089973008e-05,9.99700089973008e-05,0.0324902529241228,0.00579826052184345,9.99700089973008e-05,0,0,0,0.000499850044986504,0,0,0,0.00899730080975707,0.00179946016195141,0,0,0,0,0.00109967009897031,0,0,0,0.00289913026092172,0,0,0,0,0,0,0,0,9.99700089973008e-05,0,0.00829751074677597,0,9.99700089973008e-05,0,0,0,0,0,0,0.000199940017994602,0.000799760071978406,0.00219934019794062,0,0,0,0.00389883035089473,0.000699790062981106,0.000999700089973008,0,0,0,0,0,0.000499850044986504,0,0,0,0,0,0,0.00589823053084075,0.00169949015295411,0.000299910026991902,0,0,0.0246925922223333,0.00379886034189743,9.99700089973008e-05,0,0,0,0,9.99700089973008e-05,0,0.00619814055783265,0.000399880035989203,0,0.000999700089973008,0.00309907027891633,0.00349895031490553,0,0,0,9.99700089973008e-05,0,0,9.99700089973008e-05,0.02259322203339,0,0,0.0194941517544737,0,0,0,0,0,0,0.00549835049485154,0,0.00209937018894332,0,0,0.0192942117364791,0,0,9.99700089973008e-05,0,0,0.00129961011696491,0,0,0.000499850044986504,0,0,0,0,0,0,0,0.00329901029691093,9.99700089973008e-05,0,0,0,0.0180945716285114,0.00379886034189743,0,0.000399880035989203,9.99700089973008e-05,0.00169949015295411,0,0,0.000299910026991902,0,0,0,0,0,0.00709787063880836,0,0.000499850044986504,0.0772768169549135,0,0,0,0,0,9.99700089973008e-05,0.0868739378186544,0,0,0.00429871038688393,0,0,0,0,0.000299910026991902,0,0.000199940017994602,0,0,0,0,0.00299910026991902,0,0.00359892032390283,0,0,0.000799760071978406,0.000199940017994602
0,0,0,9.99200639488409e-05,0,0,9.99200639488409e-05,0,0,0,0,0,0,0,0,0,0,0,0,0,0,0,0,9.99200639488409e-05,0,0.208033573141487,0,0,0.000199840127897682,0,0.0247801758593125,0,0,0,0,0,0,0.0189848121502798,0,0,0,0,0,0,0,0.0501598721023181,0,0,0,0,0,0,0,0,0,0,0,0,0,0.0199840127897682,0,0,0,0,0.00479616306954436,0,0.000299760191846523,0,0,0.00639488409272582,0,0,0,0,0,0,0,0,0,0,0,0,0,0,0,0,9.99200639488409e-05,0,0,0.0101918465227818,0.057154276578737,9.99200639488409e-05,0,0,0,0,0,0,0.00409672262190248,0,0,0,0,0,0,0.00119904076738609,0,0.000399680255795364,0,0,0,0,0,0,0,9.99200639488409e-05,0,0,0,0,0,0,0,0,0.0161870503597122,0.00299760191846523,0,0,0,0,0.0624500399680256,0,0,0,0,9.99200639488409e-05,9.99200639488409e-05,0,0,0,9.99200639488409e-05,9.99200639488409e-05,0,0,0,0,0,0,0,0,0,0,0,0,9.99200639488409e-05,0,0,0,0,0.00199840127897682,0,0,0,0.011290967226219,0,0,0,0,0,0,0.000499600319744205,0.000199840127897682,0,0,0.00109912070343725,0,0,0,0.031374900079936,0,0,0,0,0,0.000499600319744205,0,0,0,0,0,0,0.0038968824940048,9.99200639488409e-05,0.00209832134292566,0,0,0.0164868105515588,0,0,0,0,0.000599520383693046,0,0,0.00619504396482814,0,0,0,0,0,0,0,0.00589528377298161,0,0.000599520383693046,0,0.00289768185451639,0,0,0,0,0,0,0,0,0,0,0,0,0,0,0,0,0.0793365307753797,0,0,0,0,0,0,0,0,0.0157873701039169,0,0,0.000299760191846523,0,0,0,0,0,0,0,0,0,0,0.000199840127897682,0,0.000299760191846523,0,0,0,0,0.000299760191846523,0,0,0,0,0,0.000499600319744205,0,0,0.0144884092725819,0,0,0,0,0,0.000199840127897682,0.278377298161471,0,0,0.018185451638689,0,0,0,0,0,0,0.00529576338928857,0,0,0,0.000499600319744205,0.00109912070343725,0,0,0,0,0.00999200639488409,0
0,0,0,0,0,0,9.98701687805852e-05,9.98701687805852e-05,0,0,0,0,0,0.0291620892839309,0.00189753320683112,0,0.00469389793268751,0.00019974033756117,0,0.00019974033756117,0,9.98701687805852e-05,0,0.000699091181464097,9.98701687805852e-05,0.115050434435234,0,0,0.00389493658244282,0.00119844202536702,0.00189753320683112,0,0,0.0108858483970838,0,0,0.000798961350244682,0.00019974033756117,0,9.98701687805852e-05,9.98701687805852e-05,0,0,0.00139818236292819,0,0.00649156097073804,0,0,0,0,0,0,0,0.000599221012683511,0.000399480675122341,9.98701687805852e-05,0,0.00129831219414761,0,9.98701687805852e-05,0,0.0026964945570758,0,0,0,0,0.0173774093678218,0,0.00669130130829921,0.004094676920004,0.00019974033756117,9.98701687805852e-05,0,0.00149805253170878,0,0,0,0,9.98701687805852e-05,9.98701687805852e-05,0,9.98701687805852e-05,0.0171776690302607,0,0.00429441725756517,9.98701687805852e-05,0.050334565065415,0,0,0,0,0.000299610506341756,0.374113652252072,0,0,0,0,0,0,0,0,9.98701687805852e-05,0,0,0,0,9.98701687805852e-05,0.00778987316488565,0,0.00129831219414761,9.98701687805852e-05,0,0,0,0,0.0019974033756117,0.00119844202536702,9.98701687805852e-05,0.0080894836712274,0.00019974033756117,0.0060920802956157,9.98701687805852e-05,0,0,0.000998701687805852,0.00858883451513033,0,0,0,0,0.0555278138420054,0,0,0,0.00179766303805053,0,9.98701687805852e-05,0,0,0,0.00019974033756117,0.000299610506341756,0,0,0.00689104164586038,0,0,0,0.00289623489463697,0,0,0,0,0.000798961350244682,0,0,0,0,0,0.00019974033756117,0,0.00179766303805053,0,0,0,0,9.98701687805852e-05,0,0,9.98701687805852e-05,0,0.000299610506341756,0,0,0,0,0.00319584540097873,9.98701687805852e-05,9.98701687805852e-05,0,0,0,0,0,0.00019974033756117,0,0,0.00129831219414761,0,0,0,0.00649156097073804,0.00019974033756117,0,0.000998701687805852,0.000998701687805852,0,0.0104863677219615,0,0,0,0.00139818236292819,0,0,0,0.000898831519025267,0.000499350843902926,0,0,0,0.00649156097073804,0,0,0,9.98701687805852e-05,0.00239688405073405,0.00289623489463697,0,0.00119844202536702,0.000898831519025267,0.00169779286926995,0,0.000798961350244682,0,0,0,0,0,0,0.00649156097073804,0.00349545590732048,0.000399480675122341,0.000599221012683511,0.0205732547688006,0,0,0,0,0,9.98701687805852e-05,0,0,0.00858883451513033,0,0.000299610506341756,0,0,0,0,0,0,0,9.98701687805852e-05,9.98701687805852e-05,0,0.000499350843902926,0.000699091181464097,0,0.00019974033756117,0.00019974033756117,0,0,0,9.98701687805852e-05,0,0,0,0.00019974033756117,9.98701687805852e-05,0.00709078198342155,9.98701687805852e-05,0.00389493658244282,0,9.98701687805852e-05,9.98701687805852e-05,0,9.98701687805852e-05,0,9.98701687805852e-05,0.124837710975732,0,0.000299610506341756,0.0026964945570758,0,0,0,0,0.000998701687805852,0.00119844202536702,0.000499350843902926,0,0.000299610506341756,0,0,0.00159792270048936,0,0.000299610506341756,0,0,0.000898831519025267,0
0.0002999400119976,0,0,0,0,0,0,0,0,0,0,0,0,0.0166966606678664,0.00609878024395121,0,0,0,0,0,0.00349930013997201,0.000399920015996801,0,0,0,0.237352529494101,0,9.99800039992002e-05,0,0.000799840031993601,0,0,0,0.000899820035992801,0,0,0,0.0002999400119976,0,0,0,0,0.00839832033593281,0.0027994401119776,0,0.183363327334533,0.0002999400119976,0,0,0,0,0,0,0,0,0,0,0,0,0.0011997600479904,0,0.00529894021195761,0,0,0.00249950009998,0,0,0,0.001499700059988,0,0,0,0,0,0,0.0881823635272945,0,0,0,0.00889822035592881,0,0,0,0,0.00839832033593281,0,0,0,0,0,0.0001999600079984,0,0.0001999600079984,0,0,0.000799840031993601,0.0452909418116377,0,0,0,0,0,0,0,0,0,0.0015996800639872,0.0834833033393321,0,0,0,0,0,0.000999800039992002,0,0,0,0,0.001499700059988,0,0.000699860027994401,0,0,0,0.00349930013997201,0,0,0,0,0,0.000699860027994401,0.0157968406318736,0,0,0,0,0,0,0,0,0.00869826034793041,0,0,0,0,0,0,0,0,0.0015996800639872,0,0,0,0,0,0,0,0,0.0226954609078184,0,0,0,0,0,0,0,0,0,0,0,0,0,0.128074385122975,0,0,0,0,0,0,0,0.00619876024795041,0,0,0,0,0,0,0,0,0,0,0.0022995400919816,9.99800039992002e-05,0,0,0.000499900019996001,0,0,0,0,0,0,0,0,0,0,0,0,0,0,0,0,0.00769846030793841,0,0,0,0.00429914017196561,0,0,0,0,0,0,0,0.000999800039992002,0,0,0,0.00599880023995201,0,0.015496900619876,0,0,0.00469906018796241,0,0,0,0,0,0,0,0,0,0,0,0,0,0,0,0,0.0028994201159768,0,0,0,0.000699860027994401,0,0,0,0,0,0,0,0,0,0,0,0,0,0,0.0012997400519896,0,0,0,0,0,0,0,0,0.0001999600079984,0.0258948210357928,0,0.00329934013197361,0.00409918016396721,0,0,0,0.0013997200559888,0,0.00439912017596481,0.00509898020395921,0,0,0,0,0,0,0,0.00659868026394721,0.0026994601079784,0,0
0,0,0,0,0,0,0,0,0,0,0,0,0,0,0.0034,0,0,0,0,0,0,0,0,0,0,0.4639,0,5e-04,0,0.0042,0.0127,0.001,0,0.0015,0,0,0,0,0,0,0,0,0,0,0,0,0,1e-04,0,0,0,0,0,0,0,0,0,0,0,0,0,0,0,0,0,0,0.039,0,0,0,0,0,0,0.0158,0,0,0,0,0,0,0,0,0,0,0,2e-04,0.0093,0,0,0,0,0,0,0,0,0,0,0,0,0,0,0.0047,0,0,0,0,0.0011,0.0392,0,0,0,0,0,0,0,0,0,0,0.0098,0,2e-04,0,0,0,0,0,0,0,1e-04,0,0,0.0335,1e-04,0,0,0,0,0,0,0,0,0,0,0,0,0,0,0,0,0,0.0019,0,0,0,0,0,0,0,0,0,0,0,0,0.0651,0,0,0,0,0,4e-04,0,0,1e-04,0,0,0,0,0,0,0,0,0,0,0.0017,0,0,0,0,0,0,0,0.0037,0,0,0,0,0,0,0,0,0,0,0,5e-04,0,0,0,0,1e-04,0,0.0015,0,0,0,0,0,0,0.0024,0.0146,0,0,0,0,0,0,0,0,0,6e-04,0,0,0,0,0.014,0,0,0,0,0,1e-04,0,0,1e-04,0,3e-04,0,0,0,0,0,0,0,0,0,0,5e-04,0,0,0,0.0045,0,0,0,0,0,0,0,0,1e-04,1e-04,0,0,0.023,5e-04,0,0,0,0,0,0.1591,0,0,0.0297,0,0,0,0,0,0.0234,0,0,0,0,0,0,0,0,0,0,0.0117,0
0,0,0,0,0,0,0.00279748226596064,0,0,0,0,0.000199820161854331,0,0,0.0430612448796083,0,0.000799280647417324,9.99100809271655e-05,9.99100809271655e-05,0,0.00189829153761615,0.00399640323708662,0,0.000499550404635828,0.000299730242781497,0.507343390948147,0,0,0.00279748226596064,0.00919172744529923,0,0,0,0.0103906484164252,0.000299730242781497,0,0,0.00969127784993506,0,0,0,0,0.00789289639324608,0,0,0.0407633130182835,0,0,0,0,0,0,0,0,0.00119892097112599,9.99100809271655e-05,0,9.99100809271655e-05,0,0,0,0,0,0,0,0,0.0219802178039764,0,0,0,0.000799280647417324,0,0,0,0,0,0,0,0,0,0,0,9.99100809271655e-05,0,0.000199820161854331,0.000199820161854331,0.0172844440003996,0,0,0.000199820161854331,9.99100809271655e-05,0.0025976621041063,0,0,0,0,0,9.99100809271655e-05,9.99100809271655e-05,0,0,0,0,0.000199820161854331,9.99100809271655e-05,0,0.00279748226596064,0.0321710460585473,0,0,0,0.000299730242781497,0,0.0028973923468878,0,0,9.99100809271655e-05,0,0.0176840843241083,0.000599460485562993,0,0,0,0,0.00669397542212009,0.00679388550304726,0,0,0.000199820161854331,0.0107902887401339,0.00679388550304726,0,0,0,0,0,0.0448596263362973,0,0,0,0,0,0,0,0.034369067838945,0,0,0.000199820161854331,0,0,0,0,0,0.000699370566490159,9.99100809271655e-05,0,0,0,0.0025976621041063,0.000499550404635828,0,0,0,0,0,0,0,0,0,9.99100809271655e-05,0,0,0,0.000199820161854331,0,0,0,9.99100809271655e-05,0,0,0,0,0,0,0.000599460485562993,0,0,0,0,0,0,0.014486961734439,0,0,0,0,0,0,0,0,0,0,0,0,0,0.0218803077230493,9.99100809271655e-05,0,0,9.99100809271655e-05,0,0,0.00159856129483465,0,0.00209811169947048,0,0,0.000499550404635828,0.0208812069137776,0.00229793186132481,0,0,0,0,0,0,0,0,0,0,0.000999100809271655,0,9.99100809271655e-05,0,0,9.99100809271655e-05,0.000199820161854331,0,0,9.99100809271655e-05,0,0,0,0,0,0,0,0,0.000199820161854331,0,0,9.99100809271655e-05,0,9.99100809271655e-05,0,0.00089919072834449,0.00089919072834449,0.000299730242781497,0.00149865121390748,0.00199820161854331,0,0,0,0,0,0,0,0,0,0.0146867818962933,0,0.00539514437006694,0.00419622339894095,0,0,0,0,0,0.000299730242781497,0,0,0.00279748226596064,0.0324707763013288,0,0,0,0,9.99100809271655e-05,9.99100809271655e-05,0.00719352582675592,0,0.00109901089019882,0,0,9.99100809271655e-05,0,0,0,0,0,0.000499550404635828
0,0,0,0,0,0,0,0,0,0,0,0,0,0.0333,0,0,0,0,0,0,0,0,0,0,0,0.1624,0,0,0,1e-04,0,0,0,0,0,0,0,0,0,0,0,0,2e-04,0,0,0,0,0,0,0,0,0,0,0,0,0,0,0,0,0,0,0,0,0,0.0048,0,0.0225,0,0,0.0173,0,0,0,0,0,0,0,1e-04,0,0,0,0,0,0,0.012,0,0,0,0,0,0,0,0.0072,0,0,0,0,0,0,0,0,0.0074,0,0,0,0,0,0.2474,0,0,0,0,2e-04,0.0063,0,0,0,0,0.0128,3e-04,0,0,0,0,0,0,0,0,0,0,0,0,0,0,0,0,0,0,0,0,9e-04,0,0,0,0,0,0.0013,0,0,0,0,0,1e-04,0,0.0093,0,0.0032,0,0,0,0,0,0,0,0,0,0,0,0,0,4e-04,0,0,0,0,0,0,0,0,0,0,0,0,0,0,0,0,0,0,0,0,0,0,0,0,0,0,0,0,0,0,0,0,0,0,0,0,0,1e-04,0,0,0,0,0,0,0,0,0,0.001,0,0.0033,0,0,0,0,0,0,0,0,0,0,0,0,0.0388,0,0,0,0,0,0,0,0,0,0,0,0,0,0,0,0,0,0,0,0,0,0,0.0017,0,0,0,0,0,0,0,0,0,0,0,0,0.0099,0,0,0.0127,0,0,0,0,0,0,0.3292,0,1e-04,0.0132,0,0,0,0,0,0,0,0,0,0,0,0.0058,0,0.031,0,0,0.0037,0
0,0,0,5e-04,0,0,0,0,0,0,0,0,0,0,7e-04,0,0,0,0,0,0,0,0,0,0,0.1855,0,0,0.0011,9e-04,0.0531,0,0,0,0,0,0,0,0,0,0,0,0,0,0,0,0,0,0,0,0,0,0,0,0,0,0,0,0,0,0,0,0,0,0,0,0,0,0,0,0,0,0,0,0,0,0,0,0,0,0,0,0,0,0,4e-04,0,0.0902,0,0,1e-04,0.0018,0,0,0,7e-04,0,0,0,0,0,0,0,0,0,0,0,0.0856,0,0,0,0,0,0,0,0,0,0,0,0,0,0,0,1e-04,0,0,0,0,0,0,0,0,0,0,0,0,0,0,0,0,0,0,0,0,0,0,0,0,0,0,0,0,0,0,0,0,0,0,0,0,0,0,0,0,0,0,0,0,0,0,0,0,0,0,0,0,0,0,0,0,0,0,0,0,0,0,0,0,0,0,0,0,0,0,0,0,0,0,0,0,0,0,0,0,0,0,0,0,0,0,0,0,0,0,0,0,0,0,0.0108,0,0,0,0,0,0,0,0,0,0,0,0,1e-04,0,0,0,0,0,0,0,0,0,0,0.015,0,0,0,0,0,0,0,0,0,0,0,0,0,0,0,0,0,0,0,0,0,1e-04,0,0,0,0,0.5277,0,0,1e-04,0,0,0,0,0,0,0.0227,0,0,0,0,0,0,0,0,0,0,0,0,0,0,0,0,0,0,0,0.0028,0
0,0,0,0,0,9.99000999000999e-05,9.99000999000999e-05,0.0048951048951049,0,0,9.99000999000999e-05,0,0,0.041958041958042,0,0,0,0,0,0,0,0.0016983016983017,0,0.0001998001998002,0,0.160739260739261,0.0003996003996004,0,0.0010989010989011,9.99000999000999e-05,0.0101898101898102,0,0,0.0047952047952048,0,0,0.0024975024975025,0.00699300699300699,0.000599400599400599,9.99000999000999e-05,0,0,0.0043956043956044,0.0011988011988012,0,0.0370629370629371,0,0.000699300699300699,0,0,0,0,0,0,0.0011988011988012,9.99000999000999e-05,0,0,0.0002997002997003,0.0145854145854146,9.99000999000999e-05,0.00609390609390609,9.99000999000999e-05,9.99000999000999e-05,0.0017982017982018,0,0.0037962037962038,0,0,0.0016983016983017,0.0031968031968032,0,0,0.0013986013986014,0,0.00779220779220779,0,0,0,0.0346653346653347,0,0,0,0,0.0020979020979021,9.99000999000999e-05,0.0022977022977023,0,0,0.0017982017982018,0,0.0004995004995005,0,0,0,0,0,0,0,0,0,0.0002997002997003,0,0,0,0.0002997002997003,0.00549450549450549,0.139460539460539,0,0,0,0,0,0.0024975024975025,0.000699300699300699,0.0001998001998002,0,0,0.0100899100899101,0,0.0010989010989011,0,0,9.99000999000999e-05,0.0015984015984016,0,0,0,9.99000999000999e-05,0,0.0485514485514486,0.0184815184815185,0,0,0,0,9.99000999000999e-05,0,0,0,9.99000999000999e-05,0,0,0,0.0034965034965035,0,0.000799200799200799,0,0.000999000999000999,0,0,0,0,0.0003996003996004,9.99000999000999e-05,0,0,0,0.0048951048951049,9.99000999000999e-05,0.0004995004995005,0.0038961038961039,9.99000999000999e-05,0.0332667332667333,0,0,9.99000999000999e-05,0,0,0,0.0021978021978022,0,0,0,0,0,0.0017982017982018,0.0025974025974026,0.0133866133866134,0.000799200799200799,0,0.000599400599400599,0.0001998001998002,0,0.000799200799200799,0,0,0,0.0125874125874126,0,0,0.0038961038961039,0,0,0,0,0.0047952047952048,0.00559440559440559,0,0.0027972027972028,0,0,0,0.0013986013986014,0,0.0003996003996004,0,0,0,0,0.00579420579420579,0,0,0,0.000799200799200799,0.0022977022977023,0.0038961038961039,0.0004995004995005,0.0018981018981019,0,0,0.0142857142857143,0.0123876123876124,0,0,0,0,0,0,0.0031968031968032,0.00569430569430569,0,0,0.0033966033966034,0,0,0.0001998001998002,0,0,9.99000999000999e-05,0,0,0.0042957042957043,0,9.99000999000999e-05,0,0,0,0,0,0,0.0003996003996004,0.0018981018981019,0,0.0001998001998002,0.000699300699300699,9.99000999000999e-05,0,0.000899100899100899,0.0037962037962038,9.99000999000999e-05,0,0,0.0004995004995005,0,0,0,0.0016983016983017,0.00979020979020979,9.99000999000999e-05,0.0004995004995005,0.0014985014985015,0.0004995004995005,0,0,0,0,0,0.0001998001998002,0.2002997002997,9.99000999000999e-05,0,0.0161838161838162,0,0,9.99000999000999e-05,0,0,0.000899100899100899,0.0018981018981019,0,0,9.99000999000999e-05,0,0.0003996003996004,0.0017982017982018,0.0001998001998002,0,0,0.000999000999000999,0
0,0,0,0,0,0,0,0.0036,0.0297,0,0,0,0,0,0.0035,0,0,0,0,0,0,0,0,0.0016,0,0.2818,0,0,0.0024,5e-04,1e-04,0.0011,0,3e-04,0,0,0,0.0022,0,0,0,0,0,0.0022,0,0,0,0,0,0,0,0,0,0,0,0,0,4e-04,0,0.003,0,0,0,0,0,0,0.0146,0,0,0.0029,0.0019,0,0,0,0,0,0,8e-04,0,0,0,0,0,0,0,0,0,0,0,0.0016,0.0028,0.0081,0.0037,0,0,0,0,0,0,0,0,0,0,0,0,0,3e-04,0.0177,0,0,0,0,0,0,4e-04,3e-04,0,0,0,1e-04,0,0,0,0.0054,0.0025,0,0,0,0,0,0.0692,0,0,0,0,0,6e-04,0,0,0,0.0604,7e-04,0,0,0,0,0,0,0.0033,0,0,0,0,0.0076,0,0,0,0,0,1e-04,0,0.0133,0,0,0,0,0,0.0029,0,0,0,0,0,0,0.0029,0,0.0066,0,5e-04,0,0,0,0,0,0,0,0,0,0,0,0,0,0,0.0014,1e-04,0,0.0047,0.0176,0,0,0.0087,0.0016,0.1841,0.0135,0.0046,0,0,0,0,0,0,0.0048,0,0,0,0.0043,0.0019,0,0.0351,0,0,0.0117,0,0,0,0,0,0,0,0,0,0,0,0.0031,0,0,0,0,0,0,0,0,0.001,0,0,0,0.0024,0,0,0,0,0,6e-04,0,3e-04,2e-04,0,0,0,0,2e-04,0.0021,0,0,0,0,0,0,0,0.0678,0,0,0.0061,0,0,2e-04,0.0019,0,2e-04,0.0072,0,0,0.0011,0,0,0,0,9e-04,0.0131,0,0.0111,0,0,0,0.0012,0.0056,0,9e-04,0.0084,0.0067,0
0,0,0,0,0,9.99700089973008e-05,0.00179946016195141,0.00159952014395681,0,0,0.00129961011696491,0,0,0.00599820053983805,0.00139958012596221,9.99700089973008e-05,0.00279916025192442,0,0,0,0.00519844046785964,0.00419874037788663,0,0,0,0.179446166150155,0,0,0.000599820053983805,0,0.0415875237428771,0,0,0.00699790062981106,0,0.000699790062981106,0.000499850044986504,0.0125962211336599,0,0,0,0,0,0.00119964010796761,0,0.00359892032390283,0,0.000399880035989203,0,0,0.000299910026991902,0,9.99700089973008e-05,0,0,0,0,0,0,0.00139958012596221,0.000199940017994602,0.00179946016195141,0.00419874037788663,0,0,0,0.0136958912326302,0,0,0,0.00169949015295411,0,0,0.00179946016195141,0,0,0,0,0,0.00739778066580026,0,0,0.00229931020693792,9.99700089973008e-05,0.00159952014395681,0.000299910026991902,0,9.99700089973008e-05,0,0.00589823053084075,0.0440867739678097,0.000899730080975707,0,0,0,9.99700089973008e-05,0,0,0.00299910026991902,0,0,0,0,0,0.000199940017994602,0.000299910026991902,0.00459862041387584,0.0524842547235829,0,0.00199940017994602,0,0,0,0.000899730080975707,0.000699790062981106,0.000599820053983805,0.00299910026991902,0,0.0175947215835249,0,0,0,0,0,0.000799760071978406,0,0,0,0.000399880035989203,0,0.0144956513046086,0.000499850044986504,0,0,0,0,9.99700089973008e-05,0,9.99700089973008e-05,0,9.99700089973008e-05,0,0,0,0,0,0.00129961011696491,0,0.00519844046785964,0,0.00619814055783265,0,0,0.000599820053983805,9.99700089973008e-05,9.99700089973008e-05,0.00209937018894332,0,0,0.000799760071978406,0,0.00709787063880836,0,0,0,0,0,0,0,0,0.000699790062981106,0,0.000599820053983805,0,0,0,0.00389883035089473,0.00189943017094872,0.0366889933020094,0.000199940017994602,0,0,0.000199940017994602,0,0.000599820053983805,0,0,0,0.000799760071978406,0,0,0.00379886034189743,0,0.00169949015295411,0,0,0.0336898930320904,0.00889733080075977,0,0.00789763071078676,0,0,0,0,0,0.00169949015295411,9.99700089973008e-05,0,0.000199940017994602,0.000199940017994602,0.00469859042287314,0,0,0,9.99700089973008e-05,0,0.00609817054883535,9.99700089973008e-05,0,0.000199940017994602,0,0.0258922323303009,0,0,0,0,0,0,0.000399880035989203,0,0.00199940017994602,0,0,0.00139958012596221,0,0,0.00449865040487854,0,0,9.99700089973008e-05,0,0.000199940017994602,0.0239928021593522,0,9.99700089973008e-05,0,0,0,0,0,0.00279916025192442,0.000299910026991902,0.00179946016195141,0,0.00299910026991902,0.000399880035989203,0.000399880035989203,0,0.00689793062081376,0.000499850044986504,0.000799760071978406,0,0,9.99700089973008e-05,0,0,0,0,0,9.99700089973008e-05,0.019594121763471,0.00649805058482455,0.00439868039588124,0,0.000999700089973008,0,0,0.000199940017994602,0.000299910026991902,0.256922923123063,0,0,0.00429871038688393,0,0,0,0,9.99700089973008e-05,0,0.000599820053983805,0,0,0,0,0.00169949015295411,0,0.000399880035989203,0,0,0.0278916325102469,0
0,0.000199940017994602,0,0,0,0,9.99700089973008e-05,0,0,0,0,0,0,0.0282915125462361,0.00669799060281915,0,0,0,0,0,0.00259922023392982,0,0,0.00389883035089473,0,0.261921423572928,0,0,0.0260921723482955,0,0,0,0,0.0181945416375087,0,0,0.000599820053983805,0.0779766070178946,0,0,0,0,0,0.00249925022493252,9.99700089973008e-05,0.0266919924022793,0,0,0,0,0,0,0,0,0,0,0,0,0,0.0229931020693792,0,0,0,0,0,0,0.00669799060281915,0,0,0,0,0,0.000499850044986504,0,0,0,0,0,0,0.00489853044086774,0,9.99700089973008e-05,0,0,0.0181945416375087,0,0,0,0,0,0,0.0470858742377287,0,0,0,0,0,0,0,0,0,0,0.000199940017994602,0,0.000299910026991902,0,0,0.000199940017994602,0,0.00689793062081376,0.000199940017994602,0,0,0.00939718084574628,0,0,0,0,0.01629511146656,0,0,0,0.000299910026991902,0.00119964010796761,0.00679796061181645,0,0,0,0,0,0,9.99700089973008e-05,0,0.000399880035989203,0,0,0.182045386384085,0,0,0,0.000499850044986504,0,0,0,0,0,0.00119964010796761,0,0,0,9.99700089973008e-05,0.00119964010796761,0,0.000699790062981106,0,0,0,0,0,0.000299910026991902,0,0,0,0,0,0,0,0,0,0,0,0,0,0,0,0,0,0,0.0788763370988703,9.99700089973008e-05,0,0,0,0,0,0,0,0,0,0,0,0,0,0,0.00369889033290013,0,0,0,0,0,0.00219934019794062,0,0,0,0,0.00359892032390283,0,0,0,0.00149955013495951,0,0,0,0,0,0,0.00739778066580026,0,0.000199940017994602,0.00229931020693792,0.0118964310706788,0.00419874037788663,0,0,0,0,0,0,0.00639808057582725,0.00169949015295411,0.000699790062981106,0,0,0.00159952014395681,0,0,0,0,0,0,0,0,0,0,0,0,0.00199940017994602,0,0,0,0,0,0.00109967009897031,9.99700089973008e-05,0,0,0,0,0,0,9.99700089973008e-05,0,0.000599820053983805,0.000899730080975707,0,0,0,0,0,0.00179946016195141,0,0.00289913026092172,0.00499850044986504,0,0,0,9.99700089973008e-05,9.99700089973008e-05,0,0,0,0.0148955313405978,0.0419874037788663,0,0,0,0,0,0,0,0,0,0,0,0,0.000299910026991902,0.00219934019794062,0,0,0.0148955313405978,0
0,0.00129961011696491,0,0,0,0,0,0,0,0,0,0,9.99700089973008e-05,0.0384884534639608,0.00459862041387584,0,0,0,0,0,0.0143956812956113,0.00359892032390283,0,0,0,0.00169949015295411,0,0,0.000399880035989203,0.000499850044986504,0.0202939118264521,0,0,0.00219934019794062,0,0,0.00109967009897031,0,9.99700089973008e-05,0,0,0,0,0,0,0.000199940017994602,0,0,0.000799760071978406,0,9.99700089973008e-05,0,0,0,0,0,0,9.99700089973008e-05,0,0,0,0.0188943317004899,0,0,0,0,0.00159952014395681,0,0,0,0,0,0,0,0,0,0,0,0,0.0124962511246626,0,0,0.00679796061181645,0,0,0.00159952014395681,0.00949715085474358,0,0,0.00809757072878137,0.0516844946516045,0,0,0,0,0.000999700089973008,0.000699790062981106,0,0.00639808057582725,0,0.000499850044986504,0,0,0,0,0.000599820053983805,0,0.100669799060282,0,0,0,0,0,0.0163950814755573,0,0,0,0,0.00749775067479756,0,0,0.00469859042287314,0,9.99700089973008e-05,0,0,0,0,0,0,9.99700089973008e-05,0.00419874037788663,0,0.0293911826452064,0,0,0.000999700089973008,0,0.000199940017994602,0,0.000699790062981106,0,0,0,0,0,0,0,0,0.00189943017094872,0,0.0178946316105168,9.99700089973008e-05,0,0,0,0,0,0.00169949015295411,0.00159952014395681,0,0,0,0.245026492052384,0,0,0,0,0,0,0,0,0,0,0,0,0,0.0254923522943117,0,0,0,0,0,0,0,0,0,0,0,0,0,0.00109967009897031,0.00239928021593522,0,0,0,0,0.000399880035989203,0,0,0,0,0,0,0,0.000799760071978406,0,0,0.000499850044986504,0.00139958012596221,0,0,0,0,0.00179946016195141,0,0.00219934019794062,0.0341897430770769,0.00879736079176247,0,0,0,0,0,0.000999700089973008,0,0,0,0.0124962511246626,0.000499850044986504,0.0192942117364791,0.000899730080975707,0,0.0107967609717085,0,0,0,0,0,0,0,0,0,0,0.000199940017994602,0.0114965510346896,0,0,0,0,0.0252924122763171,0,0,0,0.00549835049485154,0.00179946016195141,0.00179946016195141,0,0,0,0,0,0,0.000199940017994602,0,9.99700089973008e-05,0,0,0,0.0121963410976707,0,0,0.000999700089973008,0,0,0,0.00379886034189743,0,0.000499850044986504,0.128961311606518,0,0,0.00989703089073278,0,0,0,0,0,0.0191942417274818,0,0,0,0,0,0.00469859042287314,0,0.000899730080975707,0,0,0.00539838048585424,0
0,0,0.0001000200040008,0.0001000200040008,0,0,0.000500100020004001,0,0,0,0.0002000400080016,0,0.0001000200040008,0.00380076015203041,0.0021004200840168,0,0,0,0,0,0,0.0019003800760152,0,0,0,0.120724144828966,0,0,0.000800160032006401,0.001000200040008,0.0293058611722344,0,0,0.00460092018403681,0,0,0.0001000200040008,0.02250450090018,0.0001000200040008,0,0.0001000200040008,0,0,0,0,0,0.0498099619923985,0,0,0,0.0002000400080016,0.0002000400080016,0,0,0.0018003600720144,0,0,0,0,0.0479095819163833,0,0,0,0,0,0,0,0,0.0001000200040008,0.00340068013602721,0,0,0,0,0.123524704940988,0.00630126025205041,0.0001000200040008,0,0,0.0540108021604321,0,0,0.000400080016003201,0,0.00570114022804561,0.0003000600120024,0,0,0,0,0,0.00330066013202641,0.000500100020004001,0,0,0,0,0,0,0,0,0,0.00320064012802561,0,0,0,0,0.000600120024004801,0,0,0,0,0,0,0.0011002200440088,0.0016003200640128,0,0.0002000400080016,0.00420084016803361,0,0.00250050010002,0,0,0,0,0,0,0.00890178035607121,0,0,0.0478095619123825,0,0.00480096019203841,0,0,0.0001000200040008,0,0,0,0,0.0161032206441288,0,0,0.0001000200040008,0,0,0,0,0.0023004600920184,0.0001000200040008,0,0,0,0,0.0001000200040008,0,0,0,0,0.0016003200640128,0.00450090018003601,0.00390078015603121,0,0,0,0.0199039807961592,0,0,0,0.00710142028405681,0,0.000600120024004801,0,0,0,0,0.00470094018803761,0.0363072614522905,0.0029005801160232,0,0,0.000900180036007201,0,0,0.0016003200640128,0,0,0,0,0,0,0.00470094018803761,0,0,0,0,0.0021004200840168,0.00840168033606721,0,0,0,0,0,0,0,0,0,0,0,0,0,0,0,0,0,0.00590118023604721,0.00320064012802561,0,0.0286057211442288,0,0,0,0.0001000200040008,0,0,0,0,0,0,0.0014002800560112,0,0.0001000200040008,0.000800160032006401,0,0,0,0,0,0,0.00410082016403281,0,0,0.013502700540108,0,0,0,0,0,0,0,0,0,0.0031006201240248,0,0.0012002400480096,0.000400080016003201,0,0.000600120024004801,0.001500300060012,0,0,0,0.00360072014402881,0.0003000600120024,0.0001000200040008,0,0,0,0.0001000200040008,0.0001000200040008,0.001000200040008,0.000400080016003201,0.000900180036007201,0,0,0.0001000200040008,0,0,0.0003000600120024,0.214142828565713,0,0,0.000600120024004801,0,0,0.0001000200040008,0,0,0.0151030206041208,0,0,0,0,0,0,0,0.0001000200040008,0,0,0.02000400080016,0
0,0,0,0,0,0,0.000699790062981106,0.00239928021593522,0,0,0,0,0,0,0.0120963710886734,0,0.000199940017994602,0,0,0,0,0.00719784064780566,0,0,0,0.443866839948016,0,0,0.00429871038688393,0,0,0,0,0,0,0,0.00109967009897031,0,0,0,0,0,0,0,0,0,0,0.000599820053983805,0,0,0,0,0,0,0,0,0,0,0,0.0488853343996801,0,0,0,0.000699790062981106,0,0,0.00879736079176247,0,0,0,0.010296910926722,0,0,0,0,0,0,0,0,0,0,0,0,0,0,0,0.000199940017994602,0,0,0,0,0,0.00139958012596221,0,0,0.000199940017994602,0,0,0,0,0,0,0,0,0,0,0,0,0,0,0,0,0,9.99700089973008e-05,0,9.99700089973008e-05,0,0,0.00479856043187044,0,0,0,0,0.000199940017994602,0,0.0100969709087274,0,0,0,0,0,0.000699790062981106,0,0,0,0,0.00379886034189743,0,0,0,0.00119964010796761,0,0,0,0,0,0.00529841047685694,0,0,0.00559832050384884,0.00209937018894332,0,9.99700089973008e-05,0.00489853044086774,9.99700089973008e-05,0,0,0.0504848545436369,0,0,0,0,0,0,0,0,0,0,0,0,0.00129961011696491,0,0.069779066280116,0,0,0.000599820053983805,0,0,0.0217934619614116,0,0,0,0,0,0,0,0,0,0,0,0,0,9.99700089973008e-05,0.00489853044086774,0,0,0,0,9.99700089973008e-05,0,0,0,0,0,0,0.00329901029691093,9.99700089973008e-05,0,0,0,9.99700089973008e-05,0,0,0,0,0,0.00519844046785964,0,0,0,0,0.00539838048585424,0,0,0,0,0,0,0.00349895031490553,0,0,0,0,0.000599820053983805,0.00319904028791363,0,0.000799760071978406,0.000399880035989203,0,0.00109967009897031,0,0,0,0,0,0.000299910026991902,0,0,0,0,0,0.000499850044986504,0,0,0,0.00319904028791363,0,0,0,0,0.000499850044986504,0,0,0.000399880035989203,0,0,0,0,0,0.0226931920423873,0,0,0.00179946016195141,0,0,0,0,0,0,0.187143856842947,0,0,0,0,0,0.0217934619614116,0,9.99700089973008e-05,0,0,0,0,0,0,0,0,9.99700089973008e-05,0,0,0.00669799060281915,0
0,0,0,0,0,0,9.99900009999e-05,9.99900009999e-05,0,0,0.0001999800019998,0,0,0.0060993900609939,0.0227977202279772,0,0,0,0,9.99900009999e-05,0,0.0006999300069993,0,0,0,0.329467053294671,0,0,0,0,0.0007999200079992,0.0017998200179982,9.99900009999e-05,0.0014998500149985,0,0,0.0007999200079992,0,0,0,0,0,0.0068993100689931,0.0028997100289971,0,0.0013998600139986,0,0,0,0,0,0,0,0,0.0003999600039996,0,0,0,0,0.0010998900109989,0,0,0,0,0,0,0.0003999600039996,0,9.99900009999e-05,0,0.0002999700029997,0,0,9.99900009999e-05,0,0,0,0,0,9.99900009999e-05,0,0,0,0,0.0001999800019998,0,0,0,0,0.0060993900609939,0.0024997500249975,0.0001999800019998,0.0003999600039996,0,0.0055994400559944,0,0,0,0.0014998500149985,0,9.99900009999e-05,0.0070992900709929,0,0,9.99900009999e-05,0,0,9.99900009999e-05,0,9.99900009999e-05,0,0,0,0.0011998800119988,0,9.99900009999e-05,0,0,0.0008999100089991,0,0,0,0,9.99900009999e-05,0.0095990400959904,0.0025997400259974,0,0,0,0,0.0015998400159984,0.0093990600939906,0.0001999800019998,0,0,0,0.0458954104589541,9.99900009999e-05,0,9.99900009999e-05,0.0013998600139986,0,9.99900009999e-05,0,0.0086991300869913,0,0.000999900009999,9.99900009999e-05,0,0,0.0005999400059994,0.000999900009999,0,0,0,0,0,0,9.99900009999e-05,0.0011998800119988,0,0,0,0,0,0,0,0,0,0,0,0,0,0,0,0,0,0.000999900009999,9.99900009999e-05,0,0,0,0,0,9.99900009999e-05,0,0,0,0,0,0,0.0062993700629937,0,0,0.0097990200979902,0,0,0,0,0,0,0,0,0.0010998900109989,0.0245975402459754,0.0006999300069993,0,0,9.99900009999e-05,0,0,0,0.0082991700829917,0,9.99900009999e-05,0,0.0005999400059994,9.99900009999e-05,0.0170982901709829,0,0,0,0,0,0,0.0005999400059994,0.0071992800719928,0,9.99900009999e-05,0,0.0034996500349965,0,0,0.0623937606239376,0,0,0,0,0,0.0046995300469953,0,0,0,0,0,0.0038996100389961,9.99900009999e-05,0,0,0,0,0,0,0,9.99900009999e-05,0.0071992800719928,0,0,0,0.0001999800019998,0,0,0,0.0007999200079992,0,0,0,0,0,0,0,0,0.242875712428757,0,0.0003999600039996,0,0.003999600039996,0,9.99900009999e-05,0.0763923607639236,0,0,0.0061993800619938,0,0,0,0,0,0.0016998300169983,0.0035996400359964,0.0026997300269973,0.0010998900109989,0,9.99900009999e-05,0.001999800019998,0,0.0026997300269973,0,0,0.0070992900709929,0
0,0,0,0,0,0,9.9940035978413e-05,0.00139916050369778,0,0,0,0,0,0.00569658205076954,9.9940035978413e-05,0,0.00349790125924445,0,0,0,0.00339796122326604,0.00389766140315811,0,9.9940035978413e-05,0,0.0235858484909055,0,0,0.000699580251848891,0.00299820107935239,0,0,0,0.0140915450729562,0,0,0.00759544273435938,0.010893463921647,0,0,0,0,0,0.00189886068358985,0,0.000299820107935239,0,0,0,0,0,0,0,0,0,0,0,0,0,0.00529682190685589,0,0,0,0,0,0.000599640215870478,0.00149910053967619,9.9940035978413e-05,9.9940035978413e-05,0.00449730161902858,0.00719568259044573,0,0,0.00169898061163302,0,0,0,0.000499700179892065,0,0.00319808115130921,0,0.000199880071956826,0.0291824905056966,0,0.0061962822306616,0,0.00279832100739556,0,0,0.00609634219468319,9.9940035978413e-05,0.00329802118728763,0.000299820107935239,0,0,0,0,0,0.00239856086348191,0,0,0,0,0,0,0,0.000299820107935239,0.201279232460524,0,0.029282430541675,0,0,0,0.00169898061163302,0,0.000299820107935239,0,0.00339796122326604,0.0339796122326604,0,0.00829502298620828,0,0,0,0.0163901659004597,0,0,0,0,0,0.0796522086747951,0.00159904057565461,0,0,0,0,9.9940035978413e-05,0,0,0,9.9940035978413e-05,0,0,0,0,0,0,0,0.00469718169098541,0.000799520287827304,0,0.00409754147511493,0.00609634219468319,0,0,0,0,0,0,0.00139916050369778,0,0,0,0.000999400359784129,0,0,0,0,0,0,0,0.0107935238856686,0,0,0,0.00149910053967619,0.00339796122326604,0.00529682190685589,0.004597241655007,0,0,0,0,0,0.00169898061163302,0,0,0,0,0.000399760143913652,0,0.012092744353388,9.9940035978413e-05,0,0,0,0.00519688187087747,0,0,0,0,0,0,0,0,0.00379772136717969,0,0,9.9940035978413e-05,0,0,0,0,0,0.000999400359784129,0.00209874075554667,0.0132920247851289,0.00259844093543874,0.000299820107935239,0,0.00499700179892065,0,0,0,0,0,0,0,0.0121926843893664,0.00749550269838097,0.00289826104337398,0,0,0.000999400359784129,0,0,0,0,0,0,0,0,0.0364781131321207,0.01888866679992,0,0,0,0,0,0,0.000799520287827304,0.000699580251848891,0.0022986208275035,0,0.00989406356186288,0.000699580251848891,9.9940035978413e-05,0,0,0,0.000199880071956826,0.004597241655007,0,0.000299820107935239,0,0,0,0,0,0.00139916050369778,0,0,0.024685188886668,0,9.9940035978413e-05,0,0,0,0.000999400359784129,0.205576654007595,0,0,0.0299820107935239,0,0,0,0,9.9940035978413e-05,0.000899460323805717,0,0,0,0,0,0.00429742154707176,0,9.9940035978413e-05,0.00269838097141715,0,0.0030981411153308,0.00429742154707176
0,0,0,0,0,0,9.99100809271655e-05,0.00189829153761615,0,0,0,0,0.000799280647417324,0.00629433509841143,0.125586971725447,0,0,0,0,0,0.00429613347986812,0.000999100809271655,0,0,0,0.0208812069137776,0,0,0.013288040763313,0,0,0,0,0.00109901089019882,0,0,0.000599460485562993,0.0139874113298032,0,9.99100809271655e-05,0,0,0,0,0,0.0198821061045059,0,0,0,0,0,0,0,0,0,0,0,0.000299730242781497,0,0.000599460485562993,0,0.00419622339894095,0,9.99100809271655e-05,0,0.000399640323708662,0.0158857028674193,0,0.000999100809271655,0.00919172744529923,0.0025976621041063,0.000199820161854331,0,0.000699370566490159,0,0,9.99100809271655e-05,0,0,0.00159856129483465,0,0,0.00349685283245079,0,0.0876211409731242,0,0,0,0,0.0110900189829154,0.00359676291337796,0.00339694275152363,0.0104905584973524,0,0,0,0,0,0.000599460485562993,0,0,0.000399640323708662,0,0,0.000299730242781497,0.00239784194225197,0.00589469477470277,0.153361974223199,0,0.00499550404635828,0,9.99100809271655e-05,0,0.000199820161854331,0,0,0.0392646618043761,0,0.00139874113298032,0,0.00569487461284844,0,0,0.00829253671695474,0.000399640323708662,0.00209811169947048,0,0,0,0,0.0500549505445099,0.0193825556998701,0,0,0,0,0.0189829153761615,0,0,0,0.0314716754920571,0.00169847137576181,0,0,0,0,0,0,0,0,0,0,0,0.00109901089019882,9.99100809271655e-05,0.000399640323708662,0,0,0,0.000599460485562993,0,0.00829253671695474,0,9.99100809271655e-05,0,0,0,0,0,0,0,0,9.99100809271655e-05,0,0,0,0.0107902887401339,0.0110900189829154,0,0,0,0.00439604356079528,0,0,9.99100809271655e-05,0,0,0,0,0.000299730242781497,0,0.00179838145668898,0,0,0,0,0.0390648416425217,0.0107902887401339,0,0,0,0,0,9.99100809271655e-05,0.0136876810870217,0.00359676291337796,0,0,9.99100809271655e-05,0,0.00529523428913977,0,0,0.00089919072834449,9.99100809271655e-05,0.00339694275152363,0.00369667299430513,0.00839244679788191,0.00139874113298032,0.000199820161854331,0.00349685283245079,0.0159856129483465,0,0,0.000199820161854331,0,0.00109901089019882,0,0.00349685283245079,0.00369667299430513,0.00129883105205315,0.000199820161854331,0.000499550404635828,0.0110900189829154,0,0,0,0,0.000599460485562993,0,0,0,0.0394644819662304,0,0.000299730242781497,0,0,0,0,0,0.0219802178039764,0,0,9.99100809271655e-05,0.00469577380357678,0.00159856129483465,0,0,0.000499550404635828,0,0.000199820161854331,0,0,0.000199820161854331,0,0,0,0,0,0.00179838145668898,0.00409631331801379,0,0.00949145768808073,0,0,0,0,0.000199820161854331,0,0.0165850734339095,0,0,0.00119892097112599,0,0,0,9.99100809271655e-05,0,0.00189829153761615,0.00359676291337796,0,0,0,0,0.00119892097112599,0,9.99100809271655e-05,0,0,0.0057947846937756,0
0,0,0,9.9930048965724e-05,0,0,0,0.00259818127310882,0,0,0,0,9.9930048965724e-05,0,0.00189867093034876,0,0,0,0,0,0,0,0,0.000299790146897172,0,0.0251823723393624,0,0,0,0,0.0649545318277206,0,0,0.00579594284001199,0,0,0,0,0,0,0,0,0,0,0,0,0,0,0,0,9.9930048965724e-05,0,0,0,0,0.00049965024482862,0,0,0,0,0,0,9.9930048965724e-05,0,0,0,0.00169881083241731,0,0,0,0.00379734186069751,0,0,0,0,0,0,0,0,0,0,0,0.0122913960227841,0,0,9.9930048965724e-05,0,0,0,0,0,0.00119916058758869,0.00479664235035475,0,0,9.9930048965724e-05,0,0,0,0,0,0.000299790146897172,0,0,0,0,0,0.414509843109823,0,0,0,0,0,0,0,0,0,0.000199860097931448,0.00579594284001199,0,0,0,0,0.000199860097931448,0,0,0,0,0,0,0,0,0,0,0,0,0.00399720195862896,0,0,0,0.0455681023283701,0,0,0,0,0,0,0,0,0,0,0,0.00419706205656041,0.00279804137104027,9.9930048965724e-05,0,0,0,0.00099930048965724,0,0,0,0,0,0,0,9.9930048965724e-05,0,0,0,0,0,0,0,0,0,0,0,0.00469671230138903,0,0,0,0,0,0,0,0,0,0,0,0,0,0,0.00229839112621165,0,0,0,0,0,0,0,0,0,0,0,0,0,0,0,0,0,0,0.0020985310282802,0,0,0,0,0,0.00239832117517738,0,0,0,0,0,0,0,0,0,0.0078944738682922,0,0,0,0,0.00739482362346358,0,0,0,0,0,0,0,0,0,0,0.000299790146897172,0.00129909063655441,0,0,0,0,0,0,0,0,0,0,0.00189867093034876,0,0,0,0,0,0,0,0,0,0,0,0,0.0486659338463076,0,0,0.00819426401518937,0,9.9930048965724e-05,0,0,0,0,0.291096232637154,0,0,0.00859398421105226,0.000199860097931448,0,0.00129909063655441,0,0,0,0,0,0,0,0,0,0,0.00049965024482862,0,0,0.00669531328070351,0
0,0,0,0,0,0,0,0.0003999600039996,0,0,0,0,0,0,0.168783121687831,0,0,0,0,0,0,0.0026997300269973,0,0,0,0.394960503949605,0,0,0.0135986401359864,0.0011998800119988,0,0,0,0.0007999200079992,0,0,0.0001999800019998,0.0171982801719828,0,0,0,0,0.0108989101089891,0,0,0.0016998300169983,0,0,0,0,0,0,0,0,0,0.0001999800019998,0,0,0,0,0,9.99900009999e-05,0,0,0,0,0.0170982901709829,0,0.0003999600039996,0,0.0004999500049995,0,0,0,9.99900009999e-05,0,0,0,0,9.99900009999e-05,0,9.99900009999e-05,0,0,0,0,0,0,0,0.0073992600739926,0,0.0037996200379962,0.0013998600139986,0,0,0,0,0,0.0037996200379962,0.0022997700229977,0,0,0,0,9.99900009999e-05,0,0.0005999400059994,0.0213978602139786,0,0.0003999600039996,0,0,0,0.0100989901009899,0,0,0.0025997400259974,0,0.0112988701129887,9.99900009999e-05,0,0,0,0,0.0102989701029897,0,0,0,0,0,0.0483951604839516,0.0103989601039896,9.99900009999e-05,0,0,0,0.0016998300169983,0,0,0,0,0.0001999800019998,0,0,0,0,0,0,0.0034996500349965,0,0,0,0.0010998900109989,0,0,0,0,0,0.000999900009999,0.0004999500049995,0,0.005999400059994,0,0,0,0,0,0,0,0,0,0,9.99900009999e-05,0,0,0,0.003999600039996,9.99900009999e-05,0.0050994900509949,0,0,0,0,0,0,0,0,0.0005999400059994,0.0217978202179782,0,0,0.0055994400559944,0,0,0,0,0.0088991100889911,0.0058994100589941,0,0,0,0.0018998100189981,0,9.99900009999e-05,0,0,0,0,0.0002999700029997,0,0,0,0,0,0.0002999700029997,0,0,0,0.0001999800019998,0.0002999700029997,0.0024997500249975,0.0318968103189681,0,0,0,0,0,0,0,0.0010998900109989,0.0035996400359964,0,0.0006999300069993,0.0231976802319768,0,0,0,0,0,0,0,0,0.0006999300069993,0,0,0,0,0.0001999800019998,0,0,0.0005999400059994,0,0,0,0.0003999600039996,0,0,0,0,0,0,0,0,0,0,0,0,0,0,0.0160983901609839,0,0,0.0463953604639536,0,0,0,0,0,0.0003999600039996,0.0001999800019998,0,0,0.0136986301369863,0,0,0,0,0.0004999500049995,9.99900009999e-05,0,0,0,0,0,0.0082991700829917,0,0.000999900009999,0,0,0.0136986301369863,0
0,0,0,0,0,0,0,0,0,0,0.0002999400119976,0,0,0,9.99800039992002e-05,0.0002999400119976,0,0,0,0,0,0.00739852029594081,0,0.0010997800439912,0,0.0175964807038592,0,0,0.000699860027994401,0.000799840031993601,0.011997600479904,0,0,0.00899820035992801,0,0,9.99800039992002e-05,0,0.0016996600679864,0,0,0,0,0.0187962407518496,0,0.0121975604879024,0,0,0,0,0,0,0,0.0001999600079984,0,0,0,0,0,0,0,0,0,0,0,0,0.00449910017996401,0,0,0,0,0,0,0.00569886022795441,0,0,0,0,0,0.0420915816836633,0,0.000599880023995201,0,0,0,0.00339932013597281,0,0,0,0,0,0.0015996800639872,0.000399920015996801,0,0,0,0,0,0.0018996200759848,0,0,0,0,0.0168966206758648,0,0,0,0.00829834033193361,0,0,0,0,0,0.0020995800839832,0,0,0,9.99800039992002e-05,0.00429914017196561,0,0.00909818036392721,0,0,0,0.0124975004999,0,0,0,0,0,0.0723855228954209,0,0,0,0.000899820035992801,0,9.99800039992002e-05,0,0,0,0.000399920015996801,9.99800039992002e-05,0,0,0,0.000499900019996001,0,0,0.0027994401119776,9.99800039992002e-05,0,0,0,0.0010997800439912,0.0271945610877824,0,0.0011997600479904,0,0.0016996600679864,0.0030993801239752,0,0.0026994601079784,0,0,0,0,0,0,0,0,0,0,0.00339932013597281,0,0,0,0.00549890021995601,0.0153969206158768,0.0022995400919816,0,0,0,0,0,0,0,0.00359928014397121,0.0201959608078384,0,0,0,0.0132973405318936,0,0,0,0,0.0388922215556889,0.00869826034793041,0,0,0,0,0,0.0405918816236753,0.0013997200559888,0,0,0,0,0,0,0,0,0,0.0022995400919816,0.0306938612277545,0,0.0018996200759848,0.00619876024795041,0,9.99800039992002e-05,0.0581883623275345,0,0,0,0,0,0,0,0,0.0011997600479904,0,0.0015996800639872,0.0344931013797241,0,0,0,0,0.0011997600479904,0.00389922015596881,0,0,0.0446910617876425,0,0.00379924015196961,0.0001999600079984,0,0,0,0,0,0,0,0,0.00869826034793041,0,0.000999800039992002,0,0,0,0,0,0,0.00599880023995201,9.99800039992002e-05,0,0,0,0.013997200559888,0.0028994201159768,0,0,0.010997800439912,0,0,0,0,0,0.000599880023995201,0.248550289942012,0,0.0223955208958208,0.00979804039192162,0,0,0,0,0,0.00249950009998,0.00829834033193361,0,0.000499900019996001,0,0,0.0031993601279744,0,0.00339932013597281,0,0,0.00329934013197361,0
0,0,0,0,0,0,0,0.00339626410947957,0,0,0,9.98901208670463e-05,0,0,9.98901208670463e-05,0,0,0,0,0,0.00449505543901708,0.00079912096693637,0,0,0,0.214264309259814,0,0,9.98901208670463e-05,0,0.0179802217560683,0.000599340725202278,0,0.0053940665268205,0,0,0.0207771451403456,0.00159824193387274,0,0,0,0,0,0,0,0,0,0,0,0,0,0,0,0,0.00079912096693637,0,0,0,0,0.0245729697332934,0,0.00079912096693637,9.98901208670463e-05,0,0,0,0.00309659374687843,0,0,9.98901208670463e-05,0.0117870342623115,0,0,0.000599340725202278,0,0,0,0,0,0.00659274797722505,0.000699230846069324,0,0,0,0,0,0,0,0,0.00519428628508641,0,0,0,0,0,0,0,0,0.00349615423034662,0,0,9.98901208670463e-05,0,0,0,9.98901208670463e-05,0,0.0882029767256018,0,0.00199780241734093,0,0,0,0.0137848366796524,0,0,0,0,0.000699230846069324,0,0,0,0,0,0.00249725302167616,0,0,0,0,0,9.98901208670463e-05,0.0250724203376286,0,0,0,0,9.98901208670463e-05,9.98901208670463e-05,0,0,0,0,0,0,0,0,0.000199780241734093,9.98901208670463e-05,0,0.000499450604335231,0.000199780241734093,0.000998901208670463,0,0,9.98901208670463e-05,0,0,0,0.00689241833982619,0.0117870342623115,0,0,0,9.98901208670463e-05,0,0,0,0,0,0,0.000299670362601139,0,0,0,0,0,0,0.00209769253820797,0.00769153930676256,0,0,0,0,0,0,0,0,0,0,0,0,0.010888023174508,0,9.98901208670463e-05,9.98901208670463e-05,0,0,0.000299670362601139,0,0,0,0,0,0.00968934172410349,0.0253720907002297,9.98901208670463e-05,0,0,0,0,0,0,0.000299670362601139,9.98901208670463e-05,0.000199780241734093,0,0.0146838477674558,0,0,0.000399560483468185,0.00289681350514434,0.00109879132953751,0,0,0,0,0,0,0.0104884626910399,0.000399560483468185,0.0147837378883228,0,9.98901208670463e-05,0.05613824792728,0,0,0.000499450604335231,0,0,0,0,0,0,0,0,0.0180801118769354,0,0,0,0,0.000299670362601139,0,0.00189791229647388,9.98901208670463e-05,0.00209769253820797,0.000199780241734093,0,9.98901208670463e-05,0.000599340725202278,0,0.000998901208670463,0,0.000299670362601139,9.98901208670463e-05,0,0,0,0,0,0,0,0.00079912096693637,0.0101887923284387,0,0,0,0,0,0.00219758265907502,0.285485965438018,0,0,0.00589351713115573,0,0,0,0,0,0.00729197882329438,0.000199780241734093,0,0,0,0,0.0160823094595944,0.00319648386774548,0.00169813205473979,0,0,0.00239736290080911,0
0,0,0,0,0,0.000399880035989203,0.00199940017994602,0.00109967009897031,0,0,0,0,9.99700089973008e-05,0,0.00239928021593522,0,0,9.99700089973008e-05,0,0.00229931020693792,0.00579826052184345,0,0,0.000199940017994602,0,0.0261921423572928,0,0,0.00669799060281915,0.00319904028791363,0.0155953214035789,0,0,0.00289913026092172,0,0,0.00129961011696491,0.0334899530140958,9.99700089973008e-05,9.99700089973008e-05,0,0,0,0.00879736079176247,0,0.0598820353893832,0,9.99700089973008e-05,0,0,9.99700089973008e-05,0.000199940017994602,0,0,0,0,0,9.99700089973008e-05,0,0.00339898030590823,0,0,0,0,0,0,0.00159952014395681,0,0.000199940017994602,0,0.00299910026991902,0,0,0.00869739078276517,0,0,0,0,0,0.0110966709987004,0,0,0.00519844046785964,0,0.00659802059382185,9.99700089973008e-05,9.99700089973008e-05,0,0,0.0165950214935519,0.0421873437968609,0.000199940017994602,0.000299910026991902,0,0,0.000299910026991902,0,0,0.00519844046785964,0,0,0,0,0,0.000599820053983805,0.00209937018894332,0.0156952914125762,0.00219934019794062,0,0.00209937018894332,0,0,0,0.00279916025192442,9.99700089973008e-05,0.000399880035989203,0.0166949915025492,9.99700089973008e-05,0.00789763071078676,0,0,0,0,0.000199940017994602,0.0238928321503549,0,0,0,0,0.0103968809357193,0.0934719584124763,0.0127961611516545,0,0.00259922023392982,0,0,9.99700089973008e-05,0,0,0,9.99700089973008e-05,9.99700089973008e-05,0,0,0,0,0,0,0.00479856043187044,0,0,0.00759772068379486,9.99700089973008e-05,9.99700089973008e-05,9.99700089973008e-05,0,0,9.99700089973008e-05,0,0.00369889033290013,0,0.00659802059382185,0,0.0197940617814656,0,0,0,0,0,0,0.000599820053983805,0,0,0,0,0,0.00939718084574628,0.00729781065680296,0.000399880035989203,0,0,0.00389883035089473,0,0,0.000599820053983805,0,0,9.99700089973008e-05,0.000599820053983805,0,9.99700089973008e-05,0,9.99700089973008e-05,0,0.000999700089973008,9.99700089973008e-05,0.00359892032390283,0.00399880035989203,0,0,0,0.00119964010796761,0,0.0845746276117165,0,0.000299910026991902,0.00389883035089473,0,0,0.00949715085474358,0.00519844046785964,0,0,0,0.00149955013495951,0.00249925022493252,0.00119964010796761,0.00379886034189743,9.99700089973008e-05,0,0.000699790062981106,0.0424872538238528,0.00319904028791363,0,0.000599820053983805,0,0,0,0,0.00229931020693792,0.00569829051284615,0.000299910026991902,0,0.0104968509447166,0.000499850044986504,0,0.000199940017994602,0,0.000399880035989203,0,0.00999700089973008,0,0.0158952314305708,0,0,0,0,0,0.000699790062981106,0,0.0134959512146356,0.000599820053983805,0.00169949015295411,0,0.00309907027891633,0.000899730080975707,0.000199940017994602,0,0.000799760071978406,0.000699790062981106,0,0,0,0,9.99700089973008e-05,0,0,0,0,0.00319904028791363,0,0,0.0128961311606518,0.000299910026991902,9.99700089973008e-05,9.99700089973008e-05,0,9.99700089973008e-05,0,0.145756273118065,0,0,0.0370888733379986,0,0,0.000199940017994602,0,9.99700089973008e-05,9.99700089973008e-05,0,0,0,0,0,0.0170948715385384,0,0.00139958012596221,0,0,0.00579826052184345,0
0,0,0,0,0,0,0,0.00669866026794641,0.011997600479904,0,0,0,0,0,0,0,0,0,0,0,0.0016996600679864,0.0193961207758448,0,0.0001999600079984,0,0.0020995800839832,0,0,0.0297940411917616,0,0.00759848030393921,0,9.99800039992002e-05,0.001999600079984,0,0,0,0.0180963807238552,0,0,0,0,0,0.00799840031993601,0,0.0142971405718856,0,0,0,0,0,0,0,0,0,0,0.0001999600079984,0,0,0.00749850029994001,0,0.000799840031993601,0,0,0,0,0.0122975404919016,0,9.99800039992002e-05,0,0.00769846030793841,0,0,0.0020995800839832,0.0027994401119776,0,0,0,0,0.00499900019996001,0,0.00249950009998,9.99800039992002e-05,0,0,0.000399920015996801,0,9.99800039992002e-05,0,0.0028994201159768,0.0569886022795441,0.001999600079984,0.01749650069986,0,0,0,0,0,0.00669866026794641,0,0,0.00519896020795841,0,0.0001999600079984,0,0,0.00649870025994801,0.175164967006599,0,0,0,0,0,0.000499900019996001,0,0,0,0.000599880023995201,0.00969806038792242,9.99800039992002e-05,0,0,0,0,0.0310937812437512,0,0,0,0,0.0010997800439912,0.0018996200759848,0.001499700059988,0,0,0,0,0.000999800039992002,9.99800039992002e-05,0,0,0,0,0,0,0,0,0,0,0,0,0.0140971805638872,0,0,0,0.00639872025594881,0,0,0,0.0016996600679864,0.0246950609878024,0,0,0,0.0031993601279744,0,0,0,0,0,0,0,0,0,0,0,0,0,0,0.00379924015196961,0.000399920015996801,0,0,0,0,0,0.000999800039992002,0,0,0,0,0,0.00329934013197361,0,0,0,0,0,0,0,0,0,0,0,0.0654869026194761,0,0,0,0,9.99800039992002e-05,0,0,0,0.000499900019996001,0,0.0026994601079784,0,0.0017996400719856,0.0140971805638872,0,0.000499900019996001,0,0,0,0.000599880023995201,0,0.0106978604279144,0,0,0.0002999400119976,9.99800039992002e-05,0.0127974405118976,0,0,0.110777844431114,0,0,0.000599880023995201,0,0,0.001499700059988,0,0,0.00469906018796241,0,0.000599880023995201,0,0,0,0,0,0.0155968806238752,0.0001999600079984,0.000799840031993601,0,0.0010997800439912,0,0,0,0.0013997200559888,0,0.000399920015996801,0,0,0,0.00789842031593681,0,0,0.00569886022795441,0,0.0021995600879824,0,0,0.0267946410717856,0,0,0,0,9.99800039992002e-05,0.00669866026794641,0.000799840031993601,0,0,0.0899820035992801,0,0,0,0,0.0002999400119976,0.0021995600879824,0,0.0263947210557888,0,0,0,0.00339932013597281,0.000899820035992801,0,0,0,0.0363927214557089,0
0,0,0,0,0,0,0,0,0,0,0,0,0,0,0.00259922023392982,0,0,0,0,0,0,0.000799760071978406,0,0.00409877036888933,0,0.000499850044986504,0,0,0.00169949015295411,0.000699790062981106,0.000599820053983805,0,0,0.00819754073777867,0,0,0.00229931020693792,0.000299910026991902,0,9.99700089973008e-05,0,0,0,0,0,0.0407877636708987,0,0,0,0,0,0,0,0,0,0,9.99700089973008e-05,0,0,0.00109967009897031,0,9.99700089973008e-05,0,0,0,0,0.0208937318804359,0,0,0.00799760071978406,0,9.99700089973008e-05,0,0,0,0,0,0,0,0.00549835049485154,0,0,0,0,0.000499850044986504,0.000899730080975707,0,0,0,0.00219934019794062,0,0,0.000599820053983805,0,0,0,0,0,0.00489853044086774,0,0,0.00869739078276517,0,0,0,0,0,0.268419474157753,0,0,0,0,0,0,0.000999700089973008,0,0,0,0.00439868039588124,0,0,0,0.00619814055783265,9.99700089973008e-05,0,0,0,0,0,0,0,0.00549835049485154,0,0,0,0,0.000399880035989203,0,0,0,0.00249925022493252,0,0.000199940017994602,0,0,0,0.000499850044986504,0,9.99700089973008e-05,0,9.99700089973008e-05,0,0,0,0,0,0,0,0,0.00799760071978406,0,0,0,0.000199940017994602,0,0,0,0.000999700089973008,0,0,0.000299910026991902,0,0,0,0,0,0,0.000199940017994602,0.00139958012596221,0.000299910026991902,0,0,0,0,0.000999700089973008,0,0,0,0,0,0,0.0180945716285114,0.000199940017994602,9.99700089973008e-05,0,0,0,0,0,0,0.0193941817454764,0,0,0,0.321303608917325,0.00539838048585424,0,0,9.99700089973008e-05,0,0,0,0,0,0.000299910026991902,0,0.00439868039588124,0,0.00229931020693792,0.000199940017994602,9.99700089973008e-05,0,0,0,0,0.00129961011696491,0,0,0,0,0,0,0,0.0366889933020094,0,0,0,0.000399880035989203,0,0.000499850044986504,0,0,0,0,0,0.00529841047685694,0,0,0,0,0,0.000399880035989203,9.99700089973008e-05,0,0.00109967009897031,0.0335899230230931,0.00339898030590823,0,9.99700089973008e-05,0,9.99700089973008e-05,0,0,0.000199940017994602,0,0,0,0,0,0.00159952014395681,0,0,0.0525842247325802,0,0,0,0,0,9.99700089973008e-05,0.0450864740577827,0,0,0.0186943916824953,0.00329901029691093,0,0,0,0,0.000399880035989203,0,0,0,0,0,0,0,0.00349895031490553,0,0,0.00159952014395681,0
0,0,0,0,0,0,0,0,0,0,0,0,0,0,0.000199880071956826,0,0,0,0,0,0.00199880071956826,0.00379772136717969,0,0.000199880071956826,0,0.22986208275035,0,0,0.000699580251848891,0.00109934039576254,0.0220867479512293,0,0,0.0151908854687188,0,0,0.000299820107935239,0,0,0,0,0,0,0,0,0.0104937037777334,0,0,0,0,0,0.00509694183489906,0.000199880071956826,0,0,9.9940035978413e-05,0,0,0,0.000399760143913652,0,0,0,0,0,0.000699580251848891,0.00129922046771937,0.00249850089946032,0,0.000799520287827304,0.00109934039576254,0,0,0,0,0,0,0,0,0.00429742154707176,0,9.9940035978413e-05,0.0273835698580851,0,0.000599640215870478,0,0.0117929242454527,0,0,0.0138916650009994,0,0.000199880071956826,0,0,0,0.000299820107935239,0,0,0.00919448331001399,0,0,0,0.00119928043174096,0,0.000199880071956826,0.00279832100739556,9.9940035978413e-05,0.00349790125924445,0,0.000699580251848891,0,0,0.00809514291425145,0.000999400359784129,0.000599640215870478,0.000199880071956826,0,0,0.00369778133120128,0,0.00479712172696382,0,0,0.000299820107935239,0,0.0053967619428343,0,0.0084949030581651,0,0,0.0748550869478313,0.0113931641015391,0,0.00529682190685589,0,0,0.000299820107935239,0,0,0,9.9940035978413e-05,0.00139916050369778,0,0,0,0,0.000899460323805717,0,0,0,0,0,0.00399760143913652,0.000299820107935239,9.9940035978413e-05,0,0,0,0.000299820107935239,0.00629622226664002,0,0,0,0,0,0,0,0,0,0,0.00149910053967619,0,0,0,0,0,0.00279832100739556,0.00199880071956826,0.000599640215870478,0,0.000299820107935239,0.00169898061163302,0,0,0,0,0,0.000999400359784129,0,0,0.000299820107935239,0.00169898061163302,0,0.00119928043174096,0,0,0,0,0,0,0,0,0,0,0,0.000599640215870478,0,0,0,0,0.00899460323805717,0,0,0.000199880071956826,0,0.00239856086348191,0.000399760143913652,0.000499700179892065,0,0.000299820107935239,9.9940035978413e-05,0,0,9.9940035978413e-05,0.000399760143913652,0,0,0,0.00159904057565461,0.00289826104337398,0.000999400359784129,0,0,0.0092944233459924,0,0,0,0,0,0,0.00479712172696382,0,0.0261842894263442,0,9.9940035978413e-05,0.00279832100739556,0,0,0,0,0,0,0,0,0.000199880071956826,9.9940035978413e-05,0.000499700179892065,0,0,0.00219868079152508,0,0,0,0,0,0,0,0,0,9.9940035978413e-05,0,0,0.041375174895063,0,9.9940035978413e-05,9.9940035978413e-05,0,0,0,0.317809314411353,0,0,0.0233859684189486,0,0,0,0,0,0.000899460323805717,0.00759544273435938,0,0,0,0.000399760143913652,0.0053967619428343,0,0.000499700179892065,0,0,0.0113931641015391,0
0,0,0,0,0,0,9.99500249875062e-05,0,0,0,0,0,0,0.00279860069965018,0.00239880059970015,0,0,0,0,0,0,0.00409795102448776,0,0.000899550224887556,0,0.0606696651674163,0,0,0.000899550224887556,0,0,0,0,0.00389805097451274,0,0,0,0.00139930034982509,0,0,0,0,0,0.00599700149925037,0,9.99500249875062e-05,0,0,0,0,0.00199900049975012,0,0,0,0.00129935032483758,0,0,0,0,0.04007996001999,0,0,0,0,0.000499750124937531,0,0.0442778610694653,0,0,0.00349825087456272,0.00349825087456272,0,0,0.0148925537231384,0,0,0,0,0,0,0,0,0.0117941029485257,0,0,0,0.0189905047476262,0,0,0.00439780109945028,0,0.000599700149925037,0,0,0,0,0,0,0.00109945027486257,0,0,0,0,0,0.00709645177411294,0.00149925037481259,0,0.072263868065967,0,0,0,0,0,0.00429785107446277,0,0,0,0,0.00969515242378811,0,0.00529735132433783,0,0,9.99500249875062e-05,0.000199900049975012,0.00769615192403798,0,0,9.99500249875062e-05,0,0.0363818090954523,0,0,0,0,0,0,0,0,0,0,0,0,0,0.000699650174912544,0,0,0,0,0,0,0,0,0.00429785107446277,0,0,0,0,0,0.0107946026986507,0,0.00789605197401299,0,0.000399800099950025,0,0,0,0,0,0.000199900049975012,0,0,9.99500249875062e-05,0,0,0,0.00599700149925037,0,0.000199900049975012,0,0,0.00849575212393803,0,0,0.00179910044977511,0,0,0,0,0,0,0.0121939030484758,0.000199900049975012,0.00259870064967516,0,0,0.00129935032483758,0.0122938530734633,0,0,0,0.000499750124937531,0,0.00809595202398801,0,0,0,0,0,0.000299850074962519,0.0436781609195402,0,0.00209895052473763,0,0,0,0.00409795102448776,0,0,0.000299850074962519,0.00379810094952524,0.0529735132433783,0,0,0,0,0,0,0,0.0196901549225387,0.00219890054972514,0,0,0.0196901549225387,0,0,0,0,0,9.99500249875062e-05,0,0,0.03928035982009,0,0,0,0,0,0,0,0,0.000199900049975012,0,9.99500249875062e-05,0,0,0,0,0,0,0,0,0,0.000599700149925037,0,0,0,0,0,0.00759620189905048,0,0,0.0189905047476262,0,9.99500249875062e-05,0,0,9.99500249875062e-05,0,0.241879060469765,0,0,0.0349825087456272,0,0,0,0,0.000599700149925037,0.00189905047476262,0.00369815092453773,0,0,0,0,0.03928035982009,0,0.00489755122438781,0,0,0.00399800099950025,0
0,0,0,0,0,0,0.000399480675122341,0,0,0,0,9.98701687805852e-05,0,0,0.00229701388195346,9.98701687805852e-05,0.00399480675122341,9.98701687805852e-05,0,0,9.98701687805852e-05,0.000499350843902926,0,0.0087885748526915,0,0,0,0,0,0.0147807849795266,0.0776989913112953,0.00299610506341756,0,0.00329571556975931,0,0,0.00489363827024868,0.0192749425746529,0,0,0,0,0,0,0,0,0.0152801358234295,0,0,9.98701687805852e-05,0.000798961350244682,0,0,0,0,0,0,0,0,0.0243683211824628,0,0,9.98701687805852e-05,0,0,0,0.0340557275541796,0,0,0.0226705283131928,0.000499350843902926,0,0,0,0,0,0,0,0,0.00309597523219814,0,0,0.000798961350244682,0,0,0,0,0,0,9.98701687805852e-05,9.98701687805852e-05,0.00489363827024868,0.000499350843902926,0,0.000898831519025267,0,0,0,9.98701687805852e-05,0,0,0,0,0,0,0,0.00019974033756117,0.482472785379007,0,0,0,0.00019974033756117,0,0.000299610506341756,0,0,0,0,0.0326575451912514,0.000299610506341756,0,0,0,9.98701687805852e-05,0.00139818236292819,0,0,0.00179766303805053,9.98701687805852e-05,0,0,0.000798961350244682,0,0,0,0,0.0180765005492859,0,0,0,0,0,0,0,0,0,0.000299610506341756,0,0,0.00149805253170878,0,0,0,0,0,0,0,0,0.00599221012683511,9.98701687805852e-05,0,0,0,0,0,9.98701687805852e-05,0,0,0,0,0.000399480675122341,0.00239688405073405,9.98701687805852e-05,0,0,0,0,0.000299610506341756,0.0792969140117847,0,0,0,0,0,9.98701687805852e-05,0,0,0.0147807849795266,0,0,0,0.00509337860780985,0,0,0,0.000499350843902926,9.98701687805852e-05,0,9.98701687805852e-05,0.0019974033756117,0,0,0.0167781883551383,0,0,0.0053929891141516,0.00019974033756117,0,0,0.000499350843902926,0,0,0,0.000299610506341756,0.000399480675122341,0,0.00918805552781384,0,0,0,0,0.00119844202536702,0,0,0,9.98701687805852e-05,0,0,9.98701687805852e-05,0,9.98701687805852e-05,0,0,0.00109857185658644,0,0,0,0,0,0,0,0,0,0,0,0,0,0,0,0,0,0.00019974033756117,0,0,9.98701687805852e-05,0,0,0,0.00019974033756117,0,0,0,0,0,0,0,0,0,0,0.00419454708878458,0,0.000998701687805852,0.0176770198741636,0,0,0,0,0,9.98701687805852e-05,0.0314591031658844,0,0,0.00639169080195746,0,0,0,0,0,0.00159792270048936,0,0,0.000299610506341756,0,0,9.98701687805852e-05,0,0,0,9.98701687805852e-05,0.0019974033756117,0
0,0,0,0,0,0,0,0,0,0,0,0,0,0,0.00529364762285258,0,0,0,0,9.98801438274071e-05,0.000499400719137036,0.00289652417099481,0,0.000399520575309628,0.000199760287654814,0.209049141030763,0,0,0.00169796244506592,0,0,0,0,0.0176787854574511,0,0,0.000799041150619257,0,0,0,0.000199760287654814,9.98801438274071e-05,0,0,0,0,0,0.000199760287654814,0,0,0,0,0,0,0.00119856172592889,0,0,0,0,0.000799041150619257,0,9.98801438274071e-05,0,0,0,0,0.00189772273272074,0,0,0,0.00469436675988813,0,0,0.000799041150619257,0,0.0805033959248901,0,0,0,0.000599280862964443,0,0,0,0,0.0148821414302837,0.000499400719137036,0,0,0,0.00389532560926888,9.98801438274071e-05,0.00069916100679185,0,0,0,0.00129844186975629,0,0,0.00479424690371554,0,0,0,0,0,0,0.000599280862964443,0,0.0846983619656412,0,0.00649220934878146,0,0,0,0,0,0,0.0516380343587695,0,0.00489412704754295,0,0,0,0.00379544546544147,0,0.00719137035557331,0,9.98801438274071e-05,0,0,0,0.0538353975229724,0.000299640431482221,0,0,0,0,9.98801438274071e-05,0,0,0,0.000399520575309628,0.000399520575309628,0,0,0,0,0,0,0.00459448661606073,0.000199760287654814,0,0,0.000499400719137036,0,9.98801438274071e-05,0,0,0,9.98801438274071e-05,0.00159808230123851,0,0,0.00149820215741111,0.00579304834198961,0,0,0,0.0130842988413903,0,0,0,0,9.98801438274071e-05,0,0,0,0.00439472632840591,9.98801438274071e-05,0.00329604474630443,0,0,0,0,0,0,0,0,0,0.00339592489013184,0,0,0,0,0,0,0.00069916100679185,0.0180783060327607,0.00409508589692369,0,0,0.0312624850179784,0,0,9.98801438274071e-05,0,0.00269676388333999,0,0,0,0,0,0,0.00239712345185777,0.000898921294446664,0,0,0.00469436675988813,9.98801438274071e-05,0,0.00159808230123851,0,0.00329604474630443,0.0218737514982022,9.98801438274071e-05,0.000199760287654814,0,0,0,0.0108869356771874,0.00119856172592889,0.00249700359568518,0,0,0.0229724330803036,0,0.000299640431482221,0,0,0,0,0,0,0.0238713543747503,0,0,0,0,0,0,9.98801438274071e-05,0.0174790251697962,0,0,9.98801438274071e-05,0.000799041150619257,0,0.000199760287654814,0,0.0013983220135837,0,0.000199760287654814,0,0,0,0,0,0,0,0,0.00259688373951258,0,0,0.0149820215741111,0,0,0,0.000499400719137036,0,0.000199760287654814,0.179085097882541,0,0,0.0181781861765881,0,0,9.98801438274071e-05,0,0,9.98801438274071e-05,0,0.000199760287654814,0,0,0,0.000898921294446664,0,0,0,0,0,0
0,0,0,0,0,0,0.0001000100010001,0,0,0,0.0004000400040004,0.0001000100010001,0,0.0076007600760076,0,0,0,0,0,0.0018001800180018,0.0015001500150015,0.0028002800280028,0,0,0,0.0001000100010001,0,0,0.0002000200020002,0.0004000400040004,0.0019001900190019,0,0,0.0041004100410041,0,0,0.0007000700070007,0.04000400040004,0,0,0,0,0.0075007500750075,0.0025002500250025,0,0.0044004400440044,0,0.0001000100010001,0,0,0.0007000700070007,0,0,0,0.0086008600860086,0,0,0,0.0001000100010001,0.0005000500050005,0,0.0012001200120012,0,0,0,0,0.003000300030003,0,0.0003000300030003,0,0.0016001600160016,0,0,0,0,0.0214021402140214,0,0,0,0.0067006700670067,0,0.0034003400340034,0.0334033403340334,0,0,0,0,0,0,0,0.0029002900290029,0.0001000100010001,0,0.0001000100010001,0,0,0,0,0.0045004500450045,0,0,0,0,0,0.0025002500250025,0.0025002500250025,0.0294029402940294,0.0399039903990399,0,0.0019001900190019,0,0,0,0.0039003900390039,0.0008000800080008,0,0.0011001100110011,0,0.0134013401340134,0,0,0,0,0,0.0013001300130013,0,0,0,0.0438043804380438,0.008000800080008,0.0523052305230523,0.0011001100110011,0.0057005700570057,0,0,0,0,0,0,0,0.0014001400140014,0,0,0,0,0,0,0.0129012901290129,0.0037003700370037,0,0.0146014601460146,0,0,0.0006000600060006,0,0,0,0,0,0.0044004400440044,0,0.0066006600660066,0,0.111111111111111,0,0.0192019201920192,0,0,0,0,0,0,0,0,0,0,0.0087008700870087,0.0053005300530053,0.0005000500050005,0,0,0.0022002200220022,0,0,0.0045004500450045,0,0,0,0,0,0,0.0075007500750075,0,0,0.0001000100010001,0,0.0233023302330233,0.01000100010001,0,0,0,0.0015001500150015,0,0.0195019501950195,0,0,0.0036003600360036,0,0,0,0.0111011101110111,0.0026002600260026,0,0,0.0013001300130013,0.02000200020002,0.0023002300230023,0.0022002200220022,0.0191019101910191,0,0,0.0321032103210321,0.0236023602360236,0,0,0,0.003000300030003,0,0,0.018001800180018,0.0012001200120012,0,0,0.0076007600760076,0,0,0.0008000800080008,0,0.0024002400240024,0,0,0,0.0023002300230023,0,0,0,0.0014001400140014,0,0,0,0,0.0002000200020002,0,0,0,0.0167016701670167,0.0061006100610061,0,0.002000200020002,0.0007000700070007,0,0,0,0.0012001200120012,0,0,0,0,0.0014001400140014,0.0008000800080008,0.0012001200120012,0,0.0091009100910091,0,0,0,0,0,0.0008000800080008,0.128712871287129,0,0,0.0318031803180318,0,0,0,0,0,0.0012001200120012,0.0035003500350035,0,0.0003000300030003,0,0,0.0015001500150015,0,0.0003000300030003,0,0,0.0067006700670067,0.0012001200120012
0,0,0,0,0,0,9.98801438274071e-05,0.00389532560926888,0,0,9.98801438274071e-05,9.98801438274071e-05,0,0.019376747902517,0.000799041150619257,0.000599280862964443,0,9.98801438274071e-05,0,0,0.00349580503395925,0.00349580503395925,0,0.000199760287654814,0,0.196564123052337,9.98801438274071e-05,0,0.000599280862964443,0,0.000898921294446664,0,0.000199760287654814,0.00739113064322813,0.000399520575309628,0.00129844186975629,0.00109868158210148,0.0126847782660807,0,0,0,0,0,0.00589292848581702,0,9.98801438274071e-05,0,9.98801438274071e-05,9.98801438274071e-05,9.98801438274071e-05,0,0,0,0,0,9.98801438274071e-05,0,0,0,0.000299640431482221,9.98801438274071e-05,0.00289652417099481,9.98801438274071e-05,0,0,0.000399520575309628,0.000399520575309628,0,9.98801438274071e-05,0,0.00169796244506592,0,0,0.00069916100679185,0.00199760287654814,0,0,0,0,0.000199760287654814,0,9.98801438274071e-05,9.98801438274071e-05,0,0.00239712345185777,0.00749101078705553,0,0,0,0.0153815421494207,0.000599280862964443,0.000399520575309628,9.98801438274071e-05,0,0,0,0,0,0.00239712345185777,0.00459448661606073,0,0,0,0.00459448661606073,9.98801438274071e-05,0,0.00369556532161406,0.000199760287654814,0,0.00159808230123851,9.98801438274071e-05,0,0,0.00589292848581702,0.000499400719137036,0,0.00159808230123851,9.98801438274071e-05,0.0145825009988014,0,0.00299640431482221,0.00069916100679185,0,0,0.0538353975229724,0,0,0,0.0281662005593288,9.98801438274071e-05,0.059628445864962,0.00349580503395925,9.98801438274071e-05,0,0.00109868158210148,0,0.01078705553336,0,0,0,0,0,0,9.98801438274071e-05,0,0,0.000599280862964443,0.00319616460247703,0.00109868158210148,0.00389532560926888,0,0.00339592489013184,0.000499400719137036,0.000299640431482221,0,0,0,0,0,0.000599280862964443,0.000599280862964443,0.0055932880543348,0,0,9.98801438274071e-05,0.011785856971634,0,0,0,9.98801438274071e-05,0,0.00389532560926888,9.98801438274071e-05,0,0.000898921294446664,0,0.00479424690371554,0.00689172992409109,0.0027966440271674,9.98801438274071e-05,9.98801438274071e-05,0.0041949660407511,0,0,0.000199760287654814,9.98801438274071e-05,9.98801438274071e-05,0.00848981222532961,0.0055932880543348,0,0,0.0055932880543348,0.000399520575309628,0,0.0013983220135837,0.00069916100679185,0.000299640431482221,0.00888933280063923,9.98801438274071e-05,0,0,0,0,0,0,0.000399520575309628,0,0,0,0.000599280862964443,0,0,0,0,0.000299640431482221,0.00149820215741111,9.98801438274071e-05,0.000499400719137036,0.00619256891729924,9.98801438274071e-05,0,0,0.000898921294446664,0,0,0.000299640431482221,0,0,0.00589292848581702,0.000599280862964443,0.00379544546544147,9.98801438274071e-05,0.00069916100679185,0.00878945265681183,0,0.000199760287654814,0,0,0.000199760287654814,0,0,0,0.0691170595285657,0,0,0.00109868158210148,0.000799041150619257,0,0.00069916100679185,0,0,0.000199760287654814,0.000599280862964443,0,0.000399520575309628,0.000499400719137036,0.00109868158210148,9.98801438274071e-05,0.000199760287654814,0.000599280862964443,9.98801438274071e-05,0.000299640431482221,0,0,0.0162804634438674,0,0,0.00339592489013184,0.00169796244506592,0.0097882540950859,0,0.00219736316420296,0,0.0124850179784259,0.000799041150619257,0,0.000199760287654814,9.98801438274071e-05,0.000199760287654814,0.246304434678386,9.98801438274071e-05,0,0.00409508589692369,0,0,0,0,0.000299640431482221,0.00129844186975629,0.000499400719137036,0,0,0,0,0,0.000199760287654814,0,0.000199760287654814,0,0.00918897323212145,0
0.0107010701070107,0,0,0,0,0,0,0,0,0,0,0,0,0,0.0026002600260026,0.0053005300530053,0.0073007300730073,0,0,0,0,0.0024002400240024,0,0,0,0.0983098309830983,0,0,0,0.0035003500350035,0.0243024302430243,0,0,0,0,0,0,0,0,0,0,0,0,0,0,0,0,0,0,0,0,0,0,0,0,0.0023002300230023,0,0.0002000200020002,0,0,0,0,0,0,0,0,0,0,0,0,0,0,0,0,0,0.0001000100010001,0.0001000100010001,0,0,0,0,0,0,0,0,0.264326432643264,0,0,0,0,0,0,0.0124012401240124,0,0,0,0,0,0,0,0,0.0027002700270027,0,0,0,0.0035003500350035,0,0.0218021802180218,0,0,0,0,0.0006000600060006,0,0,0.0005000500050005,0.0056005600560056,0.0053005300530053,0,0,0.0213021302130213,0,0,0,0.0003000300030003,0,0,0,0,0,0,0,0,0,0.0013001300130013,0,0.0009000900090009,0,0,0,0.0045004500450045,0.0003000300030003,0,0.0007000700070007,0,0,0,0,0.0074007400740074,0,0,0,0,0.0011001100110011,0,0,0,0,0,0,0,0.0071007100710071,0,0,0,0,0,0,0.0027002700270027,0,0,0,0.0028002800280028,0,0.0032003200320032,0,0.0166016601660166,0,0,0,0,0,0,0,0,0,0,0.0135013501350135,0,0,0.0011001100110011,0,0,0,0,0,0,0.0139013901390139,0,0,0,0,0,0,0,0,0,0,0,0,0.0874087408740874,0,0,0,0,0.0437043704370437,0,0,0,0,0,0,0,0,0,0,0,0,0,0,0,0,0,0.0429042904290429,0,0,0,0,0,0.0012001200120012,0,0,0.0691069106910691,0,0.0194019401940194,0.0202020202020202,0,0,0,0,0,0,0,0.0001000100010001,0.0033003300330033,0.0159015901590159,0.0014001400140014,0,0,0,0,0,0,0.0007000700070007,0.0003000300030003,0,0,0,0.0027002700270027,0.0166016601660166,0,0,0.0359035903590359,0.0002000200020002,0,0,0,0,0,0.0508050805080508,0,0,0.0139013901390139,0,0,0,0,0,0,0,0,0,0,0,0.0002000200020002,0,0.0015001500150015,0,0,0,0
0,0,0,0,0,0,0.0018998100189981,0,0,0.0001999800019998,0,0,0,0,9.99900009999e-05,0,9.99900009999e-05,0,0,0,9.99900009999e-05,0.0008999100089991,0,0.0001999800019998,0,0.067993200679932,0,0,0.0004999500049995,9.99900009999e-05,0.0053994600539946,0,0,0.0228977102289771,0,0,0.0007999200079992,0,0,0,0.0002999700029997,0,0,0.0155984401559844,0,0,0,0,0,9.99900009999e-05,0,0,0,0,0.0043995600439956,0,0,9.99900009999e-05,0,9.99900009999e-05,9.99900009999e-05,0.0014998500149985,0,0,0.0250974902509749,0,0.0004999500049995,0.0021997800219978,0,0,0.0112988701129887,0,0,0,0,0,9.99900009999e-05,0,0,0.0015998400159984,0,0,0.0004999500049995,0,0.0082991700829917,0.0004999500049995,0.0003999600039996,0,0,0.015998400159984,0,0.0006999300069993,0.0001999800019998,0,0,9.99900009999e-05,0,0,0,0,0,0.0135986401359864,0,0,0.0017998200179982,0,0,9.99900009999e-05,0,0,0,0,0,0.0032996700329967,0,0.0001999800019998,0,0.0002999700029997,0.0063993600639936,9.99900009999e-05,0,0,0,0,0.0293970602939706,0.0354964503549645,0,0,0.0032996700329967,0,0,0.0020997900209979,0,0.0002999700029997,0,0,0.0002999700029997,0,0,0,9.99900009999e-05,0,0,0,0,0.0688931106889311,0.0003999600039996,0,0,0,0.0007999200079992,0,0,0,0.0063993600639936,0,0,0,0,0.0040995900409959,0,0,0,0,0,0,0,0,0,0,0.0001999800019998,0,0,9.99900009999e-05,0,0,0,0.0017998200179982,0.0102989701029897,0,0,0.0001999800019998,0,0,0.0027997200279972,0,0,0,0,0,0,0.0056994300569943,0.0001999800019998,9.99900009999e-05,0,0,0,0,0,0,0,0,0,0.025997400259974,0,0.0002999700029997,0.0026997300269973,0,0,0.0003999600039996,9.99900009999e-05,0,0,0,0.0004999500049995,0,0.0044995500449955,0.0036996300369963,0.0248975102489751,0,0,0.0025997400259974,0,0.0171982801719828,0,0,0,0,0.0171982801719828,0,0.0177982201779822,0,0,0.0621937806219378,0,0,0,0.0002999700029997,0,0,0,0,0,0,0.0003999600039996,0.0001999800019998,0,9.99900009999e-05,0,0,0,0,0.0031996800319968,0,0.0011998800119988,0.0013998600139986,0,0,0.0012998700129987,0.0001999800019998,9.99900009999e-05,0,0,0.0001999800019998,0,0,0,0,0.0266973302669733,0.0005999400059994,0,0,0.153784621537846,0,0,0,0,0,0.0012998700129987,0.173882611738826,0,0,0.044995500449955,0,0,0,0,0,0,0.0046995300469953,0,0,0,0,0.00999900009999,0,0.0004999500049995,0,0,0.0051994800519948,0
0,0.0126974605078984,0,0,0,0,0,0,0,0.000599880023995201,0,0,0,0.0519896020795841,0.000999800039992002,0,0,0,0,0,0.00749850029994001,0,0,0,0,0,0.0001999600079984,0,0.000399920015996801,0.0002999400119976,0,0,0,0,0,0,0,0.00829834033193361,0,0,0,0,0,0.0421915616876625,0,0.00529894021195761,0,0,0,0,0.000399920015996801,0,0,0,0,0,0,0,0,0.010997800439912,0,0.0162967406518696,0,0.000499900019996001,0,0,9.99800039992002e-05,0,0,0.00759848030393921,0,0,0,0,0,0.0428914217156569,0,0,0,0.00459908018396321,0,0,9.99800039992002e-05,0,0,0.000399920015996801,0,0.0001999600079984,0,0,0,0,0,0,0,0,0.000999800039992002,0,0,0,0,0.00359928014397121,0,0,0,0,0,0.00599880023995201,0,0,0,0,0,0.00779844031193761,0,0,9.99800039992002e-05,0,0.0030993801239752,0,0,0,0,0,0.00589882023595281,0,0,0,0,0,0.00539892021595681,0.013497300539892,0,0,0,0,0,0,0,0,0,0,0,0,0,0,0,0,0,0.001499700059988,0.0011997600479904,0,0,0,0.0001999600079984,0,0,0,0,0,0,0,0,0,0,0,0,0,0,0.000499900019996001,0,0,0.0107978404319136,0,0,0,0,0,0,0,0,0,0,0,9.99800039992002e-05,0,0,0,0,0.0016996600679864,0,0.00349930013997201,0,0,0,0.0001999600079984,0.0021995600879824,0,0,9.99800039992002e-05,0,0,0,0.0026994601079784,0,0,0,0,9.99800039992002e-05,0,9.99800039992002e-05,0,0,0,0,0,0,0,0,0.0010997800439912,0,0.00419916016796641,0,0,0,0,0,0,0,0,0,0,9.99800039992002e-05,0.0372925414917017,0,0,0,0,9.99800039992002e-05,0.00249950009998,0,0,0,0,9.99800039992002e-05,0,9.99800039992002e-05,0,0,0,0,0,0,0,0.0028994201159768,0.001499700059988,0.0001999600079984,0,0,0,0,0,0.000599880023995201,0.0001999600079984,0.0001999600079984,0,0,0.131373725254949,0.000399920015996801,0.0136972605478904,0.0258948210357928,0,0,0,0,0,0,0,0,0.462007598480304,0,0,0.0281943611277744,0,0,9.99800039992002e-05,0,0,0,0,0,0,0,0,0,0,0.0002999400119976,0,0,0.0010997800439912,0
0,0,9.99200639488409e-05,9.99200639488409e-05,0,9.99200639488409e-05,0,0.0016986410871303,0,0,0,0,0.000199840127897682,0.0188848920863309,0.0231814548361311,0,0,9.99200639488409e-05,0,0,0.000399680255795364,0.00309752198241407,0,0,0,0.331135091926459,0,0,0.00409672262190248,0,0.00129896083133493,0,0.00349720223820943,0.00949240607513989,0,0,0.000499600319744205,0,0,0,0,0,0,0,0,0.015687450039968,0.00869304556354916,9.99200639488409e-05,0,0,9.99200639488409e-05,0,9.99200639488409e-05,0,0.000699440447641887,0,0,0,0,0,0,0.000499600319744205,0,0,0,9.99200639488409e-05,0.00109912070343725,0,0,0,0.00139888089528377,0,0,0.000399680255795364,0,0,0,0,0,0.00449640287769784,0,0,0,0,0.000699440447641887,0.00239808153477218,0.0237809752198241,0,0,0.00229816147082334,0,0,0.00259792166266986,0,0.00299760191846523,0,0,0,0.00269784172661871,0,0,0,0,0,9.99200639488409e-05,0,9.99200639488409e-05,0.021382893685052,0,0,0,0.000599520383693046,0,0.0163868904876099,0,0,0,0,0.00409672262190248,9.99200639488409e-05,0,0,0.00299760191846523,9.99200639488409e-05,0.107913669064748,0,0,0,0,0,0.000999200639488409,0.00919264588329336,0,0,0,0,0.0251798561151079,0,0,0,0.03707034372502,0,0,0,0,0,0,0,0,0,0.000799360511590727,0,0,0,0,0.000199840127897682,0,0,0.000599520383693046,0.00539568345323741,0,0,0,0,0,9.99200639488409e-05,0,0,0,0,0,0,9.99200639488409e-05,0,0,0.000399680255795364,0,9.99200639488409e-05,0,0,0,0,0,9.99200639488409e-05,0,0,0,0,0,9.99200639488409e-05,0,0.00369704236610711,0,0,0,0,0,9.99200639488409e-05,9.99200639488409e-05,0,0,0,0,0,0,0.00229816147082334,0,9.99200639488409e-05,0,0,0,0,0,0.000399680255795364,0,0,0,0.000899280575539568,0.0191846522781775,0.000199840127897682,9.99200639488409e-05,0,0,0,0,9.99200639488409e-05,0,0.000599520383693046,0.00559552358113509,0,0.0116906474820144,0,0,0.0989208633093525,0,0,0,0,0,0,0,0,0,0,0,0,0,0,0,0,0.00229816147082334,0,0.00119904076738609,0,0.000699440447641887,0.0116906474820144,0.000399680255795364,0,0,0,0.000399680255795364,0,9.99200639488409e-05,0,0,0,9.99200639488409e-05,0,0,0.000299760191846523,0,0.00139888089528377,0.0132893685051958,0,0,0,0,9.99200639488409e-05,0,0.0964228617106315,0,0.000299760191846523,0.0162869704236611,0,0,0,0,0,0,0.0016986410871303,0,0,0,0,0.000399680255795364,0,0,0.000299760191846523,9.99200639488409e-05,0.00569544364508393,0
0,0,0,0,0,0.000299640431482221,0.00159808230123851,0.00119856172592889,0,9.98801438274071e-05,9.98801438274071e-05,0,0.000199760287654814,9.98801438274071e-05,0.0125848981222533,0.0013983220135837,0.00149820215741111,0.000399520575309628,0,0.000199760287654814,0.00229724330803036,0.00579304834198961,0,0,0,0.231921693967239,0,0,0,0.00819017179384738,0.00329604474630443,0,0,0.00729125049940072,0,0,0.000299640431482221,9.98801438274071e-05,9.98801438274071e-05,0,0,0,0,0,0,0.0453455852976428,0,9.98801438274071e-05,0,0,9.98801438274071e-05,0,9.98801438274071e-05,0,0.000799041150619257,0,0,0,0,0.0102876548142229,9.98801438274071e-05,0.00189772273272074,0,0.00199760287654814,0,0,0.0221733919296844,0,0,0,0.00109868158210148,9.98801438274071e-05,0,0.00159808230123851,0,0,0,0,0,0.00928885337594886,0,0,0,0,0.00369556532161406,0.000499400719137036,0,0,0,0.00299640431482221,0,0.000199760287654814,0.013983220135837,0,0,0,0,0,0.00359568517778666,0,0,0,0,0,0.000299640431482221,0,9.98801438274071e-05,0.053236116660008,0,0,0,9.98801438274071e-05,0,0.00109868158210148,0,0,0.00319616460247703,0,0.00439472632840591,0,0.0143827407111466,0,0,0.000299640431482221,0.00709149021174591,0,0,0,0.000299640431482221,0,0.0556332401118658,0.0185777067518977,0,0,0,0,9.98801438274071e-05,0,9.98801438274071e-05,0,0.13134238913304,0.000399520575309628,0,0,0,0,0,0,0.00259688373951258,0,0,0.000599280862964443,0.000199760287654814,0,0,0,0,0,0,0.00119856172592889,0,0.00479424690371554,0,0.0572313224131043,9.98801438274071e-05,0,9.98801438274071e-05,0,0,0,0,0,0.000199760287654814,0,0,0,0.00888933280063923,9.98801438274071e-05,0,0,0,0,0.000199760287654814,0,0,0,0,0.000299640431482221,0,0,0,0.00349580503395925,0,0,0,0.000499400719137036,0.000799041150619257,0.00439472632840591,0,0.00789053136236516,0,0,0,9.98801438274071e-05,0,0,0,0,0,0,0.00489412704754295,0,0,0.000199760287654814,0.000199760287654814,0,0.00499400719137036,9.98801438274071e-05,0,0.000399520575309628,0,0,0.00569316819816221,0,0,0,9.98801438274071e-05,9.98801438274071e-05,0.000399520575309628,0,0.00679184978026368,0,0,0.0151817818617659,0,0,0,0,0.00359568517778666,0,0,0,0.000799041150619257,0,0,0,0,0,0,0,9.98801438274071e-05,0,0.00069916100679185,0,0.000998801438274071,0.0097882540950859,0.0389532560926888,0,0.000799041150619257,0.0395525369556532,0,0,9.98801438274071e-05,0,0.0373551737914503,0,0,0,0.000199760287654814,0.00069916100679185,9.98801438274071e-05,0,0.00489412704754295,9.98801438274071e-05,0.00109868158210148,0,0,9.98801438274071e-05,0.000499400719137036,0.000499400719137036,0,0,0.0148821414302837,0,0.00259688373951258,0,0,0,0,0.00499400719137036,0,0,0,9.98801438274071e-05,0.00339592489013184,0,0.00469436675988813,0,0,0.00609268877347183,0
0,0,0,0,0,0,9.9930048965724e-05,0.00139902068552014,0.0170880383731388,0,0,0.000299790146897172,0,0,0,0,0,0,0,0,9.9930048965724e-05,9.9930048965724e-05,0,0,0,0.432996902168482,9.9930048965724e-05,0,0.000399720195862896,0.0024982512241431,0,9.9930048965724e-05,0.00579594284001199,0.0136904167083042,0,0,9.9930048965724e-05,0.000199860097931448,0,0,0,0,0,0.00169881083241731,0,0.0808434096132707,0,0,0,0,0,0,9.9930048965724e-05,0,0.000599580293794344,9.9930048965724e-05,0,0,0,0.00189867093034876,0,0.00129909063655441,0,9.9930048965724e-05,0.0212851004296992,0,0.00699510342760068,0,0,0.000299790146897172,0.00159888078345158,0,0.000199860097931448,0.000699510342760068,0,0,0,9.9930048965724e-05,0,0,0,0.000799440391725792,0.00139902068552014,0,0.000299790146897172,0,0,0,0,0.000299790146897172,0.042370340761467,0.000199860097931448,0,0,0,0,0,0,0.00519636254621765,0,0,0,0,0.000199860097931448,9.9930048965724e-05,0,0.00779454381932647,0.0193864294993505,0,0,0,0.000299790146897172,0,0.0123913260717498,0,0,0,0,0.0159888078345158,0,0,0,0,9.9930048965724e-05,0.000799440391725792,0,0,0,0,0.000799440391725792,0.00399720195862896,0.0049965024482862,0,0,0,0,0.000899370440691516,0,0,0,0.00309783151793744,0,0,0,0,0,0.000199860097931448,0,0,0,9.9930048965724e-05,0,0,0.000399720195862896,0,0,0,0,0,0.0099930048965724,0,0,0,0,0,0,0,0,0,0,0,0,0,0,0,0,0,0.000599580293794344,0.0139902068552014,0.000199860097931448,0.000599580293794344,0,0,0,0.00119916058758869,0,0,0,0,0,0,0.00129909063655441,0.000299790146897172,0,0,0,0,9.9930048965724e-05,0,0,0,0,0,0,0,0.000599580293794344,0,0,0.000299790146897172,0.000299790146897172,0,0.000299790146897172,0.000199860097931448,0,0.000199860097931448,9.9930048965724e-05,0.00799440391725792,0.00049965024482862,0.0045967822524233,0.000399720195862896,9.9930048965724e-05,0.000199860097931448,0,0.00109923053862296,0,0.00129909063655441,0,0,0.00629559308484061,0.00199860097931448,0.00879384430898371,0,0,0.0379734186069751,0,0,0.000299790146897172,0,0,0.00309783151793744,0,0,0.0327770560607575,0,0,0,0.00979314479864095,0,0,0,0,0.000399720195862896,0.000199860097931448,0,0.000399720195862896,0.00099930048965724,0.000199860097931448,0.000399720195862896,0.00119916058758869,0,0,0,0,0.00129909063655441,9.9930048965724e-05,9.9930048965724e-05,9.9930048965724e-05,0,0.000399720195862896,0.00199860097931448,0,0,0.0102927950434696,0,0,0,0,9.9930048965724e-05,9.9930048965724e-05,0.0982312381333067,0,0.00419706205656041,0.00609573298690916,0,0,0,0,0,0.00199860097931448,0.000799440391725792,0,0,0,0,0.000699510342760068,0.000399720195862896,0,0,0,0.00479664235035475,0.0020985310282802
0,0.000199940017994602,0,0,0,9.99700089973008e-05,0.00559832050384884,0,0,0,0,9.99700089973008e-05,0,0,0.00499850044986504,0,0,0,0,0,0,0.0104968509447166,0,0,0,0.296311106668,0,0,0.0140957712686194,0.00109967009897031,0,0,0,0,0,0,0.0113965810256923,0,0,0,0,0,0,0.0141957412776167,0,0.00529841047685694,0,0,0,9.99700089973008e-05,0,0,0,0,0.00549835049485154,0.00109967009897031,0,0,0,0,0.000399880035989203,0,0,0,0,0,0,0,0,0,0,0,0,0,0,0,0,0,0.000699790062981106,0.0287913625912226,0.00149955013495951,0,0,0,0.000599820053983805,0,0.0415875237428771,0,0,0.00829751074677597,0,0,0.0127961611516545,0,0,0,0,0,0.00159952014395681,0,0,0,0,9.99700089973008e-05,0,0,0.000699790062981106,0,0,0,0,0,0,0.00109967009897031,0,0,0,0,0.010296910926722,0,0,0,0,0,0.0110966709987004,0,0,0,0.000699790062981106,0,0.00489853044086774,0.000599820053983805,0,0,0,0,0.00219934019794062,0,0,0,0.00169949015295411,0,0,0,0,0,0.00109967009897031,0,0,0,0.00269919024292712,0,0,0,0,0,0,0,0,0.000899730080975707,0,0,0,0.135259422173348,0,0,0,0,0,0,0,0,0,0,0,0,0,0.00299910026991902,0,0,0,0,0,0,0,0,0,0,0.00139958012596221,0.000599820053983805,0,0.0105968209537139,0.00299910026991902,0,0,0,0,0,9.99700089973008e-05,0,0,0,0,0,0,0.0262921123662901,0.000999700089973008,0,0,0,0,0,0,0,0.00179946016195141,0,0,0.00659802059382185,0.0764770568829351,0,0,0,0,0,0,0,0.00459862041387584,0,0.00849745076477057,0,0.0131960411876437,0,0,0,0,0,0,0,0,0,0,0,0,0,0,0,0,0,0,0,0,0.000699790062981106,0.00459862041387584,0,0.000399880035989203,0.00699790062981106,0.000299910026991902,0,0.00189943017094872,0.0181945416375087,0,0,0,0.000299910026991902,0,0.000499850044986504,0,0,0,0,0.00159952014395681,0.0106967909627112,0,0,0,0,0,0,0,0.000699790062981106,0,0.00729781065680296,0.134959512146356,0,0,0,0,0,0,0.011296611016695,0,0,0,0,0.000199940017994602,0,0.00199940017994602,0,0,0,0
0.00329934013197361,0.000699860027994401,0,0,0,0,0,0,0,0,0,0,0,0,0,0,0,0,0,0,0,0,0,0,0,0.020495900819836,0,0,0,0,0,0,0,0.0156968606278744,0,0,0,0,0,0,0,0,0.0147970405918816,0,0,0.0117976404719056,0,0,0.001499700059988,0,0,0.00399920015996801,0,0,0,0,0,0,0,0,0,0,0,0,0.0027994401119776,0,0,0,0.000699860027994401,0,0,0,0,0,0,0,0,0,0,0,0,0,0,0,0,0,0,0,0,0,0,0,0.0423915216956609,0,0,0.00559888022395521,0,9.99800039992002e-05,0,0.0001999600079984,0,0.00879824035192961,0,0,0,0,0,0.30253949210158,0,0,0,0,0,0,0,0,0,0,0,0.0020995800839832,0,0,0,0,0,0,0.0018996200759848,0,0,0,0,0,0,0,0,0.00569886022795441,0.00349930013997201,0,0,0,0.000799840031993601,0,0.0002999400119976,0,0,0,0,0,0,0,0,0,0,0,0,0,0,0,0,0,0.0017996400719856,0,0,0,0,0,0,0.000499900019996001,0,0,0,0,0,0,0,0,0,0,0.0016996600679864,0,0,0.0011997600479904,0,0,0,0,0,0,0,0,0,0,0.0001999600079984,0,0,0.000399920015996801,0,0,0,0,0,0.00419916016796641,0,0,0,0,0,0,0,0,0,0,0,0,0,0,0.0213957208558288,0,0,0,0,0,0,0,0,0,0,0,0,0,0,0,0,0,0,0,0,9.99800039992002e-05,0,0,0,0,0,0,0,0,0,0,0,0,0,0,0,0,0,0,0,0,0,0,0,0,0,0,0,0,0,0.0102979404119176,0,0.0190961807638472,0,0,0,0,0,0,0,0,0,0.487402519496101,0,0,0,0,0,0,0,0,0,0,0,0,0,0,0,0,0.001999600079984,0,0,0,0
0,9.99900009999e-05,0,0,0,0,0.0017998200179982,0,0,0,0,0,0.0001999800019998,0,0.0020997900209979,0,0,9.99900009999e-05,9.99900009999e-05,0,0.0002999700029997,0.0022997700229977,0,9.99900009999e-05,0,0.223877612238776,0,0,0.0017998200179982,0.0017998200179982,9.99900009999e-05,0,0,0.0138986101389861,0,0,0.0011998800119988,0,9.99900009999e-05,0.0001999800019998,0,0,0,0.0090990900909909,9.99900009999e-05,0.0107989201079892,0,0,0,0,0.0002999700029997,0,0,9.99900009999e-05,0.0001999800019998,0,0,0,0,0.0007999200079992,0,0,0,0.0001999800019998,0,0,0.0017998200179982,0,0,0.018998100189981,0.0016998300169983,0,0,0.0018998100189981,0,0,0,0,0,0.0016998300169983,0,0.0014998500149985,0.0001999800019998,0,0.0045995400459954,0.000999900009999,0.0210978902109789,0,0,0.0141985801419858,0,0.0056994300569943,0,0,0,0,0,0,0.0110988901109889,0,0,0.0045995400459954,0,0,0.0002999700029997,0,0,0.0143985601439856,0,0,0,0,0,0.0033996600339966,0,9.99900009999e-05,0,9.99900009999e-05,0.0027997200279972,0,0,0,0,0.0001999800019998,0.0246975302469753,0,0,0,0,0,0.0015998400159984,0.0065993400659934,0,0,0,0,0.0011998800119988,0,0,0,0.0027997200279972,0,0,0,0,0,0.0001999800019998,0,0,0,0.0023997600239976,0.0026997300269973,0.0001999800019998,0,0.0090990900909909,0,0.0001999800019998,0,0,0,0,0,0,0,0,0,0,0,0,0.0052994700529947,9.99900009999e-05,0,0,0,0,0,0,0,0.0011998800119988,0,0,0,0,0.0053994600539946,9.99900009999e-05,0,0,0.0641935806419358,0,0,0,0.0010998900109989,0,0.0004999500049995,0,0,0,0,0,0,0.0008999100089991,0,0,0.0001999800019998,0,0.0003999600039996,0.0002999700029997,0,9.99900009999e-05,9.99900009999e-05,0,0,0,0,0.0014998500149985,9.99900009999e-05,0.0063993600639936,0.0007999200079992,0.013998600139986,0,0,0.0012998700129987,0,0,9.99900009999e-05,0,0,0,0.0070992900709929,0,0.0027997200279972,0.0005999400059994,0,0.0783921607839216,0,0,0.0001999800019998,0,0,0.0006999300069993,0,0,0,0,0.0005999400059994,0,0,0,0,0,0,0,0,0,0.0002999700029997,9.99900009999e-05,0.0004999500049995,0,0.0017998200179982,0.0005999400059994,0,0,0,9.99900009999e-05,0.0002999700029997,0,0,0,0,0.017998200179982,0,9.99900009999e-05,0.0513948605139486,0,0.0001999800019998,0,0,0,0.0002999700029997,0.247475252474753,0,0,0.0175982401759824,0,0,0,0,0,0.0033996600339966,9.99900009999e-05,0,0,0,0,0.0074992500749925,0.0005999400059994,0.0024997500249975,0,0,0.0178982101789821,0
0,0,0,0.0001000100010001,0,0,0,0,0,0,0,0,0,0,0.0033003300330033,0.0002000200020002,0,0,0,0,0,0.0027002700270027,0,0.0003000300030003,0,0.133013301330133,0,0,0.0171017101710171,0.0003000300030003,0,0,0,0.0064006400640064,0,0,0.0036003600360036,0,0,0,0,0.0008000800080008,0,0,0,0.0457045704570457,0,0,0,0,0,0,0,0,0,0,0,0,0,0,0,0,0,0,0,0,0,0,0,0,0,0,0,0,0,0,0,0,0,0,0.0002000200020002,0,0.0197019701970197,0,0,0,0,0,0,0,0,0.0074007400740074,0.0003000300030003,0,0,0.0001000100010001,0.0504050405040504,0,0,0,0,0,0,0,0,0.0046004600460046,0,0.043004300430043,0,0,0,0,0.0001000100010001,0,0,0,0,0,0.0377037703770377,0,0,0,0,0,0.0027002700270027,0,0,0,0,0,0,0.0061006100610061,0,0,0,0.0009000900090009,0.0009000900090009,0,0,0.0001000100010001,0.0015001500150015,0,0,0,0,0,0.0069006900690069,0.0004000400040004,0,0,0.0006000600060006,0,0,0.0011001100110011,0,0,0,0,0,0,0.004000400040004,0.0004000400040004,0,0,0,0,0.0001000100010001,0,0,0,0,0,0.324132413241324,0,0,0,0,0,0,0,0,0,0,0,0,0,0,0,0,0,0.0004000400040004,0.0203020302030203,0.0004000400040004,0,0,0.0002000200020002,0,0,0,0,0,0,0,0,0,0.0057005700570057,0,0,0.0004000400040004,0.0107010701070107,0,0,0,0,0.0011001100110011,0,0.0024002400240024,0.038003800380038,0.0244024402440244,0,0,0,0,0,0,0,0,0,0,0,0,0,0,0,0,0,0,0,0.0001000100010001,0,0,0,0,0,0,0,0,0,0,0,0.0287028702870287,0,0,0,0,0,0,0,0,0,0,0,0,0,0.0009000900090009,0,0,0,0,0.0148014801480148,0,0,0,0,0,0,0,0,0,0.062006200620062,0,0,0.0317031703170317,0,0,0,0,0,0.0148014801480148,0,0,0,0,0,0.0002000200020002,0.0005000500050005,0.0005000500050005,0,0,0.0149014901490149,0
0,0,0,0,0,0,0.0001999800019998,0.0018998100189981,0,0,0,0,0,0,0.0001999800019998,0,0,0,0,0.0073992600739926,0.0013998600139986,0,0,0.0002999700029997,0,0.0545945405459454,0,0,0.0021997800219978,0.0016998300169983,0.225077492250775,0,0,0.005999400059994,0,0,0.0004999500049995,0.0065993400659934,9.99900009999e-05,0,0,0,0,0.0018998100189981,0,0.0175982401759824,0,0,0,0,0.0002999700029997,0,0,0,0.0008999100089991,0,0,0,0,0.0082991700829917,9.99900009999e-05,0,0.0006999300069993,0,0,0,0.0020997900209979,0,0,0.0228977102289771,0.0001999800019998,0,0,0,0.0042995700429957,0,0,0,0,0.0014998500149985,0,0,0.0115988401159884,0,0.0027997200279972,0,0.0124987501249875,0,0,0.0027997200279972,0,0.0001999800019998,0.0001999800019998,0,0,0,0,0,0.0021997800219978,0,0,0,0,0,0.0013998600139986,0,0.0144985501449855,0.186081391860814,0,0,0,0,0,0.001999800019998,0,0.0008999100089991,0,0,0.0086991300869913,0,0,0,0,9.99900009999e-05,0.0034996500349965,0,0,0,0,0,0.0138986101389861,0.0043995600439956,0,0.0005999400059994,0,0,9.99900009999e-05,0.0002999700029997,0,0,0.0014998500149985,0,0,0,0,0,0.0016998300169983,0,0,0,0.0016998300169983,0.0011998800119988,0,0.0007999200079992,0,0,0,0,0,0.0020997900209979,0,0,0,0.0222977702229777,0.0001999800019998,0,0,0,0,0,0,0,0,0,0,0,0,0.0185981401859814,0,0,0,0,0,0,0,0,0,0,0,0,0,0.0010998900109989,0,0,0,0,0,0,0,0.0002999700029997,0,0,0,9.99900009999e-05,0,0.0064993500649935,0,0,0.0068993100689931,0.000999900009999,0,0.0055994400559944,0,0,0.0008999100089991,0,0.0081991800819918,0.0021997800219978,9.99900009999e-05,0,0.0047995200479952,0.0060993900609939,0,0,0,9.99900009999e-05,0,0,0.0017998200179982,0,0.0033996600339966,0,0,0.0472952704729527,0,0,0,0,0,0,0,0,0,0,0,0,0,0,0,0,0,0,0.0018998100189981,0,0.0005999400059994,0.0162983701629837,0.0002999700029997,0,0.0011998800119988,0.0002999700029997,0,0,0,0.0001999800019998,0,0,0,0,0,0.0797920207979202,0,0,0.0080991900809919,0,9.99900009999e-05,0,0,0,0.0001999800019998,0.0850914908509149,0,0,0.0105989401059894,0,0,0,0,0.0003999600039996,0,0.0002999700029997,0,0,0,0,0,0,9.99900009999e-05,0,0,0.005999400059994,0.0042995700429957
0,0,0,0,0,0,0.000600120024004801,0.00370074014802961,0,0,0,0,0,0,0.0216043208641728,0,0,0,0,0,0,0,0,0.0014002800560112,0,0.167733546709342,0.0002000400080016,0,0.0014002800560112,0.00760152030406081,0.118323664732947,0,0,0.000600120024004801,0,0,0.00550110022004401,0.000400080016003201,0.0002000400080016,0,0,0.0001000200040008,0,0,0,0,0,0,0,0,0,0,0,0,0,0,0,0,0,0,0,0.00380076015203041,0,0,0,0,0.02750550110022,0,0,0,0,0,0,0,0,0,0,0,0,0,0,0,0,0,0,0.00410082016403281,0.00700140028005601,0,0,0.00530106021204241,0,0.000700140028005601,0.0469093818763753,0,0,0.0003000600120024,0,0,0.0023004600920184,0,0,0,0,0,0.0003000600120024,0.00650130026005201,0,0.0436087217443489,0,0,0,0,0,0.0018003600720144,0,0,0.0189037807561512,0,0,0,0,0,0,0.002000400080016,0.0243048609721944,0.00560112022404481,0,0,0,0,0.0884176835367073,0,0,0,0,0,0.000500100020004001,0,0,0,0.00630126025205041,0,0,0,0,0,0,0,0,0.0003000600120024,0,0,0.0011002200440088,0.0014002800560112,0.0001000200040008,0,0,0.0001000200040008,0,0,0,0,0,0,0,0,0,0,0,0,0,0,0.0003000600120024,0,0,0.0002000400080016,0.00890178035607121,0.0012002400480096,0,0,0,0,0,0,0,0,0,0,0,0,0,0.0136027205441088,0,0,0,0,0,0.00870174034806961,0,0,0,0,0,0,0,0,0,0,0.000500100020004001,0.00400080016003201,0.0119023804760952,0,0,0,0,0,0,0.0011002200440088,0.00750150030006001,0.0012002400480096,0,0.00800160032006401,0.00410082016403281,0,0,0,0,0.0214042808561712,0,0.00900180036007201,0.0012002400480096,0,0,0.0131026205241048,0,0,0,0,0.000500100020004001,0,0,0,0.00430086017203441,0,0,0,0,0,0.002000400080016,0,0,0,0,0,0,0,0.00340068013602721,0,0.0001000200040008,0,0,0,0,0,0,0,0,0,0,0.0403080616123225,0,0,0.024504900980196,0,0,0.0001000200040008,0.0001000200040008,0,0,0.163132626525305,0,0,0.0026005201040208,0,0,0,0,0,0,0,0,0,0,0,0.00880176035207041,0,0.00400080016003201,0,0.0001000200040008,0.0016003200640128,0
0.00509643249725192,0,9.9930048965724e-05,0,0,0,0,0,0,0,0,0,0,0,0.0146897171979614,0,0.000399720195862896,0,0,0,0,0.000199860097931448,0,0.00179874088138303,0,0.159588288198261,0,0,0.00309783151793744,0.00949335465174378,0.0299790146897172,0,0,0.0111921654841611,0.000699510342760068,0,0.00319776156690317,0.0099930048965724,0,0,0,0,0,9.9930048965724e-05,0,0.000599580293794344,0,0,0,0,0,0,0,0,0.00049965024482862,0,0,0.000199860097931448,0,0.00419706205656041,0,0,0,0,0,0,0,0.00119916058758869,0,0,0.00229839112621165,0,0,0,0,0,0,0,0,0.0049965024482862,0,0,0.0164884580793445,0,0,9.9930048965724e-05,0,0,0,0.00869391426001799,0.00369741181173179,0,0.0262816028779854,0,0,0.0145897871489957,0,0,0.00389727190966324,0,0,0,0,0,0.00049965024482862,0.000599580293794344,0,0.101928649945038,0,0,0,0,0.000699510342760068,0,0,0.00049965024482862,0,9.9930048965724e-05,0.0268811831717798,0,0.0119916058758869,0.00319776156690317,0,0,0.00149895073448586,0,9.9930048965724e-05,0,0,0,0.0184870590586589,0,0,0,0.000599580293794344,0.000399720195862896,9.9930048965724e-05,0,0,0,0.000699510342760068,0,0,0,0,0,0,0,0.00189867093034876,0.000599580293794344,0,0,0,0,0,0,0,0,0,0.000599580293794344,0,0.00699510342760068,0,0.00489657239932048,0,0,0,0.0321774757669631,0,0,0.000799440391725792,0.00719496352553213,0,0.0045967822524233,0,0,0.00919356450484661,9.9930048965724e-05,0.00269811132207455,0,0,0.00369741181173179,0,0,0.000699510342760068,0,0,0,0.00989307484760668,0,0,0.00279804137104027,0.00139902068552014,0,0,0,0,0.00359748176276606,9.9930048965724e-05,0,0,0.00149895073448586,0,9.9930048965724e-05,0.0206855201359049,0,0,0,9.9930048965724e-05,0,0.0078944738682922,0,0,0,9.9930048965724e-05,0.00389727190966324,0.00419706205656041,0,0.0049965024482862,0,0.0020985310282802,0,0.000199860097931448,0,0,0,0,0,0.00269811132207455,0.0155890876386529,0,0,0,0.00259818127310882,0,0,0,0.00049965024482862,0.000699510342760068,0,0,0,0.00239832117517738,0,9.9930048965724e-05,0.000399720195862896,0.0108923753372639,0,0,0,0,0.000199860097931448,0.00049965024482862,0,0.000199860097931448,9.9930048965724e-05,0,0,0.00199860097931448,0.00109923053862296,0,0,0,0.000199860097931448,0,0,0,0.00529629259518337,0.000199860097931448,0.00099930048965724,0,0.00829419406415509,0.00719496352553213,0,9.9930048965724e-05,0.000399720195862896,0,0,0.000599580293794344,0.272209453382632,0,0,0.00139902068552014,0,0,0,0,0,0,0.000199860097931448,0,0,0,0.000299790146897172,0.01448985710003,0,0.00179874088138303,0,0,0.00099930048965724,0
0,0,0,0,0,0,0,0,0,0,0,0,0,0,0,0,0.000699230846069324,0,0,0,9.98901208670463e-05,0.0027969233842773,0,0,0,0.240635301168714,0,0,0.000499450604335231,0,0.00119868145040456,0.0188792328438717,0,0.0106882429327739,0,0,0,9.98901208670463e-05,0,0,0,0,9.98901208670463e-05,0,0,0.00699230846069324,0,0,0,0,0,0,0,0,0,0,0,0,0,9.98901208670463e-05,0,0,0,0,0,0,0.00219758265907502,0,0,0,0,0,0,9.98901208670463e-05,0,0,0,0,0,0.000199780241734093,0,0,0,0,0,0,0,9.98901208670463e-05,0,0.00079912096693637,0,0,0,0,0,0,0,0,0.00219758265907502,0,0,0,0,0,0,0,0,0.0159824193387274,0,0.00159824193387274,0,0,0,0.000199780241734093,0,0,0,0,0.000499450604335231,0.000199780241734093,0,0,0,0,0.0277694536010389,0,0,0,0,0,0,0,0,0,0,0,0,0,0,0,0.000199780241734093,0,0,0,0,0,9.98901208670463e-05,0,0,0,9.98901208670463e-05,0,0,9.98901208670463e-05,0,0,0,0,0,0,0,0,0,0.012985715712716,0,0,0,0,0,0,9.98901208670463e-05,0,0,0,0,0,0,0,0.00729197882329438,9.98901208670463e-05,0,0,0,0,9.98901208670463e-05,0,0,0,0,0,0,0.000199780241734093,9.98901208670463e-05,0.000399560483468185,0,0,0,0,0,0,0,0,0,0,0,0.000199780241734093,0,0,9.98901208670463e-05,0,0,0,0,0,0,0,0,0,9.98901208670463e-05,0,0.000199780241734093,0,0,0,0,0,0,0,0,0,9.98901208670463e-05,0,0,0.0299670362601139,0,0,0,0,0,0,0,0,0,0,0,0,0,9.98901208670463e-05,0,0,0,9.98901208670463e-05,9.98901208670463e-05,0,9.98901208670463e-05,0.000199780241734093,9.98901208670463e-05,0,0,0.000199780241734093,0,0,0,0,0,0,0,0,0,0.560583358305864,0,0.000499450604335231,0.02367395864549,0,0,0,0,0,0,0.0208770352612127,0,0,0.00299670362601139,9.98901208670463e-05,0,0,0,0,9.98901208670463e-05,0.000199780241734093,0,0,0,0,0.000399560483468185,0,0.000599340725202278,0,0,0.00199780241734093,0
0,0,0,0,0,0,9.99200639488409e-05,0.000399680255795364,0,0,0,9.99200639488409e-05,0,0.00409672262190248,0.00229816147082334,0,0,0,0,0,0,0.000299760191846523,0,0.00329736211031175,0,0.335431654676259,0,0.000299760191846523,0.00119904076738609,0,0.00639488409272582,0,0,9.99200639488409e-05,0,0,0.00189848121502798,0.00249800159872102,0.000199840127897682,0,0,0,0,0,0,9.99200639488409e-05,0,0,0,0,9.99200639488409e-05,0,0,0,0,0,0,0,0,0,0,0,0,0,0,0,0.0113908872901679,0,0,0,0.000399680255795364,0,0,0,0,0,0,0,0,9.99200639488409e-05,0.000699440447641887,0,0.000499600319744205,0,0,0,0.0353717026378897,0,0,0.00199840127897682,0.000499600319744205,9.99200639488409e-05,0.000399680255795364,0.000399680255795364,0,9.99200639488409e-05,0,0,0,0,0.000299760191846523,0,0,0,0,0,9.99200639488409e-05,0.394584332533973,0,0,0,0,0,9.99200639488409e-05,0.000199840127897682,0,0,0,0.00229816147082334,0,0,0,0,9.99200639488409e-05,0.000999200639488409,0,0,0,0,0.00529576338928857,0.000199840127897682,0.000799360511590727,0,0,0,9.99200639488409e-05,0.0284772182254197,0,0,0,0.00579536370903277,0,0,0,0.00799360511590727,0,0,0,0,0,0.00129896083133493,0,0,0,0,0,0,0,0.00279776179056755,9.99200639488409e-05,0,0,0,0,0,0,0,0,0,0,0,0,0,0,0,0,0,9.99200639488409e-05,0.00149880095923261,0,0,0,0,0,0,0,0,0,0,0,0,0.00229816147082334,0.000199840127897682,0,0,0,0,0,0,0,0,0,0,0,0,0.00369704236610711,0,0,0,0.000299760191846523,0,0,0.000199840127897682,0.000299760191846523,9.99200639488409e-05,0,9.99200639488409e-05,0.000299760191846523,0.0358713029576339,0,0,0.000699440447641887,0,0,0,0,0,0,9.99200639488409e-05,9.99200639488409e-05,0.000899280575539568,0,0,0,0,0,0,0,0,0,0,0,0,0,0,0,0,0,0,0,0.000599520383693046,0.000399680255795364,0,9.99200639488409e-05,0,0,0,9.99200639488409e-05,0.000199840127897682,0,0,0.00109912070343725,0,0,0,0,0,0,0,0,0,9.99200639488409e-05,0.00569544364508393,0,0,0,0,0,0,0.0692446043165468,9.99200639488409e-05,0,0,0,0,0,0,0.00689448441247002,0.000599520383693046,0,0,0,0,0,0,0,0.000399680255795364,0.000299760191846523,0,0.00509592326139089,0
0,0,0,0,0,0,0.00239880059970015,0.00119940029985007,0,0,0,0,0,0.00669665167416292,0,0,0,0,0,0,0,0,0,0.000499750124937531,0,0.464867566216892,0,0,0.000699650174912544,0,0.0233883058470765,0,0,0.0336831584207896,0,0,0.00109945027486257,0.000199900049975012,0,0,0,0,0,0,0,0,0,0,0,0,0,0,0,0,0,0,0,9.99500249875062e-05,0,0,0,0,9.99500249875062e-05,0,0,0,0,0,0.00149925037481259,0.00279860069965018,0,0,0,0,0,0,0,0,0,0.00139930034982509,0,0,0.000999500249875062,0,0,0,0,0,9.99500249875062e-05,0.000999500249875062,9.99500249875062e-05,0,0.0584707646176912,0,0,0,0,0,0,0,0,0.00149925037481259,0,0,0,0,0,0.00839580209895052,0,0,0,0,0.00139930034982509,0,0,0,0,0,0,0,0,0,0,0,0.00869565217391304,0,0,0,0,0,0,9.99500249875062e-05,0,0,0,0.00449775112443778,0,0,0,0,0,0,0,0,0,0.00229885057471264,0,0,0,0,0.0015992003998001,0,0,0,0,0,0,0,0.00199900049975012,0,0.00129935032483758,0,0,0,0,0,0,0,0,0,0,0,0,0,9.99500249875062e-05,0,0,0,0.0110944527736132,0,0,0,0,0,0,0.0015992003998001,0.000199900049975012,0,0,0,0,0.000899550224887556,0,0,0,0,0,9.99500249875062e-05,0,0,0,0,0,0,0.0547726136931534,0,0,0,0.000199900049975012,9.99500249875062e-05,0,0,0,0,0,0,0.0219890054972514,0,0,0,0.00239880059970015,0,0,0,0,0,0,0,0,0,0,0,0,0.088255872063968,0,0,0,0,0,0,0,0,0,0,0.000199900049975012,0.000199900049975012,0,0,0,0,0,0,0,0,0,0,0,0,0,0,0,0,0,0,0,0.00079960019990005,0,0,0.000399800099950025,0.0318840579710145,0,0,0.0351824087956022,0,0,0,0,0,0.00509745127436282,0.000399800099950025,0,0,0.0966516741629185,0.000199900049975012,0,0,0,0,0.00169915042478761,0,0,0,0,0,0.0095952023988006,0,0,0,0,0.00289855072463768,0
0,0,0,0,0,9.99900009999e-05,0.0001999800019998,0,0,0,0,0,0,0.0366963303669633,0.0006999300069993,0,0,0,0,0,0.0004999500049995,0,0,0.0005999400059994,9.99900009999e-05,0.317768223177682,0,0,0.0008999100089991,0,0,0,0,0.0060993900609939,0,0,0,0,0,0,0,0,0,0.0103989601039896,0,0.0081991800819918,0,0,0,0,0,0,0,0,0,0,0,0,0,0,0,0,0,0,0,0,0.0015998400159984,0,0,0,0,0,0,0.0005999400059994,0,0,0,0,0,0,0,0,0,0,0.0002999700029997,0,0,9.99900009999e-05,0,0.0063993600639936,0,0,0.0002999700029997,0,0,0,0,0,0.0077992200779922,0,0,0.0037996200379962,0,0,0,0,0.0222977702229777,0.125587441255874,0,0,0,0,0,0.0031996800319968,0,0,0,0.0005999400059994,0.0002999700029997,0,0,0,0,9.99900009999e-05,0.0066993300669933,0,0,0,0,0,0,0.0054994500549945,0,0,0,0.0016998300169983,0.0018998100189981,0,0,0,0,0,0,0,0,0,0,0,0,0,9.99900009999e-05,0,0,0,0,0,0,0,0,0.0074992500749925,0,0,0,0.0237976202379762,0,0,0,0,0,0,0,0,0.0001999800019998,0,0,0,0,0,0.004999500049995,0.0001999800019998,0,0,0,0,0,0,0,0,0,0,0,0.0077992200779922,9.99900009999e-05,0,0,0,0,0,0,0,0,0,0,0,0.0548945105489451,0.0046995300469953,0,0,0,0.0001999800019998,0,0,0.0001999800019998,0,0,0,0.006999300069993,0,0,0,0,0,0,0,0,0,0,0,0.0054994500549945,0,0,0,0,0.121387861213879,0,0,0,0,0,0,0,0.0021997800219978,0,0,0,0,9.99900009999e-05,0,0,0,0,0,0,0,0,0,9.99900009999e-05,0,0,0.0003999600039996,0,0,0,0,0,0,0,0.151384861513849,0,0.0174982501749825,0,0,0.0058994100589941,0,9.99900009999e-05,0,0,0,0,0.0004999500049995,0,0,0.0065993400659934,0.0003999600039996,0,0.0044995500449955,0,0.0006999300069993,0,0,0,0,0,0,0,0,0,0,0,0,0
0.000499700179892065,0,0,0,0,0,0,0,0,0,0,0,0,0,0.015490705576654,0,0,0,0,0,0,0.00139916050369778,9.9940035978413e-05,9.9940035978413e-05,0,0.17379572256646,0,0,0.00139916050369778,9.9940035978413e-05,9.9940035978413e-05,0,0,0.0204877073755747,0,0,0.000599640215870478,0.0030981411153308,9.9940035978413e-05,9.9940035978413e-05,0,0,0,0,0,0,0,0,0,0,9.9940035978413e-05,0,0,0,0.00289826104337398,0,0,0,0,0.00129922046771937,0,0,0,0,0,0,0.044773136118329,0,0,0,0,0,0,0,0,0,0,0,0,0.0218868678792724,0,0,0.0218868678792724,0,0,0,0,0,0,0,0.00329802118728763,0.00219868079152508,0.0311812912252648,0,0,0.000799520287827304,0,0,0,0,0,0,0,0,0,0,0,0.262742354587248,0,0,0,0,0,0,0,0,0,9.9940035978413e-05,0.0053967619428343,0.00689586248251049,0,0,0.00469718169098541,0,0.0076953827703378,0,0,0,0,0,0,0,0,0,0,0,0.0317809314411353,0,0,0,0.0875474715170897,0,0,0,0,0,0,0,0,0,0,0,0,0,0,0,0,0,0.00159904057565461,0,0,0,0,0,0,0,0,0,0,0,0,0,0.0185888466919848,0,0,0,0,0.00299820107935239,0.00149910053967619,0,0,0,0,0,0,0,0,0,0,0,0,0.000199880071956826,0,0,0,0,0,9.9940035978413e-05,0,0,0,0,0,0,9.9940035978413e-05,0.0192884269438337,0,0,0.0076953827703378,0,0,0,0,0,0,9.9940035978413e-05,0.00199880071956826,0,0.0410753547871277,0,9.9940035978413e-05,0,0,0,0,0,0,0,0.00629622226664002,0,0,9.9940035978413e-05,0,0,0,0,0,0,9.9940035978413e-05,0.00249850089946032,0,0,0,0,0.0116929842094743,0,0,0,0,0,0,0,0,0,0,0.000799520287827304,0,9.9940035978413e-05,0,0,0.000599640215870478,0,0,0,0,0,0.000199880071956826,0,0,0.0828502898261043,0,0,0.00649610233859684,0,0,0,0,0,0,0.0244853088147112,0,9.9940035978413e-05,0.00409754147511493,0,0,0,0,0,0,0,0,0,0,0,0.00519688187087747,0,0.00199880071956826,0,0,0.00249850089946032,0
0,0,0,0,0,0,0.0021995600879824,0,0,0,0,0,0,0.00339932013597281,0,0,0,0,0,0,0.00509898020395921,0,9.99800039992002e-05,0,0,0.367226554689062,0,0,0,0,0.000599880023995201,0.000799840031993601,0,0,0,0,0,0,0,0,0,0,0,0,0,0.01999600079984,0,0,0,0,0,0,0,0,0,0,0.000399920015996801,0,0,0.00779844031193761,0,0,9.99800039992002e-05,0,0,0,0.00619876024795041,0,0,0,0.0156968606278744,0,0,0,0.0018996200759848,0,0,0,0,0.0128974205158968,0,0,0,0,0,0,0,0,0,0,0,0,0.0028994201159768,0,0,0,0,0,0,0,0,0.0015996800639872,0,0,0,0,0,0.0443911217756449,0,0,0,0,0,0,0,0,0,0,0.000799840031993601,0,0.000499900019996001,0,0,0,0,0,0,0,0,0,0,0,0,0,0,0,0,0,0,0,0,0,0,0,0,0,0,0,0,0,0.000399920015996801,0,0,0,0,0,0,0,0,0,0,0,0,0.307738452309538,0,0,0,0,0,0,0.0001999600079984,0,0.0001999600079984,0,0,0,0,0.00969806038792242,0.0002999400119976,0,0,0,0,0,0,0,0,0,0,0,0,0.0021995600879824,0,0,0,0,0,0,9.99800039992002e-05,0,0,0,0,0,0,0,0,0,0,0,0,0,0,0,0,0,0,0,0,0,0,0,0,0,0,0,0,0,0,0,0.0135972805438912,0,0,0,0,0,0,0,0,0,0,0,0,0,0.0002999400119976,0,0,0,0,0,0,0,0,0,0,0,0,0,0,0.000999800039992002,0,0,0,0,0,0,0,0,0,9.99800039992002e-05,0.00849830033993201,0,0.0246950609878024,0,9.99800039992002e-05,0,0,0,0,0.13627274545091,0,0,0,0,0,0,0,0,0,0,0,0,0,0,0,0,0,0,0,0,0
0,0,0,0,0,0,0,0,0,0,0,0,0,0,0.0018996200759848,0,0,0,9.99800039992002e-05,0,0,0.0018996200759848,9.99800039992002e-05,0,0,0.150669866026795,0,0,0.0010997800439912,0,0,0,0.0001999600079984,0.00339932013597281,0,0,0,0.0110977804439112,0,0,0,0,0,0,0,0.001999600079984,0,0,9.99800039992002e-05,0,0,0,0,0,0,0,0,0,0,0,0,0,0,9.99800039992002e-05,0,0,0.00569886022795441,0,0.0011997600479904,0.0016996600679864,0,0,0,0,0,0,0,0,0,9.99800039992002e-05,0,0.000899820035992801,0.000499900019996001,0,0,0.010497900419916,9.99800039992002e-05,0,0,0.0168966206758648,0,0.011997600479904,0,0,0,0,0,0,0.00939812037592481,0,0,0,9.99800039992002e-05,0.00709858028394321,0.000499900019996001,0,0,0.0257948410317936,0,0.00459908018396321,0,0,0,0.000899820035992801,0,0,0.0022995400919816,0,0.0020995800839832,0,0.00439912017596481,0,0,0,0.00429914017196561,0,0.0015996800639872,0,0,0,0.105678864227155,0.0001999600079984,0,0,0,9.99800039992002e-05,0,0,0,0,0,0,0,0,0,0,0,0,0,0,0,0,0,0,0,0,0,0,0.000699860027994401,0.000799840031993601,0,0.00599880023995201,0,0,0,0.021495700859828,0,0,0,0,0,0,9.99800039992002e-05,0,0,0,0,0,0.0013997200559888,0,0,0.00419916016796641,0,0,0,0,0,0.000499900019996001,0,0,0,0.014497100579884,0,0,0,0,0.0026994601079784,0,0,0,0,0.00439912017596481,0,0,0.0176964607078584,0.000599880023995201,0,0,0,0,0,0,0,0,0.000399920015996801,0.00579884023195361,0.00369926014797041,0,0,0,0.000399920015996801,0.0242951409718056,0,0,0,0,0,0,0,0.00559888022395521,0.0018996200759848,0,0,0.0030993801239752,0,0,0,0.001499700059988,0,0,0,0,0.0020995800839832,0,0,0,0,0,0,0,0,0,9.99800039992002e-05,0,0,0,0,0,0,0.0020995800839832,0,0,0,0,0,9.99800039992002e-05,0,0,0,0.0017996400719856,0,0,0.0433913217356529,0,0,0,0,0,0.000499900019996001,0.375124975004999,0,0,0.00859828034393121,0,0,0,0,0,0.0158968206358728,0.000699860027994401,0,0,0,0,0.0324935012997401,0,0,0.00399920015996801,0,0,0
0,0,9.99200639488409e-05,0,0,0,0,0.000999200639488409,0,0,0,0,0,0.0163868904876099,0.00899280575539568,0,0.000799360511590727,9.99200639488409e-05,0,0,0.00359712230215827,0.0016986410871303,0,0,0,0.204536370903277,0,0,0.000599520383693046,0,0.0136890487609912,0,0.00199840127897682,0.00449640287769784,0.000999200639488409,0,0.000699440447641887,0.0164868105515588,0,0,0,0,0,0.00479616306954436,0,0.00949240607513989,0,0,0,0,9.99200639488409e-05,0,0,0,0,9.99200639488409e-05,0,0,0,0.000399680255795364,0,0.00109912070343725,0,0,0,0,0.0129896083133493,0,0,0,0.00129896083133493,0,0,0.00139888089528377,0.00199840127897682,0,0,0,0,0.000899280575539568,0,9.99200639488409e-05,0.00339728217426059,0,0.0021982414068745,0.00119904076738609,0,0,0,0.00349720223820943,9.99200639488409e-05,0.000199840127897682,0.00269784172661871,0,0,0,0,0,0.00249800159872102,0,0.000399680255795364,0,0,9.99200639488409e-05,9.99200639488409e-05,0,0.00459632294164668,0.0588529176658673,0,0.0021982414068745,0,0,0,0.0134892086330935,0,0,0,0,0.00179856115107914,0.000199840127897682,0,0,0,0,0.0223820943245404,0,0.126798561151079,0,0,0.00809352517985612,0.0110911270983213,0.052158273381295,0,9.99200639488409e-05,0,0.000299760191846523,0,0,0,0,0.158173461231015,0,0,0,0,0,0.000299760191846523,9.99200639488409e-05,0,0,0.00349720223820943,0.00269784172661871,0.000599520383693046,0,0,0,0,0,0,0.00319744204636291,0,0,0,0,0,0,0,0,0,9.99200639488409e-05,0,0,9.99200639488409e-05,0,0,0,0,0.00959232613908873,9.99200639488409e-05,9.99200639488409e-05,0,0,0,0.000199840127897682,0.000899280575539568,0,9.99200639488409e-05,0,0,0,9.99200639488409e-05,0.00569544364508393,0,0,0.0126898481215028,0,0,0.000199840127897682,0,9.99200639488409e-05,0,0.000399680255795364,0,0,0,0.00239808153477218,0,0,0,0,0,0,9.99200639488409e-05,0,9.99200639488409e-05,0,9.99200639488409e-05,0.00139888089528377,0,0,0.00159872102318145,0,0.00229816147082334,0.000299760191846523,0,0.000499600319744205,0,0,0,9.99200639488409e-05,0.00399680255795364,9.99200639488409e-05,0,0.00909272581934452,0,0.000299760191846523,9.99200639488409e-05,0,0,0.00149880095923261,0,0,0.00129896083133493,0,0,0,0,0,0,0,0,0.000199840127897682,0.00209832134292566,0,0,0.000699440447641887,0.000499600319744205,0,0.000899280575539568,0.0123900879296563,9.99200639488409e-05,0,0,0,0,0,0,0.00249800159872102,0,0.000199840127897682,0.00189848121502798,0,0.0139888089528377,9.99200639488409e-05,0,0,0,0,9.99200639488409e-05,0.0966227018385292,9.99200639488409e-05,0,0.00649480415667466,0,0,0,0,0,0.000299760191846523,0.000599520383693046,0,0,0,0,0,9.99200639488409e-05,0.00349720223820943,0,0,0.00309752198241407,0
0,0,0,0,0,0,9.99500249875062e-05,0.00139930034982509,0,0,0,0,0,0.0145927036481759,0.000199900049975012,0,0,0,0,0,0.00759620189905048,0,0,0,0,0.15992003998001,0,0,9.99500249875062e-05,0.000199900049975012,9.99500249875062e-05,0,0,0.00219890054972514,0,0,9.99500249875062e-05,0,0,0,0,0,9.99500249875062e-05,0,0,0.015992003998001,0,0,0,0,0,0,0,0,0,0,0,0,0,0.00309845077461269,0,0,0,0,0.0183908045977011,0,0,0,0,0,0.00119940029985007,0,0,0.00359820089955022,0,0,0,0,0,0.00109945027486257,0,0,0,0,0,0,0.0122938530734633,0,0,0.000199900049975012,0,0,9.99500249875062e-05,0,0,0,0,0,0.00299850074962519,0,0,0,0,0,0.000399800099950025,0,0,0.00079960019990005,0,0,0,0,0,0.0784607696151924,0.000499750124937531,0,0,0,0.00309845077461269,9.99500249875062e-05,0.00209895052473763,0,0,0,9.99500249875062e-05,0,0,0,0,0,0.0515742128935532,0.00629685157421289,0,0,0,0,9.99500249875062e-05,0,0,0,9.99500249875062e-05,9.99500249875062e-05,0,0,9.99500249875062e-05,0,0,0,0.00169915042478761,0,0,0.00539730134932534,0,0,0,0,0,0,0,0.000599700149925037,0.000899550224887556,0.00649675162418791,0,0.316141929035482,0,0,0,0,0,0,0.000999500249875062,0.000199900049975012,0.00229885057471264,0,0,0,0.00299850074962519,0.00929535232383808,0,0,0,0.00129935032483758,0,0.000499750124937531,0,0,0,0.016591704147926,0,0,0,0.00389805097451274,0,0,0,0,0,0.00769615192403798,0,0,0,0,0,0,0,0,0,0,0,0,0.0557721139430285,0,0,0,0,0.00279860069965018,0.00339830084957521,0,9.99500249875062e-05,0.000399800099950025,9.99500249875062e-05,0.0219890054972514,0,0,0,0.00389805097451274,0,0,0,0.00129935032483758,0.000599700149925037,0,0,0.0225887056471764,0,0,0,0,0,0,0,0,0,0,0,0,0,0,0,0,0,0,0,0,0,0,0.000499750124937531,0,0.000199900049975012,0.00329835082458771,0,0,0,0.000399800099950025,0,0,0,0,0,0.00939530234882559,0,0.00699650174912544,0.00509745127436282,0,0,0,0,0,9.99500249875062e-05,0.0918540729635182,0,0,0.000599700149925037,0,0,0,0,0,0,0.000299850074962519,0,0,0,0,0.000399800099950025,0,0,0,0,0.00149925037481259,0
0,9.99000999000999e-05,0,0,0,0,0,0,0,0,0,0,0,0,0.0001998001998002,0,0,0,0,0,0.0022977022977023,0.0002997002997003,0,0,0,0,0,0,0,0.000999000999000999,0.0001998001998002,0,0,0,0,0,0.0003996003996004,0.0198801198801199,0,0,0,9.99000999000999e-05,0,0,0,0.0335664335664336,0,9.99000999000999e-05,0,0,0,0,0.0003996003996004,0,0,0,0,0,0,0.0186813186813187,0,0,0,0,0,0,0,0,0.000599400599400599,0,0,0,0,0.0004995004995005,0,0,0,0,0,0.00579420579420579,0,0,0.0017982017982018,0,0,9.99000999000999e-05,0,0,0,0.0052947052947053,0,0.0021978021978022,9.99000999000999e-05,0,0,9.99000999000999e-05,0,0,0,0,0,0.0001998001998002,0,0,0,0.0028971028971029,0,0,0,0,0,0,0,0,0,0,0,0,0.0002997002997003,0,0,0,0,0,0.000899100899100899,0,0,0,0,0,0.0982017982017982,0.0002997002997003,0,0,0,9.99000999000999e-05,9.99000999000999e-05,0,0.0001998001998002,0,9.99000999000999e-05,9.99000999000999e-05,0,9.99000999000999e-05,0,0,0,0,0.002997002997003,0,0,0.0030969030969031,0.0004995004995005,0,0,0,0.00559440559440559,0,0,0,0,0.0123876123876124,0,0,0,0,0,0,0.0015984015984016,9.99000999000999e-05,0,0,0.482417582417582,0,0,0,0.00599400599400599,0.0010989010989011,0,0.0002997002997003,0,0.0018981018981019,0,0,0,0,9.99000999000999e-05,0.0293706293706294,0.00709290709290709,0,0,0,0,0,0,0.000799200799200799,0.0043956043956044,0,0,0,0,0.0141858141858142,0,9.99000999000999e-05,0,0,0,0,9.99000999000999e-05,0,0.0024975024975025,0,0,0,0,0.0040959040959041,0,0,0.0003996003996004,0,9.99000999000999e-05,0,0.00659340659340659,0,0,0,0,0,0.0004995004995005,0,0.0034965034965035,0,0,0.0041958041958042,0.0041958041958042,0,0,9.99000999000999e-05,0,0,0,0,0.003996003996004,0,0,0,0,0,0,0,0,0,0,0,0.0004995004995005,0,0.0002997002997003,0,0,0,0,0,0,0,0,0,0,0,0,0.0192807192807193,0.0020979020979021,0,0,0.0004995004995005,9.99000999000999e-05,0,0,0,0,0.162237762237762,0,0,0.0004995004995005,0,0,0,9.99000999000999e-05,0,0,0,0,0,0,0.0104895104895105,0.000599400599400599,0,0,0,0,0.0017982017982018,0
0,0,0,0,0,0,0.00279776179056755,0,0,0,0,0,0,0,0.000399680255795364,0.000699440447641887,0,0,0,0,9.99200639488409e-05,0.00329736211031175,0,9.99200639488409e-05,0,0.202038369304556,0,0,0.000899280575539568,0.00739408473221423,0.00309752198241407,0.00189848121502798,0,0.0109912070343725,0,0,0,0.0147881694644285,0,0,0,0,0,0,0,0.00949240607513989,0,0,0,0,0.00599520383693046,0,0,0.000299760191846523,0.000799360511590727,9.99200639488409e-05,0,0,0,0.0281774580335731,0,0.000799360511590727,0,0,0,0,0.00399680255795364,0,0,0.0224820143884892,0.000399680255795364,0,0,0,0,0,0,9.99200639488409e-05,0.00279776179056755,0.00599520383693046,0,0,0.00139888089528377,0,0.000499600319744205,0,0.00349720223820943,0,0,0.00159872102318145,0.000599520383693046,0.000499600319744205,0,0,0,0,0,0,0.0021982414068745,0,0,0,0,0,0.000899280575539568,0.0016986410871303,9.99200639488409e-05,0.00969224620303757,0,0.000499600319744205,0,0,0,9.99200639488409e-05,0,0,0.0183852917665867,0,0.0339728217426059,0.000399680255795364,0.00179856115107914,0,0,0,0.00339728217426059,0,0,0,0,0,0.0775379696243006,0,0,0,0,0,0.000199840127897682,0,0,0,0,0,0,0,0,0,0,0,0.00259792166266986,0,0,0,0.00559552358113509,0,9.99200639488409e-05,0,0,0,0,0,0.00289768185451639,0.00269784172661871,0,9.99200639488409e-05,0,0,0,0,0,0,0.00289768185451639,0,0.00929256594724221,0,0,0,0.00339728217426059,0.0133892885691447,0,0,0,0,0,0,0.000999200639488409,0,0,0,0.00189848121502798,0.000599520383693046,0,0.00889288569144684,0,0,0,0,0.00999200639488409,0.00539568345323741,0,0,0,0,0,0.00449640287769784,0,0.0016986410871303,0,0,0,0,0,0,0,0,0.00259792166266986,0.00409672262190248,0.00159872102318145,0.000699440447641887,0,0,0.00299760191846523,0.0173860911270983,0.0120903277378098,0,0.000199840127897682,0,0,0,0,0.00409672262190248,0.00409672262190248,0,0,0.012589928057554,0,0,0.000199840127897682,9.99200639488409e-05,0,0,0,0,0,0,0,0,0,0,0,0,0,9.99200639488409e-05,0.000299760191846523,9.99200639488409e-05,0.000199840127897682,0.0170863309352518,0,0,0.000699440447641887,0.00109912070343725,0,0,0,0,0.000399680255795364,0,0,0,0.000899280575539568,0.0520583533173461,0.0060951239008793,0.00599520383693046,0.0120903277378098,0,0,0,0,9.99200639488409e-05,0.000199840127897682,0.201338928856914,0,0.000399680255795364,0.0344724220623501,0,0,0,0,0,0,0.00839328537170264,0,0,0,0,0.00509592326139089,0,0.0210831334932054,0,0,0.00319744204636291,0
0,0,0,0.00149880095923261,0,0,0.000499600319744205,0,0,0,0.000699440447641887,0,0,0,0.123501199040767,0,0,0,0,0,0,0.000199840127897682,0,0.000299760191846523,0,0.158573141486811,0,0,0.00109912070343725,0,0,0,0.000199840127897682,0,0,0,0,0,0,0,0,0,0,0,0,0,0,0,0,0,0,0,0,0,0,0,0,0,0,0,0,0,0.000899280575539568,0,0,0,0,0,0.000499600319744205,0,0,0,0,0,0,0,0,0,0,0,0,0.000199840127897682,0.000299760191846523,0,0,0,0,0.0568545163868905,0,0,9.99200639488409e-05,0.00139888089528377,0,0,0,0,0,0,0,0,0,0.00329736211031175,9.99200639488409e-05,0,0,0,0,0.00189848121502798,0,0.000199840127897682,0,0,0,0,0,0,0.00199840127897682,9.99200639488409e-05,0,0,0.00999200639488409,0,0,0,0,0,9.99200639488409e-05,0,0,0,0.0108912869704237,9.99200639488409e-05,0,0,0,0.000299760191846523,0,0,0,0,0,0,0,0,0,0,0,0,0.00419664268585132,0,0,0,0,0,9.99200639488409e-05,0,0,9.99200639488409e-05,0,0,0.0016986410871303,0,0,0,0,0.0211830535571543,0,0,0,0.000199840127897682,0,0,0.00539568345323741,0,0,0,0.00679456434852118,0,9.99200639488409e-05,0.000199840127897682,0,0,0,0,0.000499600319744205,9.99200639488409e-05,0,0,0,0,0,0.00679456434852118,0,0,0,0,0.00629496402877698,0,0,0,0,0,0,0,9.99200639488409e-05,0.000899280575539568,0,0,0,0,0,0,0,0,0,0,0,0,0,0,9.99200639488409e-05,0.0209832134292566,0,0,0,0,0,0,0,0,0,0,0,0.111111111111111,0,0,0,9.99200639488409e-05,0,0,0,0,0.0294764188649081,0,0,0,0,0,0,0,0,0,0.000299760191846523,0,0,0,0,0,0,0,0,0,0,0,0,0,0,0,9.99200639488409e-05,0.0628497202238209,0,0,0.114108713029576,0,0,0,0,0,0.00119904076738609,0.214228617106315,0,0,0.00919264588329336,0,0,0,0,0,0,0.00179856115107914,0,0,0,0,0,0,0,0,0,0.00399680255795364,0
0,0,0,0,0,0,0.001499700059988,0.0002999400119976,0,0,0,0,9.99800039992002e-05,0,0.000799840031993601,0.000999800039992002,0,0,0,0,0,0.0018996200759848,0,0.00839832033593281,0,0.248050389922016,0,0,0.00599880023995201,0.001499700059988,0,0,0.0002999400119976,0,0,0,0,0,0,0,0,0,0,0,0,0,0,0,0,0,0,0,0,0,0,0.0010997800439912,0,0,9.99800039992002e-05,0.00889822035592881,0,0,0,0.0001999600079984,0,0,0.0186962607478504,0,0,0,0,0,0,0,0,0,0,0,0,0.00459908018396321,0,0,0.000699860027994401,0,0,9.99800039992002e-05,0,0,0,0,0,0.013997200559888,0.0002999400119976,0,0,0,9.99800039992002e-05,0,0,0,0,0,0.0011997600479904,0,0,0,0,0.276144771045791,0,0,0,0,0.0128974205158968,0,9.99800039992002e-05,0.0001999600079984,0,0,0.00369926014797041,0,0,0,0,9.99800039992002e-05,0.0127974405118976,0,0,0,0,0,0,0.0011997600479904,0,0,0,0,0.00909818036392721,0,0,0.0001999600079984,0.0016996600679864,0,0,9.99800039992002e-05,0,0,0.0010997800439912,0,0,0,0.0020995800839832,0,0,0.00859828034393121,0,0,0,0,0,0,0,0,0,9.99800039992002e-05,0,0,0,0,9.99800039992002e-05,0,0,0,0,0,0,0,0.0002999400119976,0,0.00789842031593681,0,0,0,0,0,0.0002999400119976,0,0,0,0,0,9.99800039992002e-05,0.0135972805438912,0,9.99800039992002e-05,0,0,0,0,0,0,0,0,0,0.0023995200959808,0,0.0010997800439912,0,0,9.99800039992002e-05,0,0.0010997800439912,0,0,0,0,9.99800039992002e-05,0.0001999600079984,0,0.00769846030793841,0,0.0141971605678864,0.0026994601079784,0,0,0,0,0,0,0.00549890021995601,0,0,0.0001999600079984,0,0.0023995200959808,0,0,0.000899820035992801,0,0,0.000399920015996801,0,0,0,0,0.0018996200759848,0,0,0,0,0,0,0,0,0,0.0002999400119976,0.000499900019996001,0.00249950009998,0,0,0,0.000399920015996801,0,0,0.0001999600079984,0,0,0,0,0,0.0001999600079984,0,0,0.00369926014797041,0,0,0,0.000399920015996801,0,0,0.254549090181964,0.0001999600079984,0,0.0103979204159168,0,0,9.99800039992002e-05,0,0.00409918016396721,0.00409918016396721,0,0,0,0,0,0.001499700059988,0,0.0018996200759848,0,0,0.0016996600679864,0
0,0,0,0,0,0,9.99600159936026e-05,0.00329868052778888,0,0,0.000599760095961615,9.99600159936026e-05,0,0,0.000499800079968013,0,0,0,0.000499800079968013,0,0.0038984406237505,0.00179928028788485,0,0,0,0,0,0,0.00909636145541783,0.00039984006397441,0.000199920031987205,0.000699720111955218,0,0.00549780087964814,0,0,0.00229908036785286,0.0100959616153539,9.99600159936026e-05,0,0,0,0,0.0100959616153539,0,0.0922630947620952,0,0,0,0,0,0,0,0,0,0,0,0,0,0.000699720111955218,0,0.00509796081567373,0,0,0,0,9.99600159936026e-05,0,0,0.00309876049580168,0,0,0,0.000599760095961615,0,0.0522790883646541,0,0,0,0.000899640143942423,0,0,0.00329868052778888,0,0.0038984406237505,0,0,0,0,0.0130947620951619,0,0.00189924030387845,0.00279888044782087,0.00429828068772491,0,0,0,0,0.00319872051179528,0,0,0,0,0,0,0,0.0292882846861255,9.99600159936026e-05,0,0,0.000199920031987205,0.00519792083166733,0,0.00579768092762895,0,0,0,0,0.00719712115153938,9.99600159936026e-05,0,0,0,9.99600159936026e-05,0.0370851659336265,0,0,0,0,0.00759696121551379,0.00929628148740504,0.0176929228308677,0,0,0,0,9.99600159936026e-05,0,0.00509796081567373,9.99600159936026e-05,9.99600159936026e-05,9.99600159936026e-05,0,0,0,0,9.99600159936026e-05,0,0,0,0.000899640143942423,0.00289884046381447,0,0,0,0,0,0,0.000899640143942423,0.00309876049580168,0,0,0,0.0869652139144342,0,0,9.99600159936026e-05,0,0,0,0.000299880047980808,0,0.292483006797281,0,0,0,0,0.00569772091163535,0.00149940023990404,9.99600159936026e-05,0,0,0.00039984006397441,0.00079968012794882,0.00279888044782087,0,0,0,0,0,0,0.00629748100759696,0,0,0.0183926429428229,0,0,0,0,0,0,0,0,0.00849660135945622,0,0.000299880047980808,0,0,9.99600159936026e-05,0,0,0,0,0.000299880047980808,0.00189924030387845,0,0.00439824070371851,0,0,0,0.00079968012794882,9.99600159936026e-05,0,0,0,0,0,0,0.0120951619352259,0,0.0143942423030788,0,0,0,0,0,9.99600159936026e-05,0,0,9.99600159936026e-05,0,0,0,0,0,0,0,0,0,0,0.0151939224310276,0.000299880047980808,0.00369852059176329,0.00179928028788485,0.000699720111955218,0,0,0.000199920031987205,0,0.0176929228308677,0,0,0,9.99600159936026e-05,0.0120951619352259,0,0,0,0,0.000699720111955218,0,0.00219912035185926,0.0582766893242703,0,0.00079968012794882,0,0,0,0.00179928028788485,0,9.99600159936026e-05,0,0.0342862854858057,0,0,0,0,0,0,0.00179928028788485,0,0.000199920031987205,0,0,0.0110955617752899,0,0.000299880047980808,0,0,0.0078968412634946,0
0.0002999700029997,0,0,0.0001999800019998,0,0,0.0013998600139986,0,0,0,0,0,0,0,0.0211978802119788,0,0.0003999600039996,0,0,0,0,0,0,9.99900009999e-05,0,0.107589241075892,0,0,0.0046995300469953,0.0006999300069993,0,0,0,0.0135986401359864,0,0,0.0012998700129987,0,0,0,0,0,0,0,0,0,0,0,0,0,0,0,0,0,0,0,0,0,0,0,0,0,0,0,0,0,0.0395960403959604,9.99900009999e-05,0,0,0,0,0,0,0,0.0202979702029797,0,0,0,0.0435956404359564,0,0,0,0,0,0.0056994300569943,0.0013998600139986,0,0,0,0,0,0.0015998400159984,0,0,0.0001999800019998,0,0,0,0,0,0.0001999800019998,0,0,0,0,0,0.0142985701429857,0,0,0,0,0,0,0,0,0,0,0.0180981901809819,0.0002999700029997,0,0,0.000999900009999,0.0003999600039996,0.000999900009999,0,0,0,0,0,0.122687731226877,0,0,0,0,0,0.0017998200179982,0,0,0,0.0304969503049695,0,0,0,0,0.0354964503549645,0,0,0,0,0,0,0,0,0,0,0,0,0,0,0,0,0,0,0,0,0,0.001999800019998,0,0,0,0.0002999700029997,0.002999700029997,0,0,0,0,0,0,0,0,0,0,0,0,0,0,0,0,0,0,0.0073992600739926,0,0.0031996800319968,0,0,0,0,0,0,0,0,0,0,0,0.0025997400259974,0,0,0,0,0,0,0,0,0,0,0,0,0.0077992200779922,0,0,0,0,0,0,0,0,0.0001999800019998,0,0,0,0,0,0.0311968803119688,0,0,0,9.99900009999e-05,0,0.0007999200079992,0,0,0,0,9.99900009999e-05,0,0,0,0,0,0,0,0,0.0043995600439956,0,0.0002999700029997,0,0,0,0,0,0,0,0,0,0,0,0,0,0.0020997900209979,0,0,0.0144985501449855,0,0,0,0,0,0.0006999300069993,0.414058594140586,0,0,0,0,0,0,0,0,0,0,0,0,0,0,0,0,0.0048995100489951,0,0,0.0105989401059894,0
0,0,0,0,0.0008999100089991,0,0,0.0031996800319968,0,0,0,0.0001999800019998,0,0.0082991700829917,0.0026997300269973,0,0,9.99900009999e-05,0,0,0.0017998200179982,9.99900009999e-05,0,0.0067993200679932,0,0.48975102489751,9.99900009999e-05,0,0.0036996300369963,0,0.0072992700729927,0,0,0.0051994800519948,0,0.000999900009999,0,0.0135986401359864,0,0,0,0,0,0.0076992300769923,0,0.0096990300969903,0.013998600139986,9.99900009999e-05,0,0,9.99900009999e-05,0,9.99900009999e-05,0,0.0006999300069993,0,0,0,0,0,0,0,0,0,0.0004999500049995,0,0.0115988401159884,0,0,0,0.0007999200079992,0,0,0.046995300469953,0,0,0,0,0,0,0,0,0,0,0.0042995700429957,0,0.008999100089991,0,0,0.0020997900209979,0,0.0011998800119988,0.0024997500249975,0,0,0,0,0,0,0,0,0,0,0,9.99900009999e-05,0,0,0,0.0002999700029997,0,0,0,0,0.0137986201379862,0.0001999800019998,0,0,0,0.0356964303569643,0.0012998700129987,0,0.0021997800219978,0,9.99900009999e-05,0.0117988201179882,0,0,0,9.99900009999e-05,0,9.99900009999e-05,0.0145985401459854,0,0,0,0,0.0863913608639136,0,0,0,0.0073992600739926,0,0,0,0,0,0,0,0,0,0.000999900009999,0.000999900009999,0,0,0,0,0,0,0.0004999500049995,0.0011998800119988,0.0008999100089991,0,0,0,0,0,0,0,0,0,9.99900009999e-05,0,0,0,0,0,0,0,0.0016998300169983,9.99900009999e-05,0,0,0,0,0,0,0,0,0,0,0,0.0085991400859914,0.0007999200079992,0,0,0,0,0,0,0,0,0,0,0,0,0.0023997600239976,0,0,0,0.0021997800219978,0,0.0061993800619938,0,0,0.0001999800019998,9.99900009999e-05,0.0043995600439956,0.0005999400059994,0.07999200079992,0,0,0,0,0,0.0001999800019998,0,0,0,0.0008999100089991,0,0.0073992600739926,0,0,0,0,0,0,0,0,0,9.99900009999e-05,0.0088991100889911,0,0,0,0,0,0,0,0,0.0202979702029797,0.0002999700029997,0.0001999800019998,0,0,0,0.001999800019998,0.0007999200079992,9.99900009999e-05,0,9.99900009999e-05,0,0,0,0,0,9.99900009999e-05,0,0,0,0,0.0005999400059994,0,0,0.0037996200379962,0,0,0,0,0,9.99900009999e-05,0,0.0074992500749925,0,0,0,0,0,0,0,0,0,0,0,0.0010998900109989,0.0003999600039996,0,0,0,0.0028997100289971,0
0,0,0,9.99800039992002e-05,0,0,0,0,0,0,0,0,0,0,0.00469906018796241,0,0,0,0,0,0.001999600079984,0,0,0,0,0.2874425114977,0,0,0.00699860027994401,0.0031993601279744,0.00619876024795041,0,0,0,0,0,0.0012997400519896,0,0,0,0,0,0,0,0,0.0287942411517696,0,0,0,9.99800039992002e-05,0,0,0,0,0,0,0,0.000399920015996801,0,0.00759848030393921,0,0,0,0,0,0,0,0,0,0,0,0,0,0,0,0,0,0,0,0,0,0,0,0,0,0,0,9.99800039992002e-05,0,0,0,0,0.002999400119976,0,0,0.0124975004999,0,0,0,0,0,0.0001999600079984,0,0,0,0.0022995400919816,0,0.0349930013997201,0,0,0,0,9.99800039992002e-05,0,0,0.000499900019996001,0,0,0.00839832033593281,0.0001999600079984,0.00539892021595681,0,0,0,0.001499700059988,0.00599880023995201,0,0,0,0,0.0695860827834433,0,0,0,0,0,9.99800039992002e-05,0,0,0,0.0218956208758248,9.99800039992002e-05,0,0,0,0,0,0,0,0,0,0,0,0,0,0,0,0,0,0.0025994801039792,0,0.00599880023995201,0,0,0,0,0,0.000499900019996001,0,0,0,0,0,0,0,0,0.00759848030393921,0,0.0020995800839832,0,0,0.001999600079984,0,0,0,0,0,0.00559888022395521,0,0,0,0.0115976804639072,0,0,0,0,0,0.00459908018396321,0,0,0,0,0,0,0,0,0.001499700059988,9.99800039992002e-05,0.0002999400119976,0,0.0360927814437113,0,0,0,0,0,0,0,0.00599880023995201,0,0,0,0,0,0.000499900019996001,0,0,0,0,0,0.00839832033593281,0,0,0.0544891021795641,0.000899820035992801,0,0,0,0.0001999600079984,9.99800039992002e-05,0,0,0.0145970805838832,0,0.000399920015996801,0,0,0,0,0,0,0,0,0,0,0,0.0021995600879824,0,0,0.0153969206158768,0,0,0,0,0,0,0,0,0,0.000499900019996001,0,0,0.00889822035592881,0,0.0001999600079984,0,0,0,0,0.22005598880224,0,0,0.0198960207958408,0,0,0,0,0.015496900619876,0,0.00849830033993201,0,0,0,0,0,0,0.00739852029594081,0,0,0.0195960807838432,0
0,0,0,0,0,0,0,0,0,0,9.99900009999e-05,0,0,0,0.0036996300369963,0,0.0096990300969903,0,0,0,0,0.0060993900609939,0,0,0,0.00999900009999,0,0,0.0067993200679932,0.011998800119988,0.0081991800819918,0,0,0.0015998400159984,0,0,0,0.0011998800119988,0,0,0,0,0,0,0,0,0,9.99900009999e-05,0,0,0,0,0,0,0,9.99900009999e-05,0,0,0,0.0026997300269973,0,0,0,0.0005999400059994,0,0,0,0,0,0,0,0,0,0,0,0,0,0,0,0,0,0,0.0138986101389861,0,0,0,0.000999900009999,0,0,0.0208979102089791,0,0.0004999500049995,0.0066993300669933,0,0,0,0,0,0.0074992500749925,0,0,0,0,0,0.0001999800019998,0,0.0014998500149985,0.142085791420858,0,0.006999300069993,0,0,0.0002999700029997,0.0064993500649935,0,0,0,0,0.0005999400059994,0,0,0,0,0.0001999800019998,0.0145985401459854,0,0,0,0,0.0002999700029997,0.0360963903609639,0.0030996900309969,0,0,0,0,0.0146985301469853,0,0,0,0,0,0,0,0,0,0.0034996500349965,0,0.0074992500749925,0,0,0,0,0,0,0,0.0038996100389961,0,0,0,0,0.0045995400459954,0.0002999700029997,0,0,0,0,0,0,0,0.0004999500049995,0.005999400059994,0,0,0.0073992600739926,0,0.0055994400559944,0,9.99900009999e-05,0,0,0,0,0,9.99900009999e-05,0,0,0,0,0,0,0.0244975502449755,0,0,0,0,0,0,0,0,0,0,0,0,0,0,0,0,0,0,0.0076992300769923,0,0,0,0,0,0.0010998900109989,0.0005999400059994,0,0,0,0.0213978602139786,0,0,0,0.0010998900109989,0,0,0.0028997100289971,0.0118988101189881,0,0,0,0.133686631336866,0,0,9.99900009999e-05,0.0008999100089991,0,0,0,0,0.026997300269973,0,0,0,0,0,0,0,0,0,0.0005999400059994,0,0.0021997800219978,0.0102989701029897,0.0018998100189981,0,0.0005999400059994,0.0002999700029997,0,0,0,0.0011998800119988,0,0,0,0,9.99900009999e-05,0.0007999200079992,0,0.0024997500249975,0.0831916808319168,0.0432956704329567,0,0,0,9.99900009999e-05,9.99900009999e-05,0.192880711928807,0,0,0.0037996200379962,0,0,0,0,0,0,0.0010998900109989,0,0,9.99900009999e-05,0,0.0171982801719828,0,0.0120987901209879,0,0,0.0126987301269873,0
0,0,0,0,0,0,4e-04,0,0,0,0,0,0,0,0,0,0,0,0,0,0,0,0,0,0,3e-04,0,0,0.0011,0,0,0,0,0,0,0,0,0,0,0,1e-04,0,0,0,0,0,0,0,0,0,0,0,0,0,0,0,2e-04,0,0,0.0028,0,0,0,0,0,0,0,0,0.002,0,0,0,5e-04,0,0,0.2056,0,0,0,0,0,0,0,0,0,0,0,0,0,0,0,5e-04,5e-04,0,0,0,0,0,0,0,0,0,0,0,0,0,0,0.6818,0,0,0,0,0,0,0,0,0,0,0,0,1e-04,0,0,0.0014,0,0,0,0,0,0,0,0,0,0,0,0,0,0,0,0,0,0,0,0,0,0,0,0,0,0,0,0,0,0,0,0,0,0,0,0,0,0,0,0,0,0,0,0,0,0,0,0,0.0119,0,0,0,0,0,0,0,0,0,0,0,0,0,0,0,0,0,0,0,0,0,0,0,0,7e-04,0,0,0,0,0,0,0,0.0171,0,0,0,0,0,0,0,0,0,0,0,0,0,0,0,0,0,0,0,0,0,0,0,0,0,0,0,0,0,0,0,0,0,0,0,0,0,0,0,0,0,0,0,0,0,0,0,0,0,0,0.0046,0,0,0,0,0,0,0,0.0038,0,0,0,0,0.0252,0,0,0.0216,0,0,0,0.0159,0.0019,0,0,0,0,0,0,0,0,0,0,0,0,0,0,0,0,0,0,0,0,0,0,0
0,0,0,0,0,0,0.00209916033586565,0,0,0,0,0,0,0,0.00209916033586565,0,9.99600159936026e-05,0,0,0,0,0.0215913634546182,0,0.00159936025589764,0,0.364354258296681,0,0,0.014094362255098,9.99600159936026e-05,0.00329868052778888,0,0,0,0,0,0,0.0298880447820872,0,0,0,0,0,0,0,0,0,0,0,0,9.99600159936026e-05,0,0,0,0,0,0.00039984006397441,0,0,0,0,0,0,0,0,0,0,0,0,0.0076969212315074,0,0,0,0,0,0,0,0,0,0.00859656137544982,0,0,0,0,0,9.99600159936026e-05,0,0,0,0.00999600159936026,0,0.0129948020791683,0,0,0,0,0,0,0,0,0,0,0,0,0,0,0,0.0666733306677329,0,0,0,0,0.000499800079968013,0,0,0.00129948020791683,0.00189924030387845,0.000199920031987205,0.0348860455817673,0,0.00729708116753299,0,0,0,0.00609756097560976,0,0,0,0,0,0.078968412634946,0.00469812075169932,0,0,9.99600159936026e-05,0.00139944022391044,0.00189924030387845,0,0,0,0.00039984006397441,0,0,0,0,0,0.00229908036785286,0,0.00129948020791683,0,0,0,0,0.00039984006397441,0,0,0,0,0,0,0,0,0,0,0,0,0,0,0,0.00949620151939224,0,9.99600159936026e-05,9.99600159936026e-05,0,0,0,0.00419832067173131,0,0,0,0,0.00259896041583367,0,0,0.00209916033586565,0,0,0,0,0,0,0.00349860055977609,0.00039984006397441,0.00249900039984006,0,0,0,0.00959616153538585,0,0,0,0.00109956017592963,0,0,0,0.00189924030387845,0,0,0.00039984006397441,0,0,0,0,0,0,0.00439824070371851,0,0,0.00229908036785286,0,0,0,0,0,0,0,0,0,0,0,0,0,0,0.0349860055977609,0,0,0,0,0,0,0,0,0.00169932027189124,0,9.99600159936026e-05,0.00289884046381447,0,0,0,0,0,0,0.00299880047980808,0,0.00139944022391044,0,0.000299880047980808,0,0,0,0,0,0,0,0,0,0,0,0,9.99600159936026e-05,0,0,0.0282886845261895,0,0.00229908036785286,0,0.000199920031987205,0,0,0.13374650139944,0,0,0,0,0,0,0,0,0.000899640143942423,0,0,0,0,0,0.00499800079968013,0,0.00499800079968013,0,0,0.0459816073570572,0
