"","V1","V2","V3","V4","V5","V6","V7","V8","V9","V10","V11","V12","V13","V14","V15","V16","V17","V18","V19","V20","V21","V22","V23","V24","V25","V26","V27","V28","V29","V30","V31","V32","V33","V34","V35","V36","V37","V38","V39","V40","V41","V42","V43","V44","V45","V46","V47","V48","V49","V50","V51","V52","V53","V54","V55","V56","V57","V58","V59","V60","V61","V62","V63","V64","V65","V66","V67","V68","V69","V70","V71","V72","V73","V74","V75","V76","V77","V78","V79","V80","V81","V82","V83","V84","V85","V86","V87","V88","V89","V90","V91","V92","V93","V94","V95","V96","V97","V98","V99","V100","V101","V102","V103","V104","V105","V106","V107","V108","V109","V110","V111","V112","V113","V114","V115","V116","V117","V118","V119","V120","V121","V122","V123","V124","V125","V126","V127","V128","V129","V130","V131","V132","V133","V134","V135","V136","V137","V138","V139","V140","V141","V142","V143","V144","V145","V146","V147","V148","V149","V150","V151","V152","V153","V154","V155","V156","V157","V158","V159","V160","V161","V162","V163","V164","V165","V166","V167","V168","V169","V170","V171","V172","V173","V174","V175","V176","V177","V178","V179","V180","V181","V182","V183","V184","V185","V186","V187","V188","V189","V190","V191","V192","V193","V194","V195","V196","V197","V198","V199","V200","V201","V202","V203","V204","V205","V206","V207","V208","V209","V210","V211","V212","V213","V214","V215","V216","V217","V218","V219","V220","V221","V222","V223","V224","V225","V226","V227","V228","V229","V230","V231","V232","V233","V234","V235","V236","V237","V238","V239","V240","V241","V242","V243","V244","V245","V246","V247","V248","V249","V250","V251","V252","V253","V254","V255","V256","V257","V258","V259","V260","V261","V262","V263","V264","V265","V266","V267","V268","V269","V270","V271","V272","V273","V274","V275","V276","V277","V278","V279","V280","V281","V282","V283","V284","V285","V286","V287","V288","V289","V290","V291","V292","V293","V294","V295","V296","V297","V298","V299","V300","V301"
"Subject_1",0,0,0,0,0,0,6,22,0,0,0,0,0,91,21,0,0,0,0,5,30,17,0,2,0,3108,0,0,12,3,0,0,0,173,0,0,338,0,10,0,0,0,0,76,0,90,0,0,0,0,0,0,0,0,0,0,0,0,0,6,0,7,0,0,0,5,66,13,0,0,43,0,0,3,0,0,0,0,0,0,0,0,44,0,768,0,0,0,0,217,0,0,13,0,0,0,0,0,80,0,0,0,0,0,0,16,14,137,0,0,0,0,0,131,0,0,0,0,66,0,0,0,0,8,482,58,0,0,0,2,19,112,0,5,0,0,34,0,0,0,5,0,0,0,0,0,0,0,0,2,7,0,0,11,0,0,0,0,230,58,0,0,0,0,81,0,0,0,0,0,0,0,6,0,0,0,0,21,43,0,97,0,0,0,3,0,0,0,0,0,0,59,3,0,58,0,0,0,0,0,0,0,0,0,0,6,0,0,2,2,0,0,6,16,4,0,0,25,0,4,0,11,0,0,0,4,0,0,73,9,151,0,0,0,0,0,0,0,0,0,17,0,0,0,0,0,0,0,0,0,14,0,0,0,4,0,65,0,23,6,8,0,0,4,0,0,0,0,0,0,0,43,150,0,0,0,34,0,13,1534,0,0,298,0,0,0,0,2,127,14,0,0,0,0,296,0,4,0,0,0,0
"Subject_2",35,0,0,0,0,0,5,34,0,0,8,0,0,0,0,28,5,0,6,0,0,26,0,2,0,142,0,0,4,10,118,355,23,48,0,0,14,2,0,0,0,73,0,59,0,147,0,0,0,0,0,0,0,0,6,0,0,0,0,20,0,0,6,0,164,0,6,0,25,3,14,0,0,87,0,0,3,0,0,0,0,4,6,0,816,2,0,0,0,29,18,2,0,0,0,0,0,2,57,0,0,0,0,0,0,0,68,495,0,5,2,0,0,62,0,0,0,0,10,2,0,0,0,11,25,0,0,0,0,0,151,572,0,14,0,0,1,0,0,6,6,0,0,0,0,608,2,0,13,0,0,25,2,0,2,0,38,0,2,231,13,0,0,746,0,0,0,0,0,2,0,0,0,0,0,0,0,90,2,0,0,10,0,0,8,0,6,0,0,0,0,18,2,6,0,0,10,0,0,0,0,0,0,0,372,3,0,0,0,1,0,0,0,0,11,0,63,15,34,0,190,0,0,0,0,60,0,0,128,0,320,0,0,726,0,0,8,0,0,1,0,0,41,0,7,23,0,0,0,0,0,0,18,0,15,5,0,0,5,66,0,0,0,2,0,0,0,0,7,12,0,35,336,0,2,0,0,0,11,1319,0,0,269,0,0,0,0,0,0,8,0,0,0,2,180,0,2,0,0,40,0
"Subject_3",8,0,0,0,0,0,1,0,1159,0,0,0,0,0,0,13,2,0,5,0,0,16,0,0,0,1738,0,0,189,0,0,0,0,0,0,0,0,0,0,0,0,163,0,0,0,96,0,0,0,0,0,0,0,0,38,0,0,0,0,0,0,35,0,0,3,0,9,0,0,29,177,0,0,0,0,0,0,0,0,0,0,0,0,0,531,15,0,0,0,108,492,41,0,0,0,0,0,0,0,0,0,0,0,0,0,0,82,193,0,0,0,0,2,166,0,0,0,0,40,0,0,0,0,5,330,0,0,0,0,0,0,28,0,0,0,0,0,0,0,0,3,0,0,0,0,0,0,0,0,0,18,0,0,15,0,0,0,0,0,0,0,65,0,545,0,0,0,2,0,1,0,0,0,0,0,0,0,59,0,0,0,0,0,0,0,0,1,0,0,0,0,56,0,6,0,0,0,0,0,0,0,0,0,101,0,1,0,0,4,111,0,0,0,0,50,0,0,0,0,0,0,31,0,0,0,0,0,0,140,0,0,0,0,553,0,0,28,0,0,9,0,0,0,0,9,12,0,0,0,0,185,0,0,1,0,6,3,0,0,61,0,0,0,0,0,0,0,0,0,6,0,0,51,0,0,0,0,0,0,1438,0,0,398,0,0,2,0,0,0,7,0,0,0,0,190,0,16,0,0,90,11
"Subject_4",0,0,0,0,0,0,7,18,0,0,0,0,0,65,15,0,0,0,15,2,2,17,0,0,0,139,1,13,41,100,0,0,0,71,0,0,0,17,0,0,0,64,0,2,0,9,0,3,0,0,0,0,24,0,0,0,0,0,0,23,0,2,0,3,0,7,21,0,0,0,7,0,0,5,0,0,6,2,0,28,1,2,30,0,2,0,3,0,0,191,2,23,0,0,0,0,0,0,62,0,19,0,0,0,2,19,2,20,3,21,0,0,0,1111,18,1,0,0,11,0,0,0,0,0,275,36,0,0,16,0,0,288,62,49,0,2,43,5,0,0,2,0,0,0,0,5,22,0,27,18,3,2,0,133,2,0,0,0,0,51,0,69,0,2,0,23,0,0,0,0,5,0,0,0,0,0,0,0,38,6,5,0,0,0,2,1,0,0,0,10,0,137,3,4,0,0,179,1,0,12,0,0,0,384,0,4,0,44,0,0,0,0,3,0,2,0,38,3,31,2,0,53,0,0,0,0,0,0,7,6,39,0,0,1443,0,0,16,0,2,0,40,3,0,0,0,0,0,0,0,0,0,4,9,0,15,8,7,0,13,2,6,0,0,7,0,0,0,0,28,173,0,13,758,0,0,0,58,2,2,2653,0,0,61,0,0,0,0,5,10,0,0,0,0,0,167,0,65,0,0,11,0
"Subject_5",0,5,0,0,0,0,0,0,0,0,0,0,0,0,3,0,0,0,21,16,0,0,0,0,2,859,0,0,0,30,0,0,0,0,0,0,0,44,0,20,0,85,0,0,0,0,0,0,0,0,0,0,0,0,0,0,0,0,0,0,0,0,0,0,0,0,0,0,0,0,0,0,0,0,0,0,0,0,0,0,0,0,0,0,0,0,0,1,0,0,0,0,0,0,0,0,0,0,0,0,14,0,53,0,0,0,0,3000,0,0,0,0,0,242,0,0,0,0,0,2,0,0,0,6,0,0,0,0,0,0,52,74,0,0,0,0,0,0,0,22,3,0,0,0,0,0,0,0,53,0,0,0,0,0,0,0,0,0,0,0,0,0,0,0,0,37,0,0,0,0,0,0,34,0,0,0,0,0,0,0,0,0,0,0,0,0,0,113,0,0,0,0,0,0,496,0,0,0,0,0,0,0,0,0,0,0,0,33,0,0,0,0,0,0,0,0,0,0,0,0,0,47,0,0,0,0,0,0,32,0,0,0,0,0,43,0,0,0,0,0,0,0,0,0,0,0,0,0,0,0,0,0,0,0,0,0,0,0,0,0,0,0,0,0,0,0,0,0,356,162,0,0,253,6,0,0,0,0,0,3379,0,3,397,0,0,0,0,0,0,0,0,0,0,0,0,0,0,0,0,0,0
"Subject_6",4,0,0,0,0,0,91,0,0,0,0,0,0,0,13,0,2,0,3,0,66,32,0,3,0,1416,0,0,28,1,7,0,0,16,0,0,4,171,0,0,0,79,0,60,0,321,0,1,0,0,15,0,16,3,0,0,0,0,0,113,3,0,0,0,0,0,20,0,14,50,0,0,0,0,0,0,5,1,0,291,0,17,41,0,0,1,68,0,0,45,0,3,2,0,0,0,0,0,0,0,6,0,0,0,4,89,0,2,0,32,0,0,2,124,7,1,0,1,27,0,0,0,0,3,18,0,2,0,0,0,0,754,0,6,0,4,2,0,0,0,2,0,0,0,0,366,9,0,7,0,9,0,0,9,1,0,0,0,0,17,1,29,0,2484,0,0,0,0,0,53,27,0,17,0,8,0,3,0,40,0,0,29,0,0,28,0,0,0,0,0,9,50,0,6,0,0,0,0,6,0,0,0,0,0,0,21,6,14,1,11,2,0,0,0,0,0,0,0,136,0,5,53,0,0,0,0,0,0,0,5,250,0,0,320,0,0,8,0,0,0,23,0,2,0,6,21,0,0,0,0,0,4,20,0,23,19,4,0,2,3,6,0,0,6,0,0,0,0,8,1,0,24,46,0,0,1,0,0,34,1292,0,0,42,0,0,0,0,0,22,18,0,0,0,3,0,0,143,0,0,78,0
"Subject_7",0,0,0,0,0,0,12,0,0,0,0,0,6,0,21,0,0,0,0,0,0,0,0,0,0,1721,0,0,12,22,0,0,0,67,0,0,0,1,0,0,0,74,0,0,0,9,0,0,0,0,0,0,28,0,0,0,0,0,0,0,0,0,0,0,0,0,0,0,0,0,20,0,0,0,0,0,0,0,0,0,0,0,247,0,6,2,144,0,0,31,0,12,0,0,0,0,0,0,0,0,10,0,0,0,23,0,0,2429,0,0,0,0,2,325,15,0,0,0,18,0,0,0,0,63,77,0,0,0,0,0,2,216,0,27,0,0,250,0,0,0,0,0,0,0,0,769,0,0,46,0,16,0,0,88,0,0,0,0,0,27,0,51,0,2,0,39,0,0,0,0,0,0,0,0,2,0,0,0,37,0,0,0,0,0,0,0,0,0,0,2,0,28,0,0,0,0,0,0,10,0,0,0,0,0,0,26,8,0,0,4,0,0,0,0,3,0,0,0,0,0,0,0,0,0,0,86,0,0,35,0,2,0,0,0,0,0,0,0,0,0,116,0,0,0,0,120,0,0,0,0,0,2,0,0,0,0,0,0,0,2,0,0,0,1,0,0,25,0,0,1,0,0,352,0,7,0,0,0,0,2139,0,0,31,0,0,0,0,0,0,0,0,0,0,0,0,0,28,0,0,10,0
"Subject_8",0,0,0,0,0,0,2,0,0,0,0,2,0,0,6,0,0,4,0,0,0,15,0,0,0,529,0,0,11,19,478,0,0,38,0,0,11,2,1,0,0,0,0,0,0,22,0,0,0,0,0,0,0,0,0,0,0,2,0,0,0,2,0,0,0,0,21,0,0,0,0,0,0,0,0,4,0,0,0,0,0,0,0,0,0,4,0,0,0,92,82,8,2,0,0,0,0,0,7,0,0,0,0,0,6,0,0,754,0,0,0,0,0,1531,0,0,0,5,28,0,0,0,0,4,57,96,0,0,3,0,0,0,0,0,0,0,3,0,0,0,0,0,0,0,0,0,0,0,0,1,0,0,0,0,0,0,0,0,0,5,0,0,0,0,0,0,0,0,0,0,4,0,19,0,0,0,0,47,105,0,0,0,0,0,3,0,0,0,0,0,0,172,2,0,0,0,0,0,0,0,0,0,0,1057,262,6,0,0,2,0,0,0,0,0,1,10,64,24,0,0,0,0,0,0,0,0,0,0,44,3,12,0,0,111,0,0,0,0,0,0,0,0,0,0,0,0,0,0,0,0,0,0,6,0,0,75,0,0,0,0,8,0,0,0,62,0,0,0,248,5,0,0,292,0,0,0,0,0,1,3407,0,0,71,0,0,0,0,0,0,0,0,0,0,0,12,0,0,0,0,10,0
"Subject_9",85,0,0,0,0,0,10,0,0,0,0,0,4,0,297,0,0,17,11,0,0,0,3,0,0,1066,0,28,488,371,0,0,0,0,0,0,0,0,0,0,3,84,0,0,0,0,0,0,0,0,0,0,0,0,0,0,0,4,0,0,0,0,0,0,0,0,11,0,0,213,0,0,0,0,0,172,5,0,0,7,0,0,0,0,0,7,0,0,0,0,0,0,0,0,0,0,0,0,0,0,0,184,0,0,0,0,0,0,0,0,0,0,0,0,27,0,11,0,85,0,0,0,0,153,0,0,0,0,0,0,0,443,0,0,25,155,219,0,5,0,78,0,0,0,0,50,0,0,0,0,0,0,0,9,0,0,0,0,0,0,0,102,0,471,3,0,0,6,0,0,0,3,0,0,3,0,0,0,0,0,0,36,0,0,0,0,0,0,0,0,0,0,0,49,0,1,0,0,0,0,0,0,0,0,1,6,38,87,0,5,0,0,0,0,0,0,0,0,2,0,0,0,0,0,0,0,0,0,0,0,0,0,0,389,173,0,29,0,0,0,34,0,0,0,0,177,0,0,0,0,0,0,10,2,0,9,6,0,0,0,0,0,0,45,0,2,0,0,0,1492,4,0,2101,0,12,0,0,0,0,372,0,0,0,0,0,0,0,0,0,0,0,0,0,0,0,0,0,0,0,0,0
"Subject_10",5,0,0,0,0,0,19,27,0,0,0,0,32,6,34,0,0,0,49,0,137,15,0,0,0,557,0,0,8,0,362,0,3,110,0,0,15,143,3,0,0,107,0,12,0,2,0,0,0,0,0,0,21,0,0,0,0,0,0,29,0,100,0,0,0,0,77,0,9,0,151,0,0,0,0,0,0,0,0,13,0,0,195,0,17,0,0,0,0,54,0,79,212,0,0,0,0,0,7,82,0,0,0,0,35,0,0,2,0,0,0,0,0,344,31,1,0,0,625,0,2,0,0,145,83,0,0,0,0,0,0,10,0,9,0,0,11,4,0,0,2,0,0,0,0,965,0,0,33,0,10,19,0,14,0,0,0,0,0,87,0,0,0,2,0,36,0,0,0,0,0,0,0,0,0,0,0,132,721,0,0,0,0,0,0,0,0,0,0,0,0,158,0,11,0,0,0,0,0,0,0,0,0,0,0,22,0,0,2,2,0,0,0,0,16,0,41,0,101,0,89,139,0,0,0,0,0,0,94,0,89,0,0,180,0,0,36,0,0,8,27,7,0,0,0,0,0,1,0,0,189,0,0,0,13,14,0,0,0,0,0,0,0,0,0,0,0,0,0,62,0,0,213,0,3,0,0,0,9,1829,0,0,363,0,0,0,0,0,0,0,0,0,0,0,37,0,2,0,0,233,0
"Subject_11",0,0,0,0,0,0,0,60,0,0,0,2,0,126,3,0,0,0,0,0,145,25,0,0,0,1284,0,0,2,8,0,0,12,61,0,0,137,0,0,0,0,0,0,113,2,0,0,2,0,0,0,0,0,0,0,0,0,0,0,0,0,13,2,2,0,0,0,0,0,0,0,0,0,9,0,0,0,0,0,71,0,0,0,0,66,2,0,0,0,58,0,0,47,0,36,0,0,0,30,0,0,58,0,0,0,0,0,724,0,0,0,0,0,82,0,0,0,2,30,0,0,0,0,5,171,0,0,0,0,0,19,259,0,3,0,0,1,3,0,0,0,0,0,0,0,0,0,0,0,3,13,0,3,0,0,0,0,0,19,34,0,0,0,0,0,0,0,0,0,0,0,0,0,0,0,0,0,0,0,0,0,0,0,3,0,0,15,0,0,0,0,30,4,0,0,0,44,0,0,0,0,0,0,0,0,0,2,41,0,0,0,0,0,0,4,0,441,0,2,0,0,0,0,0,0,122,0,1,103,0,131,0,0,784,0,0,12,0,0,0,0,253,0,0,0,0,4,0,0,0,339,0,0,0,4,4,0,3,12,45,0,6,0,0,0,0,0,0,6,0,0,9,137,5,0,0,0,0,0,3454,0,5,35,0,0,0,0,0,15,0,0,0,0,0,88,5,1,30,0,60,0
"Subject_12",0,0,0,0,0,0,0,0,0,0,0,0,0,183,8,0,0,0,2,0,3,40,1,0,1,3092,0,0,23,0,0,0,0,176,0,0,0,0,0,0,0,0,0,0,0,969,0,0,0,0,0,0,0,0,0,0,0,0,0,0,0,4,0,0,0,0,22,0,0,16,0,2,0,1,0,0,0,0,0,53,0,0,0,1,37,0,0,2,0,31,0,7,0,0,0,0,0,0,33,0,0,0,0,0,3,0,10,42,0,0,0,14,0,6,0,0,0,0,3,2,0,0,0,4,34,21,0,0,0,180,61,1,0,0,0,56,4,0,0,0,0,0,0,0,0,0,0,4,0,0,6,0,0,0,2,0,0,1,6,76,0,0,0,0,0,0,0,0,0,0,0,0,1,0,0,0,0,5,130,0,0,0,0,0,0,0,0,0,0,0,0,41,2,17,0,0,0,0,0,0,0,0,0,0,2065,12,0,0,0,0,0,0,30,0,0,0,3,0,0,3,0,19,0,0,0,0,0,0,3,0,65,0,0,53,0,9,0,0,0,0,0,0,47,0,0,0,0,0,0,0,21,0,0,0,0,0,0,0,0,0,0,14,0,0,0,0,0,0,0,630,0,0,1,0,0,0,0,0,0,1435,0,0,0,0,0,0,0,0,0,58,0,0,0,0,1,0,0,0,0,93,0
"Subject_13",0,0,0,2,0,5,2,0,0,0,0,0,3,0,10,0,0,0,18,0,0,26,0,2,0,436,0,16,2,0,0,0,0,18,0,0,0,64,0,0,0,189,0,0,0,0,0,0,0,0,0,0,11,25,0,0,0,0,0,9,0,0,0,0,0,0,253,0,110,0,10,2,2,0,0,0,4,0,0,0,0,0,6,0,0,13,0,0,0,0,0,0,14,0,0,2,0,0,0,0,0,0,0,4,0,93,0,2562,0,0,0,0,6,156,22,0,0,0,18,0,3,0,0,0,0,0,0,0,0,0,0,1235,0,0,0,78,0,0,0,18,189,0,0,0,0,0,69,0,17,0,19,0,0,8,0,0,0,0,0,12,0,0,2,0,0,0,4,0,6,0,8,0,0,0,0,0,6,114,90,0,0,35,0,0,8,0,0,0,0,0,0,0,2,0,0,0,0,0,0,0,0,0,0,16,0,150,0,0,0,0,0,0,0,0,0,2,0,9,0,0,0,33,0,2,0,0,0,0,0,0,0,0,0,0,0,0,0,0,0,60,0,0,0,0,0,0,0,0,4,15,0,0,0,0,46,7,34,0,0,0,0,0,5,4,12,0,0,0,11,6,0,0,118,0,0,0,0,0,0,3103,0,0,15,0,3,144,0,0,162,0,0,0,2,6,0,0,3,0,0,0,0
"Subject_14",2,0,0,0,9,0,0,0,0,0,0,0,0,0,18,0,0,0,0,0,0,14,0,9,0,686,0,0,64,0,0,0,0,47,0,0,164,27,0,0,1,0,0,0,0,23,0,0,3,0,0,0,0,0,0,0,0,0,0,0,0,0,0,0,0,0,225,0,0,0,7,0,0,0,0,0,0,0,0,169,0,0,0,0,0,1,1692,0,0,0,0,65,323,0,0,0,0,0,0,0,12,0,0,0,3,44,0,405,0,0,0,0,0,0,14,0,0,0,46,0,0,0,0,0,0,0,0,0,0,0,0,55,0,0,0,88,174,0,0,7,25,0,0,0,0,0,0,0,0,0,6,0,42,0,0,0,0,0,0,40,0,62,0,2,0,0,0,0,0,0,8,0,0,0,0,0,0,0,0,0,0,39,0,0,0,0,0,0,0,0,31,149,0,5,434,0,0,0,14,0,0,0,0,0,0,57,6,10,0,3,0,0,0,0,2,0,0,0,0,0,0,0,0,0,0,0,0,0,0,0,0,0,0,678,0,0,14,0,3,0,118,0,0,0,15,0,0,0,0,0,0,1,4,0,0,0,2,0,0,12,0,0,0,20,0,0,0,0,0,202,0,50,356,0,15,0,0,0,0,2578,0,0,222,0,0,0,0,0,0,0,0,0,0,70,0,0,301,0,0,9,0
"Subject_15",0,0,0,0,0,0,0,0,0,0,6,0,0,2,0,0,0,0,0,0,0,45,0,0,1,297,0,0,34,22,519,0,29,0,0,0,28,3,0,0,0,0,0,0,0,0,87,0,0,0,0,0,0,2,0,0,0,0,4,6,0,0,0,0,0,0,0,0,0,147,0,0,2,11,0,183,0,0,0,0,0,15,182,0,0,105,0,0,0,92,0,2,0,0,0,0,0,0,0,0,0,0,0,0,0,0,0,0,0,0,0,0,0,0,7,0,0,7,0,1,0,0,0,5,0,0,0,18,0,0,0,68,18,0,0,0,0,0,0,0,0,0,0,0,139,0,31,0,6,20,0,0,0,0,5,0,0,0,6,0,0,0,0,0,0,0,13,0,0,18,0,36,0,0,0,0,0,0,253,0,0,0,0,0,8,0,0,0,0,2,0,15,6,0,0,0,0,0,0,0,0,0,0,119,341,27,21,0,0,15,0,0,0,9,0,2,76,0,0,0,0,0,0,0,0,0,28,0,38,4,0,3,0,530,0,0,0,0,0,0,0,0,0,97,0,0,0,0,0,0,0,0,0,0,0,162,0,0,0,0,0,0,0,27,0,0,0,77,33,615,0,0,987,0,3,0,0,0,0,3567,0,0,275,0,0,0,0,0,0,38,0,0,0,0,403,0,0,0,0,0,0
"Subject_16",4,0,0,0,0,0,1,0,0,0,0,0,0,164,2,0,0,0,0,0,0,28,0,8,0,633,0,0,6,43,0,0,0,78,0,0,9,0,0,0,3,215,0,98,0,10,0,0,30,0,0,0,0,0,0,0,0,0,0,0,0,0,0,0,0,0,0,0,3,0,0,0,0,0,0,764,5,0,0,57,0,0,122,0,0,2,0,0,0,36,0,37,88,0,0,299,0,0,3,0,33,7,0,4,1,0,0,31,0,0,0,0,0,117,30,0,0,0,93,32,0,0,0,25,66,0,0,0,0,0,0,17,117,0,0,2,74,0,0,0,5,0,0,0,0,8,0,0,0,0,21,0,0,36,0,0,0,0,0,0,0,59,0,0,0,30,0,0,0,0,0,0,2,0,32,0,0,0,114,0,0,0,0,0,42,0,0,0,0,0,0,67,8,114,50,1,0,0,10,0,0,0,0,88,0,0,0,183,3,2,0,0,0,0,4,0,0,0,471,8,0,6,0,0,0,0,0,0,0,0,153,0,0,51,0,0,0,0,0,14,0,0,0,0,0,0,21,1,0,0,0,0,0,0,0,5,0,0,0,0,0,0,0,0,5,0,0,0,19,465,0,0,335,0,0,0,0,4,2,3996,0,0,62,0,0,0,0,1,0,46,0,0,0,0,11,0,13,8,0,26,0
"Subject_17",9,0,0,0,0,0,0,0,0,0,0,0,0,0,20,0,14,0,0,0,0,2,0,10,0,0,0,0,11,206,0,0,0,41,0,0,0,0,0,0,2,0,0,0,0,0,0,0,0,0,0,0,0,0,0,0,0,4,0,0,7,0,2,0,0,0,0,2,0,93,0,0,0,0,0,0,0,0,0,0,0,0,666,0,0,5,0,0,0,0,0,173,0,0,0,0,94,0,0,0,0,0,4,0,0,0,0,0,0,0,0,0,0,0,0,2,0,0,57,0,0,0,5,0,0,0,107,0,0,0,0,0,0,0,0,0,19,0,0,0,24,0,0,0,0,0,4,38,0,0,0,0,0,0,0,0,0,0,0,0,0,0,0,0,0,0,0,4,5,0,0,0,0,2,338,0,0,0,0,3,0,0,0,0,31,0,0,0,0,0,8,202,2,43,0,0,0,0,0,0,0,0,0,238,0,27,0,0,2,3,0,0,0,0,0,2,0,0,89,0,0,0,0,0,0,0,0,0,0,0,0,0,0,226,0,0,0,0,0,1,0,0,0,0,18,6,0,3,0,0,0,0,0,0,11,3,12,0,0,0,0,0,0,4,0,0,0,0,0,346,0,0,882,0,0,0,0,0,6,5659,0,0,175,0,0,0,0,0,0,0,0,0,0,0,30,0,0,0,0,0,0
"Subject_18",0,0,0,0,0,0,0,1,0,0,0,0,0,0,43,0,0,2,0,0,5,3,0,0,0,91,2,0,3,11,1,0,0,0,0,0,0,0,0,0,0,0,0,0,0,0,0,1,0,0,0,0,0,0,5,0,0,0,0,1,0,0,0,1,0,0,20,0,0,43,4,0,0,1,0,0,0,0,0,1,0,1,0,0,0,0,0,0,0,71,0,1,242,0,0,0,0,0,0,0,20,104,0,0,0,16,0,3747,0,22,0,0,0,212,7,3,0,0,16,5,2,0,0,76,490,16,0,0,2,11,0,0,0,0,0,18,11,0,0,0,0,0,3,0,59,0,1,0,0,7,1,0,0,2,0,0,0,0,1,0,0,45,0,2,0,24,0,0,4,0,1,0,1129,0,0,0,0,0,2,0,0,0,0,0,0,0,0,0,0,10,0,13,0,4,0,0,0,0,9,0,0,0,0,2,0,0,1,175,0,0,9,0,1,0,0,0,1,3,0,0,15,44,0,2,0,2,4,0,6,0,16,0,0,302,98,0,6,0,0,3,17,0,0,0,34,5,0,0,0,0,0,0,0,0,0,5,0,0,2,1,0,0,0,1,0,0,3,0,166,560,0,0,1026,0,0,0,0,0,0,576,0,0,34,0,0,11,0,0,0,8,0,0,0,0,176,0,16,12,0,8,0
"Subject_19",3,0,0,0,0,2,1,26,0,0,0,0,4,65,8,0,0,4,50,27,229,23,0,0,0,431,0,3,191,23,95,0,0,162,0,0,0,324,2,8,0,85,0,0,0,78,0,0,0,0,21,0,26,0,35,0,0,0,0,0,0,0,0,0,0,85,255,0,0,4,37,0,0,594,0,0,8,0,0,0,2,0,233,0,0,24,102,0,0,37,0,102,9,61,0,5,0,0,24,0,27,0,0,0,11,22,125,15,55,0,0,0,0,290,10,0,82,0,86,9,0,0,0,8,34,0,0,0,0,23,56,174,0,0,0,0,348,0,0,0,14,0,0,0,0,0,3,5,25,0,5,50,0,14,1,0,0,0,26,38,0,53,0,2,0,35,0,0,0,3,4,0,0,0,0,0,0,138,130,0,12,0,0,0,0,0,0,275,0,0,0,81,0,0,0,0,0,2,0,0,0,0,0,0,0,16,6,27,0,25,0,0,0,4,0,0,40,202,260,5,0,33,0,0,5,0,0,0,164,9,154,0,0,80,0,17,17,0,0,11,49,0,0,0,0,0,0,0,0,14,690,5,19,2,0,3,15,0,6,40,3,0,0,11,2,0,0,0,0,85,0,16,79,0,34,2,2,2,0,1617,0,3,72,0,0,0,0,0,183,9,0,0,0,0,40,56,36,0,0,39,0
"Subject_20",7,0,0,0,5,0,0,0,0,0,2,0,0,47,140,0,129,0,25,0,117,10,0,0,0,40,28,0,30,9,35,0,47,30,0,0,5,9,0,0,0,154,0,20,0,3,4,5,0,0,2,0,77,0,13,0,0,0,13,3,0,0,0,0,0,0,9,0,3,154,6,6,0,13,0,8,22,0,0,3,0,5,23,0,7,60,0,0,0,78,0,5,0,0,0,0,0,0,25,0,0,0,33,0,3,0,1,1086,48,0,0,0,0,13,0,9,0,10,5,0,0,0,0,34,56,134,83,0,3,0,7,69,21,0,92,0,59,0,0,0,8,0,0,9,4,0,9,5,42,0,14,37,0,101,0,0,0,0,0,2,0,45,0,0,0,0,0,0,13,0,2,0,0,0,0,0,6,2,2,11,0,10,0,40,3,0,0,0,0,0,0,67,0,54,0,0,0,4,11,0,0,0,0,149,0,23,14,0,4,0,0,0,0,30,3,2,2,2,18,0,11,0,0,0,0,0,116,0,9,0,73,3,0,593,0,0,0,0,0,300,0,0,0,42,18,215,0,0,0,0,0,2,2,0,5,13,29,0,3,9,3,0,0,6,0,0,9,0,16,1300,25,20,1461,0,0,0,0,0,0,1596,4,0,3,0,0,0,0,0,6,10,0,0,0,0,13,0,50,69,0,24,0
"Subject_21",0,1,0,7,5,0,1,2,0,1,0,0,16,0,57,0,5,0,24,2,0,3,0,1,0,530,0,2,10,15,0,0,0,94,0,0,54,165,0,11,2,134,0,0,0,399,0,0,0,1,1,1,8,0,2,0,0,1,0,1,0,19,0,0,0,0,96,0,0,42,6,0,0,16,0,0,0,0,0,0,0,0,15,0,608,0,73,0,0,0,0,4,133,0,7,0,0,0,5,0,15,1,0,0,0,10,0,4640,4,0,0,0,0,565,12,2,0,0,309,0,0,0,0,3,0,115,0,0,0,0,14,287,0,4,0,0,2,7,0,7,22,0,0,0,0,0,0,0,0,0,0,2,0,11,0,0,0,0,0,22,0,33,0,2,0,22,0,0,0,0,1,0,0,0,0,2,0,7,0,0,0,0,0,0,0,0,0,0,0,4,3,76,0,0,0,0,0,2,6,96,0,0,0,2,0,17,1,25,0,2,6,0,0,0,8,0,14,2,0,0,0,3,12,0,0,0,0,3,0,5,92,3,0,13,93,0,0,0,0,3,30,0,0,0,6,1,0,0,2,0,0,6,0,0,0,24,7,0,0,44,0,0,0,1,0,0,0,0,0,3,18,30,38,0,0,0,0,0,0,375,0,0,134,0,0,0,0,7,7,6,0,0,0,0,0,0,2,0,0,76,0
"Subject_22",0,0,0,0,0,2,0,0,0,0,0,0,0,0,0,0,0,0,18,0,125,11,0,0,20,1745,2,0,5,17,93,0,0,21,0,0,0,47,0,0,0,180,0,44,0,221,0,4,0,0,0,0,19,0,0,0,0,0,0,0,0,0,0,0,35,0,384,0,10,0,0,0,4,28,0,85,3,0,0,499,0,0,0,0,0,0,0,2,0,0,0,0,0,69,0,0,5,0,49,0,0,0,0,21,0,105,89,2,51,60,0,0,0,404,26,0,3,0,416,0,0,0,0,0,0,0,0,0,0,128,82,487,0,0,0,0,0,0,0,11,202,0,0,0,0,0,72,5,14,0,13,7,0,0,0,0,0,0,0,48,0,0,0,433,0,0,0,0,0,0,5,0,0,0,0,0,0,18,0,51,0,0,0,25,33,0,0,0,0,0,0,156,0,0,0,0,0,0,0,0,0,0,0,0,0,34,9,0,0,1,0,26,0,0,0,0,538,14,233,0,13,0,0,0,0,0,0,0,0,47,114,3,0,9,0,0,47,0,0,11,0,0,0,0,0,0,0,0,0,0,0,4,18,0,2,0,3,0,0,45,0,0,0,8,2,0,0,0,0,13,0,124,217,0,0,0,0,3,2,1115,0,0,393,0,0,8,0,0,203,0,0,3,2,0,0,0,0,0,0,26,0
"Subject_23",0,0,0,0,0,0,2,0,0,0,0,0,0,0,2,0,0,0,0,0,0,43,0,0,0,1393,0,0,4,0,0,0,0,97,0,0,211,7,0,0,0,0,8,0,4,13,0,0,0,0,0,0,0,0,0,0,0,0,3,0,0,0,0,0,0,0,92,0,0,0,0,0,0,0,0,2,0,0,0,62,0,0,245,0,0,0,44,0,0,38,0,23,19,0,0,0,0,2,400,0,0,0,0,0,2,0,0,1980,0,0,0,0,0,1218,0,0,0,2,39,0,0,0,3,13,298,0,0,0,0,0,5,27,0,6,0,0,107,0,0,0,3,0,0,0,4,43,23,0,0,0,7,0,0,0,0,0,0,0,0,41,0,0,0,0,0,0,0,0,0,0,6,0,0,0,0,0,0,0,171,0,0,0,0,0,15,0,0,0,0,0,0,22,3,0,0,0,0,0,0,0,0,0,0,0,0,3,0,0,0,1,0,0,0,0,0,0,125,0,7,0,0,52,0,0,0,0,0,0,174,0,0,0,0,361,0,0,0,0,0,0,0,0,0,0,0,0,2,0,0,0,0,0,4,0,0,29,3,0,0,0,14,0,0,3,0,0,0,0,0,2,0,0,281,0,0,0,0,0,3,2014,2,0,86,0,0,0,0,0,0,25,0,0,0,0,67,0,1,0,0,0,0
"Subject_24",3,1,0,0,0,0,0,19,0,0,0,0,0,0,2,0,0,0,13,0,45,2,0,10,0,4041,0,15,2,1,2,1,0,2,0,0,4,0,0,0,0,83,0,0,0,2,0,0,0,0,2,0,24,0,0,0,0,2,0,41,2,0,0,0,0,0,3,0,0,39,5,1,0,4,0,0,2,0,0,3,0,0,4,0,2,3,0,0,0,11,0,2,4,0,0,0,0,0,0,0,0,1,0,0,0,0,0,17,0,0,0,0,0,120,0,0,0,0,9,2,5,0,0,6,12,0,0,0,0,0,0,43,0,0,39,0,2,0,0,11,0,0,0,3,0,577,1,0,12,0,4,0,0,51,0,2,5,0,0,0,0,12,0,0,0,25,0,0,0,0,0,0,2,0,0,0,0,9,362,0,0,0,0,0,0,0,0,0,0,0,0,2,0,8,0,2,0,0,10,0,0,0,0,2,0,2,0,58,1,2,2,0,0,0,0,1,6,2,0,0,2,57,0,0,0,0,0,0,12,0,29,0,0,82,0,0,15,0,0,2,48,0,0,0,3,0,0,0,0,0,0,0,2,5,1,1,0,0,0,4,4,0,0,1,2,0,0,0,0,681,0,0,266,0,0,0,0,0,0,2926,0,0,2,4,0,0,0,0,0,5,0,0,0,0,0,0,3,0,0,26,0
"Subject_25",4,0,0,0,0,0,17,26,0,0,0,0,3,2,2,0,0,0,0,2,30,31,0,2,3,517,0,2,5,0,95,0,0,1,0,25,1,42,0,0,0,91,214,58,0,315,0,0,0,0,0,0,10,0,57,0,0,2,0,345,0,48,5,0,0,7,310,3,0,0,65,0,0,8,0,0,0,0,0,260,0,0,12,0,29,0,0,0,0,4,80,1,0,0,0,2,0,0,26,0,0,0,0,0,4,216,100,458,55,258,0,45,0,16,0,0,0,0,16,2,14,0,0,11,0,0,0,0,0,92,20,239,77,0,0,0,1,0,0,33,15,0,0,0,0,0,141,12,15,0,6,0,0,55,0,0,0,0,46,9,0,0,0,1202,0,0,0,0,0,0,8,0,0,0,0,0,0,75,0,0,0,0,0,0,0,0,0,0,50,0,0,19,2,0,0,2,90,0,0,0,0,0,0,0,2380,51,0,0,0,0,0,0,0,8,0,0,60,272,0,0,0,53,0,0,0,0,0,0,11,0,9,0,0,1,0,0,0,0,0,0,0,6,0,18,0,0,0,6,0,0,2,2,22,0,12,5,2,0,0,159,2,6,0,0,0,0,0,0,92,250,0,0,63,0,2,0,0,0,14,3,2,0,157,0,0,0,0,2,93,23,0,6,0,0,1,0,2,44,0,5,0
"Subject_26",0,0,0,0,0,0,1,0,0,0,10,0,0,0,4,0,0,0,0,0,0,0,0,5,0,2,0,0,2,1,1,0,0,25,0,0,2,5,0,0,0,9,0,7,0,10,0,0,0,0,5,0,0,0,1,0,1,0,0,5,0,0,0,0,0,0,78,0,0,0,0,0,0,0,0,8,0,0,0,8,0,10,30,0,25,0,1,0,0,5,0,1,0,0,0,0,0,0,21,0,31,0,0,0,0,11,2,6156,0,0,0,23,0,29,0,0,0,0,40,0,4,0,0,4,3,0,0,0,2,0,4,64,0,0,0,0,2,0,0,0,0,0,0,0,0,0,0,0,0,0,4,1,0,57,0,3,0,0,0,48,0,45,0,0,0,27,0,2,0,0,0,0,0,0,69,0,0,0,14,5,0,0,0,0,0,0,0,0,0,0,0,6,0,0,0,11,0,0,0,0,0,0,0,2,0,37,19,12,0,2,0,0,0,0,1,0,10,4,0,0,0,59,0,0,0,0,0,0,3,0,12,0,0,38,0,0,0,0,0,9,17,2,0,0,0,0,0,0,0,0,0,0,0,1,0,0,0,0,0,1,0,0,0,2,368,0,0,0,0,149,0,0,13,0,3,0,0,0,6,2226,0,0,8,0,0,0,0,0,0,6,0,0,2,0,6,1,0,0,0,34,0
"Subject_27",0,0,3,2,0,0,0,0,0,0,0,0,5,0,73,0,24,0,17,5,0,0,0,0,0,962,0,27,10,239,0,0,0,0,0,0,22,33,0,23,0,350,0,0,0,18,0,0,0,0,0,0,20,0,0,1,0,0,0,0,0,0,0,3,0,0,31,0,0,0,0,0,0,0,0,0,6,0,0,0,0,0,9,0,0,0,0,0,0,27,0,9,115,0,0,5,25,0,0,0,18,285,28,0,0,0,0,0,0,42,0,0,0,5,0,0,0,0,85,0,10,0,0,16,0,159,0,0,0,0,0,38,0,0,0,0,383,14,3,0,89,16,0,0,0,1126,5,0,29,0,4,0,0,28,0,53,7,2,0,0,0,98,0,0,0,0,0,0,0,0,50,0,0,0,31,0,0,0,0,0,0,0,0,0,9,0,0,0,0,0,0,0,2,0,0,0,4,0,0,0,0,0,0,0,0,20,0,229,0,2,16,0,0,0,0,0,0,0,0,0,2,0,0,0,0,0,0,0,0,0,0,0,0,5,232,0,247,5,0,44,0,0,0,0,0,0,0,0,0,0,0,0,0,0,0,9,144,0,0,6,0,0,0,6,0,0,0,0,0,179,4,0,1211,17,0,0,0,0,0,339,0,0,382,0,1459,605,0,1,0,58,0,0,0,0,0,0,3,0,0,73,0
"Subject_28",7,0,0,0,0,0,2,34,0,0,0,0,0,0,10,0,0,0,0,0,0,0,0,4,0,1662,0,0,18,0,69,0,0,0,0,0,48,274,0,8,2,50,0,52,0,230,0,0,0,0,0,0,22,0,3,0,1,0,0,149,0,13,4,0,0,0,123,0,0,0,54,0,0,0,0,0,0,0,0,480,7,0,130,0,0,4,828,2,0,25,0,6,2,0,0,1,0,0,70,2,0,1,0,0,0,0,111,646,6,0,0,0,0,1548,0,2,0,1,79,0,0,0,0,7,32,0,0,0,0,0,3,328,0,11,3,2,30,3,0,0,0,0,0,0,0,0,0,0,11,3,7,86,0,0,2,0,0,0,0,35,0,0,0,124,0,0,0,1,0,0,0,0,0,0,0,0,0,0,358,0,0,0,0,0,21,7,0,0,3,0,0,0,2,0,0,2,0,0,0,0,0,0,0,12,2,92,3,0,1,2,0,0,0,0,17,0,71,0,0,0,0,0,0,0,0,56,0,0,0,0,218,0,0,161,15,0,0,3,0,0,0,0,0,0,0,0,0,0,0,0,73,2,20,0,41,0,0,0,8,0,0,0,0,0,2,0,0,33,0,5,0,26,6,0,1,0,0,0,4,944,0,0,224,0,0,0,0,4,0,0,0,0,0,0,15,0,14,0,0,40,20
"Subject_29",68,0,0,0,2,0,2,0,0,0,2,0,5,21,6,0,0,0,10,0,0,75,0,4,0,376,0,0,88,0,363,0,0,132,3,0,0,482,0,0,2,112,0,57,0,205,0,5,0,0,2,0,5,0,104,0,0,2,0,0,0,10,4,0,0,2,15,0,6,29,85,0,0,3,0,0,8,0,0,152,0,2,69,2,27,0,82,1,0,0,0,33,2,0,0,0,0,0,337,0,18,0,0,1,1,16,0,458,0,0,0,0,0,1058,10,37,0,3,41,0,0,0,0,6,239,62,0,0,0,0,0,149,3,17,3,1,137,0,0,0,2,0,0,0,329,0,0,3,35,0,3,0,0,59,0,0,0,0,143,27,0,17,0,0,0,25,0,0,5,0,0,0,2,1,0,0,0,0,381,5,50,0,0,0,0,0,0,0,2,0,0,229,0,0,0,0,0,0,0,0,0,0,0,2,0,10,0,0,0,0,0,0,0,0,0,0,52,14,129,0,0,16,81,0,0,47,0,0,0,0,0,0,0,34,0,0,16,0,0,2,0,0,0,0,0,0,0,2,0,0,1,7,0,0,28,0,1,0,14,135,0,0,0,0,7,0,0,0,147,2,0,0,75,0,6,0,0,0,4,2013,0,0,316,0,0,0,0,4,3,0,0,0,0,0,80,0,6,0,0,181,0
"Subject_30",0,16,0,0,0,0,3,33,0,0,0,0,0,0,23,0,0,8,7,0,92,9,0,0,0,2014,0,0,4,0,191,0,0,44,0,0,0,2,0,2,0,0,2,57,0,403,0,8,2,0,0,31,0,0,8,15,0,0,0,288,0,56,0,2,0,13,218,0,0,68,40,3,0,25,0,0,0,0,4,114,0,0,90,0,0,2,0,0,0,20,0,9,0,0,0,0,0,0,4,6,0,0,0,4,3,0,0,426,0,98,0,0,0,151,0,2,5,0,245,0,0,0,0,5,11,0,0,0,4,0,3,47,1,0,0,0,0,0,0,0,0,0,0,0,67,0,13,0,2,4,9,0,0,14,0,0,0,0,0,16,0,0,0,1,0,0,5,0,6,0,4,0,44,0,0,7,6,13,647,6,0,10,11,31,43,0,0,0,0,2,0,104,0,23,0,0,0,0,0,0,0,0,0,1344,0,168,12,0,3,0,0,57,0,0,2,0,70,154,250,24,272,5,0,7,0,0,0,0,58,5,253,0,0,94,0,0,56,0,0,0,0,0,0,0,12,3,0,0,0,0,0,2,3,0,3,0,0,0,9,27,6,0,27,3,91,0,0,0,5,14,0,0,247,0,8,0,0,0,6,433,0,0,120,0,0,0,0,0,20,13,0,0,3,0,14,0,13,0,0,57,0
"Subject_31",39,0,0,0,0,0,0,0,0,0,0,0,0,0,1071,0,11,7,5,0,0,0,0,216,0,2796,0,0,236,15,3,0,0,37,0,0,0,1,0,11,0,51,0,0,0,0,0,0,0,2,0,0,0,0,0,0,0,0,11,45,0,0,119,0,129,0,0,0,0,0,0,0,0,0,0,146,0,0,0,12,0,0,0,0,0,48,82,0,0,1,0,32,56,0,42,31,0,1,0,0,59,10,0,0,0,0,0,88,5,22,0,0,0,2,0,1,0,1,15,2,0,0,0,11,3,0,0,0,0,0,0,98,0,291,2,77,354,0,0,0,6,0,23,0,72,416,0,0,10,38,2,0,0,5,1,0,0,0,0,0,0,0,0,0,0,0,0,0,0,0,0,0,0,0,18,0,0,0,0,0,0,0,0,0,0,0,0,1,0,0,0,0,7,16,0,13,0,2,0,0,1,0,0,0,0,17,1,56,1,61,0,0,0,0,0,0,10,0,2,0,0,0,0,0,0,0,0,6,0,0,2,0,0,129,0,0,15,13,0,14,0,0,0,0,0,44,0,0,0,0,0,0,0,0,0,0,0,0,0,0,0,0,0,2,0,0,0,0,0,2521,0,0,64,2,41,0,0,0,3,5,0,1,46,0,0,0,0,0,0,0,0,0,0,0,2,0,8,0,0,10,0
"Subject_32",4,0,0,0,0,0,0,0,0,0,0,0,0,0,43,0,0,0,0,0,0,264,1,2,0,1,0,0,0,72,191,0,0,241,0,0,7,0,1,0,0,0,0,0,0,0,0,0,0,0,0,0,0,0,0,0,0,0,0,0,0,0,2,0,0,0,76,0,0,0,0,0,0,0,0,0,1,0,0,206,0,0,0,0,0,39,0,0,0,0,0,0,7,0,0,0,0,0,0,0,22,76,0,0,0,0,0,766,0,0,0,0,0,0,26,8,0,4,404,2,0,0,0,7,547,0,0,0,0,0,0,0,0,0,0,26,2,0,0,0,14,0,0,0,0,109,0,0,0,0,0,0,0,0,1,0,0,0,0,0,0,50,0,2,0,0,0,0,0,0,0,0,128,0,0,0,0,0,0,0,0,0,0,0,0,0,0,0,0,0,0,70,0,0,0,0,0,0,0,0,0,0,0,0,330,0,7,68,0,2,0,0,0,0,14,0,73,0,0,0,222,22,0,65,0,0,0,0,0,0,0,0,0,2971,0,0,36,0,0,21,0,50,0,0,31,0,0,0,0,0,0,0,0,0,96,332,0,0,0,0,0,0,0,8,2,0,0,0,14,117,0,0,676,0,0,0,0,0,0,268,0,0,806,0,0,0,20,0,0,0,0,0,0,0,0,0,12,0,0,318,0
"Subject_33",9,2,0,2,0,0,49,0,0,0,0,0,0,0,12,0,2,0,0,0,0,0,0,2,0,80,0,5,99,0,2,0,0,0,0,0,0,0,0,72,0,70,0,0,0,0,0,0,0,2,0,0,0,0,0,0,0,0,0,0,0,0,9,0,0,0,0,0,0,0,0,0,0,0,0,0,6,0,0,22,0,0,0,0,0,3,0,0,0,0,0,0,404,0,0,0,88,0,0,0,0,2,0,0,0,0,0,926,0,0,0,0,0,0,0,0,30,0,36,0,0,0,42,143,0,0,0,0,0,0,0,0,0,0,0,0,0,0,73,0,11,11,0,0,0,0,18,0,51,91,0,0,0,0,0,0,0,0,0,0,0,0,0,288,112,0,0,0,0,0,0,2,3216,0,0,0,0,0,0,0,0,0,0,0,0,0,0,0,0,11,0,22,0,0,0,0,0,0,0,0,0,0,0,0,2,5,0,0,2,0,0,0,0,0,0,0,0,0,779,0,87,0,0,0,0,0,0,0,0,0,0,0,0,1,0,0,0,0,0,38,0,0,0,0,3,0,0,0,0,0,0,0,0,0,0,0,2,0,0,0,0,0,9,5,46,0,0,0,3,1120,0,0,709,0,0,0,0,2,0,71,0,0,0,0,1066,31,0,0,0,0,0,0,0,0,1,0,0,0,0,0,0
"Subject_34",1,0,0,1,0,1,1,17,0,0,2,0,0,0,6,18,0,0,0,4,0,1,0,0,0,4940,0,0,3,0,12,0,0,0,2,0,6,1,0,12,1,68,0,0,1,15,0,1,0,0,0,0,8,0,8,0,0,0,0,9,0,1,5,1,0,0,87,0,0,24,5,5,0,7,0,0,3,0,0,1,0,1,2,0,16,0,54,1,3,9,0,28,195,0,0,1,0,0,0,0,30,0,0,1,0,0,0,89,6,4,0,5,0,110,11,3,0,22,99,0,0,0,0,69,21,0,0,0,0,0,0,4,0,7,11,37,6,0,0,19,5,0,0,0,0,0,3,0,14,0,0,10,2,36,1,7,0,0,2,5,0,16,0,0,0,18,4,0,0,109,0,2,20,0,0,0,0,3,33,0,0,0,3,0,0,0,0,0,0,0,3,19,0,10,0,1,0,1,0,0,0,0,0,9,26,7,0,106,0,2,0,0,0,0,3,1,29,0,118,0,27,30,0,0,23,0,0,4,44,3,25,0,0,266,85,0,19,0,3,42,0,0,0,0,12,0,0,0,3,0,16,0,1,0,3,17,7,0,3,0,0,0,0,1,0,0,22,0,0,20,0,0,0,463,0,0,0,0,1,1995,0,0,43,0,2,0,0,0,0,0,0,0,0,0,7,4,0,0,0,43,0
"Subject_35",0,0,0,0,0,0,2,0,0,0,2,1,0,0,26,0,0,0,0,0,11,84,0,0,0,3273,0,0,0,0,135,0,2,63,0,6,0,1,0,0,0,0,0,45,1,20,0,1,0,0,1,0,0,0,0,0,0,0,0,0,0,0,0,0,0,2,15,1,7,0,23,0,0,6,1,0,0,0,0,6,0,1,2,1,41,0,0,1,0,64,250,3,51,0,0,0,0,1,32,0,35,0,0,1,1,8,199,73,0,0,0,32,0,97,0,0,0,0,15,4,0,0,0,4,299,0,0,0,0,40,1,11,1,0,0,38,168,0,0,0,0,0,0,0,0,351,0,0,0,0,0,13,0,0,0,0,0,0,0,9,0,15,0,133,0,12,0,0,0,0,0,0,0,1,12,0,0,2,352,0,1,5,0,0,0,2,0,0,0,0,0,16,0,0,0,0,0,0,0,0,0,0,0,9,859,1,0,4,0,2,0,20,0,0,27,0,50,2,0,0,17,2,0,1,0,11,0,0,161,1,118,0,0,1053,0,0,4,0,0,0,9,0,25,0,0,0,0,4,0,0,65,0,10,0,2,0,0,0,0,0,0,28,0,0,0,0,0,0,1,19,0,0,90,0,0,0,0,6,6,782,0,0,55,0,0,0,1,1,0,15,30,0,0,0,219,0,0,48,0,103,0
"Subject_36",0,0,0,0,3,0,0,7,0,0,0,0,0,0,2,0,18,1,0,0,37,29,0,4,0,1553,0,0,30,0,210,0,0,0,2,0,6,343,0,0,0,0,0,0,0,56,0,0,0,0,0,0,0,0,0,0,0,0,0,191,1,0,1,1,0,0,41,0,0,58,23,0,0,0,19,0,0,0,0,43,0,0,312,1,0,0,0,0,0,23,2,0,85,0,0,1,20,0,0,0,42,0,0,0,0,39,0,731,0,38,0,0,0,81,13,0,0,0,76,0,0,0,0,6,48,3,0,4,0,0,0,11,0,0,0,13,62,0,0,3,5,0,0,0,0,412,0,0,0,11,10,0,0,59,0,0,26,0,4,0,0,31,0,2364,0,0,3,0,0,0,6,0,2,9,0,0,0,0,196,0,0,0,0,0,23,0,0,0,0,0,6,21,1,0,0,0,0,1,0,2,0,0,0,43,0,18,0,0,0,3,0,0,4,0,0,0,44,0,278,0,0,53,0,0,0,0,19,0,63,8,0,0,3,95,8,0,8,0,0,0,24,0,0,0,5,33,0,0,0,0,0,0,0,0,11,3,0,0,0,0,10,0,0,2,0,0,0,0,0,1,0,0,408,0,0,0,0,0,0,703,0,0,526,0,0,0,0,0,65,0,0,0,0,0,0,0,2,0,0,70,0
"Subject_37",0,0,0,0,0,0,0,5,0,0,0,0,0,0,9,0,0,0,0,0,21,0,0,5,0,0,0,0,15,3,267,40,0,229,0,0,8,481,0,0,0,0,0,0,0,209,0,0,0,0,0,0,0,0,0,0,0,7,0,212,0,0,0,0,0,0,50,0,0,265,0,0,0,3,0,0,0,0,0,198,0,0,0,0,25,2,0,0,5,125,0,3,57,0,0,8,0,0,167,0,0,0,0,0,0,0,0,1119,0,0,0,0,0,434,0,4,0,0,67,0,0,0,0,5,0,0,0,0,0,0,0,0,0,3,0,0,0,0,0,0,0,0,0,0,0,8,5,0,0,0,14,57,0,0,0,0,0,0,0,0,0,0,0,0,0,0,0,0,0,0,0,92,1,0,0,0,0,13,230,0,0,0,0,7,0,0,0,0,0,0,0,23,0,0,0,3,0,0,0,0,0,0,0,0,379,25,0,0,2,0,0,0,0,0,0,0,322,0,0,0,2,0,0,0,0,0,0,0,130,0,120,0,0,390,0,0,0,0,0,1,0,0,0,0,0,0,0,0,0,0,0,0,0,0,0,9,6,0,0,28,19,0,0,0,0,0,0,0,0,15,15,0,88,0,0,0,0,0,0,3776,2,0,0,0,0,0,0,0,6,0,0,0,0,0,0,3,0,0,0,162,0
"Subject_38",0,0,0,0,0,0,0,0,0,0,0,0,0,0,0,0,0,0,0,0,0,0,0,5,0,2,0,0,101,30,2,2,0,3,0,0,4,29,2,0,0,0,0,2,0,23,0,0,0,0,0,0,0,0,0,0,0,0,0,0,0,0,0,0,0,0,157,0,0,23,0,0,0,0,0,0,0,0,0,0,0,0,10,0,0,2,0,25,2,0,316,37,0,0,0,2,0,0,0,0,0,0,0,0,0,60,0,5030,0,0,0,0,0,0,0,0,0,0,16,2,0,0,0,5,0,0,0,0,0,0,0,0,0,0,0,0,8,0,0,0,39,0,0,0,0,0,0,0,0,0,2,0,0,0,2,0,0,0,62,0,0,0,0,77,0,0,0,0,0,0,0,0,0,0,0,0,0,12,2,0,0,0,0,0,0,0,0,0,0,0,2,58,0,0,0,0,0,0,0,0,0,0,0,0,0,0,0,0,0,0,0,0,0,0,0,0,4,0,0,0,15,12,0,0,0,0,0,0,3,0,13,0,0,11,0,0,0,0,0,0,0,7,0,0,13,0,0,0,0,0,54,0,0,0,40,0,74,0,0,0,29,0,0,0,0,0,0,0,0,455,0,0,12,0,2,0,0,0,0,3077,2,0,0,0,0,0,0,0,16,0,8,0,0,0,2,0,0,0,0,2,0
"Subject_39",7,0,0,0,0,0,0,0,0,0,0,0,0,0,13,0,0,0,0,0,0,0,0,0,0,636,0,0,8,2,462,0,0,212,0,0,10,257,0,0,0,56,0,0,0,184,0,0,5,0,0,0,0,0,0,0,0,0,0,0,0,0,0,0,0,0,0,0,0,0,0,0,0,0,0,0,0,0,0,518,0,0,0,0,0,2,0,0,0,299,0,0,0,0,0,0,0,0,0,0,19,2,0,0,34,0,100,17,0,0,0,0,0,1182,0,0,0,0,208,0,0,0,0,10,28,0,0,0,0,0,0,1194,0,0,3,41,2,0,0,0,0,0,0,0,0,0,0,0,35,0,27,0,0,0,0,0,0,0,0,0,0,0,0,0,0,20,0,0,0,0,0,0,0,0,0,0,0,0,0,0,0,0,0,0,0,0,0,0,0,0,0,65,0,0,0,0,0,0,0,0,0,0,0,0,0,115,0,12,2,3,0,0,0,0,0,0,526,0,0,4,0,0,0,0,0,0,0,0,311,0,0,0,0,249,0,0,0,18,0,0,0,4,0,0,0,0,0,0,0,0,141,0,0,0,0,0,0,0,0,0,0,0,0,0,0,0,0,0,3,3,0,0,116,0,0,0,0,0,0,2209,0,0,350,0,0,0,0,0,0,0,0,0,0,0,0,0,3,0,0,283,0
"Subject_40",0,4,0,0,0,2,2,2,0,0,2,2,0,264,2,0,0,0,0,4,14,13,0,0,2,1879,2,0,3,2,0,0,0,283,0,0,11,559,1,0,2,0,0,44,0,112,0,5,0,0,6,0,0,0,3,0,0,1,0,75,4,2,2,0,20,4,141,0,0,0,11,0,0,2,0,0,0,0,0,19,0,0,182,0,29,2,0,0,0,28,0,0,36,0,0,0,0,0,45,0,0,0,0,2,5,15,40,539,3,0,0,9,0,165,0,0,0,0,106,0,0,0,0,0,27,0,0,0,2,0,21,20,0,0,0,0,31,0,0,0,2,6,0,0,0,0,7,2,0,0,4,9,0,0,0,0,0,0,7,74,0,0,3,0,0,0,0,0,0,0,4,0,0,0,0,0,2,1,277,4,0,0,6,0,18,0,0,0,4,0,0,37,2,14,194,0,0,2,10,0,246,0,0,0,0,9,20,0,0,0,6,0,0,6,2,0,97,8,6,5,0,0,98,0,0,0,17,0,77,0,65,3,0,380,0,35,60,0,3,1,0,0,0,0,0,0,2,0,2,11,195,4,5,0,36,5,2,2,15,14,2,21,0,3,0,1,0,0,15,251,53,15,0,0,0,0,1,0,3,2089,2,0,580,0,0,0,0,0,4,2,0,0,0,0,5,2,5,3,0,20,0
"Subject_41",0,0,0,0,0,0,2,0,0,0,0,0,0,0,8,0,0,0,0,0,0,0,0,0,0,967,0,0,11,0,0,0,0,0,0,0,18,0,0,0,0,0,0,62,0,0,0,0,0,0,0,0,0,0,0,0,0,0,0,0,0,0,0,0,0,0,67,0,0,0,20,0,0,0,0,0,0,0,0,0,0,0,0,0,0,0,0,0,0,0,0,16,5,0,0,0,0,0,0,0,0,9,0,0,0,0,12,247,0,0,0,0,0,742,0,70,0,0,149,0,0,0,52,0,0,0,0,210,0,0,0,0,0,0,0,0,5,7,0,0,7,0,3,0,0,41,42,0,0,5,0,0,0,21,0,0,0,0,0,153,0,32,0,0,0,38,0,0,0,0,0,2,0,2,0,0,0,0,1260,0,0,0,0,0,0,0,0,0,0,0,0,0,0,0,0,0,0,0,0,0,0,8,0,0,0,0,0,99,4,0,0,0,0,0,0,0,558,0,0,0,57,0,0,21,0,0,0,0,32,0,0,0,0,453,21,0,0,5,0,41,0,260,0,0,0,0,0,0,0,0,0,8,0,0,0,0,0,0,0,0,0,0,0,17,0,0,0,0,0,30,0,0,54,0,5,0,0,0,5,3927,0,0,49,0,0,0,0,8,0,0,0,0,0,0,0,0,52,0,0,0,0
"Subject_42",0,0,0,8,0,0,2,0,0,2,0,0,3,0,7,0,0,0,0,0,0,24,0,4,0,972,0,11,17,21,0,0,0,0,19,0,49,0,0,44,2,266,0,0,0,208,0,0,0,0,3,0,17,0,0,2,0,0,0,0,0,0,0,3,0,0,20,0,11,0,0,0,0,0,0,97,9,0,0,54,0,0,19,0,133,3,0,2,0,0,1,7,2,0,0,0,0,0,0,0,12,0,39,0,0,0,0,82,13,0,0,0,0,0,0,3,0,74,23,0,0,0,0,16,107,0,0,0,0,0,0,212,14,22,48,0,5,0,0,14,1,0,0,0,0,0,0,4,23,0,0,0,0,0,2,0,0,1,0,65,0,14,0,0,0,26,0,0,0,0,0,0,16,0,0,0,0,0,0,0,0,0,0,0,14,0,4,0,0,0,0,128,0,0,0,0,0,0,0,0,0,0,0,0,0,3,16,0,0,14,0,0,0,0,17,0,0,0,1,0,0,0,0,0,0,0,0,0,0,0,125,3,0,930,0,0,0,0,3,49,0,0,0,0,132,0,0,0,0,0,0,3,0,0,2,6,2,0,0,0,0,0,0,0,1,0,0,0,0,5,0,0,272,0,0,0,1,0,0,5073,2,0,185,0,0,4,0,0,0,0,0,0,0,0,0,0,47,0,0,83,0
"Subject_43",88,0,0,0,0,0,0,0,0,0,0,0,4,16,85,0,0,0,6,0,0,6,0,0,0,3692,0,8,179,27,176,0,0,12,0,0,0,213,0,8,0,202,0,0,0,0,0,0,0,0,3,0,0,0,0,0,2,0,0,0,0,0,6,0,0,0,164,0,48,0,0,0,0,0,0,134,2,0,0,93,0,0,0,0,0,92,160,1,5,5,571,177,8,0,0,0,0,0,0,0,11,3,0,0,0,0,0,73,0,0,0,36,0,21,4,0,3,4,37,2,0,0,0,10,26,0,0,0,0,0,0,17,0,0,0,49,356,0,0,0,12,0,0,0,0,552,4,0,17,0,0,0,0,2,0,0,0,0,0,0,0,49,0,0,0,25,0,0,0,0,0,0,0,0,9,0,0,6,68,0,0,0,0,0,0,0,0,0,0,0,0,19,5,0,0,0,0,1,0,0,0,0,0,0,972,0,0,26,0,0,0,0,0,0,0,0,44,4,553,0,54,0,0,0,0,0,0,0,0,0,0,0,0,0,0,36,13,7,0,0,0,0,0,0,0,0,0,0,0,13,0,0,11,0,8,216,0,0,0,0,0,0,0,7,0,0,0,0,15,38,0,0,26,0,28,0,0,3,5,184,1,0,33,0,0,0,0,0,0,0,0,0,0,0,4,0,0,0,6,73,0
"Subject_44",0,2,3,1,2,1,1,0,0,1,0,0,0,0,6,0,0,1,0,1,0,37,0,1,0,2025,0,0,4,108,294,0,0,80,0,0,0,114,10,2,0,2,0,0,0,117,0,2,0,0,1,0,1,2,0,1,0,0,0,14,1,0,1,1,0,0,37,0,0,151,0,0,0,0,3,0,0,0,0,10,0,0,92,0,0,82,0,0,0,0,0,5,11,0,0,0,2,0,0,0,7,7,0,0,0,13,0,139,0,2,0,0,0,0,11,0,4,6,193,0,0,0,0,52,1116,0,133,0,0,0,0,35,0,0,0,0,3,0,0,0,6,0,0,0,0,0,0,0,0,0,11,3,0,10,0,0,0,0,0,89,0,18,0,0,1,27,3,0,15,0,3,0,0,0,0,0,2,201,247,1,0,0,0,0,0,0,0,0,0,0,23,0,0,12,0,0,0,6,0,2,0,0,1,2,0,5,25,45,0,3,0,0,0,0,0,0,87,4,0,0,0,19,0,0,0,0,0,3,0,2,0,0,0,52,12,0,31,0,2,41,35,0,0,0,8,11,0,0,0,0,0,0,14,0,2,3,14,0,13,12,1,0,0,2,0,0,0,0,0,13,3,3,1113,5,1,1,3,0,0,2134,1,0,253,0,0,10,0,1,12,17,0,0,0,0,0,43,2,0,0,305,0
"Subject_45",0,0,0,3,0,0,2,0,0,0,0,0,0,0,0,0,0,0,0,0,0,40,0,61,0,1,0,0,0,0,0,0,0,77,0,0,0,274,0,0,0,85,0,19,0,47,0,0,0,0,0,0,0,0,0,0,2,0,0,4,0,0,13,0,0,0,408,0,14,0,36,0,0,564,0,0,0,0,0,0,0,0,0,0,0,0,0,0,0,239,8,6,5,0,0,0,0,0,84,0,0,0,0,0,0,0,0,2239,13,38,0,0,0,177,0,17,0,9,26,0,3,0,0,20,88,0,0,0,0,0,0,278,0,21,0,0,0,0,0,0,3,0,0,0,0,0,0,0,61,0,0,0,78,0,2,0,0,0,0,21,0,0,0,0,0,0,0,0,0,0,0,0,0,5,31,0,0,0,44,0,0,0,0,0,0,0,4,0,0,0,0,262,0,0,0,0,0,0,0,0,0,0,0,0,900,0,0,0,0,35,0,0,0,0,0,0,17,0,0,0,21,0,0,0,0,28,0,0,31,0,0,0,0,406,0,0,0,0,0,0,0,0,0,0,0,0,0,0,0,0,73,0,0,0,0,0,0,0,0,0,0,0,0,0,0,0,0,0,0,12,0,0,2,2,0,0,0,0,0,2745,0,0,160,25,0,0,0,0,0,0,0,0,0,0,0,0,0,0,0,115,0
"Subject_46",0,0,0,0,0,0,24,0,0,0,0,0,0,0,54,0,0,0,0,0,50,0,0,6,0,1869,0,0,101,0,0,0,0,14,6,0,0,0,0,0,0,0,0,22,0,22,0,0,0,2,0,0,0,0,5,0,0,4,0,23,0,8,3,0,0,0,0,2,0,0,0,0,0,4,0,2,0,0,0,15,0,0,0,0,30,0,2,0,0,107,0,8,0,0,0,0,0,0,0,0,0,0,0,0,0,0,0,0,8,0,3,0,0,118,0,0,0,2,16,1,0,0,0,4,27,0,0,0,0,0,0,0,0,0,0,0,12,0,0,0,0,0,0,0,0,0,0,0,0,7,0,4,0,0,0,0,0,0,0,0,0,0,0,0,0,0,0,3,0,245,0,0,0,0,0,0,0,0,0,0,0,75,0,0,3,0,0,0,0,0,0,2,4,0,0,0,0,0,0,0,0,0,0,0,0,3,12,0,0,17,0,0,0,0,0,0,0,0,246,14,0,0,0,0,0,0,0,0,83,0,187,0,0,368,0,0,0,0,0,1,0,0,0,4,0,0,0,0,3,0,0,0,0,0,0,0,3,0,0,3,0,0,0,2,0,0,0,0,0,0,0,45,0,0,0,0,0,0,1,5889,0,6,0,0,0,0,0,0,0,6,0,0,0,0,0,0,6,0,0,186,2
"Subject_47",0,0,2,0,0,0,1,38,0,0,0,0,0,0,30,0,26,0,0,0,47,22,0,0,0,0,7,0,3,0,0,0,0,60,0,0,22,353,0,0,2,2,0,69,0,0,0,0,0,0,1,0,0,0,17,0,0,0,0,262,0,17,0,0,0,0,0,0,0,0,0,0,0,0,0,0,0,0,0,0,2,0,10,1,0,0,185,0,0,30,261,7,1,2,77,1,0,0,45,0,7,8,0,0,0,0,16,0,0,0,0,0,0,1870,0,4,0,1,262,1,0,0,0,4,691,0,0,0,0,26,36,0,0,0,0,2,42,0,0,0,2,0,0,0,0,0,0,16,0,0,0,110,0,0,2,0,0,0,0,29,11,0,0,0,0,0,0,0,0,0,0,0,1,0,0,0,0,0,0,0,0,0,0,0,10,0,0,0,0,0,0,267,2,0,0,0,0,0,0,0,0,0,0,0,0,10,4,0,55,3,68,0,0,0,19,0,91,11,0,0,0,0,0,0,0,0,276,0,0,2,252,3,0,476,0,0,0,50,0,0,0,0,0,14,0,0,2,0,0,0,0,0,13,0,0,125,12,0,9,9,0,0,0,14,0,0,0,0,0,1,0,0,10,0,3,0,0,0,3,2843,2,0,331,0,0,0,0,6,0,66,0,0,0,0,47,0,10,30,0,116,0
"Subject_48",0,0,0,0,0,0,0,0,0,0,0,0,0,0,6,0,0,0,0,0,0,0,0,0,0,1341,0,0,11,11,0,0,0,70,0,0,0,14,0,0,0,0,0,0,0,2,0,0,0,0,0,0,0,0,0,0,0,0,0,0,0,0,0,0,0,0,14,0,4,56,0,0,0,0,0,0,0,0,0,0,0,0,244,0,0,2,0,0,0,0,0,0,0,0,0,0,0,0,6,0,0,0,0,0,0,0,0,265,0,0,0,0,0,0,0,0,0,0,250,0,0,0,0,5,388,0,0,0,0,0,18,197,0,0,0,0,8,0,0,0,15,0,0,0,0,0,28,0,0,0,42,0,3,0,0,0,0,0,0,29,0,0,0,0,0,0,0,0,0,0,0,0,1,0,0,0,0,0,63,0,0,0,0,0,11,0,0,0,0,0,4,216,2,0,0,0,0,0,0,0,0,0,0,0,0,38,0,0,0,1,0,0,0,0,0,0,0,0,0,0,0,0,0,0,0,0,0,0,0,0,241,0,0,221,0,0,0,0,0,0,0,0,0,0,93,0,0,0,0,0,0,3,0,0,0,5,17,0,0,0,0,0,0,8,0,0,0,0,0,2,0,50,1524,0,0,0,0,0,3,3712,0,0,634,0,0,0,0,2,22,29,0,0,0,0,11,0,0,0,0,64,0
"Subject_49",6,0,0,0,0,0,8,0,0,0,0,0,10,0,28,0,29,0,0,0,0,4,0,59,0,2235,0,28,104,21,0,0,0,22,0,0,0,0,0,0,0,97,0,0,0,0,0,0,0,0,0,0,46,0,0,0,0,5,0,9,0,0,18,0,0,0,8,14,61,0,0,0,0,0,0,392,7,0,0,0,0,0,0,0,0,6,2,0,0,0,0,195,204,0,0,5,0,0,0,0,0,36,0,0,0,0,0,841,0,0,0,0,0,70,0,5,0,0,29,0,0,0,0,11,71,0,0,0,0,0,0,291,0,23,0,92,30,0,0,0,6,0,0,0,0,1400,0,0,31,0,6,0,0,9,0,0,35,0,0,24,0,100,0,0,0,0,0,0,0,2,0,0,0,0,0,0,0,11,0,0,0,0,0,0,0,0,0,0,0,0,0,0,56,29,0,0,0,1,17,0,0,0,0,0,0,76,0,51,0,13,0,0,0,0,0,1,0,0,292,0,7,0,0,0,0,0,0,0,0,0,0,0,0,491,0,0,9,0,0,20,0,0,0,0,7,0,0,0,0,0,0,0,0,0,0,28,8,0,0,0,2,0,0,0,2,0,0,0,48,1314,0,0,126,0,0,0,0,0,0,528,0,0,100,0,0,0,0,0,0,0,0,0,0,0,0,0,8,0,0,16,0
"Subject_50",0,0,0,95,0,0,20,71,2,0,0,0,0,96,13,2,1,2,0,0,64,8,2,0,1,0,4,8,4,0,387,54,47,0,0,0,0,41,7,0,0,0,0,460,0,0,0,2,0,0,0,0,0,0,231,0,0,3,0,7,0,2,0,0,0,35,24,37,0,0,18,0,0,16,0,0,0,0,0,0,0,0,0,0,89,2,0,0,0,208,3,1,413,84,0,0,0,0,71,0,0,0,0,4,2,0,5,749,0,0,0,2,0,87,0,0,0,0,37,3,0,0,38,53,149,0,0,0,3,146,196,79,0,0,0,2,262,0,0,0,5,0,0,0,0,0,2,0,0,0,17,8,0,0,2,0,0,0,0,52,0,0,6,4,0,0,13,114,0,0,0,3,1,0,0,0,0,13,17,3,2,0,0,0,0,15,0,0,55,0,0,19,0,0,0,0,0,0,0,0,0,0,0,1,2,2,0,0,3,0,0,0,0,26,2,0,44,15,123,4,2,0,0,0,0,81,55,0,108,0,20,0,0,158,0,0,0,0,0,0,0,0,0,2,0,0,0,7,0,2,425,2,15,0,3,2,2,0,3,54,2,0,0,4,0,0,0,0,0,21,0,135,779,1,0,0,7,1,4,1783,0,2,281,2,637,0,0,0,4,32,128,21,0,0,25,0,10,0,2,152,5
"Subject_51",0,0,0,0,0,0,2,36,0,0,0,0,0,2,2,0,5,0,0,82,132,110,0,0,0,3,0,0,0,11,0,0,0,100,0,0,0,31,0,0,0,0,0,164,0,44,0,2,0,0,9,0,0,0,0,11,0,0,0,510,13,0,0,2,0,0,54,0,0,66,82,2,0,0,0,0,0,0,0,528,0,0,247,0,58,0,0,0,0,199,11,6,0,0,0,0,0,0,0,0,8,6,0,0,0,0,0,115,0,305,0,0,0,1439,0,2,0,0,153,0,0,0,0,50,0,0,0,9,2,0,31,87,81,0,0,0,8,2,2,0,7,0,0,0,0,0,95,0,5,0,44,0,0,15,2,0,0,2,0,70,0,23,0,111,0,26,0,0,0,1,45,0,0,0,24,0,0,0,107,0,0,0,0,0,21,0,0,0,0,0,0,25,0,0,0,0,0,0,0,0,0,0,0,14,0,27,2,60,0,0,0,0,3,0,0,0,27,168,0,10,84,70,0,0,0,0,0,0,72,8,303,0,0,25,91,0,15,0,0,7,18,0,0,0,10,0,0,0,0,0,0,2,0,0,13,2,0,0,0,0,0,0,0,24,0,0,0,0,15,378,3,0,181,4,0,0,0,0,0,2403,0,0,344,0,0,0,0,2,0,0,0,0,1,0,0,0,157,0,0,8,0
"Subject_52",0,19,0,0,0,0,8,0,0,0,0,0,0,0,6,0,5,0,0,3,0,58,0,12,0,5674,0,0,0,0,0,0,36,86,0,0,29,225,0,0,0,0,0,0,2,462,0,0,0,0,0,0,0,0,0,0,0,0,0,0,0,0,0,0,0,0,0,0,74,0,24,0,0,0,0,0,0,0,0,8,0,0,54,0,0,0,0,0,0,21,0,10,0,0,0,0,0,0,0,0,0,2,0,0,0,0,0,80,0,70,0,0,0,0,0,0,0,0,0,0,0,0,0,8,0,0,4,0,0,0,0,4,30,5,0,0,0,13,0,0,0,0,0,0,0,0,0,0,0,0,0,0,0,0,0,0,0,0,7,0,0,0,0,0,0,0,0,0,0,0,0,0,0,0,0,0,0,0,0,0,0,0,0,0,0,0,0,0,0,0,0,6,3,0,0,0,0,0,0,0,0,0,0,0,7,7,0,0,0,0,0,0,0,0,21,0,0,0,337,0,0,0,0,0,0,0,0,0,60,0,60,0,0,750,0,0,0,0,0,0,0,0,0,0,0,16,0,0,0,0,0,0,0,0,0,57,5,0,0,0,0,0,0,0,0,0,0,0,0,32,0,0,0,0,0,0,0,0,16,721,0,0,540,0,0,0,0,0,0,0,0,0,0,0,0,0,2,0,0,324,0
"Subject_53",0,0,0,8,0,0,0,0,0,0,0,0,0,0,0,0,0,0,0,0,0,68,0,0,0,4256,0,0,7,0,0,2,0,55,0,0,0,0,0,0,0,72,0,23,0,89,0,0,0,0,0,0,0,0,0,0,0,0,10,221,0,4,0,0,331,0,0,0,26,0,0,0,0,8,0,0,0,0,0,5,0,0,0,0,0,0,0,0,0,0,16,0,0,0,0,0,0,0,101,0,0,0,0,0,2,0,0,1042,78,0,18,0,0,418,0,0,0,0,242,0,0,0,0,102,73,0,0,0,0,0,0,30,0,0,0,11,0,0,0,17,0,0,0,0,0,0,0,0,0,54,30,0,0,0,0,0,0,0,0,95,0,0,0,1,0,0,0,0,0,0,0,0,1,0,0,0,0,0,66,0,0,16,0,0,0,0,0,0,0,3,0,57,0,0,0,0,0,0,0,0,0,0,0,246,2,0,0,0,0,1,0,0,17,0,0,0,0,0,15,3,14,0,0,0,0,0,0,0,10,0,22,0,0,0,0,0,0,0,0,0,0,0,0,0,0,0,0,29,0,0,0,0,0,0,0,0,0,0,0,0,0,51,0,0,0,0,0,72,0,0,0,0,1153,0,0,0,0,0,7,15,0,18,499,0,0,0,0,0,70,0,0,0,0,0,9,0,0,6,0,81,0
"Subject_54",17,0,0,0,0,0,0,0,0,0,0,0,0,0,35,0,0,0,8,0,0,5,5,0,0,2485,0,19,0,5,0,0,0,0,0,0,9,8,3,0,2,100,0,0,0,0,0,0,0,0,0,0,11,0,0,0,0,0,0,0,0,0,0,0,0,0,6,0,0,0,0,0,0,0,0,0,4,0,0,6,0,0,40,0,0,12,0,0,0,26,0,10,96,0,0,0,0,0,0,0,0,0,0,0,0,0,0,151,0,0,0,0,0,28,0,0,0,0,3,0,0,0,2,410,69,0,0,0,0,0,0,347,0,0,188,100,11,6,0,0,11,0,0,0,0,32,0,0,20,0,0,0,0,30,8,0,0,0,0,0,0,34,0,392,0,33,10,0,0,0,0,0,2,0,0,0,0,14,0,0,0,0,0,0,0,0,0,0,0,0,0,3,0,0,0,0,0,0,0,0,0,0,0,0,0,12,0,56,3,0,0,0,0,0,3,0,0,0,2,2,0,0,0,2,0,0,0,0,26,0,43,0,0,476,0,0,10,0,0,0,25,7,0,0,0,0,0,0,0,0,0,0,0,0,19,0,4,0,9,0,0,0,0,2,2,0,0,0,0,276,0,0,565,2285,0,0,0,3,0,1279,0,1,62,0,0,0,0,0,0,0,0,0,0,0,14,0,5,0,0,0,0
"Subject_55",0,0,0,2,0,0,6,31,0,0,0,0,3,0,12,0,0,0,0,0,54,36,0,0,0,22,0,0,5,0,0,0,0,0,0,0,0,482,0,0,0,0,0,143,0,47,0,0,0,0,0,0,0,0,41,0,0,0,0,14,0,0,0,0,0,0,30,2,14,51,15,0,0,0,0,0,0,0,0,73,0,0,0,0,0,0,23,0,0,175,0,1,6,0,0,0,0,0,100,0,0,0,17,0,8,0,0,1151,0,0,0,0,0,699,0,0,0,0,0,2,0,0,0,7,159,0,0,0,0,0,19,404,0,0,0,0,7,0,0,0,8,0,0,0,8,0,0,0,0,0,0,0,0,0,2,0,0,0,0,0,0,0,0,0,0,0,0,0,0,7,0,1,0,0,0,0,0,145,0,0,0,0,0,0,0,0,5,0,0,0,0,154,8,0,0,0,0,0,0,0,0,0,0,0,0,11,0,0,2,0,0,0,0,0,15,0,0,0,0,0,0,35,0,0,0,0,0,0,162,0,0,0,0,88,0,0,0,0,0,0,0,0,0,0,9,0,0,9,0,0,0,0,0,0,0,2,0,0,0,22,0,0,0,2,0,2,0,0,0,24,0,0,1453,0,0,0,0,0,0,3634,0,0,0,0,0,0,0,6,0,0,0,0,0,0,42,0,217,0,0,69,0
"Subject_56",0,0,0,0,0,0,0,0,0,0,0,0,0,0,71,0,0,0,0,4,0,47,0,0,0,4663,0,0,0,1,91,0,0,42,0,0,0,0,0,0,0,0,0,0,0,193,0,0,17,0,0,0,0,0,0,0,0,0,0,94,2,0,0,0,0,0,0,0,0,0,0,0,0,0,0,0,0,0,0,43,0,0,0,0,46,1,0,1,0,0,0,0,0,0,0,0,0,0,68,0,9,45,0,0,0,0,0,236,3,0,0,0,0,331,0,0,0,0,57,2,0,0,0,0,131,0,0,0,0,0,19,0,0,0,0,3,5,0,0,0,77,0,0,0,0,8,0,0,0,0,57,0,0,0,0,0,0,0,0,64,0,0,0,4,0,0,0,0,0,0,0,0,0,0,0,0,0,0,10,0,0,0,0,2,0,0,0,0,0,0,0,0,0,4,101,0,0,0,9,0,1,0,0,0,0,49,0,0,0,0,0,0,0,0,0,0,0,0,2,2,0,0,0,0,0,0,0,0,22,0,0,0,0,2126,0,0,0,0,0,0,0,0,0,0,0,0,0,0,0,0,0,0,12,0,0,0,4,0,0,0,7,0,0,0,0,0,0,0,0,1,0,28,509,0,0,0,0,0,0,169,0,0,337,0,0,0,0,0,0,30,0,0,0,0,0,0,8,0,0,129,0
"Subject_57",0,0,0,22,0,0,0,0,0,0,5,0,0,473,0,0,0,0,3,0,0,20,0,0,0,1646,0,0,65,0,0,0,0,71,0,0,7,168,0,0,0,0,0,0,0,2321,0,2,0,0,4,0,0,0,0,0,0,0,0,38,6,283,0,2,0,0,0,0,112,0,0,3,3,0,0,0,0,0,0,31,0,3,0,0,0,109,0,0,0,0,0,12,0,0,0,0,0,0,0,0,0,172,0,5,0,0,0,10,0,0,0,0,0,118,0,0,0,0,81,0,0,0,0,0,158,0,0,0,0,0,0,0,0,0,0,0,32,0,0,0,47,0,5,0,0,0,6,16,0,0,12,0,0,5,0,0,0,0,0,0,0,24,0,0,0,0,0,0,0,0,0,0,22,0,0,0,0,8,42,0,0,0,0,0,0,0,34,0,0,0,0,63,4,0,0,0,0,2,0,0,0,0,0,0,954,34,0,0,2,8,0,0,0,0,0,2,0,25,2,0,0,3,0,0,0,0,0,0,26,0,0,0,0,325,0,0,0,0,0,0,0,0,0,0,0,0,31,0,8,0,0,2,0,0,0,0,0,0,0,0,4,0,0,9,0,7,0,0,8,150,0,0,1150,0,0,0,78,0,0,9,0,0,744,0,0,0,0,0,29,81,0,0,0,0,0,0,0,0,0,36,0
"Subject_58",0,0,0,0,4,0,0,31,0,0,0,0,0,4,0,0,0,22,0,0,13,57,0,0,0,1741,0,0,0,0,0,0,0,15,0,268,0,0,0,0,0,0,0,49,0,263,0,0,0,0,0,0,0,0,0,0,9,0,0,100,0,0,0,0,0,0,0,0,12,0,21,0,0,9,0,0,0,0,0,8,0,0,2,0,0,0,2,0,0,135,566,0,0,0,0,0,0,0,11,0,0,0,0,0,3,0,4,16,0,60,0,67,0,119,0,0,0,0,0,0,0,0,0,8,176,0,0,0,4,0,25,1,0,0,0,0,0,0,0,0,0,0,0,0,0,0,0,0,0,0,0,23,0,0,0,0,0,0,0,12,0,0,0,1,0,0,0,0,0,0,5,0,0,0,0,0,0,8,562,0,0,0,0,0,0,0,0,0,0,34,0,424,0,0,0,0,0,0,0,0,0,0,0,2,805,0,0,0,0,23,0,3,13,0,7,0,5,8,1,0,0,0,0,0,0,4,0,0,8,3,0,0,0,55,0,0,0,0,0,0,0,0,0,0,0,0,0,0,0,0,0,0,9,0,25,0,0,0,0,0,0,9,0,2,0,0,0,0,0,0,0,0,82,0,0,0,0,0,7,3241,2,0,386,0,0,0,0,0,0,71,0,0,0,0,9,0,0,47,0,281,2
"Subject_59",0,0,0,0,34,0,1,0,0,0,0,0,0,0,8,8,0,0,12,19,0,14,0,8,0,1247,0,17,5,12,0,0,0,96,0,0,223,10,0,0,2,100,0,0,0,0,0,0,0,0,0,0,12,0,0,0,0,11,2,23,0,0,0,3,0,0,68,0,0,58,0,0,0,0,0,3,8,0,0,12,0,0,1,0,0,10,263,0,0,28,0,60,55,0,0,0,4,0,0,0,13,1,0,0,0,0,0,196,12,15,0,0,0,79,0,3,0,0,3,0,0,0,0,13,258,0,0,0,0,0,0,27,29,27,4,0,171,6,2,7,20,9,0,0,0,8,3,0,15,186,3,2,0,9,0,0,0,0,0,0,0,25,0,0,0,26,0,0,0,1,6,0,0,0,0,0,0,61,0,0,0,0,0,0,1,9,0,0,0,0,20,11,3,9,0,2,153,0,0,461,0,0,0,2,0,5,0,28,0,2,0,0,0,0,17,0,72,6,124,0,7,4,0,0,0,0,0,0,0,0,0,0,0,992,97,0,7,0,0,30,22,0,0,0,201,0,0,0,0,0,0,0,1,1,3,11,20,0,10,0,2,0,0,2,0,0,0,0,0,142,8,0,355,0,0,0,0,0,41,2717,0,2,15,0,0,13,0,0,192,0,0,0,0,0,399,0,21,0,0,19,74
"Subject_60",0,0,0,0,0,0,0,34,0,0,0,0,0,0,40,0,0,0,1,0,0,40,0,31,0,3587,0,0,224,132,29,0,0,35,0,0,67,185,0,12,0,3,0,60,0,236,0,1,0,0,0,0,0,0,1,0,0,0,0,5,0,0,0,10,0,1,11,0,0,0,41,1,0,2,0,0,0,0,0,6,0,0,8,0,0,21,0,0,0,129,0,66,0,0,0,0,0,0,43,0,14,0,0,19,1,0,0,237,0,0,0,0,0,33,6,0,0,0,5,0,0,0,0,11,0,0,0,0,0,0,0,5,0,0,0,0,961,3,0,0,18,0,0,0,0,1038,4,0,3,1,4,0,0,22,82,0,0,0,0,73,0,37,3,2,0,33,0,0,5,0,1,0,0,0,119,0,0,2,59,0,0,0,0,0,4,0,0,0,0,0,1,70,0,35,0,0,0,1,0,0,0,0,0,2,0,13,2,77,0,0,2,2,0,0,15,1,1,7,0,0,6,2,0,2,0,0,0,0,3,1,70,0,0,592,47,0,11,0,0,3,48,7,0,0,12,33,0,0,0,0,0,11,0,0,10,2,4,0,7,33,4,0,0,2,2,0,0,0,2,601,0,0,42,0,0,0,0,2,21,4,0,0,138,0,0,29,1,0,16,0,0,0,1,0,10,1,30,0,0,100,0
"Subject_61",0,0,0,0,0,0,1,0,0,0,7,0,0,158,0,0,0,0,6,0,0,40,1,0,0,1971,0,0,0,0,343,0,0,0,0,0,19,47,0,0,0,39,0,0,0,368,0,0,0,0,0,0,12,0,0,0,0,0,0,0,0,0,0,0,92,17,1028,0,0,0,0,0,0,11,0,1,5,0,0,356,0,0,0,0,12,0,0,0,0,32,0,0,5,0,0,0,0,0,0,0,4,0,0,0,0,0,0,3447,4,0,0,0,0,114,0,0,0,0,129,0,0,0,0,4,41,0,0,0,0,0,0,231,0,0,1,0,0,0,0,0,0,0,0,0,0,335,0,0,0,0,6,0,0,0,0,1,0,0,0,17,0,6,0,136,0,14,0,0,0,0,0,0,0,0,0,0,0,54,0,0,0,5,0,1,0,0,0,0,0,0,0,27,0,0,0,0,0,0,4,0,0,0,0,0,0,0,0,9,0,0,0,0,0,0,0,0,0,0,25,0,0,0,0,0,0,0,0,0,0,0,0,0,0,0,0,0,0,0,0,0,24,3,0,0,0,0,0,0,1,0,0,0,0,0,0,0,0,0,0,7,0,0,0,4,0,0,0,0,0,4,0,47,18,0,0,0,0,0,0,551,0,0,95,0,0,0,0,0,0,11,0,0,0,0,0,0,0,0,0,50,0
"Subject_62",0,0,0,0,0,0,4,0,2,0,0,0,3,0,7,0,2,0,0,0,0,16,0,0,0,723,0,72,12,0,0,0,0,29,0,0,0,0,0,0,2,97,0,0,0,70,0,0,0,4,0,0,13,0,0,0,0,0,0,37,0,0,0,0,0,0,0,11,18,0,0,0,0,0,0,0,5,0,2,0,0,0,0,0,0,35,0,0,0,0,0,17,2,0,0,0,0,0,0,19,0,0,0,0,0,0,0,622,0,0,0,0,0,850,0,1,0,0,0,0,2,0,0,76,4,0,0,0,0,0,0,376,4,15,0,0,29,0,4,0,0,0,0,0,0,6,111,0,0,0,0,0,2,0,0,0,0,3,0,0,0,63,0,0,1,58,0,4,0,0,0,15,0,0,0,0,0,0,0,0,0,59,0,0,0,1,0,0,0,3,0,0,0,0,0,0,0,0,12,0,0,0,0,0,0,19,0,68,0,0,0,0,0,0,0,0,0,0,0,0,0,0,0,0,0,0,0,0,0,0,0,0,0,452,0,0,0,0,0,0,26,0,0,0,0,0,0,3,0,0,0,0,0,0,0,0,7,0,0,13,0,0,0,0,0,0,0,0,0,66,0,0,140,19,0,0,0,0,3,5418,0,0,106,0,0,0,0,0,0,92,0,0,0,0,0,0,0,0,0,46,0
"Subject_63",0,0,0,0,0,0,2,32,589,2,0,0,0,391,8,0,0,0,0,0,14,30,1,1,1,1805,0,0,2,0,0,0,0,92,0,2,23,132,3,0,0,0,0,23,0,61,0,0,3,0,0,0,0,0,0,0,0,0,0,0,0,2,0,0,3,6,208,0,0,0,0,0,0,50,0,0,0,0,2,110,0,0,0,0,10,0,0,0,0,45,0,85,1,0,0,2,0,0,21,0,0,0,0,0,9,0,1,135,0,12,0,0,0,1166,0,0,0,0,217,0,0,0,0,0,71,168,0,0,0,0,5,10,0,0,0,0,153,0,0,0,0,0,0,0,0,0,0,0,0,57,0,6,0,0,0,0,0,0,0,41,0,0,0,2,0,0,0,0,0,0,0,0,1,0,0,0,0,18,528,0,15,0,0,0,0,0,0,0,0,2,0,0,2,0,0,0,0,0,0,0,0,0,0,0,2,0,0,0,0,1,0,0,17,0,5,0,274,1,0,3,28,0,0,0,0,0,0,0,23,0,100,0,0,824,0,0,0,0,0,0,0,0,0,0,0,0,0,2,0,0,2,0,6,0,0,0,0,0,0,35,0,12,0,0,0,0,0,0,0,7,0,0,40,0,0,0,0,1,31,1852,0,0,53,0,0,0,2,0,0,0,0,0,0,0,185,0,0,0,0,120,0
"Subject_64",0,0,0,2,0,0,0,0,0,0,0,0,0,77,4,0,0,0,0,0,57,26,0,30,0,1161,0,0,13,0,2127,0,0,20,0,0,28,0,0,0,1,0,0,79,0,18,0,0,0,0,0,0,0,0,0,0,0,0,0,0,0,0,0,0,0,0,242,0,1,0,0,0,0,365,0,0,0,0,0,588,0,0,0,0,544,1,113,0,0,25,0,44,3,0,0,10,0,0,57,0,7,4,0,0,1,30,0,220,0,61,0,0,3,61,17,2,0,0,33,0,0,0,0,32,61,0,119,0,0,0,14,155,0,2,0,6,12,7,0,0,47,0,0,0,0,0,0,0,0,0,17,0,0,0,0,0,0,0,0,32,0,0,0,0,0,29,0,41,0,0,0,0,0,0,0,2,0,0,86,0,0,0,0,0,0,0,0,0,0,0,0,85,0,8,0,0,0,0,0,0,0,0,0,0,0,0,0,51,3,2,0,0,0,0,0,0,27,0,175,0,0,0,0,0,3,0,0,0,3,0,164,0,0,138,0,0,0,0,0,0,16,0,0,0,80,0,0,0,0,0,19,3,0,0,0,0,5,0,0,0,0,0,0,17,0,0,0,0,0,0,0,0,62,0,0,0,0,0,0,2126,0,0,31,0,0,0,0,0,0,0,0,0,0,0,150,0,8,0,0,88,0
"Subject_65",0,0,0,0,0,2,0,14,0,0,1,0,0,35,5,0,11,0,8,16,26,6,0,9,1,1941,0,0,17,15,1,0,0,1,0,0,189,14,1,17,0,175,0,0,0,3,0,1,0,0,1,0,29,4,136,5,0,0,0,9,5,4,0,4,0,0,83,0,0,0,23,2,7,26,0,0,8,0,10,2,0,0,3,0,714,2,0,2,0,18,0,4,0,0,0,0,0,0,11,0,0,0,0,0,4,0,20,1,0,13,0,0,0,434,0,2,0,2,27,80,0,0,0,534,237,36,0,0,0,0,0,94,0,8,0,0,150,0,0,0,2,0,0,0,0,0,4,24,14,0,0,0,1,13,0,0,0,0,0,78,0,0,0,0,0,25,12,0,0,0,6,0,13,0,0,0,6,3,2,2,0,0,0,0,6,0,0,0,0,0,0,202,2,6,0,0,0,0,0,0,0,0,0,1,0,1,2,0,2,0,46,0,0,0,22,2,3,59,112,0,1,0,0,0,0,0,0,0,35,0,44,0,0,396,0,0,7,0,0,2,0,0,46,0,0,0,0,0,0,0,3,3,10,0,10,9,2,0,6,136,1,0,0,3,0,0,0,0,5,1,6,83,466,1,0,0,0,0,11,2296,2,0,145,0,0,0,0,0,2,122,0,0,0,0,52,3,14,0,0,151,0
"Subject_66",13,0,0,1,0,0,1,0,0,0,0,1,1,0,2,0,0,0,0,0,0,16,0,28,0,594,0,0,34,47,121,0,2,60,0,0,2,115,0,2,0,0,0,58,0,49,0,0,0,0,0,0,0,0,0,0,3,0,0,17,0,0,1,0,0,0,111,0,17,0,0,0,0,0,0,0,0,0,0,0,0,0,184,0,0,1,87,1,0,0,0,19,37,0,0,148,0,0,0,0,0,0,0,0,2,0,0,239,0,0,0,0,0,42,11,2,0,1,68,0,0,0,2,4,19,0,0,0,0,0,0,0,0,0,0,48,31,0,0,0,3,0,0,0,0,440,0,0,0,0,3,0,0,0,0,0,0,0,0,4,0,19,0,0,0,14,0,2,0,0,0,0,0,0,0,0,0,60,0,0,0,0,0,0,25,0,0,0,0,0,0,7,3,0,0,1,0,0,0,0,0,0,0,0,0,3,0,45,1,24,0,0,0,0,0,0,20,0,103,0,72,0,0,0,0,0,0,0,41,0,0,0,0,365,0,0,0,0,0,0,0,0,0,0,8,0,0,0,0,0,0,0,0,0,2,4,0,0,0,0,0,0,0,0,0,0,0,0,0,6196,0,0,36,0,1,0,0,0,2,155,0,0,60,0,0,0,0,1,5,0,0,0,0,0,7,0,5,0,0,22,0
"Subject_67",0,0,0,0,0,0,0,0,0,0,5,0,0,1165,15,0,0,0,0,0,82,77,0,0,0,2678,0,0,0,6,0,0,6,620,0,0,0,5,0,0,0,0,0,117,3,164,317,2,0,0,7,0,0,2,0,0,0,0,0,3,0,36,0,0,0,0,156,0,0,0,0,0,0,31,0,0,0,0,0,13,0,6,0,20,0,7,0,0,0,84,0,0,0,0,34,0,123,0,0,0,0,0,0,4,6,0,11,0,0,0,0,411,0,205,0,0,0,0,30,0,0,0,0,14,71,0,0,0,0,0,183,1035,39,0,0,0,5,0,2,0,97,0,0,0,0,0,2,0,0,0,8,0,0,0,0,0,0,0,129,55,0,0,0,0,0,0,0,0,0,0,0,0,42,0,0,0,0,26,3,0,0,0,0,0,12,0,0,7,0,0,0,41,0,0,0,0,0,0,0,0,0,0,0,0,0,24,7,0,0,0,0,0,4,0,0,0,0,72,0,0,0,68,0,0,0,0,0,776,44,0,94,0,0,111,0,0,0,0,11,6,0,0,0,0,0,0,0,0,0,0,0,0,5,0,0,0,188,0,13,0,0,51,0,8,0,0,0,0,0,22,0,16,0,0,0,0,0,0,5,0,0,0,24,0,0,0,0,0,4,3,0,0,0,0,0,0,0,225,0,0,0
"Subject_68",0,0,0,0,0,0,0,0,0,0,0,0,0,0,3,0,0,2,0,0,66,45,0,0,0,148,0,0,30,0,0,0,22,2,0,0,0,0,0,0,0,0,0,29,0,54,0,9,0,1,0,0,0,0,0,10,0,0,0,357,0,0,0,0,0,0,0,0,0,0,231,0,0,179,0,0,0,0,0,676,0,10,0,0,961,0,2,0,0,26,0,0,0,0,0,0,0,0,30,0,0,0,0,14,1,0,143,94,0,27,0,0,0,101,14,1,0,1,9,0,3,0,0,4,3,6,0,0,8,0,0,0,0,0,0,0,0,0,0,0,0,0,0,0,0,0,0,0,0,0,3,0,0,71,0,0,0,0,0,37,0,22,0,0,0,25,0,0,0,0,0,0,0,0,0,0,0,0,138,0,66,0,0,0,0,0,0,0,0,1,0,102,0,0,0,0,0,0,23,0,4,0,0,17,0,15,0,9,0,0,4,0,0,0,9,0,0,0,0,94,0,0,0,0,0,2,0,0,5,0,278,6,0,87,0,0,100,0,0,0,47,180,0,0,0,0,0,0,0,0,0,9,0,0,44,1,1,0,0,201,3,0,0,0,0,0,0,0,5,15,0,78,11,1805,0,0,0,0,0,3018,0,0,44,0,0,0,0,0,0,9,0,0,0,0,7,0,0,0,0,76,0
"Subject_69",0,0,0,0,0,0,2,0,0,0,2,0,0,0,7,0,0,0,0,0,0,32,0,32,0,3285,0,0,0,0,488,0,15,41,0,2,0,8,0,0,0,0,0,65,0,0,0,2,0,0,1,0,0,0,5,0,0,0,0,0,0,0,0,0,0,0,200,0,4,176,5,0,0,10,0,0,0,0,0,59,0,0,0,0,0,2,0,2,0,7,0,118,0,0,0,0,0,0,27,0,0,0,0,0,3,0,0,452,0,0,0,0,0,549,0,0,0,0,45,0,0,0,0,0,136,0,101,0,0,0,7,0,0,0,0,0,5,0,0,0,0,0,0,0,0,0,3,2,0,0,3,0,0,0,0,0,0,0,0,25,0,0,0,237,0,0,0,0,5,0,0,0,0,0,0,0,0,31,741,0,0,0,0,0,0,0,0,0,0,0,0,22,0,0,0,0,0,0,0,0,0,0,0,1,1041,3,0,0,0,0,0,18,0,0,0,3,0,0,1,0,53,7,0,0,0,0,0,0,102,0,0,3,0,71,0,0,8,0,0,1,0,0,0,0,0,2,0,0,0,0,636,3,2,0,4,2,12,0,0,0,1,0,0,2,0,0,1,0,4,15,0,0,9,0,0,0,0,5,3,683,0,0,179,0,0,0,0,0,0,6,0,0,0,0,53,0,0,0,0,109,0
"Subject_70",0,0,0,0,0,0,0,0,0,0,0,0,0,0,2,0,0,0,0,0,0,19,0,0,0,659,0,2,5,151,0,0,0,0,0,0,9,0,0,0,0,0,0,0,0,62,0,0,0,0,0,0,0,2,29,0,0,0,0,0,0,0,0,0,0,0,248,0,0,0,3,0,0,9,0,0,0,0,0,0,0,0,312,0,34,8,0,24,0,0,0,27,0,38,0,2,0,2,15,0,0,0,0,0,5,0,0,3637,0,0,0,0,0,0,0,0,0,0,218,0,0,0,0,5,0,0,0,0,0,132,0,0,0,0,0,0,1,0,0,0,0,0,0,0,0,0,0,0,0,0,17,0,0,0,2,0,0,0,0,65,0,0,0,0,0,0,0,0,0,0,0,0,0,0,0,0,5,10,0,0,0,0,0,0,0,0,0,0,0,0,0,169,0,0,0,0,0,0,49,0,0,0,0,66,0,290,9,0,0,0,0,0,0,6,0,0,4,28,247,0,37,0,0,0,0,0,0,0,1,0,1,0,0,0,0,0,0,0,0,115,0,0,0,0,241,0,0,0,0,0,2,0,0,0,45,0,0,0,0,0,0,0,0,0,0,0,0,0,0,0,0,0,0,0,0,0,0,0,0,1968,0,0,0,0,0,0,0,0,0,0,68,0,0,0,1,0,0,0,0,896,0
"Subject_71",0,0,0,0,0,0,1,0,0,0,0,0,0,0,14,0,2,1,0,0,0,40,0,2,0,2653,0,0,22,34,7,534,0,79,0,0,24,0,4,0,0,0,0,0,0,399,0,0,0,0,2,0,0,0,0,1,0,6,0,37,0,0,0,0,0,0,37,0,0,97,0,3,0,0,0,0,0,0,0,2,0,0,132,0,0,8,4,0,0,27,0,17,8,0,0,18,0,1,0,0,0,0,0,0,1,37,0,68,0,0,0,0,0,161,40,18,0,0,48,2,0,0,5,16,267,0,0,0,0,0,55,0,0,0,0,3,4,0,182,0,5,17,3,0,0,63,4,0,0,0,20,0,0,21,0,0,0,0,0,0,0,48,0,0,0,72,0,0,0,0,4,0,2,3,55,0,0,0,1,0,0,0,0,8,3,0,0,2,0,0,0,46,0,8,0,0,0,0,20,3,0,0,0,16,0,9,10,151,0,58,23,0,0,0,7,0,104,0,238,0,35,4,0,0,0,34,0,0,0,0,0,0,0,116,0,0,19,16,0,5,46,0,0,0,29,0,0,0,0,0,0,0,0,0,0,13,0,0,0,34,0,0,0,8,0,0,0,0,0,70,0,3,2269,0,73,0,0,0,8,350,0,0,613,0,0,0,0,2,0,4,0,0,0,0,0,0,2,0,0,93,0
"Subject_72",6,0,2,3,0,0,33,0,0,0,2,0,0,0,0,0,0,0,16,0,0,1,0,0,0,3,0,0,0,15,0,0,0,0,22,0,35,0,0,0,0,311,0,0,0,2,0,0,0,0,0,0,35,0,0,3,0,0,0,0,0,0,29,0,0,0,0,0,13,0,0,0,0,0,0,0,3,0,0,58,0,0,0,0,0,1,0,0,0,0,0,44,82,0,0,0,0,0,0,2,113,2,0,1,0,0,0,3582,0,0,0,0,0,988,0,5,0,93,0,0,3,0,0,9,4,0,0,0,0,0,0,0,0,0,7,0,0,0,0,14,2,0,0,0,0,7,0,0,49,0,0,0,2,0,0,0,0,0,0,0,0,17,0,0,0,0,0,0,5,23,0,0,0,0,0,0,0,0,0,0,0,0,0,0,0,0,2,0,0,0,0,45,0,0,0,0,0,0,11,0,2,0,0,0,0,0,0,36,0,0,0,0,0,0,0,0,0,0,0,0,0,0,0,0,0,0,0,0,0,0,0,0,0,34,0,0,54,4,0,0,0,0,0,0,5,23,1,0,0,0,0,0,0,0,0,0,2,0,0,0,0,0,0,2,0,3,0,0,0,12,0,0,19,0,0,0,0,0,0,4080,0,0,20,0,0,0,0,0,0,1,0,0,0,0,0,0,0,0,0,3,0
"Subject_73",3,0,0,1,28,0,3,0,0,0,2,0,0,170,0,0,0,0,9,0,0,38,0,0,0,1008,0,0,0,0,55,0,0,56,2,0,0,67,0,0,0,39,0,0,0,238,63,0,0,0,0,0,6,0,1,2,0,0,0,1,6,10,41,0,11,0,50,0,0,68,16,0,1,0,23,0,6,0,1,1,0,1,46,0,15,0,0,0,0,0,0,0,0,0,0,0,0,0,0,0,20,0,0,3,0,78,7,348,0,25,0,0,0,0,9,0,0,1,32,0,2,36,0,0,0,30,20,0,3,0,0,181,0,0,3,50,0,0,0,27,3,0,0,0,0,498,3,0,22,0,0,0,0,2,0,0,0,0,12,16,2,20,8,4224,0,0,0,0,0,0,3,0,0,0,8,0,1,2,32,0,0,16,0,0,5,0,0,0,3,0,0,0,0,0,206,0,0,0,7,390,0,0,0,0,121,5,2,39,0,0,0,0,9,0,5,0,49,4,0,19,11,34,204,6,0,0,2,0,0,7,11,0,0,454,13,13,8,0,0,0,38,0,0,0,0,0,0,5,0,0,0,2,9,0,0,0,0,0,6,6,0,0,0,11,0,1,0,138,3,115,25,38,0,0,0,0,0,7,25,3,0,0,90,0,0,0,0,0,1,9,0,0,0,1,0,0,0,0,0,0,0
"Subject_74",0,0,0,0,0,0,1,0,0,0,0,0,0,93,3,0,0,0,0,0,0,1,0,0,0,622,0,0,2,0,495,0,0,173,0,0,17,118,0,0,0,0,0,505,0,83,0,0,0,0,0,0,0,0,0,0,0,0,0,0,0,2,0,0,0,0,12,0,74,0,0,0,0,0,0,0,0,0,0,0,0,0,0,0,0,0,64,0,0,77,2,0,82,0,0,0,0,0,59,0,13,0,0,0,3,0,0,455,0,0,0,0,0,204,0,3,0,0,8,0,17,0,0,153,607,0,0,0,0,25,53,16,0,0,0,4,2,0,0,0,0,0,0,0,0,0,0,0,0,0,6,0,0,22,0,0,0,0,0,125,0,0,0,0,0,30,0,0,0,12,0,0,0,0,0,0,0,4,0,0,0,0,0,0,0,0,0,0,0,23,0,28,0,0,489,0,0,6,29,0,0,0,0,0,1,0,0,48,2,0,0,0,0,0,0,0,18,0,148,0,0,7,0,0,0,0,0,0,77,0,0,0,0,132,0,0,10,0,0,0,0,0,625,0,0,0,26,0,0,0,15,0,0,0,0,2,0,4,0,0,2,0,0,0,0,0,0,0,3,383,0,0,92,0,0,0,0,0,3,3383,0,1,107,0,0,0,0,0,4,0,0,0,0,0,70,0,0,0,0,21,0
"Subject_75",0,0,0,0,0,0,0,0,0,0,0,0,0,0,0,0,0,0,0,0,0,67,0,53,0,135,0,0,0,3,567,0,0,0,7,0,3,0,0,0,0,0,0,0,0,80,0,0,0,0,0,0,0,0,0,0,0,2,0,322,0,0,0,0,0,0,225,0,0,0,845,0,0,0,0,0,0,0,2,286,0,0,0,0,0,2,0,0,0,0,502,2,10,0,0,0,0,0,0,0,0,0,0,0,72,0,0,3048,0,0,0,0,0,0,0,0,0,0,12,0,0,0,0,0,15,0,0,0,0,0,0,0,0,3,0,39,0,0,0,0,424,0,0,0,0,25,0,0,0,2,0,0,0,0,0,0,0,0,0,0,0,119,0,0,117,0,0,0,0,0,48,2,0,0,0,0,0,508,55,0,0,33,8,0,0,0,0,0,0,0,6,0,0,0,0,0,0,0,0,0,0,0,0,137,0,0,0,0,3,7,0,0,0,0,0,0,0,0,150,0,0,0,0,2,0,0,0,0,192,0,0,0,0,40,0,0,9,0,4,0,0,0,0,0,50,0,0,0,0,0,0,0,0,0,17,2,5,0,0,0,0,0,0,0,0,0,0,0,0,0,0,0,0,1667,0,0,0,4,0,0,0,0,0,0,0,0,0,0,0,0,0,0,0,0,41,0,0,0,0,27,0
"Subject_76",0,0,0,43,0,0,0,0,0,0,0,0,0,0,162,0,0,0,38,0,0,0,0,33,0,1200,0,30,625,0,0,0,0,0,0,0,0,0,0,0,7,182,0,0,0,2,0,0,0,0,0,0,0,0,0,0,0,0,0,0,0,91,0,0,0,0,5,0,0,0,0,0,0,0,0,0,8,0,0,0,0,0,0,0,0,0,6,0,0,0,0,0,117,0,0,0,67,0,0,0,0,142,0,0,0,0,0,2,0,0,0,0,0,0,0,0,0,0,16,0,0,0,0,0,0,0,0,0,0,0,0,12,0,0,0,0,0,0,0,13,41,0,0,0,0,0,0,0,0,0,20,0,0,0,0,0,0,0,0,212,2,0,0,0,0,0,0,0,0,0,0,0,0,0,0,0,0,0,0,0,0,0,0,0,0,0,0,0,0,0,0,0,579,0,0,0,0,0,0,0,0,0,0,0,0,0,0,0,0,0,0,0,0,0,0,0,0,0,3,0,0,0,0,0,0,0,0,0,0,0,0,3,0,1756,0,0,0,0,0,0,0,0,0,0,0,0,0,0,0,0,0,0,0,0,0,0,40,0,0,0,0,0,0,0,0,0,0,0,0,509,0,0,3730,0,0,0,0,0,0,5,0,0,0,0,0,0,0,0,16,0,0,0,0,0,282,0,0,0,0,0,0
"Subject_77",12,0,0,0,0,0,0,0,0,0,0,0,8,0,28,0,1,0,0,2,0,64,0,0,0,3289,0,0,21,4,0,0,28,44,0,0,1,141,1,0,0,90,0,0,2,0,0,7,0,0,1,0,15,0,43,0,0,0,0,275,0,0,40,3,0,0,312,0,0,0,0,0,0,0,0,108,12,2,0,20,0,6,0,0,0,5,208,0,0,42,0,17,9,0,0,20,0,0,0,0,0,0,0,0,0,0,4,440,0,0,0,0,0,559,12,19,0,2,104,3,0,0,0,13,10,0,0,0,0,0,98,28,0,12,0,0,31,0,0,15,24,0,0,0,115,0,28,0,64,0,15,51,3,18,3,0,0,0,0,0,0,0,0,0,0,0,0,0,0,0,35,0,0,0,0,5,0,115,201,0,0,0,0,0,3,0,0,0,0,0,0,41,2,0,0,0,0,0,0,0,0,0,0,0,0,7,12,22,0,5,0,55,0,0,0,0,4,0,118,0,10,0,0,0,0,13,0,258,117,0,0,0,0,0,0,0,17,3,0,7,0,0,0,0,0,0,2,0,0,0,0,0,57,0,0,19,8,0,0,0,0,0,0,19,0,0,0,0,0,40,0,0,61,2,0,0,0,0,3,1616,5,0,396,0,4,2,0,0,0,50,0,0,0,0,9,0,6,0,5,95,0
"Subject_78",38,3,0,0,0,0,0,0,0,0,0,0,0,0,1,0,0,0,12,0,0,36,0,1,0,598,0,6,6,9,410,0,0,0,0,0,3,0,0,0,0,36,0,0,0,0,0,0,0,0,2,0,12,11,0,0,1,1,0,333,0,0,4,1,0,0,459,0,0,0,0,0,0,0,0,0,2,0,0,339,0,0,162,0,0,1,0,0,0,0,0,8,5,0,0,1,0,0,0,0,16,0,0,0,0,0,0,2770,0,0,0,0,0,149,10,2,16,1,155,2,0,0,0,12,0,0,0,0,0,0,0,0,0,6,13,0,2,0,0,0,3,0,0,0,0,0,0,0,14,0,0,0,0,40,0,0,0,0,0,0,0,34,0,0,0,19,0,0,0,17,31,0,0,0,0,0,0,0,548,0,0,0,0,0,0,0,0,1,0,0,0,0,0,15,0,0,0,5,0,0,0,0,0,0,0,5,1,6,0,2,0,0,0,13,0,0,395,0,77,0,0,112,0,11,0,0,0,0,0,6,0,0,0,729,0,0,46,0,0,0,0,0,0,0,0,24,0,0,0,0,0,0,0,0,0,1,0,0,6,0,13,0,0,1,0,0,0,0,0,6,0,54,37,2,0,1,0,0,0,1810,0,17,0,0,0,0,0,0,0,0,0,0,0,0,0,0,0,0,0,236,0
"Subject_79",55,0,0,0,0,0,8,12,0,0,0,0,14,363,15,0,0,0,8,0,165,5,1,0,0,2845,0,18,169,6,62,0,0,30,0,0,0,77,1,16,0,48,0,161,0,212,0,0,0,0,0,0,13,0,5,0,0,0,0,0,0,137,12,0,237,7,0,0,0,23,8,2,0,105,0,0,4,0,2,0,0,0,2,0,783,0,0,0,0,91,0,72,0,53,0,0,0,0,13,3,0,0,0,0,0,0,223,32,9,0,0,0,0,60,0,0,0,5,37,0,0,0,0,30,42,0,0,0,0,0,2,413,0,0,0,0,0,0,0,0,1,0,0,0,0,0,2,2,13,0,5,0,0,5,2,1,0,0,0,14,0,0,5,4,0,0,0,0,0,288,0,0,0,0,0,0,0,7,178,0,0,0,0,0,2,0,0,0,0,0,0,16,0,0,0,0,0,0,0,0,0,0,0,0,0,9,0,0,0,22,0,0,0,9,0,0,98,3,75,109,104,0,0,0,0,0,0,0,55,0,257,0,0,115,0,0,8,0,0,0,0,0,0,0,0,0,0,0,0,0,0,2,4,0,2,2,3,0,0,17,1,0,0,0,0,0,17,0,0,76,3,4,70,0,0,0,0,0,0,1531,0,2,1,0,0,0,0,0,0,3,0,4,0,0,56,0,4,0,0,82,0
"Subject_80",13,0,0,0,0,0,1,1,0,0,4,0,0,1,41,0,0,0,54,0,2,11,0,0,0,4782,0,16,16,92,101,0,0,35,0,36,7,4,0,0,0,229,0,37,0,1088,0,0,0,1,2,0,18,0,1,0,0,0,0,3,0,1,0,0,1,13,0,0,4,0,6,0,0,0,0,0,8,0,0,8,0,1,43,0,0,0,0,0,0,17,0,0,5,6,0,0,0,0,0,0,24,0,0,0,1,0,0,53,111,0,0,2,0,276,11,4,4,0,0,3,6,0,0,11,310,0,0,0,0,1,1,15,2,24,17,3,10,0,0,24,0,0,0,0,0,123,0,0,14,0,6,2,0,0,0,0,0,0,0,2,0,51,4,820,0,37,0,0,0,0,0,0,2,0,0,0,0,2,0,0,74,0,0,3,23,0,0,0,180,0,0,49,0,0,4,0,0,1,51,0,0,0,0,0,0,0,0,0,0,0,0,0,0,0,0,0,0,2,218,10,0,42,0,0,0,0,4,0,76,1,0,0,0,0,0,0,16,0,0,0,56,0,0,0,0,0,0,0,0,0,0,0,13,0,0,0,5,0,0,0,2,0,0,1,22,0,14,0,6,24,0,0,186,0,0,0,2,0,1,2,0,0,109,0,0,0,0,0,2,29,0,0,0,0,7,1,0,5,0,75,0
"Subject_81",0,0,0,0,0,2,12,0,0,0,5,0,0,68,0,0,5,0,1,0,15,57,0,5,0,1300,1,0,3,0,0,0,0,60,0,0,0,105,0,0,1,0,0,0,0,0,0,0,0,0,0,0,0,0,0,0,0,0,18,82,0,80,1,0,25,0,0,0,19,0,43,0,0,0,0,3,3,0,0,0,0,0,287,0,0,0,0,0,0,0,0,14,6,0,0,0,0,0,0,0,24,11,0,0,0,166,0,1464,0,0,0,0,0,179,56,3,0,1,0,0,0,0,0,0,0,0,0,0,0,0,0,35,0,0,0,15,0,11,0,0,493,0,0,1,0,835,3,0,0,0,0,0,0,5,0,17,33,0,0,271,0,36,0,0,0,30,0,0,0,0,0,0,0,3,0,0,0,0,115,0,0,12,0,0,14,29,0,0,0,0,0,0,3,31,0,0,0,0,0,2,0,0,0,51,0,0,0,83,0,2,0,0,0,0,14,0,271,17,161,0,73,0,0,0,4,0,0,0,0,0,98,0,0,172,113,0,22,0,0,0,24,0,0,0,0,0,0,17,0,0,0,0,14,0,0,2,38,0,0,0,0,0,6,2,8,0,0,0,1,2,0,0,863,2,0,0,0,0,45,1436,0,0,298,0,0,0,0,3,0,0,0,0,0,0,0,0,34,0,0,0,0
"Subject_82",56,2,0,0,0,0,0,0,0,0,2,0,0,0,3,0,16,0,7,0,0,47,0,5,0,204,0,0,4,0,22,0,0,0,0,0,0,3,0,0,3,223,0,0,0,27,0,0,0,0,0,0,0,0,0,6,0,2,0,78,0,0,0,0,0,0,42,0,9,84,0,0,0,0,0,0,8,0,0,7,0,0,233,0,0,0,3,0,0,0,0,3,0,0,0,0,0,0,0,0,0,0,0,3,0,245,0,2114,0,0,0,0,0,289,5,0,0,0,96,0,0,0,0,13,0,0,0,0,0,0,0,49,0,0,162,52,0,0,0,23,7,0,0,0,0,0,21,0,14,0,45,0,0,54,0,0,66,0,0,0,4,57,0,0,0,0,0,0,0,0,0,0,0,0,16,0,0,0,0,0,0,0,0,0,0,0,0,0,0,0,0,83,0,0,0,0,0,0,9,0,4,0,0,3,0,10,0,0,0,0,0,0,0,0,0,0,1,0,2,3,0,0,0,0,0,0,0,0,0,0,37,0,0,348,0,0,0,0,0,0,79,0,0,0,0,151,0,2,0,0,0,3,0,0,0,0,8,0,0,0,0,0,0,12,0,3,0,0,0,20,0,34,0,0,0,0,0,0,0,4152,0,0,583,0,0,0,0,2,19,0,0,0,0,0,0,0,0,0,0,0,0
"Subject_83",0,0,0,0,8,0,4,0,0,0,0,0,0,0,106,0,0,0,0,0,0,0,0,9,0,4300,0,0,51,0,0,0,0,0,0,0,5,82,0,0,0,0,0,0,0,263,0,0,0,1,0,0,0,0,0,0,0,0,0,52,0,0,1,0,0,0,166,0,0,0,0,0,0,0,0,0,0,0,0,92,0,0,10,0,0,0,46,0,0,0,7,20,83,0,0,6,0,0,127,0,0,0,0,0,0,0,0,31,0,0,0,0,0,248,0,10,53,0,0,0,0,0,0,259,24,0,0,0,12,0,5,16,413,0,0,0,0,0,0,0,25,0,0,0,0,922,0,0,1,0,0,0,0,0,1,0,0,0,0,9,0,108,0,296,0,0,0,0,0,3,15,0,0,0,0,0,0,5,0,0,0,0,0,0,1,0,0,0,0,0,0,28,2,0,0,0,7,0,0,3,0,0,0,0,1,6,0,32,0,3,0,0,0,0,8,0,38,0,361,0,3,101,0,0,0,0,0,0,152,0,0,0,0,266,0,0,0,0,0,0,90,0,0,0,0,40,0,0,0,0,0,0,0,0,0,11,0,0,5,0,0,0,0,0,0,0,0,0,0,35,0,0,320,0,0,0,0,0,5,580,0,0,0,0,0,0,0,0,0,0,0,0,0,0,0,0,8,0,0,0,0
"Subject_84",0,0,0,0,0,0,0,0,151,0,8,0,0,0,0,0,0,0,0,0,0,21,0,0,0,2322,0,0,0,0,0,0,0,0,8,0,0,0,0,0,0,294,0,83,0,0,0,0,0,0,0,0,33,0,0,0,0,0,0,0,0,0,0,4,0,2,295,0,0,0,0,0,0,45,0,0,0,0,0,0,0,0,0,4,0,2,0,204,0,49,0,0,0,0,0,0,0,0,0,0,151,0,0,2,0,0,131,686,0,0,0,0,0,699,0,0,0,0,228,0,0,0,0,17,48,75,0,0,47,205,0,0,0,0,33,0,0,0,0,0,0,0,0,0,0,0,5,5,21,0,10,0,3,0,0,0,0,0,170,0,0,0,0,0,0,0,0,0,0,0,0,0,0,0,0,0,0,0,0,4,49,0,0,0,0,0,2,0,77,2,0,65,0,0,106,0,0,0,0,0,0,0,0,938,0,53,0,0,0,0,0,0,9,0,29,0,0,24,0,0,0,0,0,270,0,0,0,0,0,0,141,0,0,619,0,0,53,0,0,7,0,0,0,0,0,0,0,5,0,0,0,8,0,0,4,0,0,0,10,0,0,0,0,4,0,0,0,0,8,17,0,8,163,0,0,0,0,12,0,537,0,0,118,0,0,0,0,0,0,56,0,0,0,0,124,0,0,255,0,162,0
"Subject_85",0,0,0,0,0,0,6,3,0,0,0,0,0,123,0,0,0,0,0,2,22,2,0,0,0,2354,0,104,14,11,6,3,0,30,0,0,0,24,0,86,0,140,0,88,0,288,0,0,0,0,0,0,0,0,0,0,0,0,0,2,0,6,0,0,0,16,0,0,6,52,0,2,0,0,0,0,0,0,0,2,0,0,7,0,0,4,0,0,0,27,111,0,0,54,0,0,0,0,29,0,68,9,0,0,5,0,6,205,36,376,0,4,0,278,0,0,233,0,1,15,3,0,0,18,15,0,0,0,0,0,134,697,0,0,281,0,1,0,0,0,8,0,0,0,0,0,40,0,47,0,18,0,0,0,0,0,0,0,0,39,0,0,0,42,0,0,0,0,0,0,4,0,1,0,151,0,0,0,2,2,0,0,0,9,20,0,0,0,0,0,0,120,0,14,0,0,0,0,0,0,0,0,0,1,888,131,0,0,0,0,0,47,0,0,0,0,14,0,0,0,0,62,0,0,0,150,0,0,5,0,1,0,0,179,0,0,0,7,0,0,0,0,0,0,0,0,0,0,0,0,0,0,5,2,2,11,0,4,0,0,0,0,0,3,0,0,0,0,23,6,0,7,206,0,0,0,0,0,2,1652,0,0,26,0,0,0,0,0,0,13,0,0,0,0,1,0,6,0,0,20,3
"Subject_86",0,0,0,0,0,0,2,2,0,0,0,0,0,57,46,0,21,0,9,29,44,3,0,3,3,2302,0,0,10,0,0,0,0,145,0,0,48,13,0,0,3,180,0,20,0,317,0,0,5,2,0,0,7,0,0,0,0,0,0,2,6,43,20,0,4,0,11,0,0,0,0,0,2,0,0,0,0,0,2,24,0,0,0,0,16,0,0,0,0,26,0,2,1619,0,0,25,0,0,0,0,78,0,0,0,44,0,9,150,0,24,0,0,0,6,0,0,0,0,68,0,0,0,0,5,105,71,0,0,0,0,23,958,0,50,0,0,6,0,1,0,12,0,0,0,0,0,2,0,17,0,25,0,0,14,0,0,0,3,0,84,0,0,0,1,0,0,0,0,0,0,2,0,0,0,0,0,0,4,43,0,0,0,0,0,0,0,0,0,0,0,0,1,3,0,0,0,0,0,0,0,0,0,0,0,0,6,0,0,4,2,0,0,14,0,1,0,16,1,136,7,0,0,0,0,0,0,0,0,4,0,142,0,0,591,0,0,0,0,0,0,0,0,0,0,0,0,0,32,0,0,0,2,8,0,0,0,0,0,0,0,0,0,0,2,0,0,0,0,17,17,0,2,197,1,2,0,0,0,0,1567,0,0,331,0,0,0,0,3,19,0,0,0,0,0,0,0,3,0,0,0,0
"Subject_87",0,0,14,0,0,0,0,1,0,0,0,0,0,0,44,0,40,0,0,0,0,0,0,0,0,2514,0,33,116,0,0,0,0,128,9,0,3,0,0,0,0,421,0,10,0,233,0,0,0,0,0,0,0,0,0,0,0,0,0,9,0,0,0,0,0,0,6,0,0,45,0,0,0,0,0,0,17,0,0,18,0,0,8,0,0,323,0,0,0,63,0,9,9,0,0,1,22,0,12,0,23,367,0,0,0,0,226,127,0,27,0,0,0,57,0,0,112,0,11,0,12,0,0,11,128,43,0,0,0,0,19,179,0,28,76,0,34,0,0,0,0,0,0,0,0,1451,0,0,0,0,7,0,0,29,0,0,0,0,0,2,0,0,0,0,0,72,0,0,0,47,0,0,2,0,0,0,0,2,100,0,0,0,0,0,21,0,0,0,0,0,0,30,0,44,0,2,0,0,0,0,0,0,0,2,0,0,0,118,3,8,0,0,0,0,0,1,0,0,0,0,2,4,0,0,0,0,0,0,13,0,2,0,0,646,0,0,32,158,0,0,88,0,330,0,39,0,0,0,0,0,3,0,0,0,0,520,0,0,0,93,0,0,0,22,0,0,0,0,10,32,0,0,273,0,0,0,0,0,0,3,0,0,30,0,0,24,0,0,0,18,0,0,0,0,17,0,67,0,0,33,11
"Subject_88",33,0,0,0,0,0,2,0,0,0,0,0,0,0,40,0,2,0,7,11,7,4,0,0,17,3656,0,0,6,4,0,0,0,65,0,0,8,2,0,6,0,67,0,0,0,85,0,0,0,0,0,0,0,0,0,0,0,0,0,0,0,0,0,0,0,0,11,0,34,0,0,2,0,0,0,731,0,0,0,0,0,0,83,0,0,11,0,0,0,33,0,2,191,0,0,0,0,2,46,0,0,0,0,0,7,0,0,478,0,25,0,0,0,6,0,0,4,0,13,5,0,0,29,19,109,0,0,0,0,0,0,360,0,0,0,2,126,0,0,0,178,0,0,0,0,0,0,0,38,0,4,0,0,0,0,0,0,0,0,0,0,0,0,0,0,27,0,0,0,0,0,0,3,0,0,0,0,0,0,0,0,0,0,0,2,0,0,0,0,0,0,6,2,0,0,0,0,0,0,0,0,0,0,0,0,31,0,0,2,10,0,0,0,0,1,0,0,0,59,0,1,0,0,0,0,0,0,0,6,0,0,0,0,0,0,0,0,0,0,0,0,0,0,0,0,0,0,0,0,0,0,0,19,0,0,0,46,0,0,0,0,0,2,0,1,0,0,0,31,79,0,0,357,1,0,0,0,0,0,2448,0,2,1,0,0,0,0,0,0,0,0,0,0,0,238,0,8,0,0,49,0
"Subject_89",2,0,0,0,0,0,14,0,0,0,0,0,0,0,0,0,0,0,6,0,0,5,0,8,0,5097,0,14,16,18,306,0,0,0,0,0,197,77,0,0,0,223,0,0,0,668,0,0,0,0,3,0,8,0,34,1,0,0,0,4,0,48,0,0,0,0,28,0,3,0,33,0,0,0,0,69,2,0,0,0,0,2,97,0,0,7,10,1,0,0,0,0,0,0,0,0,0,0,0,0,41,0,2,20,0,0,0,210,0,0,0,0,0,40,30,0,6,0,59,0,5,0,0,0,0,0,0,0,0,0,0,113,0,0,6,2,0,0,2,27,43,0,0,1,0,0,23,0,27,0,0,0,0,49,1,0,0,0,0,31,0,28,0,0,0,24,0,0,0,1,0,0,0,0,0,0,0,8,0,0,1,0,0,0,24,0,0,0,0,0,2,171,0,0,0,0,0,2,0,0,0,0,0,88,0,46,1,0,0,0,2,0,0,0,0,0,0,23,0,0,2,34,0,98,0,0,0,0,0,0,0,0,0,62,0,0,9,0,0,6,0,0,0,0,12,0,0,0,0,0,0,0,0,0,12,78,57,0,0,0,0,0,0,2,0,0,2,0,4,30,0,0,177,0,0,0,0,0,65,471,1,0,435,0,0,0,0,1,121,48,0,0,0,0,2,0,0,0,0,109,0
"Subject_90",0,0,0,0,0,0,3,0,0,0,0,0,0,0,112,0,0,0,0,0,0,37,0,0,0,5276,0,0,119,0,0,0,0,0,0,0,0,0,0,0,2,0,0,0,0,10,0,0,0,0,0,0,0,0,0,0,0,0,0,203,0,0,0,4,0,0,42,0,0,0,0,4,0,0,0,5,0,0,0,0,0,0,0,0,0,5,0,0,0,0,0,20,0,0,0,0,2,0,0,0,0,210,2,0,0,0,0,0,0,0,0,0,0,0,0,0,51,0,104,0,0,0,6,8,0,0,0,0,0,0,0,0,0,0,0,0,639,0,1,0,42,59,0,0,0,0,57,0,0,0,3,0,0,0,2,0,0,0,0,0,0,0,0,0,0,0,0,0,0,3,4,0,99,0,0,0,0,0,0,21,0,0,0,0,19,0,0,220,0,0,0,53,4,18,0,0,0,0,0,0,0,0,0,0,0,87,6,23,0,3,185,0,23,0,0,0,0,0,0,0,0,106,0,0,0,0,0,0,0,0,0,0,0,153,114,0,0,0,0,0,0,0,0,0,0,0,0,0,0,0,0,0,0,0,0,112,26,0,0,0,0,0,0,0,0,0,0,0,0,441,0,0,648,0,0,0,0,0,0,392,0,0,74,0,0,4,0,59,0,0,0,0,0,0,0,0,61,0,0,17,0
"Subject_91",0,2,0,0,0,0,5,4,0,2,2,0,6,345,16,0,0,5,19,2,114,16,0,0,0,968,3,15,9,4,1,0,0,16,0,0,2,35,0,0,0,73,0,0,9,62,0,4,0,0,0,0,0,0,2,0,0,0,0,56,0,0,0,0,0,0,43,0,17,0,4,0,0,132,0,15,3,0,0,39,0,4,116,0,0,0,2,0,0,33,0,10,4,0,0,2,0,0,21,0,0,0,0,0,0,33,79,131,0,17,0,0,0,29,7,0,0,4,100,0,0,0,0,22,6,317,0,0,0,0,6,895,0,0,0,0,136,0,0,32,6,6,0,2,36,0,0,2,45,0,5,6,42,21,2,0,0,0,0,0,4,0,0,1,0,0,0,0,0,0,2,0,2065,0,0,0,6,0,16,2,0,0,0,0,5,0,52,199,0,3,0,32,0,0,367,0,0,0,0,0,0,0,0,12,0,5,0,0,2,3,3,0,0,3,1,0,33,2,36,0,35,11,0,0,0,0,2,0,1,2,94,0,0,464,0,0,0,0,3,0,17,0,0,0,0,0,0,9,0,0,0,0,9,0,3,0,7,0,0,9,0,0,7,4,0,0,0,0,7,661,0,1,281,0,0,0,0,0,0,1186,2,0,11,0,0,0,2,0,39,3,0,0,0,0,2,0,23,0,0,38,0
"Subject_92",0,0,0,0,0,0,0,0,0,0,0,0,0,0,4,0,0,0,0,0,0,0,0,79,17,1583,0,0,53,10,727,0,0,2,0,0,35,126,0,0,1,0,0,0,0,51,0,0,0,0,0,0,0,0,0,0,0,2,0,0,0,0,0,0,0,0,52,0,0,0,0,0,0,0,1,86,0,0,0,569,0,0,0,0,0,0,0,0,0,0,0,0,0,0,0,0,5,0,0,0,10,0,0,0,0,18,0,4017,0,9,0,0,0,183,12,0,0,0,2,0,0,0,0,7,14,85,0,0,0,0,0,514,0,0,0,0,5,0,0,0,0,0,0,0,0,0,0,17,0,0,15,0,0,0,0,0,0,0,0,0,0,0,0,482,0,33,0,2,0,0,0,0,0,0,0,0,0,0,0,0,0,0,0,0,0,0,0,0,0,0,0,13,19,9,88,0,0,0,0,0,0,0,0,0,239,30,0,0,2,16,0,0,0,0,1,0,70,0,0,7,0,0,0,0,0,0,0,0,16,0,0,0,0,57,0,0,0,0,0,2,0,149,0,0,0,12,0,0,0,0,111,0,0,0,0,0,0,0,0,6,0,0,0,0,0,0,0,0,0,92,0,0,1,0,0,0,0,0,0,202,0,0,32,0,0,0,0,0,0,0,0,0,0,0,0,0,0,0,0,0,0
"Subject_93",0,0,0,0,0,0,0,45,0,0,0,0,0,0,9,0,24,0,0,38,0,186,0,33,0,4581,0,0,0,0,6,0,0,234,0,0,0,0,0,0,0,0,0,0,0,0,0,0,0,0,0,0,0,0,118,0,0,0,0,102,0,0,0,0,0,0,99,0,0,170,26,0,0,0,0,0,0,0,0,196,0,0,0,0,0,25,3,0,0,553,0,0,0,0,0,0,0,0,0,0,0,0,0,0,0,0,0,0,0,0,0,0,0,0,0,0,0,0,110,0,0,0,0,0,141,37,0,0,0,0,0,0,0,0,0,0,161,0,0,0,0,0,0,0,0,0,0,0,0,0,16,0,0,0,0,15,0,6,0,0,0,0,0,0,0,0,0,0,0,0,0,0,0,0,0,0,0,92,508,8,0,0,0,0,0,0,0,0,0,0,0,185,0,0,0,0,0,0,0,0,0,0,0,0,0,47,0,0,0,0,0,0,0,0,0,0,0,0,0,0,0,0,0,0,0,0,0,0,16,0,65,0,0,594,0,0,0,0,0,33,0,0,0,0,0,0,0,0,0,0,0,0,0,0,0,9,9,0,0,0,11,0,0,0,0,0,0,0,0,349,25,0,457,0,0,0,0,0,0,0,0,0,82,0,0,0,0,8,0,0,0,0,0,0,106,0,43,0,0,419,0
"Subject_94",3,0,0,17,0,0,0,0,0,0,0,0,0,0,11,131,18,0,9,0,0,16,0,7,0,394,0,0,2,142,264,275,0,242,0,0,10,0,2,0,0,197,0,0,0,15,0,0,0,0,4,0,13,26,10,0,0,0,0,1,0,0,0,1,0,0,112,0,47,0,7,0,1,0,0,0,4,1,0,1,0,9,133,0,2,21,0,96,0,83,636,2,55,0,0,8,0,1,67,0,0,0,0,0,4,40,0,178,7,0,0,0,0,38,18,1,0,0,76,0,0,0,0,9,97,0,0,0,0,0,0,44,0,5,0,0,17,6,0,0,37,0,0,0,0,681,0,0,45,0,3,0,0,15,0,31,0,0,0,106,0,26,0,2,0,32,0,0,0,0,7,0,2,0,0,0,0,11,5,0,0,0,19,0,4,0,0,0,0,0,0,44,0,20,0,0,72,1,0,0,0,0,2,2,202,11,0,20,2,2,0,0,0,0,2,0,26,3,49,0,25,10,0,10,0,9,2,0,6,0,49,0,0,849,0,0,19,0,0,5,17,4,0,0,71,1,0,0,0,0,0,0,0,0,10,17,62,0,0,0,0,0,4,2,0,0,0,0,0,360,0,0,110,0,0,0,0,0,4,2540,0,0,97,0,0,0,0,0,0,46,0,16,0,0,345,0,105,0,0,94,0
"Subject_95",0,0,2,2,0,0,2,3,0,0,4,4,0,0,38,0,0,0,11,0,0,11,0,4,0,3619,0,0,33,0,1,0,1,130,12,124,15,6,0,40,2,133,0,32,0,150,0,0,0,2,0,0,0,3,2,2,0,3,0,2,0,0,4,0,0,0,42,42,6,0,4,0,0,0,0,0,4,0,0,3,0,4,25,0,0,10,99,0,2,8,0,5,58,0,0,6,0,0,68,0,16,0,5,15,2,0,0,412,0,0,19,1,0,224,16,0,9,2,0,1,0,33,0,0,184,0,0,133,0,22,0,341,0,12,3,0,310,0,0,15,8,0,0,0,0,0,2,0,10,106,4,0,0,0,0,0,0,0,10,26,0,0,0,0,0,27,0,0,0,0,0,0,0,3,0,0,2,0,11,0,0,0,0,0,0,2,0,0,35,0,0,43,3,0,49,0,0,2,0,0,0,0,0,5,175,8,0,0,0,10,0,0,0,0,3,0,45,0,0,0,0,3,0,0,0,0,0,0,47,2,31,0,4,216,0,9,8,0,0,7,0,0,0,0,0,0,2,0,0,0,0,0,0,2,2,7,0,1,2,0,7,0,0,2,0,2,0,0,0,169,0,1,326,0,2,0,0,0,3,1745,2,0,166,0,0,0,0,15,27,0,0,0,0,0,9,0,3,0,0,43,0
"Subject_96",0,0,0,1,0,0,50,0,0,1,0,0,0,0,14,0,0,0,0,0,0,0,0,0,0,1355,0,0,189,68,166,0,0,68,0,0,12,191,0,2,0,0,0,0,12,0,0,0,1,1,7,0,0,0,0,0,0,0,0,0,0,0,0,0,0,0,0,0,10,0,0,0,0,0,0,144,0,0,0,0,0,0,0,0,0,6,0,0,0,0,1208,0,0,0,0,6,0,1,0,0,12,22,0,0,0,0,0,1018,0,107,0,0,0,0,0,0,98,2,0,0,0,0,0,12,0,0,0,0,0,0,0,0,0,0,0,29,924,0,0,0,0,0,0,0,0,0,0,0,0,0,0,0,0,0,9,0,0,4,0,0,0,0,0,535,0,39,0,0,0,0,0,2,2,0,31,9,0,0,0,0,0,0,0,0,0,0,0,0,0,1,0,212,0,0,0,0,0,0,0,0,0,0,0,0,162,0,23,70,0,36,0,0,7,0,0,0,0,0,0,0,0,0,0,0,0,0,0,0,0,0,0,0,0,0,221,0,19,0,0,0,80,0,21,0,0,0,0,0,0,0,0,0,0,0,0,0,0,0,0,0,0,0,0,0,2,0,0,33,0,4,0,0,119,0,5,0,0,0,0,2454,0,0,0,0,0,1,0,0,0,0,0,0,0,1,0,0,0,0,0,156,0
"Subject_97",0,0,14,0,0,0,2,82,0,0,36,0,0,0,0,4,0,0,4,0,0,74,0,0,0,172,3,0,39,4,0,0,0,81,0,0,16,282,0,0,5,0,0,0,0,0,0,10,0,0,0,0,2,0,12,3,0,0,0,7,9,0,3,71,0,0,15,0,0,0,13,0,0,0,0,0,0,0,0,0,6,4,116,0,0,0,167,0,0,532,0,54,112,0,0,0,0,0,0,0,0,0,27,0,0,41,0,0,0,0,0,0,0,0,7,5,0,0,95,0,0,22,0,0,0,0,0,34,4,0,249,88,0,4,0,0,0,14,3,6,1,0,0,0,0,0,13,50,2,0,0,0,1,7,3,0,0,0,30,99,0,0,0,2,0,0,0,0,0,0,8,0,0,0,0,0,0,86,0,9,0,0,8,0,13,0,0,0,0,0,2,213,5,0,0,0,0,0,0,0,0,0,0,0,0,25,2,0,0,2,0,0,0,0,20,0,6,26,4,0,1,67,0,14,0,0,0,0,57,0,190,0,0,0,0,0,0,0,0,5,0,0,0,0,0,0,0,0,0,0,0,5,0,0,60,108,4,0,16,26,3,0,0,11,0,3,0,0,0,0,0,0,330,0,0,0,0,0,6,5802,0,0,0,0,0,0,0,0,3,0,0,0,0,2,29,0,45,0,0,26,0
"Subject_98",0,0,0,0,0,0,0,0,0,0,0,0,0,44,17,0,0,1,0,0,0,0,0,1,0,1396,0,0,9,3,1,0,0,54,0,0,16,1,0,0,0,0,45,0,0,129,0,0,0,0,0,0,0,1,0,5,0,0,0,16,0,0,0,0,2,0,8,0,0,0,20,0,0,0,0,93,0,0,0,0,0,0,0,0,0,0,82,0,0,3,0,1,0,0,0,0,0,0,0,34,21,0,0,0,0,0,69,4141,0,2,0,0,0,35,13,0,0,0,20,0,8,0,0,6,141,1,0,0,2,0,0,0,0,0,0,0,2,0,0,0,0,0,0,0,0,13,3,0,0,0,0,0,0,10,0,0,0,0,0,51,0,30,0,0,0,0,0,0,0,1,0,1,0,0,47,0,0,0,1,0,0,0,0,0,0,0,0,0,0,1,0,4,0,0,0,0,8,0,5,0,3,0,1,0,0,0,2,8,0,2,0,0,0,0,0,0,0,0,338,0,0,0,0,0,0,0,0,0,23,0,25,0,0,15,0,0,0,0,0,0,24,27,0,0,0,13,5,0,1,0,0,1,0,0,0,0,0,0,3,1,0,0,0,0,0,0,0,2,4,1,0,0,1195,0,0,0,0,0,0,1264,0,0,175,0,0,0,0,0,22,0,0,0,0,0,178,0,0,0,0,54,0
"Subject_99",0,0,0,0,3,2,3,0,0,11,0,0,3,0,3,0,0,0,0,0,3,26,5,2,0,355,2,0,6,0,44,0,0,163,0,0,0,10,0,0,0,0,0,35,0,2,0,0,0,0,0,0,0,0,0,0,0,0,0,0,0,2,0,0,0,0,63,0,0,0,20,0,0,0,0,7,0,0,0,26,0,0,0,0,2,0,5,0,0,69,0,3,132,0,0,0,3,0,0,0,0,0,0,0,2,0,0,4691,0,0,0,0,0,111,0,4,0,0,101,0,0,0,0,13,23,0,0,0,0,0,0,6,0,0,0,0,642,0,0,0,503,0,0,0,0,0,0,0,0,0,5,4,0,0,0,0,0,2,0,27,0,0,0,0,2,0,0,0,0,0,0,0,0,0,0,0,0,0,23,0,0,0,0,0,0,0,0,0,0,2,0,0,2,0,0,0,0,0,0,335,0,0,0,1274,0,4,0,0,0,2,0,0,0,0,0,0,92,25,113,0,0,0,0,0,4,0,0,0,17,0,0,0,0,359,0,0,0,0,0,0,61,0,0,0,0,0,0,5,0,0,0,2,9,0,36,0,2,0,0,0,4,0,0,0,21,0,0,0,0,0,0,2,292,0,0,0,0,0,2,0,0,0,85,0,0,0,0,0,7,0,0,0,0,0,0,0,67,0,0,3,0
"Subject_100",0,0,0,0,0,0,0,38,0,0,0,3,2,723,4,0,0,0,2,0,0,61,3,5,27,5,0,0,8,0,932,0,88,75,0,0,0,7,0,0,3,0,0,0,0,0,0,0,0,0,0,0,0,0,37,9,0,0,0,32,7,0,2,0,0,0,240,0,0,0,83,0,0,0,0,0,0,0,0,33,0,0,0,0,17,0,310,303,0,96,0,2,0,0,0,3,0,0,0,0,0,0,0,0,0,0,0,387,0,0,0,81,0,133,0,2,0,2,0,0,0,28,0,0,22,0,0,0,0,0,0,0,0,5,0,0,3,0,0,0,25,0,2,0,0,0,11,47,0,0,19,0,0,0,3,8,0,0,82,345,0,0,0,0,0,0,0,0,0,0,0,0,0,0,0,0,0,0,2,11,0,0,0,0,0,0,0,0,0,0,0,0,2,0,0,0,0,9,0,0,0,0,0,0,2,22,0,0,0,2,0,0,0,0,0,2,76,88,297,0,0,119,0,36,6,0,0,0,207,9,0,0,0,815,0,0,53,0,0,0,0,0,0,7,0,79,0,0,0,0,0,3,39,0,43,4,3,0,11,0,3,0,0,2,0,0,0,0,0,0,13,0,290,0,5,3,0,0,5,2167,2,2,402,0,0,0,0,0,43,0,0,0,0,0,727,10,3,0,0,21,0
"Subject_101",0,0,3,0,0,0,3,0,0,0,0,0,0,0,203,0,0,0,0,0,0,0,0,0,5,4,0,0,0,0,0,0,0,0,0,0,0,0,0,0,0,0,0,0,0,0,0,0,0,0,0,0,0,0,0,0,0,0,0,0,0,0,0,0,0,0,0,0,0,0,0,0,0,133,0,0,0,0,0,0,0,0,0,0,0,0,0,0,0,0,1,0,0,0,0,0,2,2,0,0,0,3,19,0,0,0,0,7668,0,0,0,0,0,0,0,0,0,0,321,0,7,0,0,13,0,0,0,0,0,0,0,0,0,0,0,0,0,0,0,0,535,0,0,0,0,0,0,24,0,0,0,0,0,0,3,0,0,2,408,0,0,0,0,0,0,0,0,0,0,6,0,0,2,0,56,0,0,0,0,0,0,0,0,0,0,0,0,0,0,0,0,0,0,0,0,0,0,0,13,0,0,0,0,0,0,0,0,0,0,0,0,0,47,0,0,0,0,0,0,0,0,0,0,0,0,0,0,0,70,0,0,0,0,0,0,0,0,0,0,0,0,0,0,0,0,0,0,0,0,0,0,0,0,0,0,0,33,0,0,0,11,0,0,0,0,0,0,0,0,128,0,0,276,0,0,0,0,0,0,0,0,0,0,0,0,0,0,0,0,0,0,0,0,0,0,0,0,0,0,0,0
"Subject_102",0,0,0,0,0,0,2,17,0,0,0,0,0,46,0,0,0,0,0,0,0,1,1,0,0,573,0,0,1,0,0,0,0,0,0,0,0,117,0,0,2,41,0,9,0,29,0,0,0,0,0,0,0,0,0,0,0,0,0,279,0,12,0,0,11,0,8,0,6,33,11,0,0,8,0,0,0,0,0,39,0,1,0,0,0,0,1,0,0,0,0,44,0,0,0,0,0,0,40,0,10,0,0,16,0,0,2,183,46,13,0,0,0,128,5,0,0,0,2,21,0,4,0,5,64,0,0,0,0,0,0,3,66,0,0,0,0,0,0,0,0,0,0,0,86,0,17,0,0,0,5,0,0,33,0,0,0,0,6,6,0,28,0,3620,0,23,0,0,0,0,0,0,0,0,0,0,0,0,6,0,0,0,0,0,0,0,0,0,0,0,0,193,0,56,0,2,0,0,0,0,0,0,0,129,792,26,0,58,0,0,0,0,15,0,0,0,33,3,0,3,0,0,0,0,0,0,0,0,0,9,25,0,0,64,0,0,0,0,0,0,0,0,0,0,0,3,0,0,0,0,36,1,0,0,0,0,0,0,0,0,0,0,0,0,0,2,0,0,0,395,0,0,103,0,0,0,0,0,1,2200,0,0,69,0,0,0,0,2,12,0,0,0,0,0,6,0,0,19,0,10,0
"Subject_103",0,0,0,0,0,0,21,0,0,0,0,0,0,0,12,0,3,0,0,0,0,0,0,0,0,26,0,0,189,0,102,0,0,3,0,0,255,141,0,0,0,0,0,0,0,0,0,0,0,0,0,0,0,0,0,0,0,0,2,44,0,0,0,0,0,0,0,0,0,0,0,0,0,0,0,286,0,0,0,0,0,56,0,0,0,0,0,0,0,0,0,99,0,0,0,0,0,1,0,0,31,9,22,0,0,0,3,818,0,0,0,0,0,392,0,0,0,1,79,0,0,0,0,10,22,0,0,0,0,0,0,0,0,0,0,2,28,0,0,0,0,0,5,0,331,37,0,0,0,0,9,0,0,24,0,0,0,0,0,0,0,83,0,0,0,50,0,0,0,0,0,0,0,0,0,0,0,0,208,0,0,0,0,0,0,0,27,0,0,0,0,114,0,0,143,0,0,0,0,0,0,2,0,1430,0,6,0,112,0,0,0,0,0,0,0,0,46,0,67,0,34,0,0,0,0,0,0,0,0,0,263,0,0,963,0,0,69,4,0,4,0,0,0,0,0,0,0,0,0,0,0,0,0,0,0,0,0,0,0,0,0,0,0,0,0,0,0,0,0,33,0,0,439,0,0,0,0,0,0,2544,0,0,211,0,0,0,0,0,0,0,0,0,0,0,13,0,3,0,0,70,0
"Subject_104",0,0,0,0,0,0,10,0,0,0,0,0,21,0,104,0,0,0,0,81,0,37,9,261,0,49,0,0,158,0,0,0,0,156,0,0,3,0,0,0,0,0,0,0,0,968,0,7,0,0,0,0,0,0,0,0,0,0,0,0,0,14,0,0,0,0,32,0,9,0,19,0,0,0,0,0,0,0,0,61,0,9,456,0,0,96,9,0,0,0,0,0,8,0,0,4,0,0,0,0,60,0,0,0,5,0,0,383,0,94,0,0,0,225,12,40,0,0,155,0,0,0,0,10,88,0,0,0,0,0,0,2,0,31,0,4,3,0,0,0,0,0,0,0,0,0,0,0,0,0,0,0,0,73,0,0,0,0,0,0,0,141,0,0,0,63,0,0,0,3,0,0,3,0,0,0,0,2,0,0,0,0,0,0,0,0,0,0,0,0,0,0,0,0,0,0,0,0,0,0,0,0,0,10,0,35,0,25,0,60,0,0,0,0,3,0,0,0,112,11,27,269,0,6,0,0,0,0,0,0,0,0,0,2,0,0,54,0,0,0,57,446,0,0,0,0,0,0,6,0,0,0,0,0,21,45,0,0,0,0,0,0,0,0,6,0,0,0,0,73,0,0,387,0,0,0,0,0,2,3282,0,6,742,0,0,0,112,0,39,0,0,0,0,0,0,0,144,0,0,36,0
"Subject_105",11,0,0,3,0,0,0,1,0,0,0,0,5,0,61,0,0,0,6,0,0,4,0,0,0,1564,0,13,40,23,71,0,0,57,0,0,25,1,0,18,0,197,0,0,0,157,0,1,0,0,1,0,16,12,1,0,0,4,0,1,3,0,0,0,0,2,35,1,44,0,1,0,0,0,0,188,2,1,0,1,0,1,0,0,1,8,0,0,0,0,0,2,120,0,0,0,0,0,0,0,0,74,41,0,1,0,0,1644,0,0,0,0,11,61,9,26,0,0,14,0,14,0,0,14,193,0,0,0,0,0,0,41,0,0,13,0,3,0,2,28,890,0,0,1,0,0,10,0,12,0,2,0,0,8,0,1,0,2,0,0,0,26,0,0,0,25,0,2,6,0,3,0,0,0,0,0,5,2,0,2,0,0,0,0,0,0,0,0,0,0,0,35,0,4,0,0,0,4,0,0,0,0,0,0,0,232,10,16,4,0,2,0,0,0,0,1,0,0,19,0,1,1,0,0,0,0,0,2,2,0,2,0,0,850,0,0,11,0,0,27,20,0,0,0,66,0,0,7,0,0,0,0,1,0,1,21,19,0,0,1,1,0,0,2,2,0,2,0,3,21,0,0,2127,0,2,0,0,0,0,367,1,0,49,0,0,3,0,0,1,3,0,0,0,0,17,0,43,0,0,114,0
"Subject_106",0,0,0,0,0,0,17,0,0,0,0,0,0,0,0,0,0,0,0,0,0,0,0,1,0,1697,0,0,4,31,115,0,27,75,0,0,3,61,0,0,0,0,0,101,0,83,0,0,0,0,0,0,0,0,0,0,0,0,0,403,0,0,0,0,0,0,23,0,24,0,0,0,0,0,0,0,0,0,0,0,0,0,192,0,0,0,0,2,0,56,0,5,5,0,0,0,0,0,124,0,0,4,0,0,0,0,0,168,0,0,0,0,0,425,0,0,0,0,91,0,0,0,0,29,9,0,0,0,0,0,1,6,0,0,0,0,0,0,0,0,2,0,0,0,0,0,15,0,0,0,0,0,0,218,0,0,0,0,0,78,0,0,0,0,0,0,0,0,0,0,0,0,2,0,15,0,0,0,54,0,0,0,0,0,10,0,0,0,0,0,0,109,2,0,0,0,0,0,0,0,2,0,0,0,38,35,0,0,0,2,0,0,0,0,0,0,148,0,2,0,66,0,0,0,0,0,0,0,0,0,116,0,0,294,0,0,0,0,0,0,0,0,0,0,0,0,0,0,0,0,0,0,0,0,0,3,0,0,0,0,0,0,0,3,0,0,0,0,0,1085,0,10,85,0,0,0,0,0,2,3613,0,0,122,0,0,0,0,2,0,0,0,0,0,0,60,0,0,0,0,22,0
"Subject_107",0,0,0,2,0,1,48,15,0,0,2,0,0,129,1140,0,2,2,1,0,46,17,0,3,0,1065,0,0,130,9,19,0,0,140,2,0,2,0,2,0,1,0,0,0,0,1788,0,0,0,0,0,0,0,0,21,0,0,3,0,32,1,62,1,65,0,0,124,0,0,150,31,1,0,2,0,0,0,0,0,38,0,1,1,0,7,5,0,0,0,32,21,69,10,0,0,0,0,0,59,0,17,0,0,9,3,0,0,2,0,0,2,0,0,81,18,2,0,1,73,2,0,0,0,6,34,30,0,0,0,0,0,3,3,0,0,2,45,0,0,0,81,0,1,1,0,6,3,2,0,2,5,0,0,9,0,0,0,0,0,69,0,45,0,0,1,21,6,0,4,0,1,0,16,0,0,0,5,5,76,2,0,0,0,0,5,0,0,0,0,0,1,34,5,53,182,0,0,1,0,0,1,0,0,2,753,4,0,17,1,120,0,0,0,0,2,1,29,12,2,5,25,36,0,3,0,0,467,0,69,9,82,5,0,207,0,0,10,0,16,15,0,40,0,0,8,1,0,0,3,0,0,1,6,0,1,54,5,0,5,0,2,0,7,1,0,0,0,0,3,66,0,0,307,0,0,0,0,3,1,804,1,0,323,0,0,0,0,0,12,46,0,0,0,0,7,0,56,0,0,67,0
"Subject_108",0,0,0,0,0,0,3,35,0,0,0,0,0,208,185,0,65,0,0,0,25,2,0,6,0,153,0,0,96,14,0,0,0,29,0,0,0,0,0,0,0,0,0,0,0,2,0,0,0,9,94,0,0,0,0,0,0,0,4,364,0,46,11,0,49,0,72,0,0,66,0,0,0,0,0,0,0,0,0,111,0,11,0,0,0,2,1,0,0,28,0,89,0,0,0,0,9,0,26,0,21,1,0,0,0,0,9,2102,0,0,0,0,0,299,29,0,0,0,2,0,0,0,4,7,3,0,0,0,0,0,6,83,0,0,0,0,29,0,0,0,29,0,3,0,6,7,0,0,0,2,2,0,0,11,1,0,30,0,6,0,0,54,0,0,0,34,0,0,0,0,0,2,10,0,0,0,0,0,77,0,0,0,0,0,1,0,43,92,0,0,0,55,0,26,0,0,0,0,8,0,4,0,2,0,0,28,1,148,2,155,0,0,0,0,0,0,51,0,524,0,57,0,0,0,0,0,0,6,0,0,2,0,0,21,91,0,30,0,0,0,52,0,0,0,0,8,8,0,0,0,0,2,0,0,0,22,2,0,3,6,0,0,5,4,0,2,0,22,0,3518,5,4,71,0,58,0,0,0,0,36,0,0,7,0,0,13,0,0,115,0,0,0,0,0,0,0,4,0,0,2,0
"Subject_109",0,0,0,0,0,0,2,0,0,2,0,0,0,20,2,0,0,0,15,2,74,6,0,0,3,521,0,0,10,24,242,34,0,174,0,0,139,166,8,0,2,112,0,2,0,3,1,7,0,0,20,0,22,0,3,0,0,0,0,9,0,9,0,0,0,2,57,0,0,0,11,0,0,6,17,0,7,0,0,40,6,2,412,0,49,0,0,0,0,0,69,0,2,22,0,6,0,0,0,0,7,0,0,0,2,0,33,1233,2,9,0,25,0,48,0,0,0,0,223,2,0,0,0,8,21,30,0,0,0,30,0,187,0,0,0,2,32,0,0,0,0,0,0,0,0,0,0,4,9,0,11,115,0,0,0,0,0,0,0,18,0,0,2,802,0,0,4,0,0,0,5,0,1,0,0,0,0,102,6,0,22,0,0,0,11,0,0,0,0,0,0,28,0,0,0,0,0,2,0,0,0,0,0,13,0,7,6,0,0,0,2,0,4,11,20,0,34,118,327,3,158,37,0,0,0,0,0,0,41,3,71,3,0,1,0,0,68,0,0,0,105,0,84,0,0,0,0,0,0,0,12,0,21,0,77,2,0,0,0,3,0,0,0,0,24,0,0,61,11,11,4,31,19,0,0,2,1,0,0,2967,4,0,76,0,0,0,2,0,0,4,0,0,0,0,0,0,3,114,0,59,0
"Subject_110",0,0,0,0,0,0,0,1,95,0,0,0,0,8,2,0,0,0,0,0,0,57,0,1,0,146,0,0,3,0,141,0,0,121,0,0,21,0,1,0,1,0,0,12,0,347,0,0,0,0,0,0,0,0,34,0,0,0,0,4,0,1,0,0,0,0,21,0,0,0,4,0,0,0,0,0,0,0,0,0,0,0,246,1,29,0,1,0,0,31,905,0,7,0,0,3,0,0,49,0,10,0,0,0,14,0,167,2762,0,0,0,0,0,82,0,14,0,5,0,1,0,37,0,6,1017,0,0,0,0,20,206,20,0,0,0,3,2,0,0,0,52,0,0,0,0,0,0,0,0,0,15,0,0,0,1,0,0,0,1,55,0,86,0,333,0,0,0,0,0,99,0,0,0,0,0,0,0,46,60,0,120,0,0,0,0,0,0,0,0,14,0,7,0,0,0,0,0,0,0,0,0,0,0,0,0,0,0,68,1,0,0,0,0,0,35,0,37,0,45,3,0,64,0,21,0,0,0,0,27,4,16,0,0,29,0,0,21,0,0,0,34,0,0,0,0,0,0,0,0,0,8,0,0,0,0,0,11,0,25,0,0,0,0,0,0,0,2,28,0,249,0,10,461,0,1,1,0,0,4,344,0,97,578,0,0,0,0,0,0,83,0,0,0,0,36,0,1,0,0,109,0
"Subject_111",0,0,0,0,0,0,2,0,0,0,9,0,0,0,0,0,0,0,19,0,0,47,0,0,0,435,0,117,0,143,0,0,0,0,5,42,0,2,0,13,0,412,0,0,0,5,0,0,0,0,0,0,0,0,0,0,0,0,0,183,0,0,11,0,0,0,0,0,7,423,0,0,0,0,0,813,0,0,0,0,0,2,0,0,0,372,0,0,0,0,0,14,0,0,0,0,0,0,2,0,0,255,0,6,0,0,39,235,27,0,0,0,0,0,0,0,3,2,426,18,0,0,0,68,25,0,32,0,0,0,6,0,113,0,31,0,48,0,0,0,0,0,0,0,157,0,0,5,24,0,0,0,5,33,2,0,0,0,0,13,0,0,0,0,0,0,0,0,0,31,0,0,36,0,0,0,0,22,0,0,0,0,0,0,24,0,2,0,0,0,0,32,0,0,12,0,0,0,0,0,0,70,0,0,0,430,17,0,0,0,0,0,0,0,2,3,0,3,0,0,82,0,0,0,0,0,106,0,0,4,0,3,0,976,0,0,0,0,0,52,0,0,246,0,0,205,4,0,0,0,0,0,6,0,0,0,61,0,15,0,0,0,0,0,0,2,0,0,40,1335,0,0,1346,0,0,0,2,0,2,11,0,0,0,0,0,0,0,0,102,40,0,4,0,14,14,0,0,0,0,0,0
"Subject_112",3,0,0,0,0,0,30,0,0,0,0,0,0,0,0,0,0,0,23,0,0,0,2,0,0,1818,0,19,92,0,77,0,0,0,0,0,0,207,0,0,0,0,0,0,0,0,0,0,0,0,0,0,22,0,0,0,0,0,0,0,0,0,13,0,0,0,52,0,0,0,0,0,0,0,0,0,0,0,3,0,0,0,0,0,0,0,0,19,0,0,0,69,0,0,0,0,0,0,38,0,0,0,0,0,0,0,0,763,0,16,0,0,0,50,13,3,5,0,0,0,0,0,0,72,0,0,0,0,6,0,0,0,0,11,0,9,0,13,0,0,18,0,0,0,0,0,0,0,23,0,0,0,0,25,2,0,0,0,0,0,0,0,0,2,0,30,0,0,0,0,0,0,0,0,0,0,0,0,0,0,0,0,0,0,0,0,0,0,0,0,0,0,0,0,0,0,33,0,0,0,0,0,0,0,0,0,0,31,0,68,0,0,0,0,0,0,0,0,0,0,0,0,0,0,0,0,0,0,38,0,0,0,0,394,0,0,0,0,0,0,0,5,0,0,0,0,0,0,0,0,0,0,0,0,0,0,0,0,0,0,0,0,0,0,0,0,0,0,0,4414,0,0,48,0,0,0,0,0,0,1210,0,0,0,0,0,0,0,0,0,0,79,0,0,0,48,0,0,0,0,90,0
"Subject_113",0,0,0,0,0,0,16,0,0,0,0,0,0,0,44,0,0,0,0,0,0,0,0,7,3,1207,0,0,24,0,531,0,0,47,0,0,3,43,2,0,0,6,0,0,0,146,0,0,0,0,4,3,0,0,0,0,0,0,0,0,0,0,0,0,0,0,109,0,0,0,11,0,0,0,0,105,0,0,0,45,0,0,0,0,0,0,0,0,0,40,0,7,7,0,0,0,0,0,0,0,0,0,0,0,20,28,10,414,0,0,0,0,0,102,0,0,1,0,0,2,4,0,0,10,54,0,0,0,0,0,0,104,0,0,0,1,1258,0,0,0,0,0,0,0,0,0,0,0,0,0,13,14,0,78,0,0,0,0,0,0,0,60,0,2,0,26,0,0,0,10,0,23,0,0,1,0,0,0,0,0,0,10,0,0,0,0,0,0,0,0,0,56,0,95,57,3,0,0,0,15,0,0,0,0,0,0,0,0,1,2,0,0,0,0,2,0,44,0,146,0,0,66,0,0,0,0,0,0,12,1,0,0,0,82,0,0,15,0,0,0,19,3,0,0,0,8,0,0,0,0,0,0,36,1,0,0,0,0,0,53,0,0,4,0,6,0,0,0,0,0,0,0,170,15,7,0,40,0,5,4240,0,0,0,0,0,0,0,0,1,0,0,0,10,0,11,0,41,0,0,82,0
"Subject_114",41,10,0,0,0,0,0,0,0,0,0,0,0,0,37,0,3,0,57,4,0,29,0,0,0,2736,0,0,61,19,60,0,0,50,0,0,17,0,0,0,0,198,0,0,0,3,0,0,0,0,0,0,10,0,0,0,0,0,0,7,0,0,0,0,0,0,8,0,0,3,0,0,0,4,0,0,0,0,0,11,0,0,0,0,0,4,0,0,0,41,0,0,0,0,0,20,0,0,13,0,13,0,0,0,0,25,141,107,0,0,0,0,2,93,0,0,0,0,46,5,0,0,0,0,43,0,2,0,3,0,9,98,4,0,3,3,0,0,0,19,2,0,0,0,0,0,0,0,0,0,4,0,0,0,0,0,57,0,2,4,0,54,0,0,0,27,0,0,0,0,0,0,0,0,0,0,0,0,10,0,0,0,0,3,0,0,21,98,0,0,0,11,0,7,0,0,0,0,0,2,0,0,0,26,0,0,0,16,3,0,0,0,0,0,5,0,0,0,445,0,46,0,0,0,0,0,0,0,17,7,194,0,0,607,0,0,8,0,3,19,0,0,91,0,9,4,0,0,0,0,0,0,0,0,0,0,0,0,0,5,0,0,0,2,0,0,0,0,0,177,0,2,909,0,0,0,0,0,0,2797,0,0,91,0,0,0,0,0,12,0,0,0,0,0,45,0,22,0,0,82,0
"Subject_115",12,0,0,0,0,0,46,0,0,0,0,0,0,0,16,0,0,0,8,0,0,0,0,3,0,2656,0,0,10,13,80,0,0,0,0,0,0,0,0,8,0,51,0,0,0,0,0,0,0,2,0,0,13,9,0,0,0,0,0,98,0,0,0,0,0,0,18,0,0,0,0,2,0,0,0,0,11,0,0,0,0,0,0,0,0,41,13,0,0,0,0,6,1,0,0,0,0,0,0,0,0,11,0,0,0,0,0,142,0,0,0,0,0,450,0,6,12,0,31,0,0,0,0,10,28,0,0,0,0,0,0,0,0,0,4,0,13,0,0,0,6,0,0,0,0,0,0,0,13,0,16,0,1,5,2,0,0,0,0,53,0,0,0,0,0,26,0,0,0,0,0,0,0,0,0,0,0,0,433,0,0,0,0,0,0,0,0,0,0,0,9,0,0,0,0,0,0,0,0,0,0,0,0,76,0,0,2,0,0,3,0,0,0,0,0,17,0,0,0,0,0,3,0,0,0,2,0,0,36,0,0,0,0,104,0,0,21,0,0,53,0,0,0,0,0,33,0,0,0,0,0,0,0,0,0,4,21,0,0,5,0,0,0,8,1,0,0,0,0,4,0,0,299,1,8,0,0,0,0,4755,0,0,0,0,0,0,0,0,0,0,0,0,0,67,1,0,10,0,0,84,0
"Subject_116",0,40,0,0,0,0,0,15,0,0,0,0,0,0,11,0,0,0,0,0,0,24,0,2,0,1740,2,0,27,0,35,0,0,107,0,0,0,65,0,2,0,0,0,0,0,49,0,2,0,1,0,0,0,0,19,0,0,3,0,0,0,0,1,0,0,10,0,0,0,0,4,0,0,0,0,0,0,0,0,1,0,0,0,0,0,75,325,0,5,101,0,22,27,0,0,24,1,0,79,0,9,1,0,0,0,0,0,642,0,0,0,0,0,94,8,2,2,0,65,0,0,0,0,8,28,0,0,0,0,0,35,91,0,0,0,0,8,7,0,0,14,11,0,0,0,0,0,0,1,2,21,42,0,23,2,0,0,0,0,0,0,64,0,0,0,38,0,0,0,0,1,0,0,0,99,0,0,633,0,0,139,0,0,0,1,0,0,0,0,0,0,37,4,0,0,0,0,5,0,0,0,0,2,0,0,6,0,51,0,0,0,0,0,0,0,1,32,0,166,0,0,12,0,0,0,0,0,0,75,0,0,0,7,196,160,0,9,0,0,0,19,63,0,0,0,0,0,0,0,0,0,4,0,2,16,2,38,0,2,0,2,0,0,1,0,0,0,0,0,657,0,70,188,0,8,0,2,0,1,2865,0,0,0,0,0,2,0,0,59,0,0,0,0,0,193,15,2,0,0,119,0
"Subject_117",0,0,0,0,0,0,0,0,0,0,0,0,0,5,22,0,0,0,0,0,0,0,0,0,0,3,0,0,86,0,0,0,0,120,0,0,97,0,6,0,0,0,0,134,0,507,0,0,0,0,0,0,0,0,0,0,0,0,0,0,0,0,0,0,0,0,187,0,17,0,0,0,0,0,0,0,0,0,0,0,0,0,0,0,454,7,2,0,0,0,0,0,0,0,0,0,0,0,127,0,0,0,0,0,6,0,0,3046,0,0,0,0,0,165,0,0,0,0,92,0,0,0,0,9,481,0,0,0,0,0,207,253,0,0,0,0,0,0,0,0,443,0,0,0,0,0,0,0,0,0,38,0,0,0,0,0,0,0,0,100,0,0,0,0,0,0,0,0,0,0,0,0,2,0,0,0,0,71,0,0,0,0,0,0,0,0,0,0,0,0,0,666,15,0,0,0,0,0,0,0,0,0,0,0,0,0,0,0,0,148,0,0,0,0,16,0,0,0,375,0,0,0,0,0,0,0,0,0,112,0,30,0,0,28,0,0,0,0,0,47,0,0,0,0,0,0,0,0,0,0,0,0,0,0,0,0,0,0,0,0,0,0,0,28,0,3,0,0,0,3,0,0,479,0,0,0,0,0,0,710,0,0,378,0,0,0,0,0,0,0,0,0,0,0,277,0,0,0,0,0,0
"Subject_118",0,0,0,0,0,0,0,0,0,0,0,0,0,0,13,0,26,0,12,0,393,0,0,0,0,19,0,0,23,141,257,0,0,75,0,0,0,138,0,17,0,85,0,0,0,0,0,0,2,0,3,0,0,0,313,0,0,0,0,364,0,0,0,0,0,0,160,0,0,0,70,0,0,101,0,0,11,0,0,680,0,0,0,0,0,113,0,0,0,136,0,0,0,0,5,0,0,0,0,0,0,11,0,0,0,0,0,400,0,0,0,30,0,241,0,10,0,0,89,2,0,0,0,11,51,92,0,0,30,0,178,325,0,0,0,0,75,0,51,0,8,0,0,0,0,0,75,0,51,0,20,30,0,0,3,0,0,0,0,38,0,0,0,0,0,0,0,0,0,0,12,0,1,0,0,0,0,135,0,0,0,0,0,0,0,0,0,231,0,0,0,39,5,0,0,0,0,0,0,0,0,0,0,1349,0,28,2,0,2,0,0,0,0,0,0,0,51,0,472,0,0,0,0,0,0,4,0,0,44,0,173,0,0,409,0,0,0,0,0,146,0,0,0,0,0,24,0,0,0,0,0,10,0,0,0,273,20,0,0,0,0,0,0,14,0,0,0,0,0,133,0,0,441,0,0,0,0,0,0,470,0,0,269,0,0,0,0,0,0,100,0,0,0,0,25,0,6,0,53,76,0
"Subject_119",10,0,0,0,10,0,10,0,0,1,5,0,0,0,49,0,0,4,13,0,0,26,0,11,0,2629,0,0,238,32,9,0,0,60,19,5,0,41,0,0,0,182,0,10,0,31,189,1,0,0,2,0,10,40,5,0,0,0,0,81,13,0,0,193,0,0,27,0,0,0,7,1,0,8,0,0,3,0,0,11,0,0,215,0,0,28,0,0,0,31,2,15,0,0,0,0,0,0,34,0,14,7,0,0,2,0,0,94,0,37,0,6,0,157,13,5,0,1,64,4,0,12,0,0,13,0,2,0,38,0,0,241,2,0,3,9,60,0,0,0,9,0,39,4,0,0,0,16,19,0,8,0,3,0,0,0,0,0,7,105,0,40,0,2,0,40,21,0,0,2,2,0,0,1,0,7,2,7,0,8,82,0,0,0,0,0,1,0,53,0,1,65,4,16,0,0,156,1,0,0,0,0,2103,2,46,113,0,26,0,5,0,0,0,3,2,0,30,11,0,0,0,11,0,0,0,0,147,0,3,1,146,0,0,262,0,0,35,0,0,0,57,0,68,0,0,4,0,0,0,0,0,6,13,0,40,90,3,0,2,19,4,0,0,13,3,0,12,0,5,261,17,0,90,0,0,0,0,0,6,277,0,0,147,0,0,0,0,0,0,25,0,0,0,6,8,4,43,6,0,12,0
"Subject_120",8,61,0,0,0,0,3,0,0,0,0,0,0,0,11,0,0,0,8,0,0,8,0,32,0,4427,0,0,244,0,264,0,0,0,0,0,0,0,0,0,0,0,0,0,0,229,0,0,0,0,0,0,4,0,5,0,0,0,0,228,0,0,2,2,0,0,7,0,0,0,5,0,0,0,0,0,0,0,0,79,0,2,190,0,0,0,133,0,0,0,0,30,0,0,0,137,0,0,0,0,0,2,0,0,3,0,0,11,0,13,0,0,0,373,0,18,0,8,0,0,0,0,0,0,0,0,0,0,0,0,2,76,0,0,0,0,9,10,0,0,13,0,0,0,0,0,13,0,0,0,10,0,0,0,2,0,0,0,0,26,0,0,0,0,0,0,0,0,5,0,15,0,0,0,0,0,0,1,187,0,0,0,0,3,0,0,0,0,0,0,0,0,0,0,0,0,0,0,0,0,0,0,0,1,0,93,6,0,8,17,0,0,0,0,0,0,66,6,0,0,0,3,0,34,31,0,0,254,6,0,9,0,0,265,0,0,7,51,0,16,0,0,0,0,0,0,0,0,0,0,0,3,0,0,2,5,13,0,0,11,0,0,0,0,2,0,0,0,0,109,0,34,78,19,0,2,0,1,0,1927,0,0,0,0,1,0,0,0,0,0,0,0,0,0,0,0,12,0,0,0,0
"Subject_121",8,0,0,0,0,0,0,0,0,0,4,0,3,0,13,0,0,13,6,0,0,82,0,3,0,2,0,0,10,5,606,0,35,121,0,0,0,329,0,0,0,200,0,0,0,58,0,0,0,0,0,0,10,0,29,0,0,0,0,116,0,0,0,0,0,0,4,0,3,0,108,0,0,0,0,0,3,0,0,132,0,1,3,0,0,1,0,0,0,185,0,12,33,0,0,0,0,0,0,0,40,0,0,1,8,0,236,264,5,0,0,0,0,208,18,16,0,5,13,0,0,0,0,0,235,0,0,0,1035,0,0,350,0,12,0,2,20,0,0,0,2,0,0,0,0,548,7,0,19,0,13,0,0,4,0,0,0,0,0,62,0,12,0,0,0,34,0,0,0,0,0,0,0,23,14,0,0,0,393,3,0,12,0,0,9,0,0,0,0,0,0,51,3,7,55,0,0,0,9,0,8,1,0,0,0,6,2,24,0,4,0,0,0,0,144,1,86,69,9,0,98,0,0,2,0,0,0,0,306,4,374,0,0,193,0,0,16,7,0,2,103,155,0,0,0,0,0,50,0,0,0,74,32,0,21,1,1,0,24,0,1,0,0,1,0,0,0,0,0,15,0,130,130,0,0,0,0,2,56,1124,1,0,506,0,0,0,0,6,0,39,0,0,0,0,178,0,4,0,0,105,0
"Subject_122",0,0,0,0,0,0,0,16,164,0,0,0,0,0,0,0,0,0,0,32,49,174,0,0,0,0,0,0,14,32,0,0,0,311,0,0,0,0,0,0,0,17,33,22,0,131,0,0,0,0,0,8,0,0,0,0,0,0,0,344,0,23,0,0,0,0,0,0,7,79,316,0,4,34,0,0,0,0,8,260,0,0,0,0,1278,0,0,0,0,0,0,53,0,0,0,0,0,0,196,0,0,4,0,0,39,0,341,0,0,97,0,0,13,385,0,0,0,0,52,14,23,0,0,43,44,0,0,0,0,0,42,13,0,0,0,0,0,0,0,0,0,0,2,0,0,0,70,4,0,2,7,9,0,0,0,0,3,0,0,294,0,0,0,0,0,0,0,1,6,0,56,0,0,0,0,0,0,387,373,0,0,0,0,0,0,21,0,0,0,0,0,51,0,198,0,0,0,0,0,0,0,9,0,776,0,27,0,0,2,1,2,142,0,0,14,0,570,102,89,6,134,0,0,0,0,0,0,0,93,0,0,0,0,384,0,0,0,0,0,0,0,0,156,0,0,0,0,3,0,0,0,8,35,0,182,0,0,0,175,45,0,0,0,7,0,2,0,0,0,0,0,0,0,0,0,0,10,12,0,0,0,0,496,3,0,0,0,0,0,95,0,0,0,0,144,0,3,0,0,68,3
"Subject_123",0,0,4,0,0,0,0,14,0,0,0,0,0,0,37,0,4,1,0,2,31,11,0,6,0,745,2,0,3,183,0,0,0,39,0,0,12,74,0,2,0,0,0,0,0,109,0,2,0,0,0,0,0,0,31,1,0,0,0,88,3,6,0,23,0,4,45,33,0,80,0,3,1,2,0,0,0,0,0,16,0,0,7,1,23,7,2,0,0,23,0,4,0,0,0,0,0,0,60,0,10,10,16,3,0,15,0,543,3,254,0,62,0,67,9,0,104,0,35,6,0,0,0,6,33,198,0,0,7,0,46,3,0,0,0,0,27,0,0,0,16,0,2,0,108,110,2,0,1,1,1,0,0,4,1,0,0,0,8,0,0,46,0,1557,0,21,0,0,0,0,5,0,2,0,0,0,0,168,33,1,0,0,0,0,1,0,0,0,0,0,0,41,2,19,0,0,0,5,8,0,69,0,0,2,0,3,5,165,1,4,8,0,0,21,2,1,63,26,150,2,0,58,0,0,0,0,111,0,93,4,12,0,0,76,0,0,5,0,0,17,16,0,0,102,0,0,0,0,0,0,0,4,0,0,9,13,19,0,17,7,1,0,2,3,0,0,0,0,33,1828,0,85,687,0,2,0,0,0,2,701,0,0,13,0,0,0,0,0,0,16,0,0,0,0,106,0,28,0,0,37,0
"Subject_124",0,4,2,0,0,1,0,3,0,0,0,0,7,55,1,0,0,0,9,2,0,24,0,37,0,2,0,0,6,8,424,0,0,41,0,0,0,23,0,8,1,61,0,0,0,3,0,0,0,0,3,0,7,0,48,0,0,0,0,132,0,3,0,0,0,0,16,0,0,28,103,1,0,2,0,0,7,0,0,106,0,0,448,0,0,8,1,0,0,27,0,3,3,0,0,0,0,0,0,0,20,17,0,0,0,62,0,109,0,0,0,0,0,64,4,19,0,0,22,0,0,9,0,7,0,0,0,0,17,0,0,14,0,6,0,0,2,0,0,10,2,0,0,0,0,0,16,0,24,83,3,14,0,18,0,0,0,0,0,62,0,30,0,470,1,22,0,0,0,0,0,0,0,0,0,0,0,0,4,0,0,0,0,0,8,0,0,0,0,0,4,48,2,0,0,0,0,0,0,1127,0,0,1,107,0,4,4,68,0,4,4,0,0,0,2,0,53,61,0,11,0,48,0,0,0,0,0,0,77,14,13,0,0,71,131,0,12,0,0,10,97,2,0,0,0,0,0,0,0,0,0,1,0,0,0,7,2,0,3,7,0,0,32,4,6,0,0,0,0,521,0,0,677,0,8,0,0,2,0,3375,1,0,100,0,0,137,0,5,26,0,0,0,0,0,0,0,293,0,0,7,0
"Subject_125",0,6,0,0,0,0,0,0,0,0,0,0,6,0,84,0,0,0,7,0,39,26,0,0,0,516,0,17,30,4,527,0,7,142,0,0,0,122,0,0,0,83,0,85,2,31,0,0,0,0,2,0,11,4,30,0,0,0,0,0,0,38,49,0,0,0,10,0,14,0,17,0,0,12,0,0,8,0,0,43,0,5,3,0,8,4,0,2,0,36,0,16,0,0,0,0,0,0,92,0,0,0,13,2,0,0,24,10,14,0,0,29,0,99,0,0,0,0,7,0,0,0,0,304,246,0,0,0,3,0,52,141,0,0,0,0,468,0,0,0,0,6,0,0,0,0,0,0,46,69,2,3,0,11,2,0,0,0,0,59,0,0,0,0,0,0,0,0,0,0,0,0,1,0,0,0,0,0,64,0,0,0,0,0,2,0,0,0,0,0,0,44,0,0,0,24,0,0,0,0,283,0,0,0,1503,9,0,0,0,51,0,0,0,6,0,0,119,0,94,20,0,0,0,0,0,0,3,0,52,0,174,0,0,2098,0,0,0,0,3,0,0,0,0,0,0,0,0,0,0,0,255,0,2,0,0,0,0,0,0,0,2,0,0,0,0,0,0,0,0,106,0,57,178,0,0,0,0,0,15,361,0,0,265,0,0,0,0,0,22,58,116,0,0,0,209,0,0,0,0,58,0
"Subject_126",1,0,0,0,0,0,0,1,0,0,1,1,0,8,392,0,0,2,2,1,21,8,1,2,2,1206,0,0,37,5,33,8,2,35,0,0,1,1,0,0,1,27,9,31,0,3,0,0,0,0,0,4,4,0,1,0,0,1,0,1,0,1,0,0,79,0,54,1,0,0,1,0,1,4,0,0,1,0,0,1,1,0,0,0,1,0,0,0,1,15,0,1,1646,0,14,0,0,0,5,0,5,0,0,1,1,0,2,152,21,2,4,24,0,8,4,1,0,0,8,4,0,0,0,121,86,252,0,0,2,0,0,20,6,3,0,0,3058,0,0,0,6,0,12,0,47,42,1,0,5,0,1,0,0,9,0,0,0,0,4,3,0,5,1,2,0,13,0,0,0,0,0,1,0,0,0,0,0,0,9,1,0,0,0,0,1,0,0,0,0,0,0,5,1,33,11,0,0,0,0,0,2,0,0,2,52,1,1,15,0,4,0,0,1,0,2,1,4,0,2,2,2,0,0,2,0,0,0,0,12,1,2,0,0,213,0,0,2,0,0,0,7,61,0,0,0,0,0,1,1,0,18,1,1,0,1,1,0,0,1,1,1,0,0,1,0,0,0,0,2,489,0,3,425,0,3,0,0,0,1,847,0,0,2,2,0,0,0,0,0,24,20,0,0,0,26,0,3,40,0,39,0
"Subject_127",4,0,0,0,0,0,1,0,0,0,0,0,0,294,48,0,0,0,34,0,0,0,2,0,0,2407,0,0,14,132,71,0,0,47,0,0,0,160,0,17,5,85,0,0,0,46,0,0,0,0,0,0,0,0,0,0,0,0,0,260,0,135,0,0,0,0,17,0,0,89,0,0,0,0,0,0,0,0,0,127,0,0,0,0,0,0,0,0,0,26,0,5,0,55,0,0,0,0,25,0,21,0,0,0,5,48,356,248,49,261,0,0,0,20,0,0,51,0,119,0,6,0,0,4,17,0,0,0,0,0,8,253,0,0,0,7,171,0,0,0,0,0,0,0,0,0,0,0,0,0,6,26,0,45,0,0,0,0,323,26,0,31,0,81,0,28,0,0,0,4,7,0,9,0,0,0,0,122,128,0,0,0,0,0,0,0,0,0,0,0,0,0,0,6,48,0,0,3,0,0,0,0,0,0,1,15,0,13,0,0,0,0,27,0,0,0,9,0,0,5,21,23,0,0,0,0,0,0,0,16,83,0,0,16,135,0,24,0,0,0,16,0,0,0,0,0,0,0,0,26,246,6,0,0,0,0,0,0,11,0,5,0,32,0,6,0,0,0,55,25,7,0,158,0,0,0,0,0,4,1966,0,0,94,0,0,0,0,0,225,0,0,0,0,0,7,0,4,0,0,79,0
"Subject_128",0,0,0,14,0,0,1,0,0,0,1,0,15,382,18,0,0,0,16,2,0,11,0,0,0,689,0,37,0,0,0,0,0,35,0,0,65,54,0,20,0,382,0,58,0,91,0,0,0,0,0,0,0,0,0,0,0,0,0,87,0,29,0,0,0,3,20,0,0,0,69,2,0,31,0,0,0,0,0,7,0,3,0,0,464,8,5,0,0,175,0,0,0,0,0,0,0,0,4,0,29,0,0,1,0,68,8,1071,37,0,0,0,0,26,48,0,0,1,209,0,11,6,0,20,72,4,0,358,0,0,21,584,288,0,0,0,19,0,0,27,30,0,0,0,0,0,23,0,32,27,71,0,0,11,1,0,0,0,2,34,0,158,0,3,0,59,0,0,0,0,17,0,2,0,3,0,0,2,0,0,6,0,0,0,3,0,0,0,0,0,10,163,0,0,0,0,0,0,24,0,0,0,6,2,0,13,0,142,0,0,0,0,4,0,4,0,3,2,0,8,0,4,0,0,0,0,0,0,13,2,96,0,0,112,365,0,20,159,0,0,54,0,0,0,0,0,3,0,0,0,0,3,0,0,20,11,1,0,4,163,0,0,0,9,0,0,0,0,0,191,0,69,930,0,0,0,3,0,0,690,0,0,286,0,0,0,0,0,86,20,0,0,0,0,2,19,0,0,0,91,0
"Subject_129",0,0,0,3,0,0,1,0,1,0,0,0,4,0,2,0,0,0,8,0,71,47,0,1,0,2,0,0,0,0,499,182,0,124,0,0,0,187,0,0,0,39,0,85,0,73,0,4,0,0,0,0,0,0,0,0,0,0,0,0,0,0,0,0,0,78,65,0,7,0,15,0,0,16,0,0,0,0,0,166,0,0,178,0,0,0,0,1,0,61,12,0,11,0,0,77,0,0,84,0,0,0,0,0,2,39,0,2739,0,0,0,0,0,164,41,17,0,52,49,0,0,0,0,22,7,0,0,0,0,0,0,304,0,0,0,2,0,0,0,0,3,0,0,0,0,0,0,0,21,0,8,0,12,0,0,0,0,0,41,26,0,18,0,0,0,22,0,0,0,0,0,0,2,1,0,0,0,29,487,0,77,0,0,0,4,0,0,0,0,0,0,47,0,12,0,0,0,0,0,0,0,18,0,122,0,30,0,11,0,0,0,0,0,0,9,0,0,0,5,0,18,0,0,0,0,48,0,0,44,0,0,0,0,396,0,0,18,0,0,0,14,9,0,0,6,0,0,1,0,0,200,0,0,0,18,8,1,0,0,7,0,0,0,0,0,0,0,0,0,986,0,0,62,0,1,0,0,0,0,1253,0,0,80,2,0,0,4,0,144,12,0,0,0,0,25,0,2,83,0,17,0
"Subject_130",45,0,0,0,0,0,0,14,0,0,0,0,22,162,68,0,0,0,11,8,48,12,0,3,0,1157,0,0,51,0,0,0,12,14,0,0,0,61,0,0,3,50,0,58,0,63,0,0,0,0,0,0,26,0,6,0,0,0,0,39,0,72,0,0,0,0,105,0,50,0,25,0,0,33,0,0,0,0,1,2,0,0,1,0,114,25,1,0,0,37,0,39,218,0,0,1,0,0,6,0,42,0,0,0,5,0,20,257,15,5,11,0,0,79,10,1,0,0,19,19,0,0,0,39,7,239,0,0,0,0,0,27,27,0,0,81,91,0,0,18,0,0,0,0,0,0,0,0,25,0,3,0,0,15,0,0,0,0,0,0,0,23,0,192,0,26,5,0,0,0,0,0,2670,0,0,0,0,0,5,0,0,0,0,0,0,0,0,0,0,15,0,33,0,28,0,0,0,0,0,0,0,0,0,2,0,4,0,76,2,18,0,0,0,0,2,1,28,0,2,12,0,0,0,0,0,0,34,0,61,0,105,0,0,446,0,0,15,0,0,0,21,54,0,0,0,0,0,0,0,0,69,0,0,0,0,6,0,0,0,4,4,0,0,1,0,0,0,0,0,696,8,0,216,0,0,0,0,0,0,1182,1,0,9,0,0,0,0,0,0,0,0,0,0,0,39,0,4,74,0,87,0
"Subject_131",0,0,3,0,0,0,50,0,0,0,0,0,2,0,5,0,0,0,5,85,0,0,0,4,0,2665,0,13,2,0,0,0,0,309,0,0,7,136,0,0,1,77,0,0,0,1058,0,5,0,0,2,0,7,0,0,0,0,0,0,0,0,0,0,0,0,0,5,0,159,0,0,2,0,0,0,1,6,0,0,3,8,18,30,2,23,5,0,10,0,122,0,2,4,16,0,1,0,0,0,0,8,0,0,22,0,21,104,2,0,22,0,0,0,76,8,0,0,1,48,2,0,0,0,199,198,0,0,0,0,19,59,40,11,0,3,89,8,0,0,5,2,0,0,0,0,0,2,0,0,0,15,0,0,6,0,0,0,0,116,0,0,19,3,2,0,28,0,0,0,0,0,0,10,0,0,0,0,0,514,0,6,0,0,0,1,0,0,0,0,0,0,39,0,3,0,0,0,0,0,0,0,0,0,19,0,4,0,12,0,2,0,0,0,0,41,0,25,101,0,11,0,2,0,17,0,0,0,0,62,5,55,0,0,362,0,0,5,0,0,2,15,0,0,0,0,0,0,0,0,0,101,0,26,0,10,0,1,0,6,0,0,0,0,0,2,0,0,0,145,1,0,2,148,2,3,0,0,2,0,1086,0,0,851,0,0,1,0,1,13,6,0,0,1,0,0,0,2,0,0,296,0
"Subject_132",0,0,0,0,0,0,2,1,0,0,0,5,0,395,3,0,0,0,0,2,36,16,0,2,2,1653,0,20,1,0,2,39,0,54,0,0,0,54,0,0,0,110,314,87,0,544,0,0,0,0,0,0,10,0,0,0,0,0,18,449,5,0,0,0,2,0,159,0,0,0,8,0,0,44,0,0,0,0,0,0,0,0,0,0,36,0,0,0,0,16,0,0,6,0,0,2,0,0,36,0,29,0,0,0,0,29,0,762,15,0,0,0,0,395,14,5,0,0,119,0,0,0,0,12,13,26,0,0,2,0,0,177,0,0,0,0,0,0,0,35,27,0,0,0,0,0,0,0,16,0,9,0,0,28,0,2,0,0,150,50,0,0,0,0,0,0,0,0,0,0,0,0,0,0,0,0,0,0,471,0,15,0,0,0,28,0,17,1,0,0,0,123,1,37,47,0,0,0,0,0,11,0,0,0,0,20,0,0,0,2,0,0,26,0,0,0,139,0,12,4,0,0,0,0,0,0,0,0,93,0,114,0,0,73,225,0,0,0,0,0,62,217,0,35,0,0,0,0,0,0,0,0,0,0,0,13,0,0,0,0,22,0,0,0,0,0,0,0,0,217,0,8,103,0,0,0,0,0,3,1268,3,0,60,0,0,0,1,1,27,0,0,0,0,0,2,2,433,0,0,11,0
"Subject_133",0,0,0,6,0,0,1,0,0,0,0,0,0,0,14,0,0,0,0,0,0,0,0,4,2,2123,0,8,22,3,0,0,0,0,0,0,0,0,0,8,0,62,0,0,0,0,0,0,0,0,0,0,0,0,0,0,0,0,0,0,0,0,8,4,0,0,0,0,17,0,0,0,0,0,0,0,0,0,0,0,0,0,74,0,0,26,0,0,0,0,0,9,0,0,0,6,5,4,0,0,11,0,0,0,0,0,0,1313,0,0,0,0,0,0,0,0,3,0,0,0,0,0,0,6,0,0,0,0,0,0,0,0,0,0,4,1,0,10,0,9,0,0,0,0,0,516,0,0,24,37,0,0,0,0,0,0,0,0,0,0,0,11,0,0,0,31,0,0,0,0,0,0,2,0,0,0,0,0,0,0,0,0,0,0,9,0,0,0,0,1,0,6,2,0,0,0,0,0,0,0,0,0,0,374,1,0,0,8,0,10,0,0,0,0,0,0,0,0,263,0,0,120,0,0,0,0,0,0,0,0,0,0,0,0,13,0,92,0,0,11,0,0,0,0,7,343,0,0,0,0,0,0,0,2,0,0,0,0,0,0,0,0,0,13,0,0,0,0,0,5,0,0,186,0,0,0,0,0,11,3770,0,0,369,0,0,0,0,0,0,0,0,0,0,0,0,0,4,0,0,0,0
"Subject_134",0,0,0,0,0,0,0,2,0,0,0,0,4,77,0,0,0,0,0,0,0,0,0,0,0,3955,0,0,0,0,0,0,106,0,0,0,0,8,0,0,4,0,0,37,21,0,0,0,2,0,0,2,0,0,0,0,0,0,0,0,0,0,0,0,0,0,24,0,44,0,125,0,0,0,3,0,0,0,0,4,0,0,0,0,0,0,96,0,0,0,1,16,3,0,0,0,104,0,70,59,0,0,0,0,0,0,0,0,150,3,0,0,0,427,0,30,0,4,87,0,0,0,0,0,778,0,0,0,0,0,0,0,0,0,0,0,1,0,0,15,42,0,0,0,0,0,0,0,0,0,36,0,0,0,2,0,0,0,0,0,52,0,0,0,0,0,0,0,0,0,0,0,0,0,0,0,0,0,9,0,0,0,0,0,0,0,0,0,0,0,0,0,3,0,0,0,0,0,0,0,0,0,0,0,0,0,0,0,0,0,0,0,11,0,0,0,175,0,0,0,0,0,0,0,0,0,0,0,0,0,0,0,0,688,0,0,0,0,0,0,0,0,0,0,0,0,0,10,0,0,34,0,0,0,0,0,0,0,0,0,0,0,0,6,0,0,0,0,0,35,0,0,2215,0,33,0,5,0,9,0,0,0,262,0,0,0,0,3,42,0,0,0,0,0,0,0,26,0,0,38,0
"Subject_135",15,3,0,0,0,0,15,45,0,0,0,0,7,0,0,0,0,0,0,0,0,30,0,9,0,88,0,0,77,0,107,0,0,98,0,0,0,551,0,18,0,266,0,18,0,0,0,0,0,0,0,0,0,0,169,0,0,0,0,219,0,0,0,0,6,0,102,0,0,34,23,0,0,0,0,0,0,0,0,0,0,12,0,0,0,0,2,0,0,0,728,191,0,0,0,3,0,0,12,0,0,0,0,0,0,0,0,422,3,545,0,0,0,0,17,2,3,2,277,2,0,0,0,11,0,0,0,0,0,0,0,0,0,0,0,0,9,0,0,0,11,0,0,0,0,0,0,0,55,0,0,7,0,22,2,0,0,0,10,41,0,0,0,0,0,0,0,0,0,0,0,0,3,0,0,0,0,116,96,0,0,0,0,0,0,0,0,0,0,0,0,65,0,0,0,0,0,0,0,0,0,0,0,0,358,46,3,16,0,0,0,0,0,18,0,0,171,0,0,4,76,0,0,0,0,2,0,0,0,0,0,0,0,99,0,0,0,0,0,0,0,0,0,0,45,0,0,0,0,0,0,0,0,0,0,7,10,0,8,0,0,0,8,0,0,0,0,5,0,182,0,41,61,0,0,0,0,0,0,3922,0,9,64,0,0,0,0,0,108,0,0,3,0,0,35,12,6,0,0,112,0
"Subject_136",0,119,0,0,0,2,0,30,0,2,6,3,5,5,8,0,0,0,7,7,9,39,5,5,0,2,1,0,61,0,758,0,47,165,0,0,5,63,2,0,1,52,0,9,0,238,3,7,0,0,29,0,19,0,24,0,0,0,0,16,2,2,0,1,0,1,41,0,101,284,6,0,2,2,0,1,9,5,0,14,13,0,563,0,37,45,14,0,0,35,0,11,186,0,0,0,0,0,16,0,23,0,0,43,4,0,13,194,12,0,0,114,0,70,25,2,0,1,79,0,0,0,0,9,25,0,0,0,3,126,38,17,13,0,0,59,2,0,0,0,2,0,0,0,0,0,72,0,26,0,20,2,0,16,1,0,0,0,0,81,0,50,4,115,0,36,4,0,0,26,3,0,0,0,0,0,0,141,148,3,0,0,0,0,44,0,0,0,0,0,0,175,0,0,0,1,0,47,0,0,0,0,0,0,0,35,16,193,3,2,0,0,0,8,7,3,44,76,47,4,42,54,0,22,0,0,115,0,2,29,46,6,5,457,0,19,49,0,3,0,18,0,0,0,0,0,0,0,0,0,4,3,24,0,14,81,1,4,7,95,0,64,0,3,237,0,0,133,4,106,4,65,124,0,0,1,5,3,3,2087,1,0,475,0,0,0,0,0,18,21,0,0,0,0,0,1,8,0,0,67,0
"Subject_137",0,2,16,0,0,0,0,30,0,0,0,0,0,88,102,0,0,0,0,0,58,3,2,0,0,567,0,0,3,0,158,0,0,106,4,0,365,26,0,0,0,0,0,0,0,0,0,0,0,0,0,0,0,0,13,0,0,0,0,16,0,45,0,1,0,1,3,0,0,17,13,0,0,28,0,0,0,0,0,15,0,1,0,0,88,0,0,0,0,64,14,4,0,0,0,0,0,0,0,0,43,0,0,0,0,0,2,1862,0,0,0,2,0,147,0,0,5,0,549,2,3,0,0,6,157,0,138,0,10,0,0,109,0,0,0,0,0,0,0,0,0,0,0,0,0,0,2,0,5,50,0,0,0,0,1,0,0,0,28,48,0,0,0,2,0,26,0,0,0,11,0,0,2,0,0,0,0,2,143,0,0,0,0,0,0,0,0,0,0,0,0,96,0,0,0,0,3,0,12,0,0,0,1,2,0,7,0,158,0,2,0,0,0,0,7,0,13,2,0,20,18,0,0,0,0,0,0,0,72,0,189,8,0,209,260,0,9,0,0,0,0,0,0,0,0,66,0,0,0,0,5,0,0,0,0,5,0,0,13,0,0,0,4,2,0,0,0,27,0,44,31,0,113,0,10,0,0,0,0,2762,0,0,236,0,0,0,0,0,4,0,0,0,0,0,235,0,3,0,50,105,0
"Subject_138",0,0,0,0,0,0,2,0,0,0,0,0,0,107,32,0,0,0,0,0,106,76,0,2,0,1,0,20,6,0,0,0,0,0,0,0,0,0,0,0,3,278,0,0,0,0,0,0,0,0,0,0,18,0,0,0,0,11,0,419,0,0,0,0,0,0,180,0,7,0,0,4,0,2,0,0,11,0,12,0,0,0,6,0,870,2,40,0,0,0,0,12,17,0,0,0,21,0,0,0,0,0,16,0,18,0,0,2741,0,0,0,0,0,311,0,0,0,0,0,7,14,0,0,8,26,0,0,0,0,0,0,525,0,0,4,0,2,0,0,13,253,0,0,0,0,0,47,0,31,0,5,0,0,60,0,0,0,2,0,128,0,0,0,0,0,0,0,0,0,0,0,0,0,0,0,0,0,0,0,0,0,0,0,0,15,0,0,0,0,0,2,0,5,0,0,0,0,0,0,0,0,0,0,0,0,9,0,0,0,0,1,0,0,0,0,2,54,165,0,0,0,70,0,0,0,0,0,0,0,0,83,3,0,5,0,0,0,0,0,0,0,0,0,0,5,0,0,0,0,0,0,0,0,0,0,9,66,0,0,0,0,0,0,5,0,0,0,0,0,14,0,0,65,220,0,0,0,0,0,2423,0,0,306,0,0,0,0,0,0,0,0,0,0,0,0,0,3,0,0,0,0
"Subject_139",0,0,0,0,0,0,2,2,0,0,3,2,0,0,150,0,0,0,44,0,16,4,0,1,0,67,0,0,9,2,1,9,50,53,0,0,16,2,0,10,0,98,0,17,0,9,0,1,0,0,1,0,31,5,4,0,0,17,0,2,0,18,0,3,0,7,1,0,0,15,3,2,0,10,0,0,0,0,0,2,0,3,9,0,60,5,0,0,0,108,0,2,72,0,0,2,0,0,14,0,0,0,0,3,7,0,219,611,0,277,6,5,0,179,0,2,3,3,6,3,0,0,0,7,146,0,0,0,1,0,0,1171,0,57,24,0,3,0,0,0,7,0,0,0,0,0,2,2,34,7,3,1,0,21,2,0,0,0,0,2,0,0,0,0,0,26,0,0,0,2,0,0,18,0,0,0,4,1,41,2,0,0,0,0,2,0,0,2,0,0,0,21,8,0,0,0,0,2,0,0,666,0,0,1,0,9,2,0,0,2,0,0,0,2,1,3,51,1,46,0,0,3,0,0,0,0,3,0,51,0,72,3,0,285,0,0,7,0,0,0,0,0,0,1,0,2,0,0,0,0,9,2,3,0,2,2,0,0,2,0,1,0,0,2,1,0,0,0,51,375,1,2,379,0,3,0,1,0,6,3825,2,0,11,0,0,0,0,0,4,12,0,0,0,0,99,81,0,12,0,10,0
"Subject_140",0,0,5,0,0,0,0,0,0,0,3,0,0,0,19,0,10,0,13,20,4,17,0,0,0,3461,2,0,4,0,157,0,0,209,0,0,0,3,12,18,0,97,0,67,0,0,0,2,0,0,0,0,0,33,30,6,0,0,0,41,9,0,6,0,0,0,19,0,0,0,0,2,0,3,0,0,10,0,0,6,0,12,0,2,0,20,0,0,0,17,0,8,0,0,0,0,0,0,76,0,0,33,0,49,0,79,139,41,0,29,0,0,0,153,0,0,0,2,134,0,17,0,0,0,446,73,0,0,30,0,33,104,0,0,4,0,31,0,0,0,305,0,0,0,3,0,10,26,35,0,18,38,0,25,2,0,0,0,10,164,0,0,0,0,0,0,0,0,0,0,2,0,0,0,17,0,0,0,35,0,0,0,0,0,5,0,0,0,0,0,0,16,0,0,0,0,0,0,0,0,0,0,0,72,2,15,12,0,5,1,0,0,2,0,11,2,101,27,2,0,0,3,0,0,0,0,0,0,87,3,89,8,0,168,0,0,24,0,0,0,0,0,0,84,0,0,0,0,0,0,0,0,13,0,4,55,4,0,3,0,0,0,0,5,0,0,0,0,0,1027,0,23,910,0,0,0,0,0,4,5,0,0,620,0,0,0,0,0,0,14,0,0,0,2,38,7,5,4,0,22,0
"Subject_141",0,0,0,0,0,0,0,0,0,0,0,0,0,0,2,0,0,0,0,0,0,9,0,0,0,2259,0,0,0,0,3,0,0,25,0,0,25,29,0,0,0,0,0,5,6,0,0,0,5,0,0,2,0,0,0,0,0,0,0,0,0,0,0,27,0,0,203,0,0,0,0,0,0,0,0,0,0,0,0,65,0,0,334,0,0,14,774,0,0,4,0,0,2,0,0,0,0,0,25,2,0,0,0,0,0,0,0,4047,11,9,0,0,0,58,0,0,0,3,7,0,0,0,18,5,13,0,0,18,0,0,0,0,0,0,0,0,1,0,0,2,27,0,0,0,0,0,24,0,0,0,0,0,18,0,0,0,0,0,0,0,0,0,0,0,0,0,0,1,0,0,3,0,0,0,0,0,0,0,4,0,0,0,0,0,0,0,0,0,0,0,3,0,0,0,0,0,0,0,0,0,0,0,0,0,0,105,0,0,0,4,0,0,0,0,0,0,3,0,291,0,0,0,0,0,0,0,0,0,0,0,0,0,0,24,0,0,0,0,0,0,0,0,0,0,15,86,0,0,0,0,0,0,0,0,0,0,159,0,0,0,0,0,0,0,0,0,0,0,0,2,0,0,79,0,0,0,0,0,0,1127,0,0,5,0,0,0,0,0,0,0,0,0,0,0,6,0,7,0,0,0,0
"Subject_142",0,0,0,0,0,0,0,31,0,0,0,0,2,46,18,0,0,0,0,0,23,28,0,0,0,1356,2,0,4,16,355,2,0,49,0,0,25,105,5,0,0,0,0,33,0,2,0,2,0,0,0,0,0,0,7,0,0,0,0,9,0,75,0,0,0,4,28,0,0,0,18,0,0,31,0,0,0,0,0,64,0,0,154,0,1,3,71,2,0,178,0,6,122,0,0,180,0,0,57,0,0,0,0,0,2,10,0,187,7,0,0,0,0,1365,7,2,0,8,91,0,0,0,0,19,1195,44,0,0,0,32,3,91,0,0,0,0,28,0,0,0,13,0,0,0,0,0,0,2,0,0,14,9,0,0,4,0,0,0,12,1,0,0,10,252,0,0,0,0,0,0,14,0,0,0,0,0,0,18,125,0,62,0,0,0,0,0,0,0,43,0,0,49,0,6,0,0,0,3,0,0,0,0,0,0,2,143,0,0,2,0,0,0,0,31,136,0,17,9,103,6,0,32,0,0,0,17,34,0,61,0,74,0,0,353,0,0,0,0,0,39,0,0,0,10,0,0,0,0,0,3,247,0,12,0,7,112,7,0,26,38,6,59,0,11,0,0,0,0,0,196,0,45,78,0,0,0,928,1,52,3,0,0,88,0,0,0,0,0,31,40,0,0,0,0,34,10,1,12,0,58,0
"Subject_143",0,0,0,0,5,0,3,0,0,0,0,0,0,0,0,0,0,0,0,3,0,0,0,0,0,2404,0,0,0,0,151,15,0,0,0,0,0,331,0,0,0,0,0,0,0,128,0,0,0,0,0,0,0,0,33,0,0,0,11,214,0,0,0,0,0,0,62,0,0,0,143,0,0,0,0,0,0,0,0,308,0,10,490,0,0,0,0,0,0,0,0,0,0,0,0,0,0,0,58,0,0,0,10,0,4,0,0,0,0,24,0,0,0,1300,0,0,0,0,0,0,0,0,0,4,0,0,0,0,0,0,0,42,0,0,0,0,0,0,0,0,0,0,0,0,0,0,104,0,0,0,13,0,0,0,2,0,0,0,0,0,0,0,0,430,0,0,0,0,0,0,0,0,0,0,0,0,0,0,412,0,0,0,0,0,0,0,0,0,4,0,0,0,0,0,53,0,0,0,0,0,112,0,0,1280,0,48,0,0,0,0,0,0,0,0,0,0,110,0,0,0,0,157,0,0,0,0,0,0,50,0,0,0,0,112,0,8,0,0,0,0,0,0,0,0,0,48,0,0,0,0,0,0,27,0,0,141,0,0,0,45,0,0,0,0,0,0,0,0,4,3,0,0,44,0,0,0,0,0,0,929,0,0,0,0,0,0,0,0,15,100,0,0,0,0,0,0,0,0,0,0,0
"Subject_144",35,0,0,0,0,0,0,28,0,0,0,0,0,131,32,0,0,0,0,0,58,35,0,0,0,571,0,0,27,0,331,0,0,85,0,0,42,66,2,0,12,152,0,6,0,41,0,0,0,0,61,0,11,0,0,0,0,0,0,451,0,0,110,0,0,0,12,0,5,0,37,0,0,0,0,0,3,0,2,396,2,9,192,2,124,0,0,0,0,120,13,33,6,0,0,1,0,0,32,0,6,0,0,14,0,12,42,359,0,64,0,0,0,580,13,33,0,301,251,0,4,0,0,9,61,0,0,0,0,0,0,413,0,58,103,2,5,0,0,14,8,0,0,0,0,0,0,0,0,0,36,27,0,0,0,0,0,0,0,4,0,15,0,2,0,23,0,0,0,0,5,0,0,12,0,0,0,103,472,0,0,0,0,0,0,0,0,0,0,0,0,116,0,0,0,0,52,0,0,0,0,0,0,492,1,0,0,12,0,3,0,0,0,0,8,0,309,36,0,0,69,73,0,0,0,16,112,0,12,0,0,0,0,72,0,0,26,15,0,0,15,4,2,0,0,0,0,0,0,0,8,0,53,0,91,8,0,0,29,61,29,0,0,30,211,0,0,17,20,62,0,0,120,0,3,0,0,0,0,691,4,0,591,3,0,0,1,1,19,27,0,0,0,0,11,0,11,32,0,98,0
"Subject_145",0,0,9,0,0,0,0,0,0,3,0,0,0,0,0,0,0,0,0,0,0,71,0,6,0,1033,0,0,0,5,271,0,0,27,0,0,10,399,0,0,0,0,0,0,0,17,0,0,0,0,0,0,0,0,0,0,0,0,0,592,0,0,0,226,0,0,223,0,0,154,0,0,2,0,0,0,0,0,0,356,0,0,85,0,0,0,249,0,0,53,0,0,57,0,0,0,0,0,8,0,91,0,0,0,0,0,0,2765,0,27,0,0,0,0,0,0,0,7,102,0,0,0,8,0,7,45,0,0,0,0,0,52,0,22,0,0,0,4,0,0,24,0,0,0,0,0,160,0,0,0,0,0,0,0,0,0,0,0,0,0,0,0,0,247,0,0,0,0,0,0,44,0,0,0,0,0,0,0,712,0,0,0,0,0,10,0,0,0,0,0,0,21,40,0,0,0,0,0,0,0,0,0,0,0,0,390,0,0,0,0,0,0,0,0,12,0,105,0,0,0,0,0,0,0,0,0,0,0,0,38,0,0,0,270,0,0,0,20,0,0,0,0,0,0,14,0,0,0,0,0,0,12,0,0,54,0,23,0,15,0,0,0,0,16,0,0,0,49,0,0,0,13,86,0,0,0,0,0,0,338,0,0,96,0,0,0,0,0,0,0,0,0,0,0,0,0,6,0,0,203,0
"Subject_146",2,0,0,0,0,0,0,0,0,0,0,0,2,0,1,0,0,0,0,0,0,0,0,15,0,2475,0,0,8,9,244,0,0,3,0,0,16,0,0,0,0,39,0,0,0,0,0,0,0,0,0,0,14,0,0,0,0,3,0,0,0,0,0,0,0,0,0,0,0,167,0,1,0,0,0,0,2,0,0,60,0,1,4,0,0,0,0,0,0,31,0,0,3,0,0,0,0,0,5,0,0,28,0,0,1,138,0,2,0,28,0,0,2,50,0,1,0,0,22,0,0,0,0,6,19,0,0,0,0,0,0,866,3,0,11,10,38,0,0,0,9,0,0,0,0,568,51,0,10,0,10,0,0,40,0,0,18,0,0,0,0,18,0,1365,0,21,0,2,0,0,0,0,2,0,1,0,0,0,79,0,0,0,0,0,0,0,0,0,0,0,3,0,0,8,0,0,0,0,0,0,0,0,1372,2,11,5,0,7,1,2,0,0,0,0,0,0,98,140,2,0,0,26,0,9,0,0,0,0,52,0,0,0,0,287,0,0,0,17,0,0,17,0,0,0,7,40,0,0,0,0,0,0,27,0,6,8,1,0,0,0,0,0,0,6,35,0,0,0,0,113,0,0,9,0,0,1,0,0,0,921,0,0,101,0,0,0,0,0,0,63,0,0,0,0,2,21,42,0,0,20,0
"Subject_147",0,0,0,0,0,0,14,0,0,0,0,0,0,0,0,0,0,0,0,0,0,30,0,12,0,3683,0,0,67,22,127,0,0,108,0,0,10,2,0,0,0,0,0,0,0,69,0,0,0,0,0,0,0,0,26,0,0,0,0,0,0,6,0,0,0,0,119,0,0,149,4,0,0,0,0,0,0,0,0,5,0,0,6,0,23,6,112,0,0,32,0,13,0,0,0,0,0,0,16,0,0,0,0,0,0,0,0,56,0,0,0,10,0,0,0,2,0,0,115,0,0,0,0,365,184,0,0,0,0,0,0,10,0,0,0,0,0,0,0,0,0,0,0,0,0,0,0,0,0,0,0,14,0,0,2,0,0,0,0,15,0,0,0,0,0,0,0,0,0,0,0,0,1,0,0,0,0,9,31,0,4,0,4,0,0,0,0,0,0,0,0,21,0,0,0,2,0,0,0,0,0,0,0,119,2,6,0,0,0,6,0,0,2,0,1,0,39,1,0,4,0,62,0,0,3,0,0,0,0,0,68,0,0,334,0,0,0,0,0,0,0,0,0,0,0,0,0,0,0,32,0,0,0,0,0,0,35,0,2,0,0,0,0,0,1,0,0,0,6,1001,0,0,0,0,85,0,0,0,2,2318,0,0,90,0,0,0,0,0,7,15,53,0,0,3,52,2,0,0,0,146,0
"Subject_148",1,0,0,0,0,0,0,1,0,0,0,0,0,30,26,0,0,0,0,0,0,12,0,0,2,1380,0,0,2,5,0,5,0,131,0,0,1,0,0,0,0,0,0,0,0,0,0,0,0,0,0,0,0,1,0,0,0,0,0,2,0,0,0,0,0,0,31,0,0,0,0,0,1,0,0,1,0,0,0,1,0,4,13,0,0,9,0,0,1,4,0,24,30,0,0,5,0,0,12,0,0,0,8,0,0,0,0,228,0,0,0,34,0,28,6,0,0,0,87,4,1,0,0,3,21,144,0,5,0,0,3,0,39,0,0,0,47,0,0,0,1519,0,2,0,3,59,3,0,0,2,1,0,0,7,0,0,0,0,2,0,0,17,0,0,0,12,0,2,0,0,0,0,0,0,43,0,0,0,12,0,0,0,0,0,0,0,0,1,0,0,14,6,0,7,0,0,0,0,0,0,1,3,0,2,0,0,0,28,0,2,0,0,0,0,0,1,13,0,0,0,0,1,0,48,0,0,0,0,3,0,0,0,0,0,0,0,0,0,0,0,9,2,0,2,0,1,0,0,0,0,0,0,1,0,0,0,0,0,0,0,0,0,0,1,0,0,0,0,0,5097,0,0,157,0,0,0,0,0,0,460,0,0,18,2,0,0,0,0,0,4,0,0,0,0,17,0,1,29,0,0,0
"Subject_149",0,6,4,5,0,2,9,26,0,2,3,0,0,0,2,0,5,7,45,2,3,19,0,9,0,1032,2,4,3,6,365,0,0,26,4,0,250,60,0,0,0,259,0,0,0,2,0,2,0,0,5,0,15,0,4,2,0,0,0,25,3,0,0,9,0,2,346,0,10,0,10,4,0,9,0,0,13,0,0,52,0,2,6,0,0,2,0,0,0,13,769,3,27,0,0,2,0,0,2,0,0,19,0,5,5,0,2,3286,0,0,0,0,0,7,0,0,5,8,21,0,0,0,0,9,5,30,0,0,3,129,3,64,0,0,8,0,18,0,0,0,449,7,0,0,104,0,14,3,20,0,4,6,3,21,2,0,0,2,8,55,0,17,3,0,0,0,0,0,10,7,21,0,2,0,0,0,3,2,143,2,0,0,0,0,16,0,19,4,0,18,0,2,0,0,119,0,0,0,0,0,0,0,0,2,0,41,9,0,0,1,0,0,0,7,12,0,0,26,135,0,2,18,128,0,0,3,62,0,2,54,10,4,0,140,0,10,14,0,0,3,0,0,98,12,0,35,0,0,0,0,0,9,14,0,13,2,7,4,9,3,0,0,0,0,0,0,0,0,49,72,2,29,64,0,14,0,0,7,33,394,2,0,85,0,0,0,2,0,55,2,0,2,2,0,33,0,19,0,0,48,0
"Subject_150",11,0,0,0,0,0,16,0,0,0,0,0,4,0,8,0,0,0,18,0,0,0,1,1,0,486,0,15,5,0,0,0,0,53,0,0,0,0,0,0,20,92,0,0,0,104,0,0,0,0,0,0,0,0,0,0,0,0,14,57,0,48,0,0,0,0,9,0,0,0,0,0,0,0,0,3,0,0,0,36,0,0,0,0,50,33,0,0,0,0,0,1,11,0,0,0,0,0,62,0,0,12,0,0,0,0,0,243,49,0,0,0,0,0,0,0,0,2,12,0,0,0,2,19,0,0,0,0,0,0,0,425,0,37,0,48,15,0,0,11,5,0,0,0,0,0,0,0,0,0,2,0,0,10,0,0,0,0,0,36,0,0,0,293,0,0,0,0,0,0,0,1,41,0,0,0,0,0,0,0,0,0,0,0,7,0,0,0,0,0,0,34,2,95,0,3,0,0,0,0,0,0,0,1,0,3,0,0,0,1,0,0,31,0,0,0,70,0,0,3,0,0,0,0,0,0,0,0,0,0,0,0,0,445,0,0,7,0,0,56,0,72,0,0,0,0,0,0,0,0,317,0,0,0,4,7,4,0,0,0,5,0,0,0,2,0,0,0,0,15,0,0,1858,3,6,0,0,0,0,4194,0,0,96,3,0,0,0,2,19,0,0,0,0,0,165,0,7,0,0,42,0
"Subject_151",0,0,0,0,0,0,25,7,0,0,0,0,0,48,2,0,0,0,0,0,43,17,0,5,0,2795,2,0,86,1,121,0,0,48,0,0,8,121,0,0,0,0,0,62,0,240,0,0,0,0,0,0,0,0,0,0,0,5,0,0,0,31,0,0,1,0,48,0,0,52,0,0,0,9,0,0,0,0,0,0,0,0,133,0,662,0,1,0,0,21,388,0,5,0,0,0,0,0,33,0,26,0,0,0,1,28,121,1187,0,0,0,0,0,64,4,0,0,0,9,2,0,0,0,5,6,0,0,0,0,0,3,68,0,0,0,0,15,0,0,0,2,0,0,0,0,0,0,3,0,0,8,3,0,65,1,0,0,0,0,148,0,9,0,130,0,18,0,0,0,0,0,0,0,0,59,0,0,11,156,0,0,0,0,0,16,0,0,0,0,0,0,6,3,0,0,0,0,1,0,0,53,0,0,0,0,2,0,10,0,9,0,0,0,0,12,0,373,0,2,65,0,25,0,0,0,6,0,0,48,3,50,0,0,488,0,0,0,0,0,0,50,0,0,0,0,0,0,0,0,0,11,2,0,0,0,1,1,0,0,0,0,0,0,1,0,0,0,0,2,2,0,12,11,0,9,0,2,0,7,1332,0,0,125,0,0,0,0,2,27,14,0,1,0,0,9,0,1,0,0,33,2
"Subject_152",5,0,0,0,0,2,45,5,0,3,11,4,0,3,55,0,0,0,17,8,10,2,0,12,0,0,0,0,28,147,176,0,1,11,0,0,13,48,3,48,0,119,0,11,0,2,372,3,0,0,3,0,24,14,4,0,0,0,0,2,3,8,9,2,0,0,70,0,17,0,3,4,0,7,0,1117,6,0,0,26,0,0,9,0,3,11,0,0,0,71,1,48,126,3,0,0,0,0,10,0,27,0,0,0,0,0,1,838,0,0,3,23,0,89,0,0,178,2,93,0,0,0,0,270,161,0,0,0,7,0,29,129,3,12,18,2,10,0,0,25,17,0,0,0,0,0,3,8,26,11,3,6,0,5,0,0,0,0,1,43,0,0,0,0,0,0,13,0,0,22,0,0,0,0,0,0,5,44,2,2,0,0,0,0,2,14,0,0,17,3,0,148,2,0,0,2,14,0,0,1,0,0,0,2,0,59,0,0,5,47,0,0,2,26,6,0,29,5,690,0,16,27,0,0,0,0,0,0,5,0,19,3,4,579,0,0,8,0,0,0,0,0,1,0,0,0,0,13,0,0,6,2,7,2,6,8,0,10,2,4,1,0,0,4,18,0,0,5,3,0,16,2,1195,1,3,0,0,0,9,1743,2,0,8,0,0,0,0,0,3,47,0,0,12,0,64,0,43,66,0,73,0
"Subject_153",0,0,0,0,0,0,22,0,0,0,0,0,0,0,1290,8,0,0,0,0,0,0,0,2,0,2854,0,0,240,23,18,0,0,0,0,0,42,0,0,0,0,0,0,0,0,63,0,1,0,0,0,0,0,0,0,0,0,0,0,1,0,0,0,2,0,0,55,0,0,0,0,0,0,0,0,341,0,1,0,21,6,0,4,0,0,0,1,0,0,0,13,33,4,0,0,0,0,0,0,0,0,18,0,0,0,37,0,101,0,0,0,0,12,48,7,3,0,1,45,0,0,0,0,4,27,0,0,0,0,0,0,0,0,0,0,7,221,0,0,0,21,0,0,0,0,0,0,0,0,0,0,0,0,10,5,0,0,0,0,8,0,50,0,0,0,27,0,0,0,0,0,0,0,0,23,0,0,80,0,0,0,0,0,0,0,0,0,0,0,1,0,48,0,49,0,0,0,0,0,0,0,0,0,0,190,6,18,63,0,15,0,0,0,0,0,0,0,16,47,0,4,4,0,0,0,0,0,0,11,0,0,0,0,42,13,0,7,38,0,0,16,0,0,0,2,0,0,0,0,0,0,4,0,0,9,3,12,0,0,8,0,0,0,0,3,0,0,0,0,3384,0,0,52,0,0,3,0,0,0,85,0,0,0,0,0,19,0,0,0,0,0,0,0,0,0,0,32,0,0,0,0
"Subject_154",0,0,0,3,0,0,61,0,0,0,0,0,0,0,0,0,0,0,0,0,14,12,0,0,0,0,0,0,0,0,0,0,13,0,0,61,69,0,0,0,0,0,0,98,0,0,0,0,0,0,0,0,0,0,122,0,6,0,0,2,0,0,0,2,0,207,0,0,0,0,73,0,5,504,0,0,0,0,0,0,0,5,0,0,0,45,0,7,0,189,0,0,0,0,0,0,0,0,0,0,0,0,0,0,0,0,66,464,0,11,0,269,0,0,0,0,0,258,0,0,0,0,0,0,430,0,0,0,1,0,0,0,0,17,0,0,6,24,0,0,0,0,0,0,0,0,0,7,0,0,26,0,0,0,0,0,0,0,0,578,0,80,0,0,0,0,0,0,0,18,0,0,0,0,0,0,0,291,0,0,0,0,0,0,11,0,0,0,75,0,0,0,0,0,125,0,0,7,0,0,0,19,0,0,0,24,0,0,0,0,0,0,0,0,0,0,0,12,1766,0,2,0,0,0,0,0,0,0,0,0,0,0,0,1832,0,88,0,6,0,0,0,0,0,0,0,0,0,4,0,0,0,0,23,0,17,5,0,0,0,0,9,75,0,0,0,0,59,0,189,51,21,0,0,0,0,0,0,0,44,0,0,0,281,0,0,0,0,0,0,9,0,0,0,0,973,20,0,6,0,80,123
"Subject_155",0,0,0,0,0,0,0,0,0,0,0,0,0,0,0,0,0,0,0,0,0,62,0,0,16,14,0,0,0,0,0,0,0,0,0,0,0,0,0,0,6,0,0,0,0,0,0,0,0,0,0,0,0,0,0,0,0,14,0,0,0,0,0,0,0,0,110,31,0,741,0,0,0,0,0,0,0,0,0,5,0,0,0,0,116,0,0,0,0,0,0,0,0,0,0,0,0,0,0,0,0,0,0,0,0,0,0,0,0,158,0,0,0,60,0,0,0,0,0,5,5,0,0,0,0,16,0,0,0,0,0,78,0,0,0,0,0,0,0,0,0,0,0,0,10,0,676,0,0,0,0,0,0,481,0,0,0,0,921,0,0,0,0,0,0,0,0,0,0,0,0,0,0,0,0,0,0,0,87,0,0,0,0,0,0,0,0,0,0,0,0,75,0,0,0,0,0,0,0,0,0,0,0,0,0,0,0,0,0,0,0,0,0,0,0,0,335,0,0,7,0,0,0,0,0,0,0,0,0,0,2,0,0,156,0,0,0,0,0,328,0,0,0,0,0,0,0,3,0,0,0,0,0,0,0,0,0,0,0,0,0,0,0,0,0,0,0,0,6,5223,0,0,0,0,0,0,162,0,0,19,0,0,0,0,0,0,0,33,6,0,0,0,0,0,33,0,0,0,0,0,0
"Subject_156",12,11,0,0,0,0,0,0,0,0,0,0,0,0,5,0,0,0,11,36,0,0,0,2,0,2427,0,2,0,60,301,0,0,185,0,0,9,50,0,0,0,246,0,0,0,0,0,0,0,2,0,0,11,0,0,0,0,2,0,0,0,0,14,0,0,0,0,0,3,0,0,0,0,0,0,2,3,0,0,72,0,0,0,0,0,4,266,0,0,160,0,2,16,0,0,0,0,0,0,0,0,14,0,0,0,0,0,229,0,0,0,0,0,0,0,0,0,2,117,0,0,0,0,11,174,0,0,0,0,0,0,1229,0,0,4,2,8,0,0,0,136,0,0,0,0,0,0,0,20,0,30,0,0,0,0,0,12,2,0,0,0,0,0,0,0,0,0,0,0,0,0,0,0,0,13,0,0,0,0,0,0,0,0,0,0,14,0,0,0,0,0,0,3,26,0,2,0,0,0,0,0,1,0,1,0,0,3,0,0,2,0,0,0,18,0,0,0,0,210,0,36,0,0,0,0,0,0,7,0,0,0,0,0,528,0,0,0,17,3,50,0,0,122,0,98,0,0,2,0,0,0,0,0,0,23,9,0,0,0,4,0,0,0,5,0,0,0,0,19,7,0,0,76,0,0,0,0,0,17,2701,0,0,0,0,0,0,0,0,0,0,0,0,0,0,73,0,10,0,0,0,0
"Subject_157",0,0,0,0,0,0,0,0,0,0,0,0,3,374,95,0,0,0,8,5,0,57,0,0,0,4677,0,0,47,0,0,0,0,124,7,0,22,93,0,0,3,90,0,0,0,255,0,0,0,0,0,0,23,0,0,3,0,3,0,105,8,0,58,0,0,0,21,0,0,0,15,0,0,0,0,12,3,0,0,58,0,0,0,0,0,0,0,0,0,0,0,5,18,0,0,0,0,0,52,29,21,0,0,0,0,0,0,366,8,0,0,0,0,379,0,2,0,0,9,0,5,14,0,0,48,392,0,22,0,0,119,281,0,88,0,0,324,0,58,22,4,10,0,0,0,0,5,0,19,0,14,0,0,0,0,0,0,0,23,0,0,0,0,0,0,0,0,0,0,0,0,0,0,0,0,0,0,0,0,3,0,0,0,0,0,0,0,0,0,0,2,0,3,0,62,0,0,0,0,0,0,0,0,2,0,42,0,0,0,4,0,0,0,0,0,0,0,46,0,0,0,0,0,0,0,0,0,0,102,0,180,0,4,0,0,0,0,0,0,1,0,0,0,0,0,0,0,11,0,0,0,0,0,0,0,5,4,0,0,5,27,0,0,0,0,1,0,0,0,135,89,0,169,0,57,0,0,0,0,7,2,0,414,0,0,0,0,4,5,0,0,0,0,0,0,0,9,0,0,100,0
"Subject_158",0,0,0,0,0,0,2,6,0,0,0,0,3,0,628,7,0,12,4,0,0,9,0,3,0,2202,0,0,6,67,276,0,0,38,0,0,88,0,0,4,0,35,0,29,0,0,0,3,0,0,2,0,5,13,24,1,0,0,0,0,0,0,0,1,0,0,60,0,0,0,9,1,0,9,0,0,4,0,0,2,0,1,75,0,0,40,49,0,0,38,0,5,0,0,0,0,0,0,3,0,0,0,0,1,0,0,0,79,0,0,0,0,0,366,9,2,0,1,24,0,0,0,0,138,213,0,0,0,2,0,0,5,144,6,8,0,239,0,0,0,2,0,0,2,0,308,5,0,6,115,3,5,0,11,5,0,27,0,0,2,0,38,0,0,0,16,0,0,0,1,0,0,0,0,38,0,1,5,194,0,0,0,0,0,11,0,0,1,0,0,2,48,1,42,0,0,0,0,0,0,0,10,0,2,420,7,1,63,3,7,34,0,0,0,10,1,0,7,3,0,24,47,0,0,0,47,0,0,47,0,21,0,0,2027,102,0,3,0,0,12,20,0,0,0,84,163,0,0,0,0,0,1,8,1,13,158,3,0,1,0,0,0,0,8,0,0,0,0,0,30,0,0,27,0,14,0,0,0,2,464,0,0,70,0,0,0,0,0,0,56,0,0,0,0,15,0,5,0,0,68,0
"Subject_159",0,0,0,0,0,0,20,0,0,0,0,0,0,0,46,0,0,0,0,0,0,30,0,0,0,4256,0,0,3,29,16,27,0,141,0,4,0,0,0,0,0,0,273,52,0,245,0,0,0,0,0,0,0,0,13,0,0,0,0,85,0,0,0,0,0,0,146,0,0,0,82,0,0,92,0,0,0,0,0,28,0,2,0,0,0,0,0,0,0,18,0,0,0,0,0,0,0,0,25,0,16,0,0,1,2,32,63,233,0,23,0,0,0,1060,22,0,0,0,0,0,0,0,0,6,60,0,2,0,0,0,4,162,2,0,0,0,5,0,0,0,0,0,0,0,2,19,0,0,0,0,0,0,0,0,0,0,0,0,2,10,0,10,0,2,0,21,0,0,0,0,1,0,0,0,0,0,0,6,413,0,0,28,0,0,0,0,0,0,0,0,0,49,0,0,0,0,0,0,0,0,0,0,0,2,1,79,0,30,0,0,10,81,0,0,3,0,56,13,0,3,0,5,0,0,0,0,0,0,0,1,174,0,0,31,0,0,6,0,0,0,57,0,0,0,0,0,0,0,0,0,0,0,14,2,0,0,0,0,33,41,0,0,0,3,0,0,0,0,0,2,0,58,22,0,0,0,0,0,6,1198,0,0,46,0,0,0,0,0,12,4,0,0,0,0,9,0,0,18,0,100,0
"Subject_160",0,0,0,0,0,0,65,2,0,0,9,0,0,2,0,0,0,0,19,0,0,0,0,0,0,1,2,0,325,272,1078,0,0,0,6,216,0,901,0,0,3,82,0,35,0,0,0,0,0,0,0,0,57,0,0,3,0,0,0,126,15,24,20,13,35,0,12,0,14,457,28,0,0,2,0,0,18,0,0,0,0,3,0,0,5,55,0,0,0,61,0,77,1,0,0,0,0,0,0,8,0,16,0,6,0,0,0,87,12,0,7,0,0,30,0,0,86,0,0,3,0,0,0,29,42,0,0,0,710,0,0,30,0,0,274,0,20,0,0,0,0,0,0,0,0,0,209,4,23,0,2,52,0,11,2,0,0,0,0,0,0,0,0,0,0,0,0,0,6,6,0,0,56,0,0,0,0,191,357,4,0,0,0,0,0,0,0,0,0,0,0,449,0,0,160,0,0,8,0,0,0,0,0,201,0,0,0,0,0,0,0,0,0,0,0,0,386,97,0,13,0,99,0,0,0,7,24,0,36,0,20,0,0,368,0,0,34,0,0,9,0,0,0,0,0,232,0,0,0,0,0,0,87,0,0,0,0,0,16,0,0,0,0,72,0,3,15,0,0,90,19,0,153,0,0,0,0,0,0,557,0,0,0,0,0,0,0,0,0,335,0,0,0,0,4,0,0,0,0,184,0
"Subject_161",0,0,10,0,0,0,0,39,0,0,0,0,0,0,92,0,0,0,3,0,6,5,0,0,0,2681,0,0,492,0,0,0,0,26,0,0,20,0,0,0,0,0,0,35,0,33,0,3,0,0,0,0,0,0,10,0,0,17,0,2,0,14,0,0,0,25,135,0,0,0,3,0,0,19,0,0,0,0,0,2,0,2,0,0,136,0,303,0,0,62,0,0,97,0,0,77,100,0,4,0,0,0,0,10,0,0,0,40,3,0,0,76,0,194,0,0,0,0,22,0,0,0,0,0,32,5,0,0,4,0,0,577,0,0,3,0,0,0,0,0,12,0,0,0,0,0,6,0,5,0,1,3,0,0,2,0,0,6,12,45,0,0,0,0,0,0,0,0,0,0,0,0,0,0,0,0,0,16,0,2,0,0,0,13,15,0,0,0,8,0,0,16,4,0,0,0,0,2,10,0,20,0,0,2,0,3,0,0,0,0,0,0,5,0,1,0,0,9,0,23,8,0,0,0,0,2,133,0,3,0,61,0,0,177,0,0,0,0,0,7,0,0,0,71,0,0,0,0,0,0,0,0,0,0,2,2,5,0,4,1,2,0,0,4,0,0,0,0,0,332,30,6,0,0,0,0,3,0,4,3453,0,0,7,0,0,5,0,0,5,0,0,0,0,0,14,2,0,0,0,4,0
"Subject_162",6,0,0,0,0,0,5,0,0,0,0,0,0,0,67,0,0,0,8,0,0,2,2,64,0,841,0,0,309,0,0,0,0,2,0,0,30,6,0,7,2,111,0,6,0,2,0,0,0,0,2,0,0,0,0,0,0,0,0,0,0,0,7,0,0,0,343,0,2,0,3,2,0,0,0,0,0,0,0,0,0,0,117,0,0,33,2,0,0,8,92,134,0,0,0,5,0,0,2,0,0,0,0,0,0,0,2,814,0,0,0,0,0,0,0,0,0,0,93,0,0,0,0,76,46,0,0,0,4,0,0,48,0,36,0,0,920,0,0,13,445,0,0,0,0,0,0,0,58,0,6,0,0,0,0,0,0,4,0,4,0,0,0,0,0,0,0,0,0,0,0,0,2,0,0,0,0,0,0,0,0,0,0,0,7,0,0,0,0,0,0,18,3,0,0,0,13,0,0,249,0,0,2,0,0,0,0,0,0,184,0,0,0,0,2,0,0,0,0,0,0,0,0,0,0,0,0,0,0,0,29,0,0,1218,0,0,0,0,0,0,0,0,0,0,0,0,0,0,0,0,2,3,0,2,0,22,0,0,0,0,0,0,0,3,2,0,0,0,0,1580,0,0,451,0,9,0,0,0,2,1299,0,0,2,0,0,0,0,7,0,0,0,0,0,0,0,0,51,0,0,57,0
"Subject_163",0,0,0,0,0,0,0,0,0,6,0,0,0,0,297,0,0,0,0,0,4,15,0,16,0,700,0,0,64,15,660,0,0,7,0,0,152,13,0,0,0,0,0,38,0,7,0,0,0,0,0,0,0,0,22,0,0,0,2,0,0,0,0,0,0,0,0,0,0,0,0,0,0,0,0,305,0,0,0,54,0,0,0,0,0,1,207,0,0,155,0,0,0,0,0,0,0,0,0,0,0,0,0,0,0,0,0,295,0,77,0,105,0,954,0,0,0,0,13,0,0,0,0,5,28,0,0,0,0,0,12,671,0,0,0,0,435,9,0,0,0,0,0,0,0,0,58,0,0,39,12,0,0,0,0,0,0,0,0,0,0,42,0,274,0,28,0,0,0,2,0,0,0,0,0,0,0,0,0,0,0,0,0,0,0,0,0,0,0,0,0,51,7,0,61,0,0,0,0,0,0,0,0,585,0,0,0,0,0,11,0,0,0,0,0,0,71,0,0,0,0,151,0,0,0,0,0,0,63,0,140,0,0,212,112,0,0,34,0,0,17,4,0,0,0,0,0,0,0,0,113,0,0,0,42,0,13,0,4,8,4,0,0,5,8,0,0,0,48,7,0,0,371,0,0,0,0,0,13,1577,0,0,103,0,0,0,0,0,28,0,0,0,0,0,208,0,129,0,0,0,0
"Subject_164",0,0,0,0,0,0,9,0,0,0,0,0,0,0,32,0,0,0,0,58,474,72,0,0,0,1519,0,0,20,0,0,0,0,0,0,0,0,0,0,0,0,14,0,0,0,382,0,0,0,0,0,0,0,0,0,0,0,0,0,658,0,116,5,0,0,0,7,0,0,0,0,0,0,346,0,0,0,0,0,0,0,0,10,15,0,0,0,0,0,15,0,0,126,0,0,3,0,0,105,0,0,288,0,0,4,0,330,123,0,181,0,0,0,80,0,0,4,0,38,0,0,0,0,8,33,7,5,0,3,0,7,246,0,0,0,0,0,0,0,0,0,0,0,0,0,0,0,0,0,39,0,0,0,0,2,0,0,7,0,74,0,0,0,0,0,0,0,0,0,0,0,0,1,0,0,5,0,0,0,0,0,0,0,0,0,0,0,0,0,0,0,146,12,0,0,0,0,0,0,0,0,0,0,15,0,74,6,30,0,3,309,0,13,0,8,0,0,0,0,54,0,20,0,0,0,0,0,0,23,0,679,0,0,271,0,0,0,0,0,0,0,0,0,0,0,9,0,4,0,0,0,0,0,0,0,0,0,0,0,717,0,0,0,0,0,0,0,0,16,17,0,77,0,0,0,0,0,0,0,1351,0,0,148,0,0,0,15,298,0,6,0,0,0,0,0,0,0,0,0,211,0
"Subject_165",0,0,0,0,0,2,0,0,0,0,0,1,0,0,0,0,0,0,0,1,0,12,0,6,3,1501,0,0,5,7,100,0,0,5,0,0,2,1,0,0,0,7,0,0,0,4,0,3,0,0,1,0,0,0,1,0,0,0,0,7,2,0,0,0,0,0,252,0,0,0,9,0,2,4,0,1,0,0,0,1,2,0,119,0,1,0,1167,0,0,3,0,0,0,10,44,0,0,0,1,0,23,62,0,0,0,19,0,2473,0,0,0,2,0,4,26,0,0,1,21,0,0,42,0,9,2,0,0,0,0,0,1,3,0,0,0,15,3,0,0,0,281,0,3,0,3,0,7,5,0,0,10,2,0,57,0,0,0,0,23,27,0,58,1,2,0,27,0,0,0,0,5,0,0,0,97,0,0,2,0,1,0,0,0,0,0,0,0,1,0,0,0,2,1,76,351,0,0,2,0,0,86,0,0,0,0,18,5,0,0,2,0,0,0,24,0,0,35,30,0,1,0,24,0,0,0,0,3,0,2,2,2,0,0,496,0,0,16,0,0,0,58,0,0,0,0,0,0,0,4,0,0,1,0,0,2,6,12,5,0,2,3,0,0,1,0,3,0,0,0,495,143,6,252,0,0,0,0,0,1,1078,1,0,2,0,0,0,0,0,6,2,0,4,1,0,21,4,0,63,0,15,29
"Subject_166",4,0,2,18,5,0,0,0,0,0,0,2,0,0,5,0,0,0,0,0,0,4,0,3,0,2861,0,0,6,14,0,0,0,58,0,0,9,34,0,0,2,67,0,0,0,13,0,2,0,0,2,0,16,0,0,3,0,0,0,43,3,0,4,11,0,0,193,0,0,0,0,0,2,0,0,0,3,0,0,16,0,0,201,3,0,0,90,0,0,0,0,2,2,0,0,2,0,0,27,0,17,0,0,0,0,29,0,2648,0,354,0,0,0,6,13,2,10,0,26,0,0,0,0,84,3,0,0,2,0,0,2,250,0,7,13,0,6,0,0,21,595,0,0,0,0,0,36,4,23,181,2,0,0,333,2,0,0,0,0,5,2,0,0,0,0,29,0,0,0,0,25,0,8,0,0,4,4,0,0,0,0,0,0,0,27,0,0,0,0,13,159,7,2,0,0,0,4,2,0,0,0,0,0,0,0,40,2,0,0,1,8,0,0,0,2,0,25,16,28,0,0,47,0,0,0,0,0,0,0,6,0,3,5,58,0,0,8,0,14,0,0,0,0,0,0,5,2,0,0,0,0,2,10,0,49,11,0,0,2,0,0,0,0,17,12,0,0,0,0,11,0,0,217,0,2,0,0,0,0,619,0,0,7,0,0,0,0,2,64,0,0,0,0,0,0,0,8,0,0,17,0
"Subject_167",0,0,0,0,0,0,0,0,0,0,0,0,0,0,0,0,15,0,10,0,0,124,0,0,0,1117,0,0,5,0,524,0,0,79,0,0,18,0,0,0,0,60,0,0,0,83,0,0,0,0,0,0,20,0,0,2,0,0,1,139,0,0,11,0,2,0,0,0,0,152,0,0,0,0,0,0,6,0,0,23,0,0,0,0,0,0,0,0,0,0,0,6,0,0,0,0,0,0,0,0,7,0,10,0,0,0,0,91,36,0,0,0,0,0,0,0,0,0,34,0,0,0,0,8,0,30,0,0,0,0,0,93,0,12,6,0,1,0,0,6,3,0,0,0,0,0,78,0,38,0,0,0,0,83,0,0,0,0,4,46,0,0,0,0,0,0,0,0,0,0,5,0,1,0,0,0,0,0,395,0,0,0,0,0,31,0,0,0,0,0,0,28,2,0,0,0,0,0,0,0,0,0,0,0,0,29,0,0,5,0,0,0,2,8,3,0,131,0,0,3,80,0,0,0,0,0,0,0,8,0,86,0,0,720,0,0,0,0,0,3,0,0,0,0,9,54,0,0,0,0,0,0,0,0,0,8,0,0,0,0,1,0,0,6,0,0,0,0,0,2,0,8,918,0,0,0,0,0,0,3490,0,0,371,0,0,0,0,0,59,35,0,0,0,0,216,0,0,0,0,305,0
"Subject_168",0,0,3,24,0,4,0,0,0,0,0,0,0,0,38,0,0,0,0,2,0,0,0,6,0,6395,0,0,19,32,0,0,0,0,0,0,10,0,0,0,2,0,0,0,0,418,0,0,0,0,0,0,0,0,0,0,0,3,0,0,0,0,0,0,0,0,106,0,3,0,0,0,0,0,62,0,0,0,0,0,0,0,0,0,0,25,0,0,0,0,0,0,1,0,0,0,17,0,2,0,0,83,0,0,0,0,0,0,0,0,0,0,0,0,0,0,3,0,0,0,0,0,0,0,51,133,0,0,0,0,0,0,0,0,0,0,0,0,0,0,10,10,0,0,0,0,0,0,0,0,0,0,0,0,0,6,0,0,0,0,0,0,0,0,0,0,0,0,0,0,0,0,12,0,0,0,0,0,0,0,0,0,0,0,0,0,0,0,0,0,0,250,3,0,0,0,0,0,0,0,0,0,0,0,0,0,0,0,2,3,225,0,0,0,0,0,0,0,0,0,0,0,0,0,0,0,0,0,0,0,0,0,0,0,279,0,0,0,0,18,0,0,0,0,5,0,0,0,0,0,0,0,0,0,0,0,31,0,0,0,0,0,2,0,545,0,0,0,0,0,8,0,356,308,22,0,0,0,0,0,0,0,403,0,0,37,0,3,0,0,0,0,0,0,0,0,25,0,0,0,0
"Subject_169",0,0,0,0,0,0,0,6,0,0,0,0,0,0,29,0,0,0,0,0,48,0,0,0,0,0,0,0,7,0,0,48,0,0,0,0,0,0,0,0,0,0,0,0,0,66,0,0,0,0,0,0,0,0,0,0,0,0,0,24,0,0,2,0,0,0,13,0,0,0,0,0,0,0,0,0,0,0,2,0,0,0,0,0,0,0,5,0,6,53,0,8,88,0,0,5,0,2,0,0,0,237,0,0,0,0,27,371,0,0,0,0,0,100,0,0,0,0,108,12,0,0,11,7,354,0,0,0,0,0,0,0,0,0,0,0,5,0,0,0,0,0,0,0,0,0,0,0,0,0,0,0,0,0,0,0,0,0,0,0,3,0,0,0,0,0,0,1,0,0,0,0,68,0,0,0,0,0,0,0,0,0,0,0,0,21,4,0,0,0,0,46,0,0,0,9,0,0,0,0,0,0,0,0,2,0,0,0,2,0,56,0,0,0,0,0,174,0,0,0,158,0,0,0,0,0,0,0,0,0,0,0,0,0,0,0,0,0,0,0,0,0,0,0,0,0,0,0,0,0,67,0,0,0,0,66,0,0,0,0,0,0,0,0,0,0,15,0,0,6083,7,0,0,0,2,0,0,0,0,1209,0,8,73,0,0,0,0,0,0,0,0,0,0,0,0,0,17,0,0,270,0
"Subject_170",0,0,0,0,0,0,6,24,0,0,0,0,0,629,0,0,0,0,0,0,45,39,0,42,0,993,0,0,191,0,603,0,0,142,0,0,0,29,0,0,0,0,0,65,0,37,0,0,0,0,0,0,0,0,2,2,0,0,0,122,0,21,0,0,0,0,39,0,0,131,18,3,0,0,0,0,0,0,18,37,0,0,75,0,13,0,6,0,0,65,0,10,0,0,0,0,0,0,31,0,0,0,0,0,6,0,0,439,0,0,0,0,0,13,0,0,0,0,74,2,0,0,0,5,6,3,0,0,0,0,4,83,0,0,0,0,505,0,0,0,0,0,0,0,0,1271,34,0,0,0,20,0,0,0,3,0,0,0,0,140,0,0,5,1081,0,0,0,0,0,0,29,0,0,3,0,0,0,0,50,0,0,0,0,0,13,0,0,0,0,0,0,1,0,0,0,0,0,0,0,0,0,0,0,0,0,502,16,0,0,0,0,0,18,0,1,0,139,19,0,0,0,129,0,0,0,5,0,0,7,8,21,0,0,547,0,0,0,0,0,1,0,0,0,0,0,0,0,0,0,0,0,9,0,0,0,27,0,0,2,4,0,0,0,4,0,0,0,0,0,28,0,13,84,0,0,0,0,5,11,833,0,0,151,0,0,0,0,0,0,0,0,0,0,0,60,0,55,0,0,74,0
"Subject_171",0,2,0,0,0,0,0,0,0,0,0,0,0,0,11,0,0,0,0,0,0,0,0,0,0,2333,0,0,279,47,0,0,0,0,0,0,0,0,0,0,0,0,0,0,0,3,0,0,0,0,0,0,0,2,0,0,0,0,0,0,0,0,0,0,0,0,0,0,0,0,0,0,0,0,0,140,0,0,0,52,0,0,0,0,0,0,0,0,0,0,0,0,233,0,0,0,2,0,0,0,0,1,0,0,0,0,0,3189,0,0,0,0,0,0,0,0,0,0,159,0,5,0,0,11,0,0,0,0,0,0,0,0,0,0,0,0,4,0,0,0,18,0,0,0,0,0,0,0,0,0,0,0,0,0,0,0,0,0,0,0,0,86,0,0,0,0,0,0,0,0,0,0,0,0,0,0,0,0,0,0,0,0,0,0,0,0,0,0,0,0,0,0,0,0,0,0,0,0,46,0,0,0,0,0,0,0,0,54,0,10,2,0,0,0,0,0,0,0,269,0,0,51,0,0,0,0,0,346,0,0,0,0,0,262,14,0,0,0,0,0,0,0,0,0,149,0,0,0,0,0,0,0,0,0,0,0,2,0,0,38,0,0,0,0,0,0,0,0,0,113,0,0,408,0,0,0,0,0,0,156,0,1286,196,0,0,18,0,0,0,0,0,0,0,0,0,0,0,0,0,0,0
"Subject_172",0,1,0,0,0,1,1,30,0,0,7,0,0,177,2,0,0,0,0,0,0,71,0,3,0,702,0,0,6,0,134,0,0,28,0,0,29,90,0,0,0,0,0,39,0,100,0,0,0,0,7,0,0,0,0,0,5,0,0,377,0,114,0,0,0,0,83,0,21,76,176,0,2,0,0,0,0,0,0,198,0,0,88,0,578,0,0,0,0,32,0,13,2,0,0,0,0,0,10,48,0,0,0,0,4,0,0,392,0,0,2,0,0,218,4,0,2,0,124,2,2,0,0,24,0,0,0,8,0,0,0,61,0,0,0,1,10,0,0,0,0,0,0,0,0,19,0,0,0,0,24,0,0,54,0,0,0,0,0,19,0,25,0,0,1,26,6,0,0,1,7,0,0,1,0,0,1,178,331,0,0,9,0,0,37,0,0,0,0,0,0,125,0,11,177,0,0,0,0,0,0,32,0,1489,0,5,0,0,0,2,0,0,0,0,0,0,59,349,0,13,468,43,0,0,0,0,0,0,115,13,0,0,0,13,0,11,6,0,0,0,39,0,0,0,0,0,0,0,0,0,0,0,25,0,0,0,0,0,2,12,6,0,0,0,0,0,0,0,0,89,37,0,170,0,1,0,0,0,9,982,0,0,602,0,0,0,0,0,0,167,0,0,0,0,0,0,1,0,0,79,0
"Subject_173",0,0,0,0,0,0,0,0,0,0,0,0,0,0,2,0,0,0,0,0,0,2,0,0,0,1281,0,0,2,0,98,0,0,150,0,0,2,0,0,0,0,0,0,0,0,355,0,0,0,0,0,0,0,0,0,0,0,0,0,8,0,0,0,0,0,0,39,0,0,0,0,0,0,0,0,0,0,0,0,37,0,0,0,0,0,0,0,0,0,49,0,0,20,0,0,0,0,0,66,0,0,0,0,0,0,0,0,482,0,0,0,0,0,168,0,0,0,0,23,0,0,0,0,0,16,0,0,0,0,0,0,8,0,0,0,0,1,0,0,0,4,0,0,0,0,0,0,0,0,0,25,0,3,0,0,0,0,0,9,127,0,0,0,0,0,0,0,0,0,0,0,0,0,0,0,0,0,0,8,0,0,0,0,0,0,0,0,0,0,0,0,15,0,0,0,0,0,0,0,0,0,0,0,0,0,15,0,0,0,0,0,0,4,0,0,0,132,0,0,0,0,0,0,0,0,126,0,0,107,0,67,0,0,1776,0,0,0,0,0,0,0,0,0,0,9,0,0,0,0,0,0,0,0,0,0,0,0,0,0,0,8,0,0,0,0,0,0,0,0,46,0,0,284,0,0,0,0,0,0,4298,0,0,45,0,0,0,0,0,0,0,0,0,0,0,46,0,15,0,0,25,0
"Subject_174",2,0,0,61,0,0,0,0,0,0,0,0,0,0,18,0,0,0,5,0,0,0,1,12,0,1100,0,0,14,85,333,0,0,158,0,0,0,227,0,0,0,139,0,0,0,0,0,0,1,0,0,0,21,0,0,0,0,0,0,0,0,0,3,0,0,0,0,0,21,0,0,0,0,0,0,0,6,0,0,0,0,0,0,0,0,5,0,0,0,0,0,32,32,0,0,0,0,0,0,0,0,6,0,0,0,0,0,4894,0,0,0,0,4,85,18,0,0,0,0,0,0,0,0,0,23,0,0,0,0,0,0,0,0,7,5,17,357,0,0,0,11,0,0,0,0,378,23,0,8,0,11,0,0,53,1,0,41,0,0,0,6,18,0,0,0,16,0,0,0,0,0,0,0,1,13,0,0,0,0,0,0,0,0,0,0,0,3,0,0,0,0,0,1,45,0,0,0,0,0,0,0,15,0,0,0,0,0,38,1,6,0,0,0,0,0,0,0,0,285,0,0,55,0,0,0,0,0,0,0,0,0,0,0,0,0,0,13,0,0,34,0,0,0,0,0,0,0,0,0,0,0,0,0,0,0,0,0,0,0,0,0,0,0,0,2,0,0,0,0,1,0,0,9,0,0,0,0,0,0,515,0,0,597,0,0,0,0,0,0,0,0,0,0,0,0,0,3,0,0,105,0
"Subject_175",2,0,0,0,0,0,0,0,0,0,0,0,0,26,4,0,0,0,0,0,93,41,0,27,0,0,0,0,37,0,186,0,6,112,0,0,6,225,0,0,0,0,0,38,2,0,0,0,2,0,0,0,0,0,0,0,2,0,0,29,0,0,0,12,0,0,57,0,3,0,0,0,0,0,0,0,0,0,0,18,0,0,0,0,0,2,0,0,2,60,0,9,33,0,0,0,0,0,0,0,0,0,0,0,0,0,0,1550,0,47,0,0,0,237,0,0,0,35,0,2,0,0,0,5,166,0,0,0,0,0,0,101,50,4,0,0,2,0,0,0,0,0,0,2,0,0,24,0,0,0,45,0,0,0,0,0,0,0,0,0,0,0,0,0,0,0,0,0,0,0,0,0,127,0,0,5,0,0,0,0,0,0,0,0,0,0,0,0,0,0,0,397,2,0,0,0,0,0,0,0,0,0,0,0,0,0,0,0,2,5,0,0,0,0,0,2,0,0,140,0,0,41,0,0,0,0,0,0,66,0,0,0,0,26,0,0,0,0,6,2,0,0,0,0,175,0,0,2,0,0,203,0,0,0,11,4,0,0,0,0,0,0,0,4,27,0,0,0,223,2,0,0,48,0,0,0,0,0,0,4641,0,0,496,0,0,0,0,0,0,0,0,0,0,0,44,0,8,0,0,0,0
"Subject_176",0,0,0,0,0,0,1,13,0,0,0,0,0,125,79,0,2,0,0,3,8,1,0,5,0,2784,1,0,11,14,12,0,0,34,0,0,69,1,2,2,0,0,0,13,0,23,0,0,0,1,0,0,0,0,0,1,1,1,0,11,0,0,1,0,0,1,14,19,0,1,2,0,0,3,0,0,0,0,0,0,0,1,0,0,1,0,0,0,0,8,463,4,157,0,0,0,0,1,2,0,23,0,0,0,0,0,2,2353,0,35,0,0,0,48,6,3,0,1,19,0,0,0,0,4,27,0,0,0,0,0,5,38,0,0,0,0,148,2,0,0,2,4,0,0,0,0,0,0,0,2,1,8,1,3,1,0,11,14,0,22,0,31,0,0,0,14,0,0,0,0,0,0,0,0,15,0,0,2,26,0,6,0,0,0,0,0,0,0,0,0,0,20,0,5,259,0,0,0,0,0,1,0,0,0,0,1,0,10,0,2,0,0,3,0,2,0,1,2,2,1,2,0,0,0,2,0,0,0,17,0,2,3,0,80,69,0,5,0,0,0,0,0,0,2,0,0,0,0,0,0,9,1,0,0,0,1,2,0,0,0,0,8,0,1,0,0,0,128,0,350,2,0,156,0,73,0,3,2,1,1245,0,0,113,0,630,0,0,4,0,2,0,0,0,0,2,1,5,0,0,6,2
"Subject_177",51,0,0,0,0,0,0,0,0,0,0,0,4,0,12,0,0,0,0,0,0,7,0,6,0,1249,0,21,4,5,87,0,0,16,0,0,12,0,2,18,2,63,0,0,0,84,0,0,0,0,2,0,19,0,5,0,0,0,0,2,0,2,0,0,0,0,0,0,74,0,3,2,0,0,0,355,4,2,0,5,3,0,49,0,15,0,3,0,0,0,0,0,28,0,0,0,0,0,9,0,0,0,0,0,2,0,0,2888,63,0,0,0,119,88,18,2,0,2,38,35,0,0,0,11,38,0,0,0,0,0,0,174,0,15,0,4,19,0,0,0,365,0,0,0,0,0,39,0,16,0,18,0,0,0,2,0,0,0,0,57,0,0,0,1,0,0,0,54,0,0,0,0,0,0,0,0,3,1,0,0,0,72,0,0,0,0,0,0,0,0,0,25,5,0,0,0,0,0,0,0,0,0,0,0,0,9,8,18,0,4,0,0,0,0,2,0,101,0,137,0,0,0,0,0,4,0,0,0,9,2,22,6,0,283,0,0,0,0,0,29,18,0,0,0,0,0,0,0,0,0,2,0,12,0,18,5,10,0,0,0,0,0,0,4,1,0,0,0,0,1690,0,14,601,0,0,2,8,0,2,416,0,0,52,0,0,19,2,0,4,11,0,0,0,0,16,0,38,0,0,31,0
"Subject_178",0,0,0,0,0,0,34,2,0,0,0,0,0,3,15,0,1,0,0,3,2,6,0,4,0,4073,2,0,25,0,0,0,0,117,0,0,11,687,0,0,0,0,0,81,0,125,0,0,0,0,0,0,0,0,0,0,0,2,0,15,0,5,2,0,5,0,112,0,18,89,21,0,0,2,0,0,0,0,0,18,0,0,0,0,5,0,0,0,0,54,0,78,10,0,0,0,0,0,118,0,0,5,0,0,0,0,0,280,0,0,0,0,0,176,0,0,0,0,71,2,0,0,0,8,33,0,0,0,0,0,0,51,0,0,0,0,440,0,0,2,24,0,0,0,0,0,38,0,0,2,9,0,0,144,0,0,0,0,12,40,0,0,0,0,0,0,0,0,0,0,0,0,1,0,0,0,3,7,695,0,0,0,0,0,6,0,0,0,0,0,0,18,3,0,3,0,0,4,0,0,0,0,0,0,0,50,0,0,0,0,1,0,0,0,4,0,374,0,0,13,88,0,0,0,0,0,0,0,48,0,56,0,4,705,0,0,0,0,0,15,0,0,0,0,0,0,0,2,0,0,0,10,0,0,91,0,0,0,21,52,3,0,13,3,0,0,0,0,0,10,0,38,0,0,2,0,0,0,42,7,0,0,112,0,0,0,0,0,13,0,0,0,0,0,183,0,2,0,0,217,0
"Subject_179",0,2,0,0,0,0,161,0,0,0,0,0,0,0,34,0,2,0,0,0,25,0,0,0,0,347,4,0,1752,0,0,0,0,0,0,0,1503,0,0,0,0,0,0,0,0,0,0,0,0,0,0,0,0,0,0,0,0,4,0,0,0,0,2,0,0,0,64,0,0,0,0,0,0,19,0,0,0,11,0,34,0,0,0,0,103,0,200,0,0,4,0,104,233,0,0,0,0,0,0,0,0,0,0,0,0,0,0,1260,7,0,0,0,0,6,0,3,0,0,71,0,0,0,0,5,27,0,0,0,0,0,4,14,0,0,0,0,269,0,0,0,22,0,0,0,0,0,0,0,0,0,17,165,0,0,2,0,21,0,0,0,0,0,0,0,0,0,0,0,0,0,0,0,1,0,0,0,0,119,0,0,0,0,0,0,0,0,0,0,0,0,0,20,30,48,0,0,0,0,0,0,0,0,0,0,0,51,0,0,2,294,0,0,0,17,0,0,0,301,849,0,0,0,0,0,0,0,0,0,8,0,0,43,0,137,0,0,0,134,0,0,0,0,0,0,5,0,0,0,0,0,0,0,0,0,0,24,4,0,0,0,0,0,0,0,0,0,0,0,0,39,0,0,1338,0,0,0,0,0,0,21,0,0,0,0,0,0,0,0,0,0,0,0,0,0,0,0,8,0,0,0,0
"Subject_180",0,8,0,0,0,0,0,6,0,0,0,0,6,0,0,35,0,0,5,3,61,0,0,5,0,135,0,11,2,13,38,0,0,0,0,0,0,24,0,5,0,31,0,0,0,125,0,0,0,0,2,0,7,24,3,0,0,0,11,44,0,0,0,0,0,0,144,0,0,56,2,0,0,0,0,387,3,0,0,10,0,0,345,0,0,17,0,0,0,0,0,3,0,0,0,0,41,0,0,0,6,0,13,0,0,0,0,4053,11,23,14,0,0,109,0,0,0,0,101,0,0,0,9,6,14,0,28,0,2,0,0,256,0,0,3,0,2,0,2,7,292,0,9,2,0,0,76,0,9,0,31,0,0,46,0,0,0,0,0,31,0,38,0,0,0,24,6,2,0,3,0,0,0,0,0,0,0,32,0,1,0,0,0,25,19,0,0,0,0,0,9,16,1,48,0,1,0,0,0,2,3,0,0,0,0,112,5,0,0,2,99,0,0,0,0,0,21,0,135,0,87,0,0,0,0,0,0,2,0,0,45,0,0,89,84,0,5,0,0,0,13,0,0,0,0,0,0,0,0,0,0,0,0,0,0,91,24,0,0,0,2,0,0,2,0,1,0,0,0,10,2,11,681,2,0,0,0,0,0,979,1,2,0,0,486,0,0,1,0,0,0,0,0,0,2,0,4,0,0,0,0
"Subject_181",0,0,0,0,0,0,2,0,0,0,0,0,0,0,9,5,0,0,0,4,0,12,0,8,0,477,0,0,21,63,0,0,0,0,0,0,11,151,0,0,0,0,0,0,0,11,0,0,0,0,31,0,0,0,30,0,0,5,0,127,3,0,0,9,0,0,137,0,0,110,0,0,0,0,0,0,0,0,0,16,0,0,621,0,2,0,0,0,0,0,0,28,10,0,0,7,5,0,0,0,0,12,3,0,0,0,8,1883,0,125,0,0,0,0,0,0,0,0,173,0,0,0,0,0,41,0,0,0,0,0,0,23,0,0,0,0,31,3,4,0,26,0,3,0,0,0,203,4,0,0,11,0,0,0,0,0,131,0,0,0,0,0,0,0,0,0,0,7,0,0,18,0,0,0,0,0,0,76,0,2,0,0,0,0,47,0,0,0,0,0,106,0,7,0,0,3,0,0,0,331,0,0,0,0,0,25,0,0,3,3,0,0,0,0,20,0,74,96,0,0,14,0,0,0,0,0,0,0,0,0,0,0,0,605,16,0,0,0,0,40,0,0,0,0,458,0,0,0,0,0,0,7,0,0,107,286,0,0,0,20,0,0,0,32,0,2,0,0,0,254,0,0,134,0,0,0,0,0,17,2264,0,0,153,0,0,0,0,8,0,97,0,0,0,0,0,0,6,0,0,70,0
"Subject_182",4,0,0,0,0,0,2,10,0,0,2,2,0,0,0,0,0,0,13,11,0,36,0,2,0,239,0,0,6,0,34,0,0,141,0,12,128,133,0,0,0,47,0,61,0,39,0,0,0,0,0,0,0,0,6,0,0,0,0,24,0,29,0,0,0,0,0,2,40,297,0,0,0,6,0,0,0,0,0,54,0,7,0,0,189,5,92,0,0,38,0,5,0,0,8,0,0,0,78,0,0,0,0,0,4,57,10,2021,0,0,0,0,0,64,12,0,0,0,277,2,0,0,0,0,18,0,0,0,1,0,34,262,0,0,12,20,17,6,0,8,3,0,0,0,0,0,9,2,10,0,8,11,0,0,0,0,0,0,0,113,0,0,2,88,0,0,0,0,0,0,8,0,0,0,9,0,0,0,62,0,0,10,0,0,48,0,0,0,34,0,0,85,2,0,33,0,0,0,0,0,21,0,0,0,1230,40,2,0,0,0,0,0,0,0,6,0,366,0,0,4,0,15,0,0,0,18,0,0,3,2,47,0,0,822,0,15,0,7,0,0,0,0,0,0,0,8,0,2,2,32,0,2,14,0,36,0,0,2,4,47,5,0,0,3,0,0,0,0,8,150,0,45,198,0,0,0,0,0,18,1257,0,0,175,0,0,0,0,0,31,0,0,0,0,0,98,4,0,2,0,85,12
"Subject_183",65,0,0,0,44,0,5,0,0,0,2,0,12,0,632,0,95,0,12,20,0,267,0,0,0,256,0,3,33,42,93,0,35,433,0,0,12,4,2,23,2,288,0,0,0,137,2,0,0,0,0,0,19,0,222,0,0,0,0,700,0,0,13,0,0,0,59,0,0,0,209,0,0,0,0,43,5,0,0,0,0,0,61,0,0,13,3,0,0,28,0,6,0,0,0,0,0,15,0,0,0,0,0,0,0,0,0,679,0,0,0,6,0,43,0,57,0,624,118,0,0,0,6,14,44,0,0,12,0,0,0,21,0,26,7,0,24,0,0,20,41,0,0,0,75,0,0,0,20,0,7,0,0,0,0,0,0,0,0,72,0,0,0,0,0,0,8,0,0,66,0,0,0,0,0,0,4,290,94,0,0,0,5,0,21,0,0,0,0,0,0,18,2,0,0,0,0,0,0,0,0,0,0,3,0,19,7,0,0,18,0,0,0,0,8,0,98,0,84,0,98,0,0,0,0,0,0,0,0,0,0,0,0,1323,0,0,29,0,0,6,0,0,0,0,0,0,0,0,0,0,0,0,0,0,0,18,0,0,0,0,0,0,0,8,0,0,0,0,0,614,36,0,147,0,49,0,0,0,3,35,0,71,826,0,0,0,0,0,0,0,0,0,0,0,0,0,14,0,0,150,0
"Subject_184",14,0,0,0,0,0,31,0,0,0,0,0,0,0,53,0,1,0,0,0,0,6,0,0,0,1304,0,0,0,0,0,0,0,371,0,0,0,0,0,0,0,200,0,108,0,2303,0,0,0,0,0,0,0,0,0,0,0,0,0,0,0,30,0,0,0,0,5,0,16,21,118,0,0,0,0,0,0,0,0,0,0,0,0,0,94,0,2,0,0,0,0,0,0,0,0,0,0,0,0,2,0,0,0,0,5,0,200,43,0,0,0,0,0,362,0,0,0,0,5,5,0,0,0,0,0,32,0,0,0,0,0,250,0,12,0,0,0,0,0,0,0,0,0,0,0,0,0,0,0,0,0,0,0,0,0,0,0,0,0,73,0,0,0,1227,0,0,0,0,0,0,0,0,0,2,0,0,0,0,11,0,0,0,0,0,0,0,0,0,0,0,0,287,0,0,0,0,0,0,0,0,0,0,0,0,0,0,0,0,0,0,0,0,0,0,5,0,0,0,0,0,0,0,0,0,0,0,0,0,79,0,23,0,0,18,0,0,0,0,0,5,0,0,0,0,0,0,0,0,0,0,0,0,0,0,0,0,0,0,0,0,0,0,0,0,0,0,0,0,0,18,0,0,88,0,8,0,0,0,0,1892,0,0,496,0,0,0,0,0,0,0,0,0,0,0,0,0,1,0,0,177,0
"Subject_185",0,0,0,0,0,0,0,0,0,0,0,0,18,143,411,0,0,0,32,117,0,13,0,0,0,29,0,0,42,348,74,0,0,45,0,0,33,5,4,0,0,574,1,0,0,3,0,0,0,0,11,0,31,0,52,0,0,0,0,0,0,0,0,0,0,0,39,0,0,0,35,0,0,0,0,0,34,0,0,3,0,0,16,0,14,20,0,0,0,96,0,0,973,2,0,49,0,0,4,0,0,0,0,0,4,0,2,505,0,0,0,0,0,6,0,0,0,0,418,0,0,0,0,58,98,87,0,0,0,0,146,217,0,0,0,0,263,0,0,0,98,0,0,0,0,0,0,0,140,0,8,6,0,0,0,0,0,0,0,6,0,0,0,0,0,0,7,0,0,0,0,0,0,0,0,0,0,37,15,0,0,0,0,0,18,0,0,0,0,0,0,4,0,0,0,0,0,0,0,0,0,0,0,182,0,18,0,0,0,0,0,0,0,0,7,0,6,0,16,0,0,0,0,0,0,0,0,0,1,0,3,0,0,85,0,0,18,0,0,0,0,0,0,0,0,0,0,0,0,0,0,2,0,0,0,0,22,0,0,2,0,0,0,0,0,0,0,11,0,730,0,13,2235,0,0,0,0,0,7,777,0,0,103,0,0,0,0,0,0,224,0,0,0,0,27,0,37,11,0,46,0
"Subject_186",0,0,0,4,0,0,20,21,0,0,0,0,0,0,0,0,6,0,0,0,41,88,0,2,0,100,3,0,8,6,0,0,0,0,0,0,0,172,0,0,0,0,0,75,0,2,0,0,0,0,0,0,0,0,0,0,0,0,0,71,0,0,0,0,0,0,14,0,0,0,0,0,0,128,0,0,0,0,0,0,0,0,0,0,0,0,3,0,0,0,0,3,4,0,0,0,0,0,93,0,0,2,0,0,0,0,0,3143,0,0,0,0,0,37,0,0,0,0,170,0,0,0,7,8,261,0,0,0,0,0,0,224,0,0,0,0,0,0,0,0,12,0,3,0,0,0,22,0,0,17,20,0,0,0,0,3,53,0,0,36,9,0,0,0,0,0,0,0,0,0,3,0,34,0,0,0,0,0,0,3,0,0,0,0,16,0,0,0,0,0,0,15,2,0,0,0,0,0,0,0,0,0,0,0,0,112,0,0,0,1,95,0,0,0,29,0,36,0,100,0,96,9,0,0,0,0,0,0,0,0,80,0,0,27,0,0,0,0,0,0,0,0,0,0,3,0,0,0,0,0,0,0,0,0,0,2,44,0,0,4,0,0,0,4,0,0,0,0,0,30,0,10,215,0,0,0,0,0,7,3591,0,0,114,0,0,0,38,0,0,35,0,0,0,0,201,0,31,0,0,124,0
"Subject_187",58,5,0,0,0,0,0,0,0,0,0,0,0,0,1,0,0,0,0,0,0,0,0,6,0,2,0,0,6,12,297,0,0,0,0,0,13,183,2,0,0,0,0,0,0,0,0,0,4,0,0,0,0,0,0,0,0,0,0,0,0,0,0,0,0,0,19,0,0,0,0,0,0,0,0,0,0,0,0,0,0,0,0,0,0,0,0,0,0,0,0,1,12,0,0,41,0,0,0,0,0,1,0,0,0,0,0,2859,0,0,0,0,7,0,0,0,0,4,0,0,0,0,0,8,0,0,0,0,0,0,0,0,0,0,4,29,0,0,0,0,3,0,0,0,0,7,0,0,0,0,13,0,0,8,1,0,61,0,0,300,17,27,0,0,0,30,0,0,0,0,0,0,0,0,11,0,0,0,126,0,0,0,0,0,0,0,2,0,0,0,0,0,6,5,0,0,0,0,0,0,0,6,0,0,0,0,1,68,0,4,0,0,0,0,0,0,0,0,0,0,12,0,0,0,0,0,0,0,0,0,0,0,0,210,0,0,0,8,0,0,43,0,0,0,10,24,0,0,0,0,0,0,0,0,0,0,1,0,0,0,0,0,0,0,2,0,0,0,0,147,0,0,319,0,0,0,0,0,3,4716,0,0,18,0,0,0,0,0,0,0,0,0,0,0,208,0,5,0,0,0,0
"Subject_188",0,0,0,0,0,0,20,19,0,0,0,3,0,260,1,0,0,0,8,2,17,17,0,1,1,1807,0,0,3,0,3,0,0,18,0,0,15,323,0,0,2,164,0,130,0,125,0,0,0,0,2,0,9,0,7,2,0,0,0,50,0,56,8,0,0,2,146,40,26,0,6,0,0,8,0,0,0,0,0,22,0,2,67,0,505,0,23,0,0,56,0,1,0,0,0,0,0,0,53,0,17,0,0,17,2,26,8,477,4,22,0,0,0,417,0,0,0,0,12,0,0,0,17,23,16,3,0,10,0,14,0,188,0,8,11,0,0,0,0,25,1,0,0,0,0,0,24,0,10,0,12,0,0,0,0,0,0,0,15,52,0,0,0,1,0,0,0,0,0,0,2,0,1,0,0,0,5,0,187,2,0,0,0,0,10,0,4,0,0,0,0,127,2,0,41,0,0,0,0,0,2,0,0,0,0,6,2,0,2,1,0,0,4,0,3,0,34,9,0,2,0,24,0,0,0,0,82,0,9,2,49,0,0,94,0,0,0,0,0,0,0,0,0,0,0,0,0,3,0,0,6,1,0,0,0,0,2,7,2,14,2,0,0,2,0,4,0,0,9,8,0,3,289,0,3,0,1,0,3,3185,0,0,168,0,0,0,0,2,32,15,0,0,0,0,5,0,6,0,0,73,0
"Subject_189",0,3,0,0,0,0,5,33,0,0,0,0,0,30,6,0,0,0,0,0,86,33,0,7,0,451,1,12,38,14,48,0,0,163,2,0,20,94,32,0,2,181,0,67,0,16,0,0,0,0,24,0,19,0,42,0,0,0,0,65,0,36,30,3,0,0,3,0,6,0,96,0,0,18,0,0,3,0,0,37,0,8,14,0,16,19,1,0,0,143,374,5,47,0,0,0,2,0,0,0,10,0,16,3,0,21,2,50,0,0,0,0,0,41,22,0,0,363,66,0,0,0,0,11,161,0,2,0,0,45,0,42,65,0,123,20,54,0,0,9,2,0,0,1,0,577,17,0,35,0,9,44,0,21,0,0,11,0,0,31,12,38,0,300,0,25,0,0,0,8,9,0,0,0,0,0,2,124,19,0,0,0,0,0,8,0,0,0,0,0,15,44,0,0,0,1,0,3,7,2,0,0,0,0,0,39,2,57,1,15,0,0,0,0,7,1,110,22,336,0,66,4,189,0,0,0,3,0,54,1,143,6,11,528,0,0,83,0,2,16,35,0,0,0,7,0,0,0,0,0,98,0,26,0,43,55,15,0,5,0,0,0,4,4,2,2,0,0,0,13,0,37,30,0,0,0,0,3,12,2561,0,0,128,0,0,1,0,0,1,77,0,0,0,0,151,0,5,0,0,142,0
"Subject_190",0,0,0,0,0,0,0,71,0,2,0,0,0,167,6,0,0,14,14,0,63,0,0,2,0,1229,0,4,3,0,14,0,0,31,0,0,0,24,0,0,0,184,0,0,0,27,0,0,0,0,0,0,33,0,0,17,0,0,0,392,5,12,0,0,0,0,108,0,0,37,49,4,0,0,0,0,0,0,0,44,0,0,1,0,0,0,0,0,0,42,0,6,9,0,0,0,0,0,7,0,0,0,0,3,0,0,2,8,0,0,0,0,0,575,7,0,1,0,17,22,13,0,0,115,197,503,0,0,0,0,13,28,120,0,0,3,9,0,0,11,4,9,0,0,0,0,0,0,0,0,5,0,0,26,0,0,0,0,8,40,0,57,0,0,0,0,0,0,0,0,0,0,2,0,0,0,0,0,44,2,0,0,0,0,0,0,12,97,0,0,0,355,0,12,0,0,0,0,0,0,360,0,0,2,227,8,0,0,2,2,0,0,0,0,12,0,0,14,0,0,0,11,0,0,0,0,79,0,41,0,58,0,3,13,0,0,9,0,0,0,51,0,0,2,0,0,0,0,0,0,1,5,0,0,0,0,0,0,0,10,0,0,0,0,0,0,0,0,0,3,0,0,162,0,0,0,0,0,2,3373,0,0,392,0,0,0,0,0,5,105,0,0,0,0,20,0,49,0,0,50,0
"Subject_191",0,0,1,0,0,0,0,3,0,0,0,0,0,1,93,0,2,11,0,0,3,14,0,0,0,1832,1,0,14,0,31,0,2,118,7,0,12,1,0,0,0,0,0,44,0,147,0,2,0,0,0,0,0,0,4,0,0,0,0,1,0,15,0,1,69,1,14,0,0,0,11,0,0,9,0,0,0,0,0,1,0,1,240,0,2,13,285,0,0,205,0,2,15,0,0,3,0,0,990,0,11,0,0,1,0,42,9,652,0,0,0,119,0,261,10,21,0,0,4,0,0,10,0,91,218,0,0,0,0,0,49,354,2,0,0,46,16,0,0,0,13,0,0,0,0,0,0,0,0,5,3,16,18,26,1,0,0,0,0,53,0,22,0,0,0,48,0,0,0,1,0,0,0,0,0,0,0,22,1,0,6,0,0,0,0,0,0,0,21,2,0,38,0,0,0,2,128,1,8,0,0,0,33,2,0,5,0,69,0,27,0,0,0,0,2,1,21,7,16,0,25,0,2,0,0,0,2,0,192,3,113,0,0,454,145,31,5,0,0,0,18,11,0,0,0,0,0,0,0,0,0,2,3,0,7,2,0,0,1,15,2,61,0,0,0,0,0,39,0,20,2,2,396,0,0,0,0,2,1,1090,0,0,14,0,0,13,0,17,1,0,0,0,0,0,470,29,0,44,0,16,0
"Subject_192",0,0,0,10,0,0,2,0,111,0,0,0,0,0,636,0,0,0,0,0,0,2,2,5,0,987,0,0,40,0,0,0,0,10,0,0,0,0,0,0,0,0,0,0,0,0,0,0,0,0,0,0,0,0,0,0,2,0,0,12,0,16,0,0,0,60,0,0,0,0,2,0,0,3,0,0,0,0,0,0,0,2,3,0,0,3,0,0,0,0,0,29,0,0,0,0,0,0,0,0,0,0,0,2,2,0,1,3546,0,0,0,0,0,0,0,0,0,21,61,0,0,0,0,0,0,0,0,0,0,0,0,0,0,5,0,0,0,0,0,0,523,0,0,0,0,0,4,2,0,0,2,0,0,12,0,0,0,0,0,2,0,0,0,1,0,0,0,0,6,0,3,0,0,0,0,0,0,1,0,0,0,0,0,0,2,0,0,0,0,0,6,0,0,0,0,0,0,0,0,0,0,0,0,1,0,27,0,0,0,0,0,0,0,0,2,2,13,1,92,0,0,10,0,11,0,0,0,0,2,0,0,4,0,4,0,0,0,0,0,4,0,0,0,0,0,11,0,0,0,0,0,2,2,0,3,16,0,0,0,0,2,0,0,2,0,0,0,0,0,3594,0,0,52,0,0,0,0,3,4,2,0,0,2,0,0,0,0,0,3,0,0,0,0,0,5,0,0,0,0,2,0
"Subject_193",0,0,0,0,0,0,16,0,0,0,0,0,0,0,6,0,0,0,5,91,0,0,0,0,0,4,0,0,11,43,0,0,0,61,0,0,15,276,0,2,0,0,0,0,0,2571,0,0,0,0,0,0,0,0,0,0,0,0,0,0,6,0,0,0,0,0,106,0,0,147,0,0,0,0,0,0,0,0,0,584,0,0,185,0,0,1,0,0,0,13,0,6,0,0,0,0,0,0,26,21,0,3,0,0,0,0,63,183,0,0,13,12,0,93,0,0,0,0,28,0,6,0,0,7,48,0,0,0,0,0,0,41,0,0,0,0,0,4,0,0,7,0,4,0,0,7,0,0,0,0,13,0,0,0,0,0,0,0,0,0,0,0,0,0,0,27,19,0,0,3,20,0,2,0,0,0,0,151,23,0,0,0,0,0,48,0,0,0,0,0,0,117,2,10,0,0,0,0,0,0,9,0,0,427,294,32,0,0,3,2,0,0,0,0,41,0,80,0,44,0,87,0,0,0,0,0,0,0,0,0,108,0,0,41,100,0,50,0,0,0,0,0,0,0,0,0,0,0,0,0,0,0,0,0,0,2,0,0,0,0,0,0,4,0,0,2,0,0,93,12,9,0,64,0,0,0,0,0,2,2480,0,0,549,0,0,0,0,0,0,0,0,171,0,0,10,0,5,0,0,133,0
"Subject_194",0,0,0,2,0,0,0,1,0,0,0,1,0,203,52,1,2,0,0,0,19,1,0,0,0,3239,0,2,11,3,1,19,0,1,0,0,0,2,0,0,0,0,0,27,0,1,0,0,0,0,0,0,0,0,2,0,1,0,0,1,0,7,0,0,4,0,107,0,0,11,0,0,0,14,0,330,0,0,0,0,0,0,2,0,13,0,224,0,0,7,0,54,116,17,0,0,0,0,1,0,13,0,0,0,0,0,0,3629,0,0,0,0,0,4,0,0,0,0,2,0,0,0,0,3,30,0,0,0,0,0,1,4,0,0,0,0,0,0,0,0,0,0,1,0,0,455,2,0,0,0,3,0,0,12,0,0,0,0,4,2,0,34,0,0,0,17,0,0,0,0,2,0,2,0,9,0,0,2,1,0,0,0,0,0,2,0,0,0,0,0,0,12,0,4,0,2,0,0,0,0,0,0,1,2,0,17,0,24,0,0,0,2,118,0,0,0,0,3,0,5,7,9,0,0,0,0,0,0,0,0,8,0,0,182,84,0,6,0,0,0,13,0,0,0,0,0,0,0,0,0,0,1,0,0,0,134,13,0,0,1,1,0,0,0,0,0,0,0,0,412,0,1,37,0,0,0,0,0,2,151,0,0,1,0,0,0,0,0,11,6,0,0,0,0,2,0,0,0,1,10,0
"Subject_195",2,0,0,0,0,0,0,151,89,0,0,0,0,133,3,0,0,0,1,10,57,16,0,1,0,2,0,0,1,1,180,8,0,10,0,0,0,28,0,0,0,2,21,22,0,26,0,4,1,0,3,0,0,0,25,0,0,0,0,230,0,0,0,3,0,0,21,0,0,0,104,0,0,11,0,0,2,1,0,57,0,9,3,0,0,0,1,0,1,16,850,5,3,0,0,1,0,0,22,0,20,0,0,0,0,0,2,335,0,33,0,38,0,95,4,0,0,0,26,0,5,0,0,9,13,0,0,0,0,0,0,97,86,0,0,0,2,0,0,0,2,0,3,0,0,111,2,0,0,0,3,0,0,13,1,0,46,0,233,0,10,25,0,106,0,28,0,0,0,0,3,0,0,0,23,2,0,82,168,0,0,0,0,0,0,1,0,0,0,0,4,31,0,4,0,0,118,0,0,0,0,0,1419,186,242,6,0,23,0,2,0,95,0,0,3,1,187,180,2,0,56,42,0,5,0,0,0,0,39,6,89,0,0,77,0,0,25,7,0,0,43,0,0,0,0,33,0,0,0,9,0,1,5,0,8,3,2,0,16,4,0,0,0,1,0,0,0,0,7,104,0,8,195,0,0,1,0,2,26,2519,0,0,13,0,0,0,0,0,167,8,0,0,0,0,64,12,2,96,0,46,0
"Subject_196",0,0,0,2,0,2,2,113,0,2,6,2,0,72,2,0,0,2,2,0,111,41,0,0,0,0,8,0,10,11,80,0,2,35,3,0,387,56,0,0,0,8,0,81,6,2,0,6,0,0,4,0,2,0,3,2,0,0,0,270,5,32,0,11,0,0,0,0,3,69,463,3,0,10,2,0,2,0,0,65,2,0,191,0,159,3,2,0,0,29,0,3,15,0,0,0,0,0,10,0,0,0,0,0,2,0,0,1565,0,0,2,53,0,92,0,2,0,0,28,0,0,0,0,0,21,0,0,0,1,58,16,33,1,3,0,14,12,0,0,0,0,0,0,3,0,0,3,8,2,50,5,12,0,0,0,0,0,0,0,64,2,35,0,0,0,0,4,0,0,0,5,0,1,0,0,0,3,160,66,2,0,0,0,0,30,0,0,0,0,2,2,24,0,0,0,0,0,4,0,2,0,0,0,98,390,5,0,0,3,15,0,0,0,0,6,2,0,184,344,0,82,56,10,0,0,0,292,0,69,7,96,3,0,123,0,0,8,0,0,0,0,0,115,0,7,0,0,0,0,11,0,2,27,0,28,5,0,1,8,0,0,0,0,4,14,0,0,0,2,0,74,29,69,0,0,0,0,7,4,2571,2,0,75,2,0,0,0,0,21,25,0,0,0,0,267,4,4,0,0,8,29
"Subject_197",121,0,0,43,0,0,4,61,0,0,0,0,0,0,0,541,0,0,31,0,0,30,0,0,0,3,6,39,129,25,17,0,0,0,0,0,0,0,0,0,0,519,0,0,0,66,0,0,0,0,0,0,23,0,39,0,0,0,0,0,0,0,0,0,10,0,29,0,43,75,49,0,0,0,0,0,7,0,0,0,0,0,6,0,0,0,6,0,9,84,0,67,195,0,0,0,0,0,0,0,0,0,0,0,0,0,0,5,333,0,0,0,0,13,0,0,0,0,6,0,7,0,0,85,103,0,0,0,0,0,0,271,0,0,0,0,123,0,0,26,0,0,0,2,0,0,0,30,39,0,10,0,0,110,126,0,0,2,0,0,0,0,0,0,0,0,0,0,0,0,0,0,3,0,0,0,0,0,20,0,0,0,0,0,0,0,0,0,0,0,0,29,0,0,0,0,0,0,0,0,0,0,1,33,0,0,0,0,3,37,0,0,0,0,0,0,178,0,215,0,0,28,0,0,0,0,35,0,0,0,370,0,0,0,0,0,0,0,0,0,0,0,0,0,0,0,0,0,0,0,0,0,0,0,0,0,0,0,0,48,0,0,0,0,0,0,0,0,0,0,0,0,1675,0,0,0,0,0,0,3214,0,0,0,0,0,0,0,0,0,0,0,0,0,17,485,0,17,0,0,19,0
"Subject_198",0,0,0,0,0,0,21,0,1,0,0,0,0,0,61,0,110,0,0,0,43,0,0,17,30,1853,0,0,75,12,1009,0,0,184,0,0,0,617,0,0,0,0,0,0,0,111,0,0,0,17,0,0,0,0,0,0,0,2,0,0,12,56,0,0,0,0,0,33,0,0,0,0,0,0,1602,0,0,0,0,0,0,0,0,0,0,2,0,0,0,63,0,61,93,0,0,0,0,0,0,3,0,0,0,0,5,0,0,0,0,0,0,0,0,427,0,0,0,0,132,0,0,0,156,0,71,0,0,0,0,0,25,220,0,0,0,0,1105,0,31,0,4,0,0,0,0,0,0,0,0,0,9,3,0,0,0,0,0,0,0,0,0,0,0,0,0,0,70,0,0,7,8,0,0,0,0,0,0,0,0,0,0,0,0,0,0,0,0,0,0,0,0,0,65,10,927,0,0,0,0,0,0,0,0,0,0,13,0,0,0,10,0,0,0,38,0,0,0,0,17,0,0,0,0,0,0,0,0,0,158,0,0,0,0,0,0,0,0,0,0,0,0,0,0,0,0,0,0,0,0,80,0,0,46,0,0,0,6,0,0,0,26,0,0,0,0,0,0,0,0,4,0,0,68,0,0,0,2,0,20,0,0,0,0,0,0,0,0,0,0,7,0,0,0,0,18,0,41,0,0,79,3
"Subject_199",0,1,0,0,0,0,0,17,0,0,0,0,0,1,127,0,60,0,6,9,145,1,0,9,0,90,0,15,5,0,56,0,0,21,0,0,0,1,0,21,0,72,0,48,0,0,0,0,0,0,0,0,0,0,149,0,0,0,0,6,0,12,0,2,0,0,37,0,0,40,27,0,0,12,0,0,4,0,0,12,0,0,0,0,0,0,2,0,0,10,1105,3,0,0,0,0,0,0,0,0,25,0,0,0,0,0,9,118,0,0,0,0,0,947,5,0,0,0,7,0,0,0,0,26,27,0,0,0,0,0,0,6,0,0,161,0,391,11,2,0,4,0,0,0,0,0,0,0,14,156,2,0,0,12,16,0,53,0,13,19,0,29,0,2,0,51,0,0,0,1,0,0,0,0,0,0,0,2,18,0,0,0,0,0,0,0,0,0,0,0,0,9,0,71,0,0,15,2,0,0,0,0,1855,0,0,2,0,61,0,0,0,0,0,0,0,0,29,5,55,0,4,2,0,0,0,67,0,0,65,0,2,0,0,661,0,0,10,0,0,0,0,57,0,4,9,150,0,0,0,0,0,2,0,0,0,0,1,0,3,28,0,0,5,2,0,0,0,0,0,2167,0,0,91,0,0,0,0,0,0,243,0,0,2,0,0,2,0,0,0,9,0,0,0,0,24,0,6,0,0,1,26
"Subject_200",0,0,0,0,0,0,109,0,0,0,0,0,0,0,1238,0,0,0,0,5,0,17,0,113,0,74,0,24,0,184,860,0,0,9,0,0,0,0,0,0,0,283,0,56,0,31,0,0,0,0,0,0,46,0,44,0,0,0,0,0,0,0,0,0,0,0,0,0,0,63,0,0,0,0,0,0,0,0,0,789,0,0,0,0,366,0,0,0,0,0,0,0,0,0,0,0,0,0,6,0,0,8,0,0,0,0,0,1747,0,0,0,0,123,87,0,0,0,0,286,0,0,0,0,57,0,0,0,0,0,0,0,720,0,0,0,0,0,0,0,0,0,0,0,0,0,0,0,0,18,0,0,0,0,0,2,0,0,0,0,45,0,0,0,0,0,0,0,0,0,0,0,0,0,0,0,0,0,0,0,0,0,0,0,0,0,0,0,0,0,0,0,165,0,0,0,0,0,0,0,0,0,0,0,0,0,602,0,0,3,0,0,0,0,0,4,0,113,0,0,0,0,0,0,0,0,0,0,0,8,0,0,0,0,26,0,0,0,0,0,174,0,0,0,0,346,0,0,0,0,0,0,0,0,0,0,0,0,0,41,90,0,0,0,0,0,0,0,0,0,11,0,155,33,1,0,0,0,0,0,446,0,0,226,0,0,0,0,0,0,0,0,0,0,0,0,0,20,0,0,122,0
"Subject_201",0,0,0,0,0,0,4,0,0,0,0,0,0,0,32,5,0,0,0,0,0,0,0,0,0,3084,0,12,22,0,0,0,0,0,0,0,0,0,0,0,0,0,0,0,0,0,0,0,0,0,0,0,0,0,0,0,0,0,0,21,0,0,0,40,0,0,30,0,0,0,0,0,0,0,0,0,0,0,0,0,0,0,0,0,0,2,0,0,0,0,0,35,30,0,0,0,2,2,0,0,0,20,0,0,0,0,0,2567,0,0,0,0,0,0,0,0,2,0,0,78,0,0,26,0,0,0,0,0,0,0,0,0,0,9,0,0,0,0,0,0,7,0,0,0,0,0,12,0,0,0,0,0,0,8,2,0,0,0,0,0,0,0,0,0,0,0,0,0,0,0,0,0,1,0,0,0,0,0,389,0,0,0,0,0,0,0,0,0,0,0,2,0,0,27,0,0,471,0,0,0,0,0,0,0,0,11,0,0,0,0,0,0,0,0,0,0,0,0,1,0,0,59,0,0,0,0,0,0,0,0,0,0,0,0,38,0,0,0,0,0,0,0,86,0,12,0,0,0,0,0,0,0,0,2,0,6,6,0,0,0,0,0,0,0,0,0,0,0,0,1327,0,0,233,0,19,0,4,4,0,0,0,0,0,0,1134,0,0,2,0,0,0,0,0,0,100,0,14,0,0,0,0
"Subject_202",4,0,0,1,0,0,1,0,0,0,0,0,0,0,28,0,43,0,0,0,0,124,0,1,0,2497,0,0,7,0,18,0,0,76,0,0,38,22,0,0,1,74,0,23,0,42,0,2,0,0,0,0,4,0,0,0,0,0,0,60,0,0,2,1,0,0,25,0,20,66,4,0,0,14,0,0,2,0,0,0,0,4,6,1,0,4,0,0,0,36,66,1,31,0,0,1,0,0,48,0,10,0,0,0,0,8,92,70,0,0,0,0,0,47,10,1,0,11,55,0,0,0,9,6,811,0,0,0,0,0,6,100,0,8,1,2,201,1,0,3,2,0,0,0,0,11,0,0,0,18,4,0,0,30,1,0,0,0,0,16,0,24,0,0,0,13,0,0,8,7,0,0,0,2,1,0,0,6,0,0,0,0,0,0,1,5,0,0,0,0,2,32,2,5,0,0,0,1,0,0,0,0,0,82,0,4,0,24,0,2,0,0,0,0,10,0,30,4,62,0,26,15,0,0,0,10,0,0,0,1,93,0,0,2000,0,0,9,0,0,4,0,0,216,0,5,18,0,0,0,0,60,2,5,1,2,104,7,0,2,0,3,8,0,1,0,0,0,0,0,13,0,0,439,0,0,1,0,1,6,1164,0,0,173,0,0,0,0,7,2,0,0,0,0,0,141,0,19,0,0,163,22
"Subject_203",40,0,0,0,0,0,2,11,0,0,0,0,0,2,6,0,0,0,8,0,3,22,0,0,0,773,0,13,35,0,457,0,0,25,0,18,43,25,0,0,2,73,0,40,0,14,0,0,0,0,0,0,10,0,0,0,0,0,0,209,0,38,0,0,0,5,124,0,0,55,12,0,0,0,0,0,0,0,0,109,0,0,124,0,6,12,0,0,0,16,0,0,0,0,0,0,0,0,30,0,33,0,0,0,3,39,0,1368,2,24,0,0,0,13,7,0,0,0,103,0,0,0,0,5,22,8,0,0,0,0,8,5,0,0,0,0,227,0,0,16,3,0,0,0,0,0,60,0,20,0,5,0,0,5,0,0,0,0,0,127,0,0,2,128,0,0,4,0,0,0,40,0,2,0,0,0,0,25,668,0,0,0,0,0,3,0,0,0,0,0,0,48,16,104,0,0,0,0,0,0,0,0,0,0,0,37,0,0,2,2,0,0,4,4,11,0,93,0,7,4,0,30,0,0,0,0,0,0,8,0,48,0,0,647,0,0,0,0,0,0,39,0,0,0,0,0,0,8,0,0,6,2,4,0,31,105,3,0,8,0,12,0,0,4,0,0,0,0,0,1643,0,44,43,0,0,0,0,0,57,1085,0,0,188,12,0,0,0,0,34,28,0,0,0,0,107,0,84,0,0,50,0
"Subject_204",0,0,0,0,0,0,345,119,0,0,0,0,3,19,204,2,0,3,0,0,45,46,0,104,0,0,0,0,601,72,118,0,0,40,0,0,52,68,1,1,0,1,0,26,0,0,0,2,0,0,2,0,0,0,9,0,4,0,0,69,0,29,0,2,0,0,9,0,0,0,154,6,0,38,0,3,2,0,0,2,0,7,2,0,132,0,0,0,0,156,0,68,328,0,0,8,0,0,2,46,0,0,0,5,3,27,0,1029,54,7,0,0,0,104,12,20,0,13,5,18,0,0,0,0,17,0,0,0,0,75,0,12,4,32,0,0,905,0,0,0,28,0,0,3,0,0,7,4,0,67,3,0,2,24,361,0,0,0,2,60,0,64,0,0,0,0,0,8,0,0,20,13,1,0,0,0,8,3,806,0,0,0,0,0,80,0,0,0,0,0,2,54,526,228,0,3,0,2,0,0,0,0,0,56,0,56,2,0,2,127,0,0,0,0,5,3,60,19,3,9,5,5,258,0,3,0,0,0,44,3,11,5,0,658,0,0,23,0,0,0,0,0,0,0,0,62,0,0,3,0,73,14,39,0,40,25,3,0,11,0,3,0,2,2,2,0,0,0,4,10,0,0,84,0,0,3,0,1,9,11,0,0,78,0,0,0,0,2,7,37,0,0,2,0,190,3,54,0,0,211,0
"Subject_205",0,0,2,9,0,0,0,25,215,0,6,0,0,53,0,0,0,0,1,0,31,140,0,0,0,1034,1,0,0,1,0,0,2,190,2,0,0,0,0,0,0,0,0,74,12,0,0,0,0,0,0,0,1,0,0,11,0,0,0,135,16,0,2,30,263,12,343,0,0,0,9,0,1,16,0,0,0,0,0,171,0,18,270,0,7,2,195,0,0,32,0,2,0,12,0,0,0,0,62,0,26,0,19,25,4,0,25,954,0,0,0,0,0,229,18,0,0,9,163,0,0,0,0,9,45,0,0,0,0,0,43,9,0,0,0,4,0,0,0,0,0,0,0,0,66,756,0,0,3,0,27,0,0,6,0,0,0,2,24,16,0,66,5,0,0,32,0,0,14,0,0,0,0,0,109,0,0,9,645,4,154,0,0,0,0,0,0,0,0,0,0,19,0,0,0,0,0,1,0,0,2,0,0,0,0,20,2,27,0,0,0,0,0,0,0,19,0,50,207,4,13,80,0,90,0,3,0,0,7,10,58,0,0,336,0,0,10,0,0,4,0,0,0,0,0,0,239,0,0,0,0,0,0,0,0,2,2,12,0,0,0,0,0,3,0,3,29,0,17,534,0,0,34,0,0,0,0,2,14,181,1,0,553,0,0,0,3,0,141,12,0,1,8,0,2,69,0,0,0,216,31
"Subject_206",8,0,0,0,1,0,0,1,0,0,10,1,0,0,3,0,0,0,22,0,2,2,0,3,0,3530,0,0,7,35,185,19,0,13,0,0,119,15,0,0,0,56,0,11,0,898,0,4,0,0,4,0,15,8,1,0,0,0,0,6,0,0,0,0,0,0,17,0,0,0,2,0,0,0,0,0,5,0,0,15,0,0,140,2,8,0,0,0,0,7,354,2,4,0,35,0,0,0,9,0,13,0,0,0,0,15,2,318,61,7,0,0,0,95,11,1,0,0,90,0,0,2,0,5,46,0,0,0,0,47,91,466,0,0,0,1,4,0,0,11,9,0,0,0,0,4,0,11,0,14,14,9,0,48,0,0,0,0,13,8,0,38,0,0,0,22,0,0,5,0,7,0,0,0,6,0,6,0,286,0,2,0,0,0,14,0,0,1,0,0,0,15,0,5,261,0,0,0,0,0,0,0,0,2,0,0,0,87,0,2,0,2,1,0,2,1,29,2,6,0,6,22,0,0,0,0,66,0,33,5,0,0,0,4,0,0,13,0,0,0,12,2,0,9,0,0,0,0,0,0,27,3,8,0,3,8,0,0,1,2,11,0,0,1,187,0,14,0,0,6,0,2,470,0,2,1,0,0,1,1087,0,0,86,0,0,0,0,0,15,14,3,0,0,0,2,6,0,44,0,26,0
"Subject_207",0,0,0,0,0,0,1,22,0,0,0,0,0,0,9,0,0,0,0,0,0,7,0,3,0,113,1,0,3,36,707,0,0,42,0,0,6,90,0,8,5,228,0,0,0,330,0,0,0,3,0,0,32,0,0,0,0,3,0,331,0,57,0,0,0,0,159,0,19,0,0,3,0,11,0,0,7,0,0,121,0,0,181,0,0,3,2,0,0,152,5,6,5,0,0,0,0,0,64,0,24,0,0,0,0,180,0,1155,54,0,0,0,0,327,11,21,0,0,105,0,0,0,0,9,13,72,0,0,0,0,0,414,0,19,38,1,2,3,0,27,16,8,0,0,0,5,0,0,44,6,0,41,0,0,0,0,0,2,0,109,4,48,0,40,0,27,0,0,0,0,0,0,8,0,0,0,0,28,417,0,0,0,0,0,0,0,0,0,0,1,0,66,2,0,0,0,0,0,48,0,0,0,0,0,218,71,0,40,2,3,0,0,0,0,3,0,80,0,20,0,2,0,0,0,0,0,0,0,0,27,136,10,0,41,149,0,0,0,0,0,22,57,0,0,0,0,0,0,1,0,0,3,0,0,68,6,19,0,18,14,0,0,4,6,320,0,0,24,0,26,0,0,195,0,0,0,0,0,29,1502,0,0,574,0,0,0,0,0,59,0,0,0,0,4,17,0,3,0,0,63,0
"Subject_208",0,0,0,0,0,0,0,0,0,0,0,0,0,0,7,0,7,1,8,1,36,25,1,0,2,434,0,9,2,2,332,0,0,14,0,0,0,65,1,0,2,27,0,27,0,2,0,2,0,0,0,3,18,0,0,1,0,0,0,38,3,43,0,0,0,22,252,0,0,0,24,0,0,20,618,0,0,0,0,14,0,0,0,1,0,2,0,0,0,50,0,1,0,0,1,0,0,0,6,0,25,0,1,0,0,22,2,4342,0,0,0,0,0,54,9,3,0,0,30,0,4,0,0,3,14,40,0,8,4,0,16,107,0,0,9,0,34,0,0,16,2,0,0,0,0,0,13,0,12,0,6,0,0,14,0,0,0,0,25,23,0,0,0,0,0,0,2,0,0,0,4,0,0,0,15,0,0,0,215,1,2,0,0,0,12,0,0,2,0,0,0,19,2,0,0,0,0,0,0,2,0,0,0,0,0,2,0,87,0,3,4,0,15,0,8,0,25,44,0,0,0,0,0,0,0,8,0,0,14,11,108,0,0,65,0,0,13,0,0,0,10,97,0,0,6,0,0,0,0,0,0,1,8,0,31,1,5,0,6,6,1,0,0,2,0,0,0,0,0,498,0,27,51,1,1,0,0,0,8,1282,0,0,108,0,0,0,0,0,109,35,0,0,0,0,19,0,5,0,0,41,0
"Subject_209",0,0,0,0,0,0,0,15,0,1,2,2,0,207,23,0,0,0,0,0,49,15,0,0,0,1234,0,0,5,0,8,0,16,2,0,4,2,1,2,0,1,0,0,21,0,52,323,1,0,0,0,0,0,0,1,0,0,0,0,11,0,1,0,0,0,0,52,0,0,0,11,0,0,44,0,0,0,0,0,7,1,0,103,1,32,0,198,0,0,29,139,1,0,0,29,0,0,0,22,0,6,0,0,1,6,11,52,1444,22,0,0,13,0,114,3,0,0,0,6,0,11,8,0,47,16,0,0,0,2,35,1,482,13,0,0,5,2,2,0,0,0,0,0,0,0,0,0,9,0,0,5,2,0,61,1,0,0,0,6,13,0,24,3,292,0,18,6,0,0,1,0,0,0,0,0,0,0,2,1,2,8,0,23,0,2,0,0,0,40,1,0,39,2,0,20,0,35,3,0,0,0,0,0,2,1,50,0,0,0,2,0,0,1,12,2,0,46,8,0,4,0,24,0,0,0,0,89,0,24,3,39,0,0,1452,0,21,4,0,0,0,34,8,0,10,0,0,0,0,0,0,20,1,1,0,2,4,10,2,1,5,3,0,0,1,0,0,0,23,0,1,0,16,41,0,0,0,0,0,1,2202,1,0,2,0,0,0,0,0,3,2,0,0,1,0,156,1,24,53,0,7,0
"Subject_210",0,0,0,0,0,0,36,0,0,0,3,0,0,0,0,0,0,0,0,0,37,28,0,6,0,0,0,0,10,5,0,0,0,62,0,0,5,93,0,2,0,0,114,0,0,0,0,0,2,0,3,0,0,0,0,0,0,3,0,2,0,11,0,0,0,0,0,26,0,0,3,0,2,0,0,0,0,2,0,3,0,0,0,0,0,0,0,0,3,96,1,56,43,0,0,0,0,0,0,0,0,0,0,0,6,0,0,0,24,0,0,0,0,146,0,2,0,2,0,5,0,0,0,5,212,0,0,0,0,0,0,0,0,3,0,0,3,0,0,0,1,0,2,0,0,0,2,0,0,0,21,0,0,11,0,0,0,0,0,129,0,0,0,0,0,0,0,4,0,0,4,2,1824,0,0,0,0,35,144,0,0,0,0,0,39,0,0,0,0,0,0,79,0,7,0,0,0,0,0,0,0,5,0,1,0,2,0,0,0,17,0,0,0,0,0,0,22,50,7,0,0,35,0,0,0,0,0,0,0,2,567,0,0,2736,0,0,0,14,4,0,18,0,0,0,0,0,0,0,0,0,0,3,2,0,5,2,2,0,0,0,2,0,0,2,0,0,0,0,0,2805,0,0,66,0,0,2,2,0,0,0,0,0,204,0,0,0,0,0,0,17,0,0,0,0,44,0,4,0,0,0,0
"Subject_211",0,0,0,0,0,0,0,0,0,0,0,0,0,232,2,51,3,0,6,0,0,10,3,0,0,1663,0,12,32,116,0,0,0,47,0,0,168,0,0,13,0,34,0,0,0,0,0,0,15,0,0,0,0,0,0,2,0,0,0,0,0,0,0,18,0,0,15,0,0,0,0,2,0,8,0,0,4,0,0,0,0,0,0,0,0,2,54,0,0,52,0,5,3,0,0,0,0,0,0,0,18,0,0,1,0,19,0,332,128,0,0,0,0,1053,12,0,2,0,44,9,0,0,0,6,352,0,0,0,0,0,0,191,0,0,12,1,21,0,0,0,4,0,0,0,0,553,14,0,21,0,0,0,0,16,2,0,0,0,0,0,7,40,0,0,0,37,0,0,0,0,4,4,2,0,10,0,0,0,0,0,0,0,0,0,2,0,0,0,0,0,0,309,1,0,0,0,37,0,7,0,0,0,0,0,0,10,0,114,0,0,0,0,0,0,0,0,0,0,0,0,0,0,0,0,0,0,0,0,0,28,27,0,0,0,80,0,12,0,8,0,16,21,0,0,0,0,0,0,0,0,0,0,0,4,0,0,7,0,0,0,0,0,0,10,0,0,0,0,0,4,0,35,621,0,0,0,0,0,0,2997,0,0,78,0,0,0,0,0,7,44,0,0,0,0,7,0,24,0,0,8,0
"Subject_212",0,9,0,0,0,0,1,50,0,0,0,0,0,626,4,0,2,0,0,0,0,228,0,0,0,237,1,0,0,0,129,0,0,10,0,0,0,102,0,0,0,0,0,0,0,19,0,3,0,1,0,0,0,0,0,0,0,2,0,0,0,0,0,0,0,65,74,0,4,0,0,0,0,0,1342,0,0,0,0,120,0,0,0,0,0,1,0,0,0,46,0,0,2,0,0,0,1,0,40,0,59,0,0,0,36,31,0,137,0,0,3,0,0,78,0,0,0,0,69,0,12,0,0,5,8,0,34,0,0,0,0,102,0,0,0,2,20,0,0,2,2,0,0,1,0,0,0,0,0,0,6,4,0,39,0,0,0,0,0,132,0,18,0,316,0,19,4,0,5,1,7,0,0,1,0,0,0,134,0,0,0,0,0,0,0,0,11,0,0,0,3,3,0,52,308,0,0,0,0,0,0,0,0,108,0,2,0,7,0,0,0,0,0,0,0,0,0,0,0,0,14,26,182,0,0,0,0,0,91,0,118,0,0,288,91,0,13,0,0,2,84,0,0,0,4,284,0,11,0,0,0,0,0,24,0,1,7,0,0,36,3,0,0,1,0,0,0,0,21,3,0,0,22,0,2,0,0,0,0,3167,0,0,71,0,0,0,0,1,32,79,0,0,0,0,286,0,25,0,0,123,0
"Subject_213",12,0,0,0,0,0,4,22,0,0,0,0,0,0,566,0,0,0,15,5,0,4,0,5,5,746,0,3,12,68,86,0,0,40,0,0,20,18,0,18,0,119,0,13,0,6,0,2,0,0,0,0,23,0,4,0,2,0,0,3,0,0,0,0,0,0,24,0,13,114,20,0,0,0,0,0,10,0,0,21,18,0,21,0,224,26,0,0,0,38,0,1,120,0,0,142,0,0,37,0,0,25,0,2,0,0,26,190,4,0,0,8,0,70,7,0,0,0,126,0,7,0,0,0,36,0,0,0,0,0,64,1680,1,0,4,0,24,5,0,0,36,65,23,0,0,0,3,0,16,12,1,9,0,0,2,0,0,0,2,36,0,0,0,2,0,0,0,0,0,0,6,0,0,0,0,0,0,131,7,0,0,0,0,0,15,0,0,0,0,7,0,7,2,0,0,0,0,0,0,0,0,0,0,1,2,5,0,0,0,19,0,0,11,0,3,2,54,14,12,0,1,3,0,6,0,164,0,0,29,0,25,0,0,94,0,0,0,0,0,0,0,0,0,1,0,0,0,0,0,0,308,3,0,0,12,0,0,0,2,0,4,0,0,0,92,0,0,0,0,879,0,12,271,0,0,0,0,9,4,2400,0,0,19,0,0,0,0,7,5,13,75,0,0,0,107,0,0,0,0,23,0
"Subject_214",0,0,0,2,0,0,4,0,0,0,0,0,2,0,24,0,0,0,0,0,0,0,0,1,0,0,0,0,0,0,0,0,0,0,0,0,0,0,0,0,0,0,0,0,0,0,0,0,0,0,0,0,0,0,0,0,0,0,0,689,0,0,0,56,0,0,8,4,2,0,0,0,0,0,0,0,0,0,0,0,0,0,0,0,0,20,0,0,9,0,0,0,4,0,0,289,0,0,0,0,0,31,0,0,0,0,0,329,0,7,0,0,0,0,0,0,0,5,0,0,0,0,4,0,0,0,0,0,0,0,0,0,0,37,0,14,0,0,0,0,1,0,0,0,0,1546,0,0,0,0,0,0,0,0,0,0,0,0,0,0,0,0,0,0,0,0,0,0,0,0,0,1,4,0,0,0,0,0,286,0,0,0,0,0,0,26,0,0,0,0,0,0,0,0,0,0,0,0,0,0,0,0,0,0,576,0,0,0,2,6,0,0,0,0,0,0,0,0,0,0,0,0,0,0,0,0,0,0,0,0,0,0,0,787,0,0,0,7,0,0,0,0,0,0,5,0,0,2,0,0,0,0,0,0,0,50,3,0,0,0,0,0,0,0,0,0,0,0,0,3739,0,0,142,0,0,0,3,6,0,103,0,0,0,0,1162,0,0,2,0,0,0,0,0,0,0,0,1,0,0,0,0
"Subject_215",2,0,0,4,0,0,5,0,0,0,0,0,0,0,2,0,0,0,0,0,0,0,0,1,0,1381,0,0,21,3,6,0,0,0,0,0,3,140,0,0,0,81,0,0,0,0,0,0,1,0,0,0,0,0,0,0,0,3,0,0,0,0,4,0,0,0,173,0,0,0,0,0,0,0,0,0,3,0,0,0,0,0,0,0,0,0,0,0,0,0,0,2,40,0,0,0,0,0,51,0,20,0,0,0,0,0,0,2259,0,249,0,0,139,0,0,4,0,3,0,0,0,0,0,15,0,0,0,0,0,0,0,256,0,0,133,0,8,2,0,8,3,0,0,0,0,5,0,0,0,0,0,0,1,0,0,0,3,0,0,0,18,0,0,0,0,27,0,0,0,0,0,0,9,0,0,0,0,0,0,0,0,0,0,0,0,0,0,0,0,0,4,0,0,0,0,0,0,0,0,0,0,0,0,0,0,144,0,8,0,2,0,0,0,0,0,0,0,0,0,0,0,0,0,0,0,0,0,0,0,0,0,0,0,123,0,0,0,0,0,0,0,3,0,0,11,39,0,0,0,0,0,0,0,0,0,60,0,0,0,0,0,0,0,8,0,0,0,0,0,5,0,0,91,0,0,0,0,0,0,4339,0,0,0,0,0,0,0,1,69,0,0,0,0,0,6,0,1,0,0,0,0
"Subject_216",0,0,17,4,0,0,0,124,2,2,3,2,0,0,0,0,6,9,16,5,0,11,0,0,0,1,0,0,0,0,398,0,3,13,4,18,0,347,0,0,0,166,0,53,0,3,0,5,0,0,4,0,27,0,144,2,0,0,0,291,24,61,0,19,0,5,13,0,0,0,54,0,0,8,22,0,8,0,0,608,9,4,166,1,27,2,3,3,0,85,0,11,0,0,0,0,0,0,19,0,15,15,0,23,0,0,100,215,109,0,0,21,0,92,0,0,0,2,43,0,0,33,0,0,12,531,0,0,16,84,0,0,0,15,16,2,3,0,0,16,1,0,11,2,0,0,13,4,11,0,21,0,2,7,2,0,13,0,86,22,0,0,3,490,0,0,0,0,0,0,0,0,0,0,0,0,0,23,171,11,72,0,0,0,10,4,0,0,74,0,0,14,0,0,415,0,0,41,0,0,0,0,0,617,3,2,0,0,0,0,0,0,20,0,6,0,43,106,1,15,42,94,0,126,0,0,0,0,38,18,126,3,4,153,0,36,27,43,0,70,0,0,70,0,3,311,0,0,0,0,0,7,36,0,6,2,2,8,11,2,19,0,0,4,0,0,0,35,29,0,167,32,29,0,0,0,0,0,3,1583,2,0,70,0,0,0,0,0,77,46,0,0,0,51,6,5,23,58,0,9,0
"Subject_217",0,0,2,4,0,0,0,22,0,0,0,0,21,0,25,0,0,0,8,0,0,0,0,0,0,580,0,0,16,109,235,0,0,0,0,0,40,0,0,6,0,42,0,0,0,4,0,0,0,0,27,0,12,4,0,0,0,0,0,3,0,0,50,88,0,0,17,0,0,0,5,0,2,0,0,0,3,0,0,11,0,34,254,0,0,0,85,0,0,0,0,8,247,0,0,2,0,0,0,0,0,0,0,0,0,0,0,3814,0,0,0,0,0,0,0,0,0,4,2,0,0,0,0,8,0,0,0,0,0,0,0,0,0,0,3,0,23,0,0,20,206,0,0,0,0,0,32,0,35,0,4,0,3,12,0,0,0,0,0,0,20,38,0,0,0,0,0,0,0,0,8,0,2,0,0,0,4,17,8,0,0,0,0,0,0,0,0,0,0,0,34,33,0,0,0,0,0,0,0,0,0,0,0,30,0,109,7,0,2,12,2,0,0,0,0,0,0,23,42,0,11,56,0,0,0,0,0,0,0,0,12,3,0,247,0,0,47,0,0,0,0,0,0,0,12,2,0,0,0,0,0,0,0,0,16,30,60,0,3,4,0,0,0,2,153,2,0,0,0,2660,2,0,91,0,0,0,0,0,0,9,0,0,30,0,0,0,0,0,18,0,0,0,0,0,0,0,0,0,0,9,0
"Subject_218",0,0,0,0,0,0,3,18,0,0,0,0,0,0,0,0,0,0,0,0,0,32,0,0,0,149,0,0,0,0,0,0,0,0,0,0,0,8,2,2,0,0,0,153,0,3,0,0,0,0,0,0,0,0,4,0,0,0,0,346,0,0,1,0,0,0,0,0,0,51,20,0,0,0,0,0,0,0,0,102,0,0,24,0,0,0,0,1,0,0,26,3,0,0,0,0,0,6,0,0,87,10,0,0,0,0,0,245,0,0,0,0,0,231,0,0,0,0,56,0,0,0,0,6,15,0,0,0,0,0,7,0,0,0,0,0,104,5,0,0,0,0,0,0,0,0,0,0,0,0,0,42,0,0,1,4,0,0,0,71,0,0,0,44,0,0,0,0,0,0,0,0,0,0,0,0,0,7,0,0,7,0,0,0,0,0,0,0,0,0,0,25,0,0,0,0,0,5,0,0,0,0,0,0,0,0,0,210,0,5,0,0,0,0,0,0,47,0,51,0,35,94,0,6,0,3,0,0,7,0,0,0,0,22,161,0,54,0,0,4,0,0,0,38,0,0,0,0,0,0,0,0,0,0,0,0,0,0,0,3,0,0,0,3,0,0,0,0,0,817,0,0,2531,0,0,0,1897,0,0,1773,0,0,119,0,0,0,0,0,0,10,0,0,0,0,0,0,42,0,7,2,131
"Subject_219",78,0,0,0,0,0,0,62,0,0,0,0,0,0,71,0,0,0,0,0,138,59,0,249,0,0,0,0,148,20,972,0,0,332,0,0,46,42,0,0,0,3,0,101,0,0,0,3,0,0,0,0,0,0,228,0,0,0,0,338,0,0,0,0,0,0,0,0,0,0,54,0,0,46,0,0,7,0,0,249,0,64,0,0,0,9,0,0,0,80,0,0,0,0,0,0,0,0,29,0,0,0,0,0,0,0,0,166,0,66,0,0,0,0,17,141,0,15,58,0,0,46,97,0,115,0,0,0,0,0,0,7,0,14,2,0,19,0,0,0,45,0,0,0,0,0,21,2,0,96,5,0,0,41,0,0,0,0,0,35,0,0,0,579,0,0,0,0,0,0,11,0,0,0,6,0,0,0,358,26,21,0,0,0,26,0,0,0,0,0,72,67,41,70,0,0,0,3,0,0,0,0,0,0,90,146,0,0,0,16,0,0,0,0,3,4,175,50,1532,0,0,0,0,0,0,0,0,0,0,0,0,0,0,636,0,0,13,0,0,29,0,0,0,0,0,59,0,25,0,4,0,2,51,0,5,0,0,0,25,0,34,0,0,4,0,0,0,0,26,0,0,0,147,0,54,0,0,0,69,681,0,0,93,4,0,0,0,0,81,20,0,0,0,0,123,15,41,0,0,30,0
"Subject_220",81,0,0,9,0,3,1,0,1,0,0,0,3,0,34,0,0,0,9,0,0,10,1,6,0,2,0,0,85,277,0,0,0,0,0,0,0,201,0,12,0,346,0,95,0,27,0,0,0,0,0,0,0,0,35,0,0,0,0,0,0,0,0,0,0,0,9,0,44,0,13,0,0,20,0,0,14,0,2,0,0,0,0,0,0,0,0,0,0,73,0,14,799,0,0,11,0,0,16,0,0,0,0,0,33,0,0,187,0,0,0,0,2,15,0,0,0,0,0,3,0,0,20,32,40,0,162,0,0,0,13,29,0,0,0,126,33,3,0,0,3,0,0,0,0,1114,0,0,67,0,8,0,0,0,0,52,0,0,0,2,0,19,0,0,0,37,0,7,0,0,0,0,30,36,0,0,0,56,0,0,0,0,0,0,0,0,0,0,0,0,0,59,8,0,0,0,0,0,0,0,0,0,0,0,0,0,0,70,1,25,0,0,0,0,6,0,0,0,1196,0,162,0,0,0,0,0,0,0,158,0,96,0,0,64,0,0,25,0,0,0,55,42,0,0,26,0,0,0,0,0,0,0,0,0,47,6,40,0,0,7,0,0,0,1,134,0,0,0,0,1521,0,0,1233,0,0,0,0,0,0,3,0,2,492,0,0,0,0,0,0,48,0,0,0,0,88,0,7,0,0,0,0
"Subject_221",7,0,0,0,0,0,0,0,0,0,0,0,13,190,45,0,0,0,0,9,0,32,0,0,0,1377,0,35,2,11,57,270,0,114,0,0,0,2,0,0,0,96,0,132,0,120,0,0,0,0,0,0,5,0,76,0,0,0,0,239,0,0,0,0,0,0,23,31,0,0,362,0,0,182,0,0,0,0,0,0,0,0,35,0,0,0,3,0,0,7,0,0,115,0,31,0,0,0,16,0,0,0,0,0,0,0,117,87,0,0,0,0,0,95,0,0,0,0,161,0,0,0,0,5,114,0,0,0,0,0,6,709,0,0,0,0,322,0,0,11,236,0,0,0,0,0,0,0,0,0,0,48,2,42,0,0,0,0,0,46,0,0,0,0,0,0,0,0,0,0,0,1,50,0,0,0,0,0,243,0,0,0,0,0,0,0,0,2,0,2,0,19,0,0,0,0,0,0,0,0,0,0,0,0,0,4,0,0,2,1,0,0,0,13,0,0,157,0,137,0,0,0,0,0,0,0,0,0,241,0,196,0,0,23,0,0,0,0,0,0,0,0,0,0,7,0,0,0,0,0,0,0,0,0,0,0,11,0,0,4,0,0,0,0,11,0,0,227,0,3,0,34,147,7,0,0,0,0,0,2625,0,0,45,0,0,0,0,0,0,34,0,0,0,0,26,37,43,0,0,14,0
"Subject_222",0,0,0,0,0,0,3,0,0,0,0,0,0,0,0,0,0,0,0,0,0,6,0,5,0,1772,0,0,0,3,5,0,0,130,0,0,54,0,0,0,0,0,322,51,0,257,0,0,0,0,0,0,0,0,19,0,0,0,0,4,0,14,0,0,241,0,0,2,0,0,9,0,0,0,0,229,0,0,0,5,0,0,5,0,41,0,0,0,2,34,1,3,34,0,0,0,0,0,0,0,0,0,0,0,0,0,0,3205,13,0,0,0,8,41,0,0,0,0,0,2,0,0,0,0,623,0,0,0,0,0,0,0,0,0,0,0,0,0,0,0,0,0,0,0,0,0,0,0,0,0,0,0,0,0,0,0,0,0,0,0,0,0,3,1,0,0,0,0,0,0,0,28,0,0,0,0,0,4,5,0,0,0,0,0,0,0,0,0,0,0,0,41,0,0,0,0,0,0,0,0,0,0,0,0,0,0,0,0,0,12,0,0,0,7,0,0,3,0,49,0,0,36,0,0,0,0,0,0,19,0,9,0,0,94,0,0,0,0,0,0,0,7,0,0,0,0,0,0,2,0,38,0,0,0,9,0,0,0,0,16,0,0,0,0,0,0,1,0,0,23,0,0,867,0,0,0,0,0,0,1543,0,4,0,0,0,0,0,0,0,11,0,0,0,0,9,0,16,0,0,0,0
"Subject_223",5,0,0,0,0,0,0,32,0,0,0,0,5,487,12,0,0,0,0,4,0,0,0,0,4,859,0,0,4,81,0,0,0,113,0,0,19,59,39,0,0,102,0,59,0,34,0,0,0,0,0,0,0,0,22,0,0,0,0,21,0,21,0,0,0,9,11,0,6,0,28,0,0,13,0,0,0,0,0,13,4,0,0,0,0,7,0,0,0,190,0,0,3,0,0,2,0,0,49,0,0,810,0,0,0,32,0,69,207,0,0,0,0,0,0,0,0,0,4,19,0,0,0,28,432,44,0,0,0,0,300,371,0,0,0,0,4,0,0,0,0,0,0,0,0,0,0,0,0,0,16,0,0,0,5,0,0,0,19,44,0,0,4,95,0,0,4,0,0,0,6,0,0,0,0,0,0,0,3,0,0,0,0,0,0,0,0,0,0,0,0,395,2,0,3,0,0,2,0,0,403,0,0,0,0,0,0,0,0,0,0,0,0,0,0,0,3,0,0,4,0,0,0,3,0,2,0,0,33,13,0,0,0,753,0,0,0,0,0,0,0,0,0,0,0,0,0,0,0,2,6,0,0,0,0,0,0,0,13,19,0,0,0,7,0,0,0,0,0,13,0,0,1011,0,0,0,0,0,0,2010,0,0,322,0,0,0,0,0,0,66,0,0,0,0,0,0,15,0,0,67,0
"Subject_224",0,0,0,4,0,4,108,0,0,0,0,0,0,0,229,0,0,0,0,0,0,175,0,6,0,1910,0,0,60,343,0,0,0,103,0,0,0,0,0,1,0,0,0,0,0,0,0,0,0,0,0,0,0,0,0,0,0,0,0,0,7,0,0,2,0,0,172,0,0,0,0,0,3,0,0,0,0,0,115,184,0,0,0,0,0,0,0,371,0,0,0,13,0,0,0,6,0,0,0,0,0,10,0,0,3,0,0,1557,0,133,0,0,0,0,0,36,146,0,177,22,0,0,0,20,0,0,0,0,0,0,0,0,0,43,0,0,16,0,0,0,98,0,0,0,0,0,101,0,0,0,29,0,0,108,3,0,0,0,0,0,0,0,0,3,0,0,34,0,0,0,11,0,190,0,0,0,0,231,0,0,0,0,0,0,0,0,0,0,0,0,0,0,0,342,0,0,0,0,0,0,0,0,0,0,0,35,0,0,2,53,0,0,0,0,0,0,0,679,300,0,0,258,0,0,6,0,0,0,0,0,0,0,0,2,0,0,0,0,3,0,0,0,0,0,7,0,0,0,0,0,118,0,93,0,9,19,0,0,0,0,6,0,0,0,0,0,0,0,217,23,0,0,426,0,0,0,0,8,0,29,0,0,0,0,0,0,186,0,0,0,0,0,0,0,0,0,6,0,0,389,0
"Subject_225",72,0,0,0,0,0,0,0,0,2,0,0,0,0,22,0,0,4,12,24,49,9,0,3,11,2,0,11,17,82,267,5,0,162,0,0,0,104,2,0,0,34,0,16,0,4,0,2,0,0,2,0,9,0,6,0,0,0,0,3,2,5,0,0,0,0,8,0,4,6,4,0,0,0,2,0,3,0,0,6,0,2,251,0,3,0,0,0,0,0,0,14,2839,0,0,19,0,0,0,0,0,2,0,2,2,23,1,2077,0,9,0,0,0,134,0,0,5,0,28,0,0,0,0,0,136,0,0,0,2,7,79,270,1,25,0,14,14,0,0,0,151,0,0,0,0,0,2,2,10,55,2,0,0,18,0,0,0,0,8,17,0,16,0,278,0,0,5,0,6,4,2,0,0,0,0,0,2,1,59,0,0,17,4,0,2,0,0,0,3,13,0,17,23,0,0,0,4,0,0,373,0,0,0,1,0,9,2,0,0,2,2,0,2,0,2,0,57,2,0,0,38,3,1,17,0,0,0,0,18,0,4,0,0,44,0,0,8,0,0,0,0,0,1,0,3,8,0,0,0,2,4,2,4,0,4,3,15,0,0,4,0,0,3,2,2,0,0,52,2,273,0,0,83,0,0,0,0,0,3,973,0,0,26,0,0,0,0,0,3,2,4,0,0,0,257,0,3,29,0,8,0
"Subject_226",38,0,0,0,0,0,74,0,0,0,0,0,0,0,0,0,0,0,0,0,0,0,0,18,0,2525,0,0,0,0,230,0,0,127,0,0,42,0,0,0,0,943,0,0,0,0,0,0,62,0,0,0,0,0,0,0,26,8,0,779,0,0,169,0,0,0,0,0,0,0,38,5,0,0,0,354,17,0,0,193,0,169,0,0,0,0,0,0,0,0,88,0,0,0,0,0,0,0,0,0,0,0,0,0,0,568,305,141,0,0,0,0,0,0,0,0,0,17,0,13,0,0,0,0,0,0,0,58,0,0,0,0,53,197,68,0,38,0,0,125,50,0,0,0,0,0,47,0,0,0,0,0,0,188,0,0,0,0,159,0,0,0,0,0,0,0,0,0,0,0,0,0,0,0,0,0,0,0,0,8,0,0,0,0,0,0,0,0,0,0,0,0,0,0,0,0,0,0,0,0,0,0,0,0,0,481,0,0,0,4,0,0,0,0,0,0,0,0,0,0,0,0,0,0,0,0,0,0,0,0,0,0,0,443,0,0,0,5,17,0,0,0,0,0,0,134,6,0,0,0,0,0,0,0,0,0,0,0,0,0,0,0,0,18,0,0,0,0,58,470,0,0,247,0,3,0,0,0,0,19,0,0,72,0,0,0,0,84,0,0,0,0,0,0,0,0,0,0,0,0,0
"Subject_227",0,0,0,0,0,0,14,0,0,0,0,0,1,0,2,0,0,0,0,0,119,0,0,21,0,3219,0,0,12,18,501,0,0,0,0,0,0,0,0,0,0,0,0,0,0,113,0,0,0,0,0,0,0,0,0,0,0,1,0,271,0,0,0,0,0,1,20,0,1,0,0,0,0,0,3,0,0,0,0,235,0,0,3,0,0,1,0,0,0,0,2,0,2,0,0,0,1,0,0,0,0,3,0,0,0,0,0,335,0,0,0,0,0,0,0,0,1,0,94,0,6,0,0,7,40,0,0,0,0,0,0,17,0,0,0,0,0,0,0,0,2,0,0,0,0,707,0,0,0,0,0,0,0,0,0,0,0,0,0,0,0,31,0,913,0,0,0,43,0,1,47,0,2,0,81,0,0,2,0,0,0,10,0,2,9,10,0,0,0,0,0,215,3,71,0,0,0,0,0,0,0,5,0,2,0,0,0,54,2,3,0,0,0,0,0,0,0,0,0,0,2,0,0,0,0,0,0,0,0,0,0,0,0,576,32,0,0,0,0,0,0,0,0,0,8,0,0,2,0,0,0,0,17,1,48,15,0,0,0,84,0,0,0,0,2,0,0,0,0,1,0,0,1,0,0,0,8,2,25,1637,0,0,0,0,0,0,0,0,0,0,0,0,0,0,0,0,22,0,0,241,0
"Subject_228",0,0,0,0,0,0,0,23,0,0,10,0,0,0,7,0,0,0,0,0,239,24,0,0,0,1857,0,0,52,0,113,0,0,32,0,0,2,152,0,0,0,0,0,0,0,53,0,1,0,0,0,0,0,2,8,0,0,0,0,330,0,146,2,0,0,0,0,0,12,0,135,0,5,257,0,0,0,0,0,54,0,2,2,0,812,0,8,0,0,160,0,126,2,0,0,0,0,0,39,0,0,0,0,11,8,0,151,12,0,0,0,0,0,0,20,2,0,0,66,41,0,0,0,0,7,0,0,0,0,70,13,21,0,0,0,90,79,0,0,0,2,0,0,0,0,0,0,0,0,0,7,14,0,0,2,0,0,0,0,85,0,0,0,0,0,0,0,0,0,0,0,0,0,0,0,0,5,0,317,0,0,0,0,0,2,0,0,0,0,0,0,55,0,0,410,0,0,0,0,0,0,0,0,10,0,15,7,0,0,0,0,0,0,0,12,3,66,0,0,0,1,45,0,0,0,54,65,0,189,4,216,3,0,80,0,0,7,0,0,0,0,0,0,1,0,0,0,0,0,0,0,4,25,0,6,4,0,0,9,7,0,0,8,0,0,0,0,233,0,113,0,14,10,0,0,0,0,1,21,2421,0,0,84,0,0,0,0,0,12,13,0,0,0,0,19,5,0,0,0,58,0
"Subject_229",3,2,0,0,0,1,0,6,0,1,0,0,1,0,1,0,0,2,3,2,4,18,0,1,0,381,0,0,1,11,0,0,0,91,0,0,5,114,2,4,0,103,0,58,0,88,0,14,1,0,1,0,5,0,62,0,0,0,0,213,0,0,0,0,0,0,47,0,0,0,4,2,4,2,0,85,3,1,0,257,6,0,242,1,0,2,52,0,0,10,0,1,3,12,17,0,0,0,209,0,6,0,0,0,0,79,0,2589,0,311,0,3,0,31,24,4,0,2,37,2,6,0,0,2,8,0,0,0,0,0,57,41,0,0,69,1,2,0,0,0,3,0,0,0,0,329,15,0,9,0,6,5,0,49,1,0,0,0,0,40,0,26,1,383,0,0,0,0,0,0,17,0,2,0,0,2,0,61,218,0,5,0,2,0,22,0,0,0,0,0,0,30,1,2,0,0,0,2,0,0,0,0,0,5,0,3,2,8,0,2,0,2,0,0,2,0,56,82,145,2,47,32,0,32,0,0,0,0,14,0,3,0,0,115,0,0,18,2,0,11,21,0,49,0,0,0,0,0,0,13,4,1,10,1,6,5,1,0,12,3,0,0,16,2,5,0,11,0,130,2,0,3,366,4,1,2,0,2,1,1750,0,1,195,0,4,24,0,0,0,10,0,0,3,13,17,15,9,3,0,46,0
"Subject_230",0,0,0,0,0,0,0,0,0,0,2,0,2,0,0,0,0,0,4,0,0,87,0,3,2,2255,0,0,0,0,84,0,0,29,0,0,0,77,0,0,0,47,0,64,0,1331,0,0,0,0,0,0,14,0,95,9,0,0,0,0,2,0,16,0,23,0,144,0,2,0,95,0,0,0,0,0,3,0,0,139,0,0,0,0,17,2,2,0,0,17,0,208,0,0,0,0,0,0,0,0,0,0,0,11,2,0,0,541,4,0,0,4,0,214,0,0,0,0,70,0,0,0,0,0,472,0,0,0,0,0,41,26,0,31,3,0,36,0,0,0,3,0,0,0,0,0,0,0,10,0,0,16,2,0,0,0,0,0,0,0,0,0,0,0,0,0,0,0,0,3,0,0,0,0,0,0,0,58,244,0,0,0,0,0,0,0,0,0,0,0,0,119,2,0,313,0,0,2,0,0,0,0,0,0,0,7,0,0,0,2,0,0,0,6,21,0,145,73,55,0,0,0,0,0,0,0,0,0,28,0,150,0,0,155,0,0,0,0,0,0,0,0,0,0,0,0,2,0,0,0,0,0,18,0,11,0,4,0,6,0,0,0,0,0,0,0,0,0,53,337,0,0,0,0,0,0,1,0,3,1461,0,0,250,0,0,0,0,0,0,106,0,0,0,2,16,3,0,0,0,88,0
"Subject_231",0,0,0,2,0,0,2,0,111,0,0,0,2,510,34,0,0,0,0,0,26,11,0,0,0,1813,0,0,15,9,0,0,0,33,0,0,0,0,0,0,0,0,0,36,0,2,0,0,0,0,0,0,0,0,0,0,0,0,0,129,0,85,0,0,0,4,8,0,0,0,8,0,0,65,0,297,0,0,0,9,0,5,0,0,0,0,0,0,0,30,0,11,1,0,0,0,0,0,0,0,0,0,0,0,0,0,169,47,0,0,0,0,0,0,0,0,0,0,107,0,0,0,0,5,13,0,0,0,0,0,0,0,0,0,0,0,4123,0,0,0,1,0,0,0,0,0,0,0,0,75,2,26,24,0,5,0,0,0,0,2,0,0,0,0,2,0,4,1,6,0,0,0,0,0,0,0,0,3,45,0,0,0,0,0,0,0,0,0,0,0,0,36,0,6,0,16,0,0,0,0,0,0,0,0,0,0,0,30,2,0,0,0,0,0,0,0,0,0,0,0,8,0,0,0,3,0,0,0,63,0,45,0,0,0,148,0,0,0,0,0,0,0,102,0,0,0,0,0,0,0,69,0,0,0,0,0,3,0,0,0,0,0,0,0,1,0,0,0,0,480,0,0,0,0,0,0,454,1,0,233,0,0,61,0,0,273,0,0,13,3,0,0,0,0,1,0,4,0,0,31,0
"Subject_232",0,0,0,0,0,0,11,0,0,0,0,0,0,115,2,0,0,0,0,3,0,19,0,0,0,2944,0,90,0,0,0,0,0,0,0,0,0,0,0,0,0,64,0,0,0,3,0,0,0,0,0,0,18,0,0,0,0,0,0,0,0,0,0,0,0,0,0,0,0,0,0,0,0,0,0,0,0,0,0,0,0,0,15,0,0,0,5,0,0,18,0,0,0,0,0,0,0,0,3,0,31,0,0,0,4,0,0,2034,7,0,0,0,0,49,0,0,0,0,112,0,0,0,0,23,1,0,0,0,0,0,14,12,101,0,0,0,4,0,0,36,14,0,0,0,0,0,0,0,0,0,0,0,0,0,0,0,0,0,0,1,0,0,0,1,0,0,0,0,0,0,0,0,0,0,0,0,0,0,124,0,0,0,0,0,0,0,0,0,0,0,0,90,0,0,0,0,0,0,0,0,0,0,0,2,0,0,0,0,0,0,0,0,0,0,0,0,120,0,68,0,0,0,0,0,0,2,0,0,4,0,3,0,0,104,0,0,0,0,0,0,0,0,0,0,0,0,0,0,0,0,0,0,0,0,0,0,0,0,0,2,0,0,0,0,0,0,0,0,0,992,0,14,266,0,0,0,0,0,2,2337,0,0,9,0,0,0,0,0,0,14,0,0,0,0,0,0,0,19,0,81,0
"Subject_233",0,0,0,0,0,0,6,0,0,0,0,0,0,0,0,0,0,0,0,0,0,0,0,45,0,6217,0,0,127,17,0,0,0,332,0,0,0,0,0,0,0,0,0,0,0,0,0,0,0,0,0,0,0,0,0,0,0,0,0,0,0,0,0,0,0,0,107,0,0,0,0,0,0,0,0,0,0,0,0,0,0,0,0,0,0,0,9,0,0,0,0,100,13,0,0,19,0,0,0,0,0,0,0,0,0,0,0,25,0,0,0,0,0,94,0,0,0,0,0,0,0,0,0,11,121,0,0,0,0,0,0,0,0,12,0,0,543,0,0,0,1,0,0,0,0,0,0,0,0,0,0,0,0,0,0,0,0,0,0,0,0,0,0,0,0,0,0,0,0,0,0,0,0,0,0,0,0,0,0,0,0,0,0,0,0,0,0,0,0,0,0,0,0,10,0,0,0,0,0,0,0,0,0,0,0,0,0,0,4,0,0,0,0,0,0,0,0,0,22,0,0,0,0,0,0,0,0,0,0,0,0,0,0,0,0,0,0,0,0,0,0,0,0,0,0,0,0,0,0,0,0,0,0,0,0,0,0,0,0,0,0,0,0,0,0,0,0,0,0,29,0,0,88,0,0,0,0,0,0,1462,0,0,576,0,0,0,0,0,0,0,0,0,0,0,0,0,9,0,0,0,0
"Subject_234",34,0,0,0,0,0,1,0,0,0,0,0,0,0,14,0,2,0,1,3,180,45,0,3,0,358,0,0,5,33,60,0,0,66,0,0,0,76,0,0,1,0,0,0,0,76,0,0,0,0,0,0,0,0,59,0,0,3,0,0,0,0,1,0,0,0,12,0,0,14,0,0,0,399,0,0,0,0,0,36,0,0,14,0,753,0,3,1,0,51,0,3,3,20,0,2,0,0,53,0,17,2,0,0,0,0,118,130,0,0,0,0,0,804,15,3,0,0,276,8,0,0,0,5,52,0,0,0,0,0,7,1183,0,0,0,0,2,0,0,0,0,0,2,0,2,0,0,0,0,0,13,59,0,0,1,0,0,0,13,147,0,42,0,0,0,0,0,2,0,8,0,0,0,0,14,0,0,205,30,0,8,0,0,0,0,0,0,0,0,0,0,118,2,3,0,0,0,0,0,0,0,2,0,7,0,0,0,12,0,2,0,0,1,0,34,0,0,315,198,0,22,0,0,0,0,54,0,0,84,5,0,0,0,13,10,0,11,0,0,0,0,0,0,0,0,0,0,11,0,0,19,0,0,2,0,0,1,0,0,279,0,0,0,0,0,0,0,0,0,2,0,136,615,0,0,0,0,0,40,1835,0,0,230,0,0,0,0,0,49,42,0,0,0,0,135,0,2,0,0,154,18
"Subject_235",0,0,0,0,3,0,6,25,0,0,0,0,4,0,2,0,0,0,22,42,0,7,0,1,0,26,0,0,25,208,658,0,0,227,18,0,28,486,0,0,2,109,0,3,0,90,0,0,0,0,0,0,12,0,73,0,0,0,2,95,0,0,11,0,0,0,15,0,11,0,7,0,0,0,0,0,9,0,0,18,0,10,268,0,0,12,107,0,0,20,0,1571,6,0,0,0,18,0,0,0,28,38,0,0,0,62,0,131,8,12,0,0,0,91,35,3,0,0,147,0,0,0,0,93,265,22,0,2,17,0,47,4,0,0,22,0,3,6,0,7,0,0,0,0,11,31,0,0,14,0,6,0,0,0,0,0,0,0,50,0,0,62,0,0,0,0,0,3,0,0,0,0,2,0,0,0,0,0,106,0,0,0,0,0,8,0,2,0,0,0,0,196,0,0,0,0,0,0,0,0,0,0,0,446,0,39,0,90,0,17,0,0,0,0,80,0,14,197,297,0,97,50,0,0,0,0,9,0,31,19,168,0,0,359,0,0,23,0,0,132,87,0,0,0,22,91,0,0,0,0,0,0,0,0,0,13,1,0,0,66,0,0,0,2,0,0,0,0,0,153,0,81,548,0,0,0,0,0,6,5,0,0,775,0,0,0,0,1,0,120,0,0,0,0,0,0,1,0,0,171,0
"Subject_236",4,0,0,0,0,0,6,44,0,0,0,0,0,0,7,0,0,0,0,2,0,57,0,93,0,4849,0,0,166,0,157,0,0,55,0,0,4,38,0,18,0,100,0,96,0,99,0,0,0,0,0,0,0,0,0,0,0,2,0,462,0,152,57,0,0,0,0,0,49,0,19,0,2,0,0,0,0,0,4,0,0,0,0,0,188,0,0,0,5,0,0,10,50,0,0,136,0,0,6,0,0,25,0,0,0,0,0,812,14,0,0,0,0,0,0,0,0,0,159,3,0,0,3,0,26,0,0,0,0,0,0,41,0,22,8,0,30,0,0,0,0,0,0,0,0,0,0,0,0,25,36,0,0,0,0,0,0,0,0,68,0,0,0,2,0,0,0,0,0,0,0,2,0,3,0,0,0,0,0,0,0,0,0,0,0,0,0,0,0,0,0,19,6,0,35,0,0,0,0,0,0,0,0,0,6,0,0,0,4,5,0,0,0,0,0,0,52,0,2,5,55,0,0,0,0,0,0,0,38,0,95,0,0,367,0,0,0,0,0,0,0,0,0,0,0,0,0,13,0,0,30,0,0,0,0,0,0,0,0,56,5,0,12,0,0,0,0,0,0,31,0,0,69,0,0,0,0,0,0,463,0,0,312,0,0,0,0,0,0,0,0,0,0,0,14,0,16,0,0,77,0
"Subject_237",0,0,0,0,0,0,2,0,0,0,0,0,0,0,5,0,3,0,0,6,10,0,0,3,0,1244,0,0,15,0,0,0,0,111,0,0,44,154,0,0,0,0,0,0,0,8,0,0,0,0,0,0,0,0,0,0,0,0,0,0,0,118,0,0,0,0,1,0,0,0,0,0,0,0,0,0,0,0,0,0,0,0,2,0,43,0,2,0,0,226,0,22,22,0,0,0,5,0,0,0,0,10,0,0,0,0,0,1,0,0,0,0,0,715,0,0,0,0,12,0,0,0,0,5,854,0,0,0,0,0,25,9,0,0,0,0,277,0,1,0,1,0,0,0,0,0,0,0,0,70,8,2,0,0,0,1,0,1,0,161,0,0,0,0,0,0,0,0,0,0,0,0,0,0,0,0,0,0,16,0,0,0,0,0,2,0,0,0,0,0,0,68,2,6,0,2,0,0,0,0,0,0,0,20,0,1,0,0,2,1,0,0,13,0,98,0,2,0,55,0,8,0,0,0,0,2,0,0,152,0,132,0,0,0,0,0,0,0,0,0,0,0,0,0,0,0,0,0,0,0,0,0,0,0,0,2,2,0,0,1,0,0,0,0,0,0,0,0,0,0,0,0,1187,0,0,0,0,0,22,3418,0,0,414,0,0,0,0,0,0,0,0,0,0,0,0,0,42,0,0,144,1
"Subject_238",11,0,0,0,0,0,1,0,3,0,0,0,3,0,14,60,0,0,5,0,37,43,0,0,0,473,0,15,0,6,176,0,4,35,0,0,6,4,2,7,0,86,0,18,0,86,0,0,0,0,1,0,8,0,0,0,2,0,0,0,0,0,0,0,0,0,25,0,3,0,0,0,0,9,1435,12,9,0,0,51,0,0,3,0,0,3,0,0,0,78,0,1,3,24,0,0,0,0,38,0,75,0,0,0,0,0,0,103,51,0,0,34,0,60,0,6,0,5,84,0,0,0,18,23,23,0,0,0,0,0,0,411,311,8,3,23,2,10,0,0,3,0,0,0,0,0,0,0,12,5,9,0,0,0,0,0,0,0,0,8,0,11,0,1615,0,22,0,0,0,0,0,0,74,0,0,0,0,108,0,0,3,0,18,0,0,0,0,0,0,0,0,15,1,63,0,2,0,0,0,0,0,0,0,386,0,6,0,24,1,3,0,0,0,0,4,0,0,0,2,0,9,0,0,0,0,0,0,0,36,0,0,0,0,0,32,0,8,0,5,0,17,5,121,0,7,0,0,14,0,0,247,2,0,0,7,0,10,0,0,0,0,0,0,0,0,0,0,0,0,0,0,0,449,0,0,0,11,0,0,2357,0,0,7,0,0,0,39,0,0,14,0,0,0,0,7,0,3,0,3,98,46
"Subject_239",0,0,0,0,0,0,2,0,0,0,0,0,0,0,21,0,0,0,14,0,0,0,0,70,0,1113,0,78,177,48,0,0,0,31,0,0,0,4,0,80,0,121,0,0,0,1,0,0,5,0,0,0,0,0,0,0,0,0,0,0,0,0,0,0,0,0,9,0,3,0,0,0,0,0,45,312,0,0,0,0,0,0,0,0,0,0,0,0,0,0,1138,105,0,0,0,0,0,0,0,0,15,0,0,0,0,0,0,362,0,0,0,0,0,4,0,0,3,0,52,0,0,0,30,104,13,0,0,0,0,0,2,7,35,0,0,75,26,0,3,0,17,0,0,0,0,0,0,0,0,0,0,0,0,28,0,0,0,0,0,58,0,70,0,0,0,31,0,0,0,0,0,0,0,0,0,0,0,0,0,0,0,0,0,0,0,0,0,0,0,16,0,0,0,0,0,0,102,0,0,0,0,0,0,0,0,0,0,77,0,0,0,0,0,0,0,0,0,0,1012,0,0,17,0,0,0,0,0,0,0,35,0,0,0,0,19,0,0,0,4,0,62,0,2,0,0,0,22,0,0,0,0,2,0,0,0,0,60,0,0,0,0,0,0,0,0,0,0,0,0,585,0,0,396,0,2,0,0,0,104,20,0,1738,0,0,1407,0,0,8,0,0,0,0,0,0,0,0,0,0,2,0,0
"Subject_240",0,34,1,0,2,0,0,0,0,0,0,0,0,0,11,0,0,0,11,3,3,12,0,3,0,3179,0,0,22,5,0,0,0,2,0,0,1,0,0,0,0,80,0,57,0,44,0,0,6,0,0,0,7,0,0,0,0,0,0,0,0,0,0,0,0,0,145,0,6,78,0,0,0,4,0,0,2,0,0,13,0,0,18,0,0,1,0,0,0,3,0,0,2,0,0,1,0,0,3,0,0,3,0,0,0,15,0,518,0,4,0,0,0,195,6,1,0,0,72,0,0,0,0,8,13,651,0,0,0,0,0,45,0,0,0,0,17,0,0,17,2,0,0,1,0,5,0,0,12,39,4,2,0,0,0,0,0,2,0,0,0,12,0,0,0,33,0,4,0,0,17,0,0,0,14,0,0,0,0,0,1,0,0,0,0,0,0,0,0,0,6,39,3,14,0,0,0,0,9,0,0,0,1690,1638,0,6,0,54,0,3,0,0,0,0,8,0,0,0,2,0,8,64,0,0,0,0,0,0,20,0,0,0,0,355,0,0,0,0,0,0,46,4,0,0,10,0,0,0,0,0,0,0,0,0,3,16,1,0,0,0,0,0,0,43,0,0,0,0,0,157,0,7,72,0,1,0,0,0,0,213,0,0,6,0,0,0,3,5,0,0,0,0,0,0,2,0,10,0,0,11,0
"Subject_241",0,0,0,0,0,0,2,16,0,0,0,0,0,0,18,0,0,0,0,4,0,25,0,0,0,14,0,0,18,0,0,564,0,129,0,0,5,173,0,60,0,250,83,68,0,55,0,0,0,0,0,0,0,0,0,0,0,0,0,91,0,0,0,0,0,0,45,0,0,5,31,2,4,0,0,0,0,0,0,99,0,0,4,0,44,6,0,0,0,100,579,17,0,0,0,19,0,0,28,0,0,0,0,0,7,0,163,62,0,26,0,0,8,235,0,0,4,0,32,0,0,0,2,14,40,0,0,0,0,0,0,36,0,0,4,0,9,3,0,13,32,0,0,0,0,0,15,5,15,0,6,0,0,5,2,0,0,0,0,36,0,54,0,2161,0,0,0,0,0,0,12,0,0,0,0,0,0,39,34,2,0,0,0,0,2,0,0,0,0,2,0,41,0,0,0,0,0,0,11,0,0,0,0,1,115,16,6,0,7,0,1,0,0,0,20,0,75,0,0,0,1,3,0,0,0,0,0,0,0,0,20,0,0,114,0,0,0,0,0,78,0,0,0,0,7,0,0,0,0,0,0,4,0,0,5,10,4,0,4,0,0,0,0,5,0,0,0,0,0,453,0,0,295,0,0,0,0,0,2,2690,0,0,130,0,0,0,0,0,31,0,0,6,0,0,7,0,171,0,0,30,0
"Subject_242",0,5,0,0,0,0,0,0,0,0,0,0,5,0,2,0,0,0,0,0,75,61,0,2,3,1182,0,0,0,0,2314,0,0,0,0,0,0,0,0,0,0,0,0,0,0,56,0,0,0,0,0,0,0,0,154,0,0,0,0,0,0,52,0,0,0,0,291,0,0,0,34,0,0,0,0,0,0,0,0,272,0,0,0,0,0,0,0,2,0,0,0,0,1,0,0,4,42,0,51,0,0,2,0,0,2,0,0,2212,0,0,0,0,0,0,0,0,0,0,146,0,0,0,16,0,24,0,0,0,0,0,0,0,0,0,0,0,0,0,0,0,10,0,0,0,0,0,0,0,0,0,0,0,0,0,0,1,0,0,0,0,0,0,0,0,0,0,0,0,0,0,0,0,0,0,0,0,0,392,0,0,0,0,0,19,0,0,0,0,0,0,0,0,2,0,0,0,0,0,0,0,0,0,0,0,553,59,0,0,0,2,0,0,0,22,0,0,66,0,271,20,36,0,0,0,0,0,0,0,28,0,0,0,0,28,0,0,0,0,0,0,0,0,0,0,3,0,0,0,0,0,256,0,0,0,0,0,15,0,0,0,0,0,0,0,0,0,0,0,0,50,0,0,0,3,0,0,0,0,0,0,0,0,837,0,0,0,2,0,0,0,0,0,0,0,64,0,9,0,0,243,0
"Subject_243",0,11,0,0,0,0,0,0,0,0,0,0,3,0,29,0,0,0,0,0,41,16,0,0,0,2412,0,0,75,10,470,0,0,198,0,0,14,52,0,0,0,0,0,0,0,141,0,0,0,1,0,0,0,0,0,0,0,6,0,1,0,0,0,0,0,0,0,8,0,0,0,0,0,0,0,0,0,0,0,1,0,0,0,0,0,0,891,0,0,33,0,8,0,0,32,0,0,0,77,0,0,4,0,0,0,0,22,971,0,5,0,0,0,37,30,5,0,0,68,2,0,0,0,25,84,0,0,0,0,0,8,27,0,0,0,0,7,0,0,0,0,47,0,0,0,0,18,0,0,0,158,38,0,77,0,0,0,0,0,51,0,28,0,0,0,34,0,0,0,0,0,0,0,0,72,0,0,0,0,0,0,0,0,0,0,0,0,4,0,0,0,15,4,86,0,0,0,0,59,0,0,0,0,0,0,0,6,27,0,0,0,0,0,0,0,0,0,0,0,0,0,0,0,0,0,0,0,0,21,0,44,0,0,69,186,0,0,0,0,0,66,0,0,0,0,0,0,0,0,0,0,0,0,0,0,0,2,0,11,0,6,0,14,0,12,0,0,0,0,2,0,0,334,0,0,0,0,0,0,1857,0,0,445,0,0,65,0,0,0,0,77,0,0,0,8,0,2,0,0,223,0
"Subject_244",0,44,0,0,0,0,96,0,0,0,0,0,10,0,79,0,0,0,0,0,0,0,0,0,3,1090,0,0,0,285,0,0,0,0,0,0,0,0,0,0,0,0,0,0,0,814,0,0,0,0,2,0,0,0,3,0,0,0,0,14,0,0,0,0,0,0,0,0,0,0,25,0,0,0,0,0,0,0,0,0,0,0,0,0,0,19,0,0,0,0,0,0,0,127,0,0,144,0,0,0,0,551,0,0,0,0,0,0,0,0,0,0,0,0,0,0,5,0,134,0,0,0,0,0,0,0,0,0,0,0,503,0,0,0,0,0,0,30,0,0,132,14,0,0,0,0,0,0,3,0,0,63,0,0,3,0,0,0,0,120,0,0,0,0,0,0,0,0,20,0,0,0,0,0,0,0,0,5,0,0,0,0,0,89,0,0,0,0,0,0,0,0,0,0,0,0,0,0,0,0,0,0,0,0,0,0,3,0,0,62,0,0,0,0,0,0,0,0,2,0,0,0,0,0,0,239,0,0,13,0,0,0,0,263,604,0,0,0,0,10,0,0,0,0,0,0,0,0,0,0,0,0,0,0,0,23,64,0,19,1002,0,0,0,35,789,0,0,0,0,835,0,0,1330,0,0,0,0,0,0,0,0,10,0,0,12,5,28,0,0,0,207,0,0,0,3,0,14,0,0,0,0
"Subject_245",0,0,0,11,0,0,1,0,0,0,0,0,0,0,0,0,0,0,6,0,0,8,0,1,0,471,0,1,46,0,0,12,0,29,0,0,14,1,0,25,0,39,319,11,0,1,0,0,0,0,0,2,0,0,0,0,0,1,0,0,0,25,6,0,0,3,7,1,54,8,0,0,0,18,1,0,0,0,0,0,4,0,0,0,39,0,0,0,0,13,6,4,2993,0,0,18,0,0,4,0,6,66,0,0,0,13,56,1400,31,0,0,0,0,52,0,0,0,0,6,5,8,0,0,80,20,4,0,0,0,65,0,0,0,13,2,11,0,0,0,0,0,0,0,0,0,4,0,0,0,3,5,0,0,0,0,0,40,0,21,0,0,15,0,2,0,0,0,0,0,0,0,1,0,0,0,0,0,0,1,0,0,0,0,0,0,0,0,0,0,0,0,3,0,15,0,10,0,0,0,0,0,0,0,180,67,1,0,43,0,6,3,0,11,0,2,0,1,0,61,1,0,46,0,0,0,0,0,0,0,0,0,0,0,25,0,0,7,0,0,0,0,0,0,0,2,0,0,0,0,0,0,0,0,0,0,1,0,0,0,0,0,0,0,0,0,0,0,0,0,1525,0,0,1234,0,1,0,0,2,1,552,0,0,44,0,0,0,0,0,0,10,0,0,0,0,0,0,2,0,0,14,0
"Subject_246",0,0,0,0,0,0,0,0,0,2,0,0,0,0,3,0,0,0,0,15,25,27,0,0,0,4089,0,0,4,0,0,0,0,32,0,0,0,3,0,0,0,0,0,19,0,23,0,7,0,0,0,0,0,0,59,0,0,0,0,105,0,24,0,0,0,0,50,0,2,135,50,0,0,0,0,0,0,0,0,17,0,0,10,0,0,0,0,0,0,11,0,4,75,0,0,0,0,0,38,0,0,22,0,0,0,34,0,220,0,1,0,0,0,0,0,0,2,2,17,11,0,0,5,0,50,0,76,0,0,0,66,7,0,0,0,3,1,0,0,0,12,0,0,0,0,0,6,24,0,0,0,0,0,0,2,0,0,0,0,53,0,0,0,1220,0,0,0,0,0,0,45,0,0,0,0,0,0,63,0,0,0,0,0,0,0,0,0,0,0,11,0,0,2,0,0,0,0,0,0,0,0,0,0,0,0,41,4,0,0,0,0,0,31,4,0,0,43,111,0,14,0,0,0,0,3,0,0,0,81,33,43,12,0,230,0,0,0,0,0,0,0,0,189,0,7,0,0,0,0,0,420,10,0,0,6,7,11,0,21,106,0,0,0,0,0,0,0,450,7,43,0,34,423,0,0,0,0,0,0,360,0,0,168,0,0,2,0,0,63,6,0,0,0,0,10,0,2,0,0,230,0
"Subject_247",0,0,0,2,0,0,0,3,0,0,0,0,0,49,11,0,0,0,9,0,20,39,2,0,0,9,2,0,0,104,59,0,0,23,0,10,0,4,0,28,0,50,0,9,0,41,0,2,0,0,3,0,0,0,0,0,0,0,0,2,0,2,0,3,0,3,129,0,2,51,2,6,2,7,0,0,8,0,0,17,0,2,0,0,0,2,0,0,0,56,1358,0,0,0,0,0,0,0,5,0,0,10,0,0,2,0,2,3811,0,169,0,0,0,50,0,0,3,0,35,0,0,0,0,5,21,0,2,0,0,14,0,281,0,0,11,0,0,0,0,0,0,0,0,0,0,0,0,4,15,0,25,2,0,9,2,0,61,2,4,13,0,0,2,1,0,0,0,0,0,2,24,0,10,0,0,0,0,1,16,0,0,0,0,9,6,0,0,0,0,0,0,28,0,0,0,0,0,2,12,0,0,0,0,0,33,15,5,0,0,0,0,0,15,0,3,0,24,1,0,0,1,33,1,0,0,0,0,0,1,0,1,6,0,207,0,17,20,0,0,0,0,0,68,0,0,292,0,0,0,0,0,0,2,0,9,3,63,3,3,16,0,4,3,2,237,0,0,0,83,68,0,0,154,0,0,0,0,2,2,1700,0,0,71,0,0,0,0,0,2,7,0,0,5,0,6,0,0,0,2,16,0
"Subject_248",0,0,0,0,0,0,2,81,0,0,0,0,0,463,159,0,0,16,0,0,30,29,0,0,0,935,2,0,5,0,5,0,0,21,0,0,23,2,4,0,0,0,0,25,0,3,0,4,0,0,0,0,0,0,0,0,0,0,0,45,0,0,0,3,0,0,216,0,0,0,31,2,0,53,0,0,0,0,0,71,2,4,2,2,88,0,2,0,0,43,0,8,40,0,0,0,0,0,8,0,0,13,0,0,4,0,1,646,0,22,0,31,0,273,36,2,0,3,7,11,0,0,0,0,30,0,0,0,3,0,0,387,0,0,0,0,17,0,0,0,21,0,0,0,206,0,151,4,0,0,6,0,0,24,2,0,0,0,10,40,0,0,0,0,0,0,0,0,0,0,8,0,0,0,0,0,0,0,58,2,0,0,0,0,4,0,0,0,0,0,0,51,3,0,0,0,0,0,0,0,0,0,0,240,0,23,0,0,0,2,0,0,6,0,8,0,26,1,410,0,1,42,0,0,0,0,0,0,65,11,133,0,0,964,0,0,8,0,0,0,0,0,0,0,5,0,0,0,0,0,5,2,10,0,3,6,0,0,4,8,0,0,0,0,0,0,0,0,4,0,0,11,313,0,14,0,0,0,6,3013,0,0,84,1,0,0,0,0,18,0,0,0,0,0,32,0,5,2,0,17,0
"Subject_249",9,0,0,0,0,0,0,11,0,0,0,0,5,232,2,20,1,0,6,2,0,16,0,1,0,2149,0,0,11,10,284,0,0,54,0,0,2,3,0,5,0,33,0,26,0,908,0,4,0,0,0,0,11,10,3,0,0,0,0,59,0,0,6,2,0,0,39,0,0,25,9,3,0,2,0,0,4,0,0,36,0,0,71,0,49,3,2,2,0,14,0,1,9,0,0,4,0,0,4,0,0,101,0,0,0,32,137,309,0,17,0,50,0,0,16,0,0,2,17,0,0,0,0,0,98,0,0,0,0,0,0,93,0,59,125,0,1,5,0,10,4,0,0,0,0,0,5,0,10,3,11,1,0,67,2,1,32,0,138,49,0,0,0,153,0,0,0,0,0,0,0,0,2,0,11,0,0,4,0,0,0,0,0,0,24,0,0,0,0,0,0,0,2,0,0,0,0,2,0,0,0,0,0,0,497,4,2,47,0,0,0,0,0,3,2,0,60,3,1,15,9,8,0,0,0,0,57,0,21,0,9,0,4,213,64,0,0,0,0,2,0,0,43,7,0,0,0,0,0,0,154,2,0,0,2,2,3,0,4,0,1,0,2,4,4,0,0,0,5,5,0,0,51,0,0,0,0,1,2,1749,0,0,287,0,653,15,0,0,4,20,191,0,0,0,1,4,3,0,0,15,0
"Subject_250",0,0,0,0,0,0,27,0,0,0,0,0,9,0,40,0,45,0,0,34,0,347,0,0,0,1314,0,21,24,10,0,0,0,546,0,0,34,79,0,16,0,58,0,0,0,0,0,0,0,0,2,0,17,0,0,0,0,0,0,0,0,0,0,3,0,0,129,0,0,0,40,0,0,0,0,0,11,0,0,0,0,0,0,0,0,7,2,0,0,0,0,0,593,0,0,0,9,0,0,0,0,3,0,0,0,0,0,230,0,0,0,0,0,0,0,0,0,0,114,0,0,0,0,29,1430,0,0,0,0,0,0,38,0,0,0,0,108,0,0,0,36,0,0,0,0,0,0,0,60,101,21,0,0,0,0,0,0,0,0,0,0,0,0,0,0,0,0,0,0,8,0,3,0,0,0,0,0,53,0,0,0,0,0,0,0,0,0,0,0,0,0,0,0,0,0,32,0,0,0,0,0,0,0,0,0,77,0,0,3,44,1,0,0,0,0,0,0,0,2,0,33,0,0,0,0,0,0,0,0,0,0,0,0,555,0,0,24,0,0,8,0,0,79,0,278,144,0,0,0,0,0,0,0,2,27,52,7,0,0,0,0,0,0,0,0,0,0,0,5,23,0,0,164,0,0,0,0,0,81,1871,0,0,494,0,5,2,0,8,0,0,0,0,0,0,0,0,24,0,0,314,0
"Subject_251",0,0,0,4,0,0,0,0,0,2,0,0,3,0,10,0,11,0,0,0,6,60,0,0,0,215,0,15,244,23,0,0,0,113,4,0,54,283,0,14,4,87,0,0,0,23,0,0,0,0,5,12,9,0,0,9,0,0,0,9,0,0,12,0,0,6,26,2,57,0,0,0,0,0,1149,0,3,0,0,2,0,0,110,0,0,2,0,0,0,31,0,32,153,0,0,15,0,2,0,0,19,27,0,4,3,0,0,221,0,0,0,0,0,111,0,0,0,0,123,4,0,0,32,5,151,0,0,0,0,0,16,19,1,33,20,0,3,0,0,20,2,0,0,0,0,0,9,5,16,0,9,0,3,0,0,0,0,3,0,0,4,0,0,0,0,0,0,95,0,0,7,0,1962,0,0,13,0,34,0,0,0,0,0,0,31,0,0,0,0,18,0,51,2,0,0,0,0,0,0,0,0,0,0,0,0,6,0,0,3,24,53,0,0,0,72,0,8,18,44,0,0,0,0,0,0,0,0,0,3,9,0,0,0,0,0,0,0,0,6,0,0,0,0,0,3,0,0,18,0,0,2,0,0,0,0,2,2,0,0,0,3,0,0,4,208,0,0,0,0,8,6,22,395,0,2,0,1025,0,0,1134,0,0,759,0,0,0,2,0,0,35,0,0,0,0,0,0,14,0,0,221,0
"Subject_252",0,0,3,0,18,0,0,0,0,0,0,0,0,0,0,0,0,0,25,0,0,0,0,2,0,2189,0,42,9,19,163,22,0,0,0,0,21,0,0,7,0,54,0,0,0,122,0,0,0,0,4,0,20,0,0,0,0,0,0,252,0,0,0,0,0,72,55,0,0,0,0,0,0,33,0,8,7,0,0,12,0,0,0,0,0,40,75,0,0,0,0,0,0,0,0,0,12,0,0,0,0,14,0,0,0,27,0,137,10,0,0,0,0,0,17,0,0,0,58,0,0,0,0,5,0,0,0,0,0,0,0,1031,0,0,14,0,0,0,0,14,495,0,0,0,0,0,0,0,17,0,29,47,0,279,0,0,0,0,0,0,0,0,0,44,0,0,0,0,0,0,22,0,0,0,0,0,0,0,0,0,0,0,0,21,0,0,0,0,0,0,2,25,0,0,0,0,0,0,0,0,0,0,0,3,0,308,0,0,4,2,2,0,0,0,0,0,59,0,105,0,0,110,0,0,0,0,0,0,37,0,0,3,0,333,0,0,0,0,0,404,0,0,0,0,141,7,0,0,0,0,0,0,0,0,9,0,25,0,10,7,0,0,0,0,217,0,0,0,0,0,0,0,196,1,3,0,2,0,0,2077,0,0,0,0,0,15,0,0,13,0,0,0,10,0,0,4,29,0,0,271,0
"Subject_253",0,2,0,0,0,0,10,0,0,0,0,0,5,0,91,0,3,0,0,0,0,0,0,2,0,2680,0,0,3,0,53,0,0,107,1,0,334,0,0,0,1,0,0,0,0,1,0,0,0,0,0,1,0,0,0,0,0,1,0,1,0,0,1,0,1,0,1,0,0,1,0,0,0,0,0,0,0,0,0,0,0,3,1,0,0,4,78,0,0,0,0,38,9,0,0,0,2,0,1,0,13,0,9,19,0,9,0,137,0,0,0,0,0,44,0,1,0,1,0,0,0,0,0,2,1070,0,0,0,0,0,1,0,0,0,2,12,796,0,0,0,27,0,0,1,0,0,0,0,0,0,0,3,1,17,0,0,31,0,0,21,1,34,0,0,0,21,0,0,8,4,0,0,17,0,8,0,0,0,0,2,0,0,0,0,0,0,0,0,0,0,0,3,0,33,0,1,0,2,0,0,0,0,0,0,0,3,0,6,0,2,0,0,0,0,0,1,0,9,0,0,5,2,0,0,0,0,2,0,0,1,0,0,0,248,101,0,0,0,0,67,0,0,0,0,0,0,1,0,0,0,0,0,0,0,0,8,0,0,0,0,1,0,0,0,0,0,0,0,0,35,0,0,1362,0,5,0,0,0,0,2114,0,0,5,0,0,0,0,0,0,0,0,3,0,0,157,0,10,0,0,65,0
"Subject_254",1,0,0,0,0,1,0,1,0,0,0,3,0,0,143,0,0,0,0,0,0,31,0,4,0,2,0,0,17,10,6,0,0,148,0,0,0,44,0,0,0,0,2,0,0,3,0,0,0,0,0,0,0,2,4,0,0,0,1,7,0,0,0,0,0,0,1,0,0,0,7,1,2,0,0,0,0,0,0,72,0,0,301,0,0,0,0,0,0,0,0,10,0,0,0,0,0,0,0,0,0,0,0,0,3,0,0,3166,0,17,0,0,0,189,5,0,0,0,599,1,0,0,42,10,149,0,0,0,0,0,2,19,0,0,0,0,31,0,0,0,3,0,0,0,569,0,11,0,0,0,0,0,0,5,0,0,0,0,0,2,1,59,0,0,0,0,46,0,0,0,4,0,0,0,0,0,0,0,51,0,0,0,0,0,11,0,0,105,0,0,3,34,0,113,0,0,0,1,0,0,1,0,0,0,0,39,0,167,0,15,0,0,0,0,0,1,22,4,53,7,0,0,0,0,0,0,0,0,0,1,0,0,0,1169,0,0,19,0,0,0,24,13,0,0,0,38,0,0,0,0,0,0,12,0,0,0,6,0,0,0,0,0,0,9,0,0,0,0,15,253,0,71,459,0,0,0,0,1,0,1080,1,31,59,0,0,0,0,0,1,0,0,0,0,0,9,0,316,0,0,28,0
"Subject_255",0,0,0,0,0,0,2,0,0,0,1,2,2,0,0,0,0,0,0,0,76,19,0,3,0,2416,0,0,12,14,121,0,0,100,0,0,2,29,0,0,0,201,0,330,0,329,255,0,0,0,1,0,0,0,0,0,0,0,2,0,0,0,5,0,0,0,0,0,4,0,0,0,0,0,0,0,0,0,0,17,0,0,2,0,21,3,196,0,0,104,0,2,4,0,0,0,0,0,0,0,36,0,0,0,4,0,0,1,44,0,0,0,0,1292,0,2,0,2,24,0,0,0,0,68,60,0,0,0,0,0,38,75,0,13,3,0,17,0,0,0,0,0,0,0,295,0,0,0,18,0,17,0,7,0,0,0,0,0,0,89,0,0,0,0,0,0,0,0,0,0,0,0,1,0,0,0,0,105,191,0,0,0,0,0,2,0,2,0,0,0,0,47,3,0,0,0,0,0,0,0,0,0,0,0,0,5,5,0,0,3,0,0,0,20,4,0,200,0,66,0,24,0,0,0,0,0,0,0,0,0,176,0,0,400,0,0,0,0,0,0,0,0,0,0,0,0,2,0,0,0,0,0,16,0,2,10,0,3,6,0,0,0,0,2,0,0,0,0,0,2,0,48,618,0,0,0,0,0,1,1056,2,2,62,0,0,0,0,0,123,8,0,0,0,0,251,31,37,0,0,81,0
"Subject_256",2,0,0,5,0,0,2,0,0,0,0,0,0,0,2,0,2,0,9,0,0,0,2,4,0,550,0,0,3,10,0,0,0,41,0,0,16,3,21,12,2,135,0,0,0,0,0,0,0,0,0,0,0,0,0,0,0,0,0,0,0,0,0,0,0,0,216,0,0,0,0,0,0,0,0,0,4,0,0,0,0,0,0,0,0,151,0,0,2,22,0,2,3,0,0,8,0,0,10,0,0,0,0,0,0,0,0,25,0,0,0,0,0,130,0,0,0,0,97,0,0,0,26,229,11,0,0,0,0,0,0,0,0,7,13,6,1,0,0,0,3,0,0,0,0,70,7,0,38,110,15,0,0,0,0,0,0,0,0,173,0,0,0,487,0,28,0,0,0,0,0,0,1,0,0,0,0,443,121,0,0,0,19,0,0,5,0,0,0,0,51,0,2,6,0,2,0,0,0,0,0,4,0,813,4,16,0,23,2,1,0,0,0,0,0,0,0,0,141,0,310,45,0,0,0,0,0,134,0,0,180,0,0,864,0,0,0,0,6,0,0,0,0,0,162,0,0,0,0,0,0,0,0,0,7,141,15,0,0,0,0,0,7,3,0,0,0,0,0,7,0,0,309,0,0,0,0,1,11,2234,0,2,188,1,668,30,0,0,0,0,0,0,0,0,255,0,3,0,0,53,0
"Subject_257",0,9,0,0,0,1,2,15,0,0,0,0,2,0,2,0,0,0,0,0,0,57,0,0,15,4,0,2,2,1,0,0,0,83,0,0,3,0,2,2,0,0,290,71,0,98,0,4,0,0,17,0,1,0,120,0,0,0,0,58,0,0,0,2,0,0,145,0,15,0,87,0,1,0,0,1,0,4,0,51,0,7,11,0,294,12,91,93,0,0,466,3,0,38,0,18,0,0,2,0,17,0,0,0,13,15,0,2,0,0,0,0,0,1195,9,3,0,0,0,0,0,0,0,5,61,46,0,2,2,0,60,2,0,0,0,0,5,2,0,0,2,0,0,0,0,0,0,0,0,0,15,0,3,36,2,0,0,294,0,172,0,27,3,0,0,21,0,0,0,0,5,0,0,0,0,2,2,95,0,0,79,0,0,6,8,0,0,0,0,0,0,85,0,24,0,0,12,1,0,0,0,0,0,0,0,2,0,57,0,2,0,0,0,0,6,0,59,163,8,0,0,37,0,0,0,0,481,0,307,1,167,0,0,157,0,0,20,0,0,2,18,4,0,0,28,0,0,0,0,0,0,0,0,0,9,0,20,3,2,0,4,0,0,3,3,0,0,0,0,21,0,0,57,0,0,3,0,0,2,3135,0,0,463,0,0,17,18,0,3,122,0,0,0,0,0,0,7,0,0,57,0
"Subject_258",0,0,0,3,0,0,2,0,0,0,0,0,0,52,14,0,0,0,0,0,0,5,0,0,0,1542,0,0,0,0,0,0,0,107,0,0,41,485,1,0,0,0,0,113,0,1070,0,0,0,0,0,0,0,0,0,0,0,0,0,0,0,0,0,0,0,0,303,0,0,103,0,0,0,4,32,0,0,0,0,0,0,0,779,0,52,0,108,0,0,22,1,72,0,0,0,0,0,0,21,0,0,0,0,0,0,0,23,54,0,0,0,0,0,82,0,0,0,0,40,0,0,0,0,86,38,0,0,0,0,0,0,346,0,0,0,0,3,0,0,0,0,0,0,0,0,0,0,0,0,11,3,0,0,0,2,0,0,0,11,143,0,0,0,0,0,26,0,0,0,2,0,0,0,0,0,0,0,0,947,0,0,0,0,0,0,0,0,0,0,0,0,73,0,0,0,0,0,0,0,0,0,0,0,1,0,0,0,0,0,0,0,0,28,0,1,0,511,0,0,0,0,19,0,0,0,0,0,0,64,0,0,0,0,394,0,0,0,0,0,0,0,0,0,0,0,0,0,0,0,0,461,0,0,0,0,0,0,0,0,0,0,0,0,0,0,0,0,0,0,1447,0,0,14,0,0,0,0,0,9,0,0,0,213,0,0,0,0,0,0,0,0,0,0,0,0,0,0,0,0,19,0
"Subject_259",3,0,0,0,0,0,1,0,0,0,0,0,0,0,13,0,0,1,0,0,0,0,0,0,0,3185,0,14,251,116,0,1,0,15,0,0,28,0,0,0,0,174,79,0,0,3,0,0,0,0,0,0,0,0,0,0,0,0,0,68,0,0,0,0,0,0,49,0,4,0,0,0,0,0,0,0,0,0,2,1,0,0,14,0,10,0,1,0,0,192,0,0,42,0,0,8,0,1,0,0,0,0,0,0,0,0,2,2,0,19,0,0,0,123,0,0,0,0,73,0,10,0,0,49,1067,0,0,0,0,0,0,3,0,0,31,0,0,0,0,0,0,0,26,0,0,6,0,0,0,0,2,0,0,6,0,0,0,0,0,0,0,19,0,2,0,0,0,0,0,0,0,2,9,0,47,0,0,0,429,0,0,0,0,0,0,0,0,0,0,9,0,167,0,0,0,0,0,0,9,0,0,0,0,2,0,0,0,0,0,0,0,0,0,0,13,0,29,0,157,0,0,0,0,0,0,0,0,0,0,0,5,0,0,759,117,0,0,52,0,0,43,0,0,0,0,0,0,0,0,0,0,0,0,1,0,0,0,0,0,1,0,0,0,0,0,0,0,0,0,183,0,11,270,0,0,0,0,0,0,1326,0,0,119,0,0,0,0,0,0,0,0,0,0,0,0,0,0,0,0,525,0
"Subject_260",0,0,0,1,3,1,74,35,0,0,3,0,0,53,6,0,0,0,14,0,83,54,0,0,0,1135,7,0,4,6,561,0,0,92,4,28,3,71,2,0,0,91,168,40,0,105,0,6,0,0,3,0,0,0,6,0,0,0,2,71,7,8,5,2,3,0,13,0,7,0,21,0,1,0,0,2,4,0,0,203,0,2,31,0,0,0,0,0,0,48,0,3,2,0,0,2,0,2,37,0,9,0,2,14,0,0,17,2,52,8,0,3,0,128,6,0,3,0,0,0,0,0,0,45,18,42,0,0,5,0,8,439,0,0,7,4,0,0,0,0,0,8,0,0,12,26,4,0,16,0,4,39,17,59,0,0,0,0,0,40,0,22,4,0,0,24,0,0,0,0,0,0,10,0,0,2,2,11,173,0,0,12,0,0,10,0,13,263,0,0,0,35,0,75,57,0,0,3,11,0,0,0,0,0,0,0,4,9,0,2,0,0,0,0,2,0,0,14,39,5,25,31,12,0,0,0,28,0,49,8,132,0,0,0,34,34,8,0,0,0,51,0,0,2,0,0,11,0,0,0,0,0,44,0,0,0,0,3,3,12,0,0,2,2,2,0,2,0,5,78,0,21,39,0,0,0,0,0,2,4096,0,0,109,0,0,0,0,0,0,40,0,0,9,0,24,0,0,0,1,119,0
"Subject_261",3,0,0,0,0,0,141,21,0,0,0,0,0,135,15,0,0,0,0,0,0,35,0,0,0,1074,0,0,20,0,1,0,0,128,0,120,9,0,2,0,5,50,0,39,0,248,0,0,0,0,0,0,11,0,0,0,0,0,0,87,0,20,5,0,2,0,32,0,0,24,8,0,0,13,0,105,0,0,0,360,3,2,0,0,0,0,330,0,0,44,0,0,0,0,2,0,0,0,55,0,31,0,2,2,0,28,49,1111,11,0,0,0,0,27,17,0,0,2,96,0,8,2,0,0,21,0,1,11,0,0,20,948,0,0,5,0,176,0,0,15,20,0,0,0,7,0,2,0,14,0,14,0,0,0,2,0,0,0,6,59,0,0,0,1127,0,0,0,3,0,3,0,0,0,0,0,0,0,21,29,2,0,0,0,0,0,0,0,0,0,0,0,1,0,0,394,0,0,0,0,0,2,0,0,0,1075,12,2,0,0,0,0,0,4,0,10,0,25,3,0,7,0,37,0,0,0,0,3,0,11,2,123,0,0,571,0,9,0,0,0,0,0,0,0,3,0,2,0,0,0,0,0,5,0,0,0,0,14,0,5,0,0,0,0,2,0,1,0,0,0,44,0,0,155,0,0,0,0,0,5,95,0,0,204,0,0,0,0,0,40,3,0,0,0,0,4,0,0,0,0,94,0
"Subject_262",48,0,0,7,0,0,2,0,0,0,2,0,0,324,42,0,18,0,10,0,0,34,0,0,0,3385,0,18,12,0,2,0,0,68,0,13,15,2,6,0,3,47,0,0,0,7,0,0,0,2,0,0,0,0,0,0,0,0,0,0,0,42,10,0,0,0,0,0,0,0,0,0,0,0,0,0,3,0,0,7,0,0,0,0,0,0,0,0,0,41,0,4,94,0,81,0,0,0,38,0,21,10,0,0,3,0,0,96,0,0,0,8,0,199,0,0,0,0,81,2,0,0,0,16,27,0,0,0,0,0,0,206,12,8,0,0,731,0,0,0,0,0,0,0,0,0,0,0,34,74,3,0,0,0,2,0,0,0,0,27,0,0,0,2,0,0,0,0,0,0,0,0,20,0,0,0,0,92,28,0,0,0,0,0,0,2,5,0,0,0,0,50,2,0,0,0,44,0,0,0,0,0,0,0,248,0,0,0,3,6,0,0,0,0,7,0,35,0,0,0,0,0,0,0,0,0,0,0,21,0,8,0,0,227,0,0,0,3,0,0,0,0,0,0,0,0,0,9,0,0,0,0,0,0,0,11,0,0,0,0,0,0,0,6,0,0,0,0,0,27,0,0,329,0,0,0,0,0,9,2644,0,0,16,0,0,0,0,0,0,5,0,0,0,0,24,0,9,0,48,115,0
"Subject_263",0,0,6,0,0,0,0,27,2,0,0,0,3,26,44,0,0,0,0,14,44,18,0,0,0,313,0,0,0,0,19,0,5,91,0,0,14,10,2,2,0,0,3,58,0,30,0,4,0,0,2,0,0,0,33,1,0,0,0,20,0,198,0,1,0,0,0,0,0,0,8,0,7,160,0,0,0,0,0,9,0,0,65,0,167,6,0,1,0,10,0,11,0,85,0,3,0,0,16,0,14,0,0,0,43,0,20,460,0,7,0,0,0,54,0,0,4,0,43,0,0,0,0,5,0,0,4,0,0,33,45,11,0,0,0,2,18,0,0,0,8,0,0,0,0,0,6,0,0,0,2,2,0,0,1,0,66,0,0,103,14,70,5,0,0,35,0,0,0,0,11,0,0,0,0,0,0,152,65,0,0,75,0,0,14,0,0,0,0,0,0,37,0,0,127,0,0,2,12,0,0,0,0,0,0,24,2,242,0,0,0,0,3,0,4,0,38,21,54,4,0,61,0,0,0,0,0,0,9,35,38,0,0,155,118,20,12,0,0,0,62,0,0,0,0,0,0,0,0,18,0,3,3,0,50,12,9,0,5,71,0,0,4,0,614,0,0,28,79,156,0,16,144,0,0,0,0,0,5,2342,0,1,207,0,1407,508,0,0,61,2,80,0,0,10,79,5,0,0,0,71,0
"Subject_264",10,0,0,0,0,0,32,0,0,0,0,0,0,0,14,0,0,0,0,0,0,8,0,0,0,1772,0,0,140,17,0,0,0,0,0,0,2,8,0,2,0,0,0,48,0,0,0,0,0,0,0,0,0,0,0,0,3,9,0,0,0,0,0,0,0,0,5,0,11,0,0,0,0,0,0,320,0,0,0,0,0,0,6,0,0,8,0,0,0,36,0,59,16,0,0,0,0,0,0,0,0,0,0,2,0,0,0,3306,0,0,0,0,0,0,0,0,0,0,75,2,0,0,0,8,14,0,0,0,0,0,0,0,0,0,2,0,332,0,0,0,0,0,0,0,0,0,0,0,0,0,0,0,0,0,0,0,0,0,0,20,0,0,0,0,0,29,0,3,0,0,0,0,2,3,0,0,0,0,0,0,0,0,0,0,3,0,0,0,0,0,2,9,2,0,3,0,0,0,0,0,0,31,0,0,0,0,0,0,0,0,0,0,0,0,3,0,0,0,25,0,0,0,0,0,0,0,0,0,0,0,0,0,0,0,0,0,0,0,0,9,0,0,0,0,0,0,0,0,0,0,0,0,0,0,0,0,0,0,0,2,0,0,0,0,1,0,0,0,3,153,0,0,153,0,4,0,4,0,3,3259,0,0,0,0,0,0,0,0,2,0,0,0,0,0,2,0,0,0,0,13,0
"Subject_265",0,5,2,0,0,0,0,8,0,3,0,0,0,0,3,0,6,1,0,10,123,10,0,0,0,45,0,0,23,0,316,0,0,140,0,0,4,983,0,0,0,0,0,0,0,241,0,3,0,0,0,0,0,0,0,2,0,0,0,114,1,55,0,11,0,0,33,0,0,219,0,0,2,0,0,0,0,0,0,162,0,1,8,0,0,0,0,0,0,65,0,6,0,0,0,4,0,0,63,0,18,0,0,0,3,0,30,481,0,607,0,2,0,83,0,0,0,91,170,0,0,0,0,93,13,57,0,0,2,0,62,133,0,0,0,0,5,12,0,0,98,0,15,0,0,1631,17,0,0,0,10,0,2,64,0,0,90,0,0,6,0,26,0,624,0,50,0,0,0,0,21,0,2,0,189,0,0,2,106,2,0,0,0,0,18,0,0,0,0,0,0,125,0,120,0,0,0,7,59,0,0,0,0,2,0,152,5,314,0,2,0,0,0,0,5,0,212,7,0,9,0,3,0,0,0,0,11,0,5,3,11,0,0,6,0,0,15,13,13,0,103,0,0,0,0,29,0,0,0,0,0,0,43,0,5,1,0,0,38,0,5,0,0,7,0,0,0,0,34,216,15,101,36,0,0,0,0,0,7,448,0,0,61,0,0,0,0,0,0,19,0,0,0,0,109,0,8,0,0,117,0
"Subject_266",0,0,0,0,0,0,1,11,0,0,0,0,0,0,0,0,3,0,0,0,0,11,0,3,0,1217,0,0,42,0,1111,0,0,31,0,0,88,11,4,0,1,0,0,3,0,158,0,0,0,0,0,0,1,0,6,0,1,0,0,1,0,21,1,0,1,0,239,0,0,0,2,0,0,15,0,0,0,0,0,17,0,0,7,0,78,0,131,0,0,32,2,89,6,0,18,112,0,0,20,0,10,0,0,0,0,88,54,116,0,2,0,0,0,127,12,5,0,0,9,0,6,0,0,3,189,0,0,0,0,0,0,387,0,137,0,0,899,0,0,4,870,0,0,0,0,0,0,0,0,22,1,2,0,2,0,0,0,0,0,14,0,22,0,527,0,11,0,0,0,0,8,0,0,0,0,0,0,3,4,0,3,0,0,0,0,0,0,0,0,0,6,80,2,25,16,0,0,2,0,0,0,0,0,2,0,73,0,0,3,5,0,0,0,0,6,0,109,2,0,0,0,6,0,0,0,1,0,0,0,17,173,0,0,668,0,0,3,0,0,2,0,83,0,0,0,0,0,0,0,0,78,2,0,0,48,11,15,0,0,5,1,0,0,4,2,0,0,0,0,1,0,0,13,0,1,0,0,0,1,1240,0,0,31,0,0,0,0,0,8,4,0,0,0,0,217,1,0,0,0,6,0
"Subject_267",0,0,3,0,0,0,0,1,0,0,0,0,0,0,0,2,0,0,0,0,0,20,0,0,0,0,0,25,9,21,0,414,0,193,0,0,13,0,0,0,0,0,0,0,0,97,0,0,0,0,0,0,0,0,5,0,0,0,0,85,0,1,0,0,0,0,52,0,0,153,12,0,3,0,0,0,0,2,0,72,15,8,275,0,1,0,0,0,0,0,0,0,3,0,0,0,1,0,0,0,0,0,11,0,0,8,0,469,1,0,0,0,0,2737,10,0,0,0,119,0,0,0,0,0,273,27,0,18,0,0,0,71,0,0,0,0,0,0,0,0,2,0,0,0,0,0,12,0,0,31,16,71,0,19,0,0,0,0,0,28,0,47,0,420,0,0,0,0,0,0,2,0,0,0,0,0,0,0,302,0,0,0,0,0,11,0,0,0,0,0,2,61,0,0,0,0,0,4,0,0,0,0,0,649,0,6,0,0,0,0,3,0,0,0,7,2,58,24,0,3,190,47,0,19,0,0,85,0,118,0,0,0,0,32,0,0,15,0,0,4,24,0,0,0,6,0,0,0,0,0,0,0,17,0,9,5,2,0,10,0,0,0,13,11,1,0,0,0,0,39,0,12,0,0,0,1,0,6,6,1886,0,0,325,0,0,12,0,0,2,0,0,0,0,0,0,28,26,0,0,37,0
"Subject_268",0,0,3,0,0,0,5,0,194,0,0,2,0,0,203,0,9,2,0,0,51,2,10,0,0,1,2,0,52,0,0,0,0,4,0,0,30,74,0,0,0,0,0,94,0,0,0,2,0,0,0,0,0,0,0,4,0,0,0,2,10,34,3,2,0,151,45,0,0,38,14,0,59,0,0,0,0,0,0,10,0,2,52,1,0,0,0,0,0,20,0,0,0,0,0,0,0,0,2,0,15,0,27,0,0,0,33,319,0,51,0,0,17,6,0,0,0,0,99,0,0,0,0,0,33,168,298,0,7,0,134,704,0,0,0,0,12,0,0,0,18,0,0,0,0,0,6,32,0,0,30,0,0,5,2,0,0,0,54,260,0,0,0,0,0,0,0,0,0,0,5,0,0,0,0,0,0,212,2,5,5,0,0,0,4,0,0,0,0,0,0,32,4,0,1215,0,0,0,0,0,0,0,0,0,0,3,2,0,0,25,0,0,10,0,1,2,2,154,0,0,0,19,0,11,0,0,0,0,3,0,84,0,0,149,0,92,26,0,0,22,0,0,119,0,0,6,0,11,0,0,9,4,12,0,9,7,6,0,3,26,1,12,0,5,0,0,0,0,7,392,0,83,1124,0,0,0,0,0,3,2198,0,0,154,0,0,0,0,40,57,16,0,0,0,0,1,0,4,86,0,9,0
"Subject_269",68,0,0,0,0,0,0,0,0,0,0,0,0,0,12,0,10,1,11,0,0,1,0,2,0,927,0,0,6,44,40,0,0,22,3,0,1,1,2,6,1,34,0,0,0,141,527,1,0,0,2,0,6,0,1,0,0,1,0,50,0,0,0,3,0,0,225,8,0,30,4,0,0,0,0,0,3,0,0,40,0,0,147,0,0,5,1,2,0,32,0,3,0,0,0,2,0,0,0,0,9,0,0,0,3,0,0,1937,9,0,0,0,0,58,18,1,0,1,29,0,0,0,0,16,6,15,0,0,3,0,0,1133,0,4,3,0,3,0,0,0,33,6,0,0,0,536,0,0,15,4,0,0,0,11,0,0,0,0,10,9,0,36,0,181,0,19,0,0,0,0,0,1,0,1,0,0,0,2,2,0,0,0,16,0,16,0,0,0,0,0,6,48,1,8,0,0,0,0,0,0,0,0,0,59,194,43,1,138,1,3,0,0,0,0,2,1,182,0,2,0,6,28,0,8,0,0,0,0,8,0,17,0,0,866,0,0,6,0,7,3,0,41,0,0,69,75,0,0,0,0,0,1,0,0,0,4,14,0,1,4,1,0,0,3,0,0,0,0,3,652,0,10,87,5,1,0,0,4,1,776,0,0,5,0,0,0,0,3,0,0,0,0,0,0,4,0,20,0,0,6,0
"Subject_270",6,0,19,6,0,0,6,0,0,0,0,0,10,0,22,0,0,0,20,4,0,104,0,19,0,3,0,0,28,127,0,0,0,132,7,0,19,68,0,0,0,168,0,0,0,0,0,0,0,3,4,0,0,0,0,0,0,0,0,0,4,0,44,0,0,0,16,0,204,0,0,0,0,0,0,0,6,0,0,66,0,0,0,0,0,14,0,0,0,0,0,7,23,0,0,3,0,0,0,32,89,18,0,0,0,0,0,745,0,0,0,0,0,3072,0,19,0,65,15,3,13,0,0,22,295,0,0,0,0,0,0,279,0,0,40,62,14,0,0,0,8,0,0,0,0,47,0,0,53,0,38,0,3,0,0,0,0,2,0,20,0,70,0,0,0,71,0,5,0,21,0,0,2,5,0,0,11,0,0,0,0,0,0,0,0,0,3,0,0,0,0,0,0,0,19,0,0,0,17,0,0,89,0,26,0,227,4,55,0,0,0,0,0,0,43,0,0,0,7,0,9,0,0,0,12,0,0,0,0,0,35,0,0,623,0,0,62,0,6,51,37,0,0,0,0,0,0,18,0,0,0,3,0,0,0,27,38,0,0,8,0,0,0,0,0,0,0,0,0,2,2,0,659,0,0,0,0,0,0,1317,0,0,208,0,0,0,0,0,0,0,0,0,0,0,0,0,7,0,0,90,0
"Subject_271",13,0,0,0,0,0,50,0,0,0,0,0,0,0,39,0,8,0,0,0,0,0,0,23,0,0,0,0,198,162,0,0,0,474,0,0,202,0,0,0,0,0,0,0,0,0,0,0,0,0,0,0,0,0,0,0,0,3,0,383,0,0,0,0,0,0,0,16,0,0,0,0,0,0,0,0,0,0,0,0,0,0,77,0,0,0,0,0,0,160,0,0,16,0,0,3,0,0,0,0,0,32,0,0,0,0,1,2457,0,0,0,0,24,0,0,0,0,0,49,0,0,0,0,0,190,0,0,0,0,0,0,25,0,9,0,0,672,0,0,0,24,0,0,0,0,0,0,0,0,0,0,0,0,0,0,0,0,0,0,0,0,0,0,0,0,0,0,1,0,0,0,2,0,0,0,0,0,0,0,0,0,0,0,0,0,2,0,0,0,0,0,0,0,0,0,0,0,0,0,0,0,0,0,0,0,0,0,0,0,11,0,0,0,0,0,0,0,0,359,0,0,0,0,0,0,0,0,2,0,0,0,0,0,0,0,0,0,0,0,0,0,0,176,0,0,0,0,0,0,0,0,0,0,0,12,0,0,0,0,0,0,0,0,8,0,0,0,0,1129,41,0,0,0,0,0,0,0,0,78,0,0,0,790,0,1645,41,0,3,0,55,0,0,0,0,0,0,30,0,0,302,0
"Subject_272",81,0,0,36,0,0,0,5,0,0,5,0,0,0,31,0,0,0,15,0,0,48,0,4,0,1771,0,0,0,17,5,0,0,10,0,0,6,5,3,28,0,105,0,0,0,0,0,0,0,0,15,0,20,32,185,0,0,0,0,506,0,0,6,0,0,0,599,0,0,0,51,0,2,0,0,1,15,0,0,157,0,0,0,0,0,5,2,0,0,0,0,25,6,0,0,1,0,0,0,0,0,4,0,0,0,0,0,249,36,0,0,0,0,188,16,3,0,1,102,0,0,0,0,26,29,109,0,0,0,0,0,0,0,0,20,0,12,0,0,0,25,0,0,0,18,34,0,0,25,0,0,0,0,89,1,0,0,0,0,0,0,80,0,0,0,52,0,0,0,0,18,0,0,0,0,0,5,0,183,0,0,0,0,0,15,0,0,0,0,0,0,78,0,39,0,0,0,1,0,0,0,0,0,0,0,50,5,40,0,0,0,0,0,0,27,0,54,0,147,0,2,0,0,0,0,0,0,0,0,0,20,0,0,340,0,0,39,12,0,12,67,0,0,0,0,98,0,0,0,0,0,0,31,0,0,346,5,0,2,317,9,0,0,0,0,0,0,0,57,191,0,13,504,0,0,0,0,0,8,2034,0,0,96,0,0,0,0,0,0,98,0,0,0,0,2,0,47,0,0,68,0
"Subject_273",0,0,0,4,0,0,0,0,0,0,0,0,0,125,0,0,0,0,0,0,0,0,0,7,0,0,0,0,24,26,85,0,0,93,0,0,44,4,0,0,0,0,0,0,0,133,0,3,0,0,0,0,0,5,0,0,0,0,0,2,0,0,0,0,0,0,0,0,3,24,0,0,2,13,0,0,0,0,0,2,0,0,393,0,0,74,0,203,2,0,0,12,0,0,0,30,0,0,0,0,0,9,0,0,0,0,0,3337,45,34,2,0,0,0,0,3,0,103,65,0,0,0,0,0,0,0,4,0,0,0,0,0,0,13,0,0,12,0,0,0,406,0,0,0,0,0,6,6,0,0,0,0,4,0,2,0,0,0,0,50,0,0,0,0,8,0,32,0,0,0,43,0,0,0,0,0,0,31,22,3,0,17,0,0,59,20,0,0,0,0,6,2,3,7,877,0,0,2,0,0,0,0,0,0,143,55,0,0,0,17,0,0,0,10,0,2,35,25,244,0,18,0,0,0,4,0,0,0,0,7,0,3,0,605,0,22,0,0,0,64,0,0,0,0,12,9,0,0,0,0,0,0,64,0,88,13,25,0,21,0,2,0,0,4,0,0,0,0,33,102,0,0,1005,0,0,0,0,0,16,15,2,0,408,0,0,2,0,0,31,0,0,0,0,0,0,52,2,0,0,303,0
"Subject_274",4,0,0,19,0,0,0,0,0,0,0,0,0,0,0,0,7,0,8,0,0,22,0,1,0,2568,0,0,71,3,0,0,0,303,0,0,0,0,0,0,0,171,0,7,0,76,0,0,0,0,0,0,9,4,0,1,1,0,0,0,0,0,0,0,0,0,44,6,0,0,16,0,0,0,0,0,3,0,0,0,0,0,32,0,0,42,0,0,0,56,0,22,219,0,0,194,0,0,0,0,7,64,0,0,0,18,0,288,46,0,0,0,0,51,0,0,0,0,23,7,0,0,0,0,99,0,0,0,0,0,0,314,0,0,0,0,214,0,0,0,332,0,0,0,0,581,0,0,0,5,10,0,0,37,0,0,2,0,0,0,0,44,0,0,0,0,0,0,0,3,8,0,0,0,16,0,0,10,0,0,0,0,0,0,0,0,2,0,0,0,0,0,0,74,0,0,0,1,0,0,0,18,0,309,0,0,0,62,0,2,0,0,0,0,0,0,0,7,13,0,10,0,0,9,0,0,0,0,0,2,243,0,0,129,0,0,13,0,0,0,0,0,0,0,11,4,0,0,0,0,0,0,0,0,0,3,0,0,0,7,3,0,0,0,0,0,0,0,14,1062,0,0,62,0,11,0,0,0,0,1479,0,0,240,0,0,0,0,0,48,30,0,0,0,0,0,0,37,0,0,10,0
"Subject_275",7,0,0,0,0,0,0,0,0,0,0,0,14,0,17,0,0,0,0,0,0,0,0,5,0,3044,0,0,23,60,269,0,0,24,0,0,279,47,7,0,0,263,0,0,0,61,0,0,0,0,0,0,33,26,0,0,0,0,0,0,0,0,54,0,0,0,68,0,21,0,17,0,0,0,0,0,5,0,0,0,0,0,23,0,0,0,52,0,0,62,0,5,14,0,0,2,0,0,0,0,0,3,0,0,0,0,0,542,0,0,0,0,0,35,36,0,0,2,89,0,0,0,0,0,98,0,0,0,0,0,0,771,0,17,0,27,58,0,0,0,13,0,0,0,0,0,5,0,22,0,4,0,0,85,0,0,0,0,0,0,0,0,0,0,0,27,0,0,0,7,0,0,0,0,0,0,0,2,151,0,0,0,0,0,0,0,0,0,0,0,0,75,2,0,0,0,0,0,0,0,0,0,0,0,0,15,4,0,2,5,0,0,0,0,2,0,94,4,104,0,243,0,0,0,0,0,0,0,6,0,0,0,0,273,0,0,0,0,0,0,0,0,0,0,0,2,0,0,0,0,0,5,0,0,18,13,0,0,0,0,0,0,0,0,2,0,0,0,0,22,0,0,755,0,3,0,0,0,15,1563,2,0,92,0,0,0,0,0,0,0,0,0,0,0,23,0,6,0,0,157,0
"Subject_276",0,0,0,0,0,0,9,0,0,0,0,0,0,202,2,0,0,0,2,0,0,0,1,2,0,2414,0,2,18,3,0,0,0,120,0,0,0,0,0,0,0,4,0,0,0,1476,0,0,0,0,0,0,0,0,0,0,0,0,0,182,0,0,0,0,0,0,0,0,0,0,0,2,0,0,0,2,0,0,0,0,0,0,0,0,404,0,0,0,0,103,0,11,1,5,0,0,0,0,0,0,0,0,0,0,0,0,210,4,0,0,0,0,0,171,0,0,0,0,31,4,0,0,0,5,80,0,0,0,0,0,0,0,34,0,0,10,39,0,0,0,2,0,0,0,0,0,0,0,0,0,29,0,0,7,0,0,0,0,0,45,0,0,0,0,0,0,13,0,0,0,0,1,0,0,0,0,0,0,574,0,0,0,0,0,23,4,0,4,0,0,0,123,0,0,0,4,0,0,0,0,0,0,0,0,842,0,0,0,0,0,1,0,0,0,0,0,0,56,0,0,0,0,0,0,0,0,57,0,59,0,386,0,0,0,0,0,0,0,10,0,27,0,0,0,0,0,0,0,0,0,0,0,0,2,0,2,0,0,8,32,0,0,4,0,0,0,0,0,3,7,0,46,43,3,0,0,0,0,0,1544,0,2,324,0,0,9,0,0,106,52,0,2,0,0,0,0,0,0,0,0,0
"Subject_277",0,0,0,0,0,0,130,26,1822,0,0,0,0,0,0,0,1,0,6,5,41,50,0,0,2,3072,0,0,11,0,0,0,0,94,0,0,0,85,0,0,0,0,104,0,0,277,0,0,0,0,0,0,0,0,0,0,0,0,0,215,0,25,0,0,0,0,61,0,4,0,16,0,0,136,0,0,0,0,0,92,0,0,0,0,31,0,0,0,0,86,0,0,0,0,0,0,0,0,117,0,0,0,0,0,0,0,0,71,0,0,0,0,0,302,0,0,0,0,108,0,0,0,0,0,70,0,0,0,2,0,5,4,0,0,0,0,0,0,0,0,7,0,0,0,0,0,0,0,0,7,21,13,0,0,0,0,0,0,0,177,0,0,0,328,0,0,0,0,0,0,0,0,0,0,0,0,0,421,0,0,0,0,0,0,0,0,0,0,0,0,0,94,3,0,0,0,0,0,0,0,4,0,0,0,0,44,0,0,3,0,0,0,3,0,31,0,150,0,369,25,0,0,0,0,0,11,0,0,159,0,78,0,0,317,0,0,0,0,0,0,0,0,0,0,0,0,0,0,3,0,0,0,0,5,0,0,0,0,2,11,0,0,0,0,0,0,0,0,0,10,0,59,111,0,0,0,0,0,6,0,0,0,162,0,0,0,0,0,17,0,0,0,0,0,12,0,0,0,0,260,0
"Subject_278",2,0,0,0,0,0,2,0,1216,0,0,0,0,0,100,0,2,0,0,0,0,25,0,3,0,1974,0,0,45,0,138,0,0,178,3,0,0,364,2,0,0,0,0,0,0,819,0,0,0,0,0,0,0,0,0,0,2,0,0,0,0,11,0,0,28,0,8,0,0,0,63,0,0,0,0,0,0,0,0,0,0,0,6,0,0,4,27,0,0,119,0,26,14,0,0,0,0,0,0,0,0,0,0,0,0,0,147,1128,0,0,0,0,0,0,0,2,0,2,24,0,0,0,0,0,561,0,0,0,0,0,0,0,2,5,0,0,5,6,0,0,0,0,0,0,0,0,0,0,0,0,0,0,2,0,0,0,0,0,0,80,0,0,0,0,4,0,0,0,0,0,0,0,0,0,0,0,0,0,65,0,0,0,0,0,0,0,0,0,0,5,0,0,13,0,0,2,0,0,0,2,0,0,0,3,0,9,0,0,2,6,0,0,0,0,20,0,37,8,1,0,0,0,0,0,3,0,0,0,0,0,173,0,0,179,0,0,0,0,3,43,0,0,43,0,8,0,0,0,0,0,0,2,0,0,12,4,3,0,0,0,0,0,0,0,0,0,0,55,2,2,0,0,96,135,7,0,0,1,7,1289,0,0,602,0,0,0,0,0,0,0,0,0,0,0,11,0,4,0,0,0,0
"Subject_279",0,0,0,0,0,0,6,49,0,0,0,0,5,13,1,0,0,0,0,0,0,90,9,0,4,4504,0,0,37,0,0,0,0,0,0,0,0,1172,0,0,0,0,0,0,0,0,0,0,0,0,0,0,3,0,0,15,0,2,0,0,7,0,0,0,0,4,486,12,0,0,0,0,0,11,0,0,0,0,0,0,0,0,0,0,23,0,0,0,0,174,0,0,0,0,0,0,9,0,0,0,0,0,0,0,0,0,439,0,0,0,0,0,0,795,0,0,0,0,106,0,15,0,0,0,0,0,0,0,0,0,0,88,0,0,0,0,47,0,0,0,5,0,0,0,0,0,0,0,0,0,0,0,2,0,0,0,0,1,0,39,0,0,0,0,0,0,0,0,0,0,0,0,0,0,0,0,0,0,0,6,0,0,0,0,0,0,0,0,0,0,0,0,10,0,0,0,0,0,0,34,0,0,0,0,0,39,0,0,0,0,10,0,0,0,0,0,0,0,0,0,0,0,0,0,0,0,0,0,35,0,15,0,0,0,0,0,0,0,0,0,0,0,0,0,0,0,0,0,0,0,0,26,0,0,0,0,3,0,0,0,5,0,0,0,0,0,0,0,0,33,0,0,0,16,0,0,0,0,0,1527,0,10,0,0,0,0,0,0,0,0,0,0,0,17,18,0,0,0,0,22,0
"Subject_280",2,0,0,0,0,0,0,0,0,0,0,0,0,0,29,0,0,0,0,0,0,0,0,5,0,1274,0,0,4,69,689,0,0,196,0,0,0,0,0,0,0,0,0,0,0,0,0,0,0,2,6,0,0,0,0,0,0,2,0,0,0,0,0,0,0,0,0,0,0,0,0,5,0,0,0,0,0,0,0,0,0,0,421,0,0,0,814,0,0,62,0,6,4,0,0,4,0,0,0,0,0,16,0,0,0,0,0,522,0,0,0,0,0,0,0,15,0,0,104,0,0,0,0,8,0,0,0,0,0,0,0,94,0,5,0,0,16,0,0,0,25,0,0,0,0,0,15,0,0,5,23,0,0,104,0,0,0,2,0,107,0,0,0,0,0,0,0,6,0,0,0,0,0,0,0,0,0,0,0,0,0,0,0,0,0,0,0,0,0,0,44,0,2,160,0,2,0,0,0,0,0,0,410,2,0,315,3,0,3,4,0,0,0,0,1,0,0,125,0,0,0,94,0,0,0,0,0,0,69,0,189,0,0,238,0,0,0,5,0,57,0,0,0,0,0,74,0,0,0,0,0,0,0,0,0,0,0,0,0,179,0,0,0,0,0,0,0,0,0,3,0,0,31,16,0,0,0,0,0,3286,0,0,0,0,0,0,0,25,0,0,0,0,0,0,0,0,6,0,0,0,0
"Subject_281",0,0,0,2,0,0,46,0,0,0,0,0,0,0,21,0,0,0,0,0,0,0,0,1,0,1289,0,0,4,7,1,22,0,59,0,51,4,3,0,0,0,0,0,0,0,84,0,0,0,0,1,0,0,0,0,0,0,0,0,0,0,22,1,0,41,0,168,16,0,0,0,0,0,0,0,2,0,0,0,79,0,0,0,0,0,0,321,0,0,0,3,1,42,0,0,0,0,0,69,0,14,2,0,0,0,0,0,3314,0,0,0,0,0,144,0,0,0,0,40,0,0,0,0,7,0,4,0,0,0,0,0,0,0,0,0,13,2,12,0,0,81,0,0,0,0,220,0,0,0,3,9,0,2,0,1,0,0,0,2,122,0,101,0,0,0,48,0,0,0,0,0,0,6,0,0,0,0,8,0,0,0,0,0,4,0,0,0,0,0,0,0,6,0,0,0,4,0,0,0,0,0,0,0,0,69,40,0,38,0,2,0,0,0,0,0,0,0,0,0,0,0,0,0,0,0,0,0,0,0,0,50,0,0,1069,0,0,0,0,5,0,0,0,0,0,0,0,0,0,0,0,0,0,0,0,0,0,12,0,0,0,0,0,0,0,13,0,0,3,0,14,0,0,126,0,0,0,0,2,6,1872,0,0,111,0,6,0,0,0,8,7,0,0,0,0,14,0,0,0,1,0,0
"Subject_282",0,0,0,0,0,0,24,0,0,0,0,0,0,0,137,0,0,0,0,9,0,0,4,22,5,0,0,0,66,56,547,29,24,180,0,0,16,580,0,1,0,0,0,61,0,515,0,0,0,0,0,0,0,0,0,0,0,0,0,0,0,0,3,0,0,0,0,0,0,0,0,0,0,0,0,0,0,0,0,299,0,0,0,0,179,0,0,0,4,43,0,47,0,0,0,210,0,0,30,0,0,0,0,0,0,0,5,548,0,0,0,0,0,545,0,0,0,0,305,0,0,0,0,0,0,0,0,16,0,0,0,124,0,0,0,0,757,6,0,0,1,0,0,0,0,0,0,0,0,0,6,0,0,0,0,0,0,0,26,104,0,0,0,0,0,0,0,98,0,0,0,0,0,0,0,0,0,0,1018,0,0,0,0,0,0,0,0,0,0,0,0,54,2,0,0,0,0,0,0,0,0,0,0,0,1466,7,0,0,0,9,0,0,0,0,0,2,76,0,0,0,228,0,0,0,0,0,0,0,0,0,157,0,0,302,0,0,0,0,0,0,0,6,0,0,0,0,0,0,0,0,281,9,0,0,0,0,0,0,0,0,2,0,0,0,0,0,0,45,0,7,0,0,13,0,2,0,0,0,11,0,0,0,376,0,0,0,0,2,5,0,0,0,0,0,82,0,0,51,0,161,0
"Subject_283",13,2,0,0,0,0,28,0,0,0,0,0,0,0,11,0,4,3,38,0,59,61,1,3,0,1233,0,0,5,8,1,0,0,73,0,0,0,2,0,7,0,181,0,64,0,386,0,0,0,0,1,0,12,0,7,0,0,2,0,0,7,0,14,0,28,2,18,0,0,0,45,0,0,0,0,0,0,0,0,11,0,0,2,0,38,10,2,0,0,142,0,1,3,0,0,2,0,0,0,0,0,50,0,0,14,0,0,31,0,0,0,0,0,135,0,14,0,0,129,3,0,0,0,0,210,706,0,0,3,0,28,224,0,15,14,0,8,0,0,0,9,0,18,0,0,552,12,0,14,46,5,0,0,0,2,0,0,0,0,23,0,0,0,0,0,0,0,0,0,0,5,0,74,18,0,0,0,32,9,4,0,0,0,0,10,0,0,0,21,0,0,107,2,25,0,2,0,0,0,1,0,5,0,1,0,36,0,0,0,3,0,0,0,0,0,0,3,7,11,0,0,0,0,0,0,0,0,0,18,0,146,0,0,143,0,0,0,5,0,6,0,0,0,0,19,3,0,2,0,0,0,3,0,0,3,13,0,0,0,34,1,0,0,4,0,0,0,0,10,16,1,4,709,0,2,0,0,0,5,3156,0,0,91,0,0,0,0,0,0,63,0,0,0,0,54,0,44,0,0,190,87
"Subject_284",7,0,3,0,36,0,0,0,0,0,0,0,0,0,28,0,8,0,9,9,0,14,0,105,0,126,0,0,47,49,253,0,0,14,0,0,15,73,0,11,2,109,0,0,0,113,2,0,0,1,3,0,14,0,84,1,0,0,0,374,0,0,8,0,0,0,30,0,0,53,0,0,0,0,0,491,5,0,0,195,0,1,0,0,0,4,1,0,0,45,0,12,526,0,0,4,0,0,77,0,16,29,0,0,0,35,0,429,0,81,0,0,0,70,14,1,192,2,39,0,0,0,0,19,20,0,0,11,0,0,31,2001,0,11,4,0,22,0,103,0,33,0,0,0,163,0,15,0,26,0,22,0,6,55,1,0,0,0,0,0,0,0,0,0,0,32,0,0,0,6,13,0,0,0,0,0,0,0,0,8,0,0,0,0,0,0,0,0,0,0,0,6,3,91,0,0,0,0,0,0,0,0,0,0,0,139,1,12,0,2,0,0,0,0,0,0,114,0,45,0,23,63,0,0,4,0,0,0,9,0,69,0,0,330,0,0,13,0,0,14,28,0,0,0,0,81,0,0,0,0,0,0,0,0,0,4,7,3,3,0,13,0,0,4,0,0,0,0,0,11,0,8,476,0,2,0,0,0,50,1699,0,0,116,0,0,0,0,13,0,3,0,0,0,0,25,0,3,0,0,37,0
"Subject_285",0,0,0,0,0,0,1,0,0,0,0,0,0,0,768,0,26,0,0,0,0,55,0,5,0,32,0,0,50,77,0,0,0,0,0,0,0,0,0,0,0,0,0,0,0,0,0,0,2,0,0,0,0,0,0,0,0,0,0,0,0,0,0,0,0,0,9,0,0,0,0,0,0,0,0,0,0,0,0,0,0,17,0,0,0,38,2,0,0,0,0,22,86,0,0,0,0,0,0,0,0,146,13,0,35,0,0,13,0,0,0,0,0,469,0,14,0,0,105,5,0,0,0,16,1106,0,0,0,0,0,0,0,0,0,0,183,455,0,0,0,77,0,0,0,0,50,0,0,0,0,3,0,0,9,0,0,0,0,0,0,0,92,0,0,0,41,0,0,0,1,3,79,0,0,0,0,0,87,0,0,0,0,0,0,0,0,0,0,0,0,0,0,4,14,0,0,0,0,15,0,0,0,0,659,0,21,8,132,1,0,4,0,0,0,6,0,0,0,18,0,2,0,0,0,0,0,0,0,275,0,0,0,0,94,0,0,67,0,0,104,0,0,0,0,13,2,0,0,0,0,0,0,0,0,69,30,13,0,0,0,0,0,0,0,4,0,0,0,26,1964,0,0,1375,0,0,0,0,0,0,467,0,0,376,0,0,0,0,8,0,0,0,0,0,0,0,0,5,0,0,35,0
"Subject_286",0,0,0,0,3,0,1,0,2,0,0,0,0,17,4,0,0,0,0,0,18,29,0,0,0,1916,1,0,3,4,416,0,0,84,0,0,15,62,0,0,0,0,0,46,0,222,2,2,0,0,0,0,0,0,4,0,0,0,0,0,0,0,0,0,0,1,61,0,1,196,0,0,0,6,0,0,0,3,0,0,0,1,168,0,0,1,29,0,0,110,2,0,5,0,0,0,20,0,63,0,12,0,0,0,0,22,2,306,0,0,0,0,0,463,13,3,0,0,42,0,1,0,0,6,966,8,0,0,0,0,45,89,0,0,0,0,13,0,13,0,8,0,0,0,0,0,0,0,0,0,28,46,0,30,0,0,0,2,0,48,0,12,0,2,0,13,0,0,0,0,0,0,4,0,1,0,0,2,0,0,66,0,0,0,5,0,0,2,0,0,0,49,0,0,0,0,0,0,7,0,0,0,0,0,0,19,0,38,40,0,0,0,0,19,7,0,0,0,221,0,0,35,0,0,0,34,0,0,85,0,141,0,0,357,0,0,0,0,0,0,28,30,0,4,49,0,0,0,0,0,0,0,0,0,0,1,9,0,2,6,2,0,0,1,0,0,0,0,0,1,0,73,223,0,0,0,0,0,0,1990,1,0,238,0,0,0,0,0,0,22,0,0,0,0,38,0,45,3,0,402,0
"Subject_287",4,0,0,0,0,0,0,0,0,0,0,0,0,0,0,0,1,0,15,0,0,2,0,5,0,3668,0,0,0,10,8,0,0,15,0,0,4,0,0,17,0,112,0,0,0,573,0,0,0,0,2,0,28,0,42,0,0,0,0,0,0,0,0,0,0,0,0,42,0,0,21,0,0,0,0,228,4,0,0,15,0,0,0,0,94,3,0,0,0,0,0,0,0,0,0,0,0,0,0,0,0,27,0,0,0,0,0,129,0,0,0,0,128,72,0,2,0,0,76,0,0,0,0,0,0,0,3,0,599,0,0,813,0,12,0,0,0,0,3,0,12,0,0,0,0,0,0,0,17,0,10,0,2,0,0,0,0,0,0,25,0,0,0,410,0,0,0,0,0,0,5,0,0,0,0,0,0,47,0,0,0,36,10,42,0,0,0,0,0,0,0,27,0,39,0,0,0,0,11,0,0,0,0,0,0,3,3,0,2,0,0,0,0,0,3,0,0,0,2,0,0,0,0,0,0,0,0,0,0,0,0,0,0,27,0,0,13,0,0,6,0,0,148,0,3,2,0,0,0,0,0,2,0,0,4,8,12,0,10,188,0,0,0,0,2,0,0,0,0,0,0,0,89,0,0,2,0,0,5,1875,0,0,36,0,23,27,0,0,0,0,9,0,0,0,9,0,4,0,0,13,0
"Subject_288",3,0,0,0,0,0,0,0,0,0,0,0,2,349,46,0,0,21,0,2,0,36,0,62,0,1010,0,3,630,27,5,0,0,6,0,0,12,0,1,4,0,57,0,8,0,0,0,0,0,0,0,0,0,8,0,0,2,7,0,33,0,0,29,0,0,0,274,11,0,0,0,0,0,95,0,0,3,0,0,18,0,0,0,0,0,76,0,0,0,0,0,768,58,0,0,2,0,0,0,0,0,2,0,0,0,0,0,1198,6,35,10,0,0,6,0,3,0,46,209,2,10,0,0,389,3,0,0,0,0,0,0,10,0,18,3,0,143,0,0,0,210,0,0,2,0,2,18,0,15,4,0,0,0,8,3,0,0,0,0,9,0,0,0,1,0,0,0,2,0,0,23,2,0,0,0,0,0,5,64,0,0,0,0,0,10,0,0,0,0,0,8,24,15,6,0,0,0,0,0,0,0,0,0,0,0,171,22,43,2,167,7,0,0,4,0,0,58,0,356,0,0,0,0,0,15,0,0,0,1,0,0,3,0,392,0,0,13,0,0,97,0,0,0,0,66,9,0,12,0,0,0,0,0,0,9,163,185,0,5,8,2,0,0,3,1,0,0,0,165,383,0,0,81,242,5,3,0,1,0,785,0,0,67,2,0,0,0,138,0,28,0,0,0,0,4,0,7,0,0,91,0
"Subject_289",0,0,0,0,0,0,0,14,2,0,0,0,0,0,0,0,0,0,0,0,26,5,0,0,0,2,5,9,152,106,1338,131,0,22,0,0,245,285,0,0,0,28,0,29,0,10,0,8,0,0,0,0,18,0,169,2,0,0,0,20,15,19,0,0,0,1,43,0,6,23,30,0,0,8,0,0,0,0,2,77,0,15,100,0,0,7,0,0,0,60,2,0,0,0,0,0,0,0,1,0,13,0,0,0,0,29,22,360,0,0,0,0,0,4,16,3,0,0,40,0,0,0,0,3,14,11,0,0,2,42,22,5,0,0,0,46,526,2,0,0,16,0,0,0,0,407,52,14,8,21,5,9,0,11,1,0,0,0,0,95,0,19,1,2,0,20,0,0,0,0,18,0,0,0,0,0,0,77,544,32,2,0,0,0,7,0,0,0,0,0,0,23,0,0,0,0,0,4,6,0,0,0,0,1210,0,92,19,82,1,0,2,4,0,0,9,1,0,15,179,6,0,47,0,12,0,2,342,0,3,20,124,0,0,250,0,0,36,0,0,16,42,91,0,2,20,4,0,0,0,0,0,4,29,0,59,50,4,0,7,9,0,0,0,3,0,0,0,0,98,87,0,51,86,0,0,0,0,2,23,893,0,0,108,0,0,0,0,0,14,64,0,0,0,0,67,0,0,0,0,126,0
"Subject_290",0,0,0,2,0,0,19,1,1,1,0,0,0,5,87,0,0,0,1,2,1,9,0,2,0,458,0,0,0,35,0,0,0,53,2,0,0,84,0,0,1,3,0,13,8,38,0,10,0,0,2,0,0,0,3,0,0,0,0,32,0,1,0,0,0,0,50,0,13,0,3,0,0,3,381,0,0,0,0,14,0,31,29,0,0,0,0,0,0,9,0,6,6,23,0,0,16,0,20,0,7,0,0,7,0,16,0,535,0,48,8,0,0,56,12,0,0,0,121,0,10,0,0,7,3,14,0,0,0,17,0,2,274,0,0,4,120,0,0,0,41,0,1,1,93,491,0,0,0,9,0,0,0,46,0,2,0,0,158,0,0,72,0,0,0,21,4,0,0,0,8,85,2,19,0,0,0,22,73,0,55,9,0,0,0,8,0,0,0,0,7,24,1,8,0,0,0,0,0,0,0,0,0,157,0,13,0,118,0,0,0,0,23,0,0,0,36,15,32,0,0,72,4,0,0,0,0,0,3,22,28,0,0,88,83,0,10,0,0,0,60,0,0,0,0,0,0,0,2,19,3,0,0,0,0,3,2,0,0,2,9,0,0,2,0,0,0,0,139,4362,0,0,139,0,0,0,2,3,3,173,2,0,54,0,0,0,0,91,17,42,0,0,1,0,0,1,26,86,0,59,0
"Subject_291",0,0,0,0,0,1,1,0,0,0,0,0,2,29,6,0,0,0,2,0,0,5,1,0,0,122,0,6,1,6,0,33,4,32,0,0,65,22,0,6,0,0,0,0,0,0,0,1,0,0,3,0,0,0,0,0,0,0,0,77,0,0,0,1,0,0,15,0,1,0,14,4,0,0,0,13,1,0,0,146,3,1,0,0,0,4,0,0,0,0,0,1,3,29,0,0,0,1,0,0,0,0,1,0,0,0,0,4115,0,0,0,2,0,152,13,0,1,0,4,0,5,0,0,5,62,0,0,0,0,24,0,0,0,0,0,1,2,0,3,0,12,0,0,0,0,706,13,0,2,0,4,0,0,13,1,0,0,0,0,0,0,58,0,704,0,0,24,0,4,1,0,0,2,0,0,0,2,27,0,0,0,45,0,0,9,0,0,0,0,0,0,11,2,0,0,0,3,3,0,0,0,0,0,0,0,12,0,55,0,2,0,0,0,0,0,0,49,2,188,0,16,38,0,0,0,0,0,0,26,36,0,0,5,27,84,14,5,0,0,45,20,11,0,0,8,0,0,0,0,0,0,0,2,0,4,1,0,0,0,0,7,0,10,2,19,0,0,0,0,26,0,0,143,2,0,0,69,2,1,2289,0,1,9,0,10,18,0,0,19,0,0,0,0,5,0,0,8,0,3,12,0
"Subject_292",0,0,0,0,0,0,2,0,0,0,0,0,2,166,12,0,0,0,0,0,49,0,2,0,2,4000,0,0,0,1,189,0,0,50,0,0,8,38,4,0,0,0,0,89,5,0,0,0,0,0,0,0,1,0,0,4,0,0,0,0,2,42,0,0,0,0,0,0,7,0,45,0,0,20,2,0,0,0,1,124,0,0,0,0,32,0,0,0,0,21,0,16,2,1,0,0,0,0,0,0,5,2,0,0,3,0,0,27,0,0,0,0,0,929,0,0,0,0,26,0,0,0,0,5,190,0,0,0,0,50,0,43,0,0,0,29,5,0,0,0,0,4,3,0,0,4,0,0,3,0,12,90,0,0,0,3,0,0,0,0,0,50,1,0,0,0,0,0,0,0,0,0,0,0,14,0,0,0,104,0,0,0,3,3,1,0,0,0,0,0,0,167,0,0,0,1,0,0,0,0,0,0,0,0,0,0,0,0,0,2,0,0,0,0,2,0,74,0,43,0,0,47,0,0,0,7,0,0,182,0,494,0,0,14,58,0,12,0,0,0,25,3,289,0,0,0,0,0,0,14,143,0,0,2,13,0,0,0,7,33,0,0,0,0,177,0,0,0,0,2,0,0,167,3,0,0,0,0,5,1229,0,0,0,0,0,0,0,0,0,0,134,0,0,0,40,0,3,0,0,67,0
"Subject_293",0,0,0,0,0,0,166,28,0,0,0,0,0,71,460,0,0,0,0,0,0,191,3,0,0,2262,0,0,91,0,0,0,0,66,0,0,9,118,0,0,0,0,0,0,0,0,0,0,0,0,0,0,0,0,0,0,0,0,0,0,0,43,0,0,0,0,0,0,7,0,46,0,0,211,0,0,0,0,0,0,0,0,0,0,0,53,0,0,0,45,0,96,2,0,0,0,0,0,127,0,0,0,0,0,11,0,301,609,0,0,0,0,0,261,0,0,0,2,421,0,0,0,0,26,191,0,0,0,0,0,10,58,0,0,0,17,5,0,0,0,314,0,0,0,0,0,0,22,0,42,50,0,0,0,0,0,0,0,0,67,0,0,0,0,0,0,0,0,0,0,14,0,0,0,0,0,0,0,0,0,11,0,0,0,139,0,0,0,0,0,0,0,402,0,0,0,0,7,0,0,0,0,0,0,0,0,0,0,0,0,0,0,8,0,0,0,28,0,0,7,0,0,0,0,0,27,0,0,35,0,404,0,0,665,0,0,0,0,0,0,0,0,0,0,0,0,0,0,0,0,0,4,15,0,0,0,0,0,9,383,6,0,0,0,0,0,0,0,0,7,0,0,260,0,0,0,0,3,19,67,0,0,377,0,0,0,0,0,72,145,0,0,0,0,172,0,12,0,0,196,0
"Subject_294",0,0,0,0,0,0,37,0,0,0,2,0,0,449,0,0,0,0,0,0,0,0,0,8,0,7122,0,0,0,0,351,0,0,0,0,0,3,0,2,0,0,0,0,0,0,0,0,0,0,0,0,0,2,0,0,0,0,0,0,0,0,0,0,0,0,0,82,0,0,0,2,0,0,0,0,0,0,0,0,0,0,0,4,0,2,9,13,0,0,18,0,0,0,0,0,0,0,0,0,0,0,0,0,0,0,0,0,521,0,0,0,0,0,0,0,0,0,0,13,0,0,0,0,5,160,0,0,0,0,0,0,0,0,0,0,0,0,0,0,0,94,0,0,0,0,0,0,0,0,0,9,0,0,0,2,0,0,0,0,1,0,0,0,0,0,0,0,0,0,0,0,0,0,0,0,0,0,2,185,0,0,0,0,0,0,0,0,0,0,0,0,65,0,0,0,0,0,0,0,11,0,0,0,3,0,0,0,0,0,14,0,0,0,0,0,0,0,1,42,0,0,0,0,0,0,0,0,0,1,0,1,0,0,92,0,0,0,0,0,0,0,0,0,0,8,0,0,0,0,0,0,0,0,0,0,0,42,0,0,0,0,0,0,0,0,0,0,0,0,0,0,0,326,0,0,0,0,0,0,9,0,0,0,0,0,2,0,0,0,0,0,0,0,0,0,0,11,0,0,274,0
"Subject_295",0,0,0,0,2,2,0,39,0,2,0,0,0,72,2,0,0,0,31,0,34,8,0,0,0,1666,2,0,24,0,1318,0,0,46,0,0,2,280,2,0,0,93,0,9,0,178,303,3,0,0,4,0,18,0,15,0,0,0,0,186,0,2,0,2,0,23,48,0,0,0,5,4,5,27,0,0,3,2,0,136,6,0,236,0,15,0,0,0,0,20,47,70,25,20,0,6,0,0,20,0,0,0,0,2,2,0,28,32,9,0,0,0,0,184,16,0,0,0,240,11,0,0,0,7,17,0,0,0,0,52,1,52,0,28,0,0,12,0,0,16,2,6,0,0,0,0,6,5,27,3,16,34,0,45,2,0,0,0,0,12,0,24,0,117,0,0,4,0,0,0,3,0,1,0,0,0,0,26,512,3,0,0,0,0,14,0,0,0,0,3,0,87,2,0,248,0,193,4,0,0,0,0,0,383,0,7,0,0,0,6,0,0,0,14,3,0,56,15,27,0,143,14,5,0,0,0,32,0,14,0,96,0,0,51,0,0,12,0,3,1,26,0,0,0,0,0,0,0,0,14,21,3,14,0,6,3,2,2,17,8,5,10,0,2,3,0,0,0,0,1,0,13,44,0,0,0,0,2,2,1416,2,0,160,0,0,0,0,0,111,4,0,0,0,0,8,3,4,0,0,57,0
"Subject_296",0,0,3,0,10,0,1,184,0,2,2,0,4,0,22,0,3,10,18,4,81,35,0,0,0,269,2,16,13,65,0,0,0,73,9,0,2,2,0,0,0,74,0,0,0,66,0,3,0,0,3,0,12,0,25,1,0,0,0,43,6,77,6,14,0,6,40,0,51,113,54,0,0,34,23,0,4,0,0,44,0,3,5,0,19,37,1,0,0,44,931,13,0,0,0,0,0,0,0,0,25,0,3,2,1,28,0,8,58,0,0,0,0,306,0,0,87,0,158,0,0,6,0,119,69,109,0,0,50,0,2,29,0,0,3,0,642,0,0,19,2,0,0,0,0,0,0,0,14,181,6,11,5,16,0,0,25,0,159,0,0,30,0,0,2,26,0,0,7,18,1,0,0,0,0,0,0,217,761,1,43,0,0,0,5,0,3,0,15,0,0,27,0,0,0,0,0,4,0,0,0,0,0,211,0,2,1,75,0,0,70,0,0,9,4,0,15,19,0,5,0,71,0,6,0,0,118,0,23,2,90,0,2,218,0,58,23,0,0,63,19,0,0,0,0,47,0,0,0,0,0,2,3,0,0,4,2,0,6,69,5,0,0,2,0,2,0,0,0,278,13,2,0,0,7,0,46,3,0,2379,0,0,17,0,0,0,0,0,54,11,0,0,0,0,0,0,9,0,0,52,0
"Subject_297",0,9,0,0,5,0,2,47,0,0,10,10,6,58,7,0,0,0,27,0,73,37,0,5,2,1912,2,0,32,25,477,2,0,118,0,17,30,176,0,0,0,154,0,43,0,17,0,10,0,0,20,0,9,0,87,0,0,0,0,183,5,9,8,22,0,2,52,0,0,0,66,3,2,96,0,0,3,0,0,83,0,0,27,0,17,0,0,0,0,32,0,28,7,0,0,0,0,0,65,0,0,0,0,44,2,0,83,98,10,0,0,22,0,238,0,0,0,0,71,0,0,0,0,0,45,0,0,0,322,0,14,71,0,0,0,0,9,0,0,10,2,10,0,0,0,0,24,0,19,0,14,30,43,0,0,0,0,0,31,42,3,0,0,0,0,0,10,0,0,0,9,0,1,0,0,0,0,127,99,0,0,0,0,0,25,0,41,0,0,0,0,112,2,0,206,0,0,0,0,0,0,0,0,0,0,9,0,0,0,3,0,0,0,30,9,0,85,18,475,5,0,88,0,0,0,2,82,0,38,0,81,0,0,9,0,0,0,0,0,0,0,6,0,0,0,0,0,0,2,0,0,4,60,0,10,0,0,3,22,2,6,0,0,2,2,0,1,0,0,11,8,61,18,0,0,0,0,0,22,2334,0,0,191,0,0,0,0,0,0,14,0,0,0,0,104,0,2,0,0,158,0
"Subject_298",21,0,0,0,0,0,0,0,0,0,0,0,0,0,0,0,0,0,0,0,0,11,2,0,0,2893,0,0,50,0,0,0,0,0,0,85,0,149,0,0,0,0,0,0,0,106,0,0,0,0,0,0,0,0,0,0,19,0,0,0,0,0,0,0,0,0,0,0,0,0,0,0,0,0,0,0,0,0,0,0,0,0,0,0,0,4,0,0,0,0,0,0,0,0,0,0,0,0,0,0,0,18,0,0,0,0,0,0,0,0,0,0,0,0,0,0,0,0,0,0,0,0,0,0,0,0,0,0,0,0,6,463,0,0,0,0,56,8,0,0,34,0,12,5,0,0,0,0,0,0,17,0,0,0,0,0,0,0,0,0,0,0,0,0,0,0,0,0,0,0,0,0,0,0,0,0,0,0,0,0,0,0,0,0,0,0,0,0,484,0,0,0,3,0,0,0,0,0,0,0,0,69,0,5,3,0,0,0,0,0,0,0,0,0,0,0,372,0,0,0,0,0,0,0,0,0,0,0,0,0,0,0,0,0,0,0,0,0,0,5,0,0,0,0,9,0,0,0,0,0,0,0,0,0,0,7,0,0,0,17,0,0,0,9,0,0,0,0,0,29,0,0,281,0,0,0,0,0,0,4691,0,0,0,0,0,0,0,0,0,0,0,0,0,0,3,0,51,0,0,0,0
"Subject_299",0,0,1,0,0,0,0,7,0,0,0,0,0,214,9,0,2,1,2,26,0,50,0,0,0,1269,0,1,0,5,36,0,0,91,0,0,152,16,2,0,0,0,2,0,0,65,0,0,0,0,0,0,0,0,12,11,0,0,0,45,0,0,0,1,214,0,118,0,0,109,39,0,0,0,0,0,0,0,0,75,0,0,0,0,74,0,0,0,1,80,0,11,0,0,0,32,0,0,0,0,22,60,0,0,0,200,0,76,0,0,0,4,0,48,24,0,64,0,146,0,12,0,0,7,0,51,0,0,2,0,0,212,13,0,0,0,7,0,3,0,16,0,6,0,0,772,26,0,2,3,6,0,0,25,2,0,0,0,6,0,0,34,0,244,0,28,0,0,0,1,3,0,0,0,0,0,0,134,99,0,0,0,0,0,1,0,0,0,0,0,0,5,2,64,0,0,0,2,28,16,1,0,2,2,0,6,4,14,0,2,0,0,19,13,0,0,39,21,116,5,0,24,0,0,0,0,0,0,31,20,90,0,6,535,118,0,17,0,0,0,49,5,0,0,8,0,0,0,0,0,0,3,0,0,8,0,7,0,3,16,5,0,4,0,0,0,0,22,15,0,0,5,1092,12,2,0,0,0,6,1968,0,2,220,0,20,0,0,0,17,0,0,0,0,0,66,0,3,0,0,109,0
"Subject_300",0,3,0,0,0,0,0,22,0,0,8,0,0,0,8,143,35,0,9,4,0,178,0,0,0,432,0,12,0,8,0,26,5,46,4,0,0,214,11,11,0,43,0,0,0,0,0,12,0,0,4,0,20,0,6,2,0,0,0,52,6,0,10,1,0,0,204,0,0,49,28,0,0,36,0,0,8,1,0,505,2,6,0,0,187,2,0,1,0,44,2,9,0,1,0,0,0,1,0,0,35,3,14,20,36,0,74,0,0,0,1,21,0,245,0,0,1,14,189,3,0,0,0,4,21,0,0,0,2,57,0,474,2,0,33,0,3,9,2,0,6,4,0,0,0,618,78,0,14,6,22,8,2,43,1,0,0,0,47,0,0,48,0,0,0,26,7,0,12,0,0,2,0,0,0,0,2,131,267,5,83,0,6,0,18,0,0,72,0,0,0,66,0,65,0,0,2,0,0,6,0,0,0,990,0,139,18,13,0,2,0,0,0,0,20,0,60,144,92,4,84,53,0,84,0,3,0,0,32,16,179,0,4,172,29,0,38,2,0,14,0,0,3,5,0,0,0,0,0,0,0,66,23,1,57,2,7,0,87,0,2,0,0,2,0,0,0,0,32,3,6,0,31,2,0,0,4,4,27,1418,0,1,365,0,2,0,0,1,0,31,0,0,0,0,22,28,27,0,1,190,2
"Subject_301",0,0,0,0,0,0,24,0,0,0,3,0,0,0,2,0,11,2,0,0,0,16,0,0,16,1113,0,0,353,2,88,0,0,15,3,0,7,0,0,0,3,0,0,0,0,36,0,0,0,2,0,0,0,0,0,0,0,1,0,123,0,0,0,0,0,0,59,26,0,0,0,0,0,0,0,0,0,0,0,0,0,5,0,0,0,0,0,2,0,240,0,76,3,0,0,3,0,0,43,0,0,0,0,8,0,0,0,10,0,0,33,0,0,777,0,0,0,0,0,69,0,0,0,0,12,87,0,0,0,57,24,0,0,11,0,0,60,0,0,0,0,0,0,0,0,0,43,0,0,0,0,0,0,0,2,0,0,0,16,214,0,0,0,0,0,0,0,0,0,0,0,1,32,0,0,0,0,0,247,0,0,0,0,0,0,0,0,2,0,0,0,126,14,0,129,0,0,0,0,0,0,0,0,0,299,7,0,0,0,0,0,0,289,4,12,0,0,0,0,0,0,0,0,0,0,0,0,0,0,0,19,3,0,2076,0,0,0,0,0,10,0,0,0,0,0,0,0,0,0,0,0,0,0,3,0,0,0,0,2,1,0,0,0,0,0,0,0,62,0,53,0,5,333,0,0,0,0,0,0,2282,0,0,132,0,0,0,0,2,59,13,0,0,0,0,0,0,4,0,0,83,0
"Subject_302",0,0,0,5,0,0,2,0,0,0,0,0,0,0,0,0,0,0,0,0,0,7,0,0,0,498,0,0,14,0,0,558,0,0,0,0,0,0,0,0,0,219,0,16,0,75,0,0,0,0,0,0,0,0,0,0,0,0,0,161,0,0,7,0,2,0,50,0,0,0,0,0,0,4,0,0,0,0,0,67,4,0,0,0,2,0,0,0,0,0,0,0,0,0,0,0,0,0,53,0,0,0,19,0,0,0,25,66,11,0,0,0,0,681,0,0,0,0,211,0,0,0,0,14,43,0,0,0,0,0,0,665,0,0,10,0,0,0,0,0,6,0,0,0,0,0,22,0,62,0,12,1,0,0,0,0,0,0,0,48,0,0,0,2606,0,0,0,0,0,0,0,0,0,0,0,0,0,7,34,3,0,0,0,0,19,0,0,0,0,0,0,141,0,0,0,0,0,0,10,0,0,0,0,0,0,164,3,0,0,0,0,0,0,0,13,0,331,0,0,5,84,78,0,0,0,0,0,0,0,0,79,0,0,113,0,0,0,0,0,1,0,0,0,0,0,0,0,0,0,0,0,2,0,0,0,9,4,0,10,29,0,0,0,6,0,0,0,0,0,3,0,27,497,0,0,0,4,0,6,1428,0,0,590,0,0,0,0,0,0,21,0,0,0,0,0,0,0,0,0,35,0
"Subject_303",0,0,0,0,0,0,0,21,0,0,0,0,1,92,7,0,0,0,0,0,0,30,0,3,0,3973,0,0,2,6,0,0,0,3,0,0,7,144,2,2,0,0,0,79,0,0,0,0,0,0,4,0,0,0,5,0,0,0,0,383,0,1,0,0,5,0,75,0,0,0,20,0,0,34,0,0,0,0,0,70,0,0,0,0,14,4,0,0,0,12,0,19,2,0,0,0,0,0,7,0,0,0,0,0,0,0,24,118,0,16,0,0,0,87,8,1,0,1,60,0,0,0,0,10,17,0,0,0,0,0,0,3,0,0,0,0,167,0,0,0,6,0,0,0,0,0,0,0,0,0,5,0,0,26,1,0,0,0,0,18,0,0,0,0,0,25,0,0,0,0,0,0,0,0,0,0,0,46,461,0,2,0,0,0,1,0,0,0,0,0,0,46,0,0,0,0,0,0,0,0,0,0,0,0,0,0,2,10,6,0,0,0,0,0,2,2,88,0,2,0,0,0,0,0,0,0,0,0,9,0,0,0,0,147,0,0,15,0,0,3,21,53,0,0,0,0,0,0,0,0,5,0,0,0,6,8,69,0,0,33,0,0,0,3,5,0,0,0,11,400,0,0,13,0,0,0,0,9,0,2581,0,0,22,0,0,0,0,0,42,38,0,0,0,0,39,8,4,0,0,172,0
"Subject_304",3,0,0,90,0,0,0,21,0,0,0,0,0,63,6,27,0,0,6,4,0,42,0,7,0,2808,0,0,44,8,236,0,0,149,0,0,43,370,7,10,0,173,0,0,0,81,0,0,0,0,0,0,10,0,28,0,0,2,0,143,6,0,8,0,0,0,102,0,22,0,105,0,0,124,0,0,3,0,0,44,0,0,0,0,40,0,0,0,2,74,0,7,13,0,0,0,0,0,0,0,0,3,0,0,7,0,0,118,0,0,0,0,0,6,0,3,0,0,32,5,0,0,0,5,68,0,0,0,0,0,0,147,0,0,133,0,13,6,0,0,43,6,0,0,0,0,0,14,10,0,23,0,0,40,0,3,0,0,0,0,0,0,0,269,0,0,0,0,0,0,10,0,0,0,0,0,0,0,0,0,0,0,0,0,19,0,0,0,0,16,0,39,3,6,0,0,0,0,0,0,0,0,0,0,0,64,0,0,3,13,0,0,0,0,19,0,185,20,529,0,49,79,0,0,0,0,0,0,33,0,0,0,0,342,0,0,0,44,0,0,38,0,0,0,9,10,0,15,0,0,0,7,0,0,85,105,51,0,12,4,0,0,5,2,0,0,0,0,186,4,0,0,31,0,21,2,0,0,0,1007,0,0,353,0,0,0,0,16,0,0,0,0,2,0,399,0,9,0,0,278,0
"Subject_305",0,0,10,0,0,0,0,18,1,0,0,0,3,0,10,0,0,0,0,0,50,6,0,5,0,1166,0,21,9,15,24,547,0,43,0,0,5,0,1,0,0,199,0,0,0,477,0,0,0,0,0,0,26,0,0,0,0,0,0,33,9,0,0,0,0,16,7,0,0,4,0,0,0,10,0,0,5,0,0,9,0,0,4,0,0,5,3,0,0,29,0,49,3,0,0,9,0,0,0,0,0,0,0,0,0,86,0,1,0,0,0,0,0,741,0,0,0,0,20,0,0,0,0,228,76,448,0,0,0,0,0,36,0,0,3,0,18,0,0,15,5,0,0,0,0,0,2,0,17,0,1,0,0,0,0,5,0,0,0,0,0,0,0,0,0,0,0,0,0,0,0,0,0,0,0,0,0,0,1,2,0,0,0,0,4,0,0,0,0,0,0,111,2,0,0,0,0,0,0,0,0,0,0,0,0,3,0,0,6,7,8,0,0,0,19,1,45,0,2,0,0,0,0,0,0,0,0,0,97,0,14,0,0,339,0,0,0,0,0,0,0,86,0,0,8,0,0,0,0,0,0,0,0,0,5,4,4,0,3,4,2,0,0,2,0,0,0,0,0,14,0,14,826,16,10,0,0,0,0,3714,0,0,16,0,0,0,0,0,0,0,0,0,0,0,1,0,9,0,0,71,0
"Subject_306",45,0,0,0,0,0,1,0,0,0,0,0,0,0,29,0,0,0,0,0,0,13,0,0,0,2705,0,0,1,23,0,0,0,38,0,0,28,0,4,0,0,68,0,18,0,63,0,0,0,0,0,0,22,0,0,8,0,1,0,276,0,0,0,0,0,0,13,0,0,0,100,0,0,27,0,0,0,0,0,27,6,0,0,0,6,2,0,0,0,67,0,3,0,0,0,0,0,0,24,3,7,0,0,0,0,37,2,1722,0,0,0,0,0,160,0,3,0,0,16,3,13,0,0,5,456,0,0,0,0,0,0,10,0,15,2,0,2,0,0,8,9,0,0,0,0,0,0,0,21,0,4,0,0,51,0,0,0,0,4,0,0,52,0,0,0,20,0,2,0,0,2,0,0,0,0,0,0,0,56,0,0,0,0,0,0,0,0,0,0,0,0,25,1,43,8,0,0,0,0,0,0,0,0,0,0,9,0,48,0,2,0,0,0,5,3,0,87,0,0,0,0,0,0,0,0,8,0,0,0,0,9,0,0,100,75,0,7,0,0,2,39,47,0,0,0,0,0,0,0,0,0,1,0,1,1,3,0,0,1,6,3,0,0,0,0,0,0,0,0,13,0,0,645,0,3,0,0,0,1,2135,0,0,269,0,0,0,0,0,0,33,0,0,0,0,0,0,16,0,0,57,0
"Subject_307",0,0,0,0,0,0,0,0,0,0,0,0,0,0,22,0,23,0,0,0,0,0,0,2,0,52,0,0,3,27,0,60,95,108,0,0,0,0,0,0,0,0,0,0,0,0,0,0,0,0,0,0,0,0,0,0,0,0,3,0,0,0,0,0,0,0,141,0,0,0,0,0,0,0,107,0,0,0,0,157,0,0,401,0,0,110,0,0,0,0,0,7,7,0,0,112,92,0,0,0,55,4,0,0,0,0,0,277,0,0,0,0,0,1343,56,0,0,0,19,2,0,0,0,0,83,0,0,0,0,188,63,39,0,0,0,18,0,19,0,0,32,0,8,3,0,72,52,0,0,0,2,0,0,0,0,0,179,0,0,0,0,127,0,0,0,0,0,0,15,0,0,0,86,0,0,0,0,0,0,0,0,0,0,0,0,64,0,0,0,0,0,112,2,64,0,0,0,10,0,0,0,14,0,194,0,13,0,455,2,0,0,127,0,0,0,0,0,0,417,0,0,244,0,0,0,0,0,0,0,0,0,0,0,0,353,0,19,0,0,25,0,0,0,0,0,75,0,3,0,0,0,0,0,0,0,0,4,0,0,0,0,0,0,0,0,0,0,0,0,144,0,0,325,0,0,0,0,0,0,2871,0,0,146,0,0,0,0,0,0,0,0,0,0,0,0,0,18,0,0,33,0
"Subject_308",0,41,0,0,0,0,5,0,0,0,19,0,2,0,10,0,0,0,2,0,0,0,0,0,0,2,0,0,0,16,0,0,0,15,0,0,5,0,0,0,0,0,0,0,0,0,0,0,0,0,0,0,0,5,0,0,0,0,0,0,0,0,0,0,0,0,28,0,9,0,0,0,0,0,0,0,0,0,0,126,0,0,70,0,0,0,0,0,0,0,0,0,6,0,0,4,0,0,0,0,0,14,0,0,0,0,0,415,0,0,0,30,0,63,0,0,0,0,0,2,0,0,0,5,19,0,0,0,0,0,0,2,0,0,0,28,25,0,0,0,5,0,3,0,0,865,0,0,0,0,0,0,0,0,0,4,35,0,0,0,0,26,0,0,0,0,0,0,0,0,0,0,2,0,27,0,0,41,0,0,0,0,0,0,0,4,0,0,0,0,0,10,0,0,0,0,0,0,0,0,1,3,0,0,1417,7,0,10,0,0,0,0,0,0,0,0,0,0,2,0,0,0,0,80,0,0,0,0,0,0,0,0,3,0,102,0,0,49,0,0,0,0,0,0,8,0,0,0,0,0,0,0,0,2,14,1,0,0,0,0,0,0,0,1,0,0,0,0,0,4366,0,0,74,0,0,0,0,0,0,1676,2,0,105,0,0,0,0,0,0,67,0,0,0,0,0,0,10,0,0,17,0
"Subject_309",0,0,0,0,0,0,19,68,0,0,0,2,0,11,230,0,0,7,0,0,39,35,3,9,0,2005,0,4,184,0,0,0,0,197,0,0,0,75,0,0,0,0,0,56,0,1,0,5,0,0,0,0,0,0,0,0,9,0,0,55,0,8,0,1,0,0,28,0,0,0,40,5,0,3,0,0,0,0,0,17,0,0,0,0,95,0,349,0,0,36,0,114,378,0,0,0,0,0,7,0,97,5,0,0,0,0,5,252,0,0,0,0,0,133,0,64,0,0,466,0,17,0,0,0,137,0,0,0,3,0,7,16,21,0,0,2,1648,0,0,0,72,0,9,0,0,155,43,0,0,0,7,0,0,13,0,0,0,0,0,10,0,67,0,2,0,30,0,0,0,0,1,0,0,0,0,0,0,0,0,3,51,0,0,0,4,0,0,0,0,0,0,35,320,0,0,0,0,0,0,0,0,0,1,0,0,277,0,0,0,0,5,0,11,0,75,0,34,21,0,22,0,7,0,0,0,0,0,0,96,1,36,0,0,275,304,0,14,0,0,104,60,0,0,21,0,0,0,0,5,0,1,4,3,0,5,90,42,0,13,0,4,7,0,11,0,0,0,0,0,18,62,21,145,0,0,0,0,0,8,204,0,0,27,0,0,0,0,1,4,26,0,0,0,0,0,1,0,0,0,149,0
"Subject_310",9,0,0,3,0,0,0,19,0,0,0,0,5,0,16,0,0,0,6,0,29,38,0,2,0,2789,0,0,2,14,1,0,0,20,0,0,6,2,2,6,0,53,0,18,0,259,0,0,0,0,0,0,0,0,0,2,0,2,0,18,5,0,7,0,0,0,71,0,49,28,6,2,0,0,0,0,3,0,2,2,0,0,2,0,0,8,0,0,2,34,0,2,72,0,0,2,0,0,8,0,0,420,0,0,2,0,0,1598,0,0,0,0,2,207,0,0,0,2,84,0,0,0,0,14,46,0,0,0,0,0,0,148,0,10,16,0,12,0,0,0,85,0,20,0,0,4,3,13,10,5,15,0,0,11,13,0,3,0,2,1,0,0,0,0,0,0,0,4,0,0,4,0,0,0,0,0,0,13,2,0,0,0,0,0,3,0,0,0,0,0,0,207,2,15,0,0,0,3,0,0,0,0,0,0,0,24,0,0,2,1,0,0,0,0,2,2,28,0,219,0,3,32,0,0,0,0,0,0,26,6,75,0,5,184,0,0,8,0,0,1,0,0,0,0,3,3,0,0,0,0,0,0,0,0,2,57,0,0,2,36,5,0,0,4,0,0,0,0,0,8,0,0,1414,0,0,0,0,0,2,1063,0,0,82,0,0,0,0,0,4,0,0,0,0,0,17,0,26,0,0,48,0
"Subject_311",0,0,0,0,0,0,2,52,0,0,0,0,5,104,6,0,0,6,0,11,76,54,0,5,0,607,9,0,4,0,1,0,0,47,0,0,10,206,1,0,0,0,0,13,0,16,0,7,0,0,0,0,0,0,40,0,0,0,0,161,0,7,3,0,3,0,182,0,0,118,0,0,0,12,0,0,0,0,0,88,2,0,176,0,720,0,177,0,0,10,0,3,0,0,0,4,0,0,78,0,0,0,0,0,0,0,222,648,0,233,0,72,0,624,0,13,0,0,415,0,0,0,0,0,13,0,0,0,16,0,4,108,0,0,0,0,163,0,0,0,3,0,0,0,45,0,12,5,0,0,8,6,0,0,93,0,12,2,0,56,0,0,0,394,0,0,0,0,0,6,2,0,0,0,0,0,0,37,0,4,0,0,0,0,22,0,0,0,0,18,0,39,2,0,0,0,0,0,0,0,0,0,0,0,2,19,0,0,0,0,0,0,0,9,65,2,90,157,2,3,41,57,0,0,21,0,2,0,80,0,133,3,4,101,0,0,0,0,0,0,0,0,0,29,0,0,0,2,0,0,140,3,4,0,23,14,2,0,23,2,0,68,0,4,0,0,0,0,266,6,101,37,52,0,0,0,0,10,5,1549,0,0,251,0,0,0,0,0,84,36,0,0,0,0,1,0,29,74,0,29,51
"Subject_312",2,0,0,0,0,0,0,0,0,0,0,0,1,398,2,0,3,0,12,0,0,26,0,0,0,2571,0,0,2,1,0,0,2,160,2,0,5,0,0,0,0,132,100,0,1,236,0,0,0,0,0,0,0,0,0,0,0,0,0,0,0,0,0,0,0,0,23,1,27,9,0,0,0,2,0,0,5,0,0,34,0,1,0,0,0,0,0,0,0,51,0,0,2,0,0,0,3,0,67,0,7,1,0,0,0,0,0,45,0,43,0,0,93,139,0,0,2,0,39,0,0,0,12,0,19,0,58,0,0,0,40,240,46,0,9,0,2,0,0,6,2,0,0,0,0,65,10,0,7,7,0,0,2,23,0,0,4,0,0,0,0,16,0,0,0,20,0,0,0,0,0,0,1552,0,0,0,0,303,29,0,0,17,0,0,0,0,0,0,0,0,0,45,0,6,0,0,0,1,14,0,0,0,0,0,60,2,0,13,44,0,0,0,0,0,0,0,0,0,46,0,7,0,0,0,0,0,0,0,114,0,121,0,0,0,68,0,5,0,0,0,0,0,0,0,7,14,10,0,0,0,0,0,0,0,0,0,6,0,0,0,0,0,21,0,0,2,0,0,0,8,0,0,36,0,0,0,0,3,4,2426,0,0,74,2,0,0,0,0,0,6,0,0,0,0,5,0,3,0,0,87,0
"Subject_313",0,0,0,0,0,0,14,0,0,0,0,0,0,0,22,0,0,0,0,0,0,25,0,14,0,3946,0,15,182,0,0,0,0,119,0,0,4,0,0,0,0,170,0,39,0,108,0,0,10,0,0,0,13,0,0,0,0,0,0,0,0,77,0,0,0,0,0,0,6,14,17,0,0,0,0,0,3,0,0,0,0,11,17,0,0,2,0,0,0,0,19,0,204,0,0,0,0,0,0,0,23,23,19,0,0,19,0,253,0,0,0,0,5,0,51,0,3,0,39,0,0,0,0,16,24,0,30,0,0,0,0,89,0,0,0,18,696,0,0,10,6,0,0,0,0,110,0,0,46,0,3,0,0,11,0,0,0,0,0,0,0,53,0,0,0,24,0,0,0,4,0,0,449,0,0,0,0,0,405,0,0,10,0,0,0,0,0,0,0,0,0,0,0,15,0,0,0,0,8,0,0,0,0,0,0,15,0,0,2,0,193,0,0,0,0,0,0,0,273,0,2,0,0,0,0,0,0,0,101,0,0,0,0,500,0,0,8,0,0,0,21,0,0,0,0,0,1,0,0,0,0,0,26,0,22,0,5,0,0,0,0,0,0,0,0,0,0,0,0,15,0,0,14,0,3,0,0,0,0,1196,0,0,35,0,0,0,0,0,0,0,0,0,0,0,0,0,0,0,0,50,0
"Subject_314",0,0,0,0,0,0,0,0,0,6,6,2,0,0,4,0,0,0,0,0,36,2,0,0,0,0,0,0,0,0,125,0,5,201,4,0,0,0,0,0,0,0,0,82,0,655,0,4,13,0,0,0,0,0,0,2,0,0,3,2,0,0,0,19,0,0,17,0,24,0,19,0,0,0,0,0,0,0,0,7,0,2,456,0,37,146,215,0,0,163,0,10,0,0,0,0,0,0,0,0,0,0,0,0,4,0,126,0,0,293,0,25,0,20,0,3,0,0,0,3,0,0,0,8,291,2,0,0,3,0,31,0,25,23,0,0,8,0,1,0,0,0,0,0,0,0,6,0,0,0,25,0,0,0,0,0,0,2,5,123,0,0,0,0,0,0,0,0,0,0,0,0,0,2,0,0,3,0,33,0,0,0,0,0,0,0,6,0,0,0,0,0,0,92,0,0,0,0,0,0,0,26,0,84,0,29,0,0,0,0,0,0,2,0,0,3,0,17,0,0,0,29,0,0,0,12,0,0,40,2,109,0,0,849,0,0,0,0,0,735,0,0,1,0,0,0,2,0,0,0,0,0,0,0,0,112,0,0,0,0,2,0,0,0,0,0,0,0,27,0,0,0,402,0,11,0,0,0,0,3426,2,0,208,0,0,0,0,0,0,43,315,0,0,0,0,0,0,93,0,0,0
"Subject_315",2,0,0,0,0,0,0,0,0,0,0,0,0,0,15,0,2,0,0,0,0,0,0,0,0,1786,0,0,82,113,411,0,0,0,0,0,56,0,0,0,2,0,0,0,0,0,0,0,29,0,0,0,0,0,0,0,0,2,0,111,0,0,0,0,0,0,4,0,0,0,0,0,0,0,0,379,2,0,0,85,0,0,0,0,0,0,0,0,0,0,0,66,0,0,0,0,8,0,0,0,0,0,0,0,0,0,0,534,0,0,0,0,11,0,0,0,0,0,0,0,0,0,0,0,0,0,0,0,0,0,0,386,0,0,0,0,0,0,80,0,3,0,0,0,0,0,30,0,0,0,27,110,0,0,0,0,26,0,0,0,0,0,0,0,0,0,0,0,0,0,0,0,0,0,0,0,0,0,0,0,0,65,0,0,0,0,0,0,0,0,0,0,2,40,0,0,0,0,0,0,0,0,0,1,0,4,0,0,0,0,0,0,0,0,0,0,0,0,28,0,0,0,0,0,0,0,0,0,0,0,163,0,0,2,0,0,0,0,0,9,0,0,0,0,3,0,0,28,0,0,0,0,0,0,0,0,2,0,0,245,0,0,0,0,0,0,0,0,0,4,0,0,247,0,0,0,0,0,0,4780,0,0,0,0,0,0,0,0,0,15,0,0,0,0,0,0,4,0,0,0,0
"Subject_316",0,0,0,0,0,0,3,19,0,0,0,0,2,0,0,0,0,0,15,0,50,20,1,15,1,1000,2,0,33,128,386,21,1,8,0,0,5,39,0,6,0,175,74,5,0,149,0,1,0,0,0,0,0,0,34,0,0,0,0,4,0,11,0,0,0,10,148,0,4,34,17,2,2,8,0,0,0,0,0,47,0,2,150,0,56,4,0,2,0,84,0,26,52,0,0,0,0,0,23,0,0,0,0,0,0,0,80,108,37,17,0,14,0,174,0,0,0,1,89,2,0,0,3,80,46,0,0,0,0,25,0,357,0,0,2,0,15,0,0,16,12,0,0,0,0,0,4,2,13,0,12,20,0,94,2,0,0,0,6,10,0,0,0,348,0,0,0,0,0,0,0,0,5,0,0,0,0,87,67,4,0,0,0,0,6,0,0,353,0,0,50,55,0,0,0,0,0,3,0,0,433,0,0,0,0,15,0,0,0,10,1,0,0,0,9,13,25,8,56,5,29,27,0,0,0,0,5,0,18,0,39,3,0,288,0,0,0,0,0,0,36,0,0,1,7,0,0,0,0,0,158,3,16,0,6,2,6,0,3,0,2,0,0,3,0,0,1,0,0,1,0,26,289,0,0,0,0,5,0,2440,2,420,61,0,0,15,0,0,11,7,0,126,0,0,57,2,1,47,2,167,0
"Subject_317",0,0,0,2,0,0,3,0,0,0,2,3,0,0,37,0,0,0,0,0,0,8,0,30,4,0,0,0,0,77,634,0,0,120,0,0,4,229,0,0,0,3,0,177,0,165,0,0,0,0,124,0,0,0,6,2,0,0,0,90,0,0,0,0,0,0,0,0,31,0,0,5,0,0,0,287,0,0,0,230,0,15,0,0,0,2,0,0,0,49,615,0,0,2,0,289,0,2,48,0,0,0,0,8,7,10,121,0,0,0,0,0,0,322,0,0,0,8,0,0,0,0,0,5,0,0,0,0,0,0,14,144,0,0,0,82,0,0,0,0,13,0,0,0,0,0,0,4,0,0,19,0,4,0,0,0,0,0,0,77,0,15,4,0,0,0,13,0,0,0,4,0,588,5,0,0,0,117,232,0,0,9,0,0,8,0,0,0,0,0,0,17,6,0,9,0,0,8,0,0,0,0,0,0,685,38,13,0,0,9,0,0,0,0,21,14,0,14,0,0,0,115,202,0,0,0,16,0,0,12,0,0,0,624,0,9,22,0,0,0,0,0,0,0,0,0,0,0,0,33,0,0,9,0,18,4,11,10,0,10,0,0,0,7,444,0,0,0,25,520,0,0,47,0,0,0,0,0,13,1646,0,0,134,0,0,0,0,0,69,11,0,7,0,0,5,10,0,0,0,0,16
"Subject_318",0,0,0,25,0,0,0,0,0,0,0,0,0,0,0,0,0,0,17,0,0,0,0,6,0,2065,0,0,0,31,0,0,0,0,0,0,0,0,0,0,0,254,0,0,0,204,0,0,0,0,0,0,16,0,0,0,0,0,0,0,0,0,0,0,0,0,0,0,0,0,0,0,0,0,4,0,0,0,0,0,0,0,0,0,0,49,0,0,0,0,0,1,0,14,0,0,0,0,0,0,38,5,0,0,0,0,0,2897,0,0,0,0,0,0,0,0,0,0,0,0,0,0,0,20,0,0,0,0,0,0,0,0,0,0,7,4,0,0,0,0,0,0,0,0,0,0,0,0,0,0,0,0,1,9,2,0,0,0,0,0,24,149,0,0,0,0,0,0,0,0,0,0,2,0,0,0,0,0,0,0,0,0,0,0,0,0,0,0,0,0,0,78,0,0,0,0,0,0,0,0,0,0,0,0,0,0,0,309,0,0,332,0,0,0,0,0,0,0,0,0,0,0,0,25,0,0,0,0,0,0,0,0,0,604,58,0,0,0,0,32,0,0,0,0,333,0,0,0,0,0,0,0,0,0,0,0,0,0,0,25,0,0,0,0,0,0,0,0,0,802,0,0,1278,0,0,0,0,0,0,246,0,0,0,0,0,0,0,0,0,3,0,0,0,0,0,0,26,0,0,0,0
"Subject_319",53,0,0,0,2,0,1,25,0,0,0,2,0,78,10,0,0,0,0,0,20,10,0,2,0,840,0,0,3,0,0,0,0,58,0,0,6,3,0,0,0,44,0,118,0,80,0,0,0,0,0,0,0,0,0,0,0,0,0,122,1,0,0,0,0,0,19,0,2,0,34,0,2,434,0,0,3,0,0,19,0,0,1,0,0,0,1,0,0,23,9,14,7,0,0,6,0,0,85,0,0,0,0,0,3,0,72,76,166,32,0,0,0,256,10,16,0,1,2,22,15,0,0,21,27,240,0,131,2,0,0,134,0,5,0,0,7,0,0,0,5,0,0,0,5,23,0,0,0,0,2,0,0,82,0,0,0,0,0,60,0,23,0,408,0,0,0,0,0,0,1,0,0,0,0,0,1,0,143,0,41,0,0,0,0,0,3,0,0,0,0,47,4,0,0,0,36,0,0,0,341,0,1568,0,0,2,0,0,0,2,2,0,0,17,4,0,260,2,5,0,0,2,0,0,0,0,0,0,145,6,13,0,0,119,0,0,5,0,0,0,21,0,0,0,0,4,0,0,0,0,0,1,0,0,2,2,0,0,0,8,2,0,0,1,0,0,0,0,0,385,0,3,137,0,0,0,0,0,0,2477,1,0,2,0,0,0,0,10,0,9,0,0,0,0,174,0,4,0,0,8,0
"Subject_320",0,0,0,0,0,0,0,0,0,0,0,0,0,0,101,0,56,2,0,0,0,0,0,35,0,2081,0,0,144,132,0,0,0,58,0,0,28,0,0,0,0,0,0,0,0,0,0,0,0,0,0,0,0,0,0,0,0,3,0,124,0,0,0,0,0,0,0,0,0,0,0,0,0,0,0,0,0,0,0,0,0,0,23,0,0,0,563,0,0,0,0,76,7,0,0,0,0,0,0,0,0,28,0,0,2,0,0,637,0,0,0,0,0,0,0,0,0,2,145,0,0,0,0,59,380,0,0,0,0,0,0,0,0,5,0,0,749,0,0,0,494,0,6,0,0,913,0,0,0,0,0,0,0,0,0,0,130,0,0,0,0,0,0,0,0,0,0,0,0,0,0,106,1,0,4,0,0,0,0,2,0,0,0,0,0,19,0,0,0,0,0,0,0,0,0,0,0,0,0,0,0,59,0,0,0,401,0,0,0,12,211,0,0,0,0,0,0,0,0,0,0,0,0,0,0,0,0,0,0,0,0,0,0,8,0,0,0,3,0,0,0,0,0,0,145,31,0,2,0,0,0,0,0,0,0,17,0,0,0,14,0,0,0,31,0,0,0,0,3,6,0,0,1114,0,0,0,0,0,0,272,0,0,177,0,0,0,0,0,0,58,0,0,0,0,14,0,67,0,0,241,0
"Subject_321",0,0,0,0,5,0,55,25,0,0,0,0,12,2,80,0,0,0,7,0,31,38,0,0,0,2,0,55,281,112,0,0,0,182,0,0,0,70,0,0,0,160,0,10,0,32,0,2,0,0,4,0,0,0,2,0,0,0,0,2,0,0,0,0,0,1,16,0,1,0,6,1,0,2,0,0,4,0,0,33,0,6,0,0,3,163,0,0,0,55,0,0,0,0,0,0,0,0,54,0,0,0,3,5,0,18,6,2,0,278,0,59,0,6,7,0,133,0,2,0,4,0,0,73,22,0,0,0,6,0,9,6,2,0,0,3,500,0,0,28,3,0,0,0,0,0,4,0,15,21,3,5,0,0,14,0,0,0,0,59,0,48,0,320,0,0,0,0,6,0,0,0,0,0,0,0,1,0,118,0,0,17,0,0,6,0,0,85,0,0,62,20,0,0,0,5,0,2,0,0,0,0,0,2,0,0,0,172,0,0,2,31,68,0,0,0,0,13,0,0,0,4,0,0,0,0,155,0,2,0,2,0,0,1879,136,0,8,0,0,26,41,0,0,2,0,0,0,0,0,0,0,0,16,0,7,0,0,0,4,2,3,0,0,1,3,0,0,0,0,3403,0,0,71,0,31,0,0,0,7,149,0,0,66,0,0,1,0,0,11,7,95,0,0,0,0,0,0,44,0,40,0
"Subject_322",0,0,8,3,0,0,0,6,0,0,0,0,0,0,2163,0,18,2,0,0,0,31,0,2,0,0,0,0,14,0,34,2,0,100,0,0,83,0,0,0,0,0,0,0,0,0,0,3,0,0,0,0,0,0,0,5,0,0,0,20,0,0,0,45,0,0,2,0,0,3,0,0,0,47,0,0,0,0,0,296,0,8,0,0,0,6,0,0,0,21,0,5,0,0,0,2,0,0,0,0,0,0,0,6,0,0,0,505,0,0,0,0,0,275,0,0,0,0,95,17,0,0,0,0,679,0,0,0,0,0,0,0,0,14,0,0,262,0,0,0,9,0,0,0,0,38,5,0,0,0,0,0,0,14,0,0,36,0,291,0,0,0,0,0,0,0,0,0,0,0,2,0,0,0,0,0,0,0,115,0,0,0,0,0,0,0,0,0,0,0,5,0,0,125,0,0,0,0,11,0,0,0,0,32,469,2,0,0,0,0,0,0,135,0,2,2,60,0,2,0,19,7,0,0,0,0,0,0,399,0,376,0,0,20,0,0,34,0,6,28,0,0,0,0,3,18,0,0,0,0,0,4,68,0,28,3,5,0,11,0,0,0,6,5,0,0,0,0,0,1124,0,0,1399,0,0,0,52,3,0,0,0,0,24,0,0,0,0,0,57,102,0,0,0,0,15,8,43,0,0,3,0
"Subject_323",0,40,0,0,7,0,0,35,0,0,3,0,0,0,2,0,0,0,17,1,31,65,0,24,0,13,1,0,1,5,189,0,0,0,114,0,0,194,0,0,0,112,0,0,0,0,0,1,0,1,0,0,15,0,12,3,0,0,0,112,5,0,6,1,0,0,38,0,0,0,18,0,0,143,0,0,3,0,0,0,0,3,6,0,0,2,116,0,0,23,0,1,0,0,0,0,0,0,0,0,0,1,0,0,0,0,0,232,0,0,0,29,0,181,0,0,0,0,82,2,0,0,0,12,20,0,0,0,5,0,245,1577,0,0,0,0,19,0,0,0,0,9,0,2,0,0,0,0,17,0,10,2,0,4,1,0,82,3,0,70,0,0,0,0,0,0,0,0,0,2,8,0,1,0,0,0,7,0,0,0,0,0,0,0,16,0,5,0,0,0,0,31,2,0,0,0,0,0,0,0,0,0,0,1,0,0,0,0,0,1,10,0,0,0,11,1,0,6,109,0,13,11,0,0,0,12,7,0,63,0,35,0,0,32,23,0,7,0,0,0,0,0,0,0,0,0,0,0,0,0,0,89,0,0,0,2,3,0,13,289,0,0,0,3,2,0,0,0,0,2,0,102,12,0,0,0,0,0,0,1632,0,3001,380,0,0,0,0,24,0,6,0,0,0,0,0,0,5,0,0,54,0
"Subject_324",0,0,0,0,0,0,0,74,0,0,0,2,0,0,25,9,10,0,20,0,0,53,0,0,0,99,0,9,29,0,269,0,0,111,0,0,22,58,0,5,0,51,0,43,0,121,0,0,0,0,0,0,7,0,0,0,0,0,0,39,0,0,0,0,0,0,2,0,0,0,62,2,0,0,0,0,0,0,0,335,0,2,122,0,0,0,0,0,0,98,0,0,0,0,20,0,0,0,62,0,5,0,0,2,0,28,103,2,0,0,0,0,0,879,11,0,0,0,39,0,0,0,0,8,909,0,0,0,5,0,8,391,0,0,11,0,102,0,0,5,2,0,0,0,0,0,0,0,24,0,4,0,0,11,0,0,0,0,138,48,0,15,0,0,0,27,0,0,0,0,0,0,0,0,9,0,0,123,246,0,0,0,0,0,5,0,0,1,0,0,0,51,0,5,19,0,7,25,7,0,0,0,0,106,0,2,0,14,0,0,0,0,11,0,8,0,0,10,0,0,0,18,0,0,0,6,15,0,105,4,540,0,0,230,56,0,56,0,0,0,28,0,72,0,0,15,0,0,0,0,0,3,0,0,24,4,0,0,57,0,2,0,4,3,0,0,0,0,0,2,70,0,401,0,0,0,0,0,7,2664,0,0,58,0,0,0,0,0,0,32,0,2,0,0,259,0,4,0,0,57,13
"Subject_325",0,0,0,0,0,0,1,1,0,0,0,0,0,1,21,5,0,0,0,0,14,21,0,7,0,162,0,0,14,0,112,0,0,100,0,0,6,5,3,6,0,0,0,7,0,1,0,0,0,0,0,0,0,0,0,0,0,0,0,76,0,1,0,1,0,0,44,0,0,0,8,1,0,3,0,0,0,0,0,12,4,0,616,0,2,0,0,0,0,28,0,21,41,0,0,0,0,0,0,0,0,0,0,0,0,11,0,190,0,0,0,0,0,71,4,0,0,0,58,0,0,0,0,3,46,0,0,0,0,0,0,2,0,0,0,0,1261,0,0,0,0,0,0,0,0,0,0,0,1,0,2,2,0,52,0,0,0,0,0,8,0,40,0,0,0,0,0,0,0,0,0,0,2,0,0,0,0,2,91,0,0,0,0,0,0,0,0,0,0,0,0,9,0,64,34,2,0,1,0,0,0,0,0,34,0,11,0,17,0,27,0,0,0,0,3,0,91,0,0,1,22,27,0,47,0,0,0,0,7,0,56,0,0,943,57,0,11,0,0,0,31,35,0,0,0,0,0,0,0,0,1,1,0,0,0,0,0,0,1,10,8,0,0,0,2,0,0,0,0,3469,2,0,124,0,0,0,0,0,3,1173,0,0,65,0,0,0,0,0,3,37,26,0,0,1,175,0,178,0,0,6,0
"Subject_326",0,0,1,0,0,0,30,4,3,0,0,3,0,0,0,0,17,0,0,3,1,1,2,0,7,4177,1,0,82,117,650,0,0,81,0,0,0,114,0,0,0,7,0,1,0,144,0,2,0,0,0,0,1,0,5,1,0,0,0,21,2,15,0,0,0,2,21,0,0,0,0,0,0,2,5,0,0,0,0,0,2,0,59,2,26,1,0,1,0,21,2,3,0,2,0,0,0,0,34,0,27,0,0,0,0,75,2,709,0,0,0,155,0,53,6,0,0,0,39,0,0,0,0,9,42,7,0,0,3,0,1,28,0,0,0,0,2,14,0,3,6,0,0,0,0,0,3,4,2,0,7,8,0,14,1,0,0,0,9,32,0,73,1,0,0,31,0,0,0,0,0,0,2,0,0,0,0,34,0,1,14,0,8,0,9,0,0,0,71,0,0,13,0,88,45,0,0,2,0,13,0,0,295,2,0,35,0,12,0,5,8,0,7,0,2,0,2,8,0,3,0,7,0,2,0,0,26,0,0,6,2,0,0,23,116,0,11,0,0,0,139,0,0,0,0,0,0,0,0,11,0,2,2,0,0,0,21,0,9,3,4,0,0,3,0,0,0,0,0,2,130,16,100,0,0,0,2,0,3,1497,0,0,18,0,0,0,0,0,37,2,0,0,0,0,2,2,12,6,0,54,3
"Subject_327",4,0,0,0,8,0,0,0,0,0,0,0,0,0,25,0,0,0,0,0,0,31,0,7,0,5015,0,0,0,2,1,0,0,0,0,0,59,0,0,0,0,0,0,58,0,28,0,0,0,8,2,0,2,0,11,0,0,0,0,0,0,0,0,0,0,0,0,0,3,0,7,0,0,0,0,0,0,0,0,14,0,0,11,0,0,4,1187,0,0,0,0,0,154,0,0,0,0,0,0,0,0,0,0,0,2,0,0,0,0,0,0,0,0,0,0,0,0,0,0,0,0,0,0,0,0,0,0,0,0,0,0,185,0,0,0,0,0,8,0,0,0,0,0,0,0,0,0,0,0,0,15,0,0,0,0,0,0,0,0,17,0,0,0,2,0,27,0,0,0,0,0,0,0,3,0,0,0,4,121,0,0,10,0,0,0,0,0,0,0,0,0,11,2,0,0,0,0,0,0,0,0,0,0,1,0,0,2,0,0,1,0,0,0,0,16,0,36,9,0,0,0,0,0,0,0,0,0,0,75,0,0,0,0,511,0,0,0,0,0,0,0,6,0,0,0,0,0,0,0,0,0,0,0,0,4,96,0,0,0,4,0,0,0,0,1,0,5,0,14,0,0,0,59,0,0,0,0,0,26,2084,0,0,0,0,0,0,0,0,0,0,0,0,0,0,5,0,0,3,0,0,0
"Subject_328",0,0,0,0,0,0,2,0,0,0,2,0,3,0,3,0,1,0,9,0,0,153,0,0,0,1,0,0,50,0,420,13,2,23,9,0,53,108,0,0,0,196,0,0,0,115,0,5,0,0,0,0,14,0,0,2,0,0,0,179,11,47,0,2,0,6,24,0,0,0,168,3,0,16,1,0,0,0,0,536,6,12,0,0,99,2,0,0,0,35,0,0,0,0,0,0,0,0,54,0,19,0,3,28,8,0,0,247,0,0,0,0,0,213,0,0,0,0,24,0,0,0,0,0,62,93,0,0,27,10,0,25,0,23,6,3,0,0,0,20,1,0,0,0,0,0,11,0,12,0,3,0,0,0,0,0,0,0,248,0,0,0,5,0,0,0,4,0,6,0,0,0,1,0,0,0,0,69,503,2,0,0,0,0,2,0,0,0,19,0,0,107,0,0,3,0,0,5,11,0,0,0,0,1338,42,3,0,0,3,0,0,0,65,0,61,3,0,0,318,4,0,104,0,22,0,2,0,0,106,0,181,0,4,644,0,0,18,0,0,1,0,64,0,0,7,100,2,0,2,0,0,0,30,2,30,7,0,0,9,51,4,0,7,4,0,5,0,0,0,7,0,79,13,0,0,0,0,0,0,1799,0,0,383,0,0,0,0,0,0,0,0,0,0,0,185,0,0,0,0,93,0
"Subject_329",0,0,0,0,0,0,0,0,0,0,0,0,8,0,16,0,12,0,0,0,0,0,0,6,0,1,0,0,17,4,0,0,0,0,0,0,0,796,0,0,0,137,0,0,2,0,0,0,0,2,0,0,0,0,0,0,0,0,0,0,0,0,22,0,0,0,0,0,93,0,0,0,0,0,1,39,0,0,2,0,0,0,0,0,0,0,0,0,0,125,0,9,4,0,0,0,19,13,0,0,60,2,0,0,0,0,0,667,0,82,0,0,0,0,0,0,0,2,58,0,0,0,20,13,0,0,0,0,0,0,0,2207,0,0,23,18,0,0,0,51,0,0,0,0,0,0,0,0,19,0,0,0,1,0,0,0,118,0,0,0,0,0,0,0,0,0,0,0,0,0,0,1,1,0,4,0,0,0,0,0,0,0,0,0,20,0,0,0,0,11,0,110,0,0,0,4,0,0,0,0,0,0,0,0,3,6,0,0,0,5,0,0,0,0,0,0,0,0,0,0,0,0,0,0,0,0,0,0,0,0,0,0,0,0,0,0,0,0,0,0,0,0,0,0,5,0,2,5,0,0,0,0,0,0,0,0,0,0,0,0,0,0,0,16,0,0,0,0,0,653,0,0,222,0,1,0,0,0,0,4098,0,0,154,0,0,0,0,0,0,0,0,0,0,0,0,0,0,0,0,14,0
"Subject_330",6,0,6,0,0,0,0,0,0,0,0,0,2,0,34,0,0,0,0,3,0,12,0,5,0,2450,0,0,36,8,2,0,0,7,0,0,33,47,2,0,0,0,0,0,0,0,0,0,0,0,2,0,0,5,0,0,0,0,0,2,0,0,60,0,0,0,16,0,0,0,5,0,0,0,0,0,2,0,0,12,0,0,25,0,0,0,153,0,0,47,0,35,188,0,0,6,0,0,0,0,0,0,0,0,2,0,0,3286,0,463,0,0,0,0,0,4,0,33,15,4,0,0,0,0,0,0,0,0,0,0,0,0,0,3,0,0,534,0,0,0,824,0,0,0,0,0,20,0,0,0,12,0,0,0,17,0,0,0,0,10,0,0,0,0,0,0,0,0,0,0,8,0,0,0,0,0,0,0,2,0,0,0,0,0,3,0,0,0,0,0,0,2,0,0,0,0,0,0,0,0,0,0,0,0,0,20,8,0,2,0,0,0,0,3,11,0,30,3,200,0,0,0,0,0,0,0,0,0,1,0,104,4,0,432,0,0,0,18,0,0,0,0,0,0,18,0,0,0,0,0,0,0,0,0,43,7,0,0,6,29,0,0,0,4,0,0,0,0,0,0,0,15,75,0,3,2,0,0,6,347,0,0,13,0,0,0,0,0,68,0,0,0,0,0,6,10,5,0,0,66,0
"Subject_331",0,0,2,0,0,0,2,60,0,0,0,0,8,0,74,0,0,0,13,7,125,11,0,0,2,1840,0,18,49,127,0,0,0,175,0,0,10,0,0,7,23,216,0,56,0,387,0,0,0,0,67,0,0,0,281,0,0,0,0,0,0,0,0,0,0,100,49,0,4,27,0,0,0,0,0,0,0,0,0,0,0,0,37,0,0,2,0,0,0,10,0,31,241,0,0,3,0,0,0,0,0,5,0,0,0,0,0,1874,45,0,0,0,0,65,0,0,2,0,124,9,0,0,2,8,36,0,0,0,0,0,12,28,0,0,3,0,7,0,2,0,0,11,0,0,0,0,0,0,27,0,0,11,0,0,2,9,0,0,173,0,0,0,0,0,0,0,0,0,0,0,0,0,40,0,0,0,0,0,0,0,0,0,0,0,11,0,15,0,0,0,0,33,2,0,0,12,0,0,0,0,0,0,0,64,0,0,0,0,0,0,0,0,0,0,0,0,50,0,0,0,0,11,0,0,0,36,0,0,90,0,0,0,0,0,28,0,0,0,0,0,0,0,0,0,0,0,0,0,0,0,98,0,0,2,0,3,3,0,0,148,0,0,2,0,68,0,0,0,0,2,0,40,151,8,0,0,1027,0,0,1176,0,0,297,0,0,3,0,0,0,0,0,0,0,0,0,0,4,0,0,59,0
"Subject_332",0,0,0,0,0,0,0,0,2,0,0,0,0,0,0,0,0,0,0,0,0,0,0,0,0,4589,0,0,0,0,0,0,0,0,0,0,0,1323,0,0,0,0,0,0,0,303,0,0,0,0,0,0,5,0,0,0,0,0,0,0,0,0,0,0,0,0,0,0,0,0,0,0,0,0,0,0,0,0,0,1187,0,0,0,0,0,0,0,0,0,0,0,0,0,0,0,0,0,0,125,43,0,0,0,0,33,0,0,552,0,88,0,0,0,0,0,0,0,0,0,0,0,0,0,0,0,3,0,0,0,0,0,372,0,0,0,0,0,0,0,0,0,0,0,0,0,0,0,0,0,0,96,0,171,0,0,0,0,0,0,0,0,0,0,0,0,0,0,0,0,0,66,0,0,0,0,0,0,0,0,0,0,0,0,0,0,0,0,0,0,0,0,0,8,0,525,0,0,0,0,0,0,3,0,2,0,0,0,0,0,30,0,0,0,0,0,0,0,0,0,0,0,0,0,8,0,0,0,0,0,0,0,0,0,0,0,0,0,0,0,0,0,0,0,0,0,5,0,7,0,0,0,0,0,0,0,0,66,0,0,0,0,0,0,0,0,0,0,0,0,0,0,0,87,0,0,0,0,0,10,0,0,0,0,0,0,0,0,0,244,49,0,0,0,0,0,0,0,0,0,0,0
"Subject_333",0,0,0,166,4,0,0,0,0,0,0,0,0,0,45,0,0,0,17,0,0,199,0,6,0,107,0,6,125,33,441,65,0,13,6,0,0,264,0,10,0,121,118,0,0,149,0,0,0,0,0,2,0,0,0,0,0,0,0,204,0,0,0,0,0,0,27,73,0,0,0,2,0,20,0,24,16,0,0,513,0,0,312,0,0,0,0,0,0,0,141,6,0,0,0,0,0,0,0,0,0,19,0,0,0,0,0,68,0,71,0,0,3,26,0,0,0,0,72,0,0,0,0,11,29,0,150,0,0,0,0,385,0,50,0,0,434,0,0,30,18,10,0,0,0,1012,0,0,20,49,22,0,0,0,0,0,0,0,0,79,53,133,0,590,0,0,0,0,0,0,14,0,0,0,0,0,0,0,217,0,0,0,0,46,49,0,0,0,0,2,27,66,0,0,0,0,0,0,68,795,0,0,0,0,0,19,0,0,0,7,21,3,0,0,0,0,73,0,231,0,317,0,0,0,0,0,0,0,0,0,0,0,0,106,324,0,18,80,3,0,0,0,0,0,11,3,0,0,0,0,0,7,0,0,0,0,20,0,0,16,0,0,0,0,49,0,0,0,6,0,0,0,42,0,0,0,0,0,0,0,0,0,598,21,0,0,0,0,53,0,0,0,0,0,0,0,50,0,0,67,0
"Subject_334",14,0,0,0,0,0,16,0,0,0,0,0,0,0,24,0,0,0,10,0,0,31,0,39,0,886,0,0,12,0,9,0,0,178,0,0,2,1,0,0,0,47,0,2,0,0,0,2,0,0,0,0,11,0,0,0,0,0,0,32,0,0,0,0,0,0,3,0,3,0,0,0,0,2,0,0,5,0,0,10,2,0,0,0,2,0,70,0,0,0,0,3,220,0,0,5,0,0,0,0,0,0,0,0,0,0,0,458,0,0,0,0,0,1453,0,29,0,0,87,0,0,0,0,6,59,0,0,0,0,0,2,49,0,6,0,1,2,0,0,17,10,0,0,0,0,5,1,0,0,0,13,2,0,9,0,0,0,0,0,13,0,54,0,0,0,35,0,0,0,0,0,0,0,0,0,0,0,7,2,0,7,20,0,0,0,0,0,0,0,0,0,82,6,32,0,0,0,0,0,0,0,2,0,0,388,28,0,16,0,2,0,0,0,0,4,0,79,2,137,0,11,6,0,0,0,0,0,0,0,0,7,0,0,486,0,0,12,0,0,0,18,192,0,0,0,0,0,0,0,0,13,3,5,0,0,19,0,0,0,9,0,6,0,0,21,0,0,0,0,9,0,0,1002,0,0,0,0,0,2,3235,0,0,75,0,0,0,0,0,4,2,0,0,0,0,12,1,39,0,0,45,6
"Subject_335",3,0,11,10,0,0,0,0,0,0,0,0,0,0,8,0,48,1,0,0,3,4,2,2,0,2278,0,0,2,12,20,292,2,107,0,0,0,96,0,0,0,0,0,12,0,30,0,1,0,0,3,0,1,2,0,7,0,0,0,3,5,0,0,0,0,5,150,0,0,0,9,0,0,0,863,0,0,0,0,8,0,23,251,3,0,12,0,479,0,0,0,5,0,0,0,14,0,0,0,0,16,0,0,0,1,154,0,523,0,11,0,0,0,62,21,2,0,1,117,0,0,0,0,8,34,60,2,0,3,0,40,21,0,0,0,11,138,0,0,9,11,0,2,0,0,591,3,3,0,0,2,0,0,76,0,0,0,0,0,5,0,37,0,0,0,27,8,0,0,0,2,0,2,1,20,0,5,0,29,3,0,0,0,0,4,0,0,0,0,0,14,77,0,3,0,0,0,2,0,0,0,0,0,3,0,12,9,55,0,0,15,4,4,5,10,1,22,54,2,0,12,29,0,2,0,0,0,0,9,5,77,0,0,112,0,0,9,0,3,9,17,44,0,0,10,1,0,0,0,0,0,2,2,1,2,12,15,0,4,21,3,0,0,2,2,0,0,0,47,2148,0,8,29,0,0,1,0,0,4,12,1,0,63,2,0,0,0,0,20,10,0,0,0,0,0,22,4,69,0,8,0
"Subject_336",4,0,0,0,0,0,0,0,0,0,0,0,0,0,4,0,0,0,0,0,0,6,0,13,0,2846,0,0,21,20,40,0,0,278,0,0,7,0,0,0,0,108,0,29,0,33,0,0,0,0,1,0,24,0,0,0,0,1,0,0,0,0,0,0,0,0,1,0,0,0,58,0,0,0,0,0,7,0,0,2,0,0,4,0,0,0,0,2,0,52,0,11,8,0,0,0,0,0,0,0,0,0,0,0,4,0,0,2,0,0,0,0,0,0,0,3,0,0,1,4,0,0,0,376,49,0,0,0,0,0,0,0,0,19,0,0,110,0,0,0,2,0,0,0,0,1447,0,0,0,0,0,0,0,0,0,0,0,0,30,50,0,0,0,0,0,0,0,0,0,0,0,0,0,0,0,0,0,0,51,3,0,0,0,0,0,0,0,0,0,0,0,28,0,0,0,0,0,0,0,0,0,0,0,0,0,0,0,0,0,7,0,0,0,0,0,0,75,0,1,0,0,0,0,0,0,0,0,0,0,0,0,0,0,59,0,0,0,0,0,0,0,562,0,0,0,0,0,0,0,0,0,0,3,1,1,2,2,0,0,9,0,0,0,0,0,0,0,0,0,157,0,0,1767,7,43,0,0,0,0,1303,0,0,215,0,0,0,0,0,0,1,0,0,0,0,0,0,4,21,0,0,0
"Subject_337",3,0,0,0,0,0,1,24,0,0,0,0,0,189,2,0,0,0,4,2,0,0,0,2,2,383,0,0,25,5,83,0,0,16,60,0,7,0,0,13,2,52,0,65,0,64,0,0,0,0,0,0,7,0,22,0,0,2,0,431,0,49,14,0,0,11,42,1,5,0,72,0,0,121,0,0,6,0,0,407,0,1,0,0,34,1,0,0,2,76,100,3,20,0,0,0,0,0,0,0,52,1,0,2,0,14,156,32,4,368,0,0,0,265,0,0,15,1,0,3,10,0,0,0,47,0,0,0,0,0,0,341,2,13,12,0,11,2,0,0,0,0,0,0,0,0,0,0,18,51,0,0,0,0,1,0,0,0,204,0,0,21,0,482,0,19,0,0,3,97,0,0,0,2,0,0,0,113,398,0,79,0,0,0,0,7,0,0,0,0,0,0,4,17,44,0,0,3,0,0,0,0,0,320,124,6,0,26,0,9,0,0,3,0,0,0,411,0,0,5,0,40,0,14,2,0,0,0,210,23,146,0,3,205,94,34,42,0,0,2,0,0,73,0,0,0,0,0,2,0,110,0,0,1,4,1,0,0,0,0,0,0,0,0,2,0,19,17,0,0,0,0,50,0,2,0,5,6,5,2258,0,0,117,0,0,7,0,11,52,23,0,0,0,0,156,0,2,0,0,10,0
"Subject_338",0,0,0,0,0,2,0,0,0,0,0,0,8,0,10,0,0,0,7,15,0,0,2,2,0,104,0,0,114,7,66,0,0,185,0,0,9,264,0,0,5,56,0,0,0,63,0,0,0,0,0,0,14,0,0,0,0,0,0,0,0,0,0,0,0,0,53,0,31,0,0,0,0,0,0,492,5,0,0,0,0,0,0,0,0,0,125,0,0,0,0,37,322,8,0,0,6,0,0,0,26,15,0,0,0,0,0,2554,0,0,0,0,0,0,0,0,0,3,551,0,0,0,94,8,211,0,0,0,0,0,0,297,0,0,0,0,22,0,0,34,59,0,0,0,0,0,0,0,24,0,60,0,0,0,0,0,0,0,0,0,0,0,0,0,0,0,0,0,0,5,0,0,2,0,0,0,0,0,0,0,0,0,0,0,0,0,0,0,0,0,0,49,336,0,0,0,0,0,0,0,0,0,0,0,0,64,0,0,0,0,0,0,0,0,0,0,154,0,130,0,0,0,0,0,0,0,0,0,106,0,0,0,0,305,0,0,0,0,0,0,0,0,0,0,0,0,2,43,0,0,0,0,0,0,0,0,24,0,0,0,0,0,0,14,0,0,0,0,0,535,0,0,118,0,0,0,0,0,3,1783,0,0,288,0,0,0,0,0,22,0,0,0,0,0,1,0,49,0,0,0,0
"Subject_339",0,2,0,0,0,0,3,0,0,0,0,0,10,0,2,0,0,2,0,0,58,57,0,22,0,0,0,0,110,44,833,0,0,67,0,0,7,0,0,0,0,0,0,0,0,97,0,6,0,0,0,0,0,0,0,0,0,0,0,0,0,0,0,0,0,0,309,0,15,0,0,0,0,0,0,297,0,0,0,16,0,3,128,0,0,0,0,0,0,0,3046,0,344,0,0,260,0,0,0,0,0,0,0,0,0,12,0,2744,0,0,0,0,10,0,0,0,0,0,0,0,0,0,0,0,76,0,0,0,0,0,0,33,72,0,0,61,20,0,2,0,7,7,0,0,0,0,0,0,0,0,0,6,2,0,0,0,0,0,0,43,0,54,0,0,0,0,0,5,0,0,0,0,2,2,0,0,0,14,135,0,0,0,0,0,0,0,0,0,0,0,2,0,0,0,0,0,0,0,0,6,0,0,0,70,0,0,0,0,0,0,0,0,0,0,5,0,0,161,22,0,17,0,0,0,0,0,0,0,32,0,0,0,0,0,0,0,0,0,0,7,0,0,0,0,14,0,0,0,0,0,0,0,0,0,24,0,2,0,0,0,0,0,0,0,7,0,0,0,0,34,0,0,0,6,0,0,0,0,8,0,0,0,530,0,0,0,0,0,5,0,0,0,0,0,0,0,2,0,0,0,0
"Subject_340",0,0,0,0,0,0,116,8,0,0,0,0,0,0,1,20,0,0,0,0,14,72,0,38,0,2760,0,0,609,0,0,0,0,0,0,0,21,88,0,2,1,0,0,56,0,95,0,0,0,0,0,0,0,0,3,2,0,2,0,44,0,0,3,0,0,0,97,8,0,0,0,0,0,0,0,0,0,0,0,150,0,0,0,0,25,3,0,0,0,240,0,1,0,0,0,0,0,0,68,0,14,0,9,0,0,19,0,192,0,24,0,0,0,14,0,2,28,0,8,0,0,0,0,6,45,0,0,0,0,0,51,1131,0,0,2,0,8,0,0,0,171,0,2,0,0,80,72,3,0,0,16,0,0,8,1,0,0,0,0,73,0,8,0,0,0,17,0,76,0,0,33,0,0,0,0,0,0,0,6,0,0,0,0,0,32,0,0,0,0,0,0,30,0,50,0,0,0,1,0,0,0,0,0,0,0,142,3,17,0,99,2,0,0,0,0,0,92,0,0,3,0,7,0,0,0,0,2,0,0,1,70,0,0,662,0,0,0,0,0,0,23,0,0,0,0,0,0,0,0,0,0,6,14,0,3,1,41,0,6,0,4,0,0,14,0,2,0,0,1,1,0,46,85,0,0,0,47,0,0,1589,0,0,30,0,0,0,0,0,0,26,0,0,0,0,26,0,100,0,0,56,0
"Subject_341",0,0,0,0,0,1,1,0,0,0,0,0,0,0,28,0,2,0,0,0,0,10,0,0,0,1463,0,0,20,3,0,0,0,35,0,0,103,1,0,0,0,0,0,0,0,15,0,0,0,0,1,0,0,0,0,0,0,0,0,2,0,6,0,0,0,0,166,0,0,0,0,0,0,0,0,0,0,0,0,1,0,0,0,0,20,6,0,0,0,0,0,5,217,0,0,0,0,0,3,0,23,190,0,0,0,0,0,4610,0,0,0,0,0,64,0,0,0,0,28,7,0,0,0,12,353,0,0,0,0,0,0,86,0,0,0,4,0,0,0,0,0,0,0,0,0,0,0,0,0,0,3,0,0,0,0,0,0,0,0,15,0,0,0,0,1,23,0,0,0,0,0,0,1,0,0,0,0,2,0,0,0,0,0,0,0,0,0,0,0,0,0,24,4,48,0,0,0,0,0,0,0,0,0,0,0,15,2,43,2,13,0,0,0,0,1,0,0,0,0,17,1,0,0,0,0,0,0,0,0,0,2,0,0,302,98,0,8,0,0,48,0,0,0,0,0,0,0,0,0,0,12,0,0,0,0,5,0,0,0,9,0,0,8,0,0,0,0,0,0,890,0,0,451,0,0,0,0,0,0,253,0,0,59,0,0,0,0,0,0,0,0,0,0,61,31,0,32,0,0,36,0
"Subject_342",0,5,0,0,0,0,2,21,0,0,0,0,0,336,28,0,0,0,0,0,76,37,3,2,0,1,0,0,8,25,0,41,0,206,0,0,0,0,0,0,0,0,0,59,0,45,0,0,3,0,0,0,0,0,0,0,0,0,0,34,0,0,0,0,0,0,3,0,0,0,0,0,0,0,0,0,0,0,0,130,0,0,16,0,0,7,2,0,0,0,0,2,1,0,0,3,0,0,0,0,0,0,0,0,0,0,0,155,0,0,0,0,0,162,0,0,0,0,15,0,0,0,0,4,71,0,0,0,0,0,0,0,0,0,0,0,0,0,0,0,1,10,0,0,0,640,2,0,0,15,0,0,0,0,0,0,0,0,0,0,0,0,0,137,0,0,0,0,0,0,3,0,9,0,0,5,0,322,59,0,0,0,0,1,0,0,0,0,0,0,0,70,0,0,0,0,0,0,0,0,0,0,0,0,0,0,0,0,2,0,0,0,0,0,0,0,291,0,0,0,36,21,0,0,0,0,0,0,122,0,0,0,0,0,0,0,0,0,0,0,0,0,0,0,0,0,0,0,0,0,0,0,18,24,0,0,2,0,0,13,0,0,0,4,6,0,0,0,0,986,0,0,566,1066,1,0,0,0,0,4041,0,0,12,2,0,0,0,0,0,0,0,0,2,0,0,0,7,0,0,0,0
"Subject_343",0,0,2,13,0,0,0,38,0,0,0,0,4,0,1001,0,10,0,4,2,0,3,0,3,0,3492,0,12,24,128,473,0,0,31,0,0,0,74,0,6,1,31,0,0,0,0,0,1,0,0,1,0,7,0,17,1,0,1,0,11,1,0,10,0,0,1,203,0,0,70,12,1,0,18,0,0,2,0,0,7,0,1,15,1,0,108,91,0,1,13,0,2,12,0,0,4,0,0,0,0,8,0,2,14,0,119,0,53,0,0,0,0,0,27,10,1,0,0,100,0,0,0,0,20,23,0,0,0,0,0,12,63,0,0,103,0,891,0,0,0,136,0,0,0,0,0,48,3,14,0,22,2,0,38,1,3,0,0,36,0,25,35,0,0,0,20,0,0,0,2,17,0,2,0,39,0,0,5,0,0,0,0,0,0,2,0,0,0,0,0,2,33,2,38,0,1,0,2,0,0,0,0,0,9,0,107,0,125,0,15,14,72,87,3,0,1,9,3,0,0,0,60,0,0,0,0,0,0,3,6,0,0,0,303,0,0,11,0,4,62,15,0,0,0,14,249,0,0,0,0,0,0,4,0,1,15,45,0,7,0,2,0,0,8,0,0,0,0,7,368,3,0,92,0,4,0,0,3,8,1,1,0,72,0,0,0,0,4,17,63,0,0,0,0,3,3,0,0,1,159,0
"Subject_344",18,0,0,0,0,0,1,39,0,0,0,0,11,2,15,0,0,0,31,7,10,95,0,5,0,785,0,0,17,14,119,0,0,7,0,0,0,73,0,28,1,382,0,15,0,105,0,0,0,0,0,0,24,0,94,0,0,0,0,407,16,2,15,0,0,6,722,0,0,0,20,0,0,6,0,0,0,0,0,78,0,0,18,0,7,46,0,2,0,5,0,70,25,79,0,56,0,0,9,0,16,55,0,36,2,0,5,930,0,0,0,0,0,136,19,11,41,0,11,0,0,0,1,9,88,0,0,0,13,0,77,10,0,0,0,4,31,0,0,0,382,0,0,0,0,0,0,0,50,0,10,9,0,37,0,0,0,0,16,34,0,95,0,214,0,87,0,0,0,0,0,0,2,0,0,0,0,3,17,0,0,0,0,0,0,0,0,0,0,0,0,323,9,9,5,10,0,4,0,0,0,0,0,0,0,71,0,48,0,2,0,0,0,0,43,0,3,0,197,8,83,3,0,0,0,2,0,0,21,0,272,0,0,707,0,0,31,0,0,0,88,0,0,0,0,0,0,0,0,17,39,0,0,0,0,0,12,0,33,372,0,0,8,0,0,0,0,0,0,210,0,39,104,0,6,0,9,2,4,4,0,0,623,0,0,0,1,0,46,255,0,0,3,0,2,17,16,81,0,217,0
"Subject_345",0,0,0,0,0,0,29,36,0,0,0,2,0,146,11,0,0,0,0,51,45,0,0,0,0,3372,0,0,201,0,0,0,0,0,0,0,4,514,0,0,0,179,0,64,0,482,0,0,0,0,0,0,0,0,0,0,0,0,0,67,0,0,72,0,0,0,586,0,12,0,0,0,4,0,0,0,0,0,0,42,0,0,0,0,0,0,225,0,0,30,0,145,12,0,0,1,0,0,4,0,51,0,0,0,4,0,4,533,0,0,0,0,0,138,0,0,0,8,76,0,0,0,0,118,45,0,0,0,0,0,0,475,0,0,0,209,547,20,0,0,87,0,0,0,0,13,0,0,25,0,0,0,0,0,0,0,0,0,0,75,0,0,0,0,0,52,0,0,0,0,0,0,66,0,0,0,0,0,0,0,0,0,0,0,0,0,0,0,0,0,0,30,3,0,0,0,0,0,0,0,0,0,0,0,1,204,0,88,0,19,0,0,0,0,23,0,82,0,65,0,3,0,0,0,0,0,0,0,0,0,3,0,0,93,0,0,23,0,0,0,41,0,0,0,0,0,0,0,0,0,43,0,0,0,0,7,0,0,0,0,0,0,0,0,0,0,0,0,0,29,2,0,75,0,0,0,0,0,7,8,0,0,178,0,0,0,0,0,0,0,0,0,0,0,2,0,4,0,0,82,0
"Subject_346",0,99,0,0,0,0,0,0,1472,0,0,0,0,0,77,0,3,0,0,0,0,13,0,5,0,2828,0,3,4,0,165,0,31,50,0,0,0,32,0,0,0,0,0,0,0,17,0,0,0,0,0,0,0,0,0,0,0,0,0,0,0,0,0,0,0,0,402,0,0,0,0,0,0,0,0,0,0,0,0,15,0,0,0,0,0,1,128,2,0,81,0,0,0,0,0,0,0,0,0,0,0,6,0,0,0,0,72,1119,0,0,0,0,0,432,0,0,0,0,0,0,10,0,0,0,51,0,0,0,0,0,13,140,0,0,0,69,25,6,0,0,5,0,0,0,0,0,0,0,0,0,17,0,0,0,0,0,0,0,0,49,0,19,0,0,0,0,5,0,0,0,0,0,0,0,22,0,0,0,0,0,0,0,0,0,0,0,2,0,0,0,0,67,1,24,0,2,0,0,0,0,0,36,0,0,223,8,0,65,1,2,2,0,0,0,0,0,0,0,0,0,0,0,0,84,0,30,0,0,69,0,0,0,3,435,0,0,5,2,0,20,0,0,2,0,8,0,0,0,0,0,0,0,0,1,0,15,1,0,0,10,0,0,0,1,2,0,0,3,5,99,0,0,67,0,0,0,0,0,12,971,0,0,101,0,0,10,0,0,0,0,0,0,0,0,73,0,7,0,0,44,0
"Subject_347",15,0,8,3,0,2,0,21,0,0,0,0,9,0,9,0,0,0,14,20,86,44,0,6,0,1684,0,20,5,0,0,0,0,50,0,0,0,2,0,0,3,63,0,0,0,58,0,0,0,0,0,0,15,0,0,0,0,0,0,47,5,0,65,0,0,0,121,0,0,0,29,2,0,9,0,0,11,0,0,45,0,0,2,0,136,0,86,0,0,42,0,11,30,0,0,24,0,0,0,0,0,17,3,0,0,0,0,1067,0,0,0,0,0,114,17,0,0,0,59,2,5,12,0,8,0,0,0,0,0,0,0,184,0,0,18,0,6,0,3,24,12,0,0,2,0,0,2,0,56,0,3,0,0,16,4,42,0,0,0,0,0,0,0,0,0,0,0,3,9,2,3,0,0,0,0,0,0,238,0,0,0,0,0,0,3,0,0,0,0,0,11,21,3,0,0,0,0,0,0,0,0,0,0,2,0,3,2,0,0,3,0,0,0,0,23,0,61,25,0,0,42,0,0,0,0,0,0,0,70,0,169,0,0,344,0,0,0,0,0,10,0,0,0,0,0,0,0,0,0,0,0,0,0,0,0,0,23,0,0,17,0,0,4,3,0,2,0,0,0,1452,0,0,0,4,0,0,0,0,6,2484,2,0,55,0,0,69,0,0,155,0,0,0,2,0,0,86,5,0,0,112,0
"Subject_348",0,0,0,0,0,0,0,0,0,0,0,0,0,0,11,20,0,0,0,18,0,30,0,0,0,2470,0,0,61,12,0,0,0,7,0,0,33,0,0,0,0,0,0,0,0,111,0,0,0,0,0,0,0,0,0,2,0,1,0,0,0,0,0,0,0,0,15,0,0,52,0,0,0,1,0,0,0,0,0,0,0,0,0,0,0,0,0,0,0,6,0,1,11,0,0,0,283,0,1,0,27,71,12,0,0,29,2,1935,0,49,0,0,0,19,0,9,0,0,71,0,0,0,0,5,85,0,117,0,0,0,0,1,0,0,0,0,1319,3,0,7,1315,0,2,0,0,0,0,0,0,0,0,0,0,19,0,0,0,0,0,7,0,0,0,0,0,23,0,0,0,0,0,0,0,0,0,0,0,0,0,0,0,0,0,0,0,0,0,0,0,0,7,9,0,0,0,10,0,0,0,0,0,0,0,2,0,140,0,52,0,14,53,0,0,0,0,0,0,0,76,0,0,0,0,0,0,0,0,0,0,0,0,0,0,166,0,0,8,0,0,0,0,8,0,0,124,0,0,0,0,0,0,0,0,0,0,115,151,0,0,11,3,0,0,6,0,0,0,0,0,36,0,0,545,0,2,0,0,0,0,1,0,0,71,0,0,0,0,12,0,0,0,0,0,0,1,0,30,0,0,73,1
"Subject_349",0,0,6,0,0,0,28,81,0,0,0,0,0,277,3,0,1,2,5,3,110,18,0,11,0,419,2,51,42,0,0,0,0,181,8,0,20,698,0,0,2,142,0,304,2,159,0,13,0,2,0,21,9,0,0,0,0,4,5,304,0,130,6,0,21,86,41,0,0,94,157,0,0,6,0,0,0,0,0,134,0,6,0,0,93,0,4,0,0,105,264,22,168,0,4,16,0,0,61,18,16,2,0,0,0,0,93,494,7,3,0,0,0,105,0,2,0,4,103,0,0,2,0,11,164,403,0,0,17,0,49,8,48,48,6,0,13,0,0,9,1,6,15,0,127,0,15,2,36,0,12,57,3,5,2,0,36,264,19,60,0,0,0,0,0,0,0,0,0,0,2,6,1,0,0,0,0,78,778,2,41,0,0,2,22,0,0,2,0,0,0,43,31,22,45,0,0,0,0,0,6,0,0,0,0,16,0,0,0,0,0,0,18,0,130,0,34,72,215,28,0,0,58,0,0,74,0,0,45,0,160,5,0,62,0,0,0,0,0,6,0,0,30,16,0,0,0,9,0,0,36,5,0,0,0,15,2,0,0,130,2,5,0,4,0,0,0,39,18,84,0,19,8,0,5,0,5,3,44,3,2,0,480,1,0,0,0,2,3,40,0,0,0,0,41,55,4,126,0,125,10
"Subject_350",0,0,0,0,0,0,2,3,0,0,4,0,0,2,0,0,0,0,0,0,17,143,0,0,0,62,0,0,4,0,288,2,0,162,0,0,0,132,0,0,0,37,82,19,0,2,0,0,0,0,0,0,26,0,0,0,0,0,0,262,0,2,0,0,3,0,131,0,0,0,0,0,0,0,0,0,0,0,0,38,0,0,0,0,2,0,0,0,0,79,0,0,0,0,0,0,0,0,0,0,0,0,0,0,0,0,1,2004,0,0,0,11,0,48,0,0,0,0,0,2,0,0,0,11,10,0,0,0,0,0,0,7,0,8,0,0,0,0,0,0,0,6,0,0,0,0,0,0,18,0,8,0,0,0,0,0,0,0,7,8,0,0,0,298,0,0,0,0,0,0,0,0,0,0,0,0,0,99,77,0,0,0,0,3,0,0,0,0,0,0,0,14,0,0,0,0,15,0,0,0,0,0,0,0,2,0,0,0,0,0,0,0,0,0,0,0,79,0,0,0,48,0,0,0,0,0,0,0,23,0,10,0,0,88,0,0,0,0,0,24,0,0,0,0,0,0,0,8,0,0,2,0,0,0,0,0,0,0,0,4,0,0,0,0,0,0,0,0,0,5100,5,0,0,0,2,0,0,0,0,298,0,0,39,0,0,0,0,0,0,8,0,0,0,0,0,0,43,0,0,66,0
"Subject_351",0,0,0,11,0,0,0,0,0,0,0,0,0,618,19,0,0,0,0,0,0,277,0,0,0,2826,0,0,21,2,444,17,0,39,0,0,7,0,2,0,0,0,0,0,0,0,0,0,0,0,2,0,0,2,0,0,0,0,0,0,0,0,0,0,0,0,377,0,0,0,17,0,0,0,0,0,1,0,0,0,0,0,0,0,0,0,0,0,0,36,2,5,3,0,0,8,0,0,0,0,0,0,33,0,0,0,0,372,0,0,0,0,0,272,0,0,0,0,0,2,13,0,0,6,30,0,0,0,0,0,0,0,3,0,0,0,100,0,0,0,65,0,0,0,0,0,0,0,0,0,0,0,0,43,1,0,0,0,19,0,1,30,0,0,0,0,35,0,0,0,0,0,2,0,0,12,0,8,153,0,0,0,0,0,0,0,0,0,0,0,0,23,0,24,0,0,0,0,0,0,0,0,0,2,1,0,0,23,1,0,69,0,0,0,0,0,72,0,0,0,0,40,0,0,0,0,0,0,96,0,0,0,0,130,0,0,22,0,0,0,65,0,0,0,67,9,0,0,0,0,0,0,0,0,0,0,57,0,0,0,0,0,0,0,0,0,0,0,0,8,0,0,70,4,2,0,0,0,0,3038,0,0,160,0,0,0,0,0,0,42,0,0,0,0,0,0,9,0,5,33,0
"Subject_352",0,0,0,0,0,0,0,0,0,0,0,0,0,452,23,0,0,0,9,0,194,62,0,0,0,433,0,3,0,0,32,0,0,46,0,0,0,0,0,0,0,59,0,0,2,0,0,0,0,0,0,0,18,0,0,0,0,0,0,219,0,0,0,5,0,0,75,0,0,0,19,0,0,32,0,0,10,0,0,52,0,48,0,0,0,0,0,0,0,99,0,17,3,0,0,0,3,0,0,0,0,7,0,73,0,0,0,379,106,0,0,0,0,401,30,0,0,0,195,0,0,0,0,22,5,0,0,0,0,0,0,174,0,0,49,0,19,0,0,0,1,0,0,0,0,0,36,0,16,0,23,0,0,78,3,0,0,0,218,0,0,0,0,0,0,0,0,0,0,35,0,0,23,0,0,0,0,0,656,0,0,0,0,0,0,0,0,0,0,0,0,101,0,0,0,0,0,0,0,0,0,0,396,750,0,0,0,0,0,0,0,0,169,0,0,0,77,0,0,0,0,284,0,0,0,0,0,0,60,0,357,0,0,116,0,0,0,0,0,0,0,0,0,0,0,0,0,0,0,0,0,0,0,0,0,0,2,0,18,0,1,0,0,0,0,0,0,0,0,192,0,0,172,0,0,0,0,0,0,1935,0,0,710,0,0,0,0,0,44,71,0,0,2,0,0,0,6,0,0,75,0
"Subject_353",25,0,0,0,0,0,119,0,0,0,0,0,0,0,4,12,0,0,7,0,0,37,0,61,0,3473,0,0,37,0,115,0,0,51,0,0,2,22,0,0,1,34,0,0,0,575,0,0,0,0,0,0,0,0,0,0,2,3,0,67,0,0,0,0,0,0,0,0,0,0,0,5,0,0,0,1,2,0,3,8,0,0,0,0,0,1,0,0,0,93,0,2,2,0,0,0,0,0,0,0,0,0,0,0,0,35,0,12,0,0,0,0,0,229,10,3,1,0,0,2,2,0,0,6,5,0,0,0,0,0,0,1791,2,0,2,1,2,0,0,6,3,0,30,2,0,15,6,0,13,0,0,0,0,49,0,0,0,0,0,0,0,8,0,0,0,21,0,2,0,0,0,0,0,0,18,0,0,0,81,0,0,0,0,0,0,0,1,0,0,0,0,43,0,17,0,1,33,0,0,0,0,0,155,0,0,19,0,10,1,8,0,0,0,0,3,0,204,0,2,0,0,0,0,0,0,0,0,0,0,0,0,0,0,732,0,0,5,15,0,0,32,110,0,0,0,18,1,0,0,0,0,6,13,0,0,0,0,0,0,0,0,0,0,0,2,0,0,0,26,1,0,0,18,0,2,0,4,0,4,1310,0,0,5,3,0,0,0,0,0,0,0,0,0,0,0,0,6,0,0,82,0
"Subject_354",81,0,0,0,0,0,10,0,0,0,0,0,8,0,1,0,0,0,0,0,28,267,0,0,0,612,0,13,6,0,113,0,0,177,0,0,3,0,2,0,1,44,0,60,1,57,0,0,0,0,0,3,23,0,0,0,0,0,0,0,0,0,0,0,0,0,163,0,44,0,101,0,0,0,0,0,7,0,0,0,0,0,445,0,35,31,2,0,0,35,0,2,6,0,0,26,0,0,40,0,0,0,0,0,37,79,0,442,5,0,0,0,0,104,22,19,0,2,431,0,2,0,0,5,8,0,0,0,0,0,136,212,0,0,0,4,140,0,2,0,64,0,0,0,0,100,0,0,0,0,18,33,48,0,0,2,0,0,0,151,0,25,0,0,0,0,0,0,0,0,0,0,2,0,0,0,0,708,0,0,0,43,0,38,0,0,0,0,0,0,0,14,0,87,0,0,0,0,8,0,0,0,0,0,0,76,0,24,1,0,0,0,0,0,14,0,495,412,107,0,444,0,0,0,0,0,0,240,111,0,43,0,0,48,0,0,0,0,0,0,19,0,141,0,32,0,0,0,0,0,126,0,0,0,0,228,0,0,0,10,0,0,0,0,0,0,0,0,0,109,0,0,72,0,0,0,0,0,0,1377,0,0,234,0,0,0,0,0,0,26,0,0,0,0,10,0,14,0,0,154,0
"Subject_355",0,0,0,0,0,0,1,0,0,0,0,0,0,0,28,0,3,0,5,0,0,33,0,0,0,150,0,48,9,0,0,0,2,75,8,3,0,61,0,0,3,0,0,22,0,179,0,5,0,0,0,0,25,0,3,0,0,0,0,4,0,9,7,0,2,1,127,0,52,64,14,0,0,0,0,0,0,0,0,48,0,3,0,0,233,4,0,10,0,33,118,0,0,0,0,0,0,0,17,0,18,7,0,0,3,0,0,4540,12,0,0,13,0,105,0,0,0,0,113,1,0,0,32,4,54,51,78,0,3,0,8,63,0,0,0,85,0,4,0,18,0,0,0,0,0,0,11,0,10,0,0,0,0,0,0,0,0,1,0,11,0,0,0,2,0,20,0,0,0,0,0,1,22,0,0,0,0,12,40,0,0,0,0,0,2,0,0,0,2,0,0,63,3,0,0,0,0,0,0,0,0,0,0,112,171,27,0,14,2,5,0,0,4,0,12,0,44,0,135,5,0,0,0,8,0,1,0,0,27,6,98,0,0,95,0,0,16,0,0,23,0,4,0,0,148,0,1,0,0,0,77,1,0,0,0,18,3,0,0,0,1,5,0,1,0,0,2,2,2,47,0,14,113,0,0,0,0,0,2,1765,0,0,48,0,0,0,0,2,12,22,0,0,0,0,6,0,13,0,0,62,0
"Subject_356",0,0,0,7,0,0,0,0,0,0,0,0,0,0,0,0,0,0,0,0,0,34,0,0,0,2981,0,0,0,86,0,0,0,86,0,0,0,0,0,0,0,0,0,0,0,26,0,0,0,0,0,0,0,0,0,0,0,0,0,0,0,0,0,0,0,0,0,0,0,0,0,0,0,0,0,0,0,0,0,8,0,0,0,0,0,0,13,0,0,0,0,1,0,0,0,0,0,0,60,0,10,55,0,0,0,0,0,2208,0,32,0,0,0,0,0,3,0,0,0,0,0,0,0,12,461,0,0,0,0,0,0,0,0,0,0,0,5,2,0,0,0,0,0,0,0,0,0,0,0,0,27,0,0,10,1,0,0,0,0,27,0,0,0,0,0,44,0,0,0,0,3,0,0,0,0,0,0,0,46,0,0,0,0,0,0,0,0,0,0,0,0,0,0,0,0,0,0,0,0,0,0,0,0,0,0,0,0,16,0,0,0,0,0,0,0,0,0,0,0,0,0,0,0,0,0,0,0,0,15,0,2,0,0,795,0,0,15,0,0,0,0,0,0,0,12,0,0,0,0,0,0,0,0,0,0,0,8,0,0,0,0,0,0,0,0,0,0,0,1,7,0,0,183,0,0,0,0,0,0,1442,0,1229,0,0,0,0,0,0,3,7,0,0,0,0,0,0,12,0,0,0,0
"Subject_357",0,0,0,0,0,0,7,0,0,0,0,0,0,0,0,0,0,0,0,0,43,26,0,0,0,1498,0,0,17,0,0,0,0,0,0,0,3,0,0,0,0,0,0,0,9,180,0,0,0,0,0,0,0,0,0,0,0,0,0,0,0,0,2,0,0,0,209,0,55,4,0,0,0,6,0,0,0,0,0,0,0,0,188,0,0,0,4,0,0,12,0,102,0,0,0,0,0,0,3,0,0,13,0,0,2,0,0,5485,0,0,0,0,0,29,0,0,0,0,94,0,0,0,0,9,38,0,0,14,0,0,0,2,0,0,0,0,8,0,0,0,0,0,0,0,0,0,0,3,0,0,5,0,0,74,2,0,0,0,0,0,0,0,0,0,0,0,0,0,0,0,0,0,8,0,99,0,0,0,0,24,0,0,0,0,7,0,3,0,0,0,31,72,0,0,0,0,0,0,0,0,0,0,0,0,0,349,0,0,2,7,0,0,0,0,4,0,0,19,257,0,2,123,0,0,0,12,0,0,6,0,28,0,0,152,0,0,0,0,0,18,0,0,0,0,13,35,0,0,0,0,0,0,0,0,0,42,0,0,0,0,0,0,0,2,0,0,0,0,0,208,0,0,91,0,0,0,0,2,0,21,0,0,153,0,0,0,0,2,0,0,0,0,0,0,0,0,2,0,0,63,0
"Subject_358",1,0,3,0,0,0,1,0,0,1,0,0,0,0,1,0,0,0,0,0,0,47,0,2,0,1520,0,0,1,0,0,0,0,12,6,0,2,0,0,0,0,0,0,0,0,110,0,0,0,0,0,0,0,0,0,0,0,2,2,52,0,0,0,0,0,0,197,0,0,0,0,0,0,0,0,0,0,0,0,123,0,1,17,2,165,1,121,0,0,11,0,2,2,0,0,0,0,0,14,0,34,0,0,0,1,5,9,3543,0,27,0,0,0,735,11,1,0,1,108,0,3,0,0,5,47,288,0,0,0,0,0,124,0,1,0,1,2,0,0,0,0,0,0,0,0,56,0,0,0,0,0,0,0,31,0,0,0,0,0,8,0,0,0,2,0,12,0,0,0,5,0,0,2,1,1,0,0,0,48,0,31,0,0,0,0,0,0,0,0,0,0,105,0,0,0,0,0,0,4,0,0,0,16,0,0,8,1,26,0,0,0,0,0,0,10,0,49,0,36,0,0,0,0,0,0,0,0,0,0,1,53,0,0,12,0,0,14,0,0,24,9,25,0,0,0,0,0,1,0,0,103,0,0,0,0,1,4,0,0,0,2,10,0,0,0,0,0,0,0,0,0,0,14,0,0,0,4,0,0,1686,0,0,43,0,0,0,0,0,0,43,0,0,0,1,2,0,8,33,0,106,0
"Subject_359",0,0,3,0,0,0,0,0,0,0,0,0,0,0,0,0,3,0,0,0,0,1,0,23,0,3809,0,0,11,17,141,0,0,0,0,0,0,2,0,0,0,0,0,0,0,0,0,0,0,0,0,2,0,0,0,0,0,0,0,16,0,0,0,0,0,6,26,7,0,0,0,0,0,0,0,0,0,0,60,1,0,1,0,0,0,0,0,0,0,0,3,63,128,0,0,0,0,0,0,0,34,0,3,0,0,21,0,39,0,18,0,0,0,0,0,12,0,8,7,0,9,0,10,69,114,0,2,0,0,0,0,0,0,6,0,0,1032,0,0,0,9,0,0,0,0,1077,0,0,0,0,0,0,3,0,0,0,19,0,0,0,0,125,0,0,0,0,0,0,0,0,0,2,0,0,124,2,0,0,28,0,0,0,0,0,0,37,0,0,0,8,0,54,0,0,0,0,0,0,0,0,304,0,0,0,0,6,0,55,0,2,0,0,0,0,0,3,2,0,17,0,2,0,0,14,0,0,0,0,0,6,0,0,0,38,0,0,0,0,0,0,30,16,2,0,9,0,0,0,0,0,0,0,0,0,0,11,0,0,0,0,2,0,0,0,0,0,0,35,18,202,0,0,105,6,5,0,17,5,0,1859,0,0,27,0,0,0,0,0,0,0,0,0,0,4,0,0,0,0,0,2,0
"Subject_360",0,0,0,0,0,0,0,0,0,0,0,0,0,0,7,0,11,0,0,0,0,0,0,5,0,5016,0,0,4,2,0,0,0,0,0,0,0,0,0,0,0,0,0,0,0,0,0,0,0,0,0,0,0,0,0,0,0,0,0,12,0,0,2,103,0,0,69,0,0,21,0,0,0,0,0,0,0,0,0,32,0,0,0,0,0,0,0,2,0,0,0,5,1,0,0,0,0,0,0,0,0,4,0,0,0,0,0,410,0,26,0,0,0,0,0,2,0,0,76,2,0,0,0,5,0,0,0,0,0,0,0,29,0,0,0,0,6,0,0,2,1,0,0,0,0,0,27,0,0,0,0,0,0,0,0,0,0,0,185,0,0,0,0,0,0,0,0,0,0,0,0,0,17,0,0,0,0,0,28,0,0,0,0,19,0,0,0,0,0,0,0,67,0,0,0,2,0,0,0,0,0,0,0,36,0,9,0,0,0,0,0,0,0,0,0,0,28,29,0,0,0,0,0,0,0,0,0,0,0,0,0,0,0,674,0,0,0,0,0,3,0,0,0,0,12,5,0,0,0,0,0,0,0,0,56,14,5,0,0,0,0,0,0,3,0,0,0,0,0,18,0,0,0,0,0,0,0,0,16,2480,0,2,307,0,0,0,0,0,107,0,0,0,0,0,0,0,0,0,0,0,0
"Subject_361",0,0,0,0,0,0,0,2,0,0,0,0,0,244,17,0,0,0,0,0,2,0,0,0,0,6797,0,0,0,0,0,0,0,37,0,0,6,0,3,0,0,0,0,29,0,351,0,0,0,0,0,0,0,3,2,0,0,0,0,15,0,0,0,0,0,0,0,0,0,0,18,0,2,5,0,0,0,0,0,2,0,0,0,0,0,0,0,0,0,14,0,0,104,0,0,0,0,0,4,0,0,44,0,0,2,0,77,20,0,5,0,0,0,6,0,0,2,2,1,0,0,0,0,5,91,0,0,0,0,0,3,1,0,0,0,0,2,0,0,0,0,0,0,0,0,0,0,4,0,0,7,8,0,0,3,0,0,0,0,51,0,0,0,0,0,0,0,0,0,0,0,0,0,0,0,0,0,0,0,0,0,0,0,0,0,0,0,0,0,0,0,5,0,0,0,0,0,0,0,0,0,0,0,0,0,0,2,0,3,0,0,0,0,0,0,0,37,0,15,0,0,0,0,0,0,2,0,0,33,0,0,0,0,1291,0,0,0,0,0,0,0,6,0,0,0,0,0,0,0,0,369,0,0,0,2,18,0,0,8,12,0,0,0,2,0,0,0,0,0,0,0,0,83,0,0,0,0,2,0,3,0,0,0,0,0,0,0,0,0,0,0,0,0,0,5,0,4,0,0,119,0
"Subject_362",23,0,0,0,0,0,7,0,0,0,0,0,0,0,24,0,2,14,9,0,0,10,0,1,0,83,0,0,1,8,1,0,0,69,0,0,5,60,0,0,1,108,0,0,0,0,0,0,0,0,0,0,16,0,0,0,0,0,0,7,0,0,6,0,0,0,11,0,0,1,3,0,0,0,0,0,2,0,0,33,0,0,7,0,0,4,1,0,0,16,0,10,2741,0,0,78,0,0,50,0,13,214,0,0,15,0,0,1825,0,0,0,0,0,124,0,2,0,0,41,0,0,0,0,3,836,4,0,0,0,0,0,88,0,0,4,0,19,7,0,5,201,0,12,0,0,3,1,0,24,16,5,0,0,49,0,0,0,0,0,158,0,45,0,0,0,18,0,2,0,2,2,0,0,0,7,0,0,0,62,0,0,0,0,0,1,0,0,0,0,0,0,12,0,28,0,0,0,0,0,0,0,0,0,2,0,18,0,94,1,2,0,0,0,0,2,0,67,2,83,0,7,8,0,1,0,2,0,0,26,2,4,0,0,599,0,0,8,4,0,27,0,0,0,0,5,2,0,0,0,0,0,5,0,0,0,36,0,0,3,0,0,0,0,1,0,0,0,0,3,5,0,1,134,0,0,0,0,0,16,1400,0,0,65,0,0,0,0,0,7,4,0,0,0,0,29,0,17,0,0,52,0
"Subject_363",0,0,0,0,0,0,31,0,0,0,0,0,0,0,73,0,0,0,0,0,0,0,0,0,0,4248,0,0,311,0,0,0,0,0,0,0,0,0,0,0,5,0,0,0,0,0,0,0,0,0,0,0,0,0,0,0,0,0,0,0,0,0,0,0,0,0,0,0,0,0,0,0,0,0,1,0,0,0,0,0,0,1,42,0,0,0,0,0,0,0,0,2,4,0,0,2,7,0,0,0,12,0,16,0,0,19,0,859,0,0,0,0,0,0,11,2,1,0,18,0,0,0,0,8,0,0,0,10,0,0,0,0,0,0,0,3,0,0,0,4,38,0,0,0,0,28,0,0,0,0,0,0,0,0,0,0,0,0,0,0,0,63,0,0,0,54,0,5,0,0,0,0,0,0,0,0,0,0,0,0,0,0,0,0,0,0,0,0,0,0,11,0,0,0,0,0,0,0,0,0,0,0,0,0,0,0,0,29,0,0,0,0,0,0,0,0,8,0,0,0,0,15,0,1,0,0,0,0,0,0,0,0,0,2564,116,0,0,88,0,0,0,0,0,0,0,86,0,0,0,0,0,0,0,0,0,0,0,0,0,0,0,0,0,0,0,0,0,0,0,247,0,0,0,0,0,0,0,0,0,883,0,0,0,0,0,0,0,44,9,0,0,0,0,0,0,0,0,21,0,0,0
"Subject_364",0,0,0,0,0,0,0,0,0,0,0,7,0,0,115,0,0,0,0,0,0,0,0,0,0,6932,0,0,0,6,80,0,0,0,0,0,0,0,0,0,0,0,0,0,0,0,0,0,0,0,0,0,0,0,28,0,0,0,0,0,0,0,0,0,0,0,0,0,0,0,0,0,0,0,0,0,0,0,0,0,0,0,0,0,0,0,959,0,0,0,0,0,31,0,0,0,5,0,0,0,0,3,0,0,0,0,0,0,0,0,0,0,0,0,0,0,0,0,91,0,0,0,0,32,83,0,0,0,0,0,0,0,0,0,21,0,42,0,0,0,92,0,0,0,0,0,0,0,0,0,0,0,0,0,0,0,0,0,0,0,0,0,0,0,0,0,0,0,0,8,0,0,0,0,0,0,0,0,0,0,0,0,0,0,0,0,0,0,0,0,0,0,10,0,0,0,0,0,0,0,0,0,0,0,0,0,0,0,0,0,0,0,0,0,0,0,523,0,0,0,52,0,0,0,0,105,0,0,0,0,0,0,0,0,0,0,0,0,0,0,0,0,0,0,0,0,0,0,0,0,0,0,0,0,0,0,0,0,0,0,0,0,0,0,0,0,2,0,0,427,0,0,212,0,0,0,0,0,0,0,0,0,0,0,0,0,0,0,0,0,0,0,0,0,132,0,0,0,0,0,0
"Subject_365",0,7,6,0,0,2,0,0,0,0,0,0,0,0,5,0,0,0,0,2,0,0,0,8,0,3,0,0,3,4,0,0,0,0,0,0,1057,501,0,0,0,0,0,0,0,85,0,15,0,0,0,0,0,0,0,1,0,0,0,0,4,0,0,0,0,0,6,0,0,0,0,0,0,0,0,0,0,0,0,37,0,0,44,0,0,3,50,0,0,195,0,2,0,0,0,157,0,0,0,0,0,29,0,0,0,0,0,32,0,0,0,0,0,426,0,0,0,0,4,0,0,0,0,23,146,0,0,0,6,0,0,36,0,0,0,0,1,0,0,0,1,9,0,0,0,0,12,0,2,0,13,0,0,4,0,0,0,1,0,0,0,0,0,0,0,0,4,0,0,0,3,0,0,0,0,0,5,0,218,2,0,0,32,0,24,0,0,0,0,0,2,156,4,0,0,0,0,0,0,3,0,0,0,4,0,1,0,0,0,5,1,0,0,20,0,0,86,0,136,0,0,102,0,0,0,0,0,0,594,0,0,0,0,258,0,0,7,0,0,0,106,0,0,0,3,18,0,0,0,0,0,6,111,1,17,5,4,0,0,0,0,0,0,5,5,0,0,0,0,0,0,114,174,0,0,0,0,0,0,3904,6,2,726,0,0,0,0,0,0,0,0,0,0,0,0,0,2,0,0,186,0
"Subject_366",0,0,5,0,0,5,0,37,0,0,36,0,0,0,21,0,0,0,0,0,0,15,0,10,0,1756,0,0,20,2,1018,0,0,0,0,0,29,0,0,0,0,0,0,0,0,0,0,0,0,0,0,0,6,0,0,14,0,0,0,204,8,0,0,0,0,0,0,0,0,0,0,1,23,0,0,0,0,0,0,0,0,0,0,0,0,5,0,0,0,51,0,15,0,0,0,0,0,0,218,0,30,31,20,0,0,0,0,1042,0,0,0,0,0,652,0,5,0,0,0,0,34,0,0,19,373,0,0,0,0,0,13,8,0,0,29,0,8,6,0,0,5,0,0,0,0,0,0,0,2,0,14,0,5,74,0,0,66,0,0,0,0,77,0,0,0,66,10,0,0,2,9,0,0,0,35,0,0,0,0,10,0,0,0,0,8,0,0,0,0,0,0,55,4,12,0,0,0,2,0,0,0,0,0,0,0,346,5,215,0,35,0,0,0,0,6,0,0,0,0,0,0,0,0,0,0,0,0,0,12,0,0,0,0,620,422,0,58,0,0,5,60,0,0,0,0,0,0,0,0,0,0,0,0,0,10,8,4,0,7,16,5,0,0,16,6,0,0,0,14,460,2,0,676,4,0,0,0,0,0,420,0,0,245,0,0,0,0,0,0,12,0,0,0,0,0,0,31,0,0,54,0
"Subject_367",11,15,0,0,0,0,2,4,0,0,0,0,26,0,98,0,0,0,0,0,0,0,0,19,0,1493,0,0,21,19,18,0,0,0,0,0,0,0,0,9,0,96,0,0,0,0,0,0,0,2,0,0,11,0,0,0,0,17,0,0,0,0,7,0,0,0,118,0,0,0,0,0,0,0,0,0,0,0,0,0,0,0,66,0,0,8,182,0,0,23,0,29,516,0,0,236,0,0,0,0,0,0,0,0,0,0,0,0,0,0,0,0,0,37,0,0,0,0,37,94,0,0,0,16,14,0,0,0,0,0,0,35,0,0,0,14,695,0,0,24,67,0,0,0,0,0,0,0,15,54,1,0,0,0,0,0,0,0,0,0,0,0,0,0,0,26,0,5,0,0,0,0,1,0,0,0,0,0,0,0,0,0,0,0,0,0,0,3,0,0,0,41,3,0,0,15,0,0,0,0,0,0,0,0,0,0,5,0,2,3,0,0,0,0,0,0,0,0,0,0,0,0,0,0,0,0,28,0,0,0,0,0,0,0,0,0,0,0,0,0,0,356,0,0,0,0,2,0,0,0,0,0,0,0,0,18,7,0,0,0,0,0,0,0,0,0,0,0,0,4505,0,0,155,0,2,0,0,0,0,244,0,0,0,0,20,0,0,2,0,0,0,2,0,0,51,0,363,0,0,0,0
"Subject_368",0,0,0,0,0,0,3,35,0,0,7,0,8,0,4,0,0,0,9,0,0,13,0,0,24,191,0,0,11,33,457,0,0,89,0,0,21,162,32,9,2,275,0,0,0,251,0,0,0,0,0,0,41,0,0,0,0,1,0,0,0,0,0,0,5,0,10,0,0,15,33,6,0,143,0,0,12,0,0,57,0,0,186,0,78,0,0,0,0,30,5,0,0,0,0,0,0,0,38,0,0,0,0,0,28,0,0,38,168,34,0,0,0,394,0,0,0,2,150,0,0,0,0,19,62,48,0,0,0,0,0,8,0,17,25,0,86,0,0,9,6,0,0,0,0,0,12,0,34,0,6,11,0,100,0,0,0,0,10,86,0,0,0,439,0,0,0,0,0,0,0,0,1,0,0,0,0,74,12,26,0,0,0,0,16,0,0,0,0,0,0,277,2,0,0,0,0,5,0,0,0,0,0,0,2,33,0,0,5,17,0,0,0,0,22,0,98,0,100,0,0,0,0,0,0,0,0,0,112,0,160,0,0,654,0,0,0,0,0,53,0,0,0,0,0,0,0,2,4,0,0,2,7,0,47,88,2,0,0,0,9,0,0,23,2,0,0,0,16,21,0,0,42,0,0,0,0,0,3,3483,0,0,215,0,0,0,0,0,11,66,0,0,0,0,8,0,175,0,0,19,0
"Subject_369",0,0,0,0,0,0,0,0,0,0,0,0,0,0,2,0,0,0,0,0,0,24,0,100,0,220,0,0,113,39,0,0,0,0,0,0,73,0,0,0,0,1,0,0,0,0,0,0,0,0,0,0,0,2,0,0,0,0,8,365,0,0,0,0,0,0,23,0,4,0,0,0,0,0,0,3,0,0,0,76,0,38,0,0,0,2,16,1,1,0,0,113,0,0,0,35,0,0,0,0,11,0,0,0,0,0,0,2,0,0,0,0,0,4,52,4,0,0,58,0,0,0,2,8,5,0,0,0,0,0,0,0,0,0,0,48,8,0,0,0,2,0,0,0,230,767,0,0,0,6,21,0,0,58,5,4,0,0,0,0,0,48,0,0,0,26,0,0,0,0,0,0,0,0,25,0,0,0,48,0,0,0,0,0,0,0,0,86,0,0,8,106,9,25,0,0,0,0,0,0,0,0,0,0,0,252,32,17,0,0,0,0,0,0,0,0,0,0,80,0,0,47,0,0,0,0,0,0,2,4,98,0,0,3298,0,0,27,0,0,20,76,0,0,0,93,0,0,0,0,0,0,0,0,0,0,11,7,0,0,0,0,0,0,0,0,0,0,0,0,5,0,0,27,0,0,0,0,0,0,2550,0,0,0,0,0,53,0,0,173,0,0,0,10,0,0,13,0,0,0,167,0
"Subject_370",0,0,0,3,0,0,4,0,0,0,0,0,0,0,0,0,0,0,8,36,0,0,0,44,21,1047,0,0,17,37,124,18,0,0,0,0,62,10,0,7,2,231,1,0,0,3,0,0,0,0,0,27,20,0,0,0,0,0,0,2,0,2,5,0,5,0,10,0,0,66,0,0,0,0,0,0,5,0,0,4,0,0,597,0,37,0,0,0,0,0,0,2,0,0,0,0,0,0,0,0,10,3,17,0,0,0,0,2104,5,0,5,0,0,0,0,0,0,0,140,0,0,0,0,0,15,0,0,0,0,0,11,441,0,16,0,0,0,0,2,23,8,0,0,0,0,0,40,0,27,0,0,8,3,94,0,0,0,0,0,111,0,0,0,0,0,0,0,0,0,0,2,0,0,0,0,0,0,6,104,16,0,0,0,0,15,0,0,0,0,3,0,17,2,0,0,0,0,0,0,88,0,0,0,0,2,4,3,0,2,1,0,0,0,0,0,0,256,0,0,0,69,11,0,0,0,0,0,0,0,0,48,0,0,82,0,0,0,0,0,0,0,0,0,0,7,0,0,0,2,0,0,0,0,0,0,0,3,0,0,0,0,0,0,0,0,0,0,81,16,237,25,0,175,0,0,0,0,0,29,3027,0,0,40,0,0,0,0,0,4,0,0,0,0,2,71,0,0,0,0,12,0
"Subject_371",0,0,0,4,0,0,2,0,194,0,0,0,2,381,144,0,0,0,0,3,42,122,0,0,0,918,0,0,27,3,0,0,0,34,0,0,34,93,0,0,2,0,0,156,0,71,0,0,0,0,0,0,0,0,0,0,0,0,0,0,2,0,0,0,0,0,69,0,0,0,0,0,0,0,1063,0,0,0,0,0,0,0,49,0,0,8,0,0,0,22,0,3,11,0,0,157,0,0,40,0,0,0,0,0,0,229,0,0,0,0,0,0,0,41,0,2,0,2,16,0,5,0,8,10,34,0,0,0,0,0,70,287,100,0,0,0,905,3,0,0,8,0,0,0,0,0,23,0,0,17,4,33,0,0,2,0,0,0,0,128,0,0,0,283,2,27,0,117,0,0,0,0,0,0,0,0,0,54,61,0,0,0,0,0,2,0,0,0,0,0,9,19,0,0,0,0,0,0,0,8,0,0,0,1,0,3,0,0,4,0,0,0,0,0,2,0,0,10,0,0,0,0,0,0,0,0,0,0,36,0,131,0,0,0,0,0,0,0,0,3,0,0,150,0,3,0,0,0,0,0,163,0,0,0,6,4,9,0,2,18,2,0,0,5,0,0,0,0,0,0,0,0,93,0,3,0,1,0,13,2333,0,0,324,0,0,0,0,0,51,35,0,0,0,0,155,0,18,179,0,25,59
"Subject_372",96,2,0,11,0,0,3,0,0,0,0,0,0,0,0,0,13,0,29,0,0,0,0,5,0,304,0,0,0,119,512,0,0,0,0,0,0,117,16,0,0,350,0,0,0,0,0,4,0,0,0,0,43,15,6,0,0,0,0,0,0,0,0,2,0,0,0,0,0,0,25,0,0,0,0,0,7,0,0,76,0,0,0,0,0,26,0,0,0,139,0,20,0,0,0,0,0,0,0,0,0,46,0,0,0,0,0,907,0,0,0,0,0,0,0,0,0,2,95,4,0,0,0,11,0,0,0,0,0,0,0,82,0,0,34,194,3,6,0,18,8,0,0,0,0,0,0,0,72,0,12,0,0,0,0,0,0,0,0,90,0,0,0,0,0,0,7,0,6,6,3,0,245,0,0,0,0,308,0,0,0,0,0,50,0,0,0,0,0,0,0,51,0,0,0,0,0,3,0,0,0,0,0,8,790,63,0,0,3,6,0,0,0,0,47,0,136,0,352,0,0,24,0,0,0,0,0,0,0,0,0,0,4,1137,0,0,74,0,0,36,0,0,0,0,20,22,0,0,0,0,0,0,0,2,32,215,0,0,0,0,0,0,0,4,0,0,0,0,0,118,0,0,153,0,0,0,0,0,87,1215,0,2,663,0,0,0,0,0,19,0,0,0,0,0,122,0,6,0,0,443,0
"Subject_373",3,0,0,0,6,0,0,0,0,0,0,0,0,0,46,0,0,0,0,0,0,0,0,19,0,2,11,15,18,16,3,0,0,49,0,0,10,0,0,10,0,221,0,0,0,116,0,0,0,0,0,0,26,0,0,0,8,4,0,10,0,0,0,0,0,0,19,0,0,0,0,0,0,0,0,394,0,0,0,146,0,1,0,0,0,4,0,0,0,0,0,37,188,0,0,0,6,0,0,0,0,0,0,0,0,0,0,1791,15,315,0,0,0,42,20,52,0,0,160,0,0,0,0,10,46,0,0,0,0,0,0,132,0,26,20,0,55,0,2,32,20,0,0,0,0,6,0,0,13,25,6,6,0,30,0,0,0,0,0,0,0,24,0,0,0,32,0,0,0,0,12,2,0,0,27,0,0,0,0,0,0,0,0,0,10,0,0,0,0,0,20,110,3,0,0,0,0,0,13,0,0,0,0,0,0,7,8,61,2,23,0,0,0,0,24,0,0,0,254,0,0,42,0,0,0,0,0,0,0,0,0,0,0,709,94,0,18,0,0,4,114,0,0,0,14,2,1,0,0,0,0,0,0,0,111,13,9,0,0,0,0,0,0,4,2,0,0,0,0,15,0,0,176,0,0,0,0,0,0,3659,0,0,75,0,0,0,0,5,0,0,0,0,0,0,0,0,0,0,0,90,0
"Subject_374",3,2,0,0,0,0,0,0,0,0,0,0,0,0,15,0,18,0,7,6,0,6,0,2,0,2507,0,2,0,113,333,0,0,208,0,0,11,0,1,6,0,50,0,0,0,0,0,0,0,0,4,0,27,0,121,0,2,0,0,0,0,0,0,0,0,0,56,0,0,0,0,0,0,0,0,203,3,0,0,0,0,0,5,0,0,0,0,0,0,30,0,5,17,0,0,10,0,0,0,6,0,0,0,0,0,0,0,452,5,0,0,0,0,0,0,0,0,0,78,0,0,0,0,19,307,0,0,0,0,0,0,0,0,0,0,0,16,0,0,0,5,0,0,0,0,0,0,0,29,0,0,0,3,0,0,0,0,0,0,0,0,0,0,0,0,0,0,0,0,20,0,0,0,0,0,0,0,34,0,0,0,0,0,0,0,0,0,0,0,0,0,0,0,0,0,0,0,0,0,0,0,0,0,0,0,0,0,0,0,1,0,0,0,0,0,0,0,0,10,0,0,0,0,0,0,0,0,1,0,0,0,0,0,0,0,0,0,0,0,0,0,0,0,0,0,0,0,0,0,0,0,0,0,0,0,0,0,0,0,0,0,0,0,0,0,0,0,0,0,100,0,0,1905,0,0,0,0,0,0,3129,0,4,79,0,0,0,0,0,14,0,0,0,0,0,7,0,3,0,0,0,0
"Subject_375",0,0,0,0,0,0,2,0,2,0,0,0,0,0,29,0,31,0,3,0,52,20,0,5,0,0,0,0,2,16,281,0,0,23,0,0,33,2,2,0,0,0,0,0,0,158,0,5,0,0,0,0,0,0,0,0,0,0,0,0,0,68,2,0,0,0,188,0,35,0,0,4,0,0,0,0,0,0,0,673,0,0,415,0,0,2,0,40,0,3,1,4,199,0,0,0,0,0,25,0,0,0,0,0,24,0,0,2587,0,0,0,0,0,0,0,0,0,0,137,0,0,0,40,5,342,0,36,0,0,0,0,115,0,5,0,56,20,0,0,0,147,0,0,0,0,0,6,0,0,15,12,0,0,0,0,0,58,0,0,38,0,0,0,0,0,0,0,0,10,0,0,0,2,0,0,0,0,109,193,0,0,10,0,0,0,2,0,0,0,0,9,0,2,28,0,0,0,0,0,229,0,0,0,0,2,13,0,0,2,1,0,0,0,0,3,0,102,0,578,0,0,0,0,0,23,0,0,0,0,0,0,0,0,292,0,0,0,0,0,0,0,0,3,0,98,0,0,0,0,0,0,2,19,0,112,0,10,0,0,50,0,0,0,0,2,0,0,0,0,21,0,0,164,5,0,0,0,10,6,1510,0,0,57,1,2,0,0,0,90,0,0,0,0,0,100,0,157,0,0,3,0
"Subject_376",0,0,0,0,0,0,3,9,0,3,0,0,2,17,15,0,0,0,3,0,0,0,0,0,0,0,0,0,0,8,7,0,0,354,0,0,15,5,3,0,0,5,0,0,2,8,0,0,0,0,0,0,0,0,38,0,0,0,0,0,0,30,0,0,0,0,266,0,10,0,34,0,0,20,0,0,0,0,0,0,0,0,0,0,0,0,0,0,0,45,0,0,614,173,0,0,0,0,107,0,0,0,0,0,9,0,0,4596,0,0,0,0,0,585,0,0,0,0,42,0,0,0,0,8,85,0,0,0,0,14,20,4,0,0,0,14,0,0,0,0,0,0,0,0,0,0,0,0,0,0,0,0,0,0,0,0,0,0,429,62,0,0,2,0,0,0,0,0,0,0,0,0,5,0,0,0,0,0,281,0,0,25,0,0,0,0,0,0,0,0,0,0,0,0,112,0,0,0,0,0,0,13,0,26,0,0,0,0,0,0,11,0,0,0,22,0,0,0,0,0,41,0,0,0,0,19,0,0,162,3,0,0,0,0,0,0,0,0,0,0,0,0,1106,0,0,0,0,0,5,5,0,0,0,0,0,0,0,0,0,23,0,0,3,0,0,0,0,0,0,0,0,0,31,0,0,0,0,0,3,0,0,0,15,0,0,0,2,0,0,0,0,0,23,0,322,0,42,0,0,41,0
"Subject_377",0,0,0,0,0,0,3,1,0,0,0,0,0,78,41,0,0,0,0,0,1,4,2,2,2,5469,0,0,14,9,2,0,0,166,0,0,10,8,12,0,0,0,0,17,0,74,0,0,0,0,0,0,0,0,0,0,0,7,0,12,3,1,0,0,0,0,25,0,0,0,0,0,0,2,0,0,0,0,0,1,0,0,0,0,2,0,15,0,0,25,0,87,64,1,0,0,0,0,31,0,23,0,0,0,0,0,2,69,0,0,0,0,0,106,0,0,0,1,4,0,0,0,0,71,83,53,0,0,0,0,0,2,0,0,0,0,101,0,0,0,2,0,0,0,0,31,0,0,0,0,2,2,0,16,0,0,0,0,7,27,0,13,0,2,0,38,0,0,0,0,2,2,8,0,0,0,0,2,36,0,0,0,0,0,0,0,0,0,0,0,0,54,1,0,0,0,0,0,0,0,0,0,0,0,0,3,0,59,0,2,0,0,0,0,2,0,70,0,0,0,0,0,0,0,0,0,0,0,0,4,10,0,0,462,0,0,0,0,0,0,78,59,0,0,0,0,0,0,0,0,1,1,0,0,1,0,2,0,1,4,0,0,0,1,0,0,0,0,0,453,2,0,1007,0,0,0,2,0,2,643,0,0,108,0,0,0,0,0,4,9,0,0,0,0,9,0,38,0,0,20,0
"Subject_378",10,0,0,0,0,0,3,13,0,0,5,0,0,264,834,0,0,10,33,0,77,6,0,26,0,1,0,0,9,47,51,0,7,290,0,0,37,134,2,0,0,155,0,60,0,256,80,5,0,0,24,0,24,17,121,2,0,0,0,0,5,0,0,0,0,0,5,0,4,0,24,0,0,0,0,0,9,0,0,46,0,4,6,0,11,2,3,0,0,115,0,6,110,0,0,14,0,0,28,0,18,6,0,0,4,0,3,297,0,0,0,23,0,218,0,9,0,2,269,3,0,0,0,7,50,0,0,0,0,106,29,16,0,27,18,4,13,3,43,0,3,0,0,0,0,0,2,2,12,0,10,0,2,0,0,0,0,17,0,16,0,24,0,1,0,0,0,0,5,0,3,0,0,2,0,0,4,2,105,2,0,0,0,0,7,0,0,0,0,0,0,238,4,0,0,0,3,0,10,116,0,0,0,4,0,30,23,0,2,136,0,0,0,0,3,0,10,14,419,0,87,3,0,0,0,0,0,0,36,2,21,0,0,49,0,0,7,0,0,10,0,0,50,0,7,0,0,0,0,0,0,2,6,0,7,7,2,6,6,0,1,0,0,3,4,0,0,0,237,20,6,13,245,0,24,0,0,0,2,2800,0,0,637,0,0,0,61,0,2,44,0,0,0,3,8,0,136,0,0,60,0
"Subject_379",0,0,0,0,0,0,75,15,0,0,0,0,0,13,39,0,0,0,0,0,8,44,0,38,2,2205,0,0,60,0,128,1,0,39,0,0,5,128,0,0,0,1,0,34,0,211,0,1,0,0,2,0,0,0,4,0,0,0,0,29,0,1,0,0,0,3,288,0,0,0,11,0,5,2,0,0,0,0,0,20,0,1,2,0,4,2,0,403,0,119,0,0,0,6,0,0,0,0,30,0,14,0,0,0,1,0,2,705,0,10,0,0,0,98,19,0,11,0,199,0,0,0,0,53,373,0,0,0,0,0,1,2,0,0,0,0,12,0,0,0,69,0,0,0,0,0,14,0,0,12,17,2,0,54,2,0,0,0,6,5,0,15,0,2,0,19,0,0,0,0,5,15,0,0,17,0,0,3,249,0,7,0,0,0,0,0,0,0,0,0,0,134,0,19,21,0,18,1,16,0,52,0,0,0,0,210,0,15,0,0,0,0,0,0,0,1,46,3,159,1,0,30,0,0,0,0,0,0,2,1,11,4,0,867,0,23,13,0,0,0,32,2,87,0,0,28,0,0,1,0,1,1,3,0,2,169,9,0,6,4,2,9,23,1,0,0,0,16,21,144,0,2,379,0,0,0,6,2,8,596,0,0,273,0,0,1,0,0,4,14,0,0,0,0,5,1,0,12,0,500,0
"Subject_380",22,0,0,0,0,0,0,0,0,0,0,0,0,0,14,14,0,0,9,2,0,32,0,0,0,3506,0,10,5,0,0,196,0,70,0,0,0,260,0,12,0,0,1,0,0,103,0,0,0,0,0,0,0,0,3,0,0,0,0,0,0,0,0,0,0,0,116,0,0,0,0,0,0,0,0,0,0,0,0,0,0,0,64,0,0,0,0,0,0,26,0,3,5,0,0,0,0,0,29,0,0,4,0,0,0,43,2,1768,2,0,0,3,0,165,18,0,0,0,56,0,0,0,0,3,286,0,0,0,0,0,16,84,0,0,0,0,9,0,0,0,110,7,0,0,0,448,45,0,8,0,0,0,0,31,0,0,26,0,0,0,0,8,0,0,0,22,0,0,0,0,0,0,2,0,0,0,0,32,0,0,0,0,0,0,23,0,0,0,0,8,0,41,2,0,0,0,0,0,7,0,100,0,1,2,0,0,0,13,0,2,0,0,0,0,0,0,24,0,244,0,20,0,0,0,0,0,0,0,0,0,124,0,0,329,92,0,0,0,0,0,68,35,0,0,0,0,0,0,0,0,0,5,0,0,0,109,0,0,0,37,0,0,0,5,0,0,0,0,0,2,82,60,50,0,0,0,0,0,0,188,0,1,360,0,0,0,0,0,0,14,0,0,0,0,2,0,21,0,0,225,0
"Subject_381",30,0,0,10,0,0,3,0,0,0,0,0,5,0,670,0,0,0,4,0,0,21,0,0,0,527,0,0,450,0,142,0,0,76,0,0,96,5,0,0,0,116,0,22,4,10,0,0,0,0,0,0,0,0,0,0,0,0,0,5,0,7,6,0,0,7,5,0,6,2,9,0,0,11,0,0,5,0,0,2,0,2,7,0,34,3,0,0,0,74,0,25,1693,0,0,0,0,0,13,0,0,0,0,0,2,0,0,1,0,0,0,0,0,141,0,2,0,0,36,2,0,0,2,41,431,0,1,0,0,0,0,60,0,24,0,3,3150,0,0,4,5,0,0,0,0,0,2,0,11,0,0,0,0,14,2,0,0,0,0,7,0,0,0,1,0,0,5,0,0,0,0,0,0,2,0,0,0,4,57,0,0,0,0,0,2,0,0,0,0,0,2,43,2,0,0,0,0,0,0,0,0,0,0,1,0,17,0,0,0,0,0,0,0,0,0,2,29,0,176,5,0,0,0,0,0,0,0,0,21,3,52,0,0,101,0,0,0,0,0,3,0,0,0,0,3,0,0,0,0,0,192,0,0,0,5,2,5,0,0,0,2,0,0,0,0,0,0,0,0,7,0,0,107,0,11,0,0,0,0,802,0,0,57,0,0,0,0,0,14,0,0,0,0,0,131,0,6,0,0,88,0
"Subject_382",0,0,0,0,0,0,0,45,2,0,0,0,0,9,0,0,0,0,0,96,33,45,0,0,0,1355,3,0,104,0,200,0,0,37,0,0,25,9,2,0,0,0,0,78,0,32,0,0,0,0,0,0,0,0,51,0,0,0,0,50,0,82,0,0,258,0,69,0,0,249,0,0,0,18,0,0,0,0,0,77,19,0,0,0,98,0,0,0,0,31,1,0,0,0,0,0,0,0,16,0,0,0,0,0,3,27,13,235,0,0,0,20,0,292,0,0,0,0,119,6,0,0,0,5,410,0,2,0,6,0,116,194,0,0,0,0,648,0,0,0,3,0,0,0,0,0,23,4,0,18,10,15,0,0,3,0,0,0,220,22,0,0,0,243,0,0,0,0,0,0,0,0,1,0,0,0,0,11,173,6,0,0,0,0,0,0,0,0,0,0,0,61,2,0,0,0,0,2,0,0,0,0,0,0,0,16,0,0,0,0,0,0,34,0,31,0,121,26,0,7,0,74,0,0,0,0,134,0,35,0,57,0,0,1040,0,0,0,0,0,0,0,0,0,14,0,0,0,2,0,0,45,0,11,0,6,0,0,0,0,0,0,31,0,0,0,0,0,63,0,0,0,24,336,0,0,0,0,0,8,485,0,704,230,0,0,0,0,0,17,98,0,0,0,0,51,0,101,78,5,95,22
"Subject_383",0,0,0,2,0,0,2,0,0,0,0,0,8,0,76,0,0,0,0,0,0,0,0,46,0,1053,0,4,50,15,0,0,0,11,0,16,31,70,0,8,0,84,0,0,2,132,0,0,14,0,4,0,0,0,0,0,0,2,0,0,0,0,158,0,0,0,145,3,0,392,0,0,0,0,0,3,0,0,0,0,0,0,0,0,66,2,216,0,0,100,0,16,233,0,0,0,0,0,0,0,19,5,0,0,0,0,0,2958,8,0,0,0,0,469,0,18,0,0,81,0,0,0,3,11,66,0,0,0,0,0,0,0,0,44,0,0,290,0,2,0,1,10,0,0,0,0,0,0,0,30,10,1,0,0,2,0,0,23,0,3,0,0,0,0,0,0,0,0,0,0,0,0,1,0,0,0,0,18,0,0,0,0,0,0,0,0,0,0,0,0,0,55,2,0,0,3,0,0,0,0,0,0,0,0,0,8,0,0,0,15,0,0,0,0,0,0,81,0,1,0,0,0,0,0,0,2,0,0,0,0,0,0,0,143,0,0,0,0,3,0,0,0,0,0,0,0,0,0,0,0,0,4,0,0,0,4,2,0,0,0,4,0,0,2,0,0,0,0,0,112,20,0,67,0,12,0,0,0,0,2231,0,0,93,0,0,0,0,0,0,0,0,0,0,0,0,0,29,0,2,43,34
"Subject_384",0,1,2,1,0,1,1,0,0,0,0,0,0,0,579,2,2,0,0,0,0,5,0,67,0,1557,0,0,60,104,152,0,0,143,0,0,0,0,0,0,0,0,0,0,0,351,0,0,0,1,0,0,0,0,0,0,0,0,0,14,2,0,0,0,0,0,24,0,0,0,0,0,0,0,0,0,0,0,0,0,0,0,8,0,0,9,2,0,0,157,0,41,11,0,0,120,0,0,106,0,9,0,0,0,0,18,0,1051,0,0,0,0,0,538,12,4,0,0,31,0,0,0,0,6,380,0,0,0,0,0,137,0,0,0,0,2,65,0,0,0,11,0,0,0,0,0,0,0,0,0,8,0,6,3,1,0,21,0,0,37,0,14,0,0,79,30,0,0,0,0,14,0,0,0,30,0,0,0,0,2,0,0,0,0,8,0,0,0,0,0,0,164,0,8,0,0,0,0,10,0,0,0,0,2,0,6,1,212,0,25,0,0,0,0,0,0,54,0,101,0,0,0,0,0,0,0,0,2,0,0,3,0,0,722,0,0,12,0,0,4,50,0,0,0,4,0,0,0,0,0,0,0,0,0,0,81,20,0,13,0,3,0,0,10,0,0,0,0,0,22,4,54,341,0,0,0,0,0,0,1517,0,0,330,0,0,0,0,0,0,36,0,0,0,0,110,0,26,0,0,13,0
"Subject_385",0,0,0,0,0,2,56,37,0,0,0,0,27,0,0,0,0,0,0,0,5,75,0,12,0,1046,0,0,37,0,0,0,0,144,0,0,70,232,0,0,0,0,0,0,0,65,0,0,0,0,0,0,0,0,0,0,0,0,0,1293,0,50,8,0,0,0,823,0,5,0,168,0,0,0,0,0,0,0,0,841,9,0,19,0,277,0,0,0,0,25,0,0,8,0,0,6,0,0,0,0,0,84,0,0,0,0,0,1192,0,0,0,0,0,58,27,0,0,0,297,28,0,0,0,17,115,0,0,0,0,0,0,26,0,0,0,0,52,0,0,0,32,0,0,0,0,0,0,0,0,0,5,0,0,17,0,0,0,0,0,28,0,0,0,0,0,0,31,0,0,0,0,0,0,0,0,0,0,63,0,0,0,0,0,0,0,0,0,0,0,0,0,102,3,11,0,0,0,0,0,0,0,0,0,0,0,0,0,0,0,0,0,0,0,0,33,0,0,0,23,0,0,0,0,0,0,0,0,0,0,0,2,0,0,146,0,0,0,0,0,0,0,0,0,0,0,0,0,0,0,0,27,0,0,0,0,0,209,0,0,0,0,0,4,0,68,0,0,0,0,0,0,0,0,0,0,0,0,0,0,5,0,0,1823,0,0,0,0,0,0,0,0,0,0,0,0,0,37,0,0,96,0
"Subject_386",0,0,0,3,0,0,0,23,0,0,0,2,1,265,45,0,0,0,0,0,74,0,0,4,0,1118,0,0,48,3,0,0,0,0,0,0,9,29,22,0,0,0,0,115,0,125,104,0,16,0,2,0,0,0,14,0,0,0,0,15,1,156,2,4,0,0,0,0,0,0,14,0,0,99,0,0,0,0,0,0,0,0,222,0,178,0,1,0,0,0,0,12,223,0,0,0,0,0,0,0,0,0,0,0,19,0,69,2,0,0,0,0,7,919,0,0,0,1,25,0,0,0,0,375,0,0,0,0,0,0,6,98,0,0,0,0,334,0,0,0,1,0,0,0,0,0,0,2,0,0,5,0,0,4,2,0,0,0,0,141,0,0,0,0,0,0,0,0,0,0,0,0,0,0,0,0,3,0,0,2,0,0,0,0,0,0,0,0,0,0,0,0,3,0,0,0,0,2,0,0,0,0,0,0,0,1,2,0,2,3,0,0,0,0,0,1,56,12,7,0,1,33,0,0,13,0,39,0,116,0,147,3,0,180,0,18,0,0,3,0,0,0,0,0,0,0,0,0,0,0,0,4,0,0,6,2,0,0,0,0,2,0,0,0,0,0,0,0,0,2,3,0,217,0,0,0,0,0,0,3475,0,0,311,0,0,2,2,16,0,0,0,0,0,0,269,54,1,0,0,33,0
"Subject_387",0,0,0,0,0,0,0,0,0,0,0,0,0,0,12,0,2,0,0,0,0,9,0,0,0,336,0,0,3,0,498,0,0,0,0,0,62,0,0,0,0,0,0,0,0,0,0,1,0,0,0,0,0,0,0,0,0,0,0,107,0,0,6,1,0,4,6,0,0,0,23,0,0,0,0,0,0,0,0,71,0,1,0,0,0,2,0,0,0,0,0,30,98,0,0,66,0,0,0,0,25,27,2,0,1,0,0,126,0,0,0,0,0,0,0,0,0,6,8,0,0,0,0,3,0,0,0,0,0,0,0,8,0,0,0,9,0,0,0,0,0,0,0,0,0,19,5,0,1,0,0,0,0,3,1,0,0,11,0,0,0,15,0,2,0,16,0,0,0,0,1,3,4,0,0,0,0,52,0,0,0,0,0,0,0,0,0,0,0,0,0,6,0,0,0,12,0,0,5,0,0,0,0,2,0,3,0,6,0,14,0,0,0,0,0,0,159,0,0,0,28,43,0,14,0,0,0,0,5,0,0,0,0,37,149,0,18,5,0,0,0,0,0,0,2,13,0,0,0,0,0,0,0,0,4,5,1,0,0,0,0,0,0,0,0,0,2,0,4,6801,0,0,251,0,0,0,0,0,0,382,0,0,268,0,0,0,0,0,5,0,0,0,0,0,23,34,0,0,0,15,0
"Subject_388",0,0,0,0,0,0,2,0,0,0,0,0,0,0,2,0,0,0,0,0,0,0,0,8,0,1992,0,0,7,23,0,0,0,2,0,0,143,0,0,0,0,0,0,0,0,0,0,0,0,0,0,0,0,0,0,0,0,0,0,0,0,0,0,0,0,0,106,0,0,0,0,0,0,0,0,313,0,0,0,0,0,0,0,0,0,0,0,0,0,0,0,0,0,0,0,0,0,2,0,0,0,0,0,0,0,0,0,0,0,0,0,0,1,0,0,0,0,0,0,0,5,0,4,5,0,0,0,0,0,0,0,2455,0,0,0,0,0,0,0,0,2,0,0,0,0,0,0,0,0,7,0,0,0,0,0,0,0,0,0,0,0,0,0,1219,0,0,0,33,0,0,0,19,0,0,0,0,0,0,0,0,0,0,0,0,0,0,0,0,0,0,0,0,0,0,0,0,0,0,0,0,0,0,0,0,0,0,0,0,0,4,0,0,0,0,0,0,0,0,1,0,0,0,0,0,0,0,0,0,101,0,0,0,0,0,0,0,0,0,0,0,0,14,0,0,0,0,0,0,0,0,0,0,0,0,0,0,0,0,0,0,0,0,0,0,0,0,0,0,0,0,0,0,133,233,0,0,0,0,0,3163,0,3,0,0,0,0,0,0,0,0,0,0,0,0,0,0,2,0,0,0,0
"Subject_389",0,0,0,0,0,0,2,0,0,6,0,0,0,0,8,0,0,0,0,0,0,0,0,5,0,140,0,0,177,50,526,0,0,0,0,0,43,232,10,0,0,2,0,0,0,1908,0,0,0,0,0,0,0,2,34,0,2,0,0,0,0,0,0,0,0,0,20,0,0,0,0,0,0,0,0,174,0,0,0,0,0,0,137,0,929,0,0,0,0,35,0,26,2,54,0,0,0,2,0,0,18,0,0,0,0,48,0,95,0,0,0,0,0,298,6,4,0,0,309,5,11,0,0,34,101,0,0,0,0,0,0,0,0,0,0,2,16,5,0,0,2,0,0,0,0,7,0,0,0,0,0,0,0,0,1,0,0,0,0,90,0,28,0,0,0,20,14,0,0,0,0,0,0,1,0,0,3,169,0,0,0,0,0,0,0,0,0,0,0,0,0,280,0,0,0,0,12,0,0,0,0,0,0,4,0,0,0,15,0,31,11,0,0,0,15,0,172,0,2,0,26,72,0,0,0,0,0,0,99,12,330,0,0,80,0,0,13,0,0,0,15,0,0,0,0,0,0,0,0,0,0,0,0,0,0,15,0,0,0,314,0,0,0,0,0,0,0,0,0,2,12,0,65,0,0,0,0,0,0,2478,0,0,0,0,0,0,0,0,0,49,0,0,0,0,43,0,4,0,0,20,0
"Subject_390",0,0,0,102,0,0,1,0,0,0,1,0,0,41,35,0,0,0,11,0,0,31,0,0,0,918,0,65,3,20,4,0,0,0,0,0,0,35,0,0,1,231,0,43,0,0,0,0,0,0,0,0,0,0,0,0,0,0,4,23,0,0,0,0,0,0,20,0,50,0,45,3,0,36,0,0,3,0,0,0,0,13,0,0,42,22,0,0,4,92,9,2,0,0,0,0,0,0,65,0,29,0,0,45,0,0,79,702,113,0,0,0,0,119,26,0,0,0,0,0,17,0,0,5,540,0,0,0,0,0,0,47,4,0,0,1,0,0,0,0,0,0,0,0,11,0,0,0,22,6,0,0,0,17,1,0,0,0,0,106,0,30,0,0,0,0,0,0,0,0,0,0,0,0,0,0,0,0,1,0,0,0,0,0,12,0,14,0,0,0,39,108,0,0,0,0,0,3,0,0,0,0,0,3,145,0,0,0,0,2,0,0,1,0,19,0,23,16,0,0,0,3,0,0,0,0,0,0,75,0,198,0,0,223,0,0,11,0,0,0,24,6,0,0,0,0,0,0,0,0,0,0,0,0,0,0,0,0,0,0,0,0,0,3,0,0,0,0,0,137,0,0,342,0,0,0,0,2,0,3904,0,0,658,0,0,0,0,0,0,0,0,0,0,0,71,8,0,61,0,0,0
"Subject_391",0,0,0,2,0,0,4,0,1,0,0,0,0,105,9,0,0,0,0,0,0,17,0,0,0,1,0,20,0,0,0,0,0,4,0,0,0,67,0,0,0,205,0,28,0,0,0,0,0,0,0,0,0,0,0,0,0,0,0,0,0,30,7,0,0,136,0,0,0,0,0,0,0,0,0,0,0,0,0,48,0,0,0,0,0,88,0,0,0,0,0,47,100,0,0,1,0,0,8,0,30,0,0,0,17,0,0,1964,0,0,0,0,0,0,0,0,0,0,29,0,0,0,0,11,0,0,2254,0,0,0,0,279,0,0,0,3,0,0,0,30,0,0,0,0,0,9,0,0,33,0,0,0,0,0,0,0,0,0,0,51,2,45,3,210,0,31,0,0,0,0,5,0,167,0,0,0,0,0,0,0,0,0,0,0,0,0,0,0,0,0,0,0,0,0,0,0,0,0,13,0,0,0,0,0,0,52,0,19,0,0,0,0,0,0,0,0,78,0,0,2,0,0,0,0,0,0,0,0,0,10,9,0,0,73,0,0,0,0,0,0,59,0,0,0,0,0,0,0,0,44,0,0,5,0,0,0,24,0,0,9,0,0,0,0,0,0,0,0,0,1766,0,3,231,0,0,0,0,9,1,1412,0,0,1,0,0,0,1,0,35,0,0,0,0,0,2,0,0,0,0,38,0
"Subject_392",0,0,0,0,0,0,0,0,0,0,0,0,0,0,8,0,0,0,4,0,0,0,0,0,0,2336,0,0,29,1,0,0,0,0,0,0,0,0,0,0,1,38,0,0,0,0,0,0,0,0,0,0,0,0,0,0,0,0,0,0,0,0,3,0,0,0,0,0,0,0,0,0,0,0,0,0,2,0,0,0,0,0,0,0,0,0,49,0,0,0,0,1,314,0,0,0,0,0,0,0,15,1,0,0,0,0,0,9,56,0,0,0,0,33,6,2,0,0,15,0,0,0,0,9,0,0,0,0,0,0,0,0,0,0,0,11,4441,0,0,12,9,0,0,0,0,0,0,0,15,0,0,0,0,14,1,0,0,0,0,0,0,0,0,0,0,15,0,0,0,0,0,0,0,0,0,0,0,0,0,0,0,0,0,0,0,0,0,0,0,0,0,0,0,0,0,0,0,0,0,0,0,0,0,0,0,1,0,14,0,0,0,0,0,0,0,0,0,0,11,0,0,0,0,0,0,0,0,0,0,0,0,0,0,77,0,0,4,0,0,0,0,0,0,0,0,3,0,0,0,0,0,0,0,0,0,0,9,0,1,0,0,0,0,1,0,0,0,0,0,1119,0,0,213,0,1,0,0,0,0,1056,0,0,27,0,0,0,0,9,0,0,0,0,0,0,0,0,0,0,0,0,0
"Subject_393",0,0,0,0,0,0,0,0,0,0,0,0,0,0,0,0,0,2,0,0,0,48,0,0,0,270,0,0,1010,12,125,38,0,28,0,0,2,44,0,0,0,0,254,0,0,177,0,0,0,0,0,10,0,0,41,0,0,0,0,126,0,0,0,0,0,0,8,0,0,0,3,0,0,0,0,406,0,0,0,12,0,0,3,0,0,0,0,0,0,9,6,570,4,0,0,1,0,1,0,0,23,0,0,3,0,20,0,7,63,0,0,0,0,72,25,0,0,0,34,0,0,0,0,87,13,41,0,0,0,0,13,2,0,0,0,2,202,0,0,0,6,0,2,0,0,654,5,0,0,0,2,0,0,0,0,0,0,0,2,0,0,57,0,1063,0,39,0,0,0,0,8,0,0,0,0,0,0,0,25,0,0,0,0,0,1,0,0,0,0,0,0,99,7,0,0,0,0,3,10,0,0,0,0,13,0,42,0,0,0,201,0,0,0,0,2,0,68,0,21,0,0,0,0,0,0,0,0,0,5,4,15,0,0,469,0,0,10,0,0,0,23,13,0,0,0,0,0,0,2,0,0,0,2,0,0,11,0,0,1,4,0,0,0,9,0,0,0,0,0,932,0,7,1165,0,0,0,0,0,0,1033,0,0,55,0,0,0,0,0,0,42,0,0,0,0,9,0,14,0,0,31,0
"Subject_394",0,0,0,0,0,0,9,0,0,1,0,0,0,2,25,0,0,0,10,0,187,32,0,0,0,2,0,5,0,42,0,0,0,45,0,0,13,0,2,20,0,64,0,29,0,8,0,0,0,0,7,0,19,0,0,0,0,0,0,0,0,0,0,1,0,0,85,0,21,55,38,2,0,23,0,0,0,0,0,11,0,0,28,0,61,1,0,0,0,46,0,0,0,0,0,0,0,0,9,1,0,15,0,0,0,0,0,2998,244,0,0,0,0,355,35,0,5,0,21,0,0,0,0,21,6,0,0,0,0,0,0,535,0,0,0,0,3,3,0,0,3,0,0,0,0,0,0,0,37,0,2,23,0,17,0,0,0,0,0,80,0,70,0,228,0,43,0,0,0,11,0,0,7,0,0,0,0,131,23,0,0,0,0,0,0,0,0,0,0,0,0,200,0,6,0,0,0,0,0,0,0,0,0,0,0,34,0,0,1,0,0,0,8,0,4,0,0,23,5,0,0,48,0,0,0,0,0,0,11,0,10,0,0,85,132,0,33,0,0,0,159,7,0,0,0,0,0,0,0,0,2,0,0,0,49,4,26,0,0,34,0,0,0,1,0,0,0,0,0,8,0,0,151,0,0,0,2,0,0,2947,0,0,0,0,0,0,0,0,1,31,0,0,0,0,141,0,5,0,0,16,0
"Subject_395",0,0,0,7,0,0,2,0,751,0,0,0,1,197,1,0,0,0,8,0,16,0,1,0,0,1646,0,0,2,0,0,155,0,40,0,0,0,190,0,7,1,54,0,7,0,34,0,0,0,0,0,0,0,0,0,0,0,6,0,0,0,9,0,0,2,4,265,1,0,0,4,0,0,7,0,0,0,0,0,0,0,0,0,0,108,4,0,0,0,0,0,8,0,0,0,0,0,0,7,0,0,1,0,0,3,0,50,2683,36,0,0,0,0,186,0,0,0,0,110,8,0,0,0,6,7,0,0,0,0,0,1,157,0,0,0,0,2,0,0,0,7,0,0,0,0,0,0,0,0,0,8,3,0,0,1,1,0,0,0,56,0,42,0,193,0,0,0,0,0,0,0,0,2,0,0,0,0,38,0,0,0,0,0,0,0,0,0,0,3,0,0,62,0,0,0,0,0,0,0,0,106,0,0,0,143,23,0,26,0,2,0,0,0,0,0,0,224,0,0,1,0,6,0,0,0,0,0,0,17,0,20,0,0,171,0,0,0,0,0,0,0,8,0,0,0,0,0,0,0,0,32,0,0,0,0,2,1,0,0,0,0,0,0,0,0,0,0,0,0,12,0,0,25,0,0,0,2,0,3,1692,0,0,71,0,0,0,0,1,120,2,41,0,0,0,2,0,3,0,0,32,0
"Subject_396",0,0,3,0,25,0,63,0,0,2,2,2,0,0,13,0,0,0,2,2,0,167,0,0,0,1,0,0,2,63,1731,0,0,230,3,0,2,91,0,0,0,0,0,45,0,42,0,2,0,0,15,0,0,0,66,2,0,0,0,171,4,0,0,2,0,0,98,0,0,0,27,0,0,0,31,0,0,0,0,517,2,2,280,0,1,0,0,0,0,0,0,1,0,0,0,0,0,0,0,20,7,0,10,12,8,10,4,0,0,0,2,0,0,0,0,0,0,0,81,4,0,0,0,0,0,0,108,0,3,89,0,11,65,3,0,0,0,0,0,0,0,0,0,0,0,0,26,2,3,0,0,22,0,0,0,0,0,0,8,15,0,15,0,3,2,0,0,0,0,6,23,0,0,0,0,0,2,97,349,2,0,0,0,0,10,0,0,0,1,2,10,38,2,0,76,0,0,0,0,404,0,0,0,14,0,43,5,0,0,0,3,0,12,14,3,0,99,19,0,1,19,0,0,0,0,0,0,0,18,13,13,3,0,58,0,0,37,0,0,18,27,0,198,0,0,0,0,2,0,0,0,6,14,2,35,31,196,0,9,2,6,0,0,0,0,0,0,0,6,35,0,18,0,0,0,0,0,0,9,3359,2,0,193,0,0,0,0,0,10,83,0,0,0,0,0,0,0,0,0,120,0
"Subject_397",0,0,0,0,6,0,46,49,0,0,3,0,0,0,0,0,0,0,0,0,26,137,1,4,10,623,2,0,15,2,175,297,0,30,0,0,1,208,0,5,0,55,0,0,0,101,0,5,0,0,2,0,20,0,6,0,0,0,0,426,0,29,0,0,0,2,316,0,13,157,30,0,2,12,0,0,6,0,0,418,0,3,233,0,49,0,0,0,0,12,441,44,5,7,0,0,0,0,16,0,0,0,0,14,36,0,113,382,97,161,0,0,0,388,49,0,3,0,155,0,0,0,0,13,2,0,0,0,10,2,0,19,0,31,4,0,31,0,0,9,19,6,0,0,0,0,0,2,9,0,10,1,0,63,2,0,0,0,127,112,0,0,0,168,0,0,0,0,0,3,35,4,0,0,0,0,0,23,361,0,0,0,4,1,9,0,0,0,0,0,0,42,0,0,0,0,8,0,0,0,0,0,0,146,266,116,0,0,0,8,0,0,11,16,2,2,138,62,1,0,23,71,0,0,0,14,72,0,34,0,0,3,0,340,0,14,12,0,0,0,16,0,0,0,0,41,0,0,0,0,0,0,14,2,7,13,0,0,3,2,23,10,0,0,1,0,0,0,0,10,0,0,9,0,0,0,0,0,4,1612,0,0,198,0,0,0,0,0,44,0,50,0,0,0,1,4,0,0,0,10,0
"Subject_398",0,0,0,2,0,0,0,0,0,0,0,0,0,0,15,0,0,0,0,0,0,0,0,147,0,4,0,0,0,0,652,0,0,32,0,0,8,1460,0,8,0,0,0,114,0,660,0,0,0,0,0,0,0,0,0,0,0,0,0,0,0,0,0,0,0,0,105,0,0,0,0,0,0,0,0,196,0,0,0,532,0,0,0,0,0,0,3,0,0,0,0,0,7,0,0,0,0,0,29,0,0,2,0,0,0,0,0,1334,0,0,0,0,0,0,0,0,0,4,0,0,3,0,0,5,401,0,0,0,0,0,300,0,0,0,0,0,79,0,0,0,56,0,0,0,0,0,0,0,0,0,0,0,0,0,103,0,0,43,0,82,0,0,0,0,0,0,0,4,0,0,0,0,0,0,4,0,0,268,0,0,0,0,0,0,0,0,4,0,0,0,0,0,0,0,0,0,0,0,0,0,0,0,0,0,2648,0,0,0,0,0,0,0,0,0,0,0,0,0,0,0,0,0,0,0,0,0,0,0,104,0,0,0,0,126,0,0,0,0,0,0,0,0,0,0,0,0,0,0,0,0,0,0,0,0,0,0,0,0,0,272,0,0,0,0,0,0,0,0,0,0,0,0,120,0,0,0,0,0,0,0,0,0,0,2,0,0,0,0,0,0,0,0,0,0,65,0,0,0,0,0,0
"Subject_399",0,0,0,0,0,0,0,14,0,0,0,0,0,0,25,0,0,0,11,1,86,12,0,0,0,3835,0,0,13,0,0,232,0,45,0,0,2,47,0,0,0,173,358,54,0,296,0,0,0,0,0,63,0,0,0,0,0,0,0,8,0,14,0,0,0,5,82,0,0,18,7,0,0,31,0,0,0,0,0,3,10,0,0,0,114,0,119,0,0,31,0,0,0,0,0,0,0,0,4,0,12,0,0,0,4,26,185,58,55,34,0,0,0,150,5,0,0,0,76,0,2,0,0,12,0,0,0,0,6,0,0,244,0,0,0,1,0,0,0,10,3,0,0,0,0,0,0,0,0,0,9,3,0,29,0,0,0,0,0,3,0,63,0,2,0,0,0,0,0,0,5,0,0,0,0,0,0,3,44,0,11,18,0,2,0,0,0,0,0,0,0,137,0,15,0,0,0,0,11,0,0,0,0,0,0,28,0,0,0,0,0,45,24,0,2,0,18,4,0,10,2,52,0,0,0,10,0,0,28,0,100,0,0,424,0,0,7,0,0,0,20,0,0,0,0,0,0,0,0,0,45,0,0,0,0,6,0,0,0,25,0,0,0,0,0,0,0,0,0,10,0,5,76,0,0,0,0,4,0,1823,0,0,35,0,0,0,0,0,40,0,0,0,0,0,14,0,0,105,0,88,0
"Subject_400",0,0,0,0,0,0,3,14,0,0,0,0,0,151,84,0,0,0,0,0,23,27,1,19,0,3596,0,0,32,0,0,0,0,158,0,0,10,59,2,0,1,56,0,78,0,159,0,0,0,6,0,0,0,0,0,0,0,0,0,62,0,27,5,0,1,50,61,0,0,11,8,0,6,3,0,0,0,0,0,11,0,0,0,0,2,15,0,0,0,14,0,13,63,0,0,0,0,0,15,0,26,0,5,2,2,0,2,1728,0,0,0,0,0,54,0,0,87,0,18,0,0,0,0,3,277,0,0,0,0,0,0,217,0,5,0,1,96,0,0,0,0,0,0,0,0,440,0,0,8,164,12,0,0,0,0,0,0,0,5,15,0,31,0,0,0,30,0,0,0,10,0,1,7,0,0,0,0,4,47,0,0,0,0,0,0,0,0,0,0,0,0,22,11,0,0,0,0,0,0,0,0,0,0,0,0,150,0,0,0,9,0,0,3,0,2,0,17,2,0,2,2,21,0,0,0,0,0,0,64,0,52,0,0,48,0,17,5,0,0,0,0,33,0,0,0,0,0,0,0,0,104,0,11,0,0,0,0,2,0,0,1,11,0,0,0,0,0,0,0,15,0,2,104,0,0,0,0,0,25,891,0,0,109,0,0,0,0,0,69,3,0,0,0,0,7,0,0,0,0,44,0
"Subject_401",5,0,0,0,0,0,1,5,0,0,0,0,1,1,3,0,0,0,0,0,0,0,0,1,3,2227,0,2,1,17,29,0,0,57,0,0,3,0,1,0,0,80,0,0,0,85,0,0,0,0,0,0,13,0,0,0,0,0,0,33,0,0,0,0,0,0,34,0,1,0,1,0,0,0,0,193,0,0,0,0,0,0,0,0,1,4,0,0,0,0,0,1,1,0,0,1,0,0,0,0,0,0,0,0,1,25,0,1823,0,15,1,0,0,82,13,8,7,0,100,2,0,0,0,3,38,0,0,0,0,0,0,407,0,3,0,25,3,0,0,11,1506,0,0,0,0,0,0,0,7,3,0,0,1,50,0,0,0,0,0,5,0,27,0,0,0,15,0,0,0,0,2,1,0,12,0,0,0,0,32,0,0,0,0,0,0,0,0,0,0,0,0,0,2,2,40,0,3,0,0,0,0,0,0,0,0,128,4,5,0,2,0,0,0,0,1,0,157,0,332,0,0,0,0,0,0,0,0,0,4,1,47,0,0,221,46,0,11,0,0,27,27,26,0,0,0,0,0,1,0,0,0,0,0,0,0,134,34,0,1,0,0,0,0,5,0,0,0,0,0,1,0,0,41,6,0,0,0,0,1,1430,0,0,1,0,1,0,0,0,21,0,0,0,0,0,136,0,59,0,0,7,0
"Subject_402",0,0,0,0,0,0,0,33,0,0,0,0,0,0,0,0,0,0,0,0,0,0,0,17,0,0,0,0,38,12,196,0,0,159,0,0,0,944,0,0,0,0,0,0,0,384,0,0,0,0,0,0,0,0,1,0,2,0,0,265,0,0,0,0,0,0,111,0,0,0,0,0,0,46,0,324,0,0,0,0,0,0,430,0,0,63,0,0,0,154,0,296,0,0,0,0,0,0,0,0,0,0,0,0,0,0,0,0,0,0,0,0,0,0,0,0,0,0,30,0,0,0,0,0,271,0,0,0,0,0,5,37,0,0,0,0,64,0,0,0,0,0,0,0,0,0,84,0,0,0,40,0,0,0,0,0,0,0,0,0,0,0,0,0,0,0,12,0,0,44,7,0,0,0,0,0,0,5,0,13,0,0,0,0,0,0,0,0,0,0,29,151,0,0,0,0,0,0,0,0,0,0,0,0,0,120,0,0,0,40,11,6,0,18,0,7,0,0,0,0,0,0,0,0,0,0,0,0,43,21,0,0,0,0,0,0,35,0,0,0,0,0,0,0,0,0,0,0,0,0,0,0,11,0,0,0,54,0,0,0,0,0,0,0,0,0,0,0,17,256,0,0,316,0,124,0,0,0,0,4512,0,0,0,0,0,34,0,0,53,0,0,0,0,0,31,24,0,0,0,0,0
"Subject_403",0,0,0,0,0,0,17,0,0,0,0,0,0,4,16,0,0,0,0,0,16,198,0,0,0,4,0,0,0,0,0,0,0,0,0,0,0,73,0,0,0,0,0,97,0,0,118,3,0,0,7,0,2,3,72,5,0,0,0,163,0,0,2,5,0,0,123,0,0,0,29,0,0,0,0,0,0,0,0,133,0,4,0,0,38,34,0,0,0,84,0,5,0,0,0,0,0,0,0,0,0,0,3,0,2,0,0,0,0,452,0,9,0,6,0,4,0,0,84,0,0,0,0,5,135,0,0,2,4,0,0,0,0,0,0,0,2,0,0,0,524,0,0,0,0,0,49,0,0,0,0,0,0,0,2,0,0,0,0,191,0,0,0,0,0,0,0,0,21,2,0,0,0,0,0,0,8,0,228,2,0,0,0,0,24,0,0,0,0,0,0,56,10,0,0,0,0,0,0,0,0,0,0,0,0,349,14,0,0,28,0,85,0,0,0,0,91,0,0,0,25,106,0,0,0,2,0,0,5,0,22,0,0,715,0,0,29,0,0,50,0,0,0,1,0,0,0,0,0,0,0,0,0,0,8,29,118,0,21,0,3,0,0,10,0,0,1,0,510,161,0,0,1053,2,2,0,0,0,0,2594,0,0,566,0,0,0,0,3,0,64,0,0,0,0,0,0,7,0,0,247,0
"Subject_404",0,0,0,0,0,0,0,0,0,0,0,0,3,4,50,0,0,0,0,0,0,2,0,0,0,4153,0,0,148,22,437,0,0,42,0,0,88,0,0,0,0,0,0,0,0,18,170,30,0,0,2,0,0,0,0,0,0,0,0,0,0,0,0,0,0,0,228,0,0,0,22,0,0,1,0,0,0,0,0,2,0,0,85,2,2,5,0,951,0,12,0,0,0,0,0,0,2,0,4,0,44,15,0,0,0,27,0,0,0,0,0,0,0,99,0,0,0,0,47,0,0,0,0,5,69,0,58,0,0,39,8,32,0,0,0,117,801,0,0,8,15,0,0,0,0,0,18,0,0,0,2,0,0,0,0,0,0,0,0,35,0,0,0,0,0,0,4,0,0,0,0,0,1,0,0,0,0,0,0,6,0,0,0,0,9,0,0,0,0,0,0,81,0,0,0,0,0,0,0,0,0,0,0,0,0,201,9,0,3,27,0,0,0,18,3,0,0,13,351,0,0,0,0,0,0,0,2,0,29,0,6,3,0,376,26,0,28,0,0,4,0,0,0,38,24,0,0,0,0,0,5,13,0,0,0,231,26,0,3,0,0,0,0,12,0,1,0,0,0,0,0,32,52,0,0,0,0,0,0,12,0,0,286,0,0,0,0,0,17,26,0,0,0,0,0,0,5,0,0,90,0
"Subject_405",0,0,0,1,0,0,73,0,0,0,0,0,4,0,11,0,0,0,0,0,0,0,0,1,0,2033,0,11,3,0,0,0,0,36,10,0,2,0,0,4,1,62,0,7,0,98,0,0,0,1,2,0,16,0,0,0,0,0,0,0,0,7,5,3,0,0,26,0,0,0,0,0,0,0,0,358,0,0,0,119,0,0,54,0,1,2,0,1,0,92,0,1,2,0,0,0,4,0,2,0,6,25,0,2,1,0,44,311,8,0,0,16,0,61,0,0,2,0,30,0,0,0,0,9,11,0,2,0,0,28,1,257,9,0,0,0,2,2,0,7,0,0,0,0,0,0,0,0,0,0,7,0,0,0,0,0,0,0,1,0,0,41,0,0,0,24,3,0,0,0,0,0,3482,0,0,0,0,2,0,0,0,0,0,0,0,0,0,0,30,0,0,36,0,0,0,1,0,0,0,0,0,0,0,0,0,8,0,26,1,0,0,0,0,0,2,0,0,3,35,0,0,42,0,0,0,0,0,0,15,0,61,0,0,289,59,0,0,0,0,3,0,2,0,0,0,0,0,0,2,0,14,0,0,0,0,1,4,0,0,4,0,4,0,0,12,1,0,16,40,12,9,0,52,0,0,0,0,0,0,1603,0,0,40,0,0,0,0,1,1,41,0,0,0,0,0,0,0,0,0,82,0
"Subject_406",0,0,0,0,0,0,1,7,0,0,1,2,0,18,21,0,0,0,0,0,1,36,0,0,0,1167,0,0,44,0,396,1,0,130,0,0,0,96,0,0,0,0,17,11,2,41,0,0,0,0,0,0,0,0,0,0,0,0,0,1,0,1,0,0,0,1,46,0,0,101,4,0,0,0,0,0,0,0,0,5,0,0,0,0,16,1,457,0,0,21,2,3,0,23,0,0,0,0,29,0,16,0,0,2,1,0,0,2038,0,0,1,0,0,31,7,0,2,0,73,0,1,0,0,3,472,0,0,0,0,0,0,19,0,0,0,15,0,0,0,0,33,0,1,0,0,0,16,0,0,0,21,2,0,15,0,0,0,0,0,94,0,42,0,105,0,18,0,0,0,0,1,0,0,0,0,0,0,9,20,0,1,0,0,0,4,0,0,0,0,0,0,30,0,22,0,0,0,0,7,0,0,0,0,2,1131,24,0,0,0,3,0,0,0,0,10,0,15,0,0,2,457,24,0,0,0,12,0,0,3,0,72,0,0,388,0,0,7,0,0,0,38,3,0,0,0,0,0,0,0,1,0,3,2,0,0,188,1,2,17,8,0,0,0,3,0,4,0,0,12,6,0,0,293,0,1,0,2,1,8,858,1,0,414,0,0,0,0,0,1,7,0,0,0,0,88,0,0,0,0,63,0
"Subject_407",15,0,0,0,0,0,0,17,0,0,0,0,0,72,67,0,0,0,15,6,0,9,0,0,0,12,0,9,9,40,0,9,0,44,0,0,471,240,0,17,0,165,0,56,0,0,0,1,0,0,0,0,0,0,90,0,0,0,0,87,0,16,6,0,0,0,169,0,0,17,129,2,0,0,0,0,10,8,0,275,0,11,0,0,199,0,0,0,1,45,0,85,0,0,0,0,0,0,7,0,13,0,0,0,0,0,206,1161,0,30,12,6,0,114,26,1,0,0,87,0,17,0,0,9,0,0,0,0,0,0,0,559,2,0,0,0,253,0,0,24,35,0,17,0,0,0,83,0,15,11,23,0,0,66,1,0,0,0,42,73,0,51,0,163,0,29,0,0,0,0,41,0,0,0,96,0,0,193,446,0,0,0,0,0,5,0,0,0,0,0,10,36,1,31,0,0,0,0,0,0,0,0,0,3,1,62,0,10,0,2,0,0,1,0,2,17,150,29,0,3,132,76,0,0,0,0,0,0,59,0,118,0,0,59,112,0,19,0,0,8,23,55,0,0,0,0,0,0,0,0,0,6,0,0,66,1,4,0,0,0,6,0,1,2,0,0,0,0,0,17,0,24,55,0,0,0,0,0,86,1430,0,0,595,0,21,23,0,0,36,0,0,1,0,0,73,42,24,0,0,124,0
"Subject_408",5,0,0,0,0,0,0,0,0,0,0,0,0,0,2,1,11,1,0,0,0,0,0,0,3,647,0,23,0,22,114,253,0,12,0,0,3,1,0,0,0,0,0,0,2,8,0,5,0,0,1,0,0,0,0,0,0,0,0,127,0,0,0,0,12,0,0,0,0,51,0,0,0,0,0,0,0,0,0,42,0,0,0,0,0,89,0,89,0,36,0,0,0,0,0,0,0,0,0,0,19,2,0,0,0,0,0,2478,0,22,0,0,0,0,0,13,0,0,6,3,10,0,0,0,16,0,0,0,0,0,0,39,73,0,45,2,2,0,2,0,0,0,5,0,0,0,28,0,0,0,7,19,0,65,0,0,0,0,0,0,0,41,0,0,0,0,0,2,0,0,0,2,0,0,1,0,0,0,21,0,0,0,0,33,0,0,1,0,0,0,0,20,1,70,0,0,0,0,18,65,0,2,0,0,221,39,2,30,0,2,0,0,15,0,0,0,0,0,0,0,0,0,0,0,0,0,0,0,0,0,0,0,0,787,79,0,20,33,0,0,0,0,394,0,0,294,0,0,0,0,0,0,21,1,0,0,69,0,0,0,3,0,0,0,0,0,0,166,0,175,0,3,183,495,1,0,0,0,2,2133,0,0,8,3,0,1,0,0,0,6,47,0,0,0,0,0,0,0,0,71,0
"Subject_409",0,0,0,0,0,0,0,0,109,0,0,0,0,162,25,0,0,0,0,2,2,73,0,0,0,3021,0,0,0,3,59,83,0,80,0,0,14,0,0,0,0,0,63,0,0,148,0,0,0,0,2,0,2,0,2,0,0,0,0,0,0,8,0,0,0,0,269,0,0,0,0,0,0,4,0,0,0,0,0,251,13,0,36,0,25,0,0,2,0,22,0,0,43,0,0,0,0,0,29,0,0,14,0,0,2,0,0,2387,0,0,0,1,0,55,0,0,0,0,55,2,0,0,0,0,96,0,0,0,0,2,2,3,0,0,0,0,13,0,0,0,0,0,0,0,0,0,0,0,0,0,6,2,0,0,62,11,0,0,0,1,0,0,2,0,0,28,0,0,0,0,0,0,3,0,0,0,0,1,312,0,0,0,0,0,0,0,0,0,0,4,0,3,0,0,0,0,0,0,0,0,0,0,0,0,0,36,0,10,2,0,0,0,0,0,4,0,96,0,155,2,0,0,0,0,0,0,0,0,23,0,26,0,0,0,0,0,0,0,0,0,0,0,0,0,0,0,0,0,0,0,5,0,2,0,2,47,12,0,3,2,0,0,0,0,105,0,0,39,0,207,0,5,0,0,0,0,3,0,0,1344,0,4,67,0,0,0,0,0,0,12,0,0,0,0,9,0,96,0,0,73,0
"Subject_410",18,1,0,0,0,0,2,0,0,0,0,0,0,0,24,0,95,0,0,0,0,0,0,4,0,2,0,0,96,34,0,0,0,57,0,0,0,82,0,14,0,286,0,0,0,18,0,0,0,0,0,0,0,0,0,0,0,0,0,325,0,0,0,0,0,0,31,0,13,58,0,5,0,0,0,0,14,0,0,70,0,0,81,0,0,0,2,0,3,130,0,11,97,0,0,0,0,0,0,0,0,0,0,0,0,0,0,40,0,115,0,0,0,132,0,0,0,0,140,0,0,0,0,185,82,0,0,0,0,0,0,447,0,0,7,0,92,0,0,0,25,17,0,0,0,43,0,0,22,0,0,0,0,544,0,0,103,0,0,0,0,94,0,0,0,49,0,0,0,0,0,0,2,0,0,0,0,0,126,0,0,0,33,0,0,43,0,0,0,0,0,107,0,43,0,0,0,0,0,0,0,0,0,0,0,383,0,28,0,0,0,0,0,0,0,0,104,0,178,0,62,0,0,0,0,0,0,0,0,0,385,0,0,233,0,0,0,0,0,0,123,0,0,0,16,0,0,0,0,0,0,0,0,2,12,0,0,0,0,0,0,0,0,11,0,0,0,0,0,116,0,0,597,0,0,0,0,0,0,3275,0,0,224,0,0,0,0,0,0,0,0,0,0,0,0,0,7,0,0,183,0
"Subject_411",59,0,0,2,0,0,2,1,0,0,0,0,0,0,1,0,0,0,21,8,0,32,0,0,4,303,0,17,13,30,0,0,0,15,0,0,0,0,0,9,0,249,3,0,0,0,0,0,0,0,2,0,15,0,17,1,0,0,0,289,7,7,0,2,0,1,437,8,0,0,8,7,2,3,0,0,4,0,1,112,0,0,284,0,27,0,0,2,0,0,0,7,0,0,0,0,0,0,0,0,90,22,0,0,0,0,167,1885,6,34,0,0,0,80,0,0,0,0,61,2,0,0,0,10,13,48,0,0,0,0,0,167,2,0,0,0,2,0,3,0,17,5,14,0,0,8,46,0,38,7,13,0,0,123,0,4,55,2,0,0,0,98,0,0,1,0,5,0,0,0,11,0,0,0,0,0,0,0,37,0,0,0,0,0,0,0,0,0,0,0,0,42,0,28,0,0,0,0,0,0,0,6,0,725,0,255,0,162,0,4,2,0,0,3,0,1,40,218,223,0,0,60,0,6,0,0,136,0,0,0,0,0,0,64,187,0,24,0,7,65,82,0,0,0,0,0,0,0,0,0,0,0,0,0,0,5,0,0,0,6,0,0,0,4,0,0,0,0,63,240,0,47,363,0,0,0,0,14,0,203,0,1468,114,0,2,0,0,0,0,32,0,0,0,0,7,0,2,0,0,0,0
"Subject_412",0,0,0,0,0,0,1,18,0,0,0,0,0,0,18,0,0,0,0,0,20,15,0,0,0,1303,0,0,4,0,195,0,0,10,0,0,8,0,2,0,0,0,0,0,0,4,0,1,0,1,0,0,0,0,0,0,1,0,0,451,0,19,0,0,0,0,416,0,0,156,15,0,0,0,0,0,0,0,0,120,0,25,84,1,18,0,3,0,0,6,0,11,167,0,0,7,0,0,23,0,19,1,0,0,4,0,0,1547,0,13,0,0,0,193,22,6,0,38,40,0,0,0,0,3,18,572,0,0,2,0,4,34,0,0,0,7,14,4,0,0,0,0,2,0,0,0,0,0,0,0,10,25,0,73,0,0,0,0,46,29,0,46,0,104,0,24,0,0,0,0,5,0,0,2,0,0,0,0,59,0,3,0,0,0,1,0,0,37,0,0,0,3,0,13,0,0,0,0,0,0,0,0,1571,5,14,97,0,13,1,0,0,0,4,0,2,0,219,18,0,1,0,31,0,0,0,3,0,0,25,34,6,0,0,412,0,0,7,0,0,0,19,2,0,2,0,341,0,0,0,0,0,1,0,0,1,0,0,0,1,2,0,25,0,1,0,0,0,0,0,112,0,3,267,0,0,0,0,0,1,350,0,0,92,0,0,0,0,1,72,3,0,0,0,0,25,0,32,0,0,40,0
"Subject_413",3,0,0,0,9,0,1,0,0,0,2,0,0,0,30,0,0,2,41,0,13,3,0,0,0,2423,0,0,0,73,9,0,0,0,0,0,0,24,0,0,0,232,0,0,0,252,0,1,0,0,2,0,9,0,0,1,0,0,0,117,0,0,0,4,0,0,197,0,0,0,127,0,0,0,0,0,11,0,0,22,0,2,0,0,5,32,0,0,0,17,0,5,0,0,0,0,0,0,0,0,24,87,0,16,3,0,0,307,0,315,0,0,0,121,0,2,0,0,112,0,0,0,0,10,315,0,0,0,2,0,0,167,2,9,3,0,0,0,0,30,0,0,0,0,0,636,3,0,14,0,4,15,0,0,0,0,68,2,0,3,0,31,0,0,0,29,0,0,0,0,0,0,0,26,2,0,0,0,37,1,0,0,3,5,0,0,0,0,0,0,0,32,0,12,0,0,3,0,10,0,0,0,0,83,1,17,0,19,0,11,0,32,0,0,3,0,92,14,0,0,0,6,0,0,0,0,0,0,100,0,0,0,0,4,0,0,32,0,0,16,19,6,0,0,169,18,0,0,0,0,0,0,0,0,4,25,28,0,6,35,0,0,0,9,0,0,0,0,0,5,0,6,906,470,3,0,0,0,0,1457,0,0,98,0,0,0,0,0,0,22,0,0,1,0,0,0,57,66,0,28,0
"Subject_414",0,53,0,0,0,3,0,0,0,0,0,0,0,83,59,0,0,0,0,45,0,18,0,13,2,2665,0,0,72,71,355,0,0,0,0,0,17,0,5,0,0,16,0,0,0,12,0,0,0,0,0,0,0,0,0,0,0,0,0,0,0,0,0,0,0,0,314,0,0,0,0,0,0,6,0,0,0,0,0,9,0,0,110,0,0,9,0,0,0,133,0,0,0,0,0,0,0,0,77,0,0,0,0,0,2,0,0,2325,0,18,0,0,0,21,0,0,0,0,149,0,0,0,0,51,0,0,0,0,0,0,7,14,0,0,0,0,72,0,0,0,0,0,0,0,0,0,0,0,0,0,19,0,0,0,0,0,0,0,0,0,0,0,2,0,0,0,5,0,0,0,4,0,10,0,0,0,0,225,78,0,0,0,0,0,0,0,0,128,0,0,0,0,0,0,0,0,0,3,0,0,0,0,0,0,0,0,0,0,0,5,0,0,0,0,0,0,2,0,873,0,0,0,0,0,0,0,0,274,5,6,18,0,0,35,0,28,0,0,0,0,0,0,0,0,0,0,0,0,3,0,0,0,0,0,0,0,27,12,0,0,0,0,0,3,0,0,0,0,0,0,0,0,747,0,0,0,0,0,25,0,0,52,143,0,0,0,0,0,134,0,0,0,0,0,11,15,13,0,0,289,0
"Subject_415",108,0,0,0,0,0,0,16,0,0,0,0,0,2,20,0,0,0,0,8,62,34,0,3,0,4105,0,0,18,21,4,0,4,30,0,0,4,2,0,8,5,97,0,9,0,3,0,0,0,0,2,0,16,0,0,0,0,0,0,231,0,6,0,0,0,0,159,0,0,0,10,0,0,14,0,0,0,0,0,13,0,0,0,0,27,14,0,0,0,3,0,15,63,0,0,41,0,0,26,0,22,0,0,0,0,0,0,750,9,0,0,0,0,522,0,36,0,0,81,0,0,0,0,17,5,0,0,0,459,0,0,17,0,49,17,0,221,0,0,0,15,0,0,0,0,0,36,0,51,10,11,0,0,78,0,0,0,0,7,28,0,0,0,0,0,0,0,0,0,0,0,0,0,0,0,0,0,29,54,0,0,0,0,0,2,0,0,0,0,0,0,4,2,0,0,2,85,2,0,0,0,0,0,0,0,5,0,0,6,0,0,0,0,17,13,0,46,0,13,14,0,0,0,0,0,0,0,0,56,0,147,0,0,989,0,0,0,0,0,3,0,0,0,0,0,0,0,0,0,0,372,3,0,0,42,22,2,0,14,0,3,0,4,0,1,0,0,0,0,273,0,26,14,0,2,0,6,0,2,6,0,0,15,0,0,0,0,8,47,0,0,0,0,0,0,2,3,0,0,7,0
"Subject_416",0,0,2,0,70,0,6,51,0,0,8,2,2,2,0,0,0,0,2,0,38,12,0,0,0,0,7,0,58,0,6,0,0,4,0,62,2,164,0,0,0,0,0,15,0,3,797,0,0,0,5,0,0,11,0,0,0,0,1,15,0,8,3,0,3,0,134,0,24,8,11,0,111,0,0,0,0,3,27,2,0,24,140,0,4,0,0,0,0,15,0,31,708,0,0,0,0,0,2,0,0,0,0,0,13,0,126,1009,0,2,0,110,0,68,0,3,0,2,23,0,0,0,0,0,9,0,114,0,0,0,212,35,0,0,0,6,154,0,0,0,41,0,0,0,5,0,2,11,0,0,2,0,0,0,0,0,53,0,0,82,20,84,0,0,0,0,0,0,0,0,2,0,0,4,0,0,0,52,2,0,0,0,0,2,5,0,7,0,0,0,0,39,3,0,55,0,0,3,0,0,0,0,0,5,0,11,0,0,0,3,0,0,0,0,2,2,6,169,940,0,102,0,0,0,0,0,1015,0,6,4,27,0,0,305,0,43,0,0,0,0,94,0,0,0,0,0,947,4,0,0,496,17,11,0,32,0,0,0,5,13,2,0,0,3,10,0,0,211,12,0,97,46,0,0,0,0,0,2,2,9,5,0,226,0,0,0,0,0,3,0,0,0,0,0,21,14,0,0,0,112,0
"Subject_417",80,0,0,0,0,0,1,0,0,0,0,0,3,0,110,0,0,0,0,0,0,0,0,8,0,2,0,25,4,28,0,0,0,0,0,0,0,16,2,14,0,142,0,0,0,0,0,17,9,0,0,0,14,0,0,0,0,0,0,0,0,0,18,0,0,0,0,0,0,0,0,0,0,0,0,40,16,12,0,0,0,0,0,0,0,13,0,0,0,20,3,26,317,76,0,0,0,0,0,0,46,0,0,0,38,0,0,1950,0,0,0,0,0,270,0,0,0,0,606,0,0,0,27,19,16,0,0,0,0,99,0,0,0,0,0,0,118,11,0,0,0,0,0,0,0,46,0,0,23,0,0,0,0,0,0,0,0,0,0,0,0,21,0,0,0,42,0,0,0,1,16,0,2,0,0,0,0,14,0,0,0,0,0,0,0,0,0,0,0,0,0,48,4,54,0,10,22,0,0,0,0,0,0,0,0,309,0,104,0,2,0,0,0,0,0,0,560,0,22,0,203,124,0,0,0,0,0,0,0,0,0,0,0,0,0,0,39,0,0,0,63,290,0,0,0,0,2,7,0,0,0,0,0,0,0,0,10,0,0,0,4,0,0,0,0,0,2,0,0,942,4,0,113,0,0,0,0,0,1,2363,0,4,0,0,0,0,0,0,0,0,0,0,0,0,99,0,148,0,45,24,0
"Subject_418",0,0,0,0,0,0,1,3,0,0,0,0,0,156,43,0,8,9,0,0,0,12,0,0,4,3524,0,0,8,0,0,0,0,110,7,0,0,0,0,10,1,110,0,0,0,72,0,1,0,0,0,0,0,0,1,1,0,0,0,1,0,6,0,1,0,7,64,0,23,47,19,0,0,4,0,0,0,0,0,9,0,8,0,0,23,7,312,0,0,37,2,12,0,0,0,0,0,1,65,0,14,0,0,24,26,0,8,9,27,16,0,0,0,130,12,0,27,1,161,0,0,0,0,17,269,80,2,0,5,1,0,178,136,22,45,97,874,0,0,0,41,0,0,0,0,26,0,0,41,12,7,19,0,29,1,0,0,0,31,44,0,39,0,2,0,41,0,0,0,3,1,0,0,0,0,0,0,2,32,0,0,0,0,0,0,0,0,0,0,0,0,27,3,0,48,0,0,2,15,0,0,0,0,7,1,2,1,66,0,0,0,0,24,0,3,0,42,0,144,1,0,42,0,0,0,4,0,0,36,2,16,0,6,23,0,35,18,0,3,0,57,0,0,0,0,4,1,0,0,0,0,3,14,0,2,2,7,0,1,0,4,6,0,2,0,0,0,0,1,260,0,0,315,0,0,0,6,3,30,1085,0,0,191,0,0,0,0,0,13,43,0,0,0,0,11,0,24,0,0,57,0
"Subject_419",0,0,0,0,0,0,0,0,0,0,0,0,0,0,56,0,0,0,0,3,0,0,0,4,0,4292,0,0,54,0,0,0,2,0,0,0,19,0,0,0,0,0,0,0,0,0,0,6,0,0,0,0,2,0,0,0,0,0,0,0,0,0,0,0,0,0,0,0,0,0,0,0,12,120,0,0,2,0,2,0,0,0,0,0,66,0,0,0,0,304,0,3,1,0,0,2,0,0,0,0,0,0,0,0,0,0,0,130,0,0,0,0,0,0,0,15,0,0,11,0,0,0,0,0,0,0,0,0,0,0,0,1134,0,3,0,0,27,8,0,0,6,0,0,0,0,0,0,0,0,0,0,0,0,0,0,0,0,0,0,1,0,0,0,0,0,0,0,0,0,0,0,0,0,0,0,0,0,0,0,0,0,0,0,0,0,0,0,0,0,0,0,0,0,0,0,0,0,0,0,0,0,0,0,1126,0,8,0,0,0,6,0,0,0,0,0,0,0,0,47,0,0,0,0,0,0,0,0,1,67,0,0,0,0,374,0,0,0,0,0,0,0,88,0,0,0,0,0,0,0,0,0,0,0,0,20,0,7,0,0,0,2,0,0,0,0,0,0,0,0,3,0,0,0,0,0,0,0,0,13,1722,0,0,77,0,0,0,0,0,0,0,0,0,0,0,0,0,14,0,0,147,0
"Subject_420",0,63,0,0,0,0,2,23,0,0,0,0,0,0,6,0,0,8,12,2,5,12,0,39,0,334,2,0,97,0,229,0,0,18,0,0,31,171,0,0,0,271,0,4,0,1,0,0,0,0,0,0,14,0,0,3,0,0,0,147,0,0,0,0,0,0,284,0,0,68,5,0,0,17,0,0,6,0,0,1,0,0,563,0,0,52,2,0,0,56,0,8,133,0,0,0,0,0,3,0,75,24,0,23,9,81,0,458,9,12,0,0,0,13,42,2,0,2,443,0,0,0,0,18,5,13,0,0,3,0,0,238,0,0,0,0,14,0,0,32,14,0,0,0,0,46,0,0,24,0,7,3,0,0,0,0,0,0,4,104,36,95,0,0,0,86,0,0,0,0,21,0,16,0,36,0,0,0,2,0,0,0,0,0,0,0,0,0,0,0,0,159,0,139,0,0,0,0,84,0,0,0,0,251,0,88,20,38,0,0,0,0,9,0,13,26,4,0,0,0,23,158,0,0,0,0,0,0,2,0,12,0,0,213,0,0,15,4,0,43,38,0,0,0,334,200,0,0,0,0,0,0,0,0,27,9,32,0,3,5,5,0,0,8,0,0,0,0,0,401,0,19,591,0,3,0,0,0,3,1427,0,0,179,7,0,0,0,0,204,1,0,0,0,0,50,0,33,11,0,409,0
"Subject_421",46,30,3,1,0,0,0,0,0,0,0,0,0,0,1,0,36,0,17,5,0,9,0,0,0,3652,0,7,1,19,164,0,0,84,0,0,0,0,0,7,0,192,0,0,0,143,0,0,0,0,0,0,0,0,0,0,0,0,0,0,0,0,0,0,0,0,146,0,0,0,0,0,0,0,0,0,9,0,0,15,0,18,0,0,0,5,1258,0,0,0,0,0,0,0,0,0,0,0,31,0,21,3,18,0,0,0,0,951,0,0,0,32,0,181,45,0,0,0,0,0,6,0,0,8,0,406,0,0,0,0,10,10,0,0,0,0,2,0,0,0,0,0,0,0,0,0,0,0,37,0,15,0,0,21,1,2,0,3,7,0,0,41,0,0,0,0,0,0,0,0,0,0,2,0,0,0,0,0,0,0,0,0,0,2,0,0,0,229,0,0,0,94,0,0,0,0,0,4,40,0,0,0,0,0,10,60,6,48,2,0,0,0,0,0,0,0,0,0,0,0,0,115,0,0,0,0,0,0,68,0,54,0,5,229,76,0,19,0,0,69,0,0,0,0,0,0,0,0,0,0,0,0,0,1,0,225,2,0,0,0,3,0,3,0,0,0,0,0,0,62,87,11,407,0,0,0,0,0,0,4,0,1,246,0,0,0,0,0,0,8,0,0,0,0,2,0,4,0,0,90,0
"Subject_422",0,0,0,0,2,2,2,31,2,0,0,0,2,0,2,20,0,1,0,0,2,0,0,2,0,1430,0,0,5,10,145,0,0,23,0,0,19,106,0,0,0,0,0,8,0,0,0,5,0,0,5,3,0,0,51,0,0,2,0,0,0,0,0,5,0,0,376,0,0,0,63,0,0,11,0,0,0,2,0,0,0,26,43,0,27,0,2,0,0,30,12,5,2,0,0,0,0,0,21,3,0,0,0,0,40,37,20,159,0,0,0,0,0,810,13,1,0,2,127,0,0,0,0,7,10,0,0,0,0,10,45,81,0,0,0,0,2,0,2,0,4,33,0,2,0,6,98,0,0,0,6,14,2,16,2,0,44,0,0,94,10,78,0,2,0,0,0,0,10,10,0,0,0,0,11,0,4,198,24,2,6,0,5,0,7,0,0,0,0,0,25,260,0,11,0,0,0,0,0,3,0,2,0,65,0,17,0,49,0,2,4,0,0,0,11,0,47,41,452,0,28,92,2,0,0,1,0,0,11,0,26,0,0,153,0,47,26,0,0,3,42,0,0,0,0,13,0,0,0,0,0,0,22,0,20,2,6,0,38,2,2,0,0,0,0,0,0,0,6,6,0,0,147,2,0,2,0,0,3,3028,2,0,526,3,0,0,0,0,0,7,0,0,0,0,8,0,5,0,2,182,2
"Subject_423",0,0,0,1,0,0,1,1,0,0,0,0,3,1,0,0,0,0,28,8,0,1,0,4,0,63,0,0,3,8,1,11,0,25,0,0,0,27,0,9,1,46,13,0,0,1,0,0,0,0,1,0,5,0,6,1,0,0,0,1,1,1,0,0,0,0,28,0,0,0,1,0,0,0,1,0,5,3,0,1,0,0,6,0,1,0,836,0,0,0,5,4,46,0,0,85,0,1,7,2,46,0,0,0,1,0,0,4559,2,172,0,0,0,65,0,0,0,0,18,2,0,0,0,3,6,25,0,0,2,0,7,3,0,4,0,0,6,0,0,0,20,0,0,0,0,0,0,0,7,0,1,0,18,8,0,6,0,0,0,2,20,16,0,2,1,0,2,0,0,0,3,0,0,0,0,0,0,2,1,0,0,0,0,1,0,0,0,0,0,0,0,30,0,32,33,0,0,1,0,0,44,0,0,2,0,20,0,26,0,2,0,0,0,3,5,0,11,2,293,0,31,6,0,1,5,0,0,4,0,16,2,0,0,235,0,0,5,0,0,0,12,0,0,0,0,0,0,9,0,0,1,1,1,0,1,4,3,0,4,0,1,0,0,0,0,0,0,0,9,2089,1,7,134,0,0,0,1,0,1,532,0,17,4,0,0,0,0,2,2,2,0,0,0,0,20,0,7,0,1,1,0
"Subject_424",0,0,0,0,0,0,19,0,0,0,0,0,0,0,0,0,0,0,21,0,0,43,0,0,0,280,0,17,9,3,261,0,0,47,0,0,63,26,0,0,0,110,0,0,0,388,0,0,0,0,0,0,37,0,0,0,0,0,0,264,0,0,0,0,0,0,120,0,0,0,137,0,0,0,0,203,12,0,0,55,0,0,19,0,0,0,3,0,0,0,0,0,0,0,0,0,94,0,18,0,0,2,0,0,0,44,0,143,198,0,0,0,0,121,0,0,0,0,95,0,0,0,0,25,29,0,0,0,0,0,0,0,112,0,181,0,12,0,91,0,24,0,0,0,0,7,0,0,19,0,7,20,0,61,2,0,60,0,0,27,0,62,0,2,0,58,0,0,0,0,0,0,0,0,31,0,0,52,0,8,0,0,0,0,16,0,0,0,0,0,0,31,0,0,0,0,0,0,0,19,0,0,0,1609,158,83,0,0,0,3,0,0,0,0,4,0,0,106,5,0,79,50,0,0,0,0,722,0,0,0,100,0,0,343,41,0,188,0,0,98,43,0,0,0,110,0,0,0,0,0,0,1,0,0,0,15,0,0,0,56,0,0,0,7,0,0,0,0,0,27,328,0,33,0,0,0,0,0,4,1410,0,0,216,0,0,0,0,0,0,48,0,1,0,0,0,0,6,0,0,237,62
"Subject_425",0,0,1,0,0,0,0,0,0,0,0,0,0,0,0,0,3,0,0,0,0,33,0,0,2,889,0,1,1,0,0,0,0,0,0,0,0,0,0,0,0,115,0,0,0,1453,0,0,0,0,6,1,9,0,0,0,0,0,0,0,4,0,0,0,0,0,286,0,3,1,0,0,0,0,23,0,0,0,0,421,0,0,12,0,0,2,0,0,0,0,0,0,0,0,0,0,10,0,0,0,15,0,0,0,0,13,0,1363,0,4,0,0,0,265,0,0,0,0,502,0,0,0,0,3,58,29,0,0,0,0,46,201,0,0,3,0,0,0,0,0,0,0,0,0,0,75,0,2,0,0,83,0,0,0,0,0,0,0,17,0,0,36,0,114,0,20,0,0,0,0,4,0,7,0,0,0,0,0,99,19,0,0,0,0,0,0,0,0,0,1,0,336,0,5,0,0,0,0,0,0,0,0,0,0,0,7,0,0,0,0,0,0,0,0,0,0,31,0,0,0,18,59,0,0,0,0,0,0,0,3,0,0,0,43,10,0,6,0,0,0,32,0,0,0,0,0,0,0,0,0,0,1,14,0,0,0,13,0,0,0,0,0,0,29,0,0,0,0,132,2,5,0,10,0,0,0,0,0,0,2561,0,0,324,0,0,0,0,0,0,34,0,0,0,0,0,0,73,0,0,0,0
"Subject_426",0,0,0,6,0,0,1,10,0,0,0,2,0,0,3,0,0,0,0,3,52,20,0,3,0,2285,0,0,17,13,644,0,0,0,0,0,6,48,0,0,1,2,0,126,0,19,0,0,0,0,0,0,0,0,0,0,2,2,0,34,0,16,1,0,0,0,161,26,2,0,14,0,0,17,0,0,0,0,0,23,0,0,72,0,57,0,0,0,2,32,0,10,13,0,0,197,0,0,6,0,18,0,0,0,0,16,19,176,0,5,0,0,0,132,8,0,0,1,0,0,0,0,0,4,19,0,0,0,0,0,0,7,0,0,0,45,6,3,0,0,6,0,3,0,0,0,0,0,0,2,8,5,0,247,0,3,10,0,0,47,0,21,1,315,0,0,0,92,0,0,0,0,2,0,0,0,0,87,70,0,9,0,0,0,0,0,0,0,0,0,0,41,2,53,53,1,0,1,0,0,0,0,0,0,783,0,0,0,0,2,0,0,0,0,5,0,55,0,31,3,0,42,0,0,5,0,59,0,42,12,97,0,0,340,27,0,35,0,0,0,40,127,0,0,0,0,0,1,0,0,111,0,0,0,8,0,14,2,0,0,4,0,0,0,176,2,0,0,0,606,0,0,0,0,0,0,2,0,4,1707,0,0,0,0,0,0,0,0,32,0,0,0,0,0,51,26,3,0,0,66,0
"Subject_427",0,0,0,0,0,0,71,0,0,0,0,0,0,0,264,0,0,5,0,0,0,108,2,7,0,6706,4,0,50,0,0,0,0,0,0,0,0,212,0,0,0,0,0,0,0,0,0,0,0,0,0,0,0,0,0,0,0,0,0,0,0,0,2,3,0,0,0,0,0,0,0,0,3,0,0,0,0,0,0,0,0,6,0,0,0,0,0,0,0,204,0,16,0,0,0,0,0,0,0,0,0,0,0,0,0,0,0,0,0,6,0,0,0,0,0,0,0,0,29,0,0,0,58,5,417,0,0,0,3,0,0,0,0,0,0,0,0,0,0,0,0,0,0,0,0,0,0,0,0,0,0,0,2,0,3,0,0,0,0,0,22,0,0,0,0,28,0,0,0,0,0,0,220,0,54,0,0,0,0,6,0,0,0,0,0,0,2,0,0,0,0,67,0,0,0,0,0,0,0,0,0,0,0,0,0,236,0,37,0,58,0,0,0,0,0,0,0,0,0,0,0,0,0,0,0,0,0,0,0,0,181,0,0,0,0,0,0,0,0,0,0,0,0,0,0,0,0,0,0,0,0,0,0,0,2,0,0,0,24,21,0,0,0,0,0,0,0,0,0,74,0,186,0,532,0,0,0,0,0,0,0,0,64,0,0,0,0,0,0,0,0,0,0,0,0,0,0,0,0,0,0
"Subject_428",0,0,0,0,0,0,67,0,970,0,0,1,0,194,0,0,0,1,0,0,19,14,0,4,0,360,0,9,82,0,3,0,0,0,0,0,0,6,0,6,11,57,70,26,0,0,0,1,0,6,0,0,0,0,0,0,0,4,0,1,0,48,0,0,0,1,2,9,0,0,0,0,0,9,0,0,0,0,0,2,0,0,0,0,31,0,0,0,0,151,385,0,1542,0,6,0,0,0,36,0,6,0,0,0,3,0,4,47,63,45,0,0,0,2,12,13,0,10,19,0,3,0,52,5,75,0,0,0,2,31,0,92,69,0,93,0,286,0,0,0,2,0,0,0,0,0,1,0,0,56,1,0,0,3,0,0,0,0,0,27,0,8,0,8,0,23,0,71,0,0,3,8,0,0,9,0,0,2,0,0,6,0,0,0,1,3,0,0,0,0,0,5,0,55,0,0,0,0,7,0,206,0,0,0,130,1,0,112,0,13,0,27,3,0,0,0,42,2,3,0,0,0,0,0,0,0,0,0,11,0,34,0,0,1229,0,0,0,0,0,0,22,4,0,2,0,0,0,10,2,0,18,1,3,0,3,3,1,0,4,0,1,0,0,0,0,0,0,0,0,397,0,54,490,0,0,0,0,0,42,1674,0,0,0,0,0,0,0,3,16,4,0,0,0,0,37,0,0,11,0,17,4
"Subject_429",2,0,0,0,0,0,0,11,0,0,10,0,0,0,2,0,24,3,28,0,0,30,5,12,0,3487,0,0,32,0,215,0,16,108,0,5,0,173,0,6,0,50,0,21,0,51,0,2,2,0,0,0,8,0,0,0,0,0,0,0,0,0,0,0,16,5,119,0,3,0,12,0,0,0,0,0,6,0,0,59,0,0,0,0,0,22,0,14,0,59,0,18,2,0,0,0,0,0,65,0,0,0,0,22,3,0,60,1115,0,1,0,0,0,55,12,0,0,2,17,0,0,0,0,8,127,0,0,0,4,0,83,284,0,25,0,0,3,0,36,19,11,0,0,0,0,0,76,0,21,4,19,0,0,78,0,0,0,2,0,52,0,0,0,0,0,0,0,0,0,0,3,2,1,0,22,0,0,137,134,0,0,0,0,0,0,0,0,0,0,0,0,32,2,0,0,0,4,0,0,0,0,0,0,0,2,188,0,0,0,2,0,0,16,0,20,0,27,0,6,0,158,0,0,0,0,7,0,0,25,0,123,0,0,741,0,0,0,0,0,0,0,10,43,0,0,12,0,3,0,0,0,6,4,0,9,0,0,0,0,0,3,12,0,6,0,0,0,0,0,11,0,0,50,0,0,0,0,0,9,1046,0,0,119,0,0,0,0,5,0,3,54,0,0,0,33,0,0,0,0,72,0
"Subject_430",0,0,0,25,0,0,29,0,0,0,0,0,0,0,107,0,23,0,0,0,0,0,0,4,0,1971,3,0,147,0,0,386,0,245,4,0,0,61,0,0,0,0,0,101,12,233,0,0,0,0,13,0,0,0,0,0,0,13,0,3,0,78,0,0,0,132,2,6,41,0,0,0,0,0,0,0,0,0,7,0,0,0,25,0,128,22,0,0,0,64,0,2,0,0,0,0,0,0,0,0,17,2,0,0,3,118,0,44,0,21,1,0,0,68,0,3,0,0,158,10,0,0,0,37,53,0,0,0,0,0,0,0,0,0,0,12,78,0,0,0,0,0,5,0,0,12,6,0,0,0,5,0,0,6,0,0,0,0,0,9,13,74,0,5,0,0,6,0,0,0,12,2,715,1,2,9,0,180,363,0,0,44,0,0,0,0,0,0,0,20,0,14,0,121,50,0,0,0,14,0,0,0,0,0,0,5,0,89,1,0,0,0,0,0,0,0,33,0,0,13,0,0,0,109,0,0,0,0,0,1,0,0,0,101,0,0,24,0,10,45,81,0,248,0,0,2,1,2,6,0,0,0,0,0,10,12,5,0,0,0,0,0,0,5,0,0,0,0,13,14,0,0,671,0,3,0,2,0,6,1849,0,0,253,0,0,0,0,0,0,64,0,0,0,0,27,0,8,0,0,91,0
"Subject_431",0,66,1,0,0,0,2,0,0,0,0,0,0,0,73,0,9,0,0,4,2,0,0,153,0,0,0,0,233,92,0,0,0,270,0,0,0,0,0,1,0,0,0,0,0,0,0,0,0,0,7,0,0,0,0,1,0,12,0,1,4,0,0,0,0,0,0,0,0,62,0,0,0,0,0,0,0,0,0,8,0,0,0,0,0,23,0,0,0,58,0,47,0,0,0,0,0,4,0,0,0,1,20,0,0,0,0,640,0,0,0,0,0,174,0,0,88,0,0,1,0,0,0,7,97,0,227,0,2,0,0,0,0,3,2,0,1010,0,0,0,0,9,7,0,0,0,0,0,2,0,10,0,0,0,2,0,0,4,0,0,0,0,0,0,0,0,0,0,0,0,0,0,1,0,0,0,0,0,69,3,0,0,0,4,0,0,0,0,0,0,0,28,45,6,0,0,0,0,0,336,0,0,0,0,0,0,0,68,2,28,0,0,0,0,0,0,41,0,0,0,0,0,0,0,0,0,0,0,0,0,0,0,0,0,0,0,0,0,3,73,0,0,0,0,0,4,49,0,0,0,0,0,0,1,0,0,28,0,0,0,0,0,0,0,0,0,0,0,0,0,0,0,0,0,2,0,1,0,0,470,0,4036,2,0,1211,0,0,0,0,6,0,0,0,0,0,0,36,0,0,0,0
"Subject_432",9,0,0,0,0,0,22,7,82,1,0,0,3,0,320,122,0,7,8,3,3,21,0,15,0,97,2,3,13,49,2,0,0,18,0,0,0,1,0,0,0,197,0,0,0,5,0,5,0,0,0,0,7,0,10,1,0,0,0,6,4,0,0,0,0,1,16,0,0,0,11,1,0,1,0,474,3,0,4,14,5,0,16,0,0,10,0,0,0,8,0,29,260,0,0,3,0,0,0,0,0,0,0,0,0,19,2,3909,0,0,0,0,0,67,13,72,48,0,7,0,0,0,0,4,28,13,0,0,3,0,6,5,100,5,133,3,23,0,19,0,26,7,0,0,0,0,2,2,11,8,3,12,27,4,0,0,0,0,0,17,0,41,0,2,55,0,3,0,0,0,7,0,0,0,13,0,6,2,0,0,5,0,0,0,15,0,0,235,0,0,4,44,5,0,31,0,0,5,0,383,0,0,0,0,0,7,0,13,0,20,0,0,0,21,0,1,0,24,330,0,0,11,0,4,0,0,0,0,2,0,18,0,4,0,128,15,8,0,0,0,19,0,0,0,0,0,0,0,1,0,0,1,5,0,45,0,1,0,8,7,1,0,0,2,87,0,0,0,0,1144,0,19,502,0,1,0,7,0,5,13,0,0,56,0,0,0,0,0,0,33,0,0,0,0,7,11,10,0,1,7,46
"Subject_433",0,8,0,0,0,0,1,0,1157,0,0,0,0,0,22,0,0,0,0,0,0,17,0,4,0,2,0,0,56,2,2,0,0,24,0,0,18,295,0,0,0,2,0,247,0,4,0,0,0,0,0,0,0,0,0,1,0,0,0,0,0,43,0,0,0,0,10,0,7,0,0,0,0,554,0,0,0,0,0,0,0,0,3,0,0,1,15,1,0,41,0,5,71,0,0,1,0,0,55,0,0,0,0,0,21,16,244,862,0,0,0,0,0,243,18,6,0,0,156,0,0,0,0,6,15,0,0,0,0,0,48,86,0,0,0,45,1836,0,0,0,43,0,0,0,0,722,0,0,0,0,7,0,0,24,1,0,0,0,0,33,0,26,0,0,1,25,0,0,0,0,7,0,0,0,19,0,0,0,63,0,0,17,0,0,0,0,0,0,0,0,0,48,6,14,91,0,0,0,0,0,0,0,0,0,0,10,0,38,0,2,0,0,0,0,0,15,0,0,204,0,0,23,0,0,0,0,0,0,145,7,109,0,0,8,0,0,9,0,0,0,20,0,0,0,4,0,0,0,0,0,0,0,19,0,28,0,8,0,0,0,0,0,0,20,0,0,0,0,0,8,0,0,26,2,0,0,0,0,15,1293,0,0,47,0,0,6,0,0,24,0,0,0,0,0,403,27,46,0,0,11,0
"Subject_434",0,0,0,0,0,0,25,0,0,0,0,0,0,0,0,0,0,0,0,0,0,22,0,0,0,4609,0,0,95,0,0,0,0,0,0,0,3,0,2,0,2,0,0,0,0,187,0,0,5,0,0,0,0,0,0,0,0,0,0,0,0,0,17,0,0,0,142,0,0,0,0,0,0,0,0,0,0,0,0,0,14,0,0,0,275,0,5,2,0,63,0,189,10,0,0,0,0,2,0,0,0,0,0,0,0,10,0,1171,0,0,0,0,0,0,0,3,0,0,0,0,0,0,0,0,0,0,0,0,0,0,0,11,0,14,0,3,0,0,0,2,18,0,0,0,0,0,0,0,0,0,0,4,0,0,2,1,0,0,0,26,0,0,0,1,0,0,0,0,0,0,0,0,134,0,0,0,0,0,0,0,0,0,0,0,0,0,0,0,0,0,18,91,5,0,0,0,0,0,0,0,0,0,0,2,0,42,0,0,0,4,0,0,45,0,28,0,0,20,10,0,0,0,0,0,0,0,0,0,0,0,103,0,0,411,0,0,0,0,0,0,0,0,0,0,0,0,0,0,0,0,0,0,0,0,0,0,6,0,0,0,0,0,0,0,0,0,0,0,0,0,0,0,0,0,3,0,0,2,0,2090,0,0,0,0,0,0,0,3,0,51,0,0,0,0,0,0,0,0,0,0,0
"Subject_435",8,0,0,0,0,0,0,0,0,0,0,0,8,0,73,0,0,0,16,0,0,0,0,0,0,937,0,0,0,6,0,0,0,164,0,0,29,422,0,10,0,220,0,64,0,115,0,0,0,0,4,0,0,0,0,0,11,0,0,314,0,21,21,0,0,2,69,0,34,0,58,0,0,0,0,0,6,0,0,0,0,0,66,0,0,16,0,2,2,79,0,52,11,0,0,10,0,0,0,0,0,0,0,0,0,0,0,14,0,0,0,0,0,408,0,0,8,0,53,1,0,0,49,72,68,0,0,0,0,0,0,207,0,0,0,0,303,0,0,50,5,0,0,0,0,0,29,0,24,28,2,0,0,0,3,0,0,0,0,0,0,0,0,1356,0,0,0,0,0,0,0,0,8,0,0,0,0,591,0,0,0,0,0,0,0,0,0,0,0,0,0,0,0,0,0,0,0,0,0,0,0,0,0,0,0,50,0,0,0,0,0,0,0,0,20,0,149,0,129,4,47,143,0,0,0,13,0,0,79,0,0,0,0,0,0,0,0,0,0,65,0,0,184,0,0,0,0,0,0,0,0,0,0,0,94,104,7,0,0,0,34,0,0,31,0,0,0,0,0,452,0,0,40,0,4,0,1,0,39,1056,0,0,679,0,0,0,2,2,0,0,9,0,0,0,206,0,0,0,9,219,0
"Subject_436",0,0,0,0,0,0,0,2,0,2,0,0,3,0,14,0,0,0,0,5,2,0,0,3,0,2452,0,0,11,32,87,0,0,20,0,0,13,62,0,0,0,121,0,0,0,266,0,0,0,0,0,3,0,0,4,0,0,0,0,28,0,0,0,0,0,0,365,0,6,67,0,0,0,3,0,0,0,0,183,32,0,0,341,0,13,21,144,0,0,0,6,12,8,0,0,5,0,0,0,0,0,0,0,0,0,57,1,867,0,676,0,0,0,0,0,0,0,0,101,6,0,0,0,17,243,0,0,0,0,0,30,27,0,0,26,0,3,0,0,0,0,0,0,0,0,0,28,0,0,12,8,5,0,0,0,0,0,0,0,0,0,0,0,208,0,0,0,0,0,0,9,0,1,0,0,0,0,0,0,0,0,0,0,0,0,0,0,0,0,2,0,60,0,0,0,0,0,0,0,0,0,0,0,3,0,309,0,0,0,4,60,0,0,0,26,0,17,0,9,0,50,0,0,0,0,0,0,0,0,0,0,3,0,257,0,0,0,0,0,0,0,0,0,0,16,0,0,0,0,0,0,0,0,0,0,169,0,0,0,187,0,0,0,0,0,0,0,0,0,1441,8,0,376,0,0,0,0,0,0,64,0,0,106,0,0,0,0,0,0,79,0,0,0,0,0,0,5,0,0,89,0
"Subject_437",0,0,0,2,0,0,0,0,0,0,0,0,0,0,0,0,0,0,0,0,0,0,0,0,0,4026,0,0,56,0,0,0,0,0,0,0,0,0,0,0,0,0,0,206,0,575,0,0,0,0,0,0,0,0,0,0,0,0,0,0,0,0,0,0,0,0,0,0,0,0,0,0,0,0,0,0,0,0,0,0,0,0,0,0,0,0,0,0,0,0,0,0,69,0,0,0,0,0,121,0,0,0,0,31,0,0,0,194,0,25,0,0,0,0,0,0,0,3,0,0,0,0,0,92,0,0,0,0,0,0,32,0,0,3,0,0,0,0,0,4,0,0,0,0,0,0,0,0,0,0,0,0,2,0,0,3,0,0,6,0,0,0,0,0,0,0,0,0,0,0,0,0,1,0,0,1,0,0,500,0,0,0,0,0,0,0,0,0,0,0,0,0,0,0,0,0,0,0,0,0,0,0,0,0,0,0,0,0,0,0,0,0,2,0,0,0,0,0,0,4,0,0,0,0,0,0,417,0,0,0,169,0,0,481,0,0,0,0,0,0,0,0,0,0,0,0,0,0,0,0,0,0,0,0,0,0,0,0,0,0,0,0,0,0,0,0,0,0,0,4,0,0,0,0,0,0,0,0,0,1945,0,51,920,0,0,0,0,0,0,59,0,0,0,0,0,0,0,0,0,0,0
"Subject_438",0,0,0,0,0,0,2,19,0,0,0,0,0,0,57,0,0,0,0,0,0,10,0,3,0,3509,0,0,26,0,29,0,0,96,0,0,49,0,17,0,0,0,0,8,0,14,0,0,0,0,0,0,0,0,16,0,0,0,0,17,0,67,0,0,0,0,1,0,0,0,13,2,2,0,0,137,0,0,0,1,0,0,7,0,0,0,0,0,0,32,0,2,2,0,36,4,0,0,0,0,0,0,0,0,0,44,0,40,0,0,0,0,0,122,13,0,0,0,136,0,0,0,0,6,481,0,0,0,0,0,0,0,0,0,0,6,74,0,0,0,85,0,0,0,167,892,0,0,0,68,14,0,0,0,0,0,0,0,14,32,0,33,0,1239,0,0,0,0,0,0,0,0,0,0,0,0,2,38,4,0,0,27,0,0,0,0,5,0,0,0,0,81,0,6,78,0,0,6,40,0,0,0,0,0,194,0,0,25,0,3,6,0,0,0,14,0,1,0,0,0,14,50,0,0,0,0,3,0,6,6,51,0,0,65,0,0,65,0,0,0,26,0,0,0,0,24,0,0,0,0,0,0,0,0,0,0,0,0,8,7,0,0,5,0,0,0,0,0,0,27,0,0,0,0,0,0,0,0,0,1291,0,0,87,0,0,19,0,0,0,0,0,0,0,0,0,0,6,0,0,70,0
"Subject_439",0,0,0,0,0,0,1,19,0,0,0,1,0,0,0,1,0,0,1,0,27,0,5,0,0,1212,0,0,1,7,0,1,0,329,0,0,0,94,0,2,0,0,0,46,0,151,0,0,0,0,7,0,0,0,110,1,0,0,0,10,0,147,0,3,0,0,20,0,0,0,0,0,0,51,1448,0,0,0,0,7,0,0,0,0,253,0,0,15,0,0,0,1,0,0,0,0,0,0,0,0,17,0,0,0,0,0,70,230,0,7,0,4,0,423,0,0,8,0,46,2,0,0,0,6,343,0,0,0,3,110,81,3,0,0,0,0,0,0,0,0,3,0,0,0,0,25,15,0,0,0,21,34,0,2,0,0,0,0,0,38,0,10,0,1833,0,22,0,0,0,0,4,0,2,0,0,0,0,410,0,5,34,0,0,36,7,0,0,0,91,0,0,41,0,0,0,1,3,4,8,0,0,0,0,2,0,1,0,48,0,0,0,37,107,0,58,0,17,102,0,7,88,55,0,0,0,0,0,0,0,0,82,0,0,105,86,0,7,0,0,0,18,0,0,0,0,0,0,0,0,0,0,1,23,0,0,11,0,0,21,0,1,0,0,0,5,0,19,34,4,14,5,32,62,0,0,0,0,2,24,229,0,0,380,0,0,0,0,0,20,29,0,0,0,0,67,0,0,89,1,138,0
"Subject_440",0,0,0,0,17,0,0,0,0,0,0,0,0,0,8,0,3,0,0,0,61,41,0,0,0,4218,0,0,13,11,22,0,0,71,0,0,0,63,0,0,0,0,0,0,0,935,0,0,0,0,0,0,0,0,11,0,0,0,0,217,0,0,0,0,0,0,132,0,2,103,49,0,0,0,0,0,1,0,0,0,0,0,217,0,0,2,0,0,0,17,0,2,0,0,0,0,31,0,18,0,0,9,0,0,0,89,166,25,0,0,0,0,0,137,7,0,0,0,142,0,7,0,0,2,43,0,0,0,0,0,0,774,0,0,0,0,58,0,2,0,3,0,0,0,0,0,0,14,0,0,26,0,0,3,1,0,14,0,0,0,0,0,0,0,0,0,0,0,0,14,0,0,0,0,9,0,0,0,0,0,0,0,0,0,0,0,2,0,0,0,16,32,0,0,0,0,0,0,6,0,0,0,2,3,0,10,0,0,0,2,0,0,0,0,8,0,23,0,6,0,32,8,0,0,0,0,0,0,0,0,225,0,0,11,87,0,18,0,0,2,13,0,0,0,0,0,0,0,0,0,0,0,0,0,0,6,0,0,8,0,6,0,0,1,0,0,0,0,0,3,3,10,38,0,0,0,0,0,9,1170,0,0,254,0,0,0,0,0,109,0,0,0,0,0,2,0,5,0,0,66,0
"Subject_441",0,0,0,0,0,0,1,0,0,0,0,0,0,0,3,0,0,0,14,0,0,3,0,0,0,3917,0,0,0,0,0,0,0,60,0,0,3,14,0,0,0,208,0,0,0,279,0,1,0,0,0,0,9,5,0,1,0,0,0,4,0,0,0,0,0,0,40,0,13,0,0,0,0,14,0,0,8,0,1,4,1,0,0,0,60,0,32,0,0,74,0,7,0,0,0,0,0,0,0,0,12,0,0,0,0,19,0,2,0,0,0,0,0,211,15,0,0,0,338,0,0,0,0,0,34,0,0,0,0,0,0,1495,0,0,15,2,2,0,0,0,3,0,0,0,131,7,4,0,13,0,0,0,0,21,1,0,0,0,0,3,0,27,0,0,0,0,0,0,0,0,0,0,0,0,20,0,2,0,15,0,0,0,0,0,0,0,0,0,0,0,0,222,0,0,0,0,0,0,0,0,0,0,0,0,0,18,1,45,0,0,0,0,14,0,0,0,0,11,2,0,2,54,0,4,0,0,0,0,15,1,129,0,0,24,117,0,6,62,0,0,20,0,0,0,0,0,0,0,0,0,0,1,0,0,0,0,4,0,1,0,2,0,0,0,0,0,0,0,0,8,0,2,1136,0,0,0,0,0,0,840,0,0,0,0,0,0,0,0,24,8,0,0,0,0,0,0,16,0,0,42,0
"Subject_442",0,0,0,0,0,0,17,0,0,0,0,0,2,35,30,10,0,0,0,0,54,13,0,2,0,774,0,0,2,0,0,0,0,178,0,0,2,61,0,0,0,0,0,0,0,1193,0,0,0,0,0,0,0,0,0,0,0,0,0,102,0,0,1,0,0,0,0,0,0,0,58,0,0,0,0,0,0,0,0,55,0,0,308,0,0,0,0,0,0,54,0,4,3,0,0,0,0,0,33,0,24,7,0,0,51,0,4,645,0,0,0,0,0,526,0,1,0,0,207,0,0,0,0,10,60,0,0,0,0,0,240,21,0,0,0,0,2,0,0,0,4,0,0,0,0,9,0,0,0,0,11,3,0,0,0,0,0,0,0,0,0,0,0,0,0,29,0,0,0,0,0,2,163,0,0,0,0,0,0,0,0,0,0,0,3,0,0,0,0,0,0,106,1,9,0,0,0,0,0,0,0,0,0,0,0,5,0,80,2,2,0,0,0,0,2,0,72,0,2,4,75,0,0,0,0,0,0,0,79,0,24,0,0,0,0,0,16,3,0,0,0,208,0,0,0,0,0,0,0,0,10,0,15,0,0,8,2,0,0,0,0,0,0,0,2,0,0,0,0,47,0,0,114,0,0,0,0,0,2,3610,0,0,301,0,0,0,0,0,0,105,0,0,0,0,9,0,5,0,0,72,0
"Subject_443",5,0,0,1,42,0,0,0,0,0,0,0,4,0,2,0,0,0,10,3,0,5,0,6,0,1524,0,0,6,1,223,0,0,51,0,0,3,0,0,21,0,121,0,61,0,178,0,0,0,0,0,0,0,0,185,0,0,0,0,0,0,0,16,0,0,0,0,1,4,0,0,0,0,0,0,12,4,0,0,60,0,0,108,0,0,0,148,0,4,16,0,4,5,0,0,22,0,0,78,0,15,12,0,0,0,0,0,413,0,2,0,0,0,128,17,4,6,0,13,0,0,0,0,27,69,0,2,0,0,0,78,171,105,0,0,0,3,7,0,0,2,0,0,0,0,959,0,0,17,0,0,0,0,15,1,0,0,0,276,0,0,70,0,0,0,34,0,0,0,0,0,0,0,0,26,5,0,0,161,0,0,0,0,0,0,0,0,353,0,0,1,86,1,0,0,0,63,0,0,0,0,0,0,0,0,0,0,60,0,2,0,0,0,0,0,0,0,0,2,0,34,109,0,0,0,0,0,0,135,2,0,0,0,33,187,0,15,0,0,0,23,0,0,0,5,0,0,0,0,0,0,0,0,0,5,1,0,0,0,42,0,0,0,6,0,0,0,0,0,0,0,0,93,0,0,0,0,0,2,2975,0,0,178,0,0,0,0,1,5,0,0,0,0,0,2,0,11,0,0,1,0
"Subject_444",26,0,0,0,0,0,0,0,0,0,0,0,0,0,16,0,0,0,28,0,0,2,0,4,0,893,0,0,1,46,74,0,0,1,0,0,0,0,0,25,0,129,0,0,0,12,0,0,0,0,2,0,18,19,9,0,0,0,0,124,2,0,0,0,0,0,143,0,0,9,13,0,0,0,0,0,2,0,0,31,0,0,24,0,0,2,0,0,0,0,0,1,0,0,0,0,309,0,0,0,13,13,0,0,1,0,0,4592,0,0,0,0,0,66,8,48,0,0,16,8,0,0,0,3,0,0,2,0,0,0,0,0,0,0,4,12,3,0,0,0,532,0,0,0,0,328,8,0,16,0,0,0,0,62,1,0,0,1,0,2,0,0,0,2,0,0,0,0,0,0,3,0,0,1,0,0,4,7,86,0,0,0,0,0,0,0,0,0,0,0,16,7,0,57,0,0,0,0,0,0,0,0,1006,2,0,80,12,15,0,0,113,0,0,0,0,0,26,0,0,0,0,60,0,0,0,0,0,0,2,0,0,0,0,2,67,0,23,0,0,9,27,0,0,0,7,1,0,0,0,0,0,0,0,0,8,6,4,0,0,32,0,0,0,1,0,0,0,0,0,9,0,0,21,0,0,0,0,0,0,536,0,0,9,0,0,0,0,0,0,1,0,0,0,4,0,0,19,0,0,12,0
"Subject_445",0,0,2,0,0,0,2,0,2,0,0,0,3,0,19,0,2,0,0,2,221,13,0,0,0,232,0,15,13,11,0,0,45,185,0,0,0,0,0,0,0,150,0,89,0,386,0,0,0,0,0,0,0,0,0,16,0,0,0,0,0,44,6,0,0,12,36,0,9,104,0,0,0,186,2,0,0,0,0,0,0,5,0,0,944,7,0,0,0,93,16,5,3,0,0,0,22,0,19,0,11,2,0,0,0,0,244,139,0,0,0,120,0,1663,0,0,0,0,251,0,0,0,0,7,13,667,0,0,2,0,47,369,0,0,5,0,0,2,0,0,0,0,0,0,0,26,0,0,19,0,18,0,2,0,0,0,0,0,0,9,0,27,0,0,0,24,0,0,5,2,0,0,2,2,0,0,0,0,0,0,0,0,0,0,30,0,1,0,0,0,0,173,0,0,0,2,0,0,9,0,0,0,0,0,0,5,0,56,0,0,4,0,197,0,3,0,0,88,0,0,2,0,0,0,0,35,0,0,0,0,90,0,3,2,34,0,0,0,0,6,0,0,0,0,3,0,1,0,0,0,0,0,0,0,0,3,0,0,18,15,12,28,0,4,0,0,0,891,0,2,28,0,36,2,0,0,0,0,0,1352,0,0,156,0,0,0,0,0,0,28,0,0,0,0,0,0,2,0,0,83,2
"Subject_446",0,0,0,0,0,0,0,115,0,0,0,0,0,0,29,0,0,2,0,0,34,15,0,15,0,2314,2,0,50,149,176,0,0,68,0,0,16,140,0,0,0,0,0,0,0,6,0,0,0,0,0,0,0,0,0,0,0,4,0,127,5,2,0,0,0,0,12,0,23,0,74,0,0,2,0,0,0,0,0,3,0,0,0,0,0,0,0,0,0,30,0,98,160,0,0,249,0,0,0,0,0,0,0,0,0,0,186,810,0,0,0,0,0,107,41,0,0,0,35,0,0,0,0,0,200,0,0,0,0,0,0,4,0,0,0,0,2,0,0,0,18,0,0,0,0,0,0,0,0,0,20,31,2,38,0,0,0,0,0,0,0,0,0,0,0,0,0,0,0,0,0,0,0,0,0,0,7,0,2,18,0,0,0,0,25,0,0,0,0,0,0,53,10,0,96,0,0,12,0,0,2,0,0,0,0,11,0,0,2,0,0,0,0,0,45,0,4,0,489,0,22,0,0,0,0,12,0,0,93,0,184,0,0,103,0,0,0,0,0,0,0,0,0,0,0,5,0,0,0,0,0,4,14,0,0,0,0,0,45,101,0,0,0,0,0,0,0,0,0,10,0,0,277,0,0,0,0,0,7,2200,0,0,536,0,0,25,0,6,27,0,0,0,0,0,69,0,6,0,0,70,0
"Subject_447",4,0,0,0,0,0,0,0,0,0,0,0,0,0,29,0,2,0,9,0,0,4,0,2,0,877,0,0,39,0,0,0,0,0,0,0,0,115,0,26,0,211,0,538,0,0,0,0,0,0,0,0,0,0,0,0,11,0,0,0,0,0,15,0,0,0,10,0,4,0,48,0,0,0,0,0,10,0,0,0,0,0,0,0,0,2,103,0,0,0,0,3,0,0,0,0,0,0,30,0,0,0,0,0,0,0,0,885,0,50,0,0,0,38,34,1,0,0,25,0,17,0,3,13,0,0,0,0,0,0,0,50,0,0,0,0,0,0,0,13,2,0,0,0,0,0,11,0,48,0,0,0,0,10,1,23,0,0,0,80,0,0,0,0,0,47,0,0,0,0,2,0,0,3,0,0,0,0,988,0,0,0,0,0,6,0,0,0,0,0,1,67,2,30,0,0,0,0,0,0,0,0,0,2,0,18,0,24,0,0,0,0,0,0,15,0,32,0,2,0,0,0,0,0,0,0,0,0,0,0,258,0,0,76,0,0,11,87,0,0,72,257,0,0,5,8,0,0,0,0,0,0,0,0,11,4,3,0,0,0,2,0,0,5,0,0,0,0,0,3773,0,0,38,0,0,0,0,0,7,225,0,0,446,0,0,0,0,1,0,0,0,0,0,0,44,0,13,0,0,22,0
"Subject_448",0,0,0,0,0,0,2,4,0,0,0,0,7,0,35,26,0,0,0,0,0,0,0,6,0,3019,0,8,150,16,0,0,0,0,0,0,29,341,0,12,0,184,0,0,0,0,0,0,0,0,29,0,23,0,0,0,2,0,0,77,0,0,4,2,0,0,154,0,0,0,0,4,0,7,0,507,0,0,0,128,0,0,0,0,0,49,45,0,2,24,0,124,0,0,0,0,0,0,70,0,0,59,0,0,0,0,0,63,39,0,0,0,0,55,0,2,0,30,144,0,0,0,0,7,13,0,0,0,0,0,0,97,0,0,33,0,195,0,0,16,4,6,29,0,149,0,0,0,36,0,15,69,0,18,2,0,0,0,0,0,0,0,0,0,0,0,0,4,0,0,0,1,1,0,18,0,0,0,558,0,0,0,0,0,5,0,0,14,0,0,0,22,30,22,0,0,0,0,0,0,0,0,0,510,0,11,12,130,2,13,0,0,0,0,8,0,139,0,73,0,49,0,0,0,0,13,0,0,0,0,0,3,0,57,0,0,12,0,0,3,0,0,0,0,0,11,0,0,0,0,0,0,0,2,0,2,24,0,17,5,0,0,0,4,0,0,0,0,0,83,0,0,22,0,0,0,1,0,0,1879,0,0,0,1,0,0,0,0,0,0,0,0,0,0,0,7,7,0,0,50,0
"Subject_449",0,0,2,0,0,0,2,22,0,0,0,0,0,0,23,0,62,0,0,4,0,35,0,89,0,2869,0,2,208,0,0,0,0,83,0,0,0,0,0,0,6,225,0,0,0,0,0,0,0,0,0,0,30,0,0,0,0,0,1,314,0,51,14,0,35,0,0,0,0,96,44,0,3,0,0,0,0,0,0,0,0,8,0,0,0,0,0,0,0,0,0,118,29,0,0,0,0,0,0,3,0,4,0,0,0,0,0,49,0,0,0,0,0,255,0,12,0,0,236,19,0,0,0,150,0,0,0,20,0,0,0,6,0,41,4,0,808,0,0,12,3,0,0,0,48,0,5,0,22,0,0,0,2,8,0,0,0,0,16,50,0,0,0,0,0,0,0,0,0,7,10,0,0,0,0,0,8,0,1005,0,0,0,0,0,0,0,4,0,0,0,0,109,0,23,0,0,0,0,0,0,0,0,0,406,0,68,0,0,0,0,58,0,88,0,0,0,40,43,0,10,0,0,0,0,0,0,0,0,0,0,208,0,0,384,0,0,49,0,0,20,0,0,0,0,0,41,0,0,0,0,0,6,0,0,0,0,0,0,11,49,8,0,0,3,0,0,21,0,0,9,0,0,73,5,32,0,0,0,0,181,0,0,538,0,0,0,0,0,28,0,0,0,0,0,0,0,22,0,0,287,0
"Subject_450",0,0,0,3,0,0,3,0,0,0,0,0,3,0,2,0,0,0,0,0,0,40,0,5,0,1972,0,13,32,2,0,0,0,0,0,0,13,0,1,0,5,34,0,0,0,2,0,0,0,2,0,0,8,0,0,0,0,0,0,17,0,48,4,0,0,0,30,0,0,0,3,0,0,0,0,2,0,0,0,4,0,0,3,0,0,3,2,0,0,0,0,1,0,0,0,2,0,0,0,0,0,3,0,4,0,26,0,498,11,0,0,0,0,115,0,4,0,0,30,1,0,0,0,16,7,0,0,0,0,0,2,505,0,46,0,0,100,0,0,0,3,0,0,0,69,0,0,0,13,0,2,1,0,46,2,0,0,0,6,15,0,0,0,0,0,0,0,0,0,14,5,0,1,0,0,0,0,7,128,0,0,0,0,0,2,0,0,0,0,0,0,27,2,6,423,0,0,0,0,0,0,0,0,1,0,2,0,0,0,1,0,0,14,7,6,0,27,11,80,0,0,35,0,0,0,0,0,0,6,0,57,3,0,632,0,0,7,0,0,0,0,0,0,0,7,0,0,0,0,0,0,0,0,0,0,2,2,0,0,0,0,0,0,2,0,0,0,0,0,17,0,1,778,0,0,0,0,0,0,3715,2,0,4,0,0,0,0,0,36,17,0,0,0,0,0,2,35,0,0,101,0
"Subject_451",0,0,0,0,0,0,0,0,0,0,2,0,0,0,4,0,0,0,0,0,35,7,0,1,0,2856,0,0,6,31,1,0,2,131,0,0,27,17,0,0,0,0,0,39,0,76,0,1,0,0,2,0,0,0,15,1,0,0,0,0,0,0,0,0,0,0,23,0,0,0,8,0,0,0,0,0,0,0,0,7,0,0,66,1,0,0,54,0,0,16,0,0,0,0,6,0,0,0,25,0,40,0,0,16,0,0,37,211,0,0,0,18,0,2,0,0,0,0,0,0,7,0,0,3,259,0,0,0,2,0,3,7,0,0,0,0,3,0,0,0,0,0,0,0,0,0,0,0,0,0,5,16,0,0,31,0,0,0,9,19,0,0,0,0,0,14,0,0,0,13,0,0,2720,0,0,0,0,133,0,0,6,0,0,0,0,0,0,0,57,0,0,18,0,0,0,0,0,0,25,0,0,0,46,2,0,0,1,76,0,2,0,55,0,0,20,0,0,4,0,0,24,30,0,0,0,2,0,0,51,0,134,0,0,375,0,0,5,0,0,6,11,0,0,0,0,0,0,0,0,0,137,1,6,1,0,40,0,0,9,8,0,0,0,0,163,0,0,0,13,231,0,4,47,332,0,0,0,0,0,881,0,0,57,0,0,0,0,0,0,24,0,0,0,0,0,0,9,25,0,30,0
"Subject_452",0,0,0,0,17,0,19,0,0,0,0,3,0,0,0,0,117,11,0,0,0,9,0,0,4,0,2,0,24,0,794,0,0,143,0,13,31,0,15,0,2,0,0,0,0,9,0,24,0,2,11,0,0,0,11,0,0,14,0,79,6,0,0,0,0,0,39,0,0,0,6,0,0,0,0,0,0,0,0,0,5,46,0,2,36,0,241,0,0,14,0,47,35,0,8,5,0,0,3,0,0,107,0,0,47,31,0,0,0,0,0,0,0,60,0,5,0,0,467,4,0,19,0,5,62,42,64,0,8,143,4,31,0,0,119,0,262,0,0,0,1337,0,0,0,0,0,0,0,0,0,0,2,0,0,2,0,0,0,2,132,0,0,0,0,0,0,0,0,0,0,0,0,0,44,0,0,14,19,66,8,0,0,0,0,0,0,3,32,0,0,0,159,0,0,138,0,21,0,0,0,0,0,0,0,0,853,18,0,0,4,27,0,0,3,3,0,27,7,1225,0,0,298,23,0,0,6,4,0,6,8,0,0,0,535,0,0,0,0,0,0,0,0,0,2,0,0,0,0,0,0,0,8,0,2,0,468,364,0,3,18,0,51,0,19,0,0,0,0,0,0,0,76,0,0,0,0,0,0,45,0,0,0,320,0,0,0,0,3,0,18,0,0,0,0,0,7,0,0,0,244,0
"Subject_453",2,0,1,0,0,0,10,14,0,0,0,0,6,0,45,0,3,16,0,0,0,8,0,1,0,190,0,0,10,9,2,198,0,101,0,0,3,28,2,11,0,57,0,0,0,180,0,4,0,0,0,0,8,0,2,0,0,0,0,231,1,0,9,1,0,9,5,0,0,23,13,0,1,0,0,0,2,0,0,164,0,0,12,0,0,1,1,0,2,26,0,3,3023,0,0,2,0,0,26,0,16,126,0,0,14,30,0,83,0,48,0,0,0,51,10,3,0,21,113,0,0,0,0,6,19,0,0,0,0,0,0,423,0,5,2,0,169,2,0,21,12,6,0,0,0,18,7,0,9,36,4,9,0,17,1,0,0,0,0,24,0,36,0,1500,0,17,0,0,10,0,5,0,43,0,0,0,0,3,3,0,2,0,0,1,3,0,0,0,0,0,6,16,0,3,0,0,0,3,0,0,0,0,0,2,0,9,0,48,1,2,4,0,0,0,2,1,36,0,0,0,0,7,0,0,0,5,0,0,34,24,0,0,0,45,0,0,32,0,5,2,30,0,0,0,3,25,0,0,0,0,0,0,0,0,3,3,8,0,1,5,1,0,0,6,59,0,0,0,197,0,0,0,163,0,6,0,0,5,3,1680,0,0,72,3,0,2,0,0,9,10,0,0,0,0,17,4,4,0,0,3,0
"Subject_454",0,0,0,0,0,0,0,13,0,0,0,0,0,52,4,0,0,0,0,0,15,31,0,0,0,2485,0,0,0,0,47,0,0,166,0,0,5,2,3,0,0,0,0,4,0,67,0,0,0,0,0,0,0,0,6,0,0,0,0,127,0,0,0,0,23,0,49,0,0,0,24,0,0,0,0,0,0,0,0,36,0,0,43,0,0,0,0,0,0,27,0,0,0,0,0,0,0,0,47,0,0,0,0,0,0,0,0,572,0,0,0,0,0,26,0,0,0,0,26,0,10,0,0,5,22,285,0,0,0,0,0,8,0,0,0,0,0,0,0,0,0,0,0,0,0,0,0,0,0,0,10,0,0,0,0,0,0,0,12,14,0,0,2,0,0,0,0,0,0,0,5,0,0,0,56,0,0,20,106,0,0,0,0,0,0,0,0,0,0,0,0,8,0,0,0,0,0,0,0,0,0,0,0,0,297,0,0,0,2,0,0,0,0,13,9,0,207,0,0,0,0,0,0,0,0,0,0,0,47,0,61,0,0,1463,0,0,0,0,0,0,0,0,0,0,7,43,0,0,0,0,0,0,0,0,0,0,0,0,0,3,0,0,0,2,0,0,0,0,0,2,0,0,300,0,0,0,0,0,0,2844,0,0,32,0,0,0,0,0,0,3,0,0,0,0,197,0,7,0,0,0,0
"Subject_455",0,0,0,55,0,0,0,0,0,0,0,0,0,0,85,0,0,0,0,0,0,0,0,0,0,0,0,0,0,0,0,0,0,0,0,0,0,75,0,0,0,0,0,0,0,0,0,0,0,0,0,0,0,0,0,0,0,0,0,0,0,0,0,0,0,0,111,0,0,0,0,0,0,0,0,3068,0,0,0,0,0,0,0,0,0,14,0,117,0,0,0,0,6,0,0,4,0,0,0,27,0,255,0,0,0,0,0,2902,0,0,0,0,50,364,0,0,0,0,223,53,0,0,0,0,0,0,0,0,0,0,14,630,0,0,0,0,0,0,0,0,55,0,0,0,0,0,23,0,0,0,69,0,0,362,0,0,0,0,0,0,0,0,0,0,0,0,0,28,0,0,4,0,0,0,0,0,0,0,0,0,0,0,0,0,0,0,0,0,0,0,0,0,0,0,0,7,0,0,0,0,0,36,0,0,0,0,0,0,0,0,0,0,0,0,0,0,0,0,0,0,0,7,0,0,0,0,0,0,0,0,0,0,0,189,0,0,0,0,0,0,0,0,3,0,74,0,0,0,0,0,0,0,0,0,0,0,223,0,0,0,0,0,0,0,0,0,0,0,0,56,0,0,76,0,0,0,0,0,0,0,0,0,0,0,0,0,0,21,126,0,0,0,0,0,0,0,242,0,0,0,344
"Subject_456",0,0,0,0,0,0,0,0,0,0,0,0,14,37,6,0,0,0,0,0,0,0,0,4,0,2756,0,20,47,28,13,0,0,58,0,0,10,0,0,0,3,188,0,0,0,0,0,0,0,2,0,0,13,0,0,0,0,2,0,0,0,0,0,0,0,0,205,8,0,0,17,0,0,28,0,74,5,0,0,0,2,0,0,0,54,6,0,0,0,87,82,10,4,0,0,95,0,0,0,0,0,0,0,0,3,0,0,370,149,0,0,0,0,163,0,0,0,0,130,4,0,0,2,68,190,0,0,0,0,29,0,333,0,0,0,0,7,0,0,0,17,0,0,0,0,0,0,0,0,0,19,0,0,0,0,0,0,0,0,0,0,0,0,0,0,26,0,0,0,0,0,0,0,18,0,0,0,0,191,0,0,0,0,0,0,0,0,0,0,2,0,42,3,0,0,0,0,0,10,0,0,0,0,0,0,0,0,0,3,10,0,0,0,0,0,0,53,0,41,0,0,0,0,0,0,0,0,0,28,0,0,0,0,0,0,0,0,0,0,0,0,6,0,0,0,0,0,0,0,0,126,0,0,0,8,5,39,10,0,0,0,0,0,0,0,0,0,0,0,20,0,0,130,0,6,0,0,0,0,3467,0,0,234,0,0,0,0,4,0,0,0,0,0,0,11,0,24,0,0,126,0
"Subject_457",0,0,0,0,0,0,0,2,0,0,0,0,0,0,7,0,0,0,0,0,25,0,0,40,0,4267,2,0,62,0,0,0,0,0,0,0,4,0,1,0,0,0,0,0,0,0,0,0,0,0,0,0,0,0,0,0,0,0,0,0,0,6,2,0,0,0,129,0,0,0,0,0,0,0,0,0,0,0,0,4,0,0,0,0,0,0,92,0,0,22,0,30,4,0,0,0,0,0,30,0,0,0,0,0,0,0,0,43,0,0,0,0,0,129,0,0,0,0,105,0,0,0,0,5,0,0,0,0,0,0,0,274,0,0,0,0,329,0,0,0,4,0,0,0,0,0,0,0,0,2,4,0,0,11,2,0,0,0,0,0,0,0,0,173,0,0,0,0,0,0,5,0,0,0,0,0,0,0,0,0,0,0,0,0,0,0,0,0,0,0,0,59,2,0,0,0,0,0,0,0,0,0,0,0,0,3,0,0,4,0,0,0,3,4,0,0,83,0,1,0,0,3,0,0,0,0,0,0,42,0,112,0,0,402,0,0,0,0,0,0,0,0,0,0,0,0,0,0,0,0,0,2,0,0,2,0,3,0,0,0,0,0,0,2,0,0,0,0,0,8,0,0,53,0,0,0,0,0,0,3133,0,129,0,0,0,0,0,5,22,0,0,0,0,0,27,0,6,0,0,84,0
"Subject_458",0,0,0,0,0,0,14,25,0,0,4,0,1,0,18,0,0,0,0,0,12,63,0,1,0,3435,0,0,4,7,157,0,0,29,3,0,11,283,6,2,1,0,0,53,0,77,0,0,0,2,1,0,0,0,1,0,0,0,0,233,0,38,9,0,0,0,6,0,1,0,8,0,0,0,0,501,0,0,0,27,0,0,19,0,0,1,3,0,0,28,623,3,3,0,22,1,0,0,8,0,10,0,0,0,0,0,0,107,0,0,0,0,0,141,21,2,0,1,93,0,0,0,0,4,93,0,0,0,0,0,6,508,73,0,0,4,171,0,0,0,9,0,0,0,0,110,0,0,0,16,23,0,0,0,1,0,0,0,0,118,0,56,0,0,0,0,0,4,0,0,0,0,2,1,0,0,0,120,120,0,0,0,0,0,12,0,0,0,0,0,0,49,0,0,0,0,0,1,0,0,0,0,0,0,1,6,0,51,1,2,0,0,0,7,3,0,42,0,2,0,0,51,0,0,0,0,31,0,6,2,122,0,4,24,0,0,14,0,0,0,0,5,0,0,2,76,1,0,0,0,7,0,40,0,20,17,0,0,2,0,0,0,4,11,3,0,0,0,0,4,0,0,220,0,0,0,0,0,62,1037,0,0,308,0,0,0,0,0,46,21,0,0,0,0,43,0,24,0,0,62,0
"Subject_459",0,0,0,0,0,0,0,0,0,0,0,0,0,0,0,0,15,0,0,0,31,0,6,7,0,1447,1,0,12,0,0,0,0,0,0,0,0,143,0,0,0,67,0,10,0,135,0,0,0,1,0,0,0,0,0,0,0,0,0,225,0,34,24,0,176,0,153,0,0,104,0,0,0,27,23,0,0,0,0,0,0,0,15,0,0,24,0,0,0,0,2,5,2,0,0,0,0,0,0,0,20,0,0,0,0,43,3,137,44,0,0,0,0,170,0,3,0,0,13,0,0,0,0,18,55,0,0,0,0,0,0,1259,2,32,11,0,6,0,0,18,576,0,0,0,0,0,0,0,11,33,4,23,2,83,0,0,0,0,0,59,0,10,0,0,0,25,0,0,0,14,0,0,2,0,0,0,0,0,5,0,56,0,0,0,9,0,0,0,0,1,0,46,0,0,0,4,0,0,0,365,0,0,73,0,0,86,4,14,0,0,4,0,0,0,0,0,112,0,62,0,0,0,0,0,0,0,0,0,0,0,82,25,0,214,12,0,9,0,5,0,18,47,0,0,0,0,0,0,0,0,193,2,0,0,0,5,15,0,0,2,0,0,0,0,0,0,0,180,144,1,12,0,0,0,0,0,63,0,0,2545,0,0,0,0,0,0,0,0,206,0,0,0,0,0,0,10,0,0,0,11,0
"Subject_460",0,0,6,3,0,0,2,23,0,0,0,0,0,191,25,0,0,0,6,9,76,94,0,0,1,1279,0,3,5,0,1,0,0,224,0,0,109,0,0,0,0,86,259,49,0,20,0,2,0,0,0,0,7,0,0,0,0,0,0,9,2,15,0,0,0,2,2,0,0,0,38,0,0,0,0,0,3,0,0,2,2,0,4,0,44,0,0,0,0,103,5,0,0,0,0,11,0,0,62,0,0,40,0,0,4,21,114,2,27,16,0,0,0,351,0,0,0,0,37,1,3,0,0,10,735,68,0,0,0,0,114,17,0,0,0,0,587,0,1,0,1,6,0,0,0,0,2,0,27,0,10,7,0,13,0,2,0,0,0,20,0,0,0,0,0,0,0,0,0,0,2,0,1,0,0,0,0,0,38,2,0,0,0,0,7,0,0,0,0,0,0,86,0,0,0,0,0,0,0,1,0,0,0,4,2,1,0,0,0,2,0,0,79,0,0,0,6,11,0,3,0,12,0,0,0,0,1,0,243,0,78,0,0,35,0,0,0,0,0,0,0,0,51,0,0,0,0,2,0,0,0,0,0,0,0,0,0,0,0,27,1,0,0,0,19,0,0,3,0,2,0,47,397,0,0,0,0,0,2,3108,0,0,437,0,0,0,0,0,4,53,40,0,0,0,47,0,4,0,0,130,0
"Subject_461",0,0,4,0,0,0,5,0,0,0,0,0,0,0,0,0,0,0,22,0,0,0,0,0,0,2302,0,23,2,23,0,0,0,11,0,0,47,0,0,46,0,191,0,0,0,101,0,0,0,0,0,0,11,0,0,0,0,0,0,37,0,0,0,2,0,0,0,0,45,345,0,5,0,0,0,0,12,0,0,0,0,4,8,0,0,0,2,0,0,0,0,0,3,0,0,0,8,0,0,0,0,7,0,0,0,0,0,37,62,0,0,0,0,0,0,0,0,2,1,0,0,0,0,13,40,0,0,0,0,0,0,0,0,13,19,0,23,0,0,0,6,6,0,0,0,661,26,0,15,0,0,0,0,103,114,0,0,0,0,0,0,0,0,0,0,0,0,0,0,0,0,0,9,0,4,0,0,0,270,0,0,0,0,0,3,0,0,0,0,2,3,49,0,0,0,0,0,0,24,1,0,0,0,0,0,1,4,0,6,0,56,0,0,0,0,0,0,0,64,0,10,93,0,0,0,0,0,0,0,8,0,27,0,676,0,0,0,0,6,0,0,0,0,0,0,0,2,0,0,0,0,0,0,0,0,0,6,0,10,0,0,0,11,6,3,0,0,0,0,3425,0,0,197,0,0,0,0,0,2,0,0,0,104,0,0,514,0,0,0,0,0,0,0,0,0,0,9,0,0,0,0
"Subject_462",0,0,0,0,0,0,1,0,0,0,0,0,0,0,104,0,0,0,0,0,0,13,0,0,0,4,0,0,5,0,0,0,0,292,0,0,35,2,2,0,0,0,0,14,0,121,0,0,0,0,0,0,0,0,0,0,0,1,0,2,0,13,12,0,0,0,0,0,0,0,0,0,0,7,0,0,0,0,0,11,0,0,0,0,24,0,0,0,0,0,0,3,130,0,0,0,0,0,0,0,0,152,0,0,4,34,0,113,0,0,0,0,0,305,0,0,2,0,2,0,0,0,0,4,1491,0,0,0,0,0,0,19,0,0,0,0,2,0,0,0,6,0,0,0,0,0,0,0,0,1,1,0,0,4,0,0,0,0,0,0,0,62,0,0,0,34,0,0,0,0,0,0,0,0,0,0,0,0,0,0,0,0,0,0,0,0,0,0,0,0,0,34,0,12,0,0,0,2,0,0,0,0,0,0,0,27,0,0,0,11,0,0,0,0,0,0,34,0,0,1,0,0,0,0,0,0,0,0,30,0,0,0,0,3022,0,0,0,0,0,0,41,0,0,0,0,0,222,0,0,0,46,0,3,0,0,0,0,0,0,0,0,0,0,2,0,0,0,0,0,21,0,0,1144,0,3,0,86,0,0,1941,0,0,121,0,0,0,0,0,0,0,0,0,0,0,99,0,10,0,0,56,0
"Subject_463",0,0,0,2,0,0,1,0,2,0,1,1,1,0,1,1,0,0,0,0,19,43,0,72,0,1558,0,0,22,2,42,0,0,28,0,0,11,39,1,0,0,0,196,13,0,4,0,4,1,0,1,0,1,0,10,2,0,0,0,295,1,0,1,74,0,0,187,0,0,0,7,0,0,0,0,0,2,1,0,71,2,0,82,6,19,0,428,1,0,20,0,5,86,0,0,7,0,0,0,0,0,0,0,0,3,35,2,2260,0,473,0,0,0,86,16,67,0,0,0,0,0,0,0,3,19,0,0,0,2,0,8,12,1,10,0,39,4,0,0,0,23,4,0,0,0,21,95,0,0,0,5,4,0,68,0,3,0,1,0,5,1,23,0,0,52,0,5,2,0,0,14,0,2,0,0,0,2,2,0,3,0,0,0,0,21,0,0,0,0,0,30,13,0,75,0,0,0,0,0,0,0,0,0,0,0,71,0,0,1,4,0,0,0,6,1,0,83,15,345,0,0,69,0,0,8,0,4,0,26,0,0,0,0,1610,0,0,13,0,2,0,30,0,0,0,0,0,0,0,0,0,0,2,11,0,14,105,31,0,6,0,2,0,0,8,2,0,0,0,0,62,0,37,30,0,4,1,0,1,8,13,1,0,93,0,0,0,0,142,0,2,34,0,0,0,51,46,60,0,0,60,0
"Subject_464",0,0,0,117,0,0,28,52,0,0,0,0,0,376,28,0,73,0,8,0,0,267,0,3,0,4,0,22,3,14,0,0,0,57,5,0,5,149,3,10,0,284,0,17,0,137,0,0,0,0,4,0,10,0,0,0,0,0,2,744,0,12,0,0,0,15,25,0,0,0,27,0,0,15,0,0,9,0,0,730,0,8,0,0,34,4,0,0,0,39,0,3,325,0,0,0,0,0,78,0,30,0,0,1,10,0,0,73,67,0,0,0,0,166,0,0,0,0,13,0,15,0,0,10,18,0,0,0,0,0,0,18,0,0,192,2,1169,0,0,0,3,0,0,0,0,0,0,0,21,13,2,0,0,0,0,0,0,0,0,30,0,79,0,0,0,46,0,0,17,0,0,0,2,2,0,0,0,114,124,0,0,0,0,4,1,0,4,0,0,0,0,38,0,28,0,0,0,1,15,0,0,0,0,2,0,20,0,27,1,0,100,0,0,0,23,3,0,26,2,0,0,0,0,0,0,0,0,0,66,6,57,0,0,514,0,0,25,0,0,2,27,14,0,0,0,0,0,0,0,0,0,12,0,0,66,61,11,0,0,32,56,0,0,27,7,0,0,0,0,560,0,0,2,0,0,0,0,4,2,1673,0,0,57,0,0,0,0,0,102,62,0,0,0,0,6,0,204,0,0,67,0
"Subject_465",0,0,0,0,0,0,1,20,0,0,1,0,0,0,5,0,0,0,1,0,57,50,1,0,0,701,1,0,12,0,0,0,22,20,0,18,55,69,0,0,0,0,0,145,0,40,0,7,1,0,1,0,0,0,0,0,0,0,0,202,0,42,0,1,0,0,530,0,3,25,62,0,19,0,0,0,0,0,0,146,0,8,133,4,29,0,0,2,0,20,0,3,0,0,0,0,0,0,64,0,22,1,0,11,0,0,166,1327,0,317,0,169,0,377,8,2,0,0,83,0,0,0,0,4,39,0,26,0,2,14,39,373,64,2,0,1,17,6,0,0,0,5,2,0,0,68,18,0,0,0,7,0,0,16,7,0,0,1,82,37,0,7,0,547,0,17,0,0,0,0,0,1,5,1,0,0,0,69,343,9,0,0,0,0,6,0,0,0,0,6,0,36,2,17,2,0,1,0,0,2,3,0,0,1098,68,18,1,8,0,3,0,0,36,0,3,0,49,23,10,4,138,35,0,0,0,0,2,0,109,4,485,0,0,10,49,0,22,0,0,2,29,31,0,0,0,0,1,5,1,0,112,43,2,0,75,3,0,0,62,25,0,8,3,3,0,0,0,15,1,3,9,53,15,0,0,0,0,0,21,7,0,0,206,0,0,0,0,95,0,51,0,0,0,0,0,0,2,0,0,34,0
"Subject_466",5,0,0,17,0,1,30,50,0,0,0,0,0,0,37,0,0,0,9,7,141,42,0,2,0,2847,0,5,197,28,0,480,0,75,0,0,66,152,0,0,3,249,0,85,0,17,0,1,0,0,0,0,21,18,0,0,0,0,0,773,0,22,18,0,0,0,83,33,314,0,29,1,2,19,0,0,6,0,0,58,25,0,2,0,22,0,0,1,1,8,0,9,0,0,0,0,0,0,3,0,69,0,0,0,2,0,0,582,19,44,0,38,0,124,40,0,0,2,55,36,0,0,0,12,0,0,0,0,12,37,0,9,0,0,0,81,33,0,0,50,57,0,0,0,0,185,0,0,0,0,2,0,0,8,1,0,0,0,34,12,0,93,0,0,0,40,0,0,0,0,5,0,2,0,0,0,0,3,126,0,0,0,0,0,0,5,0,0,0,0,0,24,5,6,0,0,9,1,0,0,6,0,0,2,63,21,0,94,0,26,0,0,0,0,19,0,107,21,189,13,101,8,0,0,10,0,0,0,20,3,26,0,0,2,0,0,37,0,0,0,178,93,0,0,0,0,0,0,0,0,23,1,3,1,1,10,19,0,10,0,0,0,0,4,0,0,0,0,0,304,0,73,117,0,0,0,0,2,2,4,0,3,436,0,0,0,0,9,24,0,0,0,0,0,11,7,0,0,0,10,0
"Subject_467",0,0,0,0,0,0,3,0,0,0,0,0,0,444,0,0,50,2,0,0,100,0,0,11,0,0,0,0,6,15,151,0,0,0,0,0,42,5,0,11,2,0,0,0,0,0,0,0,0,0,0,0,0,0,0,0,0,3,0,632,0,0,0,0,0,2,60,0,0,73,0,0,0,0,0,0,0,0,0,76,0,0,0,0,11,0,0,0,0,0,1,24,0,0,0,0,77,0,8,0,0,0,0,0,0,11,0,5042,42,319,0,0,0,0,0,76,0,0,34,0,0,0,6,0,0,0,0,0,0,0,0,12,0,0,0,0,0,0,0,0,12,0,0,0,0,0,7,0,0,43,0,0,0,57,0,0,0,0,0,0,0,0,0,3,0,31,0,0,0,0,2,2,2,0,0,0,0,12,120,0,0,0,0,0,6,0,0,0,0,0,0,27,0,0,0,0,0,0,0,112,0,0,0,0,0,4,2,0,0,0,0,0,10,0,0,0,117,0,681,0,143,0,0,0,0,0,0,0,0,2,0,4,0,385,0,0,9,0,0,6,0,0,0,0,0,0,0,0,0,0,0,0,0,0,0,12,3,0,15,0,7,0,0,3,0,0,0,0,28,183,0,0,360,0,8,0,0,3,5,0,0,0,128,0,0,0,0,2,12,0,0,0,0,0,0,0,67,0,0,21,0
"Subject_468",6,10,0,0,0,0,17,0,0,0,0,0,0,0,28,198,0,11,7,0,0,53,0,5,6,442,0,0,141,28,0,0,23,88,4,0,16,153,0,18,26,161,0,105,0,389,0,3,0,0,2,0,0,0,0,4,0,0,0,396,0,7,0,3,0,0,20,0,0,0,12,2,0,6,344,0,0,0,0,48,0,0,2,2,0,3,0,0,2,33,9,28,14,0,0,3,0,0,26,0,0,0,0,3,3,0,0,143,0,243,5,0,0,89,7,0,4,0,131,0,0,0,0,112,21,0,0,15,2,0,11,53,73,12,43,0,302,0,0,22,2,0,0,0,0,0,19,0,15,127,2,0,0,0,2,0,0,0,21,35,2,0,0,1135,0,0,4,0,0,0,18,0,7,0,0,0,0,5,636,0,0,0,0,0,5,0,0,3,53,0,2,159,3,0,0,0,34,2,0,0,0,0,0,81,0,39,0,0,0,22,0,0,17,0,7,0,145,16,0,0,0,127,0,0,0,2,0,0,36,24,54,0,4,164,0,0,0,0,0,0,0,0,0,0,3,16,0,0,0,0,0,3,22,2,10,8,0,0,6,0,4,0,0,10,15,0,0,0,0,616,0,0,85,0,2,0,0,0,63,1464,0,0,93,0,0,0,0,2,48,134,0,0,0,0,20,0,19,64,0,79,0
"Subject_469",4,0,0,0,3,0,0,33,1,0,0,6,0,0,19,0,0,3,16,2,119,36,0,10,0,3,0,0,0,33,5,0,0,36,0,0,0,152,0,0,0,315,0,40,0,56,577,8,0,0,53,2,35,0,32,14,0,0,0,209,14,54,0,0,0,1,91,0,0,0,38,0,0,0,0,0,12,0,0,25,0,6,38,0,76,0,4,0,0,58,0,160,0,0,0,0,0,0,6,0,0,0,0,0,4,0,2,142,0,41,0,0,0,106,0,0,0,0,208,0,17,58,0,12,79,20,0,0,2,0,22,35,0,0,18,0,0,0,0,0,3,0,0,0,0,0,0,0,17,0,6,23,0,28,0,0,87,0,10,18,0,47,0,528,0,37,12,0,0,4,24,0,0,0,0,0,9,31,1,7,3,0,28,4,0,0,5,0,71,0,0,718,0,0,0,0,0,0,0,0,0,0,0,2,0,407,0,0,0,19,0,0,0,31,51,0,49,64,0,5,4,0,24,0,0,0,837,0,9,0,148,0,8,29,0,18,41,0,0,0,73,4,0,0,0,0,0,0,0,0,1,6,18,0,18,18,0,0,17,453,1,0,0,0,38,0,5,2,7,40,9,66,505,2,0,0,0,0,7,1365,0,0,386,0,0,0,0,0,0,114,0,0,0,0,10,0,16,4,0,178,0
"Subject_470",0,0,0,0,0,0,0,0,0,0,0,0,0,0,5,0,0,0,0,0,0,25,0,2,0,154,0,0,13,0,0,0,0,0,0,0,0,0,0,0,1,0,0,0,0,0,0,0,0,0,0,0,0,0,0,0,0,0,0,0,0,0,0,82,0,0,15,0,3,0,0,0,0,0,0,0,0,0,0,8,0,0,0,0,0,5,0,0,0,0,0,12,0,0,0,1,13,0,0,0,7,8,0,0,0,0,0,104,0,34,0,0,0,272,0,0,0,0,2,0,0,0,0,0,0,36,0,0,0,0,0,38,0,0,0,17,0,12,0,0,0,0,3,0,0,561,0,0,0,0,0,0,0,0,0,0,17,0,0,0,0,11,0,0,0,32,0,0,0,8,4,0,2,16,0,0,0,0,14,0,0,0,0,0,0,0,0,0,0,0,0,0,0,5,0,0,0,0,22,0,0,0,0,72,0,12,0,0,5,0,0,0,8,0,0,0,0,0,0,0,0,77,0,0,0,0,0,0,11,0,0,0,0,1867,32,0,14,0,0,10,0,0,0,0,9,0,0,0,0,0,0,0,0,0,0,0,0,0,0,0,0,0,0,0,2,0,0,0,10,200,0,0,3821,0,0,0,0,0,0,2035,0,0,244,0,0,0,0,1,0,0,0,0,0,0,0,0,4,0,0,0,0
"Subject_471",5,0,0,0,0,0,2,0,0,0,0,0,0,145,2,0,0,0,0,0,0,0,0,4,0,1626,0,0,21,24,1771,0,0,0,0,0,15,0,0,0,3,128,0,0,0,182,0,0,0,2,0,0,0,0,0,0,0,2,0,0,0,10,0,0,0,0,29,3,14,0,0,0,0,0,0,3,0,0,0,0,0,0,0,0,0,0,0,0,0,25,64,3,11,0,0,9,0,0,0,0,0,10,0,0,0,0,0,1092,40,0,2,0,0,97,0,0,0,0,0,3,3,0,0,8,156,0,0,0,0,0,0,426,0,16,4,0,1,0,0,0,0,0,0,0,0,0,0,0,12,0,0,0,0,0,0,3,0,0,0,0,0,0,0,0,2,0,0,1,0,0,0,0,0,0,0,0,0,0,347,0,0,0,0,0,0,0,0,0,0,0,0,45,2,0,0,0,0,0,0,0,0,0,0,0,1221,0,0,0,0,6,0,0,0,0,0,0,193,0,63,0,0,0,0,0,0,0,0,0,63,0,0,0,0,215,0,0,0,0,0,0,0,0,0,0,0,0,0,4,0,0,0,0,0,0,0,0,0,0,0,0,0,0,0,0,0,0,0,0,0,6,0,0,827,0,0,0,1,0,0,1034,0,0,0,0,0,0,0,2,0,0,0,0,0,0,0,0,2,0,0,0,0
"Subject_472",0,0,0,0,0,0,0,0,0,0,0,0,2,0,8,0,0,0,0,0,45,29,0,0,0,3114,0,0,38,0,0,0,0,42,0,0,0,0,0,0,0,0,0,18,0,280,0,0,6,0,0,0,0,0,0,0,0,3,0,0,0,14,2,0,7,5,162,0,0,0,0,0,0,25,0,0,0,0,0,47,0,0,0,0,0,8,2,0,0,54,8,54,3,0,0,0,0,0,16,0,0,4,0,0,3,0,100,168,0,0,0,0,0,282,0,0,0,2,133,1,0,0,0,10,40,0,0,0,0,0,3,1,0,0,0,0,1,0,0,0,5,0,0,0,0,0,0,0,0,0,18,0,49,0,0,0,0,0,333,15,0,0,0,0,0,0,0,5,0,0,0,0,6,0,0,0,0,0,536,0,0,0,0,0,0,0,0,0,0,0,0,111,2,0,0,0,0,0,0,0,19,0,0,0,0,9,0,0,0,0,0,0,36,0,12,0,35,0,13,0,0,0,0,0,0,4,0,0,52,0,134,0,0,147,0,0,0,0,0,3,0,0,0,0,0,0,0,0,0,0,28,6,7,0,0,2,150,0,0,11,0,0,0,4,0,0,0,45,0,53,0,59,310,0,6,0,0,3,0,2262,0,0,472,0,0,0,0,2,139,0,0,0,0,0,6,0,0,0,0,155,0
"Subject_473",144,0,0,37,0,0,0,0,0,0,0,0,0,88,18,0,0,0,21,0,0,45,0,0,0,2252,0,13,57,9,88,35,0,0,0,0,11,218,0,12,0,128,0,53,0,127,0,0,0,0,5,0,0,0,0,0,0,0,0,14,0,1,0,0,0,0,100,0,0,0,20,0,0,14,0,0,4,0,0,20,0,0,51,0,5,19,0,0,0,0,0,4,125,0,0,0,0,0,72,0,0,1,0,0,0,0,0,1353,8,1081,0,0,0,211,0,0,0,0,203,3,0,0,0,389,42,0,0,0,0,0,0,124,3,0,0,47,16,0,0,28,13,0,0,0,0,0,34,0,29,8,20,0,0,34,0,0,0,0,0,20,0,53,0,2,0,57,0,0,0,162,0,14,2,0,0,0,0,5,339,0,0,0,0,0,12,0,0,0,0,0,0,79,0,89,0,3,0,0,0,0,0,0,0,35,0,89,0,0,1,0,0,0,0,0,0,0,82,0,115,13,88,0,0,0,0,0,0,0,0,5,4,0,0,23,236,0,0,0,0,5,34,0,0,0,0,0,0,0,0,0,7,0,0,0,36,37,0,0,0,0,0,0,0,0,137,0,0,0,0,33,23,0,44,0,0,0,0,0,21,331,0,1,174,0,0,2,0,0,19,0,0,0,0,0,25,0,12,0,0,81,0
"Subject_474",0,2,0,0,0,0,33,53,0,0,0,0,0,286,5,0,0,4,0,6,75,30,0,3,3,1728,0,0,2,0,97,322,0,34,3,0,38,103,1,5,0,52,106,47,0,262,0,0,0,0,0,3,0,0,47,0,0,1,0,48,0,17,0,0,153,5,42,0,31,11,66,0,0,95,1,0,0,0,0,31,2,0,0,0,51,2,0,0,0,54,293,0,1,0,0,19,0,0,9,20,0,34,0,29,0,26,50,277,16,0,2,0,0,583,0,0,0,0,36,0,0,32,0,0,94,27,0,0,3,0,24,494,15,0,0,0,1,0,0,15,4,6,0,2,0,0,2,2,33,15,22,31,2,0,0,0,0,0,0,25,0,0,0,1,0,0,0,0,5,0,2,0,1,0,0,0,0,74,135,2,1,9,0,22,31,0,0,0,10,0,0,47,2,0,19,2,0,2,0,0,0,0,0,158,0,1,0,0,2,1,0,0,12,0,21,0,26,10,129,1,0,34,110,82,0,20,18,0,107,0,44,3,4,1,0,9,0,0,12,0,0,6,0,15,3,29,0,2,2,0,5,7,21,0,13,2,0,0,0,55,1,16,0,2,0,0,0,5,0,2,0,0,152,0,2,0,512,8,5,1389,0,0,177,0,0,0,0,0,33,4,0,0,0,0,5,0,1,25,2,114,27
"Subject_475",19,0,0,0,0,0,0,0,0,0,0,0,0,0,25,0,13,0,0,0,0,43,0,3,0,582,0,0,19,52,596,30,0,245,0,0,9,75,0,0,0,0,82,0,0,0,0,0,0,0,0,0,0,0,0,0,0,0,0,13,0,0,0,0,0,0,55,28,0,38,0,0,0,0,0,0,0,0,0,42,0,0,0,0,0,13,0,0,0,0,0,47,0,0,0,0,0,0,0,16,65,0,0,0,0,0,0,565,0,0,0,0,0,429,13,0,0,0,4,0,0,0,6,0,0,0,0,0,0,0,0,2,0,0,0,25,0,0,0,0,5,0,2,0,0,640,9,0,0,0,0,0,0,12,0,0,0,0,0,0,0,40,0,1862,0,0,7,0,0,0,3,2,0,0,0,0,0,50,349,0,0,11,0,0,0,0,0,0,0,0,0,68,0,9,0,0,0,0,0,0,0,6,0,0,846,29,0,49,2,0,0,0,0,0,18,0,42,0,2,0,10,0,0,5,0,0,0,0,0,0,0,0,0,916,88,0,14,0,0,4,0,138,0,0,9,86,0,1,0,0,0,2,10,0,0,41,6,0,0,46,0,0,0,0,0,0,0,0,0,160,0,0,26,0,0,0,0,0,0,1005,0,0,185,0,0,0,0,0,0,0,0,0,0,0,0,0,14,0,0,17,0
"Subject_476",0,0,0,0,0,0,2,16,0,0,0,0,0,1,21,0,0,0,0,3,98,42,0,0,0,1948,0,38,0,4,27,21,0,3,0,0,0,0,0,0,0,112,0,21,0,1,0,0,0,0,0,0,0,0,3,0,0,0,0,62,0,0,6,0,0,0,169,0,0,0,0,0,0,6,0,0,0,0,0,11,0,0,0,0,117,0,0,0,0,20,0,0,9,0,6,0,0,0,4,0,52,9,0,17,0,0,2,31,107,0,0,6,0,199,0,0,0,0,21,0,4,0,0,61,25,0,0,0,0,0,14,613,2,0,12,0,14,9,0,0,3,0,0,0,0,0,0,0,9,0,4,56,0,110,0,0,0,0,89,16,0,0,0,0,0,15,0,0,0,0,0,0,0,0,10,0,0,144,0,0,1,0,0,0,4,0,0,0,0,0,0,32,0,0,0,0,0,0,0,0,0,0,0,1261,78,0,0,17,0,0,0,0,0,0,10,0,65,0,0,0,0,0,0,0,0,51,2,0,63,0,47,0,0,143,153,0,0,0,0,119,11,3,0,0,0,0,0,0,0,0,3,0,0,0,4,0,0,0,5,2,0,0,0,1,0,0,0,0,0,1314,0,0,269,0,0,0,0,0,3,1613,0,0,6,0,0,0,0,0,158,25,0,0,0,0,5,21,2,3,0,74,0
"Subject_477",0,0,3,0,0,0,0,0,0,0,0,0,8,2,54,0,0,0,12,0,0,2,0,0,0,4073,0,0,0,0,2,0,0,48,16,0,39,67,0,25,0,281,0,0,0,0,0,0,0,0,4,0,16,0,0,0,0,0,11,2,0,0,19,3,4,12,8,0,0,151,0,0,0,2,0,0,0,0,0,2,0,2,7,0,0,8,4,0,0,0,0,82,83,0,0,0,0,0,0,0,17,0,0,0,0,0,0,611,0,0,0,0,0,0,12,0,0,2,22,0,0,0,0,0,69,0,0,0,0,0,0,0,0,14,74,0,387,0,0,20,16,0,0,3,0,0,2,4,25,60,8,0,32,5,0,0,0,0,2,0,0,0,0,0,0,0,0,0,6,0,0,0,2,0,0,0,0,12,12,2,0,0,0,0,3,0,0,0,0,0,0,12,36,0,0,0,0,2,0,0,0,0,0,45,0,22,3,0,0,0,0,0,3,0,0,2,2,0,2,0,97,3,0,0,0,0,0,0,0,3,71,0,0,913,0,0,8,0,0,26,0,0,0,0,0,0,5,0,0,0,0,0,2,0,0,11,2,0,0,0,2,0,0,3,0,0,16,0,0,1239,0,0,842,0,5,0,0,0,2,8,0,0,23,0,0,5,0,0,2,0,0,0,0,0,57,3,11,0,6,43,0
"Subject_478",0,0,0,0,0,2,0,22,0,0,0,0,0,0,7,0,0,2,0,0,50,52,0,4,0,1017,0,0,5,81,2,0,0,22,0,0,4,0,1,0,0,0,0,67,0,338,0,7,0,0,25,0,4,4,53,0,0,0,0,289,0,0,0,0,0,0,99,0,0,0,27,0,0,7,0,0,0,0,0,562,0,4,93,0,72,0,2,0,0,49,0,0,0,0,0,3,0,0,31,0,0,0,0,0,2,0,0,437,52,389,0,0,0,275,21,0,0,0,83,0,0,0,0,5,81,102,0,0,0,5,0,96,0,0,0,0,0,0,0,0,30,0,0,0,101,0,114,0,0,0,39,37,0,93,0,0,0,0,0,11,0,0,0,112,0,0,0,0,0,0,10,0,0,0,0,0,0,75,370,0,0,0,0,0,0,0,0,0,0,0,0,74,0,0,0,0,0,2,0,0,0,0,0,79,0,25,2,0,0,7,0,0,0,8,0,0,27,10,10,7,50,84,0,0,0,0,68,0,39,0,34,0,0,24,0,0,42,0,0,530,27,0,0,0,0,0,0,0,0,0,0,0,0,0,11,41,55,0,19,6,0,0,0,19,71,0,0,0,0,19,0,19,246,0,0,4,0,2,0,2504,0,2,130,0,0,0,0,0,0,115,0,0,0,0,1,4,0,0,0,35,0
"Subject_479",0,0,0,0,0,0,2,0,0,0,3,0,0,0,2,25,0,0,0,0,0,39,0,0,0,1570,0,0,7,2,87,0,0,50,0,0,1,0,0,1,0,0,0,149,0,94,0,0,0,0,0,0,0,0,0,0,0,0,0,0,0,0,0,0,0,0,0,0,0,69,0,2,0,0,0,0,0,0,0,107,0,2,0,0,65,2,0,0,0,72,0,0,0,0,0,0,0,0,68,0,0,2,0,0,0,0,81,2359,0,0,0,3,0,1577,0,0,0,0,0,0,0,0,0,5,26,0,0,0,0,0,8,112,0,0,0,0,3,0,0,0,3,0,0,0,0,0,73,4,0,0,66,1,0,0,2,0,0,0,0,6,0,0,0,1,0,0,0,0,0,0,0,0,0,0,53,0,0,95,0,0,0,0,0,0,0,0,0,0,0,0,0,85,0,0,0,0,0,0,0,0,0,0,82,533,1251,0,0,0,0,1,0,0,0,0,11,0,0,0,0,0,0,0,0,0,0,15,0,0,28,0,81,0,0,1,0,0,0,0,0,0,0,0,0,0,0,0,0,0,0,0,0,0,0,0,31,4,4,0,0,22,0,0,0,3,45,0,0,0,0,3,0,0,34,0,0,0,0,0,0,438,0,0,339,0,0,0,0,0,0,13,0,6,0,0,26,0,0,8,0,53,0
"Subject_480",0,0,0,18,0,0,1,0,111,1,15,0,0,2,1,0,0,0,17,0,0,12,0,0,0,8,0,0,1,0,0,0,1,6,8,138,0,0,0,7,1,131,0,58,0,57,246,0,0,0,23,0,24,0,0,10,0,0,1,221,0,52,0,2,0,5,129,0,49,0,7,0,0,0,0,0,4,5,0,36,0,25,99,0,28,0,0,0,0,62,242,7,0,0,0,0,0,0,7,0,19,2,0,35,3,0,173,1,41,11,0,95,0,2087,0,0,0,0,0,4,5,0,0,15,1,48,0,0,0,0,0,119,72,17,0,0,0,0,0,0,0,0,0,0,0,0,0,0,24,0,0,0,0,0,2,0,0,2,7,40,0,0,0,0,0,0,0,0,0,5,0,0,9,20,0,0,0,33,53,0,0,0,0,0,0,11,2,0,0,0,0,322,2,0,0,0,15,0,0,0,0,0,0,1234,0,0,0,0,0,1,0,0,13,0,2,0,25,116,0,2,0,108,0,4,3,0,0,0,11,15,123,0,0,85,0,8,0,0,0,1,0,0,50,0,0,0,0,0,0,0,4,0,0,0,33,0,0,0,0,0,8,23,0,0,2,1,0,39,12,22,4,0,29,0,0,0,0,0,1,2473,0,0,207,0,0,0,4,0,18,77,0,0,0,1,5,0,0,63,0,0,0
"Subject_481",0,0,0,0,0,0,2,2,0,0,0,0,0,13,83,0,0,0,4,0,12,0,2,12,0,1235,0,38,8,0,0,0,0,39,0,0,0,0,0,4,2,139,0,32,0,15,0,0,0,0,0,0,0,0,0,0,0,0,0,2,0,0,0,0,2,0,43,0,0,0,0,0,0,2,0,0,0,0,0,2,0,0,0,4,2,0,98,9,0,20,0,6,121,0,0,6,0,0,39,0,0,22,0,0,3,0,5,403,0,15,0,0,0,188,0,22,13,0,60,3,0,0,0,49,21,0,0,0,0,0,0,3,0,27,5,0,3806,0,0,0,3,0,9,0,50,0,2,2,0,0,3,0,0,8,34,0,0,0,3,2,0,0,0,0,0,0,0,0,0,0,5,0,0,0,4,0,0,0,6,0,0,0,0,0,2,0,0,0,0,0,0,21,5,19,0,2,0,0,0,0,5,0,0,0,0,3,2,0,2,0,0,3,3,0,1,0,49,0,0,2,0,28,0,0,0,8,0,0,66,0,10,0,0,570,0,0,0,0,0,0,0,0,0,0,0,0,0,0,0,0,180,0,0,0,0,0,2,0,0,3,0,0,0,2,0,0,0,0,2,63,0,23,431,0,8,0,0,0,0,1578,0,0,16,0,0,8,0,27,0,6,0,0,0,0,33,0,7,0,0,9,32
"Subject_482",3,0,6,1,0,0,2,38,0,0,0,0,0,0,14,0,91,1,0,0,0,30,0,4,0,3047,0,0,25,9,153,0,0,92,0,0,22,471,2,0,0,0,0,0,0,0,0,0,0,0,0,0,0,2,0,0,0,4,0,0,0,0,0,0,0,0,17,0,0,0,17,0,0,10,0,0,3,0,0,43,0,0,171,0,0,2,0,0,1,187,0,9,7,0,0,2,0,0,0,0,0,1,0,0,0,0,0,2080,0,25,0,0,0,271,28,11,0,1,88,2,2,0,0,4,39,0,0,0,0,0,0,272,0,0,0,0,7,0,0,0,0,0,0,0,0,26,0,0,0,6,21,0,0,0,63,0,64,0,0,0,0,0,0,0,0,28,0,0,0,4,9,0,2,0,13,0,0,0,0,0,0,0,0,0,0,0,0,0,0,0,0,289,0,23,0,0,0,4,0,0,0,0,0,2,1,0,0,28,1,8,0,0,0,0,0,1,59,0,331,0,0,0,0,0,12,0,0,0,0,0,0,0,0,65,0,0,9,0,0,0,0,52,0,0,2,6,0,0,0,0,0,0,0,0,17,13,0,0,26,0,0,0,0,13,0,0,0,0,0,17,0,0,28,0,10,0,0,0,0,1192,0,3,109,0,0,0,0,0,0,0,0,0,0,0,68,0,6,0,0,61,0
"Subject_483",0,0,0,0,0,0,0,0,0,0,0,0,0,0,96,0,0,0,0,0,0,21,0,0,0,424,0,0,0,0,132,0,0,2,0,0,0,189,0,0,0,0,0,182,0,262,0,0,0,0,0,0,0,0,0,0,0,3,0,0,0,0,0,0,335,0,0,0,0,265,0,0,0,0,0,0,0,0,0,351,0,0,0,0,0,0,0,0,0,56,0,0,0,0,0,0,0,0,0,0,0,0,0,0,0,0,273,427,0,0,0,0,0,0,0,0,0,0,92,0,0,0,0,0,0,0,3,0,0,0,34,0,420,0,0,0,0,0,0,0,0,0,0,0,0,0,32,0,0,0,0,0,0,0,0,0,0,0,0,28,0,0,0,0,0,0,0,0,0,0,0,0,0,0,0,0,0,0,69,0,0,0,0,0,2,0,0,0,0,0,0,31,0,0,0,0,0,0,0,8,0,0,237,0,0,0,0,0,0,0,0,0,0,0,0,0,0,410,0,0,0,0,0,0,0,0,0,0,159,0,0,0,0,1,0,0,0,0,0,0,0,0,0,0,0,0,0,0,0,0,0,14,0,0,0,0,0,0,0,2,0,0,0,4,0,0,0,91,0,23,358,0,0,0,0,0,0,0,0,4803,0,0,1,0,0,0,0,0,0,77,0,0,0,0,0,0,1,65,0,15,0
"Subject_484",3,0,0,0,0,0,0,0,0,0,0,0,0,0,26,0,0,0,6,0,12,3,0,0,4,2807,0,14,8,16,90,30,2,23,0,0,24,1,0,0,0,41,0,11,0,8,0,0,0,0,0,0,8,0,5,0,2,0,0,38,0,0,0,0,0,0,204,0,44,0,0,0,0,2,0,0,0,0,0,4,0,0,0,0,2,135,445,0,0,22,0,5,0,0,0,0,0,0,15,0,0,35,0,0,1,48,2,303,0,0,0,6,0,237,23,0,0,0,14,9,3,0,19,13,94,96,0,0,0,0,5,18,0,0,142,100,89,13,0,0,27,0,30,0,0,21,0,0,40,0,5,0,0,6,0,0,0,0,0,11,0,0,0,2,0,22,0,0,0,0,0,0,0,0,25,0,0,2,0,1,0,0,2,0,0,0,0,0,0,0,0,87,8,60,0,0,0,0,0,0,0,0,0,0,1157,15,0,20,0,0,0,0,0,0,2,0,13,0,37,0,2,21,0,0,0,2,0,0,2,0,12,0,0,269,0,0,8,0,0,0,0,5,0,0,143,0,0,0,0,0,0,2,0,0,2,15,0,0,0,8,2,0,0,4,0,0,0,0,0,654,0,0,60,0,0,0,0,0,0,1610,0,0,92,0,0,0,0,0,0,11,0,0,0,2,48,0,49,53,0,8,0
"Subject_485",19,0,0,0,0,0,5,3,0,0,0,0,0,0,0,0,0,0,0,8,8,7,0,0,0,344,0,0,134,19,84,0,0,0,0,0,0,106,0,0,0,0,209,19,0,61,0,0,0,0,0,0,0,0,35,0,0,0,0,2,0,0,0,0,5,0,39,0,0,151,4,0,0,10,0,0,0,0,0,2,0,0,0,0,0,0,4,0,0,16,0,148,16,0,0,0,0,0,2,55,0,2,0,0,0,0,0,1504,11,25,0,0,204,62,0,0,0,0,104,7,0,0,0,20,27,0,0,0,0,0,6,567,0,0,0,0,0,0,0,26,535,0,0,0,0,0,30,0,41,0,0,0,6,8,0,0,0,0,2,6,0,0,0,0,0,0,0,0,0,0,0,0,33,0,0,0,0,4,31,0,0,0,0,0,0,0,0,0,0,0,0,57,5,40,0,0,0,0,0,0,0,0,0,2,0,97,0,0,0,0,0,0,0,0,2,0,90,0,333,0,0,0,0,0,0,2,0,0,0,0,99,0,0,432,0,0,0,0,0,0,0,0,0,0,0,0,0,0,0,0,74,0,0,0,0,0,0,0,0,4,0,0,0,0,0,0,0,0,0,175,0,0,671,0,0,0,0,0,0,3056,0,0,29,0,0,0,0,0,7,0,0,0,0,0,15,0,30,0,0,5,0
"Subject_486",0,0,0,0,0,0,2,84,0,0,0,0,0,489,15,0,0,0,0,0,56,0,0,0,0,2949,0,0,0,0,0,0,0,0,0,0,0,5,0,0,0,0,0,61,0,152,0,0,0,0,0,0,0,0,0,0,0,0,0,53,0,116,0,0,0,0,246,0,0,0,0,0,0,0,0,0,0,0,0,0,0,0,0,0,0,0,3,0,0,31,0,0,0,0,0,0,0,0,3,0,0,203,0,0,0,0,14,826,0,0,0,0,0,501,0,0,0,0,41,0,0,0,0,7,85,0,0,0,0,0,86,193,0,0,0,0,0,0,0,0,0,0,0,0,0,0,0,0,0,0,23,3,0,0,0,0,0,0,18,36,0,0,0,3,0,0,0,0,0,0,0,0,1,0,0,0,0,0,71,0,0,0,0,0,0,0,0,0,0,0,0,79,4,0,0,7,205,0,0,0,0,0,0,0,3,0,0,0,0,0,0,0,12,0,2,0,12,0,0,0,0,0,0,0,0,5,0,0,0,0,146,0,0,408,0,0,0,0,0,0,0,0,0,0,0,0,0,2,0,0,2,0,0,0,0,0,0,0,0,6,0,0,0,6,0,0,0,66,0,139,3,0,466,0,0,0,0,0,3,1887,0,0,78,0,0,0,0,0,0,11,0,0,0,0,0,0,0,0,0,28,50
"Subject_487",0,0,0,0,0,0,4,75,0,0,0,0,0,0,0,0,74,0,0,13,0,8,0,0,0,0,0,0,0,0,0,52,0,496,0,0,0,24,0,0,0,0,263,106,0,1064,0,0,0,0,0,0,0,0,0,0,0,0,0,31,0,29,0,0,0,0,0,0,0,0,40,0,0,0,0,0,0,0,3,48,0,0,0,0,221,0,0,0,0,46,0,0,5,0,0,86,0,0,0,0,0,0,0,0,0,0,1,1410,0,0,0,0,0,157,0,0,0,0,177,14,0,0,0,0,258,1336,0,0,0,0,70,482,0,0,0,0,0,0,0,0,0,0,2,0,0,14,0,0,0,0,17,0,0,0,0,0,0,0,0,8,0,0,0,824,0,0,0,0,0,0,0,0,0,0,0,0,0,13,455,0,0,0,24,9,49,0,0,0,272,0,0,183,0,0,0,0,0,0,0,0,0,0,0,0,0,0,0,0,0,0,0,0,58,0,11,0,0,11,0,20,3,0,0,31,0,7,0,0,73,0,197,0,0,0,0,0,0,5,0,0,0,0,0,0,0,0,0,0,0,0,676,0,6,0,0,0,0,0,0,0,0,0,0,0,0,0,0,0,0,0,0,116,0,0,0,0,0,0,6,0,0,0,129,0,0,0,0,0,0,27,162,0,0,0,0,0,0,0,0,0,0
"Subject_488",0,0,0,4,0,0,0,0,0,0,0,0,0,0,81,0,0,0,0,0,0,1,0,15,0,921,0,0,30,0,0,0,0,121,0,0,18,369,6,0,0,873,0,0,0,29,0,0,0,0,0,0,39,0,0,0,0,0,0,0,7,0,27,1,0,0,119,0,123,0,0,0,0,0,0,0,34,0,0,0,0,0,64,0,0,4,5,0,0,121,0,6,0,0,0,40,0,0,0,0,45,0,0,0,0,0,0,1078,0,0,0,0,0,97,0,0,0,0,15,0,0,0,0,42,0,0,0,0,0,0,0,2419,0,31,0,29,85,0,0,43,43,0,0,0,0,20,0,0,50,0,21,0,0,34,2,0,0,0,0,101,0,89,0,0,0,0,65,0,0,0,11,0,0,0,0,0,0,2,0,0,0,0,0,0,0,0,0,0,0,0,15,51,6,0,0,0,0,0,0,0,0,0,0,0,0,35,0,0,0,36,0,0,0,0,0,0,6,15,5,0,0,35,0,0,0,0,0,0,6,0,0,0,0,331,0,0,21,0,0,0,426,0,0,0,18,0,0,0,0,0,0,0,0,0,14,11,0,0,0,0,0,0,0,15,0,0,0,0,0,870,0,0,347,0,32,0,0,0,0,61,0,0,228,0,0,0,14,0,0,0,0,0,0,0,0,0,8,0,0,7,0
"Subject_489",0,0,1,0,0,0,96,0,0,0,0,0,0,0,28,0,0,0,1,0,32,4,0,0,0,2253,0,0,252,14,149,0,0,2,0,0,5,0,0,0,2,0,0,0,0,57,0,0,0,0,0,0,0,0,190,0,0,3,0,0,0,0,0,0,0,37,299,0,6,0,0,0,0,0,35,0,0,0,0,0,0,0,335,0,0,0,0,0,0,0,2,79,84,0,0,171,0,0,6,0,10,18,0,0,1,26,2,1738,0,0,0,0,0,10,34,0,2,0,23,2,16,0,0,9,5,0,0,0,0,168,0,51,0,29,0,4,4,0,0,0,623,14,0,0,0,961,0,9,0,0,0,62,0,18,2,0,62,0,0,10,0,79,0,220,0,34,0,0,0,10,0,0,2,29,19,0,0,7,0,0,0,62,0,0,32,0,0,0,0,25,0,3,0,0,298,0,0,2,11,0,0,0,0,0,0,0,0,33,0,0,0,0,0,0,0,0,0,51,305,0,47,0,22,0,31,0,0,0,0,43,0,0,0,0,180,0,21,0,0,0,45,0,2,0,0,0,0,0,0,0,0,0,0,0,0,13,0,0,0,0,0,0,0,4,5,0,2,0,0,32,0,0,116,0,11,1,0,0,0,2,0,0,115,0,0,0,1,0,0,0,0,0,0,4,5,0,3,0,0,21,0
"Subject_490",0,3,0,0,0,0,0,0,0,0,0,0,0,0,2,0,0,18,57,0,0,10,0,36,0,102,0,0,5,11,740,0,0,17,10,0,13,131,0,0,0,96,0,144,0,116,0,0,0,0,32,0,15,0,0,0,0,0,0,229,31,0,0,1,0,0,5,0,10,0,47,0,0,0,0,0,4,0,0,22,0,2,15,0,0,0,16,0,0,40,0,7,5,0,0,0,0,0,0,0,94,0,0,0,0,0,0,2,0,0,0,7,0,134,9,0,0,0,0,0,0,0,0,6,31,0,0,0,1273,0,5,4,2,0,0,8,59,0,0,0,2,0,0,0,0,848,0,0,41,0,0,0,2,0,0,0,0,0,0,45,0,62,0,0,0,0,0,0,0,27,0,0,12,0,0,0,6,150,462,0,0,0,0,0,0,0,2,0,0,0,0,43,0,0,0,0,25,0,0,0,0,4,0,63,0,0,0,89,0,6,0,0,0,0,2,0,0,208,234,0,50,64,0,7,0,0,0,0,118,17,115,0,0,2,0,0,31,0,0,2,60,0,0,0,4,0,0,0,0,0,0,5,0,0,5,0,0,0,0,0,0,0,0,2,3,0,0,1049,0,13,0,0,19,0,0,0,0,0,7,2032,0,0,238,0,0,0,0,0,0,154,0,0,0,0,0,0,18,0,0,27,0
"Subject_491",0,0,0,0,0,0,2,0,0,0,0,0,0,73,0,0,0,0,0,0,1,5,0,0,2,3652,0,0,7,1,0,0,0,179,0,0,37,0,0,0,1,0,3,10,0,47,0,0,0,0,0,0,0,0,0,0,0,0,0,1,0,0,0,0,0,0,2,1,0,0,5,0,0,2,0,8,0,0,0,13,2,0,0,0,2,0,0,0,2,40,9,0,0,0,6,2,0,0,26,0,9,0,0,0,0,17,19,613,3,0,0,0,0,135,4,0,0,0,11,0,5,0,0,3,239,53,0,0,0,14,1,67,0,0,0,21,595,0,0,0,8,0,0,0,0,625,0,0,0,0,9,13,0,0,1,0,0,0,6,2,0,28,0,129,0,0,0,4,0,0,3,0,0,0,0,0,0,0,0,0,2,0,0,0,0,0,0,0,0,0,0,2,2,0,261,0,0,1,0,0,0,0,0,0,0,0,0,47,0,2,0,0,23,0,2,0,53,12,0,1,0,0,0,4,0,0,0,0,66,1,72,0,0,205,0,0,12,0,0,0,0,2,0,0,0,0,0,0,0,0,0,0,0,0,0,0,0,0,0,1,0,0,0,0,0,0,0,0,0,18,0,0,297,0,0,0,0,0,10,2100,0,0,0,0,0,0,0,0,3,3,0,0,0,0,7,0,0,11,0,0,0
"Subject_492",1,0,0,0,0,0,2,47,0,2,0,0,0,212,2,0,0,0,9,3,157,19,0,6,0,898,0,11,3,5,219,0,9,58,0,0,8,184,0,0,0,58,0,13,2,37,0,3,0,0,26,0,19,0,0,0,0,0,0,309,4,121,0,0,0,8,35,8,32,10,13,0,0,38,0,0,5,5,0,68,0,0,0,0,679,2,0,0,0,82,0,7,0,6,0,0,0,0,26,0,9,0,0,0,8,0,99,90,0,3,0,0,0,285,7,0,0,2,157,0,4,0,2,35,19,0,2,0,8,0,2,347,2,0,0,18,20,2,2,21,8,0,0,0,0,0,0,0,9,0,15,12,30,40,0,0,0,0,0,62,0,24,0,107,0,24,4,0,3,0,3,0,0,0,0,0,0,403,44,0,8,7,0,4,0,0,0,0,0,0,0,56,0,18,0,0,165,0,7,319,0,0,0,0,0,20,0,18,1,2,0,0,52,0,3,0,33,11,125,4,74,38,0,0,0,8,0,0,23,0,182,0,0,7,0,0,6,0,0,0,12,0,31,0,0,0,0,0,0,0,121,3,17,0,14,1,5,0,0,5,28,0,0,1,3,0,0,0,1,0,72,34,77,2,5,1,0,0,6,2513,0,13,143,0,0,0,0,0,174,2,0,0,0,5,9,2,3,0,0,98,11
"Subject_493",0,0,0,0,0,0,0,0,0,0,0,0,0,0,0,0,111,0,0,0,0,192,0,4,0,0,0,0,0,0,11,0,0,571,0,0,0,0,0,0,0,0,0,0,0,0,0,0,0,3,0,3,0,0,0,15,0,5,0,11,0,0,6,0,0,0,0,0,0,97,0,0,0,0,0,0,0,0,0,15,0,0,0,0,0,4118,0,0,0,0,0,0,0,0,0,0,0,0,0,0,0,0,40,0,0,0,0,0,0,0,0,0,0,0,0,100,0,127,0,0,0,0,0,0,0,102,0,41,0,0,0,0,0,3,200,0,0,0,0,0,98,0,0,0,0,0,12,0,0,0,0,0,66,0,0,0,0,4,0,0,0,0,0,0,0,0,0,0,0,0,10,0,0,0,0,0,0,0,28,0,0,0,0,0,0,0,0,0,0,0,0,52,5,0,0,0,0,0,18,0,0,0,5,0,0,36,4,0,0,8,0,0,98,0,0,0,0,0,29,0,0,0,0,0,0,0,0,613,0,0,0,0,0,1777,0,0,0,0,0,0,0,0,0,0,0,62,0,0,0,0,0,0,0,0,0,0,103,0,0,0,6,0,0,12,0,4,0,0,0,323,0,0,0,0,39,0,0,0,16,0,0,0,773,0,0,0,0,19,0,0,0,0,0,3,0,0,0,0,0,0,0
"Subject_494",0,0,0,0,0,0,3,6,0,2,0,3,0,0,17,0,0,0,0,0,8,9,0,0,0,447,0,0,45,0,0,0,0,86,0,30,0,3,0,0,3,0,0,320,15,618,0,0,0,0,0,0,0,0,0,0,0,0,0,34,4,0,0,0,3,0,34,0,0,0,24,0,0,71,0,0,0,0,0,3,18,0,0,1,51,0,1314,0,0,50,0,5,9,0,0,6,0,0,54,0,15,0,0,0,37,260,5,319,3,56,0,0,0,336,0,5,0,10,127,0,0,0,0,0,66,3,0,0,0,0,14,309,0,13,0,0,2,0,0,0,12,0,0,0,0,0,11,34,0,0,8,6,0,7,0,7,0,0,2,437,0,0,0,0,0,0,0,0,0,0,0,0,0,0,0,0,0,0,123,9,1,0,0,0,8,0,0,0,92,0,0,63,7,47,105,0,0,0,0,0,0,0,0,0,0,26,0,0,0,29,0,0,3,4,2,0,265,4,0,9,0,152,0,0,0,0,0,0,88,0,74,0,0,831,0,30,0,0,0,0,0,0,0,0,0,0,0,3,0,0,2,4,22,0,80,31,0,0,0,0,1,54,0,0,0,0,0,13,0,3,0,85,0,0,2,0,12,0,54,1479,2,0,190,0,0,0,0,0,0,4,0,0,0,7,339,64,11,3,0,164,0
"Subject_495",0,0,0,0,0,0,0,50,0,0,0,0,0,0,1,0,1,0,0,10,0,47,0,2,0,2732,0,0,5,2,31,0,0,0,0,0,4,29,2,0,0,0,0,82,0,1396,0,0,0,0,0,0,0,0,0,0,0,0,0,0,0,0,0,0,0,0,111,0,0,0,0,0,0,51,0,0,0,0,0,148,0,0,0,0,0,0,137,0,0,58,0,1,0,0,0,0,0,0,49,0,0,0,0,0,0,75,0,386,0,0,0,0,0,836,0,2,0,0,25,0,0,0,0,4,0,0,0,0,0,0,74,200,0,0,0,0,11,0,0,0,2,0,0,0,0,0,3,11,0,0,0,6,0,0,2,0,0,0,0,10,0,0,0,13,0,0,0,0,0,0,5,0,0,0,0,0,0,0,361,9,0,0,0,0,0,0,0,114,0,0,0,151,2,0,0,0,0,0,0,0,0,0,0,0,0,4,0,0,2,2,2,0,0,7,5,0,33,0,0,0,0,0,0,0,0,0,0,0,62,0,0,3,0,77,0,0,0,0,0,0,0,0,0,0,3,2,0,0,0,0,0,4,20,0,21,0,5,0,17,164,0,0,0,2,0,0,0,0,0,0,0,21,9,0,0,0,0,0,0,1784,0,0,421,0,0,0,0,0,17,0,0,0,0,0,0,0,1,0,0,67,0
"Subject_496",0,0,0,2,0,0,111,0,0,0,0,0,2,0,28,0,0,0,13,4,0,0,3,8,2,2857,0,1,24,25,0,0,0,66,0,0,0,34,0,8,0,50,0,40,0,61,0,0,18,0,2,21,0,0,0,0,0,0,0,0,0,47,0,0,0,0,18,1,0,0,33,0,0,4,0,0,0,0,0,0,0,0,0,0,19,0,1,1,0,0,0,10,0,0,0,0,0,0,0,0,11,119,0,0,0,26,0,121,0,0,0,0,0,45,5,0,144,0,8,4,0,0,2,10,0,0,0,0,0,0,0,409,0,0,0,0,14,3,0,10,2,0,0,0,0,729,0,0,47,0,5,0,0,16,15,0,0,0,9,37,2,28,0,0,0,27,0,0,0,0,0,0,0,0,0,5,0,0,43,0,0,0,0,0,0,0,0,0,0,0,0,0,2,0,0,25,0,0,0,0,0,0,0,0,0,0,0,59,0,21,0,44,0,0,0,0,25,0,2,3,0,0,0,0,0,0,0,0,0,27,48,0,0,1025,0,0,0,0,0,0,47,4,0,0,0,0,0,0,0,0,0,2,0,0,0,0,2,0,0,12,0,0,0,0,0,0,0,0,0,13,0,0,357,0,3,0,2,0,15,2720,0,0,92,0,0,0,0,1,2,0,0,0,0,1,0,0,14,0,0,24,0
"Subject_497",20,0,0,0,0,0,0,0,0,0,0,0,19,0,57,0,0,0,0,0,0,0,0,48,0,1955,0,39,296,17,0,0,0,35,0,0,0,0,0,15,0,0,0,0,0,0,0,0,0,0,0,0,0,0,0,0,0,0,0,0,0,0,0,0,0,0,0,0,0,0,0,0,0,0,0,0,6,0,0,0,0,0,0,0,0,4,340,0,8,0,0,98,137,0,0,40,0,0,0,0,0,11,0,0,0,0,0,2064,0,64,0,0,0,0,0,123,0,67,0,0,0,0,0,34,0,0,0,0,0,0,0,0,0,298,0,0,284,0,0,0,0,0,0,0,0,0,0,0,0,0,0,0,6,0,0,0,0,0,0,0,0,0,0,0,0,0,0,0,0,0,0,0,0,0,0,0,0,0,0,0,0,0,0,0,0,0,0,0,0,0,0,0,0,11,0,0,0,0,0,0,0,0,0,0,0,6,0,30,2,45,0,0,0,0,0,0,0,0,110,0,0,0,0,0,0,0,0,0,0,0,0,0,0,282,0,0,0,11,0,0,0,0,0,0,0,0,0,0,0,0,0,0,0,0,0,3,0,0,0,0,0,0,0,0,0,0,0,0,0,31,0,0,179,0,0,0,0,0,0,3022,0,9,0,31,0,42,0,0,0,0,0,0,0,0,76,0,3,0,0,25,0
"Subject_498",0,2,3,19,0,0,1,13,1,1,4,2,0,0,2,0,0,0,6,1,2,53,0,0,2,1546,2,0,0,0,0,0,3,8,8,0,0,4,0,0,1,58,0,17,0,5,0,8,0,0,2,0,13,0,4,9,0,0,0,31,0,1,0,0,0,1,203,0,0,0,25,0,2,41,16,0,0,0,0,8,3,6,0,6,56,0,0,0,0,42,277,1,1,0,0,0,0,0,5,2,17,0,0,5,2,169,4,898,0,10,0,0,0,1746,0,0,0,0,128,0,0,0,0,0,12,176,0,0,5,62,7,25,0,19,4,0,13,0,0,17,0,0,0,0,0,0,45,2,24,0,18,1,0,0,2,0,0,0,94,15,0,0,2,1,0,24,0,0,5,0,10,0,1,0,0,0,0,33,34,2,2,0,0,0,0,0,0,0,39,0,0,276,0,0,455,0,0,2,0,0,0,0,0,266,0,10,0,0,0,0,0,0,26,0,7,0,27,19,0,1,12,41,11,4,0,22,89,0,16,4,10,0,0,228,0,8,11,5,0,23,0,0,42,10,0,0,0,1,0,34,21,2,10,0,11,111,0,3,11,3,7,6,0,2,4,0,6,34,43,7,0,33,157,0,0,0,9,1,1,1328,0,0,219,0,0,0,0,0,3,7,0,0,0,0,1,4,39,3,0,53,0
"Subject_499",0,0,0,0,0,0,1,0,0,0,0,0,0,0,20,0,0,0,0,0,0,21,0,0,0,3129,0,0,7,7,3,0,0,0,0,0,20,0,0,0,0,0,0,0,0,11,0,0,0,0,0,0,0,0,0,0,0,0,0,0,0,0,0,0,0,0,0,0,0,0,0,0,0,0,0,0,0,0,0,0,0,0,1,0,0,0,0,0,0,73,0,0,126,0,0,0,2,0,6,0,20,80,0,0,1,0,0,1576,0,0,0,0,0,80,0,0,0,0,40,0,0,0,0,5,368,1,0,0,0,0,2,147,2,0,0,1,223,0,0,0,8,0,0,0,0,0,0,0,0,0,17,0,0,0,0,0,0,1,0,16,0,0,0,0,0,28,0,4,0,4,0,0,0,0,0,0,0,12,0,0,0,0,0,0,0,0,12,0,0,0,0,43,0,0,0,0,0,1,0,0,0,0,0,0,0,0,0,0,0,0,0,0,0,0,0,0,0,0,0,0,0,5,0,0,0,0,2,0,15,0,0,0,0,0,93,0,0,0,2,0,16,0,0,0,0,0,0,0,0,0,0,0,0,0,0,0,0,0,0,0,0,12,0,0,0,0,0,0,0,35,0,0,779,0,0,0,0,0,0,2748,0,0,83,0,0,0,0,0,0,10,0,0,0,0,0,0,0,5,0,76,0
"Subject_500",0,0,0,3,0,0,2,0,0,0,0,0,0,0,12,0,17,0,0,0,0,45,0,1,0,1038,0,0,7,36,273,8,0,278,0,0,28,171,0,2,0,0,0,59,0,216,0,0,0,0,0,18,0,0,0,0,0,0,0,71,0,0,0,0,0,0,86,0,0,57,0,0,0,0,0,0,0,0,0,0,0,0,0,0,21,0,117,0,0,0,0,33,4,0,0,5,0,0,0,0,0,0,7,0,0,37,0,41,0,0,0,0,0,89,20,0,0,0,58,0,11,0,0,9,0,0,0,0,0,0,0,0,0,0,0,0,26,0,0,0,20,0,0,0,0,6,0,0,0,0,0,0,0,0,1,0,0,0,0,189,0,77,0,0,0,30,0,2,0,0,22,0,2,0,0,0,0,163,115,0,0,0,0,0,32,0,0,0,0,0,0,20,1,0,0,0,122,0,11,9,0,0,0,1876,0,4,28,67,0,2,11,0,0,0,0,0,212,0,0,0,0,32,0,0,0,0,0,0,0,6,94,0,0,36,0,0,25,0,0,0,64,10,0,0,2,0,0,0,0,0,0,67,0,0,0,4,7,0,0,0,3,0,0,0,196,0,0,0,0,5,0,54,269,0,0,0,0,0,4,2446,0,0,574,0,0,0,0,1,36,74,0,0,0,2,0,0,13,0,0,52,0
"Subject_501",0,0,0,0,0,0,0,0,0,0,0,0,2,2,64,0,0,0,5,0,0,13,0,0,0,1907,0,6,8,7,0,0,0,0,0,0,0,0,0,0,17,60,0,0,0,0,0,0,0,0,0,2,8,0,0,0,0,2,0,0,0,0,0,0,0,0,289,0,0,36,0,0,0,0,0,0,2,0,0,4,0,0,0,0,0,8,118,0,0,0,0,29,89,0,0,0,58,0,0,0,19,3,0,0,0,0,0,817,41,20,0,0,0,108,0,1,106,0,96,0,3,0,2,3,0,0,0,0,0,0,0,412,0,0,5,0,14,0,0,0,18,0,0,0,0,0,7,0,9,0,0,0,0,6,1,0,0,0,0,0,0,9,0,0,0,22,0,0,0,0,0,0,0,0,0,0,0,0,1,2,0,0,0,0,0,0,0,0,0,1,0,48,0,21,0,0,0,0,0,0,0,0,0,0,0,26,0,19,0,4,102,0,0,0,0,0,11,34,30,0,0,34,0,0,0,0,0,0,0,3,0,0,0,212,0,0,0,0,0,0,0,37,0,0,112,0,0,0,0,0,0,0,0,0,0,50,15,0,0,0,0,0,0,0,0,0,0,0,4,4275,0,0,174,0,1,0,0,0,0,221,0,0,65,0,0,0,0,2,0,0,0,0,0,0,0,0,6,0,0,28,0
"Subject_502",8,0,9,0,92,0,41,74,0,0,0,0,0,0,15,0,0,0,57,0,0,5,0,25,0,7,0,0,42,11,0,0,0,274,0,0,11,0,0,0,12,505,0,0,0,245,0,0,0,0,0,0,48,0,91,8,0,3,0,28,0,0,28,0,0,0,157,0,0,0,0,0,3,0,0,0,8,0,0,32,0,0,81,0,0,0,0,0,0,2,0,51,156,0,0,35,93,0,0,0,0,63,0,0,0,0,2,5,0,4,0,0,0,214,21,0,18,12,76,0,0,0,0,49,70,708,0,416,0,0,0,8,0,28,38,0,2,30,0,0,3,14,0,0,0,335,0,0,38,0,13,0,0,43,0,0,0,0,0,0,0,152,0,1024,0,73,0,0,0,0,3,0,56,0,0,0,0,0,0,0,0,0,0,0,17,0,0,0,0,56,0,199,7,0,0,0,0,0,0,0,0,0,0,0,0,3,1,172,0,27,0,151,0,0,6,0,0,214,143,0,0,16,0,0,0,0,0,0,0,0,0,0,0,57,0,0,0,0,0,4,105,0,0,0,0,11,0,3,0,0,0,2,0,0,0,0,5,0,15,0,0,0,0,1,296,0,0,0,5,135,0,134,529,0,369,0,0,0,0,8,0,0,1439,0,0,0,31,3,0,0,0,0,18,0,0,0,5,0,0,37,0
"Subject_503",0,0,0,1,0,0,0,0,0,0,1,0,0,142,20,0,2,0,0,0,0,1,0,0,0,522,0,0,2,12,0,0,0,35,3,0,185,239,0,0,0,0,84,108,0,21,0,0,0,0,0,20,0,0,313,1,0,0,0,51,0,0,0,2,0,0,17,0,0,0,82,0,8,0,0,0,0,0,0,27,0,4,337,0,187,1,0,0,0,15,0,0,0,0,0,0,0,0,19,0,38,1,0,2,0,148,0,2706,0,93,0,0,0,79,23,0,2,0,31,2,2,0,0,8,66,30,0,0,0,0,77,61,0,0,0,0,2,0,0,0,2,0,2,0,69,8,3,0,0,0,0,0,3,44,1,0,0,0,7,68,0,61,0,0,0,26,0,0,0,0,1,0,0,0,14,2,0,46,6,0,0,0,0,0,25,0,0,0,0,19,0,28,0,8,388,0,0,7,9,0,0,0,0,0,0,4,0,14,0,0,0,0,9,0,2,0,0,40,0,0,53,0,0,1,0,0,0,0,32,2,9,0,14,2,0,0,11,8,0,2,72,0,0,0,0,0,11,0,4,0,0,0,5,0,0,4,2,0,0,109,0,0,0,1,0,0,0,3,16,3,0,0,101,0,0,0,0,0,13,2382,0,0,275,0,0,0,0,0,0,36,0,17,0,7,39,0,2,0,0,17,0
"Subject_504",5,103,0,0,0,0,0,60,0,2,0,0,20,0,54,0,0,0,9,36,15,28,0,8,0,5055,0,54,18,7,245,0,0,75,0,0,4,129,2,56,0,84,0,8,0,0,0,0,5,0,0,0,28,0,15,0,0,0,0,0,0,0,19,0,0,0,148,0,0,16,0,0,0,5,0,0,4,1,0,41,0,0,1,0,148,10,87,11,0,0,0,14,0,0,0,0,0,0,1,0,73,0,0,0,1,14,0,103,0,0,0,0,0,19,4,4,0,24,27,0,0,0,0,7,11,0,0,0,0,0,1,5,0,0,138,0,144,3,0,0,8,0,0,0,0,0,28,0,16,21,9,4,0,74,1,0,21,0,0,0,0,0,0,479,0,22,0,0,12,23,7,0,0,0,0,0,0,7,102,0,2,0,0,0,31,0,0,0,0,0,0,59,6,50,0,0,0,1,0,0,0,0,0,59,0,225,0,23,1,2,0,0,0,0,2,0,14,0,30,3,4,43,0,0,0,0,0,0,25,0,18,0,0,79,0,15,27,0,0,10,44,0,0,0,6,0,0,0,0,8,130,0,4,0,3,240,60,2,8,0,7,0,0,3,0,0,0,0,14,8,0,0,9,0,0,0,4,0,4,452,0,0,93,0,0,0,0,0,0,19,0,0,0,0,2,0,6,0,0,84,20
"Subject_505",0,0,0,4,0,0,0,0,0,0,0,0,0,0,20,0,0,0,11,12,0,2,0,0,0,3570,0,14,31,14,0,0,0,0,0,133,0,11,0,6,3,66,0,121,2,108,0,2,3,0,2,0,7,0,0,0,0,0,0,6,2,13,0,0,0,0,15,0,0,0,0,0,0,0,676,0,3,0,0,2,0,0,0,2,0,2,0,2,0,0,0,0,0,0,0,92,4,0,0,0,16,6,0,0,0,0,0,273,18,9,0,0,0,53,0,0,0,0,11,0,0,0,0,0,0,0,0,0,0,4,3,70,0,0,11,0,26,0,0,26,1,0,8,0,0,0,2,0,17,0,1,3,0,5,0,13,0,0,0,0,2,0,0,0,0,0,4,0,0,5,2,0,73,0,0,27,0,6,146,2,0,0,0,0,0,0,0,0,11,0,0,22,2,6,46,20,0,2,0,0,0,18,0,0,1773,3,2,0,2,13,1,0,0,0,0,0,39,0,0,0,0,3,0,0,0,0,0,0,68,0,0,0,0,271,0,0,8,0,3,0,0,0,0,0,0,0,0,0,0,0,0,0,3,0,2,2,2,0,0,0,2,0,0,2,0,0,0,0,4,594,5,0,343,0,5,0,0,0,7,866,0,0,37,0,0,0,2,0,0,8,0,0,0,6,0,0,3,0,2,9,4
"Subject_506",0,0,0,0,3,0,0,0,0,0,0,0,0,0,2,0,10,2,0,0,0,19,0,0,0,2,0,4,5,25,822,0,0,106,5,0,45,0,0,8,1,252,0,0,0,0,3,0,0,1,0,1,15,0,0,0,0,2,0,421,0,0,23,0,0,0,17,0,0,4,0,0,0,0,0,1,10,0,0,0,0,9,0,0,0,3,3,0,0,0,0,2,0,0,0,0,0,0,0,0,47,0,0,31,0,0,0,171,5,0,0,2,0,365,0,1,2,0,101,0,13,3,0,6,0,0,0,0,3,0,45,261,4,0,21,0,0,0,0,0,2,0,0,0,500,818,77,0,39,6,0,16,0,0,0,0,0,0,14,0,0,60,0,0,0,27,0,3,0,8,3,0,0,0,2,0,0,146,0,0,0,0,0,0,0,0,0,0,0,0,0,450,0,0,0,1,0,0,11,3,0,0,0,60,0,6,0,10,0,2,0,0,0,0,7,0,13,166,0,0,12,0,0,0,0,0,0,0,0,0,0,0,0,14,159,0,0,0,0,2,0,0,0,0,0,1,0,0,0,0,0,0,65,0,0,0,1,0,27,126,0,0,0,3,0,2,0,0,0,3,0,0,156,17,2,0,0,0,8,3160,0,0,743,0,0,0,0,1,0,21,0,0,0,0,0,0,0,0,0,118,0
"Subject_507",0,0,1,0,0,0,0,0,0,0,0,0,0,82,3,0,0,0,0,0,96,51,0,0,0,1652,0,0,42,5,144,0,0,40,0,0,9,0,0,0,0,0,0,34,0,0,0,0,0,0,0,0,0,2,0,0,0,1,0,342,0,0,0,0,0,0,698,0,13,57,182,0,0,0,0,0,0,0,0,610,0,0,72,0,0,1,0,0,1,27,0,0,2,0,0,1,0,0,5,0,29,0,0,0,0,15,0,166,0,7,0,0,0,159,17,0,0,0,213,0,3,0,0,5,7,0,0,0,0,0,0,489,0,0,0,59,2,0,0,0,2,0,0,0,0,89,2,0,0,0,7,0,0,0,0,12,0,0,0,0,0,39,0,0,0,18,0,0,0,0,0,9,0,0,15,0,0,0,478,0,0,0,0,0,0,0,0,0,0,0,6,37,1,0,0,0,0,0,6,0,0,0,0,1236,0,0,0,56,1,2,0,0,0,0,0,0,338,0,57,0,60,0,0,0,0,0,0,0,32,0,0,0,0,668,123,0,115,2,0,0,16,39,0,0,0,0,0,0,0,0,0,0,0,0,77,2,0,0,0,0,0,0,0,3,0,0,0,0,0,5,0,0,55,0,0,0,0,0,9,105,0,0,749,0,0,0,0,0,14,0,0,0,0,0,6,0,1,0,0,163,0
"Subject_508",0,2,0,2,0,0,0,56,0,0,0,0,0,174,4,0,0,0,10,0,51,14,0,12,0,1718,0,0,13,11,49,0,0,35,52,0,22,95,2,0,1,126,0,47,0,184,81,1,0,0,2,0,11,0,0,1,0,0,0,22,0,6,0,1,2,0,43,0,0,151,10,0,0,66,0,0,4,0,0,42,0,0,171,0,11,0,41,0,0,45,456,9,0,0,0,0,0,0,25,0,45,0,0,15,1,0,0,236,9,170,1,0,0,117,7,1,0,15,59,0,0,10,0,33,0,377,59,0,2,66,0,622,10,0,4,0,0,0,0,0,0,0,0,0,251,0,1,0,11,0,7,0,0,8,1,0,0,0,177,8,2,13,0,420,0,17,0,0,0,0,4,0,0,0,0,21,0,13,254,0,0,0,0,0,0,0,0,0,0,2,0,39,0,17,0,0,0,0,5,0,0,0,0,109,0,6,3,8,0,7,0,0,0,22,12,0,27,2,0,7,21,26,0,3,2,0,0,0,60,19,58,3,0,44,0,0,5,0,0,0,20,0,0,0,0,4,0,0,0,0,0,5,0,0,1,0,14,2,2,229,2,0,3,1,4,2,0,507,161,9,0,18,96,0,2,0,0,0,1,1354,0,0,29,0,0,0,0,0,2,36,0,0,0,0,20,0,0,0,0,21,0
"Subject_509",0,0,0,0,0,0,0,0,0,0,0,0,0,0,16,0,33,0,0,0,0,8,0,1,0,428,0,0,3,0,0,0,0,125,0,0,0,6,0,0,0,0,0,0,0,4,0,0,0,2,0,0,0,0,0,2,0,0,0,2,0,0,0,0,0,0,19,0,0,0,0,0,0,0,0,0,0,0,0,3,0,0,122,0,0,0,2,0,0,23,0,3,0,0,0,0,0,2,44,0,0,0,0,0,0,0,0,134,0,0,0,0,0,34,0,0,0,0,61,0,0,0,0,241,32,12,0,0,0,0,16,0,0,3,0,0,301,0,0,0,17,0,0,0,0,0,0,0,0,0,1,0,0,58,0,0,0,0,0,13,0,0,0,0,0,0,0,0,0,0,4,0,0,0,0,0,0,0,219,2,0,0,0,0,0,0,0,0,0,0,0,0,2,0,0,0,0,0,0,4,0,0,0,0,0,7,2,0,0,1,0,0,2,12,0,0,0,0,0,0,0,5,0,0,0,0,0,0,18,0,57,0,0,836,0,0,17,0,0,31,0,0,0,0,0,29,0,0,0,0,0,0,0,0,0,5,6,0,0,5,1,0,0,2,0,0,0,0,0,5608,0,1,30,0,0,0,0,0,0,1297,0,0,8,0,0,0,0,3,0,19,0,0,0,0,0,0,5,0,0,0,0
"Subject_510",0,0,0,0,0,0,0,0,0,0,0,0,0,167,0,0,2,0,6,0,0,8,0,0,0,3011,0,0,6,0,0,6,0,59,0,0,0,26,0,0,0,119,1,0,0,78,0,0,0,0,0,0,0,0,0,0,0,0,0,9,0,0,0,0,0,0,236,0,0,166,0,0,0,0,0,0,0,0,3,29,0,0,0,0,0,0,0,0,0,0,0,12,0,0,0,0,0,0,0,0,33,10,0,0,0,0,0,1901,0,2,0,0,0,24,8,0,0,0,38,1,4,0,0,4,36,17,0,0,0,0,0,30,0,0,0,0,2,0,0,7,736,0,25,0,0,5,16,0,0,0,10,0,0,3,0,0,0,0,0,0,0,49,0,0,0,19,0,0,0,0,8,0,0,0,0,0,0,0,62,0,0,0,0,0,0,0,0,0,0,0,0,13,0,20,0,0,0,0,0,0,0,0,1,35,0,0,0,46,0,0,0,0,0,0,0,0,34,0,0,0,0,3,0,0,0,0,0,0,17,0,16,0,0,74,0,0,0,49,0,0,16,0,0,0,8,0,0,0,0,0,0,0,0,0,0,4,0,0,0,0,0,0,0,2,0,0,0,0,0,610,0,0,106,0,2,0,0,0,0,1677,0,0,251,0,0,0,0,0,0,15,0,0,0,0,0,0,4,0,0,0,0
"Subject_511",0,0,0,0,0,0,0,2,0,1,0,2,0,0,4,0,42,2,0,0,4,5,1,0,0,2753,3,0,3,5,0,0,0,56,0,0,4,2,0,0,0,0,0,2,0,39,41,1,0,0,0,0,0,1,0,2,0,0,1,189,2,0,0,0,0,0,86,0,0,0,1,0,0,6,0,0,0,0,0,59,0,8,2,1,13,3,0,0,0,17,0,1,0,0,0,7,0,2,15,0,0,0,0,0,2,0,1,1020,0,0,0,0,0,1922,0,0,0,0,79,1,0,0,22,4,55,18,0,9,1,0,1,80,0,3,0,0,1,0,0,0,0,0,0,0,38,13,0,2,0,1,13,0,0,0,2,0,0,0,1,1,0,0,0,126,0,0,4,0,0,0,28,0,1,0,0,0,0,1,5,0,0,0,0,0,3,0,0,2,0,0,0,41,0,0,0,0,0,2,0,0,0,0,0,13,0,168,0,40,0,1,1,0,4,2,3,0,68,0,296,3,0,0,0,0,0,0,0,168,36,2,26,3,4,796,0,0,12,0,0,0,0,0,0,0,138,64,0,0,0,0,0,1,0,0,0,5,0,4,3,0,0,0,0,6,0,0,0,0,0,0,0,4,436,0,0,0,0,4,0,725,0,2,24,0,0,0,0,0,0,2,0,0,0,0,3,0,33,0,0,30,0
"Subject_512",0,0,0,0,0,0,0,0,0,0,0,0,1,0,44,26,0,0,0,0,6,80,0,0,0,1428,0,0,30,20,0,349,0,36,0,0,133,114,3,0,0,0,0,42,0,145,0,0,0,0,0,0,0,0,0,0,0,0,0,2,0,0,0,0,0,0,1,0,0,55,0,0,0,12,0,0,0,0,0,102,0,0,0,0,0,1,1,0,0,159,0,3,72,0,0,0,0,0,45,0,0,0,0,0,0,0,0,229,0,31,0,0,0,99,12,0,0,0,30,0,0,0,16,7,1198,0,0,0,0,0,135,916,0,0,0,28,41,2,0,0,3,0,2,0,0,874,3,0,0,0,5,0,0,10,0,0,0,0,0,0,0,60,0,0,0,39,0,0,0,0,5,52,22,0,0,0,0,14,55,0,0,0,0,0,1,0,0,0,0,0,0,52,6,0,0,0,0,0,14,0,0,0,0,0,0,5,0,87,1,2,0,0,0,0,57,1,16,0,2,0,2,0,0,0,0,0,0,0,38,0,26,0,0,419,0,0,7,0,0,2,23,6,0,0,4,0,0,0,0,0,145,0,13,0,8,17,8,0,5,212,0,0,0,2,3,0,0,0,0,9,0,0,105,0,0,0,0,0,5,1355,0,0,73,0,0,0,0,5,2,55,0,0,0,0,298,0,3,0,0,105,0
"Subject_513",15,0,0,0,0,1,0,22,0,1,1,0,0,0,551,0,0,2,3,1,36,2,0,0,0,71,0,0,105,10,7,0,0,12,0,0,23,10,0,0,0,32,0,0,0,6,0,0,0,0,1,0,9,0,73,0,0,0,0,1,1,10,0,0,0,0,16,0,11,0,10,0,0,0,0,46,2,0,0,1,0,0,12,1,0,0,5,0,0,18,0,0,1710,0,0,0,0,0,2,0,32,0,0,0,0,0,82,23,0,0,0,0,0,22,6,1,0,0,8,0,5,0,0,4,16,7,0,0,2,0,2,48,37,0,0,8,3174,0,2,0,0,0,0,0,42,0,0,2,0,0,1,13,0,1,0,0,0,0,0,16,0,0,0,0,0,20,0,0,0,0,0,0,0,0,0,0,0,0,47,1,0,0,0,0,1,0,0,0,0,0,0,4,0,2,89,0,0,1,0,0,0,0,0,194,0,1,3,72,0,0,2,0,0,8,4,0,3,6,0,0,0,27,0,0,0,0,48,0,3,0,68,0,0,420,0,0,3,0,0,2,18,0,0,0,0,0,0,0,0,0,78,1,8,0,0,2,0,0,4,12,1,0,2,2,0,0,0,0,2,2250,11,52,69,0,0,0,0,0,0,2,0,0,33,0,0,0,0,0,0,1,0,0,0,0,0,0,1,29,0,5,0
"Subject_514",0,0,0,2,0,0,1,0,0,0,0,0,0,0,0,0,0,0,7,2,2,12,3,0,0,4520,0,39,5,0,2,0,0,60,0,0,3,1,0,0,0,46,0,26,0,52,0,0,0,0,0,0,5,0,0,0,0,0,0,1,0,1,3,0,0,2,66,0,21,0,1,0,0,0,0,0,0,0,0,1,0,0,1,0,3,0,381,1,0,0,0,1,271,0,0,0,0,0,39,0,16,278,0,0,1,0,51,10,5,46,0,0,0,24,0,1,0,0,16,0,3,0,0,7,0,0,0,0,0,0,5,298,0,4,0,0,0,7,0,0,0,0,0,0,0,0,0,0,0,0,3,2,0,3,1,0,2,0,0,5,1,0,0,0,0,16,0,0,0,0,0,0,0,2,1,0,0,2,1,0,0,0,0,0,0,0,0,0,9,0,0,3,0,18,0,0,0,0,0,0,0,0,0,0,0,7,0,51,0,0,0,0,0,0,0,0,1,2,0,0,2,0,0,1,0,0,0,0,2,1,36,0,0,237,0,0,3,51,0,0,0,0,2,0,6,0,0,0,0,0,10,0,0,0,0,4,0,0,1,21,1,0,0,0,0,0,0,0,4,2522,0,0,539,0,0,0,0,0,0,1,0,0,42,0,0,0,0,0,16,0,0,0,0,0,2,0,4,0,0,9,4
"Subject_515",0,2,2,0,0,0,0,0,0,0,0,0,0,0,2,0,13,2,7,2,0,5,0,0,0,1435,0,0,0,0,18,14,1,7,3,0,7,91,0,0,0,24,0,0,0,49,0,4,0,0,2,0,6,14,0,6,0,0,0,99,0,0,0,4,0,0,29,0,0,0,0,0,0,0,0,0,0,0,0,26,0,6,96,0,0,4,7,2,0,3,148,0,0,0,2,0,0,2,2,0,22,0,0,2,0,44,0,1069,0,29,0,0,0,6,7,0,0,3,38,0,0,0,0,5,0,170,0,7,1,0,0,2,0,12,80,0,0,0,0,13,14,0,0,0,0,0,65,0,11,0,0,1,2,0,0,0,0,0,0,1,0,0,0,1,0,0,0,0,0,0,4,0,1012,0,0,6,0,0,223,3,0,0,0,0,11,0,0,0,0,0,96,31,0,0,0,0,0,0,11,0,0,0,0,59,1248,156,2,0,2,0,47,0,15,0,1,0,22,2,0,0,6,24,0,0,0,0,0,85,1,0,1,3,0,31,0,0,13,27,0,3,0,0,0,0,5,42,0,0,0,0,0,0,0,0,2,89,31,0,0,2,3,0,0,5,0,0,0,0,20,2826,0,0,6,0,0,0,0,0,0,2,3,0,26,0,0,0,0,0,0,25,0,0,0,14,0,0,11,0,0,8,0
"Subject_516",0,0,0,0,0,0,3,105,0,0,3,2,6,0,9,0,1,0,16,6,212,105,0,2,21,241,0,4,11,6,138,0,0,172,0,0,39,10,0,6,2,186,0,0,0,190,1,16,0,0,0,0,37,21,148,2,0,2,0,265,3,0,15,0,0,14,19,0,0,0,137,2,0,0,0,0,10,0,0,90,0,0,2,0,222,6,3,20,0,0,0,2,0,0,0,0,0,0,0,0,0,0,3,0,3,0,0,514,53,0,0,0,0,96,0,3,0,2,84,0,0,0,3,0,322,0,0,0,3,0,0,61,0,21,15,0,62,0,1,33,8,0,38,0,0,0,5,0,14,10,11,165,0,0,0,0,0,0,0,19,0,0,0,351,0,0,0,0,0,0,17,1,0,0,0,0,0,0,45,6,0,0,0,0,3,0,0,0,0,0,0,42,2,0,0,2,0,0,0,0,2,0,0,77,0,3,2,0,3,10,0,0,0,10,18,2,77,261,109,9,15,0,0,0,0,0,0,0,263,0,207,0,4,53,0,0,18,0,0,48,0,0,0,18,16,0,0,0,0,0,0,5,10,2,15,2,5,3,8,0,3,0,0,3,0,0,0,0,7,895,11,5,742,0,7,0,4,1,28,1479,0,34,388,0,0,0,0,2,129,0,0,0,0,0,11,70,6,0,0,364,0
"Subject_517",0,0,2,32,0,0,12,0,0,0,0,0,0,0,23,0,0,0,0,0,0,96,0,16,0,0,0,0,203,28,0,0,0,142,0,0,0,581,0,0,0,0,0,0,0,1351,0,0,0,0,0,0,0,0,0,0,0,0,0,0,1,0,0,0,0,0,0,0,10,0,24,0,0,0,2240,0,0,0,0,0,0,0,0,2,0,2,0,0,0,128,0,4,85,0,0,0,0,1,113,0,11,2,0,0,38,0,0,0,0,0,0,0,0,2480,0,0,0,0,88,0,0,0,0,12,20,0,0,0,0,0,34,548,0,0,0,19,10,0,0,0,18,0,1,0,0,0,0,3,0,0,14,0,0,28,0,0,0,0,6,96,0,0,0,0,0,0,0,0,0,0,18,0,0,0,3,0,0,0,37,5,0,0,0,0,1,0,0,0,0,0,0,184,7,0,0,0,0,0,0,0,0,0,0,0,0,2,22,0,0,8,0,0,7,0,16,0,116,0,0,0,0,0,0,0,0,0,0,0,132,0,0,0,0,0,0,0,7,0,0,0,0,0,178,0,0,3,2,0,0,0,0,4,59,0,0,0,5,21,0,0,0,0,0,7,0,0,0,0,0,6,0,0,204,0,0,0,0,0,6,0,0,0,168,0,0,0,0,0,0,5,0,0,0,4,124,0,42,0,0,76,0
"Subject_518",0,0,0,19,0,2,0,17,0,0,0,0,0,0,88,0,0,0,12,0,0,30,0,2,0,1477,0,4,83,29,100,0,0,2,0,0,12,442,9,0,0,185,0,35,0,41,0,0,2,0,0,0,14,0,0,0,5,0,0,40,6,0,0,14,0,0,169,0,0,0,0,5,0,25,0,0,2,0,0,21,0,0,5,0,0,2,3,0,0,86,0,146,0,0,0,0,0,0,14,0,0,0,0,16,0,28,0,548,0,0,0,0,0,117,15,0,0,0,25,0,0,0,0,259,20,8,0,0,0,0,0,454,0,0,16,0,504,0,0,10,16,0,0,0,0,0,76,0,27,0,14,0,0,55,0,0,0,0,6,18,0,29,0,0,0,0,0,4,0,11,2,0,0,0,27,0,3,62,77,1,0,0,0,0,0,0,0,1,0,0,31,43,4,97,104,0,0,0,0,0,0,7,0,1819,0,3,0,23,2,15,0,0,0,0,2,0,0,4,119,0,0,39,0,0,0,0,0,0,58,1,10,0,0,22,0,0,8,0,3,0,116,196,0,0,4,0,0,0,1,0,0,6,0,0,11,0,2,0,0,3,2,0,0,3,0,0,0,0,0,16,0,0,88,0,4,0,0,0,2,1222,0,0,55,0,0,0,0,0,15,0,0,163,11,0,0,0,11,0,0,58,0
"Subject_519",0,0,0,0,0,0,1,0,0,0,0,0,1,0,7,0,0,0,0,0,0,75,0,3,0,4275,0,0,12,0,0,0,0,85,0,0,0,39,0,0,0,0,0,80,0,99,0,0,0,0,0,0,0,0,0,0,0,0,0,0,0,0,0,0,0,0,91,0,1,0,0,0,0,0,0,316,0,0,0,17,0,0,0,0,0,1,0,0,0,69,0,68,3,0,0,0,0,0,0,0,32,0,0,0,4,0,0,22,0,0,0,0,141,79,20,0,0,4,172,0,0,0,0,6,100,0,0,0,0,0,0,0,0,0,0,1,6,3,0,0,0,0,0,0,0,0,0,0,0,0,14,0,2,0,0,0,0,0,0,72,0,44,0,2,0,27,0,0,0,0,15,0,0,0,21,0,0,0,104,0,2,40,0,0,0,0,0,0,0,1,0,0,0,8,0,0,0,0,7,0,0,0,0,344,0,0,19,58,0,8,0,0,0,0,18,0,0,0,0,0,0,0,0,81,0,7,0,0,0,0,0,0,0,0,0,0,0,18,0,0,43,23,0,0,0,0,1,0,2,0,0,4,0,0,0,0,0,0,0,0,0,0,0,0,0,0,0,0,14,9,0,0,891,0,1,0,0,0,3,1784,0,0,256,0,0,0,0,0,21,0,0,0,0,0,0,0,0,0,0,202,2
"Subject_520",0,2,0,3,0,2,0,0,0,0,6,0,0,0,31,0,0,0,0,0,37,16,0,3,0,3486,0,0,9,2,2,0,0,0,0,0,13,0,1,0,0,0,0,0,0,0,0,2,0,0,0,0,0,1,0,0,0,0,0,0,0,0,0,3,0,0,20,0,0,0,0,3,3,0,0,0,3,0,0,2,0,0,0,0,0,0,0,0,0,0,0,0,59,37,0,0,0,0,0,0,0,0,0,0,0,0,0,27,0,25,0,0,0,0,0,0,0,2,0,0,0,0,0,8,1043,0,0,0,0,0,0,0,0,0,0,3,0,0,0,0,3,0,0,0,0,0,2,2,0,0,10,0,0,16,2,0,0,0,0,0,0,45,0,0,0,0,0,0,0,0,2,0,0,0,0,0,2,6,0,3,0,0,0,0,0,0,0,0,0,0,0,0,2,0,0,0,0,0,0,0,0,0,0,0,0,8,0,0,2,3,0,0,0,0,0,0,158,0,1,0,0,0,0,0,0,0,0,0,0,0,0,0,0,701,0,0,23,0,0,0,17,0,0,0,0,0,0,0,0,0,0,0,41,0,2,0,8,0,0,0,0,0,0,0,16,0,0,0,0,8,0,17,0,2,0,0,0,0,0,3775,0,0,35,0,0,0,0,0,0,10,0,0,11,0,96,0,0,0,0,121,0
"Subject_521",0,0,0,0,0,0,0,18,0,0,0,0,0,0,658,0,25,0,0,0,50,41,0,64,0,2450,0,0,233,51,12,0,0,70,0,0,0,2,0,0,0,0,0,11,0,250,0,0,0,0,0,0,0,0,0,0,0,0,0,100,0,7,39,0,0,0,174,0,0,0,15,0,0,12,0,0,0,0,0,11,0,0,194,0,0,3,334,0,0,25,0,113,6,0,0,0,0,0,9,0,0,0,0,0,0,0,14,212,0,0,0,0,0,133,0,2,0,0,0,0,0,0,11,8,23,0,0,0,0,0,7,135,0,0,0,0,207,0,0,0,8,0,0,0,0,0,9,0,0,0,2,38,0,0,2,0,0,0,0,9,0,0,0,131,0,0,0,0,0,0,0,0,692,0,0,0,0,25,254,7,0,0,0,0,4,0,0,0,0,0,0,39,2,0,0,12,0,0,0,0,0,0,0,104,0,16,0,0,0,9,0,0,0,0,38,0,137,25,0,0,0,0,0,0,0,0,10,0,65,0,62,0,0,532,0,0,0,0,0,0,0,0,0,0,0,0,0,7,0,0,0,2,13,0,2,11,30,0,3,0,2,0,0,4,0,0,0,0,0,10,0,0,471,0,0,0,0,0,4,1200,0,0,159,0,0,0,0,14,18,27,0,0,0,0,10,0,11,0,0,42,0
"Subject_522",27,0,0,0,0,0,0,214,0,0,0,0,0,1829,79,0,0,0,23,0,30,11,0,44,0,311,0,37,176,3,1,0,0,25,0,0,16,21,0,0,0,355,0,0,0,472,0,0,0,0,0,0,0,0,0,0,16,0,0,5,0,0,0,0,0,0,149,0,285,0,0,0,0,1,0,0,9,0,0,45,0,0,3,0,63,36,0,0,0,50,0,57,138,0,0,14,0,0,48,0,0,0,0,0,4,206,0,404,0,52,0,0,1,71,21,2,0,5,28,2,28,0,47,22,48,0,0,0,0,0,19,374,0,75,15,117,36,0,0,0,35,0,0,0,0,0,0,0,0,24,19,0,2,5,4,0,0,0,0,19,0,0,0,0,0,0,0,10,0,0,2,0,0,0,65,8,0,0,0,0,0,0,0,0,3,0,0,0,0,0,0,42,12,6,0,0,0,0,0,0,0,0,0,0,0,122,0,0,2,9,0,0,0,0,5,0,2,0,24,0,0,0,0,0,0,0,0,0,3,0,246,0,0,613,0,0,0,0,0,0,0,0,0,0,17,0,0,0,0,0,44,0,0,0,11,0,40,0,0,0,0,0,0,5,5,0,0,0,0,436,0,0,1784,0,14,0,0,4,10,6,0,0,132,0,0,0,0,0,0,0,0,0,0,0,1,0,35,0,0,6,0
"Subject_523",0,0,0,0,2,0,9,34,0,0,7,0,0,150,45,0,0,0,0,0,23,0,0,0,0,1104,0,0,0,0,199,0,1,30,0,0,0,268,0,0,0,2,0,14,0,42,64,13,0,0,6,0,0,0,174,0,0,0,0,358,2,104,0,4,0,5,92,0,0,0,20,3,0,5,727,0,0,0,0,385,0,0,97,4,514,0,0,2,0,6,0,0,0,40,0,0,0,0,3,0,0,0,0,2,0,0,49,146,0,0,0,0,0,40,0,0,0,0,234,0,0,0,0,5,18,0,0,0,202,0,2,8,47,0,0,0,0,0,0,0,0,0,0,0,0,0,76,0,0,0,11,9,0,116,2,0,0,0,0,41,0,0,3,187,0,28,8,0,0,0,18,0,0,0,0,0,0,220,155,12,0,0,0,0,35,0,0,0,0,9,0,31,0,0,0,0,0,0,0,335,0,0,78,802,0,0,0,0,0,0,0,16,3,0,15,0,76,191,0,0,0,131,0,0,0,5,0,0,6,0,74,0,0,35,0,0,34,0,0,13,0,0,2,0,0,0,0,0,0,28,58,6,12,0,59,0,22,0,71,158,0,9,0,25,44,0,0,2,9,11,21,66,51,0,0,0,0,0,17,1111,2,0,0,0,0,0,2,0,24,78,0,0,9,0,0,0,0,19,0,0,10
"Subject_524",0,0,0,0,0,0,0,133,0,0,0,0,0,593,8,0,0,0,0,1,70,44,0,255,0,97,0,0,67,9,422,0,0,0,0,0,2,361,0,0,0,0,0,52,0,2,0,0,0,0,24,0,0,0,31,0,0,0,0,89,0,0,2,0,0,0,53,0,0,120,16,0,0,0,0,0,0,0,0,190,0,0,75,0,186,0,0,0,0,44,0,119,3,0,0,0,0,0,5,0,62,0,0,0,0,0,0,283,0,0,0,0,0,129,11,0,0,0,132,2,0,0,0,4,0,0,0,0,0,0,0,213,0,0,0,41,49,0,3,0,9,0,0,0,0,617,0,0,0,69,35,3,0,0,1,0,0,0,256,56,0,43,0,225,0,25,0,0,0,0,0,0,0,0,0,0,0,396,97,0,0,0,0,0,0,0,0,0,0,0,0,9,204,0,0,0,0,0,0,0,0,0,0,165,0,27,0,0,0,4,0,0,0,0,15,0,80,159,0,0,222,0,0,0,0,0,0,0,3,0,100,0,0,69,72,0,21,0,0,23,17,0,0,0,0,0,1,0,0,0,0,0,47,0,24,1,0,0,0,2,0,0,0,1,0,0,0,0,0,1,0,13,42,0,0,0,0,0,14,2476,0,0,3,0,0,0,0,4,198,0,0,0,0,0,45,0,7,0,0,98,0
"Subject_525",0,0,0,0,0,0,20,16,0,0,0,0,0,296,149,0,0,0,0,0,0,0,0,0,0,3204,0,0,0,0,0,0,0,136,0,0,12,77,0,0,0,0,0,0,0,526,0,1,0,0,0,0,0,0,179,0,0,0,0,61,0,17,2,0,263,0,101,0,0,0,36,0,0,105,0,275,0,0,0,57,0,0,0,0,4,3,206,0,0,16,0,0,0,9,0,0,0,0,11,0,39,5,0,0,0,0,0,0,0,0,0,0,0,280,0,0,0,0,143,0,0,0,0,4,62,0,0,0,0,138,11,36,0,0,0,0,7,0,0,0,0,0,0,0,0,0,0,0,0,0,6,0,0,13,0,0,0,0,0,33,0,0,0,151,0,0,0,0,0,0,0,0,0,0,0,0,0,0,26,4,0,0,0,0,0,0,0,0,0,0,0,244,0,0,0,0,0,0,0,0,0,0,0,0,0,5,17,0,2,0,0,0,7,0,0,0,0,0,121,6,0,59,0,0,0,0,0,0,37,10,54,0,0,37,0,0,26,0,0,5,0,0,0,0,0,0,19,0,0,0,0,0,0,0,0,11,5,0,11,0,1,32,0,2,0,0,0,0,280,0,0,0,109,0,9,0,0,0,2,2056,0,0,0,0,0,66,0,0,23,0,0,0,0,0,7,2,0,0,0,0,0
"Subject_526",0,0,0,2,0,0,4,0,0,0,5,0,0,0,10,36,2,0,0,0,0,17,0,10,0,947,0,0,117,3,276,0,3,0,108,0,16,0,0,6,3,259,0,47,0,77,0,0,0,0,2,0,32,0,0,19,0,0,0,29,0,0,18,8,0,0,42,0,0,36,75,6,3,1,0,0,10,0,0,17,0,8,123,0,0,4,0,2,0,21,0,3,113,0,0,0,0,0,36,0,0,16,38,44,0,0,0,175,0,0,0,0,0,128,0,2,0,0,23,0,0,0,0,11,62,0,43,0,0,0,0,88,0,39,18,0,53,0,0,29,10,0,0,0,0,0,13,0,24,0,13,6,0,0,233,0,0,0,0,125,0,55,0,0,0,28,0,0,0,0,9,0,1,0,0,0,0,7,17,2,0,0,0,0,2,0,0,0,0,0,41,17,9,0,0,0,0,0,0,0,0,0,0,1777,0,7,15,0,0,18,0,0,0,0,8,0,34,182,1,0,1,47,0,0,0,2,0,0,0,0,12,3,0,319,0,0,23,79,0,2,0,0,0,0,0,159,0,0,0,0,0,3,3,0,4,3,4,0,0,0,2,0,0,2,0,0,0,0,0,2,0,0,1025,0,0,0,0,0,6,1780,0,0,451,0,0,0,0,0,18,11,0,0,0,0,7,10,0,0,0,46,0
"Subject_527",0,0,0,0,0,2,2,0,0,0,7,0,0,1,1,0,0,0,1,0,0,2,0,14,0,53,0,0,95,71,575,0,0,59,7,0,5,0,0,0,1,0,0,0,0,0,0,0,0,0,0,0,0,0,0,18,11,0,0,2,0,24,0,6,0,0,14,0,0,0,14,8,8,2,0,232,5,4,0,2,0,16,0,0,12,0,829,0,0,50,0,5,0,0,0,0,0,0,0,0,17,0,0,0,0,33,0,5090,0,0,0,0,0,6,81,4,0,0,0,0,2,0,0,11,0,0,0,0,13,0,0,147,1,0,0,0,2,0,0,0,11,0,8,0,0,0,10,0,3,0,0,0,0,7,0,1,0,0,0,0,0,100,0,276,0,54,0,0,0,26,17,0,1,0,0,0,15,0,39,0,0,0,0,0,16,0,0,0,0,0,1,23,0,13,0,0,0,0,44,413,0,0,0,2,1,0,0,93,0,5,0,0,0,0,0,1,2,64,77,2,0,61,0,8,9,0,0,0,7,17,31,0,0,100,0,0,10,15,0,0,77,5,0,0,0,0,0,0,0,0,0,0,50,0,10,0,53,0,0,0,1,0,0,1,3,0,0,0,0,13,0,0,237,0,0,0,0,0,0,2,0,0,320,0,0,0,0,0,0,0,0,0,0,0,2,0,1,0,0,71,0
"Subject_528",0,15,0,0,0,0,0,2,0,0,0,0,7,0,74,0,63,0,0,8,2,0,0,0,0,0,0,0,103,0,62,0,0,0,0,0,13,6,0,5,3,0,0,0,0,86,0,0,0,0,9,0,0,0,0,0,0,3,0,0,0,2,3,0,0,0,360,0,0,0,0,0,0,0,0,283,0,0,0,2,0,0,0,0,6,68,50,0,0,61,0,35,266,0,0,0,0,0,0,0,0,22,0,0,3,0,0,0,0,0,0,0,0,6,0,0,0,2,84,2,0,0,8,20,40,0,0,0,0,0,0,22,0,0,0,0,200,4,0,0,736,0,0,0,0,0,0,0,0,0,16,8,0,0,0,0,0,0,0,0,0,0,0,0,0,0,0,0,0,0,0,2,491,0,0,0,0,4,0,0,0,0,0,2,0,0,0,0,0,0,0,6,6,19,0,4,0,2,0,0,0,0,0,0,0,42,7,0,5,52,11,0,0,0,3,0,0,0,40,0,133,0,0,0,0,0,0,0,0,0,16,0,11,701,0,0,0,0,0,18,0,0,0,0,118,0,0,7,0,0,44,0,0,0,0,19,27,0,0,0,0,0,0,3,0,0,0,0,16,3136,7,0,528,0,0,0,8,0,0,1426,0,0,132,0,0,0,0,4,0,0,0,0,0,0,70,0,17,0,4,89,0
"Subject_529",0,0,0,0,0,0,29,0,0,0,2,0,0,0,39,0,0,0,0,0,0,62,0,0,0,1901,0,0,27,78,198,0,0,52,0,0,5,0,0,0,0,0,0,0,0,778,109,0,0,0,0,0,0,0,0,0,0,0,0,822,0,0,0,0,0,0,300,0,0,224,0,0,0,0,0,0,0,0,0,168,0,0,64,0,0,0,0,0,0,0,0,11,0,0,0,0,0,0,48,0,0,0,0,0,0,40,29,807,0,52,0,0,0,0,0,0,3,0,189,2,0,68,0,0,16,0,0,0,0,0,3,76,0,5,0,0,0,0,0,0,251,0,0,0,80,0,8,0,0,0,0,2,0,0,2,0,0,0,0,0,0,0,0,1,0,0,0,0,0,0,18,0,0,0,0,0,0,21,52,0,0,0,0,0,40,0,0,0,0,3,0,126,0,0,0,0,0,0,11,0,0,0,0,0,0,299,15,0,4,0,0,0,0,10,0,0,158,52,186,6,0,0,0,0,0,0,0,0,0,12,53,3,0,36,0,0,0,7,0,0,0,0,0,0,0,0,0,0,0,0,0,0,9,2,0,144,0,0,20,0,0,0,2,0,0,0,0,86,12,3,0,3,672,0,0,0,0,6,6,487,0,0,566,0,0,0,0,0,180,25,0,32,0,0,12,0,0,0,0,71,0
"Subject_530",52,0,0,6,0,2,3,0,0,0,0,0,6,0,3,0,1,0,0,0,0,6,0,113,0,3596,0,22,245,14,261,0,0,0,0,0,50,0,0,9,2,204,0,0,0,0,0,0,0,0,3,0,0,0,6,0,0,0,0,70,0,0,14,0,0,0,47,0,4,0,0,0,0,0,0,2,14,0,0,2,0,7,74,0,0,6,0,0,0,54,0,16,9,0,0,0,0,0,0,0,0,9,0,0,0,0,0,317,7,6,2,0,0,0,0,3,0,0,0,9,0,0,0,18,4,0,0,0,0,0,0,40,0,0,0,3,19,0,0,0,5,0,0,0,0,0,0,0,65,0,0,0,0,0,77,0,0,0,0,25,0,0,0,0,0,0,0,0,0,0,0,27,2,0,0,0,0,8,0,0,0,0,0,0,11,0,0,0,0,0,0,38,6,0,0,0,0,0,0,0,0,0,0,24,0,241,8,18,0,168,0,0,0,0,0,0,0,0,0,0,0,0,0,0,0,0,0,1,0,0,0,3,0,3318,0,0,0,0,0,4,0,0,0,0,17,0,0,0,0,0,0,0,0,0,0,118,0,0,0,16,0,0,0,3,18,0,0,0,5,9,0,0,78,0,0,0,0,0,0,4,0,0,170,0,0,0,0,0,0,11,0,0,0,0,16,0,5,0,0,123,0
"Subject_531",0,0,0,27,0,0,1,0,0,0,0,0,0,0,210,0,0,0,11,0,0,3,0,2,0,892,0,0,18,0,0,0,0,43,0,0,35,2,0,25,0,120,0,0,0,0,0,0,0,0,0,0,0,0,0,0,0,6,0,15,0,0,31,127,0,0,14,0,12,0,0,1,3,0,0,0,11,0,0,5,0,3,0,0,0,0,6,0,0,0,0,19,104,0,0,0,0,0,0,0,33,0,0,0,0,30,0,449,11,35,0,0,0,0,9,0,0,0,17,0,0,0,0,79,0,0,0,0,0,0,0,134,0,0,228,3,23,6,0,27,21,0,0,0,0,7,17,0,19,0,0,0,0,6,0,0,4,0,0,0,3,18,0,614,0,36,0,0,0,0,0,0,3,0,22,0,0,0,0,0,0,0,0,0,1,0,0,0,0,0,6,96,0,6,0,0,0,0,14,0,0,0,0,0,0,13,0,39,0,0,0,0,0,0,0,0,68,0,133,0,2,70,0,0,0,0,0,0,0,0,0,0,0,657,222,0,0,64,0,0,32,0,0,0,0,0,0,0,0,0,0,0,0,0,29,0,0,0,0,0,0,0,0,2,0,0,0,0,0,151,0,0,3360,0,0,0,0,0,6,1330,0,0,0,0,0,28,0,0,20,0,0,0,0,0,0,0,15,0,0,29,0
"Subject_532",2,0,0,0,0,0,1,10,0,0,0,0,2,0,20,0,0,0,5,9,53,25,0,2,0,1558,1,0,4,92,1,0,0,67,0,0,0,6,0,4,0,75,0,0,0,8,0,0,0,0,0,0,5,0,39,0,0,1,0,2,4,4,0,0,0,0,25,4,1,32,16,2,0,58,0,0,2,0,0,111,0,1,14,0,17,17,0,0,0,20,0,1,0,0,0,0,0,0,0,0,0,0,21,0,1,0,55,66,3,0,1,0,0,99,0,0,0,0,69,0,0,0,0,29,140,0,0,0,0,0,0,274,0,0,19,2,3982,0,0,0,0,0,0,0,0,0,0,0,14,18,1,0,0,14,0,0,0,0,0,2,0,16,0,0,1,15,0,0,0,1,2,0,580,0,0,0,0,2,51,0,0,0,0,0,24,0,0,0,0,0,0,15,0,3,0,3,0,1,0,0,0,0,0,968,0,5,0,0,1,3,0,0,0,0,0,1,54,7,0,4,16,1,0,6,0,0,2,0,8,0,54,0,0,246,82,0,8,0,0,10,53,0,0,0,0,8,0,0,1,0,0,0,0,0,26,55,0,0,0,0,0,0,0,0,2,0,0,0,0,48,0,0,32,0,1,0,0,0,0,380,0,0,11,0,0,7,0,1,6,0,0,0,0,0,22,0,5,0,0,26,0
"Subject_533",0,0,0,0,0,0,0,0,0,0,0,0,0,0,55,0,0,0,19,90,0,0,0,2,0,1305,0,0,12,18,91,111,0,24,0,0,9,0,0,13,0,88,0,0,0,21,0,0,0,0,2,0,0,0,6,0,0,0,0,5,0,0,0,0,0,0,120,0,0,0,0,0,0,0,0,0,0,0,0,8,0,0,4,0,0,47,0,0,4,29,0,60,0,0,0,0,0,0,106,0,0,85,0,0,0,0,0,1548,0,0,0,0,0,0,0,0,0,0,6,2,0,0,0,22,91,0,0,0,0,0,0,5,0,19,0,0,21,0,0,0,0,0,0,0,0,0,0,0,13,0,3,0,0,0,2,0,0,0,0,0,0,0,0,1,0,0,0,0,0,0,0,0,8,0,0,0,0,2,55,0,0,0,0,0,3,0,0,0,0,0,0,1,0,0,0,0,0,0,0,0,0,0,0,98,0,8,0,0,4,11,0,0,0,0,0,0,69,0,0,0,0,3,0,0,0,0,0,0,0,0,39,0,0,226,0,0,0,0,0,22,0,0,0,0,0,0,0,0,0,0,8,0,0,0,3,5,0,0,0,0,0,0,0,0,1,0,0,0,0,3520,0,0,137,0,0,0,0,0,0,1543,0,0,24,0,0,2,0,0,19,27,0,0,0,0,59,0,18,0,0,26,0
"Subject_534",0,36,0,0,10,0,8,37,0,0,6,0,0,837,14,0,7,0,0,0,6,285,0,1,0,553,3,0,71,0,592,0,0,29,0,0,0,272,1,0,0,0,0,0,0,6,0,5,0,0,3,0,2,0,7,2,0,2,0,454,16,56,2,0,40,0,475,0,0,0,67,0,0,0,0,0,4,0,0,879,0,0,5,0,82,2,0,0,0,4,0,16,0,0,0,0,0,0,0,0,0,2,0,0,18,0,0,0,0,0,0,0,0,37,0,0,0,44,124,0,0,0,0,7,0,0,124,0,2,0,7,63,0,0,0,0,2,0,54,0,4,0,0,0,0,0,20,0,0,0,13,33,9,77,0,0,0,0,0,19,0,0,0,0,0,0,4,0,5,3,6,0,0,0,0,0,8,65,643,3,0,0,0,5,8,0,0,0,0,0,0,12,2,10,0,0,0,0,0,225,0,0,0,0,0,13,10,0,2,3,0,0,0,0,79,0,315,151,21,0,0,0,0,0,0,0,0,0,7,0,25,0,7,58,0,0,0,0,0,5,0,0,0,0,0,440,4,0,0,0,0,9,46,0,13,2,2,0,12,24,2,0,0,4,0,0,0,0,39,0,0,33,0,2,28,0,0,0,0,1976,2,0,0,0,0,0,0,0,58,0,0,0,0,0,0,0,8,0,0,53,0
"Subject_535",0,0,1,0,0,1,0,17,0,1,0,0,1,0,1,0,0,5,0,0,124,86,0,2,0,620,1,0,2,6,373,0,0,45,0,0,3,159,2,0,0,4,0,43,0,114,0,6,0,0,3,0,1,0,150,0,0,0,0,246,1,20,0,1,0,0,244,0,0,0,53,1,3,11,0,5,1,0,0,379,8,2,268,0,90,1,69,0,0,15,0,42,2,30,0,75,0,0,29,0,10,0,2,9,0,26,0,1118,0,0,0,0,0,179,5,10,0,1,54,0,0,0,0,2,2,0,0,0,0,6,68,38,0,0,0,2,2,0,0,0,0,0,0,0,59,0,0,12,0,0,4,13,2,50,1,0,0,0,91,47,1,15,1,0,0,15,0,0,3,5,4,0,0,0,0,0,2,83,451,10,3,0,0,0,6,0,0,0,27,0,0,27,0,31,108,0,0,1,13,0,0,0,0,625,0,3,3,4,0,2,0,0,0,11,7,0,176,153,3,45,0,21,6,33,5,0,285,0,152,8,135,4,2,51,16,13,13,0,0,5,50,0,0,0,0,0,0,0,2,5,309,3,24,0,19,3,1,2,52,8,0,2,0,0,2,0,0,75,29,9,4,45,1,0,0,0,3,2,1,1288,0,0,53,0,0,1,0,0,61,24,0,0,3,0,128,4,2,0,0,32,0
"Subject_536",0,0,0,0,0,0,0,0,0,0,0,0,0,0,2,0,0,0,0,0,0,0,1,30,0,6693,0,0,0,0,0,0,0,102,0,0,0,48,0,15,0,116,0,36,0,0,0,0,41,0,0,0,0,0,0,0,0,0,0,0,0,1,8,0,0,0,0,0,79,0,0,0,0,0,0,0,0,0,0,0,0,0,0,0,0,0,0,0,0,0,0,0,180,0,0,258,0,0,0,0,45,29,0,0,0,0,0,1190,0,17,0,0,0,0,0,0,0,1,74,16,0,0,1,11,0,0,0,0,0,0,0,102,0,0,0,84,0,0,0,0,0,0,0,0,0,11,0,0,0,0,0,0,0,0,0,0,0,0,0,0,0,0,0,0,0,61,0,0,0,0,0,0,2,0,0,0,0,0,0,0,0,0,0,0,0,0,0,0,0,1,0,0,0,0,0,0,0,0,0,0,0,10,0,0,0,0,0,44,0,0,0,0,32,0,0,0,0,0,0,2,0,0,0,0,0,0,0,0,0,0,0,0,0,144,0,0,0,4,0,0,0,0,0,0,0,0,0,0,0,0,0,0,0,0,0,0,0,0,0,0,0,0,0,0,0,0,0,0,0,32,0,0,254,0,0,0,0,0,0,0,0,200,0,0,0,0,0,0,0,0,0,0,0,0,25,0,0,0,0,0,0
"Subject_537",0,0,1,0,0,0,1,0,0,0,0,1,0,0,38,0,0,0,11,0,0,4,0,1,0,2734,0,4,21,0,0,0,0,85,0,0,0,262,0,9,0,83,0,0,0,41,0,0,0,0,0,0,0,0,14,1,0,0,0,0,0,0,0,0,0,0,130,0,0,0,0,1,0,6,0,0,0,0,0,20,0,0,0,0,0,2,41,0,0,0,0,0,0,0,0,0,0,0,6,0,9,0,0,0,0,0,0,1521,0,312,0,0,0,444,20,0,0,0,169,0,0,0,0,6,47,0,0,0,0,0,0,241,0,0,3,0,14,0,0,23,15,0,0,0,203,0,52,0,19,0,11,0,0,15,1,0,0,0,0,0,2,13,0,2,0,36,0,0,0,0,1,0,0,0,26,0,0,0,0,0,0,0,0,0,7,0,0,3,0,0,0,154,0,6,0,0,0,1,10,0,16,0,0,0,0,34,7,47,0,0,5,34,0,0,0,0,0,0,223,1,0,11,0,0,0,0,0,0,0,8,0,0,0,255,0,0,8,0,0,3,45,0,0,0,0,1,0,0,0,0,0,1,2,1,0,132,1,2,2,25,0,0,0,7,0,0,0,0,4,1175,0,48,79,0,0,0,78,0,0,277,0,1,108,0,0,400,0,0,2,0,0,0,0,0,8,0,34,0,0,10,0
"Subject_538",0,0,0,16,0,2,2,0,0,0,3,0,5,77,7,0,0,5,11,0,0,0,0,0,0,689,7,0,4,0,525,0,0,0,5,2,6,50,0,39,2,173,0,0,0,3,0,0,0,0,2,0,22,0,0,0,0,0,0,0,0,0,0,0,0,0,130,0,0,0,0,3,0,0,0,2,3,0,0,47,0,0,0,0,27,0,0,0,0,26,7,0,0,0,0,0,0,0,54,0,7,3,0,0,39,0,0,138,16,0,0,0,5,224,0,0,0,0,114,0,0,0,0,411,0,0,0,0,5,0,0,43,0,0,16,0,0,0,0,0,0,0,0,0,0,0,0,0,28,0,4,0,2,0,0,0,0,0,0,26,0,0,0,321,0,0,0,0,0,0,0,0,324,0,0,0,0,73,551,0,0,21,0,23,6,0,2,0,0,0,0,26,0,0,0,0,0,0,0,8,0,0,0,476,0,4,6,0,4,2,0,0,0,0,9,0,0,17,0,0,0,0,0,0,0,0,0,0,188,14,28,0,0,384,0,0,27,0,0,40,0,0,0,0,3,0,0,0,0,0,0,0,0,0,0,2,4,0,0,0,0,0,0,2,1,0,0,0,0,664,0,0,124,0,0,0,0,0,2,3340,0,0,147,0,0,0,0,0,0,26,0,0,0,3,0,0,0,0,0,94,1
"Subject_539",0,0,0,0,5,0,8,0,0,1,0,0,5,0,31,0,0,0,12,0,0,0,6,0,0,2436,0,3,34,0,0,0,0,61,4,0,0,369,0,0,0,74,0,0,0,71,0,0,0,0,0,0,28,0,0,5,0,0,2,0,6,0,5,1,0,0,140,0,3,0,21,0,0,0,0,212,2,0,0,48,0,0,15,0,0,1,0,0,0,0,8,8,5,0,0,18,0,0,0,0,11,1,0,0,0,0,0,68,0,511,0,0,0,105,0,0,3,0,178,0,0,0,0,10,49,23,0,0,2,0,98,2359,101,4,34,0,19,7,20,19,0,9,0,1,0,6,0,0,12,0,22,0,4,11,1,0,0,2,0,2,0,24,0,0,0,21,3,0,0,0,0,0,7,0,0,0,0,2,0,0,0,0,0,3,44,0,2,0,0,0,0,453,0,0,0,0,0,0,0,381,0,0,0,2,0,0,0,52,0,5,0,0,0,0,0,0,0,0,0,0,21,32,0,0,0,12,0,0,5,0,127,0,13,0,80,0,7,0,5,2,66,0,0,0,4,0,0,0,0,0,0,2,0,0,0,1,2,0,0,14,0,0,0,1,2,0,0,0,3,138,13,0,13,4,1,0,0,0,0,543,1,0,302,0,0,1,1,0,0,36,0,0,0,0,0,0,6,0,0,199,5
"Subject_540",6,0,0,0,0,0,3,0,0,0,0,0,0,0,3,0,0,0,20,0,0,0,0,2,0,1595,0,0,7,38,0,0,0,173,0,0,32,310,0,0,0,84,0,104,0,0,0,0,0,0,0,0,48,0,0,0,0,3,0,0,0,0,0,0,0,0,0,0,17,0,0,0,0,0,0,0,0,0,0,0,0,0,0,0,142,4,0,0,0,0,0,0,0,0,0,0,0,0,0,0,0,0,0,0,0,0,0,355,0,0,0,0,0,63,0,0,0,0,41,0,0,0,0,32,262,0,0,0,0,0,0,0,0,0,0,13,0,0,0,0,0,0,0,0,0,12,0,0,25,0,26,0,0,0,0,0,0,0,0,75,3,0,0,0,0,44,0,0,0,0,0,0,0,0,0,0,0,0,0,0,0,0,0,0,2,0,0,0,0,0,0,263,0,8,0,0,0,0,21,0,0,0,0,0,0,0,0,50,0,2,8,0,0,0,6,0,0,0,0,0,0,0,0,0,0,0,0,0,0,0,0,0,0,78,0,0,0,0,0,2,33,0,0,0,15,0,0,0,0,0,0,0,0,0,1,0,0,0,0,33,0,0,0,0,0,0,0,0,20,227,0,0,135,0,0,0,0,0,0,5382,0,0,151,0,0,0,0,0,0,0,0,0,0,0,0,0,16,0,0,0,0
"Subject_541",0,0,1,0,0,0,0,0,137,0,0,0,0,0,4,0,0,0,0,4,0,22,0,6,0,40,0,0,11,10,657,0,0,31,0,0,62,223,0,0,0,15,0,61,0,217,0,0,0,0,0,0,0,0,0,1,0,0,0,0,1,0,0,0,0,0,27,0,0,0,0,0,0,0,0,0,0,0,0,0,0,0,158,0,0,2,2,0,0,70,0,77,3,0,0,21,3,0,0,0,10,0,0,0,0,52,262,981,0,0,0,0,0,100,17,1,0,0,14,0,0,0,0,6,92,0,0,0,0,0,23,128,0,0,0,0,2,0,0,0,6,0,0,0,0,30,0,0,0,0,66,4,18,70,0,0,60,0,0,125,0,69,0,0,0,0,17,0,0,0,5,0,0,0,2,0,0,0,0,25,0,0,0,0,41,0,0,0,0,0,0,49,0,12,71,0,0,1,0,0,0,0,0,0,0,193,24,55,0,19,2,0,0,0,0,0,0,0,252,0,49,51,0,0,0,0,0,0,0,0,161,0,0,349,0,0,31,0,0,0,26,0,0,0,3,77,0,0,0,0,0,0,71,0,0,4,5,0,134,3,4,0,0,1,0,0,0,0,0,1,0,107,186,0,0,0,0,0,7,3547,0,0,265,0,0,0,0,0,0,21,0,0,0,0,0,0,4,0,0,128,0
"Subject_542",0,0,0,0,0,0,0,4,4,0,0,0,3,287,97,0,0,0,60,0,0,2,0,0,0,2,0,4,27,28,0,0,0,0,19,0,4,259,0,16,0,109,0,26,0,23,0,0,0,0,0,0,24,0,63,6,0,0,3,0,0,0,0,6,0,15,50,2,0,0,27,0,0,41,0,195,0,0,0,72,0,35,451,0,0,14,0,0,0,92,2818,29,0,0,0,0,0,0,18,0,29,0,8,35,30,0,102,183,25,0,0,0,0,35,0,0,0,2,39,0,0,0,0,21,1,0,0,0,0,85,20,25,0,0,48,0,8,0,0,0,0,0,0,0,0,0,0,0,30,167,2,0,2,0,2,0,0,0,65,2,0,0,0,4,0,0,0,0,0,0,0,0,0,0,0,0,0,14,30,0,0,0,0,0,0,0,3,0,48,0,0,113,0,0,65,0,0,3,0,0,10,0,0,0,0,92,0,0,2,0,0,0,0,0,0,2,0,298,0,0,1,57,0,0,0,0,28,0,30,25,13,8,5,583,29,58,36,0,0,3,0,0,0,10,0,0,0,0,0,0,18,2,0,0,0,0,3,9,3,12,2,0,0,0,0,0,0,0,314,632,0,0,19,0,9,0,4,0,0,1331,0,0,74,0,0,46,0,0,16,0,0,0,0,0,16,0,6,0,0,12,0
"Subject_543",0,0,0,0,0,0,0,17,0,0,0,0,0,0,7,0,27,0,0,0,0,68,0,0,0,4471,0,0,22,2,99,0,0,62,0,0,0,0,0,0,0,0,0,19,0,232,0,0,0,0,0,0,0,0,13,0,0,0,0,4,0,0,0,0,3,0,0,0,0,27,30,0,0,3,0,0,2,0,0,21,0,0,9,0,0,0,91,0,0,26,0,8,2,0,0,0,0,0,56,0,0,0,0,0,2,0,7,34,0,0,0,0,0,0,0,0,0,0,2,0,0,0,0,5,342,0,0,0,0,0,16,0,0,0,0,0,13,0,0,0,9,0,0,0,0,0,26,0,0,2,0,0,0,0,0,0,0,0,0,122,0,0,0,3,0,0,0,0,0,0,2,0,0,0,0,0,0,16,0,7,0,0,0,0,0,0,0,0,0,0,0,28,0,0,0,0,0,0,0,0,0,0,46,0,0,42,0,0,3,1,2,0,0,0,0,0,60,9,8,0,1,0,0,0,0,0,84,0,26,0,29,0,0,1862,0,0,0,0,0,0,0,0,0,0,10,0,0,0,0,0,0,0,0,0,0,4,0,0,4,8,8,0,0,3,0,0,0,0,0,8,0,6,68,0,0,0,0,0,0,1102,0,0,350,0,0,0,0,0,0,19,0,0,0,0,1,0,26,0,0,256,0
"Subject_544",25,2,0,0,0,0,8,0,0,0,0,0,2,40,29,0,0,0,0,2,0,0,0,0,0,2,0,0,5,0,0,0,0,0,0,0,0,67,0,2,0,0,0,0,0,0,0,0,0,1,37,0,0,0,14,0,0,0,0,0,0,0,3,0,0,0,8,0,0,9,0,0,0,0,0,0,0,0,0,12,0,0,4,0,0,0,0,0,0,0,2120,25,0,0,0,0,0,0,1,0,4,0,0,0,0,0,0,659,0,7,0,0,0,105,0,2,58,2,18,0,0,0,1,2,0,0,0,0,0,0,15,2,0,0,0,15,0,0,39,0,2,0,0,0,0,0,0,0,1,1,0,2,10,0,1,0,0,0,0,2,0,44,0,2,0,15,0,0,0,0,0,0,2,0,0,0,0,28,0,0,0,0,0,2,0,0,0,0,0,8,0,28,1,0,0,0,0,0,0,4,0,0,0,0,52,3,1,38,0,2,0,0,0,0,0,0,27,0,0,0,14,0,0,0,0,0,0,0,0,0,0,0,0,42,58,0,5,0,0,0,0,0,0,0,0,0,96,0,0,0,0,0,0,0,0,9,2,0,0,0,0,0,3,1,0,0,0,0,100,5290,64,0,121,0,0,0,0,0,2,388,0,59,36,0,11,0,0,2,0,0,0,0,0,0,5,0,5,0,23,20,26
"Subject_545",5,0,0,0,0,0,0,0,0,0,0,0,5,0,73,0,0,0,0,0,0,0,0,0,0,1243,0,51,4,17,484,0,0,233,0,0,0,85,0,0,0,148,0,0,0,86,0,0,0,0,0,0,11,0,0,0,8,0,0,0,0,0,0,0,0,0,0,0,4,0,0,0,0,0,0,0,3,0,0,54,0,0,195,0,0,1,0,13,0,0,0,20,109,0,0,11,0,0,0,0,0,67,0,0,0,0,0,26,3,0,0,0,0,334,23,0,0,0,70,0,0,0,5,7,1100,0,0,0,0,0,0,610,0,0,0,3,148,9,0,0,9,0,0,0,0,611,0,0,29,0,5,0,0,0,0,0,0,0,0,0,0,46,0,0,0,21,0,0,0,0,0,0,0,0,0,0,0,0,0,0,0,0,0,0,0,0,0,0,0,0,0,147,1,0,0,0,0,0,0,0,0,0,0,0,1,0,0,158,1,0,0,0,0,0,0,0,0,0,82,0,0,0,0,0,0,0,0,0,122,0,0,0,0,452,0,0,14,0,0,0,0,48,0,0,0,0,0,0,0,0,0,0,0,0,2,0,14,0,3,0,0,0,0,0,0,0,0,0,0,101,0,0,296,5,0,0,0,0,10,2311,0,0,137,0,0,0,0,0,0,0,0,0,0,0,32,0,4,0,0,67,0
"Subject_546",4,0,0,0,0,0,4,18,0,0,0,3,2,2,12,0,0,0,10,0,7,11,5,50,8,3588,0,13,92,15,152,0,0,113,0,0,4,299,0,7,3,188,3,40,0,175,0,8,0,0,0,0,9,0,1,0,0,0,0,134,0,0,0,0,0,8,33,0,7,0,30,1,34,0,0,0,0,0,0,12,0,0,92,0,49,1,0,23,0,8,0,0,0,25,0,7,0,0,20,0,0,0,0,3,38,47,90,22,0,0,0,0,0,18,25,0,0,0,39,0,0,0,0,7,3,0,0,0,34,0,16,133,0,0,34,12,11,2,0,16,26,0,0,0,2,101,12,0,18,0,5,0,0,156,0,0,0,0,0,210,0,30,4,421,0,0,4,4,0,0,10,0,4,0,51,0,4,201,94,0,0,0,0,0,10,0,0,76,0,0,0,4,10,20,229,0,0,0,0,0,4,38,0,0,192,146,0,19,0,16,0,5,0,0,2,2,49,66,29,86,59,57,0,65,0,1,2,0,70,16,96,0,0,320,0,31,15,0,0,18,96,10,0,0,0,0,0,0,0,0,0,8,5,1,39,0,0,8,20,4,17,0,4,1,5,6,0,0,5,1,0,11,24,0,0,0,0,0,26,317,0,0,75,0,0,0,0,16,82,3,92,0,9,0,8,0,2,0,0,110,0
"Subject_547",0,0,0,0,0,0,4,52,0,0,0,0,0,1,18,0,0,0,44,0,168,78,0,5,0,4,0,32,32,0,25,0,0,249,0,0,0,391,0,19,0,207,0,189,0,79,0,0,0,0,0,0,0,0,0,0,0,0,0,10,0,26,12,0,11,0,45,0,0,286,10,0,0,0,0,1723,0,0,0,34,0,0,0,0,17,0,0,0,0,39,0,15,14,0,0,0,0,0,14,0,0,7,0,0,0,0,0,418,12,0,5,0,0,309,10,13,7,0,123,0,0,0,0,90,37,0,0,0,0,0,0,25,0,0,0,0,0,0,0,0,4,0,0,0,0,0,0,0,78,24,6,84,0,9,0,0,0,0,0,3,0,128,0,249,0,57,0,0,0,0,21,0,0,0,0,0,0,22,83,0,0,0,0,0,38,0,0,0,0,0,0,82,0,0,0,0,0,0,0,0,0,0,0,20,0,61,0,0,0,6,0,0,0,0,0,0,65,0,0,8,22,85,0,0,0,54,0,0,73,0,50,0,0,123,0,0,37,0,0,65,99,370,0,0,0,0,0,0,0,0,392,0,0,0,0,0,0,0,0,23,0,0,0,10,2,0,0,0,0,1298,0,23,195,0,20,0,0,0,0,587,0,0,88,0,0,0,0,255,9,0,0,0,0,0,0,0,0,0,0,167,0
"Subject_548",0,0,1,0,0,0,0,10,125,1,0,1,1,1,26,0,3,0,0,0,9,35,0,0,0,1526,1,0,84,84,288,0,0,21,0,0,7,9,1,1,0,0,0,12,0,34,0,1,0,0,1,0,0,0,1,0,0,0,0,1,1,39,0,0,0,11,61,0,0,0,5,0,0,10,0,0,0,0,0,42,0,0,111,0,1,3,50,0,0,49,0,34,32,0,0,1,0,0,12,0,19,0,0,0,4,23,0,287,0,0,0,0,0,150,8,2,0,0,140,0,0,9,0,62,319,3,0,0,0,0,1,6,0,0,0,0,9,0,0,0,3,0,0,0,0,0,0,0,0,0,2,13,1,3,1,0,0,0,6,13,0,0,0,2,0,0,0,0,0,80,6,0,0,0,0,0,0,8,282,0,8,0,0,0,1,0,0,0,0,0,0,7,3,20,0,0,0,1,0,0,0,0,2,3,0,4,0,36,0,0,2,0,0,8,39,0,55,3,5,2,6,3,0,0,0,0,0,0,3,14,65,0,0,3692,0,0,13,0,0,3,14,0,0,0,0,0,0,0,0,0,75,1,4,0,8,2,13,0,2,14,1,0,0,2,0,0,0,0,0,649,0,0,153,0,0,0,0,0,7,643,0,0,28,0,0,0,0,0,10,6,0,0,0,0,6,20,3,0,0,135,0
"Subject_549",0,0,0,0,0,0,0,0,0,0,0,0,0,0,13,0,0,3,0,0,0,50,0,11,0,749,0,0,19,19,3183,0,0,45,0,0,0,0,0,0,0,0,0,0,0,45,0,0,0,0,0,0,0,0,0,0,0,0,0,530,0,0,0,0,0,0,0,0,0,0,12,0,0,0,0,0,0,0,0,22,0,0,7,0,0,0,5,0,0,17,0,81,3,0,0,38,0,0,0,0,0,17,0,0,0,0,0,288,0,0,0,43,0,23,0,0,0,0,0,0,0,0,0,0,15,0,0,0,505,0,0,0,0,3,0,0,23,0,0,0,0,0,0,0,0,0,0,0,0,24,4,0,0,0,0,0,0,0,0,19,0,0,0,0,0,0,0,0,0,0,0,0,0,0,0,0,0,0,309,2,0,0,6,0,0,19,0,0,0,0,0,84,2,0,0,0,0,0,0,0,0,0,1,26,0,53,0,0,0,1,0,0,0,0,0,0,47,0,12,0,85,0,0,0,0,0,0,0,0,0,21,0,0,366,0,0,8,0,0,0,0,0,0,0,0,0,0,26,0,0,0,3,0,0,0,8,0,0,0,6,11,0,0,0,2,0,0,0,0,784,0,6,2,0,9,0,0,0,0,1991,0,0,53,0,0,0,0,0,0,13,0,0,0,0,8,0,0,0,0,224,0
"Subject_550",0,0,0,0,0,0,0,0,0,0,2,0,0,0,15,0,0,3,0,2,6,44,0,0,0,3443,0,0,44,0,0,0,21,56,0,0,18,0,0,0,0,0,0,101,0,32,0,3,0,0,0,0,0,0,0,0,0,0,0,19,0,0,0,0,0,0,0,0,0,0,0,0,3,14,0,0,0,0,0,77,0,2,43,0,41,0,335,0,2,22,0,0,306,0,26,0,0,0,8,0,0,0,0,23,0,0,1,1059,0,45,0,1,0,116,0,0,0,0,56,0,0,0,0,8,180,0,0,0,3,0,4,12,0,5,0,0,21,0,0,0,0,0,0,0,0,0,16,0,0,0,6,17,0,0,0,0,0,0,5,128,0,0,0,3,0,0,0,0,0,0,0,2,4,0,29,0,0,0,24,3,0,0,0,0,4,0,0,0,0,0,0,29,2,0,0,0,0,0,0,0,12,0,0,0,3,50,0,0,0,7,0,0,24,29,33,0,0,0,622,0,0,0,0,0,0,0,5,0,4,0,121,0,0,422,0,9,0,0,0,0,0,0,0,0,0,0,0,16,2,0,0,0,18,0,9,0,0,0,25,4,3,11,0,0,0,0,0,124,0,1129,0,70,0,0,0,0,0,0,42,432,0,0,150,0,0,0,0,0,4,42,0,0,0,0,0,9,0,3,0,73,0
"Subject_551",6,0,0,0,0,0,0,0,0,0,0,0,0,0,64,0,0,0,7,0,0,21,0,4,0,5344,0,0,25,19,8,0,0,97,0,0,0,22,0,0,2,83,177,0,0,66,0,0,0,0,0,0,9,13,1,0,0,0,0,22,0,26,12,0,0,0,9,0,3,0,0,0,0,0,0,0,10,0,0,3,0,1,3,0,0,0,84,0,5,39,0,59,7,0,0,21,0,0,0,0,9,4,0,4,1,0,2,155,0,0,0,0,0,260,25,0,0,0,106,2,0,0,0,6,26,0,0,0,0,0,0,0,0,0,0,20,119,0,0,0,5,0,0,0,0,592,0,0,14,0,6,0,0,0,1,0,0,0,0,40,37,35,0,2,0,34,0,0,0,0,3,0,0,0,0,0,0,2,239,0,0,0,0,0,0,8,0,0,0,0,0,46,7,0,0,0,0,0,9,0,0,0,0,3,116,10,2,22,1,2,0,0,0,0,4,0,52,4,41,0,3,5,0,0,0,0,0,0,59,3,223,0,0,263,0,0,10,3,0,0,37,0,0,0,2,0,0,0,0,0,0,0,0,0,4,3,11,0,9,0,0,0,0,2,0,0,0,0,1,128,0,8,106,0,0,0,0,0,9,275,0,31,362,0,0,0,0,0,48,10,0,0,0,0,9,0,1,0,0,27,0
"Subject_552",3,0,0,0,0,0,0,0,0,0,0,0,5,0,375,0,9,0,0,3,0,55,0,0,0,564,0,11,3,0,0,0,0,31,0,0,2,163,0,0,4,201,0,0,9,27,0,0,0,0,0,0,21,0,0,0,0,0,0,0,0,0,0,0,0,0,64,0,0,0,0,0,0,0,0,0,10,0,0,88,0,0,4,0,0,2,2,0,0,29,0,15,3789,0,0,236,0,0,27,0,22,0,0,0,0,0,0,249,13,0,0,0,0,192,0,12,0,0,36,0,0,0,2,11,70,0,0,0,0,0,0,24,0,55,0,0,32,0,0,23,5,0,0,0,0,0,5,0,21,0,0,0,2,0,2,0,0,0,0,0,0,0,0,0,0,0,4,0,0,0,8,0,2,0,0,0,0,23,40,0,0,0,0,0,0,0,0,0,0,0,0,82,2,0,0,0,0,0,0,0,0,0,0,0,0,8,0,0,0,0,0,0,0,6,0,0,51,0,0,0,0,0,0,0,0,4,0,0,56,0,51,0,0,34,0,0,0,0,0,0,0,0,0,0,3,0,0,0,0,0,0,0,0,0,0,2,4,0,0,53,8,0,0,6,0,0,0,0,0,1086,0,0,10,0,0,0,0,0,0,1598,0,0,215,0,0,0,0,0,0,56,0,0,0,4,0,0,5,0,0,57,0
"Subject_553",3,0,0,2,0,0,1,24,0,0,0,0,0,0,18,0,0,0,0,0,0,5,0,7,0,468,0,0,21,210,514,20,0,12,0,0,4,0,0,0,0,165,0,0,0,89,0,0,0,0,0,0,8,0,0,0,0,0,0,163,0,0,0,3,0,0,326,0,0,297,22,0,0,24,0,0,2,0,3,0,0,0,0,0,0,15,0,0,0,36,0,32,4,0,0,22,0,0,0,0,0,107,0,0,0,0,0,177,0,0,1,0,27,71,0,1,0,0,58,9,0,0,0,0,8,0,0,0,0,0,0,0,0,0,165,1,388,0,0,11,11,0,26,4,0,122,0,0,29,34,7,0,0,72,0,0,0,0,0,44,0,52,0,0,0,33,0,0,7,0,0,0,0,2,22,0,0,0,676,0,0,0,0,0,0,0,1,0,0,0,1,36,0,16,0,0,0,0,0,0,0,0,0,69,1,0,0,159,1,0,2,0,0,0,2,1,91,0,2,0,0,70,0,11,0,0,0,0,2,0,0,0,0,293,184,0,32,0,0,0,51,6,0,0,12,399,0,0,0,0,0,0,0,0,1,1,0,0,0,0,0,0,0,1,5,0,0,0,0,0,0,0,528,0,9,0,0,0,0,2932,0,0,312,3,0,0,0,0,0,0,0,0,0,0,10,0,47,0,0,18,0
"Subject_554",0,0,0,0,0,0,0,0,0,0,0,0,5,293,55,0,0,0,0,0,0,0,0,0,0,7,0,0,25,0,0,0,0,37,43,0,79,0,0,0,0,0,0,0,0,0,0,0,0,0,0,0,0,0,0,0,0,22,0,0,0,0,4,0,0,0,618,0,0,0,0,0,0,0,0,0,0,0,0,0,0,2,0,0,0,0,0,0,0,99,0,0,110,0,0,11,0,0,21,0,0,0,0,0,0,0,0,0,0,0,0,0,3,936,0,0,0,0,0,0,0,0,0,7,73,0,0,0,0,0,0,103,0,3,0,0,0,0,0,0,0,0,0,0,0,0,0,0,0,0,0,0,5,0,0,0,0,0,0,35,0,0,0,0,0,0,0,15,0,0,0,0,2,0,0,0,0,0,202,0,0,0,0,0,0,0,8,0,0,0,0,897,0,0,0,0,0,0,0,0,0,0,0,0,0,0,0,131,0,10,0,0,0,0,0,0,0,0,0,0,0,0,0,0,0,0,0,3,0,0,0,0,0,0,0,0,0,0,0,0,0,0,0,0,0,0,2,0,0,0,0,0,0,0,0,0,0,0,0,0,0,0,0,0,0,0,0,0,0,2189,0,0,0,0,7,0,0,0,0,3204,0,0,359,0,0,0,0,0,0,233,0,0,0,0,0,0,143,0,0,0,0
"Subject_555",0,0,0,0,0,0,0,34,0,0,0,0,6,2,7,0,0,0,13,0,25,41,0,4,0,3,0,0,42,19,416,0,0,247,0,0,0,144,0,0,0,163,0,8,0,5,0,0,0,0,0,0,14,0,9,0,6,0,0,36,0,41,0,0,3,0,69,0,4,48,16,2,0,2,0,0,3,0,0,78,0,0,0,0,22,3,0,0,0,34,2,3,0,0,0,0,0,0,0,0,0,0,0,2,0,0,74,2779,13,0,0,0,0,197,22,0,0,0,108,0,0,40,0,0,271,0,0,0,7,168,116,298,0,0,0,0,20,0,0,0,12,0,0,0,0,0,36,2,27,33,13,2,0,47,0,0,0,0,0,69,0,0,0,23,0,0,0,0,10,0,0,0,0,0,0,0,0,75,214,5,0,0,0,0,8,0,0,0,0,0,0,55,0,0,0,0,0,3,0,0,0,0,0,293,457,12,0,0,0,2,0,0,28,0,14,10,54,16,0,0,0,42,0,0,0,0,0,0,43,0,91,0,0,121,0,15,0,0,0,0,0,0,0,0,0,3,0,0,0,0,2,8,10,0,37,0,0,0,133,0,8,0,0,8,4,0,0,0,3,44,0,0,270,2,2,0,0,0,12,1318,0,0,457,0,0,0,0,0,42,20,0,0,0,0,61,0,0,0,0,40,0
"Subject_556",109,0,0,1,0,0,1,0,0,0,0,0,0,0,54,0,3,0,0,0,0,0,0,355,0,1389,0,10,238,0,0,0,0,0,0,0,0,0,0,10,0,0,0,0,1,0,0,0,0,0,0,0,29,0,0,0,0,0,0,0,0,0,44,1,0,1,254,0,0,0,0,0,0,0,0,0,0,0,0,0,0,0,0,0,0,3,0,0,5,49,0,46,144,0,0,5,0,0,0,0,0,95,0,0,0,0,0,3080,0,0,0,0,0,184,0,0,0,0,0,16,0,0,0,8,0,0,0,0,0,0,0,32,0,27,0,0,29,0,0,27,9,8,0,0,0,32,0,0,16,11,0,0,37,0,0,0,0,1,0,53,0,64,0,0,0,0,0,0,9,0,0,0,2,4,0,0,0,108,0,0,0,0,5,5,0,0,3,0,0,0,0,0,0,10,0,0,0,0,11,0,0,0,0,0,0,0,0,175,0,0,0,0,0,0,0,0,0,0,0,0,126,0,0,0,0,42,0,428,0,0,0,0,0,79,42,0,11,0,0,0,0,33,0,0,0,0,0,0,0,0,0,0,0,0,0,0,20,0,0,0,2,0,0,0,0,0,0,0,0,121,0,0,214,18,8,0,0,0,0,1329,0,0,510,0,0,0,3,0,0,0,7,0,0,0,0,0,131,0,0,72,0
"Subject_557",0,0,0,0,0,0,0,48,0,0,0,0,0,0,0,10,61,0,0,0,0,211,0,1,0,0,0,0,65,0,28,17,2,0,0,0,0,732,0,0,4,0,0,0,0,0,0,0,0,0,0,0,0,0,0,0,0,0,0,418,0,0,2,0,0,0,238,0,0,0,39,0,0,0,0,0,0,0,0,1015,0,0,0,0,0,3,93,2,0,0,0,35,1,0,0,5,0,0,21,0,0,0,0,0,0,0,0,318,0,0,0,0,0,225,7,68,0,0,181,0,0,0,0,0,0,0,0,0,0,0,0,0,0,0,0,0,13,0,0,0,2,0,0,2,0,0,74,0,0,0,15,0,2,0,0,0,0,0,0,10,3,0,0,0,0,0,0,0,0,0,0,3,0,0,0,0,0,26,0,0,0,0,0,22,43,0,0,0,0,0,0,57,0,6,0,0,0,0,10,0,0,0,0,0,513,23,0,0,2,0,0,0,0,0,0,2,278,0,2,0,34,0,0,0,0,0,0,1,18,0,0,0,0,1119,0,0,17,0,0,55,0,0,0,0,7,13,0,0,0,0,0,0,0,0,10,13,2,0,29,0,17,0,0,14,0,0,0,0,0,68,0,0,0,0,4,0,0,0,33,3031,0,0,318,1,0,0,0,0,124,0,0,0,0,0,7,0,0,0,0,114,0
"Subject_558",0,2,4,0,7,0,1,17,0,0,0,1,0,250,81,0,2,0,0,0,3,4,0,3,0,3382,1,0,45,154,126,0,0,206,10,0,0,1,0,0,0,0,0,7,0,217,2,1,0,1,57,0,1,0,7,1,0,0,0,9,2,12,1,68,2,0,135,0,0,281,28,0,0,0,0,0,0,0,0,14,0,0,150,0,2,14,4,0,0,22,0,2,53,0,0,3,0,0,0,0,19,152,0,0,0,0,0,405,0,0,16,2,0,128,10,3,0,0,29,0,0,0,0,32,128,38,0,0,2,37,3,0,0,0,0,2,31,0,0,0,0,10,5,0,54,0,0,0,0,0,2,5,4,8,0,0,0,0,0,29,0,21,0,0,0,37,6,0,0,1,6,0,0,0,0,0,2,2,106,0,8,0,0,20,8,0,0,0,0,2,0,7,0,3,0,1,0,1,9,0,0,0,0,380,0,3,1,58,1,2,0,0,0,2,2,1,108,2,0,0,25,36,127,0,0,0,2,0,53,0,2,0,0,48,0,0,29,0,0,21,13,0,0,10,0,0,0,0,0,0,0,1,10,0,1,12,0,2,1,2,2,0,0,2,353,0,7,24,13,530,3,7,326,0,1,0,0,0,0,717,0,23,218,0,0,0,0,0,2,6,0,0,0,0,0,3,8,0,1,1,5
"Subject_559",2,0,0,0,0,0,12,21,0,0,0,0,5,0,41,0,0,1,27,0,30,21,0,0,0,1093,8,0,43,14,268,169,0,46,0,0,445,0,0,0,0,127,0,0,1,60,0,0,0,0,0,0,18,0,0,0,0,0,0,0,0,0,0,0,0,0,11,0,21,0,178,0,0,24,0,0,7,0,0,0,0,24,0,0,88,0,60,0,0,22,0,82,271,0,0,0,0,0,22,0,30,0,0,21,31,0,177,3,40,0,7,0,0,55,6,0,0,0,131,0,0,0,0,5,183,0,0,0,0,0,0,74,0,15,0,36,4,0,0,13,2,10,0,0,90,0,0,0,10,0,9,0,0,52,0,0,0,0,0,74,0,39,0,439,0,20,0,0,0,0,0,76,0,0,0,0,0,378,299,0,0,0,0,0,0,0,0,0,0,1,0,27,0,0,0,0,0,0,7,0,12,0,0,0,0,14,0,19,0,215,0,0,0,0,0,1,41,0,288,70,456,138,0,0,0,0,0,0,142,0,721,0,0,197,0,0,16,0,0,0,54,9,0,0,0,0,0,0,0,0,0,4,0,0,0,0,4,0,7,0,0,0,0,0,0,0,0,0,0,43,0,71,42,0,0,0,0,10,0,835,0,218,417,0,0,0,0,82,0,0,0,0,0,0,136,0,2,0,0,115,0
"Subject_560",0,0,0,0,0,0,244,11,0,0,0,0,0,0,33,0,0,0,0,0,3,6,0,7,0,1382,0,0,125,3,2,0,0,14,0,69,2,54,0,0,0,0,0,51,0,795,0,0,0,0,0,0,0,0,1,0,0,3,0,10,0,0,71,0,0,0,310,0,0,0,7,0,0,3,0,0,0,0,0,12,0,0,0,0,39,1,0,0,0,15,0,6,4,0,0,6,0,0,18,0,33,29,0,1,12,0,14,3052,0,0,0,0,0,6,0,4,0,0,73,0,0,0,0,13,6,0,0,0,0,0,8,1150,0,0,0,0,18,0,0,0,0,0,0,0,0,170,0,0,0,2,9,2,0,0,3,0,0,0,0,2,0,0,0,0,0,45,0,0,0,205,0,0,0,0,0,0,0,3,0,0,55,0,0,0,0,0,6,0,226,0,0,65,0,0,56,0,0,6,0,0,0,0,0,2,0,96,0,23,0,25,0,0,0,0,2,0,57,5,0,0,14,46,0,0,0,0,0,0,3,1,8,0,0,56,0,44,10,0,0,10,0,70,0,3,0,2,0,21,0,0,198,1,0,0,3,2,0,0,1,3,4,25,0,2,0,0,0,0,0,171,38,9,37,0,0,0,0,0,3,202,0,0,2,0,0,0,0,24,57,1,0,0,0,0,2,0,9,120,0,6,0
"Subject_561",12,0,0,0,0,0,0,0,0,0,0,0,0,2,0,0,0,0,25,0,0,0,0,0,0,1830,0,13,0,0,53,0,0,128,0,0,0,0,4,0,0,172,1589,0,0,117,0,0,0,0,0,0,91,35,0,0,0,0,9,0,0,0,0,0,0,0,559,0,0,0,134,0,0,0,0,10,14,0,0,0,38,0,0,0,0,0,0,0,0,0,0,90,127,0,0,0,0,4,0,0,0,32,0,0,4,0,0,1134,301,0,0,0,22,332,0,0,0,0,173,10,0,0,0,478,42,0,0,0,0,0,0,0,0,0,11,0,25,0,163,0,44,0,0,0,0,0,0,0,0,0,0,0,7,28,19,0,0,0,0,0,0,0,0,0,0,0,0,0,0,0,0,0,0,0,0,0,0,0,207,0,0,0,0,0,0,0,4,0,0,0,0,0,0,0,0,0,0,0,0,0,0,0,0,0,0,0,0,0,0,0,0,0,0,0,0,0,186,0,36,0,0,0,0,0,6,0,0,0,191,0,0,0,0,442,0,0,0,0,0,0,0,0,170,10,0,0,0,0,0,0,0,0,0,0,0,0,0,0,0,0,0,0,0,0,0,0,0,0,0,24,0,0,242,43,0,5,0,0,0,0,0,150,0,0,0,24,0,0,0,93,224,5,0,10,34,0,13,0,0,0,0
"Subject_562",0,0,0,0,7,0,19,23,1763,0,2,2,0,74,34,0,0,0,1,0,32,56,0,2,0,741,8,0,32,9,126,1,0,30,0,0,0,374,0,0,0,0,176,60,0,30,0,2,0,0,0,0,0,0,93,2,0,0,0,7,3,12,0,0,0,1,89,0,3,67,44,2,0,7,0,0,0,7,0,9,0,0,8,0,372,1,0,0,0,49,2,2,0,0,0,0,0,0,4,0,0,0,0,1,10,16,2,185,0,0,0,313,2,69,24,0,0,0,92,0,0,0,0,0,38,0,0,0,21,90,81,22,83,0,0,7,53,0,2,0,5,0,0,0,0,0,51,0,0,2,19,41,0,42,0,0,0,0,0,65,0,49,0,2,0,0,0,0,19,0,0,0,10,0,1,0,6,92,25,5,6,11,21,4,1,0,0,0,0,0,1,60,0,56,451,0,0,0,9,3,0,0,0,7,0,3,0,0,0,2,4,3,5,0,22,0,0,172,0,10,56,36,0,0,0,3,112,0,17,9,108,0,0,25,145,0,8,0,0,2,21,0,56,0,0,0,0,0,0,0,3,6,20,0,3,6,1,0,11,0,3,0,0,1,2,0,0,0,16,9,0,140,134,0,0,0,0,2,6,1607,0,0,336,0,0,0,0,1,8,98,54,0,6,0,24,0,4,3,0,124,0
"Subject_563",0,0,0,0,0,0,0,0,0,0,0,0,0,0,158,11,17,0,0,0,0,0,0,0,0,6,0,0,0,0,0,2447,0,0,0,0,0,0,0,0,0,0,0,0,0,0,0,0,0,0,0,0,0,0,0,0,0,0,0,0,0,0,0,4,0,0,0,0,0,0,0,0,0,0,0,0,0,0,0,0,0,0,0,0,0,3,0,3,0,0,0,0,0,0,0,69,30,0,0,0,0,0,0,0,0,0,352,2782,0,145,0,0,0,0,0,0,0,0,773,0,0,0,0,0,0,0,0,0,0,0,0,0,0,0,0,0,0,0,0,0,31,0,0,0,0,0,13,0,0,0,0,0,14,0,0,0,0,0,0,0,0,0,0,0,0,0,0,0,17,0,0,0,4,0,0,0,0,0,0,0,0,0,0,0,0,0,0,0,0,0,0,0,0,0,0,0,0,0,0,0,0,0,0,0,0,225,0,140,0,0,0,0,0,0,0,0,0,0,61,0,64,0,0,0,0,0,0,0,0,0,0,0,0,0,461,0,0,0,0,235,0,0,0,0,7,11,0,0,0,0,0,0,116,0,0,0,5,0,0,0,0,0,0,0,0,0,0,0,235,1049,0,0,0,52,0,0,0,16,0,0,0,24,272,0,99,9,0,0,0,28,0,0,0,0,0,0,14,0,0,0,0
"Subject_564",0,0,0,0,0,0,0,0,0,0,0,0,0,0,0,0,0,0,0,0,0,0,0,3,0,1667,0,0,0,0,342,0,0,37,0,0,0,392,0,0,0,0,0,0,0,0,0,0,0,0,0,0,0,0,0,0,0,0,0,120,0,0,0,0,0,0,0,0,0,0,7,0,0,0,0,0,0,0,0,0,0,0,0,0,0,0,94,0,0,0,0,611,0,0,0,0,0,0,0,0,0,0,0,0,0,10,0,162,0,0,0,0,0,0,0,0,0,0,53,0,0,2,0,0,0,0,0,0,0,0,0,0,0,0,0,0,0,6,0,0,9,0,0,0,0,0,33,0,0,0,0,0,0,29,0,0,0,0,0,1,0,0,0,2,0,0,0,0,0,0,6,0,0,0,0,0,0,0,0,0,0,0,0,0,0,0,0,0,0,0,4,19,0,0,0,0,0,0,0,116,0,0,0,0,0,56,5,0,0,0,0,0,0,0,8,0,2,3,0,0,0,0,0,6,0,0,0,0,0,0,0,0,0,5,0,0,0,0,0,0,0,0,0,0,0,11,0,0,0,0,0,2,0,0,0,0,5,0,0,0,0,0,0,5,0,0,0,0,0,5915,0,0,5,0,14,0,0,0,0,0,0,0,205,0,0,0,0,0,0,0,0,0,0,15,0,0,4,0,0,0,7
"Subject_565",0,0,0,0,0,0,2,32,0,0,0,0,0,4,3,0,3,0,0,0,0,21,2,18,0,0,0,0,7,0,410,0,1,300,0,13,0,146,0,0,0,0,0,0,0,0,0,2,0,0,0,0,0,0,2,0,0,0,0,425,0,2,0,3,0,0,276,0,0,4,28,0,2,0,0,0,0,0,2,0,0,3,477,0,0,0,0,0,0,204,0,4,76,0,0,0,0,0,876,0,0,0,0,0,0,0,0,926,0,6,0,4,0,0,0,0,0,31,281,0,0,0,38,0,403,0,0,0,0,0,0,0,0,0,0,0,18,0,0,0,0,0,0,0,0,0,30,0,0,0,0,0,0,0,0,0,0,0,0,50,0,0,0,0,0,0,0,0,0,0,0,0,1,3,0,1,3,28,678,0,0,0,0,0,9,0,0,0,0,0,0,149,0,0,0,0,0,0,0,0,0,1,0,16,0,255,0,0,0,0,40,0,0,0,0,14,56,1,0,0,21,0,0,0,0,0,1,0,125,0,0,0,0,0,0,0,0,0,0,1,0,0,0,0,0,0,0,0,0,0,0,0,0,0,34,0,0,0,0,0,29,0,0,8,0,0,14,0,2,2,0,0,9,0,0,0,0,0,0,2200,0,0,802,13,0,0,0,0,38,3,0,0,0,0,44,0,273,0,0,0,0
"Subject_566",0,0,0,1,0,0,2,0,0,0,0,0,0,0,9,9,0,0,0,0,0,96,0,98,0,1664,0,0,349,12,338,0,0,0,0,0,119,0,0,0,0,0,0,0,0,140,0,0,0,1,0,0,0,0,0,0,0,1,0,167,0,0,0,0,0,0,0,0,0,0,39,0,2,0,0,0,0,0,0,90,0,0,0,0,0,2,382,0,0,80,0,57,374,0,0,0,0,1,51,0,0,0,0,0,1,0,0,2253,0,0,12,0,0,67,0,11,0,0,116,0,0,0,0,6,110,0,0,0,0,0,0,4,0,0,0,14,41,0,0,0,4,0,8,0,0,0,0,0,0,0,21,0,0,2,0,0,0,0,0,59,0,13,0,0,0,25,0,120,0,0,4,46,2,3,0,0,0,28,0,0,0,0,0,0,0,0,0,0,0,0,0,53,38,8,0,0,0,0,9,16,0,0,0,0,1,161,4,59,1,190,0,0,0,0,0,1,0,0,113,0,63,6,0,0,0,0,0,0,82,0,188,0,0,205,0,0,7,0,0,0,0,12,0,0,10,2,0,0,0,0,0,9,0,0,0,79,2,0,0,421,1,0,0,1,3,0,0,0,0,227,0,0,41,0,0,0,0,0,29,1,0,0,765,0,0,0,0,0,0,9,0,0,0,0,8,0,4,0,0,124,0
"Subject_567",0,0,0,2,0,0,0,0,0,0,0,0,0,305,29,0,0,0,0,0,0,340,0,0,0,0,0,0,0,0,345,0,0,0,7,0,10,0,1,0,0,0,0,0,0,148,0,0,0,0,0,0,0,0,0,0,0,2,0,468,0,0,0,0,0,0,144,0,0,0,20,0,0,0,4,0,0,0,0,848,0,4,523,0,90,4,824,0,0,0,4,9,0,0,0,0,0,0,0,0,24,0,0,32,3,10,0,0,0,0,0,0,0,0,0,3,0,0,0,0,3,0,0,0,0,0,0,0,0,239,0,0,1,8,0,149,175,12,0,0,0,0,0,0,0,0,0,0,0,0,14,0,0,0,2,0,0,0,338,138,0,0,0,0,0,0,0,0,5,0,45,0,0,2,0,0,0,190,533,0,0,0,0,0,0,0,0,0,121,7,0,0,0,0,0,0,0,5,0,0,0,0,0,112,0,190,0,0,0,0,0,0,0,0,23,0,97,85,0,0,70,48,185,6,3,0,0,0,35,23,297,0,4,306,0,0,8,0,3,5,0,0,0,0,0,0,0,0,0,0,0,0,0,0,11,11,9,0,0,0,8,35,0,17,0,0,0,95,13,0,0,0,65,0,0,0,0,0,9,1762,0,0,0,0,0,0,0,0,250,0,0,0,0,0,0,0,4,17,0,0,0
"Subject_568",0,0,0,0,0,0,19,10,0,0,4,2,3,0,1623,11,0,0,0,0,3,7,0,2,0,4132,0,0,54,9,22,17,26,112,0,0,17,0,6,0,0,0,24,58,0,51,0,2,0,0,11,0,0,0,168,0,0,0,0,2,0,35,0,0,0,0,0,0,2,0,52,0,2,3,0,22,0,0,0,2,0,2,2,0,9,7,0,0,0,24,0,22,60,14,0,0,0,0,91,0,0,0,0,0,2,0,0,120,0,0,0,0,0,44,7,0,0,0,1,0,0,0,0,8,1438,0,0,0,0,0,0,1,0,0,0,3,4,0,0,0,5,0,0,2,0,0,0,2,0,0,3,0,0,8,0,0,0,0,0,38,0,0,5,0,0,0,0,0,0,0,3,0,0,0,0,0,3,28,0,0,0,24,0,0,2,0,0,0,0,0,0,13,3,11,0,0,0,0,0,0,0,0,0,0,0,2,0,0,3,21,0,0,0,0,30,2,2,0,9,0,0,0,0,0,0,0,0,0,35,0,15,3,0,336,0,0,0,0,0,5,0,6,0,88,0,0,0,0,3,0,5,0,3,0,3,2,2,4,9,56,0,0,0,0,2,0,0,0,0,0,0,0,203,0,4,0,0,0,4,0,2,0,501,0,0,0,0,0,4,0,58,0,0,0,18,8,2,0,0,32,0
"Subject_569",0,0,0,0,0,0,1,0,0,0,0,0,0,0,3,0,0,0,0,0,0,36,0,0,0,1272,0,0,11,68,0,0,0,43,0,0,6,0,0,0,0,0,0,0,0,136,0,0,0,0,0,0,0,0,0,2,0,0,0,222,0,0,0,0,0,3,44,0,0,49,12,0,0,0,0,0,0,1,0,47,0,14,216,0,55,0,3,0,0,38,107,2,11,0,0,99,0,0,22,0,14,0,0,0,12,47,166,510,0,0,0,0,2,869,15,0,0,0,246,0,0,0,0,4,262,12,0,6,14,0,0,87,216,0,0,13,0,0,0,0,2,0,0,0,0,0,0,0,0,0,28,0,0,31,0,0,0,0,0,23,0,36,0,57,0,17,0,0,0,0,0,0,0,0,0,0,0,68,118,0,0,12,0,0,16,0,0,0,0,0,23,76,0,0,0,0,0,0,8,0,0,0,0,35,0,15,0,0,0,0,0,0,0,0,0,0,0,108,491,11,0,69,0,1,0,0,0,0,20,23,118,0,0,50,0,0,101,0,0,0,13,0,0,0,6,0,0,0,0,0,0,0,0,0,3,1,0,0,0,0,0,0,0,0,0,0,0,0,0,2,0,0,1441,0,0,0,0,0,0,1561,0,0,351,0,0,0,0,0,51,0,0,0,0,0,0,0,2,0,0,0,0
"Subject_570",30,0,0,0,0,0,0,0,0,0,0,0,0,0,68,0,0,0,51,0,0,6,0,0,0,4,0,9,7,0,0,32,0,202,0,0,0,0,0,0,0,183,508,0,0,19,0,0,0,0,0,0,0,0,0,0,18,0,0,37,0,0,0,0,0,0,14,0,0,0,0,0,0,0,0,0,0,0,0,0,0,0,0,0,0,0,0,0,0,0,0,0,669,0,0,9,16,0,0,0,0,0,0,0,0,0,0,28,124,0,0,0,0,540,0,0,0,0,132,204,12,0,10,0,91,148,0,0,0,0,0,516,0,99,0,0,6,0,0,49,11,0,0,0,0,0,5,0,0,13,6,0,0,0,0,0,0,0,0,0,0,0,0,0,0,0,0,5,0,0,0,53,0,0,0,0,0,0,12,0,0,0,0,0,6,0,0,0,0,0,0,80,0,0,0,0,0,0,0,0,0,0,0,0,0,6,0,0,0,0,9,0,54,0,0,0,91,0,10,0,0,0,0,0,0,0,0,0,0,0,528,0,0,585,0,0,0,0,0,0,0,10,0,0,0,0,0,0,0,0,0,0,0,0,0,17,0,0,0,0,0,0,0,0,0,0,0,0,0,2623,0,0,822,0,0,0,0,0,0,899,0,0,81,0,0,0,0,14,0,23,0,0,0,0,174,0,0,0,0,23,0
"Subject_571",0,0,0,0,0,0,0,0,0,0,0,0,0,0,13,0,0,0,0,0,0,46,3,16,0,6,0,0,7,23,380,0,0,2,0,0,4,0,0,0,0,0,0,73,0,17,0,0,0,0,0,0,0,0,0,0,0,0,0,0,0,0,3,0,0,0,0,65,0,0,0,0,0,0,0,0,0,0,0,146,0,0,235,0,0,0,3,0,2,29,0,40,4,0,0,2,0,0,2,0,21,0,0,0,2,0,167,503,0,137,0,0,0,89,0,0,0,3,0,0,0,0,0,13,16,0,0,0,0,0,0,0,0,0,0,0,31,0,0,0,0,0,0,0,0,1211,0,0,0,0,0,0,0,49,1,0,0,0,11,0,0,0,0,232,0,0,0,68,0,0,0,0,0,0,112,0,0,0,211,0,0,0,0,0,0,0,36,0,0,0,0,116,0,55,0,0,0,2,0,0,0,0,0,0,1,0,0,0,0,2,0,0,0,0,0,0,0,0,0,0,0,164,0,0,0,0,0,0,5,3,226,0,0,93,0,0,0,0,0,0,93,0,0,0,0,100,0,9,0,0,0,0,0,1,0,0,0,0,0,0,13,0,0,0,0,0,0,0,0,1137,0,0,34,0,0,0,0,0,0,3695,0,0,57,0,0,0,21,0,0,0,0,0,0,0,2,0,4,0,0,128,0
"Subject_572",0,0,0,0,0,0,3,26,1,0,0,0,0,0,38,0,0,0,0,0,17,34,0,2,0,1859,0,0,5,24,0,0,0,40,0,0,3,17,0,0,0,0,0,14,0,546,0,0,0,0,0,0,0,0,0,0,0,0,0,43,0,2,0,0,4,0,393,2,0,185,0,0,0,0,0,0,0,0,0,74,0,0,1215,0,2,0,0,0,0,90,0,0,0,0,0,0,0,0,83,0,0,0,0,0,0,9,1,0,0,0,0,0,0,667,0,0,0,0,70,0,0,0,1,7,303,0,0,0,0,0,2,87,0,0,0,0,0,0,0,0,42,0,0,0,0,0,42,0,0,18,26,13,0,13,0,0,0,0,0,17,0,0,0,0,0,0,0,4,0,0,13,0,113,0,0,0,0,6,52,0,0,0,0,0,20,0,0,0,0,0,0,126,2,6,0,0,0,0,0,0,0,0,2,0,0,80,2,0,0,7,0,0,0,0,0,0,0,0,89,2,120,26,0,0,0,0,0,0,0,0,89,0,0,491,0,0,0,0,0,0,0,0,0,0,0,0,0,0,0,0,29,0,0,0,0,0,7,0,0,55,1,0,0,3,0,0,0,0,0,53,0,0,93,0,0,0,0,0,2,1856,0,0,372,0,0,0,0,0,6,59,0,0,0,0,11,0,19,0,0,145,0
"Subject_573",0,0,0,0,0,0,2,65,0,0,0,3,0,123,13,0,0,4,3,0,158,114,0,0,0,489,0,7,36,0,201,2,0,32,3,66,22,172,0,5,0,61,0,59,0,490,0,4,0,0,8,0,12,0,119,0,0,0,0,26,0,75,71,2,2,3,3,0,0,35,266,2,0,20,0,0,0,0,0,54,0,2,21,2,0,4,0,0,0,34,130,2,0,0,43,2,0,0,47,0,0,0,0,8,0,0,95,21,9,11,0,0,0,42,0,0,0,0,64,0,0,16,0,14,155,0,0,0,3,8,0,253,4,10,7,0,6,0,0,0,0,0,0,0,0,0,3,0,8,50,5,63,0,5,2,0,0,0,45,15,0,0,0,1454,0,0,0,0,0,0,7,11,172,0,0,0,0,227,7,0,0,0,0,0,6,0,0,0,0,0,0,122,0,0,0,0,0,3,0,0,0,0,0,1,618,4,6,17,0,6,0,0,3,18,64,2,36,140,0,10,0,20,0,2,0,4,160,0,46,2,280,7,0,30,0,0,8,0,0,3,17,0,0,12,0,0,0,0,0,0,153,2,21,0,24,53,0,0,12,22,2,0,27,3,0,0,0,97,42,2,0,71,126,0,0,0,0,2,11,1331,0,0,147,0,7,2,0,0,20,57,0,7,0,0,51,5,0,18,0,138,0
"Subject_574",0,0,0,0,0,0,15,0,0,0,0,0,0,171,35,0,0,0,0,0,23,35,0,0,26,2,0,0,357,0,2,0,7,15,0,0,9,32,0,0,15,0,0,0,0,31,0,0,0,0,0,0,0,0,0,0,0,0,0,72,0,77,0,0,0,0,36,0,0,0,0,0,0,455,0,0,0,0,0,143,0,0,0,0,798,4,0,0,0,33,0,210,0,0,0,0,0,0,32,0,11,0,18,0,6,0,0,2464,104,0,0,0,0,159,0,0,0,0,72,0,0,0,0,7,24,0,2,0,0,0,28,88,0,0,0,4,23,0,0,0,278,0,8,0,0,8,68,0,0,0,15,0,0,0,16,0,0,0,0,65,0,55,0,179,0,27,0,0,0,1,0,0,0,0,0,0,0,7,51,0,0,0,0,0,0,0,0,0,0,0,0,114,0,6,0,19,0,0,9,0,165,0,0,0,1,180,0,0,0,194,0,0,0,0,0,0,40,0,402,10,0,71,0,0,0,0,0,0,3,4,265,0,0,761,0,0,17,0,0,0,0,52,0,0,0,0,0,0,0,0,0,0,11,0,0,258,0,0,4,0,3,0,0,0,0,0,0,0,3,16,8,39,309,0,0,0,0,0,12,223,0,0,47,0,0,0,0,0,175,14,0,0,0,0,53,0,37,0,0,48,0
"Subject_575",0,0,0,0,0,0,1,0,0,0,0,0,0,0,25,7,25,0,0,0,0,16,0,0,0,197,0,0,38,19,0,0,0,0,0,0,10,0,0,0,0,0,0,0,0,192,0,0,0,0,0,0,0,0,0,0,0,3,0,0,0,0,0,0,0,0,50,0,0,0,0,0,0,0,0,0,0,0,0,17,0,0,0,0,31,6,0,0,0,0,0,9,68,0,0,0,10,0,0,0,0,35,0,0,0,0,0,851,43,0,0,462,0,178,0,4,1,0,28,0,0,0,22,79,62,0,0,0,0,0,45,203,0,0,4,0,3,0,2,0,63,0,0,0,0,0,33,0,0,0,0,2,0,0,1,2,0,0,0,0,0,86,0,0,0,37,0,0,0,4,0,2,2,0,0,0,0,67,0,0,0,0,0,0,0,0,0,0,0,0,0,306,2,12,0,1,0,0,0,0,0,0,0,0,0,331,0,86,0,3,0,0,0,0,0,0,0,0,110,0,0,0,0,0,0,0,0,0,0,0,0,0,0,387,136,0,0,0,0,0,0,247,0,0,0,0,13,0,0,0,0,0,0,0,0,6,69,0,0,0,0,0,0,8,0,2,0,0,0,2,2,0,543,0,0,0,2,0,0,3887,0,0,647,0,0,0,0,9,0,89,0,0,0,0,0,0,36,0,0,23,0
"Subject_576",0,0,0,0,0,0,1,61,0,0,0,0,2,0,4,0,0,0,7,12,0,47,0,0,0,1343,0,14,21,0,588,0,0,11,0,0,11,318,0,8,20,160,0,0,0,46,0,0,0,0,7,0,0,0,0,0,0,3,0,542,0,0,0,0,0,0,139,2,4,0,49,0,0,0,0,0,9,0,0,243,0,0,0,0,25,2,0,1,0,32,0,33,0,0,0,0,0,0,29,0,0,1,0,0,0,164,0,558,153,0,0,0,0,57,6,17,0,0,6,7,0,0,0,6,2,0,0,7,0,0,0,166,0,80,6,45,172,0,0,16,3,0,0,0,0,0,0,0,17,0,0,64,0,10,1,0,0,0,0,10,0,44,0,0,0,25,0,0,0,0,0,0,0,0,0,0,6,0,379,0,0,10,0,0,0,0,0,38,0,0,0,52,2,0,0,0,0,0,0,1167,0,0,0,0,0,21,2,20,1,3,13,0,0,0,0,0,117,0,44,0,0,176,0,0,0,0,0,0,24,25,79,0,0,272,131,0,27,0,3,2,19,169,0,0,0,0,0,0,0,0,0,0,0,0,48,4,8,0,0,0,0,0,1,4,0,0,0,0,0,490,0,0,1,0,1,0,68,0,0,871,0,0,80,0,0,0,0,4,119,0,0,0,0,0,8,0,1,0,0,54,0
"Subject_577",0,0,0,0,0,0,3,0,0,0,0,0,0,0,62,0,0,0,0,0,0,0,0,1,0,182,0,0,0,0,0,0,0,79,0,0,104,0,0,0,0,0,0,0,0,973,0,0,0,0,0,0,0,0,0,0,12,3,0,2,0,0,0,0,0,0,0,0,0,0,9,0,0,0,0,0,0,0,0,0,0,0,0,0,0,0,0,0,0,0,0,1,117,0,0,0,0,2,0,0,0,162,0,0,0,0,0,680,0,0,0,0,0,0,0,0,0,0,0,0,0,0,0,13,0,0,0,0,0,0,0,0,0,3,0,0,18,0,0,0,12,10,0,0,0,0,0,0,0,0,0,0,0,0,0,0,0,0,0,0,0,0,0,0,0,0,0,0,0,0,0,57,0,0,0,0,0,0,0,0,0,0,0,0,0,0,0,0,0,0,0,128,6,0,0,2,0,0,0,0,0,0,0,0,0,0,0,0,12,2,0,0,0,0,0,0,0,0,1,0,0,0,0,0,0,0,0,0,63,0,0,0,0,938,0,0,0,0,0,0,0,0,0,0,0,0,0,0,0,0,18,0,0,0,0,0,0,0,0,0,0,0,0,0,0,0,0,0,0,94,21,0,0,0,3,0,0,0,0,6207,0,0,0,0,0,0,0,0,0,0,0,0,0,0,0,0,0,0,0,0,0
"Subject_578",0,0,0,0,0,0,0,8,0,0,0,0,0,0,20,0,106,0,0,0,0,0,0,0,0,5664,0,0,101,0,0,0,0,0,0,0,0,282,0,0,0,0,0,0,0,104,0,3,0,0,0,0,0,0,0,0,0,0,0,33,1,0,0,1,0,0,19,0,0,0,40,0,0,0,0,54,0,0,0,4,0,0,0,0,0,0,151,0,0,0,0,0,6,0,0,0,4,0,7,0,25,1,0,0,0,0,0,287,0,0,0,0,0,39,21,6,0,0,270,0,0,0,0,10,23,0,0,0,2,0,2,3,0,0,0,0,6,12,0,7,8,11,7,2,0,0,0,0,0,0,11,0,0,11,0,0,0,0,0,28,0,53,0,0,0,109,0,0,0,0,0,0,0,0,0,0,0,0,0,5,0,0,0,0,20,0,0,0,48,0,0,35,40,51,0,2,0,6,0,0,0,3,0,28,0,0,0,0,0,0,0,0,0,0,0,0,0,0,0,0,0,0,0,0,0,16,0,0,0,0,0,0,0,470,397,0,34,0,20,4,0,0,0,0,0,0,0,0,0,0,0,2,0,0,0,28,0,0,8,0,6,0,0,4,0,0,0,0,0,106,0,0,551,0,0,0,0,0,64,15,0,0,244,0,0,0,0,40,46,0,0,0,0,0,0,0,7,0,0,135,0
"Subject_579",0,0,0,0,0,0,0,23,96,0,0,0,0,0,3,0,0,0,22,18,25,2,0,0,0,5455,0,23,35,5,1,395,0,91,0,0,3,2,1,0,0,84,24,57,0,130,0,3,0,0,0,0,12,0,2,0,0,0,0,10,0,0,0,0,0,0,8,0,10,0,10,0,0,4,0,102,5,0,0,2,2,0,0,0,0,0,0,0,0,7,351,2,123,12,0,7,0,0,0,0,0,0,0,0,0,0,14,99,0,0,0,0,0,0,0,0,0,0,10,0,0,0,0,22,21,0,0,0,0,0,138,225,0,0,0,0,18,0,3,0,27,0,0,0,0,0,0,0,16,0,7,7,0,103,0,0,0,0,24,0,0,0,0,0,0,0,0,1,0,0,2,0,0,0,0,0,0,1,2,0,9,0,0,0,0,0,0,0,0,0,0,16,0,0,0,0,0,0,0,0,0,0,176,2,4,15,3,0,0,8,0,30,5,13,1,0,24,5,22,0,34,11,0,0,0,0,140,0,34,0,54,0,0,172,0,0,0,0,0,0,95,0,0,26,0,0,0,0,0,21,51,0,0,0,2,0,0,0,2,5,0,0,0,0,0,0,0,8,6,11,0,5,575,2,4,0,0,0,0,399,0,0,16,0,0,2,8,0,0,6,0,0,3,0,3,4,0,63,0,2,0
"Subject_580",0,1,0,0,0,0,2,0,0,0,2,2,0,47,34,0,0,0,6,0,0,26,0,1,0,648,0,0,28,0,2,0,3,110,0,0,3,3,2,0,0,46,0,26,0,436,0,2,0,0,1,0,5,0,19,2,0,0,0,2,0,95,6,0,2,7,148,0,0,132,47,1,5,23,0,0,4,0,0,5,0,2,9,0,483,794,7,0,0,42,0,32,0,0,0,0,0,0,33,0,7,0,1,7,24,13,23,46,30,17,0,2,0,36,3,16,0,2,15,0,0,0,0,133,210,39,59,5,2,0,39,130,8,6,1,26,13,1,0,12,378,0,0,0,2,0,7,2,7,0,9,21,0,10,1,0,0,0,7,49,0,13,0,0,0,27,0,0,0,2,7,0,0,0,0,0,0,5,58,1,3,27,0,0,21,0,0,1,0,0,1,19,3,37,6,0,0,0,0,0,0,0,1,33,0,28,4,0,0,2,0,0,111,0,5,2,39,9,2,0,0,24,11,0,0,0,9,0,18,4,41,3,0,1275,0,19,12,0,0,554,11,7,0,0,0,0,0,0,0,0,148,1,6,0,2,72,11,10,6,0,6,0,0,1,0,2,0,14,6,3,0,28,434,0,0,0,0,0,15,1400,0,0,184,0,0,0,0,0,64,35,0,1,0,0,78,19,3,3,0,216,29
"Subject_581",41,0,0,0,0,0,0,0,0,0,0,0,0,0,634,0,25,0,0,0,0,5,0,0,0,2087,1,1,28,36,1,0,2,34,0,0,0,1,0,0,0,38,0,0,0,27,0,0,0,0,0,0,4,0,0,0,0,0,0,0,2,0,0,0,0,0,9,0,1,0,0,2,0,0,0,0,2,0,1,1,0,0,14,0,0,4,0,0,0,3,0,4,147,0,0,0,0,0,0,0,0,34,0,0,0,0,0,3264,0,0,0,0,0,2,0,0,0,0,52,2,0,0,0,3,40,0,0,0,0,0,0,6,0,0,2,6,8,0,0,0,15,4,0,1,0,318,17,0,11,0,6,0,0,9,0,0,0,0,0,3,0,10,0,0,0,0,5,0,0,0,0,1,1184,0,0,0,0,2,0,0,0,0,0,0,0,0,0,0,0,0,0,10,13,5,0,0,0,0,0,0,0,0,0,882,0,70,0,0,1,0,3,0,0,0,2,1,1,0,93,0,7,0,0,0,0,0,0,0,3,0,7,0,0,183,0,0,13,0,0,2,8,0,0,0,4,0,0,0,0,0,0,0,4,0,6,50,10,0,0,0,0,0,0,1,0,0,0,0,0,348,0,0,6,0,0,0,0,0,0,1,1,1,56,0,0,0,0,0,0,11,0,0,0,0,1,0,2,0,0,38,0
"Subject_582",2,0,0,0,0,0,0,0,0,0,0,0,0,0,0,0,80,0,9,1,0,32,0,0,0,1383,0,0,0,13,417,0,0,43,0,0,85,19,0,0,0,129,0,0,0,0,0,0,0,0,4,0,34,0,1,1,0,0,0,42,0,0,0,0,0,0,0,0,0,0,9,0,0,0,0,0,11,0,0,12,0,0,38,0,0,17,0,0,0,32,0,0,0,0,0,0,80,0,0,0,16,0,0,0,0,252,0,1534,7,0,0,0,0,5,19,4,0,0,37,0,0,0,0,55,16,65,0,0,0,0,3,65,0,0,26,70,0,0,0,8,12,0,0,0,0,0,0,0,17,0,18,2,2,12,77,0,0,0,0,52,0,0,0,0,0,0,0,0,0,0,48,0,0,0,0,0,0,0,7,0,0,0,0,0,1,0,5,0,0,0,0,7,0,15,0,0,0,0,0,0,0,0,0,2,0,39,0,79,0,8,0,0,0,0,10,0,8,0,74,0,2,0,0,14,0,0,0,0,2,38,2,0,0,1266,48,0,23,0,0,0,65,0,0,0,277,70,0,0,0,0,0,0,27,0,22,0,5,0,3,32,0,0,0,4,0,0,0,0,0,17,0,18,166,0,0,0,0,0,0,2441,0,0,81,0,0,0,0,0,0,5,0,0,0,0,44,0,4,0,0,152,0
"Subject_583",0,0,0,0,0,0,0,0,0,0,0,0,0,119,30,0,0,0,0,0,0,0,0,0,0,3596,0,19,9,4,2,0,0,40,0,0,11,2,2,0,1,95,0,0,0,196,0,0,0,0,0,0,13,0,0,0,0,0,0,1,0,0,0,0,0,0,0,0,0,0,0,0,0,0,0,0,5,0,0,0,0,0,0,0,0,2,0,0,0,37,0,4,4,0,0,0,0,10,0,0,0,217,0,0,0,0,0,226,0,0,0,0,0,0,0,1,0,0,33,26,0,0,0,130,258,0,0,0,0,0,0,333,0,0,0,0,706,0,0,0,3,0,0,0,0,133,0,0,20,0,5,2,0,0,1,0,0,0,0,0,0,0,0,0,0,0,0,0,0,0,0,0,0,0,0,0,0,0,0,0,0,0,0,0,0,0,5,0,0,0,0,36,0,0,0,0,0,0,0,0,0,0,0,0,0,0,0,32,4,2,0,0,0,0,0,0,0,0,2,0,0,0,0,0,0,0,0,0,61,0,0,0,0,29,174,0,0,0,0,0,0,0,0,0,17,0,0,0,0,0,0,0,1,0,0,0,0,0,0,0,0,0,0,0,2,0,0,0,0,115,0,0,141,2,0,0,0,0,0,3036,0,0,17,0,0,0,0,0,0,0,0,0,0,0,0,0,15,0,0,18,0
"Subject_584",2,0,0,0,0,0,0,0,1283,0,0,0,0,0,0,0,1,0,0,0,0,98,0,5,0,0,0,0,58,15,205,0,0,67,0,0,12,0,0,0,3,0,0,0,0,0,0,0,0,0,0,0,0,0,0,0,0,0,17,0,0,0,0,0,0,0,0,0,0,0,0,0,0,0,0,0,0,0,0,0,0,0,197,0,0,2,0,0,0,0,0,9,2,0,0,2,0,0,0,4,0,12,0,0,19,0,0,1171,0,0,0,0,4,0,0,0,0,0,0,0,0,0,0,0,0,0,3,0,0,0,0,0,0,0,0,0,0,0,0,0,3,0,0,0,0,0,0,0,0,0,0,0,2,0,0,0,0,0,0,0,0,0,0,0,0,0,0,0,0,0,36,0,0,0,0,0,0,0,480,0,0,0,0,0,0,0,4,0,0,0,0,0,0,6,0,0,0,0,0,0,0,0,0,0,0,0,0,0,2,0,0,0,0,0,0,0,0,0,1,0,0,0,0,0,3,0,0,0,0,0,0,0,0,601,0,0,0,0,0,0,0,0,0,0,3,0,0,2,0,0,0,0,0,0,0,0,0,0,0,0,0,0,0,0,0,0,0,0,0,0,0,0,140,0,3,0,0,0,0,5154,0,0,346,0,0,0,0,0,0,0,0,0,0,0,7,0,15,0,0,0,0
"Subject_585",7,0,0,0,0,0,2,0,0,0,0,0,0,0,211,3,0,0,0,0,0,41,0,0,0,1924,12,0,212,0,0,0,0,0,0,0,0,0,0,0,0,0,124,0,0,0,0,0,0,0,0,0,0,0,87,0,0,0,0,301,0,51,2,3,0,0,17,13,0,0,12,0,1,0,0,551,3,0,2,34,16,0,136,0,0,0,0,0,0,72,0,81,34,0,0,47,0,0,0,5,0,3,0,44,0,0,0,959,0,40,0,38,0,223,19,0,3,0,0,0,4,0,0,0,162,0,0,0,0,4,0,0,0,0,0,2,40,0,0,0,6,0,8,0,0,1118,19,0,0,0,0,0,0,126,1,0,9,0,0,0,0,75,0,0,0,34,0,0,20,0,0,2,0,0,38,8,0,117,193,0,0,0,0,0,0,5,0,0,0,0,0,0,0,6,0,37,0,0,0,0,0,0,0,2,315,8,0,38,0,0,0,0,0,0,0,0,57,47,384,0,19,50,0,6,16,0,0,0,33,0,0,0,0,0,215,0,12,4,0,0,0,0,0,0,0,0,0,0,0,0,0,0,0,0,6,11,0,0,15,0,0,89,0,0,0,0,19,0,10,647,0,0,416,0,0,0,0,0,42,10,0,0,0,0,14,0,0,0,6,0,0,0,0,0,140,0,0,0,0,0,0
"Subject_586",0,0,0,0,0,0,3,10,2,0,0,0,2,0,31,0,0,0,0,0,3,13,0,0,0,0,0,0,122,0,0,0,0,10,0,0,33,171,0,0,2,0,217,0,0,0,0,0,0,0,0,0,3,0,2,0,0,0,0,0,0,4,2,0,0,2,2461,0,0,0,0,0,0,0,0,0,0,0,2,0,0,0,306,0,0,0,0,2,0,9,0,134,9,0,0,151,0,6,3,0,0,0,0,0,2,0,5,503,0,54,0,147,0,31,0,0,0,0,7,0,0,0,0,11,0,11,0,0,1,0,2,3,0,0,0,0,247,0,20,0,18,0,0,0,0,0,118,0,0,0,4,0,0,0,2,11,12,2,0,0,0,0,0,0,2,0,5,0,0,0,0,0,2,0,0,0,0,5,0,0,0,0,0,0,0,2,0,0,0,0,0,83,7,0,0,3,0,2,0,0,0,0,0,1764,104,190,0,0,0,17,0,0,0,15,6,2,3,5,187,0,4,50,0,0,18,0,0,1,3,0,19,0,0,661,0,0,0,0,0,0,0,0,0,24,0,0,0,0,0,0,7,0,4,0,9,291,0,0,0,0,3,0,0,3,0,0,3,0,2,1425,10,0,11,2,0,0,0,0,2,2,0,4,0,0,10,0,0,4,29,0,0,0,0,0,1,0,0,0,0,71,2
"Subject_587",0,0,1,0,0,0,0,0,0,0,0,0,0,452,1,0,0,0,3,10,201,105,2,0,18,337,0,0,0,0,0,11,2,164,5,26,38,395,0,0,0,92,0,155,0,596,0,10,0,0,0,0,7,0,0,0,0,0,0,0,0,1,0,0,0,0,39,0,1,0,0,0,0,64,22,0,0,0,0,466,0,1,0,2,521,1,0,8,0,0,808,12,44,0,0,0,0,0,3,0,14,0,0,25,0,31,233,74,0,9,0,38,0,43,0,0,1,0,63,12,4,0,0,0,64,0,2,0,0,72,0,32,202,0,23,30,0,0,0,10,0,0,0,1,0,0,0,5,10,0,13,0,0,3,1,0,0,0,154,53,0,14,0,0,0,30,0,0,0,0,0,0,2,0,0,0,0,76,0,0,7,0,0,0,0,0,0,0,67,0,0,178,0,0,153,0,85,1,14,0,0,0,0,0,1,85,0,6,0,0,0,0,3,0,3,0,0,101,192,0,63,21,0,0,0,0,0,0,75,0,597,0,3,65,71,22,6,0,0,0,31,30,168,0,0,0,1,0,0,0,153,1,35,0,13,30,1,0,67,0,10,7,2,0,0,0,0,545,0,80,0,0,2,0,0,0,0,0,9,0,1,0,628,0,0,0,0,0,73,92,0,0,0,0,3,0,0,137,0,99,0
"Subject_588",0,0,0,0,0,0,0,0,0,0,0,0,0,0,3,0,0,0,0,0,0,51,0,2,0,3298,0,0,0,3,245,0,0,0,0,0,3,0,0,0,0,0,0,0,0,0,0,0,0,0,0,0,0,0,0,0,2,0,0,356,0,0,0,0,0,0,0,0,0,0,0,0,0,0,0,0,0,0,0,86,0,0,0,0,0,0,0,0,0,14,0,0,3,0,0,3,0,0,0,0,0,0,0,0,0,0,0,2543,0,0,0,0,0,0,0,3,0,0,0,0,0,0,0,5,0,0,0,0,0,0,0,64,0,3,0,0,3,0,0,0,29,0,0,0,0,0,0,0,0,0,0,0,71,92,0,0,0,0,0,0,0,0,0,0,0,0,5,0,0,0,11,0,0,0,0,0,0,0,0,0,0,0,0,0,42,0,0,0,0,0,7,17,2,7,0,0,0,0,0,0,0,0,0,0,0,0,0,0,3,0,0,0,0,0,0,0,0,0,177,0,0,0,0,0,0,0,0,0,28,0,0,0,0,306,0,0,0,0,0,0,64,0,0,0,6,50,0,0,0,0,0,0,50,0,31,0,0,0,0,0,0,0,0,0,0,0,0,0,0,0,0,0,124,0,0,2,0,0,0,1764,0,0,395,2,0,0,0,0,0,0,0,0,0,0,0,0,11,0,0,22,0
"Subject_589",1,0,0,0,0,0,33,32,0,0,0,5,0,0,2,0,0,0,22,0,99,22,0,2,0,1406,1,7,6,4,183,0,0,164,0,0,4,150,2,0,1,36,0,0,0,26,0,4,0,0,0,0,8,0,53,0,0,0,0,294,0,75,0,0,0,5,29,0,85,0,17,1,4,10,0,0,0,0,0,337,6,4,99,0,35,1,33,0,0,55,1747,2,7,13,0,1,0,0,202,0,19,0,0,0,4,97,100,238,0,0,0,0,0,86,11,0,0,0,87,3,0,0,0,4,113,140,0,0,3,29,18,646,0,4,7,26,4,0,0,13,2,0,0,0,0,0,0,2,19,0,6,70,0,47,1,0,0,0,0,56,0,6,2,76,0,15,2,0,0,0,2,0,0,0,0,0,1,99,0,7,0,0,0,0,1,0,0,0,0,0,0,34,2,7,137,0,0,0,0,0,0,0,0,0,0,24,0,0,1,2,0,0,0,0,10,1,57,24,20,4,0,36,0,7,0,28,13,0,69,5,437,0,0,98,0,0,13,0,0,3,21,2,0,0,2,0,0,0,2,11,55,4,13,0,5,1,1,3,9,4,8,0,4,0,2,0,0,0,0,9,0,21,6,0,0,0,0,0,5,1191,0,0,96,0,0,0,0,0,56,0,0,1,0,0,8,0,2,0,0,30,0
"Subject_590",0,2,3,0,0,0,0,0,0,0,0,0,0,0,5,0,52,12,0,10,61,72,0,0,15,587,0,0,69,0,553,0,0,66,0,0,5,0,0,2,0,0,0,0,0,141,0,0,0,2,0,0,0,0,0,0,0,2,0,393,0,0,0,0,0,0,331,0,0,158,0,0,0,0,0,0,0,0,0,0,0,0,0,0,0,10,0,0,0,36,0,0,2,0,0,2,0,0,11,0,0,2,0,0,0,0,0,1647,0,188,0,0,0,51,0,2,0,5,119,0,0,0,4,5,7,383,37,0,3,0,20,0,0,0,0,0,58,0,0,0,12,0,0,0,0,0,0,2,0,0,0,0,0,0,0,0,0,0,0,40,0,0,0,0,0,0,0,0,0,5,40,0,1,0,0,0,0,0,772,4,0,0,0,0,0,0,0,13,0,0,0,80,2,0,0,0,0,0,0,0,0,0,0,312,0,236,7,17,2,1,0,0,0,34,17,0,0,0,0,0,0,0,0,0,0,0,0,5,0,0,0,0,0,350,0,0,0,0,0,0,0,0,0,0,93,337,0,0,0,0,0,0,0,0,0,11,3,0,11,0,27,0,0,3,0,0,0,0,0,96,0,0,2,0,0,0,0,0,0,1868,0,2,73,0,0,0,0,0,0,65,0,0,0,0,5,0,252,0,0,71,0
"Subject_591",4,18,0,0,0,0,0,0,0,0,0,4,0,0,37,0,3,0,17,0,2,15,0,2,0,0,0,15,12,0,532,0,20,0,0,0,24,235,0,0,1,359,0,0,0,86,0,0,0,0,2,0,0,0,53,0,0,3,0,26,0,1,17,0,0,0,91,0,7,137,22,0,0,4,0,0,7,0,0,2,0,0,0,0,32,43,0,0,0,58,0,195,0,0,0,0,0,2,0,0,38,0,4,0,2,35,0,169,5,23,0,0,0,37,0,0,0,0,11,5,0,0,38,11,0,0,0,8,0,0,0,11,0,0,5,7,0,8,0,46,58,0,75,0,7,1237,0,0,0,0,43,0,0,0,0,0,0,0,8,0,0,39,0,0,0,44,0,0,0,0,0,40,0,3,0,0,0,0,612,0,0,0,0,0,0,0,5,0,0,0,0,33,3,18,100,10,0,0,0,0,274,0,0,0,0,46,1,0,3,4,0,0,0,0,21,0,125,0,0,0,0,28,0,125,0,0,0,0,141,3,21,0,5,1247,0,0,26,4,0,9,0,9,0,0,7,0,0,0,0,0,14,0,0,0,2,75,0,3,0,0,0,0,0,4,0,3,0,0,0,56,0,15,520,0,12,0,0,0,101,1469,0,0,0,0,0,0,0,10,134,0,0,0,0,0,372,3,5,0,0,214,0
"Subject_592",0,0,2,0,0,0,0,52,0,1,0,1,0,191,0,0,0,19,10,29,49,45,0,1,2,606,0,3,31,20,0,0,0,28,0,0,18,250,2,0,2,111,0,0,0,118,0,3,0,0,0,0,19,0,136,7,0,1,2,151,0,8,0,0,0,4,312,0,0,174,177,2,0,2,296,0,0,0,0,240,0,1,75,3,694,0,0,0,0,132,2,57,0,0,0,0,0,3,51,0,17,0,0,0,9,30,102,198,6,51,0,0,0,176,6,0,0,1,144,0,0,7,0,78,45,131,2,10,0,7,192,205,0,4,10,0,23,10,0,22,430,6,0,0,0,0,85,14,0,0,13,0,0,14,0,3,0,0,6,28,0,38,0,139,0,18,0,0,0,1,23,2,0,1,0,0,0,0,65,3,4,0,0,0,5,0,0,0,2,0,0,80,0,0,0,0,0,1,0,0,6,0,0,78,0,151,0,0,0,10,0,0,4,0,17,0,17,232,8,1,0,0,0,1,0,0,442,0,0,2,217,0,0,267,0,9,7,0,0,0,35,2,0,33,0,0,0,11,3,0,2,2,9,0,21,10,5,0,13,66,1,4,0,18,0,0,0,2,0,58,3,70,566,12,0,0,2,0,0,6,1,0,746,0,0,0,0,4,3,100,0,0,0,0,2,0,10,0,0,106,0
"Subject_593",0,0,0,0,0,0,0,4,0,0,2,0,3,0,10,2,0,2,0,0,44,15,0,3,0,0,0,0,9,32,174,16,23,199,0,0,2,73,0,0,2,0,0,65,0,152,0,2,0,0,3,0,0,0,6,0,0,0,0,49,0,0,0,0,0,0,72,0,0,0,16,0,0,0,0,2,0,0,0,2,0,4,299,0,0,36,86,0,0,93,0,13,44,0,0,0,0,0,87,0,0,8,0,2,0,0,10,180,0,33,0,0,0,592,11,0,0,2,36,0,0,0,4,0,6,0,0,0,0,0,28,9,1,0,0,0,50,0,0,0,5,0,0,0,0,0,2,4,0,0,3,0,0,0,2,0,0,0,0,87,0,0,0,625,0,0,0,0,0,0,0,0,1,0,0,0,0,23,208,3,0,0,0,0,15,0,0,0,5,0,0,65,2,0,0,0,0,0,0,0,0,0,0,28,0,7,4,0,4,2,0,0,0,0,10,2,304,17,1,0,0,0,0,0,0,0,0,0,0,0,45,9,0,1130,0,51,0,0,0,2,0,0,0,0,0,0,0,0,0,0,409,7,6,0,58,56,7,0,15,13,9,0,0,2,2,0,0,60,5,289,0,5,101,0,0,0,0,1,3,3013,0,0,35,0,0,0,0,4,12,16,0,183,0,0,317,0,3,0,0,87,0
"Subject_594",43,0,0,0,0,0,0,0,0,0,0,0,0,0,33,9,0,0,0,1,0,172,0,360,0,614,0,0,90,7,113,0,0,47,0,0,47,0,0,0,0,60,0,0,0,0,0,0,0,0,0,0,16,0,0,6,0,0,0,600,8,52,0,6,0,0,128,0,0,0,0,0,7,39,0,0,11,0,0,278,0,0,5,0,0,0,0,0,0,35,0,0,13,0,0,52,0,0,0,0,0,0,0,0,0,0,0,477,0,36,0,0,2,351,0,18,0,0,172,0,0,0,0,9,32,0,0,0,0,0,0,57,0,0,0,0,8,0,0,0,14,0,0,0,0,0,33,0,20,94,16,0,2,29,0,0,62,0,0,0,0,0,0,0,0,0,0,3,0,0,45,0,0,0,12,0,0,0,212,0,0,0,24,0,31,0,0,0,0,0,12,96,0,39,0,0,0,0,0,0,0,0,0,0,0,62,0,0,0,49,0,0,0,12,0,0,138,0,620,0,0,133,0,0,0,0,0,0,0,0,0,0,0,529,0,0,0,0,0,0,63,0,0,0,0,77,0,0,0,0,0,10,60,0,48,0,8,0,96,0,20,0,0,11,0,0,0,0,0,3,0,0,142,0,0,0,0,0,39,2089,0,0,664,0,0,0,0,0,0,0,0,0,0,0,11,0,37,0,0,317,0
"Subject_595",0,0,0,0,0,0,1,23,0,0,0,0,0,389,0,0,0,0,0,0,85,21,2,5,0,2,0,0,3,1,0,0,0,29,0,0,0,0,0,0,0,0,0,84,0,14,0,0,0,0,0,0,0,0,0,0,0,0,0,314,0,87,0,0,1,0,84,0,0,0,49,0,0,13,0,0,0,0,0,99,0,0,0,0,0,0,0,0,0,46,0,2,3,0,0,0,0,0,105,0,44,2,0,0,23,0,234,2892,0,40,0,0,0,1021,0,3,0,0,14,0,0,0,0,41,34,0,58,0,0,0,0,19,0,0,0,3,2,15,0,0,2,0,4,0,0,9,0,0,0,0,7,0,0,0,0,0,0,0,0,87,0,37,0,0,0,29,0,0,0,0,0,0,0,2,0,0,0,0,21,0,0,0,0,38,0,0,0,0,0,0,0,0,0,0,0,0,0,0,0,0,0,0,0,0,0,0,0,162,0,0,0,0,0,0,0,0,24,36,0,0,0,51,0,4,0,11,0,0,121,5,0,0,0,139,0,0,10,0,0,0,0,56,0,0,0,0,0,0,0,0,0,3,0,0,0,6,2,0,0,14,4,0,0,14,0,0,0,0,0,9,0,0,88,2,0,0,0,0,5,2740,0,30,241,0,0,0,0,0,29,0,0,0,0,0,53,5,0,0,0,0,0
"Subject_596",0,0,0,0,0,0,6,25,0,0,0,0,0,0,10,5,0,0,0,0,0,74,0,5,0,467,0,0,9,5,177,0,0,12,0,0,13,47,2,2,0,0,0,0,0,8,0,0,0,0,0,0,0,0,0,0,4,0,0,252,0,0,0,5,0,0,171,0,0,0,21,0,0,0,0,1,1,0,0,0,5,0,1,0,0,2,8,0,4,44,0,4,3,0,0,2,0,0,27,0,9,0,0,0,0,34,0,1426,0,0,0,0,0,740,11,3,0,0,77,0,0,0,4,66,25,0,0,0,0,0,0,0,0,4,0,0,18,2,0,0,5,0,0,0,0,621,0,0,1,6,6,0,0,41,2,0,0,0,0,11,0,47,0,2,0,28,0,0,0,0,0,0,0,2,17,0,0,112,0,0,0,0,0,0,0,0,0,0,0,0,3,38,7,4,0,2,0,0,0,0,0,0,0,0,1274,25,0,12,3,12,0,0,0,0,3,2,112,0,174,0,85,62,0,0,0,0,0,0,31,7,103,0,0,303,0,0,11,0,0,4,17,9,0,0,6,0,0,0,0,0,0,6,0,0,9,15,24,0,3,0,3,0,0,4,0,0,2,0,0,120,0,0,169,0,6,0,0,0,3,2387,2,0,37,0,0,11,0,4,17,0,0,0,0,0,80,0,17,0,0,37,0
"Subject_597",0,0,0,0,0,0,0,0,0,0,0,0,0,0,10,0,0,0,0,0,98,0,0,0,0,125,0,0,9,28,376,517,0,0,0,0,22,737,0,0,0,0,0,0,0,328,0,0,0,0,0,2,0,0,0,0,0,0,0,0,0,0,0,0,0,0,6,0,0,0,0,0,0,0,0,0,0,5,0,466,0,0,0,0,228,0,1,0,0,197,0,3,0,9,0,2,0,0,6,0,0,0,0,0,2,20,212,53,0,0,0,0,0,497,0,2,0,0,104,0,0,0,0,4,0,0,0,0,0,0,0,154,0,3,0,0,0,0,0,0,1,0,0,0,0,0,0,0,0,0,20,4,0,0,0,0,0,0,0,2,5,0,0,301,0,0,0,0,5,0,2,0,173,0,0,0,0,0,283,0,10,0,30,0,0,0,0,0,0,0,0,472,0,10,0,0,0,0,10,0,0,0,0,0,0,7,0,0,2,0,0,0,0,0,7,0,5,0,192,6,56,0,0,0,3,2,0,0,0,0,210,0,0,210,0,0,0,0,0,0,0,0,0,0,0,0,0,0,0,0,127,5,0,0,0,0,4,0,9,0,0,0,0,0,0,0,0,0,0,0,0,106,341,0,0,0,0,2,0,2859,0,0,101,0,0,0,11,0,0,0,0,0,0,0,17,0,56,0,0,112,0
"Subject_598",3,0,0,0,0,0,1,0,0,0,0,0,0,0,6,0,0,0,0,0,0,0,1,1,0,2887,0,0,14,14,2,0,0,135,0,0,0,0,0,0,0,204,0,0,0,0,0,0,0,1,0,0,8,5,0,0,0,0,0,0,0,0,0,0,0,0,3,0,0,0,0,0,0,0,0,0,9,1,0,0,0,0,0,0,0,86,1,0,0,334,0,1,189,0,0,9,0,0,0,0,0,0,0,0,0,0,0,484,0,0,0,0,0,60,12,5,0,0,0,0,0,0,0,26,341,0,0,0,0,0,0,0,0,0,0,0,74,0,0,0,31,0,0,0,0,103,0,0,0,0,0,0,0,0,0,0,0,0,0,0,0,43,0,0,0,44,0,0,0,0,0,0,0,0,0,0,0,2,4,0,0,0,0,0,0,0,0,0,0,0,0,24,0,0,0,0,0,0,0,0,0,0,0,0,0,0,0,168,0,9,0,0,0,0,0,0,0,0,112,0,0,0,0,0,0,0,0,3,0,0,130,0,0,0,0,0,0,0,0,0,67,51,0,0,0,0,0,0,0,0,0,0,0,0,0,0,0,0,0,0,0,0,0,0,0,0,2,0,0,2,0,0,954,1441,0,0,0,0,0,1508,0,3,165,0,0,0,0,0,0,0,0,0,0,0,221,0,0,0,0,0,0
"Subject_599",0,0,0,0,0,0,2,0,0,0,0,0,0,0,5,0,0,0,0,0,0,0,0,0,0,764,0,0,0,0,0,0,0,0,0,0,0,0,0,13,0,0,0,30,0,0,0,0,0,0,0,0,0,0,11,0,2,0,0,0,0,0,0,0,0,0,483,0,0,0,49,0,0,0,0,0,0,0,0,44,0,0,0,0,0,0,0,5,0,37,0,0,0,0,0,0,0,0,2,0,0,0,0,0,52,0,0,6072,22,0,0,202,0,342,0,6,0,0,0,0,0,0,0,22,26,0,0,0,18,0,8,0,241,0,0,0,0,0,0,0,47,0,0,0,0,0,0,0,0,0,45,0,0,0,0,0,0,0,6,0,0,0,0,0,0,54,0,0,0,0,0,0,0,0,0,0,0,48,0,0,0,0,0,0,13,0,0,0,0,0,0,26,0,0,0,0,0,0,0,0,0,0,0,0,0,19,0,0,0,0,0,0,0,0,0,0,0,0,50,0,0,211,0,0,0,0,0,0,306,0,393,0,0,0,0,0,0,0,0,0,0,7,0,0,0,0,0,0,0,0,0,0,0,0,0,0,0,0,6,0,0,0,0,0,0,0,0,0,0,0,0,0,98,0,0,0,0,0,5,0,0,0,0,0,0,0,0,3,0,0,0,0,0,0,0,0,0,204,0,0,0
"Subject_600",3,0,0,0,0,0,0,0,0,0,0,0,0,947,0,0,0,0,0,0,0,0,3,0,0,0,0,0,8,4,2,0,0,0,0,0,0,0,0,0,0,0,0,0,0,0,0,0,0,0,0,0,0,0,0,0,2,0,0,0,0,0,0,0,0,0,181,0,14,0,0,0,0,0,0,0,0,0,0,0,0,0,0,0,0,6,0,0,0,0,0,0,0,0,0,0,0,0,0,0,0,126,0,0,6,0,0,0,0,99,0,0,0,0,0,0,0,0,0,2,0,0,0,0,0,0,0,0,0,0,0,224,0,0,0,6,0,0,0,0,1055,0,0,0,0,0,0,0,0,0,0,0,0,0,0,0,0,2,0,249,0,0,0,0,0,0,0,0,0,0,2,0,4,0,0,0,0,0,0,0,0,0,0,0,0,0,0,0,0,2,0,0,0,0,0,0,111,0,0,0,0,4,0,0,0,28,0,0,0,0,0,0,0,0,0,2,0,0,0,0,0,0,0,0,18,0,0,0,0,0,0,0,0,163,0,0,0,0,0,0,0,0,94,0,19,0,0,0,0,0,0,0,0,0,0,11,0,0,0,0,0,0,0,0,0,0,0,0,9,1727,0,0,4810,0,0,0,0,0,0,0,0,0,0,0,0,0,0,2,0,0,0,0,0,0,55,0,0,0,0,0,0
"Subject_601",1,2,0,0,0,1,0,20,0,0,4,3,0,0,1,0,0,0,7,18,0,147,0,0,0,950,0,0,2,19,0,0,0,85,0,0,268,419,0,0,1,123,0,0,0,1,0,0,0,0,0,0,6,0,37,2,0,0,0,0,0,18,0,1,0,0,3,0,0,0,31,0,0,83,0,0,0,0,0,42,0,0,257,0,0,2,23,0,0,126,0,3,4,0,27,7,0,0,690,0,17,0,3,2,3,0,0,18,0,0,0,0,0,197,5,0,0,0,63,3,0,0,0,10,1181,15,0,0,10,0,78,61,0,0,0,0,13,4,0,7,2,0,0,0,317,16,8,0,34,0,8,30,0,51,69,0,0,0,2,0,0,34,0,109,0,19,12,0,0,0,5,0,0,0,0,0,0,9,0,0,0,0,0,0,8,0,0,29,0,0,0,126,2,11,0,0,0,4,0,0,0,0,0,98,0,2,0,50,3,0,0,0,0,26,107,0,1,13,142,15,7,29,0,0,0,2,108,0,59,0,132,0,2,226,0,0,15,30,0,2,53,0,0,0,0,55,0,0,0,0,21,0,17,1,75,5,0,0,16,7,0,0,0,1,0,2,0,0,27,2,0,68,89,0,0,0,0,0,46,1209,0,0,508,0,0,0,0,0,15,0,0,0,0,0,237,0,2,0,0,448,0
"Subject_602",0,0,0,0,0,0,2,49,0,0,0,0,0,0,45,0,0,0,0,0,0,8,0,3,0,2003,0,0,20,55,0,0,0,118,0,0,18,194,0,0,0,0,0,0,0,64,0,0,0,0,0,0,0,0,0,0,0,0,0,13,0,0,0,0,0,0,12,0,0,0,0,0,0,0,0,0,0,0,0,16,0,0,54,0,0,14,33,4,0,0,1,0,118,0,0,48,0,0,29,0,0,0,0,0,0,0,0,129,0,0,0,0,0,433,65,3,0,0,167,0,0,0,0,14,164,0,0,0,0,0,0,816,0,3,0,0,394,0,0,0,30,0,0,0,0,0,10,0,0,0,15,0,0,0,0,0,0,0,0,52,0,0,0,0,0,0,0,0,0,0,7,0,0,0,0,0,0,103,33,0,0,0,0,0,34,0,0,0,0,0,9,87,10,14,0,0,0,0,0,0,0,0,0,0,0,6,17,0,2,12,0,0,0,0,6,2,0,0,1177,0,0,3,0,0,0,0,0,0,0,0,0,0,0,188,0,0,0,0,0,0,0,0,0,0,7,0,0,0,0,0,0,7,0,0,90,21,4,0,0,26,10,0,0,6,0,0,0,0,8,315,0,0,2012,0,0,0,0,0,0,300,0,0,218,0,0,0,0,0,20,0,0,0,0,0,0,0,2,0,0,32,0
"Subject_603",0,0,0,5,3,0,2,31,0,0,0,0,0,0,0,0,0,8,0,0,0,72,0,2,0,543,2,0,2,0,2365,0,0,44,4,183,21,272,0,0,0,3,0,47,0,187,0,2,0,0,0,2,0,0,0,0,0,0,0,30,0,0,0,0,0,5,56,0,0,0,10,0,0,7,0,0,0,0,0,23,3,3,379,2,0,0,2,0,0,51,271,0,19,0,0,8,0,0,110,0,0,3,0,4,3,10,21,473,0,0,0,0,0,131,7,0,0,0,0,0,0,40,0,5,441,9,0,0,2,0,8,1,0,0,0,0,0,0,0,0,0,0,0,0,5,0,0,0,0,4,31,6,0,0,2,0,0,0,107,81,2,0,11,533,0,0,0,0,0,0,4,0,0,0,21,4,0,0,64,2,75,0,0,0,0,0,0,0,146,0,0,282,0,0,0,0,0,0,0,0,0,0,148,106,0,20,0,0,0,1,0,0,5,0,4,0,60,141,0,0,0,5,9,0,0,2,0,0,0,19,86,0,0,199,0,0,175,0,0,0,0,0,0,0,0,0,0,0,3,0,0,9,0,0,0,0,0,0,2,12,0,6,0,0,0,0,0,430,0,0,0,11,102,0,2,0,0,0,27,0,0,0,531,0,0,0,2,2,57,212,0,0,0,0,0,0,0,77,0,226,0
"Subject_604",0,0,0,0,0,0,0,17,0,0,0,0,2,0,25,0,0,0,0,0,0,3,0,0,0,587,0,0,3,2,0,0,0,105,0,0,14,1,6,0,0,0,0,13,0,0,0,1,0,0,2,0,0,0,1,0,0,0,0,0,0,60,0,0,0,0,10,0,0,0,15,0,0,475,0,0,0,1,0,1,0,9,133,0,66,1,172,0,0,42,0,2,33,0,0,0,0,0,39,15,18,0,0,0,8,12,0,658,0,9,0,0,0,125,11,0,0,0,40,0,0,30,0,18,21,0,0,0,0,0,4,1048,66,0,0,0,2,0,0,0,11,0,0,0,0,0,7,0,0,9,18,9,2,66,1,0,19,0,0,21,0,43,0,89,1,25,0,0,0,0,1,0,0,0,0,0,2,5,2,0,2,0,0,0,30,0,0,0,89,0,1,9,3,3,0,0,0,3,0,0,0,0,0,7,0,7,3,45,0,2,0,0,0,0,3,0,1,65,142,0,0,29,15,59,20,0,24,0,27,2,248,0,0,164,193,0,14,0,0,42,16,44,0,0,0,0,0,0,2,0,7,1,5,0,3,1,3,0,1,54,0,0,0,1,0,0,0,0,0,11,0,0,1795,0,0,0,4,0,4,2218,0,0,64,0,0,0,0,0,8,3,0,0,0,0,219,10,2,5,0,11,0
"Subject_605",0,0,0,0,0,0,2,0,0,0,0,0,0,0,0,0,99,0,0,0,0,0,4,0,0,0,0,0,0,0,0,0,0,0,0,0,0,0,0,0,0,0,0,0,0,0,0,0,0,0,0,0,0,0,0,0,2,0,0,0,0,0,0,0,0,0,0,0,0,0,0,0,0,0,0,0,0,0,0,0,0,0,0,0,0,0,3414,0,0,0,0,0,725,0,0,0,0,0,0,0,0,53,0,0,0,0,0,4353,0,0,0,0,0,0,0,0,0,0,0,8,0,0,0,0,0,0,0,0,0,0,0,0,0,0,0,5,0,0,0,0,77,0,0,0,0,0,0,0,0,0,149,0,0,0,0,0,0,0,0,116,0,0,0,0,0,0,0,0,0,0,0,0,2,0,0,0,0,0,0,0,0,0,0,0,21,0,0,0,0,0,0,0,25,0,0,9,0,0,0,288,0,11,0,38,0,0,0,0,0,0,0,0,0,0,0,0,0,0,0,0,0,0,0,0,0,0,0,0,0,0,0,0,0,0,0,0,0,0,9,0,0,0,0,0,22,0,0,0,0,0,0,0,0,3,0,0,0,0,0,0,0,0,0,0,0,0,0,0,0,7,0,0,481,0,0,0,0,0,35,0,0,0,0,0,0,0,0,0,0,0,0,0,0,0,0,0,35,0,0,0,6
"Subject_606",0,0,0,0,0,0,7,31,0,0,0,0,0,0,1,49,0,0,8,0,0,38,0,3,0,1,0,4,3,10,0,242,0,73,0,0,58,43,0,6,0,60,0,0,0,14,0,0,0,0,3,0,21,0,25,1,0,0,0,283,0,0,0,5,0,0,3,0,0,16,33,0,0,6,0,0,4,0,0,36,0,0,188,0,0,2,2,0,0,42,0,4,0,0,0,0,0,0,48,2,0,0,0,0,0,0,0,178,6,0,0,0,0,1120,0,0,0,0,6,0,0,0,0,4,86,0,0,0,2,0,0,857,0,16,2,0,1,0,0,23,4,5,0,0,0,0,3,0,38,15,6,10,0,0,2,0,0,0,7,0,15,0,0,573,0,0,0,0,0,2,3,22,1,0,0,0,0,57,8,0,0,0,0,2,10,0,0,0,0,0,3,206,2,0,0,0,0,0,0,0,0,0,5,0,0,6,0,0,2,1,4,0,0,4,13,0,65,10,92,1,29,3,0,0,0,0,0,0,90,0,114,3,0,42,77,0,0,0,0,0,0,0,0,0,0,0,0,0,0,0,0,6,20,0,10,6,4,0,9,103,2,0,0,3,2,0,0,0,0,1,7,30,280,0,0,0,0,0,0,4182,0,0,75,0,0,0,0,0,17,0,0,0,0,0,0,0,7,0,0,8,0
"Subject_607",6,0,6,0,3,0,0,0,0,0,0,0,0,0,31,13,32,1,0,0,0,73,0,0,0,899,0,0,124,1,0,0,0,696,119,0,0,651,0,0,0,0,0,0,0,161,0,0,0,0,0,4,0,0,0,0,0,0,0,513,0,0,0,0,0,0,0,0,0,96,0,0,0,0,0,0,0,0,0,0,0,0,261,0,0,0,0,0,0,283,0,80,7,0,5,31,0,0,0,0,31,7,0,0,0,50,0,331,0,974,0,0,2,198,0,0,1,0,71,0,9,17,0,5,218,0,0,0,0,0,126,0,0,0,15,0,7,0,0,0,85,15,11,0,0,42,0,0,0,2,0,0,78,21,0,0,73,0,0,0,2,33,0,0,0,0,0,0,0,1,0,0,2,0,127,0,0,0,39,0,0,0,0,0,14,0,0,0,0,0,0,254,0,131,0,0,0,0,34,0,0,61,0,19,0,0,0,211,0,0,3,0,0,0,20,0,72,0,0,0,16,0,0,0,0,0,0,10,0,0,0,0,0,0,150,0,23,90,0,0,0,0,0,0,19,11,0,0,0,0,0,0,0,0,0,0,0,0,0,15,0,0,0,19,0,0,2,0,0,689,0,0,0,2,0,0,0,0,0,0,0,2,822,0,3,0,0,0,0,124,0,0,0,4,0,0,471,0,1,18,0
"Subject_608",0,0,0,0,0,0,209,0,0,0,0,0,2,0,62,0,0,0,0,0,0,0,8,14,0,6846,0,0,25,2,0,0,0,320,0,0,34,0,0,0,0,0,0,0,0,0,0,0,0,0,0,0,0,0,0,0,0,0,0,0,0,0,3,0,0,0,0,0,0,0,0,0,0,0,0,2,0,0,0,0,0,0,0,0,41,2,0,0,0,0,0,2,438,0,0,0,0,0,0,0,0,136,0,0,4,0,0,0,0,0,0,0,4,0,0,0,0,0,1,0,0,0,0,5,0,0,0,0,0,0,0,0,0,0,0,0,560,3,1,0,11,0,0,0,0,0,0,0,0,0,18,0,5,0,0,0,0,0,0,100,0,0,0,0,0,0,0,0,0,0,12,0,2,3,0,0,0,1,0,0,0,0,0,0,0,0,0,0,0,0,0,0,0,11,0,0,0,0,0,0,0,0,0,0,0,5,2,71,0,6,0,0,0,0,0,0,0,0,0,0,0,0,0,0,0,0,0,6,185,0,0,0,0,0,0,0,0,0,0,3,0,0,0,0,0,0,2,0,0,0,2,0,0,0,0,0,2,0,0,0,0,0,0,0,1,0,0,0,0,169,0,0,192,0,45,0,0,0,122,0,0,0,0,0,0,0,0,0,0,0,121,0,0,0,0,0,22,0,0,158,0
"Subject_609",16,13,0,21,0,0,125,163,0,0,0,0,4,186,3,0,0,0,7,8,48,30,0,0,0,863,0,0,63,0,171,0,2,37,0,0,17,328,0,0,0,109,0,92,0,47,0,2,0,0,3,0,21,0,162,7,0,0,0,246,0,2,24,0,0,6,27,0,9,140,8,0,0,185,32,0,0,0,0,11,0,1,270,0,84,13,141,0,0,105,0,212,0,0,0,0,0,0,46,0,31,0,0,31,6,0,86,2,0,0,0,0,0,111,5,0,7,2,40,0,0,0,0,15,0,0,0,0,0,66,0,93,0,21,0,2,0,3,0,21,11,0,0,0,0,0,0,0,57,0,12,5,50,68,2,0,0,0,6,121,0,63,0,0,0,28,0,0,11,3,0,0,41,0,0,0,0,27,4,0,0,0,0,41,0,0,0,0,0,0,0,473,0,32,91,0,0,8,0,0,0,27,0,0,0,40,0,67,0,14,0,0,0,0,3,1,0,5,105,8,124,43,0,2,0,0,0,0,2,2,243,9,17,436,0,44,18,0,0,2,0,0,95,0,0,5,0,0,0,1,0,5,26,0,19,0,9,0,0,28,7,0,4,0,2,3,0,0,29,64,0,0,76,0,68,0,0,2,3,2036,0,0,118,0,0,0,0,0,29,0,0,17,0,0,203,0,0,0,0,140,0
"Subject_610",0,0,0,0,2,0,11,0,0,0,0,0,0,0,129,0,0,0,0,0,0,130,0,6,0,99,0,0,23,120,0,0,0,224,0,0,100,189,25,0,0,0,0,0,0,364,0,0,0,0,0,0,0,0,0,5,0,0,0,38,3,0,0,0,0,0,124,0,0,0,60,0,0,0,0,0,0,0,0,0,0,2,248,0,0,0,14,0,0,0,0,28,31,0,0,0,0,0,96,0,0,0,0,0,49,0,92,508,0,0,0,0,0,0,0,9,0,0,217,0,0,0,0,46,899,0,0,0,2,0,96,47,78,5,0,0,14,0,0,0,400,7,0,0,0,0,0,0,0,0,10,8,0,5,2,0,0,0,0,118,0,0,0,3,0,0,0,0,0,0,33,0,0,0,0,0,2,0,46,0,0,0,0,0,8,0,0,6,0,0,2,431,0,0,0,0,0,0,0,5,0,0,0,1,0,417,0,0,0,19,0,26,0,0,8,0,124,22,104,0,0,0,0,0,0,62,0,0,0,41,125,3,0,848,0,0,0,0,4,0,78,0,0,0,0,0,0,0,0,0,0,6,47,0,36,0,0,0,0,43,0,0,0,38,0,0,0,0,0,203,0,0,1672,0,0,0,0,0,29,0,0,0,739,0,0,0,0,0,0,0,0,0,2,0,0,0,0,0,0,83,0
"Subject_611",11,0,0,0,0,0,0,0,0,0,0,0,0,0,63,0,0,0,0,0,0,0,0,0,0,150,0,37,90,343,0,0,0,105,0,0,33,137,1,0,0,374,0,0,0,0,0,0,0,0,8,0,18,0,0,0,0,0,0,162,0,0,0,0,0,0,0,0,0,0,0,0,0,0,0,1477,6,0,0,0,0,0,0,0,0,26,0,0,0,32,18,22,7,0,0,0,0,0,0,0,0,188,0,0,0,0,0,248,0,0,0,0,0,164,0,0,0,9,232,0,0,0,0,41,61,0,0,0,0,0,0,0,0,0,0,0,7,0,0,0,2,0,0,0,0,32,0,0,28,18,0,0,0,0,0,0,0,0,0,0,0,0,0,0,0,0,0,0,0,11,0,0,0,0,0,0,0,0,0,0,0,0,0,0,0,0,0,0,0,0,0,468,2,0,0,0,653,0,0,0,0,0,0,0,311,0,0,477,6,2,0,0,0,86,16,0,111,0,190,0,0,0,0,0,0,0,0,0,67,0,0,0,0,0,0,0,0,0,0,0,0,0,0,0,0,0,0,0,0,0,0,0,0,0,10,363,0,0,0,11,0,0,0,8,0,0,0,0,0,5,0,0,21,6,0,0,0,0,1,2340,0,92,254,0,0,0,0,0,0,0,0,0,0,6,0,0,3,0,0,330,0
"Subject_612",0,0,0,0,0,0,0,0,0,0,0,0,0,0,0,0,3,0,0,0,0,0,0,150,0,1551,0,0,10,0,0,0,0,0,0,0,7,193,0,0,0,0,0,32,0,0,0,0,0,0,0,0,0,0,0,0,0,0,0,12,0,0,5,0,0,0,228,0,0,0,5,0,0,3,0,0,0,0,0,0,0,0,0,0,0,0,0,0,0,0,0,6,0,0,0,0,0,0,0,0,0,0,0,0,0,0,45,1932,0,0,0,0,0,0,0,0,0,0,42,2,0,0,0,0,0,0,55,0,0,0,0,0,0,3,0,0,66,0,0,0,0,0,0,0,0,0,16,0,0,0,28,0,0,0,2,0,0,0,0,20,88,0,0,386,0,0,0,0,0,0,10,0,0,0,0,0,0,3,3,0,0,0,0,5,0,0,0,0,0,0,0,27,3,0,0,0,0,0,0,0,0,0,0,0,0,14,2,0,0,0,0,0,20,0,0,0,0,10,0,0,69,0,0,0,0,0,0,0,0,0,38,3,0,67,0,0,0,0,0,36,0,0,408,0,287,33,0,0,0,0,0,3,0,0,0,0,0,0,0,6,0,0,0,4,0,0,0,0,5,2015,0,0,134,0,76,0,0,0,0,1539,0,0,142,0,0,0,0,0,141,0,0,0,0,0,0,0,0,0,0,11,0
"Subject_613",1,0,0,0,0,0,0,0,0,0,0,0,0,0,21,0,12,0,0,0,0,47,0,5,0,1410,0,0,19,12,480,0,0,43,0,0,0,0,6,0,3,0,0,0,0,0,0,0,0,0,0,0,0,0,17,0,0,0,0,0,0,0,0,0,0,0,286,0,0,0,0,0,0,0,0,152,0,0,0,0,0,0,33,0,71,1,0,0,0,0,0,25,0,0,0,0,0,0,77,0,0,0,0,0,0,31,0,41,0,0,0,0,0,193,20,3,0,0,321,2,0,0,0,9,29,0,0,0,0,0,25,95,0,0,0,1,50,0,0,0,22,0,0,0,0,0,0,0,0,0,0,0,0,12,0,14,0,0,0,88,0,54,0,3,0,0,0,0,0,0,33,0,0,0,0,0,0,206,767,0,0,0,0,0,0,0,0,0,0,0,0,32,1,26,0,0,0,0,0,0,0,0,0,12,1627,0,0,8,0,2,0,0,0,0,10,0,213,0,0,0,0,0,0,4,0,0,0,0,109,0,222,0,0,175,0,0,18,0,0,0,0,0,47,0,4,0,0,0,0,0,0,0,0,0,0,0,15,0,10,6,0,0,0,0,0,0,0,0,0,13,0,0,51,2,0,0,0,0,0,2200,0,0,225,0,0,0,0,0,0,0,0,0,0,0,15,0,3,0,0,212,0
"Subject_614",0,0,0,0,0,0,2,0,0,0,0,0,2,2,5,0,0,0,0,0,0,0,0,2,0,4678,0,0,18,18,0,0,0,78,0,0,0,0,0,0,0,0,0,44,0,2,0,0,2,0,9,0,0,0,0,0,0,0,0,0,0,0,0,0,0,0,28,0,0,112,0,0,0,1,0,0,0,0,0,0,0,0,0,0,0,9,0,0,0,66,22,2,0,0,0,0,0,0,10,0,0,0,0,0,0,0,4,450,0,0,23,0,0,90,0,0,0,0,157,5,0,0,0,0,74,0,0,0,0,0,0,0,0,0,0,0,15,0,0,0,0,0,0,0,0,0,0,22,0,0,29,0,0,0,0,0,0,0,13,0,0,0,0,0,0,0,4,6,0,11,0,0,1,0,0,0,0,8,113,0,0,0,0,0,0,0,0,0,0,0,0,29,0,0,0,0,0,0,0,0,0,0,0,0,0,10,0,0,5,0,0,0,4,0,7,0,0,0,0,5,0,33,0,0,0,0,0,0,21,6,0,0,0,0,0,0,23,0,0,0,0,0,0,0,19,0,2,0,0,0,4,0,0,2,0,0,0,1,0,0,0,0,0,0,0,0,0,0,0,0,0,0,1171,0,0,0,1,0,0,2300,0,0,95,0,0,0,0,10,6,59,0,0,0,0,0,0,6,0,0,49,0
"Subject_615",0,0,0,0,0,0,21,0,0,2,0,0,0,2,200,0,0,0,0,0,0,34,0,0,0,946,0,0,84,0,0,0,0,18,0,16,0,303,0,0,0,305,0,0,0,4,0,0,0,0,0,0,11,0,0,0,0,0,0,193,0,0,0,0,0,0,93,0,10,0,12,0,0,0,0,0,3,0,0,96,0,0,35,0,0,240,0,0,0,45,10,4,0,0,0,0,0,0,121,0,111,0,0,36,3,0,0,147,16,0,0,0,0,44,0,0,0,0,75,0,0,0,0,10,3,5,0,0,0,0,13,507,23,0,0,67,0,0,0,0,0,0,0,0,0,996,0,0,0,0,0,0,0,0,0,0,0,0,0,93,0,38,0,0,0,34,0,0,0,0,0,0,2,0,0,0,0,254,84,0,0,0,0,0,0,0,0,0,0,0,0,3,0,38,0,0,106,6,0,0,0,0,2395,0,190,0,0,0,0,0,0,0,0,0,9,0,89,35,0,0,0,103,0,0,0,0,0,0,5,47,63,0,0,215,0,0,9,0,0,0,0,7,0,0,0,0,0,0,0,0,0,0,0,0,0,5,53,0,0,0,43,24,0,0,0,0,0,0,43,982,0,0,14,0,0,0,0,0,5,5,0,0,19,0,0,0,0,0,0,12,0,0,0,0,31,0,0,18,0,58,0
"Subject_616",0,0,0,0,0,0,0,3,0,0,0,1,3,8,7,0,0,0,0,0,15,4,0,2,0,1778,0,0,3,8,128,239,0,0,0,0,44,24,2,0,0,2,68,53,0,113,0,0,0,0,10,3,1,0,18,0,0,0,0,8,0,1,1,0,0,0,55,0,0,0,8,0,0,4,0,0,0,0,0,2,0,0,357,0,19,0,146,0,0,35,0,6,25,1,0,0,0,0,0,0,22,0,0,0,4,11,2,340,0,22,0,0,0,151,23,2,0,0,146,11,0,0,0,8,544,0,0,0,0,16,0,90,78,0,0,7,2,0,0,0,0,0,0,0,0,0,0,0,0,0,9,2,2,28,1,0,0,0,0,76,8,32,0,2,67,24,0,0,6,0,3,0,0,0,0,0,2,2,19,0,0,0,0,0,0,0,0,0,0,0,0,87,0,4,0,0,0,3,0,0,0,0,0,0,0,10,0,17,0,2,0,2,0,0,7,1,20,20,2,0,16,33,0,10,5,0,3,0,12,8,82,0,5,739,137,0,20,0,0,0,34,4,3,0,0,0,0,0,0,0,4,3,2,0,2,109,1,0,4,108,0,0,0,0,3,0,2,0,2,25,0,10,793,0,0,0,0,2,12,935,0,1285,286,0,10,0,0,0,10,0,0,0,0,0,9,2,4,0,0,127,0
"Subject_617",27,0,2,2,0,0,0,0,0,0,0,2,0,2,1185,0,0,0,0,3,8,2,0,5,0,2,0,0,75,103,0,0,0,46,0,0,0,0,0,0,0,0,0,12,0,2,0,0,0,0,0,0,0,0,17,0,0,0,0,0,0,0,0,0,0,0,20,2,0,0,0,0,0,6,0,0,0,0,0,0,0,0,0,0,0,0,0,0,0,28,0,39,2962,0,0,0,0,0,8,0,0,6,0,0,0,0,165,243,0,0,0,0,0,6,0,0,0,0,191,3,0,0,0,8,72,0,0,0,0,0,34,0,0,0,0,0,546,0,0,0,204,6,0,0,90,0,0,2,0,0,2,0,0,0,0,15,0,0,0,7,0,0,0,0,0,0,0,0,0,0,0,0,0,0,0,0,0,0,0,0,0,0,0,0,0,0,0,0,0,0,0,10,0,0,0,0,0,0,0,0,0,0,0,0,0,0,0,58,0,0,0,0,0,3,0,0,0,0,43,0,1,0,0,0,0,0,0,0,2,0,22,0,0,66,0,0,0,0,0,3,0,0,0,0,0,0,0,3,0,0,0,0,0,0,0,4,3,0,0,0,2,0,0,3,0,0,0,0,0,3219,0,1,177,0,2,0,0,3,0,0,2,166,2,0,0,0,0,2,0,2,0,0,0,0,26,0,2,0,0,23,0
"Subject_618",0,0,0,0,0,0,0,12,0,0,0,0,0,186,1,0,0,0,0,0,1,18,0,0,0,3516,0,0,9,3,118,0,0,109,0,0,6,49,0,0,1,0,0,33,0,26,0,0,0,0,2,0,0,0,4,0,0,0,0,97,0,24,0,0,2,0,43,0,0,0,15,0,0,9,0,0,0,0,0,15,0,0,0,0,68,0,0,0,0,30,853,26,13,0,35,0,0,0,17,0,6,0,0,0,0,19,0,65,3,2,0,0,0,44,3,0,0,0,54,0,0,1,0,5,71,0,0,0,0,0,1,12,3,0,0,0,16,0,0,0,2,0,0,0,0,0,10,0,0,0,10,2,1,14,0,0,4,0,5,72,0,0,0,195,0,16,0,0,0,0,0,0,2,0,1,0,0,0,48,0,3,0,0,0,0,0,0,0,0,0,0,39,0,15,33,0,0,0,0,0,0,0,0,0,0,0,0,26,0,2,0,0,3,0,0,0,79,9,70,3,0,0,0,0,0,11,0,0,5,1,61,0,0,666,8,0,0,0,0,0,12,30,0,0,0,0,0,0,0,0,2,4,0,0,0,0,2,0,0,39,1,0,0,0,0,0,0,0,0,4,0,10,109,0,0,0,0,0,16,2304,0,0,201,0,0,0,0,0,20,5,0,0,0,0,27,0,11,0,0,148,0
"Subject_619",0,0,0,0,0,0,0,16,0,0,0,0,0,400,0,0,0,0,0,0,0,211,0,0,0,1382,0,0,2,0,0,0,3,0,0,0,0,4,0,0,0,0,0,84,9,112,0,0,0,0,0,0,0,0,0,0,5,0,2,0,0,0,0,0,0,0,0,0,0,0,103,0,0,0,0,0,0,0,0,833,0,0,0,0,0,0,0,0,0,38,497,2,17,0,0,0,0,0,50,0,0,0,0,0,0,0,0,2804,0,61,0,0,0,185,0,0,0,0,0,0,6,0,0,5,55,0,0,0,0,0,0,34,0,11,0,0,0,0,0,2,9,0,2,0,0,0,12,0,0,2,4,0,0,0,0,0,0,0,0,5,0,0,0,0,0,0,0,0,0,0,0,0,0,0,0,0,0,0,104,0,0,0,0,0,0,6,0,0,0,0,3,0,0,0,0,0,4,4,0,0,0,2,0,0,0,0,0,0,0,0,0,0,0,0,0,0,97,0,0,0,0,0,0,0,0,83,0,0,0,0,34,0,0,51,0,0,0,0,0,0,0,0,0,0,0,4,0,0,0,0,0,0,0,0,42,0,0,0,0,0,0,0,0,6,0,0,0,0,0,7,0,0,92,0,0,0,0,0,0,2247,0,0,211,18,0,0,0,0,0,0,0,0,0,0,0,0,23,0,0,0,0
"Subject_620",3,0,0,1,0,0,0,0,0,0,0,0,0,0,1,0,39,0,0,6,0,0,0,0,0,1892,0,1,0,25,0,0,0,0,0,0,820,0,0,0,2,78,0,0,0,1,0,0,0,1,4,0,0,0,0,0,0,0,0,184,0,0,0,0,0,0,204,0,0,90,0,0,0,49,0,0,0,0,0,0,0,0,46,2,0,0,126,0,0,14,0,56,5,0,6,1,0,0,0,0,23,0,0,0,0,47,0,2426,0,0,0,0,0,255,0,1,0,0,128,2,0,0,0,56,23,0,0,0,0,0,0,160,2,0,18,76,175,0,0,20,42,0,0,0,0,21,0,0,0,0,12,0,0,46,0,2,0,0,0,62,0,49,0,0,0,24,4,2,0,0,0,0,2,1,0,0,0,5,0,0,0,0,0,0,0,0,0,0,0,0,2,262,0,24,0,0,0,0,0,0,0,1,0,2,0,101,0,14,1,0,74,0,0,0,0,0,0,0,0,0,98,30,0,0,0,0,0,0,6,0,0,0,0,42,111,0,7,21,20,0,19,0,0,0,143,87,0,0,0,0,0,0,0,0,0,11,4,0,0,0,0,0,0,4,0,0,0,0,0,3,0,0,168,0,0,0,0,0,0,1237,0,0,99,0,0,0,0,0,0,27,0,0,0,0,0,0,46,0,0,0,0
"Subject_621",5,99,0,0,0,2,0,2,0,0,0,0,4,27,98,0,0,0,38,2,41,3,0,15,2,689,0,0,7,127,498,0,0,12,0,0,26,64,0,13,2,116,0,32,0,266,0,0,0,2,0,0,15,0,0,0,0,0,0,87,0,24,0,0,0,0,123,0,27,0,9,0,3,4,0,0,6,0,0,23,0,0,0,0,8,2,98,2,0,63,0,306,52,0,0,0,0,0,19,0,0,0,0,0,40,0,0,1052,37,30,18,0,0,71,7,8,0,20,71,0,0,0,0,0,0,0,0,0,0,0,57,38,0,0,0,0,3,3,0,5,4,0,0,0,0,0,3,0,15,0,2,1,0,8,0,0,0,0,2,7,0,0,0,7,0,28,0,0,0,0,20,0,0,0,0,0,0,21,359,0,0,0,0,0,8,0,0,128,0,0,0,117,2,0,0,0,0,0,0,403,0,0,0,1,0,23,5,0,4,17,0,0,0,0,2,0,61,4,200,4,9,0,0,0,17,0,0,0,33,7,78,3,0,448,0,0,8,0,0,2,0,0,0,0,0,0,0,0,0,0,0,2,0,0,2,5,2,0,4,0,2,0,2,2,3,0,0,0,0,11,0,30,104,4,0,0,0,0,10,3053,0,6,76,0,0,0,0,2,16,0,0,0,0,0,0,0,12,0,0,81,0
"Subject_622",0,0,2,0,0,0,0,21,0,0,0,0,0,0,1357,14,2,0,0,0,0,0,0,0,0,63,0,1,37,0,0,0,0,75,0,0,0,0,0,0,0,85,0,0,0,5,0,0,0,0,0,0,0,0,0,0,0,1,0,1,0,0,0,0,0,0,1,0,0,14,0,0,0,0,0,0,0,0,0,0,0,0,0,0,0,27,0,0,0,0,0,8,4051,0,0,0,2,0,0,0,24,0,0,0,0,0,79,19,21,0,0,0,0,0,0,0,21,0,2,0,5,0,0,57,135,0,0,0,0,0,3,0,0,0,4,0,674,0,0,0,4,4,0,0,0,0,0,0,12,0,5,0,0,2,0,0,0,0,0,0,0,11,0,2,0,0,0,0,0,0,0,0,0,0,22,0,0,102,0,1,0,0,0,0,0,0,0,0,0,0,0,12,0,4,0,0,0,0,8,0,0,0,0,0,0,1,1,24,1,0,0,0,0,0,0,0,0,0,0,0,0,0,0,0,0,0,0,0,100,0,0,0,0,400,31,0,0,0,2,0,18,0,52,0,4,0,1,0,0,0,44,0,0,0,0,18,1,0,0,0,1,0,0,0,0,0,0,0,0,50,10,0,2079,0,1,0,1,0,0,14,0,4,115,0,0,1,0,0,0,5,0,0,0,0,0,0,3,0,0,18,0
"Subject_623",14,0,3,0,0,0,0,0,0,0,0,0,0,178,1280,0,0,0,7,37,0,159,0,0,0,418,0,0,19,0,112,0,4,141,0,0,13,332,0,0,2,79,0,0,10,280,0,0,0,0,0,0,0,0,0,0,0,0,0,69,0,0,39,2,2,0,5,0,0,43,0,0,0,0,0,2,0,0,0,47,0,3,0,0,106,3,90,0,0,35,0,22,0,0,55,0,0,0,451,0,21,2,0,0,4,0,346,70,0,8,0,0,0,0,0,3,0,5,88,0,0,6,0,7,0,5,0,186,0,0,0,256,2,32,7,2,206,0,0,11,4,0,33,0,80,0,8,0,0,0,3,0,0,5,0,0,0,0,37,33,0,0,0,0,0,0,0,0,0,0,0,0,0,0,0,0,0,0,125,0,0,0,0,0,8,0,0,0,0,0,0,83,4,0,0,0,0,0,0,0,0,0,0,0,34,5,0,0,2,0,0,0,213,0,4,2,77,0,0,0,0,0,0,0,0,0,0,0,88,0,278,3,0,29,0,0,0,0,0,1,0,0,0,0,3,0,0,0,0,0,0,2,0,0,0,5,3,7,0,0,0,0,0,2,0,0,0,3,7,40,0,0,34,0,0,0,0,0,5,3035,0,0,138,0,0,0,0,0,9,27,0,0,0,0,73,5,0,0,0,118,0
"Subject_624",13,0,0,0,0,0,4,0,0,0,0,0,5,0,29,0,0,0,0,0,0,0,6,0,0,1390,0,0,2,0,0,0,0,0,0,0,0,0,0,18,0,67,0,0,0,2,0,0,2,0,0,0,0,0,0,0,0,0,0,0,0,0,17,0,0,0,221,0,99,0,0,0,0,0,0,0,0,0,0,0,0,0,0,0,0,12,0,2,0,0,0,22,0,0,0,29,0,3,65,0,0,0,0,0,0,0,0,589,0,0,0,0,0,0,0,0,0,0,0,0,0,0,0,19,0,0,0,0,0,0,12,0,0,13,255,19,152,0,0,0,28,10,0,0,0,0,0,0,0,0,2,0,72,0,0,0,0,0,0,54,0,0,0,0,0,0,0,0,0,0,0,0,0,0,0,0,0,0,0,0,0,0,0,0,0,0,0,4,0,0,0,29,2,0,0,44,49,0,0,0,0,0,0,0,0,4,10,87,0,6,0,0,0,0,0,0,0,0,560,0,0,0,0,0,0,0,0,0,0,0,0,0,0,473,0,0,0,0,0,20,0,0,0,0,0,0,0,0,0,0,0,0,0,0,0,0,0,0,0,0,0,0,0,0,0,0,0,0,0,1214,0,0,1039,0,2,0,0,0,0,3099,0,0,1,0,0,19,0,0,0,0,0,0,0,0,0,0,47,0,0,62,0
"Subject_625",0,0,0,0,0,0,2,0,0,0,0,0,9,2,104,0,0,0,0,0,0,6,0,2,0,884,0,0,24,0,20,0,0,73,0,0,59,58,0,0,0,0,0,0,0,17,0,0,0,0,7,0,0,0,0,0,0,0,0,114,0,0,0,0,0,0,14,0,0,0,16,0,0,0,0,206,0,0,0,12,0,0,16,0,0,116,0,0,0,46,0,47,35,0,0,0,0,0,28,0,0,106,0,0,2,0,0,763,0,0,0,0,0,0,8,0,0,0,16,0,0,0,16,5,300,0,0,0,0,0,0,13,0,3,0,0,0,0,1,0,993,0,0,0,0,0,0,0,0,0,0,0,0,0,0,0,0,0,0,12,0,0,0,1,0,0,5,0,0,0,4,3,0,0,0,0,0,8,0,0,0,0,0,0,0,0,0,0,0,0,0,94,0,0,0,0,4,0,0,0,0,0,0,0,0,228,0,0,0,6,0,0,0,0,4,0,0,0,493,0,0,0,0,0,0,0,0,0,0,0,0,0,0,64,0,0,0,0,0,0,0,0,0,0,236,0,2,0,0,0,0,0,0,0,4,73,76,0,0,0,0,0,0,0,2,0,0,0,0,0,20,2,1733,0,3,0,0,0,8,2392,0,0,40,0,0,0,5,2,0,0,0,0,0,0,181,0,61,0,0,99,0
"Subject_626",86,0,0,0,0,0,0,0,0,0,0,0,0,0,55,0,0,0,7,0,1,3,0,0,3,1643,0,9,257,9,3,0,0,10,0,0,16,0,4,0,0,88,0,63,0,370,0,2,0,0,0,0,7,0,3,2,0,0,0,2,2,0,0,3,0,2,35,0,0,37,12,2,0,3,0,0,3,0,0,1,0,2,8,0,68,3,0,1,0,40,0,9,0,0,0,0,0,0,54,0,11,0,0,19,12,216,0,334,51,0,0,0,12,839,0,7,0,0,2,2,0,0,0,13,196,0,0,0,2,0,51,580,0,0,3,0,56,0,0,0,8,8,0,0,0,0,3,0,18,0,12,2,0,10,1,0,0,0,0,204,0,45,0,0,0,0,4,0,5,4,0,0,0,0,1,0,0,8,9,0,0,0,0,0,1,0,0,1,0,0,0,61,0,4,0,0,0,4,0,0,73,0,0,2,0,4,0,25,2,0,0,0,0,0,7,2,28,3,2,4,2,10,0,138,0,0,0,0,29,0,9,0,0,184,0,0,7,0,3,3,0,173,0,0,2,0,0,0,0,0,25,0,17,0,4,1,1,0,1,14,2,0,0,3,0,0,0,0,2,2,0,2,2105,0,0,0,0,0,14,979,0,0,323,0,0,0,0,0,0,8,0,0,0,0,17,0,9,0,0,15,5
"Subject_627",4,0,0,0,0,0,1,0,0,0,7,0,0,112,1,0,0,0,0,0,0,39,0,1,0,2298,0,0,7,0,233,0,0,44,0,31,27,180,0,0,3,49,0,32,0,0,0,0,0,0,0,0,8,0,0,0,0,0,0,267,0,8,5,0,3,0,141,0,0,0,0,0,0,0,0,6,3,0,0,0,0,7,0,0,0,0,0,1,0,24,0,8,2,0,0,0,0,0,0,0,9,0,0,1,0,0,151,1104,0,0,0,0,0,150,38,1,0,4,196,0,0,0,0,4,18,0,0,0,7,57,0,378,67,9,0,1,0,0,0,0,0,0,0,0,319,80,78,0,11,0,89,0,0,0,0,0,0,0,19,0,0,34,0,0,0,18,0,0,0,0,0,0,2,0,18,0,0,0,344,0,0,0,0,0,0,4,0,0,0,1,0,19,0,0,166,0,0,0,6,0,0,0,0,0,80,0,0,13,0,2,0,0,0,0,49,0,101,0,308,6,177,45,0,0,0,0,0,0,27,0,282,0,0,103,0,0,21,0,0,0,0,0,366,0,0,0,0,11,0,0,0,0,42,0,0,0,0,0,0,0,0,0,2,0,0,0,0,0,4,93,0,0,7,0,0,0,0,0,27,642,0,0,378,0,0,0,0,0,29,15,0,0,0,0,0,0,0,53,0,167,0
"Subject_628",0,0,0,0,0,0,1,0,0,0,0,0,0,0,1,0,0,0,0,0,0,7,0,5,0,533,0,0,2,0,29,0,0,50,0,17,20,535,0,0,0,0,0,0,0,0,0,0,0,0,0,0,0,0,0,0,0,0,0,0,0,21,0,1,0,0,0,1,0,0,9,0,0,0,0,0,0,0,0,186,0,0,0,0,542,0,913,0,0,16,0,3,3,0,0,1,0,0,58,0,0,0,0,0,12,0,0,485,0,0,0,0,0,1855,0,0,0,0,34,0,0,2,0,0,23,0,0,0,0,0,0,1208,0,22,0,0,1,0,0,0,81,0,0,0,0,0,68,0,0,0,17,0,0,0,2,0,0,0,0,0,0,0,0,0,0,0,0,0,0,4,0,0,0,0,0,0,0,21,9,0,0,0,0,0,0,0,0,0,0,0,0,0,2,0,0,0,0,0,0,0,0,0,0,0,0,23,0,0,1,0,0,0,0,0,15,0,24,43,374,0,0,24,0,0,0,0,0,0,18,0,401,0,0,68,0,0,0,0,0,0,0,0,0,0,0,8,0,1,0,0,2,4,13,0,0,4,0,0,5,57,10,0,0,0,0,4,0,0,0,0,0,0,80,0,0,0,0,0,35,1823,0,0,82,0,0,0,0,0,64,0,0,0,0,0,0,0,12,0,0,11,0
"Subject_629",0,0,0,0,0,0,2,23,74,0,0,0,0,0,17,0,0,0,0,0,0,73,0,38,0,1716,0,0,181,11,0,23,0,5,0,0,6,357,0,0,0,0,0,30,0,125,0,0,0,0,0,0,0,0,0,10,0,0,0,466,0,27,0,0,0,4,44,13,0,0,0,0,0,8,0,0,0,0,0,416,0,0,141,0,491,1,0,12,0,8,0,913,0,0,0,0,0,0,2,0,16,0,0,0,2,0,161,64,0,185,13,0,0,574,0,0,0,0,295,0,4,0,0,3,43,0,0,0,0,0,0,95,0,0,0,0,5,0,0,0,0,0,0,0,0,395,0,0,0,0,0,0,0,112,0,0,0,0,0,2,1,0,0,71,0,0,0,0,5,0,0,0,2,0,0,0,0,3,234,0,8,0,0,0,0,0,0,0,0,0,0,204,4,44,0,0,0,0,0,0,0,0,0,0,1,302,0,50,0,0,0,0,0,0,9,6,20,0,0,5,0,45,0,48,0,0,0,0,0,0,89,0,0,71,0,0,7,0,0,59,0,37,36,0,0,0,0,0,0,0,92,0,52,0,6,73,0,0,0,0,6,0,0,0,0,0,2,0,120,2,0,0,65,0,0,0,2,3,3,609,0,0,187,0,0,0,0,0,22,53,0,0,0,0,2,1,0,3,0,135,0
"Subject_630",39,0,0,0,0,0,0,2,0,0,0,0,4,2,727,0,0,15,0,0,0,0,0,4,0,3653,0,0,60,21,0,2,0,16,0,102,2,2,2,0,0,52,0,2,0,87,0,0,22,0,0,0,9,0,0,0,0,3,0,2,0,0,0,0,0,2,137,0,0,0,2,0,0,1,0,0,0,0,2,2,0,0,13,2,3,16,251,0,0,23,0,5,0,0,0,0,0,0,0,0,0,0,0,2,3,0,1,275,108,0,0,0,0,89,0,0,0,0,49,0,0,0,0,40,156,16,0,0,0,2,0,26,0,7,32,14,62,0,0,16,198,0,0,0,0,0,0,0,0,0,2,0,0,0,0,0,0,0,0,25,0,0,0,1,0,0,0,0,0,0,0,2,0,0,0,0,0,1,7,2,6,0,0,0,2,0,0,0,0,0,0,11,2,0,0,0,0,0,0,0,0,0,0,0,0,6,2,0,2,6,0,0,0,0,1,2,16,1,1,0,0,0,0,0,0,0,0,0,11,0,1,3,0,1258,0,0,0,0,0,1,0,240,0,0,0,0,0,0,0,0,2,2,2,0,2,16,0,0,2,2,2,5,0,2,0,0,0,0,0,32,0,0,660,0,10,0,0,2,3,1092,2,0,41,0,0,0,0,4,0,0,0,0,0,0,19,0,93,0,0,30,0
"Subject_631",4,0,0,0,0,0,7,47,0,0,0,0,13,0,29,0,0,0,10,3,140,0,2,3,0,0,3,0,61,99,2,36,0,47,0,0,0,141,0,11,0,365,0,129,0,0,0,0,3,0,0,6,40,7,0,0,0,0,0,0,0,0,18,0,0,0,61,0,23,194,0,0,0,0,0,0,0,0,0,0,0,0,53,0,0,10,0,42,0,18,0,185,17,13,0,211,0,0,10,30,0,0,0,0,0,0,4,79,0,22,0,0,0,182,17,0,6,0,0,42,0,0,0,20,90,0,0,0,0,0,0,43,0,0,31,174,154,0,0,10,38,62,0,6,0,1194,0,7,57,0,0,45,0,0,161,0,68,2,0,297,33,77,0,0,0,44,0,0,0,7,0,0,2,0,93,0,0,131,57,0,11,0,0,4,0,1,0,12,0,0,0,0,2,40,424,42,0,2,0,0,0,69,0,0,0,258,0,239,0,2,21,0,0,0,0,0,0,0,523,0,103,0,0,0,0,0,0,0,0,0,0,10,0,66,0,21,13,0,0,0,79,0,92,0,0,0,0,0,0,0,0,0,4,2,0,612,0,0,0,93,0,0,0,0,0,0,0,0,0,4,0,0,243,4,0,0,0,0,10,0,0,0,1468,5,32,0,0,0,13,0,0,0,0,0,13,0,9,0,0,105,0
"Subject_632",0,0,0,0,0,0,2,111,0,0,0,0,0,2,0,0,0,0,0,0,188,3,5,12,0,1015,0,0,25,0,1,0,0,2,0,0,0,2,0,0,3,162,0,72,0,122,0,0,4,0,0,0,32,0,0,0,0,0,0,23,0,88,0,0,24,5,160,0,0,0,118,0,0,167,0,0,0,0,0,37,0,0,650,0,81,0,0,0,0,42,0,4,9,0,0,0,0,0,51,0,0,0,0,0,12,0,0,1109,153,0,0,0,0,797,0,0,0,0,14,5,0,0,0,27,7,0,0,0,0,0,0,2462,0,24,0,0,0,0,0,0,0,0,0,0,0,0,0,0,24,0,4,10,0,29,0,0,0,0,0,14,0,0,5,349,0,0,0,0,0,0,0,0,0,0,0,0,0,0,45,0,0,0,0,0,25,0,0,0,0,0,0,49,0,0,0,0,0,0,0,0,0,0,0,0,0,0,0,0,0,0,0,0,0,0,0,2,43,0,19,14,0,0,0,0,0,0,0,0,38,7,70,0,0,6,0,0,0,0,0,0,27,6,0,0,0,0,0,0,0,0,3,0,63,0,0,0,0,0,0,0,1,0,0,0,0,0,0,0,0,452,0,0,137,0,2,0,0,0,8,476,0,0,34,0,0,0,0,0,99,0,0,0,0,0,32,71,7,0,0,2,0
"Subject_633",0,0,3,0,0,3,2,0,3,0,0,0,0,270,0,0,6,0,0,0,76,4,0,0,0,0,0,0,0,0,871,0,0,88,0,0,0,0,0,0,0,0,0,25,0,0,0,0,0,0,0,0,0,9,0,19,0,0,0,221,0,0,6,0,13,0,0,0,0,0,0,0,0,21,0,0,0,0,0,0,0,28,0,0,62,0,0,0,0,159,0,0,103,0,0,0,0,0,0,0,0,0,0,0,0,0,1,940,0,0,0,0,0,0,0,0,0,3,155,0,0,0,0,0,701,0,0,0,0,0,0,366,0,0,0,0,0,0,0,0,18,0,0,0,0,0,0,0,0,0,11,0,0,0,0,0,25,0,0,60,0,0,0,0,0,0,0,0,0,5,0,0,0,0,0,0,0,0,74,0,0,0,0,0,8,2,0,0,0,0,0,0,0,0,0,0,0,15,0,0,0,0,0,0,0,32,0,0,0,0,0,0,0,0,0,0,0,0,0,15,37,0,0,0,0,0,0,0,0,0,482,0,0,500,0,10,0,0,0,0,0,0,121,0,0,0,0,0,0,0,0,0,19,0,0,0,0,0,0,0,0,0,0,0,0,0,0,101,16,14,0,109,0,2992,0,0,3,0,7,0,0,0,765,0,0,0,0,0,0,196,0,0,0,0,113,0,0,0,0,90,0
"Subject_634",0,0,0,0,0,0,0,0,0,0,0,0,0,0,26,0,9,0,0,0,0,19,0,0,0,1651,0,0,100,0,67,0,0,101,0,0,57,197,0,0,18,0,0,0,0,0,0,0,0,0,0,0,0,0,0,0,0,3,0,0,0,0,0,0,0,0,46,0,0,0,0,0,0,0,0,0,0,0,0,147,0,0,0,0,0,0,92,0,0,7,0,200,62,0,0,2,0,0,0,0,0,28,0,0,0,0,0,124,0,0,0,0,0,0,0,7,0,0,402,0,0,0,0,0,0,0,0,0,0,0,0,51,1,19,0,3,55,0,0,0,260,0,0,0,0,0,164,0,0,0,18,0,0,0,0,0,0,0,9,37,0,0,0,377,0,0,0,0,0,0,0,0,0,0,0,0,0,0,307,0,0,0,0,0,0,0,0,0,0,0,8,149,3,112,0,3,0,0,0,0,0,0,0,249,0,216,0,0,4,13,0,0,0,0,0,0,46,0,778,0,0,0,0,0,0,0,0,0,21,0,81,0,0,36,0,0,0,19,0,105,0,0,0,0,14,496,0,5,0,0,0,0,0,0,0,316,53,0,14,0,0,0,0,24,0,0,0,0,0,6,0,0,278,0,0,0,0,0,37,1341,0,0,473,0,0,0,0,13,218,0,0,0,0,0,1,0,35,0,0,172,0
"Subject_635",0,0,0,0,0,0,0,0,0,0,0,0,0,0,0,0,16,0,0,0,0,22,0,0,0,4455,0,0,11,0,0,0,0,0,0,0,0,264,0,0,0,0,0,0,0,6,0,0,0,0,0,0,0,0,0,0,0,0,0,0,0,0,0,0,0,0,0,0,0,0,0,0,0,0,0,0,0,0,0,0,0,0,0,0,0,0,0,0,0,0,0,0,0,0,0,0,0,0,31,0,0,0,0,0,0,0,0,2477,0,0,0,0,0,154,0,0,0,0,11,2,14,0,0,0,0,0,0,0,0,0,12,2,0,0,0,0,22,0,0,0,6,0,0,0,0,0,0,0,0,0,0,0,17,0,0,0,0,0,0,0,0,0,0,0,0,29,0,0,0,0,0,0,0,0,0,0,0,0,0,0,0,0,0,0,0,0,0,0,0,0,0,0,0,0,221,0,0,0,45,0,0,0,0,0,274,27,0,54,0,0,0,0,0,0,0,0,0,0,0,0,0,0,0,0,0,0,0,0,0,0,0,0,0,0,0,0,0,0,0,0,0,3,0,0,0,0,1,0,0,0,0,0,0,0,0,0,0,0,0,14,0,0,0,0,0,0,0,0,0,545,0,0,11,2,0,0,0,0,0,1094,0,0,101,0,0,0,0,0,0,0,0,0,0,0,61,0,0,0,0,0,0
"Subject_636",0,0,6,0,0,0,5,0,0,0,0,0,2,0,24,0,3,0,0,0,0,0,0,0,0,3093,0,0,179,3,0,0,0,37,0,0,10,252,0,0,1,0,0,0,0,411,0,0,0,0,2,0,0,0,99,3,0,0,0,0,0,0,0,0,0,0,109,0,0,0,0,0,0,0,0,344,0,0,0,0,0,0,0,0,0,3,0,192,0,4,0,112,3,0,0,4,2,0,0,0,65,6,0,50,0,0,0,158,0,0,0,0,0,139,7,6,0,2,149,0,0,0,24,157,55,0,0,0,0,0,0,356,0,0,0,7,2,0,0,0,124,0,0,0,0,0,0,0,0,0,19,0,0,0,0,0,0,0,0,0,0,88,0,0,0,0,0,0,6,0,0,0,0,0,0,0,0,212,0,0,0,0,0,42,0,0,0,0,0,0,0,23,0,0,161,0,0,2,0,0,0,0,0,0,0,26,0,75,0,0,0,0,0,0,0,0,0,0,2,0,0,0,0,0,0,0,0,2,0,12,0,0,0,0,149,0,15,0,0,40,0,0,0,0,21,0,0,0,0,0,0,0,0,0,0,0,7,0,10,0,0,0,0,0,74,0,0,0,0,14,0,0,649,0,4,0,0,0,0,1995,0,0,74,0,0,0,0,0,0,0,0,0,0,0,0,0,3,0,0,68,0
"Subject_637",0,0,0,9,0,3,55,0,0,0,0,0,0,0,48,0,5,0,40,0,0,45,0,0,0,128,0,0,46,0,0,0,0,63,21,0,0,0,0,0,0,190,0,0,0,353,0,0,0,0,9,0,22,0,0,0,0,0,0,218,0,0,0,0,0,0,128,0,0,382,0,0,0,0,0,0,0,0,0,429,0,16,0,0,0,0,2,0,0,0,0,0,0,0,0,0,28,0,0,0,0,4,0,0,0,0,0,541,113,0,0,0,0,195,0,28,0,0,192,0,0,0,0,0,120,0,85,0,0,0,0,0,0,34,10,0,0,0,0,0,0,0,0,0,0,0,50,0,29,0,1,0,0,0,4,0,0,0,0,0,0,0,0,0,0,26,0,0,0,0,0,0,3,0,0,0,0,0,297,2,0,0,0,0,20,0,0,0,0,0,0,33,0,0,0,0,0,0,10,0,0,0,0,0,0,14,5,0,0,0,0,0,0,0,0,0,0,0,91,0,0,0,0,0,0,0,0,0,0,0,33,0,0,229,0,0,0,0,0,0,0,0,0,0,19,0,0,0,0,0,0,0,0,0,0,19,8,0,0,0,0,0,0,0,0,0,0,0,0,167,0,0,711,0,0,0,0,0,0,4366,0,0,185,0,0,0,0,0,0,86,0,0,0,0,0,0,0,0,0,31,0
"Subject_638",0,0,0,0,0,0,3,0,0,0,0,0,0,0,0,0,0,0,8,0,0,33,3,0,0,461,0,0,52,26,64,21,0,78,0,0,0,17,0,8,0,97,0,0,0,102,0,0,0,0,10,0,18,14,0,2,0,0,15,94,0,0,0,0,0,0,86,0,19,70,0,0,0,0,0,0,10,0,0,88,0,0,258,0,0,10,0,0,0,0,0,3,0,0,0,251,0,0,0,0,0,16,0,6,0,0,0,5993,58,0,0,2,0,123,0,0,3,0,37,0,0,0,0,0,13,0,0,0,7,0,0,175,0,60,200,0,0,0,0,14,0,0,0,0,0,0,0,0,25,0,4,0,0,0,2,0,0,0,0,4,0,0,0,0,0,0,0,0,0,0,5,0,2,0,0,0,0,1,43,0,0,0,4,0,5,0,0,0,0,0,5,31,0,0,0,0,0,0,0,0,0,0,0,2,294,20,0,0,0,0,5,0,0,12,0,2,76,26,0,0,2,70,0,0,0,0,0,0,5,0,0,0,0,0,0,0,9,0,0,0,0,0,0,0,8,0,0,0,0,0,0,0,0,0,0,10,0,0,5,0,0,0,0,0,5,0,0,0,0,189,5,80,99,0,0,0,0,0,0,156,3,0,118,0,0,0,0,0,23,3,0,12,0,0,0,0,0,0,0,12,0
"Subject_639",0,0,0,0,0,0,0,0,0,0,7,2,0,0,5,29,0,0,2,0,2,45,0,0,0,1780,0,0,9,5,116,0,0,76,0,0,0,122,0,0,0,0,0,60,0,47,2,3,0,0,0,0,0,0,0,0,0,0,0,35,3,0,0,2,0,0,0,2,0,0,0,0,0,0,0,0,0,0,0,12,0,0,208,0,0,0,0,2,0,35,577,3,0,0,0,0,0,0,69,0,0,0,0,0,2,0,77,465,0,49,0,13,0,60,0,0,0,2,62,0,0,0,0,5,493,0,0,0,318,2,149,32,76,3,0,0,255,0,0,0,2,0,0,0,45,0,2,2,0,0,13,15,0,0,0,0,0,0,20,61,0,0,0,1,0,0,5,0,0,0,3,0,0,0,0,0,0,0,90,3,81,0,0,0,7,0,0,0,18,20,0,123,0,7,0,0,0,0,0,0,0,0,0,0,0,5,0,0,2,8,0,0,0,12,0,0,2,12,120,0,2,43,0,0,0,0,0,0,23,0,172,0,0,497,0,0,8,0,0,2,0,0,40,0,0,0,0,2,0,0,0,4,3,2,7,17,0,2,2,0,7,0,0,3,0,0,0,0,2,0,8,36,120,0,3,0,0,0,0,2279,0,0,442,0,0,0,0,0,0,82,0,0,0,0,33,6,8,55,0,97,2
"Subject_640",2,0,0,0,0,0,0,0,0,0,0,0,1,0,1,21,0,0,45,5,0,47,0,9,0,4655,0,0,21,22,0,0,0,40,0,0,24,106,0,0,2,46,0,49,0,239,0,0,0,0,0,0,7,0,0,0,0,0,0,295,0,31,4,0,0,0,129,0,0,0,41,0,0,0,0,1,2,0,0,43,0,0,0,0,110,0,226,0,0,5,0,12,2,0,0,0,5,0,53,0,73,0,0,0,0,0,0,76,50,0,0,0,0,69,22,0,0,0,94,0,0,0,0,0,19,0,0,0,0,0,1,78,12,0,0,0,2,10,0,16,3,0,0,0,0,0,0,0,12,0,5,0,0,23,0,0,0,0,19,0,0,11,0,0,0,25,0,0,0,3,0,0,0,0,0,0,0,91,0,0,0,0,0,0,0,0,0,0,0,0,0,40,2,0,0,1,0,1,0,0,0,0,0,0,0,12,0,132,0,10,0,0,0,0,0,0,0,0,42,0,10,58,0,0,0,0,0,0,25,0,30,0,0,184,153,0,7,0,0,0,0,0,0,0,0,0,0,0,0,0,4,0,0,0,6,0,17,0,0,376,3,0,0,0,0,0,0,0,0,2,14,0,49,0,0,0,0,0,15,1652,0,0,122,0,0,0,0,1,5,0,0,0,0,0,0,0,9,0,0,0,0
"Subject_641",0,0,0,0,0,0,1,0,0,0,0,0,3,0,2,0,0,11,27,5,104,0,0,2,0,1176,0,0,36,16,228,0,0,100,0,0,165,215,2,14,17,62,0,44,0,71,0,23,5,0,4,3,14,0,0,1,0,0,0,0,11,37,36,1,0,0,44,0,0,0,25,1,0,90,0,283,0,0,0,199,4,0,17,2,0,0,0,427,0,22,0,5,7,0,5,4,0,0,0,0,61,0,0,18,0,0,0,122,0,0,0,0,0,63,5,3,2,0,194,2,0,0,0,6,516,0,0,0,24,0,0,346,0,0,5,1,31,0,0,0,10,0,0,0,0,0,0,0,15,0,21,66,66,0,4,0,0,14,11,43,15,67,0,0,0,19,5,2,0,0,0,0,2,0,0,0,0,103,58,0,51,0,0,0,0,0,0,65,0,0,0,0,13,3,333,1,0,0,0,0,0,2,0,2,162,23,6,140,0,17,0,0,151,10,12,0,46,0,315,0,0,35,0,0,0,14,0,0,38,0,133,0,0,59,128,0,16,0,0,0,27,4,0,0,0,0,0,0,0,0,202,0,44,1,34,170,0,0,18,6,0,0,0,0,2,0,0,0,0,13,77,74,179,12,23,0,0,0,26,1295,0,0,324,0,0,0,0,1,0,77,0,0,4,0,0,0,0,0,0,125,0
"Subject_642",0,0,0,0,0,0,0,5,0,0,0,0,0,0,0,0,0,0,0,0,0,0,0,46,1,418,0,0,452,15,253,0,0,0,0,0,26,0,0,7,0,0,0,0,0,18,0,0,2,0,0,0,0,0,85,0,0,16,0,0,0,0,0,0,0,0,15,0,0,66,44,0,0,39,0,295,0,0,0,0,0,0,0,0,494,0,3,30,0,213,0,18,0,0,0,11,0,0,29,0,0,2,0,0,0,0,0,700,0,35,0,46,0,22,0,4,0,0,0,0,0,0,0,5,0,0,0,0,12,0,0,18,0,0,0,0,9,0,0,0,0,0,0,0,0,0,0,0,0,0,23,0,0,0,4,47,0,1,5,49,0,0,0,1,0,0,0,0,0,0,0,0,0,0,0,5,0,0,148,0,0,0,0,0,0,0,0,312,0,0,0,38,22,0,0,0,0,0,0,0,0,0,0,104,2,0,12,0,0,46,0,0,0,0,30,0,3,0,0,0,0,44,0,0,0,2,73,0,37,0,34,0,0,305,0,0,0,0,0,0,0,0,0,2,0,0,0,0,0,0,0,0,0,0,11,0,2,0,0,0,0,0,0,0,0,0,0,0,0,0,0,0,411,0,0,0,0,0,0,4681,0,0,0,0,2,5,2,5,0,0,0,0,0,0,75,0,0,0,0,0,0
"Subject_643",4,0,0,0,0,0,0,95,0,0,0,0,0,0,8,0,6,3,0,0,0,39,0,7,0,0,0,0,0,0,373,0,0,19,0,0,5,97,0,0,0,0,0,0,0,0,0,0,0,0,0,0,0,0,0,0,0,0,0,70,0,0,0,0,0,0,335,0,0,0,0,0,0,0,0,0,0,0,0,72,0,0,119,0,0,0,0,0,0,30,0,15,0,0,0,16,0,0,79,0,0,0,0,0,9,0,148,854,0,383,0,0,0,251,0,2,0,0,0,0,0,0,0,5,14,0,0,0,0,0,0,245,0,0,0,0,34,0,0,0,0,0,1,0,0,0,0,0,0,6,32,0,0,0,0,0,0,0,0,28,0,0,0,1382,0,27,0,0,0,0,9,0,0,2,4,0,0,0,98,0,0,0,0,0,0,3,0,0,0,0,0,20,0,0,0,0,0,0,0,0,0,1,0,0,368,0,0,0,4,2,0,0,0,0,7,2,59,0,0,0,0,0,0,0,0,0,0,0,33,0,99,0,0,225,0,0,38,0,0,0,0,6,60,0,0,72,0,0,0,0,0,5,13,0,10,0,0,0,0,117,0,0,0,0,0,0,0,0,6,0,0,0,85,0,0,0,0,0,8,3529,0,0,48,0,0,0,0,0,0,8,0,0,0,0,16,0,8,56,0,174,0
"Subject_644",0,0,0,0,0,0,3,0,0,0,0,0,0,0,3,0,0,0,0,0,0,46,3,0,0,3,0,0,4,20,735,484,5,33,0,0,0,0,0,0,0,0,0,0,0,26,0,0,0,0,0,0,0,0,0,8,0,0,0,577,0,0,0,0,0,0,106,0,0,171,0,0,0,0,54,0,0,0,0,185,0,0,386,0,0,7,0,0,0,24,0,10,3,0,0,0,31,0,0,0,17,4,0,0,0,0,0,154,0,0,0,0,0,175,36,0,0,0,183,3,4,0,38,0,14,0,0,0,0,0,0,0,0,0,0,79,2,0,0,0,8,0,12,0,0,962,0,0,0,0,17,0,0,0,0,0,0,0,15,0,0,89,0,0,0,47,0,44,0,0,0,0,0,0,40,0,0,0,201,0,0,0,0,0,0,0,0,0,0,0,0,43,0,0,0,0,0,0,0,0,0,66,0,0,1583,20,0,88,0,0,6,0,39,0,0,4,99,0,0,0,0,73,0,0,0,0,0,0,0,6,0,0,0,404,0,0,70,0,0,0,34,0,0,0,293,0,0,0,0,0,0,0,0,0,0,17,5,0,0,0,0,0,0,0,0,0,0,0,49,41,0,0,22,0,7,0,0,0,0,1592,0,0,126,5,0,0,0,0,0,0,0,0,0,0,0,0,13,0,0,229,0
"Subject_645",0,0,0,0,0,0,1,9,0,0,0,1,1,106,15,0,0,0,0,0,0,0,0,0,0,1849,0,2,9,0,0,0,0,25,0,0,3,0,0,34,0,126,0,7,0,11,0,0,0,0,0,0,0,0,12,0,0,1,0,84,0,2,0,0,12,4,360,0,0,44,3,0,0,1,0,0,0,0,0,0,0,0,0,0,2,4,0,0,0,0,4,0,0,0,0,0,0,0,4,0,13,0,0,0,0,14,2,4160,5,321,0,0,2,31,0,0,0,1,137,0,2,0,0,43,7,38,0,0,0,0,0,0,0,0,2,0,0,0,0,0,0,0,0,0,0,0,0,0,0,20,3,0,0,2,0,0,0,0,1,6,0,32,0,2,0,15,0,0,0,0,0,1,0,0,0,0,0,2,0,0,1,0,0,0,0,0,0,0,0,0,0,21,2,2,0,0,0,0,0,0,0,0,0,0,0,0,0,5,0,2,0,0,5,0,0,0,15,2,0,2,0,0,4,0,0,0,0,0,2,0,0,0,0,8,79,0,0,0,6,0,0,0,8,0,0,0,0,0,0,0,1,0,0,0,0,10,82,0,0,30,1,0,0,4,0,0,0,0,17,704,0,0,44,0,0,0,569,0,0,730,0,0,17,0,0,0,3,0,0,0,0,0,0,0,2,0,2,0,0,0,25
"Subject_646",2,0,0,0,0,0,0,0,0,0,0,0,0,0,4,0,0,1,0,0,0,0,0,0,0,411,0,0,14,64,0,0,0,59,0,0,28,0,0,0,0,0,0,0,0,0,0,0,0,0,0,0,0,3,0,0,0,0,0,186,0,0,0,0,0,0,228,16,0,65,0,0,0,0,0,0,0,0,0,30,0,0,218,0,0,4,288,0,0,0,0,46,6,0,0,15,0,2,0,0,33,2,0,0,0,0,0,4,0,2,0,0,2,503,36,25,0,6,611,0,0,0,0,11,0,0,0,0,0,0,2,0,0,0,0,18,129,0,0,0,78,0,7,0,0,39,0,0,0,0,13,0,2,35,0,0,0,2,0,0,0,45,0,0,0,0,0,6,0,0,0,0,0,0,13,2,0,0,190,0,0,0,0,0,0,0,3,0,0,0,0,0,0,38,0,0,0,0,12,0,0,0,0,0,0,5,31,197,0,0,0,0,0,0,0,0,112,0,0,0,112,0,0,0,0,0,0,9,0,0,0,0,0,115,121,0,212,0,0,16,48,0,0,0,17,59,0,0,0,0,0,0,0,0,0,9,2,0,0,0,0,0,0,3,0,0,0,0,0,5,0,85,442,0,0,6,0,0,0,2987,0,0,240,0,1443,3,1,0,0,0,0,0,0,0,0,0,6,0,0,165,0
"Subject_647",0,0,0,0,0,0,2,0,0,0,0,0,0,0,0,0,0,0,0,0,0,0,0,0,0,867,0,0,0,0,0,0,0,0,0,0,0,0,0,0,9,0,1,0,0,32,0,0,0,0,0,0,0,0,0,0,0,0,0,0,0,0,0,0,0,0,0,0,0,0,0,0,0,0,0,0,0,0,0,0,0,0,0,0,0,0,0,0,0,0,0,0,961,0,0,0,12,0,0,0,0,16,0,0,0,0,0,112,0,0,0,0,0,0,0,0,0,0,0,0,0,0,0,0,37,0,0,0,0,0,0,0,0,0,3,0,0,0,0,0,0,0,0,0,0,0,0,0,0,0,0,0,0,0,0,0,0,2,0,0,0,0,0,0,0,0,0,0,0,0,0,0,2012,0,0,0,0,0,0,0,0,0,0,0,0,0,2,0,0,0,0,0,0,0,0,0,0,0,0,0,0,0,0,0,0,0,0,0,4,0,0,0,0,0,0,0,0,0,88,0,0,0,0,0,0,0,0,0,0,0,0,0,0,0,96,0,0,0,0,0,0,0,0,0,0,0,0,0,0,0,0,0,0,0,0,0,0,0,0,0,0,0,0,0,0,0,0,0,0,5742,0,3,0,0,0,0,0,0,0,0,0,0,0,0,0,0,0,0,0,0,0,0,0,0,0,0,0,0,0,0,0
"Subject_648",0,0,0,0,0,0,100,0,0,1,2,0,1,0,5,0,0,1,1,1,15,70,0,0,0,172,0,1,4,26,0,0,56,0,0,0,9,4,0,2,0,0,0,0,0,758,0,4,0,0,0,0,0,0,0,1,0,0,0,53,0,0,0,40,0,3,9,1,0,0,0,0,0,0,45,0,0,0,0,0,3,0,42,0,0,1,1,1,0,45,0,4,2,0,0,1,6,0,0,0,32,0,3,0,0,0,0,6,0,0,0,158,0,10,0,15,22,0,24,6,0,0,4,7,17,0,0,0,9,33,0,0,151,0,0,0,2,0,3,0,2,10,0,0,0,801,4,0,0,2,6,4,0,0,1,0,55,2,0,0,0,68,0,0,1,32,0,37,0,5,0,4,1573,0,0,0,0,0,0,11,0,0,0,0,10,11,0,0,0,12,0,15,1,0,69,1,0,0,0,0,0,3,0,0,0,5,0,22,0,2,2,0,0,0,0,0,0,234,2,4,35,61,0,0,0,0,219,0,0,0,112,0,0,353,187,0,207,0,27,0,68,0,0,0,0,0,0,3,0,0,36,0,30,1,0,1,0,0,8,8,0,0,0,2,0,0,0,0,0,29,133,4,600,0,2,0,2,4,4,2632,0,0,68,0,0,0,0,0,0,12,0,0,0,0,0,0,3,0,0,148,0
"Subject_649",0,0,0,0,0,0,61,0,0,0,0,0,0,0,47,0,0,0,0,0,0,0,0,14,0,21,0,0,260,0,0,0,0,0,0,0,8,0,0,0,0,0,1099,0,0,0,0,0,0,0,0,0,0,0,0,0,0,0,0,0,0,0,0,0,0,0,0,0,6,0,0,0,0,0,0,0,6,0,0,0,0,0,0,0,0,0,0,0,0,0,0,0,36,0,0,0,0,0,0,0,0,2,0,0,0,0,0,28,0,51,0,0,0,0,0,0,0,0,0,6,9,0,0,21,20,0,0,0,0,0,0,113,0,0,0,0,0,0,0,0,398,0,0,0,0,1374,0,0,0,0,0,0,0,0,0,0,0,0,0,0,0,0,0,0,0,64,0,0,0,0,0,0,2,0,0,0,0,0,0,0,0,0,0,0,0,0,35,0,0,0,0,26,0,7,0,0,0,0,16,0,0,0,0,0,0,0,0,111,1,108,0,0,0,0,0,0,0,0,86,0,0,0,0,0,0,0,0,0,0,0,0,0,0,2028,0,0,0,0,0,0,0,0,0,0,0,0,0,2,0,0,0,0,0,0,0,0,0,0,0,0,0,0,0,0,2,0,0,0,0,17,0,0,894,0,0,0,0,0,0,5,0,2523,197,0,0,0,0,0,0,0,0,0,0,0,0,0,240,0,0,53,0
"Subject_650",58,0,0,0,0,0,1,0,0,0,0,0,2,0,1,0,2,0,8,0,0,0,0,5,0,1640,0,0,4,78,824,0,0,3,0,0,12,16,0,11,3,224,0,0,0,0,0,0,0,0,0,0,24,0,3,0,0,0,0,764,0,0,0,0,0,2,0,0,0,0,9,0,0,0,0,1,13,0,0,155,0,0,0,0,0,2,0,0,5,0,0,2,2,0,0,0,0,0,0,0,0,5,0,0,1,0,0,1104,0,0,0,0,0,59,8,2,0,0,58,2,3,0,0,0,13,0,0,0,0,0,0,0,0,8,197,2,21,0,0,0,15,0,24,0,0,146,0,0,36,0,6,0,0,13,0,0,0,0,0,15,0,81,0,0,0,0,0,0,0,0,0,0,0,2,0,0,0,0,920,0,0,14,0,0,12,0,0,0,0,0,0,15,0,101,0,0,0,1,0,0,0,2,0,2,340,6,0,23,0,0,103,0,0,0,0,3,230,0,11,0,35,0,0,91,0,1,0,0,0,18,0,0,0,117,0,0,10,0,0,0,0,0,0,0,14,184,0,0,0,0,0,0,0,0,0,2,4,0,22,1,12,0,0,0,0,0,0,0,0,76,0,0,40,0,0,0,0,0,3,1798,0,0,53,0,0,0,0,0,0,0,0,0,0,1,2,0,21,0,0,21,0
"Subject_651",0,4,0,0,17,0,2,0,0,0,0,0,0,145,7,0,0,9,0,0,94,42,0,0,0,971,0,0,2,0,341,0,0,115,0,0,1,60,0,0,0,0,0,168,0,90,1,0,0,2,3,0,0,0,6,0,0,0,0,5,0,0,0,0,0,0,102,0,0,0,39,0,0,0,0,0,0,0,0,21,0,0,77,0,0,0,2,0,0,144,0,0,9,0,2,0,0,0,293,0,0,2,0,0,2,0,0,91,0,0,0,0,0,715,0,2,0,0,34,0,0,0,0,64,232,0,0,0,0,5,13,36,0,0,0,0,28,0,0,0,0,0,0,0,0,0,3,0,0,0,16,11,0,0,0,0,0,0,0,11,0,0,0,1138,0,0,0,0,0,0,7,0,1,0,0,0,0,0,311,0,0,0,0,0,3,0,0,0,0,2,0,8,2,0,0,0,0,0,10,0,0,0,0,42,0,2,2,0,3,2,0,0,0,11,2,0,248,3,3,0,40,70,0,0,0,0,0,0,268,0,28,0,0,348,0,0,17,22,0,0,37,0,0,0,11,8,0,0,0,0,0,2,4,0,5,2,0,0,8,4,0,0,0,2,9,0,0,0,2,134,0,34,169,0,0,0,0,0,3,2713,0,0,60,0,0,0,0,0,0,12,0,0,0,0,58,0,3,0,0,97,0
"Subject_652",0,0,0,0,0,0,1,1,0,0,1,0,0,0,16,0,0,1,0,0,1,1,0,3,0,1920,0,0,78,11,2,0,3,31,0,0,1,9,0,0,0,0,0,1,0,1,87,1,0,0,1,0,0,0,0,1,0,0,0,0,1,0,0,19,0,0,96,0,8,0,1,1,0,0,0,0,0,0,0,2,0,2,12,0,1,10,168,1,0,6,0,55,0,0,0,0,0,0,1,0,13,0,23,1,1,7,2,832,0,0,0,0,0,51,32,5,0,18,67,0,0,0,0,76,2,0,29,0,0,0,0,2,0,0,2,50,456,0,0,0,6,0,0,0,0,0,0,1,1,0,1,0,0,13,1,0,0,0,0,11,0,17,0,0,0,17,0,0,0,2,0,0,2,0,0,0,1,2,86,1,0,0,0,0,1,0,2,0,0,0,0,3,0,0,2,0,0,1,0,0,0,0,0,5,0,31,3,35,1,4,7,0,0,0,2,1,38,2,22,0,25,1,0,0,0,0,0,0,2,1,2,0,0,1592,0,0,6,0,3,8,12,0,0,0,43,0,0,0,0,0,0,1,1,0,1,4,2,0,1,2,1,0,0,2,2,0,0,0,0,3543,0,2,40,0,20,0,0,0,1,111,1,0,4,0,0,0,0,2,0,1,0,0,0,0,6,0,12,0,0,6,0
"Subject_653",9,0,3,0,0,0,0,2,0,2,0,0,0,2,113,0,55,0,48,2,0,6,0,3,2,398,0,59,3,21,5,0,0,9,0,0,8,9,0,0,3,77,0,0,0,2,0,0,0,0,2,0,0,0,2,0,0,0,0,0,0,6,0,0,0,0,152,0,8,41,2,0,0,10,1144,0,4,0,0,2,0,0,20,0,2,0,0,0,0,37,0,0,9,30,0,0,0,0,27,0,0,45,0,39,0,77,1,1830,0,0,0,0,0,7,0,0,0,0,4,2,0,0,2,0,19,0,89,0,0,0,2,72,0,0,0,112,5,0,0,0,422,0,0,0,0,0,25,2,24,209,2,0,0,0,0,0,0,0,7,2,0,0,0,1,0,0,0,0,0,17,3,0,0,2,0,0,0,0,2,0,0,0,0,0,0,0,0,0,0,0,0,0,2,0,26,0,0,3,0,123,0,0,0,1,0,160,0,0,0,0,0,0,0,0,3,0,2,0,0,0,0,0,138,0,0,0,0,0,1,2,38,0,0,481,0,0,8,0,0,0,0,0,1,0,0,0,0,0,0,0,0,2,0,0,2,0,8,3,0,10,0,0,0,0,2,0,0,78,0,3293,0,2,198,0,0,0,0,0,4,2,0,0,2,0,0,0,0,19,4,4,0,0,0,0,12,10,9,0,0,0,0
"Subject_654",0,0,0,0,0,0,0,4,0,0,0,0,0,0,90,0,0,0,0,0,0,6,0,3,0,1216,0,0,0,0,4,0,0,34,77,0,0,0,0,0,0,0,0,0,0,30,0,0,5,0,0,0,0,0,5,0,0,0,0,11,0,0,0,0,0,0,73,0,0,14,10,0,0,6,0,0,0,0,0,24,0,0,512,0,0,0,71,0,0,0,1,2,0,0,0,2,0,0,0,80,0,0,0,0,0,0,0,3746,29,0,0,0,0,0,0,13,0,0,0,0,0,6,0,0,30,20,0,20,0,0,0,0,0,0,0,0,24,4,0,0,0,0,0,0,87,0,0,0,0,2,2,0,0,61,0,0,0,0,2,4,0,0,0,0,0,0,0,0,0,0,0,0,0,21,0,0,0,0,4,0,27,0,0,2,0,0,0,0,0,0,33,0,0,0,0,0,0,0,0,0,0,0,0,720,0,6,0,0,0,0,0,0,2,0,2,3,29,0,0,0,0,70,0,0,0,2,0,0,3,41,0,0,0,557,0,0,14,0,0,7,0,0,0,0,104,98,0,0,0,0,0,0,0,0,0,22,13,0,0,4,2,0,0,0,0,0,0,0,0,73,0,0,363,0,3,2,0,0,0,1413,2,0,0,0,0,0,0,4,8,0,0,0,0,0,0,0,30,0,0,0,0
"Subject_655",0,0,10,4,0,0,2,25,0,6,0,0,0,215,6,0,0,0,18,0,25,50,0,2,0,4449,0,17,3,0,16,0,0,158,0,0,4,0,0,0,0,218,0,46,0,295,0,6,0,0,4,0,28,0,0,0,0,0,0,0,0,15,0,5,0,0,179,0,0,0,37,0,0,0,0,0,9,0,0,41,0,0,63,0,21,13,90,0,0,0,0,0,3,0,0,2,0,0,0,0,93,6,0,0,0,0,0,241,0,0,0,0,0,30,0,0,0,0,128,0,0,0,0,14,35,0,0,0,0,0,0,87,0,8,0,0,5,0,0,0,214,0,0,0,0,0,0,0,45,124,16,0,0,0,0,0,0,328,0,35,0,0,0,0,0,0,0,0,0,0,25,0,0,0,0,0,0,82,70,0,0,0,0,0,10,0,0,0,0,0,0,86,2,0,0,0,24,0,0,0,0,0,0,0,0,119,0,0,3,1,47,0,0,0,19,0,14,42,114,0,0,45,0,0,0,0,0,0,27,0,154,0,0,28,0,0,34,0,3,1,0,0,0,0,10,0,0,0,0,0,15,3,14,2,0,82,37,0,23,158,0,0,0,5,1,0,0,0,0,41,0,24,66,0,2,0,0,0,7,280,0,0,515,0,0,0,0,0,85,57,0,0,0,0,0,0,2,0,0,134,0
"Subject_656",0,0,0,0,0,0,26,4,0,0,0,0,0,0,0,40,0,0,0,0,2,85,0,0,0,0,0,0,348,0,139,0,0,136,0,0,299,0,0,0,0,0,0,0,0,1588,0,0,0,0,0,0,0,0,8,0,0,0,0,466,0,0,0,0,0,0,64,0,0,308,0,0,0,0,0,0,0,0,0,182,0,0,56,0,0,21,0,0,0,182,0,22,2,0,0,2,0,0,34,0,0,183,0,0,3,0,0,579,0,14,0,0,0,135,0,2,0,0,302,12,0,0,0,0,612,0,0,0,0,0,0,167,0,3,0,0,5,0,0,0,22,0,0,0,0,0,25,7,0,0,52,0,0,0,2,0,0,0,0,74,0,0,0,0,0,0,0,0,0,0,0,2,43,0,0,0,0,12,0,0,0,0,0,0,0,0,0,0,0,0,0,158,0,0,0,2,0,0,0,0,0,0,0,0,0,99,0,0,3,0,0,0,0,0,0,2,0,29,10,0,48,85,0,0,0,0,0,0,55,0,0,0,0,344,0,0,0,0,0,0,0,0,0,0,5,0,0,0,0,0,4,0,0,0,5,471,0,0,0,0,4,0,0,53,0,0,0,0,0,3,0,0,867,0,0,0,0,0,0,7,0,0,1181,0,0,0,0,0,0,0,0,0,0,0,13,0,87,0,0,193,0
"Subject_657",27,0,0,1,4,0,0,80,0,1,3,0,5,0,5,38,0,17,12,0,0,10,0,0,0,805,0,5,2,16,268,0,0,113,9,0,52,12,0,0,1,29,137,0,0,61,0,3,0,0,0,0,15,0,30,0,0,0,0,58,0,0,0,2,0,0,11,0,0,0,24,1,0,35,0,41,6,0,0,138,4,0,8,1,0,0,1,0,0,34,0,18,74,0,33,87,0,0,22,0,14,0,0,0,0,0,0,235,5,44,0,0,0,122,9,7,0,21,17,0,0,0,0,4,870,0,0,0,5,0,89,140,66,6,1,0,54,0,0,10,3,8,0,1,0,4,12,0,8,44,5,51,0,47,0,0,0,2,0,0,9,7,0,2,0,14,0,0,0,0,3,0,2,0,1,0,0,0,0,0,0,0,0,0,13,0,0,0,0,3,2,101,1,13,0,0,8,2,8,0,0,0,0,1145,37,1,7,41,3,2,2,0,0,14,12,1,13,10,229,0,5,31,0,0,0,0,3,0,372,9,154,0,0,36,0,0,7,2,2,0,12,0,0,0,1,25,0,1,0,0,0,1,1,0,4,1,38,0,6,3,0,0,0,1,0,0,0,0,0,8,0,55,50,0,0,0,0,0,2,2861,1,0,69,0,0,0,0,0,0,129,0,0,0,0,100,0,4,0,0,31,0
"Subject_658",0,1,0,0,0,0,1,0,0,0,0,0,7,653,14,0,0,0,0,0,110,46,0,0,0,2823,0,0,24,0,32,0,0,190,0,0,88,172,2,0,0,0,0,0,0,108,0,0,0,0,0,0,0,0,0,0,0,0,0,0,0,0,0,0,0,0,162,0,6,0,0,0,0,0,0,0,0,0,0,196,0,0,19,0,0,3,0,0,0,48,0,0,99,0,0,0,0,0,29,0,35,0,0,0,2,0,219,192,0,0,0,16,0,99,0,5,0,0,149,0,0,0,0,46,69,0,0,0,0,0,41,0,0,0,0,3,435,0,0,0,0,0,0,0,0,109,0,0,0,0,4,0,0,0,0,0,0,0,0,0,0,0,0,0,0,30,0,0,0,0,0,0,4,0,0,0,0,55,334,0,0,0,0,0,0,0,0,0,0,0,0,23,0,56,0,0,0,0,0,0,0,0,0,0,0,0,0,62,1,9,0,0,0,0,0,0,0,0,7,0,0,0,0,0,0,0,0,0,285,0,0,0,0,0,0,0,6,0,0,0,0,163,0,0,0,0,0,0,0,0,0,0,5,0,0,151,0,0,0,0,0,0,0,0,0,0,0,0,0,0,0,0,159,0,6,0,0,0,0,2113,0,0,81,0,0,0,0,0,0,0,0,0,0,0,0,0,18,43,0,130,0
"Subject_659",2,0,0,0,0,0,0,0,0,0,0,0,0,0,6,0,0,0,0,0,0,71,0,0,0,11,0,0,50,2,81,259,0,69,0,0,3,0,0,0,0,0,604,0,0,261,0,0,0,0,0,0,0,6,0,0,0,0,0,0,0,0,0,0,0,0,1004,0,0,610,0,0,0,0,0,0,0,0,0,0,0,0,0,2,0,2,0,19,0,0,0,0,0,0,7,9,0,0,0,0,81,5,0,0,0,0,0,50,0,32,0,0,0,166,11,3,0,0,229,2,0,0,0,131,4,251,0,0,0,0,13,206,2,0,0,3,7,0,0,0,518,0,0,0,0,639,0,0,0,0,14,0,0,185,0,0,0,0,0,60,0,60,0,0,0,25,0,2,0,0,36,0,2,0,0,7,0,0,743,0,0,0,0,0,0,0,0,1,0,0,0,45,0,0,0,0,0,0,0,0,0,0,0,0,0,0,8,74,0,2,2,0,209,0,0,0,0,0,2,0,0,200,0,0,0,0,0,0,29,0,0,0,0,71,15,0,0,7,0,0,46,0,0,0,75,0,0,0,0,0,0,0,0,0,0,0,19,0,0,2,0,0,0,20,0,0,0,0,0,622,0,50,82,0,0,0,0,0,0,1687,0,1,109,0,0,0,0,10,0,11,0,0,0,0,0,0,26,0,0,17,0
"Subject_660",0,0,0,0,0,0,3,0,0,0,12,0,2,54,25,0,0,0,0,0,0,0,0,0,0,117,0,0,82,33,0,0,0,5,0,0,1,53,0,0,4,0,0,0,0,277,0,0,0,0,6,0,4,0,0,0,0,0,0,545,0,0,0,0,0,0,58,0,0,0,31,0,0,492,0,2,0,0,0,211,0,14,21,0,874,0,2,0,0,33,0,83,1,0,0,0,634,0,3,0,0,0,0,4,34,21,0,2,0,0,0,0,0,466,0,0,0,0,185,0,0,0,0,4,1,0,0,0,0,195,2,47,0,0,0,0,27,0,0,0,8,0,0,0,0,0,79,0,0,0,17,7,0,0,0,0,0,0,0,72,0,14,0,0,0,0,0,0,0,0,0,0,0,0,0,0,0,54,274,5,0,0,0,0,0,0,0,0,0,0,0,62,0,0,0,0,0,0,0,0,0,0,0,296,0,15,0,0,0,6,0,0,0,0,2,0,0,176,56,0,26,143,0,0,0,0,0,0,0,18,203,15,0,993,0,0,0,0,0,17,0,0,0,0,0,0,0,0,4,0,0,0,0,0,77,0,22,0,0,0,0,0,0,0,1,0,0,0,0,0,0,0,120,0,0,0,4,4,0,2181,0,0,47,0,0,0,0,0,283,15,0,0,0,0,0,0,7,0,0,0,0
"Subject_661",0,0,0,0,0,0,3,0,0,0,0,0,0,0,24,0,0,0,0,0,0,0,0,0,0,4,0,0,72,0,0,0,0,0,0,0,649,0,0,0,0,0,0,0,0,9,0,0,0,0,0,0,0,0,0,0,0,0,0,0,0,0,0,0,0,0,2,0,5,0,0,0,55,0,0,0,0,0,0,0,0,4,285,0,0,0,708,0,0,0,0,0,37,0,0,0,0,0,0,0,0,118,0,0,0,0,0,987,0,0,0,0,0,0,0,0,0,0,0,0,0,0,0,5,921,0,0,0,0,0,0,270,0,569,0,0,615,0,0,0,13,0,0,0,0,0,0,0,0,0,24,0,0,0,0,0,0,0,0,0,0,0,0,0,0,0,0,0,0,0,0,0,2,0,0,0,0,0,0,0,0,0,0,0,0,0,0,0,0,0,0,171,6,0,0,0,0,0,0,0,0,0,0,1,0,0,0,0,0,30,0,0,0,0,0,0,0,0,0,0,0,47,0,0,0,0,0,0,0,0,0,0,0,850,0,0,0,0,0,0,0,6,0,0,7,0,0,0,0,0,0,0,0,0,0,12,0,0,0,0,0,0,0,0,0,0,0,0,0,87,0,0,418,0,0,0,0,0,0,2363,0,0,621,0,0,0,0,0,0,0,0,0,0,0,0,0,0,0,0,0,0
"Subject_662",0,0,0,0,0,0,2,26,0,0,0,0,0,0,2,0,0,0,0,0,91,62,0,2,0,1,0,0,2,0,0,0,0,56,0,0,3,12,0,0,0,0,0,188,0,5,0,0,0,0,0,0,0,0,0,2,0,0,0,317,0,0,0,4,0,0,88,0,3,2,24,2,0,0,0,0,0,0,0,0,0,8,0,0,48,6,3,0,0,28,1722,2,2,0,0,0,0,0,50,0,0,0,0,2,0,0,35,412,0,0,0,0,0,0,0,0,0,0,60,0,0,0,0,5,27,0,0,0,0,0,0,184,0,5,0,0,0,0,0,0,0,0,0,0,0,0,0,0,0,0,0,9,64,0,2,0,0,0,0,125,8,0,0,0,0,0,5,0,0,0,0,0,0,0,0,0,0,127,0,0,0,0,0,0,0,0,3,0,0,0,0,36,0,0,0,0,9,0,0,5,0,0,1308,0,0,0,0,0,0,1,0,0,0,0,18,0,0,93,0,0,0,0,0,0,0,50,0,0,0,0,98,0,0,845,0,0,35,0,0,62,0,0,0,0,181,0,0,0,0,0,122,0,24,0,72,8,0,0,2,14,0,0,0,0,10,0,0,2,0,11,0,0,0,0,0,0,0,0,0,2943,0,0,82,0,0,11,0,0,84,0,0,0,0,0,0,0,21,0,0,33,0
"Subject_663",58,1,0,0,0,0,0,0,0,0,0,0,0,0,35,0,0,0,0,0,0,0,0,10,0,1929,0,0,89,90,102,0,0,9,6,0,69,0,0,0,0,234,0,0,0,0,0,0,6,0,0,0,0,0,0,0,0,0,0,0,0,0,7,0,0,0,278,0,21,0,0,0,0,0,0,0,3,0,0,46,0,0,143,0,0,4,11,0,0,151,0,0,87,0,0,48,0,0,0,0,25,0,0,0,0,29,0,439,0,0,0,0,0,0,16,1,0,1,0,0,0,0,0,6,12,0,0,0,0,0,0,0,0,25,169,27,539,0,0,0,0,0,0,0,0,799,0,0,53,101,27,0,0,29,0,0,0,0,0,0,0,99,0,0,0,27,0,0,0,0,0,0,0,0,0,0,0,0,0,0,0,0,0,0,0,0,0,0,0,0,0,0,6,0,0,0,0,0,0,0,0,0,0,156,0,0,3,10,0,18,0,0,0,0,0,0,0,0,0,0,0,59,0,0,0,0,0,0,0,0,0,0,0,161,0,0,72,0,0,2,0,0,0,0,4,27,0,0,0,0,0,0,0,0,0,0,2,0,0,0,0,0,0,2,0,0,0,0,0,968,0,0,16,0,0,0,0,0,8,2417,0,0,202,0,0,0,0,0,0,0,0,0,0,0,0,0,5,0,0,0,0
"Subject_664",0,0,0,0,2,0,0,0,0,1,0,0,0,0,29,0,0,1,2,0,0,8,0,0,0,4798,0,0,41,17,2,0,0,44,3,0,164,0,0,0,0,0,0,0,0,40,0,0,0,0,3,1,0,2,1,2,0,1,2,2,0,0,0,27,0,0,15,8,0,48,6,0,0,0,3,0,2,0,0,4,0,1,6,0,0,25,93,0,0,0,0,26,0,0,0,0,0,0,21,0,7,0,0,0,2,0,0,220,0,2,2,0,0,63,4,4,0,1,2,0,13,8,0,9,126,2,0,140,0,0,0,2,100,0,0,0,247,0,0,0,10,0,2,3,0,106,0,0,0,0,0,0,0,4,0,2,0,0,0,19,0,41,0,2,0,22,0,0,0,0,4,0,24,0,0,0,0,0,4,0,0,0,0,0,5,0,0,0,0,0,16,29,0,0,0,0,0,0,0,0,0,0,0,10,858,4,0,8,0,0,8,0,0,0,4,1,12,0,173,0,0,46,0,0,0,0,0,0,59,6,6,0,0,515,0,0,7,0,0,0,18,0,0,0,7,1,0,0,0,0,0,0,0,0,7,96,3,0,3,0,3,0,0,4,4,0,0,0,0,101,0,0,78,0,0,1,0,0,2,1116,3,0,6,0,0,0,0,32,0,8,0,0,0,3,44,0,8,0,0,39,0
"Subject_665",0,0,0,9,0,0,0,0,1,0,0,0,0,240,15,0,3,0,16,1,0,12,0,0,4,752,0,0,0,127,324,26,4,112,0,0,10,305,0,15,0,39,0,0,0,0,0,0,0,0,0,0,23,0,26,0,0,0,0,9,0,0,0,0,0,0,91,0,0,0,9,0,0,8,1373,0,7,0,0,10,0,0,0,0,26,8,0,91,0,72,1192,53,0,0,0,1,0,0,40,0,8,8,0,0,2,0,0,477,0,0,0,0,0,4,0,0,0,0,0,2,0,0,0,25,0,0,0,0,0,0,0,249,0,4,14,7,2,5,0,0,27,0,20,0,0,508,0,0,22,12,13,0,0,0,1,0,64,0,7,11,0,42,0,0,0,23,0,0,0,0,0,0,0,0,0,0,0,0,0,50,0,0,0,5,0,0,0,0,0,0,0,82,0,9,0,0,0,2,0,0,0,0,0,0,895,194,0,50,0,0,0,0,0,0,4,0,41,0,64,0,0,0,0,14,0,0,0,0,3,4,14,0,5,56,0,0,18,69,0,3,0,5,71,0,11,0,0,0,0,8,0,0,0,0,9,63,16,0,8,0,0,0,0,2,0,0,0,0,54,5,0,0,27,0,21,0,0,0,10,1164,0,0,106,0,0,0,0,0,0,8,0,0,0,0,32,4,1,0,0,184,0
"Subject_666",0,0,0,0,0,0,0,0,0,0,0,0,0,0,51,0,0,0,15,0,0,18,0,99,0,2870,0,0,93,23,2,0,0,0,0,0,12,0,0,0,0,76,25,0,0,0,0,0,0,0,0,0,0,0,0,0,0,0,0,71,0,0,0,0,0,0,56,0,0,175,0,0,0,0,0,0,4,0,0,0,0,0,0,0,0,0,0,0,0,0,0,0,0,0,0,0,0,0,0,0,0,0,0,0,0,0,0,437,10,0,0,0,0,262,27,0,0,0,20,3,0,0,0,0,36,0,0,0,0,0,0,138,0,0,0,15,0,0,0,0,3,0,0,0,0,6,0,0,13,0,0,0,0,0,0,0,0,0,0,0,0,69,0,0,0,0,0,0,0,0,3,0,0,0,14,0,0,0,6,0,0,0,0,0,0,0,0,0,0,0,0,223,0,0,0,0,0,0,11,0,0,0,0,0,215,0,0,0,0,25,53,0,0,0,0,0,0,0,0,0,0,0,0,0,0,0,0,0,9,0,0,0,0,160,0,0,0,0,0,0,52,62,0,0,5,2,0,0,0,0,0,0,0,0,0,0,4,0,0,0,0,0,0,0,0,0,0,0,0,14,0,0,179,0,0,0,0,0,0,3962,0,0,109,0,0,0,0,0,0,43,0,0,0,0,35,0,140,0,0,45,0
"Subject_667",44,0,0,0,0,0,1,0,0,0,0,0,0,0,450,0,0,0,8,0,0,18,0,0,0,854,0,0,3,0,333,0,0,2,0,0,47,1,0,0,5,54,0,14,0,3,0,5,0,0,0,0,16,0,0,0,0,0,0,6,0,0,0,0,0,0,0,1,0,0,0,0,0,0,0,1,5,0,0,4,13,0,0,0,23,0,173,0,0,0,2,1,260,0,0,0,0,0,2,0,15,518,0,0,2,53,0,1192,4,6,0,0,0,48,65,0,0,0,17,7,0,0,0,7,0,0,0,0,0,0,0,47,0,17,0,4,44,11,0,12,1039,0,0,0,0,7,0,0,15,0,0,2,0,0,0,0,0,0,0,12,0,15,1,2,0,30,0,0,0,0,3,0,0,0,16,0,0,3,5,0,0,23,0,0,0,0,0,0,0,0,0,11,0,35,0,0,0,1,12,0,0,0,0,0,0,129,0,32,0,0,0,0,0,0,0,0,32,0,0,5,0,3,0,0,0,0,0,0,2,1,19,0,0,2328,0,0,8,0,0,0,22,14,0,0,0,0,0,0,2,0,0,1,0,0,9,157,5,0,0,49,0,0,0,0,3,0,0,0,4,711,0,0,171,0,0,0,0,0,5,2,0,0,17,0,0,2,0,0,0,10,76,0,0,1,150,0,342,0,0,45,0
"Subject_668",0,0,0,7,0,0,42,4,1,0,0,0,3,61,54,0,0,0,5,0,37,33,0,1,0,1590,0,6,7,6,0,0,0,21,0,0,1,1,0,0,1,27,0,13,0,591,0,1,0,0,1,0,0,0,0,0,0,0,0,0,0,29,5,0,0,0,24,0,3,0,0,0,0,0,1,0,0,0,0,77,0,0,4,0,48,0,0,0,0,0,339,2,2118,0,0,95,0,0,0,0,9,0,0,0,0,0,0,815,21,0,8,0,0,35,0,7,0,0,65,0,0,0,0,2,128,265,0,0,0,0,0,245,0,0,0,20,3,0,0,11,6,0,0,1,0,284,0,0,0,0,0,2,0,0,0,13,0,0,0,23,0,22,0,0,27,14,0,2,0,0,0,0,1045,1,0,0,0,3,31,0,0,0,0,0,0,1,0,0,0,0,0,6,0,0,0,0,0,0,0,0,0,0,0,0,0,0,0,10,0,0,0,0,0,0,3,0,27,0,0,0,0,2,0,0,0,0,0,0,9,0,78,0,0,145,0,0,5,0,1,3,17,0,0,0,0,0,0,0,0,0,66,0,0,0,0,3,0,0,0,0,0,0,0,0,2,0,0,0,0,214,0,0,91,0,0,0,0,0,1,917,1,0,0,0,0,0,0,16,11,0,0,0,0,0,0,0,0,0,0,0,0
"Subject_669",0,0,0,0,0,0,3,0,0,0,0,0,0,0,30,0,0,0,0,0,15,5,0,2,0,5164,0,0,6,0,0,0,0,0,0,0,5,0,0,0,3,0,0,0,0,0,0,0,0,2,0,0,0,0,0,9,0,2,0,0,0,0,2,0,0,0,0,0,0,0,0,0,0,3,0,0,0,0,2,47,0,0,0,0,0,0,2,0,0,23,0,19,21,0,0,0,0,0,12,0,0,0,0,0,40,0,0,1375,0,0,0,0,0,1261,0,2,0,0,165,0,0,0,0,0,0,0,0,0,0,169,0,392,0,6,0,0,11,0,0,0,1,0,0,0,0,0,0,0,0,0,0,0,0,0,0,0,0,0,0,70,0,0,0,0,0,0,0,0,0,0,0,0,246,0,0,0,0,0,0,0,0,0,0,0,0,0,0,142,0,0,0,0,2,0,0,0,0,0,0,0,0,0,0,0,0,4,0,0,0,0,0,0,12,0,0,0,0,0,3,0,0,0,0,0,0,0,0,0,81,0,0,3,0,112,0,0,0,0,0,0,0,0,0,0,0,0,0,0,0,0,0,0,0,0,0,0,2,0,0,0,0,0,0,0,0,0,0,0,0,0,0,0,103,0,0,0,0,0,8,0,0,0,412,0,0,0,0,0,0,0,0,0,0,0,0,0,0,0,0,0,0
"Subject_670",0,0,0,0,0,0,2,57,0,0,0,2,0,78,10,0,0,0,0,0,0,53,0,0,3,1336,0,0,0,36,120,0,2,159,0,0,0,0,0,0,0,0,0,79,0,284,108,0,0,0,2,0,0,0,29,0,0,0,0,6,0,0,0,2,0,0,405,0,0,0,6,0,0,0,0,0,0,0,0,9,0,0,276,0,77,0,0,127,0,28,0,0,0,67,0,0,0,0,107,0,0,28,0,0,15,0,0,1500,0,0,0,2,0,256,0,2,0,3,0,0,0,0,0,34,902,0,0,0,0,0,23,129,0,0,0,0,223,0,0,0,0,0,0,0,331,0,0,13,0,0,49,0,0,0,0,0,0,0,122,55,0,0,0,0,0,0,0,0,0,0,4,0,0,0,0,0,0,16,0,0,0,0,0,0,0,0,0,3,0,0,0,56,0,0,0,0,0,0,0,0,0,0,0,1,0,0,0,0,0,0,0,0,129,8,0,0,36,2,0,0,0,91,0,0,0,12,1,0,64,8,0,0,0,308,0,27,275,0,0,0,0,0,0,0,0,0,0,0,0,0,0,0,0,0,13,0,0,2,120,0,16,0,0,0,0,0,0,0,46,2,11,35,190,0,0,0,0,0,0,1134,0,0,232,0,0,0,2,0,0,0,0,0,0,0,0,0,0,4,0,0,0
"Subject_671",0,0,0,0,0,0,0,0,0,2,2,0,0,123,26,0,0,0,0,0,0,43,0,0,0,363,0,0,0,100,164,0,0,45,0,0,22,5,2,2,0,0,0,18,0,75,0,6,0,0,24,0,0,0,0,0,0,0,0,115,6,17,0,0,0,4,0,0,0,0,51,3,2,17,0,0,0,0,0,20,3,0,7,0,67,50,0,0,0,31,0,5,0,0,0,0,0,0,22,0,0,0,0,0,7,0,0,64,0,0,0,0,0,805,0,0,0,0,46,0,0,0,0,5,1226,0,0,0,0,0,0,16,0,0,0,0,24,0,0,0,0,0,0,0,0,0,0,0,2,0,0,1,0,0,0,0,0,0,0,22,0,0,4,2,0,0,13,0,0,7,0,0,118,0,0,0,0,36,81,2,0,0,0,0,2,0,0,0,0,0,0,92,0,0,0,0,0,3,0,0,0,0,0,0,0,29,0,0,5,1,0,0,0,10,30,2,44,5,667,4,0,43,0,0,0,0,0,0,55,0,14,3,0,511,0,27,0,0,0,71,17,0,0,0,0,0,0,0,0,28,0,0,3,0,9,0,0,1,14,0,3,0,0,6,2,0,0,0,0,0,0,0,2382,0,0,0,1335,0,3,292,0,0,205,0,0,0,4,0,0,19,0,0,0,2,36,7,9,0,0,89,0
"Subject_672",0,0,0,1,0,0,0,0,0,0,0,0,0,0,6,0,2,0,0,0,0,303,0,0,0,214,0,0,3,6,0,0,0,289,0,0,0,0,0,0,0,0,0,0,0,0,0,0,0,0,0,0,0,0,117,0,0,0,0,0,0,0,0,0,0,0,287,0,0,0,143,1,0,0,0,0,1,0,0,0,0,0,0,0,0,0,0,0,0,74,0,4,64,0,0,0,0,0,613,0,0,109,0,0,0,0,0,5,0,0,0,54,0,292,0,0,0,0,195,9,0,0,0,63,662,0,0,0,0,0,188,135,104,0,0,0,11,0,0,0,2,0,0,0,0,0,60,0,0,0,0,0,0,0,0,2,0,0,0,0,0,61,0,0,0,0,11,0,0,0,0,0,0,0,0,0,0,323,0,0,0,0,0,55,0,0,0,0,0,0,0,0,0,9,0,0,0,0,0,0,0,0,0,90,1242,0,0,59,0,2,0,0,0,0,0,0,0,103,0,0,0,0,0,0,0,5,0,2,411,0,0,0,0,75,0,0,18,0,0,0,0,0,0,0,5,11,0,0,0,0,0,0,0,0,0,8,3,0,0,0,0,0,0,4,0,3,0,0,0,39,0,0,421,0,0,0,0,0,0,1215,0,150,1317,0,25,0,0,0,0,119,0,0,0,0,86,0,15,0,0,97,0
"Subject_673",0,0,0,0,0,1,1,34,0,0,0,0,0,36,1,0,22,0,0,1,19,20,0,1,0,2,0,0,1,0,369,0,35,50,0,0,11,58,2,0,0,0,0,53,0,58,0,0,0,0,0,0,0,0,12,0,0,0,0,196,0,22,1,0,0,0,46,0,0,67,9,0,0,5,0,0,0,0,0,309,0,0,166,1,21,1,1,1,1,9,0,1,44,0,0,9,0,0,32,0,11,1,7,0,0,28,4,2386,0,331,0,0,0,37,12,4,0,4,26,0,0,0,0,3,16,0,0,2,2,0,34,18,0,5,0,1,2,0,0,0,2,0,0,0,2,0,11,0,0,0,3,0,0,4,1,0,0,0,21,104,0,0,0,70,0,15,4,0,0,0,14,0,0,0,0,0,0,85,262,1,0,0,3,0,1,0,0,0,0,0,0,23,1,15,0,0,0,3,0,0,38,0,852,0,50,1,0,7,0,2,0,0,14,12,7,0,160,0,9,3,0,0,0,0,0,2,0,0,34,17,85,0,0,257,0,0,8,4,0,0,17,27,0,0,74,0,0,0,0,0,123,2,13,0,14,3,2,0,6,13,15,0,0,1,0,0,0,0,0,1316,0,35,38,0,1,0,0,2,2,1283,1,0,61,2,0,0,0,1,0,0,0,0,0,0,48,0,2,0,0,35,0
"Subject_674",0,0,0,0,0,0,2,0,0,0,0,2,0,0,9,0,0,0,0,0,0,51,0,1,0,3024,0,0,3,0,2,0,0,37,0,268,4,1,0,0,0,0,0,20,0,628,0,0,0,0,0,0,0,0,0,0,0,0,0,0,0,0,0,0,0,0,62,0,0,0,0,0,0,41,0,0,0,0,0,232,0,0,11,0,0,3,0,0,0,11,0,0,0,0,0,0,0,0,41,0,20,0,0,0,3,33,0,173,0,0,0,0,0,210,10,0,0,0,31,0,0,0,0,3,153,0,0,0,0,0,14,108,0,0,0,1,2,0,0,0,970,0,0,0,0,6,0,0,0,0,7,0,0,0,1,0,0,0,4,55,0,49,0,0,0,25,0,0,0,0,4,0,0,0,14,0,0,12,40,0,0,0,0,0,0,0,0,0,0,0,0,39,0,0,0,0,0,0,0,0,0,0,0,0,0,46,0,0,0,0,0,0,0,0,0,0,134,0,69,0,0,21,0,2,0,0,0,0,0,4,0,0,0,298,0,0,20,0,0,0,49,3,0,0,0,0,0,0,1,0,0,2,10,0,0,0,53,2,0,0,0,0,0,2,0,0,0,0,0,26,0,0,365,0,0,0,0,0,1,2225,0,0,75,0,0,0,0,0,12,10,0,0,0,0,72,0,0,0,0,52,0
"Subject_675",0,0,6,0,0,0,0,0,0,0,0,0,0,0,8,11,20,0,0,0,0,17,0,10,0,8,0,0,10,7,0,0,0,0,0,0,0,0,0,0,0,0,0,0,0,5,0,2,0,0,0,0,0,0,0,0,4,2,0,7,0,0,2,7,0,0,10,0,0,4,0,0,0,0,0,0,0,0,0,16,0,0,0,0,0,3,11,0,0,0,0,4,51,0,0,38,4,0,0,0,29,2,0,0,0,0,0,3124,0,34,0,0,0,0,0,9,0,0,20,1,18,0,0,0,73,0,0,0,2,0,0,9,0,0,70,22,3,0,0,3,5,0,4,1,0,921,22,0,0,0,8,0,0,13,1,0,0,0,0,0,0,62,0,0,0,29,0,0,7,0,1,0,2,0,30,0,0,0,0,0,0,0,0,0,11,0,0,0,0,0,1,56,0,0,0,2,0,0,28,181,0,0,1874,5,0,10,5,84,1,0,2,0,0,0,1,0,17,0,148,0,0,3,0,0,5,0,0,326,0,0,42,0,0,104,0,0,20,11,0,3,26,0,0,0,9,0,0,0,0,0,0,0,28,0,0,8,1,0,6,0,0,0,0,2,0,0,0,0,0,271,0,0,258,0,5,0,0,0,3,1442,0,0,143,0,0,2,0,0,2,10,0,0,0,9,11,0,11,0,0,18,0
"Subject_676",2,0,0,0,0,0,0,0,0,0,0,0,0,0,15,0,0,15,0,5,0,12,0,0,0,1535,0,0,10,12,62,0,0,24,0,0,74,0,0,0,0,144,0,0,0,34,0,0,0,1,0,0,0,0,0,0,0,0,0,30,0,0,0,51,0,0,115,0,0,0,0,0,0,0,0,90,0,0,0,21,0,0,60,0,0,1,47,0,0,124,0,85,12,0,24,4,0,0,0,0,8,16,0,0,0,0,0,281,0,23,0,0,0,1049,0,1,0,0,12,0,0,0,0,9,297,0,0,0,0,0,0,879,0,13,0,0,301,0,0,11,0,0,0,0,0,367,7,0,8,0,8,0,0,0,0,0,0,0,0,0,0,34,0,0,0,20,0,3,0,0,0,15,0,0,0,0,0,145,31,0,0,0,2,0,0,0,0,0,0,0,0,0,4,0,0,0,0,0,6,0,0,0,0,242,0,4,1,30,0,0,0,0,0,0,12,0,18,0,0,0,0,16,0,0,0,0,0,149,244,0,152,0,0,94,10,0,16,5,0,0,0,0,0,0,0,0,0,0,0,0,0,0,0,0,0,2,0,0,0,36,2,0,0,0,12,0,0,0,111,2,0,0,110,1014,0,0,0,0,0,1381,0,0,176,0,0,0,0,0,0,0,0,0,0,0,0,0,3,0,0,0,0
"Subject_677",1,12,3,0,0,2,0,47,0,2,4,2,0,0,1,0,0,0,3,2,131,95,0,1,1,120,2,0,0,2,37,0,2,39,0,0,0,197,1,13,0,75,0,32,0,927,0,2,0,0,1,0,10,9,65,2,0,0,0,110,3,0,0,0,0,5,7,0,0,0,13,3,2,52,1,0,2,0,0,233,4,5,138,2,322,2,0,2,0,22,0,1,0,24,0,0,0,0,23,0,0,0,0,22,5,230,126,165,0,78,0,24,0,198,11,0,8,6,19,2,0,6,0,0,107,244,13,0,11,8,101,537,0,0,0,0,3,0,0,8,1,0,0,0,117,0,11,2,5,0,11,6,0,21,0,0,0,0,80,13,0,0,2,1284,0,26,4,0,5,0,8,0,0,0,0,0,3,42,218,8,3,9,4,0,24,0,0,2,50,0,0,99,0,0,36,0,0,2,0,0,0,0,0,1,0,1,4,0,0,18,0,15,77,7,3,2,27,36,14,35,24,36,53,4,0,0,30,0,32,4,57,9,0,26,0,9,7,0,0,5,0,0,5,0,0,0,0,0,2,17,22,4,19,0,15,5,4,1,5,16,2,0,0,3,6,0,6,146,135,1,0,12,43,2,19,2,0,1,2,1660,2,0,253,0,0,0,3,0,11,33,91,6,2,24,19,3,3,12,0,27,0
"Subject_678",104,0,0,0,0,0,0,38,0,0,0,0,0,0,0,22,5,5,41,51,416,30,0,0,0,791,0,0,0,7,561,0,0,70,0,0,15,315,0,23,0,477,0,0,0,0,0,0,0,0,8,4,24,40,0,0,0,0,0,159,0,0,0,0,0,0,8,0,0,0,43,0,0,717,0,0,9,0,0,107,0,0,63,0,0,0,0,0,0,17,0,2,15,0,0,0,0,0,0,11,0,0,0,0,0,0,0,15,98,56,0,0,0,17,0,0,0,0,1,0,0,0,0,20,8,0,0,0,0,0,0,521,0,0,6,0,4,0,0,39,10,0,19,0,0,0,15,0,101,11,5,0,35,0,0,0,10,0,0,0,0,0,0,0,0,0,0,2,0,0,3,0,0,0,0,0,0,347,531,0,0,0,0,0,27,0,0,0,0,0,5,12,0,0,0,0,0,0,0,0,0,0,0,2,0,9,0,0,2,0,0,170,0,0,4,0,269,40,446,0,108,0,0,0,0,0,0,517,0,0,224,0,0,25,0,0,0,0,0,0,0,0,0,0,3,6,0,0,0,0,0,0,71,0,57,0,4,0,23,0,8,0,0,2,0,0,0,0,0,174,0,0,133,0,0,0,0,0,53,663,0,67,18,0,0,0,0,0,411,9,0,0,0,0,154,0,2,0,0,209,0
"Subject_679",3,0,2,2,0,0,1,0,0,0,0,0,0,0,1,0,5,0,8,11,0,190,0,0,0,727,0,2,3,0,0,0,0,7,0,0,8,0,0,9,0,30,0,0,0,1,0,0,0,0,0,0,17,0,0,0,0,0,0,318,0,0,0,0,0,6,45,0,0,0,0,0,0,0,0,0,0,0,0,39,0,0,6,0,0,1,1,0,0,139,0,0,3,0,0,11,0,0,32,0,8,0,0,0,0,15,0,580,6,19,0,0,0,327,0,3,0,0,39,0,9,0,0,14,24,0,0,0,0,0,0,994,0,4,26,2,5,0,0,6,2,0,0,0,0,4,0,0,13,0,12,0,0,0,0,3,0,0,0,30,0,23,0,2,0,18,0,0,0,0,0,0,2,0,0,0,0,0,0,0,0,0,0,0,7,0,0,0,0,0,1,54,1,18,0,0,0,0,0,1008,0,0,0,443,0,1,0,18,1,2,0,0,0,0,0,0,85,0,0,15,0,0,0,0,0,0,0,0,118,0,173,0,0,170,0,0,32,0,2,0,0,124,0,0,5,0,0,0,0,0,0,0,0,0,21,1,1,0,0,0,11,0,0,8,0,0,0,0,0,6,0,0,427,0,0,0,0,0,3,2831,0,0,81,0,0,0,0,0,0,0,0,0,0,0,436,0,1,0,0,77,0
"Subject_680",0,3,0,0,0,0,0,0,0,0,0,0,0,86,46,0,0,0,0,0,0,62,0,6,2,278,0,0,314,13,0,0,0,38,0,0,9,0,0,0,0,0,649,25,0,137,0,1,0,0,0,0,0,0,0,0,0,16,0,175,0,0,0,0,0,0,97,0,0,0,0,0,0,0,0,0,0,0,0,12,0,0,0,0,92,0,0,0,0,162,0,102,8,0,0,2,0,0,33,0,0,64,0,3,0,0,53,970,0,33,0,0,0,529,14,0,3,0,39,0,0,0,0,0,1189,0,0,0,0,0,39,2,0,0,0,0,9,15,0,0,5,0,1,0,0,139,13,0,0,0,8,0,0,33,0,0,0,0,400,33,0,64,0,0,0,27,0,0,0,0,0,0,0,0,15,0,0,0,101,0,0,0,0,0,1,0,0,0,0,0,0,452,2,25,0,0,0,0,10,0,245,0,0,85,0,15,0,0,0,94,0,0,0,0,5,0,47,0,9,0,0,39,0,0,0,0,0,0,78,0,32,0,0,741,0,0,0,4,0,0,0,6,0,0,0,0,0,0,0,0,0,1,19,0,8,0,0,0,0,0,1,0,0,5,0,0,0,0,6,25,0,0,322,0,65,0,0,0,4,444,0,0,676,0,0,0,0,3,0,172,0,0,0,0,87,0,55,0,0,48,0
"Subject_681",0,0,0,0,0,0,0,0,0,3,0,0,0,0,4,0,0,0,0,0,21,78,0,8,0,3396,0,0,0,0,214,0,0,47,0,0,168,0,0,0,0,0,0,192,0,0,0,8,2,0,0,0,0,1,0,0,0,0,0,0,0,82,0,0,0,0,0,0,0,0,0,0,2,0,0,0,0,0,0,238,0,0,0,2,7,0,0,0,0,71,0,0,1,0,0,4,0,0,0,0,0,0,0,0,16,0,138,0,0,0,0,46,0,0,0,0,0,3,0,0,0,0,0,5,0,60,0,0,0,0,0,0,0,3,0,0,11,0,0,0,0,0,0,0,0,0,0,0,0,0,59,0,0,0,0,0,0,2,476,80,0,0,0,0,0,0,0,0,0,0,0,0,0,0,0,0,0,0,111,0,0,0,0,0,0,0,0,0,0,0,0,0,0,0,0,0,0,0,0,0,0,0,0,0,2439,32,0,0,0,6,0,0,228,6,0,0,133,0,0,0,0,68,0,18,0,0,0,0,23,0,46,0,0,97,0,0,0,7,0,0,0,0,210,0,0,0,0,0,0,0,0,0,0,0,55,73,0,0,0,33,2,24,0,0,0,0,11,0,0,116,0,0,0,0,0,0,0,0,0,337,0,0,0,0,0,0,7,0,0,97,0,0,0,4,17,0,0,0,0,354,0
"Subject_682",6,0,0,2,0,0,14,0,0,0,0,0,0,0,15,0,3,0,0,0,0,78,0,3,0,939,0,0,5,0,0,0,0,42,6,0,185,45,0,15,2,205,0,0,0,336,0,0,0,0,0,0,9,0,0,0,0,2,0,9,0,0,7,0,0,0,157,10,0,0,0,0,0,0,0,0,7,0,0,101,3,0,0,0,0,0,0,0,0,0,0,4,37,0,0,101,0,0,0,0,0,46,13,0,0,0,0,299,2,0,0,0,0,158,0,0,0,0,272,0,5,0,0,0,0,0,31,0,0,0,0,0,0,32,15,0,40,8,0,12,3,0,0,0,0,0,2,0,0,9,18,0,2,0,2,0,0,0,0,233,0,0,0,0,0,0,0,0,0,0,5,0,0,2,0,0,0,134,0,0,0,0,0,0,0,0,0,0,0,0,2,31,2,0,478,0,0,0,11,0,0,0,0,0,0,18,0,0,2,12,0,0,0,0,24,0,125,0,80,0,210,0,0,0,0,0,0,0,207,0,0,0,0,2192,0,0,0,3,0,52,0,0,0,0,7,0,0,6,0,0,0,0,0,0,0,6,0,0,0,0,0,0,0,3,0,0,0,0,0,10,0,0,422,0,0,0,0,0,24,1397,0,0,643,0,0,0,0,2,0,0,0,0,0,0,0,0,38,0,0,309,0
"Subject_683",12,0,0,0,6,0,2,4,0,0,5,0,24,2,7,0,0,0,11,0,0,2,0,3,0,1216,2,18,30,217,327,0,0,28,0,0,19,14,0,7,0,49,0,2,0,0,0,0,0,0,10,0,28,0,10,2,8,0,0,0,0,0,11,0,0,0,54,0,3,0,2,2,0,0,0,0,4,0,0,0,3,0,380,0,0,1522,96,0,0,3,0,3,41,0,0,0,0,0,0,0,0,4,0,0,0,0,0,2279,0,0,0,0,0,6,0,0,0,0,0,0,3,0,0,8,10,0,0,0,0,0,0,0,0,0,21,0,10,0,0,0,0,0,0,0,0,0,0,0,36,65,0,0,0,0,2,1,52,0,0,0,0,0,0,0,0,0,0,0,0,13,0,0,0,2,14,0,0,0,0,0,0,0,0,0,14,0,2,0,0,0,0,11,3,0,3,0,0,0,0,0,0,0,0,353,98,0,2,0,0,1,0,0,0,12,5,0,35,0,374,0,0,0,0,0,0,0,0,0,0,8,0,0,0,8,0,0,0,0,0,0,0,0,0,0,0,57,0,0,0,0,0,0,0,3,34,19,0,0,12,2,0,0,0,2,0,0,0,0,0,2051,0,0,161,0,4,0,0,0,2,3,0,0,2,0,0,0,0,0,0,3,0,0,0,2,1,0,2,0,0,5,0
"Subject_684",9,2,0,0,0,0,0,0,0,0,0,2,0,0,6,0,1,0,10,2,0,4,0,0,0,926,0,0,0,7,139,0,0,58,0,0,0,34,0,14,0,82,0,0,0,299,0,0,0,10,0,0,0,11,70,0,0,0,0,41,3,0,46,0,0,0,59,0,0,82,0,0,0,0,0,382,0,0,0,121,0,0,222,0,0,0,79,0,0,23,0,56,8,0,49,100,0,0,29,0,0,2,0,0,0,0,0,72,0,26,0,0,0,118,0,2,0,57,68,0,0,0,0,8,8,0,0,0,3,0,74,397,0,0,6,0,5,0,0,0,4,0,0,0,0,0,0,0,12,0,3,23,0,5,0,0,0,0,0,48,0,0,0,2946,0,0,0,0,0,0,3,0,0,0,0,0,0,0,55,2,46,0,5,0,5,0,0,15,0,0,0,56,0,0,0,0,0,0,0,182,0,0,0,65,0,8,7,0,4,5,0,0,0,6,17,0,214,0,7,17,17,33,0,0,0,8,0,0,64,0,267,0,0,333,0,0,24,3,0,0,18,0,0,0,0,2,0,0,0,0,0,0,4,2,30,3,0,0,7,0,0,0,0,3,0,0,0,0,5,335,0,36,44,0,0,0,0,0,3,1030,0,0,47,0,0,0,0,0,0,7,0,0,0,0,67,0,3,0,0,21,0
"Subject_685",0,0,0,0,0,0,0,0,1,0,0,0,0,0,29,60,52,9,5,0,0,20,0,82,0,4253,0,14,241,3,0,0,0,125,0,0,2,0,0,0,3,194,0,0,0,24,0,9,0,0,0,0,24,5,0,1,0,0,0,35,0,0,19,0,0,0,156,10,0,0,0,0,0,4,0,0,7,0,0,9,0,8,30,0,0,133,224,0,0,22,15,13,0,0,0,0,0,0,28,0,20,0,0,0,0,20,56,15,0,0,0,0,0,199,27,1,0,1,13,0,2,0,0,222,29,77,0,0,6,0,0,38,2,8,2,0,8,0,0,0,164,0,0,0,0,529,0,0,11,0,15,0,0,23,1,0,0,0,0,0,0,21,0,81,0,22,0,2,0,138,0,2,0,0,18,0,0,2,4,4,3,0,0,0,22,3,0,0,0,0,33,54,35,0,0,0,0,0,0,0,200,0,2,59,0,228,0,71,0,20,0,0,0,0,13,2,66,17,273,0,0,0,0,0,0,0,0,0,0,2,12,0,0,487,0,0,36,0,0,165,40,0,0,43,0,0,0,1,0,0,0,2,25,1,18,44,17,0,8,0,3,0,0,4,0,0,0,0,0,8,14,0,15,0,5,0,0,0,0,1,0,0,147,0,0,0,0,5,0,13,0,0,0,0,8,0,2,12,0,106,0
"Subject_686",0,0,0,0,0,0,7,2,0,0,0,4,0,0,31,0,0,0,0,0,3,2,0,0,0,4127,0,0,6,65,324,0,0,59,0,0,98,5,0,0,0,0,0,39,0,13,0,0,0,0,54,0,0,0,6,0,0,0,0,3,0,10,0,11,0,0,24,0,0,83,15,0,0,2,0,0,0,0,0,2,0,3,93,0,0,0,0,0,0,45,381,3,4,0,0,0,0,0,18,0,0,0,0,0,2,0,1,34,0,0,0,0,0,107,0,0,0,0,12,2,0,0,0,25,102,0,0,23,0,0,8,17,0,3,0,0,16,0,0,0,3,0,0,0,0,0,9,2,0,0,8,0,0,0,2,0,0,0,19,23,0,0,0,1,0,27,0,0,0,0,7,0,0,0,0,0,2,7,25,2,0,0,0,0,0,0,0,0,0,0,0,108,0,0,38,0,0,2,0,0,0,0,0,3,0,12,0,0,0,0,0,0,0,20,1,0,28,2,0,0,0,70,0,0,0,0,0,0,3,3,9,0,0,748,0,0,13,0,0,0,0,0,0,0,0,0,0,0,0,0,0,2,18,0,48,19,0,1,2,0,2,0,0,0,0,0,0,0,0,42,0,0,420,0,0,0,0,0,0,2025,0,0,131,0,0,0,0,0,8,13,0,0,0,0,63,0,61,0,0,57,0
"Subject_687",0,0,0,0,0,0,150,2,0,1,0,0,0,12,54,0,0,0,0,0,1,34,0,0,0,47,0,0,126,0,0,0,0,16,0,0,5,135,0,0,0,0,0,20,1,120,0,6,0,0,1,0,0,0,0,0,0,0,0,64,0,1,0,0,0,1,22,0,0,0,10,0,0,3,0,0,0,0,0,13,0,2,4,5,29,0,0,0,0,13,2,24,12,0,0,2,0,0,25,0,15,0,0,13,7,0,109,2,0,0,0,97,0,62,0,0,0,0,35,0,0,0,0,19,6,0,234,0,2,29,0,14,3,4,0,19,45,0,0,0,0,0,0,0,0,0,0,0,0,0,5,0,0,28,0,0,0,0,0,23,0,75,3,18,0,34,12,0,0,0,0,0,0,0,0,0,0,3,13,0,137,80,0,0,0,0,0,0,0,0,0,45,0,0,0,0,0,2,0,0,0,0,0,221,0,0,0,80,0,0,0,0,27,0,2,0,67,28,448,3,0,30,0,3,0,0,0,0,6,15,39,0,0,38,0,0,0,0,9,0,66,259,2,0,0,0,0,0,5,0,30,2,81,0,10,0,0,0,7,6,2,33,0,0,0,0,0,0,7,106,0,0,5834,0,0,0,0,0,9,1,0,0,141,0,0,0,6,0,44,13,0,0,0,0,51,0,0,61,0,54,0
"Subject_688",0,0,0,0,0,0,0,0,0,0,0,0,0,0,13,0,0,0,0,0,0,0,0,0,0,4,0,0,17,1,0,0,0,72,0,0,9,8,0,0,0,0,0,0,0,0,0,0,3,0,0,0,0,0,0,0,0,0,0,272,0,160,0,0,0,0,202,1,0,0,0,0,0,0,0,0,0,0,0,249,0,0,7,0,0,0,0,0,0,30,23,17,0,0,0,2,0,0,65,0,9,4,0,0,0,0,0,383,0,73,0,0,0,91,0,0,0,0,16,0,0,0,0,5,73,0,0,0,0,0,126,284,0,0,0,60,2,0,0,0,9,0,9,0,0,0,77,0,0,3,0,0,2,0,14,0,0,0,0,0,0,0,0,0,0,0,0,3,0,0,0,0,20,0,0,0,0,0,0,0,0,0,0,0,0,0,0,0,0,0,0,143,2,32,0,0,0,0,0,0,0,0,0,784,0,6,0,16,3,5,0,0,0,0,0,0,76,0,313,7,0,0,0,0,0,0,0,0,57,0,0,0,0,559,150,0,0,0,0,11,0,0,0,0,0,43,0,0,0,0,15,0,0,0,22,0,0,0,0,0,0,0,0,6,0,0,0,0,0,7,0,0,368,0,0,0,0,0,5,4697,0,0,152,0,0,0,0,0,0,0,0,0,0,0,0,0,7,0,0,92,0
"Subject_689",34,0,0,0,0,2,2,0,1041,0,0,0,0,0,38,0,0,0,5,5,110,11,0,14,0,1,0,0,16,34,40,0,0,6,0,0,3,54,0,0,2,34,0,41,0,104,0,3,0,0,0,0,14,0,94,0,0,0,0,0,2,33,121,0,0,0,43,0,169,102,450,0,0,0,0,0,3,0,0,45,0,0,233,0,0,5,0,0,0,7,0,15,29,0,0,19,0,0,30,0,0,0,0,0,50,0,60,140,0,19,0,0,0,0,17,0,0,0,136,7,0,0,23,0,9,0,65,0,10,0,82,446,0,7,0,4,4,0,0,25,292,0,0,0,0,0,8,0,18,0,2,12,0,0,0,0,0,0,0,50,0,0,0,1134,0,0,4,1,0,0,25,0,0,2,0,0,0,43,47,0,0,0,0,0,3,0,0,0,0,0,0,8,2,58,0,0,0,0,0,3,0,0,0,0,2,3,10,0,2,4,0,0,0,10,5,0,369,0,260,69,162,24,0,0,0,0,0,0,80,15,149,0,0,43,0,0,13,0,0,0,0,0,0,0,0,0,27,0,0,0,72,2,24,0,0,2,13,0,8,0,2,10,0,3,49,0,0,0,5,15,1,83,218,0,0,0,0,0,4,2154,0,0,41,0,0,0,2,0,40,24,0,0,0,0,139,0,13,0,0,8,0
"Subject_690",0,0,0,0,0,0,0,0,0,0,0,0,0,0,0,0,0,0,9,0,0,55,3,0,0,2204,0,11,54,9,0,1,2,189,0,0,0,132,0,12,0,64,0,0,0,0,0,0,0,0,0,0,0,0,3,0,0,0,0,344,0,0,0,2,0,0,213,0,0,0,0,0,0,2,0,217,0,0,0,128,0,4,0,0,0,4,0,1,0,9,0,21,100,0,0,0,0,0,40,0,104,0,2,25,0,0,0,1363,0,0,0,15,0,29,9,1,4,2,50,0,0,0,0,31,23,0,0,0,0,18,0,132,0,0,8,0,18,0,0,22,2,0,0,0,12,8,40,0,54,0,5,0,0,16,1,0,0,0,0,0,0,66,0,0,0,32,0,0,0,0,0,0,0,0,33,0,0,0,107,0,0,0,0,0,1,0,0,1,0,0,0,60,0,0,0,0,0,1,0,0,1,0,0,0,0,41,0,27,0,0,0,0,0,0,29,0,82,0,2,0,13,106,0,0,0,0,0,0,0,0,17,0,0,679,0,16,28,0,0,0,26,69,0,0,0,0,0,0,0,0,0,0,10,0,5,0,17,4,3,0,0,0,0,12,0,0,0,0,73,745,0,4,195,0,0,0,0,0,9,1333,0,1,269,0,0,0,0,0,21,14,0,0,0,0,2,2,0,0,0,14,0
"Subject_691",43,0,0,0,0,1,0,0,0,0,0,0,0,1,0,0,0,0,6,14,0,10,0,0,0,583,0,0,19,24,3,0,0,84,0,0,3,6,0,17,1,87,0,0,0,24,0,0,0,0,0,0,0,0,49,0,0,0,0,14,0,6,0,27,0,0,159,0,1,0,12,0,0,12,0,348,7,0,0,18,0,0,18,0,0,166,0,0,0,16,2,25,27,0,0,0,0,0,11,0,9,0,0,2,0,0,0,1460,0,285,1,0,0,121,14,0,6,4,144,0,0,0,0,14,19,0,2,0,0,0,0,49,0,21,0,47,0,0,0,0,32,0,0,0,92,0,5,0,19,23,0,0,0,43,0,0,0,0,0,8,0,54,0,0,0,24,0,0,0,0,4,0,0,0,0,0,0,2,6,0,0,0,0,0,0,0,0,0,0,1,0,0,0,0,0,0,0,5,26,0,0,0,0,0,0,0,0,67,0,3,0,0,0,0,2,0,25,0,358,0,59,0,0,0,0,0,0,0,0,1,117,0,0,1241,0,0,8,0,0,0,0,0,0,0,0,48,0,0,0,0,0,0,1,0,8,0,11,0,0,3,0,0,5,4,3,0,0,0,29,207,0,10,543,5,0,0,0,3,1,2673,0,23,37,0,0,0,0,0,40,7,0,0,0,0,9,0,0,0,0,64,0
"Subject_692",0,0,0,0,0,0,0,0,2,2,0,0,0,71,20,0,0,0,0,0,0,0,0,0,0,4664,0,0,0,99,139,18,0,47,0,0,39,10,0,0,0,0,0,10,0,90,0,0,0,0,0,0,0,0,0,0,0,0,0,17,0,6,0,0,0,0,53,0,0,0,0,0,0,8,28,0,0,0,0,2,0,0,0,0,2,3,0,0,0,135,0,15,50,0,0,0,0,0,42,0,0,0,0,0,2,0,1,607,0,0,0,0,0,175,0,0,0,0,5,0,0,0,0,0,107,0,0,0,0,6,0,0,0,8,0,0,436,0,0,0,0,0,0,0,0,0,0,0,0,4,2,1,0,0,0,0,0,0,2,0,0,0,0,1,0,0,0,0,0,3,0,0,0,0,0,0,0,0,111,0,1,0,0,0,0,0,0,0,0,0,0,138,0,0,0,0,0,0,0,0,0,0,0,0,0,0,0,0,0,0,1,0,10,0,3,0,0,0,0,0,0,11,0,0,0,0,0,0,7,4,13,0,0,769,0,0,0,0,0,0,0,0,55,0,0,0,0,0,0,0,8,0,0,0,0,0,0,0,5,0,0,14,0,0,0,0,0,46,0,0,0,0,161,0,0,0,0,0,5,1406,0,0,133,0,0,0,0,0,4,13,0,0,0,0,0,0,0,69,0,83,0
"Subject_693",0,0,0,0,0,0,4,0,0,0,0,0,2,0,49,0,0,0,0,0,53,118,0,0,0,1688,0,0,243,3,0,0,0,67,0,0,3,206,2,1,0,0,0,0,0,143,0,3,0,0,23,0,0,0,14,0,0,0,0,244,2,63,0,0,0,0,102,0,0,0,29,0,0,3,0,100,0,0,0,211,0,0,345,0,0,2,0,0,0,0,0,0,126,0,0,2,2,0,76,0,0,3,0,0,2,0,0,2138,0,0,0,0,0,127,0,0,0,0,35,0,0,0,0,98,104,0,0,0,2,0,20,174,0,0,0,0,1,0,0,0,14,0,0,0,0,0,13,2,0,2,20,0,0,0,0,0,0,0,0,16,0,0,0,0,0,0,45,0,0,2,30,0,18,0,0,0,0,24,0,0,0,0,0,0,5,0,0,0,0,0,0,40,3,0,0,2,0,2,0,0,0,0,0,77,0,44,0,0,2,0,1,0,0,4,4,0,0,0,159,0,0,41,0,0,0,0,0,0,13,0,0,0,0,112,0,0,33,0,3,0,0,0,0,0,12,0,0,0,0,0,8,0,10,0,14,20,22,0,2,179,0,0,0,4,3,0,0,0,0,16,0,0,221,0,0,0,1,0,0,1576,0,0,441,0,0,0,0,0,0,45,0,0,0,0,14,0,4,0,0,43,0
"Subject_694",0,0,0,0,0,0,2,0,0,0,0,0,10,0,43,0,0,0,8,30,0,19,0,7,0,3991,0,0,78,12,0,0,0,71,0,0,3,1,0,0,0,52,0,0,0,750,0,0,0,0,0,0,6,0,0,0,2,0,0,7,0,0,0,2,0,0,0,0,0,0,0,0,1,32,0,0,0,0,0,7,0,2,5,0,19,5,3,0,0,23,0,38,0,0,0,0,0,0,35,0,0,0,0,0,0,28,0,71,0,0,0,0,0,882,17,0,0,0,61,0,0,0,0,21,79,0,0,0,0,0,0,310,0,4,0,0,0,7,0,0,4,0,0,0,0,0,0,0,32,0,4,2,0,5,0,0,0,0,0,6,0,10,0,0,0,21,0,0,0,0,0,0,0,0,0,0,0,0,0,0,0,0,0,0,5,0,0,0,0,0,0,41,0,0,0,0,0,0,0,0,0,0,0,0,0,4,0,17,0,44,0,0,0,0,0,0,0,2,9,0,2,0,0,0,0,0,0,0,0,0,22,0,0,306,0,0,6,2,0,0,16,138,0,0,0,0,0,0,0,0,0,2,0,0,2,0,7,0,0,10,0,0,1,0,0,0,0,0,0,2,0,0,406,0,0,0,0,2,0,2117,0,0,5,0,0,0,0,0,0,0,0,0,1,0,0,0,17,0,0,0,0
"Subject_695",0,0,0,0,0,0,12,0,0,0,0,0,0,0,4,1,10,1,0,0,127,92,0,0,0,1488,0,0,12,1,55,0,0,178,0,0,5,192,0,0,0,0,0,0,0,162,73,7,0,0,38,0,0,0,0,0,0,0,0,205,0,24,0,0,0,0,357,0,0,0,56,2,0,0,0,0,0,0,0,325,6,0,50,0,0,2,92,0,0,127,0,4,5,0,0,6,0,0,69,0,10,9,0,0,11,0,0,61,0,0,0,12,0,729,12,1,22,0,47,0,1,0,0,5,76,0,0,0,5,0,74,60,0,0,0,0,42,0,0,0,2,0,2,0,0,0,24,0,1,0,14,45,0,10,7,0,0,0,161,57,0,27,0,0,0,13,21,0,0,0,0,2,3,0,10,0,0,93,89,1,0,0,16,0,7,0,0,137,0,1,0,139,1,0,0,0,14,0,0,8,0,0,2,0,0,2,1,13,0,2,0,0,0,12,36,0,20,0,2,0,2,80,0,74,0,18,0,139,195,17,155,0,0,318,0,0,23,0,0,0,10,0,0,0,4,0,0,0,0,0,0,5,0,0,12,8,2,0,41,6,4,0,0,7,0,0,0,25,94,6,4,68,166,3,7,0,0,0,2,1910,0,0,460,0,0,0,0,2,0,114,0,0,0,0,3,0,11,0,0,44,0
"Subject_696",0,0,0,0,0,0,2,0,0,0,0,0,0,115,96,0,0,2,0,0,91,14,0,0,0,3,0,0,88,0,0,0,7,12,6,0,0,0,0,0,0,0,0,61,0,0,0,0,0,0,0,0,0,0,0,0,0,13,0,0,0,0,0,2,24,0,2,0,0,173,14,0,0,0,0,0,0,0,0,1,0,0,0,0,2,2,0,0,0,138,0,6,0,0,0,0,0,0,0,0,35,0,0,0,0,0,413,65,0,451,0,0,272,135,0,18,5,0,20,16,24,0,0,11,28,0,0,0,0,0,0,67,21,0,0,30,28,0,0,0,0,0,0,0,0,0,0,0,0,3,1,0,0,0,1,0,0,0,18,11,0,19,0,0,0,76,0,0,0,37,0,0,0,0,0,0,0,0,5,0,0,0,0,0,0,0,0,0,0,0,0,2,0,35,0,0,0,7,0,0,0,9,0,7,0,0,0,15,0,0,0,0,22,0,0,0,0,5,0,0,0,0,0,0,0,0,0,0,25,0,44,0,0,3234,166,0,40,0,0,2,0,0,89,0,0,0,0,0,0,0,15,0,2,0,0,6,0,0,0,0,0,0,0,0,0,0,0,0,5,863,0,0,524,0,0,0,0,0,0,1777,0,0,22,0,0,0,0,0,12,0,0,0,0,0,345,0,7,9,0,22,0
"Subject_697",0,0,0,0,0,0,0,0,0,0,0,0,0,0,143,0,0,2,0,0,0,4,0,4,0,0,0,0,8,0,49,0,0,34,0,0,0,0,0,0,0,0,0,0,0,0,0,0,0,0,0,0,0,0,0,0,0,0,0,17,0,0,0,0,0,0,0,0,0,0,0,0,0,0,0,6,0,0,0,2,0,0,0,0,0,0,0,0,0,32,0,4,0,0,19,0,0,0,11,0,0,147,0,0,0,0,0,111,0,20,0,0,1,0,0,0,0,726,0,0,0,0,80,0,527,0,0,0,0,0,0,0,0,0,0,0,0,0,0,0,0,0,1,0,0,0,3,0,0,0,0,0,0,13,0,0,0,0,15,0,0,0,0,358,0,0,0,0,0,0,0,118,19,0,0,0,0,0,8,0,0,0,0,0,0,0,0,0,0,5,0,0,0,6,0,0,0,0,0,0,0,0,0,1,858,12,0,0,0,1,0,0,8,0,7,0,60,0,1,0,168,0,0,40,0,0,0,0,109,0,0,0,0,769,0,0,0,124,0,0,0,0,0,0,7,712,0,19,0,0,0,0,0,0,2,2,0,0,0,0,0,0,0,0,0,0,2,0,20,0,0,0,973,0,2,0,0,0,0,3408,0,0,167,0,0,0,0,0,0,0,0,0,0,0,20,0,12,0,0,0,0
"Subject_698",2,0,0,119,0,0,3,26,1437,0,0,0,0,0,2,0,0,0,7,0,0,0,2,7,0,2132,0,18,30,0,0,0,0,250,0,0,0,367,0,0,0,221,0,27,0,96,0,0,0,0,0,0,0,0,0,0,0,0,0,0,0,3,8,0,0,0,110,0,0,0,0,0,0,0,0,0,0,0,0,0,0,0,0,0,0,0,0,0,0,0,0,7,44,0,0,14,0,0,0,4,30,1,0,0,0,0,85,652,0,0,0,0,0,52,66,0,4,0,479,3,3,0,0,16,19,0,0,0,0,0,0,20,0,0,0,104,3,0,0,0,11,0,0,0,0,919,0,0,35,8,69,0,3,27,0,0,0,0,2,86,0,0,0,0,0,0,33,3,0,0,15,0,0,0,73,0,0,0,130,0,0,0,0,0,0,0,0,0,0,0,0,0,3,13,0,0,0,0,0,0,0,0,0,0,0,0,0,34,0,0,0,0,3,0,0,0,73,0,0,0,0,31,0,0,0,0,0,0,10,0,0,0,0,589,0,0,61,0,0,0,27,0,17,0,0,0,0,0,0,0,0,0,0,0,0,0,9,0,0,31,0,0,0,0,0,0,0,0,0,24,0,0,82,0,0,0,0,0,0,124,0,0,0,0,0,0,0,0,3,0,0,0,0,0,0,0,2,0,4,970,0
"Subject_699",0,0,4,0,0,0,1,0,0,0,0,0,0,0,2,0,0,0,0,0,0,40,0,0,0,820,0,0,1,0,439,0,0,25,0,0,2,0,0,0,0,0,0,0,0,1588,0,3,0,0,0,0,0,0,225,0,0,0,0,0,0,0,0,0,0,0,486,0,0,0,0,0,0,75,0,0,0,0,0,0,0,0,0,0,0,0,192,0,0,17,0,2,2,0,0,0,293,0,0,0,8,0,0,0,0,51,0,127,0,0,0,0,0,245,9,1,0,0,565,0,0,0,0,2,6,0,0,0,0,52,148,0,0,0,0,1,2,0,0,0,28,0,0,0,0,4,0,0,0,0,38,50,0,0,0,0,0,0,0,27,0,19,0,0,0,17,0,0,0,0,0,0,0,0,0,0,0,0,251,0,0,0,0,0,0,0,0,0,0,0,0,0,0,0,306,0,0,0,7,0,0,0,0,810,0,0,8,27,0,0,4,0,0,0,14,0,0,325,116,0,0,0,0,0,0,0,0,0,0,0,165,0,0,4,0,0,45,0,0,0,31,0,0,0,0,0,1,0,0,0,0,6,0,0,0,0,205,0,30,27,0,0,0,0,0,0,0,0,0,14,0,0,9,0,2,0,0,0,0,1488,0,0,342,0,0,0,0,0,0,65,0,0,0,0,0,0,3,0,0,87,0
"Subject_700",0,5,2,0,0,0,0,1,0,0,1,1,0,0,43,0,2,0,0,3,17,3,1,0,0,2747,0,0,11,4,4,0,2,108,0,0,10,10,2,0,0,0,0,67,0,96,0,1,0,0,1,0,0,0,13,0,0,0,0,76,0,14,0,0,0,0,38,0,0,0,1,0,0,13,0,0,0,0,0,59,0,0,43,0,47,1,0,3,0,20,0,54,4,35,0,36,0,0,37,0,12,0,0,1,0,0,0,1546,0,0,0,27,0,78,0,0,0,0,21,2,0,0,0,7,14,0,0,0,2,0,32,95,0,0,0,2,8,0,0,0,0,0,0,0,0,860,0,0,0,0,2,3,0,0,0,5,0,0,2,42,0,13,0,0,0,30,0,0,0,0,0,0,2,0,0,0,0,2,10,0,1,0,4,2,0,0,0,1,23,0,0,17,6,76,0,1,0,1,0,0,0,0,0,2,0,36,2,51,0,0,0,0,0,9,3,0,69,5,0,8,5,0,0,1,0,0,19,4,5,9,110,0,0,455,0,0,9,0,5,4,23,31,0,0,0,0,0,0,0,0,143,0,2,1,1,7,0,0,1,5,0,0,1,3,0,0,2,0,0,417,5,2,0,3,0,0,0,2,1,1867,0,0,8,0,0,0,0,0,13,2,0,0,0,0,44,5,0,21,0,2,0
"Subject_701",0,0,0,0,0,0,2,26,0,0,0,0,0,0,207,0,0,0,0,0,0,2,0,10,0,241,0,0,0,0,217,0,0,52,0,0,0,0,0,0,2,331,0,8,0,2,0,0,0,0,0,0,0,0,4,0,0,0,0,17,0,20,0,0,2,0,58,0,0,0,12,0,0,11,0,0,0,0,0,24,0,6,0,0,0,0,105,0,0,48,0,0,0,0,0,0,0,0,20,0,0,0,0,0,0,0,0,2519,11,0,0,0,0,54,0,0,0,0,62,0,0,0,0,0,58,17,0,0,2,0,0,724,0,0,0,0,0,0,0,31,676,0,0,0,133,0,0,0,0,0,4,0,0,0,0,0,0,0,33,6,0,0,0,0,0,0,0,0,0,0,0,0,0,0,0,0,0,0,2,0,0,0,0,0,0,0,0,0,0,0,0,41,0,0,0,0,0,0,0,0,0,0,2953,0,0,29,0,0,0,0,0,0,7,0,2,0,4,0,0,2,0,66,0,0,0,3,0,0,4,0,7,0,0,7,0,0,0,0,0,5,0,0,0,0,0,31,0,0,0,0,2,0,0,0,0,0,0,0,0,11,3,0,0,2,0,0,0,0,0,728,0,0,238,0,0,0,0,0,0,7,0,0,9,0,0,0,0,10,34,4,0,0,0,0,18,0,0,15,0,2,0
"Subject_702",195,0,0,0,0,0,0,0,0,0,0,0,0,0,9,0,2,0,15,6,0,1,0,5,0,1095,0,129,15,62,0,0,0,35,0,0,0,0,0,40,0,199,0,0,0,0,0,0,3,0,0,0,55,0,0,0,0,0,0,22,0,0,0,1,0,0,0,0,0,0,0,0,0,0,0,0,16,0,0,212,0,0,0,0,0,205,6,0,0,0,0,3,6,0,0,0,0,0,0,0,25,18,0,0,0,0,0,939,0,0,0,0,0,166,0,0,0,0,0,5,0,0,0,29,22,0,0,0,0,0,0,2372,0,19,0,41,4,11,0,0,17,0,0,0,0,14,0,0,0,0,0,0,0,184,1,0,0,0,0,0,0,192,0,0,0,0,0,0,0,0,0,0,2,0,0,0,0,0,0,0,0,0,0,0,0,0,0,0,0,0,0,0,2,8,0,0,0,0,0,0,0,12,0,0,0,48,0,85,0,2,4,0,0,0,0,0,0,0,4,0,0,0,0,0,0,0,0,0,0,0,0,0,0,135,0,0,0,36,0,289,0,0,0,0,8,0,0,0,0,0,0,0,0,1,0,8,37,0,0,0,0,0,0,4,0,0,0,0,0,200,0,0,758,0,30,0,0,0,0,1810,0,14,46,0,0,0,0,1,0,46,0,0,0,0,0,0,10,0,0,0,0
"Subject_703",0,0,0,0,0,0,24,0,0,0,0,0,3,258,108,0,0,0,11,0,99,0,0,0,0,3,0,13,31,0,0,0,0,23,0,53,0,15,0,12,3,79,0,32,0,4,0,0,0,1,0,0,0,0,0,0,0,0,0,0,0,20,0,0,50,9,64,18,0,0,0,0,0,0,0,1,0,0,0,95,0,0,0,0,0,2,0,2,0,73,0,0,624,0,0,0,0,0,10,3,66,35,0,0,6,0,0,1521,18,6,0,0,0,33,7,0,5,0,102,0,0,0,0,21,0,0,0,0,0,0,41,281,0,0,0,0,845,0,0,0,0,0,0,0,0,0,0,0,19,0,7,15,0,0,0,0,0,0,11,20,0,0,0,2,0,42,0,0,0,0,11,0,5,0,0,0,0,40,15,0,16,0,0,0,0,0,0,0,0,0,0,5,0,44,0,0,0,0,0,0,0,0,0,0,0,84,0,88,0,0,0,0,2,0,0,0,120,0,0,6,0,34,0,0,0,0,0,0,32,0,169,0,0,990,234,0,0,0,0,0,0,0,0,0,0,0,0,0,0,0,19,0,0,0,0,0,6,0,0,2,0,0,0,9,0,0,0,0,8,757,0,13,126,0,0,0,0,0,3,2094,0,0,10,0,0,22,0,4,1,56,0,0,1,0,111,0,0,0,0,14,0
"Subject_704",0,0,3,0,0,0,0,0,0,0,0,0,2,0,54,0,99,0,13,0,0,36,0,0,0,3917,0,57,71,0,0,0,0,66,0,0,0,302,0,0,0,0,0,0,0,278,0,1,0,0,2,0,8,0,1,0,0,0,0,314,0,38,0,0,0,1,46,0,8,55,31,0,0,0,37,0,3,0,0,98,0,0,0,0,109,1,0,0,0,55,649,15,0,0,0,0,0,0,0,0,0,1,0,1,0,0,0,340,53,0,0,0,0,148,7,0,0,0,17,0,14,0,0,5,10,0,0,0,0,1,0,356,0,0,0,19,0,0,0,29,38,8,0,0,0,0,25,0,17,52,5,10,0,0,5,0,0,0,0,9,0,21,0,0,0,33,0,0,3,10,4,0,2,0,0,0,0,21,59,0,2,0,3,0,2,0,0,0,0,0,3,192,242,8,0,0,0,2,0,0,0,0,0,2,0,67,0,54,0,0,0,0,20,0,8,0,25,4,0,3,0,0,0,4,0,3,0,0,2,0,19,0,0,80,14,0,5,0,0,2,0,48,0,0,16,0,0,0,0,1,20,8,0,0,2,2,17,0,6,66,9,0,0,6,2,0,0,0,0,19,0,0,1,5,0,0,8,2,3,1124,0,0,14,0,0,0,0,0,25,0,39,0,0,0,0,0,22,0,0,74,0
"Subject_705",0,0,0,0,0,0,0,0,0,0,0,0,2,0,15,0,0,0,0,0,0,0,0,2,0,67,0,12,3,7,0,0,0,0,0,0,10,0,0,6,0,73,0,0,0,0,0,0,0,0,0,0,0,0,0,0,0,7,0,0,0,0,0,0,0,0,54,0,0,62,0,0,0,0,0,7,3,0,0,0,0,0,2,0,0,3,1,0,0,0,0,1,12,0,0,0,14,0,0,0,0,2,0,0,0,0,0,3513,0,39,0,0,0,91,0,39,2,0,6,2,0,0,0,4,0,0,0,0,0,0,0,869,0,23,2,0,14,0,0,0,6,0,0,0,0,5,0,0,13,60,0,0,0,11,1,0,0,0,0,0,0,70,0,0,0,24,0,0,0,6,0,0,2,0,0,0,0,0,0,0,0,0,0,0,0,0,0,0,0,0,0,12,1,21,0,1,0,0,0,0,0,0,0,0,0,1,0,20,1,2,2,0,0,0,0,0,0,0,139,0,0,33,0,0,4,0,0,0,0,0,0,0,0,28,27,0,12,0,0,0,0,0,0,0,3,0,0,0,0,0,0,0,0,0,0,1,4,0,0,0,0,0,0,0,2,0,0,0,136,4,0,0,596,0,0,0,0,0,0,2966,0,19,40,0,729,1,0,0,0,0,0,0,0,0,20,0,6,0,0,2,0
"Subject_706",0,0,0,0,0,0,0,0,0,0,0,0,0,0,1,0,2,0,0,0,38,69,0,1,0,142,2,0,2,0,493,0,0,139,0,0,0,0,0,0,0,0,0,0,0,0,0,9,0,1,0,0,0,0,0,0,0,1,0,288,0,30,0,0,0,0,75,0,0,0,588,0,0,98,0,0,0,0,0,236,0,0,259,0,405,0,0,0,0,19,0,9,9,0,0,5,0,0,0,0,0,0,0,0,8,127,0,167,0,46,0,0,0,126,16,3,0,19,107,0,0,0,0,21,220,25,0,0,0,0,0,22,0,0,0,31,0,0,0,0,3,0,0,0,0,0,0,0,0,0,11,0,0,112,0,0,0,0,0,0,0,41,0,0,0,16,0,0,0,0,6,0,0,1,0,0,0,0,237,0,0,0,0,0,17,0,0,0,0,0,3,97,0,3,0,0,0,0,15,0,0,0,0,1291,0,1,0,26,1,2,0,0,0,0,44,0,41,0,501,21,162,16,0,0,0,0,0,0,248,0,568,0,0,27,0,0,20,0,0,0,48,33,0,0,13,9,0,1,0,0,45,0,0,0,90,2,3,0,7,0,3,0,0,0,0,0,0,0,0,6,0,64,89,0,0,0,0,0,0,1283,0,0,590,0,0,0,0,0,51,0,0,0,0,0,218,0,1,0,0,57,0
"Subject_707",0,0,0,0,0,0,48,0,0,0,0,0,0,0,0,0,0,0,0,0,0,27,0,0,0,3114,0,0,3,0,0,0,0,0,0,0,4,0,0,0,0,0,0,14,0,168,0,0,0,0,0,0,0,0,0,0,0,0,0,7,0,0,0,0,0,0,0,0,0,0,0,0,2,11,0,0,0,0,0,2,0,0,0,0,0,2,0,0,0,0,0,6,0,0,0,0,0,0,7,0,0,12,2,0,0,51,0,1806,0,0,0,0,0,39,0,0,0,0,14,0,0,0,0,0,98,0,0,0,0,0,2,0,0,0,0,0,0,3,0,0,0,0,0,0,0,0,0,2,0,0,2,0,0,0,2,0,0,0,0,38,0,0,0,0,0,28,0,0,0,0,0,0,0,0,0,0,0,0,8,0,0,0,0,0,2,0,0,0,0,0,0,44,2,0,0,0,0,0,0,0,0,0,0,0,0,2,0,0,0,0,0,0,0,0,15,0,20,0,0,0,0,0,0,0,0,0,0,0,0,0,0,0,0,138,0,0,0,0,0,0,0,6,0,0,0,0,0,0,0,0,0,0,0,0,0,2,0,0,2,24,0,0,0,2,0,0,0,4,0,0,0,0,0,0,0,0,729,0,0,3378,0,0,43,0,0,0,0,0,0,0,0,0,0,0,23,2,4,0,0,43,0
"Subject_708",6,0,0,0,0,0,2,0,81,0,3,0,4,0,11,0,0,0,13,4,0,23,0,0,4,82,0,0,84,19,1,0,0,79,0,0,7,86,2,16,2,97,0,0,0,12,118,2,0,0,0,0,10,0,2,2,0,0,0,0,0,0,0,0,0,0,4,0,0,0,6,2,0,159,0,0,4,0,0,32,0,2,8,0,53,3,115,15,0,127,0,5,0,30,0,0,0,0,61,0,0,0,0,6,2,0,47,150,0,6,0,0,0,0,0,0,0,0,178,29,0,0,0,20,167,0,1,0,0,0,0,692,0,12,0,0,17,0,0,21,1,0,0,0,0,0,2,2,22,0,10,0,0,0,0,0,0,0,14,5,0,0,0,310,0,0,0,34,0,0,2,0,0,2,0,0,0,9,45,2,0,0,0,0,2,0,0,0,50,0,0,59,7,0,0,0,0,2,0,0,0,0,0,1,0,4,2,0,0,0,0,0,0,10,4,0,27,17,120,8,19,0,0,0,0,0,0,0,99,2,376,0,0,849,0,0,8,0,0,18,0,0,0,0,0,0,0,2,0,4,256,2,4,28,2,3,4,4,2,3,4,0,0,3,0,1,0,0,5,154,0,9,2005,0,0,0,0,10,2,2409,0,0,27,0,0,0,0,0,47,8,0,0,0,0,55,0,16,44,0,13,0
"Subject_709",0,11,2,0,0,0,0,0,0,0,0,0,0,0,0,0,5,0,0,7,0,24,0,6,0,2504,0,0,0,2,436,0,0,0,0,0,7,0,0,0,0,0,0,0,0,0,0,18,0,2,0,0,0,1,44,9,0,0,2,252,0,0,0,2,0,0,344,0,0,0,0,0,0,6,0,0,0,0,2,653,0,30,469,0,0,4,0,0,0,0,0,0,0,0,0,0,2,0,0,0,0,0,0,0,0,0,0,437,0,338,0,0,0,0,0,0,0,0,0,0,0,0,0,0,18,15,1,0,5,0,0,601,0,7,0,0,0,0,0,0,8,0,0,2,0,0,102,0,2,0,4,0,0,38,0,0,0,0,0,7,0,45,0,590,0,0,0,0,0,0,28,0,0,0,0,0,2,48,0,3,0,0,0,2,22,0,0,132,0,0,4,47,0,0,0,0,0,0,11,159,0,0,1,244,0,46,32,0,0,0,1,0,0,0,59,0,0,111,79,0,0,0,0,0,0,0,0,0,2,0,0,0,0,43,0,0,69,0,0,3,0,0,0,0,5,68,2,0,0,0,0,0,0,0,30,5,16,0,0,0,0,0,0,35,0,0,0,0,0,0,0,0,0,2,0,0,0,0,0,1171,2,0,183,0,0,0,0,0,207,64,0,0,0,0,5,0,2,0,0,0,0
"Subject_710",0,0,0,85,0,0,0,0,0,0,0,0,0,0,0,0,3,0,0,0,0,0,0,85,0,3797,0,0,151,0,137,0,0,26,8,0,0,55,0,0,0,0,0,0,0,1046,0,0,0,0,0,13,0,0,0,0,0,0,0,12,0,0,0,0,0,0,93,0,0,20,32,0,0,0,0,0,0,0,0,0,0,0,2,0,0,2,155,0,0,0,0,1161,0,0,0,0,0,0,0,92,0,155,0,0,19,10,0,1,0,0,0,0,0,0,0,0,0,0,18,0,0,0,0,0,0,0,122,0,0,0,49,0,0,0,0,0,47,0,0,0,35,0,0,0,0,0,12,0,0,0,3,0,0,5,0,0,0,0,0,168,0,0,0,0,0,0,0,0,0,0,7,0,0,0,0,0,0,0,10,0,0,0,0,0,0,0,0,0,0,3,2,0,0,27,0,0,0,0,0,0,0,0,0,0,0,98,2,0,0,23,0,0,0,0,0,0,36,4,0,0,0,0,13,0,8,0,0,0,0,4,0,3,0,977,0,0,8,0,3,1,0,0,1,0,7,0,0,0,0,0,0,4,0,0,0,188,3,0,0,142,0,0,0,2,0,0,0,0,0,43,0,0,70,0,0,0,0,0,0,5,0,0,554,0,0,0,0,0,3,0,0,0,0,0,0,0,9,0,0,124,0
"Subject_711",2,5,0,0,0,0,2,0,0,0,0,0,0,0,0,0,0,0,0,0,0,0,0,0,0,353,0,0,3,5,0,0,0,0,0,0,18,582,1,0,0,0,422,0,0,519,0,0,0,0,0,2,0,0,72,0,0,0,0,0,0,0,0,0,0,0,117,0,0,0,0,0,0,0,0,0,0,0,0,240,0,0,82,0,0,0,0,0,0,0,0,0,8,0,0,0,0,1,0,0,0,0,0,0,28,0,0,90,137,71,0,0,0,151,0,0,0,0,0,0,0,0,6,10,63,0,0,0,0,0,167,0,0,0,0,0,3,0,0,0,0,9,0,0,0,0,0,0,0,0,0,0,0,0,0,0,0,0,0,0,0,0,0,0,0,0,0,0,0,0,4,0,0,0,0,0,0,0,312,0,0,0,0,0,0,0,0,0,0,0,0,53,0,0,0,0,0,0,0,0,0,0,0,0,0,0,0,0,2,1,0,0,0,0,0,0,60,0,232,0,0,69,0,0,0,0,0,0,0,0,0,0,0,0,0,0,0,0,0,0,0,0,0,0,0,0,0,0,0,0,0,0,0,0,0,0,0,0,0,0,0,0,0,3,0,0,0,0,0,1020,0,176,71,0,1,0,0,0,0,4115,0,11,531,0,0,0,0,0,0,0,0,0,0,0,0,0,1,0,2,170,0
"Subject_712",0,2,0,2,0,0,0,0,0,0,0,0,0,244,0,0,0,0,0,0,0,0,0,3,0,3620,0,0,0,14,408,0,0,12,0,0,18,69,0,0,0,0,0,0,0,0,0,0,0,0,4,0,0,0,2,0,0,0,0,21,0,0,0,0,0,0,26,0,0,0,0,0,0,0,0,0,0,0,0,149,0,0,2,0,0,0,0,0,0,43,8,0,0,0,0,5,0,0,0,0,0,0,0,0,0,0,0,793,0,0,0,0,0,0,0,0,0,0,0,12,0,0,0,0,0,0,41,0,0,0,0,215,0,0,0,0,0,0,0,0,0,0,0,0,0,0,0,0,0,0,0,0,4,0,0,0,0,0,10,67,0,0,0,0,0,0,0,0,0,0,3,0,0,0,0,5,0,0,341,0,0,0,0,3,0,0,0,0,0,0,0,0,0,0,0,0,0,0,0,0,0,0,1,17,0,0,0,0,0,0,0,0,0,0,0,0,360,0,0,0,0,0,0,0,0,0,0,0,75,8,0,0,0,67,0,0,0,0,6,0,0,0,0,0,0,2,0,0,0,0,0,0,0,0,0,0,22,0,0,0,0,0,0,0,1,0,0,57,0,725,0,0,0,0,6,2,0,0,19,2343,0,0,76,0,0,17,0,0,54,0,0,0,0,0,0,2,0,0,0,0,0
"Subject_713",0,2,0,0,0,0,0,0,0,0,8,0,0,0,0,0,0,0,0,0,0,146,0,3,0,0,0,0,3,9,587,0,0,0,0,0,5,417,0,0,0,0,0,0,0,222,0,0,0,0,2,0,0,0,0,0,0,0,0,0,5,0,0,0,0,0,0,0,0,0,0,0,0,0,0,0,0,0,0,219,0,0,42,0,0,2,206,0,0,0,0,0,2,0,0,0,0,0,0,0,0,2,0,0,0,0,0,2866,0,0,0,0,0,0,0,0,0,0,105,2,0,0,0,0,117,0,0,0,0,0,0,0,0,0,0,0,107,0,0,0,0,0,0,3,0,0,0,0,0,0,16,0,0,0,0,0,0,0,0,0,2,0,0,0,0,28,0,0,0,0,9,0,5,0,0,0,0,0,0,3,0,0,0,0,0,0,4,0,0,0,0,147,2,0,0,0,0,0,0,0,0,0,0,77,0,30,0,0,2,0,46,0,0,0,25,2,0,0,117,0,45,0,0,0,0,0,0,0,0,0,0,0,0,0,0,0,0,0,0,1,0,0,0,0,3,0,2,0,0,0,0,0,0,0,0,2,0,0,0,0,0,0,0,4,1,0,0,0,0,0,0,0,0,0,0,0,0,0,0,3933,0,0,204,0,0,0,0,0,0,0,0,0,0,0,0,0,18,0,0,198,0
"Subject_714",0,0,0,0,0,0,0,0,0,0,0,0,0,0,0,0,0,0,0,0,0,0,0,6,0,686,0,0,49,3,0,0,0,0,0,0,0,2,0,0,0,0,0,0,0,0,0,0,0,0,0,0,0,0,0,0,0,0,0,0,0,0,0,0,0,0,0,0,0,0,0,0,0,0,0,0,0,0,2,0,0,0,26,0,0,8,0,0,0,0,0,19,53,0,0,33,0,0,2,0,0,0,0,0,0,10,0,4167,0,0,0,0,2,21,0,0,0,0,0,6,0,0,0,119,129,0,0,0,0,0,3,0,0,0,0,0,0,0,0,0,28,0,0,0,0,0,0,2,0,0,14,0,0,135,0,0,62,0,0,0,0,0,0,0,0,0,0,0,0,0,0,0,0,0,0,0,0,1,0,0,0,0,0,0,0,0,0,0,0,0,0,23,0,64,0,0,0,0,0,0,0,0,0,0,0,0,0,0,2,0,0,0,0,0,0,0,0,0,0,0,0,107,0,0,0,0,0,0,0,0,0,0,0,0,0,0,0,0,0,0,0,0,0,0,104,0,0,0,0,0,0,0,0,0,10,46,0,0,0,2,0,0,0,0,0,0,0,0,0,0,0,0,1060,0,0,0,0,0,0,2613,0,0,59,0,0,14,0,0,0,0,0,0,0,0,49,0,166,0,0,0,96
"Subject_715",0,0,0,0,0,0,4,0,0,0,0,0,9,0,11,0,0,0,0,0,0,20,0,450,0,2060,0,0,241,0,0,0,0,0,7,0,13,0,0,0,4,147,0,0,0,0,0,0,0,3,0,0,18,0,0,0,0,0,0,276,0,0,13,0,0,0,80,85,0,0,0,0,0,0,0,220,6,0,0,375,0,0,0,0,0,95,151,0,0,42,0,24,86,0,17,18,0,0,0,0,0,5,0,0,0,0,0,227,12,0,0,0,0,0,0,89,0,0,0,0,0,0,0,14,51,3,0,0,0,0,0,0,0,125,25,0,13,0,0,47,5,0,28,0,0,0,34,0,56,0,6,7,0,0,0,0,0,0,171,0,0,0,0,0,0,0,0,1,0,0,0,2,1,0,0,0,0,0,0,0,8,0,0,0,0,0,0,0,0,0,0,92,11,46,0,0,0,0,0,0,0,0,0,139,3,500,0,0,2,10,0,0,0,0,4,0,0,0,534,0,0,0,0,0,0,0,0,0,9,0,125,0,0,1272,0,0,0,0,0,206,0,0,0,3,326,0,0,28,0,0,21,0,0,0,0,416,7,0,0,0,8,0,0,0,0,0,0,0,0,11,0,0,76,0,167,0,0,0,0,428,0,0,0,0,0,0,0,2,0,2,0,0,0,0,29,0,54,0,0,63,0
"Subject_716",0,0,0,0,0,0,87,65,0,0,0,0,0,92,38,0,52,0,0,0,0,0,0,4,0,1196,0,0,91,0,115,0,0,44,0,0,0,2,0,0,0,0,0,0,0,153,0,0,0,2,5,0,0,0,0,0,0,2,0,80,0,72,0,0,0,0,18,0,0,91,183,0,0,0,0,0,0,0,0,11,0,0,21,0,0,35,0,0,0,125,0,98,2,0,0,0,0,0,36,0,0,0,0,0,6,0,0,1,0,0,2,0,0,288,0,0,8,0,62,0,0,0,3,34,112,0,0,0,0,0,12,2,0,0,0,0,22,0,0,0,0,0,0,0,0,0,15,0,0,0,5,14,0,27,0,0,0,0,0,0,0,0,0,0,0,27,7,0,0,6,8,0,137,0,0,0,0,374,37,0,0,0,0,0,0,0,0,0,0,0,0,188,0,0,50,2,0,0,0,0,0,0,0,0,0,20,0,0,3,0,0,0,0,15,0,0,44,0,0,20,0,118,0,0,0,0,0,0,135,0,662,0,0,1595,0,0,58,0,0,105,0,0,0,0,0,27,2,0,0,0,371,2,4,2,0,139,4,0,3,0,3,0,0,3,0,0,0,93,6,97,23,0,719,0,22,0,7,0,0,1102,0,0,148,0,0,0,0,6,14,63,0,0,0,0,87,0,0,0,2,110,0
"Subject_717",0,0,0,0,0,0,0,0,0,0,0,0,0,0,6,0,0,0,0,0,0,0,0,0,0,984,0,18,0,0,0,0,0,0,0,0,0,365,0,0,0,53,0,0,0,0,0,0,8,0,0,0,0,0,0,0,0,0,0,663,0,0,0,0,198,3,273,0,0,214,0,0,0,0,0,0,0,0,0,694,0,0,0,0,0,2,0,0,0,27,0,0,0,0,0,0,0,0,0,24,0,11,0,0,0,0,0,1152,6,0,0,0,0,77,0,0,0,0,8,0,0,0,0,13,10,0,0,0,0,0,0,419,0,0,0,0,0,0,0,0,2,0,0,0,201,0,0,0,0,0,6,0,0,0,0,0,0,0,0,0,0,0,0,0,0,0,0,0,0,0,0,23,0,0,0,0,0,0,202,0,0,0,0,0,0,0,2,0,0,0,0,0,2,60,0,0,0,0,0,0,2,0,0,0,0,17,0,0,0,6,0,0,18,0,0,0,0,0,49,0,0,0,0,0,0,4,0,0,0,0,0,0,0,77,0,0,0,3,0,0,0,0,0,0,0,0,0,0,0,0,0,0,0,0,0,0,0,0,0,0,0,0,0,0,0,0,0,0,0,711,0,0,54,0,0,0,0,0,0,3314,0,0,0,0,0,0,0,0,0,0,0,0,0,0,0,0,0,0,0,15,0
"Subject_718",7,0,0,0,0,0,2,7,0,0,0,0,0,0,1,0,2,0,0,1,0,134,0,1,0,1379,0,4,2,1,229,0,0,36,0,0,66,52,0,5,0,39,0,0,0,0,0,1,0,5,1,0,0,0,3,0,0,0,0,48,0,0,79,41,0,0,0,7,0,83,9,0,0,0,0,0,2,0,19,31,0,0,15,0,0,4,0,0,0,29,0,1,4,0,0,1,0,0,0,0,11,17,0,0,0,0,0,1936,3,15,0,0,0,49,0,25,0,12,4,6,0,0,2,4,72,0,0,0,0,0,0,23,2,11,74,1,2,0,0,0,2,0,12,0,0,54,20,0,21,11,5,0,0,9,0,0,30,0,0,0,0,16,0,0,31,12,0,3,0,0,14,1,2,1,27,0,0,0,190,0,0,0,0,0,13,0,0,0,0,0,0,22,1,31,0,0,0,0,6,0,0,0,0,2,475,24,0,34,2,2,7,0,0,12,11,1,159,0,10,0,2,26,0,0,0,0,0,0,8,4,0,0,0,1255,0,0,4,5,3,0,17,0,0,0,5,31,0,0,0,0,0,0,10,0,1,54,0,0,6,0,0,0,0,2,0,0,0,0,6,4,0,37,224,0,0,0,0,0,14,2110,0,0,170,0,0,0,0,0,0,31,0,0,0,0,16,0,11,0,0,58,0
"Subject_719",1,0,0,0,0,0,3,20,0,0,0,0,0,398,24,0,0,0,0,0,0,0,0,3,0,416,0,9,60,0,0,0,0,162,49,0,45,177,0,0,0,50,0,44,0,1161,0,0,0,0,0,0,0,0,0,0,0,0,0,174,0,24,0,0,0,3,41,0,0,180,9,0,0,7,0,31,0,0,0,77,0,0,103,0,187,0,0,0,0,132,0,0,3,0,0,0,0,0,0,0,13,1,0,0,0,0,112,9,88,0,0,0,0,463,0,0,0,0,13,11,1,0,0,0,56,0,0,0,0,0,0,128,0,0,1,0,2,0,0,0,0,0,0,0,0,379,0,0,0,0,6,0,0,1,0,0,0,0,0,59,0,7,0,0,0,26,0,0,0,2,0,0,5,9,0,0,0,0,255,0,0,0,0,0,0,0,1,0,0,0,0,270,0,6,0,0,15,0,0,0,0,2,0,2,0,0,0,0,0,12,0,0,0,0,19,0,291,4,0,5,0,35,0,2,0,0,0,0,0,4,0,0,0,1769,0,0,0,0,3,0,27,0,0,0,0,0,0,5,0,0,51,0,0,1,0,0,0,0,0,13,0,0,0,0,2,0,0,0,0,26,0,0,174,0,0,0,0,0,0,1412,0,0,517,0,0,0,0,0,0,0,0,0,0,0,0,0,0,0,0,93,0
"Subject_720",2,0,0,2,0,0,15,17,0,0,0,0,0,0,384,0,0,0,38,0,0,54,0,33,0,1092,0,0,276,86,137,0,0,55,0,0,25,0,0,0,1,87,0,0,0,415,0,0,0,1,0,0,8,0,145,0,0,0,0,13,0,0,5,0,0,0,111,0,0,133,36,0,0,0,0,0,4,0,0,45,0,0,0,0,194,0,1,0,4,31,0,8,30,0,0,1,0,0,109,0,44,14,0,0,0,0,0,168,24,0,0,0,0,82,16,1,0,0,0,0,0,44,0,22,0,7,0,0,0,0,0,753,0,0,0,0,1379,0,0,0,11,0,0,0,0,0,0,0,21,0,21,91,0,48,0,2,0,0,0,230,0,66,0,2,2,32,0,0,0,0,7,0,0,0,0,0,0,0,157,0,0,0,0,0,10,0,0,0,0,0,0,16,0,9,0,0,0,0,9,0,0,0,35,83,0,0,22,74,2,4,0,0,0,0,4,0,90,28,0,3,0,68,0,0,6,0,0,0,92,0,51,0,0,85,0,0,17,0,0,0,23,5,0,0,0,0,0,0,0,0,0,10,0,0,0,0,27,0,4,16,0,0,0,20,3,0,0,0,0,239,0,101,42,0,0,1,0,0,0,1320,0,0,481,0,0,0,0,0,0,0,0,0,0,0,34,0,14,0,0,106,0
"Subject_721",18,0,0,0,0,0,2,0,0,0,0,0,0,0,20,0,2,0,0,0,0,6,0,2,0,3010,0,1,61,12,0,0,0,107,0,0,6,0,0,0,0,0,603,0,0,1106,0,0,0,0,0,0,0,0,0,0,0,0,0,0,0,0,0,0,0,0,0,0,0,0,0,0,0,0,0,0,0,0,0,0,0,0,286,0,0,9,0,0,0,0,0,0,4,0,0,23,3,1,0,0,0,8,0,0,0,0,0,387,0,16,0,0,0,382,11,0,122,0,147,0,2,0,16,9,9,0,0,0,0,0,0,2,0,0,0,0,2,0,88,4,2,0,9,0,0,639,0,0,0,0,0,0,0,69,0,0,0,0,0,0,0,93,0,0,0,36,0,0,0,0,0,0,1254,0,0,0,0,0,0,0,0,0,0,0,0,0,0,0,0,0,0,29,5,0,0,0,0,0,0,0,0,0,0,0,0,0,0,60,0,2,0,0,0,0,0,0,0,0,2,0,0,0,0,0,0,0,0,0,0,0,0,0,0,0,94,0,0,0,0,0,23,3,0,0,0,0,0,0,0,0,0,0,0,0,0,0,0,0,0,0,0,0,0,0,0,0,0,0,0,621,0,0,62,2,0,0,0,0,0,281,0,28,168,0,0,14,0,6,0,0,0,0,0,0,0,0,2,0,0,18,0
"Subject_722",0,21,0,36,0,0,27,0,0,0,0,0,0,0,48,0,0,0,85,7,0,0,9,2,0,3440,0,0,6,11,0,0,0,42,6,0,0,0,0,24,3,157,0,19,0,294,0,0,0,17,7,0,0,0,7,0,0,3,5,26,0,0,0,0,0,0,28,0,0,0,24,0,0,0,0,0,0,0,0,24,0,0,0,0,0,57,0,0,0,18,0,17,9,0,0,0,0,0,37,0,0,46,0,0,0,0,0,251,23,0,2,0,0,103,0,0,235,0,49,0,0,0,0,22,88,0,2,0,4,0,0,0,118,31,0,0,1,0,0,19,0,10,0,0,0,0,0,0,21,7,20,2,0,0,0,0,0,0,0,100,0,0,0,2,0,0,0,0,0,0,0,0,25,0,0,0,0,48,3,0,0,0,0,3,0,0,0,0,0,0,0,128,2,0,0,3,0,0,0,0,0,0,0,0,0,0,0,0,4,1,0,0,0,0,0,0,0,0,57,0,0,0,0,0,0,0,0,2,0,0,69,0,0,685,0,0,0,0,0,0,0,0,0,0,0,0,2,0,0,0,0,0,0,0,0,124,11,0,0,0,0,0,0,0,8,0,0,0,0,45,0,0,487,0,3,0,0,0,19,2340,0,2,88,0,2,0,0,0,28,8,0,0,0,0,32,0,30,66,0,0,0
"Subject_723",0,1,0,0,0,0,0,32,0,2,3,0,0,0,4,0,0,3,1,0,134,148,0,0,0,272,0,0,40,0,0,0,20,23,0,0,26,321,0,0,2,0,0,207,0,793,0,2,0,0,2,0,1,0,0,2,0,0,0,361,0,7,0,3,0,0,217,0,9,0,0,0,0,211,0,0,0,0,0,336,0,19,23,4,0,1,2,1,0,91,0,19,3,0,0,2,1,0,0,0,20,0,0,16,0,0,0,13,0,344,0,2,0,584,10,1,0,2,141,0,0,0,0,26,25,0,0,0,9,0,26,19,0,0,3,29,12,0,0,2,2,0,2,2,0,0,60,0,0,0,11,45,0,10,0,0,0,0,26,12,0,29,0,0,0,13,2,2,0,0,0,0,2,0,0,0,3,67,447,2,0,0,0,0,11,0,0,0,2,0,0,256,1,15,0,1,0,3,0,0,171,0,0,1000,0,5,0,0,2,0,0,0,0,0,34,1,52,162,147,49,49,34,0,0,0,0,39,0,177,14,69,7,0,4,0,16,13,0,3,0,24,0,0,0,1,0,0,0,2,0,86,0,40,0,70,2,1,0,13,0,2,0,0,1,3,2,0,0,0,2,7,24,91,0,4,0,0,0,0,975,2,0,459,0,0,10,0,0,91,0,0,0,0,0,0,7,4,0,0,383,0
"Subject_724",0,0,0,0,0,0,2,0,0,0,0,0,0,0,16,0,0,0,0,0,0,0,2,6,0,0,0,0,21,335,0,799,0,53,0,0,0,21,0,0,0,0,0,0,0,601,0,0,0,3,0,0,0,0,0,0,2,0,0,0,0,4,0,0,0,0,32,23,0,0,0,0,0,0,0,552,0,0,0,0,0,0,0,0,42,0,0,0,0,228,0,2,2,0,0,0,0,0,0,0,0,0,0,0,4,0,0,0,183,0,2,556,0,424,0,0,0,0,151,2,0,0,8,8,251,0,0,0,2,0,0,0,0,0,0,0,21,0,5,0,0,0,0,0,0,0,0,0,0,0,0,0,0,0,0,0,0,0,0,0,0,0,0,0,2,0,0,4,0,0,0,1,1,0,0,0,0,274,75,0,0,0,47,0,0,0,0,0,0,0,0,75,3,0,0,0,0,0,0,0,0,0,0,0,0,0,0,0,3,16,0,0,0,0,0,0,0,0,350,16,35,0,0,0,0,0,0,0,105,0,85,0,0,0,0,0,0,0,0,0,0,0,0,0,0,0,0,0,0,0,13,0,0,0,0,35,0,0,0,0,0,0,0,0,618,0,0,0,0,0,0,0,3520,0,3,0,0,0,0,0,0,21,222,0,0,0,0,0,0,107,0,0,0,0,0,0,7,0,0,0,0
"Subject_725",0,0,0,2,2,1,0,18,0,1,0,0,0,0,8,0,0,0,0,24,28,19,2,21,0,561,0,0,10,133,699,0,0,0,0,0,0,5,0,2,0,7,0,68,0,133,0,0,0,0,0,0,0,0,4,0,0,0,0,12,2,0,1,0,0,0,85,0,0,97,6,0,0,0,4,0,0,0,0,12,0,0,17,0,0,0,1,0,0,0,0,3,3,58,0,0,9,0,53,0,10,44,0,0,0,15,0,691,0,21,0,12,0,61,9,2,0,0,55,0,6,0,0,6,0,0,0,0,0,0,2,20,0,0,0,1,0,5,0,0,48,0,5,1,0,26,0,0,0,77,0,2,0,87,0,14,21,0,0,21,0,56,0,675,0,25,0,0,0,0,15,2,2,0,0,0,0,73,71,0,0,0,0,0,3,0,0,0,2,2,0,20,0,0,0,2,0,0,42,0,0,0,0,2,1,14,0,51,0,3,0,0,0,0,0,0,119,12,0,0,56,20,10,0,0,0,2,0,0,0,12,0,0,48,93,0,18,0,0,2,32,0,0,0,17,0,0,0,0,12,109,7,0,0,2,7,81,0,2,22,3,0,0,3,2,0,0,193,0,64,2,5,666,0,0,0,0,0,1,3759,0,0,0,0,0,0,0,0,30,13,0,0,0,1,96,9,0,17,0,22,0
"Subject_726",7,3,0,0,0,0,0,0,0,0,0,0,0,0,1855,0,0,0,0,0,0,62,0,5,0,1042,0,0,125,134,181,0,0,72,0,0,0,0,2,0,0,86,0,0,0,0,0,2,0,0,34,5,13,0,0,0,0,0,0,0,0,0,0,0,0,0,37,0,0,0,8,0,0,0,0,0,3,0,0,4,0,0,185,0,0,15,2,0,0,0,0,42,0,0,0,0,0,0,0,0,33,0,0,0,28,0,0,347,0,10,0,0,0,0,17,0,0,0,46,3,0,0,0,15,0,0,48,0,0,0,0,0,0,32,0,71,461,0,0,0,8,0,0,0,0,0,0,0,0,0,0,0,0,26,0,0,0,0,7,15,2,42,0,0,0,0,7,0,17,187,0,0,0,0,0,0,2,278,81,0,0,45,0,54,0,0,0,0,0,0,0,0,0,0,0,0,0,1,0,0,0,0,0,2,0,20,1,231,0,0,0,0,0,0,0,0,62,7,163,0,346,0,0,182,0,0,0,0,68,0,0,0,0,79,0,0,11,0,0,36,26,0,349,0,9,139,0,0,0,0,0,0,0,0,0,0,32,0,0,0,0,0,0,0,2,0,2,0,20,1573,0,0,378,0,3,0,0,16,0,270,0,23,79,0,0,0,6,0,0,0,0,0,0,0,0,0,1,0,0,54,0
"Subject_727",14,0,0,0,0,0,3,0,0,0,0,0,0,0,20,0,29,0,0,0,0,60,0,0,0,3021,0,0,11,0,169,0,0,22,0,0,0,0,0,0,0,0,0,0,0,0,0,2,0,0,0,0,0,3,0,1,0,0,0,118,2,0,1,0,0,0,138,0,0,64,0,0,0,0,0,0,0,0,0,240,0,0,0,0,0,1,1329,0,0,0,0,1,43,0,0,0,0,0,26,0,18,10,0,0,0,14,0,1183,0,0,0,0,0,76,0,5,0,1,134,0,13,0,0,3,143,0,0,0,0,0,0,0,0,0,1,0,7,0,0,0,27,0,1,0,0,22,24,0,0,0,18,0,1,56,0,0,0,0,0,0,0,0,0,0,0,0,0,0,0,0,21,0,7,0,8,0,0,0,0,0,0,0,0,0,10,0,0,0,0,0,171,127,2,9,0,0,0,0,20,0,0,5,0,0,0,29,2,39,0,0,0,0,0,0,0,1,0,0,68,0,37,59,0,0,0,0,0,0,0,0,0,0,0,11,0,0,19,6,0,3,64,0,0,0,8,4,0,0,0,0,0,0,0,1,0,7,56,0,0,0,3,0,0,6,0,0,0,0,0,5,0,0,116,0,0,0,0,0,0,1559,0,0,180,0,0,0,0,0,97,0,0,0,0,55,2,0,8,0,0,99,0
"Subject_728",0,0,6,0,0,0,13,20,0,0,0,0,3,0,25,0,0,3,17,13,106,33,0,0,0,983,0,0,87,0,0,0,0,23,0,0,2,8,0,0,2,78,0,29,0,72,0,0,0,0,0,0,11,0,0,0,2,0,2,322,0,0,7,0,0,0,0,0,0,0,0,2,0,42,0,2,3,0,0,52,7,0,3,1,0,0,0,0,0,25,0,0,2808,0,47,21,0,0,0,0,10,3,0,19,0,0,0,67,42,21,0,12,0,377,0,0,0,2,68,3,0,0,0,0,10,0,0,0,2,0,4,318,0,0,35,0,2,0,0,22,0,0,0,2,0,0,10,0,11,4,16,0,2,0,0,0,0,0,3,136,0,0,0,0,0,0,0,0,0,0,0,0,1,0,0,0,0,0,0,0,0,0,0,0,5,0,0,0,4,0,0,61,0,0,0,0,0,3,0,0,0,0,0,4,0,6,0,0,0,0,0,0,0,0,1,0,66,0,0,0,0,34,0,0,0,0,72,0,67,0,142,0,0,0,0,0,8,0,0,0,0,0,0,0,0,0,0,0,0,0,0,0,0,0,0,0,0,0,2,0,0,0,0,2,12,0,0,40,0,16,0,0,590,4,0,0,0,0,0,2610,0,0,77,0,0,16,0,0,0,4,0,0,0,0,0,0,36,0,0,40,0
"Subject_729",58,0,0,0,0,0,0,0,0,0,0,0,0,0,0,0,0,0,2,0,0,32,0,0,0,1392,0,0,0,19,0,0,0,0,0,0,0,4,0,0,0,0,0,0,0,0,0,0,0,0,0,0,0,0,0,3,0,0,0,0,0,0,0,0,0,0,0,0,2,323,41,0,0,0,0,0,3,2,0,59,0,0,288,0,0,0,0,0,0,7,597,7,0,0,0,0,0,0,28,0,0,0,0,0,0,0,0,1567,0,60,0,0,4,21,23,0,0,0,0,0,0,0,0,34,0,0,0,0,0,0,0,53,0,0,0,0,0,0,0,0,0,0,0,0,0,0,0,0,0,0,0,0,0,12,2,0,0,0,0,0,0,0,0,890,0,0,0,0,0,0,0,0,0,0,0,0,0,0,0,0,0,0,0,0,0,0,0,0,0,0,5,0,2,0,0,0,0,0,0,0,0,0,2043,603,0,0,0,0,0,7,0,0,0,0,5,0,0,0,0,0,104,0,0,0,0,0,0,0,0,0,0,0,0,0,0,0,0,0,0,0,0,0,0,0,0,427,0,0,0,0,0,0,0,0,8,0,8,0,0,0,0,0,0,0,0,0,0,0,0,0,0,0,0,0,0,0,0,0,0,1213,0,0,27,0,0,0,0,0,0,0,0,0,0,0,0,0,16,0,0,0,0
"Subject_730",0,0,0,0,0,0,1,0,0,0,0,0,0,129,31,0,0,0,0,0,22,10,0,76,0,2308,0,0,18,0,40,0,0,27,0,0,0,149,0,0,0,0,0,60,0,46,0,4,0,0,0,0,0,0,0,0,0,1,0,6,0,119,1,0,0,7,1,29,0,41,21,0,0,0,908,0,0,0,0,12,0,0,1,0,21,0,0,0,0,30,734,13,3,0,0,0,2,0,27,0,31,0,0,0,2,0,0,117,0,0,0,0,0,75,0,0,0,0,42,0,0,0,0,4,44,0,26,0,20,0,3,27,0,0,0,2,1036,0,0,0,2,0,0,0,0,0,0,0,0,17,6,0,1,0,0,0,0,0,200,5,1,18,0,0,0,21,13,4,7,0,3,0,2,0,0,0,0,44,37,0,0,0,0,3,0,3,34,0,0,0,0,19,0,0,0,2,0,0,0,0,0,0,0,0,96,2,0,46,0,8,0,0,3,9,0,0,1,0,0,75,0,28,0,0,0,0,0,0,63,0,58,0,0,11,115,0,17,0,3,0,0,0,0,0,1,0,0,0,0,0,160,0,0,0,0,0,2,0,0,0,2,22,0,0,0,0,0,0,157,10,0,3,0,0,0,0,0,0,11,2158,0,0,63,0,0,0,0,4,15,6,0,0,0,0,25,0,0,0,0,56,0
"Subject_731",0,0,0,0,0,0,36,0,0,0,0,0,0,0,32,0,0,0,0,0,0,0,0,3,0,992,0,0,30,0,34,0,0,40,0,0,33,243,0,0,0,0,0,0,0,0,0,0,0,0,0,0,0,0,0,0,0,0,0,73,0,0,0,0,0,0,0,0,0,0,0,0,0,0,0,0,0,0,0,53,0,0,0,0,1413,3,0,0,0,0,0,32,0,0,0,0,59,0,42,0,35,17,0,0,0,0,0,40,0,0,0,0,0,284,0,0,0,0,135,0,0,0,0,0,37,0,0,0,0,0,0,0,0,0,0,0,46,0,0,0,85,0,0,0,0,1225,0,0,0,28,0,0,0,0,0,0,0,0,0,0,0,0,0,2792,0,40,0,0,0,0,0,0,0,0,0,0,0,0,76,0,0,0,0,0,0,0,7,0,0,31,0,0,0,0,0,0,0,0,0,0,0,0,0,0,212,20,0,0,0,0,316,0,25,0,0,0,64,0,115,0,164,0,0,0,0,0,0,0,131,12,0,0,0,129,227,0,13,0,0,0,0,0,0,0,0,3,1,0,0,0,0,0,50,0,0,124,0,0,0,0,1,0,0,0,0,0,0,0,47,40,0,0,94,0,0,0,0,0,6,3,0,0,112,0,0,0,0,0,67,0,0,0,0,3,0,0,7,0,0,17,0
"Subject_732",10,0,0,0,0,0,0,0,0,0,0,0,16,0,64,0,45,0,19,0,0,0,10,16,0,9,0,0,476,190,0,0,0,0,0,0,0,224,0,69,0,326,0,0,0,0,0,0,0,0,0,0,0,0,0,2,0,0,0,0,0,0,42,0,0,0,0,0,0,0,0,0,0,0,0,510,6,0,0,0,0,0,0,0,0,7,0,0,0,0,0,92,0,0,0,0,0,0,0,0,0,38,0,0,0,0,0,188,0,0,0,0,0,0,0,0,0,5,587,11,0,0,0,0,38,0,0,0,0,0,0,0,0,89,306,0,11,0,0,0,50,0,0,3,0,0,0,0,48,8,0,0,0,0,2,0,0,0,0,0,0,0,0,0,0,0,41,0,0,0,0,0,44,0,0,0,0,0,0,0,0,0,0,0,0,0,0,0,0,0,0,109,6,0,0,0,0,8,0,0,0,0,0,0,892,838,0,0,0,0,0,0,0,0,0,0,132,0,1008,0,0,0,0,0,0,0,0,0,0,0,0,0,0,0,0,0,0,0,0,0,0,0,0,0,0,0,0,0,0,0,0,0,0,0,0,319,30,0,0,0,0,0,0,0,0,0,0,0,44,2342,0,0,351,0,0,0,6,0,0,2,0,99,0,0,0,0,0,0,0,0,0,0,0,0,0,0,13,0,0,204,0
"Subject_733",0,0,0,0,0,0,0,63,0,0,0,0,9,284,26,0,8,0,5,4,42,36,0,0,0,787,0,0,19,0,61,0,2,225,0,0,5,210,0,0,0,198,0,21,0,280,0,0,0,0,0,0,0,0,24,0,0,0,0,57,0,10,5,0,183,0,28,0,0,127,0,1,0,15,0,0,0,0,0,20,0,0,0,0,76,6,2,0,0,79,0,7,0,0,0,0,0,0,42,0,22,0,0,0,0,0,0,88,0,0,0,0,0,191,22,6,0,1,354,0,0,0,0,13,120,0,0,0,0,0,48,232,0,0,0,0,2,0,0,21,5,0,0,0,0,0,17,0,45,0,51,16,0,62,1,0,0,0,0,24,0,0,0,384,0,0,0,0,0,0,0,0,0,0,0,0,0,2,47,6,10,0,0,0,29,0,0,0,0,0,0,294,1,20,0,0,0,1,0,0,0,0,0,0,0,299,0,0,0,5,0,0,0,0,4,0,17,15,109,0,38,66,0,0,0,0,0,0,2,1,176,0,0,59,0,0,37,0,0,48,20,0,0,0,11,0,0,0,0,0,41,0,5,0,4,6,17,0,9,105,6,0,0,3,0,0,0,0,0,5,0,0,766,0,0,0,0,0,4,2051,1,0,713,0,0,0,0,0,3,23,0,0,0,0,2,2,7,0,0,221,0
"Subject_734",0,0,0,0,0,0,0,0,117,0,0,0,0,0,33,0,0,0,0,0,0,15,4,0,0,16,0,0,0,0,0,0,8,0,0,0,0,536,0,0,0,0,0,59,0,43,0,0,0,0,0,0,0,0,0,0,0,0,0,0,0,139,0,0,0,0,44,0,2,0,0,0,0,0,0,0,0,0,0,17,0,0,0,0,0,42,0,0,0,27,0,0,0,0,0,0,0,0,10,0,0,8,0,0,0,0,0,5464,0,0,0,0,0,42,0,0,0,0,38,0,0,0,0,5,31,0,0,0,0,0,0,63,0,0,0,0,0,0,0,0,0,0,0,0,0,0,0,0,0,0,0,0,0,0,0,0,0,3,0,0,0,0,0,0,0,0,0,0,0,0,0,0,2,0,0,0,0,122,6,0,0,0,0,0,0,0,0,0,0,0,0,57,0,0,0,0,0,0,0,0,0,0,0,0,534,0,0,0,2,7,0,0,0,0,24,0,0,0,0,12,0,0,0,0,0,0,0,0,29,0,16,0,0,13,0,0,0,0,0,0,0,282,49,0,0,0,0,0,0,0,950,0,0,0,147,0,0,0,0,0,0,0,0,0,0,0,0,0,0,6,0,0,80,0,0,0,0,0,0,5,0,0,725,0,0,0,41,0,0,0,0,0,0,31,5,0,0,0,0,97,0
"Subject_735",0,0,14,0,0,0,0,0,0,4,0,0,0,0,0,0,0,0,0,0,0,0,0,26,0,0,0,0,107,100,11,0,0,0,0,0,11,0,0,0,0,0,0,0,0,0,0,0,0,0,6,0,0,0,0,4,0,0,0,444,4,0,0,15,0,0,0,0,0,0,0,0,8,8,0,1575,0,0,0,0,11,0,0,0,0,0,0,0,0,0,0,66,0,0,0,0,0,0,0,0,0,0,0,0,0,0,0,0,0,0,0,0,0,104,0,0,0,0,0,6,0,0,0,28,0,0,0,0,0,0,0,0,0,33,494,0,35,0,0,0,0,0,0,0,0,0,0,44,0,0,38,0,15,793,6,0,0,0,0,0,0,0,0,0,0,0,0,0,0,0,26,0,144,0,0,0,0,0,0,5,0,0,0,0,0,0,0,0,0,0,0,143,0,0,0,0,0,0,0,0,0,0,0,0,0,20,5,0,0,18,0,0,0,0,6,0,246,0,10,0,0,314,0,0,0,0,0,7,0,0,0,0,0,0,0,0,0,401,0,0,0,0,0,0,0,245,0,0,0,0,0,0,11,0,0,0,0,4,0,0,0,0,0,15,104,0,0,0,0,0,0,0,3213,0,152,0,236,0,0,0,0,0,0,0,0,0,0,0,0,0,0,0,0,0,0,0,164,0,0,498,0
"Subject_736",0,0,0,0,0,0,14,23,0,0,0,0,7,237,17,0,0,0,0,0,102,4,0,7,0,1655,0,56,15,1,0,0,0,29,0,0,0,51,0,0,0,214,0,247,0,0,0,0,0,0,0,0,16,0,28,0,0,0,0,30,0,140,0,0,0,60,286,0,0,0,24,0,0,155,0,0,8,7,0,0,0,0,0,0,824,2,0,0,0,14,31,0,15,0,0,0,0,0,0,0,22,0,0,0,0,0,0,126,0,0,0,0,12,113,0,0,0,0,15,25,0,0,0,59,6,0,0,0,0,0,0,289,0,0,0,4,26,0,0,0,14,0,0,0,0,0,0,0,12,76,2,0,0,58,0,0,0,0,0,19,0,51,0,0,0,0,0,0,0,1,3,0,2,0,0,0,0,13,108,0,0,0,0,2,0,0,0,0,0,0,0,32,0,27,0,0,0,0,0,0,0,0,0,4,0,0,0,67,0,0,2,0,0,0,0,0,100,3,0,8,16,63,0,0,0,11,0,0,147,0,0,0,0,14,0,0,9,0,0,3,17,0,152,0,4,0,0,0,0,0,136,0,0,0,1,1,4,0,0,0,0,0,0,2,2,0,4,0,14,366,0,0,82,2,0,0,0,0,3,2674,0,96,13,0,0,370,1,1,70,0,0,0,0,0,83,0,8,0,3,8,0
"Subject_737",0,2,3,4,0,0,0,13,0,0,0,0,0,0,160,0,0,0,0,26,30,48,0,0,16,2243,0,0,296,93,0,0,0,17,0,0,14,852,0,0,0,0,0,14,0,408,0,5,0,0,8,0,2,1,5,0,0,0,0,12,3,64,0,0,0,2,120,0,0,0,15,0,2,17,38,0,0,0,0,15,0,2,7,0,789,2,0,0,0,17,257,0,0,0,0,2,0,0,25,0,0,0,0,0,2,0,0,715,0,52,0,0,0,13,0,0,0,0,314,0,0,0,0,5,17,0,0,0,0,0,17,48,0,0,0,0,22,0,0,2,10,0,0,0,0,0,0,5,2,9,20,14,0,0,0,0,0,0,0,7,0,0,0,2,0,0,0,0,5,0,5,0,0,0,0,0,0,34,777,2,5,0,0,0,27,0,0,0,0,0,2,31,0,6,0,0,0,2,0,0,0,0,0,62,0,45,0,0,0,19,0,0,0,21,4,0,40,0,0,0,0,29,0,0,0,0,14,0,57,0,98,0,0,28,0,0,23,0,0,25,0,0,0,0,0,66,0,0,0,0,0,69,18,0,11,17,183,0,0,0,23,0,0,2,1,0,0,0,0,20,0,0,13,0,0,0,0,0,0,921,2,0,166,0,0,0,0,0,0,33,0,0,0,0,48,0,2,0,0,135,0
"Subject_738",0,0,0,0,0,0,4,0,0,0,0,0,0,0,305,0,0,0,0,0,0,0,0,0,0,4,0,0,0,0,0,0,0,106,0,0,0,0,0,0,0,0,0,0,9,658,0,0,0,0,0,0,0,0,0,0,0,0,0,0,0,0,0,0,0,0,0,0,0,0,0,0,0,0,0,0,0,0,0,0,0,0,0,0,0,16,0,0,0,0,0,0,0,0,0,0,0,0,0,0,0,0,0,0,0,0,0,1417,0,0,0,0,0,0,0,0,0,0,153,0,0,0,0,505,0,0,0,0,0,0,0,0,0,0,0,0,0,0,0,0,726,0,0,0,0,0,0,0,0,0,0,0,161,0,0,0,0,0,0,150,0,0,0,0,0,0,0,0,0,0,0,0,0,0,0,0,0,0,24,0,0,0,0,0,0,0,0,0,0,0,0,0,3,63,0,0,0,0,0,0,0,0,0,0,0,0,0,0,0,0,0,0,0,0,0,0,0,0,0,0,0,0,0,0,0,0,0,0,119,0,0,0,0,586,0,0,0,0,0,0,0,0,0,0,0,42,0,0,0,0,0,0,0,0,0,0,16,0,0,0,0,0,0,0,0,0,0,0,0,578,0,0,0,11,0,0,0,0,0,3933,0,0,401,6,0,0,0,0,0,0,5,0,0,0,0,0,0,0,0,0,0
"Subject_739",4,0,0,0,0,0,0,0,0,0,0,0,0,0,0,18,0,0,20,0,0,0,0,2,0,196,0,0,2,0,0,0,0,365,0,0,0,27,0,0,1,234,0,0,0,41,0,0,0,0,0,0,32,0,0,0,0,0,0,4,0,2,0,0,0,0,9,0,0,0,37,0,0,0,0,0,10,0,0,2,0,0,0,0,0,0,3,0,1,0,0,4,0,0,0,7,0,0,0,0,12,0,0,0,0,46,0,198,0,0,0,0,0,282,7,0,0,0,0,0,5,0,0,7,0,0,0,0,0,0,0,105,0,0,0,0,2,0,0,17,18,0,0,0,0,0,2,0,12,0,7,0,0,47,0,0,0,0,7,226,0,0,0,2,0,0,0,0,0,0,7,0,0,1,0,0,0,0,2,0,0,0,5,0,0,0,0,0,0,0,4,0,0,33,0,0,147,0,0,0,0,0,1625,2,0,6,0,0,0,0,0,0,0,0,0,0,27,0,0,0,0,23,0,102,0,4,0,0,71,9,0,0,0,70,0,0,23,0,0,0,22,6,0,0,0,0,0,0,0,0,4,0,0,0,0,0,1,0,0,0,4,0,0,0,0,0,0,0,0,6,0,0,842,0,0,0,0,0,0,4272,0,0,595,0,0,0,0,0,9,0,0,0,0,0,47,0,0,0,0,11,0
"Subject_740",0,0,0,0,0,0,38,0,189,0,0,0,0,0,177,0,0,0,0,0,8,0,0,0,0,3820,0,0,36,0,0,0,0,104,0,0,3,125,0,0,0,0,0,15,1,6,0,0,0,0,0,0,0,0,0,0,0,0,0,0,0,0,0,0,0,0,264,0,1,65,0,0,0,0,0,0,0,0,0,0,0,0,0,0,17,26,1223,0,0,13,0,15,0,0,0,0,0,0,8,0,25,103,0,0,2,0,4,657,0,0,0,0,7,88,0,0,0,0,194,0,0,0,0,4,29,0,0,0,0,0,33,47,0,0,0,9,5,0,0,0,0,0,0,0,0,0,0,0,0,0,13,2,0,31,0,0,0,0,0,44,0,104,0,0,0,0,0,0,0,0,0,0,32,0,18,0,0,0,0,0,0,66,0,0,0,0,4,0,0,0,0,19,0,13,0,0,0,0,0,0,0,0,0,0,0,289,2,0,0,0,0,0,0,0,0,0,0,0,0,0,0,37,0,0,0,18,0,0,10,0,152,0,0,786,0,0,0,0,0,12,21,0,66,0,0,0,0,0,0,0,1,0,0,0,0,0,264,0,0,0,0,0,0,0,0,0,0,0,0,68,0,0,69,0,0,0,0,10,0,300,0,0,60,0,0,0,1,0,0,47,0,0,0,0,9,0,0,0,0,75,0
"Subject_741",0,0,0,0,0,0,18,0,0,0,0,0,2,60,7,2,1,0,0,0,5,5,0,0,0,2041,0,0,12,3,42,0,5,0,0,0,5,46,0,0,0,0,0,0,0,51,0,0,0,0,0,0,2,0,0,0,0,0,0,270,0,0,0,10,0,0,1441,0,9,0,11,0,0,0,0,0,0,0,0,432,0,3,87,0,0,2,116,2,0,24,1,0,0,0,0,0,0,0,21,0,0,0,0,0,0,0,0,3298,0,0,0,20,0,60,0,0,0,0,29,0,0,0,0,11,12,0,0,0,0,0,3,28,0,0,0,0,11,0,36,0,0,0,0,0,0,0,87,0,2,0,10,0,0,0,0,0,53,2,0,0,0,0,0,0,0,0,0,0,0,3,0,0,2,0,0,0,0,11,0,3,0,0,0,0,25,0,0,0,0,0,0,39,0,0,0,0,30,0,0,0,0,0,0,0,255,168,2,0,2,0,0,0,0,0,3,0,0,90,0,0,10,0,0,0,0,2,0,0,0,0,0,0,0,185,0,0,0,0,0,2,0,0,0,0,6,0,0,0,0,0,0,0,0,0,5,8,0,0,6,6,0,0,0,6,0,0,0,0,0,151,4,0,6,2,0,0,0,0,0,497,0,0,62,0,0,0,0,0,0,0,0,0,0,0,0,0,0,0,0,14,0
"Subject_742",0,7,0,0,0,0,15,0,0,0,0,0,3,0,47,0,5,0,24,0,0,0,0,0,0,5907,0,0,91,0,0,0,0,0,0,0,0,0,0,12,3,140,0,0,0,0,0,0,0,0,0,0,0,0,0,0,0,0,0,223,0,0,7,0,0,0,77,0,7,0,0,0,0,0,0,337,14,0,0,69,0,0,0,0,0,2,0,2,0,0,0,51,193,0,0,27,0,3,0,0,0,9,2,0,0,0,0,241,0,0,0,0,0,0,0,0,0,0,42,4,0,0,0,50,0,0,0,0,0,0,0,30,0,0,34,0,464,0,0,18,8,0,0,6,0,0,0,0,21,0,0,0,0,0,2,0,0,0,0,0,0,0,0,0,0,0,0,0,0,0,0,0,0,0,0,0,0,0,0,0,0,0,0,0,3,0,0,0,0,0,0,3,2,0,0,0,0,2,0,0,12,0,0,0,0,21,0,43,0,0,0,0,0,0,0,0,4,0,0,0,0,0,0,0,0,0,0,0,0,0,0,0,0,65,0,0,0,0,0,3,0,0,0,0,0,0,0,0,0,0,0,0,0,0,0,6,9,0,0,0,0,0,0,7,0,0,0,0,0,167,0,0,19,0,0,0,0,0,0,1260,0,0,68,0,0,37,0,0,0,0,0,0,0,0,0,0,6,0,0,63,0
"Subject_743",82,0,0,17,2,0,1,0,0,0,0,0,5,0,158,0,0,0,18,2,0,11,0,2,0,2124,0,14,20,15,54,0,0,109,0,0,16,42,0,18,1,189,0,0,0,97,66,0,0,0,2,0,12,0,0,3,0,0,0,1,3,0,7,0,0,10,36,0,9,0,8,0,0,0,0,336,4,0,0,1,0,0,5,0,0,6,2,0,1,141,0,50,0,0,0,7,0,0,28,0,8,0,0,0,0,0,0,2180,0,0,0,0,0,6,7,0,5,0,29,0,4,15,0,9,28,0,0,0,0,0,0,25,0,0,4,1,6,0,2,9,37,0,0,0,0,6,0,0,31,0,15,2,0,3,0,0,0,2,0,16,0,20,0,2,0,0,5,4,0,0,8,0,0,0,22,0,0,24,3,0,0,17,0,0,11,0,0,0,0,0,1,62,3,0,4,0,0,0,21,0,0,0,0,0,0,207,1,52,0,5,0,0,0,0,0,0,10,2,40,0,2,43,0,0,0,0,0,0,0,2,102,0,0,815,127,0,15,0,0,0,16,0,0,0,0,0,0,0,0,0,0,0,5,1,60,117,81,0,0,12,1,0,0,1,0,1,0,0,0,647,5,9,133,0,1,0,0,0,12,760,0,0,0,0,0,19,0,0,3,4,0,0,0,0,97,0,0,0,0,201,0
"Subject_744",0,0,0,0,1,0,0,14,0,0,0,0,0,85,931,0,0,3,32,10,14,33,4,1,0,2197,0,0,67,0,61,0,0,34,0,0,39,145,0,0,0,60,0,9,5,211,0,1,0,0,0,2,7,0,0,11,0,11,11,17,0,40,0,0,117,0,8,0,0,0,27,0,0,22,0,0,3,0,0,5,0,0,1,0,0,0,26,0,0,26,0,870,6,0,0,1,0,0,8,0,8,0,0,0,0,0,121,11,36,10,0,4,0,45,4,1,0,1,12,0,0,1,0,8,843,23,0,0,13,0,0,28,3,27,0,0,392,0,0,11,2,7,0,1,7,73,7,0,23,59,2,4,0,4,0,0,0,0,166,19,0,18,0,183,0,0,0,2,0,0,0,0,94,0,0,0,0,0,121,2,1,0,0,0,4,0,0,0,0,0,1,52,1,0,0,0,0,0,0,0,141,0,1,102,240,9,0,0,0,6,4,36,48,0,0,0,4,5,3,2,68,15,0,0,0,0,0,0,21,0,30,11,0,131,0,0,25,0,0,18,12,0,0,9,0,3,0,0,0,0,0,3,22,0,0,0,5,0,12,0,1,0,0,1,0,0,0,0,0,114,0,21,0,0,2,0,0,0,19,627,1,0,358,0,0,0,0,0,51,30,0,0,0,0,2,8,2,12,0,129,0
"Subject_745",7,0,0,0,0,0,50,114,0,0,0,0,19,0,31,0,0,0,0,5,0,17,0,7,0,526,0,13,48,5,108,0,0,0,0,0,0,287,2,7,0,37,0,151,0,229,0,0,0,0,0,0,0,0,28,0,0,0,0,343,0,0,0,0,0,0,15,0,42,2,143,0,0,0,0,157,0,0,33,36,0,0,163,0,45,3,0,0,0,152,496,65,149,0,0,1,0,0,92,0,0,0,0,0,0,0,0,505,0,12,0,0,0,291,24,0,3,0,105,0,0,0,0,38,205,0,0,0,0,0,156,298,0,0,0,0,0,3,2,0,3,0,0,0,0,0,0,0,10,11,15,73,0,0,1,0,0,0,0,89,0,74,0,0,0,21,0,0,0,0,1,0,0,0,0,0,0,472,368,0,0,0,0,0,0,0,0,0,0,0,0,65,0,5,0,0,18,0,0,0,0,0,0,53,162,8,0,47,0,157,0,0,0,0,5,0,62,66,456,0,34,57,0,0,0,0,0,0,273,0,0,0,0,24,86,0,8,0,0,0,30,3,0,0,0,0,0,0,0,0,213,7,49,0,3,5,1,0,0,10,0,0,0,3,3,0,0,133,1,10,7,0,90,2,0,0,36,0,6,754,0,0,367,0,0,0,0,1,95,63,0,3,0,0,0,0,2,0,0,102,0
"Subject_746",0,0,0,0,0,0,3,5,0,0,0,0,0,0,54,0,0,0,0,0,7,43,0,3,0,2,0,0,13,44,915,0,0,249,0,0,26,0,0,0,0,0,0,0,0,515,0,0,0,0,0,0,0,0,0,1,0,0,0,22,0,1,0,0,0,96,74,0,0,78,22,0,0,24,0,0,0,0,0,233,0,0,84,0,0,0,0,0,0,93,0,0,0,0,0,0,0,0,96,0,12,159,0,0,0,23,0,202,0,0,0,0,19,611,10,0,3,0,0,21,22,0,0,13,320,0,0,0,11,0,0,160,0,0,0,0,3,0,0,0,37,16,5,0,0,0,0,0,0,2,63,0,0,6,82,0,0,0,57,55,0,131,0,603,0,0,0,0,0,25,0,0,0,0,19,0,0,13,0,0,0,0,0,38,0,0,5,178,0,0,1,96,43,22,0,0,0,67,0,0,23,9,0,0,206,0,0,86,2,2,0,0,0,0,0,1,0,40,0,11,82,14,0,6,0,95,51,0,65,0,180,0,8,212,0,0,32,0,0,0,0,0,0,0,20,61,0,0,0,0,0,0,0,7,0,0,0,0,0,87,0,0,0,0,3,0,0,0,0,334,0,0,1125,0,12,0,0,0,0,6,0,0,844,0,0,0,15,0,0,0,90,21,0,0,17,0,166,0,0,215,3
"Subject_747",15,5,0,0,0,0,0,0,0,0,0,0,0,0,27,0,0,0,0,0,0,49,0,0,0,4506,0,0,2,12,27,0,0,178,0,0,0,131,0,8,0,0,0,0,0,414,0,0,0,0,0,0,0,0,12,0,0,0,0,3,0,0,0,0,0,0,148,0,0,205,6,0,0,0,0,0,5,0,0,14,0,0,119,0,0,0,0,0,0,46,0,2,0,0,0,0,0,0,30,0,0,13,0,0,2,0,0,486,0,23,0,0,0,405,0,0,143,0,50,1,0,0,0,7,0,0,1,0,0,0,0,59,0,10,16,0,17,0,0,0,0,0,0,0,0,0,60,0,17,0,12,0,0,0,0,0,0,0,0,3,0,0,0,2,0,0,0,0,0,0,3,0,0,0,0,0,0,2,173,0,0,0,0,0,0,0,0,0,0,0,0,275,0,29,0,0,0,0,0,0,0,0,0,0,2,65,0,0,0,0,0,0,0,0,0,0,3,2,0,0,1,0,0,0,0,0,0,0,11,0,0,0,0,20,0,0,0,0,0,0,0,0,0,0,0,7,0,0,0,0,0,0,0,0,0,0,0,0,0,0,0,0,0,6,1,0,0,0,22,182,7,0,70,0,0,0,0,0,0,1439,0,0,42,0,0,0,2,0,0,0,0,0,0,3,0,0,320,0,0,25,0
"Subject_748",0,0,0,15,0,0,1,11,0,0,1,0,0,0,32,0,36,0,0,2,0,5,0,1,0,480,0,7,13,3,0,19,0,27,0,0,4,1,0,0,0,69,0,0,0,29,0,1,0,0,1,0,7,9,4,0,0,0,0,29,0,6,0,0,0,10,120,44,0,0,5,0,0,0,897,0,8,0,0,5,0,9,1,0,33,124,78,0,1,0,703,4,0,0,0,0,0,0,6,0,22,0,0,0,6,36,0,182,8,0,9,0,0,0,4,0,0,0,37,0,0,0,0,39,17,0,0,0,0,0,0,40,0,346,0,12,78,0,0,9,2546,0,0,0,0,19,0,0,11,0,0,0,1,9,1,0,0,0,0,15,9,49,0,2,54,23,7,0,0,0,2,0,0,0,0,0,0,2,2,2,35,0,0,0,0,0,0,0,0,4,1,21,0,78,24,0,0,1,24,0,0,0,0,0,0,24,1,159,0,0,1,0,0,0,0,0,48,0,0,0,0,1,144,0,0,0,0,0,0,2,15,0,0,152,0,0,6,0,6,71,17,0,0,0,0,0,1,0,0,0,0,1,1,0,1,14,16,4,3,0,2,20,0,6,0,0,0,185,1,495,0,2,255,0,0,1,1432,1,1,190,0,0,1,0,0,0,0,0,21,2,0,0,0,0,20,6,20,0,0,1,0
"Subject_749",0,0,0,0,0,0,3,18,0,0,0,0,0,53,9,0,0,0,0,0,39,0,0,0,1,568,0,0,0,0,0,0,0,0,0,0,0,0,0,0,2,0,616,67,2,6,0,0,0,2,0,0,0,0,0,0,0,0,0,0,0,58,0,0,0,0,7,0,2,0,0,0,0,35,0,0,0,0,0,3,0,0,0,0,384,6,0,0,0,94,153,63,0,0,0,0,0,0,42,0,0,17,0,0,4,0,0,767,126,0,0,0,0,383,0,0,0,2,105,0,0,0,0,4,79,0,0,0,0,151,0,7,0,0,0,17,218,0,0,0,0,0,0,0,0,0,0,0,0,0,7,0,0,0,2,0,0,1,0,41,0,0,0,0,0,26,0,0,0,0,0,0,1,0,0,0,0,0,89,0,0,0,0,0,0,0,0,0,0,0,0,0,0,0,0,0,0,0,0,0,0,0,0,0,2,0,0,0,0,0,0,0,93,0,0,0,47,0,0,0,0,0,0,0,0,0,0,0,145,0,143,0,0,105,0,0,0,0,0,0,0,89,0,0,0,0,0,0,0,0,1166,0,0,0,0,0,0,0,0,0,0,8,0,0,0,0,0,0,0,347,0,0,181,0,0,0,9,0,0,3356,0,0,0,0,0,0,0,0,6,0,0,0,0,0,25,0,0,0,0,0,0
"Subject_750",161,0,0,0,0,0,12,0,0,0,0,0,4,0,32,0,5,0,16,0,0,33,0,0,0,4636,0,0,12,0,0,0,0,0,0,0,0,0,0,0,0,333,0,0,0,361,0,0,0,0,0,0,0,0,0,0,0,0,0,0,0,0,14,0,0,0,223,0,15,130,58,0,0,0,0,0,0,0,0,0,0,0,0,0,0,2,3,0,0,0,345,0,0,0,0,0,10,0,0,0,0,0,52,0,0,0,0,58,0,0,0,0,5,0,0,0,0,0,754,0,0,0,0,0,0,0,0,0,0,0,0,513,0,12,0,0,0,0,0,11,21,0,0,0,0,0,0,0,30,0,34,0,0,0,0,0,0,0,0,106,0,0,0,194,0,0,0,0,0,2,0,0,23,2,0,0,0,0,0,0,0,0,0,2,0,0,0,0,0,0,0,79,0,0,0,0,0,0,0,0,0,0,0,0,0,8,0,0,0,7,5,0,0,0,0,0,0,0,0,0,0,0,0,0,0,0,0,0,0,0,0,0,0,368,0,0,0,0,0,1,0,0,0,0,8,0,0,0,0,0,0,0,0,0,0,16,4,0,0,0,0,0,0,17,0,0,0,0,0,111,0,0,39,0,0,0,0,0,0,947,0,0,0,0,0,0,0,0,0,0,0,0,0,0,116,0,28,0,0,26,0
