"","V1","V2","V3","V4","V5","V6","V7","V8","V9","V10","V11","V12","V13","V14","V15","V16","V17","V18","V19","V20","V21","V22","V23","V24","V25","V26","V27","V28","V29","V30","V31","V32","V33","V34","V35","V36","V37","V38","V39","V40","V41","V42","V43","V44","V45","V46","V47","V48","V49","V50","V51","V52","V53","V54","V55","V56","V57","V58","V59","V60","V61","V62","V63","V64","V65","V66","V67","V68","V69","V70","V71","V72","V73","V74","V75","V76","V77","V78","V79","V80","V81","V82","V83","V84","V85","V86","V87","V88","V89","V90","V91","V92","V93","V94","V95","V96","V97","V98","V99","V100","V101","V102","V103","V104","V105","V106","V107","V108","V109","V110","V111","V112","V113","V114","V115","V116","V117","V118","V119","V120","V121","V122","V123","V124","V125","V126","V127","V128","V129","V130","V131","V132","V133","V134","V135","V136","V137","V138","V139","V140","V141","V142","V143","V144","V145","V146","V147","V148","V149","V150","V151","V152","V153","V154","V155","V156","V157","V158","V159","V160","V161","V162","V163","V164","V165","V166","V167","V168","V169","V170","V171","V172","V173","V174","V175","V176","V177","V178","V179","V180","V181","V182","V183","V184","V185","V186","V187","V188","V189","V190","V191","V192","V193","V194","V195","V196","V197","V198","V199","V200","V201","V202","V203","V204","V205","V206","V207","V208","V209","V210","V211","V212","V213","V214","V215","V216","V217","V218","V219","V220","V221","V222","V223","V224","V225","V226","V227","V228","V229","V230","V231","V232","V233","V234","V235","V236","V237","V238","V239","V240","V241","V242","V243","V244","V245","V246","V247","V248","V249","V250","V251","V252","V253","V254","V255","V256","V257","V258","V259","V260","V261","V262","V263","V264","V265","V266","V267","V268","V269","V270","V271","V272","V273","V274","V275","V276","V277","V278","V279","V280","V281","V282","V283","V284","V285","V286","V287","V288","V289","V290","V291","V292","V293","V294","V295","V296","V297","V298","V299","V300","V301"
"1",0,0,0,0,0,0,0,0,0,0,0,0,0,0,36,0,27,0,0,0,0,35,0,0,0,2995,0,0,0,4,0,419,0,59,0,0,2,0,0,0,0,0,1,38,0,2,0,0,0,0,7,0,0,0,3,0,0,0,0,6,0,0,0,10,0,0,100,0,0,47,43,0,0,77,0,0,0,0,0,35,0,0,3,0,0,42,0,1,0,39,450,0,0,0,0,0,2,0,35,0,0,13,0,33,0,0,4,561,0,0,0,0,0,16,0,0,0,0,239,5,0,0,32,1,156,2,0,0,0,0,1,252,0,0,0,0,7,0,0,0,19,0,0,0,1,0,3,0,0,0,3,1,0,0,0,0,0,0,0,83,0,0,0,0,0,0,0,0,0,0,0,2,4,1,0,0,0,45,4,0,0,0,0,0,0,0,15,0,0,0,0,150,1,0,0,0,0,0,0,0,0,0,0,292,0,1,0,0,4,0,0,0,0,1,1,0,12,0,1,0,0,32,0,0,0,21,0,0,91,0,125,0,0,141,0,0,0,0,0,29,0,0,0,21,0,0,0,0,0,0,3,0,0,0,22,0,0,0,0,0,0,0,0,0,0,0,0,0,0,17,10,0,11,0,0,0,0,0,0,853,0,0,50,0,0,0,0,33,0,8,103,0,0,0,9,0,26,0,0,46,0
"2",0,0,0,1,0,0,5,0,0,0,0,0,0,690,64,0,0,0,0,0,0,0,0,38,0,3903,0,0,55,9,0,36,0,9,0,0,0,0,0,0,0,0,0,0,0,0,0,0,0,0,0,0,0,0,0,0,0,0,0,0,0,0,0,0,0,0,105,0,0,0,0,0,0,0,0,0,0,0,0,0,0,0,0,0,0,0,0,0,0,0,0,49,2,0,0,0,0,0,0,0,0,20,0,0,0,0,0,2715,0,0,0,0,0,0,0,0,0,0,23,0,0,0,0,1,1,0,0,0,0,0,0,0,0,0,0,0,30,0,0,0,11,1,0,0,0,0,0,0,0,0,0,0,0,0,0,0,0,0,0,0,0,0,0,0,0,0,0,0,0,0,0,0,1,0,0,0,0,0,62,0,0,0,0,0,0,0,0,0,0,0,0,33,0,0,0,0,0,0,0,0,0,0,0,0,0,0,0,0,0,0,0,0,0,0,0,0,72,0,7,0,0,0,0,0,0,0,0,0,0,0,0,0,0,512,0,0,0,0,0,0,0,0,0,0,1,0,0,0,0,0,0,0,0,0,0,5,2,0,0,0,0,0,0,0,0,0,0,0,0,37,0,0,70,0,0,0,0,0,0,1338,0,2,74,0,0,0,0,6,0,0,0,0,0,0,0,0,15,0,0,0,0
"3",0,4,0,0,0,0,9,1,0,1,0,0,1,0,35,36,0,0,0,0,32,6,0,0,3,153,0,0,121,156,0,0,11,16,0,0,45,878,0,1,0,0,0,72,0,15,188,1,0,0,14,0,0,8,0,0,0,3,0,414,2,114,0,11,0,0,85,0,0,303,13,4,0,16,0,0,0,0,0,61,0,0,163,0,42,3,0,27,0,15,0,64,29,0,0,0,0,0,0,2,0,1,0,0,3,0,280,1244,0,0,15,0,13,6,0,0,44,0,96,0,0,0,0,2,11,0,0,0,0,0,208,162,0,0,1,0,12,0,0,0,42,1,0,0,0,0,88,6,1,0,4,0,0,13,0,0,47,0,0,117,0,0,0,0,0,0,2,0,0,0,0,0,0,0,0,0,0,307,0,4,0,0,0,0,12,0,0,3,0,7,0,49,3,2,0,0,0,0,8,11,0,0,0,0,0,254,3,0,1,0,0,0,0,0,0,0,89,0,0,0,72,38,0,0,0,1,0,0,1,0,21,0,1,138,32,0,2,0,2,0,0,0,0,0,8,0,0,0,0,0,24,0,0,1,10,11,7,0,6,60,3,0,0,58,0,7,0,0,50,1542,9,22,0,0,0,0,2,0,0,735,0,0,0,2,0,557,0,0,0,80,0,0,0,0,0,0,2,0,0,64,84
"4",0,0,0,3,0,0,2,0,0,0,0,0,1,7,60,0,3,0,0,0,0,0,10,60,12,2452,0,0,15,0,0,0,0,0,0,0,0,0,0,0,0,0,1,0,0,0,0,0,0,0,0,33,0,0,0,3,0,2,0,0,12,0,0,6,0,2,6,0,0,15,0,0,0,4,751,0,0,0,0,0,0,0,0,0,0,7,0,0,0,32,0,1,0,0,0,33,10,0,0,0,0,0,0,0,0,0,4,537,0,0,0,0,0,16,0,0,0,0,40,17,42,0,0,1,14,2,0,0,4,0,1,3,0,0,17,5,7,24,0,0,0,0,0,0,1,0,3,0,0,10,3,1,0,0,0,0,0,0,12,11,0,0,0,0,0,0,0,0,0,0,0,0,4,0,0,0,0,0,4,0,0,0,0,0,0,0,0,0,0,0,0,31,1,0,0,12,0,0,0,378,0,0,0,0,0,1,0,0,0,1,0,0,0,1,1,0,12,0,1,0,0,1,0,0,0,0,0,0,2,0,2,0,0,314,45,0,0,0,1,2,0,0,0,0,0,0,0,0,0,0,0,0,0,1,0,0,0,0,0,0,0,0,0,0,0,0,0,0,0,861,0,0,399,0,1,0,0,0,0,2546,0,0,5,0,0,0,0,1,0,0,0,0,0,0,0,0,32,0,0,41,0
"5",0,0,0,0,0,0,0,0,0,0,0,0,9,1,0,0,0,0,0,10,0,3,0,0,0,1207,0,0,274,0,16,299,0,36,0,0,37,565,0,0,0,0,89,0,0,56,0,0,0,0,0,0,0,0,0,0,0,0,2,0,0,0,0,0,0,0,247,0,0,155,11,0,0,0,0,0,0,0,0,0,0,0,0,0,0,17,0,0,0,23,0,211,0,0,0,0,0,0,3,21,0,1,0,8,0,0,199,1249,0,0,0,0,0,16,0,0,0,0,40,0,17,0,0,1,65,2,0,0,0,0,18,45,0,0,0,10,7,19,0,0,836,0,0,0,1,0,142,0,0,0,3,1,174,0,0,0,0,0,0,11,0,0,0,0,0,0,0,0,0,0,0,0,4,0,0,0,0,0,134,1,0,0,0,2,0,0,0,0,0,0,1,31,1,0,0,1,4,0,0,5,0,0,0,0,0,1,0,0,0,19,0,0,0,1,1,0,12,0,589,0,375,1,0,0,0,0,0,0,2,0,163,0,0,1,0,0,0,0,0,2,0,0,0,0,0,3,0,0,0,0,0,0,0,0,0,0,0,0,0,8,0,0,0,20,0,0,0,56,0,84,0,0,0,0,0,0,0,0,0,0,0,30,120,0,0,0,0,0,5,106,0,23,0,0,7,0,40,0,0,95,0
"6",0,0,0,0,0,0,1,0,0,0,0,0,0,91,6,0,0,52,0,0,0,12,0,154,0,1324,0,0,12,0,0,0,0,83,0,28,42,0,12,0,6,0,0,126,0,321,0,4,0,0,20,0,0,0,1,0,0,0,0,57,0,10,2,5,1,0,88,0,65,0,51,0,0,2,0,0,0,0,0,14,33,7,103,0,0,0,0,0,0,123,0,2,3,0,14,0,0,0,44,0,0,124,0,6,2,1,24,15,2,7,0,0,0,0,0,0,0,1,57,1,0,0,0,0,136,0,0,0,0,0,0,0,76,0,1,9,5,17,0,0,1,0,4,0,0,11,0,7,0,0,29,77,0,0,1,0,0,0,0,93,0,0,0,0,0,0,0,0,0,0,0,0,1,0,0,0,0,0,14,0,0,3,0,0,0,11,2,0,0,0,0,0,0,1,0,1,0,3,0,0,0,0,0,599,0,5,7,0,3,6,0,0,0,0,0,0,34,87,1,0,0,31,0,0,1,9,68,0,357,1,267,0,0,1024,0,1,0,0,0,3,0,0,0,1,0,17,0,0,0,0,19,0,5,0,2,173,0,0,0,0,0,18,0,0,0,0,0,0,0,22,0,0,998,0,0,0,1,2,1,1800,0,0,458,0,0,0,0,0,13,72,0,0,0,0,24,1,15,186,0,13,0
"7",0,0,0,59,0,4,0,0,0,2,0,6,18,0,64,0,0,0,0,0,0,1,0,71,0,319,0,0,7,74,1,0,0,28,0,0,48,1,0,0,4,0,1,0,0,228,0,1,0,0,0,588,0,1,0,4,1,0,0,0,12,0,0,3,0,0,0,3,52,0,0,0,6,0,0,509,0,0,0,1,48,0,0,0,0,0,1,0,0,58,0,0,181,0,0,0,0,0,10,0,0,10,0,6,2,0,4,104,0,0,0,0,0,16,0,0,0,2,40,0,39,0,0,1,14,2,0,0,0,0,67,45,0,0,0,0,7,32,0,0,31,0,0,0,1,0,23,0,0,0,3,1,1,5,0,0,0,0,0,11,0,0,0,0,0,0,3,0,0,0,3,0,4,0,0,0,0,0,4,0,0,0,0,0,13,0,0,0,0,0,20,31,1,0,0,0,0,4,0,0,0,0,0,0,0,9,0,0,0,3,0,0,0,1,1,0,12,17,103,0,0,20,0,0,0,0,0,0,152,0,2,0,1,1,0,0,0,0,0,2,0,0,0,0,0,0,0,1,2,0,0,1,20,0,2,0,0,0,0,0,0,0,0,1,128,0,0,0,10,5,0,0,1700,0,0,0,0,0,3,1775,0,0,227,0,0,0,0,0,0,7,0,0,0,0,112,0,4,0,0,26,0
"8",0,0,1,0,0,0,0,28,80,1,0,0,0,361,3,0,0,0,0,0,0,0,0,6,0,144,0,0,9,0,6,0,0,59,0,0,0,40,0,0,0,8,0,44,0,8,0,3,0,0,20,0,0,0,0,0,0,0,2,204,0,88,0,0,0,0,1,0,0,30,0,0,0,0,1,0,0,0,0,11,0,0,0,0,0,0,1,0,0,21,2184,25,0,0,0,0,0,0,42,0,4,0,0,0,0,0,177,43,0,0,0,0,0,0,0,0,0,1,11,0,0,8,0,1,25,0,0,0,0,0,0,7,0,0,0,0,1,0,0,0,0,0,0,0,0,0,0,1,0,0,13,0,0,0,0,0,0,1,11,0,9,0,0,0,0,0,0,0,0,0,0,0,0,0,0,0,0,0,5,2,0,0,0,0,1,0,0,0,0,0,0,12,0,0,123,0,0,3,0,0,0,0,1413,0,0,1,0,0,0,0,12,0,10,5,0,0,34,0,0,3,0,9,0,0,0,0,0,0,0,2,68,1,0,1,0,3,0,0,0,0,0,0,0,0,0,0,0,0,0,26,226,2,42,0,0,1,1,1,7,0,2,16,0,0,0,0,0,47,31,0,5,0,549,0,0,0,45,0,1,3201,1,0,98,0,0,0,0,0,54,6,0,0,0,1,0,0,0,136,1,55,0
"9",0,0,0,0,0,0,12,0,0,0,0,0,0,200,0,0,7,0,0,0,0,176,0,0,0,0,0,0,0,0,80,0,0,36,0,0,32,306,0,0,0,0,1,0,0,62,0,0,0,0,0,0,0,0,0,0,0,0,0,275,0,0,0,0,0,0,14,11,0,11,0,0,0,0,14,0,0,0,0,329,0,0,0,0,1196,1,0,0,0,71,0,0,0,0,0,0,0,0,6,0,0,0,0,0,0,0,4,104,0,0,0,0,0,16,0,0,0,0,40,0,0,0,27,1,14,2,0,0,0,0,1,239,0,0,0,0,7,0,0,0,8,0,0,0,1,0,3,0,0,0,3,1,3,0,0,0,0,0,0,157,2,0,0,443,0,0,0,0,0,35,0,0,4,0,0,0,0,141,154,2,0,0,0,16,0,0,2,0,0,0,0,31,1,3,0,0,0,0,0,0,0,0,0,0,0,160,0,0,0,0,0,0,0,1,1,0,101,0,1,0,0,1,1,0,0,0,0,0,73,0,2,0,0,127,0,0,0,0,0,2,0,0,2,0,5,0,0,0,0,0,0,0,0,0,0,0,9,0,55,0,1,0,0,33,0,0,0,0,0,0,10,0,20,0,0,0,4,0,0,3141,0,0,450,2,0,0,0,0,0,0,0,0,0,0,0,0,14,0,0,173,70
"10",0,0,0,0,0,0,0,14,0,0,0,0,0,0,0,0,2,0,0,0,0,12,0,0,0,2244,0,0,0,0,0,0,0,0,2,0,25,209,0,0,0,0,1,152,0,579,0,0,0,0,0,0,0,0,0,3,0,1,0,0,9,33,1,2,0,0,128,0,0,85,0,0,0,0,0,0,0,0,5,362,0,0,94,0,18,1,0,0,0,20,8,23,0,0,0,0,0,0,38,67,0,0,0,0,0,0,4,720,0,672,0,0,0,117,0,0,0,0,40,0,0,0,0,1,83,461,0,0,0,0,85,233,0,0,7,0,7,0,0,2,6,0,0,0,1,0,38,0,0,0,3,1,1,0,0,0,1,0,0,11,0,0,0,0,0,0,0,0,0,0,0,0,4,0,0,0,0,23,381,0,0,0,0,0,0,0,0,0,0,0,0,150,4,0,0,1,0,2,0,0,0,0,0,0,0,14,0,0,0,0,0,0,0,1,1,0,12,0,1,0,1,1,0,0,0,0,0,0,2,0,235,0,0,351,0,0,0,0,0,2,0,0,0,0,0,0,0,0,0,0,0,1,14,0,1,1,2,0,0,0,2,0,0,1,0,0,0,0,19,46,4,0,44,0,0,0,1,0,3,1824,0,0,197,0,0,0,0,0,26,40,0,0,0,0,22,0,1,0,0,76,0
"11",0,0,0,0,1,0,0,1,0,0,1,0,0,0,0,0,0,0,2,0,1,1,0,0,0,991,0,0,17,0,0,0,0,2,0,20,0,1,0,0,4,0,145,0,0,5,0,0,0,0,0,0,1,0,0,0,0,0,0,10,0,21,0,0,0,21,26,0,0,0,4,0,0,0,0,0,0,0,0,1,5,0,1,0,0,0,0,0,0,0,0,0,148,0,0,0,0,0,0,1,0,0,0,1,2,3,4,104,9,0,0,16,0,96,0,0,0,0,40,0,0,0,0,1,230,2,0,0,0,41,11,32,0,0,0,2,7,0,0,0,0,2,0,0,1,0,25,0,0,0,12,1,0,0,0,0,0,0,1,11,0,0,2,2,0,0,0,0,0,0,0,0,1970,0,0,0,0,0,124,0,0,0,0,0,2,0,0,0,55,9,0,31,1,0,57,0,0,0,0,0,0,0,0,1,0,5,0,0,0,2,0,0,91,1,1,0,12,3,1,4,10,40,0,0,0,11,0,0,39,14,18,0,0,0,0,0,0,0,0,2,0,0,0,0,0,0,0,1,1,0,0,0,11,0,0,0,0,0,1,1,0,0,0,0,0,0,0,115,0,1042,6,1,860,0,0,0,0,0,1,6,0,0,0,0,0,0,0,0,0,1,45,0,0,0,0,0,0,0,0,0,0
"12",0,0,0,0,0,0,2,0,0,0,0,0,0,27,5,0,0,0,0,0,0,0,0,5,0,0,0,0,4,0,0,0,0,0,0,10,38,178,0,0,0,0,1,0,1,18,0,0,0,1,0,0,0,0,0,0,0,0,0,0,0,6,2,0,0,0,0,2,0,0,0,0,0,0,0,601,0,0,0,0,6,0,0,0,0,0,4,0,0,15,0,0,2,0,0,0,3,0,0,0,0,60,0,5,0,0,4,104,0,0,0,0,0,16,0,0,0,574,40,4,0,0,4,52,137,2,0,0,0,0,1,125,0,3,0,0,1411,0,0,0,0,0,0,0,1,0,3,0,3,0,3,1,0,0,0,0,0,0,0,11,0,0,0,0,0,0,0,0,0,152,0,0,4,0,0,0,0,0,4,5,0,0,0,0,0,1,0,0,0,0,0,31,1,0,0,0,0,0,0,0,0,2,0,0,0,1,0,0,0,6,0,0,0,1,1,0,64,0,1336,0,92,1,0,0,0,0,0,0,2,0,2,1,0,127,0,0,0,0,0,2,0,0,0,0,0,0,0,3,0,0,0,0,0,0,0,0,3,0,0,0,0,0,0,18,0,0,0,0,0,260,0,0,1276,0,10,0,25,0,1,1008,0,649,0,0,0,0,0,0,0,0,0,0,0,9,0,0,0,0,0,15,0
"13",0,0,0,6,0,0,0,27,0,0,0,2,0,215,31,0,0,0,0,0,28,3,0,63,0,2799,0,0,2,0,0,0,0,1,0,0,21,6,0,0,5,0,1,0,0,9,0,0,0,0,5,73,0,0,1,0,0,0,0,38,0,73,0,0,0,0,120,0,0,39,17,0,1,65,0,0,0,0,0,0,9,0,0,0,0,0,0,0,0,7,0,16,84,0,21,4,0,0,44,0,0,87,0,45,0,0,4,2078,0,45,0,0,0,16,3,0,0,0,40,0,46,0,0,1,14,2,0,0,0,0,1,3,0,0,0,0,7,0,0,0,34,0,0,0,1,0,3,21,0,44,3,1,0,51,0,0,0,0,0,11,0,0,0,0,0,0,0,0,0,0,0,0,4,0,0,0,0,5,4,0,0,0,0,0,0,0,0,0,0,0,0,31,1,0,0,0,0,0,0,0,0,0,0,37,3,1,0,0,0,0,1,0,0,9,1,0,12,0,1,0,0,1,0,0,0,0,28,0,271,0,178,0,0,105,0,0,0,0,0,2,0,1,0,0,0,1,0,0,0,0,0,0,0,0,3,6,0,0,5,6,2,0,0,2,0,0,0,0,0,128,0,0,84,0,1,0,0,0,1,1087,0,0,13,0,0,0,0,0,31,0,0,0,0,0,160,0,1,0,0,10,0
"14",0,0,0,0,15,0,23,49,0,0,46,0,1,72,10,6,0,0,0,0,0,32,0,1227,0,67,0,6,143,7,0,0,0,0,0,0,2,178,0,11,8,0,1,0,0,39,0,0,0,0,10,380,0,0,0,39,1,2,0,547,0,0,2,10,0,0,0,0,3,0,25,0,3,0,0,0,2,1,0,519,6,0,0,0,14,0,10,0,0,37,443,12,3,0,0,0,0,0,17,0,0,2,0,48,0,0,0,1157,15,0,0,1,0,216,0,0,0,0,234,0,42,0,0,1,9,0,0,0,0,0,0,50,0,0,7,0,11,34,2,0,2,2,3,0,0,0,32,0,2,0,0,6,0,29,5,0,12,23,0,23,0,0,0,0,0,0,0,0,0,0,18,2,0,0,0,0,0,54,0,0,0,0,0,0,9,9,0,0,0,0,0,141,2,0,0,0,0,0,0,0,0,5,0,83,0,0,0,0,0,9,0,0,0,0,20,0,98,176,32,0,44,0,0,0,0,4,0,0,51,0,0,0,0,231,16,0,0,5,0,11,0,0,0,0,0,0,0,0,0,0,0,0,0,0,6,11,2,0,1,12,0,0,0,7,1,4,0,0,0,1,0,4,10,0,0,0,32,0,4,2547,0,0,0,0,0,1,1,155,0,0,0,0,1,0,6,0,106,0,0,41,37
"15",0,0,0,0,0,1,1,0,0,0,0,0,0,337,0,0,32,2,0,5,3,11,0,14,0,2812,0,0,10,5,0,26,0,0,0,0,377,58,0,0,3,0,1,32,1,0,0,1,0,0,0,0,0,0,0,0,0,0,0,5,0,0,0,0,0,0,0,0,0,0,0,0,0,14,1009,0,0,0,0,0,0,0,18,0,0,0,0,0,0,0,0,1,1,17,0,0,0,0,58,0,6,3,0,0,0,0,4,503,0,41,0,0,0,16,0,0,0,0,40,0,0,0,0,1,14,2,0,0,0,0,31,262,0,0,0,0,7,0,0,4,9,0,0,0,1,0,3,0,0,0,3,37,2,0,0,0,0,0,0,11,2,0,0,0,0,0,0,0,0,0,0,0,4,0,0,0,0,0,100,0,0,0,0,0,0,0,0,1,0,0,0,31,1,0,0,0,0,0,0,0,0,0,0,0,0,1,0,0,0,0,0,0,0,1,1,0,95,0,1,0,0,1,0,0,0,0,0,0,41,0,2,0,0,82,0,0,0,0,0,2,0,0,80,0,0,0,0,0,0,0,0,0,0,1,0,0,6,0,0,20,0,0,0,0,0,0,0,0,0,9,0,29,662,2,1,0,0,0,5,1988,0,0,148,2,0,17,0,1,81,0,0,0,1,0,5,7,0,0,0,83,0
"16",0,0,0,0,0,0,1,0,0,0,0,0,0,0,0,0,0,0,0,0,0,22,0,0,0,0,0,0,38,2,0,0,0,343,0,0,11,187,0,0,0,0,0,108,0,707,0,0,0,0,0,0,0,0,0,0,1,0,5,96,0,111,6,0,4,0,0,0,0,2,0,0,0,15,0,0,0,0,0,64,0,0,0,0,0,0,0,0,1,45,0,9,0,0,0,0,0,0,0,0,0,0,0,0,0,0,0,323,0,0,3,0,0,99,0,0,0,0,776,0,0,0,0,0,82,0,0,0,0,0,0,235,1,0,0,0,3,0,0,0,0,0,0,0,0,0,22,0,1,4,0,0,0,0,1,0,0,0,0,314,0,0,0,0,0,0,0,0,0,0,0,0,0,0,0,0,0,0,203,0,0,0,0,0,45,0,0,0,0,0,0,195,0,1,0,0,0,0,0,0,0,0,232,1234,2016,0,0,0,0,2,0,0,0,0,0,0,118,0,54,10,0,0,0,0,0,0,0,0,0,0,456,0,0,111,0,0,0,0,0,0,0,0,0,21,0,1,0,25,0,0,0,0,14,0,0,0,0,0,8,0,0,20,0,2,0,0,0,0,0,0,0,0,0,0,0,0,0,0,45,0,0,0,1210,0,0,0,0,0,0,50,0,0,0,0,6,0,8,129,0,115,32
"17",0,0,0,0,0,0,0,30,0,0,0,0,0,1,5,0,0,1,0,0,13,26,0,11,0,1282,0,0,10,22,0,0,2,18,0,0,9,52,0,0,0,0,1,74,0,2,0,1,0,0,56,0,0,0,39,0,1,0,0,302,0,2,0,0,0,0,40,0,21,0,117,0,0,4,0,0,0,0,0,14,0,0,25,0,1,0,3,0,0,12,745,295,301,0,0,161,0,0,2,0,0,0,0,0,0,0,157,629,0,26,0,0,0,197,0,0,0,1,307,0,0,1,0,1,305,2,0,0,0,0,13,37,1,0,0,0,1112,0,0,0,0,0,0,0,1,0,3,0,0,0,3,1,0,0,8,0,0,0,0,85,0,0,0,4,0,0,0,0,0,0,0,0,4,0,0,0,0,146,4,0,0,0,0,0,2,0,0,0,0,0,0,143,1,0,0,0,4,0,0,0,0,0,0,0,0,6,4,0,3,11,0,0,0,15,33,0,12,21,1,0,0,1,0,0,0,0,0,0,51,0,20,0,0,278,0,0,0,0,0,2,0,1,203,0,0,0,0,0,0,0,88,1,19,0,19,193,0,0,8,72,0,0,0,0,0,0,0,776,22,1823,0,5,261,0,0,0,0,0,6,921,0,0,277,0,0,0,0,0,0,5,0,0,0,0,128,0,6,0,0,32,0
"18",0,0,0,1,0,0,0,0,0,0,0,0,0,0,1,12,0,0,0,0,0,38,0,5,0,1012,0,0,13,17,0,0,0,0,0,0,25,0,0,1,0,0,1,0,0,0,0,0,2,0,61,0,0,0,0,0,0,0,0,166,0,0,0,0,0,0,0,0,27,0,0,0,0,0,0,115,0,0,0,0,0,0,313,0,0,1,0,0,2,0,0,4,2,0,0,0,28,0,0,0,0,6,0,5,0,1,4,2908,0,82,0,0,0,16,0,0,0,10,40,0,0,0,0,1,156,2,0,0,0,0,1,3,0,1,0,0,528,0,0,2,5,0,0,0,1,0,3,0,0,30,3,1,70,3,0,0,0,0,0,11,0,0,0,0,0,0,0,0,0,0,0,0,4,0,0,2,0,0,4,1,0,0,0,0,99,0,0,0,0,0,11,31,1,0,0,1,0,0,0,0,0,0,0,57,0,126,0,0,0,2,3,0,0,1,1,2,12,0,165,0,0,1,0,0,0,0,0,0,2,0,2,1,0,0,0,0,0,0,5,2,1,0,0,0,94,0,0,0,0,0,0,0,19,0,6,37,9,0,0,0,14,0,0,7,10,0,0,0,0,1,0,0,144,0,0,2,1243,0,5,1868,0,0,97,0,0,1,0,0,0,0,0,0,0,0,1,0,3,0,0,128,0
"19",0,4,0,0,0,0,0,34,0,0,0,6,0,84,0,0,0,0,0,1,95,25,0,83,0,148,0,0,0,0,0,0,0,56,0,0,40,125,0,0,5,0,1,89,0,64,0,0,0,0,61,20,0,0,12,1,0,0,0,465,23,0,1,126,0,0,339,0,0,18,124,0,1,0,0,0,0,0,0,134,42,0,0,0,46,0,0,0,0,0,0,0,0,0,0,0,0,0,0,0,0,0,0,0,5,0,193,104,0,26,0,0,0,16,0,0,0,0,40,0,15,0,0,1,14,2,0,0,1,0,1,3,0,0,5,0,7,11,0,0,8,0,0,0,1,7,39,26,0,0,26,74,32,12,0,0,1,0,0,11,0,0,0,312,0,0,0,0,0,11,20,0,4,0,0,0,0,307,4,3,0,0,0,0,56,0,0,0,0,0,0,31,3,2,200,0,0,3,0,0,0,0,0,0,0,6,2,0,0,0,7,0,0,1,19,3,12,215,1,0,0,133,0,0,0,0,0,0,2,0,306,0,1,0,0,0,32,1,0,2,0,0,0,0,0,0,0,0,0,0,0,1,68,0,72,0,0,8,7,0,17,0,0,0,1,0,0,0,2,2,4,49,19,0,0,0,74,1,4,2450,0,0,38,0,0,0,0,0,0,2,0,0,0,0,92,0,2,0,0,146,11
"20",0,1,0,0,9,1,1,0,0,0,3,0,2,0,1,0,0,5,0,0,0,13,0,0,0,2341,0,0,2,3,3,0,0,53,0,0,6,12,34,0,0,0,0,0,0,205,38,1,0,0,2,85,1,1,0,2,0,0,0,0,0,0,0,7,0,0,212,0,11,0,10,0,2,80,0,1,1,0,0,45,7,1,193,0,0,1,61,0,0,23,0,2,2,0,0,0,0,0,69,0,0,0,19,7,5,1,0,1280,0,0,8,10,0,818,1,0,0,0,75,0,5,0,0,14,382,0,0,0,2,42,85,0,0,0,2,1,2,0,0,0,24,0,0,1,307,0,13,3,2,0,12,11,0,0,38,0,0,0,0,0,0,3,0,0,0,1,0,0,0,2,3,0,1,0,0,0,0,18,108,1,0,0,0,0,7,0,0,0,0,0,5,19,0,0,2,0,0,0,4,0,0,0,0,301,0,3,1,0,0,1,0,0,0,2,0,1,0,5,27,0,0,34,0,0,0,0,0,0,369,0,35,2,0,636,0,0,1,0,0,20,1,0,0,0,70,0,0,0,1,0,0,0,3,1,2,3,7,0,4,6,0,0,0,4,1,0,0,0,0,1,0,4,212,0,1,0,0,2,0,1146,1,0,120,0,0,0,0,0,0,5,0,1,5,0,0,0,1,0,0,76,0
"21",4,0,0,1,0,0,0,0,0,0,0,0,0,0,6,0,7,0,0,1,0,22,0,0,0,74,0,0,0,0,177,0,0,0,0,0,4,0,0,0,0,0,1,0,0,0,0,0,0,0,0,0,0,0,0,0,0,0,0,0,0,0,0,0,0,0,93,0,0,0,0,0,0,0,0,0,0,0,0,6,0,0,0,0,0,0,0,0,0,0,0,0,341,0,0,33,92,0,0,0,0,9,0,68,0,2,4,951,0,46,0,0,0,16,0,0,0,1,554,0,0,0,9,1,137,2,0,0,0,0,1,3,0,0,0,0,7,0,0,0,67,0,0,1,1,0,3,0,0,0,3,1,0,0,0,23,1,0,0,11,0,0,0,0,0,0,1,0,0,2,0,3,4,0,0,0,0,0,4,1,0,0,0,0,0,0,0,0,0,0,0,31,1,0,0,20,0,0,0,0,0,2,0,0,0,26,0,0,2,0,308,0,0,1,1,0,12,0,73,0,0,1,0,0,0,0,0,0,2,0,2,0,0,314,0,0,0,4,0,2,0,0,0,0,51,0,0,5,0,0,0,0,0,0,0,0,0,0,0,7,0,0,0,0,0,0,0,0,0,10,0,0,2501,0,0,0,0,0,0,19,0,0,88,0,0,0,0,0,0,13,0,0,0,0,19,0,4,0,0,74,0
"22",0,0,0,39,0,0,0,0,0,0,0,0,0,0,0,0,0,0,0,0,31,99,7,141,0,3203,3,0,0,0,0,23,0,28,0,0,0,9,0,0,0,0,0,138,0,0,0,4,0,0,0,139,0,0,0,36,0,0,0,263,17,34,0,0,1,5,0,42,0,0,0,0,2,130,0,2,0,0,0,42,48,0,0,0,0,0,0,0,6,15,0,30,1,0,0,0,0,0,29,0,0,0,0,82,0,0,0,0,0,0,0,0,0,28,1,0,0,33,107,0,18,0,0,1,27,0,0,0,0,0,0,0,0,0,0,0,259,36,0,0,4,0,0,0,0,0,32,55,0,0,12,0,1,186,56,0,0,0,0,0,0,0,4,0,0,0,0,0,0,0,8,0,0,0,0,0,0,181,116,0,9,0,0,0,0,0,0,0,0,0,0,34,0,0,0,0,0,0,0,0,0,0,0,0,0,38,0,0,0,0,0,0,0,0,13,3,276,0,0,0,0,58,0,5,0,23,0,8,0,0,155,0,0,166,0,0,0,0,0,0,0,1,0,0,0,0,0,0,0,0,0,2,0,0,20,0,2,0,0,187,7,6,0,10,0,0,1,0,0,16,0,0,78,0,0,0,0,0,28,2691,0,0,0,0,0,0,0,0,27,81,0,0,0,0,35,62,0,41,0,101,0
"23",0,0,0,3,0,0,3,44,1,0,0,0,0,0,3,0,30,0,0,0,0,0,0,108,0,1,4,0,4,64,0,0,0,2,0,0,9,142,0,0,9,0,0,0,0,117,0,0,0,0,0,24,0,0,0,44,0,3,0,185,19,6,0,58,0,19,110,17,0,280,6,0,0,0,0,0,0,0,0,811,42,0,0,0,42,3,0,0,0,0,0,4,0,0,0,0,0,0,0,0,0,0,39,0,0,0,0,1090,0,0,16,0,0,0,0,0,0,0,340,5,54,0,0,0,162,0,0,0,0,0,0,9,0,0,0,0,1,11,0,0,3,0,0,0,0,0,39,66,5,0,51,0,0,10,0,0,0,0,0,1,0,0,0,0,0,0,2,160,1,0,29,0,1,0,0,0,0,1,0,0,0,0,0,0,38,0,0,0,0,0,0,295,2,1,1,0,0,0,0,0,0,4,0,1,0,306,0,0,0,0,0,0,19,0,23,0,197,0,5,4,793,34,0,2,0,0,0,0,0,0,166,0,0,258,0,0,15,0,0,31,0,0,0,0,0,54,0,0,0,0,0,0,13,1,0,10,2,0,0,0,2,0,0,2,0,3,0,0,0,41,310,0,20,0,0,0,0,0,1,2663,0,0,118,0,0,0,0,0,3,116,0,0,0,0,1,0,9,0,0,128,0
"24",0,0,0,8,0,0,0,90,0,0,0,10,0,0,0,38,0,0,0,0,134,65,0,33,0,5,3,0,3,0,0,248,0,0,0,0,0,346,0,0,4,0,131,245,0,0,0,9,0,0,0,114,0,0,18,28,0,0,0,241,12,40,0,0,0,0,219,9,0,0,20,4,0,244,0,1,0,0,0,131,50,0,2,1,0,0,0,0,0,37,0,1,0,26,0,0,0,0,29,0,0,0,0,2,0,0,4,394,0,0,0,0,0,512,1,0,0,1,40,0,0,0,0,1,59,2,0,0,32,0,16,877,15,0,0,0,51,0,0,0,5,0,0,0,1,0,60,9,0,1,14,1,0,109,0,0,0,0,0,11,0,3,0,2218,0,0,9,0,0,0,6,0,4,0,0,0,0,56,373,0,0,0,0,0,2,0,0,0,0,0,0,138,14,1,0,0,0,2,0,0,17,0,0,0,0,8,0,0,2,0,0,0,0,1,1,0,84,132,12,0,0,34,0,4,0,0,324,0,49,0,345,0,1,187,0,0,1,0,0,2,0,0,0,0,0,0,0,1,0,0,178,14,17,1,13,0,0,0,8,32,0,0,0,20,0,0,0,0,13,43,0,5,0,0,0,0,0,1,13,560,0,0,64,0,0,0,0,0,78,77,0,0,0,0,83,0,10,0,0,28,0
"25",0,3,1,8,0,0,0,0,0,0,0,0,2,0,17,0,2,0,0,0,0,44,0,118,0,2250,0,0,10,0,17,0,6,51,0,0,24,6,0,0,4,0,0,0,0,0,0,1,0,0,0,57,1,0,1,3,0,0,0,58,4,0,0,7,0,0,267,6,78,0,39,0,0,0,0,0,2,0,0,12,46,9,1,0,0,1,0,1,0,19,0,6,16,0,0,0,0,0,0,0,3,13,12,73,0,0,0,43,0,2,0,0,0,13,0,0,0,1,1,0,0,0,0,0,17,0,3,0,0,0,20,5,0,4,5,1,7,9,0,0,6,0,0,2,0,0,6,35,3,0,1,0,1,31,0,0,0,0,0,0,0,0,0,0,0,0,0,0,1,4,0,0,0,0,0,0,0,0,9,1,0,0,0,0,3,0,0,0,0,0,0,19,2,0,0,0,0,6,0,0,257,0,0,2,0,5,21,0,3,2,0,0,0,0,3,1,52,121,362,32,32,48,0,14,0,0,0,0,87,0,134,0,1,931,0,0,3,2,0,18,0,0,0,0,1,0,1,2,3,0,0,5,5,0,3,5,3,0,0,0,0,0,0,1,0,0,0,0,12,24,0,39,158,0,0,0,1243,0,4,2213,1,0,54,0,0,0,0,0,76,8,0,0,0,0,96,13,5,0,0,335,0
"26",4,0,0,154,0,0,2,8,0,0,0,6,1,0,1,0,0,0,0,10,0,46,0,90,0,1435,0,0,4,48,325,0,0,394,0,27,2,132,11,0,5,0,0,44,0,677,0,0,0,0,18,125,3,0,0,4,1,1,0,35,55,0,0,0,0,0,65,6,79,0,13,0,0,0,0,0,0,0,0,8,31,4,9,0,31,0,1,0,0,18,0,2,2,0,0,2,0,0,50,0,0,0,0,0,5,0,0,840,2,0,4,0,0,233,1,8,0,0,100,0,21,0,0,2,339,0,0,0,0,0,0,1,0,3,0,0,8,19,0,2,13,0,0,0,0,0,14,0,11,0,0,11,0,0,0,0,0,0,0,84,0,0,0,0,0,0,0,0,0,1,14,0,0,1,0,0,0,0,751,0,0,0,0,0,41,0,0,0,0,0,3,67,1,0,270,0,14,0,0,135,0,0,0,40,0,22,0,0,0,1,0,0,0,3,26,0,47,13,6,0,0,0,0,0,0,0,0,0,57,6,36,0,0,638,0,0,0,0,0,0,0,0,0,0,0,0,20,0,0,0,0,8,18,0,9,81,0,0,0,20,1,0,0,0,0,0,0,0,0,116,0,4,572,0,6,2,0,0,4,266,1,0,854,0,0,0,0,1,14,0,0,0,0,0,0,0,0,0,0,102,0
"27",0,0,0,0,0,0,0,0,0,0,0,0,1,0,1,0,4,6,2,0,0,0,0,0,0,1769,0,0,1,3,1,0,0,28,0,0,0,0,0,0,0,0,0,0,0,228,0,0,0,0,32,0,0,0,0,17,0,0,0,0,0,0,0,0,0,0,106,0,0,0,0,0,0,0,0,0,0,0,0,0,0,0,199,0,0,22,11,0,0,0,0,3,1,0,0,0,0,0,0,0,0,197,0,0,2,0,0,239,0,0,0,0,10,0,0,0,0,0,49,9,0,0,0,0,0,0,0,0,0,0,0,54,0,0,0,0,6,0,0,0,6,0,0,0,0,0,10,0,0,0,15,0,0,0,0,0,0,0,0,0,0,0,0,0,0,0,0,0,0,0,0,0,0,0,0,0,3,0,0,0,0,0,0,38,0,0,0,0,0,0,0,0,1,0,0,0,0,0,0,0,0,0,0,983,0,2,0,0,1,0,5,0,0,0,0,0,0,0,1,0,0,0,0,0,0,0,0,0,41,43,109,4,0,0,0,0,0,0,1,66,0,0,0,0,4,0,0,0,0,0,0,0,0,1,0,4,19,0,0,0,0,0,0,0,0,0,0,0,0,3195,0,0,261,0,0,0,0,0,0,2117,0,0,0,0,0,0,0,0,0,0,0,0,0,0,0,0,5,0,0,70,0
"28",0,0,0,0,0,0,13,0,0,0,0,2,0,0,9,0,0,0,0,0,0,0,0,25,0,294,0,0,346,8,0,0,0,0,0,0,0,0,0,0,0,0,1,0,0,447,0,0,0,0,0,0,0,0,0,6,0,0,0,37,0,35,0,0,0,0,0,0,0,75,14,0,0,0,0,0,0,0,0,0,0,3,0,0,0,0,3,0,0,0,0,14,0,0,0,9,0,0,0,0,0,5,0,0,31,0,4,104,0,0,0,0,0,147,4,0,0,0,40,0,0,0,0,1,1349,2,0,223,0,0,1,3,0,0,0,0,87,0,0,0,6,0,0,0,1,0,3,0,0,0,3,1,0,5,0,0,0,0,0,11,0,0,0,0,0,0,0,0,0,0,0,0,919,1,0,5,0,0,4,0,0,0,0,0,53,0,0,0,0,0,0,31,1,0,0,0,0,0,0,0,0,0,0,0,0,10,5,0,0,54,0,0,10,1,1,1,12,0,1,0,0,20,0,0,0,0,0,0,175,0,2,11,0,335,0,0,0,0,0,2,0,0,0,0,0,0,16,0,0,0,0,0,0,0,0,1,1,0,2,0,0,0,0,2,0,0,0,0,0,9,0,0,860,0,2,0,1,0,0,2281,0,0,1385,0,0,0,0,2,0,0,0,0,0,9,282,0,0,0,0,88,0
"29",0,0,0,0,0,0,0,19,0,0,0,0,0,194,0,0,0,0,0,0,62,0,0,0,0,2799,0,0,7,7,6,8,0,48,0,0,0,265,0,0,0,0,1,126,1,549,0,0,1,0,3,14,0,0,0,0,0,0,0,102,5,16,0,0,0,0,123,0,0,0,62,0,0,101,0,0,0,0,0,360,0,0,36,0,220,0,0,0,0,28,557,20,0,0,0,0,0,0,29,0,0,1,0,0,2,0,4,723,0,0,15,0,0,252,0,0,0,0,40,2,0,0,0,119,610,2,0,0,0,0,1,101,0,0,0,0,277,0,0,0,0,0,0,0,247,0,3,0,0,0,39,1,0,16,0,0,0,0,135,11,0,0,0,0,0,0,0,0,0,0,0,0,4,0,0,0,0,0,287,0,0,0,0,0,0,0,0,0,0,0,0,31,1,0,0,0,0,0,0,0,17,0,0,0,0,20,0,0,0,1,0,0,0,1,1,0,79,0,140,32,0,23,0,0,0,0,0,0,232,0,243,0,0,82,0,0,0,0,0,2,0,0,0,0,0,0,0,35,0,0,0,0,0,0,0,0,12,0,0,0,0,0,0,0,0,0,0,0,0,0,0,0,32,0,0,0,49,0,0,188,0,0,179,0,0,0,0,0,76,26,0,0,0,0,32,0,5,0,0,109,0
"30",0,0,0,0,0,0,8,0,0,0,0,0,0,0,12,0,71,0,0,0,0,11,0,1,0,2593,2,0,6,0,472,0,0,144,0,0,51,3,0,0,0,0,1,182,0,49,0,1,0,0,0,0,0,0,1,1,0,0,0,108,0,75,0,0,0,0,4,0,0,0,0,0,0,7,0,0,0,0,0,29,0,0,0,0,13,0,171,0,0,35,0,1,0,52,0,0,0,0,52,0,0,0,0,0,0,33,4,999,0,0,0,0,0,368,0,0,0,0,318,0,26,0,0,1,515,2,0,0,0,0,24,72,0,0,0,0,149,20,0,0,16,0,0,0,1,0,3,0,0,0,3,1,0,3,0,0,0,0,8,11,0,0,0,0,0,0,0,0,0,0,0,0,4,0,0,0,2,13,4,0,0,0,0,0,0,0,0,0,0,0,0,254,1,0,0,0,0,0,0,0,0,0,0,0,0,47,0,0,0,0,0,0,0,1,1,0,12,0,1,0,59,1,0,0,0,0,0,0,81,0,266,0,0,504,0,0,0,0,0,79,0,0,0,0,0,1,0,0,0,46,0,0,0,0,11,245,1,1,0,273,0,0,0,0,0,0,0,0,4,495,0,0,206,0,0,0,0,0,0,0,0,0,127,0,0,0,0,0,0,8,0,0,0,0,40,0,25,0,4,60,15
"31",0,0,0,0,0,0,0,2,0,0,0,0,0,27,0,25,0,0,0,0,0,1,0,109,0,4336,0,0,17,2,0,0,0,298,0,0,5,258,0,0,6,0,89,13,0,0,0,0,0,0,0,43,0,0,12,5,8,0,12,1,0,0,0,0,253,0,32,0,0,56,0,0,0,6,0,0,0,0,0,0,0,0,0,0,0,0,0,0,0,39,13,7,0,0,0,0,0,1,32,0,0,0,0,0,0,0,4,104,0,37,0,0,0,16,0,0,0,0,40,10,0,0,0,1,14,2,0,0,0,0,1,3,0,0,0,0,7,14,0,4,0,0,0,0,1,0,3,0,0,2,3,1,1,0,0,0,0,0,0,11,0,0,0,0,0,0,0,0,0,0,0,0,4,0,0,0,0,0,56,0,0,0,0,0,0,0,2,0,0,0,0,31,1,0,0,0,0,0,0,0,0,0,0,0,0,18,0,0,0,1,0,0,0,1,1,0,12,0,1,0,0,1,0,0,0,0,0,0,2,16,44,1,0,55,0,0,0,0,0,2,0,0,0,0,0,0,0,0,0,0,0,0,0,0,0,0,1,0,0,14,0,0,0,1,0,0,0,0,0,1202,0,0,76,1,0,0,6,0,0,141,0,0,244,0,0,0,0,0,2,0,0,0,0,0,24,0,2,0,0,73,0
"32",0,0,0,11,0,0,0,0,0,0,0,0,2,0,1,0,0,8,0,0,0,14,0,196,0,148,0,0,3,1,19,0,0,97,0,0,6,92,6,18,7,0,1,0,0,82,0,2,0,0,0,0,1,3,0,0,0,0,0,199,0,0,0,0,0,0,208,0,21,0,15,4,39,130,0,0,0,0,0,18,70,0,26,0,0,0,0,23,0,3,9,0,255,0,0,1,0,0,0,0,10,0,0,0,2,1,4,5935,0,0,0,0,1,16,0,0,0,5,184,0,46,0,0,1,14,2,0,0,0,0,1,3,0,0,11,8,7,25,0,0,185,0,0,0,1,0,3,0,8,0,13,1,60,0,0,0,0,0,0,11,0,0,0,313,0,0,0,0,0,0,0,0,4,0,0,0,0,10,4,0,0,0,0,0,17,0,0,0,0,0,1,31,1,0,0,0,0,3,0,0,0,0,0,0,351,5,1,0,0,6,0,0,0,1,8,0,55,35,172,0,43,46,0,0,0,0,0,0,2,0,2,0,0,0,0,0,1,0,0,2,0,0,0,0,37,0,0,0,0,0,0,5,0,0,32,0,18,0,12,0,0,0,0,0,0,0,0,0,0,128,0,0,0,0,0,0,1,3,6,0,2,0,131,0,0,0,0,0,8,0,0,0,0,0,95,3,0,0,0,41,0
"33",1,0,0,0,0,0,0,0,0,0,0,0,0,0,23,0,0,0,0,0,0,3,0,164,0,1058,0,0,93,15,1,0,0,298,0,0,1,1,6,0,0,0,496,11,0,72,0,0,1,0,19,438,0,0,0,4,0,0,0,0,0,0,0,149,0,0,0,0,0,0,2,0,0,0,0,0,0,0,0,1,0,2,3,0,0,0,1,0,0,178,0,8,0,0,0,0,0,0,29,0,0,5,0,0,0,0,17,160,0,2,0,0,0,80,2,0,0,0,27,17,0,0,6,10,27,0,0,0,0,0,0,0,0,0,0,0,1,9,0,0,21,0,0,0,0,0,1,27,6,0,2,0,0,3,0,0,0,0,0,0,0,0,0,0,0,0,0,0,0,0,0,0,0,0,0,0,0,0,9,0,0,0,0,0,1,0,0,0,0,0,0,163,3,1,0,0,0,0,0,0,2,0,159,1,1,20,1,0,2,2,0,0,0,0,1,0,45,0,52,0,0,0,0,0,0,0,0,0,13,0,73,0,0,2050,0,0,0,0,0,0,0,73,0,0,0,0,253,0,0,0,0,0,0,0,2,0,0,0,0,1,0,0,0,1,0,0,0,0,3,187,0,0,247,0,0,0,0,0,1,2579,0,3,6,0,0,0,0,0,0,0,0,0,0,0,322,0,156,0,0,69,0
"34",2,0,4,1,0,0,0,0,0,0,0,1,0,0,14,0,0,0,0,0,0,36,0,2,0,4318,0,0,5,0,0,0,27,126,0,0,57,0,1,0,0,5,1,0,0,0,0,9,0,0,0,17,0,0,0,0,0,0,0,0,0,0,0,0,0,0,142,0,0,0,0,0,0,0,0,0,0,0,0,108,0,14,58,0,0,2,116,0,0,0,0,11,1,0,0,8,0,0,101,0,0,0,0,0,1,0,4,781,0,0,0,0,0,16,0,0,0,1,40,0,1,0,0,1,14,2,0,13,0,0,1,3,0,8,0,0,7,0,0,0,7,0,0,0,1,0,3,0,0,0,3,1,3,30,0,0,0,0,0,11,0,0,0,0,0,0,0,0,0,0,0,0,4,0,11,67,0,0,4,20,0,0,0,0,15,0,0,0,0,0,6,31,1,0,0,0,0,0,0,0,0,0,0,0,0,23,0,0,0,0,0,0,0,1,1,0,12,0,66,0,67,1,0,0,0,0,0,0,57,0,345,0,0,1051,0,0,0,0,0,2,0,0,0,0,0,0,0,0,0,0,0,0,39,0,46,6,0,0,0,0,0,0,0,1,0,0,0,0,0,7,0,0,92,0,3,0,0,0,44,328,2,0,125,0,0,0,0,0,0,0,0,0,2,0,15,0,8,0,0,237,0
"35",0,0,0,2,9,0,0,0,0,0,0,0,1,0,4,5,0,0,1,0,0,0,0,39,0,47,0,0,51,34,0,0,0,0,0,0,2,237,0,0,7,0,0,0,0,1,0,0,0,0,7,102,0,0,0,3,1,0,0,1,0,0,1,3,0,0,72,0,1,0,0,0,0,1,1069,196,0,0,0,84,9,0,68,0,0,1,0,0,1,29,0,1,0,0,0,0,7,0,0,0,0,0,0,2,0,0,0,3293,0,0,0,0,0,3,0,0,0,0,81,0,37,0,0,1,105,0,0,10,0,0,0,132,0,0,4,0,545,27,0,0,0,0,0,0,0,0,0,10,5,2,5,0,0,0,1,0,0,1,0,0,0,0,0,0,0,0,1,2,0,0,20,0,1,0,0,0,0,0,0,0,0,0,0,0,1,0,0,0,0,0,5,14,1,0,0,1,3,0,0,0,0,0,0,1315,0,12,0,0,0,1,0,0,0,0,4,0,29,0,33,0,0,0,0,0,1,0,0,0,0,0,0,1,0,115,6,0,0,0,0,0,0,14,0,0,2,0,0,0,0,0,0,7,0,22,0,1,14,0,5,0,0,0,0,33,0,0,0,0,0,338,0,0,278,0,1,0,0,0,0,1061,0,0,32,0,0,0,0,0,0,0,0,0,0,0,0,0,240,0,0,31,0
"36",0,62,2,2,0,0,18,0,0,0,0,0,0,0,1,0,40,0,0,0,0,65,0,195,0,1629,0,0,34,12,184,0,0,92,0,0,38,183,0,0,9,0,1,0,0,0,0,0,0,0,15,123,0,0,5,3,0,2,0,0,23,0,2,4,0,0,100,0,0,66,0,0,0,0,0,0,1,0,0,121,0,0,0,0,0,3,99,0,0,88,0,4,1,0,0,0,0,0,0,0,5,2,0,5,0,0,4,561,0,0,0,0,0,16,0,39,0,0,40,0,0,0,0,1,14,2,1028,0,0,0,1,3,0,4,0,0,7,29,0,0,8,0,0,0,1,0,3,15,0,0,3,1,0,0,0,0,17,0,0,11,2,0,0,0,0,0,0,0,0,0,52,0,4,0,0,0,0,164,682,0,0,0,0,0,0,0,0,0,0,0,0,31,1,24,0,0,0,3,0,0,0,0,0,0,0,126,0,0,0,1,0,0,0,1,1,0,12,0,1,0,15,133,0,0,0,0,0,0,2,0,2,0,0,365,0,0,0,5,0,2,0,0,0,0,6,28,0,0,0,0,0,4,0,0,0,36,12,0,5,0,0,0,0,10,0,0,0,0,110,17,0,0,42,0,0,0,0,0,0,988,0,0,848,0,0,0,0,0,0,96,0,0,0,0,68,0,57,0,0,75,0
"37",0,0,0,3,0,0,4,0,0,0,0,0,2,0,108,0,0,0,0,0,0,0,0,21,0,1605,0,0,224,363,0,0,0,74,0,0,0,134,0,0,0,0,0,0,0,139,0,0,0,0,7,0,0,0,0,3,0,0,0,0,0,168,0,0,0,0,0,0,0,0,127,0,0,0,0,0,0,0,0,0,0,0,323,0,0,0,0,0,0,0,0,517,156,0,0,0,0,0,0,0,0,0,0,0,2,0,0,1493,0,0,0,0,0,0,0,0,0,0,65,0,0,0,0,4,0,0,0,0,0,0,0,0,0,0,0,0,0,0,0,0,185,0,0,0,0,0,84,0,0,0,4,0,0,0,0,0,0,0,0,585,0,0,0,0,0,0,0,0,0,0,0,0,229,0,0,0,0,146,0,0,0,0,62,0,20,0,0,0,0,0,2,138,0,0,0,0,0,0,0,0,0,0,0,38,0,500,0,0,0,0,0,0,0,0,0,0,0,0,215,0,0,0,0,0,0,0,0,0,0,0,0,0,0,0,0,0,0,0,0,0,20,0,0,0,15,0,0,0,0,0,0,0,0,0,91,253,40,0,0,0,0,0,0,0,0,0,0,0,0,368,0,27,860,0,0,0,0,0,0,5,0,0,0,0,0,0,0,0,115,0,0,0,0,0,98,0,0,0,0,358,0
"38",0,0,0,0,0,0,1,0,0,0,0,0,0,0,26,0,0,0,0,0,0,7,0,0,0,332,0,0,22,1,0,0,0,55,0,0,0,0,0,0,0,0,0,87,0,168,0,0,0,0,0,0,0,0,0,0,0,0,0,0,0,0,0,0,0,0,188,0,0,0,0,1,0,0,0,0,0,0,0,179,0,0,0,0,0,4,0,0,0,7,0,5,299,0,0,0,0,0,14,0,0,22,0,0,0,0,221,631,0,0,0,0,0,37,0,0,0,0,39,0,0,0,0,1,63,0,0,198,0,0,0,0,0,0,0,0,163,0,0,0,1,0,0,0,0,0,0,0,0,0,9,0,0,4,0,0,0,0,0,0,0,0,0,0,0,0,0,0,0,0,0,0,0,0,0,0,0,27,239,0,0,0,0,0,3,0,0,2,0,0,0,1,3,6,0,0,0,0,0,0,0,0,0,0,0,0,0,2,0,15,0,0,0,0,0,0,0,0,1,0,0,0,0,0,0,0,0,0,60,0,110,0,0,653,0,0,0,18,0,0,0,0,0,0,3,0,0,0,0,0,0,0,0,1,0,0,0,0,0,0,0,0,0,0,0,0,0,0,0,2758,0,12,0,0,0,0,0,0,0,2751,0,0,511,0,0,0,0,0,0,31,0,0,0,0,0,0,7,0,0,1,0
"39",0,1,0,0,0,0,0,0,0,0,0,0,0,0,16,0,30,3,0,0,0,0,0,215,0,2,0,0,150,26,0,0,0,0,0,0,0,0,0,0,0,0,0,0,0,9,0,0,0,0,0,0,0,0,0,0,0,4,0,0,0,0,0,0,0,0,10,0,9,0,0,0,0,0,0,0,0,0,0,0,0,9,608,0,0,0,0,0,0,0,0,295,732,0,0,516,0,0,0,0,0,24,0,0,0,0,0,935,0,0,45,0,0,26,0,1,3,0,33,0,0,0,0,1,72,0,0,0,0,0,40,0,0,0,0,0,15,0,0,0,1,0,0,0,185,0,0,0,0,0,14,212,0,2,0,0,0,0,0,0,0,0,0,0,0,0,0,0,0,12,52,0,1,0,0,0,0,0,0,0,0,0,0,0,0,0,0,0,0,0,0,0,8,0,33,0,0,0,0,0,0,0,0,0,0,0,0,0,1,666,0,0,0,0,0,0,0,0,287,0,0,0,0,0,0,0,0,0,162,0,0,0,0,0,0,0,41,0,0,0,0,0,0,0,3,1,0,0,0,0,0,0,0,0,0,1,0,0,0,0,0,0,0,0,0,0,0,0,0,511,0,0,742,0,0,0,0,0,0,2892,0,0,304,0,0,0,0,13,0,0,0,0,0,0,21,0,6,0,0,0,0
"40",0,0,0,0,0,0,2,0,0,0,0,0,0,0,0,0,0,0,0,0,0,0,0,532,0,1046,0,0,0,0,0,0,0,0,0,0,0,0,0,0,0,0,1,0,0,104,0,0,0,0,0,0,0,0,0,0,0,0,0,0,0,0,0,0,0,0,369,0,0,0,0,0,0,0,0,0,0,0,0,0,0,0,0,0,0,15,0,0,0,0,0,0,0,0,0,0,0,0,0,0,0,17,0,0,0,0,4,4409,0,0,0,0,0,16,0,0,0,0,40,0,50,0,0,1,137,2,0,0,0,0,1,3,0,5,0,1,7,0,0,0,322,0,0,0,1,0,3,0,0,0,3,1,0,0,0,0,0,0,0,11,0,0,0,235,0,0,0,0,0,1,0,0,4,0,0,0,0,0,4,3,0,0,0,0,0,0,0,0,0,0,0,31,1,0,0,0,0,0,0,0,0,0,6,0,0,1,0,0,0,24,5,78,0,1,1,0,12,0,1,0,0,1,0,0,0,0,0,0,2,0,2,0,0,294,0,0,0,0,0,2,0,0,0,0,0,28,0,0,0,0,0,0,0,1,0,1,223,0,0,0,0,0,0,0,0,0,0,0,0,122,0,0,0,0,0,0,0,0,0,2579,0,0,0,0,0,0,0,0,0,0,0,0,0,0,0,0,0,0,0,0,0
"41",0,0,0,0,0,0,1,0,0,0,0,0,0,0,130,0,0,0,0,0,0,0,0,0,0,230,0,0,1,0,4,0,0,0,0,0,0,0,0,0,14,0,1,5,0,0,0,0,0,0,0,0,0,0,0,0,0,0,0,0,0,0,0,0,0,0,0,0,0,0,0,0,0,4,0,0,0,0,0,0,0,0,0,0,12,0,1,0,0,40,103,0,196,0,0,0,0,0,0,0,0,0,0,0,0,0,122,5345,0,0,0,0,0,117,0,0,0,0,40,0,7,0,0,1,14,2,0,0,0,0,1,72,0,0,0,0,149,0,0,0,0,0,0,0,1,0,3,0,0,0,3,25,0,3,0,0,0,0,0,11,0,0,0,188,0,0,0,0,0,0,0,0,4,0,0,0,0,2,4,0,0,0,0,0,0,0,0,0,0,0,0,31,1,0,0,0,0,0,0,0,0,0,0,12,0,1,0,0,0,1,0,0,0,1,1,0,12,7,111,0,0,1,0,0,0,0,0,0,53,0,2,0,0,30,0,0,0,0,0,2,0,0,0,0,0,0,0,0,0,0,130,1,0,0,0,0,0,0,0,0,0,0,0,0,2,0,0,0,0,511,0,0,2502,1,2,0,0,0,0,1134,0,0,0,0,0,0,0,1,0,0,0,0,0,0,51,0,0,0,0,0,0
"42",1,0,0,0,0,0,1,0,0,0,0,0,0,0,8,0,0,0,0,0,0,0,0,4,0,1,0,0,34,13,152,0,0,40,0,0,12,0,0,0,2,0,1,0,0,0,0,0,0,0,0,0,0,0,0,0,0,0,0,0,0,0,0,0,0,0,197,0,0,0,0,0,0,0,0,0,0,0,0,0,0,0,0,0,0,0,0,0,0,0,0,9,10,0,0,0,0,0,0,0,0,0,0,31,30,0,4,841,0,0,0,0,0,16,0,12,0,0,40,0,0,0,0,1,14,2,0,0,0,0,1,3,0,0,0,0,7,0,0,0,16,0,1,0,1,0,3,0,0,0,17,1,0,0,0,0,0,0,0,11,0,0,0,0,0,0,0,0,0,0,0,0,4,2,0,0,0,0,4,0,0,4,0,0,0,0,0,0,0,0,0,31,1,49,0,0,0,0,1,0,0,0,0,0,0,14,0,31,0,26,66,0,0,1,1,1,12,0,1,0,54,1,0,122,0,0,0,0,2,0,2,0,0,798,0,0,0,0,0,2,0,0,0,0,0,230,0,0,0,11,0,0,0,0,0,0,0,0,12,2,0,0,0,0,12,0,0,0,0,1089,0,0,1036,24,0,0,0,0,0,0,0,0,724,0,0,0,0,0,0,0,0,0,0,0,14,0,177,0,0,146,0
"43",0,1,0,5,0,0,1,0,0,0,0,0,0,152,1235,0,0,0,0,1,0,3,0,135,0,1101,0,0,66,0,0,0,0,27,0,0,5,2,12,0,12,0,0,0,0,65,0,0,0,0,10,73,0,0,0,3,0,0,0,21,0,84,0,0,0,0,42,0,63,0,0,0,0,0,362,0,0,0,0,4,15,0,1,0,0,0,0,0,0,15,465,114,0,0,0,0,0,0,0,0,9,120,0,0,16,0,2,50,0,42,0,0,0,204,0,0,0,0,17,16,0,0,0,2,0,0,3,0,0,0,11,125,0,0,0,9,0,37,0,0,31,0,0,0,0,0,0,0,0,0,0,0,0,0,0,0,0,0,0,19,0,0,0,264,0,0,0,0,0,0,0,0,1153,0,0,4,0,0,4,0,0,1,0,0,0,0,0,0,0,0,0,43,0,0,0,0,14,0,0,11,0,0,0,1,4,2,0,0,0,0,0,0,0,0,4,0,19,0,0,0,1,0,0,0,0,0,0,0,70,1,32,0,0,73,0,0,0,0,0,0,0,0,1,0,0,0,0,0,0,0,0,1,0,0,0,0,10,0,0,9,0,0,6,0,0,0,0,62,0,652,0,0,970,0,0,0,0,0,1,1726,0,0,45,0,0,0,0,0,0,0,0,0,0,0,0,0,4,0,0,11,0
"44",0,0,0,0,62,0,0,0,0,0,24,8,7,0,0,0,0,0,0,0,121,10,0,241,0,805,0,0,9,0,423,0,3,31,0,0,14,87,16,0,0,0,1,252,0,158,61,0,0,0,4,204,0,0,78,4,0,0,0,0,0,0,0,0,0,0,395,0,68,47,53,0,6,0,0,0,0,0,0,96,18,2,17,0,954,1,151,0,0,10,0,20,14,0,0,0,0,0,40,0,0,0,0,2,0,0,4,104,0,0,0,7,0,195,1,0,0,0,40,0,0,0,0,45,105,2,0,36,0,0,31,3,0,0,0,3,7,33,0,0,0,0,0,0,1,0,3,11,0,0,3,212,0,0,0,0,0,0,160,11,0,0,0,0,0,0,1,0,0,0,0,0,4,0,0,0,0,26,570,0,6,0,0,0,0,0,0,265,0,0,0,125,1,0,0,0,89,0,1,0,0,0,0,588,313,20,0,0,0,1,0,0,0,1,17,0,265,500,1,0,38,1,0,0,0,0,0,0,2,0,2,0,0,548,0,0,0,0,0,2,0,0,0,0,0,0,0,0,0,0,355,0,21,0,60,0,0,1,0,23,0,0,0,6,0,1,0,0,0,33,11,40,7,1,0,0,0,0,0,0,0,0,60,0,0,0,0,0,0,1,0,14,0,0,0,35,1,0,0,41,0
"45",0,0,0,0,0,0,2,1,0,0,0,0,0,0,66,0,56,0,0,0,0,42,0,0,0,1325,1,0,4,25,0,0,0,68,0,0,0,114,0,0,0,0,1,0,0,104,0,0,0,0,0,0,0,0,0,0,0,0,0,232,0,0,0,0,0,0,208,0,0,0,0,1,0,0,0,94,0,0,0,13,0,0,1,0,0,6,0,0,0,30,0,8,0,0,0,0,0,0,10,0,7,13,0,6,0,0,4,2546,0,29,0,0,0,679,0,0,0,0,703,0,0,0,0,1,941,146,0,0,0,0,14,39,0,0,0,0,46,0,0,0,59,0,4,0,1,0,3,0,0,0,63,1,0,6,0,0,0,0,0,11,0,0,0,0,0,0,0,0,0,149,10,0,4,0,0,0,0,0,147,0,0,0,0,0,17,0,0,0,0,0,0,31,1,9,0,0,0,1,0,0,0,0,0,2,0,110,0,5,0,0,4,0,11,1,15,1,67,0,314,0,293,1,0,0,0,0,0,0,2,0,2,1,0,492,0,0,1,0,0,2,0,0,0,0,0,0,0,0,1,0,0,1,5,0,1,50,14,0,5,2,0,0,0,3,0,0,0,0,5,15,0,0,278,0,0,0,0,0,0,417,0,0,544,0,0,0,0,0,0,13,0,0,0,0,0,1,78,0,0,41,0
"46",0,0,0,0,0,0,3,1,1210,0,0,0,0,1,134,0,0,0,0,0,2,1,0,0,0,2348,0,0,33,3,0,0,0,27,0,0,0,0,0,0,0,0,1,3,0,2,0,0,0,0,0,0,0,0,0,0,0,0,0,1,0,2,0,0,0,3,0,0,0,0,0,0,0,5,0,0,0,0,0,1,0,0,11,0,0,318,0,0,0,2,0,52,39,0,0,158,0,0,7,0,0,0,0,0,0,0,132,1127,0,0,0,0,0,105,0,0,0,0,223,0,0,0,0,1,236,2,0,0,0,0,16,42,0,5,0,0,753,0,0,0,0,0,0,0,1,0,3,0,0,7,3,1,0,0,0,0,0,0,3,11,0,0,0,0,0,0,0,0,0,0,0,0,4,0,0,0,0,0,78,0,0,0,0,0,0,8,0,0,0,0,0,31,1,0,0,0,0,0,0,0,0,0,0,0,0,1,0,0,0,0,0,0,0,1,1,0,12,0,1,0,0,1,0,0,0,0,0,0,23,0,23,0,0,0,8,0,0,0,0,2,0,0,0,0,0,0,0,0,0,0,13,0,0,0,0,253,6,0,0,0,0,0,0,0,0,0,0,0,0,1202,0,0,5,5,0,0,1,1,0,0,0,0,71,0,0,0,0,0,0,0,0,0,0,0,1,0,4,0,0,78,0
"47",0,0,0,0,0,0,0,0,0,1,0,0,0,0,11,0,0,0,1,0,66,0,10,200,0,2593,0,0,58,19,0,0,67,195,0,0,0,0,0,0,10,0,1,0,0,0,0,0,1,0,20,30,0,0,0,3,2,1,0,0,0,0,0,0,0,4,0,2,11,280,70,0,60,0,0,0,0,0,0,58,0,0,0,0,384,0,0,0,0,28,0,5,0,0,0,0,0,0,0,0,0,0,0,0,0,0,103,104,0,0,0,0,0,16,0,0,0,0,40,2,0,0,0,1,14,2,0,0,2,0,1,3,0,0,0,21,7,0,0,0,0,0,0,0,1,0,3,19,0,0,27,1,0,0,0,0,0,0,0,11,0,0,0,0,0,0,0,0,0,0,0,0,4,0,0,0,0,0,4,0,0,0,0,0,0,0,0,0,0,0,0,31,1,1,0,0,0,0,0,0,0,4,3223,0,0,18,0,0,0,5,308,45,14,1,1,1,12,16,1,0,1,1,0,1,0,0,0,0,2,0,2,0,0,55,0,0,0,0,4,2,0,0,0,55,0,0,0,0,0,0,0,5,0,0,2,4,0,0,0,0,2,0,0,0,0,0,0,0,0,0,0,0,243,0,7,0,0,0,0,2418,0,0,0,0,0,0,0,0,0,0,0,0,0,0,68,0,20,0,0,0,0
"48",0,0,0,0,0,0,310,0,0,0,0,0,0,131,0,0,0,0,0,0,0,0,0,0,0,6632,0,0,0,0,315,0,0,0,0,0,0,0,0,0,0,0,0,74,0,0,0,0,0,0,0,0,0,0,0,0,0,0,0,0,0,0,0,0,0,0,123,0,1,0,0,0,0,0,0,0,0,0,0,0,0,0,0,0,0,0,0,0,0,0,0,0,25,0,0,4,0,0,0,0,0,9,0,0,0,0,0,0,0,0,0,0,4,26,0,0,0,0,0,0,0,0,0,1,0,0,0,0,0,0,0,0,0,0,0,0,0,0,0,0,0,0,0,0,0,0,0,0,0,0,0,0,0,0,0,0,0,0,0,38,0,0,0,0,0,2,0,0,0,0,0,0,0,1,0,0,0,0,763,0,0,0,0,0,0,0,0,0,0,0,0,0,0,0,0,0,2,0,0,0,0,0,0,0,0,0,0,0,0,42,0,0,0,0,0,0,14,0,0,0,0,0,0,0,2,0,0,0,8,0,0,0,0,0,0,0,0,0,0,0,0,124,0,0,0,0,0,0,0,0,0,0,0,0,0,0,0,0,0,0,0,0,0,0,0,0,0,0,0,26,0,0,189,2,0,0,0,0,0,1127,0,0,0,0,0,2,0,0,0,0,0,0,0,0,0,0,0,0,0,0,0
"49",0,0,0,1,0,0,1,6,0,0,0,0,0,0,0,0,0,0,0,0,3,8,1,205,0,0,0,0,37,5,0,1,0,0,0,0,0,0,0,0,6,0,1,0,0,0,0,2,0,0,12,69,0,0,0,26,1,0,0,37,0,4,0,0,0,0,0,0,0,0,0,2,3,6,0,0,0,0,1,0,0,0,0,0,0,0,0,0,0,15,1,517,0,0,0,0,0,0,0,0,0,0,0,0,0,0,4,4625,0,0,0,0,0,16,0,0,3,0,40,0,0,0,0,1,14,2,0,0,0,0,1,3,0,0,0,0,7,0,0,0,14,0,0,0,1,0,3,7,0,0,3,1,0,3,4,0,0,0,0,11,0,0,0,0,0,0,0,0,0,0,0,0,4,0,0,0,0,0,4,0,0,0,0,0,37,0,0,0,0,0,0,31,1,0,0,0,0,0,0,0,0,0,0,0,0,172,0,0,0,1,2,0,0,1,1,1,12,0,1,0,0,1,0,0,0,0,0,0,2,0,2,0,0,287,0,0,0,0,0,2,0,0,0,0,0,0,0,0,0,0,0,0,11,0,22,4,0,0,4,0,0,0,0,0,0,0,0,0,0,4257,0,0,0,0,0,0,6,0,0,776,0,1,171,0,0,1,0,0,21,0,0,0,0,0,0,4,0,0,0,29,0
"50",0,0,9,1,2,0,0,2,0,0,1,0,0,84,27,0,0,26,1,0,4,15,0,607,0,3071,0,0,274,11,177,0,0,4,2,0,1,10,0,0,7,0,1,23,0,9,105,1,0,0,1,104,0,0,0,2,0,0,0,2,9,2,0,0,0,60,42,25,0,0,4,1,0,15,0,0,0,0,0,1,42,0,27,5,5,0,0,0,6,1,103,49,148,0,0,0,0,0,9,3,0,0,0,0,1,0,4,374,0,0,0,0,0,16,0,0,0,0,163,0,27,2,0,1,56,2,0,0,1,0,1,299,0,0,0,0,7,0,0,0,0,0,0,0,1,0,29,0,0,0,22,1,0,2,0,0,0,0,3,11,0,0,0,698,0,0,0,0,0,0,5,0,4,0,0,0,0,0,47,1,0,0,0,0,2,0,0,0,0,0,0,121,1,0,0,0,0,0,0,0,0,0,0,0,0,7,0,0,0,199,0,0,5,14,8,0,67,14,1,28,44,1,0,2,0,0,0,0,102,0,129,0,0,0,0,0,1,0,0,2,0,0,0,0,0,0,0,0,0,0,9,1,17,0,1,4,0,0,1,16,1,0,0,2,1,0,0,0,0,401,0,39,159,1,0,0,32,0,1,0,0,0,71,0,0,0,0,0,1,23,0,0,0,1,8,0,0,0,0,11,0
"51",0,0,1,2,13,0,1,0,0,0,0,0,2,0,91,0,2,0,0,0,0,1,0,532,0,953,0,0,19,0,0,0,0,0,0,0,77,309,0,0,3,0,0,0,0,1,0,0,0,0,6,27,0,0,0,33,2,0,0,153,0,0,3,109,0,0,55,27,13,0,9,0,0,3,0,0,0,0,0,0,6,0,2,0,0,0,2,0,5,5,0,53,1460,0,0,28,0,1,0,0,0,0,0,0,0,0,0,2839,0,0,0,0,0,1,0,0,0,0,48,1,16,0,32,1,8,0,0,0,0,0,0,7,0,4,5,2,1338,0,0,0,25,0,0,0,0,0,0,0,2,0,0,0,2,0,0,3,0,0,0,4,0,0,0,0,0,0,0,4,0,141,0,0,1,1,0,0,0,0,0,0,0,0,0,0,0,0,0,0,0,0,0,1,1,0,0,0,0,0,0,0,0,0,0,0,1,4,0,6,0,19,0,0,0,0,0,0,15,0,0,0,0,0,0,0,7,1,0,3,0,0,5,0,0,50,0,0,2,0,0,0,0,0,0,0,5,26,0,7,0,0,0,0,0,1,0,0,3,0,0,16,0,0,0,0,0,0,0,0,0,19,0,0,0,0,0,0,0,0,0,1227,0,4,0,0,0,0,0,0,0,6,0,0,0,0,0,0,3,0,0,81,0
"52",0,0,0,0,0,0,0,0,0,0,0,0,0,150,0,0,0,0,0,0,31,3,0,3,0,1906,0,0,46,1,0,0,0,0,0,0,1,71,0,0,0,0,1,30,0,111,0,0,1,0,0,16,0,0,0,0,0,0,0,81,0,19,9,0,0,2,424,0,0,267,6,0,0,3,0,0,0,1,0,0,0,0,0,0,5,3,0,0,0,17,1471,9,0,0,0,0,0,0,15,0,0,0,0,0,0,0,210,2911,0,0,0,0,0,105,0,0,0,0,138,0,0,0,0,16,59,2,0,0,0,0,44,201,0,1,0,0,51,0,0,0,0,0,0,0,1,0,3,0,0,4,3,48,32,0,0,0,0,1,3,99,0,0,0,0,0,0,0,4,0,0,0,0,115,0,0,0,0,0,515,1,0,0,0,0,0,5,0,0,0,0,0,31,1,2,0,0,0,0,0,0,0,0,0,0,485,140,0,0,0,11,0,0,11,1,25,0,168,56,1,6,0,1,0,0,3,0,0,0,23,0,23,0,0,954,0,0,0,0,0,2,0,0,0,29,0,0,0,0,0,0,3,10,23,0,25,0,0,0,0,0,1,0,0,2,0,0,0,0,0,4,0,0,0,0,0,0,1,0,2,3,0,0,1,0,0,0,0,0,53,9,0,0,0,1,0,0,0,0,0,26,0
"53",0,0,0,0,0,0,13,61,88,0,0,2,0,1,0,0,1,0,0,3,3,12,0,526,1,1506,0,0,0,0,0,0,0,47,0,0,1,122,6,0,3,0,0,0,0,0,0,0,0,0,8,131,0,0,0,6,2,0,0,115,33,0,4,4,4,0,268,0,3,0,13,0,0,8,0,0,0,0,2,35,11,0,44,0,0,2,0,0,0,24,0,24,0,0,0,0,0,1,1,17,0,0,0,0,0,0,0,3781,0,0,0,0,0,101,0,0,0,0,78,2,17,0,0,1,73,22,0,14,30,0,0,3,0,1,1,0,19,9,3,0,40,0,2,0,0,0,20,0,0,0,40,0,0,5,1,11,0,0,0,0,0,0,0,2,0,0,1,125,0,0,2,0,0,0,0,0,0,11,372,8,0,0,0,0,24,0,0,0,0,0,0,305,8,7,0,0,0,0,0,0,2,0,0,0,0,178,0,0,1,1,0,0,0,4,4,0,38,13,113,0,0,0,0,0,0,0,0,0,3,0,15,0,1,86,0,0,0,0,0,0,0,0,0,0,0,0,0,0,0,0,0,0,21,1,0,0,0,0,5,0,16,0,0,3,0,0,0,0,0,12,4,0,48,1,2,0,0,0,3,1001,0,0,0,0,0,0,0,0,0,10,0,0,0,0,1,0,30,0,0,85,0
"54",0,0,0,0,17,0,1,0,0,0,0,0,0,0,5,0,0,0,0,0,0,0,0,293,0,13,0,0,22,2,881,31,0,0,0,0,10,32,34,7,12,0,1,0,0,1,0,0,0,0,1,147,0,0,1,6,0,0,0,166,25,0,1,0,0,0,646,0,0,0,0,0,0,0,0,0,0,0,0,45,68,0,506,0,0,0,0,0,1,0,0,3,16,0,0,0,25,0,0,0,0,1,0,29,0,0,4,104,0,0,0,0,0,16,0,0,0,0,40,0,15,0,0,1,83,2,0,0,2,0,1,3,0,0,0,0,7,0,1,0,53,0,0,0,1,0,3,0,6,105,3,1,0,0,0,0,0,0,0,11,0,0,0,0,0,0,0,0,0,0,0,0,4,0,0,0,0,0,4,0,0,0,0,0,3,0,0,0,0,0,0,31,1,0,0,0,0,0,0,0,0,0,0,2713,0,14,0,0,2,15,0,0,0,1,12,0,85,0,240,0,0,1,0,0,0,16,0,0,2,0,2,0,0,282,0,0,0,0,0,2,0,0,0,0,0,54,0,25,0,0,0,0,0,0,37,8,0,0,2,0,0,0,0,1,0,0,0,0,0,759,0,4,993,1,0,0,0,2,2,0,0,0,117,0,0,0,0,0,0,3,0,0,0,0,0,0,0,0,0,0,0
"55",0,0,0,14,0,0,15,0,0,0,0,0,5,0,85,0,28,37,0,0,0,12,0,99,0,0,0,0,30,101,0,0,0,33,0,0,3,529,9,0,56,0,1,0,0,100,0,0,0,0,7,223,0,0,0,4,0,0,0,153,7,175,0,0,0,68,32,0,13,1,35,0,0,0,0,0,0,0,0,61,19,0,24,0,0,1,0,0,0,237,206,53,242,0,0,0,0,0,0,0,0,0,0,0,3,0,4,1310,0,0,32,0,0,16,0,0,0,0,279,0,8,0,0,1,118,2,1359,0,0,0,1,3,0,0,0,38,7,0,0,0,7,0,0,0,1,0,27,0,6,0,3,1,0,0,0,0,0,0,0,11,0,0,0,0,0,0,0,0,0,0,5,0,4,0,0,0,0,93,142,0,0,0,0,0,5,0,0,0,0,0,0,343,5,0,0,0,0,0,0,0,0,0,0,37,0,55,0,0,0,9,0,0,0,1,79,1,96,0,66,0,0,1,0,0,0,0,0,0,44,0,152,0,0,290,0,0,0,0,0,2,0,0,0,0,15,0,0,0,0,0,0,4,3,0,3,7,3,0,5,368,1,0,0,5,0,0,0,0,137,624,0,17,0,0,0,0,4,0,7,1643,0,0,48,0,0,1,0,0,34,253,0,0,0,0,0,0,8,0,0,40,0
"56",0,0,0,0,0,0,0,0,0,0,3,0,0,0,9,0,0,0,0,0,0,6,0,0,0,780,0,0,27,218,4,0,4,20,0,0,461,0,0,0,0,0,1,0,0,81,0,0,1,0,0,0,0,0,0,0,0,8,0,0,0,6,0,0,0,0,0,42,0,470,0,0,39,9,0,0,0,0,0,24,6,0,0,0,11,0,0,0,0,78,0,9,8,0,0,0,0,0,0,0,0,17,12,3,2,0,151,2158,0,0,0,2,12,133,0,0,0,0,40,0,59,0,0,1,14,2,0,0,0,0,37,3,0,1,0,0,356,37,0,0,498,0,0,0,1,0,3,0,0,2,3,1,0,0,0,0,47,0,12,11,0,0,0,0,0,0,0,0,0,0,0,0,4,0,0,0,0,5,4,0,0,5,0,0,0,0,0,0,0,16,0,31,1,0,0,0,0,0,4,0,0,0,0,0,0,153,0,0,0,1,0,0,0,1,1,0,12,0,1,0,0,1,0,0,0,0,0,0,31,0,120,0,0,105,0,0,0,2,0,2,0,0,42,0,0,25,0,0,0,0,0,0,0,0,15,3,0,0,2,0,0,0,0,0,0,0,0,0,0,194,0,0,424,0,0,0,0,0,1,1789,0,0,160,0,0,0,0,1,0,21,0,0,0,0,29,0,412,0,0,27,0
"57",0,0,0,0,0,0,1,0,227,0,0,0,1,0,1,0,15,0,0,0,0,0,0,0,0,1538,0,0,1,0,0,0,0,163,0,0,158,408,4,0,0,0,1,0,0,0,0,0,0,0,0,0,0,0,18,0,0,0,0,0,0,0,1,0,0,0,188,0,0,0,0,0,0,0,0,0,0,0,0,157,0,0,223,0,0,0,0,4,0,12,110,4,0,0,0,4,0,0,26,0,0,24,0,0,0,0,151,104,0,0,0,0,1,16,0,0,0,0,445,0,0,0,27,1,496,2,0,0,0,0,1,101,0,0,0,0,277,8,0,0,12,0,0,0,1,0,3,0,0,0,3,1,0,0,0,0,0,0,0,11,0,0,0,1179,0,0,0,0,0,0,0,0,4,0,0,0,0,181,4,0,2,0,0,0,0,0,0,0,120,0,0,31,1,0,0,1,0,0,0,0,0,0,0,0,0,1,0,0,0,0,0,0,0,1,1,0,12,0,329,0,131,1,0,0,0,0,0,0,2,0,156,0,0,455,3,0,0,0,0,2,0,0,0,0,106,0,0,0,0,0,277,0,0,0,42,253,19,0,0,6,0,0,0,0,0,0,0,29,0,0,0,0,35,0,0,0,0,0,0,2393,0,0,306,0,0,0,0,0,16,0,0,0,0,0,39,0,3,0,21,160,0
"58",0,4,0,2,51,0,0,19,0,0,0,0,0,0,26,0,0,0,0,0,5,35,0,479,0,2637,0,0,219,16,6,0,0,20,0,0,66,2,0,0,6,0,1,0,0,7,0,0,21,3,8,64,0,0,0,0,5,0,0,185,0,0,0,0,0,0,269,0,0,0,29,0,0,0,0,0,0,0,0,12,0,2,151,2,0,0,2,0,1,0,0,42,0,0,39,161,0,0,0,0,0,2,0,0,0,0,4,1051,0,58,5,0,0,16,0,0,0,0,40,0,0,46,0,1,14,2,0,0,8,0,1,3,0,0,0,0,7,43,98,0,0,0,0,0,1,0,3,0,0,30,3,33,0,0,0,4,0,0,0,73,0,0,0,0,0,0,0,0,0,0,0,0,4,0,0,0,0,19,93,0,0,0,0,0,0,0,0,102,0,0,75,31,1,0,0,1,9,0,0,0,0,0,159,0,0,1,0,0,0,70,0,0,0,17,1,0,268,0,1,0,55,1,0,0,0,0,0,0,39,0,67,0,0,614,0,0,0,0,0,2,0,0,0,35,0,77,0,0,0,0,0,0,0,0,0,0,0,0,1,0,7,0,0,7,0,0,0,0,0,45,6,0,640,0,0,0,0,0,0,168,0,0,179,0,0,0,0,85,79,7,0,0,0,0,0,0,0,0,0,81,0
"59",0,0,0,0,0,0,1,0,0,2,0,0,11,0,7,0,0,3,0,0,0,12,0,3,0,1775,0,0,11,8,0,0,0,0,0,0,2,171,0,0,3,0,1,0,0,1,0,0,0,0,0,0,0,0,0,0,0,0,0,0,0,0,0,0,0,0,75,0,0,0,0,0,0,0,0,655,0,0,119,0,0,0,17,0,0,1,1,1,0,35,0,19,9,0,0,22,0,0,0,0,19,2,0,45,0,0,4,104,0,0,0,0,0,16,0,0,0,0,40,0,27,0,0,1,74,2,0,0,0,0,96,262,0,0,0,0,112,0,0,0,24,2,0,0,1,0,3,0,0,0,3,1,0,0,0,0,0,1,0,11,0,2,0,0,2,0,0,0,0,0,0,0,4,0,0,0,0,0,4,0,0,0,0,0,0,7,0,0,0,4,0,31,1,0,0,37,0,0,0,0,0,0,0,0,1,1,0,0,0,1,66,0,0,1,1,0,12,12,33,0,0,1,0,0,0,0,0,0,2,0,2,0,0,0,0,0,0,0,0,2,0,12,0,0,0,0,0,0,0,0,0,0,23,0,0,10,25,0,0,0,0,0,0,0,0,0,0,0,0,110,0,0,77,1,0,0,0,0,3,2964,2,0,31,0,0,0,0,0,0,2,0,0,0,0,0,0,0,0,0,0,0
"60",0,0,0,45,0,0,6,0,0,0,0,6,2,0,0,0,0,0,0,0,1,0,0,177,0,2678,0,0,360,0,0,0,0,74,0,0,150,1,0,14,17,0,0,19,0,12,0,0,0,0,1,128,0,0,0,0,5,0,0,0,0,0,0,0,0,0,32,0,31,0,0,0,2,0,0,0,0,0,0,0,0,0,12,0,0,0,0,0,0,136,0,2,348,0,0,17,0,0,33,0,0,0,0,0,0,3,1,428,0,41,0,0,1,12,0,0,13,31,49,2,0,0,14,1,377,0,0,13,0,0,5,0,0,4,0,0,0,33,0,0,12,0,0,0,0,0,0,0,0,0,1,0,0,0,0,0,0,0,0,15,0,0,0,1,0,0,0,0,0,0,0,0,1,0,0,0,0,2,98,0,0,0,0,0,1,0,0,0,0,0,0,11,227,0,0,0,0,0,0,0,0,0,0,0,0,19,0,0,3,280,0,0,0,0,5,0,0,0,41,0,1,0,0,0,0,0,0,0,0,0,0,0,0,2176,0,0,0,0,0,0,0,0,0,0,0,0,1,0,0,0,0,0,0,0,0,0,0,0,0,0,0,0,0,0,0,0,0,0,0,1040,0,0,193,0,1,0,0,0,0,3,0,0,63,0,0,0,0,170,0,0,0,14,0,0,278,0,9,0,0,0,0
"61",0,4,0,0,0,0,1,0,0,0,11,0,0,0,0,0,2,1,0,0,0,71,0,0,0,183,0,0,3,11,538,0,0,137,0,0,721,0,0,0,2,0,0,0,0,47,0,0,0,0,0,0,0,0,0,0,0,0,0,67,0,0,0,0,0,0,14,0,0,0,0,0,0,0,0,0,0,0,0,108,0,0,0,0,0,0,0,0,0,0,15,0,4,0,0,0,0,0,0,0,0,32,0,17,39,3,0,962,0,0,0,0,0,81,0,0,0,0,43,0,0,0,0,0,610,344,0,0,0,0,52,240,0,0,0,0,0,0,0,0,0,0,0,0,0,0,18,16,0,0,0,0,0,0,0,0,0,0,0,0,0,0,0,0,0,0,0,0,0,0,34,0,1,0,0,0,0,446,58,0,0,0,0,0,54,0,2,0,0,0,0,46,0,0,156,0,0,0,5,0,0,0,0,1,0,167,0,0,0,18,0,0,0,0,5,0,57,0,0,0,70,0,0,0,0,21,0,0,0,31,102,0,0,81,0,0,4,0,0,0,0,0,0,0,3,0,0,0,0,0,0,0,0,0,0,16,0,0,0,5,0,0,0,4,2,0,0,0,300,12,0,39,403,0,0,0,0,0,0,2846,0,0,322,0,0,0,0,0,0,123,0,0,0,4,0,0,3,0,0,163,0
"62",16,10,0,12,0,0,2,0,0,0,0,0,2,0,9,0,0,0,0,0,0,3,0,195,0,2404,0,1,13,6,0,0,0,0,0,0,4,0,7,7,5,0,1,0,0,53,0,0,0,0,3,44,0,0,0,0,0,2,0,0,0,0,0,0,0,0,0,9,0,0,0,0,0,0,0,0,0,0,0,0,0,0,0,0,0,2,1,0,0,0,0,6,30,0,0,0,0,0,52,0,0,2,0,35,0,0,4,104,0,0,0,0,12,16,4,0,0,0,40,0,64,0,0,47,14,2,0,0,0,0,1,3,0,4,0,0,422,66,0,0,26,0,0,0,1,0,3,0,0,0,3,1,0,0,0,0,0,0,0,11,0,0,0,0,0,0,0,40,0,0,0,0,4,2,0,0,0,0,4,0,0,0,0,0,0,0,0,143,0,0,0,31,1,7,0,0,0,0,0,0,0,0,0,0,0,26,0,0,4,0,0,0,0,1,1,0,12,0,73,0,0,1,0,0,0,0,0,0,2,0,2,0,0,375,0,0,0,0,0,2,0,0,0,0,0,0,0,0,0,0,0,0,0,0,0,3,3,0,0,0,0,0,0,5,0,3,0,0,0,10,0,0,0,0,10,0,0,0,0,3048,0,0,113,2,0,0,0,1,0,0,0,0,0,0,0,0,6,0,0,12,0
"63",0,0,0,2,0,0,6,0,0,0,14,0,3,0,836,3,0,0,1,0,0,12,0,591,0,2507,0,0,0,18,0,0,0,43,0,0,40,9,0,0,0,0,1,0,0,228,0,0,0,0,9,29,0,0,0,7,2,1,0,3,19,9,0,7,0,0,0,0,0,0,0,0,0,0,0,0,0,0,0,22,7,0,0,0,1,0,0,0,0,24,0,24,0,0,0,0,0,0,22,0,0,0,0,0,3,0,4,104,0,0,0,1,0,16,0,0,0,0,40,0,28,0,0,1,14,2,0,0,1,0,1,3,0,2,0,1,7,0,0,0,53,0,0,0,1,0,3,5,5,0,3,31,0,0,0,0,0,0,0,99,0,0,0,8,0,0,0,0,0,0,0,0,4,0,0,0,0,30,4,3,0,1,0,0,0,1,0,0,13,0,0,154,1,0,0,0,0,0,1,395,0,0,0,2,0,169,0,0,4,14,0,0,0,1,1,0,12,5,1,0,1,1,0,0,0,0,0,0,22,0,129,0,0,549,0,0,1,0,0,150,0,0,0,0,0,0,0,8,0,0,0,0,11,0,3,133,38,0,1,0,3,0,0,0,29,0,0,0,0,237,0,0,663,0,0,0,0,3,0,4,0,0,0,0,0,0,0,0,0,5,0,0,5,0,7,0,15,0,0,140,0
"64",0,0,0,0,0,0,0,0,0,0,0,0,16,0,25,0,0,0,0,0,32,1,0,50,0,1329,0,0,0,0,423,0,0,1,0,0,15,1,0,0,0,0,93,0,0,1,0,0,0,0,8,19,0,0,0,3,0,0,0,1,0,0,0,0,0,0,28,0,9,0,1,0,0,151,0,0,0,1,0,2,7,0,0,0,0,0,0,0,0,184,467,34,4,0,0,0,0,0,5,0,0,0,0,0,1,0,0,856,0,11,0,0,12,132,0,0,0,1,22,0,39,0,0,1,37,0,0,0,0,0,0,321,0,0,0,1,38,0,0,0,5,0,0,0,0,0,0,0,0,0,4,0,3,5,0,0,0,0,0,1,0,0,0,2,0,0,1,0,0,0,1,27,0,0,0,0,0,1,28,0,0,1,0,0,0,0,0,0,0,0,0,36,1,20,0,0,0,0,0,0,0,0,0,0,0,3,0,0,4,0,0,0,0,0,1,0,36,0,98,0,0,0,0,0,1,1,0,0,22,14,57,0,0,746,0,0,1,0,0,0,1,0,0,0,3,9,0,0,0,0,0,0,0,0,5,1,2,0,0,1,2,0,0,0,0,0,1,0,0,0,0,0,92,0,0,1,0,0,0,4179,0,1,1,0,0,36,0,0,4,0,0,0,0,0,145,0,4,0,0,12,0
"65",0,0,0,0,0,0,310,0,0,0,1,0,0,0,15,3,0,0,0,0,0,37,0,0,0,1351,0,0,23,1,390,0,0,0,0,0,1,203,0,0,0,0,1,0,0,0,0,0,0,0,0,0,0,0,0,1,0,0,0,130,0,12,0,0,0,0,93,0,0,0,0,0,0,0,0,0,3,0,0,60,0,0,24,0,0,0,1,0,0,37,0,157,4,0,0,0,0,0,1,0,0,14,0,0,0,0,4,774,0,0,0,0,0,123,0,0,0,0,40,0,41,0,0,1,91,2,0,0,0,0,1,3,0,9,0,45,7,0,0,0,0,0,1,0,1,0,3,0,0,0,3,1,0,3,0,0,0,0,0,11,2,0,0,0,0,1,3,0,0,0,0,53,4,0,0,0,0,2,218,0,0,0,0,0,0,0,0,0,0,0,0,31,1,0,0,1,0,0,0,0,0,0,0,0,1,258,0,0,0,34,0,0,0,1,1,0,12,0,1,0,0,22,0,0,0,0,0,0,2,0,44,0,0,840,0,0,3,0,0,2,0,0,0,0,0,0,0,0,0,0,0,0,78,0,0,0,7,0,1,5,0,0,0,2,0,2,0,0,0,993,0,62,0,0,0,0,0,0,2,921,0,0,1,0,0,0,0,0,0,12,0,0,0,0,0,0,0,0,0,19,0
"66",0,0,0,0,0,0,0,2,0,0,0,0,0,74,15,0,0,2,0,0,36,36,0,1,0,1892,0,0,0,0,0,0,0,3,0,0,8,0,0,0,0,0,1,29,0,209,0,0,0,0,0,0,0,0,1,0,0,0,0,102,0,0,0,0,16,0,279,0,0,0,43,0,0,0,0,0,0,0,0,178,0,0,164,0,46,8,203,0,0,24,0,0,2,0,29,0,0,0,69,0,3,5,0,5,0,0,4,3246,7,0,0,0,0,364,0,0,0,1,40,5,0,0,0,1,156,2,0,0,0,0,81,812,0,0,0,0,528,6,0,0,0,0,0,0,1,0,3,0,0,0,3,1,0,0,0,0,0,0,14,83,0,0,0,372,0,0,0,0,0,0,5,0,4,0,0,0,0,0,88,13,0,0,0,0,0,0,0,0,0,0,0,31,1,0,0,0,0,0,0,0,0,0,0,0,0,1,0,0,0,0,0,0,12,1,21,0,119,125,1,0,0,1,0,0,0,0,0,0,50,0,263,0,0,436,0,0,0,0,0,2,0,0,0,0,0,0,0,0,0,0,47,0,0,0,0,8,12,0,0,12,0,0,0,7,0,0,0,1,0,1,0,9,278,0,0,0,0,0,1,2194,0,0,88,0,0,0,0,0,19,79,0,0,0,0,46,0,27,0,0,67,62
"67",0,0,0,0,0,0,1,0,0,0,0,0,0,0,0,0,23,6,0,0,33,7,0,0,0,2255,0,0,0,10,34,0,0,97,2,0,62,29,19,0,0,0,1,0,0,321,0,1,0,0,0,0,0,0,0,0,0,0,0,0,0,0,0,0,0,0,188,0,0,0,16,0,0,0,0,20,0,0,0,144,0,5,99,0,0,0,0,1,0,30,650,7,41,0,31,0,0,1,47,0,0,11,0,0,0,0,4,1715,0,0,0,1,0,531,0,0,0,0,40,0,0,0,0,1,515,2,0,0,2,0,1,60,26,0,0,0,112,0,0,0,0,0,0,0,1,0,3,0,0,0,3,1,25,0,0,0,0,0,112,11,0,0,0,0,0,0,0,0,0,23,0,0,4,0,0,0,0,1,114,0,0,0,0,0,0,0,2,143,0,0,0,31,1,0,0,0,51,0,0,0,0,0,0,6,0,1,0,0,0,0,0,0,0,1,38,0,12,15,132,0,0,1,0,0,0,0,0,0,55,0,142,0,1,512,0,0,19,0,0,2,0,0,0,55,0,0,0,0,0,0,0,0,0,1,7,0,0,0,0,11,0,0,0,0,7,0,0,47,0,1,0,3,158,2,0,0,0,0,3,1501,0,0,122,0,0,0,0,0,31,4,148,7,0,0,1,0,6,0,0,85,0
"68",0,0,0,3,0,5,1,0,0,0,0,11,11,0,0,3,0,0,0,6,66,3,0,133,0,581,3,0,46,24,90,0,0,3,0,0,0,58,0,0,7,0,0,70,0,87,0,4,0,0,0,24,0,0,7,5,0,0,0,0,31,0,0,0,79,0,175,0,0,0,0,0,0,30,0,0,0,0,0,31,52,0,59,3,0,0,5,23,0,32,0,211,7,0,0,8,15,0,6,0,0,60,0,35,0,3,349,28,0,33,0,0,0,174,0,0,0,0,79,0,0,0,0,0,161,0,0,0,32,0,10,41,0,0,11,0,120,0,0,0,0,0,0,0,0,0,14,30,0,0,17,117,0,0,1,0,0,0,0,42,0,0,3,0,0,1,0,0,0,0,0,0,5,0,0,0,0,0,52,3,0,0,0,0,2,0,0,0,141,0,0,121,2,0,0,0,0,0,0,0,0,0,0,2472,0,5,2,0,0,78,0,0,0,0,0,0,48,0,263,10,84,0,0,0,0,0,645,0,0,0,74,2,0,40,50,0,7,0,0,0,0,0,0,0,0,0,0,0,0,0,0,1,0,0,0,6,0,0,8,6,0,0,0,0,0,0,0,218,0,59,17,25,416,0,0,0,0,0,0,1223,0,0,168,0,0,0,0,0,0,103,0,0,0,0,7,7,2,233,0,17,0
"69",0,0,0,20,21,0,0,0,0,0,0,0,0,0,0,0,0,0,0,0,55,44,0,0,0,2639,0,0,0,0,1,0,0,0,0,0,0,0,0,0,0,0,1,0,0,205,0,0,0,0,0,0,0,0,0,0,0,0,4,0,0,0,0,0,0,0,22,0,0,0,0,0,0,0,0,0,0,0,0,26,0,2,1,0,0,0,3,0,0,0,1,0,0,0,0,0,0,0,0,0,0,1,0,0,0,1,4,104,30,0,0,0,0,16,0,0,0,0,40,0,0,0,8,1,204,2,0,0,0,0,62,537,0,0,11,0,7,0,0,0,0,0,0,0,1,0,3,0,0,0,3,1,0,0,0,0,0,0,0,11,0,0,0,0,0,0,0,0,0,0,0,27,4,0,0,0,0,0,4,0,3,0,0,2,0,0,5,0,0,0,0,31,1,0,0,0,0,0,0,0,0,0,0,83,0,1,0,0,0,0,0,1,0,1,1,0,12,0,1,0,0,1,0,0,0,0,0,0,2,0,2,0,0,218,0,0,5,0,0,2,0,0,0,0,0,0,0,1,0,0,0,0,0,0,0,0,7,0,10,12,0,0,0,2,10,0,0,0,0,3,0,5,44,0,0,0,0,0,0,4662,0,0,98,0,0,0,2,0,0,0,0,0,0,0,0,5,0,0,0,0,44
"70",0,0,0,0,0,0,0,118,0,0,0,0,0,0,2,0,1,25,0,0,181,630,0,0,0,0,0,0,0,0,0,0,0,525,0,0,0,5,0,0,0,0,736,0,0,0,0,0,0,0,0,0,0,0,0,0,0,0,0,1068,0,0,0,0,80,0,579,0,0,0,0,0,0,0,0,0,0,0,0,637,0,0,112,0,0,0,0,0,0,0,0,0,0,0,0,0,0,0,0,0,0,50,0,0,0,0,0,0,0,0,0,0,0,0,0,0,0,0,584,0,0,0,51,0,49,1653,0,0,0,0,0,537,0,0,0,0,2,0,0,4,6,0,0,1,0,0,60,0,0,39,0,0,0,109,0,0,3,0,0,0,0,0,0,0,0,0,0,0,0,0,21,0,14,0,16,0,0,0,0,4,0,0,0,0,205,0,0,0,0,0,0,99,0,0,0,0,0,0,0,0,0,0,0,0,0,56,0,0,0,0,25,0,0,0,0,1,0,0,284,0,0,84,0,0,0,0,153,0,0,0,343,0,0,320,51,0,0,4,0,0,0,0,0,31,0,0,0,0,0,0,0,8,0,0,0,0,140,0,0,0,0,0,0,0,0,0,0,0,0,91,0,0,0,0,0,0,0,0,10,0,0,0,0,0,0,0,0,0,0,102,0,0,0,0,1,0,9,0,0,81,0
"71",0,0,0,0,0,0,0,0,0,0,0,0,0,0,0,0,0,0,0,0,0,74,0,480,0,1,0,0,104,10,184,0,0,14,0,0,27,19,0,9,7,0,0,0,0,0,0,0,0,0,0,201,0,0,0,7,4,0,2,312,0,0,0,0,0,0,122,0,0,58,0,0,0,11,0,1,0,0,0,26,0,0,0,0,0,0,0,0,1,39,0,5,0,0,0,0,0,0,0,0,0,0,0,0,0,0,0,2800,63,93,0,0,0,43,0,35,0,0,138,0,60,0,0,3,0,0,0,289,2,0,0,0,0,0,0,0,0,30,0,0,21,0,0,0,346,0,25,0,4,0,0,0,0,0,19,0,0,0,0,93,0,0,0,1179,0,0,0,0,0,0,56,1,0,0,11,0,0,0,52,0,0,0,0,0,20,0,0,3,0,0,13,20,2,8,0,0,0,0,0,0,0,0,0,0,0,8,0,0,2,441,0,0,0,0,8,0,72,0,72,0,0,0,0,0,0,0,0,0,0,55,0,0,0,194,0,0,0,0,0,0,0,0,0,0,0,491,0,0,0,0,0,0,0,0,0,0,9,0,0,0,0,0,0,16,0,0,0,0,0,277,0,0,243,0,1,0,0,0,5,2,0,194,403,0,0,0,0,1,197,0,0,0,0,0,84,0,12,0,0,68,0
"72",0,0,0,0,0,0,2,39,0,0,0,0,0,0,0,0,0,0,0,1,0,0,0,1,0,2015,0,0,0,0,374,0,0,27,0,0,722,93,0,0,2,0,1,48,0,2,0,0,0,0,1,14,0,0,0,0,0,0,0,119,0,9,0,0,0,0,32,0,3,0,13,0,0,0,0,0,0,0,0,76,0,0,1,0,0,0,0,0,0,101,0,2,16,0,0,0,0,0,0,1,0,0,0,0,0,0,4,3796,0,0,0,0,0,16,0,0,0,0,40,0,0,0,0,1,1282,2,0,0,0,0,1,3,0,0,0,0,7,0,0,0,0,0,0,0,1,0,3,0,4,0,3,1,0,0,0,0,0,0,0,11,0,0,0,0,0,0,0,0,0,0,0,0,4,0,0,0,0,0,392,0,0,0,0,0,3,0,0,0,0,0,0,277,1,0,0,0,0,0,0,0,0,0,0,12,511,1,0,0,0,0,0,0,0,1,1,0,207,0,246,0,0,1,0,0,0,0,0,0,171,0,2,0,0,3382,0,0,0,0,0,2,0,0,0,0,0,0,0,0,0,0,0,0,0,0,0,0,0,0,29,0,0,0,5,0,0,0,0,0,0,0,0,0,45,0,5,0,0,0,30,2738,0,0,38,0,0,0,0,0,0,0,0,0,0,0,0,0,1,0,0,99,0
"73",0,0,0,4,0,0,3,0,0,0,0,3,4,0,0,0,0,0,0,0,0,0,0,41,0,2183,0,0,3,0,0,0,48,52,0,0,0,1,0,0,36,0,1,79,0,87,0,0,0,0,0,75,0,0,0,4,1,0,0,0,0,0,0,0,0,0,3,0,44,0,0,0,0,0,0,0,0,0,0,0,0,0,0,0,26,0,2,0,0,38,0,1,0,0,0,0,0,0,57,0,0,0,0,13,21,0,4,503,63,0,0,0,0,195,4,0,0,0,40,0,38,0,0,25,14,2,0,0,0,0,31,3,0,0,0,0,7,0,0,0,34,0,0,0,1,0,3,7,0,0,18,41,0,0,0,0,0,0,0,175,0,0,0,923,0,0,0,0,0,0,0,0,4,0,0,0,0,132,4,0,0,0,0,0,0,12,0,0,0,0,0,31,1,0,0,0,0,0,0,0,0,0,0,0,0,20,0,0,0,0,0,0,0,1,1,0,12,0,57,0,0,1,0,0,0,0,0,0,232,0,2,1,0,82,0,0,0,0,0,2,0,0,0,0,0,0,0,0,0,0,170,0,24,0,0,0,0,0,0,0,1,0,0,0,0,0,0,0,0,1402,0,0,1646,0,0,0,0,0,0,7,0,0,184,0,0,0,0,0,0,0,0,0,0,0,26,0,0,0,0,97,0
"74",0,0,0,0,0,0,0,0,0,0,0,0,0,250,274,0,0,0,0,0,48,0,0,12,0,0,0,0,31,48,0,0,0,163,0,0,0,4,0,0,0,0,0,6,0,0,0,0,1,0,61,0,0,0,0,0,0,0,0,0,0,37,0,0,0,0,241,0,0,0,0,0,0,15,0,0,0,0,0,0,0,0,0,0,0,0,0,0,1,83,0,19,19,0,0,0,0,0,0,0,0,0,0,0,0,0,0,2312,0,0,0,0,0,0,0,0,0,0,461,0,0,0,0,122,43,0,0,0,0,0,0,0,0,0,0,0,29,0,0,0,0,0,0,0,0,1460,0,0,0,27,4,0,0,0,0,0,0,0,0,0,0,0,0,0,0,0,0,0,0,0,0,0,259,0,0,0,0,0,218,0,0,0,0,0,0,0,0,0,0,0,0,381,4,24,0,37,25,0,0,0,0,0,0,0,0,0,0,0,2,18,0,0,0,0,0,0,52,0,22,0,70,0,0,0,0,0,0,0,0,0,312,0,0,1959,0,0,0,0,3,0,0,0,0,0,0,0,0,0,0,0,2,0,7,0,87,0,0,0,0,0,0,0,0,0,10,0,0,0,0,0,0,0,542,0,0,0,0,0,0,0,0,0,134,0,0,0,0,0,0,0,0,0,0,0,0,0,26,0,0,35,0
"75",0,1,0,2,0,0,0,0,0,0,0,0,0,0,18,0,0,0,0,0,0,42,1,148,0,2277,0,0,0,0,138,0,0,93,0,0,6,117,10,0,9,0,0,0,0,141,0,0,0,0,0,20,0,0,0,0,0,0,0,0,0,7,0,0,0,1,0,0,0,0,18,0,1,0,0,0,0,0,0,428,7,0,328,0,55,0,0,0,0,26,0,59,8,0,0,0,0,0,29,0,0,0,0,6,2,0,0,1976,0,0,0,0,0,0,0,0,0,3,113,0,0,0,0,1,50,0,0,0,0,0,0,0,0,0,0,0,0,33,0,0,496,0,0,0,0,0,0,0,0,0,0,0,0,0,0,0,0,0,0,0,0,0,0,312,0,0,0,0,0,0,0,7,15,0,0,0,0,33,0,0,0,0,0,0,0,0,0,0,0,0,0,0,0,0,0,0,0,0,0,0,0,0,0,0,0,208,0,0,1,2,0,0,0,0,4,0,0,0,481,20,0,0,0,0,0,0,0,0,2,0,249,0,0,299,0,0,0,0,0,0,0,0,0,0,0,0,0,62,0,0,0,0,36,0,23,0,0,0,11,20,0,0,0,3,0,0,0,0,0,7,0,60,101,0,0,0,0,0,22,1009,0,0,163,0,0,0,1,0,0,0,0,0,9,0,91,0,8,0,0,74,0
"76",0,1,0,8,0,0,1,0,0,0,0,0,2,0,1,0,0,0,0,0,0,0,0,132,0,219,0,0,92,0,0,0,0,89,9,0,22,356,0,0,6,0,1,0,0,23,0,0,0,0,1,87,0,0,10,5,0,2,0,622,0,49,0,2,0,38,0,9,10,0,32,0,0,11,362,0,0,0,0,0,18,0,134,0,0,1,2,0,0,61,1,12,255,0,0,0,0,0,34,0,5,0,0,0,3,0,4,3349,0,0,0,0,0,16,0,0,0,0,40,0,61,0,0,1,14,2,20,0,2,0,1,3,1,4,0,0,188,56,0,0,0,0,0,0,1,0,3,57,0,10,3,85,0,0,0,0,0,0,0,89,0,0,0,0,0,0,0,0,0,1,0,0,4,0,0,5,0,2,4,0,0,0,0,0,0,0,0,0,0,0,5,31,1,0,0,0,0,0,0,0,0,0,0,19,0,1,0,0,4,2,0,0,0,1,1,1,12,0,1,0,87,1,0,19,0,45,0,27,91,0,2,0,0,55,0,0,0,0,1,2,0,0,0,0,0,4,0,0,0,0,0,0,0,0,0,1,1,0,0,0,12,0,0,6,1,0,0,0,0,4,0,0,15,0,2,0,0,0,0,1805,0,0,385,0,0,1,0,0,0,10,0,0,0,0,21,0,0,0,0,73,0
"77",0,0,1,11,0,0,1,0,0,0,0,0,0,106,1,0,0,0,0,0,0,38,0,108,0,2886,0,0,2,0,0,0,4,9,0,0,0,84,0,0,10,0,1,0,0,0,0,0,0,0,2,28,0,0,0,39,0,0,0,0,0,0,2,0,119,0,0,0,2,3,0,0,0,0,0,0,1,0,0,16,0,0,0,0,0,0,0,0,0,0,0,1,1,0,0,0,0,0,0,0,0,17,0,21,0,0,4,561,0,0,0,0,0,16,0,0,0,1,40,0,37,0,0,1,14,2,0,0,0,0,1,3,256,0,0,0,7,0,0,0,4,0,0,0,1,0,29,0,0,0,3,1,0,0,0,0,0,0,86,11,0,0,0,0,0,0,0,0,0,0,0,0,4,0,0,0,0,0,4,0,0,0,0,0,23,1,0,0,0,0,0,31,1,0,0,30,0,0,0,0,12,0,0,0,6,1,0,0,0,0,0,0,0,1,1,0,12,190,81,0,0,1,0,0,0,0,0,0,2,0,2,0,0,0,0,0,0,0,0,2,0,0,0,0,0,28,0,0,0,0,0,0,6,0,0,7,0,0,0,0,0,0,0,5,0,4,0,0,0,0,0,0,531,0,0,0,0,0,3,1147,1,2,403,0,0,0,0,0,49,0,0,0,0,0,0,0,3,0,0,335,0
"78",0,0,0,6,0,0,23,0,0,0,0,0,0,0,24,0,4,0,0,0,0,38,0,132,0,4102,0,0,0,20,4,0,0,283,0,0,15,0,21,0,20,0,0,0,0,0,0,0,0,0,0,0,0,0,0,7,0,0,0,0,0,0,3,0,0,0,49,0,0,0,0,0,0,0,0,0,0,0,0,0,95,0,328,0,0,7,1462,0,0,0,0,0,185,0,0,0,0,0,0,0,0,51,0,0,0,5,0,272,0,0,0,0,2,0,0,0,0,0,43,0,26,0,0,3,343,0,0,0,0,0,0,0,0,0,143,0,87,16,0,0,8,0,0,0,0,0,0,0,0,0,7,0,28,0,2,0,0,0,0,88,0,0,0,0,0,0,0,0,0,0,8,0,0,0,0,0,0,1,0,0,0,0,0,0,0,0,5,0,0,0,51,98,0,0,0,0,0,0,0,0,0,0,0,0,0,20,0,0,0,0,0,0,0,0,31,0,0,0,0,0,0,0,0,0,0,19,0,0,0,0,0,0,0,525,0,0,0,0,0,3,0,0,0,0,2,47,0,0,0,0,0,0,0,0,0,0,1,0,0,0,0,0,0,12,0,0,0,0,0,272,0,0,237,3,0,0,0,0,0,4,0,0,598,0,0,0,0,0,0,0,0,0,0,0,0,0,20,0,0,94,0
"79",0,0,0,0,0,0,9,0,0,0,0,0,0,40,17,0,0,7,0,0,1,2,0,0,0,991,0,0,0,0,1,0,27,20,0,0,0,0,0,0,0,0,282,1,0,1,0,0,0,0,8,125,0,0,0,26,0,0,0,7,11,0,0,1,0,0,85,0,0,0,0,0,0,3,0,0,0,0,0,1,7,3,0,0,1,0,0,0,0,0,26,2,0,0,0,0,0,0,0,0,0,87,0,0,1,0,87,104,0,0,0,0,6,86,0,0,0,0,40,1,5,0,0,1,50,2,0,0,0,0,1,24,0,0,94,0,7,0,0,0,0,0,0,0,1,0,3,6,0,0,11,1,0,0,0,0,0,0,0,11,0,0,0,2,0,0,0,0,0,0,0,1,4,0,0,0,0,0,118,0,0,0,0,0,0,0,0,0,0,0,0,31,1,11,0,0,0,0,0,2,0,0,0,1,0,4,1,0,0,13,0,0,0,1,1,0,54,0,1,0,0,1,0,0,0,0,0,0,15,0,17,0,0,0,0,0,0,0,0,2,0,0,93,0,0,0,0,0,0,0,0,0,0,0,1,0,0,0,0,0,0,0,0,0,0,0,0,0,1,5052,0,1,78,0,0,0,3,0,0,0,0,0,2,0,0,0,0,0,0,0,0,0,0,0,0,0,5,0,0,0,0
"80",0,0,0,0,0,0,0,0,0,0,0,0,5,126,64,0,0,0,0,0,0,19,0,865,0,2125,0,1,304,31,0,0,0,1,0,0,0,0,10,0,7,0,1,0,0,0,0,0,0,0,0,94,0,0,0,0,0,0,0,0,0,0,0,0,0,0,0,0,1,0,0,0,0,0,0,0,0,0,0,0,24,0,0,0,0,0,0,0,0,0,1,96,0,0,0,181,0,0,0,0,29,0,0,0,0,0,4,104,0,0,0,0,0,16,0,0,0,0,40,4,75,0,0,1,14,2,0,0,4,0,1,3,0,2,0,1,7,37,0,0,4,0,0,0,1,0,3,0,0,0,3,1,0,0,0,0,0,0,0,11,0,0,0,0,0,0,0,0,0,0,0,0,4,0,0,0,0,0,54,0,0,0,8,0,0,0,0,0,0,0,0,31,1,0,0,0,18,0,0,0,0,0,1585,0,1060,1,0,1,0,0,0,0,0,1,1,0,12,0,1,0,0,1,0,0,0,0,0,0,2,19,2,0,0,1596,0,0,0,0,0,2,0,0,0,0,0,0,0,0,0,0,0,0,0,1,0,0,0,0,0,0,0,0,0,2,0,0,0,0,0,542,0,0,1328,0,0,0,0,0,0,146,0,0,82,0,0,0,0,0,0,0,0,0,0,0,0,0,0,0,0,0,0
"81",0,0,0,0,0,0,1,48,0,0,0,0,0,296,8,0,0,0,0,0,47,0,0,0,0,1118,0,0,17,0,0,0,0,16,0,14,5,0,0,0,0,0,121,75,1,1107,0,0,0,0,0,0,0,0,0,0,0,0,0,0,0,9,0,0,176,0,709,0,2,0,0,0,0,0,0,0,0,1,0,0,0,0,0,0,93,0,0,0,0,0,642,0,1,0,0,8,0,0,58,0,0,1,0,0,1,0,165,759,0,413,0,0,0,0,0,0,0,1,0,1,0,0,0,2,0,0,0,0,0,0,112,765,0,0,0,0,51,0,0,0,0,0,0,0,0,0,0,0,0,0,36,0,0,0,12,0,0,1,0,55,0,0,0,1044,0,0,0,0,0,0,0,0,0,0,0,3,0,0,0,0,0,0,0,2,0,0,2,0,0,0,0,0,20,0,0,0,0,0,0,0,0,1,0,0,0,0,0,0,0,0,0,0,0,0,0,0,0,158,0,0,2,0,0,0,0,0,0,0,51,0,137,0,0,6,0,0,0,0,0,0,0,0,2,0,0,0,0,0,0,0,36,0,0,0,0,0,0,0,0,0,0,0,0,0,1,0,1,0,72,1,0,0,9,0,0,0,0,0,50,1403,0,29,0,0,0,10,0,0,0,0,4,0,0,2,1,0,0,0,0,8,0
"82",0,0,0,12,4,0,0,0,0,0,0,0,0,0,0,0,0,0,0,0,0,43,0,207,0,1331,1,0,161,40,184,0,0,44,0,0,2,0,14,0,0,0,1,1,0,46,0,0,0,0,7,30,0,0,0,2,0,0,0,0,0,0,0,0,0,0,268,0,44,0,0,0,0,0,0,0,0,0,0,24,0,1,1,0,0,62,0,0,0,0,0,0,0,0,0,0,7,0,1,0,0,5,0,1,17,0,4,1106,0,0,0,0,0,16,0,0,0,0,40,0,0,0,0,1,14,93,43,0,0,0,1,3,0,0,11,16,7,0,0,0,0,0,0,0,129,0,3,4,0,0,3,1,0,0,0,0,0,0,16,105,0,8,0,0,0,0,0,0,0,0,0,0,4,0,0,0,0,34,582,4,0,0,0,0,15,0,11,0,0,0,0,143,1,0,0,0,0,0,0,0,174,0,0,66,853,430,0,0,0,0,0,12,0,1,13,0,196,9,125,0,34,34,0,0,0,0,0,0,2,0,2,0,0,1917,0,0,5,0,0,2,0,1,0,0,16,0,0,3,0,0,0,0,0,0,0,42,2,1,1,1,5,0,0,3,0,0,0,0,158,368,0,15,189,0,0,0,0,0,0,141,0,0,6,0,0,0,6,0,8,0,0,0,0,0,38,35,21,0,0,105,0
"83",0,0,0,0,0,0,0,0,0,0,0,0,0,0,0,8,30,0,0,0,55,42,0,0,0,2414,0,0,4,0,346,0,43,195,0,0,22,309,0,0,0,0,1,0,0,251,0,0,0,0,0,0,0,0,0,9,0,0,0,3,0,0,1,0,0,0,10,0,0,0,24,0,0,101,0,0,0,0,0,18,0,0,81,0,0,0,0,0,0,81,0,25,0,0,0,0,6,0,35,0,0,0,0,0,0,0,4,723,0,0,0,0,0,354,1,35,0,0,200,0,0,0,0,1,366,2,0,0,0,0,1,101,0,0,9,0,277,11,1,2,4,0,0,0,1,0,3,0,0,0,31,145,0,0,0,0,34,0,0,11,0,0,0,0,0,0,0,0,0,0,0,0,4,0,0,0,0,26,4,0,0,0,0,0,0,0,0,0,0,0,0,31,1,0,0,0,0,0,0,0,0,0,0,0,1628,20,0,0,4,0,4,0,0,1,1,0,12,0,57,0,56,1,0,0,0,0,0,0,357,0,384,0,0,1265,55,0,0,0,0,2,0,0,0,0,0,0,0,0,0,0,489,5,0,0,29,0,1,0,27,0,2,0,0,0,0,0,0,0,0,25,0,7,0,0,1,0,0,0,6,921,0,0,393,0,0,0,0,1,0,0,0,0,0,0,0,0,1,0,0,348,0
"84",0,0,0,0,0,0,0,61,0,0,0,0,0,0,8,0,0,0,0,0,227,16,0,12,0,100,0,0,21,1,0,0,27,27,0,0,1,415,0,0,1,0,1,37,0,72,0,1,0,0,45,0,0,0,17,0,0,0,0,470,0,124,0,6,0,0,208,0,0,0,29,0,3,156,0,72,0,0,0,519,0,0,0,0,824,0,0,0,0,0,0,2,48,0,0,0,3,0,11,0,0,0,0,0,4,0,4,374,0,61,0,0,0,727,1,0,0,0,234,0,0,0,0,1,56,2,0,0,0,58,72,877,0,38,0,1,46,9,0,0,11,0,0,0,1,0,25,0,0,0,26,35,0,11,0,0,0,0,0,11,0,0,0,846,0,0,0,0,0,0,0,0,4,0,0,0,0,125,4,0,0,0,0,0,7,0,0,0,0,0,0,31,4,0,0,0,0,1,0,0,0,0,0,0,0,40,0,0,2,11,2,0,0,1,1,0,12,23,10,0,0,164,1,0,0,0,0,0,65,0,2,0,0,0,0,5,1,0,0,43,4,0,0,0,0,0,0,0,0,0,612,1,13,0,10,0,5,3,6,3,2,0,0,2,1,0,5,0,10,11,0,0,0,0,0,1,0,0,0,1458,0,3,64,0,0,17,0,29,140,0,0,0,0,0,2,3,8,0,0,0,0
"85",0,0,0,7,0,0,1,0,0,0,0,0,0,0,14,0,0,0,0,0,0,0,1,76,0,1202,0,0,3,0,265,1,3,108,0,0,74,341,0,0,3,0,0,0,0,70,0,0,0,0,0,180,0,0,0,3,2,0,0,222,0,0,0,0,0,0,205,0,7,0,0,0,0,0,751,0,0,0,0,109,0,0,0,0,120,15,128,1,0,23,0,13,2,0,0,22,0,0,63,0,0,59,0,0,3,0,86,1694,0,0,0,0,0,0,0,0,0,0,56,2,33,0,0,0,39,0,0,0,2,0,0,36,0,1,0,74,4,41,0,0,0,0,0,0,0,0,0,0,0,0,11,129,0,0,0,0,0,0,0,140,0,0,0,0,0,0,0,0,0,0,2,0,1,0,0,0,0,0,392,3,0,0,0,1,0,0,0,0,0,0,0,25,2,0,0,0,0,0,0,121,0,0,0,0,198,48,0,0,2,16,1,0,0,0,0,0,222,0,84,0,117,0,0,0,0,0,0,0,0,0,0,0,0,1051,0,0,0,0,0,29,0,0,0,0,3,0,0,0,0,0,0,0,7,0,0,15,0,0,8,0,0,0,0,0,1,0,0,50,0,648,0,76,79,1,0,0,0,0,20,13,0,0,244,0,0,0,0,1,0,0,0,0,0,0,0,0,3,0,0,74,0
"86",5,0,0,0,0,0,1,0,0,0,0,0,0,0,16,0,41,0,0,0,0,32,0,97,0,3376,0,0,11,3,0,0,0,9,0,0,0,17,0,0,53,0,0,0,0,5,0,4,0,0,0,123,0,0,0,0,0,0,0,232,5,0,0,0,0,0,269,1,8,0,0,0,0,0,0,106,0,0,0,26,25,0,2,0,0,0,0,0,0,44,0,2,134,0,0,22,0,0,0,0,0,11,0,0,1,0,0,2477,0,0,0,0,0,0,0,0,0,0,43,1,7,0,0,1,26,22,0,0,1,0,0,141,0,5,0,0,17,0,1,0,44,0,0,0,0,0,0,9,0,0,0,15,0,0,1,0,0,0,0,0,0,0,0,0,0,0,1,0,0,0,5,0,6,0,0,0,0,0,13,3,0,0,0,0,0,0,0,0,0,0,0,34,1,19,0,0,0,0,0,0,2,0,0,1,450,56,0,0,0,4,0,0,0,3,10,0,57,0,76,2,0,0,0,0,0,0,0,0,7,0,114,0,0,110,0,0,0,0,0,22,0,0,0,0,0,0,0,2,0,0,1,0,23,1,0,8,0,0,0,0,0,0,0,17,0,0,0,0,0,617,0,1,9,0,0,0,0,0,3,616,0,0,99,0,0,0,0,0,0,32,0,0,0,0,0,0,9,0,0,79,0
"87",0,1,15,1,0,0,1,1,1,0,0,1,0,0,48,0,0,25,1,1,1,22,0,132,0,582,1,0,12,19,251,0,9,97,0,0,9,12,13,0,16,2,1,6,0,205,0,0,0,0,0,128,1,0,0,7,0,4,0,57,12,6,0,5,0,1,28,0,4,0,0,0,0,3,2,0,0,0,0,9,7,7,0,0,9,1,0,0,0,15,0,6,5,0,0,0,0,0,17,0,0,0,2,30,1,0,4,104,0,0,0,36,0,16,0,0,0,0,348,0,5,0,0,1,230,2,0,0,0,0,1,3,0,0,143,3,7,28,0,0,43,2,4,6,1,0,84,4,8,0,12,15,0,3,0,0,3,0,22,11,0,1,3,0,0,0,0,0,1,0,0,0,4,0,0,0,0,0,4,0,0,0,0,0,17,0,0,0,0,0,0,31,3,1,2,0,0,0,0,0,0,0,0,2,0,100,3,0,0,0,3,0,3,1,21,0,121,4,7,0,27,1,0,0,0,0,8,0,36,0,19,0,0,0,0,0,6,0,0,99,0,0,2,33,0,0,0,0,0,0,0,1,4,0,2,1,5,0,10,9,3,0,0,3,0,0,0,0,0,28,1,33,172,0,2,0,1,0,22,1116,0,0,421,0,0,0,0,0,0,35,0,0,1,0,5,5,57,31,0,109,0
"88",0,0,0,11,0,0,1,136,0,1,44,6,9,120,42,0,0,0,0,0,66,1,0,291,0,1755,2,0,165,4,220,0,0,2,0,0,9,7,19,0,5,16,0,107,0,29,0,1,0,0,8,203,0,0,50,7,0,0,0,38,16,34,0,0,0,0,0,0,49,0,32,2,19,13,0,0,1,0,0,6,23,0,0,1,102,0,0,0,0,21,1188,7,5,41,0,0,0,0,9,0,0,0,0,0,1,0,0,445,0,18,23,0,0,190,0,0,0,0,146,8,27,0,0,1,15,0,0,0,0,10,0,252,32,0,0,0,31,75,0,0,61,0,0,0,351,0,2,19,4,0,25,0,0,6,0,0,0,0,0,50,0,0,0,1,0,1,1,8,0,0,1,12,0,0,0,0,0,1,94,0,0,0,0,0,3,13,0,0,0,0,0,148,45,1,0,0,0,0,0,0,0,0,0,35,0,20,0,0,0,19,0,0,0,8,6,0,1,36,77,7,0,1,0,0,0,0,800,0,242,0,596,0,0,150,0,0,0,0,0,0,6,0,0,16,0,3,0,14,3,0,2,1,9,0,4,26,2,0,8,11,0,0,6,7,0,3,0,0,5,33,19,62,23,0,9,0,0,0,2,7,0,0,113,2,0,0,0,271,5,14,0,0,1,0,40,0,105,109,0,2,0
"89",0,0,0,117,0,0,1,0,0,0,0,0,3,0,0,2,0,0,0,0,0,0,0,99,0,1,0,0,4,0,9,0,0,7,0,0,5,0,0,0,3,0,0,0,0,0,0,0,0,0,0,54,0,0,0,4,0,0,0,0,0,0,0,8,0,0,0,10,0,106,0,0,0,0,0,0,0,0,0,0,30,0,0,0,0,0,0,0,0,10,0,8,59,0,0,0,0,0,0,0,0,1,0,0,0,0,0,4921,0,0,2,14,0,8,0,0,0,0,20,9,15,0,0,121,0,0,1149,0,1,0,0,0,0,0,0,3,183,10,0,0,0,0,0,0,0,0,1,0,0,0,1,0,71,15,0,0,0,0,0,0,0,0,0,0,0,0,0,0,0,0,0,1,1,0,0,0,0,87,3,0,0,0,0,0,0,2,0,0,0,0,0,13,1,0,0,8,51,0,1,0,0,0,0,0,0,0,0,18,0,2,0,0,0,0,0,0,198,0,0,0,0,0,0,0,1,0,0,0,14,0,1,0,0,7,0,0,0,0,0,0,0,0,0,0,0,0,0,0,0,0,0,0,0,0,0,0,0,0,0,0,0,0,0,0,1,0,0,0,0,15,0,0,309,1,0,0,0,0,0,2014,0,0,0,0,1,0,0,0,0,0,0,0,0,0,169,0,0,0,0,0,0
"90",0,0,1,0,0,0,1,60,1,0,0,0,1,0,94,0,0,0,0,1,88,21,0,63,0,2015,0,0,11,0,455,0,27,1,0,0,30,9,0,0,4,0,0,14,0,104,0,1,0,1,5,148,0,0,0,3,2,0,0,0,0,107,1,0,0,0,0,0,4,0,0,0,0,88,0,0,0,0,0,157,11,0,2,0,0,1,1,0,0,11,1,36,1,0,0,5,41,0,3,12,0,28,0,0,0,0,0,779,0,0,0,0,0,131,1,0,1,0,180,0,33,0,0,0,81,0,0,0,0,0,25,756,0,0,63,1,5,14,0,0,5,0,0,2,0,0,14,19,10,1,8,23,1,0,1,0,0,0,0,0,0,0,0,0,1,0,0,1,0,0,0,0,1,0,0,0,0,0,0,0,0,0,0,0,8,0,0,0,0,0,0,113,2,0,0,0,0,0,0,0,0,0,0,2,0,19,0,0,1,2,0,0,0,0,0,0,0,0,124,0,186,14,0,0,0,0,0,0,28,0,81,1,0,0,0,0,0,0,0,40,0,0,0,1,0,0,0,0,0,0,8,0,29,0,5,0,13,0,17,0,0,17,0,3,0,0,0,0,0,5,0,24,172,0,0,0,2,0,18,2944,0,0,92,0,0,0,0,0,0,57,0,0,0,0,6,0,1,0,0,145,0
"91",0,1,0,0,15,1,0,2,0,0,24,9,3,490,487,0,0,0,0,0,41,16,0,39,0,0,1,0,4,0,882,0,2,20,0,221,9,1,0,0,0,0,1,1,0,1,0,0,0,0,45,0,0,0,4,0,0,0,0,9,0,26,0,3,16,0,8,0,4,0,4,0,2,0,0,0,0,0,0,37,51,0,224,0,168,0,10,0,0,30,0,12,14,0,0,0,0,0,47,0,0,0,0,0,0,0,4,104,24,0,0,22,0,16,3,0,101,0,40,0,5,0,0,1,56,2,3,0,1,0,14,3,0,3,0,0,7,22,0,0,0,0,0,0,72,0,3,5,0,0,3,21,0,0,0,0,0,0,0,11,0,0,0,3172,0,0,0,0,0,0,0,0,4,0,0,0,0,21,140,0,0,0,0,0,0,1,0,0,0,0,0,31,1,0,14,3,0,1,0,0,0,0,0,2,0,1,0,0,0,11,0,0,0,1,1,0,67,37,1,5,0,1,0,0,0,0,11,0,58,0,129,0,0,0,0,0,0,0,0,2,0,0,0,0,0,0,0,0,0,0,36,0,24,0,29,4,0,0,0,6,1,18,3,2,0,0,0,42,5,187,1,10,193,0,0,0,0,0,0,2256,0,0,45,0,0,19,0,0,0,69,0,0,0,0,119,0,0,79,0,2,0
"92",0,0,0,12,0,0,32,0,0,0,0,0,4,1,66,0,0,0,0,0,0,6,0,158,0,2784,0,0,20,0,0,0,30,228,0,0,7,13,13,0,10,0,0,0,0,30,0,0,0,0,20,0,0,0,0,6,3,0,0,0,0,82,0,0,0,0,29,0,0,0,46,0,0,0,0,0,0,0,0,13,15,0,0,0,13,0,0,0,0,27,0,157,293,0,0,0,0,0,28,0,0,0,0,68,21,0,0,315,0,0,0,0,0,145,0,0,0,0,193,0,24,0,3,3,45,0,190,0,0,0,0,0,0,0,0,0,3,13,0,0,1,0,0,0,0,0,2,0,3,0,4,0,0,0,0,0,0,0,0,130,0,0,0,0,0,1,0,0,0,0,0,0,3,0,0,0,0,141,232,0,0,0,0,0,0,0,0,0,0,0,0,61,0,0,0,29,0,0,0,0,0,0,0,0,0,7,0,0,0,0,0,0,0,0,0,0,136,6,0,0,43,0,0,0,0,0,0,0,130,0,14,0,0,1127,0,0,0,0,0,0,0,0,0,0,0,0,0,0,0,0,7,0,0,0,2,11,1,0,0,0,2,0,0,0,1,0,0,0,0,185,0,0,470,0,0,0,0,0,4,1655,0,0,219,0,0,0,0,0,33,0,0,0,0,0,19,0,6,0,0,148,0
"93",0,0,0,25,0,0,9,0,0,0,0,11,2,59,0,0,0,0,0,0,0,0,0,696,0,16,0,0,26,0,0,0,0,28,0,0,26,203,0,0,66,0,1,0,0,41,0,0,0,0,0,0,0,0,0,11,0,6,0,0,0,0,0,0,0,0,0,0,14,0,244,0,0,0,0,0,0,0,0,0,15,0,236,0,55,0,0,0,0,0,408,0,0,0,0,0,0,1,0,0,0,8,0,20,9,0,4,503,0,0,0,0,2,16,0,0,0,0,40,0,8,0,0,1,14,2,0,0,0,0,1,3,0,0,0,4,7,47,0,0,8,0,0,0,1,0,3,0,0,0,3,1,0,0,0,0,0,0,0,237,0,0,0,923,0,0,0,0,0,0,0,0,4,1,0,0,0,213,4,1,0,0,0,0,0,0,0,0,0,6,0,31,1,0,0,0,0,0,0,958,0,0,0,0,0,1,0,0,0,2,0,0,0,1,1,0,12,0,1,0,0,1,0,3,0,0,0,0,2,0,2,0,0,0,45,0,0,0,0,2,0,0,1,0,0,0,0,0,0,0,0,4,0,0,0,2,0,0,0,0,0,0,0,0,29,0,0,0,0,1,0,0,296,0,0,0,0,0,0,2825,0,20,0,0,0,2,0,0,140,0,0,0,0,0,0,0,29,0,0,0,0
"94",0,0,0,6,0,0,1,18,0,0,0,0,2,0,113,0,17,0,0,0,48,0,1,51,0,1872,0,0,37,19,0,0,0,96,0,0,29,309,25,0,6,0,1,0,0,0,0,0,5,5,20,54,0,0,0,0,0,0,0,189,18,74,2,0,0,0,0,3,3,0,0,0,0,77,0,509,0,0,3,0,37,0,0,0,145,0,0,0,0,139,0,157,2,0,0,0,0,0,0,0,0,0,0,0,0,0,4,104,0,0,0,0,0,16,0,0,0,0,40,0,0,0,0,1,285,2,0,0,0,0,1,3,0,0,10,0,7,0,0,0,0,1,0,0,1,0,3,0,0,0,3,1,0,0,0,0,0,0,0,11,0,0,0,0,0,0,0,0,0,0,0,0,4,0,0,0,0,0,4,0,0,0,0,0,0,8,0,0,0,0,0,381,27,0,31,0,0,0,0,0,0,0,0,0,0,1,0,0,0,2,0,0,0,1,1,0,207,0,284,0,0,1,0,0,0,0,0,0,2,0,268,0,0,556,0,0,0,0,0,2,0,0,0,0,0,0,0,1,0,0,0,0,0,0,0,0,0,0,60,93,0,0,0,0,0,0,0,0,0,0,11,0,6,0,5,0,0,0,1,3141,0,0,240,0,0,0,0,0,0,123,0,0,0,0,149,0,125,0,0,105,0
"95",0,0,0,0,0,0,0,5,0,0,14,2,7,0,5,0,0,0,0,5,20,6,0,591,0,340,0,0,72,126,377,0,0,18,0,0,43,101,8,0,0,3,1,10,0,127,0,1,0,0,109,102,2,0,7,2,5,0,0,140,9,0,9,0,0,0,202,0,0,0,124,0,1,8,0,0,1,0,4,96,30,0,387,0,220,0,1,0,0,16,0,165,242,0,17,1,0,0,0,0,0,0,0,0,1,0,134,2222,29,0,0,0,0,16,0,0,0,0,40,0,0,1,0,1,48,48,0,11,0,0,11,138,0,0,0,0,7,17,0,2,2,0,0,0,1,9,3,5,0,0,3,48,0,6,0,8,0,0,0,85,0,0,0,435,0,0,3,0,0,0,5,0,4,0,0,0,0,105,366,0,0,0,0,0,41,0,0,0,4,0,1,138,1,0,0,0,0,0,0,0,0,0,1,0,0,4,3,0,0,138,0,0,0,15,100,0,80,108,132,0,143,25,0,0,0,0,153,0,171,13,88,0,0,172,0,0,0,0,0,2,0,0,0,0,0,0,0,0,0,0,19,0,15,0,13,4,0,0,7,17,0,0,0,0,0,0,0,4,0,6,0,62,5,0,0,2,0,5,30,716,0,0,163,0,0,0,0,0,32,21,0,1,0,0,0,2,0,66,0,30,0
"96",0,0,0,9,0,0,9,0,0,0,0,0,22,0,0,0,0,0,0,5,0,5,0,70,0,1046,0,5,0,0,0,0,0,0,0,0,62,1,0,0,0,0,0,0,0,52,0,0,0,0,9,32,0,0,0,6,1,0,0,1,0,0,0,0,0,0,9,0,13,0,0,0,0,0,0,0,0,0,0,0,0,0,0,0,1196,0,0,0,0,0,650,1,131,0,0,0,0,0,36,0,0,17,0,0,0,0,2,1276,7,0,0,0,0,1,0,0,0,0,81,0,54,0,64,1,491,0,0,0,0,0,59,876,0,0,0,0,0,30,0,0,59,0,0,0,0,0,0,0,0,0,0,0,0,0,0,1,0,0,0,0,0,0,0,0,0,0,0,0,0,1,0,1,110,0,0,0,0,0,0,0,0,0,0,0,0,0,0,0,0,0,0,16,0,0,0,0,0,0,0,0,0,0,0,0,0,3,0,0,0,34,0,0,0,0,0,0,0,0,329,0,0,0,0,0,0,0,0,0,0,0,0,0,0,246,0,0,0,0,0,0,0,0,0,0,0,0,19,0,0,0,0,0,0,0,0,14,11,0,0,12,0,0,0,0,0,0,0,0,0,34,7,0,993,19,0,0,0,0,0,1500,0,2,200,0,0,0,0,1,5,0,0,0,0,0,0,0,0,0,0,57,0
"97",0,0,0,15,0,0,0,0,0,0,0,0,6,0,26,0,0,0,0,0,0,0,0,50,0,1,0,0,17,0,4,0,0,0,0,0,0,0,0,0,12,0,1,0,0,0,0,0,0,0,0,82,0,0,0,0,0,0,0,0,0,0,6,0,0,0,185,0,78,0,0,0,0,0,0,303,0,0,0,10,0,0,0,0,0,85,0,26,0,0,650,10,80,0,0,1,0,0,0,0,0,37,0,34,0,0,4,595,0,50,0,0,0,16,0,0,0,1,40,0,0,0,0,1,14,2,0,0,0,0,1,3,0,0,0,11,7,0,0,0,0,0,0,0,1,0,3,0,0,0,3,1,5,0,0,0,0,0,19,11,0,0,0,0,0,0,0,0,0,6,0,9,4,0,0,0,0,208,62,0,0,0,0,0,0,0,0,0,0,7,0,31,1,0,0,20,0,0,0,0,0,0,0,0,0,1,0,0,0,8,0,0,0,1,1,0,12,0,93,0,0,1,0,0,0,0,0,0,2,0,2,1,0,614,0,0,0,0,0,2,0,0,0,0,0,0,0,0,0,0,181,0,0,0,0,236,6,0,0,0,0,0,0,0,1,0,0,0,9,1187,0,0,177,0,0,0,0,0,0,1405,0,0,0,0,0,0,0,0,133,0,0,0,0,0,0,0,0,0,0,169,0
"98",0,0,0,0,0,0,0,0,0,0,0,0,0,331,1,0,0,0,0,0,0,0,1,0,0,1,0,0,50,0,0,0,0,195,0,221,0,405,0,0,0,0,0,0,0,0,0,0,4,0,0,0,0,0,0,0,0,0,0,0,0,42,0,4,0,0,179,5,0,0,0,0,0,0,0,115,0,0,0,0,0,0,0,0,0,1,253,0,0,138,0,4,0,0,0,0,0,0,0,0,0,0,0,0,18,0,0,4079,0,0,0,0,0,228,0,0,0,8,110,0,0,0,0,0,0,0,0,0,0,0,0,0,0,3,0,0,1,0,0,0,0,0,0,0,154,0,56,0,0,0,46,0,2,0,1,0,0,0,0,25,0,0,0,0,0,0,0,0,0,0,0,0,0,0,0,0,0,0,103,0,0,0,0,0,0,0,0,0,0,0,0,0,0,0,0,0,0,0,0,0,0,5,0,0,0,19,0,0,0,0,0,0,0,0,0,0,0,0,0,0,64,0,0,0,0,0,0,0,0,0,296,0,0,269,0,0,0,0,0,0,0,0,0,0,0,0,0,0,0,0,0,8,0,0,0,1,0,0,0,0,0,0,0,1,0,0,0,0,203,10,0,0,244,0,0,0,0,0,3,1788,0,0,223,0,0,1,0,0,0,0,0,0,0,0,68,0,0,0,0,13,0
"99",0,0,0,0,0,0,0,0,0,0,0,0,20,0,11,0,14,7,0,0,0,3,0,61,0,1768,0,0,67,0,1,0,0,72,0,0,8,33,15,0,4,0,0,0,0,19,0,0,0,0,5,45,5,0,0,5,1,0,0,1,0,0,0,0,0,0,0,2,73,0,0,0,0,19,0,0,0,0,0,1,51,0,50,0,11,26,1,0,0,60,0,3,102,0,0,0,0,0,0,0,0,188,0,0,0,0,0,1087,0,0,0,0,0,0,0,0,0,0,137,1,0,0,15,0,868,0,0,0,0,0,0,23,0,2,112,22,234,38,0,1,16,0,0,0,0,0,2,0,0,0,14,0,0,0,0,4,0,0,0,0,0,0,0,0,0,0,0,0,0,0,0,0,135,0,0,0,0,0,0,1,0,0,0,0,6,0,0,0,0,0,0,92,1,0,0,0,0,0,0,0,0,0,0,0,0,29,1,0,1,7,68,0,0,0,5,1,1,0,52,0,0,0,0,0,0,0,0,0,41,0,9,0,0,83,0,0,0,3,0,0,0,0,0,0,4,0,0,0,0,0,0,0,0,0,4,36,21,0,2,0,1,0,0,0,0,0,0,0,0,0,0,3,1297,0,7,0,0,0,0,2406,0,0,305,3,0,17,0,0,0,0,0,0,0,0,8,0,6,0,0,20,0
"100",0,0,0,0,0,0,0,0,0,0,0,0,0,0,0,0,63,0,0,0,0,99,0,0,0,0,0,0,0,3,524,0,0,0,0,0,0,0,0,0,0,0,0,0,0,0,0,0,0,0,0,0,0,11,0,0,0,0,6,0,0,0,0,0,0,0,0,0,0,18,0,0,0,0,0,0,0,0,0,3,0,0,0,0,0,381,0,0,0,0,0,0,0,0,0,0,0,0,0,0,0,0,0,0,0,0,0,0,0,47,0,0,709,0,0,0,0,0,18,0,30,0,0,0,0,0,0,0,0,0,0,0,0,0,0,0,0,0,0,0,3555,0,0,6,0,0,25,0,0,34,0,0,0,0,0,0,42,0,0,0,0,0,0,0,0,0,0,5,0,0,0,0,0,0,0,0,0,0,8,0,0,0,0,0,0,0,0,0,0,0,0,0,0,16,0,0,0,0,0,0,0,0,0,0,3399,0,0,0,0,0,308,0,0,0,0,0,4,0,0,0,0,0,0,0,0,0,0,0,0,0,0,0,0,337,0,0,0,0,0,0,0,0,0,0,19,166,0,0,0,0,0,0,0,0,0,7,0,0,0,0,0,0,0,13,0,0,0,0,0,122,0,0,0,0,0,0,0,0,0,0,0,0,0,18,0,0,0,0,0,0,0,0,0,0,0,0,6,0,0,0,0
"101",0,0,0,0,0,0,0,88,0,0,0,4,0,0,1,0,0,0,0,2,0,0,0,53,0,1,0,0,1,0,695,0,1,0,0,0,11,0,0,0,9,0,0,0,0,37,0,0,0,0,12,36,0,0,210,16,0,0,0,12,0,0,0,0,0,0,0,0,0,0,0,0,19,0,0,1,0,0,0,257,24,0,0,0,0,0,386,23,0,0,0,1,8,0,0,0,3,1,162,0,5,0,1,44,7,0,0,4021,0,0,0,0,0,258,0,0,0,0,111,0,0,0,0,1,81,0,0,18,0,0,92,0,0,0,10,0,0,14,0,0,37,0,0,0,26,0,0,57,7,0,32,0,0,0,0,0,0,0,226,0,0,0,0,0,0,0,0,0,0,0,0,0,0,0,0,0,0,0,0,1,0,0,0,0,0,0,0,102,0,0,0,78,2,0,0,0,0,0,0,0,429,0,0,0,0,10,3,0,1,1,0,0,0,0,0,0,155,0,333,0,61,12,0,0,0,0,0,0,73,5,247,1,0,37,0,0,0,0,0,0,0,0,0,0,0,0,0,0,0,0,0,0,0,0,0,0,2,6,175,0,0,0,21,0,0,9,0,0,0,3,0,109,314,0,0,0,0,0,87,0,0,48,462,0,0,10,0,0,51,0,0,0,1,0,0,7,0,0,0,21,0
"102",0,6,0,0,0,0,1,14,0,0,0,2,18,1,7,0,2,0,0,0,3,44,0,97,1,3069,0,0,7,17,258,0,2,74,0,0,122,10,0,0,10,0,1,0,0,0,0,0,0,0,73,23,0,0,0,0,0,1,0,64,0,0,4,0,0,0,0,0,65,0,0,0,0,4,0,0,0,0,0,15,7,0,256,0,0,26,0,0,0,32,0,1,5,0,0,144,0,0,8,0,0,6,0,0,1,1,4,104,0,0,0,0,0,16,0,42,0,3,40,2,0,0,0,1,1018,2,0,0,0,0,52,101,0,0,0,0,277,0,0,0,24,0,0,0,1,0,65,0,5,1,3,1,0,0,0,0,0,0,11,11,0,0,0,0,0,0,0,0,0,0,0,20,4,0,0,0,0,125,4,0,0,0,0,0,9,0,0,0,0,2,0,31,19,5,0,1,0,0,0,0,0,0,0,0,0,129,0,0,0,4,0,0,0,1,1,0,79,0,603,0,0,1,0,0,0,0,0,0,2,0,156,0,0,337,0,0,0,0,0,2,0,0,0,0,0,14,0,0,0,0,0,1,13,0,14,236,6,0,0,0,0,0,0,37,0,0,0,0,1,157,0,0,84,0,1,0,0,0,18,559,1,0,203,2,0,0,0,1,0,99,0,0,0,0,42,0,103,0,0,97,0
"103",1,0,0,0,0,0,8,0,0,0,0,0,0,0,32,0,0,0,0,0,0,150,0,0,0,0,0,0,27,0,72,0,0,44,0,0,5,355,10,0,0,0,1,0,0,111,0,0,0,0,0,0,0,0,0,0,0,0,0,0,0,0,2,0,0,0,1,0,0,0,74,0,0,0,0,0,0,0,0,0,0,0,0,0,107,0,0,0,1,813,206,7,19,0,0,0,0,1,0,0,0,0,0,0,0,0,4,104,0,0,0,0,0,599,0,0,0,0,40,0,0,0,78,1,118,2,0,0,0,0,85,3,0,1,0,16,356,27,0,0,0,0,0,0,1,0,3,0,0,0,3,1,0,0,0,0,0,0,0,11,0,0,0,0,0,0,0,0,0,0,0,0,4,0,0,0,0,0,587,0,0,0,0,0,0,0,0,0,0,0,0,31,1,0,0,0,6,0,0,0,295,0,0,0,187,1,0,0,0,16,0,0,0,1,1,0,540,0,165,0,0,1,0,0,0,0,0,0,239,0,2,0,0,0,0,0,0,0,0,2,0,0,0,0,0,0,25,0,0,0,0,0,0,0,0,0,0,2,0,0,0,0,0,0,0,0,1,0,0,0,0,0,189,0,0,0,0,0,0,1708,0,3,224,0,0,0,0,0,0,0,0,0,0,0,343,0,13,0,21,122,0
"104",0,0,0,0,14,0,1,0,0,0,0,0,0,0,1,0,0,0,0,0,0,0,0,97,0,4334,0,0,0,0,0,0,0,0,0,0,0,185,0,0,0,0,93,0,0,2,0,0,1,0,0,87,0,0,0,21,0,0,0,0,0,0,0,0,0,0,29,0,0,106,0,0,0,0,0,0,0,1,0,0,0,0,0,0,0,0,386,0,0,0,0,2,0,0,0,0,0,0,0,0,0,0,0,0,0,0,4,104,0,0,0,0,0,16,0,0,0,0,40,0,7,0,0,15,14,2,0,0,5,0,1,3,0,0,0,0,7,45,4,0,673,0,0,0,1,0,3,0,0,1,3,1,0,0,0,0,0,0,0,11,0,0,0,252,0,0,0,0,0,0,0,0,4,0,0,0,0,0,4,1,0,0,0,0,0,0,0,3,0,0,0,31,1,0,0,0,0,0,0,0,0,0,10,0,0,56,0,0,0,0,0,0,10,1,1,0,12,0,1,0,15,164,0,0,0,0,0,0,34,0,2,0,0,141,22,0,0,0,0,2,0,0,0,0,0,52,0,0,0,0,0,0,0,1,0,2,99,0,0,0,0,0,0,0,0,0,0,0,0,3,1,0,67,0,0,0,0,0,0,1883,0,0,0,0,0,0,0,0,0,0,0,0,0,0,0,0,10,0,1,0,0
"105",0,0,0,2,0,0,0,55,0,0,0,4,0,302,5,0,8,0,6,1,28,27,0,86,0,9,1,0,12,9,538,0,39,37,0,0,0,0,0,0,47,0,1,0,0,52,0,2,0,0,11,44,3,0,3,33,0,0,5,57,37,0,0,0,0,60,0,0,0,0,3,0,19,21,0,0,0,0,0,9,13,0,19,0,0,0,0,0,0,186,0,9,39,0,52,0,7,0,0,0,0,2,0,5,0,0,4,104,0,0,0,0,0,16,0,168,0,0,40,33,28,0,0,1,14,72,0,0,3,0,37,3,0,0,0,11,7,33,2,0,0,0,0,1,1,0,3,48,0,0,3,32,0,0,0,0,0,0,0,11,0,0,5,0,0,0,0,0,0,0,0,0,4,0,0,0,0,73,4,1,0,0,0,0,10,0,0,0,0,0,0,277,1,0,0,0,0,0,0,0,0,0,0,37,0,23,0,0,0,1,0,7,0,1,1,1,12,56,156,0,0,1,0,0,0,0,28,0,55,0,108,0,0,372,0,0,0,0,0,2,0,0,0,19,0,0,0,1,0,0,0,0,0,0,0,1,1,0,0,7,5,0,0,1,0,0,1,0,0,6,1,29,494,1,1,0,0,0,0,2737,0,0,80,0,0,0,0,0,0,10,0,0,0,0,277,0,31,0,0,87,13
"106",0,0,0,0,0,0,0,0,0,0,0,0,0,0,2,0,0,0,0,0,0,0,0,0,0,1032,0,0,0,0,0,0,14,0,0,0,0,0,0,0,0,0,0,0,13,0,0,0,0,0,0,0,0,0,0,0,0,0,0,0,0,0,7,0,0,0,0,0,0,0,0,0,0,695,0,0,0,0,0,52,0,0,0,0,0,4,27,0,0,228,0,73,5,0,127,0,0,1,107,0,0,4,0,0,0,0,494,176,0,0,0,0,0,360,0,3,0,3,0,0,0,0,0,0,12,0,0,0,0,0,0,812,0,8,0,0,36,0,0,0,1,0,0,0,0,0,0,0,0,0,5,0,0,14,0,0,0,0,0,0,0,0,0,0,0,0,0,0,0,0,0,0,0,0,0,0,0,0,0,0,0,0,0,0,0,0,0,0,0,0,0,0,0,0,0,0,0,0,0,0,0,0,0,0,0,10,0,0,0,0,0,0,0,0,0,0,0,0,18,0,53,0,0,0,0,0,0,0,119,0,1657,0,0,1566,0,0,0,50,0,0,0,0,0,0,0,0,0,0,0,0,0,0,104,0,0,318,0,0,0,0,2,0,0,14,0,0,0,0,0,6,0,0,331,0,0,0,0,0,55,0,0,0,591,0,0,0,0,0,0,0,0,0,0,0,667,0,0,0,0,127,0
"107",0,0,0,0,0,0,0,20,0,0,0,0,0,51,12,6,0,0,0,0,10,2,0,0,0,4111,0,0,0,0,0,0,43,42,0,0,20,5,10,0,1,0,1,126,0,1,0,2,0,0,2,0,0,0,0,0,0,0,0,0,1,96,0,0,0,0,0,0,0,0,20,0,0,10,753,0,0,0,0,0,4,3,0,0,107,23,0,0,0,29,0,0,20,39,0,0,0,0,110,0,0,0,1,0,2,0,4,327,0,0,0,111,0,83,0,0,0,0,131,0,0,0,0,1,516,2,0,0,0,93,10,22,0,3,0,0,36,0,0,4,37,0,0,0,1,0,25,0,3,0,11,60,0,0,0,0,0,0,0,130,0,0,0,0,0,0,0,0,0,0,3,0,4,0,0,0,0,54,36,0,1,0,0,0,12,0,0,49,44,0,0,119,3,0,156,0,0,1,2,0,0,0,0,0,0,4,0,0,0,0,0,0,0,1,14,0,54,17,6,0,0,1,0,0,0,0,8,0,47,13,177,0,0,309,0,0,1,0,0,2,0,0,0,0,0,0,25,0,0,41,53,0,19,0,12,0,2,2,4,7,0,0,0,0,0,0,0,0,0,380,0,8,162,0,2,0,0,0,2,569,0,0,0,0,0,0,0,0,17,40,35,0,1,0,96,23,2,0,0,72,0
"108",0,0,0,0,0,0,0,1,0,2,1,1,0,50,62,0,0,0,0,0,2,2,0,0,0,2253,0,0,26,33,135,0,0,121,0,0,0,232,0,0,0,14,0,0,0,0,5,9,0,0,0,0,0,0,7,4,0,0,0,7,8,6,0,2,0,0,25,0,0,0,8,0,10,2,0,0,0,0,0,36,0,2,559,0,78,0,349,0,0,33,0,23,0,0,0,0,0,0,0,0,11,0,0,2,3,0,1,2009,0,0,0,0,0,140,0,0,0,8,64,10,0,20,0,0,0,58,0,0,0,62,40,63,0,0,0,0,196,0,0,0,0,0,0,0,35,0,44,8,0,0,2,1,0,15,0,0,0,0,12,41,0,0,4,0,0,0,0,0,0,2,2,0,0,0,0,0,0,0,301,0,206,0,0,0,0,0,0,0,0,0,0,0,3,0,5,0,0,2,1,0,0,0,0,4,0,10,15,0,0,0,0,0,7,25,11,2,87,9,0,2,19,4,21,0,0,0,0,0,6,14,64,1,0,904,0,2,1,0,2,0,4,0,0,0,0,5,0,0,0,28,0,4,7,0,72,0,0,20,19,30,0,0,0,0,0,0,0,0,10,225,0,10,358,0,0,0,0,1,4,0,0,0,179,0,0,0,0,0,19,0,0,0,0,0,201,7,0,90,0,17,0
"109",11,38,0,0,0,0,0,28,0,0,0,0,1,50,1,0,0,1,0,0,5,8,0,0,0,0,0,0,6,0,461,0,21,307,0,0,6,309,0,0,0,0,1,44,0,83,0,1,0,0,8,0,0,0,0,0,0,0,0,0,0,22,0,0,0,0,11,0,11,0,2,0,0,0,0,0,0,0,0,64,5,0,11,0,0,1,1,0,0,112,0,0,9,0,0,1,0,0,64,0,0,7,0,0,8,0,4,857,0,0,0,0,0,107,0,0,0,9,138,0,0,0,0,1,236,2,0,0,0,0,1,45,0,1,0,3,67,0,0,0,5,0,0,0,1,0,3,0,0,0,15,35,0,5,0,0,0,0,73,11,0,0,0,0,0,0,2,0,0,0,0,0,4,0,0,0,0,39,588,1,0,0,12,0,0,0,0,0,0,0,0,31,1,0,31,0,51,2,0,0,0,0,0,86,313,9,0,0,0,0,0,0,0,1,1,0,222,0,16,0,0,29,0,54,0,21,0,0,59,0,25,0,0,1356,0,2,2,0,0,2,0,0,236,0,0,0,0,3,0,0,6,3,4,1,31,5,25,0,0,0,3,0,8,2,0,0,0,0,0,925,0,38,35,0,0,0,0,0,7,2665,1,0,32,0,0,0,0,0,18,0,0,0,0,0,237,0,20,0,0,17,0
"110",0,0,1,0,0,0,0,39,743,0,0,0,0,0,0,0,0,0,0,0,45,33,0,0,3,1693,0,0,2,0,86,0,0,25,2,0,0,114,0,0,0,0,0,252,0,461,0,5,0,0,0,0,0,0,21,1,0,0,4,182,2,0,0,0,0,0,0,0,0,0,473,1,0,244,0,0,0,0,0,73,0,1,76,0,0,0,0,0,0,53,0,0,0,0,0,1,0,0,58,0,0,2,0,0,0,0,289,37,0,0,0,94,0,854,0,0,0,0,0,6,1,0,0,0,57,189,0,0,4,0,76,118,2,0,0,0,0,0,0,0,0,0,0,0,0,0,6,7,0,0,11,0,0,2,0,0,0,0,91,58,0,0,0,0,0,0,1,0,1,0,0,0,0,0,0,0,0,105,379,1,0,0,0,0,15,0,0,0,0,0,0,124,0,0,0,0,0,1,0,0,174,0,1,55,0,2,0,0,0,0,0,0,0,0,3,0,122,127,0,0,0,25,0,0,0,32,324,0,225,0,581,0,0,80,0,0,22,0,0,0,0,0,42,56,0,0,0,0,0,0,0,3,12,0,0,8,0,0,0,6,2,0,0,0,0,0,0,186,0,3,0,57,61,0,0,0,0,0,0,144,0,0,167,0,0,0,0,0,0,38,0,0,0,0,149,0,8,25,0,37,3
"111",0,0,0,8,0,0,23,31,6,0,0,6,0,0,0,0,0,0,0,2,34,0,1,148,1,0,0,0,16,0,26,0,0,44,0,0,12,192,0,0,6,0,363,10,0,0,0,0,0,1,40,43,0,0,0,7,0,1,12,0,0,3,1,0,51,0,43,5,13,24,0,0,0,25,0,0,0,0,0,0,0,0,58,0,0,0,0,1,0,49,0,9,134,0,0,1,0,0,7,67,0,0,0,0,0,0,122,104,0,35,0,0,0,16,0,0,0,0,40,0,0,0,0,1,14,2,0,0,0,0,50,3,0,0,0,0,7,16,0,0,0,0,5,0,185,0,3,5,0,10,3,1,0,60,19,0,0,2,44,11,0,0,0,0,0,0,0,5,0,0,8,9,4,0,0,0,0,0,57,0,0,0,0,0,0,0,0,0,32,0,0,31,4,0,16,0,0,2,0,0,0,0,0,0,2,14,0,0,0,1,0,0,5,1,1,0,61,0,1,6,2,1,0,0,12,0,0,0,2,0,35,0,0,30,0,0,2,0,0,2,0,0,0,89,0,2,0,0,0,0,0,3,0,0,0,0,0,0,0,12,1,20,0,0,0,0,0,0,1,1313,0,19,0,0,1,0,0,0,1,2583,0,0,0,0,0,0,0,0,4,53,0,0,0,0,25,13,0,11,0,10,24
"112",0,0,0,0,0,0,3,27,1,0,0,0,0,0,2,0,42,0,0,0,5,5,1,6,0,752,0,0,5,0,94,0,0,11,0,0,3,34,0,0,0,0,0,3,0,440,0,0,0,0,0,0,0,0,0,0,1,0,0,0,0,15,1,0,0,0,0,0,4,233,12,0,0,7,489,0,0,0,0,28,0,0,188,0,34,1,3,0,0,6,157,15,4,0,0,0,0,0,12,0,0,0,0,0,0,0,0,3246,0,0,0,0,0,0,0,0,0,0,33,0,0,0,0,0,39,0,0,0,0,0,0,37,0,0,0,0,1,0,0,0,0,0,0,0,0,0,0,0,0,1,2,0,0,0,0,0,0,0,0,4,2,0,0,516,0,0,0,0,0,149,30,0,31,0,0,0,0,92,0,0,0,0,0,0,57,0,0,0,2,0,0,68,1,0,0,0,0,3,0,0,0,0,0,0,1627,38,0,0,0,0,0,0,0,0,17,0,24,6,0,2,2,20,0,0,0,0,0,0,6,0,9,0,0,1,0,0,0,0,0,0,0,0,0,0,6,9,0,1,0,0,1,0,4,0,9,42,0,0,9,0,2,0,0,5,0,0,0,0,0,15,0,0,96,0,0,0,0,0,1,1008,0,0,3,0,0,0,0,3,23,40,0,0,0,0,4,0,2,0,0,9,0
"113",0,8,0,3,0,0,1,0,0,0,0,0,2,0,10,0,0,0,1,0,0,0,0,60,0,2816,0,0,5,21,7,0,7,0,0,0,5,0,0,21,6,0,0,0,0,344,0,0,0,0,5,104,0,0,0,4,0,0,0,2,7,0,0,2,0,0,41,0,51,0,0,3,0,9,0,20,0,0,0,0,0,6,21,0,0,30,0,4,0,0,0,1,0,0,0,0,0,0,0,0,0,62,2,9,0,0,151,3193,0,0,0,0,0,0,0,0,2,0,83,0,56,0,0,11,32,0,0,0,0,0,43,37,0,2,9,1,24,14,0,0,0,0,0,0,23,0,0,44,4,0,16,25,0,0,7,0,0,36,0,0,0,0,0,0,2,0,0,0,0,0,0,0,1,0,0,6,0,0,0,4,0,0,0,0,0,0,0,0,0,0,1,166,1,0,0,1,0,0,0,0,0,0,0,168,0,17,8,0,0,2,4,0,0,0,0,0,0,43,0,0,0,17,0,0,1,0,0,0,4,0,28,2,0,469,55,0,1,0,0,32,0,0,0,0,0,0,0,0,0,0,0,0,0,0,0,236,25,0,1,0,0,0,3,0,2,0,0,0,0,21,0,0,307,2,0,0,4,1,0,719,0,0,0,0,0,72,0,5,0,0,0,0,0,0,7,0,0,0,0,50,0
"114",5,0,0,2,0,0,2,0,0,0,0,0,0,1,153,0,0,0,0,0,0,0,0,0,0,2333,0,0,122,127,0,477,0,52,0,0,26,0,0,0,0,0,1,3,0,41,0,0,0,0,4,0,0,0,0,0,0,0,0,1,4,16,1,2,0,0,6,0,0,0,13,0,1,0,0,0,1,0,0,1,0,1,225,0,12,0,0,0,0,17,0,20,123,0,0,0,0,1,8,0,0,247,0,0,0,0,4,3293,0,0,2,0,0,16,0,0,13,14,180,0,30,0,0,1,254,2,161,0,0,0,1,3,0,3,0,0,277,33,0,0,901,0,5,0,1,0,3,0,0,0,3,1,0,0,0,1,0,0,11,11,0,0,0,0,0,0,0,0,1,0,4,0,4,0,0,0,0,4,44,1,0,0,0,0,4,0,0,0,0,0,0,113,1,0,0,0,0,1,0,0,0,0,0,25,0,53,0,0,0,81,0,0,0,1,1,0,62,0,140,0,30,23,0,0,0,0,0,7,2,0,48,0,0,201,0,0,3,0,0,2,0,0,0,0,0,0,0,0,0,0,0,0,0,0,5,5,12,0,0,29,0,0,4,1,3,0,0,0,0,277,0,4,203,4,0,0,0,0,8,0,0,649,48,0,0,0,0,0,0,7,0,0,0,0,8,0,1,0,0,9,0
"115",0,1,1,2,4,1,0,20,0,1,12,3,2,0,18,0,0,5,1,0,0,14,0,30,0,230,0,0,7,1,3,0,0,90,1,0,2,120,34,3,4,0,95,0,0,12,0,0,0,1,28,456,0,0,0,33,0,0,0,185,19,33,0,0,0,2,45,0,0,0,0,0,0,15,0,384,0,0,0,6,45,21,0,0,0,0,0,21,0,44,0,208,0,0,0,1,0,0,0,1,0,0,0,0,2,0,4,104,3,23,0,0,0,16,0,0,0,1,40,0,0,14,0,1,14,2,3,0,1,43,1,3,0,0,0,0,7,9,0,0,53,0,0,0,1,0,3,8,9,4,13,16,0,7,0,0,0,0,0,58,0,0,0,3,0,0,0,0,0,0,3,0,4,0,0,0,7,0,248,0,0,0,0,2,2,0,0,0,0,0,0,31,1,0,0,1,0,0,0,773,0,0,0,2,0,306,6,0,3,0,0,0,0,1,15,2,12,13,287,0,0,36,0,0,2,0,0,0,36,40,83,0,0,0,8,1,1,0,3,2,0,0,0,0,0,0,0,0,0,0,0,0,5,0,4,0,14,0,6,0,4,0,3,2,0,0,0,20,1,0,0,1,63,5,4,1,0,0,0,2925,0,0,63,0,0,0,0,0,7,0,0,0,0,0,6,7,20,0,0,60,0
"116",0,0,0,0,0,2,2,24,0,0,0,0,1,1,0,0,0,2,0,0,9,31,0,2,0,1,0,0,22,117,7,0,0,36,0,0,66,265,0,0,0,14,1,56,0,0,0,2,0,0,8,0,0,0,0,0,7,0,0,6,0,15,0,0,0,0,40,0,1,0,4,2,0,40,0,0,0,0,0,6,0,0,78,0,12,20,4,0,0,21,0,77,220,47,0,0,0,0,35,0,0,0,0,0,2,0,128,1551,0,0,0,0,0,130,0,0,0,0,40,2,0,0,0,1,105,2,0,0,0,58,72,101,1,0,0,0,837,0,0,0,0,0,0,0,1,0,3,0,0,25,18,57,0,7,0,0,0,0,11,234,0,0,0,771,0,0,2,0,0,0,0,0,347,0,0,0,0,14,188,1,0,0,0,0,0,0,0,0,0,0,0,125,1,30,0,0,0,0,0,0,0,0,0,25,0,53,0,0,0,14,0,0,8,1,32,7,12,60,456,20,1,1,0,0,0,0,63,0,29,0,80,7,0,1521,0,0,8,0,0,2,3,0,0,0,0,0,0,0,0,41,130,8,11,0,70,14,0,0,15,1,3,16,0,0,5,0,0,0,0,3965,0,0,71,0,1,0,0,9,87,2,0,0,32,0,0,0,0,0,7,13,0,0,0,0,203,0,5,109,0,190,0
"117",0,0,0,0,0,0,5,90,0,0,0,0,0,88,0,0,0,0,0,0,6,0,0,0,0,0,2,0,50,0,0,0,0,0,0,0,42,5,0,3,0,0,0,293,0,3,0,0,0,0,0,0,0,0,0,0,0,0,0,2,0,6,2,0,0,0,52,0,5,129,0,0,0,0,0,0,0,0,0,0,0,0,0,0,4,0,0,0,0,135,54,7,887,0,0,0,0,0,0,0,0,2,0,0,0,0,630,2502,0,0,0,2,0,354,0,0,307,0,1,0,0,0,0,0,235,0,0,0,0,0,87,157,0,0,0,0,0,17,0,0,0,0,0,0,0,0,0,0,0,0,3,11,0,0,4,0,0,0,0,308,0,0,0,0,0,0,0,0,0,14,0,0,0,0,0,0,0,23,11,0,0,0,0,0,0,0,0,0,0,0,0,4,0,0,38,2,0,0,0,0,0,0,0,3,0,0,0,0,5,0,0,0,0,0,32,0,104,0,0,5,1,0,0,0,0,0,8,0,0,0,1,0,0,829,0,0,0,0,0,0,0,0,180,0,0,0,0,8,0,0,7,0,0,0,0,2,0,0,0,0,0,19,0,0,0,0,0,115,19,46,2,0,0,0,0,0,6,0,17,1867,0,0,27,0,0,0,0,0,0,8,0,0,0,0,0,0,0,0,0,30,75
"118",0,6,0,0,0,0,1,34,0,0,0,2,1,75,1,0,0,0,0,2,181,27,0,0,3,1289,0,0,36,17,0,0,1,13,0,0,15,131,0,0,2,0,1,0,0,185,188,3,0,0,3,0,0,0,9,1,0,0,0,363,3,0,1,0,0,65,64,0,0,0,46,0,0,18,0,1,0,0,0,108,0,0,0,0,145,1,1,1,0,23,0,5,1,0,0,0,0,0,0,0,0,1,1,7,3,0,4,1241,0,0,0,0,0,16,0,6,0,0,40,2,0,0,0,1,70,2,0,0,0,0,1,313,0,1,0,0,87,8,0,0,0,0,0,0,1,0,3,0,0,0,32,1,0,0,0,0,0,0,6,11,0,0,0,0,0,0,0,0,0,0,0,1,4,0,0,0,0,33,4,1,5,0,0,0,0,0,0,0,0,0,0,31,4,0,33,0,0,0,0,0,0,0,0,885,0,10,7,0,0,24,0,0,0,1,1,0,138,276,236,0,0,1,0,0,1,0,0,0,71,30,214,1,0,3,0,12,7,0,0,2,0,0,0,0,0,0,0,1,0,0,428,3,0,1,29,4,1,4,0,0,0,0,0,4,0,0,0,0,0,15,107,106,62,0,1,1,0,0,4,1989,1,0,53,0,0,0,1,1,40,0,0,0,0,0,7,13,0,0,0,42,0
"119",0,0,0,0,0,0,1,20,0,0,0,0,3,0,0,0,0,0,0,0,0,0,2,560,0,237,0,0,395,108,0,0,0,0,0,0,6,0,0,7,0,0,322,0,0,0,0,0,1,0,47,20,0,0,0,10,0,0,0,0,0,21,0,0,0,1,230,0,0,104,0,0,39,0,0,0,0,0,1,0,0,0,0,0,830,5,0,0,0,0,0,1256,0,0,0,0,0,1,0,0,0,15,0,0,1,0,66,0,0,0,0,0,13,28,0,0,1,0,778,2,50,0,0,2,24,0,0,12,0,0,6,2,0,0,3,0,0,36,0,0,1,0,0,0,0,0,0,7,14,0,0,0,0,8,1,0,0,0,0,0,0,0,0,4,0,0,0,0,0,0,0,0,50,0,0,0,0,54,0,0,0,0,0,0,0,0,0,0,0,0,0,575,0,0,0,0,0,0,0,0,0,0,0,0,0,126,13,9,0,26,10,0,0,0,26,0,0,0,159,2,138,0,0,0,0,0,0,0,0,0,0,0,0,342,0,0,0,0,0,0,0,0,0,0,0,0,0,0,0,0,0,0,0,0,0,0,2,0,0,0,0,0,0,15,0,1,0,0,90,6,0,0,320,0,8,0,0,0,0,1478,0,158,1023,0,0,19,0,0,0,0,0,0,0,28,4,0,19,0,0,0,0
"120",0,0,0,0,0,0,1,0,0,0,1,0,0,0,29,0,0,0,0,0,0,15,0,0,0,1490,0,0,1,11,0,0,0,121,0,0,0,24,0,0,0,0,1,0,0,15,0,0,0,0,0,0,0,0,0,0,0,0,0,67,0,0,1,0,0,0,149,0,0,0,0,0,0,7,0,1,0,0,0,0,0,0,0,0,0,0,0,1,0,28,0,25,4,0,0,6,0,0,0,0,0,62,0,0,8,0,4,4343,0,0,0,7,83,317,0,0,0,1,40,0,0,0,0,33,83,2,0,14,0,0,24,3,0,1,0,0,149,20,0,0,59,0,0,0,72,0,3,0,0,0,3,1,0,132,0,0,0,0,8,11,0,0,0,0,0,0,0,0,0,0,0,0,4,0,0,0,0,0,341,4,0,0,6,0,0,0,0,0,0,0,0,111,1,0,0,0,0,0,0,0,0,0,485,0,0,1,0,0,0,0,0,0,0,1,1,0,12,0,43,0,0,70,0,0,0,0,0,0,83,0,2,0,0,0,0,0,0,0,0,2,0,0,0,0,0,0,0,0,0,0,0,0,0,0,0,0,0,0,0,0,0,0,0,0,0,0,0,0,0,5,0,0,247,0,7,0,0,0,0,5314,0,0,16,0,0,0,0,0,0,0,0,0,0,0,47,0,13,0,0,37,0
"121",0,0,0,0,0,0,2,0,0,0,0,0,0,0,0,0,0,0,0,0,0,0,0,0,3,0,0,0,0,0,0,2,0,15,0,0,0,0,0,0,0,0,0,22,0,49,0,0,0,0,0,0,0,0,0,0,0,0,0,0,0,0,0,0,0,0,0,0,0,0,0,0,0,0,6,0,0,0,0,21,0,0,0,0,0,8,0,0,0,0,1,0,0,0,0,9,0,0,4,0,0,29,0,0,0,1,0,1771,60,65,0,0,0,0,0,0,0,0,10,4,0,0,0,0,17,0,0,0,0,0,0,0,0,0,0,0,0,9,0,0,0,0,0,0,0,0,0,0,0,0,0,0,0,0,0,0,0,0,0,2,0,0,0,0,0,0,0,0,0,0,0,0,1,0,0,0,0,0,0,0,0,0,0,0,0,0,0,0,6,28,0,0,0,0,0,0,0,0,0,0,0,0,0,2,0,0,0,0,0,0,0,0,8,0,0,0,140,0,0,0,0,0,0,0,0,0,0,0,0,0,0,0,0,606,0,0,0,0,0,0,0,2,0,0,6,0,0,0,0,0,47,0,0,0,6,10,0,0,0,0,0,0,0,0,0,0,0,0,0,0,0,0,531,0,0,0,0,0,0,6482,0,0,1,0,0,0,0,0,0,0,0,0,0,0,11,0,6,0,0,0,0
"122",0,0,0,0,0,0,1,25,0,0,0,10,1,1,60,0,4,0,6,2,46,1,0,200,0,780,0,0,0,2,50,0,0,0,0,0,0,1,0,0,0,0,150,0,0,268,0,4,0,0,3,0,0,4,17,5,7,0,0,72,13,0,11,0,0,0,0,0,0,0,20,1,0,24,0,0,0,0,0,56,47,0,151,0,93,0,8,0,0,5,0,19,1,0,0,0,0,0,0,0,0,5,0,13,0,5,4,104,63,0,0,11,0,16,0,0,0,0,143,2,37,0,0,1,70,2,0,0,1,0,1,167,0,0,11,0,7,35,0,0,13,0,0,0,1,119,3,0,4,0,3,1,0,0,0,0,42,0,0,11,0,0,0,79,0,0,0,0,0,0,0,0,4,0,0,0,0,10,4,1,2,0,0,2,18,0,0,0,0,0,0,108,1,0,0,0,0,3,0,516,0,0,0,0,0,10,0,0,0,263,0,0,0,17,10,0,57,43,24,0,0,1,0,0,0,0,0,0,38,0,306,0,0,899,0,0,0,1,0,2,0,0,0,0,0,0,0,0,0,0,0,1,16,0,5,0,0,2,1,111,3,0,0,4,0,0,0,0,0,61,0,26,25,1,0,1,0,0,2,1115,0,0,1,0,0,0,0,0,87,17,0,0,0,0,8,0,18,0,0,42,0
"123",0,0,0,0,0,0,1,21,0,0,0,0,0,0,22,0,0,0,0,0,43,0,0,1,0,2885,0,0,0,122,297,0,0,0,0,0,0,0,3,0,0,0,0,13,0,7,0,0,0,0,10,0,0,0,59,1,0,0,0,0,0,0,0,0,0,0,0,0,0,0,11,0,0,9,0,0,0,0,0,0,0,0,23,0,29,0,0,0,0,35,0,0,0,0,0,0,0,0,2,0,0,0,0,3,2,0,1,103,0,0,0,0,0,94,0,0,1,0,414,0,0,0,0,2,544,0,0,0,0,0,43,8,0,0,0,0,0,0,0,0,0,0,0,0,0,0,0,4,0,0,0,37,0,0,0,0,0,0,8,35,0,0,0,0,0,0,0,0,0,1,0,0,1,0,0,0,0,0,508,0,0,0,0,0,0,0,0,0,0,0,0,115,0,0,0,0,0,0,0,0,0,0,0,1,0,0,5,0,0,1,0,7,0,0,22,0,0,14,648,0,0,8,0,0,0,2,3,0,14,0,166,1,0,53,0,0,0,0,0,0,0,0,0,0,0,0,0,0,0,0,0,0,0,0,0,0,0,0,0,10,0,0,0,0,1,0,0,0,0,0,0,0,0,0,0,0,867,0,12,1974,0,0,197,0,0,0,0,0,0,102,0,0,0,0,25,0,0,0,0,348,0
"124",0,0,0,0,0,0,0,8,0,0,0,0,11,75,0,0,0,27,0,0,34,58,0,36,0,2323,0,0,3,22,323,0,0,9,0,0,0,0,13,5,0,0,1,15,0,868,0,0,0,0,5,204,0,0,0,2,2,0,0,88,0,18,0,0,0,1,0,0,2,0,8,1,0,3,0,0,0,0,0,0,6,0,94,0,30,0,59,0,0,15,1,1,0,2,0,0,0,0,3,0,0,0,0,0,1,0,128,340,0,0,0,2,0,16,0,0,0,0,40,0,0,0,0,1,50,2,0,0,0,28,1,277,198,0,0,0,7,6,23,0,6,0,0,0,1,0,3,0,0,1,3,15,0,39,0,0,0,0,0,85,0,0,3,2,0,0,0,0,0,11,0,0,4,0,0,0,0,75,287,0,0,0,0,0,0,0,0,1,0,0,0,160,1,0,0,0,0,0,0,0,0,0,0,1,0,4,0,0,0,0,0,0,0,1,26,0,12,14,311,0,0,18,0,0,0,9,0,0,76,0,126,0,0,0,0,0,0,0,0,2,0,0,0,13,0,0,1,0,0,0,4,1,16,0,2,1,1,0,0,0,0,17,0,0,0,0,0,0,0,0,0,0,62,1,0,0,5,0,0,2396,0,0,182,0,0,0,18,0,0,50,0,23,0,0,0,0,0,0,0,111,0
"125",0,0,0,0,49,0,0,0,0,0,0,0,0,0,0,0,0,0,0,0,0,12,0,50,0,2813,11,0,70,197,461,0,0,37,0,0,42,0,0,0,0,0,1,0,0,81,0,0,0,0,10,207,0,0,0,3,0,0,1,4,0,0,0,2,4,0,64,0,1,0,0,0,0,0,0,94,0,0,0,1,0,1,57,0,0,0,0,0,0,42,0,0,0,0,0,0,58,0,0,0,0,0,0,30,0,0,0,744,3,3,0,0,0,109,0,0,0,0,278,0,0,0,0,0,1204,9,54,0,0,0,5,0,0,0,0,0,0,0,0,0,6,0,0,0,465,0,0,6,0,0,20,0,8,0,0,0,0,0,0,0,0,1,0,0,0,0,0,0,0,0,5,1,0,0,0,0,0,0,46,0,0,1,0,0,0,0,0,0,0,6,0,158,0,0,0,0,0,0,0,0,0,0,0,31,0,0,2,0,1,4,0,0,0,0,0,0,0,8,1,0,0,0,0,0,0,0,1,0,5,0,0,0,0,449,0,0,0,0,0,0,0,0,0,0,5,41,1,0,0,0,0,0,0,0,0,0,24,0,0,0,0,0,0,3,0,0,0,0,0,6,0,1,0,0,0,0,0,0,0,1356,0,0,387,0,0,0,0,0,0,35,0,0,0,0,0,0,1,0,0,111,0
"126",0,0,0,0,0,0,2,0,0,0,0,0,18,0,154,0,0,0,0,0,0,0,0,120,0,1501,0,0,83,0,32,0,0,37,0,0,22,460,13,0,4,0,0,53,0,958,0,0,1,0,88,494,0,0,0,0,0,0,0,16,0,0,0,0,0,0,221,0,11,0,17,0,0,0,0,0,0,0,0,0,47,0,0,0,0,0,129,0,0,88,120,62,1,0,0,7,0,0,16,0,0,0,0,0,2,0,0,158,0,0,0,0,0,124,1,0,1,0,669,0,7,2,0,5,366,0,0,0,0,0,62,0,0,0,0,1,599,0,0,0,419,0,0,0,0,0,0,0,0,0,0,3,0,0,1,0,0,0,0,24,4,0,0,10,0,0,0,0,0,0,0,0,0,0,0,0,0,26,587,0,0,5,0,0,0,0,0,0,0,0,0,129,5,0,0,0,0,0,0,0,0,0,0,0,0,262,0,0,2,18,5,0,0,0,0,0,52,0,86,0,0,0,0,0,0,16,0,0,14,0,0,0,0,139,0,0,0,0,0,0,0,0,0,0,0,0,0,0,0,0,0,0,19,0,0,0,72,0,9,57,0,0,0,0,1,0,0,0,0,4,0,0,278,0,1,0,0,0,0,278,0,0,495,0,0,0,0,0,0,0,0,0,0,1,0,0,78,0,0,130,0
"127",0,0,0,0,0,0,3,0,0,0,0,0,0,0,4,0,4,0,0,0,0,31,0,51,0,203,0,0,2,0,0,0,0,92,0,0,14,0,0,15,0,0,0,0,0,52,0,0,1,0,8,44,0,0,0,5,0,1,0,0,0,0,0,0,0,5,26,0,12,56,0,0,0,0,0,0,0,0,0,0,0,0,149,0,73,1,0,0,0,0,0,6,55,0,0,0,0,0,101,0,0,2,0,0,8,0,0,2077,0,0,0,0,1,133,0,0,0,0,122,1,26,0,0,1,84,0,2,0,0,0,27,395,0,2,0,0,6,0,1,0,8,0,0,0,0,0,2,0,0,44,24,0,0,6,0,0,0,3,0,171,0,0,0,0,0,0,0,0,0,0,0,0,21,0,0,0,0,107,93,0,0,0,0,0,12,0,0,0,0,1,0,44,2,2,0,0,0,0,0,0,0,0,0,2,0,7,0,0,2,1,0,0,0,0,0,0,0,0,10,0,0,25,0,0,0,0,0,0,151,0,279,0,0,81,0,0,0,0,0,0,0,0,0,0,6,0,0,0,0,0,179,0,0,0,0,9,0,0,0,0,0,0,0,2,0,0,0,0,0,7,0,0,88,0,1,0,0,0,0,4358,0,0,270,0,0,0,0,0,0,16,0,0,0,3,0,0,10,0,0,52,0
"128",0,0,0,31,11,0,0,13,0,0,0,10,0,0,0,0,0,31,0,0,0,23,0,293,0,74,0,0,70,63,0,0,0,100,0,200,25,205,0,0,5,0,92,0,0,654,0,2,0,0,0,207,0,5,0,3,0,0,3,88,16,0,0,0,0,0,0,0,0,0,0,4,54,4,0,0,0,0,0,12,11,0,296,2,0,0,1,0,0,82,0,0,0,0,14,0,0,0,32,0,0,0,0,7,0,0,0,2,10,30,0,0,0,29,0,0,0,2,66,0,41,1,0,5,225,23,0,11,0,0,96,20,0,0,1,0,29,14,0,2,4,0,0,0,74,0,0,50,0,0,8,0,0,2,207,0,0,0,2,137,0,0,0,0,0,0,0,0,0,0,30,0,0,0,15,0,0,0,0,2,0,0,0,0,39,0,14,2,0,0,0,199,12,0,0,0,0,3,0,0,0,0,0,0,37,172,34,0,0,25,113,0,1,11,17,2,108,148,17,0,0,41,0,0,0,0,108,0,76,13,181,0,0,1137,0,0,0,0,7,0,3,0,0,35,5,0,0,0,0,0,0,1,0,0,42,245,12,0,2,13,6,0,0,18,0,0,0,0,0,15,0,79,177,0,0,0,0,0,3,2579,1,1,181,0,0,0,0,0,0,59,0,4,0,0,0,0,117,0,0,0,0
"129",0,0,0,0,0,0,1,2,0,0,0,0,4,191,7,0,0,0,0,0,17,0,0,97,0,163,0,0,3,0,84,0,0,140,0,0,10,0,0,0,11,0,1,0,0,38,0,0,0,0,14,46,0,0,3,11,0,1,0,10,0,0,8,0,0,0,35,0,30,1,11,0,0,0,0,0,0,0,0,0,0,0,0,0,3,4,23,0,0,78,0,2,80,0,0,0,0,0,66,0,0,0,0,18,0,0,4,104,1,0,0,0,0,16,0,74,0,0,40,0,11,0,0,1,14,2,0,0,0,0,1,159,0,6,0,0,7,0,2,0,39,0,0,8,1,0,3,0,0,0,3,1,0,3,0,1,0,0,0,11,0,0,0,0,0,0,0,0,0,0,0,0,4,0,0,0,0,0,4,24,0,0,0,0,10,0,0,0,0,0,0,31,1,0,0,0,0,0,0,0,0,0,0,0,396,72,0,0,0,1,0,0,0,1,1,0,12,0,1,0,0,1,0,0,0,0,0,0,69,0,2,0,0,504,0,0,0,0,0,2,0,1,0,0,0,0,0,0,0,0,0,0,0,0,0,10,8,0,0,1,0,0,0,11,0,0,0,0,0,16,0,0,251,0,1,0,2,0,0,4031,0,0,16,0,0,0,0,0,0,0,0,0,0,0,145,0,8,0,0,40,0
"130",0,0,0,0,0,0,0,0,0,0,0,0,0,359,111,6,0,0,0,0,0,81,0,0,0,1032,0,0,99,26,0,0,2,124,0,0,1,0,0,0,0,0,1,0,0,137,0,0,0,0,0,0,0,0,0,0,0,1,0,189,0,0,0,0,0,0,0,0,0,0,0,0,0,244,0,0,0,0,0,82,0,0,0,0,0,1,49,0,0,352,0,35,271,0,0,0,0,0,58,0,0,0,0,0,2,0,4,104,0,0,0,10,0,16,0,0,0,0,40,0,0,0,10,1,277,2,0,0,0,0,1,276,0,0,0,0,277,0,0,0,36,0,0,0,1,0,3,0,0,0,3,1,0,0,0,0,0,0,0,11,0,0,0,0,0,0,0,0,0,0,0,0,259,0,0,0,0,125,4,0,0,0,8,0,0,0,0,0,0,0,0,575,45,0,0,0,0,0,0,0,0,0,0,0,291,20,0,15,0,0,0,0,0,1,1,0,12,0,98,0,0,1,0,0,0,0,0,0,2,0,232,0,0,1272,0,0,0,0,0,2,0,0,0,0,0,0,0,10,0,0,0,0,0,0,0,6,1,0,0,0,2,0,0,4,0,0,0,0,3,3,0,0,251,1,0,0,0,0,0,2693,0,0,288,0,0,0,0,0,0,102,0,0,0,0,215,0,33,0,0,118,0
"131",0,3,4,1,0,0,0,0,0,0,0,0,0,0,7,6,0,0,0,0,41,71,0,0,0,3467,0,0,44,0,0,0,0,97,0,0,2,0,0,0,1,0,0,21,0,105,0,0,0,0,0,0,0,0,0,0,0,1,0,401,0,0,0,0,0,0,627,0,0,56,0,0,0,100,0,0,0,0,0,0,0,24,20,0,29,1,85,0,0,0,0,93,5,0,0,0,0,0,47,0,0,0,1,0,0,0,13,774,0,0,0,0,0,0,0,0,0,0,173,0,0,0,0,1,31,0,7,0,0,0,11,14,0,0,0,0,0,0,0,0,974,0,0,0,0,0,71,1,0,0,0,0,12,121,0,0,0,0,99,15,0,0,0,0,0,0,0,0,0,0,0,0,0,0,0,0,0,26,409,0,0,0,0,0,10,0,0,0,0,0,41,254,0,0,0,0,0,1,1,0,0,0,0,118,0,132,0,0,0,0,0,0,0,0,3,0,0,16,0,6,42,0,0,0,0,0,13,0,71,0,128,1,0,236,0,0,0,0,0,0,0,0,0,0,0,0,0,0,0,0,0,0,0,0,0,8,142,0,0,0,11,0,0,0,0,1,0,0,0,1,9,0,0,0,0,0,0,0,0,0,0,0,381,0,0,0,0,0,29,0,0,0,0,0,0,0,0,0,0,237,0
"132",0,0,0,0,0,0,14,0,0,0,0,0,0,0,136,0,0,0,0,0,0,0,0,0,0,5179,0,0,0,0,0,0,0,0,0,0,3,0,0,0,0,0,0,0,0,0,0,0,0,0,0,0,0,0,0,0,0,0,0,0,0,22,2,0,0,0,0,0,0,0,0,0,0,0,0,0,0,0,0,0,0,0,0,0,0,0,0,0,0,28,0,0,123,0,0,0,0,0,0,0,0,840,0,2,7,0,2,0,0,0,0,2,0,80,0,0,0,0,160,2,0,0,0,0,0,0,0,0,0,0,0,0,0,7,0,2,0,0,0,0,0,0,0,0,0,0,0,0,0,0,0,0,154,0,0,0,0,4,0,53,0,0,0,0,0,0,0,0,0,0,0,0,2,0,0,0,0,1,0,0,0,0,0,0,0,0,1,0,0,0,0,0,0,0,0,0,0,0,0,0,0,0,0,0,0,0,0,0,0,0,0,0,0,0,0,0,0,0,0,0,0,0,0,2,0,0,0,0,0,0,24,0,0,0,0,0,0,0,0,0,0,0,1,0,0,0,0,0,0,0,1,0,0,0,0,0,0,0,0,0,0,0,0,0,0,0,0,0,0,46,0,0,1169,0,0,0,0,0,0,1892,0,0,0,0,0,0,0,0,0,0,0,0,0,42,0,0,0,0,0,0,0
"133",0,0,0,0,0,0,2,0,0,0,0,0,0,0,105,0,0,1,0,0,73,0,0,0,0,3189,0,0,64,171,0,0,0,67,0,0,23,142,0,0,0,0,0,0,0,0,0,1,0,0,0,0,0,0,0,0,0,0,0,14,0,0,0,0,0,0,69,0,0,0,0,0,1,32,0,0,0,0,0,1,0,0,0,0,0,0,0,0,0,28,0,0,255,0,0,0,0,0,0,0,0,0,0,0,0,0,0,1035,0,64,0,0,0,152,0,2,0,0,328,0,0,0,0,6,100,0,0,0,0,0,0,73,0,0,0,0,1656,0,0,0,116,0,0,0,0,0,5,0,0,0,10,2,224,0,0,0,0,0,0,0,0,0,0,0,0,0,0,0,0,0,1,0,0,0,0,0,0,0,953,0,0,0,0,0,1,0,0,0,0,0,0,156,0,0,0,0,0,0,0,0,0,0,0,0,0,35,0,0,0,12,0,0,0,0,6,0,0,0,261,0,0,0,0,0,0,0,0,19,0,0,0,1,0,0,0,0,0,0,0,0,0,0,0,0,0,67,4,0,0,0,0,2,5,0,15,2,0,0,0,0,0,0,0,4,0,0,0,0,0,0,0,0,248,0,0,0,0,0,0,10,0,0,125,4,0,0,0,0,0,8,0,0,0,0,0,0,9,0,0,37,0
"134",0,0,0,0,0,2,20,17,0,0,0,5,0,0,16,0,113,0,0,0,0,57,2,71,0,23,0,0,26,0,0,0,0,92,0,0,0,5,0,9,5,0,1,0,0,296,0,0,0,3,0,94,0,0,1,3,0,1,0,1,0,31,6,0,0,0,21,0,0,129,1,4,0,0,0,0,0,0,0,0,0,0,0,0,383,0,0,0,0,0,0,65,0,0,0,0,0,0,0,0,0,2,0,30,0,0,4,104,0,0,0,0,0,16,0,17,44,0,40,0,19,0,0,1,14,2,0,0,6,0,1,3,0,3,0,0,7,14,0,0,23,0,0,0,1,0,3,0,0,0,3,1,0,0,0,0,0,0,16,11,0,0,0,0,0,1,0,0,0,7,0,0,4,2,0,0,0,8,4,0,0,0,0,0,0,0,0,0,0,0,0,31,8,0,0,0,0,0,0,75,0,0,59,0,0,150,15,0,0,7,0,0,5,1,1,0,189,13,1,10,0,1,0,0,0,0,0,0,2,0,137,1,0,1147,0,0,8,0,0,2,0,0,0,0,0,0,0,0,0,0,0,1,0,0,0,16,1,0,41,0,0,0,4,3,0,0,0,0,1,6,0,0,742,0,33,0,0,0,0,3328,0,0,124,0,0,0,0,1,0,0,0,0,0,0,19,0,0,0,0,0,0
"135",0,0,2,0,0,0,0,1,0,0,0,3,0,224,11,0,0,0,0,0,1,22,0,198,0,2709,0,0,9,0,0,0,0,196,0,0,5,77,0,0,35,0,0,43,0,123,0,0,0,0,0,54,0,0,0,3,0,0,0,270,0,12,8,0,0,0,149,0,18,0,9,0,0,1,0,0,0,0,0,9,20,7,0,0,2,13,7,0,0,2,0,7,144,0,0,63,0,0,31,0,0,0,0,5,3,5,1,551,0,0,0,0,0,1,1,0,0,0,17,0,30,12,0,1,60,7,0,0,0,0,0,1,0,8,1,0,13,6,0,4,11,0,0,0,0,0,0,37,0,0,2,0,45,2,0,0,0,0,4,209,0,0,0,372,0,0,0,0,0,0,7,0,0,1,0,0,0,56,28,0,0,0,0,0,0,0,0,0,0,0,0,2,0,0,0,0,0,0,0,0,0,0,0,0,0,36,0,0,0,0,0,0,1,0,6,0,189,11,0,1,0,0,0,0,0,4,0,0,10,0,5,0,0,1457,0,0,2,0,0,11,0,12,0,0,0,0,15,0,0,0,4,2,0,0,0,0,5,0,1,1,12,0,0,2,0,0,0,0,0,314,0,0,522,0,9,0,1,0,0,1004,0,0,163,0,0,0,0,0,29,0,0,0,0,0,47,1,29,0,0,108,0
"136",0,0,1,0,0,0,0,0,0,0,0,0,0,0,0,0,0,0,0,0,4,11,0,0,0,5330,0,0,8,0,0,0,0,0,0,0,0,0,0,0,0,0,0,0,0,67,0,0,0,0,0,0,0,0,0,11,0,0,36,91,0,0,2,0,0,0,10,0,0,0,0,0,0,27,0,0,0,0,0,29,0,0,0,0,0,0,0,0,0,0,0,11,102,0,0,0,89,0,0,0,0,7,0,0,0,4,0,963,0,0,0,0,0,516,0,0,0,0,39,0,0,0,9,0,1281,0,0,53,0,0,0,0,0,0,2,0,17,0,0,4,22,0,8,0,0,0,0,0,0,0,12,0,0,0,1,0,0,0,68,0,0,0,0,0,0,0,0,0,0,0,0,0,4,0,0,0,0,0,114,1,0,0,0,0,0,0,2,0,0,0,0,99,0,0,0,0,0,0,0,0,481,0,0,0,0,2,0,0,0,0,2,0,11,0,0,0,4,0,86,6,0,0,0,0,0,0,0,0,0,6,4,0,0,0,0,0,0,0,0,0,0,0,0,0,0,8,2,0,0,0,0,0,0,0,0,0,1,0,0,0,0,0,0,0,0,0,0,0,0,0,0,0,0,0,0,0,2,0,0,0,0,0,224,7,0,0,0,0,7,8,0,0,0,0,0,0,25,0,0,60,0
"137",0,0,0,0,0,0,0,0,0,0,0,0,0,0,49,0,0,0,0,0,0,0,0,5,0,0,0,0,4,0,273,0,0,0,0,0,0,1,0,0,0,0,1,0,0,0,0,1,3,0,0,0,0,0,0,0,0,0,0,81,0,0,0,0,0,0,84,0,0,0,0,0,0,0,0,0,0,0,0,30,0,1,0,0,14,0,0,0,0,0,0,2,0,0,0,0,0,0,0,0,0,197,0,2,0,0,98,104,0,29,0,0,0,16,0,0,0,0,40,0,0,0,0,1,14,2,0,0,0,0,1,350,0,0,0,0,46,6,0,0,11,0,0,0,1,0,3,0,0,0,3,1,0,6,0,0,0,34,0,11,0,0,0,0,0,0,0,0,0,0,0,0,4,0,1,0,0,0,4,1,0,0,0,0,0,0,0,0,0,0,0,31,1,0,0,8,0,0,0,0,0,0,0,0,0,1,0,0,0,2,0,0,0,1,1,0,12,0,10,0,0,1,0,0,0,0,0,0,2,0,2,0,0,390,0,0,0,1,0,2,0,0,0,0,0,0,0,0,0,0,0,0,0,0,0,0,0,0,0,0,0,0,0,2,0,0,0,40,0,3807,0,0,999,0,0,0,0,0,0,1671,1,0,7,0,0,0,0,1,0,0,0,0,0,0,0,0,0,0,0,0,0
"138",0,6,0,34,2,0,0,16,0,0,0,0,0,0,0,0,54,0,0,0,46,31,0,135,3,276,4,0,41,9,32,0,0,19,0,0,2,184,10,0,4,0,1,0,0,42,0,3,0,0,6,24,2,0,62,12,0,0,0,42,31,0,0,3,0,0,221,0,2,267,6,0,0,0,0,0,2,5,0,16,33,9,198,0,6,0,0,0,0,82,17,9,0,0,0,0,0,0,2,0,0,0,0,0,1,3,4,2832,0,0,0,0,0,16,0,0,0,0,40,0,13,0,0,1,14,103,0,0,1,0,1,182,0,0,0,0,7,9,0,2,23,0,0,0,1,0,3,48,8,0,15,23,0,25,0,0,0,0,0,64,0,0,0,22,0,0,0,0,2,0,20,0,4,0,0,0,0,0,379,0,0,0,0,0,13,0,0,0,0,0,1,381,1,0,0,0,0,2,0,5,0,0,2021,832,0,42,0,0,0,0,0,0,0,1,15,7,402,14,1,0,1,47,0,0,0,0,68,0,26,0,73,1,0,188,0,0,2,0,0,2,1,0,0,0,9,0,0,0,0,0,0,1,0,0,19,3,4,0,16,0,14,0,0,3,0,0,0,0,0,2,0,0,63,0,0,0,0,0,2,2906,1,0,54,0,0,0,0,0,31,13,0,0,0,0,48,23,40,0,0,29,0
"139",0,0,0,26,0,0,0,0,0,0,0,0,0,158,109,0,1,0,0,0,0,8,0,0,0,4318,0,0,0,0,0,0,0,66,0,0,5,0,0,0,0,0,0,25,0,0,0,0,0,0,0,0,0,0,0,0,0,3,0,0,0,0,0,0,0,0,0,0,0,118,0,0,0,3,0,0,0,0,0,0,0,21,0,0,28,0,0,0,0,0,0,64,23,0,0,0,0,0,0,0,0,0,0,0,0,0,0,2115,0,0,0,0,0,0,0,0,0,0,97,1,0,0,0,0,0,56,0,0,0,0,0,163,0,0,0,0,0,0,0,0,29,0,0,0,0,0,0,0,0,0,0,0,0,16,0,0,0,0,0,19,0,0,0,0,0,1,0,0,0,0,0,0,213,0,0,0,0,0,49,0,0,0,0,0,0,0,0,0,0,0,0,116,0,0,0,0,0,0,2,0,0,0,0,0,0,24,0,0,0,0,0,0,0,0,0,0,123,0,0,0,0,0,0,0,0,0,0,0,0,0,34,0,0,1271,0,0,0,0,0,0,0,0,0,0,15,0,0,0,0,0,0,0,0,0,0,233,0,0,0,0,0,0,0,0,0,0,0,0,0,237,0,0,0,0,0,0,0,0,1,0,0,0,80,0,0,0,0,85,0,7,0,0,0,0,32,0,1,0,0,3,0
"140",0,0,0,0,0,0,0,0,0,0,0,2,0,0,3,0,0,0,0,0,30,0,0,0,1,2881,0,0,14,0,372,0,2,34,0,0,5,344,0,0,2,0,0,0,0,85,0,0,0,0,0,75,0,0,0,0,0,0,0,309,0,0,0,0,118,0,0,0,3,0,0,0,0,0,0,1,0,0,0,281,0,6,0,0,0,0,0,69,0,12,0,0,0,0,0,0,1,0,8,0,0,0,0,31,0,0,138,805,0,1,0,0,0,726,0,0,0,1,23,1,5,0,0,0,96,199,0,0,0,0,31,44,0,0,5,0,0,22,0,0,0,0,0,0,0,0,0,15,0,0,0,0,0,0,0,0,0,0,86,28,0,0,0,276,0,1,0,0,0,0,0,1,1,0,0,0,0,75,0,0,0,0,0,0,0,0,0,0,0,0,0,249,0,0,0,0,0,0,0,0,0,0,0,0,216,153,0,0,0,0,0,0,0,0,0,1,82,0,0,1,0,0,0,0,0,0,11,0,63,0,268,1,0,197,0,0,0,0,0,0,0,0,0,0,0,0,0,1,1,0,1,0,0,0,0,0,0,0,0,5,0,16,0,6,0,0,0,16,3,12,0,0,5,0,0,0,0,0,0,715,0,0,544,0,0,0,0,0,0,82,0,87,0,0,1,0,0,0,0,0,0
"141",0,0,0,26,0,0,0,3,1,0,1,0,0,0,0,0,0,0,0,0,22,8,0,0,0,4720,0,0,99,0,460,0,0,97,0,0,32,185,0,0,1,0,0,79,0,227,0,0,0,0,0,0,0,0,0,1,0,0,0,1,21,1,2,0,0,0,295,0,0,0,12,0,0,0,0,0,0,0,0,6,0,1,0,0,32,0,0,0,1,42,11,9,35,0,0,0,0,0,8,0,0,0,0,0,2,0,0,1240,0,0,0,0,0,83,0,1,0,0,59,0,3,0,0,2,151,0,0,0,0,0,0,0,0,5,0,0,121,0,0,1,0,0,0,0,0,0,9,0,0,0,32,0,1,3,0,59,0,0,232,73,0,0,0,0,0,0,0,0,1,0,0,0,0,0,0,0,0,12,56,0,0,0,12,0,3,0,1,0,0,0,0,28,5,0,0,0,0,1,0,0,0,0,0,1,0,0,0,0,0,0,0,0,0,0,4,0,37,39,0,5,0,62,0,0,2,0,0,0,36,30,26,0,0,481,0,0,0,0,0,0,0,0,0,0,0,0,0,2,0,0,87,0,0,0,3,0,26,0,0,0,13,0,0,1,0,0,0,0,0,171,0,0,0,0,0,0,0,0,2,12,0,0,179,0,0,0,0,0,17,0,0,0,0,0,1,4,0,0,0,122,0
"142",0,0,1,0,0,1,0,0,0,0,0,0,1,0,691,0,0,0,0,0,0,1,0,757,1,1288,0,0,10,53,46,0,3,1,0,0,4,0,3,0,5,0,0,0,0,2,0,0,0,0,12,33,0,0,0,1,0,0,0,0,5,0,0,0,0,0,426,0,0,0,0,1,1,19,0,0,0,0,0,1,15,0,1,0,0,2,0,1,0,7,0,0,56,0,0,0,6,0,1,0,0,0,0,1,0,0,0,471,0,0,0,0,0,1,0,0,0,0,51,0,0,0,0,1,6,0,0,0,0,0,0,124,0,0,5,0,3828,0,0,0,37,0,0,0,0,0,5,4,2,0,7,0,0,22,1,0,0,0,3,0,0,0,0,0,0,0,0,0,0,0,0,0,0,0,0,0,2,0,0,0,0,0,0,0,0,0,0,1,0,0,0,2,2,0,1,0,0,1,0,0,0,0,0,0,0,15,0,0,3,0,0,0,0,0,1,0,51,0,60,0,0,10,0,0,0,0,0,0,1,0,6,1,0,545,0,0,0,0,1,29,0,0,0,0,0,0,0,0,0,0,26,0,0,0,1,0,1,0,1,0,0,0,3,0,0,3,0,0,0,25,0,0,97,0,0,0,3,0,2,981,0,0,1,0,0,0,0,0,0,0,0,0,0,0,65,0,7,0,0,39,0
"143",0,0,0,0,0,0,2,0,0,3,0,0,0,0,0,0,0,0,0,0,4,2,0,72,6,2307,0,0,41,51,462,0,0,121,0,0,6,106,0,0,0,0,0,0,0,512,0,2,0,0,2,0,0,0,3,26,0,0,0,15,1,0,0,0,0,0,60,0,0,3,4,1,0,23,8,0,0,0,0,10,0,0,151,0,4,0,0,0,0,349,0,6,369,0,0,0,0,0,65,0,0,0,0,1,1,2,0,2157,0,0,0,0,0,13,37,0,0,0,62,33,0,0,0,6,53,10,0,0,0,0,0,190,0,2,0,0,11,0,0,0,25,0,0,0,0,0,0,5,0,0,0,0,149,16,0,0,0,0,15,30,0,0,0,0,0,0,0,0,0,0,7,0,0,0,0,0,0,1,24,0,0,0,0,0,0,0,0,0,0,0,20,127,0,0,0,0,0,0,0,0,0,0,0,0,0,95,0,0,0,14,0,0,0,10,5,1,5,1,58,0,0,33,0,0,0,0,0,0,4,7,33,11,0,233,0,0,8,0,3,0,0,0,0,0,2,0,0,0,0,0,432,3,0,0,2,0,0,0,3,0,2,0,0,0,0,0,0,0,0,0,0,0,0,0,0,0,0,0,0,853,0,0,286,0,0,0,0,0,0,7,0,0,0,0,2,8,12,0,0,73,0
"144",0,0,0,0,0,0,7,0,0,0,0,0,0,0,24,0,0,1,0,0,40,37,0,4,0,2182,0,0,12,0,177,0,0,18,0,0,0,5,0,0,0,0,0,76,0,3,0,1,0,0,4,0,0,0,0,0,0,0,0,44,5,76,0,0,0,0,69,0,0,0,0,0,0,0,0,0,0,0,0,6,0,1,0,0,1145,0,0,0,0,108,24,11,0,0,0,0,0,0,0,0,0,0,0,0,0,0,0,219,7,2,0,0,0,350,0,0,0,0,35,0,0,0,0,0,274,0,0,0,0,0,0,524,0,1,0,0,0,0,0,0,0,0,5,0,0,0,0,0,0,0,31,0,13,0,0,0,0,0,0,91,0,0,0,0,0,0,0,0,0,0,0,0,1,0,0,0,0,0,1,1,0,0,0,0,2,0,0,0,0,0,0,143,2,38,0,0,0,0,0,0,0,0,0,2,0,9,0,0,1,1,0,0,0,0,5,4,50,0,2,0,0,0,0,0,0,0,0,0,120,0,61,0,0,191,0,0,53,0,0,0,0,0,0,0,0,0,0,0,0,0,2,2,0,0,0,0,0,0,0,0,2,0,0,0,0,0,0,0,0,2,0,0,3136,0,0,0,0,0,1,0,0,0,92,0,0,0,0,0,6,59,0,0,0,0,364,0,0,0,0,17,0
"145",0,0,0,0,0,0,15,57,0,0,0,0,0,325,0,0,7,1,0,0,0,134,0,1,0,0,0,0,1,0,0,0,0,0,1,0,1,0,0,0,1,0,0,0,0,0,0,0,0,0,0,0,0,0,0,0,1,0,0,303,0,0,1,6,0,38,0,0,0,0,336,0,1,48,0,0,0,0,4,371,0,0,0,0,384,0,116,0,0,21,1,1,1,0,21,0,0,0,0,0,0,1,0,0,0,0,91,2955,0,14,0,0,0,0,0,14,0,0,283,0,0,0,0,0,0,0,0,0,275,0,0,258,0,1,0,0,1,2,0,0,23,1,0,0,0,0,0,0,0,0,21,0,0,38,0,0,0,0,0,0,0,2,0,2039,1,0,0,0,0,0,20,7,1,1,0,0,0,0,0,0,0,0,0,14,41,5,0,0,0,0,0,0,0,9,0,0,0,0,0,0,0,0,0,556,0,122,0,0,1,0,0,0,0,0,21,0,0,145,2,0,0,0,0,0,0,8,0,0,0,0,212,0,0,184,1,0,0,1,0,9,0,0,0,0,0,0,0,1,0,0,0,3,0,0,29,0,0,0,55,0,0,0,0,9,1,0,0,0,0,1,0,0,6,0,1,0,0,1,6,0,0,0,205,0,0,1,0,1,0,0,0,0,0,0,25,0,15,0,0,78,0
"146",0,6,0,0,0,0,0,0,1209,1,0,3,0,0,96,0,0,0,0,1,49,5,0,132,0,2214,0,6,10,9,312,0,0,14,0,0,26,1,10,0,0,0,0,10,0,1,0,1,0,0,7,48,0,0,1,2,0,0,0,35,12,29,0,1,0,3,0,0,0,11,16,0,0,0,0,0,0,1,0,1,37,0,1,0,19,12,10,0,0,24,0,15,0,0,0,0,0,0,15,0,0,0,0,0,1,0,200,510,0,0,0,0,0,0,0,0,0,0,16,0,32,0,0,9,24,0,0,0,10,0,2,8,0,0,0,0,0,16,2,0,2,0,0,0,0,0,2,0,4,0,1,0,0,5,0,0,0,0,7,30,0,0,0,1,0,0,0,0,0,0,3,0,0,0,0,0,0,62,41,0,0,0,6,0,1,0,0,0,0,0,0,14,1,1,0,0,0,0,0,0,0,0,1,18,0,10,1,0,0,3,0,0,0,4,2,1,41,14,0,2,17,0,0,115,0,0,2,0,64,0,12,0,1,1190,0,0,2,0,0,46,0,0,0,0,2,0,0,0,0,11,244,0,21,0,10,14,0,0,2,1,5,0,4,0,30,1,0,0,2,682,5,3,57,0,10,0,0,0,21,1670,0,0,5,0,0,0,0,0,14,2,49,7,0,0,58,28,1,0,0,74,0
"147",0,0,0,14,0,0,1,0,0,0,0,0,0,0,43,56,0,0,0,0,0,0,0,58,0,15,4,0,11,28,0,0,0,0,0,0,2,20,0,0,5,0,0,0,0,447,0,0,0,5,0,0,0,0,0,7,0,1,0,0,9,32,1,0,0,0,217,0,30,0,0,0,0,0,0,0,0,0,0,0,0,0,0,0,46,178,171,0,0,0,0,7,2,0,0,0,19,0,47,0,0,0,0,0,6,0,0,498,0,0,0,0,0,0,0,0,0,0,440,0,0,0,0,0,17,0,0,0,0,0,0,32,0,0,2,0,2,60,0,7,67,0,0,0,0,0,0,0,0,0,0,0,0,0,0,27,0,0,0,68,0,8,0,0,0,0,0,63,0,0,0,0,2,2,0,0,0,19,0,0,0,0,0,0,79,0,0,0,0,0,0,87,4,0,0,1,0,0,0,0,0,0,0,0,0,129,0,0,5,33,0,0,0,0,2,0,0,0,34,0,0,38,0,0,0,0,0,0,0,0,0,0,0,311,0,0,0,0,0,135,0,0,0,0,0,0,0,0,0,0,0,0,0,0,6,27,99,0,1,0,9,0,0,5,5,0,0,0,0,1345,68,0,1141,0,0,0,0,0,1,2623,0,0,835,0,0,0,0,0,127,0,0,0,0,0,0,0,33,0,0,20,0
"148",0,0,1,2,0,0,1,99,0,0,0,0,11,34,12,0,32,6,0,0,120,42,0,186,1,0,5,0,4,8,94,0,0,75,0,0,0,0,11,0,8,0,1,0,0,0,0,4,0,0,1,24,0,0,0,5,0,1,0,289,35,34,54,4,80,63,0,1,0,66,70,0,0,156,0,0,0,1,0,0,52,11,0,0,120,1,109,0,0,35,0,3,86,0,0,1,0,0,15,0,0,15,0,0,0,0,4,774,0,0,0,0,0,317,2,0,0,0,40,0,28,0,0,1,14,2,0,0,2,0,1,3,0,1,0,0,188,0,0,0,16,0,1,0,1,0,3,0,4,13,17,1,0,30,0,0,0,0,9,11,0,0,0,0,0,0,0,0,1,0,18,0,4,0,0,0,0,133,51,0,0,0,0,0,19,0,0,0,0,0,0,31,1,1,0,0,0,0,0,0,0,0,0,0,0,18,0,0,0,0,0,0,4,1,1,0,114,149,721,0,27,93,0,0,0,0,0,0,2,0,2,0,0,55,0,0,3,0,0,2,0,0,1,0,0,0,0,0,1,0,0,1,53,0,13,10,4,0,1,0,5,0,0,0,0,0,0,0,0,0,0,0,309,0,1,0,0,0,3,2811,0,0,495,0,501,0,0,0,1,116,0,0,0,0,119,0,7,0,0,47,0
"149",0,4,2,1,12,0,0,12,0,0,0,1,0,622,5,0,0,0,0,0,14,13,0,51,0,3470,1,0,7,0,0,0,0,7,0,0,30,2,2,0,0,2,1,142,0,117,0,0,0,0,0,298,0,0,0,3,0,0,0,0,4,8,0,0,0,0,69,0,0,0,17,0,1,29,1,0,0,0,0,0,8,0,0,0,72,0,0,0,0,61,1,1,34,17,0,0,0,0,0,0,0,23,0,0,0,0,188,104,0,0,0,0,0,16,0,0,0,0,40,1,0,0,0,1,273,2,0,0,0,0,1,1175,0,0,5,0,7,36,0,0,0,0,0,0,1,0,3,4,0,2,3,1,1,0,0,0,0,0,68,11,0,0,0,0,0,0,0,0,0,0,0,0,123,0,0,0,0,0,44,0,0,0,0,14,0,0,1,0,0,0,0,113,1,0,0,0,0,0,0,0,0,0,0,0,0,1,0,9,0,0,0,0,0,1,9,0,108,0,1,0,0,1,0,0,0,0,0,0,2,0,23,0,0,0,0,0,0,0,0,2,0,0,0,0,0,0,1,0,0,11,0,1,10,0,1,0,9,8,0,0,0,0,0,3,1,0,0,4,1,0,0,0,0,1,0,0,3,1,2,1470,0,0,37,0,4,0,0,0,3,8,0,0,0,0,2,1,4,0,0,9,0
"150",0,0,0,0,0,0,1,0,0,0,0,0,0,0,0,0,0,0,0,0,0,0,0,3,0,3660,0,0,3,0,7,0,0,55,0,0,0,334,0,0,0,0,1,0,0,0,0,0,0,0,0,0,0,0,0,0,0,0,0,0,0,0,0,2,0,0,1,0,0,9,69,0,1,0,0,1,0,0,0,0,0,0,0,0,593,0,1,0,0,0,0,3,0,0,0,0,0,0,0,0,0,0,0,0,0,0,4,1353,0,0,0,0,0,16,0,0,0,0,40,0,0,0,0,1,14,2,0,0,0,0,1,3,0,0,0,0,7,0,0,0,3,0,0,0,1,0,3,0,0,0,3,1,0,6,0,0,0,0,0,11,0,0,0,0,0,0,0,0,0,0,0,0,4,0,0,0,0,0,4,0,0,0,0,0,0,0,0,0,0,0,4,31,1,4,0,0,0,0,0,0,0,0,0,12,0,1,0,0,0,0,0,0,0,1,1,0,12,0,1,0,7,1,0,0,0,0,0,0,2,0,2,0,0,30,0,0,0,0,0,2,0,0,0,0,0,0,0,0,0,0,0,0,0,0,0,0,0,0,0,0,0,0,0,0,0,0,0,0,0,1,0,0,128,0,0,0,0,0,0,3600,0,0,0,0,0,0,0,0,0,0,0,0,0,0,275,0,0,0,0,0,0
"151",0,0,0,4,0,0,0,31,0,9,0,0,0,0,0,0,0,0,0,0,103,0,0,0,0,378,1,1,16,0,0,0,0,0,0,0,0,1245,0,0,0,16,0,199,1,0,0,0,0,0,0,0,0,0,134,0,0,0,24,544,0,33,0,132,0,14,0,0,0,0,0,0,0,29,0,630,0,0,0,0,0,0,0,0,458,0,57,0,0,231,0,0,0,0,45,0,0,0,210,0,43,0,0,0,0,0,373,0,0,77,0,0,0,64,0,0,0,1,143,2,0,4,0,1,304,11,0,0,0,41,57,100,0,0,0,0,1,0,0,0,0,0,0,0,247,0,0,17,0,0,75,22,0,5,2,0,0,0,0,0,0,0,3,0,0,0,0,0,0,20,0,0,0,0,0,6,0,0,0,0,0,0,0,0,0,0,15,0,0,2,0,0,0,0,0,0,0,0,0,0,0,0,0,0,0,0,0,0,0,0,0,0,202,0,0,0,0,499,0,21,0,114,17,0,0,0,51,0,0,40,366,7,0,106,0,0,0,0,1,0,0,0,0,33,0,0,0,0,0,0,488,0,91,0,0,0,3,0,0,35,0,45,0,6,0,0,40,343,30,16,0,0,0,0,0,0,0,0,0,0,0,0,974,0,0,0,0,0,128,78,0,0,0,0,0,0,0,0,9,0,70
"152",1,0,0,0,0,0,0,0,0,0,0,0,0,0,60,0,0,0,0,0,0,0,0,3,0,3085,0,0,36,0,34,0,0,16,0,0,4,0,0,0,0,0,0,0,0,0,0,0,0,0,0,0,0,1,0,0,1,0,0,0,0,0,0,0,0,0,0,0,0,0,0,0,0,0,0,0,0,0,0,0,0,0,0,0,0,0,4,0,0,0,0,52,18,0,0,2,0,0,0,0,0,0,0,0,0,0,0,4788,0,0,0,0,0,0,0,1,0,2,0,0,0,0,0,0,0,0,0,0,0,0,0,0,0,5,0,0,5,0,0,0,1031,0,0,0,0,0,0,0,0,0,0,0,0,27,0,0,0,0,0,0,0,0,0,0,0,1,0,0,0,0,6,0,0,0,0,0,0,0,0,0,0,0,0,0,0,0,0,0,0,0,0,0,0,19,0,0,5,0,0,0,0,2,0,0,0,140,0,0,1,1,0,0,0,0,0,0,0,0,0,0,0,0,0,0,0,0,0,9,0,0,0,0,0,0,0,0,0,0,0,0,0,0,0,0,0,88,0,0,0,0,0,1,0,0,0,0,0,0,0,0,0,0,0,0,0,0,0,0,0,84,0,0,469,0,0,0,0,0,0,0,0,0,0,0,0,0,0,0,0,0,0,0,0,0,0,0,0,0,0,0,0
"153",0,0,0,0,0,0,24,18,0,0,0,0,0,0,0,1,0,0,0,0,20,7,0,5,0,0,0,0,25,128,4,0,0,44,0,0,10,81,0,0,1,0,0,0,0,1671,0,0,0,0,0,0,0,0,0,1,0,0,0,42,2,0,1,0,0,0,16,0,0,0,11,3,0,0,0,0,0,0,0,64,0,0,0,0,5,16,1,0,0,0,1,4,0,0,0,0,0,0,19,0,0,115,0,0,2,0,0,582,0,0,0,0,0,0,0,1,0,1,21,0,0,0,0,0,48,0,0,0,0,0,0,214,0,0,1,0,4,0,0,0,90,0,0,0,0,0,0,1,0,0,22,0,0,0,0,0,0,0,0,67,0,0,0,0,0,0,0,0,0,6,14,0,0,0,0,0,0,41,0,1,0,0,0,0,5,0,3,0,0,0,0,119,1,31,0,0,0,2,0,0,301,0,0,0,0,11,0,0,6,9,0,0,0,0,2,0,55,0,783,0,2,0,0,0,0,0,0,0,0,0,0,0,0,176,0,0,0,0,0,0,0,0,0,0,4,35,0,0,0,0,0,1,55,1,22,19,25,9,1,2,0,0,0,8,0,0,0,0,0,15,0,48,662,0,4,0,4,0,0,3956,0,0,82,0,0,0,0,0,0,0,0,0,0,0,0,0,26,0,0,64,0
"154",0,0,0,1,0,0,2,0,0,0,0,0,0,0,14,0,113,0,0,0,0,28,0,0,0,761,0,0,79,0,258,0,0,261,0,0,91,184,0,0,0,0,0,0,0,0,0,6,0,0,0,0,0,0,0,0,2,0,0,114,0,0,70,112,0,0,21,8,0,0,0,0,0,2,0,0,0,0,0,0,0,0,0,0,0,62,0,0,1,105,0,33,0,0,0,0,0,0,76,0,0,14,0,0,0,0,0,2699,0,0,0,0,0,56,0,0,0,48,0,1,3,0,0,8,0,0,0,0,0,0,0,0,0,8,0,0,1,0,0,0,0,0,0,0,0,0,0,0,0,0,7,0,84,0,9,14,0,0,0,0,0,0,0,0,0,0,10,0,0,0,0,0,3,0,0,3,0,10,83,5,0,0,0,0,0,0,0,0,0,0,0,429,2,0,0,0,0,0,0,0,0,2,0,0,52,186,0,0,0,26,0,0,0,0,11,0,101,0,240,0,0,33,0,0,0,0,0,0,55,0,301,0,0,463,0,0,0,0,0,0,0,0,0,0,6,0,1,0,0,0,0,0,0,0,0,14,0,0,0,0,2,0,0,0,0,0,0,0,0,0,0,0,355,0,10,0,0,0,0,1486,0,0,514,0,0,0,0,0,0,47,0,0,0,9,92,0,9,0,0,87,0
"155",0,6,1,4,0,0,1,0,0,0,0,0,0,111,29,6,0,0,0,0,0,0,0,607,0,0,0,0,93,0,84,0,6,121,0,0,0,0,16,0,7,0,1,74,0,0,0,0,14,0,45,380,0,0,0,7,2,0,0,0,10,0,0,2,0,0,0,0,0,0,11,0,0,20,0,0,1,0,0,8,0,0,0,0,0,7,2,0,0,0,0,109,0,0,0,0,0,0,151,0,0,0,0,3,12,0,4,2715,0,0,0,0,4,16,1,0,0,0,40,0,91,0,0,1,14,2,0,0,0,0,1,3,2,12,0,1,7,56,0,0,14,0,0,0,1,0,3,12,0,0,18,1,0,22,0,0,0,0,0,97,0,0,0,0,0,1,0,0,2,0,3,0,4,0,0,0,7,4,4,1,0,2,0,0,4,0,0,0,0,0,6,31,1,1,0,0,0,0,0,0,0,0,0,0,0,20,0,0,0,0,0,108,0,1,1,1,12,39,211,0,35,23,0,0,0,0,0,0,87,0,2,0,0,82,0,0,8,0,0,2,0,0,0,0,0,46,0,0,0,0,0,3,0,0,26,2,7,0,4,0,1,0,0,1,0,0,0,0,0,1974,0,0,470,0,0,2,0,0,1,1080,0,0,163,0,0,0,0,4,0,64,0,0,1,0,9,12,3,0,0,9,0
"156",0,0,0,0,0,0,1,0,1396,0,0,0,3,44,8,0,0,0,0,1,66,0,0,8,3,4113,0,0,161,0,0,0,0,0,0,0,5,0,0,0,0,0,1,0,0,29,0,0,0,0,0,0,0,0,0,1,0,3,0,0,0,96,1,0,0,8,40,0,41,0,1,0,0,0,0,0,0,0,0,3,0,1,1,0,120,0,0,1,0,23,0,2,131,0,0,0,41,0,0,0,0,0,0,0,1,0,4,1901,0,0,0,0,1,16,0,0,3,0,40,0,28,0,0,1,14,2,0,0,0,0,1,877,0,3,0,0,7,15,1,4,0,0,0,0,1,0,3,0,0,0,23,1,0,0,0,0,0,0,0,11,0,0,0,0,0,0,0,0,0,0,0,0,4,0,0,0,0,2,4,0,0,0,0,0,0,0,0,0,0,0,0,31,1,0,0,8,0,0,0,156,0,0,0,0,0,1,0,0,0,0,0,0,0,1,1,0,12,0,43,0,27,1,0,0,0,0,0,0,29,0,35,0,0,30,0,0,0,0,0,2,0,0,0,0,0,0,0,1,0,0,0,0,0,1,0,0,2,0,0,0,0,0,0,0,10,1,0,0,0,0,0,0,0,0,1,0,0,0,6,1004,0,0,0,0,0,0,0,6,0,0,0,0,0,0,0,0,1,0,0,40,0
"157",0,7,0,3,0,0,0,0,0,0,0,0,0,0,231,0,0,0,3,0,55,65,0,0,6,0,0,0,274,196,0,0,0,67,0,0,896,217,0,0,23,0,0,25,0,104,0,0,0,0,7,35,0,0,0,0,0,0,0,0,0,139,0,0,0,0,85,0,8,32,0,0,0,0,2,0,0,0,0,0,0,0,0,0,72,0,0,31,0,0,0,0,335,0,0,0,0,0,83,0,0,0,0,0,30,0,0,1301,0,46,15,0,0,599,0,0,0,5,173,0,0,0,0,0,972,0,0,0,0,0,67,369,0,0,0,12,643,0,0,0,69,0,0,0,0,0,0,0,0,0,5,0,0,0,0,0,0,0,0,146,0,0,0,0,0,0,2,0,0,0,16,0,2,24,0,0,0,0,0,0,0,7,0,0,0,0,0,0,0,0,0,0,43,0,0,0,0,0,0,0,0,0,0,0,0,79,0,0,0,0,0,0,0,0,51,0,204,0,189,0,0,0,51,0,0,0,0,0,160,0,0,0,0,0,0,14,0,0,2,0,0,0,0,0,0,0,0,0,4,0,0,0,0,0,0,0,0,0,0,10,0,0,0,7,29,0,0,4,0,50,0,73,465,0,0,0,0,0,44,0,0,0,178,0,0,0,0,0,53,0,0,0,0,0,96,0,448,0,0,245,0
"158",0,0,0,0,0,0,1,14,0,0,0,0,5,0,43,3,0,6,0,0,0,5,0,420,0,7,0,0,10,0,0,0,0,41,0,0,0,0,0,0,0,0,0,0,0,53,0,0,0,0,27,588,0,0,0,4,0,0,0,280,46,26,0,7,0,0,0,0,0,4,16,1,0,8,0,0,0,0,0,24,0,1,0,0,0,0,0,0,0,8,0,0,66,0,0,0,739,1,2,0,0,0,0,38,0,0,0,4025,0,0,0,0,0,100,0,0,0,0,86,0,11,0,0,0,25,0,0,0,1,0,0,104,0,0,123,0,3,56,0,0,69,0,5,0,0,0,0,0,9,1,3,0,0,1,0,0,0,0,1,0,0,0,0,0,0,0,0,0,0,0,0,1,10,0,0,0,0,0,47,16,0,0,0,2,17,0,0,0,0,0,0,52,0,0,0,30,0,0,0,0,0,0,0,2,0,89,0,0,0,8,0,0,1,0,0,3,0,0,0,0,0,0,0,0,0,9,0,0,40,0,74,0,0,0,0,0,8,0,0,79,0,0,0,14,0,14,0,0,0,0,0,0,0,1,0,0,10,0,0,0,3,0,0,0,0,0,0,0,0,1044,0,0,37,0,0,0,0,3,1,0,0,0,133,0,825,70,0,0,0,0,0,209,0,0,8,0,13,0,0,13,0
"159",1,0,0,0,0,0,0,0,0,0,0,0,0,0,6,0,0,0,0,1,33,4,0,3,0,85,0,0,4,1,576,0,41,0,0,0,51,161,0,0,0,0,0,0,0,0,0,4,0,0,0,0,0,3,28,0,0,0,0,292,0,0,0,0,0,0,320,0,0,0,33,0,6,7,0,0,0,0,0,184,0,0,127,0,0,0,0,0,0,13,0,23,0,0,0,0,0,0,15,0,0,0,0,0,23,0,0,5082,0,8,0,0,1,0,0,7,0,15,41,0,0,0,0,0,0,0,2,0,0,0,5,113,0,0,0,0,0,0,0,1,4,0,0,0,0,0,17,0,0,0,12,0,0,0,0,0,0,0,0,33,0,0,0,182,0,0,0,2,0,0,7,0,2,0,0,0,0,219,433,0,0,0,0,0,0,0,0,0,0,0,7,0,0,27,0,0,0,0,0,0,0,0,0,0,0,5,0,0,2,0,0,2,0,0,0,0,67,46,62,8,71,0,0,0,1,0,0,6,36,0,0,1,0,56,0,0,0,0,0,0,0,0,0,0,0,4,0,0,0,0,0,0,38,0,25,0,1,0,0,0,21,0,0,2,0,0,8,0,15,0,0,68,57,0,0,1,0,0,0,783,0,0,146,0,0,9,0,0,133,0,0,0,0,0,12,46,1,0,0,7,0
"160",0,15,0,0,0,0,0,0,0,0,0,0,2,0,18,0,0,0,0,0,0,1,0,33,0,1095,0,0,1,0,0,0,0,20,0,0,0,0,0,0,6,0,0,1,0,44,0,0,0,0,5,419,0,0,0,28,0,1,0,0,0,1,0,2,0,0,0,0,9,0,3,3,0,0,0,177,0,0,0,35,8,7,0,0,0,2,61,0,0,1,0,9,0,0,0,0,0,0,1,0,0,0,0,3,0,0,91,4404,0,59,0,0,0,0,0,0,2,64,113,11,38,0,0,21,62,114,0,0,0,0,35,20,0,0,0,0,5,27,0,0,80,0,0,0,0,0,25,7,0,0,7,0,0,0,1,0,0,0,0,9,0,0,0,0,0,0,0,0,0,1,0,0,0,0,0,0,0,1,0,0,0,0,0,0,0,0,0,0,0,0,0,58,1,0,0,0,0,1,0,0,0,0,0,0,0,19,0,0,0,0,0,0,0,0,1,0,0,5,284,0,0,0,0,0,0,0,0,0,6,0,15,1,0,89,0,0,5,0,0,14,0,0,0,0,0,0,0,0,0,0,0,0,3,1,0,5,3,0,0,4,0,0,0,0,0,0,0,0,16,51,0,0,292,0,0,0,0,0,0,1811,0,0,94,0,0,0,0,0,16,0,0,0,0,0,0,0,0,0,0,0,0
"161",0,4,0,25,0,0,3,0,0,0,0,0,0,184,0,0,0,0,0,0,0,2,0,112,0,1377,0,0,24,22,105,0,0,60,0,0,5,42,0,0,4,0,1,1,0,94,0,0,0,0,0,132,0,0,0,2,0,0,0,14,0,13,7,3,0,0,29,0,98,0,1,0,0,8,0,0,0,0,0,0,0,0,275,0,0,5,318,0,0,0,0,15,7,0,0,0,0,0,0,0,0,32,0,8,0,0,4,104,0,0,0,0,13,16,0,0,0,0,40,0,0,0,0,1,14,2,0,0,0,0,1,3,0,0,0,0,7,19,0,0,0,0,0,0,1,0,3,0,0,0,22,1,0,0,0,0,0,0,0,11,0,1,0,0,0,0,0,0,0,0,0,0,4,0,0,0,0,0,134,0,0,0,0,0,0,0,14,0,0,0,0,31,1,0,0,0,3,0,0,0,0,7,0,158,0,1,0,0,0,1,0,0,0,1,1,0,12,0,1,0,6,1,10,0,0,0,0,0,2,0,88,0,0,869,0,0,0,0,0,2,0,0,0,0,75,121,0,4,0,0,0,0,0,0,0,0,3,0,0,3,0,0,0,2,0,0,0,0,0,1,0,0,355,0,2,0,0,0,0,1241,0,0,217,0,0,30,0,0,46,0,0,0,0,0,0,0,8,0,0,8,0
"162",0,0,0,4,0,0,0,0,0,0,0,0,2,0,5,0,0,0,0,0,0,14,0,103,0,2678,0,0,2,19,89,0,0,74,0,0,0,31,0,0,0,0,1,0,0,0,0,0,0,0,7,35,0,0,20,4,0,0,0,0,0,0,0,0,0,0,0,1,9,0,0,0,0,0,0,0,1,0,0,0,9,0,0,0,0,0,0,0,0,0,0,2,1,0,0,0,0,0,0,0,0,4,0,0,0,0,4,104,0,0,0,0,10,16,0,0,0,0,40,4,35,0,0,1,14,2,0,0,0,0,1,3,0,0,0,24,7,0,0,0,22,0,0,0,1,0,3,11,0,0,3,1,0,0,0,0,0,0,0,11,0,0,0,0,0,0,0,0,1,0,0,0,4,0,0,0,0,0,4,4,0,0,0,0,0,0,0,0,0,0,0,31,1,1,0,1,0,3,0,0,9,0,0,0,0,1,0,0,0,0,0,0,0,1,1,0,12,0,227,0,0,1,0,0,0,0,0,0,2,0,2,0,0,0,0,0,0,0,0,2,0,0,0,0,0,8,0,0,0,0,0,0,0,0,0,0,0,0,0,0,0,0,0,0,0,0,0,0,0,12,0,0,0,0,3,0,0,0,0,3303,0,0,95,0,0,0,0,0,0,7,47,0,0,0,22,0,6,0,0,40,0
"163",0,0,0,0,0,0,31,13,0,0,0,0,0,18,6,0,0,0,0,0,0,6,0,30,0,1713,0,0,47,0,62,0,0,76,0,0,29,89,3,0,0,0,1,38,0,62,0,0,0,0,0,0,1,0,8,0,0,0,0,88,0,18,0,0,0,2,22,0,0,0,6,0,0,10,0,0,0,0,0,22,7,0,2,0,42,1,1,0,0,58,0,10,2,0,0,0,0,0,49,0,0,0,0,0,0,0,4,776,0,0,0,0,0,599,0,0,0,0,307,0,0,0,0,1,156,2,0,0,0,0,41,196,0,0,0,0,528,0,0,0,4,0,0,0,1,0,3,0,0,4,20,1,0,0,0,0,0,0,0,11,0,0,0,1306,0,0,0,0,0,13,0,0,4,0,0,0,0,27,124,0,0,0,0,0,0,0,0,0,76,0,0,158,1,0,164,0,0,0,0,0,0,0,0,0,187,31,0,0,5,14,0,0,0,1,18,0,150,0,191,10,42,1,0,0,0,0,0,0,175,0,59,0,0,141,0,0,0,0,0,2,0,0,0,0,0,5,0,1,0,0,0,4,22,0,3,0,0,0,1,1,3,0,7,0,0,0,0,0,0,0,0,6,487,0,0,0,12,0,2,2579,0,0,37,0,0,0,0,0,0,4,0,0,0,0,7,0,1,0,0,67,0
"164",0,0,0,0,0,0,65,0,0,0,0,0,0,0,43,0,0,10,0,0,0,68,13,114,0,1206,0,0,0,0,0,0,0,88,0,13,60,193,0,21,17,0,370,245,0,0,0,0,5,4,143,139,0,0,0,0,0,0,0,0,0,36,0,0,46,0,343,0,52,0,0,0,0,0,0,0,0,0,0,134,111,0,0,0,0,0,0,0,0,28,195,0,151,0,0,5,0,0,0,0,0,0,0,0,0,0,0,305,143,58,0,0,0,78,0,39,0,0,216,0,12,0,0,3,522,147,0,0,8,0,0,0,0,0,0,0,35,64,0,0,24,0,0,0,0,0,0,0,0,14,16,0,0,0,99,0,0,0,0,234,0,0,0,0,0,1,0,0,0,0,0,0,918,2,0,0,0,0,313,0,0,0,0,0,0,0,0,0,0,0,0,0,0,0,0,0,0,0,0,0,0,0,0,0,0,0,0,0,0,2,0,0,4,0,79,0,114,0,717,0,0,0,0,0,0,93,0,0,660,0,0,0,0,0,0,0,0,0,0,0,0,31,0,0,0,0,0,0,0,0,0,4,0,0,0,0,0,0,0,0,0,0,0,0,0,0,0,0,0,10,0,0,112,0,2,0,0,0,0,0,0,0,567,0,0,0,0,0,0,0,0,0,0,0,0,0,0,7,0,430,0
"165",0,0,0,0,0,0,0,0,0,0,0,0,0,0,41,0,24,0,0,0,0,18,0,6,0,41,0,0,360,53,1,0,0,0,0,0,82,0,0,0,0,0,1,0,0,71,0,3,0,1,0,0,0,0,0,0,0,0,0,57,5,0,0,0,0,0,0,6,0,0,0,0,0,0,0,0,0,0,0,51,0,0,0,0,0,0,29,0,0,0,467,0,3,0,0,63,0,0,0,0,29,18,0,38,0,0,4,908,0,0,0,0,0,197,0,0,0,0,40,0,0,0,0,1,259,2,0,0,0,0,1,136,0,0,0,0,528,0,0,0,7,0,0,0,1,501,3,0,0,0,3,1,0,0,0,0,0,0,0,11,0,0,0,0,0,0,0,0,0,0,0,0,4,0,0,0,0,0,4,1,6,0,6,0,49,7,0,0,0,0,0,31,32,0,0,0,0,0,1,0,0,0,0,0,37,1,0,0,0,441,1,0,0,1,13,0,12,0,81,0,186,1,0,0,0,0,0,0,2,0,197,0,1,407,0,0,0,9,0,2,0,0,0,0,0,0,0,0,2,0,0,1,0,1,17,26,0,0,0,0,1,0,0,0,0,0,0,0,0,617,0,0,477,0,0,0,0,0,0,98,0,0,110,0,0,0,0,1,0,25,0,0,0,0,0,0,6,0,0,5,0
"166",0,0,0,0,3,0,2,0,0,0,0,0,0,0,10,0,0,0,0,0,0,28,0,0,0,2640,0,0,22,22,0,0,0,50,0,0,0,0,0,0,0,0,0,0,0,36,0,0,0,0,0,0,0,3,2,0,0,0,25,0,0,0,0,0,0,0,278,0,0,0,7,0,0,0,0,0,0,0,0,40,0,0,33,0,0,0,0,0,1,4,60,24,0,0,0,7,0,0,4,0,0,0,0,0,0,0,0,343,0,0,0,0,0,55,3,2,0,0,38,0,0,0,0,1,0,0,0,0,4,0,0,20,0,0,0,0,45,0,0,0,11,0,0,0,0,0,5,0,0,2,0,0,0,0,2,0,0,0,0,134,0,0,0,443,0,0,0,0,0,18,0,0,0,0,0,0,0,2,100,0,0,0,0,0,8,0,0,0,0,0,6,30,2,0,0,0,0,0,0,0,8,0,11,3,0,2,0,0,0,1,0,0,0,4,0,0,72,0,277,0,0,0,0,0,5,0,0,0,0,12,0,0,0,1419,0,0,0,0,0,0,0,0,0,0,0,0,0,0,0,0,0,0,0,0,0,2,0,0,0,0,7,0,0,2,0,0,0,0,0,1402,0,0,313,0,0,0,0,0,0,1461,0,0,310,0,0,0,0,0,51,0,0,0,0,0,1,0,5,0,0,61,0
"167",0,0,0,0,0,0,0,0,6,0,0,0,0,95,9,0,0,0,0,0,6,0,0,0,0,0,0,0,73,175,0,0,6,8,0,0,0,0,0,0,0,0,1,0,0,29,0,0,0,0,0,0,0,0,15,0,0,0,0,1,0,9,0,0,51,0,5,0,0,0,17,0,0,22,0,0,0,0,0,8,0,0,0,0,37,1,0,0,0,42,0,0,2,0,0,0,0,0,23,0,0,122,0,77,5,0,224,1552,0,0,7,0,0,117,0,0,0,64,187,0,39,0,0,1,83,2,0,0,0,0,24,72,0,0,0,4,7,0,0,0,0,0,4,0,1,0,3,0,0,1,17,1,0,0,0,0,0,0,0,11,0,0,0,188,0,0,0,11,0,0,0,1,4,2,0,0,0,2,4,0,0,0,0,0,0,0,0,0,0,0,0,31,1,3,0,0,0,1,0,0,409,0,0,168,0,14,0,0,3,42,0,0,0,1,12,0,12,0,1,6,0,1,0,0,0,0,0,0,56,0,35,0,0,336,0,0,0,18,0,2,0,0,0,0,0,2,0,1,0,11,24,0,9,0,14,1,0,0,2,3,0,0,0,3,2,0,0,0,5,13,0,0,1170,0,0,0,0,5,1,1824,0,0,0,0,0,0,0,0,0,1,0,0,0,0,73,0,4,109,0,0,15
"168",0,0,0,60,92,0,0,18,3,0,0,14,0,123,41,0,70,0,0,0,20,8,0,148,0,0,0,0,21,7,27,0,0,2,0,0,0,2,0,0,0,0,0,0,0,46,0,1,0,0,2,702,0,0,0,6,0,0,0,108,25,175,0,2,0,0,94,0,7,358,8,0,0,6,0,0,0,0,61,18,0,16,0,0,71,1,0,0,0,21,0,22,0,0,0,0,0,0,31,0,0,247,0,0,0,0,128,515,0,0,0,0,0,0,0,0,0,1,4,0,64,0,0,1,59,0,0,0,0,0,2,483,0,0,9,35,0,0,0,0,0,0,0,0,0,0,18,0,0,8,4,2,0,0,1,0,0,0,0,69,0,0,0,315,0,0,0,0,0,1,3,52,2,0,19,0,0,1,682,1,0,0,0,5,1,0,1,0,0,0,0,1,3,11,0,2,0,0,0,0,0,0,1,1215,48,12,0,0,0,32,0,0,321,0,4,0,138,6,0,0,27,0,0,0,0,0,0,0,54,0,176,0,0,1636,0,0,0,0,0,1,0,0,0,0,0,35,144,0,0,0,0,0,2,0,1,5,4,0,0,0,11,0,0,2,0,0,0,0,1,596,1,1,0,0,0,0,0,1,39,5,0,0,59,0,0,0,0,0,46,13,0,0,0,0,170,0,0,0,5,3,0
"169",0,9,0,3,62,0,3,118,0,3,0,0,0,179,40,0,0,0,0,0,136,57,0,241,0,0,3,0,219,63,72,0,0,83,4,0,12,356,0,0,0,3,1,68,0,38,0,2,1,0,23,85,0,0,284,3,2,2,0,91,30,149,0,0,0,21,10,0,11,0,111,0,0,34,36,0,0,0,0,147,95,0,7,3,459,1,4,0,0,57,0,40,166,28,0,7,0,0,210,0,0,0,0,8,2,0,631,451,0,0,0,0,0,16,0,0,0,0,156,10,60,21,0,1,14,2,0,0,0,80,87,524,0,0,7,0,7,0,0,0,0,14,0,0,1,0,3,17,0,14,17,57,0,6,0,0,0,0,99,104,7,8,5,566,0,0,0,0,1,0,8,0,4,0,7,0,0,120,232,2,0,0,0,0,24,0,24,0,0,0,0,182,1,0,0,0,0,6,1,0,0,0,0,19,0,1,0,0,0,0,0,56,19,1,51,0,167,276,1,0,0,32,0,0,0,0,0,0,119,0,178,1,0,55,0,0,3,0,2,2,0,0,1,0,0,0,0,0,0,26,102,3,32,0,46,9,5,0,11,368,0,0,0,5,1,0,0,0,10,304,0,100,56,0,2,1,49,5,10,1,0,0,92,0,0,15,5,0,128,21,0,0,0,0,0,3,2,31,0,9,84
"170",0,0,0,3,0,0,0,16,0,0,0,0,0,150,1,0,0,0,1,0,82,38,3,2,0,215,0,0,0,0,0,0,0,43,0,0,0,182,0,0,0,0,0,157,0,1377,0,0,0,0,7,0,0,0,0,0,0,0,0,14,0,9,0,0,0,1,3,0,3,0,114,2,1,119,0,0,0,0,0,46,0,1,0,0,867,3,0,15,0,72,450,2,0,0,0,0,0,0,26,0,0,0,0,1,12,0,111,2,0,23,0,0,0,54,0,0,0,0,134,9,0,0,0,1,0,0,0,0,0,6,0,287,0,0,0,3,0,0,0,0,0,0,0,0,0,0,3,14,0,0,0,0,0,0,0,0,0,0,0,237,0,0,2,0,0,1,0,0,1,0,0,0,1,0,0,0,0,34,147,32,0,0,0,0,0,0,0,0,0,0,0,143,0,0,0,0,0,3,0,0,0,0,0,1587,0,4,0,0,0,0,0,0,0,0,0,1,0,21,0,28,0,1,0,0,0,0,0,0,125,0,211,0,0,435,0,0,0,0,0,25,0,0,0,0,0,0,0,0,0,1,27,4,2,0,4,0,5,0,0,0,0,0,0,11,1,0,0,0,6,13,0,0,57,0,0,0,0,2,0,1343,0,0,574,0,0,0,1,0,3,172,0,0,0,0,13,0,6,0,0,34,0
"171",0,1,0,5,0,0,1,0,0,0,0,0,1,0,125,0,0,0,0,0,14,30,0,125,0,946,0,0,15,1,182,0,0,32,0,0,9,0,4,0,0,0,1,0,0,0,0,1,0,1,1,26,0,0,0,7,0,0,0,1,6,3,1,0,0,0,0,0,0,4,0,0,0,0,0,0,0,0,0,6,0,1,0,0,0,0,148,0,0,26,0,11,413,0,0,31,0,0,0,0,0,1,0,4,0,0,4,3717,0,0,0,0,0,16,0,0,0,0,40,0,28,0,0,1,247,2,0,0,0,0,1,3,0,0,0,1,87,0,0,0,25,0,0,0,1,0,3,4,5,1,15,1,0,0,0,0,0,0,0,11,0,0,0,0,0,0,0,0,0,0,7,0,4,0,0,0,0,0,94,0,0,0,0,0,2,0,0,0,0,0,0,108,1,0,0,0,0,0,0,0,0,0,1,0,0,10,0,0,0,2,0,0,0,1,1,0,72,0,227,0,17,1,0,0,0,0,0,0,2,0,29,0,0,899,0,0,0,0,0,2,0,0,0,0,0,0,1,0,0,0,0,0,12,0,0,7,2,0,0,0,0,0,0,1,0,0,0,0,0,1403,0,10,40,0,0,0,6,0,57,825,0,0,0,0,0,0,0,0,0,8,0,0,0,0,0,0,5,0,0,52,0
"172",0,0,0,3,0,1,1,0,0,0,0,0,0,0,0,0,0,0,0,50,0,5,0,44,0,1447,3,0,2,0,31,0,0,0,0,0,0,157,23,0,4,0,363,53,0,0,0,0,0,0,80,84,2,0,0,13,0,0,0,10,0,0,0,0,0,0,0,0,0,0,8,0,2,8,0,49,0,0,0,147,13,0,386,0,0,0,0,22,0,46,0,12,0,0,0,0,0,0,0,0,0,0,0,6,0,2,4,3292,0,0,0,0,0,16,0,39,0,0,40,0,0,0,0,1,14,2,0,0,6,0,1,3,0,0,0,0,7,27,0,0,44,0,0,0,1,0,3,21,0,0,3,1,0,0,9,0,0,0,0,137,0,0,0,0,0,0,0,0,0,0,8,0,4,0,0,0,3,8,4,0,0,0,0,0,15,0,0,0,0,0,0,31,1,1,0,0,0,0,0,856,0,0,0,1234,0,198,0,0,0,3,0,0,0,1,1,0,12,14,357,0,0,1,0,0,0,0,0,0,2,0,81,1,0,159,0,0,0,0,0,2,0,0,0,0,0,0,0,0,0,0,0,2,21,0,9,184,40,0,11,76,0,0,0,10,0,0,0,0,9,18,0,48,49,12,0,0,0,0,4,1241,0,0,567,0,0,0,0,0,0,32,0,0,0,0,0,0,3,0,0,63,0
"173",0,0,0,0,0,0,9,0,0,0,0,0,4,215,223,0,0,0,0,0,3,16,0,79,0,2568,0,0,20,0,0,0,2,31,0,0,2,1,0,0,6,0,0,24,0,9,0,0,0,0,0,0,0,0,0,0,0,0,0,0,0,43,0,0,0,0,269,0,13,0,0,0,0,77,0,0,0,0,0,1,0,0,0,0,0,0,73,0,1,26,348,0,187,0,0,0,0,0,1,0,0,0,0,0,0,0,65,50,0,0,0,0,0,1,0,0,0,0,12,0,27,0,10,1,7,0,0,0,0,0,1,25,0,0,0,0,327,6,0,1,864,0,0,0,0,0,0,0,0,0,1,0,0,0,0,0,0,0,0,24,0,0,0,1,0,0,0,0,0,0,0,0,1690,0,0,0,0,0,0,0,0,0,0,0,0,0,0,0,0,0,0,21,1,0,0,0,0,0,0,0,0,0,0,0,3,45,0,0,1,0,0,0,0,0,1,0,58,0,0,0,0,0,0,0,0,47,0,0,44,0,125,0,0,1057,0,0,0,0,0,0,0,0,0,0,0,0,0,0,0,0,2,0,0,0,0,0,12,0,0,0,0,0,0,0,0,0,0,0,0,854,0,0,190,0,0,0,0,0,0,3,0,0,71,0,0,0,0,0,0,0,0,0,0,0,72,0,23,0,0,11,0
"174",0,0,0,0,0,0,1,0,0,0,0,0,0,0,12,0,0,0,0,0,0,7,0,5,0,945,0,0,2,0,0,0,0,28,0,0,22,0,0,0,0,0,0,182,0,2,0,1,0,0,2,0,0,0,0,0,0,0,0,110,0,0,0,0,0,0,122,0,0,0,11,0,0,0,0,0,0,5,0,0,0,0,0,0,0,0,1,0,0,0,0,23,1,0,0,1,0,0,0,0,0,0,0,0,1,0,0,144,0,0,0,0,0,17,0,0,0,0,4,0,0,0,0,1,20,0,0,0,0,0,0,0,0,0,0,0,263,0,0,0,5,0,0,0,0,0,0,0,0,0,1,0,0,0,0,0,0,0,0,27,0,0,0,0,0,0,0,0,0,0,0,0,1,0,0,0,0,0,379,0,0,0,0,0,0,0,0,0,0,0,0,28,0,0,0,0,0,0,0,0,0,0,0,0,0,2,0,0,0,2,0,0,0,0,0,1,196,9,7,0,0,39,0,0,0,0,0,0,38,0,0,0,0,265,0,0,0,0,1,0,0,1,0,0,0,0,0,0,0,0,12,0,0,0,1,1,0,0,0,0,1,0,0,0,0,0,0,0,0,3802,0,0,18,0,0,1,25,1,0,3115,0,4,4,0,0,0,0,1,13,0,0,0,0,0,0,25,0,0,0,42,0
"175",0,0,0,2,0,0,0,12,0,0,0,22,1,191,6,0,0,0,0,0,121,11,0,168,0,2855,0,1,20,2,193,0,2,11,0,0,9,466,0,0,0,0,74,32,8,42,0,0,0,0,2,34,0,0,0,32,0,0,0,0,0,59,0,8,0,0,117,0,13,12,12,0,0,3,0,0,0,0,0,12,0,0,1,0,635,1,29,0,0,12,0,1112,1,0,0,0,0,0,2,0,0,1,0,0,2,0,0,1,0,3,0,0,1,65,0,0,0,0,13,1,0,0,9,3,67,0,0,0,0,0,0,134,0,0,0,2,10,9,0,0,6,0,1,0,0,501,25,7,0,0,6,0,0,6,1,0,0,0,4,55,1,0,0,608,0,0,0,0,0,0,5,0,0,0,11,0,0,8,33,0,0,0,0,0,0,0,1,0,0,0,0,107,1,3,0,0,140,0,0,0,0,0,0,0,0,36,0,0,1,0,0,0,12,0,10,1,12,0,9,0,1,0,0,0,0,1,0,0,111,0,178,0,0,13,0,0,0,0,0,4,0,0,0,0,1,0,0,1,0,0,2,4,0,0,3,5,6,0,0,3,3,0,0,4,0,0,0,0,1,19,0,0,54,0,0,0,0,0,5,1147,0,0,54,3,0,0,0,0,32,0,0,0,0,0,6,0,1,0,0,60,0
"176",0,0,0,4,0,0,0,2,0,0,0,0,0,222,143,1,0,0,0,7,29,0,0,0,0,237,0,0,1,1,0,0,0,0,0,0,2,1,0,0,0,0,1,52,0,1,0,0,0,0,0,0,0,0,0,0,0,3,0,10,0,76,7,0,0,0,1,0,0,0,6,0,0,9,0,0,0,0,0,4,0,1,0,0,60,0,59,0,0,12,0,2,0,0,0,0,0,0,32,0,0,0,1,0,0,0,200,374,2,0,0,0,0,16,0,0,0,5,40,0,0,0,0,1,56,2,0,0,0,0,1,141,0,0,0,6,7,0,0,4,22,0,0,0,72,0,3,0,0,0,3,48,0,5,0,11,0,0,0,11,0,0,0,0,0,0,0,48,0,0,0,0,4,0,0,0,0,0,4,0,0,0,0,0,0,0,0,0,0,0,1,31,1,0,0,0,0,0,0,0,0,0,0,2,0,7,0,0,0,0,0,0,0,9,1,0,12,17,1,0,0,19,0,0,0,0,11,0,2,14,98,0,0,602,0,0,0,0,0,2,0,0,0,0,0,0,0,0,0,0,2,0,14,5,6,3,7,0,0,0,1,0,0,3,0,0,0,0,0,3967,0,2,572,4,0,0,0,15,0,693,1,0,0,0,0,0,0,0,37,0,0,39,1,0,25,1,0,0,0,0,0
"177",1,62,0,40,0,0,2,0,0,0,0,0,0,0,25,0,0,0,0,0,70,1,0,351,0,5,0,0,38,4,142,1,16,23,0,0,53,0,0,0,47,0,1,0,0,1,0,1,0,3,1,24,0,0,0,0,0,0,0,54,19,168,3,0,0,0,0,0,79,0,0,0,0,0,0,0,0,0,0,9,0,0,0,0,0,0,0,0,0,112,0,0,72,0,14,113,0,0,11,0,0,117,0,1,2,0,4,104,0,0,23,0,243,16,0,42,0,0,163,0,3,0,0,1,53,2,0,0,0,0,1,3,0,0,11,0,1112,0,0,0,3,0,3,1,1,0,34,9,4,0,26,32,0,0,0,0,0,0,0,11,0,0,0,0,0,0,0,0,0,0,4,0,1692,0,24,0,0,10,4,0,0,0,0,0,2,0,0,0,0,0,0,202,1,1,57,1,0,1,0,0,0,0,0,0,216,6,2,0,2,1,0,0,0,1,1,0,12,0,9,0,0,1,0,0,0,0,0,0,87,0,2,0,0,0,0,0,0,0,0,2,0,0,0,0,6,4,0,2,0,0,53,0,0,0,6,0,0,0,7,273,1,0,3,0,2,0,0,0,6,1041,0,48,55,0,0,0,1,0,0,1906,0,0,7,2,0,0,0,0,79,5,0,0,0,0,40,0,17,0,0,0,0
"178",0,0,0,0,0,0,0,0,0,0,0,0,0,0,0,0,0,0,0,0,0,17,0,0,0,4244,0,0,7,61,122,0,0,124,0,0,37,0,0,0,3,0,1,0,0,115,0,1,0,0,0,0,0,0,0,0,0,0,0,0,0,0,0,0,0,0,79,1,0,0,0,0,0,12,0,0,0,0,0,51,0,0,0,0,539,0,0,0,0,0,0,0,0,0,0,0,0,0,0,0,0,0,0,0,0,0,4,1248,0,0,2,0,0,16,3,0,0,5,702,0,13,0,0,1,413,2,0,0,0,0,1,195,0,0,0,0,277,0,0,0,29,0,0,0,1,0,65,0,0,0,75,1,0,0,0,0,0,0,0,11,0,0,0,0,0,0,0,0,0,0,0,1,4,0,0,0,0,0,4,5,0,0,0,0,37,0,0,0,0,0,0,31,1,0,0,0,0,0,0,0,0,0,0,0,0,110,0,0,0,1,21,0,0,1,1,0,148,0,648,0,80,38,0,0,0,0,0,0,2,0,249,0,0,82,0,0,11,0,0,2,0,2,0,0,0,0,0,0,0,0,15,5,0,0,21,1,8,0,26,0,2,0,0,0,0,0,0,0,0,1,6,64,22,0,0,0,0,0,1,1457,0,0,153,0,0,0,1,1,87,0,4,0,0,0,6,0,62,0,0,160,0
"179",0,0,0,0,0,0,0,0,0,0,0,0,1,0,96,0,1,2,0,0,0,6,0,6,0,4,0,0,11,0,161,0,0,94,0,0,2,42,4,0,0,0,0,0,0,41,0,0,0,0,105,14,0,0,0,0,0,0,0,64,0,0,0,0,0,0,6,0,0,0,22,0,0,0,0,0,0,0,0,45,0,0,18,0,0,8,2,0,0,13,0,61,0,0,0,44,0,0,2,0,0,0,0,0,0,0,0,15,0,23,0,0,0,108,0,2,0,673,156,0,0,0,3,2,59,0,0,0,0,0,0,0,0,0,0,0,14,0,0,0,4,0,0,0,0,0,6,0,0,6,0,0,2,0,0,0,0,0,0,23,0,0,0,290,0,0,0,48,0,0,6,0,0,0,0,0,0,0,101,0,0,0,0,0,17,0,0,0,0,0,0,25,2,0,0,0,0,0,0,0,0,0,0,0,0,8,9,0,1,29,0,0,0,5,2,0,54,0,65,0,0,0,0,0,0,0,0,0,0,2,52,0,0,99,0,0,0,0,0,0,0,0,0,0,2,0,0,0,0,0,0,1,25,0,8,4,3,0,0,42,1,0,0,12,0,0,0,0,0,3963,0,64,427,0,11,0,0,0,3,2481,0,0,159,0,0,0,0,1,4,0,0,0,0,0,0,0,4,0,0,1,0
"180",0,0,0,17,0,0,0,39,0,0,0,3,0,158,0,0,0,27,0,0,32,81,0,18,0,277,4,0,0,8,251,63,0,80,0,0,268,0,4,0,3,0,1,49,0,332,0,3,0,0,14,69,0,1,50,26,0,0,0,268,14,101,0,1,0,2,82,0,5,0,51,1,0,94,0,0,0,0,0,69,21,1,16,0,54,0,0,0,2,52,0,0,0,0,17,0,0,0,47,0,0,0,0,0,3,1,4,340,7,18,0,0,0,727,0,0,2,0,40,1,0,0,0,1,14,2,0,0,10,110,1,3,0,0,0,0,37,0,0,0,4,0,0,0,129,0,3,33,0,6,3,117,0,13,38,0,0,0,0,205,0,0,2,1450,0,0,0,0,0,0,22,0,4,0,0,0,0,375,83,1,0,0,0,0,26,0,0,7,0,0,0,576,1,0,0,0,0,0,0,0,0,0,0,1700,0,4,0,0,2,0,0,0,0,1,1,2,269,176,334,19,0,114,0,0,0,0,111,0,357,26,268,1,0,172,0,0,41,0,0,2,0,0,0,0,0,0,0,0,0,0,10,9,27,0,18,36,0,0,12,14,13,0,28,10,0,0,0,0,0,0,0,68,375,0,0,0,0,3,6,1082,0,0,514,0,0,0,0,0,106,0,0,1,1,0,153,31,6,0,0,349,0
"181",0,0,0,0,0,0,0,30,0,0,0,0,0,0,0,0,17,0,0,0,0,16,0,0,0,1724,1,0,34,16,6,0,0,0,0,0,0,0,0,0,0,0,95,0,0,70,0,1,0,0,23,0,1,2,5,0,0,0,0,88,0,0,0,113,0,0,8,0,0,233,17,2,16,9,0,0,0,0,0,179,0,0,284,0,11,0,64,0,0,0,0,0,185,24,21,0,0,1,0,0,0,4,0,0,0,0,4,104,0,0,0,0,0,16,1,0,0,0,40,26,0,0,0,1,14,2,0,0,0,60,37,3,0,0,0,0,7,0,0,0,17,0,0,0,1,0,28,0,0,0,19,37,0,15,0,0,0,0,0,97,0,0,3,442,0,0,1,0,0,0,30,0,4,0,0,0,4,26,4,0,0,0,0,27,0,0,0,0,0,2,0,31,1,3,0,0,0,0,0,0,0,0,0,0,0,55,13,0,0,11,0,0,0,1,1,1,12,21,1,0,2,38,0,0,0,0,153,0,41,19,2,0,0,1057,0,0,4,0,1,2,0,0,0,0,5,0,0,0,0,0,0,0,0,0,9,7,33,0,0,4,0,0,0,2,1,0,1,0,0,7,5,19,67,0,11,0,0,0,0,2117,0,2,36,0,1,72,0,0,0,1,148,7,0,0,64,4,160,0,0,190,24
"182",0,0,0,0,0,0,53,0,0,0,0,0,0,0,90,0,0,0,0,0,0,0,0,0,0,3375,0,0,0,19,105,0,0,62,0,0,13,0,0,0,0,0,1,70,0,0,0,0,0,0,5,0,0,0,0,0,0,0,0,0,0,0,0,0,0,0,295,0,0,0,0,0,0,0,0,0,0,0,0,0,0,0,0,0,0,5,0,0,0,51,15,102,5,0,0,0,0,0,0,0,0,24,0,0,0,0,4,104,0,0,0,0,0,16,0,0,0,0,40,5,0,0,0,1,175,2,0,0,0,0,1,3,0,2,0,0,7,0,0,0,0,0,0,0,1,0,3,0,0,8,3,1,0,0,8,0,12,0,0,11,0,0,0,0,0,1,0,0,0,0,0,0,4,0,0,0,0,0,4,0,0,0,0,0,0,2,5,0,0,0,0,31,1,7,0,0,0,0,0,0,0,0,0,0,6,1,0,0,0,42,0,0,0,1,1,0,12,0,1,0,0,1,0,0,0,0,0,0,2,0,2,0,0,1917,0,0,0,0,0,2,0,0,0,0,0,5,0,0,0,0,0,0,0,0,0,0,1,0,0,208,0,0,0,0,0,0,0,0,0,35,0,0,548,0,0,0,0,0,0,1397,0,0,614,0,0,0,0,0,0,0,0,0,0,0,1,0,5,0,0,48,0
"183",0,0,0,66,0,2,65,0,0,0,0,0,8,0,108,0,0,0,0,0,0,32,0,141,0,1892,0,0,92,24,13,0,0,144,0,0,43,0,12,0,31,0,1,0,0,0,0,0,0,0,5,44,0,0,1,6,0,0,0,0,0,0,0,126,0,0,0,0,137,0,0,0,0,0,0,0,1,0,0,0,24,0,10,0,0,1,0,0,0,84,0,0,341,0,0,0,0,0,38,0,0,0,0,1,3,0,4,1378,0,0,0,0,0,16,0,0,0,0,40,0,91,0,0,1,14,2,0,0,0,0,1,3,0,0,0,41,7,0,0,0,0,0,0,0,1,0,3,0,0,0,3,1,0,0,0,0,0,0,0,11,0,0,0,0,0,0,1,0,0,0,0,0,167,0,0,0,0,8,4,0,0,0,0,0,0,0,0,0,0,0,0,31,1,0,0,0,0,0,2,0,0,0,0,0,0,1,0,0,4,263,0,0,0,1,1,0,12,0,81,0,42,1,0,0,0,0,0,14,146,0,2,0,0,0,0,0,0,0,0,2,0,0,0,0,6,8,0,0,0,0,0,0,0,0,0,0,3,0,0,0,0,0,0,3,0,0,0,0,0,36,0,0,130,0,0,0,0,0,0,824,0,0,0,0,0,0,0,0,0,12,0,0,0,0,41,0,12,0,0,25,0
"184",0,5,0,2,0,0,7,0,0,0,48,0,5,0,14,0,3,0,0,0,0,44,0,80,0,2014,0,0,5,0,0,0,0,53,4,0,10,0,0,0,0,0,1,0,8,70,0,0,1,0,0,161,0,0,0,3,0,0,0,0,0,0,0,1,0,0,0,0,7,0,0,0,0,0,0,1,0,0,0,64,11,6,1,0,0,5,183,0,0,27,0,1,0,0,0,0,0,0,0,0,0,15,0,1,0,0,4,104,0,0,0,0,0,16,0,0,0,0,40,0,30,0,0,13,118,2,0,0,0,0,1,3,0,1,0,0,7,0,0,0,0,0,0,0,86,0,3,7,0,0,3,1,3,0,0,0,0,0,0,11,0,0,0,0,0,0,0,0,0,0,0,0,4,0,0,2,0,0,4,1,0,0,0,0,21,0,0,0,0,19,0,31,1,0,0,0,0,0,0,0,0,0,0,37,0,110,2,0,0,0,0,0,0,1,1,0,12,0,218,0,0,1,0,0,0,0,0,0,2,0,175,0,0,2783,0,0,0,0,0,2,0,0,0,0,5,0,19,0,0,0,0,0,0,0,11,14,41,0,0,0,0,0,0,0,0,0,0,0,0,4,0,0,152,0,0,0,0,0,0,4395,1,0,0,0,0,0,0,0,0,10,0,0,0,0,0,0,3,0,0,0,0
"185",0,9,1,0,0,0,0,1,802,1,0,0,0,195,90,0,0,3,0,2,46,9,0,0,1,1028,0,0,55,0,0,0,0,62,0,0,7,87,16,0,3,0,150,21,0,268,0,1,0,0,2,325,1,0,2,2,0,0,0,28,0,74,0,0,0,67,240,0,0,0,1,0,0,7,1069,0,0,1,0,8,5,1,11,0,18,1,0,0,0,4,745,0,271,0,0,161,0,0,15,0,0,0,0,1,6,1,81,4,30,196,0,0,0,18,0,0,0,0,69,0,30,0,0,1,34,7,20,0,1,125,0,8,0,0,0,0,22,23,0,2,22,0,0,0,0,0,1,2,2,0,1,1,0,0,0,0,0,0,16,48,0,0,0,777,0,0,0,0,0,0,20,0,1,0,0,0,0,34,78,0,0,0,0,2,1,0,0,0,44,0,1,24,0,0,0,0,0,4,0,0,0,0,0,1,0,3,0,0,1,0,0,0,4,9,9,0,96,1,57,1,9,9,0,54,1,0,1,0,58,0,40,1,0,345,0,0,1,0,0,1,3,0,0,20,2,0,0,0,0,0,8,1,13,0,6,1,2,0,1,16,1,0,0,1,1,0,0,0,0,162,1,52,6,4,0,3,1,0,11,921,0,0,114,0,0,0,0,0,129,6,0,0,0,0,0,3,2,54,0,86,0
"186",1,0,0,21,0,0,21,0,0,0,0,0,0,0,29,0,0,0,0,0,0,77,0,158,0,4318,0,0,126,0,0,0,0,53,0,0,6,0,0,0,9,0,0,0,0,240,0,0,0,0,0,33,0,0,0,2,3,0,0,288,22,96,0,10,0,0,498,0,0,0,0,0,4,0,0,0,0,0,0,42,25,0,0,0,0,0,0,0,0,0,0,15,1,0,0,0,0,0,0,0,0,64,0,37,0,0,0,400,0,0,0,0,0,0,0,0,1,0,445,1,44,0,0,0,34,0,0,0,0,0,0,0,0,0,5,0,21,28,0,0,335,0,0,0,0,0,17,0,3,33,14,0,0,3,0,0,0,0,12,0,0,0,0,0,0,0,0,0,0,0,0,0,0,0,0,0,0,104,211,0,0,0,0,0,0,3,0,0,0,0,0,0,0,0,0,0,4,0,0,0,0,0,0,23,187,146,0,0,0,0,0,0,0,0,0,0,71,0,0,0,31,47,0,4,0,0,0,0,0,0,126,0,0,307,0,0,0,2,0,0,0,0,0,0,0,0,0,0,0,0,181,0,0,0,18,0,0,0,0,0,0,0,0,0,0,0,0,0,5,97,0,0,761,0,0,0,0,0,6,3,0,0,0,0,0,0,0,0,72,0,0,0,0,0,1,0,0,0,0,0,0
"187",0,62,23,20,17,0,32,0,0,0,0,0,2,27,85,0,0,0,0,0,62,40,0,824,0,571,5,49,446,8,108,0,0,0,0,0,22,42,0,0,74,0,0,0,0,866,0,0,0,4,0,29,0,0,0,5,0,3,0,30,23,0,0,0,0,0,0,60,56,146,0,0,0,0,0,95,1,0,0,0,0,0,134,0,0,1,0,0,0,84,0,0,341,0,0,0,27,0,103,0,0,4,0,0,0,0,0,240,0,0,22,0,0,0,0,87,0,2,62,0,60,0,0,33,792,0,0,0,0,0,33,142,0,0,1,0,128,63,1,0,15,0,0,3,0,0,4,0,14,0,0,231,0,0,0,1,0,2,0,32,0,0,0,0,0,0,0,190,0,1,0,0,0,0,0,0,0,0,180,0,0,0,0,0,5,0,0,0,0,0,0,30,19,0,0,0,0,0,0,18,0,0,0,0,0,24,3,0,1,237,0,0,0,0,0,2,0,0,444,0,0,0,0,0,0,0,0,0,119,0,0,0,0,694,0,0,0,0,0,84,0,0,0,0,8,0,0,107,0,0,0,0,0,0,0,2,25,0,0,33,11,0,0,3,3,2,0,0,0,48,0,0,560,3,0,0,0,0,0,4,0,0,450,0,0,0,0,1,0,14,0,0,0,0,0,0,4,0,0,170,2
"188",0,0,0,0,0,0,32,0,0,0,0,0,3,106,85,0,0,0,0,0,6,0,0,147,0,499,0,0,12,0,166,0,0,38,0,0,60,12,104,9,17,0,1,25,0,283,0,0,9,0,0,712,0,0,0,0,1,0,0,0,0,0,4,4,0,0,1,0,4,1,0,0,0,27,0,0,0,0,0,3,93,0,0,0,14,0,0,0,0,83,0,5,9,0,0,1,0,0,0,0,0,12,0,68,0,0,4,514,0,0,0,0,0,16,0,0,0,0,40,0,0,0,0,1,14,2,0,0,0,0,1,3,0,0,0,35,7,94,0,0,0,0,0,0,1,0,3,0,0,2,19,1,0,0,0,0,0,0,304,11,0,0,0,0,0,0,0,11,0,0,0,0,4,0,0,0,0,5,114,0,0,7,0,0,0,0,0,0,0,0,0,31,20,1,0,0,0,0,0,0,0,0,0,0,0,1,0,0,0,9,0,0,0,1,1,0,63,0,66,0,0,1,0,0,0,0,0,411,73,0,195,0,0,1501,0,0,0,0,0,2,0,0,0,0,0,0,0,0,0,0,7,0,0,0,0,0,0,0,0,0,0,0,0,0,0,0,0,0,0,9,0,0,229,0,15,0,0,0,2,1598,0,0,118,0,0,0,0,0,0,0,0,0,0,0,0,0,6,0,0,24,0
"189",0,38,0,0,0,0,64,25,0,0,0,0,4,376,28,0,0,0,0,0,34,14,0,10,0,879,0,0,4,0,0,0,0,12,3,0,8,30,1,0,1,0,0,56,0,29,0,0,1,0,0,0,0,0,0,0,0,0,0,88,3,48,10,0,0,2,45,0,3,39,29,1,0,111,0,0,0,0,0,30,0,0,1,0,168,2,0,0,0,237,9,19,0,0,0,0,0,0,68,0,0,0,0,0,7,0,0,300,0,0,0,0,0,256,0,0,0,0,0,0,0,0,0,2,253,0,0,0,2,0,3,313,0,0,0,0,9,0,0,0,0,0,0,0,0,0,0,0,0,2,29,0,0,0,0,0,0,0,0,78,0,0,0,0,0,0,0,0,0,0,3,0,165,0,0,0,0,0,123,0,0,0,0,0,1,0,0,0,0,0,0,208,2,0,0,0,0,0,0,0,0,0,0,1,0,14,0,0,0,2,0,0,0,0,4,0,61,14,103,3,0,18,0,0,0,0,0,0,76,2,409,0,0,1030,0,0,0,0,0,0,0,0,0,0,3,0,0,0,0,0,0,0,35,0,11,2,0,0,0,0,0,0,0,1,0,0,0,0,0,74,0,0,754,0,0,0,0,0,11,2904,0,0,14,0,0,0,0,1,0,9,0,0,0,0,147,0,16,0,0,0,0
"190",0,0,0,0,0,0,1,0,1209,0,0,0,0,0,0,0,14,0,0,0,76,22,0,0,0,204,0,0,0,0,0,0,0,130,0,0,0,160,4,0,0,0,1,151,0,648,0,0,1,0,10,44,0,0,0,13,0,0,0,0,37,0,0,0,0,0,21,0,14,0,10,0,0,0,0,0,0,0,0,193,11,6,295,0,0,0,0,0,0,0,0,4,1,0,0,0,0,0,0,1,0,0,0,0,0,1,4,104,0,0,0,0,0,16,0,0,0,0,184,0,0,0,0,1,105,2,118,0,301,0,1,3,0,0,0,0,7,11,0,0,4,0,0,0,1,0,3,0,0,0,3,1,0,0,0,0,29,0,0,11,0,0,0,0,0,0,0,0,0,0,0,0,4,0,0,0,0,26,508,0,0,0,0,0,99,0,0,0,20,0,0,31,1,0,0,0,0,0,0,18,0,0,0,0,0,20,0,0,0,0,0,0,0,1,1,0,12,0,57,0,1,1,0,0,0,0,0,0,2,0,283,0,0,358,0,0,0,0,0,2,0,0,0,0,0,0,0,60,0,0,0,1,0,0,0,0,0,0,11,60,0,0,0,0,0,0,0,0,110,165,0,78,11,0,0,0,0,0,31,1384,0,0,168,0,0,0,0,0,0,11,0,0,0,0,0,0,12,0,0,6,0
"191",0,0,0,0,0,0,0,0,0,0,0,0,13,0,2,0,0,0,0,0,0,0,0,3,0,4731,0,0,78,0,161,0,0,0,0,0,92,0,0,0,0,0,1,0,0,0,0,0,0,0,0,0,0,0,0,0,0,10,0,0,0,0,0,0,0,0,84,0,0,75,0,0,0,0,0,0,1,0,0,0,0,0,0,0,65,3,128,0,0,0,0,47,96,0,0,44,58,0,0,0,0,2,0,0,0,0,4,104,0,0,0,0,12,16,0,9,0,0,40,0,0,0,0,1,14,2,0,0,0,0,1,3,0,0,0,0,7,29,2,0,22,0,0,2,1,0,3,0,0,0,3,1,0,0,0,1,0,0,0,11,0,0,0,0,0,0,0,0,0,0,0,0,4,0,0,0,0,0,4,0,0,0,12,0,0,0,0,0,0,0,0,31,1,1,0,0,0,0,0,0,0,0,0,0,0,23,0,0,0,29,0,0,0,1,1,0,12,0,333,0,0,1,0,0,0,0,0,0,2,0,2,0,0,2448,0,0,0,0,0,29,0,0,0,0,6,0,0,0,0,0,0,0,0,0,0,0,1,0,0,0,0,0,0,0,7,0,0,0,0,11,0,0,703,0,1,0,0,0,0,1352,0,0,1097,0,0,17,0,0,0,0,0,0,0,0,0,0,11,0,0,70,0
"192",0,0,0,0,0,0,0,0,0,0,0,0,0,0,34,0,0,0,0,0,0,13,0,50,0,5180,0,0,10,0,0,0,10,26,0,0,0,35,0,0,0,0,1,0,0,67,0,5,0,0,0,102,0,0,0,6,0,0,0,0,0,12,0,0,0,0,0,0,65,0,0,0,0,0,0,0,0,0,0,6,17,4,0,0,0,4,0,0,0,11,0,0,0,0,0,0,26,0,8,0,0,6,0,0,0,0,4,104,0,0,0,0,0,16,0,0,0,0,40,0,61,0,0,1,14,2,0,0,4,0,1,173,0,0,0,0,7,14,0,7,0,0,0,0,1,0,3,19,0,0,33,1,0,0,0,0,0,0,0,11,0,0,0,235,0,0,0,0,0,0,0,0,171,0,0,0,0,0,4,0,0,0,0,0,0,0,0,0,0,0,0,271,1,0,0,0,0,0,0,0,0,0,0,0,0,79,0,0,0,0,3,0,0,1,46,0,12,0,383,0,0,1,0,0,0,0,0,0,87,0,213,0,0,345,0,0,0,0,0,2,0,10,0,0,0,1,0,0,0,0,244,0,0,0,8,0,0,0,0,0,2,0,0,0,0,0,0,0,0,433,0,0,269,0,0,0,0,0,0,0,0,0,104,0,0,44,0,0,19,0,0,0,0,0,25,0,0,0,0,204,0
"193",24,0,0,1,0,0,28,0,0,0,0,0,3,0,15,0,54,0,0,0,0,22,0,141,0,1769,0,10,46,0,61,0,0,20,0,0,0,31,69,0,6,0,1,0,0,144,0,0,0,0,0,29,2,0,4,3,0,0,0,0,0,0,0,0,0,0,131,0,0,0,5,0,0,0,0,0,0,0,0,51,8,0,8,0,21,3,8,0,0,0,0,15,0,0,0,0,0,0,65,0,0,0,2,5,0,1,4,394,0,0,0,0,0,16,0,0,0,0,40,0,33,0,0,1,14,2,0,0,0,0,1,3,0,0,0,0,7,30,0,0,498,0,0,0,1,0,49,35,0,0,14,1,0,0,0,31,0,0,0,11,0,0,0,0,0,0,0,0,0,2,0,0,4,0,0,0,0,0,4,0,0,0,0,0,0,0,0,0,0,0,0,31,1,0,0,0,0,1,0,0,0,0,0,2,297,8,0,0,0,1,1,0,0,1,1,0,12,5,12,0,0,1,0,0,0,0,0,0,2,0,83,0,0,1148,0,0,0,1,0,2,0,0,0,0,6,0,0,0,0,0,0,0,19,0,3,0,14,0,8,0,4,0,3,20,0,0,0,0,0,14,0,2,172,0,0,0,0,0,0,2754,1,0,0,0,0,0,0,1,0,0,0,0,0,0,0,0,2,0,0,37,0
"194",0,1,0,0,0,0,0,0,0,0,0,0,0,0,62,0,0,0,0,1,1,0,0,0,0,189,0,0,0,51,69,0,0,0,0,0,0,5,0,0,0,0,68,1,0,0,0,0,0,0,0,0,0,0,0,0,0,0,0,1,0,0,0,0,0,0,48,0,0,0,0,0,0,3,0,0,0,0,0,1,0,0,0,0,1,0,1,0,0,0,0,15,0,0,0,0,0,0,0,0,0,119,0,0,0,0,4,346,0,0,0,0,0,96,0,0,0,0,40,0,0,0,0,1,50,2,0,0,0,0,1,32,0,0,0,0,7,0,0,0,44,0,0,0,1,0,3,0,0,0,3,1,0,0,0,0,0,0,0,11,0,0,0,0,0,0,0,0,0,0,0,0,4,0,0,0,0,0,4,0,0,0,0,0,0,0,0,0,0,0,0,31,3,0,0,0,0,0,0,0,0,0,0,0,95,5,0,0,0,0,50,0,0,1,1,0,55,13,1,0,0,1,0,0,0,0,0,0,2,0,18,0,0,323,0,0,0,0,0,2,0,0,0,0,0,0,0,0,0,0,0,0,0,0,0,2,0,0,0,3,0,0,0,0,0,0,0,0,0,7532,0,1,543,24,0,0,0,0,1,0,0,48,3,0,0,0,0,0,0,3,0,0,0,0,30,0,6,0,0,0,0
"195",0,0,0,0,0,0,0,11,0,0,0,2,0,53,82,0,2,0,0,0,13,33,0,281,0,1385,0,0,269,6,80,248,0,119,0,0,6,140,0,0,0,0,447,74,0,17,0,2,0,0,40,395,0,0,9,2,1,0,0,106,0,13,0,0,2,0,11,0,0,0,24,0,0,8,0,0,0,0,0,96,10,0,0,0,2,0,2,0,0,48,1,25,0,0,0,0,0,0,57,0,0,0,0,0,0,0,22,1,0,0,0,0,0,28,0,0,0,0,68,0,20,34,0,2,1289,48,0,0,12,4,5,3,19,0,0,0,9,9,0,1,1,0,0,0,0,0,3,0,0,1,6,85,0,1,0,0,0,0,4,39,0,0,0,442,0,0,1,0,0,0,2,0,0,0,0,0,0,5,124,0,5,0,0,0,2,0,0,0,0,0,0,19,27,0,0,0,0,1,0,0,0,0,0,0,0,11,0,0,4,0,0,56,3,8,53,0,2,4,560,2,15,0,0,0,0,0,0,0,3,0,84,0,0,1052,0,0,0,0,0,3,0,0,0,0,0,0,0,0,0,0,3,0,11,0,1,0,1,1,10,5,2,0,0,11,0,0,0,0,0,647,0,0,452,0,4,0,0,0,0,5,0,0,220,0,0,0,0,0,13,12,0,0,0,0,6,0,12,65,1,204,0
"196",0,158,0,5,52,0,1,0,0,0,0,0,2,0,0,0,0,0,0,0,14,48,0,158,0,4333,0,0,126,1,62,0,0,0,0,0,2,0,0,0,4,0,0,65,0,113,0,0,0,0,5,221,0,0,0,0,0,1,0,188,35,0,1,0,0,1,105,10,4,39,0,0,0,4,0,0,0,0,0,360,0,0,157,0,0,0,80,0,1,0,0,9,17,0,0,9,13,0,0,0,0,0,0,8,0,0,0,388,80,63,1,0,0,0,0,0,0,0,14,0,0,0,0,16,86,0,197,0,0,0,0,0,0,11,19,1,40,21,0,0,5,0,0,0,0,0,0,7,3,1,0,3,0,2,0,1,0,0,0,0,0,0,0,0,0,0,0,0,0,0,0,0,165,0,0,0,0,50,460,0,0,1,0,0,5,0,0,0,0,0,3,21,1,0,0,0,0,0,0,0,0,0,0,0,0,85,1,0,1,3,0,0,0,0,0,0,148,38,1,0,18,38,0,0,1,0,0,0,0,0,0,1,0,494,0,0,0,0,0,7,0,0,0,0,1,0,0,0,0,0,0,0,0,0,22,2,1,0,0,0,0,0,0,7,1,0,0,0,0,25,0,0,0,0,1,0,0,0,57,873,0,0,0,0,0,0,0,1,0,0,0,0,0,0,27,5,9,0,0,56,0
"197",3,45,0,0,0,0,2,0,0,0,0,0,0,0,12,0,0,0,0,0,0,60,0,11,0,1603,0,0,98,63,125,0,0,38,0,0,0,120,0,0,2,0,0,0,0,0,0,0,0,0,0,0,0,0,0,0,0,0,0,0,0,0,0,0,0,0,0,0,0,0,0,0,0,0,0,0,0,0,0,0,0,0,389,0,0,1,5,0,0,233,0,55,0,0,0,0,0,0,49,0,0,0,0,0,0,0,0,85,0,0,0,0,1,0,0,2,0,0,0,0,0,0,0,0,0,0,0,0,0,0,37,52,0,0,0,0,18,1,0,1,24,0,0,0,0,0,4,17,0,0,32,41,0,0,0,0,0,0,0,123,0,0,0,0,0,0,0,0,0,0,12,0,0,0,1,0,0,0,0,0,0,0,0,0,13,0,0,0,0,0,5,0,6,2,0,0,0,0,0,0,0,0,0,0,0,2,0,0,0,0,0,0,0,0,0,0,0,47,0,0,0,0,0,0,0,0,0,0,0,0,0,0,0,505,0,0,0,0,0,1,0,0,0,0,0,0,0,0,0,0,0,0,46,1,0,0,7,0,0,0,3,0,0,0,0,0,0,0,0,12,0,33,913,0,0,0,0,0,0,4376,0,0,495,0,0,0,0,0,31,0,0,0,0,0,0,63,76,0,0,0,0
"198",0,0,0,6,0,0,0,0,0,0,0,0,0,0,14,0,7,0,0,0,0,50,0,0,0,1739,0,0,0,0,0,0,0,45,0,27,0,0,0,0,0,0,1,0,0,0,0,0,0,0,0,0,0,0,0,0,0,0,0,0,0,0,0,0,0,0,395,1,0,0,25,0,0,0,0,0,0,0,0,25,0,0,25,0,0,0,803,69,0,60,0,0,72,0,0,0,0,0,80,0,0,2,19,0,14,0,4,1860,0,77,0,0,0,16,0,0,0,0,224,0,0,0,4,1,14,2,0,0,0,0,1,239,0,0,0,0,422,33,0,0,88,0,0,0,1,0,3,0,0,0,3,1,0,0,38,8,0,0,12,11,0,0,0,0,3,0,0,0,0,0,8,0,4,0,0,0,0,0,4,0,0,0,0,0,0,0,0,0,0,0,0,31,1,0,0,0,0,0,0,0,0,2,0,47,0,26,0,0,0,138,0,0,0,1,1,0,12,0,1,0,67,23,0,0,4,73,0,0,94,0,102,0,0,1024,0,0,0,4,0,2,0,0,0,0,81,2,0,0,0,0,0,0,0,0,0,84,8,0,0,0,0,0,0,7,0,0,0,0,0,0,0,0,809,0,0,0,0,0,8,1698,0,0,848,0,0,0,0,179,0,8,0,0,0,0,0,0,69,0,0,0,0
"199",0,0,9,0,0,0,0,0,6,0,4,0,0,0,0,38,0,0,1,0,0,60,0,32,0,1738,0,0,0,24,663,0,0,0,0,0,2,2,1,0,0,0,0,31,0,0,0,0,0,0,0,0,0,0,0,0,0,0,0,0,0,0,0,0,0,0,629,0,0,0,0,0,0,43,634,0,0,0,0,0,0,0,0,0,0,3,0,0,0,17,59,20,0,2,0,0,0,0,3,0,0,0,0,0,0,0,182,0,0,0,0,3,0,0,0,0,0,0,0,0,0,0,0,3,1,0,0,0,0,0,0,162,0,0,0,0,0,3,0,0,0,0,0,0,0,0,154,0,0,22,29,0,0,0,0,0,0,0,24,12,0,8,0,0,0,0,0,0,2,0,0,0,0,0,0,0,0,3,104,0,1,0,6,0,0,0,0,0,0,0,4,59,0,0,0,0,0,0,0,0,0,0,10,1143,0,0,0,0,0,37,0,174,0,0,1,0,0,45,282,0,0,51,0,0,0,0,0,0,2,0,30,0,0,316,0,0,9,0,0,99,0,0,0,0,0,0,0,0,0,0,0,2,0,0,9,0,26,0,4,0,0,0,0,18,1,0,0,0,0,0,0,0,494,0,171,0,0,0,0,1912,0,0,70,0,0,17,0,0,81,0,0,0,1,0,41,89,0,0,0,62,0
"200",0,0,0,0,0,0,136,28,0,0,0,0,0,0,111,0,0,0,0,0,33,0,0,71,0,403,0,0,20,7,0,0,0,64,0,0,5,0,0,0,0,0,1,63,0,127,0,0,0,0,0,0,0,0,0,0,0,0,0,7,0,37,0,0,0,0,134,0,0,0,48,0,0,29,0,0,0,0,0,16,0,0,0,0,110,0,0,0,0,123,467,3,3,0,0,0,0,0,354,0,7,18,0,75,0,2,4,1899,0,0,0,0,0,16,0,0,0,0,234,0,1,0,0,1,204,2,0,0,0,0,1,971,0,0,0,0,7,0,0,0,0,1,0,0,1,0,3,0,0,0,3,1,0,0,0,0,0,0,244,11,0,0,0,0,0,1,0,0,0,1,0,0,4,0,0,0,0,29,46,4,0,0,0,0,0,0,0,0,0,0,0,31,1,0,0,0,0,0,0,0,12,0,0,0,0,1,0,0,0,8,0,0,0,1,1,0,12,27,1,0,0,1,0,0,0,0,0,0,2,0,112,0,0,269,0,0,0,0,0,2,0,0,0,0,0,0,0,0,0,0,167,0,0,0,0,0,0,0,0,6,0,0,0,0,0,0,0,0,0,3,0,0,157,0,17,0,0,0,0,328,0,0,146,0,0,0,0,0,151,0,0,0,0,0,0,0,0,0,0,28,0
"201",0,0,0,0,0,0,1,0,0,0,0,0,0,0,0,0,0,0,0,0,0,0,0,0,0,3657,0,0,4,25,488,0,0,15,0,0,188,0,0,0,0,0,0,0,0,185,0,0,0,0,0,0,0,0,0,0,0,0,0,117,0,0,0,0,0,0,191,0,0,0,0,0,0,0,0,0,0,0,0,0,0,0,0,0,131,0,0,0,0,0,0,19,18,26,0,8,0,0,0,0,0,13,0,14,1,0,114,111,0,0,0,0,0,0,0,0,0,0,0,1,0,0,0,1,97,143,0,0,0,0,0,0,0,0,0,35,10,0,0,0,0,0,0,0,0,0,0,19,0,0,0,67,0,0,1,0,0,0,0,113,0,0,0,0,0,0,0,0,0,0,0,0,0,0,0,0,0,0,19,0,0,0,0,0,13,0,0,0,0,0,0,150,1,0,57,0,0,0,2,0,0,0,0,0,0,0,7,0,0,1,12,0,0,0,0,0,0,0,0,0,0,0,0,0,0,0,0,0,0,0,213,3,0,180,0,0,0,0,0,26,0,0,596,0,0,0,0,0,0,0,0,0,0,0,0,4,0,0,12,8,0,0,0,0,3,0,0,0,6,2,0,43,63,0,0,0,0,0,0,2602,0,0,0,0,0,0,0,0,106,41,0,0,0,0,17,0,0,0,0,0,0
"202",0,0,0,0,0,0,0,0,0,0,0,0,7,0,10,0,0,0,0,0,0,3,0,0,0,1257,0,1,4,0,346,17,0,0,0,0,0,0,0,0,0,0,1,0,0,4,0,0,0,0,0,246,0,0,0,0,0,0,0,0,0,0,0,0,0,14,0,0,52,0,8,0,0,65,0,0,0,0,0,0,56,0,0,0,174,0,69,0,0,37,0,0,58,0,0,0,0,0,53,0,0,0,0,49,1,0,4,5003,0,0,0,0,31,16,0,0,0,0,40,2,0,0,0,1,14,2,0,0,1,0,1,45,0,0,0,0,7,0,0,0,0,0,0,0,1,0,3,0,0,0,3,23,0,0,0,0,0,0,0,11,0,0,0,22,0,0,0,0,0,7,0,0,4,0,0,0,0,39,4,0,0,0,0,0,0,0,0,0,0,9,0,31,1,0,0,0,0,0,1,0,0,0,0,0,0,1,0,6,0,0,4,0,0,1,1,0,12,0,103,0,0,1,0,15,0,24,0,0,26,0,25,0,0,654,21,0,0,0,0,2,0,42,0,0,0,0,0,0,0,0,119,0,0,0,0,34,0,0,1,156,0,0,0,0,0,0,0,0,0,495,0,0,193,0,0,0,0,1,0,98,0,0,127,0,0,0,0,0,0,9,47,0,0,0,65,0,44,0,0,84,0
"203",0,0,0,3,0,1,5,0,0,0,0,0,2,0,43,0,0,0,4,0,0,33,0,156,0,1336,0,0,62,110,0,0,0,160,0,0,2,0,0,0,4,0,0,0,0,158,0,0,0,0,11,34,0,0,0,13,0,0,0,26,0,0,0,6,0,0,246,0,0,0,0,0,1,0,0,169,0,0,0,121,7,0,302,0,0,0,0,0,0,0,0,23,210,0,0,6,0,0,0,0,0,3,0,4,0,1,0,1805,0,0,0,0,0,100,0,0,0,0,174,4,44,0,0,1,68,0,0,7,0,0,0,0,0,2,0,0,26,0,0,0,40,0,0,0,70,0,1,2,3,0,5,0,0,5,0,0,0,0,0,0,0,0,0,0,0,0,0,0,0,0,0,0,0,0,0,0,4,0,428,0,0,0,0,0,3,0,0,0,0,0,0,27,11,0,0,0,0,0,0,0,0,0,0,0,0,19,0,0,0,5,0,0,0,0,0,0,148,0,140,0,0,16,0,0,0,0,0,0,0,2,0,0,0,1085,0,0,0,0,0,0,0,0,0,0,0,0,0,1,0,0,0,1,0,0,0,0,0,0,11,0,5,0,0,2,0,0,0,0,0,5,0,0,305,0,0,0,0,0,0,1894,0,0,155,0,0,0,0,0,0,0,0,0,0,0,0,0,20,0,0,97,0
"204",0,0,0,34,0,0,0,1,0,0,0,1,13,0,25,0,0,0,0,0,0,7,0,76,1,2215,0,0,8,126,1,0,0,0,0,0,63,20,0,3,14,0,1,0,0,36,0,1,0,0,88,95,0,0,0,3,0,0,0,96,20,54,0,6,0,0,161,8,2,18,0,0,0,0,0,72,0,0,0,9,11,16,0,1,0,20,29,26,0,0,59,3,0,0,0,0,0,0,1,0,0,124,0,0,0,2,4,104,0,0,0,0,0,107,0,0,0,13,40,8,0,8,0,1,14,2,0,0,1,0,18,3,0,0,9,2,7,0,5,0,67,1,0,0,154,0,3,4,0,0,3,1,0,60,8,0,0,1,4,11,0,0,0,0,0,0,0,0,0,0,7,0,4,0,0,0,2,66,4,0,0,0,0,0,0,0,0,18,0,0,0,31,4,0,0,0,0,0,0,0,0,0,0,0,0,153,0,0,3,11,0,0,0,1,1,0,69,29,339,32,0,33,0,0,0,0,108,0,26,0,2,1,0,233,0,0,2,0,0,2,0,0,0,0,0,0,1,0,0,0,0,1,0,0,0,81,47,11,1,0,1,0,1,0,72,3,0,0,19,5,4,38,33,0,0,0,0,0,0,417,0,0,4,0,0,0,0,19,0,0,0,0,0,3,1,0,5,0,1,64,0
"205",0,0,0,0,0,0,1,0,0,0,0,0,1,217,5,25,31,0,0,0,70,31,0,34,0,1544,2,0,1,0,84,0,0,0,0,5,22,288,0,0,0,0,0,0,0,1,0,0,0,0,0,0,0,0,0,0,0,0,0,0,0,0,9,183,0,0,137,0,0,0,0,0,0,0,0,0,0,0,0,0,6,0,0,0,21,0,0,0,0,43,0,9,6,0,0,0,0,0,0,0,0,2,0,8,0,0,0,4412,0,0,0,31,0,10,0,0,0,0,25,0,0,0,0,1,16,0,0,0,0,0,0,2,0,0,63,0,9,0,0,0,3,0,0,0,0,0,0,0,2,0,13,0,0,0,4,0,18,0,0,0,0,0,0,0,0,0,0,0,0,3,0,0,1,0,0,0,0,0,0,0,0,0,0,0,0,0,0,0,0,1,0,56,0,0,0,3,104,0,0,0,0,0,0,0,0,110,0,0,0,1,0,0,0,0,0,0,0,0,167,0,27,0,0,0,0,0,0,0,0,0,42,0,0,144,13,0,0,0,0,0,0,0,0,0,0,0,1,0,0,0,0,0,0,0,0,26,12,0,19,0,0,0,0,1,0,1,0,0,0,84,5,10,6,0,0,0,0,0,22,1551,0,2,93,0,0,0,0,1,0,0,0,0,0,0,0,0,0,0,4,105,0
"206",0,0,0,0,0,0,0,0,0,0,0,0,0,126,4,0,0,0,0,0,0,0,0,0,26,148,0,0,0,0,0,0,0,130,0,0,0,97,0,0,0,0,0,29,0,127,0,0,0,0,0,28,0,0,0,0,0,0,4,0,0,15,0,0,0,0,232,0,0,0,0,0,0,0,0,177,0,0,0,188,0,0,0,0,0,0,0,0,0,0,0,0,0,0,0,0,0,0,0,0,0,0,0,0,4,0,0,4410,0,45,0,0,0,0,0,0,0,0,0,0,0,0,0,1,0,4,0,0,0,0,0,0,0,0,0,0,0,0,0,0,0,0,0,0,0,0,0,0,0,0,0,0,0,0,0,0,0,0,0,53,0,0,0,0,0,0,0,0,4,0,35,0,1,0,0,0,0,0,220,5,0,0,0,0,0,0,0,0,0,0,0,0,1,0,0,0,0,0,0,0,0,0,0,0,0,0,0,0,0,1,0,0,0,0,0,0,0,0,0,0,0,52,0,0,0,0,0,0,0,0,0,0,0,214,0,0,0,0,0,0,0,0,0,0,0,0,0,0,0,20,0,0,0,0,0,0,48,0,0,7,0,0,0,0,10,0,0,0,26,0,0,0,228,2,0,0,1,0,0,3139,0,0,127,0,0,0,1,0,0,0,0,0,0,0,0,0,8,0,0,0,0
"207",0,0,0,0,1,0,1,1,0,0,0,0,0,0,0,0,0,0,0,0,0,0,0,1,0,0,2,0,8,0,0,0,0,0,4,0,0,0,0,0,0,0,0,0,0,4,0,0,0,0,0,0,0,0,0,0,0,1,1,23,0,0,0,0,2,1,110,0,0,267,0,0,0,0,0,0,0,0,119,0,0,31,0,0,0,0,0,0,0,0,0,0,0,0,0,0,2,0,0,0,0,0,0,0,0,0,0,4341,0,507,8,0,0,0,0,0,0,0,22,0,0,1,0,0,0,46,0,0,3,0,0,0,0,0,0,0,0,0,0,0,0,0,0,0,0,0,0,0,0,1,18,0,0,0,0,0,0,0,0,17,0,0,0,1,0,0,0,0,0,152,2,1,1,0,1,0,0,0,0,0,0,0,0,4,0,0,0,0,0,1,0,0,0,0,0,0,0,0,1,0,0,0,0,0,0,0,0,0,1,0,13,0,0,0,0,0,0,0,0,0,0,18,0,0,0,0,0,0,0,0,0,0,0,1,0,0,0,0,0,0,0,0,0,0,0,20,0,0,0,0,0,0,0,0,0,0,0,0,0,0,1,0,0,0,0,0,0,0,2,2,0,0,1657,0,0,0,0,0,0,2582,0,0,0,0,0,0,0,0,0,0,0,0,0,0,0,0,0,0,0,0,0
"208",0,0,0,0,2,0,8,1,0,0,0,0,0,0,10,0,0,0,0,0,0,1,0,0,0,1288,0,0,1,0,182,0,0,2,0,0,3,1,0,0,0,0,0,0,0,331,0,0,0,0,2,0,0,0,378,0,0,0,0,40,0,0,0,0,0,0,139,0,0,0,23,0,0,0,0,0,0,0,0,19,0,0,416,0,0,0,0,3,0,11,0,1,1,0,0,0,0,0,40,0,0,4,0,0,0,0,0,440,0,0,0,0,0,136,0,0,1,0,1,0,0,0,0,1,9,0,0,0,3,0,7,222,0,0,0,0,0,0,1,0,8,0,0,0,0,0,0,0,2,0,0,0,0,51,0,0,0,0,73,17,0,0,0,328,0,0,0,0,0,0,0,0,1,0,0,0,0,68,47,0,0,0,0,0,3,0,0,0,0,0,0,59,0,0,0,0,0,0,0,0,0,0,0,89,0,4,0,0,0,9,0,0,0,10,1,0,156,0,335,0,1,133,0,0,0,1,0,0,40,0,149,0,0,0,0,0,1,0,0,0,0,0,0,0,0,5,17,0,0,0,0,0,30,0,0,0,0,0,1,0,0,0,0,2,0,0,0,0,0,2,0,107,893,0,0,0,0,0,1,3552,0,28,7,0,0,0,0,0,0,42,0,0,0,0,0,0,3,0,0,1,0
"209",0,38,0,0,0,0,1,4,0,0,5,0,0,0,1,0,0,0,0,0,18,48,0,0,0,3980,1,0,20,3,312,0,0,0,0,0,8,0,0,0,0,0,1,15,0,77,0,0,0,1,2,0,0,0,0,0,0,0,0,0,5,0,0,0,0,0,225,0,0,0,27,0,0,0,0,0,0,0,0,64,0,1,0,0,0,1,222,0,0,26,0,0,0,0,0,0,0,0,3,0,0,21,1,0,0,0,4,104,0,0,16,0,0,16,0,0,0,0,40,0,0,0,0,15,156,2,0,0,0,0,1,376,0,0,0,0,7,0,0,0,0,0,0,0,1,0,3,0,0,0,3,48,0,15,0,0,0,0,0,11,0,0,0,0,0,0,0,0,0,0,0,0,4,0,0,0,5,18,4,0,0,0,0,0,0,0,3,0,0,0,0,31,1,0,56,0,0,0,4,0,0,0,0,313,0,1,3,0,6,0,0,0,0,1,25,0,12,127,1,0,1,1,1,0,0,0,111,0,113,0,112,0,1,299,0,0,0,0,0,29,0,0,0,0,0,0,0,0,0,0,0,0,44,0,28,13,7,0,0,60,0,0,4,0,7,3,0,0,6,1,0,45,55,0,11,0,0,0,0,1053,1,0,598,0,0,0,0,0,2,12,0,0,1,0,1,0,0,0,0,23,0
"210",0,0,0,0,0,0,0,0,0,0,0,0,1,79,3,0,0,0,0,0,76,58,0,0,0,1915,0,0,26,0,1,0,0,18,0,0,0,52,0,0,0,0,0,25,0,528,0,0,0,0,0,0,0,0,9,0,0,0,0,0,0,35,0,0,178,0,264,0,0,0,11,0,0,46,0,1,0,0,0,147,0,0,0,0,103,3,0,0,0,58,0,2,1,0,0,0,0,0,19,0,0,119,0,0,1,0,138,611,0,0,0,0,0,197,0,0,0,0,240,2,0,0,0,0,82,0,0,0,0,6,51,299,0,0,0,1,2,0,0,0,0,0,0,0,0,0,0,0,0,0,15,1,0,0,0,0,0,0,0,3,0,0,0,0,0,0,0,0,0,1,0,0,1001,0,0,0,0,0,356,0,0,0,0,16,26,0,0,0,20,0,0,175,0,0,0,4,0,1,0,0,0,0,0,0,0,14,0,0,0,0,0,0,16,0,0,0,102,0,0,6,0,0,1,0,0,0,0,0,20,0,155,0,0,284,0,0,5,0,0,0,0,0,0,0,0,0,0,60,0,11,168,3,4,0,0,6,24,0,2,19,0,0,0,18,0,0,0,27,0,370,0,0,179,0,1,0,52,1,0,1143,0,0,113,0,0,0,0,0,0,77,0,0,0,0,5,0,28,0,21,45,0
"211",0,0,0,47,7,0,29,0,0,0,0,0,0,0,16,0,0,0,0,0,0,0,0,55,0,824,0,0,2,0,0,0,0,0,0,0,1,0,0,0,0,0,1,0,0,1199,0,0,1,0,14,82,0,0,0,0,2,2,0,0,0,0,0,2,0,0,259,0,0,40,0,0,0,0,0,0,0,0,0,0,0,0,2,0,0,0,1,0,0,0,0,3,4,0,0,0,0,0,0,0,0,0,0,0,0,0,4,1052,143,0,0,0,0,16,0,35,0,0,40,0,0,0,0,1,14,2,0,0,0,0,1,3,0,0,0,0,7,0,0,0,20,0,0,0,1,0,3,0,0,0,3,1,0,0,0,0,0,0,0,11,0,0,0,0,0,0,0,0,0,0,0,0,4,0,0,0,0,181,4,0,0,0,0,0,0,0,0,0,0,0,6,31,1,0,0,0,0,0,0,0,0,0,0,0,0,93,0,0,0,1,5,0,0,1,1,0,12,0,1,0,0,1,0,0,0,0,0,0,2,0,2,0,0,3381,0,0,0,0,0,2,0,14,0,0,0,0,0,0,0,0,0,0,0,0,0,11,0,0,0,208,0,0,0,0,0,0,0,0,0,13,0,0,454,0,0,0,0,0,0,2963,0,0,1210,0,0,0,0,1,0,0,0,0,0,0,0,0,0,0,0,178,0
"212",0,0,0,0,0,0,0,43,0,0,0,0,0,0,57,0,19,1,0,0,0,9,0,0,0,5511,2,0,25,22,0,0,0,103,0,0,386,0,0,0,0,0,0,78,0,0,0,0,0,1,0,0,0,0,1,0,0,0,0,9,4,0,2,0,0,0,16,0,0,0,10,0,0,14,0,0,0,0,0,17,0,0,0,0,0,0,1,0,0,215,0,38,220,0,27,0,0,0,0,0,0,0,0,0,0,0,0,0,0,0,0,0,0,14,0,1,0,0,2,0,0,0,0,3,206,0,0,0,1,0,0,376,0,0,0,0,14,0,0,0,56,0,0,0,14,0,3,0,2,10,22,2,0,0,1,0,0,0,0,0,0,0,0,0,0,1,0,4,0,0,7,0,0,0,0,0,0,3,188,0,0,0,0,0,9,0,0,0,0,0,1,107,2,0,0,0,0,0,1,0,0,0,1,1,0,36,14,0,1,18,0,0,0,1,1,1,69,0,3,19,142,1,0,0,0,3,0,0,11,0,98,0,0,491,0,0,0,0,0,0,0,0,0,2,0,15,0,0,0,0,30,0,5,0,2,2,8,0,1,0,2,0,0,1,0,0,0,0,0,330,0,1,477,0,0,0,0,1,7,0,0,0,168,0,0,0,0,0,0,4,0,0,0,0,119,0,0,7,0,19,0
"213",0,0,0,0,0,0,1,0,0,1,1,0,0,0,4,0,0,0,0,0,121,50,0,0,0,393,0,0,1,0,139,0,0,75,0,0,0,93,0,0,0,0,1,89,0,13,0,6,3,0,29,0,0,0,83,2,0,0,2,0,3,0,0,4,0,0,107,0,0,0,127,0,0,0,0,0,0,0,0,441,0,21,157,1,824,1,0,1,0,64,0,5,0,0,0,0,0,0,29,0,0,0,0,0,13,0,4,1265,0,35,0,0,0,16,0,0,0,1,40,0,0,0,0,1,829,199,0,0,0,0,75,3,0,0,0,0,7,0,0,0,0,0,0,0,1,0,3,3,0,0,41,1,0,15,0,0,0,0,0,169,0,0,0,0,0,0,0,0,0,0,4,0,4,0,0,0,0,328,336,0,0,0,0,0,34,0,0,0,0,0,0,31,1,3,0,0,0,0,0,0,0,0,0,573,0,14,0,0,0,1,0,0,0,1,31,0,61,256,1,0,41,1,0,0,0,0,0,0,316,0,409,0,0,30,0,0,11,0,0,89,3,0,0,0,0,0,0,0,0,0,0,2,29,0,28,1,1,0,0,16,0,18,0,2,0,0,0,0,1,18,0,107,89,0,0,0,0,0,10,2280,1,0,724,0,0,0,0,0,0,48,0,0,0,0,0,0,0,54,0,0,0
"214",0,0,0,8,0,0,15,0,0,0,0,0,0,0,424,0,0,0,0,0,0,25,0,484,0,2216,0,0,161,0,273,0,0,94,0,24,12,0,0,0,9,0,89,0,0,196,0,0,0,0,0,26,0,0,0,5,0,0,0,42,0,0,0,3,0,0,95,0,0,0,0,0,0,0,0,0,0,0,0,14,13,2,0,0,0,0,1,0,0,0,0,50,92,0,0,1,2,0,29,0,0,10,2,0,3,0,0,406,0,29,0,0,0,50,0,0,0,0,58,0,0,0,0,25,78,0,0,0,0,0,0,0,0,6,7,0,510,11,0,1,47,0,4,0,0,0,3,0,0,0,1,0,0,7,0,0,0,0,0,0,0,0,0,0,0,0,0,0,0,0,0,0,0,0,0,0,0,0,591,0,0,0,0,0,0,0,11,0,0,0,0,41,4,1,0,0,89,0,0,0,6,0,0,1,291,42,0,0,1,4,0,0,0,0,2,0,168,0,54,0,0,1,0,0,0,3,0,0,64,0,0,0,0,201,0,0,0,19,0,0,0,0,0,0,1,24,0,1,0,0,0,2,0,0,0,0,0,0,0,0,0,0,0,0,0,0,0,0,0,128,0,0,154,0,0,0,0,0,16,2333,0,0,15,0,0,0,0,19,0,0,0,0,0,3,0,0,5,0,0,47,0
"215",0,1,0,3,0,0,1,0,0,0,0,0,0,0,0,56,0,0,0,0,0,0,0,43,0,1755,0,0,3,9,0,0,0,196,0,0,3,0,0,5,0,0,1,0,0,190,0,0,0,0,3,0,0,0,0,3,10,0,0,25,46,0,0,3,0,0,0,0,0,155,0,0,2,0,0,0,0,0,0,0,0,2,327,0,0,2,0,0,0,0,0,2,5,0,0,0,0,1,0,0,0,0,0,0,0,0,4,104,0,0,0,0,0,16,0,0,0,0,40,0,0,0,0,122,14,2,0,0,12,0,1,3,0,0,7,0,7,15,0,0,0,0,0,0,1,0,3,0,14,0,3,1,15,0,0,0,0,3,0,11,0,0,0,0,0,0,0,0,0,0,0,0,1001,0,0,0,0,4,4,3,0,0,0,0,0,0,0,0,0,0,0,31,1,0,0,0,5,0,0,215,0,0,0,25,0,20,0,0,0,0,0,0,0,1,1,0,12,0,1,0,0,1,0,0,0,0,0,0,2,0,2,0,0,545,0,0,0,0,0,2,0,0,0,0,0,0,0,0,0,0,0,0,0,0,0,5,7,0,0,0,9,0,0,3,0,0,0,0,0,1,35,0,243,0,0,0,0,0,0,4322,0,1,122,0,0,2,0,0,0,48,0,0,0,0,0,0,1,0,0,0,0
"216",0,0,0,0,0,0,13,1,0,0,0,0,0,0,1,0,0,0,0,0,0,42,0,2,0,23,0,0,45,132,6,0,0,0,0,0,93,0,4,0,0,0,0,0,0,0,0,0,0,0,0,0,0,0,0,0,0,0,0,622,0,0,0,0,0,0,149,0,0,470,0,0,0,0,0,0,0,0,0,125,0,0,0,0,0,3,0,0,0,168,0,56,30,0,0,0,0,0,69,0,0,29,0,0,0,0,0,815,0,0,0,0,0,0,0,74,0,0,537,0,0,0,0,8,175,0,0,0,0,0,0,1,0,0,0,0,7,0,0,0,13,0,0,0,0,0,0,0,0,0,4,0,0,0,0,0,0,0,0,20,0,0,0,0,0,0,0,0,0,0,0,0,0,0,0,0,0,0,0,0,0,0,0,0,0,0,0,0,0,0,0,769,0,2,0,0,0,0,0,0,0,0,0,580,0,0,0,0,1,20,5,0,0,0,237,0,0,0,109,0,0,0,0,0,0,0,0,0,0,0,0,0,0,490,0,0,0,0,0,3,0,0,0,0,7,0,0,0,0,0,0,0,0,0,41,110,0,0,28,0,0,0,0,61,0,0,0,0,0,1312,0,0,998,0,0,0,0,0,34,286,0,0,868,0,0,0,0,0,0,0,0,0,0,0,97,0,147,0,0,60,0
"217",1,0,0,0,0,0,2,0,0,0,0,0,1,0,56,0,0,0,0,4,0,0,0,0,6,499,0,0,3,19,0,0,0,0,0,0,15,0,1,0,2,0,1,53,0,72,0,0,0,0,0,0,0,0,0,0,0,0,0,0,0,20,0,0,0,0,13,0,0,0,0,0,0,43,0,0,0,0,0,0,0,0,143,0,14,0,11,29,0,53,0,3,15,0,0,0,0,0,0,0,0,5,0,0,0,0,346,4024,0,0,0,0,0,123,0,0,0,0,40,11,0,0,0,1,91,2,0,0,0,0,96,313,0,0,0,35,188,9,0,0,0,0,0,0,1,0,3,0,0,0,3,37,0,0,0,0,0,0,0,11,0,0,0,0,3,0,0,160,0,0,0,0,4,0,0,0,0,242,4,0,0,0,0,0,0,24,0,0,0,0,0,31,1,0,38,0,0,0,0,0,0,0,0,0,0,18,0,0,0,0,1,0,0,1,1,0,156,0,1,0,793,1,0,0,0,0,0,0,82,0,116,0,0,236,0,0,0,0,0,2,0,0,0,0,0,0,0,0,0,0,428,0,36,0,0,3,7,0,0,9,0,0,0,0,16,0,0,0,0,682,0,0,71,3,0,0,0,0,3,1314,0,0,104,0,0,0,0,6,0,24,0,0,0,0,169,0,13,0,0,169,0
"218",0,10,0,0,9,0,0,0,0,0,0,0,0,0,3,0,0,4,1,2,0,32,0,39,0,237,0,0,0,0,376,0,0,0,0,0,5,84,0,0,0,14,1,0,0,12,0,0,3,0,14,298,1,0,0,10,0,0,0,253,0,0,0,25,0,0,202,0,4,0,127,0,0,0,0,0,0,0,0,40,33,7,223,0,0,0,1,1,0,7,0,9,0,0,0,6,0,0,0,0,0,0,0,0,0,2,4,3957,0,0,0,0,0,16,0,0,0,0,40,24,0,0,0,1,14,2,0,0,5,0,1,3,0,0,0,0,7,0,0,0,0,0,0,0,1,0,3,0,0,0,3,1,0,0,0,0,0,0,0,11,1,0,0,0,0,0,0,0,0,11,0,0,4,0,0,0,0,0,356,1,0,0,0,0,0,0,0,0,0,0,51,31,1,0,0,0,0,0,0,0,0,4,0,1952,0,31,0,0,0,0,0,0,0,1,1,0,102,215,1,0,0,1,0,0,0,0,0,0,130,0,125,0,0,141,0,0,0,0,0,2,0,0,0,0,0,0,0,0,0,0,0,4,38,0,0,0,0,0,0,5,0,0,0,0,0,0,0,0,0,1,0,0,19,0,1,0,0,0,0,2119,0,0,224,0,0,0,0,0,56,64,0,0,0,0,0,0,1,0,0,18,0
"219",0,0,0,0,0,0,0,0,1,0,0,0,1,0,56,0,0,0,0,0,7,15,0,20,0,2800,0,0,37,1,0,0,0,16,0,0,19,1,0,0,0,0,0,32,0,2,0,1,0,0,0,0,0,0,1,0,0,0,0,0,0,0,0,0,0,33,279,0,0,0,0,0,0,0,0,0,0,0,0,9,0,0,2,0,0,3,0,0,0,0,11,0,139,0,0,144,4,0,4,0,0,0,0,0,8,0,0,1379,0,0,0,0,0,37,0,0,0,1,18,0,0,0,2,1,192,15,0,0,0,0,1,56,0,0,0,0,457,0,0,0,19,0,0,0,0,0,0,0,0,0,6,0,30,0,1,0,0,0,0,56,0,0,0,1,0,0,0,0,0,0,3,0,1,0,0,0,0,5,0,0,0,0,0,0,1,0,0,0,0,0,0,1,8,0,0,0,0,0,0,0,0,0,0,0,0,15,0,0,0,0,0,0,0,0,13,0,25,0,31,0,0,0,0,0,0,4,0,0,10,0,0,0,0,2673,0,0,0,0,4,0,0,0,0,0,37,0,0,0,0,0,124,0,0,0,3,9,15,0,0,7,4,0,0,1,0,0,0,0,22,97,0,0,104,0,0,0,1,0,0,693,0,0,46,0,0,0,18,0,0,21,0,0,0,0,30,0,6,0,1,34,24
"220",0,0,1,2,8,0,78,17,0,0,0,3,0,0,8,1,17,0,0,0,33,25,0,200,0,2077,0,0,34,8,0,0,2,21,5,0,1,95,0,0,6,0,0,10,0,187,0,17,0,1,3,0,0,0,0,6,7,1,0,386,12,29,2,0,0,63,131,1,0,0,63,0,0,7,1010,0,0,0,0,434,11,0,10,0,25,1,1,0,2,16,11,23,1,0,0,0,0,0,21,0,7,0,0,5,0,0,0,629,0,0,0,0,0,205,0,3,0,0,45,0,28,0,0,1,7,0,0,0,7,25,0,173,0,3,1,0,6,20,56,3,4,0,0,0,0,0,1,0,5,25,1,8,0,60,1,0,0,0,0,1,0,0,0,734,3,1,0,0,0,0,0,0,1,0,0,0,0,1,0,0,0,0,4,1,8,0,0,0,39,0,6,48,3,0,0,0,0,0,4,0,0,0,0,0,0,5,1,18,0,0,0,0,0,0,3,0,114,22,1,0,1,40,0,0,0,1,0,0,59,0,5,1,0,140,0,0,4,0,0,1,0,0,0,0,0,0,0,0,0,0,1,2,0,1,5,1,2,0,2,0,13,0,0,2,2,0,0,0,0,1,0,1,38,0,4,0,1,1,3,1987,0,0,0,0,0,0,0,1,128,0,0,0,0,0,11,0,21,11,0,9,32
"221",0,0,0,0,0,0,1,0,0,0,1,0,0,0,0,0,0,0,0,41,19,22,0,5,0,2133,0,0,6,18,0,0,0,60,0,0,9,17,0,0,1,0,0,0,0,39,0,0,0,0,0,0,0,0,0,0,0,2,0,67,0,1,1,0,0,0,0,0,0,0,17,0,0,0,0,0,0,0,0,38,0,0,300,0,6,0,246,0,0,0,16,20,90,0,0,0,0,1,49,0,0,0,0,0,0,0,0,1414,0,0,0,0,0,0,0,0,0,0,0,0,0,0,0,0,0,0,119,36,0,0,0,80,0,6,0,0,170,1,5,1,100,2,0,0,0,0,7,0,0,1,9,0,103,0,0,0,0,0,0,13,0,2,0,0,0,0,0,4,0,0,10,0,0,2,0,0,3,4,0,0,0,0,0,5,1,0,0,0,0,0,0,0,1,0,0,0,0,0,0,378,0,0,0,0,0,10,0,0,0,3,0,0,0,0,4,0,145,35,218,0,6,0,0,0,0,0,0,0,0,0,62,0,0,1147,3,0,0,0,0,6,0,0,0,0,0,0,17,0,0,0,0,1,0,0,24,4,29,0,1,0,0,0,0,4,0,1,0,0,0,0,0,16,0,0,1,0,0,0,9,2254,0,0,0,0,0,0,0,29,20,0,0,0,0,0,0,0,252,0,0,0,0
"222",0,0,0,0,0,0,1,0,0,0,0,0,0,0,0,0,0,0,0,0,0,0,0,0,0,522,0,0,9,8,0,0,0,0,0,0,0,0,0,0,0,0,1,0,0,2,0,0,0,0,0,0,0,0,0,0,0,0,0,0,0,0,0,0,0,0,0,0,0,0,0,0,0,0,0,0,0,0,0,0,0,0,0,0,0,4,0,0,0,0,0,1,4,0,0,0,0,0,0,0,0,52,0,0,0,0,4,1120,0,0,0,0,3,117,0,0,0,0,40,0,0,0,0,1,83,2,0,0,0,0,1,3,0,0,0,0,7,0,0,0,19,0,0,0,1,0,3,0,0,0,3,1,0,2,0,0,0,0,0,11,0,0,0,0,0,0,0,0,0,0,0,0,4,0,19,0,0,2,4,0,0,0,0,0,0,0,0,0,0,0,0,31,1,0,0,1,0,0,0,0,0,0,0,0,118,14,0,0,3,9,0,0,0,1,1,0,12,0,43,0,0,1,0,0,0,0,0,0,2,0,2,0,0,30,0,0,0,0,0,2,0,0,94,0,0,0,0,0,0,0,0,0,0,0,0,3,0,0,0,0,0,0,0,0,0,0,0,0,0,7524,0,0,57,0,1,0,0,0,0,0,0,0,0,0,0,0,0,0,0,0,0,0,0,0,1,0,18,0,0,0,0
"223",0,0,1,0,0,0,0,11,0,0,0,0,1,0,18,0,19,0,0,0,2,6,0,0,0,3087,0,0,0,74,0,0,0,197,0,0,40,1,4,0,3,0,1,0,0,196,0,0,0,0,1,0,0,0,3,0,0,0,0,241,0,0,1,2,0,0,47,0,0,0,33,0,0,0,0,0,0,0,0,36,0,38,160,0,0,0,0,0,0,0,712,1,123,0,0,0,0,0,0,0,0,7,0,0,0,0,4,104,0,0,0,0,0,16,0,0,0,0,241,0,0,0,0,1,611,2,0,0,0,0,1,53,0,0,0,1,87,0,0,2,40,0,0,0,1,0,3,0,0,1,15,1,0,0,0,0,0,0,99,11,0,0,0,0,0,0,0,11,0,0,0,0,4,0,0,0,0,0,4,0,0,0,0,0,2,0,0,0,0,0,3,31,4,0,0,0,0,0,0,0,58,0,0,1317,0,10,0,0,4,0,21,0,0,1,1,0,12,0,1,0,0,1,0,72,0,0,0,0,73,0,29,0,0,335,0,0,0,0,0,2,0,0,0,0,0,0,0,0,0,0,0,0,0,0,0,15,1,0,0,0,3,0,0,1,0,0,5,0,0,1,0,0,98,0,1,0,0,0,0,293,0,0,244,0,0,0,0,0,19,0,0,0,0,0,85,0,2,0,0,21,0
"224",0,0,0,2,0,0,2,0,0,0,0,6,0,867,29,0,0,0,0,0,0,14,0,120,0,1256,0,0,17,0,0,0,0,16,0,0,14,97,41,0,16,0,1,0,0,0,0,2,0,0,2,25,0,0,0,3,1,0,0,12,0,122,0,3,0,0,0,0,12,0,117,0,0,0,0,0,0,0,0,24,0,1,0,0,0,0,0,0,0,0,744,24,5,0,0,0,0,0,110,0,0,0,0,4,14,0,4,595,0,0,0,0,0,16,0,0,0,1,40,0,0,0,0,1,14,2,0,0,0,0,1,3,0,0,0,0,7,16,0,0,51,0,0,0,1,0,3,0,0,0,3,1,0,3,0,0,0,0,0,11,0,2,0,0,0,0,0,0,0,0,3,0,4,0,0,0,0,96,194,0,0,0,0,0,0,0,0,0,0,0,0,31,1,0,0,0,0,9,0,0,0,0,0,0,0,1,0,0,0,0,0,0,0,1,46,1,75,21,101,0,0,1,0,0,0,0,0,0,2,0,2,0,0,840,0,0,5,0,0,2,0,0,0,0,0,0,0,0,0,0,0,3,3,0,0,0,3,0,0,0,1,0,0,2,0,0,0,0,3,1,0,0,309,2,0,0,0,4,44,2673,0,1,0,0,0,0,0,0,81,0,0,0,0,0,0,0,3,0,0,84,0
"225",0,0,1,0,0,0,0,0,0,1,0,6,0,0,14,2,0,0,0,0,46,9,0,246,12,85,0,0,15,0,1014,0,20,100,0,0,0,0,0,0,14,0,1,0,0,6,0,2,0,0,127,48,0,0,210,3,0,0,0,47,0,0,0,0,0,0,5,0,0,3,20,0,1,23,0,0,0,0,0,38,25,0,174,0,20,1,1,1,0,88,0,1,0,47,0,1,0,1,18,0,0,0,0,0,5,0,188,433,0,0,0,0,0,16,0,0,0,0,40,17,0,0,0,1,14,2,0,0,2,0,1,3,0,0,0,0,7,23,0,0,5,1,0,0,1,0,31,0,0,0,30,54,0,0,0,0,0,0,8,11,0,0,0,188,0,0,1,0,0,0,7,0,4,0,0,0,0,56,160,0,0,0,0,0,0,0,0,0,0,0,0,31,1,0,0,0,0,0,0,0,6,0,0,0,0,47,4,0,0,3,0,78,4,1,12,0,122,119,1,0,0,48,0,0,0,73,0,0,78,0,108,0,0,525,0,0,2,0,0,2,0,0,0,0,0,0,0,1,0,0,19,0,0,0,5,24,5,0,3,4,21,0,0,0,0,0,1,0,1,3,0,45,1622,0,1,0,0,2,0,1180,0,0,205,0,0,0,0,0,0,46,4,0,0,0,30,0,33,0,0,130,0
"226",0,0,0,0,0,0,0,0,0,0,0,0,22,0,16,0,0,0,0,0,0,19,0,72,0,1520,0,0,2,4,0,0,0,88,0,0,721,529,0,0,5,0,1,0,0,196,0,0,0,0,18,698,0,0,0,5,0,0,0,0,0,0,0,3,0,0,0,1,0,0,0,0,3,82,0,0,0,0,0,90,40,0,0,0,0,5,80,0,0,231,0,31,0,0,0,0,0,0,0,0,0,0,0,0,0,0,4,104,6,0,0,0,0,16,0,0,0,24,40,0,0,0,0,1,14,2,0,0,0,0,1,3,0,0,0,0,601,34,5,0,9,0,0,0,1,0,3,0,0,0,3,1,0,0,0,0,0,34,0,11,0,0,0,0,0,0,0,0,0,0,0,2,4,0,0,0,0,0,4,4,0,0,0,0,0,0,0,207,0,0,0,31,1,0,0,0,0,0,0,0,0,0,0,0,0,56,3,0,0,1,1,0,0,13,1,0,12,9,589,0,0,1,0,0,0,0,0,0,130,0,2,0,0,1223,0,0,0,0,0,2,0,0,0,0,0,0,2,0,0,0,0,0,0,0,8,16,25,0,11,0,0,0,0,2,0,7,0,0,0,24,0,28,427,0,0,0,0,0,12,1642,1,2,351,0,0,0,0,1,0,0,0,0,0,0,0,0,0,0,0,335,0
"227",0,0,0,0,0,0,0,23,0,0,0,12,2,0,48,0,0,0,0,0,61,8,0,0,1,1031,0,0,0,0,0,0,48,3,0,0,0,10,0,0,17,0,145,49,0,38,0,0,0,0,39,39,0,0,108,9,0,0,0,0,33,75,0,9,0,1,28,0,0,18,27,0,0,74,0,0,0,0,0,0,0,0,2,2,12,20,0,0,0,83,918,0,0,0,0,0,11,0,0,0,0,0,0,0,0,0,2,534,17,0,0,0,0,248,0,0,0,0,4,24,0,0,0,4,220,540,0,0,0,0,16,3,0,0,11,0,17,19,0,7,13,0,0,0,0,0,2,13,0,0,5,0,0,0,0,0,0,0,10,0,0,0,0,312,0,0,0,0,0,0,0,0,1,0,0,0,0,2,117,0,0,0,0,0,2,0,0,0,0,0,0,293,2,0,0,0,0,0,0,0,0,0,0,0,0,71,0,0,0,0,337,0,4,0,0,0,27,21,0,3,0,0,0,0,0,0,128,0,11,0,38,0,0,1500,21,0,0,0,1,118,0,0,0,181,0,0,0,0,0,0,34,0,5,0,0,346,38,0,0,29,0,0,0,13,0,0,0,0,0,458,0,0,591,0,0,0,0,0,0,416,0,0,0,0,0,0,0,0,2,96,0,0,0,0,19,0,0,0,0,48,0
"228",0,0,1,3,0,0,0,0,0,0,0,0,3,0,3,0,0,0,0,0,0,99,0,158,0,2685,0,0,111,0,47,0,3,181,0,0,0,217,14,0,10,0,1,0,0,73,0,0,0,0,0,0,0,0,0,0,0,0,0,0,0,0,1,0,0,0,0,0,216,117,0,0,0,0,0,0,0,0,0,0,0,0,0,0,0,0,116,0,0,78,0,2,301,0,0,0,0,0,40,0,0,1,0,0,0,0,4,1784,0,0,8,0,0,16,0,0,0,0,40,0,8,0,0,1,83,2,0,0,0,0,1,298,0,0,0,0,7,47,0,0,18,0,0,0,1,0,3,0,0,0,3,1,1,0,0,0,21,0,0,11,0,0,0,0,0,0,0,0,0,0,0,0,4,0,0,0,0,0,4,0,0,0,0,0,0,0,0,0,0,0,0,116,1,0,0,20,0,0,0,0,0,0,0,0,0,1,0,0,3,1,0,0,0,1,1,0,12,0,43,0,44,1,0,0,0,0,0,0,76,0,149,0,0,3603,0,0,0,0,0,2,0,0,0,0,54,0,0,2,0,0,0,0,0,0,0,4,1,0,0,0,0,0,0,2,0,0,0,0,0,925,0,0,55,0,0,0,0,0,0,918,0,3,713,0,0,0,0,0,0,0,0,0,0,0,9,0,55,0,0,107,0
"229",0,0,0,2,0,0,0,0,4,0,0,0,2,193,96,0,0,0,0,0,0,2,0,123,0,1365,0,0,8,0,0,0,0,15,0,0,0,4,0,21,0,0,1,0,0,0,0,0,3,0,0,61,0,0,0,3,0,0,0,0,0,0,0,0,0,0,52,0,18,0,0,0,0,0,0,0,0,1,0,0,0,0,0,0,0,2,0,1,0,0,59,40,1459,0,0,63,0,0,0,0,0,60,0,0,0,0,4,104,0,0,0,0,0,16,0,67,0,1,40,0,3,0,64,1,14,2,156,0,0,0,1,3,0,5,0,0,7,16,0,0,335,0,0,0,1,0,3,0,0,0,3,1,5,0,8,0,0,0,0,11,0,0,0,0,0,0,0,0,1,0,0,0,4,0,0,0,0,0,4,0,0,0,0,0,0,0,0,0,0,0,17,31,8,0,0,3,0,0,0,0,0,0,0,0,0,36,0,0,3,2,0,0,0,1,1,0,12,0,93,0,0,1,0,0,2,0,0,0,2,0,2,0,0,214,0,0,0,0,0,2,0,0,146,0,6,0,19,0,0,0,0,0,3,0,0,4,4,0,0,0,1,0,0,0,0,0,0,0,0,652,0,0,355,2,88,0,3,1,0,988,0,59,0,0,0,0,0,0,0,0,0,0,0,0,19,0,14,0,0,0,0
"230",1,3,0,0,0,0,0,0,0,0,0,0,0,0,0,0,0,0,1,0,0,0,0,6,0,659,0,0,8,1,201,0,0,89,0,0,0,105,0,0,0,0,1,0,0,5,0,0,0,0,3,0,0,0,9,0,0,0,0,0,0,0,0,0,0,0,48,0,0,0,0,0,0,0,0,20,0,0,0,281,0,0,12,0,0,0,0,0,0,0,0,7,7,0,0,0,0,0,0,0,0,0,0,69,3,0,4,850,0,0,0,0,0,16,0,0,0,0,40,0,27,0,0,1,491,2,0,0,0,0,1,3,0,0,0,0,7,0,0,0,4,0,0,0,1,0,3,0,0,0,3,1,0,0,0,0,0,0,0,11,11,0,0,0,0,0,0,0,0,0,0,0,4,0,0,0,0,0,4,0,0,2,0,0,0,0,2,0,0,0,0,31,1,0,0,0,0,0,0,0,0,0,0,0,0,1,0,0,0,0,0,45,0,1,1,0,12,0,1,0,17,1,0,0,0,0,0,0,2,0,181,0,0,211,0,0,0,0,0,2,0,0,0,0,0,21,0,0,0,0,0,0,0,1,0,0,0,0,0,0,0,0,0,0,34,0,0,0,0,14,0,0,1125,4,0,0,0,0,0,2825,0,0,598,0,0,0,0,0,0,0,0,0,1,0,0,0,0,0,0,0,0
"231",0,0,0,0,0,0,12,5,0,0,0,0,0,10,14,2,0,0,0,0,3,0,0,13,0,2404,0,0,215,0,0,0,0,0,0,0,9,2,0,0,2,0,0,9,0,241,0,0,0,0,0,0,0,0,0,0,0,6,0,0,0,0,0,0,0,0,0,0,0,0,1,0,0,0,0,0,0,0,0,0,0,0,0,0,0,0,0,0,0,264,885,7,166,0,6,0,0,0,44,3,0,11,0,0,0,0,2,611,7,0,0,0,0,0,0,0,0,0,0,0,0,0,0,22,59,0,0,0,0,0,3,319,2,0,0,0,77,6,0,0,0,0,0,0,0,0,0,0,0,0,4,1,0,0,0,0,0,0,0,5,0,0,0,771,0,0,0,0,0,0,0,0,1,0,0,0,0,1,0,0,0,0,0,0,0,0,0,0,0,0,0,51,27,0,0,8,0,0,0,0,0,0,0,0,0,0,0,0,3,42,0,0,0,0,0,0,0,0,2,0,0,0,0,0,0,24,0,0,6,0,0,0,0,1913,0,0,0,0,0,0,0,0,0,0,0,0,0,10,0,0,1,0,0,0,0,0,0,0,0,1,0,0,0,0,0,0,0,0,0,0,0,0,1035,0,10,0,0,0,6,388,0,0,0,0,0,0,0,30,0,0,0,0,0,0,103,0,53,0,0,0,65
"232",2,0,0,0,0,0,1,0,0,0,0,0,0,0,0,5,0,0,0,0,0,45,0,0,0,4731,0,0,7,0,98,0,0,66,0,0,10,487,0,0,0,0,1,0,0,0,0,0,0,0,0,0,0,0,0,0,0,0,0,0,0,0,0,0,0,0,0,0,0,0,0,0,0,0,0,0,0,0,0,0,0,0,328,0,0,2,0,0,0,0,1,0,0,0,0,26,0,0,0,0,0,12,0,0,0,0,4,104,2,0,0,0,0,16,0,0,0,0,584,0,6,0,2,1,105,2,0,0,0,0,1,3,0,0,0,0,7,15,0,0,11,0,0,0,1,0,3,0,0,1,3,1,0,0,0,0,0,0,0,11,0,0,0,963,0,0,0,0,0,0,6,0,4,0,0,0,0,0,4,0,0,0,0,0,0,0,0,0,4,0,0,31,1,0,0,0,0,0,0,0,0,0,0,0,2176,271,0,0,0,1,0,0,0,1,1,0,540,0,1,0,12,1,0,0,0,0,0,0,2,0,2,0,0,0,0,0,0,0,0,2,0,0,0,0,14,0,0,0,0,0,0,0,0,0,0,5,0,0,0,26,0,0,0,12,0,0,0,0,0,91,0,0,9,2,6,0,0,0,3,567,0,0,171,0,0,0,0,0,0,0,0,0,0,0,5,0,6,0,0,242,0
"233",53,0,0,0,0,0,0,0,0,0,0,0,0,0,835,0,0,0,0,0,2,0,0,0,0,3966,0,0,0,0,0,0,0,102,0,0,44,5,0,0,0,0,0,24,0,0,0,0,9,0,0,0,0,0,0,0,0,6,0,0,0,0,1,0,7,0,0,0,0,0,0,0,0,0,0,0,0,0,0,11,0,0,0,0,0,0,248,0,2,19,0,12,26,0,0,0,0,0,0,0,0,0,0,0,0,0,0,1775,0,0,0,0,0,0,0,0,0,20,554,0,0,0,0,2,32,0,0,0,0,0,0,0,0,0,0,0,836,0,0,0,0,0,0,0,0,0,0,0,0,7,27,0,0,0,0,0,12,0,38,0,0,0,0,0,0,0,0,95,0,0,0,0,0,0,0,0,0,0,0,0,0,0,0,0,0,0,0,0,0,0,0,0,7,0,0,0,0,0,0,0,0,0,0,0,0,258,0,0,0,1,0,0,0,0,0,0,201,0,298,0,0,0,0,0,0,0,0,0,0,0,57,0,0,0,0,0,0,0,0,0,0,0,0,0,0,0,0,0,0,0,0,0,0,1,0,0,0,0,0,9,0,0,0,0,0,0,0,0,0,0,0,0,202,0,2,0,0,0,26,11,0,0,0,0,0,0,0,0,0,0,0,0,0,0,157,0,0,0,0,0,0
"234",0,1,0,5,0,0,0,33,0,1,0,0,0,295,0,0,0,0,0,0,70,1,0,480,0,15,0,0,1,13,220,0,1,27,0,0,0,2,0,0,56,0,1,22,0,1,0,3,0,0,1,588,0,0,3,33,0,0,0,364,16,101,0,0,0,65,72,0,8,0,0,0,2,9,0,0,0,0,0,631,31,0,111,8,6,0,80,0,0,2,0,0,8,0,0,0,0,0,14,0,0,0,0,0,6,1,4,104,0,0,0,0,0,16,6,0,0,0,40,0,0,0,0,1,70,266,0,0,1,0,20,581,0,0,0,0,7,0,0,0,7,0,0,0,1,0,42,41,0,0,3,1,0,0,0,0,0,0,232,77,0,0,3,315,0,0,5,0,0,0,16,0,4,0,0,0,0,1,248,0,0,0,0,0,13,0,0,0,0,0,0,119,1,30,123,0,0,0,0,0,0,0,0,0,0,10,0,0,0,0,0,0,0,1,10,2,305,6,1,0,0,1,0,1,0,0,0,0,43,40,112,1,0,233,0,0,0,0,0,2,0,0,0,0,0,0,0,0,0,26,0,4,9,0,2,0,0,0,29,4,31,0,5,4,0,0,0,0,0,6,0,109,179,0,0,0,0,0,2,2567,0,0,0,0,0,0,0,0,61,0,0,0,0,0,0,89,9,54,0,2,0
"235",0,0,0,0,0,0,2,0,0,0,0,0,0,59,4,0,0,2,0,0,0,32,0,0,0,1032,0,0,32,0,0,2,0,53,4,0,0,0,0,0,4,0,1,107,0,3,0,0,0,0,0,0,1,0,0,0,0,0,0,141,0,0,0,1,0,0,26,0,0,0,1,0,0,0,0,0,0,0,0,52,0,0,57,0,0,0,0,0,0,0,0,0,6,0,0,0,0,0,0,0,5,0,0,0,39,0,4,2115,54,0,0,0,0,256,0,0,0,0,173,0,44,0,0,1,156,2,0,0,0,0,1,3,0,5,0,0,7,0,0,0,0,0,0,0,1,0,3,0,0,0,20,1,0,0,0,0,0,0,0,11,0,0,0,0,0,0,0,0,0,9,0,0,4,0,0,0,0,8,188,2,0,0,0,0,0,0,0,0,0,0,0,31,1,0,0,0,0,0,0,0,0,0,0,57,0,31,0,0,0,25,0,0,202,1,1,0,12,92,1,0,0,40,0,0,0,0,0,0,2,0,2,1,0,365,0,0,5,0,0,2,0,73,0,0,0,0,0,0,0,0,0,8,0,0,0,1,4,0,0,16,3,0,0,0,0,0,0,0,0,43,0,4,264,0,0,0,0,0,0,5311,0,0,0,0,0,0,0,1,0,3,0,0,0,0,0,0,53,0,0,14,0
"236",0,0,0,40,0,0,1,0,0,0,24,0,2,0,6,0,0,0,0,0,121,55,0,39,0,3,0,0,72,15,17,1,3,28,0,221,8,230,0,0,4,0,85,68,0,71,0,3,0,0,82,39,0,0,35,0,0,0,0,156,0,0,0,49,0,0,0,0,4,0,54,0,0,4,0,0,0,0,0,288,9,13,223,0,107,1,1,1,0,81,0,33,0,0,29,0,0,0,27,0,0,3,0,12,1,0,100,919,6,0,0,329,0,2,1,0,0,0,39,0,0,0,0,2,30,0,0,0,2,4,247,215,2,0,0,0,24,33,0,0,6,0,0,0,0,0,47,7,0,0,10,33,0,0,1,0,0,0,0,45,8,0,0,208,0,0,0,0,0,0,0,0,171,0,0,0,0,242,0,1,0,0,0,0,8,1,0,0,4,2,0,60,1,0,0,0,0,0,1,0,0,0,0,2,1,4,1,2,1,9,3,0,0,14,6,0,0,215,191,0,80,8,0,0,0,2,74,0,38,0,130,1,0,8,0,0,0,2,0,2,0,0,0,29,2,0,0,0,0,0,102,0,44,0,10,1,18,0,6,6,0,0,0,4,0,0,0,2,0,1201,0,7,40,0,0,0,0,0,5,1972,0,0,204,0,0,0,0,0,0,225,45,0,1,0,6,0,7,49,0,40,0
"237",0,0,0,32,0,0,0,0,0,0,0,0,0,0,82,0,0,0,0,0,0,0,0,0,0,0,0,0,0,268,355,0,0,0,0,0,1369,388,3,0,0,0,0,152,6,0,0,0,0,0,11,0,0,0,0,0,0,0,0,0,0,0,1,0,0,0,0,0,0,0,0,0,0,0,0,256,0,0,0,360,0,0,0,0,0,0,0,0,0,118,0,0,0,0,0,0,0,0,0,0,0,295,0,0,10,0,0,0,0,0,0,0,0,0,0,0,0,0,0,20,0,0,0,2,822,0,0,0,0,0,0,75,0,0,0,0,35,0,0,0,0,0,0,0,0,0,0,0,0,0,18,0,0,0,2,0,0,0,0,0,0,0,0,0,0,0,0,0,0,0,0,0,1,0,0,0,0,283,0,0,0,0,0,0,0,0,24,0,0,0,0,0,0,0,0,0,0,9,0,0,0,0,0,0,0,0,0,0,1,2,0,0,0,0,0,0,0,0,0,0,0,0,0,0,0,0,0,0,275,0,237,0,0,91,0,0,0,0,0,0,0,0,0,0,0,0,0,0,0,0,611,0,0,0,0,0,0,0,0,0,0,0,0,0,0,0,0,0,0,0,0,0,0,0,0,0,0,0,12,3597,0,0,0,0,0,0,0,0,0,0,0,0,0,0,0,0,177,0,0,0,0
"238",0,0,0,0,0,0,15,69,0,0,1,1,2,622,0,0,0,0,0,0,144,27,0,135,6,1060,0,0,33,0,0,0,0,131,0,0,0,18,0,0,4,0,1,49,0,550,0,0,0,0,0,50,0,0,0,3,0,0,0,232,22,0,0,3,0,6,149,0,2,0,0,1,0,29,0,0,0,0,0,429,0,2,5,0,102,0,61,0,0,70,0,0,0,0,0,0,0,0,19,0,0,1,0,0,0,0,87,1979,0,18,0,0,0,16,0,0,0,0,40,0,0,0,0,1,50,2,0,0,0,0,1,973,0,0,8,0,7,35,64,0,6,0,0,0,1,0,3,3,0,0,43,41,28,3,0,0,0,0,0,11,0,0,0,310,0,0,0,0,0,0,0,0,4,0,0,0,0,0,147,0,0,0,0,0,12,0,0,49,0,0,1,130,23,0,0,0,0,0,0,0,0,0,0,0,0,4,0,0,3,1,0,0,0,1,18,0,184,3,1,0,0,1,0,0,0,0,0,0,2,0,268,0,0,176,0,0,1,0,0,29,0,0,0,0,0,0,0,13,0,0,135,1,0,0,1,0,2,0,3,28,12,0,0,3,0,0,0,0,1,20,0,0,0,1,0,0,0,0,0,3053,0,0,182,0,0,0,0,68,54,0,0,0,0,0,0,0,35,0,0,1,0
"239",0,1,0,0,0,0,0,0,0,0,0,0,4,0,12,0,0,0,0,0,0,0,0,55,0,968,0,0,6,6,19,0,67,11,0,0,10,0,0,0,6,0,146,0,0,0,0,4,0,0,3,205,0,0,9,0,0,0,0,0,0,0,0,0,48,0,0,0,91,68,0,0,2,635,0,1,0,0,0,0,18,2,0,0,0,1,1,1,0,17,0,0,181,0,103,0,28,0,0,0,0,0,0,5,0,0,377,930,0,0,7,0,9,328,6,0,0,0,60,0,66,0,0,0,0,0,0,0,0,0,12,1621,0,0,10,69,1,0,0,0,44,0,0,0,0,0,2,48,0,0,0,0,27,0,0,0,31,0,0,0,0,0,0,0,0,0,0,0,0,0,0,0,1,0,0,0,0,0,0,0,0,2,0,0,0,0,0,0,0,0,0,84,2,0,0,0,0,0,4,0,0,0,0,1,126,4,2,1,0,2,0,0,0,0,0,2,0,0,119,0,1,0,0,0,0,3,4,411,55,0,82,1,0,520,0,0,0,0,0,1,0,0,0,22,2,0,0,0,0,0,0,0,0,0,0,2,3,0,0,93,0,0,0,0,0,3,1,0,0,12,0,0,283,0,0,0,0,0,0,1570,0,0,64,0,0,18,0,0,0,0,0,23,0,0,68,0,0,0,0,26,0
"240",0,1,0,0,0,0,65,0,0,0,0,0,0,0,7,0,0,0,0,0,0,71,0,0,0,1304,2,0,52,35,0,0,0,139,0,0,5,0,0,0,0,0,1,42,0,1252,0,0,0,0,10,0,0,0,0,0,0,0,0,77,0,0,0,0,0,0,106,0,13,42,244,0,0,0,0,0,0,0,0,19,0,0,0,0,0,8,0,0,0,0,0,13,0,0,0,0,0,0,0,0,9,0,0,0,0,33,4,394,0,0,0,0,3,16,0,0,0,0,40,0,0,0,0,1,59,2,0,0,0,0,1,3,0,0,17,0,51,0,0,0,44,0,1,0,1,0,3,0,0,0,3,1,1,0,0,0,0,0,0,11,22,0,0,0,0,0,0,0,0,0,0,0,4,1,0,0,0,62,126,0,0,5,0,0,0,0,1,0,0,0,0,31,1,6,0,0,0,1,0,0,0,6,0,0,0,8,0,0,0,0,5,0,0,1,1,4,150,0,1,0,0,1,0,0,0,0,0,0,91,0,2,1,0,0,16,0,0,0,0,2,0,0,0,0,0,11,0,0,0,0,0,0,0,0,0,0,17,0,0,0,0,0,0,0,1,4,0,0,0,2,0,0,247,0,0,0,5,0,0,1315,0,0,544,0,0,0,0,0,16,69,0,0,0,28,17,8,9,0,0,148,0
"241",0,0,0,4,0,0,0,0,0,0,0,0,0,0,291,0,0,0,0,0,0,2,0,0,0,1979,0,0,6,8,5,63,0,31,0,0,0,0,0,0,0,0,0,3,0,92,0,1,0,0,0,0,0,0,0,0,0,0,0,7,2,0,0,0,0,0,310,0,0,0,0,0,0,0,0,0,0,0,0,1,0,3,0,0,0,2,0,0,0,0,0,0,0,0,0,0,0,0,0,0,0,0,0,0,1,0,0,4053,0,0,0,0,0,628,0,0,0,0,121,0,0,0,0,0,19,0,0,0,2,0,0,0,0,0,0,0,3,0,0,0,0,0,0,0,0,0,0,0,0,0,3,1,0,0,0,0,0,0,0,2,0,0,0,0,0,0,0,0,0,0,0,0,0,0,0,0,0,0,112,0,0,0,0,0,2,0,1,0,0,0,0,9,0,1,0,0,0,0,0,0,0,0,0,0,0,12,1,0,3,0,3,0,0,0,0,0,0,0,62,0,75,24,0,0,0,0,0,0,89,0,0,0,0,1564,0,0,2,0,1,53,0,0,0,0,0,28,1,0,0,0,0,0,0,0,0,4,0,0,1,7,1,0,0,0,1,0,0,0,0,28,1,1,206,0,0,0,0,0,0,5,0,0,37,0,0,0,0,0,0,1,0,0,0,0,0,0,0,1,0,25,0
"242",0,0,3,0,0,0,0,47,0,0,0,0,0,0,4,0,0,0,0,0,0,0,0,0,0,189,0,0,13,0,0,0,0,0,0,0,21,316,0,0,0,0,0,0,0,0,0,0,0,0,0,0,0,0,0,0,0,0,0,0,0,0,0,0,0,0,0,0,0,0,0,0,0,0,2724,0,0,0,0,0,0,0,1670,0,0,188,0,0,0,0,0,0,5,0,0,0,5,0,0,0,0,0,0,0,0,6,0,1352,0,0,0,0,0,0,0,0,0,0,180,0,0,0,0,0,70,126,0,0,0,0,23,210,0,0,0,0,0,0,0,7,21,0,0,2,0,0,0,0,0,0,0,0,0,0,1,0,0,0,0,0,0,0,0,0,0,0,0,0,0,0,0,0,16,0,0,0,0,0,0,0,0,0,0,0,13,0,0,0,0,0,3,73,2,0,0,0,0,76,0,0,0,0,0,0,0,0,0,0,0,0,7,0,0,0,0,0,0,0,1,0,0,0,0,0,0,0,0,0,0,0,0,0,2,0,0,0,0,0,0,0,0,0,0,0,0,0,0,0,0,0,0,0,0,0,0,0,0,0,0,0,0,0,0,0,0,0,0,0,0,0,0,0,194,0,0,0,12,0,0,1882,0,0,526,0,0,0,0,0,0,0,0,0,0,0,0,0,10,0,0,0,0
"243",0,0,0,1,0,0,1,0,0,0,5,0,0,171,9,6,39,0,0,0,120,27,0,2,0,2,1,0,5,101,0,0,0,0,0,0,0,565,0,0,0,0,0,63,0,326,0,0,0,0,0,0,0,0,0,0,0,0,0,492,5,0,0,0,0,0,0,0,0,0,0,0,0,23,0,0,0,0,0,0,0,0,0,0,0,0,0,0,0,0,0,6,58,0,0,0,10,0,0,0,0,1,0,0,0,0,0,4623,0,0,0,0,0,0,0,0,0,0,349,0,0,0,0,0,105,0,0,0,0,0,0,0,0,0,0,0,2,0,0,0,18,0,0,0,0,0,0,19,0,1,19,49,0,18,1,0,23,0,0,0,1,0,0,0,0,0,0,0,0,35,3,0,167,0,0,0,0,0,0,4,0,0,0,0,14,0,0,0,0,0,0,225,1,1,0,0,0,6,0,0,0,0,0,0,0,0,0,0,1,1,2,0,0,0,0,0,0,0,111,0,18,0,0,0,0,0,0,0,0,0,250,0,0,9,0,0,5,0,0,0,0,0,0,0,0,0,0,0,0,0,0,0,0,0,0,6,2,0,0,0,20,0,0,0,0,0,0,0,4,1,0,0,0,0,0,0,3,0,30,1227,0,0,365,0,0,0,0,0,0,98,0,0,0,0,0,0,4,0,0,123,0
"244",0,0,0,0,0,0,0,0,0,0,0,0,0,0,113,0,0,0,0,0,0,32,0,0,0,1580,0,0,6,0,399,0,0,10,0,0,293,102,0,0,0,0,1,56,0,0,0,0,0,0,0,0,0,0,0,0,0,0,0,0,0,0,0,0,0,0,175,0,0,0,0,0,0,91,0,0,0,0,0,144,0,0,0,0,0,0,61,0,0,0,0,0,19,0,0,21,0,0,0,0,0,0,0,0,0,0,4,1119,0,0,0,0,0,16,0,0,0,1,40,0,0,0,0,1,377,2,0,0,0,0,53,296,0,0,0,0,588,0,0,0,0,0,0,0,1,11,3,0,0,0,25,1,0,0,0,0,0,0,0,11,0,0,0,0,0,0,0,0,0,0,0,0,4,0,0,0,0,0,4,0,0,0,0,0,0,0,0,0,0,0,17,31,1,0,31,0,0,0,0,0,0,0,0,66,0,1,0,0,0,0,0,0,0,1,1,0,12,125,140,0,0,1,0,0,0,0,0,0,271,0,2,0,0,1094,0,0,0,0,0,2,0,0,0,0,6,0,0,25,0,0,0,0,0,0,0,21,0,0,0,1,0,0,0,0,0,0,0,0,0,16,0,0,200,0,0,0,0,0,0,3790,0,0,219,0,0,0,0,0,0,64,0,0,0,0,199,0,2,0,0,97,0
"245",0,0,0,0,0,0,0,45,0,0,0,0,0,0,1,0,0,0,0,0,49,22,0,0,0,69,0,0,11,0,1,0,0,129,0,0,1,0,0,0,0,0,1,12,0,440,0,0,0,0,0,0,0,0,83,0,0,1,0,1,0,0,0,0,0,0,64,0,0,35,0,0,0,280,0,0,0,0,0,8,0,0,198,0,0,31,0,0,0,27,1,14,0,0,0,113,0,0,2,0,0,0,0,5,0,1,4,803,143,49,0,0,0,16,0,0,0,0,347,5,0,0,0,1,792,651,0,36,0,0,1,162,0,0,0,1,528,0,0,0,23,0,0,0,1,0,3,0,0,39,3,1,0,0,0,0,0,0,46,11,0,0,0,372,0,0,0,0,0,0,0,21,4,0,0,0,0,0,56,0,0,0,0,0,0,0,0,3,0,0,0,31,1,1,0,0,0,0,0,0,0,0,0,57,0,31,0,0,0,1,0,0,0,10,1,0,75,0,1,0,5,1,0,0,0,0,0,0,2,0,296,0,0,694,0,0,0,0,0,2,0,0,0,60,0,0,0,0,0,0,0,0,0,0,2,3,0,0,3,0,2,0,0,1,0,0,0,0,0,1088,0,32,813,0,24,0,0,0,0,146,0,0,526,0,0,0,0,0,76,12,0,0,0,0,11,0,2,0,0,80,0
"246",0,0,0,0,0,0,0,12,0,0,0,0,0,1,1,0,25,0,0,0,0,76,0,0,0,1475,0,0,0,0,377,0,0,72,0,0,0,92,0,0,0,0,0,0,0,14,0,0,0,0,0,0,0,0,0,0,0,0,0,253,0,7,0,0,0,0,357,0,0,38,15,0,0,8,0,0,0,0,0,363,0,0,0,0,1,0,0,0,0,37,206,0,0,0,0,0,0,0,49,0,0,0,0,0,0,0,0,1176,0,0,0,1,0,120,0,0,0,0,163,0,0,0,0,1,26,0,0,0,6,0,0,39,0,0,0,0,0,0,0,0,0,0,0,0,0,0,0,0,2,0,11,0,0,0,0,0,0,0,0,0,0,0,0,2215,0,0,0,0,0,0,0,0,0,0,0,0,0,128,0,0,0,0,0,7,0,0,0,0,0,0,0,22,0,0,0,0,0,0,0,0,0,0,0,0,0,0,0,0,1,0,0,0,0,2,0,0,53,0,0,3,42,0,0,0,0,2,0,0,50,0,76,0,0,514,0,0,0,0,0,0,0,0,0,0,0,0,0,0,0,0,17,0,0,0,0,0,0,0,60,0,0,0,0,0,0,0,0,0,0,1,0,4,5,0,1,0,0,0,0,1540,0,0,88,0,0,0,0,0,0,0,0,0,0,0,0,0,5,0,0,140,0
"247",0,0,0,0,0,0,0,0,0,0,0,0,0,0,1,0,0,0,0,0,0,0,1,0,0,1623,0,0,3,106,0,50,10,52,0,0,55,0,0,0,0,0,0,0,0,94,0,0,0,0,109,0,0,0,0,0,0,0,0,0,0,0,0,0,0,0,0,0,0,0,13,0,0,8,0,0,0,0,0,46,0,0,0,0,0,23,0,0,0,35,0,2,0,0,0,0,0,0,40,0,0,0,0,0,3,0,0,545,0,0,0,0,0,0,0,0,0,0,137,0,0,0,0,1,236,0,0,0,2,0,0,0,0,0,0,0,0,0,0,0,0,0,0,0,0,0,0,0,0,0,9,0,0,0,0,0,0,0,0,0,22,0,0,5095,0,0,0,0,0,0,0,0,99,0,0,0,0,8,0,0,0,0,0,1,0,0,0,0,0,0,0,91,0,0,0,0,0,0,1,0,0,0,0,0,0,0,0,0,3,0,0,0,0,0,18,0,0,16,0,0,0,0,0,0,0,0,0,0,42,0,0,0,0,334,0,0,0,0,0,0,0,0,0,0,3,0,0,0,0,0,0,0,0,0,0,2,0,0,0,27,0,0,0,0,10,0,0,0,0,30,0,0,605,0,0,0,0,0,0,0,0,3,249,0,0,1,0,0,0,0,82,0,0,0,39,0,0,0,0,14,0
"248",0,0,0,0,0,0,1,0,0,0,0,0,1,489,1,0,0,15,0,0,0,0,0,0,0,21,0,0,22,9,1013,0,0,0,0,0,40,0,0,0,0,0,0,0,0,0,0,0,0,0,0,0,0,0,0,0,0,0,0,0,0,0,0,0,0,0,0,8,0,0,0,1,0,14,0,3,0,0,0,78,0,0,23,0,0,1,0,0,0,163,0,0,0,2,0,0,0,0,0,0,0,0,0,0,0,0,42,0,0,0,0,0,0,74,0,0,0,0,27,4,0,0,0,52,275,0,0,0,0,0,0,2,98,0,0,0,14,0,0,0,0,0,0,0,0,0,0,0,0,1,22,0,0,0,1,0,0,0,0,28,0,0,0,209,0,0,1,8,0,0,0,1,0,0,0,0,0,0,0,0,0,0,0,0,0,0,0,0,0,0,0,155,1,0,32,31,0,0,0,1505,0,0,0,0,0,0,1,0,2,19,4,0,0,0,0,0,207,0,1,0,0,0,0,0,0,0,0,0,73,0,134,0,0,0,18,0,0,0,0,18,0,0,0,0,0,0,0,1,0,0,130,0,0,1,0,3,0,0,0,3,4,0,0,0,0,0,0,39,0,0,0,0,13,0,0,0,0,0,0,4320,0,0,0,0,0,1,0,1,0,198,0,0,0,0,203,0,2,0,0,118,0
"249",0,0,0,0,0,0,0,0,0,0,0,0,0,0,0,0,0,1,0,0,3,0,0,6,0,2252,0,0,6,1,0,0,0,1,0,0,5,45,0,0,0,0,1,112,0,0,0,0,0,0,0,104,0,0,0,0,0,0,0,0,0,0,0,0,0,0,0,0,0,0,0,0,0,5,0,0,0,0,0,1,0,0,0,0,43,0,2,0,0,60,0,2,0,0,0,0,0,0,15,0,0,0,0,0,0,0,4,417,0,34,0,0,0,174,0,8,0,0,151,0,0,0,64,1,275,2,95,0,0,0,1,223,0,0,0,41,7,0,0,0,25,0,0,0,1,0,25,0,0,0,3,1,0,0,0,0,0,0,0,11,0,0,0,157,0,0,0,0,0,0,0,0,4,0,24,0,0,0,41,1,0,0,0,0,3,0,0,0,0,0,3,123,1,0,0,0,0,0,0,0,0,0,0,0,0,11,0,0,0,42,0,0,0,1,1,0,12,0,33,0,0,1,0,0,0,0,0,0,2,0,74,1,0,9,0,0,0,0,0,2,0,0,0,0,0,0,0,0,0,0,0,1,11,0,1,0,3,0,1,0,0,0,0,3,0,0,0,0,0,36,0,0,1329,0,8,0,0,0,2,2669,0,0,1,0,0,0,0,0,0,11,0,0,0,0,0,0,5,0,0,0,0
"250",1,0,0,1,0,0,1,0,0,0,0,0,0,0,21,2,2,0,0,0,0,1,0,10,0,3239,0,0,24,3,65,0,0,32,0,0,0,0,1,0,0,0,0,0,0,0,0,0,0,0,0,0,0,0,0,0,0,1,0,18,0,0,0,0,16,0,0,0,0,35,0,0,0,0,0,0,0,0,0,8,0,0,310,0,0,17,0,0,3,13,0,109,8,0,0,0,0,0,0,0,0,54,0,0,0,0,0,24,0,0,0,0,0,0,0,0,0,1,15,0,0,0,0,0,50,0,0,0,0,0,0,0,0,0,0,0,68,0,0,0,25,0,0,0,0,0,2,0,0,0,1,0,0,3,0,0,0,0,0,0,0,0,0,2219,0,0,0,1,0,0,0,0,0,0,0,0,0,9,11,0,0,0,0,0,1,0,0,0,0,0,0,20,1,7,0,0,0,0,0,0,0,0,0,0,0,3,0,0,1,1,0,0,0,0,0,0,0,0,1,0,15,0,0,0,0,0,0,0,10,0,48,0,0,1094,0,0,0,1,0,15,0,0,0,0,0,0,0,1,0,0,0,1,0,0,8,1,1,0,0,0,0,0,0,3,0,0,0,0,0,11,0,0,630,0,2,0,0,3,0,1405,0,0,183,3,0,0,0,0,0,2,0,0,0,0,26,0,38,0,0,41,0
"251",0,0,0,0,0,0,1,50,0,0,1,0,0,717,0,0,0,0,0,0,409,42,0,0,0,2544,0,0,0,0,689,0,0,0,0,0,0,205,0,0,0,0,0,0,0,6,0,0,0,0,0,0,2,0,0,0,0,0,0,221,0,176,0,0,0,0,93,0,0,0,47,0,0,0,0,0,0,0,0,0,0,0,0,0,509,0,0,0,0,0,0,39,84,47,0,0,0,0,0,0,0,8,0,0,0,0,0,108,0,0,0,0,0,0,0,0,0,0,0,0,0,0,0,0,530,0,0,0,0,0,0,1173,0,0,0,0,0,0,3,0,0,0,0,0,0,0,0,0,0,0,18,27,0,0,0,0,0,0,0,0,2,0,0,0,0,0,0,0,0,0,0,0,1,0,0,0,0,759,262,1,0,0,0,2,0,0,0,0,0,0,0,108,0,0,0,40,55,0,0,0,0,0,0,0,0,0,0,0,1,0,0,0,0,0,0,0,82,0,0,0,14,0,0,0,0,0,0,0,0,0,191,0,0,322,0,0,0,0,0,0,0,0,0,0,0,0,0,0,0,0,15,0,45,0,0,0,0,0,0,0,9,0,0,0,12,0,0,6,0,105,3,47,0,2,0,0,0,0,0,0,0,0,0,0,0,0,0,0,42,0,0,0,0,0,0,0,0,0,0,124,0
"252",0,0,1,34,8,0,0,0,0,0,0,2,3,0,2,2,0,0,0,0,0,1,0,60,0,541,0,0,48,15,13,0,0,19,0,0,1,209,0,0,0,0,0,0,0,0,0,1,0,0,0,43,0,0,0,4,0,0,0,0,0,0,1,0,0,0,0,0,0,0,0,0,1,0,0,0,0,0,0,1,19,0,271,0,0,0,1,0,5,14,0,11,3,0,0,150,0,0,1,14,0,0,0,5,0,0,0,1,0,1,0,0,0,1,1,0,0,1,74,0,0,0,0,77,7,0,0,0,0,0,5,0,0,0,0,0,68,0,0,0,1,0,0,0,0,0,3,3,2,0,6,0,1,0,1,0,0,0,8,0,0,0,0,0,0,0,0,0,0,0,1,0,0,0,0,0,0,0,10,0,6,0,0,0,23,0,0,0,0,0,0,30,0,1,0,0,0,0,0,0,0,0,0,86,0,3,0,0,0,15,0,0,0,3,0,0,1,18,1,0,0,14,0,0,0,0,0,0,1,0,29,1,0,48,0,0,1,0,1,0,0,0,0,0,0,1,0,0,0,0,0,1,9,0,1,0,0,0,1,0,2,0,0,1,0,0,0,0,2,7679,0,31,128,0,0,0,0,0,1,1,0,0,42,0,0,0,0,0,42,6,0,0,0,0,1,2,1,0,0,2,0
"253",0,0,0,0,0,0,2,0,0,0,0,0,0,0,0,0,0,0,0,0,0,5,0,0,0,1288,0,0,0,6,689,0,0,28,0,0,13,230,1,0,0,0,1,11,0,106,0,0,1,0,5,0,0,0,1,0,0,0,0,0,0,0,0,0,0,0,29,0,0,0,0,0,0,14,0,0,0,0,0,0,0,0,0,0,422,3,0,0,0,107,0,0,0,0,0,0,0,0,23,0,0,47,0,48,0,0,4,2925,0,0,0,0,0,16,0,0,0,0,200,4,0,0,0,52,940,2,0,0,0,0,1,3,0,0,0,5,356,0,0,0,0,0,0,0,1,0,3,0,0,0,3,1,0,0,99,0,0,0,0,11,0,0,0,0,0,0,0,0,0,0,0,0,4,0,0,0,0,5,4,0,0,0,0,0,0,0,0,0,0,0,0,264,1,0,0,0,0,9,0,0,0,0,0,0,0,1,0,0,0,3,2,0,0,29,34,0,12,0,114,0,0,1,0,0,0,0,0,0,60,0,2,0,1,1024,0,0,0,0,0,2,0,0,0,0,0,16,0,0,0,0,0,0,0,0,0,21,0,0,0,6,0,0,0,1,0,0,0,0,0,61,0,0,96,0,0,0,0,0,0,2184,0,0,32,0,0,0,0,0,0,46,74,0,0,0,63,0,6,0,0,237,0
"254",0,0,0,6,0,0,2,0,0,0,0,0,0,34,4,0,37,0,2,0,0,44,0,141,0,1537,0,6,31,0,0,0,0,0,0,0,11,288,0,0,11,0,1,0,0,0,0,0,0,0,25,57,0,0,62,0,1,0,0,364,0,0,0,136,0,0,219,0,52,0,348,0,0,0,0,0,3,0,0,0,10,0,300,0,0,4,0,3,2,0,0,23,1,0,0,7,0,0,0,0,0,0,9,4,0,0,4,104,7,0,0,36,0,16,0,0,0,0,40,0,0,0,0,1,14,2,118,0,6,0,1,3,57,0,0,0,7,9,0,0,5,1,0,0,1,0,3,0,0,12,3,1,0,0,0,4,0,4,0,126,11,0,0,0,1,0,0,0,0,0,0,0,4,0,0,0,0,75,4,0,0,0,0,0,67,0,0,0,0,0,17,31,1,0,0,0,2,6,0,156,0,0,0,0,297,132,0,0,0,0,73,0,0,1,1,0,115,0,1,0,106,70,0,0,0,0,0,0,2,0,581,0,0,159,18,0,0,0,0,2,0,0,0,0,0,28,0,0,0,0,0,0,0,0,0,0,2,0,0,0,0,0,2,4,0,0,0,0,0,0,0,0,0,0,0,0,0,0,24,776,0,0,0,0,0,1,0,27,7,80,38,0,0,0,0,4,0,0,0,108,0
"255",0,0,0,0,0,0,0,0,0,0,0,0,0,0,10,0,0,0,0,0,0,374,0,96,0,41,0,0,6,12,182,0,0,0,0,0,13,0,0,0,0,0,1,0,0,0,0,0,5,0,0,125,0,0,0,6,0,0,0,534,0,0,0,0,0,0,0,0,0,0,39,0,0,0,0,0,0,0,0,428,0,0,0,0,0,0,0,0,0,0,0,1,0,0,0,0,0,0,0,0,0,0,0,0,0,0,4,611,0,0,0,0,0,16,0,0,0,1,40,20,0,0,0,1,14,2,0,0,0,0,1,3,0,0,0,0,7,38,0,0,0,0,0,0,1,0,3,0,0,0,3,1,0,0,0,0,0,0,0,11,0,0,0,0,0,1,0,0,0,0,0,0,4,13,0,0,2,0,4,0,0,0,0,0,0,0,0,0,0,0,0,31,1,0,0,0,0,0,0,0,0,0,0,0,0,1,0,0,3,0,0,0,0,1,1,0,12,0,1,0,80,1,0,0,0,0,0,0,316,0,2,0,0,167,0,0,0,0,0,2,0,73,0,0,7,29,0,0,0,0,0,0,0,0,0,0,0,0,0,187,0,0,0,0,1,0,0,0,0,15,0,0,300,0,0,0,0,0,0,3954,0,0,249,0,0,0,0,1,0,0,0,0,0,0,105,0,103,0,0,0,0
"256",0,0,0,12,0,0,0,37,0,0,0,0,0,0,30,0,0,0,0,0,8,2,0,0,0,0,0,0,0,32,139,586,0,124,0,0,0,254,0,0,0,0,0,0,0,0,0,5,0,0,1,0,0,0,15,0,0,0,0,10,0,0,0,0,0,0,0,0,0,0,3,0,0,0,0,0,0,0,5,1,0,0,0,0,0,0,0,0,0,28,0,134,134,39,77,0,0,1,0,0,0,912,0,0,0,0,0,0,0,0,0,0,0,0,0,0,4,9,44,8,0,0,4,2,321,0,0,0,0,198,11,0,0,0,0,0,802,0,0,0,88,0,0,0,0,4,18,0,0,0,25,0,0,56,0,0,0,0,0,0,0,8,16,0,0,0,0,0,0,0,1,0,1,0,0,67,0,10,0,0,0,0,0,1,19,0,0,0,0,0,0,74,0,0,0,0,0,0,0,0,0,0,0,0,0,56,12,15,0,11,0,12,0,1,0,0,0,0,359,0,68,0,0,0,0,0,0,14,0,0,0,0,0,0,0,0,0,29,0,0,0,0,0,0,0,0,1,0,0,0,0,0,9,0,0,38,7,0,0,6,0,0,0,3,1,0,2,0,21,14,0,15,142,0,88,2,2240,5,0,0,0,649,64,2,1396,0,0,0,0,13,0,0,0,0,46,0,7,0,5,267,0
"257",0,0,0,0,0,0,1,31,587,0,0,0,0,0,5,0,0,0,0,0,0,88,0,8,0,780,0,0,8,18,242,0,0,181,0,0,56,33,0,0,0,0,0,0,0,65,0,0,0,0,0,0,1,0,18,0,0,0,0,19,0,40,0,0,0,0,22,0,0,0,35,0,0,0,1,0,0,0,0,32,0,0,111,0,0,2,0,0,0,180,274,4,10,0,0,115,0,0,490,0,0,0,0,0,2,0,120,356,0,0,0,0,0,343,0,1,0,0,0,0,0,0,0,0,829,63,0,0,5,0,20,93,0,2,0,0,8,3,0,0,0,0,0,0,0,0,7,0,1,0,0,4,0,0,0,0,0,0,0,104,0,0,0,469,35,0,0,0,0,0,18,0,0,0,0,0,0,120,45,0,0,0,0,0,0,0,0,0,0,0,0,42,0,0,0,0,0,0,0,0,0,0,0,43,0,4,0,0,1,13,0,0,0,0,15,0,26,10,0,0,0,68,0,72,0,11,0,0,152,0,120,0,0,623,0,0,0,0,0,0,0,42,0,0,0,0,0,0,0,0,0,3,22,0,32,5,10,0,60,0,17,0,0,2,0,0,0,0,0,1,0,0,151,100,0,0,0,0,19,1598,0,0,217,0,0,0,0,0,65,0,0,0,0,0,277,0,1,0,0,80,0
"258",0,0,0,34,0,0,1,0,0,0,0,0,2,0,0,0,0,0,0,0,0,0,0,25,0,74,0,0,0,0,0,0,0,31,0,0,4,35,10,0,4,0,1,0,0,515,0,0,0,2,11,20,0,0,0,0,0,0,0,0,0,31,0,0,0,0,16,0,0,0,0,0,0,0,0,177,0,0,0,0,10,0,0,0,0,0,0,0,0,172,110,1,3,0,0,16,0,0,44,1,0,13,0,1,1,0,4,1036,0,0,0,0,0,16,0,0,0,0,40,0,0,0,0,1,14,2,0,0,0,0,1,3,0,0,0,0,7,0,0,0,0,0,0,0,1,0,3,0,0,0,3,1,3,0,0,0,0,0,0,11,0,0,0,0,1,0,0,0,0,108,0,0,1690,0,0,0,0,105,4,0,0,0,0,0,0,0,0,0,0,0,0,31,1,0,0,0,0,0,0,0,0,0,0,0,2017,1,0,0,0,2,0,0,0,1,1,0,12,0,1,0,0,1,0,0,0,0,0,0,32,0,195,0,0,1051,3,0,0,0,0,2,0,0,0,0,0,0,0,0,0,0,8,0,0,0,0,26,1,0,0,7,0,0,0,0,1,0,0,114,0,1694,0,0,57,2,0,0,0,0,18,453,0,0,738,0,0,30,0,0,0,0,0,0,0,0,134,0,3,0,0,242,0
"259",41,0,0,2,0,0,12,0,0,0,0,3,0,0,16,0,0,0,0,0,1,3,5,465,0,1904,1,0,143,40,0,0,0,36,0,0,16,355,0,0,5,0,0,10,0,2,0,0,0,0,2,116,0,0,0,4,0,0,0,0,0,1,0,0,0,0,0,0,108,0,1,0,4,1,0,0,0,0,0,1,10,0,289,8,0,0,0,0,0,29,0,47,198,0,0,0,0,0,0,0,0,2,0,4,2,2,146,3348,0,1,0,0,1,5,0,0,0,0,24,1,6,0,0,1,19,0,1,0,0,0,0,0,0,0,6,8,9,30,0,0,0,0,0,0,0,0,0,34,0,0,4,0,0,0,1,0,0,0,0,8,0,0,0,0,0,0,0,0,0,0,0,0,96,13,0,4,0,0,0,0,0,0,0,0,0,0,2,0,0,0,0,33,26,0,1,0,0,0,0,0,0,0,0,1,0,430,7,0,1,138,0,0,0,0,2,2,33,0,0,0,58,9,0,4,0,0,0,0,2,1,2,0,0,1013,0,0,0,0,0,0,0,64,15,0,0,11,0,0,0,0,0,2,0,0,11,0,0,0,0,4,0,0,1,4,15,0,22,0,0,134,0,0,48,0,0,0,0,0,0,1,0,0,14,0,0,0,0,0,0,0,58,0,0,0,64,0,3,4,0,109,0
"260",0,4,0,0,51,0,13,0,0,0,0,0,0,0,1,0,9,0,0,0,0,0,0,479,0,163,3,0,33,15,221,0,0,41,0,0,0,0,11,0,0,0,0,0,0,106,0,0,0,19,55,33,0,1,39,0,0,0,0,0,0,0,0,0,0,0,0,0,0,0,121,0,0,0,0,727,1,1,0,0,10,0,0,0,710,0,2,0,5,70,0,35,8,0,24,0,0,0,0,0,0,17,0,0,1,0,0,0,0,0,0,0,0,0,1,52,1,0,0,0,19,0,0,47,17,0,0,0,11,0,81,0,0,5,0,0,3,8,1,0,1,0,0,0,0,0,0,0,4,12,6,48,0,0,1,0,0,0,0,29,0,4,0,167,0,0,0,0,0,0,2,0,0,0,0,0,0,109,94,0,0,0,4,1,18,0,0,0,0,0,0,102,0,0,0,0,0,0,1,856,0,0,1731,0,0,6,1,8,0,24,1,31,0,0,20,0,0,0,1,0,0,0,0,0,0,45,0,0,41,0,0,0,0,565,0,0,0,0,0,1,0,0,0,0,0,0,0,0,0,0,0,0,0,0,0,2,3,0,3,11,0,0,0,3,2,0,0,0,7,199,0,63,34,0,47,0,0,7,1,2132,0,1,87,0,0,19,47,0,0,55,38,0,0,0,1,0,2,0,0,26,0
"261",0,1,0,0,0,0,13,7,0,0,0,0,0,325,3,0,0,10,2,0,10,42,0,12,0,1282,1,0,226,0,86,0,0,0,0,0,23,134,0,0,1,0,1,25,0,580,0,1,0,0,7,0,0,0,8,0,0,0,0,17,2,22,0,0,0,0,149,0,0,0,0,0,0,13,0,0,0,0,0,37,0,0,304,0,0,0,0,0,0,46,0,1114,5,0,0,7,0,0,0,0,0,0,0,0,0,0,4,806,0,0,0,0,0,100,0,0,0,0,136,0,0,0,0,1,793,2,0,0,1,0,208,3,0,3,0,0,38,0,0,0,27,0,0,0,185,0,60,0,0,7,12,1,0,4,0,0,0,0,1,179,0,0,0,0,1,0,0,0,0,0,33,0,4,0,0,0,0,19,114,0,0,0,0,0,46,0,0,0,0,0,1,31,3,2,0,0,0,0,0,0,0,0,1,1316,0,5,0,0,0,14,0,0,0,1,1,0,121,5,1,19,0,33,17,55,0,0,9,0,41,0,155,0,0,2450,0,0,1,0,0,2,0,0,0,0,0,0,0,60,0,0,0,14,27,0,14,13,0,0,6,13,3,0,0,10,0,0,0,0,0,22,11,73,313,0,0,0,1,0,13,188,0,0,310,0,0,0,0,0,32,198,0,0,0,0,13,1,1,0,0,75,0
"262",0,0,4,0,0,0,0,0,0,0,4,0,0,0,0,0,0,0,2,0,0,0,0,0,1,294,0,0,0,117,138,0,0,0,0,0,16,0,0,0,0,0,0,0,0,0,0,2,0,0,1,0,2,4,0,1,0,0,0,0,0,0,0,0,0,0,0,0,0,0,0,0,0,0,0,0,0,0,0,29,0,2,110,0,0,2,0,0,0,0,0,0,0,0,0,0,0,0,0,0,0,0,0,0,0,0,0,3795,0,0,0,0,0,0,0,0,0,0,0,1,0,0,0,8,0,0,0,0,0,0,0,0,0,0,0,0,0,0,0,0,0,0,0,0,0,0,0,0,1,0,0,0,1,30,0,0,0,24,0,0,0,0,0,0,0,0,0,0,0,0,0,0,1,0,0,0,0,0,0,1,2,0,0,0,6,0,0,0,0,0,0,0,0,0,0,0,0,0,0,0,0,0,0,23,0,31,4,0,0,0,0,0,3,0,0,0,0,21,0,0,27,24,0,1,0,0,0,0,65,0,0,0,0,0,0,0,1,0,0,13,0,0,94,0,54,0,0,0,0,0,0,0,0,0,13,7,17,0,0,0,5,0,0,0,2,0,0,0,0,1,6,0,296,1,0,0,0,0,0,4694,1,0,0,0,0,0,1,0,0,0,0,0,0,1,0,0,0,0,0,0,0
"263",0,0,0,0,0,0,5,0,0,0,0,0,0,0,24,38,0,0,0,0,120,72,0,0,0,1723,0,0,122,0,0,0,0,108,0,0,0,205,0,0,0,0,1,63,0,128,0,0,0,0,7,0,0,0,0,0,0,0,0,14,0,0,0,0,0,0,8,0,0,0,0,0,0,0,0,0,0,0,0,73,0,1,225,0,0,0,0,0,0,38,157,4,4,0,0,0,0,1,42,0,0,0,0,0,0,0,4,3511,0,77,0,0,0,133,0,0,0,0,40,0,0,0,0,1,366,2,0,0,0,0,1,3,0,0,0,0,7,0,0,1,0,0,0,0,1,0,3,0,0,0,3,1,0,0,0,0,0,0,0,11,0,0,0,0,0,0,0,0,0,0,0,1,1967,0,0,0,0,15,591,0,0,0,0,0,0,0,0,0,0,0,0,31,1,5,0,0,0,0,0,0,0,0,0,47,0,1,0,0,0,4,0,0,0,1,51,0,12,0,1,0,186,1,0,0,0,0,0,0,2,0,247,0,0,127,0,0,0,0,0,2,0,0,0,0,0,0,0,0,0,0,355,0,19,0,0,0,0,0,0,208,0,0,0,3,0,0,0,0,0,2,55,0,75,0,0,0,0,3,0,226,0,0,304,0,0,0,0,0,0,16,0,0,0,0,70,0,0,0,0,286,0
"264",23,0,0,1,0,0,0,0,1395,0,1,0,0,0,2,0,1,0,1,0,0,0,0,0,0,1368,0,0,3,11,0,0,0,0,3,0,0,0,0,0,0,0,0,0,0,0,0,0,0,0,3,0,0,1,31,0,0,1,0,0,2,0,0,0,0,0,128,5,0,0,0,0,0,0,38,0,0,0,0,0,0,0,12,0,0,1051,0,1,0,0,0,48,3,0,0,4,0,0,0,0,0,0,0,0,13,0,1,27,0,0,0,0,0,86,0,3,0,0,61,1,0,0,0,10,269,9,0,0,0,0,39,0,257,1,0,0,2,0,2,0,7,0,0,0,0,0,0,10,0,0,0,0,0,0,4,0,0,1,0,0,0,0,0,0,0,0,12,0,1,0,0,0,0,1,0,0,0,383,0,0,2,0,0,0,0,1,0,0,0,0,1,0,1,0,0,0,0,0,0,0,0,34,0,1,0,11,0,0,4,1,0,0,0,0,25,0,0,21,357,0,77,15,0,122,0,0,0,0,49,0,0,0,0,1056,0,0,0,0,0,2,0,0,56,0,0,47,0,1,0,0,0,0,0,0,8,66,0,0,0,0,1,0,0,2,0,0,0,0,12,3,6,0,279,0,0,0,0,0,4,1238,0,0,766,0,0,0,0,1,0,69,0,0,0,0,0,0,0,33,0,294,0
"265",0,6,0,34,0,0,13,0,0,0,0,0,4,158,11,0,0,0,1,0,32,48,0,85,0,468,0,0,5,0,56,0,4,90,0,0,0,15,0,0,5,0,0,0,0,166,0,0,0,0,3,56,0,0,0,3,0,0,0,1,0,18,6,1,0,0,0,0,0,0,1,0,0,0,0,0,0,0,0,120,14,0,280,0,14,0,0,29,0,64,0,1,0,0,0,0,0,0,0,0,0,18,11,8,0,0,0,296,0,0,4,0,0,1,0,0,1,0,75,0,0,0,0,1,0,0,1487,0,1,0,55,429,0,0,0,0,24,46,0,0,618,0,0,0,0,0,14,0,6,5,6,0,0,6,0,0,0,0,0,117,0,0,0,72,0,0,0,0,0,0,13,0,0,0,0,0,1,75,63,1,0,0,0,12,12,0,0,0,0,0,0,12,1,6,0,0,0,0,0,215,0,0,0,1,0,111,11,0,1,1,0,0,0,0,2,0,34,1,0,3,11,6,0,0,0,0,0,0,2,0,85,0,0,313,0,0,1,0,0,22,0,0,0,0,0,7,0,0,0,0,0,4,0,0,3,5,252,0,1,0,0,0,13,10,1,1,0,0,0,902,0,4,62,3,1,0,0,0,10,2389,0,0,88,0,0,0,0,1,31,0,0,0,0,0,0,0,43,0,0,44,0
"266",0,0,0,43,0,0,0,0,0,0,0,0,4,0,1,0,0,0,0,0,0,0,0,123,0,2,0,1,25,0,297,248,0,0,0,0,0,120,13,0,31,0,1,0,1,14,0,0,0,0,0,35,0,0,0,0,0,0,0,15,0,0,0,0,0,0,106,0,0,0,0,0,0,0,0,88,0,0,0,12,0,0,0,2,0,20,0,0,2,0,870,20,0,0,0,0,15,0,0,0,0,0,0,0,0,0,4,104,0,0,0,0,0,16,0,0,0,0,40,0,49,6,0,77,14,2,0,0,0,0,1,3,0,12,0,0,7,0,0,0,5,0,0,0,1,0,3,0,0,0,3,1,0,0,0,0,0,0,0,11,0,0,0,2262,0,1,0,0,0,4,7,2,4,0,0,0,0,242,313,0,0,0,0,0,0,0,0,0,0,19,0,31,1,0,0,0,11,0,0,0,0,0,0,0,0,70,0,0,5,1,0,0,0,1,1,0,181,0,1,0,0,1,0,0,0,0,0,0,81,0,2,0,0,771,0,0,0,0,0,2,0,0,0,0,0,1,0,0,0,0,226,0,0,0,0,430,3,0,0,0,0,0,0,13,0,0,0,0,0,84,0,0,139,0,0,0,0,0,0,1338,0,0,0,0,0,0,0,0,46,0,0,0,0,0,0,0,0,0,0,88,0
"267",20,5,0,0,0,0,7,2,0,0,3,0,0,0,0,0,30,0,1,0,0,3,0,0,0,0,0,0,0,7,84,0,4,53,0,0,0,131,0,0,1,2,0,30,0,215,0,2,0,0,1,0,0,0,4,0,0,3,0,1,0,0,2,0,0,0,82,0,9,0,2,0,1,2,1827,0,0,0,0,0,0,5,27,0,0,81,0,22,0,40,0,53,0,0,0,0,0,1,40,0,0,0,0,4,3,1,231,0,0,0,0,95,0,0,0,0,0,10,0,3,0,0,0,2,0,0,0,0,0,0,8,0,0,0,0,1,580,0,0,0,8,0,0,0,0,0,3,2,0,0,0,1,0,0,0,0,0,0,0,40,39,0,5,0,0,0,5,0,1,11,0,0,0,0,0,0,2,2,0,4,0,10,0,0,0,0,0,0,0,0,0,0,3,1,31,0,0,2,0,0,13,6,0,0,0,209,1,0,0,48,0,0,0,0,0,1,0,3,0,0,4,0,1,0,0,0,602,0,0,2,0,1,0,2981,0,0,0,0,0,68,0,0,0,0,0,0,0,0,3,41,0,0,3,0,0,0,0,2,0,14,0,0,0,3,0,0,13,0,110,33,4,0,0,0,15,0,0,7,42,1588,0,0,38,0,0,0,0,0,4,4,0,0,1,0,52,32,0,0,0,28,115
"268",0,0,0,7,0,0,1,0,0,0,0,0,0,621,52,0,0,0,0,0,0,35,0,43,0,8,0,0,24,0,183,0,0,298,0,0,15,0,0,0,4,0,0,0,0,1200,0,0,0,0,0,17,0,0,0,0,0,1,0,67,0,49,0,0,0,0,90,0,0,86,0,0,0,9,0,0,0,0,0,59,0,0,0,0,65,0,0,0,0,0,6,14,5,0,0,0,0,0,34,0,0,5,0,0,0,0,0,1783,5,0,0,0,0,0,0,0,0,0,311,5,15,0,0,1,364,0,0,0,0,0,0,167,0,0,0,0,0,8,0,0,322,0,0,0,0,0,0,0,0,0,0,0,0,0,0,0,0,0,14,97,0,0,0,0,0,0,0,0,0,0,0,0,0,0,0,0,0,0,137,0,0,0,0,0,0,0,1,0,0,0,1,182,1,0,0,0,0,0,0,0,0,0,0,0,396,0,0,0,0,0,0,0,0,0,0,0,87,0,150,0,0,0,0,0,0,47,0,0,0,0,116,0,0,1,0,0,0,0,0,156,0,0,0,0,3,0,0,1,0,0,0,0,0,0,0,0,15,0,0,0,0,0,0,0,15,0,0,0,0,88,0,0,292,0,0,0,0,0,2,1241,0,0,848,0,0,0,0,0,37,0,0,0,0,0,74,0,3,0,0,18,0
"269",0,4,0,0,0,0,5,0,0,0,0,0,0,0,5,0,0,0,0,0,0,36,0,0,0,403,0,0,0,0,0,0,0,0,0,0,0,92,0,0,0,0,0,0,0,600,0,0,0,0,0,0,0,0,75,0,0,0,0,469,0,0,0,0,0,0,0,0,0,0,44,0,1,0,0,0,0,0,0,145,0,0,0,0,174,0,10,0,0,0,0,0,0,0,0,0,0,0,0,0,0,117,0,0,0,0,0,2266,0,0,0,0,0,13,0,0,0,0,20,0,10,0,0,0,0,4,0,0,2,0,11,0,0,0,0,0,0,8,0,0,0,0,0,0,0,0,9,0,0,0,31,32,0,0,0,0,0,0,0,30,0,0,0,0,0,0,0,0,0,0,0,0,0,0,24,0,0,0,0,5,0,0,0,3,0,0,0,0,0,0,0,0,0,0,55,0,0,0,0,0,0,6,0,0,0,0,0,0,0,0,0,0,0,0,3,0,0,0,0,0,136,0,0,0,0,45,0,0,85,0,0,0,0,609,0,0,0,5,0,8,0,0,0,0,0,1,0,0,0,0,0,0,0,0,79,0,0,0,0,4,0,0,0,3,0,0,0,0,16,353,0,0,114,0,0,0,0,0,0,3789,0,0,32,0,0,0,0,0,0,8,0,0,0,0,0,0,0,0,0,0,0
"270",0,0,1,1,0,0,0,99,0,0,0,0,0,0,3,0,0,0,0,0,0,176,0,0,1,1097,1,0,0,0,0,0,0,0,0,0,43,138,0,0,1,0,0,0,0,0,0,0,0,0,0,0,0,0,0,0,0,0,0,0,0,29,0,1,14,3,40,0,0,15,39,0,1,101,0,0,1,0,0,510,0,0,0,0,220,0,0,0,0,703,1,0,0,0,0,0,0,0,32,0,0,0,0,0,0,1,128,246,9,8,0,0,0,851,0,0,0,5,239,0,0,28,0,0,0,38,0,0,0,52,0,190,0,0,0,0,0,2,0,0,3,0,0,0,0,0,3,0,0,1,8,0,0,11,1,0,0,0,7,105,0,0,0,171,0,0,0,0,1,1,18,1,1,0,0,0,0,68,18,0,0,0,0,0,0,0,0,0,0,0,0,0,1,0,0,0,0,0,0,0,0,0,0,1,0,21,0,0,0,0,0,0,12,0,37,0,0,72,0,2,41,17,19,0,0,61,329,0,56,20,249,0,0,398,0,0,7,0,0,0,0,0,0,0,2,1,0,1,2,0,105,47,0,0,13,0,4,0,7,0,4,0,0,3,0,0,0,0,5,2,0,0,204,0,0,0,0,1,9,2280,0,0,311,0,0,0,0,73,32,0,0,0,0,0,2,0,7,0,0,0,62
"271",0,0,0,0,0,0,0,4,136,0,0,0,0,0,64,0,0,0,0,0,24,2,0,0,0,1555,1,0,70,26,312,26,0,41,0,0,11,38,0,0,0,0,1,0,0,15,0,1,0,0,2,0,0,0,0,1,0,0,0,72,2,51,0,0,0,4,69,0,0,0,0,0,1,7,0,0,0,0,0,211,0,0,4,0,10,0,0,0,0,38,0,0,0,0,0,0,0,0,6,0,0,0,0,0,0,1,98,931,0,0,0,0,0,16,0,0,0,0,174,0,0,0,0,1,65,2,0,0,0,0,1,208,0,0,0,0,7,0,0,0,31,0,0,0,1,0,3,3,0,0,15,1,0,0,0,0,0,0,0,11,0,0,0,1449,0,0,0,0,0,0,0,1,4,0,0,0,0,0,4,1,0,0,0,0,0,0,0,0,0,0,1,107,1,0,0,0,0,0,0,0,2,0,0,0,0,42,0,0,3,18,0,0,0,1,22,2,12,6,421,0,0,34,0,0,0,0,0,0,26,50,25,1,0,482,0,0,2,0,1,2,0,0,0,0,0,0,0,0,0,0,3,2,10,0,4,0,3,0,1,0,2,0,0,3,58,0,0,0,0,2040,0,5,54,0,0,0,0,3,68,918,1,0,0,0,0,0,0,0,42,1,0,0,0,0,84,0,0,0,0,37,0
"272",0,8,0,10,0,0,0,23,0,0,0,5,0,239,176,0,0,15,0,0,0,53,0,0,0,0,0,0,0,0,0,0,12,0,2,0,43,0,0,0,0,0,1,10,0,1,0,1,0,0,15,223,0,0,0,3,0,0,0,34,0,111,0,13,0,0,32,0,0,0,4,0,3,0,0,0,0,0,0,38,51,1,22,0,0,1,0,0,0,42,0,211,0,0,0,0,0,0,0,1,0,3,3,0,6,0,4,104,1,0,0,0,0,16,0,0,0,0,40,0,59,0,0,1,83,2,0,0,2,125,1,3,0,2,0,0,7,14,0,0,0,0,2,0,1,0,3,53,4,105,3,1,1,51,0,0,0,0,24,11,0,0,0,0,0,0,0,0,3,0,22,44,4,0,0,0,3,33,188,1,10,0,0,0,3,0,0,0,76,0,0,31,1,0,0,0,5,6,0,0,0,0,0,12,0,47,34,0,0,0,0,0,4,1,1,1,12,22,1,0,1,38,109,6,0,0,0,0,29,0,75,0,0,30,10,3,7,0,0,56,0,0,0,0,0,0,0,0,1,0,0,8,0,0,30,8,0,2,0,0,2,0,0,0,1,0,1,0,137,26,11,0,970,0,0,0,0,0,0,1974,0,0,95,0,0,1,42,0,9,0,0,0,0,0,27,0,8,186,0,18,0
"273",0,0,0,0,0,0,1,69,0,0,0,0,0,0,18,0,0,0,0,0,55,48,0,0,0,2719,0,0,8,0,0,0,0,40,0,0,7,102,0,0,0,0,1,0,0,26,0,0,0,2,2,0,0,0,0,0,0,0,0,0,0,0,0,0,0,0,423,0,0,35,74,0,1,0,0,0,0,0,5,39,0,0,0,0,459,186,0,0,0,29,0,0,9,0,0,0,0,0,15,14,0,62,0,0,3,0,4,1353,0,0,0,0,0,152,0,0,0,0,279,0,0,0,0,1,323,58,0,0,0,0,31,101,0,1,0,0,7,3,0,0,0,0,0,0,1,0,3,0,0,0,24,1,174,3,0,0,0,0,0,11,0,0,0,0,0,0,0,0,0,0,0,1,4,0,0,0,0,383,4,0,0,0,0,0,4,0,0,0,0,9,0,31,1,0,0,0,0,0,2,0,0,0,0,0,0,140,0,0,0,0,0,0,0,1,32,0,12,0,104,0,30,1,0,0,0,32,0,0,2,0,2,0,0,665,0,0,0,0,0,2,0,0,0,0,0,27,0,3,0,0,0,1,0,0,8,0,25,0,0,7,1,0,0,1,0,0,0,0,3,34,0,4,158,0,0,0,0,0,0,2621,0,0,197,0,0,0,0,0,0,0,0,0,0,0,0,0,3,0,0,312,0
"274",0,0,1,0,0,0,2,0,0,0,0,0,0,0,25,0,0,0,1,0,6,7,0,3,0,0,0,0,11,0,7,0,0,0,0,0,0,1,0,0,0,0,0,1,0,1,0,0,0,0,0,0,0,0,1,0,0,0,0,61,0,0,0,1,0,0,26,0,0,95,10,1,0,0,0,0,0,0,0,9,0,0,2,0,1,5,0,2,0,0,0,1,86,0,0,0,0,0,1,0,0,34,0,0,1,0,0,3512,0,0,0,0,0,0,3,0,0,9,165,1,0,0,0,1,1,0,0,0,0,0,0,28,0,0,0,0,0,0,0,0,65,0,0,0,0,0,2,0,0,0,1,0,0,0,0,0,0,0,0,7,0,6,0,0,0,0,0,0,0,0,0,0,0,0,0,0,0,1,2,1,0,0,0,0,1,0,0,0,0,0,0,1,0,0,0,0,0,0,0,4,9,0,0,40,0,8,0,0,1,0,0,0,0,0,0,1,72,0,1,0,0,1,0,0,0,0,6,0,6,0,1,1,0,841,0,0,0,0,0,4,0,4,0,0,9,0,0,0,0,0,0,2,0,0,5,0,0,0,1,0,0,0,0,3,4,0,0,0,1,4257,0,1,59,0,0,0,0,5,2,358,0,0,1,0,0,0,0,0,16,0,0,0,2,0,38,0,9,0,0,23,0
"275",0,1,0,3,0,0,1,0,0,0,0,0,1,0,1,0,0,0,0,0,0,13,1,24,0,1839,0,0,2,0,76,0,27,0,0,0,0,0,0,0,4,0,0,44,0,0,0,0,0,0,0,23,0,0,3,6,0,0,0,0,0,122,0,2,0,0,1506,0,0,62,0,0,0,3,0,0,0,0,0,0,0,0,0,0,10,1,97,0,0,0,0,0,0,28,0,0,37,0,18,0,0,6,1,33,0,0,122,431,0,0,0,0,0,133,0,0,0,0,73,0,25,0,0,0,0,0,0,0,0,0,6,103,0,0,0,6,0,11,0,0,0,0,0,0,0,0,14,4,0,0,4,0,0,0,1,0,0,0,4,62,0,0,0,845,0,0,0,0,0,0,0,0,29,0,0,0,0,133,537,1,0,0,0,0,0,0,0,0,0,0,0,11,0,0,0,0,0,0,0,0,0,0,0,1316,0,3,1,0,0,0,73,0,0,0,0,0,0,125,0,12,0,34,0,0,0,0,16,0,59,0,163,0,0,457,0,2,0,0,0,1,0,0,0,0,2,0,0,0,0,0,0,0,0,0,0,1,1,0,0,0,0,0,0,3,0,3,0,0,0,775,0,0,42,0,0,0,0,0,0,188,0,0,159,0,0,0,0,0,0,13,0,0,0,0,5,0,1,0,0,0,0
"276",0,0,0,0,0,0,0,118,0,0,0,0,0,359,1,0,24,0,0,0,66,17,0,5,0,16,2,10,20,7,423,0,0,72,0,0,0,585,0,0,0,0,145,84,0,57,0,2,0,0,0,0,0,0,0,1,0,0,0,386,2,4,0,0,0,0,117,0,0,470,0,2,0,20,0,0,0,1,0,0,0,0,2,0,67,1,194,0,0,32,0,0,0,0,0,0,1,0,107,0,0,0,0,0,3,0,373,4683,0,0,0,0,1,343,0,0,0,0,340,0,15,0,0,1,91,147,0,0,2,0,67,143,0,0,0,0,7,0,0,0,21,0,0,0,1,0,56,0,0,0,17,1,0,11,0,0,0,0,0,117,0,0,0,0,0,0,0,0,0,0,16,0,4,0,0,0,0,2,207,0,0,0,0,0,14,0,0,0,0,0,0,31,1,1,0,0,0,0,2,18,0,0,0,168,0,49,0,0,4,0,0,0,0,1,17,9,12,127,277,0,0,51,0,0,0,0,0,0,74,0,44,0,0,287,0,0,0,0,0,2,0,0,15,0,8,0,0,0,0,0,0,3,7,0,9,3,2,0,4,0,11,0,0,58,0,0,0,0,14,2,0,0,48,0,0,0,0,2,0,1893,0,0,9,0,0,0,0,0,5,14,0,0,0,0,10,0,2,0,0,15,0
"277",0,0,0,0,0,0,1,0,0,0,0,0,3,0,0,0,0,0,0,0,0,0,0,170,0,2345,0,0,4,0,0,0,0,40,0,0,0,0,0,0,0,0,1,0,0,0,0,0,0,0,0,183,0,0,0,0,0,0,0,1,0,0,0,112,0,0,49,0,0,0,0,0,4,0,0,0,0,0,0,0,0,0,0,0,0,0,0,21,0,0,1,1,0,0,0,0,0,0,0,0,0,247,12,0,0,0,4,5340,0,0,0,0,83,16,0,0,0,1,40,7,26,0,0,1,14,2,0,0,0,0,1,3,0,0,0,1,7,26,0,0,0,0,0,0,1,0,3,0,3,0,3,1,12,0,0,0,0,0,0,11,0,0,0,0,0,0,0,0,0,0,0,0,4,0,0,0,0,0,99,0,0,0,0,0,0,0,0,0,0,0,0,31,1,1,0,0,47,0,0,0,0,0,0,74,0,89,0,0,0,1,0,0,0,1,1,0,119,0,1,0,0,1,0,0,0,47,0,0,162,0,2,0,0,507,0,0,0,0,0,2,0,0,0,0,0,0,0,0,0,0,0,0,0,0,4,42,0,0,0,0,0,0,0,0,0,0,0,0,0,45,0,0,57,0,4,0,0,0,0,1145,0,0,0,0,0,0,0,0,0,0,0,0,0,0,5,0,69,0,0,16,0
"278",0,0,0,3,0,0,7,0,0,0,0,0,0,0,16,0,0,0,0,0,0,0,0,33,0,1754,0,0,4,0,0,0,0,0,0,0,1,0,0,0,4,0,1,0,0,0,0,0,0,0,0,57,0,0,0,0,1,0,0,0,0,0,0,2,0,0,0,0,3,0,0,0,0,0,0,100,0,0,0,2,6,0,0,0,0,2,0,0,0,0,17,0,413,0,0,0,0,0,0,0,0,2,0,0,0,0,4,104,0,0,0,0,0,16,0,0,0,0,40,0,0,0,0,1,14,2,0,0,0,0,1,3,0,17,0,0,7,8,0,0,0,0,0,0,1,0,3,0,0,0,3,1,0,0,0,0,0,0,0,11,0,0,0,0,0,0,0,0,0,0,0,0,4,0,0,0,0,0,4,0,0,0,0,0,0,0,0,0,0,0,0,31,1,1,0,0,0,0,0,0,0,0,0,0,0,1,0,0,0,0,0,0,0,1,1,0,12,0,1,0,0,1,0,0,0,0,0,0,2,0,2,0,0,258,0,0,0,0,0,2,0,0,0,0,0,0,0,0,0,0,0,0,0,0,0,0,0,0,0,0,0,0,0,0,1,0,0,0,0,4256,0,0,0,0,0,0,0,0,0,0,0,0,1,0,0,0,0,0,0,0,0,0,0,0,0,0,1,0,0,0,0
"279",0,0,0,66,0,0,53,0,0,0,0,0,8,0,641,0,0,0,0,0,0,0,0,0,0,1571,0,0,0,0,0,0,12,0,0,0,0,0,0,0,0,0,1,0,0,5,0,0,0,0,10,207,0,0,0,36,0,0,0,0,0,0,0,0,0,0,0,0,9,0,0,0,0,0,0,0,0,0,0,5,111,0,0,0,0,4,0,2,0,0,0,0,0,0,0,0,26,0,0,0,0,24,0,91,2,0,4,104,0,0,0,0,0,16,0,0,0,0,40,0,1,0,0,1,14,2,0,0,0,0,1,3,0,0,0,69,7,0,0,0,21,0,0,0,1,0,3,0,0,0,3,1,0,0,0,0,0,0,0,11,0,0,0,0,0,1,0,0,0,3,0,0,4,24,0,0,0,0,4,0,0,0,0,0,0,0,0,0,0,0,0,31,1,0,0,0,0,0,0,0,0,0,0,0,0,37,0,0,0,0,0,0,0,1,1,0,12,0,1,0,0,1,0,0,0,0,0,0,2,0,2,2,0,1565,0,0,0,0,0,43,0,0,0,0,0,0,0,0,0,0,0,0,0,0,17,48,4,0,0,0,0,0,0,11,1,0,0,0,0,206,0,15,216,0,0,0,0,0,0,0,0,0,0,0,0,26,0,0,0,0,0,0,0,0,0,0,9,0,0,18,0
"280",0,0,0,0,0,0,17,7,0,0,5,0,1,0,835,0,0,0,0,10,28,32,0,0,0,1435,0,0,456,33,460,0,0,108,0,0,6,95,0,0,0,0,1,4,0,31,333,0,0,0,0,0,1,0,7,1,0,0,0,0,3,0,0,0,0,0,21,0,0,0,0,0,0,0,0,0,0,0,0,8,9,0,118,0,43,0,0,1,0,39,0,47,181,0,0,188,0,0,19,0,0,0,0,0,0,0,233,805,0,0,0,94,0,229,0,0,0,0,236,0,0,0,0,1,377,2,0,0,0,0,43,252,0,0,0,2,7,0,5,0,48,0,0,0,1,0,3,0,0,0,3,117,0,0,0,0,3,0,0,11,0,0,0,0,0,0,0,0,0,0,0,0,4,0,0,0,0,27,108,0,0,0,0,0,15,0,0,0,0,0,0,116,1,0,38,0,0,0,0,0,0,0,0,0,0,35,0,0,0,224,0,0,0,25,13,0,12,9,246,0,33,1,0,0,0,0,36,0,45,0,88,1,0,494,0,0,0,0,0,2,0,0,0,0,0,0,0,0,0,0,2,0,24,0,8,5,0,0,7,1,0,0,0,0,0,0,0,0,0,0,1,26,521,0,0,0,0,0,12,463,1,0,462,0,0,0,0,13,0,4,0,4,0,0,58,0,9,0,0,60,0
"281",0,0,0,1,0,0,0,1,0,0,0,1,0,0,11,0,9,18,0,41,1,4,5,120,0,2456,0,0,38,2,0,0,0,140,0,0,0,451,0,0,0,0,1,0,0,209,0,2,0,0,4,0,1,0,0,11,0,0,0,67,16,1,0,0,0,1,142,0,49,38,0,1,0,0,36,0,0,0,0,13,0,0,59,0,1,0,0,0,0,7,0,96,25,24,0,2,0,0,29,0,0,0,0,0,0,0,4,1104,0,18,0,1,0,16,0,0,0,0,40,1,12,0,0,1,14,2,0,0,12,0,11,28,0,0,0,0,7,8,0,0,0,0,0,0,1,0,3,6,3,7,12,1,0,0,0,0,0,0,0,11,0,0,0,2,0,0,0,0,0,0,3,0,920,0,0,0,0,0,216,0,0,0,0,0,1,0,0,0,0,0,0,202,1,0,0,0,0,1,0,316,0,0,0,1,1643,178,0,0,4,1,0,0,0,1,22,0,104,3,1,0,0,18,0,0,0,0,0,0,73,0,17,0,0,278,0,0,1,0,0,2,0,0,0,0,0,0,0,0,0,0,1,0,5,0,1,163,0,0,4,15,0,45,0,10,0,0,0,0,12,1775,10,0,0,0,0,0,0,0,1,0,0,0,336,0,0,0,0,1,0,8,0,0,0,0,0,0,2,0,0,0,0
"282",0,0,0,0,0,0,0,61,0,0,0,8,0,0,24,0,0,3,0,0,0,11,0,99,0,1490,0,0,11,127,399,177,0,3,0,0,51,30,10,0,5,0,1,0,0,655,0,0,0,0,28,47,0,0,18,7,0,0,4,222,0,75,0,0,0,0,221,0,0,57,53,0,0,34,0,0,0,0,0,118,34,0,153,0,0,2,2,0,0,32,0,3,1,0,52,0,0,0,9,0,0,0,0,0,1,0,4,503,9,0,0,0,0,16,0,0,0,0,40,20,0,14,0,1,105,2,0,0,3,0,1,3,15,0,0,0,7,0,0,0,0,0,0,0,1,0,3,0,4,3,3,1,2,0,0,0,0,0,169,11,0,0,0,0,0,0,0,9,0,39,0,0,4,0,0,0,0,760,127,0,0,0,0,0,0,0,0,0,0,0,0,429,1,0,39,0,0,0,0,0,0,0,0,370,0,53,0,0,0,2,0,0,0,20,23,1,108,0,1,0,0,1,0,0,0,16,0,0,146,0,80,1,0,82,0,0,0,0,0,2,0,0,0,0,0,0,0,0,0,0,0,3,0,0,0,11,5,0,1,10,1,0,0,2,0,0,1,0,0,13,0,16,0,0,0,0,0,0,1,2070,1,0,0,0,0,0,0,0,23,96,0,0,0,0,8,7,1,41,0,47,0
"283",0,8,0,0,13,0,0,36,0,0,0,5,2,0,13,0,0,0,0,0,14,0,0,40,0,222,0,0,31,4,57,0,0,0,0,0,1,115,14,7,0,0,0,5,0,55,0,0,0,3,27,147,0,5,56,5,0,0,0,0,37,0,3,0,0,0,88,0,0,0,0,0,0,0,0,0,0,0,0,24,0,0,275,0,0,8,0,0,0,33,0,40,3,0,0,1,0,0,28,0,0,0,0,0,2,0,0,57,0,0,0,0,0,820,0,0,0,0,103,0,0,0,0,119,64,0,0,0,0,0,11,12,0,0,6,0,2,54,0,0,7,0,0,0,0,0,0,0,3,1,0,1,0,0,2,0,0,0,0,0,0,0,0,2262,0,0,0,0,0,0,0,0,52,0,0,0,0,89,0,0,0,0,0,0,0,0,0,143,0,0,0,216,0,0,0,1,0,0,0,0,0,0,0,0,0,53,0,0,3,4,0,0,0,4,28,0,88,0,2,0,0,23,0,0,0,0,0,0,15,0,16,1,0,840,0,0,0,0,0,0,0,0,0,0,0,0,0,0,0,0,6,0,0,1,36,98,0,0,1,0,0,0,0,45,0,0,0,0,0,15,99,0,399,1,0,0,0,0,0,2677,0,8,0,0,0,0,0,0,0,0,0,0,0,0,27,0,9,0,0,53,0
"284",0,0,0,0,0,0,10,0,0,0,0,0,0,71,0,0,0,0,0,0,0,0,6,0,0,0,0,0,4,21,0,0,0,55,0,0,0,0,0,0,0,0,0,0,0,0,0,0,0,0,0,0,0,0,0,0,0,1,0,0,0,0,0,0,0,0,0,0,0,57,0,0,0,0,0,0,0,0,0,0,0,0,0,0,0,9,0,1,0,0,0,0,0,0,0,0,0,0,0,0,10,10,0,2,0,0,9,4999,0,0,0,0,0,0,0,0,0,7,238,2,0,0,0,0,0,0,0,0,0,0,0,0,0,0,0,0,0,0,0,0,0,0,0,0,0,119,0,0,0,0,0,0,0,0,0,0,0,3,0,0,0,0,0,692,0,0,0,0,0,0,0,0,2,0,0,0,0,0,0,0,0,0,0,0,0,0,0,0,0,1,0,150,0,0,0,0,0,0,0,0,0,0,0,0,2153,0,0,0,0,0,11,0,0,0,0,0,0,0,0,6,94,0,0,0,0,0,0,0,0,0,0,1,0,111,0,0,0,0,1,89,0,0,0,0,0,0,0,0,0,0,0,0,0,0,0,0,0,0,0,0,0,0,0,0,34,0,0,0,300,104,0,15,423,0,0,0,0,0,0,0,0,0,2,0,0,0,1,179,0,0,0,0,0,0,0,0,0,0,0,0,0
"285",0,0,0,0,0,0,2,30,0,0,0,0,1,0,45,0,0,0,0,38,137,0,0,32,0,704,0,0,100,0,0,0,0,31,0,0,18,29,0,1,0,0,0,23,0,153,0,0,0,0,3,0,0,0,0,0,0,0,0,0,0,0,0,3,0,21,0,0,0,0,11,0,0,0,0,0,0,0,0,0,0,0,36,0,65,4,159,0,0,44,0,52,148,0,0,0,0,0,10,1,0,55,0,0,1,0,36,2918,0,0,0,0,0,12,0,1,0,0,61,0,0,0,0,2,20,0,0,0,3,0,4,24,0,0,0,0,9,1,5,0,6,2,0,0,0,0,0,0,0,1,8,3,0,8,1,0,0,545,0,4,0,0,0,14,1,0,0,0,0,289,0,0,0,0,0,0,0,18,0,0,0,0,0,0,8,0,0,0,0,0,0,0,0,0,0,0,0,1,0,1,0,34,0,0,0,25,8,0,1,28,0,0,0,0,0,0,0,114,54,0,114,49,0,0,0,9,0,0,20,0,227,0,1,953,13,0,0,0,1,0,0,0,0,55,0,0,0,2,0,0,53,3,7,1,5,8,0,0,2,43,1,0,0,0,1,0,0,0,0,0,66,45,462,0,80,0,0,5,3,1383,0,0,84,0,0,10,0,15,0,0,0,0,0,0,0,0,2,0,0,19,33
"286",0,51,0,0,0,1,1,17,0,0,0,0,2,101,5,0,0,8,0,0,29,26,0,237,0,1257,0,0,22,0,20,12,0,37,0,0,0,1,0,0,10,0,0,0,0,5,0,0,0,0,2,45,0,0,75,12,0,1,0,6,5,0,0,0,0,0,36,0,0,3,43,0,0,0,0,0,0,0,0,2,50,0,0,0,54,2,0,0,0,25,0,1,53,0,0,46,3,0,85,0,0,3,0,67,0,0,0,200,0,0,0,55,0,35,0,0,0,0,3,1,27,0,0,0,45,0,0,0,3,0,4,83,0,0,0,45,185,0,1,0,8,2,0,0,0,0,2,0,6,0,2,0,0,0,0,0,0,0,0,60,0,0,0,2340,0,0,0,0,0,0,0,0,1,0,0,0,5,99,50,1,0,0,0,0,1,0,0,0,0,0,0,3,1,0,0,20,0,0,0,1,0,0,0,13,0,2,1,0,0,0,0,0,0,0,0,0,83,0,11,0,1,0,0,0,0,0,0,0,152,0,162,0,0,431,0,0,0,0,0,2,0,0,0,0,0,0,0,0,0,0,0,1,0,0,72,3,0,0,0,0,3,0,6,2,0,0,0,0,0,16,2,5,487,0,2,0,0,0,8,2574,0,38,58,0,0,0,0,1,0,0,0,0,0,0,84,0,5,0,0,30,0
"287",0,5,0,0,12,0,0,0,0,0,0,0,11,0,34,0,0,0,0,0,0,0,0,83,0,69,0,0,21,0,0,0,0,160,0,0,246,0,95,0,6,0,0,42,0,15,0,0,0,0,0,16,0,0,35,12,0,0,0,0,0,0,0,0,0,0,40,0,0,0,0,0,2,301,0,44,0,0,0,457,34,0,0,0,606,0,8,0,0,0,0,19,0,0,0,0,11,0,65,0,0,0,1,20,31,0,0,238,29,0,0,0,0,0,0,0,0,0,77,0,0,0,0,1,285,0,0,0,0,0,0,1439,0,0,0,0,49,14,0,0,12,0,0,0,0,0,0,0,0,0,14,0,0,0,1,0,0,0,0,156,0,0,0,1607,0,0,0,0,0,0,0,0,0,0,0,0,0,0,0,3,0,0,0,0,0,0,2,0,0,0,0,76,0,0,0,0,0,0,0,0,295,0,0,0,0,46,2,0,0,10,0,0,0,0,0,0,2,0,456,0,0,0,0,0,0,0,0,0,62,0,327,7,0,90,0,0,0,0,0,23,0,0,0,0,0,0,0,0,0,0,0,0,0,0,0,11,12,0,0,0,0,0,0,3,0,0,0,0,0,3,0,0,96,0,0,0,0,0,43,1457,0,0,428,0,0,0,0,0,0,50,0,0,1,0,0,0,2,0,0,74,0
"288",0,0,0,37,0,0,36,0,0,0,0,4,0,0,0,0,71,0,0,0,0,48,0,384,0,0,0,0,50,6,0,0,0,59,0,0,10,0,0,0,0,2,1,0,0,166,0,0,0,0,39,337,0,0,0,8,0,0,0,141,9,0,0,4,0,0,6,0,0,0,63,0,2,23,0,0,0,0,0,61,37,1,275,2,0,0,1,0,0,231,557,38,1,0,20,0,0,0,76,0,5,0,0,2,0,1,160,514,0,0,0,0,0,16,0,14,0,1,40,0,0,0,0,1,14,2,212,12,3,0,1,3,1,8,4,0,7,0,0,0,4,0,0,0,1,0,3,30,0,0,28,1,0,4,0,0,0,0,0,11,0,0,0,0,0,0,0,0,0,23,10,0,4,0,0,0,0,73,4,0,0,0,0,0,5,10,0,0,0,0,6,31,1,0,0,0,0,0,0,0,0,0,2,37,0,23,2,0,0,11,0,0,0,1,32,0,12,21,66,0,0,1,0,0,0,0,0,0,2,0,100,1,0,1088,0,0,0,0,0,2,0,0,0,42,0,20,0,0,0,0,0,1,61,0,9,3,1,0,19,0,1,0,0,1,0,0,0,0,31,4,0,0,56,0,0,0,0,0,39,1774,0,0,393,0,0,0,0,1,129,50,0,0,0,0,96,0,8,0,0,41,0
"289",0,0,0,0,0,0,0,0,0,0,0,0,2,0,133,0,0,0,0,0,0,0,0,906,0,2465,0,0,399,0,0,0,0,76,0,0,122,0,0,0,7,0,0,0,0,0,0,0,5,3,0,30,0,0,0,0,0,0,0,0,0,0,0,0,0,0,0,0,0,0,0,0,0,0,0,0,0,0,0,65,76,0,0,0,0,35,2,0,0,0,0,211,132,0,0,167,0,0,0,0,0,24,0,0,0,0,0,137,0,0,0,0,0,7,0,10,0,0,6,0,50,0,0,2,64,0,0,0,0,0,0,0,0,0,0,0,33,12,0,0,8,0,0,0,0,0,74,0,0,0,25,0,0,0,0,0,0,0,0,0,0,0,0,0,0,0,0,0,0,0,0,0,1,0,0,0,0,0,0,0,0,0,0,0,0,0,0,0,0,0,0,61,0,31,0,0,0,0,0,0,0,0,0,120,297,176,0,0,4,199,0,0,0,0,0,0,0,0,0,0,63,0,0,0,0,3,0,0,44,0,0,0,0,437,0,0,0,7,0,0,0,0,0,0,5,0,0,0,0,0,0,0,0,0,0,16,8,0,0,6,0,0,0,2,0,0,0,0,0,164,0,0,203,0,0,0,0,0,0,1773,0,0,1037,0,0,0,0,0,0,48,0,0,0,0,0,0,4,0,0,0,0
"290",0,23,0,18,0,0,3,0,0,0,0,0,0,0,9,0,0,0,0,0,104,27,0,524,0,1,0,0,17,0,0,0,0,64,0,0,2,22,8,0,4,0,0,0,0,117,0,0,0,0,80,587,0,0,0,3,0,3,0,189,0,2,0,3,0,0,240,0,0,0,0,0,0,0,0,0,0,0,0,82,16,0,185,0,8,0,2,0,0,0,0,55,11,0,0,0,0,0,0,0,0,0,0,6,0,0,0,868,54,671,0,0,0,0,0,0,0,574,187,0,0,0,0,0,16,69,0,0,0,0,0,2,0,0,0,0,23,19,0,3,23,0,0,0,0,0,14,0,0,1,2,0,3,0,0,0,0,0,0,39,0,0,0,0,0,0,0,0,0,0,9,0,1,0,0,0,0,0,0,24,0,0,0,0,3,0,0,0,0,0,0,0,1,0,0,0,0,0,0,0,0,0,0,0,0,27,0,0,0,14,0,0,0,0,18,0,261,0,2,0,0,0,0,0,0,0,0,360,0,0,15,0,0,1379,0,0,0,0,0,0,0,114,0,0,0,0,0,0,2,0,0,1,0,0,0,9,6,0,0,0,2,0,0,19,0,0,0,0,0,194,0,40,20,0,0,0,0,0,1,2393,0,0,36,0,0,0,0,0,24,0,0,0,0,0,10,0,30,0,0,0,0
"291",0,0,0,0,0,0,0,0,0,0,0,0,0,0,207,0,0,0,0,0,0,0,0,5,0,1891,0,0,167,4,0,0,0,0,0,0,0,0,0,0,0,0,0,0,0,0,0,0,0,0,0,0,0,0,0,0,0,8,0,0,0,0,3,0,0,0,49,0,0,0,0,0,0,0,0,0,0,0,0,0,0,0,0,0,0,3,59,0,6,0,0,209,112,0,0,0,0,0,0,0,0,23,0,0,0,0,0,417,0,0,0,0,0,17,0,0,0,0,82,1,0,0,0,1,0,0,0,0,0,0,0,0,0,14,0,0,8,0,0,0,8,0,0,0,0,0,0,0,0,0,0,0,0,8,0,0,0,0,0,0,0,0,0,0,0,0,0,0,0,0,0,0,0,0,0,0,0,0,0,0,0,0,0,0,0,0,0,0,0,0,0,0,2,1,0,2,0,0,0,0,0,0,0,0,0,0,11,0,2,26,0,0,0,0,0,0,0,0,0,0,0,0,0,0,0,0,0,0,0,0,0,0,0,601,0,0,0,8,0,2,0,0,0,0,0,0,0,0,0,0,0,0,0,0,0,13,5,0,0,0,0,0,0,0,57,0,0,0,0,10,0,0,24,0,2,0,0,11,0,5704,0,0,0,0,0,0,0,1,0,0,0,0,0,0,89,0,13,0,0,114,0
"292",0,0,0,1,13,0,0,0,802,0,44,0,0,0,0,0,0,0,1,0,4,18,0,71,0,4,0,0,1,28,591,2,0,0,0,0,15,9,0,0,0,0,1,20,0,0,0,0,17,0,12,55,3,5,0,39,0,0,0,0,12,0,0,0,0,0,312,0,8,0,0,0,0,5,0,0,0,0,0,52,0,21,327,0,0,749,186,0,0,13,0,2,0,0,0,0,0,0,0,0,0,0,0,0,0,0,4,999,0,0,0,0,0,16,0,0,0,0,40,0,29,0,0,1,83,2,0,0,2,0,1,3,0,1,3,0,7,0,0,0,0,0,0,0,1,0,3,10,4,0,23,1,0,39,0,0,23,0,24,11,0,0,0,0,0,0,0,0,0,0,0,0,4,0,0,0,2,0,682,1,0,0,0,0,0,0,0,0,0,0,54,116,1,19,0,0,0,0,0,0,0,0,0,1457,0,1,0,0,0,9,0,0,0,1,1,0,12,0,98,0,5,64,0,0,0,0,0,0,2,0,35,0,0,197,0,0,11,0,0,2,0,0,0,0,94,69,0,0,0,0,0,0,0,1,42,0,0,0,0,0,0,0,0,0,0,0,0,0,0,1822,0,0,37,0,2,0,0,0,0,1,0,0,14,0,0,0,0,0,0,106,0,0,0,0,0,0,7,0,0,13,0
"293",0,194,0,0,0,0,2,0,1,0,6,8,2,75,49,0,0,0,2,1,95,1,0,206,0,1719,0,0,7,16,127,0,6,40,0,0,2,10,0,0,0,0,0,0,0,68,0,1,0,0,78,46,2,2,17,3,0,0,0,1,7,0,0,0,0,0,10,0,41,0,40,0,0,0,0,0,1,1,0,1,0,1,174,0,1,4,99,0,0,38,0,1,0,0,0,0,0,0,52,0,0,0,0,0,1,0,12,349,0,0,0,0,0,54,6,0,0,0,1,0,8,0,0,12,0,0,0,223,14,0,75,113,0,0,0,0,335,35,4,0,3,0,0,0,0,0,2,0,3,0,0,39,0,1,1,0,0,1,8,26,0,0,0,0,0,0,1,0,1,6,0,0,0,0,0,0,2,0,1,0,5,0,0,0,0,0,0,7,0,0,1,0,0,0,0,0,0,0,0,0,0,0,1,1,0,1,1,0,0,9,9,78,6,3,2,0,2,6,1,0,0,30,0,0,0,0,0,0,87,2,88,0,0,129,0,0,3,0,0,5,1,0,1,0,0,0,0,0,0,0,0,1,10,5,2,1,1,0,3,15,1,0,0,0,0,0,1,0,7,1088,6,14,32,1,1,1,0,0,0,3575,1,0,8,0,0,0,0,0,1,26,0,0,1,0,9,0,3,110,0,5,0
"294",0,0,2,8,7,0,0,0,0,0,0,3,15,0,24,0,10,0,0,0,0,34,0,158,0,0,0,0,83,175,161,36,0,38,0,0,21,42,8,0,0,0,1,0,0,2,0,7,0,0,10,94,0,0,75,4,0,0,0,40,33,0,0,236,0,0,0,0,0,0,14,0,0,0,0,1,0,0,0,11,12,9,0,0,0,749,3,0,0,0,0,77,2,0,27,0,0,0,0,0,0,23,0,0,6,0,4,104,0,0,0,0,0,16,0,168,0,0,40,2,0,0,0,1,14,2,0,0,1,0,20,3,0,0,0,0,7,94,0,0,66,0,0,0,1,0,3,53,6,0,15,1,1,0,0,0,0,0,0,11,0,0,0,0,0,1,0,0,0,0,19,0,4,0,0,28,6,33,4,1,0,0,0,0,0,2,0,0,0,0,0,31,1,1,0,0,0,6,0,0,0,0,0,113,2,129,0,8,0,3,2,0,0,1,19,0,12,43,236,0,0,1,0,0,0,0,0,0,2,0,2,0,1,1790,0,0,0,1,0,2,0,0,0,0,69,7,16,0,0,0,0,0,9,0,98,355,40,0,13,0,0,0,0,18,1,0,13,0,151,368,68,190,279,0,0,0,0,0,15,10,0,0,0,0,0,0,0,0,0,33,0,0,0,0,568,63,13,0,0,93,0
"295",0,0,0,0,0,0,0,2,0,0,0,0,0,0,31,0,0,4,0,0,1,0,0,525,0,2095,0,0,173,0,1,0,0,0,0,0,77,1,6,0,0,0,1,1,0,1,0,0,0,0,12,0,1,0,0,3,5,0,0,0,6,0,0,1,0,0,134,0,4,0,0,0,0,0,0,0,0,0,0,0,7,0,0,0,0,147,128,0,0,0,0,114,889,0,0,2,0,0,0,0,0,139,0,0,1,0,4,783,0,0,0,0,0,16,0,0,0,0,40,0,0,0,0,1,48,2,0,0,0,0,1,3,0,6,0,0,7,21,0,0,0,0,0,0,1,0,3,6,0,0,11,15,0,0,0,0,0,0,0,57,0,0,0,2,0,0,0,0,0,0,3,0,4,0,1,0,0,0,50,0,0,0,0,0,1,0,0,0,0,0,0,294,1,0,0,0,0,0,0,0,0,0,0,1,0,58,0,0,7,66,0,0,0,1,7,3,12,3,384,0,0,17,0,0,0,0,0,0,57,0,16,0,0,3148,0,0,1,0,0,2,0,0,0,0,69,0,0,0,0,0,18,0,1,0,0,63,0,0,1,0,0,0,0,0,1,0,0,0,0,165,0,3,561,0,0,0,0,0,0,287,0,0,0,0,0,0,0,0,0,1,0,0,0,0,58,0,16,0,0,15,0
"296",0,3,0,21,0,0,140,0,0,0,0,0,2,0,3,0,0,0,0,0,0,13,6,156,0,144,0,0,4,0,0,0,0,0,0,0,0,61,0,0,7,0,1,43,0,18,0,0,1,4,10,75,0,0,0,5,0,0,0,0,0,0,0,0,0,0,246,1,30,0,0,0,0,0,0,0,0,0,0,12,7,0,0,0,0,1,1,0,0,70,0,90,620,0,0,1,0,0,0,0,0,0,0,3,2,0,4,104,0,0,0,0,0,16,0,0,0,1,40,5,0,0,0,1,14,2,0,0,0,0,1,3,0,1,123,1,7,0,0,0,0,0,0,0,47,87,3,0,0,0,3,1,0,0,0,0,0,0,0,11,1,0,0,0,0,0,0,0,0,0,0,0,4,0,0,4,0,0,301,0,0,0,0,0,0,0,0,0,0,0,0,31,6,1,0,0,0,0,0,0,0,0,0,0,0,31,2,0,0,2,113,0,0,1,1,0,12,0,1,0,0,1,0,0,0,0,0,0,2,0,2,1,0,1088,0,0,0,5,0,2,0,0,0,0,0,25,0,7,0,0,0,0,2,0,0,0,1,0,0,0,0,0,0,0,0,0,0,0,0,759,0,0,75,0,4,0,0,0,0,463,0,0,150,0,0,0,0,0,0,11,0,0,0,0,0,0,3,0,0,101,0
"297",0,0,0,0,0,0,91,0,0,0,0,0,0,0,0,3,0,0,0,0,0,11,0,0,0,1,0,0,9,0,0,0,0,2,0,0,14,138,0,0,0,0,1,0,0,15,0,0,0,0,4,0,0,0,0,1,0,0,0,132,0,0,3,0,0,0,16,0,0,358,12,0,0,0,0,285,0,0,0,61,0,0,0,0,0,0,0,0,0,49,0,64,0,0,0,0,0,0,1,0,0,1,0,0,0,0,4,104,0,0,0,71,0,16,0,0,1,0,40,0,30,0,0,1,70,2,0,0,0,0,1,3,62,0,0,0,7,0,0,0,13,0,1,0,465,0,3,0,0,0,3,1,0,0,0,0,0,0,6,11,0,0,0,0,0,0,1,0,0,0,0,0,4,0,0,0,2,1,4,1,0,0,0,0,0,0,0,0,0,0,0,31,1,0,0,0,0,4,0,0,0,0,1,0,585,10,0,0,0,0,0,0,0,1,1,0,71,0,1,0,41,1,0,0,0,0,108,7,43,0,2,0,0,0,0,0,0,0,0,2,0,0,0,0,0,0,0,0,0,0,0,0,0,0,0,0,0,0,0,0,0,0,0,4,0,2,0,0,0,1108,55,0,228,0,0,0,1,0,0,4397,0,4,1,0,0,0,0,0,0,96,0,0,0,0,0,0,1,0,0,2,0
"298",0,0,0,0,0,0,0,0,0,0,0,0,0,0,9,0,0,0,0,0,0,0,0,1,0,3518,0,0,0,0,911,0,0,0,0,0,9,0,0,0,0,0,0,0,0,0,0,0,0,0,0,0,0,0,0,0,0,0,0,0,0,0,0,0,0,0,0,6,0,0,0,0,0,0,0,0,0,0,0,118,0,0,26,0,0,0,0,0,0,0,1,0,7,0,0,0,0,0,0,117,0,0,0,0,0,0,0,111,0,0,0,0,0,1944,0,0,0,0,279,8,0,0,0,1,0,0,0,0,0,111,0,0,0,1,0,0,4,0,0,0,44,0,0,0,0,0,0,0,0,0,63,0,0,0,0,0,0,0,0,0,0,0,0,0,1,0,12,0,0,0,0,0,0,0,0,0,0,127,243,0,0,0,0,0,0,0,0,0,0,0,0,0,0,0,0,0,0,0,0,0,0,2,0,0,0,10,0,0,0,0,0,0,0,0,0,0,0,0,76,0,186,0,0,153,0,0,0,0,560,0,0,0,0,771,0,0,0,0,0,0,0,0,0,0,0,0,0,0,0,0,0,0,18,0,0,0,9,0,0,76,0,0,0,0,0,0,0,0,0,157,0,0,126,0,0,0,0,0,0,0,0,9,0,0,0,0,0,0,0,0,0,0,0,0,0,0,6,0,0,171,0
"299",5,0,0,0,0,0,1,11,0,0,0,0,1,0,20,27,0,0,0,1,40,0,0,2,0,225,0,0,3,0,0,0,0,15,0,0,2,0,0,0,0,0,1,0,0,0,0,0,0,0,0,0,0,0,6,0,3,1,0,28,0,0,0,0,0,0,30,0,0,13,18,0,0,95,0,0,0,0,0,29,0,0,1,0,0,9,0,0,0,42,0,1,35,0,0,0,0,0,27,0,0,17,0,7,6,0,4,1415,0,0,0,0,1,16,0,8,0,0,151,0,0,0,0,1,248,2,0,0,0,0,1,60,0,0,0,0,112,3,0,0,11,0,1,0,1,0,3,0,0,0,3,1,0,0,0,0,3,0,0,11,0,0,0,0,1,0,0,0,0,0,5,0,4,0,0,0,0,23,101,0,0,0,0,0,8,0,0,0,0,0,0,123,1,4,0,4,0,0,0,0,0,0,0,0,0,11,0,0,6,5,0,0,0,1,10,0,58,0,270,0,0,1,0,0,0,0,0,0,2,0,155,0,0,1224,0,0,0,0,0,2,0,0,0,0,5,11,0,18,0,0,0,0,0,0,8,1,0,0,2,1,0,0,0,2,0,0,0,0,0,2760,0,0,196,0,0,1,1,0,0,1869,0,0,0,0,0,0,0,0,0,0,0,0,0,0,153,0,10,0,0,23,0
"300",0,0,0,0,0,0,0,0,0,0,0,0,2,0,0,0,1,0,0,0,0,2,0,490,0,2451,0,0,30,0,0,0,0,0,0,0,12,0,0,0,0,0,3,0,0,5,0,0,0,0,0,0,0,0,0,2,0,1,0,0,0,0,0,0,0,0,0,0,0,0,1,0,0,0,0,0,0,0,0,0,0,1,0,0,47,5,3,0,0,0,0,99,0,0,0,0,0,0,0,0,9,227,3,0,0,0,0,2543,0,0,0,0,0,0,0,0,0,0,0,1,0,0,0,0,0,0,0,0,0,0,0,182,0,0,0,0,562,3,0,0,901,0,0,0,0,0,20,0,0,0,0,0,0,34,0,0,0,0,46,26,0,7,0,0,0,0,0,0,0,0,0,0,0,0,0,0,0,0,0,0,0,0,0,0,18,0,0,0,0,0,0,120,1,0,0,0,0,2,0,0,0,0,0,0,0,312,0,0,0,0,0,0,0,0,0,0,0,0,622,0,0,0,0,0,0,0,0,0,1,0,4,0,1,556,0,0,0,0,0,53,0,0,0,0,69,0,0,0,0,0,0,0,0,0,0,78,223,0,0,0,1,0,0,0,0,0,0,0,0,93,0,69,0,0,0,0,0,0,0,4,2,0,22,0,0,0,0,1,4,0,0,0,0,0,24,0,2,0,0,0,0
"301",1,0,0,0,0,0,2,0,0,0,0,0,0,0,5,0,0,0,0,0,6,17,0,0,0,4113,0,0,0,0,0,0,0,14,0,0,0,9,0,0,4,0,1,0,0,0,0,0,0,0,0,0,0,0,5,0,0,0,0,10,0,0,1,0,119,0,0,0,0,0,0,0,0,0,0,177,0,0,0,12,0,0,0,0,0,0,0,0,0,10,1,4,0,0,0,0,0,0,27,0,0,20,0,0,0,0,4,104,0,0,0,0,0,368,0,0,0,0,40,2,10,0,0,1,105,2,0,0,0,0,31,101,0,0,0,0,7,0,0,0,0,0,0,0,1,0,3,0,0,0,3,1,0,0,0,0,0,0,0,11,0,0,0,0,0,0,0,0,0,0,5,0,4,0,0,0,0,0,237,0,0,0,0,0,21,0,0,0,0,0,0,195,1,24,0,0,0,1,0,0,0,0,0,0,216,1,0,0,0,0,0,0,0,1,1,0,181,0,1,0,0,1,0,0,0,0,0,0,2,0,2,0,0,481,0,0,0,0,0,2,0,0,0,0,0,0,0,0,0,0,0,0,5,0,0,0,0,1,4,0,0,0,0,2,0,0,0,0,0,8,0,59,970,0,0,0,0,0,0,1913,0,38,87,0,0,0,0,0,0,33,0,0,0,0,7,0,0,0,0,47,0
"302",2,0,0,0,0,0,0,0,0,0,0,0,0,0,0,0,2,0,0,6,3,39,0,96,0,1803,0,0,23,0,297,0,18,137,0,0,268,28,0,0,0,0,0,18,0,515,0,0,0,0,4,57,0,0,0,0,1,0,0,25,22,4,1,0,9,0,46,0,0,0,32,0,0,2,0,0,0,0,0,193,0,7,0,0,12,0,0,0,0,33,1,1,0,0,20,0,0,0,32,0,0,0,0,0,2,0,199,387,0,46,0,0,0,22,0,0,0,1,13,0,0,0,11,0,940,50,111,15,16,0,100,1,57,26,0,0,4,29,0,0,4,0,1,0,0,0,49,36,0,0,10,0,0,0,0,0,0,0,158,44,0,0,0,894,0,0,0,0,0,0,0,0,0,0,0,0,0,92,100,0,0,0,0,0,0,0,0,0,0,0,0,47,0,1,0,0,0,1,0,0,4,0,0,0,0,26,0,0,1,19,0,0,0,0,19,0,14,0,421,3,52,0,0,0,0,73,0,0,108,25,33,0,0,404,0,0,0,0,0,18,0,0,0,0,3,21,1,0,0,0,26,0,0,0,11,59,6,0,0,7,1,17,0,1,0,0,0,0,13,6,0,0,159,0,0,0,0,0,24,135,0,0,724,0,0,0,0,0,1,99,0,0,0,0,9,0,2,66,0,169,1
"303",0,0,0,286,0,0,2,0,227,0,0,0,7,0,14,0,41,0,0,0,0,169,0,296,0,1832,0,0,64,0,0,0,0,39,0,0,0,0,107,0,8,0,0,0,0,0,0,0,7,0,0,375,0,0,0,24,0,0,0,0,29,0,3,97,0,8,0,1,0,0,155,0,0,0,0,1,0,0,0,16,0,0,0,0,0,0,0,0,0,53,0,96,2,0,0,0,0,0,0,0,0,0,0,0,0,0,0,4,0,0,0,0,0,0,0,0,0,0,263,0,0,0,0,0,0,0,0,0,3,0,0,0,0,3,0,16,588,0,0,0,119,0,0,0,0,0,0,0,0,9,0,0,3,0,0,0,0,0,0,0,0,0,0,0,1,0,1,9,0,0,65,0,1,0,0,0,0,0,118,0,0,0,0,0,0,0,0,0,0,0,0,0,4,0,0,0,0,0,0,0,0,0,0,0,665,58,0,0,0,10,0,0,0,0,0,0,0,0,0,0,0,0,0,0,0,0,0,0,74,0,232,0,0,1789,0,0,0,0,0,0,0,0,0,0,0,49,0,0,0,0,0,0,0,0,0,0,12,0,0,0,0,0,0,0,0,0,0,0,0,379,0,0,569,4,1,0,0,5,113,190,0,0,393,0,0,0,8,0,0,253,0,0,0,0,0,0,32,0,0,0,0
"304",0,1,0,0,0,0,0,31,0,0,0,0,0,0,0,0,2,0,0,0,76,33,0,13,0,1366,0,0,19,3,920,0,0,9,0,0,0,121,0,0,0,0,1,0,0,440,0,0,0,0,0,0,0,0,0,2,0,0,0,140,0,0,0,0,0,0,105,0,0,146,0,0,0,0,0,0,0,0,0,0,0,0,23,0,0,0,32,0,0,0,0,30,0,0,0,0,0,0,0,0,0,0,0,0,0,0,4,744,0,0,0,0,0,16,0,0,0,0,234,0,0,0,0,1,59,2,0,0,0,0,1,3,0,0,0,0,7,0,0,0,3,0,0,0,1,0,3,0,0,0,3,1,0,0,0,0,0,0,0,11,0,0,0,0,0,0,0,0,0,0,0,0,4,0,0,0,0,0,472,1,0,0,0,0,7,0,1,0,0,0,0,320,1,0,0,0,0,0,0,0,0,0,0,83,0,8,0,0,0,6,1,0,0,1,53,0,402,0,12,0,131,1,0,0,0,0,0,0,2,0,162,0,0,2785,0,0,0,0,0,2,0,0,0,0,5,0,0,0,0,0,0,10,16,0,0,3,3,0,0,44,6,0,0,13,0,0,0,0,0,0,2,72,0,0,45,0,0,0,0,2670,0,0,153,0,0,0,0,0,0,0,0,0,0,0,0,0,0,0,0,127,0
"305",0,0,0,0,17,0,1,48,0,0,0,0,1,0,726,3,0,0,0,0,7,0,0,1,0,0,0,0,32,21,0,0,0,27,0,0,2,2,0,0,0,0,0,0,18,0,0,0,0,0,0,0,0,0,0,0,0,15,0,0,0,0,4,0,0,0,373,0,0,0,0,2,0,272,0,1,0,0,0,0,0,0,1,0,0,22,106,0,0,5,0,16,96,0,0,0,0,0,0,0,0,137,0,0,0,2,210,120,0,0,0,0,0,531,3,109,0,4,13,0,0,0,30,3,114,0,0,0,0,0,0,4,0,5,6,0,38,0,0,0,840,21,0,0,0,0,0,0,0,0,0,0,0,0,0,0,0,1,0,0,0,0,0,0,0,0,0,11,0,0,0,0,2441,0,1,0,0,0,141,0,0,0,0,0,10,0,0,0,0,0,66,91,4,0,0,1,0,0,0,0,0,0,0,49,1008,11,0,0,0,8,0,0,49,0,0,0,0,0,322,0,0,0,0,0,0,0,0,0,0,0,0,1,0,1125,0,0,0,0,0,0,0,0,0,0,0,0,0,0,0,0,0,0,0,1,0,0,38,0,4,0,0,0,0,0,0,0,0,0,0,0,0,0,329,0,3,0,0,0,0,0,0,0,13,0,0,0,0,0,0,0,0,0,0,0,0,0,249,0,0,15,0
"306",0,10,2,0,0,1,0,6,0,0,0,0,0,0,217,0,40,27,0,9,0,44,0,16,0,0,0,0,52,60,881,0,0,0,0,0,12,529,0,0,0,0,0,0,0,523,0,0,0,0,0,0,0,0,0,0,0,0,0,0,7,0,0,1,0,0,55,0,104,88,0,0,0,0,0,0,0,0,0,29,0,0,236,0,0,0,0,0,0,20,0,14,782,0,0,234,92,0,61,0,0,6,0,0,0,0,0,1255,0,34,0,0,0,69,0,0,6,0,234,2,0,0,80,3,320,0,118,0,0,0,0,12,0,0,0,0,13,0,0,0,49,2,0,7,0,0,4,11,0,7,40,0,0,0,1,0,0,0,0,0,0,11,0,0,0,1,0,0,0,8,0,0,0,0,0,0,0,118,535,0,0,0,0,0,37,0,0,0,0,0,0,50,0,0,0,0,0,1,0,8,0,0,0,4,0,19,0,0,4,0,163,0,0,0,2,0,0,0,589,0,295,0,0,0,0,0,0,0,0,0,0,0,0,188,0,0,0,0,0,2,0,0,0,0,1,8,2,87,0,0,0,3,0,0,8,104,2,0,0,0,0,0,4,2,42,0,0,0,0,0,107,0,0,0,0,0,0,0,0,5,0,0,998,0,0,0,0,0,0,0,0,0,0,0,0,0,3,0,0,168,0
"307",0,0,0,0,21,0,0,1,0,0,0,1,0,0,34,0,0,9,0,2,24,20,0,44,0,3113,0,0,49,2,0,0,0,38,0,0,77,103,0,0,10,0,0,0,0,263,107,0,0,0,0,0,0,0,0,1,0,0,0,1,1,1,0,0,0,0,42,9,0,0,6,0,0,8,0,0,0,0,0,3,0,0,0,0,0,0,186,0,0,86,0,15,7,0,0,0,0,0,34,0,2,0,0,0,1,0,0,106,0,214,0,0,0,364,0,0,0,1,24,0,0,30,0,1,339,7,0,12,0,0,0,97,0,1,0,0,1372,0,0,0,6,0,1,0,95,0,0,0,0,30,9,13,0,12,0,8,0,0,31,0,0,0,0,1,0,0,0,0,0,23,5,20,0,0,0,0,0,0,134,0,62,0,0,0,1,0,0,0,0,0,0,44,1,0,0,0,0,0,0,0,0,0,0,0,0,1,0,0,0,13,0,0,11,8,2,0,26,0,0,7,0,0,109,0,0,0,0,0,69,0,140,0,0,175,0,0,2,0,0,0,1,0,0,0,0,45,0,11,0,0,0,0,0,0,0,2,4,6,5,16,1,0,0,2,0,0,0,0,0,11,1,8,45,0,39,0,0,0,4,1566,0,0,126,0,0,0,0,1,0,61,0,0,0,0,22,0,30,0,0,48,0
"308",0,0,0,0,0,0,2,2,0,1,0,0,1,193,12,0,0,1,0,0,34,71,0,0,0,2415,1,0,10,0,1,0,0,0,0,0,2,97,0,0,0,0,1,58,0,52,0,1,0,0,0,0,0,0,0,0,0,0,0,1,0,82,0,0,0,0,191,0,6,233,9,3,0,9,0,0,0,0,0,33,0,0,1,0,73,0,0,0,0,14,0,5,9,0,0,0,0,0,27,0,0,0,0,0,2,0,157,931,0,32,0,0,0,147,1,0,0,0,168,0,0,0,0,1,320,2,63,0,0,0,47,353,0,0,0,1,87,0,0,0,24,0,0,0,1,0,3,0,0,2,26,1,0,4,0,0,0,0,6,77,0,0,0,1016,0,0,0,0,0,1,0,0,4,0,0,0,0,1,207,0,0,0,4,0,0,0,0,0,0,0,3,31,1,0,0,0,47,0,0,215,0,0,1,4,0,10,0,0,0,0,0,0,4,1,10,0,84,19,1,0,0,1,21,0,0,0,0,0,40,16,186,0,0,639,0,0,2,0,1,2,0,1,3,0,0,0,0,2,0,0,12,5,0,0,6,7,0,0,16,0,1,0,0,0,0,0,0,775,0,10,0,0,543,0,0,0,0,7,15,316,0,0,18,0,0,0,0,155,21,0,0,0,0,0,1,0,0,0,0,87,0
"309",0,0,0,13,0,0,2,0,0,0,1,0,0,0,0,0,0,0,0,0,0,0,0,4,0,1873,0,0,46,0,0,0,0,108,0,0,25,0,0,0,0,0,0,0,0,724,0,0,0,0,0,0,0,0,0,0,0,0,12,6,0,0,0,1,0,0,0,0,0,85,0,0,0,0,0,0,0,0,0,61,0,4,0,0,760,0,0,0,0,0,7,5,0,0,0,0,0,0,0,0,0,53,0,0,0,0,0,69,0,0,0,0,0,0,0,0,0,0,43,1,0,0,0,0,1332,0,161,0,0,0,0,0,0,1,0,0,0,1,0,0,0,1,0,0,0,0,0,0,0,0,103,0,0,1,0,0,0,0,0,0,0,0,0,0,0,0,0,0,0,0,0,0,1,0,0,0,0,0,6,0,0,0,0,0,0,0,0,0,0,0,0,68,0,0,0,0,12,0,0,0,0,0,0,3,1,0,0,0,0,4,0,0,3,0,0,0,36,0,0,0,1,19,0,0,0,0,0,0,0,0,0,0,0,899,0,0,0,0,0,69,0,0,0,0,0,0,0,0,0,0,0,0,0,0,0,0,0,0,0,0,0,0,8,0,1,0,0,0,0,1,0,0,3005,0,0,0,0,0,0,0,0,0,253,0,0,0,0,0,105,0,0,0,0,0,0,0,9,0,0,0,0
"310",0,0,0,0,0,0,7,0,0,0,0,0,4,0,0,0,0,0,0,0,0,0,0,50,0,0,0,0,0,44,0,0,0,0,0,0,0,236,0,0,0,0,0,0,0,0,0,0,0,0,0,0,0,0,0,0,4,0,0,0,0,0,0,0,0,0,952,0,0,0,0,0,0,0,0,0,0,0,0,362,0,0,0,0,0,22,0,0,15,0,0,33,643,0,0,0,0,0,0,0,0,17,0,0,0,0,0,0,0,0,0,0,0,0,2,168,0,0,0,0,0,0,78,7,1290,0,0,0,0,0,0,0,0,0,0,0,296,16,0,0,48,0,0,17,0,0,0,0,0,0,0,0,0,0,4,0,0,0,0,0,0,0,0,1305,0,0,0,0,0,0,0,0,0,0,0,0,0,0,0,0,0,0,112,0,0,0,0,0,0,0,17,0,117,0,0,0,0,0,0,0,0,0,0,0,0,0,0,0,0,0,0,0,0,0,0,0,270,0,1532,0,0,0,0,0,0,90,0,0,0,0,0,0,0,0,0,0,0,0,0,0,0,0,0,0,16,0,0,0,0,0,0,0,0,0,52,193,35,0,0,0,0,0,0,0,0,0,0,0,0,0,0,0,1698,72,0,0,5,0,0,0,0,0,0,10,0,0,0,0,0,0,0,0,0,0,0,0,160,0,0,0,0
"311",0,0,0,53,0,0,0,0,0,0,0,0,0,0,7,0,0,0,0,7,11,12,0,384,0,204,0,0,0,19,0,0,0,0,0,0,10,0,0,0,0,0,0,15,0,1,0,0,2,0,7,27,0,0,0,0,0,0,0,302,0,0,0,0,0,0,31,0,0,0,0,0,0,20,0,0,0,0,0,14,0,0,0,0,0,0,0,26,0,0,0,102,5,0,0,183,0,0,0,0,0,6,0,0,0,0,0,405,0,35,0,0,0,0,0,0,0,0,224,2,0,0,0,1,11,0,2,0,0,0,0,2,0,0,0,3,0,14,0,0,5,0,0,0,0,0,0,0,4,0,0,0,0,0,1,0,0,0,63,0,0,0,0,0,0,0,0,0,0,0,0,0,1,0,0,0,0,0,0,0,0,0,0,0,0,0,0,0,0,0,0,0,0,0,0,0,0,0,0,0,0,0,0,1952,0,18,0,0,0,0,0,0,0,0,0,0,62,0,0,0,0,28,0,0,0,0,0,0,0,0,182,0,0,93,0,0,0,0,0,0,0,0,0,0,0,0,0,0,0,0,0,0,0,0,0,0,0,0,0,20,0,0,0,0,0,0,0,0,0,5043,0,0,0,0,0,0,0,0,0,226,0,0,137,0,0,0,0,0,0,6,0,0,0,0,0,0,0,0,0,15,0
"312",0,0,0,3,0,0,3,4,0,0,0,0,0,88,1,0,0,0,0,0,0,22,0,1043,0,0,0,0,0,0,523,0,0,0,0,0,3,13,0,0,10,0,1,0,0,0,86,0,0,0,19,43,0,0,10,3,1,1,0,8,0,0,0,2,0,0,0,6,0,0,15,0,3,10,0,0,0,0,0,42,10,0,0,0,0,0,0,0,2,21,0,38,56,0,0,0,0,0,0,0,0,0,0,49,0,0,4,104,0,0,0,0,0,16,0,0,0,10,40,0,15,0,0,1,14,2,0,0,0,43,1,3,0,3,0,0,7,0,0,0,0,0,0,0,1,0,3,0,0,2,3,25,0,0,0,0,0,0,0,11,0,0,0,214,0,0,1,0,0,0,0,0,4,0,0,0,0,2,96,0,0,0,0,0,43,0,0,0,0,0,0,31,1,0,0,0,0,0,0,0,0,0,0,0,0,1,0,0,0,9,0,0,0,1,1,0,108,0,1,7,0,1,0,0,0,0,0,0,2,0,44,0,0,398,0,0,0,1,0,2,0,0,0,16,0,47,0,0,0,0,0,8,21,0,11,0,0,0,0,0,0,0,0,1,0,0,0,0,7,19,0,0,572,0,2,0,6,1,4,4665,0,0,0,0,0,0,0,0,0,8,0,0,0,0,3,0,0,0,0,13,0
"313",0,0,0,0,0,0,65,55,0,0,12,0,0,1032,248,0,0,0,0,5,0,34,0,0,6,0,0,0,0,0,61,0,0,0,0,0,23,0,3,0,8,0,0,0,0,42,0,0,0,0,13,0,0,0,0,0,0,0,0,167,0,0,0,0,0,0,185,0,0,0,36,0,0,22,0,0,0,0,0,6,0,0,0,0,35,10,0,0,0,251,0,506,0,0,0,0,0,7,6,0,0,0,0,0,0,0,0,506,0,67,0,0,0,220,0,0,0,0,0,0,0,0,0,45,114,0,0,0,0,0,0,22,2,0,0,0,3586,0,0,0,0,0,0,0,0,0,0,6,0,0,0,35,0,0,3,0,0,0,0,0,0,0,0,2,0,0,9,0,0,15,0,2,0,0,0,0,0,5,237,0,0,0,0,0,0,0,0,0,0,0,0,176,0,0,0,0,227,0,0,0,0,0,0,39,0,118,0,0,4,0,0,0,0,0,4,0,243,0,0,0,0,0,0,0,0,0,11,0,13,0,155,0,0,548,0,0,0,0,0,0,0,0,3,0,0,0,0,5,0,0,54,0,125,0,8,82,9,0,0,0,0,0,0,0,0,0,0,121,0,0,11,0,0,0,0,0,30,0,0,24,12,0,0,0,0,0,0,0,21,96,0,0,20,0,0,0,86,10,0,32,0
"314",0,0,0,2,0,0,0,69,0,0,0,2,3,0,9,0,5,0,0,0,46,37,0,95,0,319,0,0,16,9,0,1,0,61,0,0,52,101,6,0,0,0,0,0,0,0,0,2,0,0,6,337,0,0,11,11,0,0,0,268,0,174,0,4,0,1,169,0,19,10,20,0,2,10,0,198,0,0,0,272,12,0,160,1,0,1,0,0,1,60,5,38,134,0,0,2,0,0,0,0,0,0,0,4,8,1,0,1776,0,20,0,0,0,79,3,0,0,3,127,1,0,0,0,1,116,0,0,0,0,59,0,134,0,6,5,1,17,13,0,4,34,0,0,0,0,0,28,5,7,0,4,0,0,0,1,0,0,0,11,0,0,2,2,1,0,1,0,0,0,0,24,0,1,0,0,0,8,9,140,1,0,0,0,0,12,0,0,0,128,9,0,62,0,0,0,0,0,1,0,0,0,0,0,74,0,31,0,0,4,0,1,0,0,0,15,7,121,0,40,0,94,71,0,0,0,0,0,0,0,13,203,0,0,79,0,0,1,0,0,5,0,0,0,0,2,0,0,0,0,0,0,2,0,0,9,4,34,0,8,0,3,0,0,2,0,0,1,0,0,13,2,33,542,0,0,0,0,1,0,2417,0,0,385,0,0,1,0,0,40,0,0,0,0,0,12,8,83,0,0,13,0
"315",0,0,0,0,0,0,0,0,2,0,0,2,0,0,0,0,0,0,0,127,55,11,0,0,0,227,0,0,0,126,0,0,0,347,0,0,0,0,2,0,0,0,1,106,0,128,0,0,0,0,7,0,0,0,30,0,0,0,0,0,0,5,0,0,2,0,0,0,0,0,17,0,0,5,0,0,0,0,0,0,0,0,0,0,12,0,0,0,0,224,0,0,514,0,0,0,0,0,151,0,9,0,0,0,12,0,476,237,55,0,0,0,0,0,0,0,0,0,27,0,0,0,0,0,408,17,0,0,5,0,18,0,0,0,0,0,615,0,0,0,0,0,0,0,0,0,0,0,0,0,1,69,0,0,0,0,0,34,0,72,0,0,0,0,0,0,0,0,0,0,0,0,0,0,0,0,0,64,0,0,7,0,0,3,13,0,0,0,3,0,0,27,0,0,0,0,0,0,0,0,0,0,0,2,0,0,6,0,0,263,0,0,4,13,4,0,187,190,36,5,0,0,0,0,0,89,0,0,256,0,156,0,0,1223,0,0,0,0,0,0,0,0,94,60,0,0,0,0,0,0,0,0,12,0,0,0,0,0,2,3,0,47,0,0,0,0,2,0,0,1187,0,16,1462,0,1,0,0,0,5,0,0,0,130,0,0,0,2,0,0,11,103,0,0,0,93,0,0,61,0,2,0
"316",0,0,0,4,0,0,4,7,0,0,0,0,3,359,22,0,0,0,0,0,67,2,0,71,0,62,0,0,8,1,0,8,0,0,0,0,0,0,8,0,0,0,0,0,0,241,0,0,0,0,35,48,0,0,0,3,0,0,0,3,0,0,0,0,0,0,43,0,98,52,17,0,0,29,0,0,0,0,0,0,0,0,1,0,0,4,0,0,0,10,0,5,39,0,0,21,0,1,0,0,0,5,0,42,0,0,3,291,0,0,0,0,0,26,0,0,0,0,4,0,0,0,0,41,21,0,0,0,0,0,0,0,0,0,2,52,44,0,0,0,4,0,0,0,0,0,2,2,0,0,1,9,0,1,0,0,0,0,0,0,0,0,0,0,0,0,0,0,0,0,0,12,941,0,0,0,0,0,109,0,0,0,0,0,1,0,0,0,0,0,0,14,0,0,0,0,0,0,0,0,0,0,0,0,0,2,0,0,1,1,0,0,0,0,0,0,210,1,1,0,33,0,0,0,0,0,0,0,71,0,0,0,0,433,0,0,1,0,0,26,0,0,0,0,2,0,0,0,0,0,0,0,0,0,0,0,0,0,0,8,0,0,0,2,0,0,0,0,0,4235,0,59,68,0,1,0,0,2,0,1881,0,30,7,0,0,15,0,0,0,0,0,0,0,0,0,0,11,0,0,1,0
"317",0,0,1,39,0,0,0,0,0,0,0,0,0,0,137,0,0,0,0,0,0,0,0,148,0,4483,0,0,261,0,139,0,0,145,0,0,43,0,0,0,0,0,1,0,0,1251,0,0,0,0,7,0,0,0,0,0,0,0,0,0,0,0,0,0,0,0,0,0,36,0,0,0,0,0,0,0,0,0,0,0,37,1,0,0,0,2,222,0,0,26,1,0,6,0,0,1,0,1,83,0,0,0,0,0,0,0,4,104,0,0,0,0,0,16,0,0,0,8,40,0,0,0,0,1,14,199,0,0,0,0,1,3,0,1,0,0,7,41,0,0,13,0,0,0,1,0,3,0,0,0,3,1,3,0,0,0,0,0,0,11,0,0,0,0,0,0,0,0,0,0,0,0,4,0,0,0,0,0,4,0,0,0,0,0,0,0,3,0,0,0,0,31,117,0,0,0,0,0,0,0,0,0,0,0,0,1,0,0,3,14,0,0,0,1,18,0,12,0,81,0,9,1,0,0,0,61,0,0,70,0,2,0,0,545,0,0,0,0,0,2,0,0,0,0,0,0,0,10,0,0,0,0,0,0,0,7,21,0,0,0,9,0,0,0,0,0,0,56,0,12,0,0,32,0,0,0,0,0,0,211,0,0,295,0,0,0,1,155,0,0,0,0,0,0,0,0,15,0,1,9,0
"318",0,0,0,15,0,0,0,0,80,0,0,0,0,222,103,0,0,0,0,0,0,176,0,355,0,0,0,0,0,273,0,0,0,66,0,0,8,0,0,0,7,0,1,0,0,0,0,0,0,0,0,50,0,0,0,6,2,4,0,289,0,96,0,0,96,0,259,1,0,0,0,0,0,0,0,0,0,0,0,0,0,0,0,0,0,0,0,0,7,813,918,0,11,0,0,1,0,0,115,0,0,0,0,58,0,0,4,104,3,0,0,0,0,16,0,0,0,0,40,0,0,0,0,1,14,2,0,0,0,0,1,3,0,0,0,0,7,0,0,0,37,0,0,0,1,0,3,0,0,0,3,1,0,0,0,0,0,0,0,11,0,0,0,0,0,0,0,9,0,1,0,20,4,0,27,0,0,0,4,0,0,0,0,0,0,3,0,0,0,0,0,31,1,37,0,0,0,0,0,0,4,0,0,0,2,1,0,0,0,0,0,0,0,1,1,0,12,0,1,0,0,1,0,0,0,0,0,0,2,0,2,0,0,436,0,0,0,0,0,2,0,0,0,0,0,0,0,0,0,0,0,0,0,0,0,0,28,0,0,0,13,45,0,0,0,0,0,0,151,6,0,0,0,0,0,0,3,0,12,147,0,0,306,0,0,0,0,13,34,0,0,0,0,0,199,0,0,80,0,0,0
"319",0,0,0,0,0,0,9,6,1,0,0,0,0,0,6,0,0,0,0,0,0,6,0,8,0,1908,0,0,143,6,0,0,0,0,5,0,1,33,0,0,1,0,1,0,0,7,0,1,0,0,0,0,0,0,0,0,0,0,0,168,1,0,0,0,0,0,711,0,0,132,0,0,0,0,0,0,0,0,0,96,0,4,193,0,3,2,133,0,0,0,0,383,112,0,0,14,0,0,0,1,0,0,0,0,1,0,4,5011,0,64,0,0,0,86,0,0,0,0,40,0,0,1,0,1,47,2,0,0,0,0,11,3,0,0,2,0,37,0,0,0,0,0,0,0,1,5,26,0,3,0,3,1,0,3,5,0,0,0,0,11,0,0,0,0,0,0,0,0,1,0,13,0,4,0,0,0,0,0,302,0,0,0,0,0,1,0,0,0,0,9,0,31,1,0,1,0,0,0,0,0,0,0,0,1,0,307,4,0,0,0,0,0,0,1,22,1,104,3,1,3,0,17,0,0,0,0,0,0,14,0,16,0,0,582,0,0,1,0,0,150,0,0,0,0,0,0,0,0,0,0,63,1,4,0,0,7,38,0,1,1,0,0,0,6,1,0,1,29,5,512,0,1,0,0,0,0,0,0,1,0,0,0,4,0,0,0,0,0,21,2,0,1,0,1,0,1,4,0,0,1,0
"320",0,0,3,7,10,0,1,0,0,0,0,0,0,0,11,0,10,15,0,0,0,0,0,130,0,2279,0,0,43,32,0,0,0,68,0,0,0,0,4,0,17,0,1,0,0,0,0,1,0,1,0,18,0,0,0,28,0,1,0,38,17,0,1,10,96,0,0,0,0,0,0,0,0,0,0,0,0,1,0,29,10,1,0,0,0,0,17,0,0,24,0,52,8,0,0,0,0,0,0,0,0,24,0,0,0,0,4,104,0,0,32,0,0,16,0,0,0,0,40,0,25,0,0,1,83,2,0,0,2,0,1,3,0,26,0,0,7,0,1,0,33,0,0,0,1,0,3,0,6,6,3,1,0,0,0,0,0,2,0,11,0,0,0,0,0,0,0,0,0,0,0,0,4,0,0,0,0,0,56,0,0,0,0,0,44,0,0,0,0,0,0,31,40,0,0,2,0,0,0,0,0,0,0,0,0,209,0,0,0,0,0,0,0,1,1,0,61,0,1,0,0,1,0,0,4,0,0,0,2,0,149,0,0,30,0,0,2,0,0,2,0,0,0,0,0,0,0,1,0,0,0,0,0,0,36,35,4,0,0,0,3,0,0,2,0,0,0,0,0,2,0,0,45,1,0,0,0,0,10,1270,0,9,227,0,501,0,0,3,0,21,0,0,0,0,0,0,7,0,0,6,0
"321",0,0,0,0,0,0,0,21,0,0,0,0,0,0,1,0,0,0,0,0,0,20,0,96,0,13,0,0,37,122,0,0,0,26,0,0,896,0,23,0,8,0,1,0,0,0,0,0,0,0,47,0,0,0,0,44,6,0,0,0,0,12,0,2,0,0,0,0,20,0,24,0,0,0,0,198,0,0,0,0,0,2,0,0,0,1,0,0,0,0,11,0,10,0,0,0,0,0,0,0,2,4,0,0,0,0,4,104,0,0,0,0,0,16,0,0,1,0,40,4,7,0,0,1,137,74,0,0,0,0,1,3,0,1,0,0,7,37,0,0,0,0,0,0,1,0,3,0,0,44,3,1,0,0,0,0,0,3,0,11,0,2,0,0,0,1,0,0,0,0,0,0,4,0,0,0,0,0,940,0,0,0,0,16,0,0,0,0,0,0,0,31,1,0,0,0,0,0,0,0,0,0,0,884,0,1,0,0,0,0,138,0,0,1,1,0,12,0,227,0,15,1,109,0,0,0,0,0,108,0,2,0,4,364,0,0,0,0,0,2,0,0,0,0,0,0,0,0,0,0,0,0,0,0,0,0,2,0,0,0,0,0,6,0,21,0,0,0,0,41,0,0,0,2198,0,0,0,0,0,1485,0,194,1032,0,0,26,0,0,0,0,0,0,0,0,0,0,0,0,0,0,0
"322",0,3,0,9,0,0,2,0,0,0,0,0,0,0,1,0,0,0,0,0,0,58,0,137,0,1376,0,0,12,0,157,0,0,0,0,0,43,0,0,0,18,0,0,0,0,0,0,3,0,4,10,31,0,0,0,39,0,0,0,275,0,0,0,20,0,0,0,1,0,0,91,0,0,0,0,0,0,0,0,178,36,0,0,3,0,1,0,0,0,30,0,32,3,0,0,9,0,0,0,0,0,0,0,6,13,0,0,2377,0,772,0,0,0,0,0,0,0,2,0,0,0,0,0,1,0,0,2,0,0,0,0,0,0,3,0,19,1,32,0,0,7,0,0,0,0,0,39,41,0,0,0,0,0,0,0,0,0,0,0,73,0,0,0,0,0,0,0,0,0,0,7,0,1,0,0,0,0,0,287,0,0,0,0,0,0,0,0,0,0,0,0,0,1,1,0,0,0,0,0,0,0,0,0,114,0,8,10,0,1,2,0,0,0,0,103,0,65,268,0,0,0,8,0,0,0,0,0,0,102,0,0,1,0,208,0,0,0,0,0,18,0,0,0,0,0,35,0,0,0,0,0,0,27,0,85,2,1,0,0,12,0,0,0,4,21,0,0,0,8,2,0,0,45,1,0,0,0,0,0,1271,0,0,1097,0,0,0,0,0,61,11,0,0,0,0,0,0,6,0,0,143,0
"323",0,0,0,1,0,0,14,0,0,0,0,0,0,8,0,0,0,0,0,0,0,0,0,0,0,1628,0,0,0,0,0,0,0,0,0,20,0,315,0,0,0,0,0,0,0,150,0,0,0,0,0,0,0,0,0,0,0,1,0,0,0,0,0,0,0,0,0,0,0,0,0,0,0,0,0,201,0,0,0,0,0,0,0,0,12,1,0,0,0,0,0,0,0,0,0,0,0,0,0,0,0,0,0,0,1,0,0,3955,0,0,0,0,0,0,0,0,0,1,0,0,0,0,0,0,0,0,0,0,0,0,0,0,0,0,0,30,0,0,0,0,0,0,0,0,0,0,0,0,0,0,28,74,0,0,0,0,0,0,0,38,0,0,0,0,0,0,0,0,0,0,0,0,0,0,0,0,0,0,0,0,0,0,0,0,0,0,0,0,0,0,0,0,0,0,0,0,0,0,0,0,0,0,0,0,1997,178,0,0,0,1,0,0,0,0,0,0,0,0,0,0,0,0,0,0,0,0,0,0,0,0,0,0,0,32,0,0,0,0,1,0,0,0,0,0,0,0,0,0,0,0,0,0,0,0,0,0,0,0,0,0,0,0,0,0,0,0,0,0,1,8,0,0,25,0,3,0,0,7,11,917,0,0,298,0,0,0,0,0,0,0,41,0,0,0,0,0,0,0,0,0,0
"324",0,0,0,20,0,0,0,0,0,0,0,0,4,53,421,0,0,0,0,0,0,9,0,351,0,203,0,0,20,48,523,0,0,60,0,0,5,0,15,0,12,0,1,0,0,0,0,0,0,4,78,102,0,0,106,3,0,0,0,1,0,0,0,0,0,8,0,2,0,0,12,0,0,0,0,0,0,10,0,0,16,0,0,0,28,15,0,0,7,45,0,8,35,0,0,0,0,0,0,0,3,0,0,8,1,0,4,104,0,0,0,0,0,147,0,0,0,0,40,8,0,0,0,1,14,2,0,0,2,0,1,3,0,0,0,13,7,0,19,0,1250,0,0,0,1,0,3,0,0,0,3,1,0,0,0,0,0,0,0,11,0,0,0,0,0,0,0,0,0,0,21,0,4,0,0,0,0,13,96,0,0,0,0,3,0,0,0,0,0,0,0,31,1,0,0,0,0,0,1,0,0,0,0,0,0,271,0,5,0,2,0,0,0,14,1,0,85,0,603,0,0,1,0,0,1,0,0,0,41,0,2,0,2,525,0,0,0,0,0,2,0,0,0,0,0,1,0,1,0,0,2,0,0,0,0,226,25,0,7,93,1,0,0,0,0,0,1,0,0,22,9,17,72,4,1,1,0,0,1,135,0,43,11,0,0,0,0,0,0,0,0,0,0,0,12,0,147,0,0,42,0
"325",0,0,1,3,0,0,0,0,0,0,0,0,1,0,15,0,69,0,1,0,0,11,0,70,0,1412,0,0,0,2,0,0,0,119,0,0,0,42,0,2,0,0,1,0,0,867,0,1,0,0,1,0,0,0,0,2,0,0,0,1,0,0,0,7,0,0,0,0,0,0,8,0,1,0,0,49,0,0,0,42,9,2,205,0,0,1,0,1,0,0,0,2,0,0,0,1,15,0,0,0,0,1,0,0,0,0,4,104,0,0,0,0,8,16,0,0,0,0,40,0,0,0,0,1,14,2,0,0,0,0,1,3,0,0,5,0,7,0,0,0,3,0,0,0,1,0,3,0,0,0,22,1,0,3,0,0,0,0,38,11,0,0,5,0,0,0,0,0,0,0,13,0,4,0,0,0,0,0,77,0,0,0,0,0,8,0,0,0,0,0,0,31,1,8,0,0,0,0,0,0,0,0,0,1317,0,10,3,0,0,0,0,0,11,1,1,0,12,0,1,0,0,36,0,0,0,0,0,0,2,0,2,0,0,1567,21,0,2,0,0,56,0,0,0,0,0,69,0,0,0,0,0,4,0,0,0,3,1,0,0,0,0,0,0,0,0,0,0,0,0,37,0,24,135,0,0,0,0,0,0,3643,0,0,4,0,0,17,8,1,0,0,0,0,0,7,0,3,33,0,0,13,0
"326",0,0,0,0,0,3,4,0,0,0,0,15,15,0,125,0,0,0,0,0,0,0,0,267,0,136,0,0,179,0,919,0,63,36,0,0,29,0,0,0,13,0,0,0,0,190,0,0,0,0,0,753,0,1,0,0,0,0,0,0,0,0,0,0,0,0,100,0,102,0,0,0,3,0,0,376,0,0,0,0,85,0,0,0,2,6,1,2,0,71,0,71,35,0,0,31,0,0,0,0,0,173,3,91,2,0,0,1714,0,0,0,0,6,0,2,223,0,0,17,0,38,0,0,2,105,0,0,0,0,0,0,0,0,0,0,0,18,60,0,0,17,0,0,0,469,0,10,0,0,0,9,0,0,0,1,0,0,0,216,85,0,0,0,0,0,0,0,0,0,0,0,0,0,0,0,0,0,0,384,0,0,0,0,0,0,0,0,0,0,0,0,25,0,0,0,0,0,0,0,0,0,0,0,14,0,48,1,0,0,331,0,0,0,0,0,0,0,37,310,0,0,1,0,0,12,0,0,0,99,5,0,0,0,473,0,0,0,0,0,150,0,0,0,0,75,0,0,0,0,0,0,0,0,0,37,21,0,0,4,0,0,0,0,0,0,0,0,0,0,120,0,0,163,0,20,0,0,0,0,8,0,0,513,0,0,4,0,0,21,0,0,0,0,0,105,0,5,0,0,122,0
"327",0,0,0,32,0,0,10,11,0,0,0,0,0,7,4,0,0,0,0,0,0,99,0,44,0,2546,0,0,2,0,0,0,0,160,0,0,10,0,0,0,7,0,630,79,0,655,0,0,0,0,0,20,0,0,0,0,4,0,0,0,0,15,0,0,0,0,0,0,18,0,47,0,0,0,0,0,0,0,0,0,21,0,31,0,0,0,1,0,0,0,0,1,1,0,0,2,0,0,22,0,0,2,0,0,0,0,4,2115,0,0,0,0,0,16,0,0,0,0,40,4,0,0,11,1,14,2,43,0,0,0,1,3,0,0,0,0,7,8,0,0,4,0,0,0,1,5,3,0,0,0,3,1,0,0,4,0,0,0,0,11,0,0,0,0,0,0,0,0,0,0,0,0,4,0,0,0,0,0,666,0,0,0,0,0,0,0,0,0,0,0,0,31,1,0,0,0,0,1,0,0,0,0,0,0,126,26,0,0,0,8,0,0,0,1,1,0,138,0,218,8,80,1,0,0,0,0,0,0,2,0,123,1,0,623,0,0,0,0,0,2,0,0,0,0,0,0,0,0,0,0,0,4,0,0,0,10,1,0,0,0,0,0,0,0,0,0,0,0,0,28,0,33,34,0,0,0,0,0,8,286,0,0,476,0,0,0,0,1,1,0,0,0,0,0,8,0,3,0,0,397,0
"328",0,0,0,2,0,0,0,0,0,0,0,0,12,0,1,0,0,0,0,0,72,12,0,27,0,9,0,0,12,3,240,0,0,41,0,0,48,22,104,0,3,0,0,79,0,547,0,0,1,0,3,46,0,0,18,0,0,0,0,0,0,15,0,3,0,0,4,0,0,0,0,0,0,14,0,140,0,0,0,16,37,0,0,0,148,0,3,0,0,51,2800,1,0,0,0,0,0,0,44,0,0,0,0,0,0,0,200,339,0,0,0,0,0,121,0,0,0,24,27,1,0,0,0,4,63,266,0,0,0,0,124,581,0,1,0,0,1,7,0,0,0,0,0,0,0,0,0,0,0,0,14,0,0,64,1,0,0,0,0,12,0,0,0,0,0,0,0,0,0,0,1,0,0,0,0,0,0,61,0,0,0,0,0,0,0,0,0,0,0,0,0,70,3,0,0,0,0,0,0,0,0,0,0,66,0,4,0,0,2,14,0,0,0,17,0,0,116,87,211,0,0,10,0,0,0,0,0,0,271,0,88,0,0,4,0,0,0,0,0,1,0,0,0,0,0,0,0,0,0,0,0,0,0,0,0,0,1,0,0,7,0,0,0,0,1,0,0,0,0,1,0,0,734,0,0,0,0,0,1,1405,0,0,203,0,0,0,0,0,0,25,0,0,0,0,160,0,1,0,0,10,0
"329",0,0,0,8,0,0,0,0,0,0,0,0,0,0,1,2,13,0,0,11,0,38,0,398,0,312,0,0,2,19,0,0,0,124,0,0,3,0,0,0,0,0,0,0,0,0,0,0,0,0,7,46,0,0,0,4,0,0,0,0,0,0,0,0,0,0,0,1,6,0,0,0,0,156,0,0,0,0,0,0,0,0,0,0,0,0,0,0,0,0,442,2,3,0,0,0,0,0,29,0,0,24,0,0,0,0,0,573,0,0,0,0,0,0,0,0,0,0,0,0,0,0,0,1,135,0,0,0,0,0,0,12,0,2,0,0,2,12,0,0,2,0,0,0,0,0,0,0,0,0,0,0,62,27,0,0,0,0,0,0,0,0,0,0,0,0,0,0,0,0,0,0,0,0,20,0,0,0,0,0,0,0,0,0,0,1,0,0,0,0,1,122,1,1,0,0,0,0,0,0,0,0,0,0,0,0,0,0,2,3,0,0,0,0,0,0,0,0,140,0,0,0,0,0,0,0,0,0,0,0,50,0,0,979,0,0,0,0,0,0,0,0,0,0,0,0,0,0,0,0,0,0,0,0,0,7,11,0,0,0,0,0,0,0,0,0,0,0,0,98,0,0,162,1,0,0,0,0,0,5460,0,38,122,0,0,0,0,3,0,0,0,0,0,0,202,0,11,0,0,88,0
"330",0,6,0,0,0,0,1,0,0,0,0,0,3,0,0,0,0,0,0,0,0,57,0,1,0,2554,0,0,5,0,0,0,0,64,0,0,0,0,0,0,0,0,0,0,0,22,0,0,0,0,0,0,0,0,0,0,0,0,0,134,0,0,0,20,0,0,0,0,0,0,0,0,0,0,0,0,0,10,0,25,0,0,53,0,0,0,55,0,0,0,0,23,2,0,0,0,0,0,0,0,0,5,0,0,0,0,0,423,0,49,1,0,12,0,0,3,0,1,110,0,0,0,0,0,139,0,0,0,0,0,0,0,0,0,0,0,0,0,0,0,33,0,0,1,0,0,0,0,0,0,39,0,4,0,0,0,36,0,0,0,0,0,0,0,0,0,0,0,0,0,0,0,5,0,0,0,0,0,0,1,0,0,0,3,7,0,0,0,0,0,0,116,0,0,0,0,0,0,0,0,0,0,0,5,0,169,0,0,7,1,5,0,0,0,0,1,0,0,603,0,79,0,0,0,0,0,0,0,0,0,0,0,0,1685,0,0,0,0,0,0,0,0,0,0,8,0,0,0,0,0,0,0,0,0,72,24,0,0,0,0,0,0,0,0,3,0,0,0,0,22,0,0,309,0,0,0,0,0,0,2523,0,0,425,4,0,0,0,0,0,0,0,0,0,0,0,0,33,0,0,0,0
"331",0,0,0,51,0,0,0,0,0,0,0,0,0,0,1,0,17,0,0,0,0,12,0,218,0,1824,0,0,22,0,332,0,0,90,0,0,0,316,41,0,9,0,1,0,0,137,0,0,22,0,0,183,0,0,0,0,0,0,0,2,31,0,0,0,0,0,0,62,0,0,0,0,0,0,0,0,0,0,0,0,68,0,0,0,0,12,0,0,0,136,450,9,0,0,0,0,0,1,0,0,0,9,0,0,0,0,4,104,0,0,0,0,0,16,0,0,0,0,40,8,0,0,0,25,14,2,0,0,0,0,1,3,0,8,0,6,7,0,0,0,0,0,0,0,95,0,3,26,0,0,3,1,0,0,0,0,0,0,160,11,0,0,0,0,0,0,0,0,0,0,3,0,4,0,0,5,0,0,4,1,0,0,0,0,0,0,0,0,0,0,0,135,32,7,0,0,0,0,0,0,6,0,0,0,0,31,0,0,0,5,0,0,0,1,1,0,12,0,1,0,1,1,0,0,0,0,0,0,63,0,156,0,0,141,0,0,0,0,0,2,0,0,0,0,0,0,0,0,0,0,0,0,0,0,0,0,26,0,0,0,0,0,0,2,0,0,0,0,0,98,5,8,59,0,0,0,0,0,0,1270,0,0,203,0,0,0,0,0,0,8,0,0,0,0,103,0,4,0,1,291,0
"332",0,0,0,36,0,0,1,13,0,0,0,0,0,0,36,2,0,0,0,0,21,50,0,130,0,74,0,0,49,0,166,0,0,237,0,0,0,44,0,6,56,0,0,67,0,116,0,0,1,0,0,0,0,0,34,2,0,2,0,27,9,0,9,8,171,0,0,0,0,0,25,1,0,4,0,0,0,0,36,31,0,0,2,0,0,0,1,0,2,51,0,2,20,0,0,0,0,0,81,0,0,0,0,0,0,0,0,131,0,0,0,0,0,145,0,0,0,0,10,2,0,0,0,2,123,0,0,0,2,0,53,0,62,0,1,0,28,0,0,0,40,0,0,0,0,0,17,26,3,1,1,0,0,3,2,0,7,0,0,0,0,0,0,1979,0,0,0,3,0,0,0,7,0,0,0,0,0,110,99,3,0,0,0,0,2,0,0,0,0,0,0,55,6,1,0,1,0,0,0,0,2,0,0,1,2336,45,0,0,3,9,0,0,0,9,15,0,266,35,1,0,0,0,0,0,0,0,31,0,140,0,16,0,0,493,0,0,0,0,0,0,0,0,0,85,0,28,0,35,0,0,0,3,8,0,7,37,0,0,3,9,1,0,0,12,0,0,0,0,0,8,1,33,71,0,5,0,0,0,13,1352,0,0,37,0,0,0,0,1,0,12,0,0,0,0,227,0,32,0,0,37,0
"333",0,0,0,0,0,0,1,0,0,0,0,10,0,0,10,0,41,0,0,1,0,7,0,39,0,3052,0,0,12,0,0,177,2,347,0,0,0,114,0,0,0,0,1,24,0,0,0,0,0,0,127,0,0,0,0,3,0,0,0,0,0,3,0,0,0,0,1,0,7,15,1,0,0,0,0,0,0,0,0,6,0,0,346,0,71,0,0,1,0,186,0,8,0,0,0,0,0,0,38,0,0,1,0,0,0,0,200,2664,0,0,0,6,0,16,0,0,0,0,40,0,0,0,0,1,14,2,0,0,2,0,21,753,0,0,0,0,7,17,0,0,0,0,0,0,1,0,3,0,0,0,3,1,0,0,0,0,0,0,0,11,0,0,0,0,0,0,0,0,0,13,0,0,4,0,0,0,0,1,51,0,0,0,0,0,0,0,0,0,0,0,0,166,1,0,0,0,104,0,0,0,0,0,0,6,0,11,0,0,0,13,0,0,0,1,1,0,58,0,1,0,0,48,0,0,0,0,0,0,2,0,130,0,0,194,0,0,0,0,0,2,0,0,0,0,0,0,0,0,0,0,27,3,0,0,22,1,0,0,0,2,0,0,0,1,0,1,0,0,0,2,99,100,629,0,0,0,0,0,1,2015,0,0,98,0,0,0,0,0,0,4,0,0,0,0,1,0,1,0,0,65,0
"334",0,0,0,0,0,0,1,34,0,0,0,0,0,0,11,45,0,0,0,0,49,15,0,0,0,22,0,0,30,15,169,477,0,68,0,0,29,213,0,0,0,0,0,43,0,31,0,32,0,0,0,0,2,0,5,0,0,0,0,203,0,0,0,0,0,0,12,0,0,26,12,0,0,0,0,0,0,0,0,52,0,3,157,0,117,0,53,0,0,38,0,0,0,0,0,0,0,0,11,0,0,0,0,1,0,1,0,3713,0,0,0,0,0,84,3,0,0,0,211,0,0,0,0,0,30,0,0,0,4,52,9,353,0,0,0,0,0,0,0,0,0,0,0,0,0,0,12,0,1,0,38,0,0,0,0,0,0,0,64,139,0,0,0,215,0,1,0,0,0,0,1,0,0,0,0,0,0,21,13,0,0,0,0,0,7,0,0,0,32,14,22,64,0,0,0,0,0,0,0,11,0,0,0,23,2,22,0,0,1,0,0,0,0,30,0,0,119,276,0,0,18,5,0,0,0,0,0,0,0,0,244,1,0,49,0,0,0,0,0,0,0,0,0,0,0,0,0,0,0,0,0,10,61,1,70,0,0,0,3,6,0,0,0,0,0,0,0,0,0,11,0,19,139,0,8,0,0,0,6,1475,0,0,153,0,0,0,0,0,14,11,74,23,0,0,7,0,4,0,0,22,0
"335",0,0,0,0,0,1,0,9,0,0,0,0,0,74,8,0,0,0,0,0,0,0,0,3,0,0,0,0,38,21,277,0,0,55,0,0,57,84,0,0,0,1,0,0,8,0,0,0,0,0,0,0,0,0,0,0,1,0,0,14,0,0,0,0,0,0,200,0,0,0,1,0,1,0,0,1,1,0,0,30,0,0,275,0,0,0,0,0,1,54,0,9,10,0,0,0,0,0,0,0,0,6,0,0,0,0,0,5712,0,0,0,0,0,107,5,0,0,1,168,0,0,0,21,1,561,0,0,0,0,0,0,307,0,8,0,2,285,0,0,0,15,0,0,0,0,0,0,0,0,0,13,0,0,5,0,0,0,0,0,0,0,0,0,1,0,0,3,0,0,0,7,0,0,0,0,0,0,0,0,0,0,0,0,0,10,0,0,0,0,0,0,0,1,0,0,0,0,0,0,0,0,0,0,0,0,12,0,0,2,3,0,0,0,0,0,8,124,0,98,0,0,0,0,0,0,0,0,0,59,2,0,0,0,0,0,0,0,0,0,0,0,0,0,0,0,0,0,0,0,0,0,1,5,0,6,0,14,0,0,0,0,0,0,9,0,0,0,0,0,3,0,0,521,0,45,0,0,0,3,0,0,0,31,0,0,0,0,8,0,0,0,0,1,0,248,0,270,0,0,53,0
"336",0,6,0,0,0,0,0,0,0,0,0,0,2,0,29,0,0,0,0,0,0,13,0,0,0,2995,0,10,15,12,1,0,0,0,0,0,0,27,9,0,0,0,142,15,0,526,0,0,0,0,29,112,0,0,0,0,0,0,0,0,0,0,0,0,0,0,36,0,6,0,0,0,0,0,0,0,0,0,0,5,0,14,54,0,0,27,0,0,0,0,0,14,0,0,0,0,0,0,0,0,0,0,0,79,0,0,0,1331,0,0,0,0,0,0,0,0,0,0,71,0,25,0,122,1,163,0,0,0,0,0,0,6,0,0,0,14,3,52,0,0,66,0,0,0,0,0,26,0,4,0,0,0,0,0,0,0,0,0,0,0,0,0,0,0,0,0,0,0,0,0,3,0,0,0,0,0,0,0,14,0,0,0,0,0,0,0,0,0,0,0,0,52,0,0,0,0,0,0,0,570,0,0,0,0,6,19,0,0,0,0,0,0,0,0,0,0,75,0,227,0,0,0,0,0,0,0,0,0,80,0,67,0,0,1263,0,0,0,0,0,0,0,0,0,0,6,0,32,0,0,0,0,0,0,0,0,0,4,0,0,0,0,0,0,3,0,0,0,0,0,160,0,17,1255,0,0,0,0,0,0,7,0,57,0,0,0,0,0,0,0,0,0,0,0,0,9,0,14,0,0,0,0
"337",0,0,0,0,0,0,0,0,0,0,0,0,0,0,60,0,0,0,0,0,0,0,0,12,0,2302,0,0,62,115,164,0,0,0,0,0,0,0,0,0,0,0,0,0,0,0,0,0,1,0,0,0,0,0,0,0,0,0,0,0,0,0,0,0,0,0,0,0,0,0,0,0,0,0,0,0,0,0,198,31,0,0,27,0,0,17,4,0,0,107,0,77,0,0,0,0,0,0,0,0,0,0,0,0,0,0,0,1435,0,0,0,0,0,10,0,0,0,0,28,0,0,0,3,14,59,0,0,0,0,0,0,18,0,0,0,0,5,0,0,0,34,0,0,0,0,0,0,0,0,11,20,0,0,0,1,0,0,0,0,0,0,0,0,1378,0,0,0,0,0,0,0,0,0,0,0,0,0,0,0,0,0,0,0,0,0,0,0,0,0,0,0,0,2,0,0,2,0,0,0,0,0,0,485,0,0,0,0,0,1,54,0,0,0,29,0,0,0,0,178,0,0,0,0,0,0,0,0,0,10,0,68,0,0,323,0,0,0,0,0,0,0,0,0,0,0,46,0,0,0,0,0,0,0,0,5,0,0,0,0,0,0,0,0,4,0,0,0,0,0,0,0,0,703,0,0,0,0,0,0,1671,0,0,0,0,0,0,0,0,0,0,0,0,0,0,215,0,12,0,0,0,0
"338",0,0,0,1,0,0,1,60,0,0,0,0,0,0,5,0,0,0,0,19,0,0,0,0,0,0,0,0,2,0,689,0,0,11,0,0,2,0,0,0,0,0,1,74,0,528,0,0,0,1,0,0,0,0,0,0,0,0,0,325,0,96,0,0,0,0,36,0,0,0,348,0,0,0,0,0,0,0,0,692,0,0,0,0,830,0,0,0,0,79,0,0,1,0,0,0,0,1,62,0,0,0,0,0,0,0,346,2504,0,0,0,0,0,16,0,0,0,0,40,0,0,0,0,13,118,2,0,0,0,0,1,3,0,0,0,1,7,0,0,0,0,0,0,0,1,0,3,0,0,4,3,1,0,0,0,0,0,0,0,497,0,0,0,0,0,0,0,0,0,0,0,0,4,0,0,0,0,110,117,24,0,0,0,0,0,0,0,0,0,0,0,31,1,1,0,0,0,0,0,0,0,0,0,0,0,1,0,0,0,0,0,0,0,1,1,0,12,0,1,0,0,1,0,0,0,19,0,0,222,0,175,0,0,105,0,0,0,0,0,2,0,0,0,0,0,35,0,0,0,0,0,0,0,0,0,0,0,0,0,0,1,0,0,0,0,0,0,0,0,5,0,0,71,0,0,0,0,0,1,2410,0,0,351,0,0,0,0,0,0,123,0,0,0,0,56,0,20,0,0,0,0
"339",0,0,0,0,0,0,2,0,0,0,0,0,0,239,0,0,4,0,0,0,176,43,0,0,0,0,0,0,30,0,16,0,0,66,0,0,21,85,0,0,0,0,0,151,0,82,0,0,0,0,0,0,0,0,0,0,0,0,0,0,0,0,0,0,0,0,110,0,2,13,0,0,0,0,0,0,0,0,0,24,0,0,372,0,110,6,0,0,0,81,0,0,0,0,0,0,0,0,11,0,0,0,0,0,3,1,35,1126,0,0,0,2,0,123,0,1,0,0,99,0,0,0,0,0,413,0,39,0,0,0,12,1144,0,0,0,0,0,0,1,0,52,0,0,0,0,0,6,3,0,0,8,57,1,0,1,0,0,0,0,27,0,0,0,0,0,0,0,0,0,7,12,0,132,0,0,0,0,73,171,1,0,0,0,0,52,0,1,0,76,0,0,13,0,0,278,0,0,0,1,0,0,0,0,0,0,7,0,0,0,0,0,0,0,0,11,0,43,31,0,0,812,0,0,0,0,0,0,0,0,0,243,0,0,132,0,0,0,0,0,0,0,0,120,0,1,0,0,0,0,0,42,4,65,0,6,1,0,0,1,0,2,29,0,0,0,0,0,0,0,25,8,3,374,0,0,0,0,0,6,1581,0,0,295,0,0,0,0,0,19,106,0,4,0,0,96,0,0,0,0,291,26
"340",0,0,0,0,0,0,0,0,0,0,0,0,1,0,1,0,0,0,0,0,5,36,0,0,0,1979,0,0,215,0,1,0,0,60,0,0,8,49,1,0,0,0,1,34,0,223,0,0,5,0,0,23,0,0,0,0,0,0,0,61,0,0,2,1,0,0,169,0,0,0,6,0,0,19,0,0,0,1,0,22,0,2,174,0,0,1,0,0,0,141,712,23,134,0,0,1,0,0,0,0,0,0,0,0,1,0,165,1279,0,0,0,0,0,16,0,0,0,1,434,0,0,0,0,1,259,2,0,0,0,0,1,3,0,0,0,0,7,0,0,4,17,0,0,0,1,0,3,0,0,0,35,1,0,0,0,0,0,0,0,11,4,0,0,0,0,0,0,0,0,0,0,0,4,0,0,0,0,27,409,0,0,0,0,0,0,0,0,0,2,0,11,31,1,0,0,0,32,0,0,0,0,0,0,0,0,31,0,0,0,3,0,0,0,1,1,2,89,27,81,0,0,1,0,0,0,0,0,0,2,0,95,0,0,463,0,0,0,0,0,2,0,0,0,0,0,0,0,1,0,0,4,2,3,0,11,63,2,0,1,0,7,0,0,0,0,0,0,0,90,16,0,0,88,0,17,0,0,1,2,735,0,0,381,0,0,0,29,0,11,0,0,0,0,0,89,0,29,0,0,0,0
"341",0,0,2,0,0,0,9,12,136,0,0,2,0,0,14,3,40,3,3,0,3,14,0,44,0,225,0,0,2,0,1013,0,6,44,0,0,0,236,0,0,0,0,1,0,0,0,0,6,0,0,64,0,0,0,0,24,0,0,5,386,30,38,0,236,0,0,0,0,0,38,0,0,0,0,0,655,0,0,0,107,31,0,2,0,0,2,0,0,0,0,0,4,1,0,0,0,0,0,6,0,0,4,0,0,0,0,4,104,0,0,0,16,0,16,0,0,1,0,40,0,10,0,0,1,118,2,0,0,14,0,37,3,0,0,3,0,7,0,64,0,6,0,0,0,1,0,3,4,4,0,19,69,0,27,0,0,0,0,0,11,0,0,0,470,0,0,0,0,0,0,0,0,4,0,0,0,0,15,171,1,0,0,0,5,10,0,0,0,0,0,0,31,1,16,0,0,0,1,0,0,0,0,0,121,1627,167,4,0,0,0,0,0,0,1,1,0,12,0,1,0,0,68,0,0,0,0,0,0,31,0,81,1,0,105,0,0,4,0,0,2,0,0,146,0,0,0,0,0,0,0,0,0,24,0,7,5,8,0,2,5,21,0,0,2,57,0,0,0,14,80,1,0,66,100,0,0,9,0,5,1348,0,0,134,0,0,1,0,0,0,13,0,0,0,0,7,0,0,0,0,90,37
"342",0,0,0,3,0,0,0,0,0,0,0,0,0,0,0,1,0,0,0,0,0,150,0,3,0,0,0,0,1,0,121,0,0,0,0,0,0,0,6,0,2,0,1,223,0,724,0,0,0,0,0,0,0,0,0,0,2,0,0,42,3,0,0,0,0,0,26,0,0,0,0,0,0,0,0,0,0,0,0,457,0,0,236,0,67,0,0,0,0,0,0,1,2,0,0,0,4,0,0,0,0,0,0,0,13,0,4,744,0,330,0,0,0,16,0,0,0,0,414,0,0,0,0,1,1292,2,0,0,0,0,1,182,0,0,9,0,67,0,0,4,3,0,0,0,1,0,3,0,0,0,3,1,0,0,0,0,0,0,0,11,0,0,0,0,0,0,0,0,0,0,0,0,4,0,0,0,0,99,109,0,0,0,0,0,13,0,0,0,0,0,1,31,1,0,0,0,0,0,0,0,0,0,0,0,0,9,0,0,0,0,5,0,0,1,1,0,69,0,16,0,4,1,0,0,0,0,0,0,2,0,140,0,0,1,0,0,0,0,1,2,0,0,0,0,7,0,0,0,0,0,244,0,18,0,71,0,0,0,0,0,1,0,0,2,128,0,0,0,0,0,0,0,331,0,0,0,0,0,3,3882,0,0,659,0,0,0,0,0,14,0,0,0,0,0,9,0,191,0,0,245,0
"343",0,0,0,0,51,0,0,0,0,0,0,0,2,0,18,0,0,0,0,0,62,2,0,207,0,1580,0,0,16,3,62,267,1,0,0,0,0,183,0,0,0,0,1,0,0,25,0,0,0,0,3,137,0,0,0,17,0,0,0,142,0,0,0,0,0,0,52,0,7,0,0,0,0,8,0,0,0,0,0,0,0,0,1,0,0,5,0,0,0,37,0,0,8,0,0,0,0,0,0,0,0,0,0,6,0,0,4,104,0,0,0,0,0,216,0,0,0,0,40,0,0,0,0,1,175,2,0,0,0,0,1,3,0,0,0,0,7,0,0,0,4,0,0,0,1,0,3,7,0,85,3,1,0,0,0,0,0,0,0,11,0,0,0,0,0,0,0,0,0,0,0,0,4,0,0,0,0,0,4,1,9,0,0,0,15,0,0,0,0,0,0,31,8,0,0,1,0,0,0,0,0,0,0,0,0,1,0,0,0,6,3,0,0,1,1,1,12,0,1,0,0,1,0,0,0,0,0,0,34,0,2,0,0,634,0,0,8,0,0,2,0,0,0,0,9,45,0,0,0,0,0,0,0,0,3,1,0,0,0,0,10,0,0,3,1,0,0,0,0,122,0,0,487,0,0,0,0,0,0,2417,0,0,137,0,0,0,0,0,0,0,0,0,0,0,0,0,83,0,0,95,0
"344",0,0,0,154,0,0,28,0,0,0,0,0,0,0,130,0,39,0,0,0,11,35,0,158,0,3922,0,0,223,0,3,0,0,17,0,0,25,1,0,0,0,0,1,9,0,30,0,0,0,0,8,26,0,0,0,2,0,1,0,15,0,0,0,0,0,0,225,0,0,30,0,0,0,7,0,0,0,0,0,4,0,0,1,0,31,62,4,0,0,0,0,211,3,0,0,3,0,0,1,0,0,0,0,0,0,0,4,770,0,0,0,0,0,16,0,0,0,0,40,0,0,0,0,1,14,2,0,0,14,0,1,3,0,0,0,0,7,9,0,2,27,0,0,2,1,0,42,0,0,0,3,1,0,0,0,0,23,0,0,89,0,0,0,188,0,0,0,0,0,0,21,0,4,0,0,0,0,2,4,0,0,0,0,0,13,0,0,0,0,0,4,282,1,0,156,1,0,0,0,0,0,0,0,313,0,92,0,0,0,66,0,0,0,1,1,0,12,0,124,0,0,1,0,0,0,0,0,0,2,0,100,0,0,3143,0,0,0,0,0,68,0,0,0,0,75,0,0,0,0,0,0,0,6,0,4,245,14,0,0,0,5,0,0,0,0,0,0,0,0,353,0,17,162,0,0,0,0,0,4,211,0,0,0,0,0,0,0,1,2,5,0,0,0,0,27,0,2,0,0,93,0
"345",16,1,0,0,0,0,0,90,0,0,0,9,0,59,40,0,0,0,0,4,44,2,0,85,0,1534,0,0,12,103,121,0,6,30,0,0,62,135,0,0,0,0,0,56,0,67,0,1,0,0,8,134,0,1,24,10,5,0,0,3,30,0,0,5,0,2,6,0,59,252,14,0,0,37,0,0,0,0,0,3,7,38,304,0,11,2,1,0,0,1073,13,22,196,0,0,1,0,0,27,0,0,0,0,7,1,1,64,781,0,0,0,0,0,46,1,0,0,0,29,0,0,0,0,0,323,0,156,192,1,0,36,90,0,0,0,0,12,10,0,2,21,0,0,0,0,0,3,53,3,0,21,60,0,21,1,0,0,0,0,5,0,0,0,30,0,0,0,0,0,0,5,0,0,0,0,0,4,27,119,0,0,0,0,0,26,0,0,0,0,0,3,97,22,0,0,0,0,6,0,145,0,0,0,121,0,100,3,0,1,31,0,0,0,3,3,0,32,59,157,0,80,11,0,20,0,0,63,0,6,0,195,1,5,616,0,3,1,0,0,8,0,0,1,89,3,0,0,0,0,0,3,8,17,0,4,4,17,0,5,20,1,0,5,2,2,0,0,40,0,10,0,22,157,0,0,2,1,6,4,296,0,0,98,0,0,0,0,1,11,0,0,15,0,0,237,42,3,0,0,148,20
"346",0,0,0,0,0,0,4,0,0,1,1,0,0,0,22,0,0,0,1,9,0,10,0,85,0,2215,0,0,119,43,157,0,0,19,0,0,5,22,0,1,0,0,1,13,0,92,0,0,0,0,4,0,0,0,0,0,1,0,28,1,0,3,0,0,0,0,232,0,0,0,0,0,0,0,0,0,0,0,0,3,0,0,99,0,0,0,2,0,0,42,0,9,134,0,77,3,0,0,4,0,0,28,0,0,1,0,4,3960,0,0,0,0,0,107,0,0,0,0,40,0,30,0,0,1,247,2,0,0,0,0,1,53,98,0,0,0,87,7,0,0,7,0,0,0,1,0,3,0,0,1,3,1,0,0,0,0,0,0,0,66,0,0,0,79,0,0,1,0,0,0,0,12,4,0,0,0,0,0,4,0,0,0,0,0,2,0,0,0,0,0,54,225,26,0,0,0,89,0,0,0,0,2,0,0,48,10,0,0,3,34,0,0,0,1,25,1,12,0,298,0,0,93,0,0,0,0,0,0,28,23,29,0,1,419,0,0,0,0,10,2,0,14,0,0,6,54,0,0,0,0,0,0,0,5,5,13,2,0,0,2,1,0,0,4,0,0,0,0,0,33,0,0,435,0,0,4,0,0,4,1088,0,0,36,0,0,0,0,0,1,0,0,0,0,0,0,0,11,0,0,75,0
"347",0,0,0,20,0,0,9,0,0,0,0,0,0,0,0,0,0,0,0,0,0,0,0,407,0,4729,0,0,173,18,390,0,0,36,0,0,40,3,14,0,0,0,0,0,0,64,0,0,0,0,0,44,0,0,0,101,0,0,0,0,0,0,0,0,0,0,0,0,0,0,0,0,0,0,0,1,0,0,0,0,135,0,7,0,0,0,69,0,0,52,0,30,10,0,0,0,0,0,0,0,0,24,0,0,0,0,0,1161,0,0,0,0,0,164,0,0,0,0,142,8,96,0,0,1,159,0,0,0,0,0,0,0,0,5,0,3,3,20,0,0,0,0,0,0,0,0,0,0,0,0,32,0,0,0,0,0,0,0,0,34,0,0,0,0,0,0,1,0,0,0,0,0,0,0,0,0,0,0,217,0,0,0,0,0,0,0,0,0,0,0,0,69,0,0,0,0,9,0,0,0,0,0,0,0,0,0,0,0,1,42,0,0,0,0,25,0,0,0,1,0,0,0,0,0,0,0,0,0,130,0,257,0,0,0,0,0,0,0,0,0,0,0,0,0,0,0,0,0,0,0,0,0,0,0,0,0,0,0,0,51,0,0,0,0,0,0,0,0,0,0,0,0,435,0,0,0,0,0,0,19,0,7,264,0,0,0,0,0,0,32,0,0,0,0,0,0,191,0,0,46,0
"348",0,0,0,0,44,0,0,0,0,0,0,0,0,0,0,0,0,0,0,0,0,48,0,0,0,4688,0,0,27,3,1,0,0,0,0,0,12,125,0,0,0,0,0,0,0,0,0,1,1,0,0,0,0,0,0,0,0,0,0,166,4,0,0,0,0,0,17,0,2,0,12,0,0,0,0,0,0,0,0,0,0,11,1,0,0,0,0,1,0,57,0,3,0,0,0,232,0,0,0,0,0,0,0,0,0,0,9,200,0,37,0,0,0,0,3,1,0,0,36,0,0,0,0,2,0,0,0,0,0,0,0,0,0,6,0,0,519,0,117,0,153,0,0,0,0,0,7,0,0,0,0,145,0,7,0,0,0,2,0,0,0,0,0,0,0,0,0,0,0,0,3,0,0,0,0,0,3,0,1,0,0,0,0,0,56,0,0,0,0,0,1,0,40,0,0,0,32,0,0,5,0,9,0,2,0,92,1,0,0,11,0,0,0,0,0,1,60,8,156,0,0,0,0,0,0,0,0,0,0,0,0,0,0,137,0,0,0,0,0,0,0,0,0,18,0,0,0,0,0,0,0,3,26,0,0,0,28,0,0,3,12,0,0,8,0,0,0,0,0,24,10,0,200,0,3,0,0,0,1,2184,0,0,0,0,0,58,0,27,5,0,0,0,2,0,0,0,0,0,0,75,0
"349",0,0,0,0,0,0,3,0,0,0,0,0,0,180,38,0,0,0,0,0,0,45,0,0,0,2637,0,0,78,0,283,0,0,68,0,27,26,64,0,0,0,0,0,53,0,296,0,0,0,0,0,0,0,0,0,0,0,0,0,20,0,0,0,0,0,0,0,0,0,35,18,0,0,0,0,0,0,0,0,29,0,0,0,0,620,0,144,539,0,24,1,7,0,0,0,0,0,0,27,0,5,0,0,0,6,0,95,48,0,61,0,0,0,0,0,0,0,0,10,0,0,2,0,1,0,0,0,0,0,0,40,143,0,0,0,0,0,1,0,0,11,0,0,0,0,0,0,0,0,0,0,5,0,0,1,0,0,1,166,158,0,0,0,207,0,0,0,0,0,0,0,0,0,0,0,0,0,23,353,0,0,0,0,0,0,0,0,0,0,0,0,81,0,0,0,0,0,0,0,0,0,0,0,0,0,9,0,0,0,0,0,0,166,3,7,0,63,4,0,0,0,22,0,0,0,1,0,0,8,0,188,0,0,614,0,0,0,0,0,0,0,0,152,0,0,0,0,0,0,0,119,5,26,0,0,2,2,0,10,0,1,24,0,0,0,0,0,24,2,10,36,76,71,0,0,1,0,0,51,1112,0,0,248,0,0,0,1,0,34,46,0,0,0,0,51,0,0,41,0,81,10
"350",1,0,0,0,0,0,0,19,0,0,24,2,0,126,5,0,0,0,6,0,13,31,0,0,0,802,0,0,0,0,69,20,9,74,2,0,22,309,0,0,0,0,45,4,0,63,45,1,0,0,127,0,0,1,10,3,0,0,0,2,19,13,0,113,0,0,86,0,15,0,12,0,0,5,0,0,2,1,0,4,6,7,185,0,14,0,1,0,0,27,0,79,0,0,0,0,0,0,0,0,0,0,0,6,2,2,2,326,0,0,0,2,0,9,0,0,0,0,73,3,7,0,0,0,28,1,0,0,1,88,1,1,0,0,1,0,0,0,0,0,2,0,0,0,175,0,13,40,2,0,5,0,0,22,0,0,0,0,151,35,0,3,0,0,0,0,0,0,0,0,0,0,0,0,0,0,2,0,341,1,0,0,0,0,16,0,27,0,0,0,1,30,0,0,0,0,0,0,0,0,0,0,0,19,0,4,0,0,0,0,0,0,0,0,33,2,2,19,34,0,0,16,0,15,0,0,0,0,5,11,20,0,0,1,0,0,3,0,0,0,1,0,0,0,0,0,0,0,0,0,4,3,4,0,30,0,4,0,3,273,3,0,0,3,294,0,0,0,13,41,0,2,72,4,0,0,0,8,0,3328,1,1313,306,0,0,0,0,0,36,20,0,0,0,0,0,3,35,12,0,160,0
"351",0,0,0,0,0,0,0,12,0,0,0,0,0,71,18,0,7,1,0,5,13,0,0,0,0,2842,0,0,10,0,0,0,0,103,2,28,461,74,0,0,0,0,1,12,0,30,105,0,0,0,0,0,0,0,0,0,0,0,0,0,0,15,1,0,7,0,60,0,0,0,51,0,0,94,0,0,0,0,0,6,0,0,67,0,4,0,99,0,0,139,26,0,5,0,14,0,0,1,47,0,0,2,0,0,2,0,95,104,0,0,0,94,0,16,0,0,0,0,40,0,0,0,0,1,1856,2,0,0,0,0,13,37,0,0,0,1,41,0,0,0,0,0,0,0,1,0,3,0,0,6,13,33,0,0,207,0,0,4,0,11,0,0,0,0,0,0,0,4,0,0,0,0,4,0,0,0,0,45,4,0,0,0,0,7,0,0,11,0,4,0,0,31,3,0,0,0,0,2,0,0,0,0,1,0,0,1,0,0,0,1,0,0,0,1,1,0,12,87,1,0,92,1,0,0,1,24,0,0,113,0,98,0,0,870,13,0,0,0,1,2,0,0,0,14,0,0,0,0,0,0,8,1,0,0,0,35,0,0,0,7,0,18,0,0,0,0,0,3,0,0,0,6,59,1,0,0,0,0,55,499,0,0,0,0,0,0,0,1,0,0,0,0,0,0,322,0,1,0,0,514,11
"352",0,0,0,0,0,0,0,0,0,0,0,0,0,0,0,0,0,0,0,0,0,0,0,2,0,1048,0,0,95,23,176,0,0,59,0,0,0,171,0,0,0,0,0,0,0,0,0,0,0,0,0,0,0,0,0,0,0,0,0,172,0,0,0,0,0,0,0,0,0,0,0,0,0,0,0,0,0,0,0,27,0,0,0,0,0,0,0,0,0,0,0,116,0,0,0,0,0,0,0,0,0,0,0,0,0,0,0,254,0,10,0,0,0,0,0,0,0,0,14,0,0,0,0,0,0,0,0,0,0,0,0,0,0,0,0,0,0,0,0,0,0,0,0,0,0,0,0,0,0,0,0,0,0,0,0,0,0,0,0,0,0,0,0,3,0,0,0,0,0,0,0,0,0,0,0,0,0,0,105,0,0,0,0,0,0,0,0,0,0,0,0,0,0,0,0,0,0,0,0,0,0,0,0,0,584,0,0,0,0,0,0,0,0,0,0,0,77,0,0,0,0,0,0,0,0,0,0,0,0,0,0,0,0,0,0,0,0,0,0,0,0,0,0,0,0,69,0,0,0,0,0,0,0,0,0,0,0,0,0,0,0,0,0,18,128,0,0,0,0,5273,0,0,813,308,0,0,0,0,0,453,0,0,0,0,0,0,0,0,0,0,0,0,0,0,0,0,0,0,0,0,0
"353",0,0,0,0,0,0,0,3,0,0,0,0,0,0,2,0,0,1,1,19,14,1,0,0,2,203,4,0,0,1,222,1,0,202,0,151,0,2,0,0,1,0,80,25,0,1,0,3,0,0,0,0,0,0,8,9,0,0,0,182,0,122,0,0,4,0,110,25,0,11,1,0,0,15,0,0,0,0,0,5,0,31,149,0,711,4,186,0,0,0,0,0,0,0,27,0,0,0,1,0,0,188,0,0,14,0,199,2836,0,26,0,11,0,101,0,0,0,20,462,0,0,0,0,1,53,93,0,0,1,115,13,3,26,0,0,0,41,7,0,0,0,0,0,0,86,0,88,7,0,0,40,17,0,25,0,0,0,0,63,126,0,0,0,4,0,0,0,0,0,0,3,0,4,0,0,0,0,30,77,1,0,0,0,0,12,0,0,0,55,0,0,148,1,5,200,0,0,0,0,0,0,0,0,469,0,60,8,0,0,0,0,0,49,1,8,2,55,183,1,12,11,71,0,72,5,15,68,0,47,22,345,0,1,0,0,0,9,0,0,180,0,0,180,14,0,0,0,0,0,0,3,1,0,0,79,4,0,0,4,6,2,0,0,2,0,0,61,0,2,162,5,47,657,0,6,0,0,0,6,454,0,0,999,0,0,0,0,0,21,5,45,0,0,0,1,28,6,45,0,30,70
"354",0,0,0,1,0,1,1,0,0,0,16,0,0,184,8,0,0,0,0,0,0,18,0,0,0,1569,0,0,28,24,0,0,0,122,0,0,15,849,0,0,0,0,0,0,0,0,272,0,0,0,0,0,0,0,0,0,0,0,0,141,0,31,0,10,0,19,0,66,8,360,34,6,16,43,0,0,2,3,0,62,24,9,508,0,39,0,0,0,0,74,0,25,15,0,0,0,0,0,0,0,0,0,4,0,3,0,940,1102,0,0,0,0,0,54,0,0,0,3,187,0,0,0,0,0,40,0,0,0,0,0,0,299,0,38,0,0,20,0,0,0,36,0,0,0,0,0,31,0,0,0,0,0,0,6,0,0,0,0,0,0,0,1,0,0,0,0,6,0,0,6,5,0,3,0,0,0,0,15,539,0,0,0,0,0,69,0,0,0,0,0,0,0,32,0,0,0,0,0,0,0,0,0,0,0,0,97,0,0,0,0,0,0,0,0,7,5,108,60,23,0,68,4,0,0,0,0,0,0,46,14,202,0,0,0,0,0,4,0,0,0,0,0,0,0,0,0,0,0,0,0,0,10,39,0,25,0,3,0,0,0,17,0,0,3,0,4,0,0,0,37,0,0,77,0,0,0,0,15,25,503,0,0,66,0,0,0,0,0,236,0,0,0,0,0,153,0,19,0,0,87,0
"355",0,0,0,0,0,0,123,0,0,0,0,0,0,0,32,3,0,0,0,0,0,0,0,0,0,357,0,0,0,0,0,0,0,416,0,0,40,208,0,0,0,0,0,0,0,0,0,0,0,0,0,0,0,0,0,0,0,0,0,0,0,0,0,2,0,0,0,0,0,0,0,0,0,0,0,0,0,0,15,2264,0,0,0,0,0,0,0,0,0,760,0,3,4,0,0,0,0,2,354,0,0,2,0,0,0,0,0,592,0,0,0,0,0,0,0,0,0,0,36,4,0,0,0,3,40,0,0,0,0,0,0,0,0,15,0,0,6,0,0,0,2,0,0,0,0,0,0,5,0,0,46,0,0,0,195,0,0,4,0,0,0,0,0,0,0,0,0,0,0,0,0,0,2,0,0,0,0,194,0,0,0,0,0,0,17,0,0,0,0,0,0,585,0,6,0,0,0,0,0,0,0,0,0,0,0,54,0,0,2,0,0,0,0,0,18,0,204,0,4,0,0,0,0,0,0,0,0,0,0,0,0,0,0,1355,0,0,0,0,0,0,0,0,0,0,0,0,0,0,0,0,88,9,68,0,0,11,0,0,0,27,0,0,0,4,0,0,0,0,0,11,0,0,49,0,0,0,0,0,0,0,0,0,1144,0,0,0,0,0,0,364,0,0,0,0,112,0,11,0,0,128,0
"356",0,0,0,0,0,0,1,13,0,0,1,0,0,0,1,0,1,8,0,0,3,10,0,2,0,1464,1,0,3,17,0,0,0,45,9,0,67,9,0,0,0,0,0,4,0,7,0,1,0,0,0,0,0,0,0,1,0,0,0,61,4,1,0,59,0,0,79,1,0,0,4,1,0,8,0,0,0,0,0,10,0,1,248,0,2,0,64,0,0,26,0,12,148,0,0,4,0,0,0,0,0,0,0,1,0,0,0,4994,0,26,0,0,0,105,3,0,0,0,38,0,0,0,0,0,89,0,0,0,0,0,0,2,0,2,0,0,41,0,0,2,43,0,1,0,0,417,1,0,1,85,4,0,0,3,0,0,0,0,0,1,0,0,0,0,0,0,0,0,0,0,16,0,1,0,27,0,0,0,44,1,0,0,0,0,11,20,0,0,0,0,130,4,1,1,0,0,0,0,0,0,0,0,0,17,0,15,1,0,1,4,2,0,0,0,13,11,42,3,4,2,56,9,0,0,0,5,0,0,26,10,5,0,0,684,0,0,2,1,0,41,0,0,0,0,106,53,0,0,1,0,0,1,1,0,14,27,0,0,4,4,2,0,0,2,0,0,0,0,0,157,0,1,96,0,0,0,0,0,1,4,1,0,38,0,0,0,0,0,10,3,0,0,0,0,0,1,11,0,0,6,0
"357",16,11,0,0,0,0,1,0,0,0,0,0,0,0,18,0,2,9,0,0,0,41,0,0,0,4486,0,0,150,1,0,0,0,23,10,0,22,0,0,0,0,0,1,65,0,42,0,0,0,0,0,0,0,0,0,0,0,0,0,47,0,0,0,0,0,0,269,0,4,85,0,0,0,0,0,15,0,0,0,33,0,0,7,0,0,1,0,0,0,0,0,25,13,0,0,0,0,0,0,0,0,5,3,0,0,0,4,104,0,0,0,2,0,16,0,0,0,0,40,0,22,0,0,1,83,2,0,0,0,0,24,72,0,0,143,0,149,0,0,0,69,0,0,0,1,0,3,0,4,0,3,1,0,0,0,0,0,0,0,11,0,0,0,0,0,1,0,0,0,6,0,0,4,0,0,0,0,62,4,0,0,0,0,0,0,0,2,0,0,0,0,31,1,0,0,0,0,0,1,0,0,0,0,0,1,47,0,0,0,4,0,0,0,1,1,0,12,0,1,0,0,1,0,0,0,0,0,0,2,0,35,1,0,610,0,0,0,0,0,2,0,28,0,0,19,0,0,0,0,0,0,0,0,0,0,11,0,0,0,6,0,0,0,17,2,0,0,0,0,15,0,28,34,0,0,0,0,0,48,1148,0,0,45,0,0,2,0,0,51,1,0,0,0,118,98,0,106,0,0,13,0
"358",0,1,0,6,10,1,1,2,0,0,4,3,0,194,940,0,0,0,0,0,3,94,0,25,0,1759,0,0,68,0,40,0,0,23,0,0,44,49,0,0,4,0,0,0,0,215,0,0,0,0,0,94,1,1,0,3,1,2,0,10,3,0,0,0,0,0,22,0,0,0,4,1,1,0,0,0,0,0,0,0,42,0,24,0,24,0,1,0,0,117,0,3,32,0,0,11,0,0,0,0,0,0,1,20,0,0,132,142,0,0,0,0,0,915,0,0,0,0,36,0,28,0,0,1,1260,0,0,1,2,0,0,0,0,1,1,0,44,29,1,0,38,0,0,0,0,0,2,0,2,0,0,1,0,3,0,0,0,0,0,3,0,0,0,0,0,0,0,0,0,0,1,0,0,0,0,0,7,0,20,0,0,0,0,0,1,0,0,0,0,0,1,181,2,0,0,0,0,0,1,164,0,0,1,292,0,1,1,0,0,11,0,0,0,0,5,0,24,1,0,0,10,4,0,0,0,1,0,0,101,0,94,0,0,25,0,0,0,0,0,1,1,0,0,0,0,0,0,0,0,0,0,0,14,0,0,4,0,0,3,0,1,0,0,1,0,0,0,0,0,6,0,4,1463,0,1,0,0,0,1,626,1,0,308,0,0,0,0,0,0,0,0,2,0,0,0,0,6,0,0,63,0
"359",0,0,0,0,0,0,2,0,1,0,6,0,0,0,34,0,0,0,4,0,0,7,0,0,0,1916,0,0,49,13,0,0,0,0,0,0,34,237,0,0,2,0,1,0,0,0,0,12,0,0,0,0,0,0,0,0,0,0,0,23,0,13,1,0,0,0,43,0,0,0,4,0,0,0,0,736,0,5,0,193,0,0,256,0,0,8,0,0,0,123,0,22,2,0,0,0,0,0,0,0,0,0,0,6,0,1,4,104,0,32,0,0,1,16,0,0,0,0,40,0,12,0,0,1,14,2,0,0,0,0,47,214,0,0,0,2,7,18,0,0,0,0,0,0,1,0,3,0,0,0,3,1,1,5,0,0,29,0,6,11,0,0,0,0,0,0,1,0,1,0,3,0,4,0,0,0,0,1,4,0,0,0,0,0,18,0,0,0,20,0,0,31,1,0,0,0,0,0,0,0,0,0,0,0,0,64,0,5,0,13,0,0,0,1,1,0,12,21,1,0,71,1,0,2,1,0,0,0,2,0,2,0,0,335,13,0,0,0,0,2,0,0,0,0,0,0,0,0,0,0,0,0,0,2,20,5,2,0,0,4,1,0,0,4,1,1,0,0,0,123,0,107,66,0,0,0,0,1,1,1113,0,0,0,0,0,0,0,0,0,35,0,0,0,0,0,89,0,0,0,0,26
"360",0,0,1,0,0,0,0,0,0,0,0,0,2,0,3,0,0,0,0,0,0,47,0,0,0,12,0,0,4,6,84,0,0,136,0,0,9,175,7,0,4,0,0,0,0,0,0,0,0,0,0,23,0,0,0,7,0,0,0,0,0,0,0,0,0,0,0,0,12,40,8,0,0,0,0,0,0,0,0,232,9,0,0,0,0,0,0,0,0,0,1,2,8,0,0,1,0,0,25,0,0,7,0,5,0,0,101,3563,0,0,0,0,0,0,0,0,0,1,56,0,22,0,0,0,45,0,223,0,0,0,0,0,0,0,2,0,3,37,0,0,7,0,0,0,0,0,0,5,7,0,0,0,0,0,0,0,47,0,0,18,0,0,0,0,0,0,0,0,0,0,0,0,0,0,0,0,0,132,216,0,0,0,0,0,0,0,0,0,0,0,0,0,0,0,0,0,0,4,0,0,0,0,0,10,1639,8,0,0,0,1,0,0,0,0,0,0,48,22,0,0,21,0,0,0,1,0,0,0,0,0,0,0,0,105,0,0,0,1,0,0,0,0,80,0,1,0,0,0,0,0,0,0,21,0,70,9,0,0,29,0,0,0,0,0,0,0,0,0,23,145,0,0,147,0,0,0,0,0,5,1981,0,0,124,0,0,0,0,0,0,8,0,0,0,0,9,0,3,0,0,127,0
"361",0,0,0,3,0,0,2,0,0,0,0,0,2,0,0,0,25,0,0,0,0,8,0,696,0,1195,0,49,50,1,277,0,0,0,0,0,2,58,0,0,8,0,1,0,0,0,0,0,0,0,0,34,0,0,0,0,0,0,0,0,0,0,0,2,0,0,247,0,4,0,0,0,0,0,0,0,0,0,0,0,70,0,321,0,0,4,0,0,0,0,1,208,3,0,0,0,20,0,0,0,0,0,0,0,0,0,4,2313,0,0,0,0,0,16,0,0,0,0,40,0,0,0,0,1,14,2,0,0,0,0,1,3,0,0,0,15,7,21,0,0,12,0,0,0,1,0,3,0,0,0,3,1,0,0,0,0,0,0,0,11,0,0,0,0,0,0,0,0,0,0,0,0,4,0,0,0,0,14,4,1,0,0,0,0,4,0,0,0,0,0,0,31,1,0,0,30,0,0,0,0,0,5,0,1697,0,20,0,0,0,1,1,0,0,1,1,0,12,87,57,0,0,1,0,0,0,0,0,0,2,0,2,0,0,446,0,0,0,0,0,2,0,0,0,0,6,0,0,0,0,0,0,0,0,0,0,2,1,0,0,0,0,0,0,2,0,0,0,0,0,8,0,0,89,0,0,0,0,0,0,4165,0,0,14,0,0,0,0,0,0,0,0,0,0,0,0,0,3,0,0,6,0
"362",0,1,0,0,0,0,140,0,0,0,1,0,2,0,11,0,7,0,1,0,0,227,0,0,0,2011,0,0,0,13,0,0,3,15,0,0,0,203,0,1,0,0,0,0,0,0,0,6,0,0,2,0,1,6,6,6,0,0,0,445,4,0,0,3,0,0,646,0,0,0,43,2,0,0,0,0,3,0,0,223,0,0,0,0,0,1,0,0,0,0,0,20,0,0,0,0,0,0,0,0,0,59,0,0,0,0,0,0,0,0,0,0,0,17,0,0,0,0,236,0,0,0,0,2,72,0,0,0,4,0,0,0,0,0,0,0,0,0,0,0,53,0,0,0,0,0,12,0,2,0,0,0,0,10,1,0,0,0,0,0,0,1,0,0,0,0,2,0,0,39,0,0,205,0,0,0,0,3,217,0,0,0,0,16,43,0,0,0,0,0,0,124,1,0,0,0,0,2,0,0,0,0,0,2712,0,60,2,5,0,203,5,0,0,0,5,0,0,0,246,0,178,24,0,0,0,0,0,0,0,0,0,0,2,504,0,0,3,0,0,1,0,0,0,0,60,0,0,0,0,0,0,0,3,0,4,7,4,0,13,5,0,0,8,3,2,0,0,0,0,20,0,32,98,5,0,0,0,0,0,139,2,1,288,0,0,0,0,0,0,33,0,0,0,0,0,0,7,0,0,147,0
"363",0,0,0,0,3,0,1,45,0,0,0,6,0,120,0,0,0,0,0,0,24,152,0,31,0,581,0,0,34,31,297,0,0,160,0,0,116,24,0,0,8,0,1,21,0,41,0,2,0,0,0,33,0,0,21,12,0,0,0,5,0,0,0,0,0,0,161,0,41,0,18,0,0,0,0,0,0,0,0,31,23,6,36,0,24,0,0,0,0,178,392,1,18,0,0,0,0,0,59,0,0,24,0,0,0,0,4,2158,0,0,0,0,0,16,0,0,0,0,40,0,0,0,0,1,1129,2,0,0,0,0,52,756,0,0,4,0,7,19,0,0,43,0,0,1,1,0,3,15,0,0,46,1,0,0,0,0,0,0,0,11,0,0,0,0,0,0,0,0,0,0,0,0,4,0,0,0,0,132,117,5,0,0,0,0,10,0,0,0,0,0,0,156,22,0,0,0,0,2,0,0,0,0,0,1132,0,186,0,0,0,11,0,0,0,1,100,0,187,22,1,0,1,1,7,0,0,0,0,0,2,0,56,0,0,1127,0,0,4,0,0,180,0,0,0,0,0,0,0,0,0,0,0,4,0,0,0,110,0,0,6,16,0,0,0,9,2,0,0,4,0,2,0,0,605,0,0,0,0,0,24,1347,0,0,390,0,0,0,0,0,29,42,0,0,0,0,215,0,3,0,0,312,37
"364",0,0,0,0,0,0,22,23,4,0,0,0,1,40,1568,0,0,0,0,0,34,15,0,0,1,0,1,0,0,0,0,0,0,0,0,0,53,409,1,9,0,0,0,34,0,84,153,0,0,0,0,0,0,0,78,1,0,0,0,0,0,88,13,0,0,1,5,0,4,0,111,0,0,0,0,0,0,0,0,275,0,0,19,0,46,10,0,0,0,30,0,552,301,0,0,0,0,0,30,2,0,0,0,0,17,0,0,112,0,0,0,0,0,54,0,0,0,0,0,0,0,0,0,1,377,0,0,0,0,0,24,3,0,0,0,0,821,0,0,0,0,0,0,0,0,0,0,0,1,0,5,0,0,0,2,0,0,0,0,338,0,0,5,280,0,0,0,0,0,0,0,0,0,1,0,0,0,328,138,0,0,0,0,0,8,0,0,0,0,1,0,64,3,0,38,0,0,6,0,0,0,0,0,0,0,54,0,0,2,0,0,0,0,0,8,0,68,0,20,27,15,0,0,0,0,0,593,0,91,0,68,0,2,0,0,0,5,0,0,0,0,0,0,0,0,0,1,3,0,15,277,0,26,0,42,0,1,2,14,0,0,0,7,0,0,0,0,0,0,0,0,102,0,0,1,0,0,0,37,1461,0,0,310,0,0,0,0,0,0,0,0,0,0,0,70,0,20,0,0,13,0
"365",0,0,0,0,0,0,5,0,0,0,0,0,0,0,2,0,10,0,0,0,0,48,0,1,0,1629,0,0,12,0,0,0,0,20,0,0,18,0,0,1,3,0,1,0,0,29,0,0,0,0,0,0,0,0,0,0,0,3,0,58,0,0,2,0,0,0,120,0,0,0,0,0,0,0,0,0,0,0,0,15,0,0,54,0,0,0,0,0,0,0,0,11,3,0,0,26,0,0,0,0,0,0,0,0,0,0,4,577,0,0,0,0,0,140,0,0,0,1,40,0,3,0,0,37,175,2,0,0,0,0,1,3,0,5,0,99,588,0,0,0,36,0,1,0,95,0,3,0,0,0,3,1,0,29,0,0,0,0,0,11,0,0,0,0,0,0,0,0,0,149,0,0,4,0,0,0,0,0,4,0,0,0,0,0,0,0,0,0,0,0,0,31,8,1,0,0,0,0,0,0,0,0,0,0,0,35,34,0,3,0,0,0,0,1,1,0,181,0,1,0,186,1,0,0,0,0,0,0,2,0,186,0,0,446,0,0,0,0,0,2,0,0,0,0,0,35,0,0,0,0,0,0,0,0,0,15,0,0,0,0,0,0,13,0,0,0,0,0,0,861,0,0,454,0,2,0,0,0,0,13,0,0,396,0,0,0,0,15,0,0,0,0,0,0,17,0,9,0,0,163,0
"366",0,0,0,0,0,0,0,0,0,0,0,0,3,0,197,0,0,0,1,0,0,0,0,0,0,3921,0,0,11,1,0,0,0,55,0,0,3,2,0,0,0,0,0,0,0,45,0,0,0,0,1,0,0,0,0,0,0,0,0,24,0,0,0,0,0,0,236,0,0,0,47,0,0,0,0,0,0,0,0,6,0,0,4,0,84,0,21,0,0,0,0,0,0,0,0,0,0,0,9,0,0,0,0,0,0,0,0,335,0,0,0,111,0,0,0,0,0,0,158,0,0,0,0,0,0,0,0,0,0,0,0,0,0,0,0,0,0,0,0,0,39,0,0,0,0,0,0,0,0,0,0,0,0,0,0,0,0,0,0,35,0,0,0,5,0,0,0,0,0,0,0,0,0,0,0,0,0,2,0,0,0,0,0,0,0,0,0,0,0,0,0,0,0,0,0,0,0,0,0,1,0,0,0,158,0,16,2,0,0,0,13,0,0,0,0,0,0,70,0,0,54,0,0,0,0,0,0,0,45,0,21,1,0,376,0,0,0,0,10,3,0,0,0,0,0,0,0,0,0,0,0,0,0,0,0,13,8,0,0,6,0,0,1,0,1,0,0,0,0,3667,0,0,181,0,0,0,0,0,0,2,0,0,0,0,0,0,0,0,0,0,0,0,0,0,0,0,0,0,0,0,0
"367",0,0,0,31,0,1,1,12,0,0,0,4,1,18,32,0,0,0,0,0,5,8,0,42,0,2214,0,0,10,0,0,0,0,199,0,0,10,24,0,0,3,0,0,38,0,97,0,0,0,0,0,16,0,0,0,0,2,0,0,77,0,0,0,6,0,0,232,0,10,132,0,0,1,10,0,0,0,0,0,33,40,0,742,0,0,0,0,0,0,7,0,0,25,0,0,12,0,0,0,0,0,0,0,0,0,2,121,725,0,0,0,0,127,90,3,0,0,0,26,7,0,0,0,1,38,0,0,0,0,0,0,22,0,0,0,11,2,34,0,0,42,0,0,0,0,0,86,0,0,0,3,0,0,35,0,0,0,0,0,34,0,0,0,962,0,0,0,0,0,0,1,0,5,0,0,0,0,0,97,1,0,0,0,0,74,0,0,0,0,0,8,70,0,1,0,0,0,0,0,0,4,0,0,0,0,100,6,0,2,1,0,0,0,0,3,0,105,0,0,1,0,59,0,0,0,15,0,0,0,0,116,0,0,634,0,0,3,0,0,47,3,2,0,0,88,0,0,0,0,0,15,0,0,0,0,0,50,0,0,0,3,0,0,17,0,0,0,0,0,1409,0,0,76,0,6,0,0,9,0,14,0,0,185,0,0,9,42,33,151,0,0,0,0,0,24,0,9,0,0,34,0
"368",0,0,0,0,0,0,3,20,0,0,0,0,0,487,1,0,28,1,0,0,49,34,0,0,0,0,0,0,60,3,1,0,0,48,0,0,7,879,0,0,0,0,1,0,0,0,0,6,0,0,0,0,0,0,0,0,0,0,0,443,0,0,0,8,0,0,8,0,0,0,44,0,0,40,0,0,0,0,0,811,0,1,78,0,476,12,0,0,0,60,0,12,1,0,0,0,0,0,83,0,0,0,0,0,0,0,280,417,0,0,0,0,0,16,0,0,0,0,180,0,0,0,0,1,74,57,0,0,2,0,1,223,0,0,0,0,112,0,0,0,0,0,0,0,1,0,3,0,0,0,33,1,0,0,0,0,0,1,0,11,0,0,0,2263,0,0,12,0,0,0,13,0,135,0,0,0,1,11,94,0,2,0,0,0,34,0,0,0,0,0,0,225,1,0,0,0,0,0,0,0,0,0,1586,6,0,167,0,10,0,12,0,0,0,25,51,0,198,113,1,0,0,20,0,0,0,0,13,0,40,0,33,0,0,1040,0,0,2,0,0,2,3,0,0,0,0,0,0,0,0,0,42,0,42,0,70,318,0,0,3,0,16,0,0,58,0,0,0,0,300,0,19,14,435,0,0,0,0,0,0,4,0,0,113,0,0,1,0,5,54,6,0,0,0,0,248,0,27,0,0,34,0
"369",0,0,3,0,0,0,0,0,4,1,4,0,0,0,2,0,39,1,2,0,47,65,1,0,0,469,0,0,0,11,1,0,0,147,0,0,0,89,0,0,1,0,1,0,0,0,0,2,0,0,6,0,0,0,21,0,0,0,0,0,2,22,0,2,0,0,337,0,2,0,0,1,0,0,1247,1,2,0,0,0,0,0,111,0,0,1,0,1,0,0,0,0,30,0,0,1,0,0,0,0,0,0,0,0,13,1,4,2118,0,0,0,0,0,16,0,0,0,6,634,1,0,0,23,1,545,2,0,0,0,0,1,3,0,0,3,0,40,0,0,0,185,0,0,0,1,0,3,0,0,0,46,1,0,5,0,0,0,0,0,11,0,0,0,0,0,0,0,0,1,35,5,0,4,0,0,0,0,0,78,0,0,0,0,0,12,0,0,0,0,16,0,31,1,0,5,0,18,3,0,135,0,0,0,158,0,5,0,0,0,0,0,0,0,1,32,1,82,0,1,0,111,26,0,0,0,0,0,0,2,0,2,0,0,0,0,0,1,0,0,31,0,0,1,0,0,0,0,0,0,29,0,0,0,0,0,3,11,6,3,0,0,0,0,2,1,0,0,0,6,1,0,0,470,0,0,0,0,1,4,1568,0,9,713,0,0,0,0,0,128,23,0,0,0,0,6,0,4,0,0,81,0
"370",0,0,0,0,0,1,1,0,0,0,0,0,0,0,11,0,0,0,0,0,14,0,0,2,6,2996,0,0,21,156,176,0,0,298,0,0,293,0,0,0,0,0,1,0,0,0,0,0,0,0,0,0,0,0,0,0,0,0,0,0,0,0,0,0,0,0,14,0,0,0,0,0,1,0,0,0,0,0,0,0,0,0,0,0,0,0,0,0,0,0,0,11,620,0,0,0,0,0,8,3,0,6,0,0,1,0,4,104,0,41,15,0,3,16,3,0,3,0,352,0,24,0,0,1,14,2,0,0,0,88,1,101,0,0,0,0,7,0,0,0,8,0,0,0,1,0,3,0,0,0,3,1,0,6,0,0,0,0,0,11,0,0,0,0,0,0,0,0,0,0,0,0,347,0,0,0,0,4,4,5,0,0,0,0,0,0,0,0,32,0,0,31,1,0,33,2,0,0,1,0,0,0,0,0,0,20,6,0,2,26,0,0,0,1,1,0,12,0,533,0,138,1,0,0,0,0,0,0,50,0,2,1,0,246,0,0,0,0,0,2,0,0,129,0,0,0,0,0,0,0,2,0,0,1,4,0,5,0,0,0,0,0,0,0,0,3,0,0,0,22,0,0,269,0,0,0,0,0,0,0,0,0,0,0,0,0,4,0,14,0,49,0,1,0,0,0,0,0,0,128,0
"371",49,0,0,2,44,0,1,26,0,0,0,0,0,0,108,7,56,0,0,0,0,0,0,806,0,2073,0,0,165,28,46,0,0,68,0,0,0,355,0,0,0,0,1,0,0,0,0,0,0,0,13,84,0,0,15,4,0,0,0,91,0,0,0,13,0,0,55,0,0,1,39,0,0,0,0,0,0,0,0,0,0,0,67,3,0,0,0,0,0,224,0,40,8,0,0,0,0,0,32,0,0,0,1,0,0,0,4,514,0,0,0,0,0,16,0,0,0,66,40,0,0,0,0,1,14,2,0,0,0,0,1,3,0,12,0,0,7,11,0,0,0,0,0,0,1,0,3,10,0,0,3,1,0,0,0,0,0,0,12,11,0,0,0,0,0,0,0,0,0,0,0,0,4,0,0,0,0,0,54,0,1,0,0,0,0,0,0,0,0,0,0,31,1,0,0,0,0,0,0,0,0,0,0,229,0,1,0,18,0,15,0,0,0,1,1,0,116,0,1,0,70,1,0,0,0,90,0,0,108,0,2,3,0,290,0,0,4,0,0,176,0,0,33,0,0,16,0,0,0,0,0,0,0,1,0,14,0,0,5,4,0,0,0,13,16,0,40,47,0,12,7,0,377,3,10,0,0,0,0,1352,0,0,310,0,0,0,0,5,0,0,0,0,0,0,0,0,21,0,0,80,0
"372",0,6,0,2,0,0,1,1,0,0,0,4,0,0,5,0,0,0,0,0,0,23,0,33,0,2683,0,0,1,1,332,0,0,39,0,0,0,1,23,0,8,0,0,23,0,131,0,0,0,0,5,206,0,0,6,5,1,0,0,34,0,2,0,0,0,0,56,0,0,0,19,4,0,0,0,0,0,0,0,144,0,0,4,0,0,7,222,0,0,24,0,0,1,0,0,0,0,0,37,0,0,0,0,4,3,0,0,312,0,0,0,0,0,0,0,0,0,0,34,0,0,0,0,1,506,0,0,0,0,0,18,10,0,0,0,0,1,0,0,0,49,0,0,0,0,0,0,0,4,0,5,0,0,0,0,0,0,0,0,11,0,0,0,238,0,0,0,0,0,0,4,0,0,0,0,0,0,46,0,0,0,0,0,0,0,0,0,0,0,0,0,0,0,0,0,0,0,1,0,0,0,0,6,0,0,0,0,0,0,1,0,0,0,0,9,0,265,29,163,0,0,19,0,0,0,0,0,0,316,2,0,0,0,751,0,0,0,0,0,0,0,0,0,0,0,0,20,0,0,0,0,1,16,0,0,2,6,0,6,0,0,0,0,2,2,0,0,0,4,798,0,0,702,2,0,0,0,0,1,1331,0,1,141,0,0,0,0,1,3,10,0,0,0,0,19,0,20,0,0,12,0
"373",0,0,0,0,0,1,10,5,0,0,0,0,0,184,25,0,0,10,0,0,4,5,0,7,0,117,3,0,13,122,0,0,0,38,0,0,15,84,0,0,0,0,1,1,0,34,0,0,0,0,0,0,0,0,1,0,0,0,0,0,0,2,0,0,0,0,79,0,5,0,27,0,0,48,0,0,0,1,0,34,0,0,0,0,12,28,69,0,0,13,0,20,0,0,0,0,0,0,2,0,0,119,0,69,8,1,193,1355,0,0,0,0,0,165,0,5,0,0,40,2,8,0,0,1,65,651,0,0,1,0,18,45,0,6,0,0,67,0,0,0,0,0,0,0,1,0,3,0,0,0,3,1,0,0,0,0,0,0,0,64,0,0,0,0,0,0,0,0,0,0,0,0,4,0,0,0,0,0,4,0,72,0,62,0,0,0,0,0,0,0,0,31,1,0,0,0,0,0,0,0,0,0,0,0,0,1,0,0,0,1,4,2,0,1,10,0,12,23,1,12,9,1,0,0,0,16,0,0,74,0,25,0,0,623,0,0,32,0,0,2,1,0,56,0,0,0,0,0,0,0,3,0,0,1,13,8,4,0,3,0,0,0,0,3,1,0,0,0,0,13,0,0,1542,0,0,0,0,7,0,2567,0,0,0,0,0,0,0,1,31,0,0,0,0,0,14,0,4,0,0,13,0
"374",0,1,1,0,0,1,14,0,0,0,0,0,1,0,4,0,0,2,0,0,0,0,0,13,0,4688,0,0,72,3,50,0,0,121,0,0,12,0,0,0,0,0,1,0,0,0,38,0,0,0,0,16,0,1,0,0,0,1,0,0,0,0,1,0,0,0,6,0,0,48,0,0,0,0,0,115,0,0,0,93,0,0,3,0,0,3,0,0,0,10,0,4,14,0,0,0,0,0,0,0,0,0,1,0,2,0,4,104,0,0,0,0,0,16,0,0,0,0,40,0,18,0,0,1,105,2,104,0,0,0,1,3,0,1,0,11,277,0,0,0,22,0,0,0,1,0,3,0,3,1,18,1,0,0,5,0,0,0,0,11,0,0,0,0,0,0,0,0,0,0,27,0,4,0,0,0,0,0,392,0,0,0,0,0,4,0,0,0,0,0,0,31,19,5,0,0,0,2,0,0,0,0,0,0,0,122,2,0,0,0,0,0,0,1,1,0,156,0,284,0,0,1,0,0,0,0,0,0,2,0,2,0,0,724,0,0,3,0,0,2,0,0,0,0,0,21,0,2,0,0,0,0,12,0,8,12,4,0,0,0,0,0,0,0,0,0,0,0,0,0,0,0,152,0,1,0,0,0,31,0,0,0,315,7,0,9,0,0,11,0,0,0,0,0,6,0,3,0,0,304,0
"375",0,0,0,3,0,0,310,0,0,0,0,3,12,337,25,0,0,4,0,0,3,15,0,76,0,2720,0,0,13,14,0,0,4,8,0,24,9,1,69,0,6,0,1,1,0,34,0,0,0,0,8,36,0,0,2,11,0,0,0,0,0,34,0,0,0,3,35,0,4,0,0,0,0,5,0,196,0,0,0,3,0,0,0,0,2,4,2,0,0,45,0,22,0,0,0,0,0,0,10,0,0,59,0,0,2,0,4,400,0,0,0,0,0,145,0,0,44,0,40,0,51,0,0,1,65,2,0,0,1,0,18,45,0,0,0,9,7,45,0,0,0,0,0,0,1,0,3,7,0,0,15,1,0,0,0,0,0,0,4,64,0,0,0,0,0,0,0,0,0,152,0,0,4,0,0,0,0,0,4,0,0,0,0,0,0,0,0,0,0,0,0,121,1,0,0,0,0,1,0,0,0,0,0,683,0,9,2,0,3,19,0,0,27,1,1,0,12,0,16,0,0,64,0,0,0,0,0,0,40,15,106,0,0,639,0,0,2,0,0,2,0,0,0,0,0,0,0,0,0,0,9,0,0,0,0,2,0,0,0,0,1,0,0,2,10,0,0,0,0,682,0,0,522,0,0,0,0,0,2,147,0,0,74,0,0,0,0,6,4,40,0,0,0,0,27,0,0,0,0,20,0
"376",0,0,0,4,0,0,1,0,0,0,12,2,0,0,3,2,0,0,0,0,3,20,0,0,0,5181,0,0,0,11,176,63,1,1,0,0,77,30,6,0,4,0,1,44,0,67,0,0,0,0,2,153,0,0,0,13,0,0,0,9,0,0,0,0,0,0,0,0,0,62,3,0,0,0,0,0,0,0,0,1,30,0,0,0,7,0,17,0,0,26,0,3,0,0,0,0,0,0,1,0,0,0,0,0,0,0,4,503,0,0,0,0,0,16,0,0,0,0,40,0,0,0,0,1,14,2,0,0,0,0,1,3,0,0,63,0,7,14,0,0,4,0,0,0,1,0,3,41,0,0,3,26,0,0,0,0,0,0,0,97,0,0,0,219,0,0,0,0,0,0,0,0,4,0,0,0,0,4,4,0,0,0,0,0,9,0,0,0,0,0,0,208,1,0,0,0,0,0,0,0,0,0,0,0,0,1,0,0,0,0,0,0,0,1,1,0,122,0,1,0,0,1,0,0,0,0,51,0,2,0,86,0,0,1419,0,0,0,0,0,2,0,0,0,0,30,0,0,0,0,0,0,0,0,0,1,5,0,0,4,3,0,0,8,1,0,0,0,0,8,1,36,30,316,0,0,0,0,0,0,1071,0,0,128,0,0,0,0,0,0,17,0,39,0,0,34,0,8,11,0,126,0
"377",0,0,0,0,0,0,2,21,0,0,0,0,0,736,6,0,10,0,0,0,4,36,0,0,0,967,0,0,65,0,0,0,0,23,0,0,0,0,0,0,0,0,0,0,0,0,0,0,0,0,0,0,0,0,0,0,0,0,0,96,0,38,5,0,2,47,0,0,0,64,20,0,0,2,0,0,0,0,0,0,0,0,0,1,164,0,0,0,0,84,0,71,6,0,0,0,0,0,1,0,0,0,0,0,13,0,63,533,0,0,0,0,0,195,0,0,0,0,26,0,0,0,0,2,43,23,0,0,0,0,1,195,0,0,0,0,6,0,0,0,498,0,0,0,0,0,28,0,0,1,0,0,0,0,1,0,0,0,7,0,0,0,0,0,0,0,0,0,0,0,18,0,0,0,0,0,0,33,77,0,0,0,0,0,0,10,0,0,0,0,0,73,0,0,0,20,0,0,0,0,0,0,0,0,0,159,0,0,0,0,0,0,2,4,0,0,115,5,0,0,0,23,0,0,0,1,0,0,31,0,54,0,0,30,0,0,0,0,0,0,0,0,0,19,0,26,0,0,0,0,0,0,18,0,0,6,0,0,3,1,0,0,0,3,0,0,0,0,0,1,0,48,1835,0,0,0,0,0,2,2962,0,0,118,0,0,0,0,0,25,7,0,0,0,0,65,0,17,0,0,33,52
"378",24,1,1,6,4,2,1,0,0,0,13,22,0,0,3,0,31,18,0,5,0,8,0,186,0,2145,0,0,10,9,0,0,0,174,0,0,25,35,34,0,3,0,0,0,0,8,0,8,0,0,23,128,0,0,0,16,0,0,0,289,17,149,11,3,0,0,0,0,4,0,6,0,2,0,0,0,0,0,0,69,44,36,2,0,0,0,0,0,0,7,1,3,2,0,0,0,0,0,5,0,0,1,0,75,2,1,0,531,0,1,0,0,0,0,0,0,0,64,102,0,38,0,0,1,15,0,1358,13,0,0,1,91,0,11,2,0,14,9,0,0,90,0,2,0,0,0,56,9,3,0,12,0,0,28,1,0,1,0,0,0,0,0,0,0,0,0,0,0,0,0,3,0,0,1,0,0,4,26,127,3,0,0,0,0,27,0,0,0,0,0,8,40,1,4,0,0,0,1,0,11,409,0,0,5,0,301,12,0,0,4,0,0,0,24,13,0,150,23,582,0,0,25,0,0,0,0,0,0,0,16,251,0,0,34,0,0,9,17,0,0,0,0,0,0,0,28,2,1,0,0,0,4,19,0,14,5,32,1,26,2,16,0,0,1,0,0,0,0,11,14,0,39,71,0,0,0,7,0,3,1179,0,0,46,0,0,0,0,0,78,1,0,0,0,0,58,0,2,0,0,83,0
"379",0,0,0,0,0,0,1,0,0,0,0,0,1,0,7,0,0,0,0,0,0,0,0,3,0,1195,0,0,8,0,3,0,0,0,0,0,6,2,0,0,0,0,0,0,0,74,0,0,0,0,0,0,0,0,0,1,0,0,0,0,0,0,0,0,0,0,0,0,0,0,0,0,0,0,0,0,0,0,1,0,0,0,224,0,0,0,284,1,0,46,0,1,2,0,0,2,0,0,27,0,0,0,0,0,0,0,21,392,0,0,0,0,0,165,0,0,0,0,0,0,0,0,0,1,22,0,0,0,0,0,9,0,0,1,0,0,0,0,0,0,1,0,0,0,0,501,0,0,0,0,12,0,0,0,1,0,1,0,0,77,0,0,0,697,0,0,0,0,0,0,0,82,0,0,0,0,0,0,0,0,0,0,0,0,0,0,0,0,0,2,0,0,1,0,0,1,0,0,0,0,0,0,0,0,225,1,0,0,1,1,0,0,0,0,8,0,0,125,0,0,87,0,0,0,0,0,0,0,0,0,129,0,0,1,0,0,0,0,0,0,0,0,0,0,1,0,0,0,0,0,0,0,4,0,3,1,0,0,0,8,0,0,0,0,24,0,0,0,0,22,0,0,640,15,13,0,0,2,0,4471,0,0,336,0,0,0,0,0,0,0,0,0,0,0,0,0,0,0,0,10,0
"380",5,0,0,0,12,1,2,8,0,0,0,0,0,27,15,0,0,0,0,1,2,1,0,384,0,1097,0,0,51,108,582,0,1,31,0,0,5,29,10,0,4,0,1,0,6,83,0,0,0,0,0,419,0,0,0,0,1,0,0,10,0,0,0,3,0,0,240,5,0,0,0,0,0,3,0,0,0,0,0,4,15,0,185,0,0,0,318,0,5,33,0,16,7,0,0,0,0,0,3,0,0,0,0,4,2,0,4,2926,0,0,0,0,0,16,1,0,0,0,40,0,0,0,0,1,70,2,0,0,0,0,1,141,0,4,0,0,7,9,0,0,6,0,2,0,1,0,3,0,3,14,30,1,0,0,0,0,0,0,0,11,0,0,0,79,0,0,0,0,0,0,10,0,4,0,0,0,0,1,104,0,0,0,0,0,2,0,0,0,0,0,0,31,1,0,0,1,0,0,0,0,0,0,0,0,0,45,0,0,0,10,0,0,0,1,1,0,57,0,24,6,0,1,0,0,0,0,0,0,2,0,29,0,0,1052,0,0,0,0,0,2,0,0,0,0,0,2,0,0,0,0,0,0,2,0,1,0,0,0,0,0,0,0,0,1,0,0,0,0,31,93,0,0,45,0,88,0,0,0,1,1583,0,0,304,0,0,0,0,0,0,6,0,0,0,0,25,0,8,0,0,11,0
"381",0,0,7,1,0,0,0,0,0,0,0,0,0,0,10,0,0,0,0,0,0,1,0,0,0,1773,0,0,0,34,0,0,0,0,0,0,0,0,0,0,0,0,1,0,0,3,0,0,0,0,0,0,0,0,0,0,0,0,0,0,0,0,0,0,0,0,105,0,0,0,0,0,0,0,2366,0,0,0,0,18,0,0,0,0,0,10,0,0,0,0,0,0,0,0,0,0,2,0,0,0,6,0,0,33,0,0,4,2831,0,0,0,0,0,16,0,0,0,4,414,0,0,0,0,1,14,2,161,0,0,0,1,3,0,0,0,0,7,0,0,0,57,1,0,0,1,0,3,0,0,0,3,1,12,0,0,0,0,0,0,11,0,0,0,0,0,0,1,0,0,0,0,7,4,0,0,0,0,96,4,8,0,0,0,0,0,0,0,0,0,0,0,31,1,0,0,0,0,0,0,0,0,0,0,0,0,38,0,0,0,0,0,0,0,1,1,0,12,0,1,0,103,1,0,153,0,0,0,0,2,0,220,1,0,862,0,0,0,0,0,99,0,0,0,0,0,0,0,0,0,0,36,0,0,0,0,0,13,0,0,0,0,0,0,0,3,0,0,0,0,80,0,0,101,0,0,0,0,0,0,5,0,0,134,0,0,0,0,0,0,0,0,0,0,0,0,0,2,0,0,75,0
"382",0,0,0,32,0,0,0,9,0,0,0,0,2,157,7,27,0,0,1,0,59,0,1,60,0,2164,0,0,8,2,0,0,0,67,0,0,0,17,0,2,4,0,1,0,0,23,0,0,0,0,5,17,0,0,1,2,1,0,0,115,11,22,1,0,0,0,128,0,18,0,0,1,0,29,0,3,0,1,0,28,6,3,0,0,47,104,0,0,0,43,0,1,2,0,0,0,0,0,0,0,0,13,0,0,1,0,4,104,0,0,0,189,6,16,0,0,0,0,40,1,0,0,0,1,14,2,0,0,0,0,1,3,0,0,0,0,644,22,0,0,8,1,0,2,1,0,3,33,3,0,3,1,0,4,0,11,0,1,0,57,1,0,0,0,0,0,0,0,1,0,0,0,2445,0,0,0,0,0,4,0,0,0,0,2,2,0,0,0,0,0,0,120,1,0,0,0,0,1,0,2,0,0,0,0,48,38,0,0,0,0,0,0,0,1,1,2,256,0,1,0,0,1,0,0,1,0,0,0,16,0,94,0,0,913,2,0,1,0,0,2,0,0,0,0,0,0,0,0,0,0,0,1,0,0,6,8,2,0,0,0,15,0,0,4,0,0,40,0,0,146,0,0,6,0,0,0,0,0,0,1463,1,7,1,0,0,0,0,0,11,16,0,0,0,42,105,0,48,0,0,85,0
"383",0,1,0,4,0,0,53,62,1,1,0,3,11,144,28,0,23,0,1,0,44,58,0,122,0,2193,0,0,226,0,50,0,0,4,0,0,0,194,0,0,7,0,0,0,0,251,0,1,0,0,14,153,0,0,6,3,0,1,0,81,5,75,0,0,140,64,103,10,0,0,65,0,0,9,22,0,0,0,0,33,0,1,15,0,476,1,0,0,0,34,712,89,0,4,0,0,0,0,19,0,3,0,0,8,1,0,133,52,0,0,11,0,0,18,0,0,0,1,14,9,0,0,0,0,12,38,0,0,2,0,13,753,0,1,0,1,6,0,0,0,30,0,0,0,0,0,11,0,0,2,15,7,0,0,0,0,0,0,0,48,0,0,0,372,1,0,0,0,0,0,7,53,3,0,0,0,0,11,29,1,6,0,0,0,5,0,0,0,0,0,0,9,0,4,0,0,0,0,1,0,0,0,0,0,0,8,1,0,0,8,0,0,91,4,4,0,71,92,1,25,0,22,105,0,1,0,0,0,0,5,131,0,0,233,0,0,2,0,1,1,0,0,41,0,0,0,0,2,2,0,170,4,27,0,0,7,1,4,4,14,2,18,0,3,0,0,0,889,1,2,82,23,25,0,6,0,1,1,11,211,0,0,53,0,0,0,0,29,130,5,0,0,0,0,7,2,2,0,0,72,42
"384",0,0,1,4,17,0,1,0,0,0,0,0,0,0,43,0,13,17,0,0,0,33,0,87,0,1833,0,0,23,0,0,0,0,66,0,0,5,134,0,21,10,0,1,1,0,515,0,0,0,0,29,27,0,0,75,20,8,1,0,76,22,0,1,0,0,63,0,0,3,2,17,0,0,16,0,0,0,0,0,201,48,0,0,0,0,0,0,0,1,81,9,7,1,0,0,0,0,0,52,0,0,0,0,0,0,0,4,104,0,35,0,0,0,16,0,17,0,2,40,0,0,12,0,1,14,2,0,18,2,0,1,3,0,0,5,0,7,0,98,0,147,0,0,0,1,0,3,11,0,12,3,1,0,0,0,0,9,0,8,11,0,0,0,0,0,0,0,0,0,2,18,0,4,0,7,0,0,446,4,0,0,0,0,0,44,0,0,0,0,0,0,31,18,0,0,1,0,0,0,0,0,0,0,0,0,14,0,0,0,3,0,0,4,1,38,0,12,60,252,0,0,1,0,0,0,0,0,0,2,0,2,0,0,30,0,0,2,0,0,2,0,0,0,0,0,0,13,0,0,0,0,0,0,0,72,38,15,0,0,7,3,0,0,17,0,0,0,0,0,0,0,0,123,0,6,0,0,0,39,2363,0,0,282,2,0,0,0,3,0,1,0,0,0,0,27,0,7,0,0,74,11
"385",0,0,0,0,0,0,2,0,0,0,0,0,0,0,0,0,5,18,0,7,0,22,0,0,0,2242,0,0,138,29,0,0,0,42,0,0,0,31,0,0,0,0,0,0,0,100,0,0,0,0,0,0,0,0,0,0,0,0,0,0,0,0,0,0,0,0,36,0,0,0,0,0,0,0,0,0,0,0,0,0,0,0,143,0,0,8,4,0,0,290,0,3,0,0,0,0,0,0,230,0,19,0,0,0,0,0,0,0,0,0,0,80,0,65,0,0,0,0,3,0,0,0,0,2,246,0,0,0,3,0,14,0,0,0,0,0,48,14,0,0,0,0,0,0,0,0,11,0,0,0,0,0,0,0,0,0,0,0,169,7,0,0,0,0,0,0,0,0,0,0,0,0,2,0,0,0,0,0,12,0,0,0,0,0,26,0,0,0,0,0,0,97,20,0,0,0,2,0,0,0,0,0,0,49,0,42,4,0,0,3,0,0,0,0,13,0,0,66,0,0,55,0,0,0,0,61,0,0,0,0,84,0,0,314,0,0,0,0,0,8,0,0,0,0,0,0,0,0,0,0,0,4,0,2,0,35,8,0,16,172,0,0,0,6,0,0,0,0,0,5,14,14,216,0,0,0,0,0,24,4393,0,5,96,0,0,0,0,0,0,16,0,0,0,0,0,0,0,0,0,85,0
"386",0,9,0,51,0,0,0,0,0,0,0,0,3,18,49,0,0,0,0,0,62,0,0,114,0,1435,0,0,78,32,304,0,0,0,0,0,4,15,0,0,16,0,1,0,0,0,0,0,0,0,14,33,5,0,0,6,0,0,0,0,0,0,0,25,0,0,320,0,0,0,8,0,0,0,0,0,0,0,0,0,50,0,3,0,0,3,0,0,0,72,0,0,0,0,0,0,2,0,70,0,0,0,0,0,3,0,4,104,0,196,0,0,0,16,0,0,0,0,40,0,0,0,0,1,14,2,0,0,16,0,1,221,0,0,0,0,7,38,23,0,69,0,0,0,1,0,3,0,0,0,3,1,149,0,0,0,0,0,0,11,0,0,0,0,0,0,0,0,0,0,0,0,4,0,0,0,0,0,4,1,0,0,0,0,0,0,0,0,0,0,0,31,1,0,0,0,0,0,0,957,0,0,0,0,0,186,13,2,0,5,0,0,0,1,1,0,12,108,1,0,0,1,0,0,12,0,0,0,2,0,283,0,0,565,0,0,0,0,0,2,0,0,0,0,0,20,0,0,0,0,0,3,0,0,0,70,72,0,0,7,0,0,0,17,2,0,0,0,2,277,0,0,418,4,0,0,0,0,57,1331,0,151,115,0,0,44,0,1,0,59,0,0,0,0,322,0,9,0,0,83,0
"387",0,0,0,0,0,0,0,0,0,0,0,0,0,0,0,0,0,0,0,0,0,31,0,293,0,3467,0,0,173,0,0,0,0,12,0,0,1,0,0,0,0,0,1,9,0,71,0,0,0,0,0,0,0,0,0,0,0,0,0,0,0,0,0,0,0,0,0,0,2,0,0,0,0,0,0,0,0,0,0,46,0,0,0,0,0,0,97,0,0,0,0,0,63,0,0,0,28,0,27,0,0,0,0,42,0,0,4,104,0,0,0,0,0,16,3,0,0,0,40,0,0,0,0,1,14,2,0,0,0,0,1,3,0,0,0,0,7,20,0,4,15,0,0,0,1,0,3,7,0,0,3,1,0,0,0,0,0,0,0,11,0,0,0,252,0,0,0,0,0,0,0,0,4,1,16,0,0,0,4,0,0,0,0,0,0,0,0,0,0,0,11,31,6,0,0,0,0,0,0,0,0,0,0,0,0,1,0,0,0,9,0,0,0,1,1,0,12,0,1,0,1,1,0,0,0,0,0,0,2,0,2,0,0,299,0,0,0,0,0,2,0,0,0,0,16,0,0,0,0,0,0,0,0,1,0,11,0,0,0,8,0,0,0,4,0,0,0,0,0,624,0,0,55,0,0,0,0,0,0,1145,0,0,0,0,0,0,0,85,0,0,0,0,0,0,1,0,83,0,0,0,0
"388",0,0,0,0,0,0,35,0,2,0,0,0,1,0,4,0,5,0,0,0,0,3,0,4,0,3969,0,0,6,0,9,0,0,0,0,0,0,1,0,0,0,0,1,0,0,223,0,0,0,0,0,0,0,0,1,0,0,0,0,283,2,0,1,0,0,0,709,0,0,146,0,0,0,0,0,0,0,0,0,29,0,0,50,0,14,0,8,0,0,0,0,79,1,0,0,0,0,0,0,0,0,0,0,4,0,0,4,433,0,0,0,0,0,16,0,0,0,0,223,0,11,0,0,1,83,2,0,0,0,0,24,3,0,0,0,1,7,7,1,0,5,0,0,0,1,0,3,0,0,0,3,1,0,0,0,0,0,19,0,78,0,0,0,0,0,0,0,0,0,0,0,0,4,0,0,0,0,2,4,0,0,0,0,0,41,0,0,0,0,0,0,31,1,0,0,0,0,0,0,11,0,0,0,0,0,14,0,15,0,4,0,0,0,1,1,0,12,0,1,0,0,1,0,0,0,0,0,0,2,0,75,0,0,512,0,0,0,0,0,84,0,0,0,0,0,0,0,0,0,0,181,0,0,0,0,5,1,0,0,16,0,0,4,4,0,0,0,0,0,15,0,3,10,0,1,0,0,2,0,920,0,0,1,0,0,0,0,0,0,5,0,0,0,0,0,0,31,0,0,21,0
"389",0,0,0,26,0,0,13,0,0,0,4,0,4,0,4,0,0,0,0,0,0,0,0,281,0,0,0,0,58,0,0,0,10,120,0,0,96,71,0,0,5,0,1,4,0,54,0,0,1,0,3,148,0,0,0,6,0,0,0,0,0,0,0,3,0,0,0,0,0,0,0,0,0,0,0,14,0,0,0,118,0,2,0,0,0,5,0,1,0,19,2799,6,0,0,0,0,41,0,33,0,0,1,0,0,0,0,4,104,0,0,0,51,0,16,0,0,0,64,40,6,0,0,0,1,382,2,0,0,0,0,1,3,256,7,0,0,7,29,0,0,0,0,0,0,154,0,3,30,0,0,3,1,0,0,0,0,0,0,19,11,0,0,0,0,0,0,0,0,0,0,0,0,4,1,0,0,0,0,4,3,0,0,0,0,0,0,5,0,0,0,0,31,1,1,0,0,0,0,0,0,0,0,0,152,0,1,0,0,0,8,0,0,0,1,1,0,12,0,1,0,56,1,0,0,0,0,645,0,2,0,2,1,0,258,0,0,0,0,0,2,0,0,0,0,0,0,0,0,0,0,170,0,26,0,0,0,3,0,0,0,0,0,0,0,24,0,0,0,2,8,0,0,418,0,0,0,0,0,0,0,0,0,383,0,0,0,0,0,133,3,0,14,0,0,0,0,12,0,0,0,0
"390",0,0,0,8,0,0,24,2,0,0,0,2,1,74,8,0,0,0,0,1,0,0,0,108,3,879,0,0,32,0,4,0,0,237,0,0,56,52,12,14,5,0,1,0,0,0,0,0,0,0,7,494,0,0,0,20,0,0,0,283,0,36,0,8,0,0,55,11,19,0,10,0,0,19,0,1,0,0,0,0,46,0,0,0,47,0,0,1,0,81,0,7,26,0,0,4,0,1,0,0,9,0,0,6,0,0,4,936,0,0,0,0,0,16,0,0,0,0,40,2,28,12,0,21,14,2,0,0,0,125,1,3,0,1,0,11,7,18,0,0,0,0,0,0,1,0,3,0,0,0,3,1,0,11,0,0,0,0,9,11,0,0,0,0,0,0,0,0,0,0,0,27,4,0,0,0,0,0,4,0,0,0,0,0,0,0,0,0,0,0,0,31,1,0,16,0,0,0,0,0,0,0,0,0,0,1,0,0,0,1,0,0,19,1,1,0,12,16,135,17,0,1,0,0,0,0,0,0,256,22,2,0,0,433,0,0,0,0,0,2,0,0,15,0,0,0,0,2,1,0,0,0,0,0,0,0,0,0,0,0,0,0,6,0,0,1,0,0,0,6,0,0,361,0,1,0,0,1,68,2241,0,0,0,0,0,0,0,0,29,0,0,0,0,0,149,0,0,0,1,12,0
"391",0,0,0,0,0,0,7,0,0,0,0,0,0,0,8,0,0,0,0,0,0,0,0,44,0,2447,0,0,1,0,1,0,0,0,0,0,0,1,0,0,6,0,0,0,0,13,0,0,0,0,0,161,0,0,0,5,0,0,0,0,0,0,0,2,0,0,0,9,45,40,0,0,0,0,0,0,0,0,0,0,0,0,0,0,0,4,300,0,0,0,0,1,0,0,0,0,7,1,32,0,0,0,2,0,0,0,0,2203,0,0,0,0,0,102,0,0,0,4,2,0,0,0,11,1,291,0,0,0,0,0,0,0,0,0,10,46,3,42,0,0,1617,0,0,0,0,0,0,0,0,0,0,0,0,0,0,0,0,0,0,0,0,0,0,36,0,0,0,0,0,0,0,0,0,0,19,0,0,0,1,3,0,2,0,0,1,0,0,0,0,0,0,14,1,0,0,0,0,0,0,0,0,0,0,0,36,24,0,0,0,1,0,0,0,0,0,0,0,0,97,0,0,0,0,0,0,0,0,0,0,0,0,0,0,562,0,0,0,0,0,0,0,0,0,0,11,0,25,0,0,0,0,0,0,0,0,0,75,0,0,0,0,0,0,3,7,0,0,0,0,2,0,0,1100,0,1,0,0,0,0,217,0,0,119,0,0,0,0,1,0,0,0,0,0,32,9,0,127,0,0,12,0
"392",0,6,0,0,4,0,31,28,0,0,0,0,0,51,6,0,54,0,0,0,0,88,0,92,0,1891,0,0,7,0,89,0,0,211,0,0,38,128,32,0,0,0,0,0,0,72,0,0,0,0,2,66,0,0,0,3,0,1,0,182,0,0,0,4,0,0,26,0,5,85,18,0,0,0,0,0,0,1,0,37,0,0,11,0,1,3,0,0,0,0,0,2,34,0,0,33,0,0,66,0,0,0,0,69,14,0,0,396,0,0,0,0,0,0,0,0,0,0,431,0,8,0,0,0,0,0,168,0,0,0,0,0,0,0,0,1,0,8,22,0,1,0,0,0,0,0,10,0,0,14,11,0,0,0,0,0,0,0,0,66,0,0,0,2,0,0,0,0,0,0,38,0,0,0,0,0,0,146,68,0,0,1,0,1,0,0,0,0,0,1,0,142,0,0,0,0,18,0,1,75,0,0,59,661,0,11,1,0,2,0,0,0,0,0,38,0,43,27,0,0,30,50,0,0,0,0,0,0,105,0,47,0,0,287,0,0,8,0,0,0,0,0,0,0,4,0,0,0,0,0,0,0,0,0,0,10,1,0,0,0,1,0,0,20,0,0,0,56,0,12,0,26,83,0,1,0,0,0,0,2603,0,0,352,0,0,0,0,1,11,0,0,0,0,0,0,0,28,0,0,306,0
"393",0,0,0,0,0,0,0,0,0,0,0,0,0,0,40,0,2,1,0,0,0,0,0,0,0,1475,0,0,6,0,283,0,0,16,0,0,0,1,0,0,0,0,1,0,0,12,0,0,0,0,0,18,0,0,0,0,0,0,0,0,0,0,0,0,0,0,0,0,0,30,0,0,0,0,1,0,0,0,0,1,0,0,0,0,0,0,0,0,0,18,0,0,102,0,0,0,0,0,0,0,0,96,0,0,0,0,4,104,0,21,0,0,0,16,0,5,0,0,174,0,0,0,0,1,14,2,63,0,0,0,1,3,0,0,0,0,38,0,0,0,6,0,0,0,1,0,3,0,0,2,3,1,0,0,0,0,0,0,0,11,0,0,0,0,0,0,2,0,0,0,0,0,259,0,0,0,0,0,4,0,0,0,0,0,0,0,0,0,0,0,0,31,1,0,0,0,0,0,0,2,0,0,0,0,1062,5,0,0,0,0,0,0,0,1,1,0,12,0,7,0,0,1,0,0,0,0,0,0,2,0,2,0,0,176,0,0,1,0,0,2,0,0,56,0,6,0,0,0,0,0,0,0,1,0,0,0,0,0,0,0,0,0,0,0,0,0,0,0,12,3331,0,0,1543,0,0,0,0,0,0,4,0,0,31,0,0,0,0,0,0,0,0,0,0,0,0,0,0,0,0,5,0
"394",0,1,0,3,0,0,1,0,1,0,0,0,0,0,3,0,16,0,0,1,0,19,0,29,1,2592,0,0,2,1,4,0,0,9,0,0,0,18,14,0,40,0,0,48,0,82,0,0,0,0,0,147,0,0,0,2,0,0,0,0,3,0,0,0,0,0,69,0,164,0,0,0,0,18,255,0,0,0,0,6,0,0,2,0,72,1,0,0,0,66,532,1,0,0,0,0,0,0,47,0,0,0,0,21,1,1,0,951,0,0,2,0,0,27,0,0,0,0,44,0,0,0,0,0,102,57,100,0,0,0,91,138,0,0,0,1,1,21,0,1,7,0,0,0,0,0,8,11,0,0,4,2,0,0,1,0,0,0,0,15,0,0,0,0,0,0,0,0,0,0,2,0,0,2,0,0,0,29,34,0,0,0,0,0,0,0,0,0,0,0,6,38,1,0,0,0,0,0,0,2,0,0,0,1,0,1,0,0,1,1,0,0,0,0,17,0,55,9,81,0,0,0,0,0,0,0,0,0,32,1,80,1,0,436,0,0,1,0,0,3,0,0,29,0,2,0,0,1,0,0,0,1,3,0,4,3,1,0,6,2,0,0,0,14,0,0,0,0,0,401,0,0,469,0,0,0,0,0,44,1779,1,0,50,0,0,0,0,28,79,23,0,0,0,0,282,0,6,0,0,66,0
"395",0,0,0,37,19,0,0,7,0,0,0,0,0,67,20,0,0,0,0,0,4,0,0,87,0,69,0,0,58,0,139,0,0,12,0,0,8,352,12,0,0,0,0,6,0,1,0,0,3,0,10,85,0,0,0,0,0,0,0,0,0,0,0,0,0,17,54,0,0,0,0,0,0,0,36,0,0,0,0,0,0,0,0,0,0,0,3,0,0,0,0,2,5,0,0,7,21,0,0,1,0,0,0,0,0,0,0,5927,0,0,0,0,0,13,0,0,0,0,73,0,25,6,0,1,0,0,212,0,0,0,0,0,0,0,0,0,1,0,0,0,1,0,0,0,0,0,0,0,0,0,16,0,0,0,1,0,0,0,0,2,0,0,0,309,0,0,0,0,0,0,2,0,0,0,0,0,0,0,207,0,0,0,0,0,0,0,0,0,0,0,0,50,0,0,0,2,0,0,0,0,0,0,0,0,0,0,0,0,1,11,5,0,0,0,0,0,42,0,6,0,0,0,0,0,0,0,0,0,5,0,0,0,0,30,0,0,0,0,3,0,0,0,0,0,1,34,0,0,0,0,0,0,0,0,0,0,1,0,0,12,0,0,0,0,0,0,0,0,0,1107,0,0,82,0,2,0,0,0,0,444,0,0,127,0,0,0,0,0,0,0,0,0,0,0,0,0,1,0,0,97,0
"396",0,0,0,0,0,1,28,0,0,0,0,0,9,1,49,0,0,0,0,0,1,7,0,241,0,2161,0,0,8,0,0,0,0,344,0,0,0,65,0,0,16,0,0,0,0,87,0,0,0,0,18,142,0,0,0,33,0,0,0,17,23,18,0,0,0,0,0,0,0,56,0,1,3,0,0,0,0,15,5,1,52,0,64,0,67,0,0,0,0,16,0,3,82,0,0,0,0,0,0,0,0,0,0,0,0,0,3,415,0,0,0,0,0,10,0,0,0,0,113,1,91,0,0,67,612,0,0,0,0,0,21,9,0,0,0,5,9,0,1,0,7,0,0,0,0,0,8,0,0,0,38,0,0,11,0,0,0,0,0,0,0,0,0,0,3,0,0,0,0,0,1,0,1,0,0,0,0,0,194,0,0,0,0,0,4,0,0,0,0,1,0,31,1,9,0,0,0,0,0,0,0,0,0,0,0,10,0,0,0,11,0,0,0,4,0,0,39,112,0,8,0,34,0,0,0,0,0,0,239,0,12,0,0,15,0,0,0,0,0,0,1,0,0,0,0,0,0,0,0,0,0,0,32,0,3,0,3,0,0,0,0,0,0,1,0,0,0,0,0,810,0,73,1521,0,0,0,1,3,12,6,0,0,1562,0,0,0,0,0,0,15,0,0,0,0,5,0,2,0,0,169,0
"397",0,0,0,0,0,0,0,20,0,0,0,5,6,57,11,0,0,1,0,0,32,41,0,0,0,109,0,0,6,0,0,0,2,8,0,0,4,4,0,0,0,0,57,41,0,56,0,0,0,0,0,0,0,0,0,0,0,0,0,0,0,0,0,0,0,0,669,0,0,0,31,0,0,280,0,0,0,0,0,19,0,0,236,0,433,0,2,0,0,21,0,0,1,0,0,0,0,0,22,0,0,0,0,28,7,0,193,2116,0,0,0,7,0,25,0,0,0,0,53,0,0,0,0,0,23,0,0,0,0,60,44,497,0,0,0,0,1,0,0,0,0,0,0,0,0,0,0,0,0,1,16,0,0,0,0,0,29,0,250,0,0,0,0,1,0,0,0,0,0,0,0,1,1,0,0,0,0,125,0,0,0,0,0,0,0,0,0,0,120,4,0,67,0,0,0,0,0,1,0,0,0,0,0,0,0,101,0,0,1,0,0,0,10,0,1,0,0,27,35,3,50,0,0,0,0,0,46,0,5,0,108,0,4,1089,0,0,0,27,0,0,0,1,0,0,0,0,0,2,0,0,0,0,0,0,98,50,0,0,7,10,0,0,0,3,0,0,0,29,0,1,2,59,62,0,0,0,0,1,2,1824,0,0,11,0,0,0,0,0,34,7,0,0,0,0,299,0,29,0,0,128,0
"398",0,0,0,0,0,0,0,55,2,0,0,0,0,0,0,0,0,0,0,0,0,76,0,4,0,522,0,0,11,5,355,0,0,0,0,0,3,0,1,0,4,0,1,0,0,0,0,0,0,0,0,0,0,0,4,5,0,0,0,280,0,0,0,0,0,0,40,0,0,0,18,0,0,17,0,0,1,0,1,0,0,0,21,0,168,0,0,0,0,9,0,15,2,0,0,0,0,0,0,0,0,37,0,8,0,0,4,451,0,0,0,0,0,16,0,0,0,0,40,0,0,0,0,1,91,2,0,0,0,0,1,84,0,0,0,1,7,0,0,0,4,0,0,0,1,0,3,0,0,0,3,1,0,0,0,0,0,0,0,11,0,0,0,0,0,0,0,0,2,0,0,0,4,1,0,0,0,68,4,4,0,0,0,0,0,3,0,0,0,0,0,31,1,6,0,0,0,3,0,0,0,0,0,0,0,1,0,0,0,1,0,0,0,1,51,0,305,45,114,0,0,1,17,4,0,0,0,0,2,0,75,0,0,1679,0,0,0,0,0,2,0,0,0,0,0,29,0,0,0,26,2,0,32,0,2,0,6,0,0,3,0,0,0,0,0,0,0,0,16,22,0,106,196,1,0,0,0,2,0,1638,0,0,514,0,0,0,0,0,53,0,0,0,0,0,0,0,43,0,0,124,0
"399",0,5,0,0,0,0,0,0,0,0,12,0,20,1,23,0,0,0,0,0,40,23,0,199,0,2147,0,0,23,0,152,0,0,20,0,0,377,129,17,0,0,0,1,0,0,1,0,0,0,0,13,73,0,0,0,4,0,0,0,0,0,9,0,0,0,11,137,0,9,0,1,0,0,0,0,0,0,1,0,10,0,14,0,0,37,4,0,0,0,61,0,30,96,0,0,0,0,0,28,0,0,0,0,8,2,0,4,104,0,0,0,0,0,16,0,0,0,0,40,0,0,0,10,1,14,2,0,0,0,0,1,3,0,0,0,0,7,49,1,0,4,2,0,0,1,0,3,0,0,0,3,54,60,0,0,0,0,0,0,11,0,2,0,0,0,0,0,0,0,0,0,1,4,0,0,0,0,14,62,0,0,0,0,48,0,0,0,0,0,0,0,31,1,1,0,20,0,0,0,0,0,0,0,0,0,20,0,10,0,19,0,0,0,1,1,0,12,0,196,7,0,1,0,3,0,0,0,0,162,0,266,1,0,798,0,0,0,0,0,89,0,1,129,0,0,83,0,5,0,46,211,0,3,0,0,0,1,0,0,0,1,0,0,0,1,0,0,0,0,12,0,0,344,1,1,0,0,1,0,0,0,0,102,10,0,0,0,0,7,64,0,0,0,0,98,36,6,0,0,168,0
"400",0,0,0,2,0,0,3,0,0,0,0,2,1,0,19,0,0,0,0,0,59,38,0,109,0,2073,0,7,18,0,0,0,0,155,0,29,43,45,0,0,8,0,0,15,0,19,0,0,0,0,2,223,0,0,0,0,0,0,0,363,0,103,0,0,0,1,84,0,9,0,0,0,0,25,0,15,0,0,0,201,51,0,1,0,0,2,90,0,0,83,0,0,50,0,0,0,0,0,57,0,10,0,0,6,1,2,0,290,42,0,0,0,0,0,0,0,0,1,119,0,0,0,0,1,515,0,0,0,0,0,0,0,0,5,94,5,8,40,0,0,6,0,0,0,0,0,0,0,0,0,5,0,0,0,1,0,0,0,59,0,13,0,0,0,0,0,0,0,0,0,0,29,8,0,0,0,0,0,64,0,0,0,0,0,1,0,2,0,0,0,0,176,1,0,39,0,0,0,0,0,0,0,0,0,0,8,0,0,0,0,0,0,0,0,0,0,38,16,104,36,0,55,0,0,0,0,0,0,72,2,195,1,0,1051,0,0,0,0,0,2,0,0,0,0,6,0,0,0,0,0,27,0,0,0,4,3,18,1,27,0,1,0,0,0,0,0,0,0,0,230,0,72,75,0,0,0,0,0,2,1920,0,0,131,0,0,0,0,0,21,40,0,0,0,0,59,1,0,0,0,238,0
"401",0,0,1,0,0,0,18,0,0,0,11,0,0,0,2420,0,88,0,0,0,0,25,0,0,0,953,0,0,4,0,0,0,0,39,0,27,0,1,0,0,0,0,1,0,0,0,0,1,0,4,1,0,0,0,0,6,0,0,0,0,0,0,10,0,0,0,0,0,20,0,0,0,0,0,797,94,0,0,0,0,0,0,0,0,0,4,0,0,0,0,0,2,353,0,0,0,6,0,0,0,0,0,0,0,0,0,4,104,0,0,0,0,0,16,0,0,0,0,380,0,33,0,0,1,70,2,190,0,0,0,20,3,0,0,3,0,7,0,0,0,29,0,0,0,1,0,3,0,0,0,3,1,1,0,0,0,0,47,0,11,0,0,0,0,0,0,0,0,0,0,0,44,4,1,0,0,0,0,4,0,62,0,0,4,0,19,0,0,0,0,0,31,1,0,15,0,0,0,1,10,0,0,0,0,0,110,0,31,0,0,0,0,0,1,1,0,12,0,24,0,21,1,0,0,0,0,0,0,2,0,2,0,0,0,22,0,0,0,4,2,0,0,127,0,0,0,0,1,0,0,0,0,16,0,0,34,1,0,0,0,0,0,0,0,0,0,0,62,42,35,0,0,999,0,0,0,12,0,6,0,0,38,41,0,0,0,0,0,0,0,0,0,0,0,0,0,0,0,1,135,0
"402",0,0,0,0,0,0,1,0,0,0,0,0,0,0,0,0,13,0,0,0,0,3,0,0,0,2,0,0,9,0,0,0,0,0,0,0,0,0,0,0,0,0,0,0,0,0,0,0,0,1,0,0,0,0,0,1,0,0,0,49,0,0,0,0,0,0,3,0,0,3,0,3,0,0,0,0,0,0,0,28,0,2,0,2,0,4,0,0,0,0,0,1,0,0,0,0,0,1,0,0,0,4,13,1,0,0,0,8265,0,35,0,0,0,0,0,1,0,6,14,0,0,7,0,1,0,0,0,0,0,0,0,0,0,0,1,0,2,0,0,0,0,0,0,0,86,0,2,0,0,0,0,0,0,0,1,0,0,0,0,0,0,0,0,0,0,0,0,0,0,2,2,0,4,0,0,0,0,0,5,0,0,0,0,0,0,0,0,0,0,19,0,0,0,0,0,0,0,0,1,0,13,0,0,1,35,96,1,0,0,0,0,0,4,0,0,0,22,0,0,0,0,0,0,0,1,0,0,0,0,0,0,1,0,0,0,0,1,0,0,0,0,0,0,0,0,1,0,0,0,0,0,1,6,0,0,2,25,0,1,0,0,0,0,1,0,0,0,0,0,1094,0,9,0,0,0,0,1,0,0,21,0,0,0,0,0,0,0,0,0,2,0,0,0,0,0,69,0,0,0,1,0
"403",0,0,0,1,0,0,0,0,3,0,0,0,0,0,240,25,0,0,0,0,0,23,0,2,0,1501,0,0,24,51,0,0,0,0,0,0,14,0,0,1,0,0,1,0,0,34,0,0,0,0,0,0,0,0,0,0,0,0,0,0,0,0,54,0,0,0,0,0,0,57,0,0,0,9,0,0,0,0,0,0,0,0,0,0,0,4,55,0,0,0,0,32,732,0,0,0,10,0,27,0,0,173,0,0,0,0,4,104,0,0,0,0,0,16,0,0,0,0,182,0,0,0,0,1,14,2,0,0,0,0,1,3,0,0,2,0,752,0,0,0,5,0,0,0,1,0,3,0,0,0,3,1,0,0,0,0,12,0,0,11,0,0,0,0,0,0,0,5,0,0,0,0,4,0,0,0,0,0,4,0,0,0,0,0,0,0,0,0,0,0,0,31,1,6,0,0,0,0,0,0,0,0,0,0,0,31,0,0,3,8,0,0,0,1,22,0,12,0,105,0,0,1,0,0,1,0,0,0,2,0,2,0,0,2050,0,0,0,0,0,2,0,0,0,0,81,0,0,0,0,0,0,0,0,1,2,8,2,0,0,0,0,0,0,1,0,1,0,0,0,0,0,0,1276,0,0,0,4,0,0,2111,0,7,476,0,0,3,0,0,0,0,0,0,0,0,46,2,0,0,0,75,0
"404",5,17,0,0,0,0,14,19,0,0,0,0,0,0,7,0,5,0,0,4,61,22,0,38,0,2,1,0,456,16,7,0,0,23,0,0,92,0,0,0,0,0,1,58,0,153,0,0,0,0,5,0,0,0,2,0,0,1,0,14,8,0,4,0,0,5,11,0,0,40,8,0,0,119,0,0,0,0,0,19,0,0,22,0,1196,22,0,0,3,83,0,1113,4,0,0,0,0,0,1,0,0,0,0,8,0,0,4,104,0,0,0,0,0,152,0,0,0,0,40,0,18,0,0,1,258,2,0,0,0,0,1,3,0,5,63,0,356,0,2,0,0,0,0,0,1,0,3,0,4,1,3,28,0,0,0,0,0,0,0,11,0,0,0,222,1,1,0,0,0,0,0,0,4,0,0,0,0,5,4,0,0,0,0,0,43,0,0,0,0,0,0,31,1,0,19,1,0,1,0,0,0,0,0,37,0,23,4,0,0,331,0,0,0,1,1,0,12,47,1,0,0,1,0,0,0,0,51,0,2,0,296,4,0,358,50,0,0,0,0,53,0,0,0,0,0,0,0,1,0,0,0,0,61,2,29,48,0,0,10,27,1,0,0,3,0,0,0,0,0,304,1,102,130,0,0,0,0,0,8,1180,0,0,181,0,0,0,0,1,0,61,0,0,0,0,5,0,3,41,0,128,0
"405",0,0,0,0,0,0,0,47,0,0,0,1,0,0,41,0,0,0,0,0,44,29,0,1,0,3518,0,0,45,0,1,0,21,0,0,0,10,35,0,0,0,1,1,152,0,106,0,0,0,3,0,0,0,0,0,0,1,0,0,203,0,168,0,0,0,0,0,0,0,0,35,0,1,0,0,0,0,0,0,10,0,0,1,0,0,1,0,0,0,0,0,2,53,0,0,45,0,0,0,3,0,124,0,0,0,0,4,935,0,0,4,0,0,16,0,0,0,0,40,0,0,0,0,1,14,2,0,0,0,93,41,497,0,0,0,0,7,11,0,0,0,0,0,0,1,0,3,0,0,13,75,1,0,0,0,0,0,0,0,11,0,0,0,0,0,0,0,0,0,0,0,0,4,0,0,0,0,375,4,1,0,0,0,0,7,0,0,0,0,0,0,31,1,0,0,0,0,3,0,0,0,0,0,57,0,1,0,0,0,0,0,0,0,1,1,0,12,0,81,0,65,1,7,0,0,0,0,0,137,0,112,0,1,141,0,0,0,0,0,2,0,0,0,0,0,0,0,0,0,0,0,5,19,0,4,11,0,0,5,4,1,0,0,0,2,0,0,2,0,832,6,5,329,0,0,0,0,0,0,444,1,0,310,0,0,10,0,0,40,0,0,0,0,0,11,0,0,0,0,0,0
"406",0,0,1,2,0,1,0,20,1234,0,0,5,5,222,1,0,0,0,1,0,3,36,0,125,0,2104,0,0,30,2,237,8,0,59,0,0,6,102,10,0,0,0,0,9,0,35,0,1,0,0,7,61,0,0,1,24,0,0,0,0,7,34,0,0,0,60,79,0,7,0,74,0,0,102,0,0,0,0,0,13,33,0,24,0,539,1,0,1,0,61,0,10,41,5,0,0,0,0,27,0,0,0,0,6,3,1,1,187,0,0,0,0,0,19,0,0,0,0,81,3,0,0,0,3,136,22,0,0,0,0,4,224,0,0,0,1,4,0,0,0,17,0,0,0,0,0,1,10,0,13,12,36,0,3,0,0,0,0,19,0,0,0,0,0,0,0,3,0,0,0,4,0,1,0,0,0,0,30,40,0,0,0,0,0,19,0,0,0,0,0,0,32,2,0,19,0,0,3,0,0,0,0,0,33,0,47,0,0,0,8,3,1,22,2,22,12,69,0,196,28,92,0,0,0,0,0,0,0,28,0,86,7,0,272,0,0,4,0,1,5,1,0,0,0,0,0,0,0,0,16,26,0,34,0,1,2,3,0,1,7,12,0,0,1,1,0,0,0,1,11,0,8,735,0,0,0,1,1,0,1076,0,0,415,0,0,0,0,0,33,40,0,0,0,0,26,3,2,3,0,182,0
"407",0,0,0,0,0,0,140,0,0,0,0,0,0,0,153,0,0,0,0,0,0,0,0,196,0,482,0,0,65,19,0,0,0,0,0,0,37,160,0,0,4,1,0,142,0,111,0,0,5,0,0,24,0,0,0,0,2,0,0,6,0,0,0,0,0,0,1,0,52,0,0,0,0,13,0,13,0,0,0,0,19,2,1,0,0,0,0,0,0,0,0,208,247,0,0,5,0,0,0,0,0,0,0,52,0,1,0,19,0,0,0,0,0,0,2,0,0,0,10,0,61,0,0,5,2261,0,0,0,0,0,0,20,0,0,2,0,49,0,0,4,16,0,0,0,0,0,0,0,0,1,0,0,0,0,1,0,0,0,0,435,0,0,0,0,0,0,0,5,0,1,0,0,2,0,0,0,0,0,0,0,0,0,0,0,0,0,0,0,0,0,1,0,0,0,0,1,0,0,0,0,0,0,0,1,0,2,0,0,0,3,1,0,0,0,7,0,51,256,13,0,0,0,0,0,0,0,0,0,0,0,0,1,0,381,0,0,0,0,0,0,0,0,0,0,0,0,0,0,0,0,0,0,0,0,0,0,0,0,0,0,0,0,0,0,0,0,0,0,0,123,0,0,2501,0,0,0,0,0,0,1600,0,0,0,0,0,0,4,0,3,0,0,0,0,0,0,0,0,0,0,0,0
"408",0,11,0,26,0,0,2,34,0,0,0,14,0,0,43,0,0,0,0,0,0,138,0,407,0,0,0,0,71,0,142,0,0,129,0,0,0,254,12,0,23,0,1,65,0,447,0,0,0,0,33,0,0,0,9,8,0,0,0,0,46,0,0,0,0,0,49,0,78,0,20,0,4,0,0,0,0,0,0,370,54,0,0,0,102,0,0,0,0,7,0,24,23,0,0,0,0,0,44,0,0,197,0,0,0,0,4,603,0,0,0,0,0,16,6,0,0,5,40,9,25,0,0,67,14,2,0,0,0,0,1,3,0,0,0,0,7,0,0,0,39,0,0,0,1,0,3,26,0,0,3,1,0,0,0,0,0,0,0,205,0,0,0,962,0,0,0,0,0,15,0,0,4,0,0,0,5,208,243,0,0,0,0,0,0,0,0,0,0,0,0,31,1,0,0,0,0,6,0,0,0,0,0,0,2016,1,0,0,0,3,0,0,0,1,1,0,12,210,1,0,793,24,0,0,0,0,36,0,36,0,2,0,0,381,0,0,0,0,0,2,0,0,0,0,0,0,0,87,0,0,0,0,46,0,70,0,0,0,0,0,10,0,0,20,0,0,0,0,0,157,99,0,78,0,0,0,0,0,11,7,1,0,383,0,0,0,0,0,0,38,0,0,0,0,1,0,0,129,0,397,0
"409",1,0,0,4,0,0,0,0,227,0,0,0,0,0,137,0,0,0,0,0,0,0,1,85,0,704,0,0,83,0,0,0,0,16,0,0,0,2,0,0,7,0,1,0,0,5,0,0,1,0,0,102,0,0,0,0,1,0,0,0,0,0,0,0,0,0,0,0,5,0,0,0,0,0,22,1,0,0,0,0,14,0,0,0,0,104,12,0,0,0,0,3,2,0,0,0,0,0,0,0,0,0,0,75,1,5,4,595,0,0,0,0,0,16,0,0,0,1,40,0,66,0,0,1,14,2,0,0,0,0,1,3,0,3,0,0,7,64,0,0,0,0,0,0,1,0,3,36,0,0,22,1,0,0,0,0,0,0,0,11,0,0,0,0,0,0,0,0,0,1,0,0,4,0,0,0,0,0,4,3,0,0,0,0,0,0,0,0,0,0,0,31,1,1,0,0,0,0,0,0,0,0,0,0,0,36,0,0,0,0,0,0,0,1,1,0,12,0,93,0,0,1,0,0,0,0,0,0,2,0,62,0,0,316,0,0,0,13,0,2,0,0,33,0,0,0,0,0,0,0,0,1,3,2,0,0,41,0,0,0,0,0,0,0,0,0,0,0,0,104,0,0,1462,0,0,0,0,0,1,1566,0,0,0,0,0,0,0,0,0,0,0,0,0,0,0,0,412,0,0,0,0
"410",0,0,0,5,0,0,0,0,0,0,0,5,2,0,32,0,0,0,0,0,0,0,0,147,0,2216,0,0,43,0,0,0,1,0,0,0,2,1,0,0,0,0,1,0,0,0,0,1,0,0,3,620,0,0,0,9,0,0,0,0,5,0,0,20,0,2,498,0,5,0,1,0,3,0,0,0,0,0,0,1,14,1,0,0,2,1,0,1,0,17,348,0,0,0,0,0,3,0,28,0,0,11,0,0,1,0,4,104,0,0,0,0,0,267,3,0,0,0,40,0,0,0,0,1,14,2,0,0,0,0,1,455,0,0,0,0,7,25,1,0,0,0,0,0,1,0,3,10,0,0,17,1,0,0,0,0,0,0,8,11,0,0,0,329,0,0,0,0,0,0,6,0,4,0,0,0,0,2,4,1,0,0,0,0,0,0,0,0,0,0,0,31,1,0,0,0,0,0,0,0,0,0,0,0,0,47,0,0,2,2,0,0,0,1,1,0,75,15,1,0,79,51,0,122,0,0,0,0,63,0,35,0,0,308,0,0,2,32,0,53,0,0,0,0,0,83,0,0,0,0,2,0,3,0,2,2,6,0,0,10,1,15,0,0,0,1,0,0,4,1188,0,0,814,0,0,0,0,2,0,0,0,0,315,0,0,0,0,0,0,0,0,0,0,0,7,0,177,0,0,0,0
"411",0,0,0,0,0,0,1,12,0,0,2,2,2,0,1,0,0,7,0,0,48,0,1,80,0,2126,1,0,17,0,16,0,0,145,0,0,2,192,8,0,6,0,1,42,0,528,0,1,0,0,8,114,0,0,0,2,1,0,0,3,0,43,1,0,0,33,0,0,49,0,0,0,0,6,0,1,0,0,0,12,43,0,4,0,0,0,2,0,0,26,0,9,0,0,0,0,0,0,20,0,0,0,0,0,3,0,4,503,0,0,0,0,0,915,0,0,0,0,40,0,0,0,0,1,366,2,0,0,3,52,1,3,2,0,0,1,7,0,0,0,4,0,0,0,1,0,3,0,0,1,3,1,0,0,0,0,0,0,0,120,0,0,0,0,0,0,0,0,0,0,0,0,4,0,0,0,0,103,126,0,0,0,0,0,15,0,0,0,0,0,0,31,1,0,0,0,0,0,0,0,0,0,0,25,1,20,0,0,0,0,0,0,0,1,1,1,12,0,140,20,0,1,0,0,0,0,0,0,2,0,134,0,0,82,0,0,0,0,0,2,0,0,0,0,0,0,0,0,0,0,611,2,21,0,14,1,4,0,0,0,0,0,0,4,21,0,0,0,3,1,0,0,82,0,0,0,0,2,6,2482,0,0,456,0,0,0,0,0,0,38,0,0,1,0,5,0,0,0,0,86,0
"412",0,0,0,0,0,0,9,34,0,1,32,2,0,0,1,0,0,0,0,0,62,32,0,110,0,2247,0,0,8,0,188,0,0,17,0,10,7,90,0,0,0,0,0,237,4,57,0,4,0,0,0,37,0,0,32,6,1,0,0,108,6,9,0,0,0,0,0,0,5,9,124,0,0,9,0,0,0,0,0,48,30,21,22,0,6,13,8,0,0,139,0,1,0,0,0,0,0,0,36,0,0,0,0,29,0,0,63,153,0,0,0,189,0,7,0,0,0,0,61,0,26,0,0,9,19,20,0,0,19,0,12,11,0,2,4,0,71,17,15,0,0,0,0,0,0,0,25,4,0,0,13,47,0,4,0,0,1,1,0,36,0,0,0,577,0,0,0,0,0,0,0,0,0,0,10,0,0,32,78,11,0,0,0,0,31,0,0,0,0,0,0,24,2,0,0,1,0,0,0,0,0,0,0,313,300,10,0,0,0,6,0,0,3,7,3,9,52,107,0,0,0,26,0,0,0,0,321,0,26,0,81,0,0,416,0,0,0,0,0,0,0,0,0,2,0,0,0,0,0,0,3,3,7,0,36,42,0,0,11,2,10,7,0,11,0,0,0,0,137,1,4,0,44,0,0,0,0,0,4,1804,0,0,115,0,0,0,0,0,0,129,148,0,0,1,139,0,0,45,0,161,12
"413",0,0,0,0,0,0,0,0,0,0,0,0,0,0,24,0,99,0,0,0,0,0,0,0,0,4542,0,0,0,0,0,0,0,0,0,0,0,0,0,0,0,0,0,0,0,0,0,0,0,0,0,0,0,0,0,1,0,0,0,0,0,0,0,36,0,0,0,0,0,0,0,0,0,0,0,0,0,0,0,44,0,0,1122,0,0,42,0,0,0,0,0,66,11,0,0,0,0,0,0,0,0,37,0,0,1,0,0,0,0,0,0,0,0,27,0,1,0,0,489,0,0,0,0,0,38,0,0,0,0,0,0,0,0,0,0,0,22,0,0,0,0,0,0,0,0,0,0,0,0,0,22,0,0,0,0,0,0,30,0,0,0,0,0,0,0,0,0,0,0,13,0,0,1,17,0,0,0,0,172,0,0,0,0,0,0,0,0,0,0,0,0,0,0,0,0,0,0,0,0,0,0,0,0,1456,0,271,0,0,0,1,138,0,0,0,0,0,0,0,135,0,0,0,0,0,0,0,0,0,0,0,0,0,0,227,0,0,6,0,0,17,0,0,0,0,51,28,0,0,0,0,0,0,0,0,0,432,0,0,0,0,0,0,0,0,0,0,0,0,14,14,0,0,68,4,0,0,0,0,0,128,0,151,0,0,0,0,0,1,0,0,0,0,0,0,0,0,0,0,0,0,0
"414",0,0,3,8,0,0,0,30,0,0,0,3,0,0,18,0,1,0,0,0,0,26,0,97,0,3809,0,0,14,17,664,419,6,40,0,0,7,10,0,13,0,0,0,0,0,30,0,0,0,0,17,540,0,0,1,3,6,0,0,55,20,22,1,0,0,0,333,0,0,0,0,0,0,17,0,0,0,0,0,59,0,0,59,0,0,1,0,0,0,2,0,12,242,0,0,0,0,0,33,0,0,87,0,0,0,0,0,403,0,0,0,0,0,0,0,0,0,1,15,0,8,0,0,1,47,0,0,0,0,0,6,0,0,3,11,0,8,11,0,0,29,0,0,0,0,0,3,0,3,1,3,0,60,0,0,0,0,0,0,0,0,0,0,2,0,0,0,0,0,0,1,0,186,0,0,5,0,0,107,1,0,0,0,0,1,0,0,0,0,0,75,3,0,1,0,0,0,0,0,0,0,0,2,0,0,36,0,0,0,2,1,0,0,0,0,0,86,0,270,0,0,0,0,0,0,0,0,0,0,1,0,0,0,108,0,0,0,0,0,1,0,0,0,0,1,19,25,0,0,0,0,3,3,0,2,2,5,0,0,0,1,0,0,2,0,0,0,0,0,832,0,0,63,0,1,4,9,0,0,316,0,0,233,0,0,0,0,0,43,69,0,0,0,0,48,0,1,0,0,93,0
"415",0,0,0,0,0,0,0,0,587,0,0,0,1,131,0,2,0,0,0,0,73,33,0,2,0,2279,0,0,8,0,472,0,0,72,0,0,3,74,0,0,0,0,1,0,0,85,0,0,0,0,1,0,0,0,0,0,0,0,0,0,0,0,1,0,0,0,1136,0,0,0,0,0,0,0,797,0,0,0,0,56,0,0,27,0,0,3,0,0,0,17,0,5,2,0,0,0,0,0,1,0,0,0,0,0,0,0,4,104,0,0,0,0,0,188,0,0,0,0,461,0,0,0,0,1,83,2,0,0,0,0,24,72,0,0,0,0,7,0,0,1,5,0,0,0,1,0,3,0,0,0,3,1,1,0,0,0,0,0,0,11,1,0,0,0,0,0,0,0,0,0,0,0,4,0,0,0,0,50,4,1,0,0,0,0,0,0,0,0,0,0,0,31,1,0,0,0,0,0,0,0,0,0,0,0,0,95,0,0,0,4,0,0,0,1,1,0,12,0,43,0,106,1,0,0,0,0,0,0,2,0,85,0,0,725,0,0,0,0,0,2,0,0,0,0,0,0,0,0,0,0,26,3,14,0,7,6,1,0,7,0,17,0,0,0,0,0,0,0,0,0,1,0,0,0,0,0,0,0,2,362,0,0,288,0,0,0,0,0,16,0,0,0,0,2,1,0,1,0,0,145,0
"416",0,0,0,7,0,0,0,16,0,0,0,0,2,0,62,0,0,0,0,0,57,61,0,71,0,1580,0,0,73,6,0,0,0,320,0,0,8,5,14,0,8,0,0,0,0,0,0,0,0,0,12,298,0,0,0,6,2,0,0,4,13,4,2,77,0,0,0,0,8,0,20,0,2,39,0,302,3,0,0,50,64,0,0,0,43,5,0,0,0,96,10,10,23,0,0,0,0,1,0,0,0,12,0,0,0,0,0,280,0,0,0,0,0,0,0,0,0,3,131,0,64,0,0,1,113,0,0,0,0,0,0,2,0,0,9,19,43,43,2,0,4,0,0,0,0,0,0,0,4,1,7,0,25,7,1,0,0,1,0,0,0,0,0,0,0,0,0,45,0,0,0,0,0,0,0,0,0,39,0,6,0,0,0,0,7,0,0,0,0,0,0,94,2,0,0,0,0,1,0,0,0,0,0,369,0,16,0,0,1,29,0,0,0,0,0,0,104,179,12,0,65,0,0,0,0,0,0,0,175,0,266,0,0,784,0,0,0,0,0,6,0,0,0,1,0,0,0,0,0,0,428,0,0,0,14,6,6,2,0,0,0,0,0,0,3,0,0,0,0,814,0,62,264,0,5,0,3,0,3,1417,0,2,480,0,0,18,0,0,0,0,0,0,0,0,81,0,4,0,0,33,0
"417",0,0,0,0,0,0,0,0,0,0,0,0,0,0,143,0,0,0,0,0,0,5,0,0,0,2569,0,0,0,0,86,0,2,9,0,0,150,1,0,0,0,0,1,0,0,0,0,1,0,0,0,0,0,0,0,0,0,0,0,1,0,0,0,0,0,0,0,0,3,0,0,0,0,0,0,0,0,0,0,1,6,0,0,0,0,0,0,0,0,27,0,5,58,0,0,6,0,0,0,0,0,840,0,0,0,0,4,1106,0,0,0,0,0,16,0,0,0,0,156,0,0,0,0,1,1291,2,0,0,0,0,1,72,0,0,0,0,7,0,0,0,6,0,0,0,1,0,3,0,7,0,17,1,0,0,0,0,0,0,0,11,0,0,0,0,0,0,0,0,0,9,0,0,4,0,0,0,0,0,4,0,0,0,0,0,0,2,0,0,0,0,0,31,1,0,0,0,14,0,0,0,0,0,0,12,95,14,0,0,0,0,0,0,0,1,1,0,71,0,1,0,0,1,0,0,0,0,0,0,2,0,2,0,0,868,0,0,0,13,0,2,0,0,0,0,0,67,0,0,0,0,0,0,0,0,5,0,0,0,0,0,0,0,0,0,0,0,0,0,0,2,0,0,1522,0,0,0,0,0,22,1709,0,0,11,0,0,0,0,0,0,0,0,0,1,0,0,0,0,0,0,101,0
"418",0,1,0,0,0,0,1,0,0,0,0,0,0,0,1,0,0,0,0,0,0,3,0,0,0,0,0,0,0,0,591,0,0,0,0,0,15,0,1,0,0,0,1,0,0,0,0,0,0,0,64,0,0,8,284,0,0,0,0,0,0,0,0,0,0,0,95,0,0,106,36,0,0,0,0,0,0,0,0,0,0,0,1123,0,0,30,29,0,0,0,0,0,0,0,0,0,0,0,0,0,0,0,0,0,5,0,4,2792,0,0,0,0,13,16,0,0,0,0,187,0,0,0,0,1,83,2,0,0,0,0,1,3,0,0,0,19,7,0,0,0,67,0,0,0,1,0,3,0,0,0,17,1,0,51,0,0,0,0,0,104,0,0,0,0,0,0,0,0,0,0,0,0,4,0,0,0,0,108,4,0,0,0,0,0,0,0,0,0,0,0,0,31,1,0,0,0,0,0,1,0,0,0,0,0,0,1,12,0,0,1,0,0,0,1,1,1,12,0,184,0,0,114,0,6,0,0,0,0,2,0,85,0,0,30,0,0,0,0,0,2,0,0,0,0,51,1,0,0,0,0,0,0,0,0,0,10,0,0,0,0,0,0,0,26,0,0,0,0,0,330,0,0,465,0,0,0,0,0,0,4361,0,0,7,0,0,0,8,0,0,0,0,4,0,0,153,0,11,0,0,0,0
"419",0,1,0,0,0,1,20,48,0,0,0,0,2,0,5,1,0,8,0,1,45,6,0,0,1,1522,0,0,4,0,332,0,0,66,0,0,2,49,0,0,1,0,1,15,0,141,0,0,0,0,0,0,0,0,56,0,0,0,0,253,3,139,0,2,0,0,206,0,0,0,22,0,0,11,0,0,0,0,0,138,0,0,33,0,0,0,0,0,0,25,0,0,1,0,0,0,0,0,42,0,0,0,0,0,0,3,4,821,0,0,0,0,0,916,0,0,0,0,269,0,0,0,0,1,53,2,0,0,1,0,92,162,0,0,0,0,40,9,0,0,3,0,0,0,1,0,31,0,3,0,13,1,0,0,0,0,0,0,232,11,0,0,0,0,0,0,0,0,0,0,0,0,4,0,0,0,0,110,4,0,0,0,0,0,17,0,0,0,0,0,0,309,1,0,0,0,0,0,0,0,0,0,0,0,0,5,0,0,0,0,0,0,0,1,19,0,12,66,7,25,0,1,0,0,0,0,0,0,222,0,181,0,0,442,0,0,0,0,0,2,0,0,0,0,0,0,0,0,0,0,0,0,6,0,2,2,0,0,6,5,0,0,28,0,0,0,0,0,6,1,0,39,64,0,0,0,0,0,2,2696,0,0,43,0,0,0,0,1,43,13,0,0,1,0,40,0,2,0,0,1,0
"420",0,0,0,0,0,0,0,0,0,0,0,0,0,0,0,0,0,0,0,0,117,58,0,0,0,117,0,0,17,15,210,0,0,0,0,0,0,0,0,0,0,0,95,92,0,0,0,0,0,0,0,0,0,0,0,0,0,0,0,0,0,0,0,0,0,0,339,0,0,0,0,0,0,0,0,0,0,0,3,692,0,0,0,0,0,0,0,0,0,196,0,0,0,0,0,0,0,0,0,0,0,0,0,0,0,0,0,1728,0,34,0,0,0,298,0,0,0,0,318,0,0,0,0,1,207,0,0,0,0,0,50,0,0,0,0,0,0,1,0,0,0,0,0,0,0,0,7,0,0,0,22,0,0,0,0,0,0,0,0,0,0,0,0,566,0,0,0,0,0,0,0,0,0,0,0,0,0,0,196,0,0,0,0,0,0,0,0,0,0,0,0,138,3,0,0,0,0,0,0,0,0,0,0,0,0,0,0,0,2,2,0,3,0,0,0,0,0,0,0,0,0,0,0,0,0,0,0,0,335,0,162,0,0,355,0,0,0,1,0,0,0,1,0,0,0,0,0,0,0,0,0,0,0,0,0,0,0,0,0,9,0,0,0,0,0,0,0,0,0,2,0,0,76,1,0,0,0,0,0,3488,0,1,0,0,0,0,0,0,0,0,0,0,0,0,8,0,38,0,0,0,0
"421",0,0,0,0,0,0,4,0,0,0,0,0,2,0,25,0,0,0,0,0,32,32,0,5,0,241,0,0,17,132,0,0,0,202,0,0,17,415,1,5,0,0,1,102,0,115,0,0,0,0,0,0,0,0,0,0,0,0,0,0,0,0,2,0,0,0,246,0,0,0,0,2,1,0,0,115,3,0,0,69,0,0,29,0,0,0,246,0,0,74,0,19,102,0,0,0,0,0,210,0,0,0,0,18,0,0,4,104,13,49,0,0,0,16,3,0,0,1,40,0,0,0,17,1,156,2,0,0,0,0,41,136,0,0,0,0,528,23,0,0,5,0,0,0,1,0,3,0,0,2,35,1,0,0,0,0,1,0,0,11,0,0,0,2216,0,0,0,5,0,0,10,0,4,0,11,0,0,141,4,0,0,0,0,0,74,0,0,0,0,0,0,31,1,18,0,0,0,0,0,0,409,0,0,0,367,31,0,6,2,15,0,0,0,1,1,0,12,0,135,0,79,1,0,0,0,0,0,0,2,0,2,1,0,507,0,0,0,0,0,2,1,0,0,0,0,0,0,0,0,0,0,8,0,0,98,0,1,2,0,0,0,0,0,9,0,1,0,0,0,6,0,38,96,0,0,0,0,0,87,1,0,28,998,0,0,2,1,0,127,0,0,0,1,0,56,0,35,0,0,182,0
"422",0,6,0,3,0,4,23,0,0,0,12,0,20,0,1,0,0,0,0,0,0,0,0,148,0,2302,0,49,55,142,40,0,0,131,0,0,0,0,17,0,7,0,1,0,0,100,0,0,0,0,0,494,0,0,0,4,0,0,0,182,0,0,0,3,0,0,0,0,8,0,0,0,2,0,0,690,0,0,0,0,0,1,321,0,0,0,0,0,0,0,0,0,28,0,0,0,2,0,0,0,0,10,0,0,0,0,4,1501,0,0,23,0,0,16,3,0,101,0,40,0,30,0,0,1,14,2,0,0,8,0,1,3,0,0,0,0,7,0,0,0,0,0,0,0,1,0,3,0,10,0,3,1,0,0,0,0,0,0,0,11,0,8,0,0,1,0,0,0,0,3,0,0,4,0,0,0,0,0,4,0,0,0,0,0,0,0,0,0,0,0,0,31,1,0,0,0,0,0,0,0,0,0,0,83,0,1,0,0,0,10,0,0,0,1,1,1,12,0,252,0,19,1,0,0,0,0,0,0,2,0,2,1,0,0,0,0,5,0,0,2,0,0,0,0,0,0,0,0,0,0,0,0,0,0,0,0,0,0,0,0,0,0,0,0,1,0,0,0,0,3,0,0,628,3,0,0,0,0,0,1200,0,28,122,0,0,480,0,0,16,0,0,136,0,0,0,0,0,0,0,15,0
"423",0,0,0,0,0,0,20,0,0,0,0,0,3,310,8,0,0,0,0,0,0,0,0,31,0,4,0,0,32,199,1073,0,0,0,0,0,66,0,0,0,0,0,0,0,0,343,0,0,0,0,39,0,0,0,284,0,0,0,0,0,0,0,0,0,0,94,0,0,0,0,0,0,0,0,0,1173,0,0,0,0,0,0,0,0,0,2,0,0,0,203,557,0,21,0,0,0,0,0,42,0,0,159,0,0,2,0,0,257,0,0,0,0,0,511,0,0,0,0,0,26,3,0,0,1,111,0,0,0,0,0,0,154,0,0,0,0,35,0,0,0,1,0,0,0,0,0,0,0,0,0,0,0,0,0,8,0,0,0,0,30,0,0,0,391,0,0,0,0,0,0,0,0,2,0,0,0,7,213,0,0,0,6,0,0,0,0,0,0,0,9,0,384,0,0,0,0,216,0,0,0,0,0,0,36,0,0,0,0,0,9,1,0,0,0,0,0,0,0,10,0,0,0,0,0,0,13,0,0,0,0,0,1,0,292,0,0,0,0,0,189,0,0,0,0,5,0,0,0,0,0,0,0,0,0,151,17,0,0,0,73,0,0,0,0,25,0,0,0,0,1111,0,0,123,2,2,0,0,0,0,293,0,0,385,0,0,54,0,0,0,0,0,0,0,0,8,0,73,0,0,99,0
"424",0,0,0,0,0,1,1,12,0,0,0,0,0,157,20,2,4,3,1,41,41,30,0,0,0,1448,0,0,4,21,0,0,0,147,0,0,15,36,0,0,2,0,370,0,0,1098,86,1,0,0,0,0,0,0,0,1,0,0,0,0,0,0,1,0,0,0,197,0,0,0,0,1,0,0,0,0,0,0,0,59,0,0,24,0,46,0,1,1,0,63,0,53,0,0,0,0,0,0,795,0,0,0,0,0,0,0,4,410,0,61,0,0,0,1360,0,0,13,0,40,0,0,0,0,1,1855,2,0,0,19,0,164,53,0,0,0,0,87,0,0,0,4,1,0,0,1,0,34,0,0,0,15,1,0,0,6,0,0,0,112,11,0,0,0,0,0,0,0,0,0,0,4,0,4,0,0,0,0,0,4,0,0,0,0,0,8,0,0,0,0,0,0,320,4,0,0,0,0,0,0,378,0,0,0,370,0,10,7,0,0,0,0,0,4,1,1,0,12,43,1,0,0,1,0,0,0,0,0,0,560,0,232,0,0,863,0,0,41,0,0,2,0,0,0,0,0,0,0,0,0,0,0,2,5,1,0,8,0,0,28,0,0,0,0,8,0,1,0,0,1,0,4,59,151,0,0,0,0,0,6,1984,0,3,514,0,0,0,0,0,0,82,0,2,0,0,237,0,11,0,0,0,0
"425",0,1,0,1,0,0,0,0,1723,0,0,0,0,238,143,0,3,0,0,0,35,3,0,0,0,1281,0,0,11,13,158,0,0,139,0,0,0,75,0,0,0,0,0,62,0,34,0,1,0,0,10,0,0,0,4,0,0,0,0,1,0,12,0,0,0,0,5,0,0,0,7,0,0,20,1,0,0,0,0,10,0,0,24,0,0,1,0,0,0,153,0,0,0,0,0,0,0,0,0,0,0,0,0,0,1,0,106,74,0,0,0,0,0,229,0,0,0,0,10,10,0,0,0,1,258,5,0,0,1,40,58,714,0,0,0,0,21,0,0,0,0,0,0,0,0,0,0,0,0,0,6,13,0,1,1,0,0,0,14,45,0,0,0,252,0,0,1,0,0,0,1,0,0,0,0,0,0,13,7,0,0,0,0,0,0,0,0,0,0,0,0,84,0,7,0,0,0,1,0,0,0,0,0,0,0,2,1,0,1,0,4,0,0,0,6,0,17,0,0,0,0,0,0,0,0,0,0,0,196,0,129,0,0,136,0,0,1,0,1,1,0,0,3,0,0,2,0,0,0,0,0,5,0,0,0,1,3,0,5,17,1,0,0,1,5,0,0,0,2,495,0,0,317,0,0,0,0,0,0,2363,0,0,103,0,0,0,0,0,8,20,0,0,0,0,7,0,3,0,0,10,0
"426",0,0,0,12,0,0,0,0,0,0,0,8,0,0,1,0,42,25,0,0,29,227,0,229,0,378,0,0,12,40,277,0,0,37,0,0,2,209,0,0,0,0,1,0,0,0,0,0,0,0,11,33,0,0,0,16,1,0,0,20,0,76,0,20,0,0,269,6,0,0,0,0,0,19,0,0,0,0,0,30,0,0,0,0,954,12,0,0,0,39,0,8,2,0,0,0,0,0,0,0,9,0,0,14,13,0,4,104,0,0,4,0,0,16,0,0,0,1,40,10,0,0,0,1,175,2,0,0,8,0,1,3,0,0,0,0,7,11,0,0,95,0,0,0,1,0,3,0,0,1,3,1,5,0,0,0,0,0,0,11,0,0,0,0,0,0,0,0,0,0,29,0,4,0,0,0,0,0,216,6,6,0,0,0,0,1,0,0,0,0,0,31,22,26,0,0,9,3,0,0,0,0,0,0,0,198,21,0,0,2,0,0,0,1,1,0,12,0,298,0,0,1,0,0,0,0,0,0,2,0,62,1,2,166,0,0,0,0,0,2,0,0,0,0,0,7,1,0,0,0,0,4,0,0,38,98,17,0,175,53,0,0,0,0,0,0,0,0,300,0,0,0,1099,3,1,0,0,0,0,14,0,194,456,0,0,0,0,0,14,0,0,0,0,0,7,0,9,0,0,170,0
"427",0,0,0,34,44,0,9,7,0,1,0,0,0,235,27,0,0,0,0,0,45,50,5,92,0,2193,0,0,27,0,0,0,0,3,0,0,0,1,0,0,4,0,1,21,0,215,0,1,0,0,8,47,0,0,0,11,5,0,0,199,0,88,0,0,7,0,1135,0,0,280,13,0,0,0,0,0,0,0,0,54,0,0,0,0,26,0,0,0,0,0,0,38,0,0,0,0,0,0,0,0,0,47,0,0,0,0,4,1806,0,0,0,0,0,16,0,0,0,0,173,0,17,6,0,1,14,2,0,0,3,0,1,299,0,0,0,0,7,0,0,0,0,0,0,0,1,0,3,6,0,0,27,1,0,27,0,0,0,19,11,11,0,0,0,0,0,0,0,0,0,0,30,0,123,0,0,0,0,70,4,0,0,0,0,0,0,0,0,0,0,0,0,31,1,0,0,0,0,0,0,0,0,0,0,1215,0,219,0,0,0,0,2,0,8,1,1,0,268,13,1,0,27,46,0,0,0,0,0,0,2,0,134,0,0,665,2,0,0,0,0,2,0,0,0,0,0,0,0,0,0,0,2,2,9,0,0,81,0,0,0,0,2,0,0,0,0,0,0,0,3,0,0,0,102,0,0,0,0,0,3,1004,0,0,150,0,0,0,0,0,23,0,0,0,0,0,0,0,0,0,0,12,0
"428",0,0,0,3,14,0,0,0,0,0,0,0,0,74,130,0,0,0,0,0,0,16,0,232,0,1958,0,0,307,0,0,0,0,0,0,0,79,0,0,0,47,0,80,20,0,15,0,0,0,0,7,50,0,0,0,2,0,0,0,0,0,0,1,0,0,0,11,0,1,0,0,0,0,0,0,0,0,0,0,1,0,0,91,0,558,0,0,1,0,40,0,8,233,0,0,0,15,0,1,0,0,189,0,33,2,0,0,458,0,2,0,0,0,46,0,0,0,0,605,0,0,0,0,1,490,0,0,0,0,0,109,262,0,1,7,0,0,26,0,0,6,0,0,0,0,0,0,0,0,2,0,0,0,0,1,0,0,2,102,6,0,0,0,0,0,0,0,0,0,0,0,1,2,0,0,0,0,0,9,0,0,0,0,0,0,0,0,0,0,0,0,79,0,0,0,0,0,0,0,0,0,0,0,0,0,16,0,0,0,37,0,0,1,0,0,0,0,0,172,0,0,33,0,0,1,0,0,0,91,0,159,0,0,26,0,0,0,0,0,0,0,0,0,0,0,0,0,0,0,0,0,0,0,1,3,0,0,0,0,0,0,0,0,1,0,0,0,0,0,16,0,100,1060,0,0,0,0,0,3,1134,0,0,614,0,0,0,0,1,0,23,0,0,0,0,1,0,0,0,0,76,0
"429",1,161,0,40,0,0,1,0,0,0,0,0,0,0,5,0,0,0,0,0,0,11,0,199,0,181,0,0,172,0,180,0,7,138,0,0,12,334,15,0,61,0,0,9,0,6,0,0,0,0,8,79,0,0,1,0,0,0,0,4,0,0,0,0,0,0,8,0,62,1,0,0,0,0,0,0,0,0,0,64,8,0,12,0,0,1,1,0,0,140,0,38,0,0,0,0,0,0,38,0,0,3,0,2,0,0,160,14,0,0,0,0,0,0,0,0,0,5,19,0,18,0,0,1,75,0,0,0,0,0,0,0,0,0,9,39,353,9,0,0,23,0,0,0,0,0,0,4,0,0,0,161,0,0,0,0,0,0,11,175,0,0,0,0,0,0,0,1,0,0,0,0,0,0,0,0,0,2,72,0,0,0,0,0,0,0,0,0,0,0,0,18,23,5,0,0,0,0,0,0,0,0,2019,0,367,13,0,0,2,22,0,0,0,0,19,0,55,0,201,0,14,0,0,0,0,0,0,0,56,0,110,0,0,659,0,0,0,0,0,2,0,0,0,0,1,0,0,0,0,0,50,0,13,0,20,1,0,0,0,0,0,0,0,3,0,0,0,4,0,34,0,0,63,0,0,0,4,0,65,2726,0,0,117,0,0,0,0,0,0,0,0,0,0,0,58,29,1,0,0,75,0
"430",0,0,0,0,0,0,1,1,80,0,1,1,0,1,0,1,0,1,0,1,1,0,0,5,1,0,0,0,6,34,34,0,0,129,0,0,14,1,0,0,1,0,0,0,0,1,50,1,0,0,0,0,0,0,0,3,0,0,0,12,1,1,1,1,0,5,13,0,0,2,0,0,1,22,0,0,0,0,0,3,2,2,1,0,1,11,1080,1,0,101,0,9,0,17,52,0,0,0,14,0,1,0,0,2,0,0,1,638,1,0,0,0,0,0,0,5,0,14,25,0,0,9,0,0,1109,8,0,12,1,1,0,5,0,2,2,0,182,0,0,0,5,0,0,0,0,0,1,1,0,0,6,1,0,3,2,0,0,0,1,1,0,0,0,1,0,0,1,0,0,0,2,0,0,0,0,0,0,0,2,2,0,0,0,0,1,0,0,1,0,0,0,151,2,0,1,0,0,0,0,0,16,0,0,1,0,131,1,0,0,1,0,0,1,1,15,2,27,1,0,1,0,0,0,0,1,18,1,0,0,1,11,1,0,3147,0,0,1,0,1,0,0,0,0,8,0,0,0,0,0,0,1,1,1,1,3,186,4,1,1,0,2,0,0,5,0,0,0,3,3,6,1,3,549,0,1,0,0,1,2,1785,0,0,48,0,0,0,0,2,1,0,0,1,0,0,11,1,0,0,0,84,0
"431",0,0,0,0,1,0,0,3,0,0,1,0,0,53,45,0,0,1,0,0,9,1,0,0,0,2858,2,0,4,0,11,0,0,30,4,0,14,0,0,0,0,5,630,10,0,296,0,1,0,0,2,0,0,0,18,1,0,0,0,0,2,2,0,0,5,0,0,0,0,0,11,0,0,8,0,0,0,0,0,1,4,1,0,1,1,0,11,0,0,19,0,0,0,0,0,0,0,0,6,0,0,117,0,0,1,0,210,629,0,0,0,0,0,205,0,0,0,0,352,0,0,46,0,1,339,50,0,0,1,0,44,42,62,0,0,0,7,0,0,0,0,0,0,0,247,0,3,0,0,0,3,22,0,0,0,0,0,1,3,93,0,0,4,315,0,0,0,0,0,6,6,2,4,0,0,3,0,0,52,0,0,0,0,0,0,0,0,0,0,1,0,208,1,0,0,0,0,0,0,0,0,0,0,2,1,8,21,0,0,8,3,56,3,1,9,0,84,10,163,6,0,27,0,0,0,0,74,3,23,15,140,0,0,566,0,0,53,0,0,2,0,0,0,0,0,0,0,0,0,0,6,1,3,0,4,50,8,0,6,26,0,15,0,0,0,1,0,42,5,25,0,59,894,15,0,0,0,1,2,2,0,0,115,0,0,0,0,0,0,1,0,0,0,42,0,0,25,66,0,41,0
"432",0,0,1,0,0,0,1,0,0,0,0,0,0,50,13,0,0,0,0,0,0,1,0,0,0,3981,0,0,11,0,7,0,0,10,0,0,21,160,0,0,0,0,1,0,0,39,0,1,0,0,0,0,0,0,6,1,0,0,0,21,0,0,0,0,0,0,202,0,0,0,0,0,0,0,0,0,0,0,0,1,6,2,149,0,164,13,1078,0,0,0,0,33,2,0,0,0,0,0,1,0,0,0,0,0,1,0,4,2663,0,0,0,0,0,130,0,0,0,5,445,0,0,0,0,1,105,2,0,0,0,0,31,101,0,0,0,0,7,0,0,0,1029,0,0,0,1,0,3,0,3,0,18,1,0,10,0,0,0,0,0,11,0,2,0,465,0,0,0,0,2,0,5,0,4,0,0,0,0,4,4,0,0,0,0,0,0,0,0,0,6,0,0,31,1,0,0,0,0,0,0,516,0,0,0,25,0,70,24,0,0,0,0,0,0,1,1,0,79,8,329,0,0,34,0,0,0,0,0,0,2,0,48,6,0,82,0,0,3,0,0,2,0,0,0,0,54,0,0,0,0,0,0,3,0,0,15,21,50,0,9,20,3,0,0,0,72,0,0,0,0,10,0,30,15,0,0,0,0,3,3,0,0,0,31,0,0,0,18,4,0,5,0,0,0,0,0,0,5,0,0,50,0
"433",0,0,0,0,0,0,2,0,0,0,0,0,0,0,1,0,0,0,0,0,0,0,0,232,0,1,0,0,111,6,0,23,0,0,0,0,32,0,0,0,0,0,1,0,0,0,0,0,1,0,3,30,0,0,0,44,0,0,0,0,0,0,0,36,0,0,95,0,0,0,78,0,0,91,0,0,0,0,0,0,0,7,1,0,0,0,0,0,0,0,0,1,0,0,0,0,0,0,0,0,0,0,0,67,0,1,4,723,0,0,0,0,0,16,0,0,0,0,40,0,0,0,0,1,14,2,0,0,0,0,1,3,0,6,0,0,7,0,0,0,0,0,0,0,1,0,3,0,0,2,3,1,0,7,0,0,0,0,0,11,0,0,0,577,0,0,0,0,0,6,0,0,4,0,0,0,3,0,239,0,10,0,0,0,0,0,0,0,0,14,0,31,1,0,0,0,0,0,0,0,0,0,0,292,0,1,0,0,0,0,0,0,124,1,1,0,12,0,196,0,0,1,0,0,0,0,0,0,2,0,2,6,0,167,0,0,0,0,0,2,0,0,0,0,0,0,1,0,0,0,0,0,0,22,20,0,1,0,0,0,0,0,0,0,294,0,0,0,0,4,0,73,424,0,1,0,0,4,0,1891,0,0,1383,0,0,0,2,0,0,0,0,0,0,0,0,0,0,0,0,23,0
"434",0,31,0,43,0,0,2,0,0,0,0,0,0,0,1235,0,0,0,0,0,0,0,0,186,0,2,0,0,0,10,19,0,0,237,0,0,10,0,0,0,0,0,1,0,0,3,0,0,0,0,15,206,0,0,0,11,0,0,0,0,0,0,0,0,0,0,0,0,34,188,0,0,0,0,14,0,0,0,0,1,0,0,0,0,0,22,0,1,0,0,19,0,0,0,0,0,0,0,44,0,0,0,0,17,2,5,4,433,0,0,0,0,0,16,0,0,0,0,40,0,0,0,0,1,14,2,11,0,2,0,1,3,0,0,0,0,7,0,0,0,0,0,0,0,1,0,3,19,0,0,3,1,0,0,0,0,0,0,244,11,0,0,0,0,0,0,0,0,0,0,0,0,4,0,0,0,0,0,127,0,0,0,0,0,3,0,0,0,0,0,0,31,1,0,0,0,0,0,0,0,0,0,0,121,3,1,0,0,0,45,0,0,0,1,1,0,12,0,1,0,0,1,0,2,0,0,0,0,2,0,2,0,0,441,0,0,0,0,0,2,0,0,0,0,0,40,0,0,0,0,0,0,0,0,7,0,0,0,5,0,0,0,0,0,0,0,0,0,11,194,0,0,1125,0,0,0,0,0,0,1016,0,0,381,0,0,0,0,0,0,59,0,0,0,0,0,0,15,62,0,14,0
"435",0,5,1,0,8,0,91,0,0,0,0,22,2,0,49,0,4,0,0,1,43,5,0,806,0,12,0,0,165,132,561,0,7,211,0,0,74,0,0,0,0,0,1,92,0,26,0,5,0,0,73,0,0,0,37,5,0,0,0,153,7,0,0,6,0,11,36,0,0,0,13,0,0,37,0,0,0,0,0,39,93,0,29,0,0,2,97,1,0,37,1,0,5,0,0,0,0,0,16,0,0,0,0,67,0,2,4,104,0,0,0,0,0,16,0,0,0,0,40,0,0,0,0,1,14,2,0,0,5,0,41,173,0,0,0,0,7,59,0,0,0,0,0,0,1,0,3,0,0,0,20,1,0,0,0,0,0,0,0,11,0,0,0,0,0,0,0,0,0,0,0,0,4,0,0,0,9,225,4,0,40,0,0,0,39,0,0,0,0,0,0,31,1,0,0,0,0,0,0,0,0,0,0,1315,0,1,0,0,0,8,0,0,0,1,13,0,12,72,227,0,31,1,0,0,0,32,0,0,2,0,2,1,0,214,0,0,0,0,0,2,0,7,0,0,0,0,0,0,0,0,0,0,0,0,42,1,0,0,0,10,0,0,0,17,0,0,0,0,0,980,0,3,71,0,47,0,0,0,0,1134,0,0,87,0,0,0,0,1,0,8,0,0,0,0,9,0,9,0,0,130,0
"436",0,0,0,0,0,0,0,0,3,0,0,0,0,0,4,0,5,0,0,0,0,2,0,0,0,2303,0,0,60,101,582,0,0,60,0,0,0,125,0,0,0,1,1,0,0,1098,0,9,0,0,0,0,0,0,0,1,0,0,0,0,0,0,0,0,0,0,0,0,0,86,0,0,0,0,0,0,0,0,0,0,0,0,559,0,0,0,0,0,0,0,0,15,0,0,0,0,0,0,58,0,0,0,0,0,0,0,4,104,0,0,0,0,0,16,0,0,0,0,40,0,0,0,0,1,14,2,0,0,0,0,37,233,0,1,0,0,7,0,0,7,0,0,0,0,1,0,3,0,0,0,3,1,0,0,0,0,0,0,0,11,4,0,5,0,0,0,0,0,0,0,0,0,4,0,11,0,0,0,4,0,0,0,0,0,0,0,0,0,0,0,0,31,1,1,0,0,0,0,0,0,0,0,0,0,0,55,0,0,0,19,0,0,49,1,1,0,12,66,1,36,54,1,0,0,0,0,0,0,2,0,2,1,0,105,0,0,4,0,0,2,0,0,1,0,0,0,0,0,0,16,0,1,0,0,0,0,3,0,10,7,0,0,0,0,0,0,0,0,0,0,0,102,0,0,0,0,0,0,0,1462,0,0,159,0,0,0,29,0,0,0,0,0,0,1,0,31,0,0,0,62,0
"437",0,0,0,0,0,0,0,0,0,0,0,0,0,0,0,0,0,0,0,0,0,0,0,148,0,5517,0,0,0,0,0,0,0,15,0,0,0,0,0,0,4,0,1,34,0,0,0,0,0,0,0,45,0,0,0,0,0,0,0,0,0,0,0,0,0,0,0,2,52,0,0,0,0,0,0,0,0,0,0,0,0,0,0,0,0,0,0,0,0,0,0,0,1,0,0,0,0,0,61,0,0,21,0,0,0,0,4,104,0,0,0,0,0,16,0,0,0,0,40,5,38,0,0,1,14,2,0,0,0,0,1,3,0,0,0,2,7,0,0,0,0,0,0,0,1,0,3,0,0,0,3,1,0,0,0,0,0,0,0,11,0,0,0,0,0,0,0,0,0,0,0,0,4,0,0,0,0,0,4,0,0,0,0,0,0,0,0,0,0,0,0,31,1,0,0,0,0,0,0,0,0,0,0,0,0,1,0,0,0,0,0,0,0,1,1,0,12,0,1,0,0,1,0,0,0,0,0,0,2,0,2,0,0,141,0,0,0,0,0,2,0,0,0,0,0,0,0,0,0,0,0,0,0,0,0,0,0,0,0,29,0,0,0,0,0,0,0,0,0,6,0,0,69,0,0,0,0,0,0,1441,0,0,117,0,0,0,0,0,0,0,0,0,0,0,1,0,0,0,0,0,0
"438",4,0,0,0,0,0,0,0,0,0,0,0,0,0,52,0,0,0,0,0,0,46,0,0,0,21,0,0,47,33,9,36,48,67,0,0,13,0,0,0,0,0,1,20,0,321,0,0,0,0,0,0,0,0,0,5,0,0,0,0,0,0,0,0,0,0,0,0,59,56,0,0,0,0,0,0,0,0,61,59,0,0,187,0,110,5,0,0,0,703,0,49,123,0,0,0,0,1,57,0,0,2,0,0,18,0,4,1240,0,0,0,0,0,850,0,0,0,1,278,0,0,0,0,1,1129,2,1358,0,0,0,1,3,0,0,11,0,7,0,0,0,24,0,3,0,1,0,3,0,0,0,31,1,0,3,0,0,0,0,0,11,0,2,0,0,0,0,0,0,0,0,0,0,4,0,0,0,0,759,121,0,0,0,0,3,7,0,0,0,0,0,0,348,1,0,0,0,0,0,0,0,0,0,0,0,0,37,3,0,5,1,1,1,0,1,144,0,12,0,263,0,0,1,0,0,0,0,0,0,2,0,102,0,0,299,0,0,0,0,0,2,0,0,0,0,30,0,1,0,0,0,0,3,0,0,28,163,0,0,0,27,0,0,0,15,58,0,0,0,0,13,0,24,329,0,0,0,0,0,6,2284,0,1,295,0,0,0,0,0,0,0,0,0,0,0,46,0,0,0,0,27,0
"439",0,0,0,0,0,0,0,0,80,0,1,0,2,0,223,0,42,5,1,0,2,37,0,0,0,2195,0,6,52,79,0,0,0,417,4,0,11,236,0,0,0,0,1,4,3,1,0,0,17,0,4,0,0,0,0,0,0,0,0,27,0,1,0,3,0,0,83,2,2,0,12,0,0,4,0,0,0,0,0,13,0,0,0,0,4,319,284,0,0,178,0,23,0,2,0,0,0,0,0,0,0,0,0,0,1,0,91,104,0,0,0,0,0,512,0,0,0,1,40,0,0,0,0,1,1205,2,0,0,0,41,12,36,0,0,0,1,822,0,0,0,0,0,0,0,1,0,3,0,0,0,22,1,0,0,0,0,0,0,1,11,0,0,0,2,0,0,1,0,0,0,5,0,4,0,0,0,0,0,4,0,0,0,0,0,0,0,0,0,0,14,0,254,3,0,0,0,0,0,0,0,0,0,0,0,0,232,12,0,0,11,0,0,3,1,1,0,12,5,649,0,8,1,0,0,0,0,0,0,102,0,68,0,1,381,0,0,6,1,3,79,0,0,0,0,0,0,1,0,0,0,0,3,35,0,24,27,2,1,15,1,0,0,0,3,0,0,0,0,0,22,0,68,279,12,10,0,0,9,28,627,0,9,659,0,0,0,0,0,0,24,0,0,0,0,85,0,23,0,1,171,42
"440",0,0,0,0,0,0,0,0,0,0,0,0,0,0,11,0,0,0,0,0,0,36,0,11,0,225,0,0,3,4,287,0,0,0,0,0,6,199,17,0,0,0,0,0,0,174,0,0,21,0,0,0,0,0,0,0,0,0,0,0,0,9,0,0,0,0,48,0,0,1,0,0,0,0,0,0,0,0,0,0,0,0,0,0,0,5,0,0,0,71,0,3,0,0,0,0,0,0,110,2,0,0,0,0,0,0,0,1504,0,0,0,0,0,32,0,0,0,0,100,0,0,0,0,1,143,0,0,0,0,0,0,61,0,0,0,0,3,0,0,0,21,0,0,0,0,0,27,0,0,0,2,0,0,2,1,0,0,0,0,0,0,0,0,0,0,0,0,0,0,0,0,0,0,0,0,0,0,0,666,0,0,0,0,0,1,0,0,0,0,0,0,57,0,7,0,0,0,0,0,0,0,0,0,60,0,94,0,0,2,6,0,0,0,0,0,0,0,0,360,0,0,0,0,0,0,0,0,0,43,0,137,0,0,3380,0,0,0,0,0,5,0,0,0,0,0,0,0,0,0,0,0,0,40,0,48,0,0,0,5,0,0,0,0,0,0,0,0,0,0,122,0,0,59,0,0,0,0,0,83,1336,0,0,71,0,0,0,0,0,140,0,0,0,0,0,0,0,13,0,0,127,0
"441",0,0,0,0,0,0,1,0,0,0,0,0,0,0,3,0,58,0,0,0,0,0,0,0,0,1,0,0,8,0,0,0,0,0,0,0,0,0,0,0,0,0,1,0,0,3,0,0,0,0,0,0,0,0,0,0,0,0,0,0,0,0,0,0,0,0,0,0,0,104,0,0,0,0,0,0,0,0,0,0,0,0,134,0,0,0,0,0,0,0,0,12,0,0,0,0,0,1,0,0,0,0,0,6,0,0,4,4681,0,0,0,0,0,16,0,0,3,0,40,0,19,0,0,1,14,2,0,0,0,0,1,3,0,0,0,0,7,0,0,0,95,0,0,0,1,0,3,0,0,0,3,1,45,0,0,0,0,0,0,11,0,0,0,0,0,0,0,0,0,0,0,0,4,0,0,0,0,0,4,0,0,0,0,0,0,0,0,0,0,0,0,31,1,0,0,0,0,0,0,0,0,0,0,0,0,199,2,0,0,0,0,0,0,1,1,0,12,0,1,0,52,1,0,0,0,0,0,0,2,0,59,0,0,141,0,0,5,0,0,2,0,0,0,0,0,47,0,0,0,0,0,0,0,0,0,0,0,0,0,0,0,0,0,0,0,0,0,0,0,5043,0,0,42,0,1,0,0,0,0,0,0,0,102,0,0,0,0,0,0,0,0,0,0,0,0,0,0,0,0,0,0
"442",0,0,0,5,0,0,1,0,0,0,0,0,0,0,11,0,0,0,0,0,0,0,1,314,0,2276,0,0,32,0,0,0,0,0,0,0,9,13,0,0,9,0,0,0,0,136,0,0,0,0,0,221,0,0,0,8,0,0,0,0,0,0,0,0,0,0,208,0,68,0,0,0,0,0,2367,0,0,0,1,0,0,0,0,0,0,9,0,0,0,0,1,0,6,0,0,188,0,0,0,0,0,0,0,68,0,0,0,312,0,0,0,0,0,0,0,0,0,0,15,0,11,0,0,2,73,0,0,0,0,0,0,112,0,12,11,4,0,0,0,0,0,0,0,0,0,0,0,0,0,0,4,0,0,0,0,0,0,4,0,0,0,0,0,0,0,0,0,0,0,0,0,0,12,0,0,0,0,0,0,0,0,0,0,0,0,0,0,0,0,1,0,0,3,0,0,0,0,0,1,0,0,0,0,0,0,0,0,0,0,7,0,0,0,0,3,0,0,0,275,0,0,0,0,0,0,0,0,0,0,0,0,0,0,336,0,0,0,0,12,0,0,0,0,0,0,0,0,0,0,0,0,0,16,0,0,0,0,0,0,0,0,0,0,0,0,0,0,0,0,304,0,0,229,0,0,0,0,0,3,2119,0,0,168,0,0,0,0,0,0,0,0,0,0,0,0,0,0,0,0,0,0
"443",0,0,0,0,0,0,5,12,0,0,0,0,0,73,8,0,0,0,0,0,0,10,0,0,0,1051,0,0,0,0,0,0,0,59,0,0,0,77,0,1,0,0,0,246,0,283,0,0,0,0,3,0,0,0,4,0,0,0,0,37,0,22,0,0,0,0,40,0,0,16,16,1,0,8,0,0,0,0,0,18,0,0,0,0,68,0,0,0,0,186,0,4,0,0,0,0,0,0,80,0,0,0,0,0,3,0,0,0,0,30,3,0,10,1570,0,0,0,0,61,5,5,1,0,30,0,0,0,0,0,0,0,0,1,0,0,0,16,0,0,0,0,0,0,0,0,0,4,0,0,0,0,0,0,0,0,0,0,0,8,90,0,0,0,470,0,0,0,0,0,0,2,0,1,0,0,1,0,8,14,0,0,0,0,0,0,0,0,0,0,0,3,309,0,2,0,0,0,0,0,0,0,0,0,0,0,0,0,0,1,0,0,0,1,0,0,0,0,2,0,2,0,2,0,0,3,0,0,0,71,1,0,0,0,339,0,0,0,0,0,0,0,0,1,0,0,0,0,0,0,0,46,0,0,0,9,6,2,0,0,0,0,0,0,2,0,0,1,0,5,4,0,0,279,0,1,0,6,0,0,3922,0,0,184,0,0,0,0,0,2,79,0,0,0,1,29,0,0,0,0,27,0
"444",0,0,0,4,0,1,28,0,0,0,0,0,2,0,4,0,0,0,0,0,0,56,0,696,0,522,0,0,33,22,1,0,0,0,0,0,21,0,0,0,5,0,0,0,0,3,0,3,0,0,2,24,0,0,0,0,1,0,0,443,0,21,0,336,0,0,107,0,303,46,244,0,0,0,0,735,0,0,0,54,76,0,4,0,0,0,0,0,0,0,1,3,0,0,0,0,0,0,0,0,0,4,0,0,9,0,0,2563,22,0,0,0,0,0,7,0,0,0,127,0,0,0,0,20,0,0,0,0,0,0,0,2,0,9,0,57,80,0,0,0,5,0,0,0,0,0,4,0,6,0,10,0,0,3,1,0,0,0,0,46,0,0,0,520,0,1,0,0,0,0,3,0,1,0,0,0,0,61,27,0,0,5,0,0,3,0,0,0,0,1,0,41,3,1,0,0,0,0,0,0,0,0,0,0,485,20,3,0,1,10,0,0,0,0,100,0,42,0,266,0,0,6,0,0,0,0,0,0,99,0,0,6,0,446,0,0,5,0,0,0,0,0,0,0,60,77,0,0,0,0,0,0,11,0,27,215,1,0,0,20,0,0,0,0,2,0,0,0,86,2,0,0,460,0,1,0,0,0,6,6,0,0,0,2,0,0,0,0,0,0,0,0,0,0,40,0,0,0,0,54,0
"445",0,0,0,0,0,2,1,0,0,0,0,0,2,0,11,0,4,0,0,0,17,14,0,195,0,659,0,0,7,0,145,0,0,46,0,0,0,71,0,0,10,0,0,41,0,484,0,7,0,0,15,127,0,0,8,6,0,0,0,369,26,8,4,0,6,0,98,0,24,168,27,0,0,0,0,0,0,1,0,37,56,21,22,0,4,25,120,0,0,10,0,1,0,0,0,2,20,0,0,0,0,0,0,3,4,0,4,2355,0,0,0,0,0,0,0,14,0,0,94,0,0,0,0,1,0,5,0,0,2,0,0,3,0,0,0,0,7,0,1,0,24,0,0,0,0,0,34,0,10,0,30,11,0,0,2,0,0,0,0,147,0,0,0,0,1,0,0,0,0,0,0,0,0,0,0,0,0,13,43,7,0,0,7,0,2,0,0,0,0,0,0,120,1,8,0,0,0,0,0,0,0,0,0,2,0,58,1,1,0,2,0,0,2,0,1,1,39,52,0,8,1,32,0,3,3,0,0,0,32,0,178,0,0,1039,0,0,4,0,0,16,0,0,0,0,80,0,0,0,0,0,282,0,29,0,0,430,6,0,16,0,4,0,0,0,0,0,0,0,19,122,0,24,269,0,0,0,0,1,5,920,0,0,381,0,0,2,0,0,0,0,0,0,0,0,0,0,0,0,0,64,0
"446",0,0,1,5,13,0,0,9,0,0,0,0,1,0,13,0,2,0,0,0,0,34,0,127,0,3624,0,1,51,0,0,0,0,0,0,0,7,0,0,5,5,0,14,0,0,549,0,0,0,2,0,102,0,0,12,26,0,1,0,232,0,118,1,2,0,2,268,1,0,169,53,0,0,0,0,0,0,0,0,182,0,0,0,0,0,1,23,0,0,0,0,31,139,0,0,0,3,0,0,1,0,1,9,0,0,0,0,0,0,0,0,0,0,59,0,0,0,0,46,0,13,0,0,1,0,0,0,0,0,0,0,208,0,17,4,0,2,26,19,1,18,0,0,0,0,0,65,0,2,4,10,0,0,2,0,0,0,1,0,0,0,0,0,207,0,0,0,0,0,0,0,1,0,0,0,0,0,164,370,0,0,0,0,2,0,0,0,0,0,0,0,75,0,0,0,0,0,0,0,0,17,0,0,0,0,50,0,0,1,0,3,0,0,0,0,0,268,0,383,0,0,24,0,0,0,1,0,0,146,0,0,0,0,484,0,0,0,0,0,1,0,0,0,0,1,1,16,27,0,0,0,0,0,0,12,10,2,0,0,0,1,0,0,1,0,0,1,0,0,9,0,0,19,0,1,0,5,0,0,1201,0,0,0,0,0,0,0,1,19,0,0,0,0,0,45,0,2,0,0,94,0
"447",0,0,0,0,0,0,0,21,0,0,0,0,2,0,24,2,0,0,0,0,32,1,0,173,6,3192,0,0,23,156,11,0,0,0,0,0,2,1,7,0,66,0,322,18,0,344,0,0,1,0,0,221,0,0,1,0,0,2,0,35,0,40,0,0,0,0,0,0,0,0,12,0,0,9,0,14,0,0,0,18,10,0,11,0,2,2,0,0,0,31,23,5,3,0,0,0,0,0,30,0,0,50,0,0,0,0,4,104,54,0,0,0,0,16,0,0,0,0,40,0,0,0,0,1,105,2,0,0,0,0,52,3,0,0,0,0,7,14,0,0,864,0,0,0,1,0,3,40,0,0,31,1,0,0,0,0,0,0,86,11,0,0,0,0,0,0,0,160,0,0,0,0,4,0,0,0,0,4,108,0,0,0,0,0,21,0,0,0,0,0,0,31,1,37,0,0,0,0,0,0,0,0,0,25,1999,53,0,0,0,23,12,0,0,1,1,0,12,0,57,7,1,1,0,0,0,0,645,0,58,0,48,0,0,82,0,0,0,0,0,2,0,0,0,35,0,0,0,0,0,0,88,1,5,0,4,2,7,0,0,2,0,0,0,0,0,0,0,3,0,353,0,0,179,0,0,0,0,0,0,0,0,0,0,0,0,0,0,0,4,10,0,0,0,0,6,0,4,0,0,17,0
"448",0,0,0,15,0,0,4,0,0,0,0,6,12,150,29,0,0,0,0,0,0,56,0,87,0,1,0,0,212,0,17,0,0,59,0,0,43,258,0,0,0,0,1,74,0,46,0,0,0,0,0,61,0,0,0,0,0,0,0,0,0,0,0,0,4,0,9,0,0,0,14,0,0,9,0,0,0,0,0,58,0,0,26,0,60,147,0,0,0,264,13,0,41,0,0,5,0,0,151,0,9,1,0,0,0,1,4,1126,2,0,0,0,0,16,0,0,0,3,40,0,66,0,0,1,192,2,0,0,0,0,1,3,0,0,0,45,7,28,0,0,90,0,0,0,1,0,3,0,0,0,3,1,12,0,0,0,0,0,0,113,0,0,0,372,0,1,0,0,0,3,0,0,4,0,0,0,0,9,4,0,0,0,0,0,0,0,0,0,0,0,0,31,1,0,0,0,0,0,0,0,0,0,0,0,0,1,0,0,0,18,0,0,0,1,1,0,12,0,559,0,0,1,0,0,0,0,0,27,2,0,2,0,0,381,0,0,0,0,0,2,0,0,0,0,0,0,17,0,0,0,47,0,0,0,0,430,8,0,0,6,8,0,0,0,0,0,0,2,0,97,0,0,1521,0,0,0,0,0,0,1570,0,0,125,0,0,0,0,0,26,0,0,0,0,0,248,0,43,0,0,50,0
"449",0,0,0,233,0,0,0,0,0,0,0,0,2,0,1,0,4,0,0,2,3,88,0,494,0,3809,0,0,143,0,0,0,0,30,0,0,6,184,0,0,16,0,121,0,0,648,0,0,0,0,31,37,0,0,0,6,0,0,0,17,0,0,0,10,0,0,352,0,104,0,5,0,0,0,0,0,0,0,0,29,0,0,0,0,0,0,0,0,0,101,0,4,1,0,0,0,2,1,0,0,0,0,0,0,0,0,111,104,0,0,0,0,0,16,0,0,0,0,40,0,10,0,0,1,14,2,0,0,0,0,1,3,98,0,0,1,7,17,0,0,15,0,0,0,1,0,3,0,0,0,3,1,0,0,0,0,0,0,0,11,0,0,0,0,0,0,0,0,0,0,0,0,4,0,0,0,3,0,4,1,0,0,0,0,0,0,0,0,0,0,0,31,1,0,0,0,0,0,0,0,0,0,0,0,2176,1,0,0,0,22,73,0,0,1,1,0,12,0,1,0,0,1,0,0,0,0,0,0,2,0,59,0,0,867,0,0,0,0,0,2,0,0,0,0,0,5,0,0,0,0,0,0,0,0,0,0,10,0,0,9,0,0,0,0,0,0,0,0,0,11,0,0,0,0,0,0,0,0,0,0,0,3,319,0,0,0,0,0,5,2,0,0,0,0,0,0,2,0,0,0,0
"450",0,1,1,34,0,1,0,0,0,3,9,0,2,0,93,0,0,0,1,0,0,45,0,205,0,990,0,0,20,0,0,0,0,14,0,0,2,0,4,0,3,0,0,41,1,519,0,3,5,0,33,155,0,0,0,0,0,0,0,0,0,162,0,1,0,65,395,0,2,0,0,0,2,91,0,0,0,0,0,160,6,7,187,3,0,1,2,0,0,15,0,9,2,0,0,0,0,0,40,50,0,0,0,20,14,1,203,1265,0,0,0,0,0,0,3,0,0,1,307,0,29,0,0,1,5,7,19,0,0,0,0,0,0,2,0,0,71,7,0,2,2,0,0,0,42,0,74,35,0,0,33,0,0,15,0,0,0,2,0,0,0,0,3,0,0,0,0,0,0,0,4,0,115,0,0,0,4,375,511,0,0,0,0,0,1,0,0,0,0,0,1,47,1,18,19,0,0,0,0,0,74,0,1,13,0,72,1,0,0,3,0,0,0,0,0,1,0,132,1,5,0,19,0,0,0,0,11,0,14,13,100,1,0,93,0,0,0,0,0,1,1,0,0,0,0,0,0,1,0,0,18,3,22,0,0,12,3,0,0,0,13,0,0,3,0,0,0,0,0,15,0,29,1,0,0,0,0,0,0,2330,1,0,122,0,0,0,0,0,19,43,0,0,1,0,0,0,2,0,0,170,0
"451",5,0,0,17,0,1,28,0,0,0,0,0,2,444,7,0,1,0,0,0,0,1,0,215,0,519,4,0,58,6,1,0,0,48,0,0,0,35,9,0,0,0,0,0,0,0,0,0,0,0,10,46,0,4,0,6,0,0,0,0,6,0,0,0,0,0,0,0,36,0,25,0,4,0,0,0,0,1,0,0,0,0,198,0,0,2,0,0,0,78,0,1,6,56,0,0,0,0,0,0,0,0,0,0,13,0,0,1075,0,0,0,0,0,35,0,0,69,0,13,10,12,0,0,1,52,0,2,0,0,0,0,1379,0,0,0,1,1,0,2,0,1,0,0,0,0,0,1,0,3,0,16,0,0,3,0,0,0,0,0,0,0,0,0,235,0,0,1,0,0,166,1,10,0,0,0,0,0,56,17,0,0,0,0,0,0,0,0,0,0,0,0,26,4,0,0,0,0,0,0,15,0,0,0,0,0,0,0,0,0,31,0,0,0,0,0,0,1,6,101,0,0,0,0,0,0,0,0,0,44,0,0,0,0,0,0,0,1,0,0,0,0,0,0,0,0,0,1,3,0,0,0,0,12,0,8,1,0,0,0,0,0,0,0,1,0,0,0,0,0,2,0,0,418,4,0,0,0,0,7,4078,0,39,123,0,0,0,0,0,0,5,0,0,0,0,0,0,1,0,0,17,0
"452",0,0,0,0,0,0,32,0,0,0,0,0,1,71,229,0,0,0,0,0,0,0,0,355,1,571,0,1,30,21,1,23,0,80,0,0,8,0,15,0,8,0,1,0,0,44,0,0,0,0,0,33,0,0,0,0,0,0,0,0,0,0,0,0,0,0,122,0,0,0,0,0,0,0,0,196,0,0,0,0,12,0,1,0,12,0,0,0,0,172,0,0,271,0,0,14,0,7,11,0,0,6,0,48,0,0,4,1378,0,0,0,2,0,16,0,0,0,0,40,0,51,0,17,1,1281,2,0,0,0,0,1,136,0,0,0,24,7,14,0,0,0,0,0,0,1,0,3,0,0,0,3,1,0,0,0,4,0,0,14,11,0,0,0,0,0,0,0,0,0,0,0,7,4,0,0,0,0,0,4,0,0,0,0,0,0,0,0,0,0,6,0,31,1,0,0,0,0,0,0,0,0,0,0,0,511,1,0,0,0,7,0,0,0,20,1,0,12,0,1,0,0,1,0,0,0,21,0,0,2,0,2,0,0,0,0,0,0,0,0,2,0,0,0,0,0,0,0,0,0,0,0,0,0,0,0,0,0,0,0,4,0,0,0,0,0,0,0,1,0,775,0,22,104,1,4,0,0,0,21,1669,0,59,7,0,0,0,0,0,0,0,0,0,0,0,0,0,0,0,0,0,0
"453",0,0,1,3,0,0,1,46,0,0,0,0,0,299,6,0,0,0,0,0,0,27,0,0,0,2839,0,0,5,0,0,0,0,76,0,0,2,0,0,0,0,0,0,0,0,12,0,0,0,0,0,0,0,0,0,1,0,0,0,76,0,36,0,0,0,0,40,0,0,0,20,0,0,0,0,0,0,0,0,58,0,0,0,0,0,0,0,0,0,42,870,0,5,0,0,1,0,0,0,0,0,0,0,0,0,0,0,77,0,0,0,0,0,0,0,0,0,0,53,1,5,0,0,0,0,9,0,0,0,0,0,847,0,0,0,0,112,0,0,0,53,0,0,0,0,0,36,0,0,0,0,0,0,0,0,0,0,0,0,24,0,0,0,0,0,0,0,0,0,0,5,0,0,0,0,0,0,108,1,0,0,0,0,0,0,0,0,0,0,0,0,38,0,0,0,0,0,3,0,0,0,0,0,2,0,0,0,0,0,8,0,0,0,7,0,0,0,21,0,0,0,121,0,0,0,0,0,0,40,9,345,0,0,214,0,0,0,0,0,0,0,0,0,0,0,0,0,0,0,0,0,0,0,0,0,15,22,0,5,2,31,0,0,0,0,0,0,2,0,3,0,17,656,0,0,0,6,0,0,2565,0,0,12,0,0,0,0,0,23,8,0,0,0,0,0,0,8,0,0,23,0
"454",0,0,0,0,0,0,0,0,0,0,0,0,0,0,0,0,0,0,0,0,82,60,0,0,0,968,0,0,15,9,2,0,0,50,0,0,5,209,0,0,0,0,447,44,0,94,0,0,0,0,0,0,0,0,0,0,0,0,0,110,0,124,0,0,0,0,0,0,0,35,0,0,0,24,0,0,0,0,0,11,0,11,0,0,1146,0,0,0,0,72,0,16,0,0,0,0,0,0,40,0,0,20,0,0,0,0,4,410,17,32,1,0,0,16,0,0,0,0,40,2,0,0,0,1,343,2,1029,0,0,0,109,208,0,0,0,0,7,0,0,1,0,0,0,0,1,0,26,0,0,2,3,1,1,0,0,0,0,0,38,117,0,0,0,79,0,0,0,0,0,0,7,0,4,0,0,0,0,92,142,0,0,0,0,0,0,0,0,0,0,4,3,176,1,0,0,0,0,0,0,0,0,0,0,0,0,10,0,0,0,1,2,0,0,10,34,0,12,0,1,28,0,1,0,0,0,0,0,0,71,0,130,0,0,3,0,0,0,0,0,2,0,0,0,0,5,0,0,0,0,0,211,0,0,0,3,2,118,0,60,111,0,0,0,6,0,0,0,0,4,4,0,16,761,0,0,0,0,0,50,1598,0,0,450,0,0,0,0,0,106,77,0,0,0,0,0,0,0,0,0,513,0
"455",36,0,0,11,0,0,49,0,0,0,0,10,0,0,12,0,76,0,0,0,0,81,0,494,0,1331,0,0,128,8,1,0,0,60,0,0,1,4,0,0,15,0,0,0,0,209,0,2,0,0,0,0,0,0,0,17,0,0,22,0,27,0,0,0,0,0,26,62,49,0,0,0,0,0,0,132,0,0,0,19,0,0,1,0,0,0,1,0,0,64,0,159,10,0,0,0,0,0,0,0,0,103,0,0,2,0,0,504,0,0,0,0,0,135,0,0,0,13,36,0,0,0,0,0,67,146,0,0,0,0,0,19,0,13,0,0,93,17,0,0,0,0,0,0,0,0,0,0,0,1,11,0,0,0,0,0,0,0,0,28,0,0,0,0,0,0,0,0,0,0,0,0,0,3,0,0,0,0,25,5,0,0,0,0,49,49,0,0,0,0,0,122,2,0,0,0,0,0,0,0,0,0,0,0,0,64,0,0,1,0,0,0,0,0,0,0,109,0,9,0,59,0,0,0,0,0,0,0,0,0,95,0,0,975,0,0,6,0,0,4,0,0,0,0,0,48,0,1,0,0,0,0,0,0,0,3,0,0,0,9,14,0,0,0,1,0,0,0,118,14,0,7,461,0,0,0,0,4,1,3124,0,0,80,0,0,0,0,0,0,0,0,0,0,0,180,0,27,0,0,27,0
"456",0,0,0,0,0,0,1,0,0,0,0,0,7,0,1,0,0,0,0,0,0,56,0,199,0,3,0,0,50,0,177,0,0,36,0,0,11,0,20,0,0,0,1,0,0,17,0,0,22,0,5,325,0,0,0,0,0,0,0,21,0,0,0,0,0,0,17,0,0,0,18,0,0,0,0,0,0,0,0,16,19,0,6,0,0,0,12,0,0,35,5,0,0,0,0,0,0,0,0,0,0,10,0,0,7,0,4,611,0,0,0,0,243,16,0,0,0,0,40,9,64,0,0,1,14,2,0,0,0,0,1,196,0,14,0,0,7,41,0,0,37,0,0,0,1,0,3,0,0,0,3,1,0,0,0,0,0,0,0,11,0,0,0,1977,0,0,0,0,0,0,0,0,4,2,0,0,0,0,4,0,0,0,0,0,0,0,0,0,0,0,0,31,1,0,0,0,0,0,0,0,0,0,0,158,0,1,0,0,4,6,0,0,0,1,1,0,155,0,108,0,0,1,0,0,0,0,0,0,64,0,2,0,0,473,0,0,0,0,0,2,0,124,0,0,0,0,1,0,0,0,170,0,0,0,0,10,0,0,0,0,0,0,0,0,0,0,0,0,0,58,0,0,1462,0,0,0,0,0,2,2902,0,0,168,0,0,0,0,0,0,0,0,0,0,0,1,0,27,0,0,55,0
"457",0,3,2,0,0,0,0,47,587,0,0,0,0,0,0,0,0,0,0,5,134,6,0,0,0,0,0,0,399,0,0,0,0,5,0,0,22,0,0,0,0,0,1,0,0,192,0,0,0,0,0,0,0,0,0,0,2,10,0,132,0,139,8,0,80,0,0,0,0,0,0,0,0,43,0,0,0,0,0,64,0,0,0,0,55,0,121,0,0,41,0,53,293,0,0,0,0,0,0,3,0,0,0,1,0,0,630,104,0,671,0,0,0,164,0,0,0,3,40,5,5,0,0,1,156,266,0,0,0,0,87,145,0,14,5,2,7,0,0,0,0,0,7,0,1,938,3,0,0,0,3,1,0,16,0,4,0,0,0,11,0,0,0,0,0,0,0,0,0,0,0,21,4,24,0,0,0,0,4,0,0,0,0,0,0,24,0,0,0,0,0,31,1,0,0,0,0,0,0,0,0,0,0,0,0,1,0,0,0,199,0,0,0,1,1,0,12,0,81,10,0,1,0,0,0,0,0,0,2,0,220,0,0,141,0,0,0,39,0,2,0,0,0,0,0,0,1,10,0,0,0,0,0,0,0,0,0,0,0,6,0,0,0,3,0,3,0,0,0,146,0,0,0,0,17,0,0,0,8,0,0,0,163,0,0,0,0,0,0,253,0,0,0,0,1,0,2,0,0,0,0
"458",0,0,1,0,10,0,1,0,885,0,12,2,1,0,1,0,0,3,0,0,49,14,0,39,0,728,2,0,2,3,81,0,0,77,7,0,3,236,7,0,2,0,0,0,0,115,1,0,0,1,5,124,0,0,106,26,0,0,0,0,12,0,0,0,25,1,0,0,0,0,78,0,0,65,0,0,0,0,0,39,7,0,322,0,0,1,805,0,0,15,1,1,1,0,0,0,0,0,58,0,0,0,0,27,2,0,164,298,0,0,0,1,0,153,0,0,0,1,50,0,0,0,0,1,17,0,0,0,18,3,53,52,0,1,11,1,1,29,1,0,20,1,0,0,0,0,0,30,4,0,34,31,0,0,1,0,0,0,0,83,0,0,0,2,0,0,0,0,0,0,2,0,0,0,0,0,0,58,0,2,1,0,0,0,53,0,2,0,96,0,0,255,1,0,1,0,0,0,0,2,0,0,0,1134,0,4,15,0,0,1,0,0,0,15,2,0,23,188,222,0,0,0,10,0,0,1,0,0,73,1,230,0,0,1,0,0,2,0,2,0,0,0,0,12,0,0,1,0,0,0,0,5,16,0,38,1,4,8,15,208,1,0,0,6,0,0,0,20,0,1,0,108,62,0,0,0,0,0,1,1316,1,0,564,0,0,0,0,0,0,53,0,0,0,0,23,35,13,0,0,38,11
"459",0,0,0,0,0,0,0,0,0,0,0,0,0,0,17,0,58,0,0,5,199,150,0,0,0,3,0,0,23,0,0,0,0,0,0,0,0,0,0,0,0,0,0,0,0,0,0,0,0,5,0,0,0,0,0,0,1,0,0,464,0,0,0,0,0,0,0,0,3,0,35,0,0,0,0,0,0,0,0,0,0,0,386,0,0,0,0,0,0,0,0,3,6,0,0,18,0,0,0,0,0,1,0,0,0,0,0,0,0,0,0,11,0,239,0,1,0,0,0,0,14,0,0,5,111,0,0,0,0,0,57,2182,0,0,0,0,0,0,0,0,0,0,0,0,0,0,0,0,0,0,0,0,0,0,0,0,0,47,0,486,0,0,0,0,3,0,0,0,0,0,0,0,34,0,0,0,0,110,0,0,0,0,0,0,0,7,0,0,0,0,0,461,0,0,0,0,0,0,0,0,0,0,0,0,0,0,0,5,0,6,0,0,0,0,0,0,268,119,0,0,614,0,0,157,15,0,0,0,82,0,214,0,0,0,0,0,0,0,0,0,0,0,129,0,0,0,0,0,0,0,546,0,0,0,0,3,0,0,0,0,0,0,0,0,0,0,0,0,0,18,0,0,1620,855,0,0,0,0,0,0,0,6,0,0,0,0,0,0,0,0,0,0,0,0,190,0,0,0,0,0,4
"460",0,0,0,0,0,0,0,0,0,0,0,0,0,0,363,12,0,0,0,0,0,0,0,0,0,62,0,0,15,135,0,0,0,0,0,0,53,0,0,0,0,0,1,0,0,77,0,0,0,0,3,0,0,0,0,0,0,2,0,1,2,0,0,1,0,0,440,0,0,0,0,0,0,0,0,0,0,0,0,0,0,1,248,0,0,30,0,0,0,0,0,70,112,0,0,0,0,1,0,0,0,188,0,21,0,0,4,1776,0,0,0,0,0,16,0,0,0,0,40,0,0,0,0,1,118,2,0,0,0,0,1,3,0,0,63,45,7,0,2,0,1250,0,0,0,1,0,3,0,0,0,3,1,0,4,0,0,0,0,0,11,0,0,0,0,0,0,0,0,0,0,0,0,4,0,0,0,0,0,4,0,0,0,0,0,15,0,0,0,0,0,0,31,1,0,0,2,0,0,0,0,1,0,0,608,0,1,10,0,0,1,0,0,0,1,1,0,12,0,261,0,0,1,0,0,0,0,0,0,2,0,52,0,2,653,0,0,0,0,0,176,0,0,0,0,0,0,0,0,0,0,0,0,0,0,0,16,0,0,0,0,0,0,0,0,0,0,0,0,0,758,0,0,893,0,1,0,2,0,0,0,0,0,113,0,0,0,0,0,0,0,0,0,0,0,0,0,4,0,0,127,0
"461",0,6,0,0,0,0,0,1,0,0,0,0,0,1,145,0,56,0,0,0,0,6,0,0,0,697,0,0,0,0,0,0,0,208,0,0,36,0,2,0,0,0,0,0,0,4,0,0,0,0,0,0,0,0,0,0,0,0,0,1,0,0,0,0,0,0,1,0,0,3,4,0,0,0,0,0,0,0,0,5,0,0,25,0,24,147,0,0,0,38,0,0,0,0,0,0,0,0,0,0,0,0,0,0,0,0,87,1,0,0,0,51,0,33,0,0,0,0,41,79,0,0,0,0,1854,33,5,0,12,0,31,0,0,0,0,0,670,0,0,0,9,0,0,0,0,0,0,0,0,0,1,19,0,0,0,0,0,0,7,11,0,0,0,1,0,0,17,0,0,3,1,0,0,0,0,0,0,3,52,0,0,0,0,0,0,0,0,0,0,0,0,40,0,0,0,0,0,0,0,455,0,0,0,0,0,0,0,0,2,0,50,0,0,0,18,0,0,22,0,0,1,0,0,0,0,8,0,0,68,1,23,0,0,158,0,0,0,0,3,0,0,0,0,0,3,0,0,0,0,0,0,0,0,0,0,0,0,0,2,28,3,0,0,6,0,0,0,0,0,3326,0,0,859,0,8,0,0,0,0,362,0,0,71,0,0,0,0,0,0,18,0,0,0,0,0,0,10,0,0,27,0
"462",0,0,0,0,5,3,36,0,0,0,0,0,0,0,20,0,0,0,0,0,0,100,0,22,0,219,0,0,109,0,0,0,0,0,0,0,65,0,0,0,0,0,0,0,0,6,0,0,0,0,0,0,0,0,0,0,0,0,0,0,0,0,25,0,0,0,0,0,27,0,37,0,0,0,0,0,1,0,0,0,0,0,58,0,0,0,187,0,0,0,0,5,8,0,0,6,0,0,0,0,0,0,0,0,0,0,0,514,0,0,0,0,0,0,0,0,0,0,0,0,0,0,0,2,0,0,0,0,0,0,0,378,0,0,0,0,1217,0,1,0,21,0,0,0,0,0,0,0,0,0,22,0,0,0,542,0,0,0,0,292,0,0,0,1,0,0,0,0,0,7,52,0,0,0,0,0,0,225,0,0,0,0,0,0,0,0,0,0,0,0,0,0,56,0,0,0,0,0,0,0,0,0,0,58,0,14,0,0,0,68,0,0,0,0,8,0,102,64,0,0,0,31,0,0,0,0,0,0,264,0,0,0,0,4817,0,0,0,0,0,0,0,0,0,0,3,0,0,0,0,0,0,0,78,2,28,16,0,0,0,0,0,0,0,10,0,0,0,0,0,34,0,38,0,0,0,0,0,0,1,0,0,0,0,0,0,0,0,97,0,0,0,0,0,0,0,0,0,0,0,0,0
"463",0,0,0,0,0,0,4,0,0,0,0,0,0,0,31,0,0,0,0,0,134,0,0,112,0,2345,0,0,7,16,101,0,0,0,0,0,0,0,0,0,7,0,0,0,0,0,0,0,0,0,3,0,0,0,17,0,0,0,0,364,0,0,0,0,0,0,120,0,0,0,0,0,0,4,0,17,0,0,0,412,0,0,5,0,0,0,0,0,0,0,0,13,0,24,0,0,0,0,0,0,0,5,0,0,0,0,0,769,0,0,0,0,0,82,0,0,0,0,16,2,0,0,0,1,44,0,0,0,0,0,36,160,0,0,0,0,0,37,0,0,11,0,0,0,0,0,0,0,0,0,0,0,0,0,0,0,0,0,0,85,0,0,0,0,0,0,0,0,0,0,0,0,19,0,0,0,0,69,0,0,0,0,0,0,0,0,0,0,0,0,0,7,0,0,0,0,0,0,0,0,0,0,0,884,0,2,0,0,5,0,0,0,0,0,3,0,41,0,2,0,0,0,0,0,0,0,0,0,0,0,61,0,0,187,46,0,0,0,0,11,0,0,0,0,2,0,0,0,0,0,0,0,0,0,0,0,0,0,0,10,0,0,0,0,20,0,0,0,0,433,0,0,329,0,0,0,0,0,0,2736,0,0,97,0,0,0,0,0,0,24,0,0,0,0,1,0,8,0,0,20,0
"464",0,0,0,0,0,0,35,28,0,0,0,0,0,0,0,56,113,0,0,6,144,29,0,0,0,62,0,0,67,51,0,0,0,100,0,0,4,230,0,0,0,0,1,17,0,72,0,0,1,0,0,0,0,0,134,1,0,0,15,275,5,0,0,0,0,0,320,0,0,132,0,0,0,0,0,0,0,0,3,54,0,0,346,0,0,23,0,0,0,27,6,0,0,0,0,0,0,0,27,0,0,0,0,0,0,0,4,104,0,196,0,0,2,135,0,0,0,0,40,0,0,0,0,1,156,147,0,0,5,0,57,136,0,0,0,0,7,0,4,0,0,0,0,0,1,0,3,0,0,25,3,1,3,0,0,0,0,0,0,11,0,0,0,0,0,0,0,0,0,0,56,1,4,0,0,67,0,18,69,2,0,0,0,27,78,0,3,0,0,0,0,593,32,27,0,0,0,0,7,0,0,0,0,0,0,514,24,0,0,14,0,0,0,1,18,0,12,0,533,0,11,1,52,0,0,0,0,355,2,0,179,7,0,463,0,0,0,0,0,2,1,0,0,0,0,67,20,0,0,0,0,2,5,0,11,184,142,0,7,7,0,0,0,18,0,0,0,0,158,123,0,9,42,0,0,0,12,0,0,498,0,0,124,0,0,0,0,0,0,51,0,0,0,5,58,0,245,0,0,163,84
"465",0,0,1,4,10,0,0,0,0,0,2,0,0,0,2,0,39,3,0,0,3,39,0,487,0,4105,0,0,45,0,0,0,0,0,9,0,15,4,0,0,4,0,1,0,0,0,0,0,0,0,0,20,0,0,0,7,0,0,0,1,0,0,1,2,0,0,18,0,0,0,0,0,0,8,0,0,0,0,0,2,0,1,0,0,0,0,1079,0,0,25,0,2,15,0,0,6,0,0,0,0,4,15,0,0,0,0,4,613,3,330,0,0,0,16,0,0,0,0,40,0,0,0,0,1,14,2,0,12,1,0,1,3,0,0,6,0,7,13,0,4,17,0,2,0,61,0,32,0,4,1,3,1,0,0,0,0,24,0,0,11,0,0,0,0,0,0,0,0,0,0,4,0,4,0,0,0,0,0,39,0,0,0,0,0,29,0,0,3,0,0,0,31,1,0,0,2,0,0,2,0,0,0,0,2,178,5,0,0,0,13,0,0,5,1,1,0,55,5,363,0,0,19,0,0,0,0,0,0,2,0,2,0,0,230,10,0,0,18,0,2,0,0,0,13,0,0,0,0,0,0,0,0,5,0,1,5,0,0,1,20,4,0,0,2,0,0,0,0,0,14,0,43,63,0,0,0,0,0,1,1419,0,0,27,0,0,0,0,0,0,0,0,0,0,0,0,0,30,0,0,111,0
"466",0,0,7,0,0,0,1,2,0,0,0,7,3,0,1,0,0,0,0,0,0,44,0,498,0,3,0,0,6,0,771,0,39,104,0,0,0,340,0,0,6,0,0,68,0,31,0,0,0,0,0,142,0,0,83,9,0,0,0,4,0,0,0,0,1,0,119,0,34,18,14,0,0,2,0,0,0,0,0,51,9,0,0,0,1,0,0,0,0,57,0,3,0,0,0,0,0,0,47,0,0,0,0,0,0,0,4,78,0,0,0,0,0,0,6,0,0,0,151,0,0,0,0,0,87,0,0,12,0,0,0,1,0,0,0,94,0,15,0,0,14,0,0,0,0,0,119,42,0,0,12,48,0,0,1,0,0,0,11,44,0,0,0,2,0,0,0,0,0,0,0,0,0,0,0,0,0,0,109,0,0,0,0,0,43,0,0,0,0,0,0,343,2,0,0,0,0,0,0,0,0,0,1,0,0,246,38,0,0,26,0,0,5,10,22,0,55,0,0,1,1,0,0,0,0,0,0,0,8,16,16,0,0,294,0,0,0,0,0,0,0,0,0,0,0,0,0,0,0,0,0,5,21,0,54,392,0,0,8,0,0,0,48,0,0,0,0,46,0,626,0,61,1124,0,0,0,0,0,12,2069,0,0,319,0,0,0,0,5,8,0,0,0,0,0,0,0,22,0,0,677,0
"467",0,0,0,0,0,0,1,0,0,0,0,0,5,0,12,7,18,0,0,0,0,0,0,0,0,0,0,0,4,1,0,392,0,113,0,0,63,0,0,2,0,0,0,0,0,72,0,0,0,0,0,0,0,0,0,0,0,0,0,120,0,0,0,117,0,0,0,0,0,1,0,0,0,0,0,1142,0,0,0,0,0,54,55,0,0,0,0,0,0,21,26,0,9,0,98,0,0,0,53,0,0,31,0,0,0,0,0,136,0,0,28,0,1,1750,0,0,0,0,182,7,3,0,0,3,117,0,0,0,0,0,0,11,0,0,0,0,38,0,0,0,4,0,0,0,0,0,42,0,5,0,26,0,1,0,0,0,0,0,0,0,0,0,0,219,0,0,0,0,0,0,7,0,1,0,0,0,0,0,0,0,0,0,0,0,16,1,0,0,0,0,0,158,0,1,0,0,0,0,0,0,0,0,0,2754,0,17,0,5,3,1,0,0,0,0,39,0,0,0,0,0,0,0,0,0,0,0,0,0,0,0,0,0,0,0,0,0,0,0,0,0,0,0,0,0,10,0,0,0,0,0,0,0,27,0,71,355,4,0,0,0,0,0,0,6,1,0,0,0,0,95,0,0,22,0,0,0,0,0,0,464,0,0,695,0,4,26,0,0,0,49,0,0,0,0,1,0,21,0,0,155,0
"468",0,0,0,1,0,0,15,0,1,0,0,0,1,249,2,0,28,0,0,9,0,0,0,0,0,499,1,0,0,0,0,0,0,8,0,0,10,58,0,0,0,0,0,0,0,218,0,1,0,0,1,0,0,0,0,0,0,0,0,10,2,40,0,0,0,68,92,0,0,0,14,0,0,0,1246,0,0,0,0,60,0,0,0,0,593,0,0,0,0,23,392,5,1,0,0,0,1,0,0,0,0,0,0,0,0,1,91,1900,0,0,0,0,0,0,0,0,0,0,37,0,0,0,0,0,55,0,0,0,1,4,0,0,2,0,0,0,2,0,1,0,0,1,0,0,0,0,0,0,0,0,0,22,0,0,0,0,0,0,0,0,0,0,0,449,0,0,1,0,1,0,0,0,2159,0,0,0,0,45,0,0,0,0,0,0,0,0,0,0,0,0,0,31,0,0,10,0,0,0,0,880,0,0,0,1,0,13,0,0,1,0,0,0,15,0,13,0,0,15,1,0,9,3,0,0,0,0,0,0,29,0,75,0,1,0,18,0,0,0,1,16,0,0,146,0,0,0,0,13,0,0,134,0,0,1,3,5,14,0,0,0,1,0,0,0,0,0,0,0,0,0,5,0,11,0,1,0,49,2,4,0,0,0,4,0,0,0,0,0,8,27,0,0,0,0,0,0,12,0,1,9,0
"469",21,0,0,0,0,0,0,0,0,0,0,0,0,1,4,8,0,0,0,0,0,36,0,0,0,0,0,0,26,51,127,0,3,96,0,0,1,4,0,0,0,0,1,0,0,0,0,0,0,0,0,0,0,5,35,0,0,0,0,88,0,0,25,0,0,0,0,0,0,0,41,0,0,0,0,0,1,0,0,34,0,6,690,0,0,13,0,0,0,17,0,5,63,0,0,46,0,0,1,0,4,3,19,27,0,0,4,104,0,0,0,0,0,16,5,0,0,0,200,0,0,0,0,1,105,2,0,25,0,0,1,101,0,4,6,0,277,0,0,0,1617,0,0,6,1,0,49,4,8,0,3,1,0,0,0,0,0,0,0,11,0,0,0,0,0,0,0,0,0,0,0,0,4,0,0,0,7,0,4,0,0,0,0,0,0,0,0,0,0,0,51,31,1,0,0,0,0,4,0,0,0,0,0,0,0,430,0,0,0,81,0,0,0,1,1,0,95,0,421,0,0,1,0,0,0,0,0,355,2,0,2,1,1,82,0,0,0,0,0,2,0,0,0,42,0,27,0,0,0,0,0,0,104,0,19,14,223,0,15,0,7,0,0,3,0,0,0,0,0,179,0,0,200,0,0,0,0,0,3,0,0,0,1,0,0,0,0,0,0,0,0,0,0,0,0,0,3,0,0,17,0
"470",4,0,15,8,0,1,0,11,2,0,0,6,4,0,59,27,0,0,0,0,61,48,0,36,0,897,3,0,5,3,1,0,12,0,0,0,5,0,6,0,3,1,0,42,0,680,0,1,0,0,3,0,0,0,4,0,0,0,0,0,6,2,0,3,0,1,219,0,0,0,14,0,1,125,0,14,0,0,0,85,12,0,105,0,20,0,0,0,0,27,0,1,283,26,0,0,0,0,38,0,0,8,0,0,2,1,2,2569,0,0,0,0,0,150,0,0,0,0,100,0,0,0,0,2,320,0,0,0,0,4,0,298,0,4,0,1,3,38,0,0,44,0,0,0,0,0,1,7,0,1,9,14,0,6,1,0,2,0,0,0,0,5,0,4,0,0,0,0,2,4,0,0,0,0,0,0,0,2,0,0,0,0,0,0,0,3,0,0,55,0,4,0,1,0,3,1,8,2,0,0,0,0,0,469,0,2,0,0,1,11,0,0,0,0,4,0,0,21,125,4,21,2,6,0,0,0,69,0,36,0,112,0,0,86,2,0,5,0,1,9,0,0,1,0,0,0,0,3,0,46,6,0,4,0,2,5,4,0,1,324,0,22,1,0,72,0,0,0,6,0,4,0,396,0,0,0,3,3,0,1262,0,0,148,0,0,1,0,0,11,0,0,0,0,0,41,0,6,0,0,37,0
"471",0,0,0,0,0,0,0,45,0,0,0,0,0,0,111,0,0,0,0,0,101,50,0,3,0,232,0,0,119,0,1664,0,0,0,0,0,0,368,0,0,0,0,0,0,0,0,0,0,3,0,0,0,0,0,0,0,0,0,0,76,0,31,0,0,0,0,69,0,0,0,45,0,0,0,0,85,0,0,0,449,0,0,0,0,529,0,0,0,2,263,402,58,0,0,0,0,0,1,0,0,0,0,0,0,0,0,0,3,0,0,0,0,0,72,1,0,0,0,0,0,0,0,0,1,98,0,0,0,0,0,0,248,0,0,0,0,0,0,0,0,4,0,0,0,0,0,0,0,0,0,15,0,0,3,1,0,0,0,0,0,0,0,7,0,0,0,0,0,0,1,0,0,1,0,0,0,0,165,582,0,0,0,0,0,0,0,0,0,0,0,0,320,3,0,0,0,0,1,0,0,0,0,0,608,0,0,0,0,0,45,0,0,0,0,3,0,0,0,7,0,55,20,0,0,0,0,0,0,222,0,345,0,0,339,0,0,0,0,0,18,0,0,0,0,0,0,0,0,0,0,0,0,0,0,0,0,0,0,0,0,0,0,3,0,0,0,0,0,0,16,0,0,71,0,0,0,0,0,0,1698,0,0,0,0,0,0,0,0,0,0,0,0,0,0,153,0,4,0,0,164,0
"472",0,0,2,0,0,0,0,14,0,1,14,1,0,0,11,0,0,0,2,4,10,43,0,229,0,1366,1,4,0,33,277,177,21,178,0,9,0,93,0,0,0,3,0,24,0,2,0,1,0,0,73,12,0,0,2,2,0,0,0,166,8,53,0,8,0,0,0,0,4,0,8,3,0,18,196,0,0,0,0,38,17,0,8,0,0,9,0,1,0,37,1,0,0,14,0,0,0,0,42,0,5,0,0,2,0,1,28,318,0,0,0,16,0,679,0,0,1,0,82,0,0,0,0,1,277,0,0,0,1,19,1,10,0,0,1,1,467,8,0,0,7,0,0,0,0,0,1,9,4,2,1,5,0,0,1,0,21,0,3,49,0,0,5,206,0,0,0,0,0,0,0,0,0,0,8,0,0,0,272,1,1,0,0,2,3,0,1,35,2,1,0,60,0,0,0,0,0,3,0,0,0,0,0,0,1,7,0,0,0,0,21,1,2,0,13,0,168,2,0,0,0,33,52,0,0,0,1,0,162,10,42,1,1,0,21,1,0,0,1,1,0,0,93,1,0,0,1,0,0,18,0,5,9,0,19,133,9,2,10,4,0,0,3,2,9,0,0,114,9,4,0,37,0,1,0,0,19,0,8,2298,1,3,70,0,501,0,0,0,7,2,35,1,1,0,63,2,0,10,25,77,2
"473",0,1,0,13,10,0,0,8,0,0,16,9,0,239,17,6,0,9,0,0,1,6,0,315,0,117,0,0,62,79,1,0,0,113,0,0,116,307,0,0,0,0,1,35,0,131,0,0,0,0,56,35,0,0,20,6,0,0,0,1,4,9,0,0,0,1,0,0,0,0,5,0,0,11,1070,0,0,0,0,9,7,0,153,0,893,6,2,0,0,16,0,33,85,0,31,0,0,0,27,0,0,0,0,0,26,1,4,350,55,0,0,0,0,98,0,0,1,0,160,0,0,1,0,1,14,2,0,0,0,0,12,321,0,0,0,0,7,30,0,3,49,0,0,0,1,0,25,7,3,0,12,28,0,2,0,0,0,0,0,436,0,3,3,621,0,0,1,0,0,0,5,0,4,0,0,0,0,29,83,0,0,0,0,7,49,0,0,70,0,0,1,31,1,0,123,0,0,2,0,0,13,0,0,2,0,5,0,0,0,224,0,0,0,15,27,0,55,4,1,4,0,26,0,0,0,0,8,0,16,14,95,0,0,0,0,0,1,0,0,2,0,0,0,0,0,0,0,0,0,0,7,1,26,0,5,15,4,0,8,156,3,0,0,10,6,0,0,0,0,10,4,72,279,0,0,1,8,1,55,727,0,0,366,0,0,0,0,0,5,82,0,0,0,0,48,2,0,0,0,27,0
"474",0,0,0,0,0,0,64,34,0,0,0,0,0,0,134,0,0,0,0,0,44,19,0,0,0,879,1,0,119,0,265,0,0,136,4,4,13,185,0,0,0,0,1,5,0,174,0,5,0,0,0,0,0,0,50,0,0,0,0,302,0,51,0,0,0,2,0,0,0,0,111,0,0,95,0,0,0,0,0,362,0,21,0,0,93,0,0,0,0,67,1,0,28,0,0,0,1,0,18,0,0,4,0,0,8,0,177,514,7,0,0,0,0,16,0,0,0,0,537,0,0,0,0,1,496,2,0,0,0,0,37,114,2,0,0,0,7,0,0,0,0,0,0,0,1,0,3,0,0,1,3,60,0,0,0,0,0,0,44,179,0,0,0,442,0,0,0,0,0,15,6,0,4,0,11,0,0,283,4,0,0,0,0,0,0,0,0,0,41,2,0,348,1,0,0,0,0,0,0,0,0,0,0,1952,0,1,0,0,0,1,0,0,10,1,1,0,12,210,1,0,0,1,0,0,0,0,593,0,82,0,137,1,0,105,0,0,0,0,0,2,0,0,0,0,0,0,0,0,0,0,102,0,0,0,0,0,0,0,41,4,16,0,0,0,0,0,0,0,0,2,0,0,62,0,0,0,0,0,28,1789,0,0,567,0,0,0,0,0,19,49,0,0,0,0,7,0,0,0,0,122,13
"475",0,0,0,5,0,0,3,0,0,0,0,0,0,0,54,0,5,0,0,0,0,0,0,0,0,3325,0,0,60,0,0,0,0,90,0,0,0,0,0,0,0,0,0,0,0,127,0,0,0,0,0,0,0,0,0,0,0,0,0,534,0,0,1,0,0,0,423,0,0,75,0,0,0,0,0,0,0,0,0,0,0,0,0,0,0,0,0,0,0,0,0,68,0,0,0,0,0,0,0,3,4,8,0,0,60,0,0,801,0,0,0,0,0,252,0,0,0,0,0,0,0,0,0,0,82,0,0,0,0,0,13,0,0,0,0,0,1410,0,0,0,0,0,7,0,0,0,60,4,0,0,26,0,0,12,0,0,0,0,112,0,0,0,0,0,0,0,0,0,2,0,0,0,0,0,0,0,0,0,154,0,0,0,0,0,0,0,0,0,0,0,0,348,0,61,0,0,9,0,0,0,0,0,0,0,0,93,0,0,3,0,0,0,0,0,0,0,189,0,0,0,0,93,0,0,0,3,0,0,0,0,0,0,0,314,0,0,0,0,0,7,0,0,0,0,0,121,0,12,0,0,0,0,0,0,0,0,8,0,0,14,0,0,0,0,0,0,0,0,0,36,0,0,69,0,0,0,0,0,0,0,0,0,390,0,0,0,0,35,81,0,0,0,0,0,0,0,44,0,0,289,0
"476",0,0,0,0,0,0,66,8,0,0,0,0,0,131,15,0,0,14,0,0,0,39,0,2,1,659,0,0,7,0,84,1,0,1,0,0,0,17,0,0,0,0,121,0,0,65,0,0,0,0,0,0,0,0,0,0,0,3,0,2,0,43,0,0,176,6,0,1,0,0,17,0,0,108,0,0,0,0,0,11,0,0,0,0,16,0,0,0,0,0,442,1,0,0,0,0,0,0,47,0,0,0,0,0,3,0,4,104,30,64,16,0,0,16,0,0,0,0,143,0,0,0,0,1,70,114,0,0,19,110,1,298,0,0,0,0,7,0,0,3,4,0,0,0,1,0,3,0,0,85,3,1,0,0,0,0,0,0,226,152,0,0,0,845,0,0,0,0,0,20,20,0,4,0,0,0,0,1,515,0,0,0,0,0,0,0,0,0,41,0,0,31,1,0,0,0,0,0,1,0,0,0,0,573,396,10,0,0,0,1,5,0,0,1,1,0,71,19,1,0,0,1,0,0,0,0,0,0,2,0,84,0,0,188,0,0,0,0,0,2,0,0,0,0,0,2,0,2,0,0,0,2,0,0,3,0,0,0,6,4,3,0,0,0,0,0,0,344,19,0,0,9,487,0,3,0,0,0,25,1572,0,0,36,0,0,0,0,0,24,0,0,0,0,0,128,0,0,0,0,125,0
"477",0,0,0,3,14,0,12,19,0,0,0,6,1,167,1,0,0,0,0,0,46,43,0,63,0,379,0,0,1,0,265,0,0,119,0,0,34,117,0,0,10,0,1,107,0,8,0,4,0,0,0,47,0,0,0,3,0,0,0,309,22,29,1,104,0,4,212,0,0,39,47,0,1,11,0,0,0,0,0,223,9,0,157,0,21,0,32,0,0,9,0,5,18,0,0,0,0,0,0,0,0,0,0,0,1,0,4,1087,0,0,0,0,0,16,0,109,0,0,40,0,25,0,0,1,14,2,0,0,2,0,1,154,0,20,123,0,7,9,0,0,0,0,0,0,1,0,3,5,0,0,3,74,149,10,0,0,0,0,0,11,0,0,0,188,0,0,1,0,0,0,13,0,4,0,0,0,0,13,180,0,0,0,0,0,41,0,0,0,0,0,0,31,18,16,56,0,0,0,0,0,0,0,0,0,0,14,0,0,0,0,0,0,0,1,1,1,198,96,1,12,55,1,10,55,0,0,0,0,83,0,191,0,1,419,0,0,0,0,0,2,1,0,0,0,0,9,0,0,0,0,27,1,21,0,11,1,0,0,6,0,7,0,0,1,0,0,0,0,0,401,2,0,27,0,1,0,0,0,6,1384,0,0,66,0,0,0,0,0,19,0,0,0,0,0,58,0,5,0,0,50,0
"478",0,0,0,212,0,0,2,0,0,0,0,0,0,0,421,0,0,0,0,0,0,12,2,865,0,2,0,0,159,0,0,534,1,4,0,0,2,1,0,0,8,0,188,0,0,16,0,0,0,0,57,30,0,0,0,11,12,0,0,2,12,0,0,0,0,0,30,0,0,0,0,4,0,0,0,0,0,0,0,54,0,0,0,0,1,0,3,1,0,0,0,9,100,0,0,279,0,1,0,0,0,91,0,9,2,0,0,1248,0,342,0,1,0,175,0,0,0,6,23,7,22,0,195,2,148,0,0,0,0,0,0,14,0,14,8,0,110,45,0,0,27,0,0,0,0,87,0,0,0,0,1,0,0,0,1,23,0,0,0,4,0,0,0,0,0,0,0,0,0,0,0,0,3,0,0,0,0,0,18,0,0,0,0,0,0,0,10,0,0,0,0,39,29,0,0,0,6,0,0,0,553,0,0,0,39,8,0,0,3,379,2,0,0,0,4,0,30,0,196,0,27,68,0,0,0,0,0,0,0,0,43,0,0,790,0,0,0,0,0,0,0,0,0,0,6,0,0,0,0,0,0,0,0,0,0,5,0,0,0,0,0,0,0,2,0,0,0,0,0,1212,0,0,144,0,0,0,0,0,2,141,0,500,22,0,0,0,0,0,0,12,0,0,0,0,0,0,55,0,0,14,0
"479",0,0,0,0,0,0,0,4,0,0,0,0,0,34,0,0,0,0,0,0,0,7,0,0,3,4243,0,0,13,0,201,0,0,0,0,0,10,2,0,0,2,0,0,0,0,0,151,0,0,0,0,0,0,0,0,0,0,0,0,54,0,9,0,0,0,12,419,0,0,0,8,0,0,2,0,0,0,0,0,15,2,0,0,0,2,0,0,0,0,15,0,0,0,0,0,0,0,0,0,0,0,0,0,0,1,0,0,723,0,0,0,0,0,50,0,0,0,0,116,0,0,0,0,0,53,0,0,0,0,0,0,7,0,0,0,0,0,0,0,0,1,0,0,0,0,0,2,0,0,0,2,0,0,10,0,0,0,0,8,0,0,0,0,326,0,0,0,0,0,0,1,0,0,0,0,0,0,0,249,1,0,0,0,0,2,0,0,0,0,0,0,15,4,0,15,0,0,0,0,0,0,0,0,0,0,5,0,0,0,0,0,0,0,0,0,0,50,0,0,12,0,0,0,19,0,0,0,0,6,0,2,0,0,548,0,0,7,0,0,0,0,0,0,0,0,29,0,3,0,0,389,1,1,0,4,0,6,0,6,0,1,0,0,0,0,0,0,0,0,624,0,0,135,3,0,0,9,3,13,1115,0,0,7,0,0,0,0,4,56,0,0,0,0,0,27,5,7,0,0,112,0
"480",0,0,0,0,0,0,1,0,0,0,0,0,0,0,1,0,2,1,0,5,0,46,0,0,0,1,0,0,4,97,222,0,0,80,0,0,4,0,0,0,0,0,0,0,0,1251,0,0,0,0,46,0,0,0,0,0,0,0,0,245,0,0,0,0,0,0,260,0,0,42,0,0,0,55,0,0,0,0,0,266,0,0,0,0,0,55,0,0,0,27,0,0,0,0,0,0,0,0,61,0,0,14,0,0,0,0,0,137,0,18,0,0,0,368,0,0,0,0,406,1,0,0,0,1,42,0,104,0,316,0,34,46,0,0,0,0,1,0,0,0,4,0,0,0,0,0,54,0,0,0,30,1,0,0,1,0,0,0,0,177,0,0,0,81,0,0,0,0,0,0,22,0,1,0,0,0,0,268,365,20,0,0,0,1,0,0,0,0,0,0,0,282,1,0,0,0,0,0,0,0,0,0,0,0,0,93,4,3,1,3,0,0,0,7,14,0,181,0,339,0,0,70,0,0,0,1,0,0,0,17,0,0,0,1,0,0,32,0,0,3,0,0,0,0,5,0,46,0,0,0,0,0,0,0,70,135,0,0,0,26,0,0,0,22,134,0,0,0,0,1,0,0,376,0,0,0,0,0,0,2194,0,78,468,0,0,0,0,1,0,0,0,0,0,0,25,0,2,0,0,85,0
"481",0,0,0,0,0,0,9,0,0,0,0,0,0,1,2,0,0,0,0,0,0,0,0,0,0,7,0,0,41,21,0,0,0,126,0,0,0,25,0,0,0,0,1,0,13,0,0,0,0,0,0,0,0,0,0,0,0,0,4,15,0,149,0,0,0,0,11,0,0,0,0,0,0,0,0,0,0,0,0,0,0,0,0,0,0,3,0,0,0,0,0,0,3,0,0,1,0,0,0,0,0,0,0,0,0,0,4,104,0,0,0,0,0,16,0,0,0,0,537,0,41,0,0,1,14,2,0,0,0,0,59,167,0,5,0,1,7,0,0,0,20,0,0,0,1,0,3,0,0,0,3,85,2,0,0,0,0,0,0,11,0,0,0,0,41,0,1,0,0,1,56,0,4,0,0,0,0,0,104,0,0,0,0,0,21,0,0,0,0,0,0,31,1,1,0,0,0,0,0,0,0,34,0,0,0,20,0,0,0,4,0,0,16,1,1,0,12,0,57,0,0,1,0,0,0,0,0,0,2,0,2,1,0,82,0,0,0,0,0,2,0,0,0,0,0,0,0,0,0,0,0,0,29,0,0,0,7,0,0,0,0,0,0,4,0,0,0,0,0,171,0,0,993,15,0,0,0,7,5,4322,0,0,87,0,1026,0,0,0,10,0,0,0,0,0,0,0,4,0,0,62,0
"482",0,0,0,0,0,0,0,0,0,0,0,0,0,0,3,0,0,0,0,0,0,8,3,1,0,4321,0,0,0,3,94,0,0,0,0,0,188,0,4,0,0,0,1,0,0,110,0,0,0,0,1,0,0,0,0,0,0,0,0,0,0,0,0,0,0,0,45,0,0,0,0,0,0,0,0,0,0,0,0,24,0,0,18,0,0,0,2,0,0,0,0,0,3,0,0,0,0,0,0,0,0,0,0,0,8,0,4,1978,0,0,0,0,0,16,0,9,0,0,40,1,0,0,0,1,59,2,0,0,0,0,1,3,0,0,0,0,51,0,0,0,6,0,0,0,1,0,3,0,0,0,3,1,0,0,0,0,0,0,0,11,0,0,0,0,0,0,0,0,0,0,0,0,115,0,0,0,0,0,4,0,0,0,0,0,2,0,0,0,0,0,0,113,1,27,0,0,0,0,0,0,0,0,0,0,0,8,0,0,0,0,0,0,0,1,1,0,12,0,359,0,0,1,0,0,0,0,0,0,2,0,2,0,0,980,0,0,0,0,2,2,0,0,0,0,5,0,0,0,0,0,0,0,0,0,0,0,0,0,0,1,0,0,0,1,0,0,0,0,0,4,0,0,49,0,0,0,0,0,0,3794,0,0,0,0,0,0,0,0,0,0,0,0,0,0,169,0,0,0,0,114,0
"483",0,0,0,0,0,0,24,37,0,0,0,0,0,1,14,0,0,0,0,0,14,21,0,0,0,12,4,0,23,0,0,0,0,0,0,0,0,5,0,0,0,0,1,6,0,4,0,0,0,0,0,0,0,0,0,0,0,0,2,0,0,49,0,0,0,0,5,5,0,0,0,0,0,3,0,0,0,0,0,1,0,0,0,0,5,0,1,0,0,21,0,19,0,0,0,0,0,0,1,0,0,0,0,0,1,0,98,374,0,0,0,0,0,228,0,0,0,0,241,0,0,19,0,1,414,2,0,0,0,0,14,39,0,0,0,0,46,0,0,0,0,0,0,0,1,0,3,0,0,0,3,1,0,0,0,0,0,0,0,58,0,0,0,8,0,0,0,0,0,0,0,0,4,0,0,0,0,0,4,0,0,0,0,0,0,0,0,0,0,0,0,158,1,0,0,0,0,0,0,0,0,0,0,0,0,7,4,0,0,6,0,0,0,10,19,0,12,0,10,0,0,1,0,0,0,0,0,0,22,0,21,0,0,521,0,0,0,0,0,2,0,0,0,0,0,0,0,0,0,0,42,0,0,0,0,2,0,0,1,3,0,29,0,8,0,0,0,0,0,6091,0,7,470,0,0,0,0,0,0,278,0,0,24,0,0,0,0,0,3,32,0,0,0,0,1,0,8,41,0,63,0
"484",0,0,1,0,0,0,5,2,0,0,0,0,0,117,229,0,1,14,0,0,27,31,0,218,0,2162,0,0,215,0,105,0,0,80,1,0,9,32,4,0,41,0,0,0,0,104,0,3,0,0,14,307,0,0,3,6,0,0,0,58,12,74,1,3,0,2,12,0,0,2,4,0,0,3,0,0,1,0,0,61,33,1,11,0,1,0,0,0,0,26,0,3,193,0,0,0,0,0,3,3,0,47,0,3,1,0,0,395,0,0,0,0,0,4,0,0,0,0,184,6,30,0,0,1,230,0,0,0,1,1,4,14,0,4,4,0,20,0,0,0,31,0,0,0,0,9,18,0,2,2,6,0,34,0,1,0,0,0,3,12,9,0,0,1,0,0,1,0,3,0,6,0,1738,0,0,0,1,8,185,1,0,0,0,0,17,0,0,0,0,0,0,3,18,2,0,0,51,4,0,0,0,0,0,4,0,126,0,0,1,0,0,0,0,9,3,0,35,13,179,5,56,17,0,0,0,5,0,0,17,1,19,0,0,479,0,0,44,0,0,82,0,0,0,1,0,230,0,0,0,0,8,2,29,0,2,184,147,0,4,1,4,0,0,4,0,0,3,0,158,260,0,5,117,0,5,1,0,5,10,29,0,0,104,0,0,0,0,0,8,55,0,0,0,2,4,0,5,0,0,174,0
"485",0,0,0,0,0,0,4,0,0,0,0,0,15,0,11,0,0,0,0,0,0,0,0,8,0,2072,0,0,22,0,0,586,0,119,0,0,0,0,0,2,0,0,1,0,0,0,0,0,0,0,0,0,0,0,0,0,0,0,0,76,0,0,0,0,0,0,156,0,0,0,0,0,0,0,0,0,0,0,0,0,0,0,0,0,0,0,0,0,0,0,0,19,0,0,0,0,0,0,0,0,0,0,0,82,0,0,4,962,0,0,5,0,0,16,0,0,0,0,234,0,0,0,0,1,14,2,0,0,0,0,1,3,0,5,0,0,7,0,0,0,335,0,0,0,1,0,3,0,0,0,3,1,0,109,0,0,0,0,0,11,0,0,0,0,0,0,1,48,0,1,0,0,4,0,0,0,0,0,4,0,0,1,0,0,10,0,0,0,0,0,24,31,1,0,0,1,0,0,0,0,481,34,0,0,0,232,0,0,0,0,0,0,5,1,1,0,12,0,1336,0,21,1,0,0,0,0,0,0,2,0,2,1,0,0,0,0,0,0,0,2,0,0,0,0,0,0,0,0,0,0,0,0,0,1,0,5,10,0,0,0,0,0,0,0,0,0,0,0,0,2,0,0,229,0,0,0,0,0,0,168,0,0,0,0,0,0,0,0,32,0,0,0,0,0,0,0,0,0,0,55,0
"486",0,0,0,0,0,0,0,0,0,0,0,0,0,0,61,0,0,0,0,0,0,0,0,0,0,4299,0,0,117,75,0,0,0,0,0,0,0,0,0,0,0,0,0,0,0,0,0,0,0,0,0,0,0,0,0,0,0,0,0,454,0,0,0,1,0,0,0,0,0,0,0,0,0,0,0,0,0,0,0,0,0,0,0,0,0,0,0,0,0,0,0,10,77,0,0,0,0,0,0,0,0,18,0,0,0,0,0,111,0,0,0,0,0,33,0,0,0,0,88,5,0,0,0,1,324,0,0,0,0,0,0,0,0,0,0,0,72,0,0,0,0,0,5,0,0,0,0,0,0,0,7,0,0,0,1,0,0,0,0,0,0,0,0,0,0,0,0,0,0,0,0,0,1,0,0,0,0,0,0,0,0,0,0,0,0,0,12,0,0,0,0,24,0,0,0,0,0,0,0,0,0,0,0,0,0,0,0,0,1,0,1,0,0,0,0,0,0,0,0,0,7,0,0,0,0,0,0,0,0,0,0,0,0,0,0,0,0,0,0,0,0,0,0,0,2,2,0,0,0,0,0,0,0,0,0,0,0,0,0,6,0,0,0,2,0,0,0,0,0,154,0,0,487,0,0,0,0,0,0,3048,0,0,393,0,0,0,0,0,0,4,0,0,0,0,0,0,38,0,0,62,0
"487",0,0,0,0,0,0,5,0,0,0,0,0,0,0,1,0,0,3,0,0,227,13,0,607,0,172,0,0,41,0,561,0,0,1,0,0,1,356,5,0,7,0,0,223,0,3,0,1,0,0,10,114,0,0,13,3,0,0,0,534,14,73,1,1,0,0,75,0,0,0,27,0,0,352,0,0,0,0,0,60,10,0,205,0,167,1,1,1,0,60,0,3,1,0,12,113,0,0,6,0,0,1,0,4,3,0,0,438,0,0,0,0,0,106,0,16,0,0,229,0,0,0,0,1,1,0,0,0,2,0,1,350,0,0,0,11,4,8,0,0,1,0,0,0,0,0,13,0,8,0,19,6,0,0,1,0,0,0,0,57,0,0,0,0,0,0,0,0,0,0,3,0,1,0,0,0,0,50,381,1,0,0,0,1,3,0,0,0,4,0,0,93,1,14,0,0,0,1,0,0,0,0,0,148,0,17,1,0,0,9,0,0,0,9,4,0,540,149,0,20,119,36,0,0,0,5,0,0,5,0,45,0,0,74,0,0,3,0,0,1,0,0,0,0,1,25,0,0,0,0,170,0,11,0,4,1,1,0,3,2,0,0,0,3,1,0,0,0,0,4,6,28,63,0,3,0,0,0,2,2487,0,0,36,0,0,0,0,0,0,8,0,0,0,0,20,7,3,0,0,17,0
"488",24,13,0,0,0,0,1,0,0,1,0,2,4,0,31,0,0,0,0,0,0,0,0,494,0,4,0,0,9,4,32,0,0,0,0,0,0,1,20,0,6,0,1,25,0,0,0,0,0,0,1,455,0,0,0,4,1,0,0,0,18,0,11,0,0,0,29,0,0,0,0,0,0,0,0,1,0,0,0,1,11,0,105,0,2,0,386,0,5,2,0,6,1460,0,0,279,0,0,0,0,0,50,0,3,0,0,4,104,0,0,0,0,0,16,0,0,0,9,40,0,0,0,0,1,14,2,0,0,1,0,1,3,0,1,0,0,7,33,0,0,90,0,0,0,1,0,3,0,0,0,15,1,0,0,0,0,0,0,22,88,0,0,0,0,0,0,0,0,0,1,0,0,4,0,0,0,0,1,64,1,3,0,0,0,0,0,0,0,0,0,0,31,1,0,33,0,0,3,0,0,2,0,0,0,0,1,0,0,0,3,0,0,0,9,1,0,12,0,24,0,0,1,0,0,0,0,0,0,2,0,29,0,0,450,0,0,0,0,0,2,0,0,0,0,0,0,0,2,0,0,0,3,0,0,0,0,0,0,1,0,0,0,0,0,0,0,0,0,0,237,0,3,144,0,0,0,0,0,4,362,0,0,0,0,0,0,0,0,0,0,0,0,0,0,0,0,13,0,0,0,0
"489",0,0,0,0,0,0,3,0,0,0,0,0,0,0,229,0,0,0,0,0,0,0,0,0,0,468,0,0,215,63,0,0,0,0,0,0,17,0,0,0,0,0,1,0,0,158,0,0,1,0,0,0,0,0,0,0,0,6,0,1,4,0,1,10,0,0,0,0,0,0,0,0,1,0,0,0,0,0,0,0,0,1,2,0,0,3,0,0,0,0,0,517,25,0,0,0,2,7,0,0,0,8,0,0,0,0,4,104,0,0,0,0,0,16,0,0,0,5,40,0,0,0,0,1,277,2,0,0,0,0,1,101,0,0,7,2,3588,0,1,0,66,1,0,0,1,0,3,0,4,0,3,1,0,0,0,0,34,0,0,11,0,0,0,0,0,0,0,0,0,0,0,0,213,0,0,0,0,89,4,1,0,0,0,0,9,0,0,0,0,0,0,31,19,0,0,0,0,0,7,0,0,0,0,0,0,20,0,0,7,54,0,0,0,1,20,0,12,0,57,0,4,1,0,0,0,0,0,8,2,0,2,1,1,201,0,0,0,0,0,2,0,0,0,0,0,0,0,18,0,0,0,0,0,0,38,14,8,0,0,0,0,0,0,8,19,3,0,0,0,91,0,0,0,0,0,0,29,0,1,3599,0,0,36,0,0,0,1,0,0,0,0,0,0,4,0,0,30,0,0,18,0
"490",0,6,0,10,0,0,2,0,0,0,0,0,2,0,0,0,0,0,0,0,0,0,0,108,0,2090,0,0,43,0,1,0,0,0,0,0,13,0,0,0,0,0,0,0,0,26,0,0,0,0,0,183,0,0,0,0,1,10,0,0,0,0,0,0,0,0,75,0,0,0,0,0,3,0,0,0,0,0,0,0,16,0,0,0,197,1,1,0,0,0,0,0,43,0,0,0,0,0,115,0,0,10,0,0,0,1,0,520,0,0,0,0,16,0,6,0,0,0,0,0,30,0,0,2,72,0,0,0,0,0,0,0,0,0,26,0,0,28,0,4,26,0,0,0,0,0,0,0,0,0,17,0,0,0,0,0,0,0,0,97,0,0,0,0,0,0,0,0,0,0,0,0,0,0,0,0,0,0,0,0,0,0,0,0,0,0,0,0,0,0,0,0,2,0,0,0,0,0,0,0,0,7,0,0,0,0,0,0,0,0,0,0,0,0,0,0,0,0,0,0,0,0,0,0,0,94,0,0,0,0,0,0,0,450,0,0,0,0,0,19,0,10,0,0,1,0,0,0,0,0,0,0,0,0,0,0,118,0,0,0,0,0,0,5,21,0,0,0,0,924,0,0,1252,0,4,0,0,0,0,2667,0,0,58,0,0,0,0,0,0,0,0,0,0,0,568,0,1,0,0,0,0
"491",0,0,0,0,0,0,8,28,0,0,0,0,0,0,5,0,0,0,0,0,135,53,0,0,0,0,1,0,3,10,0,0,0,0,0,0,0,420,0,0,0,0,0,58,0,192,0,0,0,0,0,0,0,0,0,0,0,0,0,0,0,0,0,0,0,0,83,0,0,0,0,0,0,0,0,1,0,0,0,805,0,0,0,0,0,0,12,0,0,40,0,4,0,0,0,0,0,0,0,0,0,2,0,0,0,0,0,1004,0,0,0,0,0,104,0,2,0,0,223,0,2,0,0,0,146,0,0,0,0,0,0,40,0,0,0,0,13,0,0,0,0,0,0,0,0,0,15,1,0,0,9,0,0,0,1,0,0,1,0,205,0,0,0,2,0,0,0,0,0,11,0,0,1,0,0,0,0,129,0,0,0,0,0,0,0,0,0,0,0,0,0,142,1,0,0,0,0,0,0,0,0,0,0,831,0,20,4,0,1,0,0,0,0,0,25,0,629,113,0,0,293,0,0,0,0,0,0,0,94,0,258,0,0,623,0,0,0,1,0,0,0,0,0,0,0,0,0,0,0,0,0,0,19,0,0,11,2,0,0,0,0,0,0,0,0,0,0,0,6,0,0,0,102,0,0,0,0,0,0,2922,0,0,0,0,0,0,5,0,0,91,0,0,0,0,0,0,0,0,0,0,42
"492",0,0,0,0,0,0,0,7,0,0,0,0,1,0,0,25,0,0,0,1,11,3,0,0,0,0,0,0,42,5,1,0,21,27,0,0,159,1,0,1,0,0,0,7,0,2,51,0,0,0,3,0,0,0,5,0,0,0,0,0,0,0,39,0,0,0,1,0,0,24,4,0,0,0,0,0,0,0,0,1,0,0,36,0,18,0,0,1,0,60,0,59,0,0,0,0,0,1,10,0,0,0,0,0,0,0,0,64,2,1,0,2,0,7,0,12,0,4,2,0,0,0,1,85,466,0,0,0,0,0,1,1,0,0,0,0,7,1,0,0,5,0,1,0,0,0,1,0,0,0,3,1,0,0,4,0,0,0,6,32,0,0,0,0,0,0,0,0,0,0,0,0,119,0,0,0,0,5,1,0,0,0,0,0,2,0,0,0,0,0,0,5,4,0,0,0,0,0,0,0,0,0,0,2,29,9,0,1,3,66,0,0,0,1,1,0,27,0,92,0,12,0,0,0,0,6,111,0,1,0,73,0,0,3179,0,0,0,0,0,0,0,0,0,0,81,0,0,0,0,0,176,0,0,0,22,36,3,0,0,1,0,0,0,1,0,1,0,0,0,430,9,1,2787,0,0,0,0,0,10,1088,0,0,24,0,0,0,0,0,0,2,0,0,0,47,128,0,2,0,35,41,0
"493",0,0,0,0,0,0,4,0,0,0,0,0,0,0,0,0,0,18,0,0,43,166,0,24,0,2,0,0,0,13,76,267,4,14,0,0,5,142,0,0,5,0,1,0,0,192,0,0,0,0,78,24,0,0,0,7,1,0,0,26,0,0,0,0,0,0,0,0,0,0,40,0,0,11,0,216,0,0,0,441,0,0,0,0,0,0,0,0,0,28,0,1,0,0,0,0,0,0,20,0,0,1,0,4,0,0,4,104,0,0,7,0,0,16,0,0,4,0,40,0,0,0,0,1,65,2,0,0,12,0,1,581,57,0,0,0,7,0,5,0,5,0,0,0,1,0,3,26,0,1,3,1,0,0,0,0,0,0,0,11,0,0,0,22,0,0,5,0,0,0,0,0,4,0,0,0,0,0,4,8,0,0,0,0,53,0,0,1,0,0,0,31,1,0,0,0,0,0,0,0,0,0,0,0,0,9,0,0,0,0,0,0,0,1,1,0,12,0,1,0,0,1,0,0,0,0,0,0,2,0,227,0,0,1,0,0,0,0,0,2,0,0,0,0,0,0,0,0,0,0,0,0,0,0,0,0,0,0,0,2,3,0,0,0,34,0,0,0,0,14,0,0,548,6,0,0,0,0,3,2812,0,0,246,0,0,0,0,0,71,131,0,0,0,0,9,0,0,0,0,42,0
"494",0,0,0,0,0,0,0,0,0,0,0,0,2,0,2,0,41,0,0,0,0,0,0,0,0,5521,0,0,79,11,127,0,0,44,0,0,150,0,0,0,0,0,1,0,0,190,61,1,0,0,0,0,2,0,0,0,0,0,0,0,0,0,0,0,0,0,0,0,0,0,0,0,0,0,0,0,0,0,0,4,0,9,1,0,711,6,0,0,0,2,0,38,0,0,0,0,0,0,0,0,0,0,0,4,1,0,4,637,0,0,11,0,0,16,0,0,0,8,40,0,0,0,0,1,65,2,3,0,0,0,1,208,0,1,0,0,7,0,0,0,0,0,0,0,1,0,28,0,5,0,3,1,45,0,0,0,0,0,0,11,0,0,0,0,0,0,0,0,0,0,4,0,4,0,0,0,0,0,4,5,0,0,0,0,78,0,0,0,0,0,0,31,1,0,0,0,0,0,0,0,0,0,0,3,0,262,0,0,0,2,0,0,0,1,1,1,12,6,16,0,0,1,0,0,0,0,0,0,2,0,163,1,0,1,0,0,2,0,0,2,0,0,56,0,9,0,1,0,0,0,0,0,4,0,2,133,0,0,0,0,4,0,0,3,0,0,0,0,2,6,0,0,0,0,0,0,0,0,21,5,0,0,120,0,0,0,0,0,0,6,0,0,0,0,0,0,2,0,0,8,0
"495",0,0,0,0,0,0,0,19,0,0,0,0,0,0,20,0,0,1,0,0,14,21,0,0,0,0,1,0,9,126,591,0,0,130,0,0,0,17,1,0,0,0,1,44,0,5,0,1,3,0,0,0,0,0,3,1,0,0,0,3,1,0,0,0,0,0,19,0,0,62,5,0,0,3,0,0,0,0,0,10,0,0,0,0,1,0,0,0,0,37,0,2,0,0,0,15,0,0,0,67,0,124,0,0,0,0,5,0,0,0,0,0,0,25,0,0,0,0,25,0,0,0,0,0,1496,0,0,0,0,0,13,4,0,0,0,0,114,0,23,0,16,1,2,0,73,0,1,0,0,0,7,69,0,5,0,0,29,19,0,0,0,0,0,1,0,0,0,0,0,0,2,0,0,0,0,0,2,20,38,1,0,0,0,0,5,0,0,0,0,0,0,13,1,0,0,0,0,0,0,0,1,0,0,78,0,30,2,0,0,3,1,0,1,5,4,0,2,4,75,1,42,34,0,0,0,0,0,0,6,0,24,0,0,507,0,0,2,0,0,0,0,0,0,0,0,0,0,0,0,0,0,1,5,0,4,3,2,0,3,11,0,0,0,1,0,0,0,0,0,4796,0,9,629,0,0,0,0,0,0,0,1,0,137,0,0,0,12,0,0,53,5,0,0,0,19,0,2,0,0,125,0
"496",0,0,0,2,0,0,1,4,0,0,0,0,0,0,24,0,0,0,1,2,0,0,0,6,0,1236,0,0,4,2,589,0,0,20,0,0,0,1,0,0,0,0,0,0,0,0,0,1,0,0,0,0,0,0,0,0,0,0,0,199,0,0,11,0,0,0,29,0,0,0,10,0,0,0,0,0,0,0,0,12,0,0,6,0,0,0,1,0,0,0,0,102,123,0,0,0,0,0,0,1,0,0,0,0,0,0,0,2134,0,0,2,0,0,0,0,71,0,0,0,0,0,0,0,1,198,0,0,0,4,0,0,0,0,25,0,0,0,0,0,0,0,14,0,0,0,0,0,0,2,0,0,0,0,1,0,0,0,0,0,6,0,0,0,0,2,0,0,0,0,0,0,0,0,1,0,0,0,0,160,0,0,0,0,0,7,0,0,0,0,0,1,58,1,0,0,0,0,0,0,0,0,0,0,34,0,0,0,0,0,3,0,0,0,0,0,0,0,5,134,0,1,0,0,0,0,0,0,0,0,0,74,0,0,167,0,0,12,0,0,3,0,0,0,0,0,0,0,0,0,0,0,1,0,5,0,8,4,0,0,16,4,0,0,0,0,0,0,0,92,0,0,0,158,0,3,0,0,0,0,4028,0,0,150,0,0,0,0,1,0,0,0,0,0,0,0,0,2,5,0,12,0
"497",0,0,0,0,0,0,1,14,0,0,0,0,0,158,43,0,25,0,0,0,24,19,0,407,0,3086,0,0,0,0,0,0,0,0,0,0,0,22,0,0,6,0,370,0,0,85,0,0,0,0,0,419,0,0,2,4,0,0,0,54,0,36,2,0,226,0,352,0,7,0,10,0,0,0,0,0,3,0,6,21,0,0,0,0,7,0,0,0,0,0,0,20,36,0,0,0,58,0,0,0,0,139,0,0,0,0,4,1213,0,0,0,0,0,16,0,0,0,0,40,0,0,0,0,1,118,72,0,0,3,0,1,3,0,0,0,0,7,0,0,0,0,2,0,0,1,0,3,0,0,0,3,1,0,0,0,0,9,0,0,11,0,0,0,0,0,0,0,0,0,0,0,0,4,0,0,0,0,0,4,0,0,0,0,4,5,0,2,0,0,0,0,113,1,0,0,1,0,0,0,0,0,0,0,0,0,1,0,0,0,0,0,0,0,1,1,0,12,0,289,0,0,1,0,0,0,0,0,0,31,0,2,0,0,484,0,0,0,2,0,2,0,0,0,0,15,1,0,2,0,0,2,0,0,0,0,14,142,0,2,7,0,0,0,1,0,0,0,0,6,74,5,7,0,0,0,0,0,0,0,1071,0,0,53,0,0,0,0,0,0,16,0,0,0,0,26,0,2,0,0,145,0
"498",0,2,0,12,0,0,1,2,0,0,0,6,0,75,5,0,1,0,0,0,6,44,0,148,0,2685,0,0,14,0,0,0,0,36,0,0,461,99,0,0,12,0,0,0,0,17,0,4,14,0,56,195,0,0,0,0,9,0,0,1,14,96,1,25,0,1,43,0,11,0,0,0,2,6,0,0,0,0,0,9,0,1,17,1,0,1,0,0,1,29,0,6,3,0,0,0,0,0,10,0,0,0,0,50,14,0,197,157,0,0,0,0,0,5,0,0,0,1,18,0,0,0,0,11,545,0,0,0,0,0,0,10,256,4,0,41,35,9,0,0,0,0,0,0,0,0,16,11,0,4,3,0,0,0,0,0,0,0,0,0,0,0,0,8,0,0,0,2,0,0,3,0,136,0,0,2,0,153,484,0,0,0,0,0,7,0,0,0,0,0,0,29,0,1,0,0,0,0,0,0,0,0,0,0,187,18,0,0,1,4,0,0,0,0,0,1,0,0,108,0,0,48,0,0,0,0,0,0,53,0,263,0,0,372,0,0,0,1,2,1,0,0,0,0,0,11,0,0,0,0,135,0,53,0,11,0,0,0,12,0,1,5,0,3,0,0,0,0,0,527,2,0,130,0,1,0,0,1,68,920,0,0,290,0,0,0,0,0,16,131,0,0,0,0,41,0,1,79,0,120,0
"499",0,0,0,0,0,0,3,0,0,0,1,0,0,0,0,0,0,0,0,0,0,87,0,1,0,824,0,0,0,0,0,0,0,0,0,0,0,0,0,0,0,0,0,52,0,409,0,0,0,0,5,0,0,0,0,1,0,0,0,140,0,0,0,0,0,0,0,0,0,0,0,0,0,0,0,0,0,0,0,0,0,0,1,0,0,0,1,0,0,363,0,109,0,0,0,0,0,0,0,0,0,139,0,0,0,0,0,0,0,25,0,0,0,0,0,0,0,0,0,0,0,0,0,23,0,0,0,0,0,0,81,0,0,1,0,0,0,0,0,0,6,0,0,0,0,0,0,0,0,0,0,0,32,0,0,0,0,0,0,87,0,0,0,7,0,0,0,0,0,0,1,0,0,0,0,28,0,379,301,1,0,0,0,0,0,0,0,0,0,0,0,593,0,0,0,0,0,0,0,0,0,0,1,0,870,2,0,0,0,0,2,0,0,0,52,0,0,23,0,0,0,1,0,0,0,0,0,0,0,0,220,0,0,129,0,0,0,0,0,0,0,0,0,0,0,76,36,0,0,0,0,0,0,0,6,2,0,0,0,17,0,0,0,3,0,0,0,0,0,0,0,0,0,0,93,0,0,0,0,2494,0,0,950,0,0,0,0,0,0,195,0,0,0,0,0,0,0,0,0,1126,0
"500",1,13,1,4,0,1,0,16,0,0,0,0,1,0,0,0,0,0,1,0,59,72,0,76,0,23,0,0,0,18,0,0,0,0,0,0,2,0,0,0,4,0,1,0,0,0,0,0,0,0,7,195,0,1,8,4,0,1,0,0,0,0,0,159,0,2,107,0,9,4,2,0,8,636,0,0,0,0,61,462,37,0,21,0,30,0,29,1,0,0,0,9,1,0,0,12,0,0,0,0,0,0,0,0,0,1,4,433,0,0,0,0,0,16,0,0,0,66,40,2,0,0,0,1,14,461,0,0,0,0,1,190,0,0,11,0,7,30,0,0,11,0,0,0,1,0,3,44,0,0,3,1,0,7,0,0,0,0,0,11,0,0,0,1554,0,0,0,0,0,0,35,0,4,0,0,0,0,2,4,3,0,0,0,0,8,0,0,0,0,0,0,31,4,0,0,0,0,0,0,0,0,0,0,0,0,14,0,5,0,1,113,0,0,1,1,1,12,22,157,12,0,38,0,0,1,0,46,0,2,0,213,1,0,525,0,0,0,27,0,2,4,0,0,0,8,26,0,0,0,0,0,0,0,0,36,6,14,0,7,0,0,0,0,12,0,0,0,0,123,2,0,76,0,0,0,0,0,1,0,4166,0,0,80,0,0,0,0,0,37,0,0,0,0,0,74,0,55,0,0,70,0
"501",0,0,0,59,0,0,1,0,0,0,0,0,0,0,10,3,0,0,0,0,0,6,0,108,0,2,0,0,43,17,6,0,0,2,0,0,3,0,0,0,0,0,0,0,0,1,0,0,0,0,15,95,7,0,0,26,8,0,0,143,0,124,0,0,1,0,0,0,0,0,8,0,0,28,0,0,0,8,0,3,12,0,321,0,4,0,242,0,0,2,0,3,353,0,17,0,0,0,6,0,0,6,0,0,0,0,0,1755,9,0,0,0,243,0,0,9,0,0,18,0,62,0,0,3,1,0,3,0,8,0,0,139,0,17,0,0,36,65,0,0,5,0,0,0,0,0,39,0,0,0,3,11,1,39,0,0,0,0,0,4,0,0,0,304,0,0,0,0,0,0,3,0,26,0,0,0,0,13,39,1,0,0,0,1,2,0,0,0,0,0,0,1,0,25,0,0,0,0,1,0,0,0,0,50,0,10,3,0,1,0,0,0,0,0,3,0,0,504,0,0,34,0,0,0,3,0,0,0,0,0,85,0,0,724,0,0,0,0,0,180,0,0,0,0,0,0,0,0,0,0,0,2,39,0,24,15,3,0,0,0,5,0,0,0,58,0,0,0,0,1939,0,0,300,0,0,1,0,0,1,1397,0,0,5,0,0,0,0,0,5,12,0,0,0,0,14,0,3,0,0,2,0
"502",0,0,0,0,0,0,3,0,0,0,0,0,3,299,2419,0,0,0,0,0,0,1,0,3,0,3,0,0,172,22,374,0,0,4,0,0,5,0,0,0,0,0,1,0,0,87,0,0,0,0,0,0,0,0,0,0,0,0,0,0,0,0,0,0,0,0,55,0,0,0,20,0,0,0,0,0,0,0,0,0,0,0,1,0,0,0,4,0,0,0,0,71,187,0,0,9,0,0,4,0,0,0,0,25,3,0,4,417,0,0,0,0,0,16,0,0,0,0,40,0,0,0,0,1,74,2,0,0,0,0,1,60,0,0,0,21,1338,0,0,0,18,0,0,0,1,0,3,0,0,0,3,1,0,0,0,0,0,0,0,11,0,0,0,516,0,0,1,0,0,0,3,1,4,0,0,0,0,1,4,0,0,0,0,0,3,0,0,0,0,0,0,271,1,0,0,0,0,0,0,0,0,0,0,0,0,11,0,0,3,6,5,0,0,1,1,0,12,0,33,0,0,1,0,0,0,0,0,0,2,0,2,1,0,9,0,0,0,0,0,2,0,0,0,0,0,0,0,14,0,0,0,0,0,0,0,0,2,0,1,7,0,0,0,1,15,0,0,0,0,833,0,9,1253,0,9,0,0,0,0,24,0,43,93,0,0,0,0,0,0,0,0,0,0,0,9,0,4,0,0,1,0
"503",0,0,0,0,0,0,0,0,0,0,0,0,0,532,13,0,3,3,0,50,0,55,0,8,0,0,0,0,22,1,177,0,0,288,0,0,293,0,0,0,0,0,0,0,0,0,0,0,0,0,4,0,0,0,0,0,0,2,0,0,0,0,0,0,4,0,26,11,0,0,0,0,0,40,0,0,0,0,0,24,0,0,0,0,1053,2,468,0,0,27,0,7,36,52,0,0,0,1,8,0,0,0,0,0,0,0,188,371,0,0,0,0,0,0,0,2,0,0,12,0,0,0,0,0,1018,0,0,0,0,0,0,455,0,0,0,0,4,0,0,0,16,0,0,0,0,0,0,0,0,1,39,25,0,0,1,0,0,0,0,0,0,0,0,0,0,0,0,0,0,0,0,1,0,0,0,0,9,4,0,0,0,0,0,54,0,19,0,0,0,0,0,0,2,0,268,1,0,0,0,0,0,0,0,0,0,867,0,0,0,1,0,0,0,0,0,0,93,0,721,0,245,0,0,0,4,0,0,0,97,0,384,0,2,351,0,0,0,0,0,102,0,0,0,0,0,0,0,0,0,0,0,0,21,0,1,31,30,0,0,0,2,0,0,0,0,0,0,0,0,0,0,17,130,24,2,0,0,0,56,0,0,1,557,0,0,0,0,0,26,0,118,0,0,0,103,0,4,0,0,312,0
"504",0,2,0,30,0,0,0,0,0,0,0,0,19,0,15,0,0,0,0,0,0,22,0,351,0,855,0,0,10,0,1,0,0,1,0,0,12,0,0,0,130,0,0,0,0,4,0,0,0,0,31,137,0,0,0,9,0,0,0,567,37,0,0,0,0,0,206,0,0,105,302,0,0,0,0,0,0,0,0,631,93,0,346,0,0,0,22,0,0,0,0,5,2,0,0,0,0,0,0,0,0,10,0,0,16,0,0,122,0,0,0,0,0,50,0,0,0,0,20,0,0,0,0,1,0,0,0,0,0,0,50,0,0,0,0,0,0,94,0,0,0,0,0,0,0,0,142,0,10,0,2,28,0,0,0,0,0,3,0,22,0,0,0,0,0,0,0,0,0,0,0,0,0,0,0,0,0,0,20,0,0,0,0,0,0,0,2,0,0,0,0,14,0,0,0,0,0,0,0,0,0,0,0,272,0,13,0,0,3,9,0,0,0,0,0,0,156,384,2,0,8,206,0,0,0,0,0,0,82,0,296,0,0,407,0,0,0,0,0,0,0,0,0,0,0,0,0,0,0,0,0,0,0,0,0,33,0,0,0,0,0,0,0,0,0,0,0,0,0,993,55,5,57,0,0,0,0,0,0,2420,0,0,1,0,0,0,0,0,0,0,0,0,0,0,0,0,47,0,0,4,0
"505",0,17,0,0,0,0,35,0,0,0,0,0,0,0,31,0,32,0,0,0,0,0,1,119,0,448,0,0,7,5,516,1,1,0,0,0,0,408,11,0,3,0,0,146,0,0,0,1,0,0,4,210,0,0,50,0,0,0,0,0,9,0,0,0,0,0,0,0,0,0,0,0,0,12,878,0,0,0,0,0,11,0,0,0,0,5,0,1,0,79,0,0,4,1,0,26,0,0,0,0,0,0,0,77,0,0,0,290,0,0,0,0,0,0,0,0,101,0,70,5,0,0,0,6,167,0,0,0,6,0,131,162,0,0,1,13,93,0,0,0,2,0,0,0,0,0,0,0,0,0,8,8,0,0,1,0,0,0,0,203,0,0,0,0,0,1,1,0,0,0,0,0,1,0,0,0,0,0,0,2,0,1,0,0,0,1,0,137,0,0,0,192,1,0,0,1,0,3,0,356,0,0,0,0,0,2,0,0,0,0,4,0,0,0,0,0,256,0,1,0,0,0,0,0,0,0,0,0,0,0,0,0,0,0,22,0,0,0,0,2,0,7,127,0,0,0,0,0,0,0,0,4,17,1,0,0,0,0,0,4,0,0,0,0,1,0,0,0,0,4,0,0,84,3,0,0,0,0,0,3632,0,0,518,0,0,2,0,0,0,25,0,0,0,0,7,0,103,0,0,63,0
"506",0,0,0,8,0,0,0,13,3,1,0,4,0,0,15,0,0,0,0,0,3,1,0,112,0,2684,0,0,11,218,177,0,0,36,0,0,57,17,0,0,0,0,1,0,0,53,0,4,0,0,3,44,0,0,1,47,0,0,0,6,33,9,0,0,0,42,89,0,14,52,0,0,3,8,0,0,0,0,0,2,76,0,321,0,3,42,23,0,0,11,0,23,92,0,0,18,0,0,6,0,0,0,0,58,2,0,104,1161,0,0,0,0,0,133,0,0,0,0,40,4,50,0,0,1,118,2,0,0,3,0,1,3,0,8,0,0,7,0,0,0,0,0,0,0,1,0,3,57,0,0,40,1,0,0,0,0,0,0,0,11,0,0,0,0,0,0,0,0,0,0,0,0,4,0,0,5,0,5,194,1,0,0,0,0,26,7,0,0,0,0,0,155,1,0,0,0,0,0,0,0,0,0,2,0,0,514,0,0,0,0,13,0,0,1,13,2,12,9,1,0,0,55,0,0,0,0,0,0,31,0,120,0,0,339,0,0,0,0,0,2,0,0,0,0,0,0,0,0,0,0,0,1,9,0,9,355,0,0,2,0,3,0,0,4,3,0,1,0,63,137,10,0,92,0,0,0,0,0,12,0,0,0,168,0,0,0,0,0,0,18,0,0,0,4,1,0,6,0,0,128,0
"507",0,0,0,0,17,0,136,0,0,1,0,4,9,194,5,0,0,0,0,0,66,0,0,314,1,393,3,0,22,75,80,0,0,394,0,0,20,205,0,0,0,0,1,0,0,47,38,1,4,0,0,54,0,0,0,4,0,0,0,7,28,32,25,2,0,33,14,0,0,0,4,0,1,0,1,88,0,0,0,0,18,0,328,0,1,0,0,0,0,118,15,5,0,0,0,0,0,0,0,0,0,0,9,0,1,1,152,104,0,0,0,1,0,16,0,0,0,0,40,0,0,0,0,1,14,2,0,0,1,0,1,525,0,14,0,0,7,36,0,0,0,0,0,0,1,0,3,5,7,0,3,1,0,0,0,0,0,1,0,11,0,0,0,517,0,0,1,0,0,0,0,0,4,0,0,0,0,0,4,0,0,0,0,0,0,0,0,0,0,0,0,31,1,0,0,0,0,0,0,0,482,0,0,2,0,41,0,0,0,2,0,0,0,1,1,0,108,5,1,0,0,1,0,0,0,0,0,0,36,0,2,7,0,1679,0,0,0,0,0,2,0,0,0,0,0,0,0,1,0,0,0,2,17,0,2,19,0,0,13,0,0,16,0,0,0,0,0,114,1,811,0,0,361,0,45,0,0,0,0,1228,0,0,88,0,0,0,5,0,0,0,0,0,0,0,25,0,79,0,0,57,0
"508",0,0,0,0,21,0,1,0,0,0,0,0,0,120,3,0,0,26,0,0,181,152,1,21,0,1161,2,0,5,7,30,0,0,102,0,0,0,0,0,0,7,0,1,245,0,0,0,6,0,0,7,132,0,0,0,0,0,3,0,0,0,73,0,1,176,4,339,0,0,0,0,0,0,325,0,0,0,0,0,134,0,0,68,0,0,1,0,3,0,163,442,1,1,0,0,1,0,0,0,0,0,0,0,0,3,0,4,612,7,0,0,0,0,16,0,0,0,1,40,0,0,0,0,1,225,2,0,0,16,52,1,3,0,0,0,0,7,0,0,0,5,0,0,0,1,0,3,0,5,33,38,1,0,0,0,0,0,0,22,11,0,0,0,566,0,0,0,0,0,0,10,0,4,0,0,0,0,61,751,0,0,0,0,0,56,0,0,0,44,0,0,31,1,0,0,0,0,0,1,0,0,0,0,1214,0,1,0,0,0,0,0,1,29,1,1,0,187,0,156,0,1,33,0,0,0,47,0,0,560,0,2,0,0,1017,0,0,12,0,1,2,0,0,0,0,0,0,0,0,0,0,0,5,42,0,70,0,1,0,8,0,2,0,0,0,1,0,0,0,72,8,0,72,22,0,0,0,0,0,50,4,0,0,403,0,0,1,0,0,13,0,103,0,0,0,145,8,0,0,0,168,0
"509",0,0,0,0,2,0,0,50,0,0,0,5,0,0,2,0,24,2,0,42,74,17,1,24,0,2144,0,0,27,0,69,0,7,5,0,10,5,38,0,0,4,0,0,0,0,49,0,1,0,0,1,246,0,0,4,6,0,0,0,0,0,127,7,0,0,2,0,12,0,0,51,0,0,325,0,0,0,0,0,47,7,0,0,0,386,0,17,0,0,45,0,0,4,0,1,1,0,0,47,0,0,0,0,0,1,0,12,141,0,2,0,0,0,188,0,5,0,1,11,0,0,21,0,0,0,0,0,0,1,94,31,1176,0,0,0,1,201,8,0,3,2,0,0,0,0,0,10,21,0,0,12,15,1,0,0,0,0,0,119,41,0,0,0,317,0,1,0,0,0,0,2,0,3,0,0,0,0,5,93,0,1,0,0,2,6,1,0,0,1,0,0,72,1,0,162,0,0,3,0,0,0,0,0,0,0,21,0,0,0,0,0,0,0,0,10,0,54,12,0,19,2,0,17,0,0,0,0,0,81,0,123,0,0,263,0,0,2,0,0,2,0,0,0,0,1,0,0,2,0,0,19,1,11,0,1,3,0,0,7,43,15,0,0,2,0,0,0,20,3,1,0,40,89,0,0,0,0,0,3,2111,0,0,227,0,0,0,0,0,8,0,0,0,0,0,25,5,0,0,0,24,11
"510",0,0,0,0,0,1,2,0,0,0,0,0,1,585,28,0,0,0,0,0,0,26,0,137,0,152,0,0,48,1,135,0,0,2,0,0,5,87,0,18,9,0,1,0,0,52,0,0,0,0,15,73,0,0,0,47,0,0,0,67,0,0,0,6,0,0,0,0,19,0,14,0,0,0,0,0,0,0,0,84,15,0,2,0,54,1,5,0,0,51,0,26,0,0,0,0,15,0,0,0,0,0,0,8,6,0,4,561,0,0,0,0,0,16,0,0,0,0,40,0,0,0,0,1,14,2,0,0,0,0,1,395,0,0,0,0,7,40,0,0,0,0,0,0,1,0,3,0,5,0,3,1,0,0,0,0,0,0,0,11,0,0,0,0,0,0,0,0,0,0,27,29,165,0,0,0,0,8,508,0,0,0,0,0,7,0,0,0,0,0,0,150,1,1,0,0,0,0,0,0,0,0,0,0,0,31,15,0,4,28,0,0,0,1,18,1,102,0,105,0,0,24,0,0,0,0,0,0,2,0,112,0,0,789,0,0,0,0,0,2,0,0,0,0,0,0,16,0,0,0,0,8,0,0,0,1,15,0,5,0,0,0,6,1,0,1,0,0,0,22,0,0,79,0,0,0,0,0,5,3091,0,0,148,0,0,0,0,0,0,8,0,0,0,7,0,0,4,0,0,27,0
"511",1,0,0,0,0,0,0,2,0,0,8,0,0,0,6,0,88,0,1,2,3,60,0,0,0,0,0,0,1,43,258,0,0,0,5,0,0,19,0,0,1,0,1,0,0,52,0,0,0,0,2,14,0,0,0,0,0,0,0,4,1,1,0,0,0,0,10,17,0,48,4,4,0,4,0,0,2,0,0,31,6,0,3,2,0,0,0,0,0,61,871,0,0,0,47,0,0,0,47,0,0,32,0,12,1,0,111,104,0,20,0,0,0,96,0,0,0,0,40,1,27,0,8,1,382,2,190,25,0,0,11,221,82,0,0,0,38,0,0,0,17,0,0,0,1,0,74,0,0,6,3,1,0,0,0,0,0,0,1,11,0,3,0,434,0,0,0,8,0,0,12,0,4,0,0,4,0,0,107,2,0,0,6,0,2,1,0,0,0,0,0,31,1,1,0,0,216,1,0,0,0,0,1,1,2339,92,4,0,0,0,0,0,0,10,25,0,105,3,1,4,0,18,0,0,2,0,0,0,2,14,68,0,0,914,0,0,1,0,0,2,3,0,0,0,0,52,0,0,0,0,0,8,9,0,32,319,24,0,26,0,0,0,0,33,0,0,0,0,1,137,0,12,316,0,0,4,0,1,9,24,0,0,0,0,0,0,0,33,0,198,0,0,0,0,73,0,11,18,0,170,0
"512",0,5,0,0,0,0,0,0,0,0,0,0,0,0,3,0,0,0,0,0,0,0,0,0,0,4099,0,0,0,2,16,0,0,55,0,0,0,0,4,0,0,0,0,0,0,0,0,0,0,0,3,0,0,0,0,0,0,0,0,0,0,0,0,0,0,0,0,0,0,0,0,0,0,0,0,0,0,0,0,56,0,14,26,0,0,7,0,0,0,68,0,3,9,0,0,0,0,0,0,0,0,0,0,0,0,0,0,1808,0,0,0,0,0,0,0,0,0,6,107,0,0,0,0,8,53,0,5,0,0,0,0,0,0,1,0,0,12,0,0,0,0,0,0,0,0,0,0,0,0,0,0,0,0,0,0,0,0,0,0,0,0,0,0,0,0,0,0,0,0,0,5,0,2,0,0,0,0,0,30,23,0,0,0,0,0,0,0,0,0,0,0,111,0,0,0,0,0,0,0,0,0,0,0,0,0,0,0,0,0,0,0,0,0,0,0,0,68,0,0,0,0,0,0,0,0,0,0,0,0,0,0,0,0,0,0,0,0,0,0,0,0,0,0,0,0,0,0,0,0,0,0,0,0,0,0,0,0,0,0,0,0,0,0,0,0,0,0,0,0,58,0,0,19,12,0,0,0,0,0,3109,0,0,125,0,0,0,0,0,0,63,0,0,0,0,0,0,6,0,0,0,0
"513",0,0,0,4,0,0,1,0,0,0,0,0,0,71,0,0,0,0,0,0,0,0,0,123,0,1,0,0,77,0,0,26,0,53,4,0,0,0,0,0,6,0,365,0,0,52,0,0,0,0,3,44,0,0,0,20,0,0,0,2,0,0,1,5,0,0,0,0,0,0,0,0,0,0,0,690,0,0,0,4,9,0,0,0,0,0,0,22,0,0,0,0,21,0,0,0,15,1,0,0,0,1,0,65,0,0,0,3624,13,0,0,0,0,0,0,0,0,0,34,1,8,0,0,0,34,0,0,0,0,0,0,0,0,0,0,16,5,0,0,0,0,0,1,0,3,630,0,0,0,1,0,0,0,0,1,0,0,0,304,0,2,0,0,0,0,0,0,5,0,0,0,9,14,0,0,0,0,0,5,0,0,0,0,0,0,0,1,0,0,25,0,21,0,0,0,0,0,0,0,0,0,0,0,0,2017,0,0,0,0,2,1,0,0,0,0,0,44,0,51,0,0,0,0,0,0,0,0,0,3,0,0,0,0,28,0,0,0,2,0,3,0,0,0,0,0,0,0,0,0,0,0,0,0,0,0,0,0,0,0,0,0,0,0,0,0,0,0,0,0,6,0,49,0,0,0,0,0,0,0,1160,0,3,160,0,0,0,0,0,0,9,0,0,0,0,0,0,1,0,0,23,0
"514",0,1,0,3,0,0,0,0,0,0,1,0,1,0,2,0,0,0,0,0,0,33,0,58,0,3661,0,0,3,0,0,0,0,0,2,0,6,0,3,0,0,0,1,0,0,283,0,1,0,0,1,195,0,0,1,6,0,0,0,280,9,31,0,7,0,0,264,0,0,0,27,0,0,0,0,0,0,0,0,84,0,0,0,0,174,0,0,0,0,37,0,1,0,0,0,0,0,0,49,0,0,0,0,0,1,0,4,104,0,0,0,31,0,16,0,0,0,0,40,0,0,0,0,1,14,2,0,0,1,0,1,3,0,0,0,0,7,0,0,0,53,0,0,0,1,0,3,0,4,0,3,1,1,0,0,0,0,1,0,11,0,0,0,0,0,0,0,0,1,0,0,0,4,0,0,0,0,0,4,0,0,0,0,2,0,0,0,0,0,0,0,31,1,0,0,0,0,0,1,0,0,0,0,3,0,9,0,0,0,0,0,0,0,1,15,0,12,6,124,0,21,1,0,0,0,0,0,0,80,0,207,0,0,233,0,0,0,0,0,2,0,0,0,0,0,0,0,0,0,0,0,0,0,0,0,10,13,0,8,5,0,0,0,3,0,0,0,0,2,0,0,0,6,0,0,0,0,0,0,3202,0,0,0,0,0,0,0,0,0,6,0,0,0,0,0,0,9,0,0,13,0
"515",0,0,0,0,0,1,2,0,0,0,0,0,2,0,486,0,0,0,0,0,0,0,0,6,0,9,0,0,360,0,16,0,0,68,0,0,0,585,0,1,3,0,1,0,0,36,0,0,0,0,2,0,0,0,0,0,0,0,0,0,0,0,0,0,0,0,26,10,0,0,0,4,0,0,0,384,0,0,0,157,0,0,2,0,0,186,0,2,0,263,0,0,3,22,0,0,0,0,58,0,0,0,0,0,39,0,4,776,0,0,0,0,0,354,0,0,1,0,40,5,5,0,0,122,285,2,0,0,0,0,1,3,0,0,0,0,821,0,0,0,40,0,0,0,1,0,3,0,0,0,3,1,0,0,0,0,0,0,0,11,0,0,14,0,0,0,1,0,0,0,0,0,191,13,0,0,0,146,4,0,0,0,0,0,0,0,0,0,0,0,0,31,1,7,0,37,0,0,0,0,9,0,0,0,0,89,0,0,0,33,0,0,0,1,1,0,12,0,1,0,0,1,0,0,0,0,0,0,97,0,2,0,0,0,0,2,0,0,0,2,0,28,0,0,0,0,0,0,0,16,0,0,0,1,0,0,0,0,27,0,0,0,0,0,0,0,0,0,0,58,0,0,377,0,0,0,19,3,19,2065,0,0,975,0,0,0,0,0,0,0,0,0,0,0,42,0,11,0,0,362,0
"516",0,0,0,0,27,0,0,0,0,0,0,5,1,0,7,0,37,26,0,0,81,17,0,659,0,746,0,0,165,10,43,0,0,128,0,0,348,285,5,0,4,0,0,0,0,1,0,3,0,0,78,204,0,0,0,4,0,0,0,191,0,49,0,1,0,0,11,0,0,35,24,0,0,0,0,0,0,0,0,131,0,1,142,0,0,1,111,0,0,67,0,13,924,0,0,0,0,0,0,1,0,1,0,0,1,0,0,161,0,13,0,0,0,11,0,0,0,0,223,0,0,0,0,1,25,0,0,0,301,0,0,72,0,0,0,0,333,20,0,0,0,0,0,0,0,0,5,0,3,0,10,0,0,0,0,0,0,0,71,137,0,4,0,0,0,0,0,0,0,89,7,1,4,0,0,0,0,341,69,0,0,0,0,0,15,0,0,0,0,0,0,45,14,0,0,0,0,0,0,516,0,0,0,20,0,3,0,0,1,12,2,0,1,0,79,0,8,96,289,0,20,0,0,0,0,0,0,0,34,0,384,0,0,74,0,0,2,13,0,0,0,0,0,0,1,2,0,4,0,0,0,3,37,0,4,2,1,0,41,72,0,0,0,10,0,0,0,0,151,43,5,9,33,0,0,0,0,0,30,776,0,0,456,0,0,0,0,0,58,16,0,0,0,0,106,0,5,0,0,23,0
"517",0,0,0,0,0,0,1,0,0,0,1,0,0,0,0,0,0,1,0,0,0,8,0,10,1,756,0,0,31,0,240,0,0,139,0,0,62,0,7,0,0,0,1,0,0,1666,0,0,0,0,39,0,0,0,35,1,0,0,0,0,0,0,0,0,0,0,41,0,0,26,6,0,0,0,0,0,0,0,0,14,0,0,224,0,0,0,0,0,0,79,19,3,3,0,0,16,0,0,32,0,0,0,0,0,26,0,4,410,0,0,0,0,0,1752,0,0,0,13,40,0,0,0,0,1,1349,2,0,0,0,0,124,3,0,6,9,0,7,0,0,0,3,0,0,0,1,0,3,0,0,0,32,1,0,0,0,0,0,0,0,11,0,0,0,0,0,0,1,0,0,0,6,0,4,0,0,0,0,110,180,0,0,0,0,0,0,0,14,18,0,0,0,31,1,0,164,0,0,0,0,0,0,0,0,4,0,10,7,0,0,0,0,0,0,1,79,0,12,0,24,0,0,34,0,0,0,0,0,0,125,0,2,1,0,3,0,0,53,0,0,2,0,0,0,0,0,0,1,0,0,0,0,0,13,0,13,0,3,4,11,0,0,0,0,0,15,0,0,0,12,0,0,78,32,0,171,0,8,0,3,2605,2,9,574,0,0,0,0,0,0,101,0,0,0,0,23,0,0,0,0,44,0
"518",0,0,0,37,0,0,1,0,0,0,0,0,0,0,1,0,0,0,0,0,0,166,0,267,0,181,0,0,0,0,0,0,0,52,0,0,7,194,0,0,7,0,1,52,0,0,0,0,0,0,0,207,0,0,0,0,10,0,0,469,0,0,0,0,0,0,0,0,62,0,0,0,0,0,0,0,0,0,0,35,56,0,0,0,0,12,0,0,0,0,0,64,48,0,0,8,0,0,0,0,0,6,0,0,0,0,4,503,0,0,0,0,0,16,0,0,0,5,40,0,12,0,0,1,105,2,0,0,0,0,1,3,0,2,26,52,7,64,0,0,61,0,4,2,1,630,3,0,0,0,3,1,0,0,0,0,1,0,0,11,0,0,0,0,0,0,0,0,0,0,0,0,4,0,0,0,0,0,365,0,0,0,0,0,0,19,0,0,0,0,0,31,1,7,0,0,0,0,0,0,0,9,0,0,2336,1,0,0,0,0,0,0,0,1,1,0,12,0,163,0,0,1,0,4,0,0,0,0,2,0,2,0,0,372,0,0,0,9,0,2,0,0,0,0,60,230,0,0,0,0,0,0,0,0,0,193,0,0,0,0,0,0,0,0,0,0,0,0,63,4,0,0,399,0,0,0,1,0,18,0,0,0,335,0,0,0,0,0,0,8,0,0,0,0,160,0,9,0,0,126,0
"519",0,0,0,0,0,0,0,0,0,0,0,0,0,0,0,0,0,0,0,0,34,15,1,0,0,30,4,0,4,135,0,0,0,140,0,0,0,42,2,0,0,0,0,0,0,5,0,2,0,0,4,0,1,0,49,0,0,0,0,25,0,1,0,0,0,0,0,0,0,0,8,0,60,167,0,100,0,0,0,15,16,0,159,0,46,0,194,0,0,185,0,9,150,36,0,0,0,0,20,0,0,0,0,0,5,0,0,1355,0,0,0,0,6,114,0,0,0,0,174,0,0,0,0,2,204,0,0,0,5,0,60,12,0,0,0,0,4,0,0,0,0,0,0,0,0,0,38,0,0,0,6,0,0,51,0,0,0,0,14,96,0,0,14,1,0,0,0,0,0,0,11,0,0,0,0,0,6,70,0,5,0,0,10,0,78,0,0,0,0,0,0,271,0,0,0,0,0,2,0,0,0,0,0,1,0,186,0,0,0,0,0,0,0,0,7,0,77,29,0,13,21,0,0,0,0,0,0,0,113,0,152,0,0,0,0,0,6,0,0,43,4,0,0,0,14,0,0,0,0,2,0,3,19,0,29,0,0,0,12,7,0,0,0,1,2,0,1,0,6,179,0,190,0,0,2,0,0,0,17,3561,0,0,383,0,0,0,1,0,0,35,0,0,0,0,86,93,412,0,0,29,0
"520",0,0,0,0,0,0,66,39,0,0,0,0,6,0,66,0,0,0,0,0,0,20,0,203,0,755,0,0,111,0,1,0,0,74,0,0,11,0,64,0,10,0,0,84,0,0,0,0,0,0,0,712,0,0,5,0,2,0,0,23,0,0,0,0,51,0,0,0,0,0,0,0,0,40,0,657,0,0,0,0,45,0,0,0,26,186,109,4,0,0,0,4,72,0,0,5,0,0,0,0,0,0,0,0,0,0,157,719,0,0,0,0,0,0,0,0,0,0,269,23,27,0,0,0,37,0,0,0,0,271,0,0,0,0,0,0,864,57,0,0,13,0,0,0,0,0,0,0,0,0,0,0,0,0,0,1,0,0,0,35,0,0,0,0,0,0,0,0,0,0,0,0,0,0,0,0,0,296,22,0,0,0,0,0,13,0,0,0,0,0,0,159,1,0,0,0,0,0,0,0,0,0,0,0,0,10,1,42,0,0,66,0,0,0,7,0,50,141,357,0,29,0,0,0,0,0,0,0,22,0,18,0,0,130,0,0,0,0,0,0,0,0,0,0,7,0,0,0,0,0,0,0,0,0,0,48,0,0,15,7,0,0,0,0,0,0,0,0,0,861,0,0,1121,1,0,0,0,0,4,293,0,0,122,0,0,0,0,0,0,0,0,2,0,0,2,0,48,0,0,181,0
"521",0,0,0,0,0,0,0,2,0,0,0,0,0,295,25,0,1,0,0,0,7,4,0,0,0,3070,0,0,37,6,0,0,0,115,0,0,3,1,0,0,0,0,0,0,0,137,0,1,0,0,1,0,0,0,18,0,0,1,0,1,0,19,1,0,0,0,55,0,0,271,4,0,0,0,0,0,0,0,0,1,0,1,0,0,9,9,0,0,0,7,0,2,28,0,0,0,0,0,35,0,0,136,0,0,1,0,0,145,28,0,0,0,0,3,0,1,0,0,85,0,0,0,0,45,144,0,0,0,0,0,1,0,0,0,1,0,11,0,0,0,5,0,1,0,0,0,1,1,0,0,4,37,0,1,1,0,1,0,0,0,0,0,0,0,0,0,0,0,0,0,6,0,0,0,0,0,0,12,8,1,0,0,0,0,1,1,0,0,0,0,0,1,1,1,0,0,0,1,0,0,0,0,0,1,178,2,1,0,1,1,0,0,0,0,1,1,69,1,1,0,0,21,0,0,0,0,1,0,4,0,0,0,0,282,0,0,1,0,0,1,0,0,0,11,0,16,0,0,0,0,0,1,1,0,1,1,2,0,1,0,1,0,0,1,0,2,0,0,6,1644,35,0,1646,0,0,0,29,0,3,1054,0,0,11,0,0,30,0,0,0,1,0,0,0,0,60,4,2,0,0,12,15
"522",24,0,0,42,0,0,17,0,3,0,0,0,7,0,56,0,0,0,0,0,0,0,0,80,0,2319,0,0,3,11,0,472,0,0,0,0,0,0,0,0,4,0,0,0,0,0,0,0,1,0,0,70,0,0,0,0,0,0,0,0,0,19,0,0,0,0,258,2,0,59,0,0,0,0,0,0,0,0,0,76,0,0,0,0,0,0,0,0,0,0,0,7,0,0,0,0,0,0,0,0,0,15,0,0,0,0,0,745,0,0,0,0,7,0,0,0,0,0,21,10,46,0,0,1,0,0,0,0,0,0,0,0,0,0,0,0,17,36,0,0,246,0,0,0,0,0,3,0,0,1,0,0,0,0,1,0,0,0,0,0,0,0,0,0,0,0,0,3,0,0,3,0,1,0,0,0,0,0,19,0,0,0,0,0,0,0,0,0,0,0,0,0,0,16,0,0,0,0,0,0,0,0,0,1,0,32,0,0,0,0,0,0,0,0,0,0,43,0,0,2,0,0,0,0,1,0,0,0,0,0,0,0,0,197,0,0,0,0,0,0,0,0,0,0,9,1,0,1,0,0,0,0,0,0,0,0,0,0,0,0,0,0,0,0,0,0,0,0,0,115,0,0,152,0,0,0,0,0,0,4664,0,0,0,0,0,0,0,0,0,0,0,0,0,0,7,0,58,0,0,0,0
"523",0,0,0,0,0,0,1,23,0,0,0,0,0,0,0,0,0,0,0,0,1,1,1,7,0,1521,0,0,59,0,6,0,0,19,0,0,34,1,1,0,0,0,1,1,0,6,0,0,0,0,0,0,0,0,0,0,0,0,0,10,0,2,0,0,2,0,18,0,0,0,0,0,0,1,0,0,0,0,0,13,0,0,0,0,3,0,0,0,0,32,0,0,0,0,0,16,0,0,0,0,0,0,0,0,1,0,1,1502,0,0,0,0,0,25,0,0,0,0,10,5,0,0,0,1,58,80,0,0,1,0,0,84,0,0,0,0,526,0,0,0,0,0,0,0,0,0,0,0,0,1,1,4,0,0,1,0,0,0,0,1,0,0,0,0,0,0,0,3,0,0,0,0,2532,0,0,0,0,6,1,0,7,0,0,0,1,0,0,0,22,0,0,70,2,0,36,0,0,3,0,0,0,0,0,0,358,216,0,0,0,6,0,0,0,0,1,0,38,0,298,3,21,0,0,0,0,0,0,0,1,0,22,0,0,384,0,0,0,0,0,0,0,17,0,0,0,0,0,0,0,0,223,0,0,0,0,5,0,0,0,1,0,0,0,0,0,0,0,2,1,240,0,0,0,0,0,0,0,0,3,1270,0,0,3,0,0,0,0,0,0,3,0,0,0,0,22,0,79,18,0,6,0
"524",0,22,1,0,0,0,140,0,0,0,0,0,1,0,28,3,0,0,0,0,0,374,0,0,0,1118,0,0,73,0,222,0,0,137,0,0,6,0,1,0,0,0,1,0,0,215,0,0,0,0,3,0,0,0,32,0,0,0,0,547,0,0,0,0,0,0,279,0,0,0,333,2,0,0,0,0,0,0,0,0,0,0,31,0,0,7,0,0,0,264,0,7,3,0,0,0,0,0,354,0,0,8,0,0,0,0,4,104,0,0,0,0,0,679,1,0,1,0,633,0,6,0,0,77,118,2,0,0,0,0,1,3,0,0,0,0,356,0,0,0,21,0,0,0,1,0,3,0,4,0,3,1,0,0,0,0,0,0,0,11,0,0,0,0,0,1,0,0,0,0,0,0,4,0,0,0,0,0,4,2,0,0,0,0,0,0,0,0,0,0,0,31,1,0,0,0,0,1,0,0,0,0,0,0,0,219,0,0,0,1,0,0,0,1,1,0,189,0,66,0,68,1,0,0,0,0,0,0,2,0,2,0,0,0,0,0,0,0,0,2,0,0,0,0,0,3,0,0,0,0,0,0,0,1,0,2,8,2,0,0,0,0,13,37,1,7,0,0,0,95,0,0,123,0,0,0,29,0,0,1550,0,48,557,0,0,0,0,68,0,0,0,0,0,0,46,0,12,0,0,180,0
"525",0,2,0,0,0,0,5,50,0,0,0,5,0,376,0,0,3,0,0,6,0,100,0,44,0,2,0,0,23,0,0,0,0,4,0,0,0,0,2,0,0,0,1,0,0,1200,0,0,0,0,0,0,0,0,106,0,0,0,0,363,0,0,0,8,0,0,137,0,45,176,78,0,3,0,0,0,0,0,0,360,24,0,0,0,891,0,5,0,0,86,0,1,0,22,0,0,0,0,31,0,0,0,0,0,13,0,4,514,0,0,0,71,0,16,0,0,0,0,40,0,0,0,0,1,14,2,0,0,12,0,1,1622,0,0,0,0,7,7,0,0,0,0,0,0,1,0,3,36,0,0,3,1,0,0,0,0,0,0,102,11,0,0,0,1379,0,0,0,0,0,0,7,0,4,0,0,0,0,383,4,2,0,0,0,3,0,0,0,0,0,0,0,31,1,1,0,0,0,0,0,0,0,0,0,682,0,23,0,0,0,0,0,0,0,1,1,0,222,256,1,0,0,50,0,0,0,0,593,0,256,0,409,0,0,105,0,0,4,2,0,2,0,0,0,0,0,0,0,1,0,0,0,0,0,0,22,1,0,0,12,2,7,0,0,0,0,0,0,0,90,0,19,0,0,0,0,0,0,0,28,2184,0,0,494,0,0,0,0,0,127,172,0,0,0,0,1,0,2,90,0,55,0
"526",0,0,0,8,0,0,1,0,0,0,0,0,0,0,6,0,30,0,0,0,0,0,0,479,0,241,0,0,3,0,0,0,0,55,0,0,0,2,0,0,40,0,1,0,0,65,0,0,0,0,0,45,0,0,0,0,0,0,0,32,0,0,0,4,0,0,0,0,59,0,0,0,0,0,0,0,0,0,2,0,23,0,3,0,0,31,0,0,0,203,0,3,86,0,0,9,0,0,0,0,0,136,0,91,0,0,4,537,0,0,0,0,0,16,0,0,0,0,40,0,0,0,0,1,14,2,0,0,0,0,1,3,0,8,0,38,7,34,0,0,0,0,7,8,1,0,3,0,0,0,3,1,0,0,0,0,0,0,0,11,13,0,0,0,0,0,2,40,0,0,0,53,4,0,0,0,0,8,69,1,0,0,23,0,6,10,0,0,0,0,0,309,1,1,0,0,0,0,0,0,0,1,0,47,0,262,0,0,0,0,7,0,0,1,1,0,101,0,1,0,0,1,0,0,0,0,0,0,2,0,2,0,0,1272,0,0,0,4,0,2,0,0,0,0,0,0,0,0,0,0,0,0,0,0,0,0,0,0,0,0,0,0,0,14,0,0,0,0,0,122,5,0,320,0,1,0,0,0,5,12,0,0,3,7,0,32,0,0,0,1,0,0,0,0,0,0,125,0,0,0,0
"527",0,0,0,0,0,0,8,7,0,0,0,0,0,106,25,0,8,6,0,0,3,0,0,242,0,2924,0,0,0,0,2,6,0,11,2,4,5,22,0,0,5,0,1,30,0,39,0,0,0,2,0,47,0,0,0,0,0,0,0,47,0,20,0,0,130,6,32,4,0,0,0,0,0,7,0,0,0,0,0,8,7,0,0,0,1,0,0,0,0,84,8,0,1,0,7,1,0,0,0,0,0,26,0,18,0,0,11,4,3,0,0,0,0,14,0,0,0,0,23,0,5,0,0,0,150,126,0,0,2,4,37,173,0,0,0,0,235,0,0,0,0,0,0,0,0,0,0,0,0,1,18,28,4,0,8,0,0,0,0,21,0,0,0,0,0,0,0,0,0,0,0,47,0,0,0,0,0,0,65,0,3,0,0,0,0,7,5,0,9,1,0,61,0,0,31,0,0,0,0,0,0,0,0,0,853,0,0,0,0,56,0,0,124,0,3,0,5,0,0,0,0,0,0,2,0,11,0,0,3,0,21,0,0,869,14,0,0,1,0,0,0,0,42,13,0,0,0,0,1,0,167,2,0,0,0,3,0,0,0,6,0,18,0,0,0,0,0,775,11,237,4,5,470,1,1,0,22,0,3,688,0,0,95,0,0,0,0,0,0,21,150,0,0,0,0,0,0,31,0,242,26
"528",0,0,0,233,0,1,0,0,0,0,0,0,0,0,8,0,0,0,0,0,0,45,0,0,0,2567,0,0,30,0,0,0,7,45,0,14,4,0,12,0,9,0,1,112,8,958,0,4,0,0,0,203,1,0,0,5,0,0,0,0,0,38,0,4,0,0,498,0,10,0,0,0,0,280,0,0,0,0,0,0,54,14,0,0,0,1,0,0,0,55,0,0,0,0,0,0,0,0,56,0,0,0,0,0,0,0,4,561,0,0,0,0,0,16,1,0,0,0,40,0,38,0,0,1,14,2,0,0,0,47,1,3,0,0,0,0,7,0,0,0,10,0,0,0,1,0,39,0,0,0,29,1,0,0,0,0,0,0,151,11,0,0,0,0,0,0,0,0,0,0,0,0,4,0,0,0,0,8,160,0,0,0,0,0,0,0,0,0,0,0,0,31,1,0,0,0,0,0,0,0,2,0,0,0,0,31,0,0,0,0,0,0,202,1,1,0,12,0,81,0,0,1,0,0,0,0,0,0,99,0,175,0,0,514,0,0,0,0,0,2,0,0,0,0,0,0,0,0,0,0,0,0,0,0,0,0,8,0,0,0,0,0,0,0,0,0,0,0,0,0,0,0,193,0,0,0,0,0,43,1913,0,0,82,0,0,0,0,0,49,61,0,0,0,0,34,0,0,0,0,34,0
"529",36,7,2,7,0,0,0,0,1,0,0,1,0,0,60,0,0,0,0,0,7,22,0,97,0,2163,0,0,0,117,0,0,4,113,0,0,0,129,19,0,0,0,1,25,0,54,0,1,0,0,14,380,0,1,0,0,0,0,0,24,5,2,0,0,0,0,10,0,7,68,0,0,2,0,0,0,0,0,0,10,11,0,81,0,0,10,0,0,0,44,0,0,0,5,0,16,0,0,15,0,0,0,0,0,1,1,120,104,0,413,0,0,0,16,0,0,0,0,40,0,0,0,0,1,14,2,3,0,1,0,1,3,0,0,0,0,7,49,0,0,0,0,0,0,1,0,3,5,0,0,13,17,0,0,0,0,0,0,2,74,0,0,1,4,0,0,0,0,0,0,6,0,4,0,0,0,0,0,118,0,0,0,0,0,2,0,0,0,0,0,0,31,1,19,0,0,0,1,0,0,0,0,0,2,0,40,7,1,0,1,0,1,0,1,1,0,12,5,1,5,0,27,0,0,0,0,0,0,2,0,2,3,0,635,0,0,0,0,0,2,0,0,94,0,0,0,0,0,0,2,119,0,2,0,3,62,0,0,4,7,1,0,0,2,3,0,2,16,13,994,0,0,48,0,8,0,0,0,4,2498,0,0,63,0,0,0,0,0,0,20,0,0,0,0,26,1,0,10,0,67,0
"530",0,0,0,21,8,0,0,0,1,0,0,0,0,0,56,0,0,0,0,0,2,4,1,0,0,1029,2,0,0,0,0,0,0,55,0,221,21,4,0,0,0,0,1,223,0,44,0,0,0,0,0,0,0,0,0,0,0,0,0,2,0,49,0,0,0,1,0,0,11,59,12,0,0,3,6,0,0,0,3,1,0,31,0,0,4,0,0,0,0,14,0,0,0,0,0,0,0,0,57,0,0,0,0,0,2,1,280,349,0,58,0,0,0,16,0,0,0,0,136,0,0,0,0,1,466,2,2,0,0,0,12,36,0,4,67,0,7,0,0,0,0,0,0,0,1,4,3,0,0,0,12,1,0,0,0,0,0,0,0,175,9,0,14,2,0,0,0,0,0,0,3,51,1002,0,14,6,0,0,76,1,0,0,0,3,12,0,1,0,2,0,0,176,1,0,0,0,0,0,0,0,0,5,0,0,854,5,0,0,0,25,0,0,29,1,7,0,12,23,1,0,0,34,21,0,0,0,324,0,20,0,20,1,0,485,0,0,0,1,0,2,1,0,41,0,0,0,0,3,0,0,0,3,3,0,2,0,0,0,0,4,0,18,0,6,0,0,3,0,19,653,0,1,1648,0,0,0,0,0,19,1,0,0,98,0,0,0,0,0,0,35,0,0,0,0,64,3,0,90,0,60,50
"531",1,2,7,0,0,0,2,0,0,0,0,0,0,0,641,0,40,0,0,0,0,0,0,0,0,4111,0,0,47,0,0,0,0,139,0,0,0,0,0,0,0,0,0,0,0,0,0,0,0,0,0,0,0,3,0,0,0,0,0,0,0,0,1,0,0,0,0,0,44,0,0,0,1,0,0,0,0,0,0,0,0,0,75,0,0,5,0,0,0,0,0,0,85,0,0,45,0,0,0,0,0,44,0,0,3,0,0,1583,0,0,0,0,1,0,0,0,2,1,0,2,0,0,0,0,0,0,95,0,0,0,17,0,0,0,0,0,37,0,0,0,20,0,0,0,0,0,25,0,0,0,0,0,6,0,2,0,50,0,0,0,0,0,0,0,0,0,0,1,0,0,0,0,1,0,24,0,0,0,0,0,0,0,0,0,0,1,0,0,0,0,0,0,5,1,0,0,0,1,1,0,0,0,0,0,0,12,1,0,6,11,0,0,0,0,0,1,0,0,312,0,0,0,0,0,1,0,0,411,0,0,0,0,0,0,0,0,0,0,0,4,0,0,0,0,0,0,0,0,0,0,0,0,0,0,0,0,0,0,0,0,0,0,0,0,0,2,0,0,0,8,0,0,613,0,0,0,0,0,0,328,0,59,1032,0,0,0,0,0,0,14,0,0,0,7,0,0,8,0,0,0,0
"532",0,0,0,10,0,0,0,0,0,0,0,0,0,0,13,0,0,0,0,0,0,0,0,43,0,2547,0,0,0,63,0,0,0,2,0,0,37,38,0,14,5,0,1,0,0,0,0,0,0,0,0,34,0,0,0,5,1,3,0,16,6,0,1,0,0,0,0,0,0,0,0,0,0,0,0,0,0,0,0,131,111,0,0,0,0,0,0,0,0,0,0,1,1,0,0,22,0,0,0,0,0,96,0,0,0,0,4,1036,0,0,0,0,0,16,0,0,0,0,40,2,49,0,0,1,14,2,0,0,0,0,1,3,0,0,0,0,7,66,0,0,1617,0,0,0,1,0,3,0,0,0,3,1,0,0,0,0,0,0,0,11,0,0,0,0,0,0,0,0,0,0,0,0,4,0,0,0,0,0,49,0,0,0,0,0,0,0,0,0,0,0,0,31,1,0,0,0,0,0,0,0,0,0,0,0,0,1,0,0,0,1,0,0,0,1,1,0,12,0,1,0,0,1,0,0,0,0,0,0,2,0,2,0,0,82,0,0,0,1,0,2,0,0,0,0,0,0,0,7,0,0,0,0,0,0,0,5,0,0,0,0,0,0,0,4,0,0,0,0,0,330,0,0,571,0,0,0,0,0,0,2410,0,0,0,0,0,0,0,8,0,0,0,0,0,0,0,0,4,0,0,0,0
"533",0,0,0,0,0,0,1,0,0,0,0,0,0,0,6,0,5,0,0,0,0,32,0,38,0,1375,0,1,2,0,1,0,0,0,0,0,1,0,0,0,5,0,1,0,0,484,0,0,0,0,0,47,0,0,0,0,1,0,0,15,0,0,0,6,0,0,0,0,36,129,0,0,0,0,0,0,0,0,0,0,19,0,6,0,0,17,0,0,0,0,0,2,2,0,0,0,0,0,0,0,0,18,0,0,0,0,4,803,0,0,0,0,0,16,0,0,0,0,40,26,0,0,0,1,14,2,0,0,0,0,1,3,0,0,63,9,7,13,0,0,0,0,0,0,1,501,3,0,0,0,3,1,0,0,0,0,0,0,0,146,0,0,0,0,0,0,0,0,0,0,0,0,4,0,0,0,0,0,49,0,0,0,0,0,0,0,0,0,0,0,0,31,1,1,0,0,6,0,0,0,0,0,0,0,0,1,0,0,0,0,0,0,0,1,1,0,124,0,1,0,0,1,0,0,0,0,0,0,2,0,2,1,0,141,0,0,0,39,0,2,0,0,1,0,0,0,0,0,0,0,0,0,0,1,0,21,0,0,0,0,0,0,0,4,0,0,0,0,0,56,0,0,647,0,0,0,0,0,3,3879,0,0,131,0,0,0,0,0,0,43,0,0,0,0,0,0,40,0,0,22,0
"534",0,0,0,0,0,0,0,20,0,0,0,0,0,0,4,0,0,0,0,0,0,0,0,0,0,163,0,0,5,0,0,0,0,77,0,24,23,0,0,0,0,0,1,0,3,958,0,0,1,0,0,0,0,0,0,0,0,0,0,407,0,0,0,0,0,0,85,0,0,24,0,0,0,0,0,0,0,0,0,0,0,0,0,0,0,1,203,0,0,33,1,0,20,0,0,12,0,1,49,0,0,4,0,42,0,0,4,1310,0,0,0,51,0,16,0,0,0,33,40,33,21,30,0,1,14,2,0,0,0,0,1,3,82,2,0,3,356,0,0,0,0,0,0,0,1,0,3,0,0,0,3,1,0,0,0,0,0,0,151,11,0,0,0,0,0,0,0,0,0,0,0,0,4,0,0,0,0,15,218,0,0,0,0,0,0,0,0,0,0,7,0,31,1,0,0,0,0,0,0,0,0,0,2,229,0,1,0,0,0,0,0,0,14,1,1,0,12,0,1,0,0,1,0,0,0,0,0,0,2,0,2,0,0,105,0,0,0,2,0,2,0,0,0,0,0,0,0,0,0,0,0,5,0,0,0,1,0,0,0,0,11,0,0,1,0,0,0,0,0,25,0,0,24,0,7,0,0,0,0,3560,0,0,385,0,0,0,0,0,0,0,0,0,0,2,0,0,0,0,0,86,0
"535",0,3,0,0,0,1,3,13,0,0,3,0,0,0,207,0,15,0,0,0,27,20,0,109,0,1012,0,0,0,0,0,0,0,174,0,0,0,92,0,0,0,0,1,23,1,49,0,1,0,0,0,0,0,0,0,0,0,0,0,1,0,6,0,0,0,0,1,0,34,0,1,0,0,0,0,0,0,0,0,5,0,0,12,0,0,9,0,0,0,55,1,10,293,0,0,0,0,0,6,21,0,0,0,52,0,0,4,3795,0,0,0,0,0,16,0,0,0,3,160,0,0,0,0,1,339,2,0,0,0,0,1,125,0,0,0,5,7,0,0,0,437,0,0,3,1,0,3,0,0,0,25,1,0,0,0,0,0,0,0,11,0,0,0,0,0,0,0,0,0,0,6,0,4,0,0,0,0,8,52,0,0,0,0,0,6,1,0,0,0,0,0,142,1,18,0,0,0,0,0,0,0,0,0,47,0,209,0,0,0,31,0,0,0,1,13,0,12,0,434,0,6,1,0,0,0,0,0,0,43,0,88,0,0,127,0,0,4,0,0,2,0,0,0,0,0,0,0,0,0,0,0,1,36,0,26,10,22,0,0,2,1,0,0,1,0,0,0,0,0,230,0,0,25,0,0,0,0,0,3,1331,2,0,0,3,0,0,0,0,0,2,0,0,0,0,97,0,19,0,0,97,0
"536",0,0,0,0,0,0,0,19,0,0,0,0,0,325,1,0,0,0,0,0,21,8,0,2,0,1119,0,0,13,3,121,0,0,2,0,0,6,28,0,0,0,2,1,22,0,15,0,3,0,0,0,0,0,8,0,1,0,0,0,67,6,7,0,0,0,0,28,0,0,0,4,3,1,108,0,0,0,0,0,13,0,0,560,0,28,2,0,0,0,5,0,6,0,5,0,0,0,0,0,0,0,0,0,0,2,5,233,1807,0,23,0,0,0,101,0,0,0,4,137,0,20,0,0,1,53,2,0,0,0,0,12,162,0,0,0,0,40,11,0,0,13,0,0,0,1,0,3,3,0,0,3,1,0,0,0,0,0,0,2,85,0,0,2,3,0,0,0,0,0,0,5,0,4,0,16,0,0,0,39,1,0,0,0,0,0,0,0,0,0,0,0,142,1,0,5,0,0,0,0,0,0,0,0,589,0,5,0,0,0,0,13,0,0,29,8,0,145,23,1,0,35,71,0,0,0,0,0,0,59,14,68,1,0,0,0,1,0,0,0,2,5,0,80,0,0,0,0,0,0,0,0,2,20,0,3,3,0,2,1,7,0,0,0,3,0,0,0,0,1,1,0,14,478,0,0,0,0,0,0,2585,0,0,66,0,0,0,0,0,8,5,0,2,0,0,6,2,6,0,0,0,32
"537",0,0,0,2,0,0,0,0,0,0,0,0,0,0,14,0,5,0,0,0,0,0,0,0,0,2279,0,0,0,78,0,0,0,56,0,0,118,263,0,0,4,0,0,0,1,0,0,0,0,0,0,329,0,0,0,0,1,0,0,0,0,8,0,6,0,0,0,0,3,0,69,0,0,5,1,0,0,0,0,0,9,0,0,0,0,1,0,0,0,61,0,0,207,0,0,0,2,0,42,1,0,7,0,0,8,0,0,152,0,0,0,0,3,545,0,0,0,0,20,0,0,0,0,2,1348,0,0,0,0,0,75,126,0,0,6,0,8,7,0,0,0,0,0,0,0,0,0,0,4,0,4,0,17,0,0,0,0,0,0,53,0,0,0,0,0,1,0,0,0,0,0,0,0,0,11,0,0,0,0,0,0,0,0,0,0,0,0,0,0,0,0,0,0,0,0,0,0,0,0,0,0,0,0,0,0,0,0,0,1,0,0,0,5,0,0,0,0,0,0,0,0,0,0,0,0,5,0,0,96,0,100,0,0,240,0,0,0,0,0,0,0,0,1,0,1,0,0,0,0,0,0,0,0,1,0,0,1,0,7,27,0,0,0,0,70,0,0,0,0,4,0,0,334,0,0,0,0,0,23,2448,0,0,636,0,0,0,0,0,0,0,0,0,0,0,0,0,3,0,0,41,0
"538",0,9,0,0,0,0,436,1,0,0,0,0,0,111,2417,79,0,0,0,0,9,0,0,0,0,0,0,0,0,0,47,0,1,0,0,0,116,0,0,18,0,0,0,0,0,0,0,0,0,0,0,0,0,0,0,0,8,4,0,1,0,0,4,0,0,0,0,0,0,0,0,0,0,24,0,0,0,0,0,0,0,0,0,0,30,318,0,0,0,101,0,191,18,0,0,0,2,0,0,0,0,113,2,0,0,0,0,0,0,0,0,0,0,1,0,0,0,0,151,0,0,0,0,13,83,0,0,0,0,0,0,17,0,0,143,0,54,0,0,0,50,0,0,8,0,0,0,0,2,7,0,0,0,0,0,0,0,0,0,497,0,0,0,0,0,1,0,0,0,315,0,0,0,0,0,0,0,0,0,0,0,0,0,0,0,0,23,0,0,0,0,0,0,4,0,4,0,3,2,0,0,0,0,0,0,0,18,0,3,0,0,0,0,0,0,0,119,0,0,0,0,0,0,0,0,0,0,0,0,0,0,0,0,2781,0,0,0,0,0,16,0,0,0,0,0,13,0,0,0,0,0,0,0,0,0,0,8,0,0,0,1,0,0,2,0,0,0,0,0,13,0,0,0,0,271,0,1,0,0,726,0,0,0,0,0,44,0,0,0,0,0,0,0,0,248,0,11,0,0,286,0
"539",0,0,0,3,0,0,31,0,0,0,0,0,0,0,8,0,10,0,0,0,0,3,0,130,0,85,0,0,0,23,0,0,0,50,0,0,5,0,7,0,0,0,1,0,0,0,0,0,0,0,1,0,0,0,0,21,1,0,0,465,0,0,0,0,0,0,0,0,0,88,0,0,0,0,0,0,0,0,0,264,0,0,1,0,0,1,0,0,0,7,0,0,0,0,0,0,0,0,61,0,10,0,0,0,0,0,4,2219,0,0,0,0,0,16,0,0,0,0,40,0,0,0,0,1,14,2,0,0,0,0,1,3,0,0,0,5,7,57,0,0,116,0,0,0,1,0,3,0,6,0,3,1,0,0,0,0,0,0,0,11,0,0,0,3170,0,0,0,0,0,0,19,3,4,0,0,0,0,110,4,0,0,0,0,0,19,0,0,0,0,0,0,188,1,0,0,0,0,0,0,0,0,0,1,0,0,14,0,0,0,0,0,0,0,1,23,0,12,0,1,0,1,1,0,0,0,0,0,0,2,0,327,0,0,30,0,0,0,0,2,2,5,0,0,0,10,0,0,0,0,0,0,0,0,0,0,1,4,0,0,0,0,0,0,4,0,0,0,0,0,2,0,0,69,0,0,0,0,0,0,3117,0,30,11,0,0,0,0,0,0,0,0,0,0,0,0,0,2,0,0,38,0
"540",0,0,0,0,0,0,0,0,0,0,0,0,0,0,143,7,0,0,0,0,0,0,0,0,0,1893,0,0,25,18,0,0,0,0,0,0,12,0,0,2,0,0,0,0,0,0,0,0,17,0,0,0,0,0,0,0,0,0,0,0,0,0,0,0,0,0,0,0,0,0,0,0,0,0,0,0,0,0,0,0,0,0,0,0,0,1,0,0,0,0,0,165,63,0,0,0,46,0,0,0,0,15,0,0,0,0,0,1551,0,0,0,0,0,0,0,0,0,0,271,6,0,0,0,1,24,0,2,0,0,0,0,0,0,0,0,21,34,0,0,0,56,0,0,0,0,0,0,0,0,10,0,0,0,11,1,0,0,0,0,0,0,0,0,0,0,1,0,1,0,0,0,0,1,0,0,0,0,0,584,0,0,0,0,0,0,0,0,0,0,0,1,0,1,0,0,6,0,0,0,0,0,0,0,1697,0,0,0,0,1,1,0,0,0,0,0,0,0,0,0,0,0,0,0,0,0,0,0,0,0,0,62,0,0,172,0,0,0,0,0,0,0,0,1,0,0,0,0,0,0,0,0,0,0,0,0,0,0,0,0,0,0,0,0,0,0,0,0,0,0,87,0,0,67,2,0,0,0,0,0,2738,0,0,0,0,1,0,0,0,139,0,0,0,0,0,11,0,19,0,0,16,0
"541",0,0,1,8,17,0,0,60,0,0,0,22,2,0,19,0,0,5,0,1,103,138,0,443,0,21,0,0,17,0,66,1,9,94,0,0,2,0,0,0,0,0,1,0,0,120,0,1,0,0,2,32,0,0,5,3,0,0,0,443,7,0,0,0,0,38,89,0,0,0,35,0,0,151,0,0,0,0,0,631,7,1,0,0,71,0,8,0,0,352,0,11,151,0,103,44,0,1,0,0,0,2,0,2,21,0,373,104,0,0,0,0,0,195,0,0,0,0,40,11,0,8,122,1,14,2,0,0,3,0,1,3,0,5,0,0,7,19,2,0,7,0,0,0,1,0,3,10,0,0,3,28,0,3,0,0,0,0,0,11,0,6,0,0,0,0,0,0,0,1,0,0,4,0,0,0,0,0,537,0,0,0,0,0,5,0,0,7,0,0,0,31,1,0,0,0,0,0,0,0,295,0,0,37,0,169,2,0,0,29,1,12,0,1,1,0,12,47,270,0,70,1,0,0,0,19,0,0,196,0,243,1,0,0,0,0,0,0,0,2,0,0,180,0,0,0,0,0,0,0,0,0,33,0,0,2,14,0,0,1,0,0,0,0,0,0,0,0,0,8,0,0,57,0,1,0,0,1,0,1162,0,0,88,0,0,0,0,0,0,7,0,0,1,0,0,0,10,0,0,173,0
"542",0,0,0,4,0,0,0,0,0,0,0,0,0,0,1,0,0,0,0,0,0,5,0,200,0,2170,0,0,23,52,2659,0,0,1,0,0,0,346,0,0,16,0,0,0,0,0,0,0,0,0,0,89,2,0,0,11,1,0,0,0,0,0,0,0,0,0,120,0,0,0,0,0,0,16,0,0,0,0,0,264,0,0,0,0,0,1,0,0,0,12,0,0,3,0,0,0,0,0,6,0,0,6,0,0,0,0,0,345,0,0,0,0,0,0,0,6,0,0,0,0,20,0,0,1,18,0,0,0,4,0,0,13,0,6,0,0,0,11,0,0,1,0,0,0,0,0,0,0,3,0,3,0,0,11,0,4,0,0,0,0,0,0,0,0,0,0,0,0,0,0,0,0,0,0,0,0,0,0,0,0,0,0,8,0,0,0,0,0,0,0,0,130,2,3,0,0,0,0,0,0,0,0,0,0,0,49,0,0,0,8,0,0,0,0,0,0,0,0,132,0,0,0,0,0,0,0,0,0,0,0,0,0,0,867,0,0,0,0,0,0,0,1,0,0,0,0,0,0,0,0,0,4,0,0,0,0,5,0,0,0,1,0,0,1,309,0,0,0,0,154,0,0,34,5,0,0,0,0,0,1642,0,0,88,0,0,0,0,6,0,0,0,0,0,0,18,0,8,0,0,71,0
"543",0,0,0,0,0,0,21,0,0,0,0,0,2,302,49,0,0,0,0,0,0,0,0,0,0,2639,0,0,219,0,0,0,0,44,0,0,1,180,0,1,0,0,0,0,0,0,0,0,3,0,1,0,0,0,0,0,0,0,0,0,0,34,0,0,0,0,221,0,2,0,0,0,0,0,0,0,0,0,0,138,0,0,0,0,0,3,0,1,0,0,0,12,7,0,0,0,0,0,110,0,0,1,0,0,0,0,0,850,0,0,0,0,0,0,0,0,0,0,0,0,0,0,0,1,0,0,0,0,0,0,0,0,0,0,0,0,0,0,0,0,0,0,0,0,0,0,0,0,0,0,0,14,0,0,0,0,0,0,103,0,1,0,0,0,0,0,0,0,0,0,0,0,6,0,0,0,0,40,237,0,0,0,0,0,0,0,0,0,0,0,0,70,0,29,0,0,0,0,0,0,0,0,0,229,316,0,0,0,0,0,0,0,0,0,0,0,0,0,0,0,5,0,0,0,0,0,0,0,0,0,0,1,0,308,0,0,0,0,0,5,0,0,0,0,0,0,0,0,0,0,1088,0,0,0,0,0,0,0,0,0,0,0,0,0,0,4,0,0,0,6,11,0,110,0,5,0,0,0,0,2475,0,0,0,0,0,1,0,0,0,0,0,0,0,0,0,0,0,0,0,95,0
"544",0,4,0,0,0,0,20,45,0,0,0,0,2,295,1,0,0,0,0,0,105,0,0,196,0,3966,0,0,0,0,0,0,0,15,0,0,0,0,0,0,7,0,1,0,0,92,0,0,0,0,2,0,0,0,0,3,0,0,0,622,0,6,0,0,0,0,0,0,68,0,27,0,0,46,0,0,0,0,0,184,40,0,389,0,24,0,0,0,0,3,0,2,45,0,0,0,11,0,0,0,0,1,0,0,0,0,4,104,0,0,0,0,0,16,0,0,0,0,40,6,0,0,0,1,14,2,0,0,0,0,1,3,0,0,0,0,7,24,0,0,0,0,0,0,1,938,3,0,0,0,3,1,0,0,0,0,0,0,0,11,0,0,0,0,0,0,0,0,0,1,0,0,167,0,0,0,0,0,4,0,0,0,0,0,0,0,0,0,0,0,0,31,1,0,0,0,0,0,0,0,0,0,0,0,0,1,0,0,0,0,0,0,0,1,1,0,12,0,1,0,59,1,0,0,0,0,0,0,64,0,152,0,0,0,18,0,0,0,0,2,0,0,0,0,0,0,0,0,0,0,0,0,0,1,0,0,0,0,0,0,0,0,0,0,1,0,0,0,0,157,0,0,15,0,0,0,0,0,0,10,0,5,428,0,0,18,0,0,0,0,0,0,0,0,0,0,11,0,0,9,0
"545",0,175,0,43,0,1,36,0,0,0,0,0,20,0,29,0,1,0,0,0,0,13,0,41,0,2275,4,0,5,0,0,0,0,0,0,0,0,0,13,0,10,0,0,0,0,0,0,0,0,0,25,244,0,0,0,6,0,0,0,0,4,0,2,31,0,35,0,0,14,0,41,0,0,0,0,0,0,0,1,4,0,0,295,0,0,3,8,0,0,42,0,32,94,0,0,0,0,0,23,0,0,0,0,89,0,0,0,935,0,0,0,0,0,0,0,0,0,0,26,0,20,0,0,11,84,0,63,0,0,0,0,2,0,0,0,2,1,47,0,0,48,0,0,6,0,0,0,3,11,0,7,0,0,0,1,0,16,0,0,0,0,0,0,3,0,0,0,3,0,0,2,0,1,1,0,0,2,1,0,2,0,5,0,0,0,4,0,0,0,0,6,25,1,5,0,0,0,0,0,0,0,0,0,682,0,39,0,0,2,11,0,0,0,0,1,0,0,0,2,0,0,0,0,0,0,0,0,0,83,0,129,0,0,375,0,0,0,0,0,0,0,0,0,0,54,10,0,1,0,0,0,0,5,0,9,4,0,0,0,14,0,0,0,1,0,0,0,0,0,980,0,0,809,0,0,0,0,0,6,1440,0,0,282,0,0,0,0,0,21,0,0,0,0,0,0,0,9,0,0,27,0
"546",0,0,0,0,0,0,0,0,0,0,0,0,0,0,49,0,69,0,0,0,0,44,0,0,0,2147,0,0,261,34,0,0,0,0,0,0,0,209,0,0,4,0,1,0,0,49,0,2,0,0,1,0,0,0,0,0,0,0,0,23,0,0,10,0,0,0,88,0,0,0,46,0,0,0,0,0,0,0,0,4,0,11,0,1,0,1,109,1,0,0,0,33,0,0,0,21,20,0,0,0,0,14,0,0,1,3,4,104,0,0,0,0,0,16,3,0,0,0,318,0,0,0,0,1,14,2,95,14,2,0,1,3,0,0,0,0,7,0,0,0,42,0,0,0,1,0,3,0,0,0,3,1,0,0,0,0,0,0,135,11,0,1,0,0,0,0,0,0,0,0,12,1,4,0,0,0,0,0,171,0,0,0,0,0,3,0,0,0,0,0,5,31,1,0,0,0,0,0,0,315,0,0,3223,19,291,118,8,9,0,33,0,0,0,1,1,0,71,92,1,0,68,1,0,0,0,0,0,0,2,0,85,0,0,287,0,0,0,27,1,2,0,0,0,0,5,0,0,0,0,0,0,2,0,0,0,4,9,0,20,0,0,0,0,6,0,0,0,0,0,1,0,87,734,0,5,0,0,15,20,7,0,0,1097,0,0,0,0,1,0,0,0,0,0,0,0,0,0,0,0,135,0
"547",0,10,0,0,0,0,13,90,0,0,0,0,1,0,5,0,0,0,0,4,136,134,0,3,0,1,0,0,38,0,26,0,0,56,0,0,43,466,2,0,0,0,1,70,0,73,0,0,0,0,0,0,0,0,134,0,0,0,0,238,0,0,0,0,0,0,232,0,79,169,27,0,0,0,0,0,0,0,0,0,0,0,11,0,0,0,0,0,0,184,0,3,139,0,0,0,0,0,101,3,0,0,0,0,0,0,4,4343,0,0,0,0,0,364,0,8,1,0,40,0,0,0,0,1,74,2,0,0,0,0,75,3,0,0,0,0,7,3,0,0,18,0,0,1,1,0,3,0,5,0,3,1,1,15,0,0,24,1,0,11,0,0,0,0,0,0,0,0,0,1,0,0,4,0,0,0,0,83,4,1,0,0,0,6,18,0,0,0,0,0,0,31,1,0,0,0,0,0,0,0,0,0,0,118,0,1,0,0,0,7,0,0,0,1,53,0,116,37,1,0,0,1,0,0,0,0,0,0,152,0,2,0,0,9,0,0,0,0,0,2,0,0,0,0,6,0,0,0,0,0,0,0,0,0,0,1,12,0,0,16,0,0,0,1,2,0,0,0,0,1,0,0,37,100,1,0,0,0,0,2118,1,0,390,0,0,0,0,0,0,20,0,0,0,1,282,0,8,0,0,54,0
"548",0,0,0,29,0,0,24,16,0,0,0,0,2,0,274,0,0,0,0,0,34,15,0,173,0,67,0,0,138,0,0,0,0,0,0,0,1,4,0,0,8,0,1,68,0,25,0,0,0,0,20,41,0,0,0,3,0,0,0,1,28,0,1,0,0,0,0,0,13,0,41,0,0,0,0,0,0,0,0,3,0,0,10,0,0,0,0,0,0,237,0,8,13,0,0,18,0,0,40,0,0,0,0,0,0,0,4,451,0,0,11,0,0,216,0,0,0,0,40,0,0,0,0,1,14,2,0,0,2,0,1,876,0,1,0,90,7,0,0,0,0,0,0,0,1,0,3,35,0,3,3,1,0,0,0,0,0,0,0,158,0,0,0,0,0,0,0,0,0,4,0,0,4,0,0,0,0,0,41,0,0,0,0,0,3,0,0,0,0,0,0,130,1,0,294,0,0,0,0,0,0,0,0,0,0,1,0,0,0,33,0,0,0,1,1,0,12,0,54,0,0,1,0,0,0,0,0,0,157,0,227,0,0,1057,0,0,0,0,0,2,0,0,0,0,0,0,0,0,3,0,0,0,0,0,6,0,0,0,0,9,1,0,0,2,0,0,0,0,0,15,0,0,1622,0,0,0,0,0,1,2664,0,0,41,0,0,0,0,0,1,0,0,0,0,0,38,0,0,0,0,16,0
"549",0,0,0,1,0,0,3,0,0,0,0,0,0,0,0,0,2,0,0,0,0,20,0,0,0,339,0,0,0,0,0,0,0,0,0,0,0,32,0,0,0,0,1,0,0,0,0,0,0,0,0,0,0,0,0,0,0,0,0,1,0,49,0,77,4,0,0,8,0,20,1,0,0,0,0,735,0,0,0,8,0,0,0,0,0,66,0,0,0,29,11,1,0,0,0,0,0,0,59,0,0,0,0,12,6,0,4,1756,55,0,2,0,0,16,0,0,0,33,40,0,0,0,0,1,14,2,0,0,0,198,1,3,0,0,0,0,7,28,0,0,12,0,0,0,1,0,27,0,0,0,3,1,0,10,0,0,0,0,0,11,0,0,0,0,0,1,1,0,0,0,20,1,4,0,0,0,0,108,4,1,0,2,0,0,4,0,0,0,0,2,0,31,1,6,0,0,0,1,0,0,0,0,0,0,0,20,0,0,0,0,0,0,4,1,1,1,12,13,1,0,0,25,0,0,0,0,0,0,2,0,2,0,0,407,0,0,3,32,1,2,0,0,0,0,0,0,0,0,0,0,63,1,0,0,87,2,19,6,0,0,1,0,0,2,0,0,20,186,203,6,0,0,810,0,0,0,0,1,11,2604,0,0,0,0,0,0,0,0,2,0,0,0,0,0,568,0,1,0,0,0,62
"550",1,1,0,0,0,0,1,0,0,0,0,0,0,0,18,0,0,0,0,0,0,0,0,0,0,1256,0,0,0,61,148,0,0,9,0,0,11,0,0,0,0,0,0,37,0,269,0,0,0,0,0,0,0,0,4,0,0,0,0,0,0,0,0,0,0,0,0,0,10,0,0,0,0,0,0,0,0,0,0,3,0,0,0,0,0,0,29,0,0,0,0,0,0,0,0,0,0,0,32,0,0,13,0,0,2,0,0,5342,0,0,3,0,0,51,0,0,0,3,0,0,0,0,0,1,28,0,0,0,0,0,14,0,0,0,0,0,1,0,0,0,0,0,0,0,103,0,0,0,0,0,9,0,0,0,0,0,0,0,0,34,0,0,0,2,0,0,0,0,0,0,0,0,0,0,0,0,0,0,0,0,0,1,0,0,0,0,0,0,0,0,0,24,0,0,0,0,0,0,0,0,0,0,0,20,0,0,0,0,2,0,0,0,0,0,0,0,80,0,1,0,0,0,0,0,0,0,0,0,0,0,0,0,0,79,0,0,0,0,0,0,0,0,0,0,0,0,0,0,0,0,0,0,0,0,0,0,0,2,0,23,0,0,0,0,0,0,0,0,0,0,0,1,177,0,0,0,0,0,0,1841,0,0,0,0,0,0,0,0,0,0,0,0,0,0,256,0,0,0,0,0,0
"551",0,10,0,14,7,1,35,5,0,0,0,10,2,0,127,3,0,0,0,0,0,35,0,169,0,291,0,0,108,0,45,0,0,307,10,0,15,209,20,0,6,0,0,112,0,27,0,1,0,4,4,698,0,0,222,47,0,0,0,1,20,0,0,13,0,0,11,0,0,0,23,0,0,1,0,0,0,0,0,1,19,17,11,1,47,5,18,0,0,41,0,6,5,0,0,0,0,0,56,0,0,0,0,15,3,0,0,2,0,2,5,0,0,42,0,0,0,0,84,0,15,0,0,36,1129,0,0,0,10,0,0,1,0,6,0,0,193,56,0,2,0,0,0,0,0,0,2,12,8,0,4,0,0,1,0,0,0,0,0,25,0,0,0,0,0,0,3,0,0,0,6,0,2,2,0,0,0,12,83,0,0,0,0,0,0,0,0,0,0,0,1,156,3,0,522,0,0,0,0,0,0,0,0,1,0,10,0,10,1,41,5,0,0,0,7,1,1,0,7,0,0,0,0,0,1,156,0,0,30,0,18,1,0,117,0,0,2,0,0,15,0,136,0,0,2,0,0,2,0,0,27,1,0,46,6,19,0,0,15,7,5,0,0,4,1,0,41,0,0,685,19,0,850,5,10,0,0,0,0,1563,0,0,443,0,0,0,0,1,0,147,0,0,0,0,39,0,16,0,0,204,0
"552",0,5,0,59,0,4,1,0,0,0,48,0,0,0,5,0,0,0,0,0,0,38,0,168,0,2089,0,0,0,15,40,0,0,11,0,0,0,19,15,0,0,0,1,0,0,0,0,12,0,0,25,0,0,0,24,6,1,0,0,0,26,0,0,159,0,0,0,0,3,0,32,0,0,0,0,0,0,0,0,0,17,0,0,0,0,3,3,0,0,20,0,53,0,0,0,0,0,0,0,0,0,0,0,0,0,0,4,104,0,0,0,0,0,16,0,0,0,574,40,0,60,0,0,1,14,2,0,0,0,0,1,3,0,0,0,0,7,0,0,0,0,0,0,0,1,0,3,0,7,0,3,1,0,51,0,0,0,0,0,11,0,0,0,0,0,1,0,0,0,0,0,0,4,0,0,0,6,10,940,1,62,0,4,0,0,0,0,0,0,0,0,160,1,0,0,0,0,1,0,0,0,0,0,2710,0,1,0,0,0,3,0,0,0,1,1,1,12,64,357,0,0,1,0,0,0,0,0,0,70,0,2,0,0,269,0,0,12,0,2,2,1,0,0,0,0,121,0,0,0,0,0,0,13,0,31,11,50,0,0,0,0,0,0,5,2,0,0,0,16,13,0,0,0,0,0,0,0,0,0,1008,1,2,46,0,0,0,1,0,0,96,0,0,0,0,0,52,11,0,0,147,0
"553",0,0,0,0,0,0,1,0,0,0,0,0,0,0,1,0,0,2,0,0,0,0,0,0,0,746,0,0,5,11,561,0,0,197,0,0,5,334,0,0,0,0,1,0,0,185,0,5,0,0,0,0,0,0,0,0,0,0,0,115,0,0,2,0,0,0,0,0,0,0,0,3,0,14,0,3,0,0,0,0,0,7,0,0,0,0,0,4,0,290,0,4,21,0,47,0,0,0,0,0,0,0,0,0,0,3,4,514,0,0,0,0,0,16,1,0,0,0,40,0,0,0,0,1,1204,2,0,0,0,0,1,3,0,0,0,0,7,0,0,0,44,0,0,0,346,0,3,0,0,0,3,1,0,7,9,0,0,0,0,11,0,0,0,0,0,0,0,0,0,0,0,1,4,0,11,0,4,0,4,0,0,0,0,0,54,0,0,2,0,0,0,31,1,0,0,0,0,0,0,0,0,0,0,0,0,249,14,1,0,0,0,0,0,1,1,0,12,31,721,0,0,1,0,0,0,0,0,0,2,0,2,0,0,290,0,0,0,0,0,2,3,0,0,0,0,0,0,0,0,0,0,0,0,1,28,0,0,0,0,7,0,0,0,3,0,0,0,0,0,0,0,109,135,0,1,0,0,5,0,1478,0,0,975,0,0,1,0,0,0,101,0,0,2,0,0,0,0,0,0,114,0
"554",0,0,0,7,0,0,20,0,0,0,0,10,0,44,49,0,0,0,4,0,0,0,0,103,0,4,0,0,0,3,0,0,0,44,0,0,15,585,0,0,14,0,0,0,0,86,0,0,0,0,14,73,0,0,0,7,2,0,0,227,9,116,0,0,0,62,0,0,38,0,0,0,112,36,0,49,0,0,0,72,93,0,0,0,1581,0,0,0,0,0,0,0,15,0,0,0,0,0,0,0,0,0,0,18,9,0,0,855,0,0,0,0,0,23,0,0,0,0,174,4,35,0,0,0,23,0,0,0,0,0,0,196,0,0,17,90,0,0,0,0,1,0,0,0,0,0,0,8,0,0,7,32,0,0,0,0,0,0,0,0,0,0,1,0,0,0,0,0,0,3,1,0,2,0,0,0,0,910,0,0,0,0,0,0,23,0,0,0,0,0,0,26,0,0,22,0,0,6,0,0,0,0,0,0,0,3,0,0,0,0,0,0,0,0,51,0,30,0,3,18,0,0,0,0,0,0,0,0,0,29,0,0,0,29,0,0,1,0,0,0,0,0,0,0,0,0,0,0,0,0,0,0,75,0,0,0,0,1,0,96,0,0,0,0,16,0,0,0,26,928,0,0,32,0,0,0,13,22,21,2065,0,0,535,0,0,0,0,0,0,0,0,0,0,0,0,0,0,0,0,27,0
"555",0,1,0,233,0,2,2,0,0,0,7,8,0,0,103,0,0,0,0,0,0,0,0,443,0,2845,1,0,92,40,26,0,101,0,0,0,0,0,0,0,25,0,0,13,0,0,0,0,0,0,0,620,0,0,0,5,4,4,0,0,15,0,0,0,0,0,0,10,20,0,0,0,4,3,0,216,0,0,0,0,70,0,0,0,0,31,0,0,0,0,0,8,0,0,0,0,0,0,0,0,0,329,2,75,2,0,0,627,24,0,1,0,0,0,0,0,0,11,0,0,66,0,0,3,73,0,0,0,1,0,0,0,0,0,129,0,752,59,0,0,41,0,0,0,0,0,0,4,4,0,0,6,0,4,3,0,0,0,0,0,0,0,0,0,0,0,0,0,0,1,0,0,0,0,88,0,0,0,41,1,0,0,0,0,1,0,0,0,0,0,0,0,18,30,0,0,0,0,0,0,0,2,0,0,0,23,3,0,0,10,0,0,0,0,0,1,0,0,3,0,0,15,0,0,0,0,0,0,48,0,0,0,0,1678,0,12,1,0,0,21,0,0,0,0,0,0,0,0,0,66,0,0,1,2,3,21,7,0,0,0,0,0,0,0,0,0,0,0,3,0,0,0,640,0,0,0,0,0,1,0,0,0,0,0,0,0,0,0,0,0,0,0,0,0,95,0,0,0,0,0,0
"556",0,22,0,0,0,0,0,0,0,0,0,0,0,0,0,0,0,0,0,0,0,3,0,6,0,1052,0,0,10,0,13,0,0,59,0,0,27,1,0,0,0,0,1,1,0,523,0,1,0,0,0,0,0,0,0,0,0,0,0,12,0,0,0,0,0,0,149,0,0,0,0,0,0,0,0,0,0,0,0,55,0,0,75,0,0,0,0,0,0,27,0,0,0,0,0,0,0,0,0,0,0,0,0,20,0,0,4,2545,0,0,0,0,0,16,1,0,0,2,40,0,0,0,0,1,1019,2,0,0,0,0,1,60,0,2,0,0,7,0,0,7,864,0,0,0,1,0,3,0,0,0,3,1,84,0,0,0,0,0,0,11,0,0,0,0,0,0,0,0,0,0,0,29,4,0,0,0,3,0,137,0,0,0,0,0,0,0,2,0,0,0,3,31,1,0,0,0,0,0,0,0,0,0,0,0,0,1,0,0,0,0,1,0,0,1,1,0,72,0,33,0,0,1,0,0,0,0,0,0,2,0,2,0,0,1266,0,0,0,0,0,2,0,0,0,0,0,13,2,0,0,0,0,1,6,0,0,0,25,0,1,0,0,0,0,0,42,0,0,0,0,981,0,0,0,1,0,0,0,0,1,1583,0,0,205,0,0,0,0,0,14,0,0,0,0,0,0,1,48,0,0,3,0
"557",0,5,0,2,0,0,0,15,0,0,0,4,1,235,7,0,0,0,0,0,11,16,0,92,0,2206,0,0,13,10,399,0,0,59,0,0,10,109,0,5,7,0,0,53,0,144,0,2,0,0,2,18,0,0,3,4,1,0,0,102,12,37,0,2,0,0,295,0,0,0,70,2,0,94,0,1,0,0,0,203,9,0,3,0,0,1,0,1,0,79,0,16,2,0,0,18,0,0,26,0,0,0,0,9,0,0,0,1043,0,0,0,0,0,72,3,0,0,1,69,0,0,0,0,1,8,0,0,0,3,0,5,172,0,0,2,0,2,7,0,0,29,0,0,2,0,0,29,3,2,9,21,57,0,0,1,0,0,0,7,99,0,0,0,0,0,0,1,0,1,0,6,0,1,0,0,0,0,97,363,2,0,0,0,0,48,0,0,49,0,0,0,61,5,1,0,0,0,2,0,0,0,0,0,0,0,93,4,0,0,5,0,1,0,0,2,1,28,0,238,0,0,1,0,0,0,0,0,0,40,0,200,1,0,549,0,0,4,0,1,21,0,0,0,0,0,2,0,0,0,26,0,1,15,0,29,8,2,2,4,61,11,0,0,1,11,0,0,0,147,91,0,0,28,0,6,0,1,0,7,1348,1,0,171,0,0,0,0,0,0,3,0,0,0,0,0,31,24,0,0,89,0
"558",0,0,0,47,0,0,5,0,0,0,32,0,0,0,2,0,0,0,0,5,7,0,0,168,0,1833,0,0,226,75,69,0,0,394,0,0,56,13,0,11,130,0,1,76,0,120,0,0,0,0,3,161,0,0,0,5,0,0,0,0,0,29,0,0,0,68,119,0,0,0,0,0,0,32,632,0,0,0,0,46,0,0,0,0,14,0,0,0,2,41,10,1,0,0,0,0,0,0,65,0,0,0,0,0,4,1,4,850,0,0,0,0,0,16,0,0,0,0,40,0,0,0,0,1,14,2,0,0,3,0,1,114,0,14,0,0,7,0,0,0,0,0,0,0,1,0,3,0,14,0,3,1,0,0,0,0,0,0,0,11,0,0,0,1306,3,1,0,0,0,8,0,0,4,2,0,0,0,34,4,0,7,5,0,0,26,0,0,0,0,0,0,31,1,0,0,0,0,0,0,0,0,0,0,0,0,72,0,0,0,20,0,0,0,1,1,0,89,0,1,8,103,1,0,0,0,0,0,0,2,0,52,1,1,105,0,0,0,0,0,2,0,0,0,0,0,49,0,0,0,0,0,0,39,1,42,0,30,1,1,0,0,0,0,0,0,0,0,0,0,116,0,3,734,0,0,0,0,0,10,1,0,0,0,0,0,0,0,0,33,0,0,0,0,0,32,0,0,0,0,286,0
"559",0,1,0,0,0,1,0,0,0,0,0,0,0,0,82,0,0,0,0,0,0,3,0,32,0,968,0,0,22,108,0,0,0,32,0,0,16,0,0,0,0,0,1,0,0,174,0,0,0,0,0,0,0,0,0,0,0,0,28,1,0,0,0,2,0,0,11,0,0,0,0,0,0,0,0,0,0,0,0,19,0,0,0,0,0,0,0,0,0,86,0,5,11,0,0,0,0,0,8,0,0,11,0,3,7,0,4,637,0,32,0,0,0,16,0,0,0,0,40,0,0,0,0,1,320,50,0,0,0,0,1,53,0,0,0,0,87,0,0,0,66,0,0,0,1,0,3,0,0,0,3,1,1,0,0,0,0,0,0,11,0,0,0,0,0,1,0,0,0,11,0,0,4,0,0,0,0,0,4,6,0,4,0,0,0,0,0,0,0,0,0,31,40,8,15,0,0,0,0,0,0,0,0,4,0,1,2,0,0,45,2,0,0,1,1,0,12,0,1,0,0,1,0,0,0,0,0,0,2,0,2,0,0,2463,0,0,0,0,0,2,1,124,0,0,0,19,0,87,0,0,0,0,0,0,0,0,0,0,0,0,0,0,0,2,0,0,0,0,42,206,0,0,71,0,0,0,0,0,0,3490,0,0,0,0,0,0,0,0,0,0,0,0,0,0,277,0,16,0,0,128,0
"560",0,158,9,0,0,0,1,0,0,1,0,0,0,0,18,0,17,0,0,0,0,30,0,0,0,219,0,0,30,11,355,0,0,55,0,0,0,0,0,0,0,0,1,0,0,0,188,1,0,0,4,0,0,1,0,0,0,0,0,18,3,0,0,36,0,0,26,0,0,86,0,0,0,0,1010,0,0,0,0,14,0,0,111,0,0,4,0,0,0,0,0,2,0,0,0,158,0,0,0,0,0,0,0,0,1,0,4,3717,0,0,0,0,0,16,0,0,0,0,40,0,8,0,0,1,14,2,156,0,0,0,1,3,0,3,0,0,7,0,0,0,16,0,0,0,1,0,3,0,0,0,3,1,1,4,0,0,0,0,0,11,0,0,0,0,0,0,0,0,1,0,52,0,4,0,0,0,0,83,88,0,0,0,0,0,0,0,0,0,0,0,0,31,1,0,0,0,0,0,0,0,0,0,0,4,0,10,0,0,0,9,0,0,0,1,1,0,12,0,1,0,0,31,0,0,0,0,0,0,2,0,2,0,0,3,0,0,2,0,0,2,0,0,0,0,10,0,0,0,0,0,0,0,0,0,0,27,35,0,0,0,31,0,0,3,0,0,0,0,26,25,11,0,292,6,0,0,0,0,0,3451,0,0,246,0,0,0,0,0,0,25,0,0,0,1,0,7,2,0,0,21,0
"561",0,0,0,0,0,0,0,0,0,0,0,0,0,1,22,1,0,0,0,0,2,15,0,0,0,3379,1,0,55,142,0,0,2,1,0,0,0,0,0,0,0,0,1,13,0,0,0,1,0,0,0,0,0,0,0,0,0,0,0,0,0,2,0,0,0,0,0,0,0,0,0,0,0,5,0,0,0,0,0,1,0,1,143,0,1,0,49,0,0,21,0,58,0,0,0,0,0,0,6,0,0,0,3,0,1,0,4,2571,0,0,0,0,12,102,3,0,0,0,137,1,0,0,0,1,829,2,0,0,0,0,55,39,0,0,0,52,1412,0,0,0,0,0,0,0,1,0,39,13,3,0,13,1,0,0,99,0,47,0,0,11,0,0,0,0,0,0,0,0,1,0,7,0,4,0,0,0,0,0,137,0,0,0,0,0,7,0,1,0,0,0,0,116,1,0,0,0,0,1,0,0,0,0,0,0,0,7,0,0,0,0,0,0,0,1,1,0,87,0,362,0,514,1,0,0,0,0,0,0,22,0,21,0,0,184,0,0,0,0,0,2,0,0,0,0,0,0,0,0,0,0,0,2,11,0,3,1,0,0,1,9,2,0,0,0,0,0,0,0,0,22,0,2,999,0,0,0,0,0,6,7,0,0,80,0,0,0,0,0,0,8,0,0,0,0,0,0,28,0,0,78,0
"562",0,0,0,2,0,0,0,0,0,0,0,0,0,0,0,0,0,0,0,0,0,374,0,0,0,4128,0,0,0,14,31,0,0,12,0,0,0,0,0,0,0,0,0,0,0,0,0,1,0,0,0,0,1,0,0,0,0,0,0,0,0,0,0,0,0,0,0,0,0,0,0,0,0,0,0,0,9,0,0,96,0,0,1,0,0,0,133,0,0,0,0,0,413,0,0,0,0,0,0,0,0,0,0,0,0,0,0,0,0,0,0,0,31,720,0,0,0,0,34,0,0,0,0,0,0,0,0,0,0,0,0,0,0,0,0,3,0,0,0,0,147,0,0,0,0,0,0,0,0,0,0,0,0,0,0,0,0,0,23,179,0,0,0,0,0,0,2,0,0,0,0,0,0,0,0,21,0,225,0,0,0,0,0,0,0,0,0,0,0,0,3,299,0,0,0,0,0,0,0,0,0,0,0,0,1276,172,0,0,0,0,0,0,0,0,32,0,0,0,0,0,0,0,0,0,0,0,0,0,0,0,0,0,0,0,0,0,0,0,0,0,0,0,0,0,19,0,0,0,0,0,0,0,0,0,6,84,12,0,0,0,0,0,0,17,0,0,93,0,0,18,0,0,808,0,0,0,0,0,2,0,0,0,153,0,0,0,0,0,0,16,0,0,0,8,0,12,0,0,0,369,0
"563",0,0,0,0,13,3,0,0,0,3,0,14,0,0,26,0,0,0,0,0,0,0,0,246,0,4,0,0,0,273,0,0,0,0,0,0,6,878,0,0,40,0,1,252,0,0,0,0,0,0,0,46,0,0,0,10,4,0,0,168,0,0,0,5,0,0,0,0,8,0,0,0,2,0,0,303,0,0,0,0,76,0,0,0,830,0,0,0,0,0,0,8,0,0,0,0,0,0,0,0,0,0,0,77,0,0,4,104,0,0,0,0,0,16,0,0,0,4,40,0,0,0,0,1,14,2,0,0,0,0,1,3,0,1,0,99,7,26,5,0,0,0,0,0,1,0,3,0,0,0,3,1,0,0,0,0,0,0,0,11,0,8,0,0,0,1,0,0,0,0,0,0,4,0,0,0,1,0,4,13,0,0,0,0,0,0,0,0,0,25,0,31,1,0,0,0,0,0,2,0,0,0,0,0,0,1,7,0,0,8,2,0,0,1,1,0,12,0,1,0,0,1,0,0,0,0,0,411,2,0,2,1,0,0,0,0,0,7,0,2,0,0,0,0,0,0,0,0,3,0,0,0,0,0,0,0,35,0,0,0,0,0,0,11,294,0,0,0,0,88,0,0,114,0,2,0,0,0,0,0,0,0,0,0,0,0,42,0,0,0,0,0,9,1,0,0,0,0,0,0,0
"564",0,0,1,0,0,0,2,0,0,0,0,0,0,0,5,0,0,0,0,0,0,0,0,0,0,1502,0,0,62,16,0,0,0,72,0,0,7,0,0,0,0,0,1,72,0,110,0,0,0,0,0,0,0,2,18,0,0,1,0,0,0,0,0,0,0,0,0,0,0,169,25,0,4,0,0,0,0,1,0,0,0,0,12,0,0,0,194,0,0,6,0,59,4,0,0,0,0,0,5,0,0,15,0,0,7,0,4,1584,0,0,0,0,0,16,0,8,0,0,224,0,12,0,0,1,14,2,0,0,0,0,1,3,0,2,0,1,277,0,0,0,8,0,0,0,1,0,3,0,0,0,3,77,0,9,207,0,0,0,0,292,0,0,0,620,0,0,0,0,0,2,0,0,4,0,10,0,2,446,4,0,0,0,0,0,0,0,0,0,0,0,0,31,1,0,0,0,0,1,0,0,0,0,0,0,0,1,14,1,0,16,0,0,0,1,1,0,12,190,1,0,375,1,0,19,3,0,0,0,2,0,2,1,0,953,0,0,0,0,0,2,1,0,0,0,0,49,0,0,0,0,0,0,0,0,52,17,0,0,16,20,0,0,0,14,2,0,0,0,0,433,0,0,305,0,1,0,0,0,0,1113,0,1,420,0,0,15,0,0,0,0,0,0,0,0,1,0,0,0,0,291,0
"565",0,0,0,0,0,0,1,0,0,0,0,0,0,0,96,0,0,0,0,0,0,0,0,2,0,3519,0,0,38,9,488,0,0,343,0,0,10,0,0,0,0,0,1,0,0,0,0,0,0,0,0,0,0,0,0,0,0,0,0,0,0,0,0,0,0,0,0,0,0,0,0,0,0,0,0,0,0,0,0,0,0,0,0,0,0,1,0,0,0,186,0,0,6,0,0,46,0,0,0,0,0,0,0,0,0,0,4,104,0,0,2,0,2,817,0,12,0,0,239,0,0,0,0,1,530,2,0,0,0,0,1,3,0,0,0,0,1338,0,0,0,33,0,0,0,1,0,3,0,0,0,3,1,2,0,0,0,0,0,0,11,0,0,0,0,0,0,0,0,0,0,0,0,4,0,0,0,0,0,68,0,0,0,0,0,0,0,0,0,0,0,0,31,1,1,0,0,0,0,0,0,0,0,0,0,0,1,0,0,0,4,0,0,0,1,1,0,12,0,1,0,10,1,0,0,0,0,0,0,2,0,2,0,0,623,0,0,0,0,0,2,0,1,0,0,8,0,0,0,0,0,0,0,0,0,8,5,0,0,0,1,0,0,0,1,0,0,0,0,0,0,0,0,10,3,0,0,0,0,0,3956,0,0,1,3,0,0,0,0,0,0,0,0,0,0,0,0,1,0,0,55,0
"566",0,175,1,0,0,0,1,43,0,0,0,0,0,0,153,0,0,0,0,0,86,38,0,108,0,2133,0,0,17,3,45,0,0,50,0,0,30,45,15,0,0,0,1,37,0,17,0,0,0,0,20,148,0,0,0,3,0,2,0,108,22,0,0,0,0,0,47,0,3,3,23,0,0,0,0,0,0,0,0,93,0,1,1,0,0,4,0,0,0,84,0,42,6,0,0,0,0,0,49,0,0,59,0,0,0,0,4,2377,0,0,0,0,0,16,0,74,0,5,159,0,0,0,0,25,105,2,0,0,0,0,1,3,0,0,6,0,7,21,0,0,57,0,0,0,1,0,3,0,0,0,18,69,0,9,0,0,0,0,0,11,0,0,0,0,1,0,0,0,0,0,0,0,4,0,0,0,0,132,44,0,0,0,0,0,9,0,0,0,0,0,0,176,1,0,0,0,0,0,0,0,0,0,0,0,0,93,3,0,5,2,0,0,0,1,26,1,148,0,196,0,0,1,0,0,0,0,0,0,2,0,191,0,0,1051,0,0,0,0,0,2,0,0,0,0,0,0,0,0,0,0,170,3,104,0,71,16,47,0,19,0,2,0,2,6,0,0,0,0,0,11,0,49,20,0,2,0,19,3,0,3201,1,0,6,0,0,0,0,27,0,0,0,0,0,0,0,42,5,0,0,20,0
"567",0,0,0,8,0,0,0,0,0,0,0,10,0,867,11,0,0,0,0,0,0,27,0,0,0,3920,0,0,8,6,0,0,27,74,4,0,14,0,0,0,6,0,1,0,0,228,50,0,0,0,7,27,0,0,0,3,0,0,0,325,5,116,0,1,16,0,0,9,0,0,0,0,0,635,0,0,0,0,0,0,47,0,0,0,593,0,0,0,0,0,0,0,36,0,39,0,0,0,33,0,0,18,0,0,8,0,4,104,17,0,0,0,0,16,0,0,0,0,40,20,35,0,0,1,14,2,0,0,0,0,1,3,0,0,0,0,7,0,0,0,21,0,0,0,1,0,3,44,0,0,29,1,0,0,0,0,0,0,102,11,0,0,0,0,0,0,0,0,0,0,0,0,4,0,0,0,2,0,4,20,0,0,0,1,0,0,0,0,0,0,0,31,1,0,270,0,0,0,0,0,0,1,0,0,0,31,3,0,0,0,0,0,8,1,1,0,12,0,1,0,2,1,52,0,0,94,0,0,2,0,384,0,0,436,0,0,5,0,1,2,0,0,0,0,0,0,0,0,0,0,0,0,0,0,0,0,10,0,0,35,0,0,0,12,0,0,0,0,0,9,0,0,998,0,0,0,0,0,0,0,0,0,168,0,0,0,0,0,0,51,0,0,0,0,0,0,147,0,0,33,0
"568",0,0,0,0,0,0,1,0,0,0,0,0,0,487,0,0,0,0,0,0,0,0,0,0,0,1412,0,0,0,0,0,0,0,347,0,0,0,0,0,0,0,0,93,0,0,0,0,0,0,0,0,0,0,0,0,0,0,0,0,34,0,0,0,0,0,0,0,0,0,16,0,0,0,0,0,0,0,0,0,3,0,0,0,0,0,85,0,1,0,28,0,0,0,0,0,0,0,1,49,0,0,329,0,0,2,0,4,2504,0,0,0,0,0,256,0,0,0,0,40,4,24,0,0,1,14,2,0,0,0,0,1,114,0,0,0,0,7,9,0,0,0,0,0,0,1,0,3,0,0,0,3,1,0,0,0,0,0,0,0,11,0,0,0,0,0,0,0,0,0,0,0,0,4,0,0,0,0,5,4,0,0,0,0,0,0,0,0,0,0,0,0,31,1,0,0,0,0,0,0,0,0,0,0,0,0,1,0,0,0,0,0,0,0,1,1,0,12,0,1,0,0,1,0,0,0,90,0,0,119,0,2,0,0,105,0,0,0,0,0,2,0,0,0,0,0,0,0,0,0,0,0,0,0,0,0,31,0,0,0,0,0,0,0,0,0,0,0,0,1,6,0,0,3004,0,0,0,0,0,0,1405,0,0,319,0,0,0,0,0,0,0,0,0,0,0,26,0,9,0,0,27,0
"569",0,0,0,0,0,0,0,4,0,0,0,0,0,1,11,0,0,0,0,0,21,55,0,0,0,2255,0,0,12,0,66,0,0,11,0,0,25,117,0,0,0,0,1,15,0,1,0,0,0,0,0,0,0,0,0,0,0,1,0,28,0,26,0,0,140,2,191,0,0,39,8,0,0,0,0,0,0,0,0,178,0,1,54,0,32,1,284,0,0,64,0,0,0,0,0,0,0,0,11,0,0,0,0,1,0,0,4,4625,0,0,0,0,0,317,0,0,0,2,434,0,0,0,0,1,604,2,0,0,0,0,124,377,0,0,0,0,7,0,0,0,37,0,0,0,1,0,3,0,0,1,50,1,0,6,0,0,0,0,0,68,0,0,0,188,0,0,0,0,0,0,0,0,4,0,0,0,0,2,200,1,0,0,0,0,0,0,0,0,0,0,4,31,1,0,0,0,0,0,0,0,0,0,0,0,0,14,0,0,0,1,0,0,0,1,1,1,12,22,277,0,7,50,0,0,0,0,0,0,49,0,345,0,0,197,0,0,0,0,3,2,0,0,0,16,0,0,0,0,0,0,0,0,18,0,0,62,35,0,0,0,5,0,0,12,0,0,0,0,0,74,0,0,98,0,0,0,4,1,3,715,0,0,137,0,0,0,0,0,7,53,0,0,0,0,10,0,0,0,0,107,0
"570",0,0,0,0,0,0,1,34,136,0,2,0,1,0,15,7,11,10,0,0,28,22,0,6,0,241,0,0,38,11,56,0,0,204,0,0,158,308,0,0,0,0,0,0,0,3,0,0,0,0,0,0,0,0,0,0,0,1,0,1,0,72,0,0,0,0,14,0,0,0,23,1,0,20,0,0,0,0,0,6,0,1,232,0,823,6,39,0,0,82,0,23,3,0,0,0,0,0,66,1,0,0,0,2,3,0,104,572,0,0,0,0,0,18,0,0,0,0,182,0,0,0,0,1,259,0,0,0,0,0,18,104,0,2,0,0,307,0,0,0,18,0,0,0,0,0,21,0,1,105,17,4,0,0,0,0,34,0,0,0,0,0,0,2,0,0,0,4,0,1,0,0,1,0,0,0,0,25,0,0,0,0,0,0,18,0,0,0,51,9,0,70,25,0,0,0,0,0,0,957,0,0,0,1,0,25,0,0,1,7,0,0,0,0,20,0,32,44,257,0,0,0,0,0,0,0,0,0,31,0,802,1,0,41,0,0,0,0,0,0,0,0,0,0,0,0,13,8,0,0,0,2,2,0,32,3,4,0,16,156,0,0,0,1,1,0,0,0,0,496,0,107,85,3,2,0,0,0,48,1637,0,0,48,0,0,0,0,0,150,7,0,0,0,0,205,0,11,0,0,60,0
"571",0,13,0,10,0,0,0,16,0,1,0,0,0,50,1,0,0,3,0,0,48,6,0,52,0,397,0,0,2,0,322,0,0,38,0,0,0,230,0,0,0,4,0,64,1,1,0,3,0,0,15,99,0,0,0,13,0,0,0,407,18,81,0,2,0,0,247,7,0,0,20,0,0,93,0,0,0,0,0,144,0,0,0,0,15,1,0,0,0,19,0,0,0,0,0,0,0,0,8,0,0,1,0,0,1,0,63,139,0,0,0,0,0,77,0,0,0,0,200,0,12,0,0,1,7,38,0,0,2,0,27,223,0,3,0,1,40,0,0,0,0,0,0,0,0,0,0,0,0,1,1,5,0,0,1,0,0,0,0,78,0,0,0,222,0,0,6,0,0,0,0,0,0,0,0,0,0,0,595,13,0,0,0,0,0,0,0,0,0,2,0,22,0,0,0,0,0,0,0,0,0,0,1585,0,0,4,1,0,0,0,3,0,10,0,0,0,116,0,0,0,0,0,0,0,0,0,0,0,3,0,112,0,0,390,0,0,0,0,0,0,0,0,132,0,0,0,0,0,0,0,0,3,0,0,2,1,1,0,0,0,28,0,0,8,0,0,0,0,63,56,0,0,55,0,1,0,1,0,0,3029,0,0,60,0,0,1,0,0,0,25,0,0,0,0,33,0,5,0,0,44,0
"572",0,0,0,4,0,0,6,22,0,0,72,9,2,0,14,0,6,0,0,0,47,19,0,170,0,586,0,0,60,19,648,0,0,42,0,0,26,121,10,0,16,2,0,72,0,237,0,1,0,0,69,33,0,0,70,4,0,0,0,119,0,0,0,0,0,0,209,0,3,26,62,0,0,139,0,0,0,0,0,0,0,1,171,0,891,1,0,0,0,0,0,9,15,0,0,0,0,0,0,0,0,0,0,0,28,0,21,570,0,0,13,0,0,0,5,0,0,1,234,0,19,0,0,1,47,0,0,0,0,0,20,876,0,0,0,0,6,22,0,0,2,0,0,0,0,0,13,2,0,1,43,14,0,0,0,0,0,0,0,64,12,0,0,0,0,0,0,0,0,0,2,0,0,0,0,0,0,43,124,0,0,0,0,0,29,0,0,0,0,0,0,277,0,1,0,0,0,0,0,0,0,0,0,0,0,18,0,0,0,14,1,0,0,20,4,0,82,0,72,0,460,16,0,0,0,0,0,0,70,0,0,0,0,334,0,0,3,0,0,3,0,0,0,0,2,0,0,0,0,0,10,0,17,0,7,4,0,0,0,25,0,0,0,2,34,0,0,0,0,6,0,167,161,0,7,0,0,0,28,1105,1,0,738,0,0,0,0,0,0,20,0,0,0,0,0,0,12,0,0,34,0
"573",0,0,0,0,0,0,18,0,0,0,0,0,0,0,0,0,19,0,0,0,0,152,0,112,0,1,1,0,39,0,400,0,0,20,0,0,5,450,0,0,4,0,0,0,0,50,0,0,0,0,0,35,0,0,0,10,0,0,0,362,19,0,0,0,0,0,227,0,0,36,117,0,0,6,0,0,0,0,0,462,19,6,321,0,0,0,0,0,0,0,5,70,0,0,0,0,0,0,0,0,0,0,0,45,0,1,0,1052,0,0,0,0,0,0,0,0,0,1,204,0,0,3,0,0,0,0,0,0,0,0,0,0,0,7,11,8,0,0,0,0,3,0,0,0,0,0,0,15,0,0,23,6,1,3,0,0,0,0,0,120,0,0,0,157,0,0,0,0,0,0,0,0,1,0,0,0,0,301,570,2,0,4,0,0,21,0,0,0,0,4,0,316,0,0,0,0,0,0,0,0,0,0,0,1221,0,198,7,0,1,11,0,0,3,0,46,1,186,183,140,2,70,0,0,56,0,0,0,0,24,19,106,1,0,278,0,0,36,0,0,0,0,0,0,0,34,14,0,0,0,0,0,3,22,0,0,0,1,0,0,0,0,0,0,0,0,0,0,0,0,3,0,0,42,0,1,0,0,1,0,739,0,0,555,0,0,0,0,0,43,0,0,0,0,0,0,1,27,0,0,87,0
"574",0,0,0,0,0,0,1,0,0,0,0,0,0,0,223,7,0,0,0,0,0,0,0,0,0,1332,0,0,24,15,0,0,0,0,0,0,0,0,0,0,0,0,1,0,0,228,0,1,3,0,7,0,0,0,0,0,0,0,0,0,0,0,0,0,0,0,0,0,0,0,0,0,0,0,1069,140,0,0,0,0,0,14,0,0,0,1,21,1,0,12,0,0,18,0,0,0,0,0,0,0,0,0,1,0,0,0,4,104,0,0,0,0,1,16,0,0,2,0,40,0,0,0,0,22,83,2,0,0,0,0,57,72,0,0,10,2,7,0,1,0,39,0,0,0,1,0,29,0,0,0,3,1,0,0,0,0,0,2,0,11,0,0,0,0,0,0,0,5,0,0,0,1,165,0,7,0,0,0,4,0,0,1,0,0,0,0,0,0,0,0,0,31,1,0,0,0,0,0,0,0,0,0,0,121,0,14,0,0,0,1,0,0,0,1,1,0,12,0,43,0,0,1,0,0,0,0,0,0,2,0,2,0,0,30,0,0,0,0,0,2,0,0,0,0,5,0,0,0,0,0,0,0,7,1,0,10,2,0,0,32,0,0,0,0,0,0,0,0,0,50,0,0,0,631,6,0,0,0,0,1485,0,0,8,0,1026,0,0,6,0,40,0,0,1,0,0,0,0,0,0,3,0
"575",0,80,0,0,0,0,20,18,0,0,0,0,0,0,39,0,32,0,0,0,1,9,0,1,0,805,0,0,3,0,0,0,0,20,0,0,5,51,0,0,0,0,0,13,0,5,0,0,1,0,0,0,0,0,0,0,0,0,0,0,0,9,1,0,0,0,0,0,19,48,0,0,0,0,0,0,0,0,0,0,0,0,0,0,0,0,87,0,0,25,0,20,14,0,0,0,0,0,1,0,0,0,0,0,0,0,8,509,0,0,0,0,0,1,0,0,0,0,96,0,0,0,0,1,0,0,0,0,0,0,25,0,0,1,0,0,15,0,0,0,0,0,0,0,0,0,0,0,0,1,0,0,0,0,0,0,0,0,0,0,0,0,0,1,0,0,0,0,0,0,0,0,25,0,0,0,0,15,0,0,0,0,0,0,0,0,0,0,0,0,0,13,0,0,0,0,0,0,0,0,0,0,0,0,0,25,0,0,1,0,0,0,0,0,1,0,0,0,0,0,35,0,0,0,0,1,0,0,0,0,125,0,0,643,0,0,0,0,0,0,0,0,0,0,0,0,0,0,0,0,0,0,0,0,0,0,0,0,0,0,0,0,0,0,0,0,0,0,0,6967,0,0,32,0,0,0,0,0,0,98,0,0,0,0,0,0,0,0,0,0,0,0,0,0,0,0,0,0,0,37,0
"576",0,31,2,0,0,0,0,0,0,0,0,0,1,0,4,20,8,0,4,0,0,27,0,1043,0,1775,0,1,261,13,488,0,0,43,0,0,377,250,0,0,7,0,0,0,0,47,0,0,1,0,2,17,0,0,0,33,0,0,0,0,25,0,0,4,0,0,55,0,0,13,143,1,0,0,0,0,0,0,0,441,24,0,78,0,0,1,5,0,0,0,0,18,0,0,0,0,0,0,0,3,0,1,9,58,0,0,0,482,0,0,0,0,0,38,4,0,0,0,14,0,0,0,0,1,97,0,0,142,0,0,0,0,0,0,67,0,7,31,0,0,14,0,0,0,0,0,29,0,3,0,4,0,4,132,1,0,0,0,0,0,7,0,0,0,0,0,0,0,0,0,20,0,1,0,0,0,0,0,0,1,0,0,0,0,15,0,0,0,0,0,24,55,2,0,0,0,0,0,0,0,0,0,0,57,0,232,4,0,1,30,0,0,0,0,13,1,0,56,547,0,0,20,0,0,0,0,0,0,0,0,97,0,1,455,0,0,1,4,0,1,0,0,0,0,1,3,0,0,0,0,0,6,0,1,0,1,1,0,83,0,0,0,0,2,1,1,0,0,0,1,0,24,54,0,16,0,0,2,0,825,0,0,713,0,0,10,0,13,0,0,0,0,8,0,15,0,7,0,0,173,0
"577",0,51,0,0,0,0,0,0,0,0,0,0,0,0,10,1,5,0,0,0,0,55,0,27,0,1556,0,0,126,18,201,8,0,163,0,0,9,111,0,0,0,0,1,0,0,0,0,0,0,0,0,0,0,0,0,0,0,0,0,18,7,0,0,58,0,0,86,0,0,2,0,0,0,0,0,0,0,0,0,12,0,0,0,0,31,0,0,69,0,163,0,14,2,0,0,0,0,0,0,0,0,0,0,20,0,0,4,104,0,0,0,0,0,16,0,14,0,0,131,1,0,0,0,1,14,2,0,0,0,0,1,3,0,11,0,1,7,0,0,0,2,0,0,0,1,0,44,0,0,0,3,1,0,34,0,0,0,1,0,11,0,0,0,0,0,0,0,0,0,2,0,0,4,0,0,0,0,56,314,0,0,0,0,1,40,0,0,207,0,0,0,31,1,0,0,0,0,0,4,0,0,0,0,0,0,5,0,0,0,31,0,0,0,1,1,1,82,64,7,0,1,1,0,0,0,0,0,0,2,0,2,1,0,1129,0,0,0,0,0,2,0,0,0,0,0,0,0,0,0,0,0,5,0,0,36,2,0,0,0,0,2,0,0,2,3,0,0,0,26,2,2,0,32,0,0,0,1,0,1,1603,0,0,0,0,0,0,0,0,11,0,0,0,0,0,74,0,0,0,0,74,0
"578",0,0,0,0,0,0,136,0,0,0,0,0,0,0,0,0,0,37,0,2,0,20,0,220,0,1823,0,0,236,0,66,0,0,27,0,0,7,74,0,0,4,0,0,0,0,54,0,0,0,0,0,47,0,0,0,4,0,0,2,1,0,0,0,6,0,0,10,0,65,48,0,0,0,0,0,0,0,0,0,1,12,0,0,0,0,0,0,0,0,0,2855,0,0,0,0,0,0,0,54,0,3,20,0,0,0,0,0,180,0,50,0,0,0,0,0,0,0,0,1,0,0,0,0,0,0,58,0,9,1,0,0,38,0,0,0,0,409,11,0,4,2,0,0,0,0,0,9,0,2,1,0,0,0,0,0,0,0,0,0,55,0,0,0,505,0,0,0,0,0,0,1,0,0,0,0,0,0,0,13,0,0,0,0,0,0,0,0,0,0,16,0,54,0,0,0,0,0,0,0,2,0,0,0,0,1060,1,0,0,0,0,0,0,10,0,0,0,28,0,0,0,0,14,0,0,0,0,0,0,93,0,0,0,0,546,0,0,2,0,0,0,0,0,0,0,2,27,0,0,0,0,0,0,0,0,0,0,0,0,1,0,1,0,2,1,0,0,0,0,0,6,0,33,56,0,0,0,0,0,3,695,0,0,97,0,0,0,0,0,0,0,0,0,0,0,0,0,17,0,0,50,0
"579",0,0,0,0,0,0,1,12,0,1,12,2,0,1,25,0,0,10,0,0,5,14,0,85,0,1474,0,0,22,0,10,0,0,10,47,0,4,2,0,0,2,0,0,1,0,1,0,0,0,0,5,132,0,0,1,2,0,0,0,213,0,12,0,10,119,1,317,25,7,0,4,0,0,2,0,0,0,0,0,8,7,2,0,0,1,0,0,0,0,3,19,8,3,0,0,0,0,0,1,0,0,0,0,25,1,0,1,3988,0,8,0,3,0,26,0,0,0,1,126,1,13,0,0,1,3,5,0,0,4,1,0,67,0,3,0,24,93,9,0,0,823,0,0,0,47,0,23,4,0,8,4,37,0,30,0,0,0,0,0,23,0,0,0,1,0,0,0,0,0,0,19,2,0,0,0,0,0,27,16,0,0,0,0,0,1,0,0,0,0,3,0,32,2,0,31,0,0,0,2,0,0,0,0,0,0,193,0,0,0,0,0,0,1,1,2,0,28,13,105,1,0,1,125,0,0,0,84,0,1,0,45,0,1,123,0,0,0,0,0,0,0,0,0,0,0,0,0,6,2,0,0,0,6,0,31,48,0,1,0,7,1,9,28,0,0,0,0,19,1,80,0,9,99,0,0,0,0,0,8,600,1,0,9,0,0,0,0,0,71,5,0,0,0,0,9,0,31,1,0,24,0
"580",0,1,0,0,0,0,0,0,0,0,0,0,0,0,52,0,0,0,0,0,5,1,0,0,0,1714,0,0,14,0,3,0,0,2,0,0,3,1,0,0,0,0,1,0,0,0,0,1,0,0,0,0,0,0,0,0,0,0,0,0,0,0,0,0,0,0,13,0,0,0,20,0,0,0,0,0,0,0,0,3,0,0,0,0,0,8,0,0,0,224,0,79,5,0,0,0,0,0,0,0,0,0,2,3,0,0,4,1503,0,0,0,0,0,16,0,0,0,0,380,8,15,0,0,1,273,2,0,0,0,0,1,3,0,2,5,0,67,0,0,0,6,0,0,0,1,0,27,0,0,0,3,1,0,0,0,0,0,0,0,11,0,0,0,0,0,0,0,0,0,3,0,0,4,0,0,0,0,0,4,0,0,0,0,0,2,0,0,0,0,0,0,31,4,0,14,0,0,0,0,0,0,0,0,0,0,9,0,0,0,3,3,0,0,1,1,12,69,0,16,0,0,1,0,0,0,0,0,0,60,0,25,0,0,602,0,0,0,0,0,2,0,0,0,0,0,46,0,0,0,0,0,0,2,0,9,1,0,0,1,0,1,0,0,2,0,0,0,0,26,617,0,0,427,0,0,0,0,0,0,3451,0,0,58,0,0,0,0,0,0,6,0,0,0,118,19,0,17,0,0,50,0
"581",0,175,0,9,0,0,0,0,0,0,0,0,0,0,1,0,0,0,0,0,0,12,0,0,0,403,0,0,7,10,0,0,67,288,0,0,0,0,25,0,0,0,1,41,0,141,0,1,0,0,5,21,0,0,4,13,0,0,0,0,18,0,0,104,0,0,0,0,0,0,7,0,0,0,22,0,0,1,0,76,0,2,389,0,0,2,0,0,0,74,0,0,0,0,0,0,0,0,107,0,0,7,0,0,7,0,177,104,0,0,0,0,0,16,0,0,1,0,40,0,0,0,0,1,14,2,54,0,8,0,53,3,0,0,0,0,7,21,0,0,322,0,0,0,1,0,142,40,0,0,31,1,0,0,0,0,0,0,0,237,0,0,0,290,0,0,6,0,0,0,33,0,4,0,0,28,0,9,217,4,0,0,0,0,23,0,0,0,0,0,0,141,1,0,0,0,0,0,0,0,0,0,0,0,0,36,4,0,0,0,0,0,0,1,14,0,12,17,101,0,1,59,0,4,0,0,0,0,2,0,2,0,0,789,0,0,5,0,0,2,0,0,0,0,19,0,0,0,0,0,0,2,9,0,79,38,4,0,1,15,0,0,0,18,42,0,0,0,5,1,0,40,331,0,0,0,0,1,8,3115,0,0,574,0,0,0,0,0,0,12,0,0,0,0,0,0,27,45,0,0,0
"582",0,0,0,0,0,0,0,10,0,0,0,0,0,0,39,1,2,0,0,1,0,28,0,5,0,1490,0,0,7,0,0,0,0,2,0,0,13,4,0,0,0,0,630,0,0,120,0,0,0,0,0,0,0,0,20,0,0,0,0,28,0,32,0,0,0,0,206,0,0,0,18,0,0,0,0,0,0,0,2,14,0,0,7,0,94,0,1,0,0,85,0,2,2,0,0,14,0,0,0,0,0,0,0,0,0,0,0,12,0,36,0,0,0,94,0,0,0,0,107,0,0,0,0,0,131,0,0,0,15,0,175,972,0,1,0,0,3,1,0,0,3,0,0,0,0,0,0,0,0,0,0,0,2,0,0,0,0,0,0,85,0,0,0,0,0,0,0,0,0,0,5,0,0,0,0,0,0,0,0,0,0,0,0,0,0,0,0,0,0,0,0,119,0,0,0,0,0,0,0,1,0,0,0,0,0,47,0,0,0,23,1,0,0,0,3,0,39,0,58,0,0,0,0,0,0,0,0,0,50,0,171,0,0,2462,0,0,0,0,0,0,0,0,0,0,1,0,0,0,0,0,0,2,0,0,2,21,0,0,10,5,6,0,0,4,0,0,0,0,0,6,0,0,0,0,0,0,0,0,5,2019,0,9,246,0,0,0,0,0,0,67,0,0,0,0,0,0,2,0,0,107,0
"583",0,0,0,5,0,0,1,0,0,0,48,0,2,1,4,0,0,0,0,0,3,20,0,98,0,2323,0,0,16,11,270,0,0,23,0,0,13,0,10,0,12,0,0,0,0,0,0,0,0,0,7,0,3,0,0,0,1,0,0,64,0,0,54,5,0,0,20,0,18,0,15,0,8,0,0,0,1,0,0,12,46,0,0,0,14,0,11,0,0,49,14,1,5,0,0,0,0,0,64,0,0,5,0,0,1,0,0,606,0,0,0,29,0,64,0,0,0,2,5,0,37,0,0,2,155,0,0,0,0,0,0,104,0,1,0,2,8,16,0,0,51,0,0,0,0,0,0,0,0,0,5,0,0,0,0,0,0,0,0,0,0,0,0,0,0,0,0,0,0,0,0,0,0,0,0,0,0,13,36,0,0,0,0,0,0,0,0,0,0,0,0,1,0,0,0,0,0,0,0,0,0,0,0,0,2245,6,0,0,4,13,0,0,0,0,21,0,80,4,93,0,1,0,0,0,0,20,0,0,0,0,37,0,0,419,0,0,0,0,0,0,0,1,0,0,0,0,0,0,0,0,0,0,0,0,30,63,40,0,0,0,0,0,0,0,77,0,0,0,0,17,0,0,409,4,0,0,0,2,3,1578,0,1,1,0,0,0,0,0,0,0,0,0,0,0,343,0,2,0,0,72,0
"584",0,0,0,0,0,0,0,19,0,0,0,3,0,0,15,0,0,0,0,0,45,27,0,207,0,1054,0,0,15,1,593,0,0,149,0,0,5,306,0,0,0,0,0,13,0,3,0,12,22,0,0,84,0,0,18,5,0,0,0,76,5,0,0,0,0,0,0,0,0,0,13,0,0,17,0,0,0,0,0,25,13,0,3,0,0,0,0,0,0,17,0,0,35,0,0,242,0,0,10,0,0,0,0,0,0,3,172,494,0,0,0,0,0,27,0,0,0,0,36,0,0,0,0,0,43,0,0,0,0,0,9,8,0,0,3,99,6,10,0,6,4,0,0,0,0,0,2,11,5,0,14,0,3,0,0,0,0,0,0,48,2,0,0,1335,0,0,0,0,0,0,10,0,0,0,0,0,0,8,144,1,0,0,0,0,4,0,0,0,126,0,0,15,0,0,0,0,0,1,0,0,0,0,0,0,0,8,0,0,0,0,0,0,14,15,15,0,22,21,104,0,0,1,0,0,0,0,0,0,78,0,104,0,0,27,0,0,0,0,1,0,14,0,0,0,0,0,0,0,0,0,0,2,11,0,31,1,7,0,28,111,7,13,0,2,0,0,0,0,0,2,0,72,15,0,0,1,0,0,30,2902,0,0,370,0,0,0,4,0,37,8,0,0,0,1,83,6,33,0,0,97,0
"585",0,0,0,0,0,0,0,0,0,0,0,0,0,0,4,0,1,0,0,0,0,35,0,2,0,3980,0,0,13,0,0,0,0,45,0,0,697,0,0,0,0,0,0,0,0,0,0,0,1,0,0,0,0,0,0,0,1,0,0,283,0,0,0,2,0,0,337,0,0,0,0,0,0,0,0,0,0,0,0,0,0,0,22,0,0,4,107,0,0,0,0,6,1,0,0,1,0,0,0,0,0,0,0,0,0,0,0,186,0,0,0,0,0,34,0,0,0,0,56,0,0,0,0,0,0,0,0,0,0,0,0,0,0,2,0,0,1,0,0,0,11,0,0,0,0,5,0,0,0,0,5,0,0,4,0,0,3,0,0,0,0,0,0,0,0,0,0,0,0,0,5,0,50,0,0,0,0,0,0,0,0,0,0,0,0,0,0,0,0,0,0,0,2,7,0,0,0,0,0,0,0,0,0,0,0,6,0,0,94,0,0,0,0,0,32,0,0,0,363,0,0,0,0,0,0,0,0,0,0,0,1,0,0,5,0,0,0,2,0,0,0,0,0,0,7,0,0,0,0,0,0,0,0,0,0,6,4,0,0,0,0,0,0,3,0,0,0,0,0,2,0,0,971,0,7,0,0,0,0,1661,0,0,599,0,0,0,0,0,0,0,0,0,0,0,0,0,4,0,0,323,0
"586",0,0,0,0,8,0,1,0,0,0,4,0,0,0,0,0,0,0,0,0,0,2,0,0,0,1979,0,0,0,14,461,0,0,0,0,0,896,171,10,0,0,0,1,0,0,7,0,0,0,0,10,0,1,1,5,0,0,0,0,64,0,0,0,0,0,0,92,0,0,0,32,0,0,0,0,0,1,0,2,31,0,0,23,0,0,0,0,0,0,0,0,0,1,0,0,0,15,0,0,0,0,0,0,0,0,3,4,104,0,0,0,0,0,16,0,0,0,0,40,0,0,0,0,1,14,2,104,0,0,0,1,3,0,0,0,0,7,0,0,0,8,0,0,0,1,0,3,0,3,0,3,1,0,0,0,0,0,0,0,11,0,0,0,0,0,0,10,0,0,0,0,0,4,0,0,0,0,54,4,0,0,0,0,0,0,0,0,0,0,0,0,31,1,0,294,0,0,0,0,0,0,0,0,0,0,1,0,0,0,18,0,0,0,1,1,0,12,35,1,0,14,1,0,0,0,0,0,0,2,0,2,0,0,294,0,0,0,0,0,2,0,0,0,0,0,0,0,0,0,0,0,0,11,0,0,0,0,0,0,6,0,0,0,4,0,0,0,0,0,1,5,87,742,0,0,0,0,0,0,2254,0,0,123,0,0,0,0,0,0,57,0,0,0,0,0,0,191,0,0,40,0
"587",0,0,0,10,0,0,91,0,1,0,0,0,3,50,240,0,180,0,0,0,0,50,0,273,0,393,0,0,83,273,0,0,0,191,0,0,63,84,16,0,132,0,0,43,0,0,0,0,17,0,45,84,0,0,0,11,0,0,0,130,0,0,0,0,0,0,4,0,0,2,0,0,0,0,0,0,0,0,0,51,0,0,0,0,0,8,0,0,0,141,854,0,0,0,0,0,0,0,0,0,0,0,0,0,0,0,23,94,0,0,0,0,3,0,0,0,0,0,186,0,40,0,0,1,496,0,0,0,0,0,44,15,147,0,0,0,18,23,0,0,58,0,0,0,0,0,6,0,0,0,0,0,0,0,5,0,0,0,24,0,0,0,0,620,0,0,0,10,0,0,0,0,0,0,0,5,0,103,0,0,0,0,0,0,0,0,0,0,0,0,0,370,8,0,0,0,0,0,0,0,0,0,0,0,0,90,0,0,4,0,0,0,0,0,0,0,0,0,0,0,0,0,0,0,0,0,0,0,8,0,214,0,0,166,0,0,0,0,0,0,0,0,236,0,0,0,0,0,0,0,0,0,44,0,0,21,0,0,0,0,0,0,0,0,0,0,0,396,26,179,0,0,1645,0,3,0,0,0,0,559,0,0,396,0,0,26,0,0,0,0,0,0,0,0,0,0,57,0,0,108,0
"588",0,0,0,0,0,0,0,0,0,0,0,0,0,0,176,0,0,0,0,0,0,31,0,0,0,5,0,0,0,18,0,0,0,7,0,0,0,0,0,0,0,0,0,0,0,1,0,0,0,0,0,0,0,0,23,0,0,0,0,0,0,26,0,0,0,0,127,0,0,0,0,0,0,3,0,0,0,0,6,0,0,0,0,0,0,0,0,0,0,0,0,382,620,0,0,0,0,0,0,0,0,122,0,0,0,0,0,0,0,0,0,0,0,1045,0,0,24,0,380,3,0,0,0,1,118,0,0,0,0,0,85,45,0,0,0,0,0,0,0,0,0,0,0,0,0,0,0,0,0,0,0,0,0,0,0,0,0,0,0,0,0,0,0,0,0,0,0,0,0,0,0,0,1,0,0,0,0,8,0,0,0,0,0,0,0,0,0,0,0,0,0,0,0,0,0,0,0,0,0,0,0,0,0,0,0,0,0,0,0,0,0,0,0,28,0,0,0,0,354,0,0,0,0,0,0,0,0,0,191,0,306,0,0,0,0,0,0,0,0,0,0,0,0,0,0,0,0,0,0,0,0,0,0,0,0,0,0,0,0,3,0,0,0,0,0,0,0,0,0,1772,0,0,0,3448,0,0,0,0,0,0,0,0,420,0,0,0,0,0,0,100,0,0,0,0,124,0,0,0,0,0,0
"589",0,11,1,39,0,1,12,0,0,0,44,3,0,0,240,0,0,0,2,0,32,27,1,532,0,0,0,0,150,0,1,0,0,14,0,0,0,20,0,0,8,0,1,43,0,0,0,1,0,0,18,713,0,1,30,5,0,0,0,4,0,8,0,10,0,0,86,0,27,0,6,0,1,8,0,0,0,1,0,55,0,0,0,0,0,9,0,23,0,42,0,8,196,0,0,1,0,0,64,0,0,7,0,0,3,0,134,1861,0,35,0,3,0,16,0,0,0,2,40,0,0,0,0,1,14,146,0,0,2,115,24,72,0,17,0,2,7,60,0,0,42,0,0,0,1,0,27,0,0,0,3,1,0,0,0,0,0,0,0,68,0,4,0,697,0,0,0,0,0,0,12,0,4,0,0,0,0,2,140,0,0,0,0,48,0,0,0,0,120,0,0,31,1,0,0,0,0,0,0,0,0,0,159,0,1,14,0,18,0,441,4,0,0,1,1,0,12,7,1,25,19,21,0,0,2,0,0,0,2,0,35,1,0,30,0,0,2,0,0,2,0,0,0,0,0,45,0,0,0,0,0,1,14,0,6,0,72,0,1,44,1,0,0,5,2,0,0,0,203,542,0,32,656,4,0,1,0,5,4,2,0,151,4,0,0,0,0,14,2,172,0,0,0,0,51,0,13,0,0,0,0
"590",0,0,0,1,2,0,1,11,0,0,4,1,0,10,3,0,0,0,1,0,1,2,0,74,1,1422,1,0,15,0,273,208,0,1,0,16,5,1,0,0,0,0,282,6,0,47,1,1,0,0,2,35,0,0,1,1,0,0,1,6,9,6,0,0,0,2,157,0,137,109,1,0,0,27,798,0,0,0,0,1,4,1,1,0,60,0,0,1,0,25,350,15,9,0,0,3,0,0,11,0,0,0,0,4,2,0,1,417,3,18,3,7,0,59,3,0,0,0,1,0,10,1,0,0,23,29,0,0,1,47,3,65,0,0,0,10,8,0,0,1,0,0,0,0,2,0,4,7,2,0,1,1,0,0,0,0,0,0,1,13,0,0,0,87,0,0,1,0,0,0,1,0,1,1,0,0,0,1,78,1,3,0,0,0,1,0,0,0,13,0,0,76,0,0,14,0,0,1,0,0,58,0,0,1,2,5,0,0,0,0,0,0,1,1,2,1,69,1,1,3,1,1,1,1,0,0,9,0,10,4,9,0,0,2452,0,2,1,0,1,0,0,0,0,0,0,0,0,0,1,0,1,1,1,0,2,1,0,1,1,1,1,10,0,1,0,0,0,1,1,45,0,1,35,0,0,0,0,1,8,1908,1,0,1,0,0,0,0,0,2,5,36,0,0,0,85,1,0,1,0,42,0
"591",0,5,0,0,0,0,0,0,0,0,0,0,0,0,7,0,0,0,2,0,0,0,1,86,0,1721,0,0,19,0,0,0,0,53,0,0,0,4,0,2,0,0,1,4,0,0,0,0,0,0,2,46,0,0,0,2,0,0,0,0,8,0,0,2,0,0,6,0,0,20,7,1,0,0,0,0,0,0,0,14,0,0,0,0,0,3,0,0,0,0,0,0,0,0,0,0,0,0,8,0,0,0,0,0,0,0,4,394,0,0,0,0,0,105,0,0,0,0,40,0,0,0,0,1,14,2,0,0,1,0,1,3,0,0,8,0,7,0,0,0,16,0,0,0,1,0,3,3,0,0,14,1,0,3,0,0,0,0,0,11,0,0,0,0,0,0,0,0,0,0,0,0,4,0,0,0,0,0,98,0,0,0,0,0,28,0,0,1,0,0,0,31,1,0,0,0,0,0,0,0,0,0,0,821,0,1,2,0,0,0,0,2,3,1,1,1,12,0,1,0,15,19,0,0,0,0,0,0,2,0,2,0,0,695,16,0,1,0,0,2,0,0,0,0,0,0,1,0,0,0,0,1,0,0,0,0,0,0,0,0,0,0,0,1,0,0,0,0,0,6091,11,0,33,0,0,0,0,0,0,0,0,0,5,0,0,0,0,0,0,0,0,0,0,0,0,0,1,0,0,0,0
"592",0,0,0,0,0,0,0,26,0,0,0,0,0,280,1,0,0,0,0,0,41,65,0,2,0,0,0,0,7,74,0,0,0,0,0,0,21,574,0,0,0,0,0,0,0,0,0,0,0,0,64,0,0,0,0,0,0,1,0,0,0,0,0,0,0,0,134,0,21,87,0,1,0,8,0,0,0,0,1,0,0,0,255,0,0,12,0,0,0,813,0,15,5,0,0,0,0,0,0,0,0,1,0,0,0,0,0,1111,0,0,0,0,0,228,0,0,0,0,81,1,0,0,27,0,66,0,0,0,0,0,0,6,0,0,8,0,2,0,0,0,5,0,0,1,0,0,23,0,0,13,10,0,0,2,0,0,24,0,0,0,0,3,0,1391,0,0,0,0,0,0,0,0,1,0,0,0,0,121,515,0,0,0,0,0,0,0,0,0,0,0,0,82,2,0,0,1,0,2,0,0,0,0,0,0,0,0,0,0,1,0,0,0,0,0,0,1,0,0,297,0,88,0,0,0,0,0,0,0,0,0,0,1,0,568,8,0,0,0,0,6,0,0,0,0,0,54,0,0,0,0,0,5,13,0,37,0,27,0,0,0,0,0,4,2,0,0,0,0,151,104,0,0,0,0,0,0,1,1,0,2070,0,0,123,0,0,112,0,0,3,0,0,0,0,0,14,0,6,0,0,74,0
"593",36,0,0,0,0,0,1,0,0,0,0,0,0,489,1,0,0,0,0,0,0,0,0,0,0,1916,0,0,10,0,0,0,0,160,0,0,96,466,0,0,0,0,1,151,0,144,0,0,0,0,0,0,0,0,0,0,2,0,0,241,0,0,0,0,0,0,42,0,0,0,0,0,0,0,0,0,0,0,0,0,0,0,24,0,0,0,0,1,1,703,0,2,1,0,0,0,0,0,795,0,0,0,0,0,2,0,4,410,0,0,0,0,0,16,0,0,0,0,40,0,0,0,0,11,247,2,0,0,0,0,1,3,0,0,0,0,87,0,0,0,0,0,0,0,1,0,3,0,0,0,3,1,0,0,0,0,0,0,0,11,0,0,0,0,0,0,0,0,0,0,0,0,4,0,0,0,0,0,356,0,0,0,0,0,0,0,0,0,0,0,0,31,1,0,0,0,14,0,0,0,0,0,0,0,89,1,0,0,0,0,0,0,0,1,1,0,265,0,1,0,0,31,0,0,0,0,0,0,250,0,2,0,0,3,0,0,0,0,0,2,0,0,0,0,0,0,0,0,0,0,26,0,44,0,23,0,0,0,0,0,11,0,0,0,0,0,0,0,0,0,0,0,0,0,0,1,0,0,48,2363,0,0,282,0,0,0,0,15,0,0,0,0,0,0,201,0,2,0,0,88,0
"594",0,20,0,47,0,0,0,0,0,0,0,0,0,0,0,0,0,0,0,0,0,55,0,229,0,2331,0,0,0,0,0,0,0,405,0,0,2,0,0,0,10,0,121,0,8,228,0,0,0,0,0,95,0,0,0,5,0,2,0,168,0,0,0,0,245,0,73,0,0,0,0,0,0,0,0,0,0,0,0,41,0,0,0,0,0,0,0,0,0,0,0,0,3,0,0,0,0,0,0,0,0,7,0,100,0,0,0,139,0,30,0,0,0,0,0,0,0,0,0,1,10,0,0,0,126,0,71,0,0,0,0,72,0,0,0,0,0,12,0,1,10,0,0,0,0,0,27,0,0,0,0,0,0,7,0,0,0,0,0,166,0,0,0,995,0,0,0,0,0,0,0,0,0,0,0,0,0,0,0,0,0,0,0,0,0,0,0,0,0,0,0,264,37,0,0,0,0,0,0,0,0,0,0,0,0,0,0,0,1,0,0,0,0,0,0,0,0,0,15,0,0,0,0,0,0,0,0,0,43,0,0,0,0,1595,0,0,0,0,0,0,0,0,0,0,10,5,0,4,0,0,0,0,0,0,0,0,6,0,0,0,44,0,0,7,1,0,0,0,0,28,0,0,93,0,0,0,0,0,0,1605,0,0,351,0,0,0,0,0,0,0,0,0,0,0,0,0,28,0,0,0,0
"595",0,0,0,0,0,0,37,0,0,0,1,0,3,0,31,0,0,0,0,0,95,0,6,0,0,1377,0,0,8,19,46,0,0,0,0,0,23,131,0,0,0,0,1,0,0,0,0,0,0,0,0,0,3,0,0,0,0,0,0,0,0,0,0,0,0,0,92,0,0,0,13,0,0,0,0,0,1,0,0,0,6,0,0,0,0,0,0,0,0,180,5,23,85,0,0,0,0,0,0,3,0,0,0,29,3,0,4,104,0,0,0,0,0,16,0,0,0,0,40,0,33,0,0,1,491,2,0,0,0,0,1,321,0,0,0,0,7,0,0,0,0,2,0,0,1,0,3,0,8,0,3,1,0,0,0,0,0,0,0,11,0,0,0,0,0,0,0,0,0,0,0,1,4,0,0,0,0,300,4,0,0,0,0,0,0,1,0,0,0,0,0,31,1,0,0,6,11,0,0,0,0,0,0,0,0,1,0,0,0,2,0,0,0,1,1,0,12,0,1,0,0,1,0,0,0,0,0,0,2,0,268,0,0,0,0,0,0,0,0,2,0,0,0,0,0,0,0,1,0,0,0,0,38,0,12,0,0,0,20,0,1,0,0,0,1,0,0,0,0,157,0,0,344,1,1,0,0,0,5,3302,0,0,98,0,0,0,1,0,17,0,0,0,0,3,47,0,0,0,0,140,0
"596",21,4,0,0,0,0,0,0,0,0,0,0,0,0,5,0,7,0,0,0,0,31,0,0,0,3989,0,0,0,0,1,0,0,50,0,0,7,18,0,0,0,0,0,0,0,44,0,0,0,0,1,0,0,0,0,0,0,0,0,0,2,0,0,0,0,0,0,0,0,0,0,0,0,0,0,0,0,0,0,0,0,0,1,0,0,0,0,0,0,8,0,0,0,0,0,0,0,0,0,0,0,0,0,0,0,0,0,942,0,0,0,0,0,12,0,0,0,0,21,0,0,0,0,0,43,0,0,0,0,0,6,20,0,0,0,0,9,0,0,0,0,0,0,0,0,0,0,0,0,0,0,11,0,0,0,4,0,0,0,3,0,0,0,0,0,0,0,0,0,0,0,0,36,0,0,0,0,2,0,0,0,0,0,0,0,0,0,0,0,0,0,83,0,0,0,0,0,0,0,0,0,0,0,0,0,0,0,0,1,0,0,0,0,3,0,0,0,0,252,0,0,0,0,0,0,0,0,0,22,0,151,0,0,0,0,0,0,0,0,0,0,0,0,0,0,0,0,0,0,0,0,0,3,0,0,0,0,0,0,0,0,0,0,2,0,0,0,0,0,137,0,0,56,0,0,0,0,0,0,3878,0,0,6,0,0,0,0,0,0,53,0,0,0,0,0,0,40,0,0,15,0
"597",0,51,0,0,0,0,0,16,0,0,0,2,4,215,16,0,0,0,0,0,0,8,1,53,0,69,0,0,22,0,497,0,0,36,0,0,0,15,11,0,0,0,1,18,0,2,0,3,3,0,2,337,0,0,0,0,0,0,0,0,0,0,0,136,0,0,75,0,18,2,0,4,8,119,0,0,0,0,0,96,12,0,0,0,0,7,2,0,0,84,0,0,0,0,0,0,0,0,26,0,0,0,0,4,0,0,4,1102,0,0,0,0,0,16,0,0,0,1,40,0,0,0,0,1,14,2,0,0,0,0,1,3,0,0,0,1,7,17,0,0,21,0,0,0,1,0,3,7,0,0,3,1,0,0,0,0,0,0,0,11,0,0,0,1553,0,0,9,0,0,0,0,0,4,0,0,0,0,66,101,0,0,0,0,0,0,0,0,0,0,0,0,31,1,5,0,0,0,2,0,0,0,0,59,0,0,258,0,0,0,6,0,0,0,1,1,1,87,0,1,0,0,1,0,0,0,0,0,0,2,0,2,0,0,3601,0,0,0,0,0,2,3,1,0,0,0,19,0,0,0,0,277,2,0,0,30,110,0,0,3,0,1,0,0,3,0,0,0,0,0,6,0,0,193,0,0,0,0,0,12,2447,0,0,0,0,0,3,0,0,0,0,0,0,0,0,180,4,44,0,0,125,0
"598",0,31,0,0,0,0,4,0,0,0,0,10,0,0,274,0,0,0,0,0,0,26,0,524,0,0,0,0,399,0,0,0,0,59,0,0,0,65,0,0,0,0,1,24,0,5,0,0,0,0,0,298,0,0,0,6,0,0,0,0,0,0,0,0,0,0,0,0,7,0,0,0,0,0,0,0,0,0,0,2,12,0,1122,0,0,0,46,0,0,141,1,295,84,0,0,279,0,0,8,0,0,0,0,0,0,0,4,951,0,0,0,0,0,16,0,0,0,1,40,0,0,0,0,1,156,2,0,0,0,0,1,3,0,2,0,90,7,38,0,2,0,0,0,0,1,630,3,0,0,0,35,1,0,0,0,0,0,0,0,11,0,0,0,0,0,0,0,0,0,0,0,0,4,2,0,0,0,0,103,0,0,0,0,0,0,0,0,0,0,0,0,31,1,49,0,0,0,0,0,0,0,0,0,0,0,182,0,0,0,42,0,0,0,1,21,0,12,0,783,0,0,1,0,0,0,0,0,0,2,0,2,11,0,258,0,0,0,0,0,2,0,0,0,0,0,5,0,2,0,0,3,5,27,22,0,2,0,0,0,0,0,20,0,0,0,0,0,0,0,11,0,24,531,0,0,0,0,0,0,13,0,0,127,0,0,0,0,6,0,11,0,0,0,0,0,0,26,0,0,15,0
"599",0,0,0,0,0,0,0,99,0,0,0,0,0,227,2,0,0,0,0,0,0,134,0,0,0,805,0,0,25,0,0,477,0,102,0,0,0,408,0,0,0,0,447,0,0,56,0,0,0,0,0,0,0,0,0,0,0,0,0,0,0,9,0,0,119,0,4,0,0,0,0,0,0,0,0,0,0,0,0,264,0,0,506,0,539,1,0,0,6,84,23,0,0,0,0,2,0,0,76,0,0,0,0,20,0,0,4,537,0,77,0,0,0,531,0,0,0,0,40,4,33,0,0,1,137,2,0,0,0,0,1,537,0,2,0,0,7,0,0,0,0,0,0,0,1,0,3,0,0,0,41,1,0,0,0,0,42,0,46,11,0,0,0,1378,0,0,0,0,0,0,0,0,4,0,0,0,0,0,99,0,0,0,0,0,0,0,0,0,0,0,0,343,1,1,0,0,0,1,0,0,0,0,0,0,1,1,0,0,0,0,0,0,0,1,1,0,12,0,1,0,0,1,0,0,0,0,0,0,2,0,257,0,0,127,0,0,0,0,0,2,0,0,0,0,0,0,0,1,0,0,488,0,0,0,0,0,0,0,0,9,0,0,0,9,0,0,0,0,0,0,0,0,81,0,0,0,0,0,0,1804,0,0,277,4,0,0,0,0,21,0,0,0,0,0,84,0,19,0,0,19,0
"600",0,1,0,0,0,0,0,0,0,0,0,0,0,0,123,0,0,0,0,0,0,0,0,11,0,1713,0,0,34,0,4,0,0,0,0,0,141,0,0,0,0,0,0,0,0,0,0,0,0,0,0,0,0,0,0,0,0,8,0,0,0,0,0,0,0,0,89,0,5,49,0,0,0,0,0,0,0,0,0,0,0,0,0,0,0,1,182,0,0,0,0,0,0,0,0,45,0,0,0,0,0,0,0,0,0,0,0,2107,0,0,0,0,0,0,0,0,0,0,0,0,0,0,0,1,0,0,0,25,0,0,0,0,0,0,0,0,24,0,0,0,0,0,0,0,0,0,0,0,0,0,33,114,0,0,0,0,0,0,0,0,0,0,0,0,0,0,0,0,0,0,0,0,0,0,0,0,0,0,0,0,0,0,0,0,0,0,0,208,0,0,0,0,0,0,0,0,0,0,0,0,0,0,0,0,129,0,0,13,0,23,0,0,0,0,0,2,0,0,0,0,0,164,0,0,0,0,0,0,236,0,0,1,0,363,0,0,0,0,0,0,0,0,0,0,0,83,0,0,0,0,0,0,0,2,0,0,0,11,0,0,0,0,0,0,0,0,0,0,0,2,0,0,41,0,1,0,0,0,0,3984,0,0,0,0,0,0,0,15,0,0,0,0,0,0,0,0,0,0,0,15,0
"601",0,0,0,0,0,0,8,0,2,0,0,0,1,51,5,0,0,0,0,0,0,13,0,0,3,2278,0,0,0,0,135,0,0,0,0,0,7,0,0,0,2,0,1,0,0,131,0,0,0,0,0,0,0,0,0,0,0,0,0,0,0,0,0,0,0,0,269,0,0,0,23,0,0,4,0,0,0,0,0,38,0,0,3,0,0,20,2,0,0,13,0,0,3,0,0,0,0,0,56,0,0,0,0,0,0,0,4,2831,0,0,0,0,0,205,1,0,0,0,40,0,0,0,0,1,83,2,0,0,0,0,1,72,0,0,0,1,7,0,0,0,673,0,0,0,1,0,3,0,0,0,17,1,0,0,0,0,0,24,8,11,0,0,0,1979,0,0,3,0,0,0,0,0,4,0,0,0,0,283,341,0,0,0,0,0,0,0,0,0,0,0,0,31,1,0,0,0,0,0,0,0,0,0,0,0,0,47,0,0,6,0,0,0,0,1,1,0,12,0,1,0,1,1,0,0,0,0,0,0,53,0,35,0,0,197,0,0,0,0,0,2,0,0,0,0,0,0,0,0,0,0,0,0,0,1,0,0,99,0,0,35,0,0,0,0,0,0,0,0,0,93,0,0,72,0,0,0,0,0,0,1662,0,0,0,0,0,0,0,0,6,0,0,0,0,0,24,0,8,0,0,362,0
"602",0,0,0,0,0,0,1,0,0,0,1,0,0,0,0,0,8,0,0,0,0,48,0,0,0,1720,0,0,0,0,304,0,0,72,0,0,0,194,0,0,0,0,1,0,0,0,0,0,0,0,0,0,0,0,39,1,0,0,0,492,0,0,0,0,0,0,0,1,0,88,0,0,0,0,196,0,0,0,4,457,0,0,33,0,0,0,0,0,0,7,0,0,0,0,0,0,0,0,0,1,0,0,0,0,0,0,4,3349,0,37,0,0,0,16,0,0,0,1,40,0,0,0,0,1,91,2,0,0,0,0,1,3,198,0,0,0,7,0,1,0,0,0,0,0,1,9,3,0,8,2,3,1,1,0,0,0,0,0,0,11,0,0,0,214,1,0,0,0,0,0,12,0,4,0,0,0,0,328,4,0,0,0,0,0,74,0,0,0,0,1,0,31,1,0,0,0,0,0,0,0,0,0,0,0,0,1,0,0,0,0,0,0,0,15,1,0,12,0,1,0,65,1,0,0,0,0,0,0,2,0,2,0,0,55,0,0,0,0,0,2,0,0,0,0,0,0,0,0,0,0,0,0,36,0,0,0,5,0,0,0,12,0,0,0,0,0,0,20,22,37,35,0,0,631,0,0,0,0,17,1398,0,3,0,0,0,0,0,0,129,3,0,0,0,0,29,0,0,0,0,27,0
"603",0,0,0,0,0,0,1,0,0,0,0,0,0,0,0,0,0,0,0,0,0,0,0,0,0,4243,0,0,2,2,1,1,0,0,0,0,0,180,0,0,0,0,1,15,0,5,0,0,0,0,0,0,0,0,0,0,0,0,0,492,0,0,0,0,0,0,0,0,0,13,0,0,0,0,0,0,0,0,0,0,0,0,0,0,0,0,0,0,0,0,0,13,369,0,0,0,0,0,0,0,0,24,0,0,0,0,4,4409,0,0,0,0,0,16,0,0,1,0,40,24,0,0,0,1,137,2,0,0,0,0,39,3,0,0,5,0,7,0,0,0,0,0,0,0,1,0,3,0,0,0,3,1,0,0,0,0,0,0,0,11,22,0,0,0,0,1,2,0,0,289,0,0,4,0,0,0,0,0,4,2,0,0,0,0,0,0,0,0,0,0,0,182,1,0,0,0,0,0,0,0,0,0,0,0,0,1,0,0,0,0,0,0,0,1,1,0,12,0,1,0,0,1,0,0,0,0,0,0,2,0,2,0,0,0,0,0,0,0,0,2,0,0,0,0,0,0,0,0,0,0,0,0,0,0,0,0,0,0,0,0,0,0,0,1,0,0,0,0,0,260,0,0,0,0,0,0,0,0,0,19,0,0,80,0,0,0,0,0,0,0,0,0,0,0,0,0,125,0,0,0,0
"604",0,0,0,0,0,0,1,0,0,0,0,0,1,0,11,0,0,0,0,0,0,35,0,11,0,824,0,0,20,0,0,0,0,16,0,0,0,2,10,0,0,0,1,6,0,0,0,0,5,0,0,0,0,0,0,0,0,0,0,0,0,0,0,0,0,0,82,0,0,0,0,0,0,27,0,0,0,0,0,201,0,0,0,0,0,0,0,0,0,0,1,70,5,0,0,0,0,0,6,0,0,0,0,4,0,0,4,3099,0,0,0,0,0,16,0,0,0,0,278,0,15,0,27,13,277,2,0,0,0,0,1,125,0,26,0,0,7,0,0,0,8,0,0,0,1,0,3,0,0,0,3,1,0,34,0,0,0,0,25,11,0,0,0,443,0,0,0,0,0,0,0,0,4,0,0,0,0,0,232,0,0,0,0,0,23,0,0,0,0,0,24,31,1,0,0,0,0,0,0,0,0,0,0,0,0,26,0,0,0,3,0,0,0,1,1,0,64,0,125,0,293,1,0,0,0,0,0,0,97,0,2,0,0,345,0,0,0,0,0,2,0,0,0,0,0,0,0,0,0,0,26,4,0,0,87,0,1,0,0,0,0,0,0,0,0,0,0,0,0,2,0,0,41,0,0,0,0,0,1,3092,1,0,93,0,0,0,0,1,5,0,0,0,0,0,11,0,76,0,0,14,0
"605",21,0,0,29,0,0,0,14,0,0,0,2,0,126,60,0,0,0,0,0,55,9,0,232,0,3242,0,0,108,3,17,0,0,149,0,0,0,85,0,0,3,0,1,11,0,22,0,0,0,0,0,131,0,0,0,5,0,0,0,32,0,35,0,0,0,0,0,0,5,0,0,0,0,16,0,1,0,0,0,0,0,0,0,0,0,0,0,0,1,42,0,90,0,0,0,9,0,0,4,0,0,0,0,0,0,0,4,104,0,0,0,0,0,1360,0,0,0,0,204,0,0,2,0,1,14,2,0,0,0,0,1,53,0,0,0,0,7,0,0,0,0,0,0,0,1,0,29,15,0,0,26,1,0,5,0,0,0,0,38,11,0,0,0,0,0,0,0,0,0,20,0,0,4,0,1,0,0,1,239,0,0,0,0,0,0,0,0,0,0,0,3,31,1,0,0,0,0,0,0,0,0,0,0,4,178,95,0,0,0,3,0,0,0,1,1,0,12,6,1,0,0,24,0,0,0,0,0,0,78,16,106,0,0,980,0,0,2,0,0,2,0,0,0,0,0,0,0,12,0,0,0,4,0,0,0,6,8,0,0,2,7,0,0,0,0,0,0,0,0,0,0,0,0,0,0,0,0,1,0,2015,0,0,27,0,0,0,0,2,0,2,0,0,0,0,9,0,0,0,0,94,0
"606",0,5,0,0,0,0,1,50,0,0,0,0,1,235,0,0,0,0,0,1,0,0,0,0,3,705,0,0,24,0,283,0,0,23,0,0,12,0,1,0,12,0,1,102,0,1666,50,0,0,0,0,0,0,0,0,0,0,0,0,166,0,116,1,0,0,0,185,0,0,0,63,0,0,0,0,0,0,0,0,692,0,0,0,0,1146,0,0,1,0,28,0,1,0,0,0,0,0,0,42,0,0,0,0,0,16,0,476,841,0,0,0,31,0,239,0,0,0,0,40,2,0,0,0,45,14,2,0,192,0,0,208,1380,0,0,0,0,87,0,19,0,0,0,0,0,1,0,3,0,0,0,3,1,0,0,0,0,0,4,169,314,0,0,0,0,0,0,0,0,0,0,0,0,4,0,0,0,0,68,217,0,0,0,0,0,0,0,0,0,0,0,0,31,1,0,0,0,0,0,0,0,13,0,0,0,0,1,0,0,0,1,0,0,0,1,1,0,115,0,1,36,0,1,0,0,0,0,0,0,28,0,803,0,0,3,0,0,0,0,0,2,0,0,0,0,0,0,0,0,0,0,27,0,0,0,0,0,0,0,0,0,0,0,0,0,0,0,0,16,0,0,0,0,68,4,1,0,0,0,0,1163,0,0,0,0,0,0,0,0,0,0,35,0,0,0,0,0,6,0,0,0,0
"607",0,11,0,0,4,0,1,1,0,0,0,9,2,255,143,1,0,17,0,0,11,19,0,171,0,1012,0,0,113,0,0,0,0,119,0,151,6,101,11,0,12,0,131,10,0,179,105,6,0,0,14,193,0,0,0,2,0,0,0,32,0,51,0,1,0,0,14,0,0,0,0,3,3,4,0,88,0,0,0,96,37,1,0,2,0,0,1,0,0,23,110,26,5,0,39,24,0,1,0,0,0,0,0,5,0,0,0,98,0,27,0,114,0,37,0,0,0,0,82,0,0,0,0,3,42,0,0,0,1,0,31,144,0,0,2,0,621,0,0,1,673,0,0,0,0,0,14,0,6,0,1,0,1,0,0,0,0,0,0,13,0,0,0,0,0,0,3,0,0,1,0,29,1,0,0,0,0,8,0,0,0,0,0,0,0,0,0,1,0,0,0,28,20,0,194,1,0,0,0,0,0,0,0,0,0,160,0,0,6,81,0,0,0,20,1,0,424,0,114,0,0,20,0,0,0,0,2,241,73,0,48,0,0,1045,0,0,0,0,0,0,0,0,0,0,0,0,0,0,0,0,0,0,0,0,0,0,0,0,0,0,7,0,0,37,0,0,3,0,0,106,11,0,74,0,0,0,0,0,24,1663,0,0,43,0,0,0,0,6,0,35,0,0,0,0,134,3,8,0,0,42,0
"608",0,0,0,0,0,0,0,0,0,0,0,0,0,227,642,0,0,0,0,0,0,7,0,24,0,0,0,0,126,3,34,0,0,0,0,0,2,108,0,0,0,0,1,14,0,331,0,0,0,0,0,0,0,0,0,0,1,0,0,0,0,0,0,0,0,0,0,0,0,0,36,0,0,0,0,0,0,0,0,61,0,0,0,0,31,0,0,0,0,13,0,5,0,0,0,0,0,0,0,0,19,0,0,0,2,0,4,3514,0,0,0,0,0,16,0,0,0,2,40,0,0,0,0,1,65,2,0,0,0,0,1,154,0,4,0,69,67,27,0,0,31,0,0,0,1,0,3,0,0,0,3,1,0,0,0,0,0,0,0,11,0,0,0,0,0,0,0,0,0,0,0,1,4,1,0,0,0,0,50,0,0,0,0,0,0,0,0,0,0,0,0,31,1,0,0,0,0,0,0,0,2,9,0,0,0,1,0,0,0,331,0,0,0,1,1,0,12,0,1,0,0,1,0,0,5,0,0,0,2,0,2,0,0,1,0,0,0,0,0,2,0,10,0,0,0,0,0,35,0,0,0,2,0,0,0,0,0,0,0,0,0,0,0,2,0,0,0,0,19,12,0,0,59,2199,0,0,0,0,6,0,0,0,18,0,0,0,0,0,0,0,0,0,0,28,19,0,2,0,0,1,0
"609",0,1,0,1,0,0,31,0,0,0,0,0,0,1,8,0,88,0,0,0,0,48,0,1,0,1013,0,0,78,2,1,0,0,195,0,0,0,192,0,0,0,0,0,0,0,0,0,1,0,0,0,0,0,0,0,0,0,0,0,14,1,0,0,3,0,0,0,0,0,169,20,0,3,0,0,0,0,0,0,6,4,0,225,0,0,2,3,0,0,72,0,43,0,0,0,0,0,0,0,0,0,18,0,0,0,0,152,114,0,0,0,0,0,1359,0,0,0,0,702,0,0,0,0,238,91,0,0,0,0,0,0,0,0,0,0,0,8,0,0,0,16,0,0,0,0,0,3,0,0,0,30,0,0,1,1,0,0,0,0,0,0,1,0,0,0,0,0,0,0,0,5,0,0,0,11,0,0,1,56,1,0,0,0,0,53,0,0,0,0,0,0,276,1,1,0,0,0,0,0,0,0,7,0,0,0,37,6,9,0,1,0,0,0,0,0,0,83,17,0,0,106,2,0,0,0,0,0,0,0,0,123,0,0,212,0,0,5,37,0,0,0,0,0,0,0,36,0,0,0,0,0,1,24,0,1,14,1,0,1,368,0,0,0,6,0,0,0,0,258,759,0,78,1328,0,0,0,0,0,1,326,0,0,658,0,0,0,0,0,0,79,0,0,0,0,1,0,44,0,0,8,0
"610",0,0,0,0,0,0,2,0,0,0,0,0,0,0,1,0,0,0,0,0,0,0,1,2,0,13,0,0,16,0,0,0,0,0,0,0,0,89,0,0,0,0,0,0,0,0,0,0,0,0,0,0,0,0,0,0,0,0,0,0,0,0,0,1,0,0,119,0,0,0,0,0,0,0,0,0,0,0,0,0,0,0,0,0,0,0,0,0,0,0,0,90,39,0,0,1,0,0,0,0,0,0,0,0,0,0,0,0,0,0,0,0,0,1,0,0,0,0,5,0,0,0,0,0,0,0,1028,0,3,0,0,0,0,20,0,1,1,0,0,0,0,0,0,0,0,0,3,0,0,0,9,0,0,0,0,0,0,0,0,29,0,0,0,0,0,1,0,0,0,0,0,0,347,0,0,0,0,0,48,1,0,0,0,0,0,7,0,0,0,0,0,28,1,0,0,0,1,0,0,0,0,0,0,0,0,29,0,0,0,3,0,0,0,0,0,0,0,0,0,0,0,0,0,0,0,0,0,0,0,0,0,0,0,230,0,0,0,0,0,0,0,0,0,0,0,0,0,0,0,0,0,0,0,0,0,2,0,0,0,0,0,0,0,0,0,0,0,0,0,7521,0,0,66,0,1,0,0,0,0,168,0,0,66,0,0,0,0,0,0,0,0,0,0,0,0,0,1,0,0,9,0
"611",0,1,0,0,0,3,0,1,0,1,0,6,0,0,819,0,0,4,1,0,1,1,0,0,0,152,1,0,609,126,84,0,44,17,0,0,96,87,0,0,36,1,0,5,0,2,62,1,0,0,1,82,3,0,1,2,0,0,0,1,36,1,0,3,0,0,0,0,10,0,1,0,2,5,0,498,0,0,0,1,17,0,1,0,0,750,0,0,0,45,0,0,2184,18,27,1,0,0,0,0,0,0,0,34,1,0,1,142,0,0,0,16,0,1,0,0,4,0,20,5,0,0,0,67,254,0,0,0,1,4,3,2,0,0,0,2,1113,17,0,0,0,0,0,0,0,0,0,3,0,0,3,10,0,0,0,0,0,0,5,13,0,2,3,1,0,0,9,0,0,8,1,0,4,0,0,0,2,1,0,1,0,0,0,0,0,0,0,0,1,6,0,7,0,0,1,0,0,1,0,0,0,0,0,1,0,110,2,0,1,0,0,0,0,3,1,0,0,1,0,2,1,3,7,2,0,0,1,0,1,1,1,6,1,150,0,5,1,0,1,0,0,0,80,0,0,0,0,0,1,29,3,1,15,1,1,226,0,8,1,2,0,15,0,0,2,0,1,0,42,157,1,5,1278,0,0,0,0,1,8,2,0,24,16,0,0,32,4,0,1,5,0,0,0,0,47,0,0,0,0,91,0
"612",0,0,0,0,0,0,0,2,0,0,0,0,0,27,7,0,0,4,6,0,3,50,1,0,2,0,0,0,0,0,396,31,0,147,0,0,37,36,7,0,0,0,0,35,0,209,0,1,0,0,1,0,0,0,37,0,0,0,0,28,0,0,0,2,0,0,8,0,0,181,0,2,0,29,0,0,0,0,0,38,0,0,73,0,0,12,0,0,0,29,0,0,0,22,0,0,0,0,58,0,0,0,0,29,0,0,233,0,0,0,0,6,0,0,0,0,0,0,17,0,0,0,0,0,248,0,0,0,0,81,16,22,0,0,1,0,0,0,0,0,5,0,0,0,0,10,6,1,0,0,5,0,0,0,0,0,0,0,160,0,0,2,2,3170,0,0,0,0,1,2,0,0,1,0,0,0,0,83,200,1,0,0,0,0,12,0,0,0,18,0,0,125,1,0,164,12,0,1,0,0,0,0,0,573,0,18,0,0,0,0,0,0,5,0,10,0,201,10,28,0,38,16,0,55,0,0,55,0,232,0,83,0,1,299,8,3,1,1,0,3,0,0,0,0,0,0,0,0,0,31,63,3,32,1,6,0,0,0,7,4,0,0,10,3,1,0,0,0,2,4,0,41,377,0,0,0,0,0,3,1114,0,0,348,0,0,0,0,0,19,26,0,1,1,0,56,3,0,0,0,55,0
"613",0,0,0,0,0,0,1,26,0,0,0,0,0,337,3,0,0,0,0,0,0,0,0,0,0,3,0,0,0,142,62,15,0,119,0,0,0,0,0,0,0,0,0,0,0,0,0,0,0,0,0,0,0,0,0,0,1,0,0,449,0,0,0,236,0,0,45,0,0,66,0,0,0,11,0,0,0,0,0,0,0,0,0,0,0,20,0,0,0,43,0,0,0,0,0,0,0,0,0,0,0,8,0,0,0,0,0,1432,0,0,0,50,0,83,0,4,0,0,224,2,1,0,0,2,24,0,0,0,0,0,0,0,0,0,0,0,2,0,0,0,70,0,0,1,0,0,8,0,0,0,0,0,0,11,0,0,0,0,0,0,0,0,0,0,0,0,0,0,0,0,0,0,52,0,0,0,0,0,210,0,0,0,0,0,0,0,0,0,0,0,0,154,0,0,0,0,0,0,0,0,0,0,0,157,118,0,0,6,4,0,0,0,0,0,0,1,50,0,0,0,0,27,0,0,0,0,0,0,12,0,0,0,0,216,0,0,0,0,4,4,0,10,0,0,0,0,0,0,0,0,226,0,0,0,70,0,0,0,0,0,0,0,0,2,0,0,0,0,0,1693,0,0,494,2197,17,0,0,0,0,582,0,0,182,0,0,0,8,0,0,0,0,0,0,0,0,0,4,0,0,0,0
"614",0,6,0,31,0,0,0,0,0,0,0,3,0,200,143,0,0,0,0,0,0,7,0,90,0,1376,1,0,0,0,56,0,0,0,0,0,0,9,11,0,10,0,1,14,0,0,0,0,0,0,0,0,0,0,8,2,0,0,0,1,0,19,0,3,2,0,1,0,0,0,11,1,60,3,0,690,0,0,0,0,45,0,1,0,29,5,0,0,0,26,0,7,0,52,0,0,0,0,3,0,0,0,0,0,3,0,4,104,0,0,0,0,0,16,0,0,0,0,40,0,0,0,0,1,14,2,5,0,0,0,1,3,0,0,0,0,7,27,0,0,0,0,0,0,1,0,3,9,0,0,3,1,0,17,0,0,0,0,0,88,0,1,1,0,0,0,10,0,0,0,0,0,4,0,0,0,0,1,76,0,0,0,0,0,0,0,0,0,0,0,0,31,1,0,0,0,0,0,0,0,0,0,0,6,0,1,0,5,0,0,0,0,0,1,1,0,58,21,33,0,27,1,0,0,0,0,0,0,250,0,33,0,0,9,0,2,0,0,0,2,0,0,203,0,0,0,0,0,1,11,0,3,6,0,0,1,5,2,5,0,0,0,9,1,0,0,1,24,0,19,0,3,3006,0,0,0,0,1,0,6,0,2,0,0,0,18,0,0,4,0,0,2,0,0,11,3,1,0,0,122,26
"615",2,0,0,0,0,0,0,13,0,0,0,0,0,0,134,0,0,25,0,0,41,19,0,368,0,11,0,0,0,0,346,0,43,32,0,0,8,180,12,0,0,0,0,102,0,22,0,0,0,0,23,23,1,0,0,3,1,0,0,1,0,0,0,2,0,0,0,0,10,0,14,0,0,34,0,0,3,0,0,50,55,16,1,0,87,0,1,0,0,32,0,144,4,0,0,0,0,0,18,0,0,0,0,48,0,0,0,776,0,29,0,0,2,5,5,0,0,9,171,0,11,3,0,0,60,0,0,0,0,0,0,182,0,0,0,0,435,20,0,0,24,0,0,0,0,0,6,46,8,1,3,0,0,51,2,0,0,0,8,51,0,0,0,220,0,0,0,0,1,0,10,0,0,0,14,0,0,0,114,0,0,0,0,0,9,0,0,0,0,0,1,20,0,0,0,0,0,0,0,0,0,0,0,27,0,41,0,0,1,0,0,0,0,0,6,0,103,28,227,0,143,0,0,0,0,0,0,0,23,4,180,0,0,441,0,0,0,0,0,0,0,1,0,0,6,0,0,0,0,0,0,8,24,0,60,0,15,0,2,60,0,0,0,0,6,0,0,0,0,170,0,48,361,4,0,0,0,0,0,3456,0,0,50,0,0,0,0,0,5,0,0,0,1,0,122,0,5,0,0,146,0
"616",0,0,0,0,4,0,17,37,0,0,0,10,0,0,0,0,0,0,1,0,0,3,0,114,0,189,0,0,21,7,663,0,0,55,0,0,22,85,0,0,5,0,1,0,0,5,0,0,0,0,3,41,0,0,0,7,0,3,0,28,26,35,0,2,0,0,131,0,0,52,0,0,0,4,0,0,0,0,0,45,33,0,0,0,18,0,4,0,0,0,0,8,0,0,0,0,0,0,0,0,11,0,0,25,0,0,138,4054,0,0,0,0,0,16,0,0,0,0,40,0,5,3,0,1,14,2,0,0,2,0,1,497,0,2,0,0,7,0,0,0,0,0,0,0,1,0,3,11,9,0,3,1,0,13,0,0,0,0,0,11,0,0,0,214,0,0,0,0,0,0,18,0,4,0,0,0,0,2,237,1,0,0,0,0,24,0,0,0,0,0,0,124,1,0,0,0,0,0,0,0,0,0,0,0,0,18,3,0,0,0,50,0,7,1,20,0,71,0,1,7,0,22,0,0,0,0,0,0,2,0,44,0,0,55,0,0,0,0,0,2,14,0,0,0,0,1,0,0,0,0,0,4,15,0,0,0,0,0,4,57,3,0,0,0,57,0,0,0,0,97,0,7,114,0,1,0,0,0,10,2194,0,0,240,0,0,0,0,0,2,7,0,0,0,0,0,0,4,0,0,1,0
"617",0,1,0,0,0,0,1,41,0,0,6,0,0,718,29,0,0,0,0,0,7,1,0,1,0,1824,0,0,0,0,220,0,0,204,0,0,40,388,0,0,0,0,1,53,0,47,333,5,0,0,13,0,0,0,3,0,0,0,0,25,0,0,0,0,0,0,0,0,0,0,33,0,0,0,0,0,0,0,0,60,0,0,1,0,509,0,0,0,0,18,0,2,5,0,0,0,0,0,115,0,0,1,0,0,3,0,4,1162,0,0,0,0,0,130,6,0,0,0,40,0,54,0,0,1,105,2,0,0,0,0,31,159,0,0,0,0,7,0,1,0,57,0,0,0,1,0,3,0,0,0,3,77,2,0,0,0,0,0,0,169,0,0,0,0,0,0,3,0,0,0,0,12,4,0,0,0,0,43,68,2,40,1,0,0,24,0,0,0,0,0,0,195,1,0,0,0,0,0,0,0,0,0,0,0,1999,20,0,0,0,0,0,0,0,1,1,0,62,0,783,0,0,1,0,0,0,0,0,0,91,0,235,0,0,82,0,0,0,0,0,2,0,0,0,0,0,0,0,0,0,0,0,9,29,0,19,9,33,0,28,20,5,0,0,3,1,0,0,0,0,4,0,190,27,0,2,0,0,0,24,135,0,0,223,4,0,0,0,0,0,26,0,0,0,0,23,0,9,0,0,30,0
"618",0,0,0,0,0,0,0,0,0,0,0,0,0,299,8,0,0,0,0,0,103,0,0,1,0,1740,0,0,304,0,2,0,0,278,0,10,3,237,0,0,0,0,1,142,0,6,0,0,0,0,0,0,0,0,0,0,0,0,0,0,0,0,1,0,140,0,55,0,0,0,0,0,0,22,0,0,0,0,0,50,0,0,0,0,0,0,2,0,0,98,0,2,151,0,0,19,0,0,10,14,0,0,0,4,0,0,4,1214,0,29,1,0,0,818,3,0,0,0,40,0,0,0,0,1,65,2,0,0,0,0,1,350,0,1,0,0,67,0,0,0,0,0,0,0,1,0,3,0,0,10,30,1,0,0,0,0,0,0,0,11,0,0,0,0,0,1,0,0,0,0,0,0,4,0,0,0,0,0,243,0,6,0,0,0,0,0,0,0,0,0,0,31,45,0,0,0,0,0,0,0,0,0,1,0,0,1,0,0,0,0,0,0,91,1,1,0,204,0,16,0,34,1,0,0,0,94,0,0,105,0,129,0,0,1,0,0,0,1,0,2,0,0,0,0,0,8,0,1,0,0,0,2,6,0,0,0,0,0,0,0,0,0,0,0,0,0,0,115,0,1108,0,0,157,0,47,0,0,0,2,278,0,0,110,0,0,0,0,5,51,0,0,0,0,0,0,0,79,0,0,6,0
"619",0,0,0,2,0,0,12,19,0,0,0,8,6,40,6,0,58,0,0,0,5,47,0,95,0,755,0,0,5,6,0,419,0,181,0,20,0,65,0,11,0,0,1,0,0,6,0,3,0,0,3,0,0,0,3,36,0,1,0,110,20,6,3,0,119,14,88,6,0,104,32,0,0,8,0,216,0,0,0,6,36,7,160,2,84,0,0,0,1,15,1,2,9,0,0,0,0,0,1,0,0,0,0,14,16,1,224,104,0,0,0,2,0,16,0,0,4,0,204,0,0,0,0,1,14,126,0,0,10,0,1,3,0,0,0,0,643,0,0,0,41,0,0,0,1,0,54,11,0,1,32,1,0,0,19,0,0,0,22,11,0,0,0,0,0,0,0,0,0,0,0,0,4,0,0,0,0,41,4,0,0,0,0,0,17,0,0,0,0,0,0,31,1,0,33,0,0,1,0,0,0,0,0,1233,0,100,0,1,0,0,0,0,27,13,1,0,12,183,1,20,0,68,0,54,0,0,0,0,2,23,177,4,2,0,1,1,0,0,3,2,0,0,0,21,0,0,2,0,0,0,2,2,0,0,0,5,12,11,3,0,1,22,0,3,0,0,0,0,0,16,0,33,487,0,0,0,3,5,5,5,0,0,557,0,1,0,0,1,3,35,0,136,0,0,8,0,4,0,0,128,32
"620",0,0,0,0,0,0,1,0,0,0,0,0,1,7,0,0,0,0,0,0,0,0,0,14,0,1195,0,5,0,135,1664,0,0,28,0,0,6,0,2,0,0,0,1,0,0,0,0,0,0,0,0,0,0,0,56,0,0,0,0,0,0,0,0,0,0,0,627,0,0,0,0,0,0,6,0,0,0,0,0,0,0,0,0,0,0,28,803,0,0,0,0,13,0,0,0,0,0,0,0,0,0,0,0,0,0,0,4,4053,0,0,0,0,0,16,0,0,0,0,40,0,0,0,0,1,14,2,0,0,0,0,1,3,0,0,0,0,422,0,0,0,1122,0,0,0,1,0,3,0,0,0,3,1,0,0,0,0,0,0,0,435,0,0,0,0,0,0,0,8,0,0,0,0,4,0,0,0,0,0,4,0,0,0,0,0,0,0,0,102,0,0,0,31,1,0,0,1,0,0,0,0,0,0,0,0,0,1,0,0,0,0,0,0,0,1,1,4,12,0,434,0,0,1,0,0,0,0,0,0,44,0,2,1,0,211,0,0,0,0,0,2,0,0,0,0,0,0,0,0,0,0,0,0,0,0,0,0,12,0,55,9,0,0,0,0,0,0,0,0,0,0,0,47,110,1,1,2,0,0,0,1417,0,0,0,0,0,58,0,0,0,0,0,0,0,0,124,0,1,0,0,90,0
"621",0,12,0,10,0,0,0,0,0,0,0,3,0,0,1,0,0,0,0,0,1,3,0,139,0,998,0,0,3,9,497,267,27,28,0,0,13,4,17,0,4,0,0,4,0,1,0,0,0,0,15,14,0,0,18,0,0,0,0,24,0,0,0,0,0,0,88,0,5,56,0,0,0,1,1,0,0,0,0,23,6,0,153,0,2,0,0,1,0,2,0,3,1,0,0,0,0,0,8,0,0,2,0,30,0,0,1,4684,0,8,0,0,0,69,0,0,0,5,26,0,0,0,0,0,9,0,43,0,0,48,1,17,0,0,0,7,0,15,0,0,18,0,0,0,0,0,43,6,0,0,9,0,0,0,0,0,0,0,0,2,0,0,0,1,0,0,0,0,0,0,0,0,0,0,0,0,0,6,88,0,0,0,0,0,67,0,0,0,0,0,0,16,2,0,0,0,1,0,0,0,0,0,0,0,2,118,6,0,0,1,0,0,0,0,2,0,54,0,0,0,0,0,0,0,0,0,0,0,25,0,24,0,0,64,0,0,0,0,0,0,0,0,39,0,0,0,0,0,0,0,1,3,13,0,0,35,0,0,5,6,0,0,0,4,0,0,0,38,4,71,10,0,55,0,0,0,0,0,4,1709,1,0,7,0,0,0,0,0,8,1,0,0,0,0,7,0,0,0,0,6,0
"622",0,0,0,0,0,0,248,0,0,0,0,0,0,0,48,0,0,0,1,0,0,32,0,55,0,1306,0,0,21,0,0,0,0,78,0,0,0,80,0,0,0,0,0,49,0,1665,0,5,0,0,11,0,0,0,0,0,0,0,0,38,0,0,0,0,0,0,128,0,0,0,74,0,0,108,0,0,0,0,0,55,0,2,0,0,0,6,1,0,0,13,0,21,13,0,0,0,0,0,15,0,0,11,0,0,8,0,53,0,0,0,0,0,0,23,0,0,0,0,122,0,0,0,0,1,73,0,0,0,0,0,0,35,0,0,0,0,1,0,0,0,1122,0,0,1,0,0,32,3,0,0,63,0,0,17,1,0,0,0,0,169,0,0,0,0,0,0,0,11,0,0,0,0,0,0,0,0,0,66,0,5,0,0,0,0,99,24,0,0,0,0,0,129,2,0,0,0,0,0,0,0,0,0,0,0,0,150,0,0,1,4,0,0,0,0,4,0,0,42,1133,0,0,0,0,0,0,0,0,0,11,0,17,0,0,73,0,0,9,39,0,30,0,0,0,0,0,0,0,0,0,0,9,3,20,0,23,44,41,0,197,628,3,0,0,3,0,0,0,0,0,0,0,288,138,0,0,0,8,3,0,463,0,0,224,7,0,0,0,6,79,9,0,0,0,0,15,0,1,0,0,135,0
"623",11,0,0,4,0,0,0,0,0,0,0,11,2,0,20,0,0,0,0,7,0,0,0,1042,0,100,0,0,346,21,390,0,0,55,0,0,15,121,0,0,15,16,1,0,0,724,0,0,0,4,3,0,0,0,0,0,6,0,0,0,0,60,2,0,0,0,0,62,0,0,0,0,0,0,0,601,0,0,0,272,0,0,0,0,0,1,10,0,3,4,0,134,53,0,0,0,0,0,0,0,0,6,0,0,0,0,4,104,0,0,0,0,0,16,0,0,0,0,40,0,0,0,17,1,14,2,0,0,0,0,1,3,0,2,0,10,7,54,0,0,1122,0,0,0,1,0,3,0,0,0,20,1,0,0,0,3,0,0,0,11,0,0,0,0,0,0,0,11,0,0,0,0,4,0,0,0,0,0,4,0,0,1,0,5,0,0,0,0,0,0,0,31,117,31,0,0,0,0,0,0,0,0,0,0,35,132,2,0,0,70,0,0,0,1,1,0,12,0,73,0,0,1,0,0,0,0,0,0,2,0,2,0,0,127,0,0,0,0,0,2,0,0,0,0,0,0,0,0,0,0,0,0,0,0,0,0,6,2,0,17,0,0,0,5,0,0,0,0,0,1,0,61,62,0,9,0,0,0,22,1661,0,0,9,0,0,0,0,0,16,0,0,0,0,0,21,52,21,0,0,4,0
"624",0,0,0,0,0,0,7,0,802,1,0,0,0,0,0,0,0,0,0,0,20,11,1,0,0,0,0,0,0,0,0,0,0,28,0,0,0,42,0,0,0,0,1,0,0,0,0,0,0,0,0,0,0,0,0,0,0,0,0,35,0,60,0,0,0,42,48,0,1,0,0,0,0,10,0,0,0,0,0,38,0,0,205,0,31,0,0,0,0,23,1471,0,0,28,0,0,0,0,0,0,0,0,0,0,1,0,138,4025,0,0,0,0,0,16,0,0,0,0,40,0,0,0,0,1,74,57,0,0,0,0,1,60,0,0,0,0,7,0,0,0,0,0,0,0,1,11,3,0,0,0,3,1,0,0,0,0,0,0,0,11,0,0,4,0,0,0,0,0,0,0,0,0,804,0,1,0,0,1,4,0,0,0,0,0,8,0,0,0,0,0,0,31,1,0,0,0,0,0,0,0,4,0,0,0,89,11,0,0,0,0,0,0,12,1,1,0,12,27,1,0,27,1,0,0,0,0,0,0,2,0,100,0,0,9,0,0,0,0,0,2,0,0,236,0,0,0,0,0,0,0,27,0,0,0,0,1,0,0,0,0,0,29,0,0,0,0,0,0,12,230,0,0,9,0,0,0,0,1,25,316,0,0,24,0,0,0,1,0,11,4,0,0,0,0,59,0,0,0,0,0,0
"625",0,22,0,0,0,0,0,33,0,0,0,0,28,0,374,0,0,0,0,0,14,1,0,590,0,4,0,0,47,0,0,0,8,4,0,0,6,108,0,0,0,0,0,27,0,25,0,0,9,0,28,73,0,0,8,9,0,0,0,8,33,31,0,9,0,0,5,0,0,0,44,0,0,12,0,303,0,0,0,3,48,10,29,0,11,3,2,0,0,0,0,364,0,0,0,0,0,0,0,0,0,0,0,0,3,0,0,2829,0,0,0,0,83,0,0,0,0,0,88,26,0,0,0,3,88,0,0,0,0,0,30,30,0,0,0,45,13,97,0,0,67,0,0,0,0,0,6,0,0,0,36,0,0,3,0,0,0,0,44,28,0,0,0,2,0,0,0,0,0,0,1,0,36,0,0,0,5,33,188,0,0,0,0,0,0,0,0,0,0,0,0,6,0,0,0,0,0,0,0,0,0,0,0,4,0,35,24,0,6,0,1,0,0,0,4,46,5,3,60,4,375,0,0,0,0,0,0,0,8,3,47,8,0,269,0,0,0,0,1,29,0,0,0,0,4,0,0,0,0,0,30,0,8,0,13,12,6,0,3,13,0,0,0,4,0,0,61,0,0,2122,0,1,42,0,0,0,0,0,0,14,0,0,1,0,0,480,0,0,11,11,0,0,0,0,0,12,69,0,0,30,0
"626",0,0,0,0,0,0,12,12,1,0,1,0,0,227,0,0,27,0,0,0,1,5,0,0,0,3054,0,0,8,0,0,0,0,0,0,0,0,1,0,0,0,0,0,17,0,0,0,1,0,0,0,0,0,0,0,0,0,0,0,1,0,24,0,1,0,23,8,0,0,0,18,0,0,4,0,0,0,0,0,1,0,1,4,0,32,0,0,0,0,286,103,40,0,0,0,0,0,0,39,0,0,0,0,1,0,2,56,187,0,1,0,0,0,0,0,0,0,0,5,0,0,0,0,0,85,48,0,0,1,93,1,110,0,0,0,0,0,0,0,0,0,0,0,0,0,0,1,1,0,1,1,0,0,4,1,0,0,0,0,20,0,0,0,1,0,0,0,0,0,151,1,0,30,0,0,0,0,0,13,1,6,0,0,0,1,0,0,0,4,0,0,31,0,5,1,0,0,0,0,0,0,0,0,1,0,5,0,0,0,0,0,0,0,0,2,0,38,1,0,0,1,0,1,0,0,0,1,0,29,0,6,0,0,1507,0,0,1,0,0,5,0,0,0,0,0,0,0,4,0,0,0,0,1,0,1,0,0,0,1,0,1,20,0,0,0,0,0,0,0,8,0,0,0,0,0,0,0,3,2,3448,0,0,1,0,0,0,0,0,3,2,0,0,0,0,46,3,12,0,0,47,0
"627",0,0,0,2,0,0,1,100,0,0,0,0,0,0,1,0,1,0,0,0,86,166,0,147,0,1350,1,0,5,79,582,0,0,0,0,0,14,183,20,0,3,0,0,126,0,579,0,0,0,2,0,0,1,0,0,3,7,0,0,0,18,0,1,0,0,0,197,1,0,0,0,0,0,11,0,0,0,0,0,0,23,0,0,0,30,0,0,1,0,98,0,1,1,0,0,0,0,0,794,0,0,0,12,0,0,2,0,39,0,0,0,0,0,147,0,42,0,0,73,0,8,0,0,2,273,0,0,0,0,0,0,756,0,0,0,0,2,35,0,4,22,0,0,0,0,0,50,33,6,96,17,79,1,0,0,31,0,0,0,47,0,0,0,0,65,0,0,34,0,0,8,0,0,0,0,0,0,442,0,1,0,0,0,0,77,0,0,0,0,0,51,113,0,0,0,0,0,0,0,315,0,0,0,15,0,40,0,0,1,13,0,0,0,0,25,0,64,0,247,0,1,0,0,0,0,0,0,0,55,0,197,0,0,1,0,0,0,0,0,28,0,0,0,0,1,0,0,1,0,0,0,0,0,0,37,3,14,0,0,44,8,0,0,11,0,0,0,0,0,3,0,75,72,11,1,0,0,0,0,1147,0,0,162,0,0,0,0,1,0,51,0,0,0,0,29,0,1,0,0,125,0
"628",0,0,0,3,0,0,15,0,0,0,0,0,0,0,0,12,0,0,0,0,0,0,0,117,0,4482,0,0,0,0,31,0,0,355,0,0,5,0,0,0,4,0,0,0,0,62,0,0,0,0,0,41,0,0,0,0,0,0,0,0,0,0,0,0,0,0,7,0,0,0,0,0,0,20,0,901,0,0,0,0,46,0,192,0,0,0,148,1,0,0,0,8,1,0,0,0,0,0,0,0,0,1,0,0,0,0,0,220,0,0,0,0,4,0,0,0,0,0,0,0,51,0,0,7,87,0,62,0,0,110,0,0,0,0,0,5,7,27,0,0,4,0,0,0,0,0,0,0,5,0,0,0,0,0,0,0,0,0,0,79,0,0,0,0,0,0,0,0,0,0,0,0,0,0,0,0,0,0,0,0,0,0,0,0,0,0,0,0,0,23,0,0,0,0,0,0,0,0,0,0,0,0,0,1,0,199,7,0,0,0,0,0,0,0,0,0,0,0,0,0,0,0,0,0,0,0,0,0,0,0,0,1,0,364,0,0,0,0,0,0,0,0,0,0,3,0,0,0,0,0,0,0,0,0,0,248,8,0,0,90,0,0,0,0,0,0,0,0,0,11,0,0,278,0,2,0,0,0,0,1484,0,0,0,0,0,23,0,0,0,0,0,0,0,0,0,0,0,0,0,138,0
"629",0,0,0,17,0,0,7,0,0,0,0,0,0,1,0,5,0,0,0,1,6,58,0,170,0,1572,0,0,100,23,628,0,39,76,0,0,7,101,0,7,130,0,1,0,0,2,0,0,0,0,12,95,5,0,0,12,1,0,0,1,6,0,0,0,14,0,36,10,10,16,0,0,0,20,0,0,0,0,0,5,95,0,0,0,29,0,109,29,1,33,0,68,0,0,0,0,0,0,31,0,0,0,0,9,0,0,4,104,24,0,0,0,0,16,7,0,0,0,40,0,0,0,0,1,14,2,0,0,2,0,47,60,0,3,0,0,7,60,0,0,0,0,0,0,1,0,56,7,7,0,3,1,0,0,0,23,0,0,7,11,0,0,0,0,3,0,0,0,0,0,0,0,4,1,27,0,0,0,591,0,0,0,0,0,8,2,0,0,0,0,0,111,1,0,0,0,0,0,0,10,0,0,0,0,35,11,11,1,0,22,0,0,0,1,1,0,114,0,339,0,87,59,0,0,0,0,0,0,105,26,116,0,0,9,0,0,0,0,0,2,0,7,0,0,0,0,0,8,0,0,0,5,0,0,22,1,3,0,11,14,2,0,0,1,0,0,0,0,0,98,0,61,216,0,1,0,0,0,6,0,0,0,428,0,0,0,0,0,16,3,0,0,0,0,343,0,0,0,0,178,0
"630",0,0,1,0,0,0,0,45,0,0,0,0,0,286,0,0,0,0,0,19,0,0,0,14,0,1,0,0,7,0,376,0,0,3,0,0,17,16,1,0,0,0,0,0,0,12,0,0,0,0,0,0,0,0,104,0,0,0,28,77,0,0,0,0,0,0,142,0,0,0,0,0,0,0,0,0,0,0,0,16,0,0,0,0,0,1,0,0,0,0,0,2,80,0,0,181,0,0,53,0,0,1,0,0,33,0,0,2832,0,0,0,0,0,0,0,0,0,4,119,0,0,0,0,7,76,103,0,0,0,0,164,0,0,0,0,0,34,2,0,0,5,0,0,0,0,0,0,0,0,0,0,0,15,0,1,0,0,0,0,0,0,0,0,0,0,0,0,0,0,0,2,0,0,0,0,0,0,0,8,0,0,0,0,0,0,0,0,0,0,0,0,0,2,0,0,0,0,0,0,0,0,0,0,0,0,5,0,0,1,5,0,0,0,0,0,0,1,0,314,0,0,0,0,0,0,0,0,0,0,13,0,16,0,8,0,0,0,0,0,0,0,0,0,0,0,0,0,0,0,0,0,0,0,0,0,3,2,0,20,0,1,0,0,4,0,0,0,0,10,35,0,0,278,0,0,0,12,0,0,3829,0,0,248,0,0,0,0,0,7,0,0,0,0,4,275,0,3,0,0,16,0
"631",0,0,0,6,0,0,1,0,0,1,0,0,0,0,3,0,0,0,0,0,0,88,0,31,0,3192,0,0,0,0,0,0,0,96,0,0,3,6,0,0,4,1,1,0,0,6,0,0,0,0,2,0,0,0,0,33,3,0,0,166,4,15,0,0,0,0,66,0,0,0,48,3,3,0,0,0,0,0,0,15,6,0,4,0,0,0,148,0,1,6,0,1,1,0,0,144,0,1,16,0,0,0,0,0,0,0,4,2078,0,0,0,0,0,16,0,0,0,0,40,0,14,0,0,1,14,2,0,0,0,0,1,3,0,0,0,0,7,11,0,0,18,0,0,0,1,7,3,4,0,0,3,1,0,18,0,0,0,0,0,72,0,0,0,0,0,0,0,0,0,0,29,0,4,0,0,0,0,26,4,0,0,0,0,0,4,0,0,0,0,0,6,31,5,0,0,0,0,0,0,0,0,0,0,25,0,53,0,0,0,0,0,0,0,1,20,0,12,0,1,0,0,25,0,0,0,0,0,0,2,30,80,0,0,82,0,0,0,0,0,2,0,0,0,0,0,0,0,0,0,0,0,0,0,1,0,0,2,0,8,0,5,0,0,0,0,0,0,0,0,6,0,24,55,0,0,0,0,0,3,2482,0,0,159,0,0,0,0,0,8,15,0,0,0,0,0,0,62,0,0,10,0
"632",0,0,0,0,0,0,0,0,0,0,0,0,0,95,0,0,0,0,0,0,0,3,0,0,0,2641,0,0,64,3,122,0,0,1,0,0,0,0,0,0,0,0,322,25,0,0,0,0,9,0,0,64,0,0,18,0,0,0,0,96,0,29,0,0,46,0,0,0,0,0,11,0,0,20,0,0,0,0,0,0,0,1,68,1,0,3,0,1,0,81,1,55,0,0,0,0,0,0,5,0,0,1,0,0,2,0,122,104,0,413,2,3,0,252,0,0,0,0,40,0,0,0,0,1,14,58,11,0,0,80,24,190,2,0,0,0,7,0,0,0,0,0,0,0,465,0,25,0,0,7,3,1,0,0,0,0,0,0,0,292,0,0,0,329,0,0,0,0,0,0,0,0,4,0,0,0,0,2,64,0,0,0,0,0,0,0,0,0,0,0,0,31,1,1,0,2,0,2,0,0,0,0,0,12,0,1,5,0,0,31,0,0,4,1,1,0,12,7,1,0,0,21,0,0,0,0,0,0,29,0,2,0,0,1790,0,1,0,0,0,2,0,0,1,89,0,1,0,0,1,0,0,0,2,0,0,1,0,0,2,20,0,12,0,12,0,0,1,62,7,105,0,0,0,0,0,0,0,0,43,2496,0,0,85,0,0,0,0,0,3,27,0,0,0,0,112,3,55,62,0,54,44
"633",0,10,0,6,0,0,14,14,0,0,0,0,1,157,1,0,0,0,0,0,24,9,0,99,0,1162,0,0,4,4,32,0,0,7,0,0,4,95,0,5,14,0,1,35,0,161,0,10,0,1,63,30,0,0,5,4,0,0,0,95,0,54,0,0,0,0,50,0,30,0,11,0,0,2,0,0,0,0,0,134,33,0,284,0,54,0,10,1,0,11,1,0,1,24,0,1,0,0,56,0,0,0,0,0,17,0,13,516,0,0,0,0,0,41,0,0,0,0,16,1,35,0,0,3,4,0,0,0,2,80,0,63,0,0,0,2,0,40,0,0,0,0,0,0,0,0,0,0,2,2,2,15,0,0,0,0,0,2,0,107,0,0,0,1553,0,0,0,0,0,0,0,0,1,0,0,0,0,93,96,0,0,0,0,21,21,0,0,0,0,0,0,15,1,0,0,0,0,0,0,772,0,0,0,71,0,67,0,0,0,1,0,0,0,0,3,0,85,13,127,7,10,0,0,0,0,0,0,0,38,0,177,0,0,706,0,0,0,0,0,0,0,0,0,0,0,0,0,0,0,0,26,1,3,0,26,0,14,0,1,1,0,0,5,0,1,0,0,0,4,22,0,7,10,1,0,1,0,0,7,2090,0,2,5,0,0,0,0,4,21,6,0,0,0,0,47,0,0,0,0,32,0
"634",0,1,0,0,0,0,1,48,0,0,0,0,0,0,11,0,23,0,0,0,0,0,0,0,0,0,0,0,0,19,919,0,0,13,0,0,21,25,0,0,0,0,1,0,0,2,0,0,0,0,0,0,0,0,0,0,0,0,0,16,14,0,0,0,0,0,60,0,62,59,0,0,1,0,0,0,0,0,0,42,0,0,1,0,0,5,5,0,0,0,0,3,8,0,0,0,0,0,29,0,0,136,0,82,0,0,4,451,0,0,8,0,0,16,6,0,0,0,40,0,44,0,0,1,320,2,0,0,0,0,1,3,0,0,0,0,7,36,0,0,18,0,0,0,1,0,3,0,0,0,30,1,0,4,0,0,0,0,0,11,0,0,0,470,41,0,0,0,0,0,9,0,4,0,0,0,2,225,4,1,0,0,62,0,3,0,0,0,0,0,5,31,5,0,0,0,0,0,1,0,0,6,0,0,29,93,0,0,4,0,0,0,0,1,1,12,12,0,1,0,0,1,0,0,0,0,0,0,2,0,44,1,0,351,0,0,0,0,0,2,0,0,0,0,37,0,0,0,0,0,0,0,0,0,60,9,0,0,0,0,0,0,9,4,1,0,0,0,0,1313,0,0,264,0,0,0,0,0,10,2071,0,0,8,0,0,0,0,0,0,0,0,0,0,0,15,0,5,0,0,124,0
"635",0,0,1,0,0,0,4,1,0,0,0,0,0,0,10,8,0,0,0,0,0,9,0,3,0,2125,0,0,5,22,628,0,0,0,0,0,32,0,0,0,0,0,0,12,0,72,0,0,0,0,0,0,0,0,0,0,0,0,0,0,0,0,1,0,0,0,9,0,0,155,0,0,0,2,0,0,0,0,0,0,0,1,3,0,44,0,1,0,0,37,0,14,0,0,0,1,0,0,4,0,0,0,0,0,0,1,9,3680,0,0,0,0,0,31,0,0,0,0,0,0,0,0,0,1,458,0,0,0,0,0,0,4,0,3,1,0,0,0,0,0,11,0,0,0,0,0,0,3,0,1,10,0,1,1,0,0,1,0,0,0,0,0,0,0,0,0,0,0,0,0,0,0,0,0,7,0,0,24,99,0,0,0,0,0,0,0,0,0,0,0,0,56,0,0,0,0,0,0,0,0,0,0,0,0,536,5,0,0,1,22,0,0,0,0,1,0,0,0,0,0,30,18,0,0,0,0,6,0,0,0,7,0,0,184,0,0,0,0,0,0,0,0,0,0,0,0,0,0,0,0,211,0,0,0,13,0,0,0,0,0,0,0,0,0,0,0,0,0,0,0,0,0,0,0,1,0,0,0,0,1080,0,0,32,0,0,0,0,0,0,3,0,136,0,0,34,0,9,0,0,67,0
"636",0,5,10,3,0,0,1,1,0,1,0,0,0,4,3,0,2,0,0,0,0,3,0,343,0,1554,0,0,23,31,177,0,0,13,0,0,4,3,0,0,2,0,0,2,0,0,0,0,0,0,2,47,0,0,1,4,1,1,0,2,0,31,0,0,0,1,137,0,5,24,1,0,0,1,1,0,0,0,0,0,0,0,98,0,7,4,0,0,0,32,0,42,1,0,0,0,0,0,7,0,0,52,0,3,1,0,0,1861,0,0,0,0,0,0,0,0,0,0,24,5,29,0,0,0,23,74,6,0,0,0,1,0,0,1,0,1,0,6,0,0,0,0,0,0,0,7,17,11,9,1,0,0,0,0,8,0,0,0,0,6,0,0,0,0,0,0,0,0,1,0,2,0,0,1,0,0,0,1,323,0,0,0,0,0,7,0,0,0,0,0,0,146,2,0,0,0,0,0,0,0,0,0,0,1,0,22,0,0,0,0,103,1,11,0,3,0,29,4,0,0,0,0,0,6,0,0,0,0,4,4,0,0,0,1918,0,0,1,0,0,1,0,0,1,0,0,52,1,0,0,25,0,0,3,0,8,163,11,0,1,6,1,0,0,2,58,0,0,0,123,16,0,0,104,0,1,0,0,0,2,1909,0,0,4,0,0,0,0,0,1,21,0,0,0,4,42,0,21,0,0,55,0
"637",0,0,0,0,0,0,18,0,0,0,0,0,6,20,486,0,0,0,0,1,5,0,0,0,0,2504,0,0,24,43,0,0,0,146,0,0,0,12,0,0,0,0,0,0,0,53,0,0,0,0,0,0,0,0,0,0,0,0,0,0,0,0,0,0,0,0,202,0,0,0,0,0,0,0,0,53,0,0,0,0,0,0,0,0,0,106,0,0,0,78,0,0,167,0,0,0,25,0,0,0,0,412,0,0,0,0,7,0,0,0,0,51,0,36,0,0,3,0,71,0,0,0,0,1,256,0,0,0,7,0,3,2,0,0,0,0,19,0,0,0,0,0,0,0,0,0,0,0,0,50,26,0,0,0,0,0,0,0,0,0,0,0,0,0,0,0,0,0,0,108,0,0,4,0,0,0,0,0,0,0,0,0,0,0,0,0,0,0,0,0,0,188,2,0,0,16,0,0,0,0,0,0,0,0,0,0,0,31,5,7,0,0,0,0,0,0,0,0,1336,0,0,0,0,0,0,0,0,27,15,0,5,0,0,0,81,0,0,0,0,0,0,0,0,0,0,0,0,0,0,0,13,0,0,0,0,0,0,0,0,7,0,0,0,0,6,0,0,194,0,0,11,0,0,6,5,0,0,0,0,1087,0,19,1380,0,32,0,0,1,0,0,0,0,0,0,0,0,125,0,0,397,0
"638",0,0,0,26,0,0,0,0,0,0,16,0,0,193,18,0,2,15,0,0,0,8,0,0,0,1537,0,0,12,13,122,290,16,33,5,0,20,1,0,0,7,0,0,1,0,81,0,2,0,0,0,94,0,0,0,3,0,0,0,325,6,14,0,0,0,0,154,0,0,0,0,0,0,6,632,0,0,0,0,157,35,1,67,1,2,3,318,0,0,3,9,1,1,0,47,0,0,0,8,0,7,21,0,4,0,1,64,1309,0,20,0,22,0,26,0,0,0,0,92,0,34,0,0,0,14,56,0,0,2,0,1,195,198,0,64,0,17,27,0,2,0,0,0,0,0,0,11,3,0,0,4,12,0,0,0,0,0,0,20,11,0,0,0,0,0,0,0,0,0,0,0,0,19,0,0,5,0,26,3,1,0,0,0,0,0,2,0,0,41,0,0,67,0,0,0,0,0,1,0,0,0,0,0,588,95,43,0,7,0,0,0,0,4,0,10,2,61,108,54,0,12,0,0,0,0,0,0,0,23,0,93,1,1,289,0,0,0,0,5,0,0,0,0,0,30,0,0,10,0,0,1,1,4,20,36,16,0,0,7,7,0,4,0,29,0,0,0,3,1,1,0,3,349,0,0,0,0,0,3,1178,0,0,43,0,0,0,0,0,56,1,0,0,0,0,0,0,76,1,0,18,0
"639",0,0,0,0,0,1,1,0,0,0,1,0,0,250,3,0,4,1,0,0,0,0,0,0,0,1984,0,0,5,0,1,0,0,0,0,0,7,9,0,0,2,0,1,0,0,0,0,0,0,0,0,0,0,0,0,0,0,0,0,0,0,0,0,0,0,0,0,0,10,0,0,0,0,0,0,1,0,0,0,8,0,0,1,0,0,0,0,0,0,161,0,2,1,26,0,0,0,0,0,0,0,11,0,0,0,0,4,104,0,0,0,0,0,16,0,0,0,0,236,0,0,0,0,1,515,2,0,0,0,0,21,1380,0,0,0,8,112,0,0,0,23,0,0,0,1,0,3,0,0,0,3,1,0,0,4,0,0,0,0,11,0,0,0,157,0,0,0,0,0,0,3,0,4,0,0,0,0,0,4,0,0,0,0,0,13,0,0,0,0,0,0,31,1,0,0,0,0,0,0,0,0,0,0,6,0,11,7,0,0,0,0,0,0,1,1,0,12,0,1,0,0,1,0,0,0,0,0,0,2,0,2,0,1,610,0,0,2,0,0,118,0,0,0,0,0,0,0,0,0,29,0,0,5,0,1,1,7,0,0,0,0,0,0,2,0,0,0,0,6,3,0,3,572,0,0,0,0,1,17,3330,0,0,54,0,0,0,0,0,0,0,0,0,0,0,95,0,28,0,0,24,0
"640",0,0,0,0,0,0,0,18,0,0,0,0,0,0,2,0,0,0,0,0,0,32,0,0,0,0,0,0,49,0,0,0,0,0,0,0,21,18,0,0,0,0,1,0,0,17,0,0,0,0,8,0,0,0,0,2,1,1,0,106,12,74,0,3,0,0,30,0,0,68,44,1,0,0,1247,0,0,0,0,121,0,8,57,0,72,3,0,0,0,186,0,31,0,0,0,0,0,0,0,0,0,0,0,0,31,1,4,374,0,0,0,0,0,229,0,0,0,0,174,0,0,0,0,1,56,2,0,12,0,0,1,1175,0,20,2,0,46,0,0,2,16,0,0,0,1,0,74,0,0,0,38,1,0,6,0,0,0,0,0,11,0,0,0,0,0,0,0,0,0,0,35,0,4,0,0,0,0,21,381,4,0,0,0,0,2,0,0,0,0,0,1,141,1,0,0,0,104,3,0,395,0,0,0,2,0,199,0,0,0,3,0,0,0,1,1,0,276,0,1,0,0,33,0,0,0,0,0,0,2,0,250,0,0,1420,0,0,0,0,1,2,0,0,0,0,9,3,0,0,0,0,0,3,68,0,11,2,12,0,0,0,12,0,0,6,0,0,0,0,0,2,0,0,81,0,0,0,74,0,0,1975,0,0,46,0,0,0,0,0,56,14,0,0,0,0,0,63,9,0,0,69,0
"641",0,0,0,8,0,0,0,0,3,0,0,0,0,0,27,0,0,0,0,0,0,0,1,145,0,3074,0,0,36,11,12,0,0,65,0,0,154,0,0,0,66,0,0,0,0,14,0,0,0,0,0,69,0,0,0,7,6,2,0,0,0,0,0,0,0,0,0,0,14,38,0,0,0,0,0,72,0,0,0,58,18,0,0,0,0,1,0,0,0,0,0,2,0,0,0,0,0,0,0,0,0,14,0,0,0,0,0,364,0,0,0,0,1,0,0,0,0,0,72,0,45,0,0,0,50,0,0,0,0,0,0,0,0,0,2,6,80,32,0,0,0,0,0,0,0,0,0,0,0,0,0,0,0,0,0,0,0,0,0,43,0,0,0,0,0,0,0,4,0,0,0,0,566,2,0,0,0,7,54,0,0,5,0,0,0,0,0,0,0,0,0,85,2,0,0,0,0,0,0,0,0,0,0,0,511,22,0,0,4,6,0,0,0,0,33,0,0,0,232,0,0,0,0,79,1,0,0,0,5,0,0,1,0,623,0,0,0,0,0,0,0,0,0,0,1,49,0,0,0,0,0,0,0,0,0,6,0,0,0,0,0,0,0,0,19,0,0,0,2,0,0,0,316,0,9,0,0,0,6,2410,0,0,89,0,0,0,0,0,0,0,0,0,0,0,1,41,0,0,0,202,0
"642",0,0,0,0,0,0,2,0,0,0,0,0,3,0,2,0,15,0,0,0,0,0,0,432,0,1911,0,0,73,38,0,0,0,0,0,0,0,258,0,0,15,0,0,0,0,106,0,0,0,0,14,0,0,0,0,0,0,0,0,0,0,0,0,0,0,0,0,0,0,0,0,0,0,0,0,601,0,0,0,0,0,0,32,0,0,0,2,0,0,42,0,20,3,0,0,0,0,0,0,0,0,14,0,0,0,0,0,1,0,0,0,0,0,0,0,7,0,0,21,0,0,0,0,3,33,0,0,0,0,0,0,10,0,0,0,0,12,14,0,0,9,0,0,0,0,0,0,0,0,2,8,0,0,0,2,0,0,0,0,0,0,0,0,0,0,0,0,1,0,2,0,0,11,0,0,0,0,0,0,0,0,0,0,0,0,0,0,0,0,0,0,202,6,0,0,2,0,0,0,0,0,0,0,0,2175,152,0,0,0,20,2,0,0,0,0,0,0,0,74,0,0,0,0,0,0,0,0,355,0,0,0,0,0,0,0,0,0,0,0,0,0,0,0,0,0,0,0,0,0,0,0,0,0,0,0,0,3,0,0,0,0,0,0,0,0,0,0,0,0,1973,0,0,254,0,0,0,0,0,0,1006,0,0,0,0,1,0,0,0,0,0,0,0,0,0,1,0,34,0,0,21,0
"643",0,0,7,0,0,0,0,0,0,1,0,0,3,0,93,0,0,0,0,5,36,34,0,1,0,1096,0,0,62,25,0,0,0,416,0,0,63,0,0,0,0,0,1,0,0,0,0,0,0,0,0,0,0,3,4,3,0,0,0,1,0,0,0,1,0,0,69,0,0,0,12,0,0,0,0,0,0,0,0,25,0,0,690,0,0,8,0,0,0,0,0,23,0,0,0,0,0,0,0,0,11,0,3,27,0,0,4,1755,0,50,0,0,0,16,0,0,0,1,554,0,25,0,0,1,14,2,0,223,0,0,1,3,0,0,0,0,7,18,0,0,29,0,0,1,1,119,3,0,0,0,3,1,0,5,0,0,17,0,0,11,0,0,0,0,0,0,0,0,0,0,0,0,4,0,0,0,2,0,4,0,0,0,0,0,28,0,0,0,0,0,0,31,1,0,0,0,0,0,0,0,0,7,0,0,0,97,0,0,0,1,0,108,0,1,1,1,12,176,310,0,80,1,0,0,0,0,0,0,99,0,2,0,0,751,0,0,0,0,0,84,0,0,0,0,60,0,0,0,0,0,0,0,53,0,0,98,6,0,0,13,0,0,0,2,0,0,0,0,0,95,0,0,177,0,33,0,0,0,0,735,1,0,1210,0,0,0,0,0,0,0,0,0,0,0,0,0,9,0,0,0,0
"644",0,0,0,0,4,0,0,9,0,0,0,0,0,0,363,0,0,4,0,0,49,0,0,141,0,0,0,0,3,3,193,0,0,0,0,0,7,0,0,0,0,0,1,0,0,1,0,1,0,0,10,73,0,0,0,2,1,8,0,1,0,0,0,0,2,0,48,0,0,0,10,0,0,325,0,0,0,3,0,4,0,1,0,0,510,0,1,0,1,21,0,58,34,0,0,7,0,0,27,1,0,0,0,0,2,0,4,1088,0,34,0,0,0,109,0,109,0,2,40,0,0,21,0,1,14,57,0,0,2,0,1,3,0,5,0,1,7,0,0,0,0,0,0,0,1,0,3,0,0,0,16,23,0,7,0,0,0,0,7,11,0,0,0,0,0,0,0,0,0,0,0,0,4,0,0,0,0,0,114,0,0,0,0,0,0,0,0,265,0,0,0,31,1,1,0,0,0,0,4,0,0,0,2020,0,0,1,0,0,0,0,0,0,5,1,10,0,12,0,263,0,0,1,0,0,0,45,0,0,69,0,74,0,0,644,0,0,2,0,0,2,0,0,0,0,0,0,0,0,0,0,0,2,0,0,0,0,0,0,0,6,1,0,0,0,0,0,0,0,0,2760,0,0,0,2,3,0,0,1,3,2401,0,0,0,0,0,0,0,0,3,0,0,0,0,0,0,1,0,7,0,44,0
"645",0,0,0,0,0,1,8,1,0,0,12,1,1,0,80,0,0,0,0,1,4,13,0,423,0,1716,1,0,221,26,0,0,0,88,0,0,1,2,0,21,2,0,0,12,0,71,0,1,0,0,3,0,0,0,8,2,0,0,0,9,10,1,1,0,0,0,48,0,2,0,9,1,2,1,0,384,0,0,0,0,4,0,17,5,1,60,32,1,0,16,0,263,119,0,0,0,0,0,8,0,0,0,0,5,2,0,1,128,0,0,0,0,0,2,0,0,0,0,7,0,0,0,0,0,28,0,0,0,0,58,3,1,0,0,0,1,281,0,0,0,1,0,0,0,0,0,4,2,0,0,1,16,0,0,1,0,0,0,0,17,0,0,1,0,0,1,0,0,0,0,0,0,292,0,0,0,1,5,129,1,0,0,0,0,14,0,0,0,0,0,0,7,3,0,16,0,0,0,0,0,0,0,0,0,0,28,1,0,0,0,2,0,4,5,1,1,95,3,75,6,0,3,0,0,0,0,1,0,34,1,4,1,0,1337,0,0,0,0,0,0,0,0,0,0,0,0,0,0,0,0,0,2,6,0,1,13,10,2,1,1,0,0,0,1,0,1,0,0,0,2024,0,2,41,0,0,0,4,0,0,1470,0,0,10,0,0,0,0,0,1,28,0,2,0,0,9,2,0,0,0,38,0
"646",0,0,0,2,9,0,2,0,0,0,0,5,0,0,2,0,0,37,0,0,5,14,1,158,0,0,0,0,65,0,488,12,4,211,0,28,2,111,0,0,9,0,1,6,0,0,0,1,2,0,0,24,0,0,0,0,0,0,0,4,0,7,0,58,0,19,123,2,137,0,1,0,0,15,6,0,0,0,0,28,9,0,248,5,4,0,21,0,0,42,1,62,166,0,20,234,0,0,62,0,0,0,0,0,14,0,91,857,0,0,0,0,0,16,0,0,0,1,216,0,0,1,32,1,14,2,0,0,1,88,1,162,1,0,0,0,7,17,0,2,0,0,0,0,1,87,3,0,0,1,12,1,0,0,0,0,0,0,1,234,0,0,0,2,0,0,6,0,0,39,0,0,191,0,0,0,0,0,380,0,0,0,0,0,7,0,0,0,2,2,0,120,1,0,0,0,0,0,0,0,0,0,0,0,0,5,0,0,0,2,0,0,5,1,33,1,12,0,267,4,18,24,0,0,0,15,0,0,20,0,20,0,0,1019,0,0,0,0,0,2,0,0,1,0,0,10,0,0,0,0,1,0,0,0,6,0,0,0,16,0,0,17,0,0,0,0,0,4,3,104,0,43,279,0,0,0,0,1,2,1552,0,0,70,0,0,0,1,19,11,0,49,0,0,5,83,0,0,10,5,87,0
"647",0,1,0,3,0,0,0,0,0,0,0,2,0,0,29,0,0,0,0,0,0,6,3,90,0,1723,0,0,0,0,0,0,2,32,0,0,0,9,0,0,3,0,0,1,0,110,0,0,0,0,0,14,0,0,0,2,0,0,0,15,0,0,0,3,0,11,0,0,21,0,1,0,0,0,23,0,0,0,0,14,6,2,1,0,1,0,32,0,0,0,0,4,0,0,0,0,0,1,4,0,0,0,0,8,2,0,0,1914,0,0,0,0,0,0,0,0,0,0,105,0,13,0,0,0,28,0,0,0,0,0,0,0,0,0,0,3,0,18,0,2,0,0,0,0,0,0,0,23,0,0,0,0,0,0,0,8,0,0,0,2,0,0,0,0,0,0,0,0,0,11,0,0,1967,0,0,0,0,0,409,0,0,1,0,0,0,0,0,0,0,0,0,14,0,0,0,0,0,0,0,0,0,0,0,1,1769,37,0,0,0,0,0,0,3,0,0,1,27,2,0,0,10,15,0,0,0,0,0,0,1,5,1,0,0,373,0,0,0,0,0,0,0,0,0,0,43,0,0,0,0,0,0,0,1,0,20,0,45,0,0,0,0,0,0,0,0,0,0,0,0,681,0,0,27,0,0,0,0,0,22,179,0,0,23,0,0,0,0,0,18,1,0,0,0,0,0,0,0,0,0,0,0
"648",0,0,0,0,0,0,1,0,0,0,0,8,8,29,2,0,0,0,0,0,6,0,0,65,0,16,0,0,15,136,96,0,0,39,0,0,0,554,0,0,0,0,0,15,0,77,0,0,0,0,0,26,0,0,0,0,10,0,0,275,0,0,0,0,0,0,0,2,4,0,0,0,0,11,0,0,0,0,0,0,0,0,506,0,0,0,121,0,0,172,0,13,2,0,0,5,0,0,57,0,0,0,0,0,0,0,2,1892,168,82,0,0,0,15,0,0,0,0,633,0,0,0,8,2,35,0,0,0,0,0,62,221,1,0,0,0,3,55,0,0,0,0,0,0,0,0,0,0,0,150,0,0,0,0,0,0,0,0,0,6,0,0,0,1252,0,0,0,5,0,0,0,21,0,0,0,0,0,0,210,0,0,0,0,0,0,12,0,18,0,0,0,52,0,0,0,0,0,0,0,0,0,0,2,0,0,0,0,0,0,15,0,0,0,0,0,0,0,0,1,0,0,0,0,0,0,0,0,0,0,0,0,0,0,365,0,0,0,0,0,0,0,0,0,48,0,0,0,12,0,0,1,0,0,0,0,10,0,0,0,7,0,0,0,0,0,0,0,0,19,758,0,0,36,0,0,0,0,0,0,1347,0,0,127,0,0,0,0,6,0,0,0,0,0,0,15,0,6,0,0,50,0
"649",0,5,0,0,0,0,15,0,0,0,0,0,22,191,10,0,0,0,0,0,0,65,0,39,0,0,0,0,31,0,1,0,0,44,0,0,1,10,0,0,12,0,1,92,0,104,0,0,0,0,2,0,0,0,0,0,0,0,0,142,0,0,0,1,0,0,0,0,216,0,0,3,0,0,0,0,0,0,0,50,9,0,0,0,0,1,0,0,0,290,0,0,45,0,0,0,0,0,42,0,0,0,0,0,9,0,4,104,0,0,0,0,0,16,0,0,0,3,40,0,0,0,0,119,14,2,0,0,0,0,1,3,0,0,0,0,7,13,0,0,0,0,0,0,1,0,3,0,0,0,3,1,0,0,0,0,0,0,0,11,0,0,0,465,0,0,0,0,0,0,0,0,2441,0,0,0,0,93,4,0,0,0,0,0,0,0,5,0,0,0,0,31,1,0,0,0,2,0,0,0,0,0,0,0,350,1,0,0,0,19,0,0,0,1,1,0,12,0,1,0,0,1,0,0,0,0,0,0,2,0,2,0,0,473,0,0,0,7,0,2,0,2,0,0,0,0,144,0,0,0,15,0,0,0,0,0,0,0,0,0,0,0,0,4,0,0,0,0,0,154,0,0,59,0,0,0,1243,0,0,1227,0,0,0,0,0,0,0,0,0,102,0,0,0,0,0,0,2,0,0,0,0
"650",0,5,0,2,0,0,1,0,0,0,0,0,13,167,4,0,0,0,0,0,0,17,0,30,0,2349,0,0,1,0,0,0,3,108,0,0,0,28,0,0,4,0,0,0,0,83,0,0,0,0,12,49,0,0,0,4,0,0,0,7,0,3,0,4,0,0,161,0,7,0,0,0,1,19,0,655,0,0,0,0,0,1,0,0,0,28,0,0,0,43,0,2,1,0,0,0,2,0,0,0,0,0,1,5,0,0,2,258,0,0,1,0,0,195,0,0,0,0,345,0,35,0,0,8,236,0,0,0,0,0,0,0,0,0,73,0,69,0,0,0,1,0,0,1,0,0,0,13,0,0,0,0,0,0,0,0,0,0,0,0,0,0,0,0,0,0,3,0,0,9,0,1,38,0,0,0,0,0,0,1,0,0,0,0,0,1,0,0,0,0,0,270,1,0,0,0,0,0,0,0,0,0,0,9,0,9,0,0,0,1,0,0,0,0,12,1,0,0,94,0,0,0,0,0,0,0,0,0,81,0,121,1,0,634,0,0,0,0,0,2,0,0,0,0,0,0,0,1,0,0,2,0,5,0,6,14,0,0,0,0,0,0,0,1,7,0,0,0,69,43,47,0,649,0,0,0,0,0,0,2401,0,0,215,0,0,17,0,1,0,0,0,0,0,0,0,0,2,0,0,182,0
"651",0,0,0,12,0,0,0,26,0,0,0,0,0,0,57,0,15,0,0,0,0,0,0,281,0,1,0,0,117,0,30,0,0,0,0,0,48,565,0,0,5,0,1,0,0,0,0,0,0,0,15,147,0,0,37,26,1,0,0,238,0,0,0,9,0,0,14,0,0,0,155,0,0,0,0,0,0,0,0,281,0,16,2,0,0,0,0,0,0,0,0,33,5,0,0,16,0,0,0,0,4,0,0,52,0,0,4,537,0,0,0,0,0,16,0,0,0,3,40,8,0,0,0,1,14,2,0,0,0,0,1,3,0,12,0,0,7,14,0,0,0,0,0,2,1,0,3,0,0,0,3,1,0,27,0,0,0,0,0,11,0,0,0,1179,0,1,0,0,0,0,0,51,4,1,0,0,0,0,4,1,0,0,0,0,0,7,0,0,0,0,0,195,1,0,0,0,0,0,0,0,0,0,0,47,2,79,0,0,0,0,1,0,0,1,1,0,12,0,1,0,70,1,0,0,0,0,63,0,2,0,2,0,0,127,0,0,0,0,0,2,0,0,0,0,6,0,0,0,0,0,0,0,0,0,0,5,0,0,0,0,0,0,0,5,0,0,13,0,0,6,4,0,0,0,0,0,0,0,0,2329,0,0,127,0,0,0,0,0,0,0,0,0,0,0,0,0,1,0,0,108,0
"652",0,0,1,0,0,0,36,0,0,0,0,0,0,0,207,0,0,0,0,0,0,88,0,0,0,571,0,0,212,0,157,0,0,204,0,0,7,0,0,0,0,0,1,0,0,0,0,4,0,0,0,0,0,0,0,2,0,0,0,26,0,0,0,0,0,0,236,0,0,188,8,0,1,0,0,0,0,0,0,10,0,1,0,0,47,0,0,0,0,43,0,26,0,0,0,0,0,0,0,0,0,0,0,1,17,0,160,3625,0,0,0,2,0,16,0,0,0,20,40,2,0,0,0,1,14,2,0,0,0,0,1,3,0,0,0,0,7,0,0,0,70,0,0,0,1,0,3,0,0,0,3,1,0,0,0,0,0,0,216,11,0,0,0,0,0,0,0,0,0,1,0,0,4,0,0,0,0,89,409,0,0,0,0,0,0,0,0,0,0,0,0,31,1,0,0,0,0,0,0,0,0,0,0,19,0,1,0,0,0,3,0,0,0,1,1,0,184,96,1,7,111,1,0,0,0,0,0,0,56,0,2,0,0,365,0,0,3,0,0,2,0,0,0,0,0,0,0,0,0,0,18,0,17,0,25,0,0,0,0,0,1,0,0,1,0,0,0,0,0,33,36,0,96,0,5,0,0,0,0,2120,0,0,223,0,0,0,0,0,0,0,0,0,0,0,203,0,0,186,0,99,0
"653",0,0,0,0,0,0,0,0,0,0,0,0,0,0,1235,0,0,15,0,0,0,20,0,0,0,1046,0,0,70,21,0,0,1,17,0,0,4,0,0,0,0,0,1,0,0,1,0,17,0,0,0,0,0,3,0,1,0,0,0,547,0,0,0,1,0,0,295,0,0,0,14,0,19,19,0,0,0,0,0,82,0,38,5,0,0,3,46,0,0,33,0,114,134,0,0,0,0,0,14,0,0,329,0,0,1,0,4,908,0,0,0,0,0,16,5,0,0,0,182,0,3,0,0,1,137,2,0,0,301,0,1,3,0,0,0,0,836,0,0,0,116,0,0,0,1,0,3,0,0,0,20,1,25,11,0,0,0,0,0,120,0,3,0,0,0,0,0,0,0,0,0,0,4,0,0,0,4,8,4,0,0,0,0,0,15,0,0,0,0,0,75,31,1,0,0,0,0,0,0,0,0,0,0,1132,948,122,0,0,0,0,1,0,0,1,13,1,12,35,104,0,0,1,0,0,0,61,0,0,2,0,56,1,0,2050,0,0,4,0,0,40,0,0,0,0,106,26,0,0,0,0,0,3,0,0,4,19,0,0,3,1,11,0,0,26,1,0,0,0,0,1542,0,0,203,0,0,0,0,3,5,1,0,0,1,0,0,0,0,0,78,11,0,0,0,0,153,12,0,0,0,4,0
"654",0,0,0,8,0,4,29,8,0,0,0,0,2,186,113,0,0,0,0,0,0,0,0,96,0,2719,0,0,26,19,0,0,0,197,0,0,5,120,0,0,6,0,0,0,0,228,0,0,0,0,0,0,0,0,0,6,0,0,0,241,11,0,0,136,0,1,29,1,0,0,33,0,0,11,0,0,0,0,0,37,43,0,0,0,59,0,101,0,2,79,0,20,0,0,0,0,0,0,76,0,0,0,0,26,0,0,0,603,0,0,0,0,0,68,0,0,0,0,44,0,17,0,0,2,68,0,0,0,12,0,0,46,0,0,0,0,17,0,0,2,0,1,0,0,0,0,0,7,6,0,10,17,0,7,6,0,0,0,14,0,0,0,0,1,0,0,3,0,0,0,0,0,7,0,0,0,0,8,126,0,0,0,0,0,28,0,0,0,0,0,1,284,3,0,0,0,0,0,0,0,0,0,0,23,0,0,0,0,0,0,0,0,0,6,4,0,34,0,0,7,0,0,0,0,0,0,0,0,76,0,56,0,0,167,1,0,0,0,0,0,0,0,0,0,0,0,0,0,0,0,2,0,0,1,0,0,6,0,11,32,0,0,0,0,0,0,0,0,0,5,0,5,67,0,0,0,0,1,0,2811,0,0,318,0,0,0,0,0,2,0,0,0,1,0,0,0,245,0,0,40,0
"655",0,0,0,6,0,0,4,45,0,0,12,0,0,0,45,0,2,0,0,0,0,0,0,443,0,946,0,0,51,24,45,0,0,11,0,0,122,80,12,0,0,0,1,15,0,22,0,0,0,0,80,44,0,0,0,4,2,3,0,3,0,175,0,0,0,0,0,0,0,9,0,0,0,19,0,0,0,0,119,1,16,0,75,0,476,0,0,0,0,23,0,109,14,0,0,0,0,0,0,1,0,0,0,0,0,0,4,104,0,0,0,0,0,16,0,0,0,0,40,2,0,0,0,1,14,2,0,0,0,0,1,3,0,0,0,13,7,0,0,0,21,0,0,0,1,0,3,0,11,33,3,1,0,17,0,0,0,0,0,11,0,0,0,0,0,0,1,0,0,0,0,0,4,0,0,0,0,13,41,0,0,0,6,0,3,0,0,0,0,0,0,31,1,0,0,12,0,0,0,0,0,0,0,19,0,1,0,0,0,11,10,0,0,1,13,0,88,0,1,0,12,1,0,106,0,0,0,0,38,0,257,0,0,311,0,0,0,0,0,2,0,0,0,0,0,0,0,0,0,0,0,1,6,0,4,0,0,0,0,12,0,0,0,3,0,0,0,0,0,1694,0,4,0,0,24,0,0,0,3,1115,0,0,97,0,0,0,0,0,0,6,0,0,0,0,3,0,1,0,0,48,0
"656",0,0,0,0,0,0,0,43,0,0,0,0,0,0,9,0,69,0,0,0,0,42,0,0,0,13,0,0,223,0,0,0,0,0,0,0,0,0,0,0,0,0,427,0,0,18,0,0,0,0,0,0,0,0,0,0,0,0,0,239,0,0,0,0,0,0,0,0,0,0,0,0,0,0,0,0,0,0,4,0,0,0,327,0,0,1,0,0,0,0,0,0,45,0,0,0,0,0,27,0,0,9,0,0,0,0,0,2218,0,0,0,0,0,0,0,1,0,0,0,0,1,0,0,2,515,50,0,0,0,0,21,110,0,0,0,0,6,0,0,0,0,0,0,0,0,0,0,0,0,0,0,0,0,0,0,0,0,1,0,35,0,0,0,0,0,0,0,0,0,0,21,0,123,0,0,0,0,0,108,0,0,0,0,0,36,0,0,0,0,17,0,81,0,0,0,0,0,0,0,0,0,0,0,869,367,0,0,0,0,0,3,0,0,0,0,0,0,0,0,0,514,0,0,0,0,0,0,0,157,0,154,0,0,97,0,0,0,0,0,0,0,0,0,0,1,0,0,0,0,0,0,0,0,0,0,70,1,0,0,0,0,0,0,3,0,0,0,0,0,2,0,0,434,0,0,0,0,0,0,2190,1,0,245,0,0,0,1,0,0,50,0,0,0,0,0,0,4,0,0,0,0
"657",0,3,0,3,15,0,0,1,0,0,0,2,0,35,28,0,0,5,1,1,1,7,0,141,1,1363,0,0,4,0,16,1,20,90,0,0,34,1,0,0,8,0,0,1,0,21,0,1,0,0,8,20,0,0,9,3,0,0,0,60,8,2,0,0,2,4,202,0,3,79,5,0,0,12,0,0,0,0,0,19,10,3,16,0,37,0,0,0,0,12,0,0,0,0,10,0,0,0,24,0,0,132,0,35,14,0,1,3101,0,21,1,1,0,60,0,0,0,0,68,0,15,0,0,0,108,19,0,0,1,0,1,57,0,0,0,1,0,30,0,0,0,0,3,0,129,0,23,4,0,0,1,2,0,0,0,0,0,0,8,37,0,0,0,1,0,0,0,0,0,0,3,0,1,0,0,0,0,3,248,1,72,0,0,27,3,0,0,0,0,0,0,34,0,0,0,0,0,1,0,0,0,0,0,1,0,220,0,0,0,0,0,51,1,0,1,1,168,1,0,8,36,3,0,0,0,15,4,0,31,1,16,0,0,531,0,0,3,0,0,56,0,0,0,0,0,0,0,0,0,11,0,2,3,0,14,10,33,0,0,3,3,0,4,2,1,0,0,0,12,22,0,8,264,0,0,0,0,0,28,1602,1,0,36,0,0,0,0,0,9,1,0,0,1,0,73,52,6,1,0,41,0
"658",0,0,0,0,0,0,0,0,0,0,8,0,0,302,0,0,0,0,4,4,0,44,0,0,0,0,0,0,71,10,166,0,0,64,0,0,9,138,1,0,0,0,1,0,0,0,0,0,0,0,0,0,0,0,0,0,0,0,0,449,7,0,0,0,253,0,85,0,0,0,155,0,0,0,0,0,0,3,0,0,0,0,0,0,0,0,0,0,0,42,0,165,0,0,0,0,0,0,53,0,0,1,0,2,0,0,4,1434,0,0,0,0,0,239,0,0,0,0,40,0,0,0,0,1,225,2,0,0,0,0,62,1621,0,0,0,0,7,0,0,0,11,0,0,0,1,0,3,0,0,0,3,212,0,11,0,0,0,0,0,11,0,0,0,0,0,0,0,0,0,2,0,1,4,0,0,0,7,0,569,4,2,0,0,0,0,0,0,0,0,0,0,31,1,0,0,0,0,0,0,0,0,0,0,0,0,1,0,0,3,2,0,0,0,1,1,0,12,499,261,0,21,1,0,0,0,0,0,0,125,0,802,0,0,218,0,0,0,0,0,2,0,0,0,0,0,0,0,0,0,0,0,0,0,0,0,0,4,0,0,53,0,0,0,3,0,3,0,0,0,1,0,0,465,0,0,0,0,0,36,2064,0,0,365,0,0,0,0,0,197,69,0,0,0,0,0,0,2,0,0,182,0
"659",1,8,0,3,0,0,1,0,0,0,3,0,0,0,7,0,0,0,0,0,0,48,0,267,0,2679,0,0,67,0,138,0,0,307,0,9,74,77,5,0,0,0,1,0,13,8,1,0,4,4,3,139,0,5,0,0,0,0,24,0,0,0,4,4,0,0,440,0,4,39,25,0,0,0,0,0,0,1,0,29,0,1,0,0,164,0,0,0,0,21,0,35,353,0,0,0,0,0,5,0,0,840,0,0,2,0,4,104,0,0,2,0,0,16,0,0,0,0,40,0,54,0,122,1,14,2,11,0,0,0,1,3,0,0,0,0,7,59,1,4,70,14,0,0,1,0,3,0,11,0,23,1,1,0,0,0,0,2,0,11,0,0,0,0,0,0,0,0,0,0,14,0,4,0,0,0,0,33,109,0,0,0,0,0,0,0,2,0,0,0,0,31,1,0,0,0,0,0,0,11,0,0,0,0,29,14,0,0,0,4,0,0,0,1,1,0,145,0,1,0,41,1,0,0,0,0,0,0,2,0,247,0,0,771,0,0,0,0,0,2,0,0,0,0,0,0,2,0,0,0,0,0,0,0,0,0,21,0,0,0,0,0,0,3,0,0,0,0,0,3,0,0,206,0,0,0,0,0,20,226,0,0,396,0,0,0,0,0,9,0,0,0,0,0,0,0,11,0,0,118,0
"660",0,0,0,0,0,0,1,25,0,0,0,0,0,376,8,0,0,0,0,0,61,1,0,18,0,1302,0,0,7,0,0,0,0,8,0,0,0,0,0,0,0,0,1,48,0,0,0,0,14,0,0,0,0,0,0,0,0,1,0,213,0,31,3,0,4,0,202,1,0,0,0,0,0,0,0,0,0,0,0,47,0,0,0,0,0,0,0,0,0,13,0,134,7,0,0,0,0,0,0,0,0,1,0,1,0,0,4,104,0,0,0,0,0,228,0,0,0,0,40,0,0,30,11,1,192,2,0,0,0,0,1,214,0,0,0,0,621,0,0,0,0,0,0,0,74,0,3,0,0,39,36,1,0,0,0,0,0,0,19,11,0,0,0,1015,0,0,0,0,0,0,0,0,4,0,0,0,0,70,487,0,0,0,0,0,0,12,0,0,0,0,0,31,11,0,0,6,0,0,0,0,0,0,159,0,0,1,0,0,0,0,0,0,11,1,1,0,256,0,1,10,70,1,0,0,0,0,0,0,55,0,250,0,0,167,0,0,0,0,0,2,0,0,0,0,0,0,0,0,0,0,30,0,0,0,0,0,0,0,0,0,7,0,0,0,0,0,0,0,0,646,0,38,76,0,0,0,25,0,1,2892,0,0,0,0,0,0,0,29,0,16,0,0,0,0,89,0,0,41,0,0,0
"661",0,0,0,0,0,0,0,0,3,0,0,0,0,280,421,0,0,0,0,0,0,227,0,0,0,2319,0,0,226,0,0,0,4,74,0,0,0,450,0,0,0,0,1,0,0,0,0,1,0,0,0,0,0,0,0,0,0,0,0,120,0,0,0,113,0,0,122,0,0,0,14,0,0,0,0,0,0,0,0,223,0,0,0,0,0,0,0,0,0,78,157,71,19,0,0,0,0,0,0,0,0,0,0,0,0,0,152,1583,0,0,3,51,0,16,0,0,0,0,40,0,0,0,0,1,604,2,0,0,0,0,1,114,0,1,0,2,7,0,0,0,6,0,0,0,1,0,3,0,0,0,28,1,0,3,0,0,0,0,0,11,0,0,0,0,0,1,0,0,0,0,0,0,4,0,0,0,0,0,487,0,0,0,0,0,5,1,0,0,0,0,0,31,1,0,0,2,216,0,0,0,0,0,0,0,0,23,0,0,0,26,0,0,0,1,1,1,12,31,1,0,75,1,0,0,0,0,0,0,55,0,52,0,0,556,0,0,8,0,0,2,0,0,0,0,0,0,0,0,0,0,178,3,27,0,22,10,0,0,0,0,1,0,0,0,0,0,0,218,0,12,7,0,84,1,0,0,0,2,3,0,0,0,348,0,0,0,0,8,0,0,0,0,0,0,0,0,0,80,0,171,0
"662",0,0,0,3,0,0,9,17,0,0,0,2,4,250,3,0,0,0,0,0,227,100,0,53,1,746,0,0,11,2,16,0,0,33,0,0,2,309,3,0,8,0,1,0,0,42,117,2,0,0,10,325,1,0,30,3,0,0,0,120,20,103,0,1,0,0,26,0,1,0,18,0,2,0,0,0,3,0,0,371,43,0,2,0,620,0,0,0,0,186,919,1,26,0,0,0,0,0,0,0,0,0,0,0,1,0,4,759,0,0,0,0,1,16,0,0,0,0,40,0,20,0,0,1,14,2,0,0,3,0,1,3,0,0,3,0,7,0,0,0,7,0,2,0,1,0,3,12,3,0,43,1,3,0,0,0,0,0,226,11,0,0,0,222,0,0,0,0,0,0,0,0,4,0,0,0,0,93,100,0,0,0,0,0,5,0,0,0,0,0,0,31,1,1,270,0,0,1,0,0,0,0,0,0,0,23,0,0,0,0,0,0,0,1,1,0,75,145,218,17,1,1,0,0,0,0,0,0,196,0,2,0,0,105,0,0,4,0,0,2,0,0,42,0,0,0,0,0,0,0,0,0,46,0,6,1,0,0,0,0,2,0,0,0,1,0,0,343,2,1,2,0,102,0,1,0,2,0,0,1478,0,0,43,0,0,0,0,0,0,42,0,0,0,0,13,0,6,0,0,180,42
"663",0,0,0,154,0,0,0,0,1397,0,0,0,2,0,66,0,0,0,0,0,2,2,0,0,2,3,0,0,0,197,145,0,0,0,0,0,0,95,0,0,0,0,1,67,0,1,0,0,0,0,0,39,0,0,0,1,0,0,0,6,6,0,0,2,0,1,0,0,0,0,0,0,0,3,633,0,0,0,0,1,0,0,8,0,0,55,0,0,0,0,0,13,0,39,0,0,0,0,0,0,0,0,0,0,3,1,4,1778,0,0,0,0,0,100,0,0,0,14,40,0,35,0,0,1,52,2,0,0,0,0,1,36,0,0,0,0,7,0,0,0,67,0,0,0,1,0,3,3,4,0,12,1,70,0,0,0,0,0,1,152,9,0,0,0,0,0,0,0,3,0,4,0,4,0,0,0,3,0,93,3,5,5,0,0,0,0,0,0,0,0,0,31,1,31,2,0,0,0,0,0,0,0,0,2,949,58,0,0,0,0,0,0,0,1,1,0,12,0,289,0,0,18,1,15,0,0,0,0,20,0,20,0,0,184,0,3,1,0,10,2,1,0,0,0,0,0,0,13,0,25,0,1,26,0,1,17,10,0,1,0,0,0,0,6,0,0,0,0,12,1774,68,0,1036,0,5,0,1,0,4,0,0,0,31,0,0,0,4,0,0,9,0,0,9,0,8,0,23,0,31,21,0
"664",0,6,0,40,0,0,8,14,0,0,0,0,0,72,16,0,0,0,0,0,14,0,2,103,1,4688,0,0,0,0,0,299,0,31,0,0,0,5,0,5,10,0,131,9,0,12,0,0,0,4,2,28,0,0,4,0,0,1,0,27,0,34,0,0,46,2,117,0,9,0,10,0,0,12,0,0,0,0,15,0,24,0,0,0,2,0,0,1,0,53,0,0,21,0,0,1,0,0,0,0,0,29,0,0,0,0,4,104,13,0,2,0,0,16,0,0,0,0,40,10,35,0,0,1,14,2,0,0,3,47,1,3,0,0,0,0,7,15,0,0,0,0,0,0,1,0,3,0,0,1,3,1,0,0,0,0,0,3,0,78,0,0,2,0,0,0,0,0,0,0,0,0,4,0,0,0,0,0,47,0,0,0,0,0,0,0,0,0,0,2,0,31,1,0,19,0,0,0,0,857,0,0,0,25,0,1,0,0,0,0,0,0,0,1,1,0,12,0,57,0,0,1,0,106,0,0,0,0,38,0,2,0,0,455,0,0,0,0,0,2,0,0,93,0,0,0,0,0,0,0,0,0,5,0,0,5,0,0,0,72,0,0,0,0,0,0,0,39,0,179,0,0,292,0,1,0,0,0,1,1054,0,0,0,0,0,0,0,0,0,0,74,2,0,0,7,0,30,0,0,52,0
"665",0,10,0,0,0,0,0,1,0,0,0,0,1,1,16,0,0,0,0,1,1,1,0,95,0,100,0,0,173,11,11,0,2,8,0,0,1,17,0,0,3,0,1,1,0,1,0,0,0,0,3,44,0,0,0,2,0,0,0,1,2,1,0,0,0,0,167,21,10,95,0,0,0,1,14,0,0,0,0,2,5,0,151,0,1,0,0,1,0,1,1,28,48,0,0,16,0,0,1,1,0,0,0,4,1,0,1,172,0,2,0,0,0,1,0,0,1,0,8,1,28,0,0,1,2,0,0,0,0,0,1,2,0,0,0,0,278,14,1,0,1143,0,0,0,0,0,38,0,0,0,1,1,1,0,0,0,0,1,1,1,0,0,0,0,41,0,0,0,0,0,0,0,1,0,0,0,0,1,28,0,0,0,0,1,0,2,0,0,0,0,0,1,2,1,15,0,47,0,0,0,0,0,0,0,0,182,0,0,0,5,0,0,0,0,1,0,36,0,0,0,40,7,0,0,0,1,0,0,1,0,1,0,0,159,0,0,0,0,0,0,0,0,33,0,0,0,0,10,0,0,1,0,2,0,1,13,0,0,0,1,2,0,0,0,0,0,0,0,0,6098,1,0,425,1,1,0,0,0,1,1,0,0,2,0,0,0,0,68,0,1,0,0,0,0,1,0,9,0,0,1,0
"666",0,3,1,0,0,0,0,0,0,0,0,0,0,0,1,0,0,0,0,0,0,34,0,0,0,3,0,0,42,0,663,0,0,108,0,0,0,0,0,0,0,0,1,0,0,251,0,0,0,0,0,0,0,0,0,0,0,0,0,0,0,0,0,0,0,0,369,0,0,358,0,0,0,0,0,0,0,0,0,184,0,0,0,0,0,0,1,0,0,0,0,0,1,0,0,0,3,0,0,0,0,0,0,0,0,0,4,104,0,82,0,0,0,16,0,0,0,0,40,0,0,0,0,1,14,2,0,0,0,0,1,3,0,0,0,0,528,11,0,0,8,0,0,0,1,0,3,0,0,0,20,1,0,0,0,0,0,4,0,11,0,0,0,0,0,0,0,0,0,0,10,0,4,0,0,0,0,0,666,2,0,0,0,0,0,0,0,0,0,0,0,31,1,4,0,0,0,0,0,0,0,0,0,0,0,1,0,0,0,0,0,0,0,1,1,0,268,0,1,0,186,1,0,0,0,0,0,0,2,0,2,0,0,141,0,0,0,0,0,2,0,0,0,0,0,0,0,0,0,0,0,0,0,0,0,0,0,0,0,12,1,0,0,3,0,0,0,0,0,0,2,0,101,0,0,0,0,0,0,4030,0,0,494,0,0,0,0,0,0,0,0,0,0,0,0,0,3,0,0,64,0
"667",8,0,0,37,0,0,1,0,0,0,0,0,0,0,2,0,24,0,0,0,0,57,0,135,0,2250,0,52,6,0,0,0,0,0,0,0,0,0,0,0,7,0,0,0,0,0,0,0,0,0,0,37,0,0,0,27,0,0,0,0,0,0,0,0,0,0,0,0,59,0,0,0,0,0,0,0,0,0,1,0,0,0,0,0,0,0,0,0,0,0,0,0,2,0,0,0,3,0,0,0,0,4,0,0,0,0,0,1105,0,0,0,0,0,0,0,0,0,0,129,0,28,0,0,3,0,0,0,0,0,0,0,0,0,0,9,2,10,27,0,0,70,0,4,0,0,4,0,0,0,0,0,0,4,0,0,0,0,0,0,0,0,0,0,0,0,0,0,0,0,0,0,51,1,0,1,0,0,0,0,0,0,0,0,0,0,8,1,0,0,0,0,110,0,0,0,0,0,0,0,0,0,0,0,0,350,0,0,0,0,0,0,0,0,0,0,0,0,0,2,0,104,0,0,0,0,0,0,0,0,0,0,0,0,288,0,0,0,0,0,6,0,0,236,0,14,2,0,1,0,0,0,0,0,1,0,0,0,0,0,9,0,0,0,0,0,0,0,0,0,353,0,0,1540,1,0,0,0,0,0,2239,0,1,476,0,0,0,0,0,0,0,0,0,0,0,0,0,0,0,0,94,0
"668",0,0,0,0,0,0,9,0,0,0,0,0,1,0,726,0,0,0,0,1,0,13,0,1,0,2637,0,0,48,2,0,0,0,83,0,0,1,2,0,1,0,0,1,0,0,0,0,0,0,0,2,0,0,0,0,0,0,0,0,14,0,0,0,0,0,0,0,0,0,0,5,0,0,0,0,1,0,0,0,0,0,0,0,0,0,0,2,0,1,46,0,59,732,0,0,181,0,0,0,0,0,0,0,0,0,0,4,104,0,0,0,0,0,140,0,0,0,0,40,0,0,0,0,1,545,2,0,12,0,0,1,3,0,0,0,0,3586,8,0,0,24,0,0,0,1,0,3,0,3,0,3,1,0,0,0,0,0,0,0,105,0,0,0,0,0,0,0,0,0,0,0,0,4,0,0,0,0,0,4,0,0,0,0,0,7,0,0,0,0,0,0,31,1,0,0,0,0,0,0,0,0,0,0,0,0,1,0,0,0,13,0,0,0,1,1,0,12,0,108,0,0,1,0,0,0,0,0,0,45,0,81,0,0,0,0,0,0,0,0,2,0,0,0,0,0,0,0,0,0,0,0,0,0,0,0,0,4,0,0,0,0,0,0,0,1,0,0,0,0,154,0,0,470,0,5,0,0,0,24,1223,0,1,163,0,0,0,0,0,1,0,0,0,0,0,0,0,15,0,0,22,0
"669",49,0,0,6,0,0,20,0,0,0,0,0,2,0,19,0,2,6,0,0,0,0,0,215,0,0,0,0,5,15,696,31,0,16,0,0,12,346,14,0,8,0,1,0,0,0,0,1,0,0,27,142,0,0,24,0,0,0,0,0,0,0,0,0,0,0,0,10,0,0,0,0,0,0,0,0,0,0,0,0,0,0,313,0,0,1,0,0,0,263,0,3,2,0,0,19,0,0,0,0,0,0,2,6,0,0,4,104,0,0,0,0,0,16,0,0,0,0,40,0,0,0,0,1,14,2,0,0,2,0,109,3,0,0,26,0,7,0,1,0,5,0,0,0,1,0,54,0,0,0,3,1,1,12,0,0,0,0,0,11,0,0,0,0,0,0,12,0,0,0,9,0,4,1,19,0,0,2,4,0,0,0,0,0,3,0,0,0,0,0,0,293,1,0,0,0,0,0,0,0,0,0,0,0,1641,18,2,0,4,9,1,0,0,1,1,0,12,0,54,0,0,1,0,0,0,0,0,0,2,0,2,7,0,55,50,0,0,0,0,2,0,0,127,0,0,1,0,0,0,0,0,0,0,0,21,1,2,0,0,28,0,0,0,1,1,0,0,0,123,758,0,72,71,0,9,0,0,2,0,1469,0,0,58,0,4,10,0,1,0,55,38,0,0,0,0,0,0,0,0,33,0
"670",0,0,0,2,0,0,4,0,0,0,0,0,0,74,9,0,0,0,0,0,0,60,0,0,0,1058,0,0,64,0,0,0,20,20,0,0,0,11,0,0,3,0,1,44,1,344,0,0,0,0,0,0,0,0,0,0,0,0,0,407,0,0,0,11,0,0,0,0,0,0,69,0,0,0,1,0,0,0,0,519,0,0,105,0,10,1,0,0,0,21,0,16,0,0,0,0,0,0,0,0,0,3,0,0,0,0,4,2377,29,0,0,0,0,16,0,0,0,24,40,10,12,0,0,1,105,2,0,0,0,0,31,101,0,0,0,0,7,0,0,0,0,0,0,0,1,0,32,0,0,0,3,1,0,0,0,0,0,0,0,11,0,0,0,577,0,0,0,0,0,0,0,0,4,0,0,0,0,0,751,1,0,0,0,0,15,0,0,0,0,0,0,31,1,0,0,4,0,0,0,0,0,0,0,831,485,1,0,0,0,4,0,0,0,1,1,0,276,0,1,7,18,1,0,0,0,0,0,0,2,0,86,0,0,644,0,0,0,1,0,2,0,0,0,0,0,40,0,0,0,0,0,0,3,0,0,70,0,0,0,0,2,0,0,0,0,0,0,0,8,162,17,4,6,0,3,0,0,0,5,1115,0,0,219,0,0,0,0,1,0,55,0,0,0,0,0,0,252,0,0,14,0
"671",0,0,0,2,0,0,1,12,0,0,0,0,0,0,43,3,13,0,0,9,120,11,0,83,0,1984,0,0,6,15,3,0,0,47,0,0,44,36,0,7,15,0,1,0,0,0,0,0,0,0,27,139,3,0,0,12,1,0,0,203,14,103,1,0,0,0,110,10,0,0,0,0,0,130,0,0,0,0,0,0,19,0,275,0,0,0,253,1,1,161,0,23,148,0,0,45,0,0,0,0,0,14,0,0,0,1,4,104,0,0,0,0,0,16,0,0,0,0,40,0,19,3,0,1,14,2,0,0,0,0,1,195,0,0,94,0,7,0,0,0,49,0,0,0,1,0,39,4,0,0,3,1,0,0,0,0,21,0,9,11,0,0,0,0,0,0,0,0,0,0,0,0,4,0,0,0,0,24,4,0,0,0,0,0,0,0,0,0,4,0,5,31,5,0,0,0,0,0,0,0,0,0,0,0,0,49,0,0,0,7,0,0,0,1,1,0,12,21,456,0,10,1,0,0,1,0,0,0,2,16,581,0,0,548,0,0,0,0,0,2,0,0,0,0,0,2,0,0,0,0,0,1,11,0,0,24,118,0,1,5,9,0,0,3,0,1,0,0,0,3,0,59,139,0,3,0,32,0,3,1983,0,20,181,0,0,0,0,1,5,131,0,0,0,0,59,0,0,0,0,73,0
"672",0,0,7,0,0,0,1,0,0,0,0,0,0,0,9,0,0,5,0,2,0,0,0,6,0,67,0,0,117,0,0,0,0,288,10,0,25,0,0,0,3,16,1,0,1,1,0,17,0,0,0,14,0,0,0,0,0,0,24,119,0,0,0,0,0,0,0,0,0,0,0,0,0,0,362,15,0,0,0,90,0,16,0,0,0,9,87,0,0,0,0,12,0,0,77,0,0,0,0,0,0,2,4,0,0,2,4,1435,6,0,0,0,0,16,7,0,1,1,40,0,7,0,0,1,175,126,0,142,15,0,1,3,0,4,0,0,7,0,0,0,0,0,0,0,346,0,3,0,0,0,3,1,5,0,0,0,0,0,304,11,0,0,0,0,0,0,3,95,0,0,0,0,4,0,0,0,4,0,4,2,72,0,0,0,54,0,24,0,128,0,0,31,1,0,0,0,0,0,0,0,0,0,0,820,0,36,7,0,0,9,0,0,124,1,1,0,12,0,1,0,63,1,0,0,0,0,0,0,2,0,179,1,4,316,0,5,0,0,0,2,0,0,0,60,0,9,0,0,3,0,0,0,0,2,0,0,5,0,0,0,4,0,0,0,24,0,0,218,0,0,0,0,110,0,171,0,0,0,4,2619,0,0,868,0,0,480,0,0,42,116,0,0,0,0,0,0,0,0,0,21,0
"673",0,0,0,0,0,0,0,0,0,0,0,0,0,0,103,0,0,0,0,0,0,7,3,36,0,2331,0,0,4,110,0,0,0,103,0,0,0,0,0,0,0,0,1,43,0,241,0,0,0,0,0,128,0,0,0,4,0,0,0,0,0,0,0,0,0,0,230,0,0,0,0,0,0,12,0,0,0,0,0,0,34,0,0,0,0,0,0,0,0,0,0,211,5,0,0,0,0,0,24,0,0,173,0,9,0,0,4,603,0,0,0,0,0,16,0,0,0,7,40,0,8,0,0,1,14,2,0,0,0,0,1,3,0,0,0,19,7,54,0,0,437,0,0,0,1,4,3,0,0,9,3,1,0,0,0,0,0,0,0,11,0,0,0,290,0,0,0,0,0,0,0,0,4,0,0,0,0,0,4,0,1,0,0,0,0,0,0,0,0,0,0,31,1,0,0,0,0,0,0,0,0,0,0,0,0,37,0,0,0,0,5,0,0,1,1,0,12,0,1,0,59,1,0,0,0,0,0,0,2,0,2,0,0,1520,0,0,0,0,0,2,0,0,0,0,0,16,0,0,0,0,0,0,0,0,0,0,0,0,1,2,0,0,0,0,0,0,0,0,0,187,0,0,761,0,0,0,0,0,22,4,0,1,264,0,0,0,0,0,0,0,0,0,0,0,124,0,5,0,0,53,0
"674",0,0,0,0,0,0,6,0,0,0,0,0,0,0,2,0,27,0,0,0,0,0,0,10,0,1606,0,0,99,15,0,0,0,14,0,0,67,341,0,0,0,0,1,0,6,1,0,0,0,0,0,0,0,0,0,0,0,0,0,0,0,0,1,0,0,0,337,0,0,0,0,0,0,0,0,0,0,0,0,24,0,0,0,0,0,1,0,0,0,203,0,25,3,0,0,0,0,0,0,0,0,0,0,0,0,0,4,104,0,0,0,0,0,16,0,0,0,0,40,0,0,0,9,47,323,2,0,0,0,0,1,143,0,0,0,0,277,0,0,0,7,0,0,0,1,0,3,0,0,0,3,1,2,0,0,0,0,0,0,11,0,0,0,0,0,0,0,0,0,0,0,0,4,0,0,0,0,0,4,1,0,0,0,0,0,1,0,0,0,0,0,31,1,0,0,0,0,0,0,0,174,0,0,0,0,97,0,0,0,19,0,0,0,1,1,0,12,0,314,0,514,1,0,0,0,0,0,0,2,0,2,0,0,311,0,0,0,0,0,2,0,0,0,0,0,77,0,1,0,0,0,0,26,0,52,2,2,0,0,0,0,0,0,1,0,0,0,0,0,33,0,0,15,0,0,0,0,0,0,1601,0,4,1032,10,0,58,0,0,0,99,0,0,0,0,190,0,8,0,4,677,0
"675",0,0,0,0,0,0,0,0,0,0,0,0,1,0,39,0,0,0,0,0,0,0,0,5,0,1473,0,0,14,48,0,0,0,0,0,0,60,11,0,0,3,0,1,0,0,3,0,0,0,0,7,0,0,0,0,0,0,1,0,7,0,0,0,0,0,0,3,0,0,0,0,0,0,0,0,1143,0,0,0,2,0,0,0,0,0,0,3,0,0,0,0,116,185,0,0,0,0,0,0,0,0,29,0,0,0,0,4,104,0,0,0,0,0,16,0,0,0,0,40,0,0,0,0,1,466,2,0,0,0,0,1,114,0,2,0,0,356,0,0,0,88,0,0,0,1,0,3,0,0,0,3,1,0,0,0,0,0,0,0,11,0,0,0,0,2,0,0,95,0,0,0,0,4,0,0,0,0,0,210,2,0,1,0,0,0,0,0,0,0,0,0,154,20,0,0,0,0,0,0,0,0,0,0,0,0,23,0,0,0,3,0,0,0,1,1,0,12,0,1,0,0,1,0,0,0,0,0,8,31,0,2,0,0,105,0,0,0,2,0,2,0,0,0,0,0,0,0,1,0,0,0,0,22,0,1,3,6,0,0,0,0,0,0,1,0,0,0,0,0,3327,0,0,1252,0,0,0,0,0,0,0,0,0,0,0,0,0,0,0,0,0,0,0,0,0,0,0,3,0,0,12,0
"676",0,0,0,0,0,0,0,0,0,0,0,0,0,0,0,5,0,0,0,0,0,7,0,0,0,2216,0,0,0,0,89,0,0,0,0,0,3,0,0,0,0,0,1,0,0,3,0,0,0,0,0,0,0,0,0,1,0,0,0,58,0,0,1,0,0,0,0,0,0,0,0,0,0,14,0,0,0,0,0,0,0,0,0,0,0,0,0,0,0,0,0,3,207,0,0,0,0,0,0,0,0,0,0,2,0,0,4,2791,0,0,0,0,0,16,0,0,0,0,40,2,0,0,0,1,105,2,0,0,0,0,1,3,0,0,2,0,7,0,0,1,0,0,1,0,1,0,3,0,0,0,3,1,2,0,0,0,0,0,11,11,0,0,0,0,0,0,0,5,0,0,0,1,4,0,0,0,0,0,4,0,0,0,0,0,0,0,5,0,0,0,0,166,1,0,0,0,0,0,0,0,0,0,0,0,0,1,0,0,0,0,0,0,0,1,1,0,12,0,1,0,0,1,0,0,0,0,0,0,2,0,149,0,0,82,0,0,0,0,0,2,0,1,0,0,0,0,0,0,0,0,0,0,0,0,0,0,0,0,0,12,2,0,0,0,0,0,0,0,0,41,0,0,0,0,1,0,0,0,0,5707,0,0,13,0,0,0,0,0,0,0,0,0,0,0,0,0,1,0,0,0,0
"677",0,0,0,0,0,0,53,0,3,0,0,0,0,0,6,0,0,0,0,0,0,1,0,173,0,1983,0,0,4,0,0,0,0,109,0,0,0,105,0,0,5,0,0,0,0,1016,0,0,0,0,0,653,0,0,0,7,0,0,0,0,0,0,0,13,0,4,352,1,43,0,0,0,0,0,0,0,0,0,6,91,0,0,313,0,0,0,4,0,0,0,0,6,2,0,0,1,0,0,0,0,0,0,0,0,2,0,0,437,0,0,0,0,0,0,0,0,0,0,13,0,0,0,0,0,55,0,0,0,0,0,0,0,0,2,0,0,3,0,0,0,0,0,0,0,0,100,0,0,0,0,0,0,0,0,0,0,0,0,0,0,11,0,0,0,0,0,0,0,0,0,0,0,1,0,0,0,0,0,940,0,0,0,0,0,0,1,0,0,0,1,0,104,0,0,0,0,0,0,0,0,0,33,0,0,0,514,0,0,0,0,0,0,0,0,0,0,0,0,1,0,5,0,0,0,0,0,0,0,0,0,1,0,0,1520,0,0,0,1,0,0,0,0,0,0,0,0,0,14,0,0,4,0,15,0,0,0,0,0,1,0,3,0,0,0,0,0,0,0,0,61,10,0,544,0,0,0,0,2,4,498,0,0,87,0,0,0,1,0,0,0,0,0,0,0,0,0,31,0,0,28,0
"678",0,0,0,0,0,0,0,41,0,0,0,0,0,588,5,0,0,0,0,2,0,20,0,7,0,15,0,0,212,1,45,0,0,69,0,0,38,61,1,1,0,5,0,0,0,2,0,0,6,0,3,0,0,0,0,0,0,1,0,1,0,0,0,0,0,0,35,0,0,25,5,0,0,0,0,0,0,0,0,0,0,0,94,0,0,1,49,1,0,63,0,1,355,0,0,33,0,0,34,0,0,2,0,0,0,0,153,595,0,0,0,0,0,3,0,0,0,0,30,0,0,0,71,8,10,0,0,162,0,0,1,201,237,4,0,0,16,3,0,0,1,0,0,0,0,0,2,1,0,1,6,35,0,0,0,0,0,0,244,8,0,0,0,923,0,1,0,0,0,0,0,0,0,0,0,0,0,0,7,1,0,0,0,0,24,0,0,296,0,0,0,6,23,0,0,1,11,0,0,856,0,0,1,0,0,4,6,0,0,70,0,0,4,0,6,0,35,0,188,0,0,0,0,0,0,0,0,0,15,26,85,0,0,789,0,0,0,0,0,0,0,0,0,0,0,0,1,0,0,0,0,1,10,0,0,1,2,0,4,0,3,0,0,1,0,0,0,0,0,0,0,3,454,0,24,0,0,0,21,2271,0,0,33,0,0,0,0,14,0,1,0,0,0,0,117,0,6,0,0,46,0
"679",0,0,0,0,0,0,3,0,0,0,0,0,1,0,7,6,9,7,0,0,17,33,0,0,0,0,0,0,71,1,0,0,0,97,0,0,48,0,0,0,0,0,0,0,0,314,0,0,0,0,1,1,0,0,0,0,0,0,0,0,0,0,0,0,0,0,0,0,0,0,32,0,0,0,0,0,0,0,0,56,0,0,256,0,0,4,0,0,0,39,0,11,45,0,52,110,0,0,1126,21,0,1,0,0,0,0,0,0,0,330,0,0,0,119,0,19,1,0,27,0,0,0,17,1,171,0,0,0,3,0,25,159,97,5,0,0,52,0,86,0,18,0,0,0,0,0,9,0,0,0,0,0,2,0,0,0,9,0,0,0,0,0,0,0,0,0,0,3,0,0,4,1,1,0,0,0,0,102,0,0,0,0,0,0,34,1,0,0,0,0,0,113,26,1,0,2,92,0,0,0,0,0,0,152,0,6,0,1,0,24,4,0,0,0,34,0,0,23,244,0,0,0,0,0,0,0,0,0,0,0,0,0,0,3601,45,0,0,0,0,0,0,0,0,0,6,0,0,2,0,0,0,0,0,0,0,281,2,0,11,201,5,0,0,26,0,0,0,0,6,2,0,0,64,0,0,0,0,0,0,1114,0,0,128,0,0,0,0,5,0,9,0,0,0,0,0,0,21,0,0,87,0
"680",0,0,0,0,0,0,17,0,0,0,0,0,0,0,16,0,0,0,0,0,27,17,0,3,0,1377,0,0,1,7,8,0,0,68,0,0,0,0,0,0,1,0,0,58,0,54,0,0,0,0,0,0,0,0,0,0,0,0,0,0,0,143,0,0,0,0,86,0,0,0,0,0,0,3,0,0,0,0,0,105,0,0,0,0,0,0,0,0,0,17,0,0,13,0,0,0,0,0,51,0,0,0,0,0,0,0,0,1354,0,33,0,0,0,374,0,0,0,0,14,0,0,0,0,2,115,0,0,0,0,0,0,9,0,0,0,0,1,0,0,0,0,0,0,0,0,0,0,0,0,0,0,0,0,0,0,0,0,0,10,157,0,0,0,0,0,0,0,6,0,0,0,0,14,0,0,0,0,569,164,0,0,0,0,0,0,0,0,0,0,0,0,97,0,37,0,0,0,0,0,0,0,0,0,113,3,41,0,0,0,0,0,0,0,0,23,0,45,0,0,0,0,0,0,0,0,0,0,0,0,0,218,0,0,453,0,0,0,0,0,0,0,0,0,0,0,0,0,0,0,0,23,1,0,0,22,35,0,0,0,0,0,0,0,3,0,0,0,0,0,4,0,0,344,0,0,0,0,0,18,3447,0,0,0,0,0,0,0,21,51,42,0,0,0,0,40,0,0,0,0,24,0
"681",0,0,0,0,0,0,37,7,0,0,0,0,0,0,1,0,0,0,0,0,66,34,0,5,0,230,0,0,17,0,152,0,0,29,0,0,0,0,0,0,0,0,0,37,0,223,0,0,0,0,0,0,0,0,0,0,0,0,0,1,0,0,0,0,2,0,60,0,0,113,21,0,0,0,0,0,0,0,0,0,0,0,0,0,954,0,1,0,0,75,0,2,4,0,0,0,0,0,10,0,0,12,0,0,0,0,0,305,0,0,0,0,0,28,0,0,0,1,0,1,0,0,0,0,69,0,0,0,0,0,0,576,0,0,0,0,1,0,0,0,0,0,0,0,0,0,0,0,0,0,28,0,0,0,0,1,0,0,0,72,0,0,0,0,0,0,0,40,0,32,0,0,0,0,0,0,0,0,287,0,0,0,0,0,0,0,14,0,0,0,0,33,1,2,0,0,0,0,0,0,0,0,0,0,1,0,0,0,1,13,0,0,0,0,3,0,0,0,0,35,0,0,0,0,0,0,0,0,0,0,233,0,0,875,0,0,0,0,0,0,0,0,0,0,0,2,0,1,0,0,0,0,0,0,0,0,0,0,0,0,0,0,0,0,0,0,0,0,0,2038,0,0,0,0,1,0,1,0,31,2824,0,0,150,0,0,0,0,0,0,35,0,0,0,0,27,0,1,0,0,146,0
"682",0,0,0,0,0,0,1,0,0,0,0,0,4,0,7,0,0,0,0,0,11,0,1,1,0,181,1,0,0,0,0,0,0,0,0,0,0,0,0,0,0,0,1,10,0,0,0,0,0,0,0,0,0,0,0,0,1,0,0,0,0,0,2,0,0,0,72,0,4,0,0,0,0,6,0,0,0,1,0,47,0,0,118,0,0,0,121,0,0,0,0,2,6,0,0,0,0,0,0,0,0,0,0,5,30,0,4,1264,0,0,0,0,0,16,3,0,0,0,40,4,0,0,0,1,339,2,0,0,0,0,1,239,0,0,0,0,422,0,0,0,26,0,0,0,1,0,3,0,0,0,3,1,0,0,0,0,0,0,0,11,0,0,0,0,0,0,0,0,0,4,0,0,4,1,0,0,0,8,4,0,0,0,0,0,0,0,0,0,0,0,0,31,6,0,0,0,0,0,0,0,0,0,0,0,0,26,0,0,0,0,0,0,0,1,1,0,12,0,73,0,0,1,0,0,0,0,0,0,2,0,110,0,0,211,0,0,0,0,0,2,0,12,0,0,0,0,0,0,0,0,0,0,0,0,0,0,2,0,0,0,0,0,0,1,0,0,0,0,0,0,0,0,1169,0,0,0,0,0,1,5706,0,0,614,0,0,0,0,1,0,0,0,0,5,0,97,0,12,0,0,0,0
"683",0,158,0,0,0,0,1,0,0,0,1,0,1,0,1,0,0,17,0,0,11,29,0,108,0,2812,0,0,10,0,0,0,7,40,0,0,158,0,0,0,4,0,1,0,0,0,0,0,0,0,5,21,0,0,0,26,0,1,0,0,0,0,0,77,0,0,0,0,9,25,0,0,2,0,0,1,0,0,0,2,33,0,0,0,0,0,0,1,0,60,0,2,1,0,0,5,0,0,33,0,0,113,4,0,0,0,4,104,0,0,0,22,31,16,0,0,0,0,40,0,14,0,0,1,14,2,0,0,5,0,1,3,0,0,9,0,7,18,0,0,0,0,0,0,1,0,44,0,6,0,3,1,84,0,0,0,0,0,0,11,0,0,0,0,0,0,0,0,0,0,0,0,804,0,0,0,0,300,4,6,0,0,0,14,26,0,0,0,0,0,0,31,1,0,0,0,0,6,0,0,0,0,0,0,0,79,0,0,0,18,0,0,0,1,1,0,12,0,1,0,94,1,0,0,0,0,0,0,2,0,249,0,0,2462,0,0,0,0,0,68,0,0,0,0,0,0,0,0,0,0,0,0,0,0,3,0,2,0,1,0,0,0,0,0,5,0,3,0,0,0,0,0,640,0,0,0,0,0,0,444,0,0,636,0,0,10,0,0,0,0,0,0,0,0,275,0,0,0,0,677,0
"684",0,0,0,0,0,0,1,0,0,0,0,0,0,0,0,0,0,0,0,0,0,30,1,38,0,2545,0,0,4,8,0,0,0,141,0,0,0,0,0,0,3,0,0,0,0,23,0,0,0,3,15,64,0,0,0,47,0,1,0,0,0,0,0,0,0,0,0,0,0,40,0,0,0,0,0,0,0,0,0,0,0,0,31,0,0,0,0,0,0,172,0,5,1,0,0,1,0,0,16,0,0,0,0,0,0,0,0,679,0,0,0,0,0,170,0,0,0,0,63,0,0,0,0,1,85,44,0,0,0,0,16,242,0,12,0,0,0,0,0,0,0,0,0,0,0,0,0,0,0,0,20,0,0,0,0,0,0,3,0,38,0,0,0,161,0,0,0,0,0,0,10,0,1,0,0,0,0,300,101,0,0,0,0,0,13,0,0,0,0,0,0,102,0,0,0,0,0,0,0,0,0,0,0,0,0,0,0,0,0,1,0,0,0,0,10,0,0,0,105,0,0,144,0,0,0,0,0,0,0,0,0,0,0,134,0,0,0,0,0,0,0,0,0,0,0,0,0,0,0,0,0,4,0,0,0,0,0,0,0,0,0,0,0,2,0,0,0,0,0,3,0,93,158,0,0,0,0,0,0,3292,0,2,315,0,0,0,0,0,0,116,0,0,0,0,199,0,1,0,0,126,44
"685",0,0,1,0,0,0,0,3,0,0,0,0,0,95,29,0,0,1,0,0,5,2,0,3,0,0,0,0,10,16,523,299,0,278,4,0,20,30,0,0,0,0,0,0,0,0,0,1,0,0,1,4,0,0,0,1,0,3,0,5,0,3,0,0,0,2,21,9,0,0,3,0,0,8,0,0,0,0,0,4,0,0,7,0,0,4,0,1,0,37,17,1,23,0,0,158,0,0,70,0,0,0,0,0,1,0,0,265,0,38,0,0,0,2,0,0,0,0,44,20,0,19,0,60,0,0,0,0,0,28,0,114,26,1,0,0,417,0,0,0,17,0,0,0,0,0,3,0,0,3,12,0,0,0,0,0,0,0,334,0,20,0,0,1448,1,0,0,0,0,0,5,0,0,0,0,0,3,0,7,0,0,0,0,0,0,0,0,70,0,0,0,7,0,0,0,0,0,0,0,0,0,0,0,0,93,5,0,0,3,0,1,0,5,0,0,0,162,1,2,0,0,29,0,0,1,0,0,0,87,4,80,1,0,1265,0,0,0,0,0,0,0,0,0,0,0,10,0,0,0,0,0,1,2,0,2,1,5,0,1,0,8,0,0,0,0,0,0,0,1,0,0,0,1031,0,1,4,3,1,3,2248,0,0,41,0,0,0,0,0,16,10,0,0,0,5,184,0,0,0,0,21,0
"686",0,0,0,1,0,0,9,0,1,0,0,4,0,193,2,0,23,0,0,0,0,142,0,71,3,41,0,0,17,3,472,0,0,97,0,0,1,415,0,4,0,2,336,0,0,1098,0,1,0,0,6,41,0,0,0,3,0,0,0,238,6,0,0,1,0,0,195,3,0,0,0,1,0,0,0,0,0,0,0,536,28,8,164,0,24,1,2,0,0,55,0,9,0,1,0,6,0,1,29,0,13,2,0,3,30,0,134,560,0,0,0,0,0,103,0,0,0,0,46,3,0,0,0,0,28,0,0,0,8,0,12,43,0,1,1,0,1,24,0,0,3,0,1,0,0,9,0,3,3,0,10,0,0,1,1,0,22,0,135,89,1,0,3,434,0,0,0,0,0,3,2,1,3,0,1,0,0,0,732,1,0,0,0,0,2,0,0,0,0,0,0,48,1,0,0,0,0,2,0,0,0,0,0,0,313,4,0,0,0,0,0,0,3,0,17,0,188,66,1,0,0,12,0,0,0,0,0,0,208,22,95,1,1,279,0,0,2,0,0,0,0,0,12,0,0,8,1,0,0,0,0,1,23,0,0,7,2,2,4,16,4,0,0,0,0,0,0,0,12,9,0,30,7,0,0,0,0,0,2,1442,0,0,225,0,0,0,36,0,0,64,0,1,0,0,26,1,2,0,0,29,13
"687",0,0,0,10,0,0,3,0,0,0,0,0,0,0,23,0,19,0,0,0,0,46,0,215,0,2132,0,0,3,0,0,0,0,39,0,0,0,0,0,0,18,0,1,0,0,0,0,0,7,5,0,35,0,0,0,0,0,0,0,0,0,0,0,0,226,0,0,42,98,0,0,0,0,0,0,0,0,0,0,0,0,2,0,0,0,0,0,0,0,38,0,4,92,0,0,0,0,0,70,0,0,54,0,0,0,0,4,2713,0,0,0,0,0,16,0,0,0,0,40,0,0,0,0,1,14,2,54,0,15,0,1,3,0,0,0,3,7,43,0,0,0,0,0,0,1,0,3,0,0,0,3,1,0,0,0,0,0,0,0,314,0,0,0,0,0,0,0,0,0,0,0,0,4,0,0,0,0,0,210,0,0,2,0,0,0,0,0,0,0,0,0,31,1,0,0,0,0,0,0,135,0,0,0,0,0,1,0,0,0,0,0,0,0,1,1,0,12,0,1,0,43,1,0,0,0,0,0,0,2,0,2,0,0,494,0,0,0,0,0,2,0,0,0,0,0,0,1,1,3,0,0,0,0,0,0,0,0,0,0,0,0,0,0,0,0,0,0,0,0,0,0,0,461,0,0,0,0,0,9,2751,0,0,868,0,0,0,0,1,0,0,0,0,0,0,0,0,21,0,0,0,0
"688",0,1,0,0,0,0,1,0,0,0,0,0,0,0,0,0,0,0,0,4,61,35,0,1,0,1411,0,0,1,51,136,0,0,0,0,0,43,1,10,0,0,0,0,0,0,0,0,0,0,0,1,0,0,0,176,0,0,0,0,132,1,0,1,0,0,0,369,0,0,0,189,0,0,0,0,0,0,0,0,82,0,0,147,0,0,0,0,0,0,0,0,2,2,0,0,0,0,0,59,0,0,0,0,0,0,0,0,2662,0,0,0,0,0,0,0,7,0,66,352,0,0,0,0,1,515,0,0,14,0,0,0,167,0,0,0,0,0,0,0,0,55,0,0,0,0,0,0,0,1,1,0,0,2,0,0,0,0,0,0,44,0,0,0,0,0,0,0,0,0,0,0,0,0,0,0,0,2,0,0,0,0,0,0,0,3,0,3,0,0,0,0,60,1,0,0,0,0,0,0,10,0,0,0,747,0,34,0,0,0,1,0,0,0,7,0,0,75,0,103,0,0,0,0,0,0,0,47,0,0,0,0,0,0,912,0,0,0,0,0,85,0,0,0,0,97,0,0,0,0,0,0,0,0,0,45,0,0,0,0,5,1,0,0,36,0,0,0,0,0,35,0,0,0,0,0,0,0,0,0,460,0,0,246,0,0,0,0,0,0,0,0,0,0,0,168,0,14,0,0,0,0
"689",0,0,0,0,0,0,0,0,0,0,0,0,11,0,18,0,0,0,0,0,0,309,10,93,0,18,0,0,347,0,1,0,0,75,0,0,2,0,0,0,0,0,0,0,0,648,0,0,0,0,0,44,0,0,0,4,2,0,0,0,0,0,0,104,0,0,0,3,0,471,0,0,27,0,0,285,0,0,0,0,51,0,0,0,16,2,3,0,0,352,0,40,11,0,0,0,0,0,0,0,0,23,0,0,0,0,0,547,0,0,0,0,0,76,0,0,0,0,55,27,75,0,10,0,175,0,0,0,0,0,0,0,0,0,0,0,2,18,0,0,95,3,0,0,0,5,16,0,0,0,11,0,0,0,0,0,0,0,0,0,0,0,0,7,0,0,0,0,0,0,0,0,72,0,1,0,0,15,0,0,0,0,0,48,0,0,0,0,0,0,0,328,2,0,0,0,0,0,1,0,0,0,0,0,0,31,0,0,1,33,0,0,0,0,0,0,0,0,67,0,0,0,0,0,0,0,0,0,45,0,0,0,0,512,0,0,0,32,0,0,0,0,0,0,2,0,0,0,0,0,0,0,0,0,0,7,5,0,0,0,1,0,0,4,0,0,0,0,0,8,0,0,302,0,0,0,0,0,13,3197,0,0,618,0,0,0,0,0,0,0,0,0,0,118,194,0,62,0,0,190,0
"690",0,0,0,6,0,0,9,20,0,0,0,5,4,0,1,0,0,0,0,1,0,44,0,83,12,152,0,0,5,0,98,32,0,103,0,0,57,25,0,0,5,0,0,0,0,2,0,0,0,0,0,55,0,0,0,15,0,0,0,90,0,98,0,0,0,0,29,0,216,2,63,0,0,0,0,0,0,0,0,22,37,0,81,0,896,0,0,0,0,0,23,1,0,0,0,16,0,0,8,0,0,0,0,0,4,33,0,573,0,2,0,0,0,41,2,0,0,0,347,0,42,1,0,1,0,0,0,0,0,0,0,55,0,0,0,0,0,9,0,2,1,0,0,0,0,0,8,0,0,0,17,2,0,0,0,0,0,0,0,119,0,0,0,2,0,0,0,0,0,0,3,0,0,0,0,0,0,73,142,0,0,0,0,0,39,0,0,0,0,0,6,12,0,0,294,0,0,0,0,0,0,0,0,1269,0,2,0,0,1,0,0,0,16,0,27,0,72,0,0,17,59,34,0,0,0,0,0,0,171,15,175,0,0,218,0,0,0,0,0,0,0,0,0,0,0,0,0,0,0,0,9,0,0,0,46,0,1,0,11,0,2,0,9,0,15,1,0,0,0,1,0,0,221,0,0,0,0,0,3,2674,2,0,638,0,0,0,0,1,17,0,0,0,5,0,0,0,0,0,0,125,0
"691",0,0,0,0,0,0,3,0,0,0,0,0,1,0,18,0,0,0,0,0,0,53,0,1,0,2855,0,0,13,0,0,0,0,174,0,0,1,77,0,0,18,0,1,76,0,241,0,0,1,0,0,0,0,0,0,0,0,0,0,0,0,0,3,0,0,0,18,0,0,0,0,0,0,0,0,0,0,0,0,329,0,2,0,0,32,1,0,22,0,0,0,11,5,0,0,0,0,0,36,0,0,0,0,0,2,0,4,1354,0,0,0,0,0,16,0,0,0,1,40,0,0,0,14,1,259,2,0,0,0,0,164,3,1,0,0,0,7,6,0,0,1028,0,0,0,1,0,3,0,0,0,3,1,0,0,0,0,0,24,0,158,0,0,0,0,0,0,0,0,0,0,0,0,4,0,0,0,0,0,4,0,0,0,0,0,0,0,0,0,0,0,0,31,1,0,0,0,0,0,0,0,0,0,0,0,0,37,0,0,0,0,0,0,0,1,1,0,12,0,172,0,0,1,0,0,0,0,0,0,43,0,2,0,0,1094,0,0,0,0,0,2,0,0,0,0,0,0,1,0,0,0,0,0,0,0,4,0,28,0,0,0,0,0,0,0,0,0,0,0,0,16,0,76,7,0,0,0,0,0,30,2921,0,0,50,0,0,0,0,1,0,0,0,0,0,0,0,0,0,0,0,34,0
"692",0,0,0,0,0,0,0,25,0,0,5,0,0,0,0,0,39,1,1,0,144,12,0,0,0,1567,0,0,0,19,72,0,0,96,0,0,0,75,0,0,0,0,68,0,0,1,0,14,0,0,29,0,1,0,10,4,0,0,0,72,0,0,0,0,0,0,1,0,0,0,36,0,0,0,0,0,0,0,0,0,0,0,67,0,0,0,0,0,0,186,0,8,0,0,0,0,0,0,0,0,0,0,0,0,1,0,224,0,0,0,0,36,0,25,0,0,0,0,10,0,0,0,0,1,604,11,0,0,2,130,7,270,0,0,0,0,629,0,0,0,26,0,0,0,0,0,27,0,0,0,16,0,0,0,0,0,0,0,0,43,0,0,0,0,0,0,0,0,0,0,0,0,0,0,0,0,7,137,10,4,0,0,0,0,26,0,0,0,0,0,0,73,0,0,0,0,0,0,0,243,0,0,0,0,0,5,3,0,0,0,1,61,0,0,5,0,26,19,427,0,0,66,0,0,0,0,28,0,47,4,235,0,0,0,0,0,3,0,0,0,1,0,0,0,0,0,0,0,0,0,0,1,26,0,16,0,35,0,1,16,0,0,0,5,0,0,20,0,0,95,2,6,78,0,0,0,0,0,9,3092,0,3,116,0,0,0,0,0,0,64,0,0,0,0,334,0,0,0,0,40,0
"693",0,0,1,3,0,0,0,0,0,0,0,0,0,0,4,0,10,3,0,0,0,35,0,106,0,3664,0,0,20,5,74,0,0,20,2,0,12,0,0,0,0,0,0,0,0,0,86,1,2,0,8,25,3,0,0,3,1,0,0,15,11,0,0,2,0,0,225,0,0,0,4,0,0,0,0,0,1,0,0,8,0,1,206,0,0,85,151,0,0,42,0,70,0,0,0,0,0,0,0,0,29,0,0,4,0,0,0,216,0,0,0,0,0,65,0,0,0,1,75,0,12,0,0,0,0,0,0,0,0,0,0,0,0,1,61,0,102,21,0,0,37,0,0,0,0,0,0,0,2,1,31,0,0,3,0,0,17,0,3,0,0,0,0,0,0,0,0,0,0,21,2,0,804,0,0,0,0,0,194,1,0,0,0,0,0,0,0,0,0,9,0,51,0,0,0,0,0,0,0,0,0,0,0,1,1,34,0,0,0,2,0,0,0,0,7,1,57,12,0,0,34,26,0,0,0,0,0,0,28,0,144,0,1,1018,0,0,2,0,1,0,0,0,203,0,94,7,0,0,0,0,0,0,0,0,25,87,13,0,0,0,2,0,0,0,0,0,0,0,4,4,0,0,55,1,9,0,0,0,1,832,0,0,113,0,0,0,0,0,0,0,0,0,0,0,0,0,0,0,0,513,0
"694",0,1,0,0,0,0,0,23,0,0,0,0,0,111,39,0,0,0,0,0,17,0,0,481,0,1,0,0,36,0,84,0,0,108,0,0,67,10,0,0,3,0,1,6,0,0,0,0,0,0,0,142,0,0,0,3,0,0,0,2,6,29,3,0,2,0,268,0,0,0,1,0,0,48,0,0,0,0,0,1,36,0,0,0,35,55,5,0,0,21,0,68,888,0,0,234,0,0,2,0,0,0,0,0,13,0,4,2315,0,0,0,0,0,102,1,0,0,1,40,0,0,0,0,1,56,48,0,0,0,0,14,3,0,1,0,0,7,12,0,0,48,0,0,3,1,0,3,5,0,0,13,21,28,132,0,0,0,0,0,74,0,0,0,8,0,0,0,0,0,0,7,0,4,0,0,0,0,61,4,0,0,0,0,0,17,0,0,0,0,0,0,135,23,2,0,0,0,0,0,0,0,0,0,0,0,160,0,0,0,10,0,0,0,1,15,0,83,14,240,0,117,1,0,0,0,0,0,0,22,0,21,0,0,450,0,0,0,0,0,2,0,0,0,0,0,8,0,0,0,0,4,1,13,0,0,2,12,0,0,0,1,0,0,0,0,0,0,0,0,776,0,2,128,0,0,0,0,0,30,727,1,0,0,0,0,0,0,0,24,0,0,0,0,0,190,0,38,0,0,37,50
"695",0,0,0,0,0,2,0,29,0,0,3,4,0,585,10,2,17,1,0,0,24,48,0,0,0,0,0,0,0,3,1001,0,5,149,3,0,21,265,0,0,0,0,0,0,0,0,117,5,0,0,13,0,0,0,0,0,0,0,0,16,1,0,1,3,119,0,0,0,0,0,27,0,0,18,0,0,0,0,0,93,0,2,18,0,145,3,0,0,0,61,659,4,0,0,20,0,0,0,0,0,4,0,0,4,0,0,160,0,0,0,0,71,0,0,0,0,0,9,163,0,0,76,0,0,0,0,0,0,2,121,0,204,1,0,0,0,57,0,0,0,22,0,0,0,0,0,29,26,5,0,40,0,0,3,0,0,0,0,41,100,0,0,0,332,0,0,0,0,0,0,6,0,0,0,0,0,12,6,0,6,0,0,0,3,2,0,0,0,0,0,0,94,0,0,0,0,0,7,4,0,0,0,3276,2,0,4,3,0,0,0,0,0,0,0,5,1,167,22,0,0,111,0,0,0,0,0,8,0,0,16,186,1,0,135,0,0,4,0,1,6,0,0,0,41,0,2,0,0,0,0,0,2,19,0,11,1,2,4,0,0,7,0,0,1,0,3,0,0,9,206,9,0,0,0,0,0,0,0,3,0,2,0,494,0,0,0,0,0,31,13,0,0,0,0,0,23,0,62,0,0,0
"696",0,0,0,0,0,0,0,1,0,0,0,0,0,4,3139,0,0,0,0,1,2,11,0,3,0,748,0,0,23,0,1,0,0,72,0,0,15,1,1,0,0,0,363,25,0,25,333,0,0,0,0,0,0,0,0,0,0,0,0,8,0,0,0,0,0,0,47,0,0,6,10,0,0,4,0,0,0,0,0,10,0,1,0,0,3,0,0,0,0,39,22,9,0,0,0,0,0,0,15,0,0,0,0,0,0,0,11,2636,0,0,0,0,0,26,0,0,0,0,124,0,0,0,0,2,101,0,9,0,0,0,4,41,0,0,0,0,73,9,0,0,61,0,0,0,0,0,0,0,0,0,1,0,0,6,0,0,0,0,19,4,0,0,0,0,0,0,0,0,0,0,0,0,0,0,0,0,0,1,18,0,0,0,0,0,0,0,0,0,0,0,0,5,3,0,0,0,0,0,0,0,0,0,1,0,0,0,0,0,0,16,0,0,0,2,1,0,1,2,4,0,1,0,0,0,0,0,9,0,8,0,46,0,0,862,0,0,0,0,0,0,0,0,0,0,0,0,0,0,0,0,12,0,0,0,28,4,39,0,0,0,0,0,0,3,0,0,0,0,12,0,0,0,0,0,0,0,0,0,4,567,0,0,31,0,0,0,0,0,2,17,0,39,0,0,73,0,68,0,0,0,50
"697",0,0,0,13,0,0,64,0,0,0,0,0,1,27,82,0,0,1,0,0,0,58,1,5,0,1028,0,0,50,5,0,0,0,7,0,151,1,316,0,0,4,0,1,43,0,166,0,0,0,0,0,0,0,0,0,0,1,0,0,0,0,0,1,0,0,0,175,0,5,0,0,0,0,0,2368,0,0,0,0,211,0,0,187,1,0,0,0,0,0,45,0,40,4,0,0,7,0,0,34,0,0,0,0,0,2,0,4,1715,0,67,0,0,0,16,0,0,0,9,189,0,0,0,0,1,91,2,20,0,0,0,1,395,0,0,0,0,188,8,0,7,0,0,0,0,1,0,3,0,0,0,3,1,1,0,0,0,0,0,0,72,0,0,0,0,0,1,0,0,0,0,0,0,4,0,0,0,0,213,582,5,0,0,0,0,0,0,0,0,0,25,0,31,1,0,0,0,0,0,0,0,0,0,0,0,0,1,0,0,0,26,0,0,0,1,1,0,12,149,54,0,1,1,0,0,0,0,0,0,2,0,166,0,0,55,0,0,0,0,0,2,0,0,0,0,5,0,0,10,2,0,226,6,0,0,5,2,0,0,0,0,0,0,0,0,1,0,0,0,0,46,0,0,0,0,1,0,0,0,7,1699,0,0,22,0,0,0,0,179,43,0,0,0,0,0,19,0,7,0,0,53,0
"698",0,0,0,25,0,0,0,0,0,0,0,0,0,0,0,0,5,0,0,0,0,0,0,0,0,0,0,0,456,41,354,0,0,145,10,0,856,0,0,0,0,0,0,0,0,0,0,0,0,0,0,10,0,0,0,0,0,0,0,140,0,0,0,3,0,0,36,0,0,0,0,0,0,0,3,0,0,0,0,0,0,0,0,0,0,2,0,0,0,0,3,2,0,0,0,0,0,0,0,0,19,0,0,0,0,0,0,759,0,0,32,0,33,0,0,3,0,5,0,0,0,0,0,0,0,93,14,0,0,0,0,0,0,32,0,132,0,0,0,0,0,0,0,0,0,0,0,0,0,0,0,0,174,0,1,0,0,0,0,271,0,0,0,0,0,0,0,0,0,0,27,0,0,52,0,144,0,2,243,0,0,0,0,0,0,0,0,0,0,15,0,44,0,0,0,0,0,0,0,0,0,0,0,0,947,0,0,23,0,224,0,0,0,0,0,0,0,0,0,0,0,0,0,17,4,0,0,0,0,0,0,0,0,797,0,0,0,0,0,2,0,0,189,0,5,3,0,0,0,0,0,0,0,0,0,10,0,0,0,0,0,0,0,0,0,0,0,230,11,9,0,0,1524,0,46,0,0,0,0,147,0,0,1383,0,0,0,0,0,6,0,0,0,0,227,0,0,8,0,0,0,0
"699",0,5,0,0,0,0,5,28,0,0,0,0,1,585,11,0,0,0,1,0,18,58,0,0,0,144,0,0,4,1,0,0,0,59,0,0,37,61,0,0,0,0,1,0,0,5,0,0,0,0,0,0,0,1,0,10,0,0,0,222,4,0,0,0,0,0,212,0,0,117,40,0,0,0,0,0,0,0,15,107,0,0,0,0,12,3,0,0,0,136,0,6,6,0,0,0,0,0,0,2,0,122,0,3,0,0,4,104,0,0,0,0,4,164,0,0,0,0,40,0,75,0,0,1,137,2,212,0,0,0,1,353,0,11,0,0,7,0,3,0,51,1,0,0,1,0,84,0,6,0,3,1,0,0,0,0,0,0,0,11,0,0,0,0,0,1,2,0,0,0,0,0,4,0,0,0,0,54,46,5,0,1,23,6,0,5,0,0,0,0,0,31,6,1,0,0,0,0,0,75,0,0,6,0,0,1,0,0,0,1,0,0,0,1,1,0,201,0,1,0,117,1,0,0,0,0,0,0,87,0,56,0,1,211,0,12,19,0,0,2,0,0,0,0,0,1,20,14,0,0,0,0,27,0,24,8,22,0,4,11,0,0,0,0,0,3,0,0,11,122,0,22,313,4,8,0,0,0,3,2111,0,0,128,0,0,0,0,0,0,79,0,0,0,0,40,0,160,0,0,15,0
"700",0,17,1,0,0,1,0,43,0,0,0,0,3,72,0,0,0,0,0,0,0,15,0,27,0,294,0,0,0,0,1665,0,0,278,0,0,268,0,104,0,0,0,1,13,0,14,0,0,0,0,31,153,0,0,0,0,0,0,0,0,0,0,0,0,0,0,236,0,11,176,12,0,16,17,0,0,0,0,0,179,10,0,0,0,0,1,0,0,0,67,0,0,1,0,0,1,0,0,24,0,0,0,0,0,1,0,4,3100,0,0,0,0,0,16,0,0,0,5,269,0,0,0,0,33,14,2,0,0,0,0,1,3,0,0,0,0,188,9,0,0,7,0,0,0,1,0,3,15,0,0,3,1,0,27,0,0,0,0,9,11,0,0,0,0,0,0,0,0,0,0,14,0,4,0,0,0,0,2,472,0,0,0,0,0,0,0,0,0,0,0,0,31,5,0,0,0,0,0,0,0,0,0,0,0,0,18,7,0,0,0,12,0,0,1,1,1,201,0,1,0,0,1,0,0,0,0,0,0,65,0,100,2,0,55,0,0,0,0,0,2,0,0,0,0,8,0,0,0,0,0,10,4,0,0,0,12,2,0,0,14,6,0,0,0,6,0,0,0,0,2,0,0,0,0,1,0,0,0,0,2401,0,0,248,0,0,32,0,1,0,0,0,0,0,1,63,0,1,0,0,47,0
"701",0,6,15,0,0,0,0,0,0,0,0,0,0,88,36,0,0,0,0,0,0,0,0,2,0,0,0,0,20,18,538,0,0,88,0,0,22,178,0,0,0,0,1,0,0,64,0,0,0,0,47,0,0,0,0,0,0,0,4,449,0,0,0,0,0,0,12,0,0,3,0,2,0,0,0,0,0,0,0,257,0,0,164,0,65,1,0,0,0,0,0,65,0,0,0,0,0,0,36,0,0,1,0,2,0,0,4,1414,0,50,0,0,0,16,0,0,0,0,778,6,0,0,4,1,14,2,0,0,0,0,1,145,0,0,0,0,7,0,0,0,26,0,0,0,1,0,3,0,0,0,3,1,0,36,0,0,0,0,0,11,0,0,0,290,0,0,0,0,0,0,0,0,4,0,0,0,0,0,537,5,0,0,0,0,29,0,0,0,0,0,0,593,1,26,0,0,0,0,0,0,0,0,0,0,0,56,0,0,0,0,0,0,0,1,1,0,167,0,1,0,138,1,0,0,0,0,0,0,239,0,2,0,0,166,0,0,0,0,0,2,0,0,0,0,0,35,1,0,0,0,0,0,0,0,0,0,1,0,12,0,4,0,6,7,1,0,0,0,0,6,0,0,96,0,1,0,0,0,0,2285,0,0,738,0,0,0,0,0,0,0,0,0,0,0,0,0,252,0,0,34,0
"702",49,0,0,0,0,0,0,0,0,0,0,0,0,0,15,0,0,0,0,0,0,60,0,0,0,276,0,0,3,4,0,0,0,0,0,0,5,0,0,0,0,0,0,0,0,0,0,0,35,0,0,0,0,0,62,0,0,3,0,0,0,0,0,0,0,0,0,0,0,0,0,0,0,0,0,0,0,0,0,263,0,0,26,0,0,66,150,0,0,0,0,1,14,0,0,0,26,0,0,0,0,0,3,0,0,71,0,0,0,0,0,0,0,0,0,0,0,0,56,20,0,0,0,0,48,0,0,0,0,0,0,522,0,0,2,0,4,0,0,7,1028,0,0,0,234,0,26,0,0,1,0,0,0,0,1,0,0,0,0,0,0,0,0,0,0,0,0,1,0,0,0,0,0,0,0,0,6,0,0,0,0,0,0,0,0,0,0,0,0,0,0,0,1,0,0,0,0,0,0,0,0,0,0,4,0,0,0,0,0,0,2,108,0,0,0,0,280,0,533,0,0,0,0,0,0,0,5,0,0,0,0,0,0,163,0,0,0,0,0,176,0,0,0,0,0,40,0,1,0,0,0,0,0,0,22,0,116,0,0,0,0,0,0,7,0,0,0,0,0,25,0,0,0,0,0,0,0,0,6,5309,0,0,32,0,0,0,0,0,0,0,0,0,0,0,63,0,18,0,0,0,0
"703",0,0,0,0,0,0,0,0,0,0,0,0,0,0,0,0,10,0,0,0,0,26,0,8,0,203,0,0,0,2,251,0,0,26,0,0,1,24,10,0,0,2,0,0,0,0,0,0,1,0,0,0,0,0,0,0,0,0,0,22,0,0,0,0,0,0,156,0,0,113,48,0,0,95,0,0,2,1,0,211,0,0,0,0,0,0,4,0,0,41,1,2,0,0,0,0,0,0,0,0,6,0,0,0,0,5,0,3331,0,0,0,0,0,61,0,0,0,0,35,0,0,0,0,1,0,651,0,0,0,0,0,0,0,0,0,0,5,0,0,0,437,0,0,0,0,0,0,0,0,3,0,0,0,25,1,0,0,0,0,126,0,0,0,0,0,0,7,0,0,0,8,0,0,0,0,0,0,43,54,0,0,0,0,0,0,0,0,0,0,0,54,0,0,0,0,0,0,0,0,0,0,0,0,1874,0,6,0,0,0,16,0,0,0,4,2,0,88,24,165,0,0,47,0,128,0,0,0,0,0,23,52,0,0,292,0,0,0,0,0,0,0,0,0,0,5,25,0,0,0,0,0,0,27,0,19,1,7,0,0,0,0,0,0,20,0,0,0,0,0,1,0,0,647,0,0,1,0,1,3,0,0,20,30,0,0,0,0,0,161,50,0,0,0,0,132,0,8,0,1,0,11
"704",0,0,0,0,8,1,2,3,0,0,1,0,0,1,5,0,0,0,0,0,1,33,0,0,0,807,0,0,7,127,0,0,0,0,0,0,14,0,0,0,0,0,0,17,0,192,0,0,0,1,125,0,0,0,0,0,0,0,0,478,6,20,1,0,0,0,259,0,0,0,52,4,0,15,0,1,0,0,0,34,0,0,0,0,0,0,183,0,0,31,0,26,6,0,0,0,0,0,0,0,0,0,0,0,0,0,0,2723,0,0,0,0,0,52,0,1,0,0,555,0,0,0,0,1,63,0,0,0,0,0,0,2,0,0,4,0,104,0,4,0,18,0,0,0,0,0,28,1,0,0,3,4,70,36,1,0,0,1,0,11,0,0,0,0,0,1,0,1,0,0,12,0,0,0,0,0,0,208,0,0,0,0,0,0,16,0,0,1,0,0,15,186,1,49,0,0,0,0,1,0,0,0,0,0,0,249,2,0,1,1,0,0,0,0,61,0,372,43,6,0,0,0,0,0,0,0,0,0,102,0,86,1,0,167,0,0,0,0,0,0,5,0,0,0,0,0,0,0,0,0,0,0,0,0,0,0,9,0,8,0,0,0,0,3,0,0,0,0,0,1822,0,0,76,0,0,0,1,0,0,153,0,0,0,0,0,0,0,0,49,49,0,0,0,0,0,0,10,0,0,97,0
"705",0,0,0,66,8,0,0,0,228,0,0,0,7,0,0,0,0,0,2,0,2,35,0,0,0,5153,1,0,48,5,0,600,0,102,0,0,3,65,25,0,0,18,103,74,0,18,0,0,2,0,9,41,0,0,0,4,0,0,0,0,0,0,0,0,0,0,0,0,0,0,0,0,0,2,0,1,0,0,0,1,105,1,1,0,0,0,2,0,0,61,0,0,84,47,76,0,0,0,51,0,0,0,0,12,0,1,7,772,0,0,0,0,0,20,0,0,0,0,18,0,84,0,0,3,38,0,0,0,2,115,21,12,0,0,1,0,40,0,0,0,25,0,0,0,4,0,2,11,0,0,4,54,0,11,1,0,0,0,0,66,0,0,0,0,0,0,0,0,0,0,0,0,0,0,0,0,0,0,118,6,0,0,0,0,2,0,0,10,0,0,0,53,0,0,57,0,0,0,0,0,10,0,0,0,0,9,0,0,0,0,0,103,0,0,1,0,0,1,1,0,0,0,0,0,0,0,0,0,58,4,20,1,0,584,0,0,2,0,0,0,2,0,0,7,0,0,0,0,0,0,0,14,33,0,0,0,2,0,0,15,0,0,0,1,0,0,0,0,0,0,0,1,193,0,0,0,0,0,6,13,0,0,102,0,0,0,0,0,0,6,0,1,0,0,0,0,6,0,0,178,8
"706",0,0,0,4,62,0,1,0,0,0,0,0,2,0,1,0,56,0,0,0,0,0,0,44,0,1303,0,10,0,7,0,0,0,134,0,0,0,0,0,0,0,0,0,0,0,0,0,0,0,0,8,24,0,0,0,12,1,1,0,0,19,0,2,2,0,2,312,0,13,47,0,0,0,0,0,0,0,0,1,0,0,0,0,0,0,4,0,0,0,0,0,0,0,0,0,1,0,0,0,0,0,1,0,0,0,0,0,803,0,0,0,0,0,0,0,17,0,0,914,0,23,0,0,2,0,104,0,0,8,0,0,0,0,0,0,0,5,39,98,0,8,0,0,0,0,0,0,0,0,7,0,0,3,26,1,0,0,1,0,0,0,0,0,0,0,0,1,3,0,0,4,34,6,1,0,0,0,29,0,0,0,0,0,4,0,0,0,0,0,0,0,0,1,0,0,0,0,0,0,0,0,0,1,215,0,219,0,1,0,1,0,0,29,13,0,0,0,254,0,0,0,0,0,0,1,0,0,0,79,0,0,0,0,196,10,0,0,0,1,1,0,0,0,0,5,0,0,0,0,0,0,0,0,0,0,9,0,0,0,0,0,0,0,5,0,0,0,0,0,2,0,0,45,1,0,0,0,0,0,3642,0,0,0,0,1026,0,0,1,0,0,0,0,0,0,0,0,4,0,31,0,0
"707",0,0,0,0,0,0,8,6,0,0,0,0,0,0,4,0,0,0,0,0,0,0,0,0,0,2190,0,0,15,0,0,0,0,120,0,0,37,37,0,2,0,0,0,0,0,0,0,0,0,0,0,0,0,0,0,0,0,0,0,57,0,101,0,0,0,0,6,0,0,0,0,0,0,21,0,0,0,0,0,0,0,0,0,0,0,0,0,0,0,0,0,11,9,0,0,0,0,0,0,0,0,113,0,0,0,0,0,1213,0,0,0,0,0,0,0,0,0,14,28,0,0,0,0,3,246,0,0,0,0,0,0,0,0,0,0,0,5,3,0,0,1,0,0,0,0,0,0,0,0,0,0,0,0,0,0,0,0,0,0,0,0,0,0,465,0,0,0,0,0,0,0,44,1,0,0,0,0,2,57,0,0,0,0,0,0,0,0,0,0,0,0,0,0,0,0,3,0,0,0,0,0,0,0,27,0,26,0,0,1,8,0,0,0,0,0,0,64,0,14,0,80,103,0,0,0,0,0,0,0,0,0,0,0,358,0,0,0,0,0,0,0,0,0,0,0,0,0,0,0,0,0,0,0,0,0,0,0,0,0,0,0,0,0,0,0,0,0,0,0,6,0,0,251,0,0,0,0,1,2,4163,0,0,0,0,0,3,0,2,48,0,0,0,0,0,1,0,0,0,0,21,0
"708",0,0,0,0,0,0,0,24,0,2,3,0,0,211,15,0,0,14,0,0,18,26,0,0,0,3474,0,0,122,31,257,0,1,44,2,0,0,32,0,0,0,0,0,6,0,29,405,0,0,0,3,0,2,0,0,1,0,0,0,7,0,1,0,3,0,0,190,0,0,134,1,1,0,1,0,0,0,0,0,11,0,3,0,0,25,0,0,0,0,13,0,2,0,0,0,0,0,0,2,0,0,0,0,20,0,0,98,613,0,0,0,5,0,142,0,0,0,0,72,1,7,14,0,0,16,0,0,0,5,43,12,897,0,3,0,0,0,0,0,0,0,0,0,0,91,0,11,5,0,0,7,8,0,0,0,0,0,0,221,11,0,0,0,0,0,0,0,0,0,4,0,0,0,0,0,0,0,1,76,2,0,0,0,6,0,0,0,0,0,0,0,19,1,0,56,0,0,1,0,0,0,0,0,4,0,22,0,0,0,3,0,0,9,4,4,0,34,5,0,3,11,0,0,0,0,0,0,0,4,0,8,1,0,37,0,5,7,0,0,0,0,0,0,0,0,0,0,0,0,45,2,5,6,0,0,0,0,2,6,53,3,0,7,0,1,0,0,58,0,9,100,38,81,631,0,0,0,1,1,1016,2,0,110,0,0,0,0,0,0,8,0,0,0,0,0,0,0,80,0,1,0
"709",0,0,0,2,3,0,21,23,0,0,0,4,2,179,57,0,0,0,0,0,7,16,0,130,0,1326,0,0,79,0,0,0,0,97,0,14,1,2,0,0,0,0,150,29,0,7,0,0,0,0,0,203,2,0,0,2,0,0,15,61,17,111,0,0,0,0,0,0,0,35,1,0,0,0,0,0,0,0,6,1,12,0,0,0,9,2,0,0,0,23,393,6,207,0,0,0,0,0,0,0,0,54,0,0,2,1,4,340,2,18,0,0,10,16,0,0,0,0,40,0,0,0,0,1,14,2,0,0,0,0,11,24,0,0,6,0,7,9,0,0,0,0,0,0,1,0,3,8,6,0,25,1,0,0,0,0,0,0,0,137,0,0,0,0,0,0,1,0,0,0,3,0,4,0,0,0,0,0,4,0,0,0,0,0,1,0,0,0,13,0,0,129,1,0,1,0,0,0,1,0,0,0,0,1,0,1,1,0,0,0,0,0,0,1,7,0,12,10,1,3,0,1,0,0,0,0,46,0,15,0,17,0,0,345,0,0,0,0,0,2,0,0,0,0,0,0,0,0,2,0,30,0,3,0,1,4,0,0,1,0,0,0,0,0,1,0,0,0,0,3810,0,12,462,0,0,0,0,0,0,0,0,0,160,0,0,0,1,0,13,0,0,0,0,0,0,42,2,0,0,30,0
"710",0,1,0,12,0,0,0,0,0,0,0,0,0,0,0,0,51,6,0,0,2,1,0,806,0,3929,0,0,346,0,129,0,0,56,0,0,92,0,19,0,9,0,0,0,0,2,0,0,0,4,0,28,0,0,0,0,0,0,0,1,0,0,0,0,5,0,17,0,0,0,0,0,0,5,0,0,0,0,0,13,68,0,224,0,0,64,0,0,0,9,0,0,0,0,12,6,0,0,6,0,0,0,0,0,1,0,0,1380,0,0,0,0,0,54,0,0,0,0,21,0,59,0,0,1,343,4,0,0,16,0,1,14,0,0,0,0,28,25,0,0,16,0,0,0,0,0,0,0,0,6,1,26,3,0,0,0,0,0,83,1,0,0,0,0,0,0,0,0,0,0,1,0,0,0,0,0,0,4,35,0,0,0,0,2,0,0,0,265,0,0,0,77,0,0,0,0,0,0,0,0,0,0,0,0,0,57,0,0,4,0,0,0,0,9,34,0,1,0,434,0,0,0,0,106,0,9,0,7,43,0,17,0,0,15,0,0,0,0,0,0,0,28,0,0,2,1,0,0,0,0,0,5,0,0,0,34,6,0,0,0,1,36,0,6,0,0,0,42,0,542,0,64,58,0,0,0,0,0,0,1,0,0,25,0,0,0,0,0,0,1,0,0,0,0,1,0,1,5,0,14,0
"711",0,0,0,0,0,0,0,0,0,0,0,0,0,487,0,0,0,0,0,0,0,33,0,0,0,959,0,0,37,0,0,0,0,20,0,0,0,77,0,0,0,0,0,0,0,0,0,0,0,0,0,0,0,0,0,0,0,3,0,0,0,0,0,0,0,0,0,0,18,0,0,0,0,0,0,0,0,0,0,0,0,0,0,0,0,0,2,0,0,0,0,0,0,0,0,0,0,0,1,0,0,0,0,0,0,0,0,2924,0,9,0,0,0,3,0,2,0,1,94,0,0,0,0,1,0,0,0,0,0,0,0,0,0,0,0,11,35,0,0,0,4,0,0,0,0,0,5,0,0,0,4,0,0,1,0,0,0,0,0,0,0,0,0,1,0,0,0,0,0,0,0,3,0,0,1,0,0,0,56,0,0,0,0,0,7,0,0,0,0,0,0,53,0,5,0,0,0,0,0,0,0,0,0,0,0,27,0,0,1,5,0,0,1,0,0,0,0,0,135,0,0,12,0,0,0,0,0,0,12,0,0,0,0,345,0,0,0,0,0,0,0,0,0,0,1,6,0,0,0,0,0,0,0,0,0,0,0,0,0,0,1,0,0,12,0,0,0,0,0,1747,0,0,82,0,0,0,0,0,0,2620,0,0,0,1,0,0,0,1,0,0,0,0,0,0,5,0,4,0,0,128,0
"712",0,0,0,0,15,0,15,0,0,1,32,4,0,0,4,0,0,0,0,0,0,3,0,865,0,1570,0,0,108,0,0,0,0,12,0,9,0,75,0,0,5,0,1,0,0,42,0,0,0,0,0,37,0,0,0,4,0,3,0,241,0,0,0,0,0,0,0,17,104,0,0,0,0,0,0,198,0,0,0,31,0,0,0,0,0,0,0,0,0,0,0,116,0,0,0,4,0,0,1,0,0,0,0,6,0,0,4,104,0,0,0,10,0,16,0,0,1,0,40,0,0,0,0,1,14,72,0,0,3,0,37,3,0,38,0,0,7,57,0,0,0,0,0,0,1,0,3,7,0,0,3,1,0,0,0,0,0,47,0,91,0,0,0,0,0,0,0,0,0,0,0,0,4,1,0,6,0,5,4,0,0,0,0,0,0,0,0,0,128,0,0,31,5,0,0,0,0,4,0,0,0,0,485,0,0,1,0,0,0,37,0,7,0,1,1,0,72,0,1,0,52,1,0,0,0,0,0,0,2,0,2,0,0,105,0,2,0,0,0,2,0,0,0,0,0,0,144,12,0,0,0,0,7,0,0,11,0,0,4,0,15,22,0,0,0,0,20,0,19,34,9,0,79,0,0,0,0,0,3,5,0,0,0,0,0,0,0,0,151,0,0,0,0,0,1,0,0,79,0,0,0
"713",0,0,0,0,0,0,0,0,0,0,0,0,0,0,1,0,0,0,0,0,3,31,0,137,0,2889,0,0,0,17,47,0,0,0,0,0,9,1,0,0,0,0,1,32,0,0,0,0,2,0,1,131,0,3,5,10,0,3,0,0,0,0,0,6,0,0,66,0,0,42,4,0,0,0,0,0,0,0,0,0,0,0,275,0,0,6,253,0,0,8,0,1,0,0,0,0,0,0,0,0,0,0,13,0,2,0,4,104,0,0,0,0,0,16,0,67,0,9,40,0,0,0,0,1,14,2,0,0,0,0,1,3,0,2,4,0,46,12,0,0,47,0,0,0,1,0,3,17,0,0,3,1,0,0,0,0,0,0,0,11,0,0,0,0,0,0,0,0,0,0,0,0,4,0,0,0,0,0,433,0,0,0,0,0,0,0,0,0,0,0,20,31,1,0,0,0,0,0,0,0,0,0,0,2,0,7,6,0,0,0,138,0,0,1,1,9,12,5,1,0,0,1,0,0,0,0,0,0,2,0,2,0,0,1357,0,0,0,0,5,2,0,0,0,33,0,1,0,0,0,0,0,0,0,0,2,11,14,0,1,0,8,0,0,2,0,0,0,0,4,2,0,0,151,0,0,1,0,0,0,1884,0,0,22,0,0,10,0,0,0,1,0,0,0,0,201,6,245,0,0,2,0
"714",0,0,0,0,0,0,4,2,0,1,0,0,4,0,19,0,0,4,0,0,0,11,6,196,0,65,3,0,13,0,77,0,0,3,0,0,1,1,14,7,5,2,0,0,0,14,0,1,21,0,5,21,0,0,0,6,1,0,0,26,18,8,0,1,0,0,1135,0,0,0,5,1,0,0,0,0,1,0,0,14,8,7,0,0,31,0,2,0,0,0,1,1,125,0,0,0,0,0,0,0,0,0,0,3,0,0,0,999,0,57,0,0,0,0,4,137,0,1,18,0,51,0,0,37,10,0,0,0,1,0,0,101,0,12,2,1,358,23,0,0,1422,0,0,0,0,0,0,0,7,39,6,57,0,2,1,0,0,1,0,28,0,0,0,2,0,0,0,0,3,0,0,0,1,0,0,0,3,9,136,2,0,0,37,0,0,0,0,0,0,0,0,0,1,0,0,0,5,0,0,395,0,0,2049,1,0,127,0,0,0,14,0,0,0,0,1,1,106,1,270,0,6,0,0,0,0,0,0,0,4,4,12,0,0,369,0,0,11,0,0,0,0,0,0,0,0,0,0,0,0,0,178,2,28,0,13,1,0,0,5,0,9,0,0,0,1,0,0,0,1,759,0,0,81,1,1,0,0,0,1,2,0,0,1,0,0,0,6,0,18,0,0,0,0,1,8,0,0,0,0,47,0
"715",0,0,0,0,0,0,7,19,0,0,0,0,0,86,2,0,0,0,0,0,12,138,0,0,10,2025,0,0,11,0,0,0,0,126,0,0,0,111,0,0,0,0,0,48,0,1200,0,0,0,0,0,0,0,0,0,0,0,0,0,142,0,60,0,0,96,42,84,0,0,0,0,0,1,2,0,0,0,0,0,329,0,2,0,0,27,0,0,0,0,21,1471,1,2,0,0,0,0,0,0,0,0,0,0,6,2,0,101,123,54,0,5,0,0,17,0,0,0,0,189,1,0,0,0,0,140,0,0,0,0,0,72,10,0,0,0,0,7,0,0,0,2,0,0,0,0,0,4,0,0,0,18,0,0,0,0,0,0,0,0,35,0,0,0,1016,0,0,0,0,0,0,13,0,0,0,0,0,0,96,487,0,0,0,0,0,0,0,0,0,0,0,0,48,0,0,83,0,0,0,0,0,0,0,0,9,0,3,0,0,1,0,0,0,0,0,15,1,71,17,0,50,0,0,0,0,0,0,0,0,20,16,100,5,0,85,0,0,0,0,0,0,0,9,0,0,0,0,0,18,0,0,146,4,0,0,4,0,8,0,6,0,0,0,0,0,0,0,0,86,0,110,0,0,48,0,0,0,5,0,28,146,0,0,277,0,0,0,0,0,0,0,0,0,0,0,1,0,5,0,0,111,0
"716",0,0,0,0,0,0,1,0,0,0,0,0,0,0,363,0,0,0,0,0,49,0,0,0,0,2668,0,0,50,40,0,0,0,50,0,0,0,0,0,0,0,0,0,0,0,0,0,0,0,0,0,0,0,0,0,0,0,0,0,142,0,0,1,0,0,4,132,1,0,0,0,0,0,0,0,0,0,0,0,0,0,0,0,0,0,104,0,0,0,27,0,3,2,0,0,1,0,0,0,0,0,96,0,0,26,0,0,366,0,0,0,0,0,63,0,1,0,5,459,0,0,0,0,1,56,461,0,0,2,0,0,296,0,1,0,0,8,0,2,0,57,0,0,0,0,0,0,0,0,0,41,0,1,0,0,0,0,0,0,0,0,0,0,0,0,0,0,0,0,0,27,0,1,0,0,0,0,0,0,0,0,0,0,0,0,0,0,0,0,0,0,0,5,30,0,0,0,0,0,0,0,0,0,0,0,25,22,0,1,2,0,0,0,0,0,0,0,0,11,0,0,46,0,0,1,6,0,0,0,0,0,0,0,665,0,0,0,0,0,0,0,0,0,0,0,0,0,3,0,0,0,0,0,0,0,62,0,0,0,0,5,0,0,0,0,0,17,0,171,2,0,0,729,0,3,0,0,0,0,1988,0,0,240,0,0,0,25,15,0,0,0,0,0,0,7,0,11,0,0,304,0
"717",0,0,0,2,0,0,0,0,0,0,0,0,0,0,726,0,0,0,0,0,0,12,0,486,0,2251,0,0,37,3,61,0,1,0,0,0,6,0,0,0,5,0,1,0,0,0,0,0,0,0,0,46,0,0,0,1,2,0,0,28,0,0,0,1,0,0,0,0,0,0,6,0,0,0,0,0,0,0,0,44,0,0,0,0,20,1,87,0,0,0,0,15,0,0,0,0,0,0,0,0,0,113,0,0,0,0,4,4921,0,45,0,0,8,16,0,0,0,0,40,4,0,0,0,1,14,2,0,0,3,0,1,756,0,0,0,0,7,17,0,2,0,0,0,0,1,0,3,11,0,0,19,1,0,0,0,0,0,0,0,73,0,0,0,0,0,0,0,0,0,0,0,0,4,0,0,0,0,0,4,0,0,0,0,0,0,0,0,0,0,0,0,31,1,9,0,0,0,0,0,0,0,0,0,37,0,1,0,0,4,11,0,0,0,1,1,1,12,0,1,0,143,1,0,0,0,0,0,0,44,0,2,0,0,339,0,0,0,0,0,2,0,0,0,0,0,0,0,0,0,0,0,0,0,0,1,2,0,0,0,57,0,0,0,0,0,0,0,0,0,4,0,0,88,0,0,0,0,0,0,626,0,0,74,0,0,0,0,0,0,0,0,0,0,0,0,0,6,0,0,0,0
"718",0,55,0,15,0,0,1,0,2,0,0,0,0,179,5,0,0,0,0,0,36,16,0,355,0,92,0,0,0,0,482,0,0,131,0,0,0,129,8,0,8,0,0,0,0,41,0,0,0,0,3,25,0,0,0,0,0,0,0,36,0,3,0,0,226,0,66,0,11,176,0,0,0,0,0,0,0,0,0,39,36,0,0,0,12,0,1001,0,0,179,0,2,0,0,0,0,0,0,62,0,0,108,0,8,0,0,0,2790,0,0,0,0,0,267,0,0,0,0,0,1,10,0,0,4,90,0,0,0,0,0,0,276,0,0,0,41,0,0,0,0,0,0,0,0,0,0,0,0,0,0,17,0,0,0,0,4,0,0,0,2,0,0,0,0,0,0,0,0,0,0,0,0,0,0,0,0,0,0,158,4,0,0,23,0,0,0,0,0,0,0,0,105,4,0,0,0,0,0,0,156,0,0,0,0,89,31,0,0,2,0,0,0,0,0,5,0,50,0,0,0,0,0,0,0,0,0,0,0,0,0,283,0,0,502,0,0,0,0,0,0,0,0,0,0,6,0,0,0,0,0,0,5,20,0,0,0,12,0,0,0,0,0,0,0,2,0,0,0,0,6,0,0,110,0,0,0,0,0,4,1162,0,0,104,0,0,0,0,0,0,18,0,0,0,0,23,0,54,0,0,14,0
"719",0,0,0,51,0,0,0,0,0,0,0,0,0,0,0,0,0,0,0,0,18,72,0,246,0,275,0,0,37,0,0,0,0,101,0,0,0,11,0,0,14,0,0,0,0,58,0,0,20,0,0,102,0,0,0,13,0,0,4,86,24,0,0,0,3,0,149,0,0,75,0,0,0,0,0,0,0,0,0,5,21,14,341,0,31,0,0,2,0,0,0,5,0,0,0,0,0,0,49,0,0,0,0,56,0,1,23,837,0,16,0,0,8,106,0,0,0,0,159,0,29,0,0,2,178,0,0,27,0,0,47,9,0,0,0,0,0,47,0,0,28,0,0,0,0,0,13,10,0,0,16,0,2,0,0,0,0,0,22,58,0,0,0,0,0,0,0,1,0,0,19,0,0,0,0,0,0,0,35,5,0,0,0,0,46,0,0,0,0,0,0,135,0,0,0,0,0,0,0,0,0,0,0,1448,0,265,0,0,0,84,0,0,5,0,20,0,84,210,0,0,103,0,0,0,0,0,0,0,0,50,26,0,0,866,0,0,0,0,0,180,0,0,0,0,204,0,0,0,0,0,0,9,0,0,0,0,23,0,0,15,9,0,0,10,0,0,0,0,0,6,0,58,998,0,0,0,0,0,0,453,0,0,844,0,0,0,0,1,15,64,0,0,0,0,0,0,11,0,0,180,0
"720",0,0,0,2,0,0,1,0,0,0,0,0,11,40,10,0,0,0,0,0,0,14,0,71,0,1,0,0,23,0,304,0,0,89,0,0,70,11,0,0,3,0,0,0,0,1,0,0,0,0,13,145,0,0,0,0,0,0,0,0,0,0,0,0,0,0,21,5,44,0,1,0,0,0,0,0,0,0,0,0,6,0,0,0,4,0,0,0,0,112,1,16,185,0,0,19,0,0,7,0,0,2,0,0,3,0,0,2908,0,0,0,0,0,128,0,0,0,288,120,0,15,0,23,1,120,0,0,0,0,0,1,0,0,209,0,15,601,19,0,0,37,0,0,0,0,0,0,0,0,0,0,0,0,0,0,0,0,0,0,44,0,0,0,0,0,0,0,0,0,0,0,0,1,1,0,0,0,35,32,0,0,0,0,0,0,7,5,0,0,0,0,4,0,0,0,0,3,0,0,0,0,0,0,0,20,8,0,0,3,1,0,0,0,0,2,0,0,0,163,0,66,0,0,0,0,0,0,0,24,0,0,0,0,203,0,0,0,0,0,0,0,0,88,0,0,0,1,24,0,0,3,0,0,0,0,1,7,0,0,1,1,0,0,0,0,0,0,0,0,0,0,0,487,0,0,0,0,0,0,2673,0,0,81,0,0,0,0,0,0,3,0,0,0,0,102,0,180,0,0,9,0
"721",0,0,0,0,0,0,2,0,0,0,0,1,0,0,0,0,0,1,0,0,136,30,0,0,0,1136,0,0,82,35,0,0,0,16,0,26,5,517,0,0,0,0,0,89,0,9,0,0,0,0,0,0,0,0,0,0,0,0,0,32,0,103,0,0,88,0,231,2,0,0,13,0,0,0,0,509,0,0,0,18,0,0,6,0,1185,6,46,0,0,21,0,0,0,0,0,0,0,0,3,0,7,0,0,0,18,0,0,1125,6,0,0,0,0,68,1,39,0,0,129,0,0,0,0,0,28,0,0,0,0,0,26,324,0,0,0,0,14,0,0,0,39,0,0,0,0,0,19,0,0,4,7,0,0,0,0,0,0,0,10,4,0,0,0,97,0,0,0,0,0,0,7,0,0,0,0,0,0,0,49,1,72,0,0,0,15,0,0,0,0,0,0,121,0,0,33,0,0,0,0,0,0,0,0,0,1,74,2,0,0,8,0,0,34,15,0,0,44,0,0,12,0,0,0,0,0,0,0,0,4,3,33,0,0,41,0,0,0,0,0,0,0,0,0,0,0,0,0,0,2,0,0,6,0,0,19,7,22,0,34,0,7,0,0,6,0,0,0,0,0,13,0,87,196,0,0,0,0,0,6,2592,0,0,18,0,0,0,0,1,0,10,0,0,0,0,9,0,0,0,0,90,0
"722",0,0,0,2,0,0,1,0,0,0,0,0,11,0,143,0,0,0,0,0,0,11,0,423,0,2243,0,0,93,0,0,0,0,0,0,4,0,3,0,0,0,0,1,0,0,82,0,0,21,0,2,620,0,0,1,0,0,0,0,0,0,0,0,0,0,0,0,0,0,0,0,0,0,0,0,0,0,0,0,0,0,0,284,0,0,1,0,0,0,0,1,0,148,0,0,188,11,0,57,0,0,0,0,0,0,0,4,104,0,0,0,0,0,16,0,0,0,0,40,20,0,0,0,1,14,2,0,0,3,0,1,3,0,0,0,0,7,0,0,0,0,0,0,0,1,0,3,0,0,0,3,1,0,0,0,0,0,0,0,11,0,0,0,0,0,0,0,0,0,0,0,0,213,0,0,0,0,4,4,0,0,2,0,0,0,0,0,0,0,0,0,155,1,0,0,2,0,0,0,0,0,0,0,25,0,1,0,0,0,1,0,0,0,1,1,0,12,0,188,0,0,1,0,0,0,0,0,0,2,0,2,0,0,623,0,0,0,0,2,2,0,0,0,19,0,0,36,0,0,0,0,0,0,0,0,0,2,0,0,7,0,0,0,0,0,0,1,40,0,0,0,0,374,0,1,0,0,0,0,2330,0,0,495,0,0,0,0,0,0,0,0,0,0,0,0,0,0,0,0,37,0
"723",0,0,0,0,0,0,0,0,0,0,0,0,0,0,12,0,0,0,0,0,49,33,0,5,0,1,0,0,14,6,696,0,0,47,0,0,0,0,0,0,2,0,1,30,0,128,0,0,0,0,0,0,0,0,0,0,0,0,0,0,0,0,0,0,0,0,55,0,0,0,0,0,0,151,0,0,0,0,0,257,0,0,304,0,0,0,183,0,0,57,0,9,1,0,0,0,0,0,30,0,0,0,0,31,0,0,4,821,0,0,0,0,0,1752,2,0,0,0,40,2,0,0,0,1,65,2,0,192,0,0,1,296,0,0,0,0,67,0,0,0,11,0,0,0,1,0,3,0,0,0,3,1,0,0,0,0,0,0,216,11,0,0,0,0,0,0,0,0,0,0,0,0,4,0,0,0,0,0,200,0,0,0,0,0,0,0,0,0,0,0,0,31,4,0,0,0,0,0,0,0,0,0,1,0,0,1,0,0,0,0,0,0,0,1,1,0,155,0,1,0,1,1,0,0,0,0,0,0,80,0,327,0,0,398,0,0,0,0,0,2,14,0,0,0,0,0,0,0,0,0,13,0,0,0,0,0,0,0,0,0,0,0,0,0,0,0,0,0,0,8,0,0,64,0,0,0,0,0,0,3490,0,1,527,0,0,0,0,30,0,0,0,0,0,0,92,0,6,0,0,21,0
"724",0,5,0,16,17,0,0,0,1,0,8,10,0,0,6,0,14,0,0,0,0,18,0,0,0,1734,0,0,22,0,14,31,4,202,4,0,17,53,41,0,0,0,0,13,0,5,0,1,0,0,8,87,0,0,1,3,0,0,0,10,20,0,0,159,0,0,0,0,0,188,6,0,3,0,1089,0,0,0,0,4,54,1,0,11,0,1,0,0,0,29,408,0,0,0,31,0,0,0,23,0,0,0,14,13,0,0,11,268,0,0,0,31,0,52,0,0,0,0,79,0,49,0,0,13,59,235,0,0,4,0,3,0,1,0,6,0,3,28,0,0,0,0,0,0,0,0,12,5,3,6,6,8,1,0,0,0,0,0,25,17,0,0,0,2,0,0,1,0,0,0,33,0,16,0,0,46,0,2,121,2,10,0,0,0,18,0,0,76,0,0,0,132,0,1,0,0,0,0,7,0,0,0,0,20,95,54,0,0,2,0,0,0,27,10,6,0,0,15,0,0,0,64,0,0,0,2,1,0,38,0,108,0,2,581,0,0,72,9,0,5,0,0,0,2,0,20,1,0,0,0,0,0,6,0,18,0,0,3,13,4,0,0,0,2,0,0,0,0,19,79,0,0,193,0,1,0,0,0,4,2392,0,0,85,0,0,0,0,0,0,4,49,10,0,0,48,0,5,42,1,52,48
"725",0,0,0,0,0,0,4,0,0,0,0,0,1,0,26,0,0,0,0,0,0,15,0,0,6,339,0,0,11,0,0,0,0,196,0,0,0,35,0,0,0,0,0,0,0,0,0,7,0,0,1,1,0,0,0,0,0,0,0,0,0,1,1,0,0,1,48,0,0,0,0,0,0,0,0,0,0,5,0,51,0,15,0,0,5,53,203,21,0,0,1,24,0,0,0,49,0,0,0,0,0,0,0,0,5,0,1,148,0,0,0,0,0,51,0,5,0,0,0,1,0,0,0,0,0,0,0,0,1,0,24,14,0,5,0,0,10,0,0,0,1,0,0,0,0,0,2,0,0,0,11,0,1,0,1,0,0,0,242,52,0,0,0,0,0,0,0,0,0,0,3,0,0,0,0,0,0,4,99,0,10,0,0,0,4,0,0,0,0,0,0,54,0,6,0,0,0,0,0,0,0,0,0,0,0,3,2,0,0,0,0,0,0,0,0,0,305,6,4,2,0,0,0,0,1,0,0,0,7,0,0,0,0,3541,0,0,0,0,0,7,0,0,0,0,0,1,0,0,0,0,3,1,9,0,0,2,1,0,1,0,0,0,0,0,0,0,0,0,10,165,0,0,571,0,2,0,0,0,18,2903,0,0,335,0,0,0,0,0,0,45,0,0,0,0,0,0,79,0,0,100,0
"726",0,0,0,0,0,0,66,23,0,0,0,4,0,0,1,0,0,0,0,0,86,47,0,58,0,0,3,0,65,0,0,0,0,43,0,0,3,487,13,0,23,0,1,182,0,19,0,0,0,0,14,94,0,0,78,17,0,0,0,106,25,54,0,3,0,0,20,0,0,95,12,0,0,32,0,0,0,0,0,0,15,0,16,2,621,0,133,0,0,63,408,6,5,0,0,0,0,0,29,0,0,0,0,34,0,0,4,104,0,0,0,189,0,145,0,0,0,0,40,9,0,0,0,67,65,2,0,18,1,0,1,3,0,2,67,0,7,36,0,0,7,0,0,0,1,0,3,13,0,0,3,1,0,0,0,0,0,0,4,139,0,0,0,22,0,0,0,0,0,289,0,0,4,0,0,3,0,41,154,0,9,0,0,0,0,0,0,0,0,0,0,299,26,0,0,0,0,0,0,0,0,0,0,3,0,9,10,0,0,0,0,0,16,1,144,0,69,39,1,20,1,20,0,0,0,0,0,0,2,0,163,0,0,1,0,0,0,0,0,47,0,0,1,0,0,0,0,0,0,0,167,2,0,0,4,0,0,0,175,0,2,0,0,3,0,0,61,0,0,105,107,0,68,0,0,0,0,0,4,854,0,0,113,0,0,0,0,0,18,57,0,0,0,0,39,0,78,0,31,32,0
"727",0,0,0,0,0,0,0,14,0,1,0,0,0,200,18,0,0,2,0,2,43,3,0,0,0,3001,0,0,304,0,157,0,0,77,0,0,0,487,0,0,0,2,0,18,0,73,0,5,0,0,1,0,0,0,3,1,0,0,15,0,3,0,0,0,0,0,1,0,0,0,6,0,0,0,0,0,0,0,0,2,0,1,111,1,0,0,202,0,0,35,0,131,0,0,0,0,0,0,30,0,0,0,0,0,0,0,346,23,0,0,0,0,0,1,0,0,0,0,31,0,0,0,0,2,32,4,0,0,0,0,5,34,82,0,0,0,382,0,0,0,8,1,0,0,72,0,2,2,0,0,5,16,0,4,0,0,0,0,227,0,0,0,0,0,0,0,1,0,0,0,2,0,0,0,0,0,0,0,69,2,5,0,0,0,3,0,0,207,0,0,0,20,3,0,0,0,0,0,0,0,0,0,8,1,0,70,26,0,0,0,135,45,0,15,5,0,149,3,4,0,0,0,0,0,0,0,36,0,16,0,142,0,0,644,0,0,1,0,0,2,4,0,0,0,0,0,0,0,0,0,355,2,6,0,4,0,5,0,0,1,0,0,0,1,0,0,0,40,0,8,0,29,15,0,0,0,0,0,0,1419,1,0,10,0,0,0,0,0,0,4,0,0,0,0,31,36,2,82,0,107,0
"728",0,0,0,9,0,0,5,0,0,0,0,0,0,0,0,0,0,0,0,0,0,21,0,43,0,4,0,0,0,0,628,0,0,42,0,0,42,9,0,0,5,2,281,0,0,17,0,0,0,0,10,30,0,0,0,0,1,0,0,4,0,0,0,0,0,0,0,0,0,0,3,0,0,0,196,0,0,0,0,12,13,0,0,0,0,0,2,0,0,15,1,0,0,0,0,0,0,0,10,0,0,0,0,4,0,0,4,577,0,0,0,0,0,16,0,0,0,0,40,0,30,0,0,1,14,2,0,0,0,0,1,3,0,1,0,0,7,11,0,0,0,0,0,0,1,0,3,0,0,0,3,1,0,0,0,0,0,0,0,139,0,0,0,276,0,0,0,0,0,0,0,0,4,0,0,0,0,0,4,1,0,0,0,0,0,0,0,0,0,0,0,129,1,0,0,0,0,0,0,0,0,0,0,0,0,1,0,0,0,0,0,0,0,1,1,0,12,0,1,0,0,1,0,0,0,0,0,0,2,0,61,0,0,159,0,0,0,0,0,2,0,0,1,0,0,0,0,0,1,0,0,0,0,0,0,0,0,0,0,23,0,0,0,0,0,0,0,0,0,1973,0,0,1699,0,2,0,0,0,0,1778,0,0,122,0,0,0,0,0,0,18,0,0,0,0,9,0,6,0,0,0,0
"729",0,1,0,3,0,0,1,0,0,0,0,0,2,0,0,0,0,0,0,0,0,0,0,92,0,2505,0,0,0,0,0,0,0,3,0,0,0,1,0,0,6,0,1,0,0,0,0,0,0,0,0,25,0,0,0,0,0,0,0,0,0,0,1,0,0,0,21,1,12,0,0,0,0,0,0,285,0,0,0,0,0,0,0,0,0,0,106,1,0,0,0,62,123,0,0,1,0,0,0,0,0,1,0,0,0,0,4,104,0,0,0,0,0,16,0,0,0,0,40,0,0,0,0,1,14,2,0,0,0,0,1,3,0,0,0,0,7,30,0,0,0,0,0,0,1,0,3,0,0,0,3,1,0,0,0,31,0,0,0,11,13,0,0,0,0,0,0,0,0,0,0,0,4,0,0,0,0,43,57,0,0,0,0,0,0,0,0,0,0,0,0,31,1,0,0,2,0,0,0,0,0,0,0,0,126,1,0,0,0,0,0,0,0,1,1,0,12,0,1,0,8,1,0,0,0,0,0,0,2,0,2,0,0,82,0,0,0,0,0,2,0,0,0,0,0,0,0,0,0,20,0,0,0,0,0,0,3,0,0,1,0,0,0,0,0,0,0,0,0,2039,0,0,605,0,0,0,0,0,0,0,0,0,0,0,0,0,0,0,0,0,0,0,0,0,0,0,1,0,5,0,0
"730",0,0,0,0,0,0,8,0,2,0,0,0,4,0,0,2,0,0,0,0,0,0,0,229,0,953,0,0,138,0,0,0,0,0,0,0,0,0,0,0,36,0,1,0,0,268,0,0,0,0,0,206,0,0,0,3,0,1,0,0,18,0,0,0,0,0,0,0,0,0,0,0,0,0,0,1143,0,0,0,0,0,0,0,0,0,1,0,0,0,0,6,16,0,0,0,0,92,1,0,0,0,52,1,0,0,0,4,104,0,0,0,0,0,16,0,0,0,0,40,0,0,0,78,1,14,2,0,0,0,0,1,3,0,9,5,0,7,28,1,0,836,0,0,0,1,0,3,0,0,0,3,1,0,0,0,0,0,2,0,11,0,0,0,0,0,0,0,0,0,108,0,0,4,0,0,0,0,0,4,0,0,0,0,0,0,0,2,0,0,0,0,31,27,0,0,0,0,0,0,0,0,0,0,0,0,14,0,0,0,15,2,0,0,1,1,0,12,0,157,0,0,1,0,0,0,0,0,0,2,0,2,0,0,30,55,0,0,0,0,47,0,0,0,29,0,0,36,3,0,0,12,0,0,0,0,2,18,0,0,0,0,0,0,0,0,0,0,0,0,3,9,0,296,0,7,0,0,0,1,2675,0,0,0,0,0,0,0,0,0,0,0,0,0,0,0,0,7,0,1,1,0
"731",0,0,0,0,0,1,21,33,0,1,3,1,0,44,12,0,5,0,3,0,82,26,0,3,0,2,5,0,5,53,98,0,0,4,0,0,6,180,0,0,0,2,1,67,0,679,0,5,0,0,19,0,0,0,1,2,0,0,0,268,0,88,0,112,0,0,69,0,0,113,333,3,4,46,0,0,1,0,0,462,0,21,295,8,25,1,2,0,0,118,0,3,0,0,0,0,0,0,49,0,0,0,0,0,1,0,132,2115,0,0,0,0,0,165,0,0,0,7,584,0,0,0,0,1,207,114,0,0,10,60,92,812,0,0,0,0,643,0,0,0,41,0,0,0,1,0,88,3,0,0,63,1,0,18,0,0,0,0,0,157,0,0,3,309,0,0,0,0,0,0,7,0,4,0,0,0,0,307,336,6,0,0,0,0,46,0,0,0,0,0,0,299,1,11,0,0,0,3,0,772,0,0,0,1456,118,172,11,0,0,12,2,0,0,1,31,2,204,145,1,0,31,55,0,0,0,0,74,0,2,50,214,1,0,548,0,0,6,0,2,118,0,0,0,0,0,3,0,0,0,20,0,4,78,0,6,15,9,2,5,16,0,0,0,3,19,0,0,0,72,2,0,57,40,0,0,0,0,7,11,599,0,0,217,0,0,0,0,0,32,69,0,0,0,0,70,0,9,0,0,57,0
"732",0,0,0,0,0,0,0,2,0,1,0,1,0,1,0,0,1,2,0,2,3,3,0,0,0,0,0,0,0,133,142,0,0,47,0,0,17,5,0,0,0,0,0,0,0,141,137,0,4,0,1,0,0,1,18,1,0,0,14,17,0,0,0,0,1,0,15,0,0,20,17,0,0,1,0,0,0,0,0,10,0,1,118,7,1,30,12,0,0,183,1,1,0,0,30,7,0,1,138,0,5,0,0,0,2,0,1,3378,0,72,0,10,0,98,1,1,0,0,3,1,0,46,0,2,279,47,0,1,1,0,42,145,15,0,0,0,14,0,0,0,67,0,0,0,0,0,4,7,0,0,14,5,0,2,1,0,0,0,22,74,0,0,0,434,0,0,0,0,0,0,1,0,0,0,0,0,0,0,51,1,59,0,0,0,8,0,0,144,0,0,0,10,0,0,0,0,0,0,0,0,12,0,2,2,0,4,4,0,0,25,0,0,5,3,1,1,20,5,4,3,0,21,0,4,0,29,2,0,36,1,21,0,0,519,0,1,0,0,0,0,1,0,0,14,0,77,0,0,0,0,0,0,11,0,21,3,0,0,4,0,1,12,0,3,0,0,5,0,0,0,11,1,1336,0,8,1,0,1,0,1071,1,0,80,0,0,0,29,0,10,9,0,0,0,0,59,0,51,75,1,21,4
"733",11,0,0,0,0,0,1,0,0,0,0,0,0,0,2,0,1,0,0,0,0,29,0,147,0,2413,0,0,20,218,0,0,0,0,0,0,0,0,0,0,0,0,0,0,0,0,0,0,0,0,0,455,0,0,0,10,2,0,0,241,0,0,0,3,0,0,0,0,0,117,75,0,0,0,0,0,0,0,80,0,0,0,690,0,0,4,69,0,0,0,0,5,5,0,0,0,0,13,0,0,0,15,0,0,0,0,0,517,0,0,0,0,0,0,0,0,0,0,434,0,0,0,0,0,38,0,0,0,0,0,0,0,0,0,2,38,4,66,0,0,7,0,0,2,0,0,0,0,6,1,7,0,0,0,0,0,0,0,0,0,0,0,0,0,0,0,0,0,0,7,13,1,0,0,0,0,0,0,0,0,0,0,0,0,0,0,0,0,0,0,0,0,1,0,0,2,0,0,0,0,0,0,0,35,0,10,0,0,1,0,0,0,0,0,48,0,184,0,236,0,131,0,0,0,0,0,0,0,0,0,0,0,0,1,0,0,19,0,0,0,0,0,0,0,2,1,0,1,0,0,0,0,0,0,0,0,0,0,0,0,0,0,0,0,0,0,0,0,0,123,0,0,0,0,1,0,0,0,2,3302,0,0,0,0,0,3,0,0,0,0,0,0,0,0,0,0,0,0,0,128,0
"734",0,0,0,0,0,0,24,0,0,0,0,0,15,358,137,0,0,0,0,0,0,0,0,86,0,1572,0,0,8,14,2,0,1,15,0,0,1,0,69,0,31,0,0,0,0,7,0,0,2,0,0,0,0,0,0,8,0,0,0,7,0,0,0,2,0,0,440,0,0,0,0,0,0,25,0,0,0,0,0,3,0,0,0,0,0,1,2,0,0,9,0,11,19,0,0,0,0,0,3,0,0,21,0,49,0,0,0,381,0,0,0,0,0,0,0,0,0,0,104,0,0,0,0,5,31,0,0,0,0,0,0,0,0,0,15,0,29,49,0,0,1249,0,0,0,0,938,0,0,0,0,1,0,0,0,0,0,0,0,1,0,0,0,0,0,0,0,0,5,0,0,0,0,191,0,0,0,0,2,0,0,0,0,0,0,0,0,2,0,0,0,0,59,0,0,0,20,0,0,0,0,0,0,0,56,0,0,0,0,1,0,0,0,0,0,2,0,0,0,267,0,1,0,0,0,0,16,0,0,250,0,26,0,0,138,0,0,0,0,0,1,0,0,0,0,9,0,0,0,0,0,1,0,0,0,0,10,0,0,0,0,0,0,0,0,0,0,0,0,0,1010,0,0,481,0,0,0,0,0,0,1698,0,0,1,0,0,0,0,0,0,0,0,0,0,0,0,0,4,0,0,4,0
"735",0,0,0,1,0,1,10,41,0,0,0,0,0,0,1,0,0,5,0,0,48,132,0,0,0,1754,1,0,3,0,1,125,0,59,0,0,1,183,1,0,1,0,0,70,0,753,0,3,0,0,0,0,0,0,5,0,0,0,0,119,0,34,0,0,2,6,33,0,0,0,333,0,0,9,0,0,0,0,0,90,5,0,1,0,422,0,1,0,0,26,0,2,1,0,0,43,0,0,47,0,0,2,0,17,6,1,0,78,1,0,0,0,0,317,0,1,0,0,113,0,0,0,0,1,38,96,0,0,12,0,10,11,0,0,0,0,1,0,0,0,3,0,0,0,74,0,3,0,0,0,26,5,0,0,1,0,0,0,0,152,0,0,2,0,0,0,0,0,0,0,4,0,1,0,0,0,0,0,236,0,37,0,0,0,40,0,0,0,0,0,1,90,0,0,0,0,0,0,0,0,0,0,0,370,0,2,11,0,1,1,0,0,57,0,19,0,38,91,1,10,7,25,0,0,0,1,0,0,137,3,99,1,0,145,0,0,0,0,0,0,0,0,0,0,0,0,0,0,0,6,0,4,14,0,17,1,14,0,12,2,0,0,0,1,0,0,0,0,0,1,0,39,32,0,0,0,0,1,17,2285,0,0,403,0,0,0,0,0,77,34,47,0,0,12,26,13,0,0,0,172,0
"736",0,0,0,1,0,0,37,0,0,0,0,0,0,0,11,0,0,0,0,0,0,88,1,21,0,1162,0,0,21,0,0,0,0,0,0,0,5,0,0,0,3,0,1,72,0,0,0,0,7,0,0,0,0,0,0,0,0,0,0,0,0,0,0,0,0,0,0,0,0,0,0,0,0,0,0,0,0,0,0,0,0,0,0,0,0,0,0,0,0,0,0,0,3,0,0,1,0,0,0,0,0,108,0,35,0,0,4,537,0,0,0,0,0,16,0,0,0,0,40,0,21,0,4,1,14,2,0,0,0,0,1,3,0,0,0,1,7,0,0,0,0,0,0,0,1,0,3,0,0,0,3,1,0,0,0,0,0,0,0,11,0,0,0,0,0,0,0,0,0,0,0,1,171,0,0,0,0,0,4,0,0,0,0,0,0,1,0,0,0,0,0,31,1,1,0,0,0,0,0,0,0,0,0,0,1,1,0,0,6,2,0,0,0,1,1,0,12,0,1,0,10,1,0,0,0,0,0,0,2,0,2,0,0,514,0,0,0,0,0,2,0,0,0,0,0,0,0,2,0,0,0,0,0,2,0,0,0,0,0,0,0,0,0,0,1,0,0,0,0,0,0,0,300,0,9,0,0,0,0,4359,0,0,513,0,0,0,0,30,0,0,0,0,0,0,0,0,21,0,0,34,0
"737",0,4,0,0,0,0,5,0,0,0,0,0,1,0,4,0,0,0,0,0,0,0,0,7,0,1206,0,0,16,0,1,0,0,343,0,0,16,108,0,0,0,0,1,0,0,117,0,0,0,0,0,0,0,0,0,0,0,0,0,0,0,0,0,0,0,0,17,0,0,0,0,0,0,0,0,0,0,0,0,0,0,0,0,0,0,1,246,0,0,0,0,0,369,0,0,6,0,0,29,0,0,10,0,0,0,0,4,104,0,0,0,0,3,16,4,0,0,1,40,0,38,0,0,1,14,2,0,0,0,0,81,3,0,0,0,1,621,0,0,0,0,0,0,0,1,0,3,0,0,0,3,1,0,0,0,0,0,0,0,11,0,0,0,0,0,0,0,0,0,0,0,0,4,0,14,0,0,0,4,0,0,7,0,0,0,0,0,0,0,0,0,31,1,0,0,0,0,0,0,0,0,0,0,0,0,1,0,0,0,0,0,0,0,1,1,0,12,0,94,0,0,1,0,0,0,0,0,3,137,0,2,0,0,167,0,0,0,0,0,2,0,0,0,0,0,0,17,0,0,0,0,0,0,0,0,0,0,0,0,0,0,0,0,0,0,0,0,0,0,0,0,0,560,0,4,0,0,0,0,3639,0,0,264,0,0,19,1,1,0,0,0,0,0,0,0,0,11,0,0,0,0
"738",0,0,0,8,0,0,1,0,0,0,0,0,0,0,4,0,0,3,0,0,0,3,0,0,0,1769,0,0,4,0,240,0,0,130,3,0,7,288,0,0,0,0,1,0,0,57,151,0,0,0,0,0,0,0,0,0,0,0,0,8,0,12,0,8,0,0,264,0,0,66,1,0,0,0,0,0,0,0,0,10,0,0,321,0,25,0,0,0,0,27,8,10,0,0,29,0,0,1,15,0,0,0,0,0,1,0,103,4922,0,0,0,0,0,16,0,0,0,0,40,2,12,0,0,37,91,2,0,13,0,0,1,84,0,0,0,0,7,0,0,0,0,0,0,0,1,0,3,0,0,1,50,1,0,0,6,0,0,0,9,113,0,4,0,214,0,0,0,5,0,0,4,0,4,0,0,0,0,2,107,0,0,0,0,0,0,0,2,0,0,0,0,176,1,0,0,0,0,0,0,0,58,0,0,19,0,178,0,0,0,0,0,0,7,1,13,0,88,72,1,0,59,1,0,0,0,0,0,0,44,0,44,0,0,55,0,0,0,1,0,2,0,0,0,0,0,10,0,0,0,0,2,0,4,0,0,2,0,0,0,0,0,0,0,0,0,0,0,186,0,1,1,57,647,0,1,0,0,0,2,600,0,0,836,0,0,0,0,0,1,43,0,0,0,0,3,0,0,0,0,160,0
"739",0,0,0,0,0,2,1,0,0,0,0,0,0,0,1,0,31,0,0,0,0,60,0,0,0,752,0,0,0,197,461,0,0,0,0,0,0,254,0,0,0,0,1,0,0,484,151,0,0,0,8,0,0,0,210,0,0,0,0,534,0,0,0,0,0,0,646,0,0,26,0,0,0,0,0,0,0,0,0,811,0,0,185,0,0,0,3,0,0,13,0,0,2,0,0,0,25,0,69,0,4,0,0,0,0,0,4,3246,0,0,0,0,0,16,0,0,0,0,778,0,0,0,0,1,156,2,0,0,0,0,1,3,0,0,0,0,7,0,0,0,0,0,0,0,1,0,3,0,0,0,3,1,0,0,0,4,0,0,0,11,0,0,0,0,0,0,0,0,0,0,0,0,4,2,0,0,0,128,4,1,0,0,0,0,0,0,15,0,0,0,0,282,1,0,0,0,0,0,1,0,0,0,0,0,0,150,0,0,0,0,4,0,0,1,1,0,12,0,1,0,2,1,0,0,0,0,0,0,2,0,2,0,0,141,0,0,5,0,0,2,0,0,0,0,0,2,0,0,0,0,0,0,0,0,0,37,26,1,0,0,7,0,0,15,0,0,0,0,0,1,1,0,261,0,0,0,0,0,0,3,0,0,123,0,0,0,0,0,197,49,0,0,0,0,1,0,32,0,0,245,0
"740",0,0,0,0,0,0,0,0,0,0,0,0,0,0,13,0,71,0,0,0,0,155,0,1,0,0,0,0,5,1,30,0,0,13,0,0,3,121,0,0,0,0,0,0,0,102,0,0,1,0,0,0,0,0,0,0,0,2,0,120,0,0,0,0,346,0,82,0,0,150,0,0,0,0,0,0,0,1,0,21,0,0,1,0,0,0,3,0,0,0,0,16,3,0,0,1,0,0,0,0,0,0,0,0,0,0,0,820,0,0,0,0,0,0,0,3,0,0,4,2,0,0,0,1,108,0,0,0,0,0,0,1,0,0,0,0,17,0,0,0,43,0,0,0,0,692,5,0,0,2,43,0,0,0,0,0,0,0,0,0,0,0,0,0,0,0,0,4,0,0,9,0,0,0,0,0,0,0,336,0,0,0,0,0,17,0,0,0,0,0,1,51,2,3,0,1,0,0,0,0,0,0,3221,0,0,21,0,0,4,3,0,0,0,0,0,0,4,0,1,0,93,0,0,0,0,0,0,0,0,0,0,0,0,525,0,0,0,0,0,0,0,0,0,0,5,0,0,0,0,0,0,0,0,0,0,10,0,0,0,0,0,0,0,0,0,0,0,0,0,146,0,0,92,0,0,0,0,0,0,2116,0,0,169,0,0,0,0,6,0,0,0,0,0,0,0,0,27,0,0,131,0
"741",0,3,1,2,0,0,14,0,0,0,16,2,2,0,7,0,0,0,0,0,24,35,0,96,0,204,2,0,13,35,145,0,16,41,0,0,42,142,0,0,0,0,1,0,0,5,0,4,0,0,11,0,1,0,0,10,0,0,0,24,9,20,0,4,0,0,240,0,10,56,10,0,1,21,0,0,1,10,0,2,52,6,12,0,42,66,1,0,0,82,2800,382,10,0,0,0,0,0,0,0,0,9,13,0,0,0,4,104,0,0,3,51,0,16,0,0,0,0,40,0,0,0,0,1,14,2,0,0,4,0,1,3,0,0,11,1,7,9,0,0,0,0,0,2,1,0,3,0,10,0,3,1,15,29,0,0,3,0,0,11,7,6,0,0,0,0,0,0,1,0,0,0,4,0,0,0,0,8,4,0,0,0,0,2,67,0,0,0,0,0,0,31,1,0,0,0,32,0,0,0,0,0,0,469,0,249,0,0,0,23,0,0,0,1,1,1,108,47,287,8,0,1,0,0,0,0,0,0,38,0,56,0,0,1596,0,0,4,0,0,31,0,0,0,0,0,0,1,0,0,0,0,0,33,0,19,226,6,0,10,0,5,0,0,3,3,0,2,0,0,11,0,0,0,0,0,0,0,0,0,1201,2,0,310,0,0,72,6,0,0,0,0,0,0,0,0,28,6,0,0,304,0
"742",0,0,2,0,0,0,0,0,0,0,0,0,0,0,1,0,28,0,0,0,29,225,1,31,0,2576,0,0,3,0,0,0,4,144,0,0,23,328,0,0,12,0,0,0,0,0,0,0,0,0,0,64,0,0,0,38,0,0,0,0,0,0,1,0,0,0,0,0,0,0,0,0,0,0,0,0,0,0,0,194,10,0,0,0,268,0,203,0,0,161,0,1,1,0,0,0,0,0,0,0,0,1,0,0,0,0,0,804,0,0,0,0,0,0,0,0,0,0,241,0,37,0,0,1,275,0,0,0,0,0,0,233,0,0,0,0,3,17,64,0,9,0,0,0,0,0,0,0,0,0,50,0,0,0,0,0,0,0,0,0,0,0,0,0,0,0,0,0,0,0,0,0,18,0,0,0,0,0,0,0,0,0,19,0,0,0,0,0,0,0,0,113,1,0,0,0,0,0,0,0,0,0,0,0,0,166,4,0,0,1,0,0,0,0,144,0,59,0,0,0,68,0,0,0,0,0,0,0,0,0,265,0,0,58,0,0,0,0,0,20,0,0,0,0,0,0,0,0,0,0,0,0,0,0,0,0,0,0,0,236,0,0,0,7,0,0,0,0,0,1,0,105,63,1,0,0,0,0,0,1201,0,0,725,0,0,0,0,0,0,0,0,0,0,0,0,0,0,0,0,648,0
"743",0,1,1,0,0,1,5,0,0,0,0,0,0,0,10,0,2,0,1,1,0,9,0,0,0,2278,0,0,5,11,273,0,0,103,0,0,10,28,0,0,0,1,1,0,0,81,0,1,0,0,88,0,0,0,3,0,0,0,0,0,2,0,0,0,0,0,41,0,0,0,22,0,0,0,0,0,0,0,0,19,0,9,59,0,0,1,10,0,0,9,0,3,187,0,0,0,0,0,10,0,0,1,0,4,18,0,4,770,0,0,0,0,0,16,0,0,0,0,168,0,0,0,0,21,254,2,11,0,0,0,24,167,0,0,0,0,149,8,0,0,25,0,0,0,1,0,3,0,0,0,39,1,0,36,0,0,0,0,0,497,0,0,0,0,0,0,1,0,0,0,5,0,4,0,0,0,0,103,262,0,0,0,0,0,0,0,0,0,0,0,4,31,1,3,0,0,0,0,0,11,0,0,0,0,0,14,3,0,2,0,10,0,0,1,1,0,12,132,184,0,71,25,0,0,0,0,0,0,72,0,213,0,0,236,0,0,7,0,0,2,0,0,0,0,0,0,0,0,0,0,0,4,27,0,4,0,2,0,2,76,1,0,7,1,7,0,0,0,0,50,0,33,409,0,0,0,0,0,39,1338,0,3,836,0,0,0,0,0,23,31,0,0,0,0,0,0,0,0,0,62,0
"744",0,0,0,0,0,0,0,11,0,0,0,0,0,0,0,0,2,0,0,0,0,35,0,118,0,7,0,0,11,8,56,0,0,5,0,0,3,33,5,0,4,0,1,0,0,680,0,0,0,0,9,123,0,0,0,4,0,0,0,7,0,0,0,0,0,0,627,0,0,0,0,0,0,7,0,0,0,0,0,0,0,0,0,0,0,0,55,0,0,4,0,9,139,0,103,0,0,0,3,2,0,0,0,0,1,0,4,5933,3,0,0,0,0,16,0,0,0,0,40,0,0,19,0,1,65,2,0,0,1,0,18,753,0,0,0,0,7,0,0,0,902,0,0,0,1,0,3,0,3,9,3,31,1,0,0,0,0,0,68,64,0,0,0,22,0,0,0,0,0,0,5,0,4,0,0,0,0,0,103,0,0,0,0,0,0,0,0,70,0,0,0,31,1,0,0,0,0,0,0,0,0,0,1,86,0,1,0,0,0,1,0,0,0,1,10,0,12,0,560,0,75,1,0,0,0,0,0,0,26,0,207,1,0,1,0,0,0,0,0,2,0,0,0,0,0,0,0,0,0,0,0,2,6,0,6,3,35,0,3,43,0,0,0,0,0,0,0,39,0,116,0,0,0,2,0,0,0,0,0,4,0,0,2,0,0,0,0,0,0,27,0,0,0,0,0,36,2,0,0,23,0
"745",0,0,0,0,0,0,0,0,0,0,0,0,0,0,11,0,4,0,0,0,0,18,0,0,0,3240,0,0,4,0,0,0,0,0,0,0,188,0,0,0,0,0,1,0,0,0,0,0,0,0,0,0,0,0,0,0,0,0,0,0,0,0,0,0,0,0,12,0,0,95,0,0,0,0,0,0,0,0,0,26,0,1,0,0,0,0,0,0,0,0,0,0,0,0,0,0,0,0,0,0,0,0,0,0,0,0,4,104,0,0,0,0,0,16,0,0,0,0,40,0,0,0,0,1,14,103,0,11,0,0,1,3,0,0,0,45,7,0,0,0,0,0,0,0,1,0,3,0,0,0,3,1,0,0,0,0,0,0,0,11,0,0,0,0,0,0,0,0,0,0,0,0,4,0,0,0,0,0,4,0,0,0,0,0,0,0,0,0,0,0,0,31,1,0,0,0,0,0,0,0,0,0,0,0,584,1,0,0,0,0,0,0,0,1,1,0,12,0,1,0,0,1,0,0,0,0,0,14,2,0,125,0,0,141,0,0,0,0,0,2,0,0,0,0,0,0,0,0,0,0,0,2,0,0,0,0,24,0,0,0,0,0,0,0,0,0,0,0,0,88,0,0,320,0,0,0,0,0,0,1500,0,0,248,0,0,0,0,5,0,0,0,0,0,0,0,0,0,0,0,0,0
"746",0,0,0,0,0,0,4,0,5,0,0,0,0,867,0,0,0,0,0,1,105,12,0,0,0,1447,0,0,0,22,374,0,0,48,0,0,0,10,0,0,0,0,0,15,0,196,0,0,0,0,4,0,0,0,1,0,0,2,0,13,4,16,0,0,253,2,185,0,0,20,6,0,0,10,0,0,0,0,0,29,0,0,3,0,65,0,0,0,0,50,0,5,0,0,0,0,0,0,29,0,0,0,0,0,0,0,5,908,0,0,0,0,0,0,0,0,0,0,136,0,0,0,0,0,53,0,0,0,0,0,6,42,0,0,0,0,0,0,0,0,0,0,0,0,0,0,0,5,0,0,24,21,0,0,0,0,0,0,0,45,0,0,0,1,0,0,0,0,0,0,0,0,0,0,0,0,0,0,579,5,0,0,0,0,2,0,0,0,66,0,0,35,0,0,200,0,0,0,0,0,0,4,0,0,0,0,0,0,0,0,0,0,7,0,1,0,48,0,16,0,67,5,0,0,0,0,0,0,6,0,268,0,0,118,0,0,0,0,0,0,0,0,0,0,0,0,0,43,0,0,201,4,1,0,7,0,8,0,25,4,10,0,0,0,0,0,0,0,0,0,0,106,0,0,33,0,74,0,1,2789,0,0,0,0,0,0,1,0,31,4,0,0,0,0,8,3,0,105,0,65,2
"747",0,0,0,0,0,0,23,27,0,0,0,4,2,0,90,0,0,0,0,50,0,0,0,207,0,3049,0,5,11,40,1,586,7,137,0,0,0,0,0,0,12,0,1,0,0,19,0,0,0,0,5,698,0,1,1,6,2,0,0,0,35,0,0,0,0,0,156,0,0,2,18,0,0,7,0,0,0,0,0,0,18,0,1,0,0,5,171,0,0,0,0,15,0,0,0,5,0,0,0,0,0,1,0,0,0,2,4,104,0,0,0,0,0,16,2,0,0,0,40,0,22,0,0,1,14,2,0,142,8,0,1,3,0,0,0,0,7,16,0,0,47,0,0,0,1,0,3,0,0,0,3,145,0,11,0,0,0,0,0,11,0,0,0,0,0,0,0,0,0,4,0,0,4,0,0,0,9,0,4,1,7,0,0,0,0,0,0,0,0,0,0,31,27,0,0,0,0,0,0,0,0,0,0,74,0,93,2,8,0,28,0,0,0,1,1,0,12,27,1,0,0,1,0,153,0,0,0,0,2,0,67,0,0,265,0,0,0,0,0,2,1,42,0,0,0,0,0,0,0,0,0,0,0,1,6,2,0,0,0,0,0,0,0,0,0,0,0,0,0,646,0,0,0,0,1,0,0,0,0,12,1,1,0,0,0,0,0,14,0,0,0,0,0,0,134,0,30,0,0,69,0
"748",5,0,0,29,0,0,3,0,0,0,34,0,0,84,17,0,0,0,0,0,0,0,0,486,0,1571,0,0,17,175,333,0,0,66,0,0,2,157,8,0,11,0,0,6,3,0,0,0,0,0,24,94,0,0,3,12,2,0,0,0,0,0,0,4,0,0,0,0,0,0,6,0,1,10,0,1,0,0,0,107,14,0,0,0,1,1,47,0,7,17,0,65,0,0,0,0,0,0,0,0,0,1,0,0,1,0,0,1119,7,0,0,0,0,6,0,67,0,0,51,0,0,0,0,1,46,0,0,0,0,0,2,2,0,2,3,0,297,18,0,0,835,0,0,0,18,0,0,0,8,0,7,0,0,17,1,0,0,0,0,0,0,0,0,0,0,0,0,0,0,0,0,20,0,0,0,0,0,0,667,0,0,0,0,0,0,0,0,0,0,0,0,16,1,26,0,0,0,0,0,0,0,0,0,0,0,0,2,0,1,2,0,0,0,0,0,0,402,0,773,0,0,0,0,0,0,0,0,0,28,0,19,0,0,75,0,0,0,0,0,18,0,1,0,0,0,0,0,0,0,0,0,0,0,0,15,13,47,0,26,0,0,0,0,13,0,0,0,0,0,98,0,0,69,0,1,0,0,0,6,1481,0,43,123,0,0,0,0,0,0,11,0,0,0,0,8,0,13,0,0,50,0
"749",0,0,0,5,10,0,0,13,0,0,0,3,0,718,125,0,0,0,0,0,62,12,0,70,1,1607,1,0,5,0,0,17,2,119,0,0,0,388,0,0,0,0,1,41,0,237,117,4,0,0,109,55,0,0,8,6,0,0,2,57,19,32,0,6,0,19,83,0,0,0,16,1,0,37,0,0,0,0,0,44,8,0,0,0,84,0,0,0,0,107,0,24,0,0,0,0,0,0,80,0,0,0,0,0,1,0,477,394,0,0,0,111,0,852,0,0,0,0,174,1,0,0,0,1,59,2,0,0,32,198,55,42,0,0,0,0,7,0,0,0,3,0,0,0,74,0,3,7,0,0,14,1,0,0,0,0,0,0,63,130,0,0,0,0,0,0,0,0,0,0,0,0,4,0,0,0,0,133,373,0,0,0,0,0,0,0,1,0,6,0,0,429,1,0,39,0,0,1,0,0,0,0,0,0,0,8,0,0,0,0,0,0,0,1,15,0,68,113,12,6,0,1,0,0,0,0,11,0,2,0,197,0,0,0,0,0,1,0,0,2,0,0,0,0,0,0,0,1,0,11,24,2,8,0,36,7,2,3,13,10,4,0,0,6,0,0,0,0,12,24,17,39,0,0,0,0,5,0,3,1780,0,0,70,0,0,0,0,0,61,50,0,0,0,0,0,3,5,129,0,34,0
"750",0,3,0,0,8,0,1,27,0,0,0,0,1,0,1,0,0,27,0,0,62,134,0,18,0,1439,0,0,12,1,46,17,0,0,0,0,82,290,0,0,6,0,0,89,0,650,61,2,0,0,29,36,1,1,8,21,0,0,0,104,28,50,1,126,0,0,85,0,0,0,348,0,0,82,0,0,0,0,0,108,13,0,99,0,475,0,1,0,0,78,0,4,0,0,21,1,0,0,0,0,0,0,0,38,0,0,0,30,0,0,0,0,0,64,0,6,0,0,93,0,0,18,0,1,105,0,0,0,3,0,5,65,0,11,1,0,4,0,1,0,1,0,0,0,61,0,23,0,2,1,17,21,1,4,28,0,0,0,150,49,0,0,0,0,0,0,0,0,0,0,4,0,0,0,0,0,3,92,472,4,40,0,1,0,44,0,0,0,0,0,0,160,0,1,0,0,0,0,0,0,0,0,0,821,0,52,6,0,0,3,0,0,95,1,0,0,56,214,0,0,14,18,0,0,0,0,66,1,39,0,179,0,0,140,0,0,6,0,0,7,3,0,0,42,1,4,0,0,0,0,0,4,0,0,28,18,1,0,41,3,4,0,0,4,0,0,0,0,0,1,27,43,8,0,1,1,0,0,36,989,0,0,0,0,0,0,0,0,87,101,0,0,1,0,153,4,4,0,0,362,0
