"","V1","V2","V3","V4","V5","V6","V7","V8","V9","V10","V11","V12","V13","V14","V15","V16","V17","V18","V19","V20","V21","V22","V23","V24","V25","V26","V27","V28","V29","V30","V31","V32","V33","V34","V35","V36","V37","V38","V39","V40","V41","V42","V43","V44","V45","V46","V47","V48","V49","V50","V51","V52","V53","V54","V55","V56","V57","V58","V59","V60","V61","V62","V63","V64","V65","V66","V67","V68","V69","V70","V71","V72","V73","V74","V75","V76","V77","V78","V79","V80","V81","V82","V83","V84","V85","V86","V87","V88","V89","V90","V91","V92","V93","V94","V95","V96","V97","V98","V99","V100","V101","V102","V103","V104","V105","V106","V107","V108","V109","V110","V111","V112","V113","V114","V115","V116","V117","V118","V119","V120","V121","V122","V123","V124","V125","V126","V127","V128","V129","V130","V131","V132","V133","V134","V135","V136","V137","V138","V139","V140","V141","V142","V143","V144","V145","V146","V147","V148","V149","V150","V151","V152","V153","V154","V155","V156","V157","V158","V159","V160","V161","V162","V163","V164","V165","V166","V167","V168","V169","V170","V171","V172","V173","V174","V175","V176","V177","V178","V179","V180","V181","V182","V183","V184","V185","V186","V187","V188","V189","V190","V191","V192","V193","V194","V195","V196","V197","V198","V199","V200","V201","V202","V203","V204","V205","V206","V207","V208","V209","V210","V211","V212","V213","V214","V215","V216","V217","V218","V219","V220","V221","V222","V223","V224","V225","V226","V227","V228","V229","V230","V231","V232","V233","V234","V235","V236","V237","V238","V239","V240","V241","V242","V243","V244","V245","V246","V247","V248","V249","V250","V251","V252","V253","V254","V255","V256","V257","V258","V259","V260","V261","V262","V263","V264","V265","V266","V267","V268","V269","V270","V271","V272","V273","V274","V275","V276","V277","V278","V279","V280","V281","V282","V283","V284","V285","V286","V287","V288","V289","V290","V291","V292","V293","V294","V295","V296","V297","V298","V299","V300","V301"
"1",0,0,0,0,0,0,0,0,0,0,0,0,0,373,5,0,13,0,0,0,43,9,0,0,0,1859,0,0,14,0,0,0,0,21,0,0,59,59,0,0,0,0,0,0,0,12,0,0,0,0,0,0,0,0,0,0,0,0,0,94,0,0,0,0,0,0,0,7,0,0,0,0,0,10,0,0,0,0,0,68,0,0,0,0,0,0,4,0,0,43,0,8,80,0,0,19,0,0,35,0,0,0,0,0,0,0,296,1768,0,0,0,0,0,237,0,0,0,0,20,0,0,0,0,3,168,0,0,0,0,0,0,20,0,5,0,0,165,0,0,0,13,0,0,0,0,0,0,0,0,122,8,13,0,0,0,0,0,0,0,4,0,0,0,1189,0,0,0,0,0,0,0,0,0,0,0,0,0,12,0,0,0,0,0,0,17,0,0,0,0,0,0,97,3,0,0,0,0,0,0,0,0,0,0,0,0,49,3,3,0,0,0,0,0,0,11,0,0,0,0,0,64,0,0,0,0,2,0,0,43,0,55,0,0,625,0,0,0,0,0,0,0,0,0,0,0,0,0,0,0,23,0,1,0,0,0,6,6,0,3,3,0,0,9,1,0,0,0,0,0,492,0,28,85,0,0,0,0,8,3,1994,0,0,15,0,0,4,0,0,0,5,0,0,0,0,0,0,5,0,0,15,0
"2",0,0,0,0,0,0,3,0,0,0,0,0,0,0,124,0,0,0,0,0,0,0,0,14,0,6459,0,0,44,69,0,0,0,0,0,0,0,0,0,1,0,0,0,0,0,0,0,0,0,2,3,0,0,0,0,0,0,3,0,0,0,0,0,0,0,0,0,0,0,0,0,0,0,0,0,428,0,0,0,0,0,0,0,0,0,0,0,0,0,0,0,0,177,0,0,0,0,0,0,0,0,105,0,0,0,0,0,0,0,0,0,0,0,0,0,0,4,8,0,0,0,0,0,8,0,0,0,0,0,0,0,0,0,0,0,0,76,0,0,0,56,0,0,0,0,0,0,0,0,0,0,0,0,0,0,0,0,0,0,0,0,0,0,0,0,0,0,0,0,1,0,0,3,0,0,3,0,0,0,0,0,0,0,0,0,0,0,0,0,0,0,0,0,0,0,0,0,0,0,0,0,0,0,0,0,0,1,9,0,0,0,0,0,0,0,0,0,0,0,0,0,0,0,0,0,0,0,2,0,0,0,3,0,0,33,0,0,0,0,3,0,0,0,0,0,0,1,0,0,0,0,0,0,0,0,0,0,0,0,0,0,0,0,0,7,0,3,0,11,683,9,0,968,0,0,0,0,0,0,0,0,11,0,0,26,0,0,0,0,0,0,0,0,0,0,0,0,0,2,0,0
"3",0,0,0,0,0,1,1,0,0,0,1,1,4,0,5,1,0,0,0,0,0,15,0,0,0,4421,0,0,0,1,5,46,36,131,0,0,55,1,0,0,0,0,0,0,0,0,3,1,0,0,1,0,0,0,9,0,0,0,0,0,0,24,2,3,0,1,9,0,0,178,56,3,1,52,0,1,1,0,0,0,26,0,8,0,53,0,0,1,1,64,1279,1,0,4,0,0,0,4,0,0,0,0,3,19,0,6,0,0,0,0,0,2,0,166,4,0,0,0,9,0,0,0,0,1,0,0,0,0,0,0,0,1766,0,0,0,0,0,0,0,0,0,0,0,0,0,0,11,0,0,0,12,0,0,4,1,0,0,0,11,0,3,0,6,0,0,0,3,0,0,1,0,0,1,0,0,0,4,5,0,0,0,0,4,0,5,0,0,0,0,0,0,138,0,0,0,0,5,1,0,0,0,0,0,0,1,6,0,0,0,1,0,0,0,7,0,0,125,1,0,0,1,32,0,9,0,0,153,0,291,0,0,0,2,0,56,1,1,0,0,0,0,0,0,0,0,0,0,0,0,6,0,0,33,1,6,15,0,6,8,0,5,0,7,0,5,2,0,0,0,3,18,0,0,0,0,0,0,1,0,0,0,0,174,0,0,0,0,0,3,0,89,3,0,0,83,4,0,0,1,6,0
"4",0,0,0,0,0,0,110,0,0,0,0,0,1,0,16,0,0,0,0,0,0,0,0,59,0,225,0,0,97,0,0,0,0,85,0,0,0,0,0,0,0,0,0,0,0,0,0,0,0,0,0,0,0,0,0,0,0,0,0,0,0,0,2,0,0,0,484,0,5,0,171,0,0,0,0,0,0,0,0,0,0,0,0,0,0,6,0,0,0,0,0,144,0,0,0,0,0,0,0,0,0,0,16,0,0,0,0,193,0,0,14,0,0,0,0,3,0,0,451,0,0,0,0,61,0,0,0,0,0,0,0,0,0,0,0,92,13,0,0,0,1,0,0,0,0,0,0,0,0,1,34,0,0,0,0,0,0,0,0,250,0,0,0,0,0,0,0,0,0,0,0,0,0,0,0,0,0,0,884,0,0,0,0,0,0,0,0,0,0,0,0,744,0,0,0,3,0,0,0,0,0,0,0,0,0,48,0,0,1,0,0,0,0,0,0,0,248,0,0,0,0,0,0,0,0,0,0,0,189,0,0,0,0,355,0,0,0,0,0,0,0,0,0,0,3,3,0,0,0,0,0,0,0,0,0,19,3,0,0,0,0,0,0,0,0,0,0,0,0,11,0,0,129,0,6,0,0,0,0,3828,0,0,392,0,0,0,0,0,0,0,0,0,0,0,0,0,6,0,0,345,0
"5",0,0,0,1,0,0,0,0,0,0,0,0,0,0,1,0,0,0,0,0,0,29,0,0,0,736,0,0,1,9,0,0,0,77,0,0,9,46,0,0,0,0,132,0,0,0,0,0,0,0,0,0,0,0,0,0,0,3,0,14,0,0,0,0,0,0,248,0,0,0,0,0,0,430,0,0,0,0,0,53,0,0,0,0,0,10,0,0,1,30,12,2,3,0,0,2,0,0,100,0,0,47,0,0,5,3,0,1892,0,43,0,0,0,37,0,0,0,4,41,0,0,0,0,1,46,138,0,0,0,0,0,0,0,0,65,0,6,0,0,0,1988,0,5,0,0,0,135,0,0,23,25,0,2,8,0,0,0,0,0,0,0,0,0,0,0,0,0,0,1,0,10,0,1,0,0,0,0,0,9,0,0,0,0,0,0,0,0,0,0,0,0,74,1,41,0,0,0,0,0,0,0,0,0,0,0,69,0,0,1,1,0,0,0,0,10,1,136,0,602,0,0,22,0,111,0,0,0,0,0,0,0,0,0,348,0,0,0,2,0,0,0,1,0,0,5,99,0,2,0,0,0,0,0,0,13,0,13,0,0,0,0,0,0,21,0,0,0,0,18,5,0,0,206,0,0,0,4,10,0,867,0,0,218,0,0,0,0,0,0,66,0,0,0,0,160,52,18,0,0,57,0
"6",0,0,0,0,0,0,0,0,0,0,0,0,0,0,137,0,0,0,0,0,0,98,0,0,0,2949,0,0,89,24,0,0,0,63,13,0,54,0,0,0,0,0,0,0,0,1039,0,0,0,0,0,0,0,0,0,5,0,4,0,30,0,0,0,0,0,0,0,0,0,0,4,0,0,0,0,0,0,0,0,0,0,8,5,0,0,0,56,0,0,0,0,1,12,0,0,0,0,0,0,77,0,0,25,0,0,0,0,333,0,0,0,0,0,0,0,3,0,0,180,0,0,0,0,1,67,10,0,0,0,0,0,0,0,10,0,0,762,0,0,0,10,0,0,0,0,0,104,0,1,0,0,0,1,9,3,0,0,0,634,12,0,0,0,0,0,0,0,0,0,0,0,0,0,0,0,0,4,0,201,0,0,0,0,0,0,0,0,0,0,0,11,68,0,0,0,0,0,0,0,0,0,0,0,0,0,19,0,0,0,0,0,0,0,0,0,0,0,0,461,0,52,0,0,0,3,0,0,0,0,0,146,0,0,739,0,0,0,0,0,19,0,0,0,0,3,12,0,124,0,0,0,0,0,0,0,559,24,0,0,0,3,0,0,0,0,0,0,0,0,149,0,0,137,0,2,0,0,0,0,133,0,0,134,0,0,0,0,0,0,0,0,0,0,0,0,0,11,0,0,0,0
"7",0,0,2,0,0,8,172,44,0,0,0,0,1,122,8,0,54,0,0,53,0,0,0,526,0,61,0,0,93,77,1,0,0,55,0,0,7,9,1,3,2,0,0,122,0,11,0,0,0,0,37,0,2,0,0,0,0,0,0,141,3,19,0,0,0,0,7,0,0,0,17,0,0,0,0,0,0,1,0,0,0,0,65,0,8,0,213,0,0,30,0,10,77,0,0,0,0,0,0,0,0,94,0,0,1,0,0,424,0,0,0,0,0,20,0,0,0,0,36,0,0,0,0,4,0,0,103,0,0,0,37,661,0,6,0,0,17,1,0,0,4,0,0,0,0,0,19,0,0,0,5,0,0,6,1,0,0,6,0,120,0,0,0,0,0,0,0,0,0,0,0,0,0,0,0,0,7,3,1,0,0,0,0,0,22,0,0,0,0,0,0,165,3,0,0,0,5,0,0,579,0,0,0,5,0,26,3,20,1,81,0,0,0,0,0,1,1,9,257,5,9,0,0,0,0,0,0,0,7,8,40,1,0,218,0,0,0,0,0,6,0,0,1,0,0,0,0,0,0,0,0,1,0,0,3,6,10,0,0,0,1,0,3,20,28,0,0,0,8,34,0,0,621,0,0,0,0,0,3,2881,0,0,71,0,1346,25,0,1,0,0,0,0,0,0,0,0,13,0,0,19,0
"8",0,0,0,0,0,0,3,0,0,0,0,0,0,128,20,0,0,0,0,0,0,12,0,3,0,2479,0,0,6,0,0,33,0,132,0,0,0,132,0,0,1,0,0,0,0,0,0,0,0,0,0,0,0,0,0,0,0,0,0,193,0,0,0,0,0,0,248,0,0,0,48,0,0,0,0,0,0,0,0,355,0,0,0,0,0,0,1511,0,3,0,0,2,1,0,0,0,0,0,0,0,0,0,0,0,3,0,0,103,0,0,0,0,0,553,0,1,0,0,90,1,8,0,31,0,0,0,0,0,0,0,0,0,0,0,0,0,0,0,0,0,10,0,0,0,0,0,6,0,0,0,0,0,0,0,1,0,0,0,0,0,0,0,0,577,0,1,0,0,0,0,0,0,1,0,0,0,0,0,49,0,0,0,0,0,0,0,0,0,0,0,0,137,0,0,0,0,0,0,0,0,0,0,0,0,214,3,0,0,0,0,0,41,0,0,0,0,82,30,0,5,0,16,0,0,0,0,0,0,0,44,0,0,0,90,0,0,0,0,0,0,0,0,0,0,0,0,0,0,0,0,0,0,0,0,0,5,2,0,19,0,0,0,0,2,0,0,0,0,12,3,0,0,80,0,0,0,3,4,6,1595,0,5,433,0,0,0,0,27,62,0,0,0,0,0,0,0,0,0,0,9,0
"9",26,0,0,0,0,0,1,0,0,0,0,0,0,140,85,0,0,0,0,0,0,40,3,13,0,4087,0,0,92,0,0,0,0,16,0,0,0,1,0,0,3,0,7,0,0,0,0,0,0,0,0,0,0,0,0,0,0,0,0,0,0,0,16,0,0,0,646,0,0,163,0,0,0,0,0,0,0,0,1,22,0,0,0,0,0,0,713,0,4,15,0,4,14,0,0,16,0,1,0,0,0,0,0,0,0,0,0,1142,0,0,0,0,0,57,0,0,0,0,264,0,0,0,3,11,43,0,0,0,0,0,0,231,0,0,0,0,103,0,0,0,34,0,0,0,0,4,0,0,0,7,18,0,0,0,1,0,0,0,0,0,0,0,0,0,0,0,0,3,0,0,0,35,0,29,0,0,0,0,59,0,0,0,0,0,0,0,0,0,0,0,0,0,1,0,0,3,0,0,0,0,0,0,0,0,1,75,0,0,0,20,0,0,0,0,0,0,7,0,364,0,0,0,0,0,0,0,0,0,10,0,116,0,0,138,0,0,0,0,0,0,0,0,0,0,15,0,0,3,0,0,0,0,0,0,0,0,0,0,0,0,0,0,0,0,0,0,0,0,0,294,0,0,310,0,0,0,0,0,6,455,0,0,141,0,0,0,0,1,16,0,0,0,0,0,1,0,1,0,0,73,0
"10",0,1,2,0,0,4,0,0,0,0,0,0,0,0,15,5,68,0,1,0,88,89,0,0,0,936,0,0,16,0,228,0,0,97,0,0,19,332,0,0,0,0,0,0,0,4,0,19,0,0,1,0,0,2,163,0,0,0,0,117,0,0,0,25,0,0,40,0,0,0,45,0,1,0,0,0,0,0,0,73,0,31,818,0,0,1,0,0,0,39,0,11,72,0,0,0,0,0,6,0,0,1,10,17,1,0,0,454,0,28,0,0,0,0,3,0,1,0,446,1,0,0,2,0,51,0,5,0,0,0,18,108,0,0,0,0,55,0,0,0,30,0,0,0,0,0,7,0,3,0,21,102,0,0,64,0,0,0,0,13,0,0,0,0,0,1,0,0,0,41,7,0,0,0,0,0,2,104,69,40,0,0,0,0,12,0,0,0,0,0,0,19,4,7,18,0,0,0,1,859,1,32,0,160,0,13,10,0,0,8,0,0,0,0,61,0,37,413,210,0,420,0,0,0,0,0,0,0,62,3,336,0,0,549,0,0,3,0,0,0,0,0,0,0,0,0,1,0,0,0,0,8,53,0,55,69,4,0,9,217,6,0,0,3,0,0,0,0,0,19,0,57,125,0,0,0,0,0,11,1121,0,0,120,0,0,0,0,0,30,19,49,0,0,4,11,0,4,0,0,160,0
"11",0,0,0,0,0,0,0,0,0,0,0,0,0,0,16,0,0,0,0,0,0,0,0,14,0,4608,0,0,18,208,295,0,0,0,0,0,19,0,0,0,0,0,0,0,0,96,0,0,0,0,0,0,0,0,0,0,0,0,0,36,0,0,0,0,0,0,284,0,0,0,0,0,3,0,0,0,0,0,0,46,0,0,0,0,0,0,0,0,0,0,0,35,0,0,0,3,0,0,0,0,0,125,0,0,0,0,0,762,0,100,0,0,0,0,0,0,0,0,0,0,0,0,0,5,0,0,0,0,0,0,0,1,0,0,0,0,686,0,0,0,87,0,0,0,0,0,0,0,0,0,0,0,0,6,0,0,0,0,0,0,0,0,0,0,0,0,0,0,0,0,0,30,0,0,25,0,0,0,0,3,0,0,0,0,0,0,0,0,0,0,0,75,3,0,0,0,0,0,0,0,0,0,0,0,0,0,0,0,0,28,0,0,0,0,0,0,0,0,318,0,0,0,0,0,0,0,0,0,0,0,36,0,0,655,0,0,0,0,0,94,0,0,0,0,9,0,0,0,0,0,0,0,0,0,53,0,0,0,0,7,3,0,0,0,0,0,0,0,0,667,0,0,115,15,0,0,0,0,0,24,0,0,34,0,0,0,0,4,0,0,0,0,0,0,0,0,16,0,0,187,0
"12",0,13,0,0,0,0,0,16,0,0,0,0,0,55,53,0,0,2,0,41,1,145,1,0,0,1855,0,0,34,0,233,0,0,140,0,0,0,313,0,0,0,0,0,43,0,0,0,5,1,1,13,0,0,0,0,0,0,1,2,279,0,6,0,0,1,1,208,0,0,59,112,0,0,1,0,89,0,0,0,92,0,7,0,4,0,11,0,0,0,39,324,150,0,0,0,0,0,0,20,0,2,0,0,0,0,0,0,93,4,46,0,6,0,20,0,1,0,1,104,1,0,0,6,1,33,21,107,0,3,0,0,3,53,0,0,0,147,0,0,0,274,0,0,0,0,0,75,0,0,1,2,0,0,2,0,0,0,2,4,27,0,0,0,121,0,1,0,0,0,0,6,0,1,0,0,0,0,0,282,0,0,0,0,2,17,0,0,0,0,0,17,135,0,0,0,1,0,0,0,89,5,0,1,505,0,208,0,0,0,0,0,0,3,3,0,1,219,0,320,6,0,29,0,0,0,0,0,0,44,0,10,1,0,245,0,0,0,0,1,0,0,5,0,0,0,0,0,0,0,0,1,6,27,0,36,158,10,0,0,0,4,4,0,14,0,0,0,23,6,40,0,22,94,0,1,0,1,0,0,1,0,0,632,0,497,0,0,1,14,0,0,0,0,0,9,2,3,0,0,237,0
"13",0,0,0,0,0,0,1,0,0,0,0,0,0,0,29,0,3,0,0,0,0,18,0,4,0,2644,0,0,87,12,0,0,0,387,0,0,0,0,0,0,0,0,0,0,0,0,0,0,11,0,0,0,0,0,0,0,0,0,0,0,0,0,0,0,0,0,18,0,0,0,21,0,0,0,0,0,0,0,0,0,0,0,0,0,0,0,48,0,0,0,0,12,48,0,0,114,0,0,0,0,0,0,0,0,0,0,0,233,0,0,3,0,0,39,0,0,0,0,0,0,0,0,0,0,0,0,0,0,0,0,0,0,0,0,0,17,464,0,0,0,1,0,0,0,0,357,0,0,0,0,0,0,0,0,0,0,0,0,0,128,0,0,0,0,0,0,0,0,0,0,0,0,0,3,0,0,0,0,783,0,0,7,0,0,0,0,0,0,0,0,0,0,3,0,0,0,0,0,0,0,0,0,0,0,0,0,0,0,0,9,1,0,0,0,0,0,0,0,0,0,0,0,0,0,0,1,0,0,0,0,0,0,0,317,0,0,0,0,0,0,0,0,0,0,6,3,0,0,0,0,0,0,0,0,0,0,0,0,0,11,0,0,0,0,0,0,0,0,0,528,0,0,101,0,13,0,0,0,0,2517,0,0,835,0,0,0,0,16,0,0,0,0,0,0,0,0,104,0,0,0,0
"14",1,0,0,0,0,0,0,0,0,0,0,0,0,0,14,0,11,0,0,0,0,0,0,6,0,2371,0,0,30,0,273,0,0,3,0,0,0,0,0,0,0,0,0,0,0,0,0,0,0,0,0,0,0,0,0,0,0,0,0,0,0,0,2,0,0,0,864,0,0,0,0,0,0,0,0,0,0,0,0,0,0,0,0,0,0,3,0,0,1,28,0,14,1,0,0,0,0,0,0,0,0,5,0,0,0,0,0,872,0,0,0,0,0,0,0,0,0,0,65,1,0,0,4,1,84,0,0,0,0,0,0,0,0,1,0,0,1,0,0,0,0,0,0,0,0,0,0,0,0,0,0,0,0,0,0,0,0,0,0,0,0,0,0,0,0,0,0,0,0,0,0,0,1,0,0,0,0,0,29,0,0,0,0,0,0,0,0,0,0,0,0,117,0,0,0,0,0,0,0,0,0,0,238,0,3,0,0,1,1,5,0,0,0,0,0,0,62,0,592,0,0,0,0,0,0,0,0,0,0,0,0,0,0,329,0,0,0,0,0,0,0,0,0,0,0,0,28,0,0,0,74,0,0,0,0,330,57,0,0,0,0,0,0,0,0,0,0,0,0,214,0,0,212,2,0,0,0,0,0,2918,0,4,147,0,0,1,0,0,0,0,0,0,0,4,210,0,0,0,0,72,0
"15",0,0,0,0,0,0,0,0,0,0,0,0,0,0,2,0,29,0,0,0,57,36,0,15,0,887,0,0,20,57,115,0,0,29,0,0,26,281,0,0,0,0,0,69,0,18,0,10,0,0,0,0,0,0,0,0,0,0,0,311,0,1,0,0,0,3,173,0,1,345,12,0,3,89,0,0,0,5,0,346,0,25,0,0,24,2,264,0,0,13,0,12,2,0,97,0,0,0,5,0,0,0,0,0,1,0,70,742,0,0,0,0,0,4,0,5,0,0,89,0,0,0,0,1,17,90,0,0,341,0,149,356,0,0,0,0,9,0,0,0,53,0,0,0,0,0,0,11,0,0,12,61,17,6,0,0,0,0,0,38,0,0,0,429,0,0,0,0,1,0,41,0,1,0,0,1,0,86,0,0,0,0,0,0,0,0,0,0,0,0,0,29,0,0,0,0,0,6,1,0,0,0,0,0,0,45,0,4,1,8,0,0,0,28,85,9,156,69,0,0,8,120,0,0,0,1,0,6,27,6,176,0,0,225,0,0,0,0,0,0,0,0,0,0,3,66,0,0,0,0,34,9,0,0,32,45,22,0,53,6,8,0,0,9,78,0,13,0,0,1,0,0,30,0,0,0,0,4,0,1230,0,0,42,0,0,0,0,0,0,82,0,0,0,3,18,72,5,0,0,43,0
"16",0,0,0,0,0,0,5,7,79,1,4,2,0,26,6,0,0,0,1,0,16,105,0,0,0,437,1,0,5,0,53,0,0,6,0,10,2,15,0,0,0,0,0,7,0,2,0,2,1,0,13,0,1,0,11,1,0,0,0,2,1,9,0,28,0,34,18,0,0,63,6,0,0,5,11,0,0,0,0,18,3,0,1,1,236,0,0,0,0,2,1,2,0,0,0,0,0,0,1,0,0,0,0,0,1,0,1,825,0,0,0,60,0,1,0,0,0,0,54,0,0,0,0,0,23,0,538,0,3,23,35,2,28,0,0,0,1,1,1,0,4,0,0,0,0,0,14,1,0,0,8,4,0,0,1,0,0,144,0,2,0,0,1,1,0,1,0,0,0,0,9,0,1,0,0,2,3,166,48,1,5,0,0,12,12,0,0,0,21,1,0,6,1,0,86,0,1,0,0,0,0,0,18,663,0,4,1,0,1,1,0,0,2,3,5,0,26,55,0,2,0,7,0,0,0,0,19,0,8,0,46,0,0,25,0,0,0,0,0,0,1,0,0,3,0,0,0,0,0,0,73,1,15,0,2,25,0,0,4,8,3,8,0,3,6,1,0,50,19,4186,14,26,25,0,1,0,0,0,1,496,0,0,29,0,0,0,0,0,10,76,0,0,0,0,4,0,1,13,0,49,0
"17",0,0,0,0,1,0,1,0,0,0,0,0,0,1,29,0,0,1,0,0,13,25,0,0,0,2523,0,0,8,0,0,0,0,85,2,11,0,1,0,0,0,0,0,44,0,31,28,1,0,0,1,1,0,0,10,0,0,0,3,99,0,0,0,0,1,0,23,0,0,18,16,0,0,0,0,0,0,4,0,42,0,8,0,0,25,0,0,0,0,0,449,1,0,0,4,19,0,0,23,4,0,12,0,0,1,0,69,4163,22,9,0,72,0,46,0,0,1,0,56,0,3,9,0,1,0,19,0,0,1,0,5,147,10,1,0,0,21,0,23,0,0,1,0,0,96,0,10,0,0,1,11,33,3,13,1,0,0,0,96,4,0,0,0,130,0,0,0,0,1,0,11,0,0,0,0,0,0,10,24,0,4,0,0,1,0,0,0,0,35,16,0,0,0,0,0,0,1,1,0,0,0,0,1,83,0,33,0,0,0,3,0,0,4,0,0,0,66,15,0,0,54,20,0,0,1,10,0,0,49,0,90,0,0,145,1,1,5,0,0,22,0,0,35,69,0,21,0,0,0,0,7,1,0,0,0,0,0,0,0,0,6,9,0,0,0,0,0,52,0,122,11,0,70,2,1,3,3,2,3,235,0,0,79,0,0,0,0,1,11,9,0,0,0,1,0,6,0,5,1,37,88
"18",0,0,0,0,0,1,0,0,0,0,0,0,0,48,8,0,0,0,0,0,1,2,0,0,0,1791,0,0,1,0,258,0,42,0,0,0,3,0,0,0,0,0,0,0,0,93,0,0,0,0,0,0,1,3,0,0,0,0,0,0,0,0,0,0,0,0,0,0,3,0,0,0,0,0,0,0,0,0,4,0,0,0,0,0,0,0,54,0,0,2,0,0,1,0,0,1,0,0,4,0,0,10,0,0,0,0,0,4744,0,0,0,0,0,23,0,0,0,0,0,0,4,0,0,1,3,0,0,0,0,0,0,1141,0,0,0,0,5,0,0,0,0,0,0,0,0,0,0,0,1,0,9,0,0,0,0,0,0,0,0,0,0,0,0,0,0,0,0,0,0,0,0,0,5,0,0,0,0,0,284,0,0,0,0,1,0,0,0,0,0,0,0,14,0,4,0,0,0,0,0,0,0,0,0,0,253,0,0,0,0,0,0,0,0,0,1,0,0,0,0,0,18,0,0,0,0,1,0,0,7,0,0,0,0,4,0,0,0,0,0,0,0,0,0,0,0,0,0,0,0,0,0,0,0,0,11,0,0,0,4,0,0,0,5,0,0,0,0,0,0,1,0,0,171,0,0,0,0,0,4,848,1,79,1,0,0,0,0,0,0,2,0,0,0,0,33,0,1,0,0,23,0
"19",0,0,0,0,0,0,1,0,0,0,0,0,1,0,47,0,0,0,0,0,0,0,0,3,0,1606,0,0,12,0,467,0,0,9,0,0,13,0,0,0,1,0,0,0,0,129,0,0,0,0,0,0,0,0,0,0,0,0,0,47,0,0,0,0,0,0,196,0,0,0,0,0,0,0,0,0,0,0,0,49,0,0,231,0,0,0,0,0,0,30,364,21,7,0,0,15,32,0,1,0,0,38,0,0,0,0,5,63,0,58,0,0,0,23,0,0,0,0,60,0,0,0,11,0,52,0,207,0,0,0,0,7,0,0,0,0,10,0,0,0,10,0,0,0,0,0,0,0,0,0,1,0,0,0,0,0,0,0,0,0,0,0,0,6,0,0,0,0,0,0,0,0,41,2,0,0,0,0,0,0,0,0,0,0,0,30,0,0,0,0,0,108,1,0,0,4,0,0,0,0,0,0,0,42,0,0,0,0,1,8,0,0,0,0,0,0,4,0,1,0,0,0,0,0,0,0,0,0,3,0,0,0,0,429,0,0,0,0,0,0,0,0,0,0,128,0,0,0,0,0,1,0,0,0,0,158,0,0,0,0,0,0,0,0,289,0,0,82,0,2751,0,0,109,279,0,0,0,0,0,1656,0,7,87,0,0,150,0,4,6,0,0,0,0,0,1,0,43,0,0,15,0
"20",0,8,1,1,0,0,25,63,0,0,1,0,10,88,10,0,0,11,1,3,0,63,0,0,1,67,0,0,18,78,250,0,66,22,13,0,6,778,0,1,1,0,0,136,0,110,0,1,0,0,19,0,0,0,171,0,0,0,0,195,0,0,0,2,0,0,193,0,0,0,85,0,0,0,1,255,0,0,0,219,9,0,226,0,0,1,0,0,0,54,1,0,0,0,0,0,0,0,38,0,5,96,0,43,0,0,0,57,1,76,0,45,0,60,0,0,1,0,434,0,0,0,0,14,103,2,0,0,349,13,30,32,1,0,0,0,142,3,0,1,6,0,0,0,8,0,22,2,0,3,22,18,0,0,1,0,0,0,6,38,0,0,0,373,0,0,16,1,0,0,1,0,1,0,0,0,0,88,648,37,0,0,0,0,11,0,0,0,47,0,0,97,1,0,0,0,0,1,0,0,0,0,0,249,3,58,0,0,1,17,0,0,5,0,63,0,72,16,7,11,0,16,0,0,0,0,434,0,35,31,247,0,1,474,0,1,3,0,0,30,0,0,0,0,0,0,0,0,0,0,0,3,20,0,148,68,0,0,0,216,2,0,5,9,3,0,0,19,14,17,4,195,17,0,0,0,3,0,40,1,0,0,180,0,3,1,0,20,3,6,0,0,0,0,0,0,23,12,0,144,70
"21",0,0,0,0,0,0,0,0,0,0,0,0,0,0,30,0,0,0,0,0,0,105,0,2,0,2867,0,0,0,1,253,0,0,0,0,0,11,2,0,0,0,6,0,66,0,230,0,0,0,0,1,0,0,0,47,0,4,0,0,348,0,0,0,0,0,0,92,0,4,0,305,0,0,0,0,0,0,0,0,63,0,0,0,0,0,0,4,0,0,0,0,1,23,0,0,0,93,0,0,0,0,0,0,0,1,0,0,15,0,0,0,0,0,171,0,0,0,0,10,4,0,0,0,1,0,0,0,0,0,0,13,170,0,0,0,0,0,0,0,0,22,0,0,0,0,0,2,0,0,0,0,4,0,4,0,0,0,0,0,103,0,0,0,1633,0,0,0,0,0,0,0,0,0,0,0,0,0,65,86,0,0,0,0,0,0,0,0,0,0,0,0,13,0,0,0,0,0,0,0,0,0,0,0,0,0,2,0,0,0,0,0,56,0,0,0,0,120,48,4,0,0,29,0,0,0,0,0,0,66,0,0,0,0,479,0,0,0,0,0,1,0,0,0,0,0,0,0,0,0,0,17,0,0,0,0,0,0,0,0,0,3,0,0,1,1,0,0,0,0,13,0,0,1858,0,0,3,0,0,0,2,0,0,0,0,0,0,0,6,34,0,0,0,0,0,136,0,3,0,0,155,0
"22",0,0,0,0,0,0,0,0,0,0,0,0,1,0,15,0,0,0,0,0,97,0,1,1,0,1905,1,0,3,0,172,0,0,85,0,0,27,204,0,0,0,0,0,0,0,1527,28,8,0,0,63,0,0,0,0,0,0,0,0,0,0,0,1,0,0,0,413,0,0,75,16,0,0,13,0,0,0,0,0,0,0,0,115,1,780,0,0,762,0,27,0,3,0,0,0,0,0,0,13,0,0,0,0,0,0,6,110,305,0,161,0,0,0,97,1,0,0,0,484,0,0,21,0,1,0,0,0,0,0,0,115,498,0,0,0,1,0,0,0,1,0,0,0,0,0,0,0,12,0,0,0,26,1,0,0,0,0,0,210,9,0,0,0,0,0,0,0,0,0,0,0,0,3,0,0,0,0,95,127,3,0,0,0,0,0,0,0,0,0,0,0,322,0,0,0,0,0,0,0,0,0,0,0,0,0,174,15,0,0,1,0,0,86,14,0,0,65,26,0,0,25,0,0,0,0,0,0,0,22,0,143,3,0,54,0,0,0,0,0,0,0,0,0,0,0,0,0,0,0,0,96,0,0,0,0,0,0,0,64,47,0,0,0,0,0,1,0,0,0,0,40,86,93,0,0,0,0,0,0,0,0,0,563,0,0,0,0,0,0,0,0,0,0,0,1,0,0,0,0,159,0
"23",4,0,0,0,0,0,6,0,0,0,3,0,0,0,116,0,13,0,1,0,0,29,0,3,0,2536,0,0,242,10,5,1,2,139,0,0,3,138,0,0,0,0,0,12,0,201,0,1,0,0,0,0,0,0,11,0,0,0,0,1,0,10,0,0,0,0,50,0,33,0,17,0,0,0,0,0,0,0,0,1,0,1,24,0,10,20,99,0,1,64,0,37,0,27,0,0,0,0,27,0,0,93,0,1,0,0,20,327,0,0,0,0,0,0,1,0,0,3,301,0,1,0,0,0,468,0,0,0,0,0,0,48,0,0,0,0,198,0,0,0,27,0,0,0,0,0,3,0,0,0,11,0,0,4,1,0,1,0,0,31,4,0,0,0,0,0,0,0,0,0,3,0,0,0,7,0,0,0,55,0,0,0,4,0,6,0,0,0,0,0,1,31,9,1,0,0,0,0,0,0,0,0,0,76,175,8,0,0,0,0,0,73,0,0,5,0,46,5,0,0,47,0,0,0,0,0,0,0,92,0,39,0,0,346,0,0,8,1,0,4,0,0,49,0,1,0,0,0,0,0,0,1,1,0,1,8,0,0,5,1,1,0,0,0,0,0,0,0,5,6,0,7,1427,0,0,0,0,0,2,1861,0,0,237,4,0,0,0,0,5,0,41,0,0,0,37,11,10,0,0,98,0
"24",0,0,0,0,23,0,4,17,0,0,10,1,0,0,10,0,0,0,0,1,50,65,0,1,0,0,1,0,13,3,0,0,3,58,0,24,329,142,0,0,0,1,0,78,0,34,0,7,0,0,1,0,0,0,7,0,0,0,0,52,1,54,0,5,0,0,97,0,44,0,56,1,2,12,0,0,0,0,0,65,2,5,64,1,85,0,0,1,0,50,2719,8,81,0,10,0,0,0,9,0,0,13,0,0,1,0,0,1171,3,71,1,2,0,13,0,0,0,0,95,0,0,0,0,31,68,92,0,0,3,16,11,224,0,0,0,0,22,2,0,1,0,0,1,0,79,0,10,1,1,4,5,51,0,0,0,0,0,0,17,133,0,0,1,0,0,0,0,6,0,4,3,0,1,0,0,0,0,7,133,1,0,0,0,0,13,0,3,0,25,0,0,17,4,0,13,1,0,1,0,0,0,0,0,1,441,7,0,0,1,24,0,0,10,10,80,0,46,341,2,8,46,3,302,0,0,55,4,0,69,6,118,1,0,278,0,1,5,0,0,0,0,0,0,17,0,0,0,0,2,0,5,5,12,0,22,3,0,1,5,320,0,5,0,14,0,0,0,0,212,0,4,50,0,0,0,0,0,0,27,29,1,0,439,0,0,0,0,0,0,94,0,0,0,0,8,0,1,81,0,50,35
"25",0,0,0,0,0,0,0,0,0,0,0,0,0,0,72,0,0,0,0,0,0,2,1,0,0,6420,0,0,74,37,107,286,0,0,0,0,0,0,0,0,0,0,0,0,0,0,0,5,0,0,0,0,0,0,1,0,0,0,0,3,0,0,0,1,0,0,13,0,0,0,0,0,0,0,0,0,0,0,0,7,0,0,0,0,0,5,0,0,0,0,0,0,0,4,0,0,4,0,27,0,0,19,0,0,0,0,0,428,0,0,0,0,0,0,0,0,0,0,65,0,0,0,0,5,0,0,0,0,0,0,0,0,0,0,0,0,0,0,0,0,6,0,0,0,0,0,0,0,0,0,26,0,0,72,0,0,0,0,0,2,0,0,0,0,0,0,0,0,0,0,1,1,5,0,0,1,0,0,92,0,0,0,0,0,3,0,0,343,0,5,0,3,0,0,0,0,0,0,0,0,0,0,0,1,522,10,2,18,0,0,4,24,6,0,0,0,10,0,0,0,109,0,0,0,0,0,0,9,28,0,0,1,0,437,0,0,1,0,1,11,0,0,0,0,40,37,0,0,0,0,0,0,0,0,0,6,2,0,0,38,0,0,0,0,34,0,0,0,2,53,0,3,41,1,0,0,0,0,0,396,0,0,29,0,0,39,1,0,0,0,57,0,0,2,0,1,0,0,0,37,0
"26",0,0,0,0,0,0,49,0,0,0,0,0,0,0,3,0,0,0,0,0,0,55,0,0,0,2588,0,0,7,7,0,5,0,315,0,0,0,38,0,0,0,0,0,52,0,392,0,0,0,0,0,0,0,0,0,0,0,0,0,33,0,0,0,0,0,0,43,0,0,49,0,0,0,0,1,0,0,0,0,0,0,0,0,0,0,0,0,0,0,88,12,7,0,0,0,0,0,0,0,0,0,0,0,0,0,0,73,180,0,35,0,0,0,62,0,0,0,0,79,0,0,0,0,0,43,0,0,0,0,0,128,153,0,0,0,0,0,0,0,0,6,0,0,0,0,0,22,0,0,0,0,0,1,0,0,0,0,0,0,64,0,0,0,1217,0,0,0,0,0,0,0,0,1,0,0,0,0,39,120,0,0,0,0,0,0,0,0,0,0,0,0,31,0,0,0,0,0,0,0,0,0,0,0,0,0,172,0,0,75,3,4,0,14,0,0,0,0,0,0,0,0,2,0,0,0,0,0,0,0,0,0,0,0,2203,0,0,0,0,0,0,0,0,0,0,0,0,0,0,0,0,0,0,19,0,0,14,0,0,0,58,0,0,0,0,1,0,0,0,0,15,0,0,36,0,7,0,0,0,0,684,0,0,83,0,0,0,0,0,0,0,0,0,0,1,0,0,15,0,0,254,0
"27",0,0,0,0,0,0,17,0,0,0,0,1,0,295,11,0,0,12,0,0,56,285,0,0,0,52,0,0,19,0,279,0,0,74,0,0,2,112,0,0,0,0,0,21,0,15,0,0,0,0,0,0,0,8,0,0,0,0,0,432,0,0,0,0,0,0,65,0,6,0,3,0,0,0,0,0,0,0,0,32,0,0,3,0,16,0,3,0,0,28,0,7,2,0,14,0,0,0,10,0,0,0,0,0,28,0,161,149,0,48,0,0,0,95,0,3,0,7,410,0,0,0,1,1,5,0,36,0,0,0,5,31,1,0,0,0,385,0,0,0,6,0,0,0,594,0,68,0,0,19,5,0,0,0,0,0,0,0,0,14,0,1,0,2,0,0,0,0,0,0,24,0,0,0,0,0,0,23,1004,0,0,0,0,0,2,0,2,0,0,14,8,65,0,0,5,0,0,0,1,0,0,0,0,0,0,31,30,0,1,5,4,0,0,15,2,0,0,24,21,0,1,73,0,0,0,0,0,0,53,0,35,0,0,269,0,0,0,0,0,0,0,0,0,0,1,491,1,1,0,0,0,6,0,0,13,12,0,0,0,0,0,0,0,4,0,0,0,0,183,4,0,16,183,0,0,0,0,0,4,3095,0,106,97,0,0,0,0,3,35,17,0,1,0,0,17,0,12,0,0,104,0
"28",0,0,0,0,0,0,0,11,0,0,0,0,1,221,34,1,0,0,0,0,6,16,0,1,0,342,0,0,20,12,122,0,0,71,0,0,147,1,0,0,1,0,5,3,0,430,0,0,0,0,0,0,0,0,30,0,0,0,0,6,0,4,0,0,0,0,149,0,0,0,9,0,0,4,0,0,0,0,0,0,0,0,5,0,62,0,76,0,0,18,0,3,31,0,0,0,0,0,23,0,0,0,0,0,1,0,0,532,3,0,0,0,0,25,0,3,0,0,16,1,0,0,1,1,305,0,0,0,0,0,55,24,0,0,0,0,4,0,0,0,1132,0,0,0,0,0,0,0,0,0,19,99,3,5,0,0,0,1,0,13,0,0,0,0,0,0,0,0,0,0,0,1,1,0,0,0,0,1,1,0,0,0,0,0,0,0,0,0,0,0,0,116,1,0,0,1,0,0,0,0,0,0,0,0,1006,20,0,0,1,0,0,0,0,0,4,0,33,5,14,0,0,0,0,0,0,7,61,0,35,0,93,0,0,257,0,0,0,0,0,0,0,76,0,0,0,0,0,0,0,0,123,0,0,0,0,8,225,0,0,6,4,0,0,4,0,0,0,0,0,19,0,0,1613,0,0,0,0,0,1,1759,0,0,251,0,0,0,0,2,17,56,0,0,0,0,90,0,17,0,0,65,0
"29",0,19,0,1,5,0,0,20,0,0,9,1,0,0,131,0,0,0,0,5,40,16,0,4,0,240,0,0,27,11,118,292,0,68,0,0,11,51,10,0,0,1,0,108,0,234,0,3,0,0,1,0,0,1,54,1,0,1,0,1,2,13,0,0,0,0,6,1,0,38,23,0,0,12,0,0,0,0,0,31,0,2,48,0,46,0,212,0,0,275,534,0,0,0,58,0,0,0,646,0,0,0,0,0,1,5,184,420,0,421,0,0,0,21,0,0,0,4,46,0,0,0,0,1,452,206,0,0,11,0,188,1584,0,0,0,0,65,0,0,0,21,0,0,0,58,0,4,3,0,0,5,22,0,0,1,0,0,0,25,21,0,0,1,376,0,0,0,0,0,0,1,0,0,0,0,6,0,22,1,1,0,0,0,11,0,0,1,98,0,0,0,19,9,0,15,0,0,3,0,0,0,0,0,0,0,1,1,0,0,18,0,0,0,3,4,0,28,29,5,0,42,1,0,0,0,31,8,0,115,7,122,0,0,201,0,0,0,0,0,0,0,0,0,22,0,1,0,0,0,0,149,1,16,0,5,1,7,0,3,5,1,4,0,4,0,0,2,187,26,99,1,4,100,0,0,1,4,0,0,924,1,38,81,0,0,0,0,0,83,47,0,0,0,0,444,5,15,44,0,23,0
"30",0,0,1,0,0,0,1,27,0,0,5,0,0,0,1,5,23,0,0,1,0,126,0,0,1,540,0,1,1,6,280,0,0,86,0,0,2,348,1,0,0,0,0,0,0,5,0,0,0,0,1,0,0,0,54,5,0,1,0,0,6,0,0,0,0,0,56,0,0,7,14,0,0,0,0,0,0,0,0,111,0,3,138,0,290,3,0,0,0,87,0,4,0,10,0,0,0,1,0,0,0,2,1,12,0,0,130,2059,0,0,0,10,0,0,0,0,1,0,237,0,0,0,0,1,44,0,0,0,4,0,80,0,35,0,0,0,5,1,0,0,13,1,0,0,0,0,49,8,0,0,64,17,0,1,1,0,0,0,5,23,0,1,0,0,0,1,1,0,0,0,0,1,0,0,0,0,0,84,196,0,0,0,0,0,14,0,0,84,0,0,0,120,1,0,0,1,0,0,0,60,0,0,0,108,0,229,13,2,0,1,0,0,4,3,82,0,147,38,26,0,8,0,0,0,0,30,37,0,65,0,381,0,3,414,11,0,1,0,1,0,0,0,0,31,48,0,0,0,0,0,0,45,0,1,51,104,0,0,64,29,0,0,1,9,0,1,0,16,139,1,1,14,6,1,1,0,0,0,3,1021,0,0,134,0,0,0,0,1,0,40,0,7,0,0,10,0,31,12,0,371,0
"31",0,0,0,0,0,0,0,0,0,0,0,0,0,0,3,0,0,12,0,0,110,33,0,5,2,1305,0,1,102,35,94,0,0,0,0,0,5,628,0,0,0,0,0,0,0,121,0,0,0,1,0,0,0,0,0,1,0,6,6,403,0,0,0,0,0,0,79,6,0,0,0,0,0,0,0,1,0,0,4,94,0,0,0,0,0,0,146,0,0,0,0,62,0,0,1,0,0,0,0,0,0,4,0,0,0,0,0,3477,0,326,0,0,0,0,0,3,0,0,571,0,0,0,0,1,0,23,0,0,17,0,0,31,0,1,0,0,8,0,0,0,5,0,0,0,0,0,91,0,0,0,0,0,0,0,0,0,0,0,0,37,0,0,0,140,0,0,0,0,0,0,8,1,0,0,0,0,0,0,0,0,0,0,0,12,0,0,0,131,0,0,0,84,1,0,0,0,0,0,0,404,0,0,0,0,0,96,2,0,2,16,0,0,0,9,60,0,0,0,176,0,0,0,0,0,0,0,0,0,0,2,0,0,0,7,0,0,0,0,0,0,0,0,0,0,0,0,0,2,0,0,0,0,0,0,0,7,1,0,0,0,0,0,0,0,0,0,0,0,30,0,0,0,4,5,0,0,0,0,0,811,0,0,0,0,0,0,0,3,26,0,0,0,0,0,8,0,0,0,0,0,0
"32",0,0,0,0,0,0,1,0,0,0,9,0,0,371,42,0,0,0,5,0,0,0,0,0,0,2362,0,0,0,0,0,0,0,0,0,355,102,0,0,0,0,0,0,0,0,6,0,22,0,0,1,0,0,0,0,0,0,0,0,0,0,25,0,0,0,17,0,0,7,0,74,0,0,0,0,43,0,0,0,4,0,27,9,0,45,7,0,0,0,65,1513,0,0,137,0,0,0,0,17,0,0,9,0,0,0,0,0,749,0,0,0,70,1,0,0,0,0,0,0,0,0,0,0,1,0,0,0,0,20,0,0,33,0,0,0,0,0,1,0,0,0,0,0,0,0,0,0,0,0,0,4,0,0,0,20,0,0,0,0,177,0,14,0,361,0,0,0,0,0,13,0,0,1,0,0,0,0,235,0,0,0,4,0,4,0,0,16,0,0,0,0,0,0,0,0,0,0,0,0,0,0,0,0,1006,0,0,0,0,1,0,0,0,0,0,1,0,0,38,0,0,0,0,0,30,0,0,0,0,351,0,0,0,0,0,3,0,0,0,0,1,0,0,346,0,0,0,0,0,0,0,0,0,0,0,25,0,0,5,0,0,0,0,0,0,3,11,0,0,0,0,0,0,0,0,0,0,0,0,21,782,0,0,79,0,0,45,0,0,45,0,415,0,0,0,0,0,0,0,0,0,0
"33",0,0,0,0,0,0,0,31,0,0,0,0,0,3,13,0,0,0,0,17,48,5,0,10,0,2120,0,0,32,18,235,0,0,0,0,0,0,104,0,0,0,0,0,32,0,41,0,6,0,0,0,0,0,0,42,0,0,3,0,22,0,1,0,0,0,1,31,0,0,97,11,0,0,189,0,0,0,0,0,69,0,0,0,0,5,0,0,0,0,0,0,1,172,0,0,0,0,0,82,0,0,8,0,0,3,0,0,656,5,73,4,0,0,22,0,62,0,0,89,0,0,0,0,4,0,0,0,0,0,0,59,172,0,0,0,0,38,0,0,0,0,0,0,0,0,0,31,10,0,0,39,86,0,110,0,6,0,0,0,35,0,0,0,511,2,0,0,0,0,0,8,0,0,0,0,0,0,8,11,1,3,0,0,0,0,0,0,0,4,0,71,46,7,23,0,0,0,0,0,0,0,0,0,0,0,27,0,0,3,3,0,0,0,2,0,1,87,27,0,12,0,40,0,0,1,0,0,0,44,0,0,0,0,597,0,0,0,0,0,0,0,0,0,0,0,0,0,1,0,0,60,0,0,0,5,3,10,0,3,0,4,0,0,4,0,0,0,0,22,30,0,0,191,0,4,1,1,0,0,3481,0,0,27,0,0,0,1,1,75,0,0,0,0,0,24,33,39,0,0,40,4
"34",0,0,0,0,0,0,0,0,0,0,0,0,0,0,8,0,11,0,0,0,0,56,0,0,0,324,0,0,3,14,630,39,0,0,0,0,0,0,0,0,0,0,0,0,0,0,0,0,0,0,0,0,0,0,0,0,0,0,0,560,0,0,0,3,0,0,0,0,0,37,0,0,0,0,0,0,0,0,0,654,0,0,418,0,0,6,0,0,0,0,0,0,0,0,0,0,8,0,57,0,0,0,1,0,0,0,0,927,0,0,0,0,0,0,0,0,0,0,144,0,0,0,0,1,39,0,0,0,0,0,0,0,0,0,0,0,0,0,0,0,0,0,0,0,0,0,76,0,1,1,0,0,0,0,0,0,0,0,0,0,0,0,0,0,0,0,0,0,0,13,0,0,1,0,0,0,0,0,317,0,0,0,0,1,0,0,0,0,0,0,0,194,0,0,0,0,0,0,0,0,0,0,142,883,1,22,0,0,0,0,10,0,0,10,0,0,398,0,0,0,0,0,0,0,0,0,0,0,0,0,0,0,0,90,0,0,10,0,0,66,0,0,0,0,1,165,0,0,0,0,0,0,27,0,48,5,3,0,0,0,0,0,0,7,0,0,0,0,0,3,0,0,109,174,0,0,0,0,0,2836,0,32,317,0,0,12,0,0,111,0,0,0,0,0,190,4,0,0,0,120,0
"35",0,0,0,0,0,0,13,0,974,0,0,0,0,0,0,0,0,12,0,0,111,52,0,0,0,378,0,0,11,0,0,0,0,180,2,0,9,486,31,0,0,0,0,109,1,153,0,0,0,0,0,0,0,0,0,0,0,0,0,218,0,73,0,1,147,0,23,0,1,175,22,0,0,30,0,0,0,0,0,123,0,8,0,0,0,0,0,0,0,171,1,1,0,0,0,0,0,1,24,0,0,0,0,0,0,0,0,716,0,0,0,30,0,0,0,0,0,0,461,0,0,0,0,5,100,579,0,0,0,0,0,161,0,0,0,1,12,0,0,0,0,0,0,0,0,0,0,0,0,1,111,0,0,0,0,0,0,0,0,47,0,0,0,549,0,0,0,0,0,0,30,0,1,1,0,0,0,58,92,0,0,0,0,0,0,0,31,0,0,0,0,154,1,0,0,0,0,0,0,0,0,0,0,421,314,0,0,0,1,1,0,0,9,0,7,0,60,0,0,0,48,0,0,0,0,0,133,0,59,0,139,0,0,64,0,0,1,0,0,0,0,0,0,0,4,0,0,0,0,0,51,0,0,0,9,0,0,0,0,0,0,0,0,8,0,0,0,0,0,31,0,0,264,0,0,0,0,0,2,1225,0,0,483,0,0,0,0,0,87,117,0,0,0,0,1,0,39,0,0,164,0
"36",0,0,0,0,0,1,1,0,0,0,3,0,0,0,2,0,1,0,0,0,0,15,0,2,0,1,0,0,41,47,0,0,0,41,0,0,4,683,1,7,1,0,0,0,0,28,0,0,16,0,22,0,0,0,45,0,0,0,0,212,0,28,1,0,0,4,241,0,0,0,20,0,0,0,0,0,0,0,0,548,0,31,265,0,0,18,115,0,0,34,0,18,1,0,0,0,0,0,64,0,0,0,0,35,11,0,0,16,0,0,0,137,0,6,4,1,0,0,123,0,0,0,0,2,1,0,0,0,10,0,53,31,0,1,0,0,2,0,0,0,3,0,0,0,0,0,101,0,0,0,13,26,0,0,4,0,0,0,11,5,0,0,0,932,0,0,0,0,0,1,0,0,108,0,0,0,0,70,133,0,0,0,0,0,57,0,0,0,0,0,0,87,2,0,0,0,0,0,0,0,0,0,0,0,336,150,0,0,1,137,0,0,163,0,16,0,65,162,73,8,0,61,0,0,0,0,0,0,18,25,114,1,0,67,0,0,3,0,0,62,0,0,0,0,0,0,0,0,0,0,0,0,42,0,39,12,8,0,18,0,1,0,11,11,0,1,0,0,0,3337,0,0,3,0,4,0,0,3,8,1,0,0,256,0,0,0,0,0,94,111,0,0,0,0,1,0,13,0,0,44,0
"37",0,0,0,14,0,0,17,0,0,0,0,0,0,0,98,0,0,0,0,0,99,24,0,0,0,1488,0,0,7,16,403,0,0,328,0,0,55,0,1,0,1,0,0,55,0,89,0,0,0,0,0,0,0,0,0,0,0,0,0,11,0,0,0,0,0,0,0,0,0,0,0,0,0,0,0,0,0,0,0,0,0,0,0,0,5,0,0,0,0,0,0,99,0,0,0,1,0,0,0,0,0,0,0,0,0,1,0,1165,0,0,0,0,0,676,0,1,0,112,191,0,0,0,0,3,211,0,0,0,0,0,0,13,0,0,0,0,233,0,0,0,35,0,0,0,0,0,0,1,0,0,17,0,0,48,0,6,0,0,0,80,0,0,0,0,0,0,0,0,0,0,0,0,52,0,0,0,0,0,0,0,0,0,0,0,36,0,0,0,0,0,0,110,0,0,0,0,0,1,0,0,0,0,0,0,4,256,0,0,7,1,0,0,0,0,5,0,88,14,397,0,0,0,0,0,0,0,0,0,177,0,281,0,0,187,0,0,0,0,1,0,0,0,0,0,10,0,0,0,0,0,90,0,0,0,0,21,22,0,0,0,0,0,0,8,0,0,0,0,0,10,0,0,81,0,0,0,0,0,0,2087,0,0,551,0,0,0,0,0,0,25,0,10,0,0,69,0,9,0,0,158,0
"38",48,11,0,22,0,3,5,36,0,0,0,1,1,0,23,0,90,0,0,0,47,245,0,15,26,1999,0,0,197,19,11,0,0,12,0,0,77,207,0,0,0,6,0,0,0,198,169,0,0,0,1,0,0,1,0,1,0,5,0,231,3,0,87,6,0,0,178,0,0,89,13,1,0,3,0,0,0,0,0,210,0,0,4,0,44,0,2,0,0,23,0,4,0,0,0,0,0,1,138,0,0,281,3,0,1,0,201,252,0,0,18,0,0,13,0,0,0,24,1,0,0,0,0,3,434,0,0,14,0,0,112,240,0,0,0,0,117,0,0,0,4,2,0,0,0,0,3,19,0,0,1,0,0,9,0,0,0,0,0,3,2,3,0,0,0,0,1,0,0,17,14,0,0,0,0,0,12,15,87,3,0,0,0,0,6,0,0,4,0,29,0,104,0,0,88,0,0,0,0,428,4,0,0,0,0,25,1,5,0,35,0,0,0,4,11,1,124,7,13,0,13,0,0,0,0,0,6,0,0,1,34,1,1,802,0,0,0,0,1,1,0,0,0,0,2,0,32,10,0,0,0,13,0,0,28,59,5,1,18,18,1,0,0,11,0,3,0,0,0,354,355,20,57,0,0,0,0,0,48,1,0,6,63,0,0,0,0,1,116,102,0,5,0,0,16,0,12,0,0,179,0
"39",0,0,0,0,0,0,15,0,0,0,0,0,0,0,23,0,20,10,0,0,0,0,0,0,0,1093,0,0,42,4,0,0,0,217,0,0,40,806,0,0,0,0,0,0,0,102,0,0,0,0,0,0,0,0,0,0,0,0,0,400,0,0,0,0,0,0,334,1,0,0,0,0,0,0,0,0,0,0,0,0,0,0,114,0,0,0,565,0,0,0,0,10,427,0,0,282,32,0,0,0,0,9,17,0,0,0,0,1582,0,0,0,0,0,0,0,0,0,0,221,1,0,0,43,0,41,0,0,0,0,0,0,19,0,26,0,0,3,0,0,0,10,0,0,0,0,100,96,0,0,0,73,0,0,0,0,0,0,42,0,84,0,0,0,0,0,0,0,0,0,0,0,1,0,0,0,0,0,0,0,0,0,0,0,0,0,0,0,0,0,0,0,0,4,0,0,1,5,0,0,1,0,0,0,0,0,489,8,0,0,31,1,0,0,0,0,0,117,0,0,0,0,0,0,0,0,36,0,0,0,0,196,0,0,257,0,0,0,0,0,0,0,0,0,0,8,0,0,0,0,0,0,0,0,0,0,52,0,0,0,0,0,0,0,1,0,0,0,0,0,607,0,40,37,0,0,0,0,0,22,66,0,0,1118,0,0,0,0,15,0,0,0,0,0,0,0,0,17,0,0,102,0
"40",0,0,0,1,0,0,1,0,1,0,10,0,1,1,1,0,0,1,0,0,56,40,0,2,0,458,0,0,30,0,125,0,3,122,7,0,35,417,0,0,0,0,0,51,0,20,0,10,1,0,1,0,1,0,0,0,0,1,0,0,0,20,0,94,0,0,10,21,11,0,15,0,0,0,0,0,0,5,0,0,0,0,0,0,490,2,61,1,0,45,596,26,1,0,0,0,0,0,0,0,0,7,0,0,1,0,158,2462,0,0,0,97,0,33,0,0,0,3,0,0,0,0,0,1,21,0,0,0,0,0,85,86,68,1,0,6,1,0,0,0,4,0,0,0,0,0,71,0,0,0,36,0,1,0,1,0,17,1,0,55,0,0,0,0,0,0,0,0,0,3,0,0,1,0,0,3,0,54,0,21,0,0,0,0,0,14,23,0,0,0,0,212,2,0,0,1,0,0,0,0,0,0,0,57,305,207,0,0,1,2,0,0,0,0,0,0,0,46,137,0,0,0,0,0,0,0,0,0,47,0,76,0,0,77,0,0,0,0,0,37,0,0,65,0,3,0,0,1,0,0,180,0,0,0,85,139,9,0,0,0,4,4,0,0,51,0,0,18,0,1,0,0,15,0,0,0,0,3,18,830,0,0,565,0,0,0,0,1,22,72,0,0,0,0,1,0,4,0,0,202,0
"41",0,13,3,0,0,0,0,0,0,0,0,1,0,0,114,0,1,3,0,10,28,1,0,0,0,2329,0,0,0,0,0,0,0,34,0,0,0,24,0,0,0,0,0,28,0,0,0,0,0,0,0,0,0,0,3,0,0,0,11,1,0,0,0,0,0,0,111,0,0,74,13,0,1,12,0,0,0,0,0,47,0,0,0,1,0,0,0,0,0,0,0,0,0,0,42,0,0,0,96,0,0,197,0,0,1,0,0,0,0,97,0,0,0,69,4,3,0,0,25,1,0,0,0,10,153,76,0,46,6,0,18,1447,0,0,0,0,150,0,0,0,143,0,4,0,244,0,5,5,0,0,5,0,0,0,0,0,0,0,0,31,0,0,0,0,0,0,0,0,0,0,1,0,0,0,0,0,0,0,4,6,11,0,0,0,6,0,0,9,0,0,0,0,0,1,60,0,0,0,0,0,604,0,0,62,0,11,4,0,0,0,0,0,18,14,0,1,82,0,0,6,0,22,0,0,0,122,71,0,0,11,49,0,0,915,0,0,1,11,0,217,1,0,0,0,0,0,0,0,0,0,0,3,0,0,5,9,0,0,3,79,6,0,0,5,0,0,2,0,5,1262,0,13,464,0,0,0,0,0,2,0,0,0,20,0,0,0,0,0,8,10,0,0,0,0,15,0,36,0,1,1,0
"42",0,0,0,0,0,0,1,0,0,0,0,0,0,0,0,0,0,0,0,0,0,0,0,0,0,339,0,0,0,0,0,0,0,0,0,0,0,17,0,0,0,0,0,83,9,124,0,0,0,0,0,0,0,0,0,0,0,0,8,1,0,0,0,0,0,0,0,0,0,0,0,0,0,0,0,0,0,0,0,0,0,0,0,0,0,0,0,0,0,0,0,25,0,0,0,0,0,1,0,0,0,71,0,0,0,0,0,0,0,33,0,0,0,0,0,0,0,0,0,10,0,0,0,71,1680,0,0,0,0,0,0,174,0,7,0,0,0,0,0,0,0,0,0,0,0,0,0,0,0,0,0,13,0,0,3,0,0,1,0,0,10,0,0,0,0,0,0,0,0,0,0,0,1,0,0,0,0,0,0,0,0,0,0,0,0,0,1,0,0,0,0,1,0,0,0,0,78,0,0,0,0,0,0,1,1140,0,0,0,0,0,0,0,0,0,0,0,57,0,0,0,0,0,0,0,0,0,0,0,0,0,0,0,0,0,0,0,0,0,0,0,0,0,0,0,0,0,0,0,0,0,264,0,0,0,0,4,0,0,0,0,0,0,0,0,0,0,0,0,0,3628,37,0,0,0,0,0,4,0,0,1461,0,0,74,0,0,0,46,0,0,21,0,0,0,4,0,0,0,0,0,51,0
"43",0,0,0,0,0,0,0,0,0,0,0,0,0,0,0,0,0,0,0,0,0,49,0,0,0,104,0,0,0,0,0,0,0,0,0,0,0,0,0,0,0,0,0,0,0,0,0,0,0,0,0,0,0,0,0,3,0,0,3,0,0,0,0,0,0,0,122,0,0,19,0,0,0,0,0,0,0,0,0,50,0,32,0,0,0,6,0,0,0,0,0,0,0,0,0,0,1127,0,0,0,0,0,29,0,67,0,4,3165,0,0,0,0,0,0,0,0,0,0,90,0,0,0,0,0,0,84,0,0,0,0,0,0,0,0,0,0,0,0,0,0,0,0,0,0,0,0,0,6,0,0,10,0,0,20,0,0,0,0,30,0,0,0,0,0,0,0,0,0,0,67,8,0,0,0,0,0,0,0,61,0,0,0,0,0,0,0,0,0,0,0,0,126,0,0,0,0,0,0,3,0,0,0,0,4,0,69,0,0,0,0,26,0,0,0,0,0,0,0,0,0,0,0,0,0,0,0,0,0,0,0,250,0,0,308,0,0,8,0,0,15,0,0,0,0,0,99,0,0,0,0,0,0,0,0,0,0,12,0,5,0,0,0,0,0,0,0,0,0,0,42,0,0,2969,0,0,0,2,0,0,0,0,0,0,0,0,0,0,0,77,0,0,0,0,0,28,0,0,0,0,55,0
"44",0,1,0,0,0,0,33,12,0,0,0,0,0,94,30,0,0,0,0,0,128,4,0,0,0,3083,0,0,35,10,40,0,0,25,0,0,12,0,0,0,0,8,0,51,0,146,0,0,0,0,19,0,0,0,1,0,0,0,0,12,0,0,0,0,0,0,38,0,0,0,11,0,0,3,0,0,0,0,0,9,0,0,207,0,74,0,653,0,0,2,0,0,2,0,0,1,0,0,6,0,0,0,0,3,1,0,1,896,0,0,0,0,0,17,0,0,0,0,8,1,0,0,0,0,17,0,0,0,0,78,1,134,0,0,0,1,8,0,0,0,5,0,0,0,0,0,0,1,0,0,7,4,0,0,0,0,0,0,0,5,0,0,0,410,0,0,0,0,0,0,1,0,2225,0,0,0,0,2,0,0,0,0,0,0,0,0,0,0,0,0,0,11,0,0,0,0,0,1,0,0,0,0,0,0,0,84,0,0,1,0,0,0,0,13,2,0,48,0,109,0,0,43,0,0,0,0,0,0,4,0,67,1,0,2,0,0,0,0,1,0,0,0,0,0,0,0,0,0,0,0,215,1,11,0,8,0,0,0,11,0,0,26,0,0,4,0,0,0,0,13,0,11,6,0,0,0,0,1,31,1,0,0,31,0,0,0,0,0,17,6,0,0,0,0,1,2,1,2,0,12,0
"45",0,0,0,0,0,0,2,0,0,0,0,0,0,0,0,0,0,0,0,0,0,0,0,1,0,355,0,0,1,0,0,0,0,58,0,0,2,18,0,0,0,0,0,245,0,171,0,0,0,0,0,0,0,0,0,0,0,0,0,0,0,0,0,0,0,0,391,0,0,0,0,0,0,0,0,0,0,0,0,0,0,0,0,0,0,1972,230,0,0,20,0,0,1,0,0,0,0,0,155,0,0,105,0,0,0,0,0,16,14,0,0,0,0,0,0,0,0,0,5,0,0,0,0,21,46,0,12,0,0,0,0,1,0,0,0,0,16,0,0,0,76,0,0,0,0,0,0,0,0,0,4,0,0,0,0,0,0,0,0,431,0,0,0,0,0,1,0,4,0,0,0,0,3,0,0,0,0,0,76,0,0,0,0,0,0,0,0,0,0,0,0,185,0,0,0,1,0,0,0,0,0,0,0,0,0,0,0,0,3,1,68,0,0,0,15,0,0,0,0,0,0,0,0,0,0,0,0,0,0,0,0,0,0,1296,0,0,0,0,13,0,0,1,0,0,93,0,0,0,0,0,51,0,0,0,0,375,0,0,0,0,0,0,0,61,0,0,0,0,0,1118,0,0,424,0,0,0,0,0,0,1273,0,0,200,0,0,0,0,0,57,0,0,0,0,0,34,0,0,0,0,0,0
"46",0,0,0,0,0,0,0,0,0,0,0,0,0,0,21,1,5,0,0,1,0,82,0,0,0,1051,0,0,5,15,0,0,0,78,0,0,0,139,0,0,0,0,0,0,0,286,0,0,0,0,0,0,0,0,83,1,0,0,0,0,3,0,0,0,0,0,242,0,0,0,0,0,0,0,553,0,0,0,0,980,0,0,200,0,0,0,0,0,0,0,0,3,4,0,0,0,13,0,73,0,0,0,0,0,0,0,0,551,0,0,0,0,0,0,0,0,0,0,360,0,0,0,0,1,24,55,0,0,37,0,49,450,0,0,0,0,0,0,0,1,56,0,0,4,0,0,0,0,0,0,0,30,0,0,0,0,0,0,0,90,0,0,0,278,0,1,0,0,0,0,36,0,1,0,0,0,0,0,0,6,0,0,0,0,0,0,0,0,229,0,0,228,0,0,0,0,0,0,0,0,0,0,0,0,0,72,0,0,0,0,0,0,0,0,12,0,581,0,0,0,0,0,0,0,0,0,0,0,0,0,238,0,0,77,0,0,0,0,0,0,0,0,0,0,0,0,0,3,0,0,0,0,52,0,0,19,7,0,122,67,21,0,0,0,0,0,0,0,0,16,23,0,65,5,0,0,0,0,0,2652,0,0,141,0,0,0,0,0,0,0,0,0,0,0,19,0,5,0,0,78,0
"47",0,0,0,0,0,0,139,0,0,0,0,6,0,0,43,0,0,0,0,0,0,0,8,0,0,1704,0,0,122,153,0,0,0,41,0,0,0,0,0,0,0,0,0,127,0,8,0,0,0,0,6,0,0,0,42,0,0,0,0,0,27,0,0,0,0,0,88,0,0,0,92,0,0,0,0,0,0,0,15,0,0,0,42,0,267,0,0,0,0,28,0,58,33,0,0,0,0,0,0,0,0,0,0,3,7,0,522,1347,0,0,0,0,0,5,0,0,0,0,30,1,0,0,0,0,32,0,0,0,0,0,115,0,0,0,0,0,565,0,0,0,60,0,0,0,0,0,0,4,0,0,12,0,0,0,0,0,0,0,0,213,0,0,0,0,0,2,0,0,0,0,0,0,0,3,0,0,5,239,25,0,0,0,0,0,0,0,0,0,0,0,0,33,1,0,40,0,0,0,0,0,0,0,0,0,0,0,0,0,0,0,3,0,0,0,11,0,25,0,0,0,0,0,0,9,0,0,0,0,49,0,0,0,0,0,0,0,0,0,0,0,0,0,133,0,0,0,0,0,0,0,0,9,0,0,0,4,0,0,11,110,0,0,0,0,0,0,0,0,0,393,0,0,514,0,0,0,0,0,0,2626,0,0,0,0,0,0,0,0,0,0,0,0,0,0,16,0,0,0,0,40,0
"48",0,0,0,0,0,0,4,1,0,0,10,1,3,23,18,0,0,0,0,0,26,16,0,7,0,2704,1,0,73,2,1,0,0,13,0,0,8,81,9,0,0,0,0,57,0,148,0,2,0,0,3,0,1,0,52,0,0,0,0,3,1,6,11,1,0,0,29,0,0,0,5,0,3,19,0,0,0,0,0,9,7,1,89,0,66,0,0,11,0,25,0,12,3,0,0,2,0,0,30,0,0,0,0,0,1,0,0,23,0,0,4,0,0,120,0,6,0,1,8,0,0,0,0,1,120,0,0,0,2,0,10,766,0,4,0,0,27,0,0,0,2,0,0,0,0,0,1,0,0,9,5,17,16,0,1,0,0,0,0,31,0,0,0,0,3,0,15,0,0,0,1,0,0,0,0,0,0,100,1,3,8,0,0,0,5,0,0,0,0,0,0,62,4,1,421,0,0,6,0,0,0,0,0,0,1,3,0,0,2,8,0,0,0,7,3,1,36,38,109,8,280,24,0,6,0,0,51,0,25,2,19,1,0,251,0,4,5,0,0,19,0,0,0,14,0,0,0,0,0,46,79,2,10,0,7,11,0,5,6,0,2,0,0,1,4,0,0,0,0,1,87,3,327,0,0,0,0,1,3,2733,3,0,21,0,0,0,0,0,0,1,0,0,0,0,20,8,4,0,0,105,0
"49",0,0,0,0,0,0,0,0,74,1,0,0,0,166,7,0,39,0,0,0,168,24,0,3,0,1164,0,0,29,11,213,0,0,77,0,0,12,360,6,0,0,1,0,109,0,18,0,7,3,0,0,1,0,0,0,0,0,0,0,0,0,0,0,0,53,0,20,0,1,295,75,0,0,100,48,0,0,0,0,60,0,4,27,0,0,1,225,0,0,89,0,16,0,0,0,0,0,0,74,0,0,0,0,3,1,25,160,675,0,27,0,0,0,0,0,0,0,1,30,0,0,0,0,0,94,540,3,0,0,0,92,73,80,1,0,0,99,0,0,0,9,0,0,0,0,0,7,1,0,0,1,16,0,0,9,0,0,0,0,18,1,0,0,880,0,0,0,0,1,4,5,0,0,0,0,0,0,47,274,0,2,1,0,0,0,0,0,0,0,15,15,169,1,0,0,0,0,0,0,0,0,0,0,0,0,8,0,0,1,1,1,52,26,0,15,0,168,32,117,10,114,0,0,0,0,0,0,0,458,4,688,1,0,109,0,0,1,0,0,0,0,0,1,0,0,0,0,0,0,0,0,7,28,0,32,5,1,0,66,5,0,0,0,9,0,0,0,0,5,5,0,116,24,0,0,0,0,1,5,1381,0,0,82,0,0,0,0,0,21,35,0,0,0,0,0,0,7,0,0,1,0
"50",2,0,0,0,0,0,23,12,0,0,4,1,0,0,4,7,1,0,0,8,0,13,0,1,0,625,0,5,13,1,1,0,46,6,0,0,2,57,0,1,1,0,0,175,0,31,0,1,0,3,0,0,0,1,38,0,0,0,0,41,0,0,0,1,0,0,0,4,1,1,35,0,1,0,0,0,0,0,0,9,0,6,1,1,590,2,1,0,0,0,796,29,125,16,38,0,0,0,26,0,0,14,0,0,3,0,15,3,0,18,3,9,0,13,0,1,0,1,3,2,0,0,0,0,102,0,950,0,2,19,14,133,18,0,0,0,2,1,0,0,4,0,0,1,0,0,9,0,1,0,4,0,0,1,1,0,0,0,0,225,1,0,0,1,0,1,1,0,0,0,1,1,13,1,0,0,0,5,3,1,0,0,0,0,1,5,0,0,73,0,0,6,1,16,0,0,15,0,1,0,0,0,0,1,1503,7,1,5,1,10,1,0,0,1,21,1,20,3,1,0,1,1,0,0,1,0,14,0,70,0,0,0,0,474,0,0,1,11,0,0,0,0,96,1,1,0,0,1,0,0,228,1,13,1,1,7,0,0,1,9,3,0,0,5,2,0,4,144,25,2011,11,1,79,6,0,1,0,0,10,99,0,1,89,0,0,2,0,1,0,89,46,0,0,0,38,3,2,0,0,31,1
"51",0,0,0,3,0,0,8,0,0,4,0,0,0,0,57,0,0,0,0,0,0,0,0,0,0,0,0,0,0,0,0,0,0,0,4,32,0,0,0,0,0,0,0,0,4,702,0,0,0,0,0,0,0,0,0,0,0,0,0,0,0,0,0,60,0,153,0,0,0,249,0,0,0,0,0,0,0,0,161,0,0,0,0,0,0,9,0,0,0,0,0,0,13,0,0,1,0,0,0,61,0,1,0,0,8,0,0,3498,0,0,0,0,5,0,0,0,33,0,0,0,0,0,0,0,0,0,3123,0,0,0,182,0,0,5,0,0,0,0,0,0,0,0,0,0,0,0,0,0,0,0,3,0,1,0,0,0,0,1,0,0,0,0,0,0,0,0,0,0,0,0,0,0,0,0,0,9,0,925,0,0,0,0,0,1,0,0,0,0,0,30,0,0,0,0,0,0,0,0,0,0,0,34,0,0,0,0,0,0,0,0,0,0,0,0,0,0,0,0,0,0,0,107,0,0,0,0,0,0,0,0,0,0,0,0,0,0,0,0,5,0,0,0,0,0,0,1,0,0,0,0,0,0,0,0,0,1,0,0,0,0,0,0,0,0,119,0,0,0,0,0,0,0,179,0,0,0,0,0,0,0,0,0,0,0,0,0,44,0,0,0,0,0,0,11,0,0,0,0,0,114,0
"52",0,0,0,0,0,0,11,0,0,0,3,0,0,0,0,0,0,1,0,0,0,35,0,0,0,1107,0,0,21,9,257,0,0,21,0,0,16,32,1,0,0,0,0,48,0,52,0,1,0,0,0,0,0,0,0,0,0,0,0,226,0,0,0,0,0,0,471,0,1,40,0,0,0,0,0,0,0,0,0,529,0,1,173,0,0,1,85,0,0,21,0,33,275,0,0,0,0,0,0,0,0,0,0,0,0,3,0,712,0,0,0,0,0,74,4,23,0,1,58,0,0,0,0,1,54,0,0,0,0,0,0,0,0,6,0,0,4,0,0,1,18,0,0,0,0,0,24,0,0,0,0,0,1,0,1,0,0,0,0,59,0,0,0,0,0,0,0,0,0,0,8,0,0,0,0,0,0,0,109,3,0,0,0,0,11,0,3,0,0,0,0,21,3,0,0,0,0,0,0,0,0,0,1491,8,24,32,4,0,0,16,0,0,0,0,4,0,199,0,111,0,0,0,0,0,0,12,0,0,0,0,104,0,0,937,0,0,4,0,0,0,0,1,0,0,1,1,0,0,0,0,0,5,0,0,9,3,0,0,7,8,3,0,0,1,0,0,0,35,0,440,0,68,198,0,0,0,0,0,0,1983,1,0,203,0,0,0,0,0,0,9,0,0,0,0,3,9,3,19,0,36,0
"53",0,0,0,0,0,0,1,0,0,0,0,0,0,0,2,0,0,0,0,0,0,38,0,0,0,4869,0,0,5,6,0,0,0,56,0,0,0,0,0,0,0,0,0,0,0,0,0,0,0,0,0,0,0,1,40,0,0,0,0,33,1,0,0,0,0,0,54,0,0,89,0,0,0,0,0,0,0,0,0,29,0,3,139,0,0,1,0,0,0,0,0,0,0,0,0,0,2,0,0,0,0,115,0,0,1,0,0,265,0,0,0,0,0,0,0,0,0,0,10,1,0,0,0,1,760,0,2,0,0,0,0,18,0,0,0,0,1,0,0,0,2,0,0,0,0,0,0,0,0,0,0,0,1,0,1,0,0,0,0,25,0,0,0,0,0,0,0,0,0,0,7,0,0,0,0,0,0,0,0,0,0,2,0,0,7,0,0,0,0,0,0,185,1,1,0,0,0,0,0,0,0,0,0,1,0,23,0,0,0,1,0,0,0,0,0,13,60,275,1,0,0,0,0,0,0,0,0,0,0,0,0,1,0,507,0,0,3,0,0,2,0,0,0,0,4,35,0,0,0,0,0,0,0,0,0,105,0,0,0,158,0,0,0,2,0,0,0,0,6,5,0,0,236,0,0,0,0,0,0,1055,0,0,524,0,0,0,0,0,0,200,0,0,0,0,4,0,2,0,0,56,0
"54",0,0,0,0,0,0,0,0,0,0,1,0,0,0,0,1,0,4,0,0,27,51,0,0,1,1315,0,0,11,4,184,0,0,76,0,0,10,96,0,0,0,0,0,49,0,25,0,3,0,0,3,0,2,3,15,4,0,0,0,501,0,0,0,0,0,0,160,0,0,0,25,0,0,0,52,0,2,0,0,149,10,7,25,0,0,1,0,0,0,21,0,3,0,0,0,0,0,0,46,0,0,0,0,0,19,1,0,48,0,435,0,0,0,162,0,3,0,1,197,0,0,0,0,0,30,423,0,0,3,0,8,89,0,0,0,0,8,1,0,2,8,0,0,0,0,0,61,5,0,0,0,46,5,34,1,0,0,0,0,53,0,0,0,0,0,0,4,0,0,0,16,0,1,0,0,0,10,0,270,3,0,0,0,0,4,0,0,0,53,0,16,87,0,5,0,0,0,1,0,773,0,0,0,226,0,15,0,0,0,1,0,0,0,12,40,1,205,82,47,4,129,0,0,19,0,6,0,0,489,0,112,0,0,568,0,0,6,0,1,3,0,0,110,0,1,25,0,0,0,0,0,3,11,0,6,5,1,0,5,13,8,0,0,5,1,0,0,0,17,220,0,30,97,1,0,0,0,2,4,1533,0,0,260,0,0,0,0,0,46,61,44,0,0,0,52,30,8,0,0,76,0
"55",0,0,1,25,0,3,13,0,0,1,4,0,1,0,13,4,0,0,0,0,0,28,0,0,0,1539,0,0,8,39,0,0,0,12,0,0,2,1,2,1,5,0,0,0,14,106,0,0,0,0,0,0,1,0,0,1,1,0,0,0,4,0,1,1,0,0,182,0,0,0,0,0,1,4,0,1,0,0,0,36,0,0,0,0,0,1,2,0,0,5,0,1,8,0,0,0,0,0,0,19,0,24,0,0,0,0,0,3305,0,0,0,0,0,82,0,0,0,0,19,0,0,0,0,1,5,0,0,0,0,0,0,46,0,1,0,0,3,0,0,0,3320,1,0,1,0,0,24,0,1,0,7,0,0,29,0,1,0,1,0,0,0,0,0,0,98,0,0,0,0,0,12,0,1,0,0,0,0,0,0,3,0,0,7,0,17,0,0,0,0,0,4,9,1,0,0,0,0,0,0,0,0,0,0,0,0,43,0,0,0,10,0,0,0,0,0,0,0,0,264,0,0,0,0,0,0,0,0,0,0,0,9,1,1,99,29,0,0,0,3,0,0,0,0,0,0,0,0,0,0,0,0,3,25,0,0,8,12,0,0,0,12,0,0,8,0,0,0,0,0,145,1,0,445,3,1,0,11,0,1,0,1,0,39,0,0,0,0,6,0,10,0,0,0,0,0,0,154,0,0,10,0
"56",0,0,0,0,0,1,3,0,0,0,0,0,0,0,13,0,0,0,0,0,151,115,0,4,0,7,0,0,10,0,0,0,0,96,0,0,0,0,0,0,0,0,0,0,0,0,0,0,0,0,6,0,0,0,84,0,0,0,0,52,0,0,0,0,0,0,32,0,0,4,17,0,0,0,0,0,0,0,5,0,0,0,0,0,0,1,1,0,0,85,0,6,2647,0,0,46,0,0,0,0,0,0,0,0,25,0,0,247,0,0,0,0,1,63,0,1,0,0,251,0,0,0,0,6,899,0,0,0,0,0,96,0,0,0,0,0,5,0,0,0,1,0,0,0,0,0,1,0,0,0,12,0,1,1,0,0,0,0,0,115,0,0,0,0,0,0,0,0,0,0,0,0,0,0,0,0,0,284,141,0,0,0,0,0,0,0,0,0,0,0,0,54,0,1,0,0,0,0,0,0,0,0,0,0,0,1,1,0,1,0,8,0,0,0,12,0,57,89,0,0,0,0,0,0,0,0,0,4,78,0,0,0,0,660,0,0,0,0,0,7,0,0,0,0,1,0,0,0,0,0,654,0,0,0,0,7,1,0,3,0,0,0,0,1,0,0,0,0,0,11,0,0,340,0,0,0,0,0,0,2392,0,0,396,0,0,0,0,0,0,62,0,0,0,0,0,0,5,0,0,79,0
"57",0,0,0,0,0,0,0,0,0,0,4,0,0,31,9,0,0,1,0,0,0,0,0,0,0,3346,0,0,3,2,60,0,0,399,0,0,2,0,0,0,0,0,0,0,0,156,0,0,0,0,0,0,0,0,0,0,0,0,2,3,0,0,0,0,0,0,47,0,0,0,0,0,0,0,0,0,0,0,0,9,0,1,0,0,0,4,161,0,0,51,0,1,3,0,0,1,0,0,0,0,0,0,0,2,0,0,0,117,0,0,0,0,0,40,0,0,0,0,14,1,0,0,0,0,163,22,0,0,0,0,27,161,0,1,0,1,0,0,0,0,647,0,0,0,0,4,0,0,0,5,0,4,0,0,0,0,0,0,0,98,0,0,0,0,0,0,0,0,0,0,0,0,0,0,0,0,0,0,6,0,0,0,0,0,0,0,0,64,0,9,0,51,1,0,0,0,1,0,1,0,0,0,0,0,0,0,2,0,0,1,0,0,0,0,6,0,0,0,13,0,0,0,0,0,0,0,0,0,0,1,50,0,0,664,0,0,0,0,0,2,0,0,0,0,0,0,0,0,0,0,0,0,0,0,0,0,159,0,0,0,0,0,0,0,0,0,0,0,0,5,0,0,492,0,0,0,0,0,4,2478,0,0,283,0,0,0,0,0,0,0,0,0,0,0,0,0,20,0,0,0,0
"58",0,0,0,0,0,0,3,0,0,0,0,0,0,0,22,0,0,0,0,0,0,0,0,11,0,1201,0,0,20,0,1121,0,0,64,0,0,22,0,0,0,0,0,0,24,0,424,0,0,0,0,0,0,0,0,0,0,1,0,0,0,0,103,0,0,0,0,0,0,12,0,155,0,0,0,0,0,0,0,0,578,0,0,60,0,0,0,378,0,0,9,0,0,10,0,15,21,0,0,95,0,0,7,0,0,4,0,14,1421,0,0,0,0,0,60,0,0,0,0,22,1,0,0,0,0,99,0,0,0,0,0,0,7,0,33,0,65,6,0,0,0,29,0,0,0,0,0,0,0,0,0,7,73,0,0,0,0,0,0,0,37,0,0,0,0,0,0,0,1,0,0,0,0,1,0,0,0,0,71,0,0,0,15,0,0,0,0,0,0,0,0,0,0,1,0,17,42,0,0,0,0,0,11,0,286,0,0,0,0,4,14,0,0,0,0,11,0,0,0,0,0,0,0,0,0,0,2,0,0,76,0,306,0,0,2515,0,0,0,0,6,0,0,0,36,0,0,0,0,0,0,0,23,0,0,0,26,0,0,0,0,8,0,0,0,0,1,0,0,0,0,185,0,0,201,0,0,0,0,0,10,31,0,0,42,0,0,0,0,0,0,0,0,0,0,0,19,0,0,0,0,24,0
"59",0,0,0,0,0,0,0,0,1,0,0,0,0,1,114,0,0,0,0,0,1,5,0,0,0,876,0,0,10,97,0,0,0,41,0,0,180,210,0,0,0,0,0,0,0,0,0,0,0,1,0,0,0,0,0,0,0,1,0,0,0,4,9,0,0,4,144,0,0,0,5,0,0,1,0,0,0,0,0,0,0,0,0,0,0,1,0,0,0,35,470,33,292,0,0,70,0,0,7,0,0,0,0,0,0,0,11,5405,0,0,0,228,0,0,0,0,0,1,88,0,0,0,0,1,0,0,0,0,0,0,89,122,0,0,0,0,7,0,0,0,0,0,0,0,0,0,0,0,0,7,0,4,0,0,1,0,0,0,9,12,0,0,0,0,0,0,0,1,0,0,0,0,0,0,0,0,0,97,0,0,5,0,0,5,0,0,0,0,48,0,0,0,1,0,0,0,0,0,0,0,0,0,0,0,0,0,0,0,0,0,0,142,0,0,5,0,0,17,0,0,0,0,0,0,1,5,0,0,0,0,0,0,0,11,0,0,0,0,0,7,0,0,0,0,0,0,0,0,0,0,0,0,0,0,0,0,1,0,21,21,1,0,0,1,6,0,0,0,0,381,0,0,153,3,0,0,0,0,7,174,0,0,160,0,0,0,0,0,18,11,0,0,0,0,0,0,0,0,0,17,0
"60",56,0,0,0,0,0,0,0,0,1,0,0,0,0,5,0,0,0,1,0,0,36,0,0,0,1111,0,4,0,18,0,0,0,69,0,0,28,0,0,0,0,0,0,0,0,3,0,0,0,0,2,0,0,0,0,2,6,0,0,63,0,0,0,0,0,0,52,0,0,0,0,0,0,0,0,0,0,0,0,8,0,0,57,0,0,0,720,0,0,104,0,2,0,27,0,0,0,0,45,0,0,8,0,0,1,1,0,3160,0,0,0,0,0,72,0,0,0,0,193,1,6,0,59,1,48,0,0,1,0,0,0,162,13,0,0,1,101,1,0,0,46,0,0,0,0,0,34,0,0,0,17,0,0,175,0,0,0,0,282,1,0,0,0,1,0,0,4,5,0,0,0,0,1,0,0,0,6,7,51,0,0,0,3,0,5,0,0,0,0,0,1,94,2,0,0,0,28,0,0,0,0,0,1,2,0,240,0,0,0,0,0,0,0,0,10,0,0,12,631,0,0,0,0,0,0,0,0,0,0,0,36,0,0,1,0,0,0,0,0,0,1,0,0,0,1,0,0,0,0,0,0,9,0,0,29,1,0,0,0,0,0,0,0,2,0,0,0,0,0,0,0,0,309,0,0,2,0,0,0,1093,0,0,392,0,0,0,0,0,0,54,0,0,0,0,55,0,21,0,0,0,0
"61",0,0,0,3,0,0,2,18,0,0,0,0,0,0,15,0,0,0,0,0,0,0,0,55,0,4228,0,0,0,1,0,0,0,0,0,0,15,394,0,0,0,0,0,43,0,0,0,0,0,0,0,0,0,0,0,0,0,0,0,1,0,44,0,0,0,0,4,0,0,0,0,0,0,1,0,0,0,0,0,0,16,0,0,0,0,0,0,0,1,179,6,0,3,0,0,2,0,0,0,0,0,0,0,0,0,0,0,2,0,0,0,0,0,84,0,0,0,0,4,1,0,0,0,1,493,0,0,0,0,24,0,0,0,0,0,50,128,0,0,0,0,0,0,0,0,0,0,0,0,0,11,28,0,0,26,0,0,3,0,0,0,0,17,0,0,0,0,50,0,0,0,0,7,0,0,0,0,86,66,0,0,0,0,0,0,0,0,0,0,0,0,1,0,7,0,0,0,0,0,0,0,0,0,0,39,0,0,0,6,175,0,0,0,0,23,0,32,0,0,0,23,5,0,0,0,0,0,0,171,0,165,0,0,1593,0,0,0,0,0,0,0,0,0,0,0,0,0,0,0,0,360,0,0,0,0,0,0,0,0,9,0,0,25,0,0,0,0,0,0,4,0,0,165,0,0,0,3,0,0,1105,0,0,0,0,0,0,0,0,0,0,0,0,0,0,50,0,9,0,0,48,0
"62",0,0,0,0,0,0,1,0,0,0,0,0,0,0,24,0,79,0,0,0,24,37,0,360,0,430,3,0,89,0,0,0,0,19,0,0,0,226,0,0,0,0,0,81,0,0,0,0,0,0,0,0,0,0,0,0,4,3,0,7,0,0,0,3,4,0,89,0,0,0,0,0,3,0,0,0,0,0,0,0,0,0,0,0,0,0,0,0,4,60,0,10,162,0,0,0,0,0,11,0,0,0,0,0,0,0,0,2602,0,0,0,0,0,1,0,0,0,0,54,9,0,0,0,1,42,0,0,0,0,0,0,0,0,0,0,0,189,0,0,0,0,0,0,0,0,490,17,0,3,150,20,0,0,5,0,0,0,0,0,0,0,0,0,1846,0,0,0,0,0,0,0,0,0,0,8,0,0,0,33,0,0,0,0,0,0,0,0,0,0,0,0,21,1,10,0,0,0,0,0,0,0,0,0,0,0,0,0,0,0,28,0,0,0,0,8,0,0,0,45,0,102,27,0,0,0,0,0,0,0,0,50,0,0,278,0,0,0,5,0,0,0,0,0,0,0,0,1,4,0,0,0,0,0,1,13,0,0,0,102,0,0,0,7,4,0,0,0,0,0,1230,0,116,403,0,0,0,0,0,6,21,0,0,265,0,0,0,0,8,0,0,0,0,0,0,22,0,9,4,0,69,0
"63",0,0,0,0,0,0,2,0,0,0,0,0,0,0,86,0,110,0,0,0,0,2,0,0,0,1,0,0,890,533,0,0,0,20,0,0,30,103,0,0,0,0,0,0,0,35,0,0,0,0,7,0,0,0,0,0,0,0,0,186,0,6,0,62,3,0,66,0,0,0,4,0,104,0,0,396,0,0,0,29,0,0,0,0,9,0,5,0,0,29,0,0,19,0,0,0,0,0,16,0,0,23,0,0,1,0,0,1479,0,0,0,0,0,180,0,0,0,0,188,0,0,0,0,5,29,711,0,0,0,0,0,3,0,0,0,0,1182,0,0,0,271,0,0,0,0,0,76,0,0,0,2,0,0,47,0,0,0,0,0,35,0,0,0,1,0,1,0,0,0,0,19,0,0,0,0,0,0,194,0,43,0,0,0,0,0,0,0,0,0,0,0,356,0,0,0,0,0,9,0,0,0,0,0,0,0,154,10,0,13,0,165,0,0,0,0,0,0,0,177,0,0,97,0,0,0,0,0,0,3,0,36,0,0,167,0,0,3,0,0,34,0,0,0,0,0,0,0,0,5,0,0,0,0,0,0,11,6,14,0,10,7,0,0,19,0,0,0,0,0,1052,0,34,156,0,39,0,0,0,0,2,0,0,82,0,0,0,0,0,0,16,0,0,0,0,27,0,346,0,0,13,0
"64",0,0,0,0,0,0,0,46,0,0,0,1,0,145,3,0,0,2,0,0,15,10,0,24,0,1349,0,0,11,21,34,0,0,147,0,0,54,179,18,0,0,0,0,0,0,37,105,0,0,1,0,0,0,0,37,1,0,0,0,149,0,25,0,1,43,0,32,0,0,33,15,0,0,5,0,0,0,0,0,30,0,0,16,0,134,0,71,0,0,23,0,34,0,0,0,0,0,0,59,0,0,0,0,0,4,3,0,970,0,0,0,0,0,406,0,1,0,0,73,27,0,0,0,17,712,47,0,0,0,0,0,16,0,0,0,0,231,0,0,0,3,0,0,0,73,0,8,2,0,0,32,0,0,7,0,0,0,0,64,86,0,1,0,0,0,1,0,0,0,0,3,0,0,0,0,0,0,66,23,1,0,0,0,0,16,0,0,0,0,0,0,209,10,0,0,0,0,0,0,0,0,0,0,15,0,9,1,0,1,6,0,0,0,1,4,1,16,13,121,2,18,7,0,0,0,0,59,0,32,0,54,0,0,1,0,0,5,1,0,0,0,0,0,0,1,5,0,0,1,0,0,1,0,0,0,6,1,2,11,166,0,0,0,5,0,0,0,0,15,1,1,24,53,0,3,0,0,0,0,2726,0,0,72,0,0,0,0,0,0,48,0,0,0,0,44,0,45,0,0,34,35
"65",0,0,0,0,0,0,0,0,0,0,0,0,0,5,0,0,0,0,0,0,14,6,0,0,0,94,0,0,10,0,0,49,0,0,0,0,0,298,0,0,0,0,0,140,0,10,0,0,0,1,0,0,0,0,0,0,0,0,0,1,0,0,3,0,0,0,22,0,0,0,0,0,0,12,2329,0,0,0,0,6,0,0,0,0,0,0,0,0,0,0,0,29,5,0,0,0,10,0,107,0,0,12,0,23,0,0,0,15,0,0,0,0,0,0,0,0,0,0,125,0,0,99,0,20,31,0,0,12,0,0,8,0,0,0,0,0,0,0,0,4,29,0,0,0,0,0,2,12,0,0,1,21,0,0,0,0,0,0,35,0,0,0,0,234,0,1,0,0,0,0,3,0,3,0,0,0,0,0,9,4,0,0,0,0,3,0,0,0,0,18,0,22,0,0,0,0,0,0,0,0,0,0,0,0,0,15,0,0,0,1,0,0,40,0,0,0,130,0,0,0,0,25,0,0,0,0,0,0,0,3,8,6,0,4,0,0,0,0,0,0,5,0,0,0,0,0,0,0,0,0,0,0,0,0,0,10,19,0,0,33,1,0,0,0,0,0,0,0,0,3334,0,59,979,0,2,0,3,0,0,1174,0,0,36,0,0,0,0,0,23,5,0,0,0,0,0,0,0,0,0,69,0
"66",1,5,0,0,0,1,153,0,0,0,0,0,0,0,13,0,0,17,0,0,0,113,0,6,0,1844,0,0,81,11,211,0,0,253,0,0,6,0,0,0,0,0,0,0,0,187,0,4,0,0,1,0,2,6,9,0,0,0,0,499,0,0,0,4,0,0,0,0,0,0,20,0,2,0,0,0,1,0,0,87,0,35,266,0,0,4,169,0,0,61,0,13,45,0,0,0,0,0,0,0,0,14,0,0,7,0,0,536,0,0,0,40,0,237,0,0,0,3,332,1,0,0,0,0,98,0,143,0,0,0,0,0,0,3,0,50,4,0,0,0,14,0,0,0,0,0,28,0,0,0,28,0,0,0,0,0,0,0,0,146,0,0,0,0,0,0,0,0,1,27,13,0,0,0,0,0,0,5,0,7,0,11,0,0,0,0,0,0,0,12,0,0,0,0,0,0,0,0,0,0,0,0,0,45,0,108,3,0,0,4,0,0,0,0,0,1,0,11,26,0,0,0,0,0,0,0,0,7,18,0,0,7,0,316,0,0,55,0,0,4,0,0,0,0,0,33,33,0,0,0,0,5,42,0,5,39,10,0,0,17,0,0,0,7,0,0,1,0,0,75,0,0,526,0,1,0,0,0,0,2146,1,8,790,0,15,27,0,0,0,91,0,0,0,0,1,0,31,0,0,100,0
"67",0,1,0,0,0,1,135,17,0,0,0,2,0,0,26,0,1,0,0,0,0,57,0,0,0,2388,0,0,0,0,0,0,0,144,0,0,0,46,0,0,0,0,0,63,0,321,0,0,0,0,0,0,0,0,69,1,0,0,0,0,0,274,0,0,0,0,97,0,0,131,129,0,0,0,0,0,0,0,0,357,0,18,7,0,0,0,0,0,0,38,0,0,0,0,0,0,4,1,50,0,0,0,4,0,21,1,0,1002,0,0,0,0,0,17,0,0,0,0,409,0,0,0,0,1,40,0,0,0,0,0,56,112,0,0,0,0,0,0,0,0,6,0,0,0,0,0,0,0,0,0,9,10,0,0,7,0,0,0,0,82,0,0,0,0,0,0,2,0,0,4,0,0,25,0,0,0,0,307,0,0,0,0,0,0,0,0,3,0,0,0,0,44,0,0,0,0,0,2,0,0,0,0,0,0,0,0,0,0,1,0,0,0,0,0,0,0,0,46,0,34,154,0,0,0,0,0,17,0,81,0,0,0,0,114,0,0,0,0,0,0,0,0,0,0,0,0,0,0,0,0,0,0,29,0,0,0,0,9,0,0,0,0,0,7,0,4,0,0,0,16,0,0,129,0,0,0,0,0,15,1296,0,2,453,0,0,0,0,0,0,42,0,13,0,0,92,0,12,0,0,339,0
"68",0,0,0,0,25,0,3,0,0,2,6,0,0,0,22,0,0,0,2,0,0,4,0,0,0,2,0,0,66,0,21,0,0,0,0,0,76,2,0,0,3,0,0,53,0,164,0,0,0,0,2,0,0,0,0,0,0,0,0,1,0,0,0,1,0,0,13,0,268,58,3,7,0,0,0,0,0,0,0,2,0,0,8,1,0,1,4,0,0,0,0,0,0,0,0,0,0,0,32,0,0,0,0,0,32,72,0,4,0,19,0,0,0,16,0,0,0,0,0,0,0,0,0,0,151,0,0,0,7,0,128,274,0,0,0,0,43,0,0,0,18,0,0,0,0,0,2,0,0,6,5,0,0,0,4,0,0,0,0,23,0,0,0,2,0,0,0,0,0,2,3,0,16,0,0,0,7,1,1,0,0,6,12,0,9,0,0,0,0,0,49,61,1,0,0,0,0,0,0,0,0,0,109,2,0,23,20,0,0,40,0,0,0,0,1,0,0,0,0,0,0,1,0,0,0,0,99,0,61,6,2,0,0,1,0,0,5,0,0,4,0,0,0,0,0,0,0,0,0,0,0,0,0,0,3,2,0,0,2,0,1,0,0,2,150,0,0,0,4,119,0,0,6996,0,0,2,0,0,6,1,0,0,169,0,0,28,0,36,0,0,0,0,0,14,11,0,23,0,0,13,0
"69",0,0,0,12,0,0,0,19,0,0,0,0,0,282,9,0,0,0,0,0,19,29,0,0,0,2320,0,0,13,6,121,0,2,0,0,0,14,1,0,0,0,0,0,46,1,77,0,1,0,0,0,0,0,0,32,0,0,1,0,52,0,21,0,3,0,0,401,0,1,49,0,0,0,4,0,0,0,0,0,58,0,1,28,0,0,3,0,0,0,54,150,0,14,0,0,0,0,0,94,0,0,0,0,0,0,0,0,633,0,0,0,2,0,60,0,0,0,1,43,3,0,0,33,1,34,0,186,0,0,0,21,198,1,0,0,1,8,0,0,0,1196,0,0,1,0,0,93,0,0,1,13,0,0,0,0,0,0,0,0,31,0,0,0,663,0,1,0,0,0,0,0,0,1,0,0,7,0,42,149,1,0,0,0,0,11,0,0,0,0,0,9,45,1,0,0,0,0,0,0,0,0,0,0,10,173,0,0,0,6,3,0,0,0,0,0,1,122,0,15,0,31,41,0,0,0,0,35,0,37,0,143,0,0,347,0,0,0,0,1,0,0,0,0,0,0,0,1,0,0,0,0,0,6,0,5,4,0,0,0,0,3,14,0,9,0,0,0,0,7,355,0,0,394,0,0,0,1,0,4,1302,4,0,100,0,0,0,0,0,0,11,0,0,0,0,75,0,9,0,0,0,0
"70",0,0,0,0,0,0,15,0,0,0,0,0,0,0,160,0,0,0,0,0,0,4,0,0,0,42,0,0,3,11,0,0,0,356,0,0,0,16,5,0,0,0,0,0,0,690,0,0,0,0,2,0,0,0,0,0,0,0,0,0,0,0,0,0,0,0,5,0,61,1,0,0,0,0,0,0,0,0,0,15,0,0,15,0,0,10,0,0,0,22,0,6,0,0,0,0,0,0,42,0,0,176,0,0,0,0,0,26,0,28,0,0,0,8,0,0,4,0,86,0,0,0,0,1,34,0,45,0,0,0,33,2,0,0,0,16,4,0,0,0,4,0,0,0,0,0,1,0,0,39,1,0,0,0,1,0,0,0,0,0,0,0,0,0,0,1,0,0,0,0,0,0,4068,0,0,0,0,0,57,0,0,0,0,0,0,0,0,0,0,0,0,7,0,0,0,0,0,0,0,0,0,0,0,0,0,2,0,0,3,12,0,0,0,0,0,0,13,0,0,0,0,0,0,0,0,0,0,0,98,0,68,0,0,0,0,0,0,0,0,0,0,0,0,0,0,0,0,0,0,0,0,0,0,0,0,0,0,0,0,0,0,0,0,0,35,0,0,0,0,778,0,0,143,0,0,0,0,0,0,1214,0,0,0,0,748,316,0,0,19,0,0,0,0,0,3,0,3,0,0,104,0
"71",0,0,0,0,0,0,1,0,0,0,3,0,1,4,7,0,0,1,0,0,0,20,0,0,0,2721,0,0,4,0,0,0,3,41,82,0,3,1,1,0,0,0,0,50,0,8,111,1,0,0,1,0,0,0,3,0,0,0,0,98,1,1,0,1,0,0,87,0,1,0,38,3,1,3,1,0,0,0,0,10,5,17,41,1,18,1,0,1,0,9,0,1,22,0,0,0,0,0,30,0,0,0,0,13,1,1,29,2369,0,0,0,1,0,3,4,0,0,0,83,0,0,0,0,1,22,0,69,69,0,1,12,95,0,0,0,1,30,0,0,0,10,0,0,0,0,0,8,0,1,0,25,52,0,0,1,0,0,0,13,1,0,0,0,270,0,0,0,0,1,0,0,0,0,0,0,0,4,3,2,1,0,0,2,0,13,0,0,0,0,1,0,5,0,0,153,0,0,0,0,191,0,0,0,588,0,7,3,0,0,2,0,0,3,0,7,0,37,157,8,0,70,12,12,0,0,66,0,0,195,3,54,1,1,225,0,0,1,0,1,4,0,0,1,0,0,0,1,0,0,0,26,1,3,0,2,34,2,1,1,0,1,0,4,5,222,0,0,0,0,7,0,0,81,0,12,0,0,0,1,636,0,0,121,0,0,0,0,0,2,3,0,0,1,0,0,0,15,0,0,14,0
"72",0,0,0,0,0,0,0,0,0,0,0,0,0,0,1,12,0,0,0,0,0,12,0,0,0,818,0,0,3,2,0,0,0,0,0,0,1,11,0,0,0,0,0,0,0,1,0,0,0,0,0,0,0,0,3,0,0,0,0,391,0,0,0,0,0,0,22,0,0,64,0,0,0,0,0,0,0,0,0,42,0,0,3,0,0,0,0,0,0,0,0,16,0,0,0,0,3,0,0,0,0,0,0,0,0,0,0,5794,0,0,0,0,0,0,0,0,0,0,22,0,0,0,0,1,5,0,0,0,0,0,0,44,0,0,0,0,0,0,0,0,11,0,0,0,0,0,15,0,0,0,0,0,0,4,0,0,0,0,0,0,0,0,0,1,0,0,0,0,0,0,0,1,0,0,0,0,0,25,0,0,0,0,0,0,8,0,0,0,0,0,0,1,0,0,0,0,0,0,0,0,0,0,0,0,0,20,0,0,79,1,0,0,0,0,0,0,0,0,550,0,21,21,0,0,0,0,0,0,0,0,0,0,0,115,0,0,0,0,0,4,0,0,0,0,1,0,0,0,0,0,0,0,0,0,8,1,3,0,32,0,0,0,0,4,43,0,0,0,0,519,0,0,278,0,0,0,0,0,0,1223,0,6,30,0,0,0,0,6,0,0,0,0,0,0,0,0,1,0,0,23,0
"73",0,0,0,0,0,0,0,0,0,0,0,0,0,0,56,0,1,0,0,1,0,8,0,10,0,0,0,0,10,0,0,0,0,119,0,0,75,0,0,0,0,0,0,0,0,1044,0,0,0,5,0,0,0,0,0,0,0,0,0,21,0,0,1,0,0,0,0,0,0,0,0,0,0,0,0,0,0,0,0,139,0,0,0,0,0,0,0,0,0,0,0,0,1258,0,179,8,0,0,0,0,0,23,0,0,0,0,0,0,0,0,0,0,0,21,0,0,0,0,0,13,1,0,0,4,627,0,0,0,0,0,0,6,0,0,0,0,6,4,0,0,269,0,0,0,0,0,25,0,0,0,0,0,0,0,0,0,0,0,366,0,0,0,0,0,0,0,0,0,0,0,0,0,0,0,0,0,0,0,0,0,0,0,0,0,0,0,0,0,0,0,0,150,1,0,0,0,0,0,0,0,0,0,0,0,0,130,0,0,0,0,0,0,0,0,0,0,155,0,410,0,0,0,0,0,0,0,0,0,0,0,0,0,0,539,0,0,0,6,0,0,0,0,0,0,0,0,0,1,0,0,0,0,0,0,0,29,0,0,0,35,0,0,27,6,0,3,0,0,0,3354,0,0,127,0,0,0,0,0,0,662,0,0,0,14,0,0,0,0,0,0,0,0,0,0,0,0,26,0,0,0,0
"74",0,0,0,0,0,0,0,0,0,0,0,0,0,293,104,0,0,0,0,0,0,7,0,0,0,1583,0,0,379,0,502,0,0,33,0,0,203,623,2,0,0,0,0,0,0,24,0,6,0,0,0,0,0,0,0,0,0,0,0,0,0,0,0,0,0,0,35,0,0,0,0,0,0,0,0,0,0,0,0,31,0,0,56,1,0,0,0,0,0,49,0,450,17,0,0,2,0,0,0,0,0,20,0,0,0,0,0,892,0,0,0,0,0,15,0,19,0,0,79,0,0,0,0,1,76,0,3,0,0,0,0,0,0,22,0,0,52,0,0,0,80,0,0,0,0,0,0,0,0,0,0,0,0,0,0,0,0,0,24,95,0,0,0,0,0,0,0,0,0,0,0,0,1,0,0,0,0,0,49,0,0,0,0,0,0,0,0,0,0,1,0,12,0,0,0,0,0,0,0,0,0,0,0,0,0,43,0,0,0,0,0,0,120,0,29,0,60,0,468,0,0,0,0,0,0,0,0,0,8,0,307,0,0,1095,0,0,0,0,0,0,0,0,0,0,0,0,0,28,0,0,0,0,0,0,0,0,0,0,8,0,0,0,0,1,0,0,0,0,0,176,413,79,125,1,0,0,0,0,84,144,0,0,73,0,0,0,0,0,300,3,0,0,0,0,0,0,7,0,0,150,0
"75",0,0,0,0,0,0,0,0,0,0,0,0,0,0,1113,25,0,0,0,0,0,10,0,0,0,2529,0,0,313,0,0,0,0,299,0,0,37,116,0,0,1,0,0,37,0,0,0,0,0,0,0,0,0,0,0,0,0,0,0,4,0,44,0,0,0,0,0,0,0,0,0,0,0,9,0,0,0,0,0,2,11,0,0,0,0,0,0,0,0,0,0,0,166,0,0,0,1,0,0,0,0,4,0,0,0,1,0,720,0,0,0,0,0,758,0,0,0,0,149,3,0,0,0,1,46,0,0,0,0,0,0,178,0,0,0,0,0,0,0,0,6,0,1,0,0,0,23,1,0,0,6,0,0,2,0,0,0,0,0,0,0,0,0,0,0,0,0,0,0,0,0,0,0,0,0,0,0,0,0,0,0,0,0,0,0,0,0,0,0,0,0,348,5,1,0,0,0,0,0,0,0,0,0,0,0,0,0,0,1,0,0,0,0,0,0,0,0,0,426,0,0,0,0,0,0,0,0,0,0,0,0,0,0,0,0,0,0,2,0,0,0,0,0,0,0,0,0,0,0,0,31,0,0,0,0,0,0,0,0,0,0,0,0,0,0,0,0,0,0,92,0,0,25,0,0,0,1,0,0,2170,0,0,161,0,0,0,0,0,0,0,0,0,0,0,27,0,1,0,0,19,25
"76",0,0,0,5,0,0,2,0,0,0,0,0,0,0,19,30,0,0,0,0,0,0,0,4,0,518,0,0,24,70,0,0,0,0,0,0,19,0,0,3,0,0,0,0,0,0,0,0,0,0,0,0,0,0,0,0,0,3,0,321,0,0,0,0,0,0,0,24,0,0,0,0,0,0,0,0,0,0,0,0,0,0,0,0,0,0,0,0,0,0,500,48,3,0,0,0,8,1,0,0,0,47,0,0,0,0,0,2842,0,0,0,0,0,0,0,0,0,0,317,4,0,0,0,1,34,0,213,0,0,0,0,0,0,0,0,0,3,0,0,0,31,0,0,0,0,0,0,0,0,0,0,0,111,0,1,0,0,0,0,0,0,0,0,0,0,0,0,0,0,0,3,0,1,0,0,0,0,0,131,0,0,0,0,0,0,0,0,0,0,0,0,62,2,0,0,1,0,0,0,0,0,0,0,0,0,0,0,0,0,3,0,0,0,0,0,0,75,0,863,0,0,0,0,0,0,0,0,0,0,0,0,0,0,160,20,0,0,0,0,0,0,0,0,0,0,0,366,0,0,0,0,0,0,0,0,33,9,0,0,0,0,0,0,0,0,0,0,0,0,450,0,0,163,0,2,0,0,0,0,188,0,2,664,0,1080,0,0,0,0,0,0,0,0,3,63,0,10,0,0,461,0
"77",0,0,0,0,0,0,82,0,0,0,0,0,0,0,3,0,0,0,0,0,0,0,0,0,0,165,0,0,2,0,0,0,0,0,0,0,2,0,0,0,0,0,0,0,0,295,0,0,0,0,0,0,0,0,0,6,0,3,0,0,0,93,0,0,0,0,0,0,0,37,0,0,0,0,0,0,0,0,0,946,0,0,0,0,30,1,39,0,0,0,0,49,20,0,0,0,0,0,0,0,0,0,0,0,48,0,7,607,0,0,0,0,0,0,0,0,0,0,78,0,0,0,0,1,103,0,0,0,0,0,0,0,0,0,0,0,1,0,0,0,2,0,0,0,0,0,0,0,0,0,24,0,0,0,0,0,0,0,0,0,0,0,0,0,0,0,0,0,0,0,0,0,1,0,0,0,0,0,565,0,0,11,0,0,0,0,12,0,0,0,0,74,0,0,0,0,0,0,0,0,0,0,0,0,0,21,0,0,0,0,0,0,0,0,73,0,0,0,3,8,36,141,0,0,0,38,0,0,0,0,165,0,0,525,0,0,0,0,0,0,0,0,0,0,0,0,0,0,0,0,6,0,37,0,0,0,0,0,0,0,0,0,0,0,0,0,0,0,0,14,0,0,4,0,0,0,9,0,0,5710,0,0,115,0,0,0,8,0,0,0,0,0,0,0,0,0,0,0,0,148,0
"78",0,0,0,0,0,0,0,4,0,0,0,0,0,300,30,0,1,0,0,0,58,15,0,0,0,359,0,0,44,0,0,0,0,11,0,0,0,195,0,0,3,0,0,0,0,345,0,0,0,0,0,0,0,0,0,4,0,0,0,0,3,130,0,0,0,0,12,0,0,0,0,0,0,0,0,0,0,0,0,91,0,0,0,0,0,0,0,0,0,40,0,40,7,0,0,1,32,0,0,0,0,4,0,0,9,0,0,562,0,0,0,0,0,184,0,0,0,0,51,5,0,0,0,1,130,0,0,0,0,0,8,139,0,0,0,0,1,0,0,0,12,0,2,0,0,0,24,1,0,0,9,0,1,23,0,0,12,0,0,0,18,0,0,0,0,0,0,0,0,0,3,0,2346,0,0,0,0,0,0,0,0,0,0,0,0,0,1,0,0,0,0,171,3,1,0,0,0,0,1,0,0,0,0,0,0,20,0,0,4,0,11,0,0,0,8,0,40,0,125,0,0,0,0,0,0,0,0,0,0,0,221,0,0,47,0,0,0,0,0,0,0,0,0,0,0,2,0,0,0,0,0,0,0,0,0,0,0,0,0,1,0,0,0,1,0,0,0,0,0,2127,0,0,75,0,0,0,57,0,0,2254,0,0,173,0,0,0,0,0,0,55,0,0,0,0,0,0,1,0,0,51,0
"79",0,2,0,0,7,4,0,0,0,1,0,0,0,0,5,0,0,4,0,0,52,38,0,4,0,1032,0,0,6,0,0,0,0,36,0,0,13,289,0,0,0,0,0,33,0,64,0,0,0,0,0,0,0,2,0,0,0,0,0,63,0,0,0,0,0,0,214,0,1,0,28,0,1,0,0,0,0,0,0,157,0,3,242,0,0,0,0,0,0,41,0,1,191,0,0,0,0,0,40,0,0,0,0,0,3,0,0,3497,0,37,0,0,0,0,0,0,0,1,250,0,0,0,0,1,96,0,3,0,0,0,14,374,0,1,0,0,0,0,0,0,8,0,0,0,0,0,29,0,0,1,20,0,67,0,0,0,0,0,0,31,0,0,0,0,0,1,0,0,0,0,8,0,3,0,0,5,0,70,205,0,0,0,0,0,0,0,0,0,0,1,17,0,1,0,0,0,0,0,0,0,0,0,1,488,0,13,0,0,0,4,0,0,0,0,0,0,57,11,0,0,242,54,0,0,0,0,0,0,82,0,111,0,0,65,0,0,0,0,0,0,0,0,0,0,0,0,0,10,0,0,0,0,37,0,10,1,3,0,0,0,14,0,0,3,1,0,0,0,3,312,0,0,19,0,1,0,0,0,23,1394,0,0,117,0,0,0,13,3,47,36,0,0,0,1,36,0,0,0,0,0,0
"80",0,0,0,0,0,0,1,44,0,0,0,0,0,0,43,0,0,0,0,0,0,11,0,0,0,7,0,0,47,80,43,0,0,0,0,0,100,0,1,0,0,0,0,0,0,231,0,0,0,0,0,0,0,0,0,0,0,0,0,101,0,0,1,0,0,0,338,0,8,133,16,0,0,0,0,0,0,0,0,247,0,0,0,0,0,0,0,0,0,25,4,11,31,0,0,0,0,0,1,0,0,0,0,4,3,13,0,2046,0,0,0,0,0,35,0,1,0,0,326,0,0,0,0,4,52,12,0,0,0,0,0,2021,0,3,0,0,0,0,0,0,1459,0,0,0,0,0,0,0,0,0,4,12,0,0,2,0,0,0,0,0,0,0,0,0,0,0,0,0,0,0,3,0,409,0,0,0,0,1,196,0,176,0,0,0,0,0,0,0,0,0,0,133,0,0,0,0,0,0,0,0,0,0,0,0,1,0,0,0,1,10,0,0,0,0,4,0,169,38,416,0,0,0,0,0,0,1,0,0,7,0,0,0,0,48,0,0,4,0,0,0,0,0,0,0,4,2,0,0,0,0,0,0,0,0,14,8,0,0,0,12,0,0,0,0,4,0,0,0,0,274,0,0,504,0,3,0,0,6,0,159,0,0,37,0,0,0,0,0,74,0,0,0,0,0,1,0,9,0,0,5,0
"81",0,0,0,0,0,0,21,0,0,0,0,0,1,0,15,0,1,0,0,0,36,77,0,6,0,3273,0,0,44,0,127,0,0,211,0,0,32,302,0,0,0,0,0,0,0,319,0,1,0,0,3,0,0,0,0,0,0,0,0,0,0,0,0,1,0,0,144,0,0,0,8,1,0,8,0,0,0,0,0,73,0,0,7,0,0,1,132,0,0,129,1,2,0,0,0,0,0,1,72,0,0,0,0,0,3,0,0,85,0,0,0,0,0,857,0,0,0,4,76,0,0,0,0,1,0,0,0,0,255,0,0,29,0,3,0,3,59,0,0,0,1,0,0,0,0,0,0,0,0,0,6,0,2,0,0,0,0,0,95,17,0,0,0,2,0,0,1,0,0,0,0,0,22,0,0,0,0,51,302,1,0,0,0,0,0,0,0,0,0,0,0,317,16,0,0,0,0,0,0,0,0,0,0,0,402,4,0,0,0,12,0,0,93,11,63,0,0,0,1,0,0,0,0,0,0,0,0,0,70,0,107,0,0,371,0,0,9,0,0,1,0,0,0,0,1,4,0,0,0,0,0,0,0,0,6,0,1,0,0,0,1,0,0,1,0,0,0,0,0,0,0,0,3,0,0,0,0,0,0,706,0,0,343,0,0,0,2,0,0,0,0,0,0,0,6,0,8,0,0,106,0
"82",0,0,0,0,0,0,20,0,0,0,2,0,0,0,0,0,0,0,0,0,0,0,1,0,0,0,0,0,0,12,0,0,0,0,0,0,10,0,0,0,0,0,0,0,0,278,0,0,0,0,0,0,0,0,6,0,0,0,0,0,0,0,2,0,0,0,0,0,0,0,0,0,0,0,0,150,0,0,0,0,0,0,438,0,0,0,0,1,0,0,0,13,0,0,0,32,0,0,0,0,0,50,0,1,0,0,6,2778,0,0,0,0,155,0,0,0,0,0,0,0,0,0,0,0,77,0,0,0,0,0,11,0,0,0,0,0,0,0,0,0,0,0,0,0,0,0,0,0,0,1,0,0,0,0,3,0,0,0,0,0,0,0,0,0,0,1,0,0,0,0,0,0,3515,0,0,0,0,0,0,0,0,0,0,0,3,0,0,0,0,0,0,0,0,0,0,0,0,0,0,0,0,0,0,3,252,0,0,0,0,9,0,0,0,0,0,0,0,0,0,0,0,0,0,0,1,0,0,0,0,0,0,0,0,0,9,0,0,0,0,7,0,0,0,0,0,0,0,0,0,0,0,0,0,0,0,0,0,0,0,0,0,0,0,0,1,0,0,0,96,0,0,0,125,0,0,0,0,0,0,1947,0,0,0,0,0,33,0,0,0,0,0,2,0,0,0,0,0,0,0,0,0
"83",0,0,0,0,0,0,0,81,0,0,0,0,2,558,313,0,27,26,0,0,0,35,0,8,0,852,0,0,0,51,39,0,0,101,0,0,98,321,4,0,0,0,0,0,0,0,0,0,0,0,0,0,0,0,24,0,1,5,0,0,8,0,0,6,0,0,60,82,0,0,50,3,0,5,0,0,0,0,0,76,0,0,0,0,0,6,120,0,0,54,0,0,0,0,0,0,0,0,42,0,0,0,0,0,0,0,0,0,0,0,0,0,0,56,0,0,0,0,0,0,0,0,0,1,116,0,0,0,0,0,31,1147,4,3,0,0,46,0,0,0,100,0,0,0,0,0,49,0,0,3,16,0,0,0,1,0,0,0,20,30,0,0,0,457,0,0,33,0,0,0,8,0,0,0,0,0,0,1,50,3,0,0,0,0,29,0,0,0,0,0,3,178,4,20,0,0,0,11,0,0,0,0,4,0,0,89,0,0,1,59,0,0,0,6,5,0,66,0,0,0,0,0,0,0,0,0,0,0,67,0,69,0,0,22,0,0,0,0,0,40,0,0,0,0,0,30,0,0,0,0,0,5,32,0,18,22,22,0,5,69,6,0,0,11,0,0,0,0,0,0,0,0,581,0,0,0,0,0,5,3160,0,0,284,6,0,0,0,100,13,15,0,0,0,0,4,0,81,0,0,0,0
"84",0,0,0,1,0,0,1,20,0,1,0,0,1,31,59,0,0,0,0,0,37,0,0,0,0,942,0,0,23,0,0,0,0,0,0,0,0,79,0,0,0,0,0,0,0,0,0,0,0,0,0,0,0,0,314,0,0,2,0,0,0,0,2,0,0,1,18,6,0,0,0,0,0,12,0,0,0,0,0,81,0,0,218,0,0,1,221,0,0,46,25,3,178,0,0,0,0,0,0,0,28,0,0,0,7,0,92,2760,0,0,0,0,0,62,0,0,0,1,384,0,0,0,0,1,0,0,0,0,0,122,33,0,0,0,0,0,259,0,0,0,0,0,0,0,0,0,0,1,0,5,24,0,0,0,1,0,9,0,0,0,0,0,0,246,0,0,0,0,0,265,0,0,0,0,0,0,0,0,0,0,0,0,0,0,0,0,0,0,0,1,0,0,0,0,134,0,0,5,0,0,0,0,0,41,0,20,0,0,0,16,0,0,0,0,0,0,0,27,77,0,0,112,0,0,5,0,110,0,0,0,0,1,1,297,0,3,0,0,2,0,0,0,151,40,0,28,0,1,0,0,0,0,0,0,12,240,66,0,0,0,0,24,0,0,0,0,0,0,88,0,0,0,146,0,0,0,1,5,0,1928,0,4,53,0,0,0,0,0,42,123,0,0,0,0,89,0,5,0,1,47,72
"85",0,0,0,18,0,0,42,0,0,0,0,0,0,0,23,0,0,0,0,0,0,0,0,8,0,3311,0,0,23,1,0,0,0,221,0,0,0,0,0,0,18,0,0,0,0,0,0,0,1,0,0,0,0,0,0,0,0,0,0,0,0,0,0,0,0,0,0,1,14,0,0,0,0,0,0,0,0,0,0,0,0,0,0,0,0,1,0,0,0,0,0,5,29,0,0,0,0,0,0,0,0,0,0,0,0,0,0,2858,0,0,0,0,0,0,0,0,0,0,0,8,0,0,0,0,39,21,0,0,0,0,0,0,0,0,0,0,26,0,0,0,0,0,0,0,0,858,0,0,0,0,0,0,0,0,0,0,0,0,0,0,0,0,0,0,0,0,0,0,0,0,5,0,0,2,0,14,0,0,0,0,0,0,0,0,0,0,0,0,0,0,0,0,0,0,0,0,0,0,0,0,0,0,0,0,0,0,0,0,0,9,0,0,0,0,0,0,0,0,33,0,0,0,0,0,0,0,0,0,205,0,0,0,0,0,0,0,0,0,0,0,0,0,0,0,0,14,2,0,0,0,0,0,0,0,0,0,0,0,0,0,0,0,0,3,0,0,0,0,0,24,0,0,563,0,0,0,0,0,0,965,0,0,444,0,0,0,0,6,0,0,0,0,0,0,0,0,1,0,0,0,0
"86",1,1,0,0,0,0,0,0,0,0,0,0,0,0,72,0,0,0,0,0,0,8,0,0,0,4380,0,0,15,1,1,0,0,0,0,0,0,0,3,0,0,0,0,0,0,11,0,0,0,1,0,0,0,1,1,0,0,0,0,0,3,0,0,0,0,0,127,0,0,0,3,0,0,0,0,0,0,0,0,6,0,0,0,0,0,0,0,0,0,0,0,0,26,0,0,153,0,0,0,0,0,129,0,0,0,0,0,435,0,0,0,0,0,0,0,0,0,0,126,0,0,0,0,0,347,0,0,0,0,0,1,0,0,0,0,0,928,0,0,0,704,0,0,0,0,0,0,0,0,0,0,0,0,0,0,0,0,0,0,35,0,0,0,0,0,0,0,0,0,0,0,0,0,0,0,0,1,7,0,0,0,0,0,0,0,0,0,152,0,0,0,93,18,0,0,0,0,0,0,0,0,0,0,0,0,0,1,0,2,0,8,0,0,0,0,0,0,0,264,0,0,0,0,0,0,0,42,201,36,0,0,0,0,1067,40,0,0,0,0,0,0,0,0,0,0,0,0,0,0,0,0,1,0,0,0,0,0,0,1,154,0,0,0,0,0,0,0,0,0,558,1,0,201,0,0,0,0,0,0,1,0,2,0,0,0,0,0,0,0,0,0,0,0,0,5,0,27,0,0,17,0
"87",0,0,0,0,0,0,1,0,0,0,3,1,0,333,19,0,0,0,0,0,16,34,0,0,0,811,0,0,16,0,1,0,0,83,0,0,11,61,0,0,0,0,0,56,0,66,149,0,0,0,0,0,0,0,0,0,0,0,0,119,0,0,0,0,4,75,193,0,0,9,21,0,0,77,0,0,0,0,0,44,0,3,15,0,722,0,11,0,0,2,0,42,0,0,0,0,0,0,45,0,0,0,0,0,35,0,1,592,0,0,0,0,0,110,0,0,0,0,40,0,0,0,0,1,7,0,0,3,4,0,0,51,0,1,0,0,0,0,0,0,24,0,0,0,0,0,8,1,0,0,1,0,0,17,0,0,0,0,38,193,0,0,0,157,0,0,0,0,0,0,4,0,0,0,0,0,0,35,123,1,0,0,9,0,6,0,0,0,0,0,0,17,1,0,0,0,0,0,0,0,222,0,0,58,0,15,0,0,0,1,0,1,0,0,4,0,108,14,0,0,32,0,0,0,0,0,0,0,113,0,76,0,0,97,0,0,0,0,0,0,0,0,0,0,2,12,0,0,0,0,0,7,4,1,48,1,0,0,0,0,4,0,0,1,0,0,0,0,0,4,0,0,107,0,0,0,0,0,3,4017,0,0,67,0,0,0,0,0,0,2,0,7,0,0,51,0,27,0,0,36,0
"88",0,0,0,0,0,0,0,0,0,0,0,0,0,0,44,1,0,0,0,0,1,24,0,1,0,1859,1,0,5,0,46,0,17,114,0,8,94,28,0,0,0,0,0,26,0,318,0,13,1,0,0,0,0,0,207,0,0,1,0,0,0,0,1,0,0,0,88,0,0,0,12,0,0,2,0,0,0,0,0,180,0,0,0,0,30,3,0,0,0,5,0,9,0,0,0,0,0,0,41,0,0,37,0,0,0,0,0,1178,0,0,0,368,0,194,0,0,0,17,255,0,0,0,0,6,114,0,0,0,0,0,90,188,0,0,0,0,11,6,0,0,34,0,0,0,0,0,0,3,0,0,20,20,1,0,1,0,1,3,0,99,0,0,0,0,0,0,0,0,0,6,0,0,0,0,0,0,0,13,144,6,0,0,0,0,16,0,4,0,268,0,0,100,3,3,0,1,0,60,0,0,0,0,0,0,281,20,7,0,1,1,0,0,20,0,16,0,0,0,12,0,28,0,0,0,0,0,0,0,161,0,192,0,0,202,0,0,0,0,0,266,0,0,0,8,0,0,15,0,0,0,17,1,0,0,0,4,1,0,13,373,14,30,0,10,0,0,0,0,0,179,6,0,547,0,1,0,0,0,2,1086,0,0,503,0,0,0,0,0,0,35,0,0,0,0,1,0,5,0,0,16,87
"89",0,0,0,0,0,0,1,0,0,0,0,0,0,6,7,0,0,0,0,0,0,100,0,0,0,1,13,0,15,0,10,0,0,58,0,0,1,485,2,0,0,0,0,179,0,388,605,4,0,0,0,0,0,0,125,0,0,0,0,12,0,52,0,0,0,0,18,0,0,0,12,0,0,158,0,517,0,0,0,143,10,6,21,0,0,0,1,0,0,158,0,1,4,0,0,0,0,0,137,0,0,0,0,0,5,0,0,364,0,0,0,0,0,72,1,0,0,0,95,0,0,0,0,37,151,0,0,0,0,0,303,276,0,0,0,0,1,0,0,0,6,0,0,0,213,0,0,0,4,3,34,23,0,0,1,0,0,0,0,39,0,0,0,1572,0,0,0,0,0,0,6,0,5,0,0,0,0,0,19,42,0,0,0,0,2,0,0,0,0,0,0,81,2,0,0,0,0,5,0,0,0,0,0,1,0,16,6,0,4,11,0,0,0,0,4,0,62,0,101,5,12,22,0,0,0,0,16,0,67,5,58,0,0,355,0,0,2,0,0,119,0,0,0,23,0,0,0,0,0,0,0,0,0,0,0,0,10,0,12,0,0,0,7,0,46,0,0,0,0,24,0,148,90,0,0,0,0,0,1,933,0,0,40,0,0,412,0,0,20,0,0,0,14,0,46,2,1,0,0,277,0
"90",0,0,0,0,0,0,0,0,0,0,0,0,0,0,0,0,0,0,0,0,0,0,2,8,6,5998,0,0,21,16,17,0,0,0,0,0,2,0,0,0,0,0,0,0,0,0,0,0,0,0,0,0,0,0,0,0,0,0,0,31,0,1,3,0,0,0,0,35,0,108,0,0,0,0,0,0,0,0,0,0,0,0,0,0,0,0,0,0,0,0,1,14,115,0,0,0,0,0,0,0,0,0,0,0,0,0,0,243,0,0,0,0,0,0,0,0,0,4,66,0,0,0,0,2,166,0,0,0,0,0,0,8,0,0,0,0,1,0,0,0,0,0,0,0,0,0,0,0,0,1,0,0,0,0,1,0,0,0,15,0,0,0,0,0,0,0,0,0,0,0,0,0,3,0,0,0,0,0,5,0,0,0,0,0,0,0,0,0,0,0,0,25,0,0,0,0,0,0,0,0,0,0,0,0,759,88,0,0,0,4,0,0,0,0,0,0,132,0,0,0,2,0,0,0,0,0,0,0,0,0,0,0,0,226,0,0,0,0,0,0,0,0,0,0,0,76,0,0,0,0,0,0,0,0,0,0,0,0,0,0,0,0,0,0,0,0,0,74,0,170,0,0,771,0,7,0,4,0,35,349,0,0,476,0,0,0,0,0,0,0,0,0,0,0,21,0,0,0,13,158,0
"91",1,1,0,0,0,0,1,0,0,0,1,0,0,0,0,0,1,0,0,0,0,11,0,2,0,1575,0,0,10,8,1654,0,0,12,0,0,4,36,0,0,0,0,0,0,0,0,0,6,0,0,0,0,0,4,32,1,0,0,1,0,0,0,0,2,0,0,36,0,21,0,0,0,7,0,0,0,1,0,0,21,0,0,37,0,0,1,0,0,0,12,0,30,0,0,0,1,0,0,0,0,0,0,0,0,0,0,0,2230,0,1,0,0,0,970,0,0,0,5,32,0,0,0,0,0,45,17,0,0,2,0,20,46,0,0,0,12,13,0,0,0,5,0,0,0,0,0,2,8,0,0,4,0,0,22,0,0,0,0,0,29,0,0,0,0,0,0,0,0,0,0,3,0,0,0,0,0,3,0,371,3,0,0,0,0,2,0,0,0,0,0,7,8,5,1,0,0,0,0,0,0,0,0,0,1274,0,4,1,0,0,2,0,0,0,0,4,1,0,0,43,0,0,20,0,1,0,0,0,0,113,0,0,0,0,467,0,0,6,0,0,34,0,0,0,0,2,8,0,0,0,0,0,6,0,0,22,5,0,0,19,1,5,0,0,1,0,0,0,0,1,11,0,4,21,3,0,0,0,0,0,55,1,1,114,0,0,0,0,0,0,4,0,0,0,0,52,0,1,0,0,54,0
"92",0,0,0,0,0,0,8,20,0,0,3,0,0,0,22,0,0,0,1,0,0,63,0,3,0,1374,0,0,8,1,252,1,0,164,0,0,5,0,0,0,0,0,0,0,0,219,0,6,0,0,0,0,0,0,0,1,0,0,0,10,0,0,1,0,0,0,10,0,0,0,726,0,0,0,0,0,1,0,0,271,9,0,4,0,0,2,1,0,5,388,0,7,4,0,0,0,0,0,0,0,0,6,0,2,0,0,0,2,0,0,0,0,0,108,16,1,0,0,7,0,0,0,0,1,147,0,0,0,0,0,0,0,0,0,0,0,188,0,0,5,4,0,0,0,0,0,18,0,0,0,16,0,0,4,0,0,0,0,12,0,16,0,0,0,0,0,0,0,0,0,5,0,1,0,0,0,5,208,52,0,0,0,0,0,7,0,0,0,0,0,1,57,0,0,0,0,0,0,0,0,0,0,0,29,0,5,0,0,1,2,0,0,0,0,22,0,19,16,0,0,11,9,0,95,0,0,0,0,169,0,506,0,0,433,0,0,3,0,0,4,0,0,0,0,0,7,0,0,0,0,0,0,46,1,13,1,0,0,15,0,2,0,0,0,6,0,0,0,0,39,0,0,6,0,3,0,0,0,0,3201,0,0,361,0,0,0,0,0,36,92,0,0,0,0,54,0,6,0,0,86,0
"93",0,0,0,0,0,0,1,16,1,0,0,0,0,33,1,0,1,1,0,0,49,20,0,0,1,28,0,0,1,0,70,0,0,46,0,24,0,197,0,0,0,0,0,203,0,355,0,1,0,0,0,2,0,0,0,0,0,0,0,6,0,42,0,0,0,1,7,0,3,167,39,0,0,0,16,0,0,0,0,67,0,0,107,0,488,0,0,1,0,64,1,0,1,0,0,0,0,0,603,0,0,1,0,0,7,0,123,128,0,0,3,94,0,0,0,0,0,12,14,0,0,0,0,0,425,0,65,0,2,0,75,152,0,0,0,17,0,0,0,0,1,0,0,0,0,0,6,0,0,0,73,0,0,0,0,0,0,0,0,47,0,0,0,646,0,0,0,0,0,0,1,0,0,0,0,0,0,25,52,0,0,4,0,0,13,4,0,0,0,0,0,183,1,0,0,0,0,0,0,0,17,3,0,8,1091,1,0,0,0,1,0,0,35,0,0,0,1,0,0,4,1,0,0,0,0,0,0,0,90,0,495,0,0,2,0,0,0,0,0,0,0,0,37,0,0,0,0,7,0,0,0,1,26,0,0,0,0,0,0,0,1,16,0,1,0,0,0,11,3,1,0,59,120,0,1,0,0,0,22,2377,0,0,351,1,0,0,2,1,18,74,38,0,0,0,56,0,3,0,0,32,0
"94",0,1,0,0,0,1,1,23,0,0,0,0,0,0,8,1,25,0,0,2,0,10,0,24,0,188,5,0,49,103,0,0,0,228,0,0,269,0,0,1,0,6,0,0,0,368,0,0,0,0,0,0,0,0,35,1,0,0,0,278,2,0,0,1,0,0,318,0,0,376,0,3,0,16,0,0,0,0,0,0,0,0,262,0,499,3,85,0,0,0,0,0,0,0,0,0,8,0,0,0,0,0,18,0,0,3,0,892,0,0,0,0,0,61,0,0,0,0,547,0,0,0,0,34,289,0,0,0,0,0,0,304,0,0,0,0,16,4,28,0,29,9,0,0,0,0,0,0,0,5,30,14,0,29,0,0,0,0,0,0,0,6,0,528,0,0,0,0,0,1,0,0,1,0,0,0,0,50,0,1,0,0,0,5,41,0,0,0,0,0,0,91,0,0,0,0,0,0,0,0,0,0,0,0,0,227,6,0,0,4,4,0,0,18,9,0,0,0,99,0,419,5,1,0,0,30,130,0,0,0,103,1,4,183,6,0,26,0,1,74,0,0,0,0,112,0,0,0,0,0,0,0,0,1,0,206,18,0,0,178,0,0,6,17,0,0,0,0,0,1,13,74,216,0,9,0,0,0,0,1466,0,0,580,0,0,0,0,1,0,68,0,0,0,0,0,0,8,0,0,38,0
"95",0,0,0,0,0,0,0,30,0,0,5,1,0,0,3,0,0,0,1,0,101,43,0,1,0,516,1,0,0,4,566,0,0,85,0,0,158,424,0,0,0,6,0,34,0,145,0,0,0,0,0,0,2,0,0,0,0,0,0,0,0,36,0,0,22,0,9,0,0,0,0,1,0,0,0,2,0,0,0,205,0,0,20,0,140,0,0,0,0,45,0,0,0,9,0,0,0,0,27,0,0,0,0,0,0,1,49,199,0,0,0,0,0,100,4,0,0,0,52,0,0,0,0,1,332,0,0,0,0,0,36,9,0,0,0,0,0,0,0,2,0,0,0,0,0,0,6,11,0,0,15,0,0,1,0,0,0,0,0,47,0,5,1,2939,0,0,0,0,0,0,0,0,1,0,0,0,0,31,56,0,0,0,0,0,6,0,0,0,0,0,0,134,0,0,139,0,0,4,0,0,0,0,0,995,0,4,4,0,0,1,0,0,21,0,18,0,0,71,27,0,9,17,0,0,0,0,26,0,0,0,196,0,0,152,7,0,0,0,0,4,0,0,0,0,0,0,0,0,1,0,0,5,0,0,64,0,25,0,0,40,0,0,22,0,1,0,0,0,0,59,0,66,16,0,0,0,0,1,0,1558,3,0,217,0,0,0,0,0,24,0,0,2,0,0,6,0,0,0,0,102,0
"96",0,0,1,0,36,1,0,0,0,0,7,0,0,0,0,26,33,1,0,0,0,182,0,73,0,738,3,0,97,13,74,0,0,75,0,0,0,502,0,0,0,6,0,0,0,921,0,1,0,0,0,0,1,0,0,1,0,0,0,301,4,0,0,19,0,0,11,0,0,0,0,1,1,110,0,0,1,0,0,516,0,1,18,0,0,1,4,2,0,90,8,82,0,0,0,0,11,0,0,0,0,22,0,0,0,0,0,132,0,62,0,0,0,114,1,1,0,0,6,0,0,0,0,0,472,0,0,0,2,0,31,7,0,4,0,0,16,0,0,0,3,0,0,0,0,0,1,14,1,0,7,0,0,1,1,0,19,0,10,45,0,0,0,0,0,0,4,0,0,8,3,0,0,0,6,0,1,0,18,1,0,0,0,0,29,0,0,0,0,0,0,529,0,0,0,0,0,3,0,316,0,0,275,1,0,48,1,0,0,22,7,0,0,0,67,2,0,0,8,0,0,0,0,0,0,0,0,0,0,12,0,1,0,69,0,0,1,0,1,9,0,0,0,0,2,26,0,0,0,0,0,7,17,0,18,17,12,0,6,89,0,0,0,2,0,0,0,0,62,1,0,0,77,0,0,0,0,0,0,2511,0,0,229,0,0,0,0,0,0,36,0,0,0,0,0,3,130,0,0,110,0
"97",0,0,0,0,0,0,1,0,0,0,0,0,0,0,0,0,0,0,0,0,0,0,0,4,0,1271,0,0,6,0,187,0,0,0,0,0,0,0,0,0,0,0,0,0,0,140,0,0,0,4,0,33,0,0,0,0,0,0,0,0,0,0,0,0,0,0,0,0,0,0,0,0,0,0,0,0,0,0,0,0,0,0,0,0,0,1,208,0,0,0,0,8,2,0,0,0,0,0,0,0,0,8,0,0,0,0,0,2944,0,0,0,0,0,0,0,2,0,0,0,0,0,0,0,0,35,0,0,0,2,0,28,0,0,0,0,0,0,0,0,0,40,0,0,0,0,0,0,0,0,0,0,0,54,39,0,0,0,0,0,22,0,0,0,0,0,0,0,0,0,0,0,0,22,0,0,0,0,0,0,0,0,0,0,0,0,0,0,0,0,0,0,64,0,0,0,0,0,0,0,0,0,0,0,0,0,192,0,0,1,0,5,0,0,0,0,0,0,0,11,0,0,0,0,0,0,0,0,0,0,0,0,0,0,82,0,0,0,0,1,0,0,0,0,0,3,0,0,0,0,0,0,0,0,0,0,0,0,0,0,78,0,0,0,0,1,0,0,0,0,6,0,0,21,1,0,0,0,0,0,4281,0,0,0,0,0,0,0,0,0,0,0,0,0,0,262,0,131,0,0,0,0
"98",0,0,0,0,0,0,103,0,0,0,40,0,3,0,63,0,0,0,15,0,0,7,12,16,0,1,0,0,155,32,0,0,0,37,0,0,5,714,0,11,0,0,92,0,0,0,0,0,0,0,0,0,0,0,0,1,0,4,0,0,0,0,0,0,0,0,0,3,0,0,59,0,0,0,0,284,0,0,0,146,0,3,501,0,49,7,1,0,0,0,0,81,89,0,0,0,0,0,0,0,0,0,0,0,0,0,0,1003,11,0,0,0,0,12,0,0,0,0,132,3,0,0,7,0,21,0,0,14,0,0,0,694,0,0,0,0,2,0,0,0,7,0,3,0,751,37,18,0,0,0,0,0,0,0,0,0,0,0,0,0,0,0,0,0,0,0,0,6,0,0,0,4,66,0,0,0,0,0,45,0,0,0,0,0,4,0,0,0,0,0,0,13,1,0,0,0,0,0,0,0,0,0,0,0,0,100,11,0,2,51,0,0,0,0,4,4,0,103,194,0,112,174,0,0,0,0,0,0,39,0,349,0,0,1085,0,0,0,0,0,7,0,0,0,42,0,0,0,0,0,0,0,0,74,0,0,0,5,0,0,0,0,0,0,24,0,5,0,0,0,547,0,0,320,0,0,0,0,0,11,632,0,1,371,0,0,0,0,0,0,15,0,0,0,0,0,0,3,0,0,46,0
"99",0,0,0,0,0,0,1,0,0,0,7,0,0,0,52,0,0,0,0,0,15,3,0,0,0,707,0,0,30,61,0,0,0,71,0,0,148,1,0,0,0,0,0,6,0,96,0,0,0,0,0,0,0,0,0,0,0,1,0,5,0,19,0,0,0,0,89,0,7,0,16,0,0,0,0,0,0,0,3,4,0,0,0,0,0,22,0,0,0,54,0,1,10,0,0,0,0,0,0,0,0,0,0,0,2,0,0,477,0,0,0,0,0,92,0,0,0,705,19,0,0,0,0,3,152,0,0,0,0,0,0,0,0,0,0,0,9,0,0,0,21,0,0,0,0,156,0,0,0,0,0,0,0,0,0,0,0,0,0,0,0,0,0,0,0,0,0,0,0,0,0,0,130,0,0,0,0,0,433,0,0,0,0,0,11,1,0,0,0,0,0,68,2,0,0,0,0,0,0,0,0,0,0,0,2,0,0,0,1,8,0,0,0,0,5,0,132,0,21,0,0,0,0,0,0,0,0,0,34,0,0,0,0,578,0,0,0,0,0,0,0,0,0,0,0,0,0,0,0,0,0,0,2,0,0,17,0,0,0,0,0,0,0,0,0,0,0,0,14,23,0,0,1332,0,0,0,11,0,46,3824,0,0,183,0,0,0,0,0,0,18,0,0,0,0,0,0,5,0,0,9,0
"100",0,0,0,0,9,1,0,1,0,0,0,0,0,2,870,0,0,1,0,0,1,6,0,0,0,2157,1,0,735,73,1862,0,0,165,0,0,304,148,0,0,0,0,0,1,1,2,0,2,0,0,1,0,0,0,0,0,0,0,0,13,10,1,0,22,0,3,5,0,9,0,2,0,0,1,0,0,0,1,0,2,0,1,0,0,6,0,0,0,0,18,0,486,143,0,0,7,0,0,5,0,0,0,0,0,0,0,4,1470,0,23,0,0,0,5,0,0,0,0,4,0,0,0,0,1,112,0,0,0,0,0,0,1,0,0,0,0,221,0,41,0,26,8,0,2,0,0,1,0,0,2,1,11,32,3,0,0,0,0,0,4,1,4,0,0,0,0,0,0,0,0,2,0,1,0,12,0,0,1,49,0,0,0,0,10,1,0,0,0,0,0,0,8,7,1,0,0,1,1,4,0,0,0,0,0,0,0,0,0,0,0,0,1,0,0,3,2,2,1,102,0,94,1,0,0,0,0,0,0,3,0,13,0,0,202,0,0,2,0,0,0,5,0,47,0,0,3,0,0,0,0,1,4,4,0,1,0,0,0,0,1,1,0,0,0,6,0,0,0,0,7,0,5,0,0,0,0,1,1,4,69,0,0,178,10,0,0,4,0,1,4,0,0,0,0,14,1,0,0,0,37,0
"101",0,0,0,0,0,0,0,0,0,0,0,0,0,0,10,0,0,0,0,0,189,56,0,0,0,2907,0,0,25,9,409,0,0,227,0,0,40,0,0,0,1,0,0,256,0,0,0,3,0,0,21,0,0,0,0,0,0,1,0,10,0,154,0,0,0,0,0,7,0,0,0,0,0,115,0,590,0,0,0,33,0,0,0,0,0,3,0,0,0,0,0,0,1,0,0,0,0,0,0,0,0,0,0,0,0,0,0,54,3,0,0,0,0,329,0,1,0,3,60,0,0,0,0,0,58,0,0,0,0,0,50,0,0,0,0,0,33,0,0,0,0,0,0,0,68,0,5,0,0,0,55,0,0,0,0,0,0,0,0,76,0,0,0,0,0,0,0,4,0,0,0,0,0,0,0,0,0,0,203,0,0,0,0,0,9,0,0,0,0,0,0,48,10,0,0,0,0,0,0,0,0,0,0,0,0,8,0,0,0,0,4,0,0,0,0,1,0,0,0,0,0,0,0,0,0,0,0,0,72,4,136,5,0,111,0,0,0,0,0,1,0,0,0,0,0,0,0,0,0,0,0,0,0,0,36,1,13,0,0,0,1,0,0,0,4,0,7,0,75,1,0,0,159,0,3,3,0,0,12,3131,0,0,182,0,0,0,0,1,0,11,0,0,0,0,36,0,0,0,0,0,0
"102",0,0,0,0,0,0,0,0,0,0,0,0,0,0,0,0,86,0,0,0,0,0,0,3,0,1782,0,0,38,49,782,0,0,168,0,0,0,0,0,0,0,0,0,0,0,22,0,0,0,0,0,0,0,0,0,0,0,0,0,0,0,0,0,0,0,0,29,0,0,98,0,0,0,0,0,0,0,0,0,0,0,0,0,0,0,4,0,0,0,0,0,77,0,0,0,0,0,0,0,0,0,23,0,0,0,0,0,979,0,0,0,0,0,0,0,0,0,0,69,0,0,0,0,0,393,0,0,0,0,0,0,0,0,3,0,0,6,0,0,0,91,0,0,0,0,0,0,0,0,0,0,0,0,0,0,0,0,0,0,0,0,0,0,0,0,0,0,0,0,0,0,0,0,0,0,0,0,0,0,0,0,0,0,0,0,0,0,0,0,0,0,362,4,0,0,0,0,0,0,0,0,0,0,0,0,0,0,0,11,3,0,0,0,0,0,0,0,0,102,0,0,0,0,0,0,0,0,0,0,0,0,0,0,122,0,0,0,0,0,48,0,0,0,0,1,0,0,0,0,0,0,0,0,0,0,5,17,0,0,0,0,0,0,0,0,0,0,0,0,455,0,0,1390,0,0,0,0,0,0,2657,0,0,0,0,0,0,0,0,0,0,0,0,0,0,206,0,12,0,0,83,0
"103",0,0,0,0,0,0,1,0,0,0,0,0,1,127,307,0,0,0,0,0,0,8,0,0,0,1695,0,0,7,0,143,0,0,78,0,0,53,1,0,1,0,0,0,149,0,70,0,0,0,0,0,0,0,0,0,0,0,0,0,16,0,27,0,0,0,0,3,0,0,0,6,0,0,0,0,0,0,0,0,5,3,0,0,0,14,0,0,0,0,44,0,0,10,0,0,0,0,0,27,0,0,65,0,0,1,0,201,85,0,0,0,31,0,161,0,0,0,3,92,0,0,0,0,1,1134,0,0,0,0,0,0,170,0,0,0,0,404,0,0,0,4,0,0,0,0,0,0,0,0,48,8,1,0,0,0,0,0,0,0,49,0,0,0,104,0,1,0,0,0,0,0,9,0,0,0,0,0,41,37,0,0,0,0,0,0,0,0,0,0,0,0,25,142,1,0,4,0,0,0,0,0,29,0,0,264,2,0,0,0,8,0,0,0,0,0,0,58,0,0,11,42,0,0,0,0,0,0,0,214,0,184,0,0,1283,15,0,1,0,0,0,0,0,0,0,0,0,0,1,0,0,167,0,12,0,17,22,1,0,0,0,0,18,0,0,9,0,0,0,189,342,0,0,163,0,0,0,0,3,26,567,0,0,162,0,0,0,0,0,1,0,0,0,0,0,235,0,0,0,0,6,0
"104",0,0,0,0,0,0,0,0,0,0,0,0,0,0,0,0,173,0,0,0,0,0,1,0,0,5407,0,0,11,23,23,0,0,0,0,0,215,0,0,0,0,0,0,0,0,0,0,0,0,3,0,0,1,1,0,0,13,0,0,1,0,0,0,0,0,0,0,0,0,0,0,0,1,0,0,1973,3,0,3,0,0,0,0,0,0,0,0,29,0,0,0,5,142,0,0,0,0,0,0,0,0,0,0,0,0,0,0,0,0,0,0,0,0,0,0,1,0,0,0,0,0,0,0,0,1698,0,0,0,0,0,0,0,0,1,119,0,808,0,0,0,0,0,0,0,0,0,13,0,0,0,0,0,0,5,0,0,0,1,0,0,0,0,0,0,0,0,0,0,0,0,0,0,0,0,35,0,0,0,0,0,0,0,0,0,0,0,0,0,0,0,0,0,0,0,0,0,0,0,0,0,0,12,0,0,0,0,1,2,0,1,0,0,0,0,0,0,0,0,0,0,73,0,0,0,0,0,0,0,0,0,0,0,0,0,0,0,0,3,4,0,0,0,0,0,0,0,0,0,0,0,0,0,0,0,0,0,0,0,0,0,0,0,0,0,0,0,0,0,0,160,0,0,0,0,0,0,0,0,0,0,0,4,0,0,0,0,2,0,0,4,0,0,0,0,0,0,0,0,0,0,0
"105",0,0,0,0,0,0,0,15,0,0,0,0,8,0,32,0,30,10,0,0,5,11,0,0,0,1923,0,0,7,5,0,0,0,56,0,0,2,0,0,0,0,0,0,0,0,0,0,0,0,0,0,0,0,0,36,0,0,0,0,3,0,0,1,0,0,0,223,0,0,0,9,0,0,3,0,0,0,0,0,0,0,0,0,0,0,33,479,0,0,8,0,131,71,0,0,26,0,0,0,0,0,0,0,0,0,0,10,1068,0,0,0,0,0,16,0,8,0,0,75,0,0,0,3,1,12,265,0,0,5,0,5,2,0,0,0,0,1,0,0,0,32,0,0,0,0,0,4,0,0,2,0,29,0,0,1,0,0,0,3,33,0,0,0,0,0,0,0,3,0,0,0,1,0,0,0,0,0,14,0,0,0,0,0,0,0,0,0,11,0,0,0,8,0,0,0,5,0,0,0,0,0,0,0,0,0,90,0,5,0,10,98,0,20,8,0,0,52,8,101,2,0,0,0,0,0,0,0,240,24,0,37,0,0,1885,0,0,0,0,0,38,0,0,0,13,0,29,0,0,0,0,0,0,0,0,0,56,12,0,6,250,0,0,0,3,0,0,0,0,0,107,0,27,44,1979,4,0,0,1,0,1,0,0,172,0,615,0,0,0,0,1,0,0,0,0,28,0,8,23,0,28,0
"106",0,0,0,0,0,0,18,0,0,0,0,0,3,0,3,0,86,0,0,16,0,73,0,0,0,2873,0,0,3,18,0,0,0,244,0,0,0,0,0,0,0,0,0,0,0,133,0,0,0,0,0,0,0,0,0,0,0,0,0,0,0,0,0,0,0,0,102,0,0,17,0,0,0,0,0,716,0,0,0,360,0,0,0,0,19,2,0,0,0,78,0,0,0,0,0,0,4,0,103,0,0,131,3,0,0,0,0,46,0,0,0,0,0,8,11,0,0,0,291,0,1,0,0,31,317,0,0,0,0,0,239,15,0,0,0,0,13,0,0,0,27,0,0,0,0,0,29,0,0,0,32,0,0,4,0,0,0,0,15,0,0,0,0,0,0,0,0,0,0,0,6,0,0,0,0,0,0,0,0,0,0,0,0,0,0,0,0,0,0,0,0,54,0,27,0,0,0,0,0,0,0,0,0,137,0,43,0,47,2,0,0,0,0,0,0,0,0,0,345,0,0,126,0,0,0,13,0,0,203,0,651,0,0,518,0,0,0,0,0,13,0,0,0,0,4,0,0,0,0,0,0,0,0,0,3,25,19,0,0,138,0,0,0,3,0,0,0,0,0,96,0,0,56,0,0,0,0,0,0,176,0,0,755,0,0,0,0,0,0,185,0,0,0,0,0,0,25,0,0,267,0
"107",0,11,0,0,0,0,2,0,0,0,0,0,1,1140,3,0,0,0,0,0,0,0,0,5,0,732,0,0,9,0,0,0,0,220,0,0,0,189,0,0,3,0,0,0,0,18,0,0,0,1,0,0,0,0,0,0,0,0,0,0,0,118,0,0,0,0,5,0,0,0,0,0,0,0,0,0,0,0,0,68,0,0,0,0,0,1,225,0,0,37,0,76,64,0,0,0,0,0,143,1,0,6,0,0,43,0,0,1,0,0,1,0,0,13,0,0,0,4,0,0,0,0,0,68,59,0,0,0,0,0,8,21,0,0,0,0,458,0,0,0,6,0,0,0,0,0,0,0,0,0,2,0,136,0,0,0,0,4,0,163,0,0,0,0,0,0,1,0,0,0,0,0,1,0,0,0,0,0,126,4,0,0,0,0,0,0,0,0,0,1,0,0,1,7,0,1,0,0,0,0,0,0,0,0,0,10,0,0,0,0,0,0,0,0,0,0,114,0,0,0,0,0,0,0,0,0,0,0,87,0,0,0,0,143,0,0,0,0,0,0,0,0,0,0,0,0,0,0,0,0,0,0,0,0,0,1,7,0,0,0,0,0,0,0,0,0,0,0,119,153,0,0,19,0,0,0,49,0,0,5340,0,0,66,0,0,3,0,1,0,0,0,0,0,0,39,0,6,0,0,18,0
"108",0,0,0,0,18,0,1,13,0,1,0,7,0,10,3,0,0,0,0,0,67,0,1,1,0,1180,2,0,80,0,0,0,0,13,0,0,0,47,0,0,0,0,0,18,0,1,0,3,0,0,0,0,0,0,0,0,0,2,1,370,0,159,1,0,4,1,57,0,0,0,18,0,0,45,0,0,0,0,0,121,0,0,0,0,44,0,0,0,4,43,0,15,15,0,0,72,0,1,28,0,0,9,0,0,1,1,81,1505,0,0,0,0,0,112,0,45,4,7,129,0,0,0,0,8,49,0,0,0,35,0,1,348,0,11,0,0,48,0,0,0,0,1,0,0,0,0,0,1,0,34,4,7,0,0,5,0,0,0,0,19,0,0,0,491,0,0,0,0,0,0,1,0,187,0,0,0,0,0,44,0,40,0,4,0,1,0,0,0,3,15,0,27,4,0,0,1,0,0,0,0,4,0,1610,1002,0,30,0,0,0,3,0,0,5,0,60,0,89,0,170,9,0,27,0,0,0,0,9,0,45,0,216,0,0,538,0,4,0,0,0,0,1,0,0,94,0,0,184,1,0,13,0,1,23,0,10,0,1,0,5,1,0,0,0,0,0,0,0,45,7,0,0,12,184,9,5,0,0,0,8,249,0,0,80,0,0,0,0,0,0,0,0,0,0,0,180,0,1,0,0,18,0
"109",0,0,0,0,0,0,38,0,0,0,0,0,1,1,1,0,0,0,0,0,0,15,0,3,2,1,0,0,20,0,614,0,0,299,0,57,302,418,0,0,0,0,0,0,1,2039,0,0,0,0,0,0,0,0,0,0,0,0,0,0,0,0,0,0,0,1,8,0,0,0,0,0,0,3,0,0,0,0,0,0,0,0,0,2,0,1,0,0,0,64,205,9,0,0,0,0,0,0,10,0,0,0,0,0,2,0,1,813,19,39,0,0,0,91,4,0,0,2,91,0,0,5,0,1,230,0,0,0,0,0,87,50,0,0,0,0,1,0,0,0,0,0,0,0,10,0,12,15,0,0,0,0,2,0,0,0,0,0,2,125,0,0,0,488,0,0,0,0,0,0,0,0,49,0,0,0,0,7,125,0,0,0,0,0,0,0,0,0,0,18,0,925,0,0,0,0,0,0,0,0,0,0,0,0,0,44,0,0,0,5,0,0,36,0,0,20,98,0,26,3,0,0,0,0,0,0,0,0,38,42,0,2,0,144,0,0,0,0,0,0,0,82,0,0,0,0,405,0,0,0,1,0,25,0,0,22,1,0,0,0,3,0,0,11,0,0,0,0,0,2,0,0,69,0,0,0,0,0,0,161,5,0,1377,0,0,0,0,0,15,0,0,0,0,10,7,0,0,16,0,45,0
"110",0,3,1,0,0,0,1,0,0,0,1,0,0,0,0,0,0,0,0,0,12,62,0,3,0,2626,0,0,8,2,72,0,0,56,0,0,6,30,0,0,0,0,0,0,0,178,0,1,0,0,1,0,0,0,5,1,0,0,0,32,1,16,0,0,0,0,56,0,1,128,0,0,0,12,2,0,0,0,0,4,0,3,58,0,0,3,0,0,0,18,2240,0,0,0,0,0,0,0,0,0,0,66,0,0,0,2,0,816,0,0,0,0,0,13,0,0,0,0,35,0,0,0,0,0,399,5,32,0,1,0,0,187,0,0,7,0,71,0,0,0,12,0,0,0,0,0,1,1,1,0,18,4,13,0,0,0,0,0,0,0,0,0,0,0,0,0,0,0,0,0,0,0,0,0,0,0,0,1,3,1,0,0,0,0,1,0,1,0,0,0,0,42,0,0,14,0,0,1,0,263,88,0,0,1,1,10,0,0,0,2,0,0,0,0,10,0,331,0,31,0,0,1,0,0,0,0,0,0,0,1,0,0,0,464,0,3,1,0,0,0,0,0,0,0,0,7,1,0,0,0,0,0,7,0,0,12,11,0,0,0,2,0,0,1,0,0,0,0,0,4,1,1,238,0,0,0,39,0,1,592,1,0,107,0,0,0,0,0,43,4,0,0,0,0,19,1,10,0,0,67,0
"111",0,0,0,17,0,0,68,0,0,0,0,0,0,0,2,0,0,0,0,0,0,0,0,0,0,190,0,0,2,0,0,0,0,0,0,0,0,0,0,0,0,0,0,0,14,58,0,0,0,0,0,0,0,0,0,0,0,0,0,76,0,0,0,0,0,0,0,0,0,0,0,0,0,0,0,0,0,0,0,0,0,0,67,0,0,0,0,0,0,0,0,0,4,0,0,0,10,0,0,0,0,26,0,0,0,0,0,1390,0,0,0,0,15,0,0,0,0,0,43,0,8,0,0,20,0,0,0,0,0,0,0,0,0,0,0,0,16,0,0,0,3,0,0,0,0,0,22,0,0,0,16,0,0,1,0,0,0,0,0,0,39,0,0,0,0,0,0,0,0,0,31,0,1,0,0,0,0,54,0,3,0,0,0,0,0,0,0,0,0,0,0,165,0,0,0,0,0,0,0,0,0,0,0,0,0,83,0,0,0,0,1,0,0,0,0,0,0,0,8,0,119,59,0,0,0,0,0,0,0,0,131,0,0,5164,0,0,0,0,0,0,0,0,0,0,7,0,0,0,0,0,0,0,0,0,0,0,0,0,0,0,1,0,0,0,1,0,0,0,0,13,0,0,8,0,0,0,0,0,0,2206,0,0,12,0,0,2,1,0,0,0,0,0,0,0,45,0,14,0,0,189,0
"112",0,1,0,0,0,0,0,0,0,0,0,0,0,0,5,0,0,0,0,0,0,1,0,13,0,1359,0,0,15,0,53,0,0,16,0,0,53,0,0,0,0,0,0,0,0,343,0,0,0,0,0,0,0,0,0,0,0,0,0,0,0,0,0,0,21,0,9,0,0,0,0,0,0,13,0,0,0,0,0,0,0,0,0,0,0,0,0,0,0,0,0,0,89,0,0,4,0,0,72,0,0,0,0,0,0,0,252,1047,0,0,0,0,0,17,0,0,0,0,0,0,0,0,0,1,627,0,0,0,0,0,223,420,0,0,0,0,0,0,0,0,10,0,0,0,0,0,3,0,0,6,21,0,5,0,0,0,0,0,0,0,0,0,0,0,0,0,0,0,0,0,0,0,0,0,0,0,0,0,0,0,0,0,0,0,0,0,0,0,0,3,0,108,3,0,0,0,0,0,0,0,0,0,0,0,0,9,0,0,1,162,0,0,0,0,0,0,0,0,358,0,0,0,0,0,0,0,0,0,41,0,0,0,0,268,0,0,0,0,0,0,0,0,0,0,0,0,332,0,0,0,0,0,0,0,1,0,0,0,0,0,0,0,0,4,0,0,0,0,0,5,0,71,1206,0,3,0,0,0,3,2782,0,0,32,0,0,0,0,9,49,0,0,0,0,0,22,0,49,0,0,17,0
"113",0,0,0,1,0,3,10,33,0,1,0,3,0,0,1,0,0,0,0,0,49,34,0,10,0,6,4,0,20,30,0,0,0,41,0,0,0,50,0,0,0,2,0,258,0,239,0,1,0,0,0,0,0,0,165,0,0,0,0,4,0,0,0,0,0,0,0,0,3,210,15,1,1,15,0,0,0,1,0,18,15,3,194,8,65,0,0,0,0,58,791,1,1,1,0,1,0,0,22,0,0,0,0,3,2,1,27,851,0,17,0,0,13,0,1,0,0,5,26,0,0,0,0,1,47,47,0,0,3,4,49,400,0,0,0,53,2,0,0,0,0,0,0,0,21,0,12,9,0,0,59,0,0,1,23,0,0,0,17,311,0,0,5,431,0,0,0,0,0,0,4,0,2,0,7,1,0,0,62,0,0,1,0,0,47,0,0,0,0,3,0,36,2,7,0,0,0,0,3,0,0,0,0,1,0,30,3,0,0,10,0,39,7,4,6,0,44,21,0,13,0,12,96,0,2,3,26,0,2,4,68,1,0,96,0,0,3,0,5,0,5,0,0,0,6,0,0,0,0,19,0,2,22,0,6,16,0,4,2,4,0,0,0,5,0,0,1,44,50,6,0,15,433,0,0,6,0,1,15,2844,0,0,326,0,0,0,87,0,6,44,99,0,1,0,16,3,4,0,0,0,0
"114",0,0,0,0,0,0,1,3,0,0,0,0,6,97,51,0,0,0,0,0,5,1,0,4,0,2430,0,2,8,19,0,0,0,33,0,0,24,35,1,0,0,0,120,1,0,6,0,0,0,0,7,0,0,0,1,0,0,0,0,0,0,6,0,0,0,0,133,1,0,0,17,0,0,5,0,0,0,1,0,11,0,0,24,0,18,969,730,1,0,1,9,40,8,0,0,0,0,0,1,0,0,4,0,0,3,0,1,2480,0,0,0,2,0,10,0,0,0,0,71,1,0,0,2,1,11,0,0,0,0,0,1,1,0,0,0,0,235,1,3,0,56,9,0,0,0,0,0,0,0,0,4,0,0,0,4,0,0,0,0,0,0,0,0,225,0,0,0,0,0,0,0,0,13,0,0,0,0,7,70,0,0,0,14,0,3,0,0,0,0,1,0,15,1,0,0,0,0,0,0,0,0,0,0,1,0,35,0,0,5,0,119,0,0,2,14,0,37,8,373,0,0,0,0,0,0,0,0,0,73,0,31,0,0,180,0,0,0,0,0,0,0,0,0,0,0,0,0,0,0,0,3,1,0,0,20,144,82,0,7,0,0,0,0,5,0,0,0,0,12,86,0,0,24,0,0,0,1,0,4,883,0,118,48,0,0,18,0,1,0,9,0,0,0,0,1,0,11,0,0,8,0
"115",0,0,0,0,0,0,1,3,1,0,0,0,0,367,4,0,0,0,0,0,33,36,6,1,0,1,0,0,3,0,27,0,0,220,0,44,5,28,0,0,0,0,0,10,0,319,0,0,0,0,0,0,0,0,14,0,0,0,0,64,0,13,0,0,17,0,0,0,0,156,11,0,0,22,0,0,0,0,0,0,0,0,3,0,263,0,3,0,0,182,0,1,0,0,0,0,0,0,46,0,0,0,0,0,42,0,6,875,0,0,0,3,10,1458,0,0,0,0,0,0,0,0,0,0,80,0,0,0,0,0,2,34,0,0,0,15,1,0,0,0,0,0,0,0,0,0,0,0,0,0,11,1,0,0,0,0,0,0,6,37,0,0,0,2,0,0,0,0,0,0,0,0,0,0,0,0,0,20,52,1,0,4,0,0,2,0,0,0,0,0,0,137,0,0,0,0,0,0,0,0,0,0,0,1,0,0,0,0,0,0,0,0,0,0,4,0,66,4,0,4,0,0,0,0,0,0,0,0,29,0,49,0,0,1006,0,5,0,0,0,0,0,0,57,0,0,0,0,0,0,0,54,1,1,0,0,0,0,0,2,53,0,0,0,0,0,0,3,2,0,50,0,2,46,0,0,0,0,0,3,3526,0,0,121,0,0,0,0,0,9,7,127,0,0,0,78,0,0,2,0,72,0
"116",0,0,0,0,0,0,1,0,0,0,0,0,0,0,73,0,5,0,0,4,0,0,0,12,0,0,0,0,22,40,1,0,0,0,0,0,1,9,0,0,0,0,0,0,0,0,0,0,0,0,0,0,0,0,0,0,0,5,0,0,0,0,0,0,0,0,0,0,12,97,0,0,0,1002,0,0,0,0,0,0,0,0,0,0,0,11,1,0,0,0,0,38,13,0,0,0,0,0,0,0,0,15,0,0,0,0,0,0,0,0,1,0,0,0,0,0,0,0,51,0,0,0,8,0,60,0,0,0,0,0,0,0,0,0,0,1,23,4,0,0,510,0,0,0,0,0,0,0,0,36,0,0,0,0,0,0,84,0,0,37,0,0,0,0,0,0,0,10,0,0,0,0,0,1,0,0,0,0,0,0,0,0,0,0,0,29,0,0,0,0,0,130,3,0,0,3,0,0,0,0,0,0,0,0,0,0,0,0,1,4,99,0,0,0,0,0,0,0,644,0,0,0,0,0,0,0,0,0,0,0,0,0,0,351,0,0,0,0,0,28,0,0,0,0,3,0,0,0,0,0,0,0,0,0,0,4,0,0,0,0,0,0,0,0,0,0,0,0,0,0,0,0,825,0,0,0,0,0,0,4952,0,105,0,0,0,0,0,0,0,0,0,0,0,0,169,0,25,0,0,0,0
"117",0,0,0,0,0,0,1,0,0,0,0,0,0,0,16,0,37,0,0,0,0,27,0,0,0,271,0,0,0,0,0,0,0,27,0,0,5,32,0,0,0,0,0,7,0,12,0,0,0,0,0,0,0,0,0,0,0,0,0,59,0,0,0,0,0,0,0,0,0,35,0,1,0,0,0,0,0,0,0,70,0,0,26,0,0,0,62,0,0,0,0,5,0,0,0,0,0,0,4,0,0,44,0,0,0,0,0,125,0,22,0,0,6,0,0,0,0,0,137,0,0,0,0,0,33,0,94,0,0,0,24,42,0,0,0,1,2,3,0,0,690,0,0,0,0,0,0,0,0,0,4,0,0,1,0,0,0,0,0,11,0,0,0,319,0,0,0,0,0,0,22,0,0,0,0,0,0,0,1,1,0,0,0,0,14,0,0,0,0,0,0,18,0,0,0,0,0,0,0,56,0,0,0,0,0,233,0,0,0,0,0,0,0,0,0,0,0,0,0,0,0,0,0,0,0,0,0,0,1,0,49,0,0,1454,0,0,0,0,0,113,0,0,81,0,29,89,0,0,0,0,0,0,0,0,0,0,159,0,0,3,0,0,0,0,11,0,0,0,44,4467,0,0,520,0,0,0,0,0,0,74,0,0,18,0,0,1,0,0,0,37,0,0,0,0,0,0,4,0,0,79,48
"118",0,0,0,0,0,0,0,88,0,0,0,0,0,0,7,0,14,1,0,0,0,0,0,1,0,658,0,0,0,0,76,0,0,0,0,0,13,509,0,0,0,0,0,0,0,0,0,0,0,0,0,0,0,0,0,0,0,0,0,551,0,0,0,0,0,0,436,0,5,0,82,0,0,0,0,0,0,0,0,340,0,0,0,0,0,1,2,0,0,47,0,0,43,0,0,4,0,0,0,0,0,0,0,0,0,0,0,867,0,29,0,0,0,0,0,8,0,1,185,7,0,0,1,3,21,0,0,0,0,0,0,0,0,0,0,0,9,0,0,0,682,0,0,0,0,0,0,0,0,0,0,0,0,31,0,0,24,0,0,0,0,0,0,0,0,0,0,0,0,0,6,1,1,0,0,0,0,0,28,0,0,0,0,0,0,0,0,0,0,0,0,358,0,0,0,0,0,0,0,0,0,1,0,0,0,321,0,5,0,0,9,0,0,0,22,0,0,0,614,0,0,0,0,0,0,1,0,0,0,0,0,0,0,34,0,0,0,0,0,0,0,0,0,0,4,1,0,0,0,0,0,0,0,0,0,13,15,0,0,15,0,0,0,18,0,0,0,0,0,3,0,0,5,0,0,0,0,1,4,2864,0,0,405,0,0,0,0,0,0,0,0,0,0,0,34,0,152,0,0,145,0
"119",0,0,0,0,0,0,1,0,0,0,13,1,0,135,7,0,0,0,0,0,13,26,0,17,1,530,0,3,28,0,31,1,0,117,0,0,0,603,0,0,0,0,0,60,1,53,0,1,0,0,0,0,0,5,0,3,0,0,4,7,0,0,0,0,0,4,35,11,0,0,0,0,0,13,0,0,0,0,0,18,0,12,0,0,111,0,0,0,0,211,25,13,54,0,0,0,0,0,63,0,0,0,0,0,5,0,0,2520,0,5,0,7,0,86,0,0,0,0,68,0,0,0,0,1,436,0,0,0,0,1,0,53,0,0,0,0,20,0,0,1,20,0,0,0,0,0,6,0,0,0,0,0,0,6,0,0,0,0,8,21,0,0,0,0,0,0,0,0,0,3,0,0,19,0,0,0,0,0,30,0,0,0,0,0,11,0,0,0,0,0,0,165,0,0,0,0,0,0,0,0,0,0,0,0,284,20,0,0,0,0,5,0,13,0,0,0,79,56,94,0,0,12,0,0,0,0,0,0,42,1,0,0,0,122,0,0,6,0,0,0,0,0,0,0,0,0,13,3,0,0,1,0,18,0,22,3,3,0,0,0,5,10,0,0,0,0,0,0,35,1,0,0,289,0,0,0,0,0,6,2509,1,35,507,0,0,0,0,0,3,44,0,0,0,0,261,0,0,5,0,115,0
"120",0,0,0,0,0,2,104,0,0,0,1,0,3,0,25,2,0,0,0,0,15,37,0,0,0,10,0,0,93,13,20,0,0,19,0,0,3,0,0,0,0,0,0,0,0,85,2,0,0,0,1,0,0,0,0,1,0,0,0,537,0,0,0,260,0,0,0,0,0,0,0,1,30,0,0,898,3,0,0,372,0,11,32,0,3,0,0,0,0,1,0,44,14,14,0,0,22,0,0,0,0,37,7,0,0,0,0,163,0,0,0,4,0,109,0,0,2,0,197,0,9,0,0,3,47,0,0,0,0,0,5,19,0,0,0,0,33,0,55,0,14,1,0,0,0,0,5,0,1,0,0,0,1,30,0,0,0,0,0,0,0,0,0,0,0,0,0,0,0,0,16,6,15,0,0,0,3,169,0,0,0,0,0,5,1,0,0,0,0,3,0,26,0,0,0,0,0,0,0,6,0,0,0,0,0,6,5,0,0,0,0,0,0,0,0,0,46,52,70,0,171,0,0,0,0,0,0,0,53,0,73,0,0,605,15,0,4,0,0,7,0,0,0,0,0,0,1,0,0,0,0,0,0,0,13,3,1,0,0,0,0,0,0,6,343,0,0,0,104,165,52,0,499,0,0,0,0,0,1,1664,0,2597,61,0,0,0,18,0,0,14,0,7,0,0,13,0,12,0,0,24,0
"121",0,0,0,0,0,0,0,0,0,0,1,0,0,0,35,0,0,0,0,0,169,30,0,0,0,15,0,0,30,0,0,0,0,0,0,0,0,1,0,0,0,0,239,230,0,703,0,0,3,0,0,0,0,0,19,1,0,0,0,11,0,0,0,0,0,0,0,0,0,0,14,0,0,14,0,0,0,0,0,54,0,1,47,0,0,0,1,0,0,203,0,1,321,0,0,0,0,0,0,1,0,0,0,0,2,0,20,906,0,19,0,0,0,50,0,0,0,0,39,1,0,0,0,7,967,0,0,0,0,0,18,0,0,6,5,0,23,0,0,0,0,3,4,0,136,0,0,2,0,0,8,0,3,1,1,0,1,0,0,0,0,0,0,0,0,0,0,0,0,0,0,0,0,0,0,0,4,0,23,0,0,0,0,0,0,0,3,0,0,0,0,169,0,0,0,0,0,0,0,0,492,0,0,1,0,0,1,0,0,0,0,0,0,0,0,0,0,5,84,0,0,1,0,0,0,55,0,0,0,0,102,0,0,109,0,0,0,0,0,0,0,0,0,27,0,1,0,0,0,0,0,1,0,0,0,0,0,0,0,169,0,0,0,0,0,0,1,0,119,12,0,0,335,0,0,0,0,0,0,3516,0,2,43,0,0,0,0,0,0,10,0,0,0,0,225,7,19,65,0,16,0
"122",4,0,0,0,0,0,1,20,0,0,0,1,0,0,16,0,0,0,0,0,0,86,0,4,0,633,0,0,0,57,428,0,0,67,0,0,11,113,0,0,0,0,0,69,0,289,0,0,0,0,0,0,0,0,0,0,0,0,0,0,0,0,0,0,0,0,117,0,0,253,0,0,0,0,0,0,0,0,0,20,0,0,94,0,0,0,1,0,0,0,0,9,0,0,0,0,0,0,24,0,0,0,0,0,24,0,0,135,0,25,0,0,89,338,3,0,0,0,240,8,0,0,0,0,0,0,0,0,0,0,0,41,0,0,0,1,15,0,0,0,8,0,0,0,0,0,0,0,0,0,8,0,0,12,0,0,0,0,0,60,0,0,0,358,0,0,0,0,0,0,6,0,0,0,13,0,0,0,218,0,0,0,0,0,11,0,0,0,0,0,5,79,0,0,0,0,0,4,0,0,0,0,0,0,0,6,0,0,1,0,0,0,0,0,0,8,20,0,0,0,0,80,0,0,0,0,0,0,0,30,0,0,0,128,0,0,46,0,0,0,0,0,0,0,1,9,0,0,0,0,0,0,0,0,4,4,6,3,0,0,0,0,0,4,0,0,1,0,161,83,0,0,2406,0,0,3,0,0,1,2338,0,0,599,0,0,0,0,0,23,0,0,0,0,0,4,7,5,0,0,173,0
"123",1,1,0,0,0,0,38,0,0,0,0,0,0,0,16,36,1,0,0,0,0,17,0,0,0,5008,0,11,0,56,0,0,0,121,0,0,0,195,0,0,0,0,0,225,0,109,0,0,0,0,8,0,0,0,11,0,0,0,0,0,0,0,0,8,0,0,21,0,0,36,56,0,0,0,0,0,0,1,0,1,0,0,0,0,0,68,9,0,0,0,0,10,0,0,0,0,0,0,44,0,0,0,0,0,0,0,0,70,0,0,0,10,0,34,0,0,0,0,98,0,0,0,0,52,0,0,0,0,3,0,3,0,0,0,0,0,94,0,1,0,4,0,0,0,0,0,10,0,0,0,0,7,0,0,1,0,0,0,0,90,0,0,0,325,0,0,0,0,0,0,7,0,0,0,0,0,0,281,0,0,0,0,0,0,0,0,0,0,0,0,8,137,0,1,0,0,0,0,0,0,0,0,0,3,0,31,4,9,0,0,0,0,0,7,0,1,129,38,0,0,0,0,0,0,0,1,0,0,36,0,0,0,0,254,0,0,16,0,0,23,0,0,0,0,3,1,0,0,0,0,0,7,0,0,84,17,0,0,13,15,9,0,0,3,0,0,0,0,0,179,0,0,265,0,0,0,0,0,81,1568,0,0,0,0,0,0,0,0,0,5,0,0,0,0,48,0,5,0,0,0,0
"124",33,0,7,105,0,0,3,0,0,0,0,0,0,0,6,1,5,4,0,0,0,13,0,6,0,1632,0,0,2,31,905,0,0,45,0,0,9,0,0,0,0,0,0,0,0,0,0,19,0,0,0,0,1,3,0,0,0,3,0,453,0,0,4,3,0,0,634,1,0,0,0,0,0,0,0,0,4,0,0,180,0,0,472,0,0,20,0,0,5,0,0,19,1,0,0,0,0,0,0,0,13,2,0,0,0,0,0,232,0,0,5,0,3,31,0,1,0,2,324,1,0,0,0,0,0,0,0,0,0,0,0,0,0,3,0,0,1,0,0,6,4,0,1,4,0,0,48,0,0,0,16,0,2,12,0,0,2,0,0,0,0,0,0,0,0,0,0,0,1,21,35,1,0,19,15,0,0,0,0,0,0,0,0,1,55,0,0,0,0,0,48,30,0,8,0,0,0,4,0,0,0,0,0,1853,0,14,0,1,0,1,0,0,0,0,0,1,119,0,82,0,17,108,0,21,1,17,0,1,0,0,0,0,0,69,0,0,50,0,0,20,0,0,0,0,3,59,0,1,0,0,0,0,0,1,77,15,2,0,0,0,10,0,0,5,143,0,18,0,0,155,0,0,67,11,0,0,0,0,0,181,0,42,126,4,0,0,0,0,319,0,0,0,0,0,1,8,1,0,0,211,18
"125",0,0,0,0,0,0,111,0,0,0,0,0,0,99,15,0,0,0,0,0,0,0,0,4,0,1587,0,0,7,19,520,0,0,0,0,0,16,0,0,1,0,0,0,0,0,0,0,0,0,0,0,0,0,0,0,0,0,0,0,18,0,0,2,0,0,4,47,0,0,0,0,0,0,12,0,0,0,0,0,0,0,0,0,0,76,1,0,0,1,200,15,6,0,0,0,0,0,0,0,0,0,0,0,0,21,0,7,977,0,0,0,0,0,99,0,0,1,0,0,10,0,0,0,9,0,0,0,0,0,132,0,25,0,0,0,0,164,0,0,0,0,0,0,0,0,0,0,0,0,6,0,0,0,0,1,0,0,0,0,0,0,0,0,314,0,0,0,0,0,0,10,0,20,0,0,0,0,1,0,0,0,0,0,4,0,0,0,0,0,0,0,96,0,0,0,0,0,0,0,0,0,0,0,0,0,0,0,0,8,1,0,0,0,7,0,0,0,0,0,0,0,22,0,0,1,0,0,0,107,0,0,0,0,1605,0,0,0,0,0,0,0,0,0,0,0,0,0,0,0,0,152,0,0,0,0,5,0,0,7,0,0,0,0,0,3,0,0,0,0,202,0,0,344,131,1,0,0,1,0,2904,0,0,0,0,0,0,0,0,0,0,0,0,0,0,73,0,0,0,0,70,0
"126",144,0,0,0,0,0,0,0,0,0,0,0,0,0,113,0,0,0,0,0,0,0,0,0,0,0,0,0,0,0,0,0,0,1205,0,0,0,147,0,0,3,0,0,0,0,0,0,0,0,0,0,0,0,0,26,0,0,0,0,0,0,0,0,0,0,0,0,0,22,0,0,0,0,0,0,0,0,0,0,0,0,0,785,4,0,0,0,0,0,0,0,0,0,0,0,17,0,0,0,0,0,0,0,0,6,0,0,3208,0,17,0,0,0,0,0,1,12,0,0,9,0,0,0,0,0,0,0,0,0,0,44,0,230,0,0,31,0,0,0,0,32,0,0,0,0,0,0,0,0,0,0,0,0,0,0,0,0,0,0,88,0,0,0,0,0,2,0,0,0,0,0,0,0,0,0,9,0,0,0,0,0,0,0,0,0,0,0,0,0,6,0,0,0,0,0,0,0,0,0,0,0,0,0,0,0,11,0,0,0,0,0,0,0,0,0,0,179,0,0,0,0,0,0,0,0,0,0,0,0,0,0,0,0,0,0,0,0,0,0,0,11,0,0,0,0,0,52,0,0,0,0,0,41,0,25,0,0,0,0,0,0,0,0,0,0,0,0,0,12,695,0,0,2036,0,0,0,0,0,7,0,0,0,0,0,0,0,0,0,0,0,0,0,0,0,0,0,0,0,0,0,0
"127",0,0,0,0,0,0,0,59,1,0,0,0,0,0,26,3,3,0,0,4,0,30,0,4,0,1796,0,0,1,32,527,0,0,356,0,0,11,199,0,0,0,1,0,0,0,0,0,0,0,0,0,0,0,0,0,1,0,0,0,119,0,1,0,0,0,0,89,0,0,0,0,0,0,6,0,93,0,0,0,0,0,0,54,0,0,0,0,0,0,21,0,4,93,0,0,12,0,0,0,0,0,0,0,0,0,8,0,1549,0,0,0,0,0,0,0,0,0,0,158,0,0,10,0,0,106,0,0,0,0,0,0,4,0,0,0,0,37,0,0,0,1088,0,0,0,0,0,20,0,0,4,19,0,0,12,0,0,20,0,0,0,0,0,0,0,0,0,0,0,0,45,0,1,1,0,0,0,0,0,0,0,0,0,0,0,0,0,0,0,0,0,0,96,1,0,0,3,0,0,0,0,0,0,0,167,0,163,0,0,0,1,0,0,0,0,8,0,0,8,329,0,0,0,0,0,0,0,0,0,0,0,82,0,0,516,9,0,0,0,2,0,0,0,0,0,0,0,0,0,0,0,0,0,3,0,11,0,54,0,13,17,0,0,0,0,0,0,0,0,0,24,0,0,0,4,0,0,0,0,1,2038,0,0,146,0,0,0,0,0,19,0,0,0,0,0,0,0,0,0,0,64,0
"128",0,0,3,0,0,0,1,0,1389,1,0,0,0,0,20,0,0,0,0,0,0,20,0,15,0,967,0,0,15,10,661,0,0,130,0,0,0,0,0,0,0,0,0,48,0,398,0,0,0,0,0,0,0,0,0,8,0,0,0,0,0,0,0,0,0,0,186,0,0,76,0,0,0,29,0,0,0,0,4,510,0,0,0,0,14,0,171,0,0,18,0,22,0,0,0,0,0,0,0,5,0,0,0,0,16,0,158,657,0,0,0,0,0,315,0,0,0,1,48,0,1,0,0,0,35,29,0,0,0,0,48,68,0,0,0,0,5,0,0,0,0,0,1,0,397,0,8,1,0,0,15,0,0,8,0,0,0,0,0,0,0,0,0,1819,0,0,0,1,0,0,4,0,0,0,1,0,0,0,428,0,0,0,0,0,0,0,0,0,0,0,0,62,0,0,0,0,0,0,0,0,0,0,0,0,0,114,0,0,0,0,0,0,7,0,0,0,86,0,12,3,0,0,0,0,0,0,0,0,0,0,215,0,0,69,0,0,0,3,0,0,12,0,0,0,0,0,0,15,0,4,0,6,20,0,0,0,0,0,5,225,0,0,0,0,0,0,0,0,0,19,0,8,77,0,0,0,2,2,4,190,0,0,330,0,0,0,0,0,0,5,0,0,0,0,8,0,7,0,0,48,0
"129",0,0,0,0,0,0,0,0,0,0,0,0,0,0,48,0,82,0,0,0,22,43,0,0,0,2902,0,0,87,15,0,0,0,75,0,0,0,0,0,0,0,0,0,0,0,192,0,0,0,0,0,0,0,7,0,0,0,0,0,146,0,0,0,0,0,1,58,0,0,0,0,0,0,0,0,0,0,0,0,112,0,13,61,0,0,2,0,0,0,0,0,0,7,0,0,0,15,0,0,0,0,0,0,0,8,0,0,1072,0,1,0,0,0,0,0,0,0,0,43,0,0,0,0,2,159,2,0,0,0,0,0,218,0,0,0,0,0,0,0,5,55,0,0,0,0,0,17,0,0,0,37,0,0,0,0,0,0,0,0,0,0,0,0,0,0,0,0,0,0,0,29,0,15,0,0,0,0,0,0,0,0,0,0,0,7,0,0,0,0,0,11,74,0,0,0,0,0,0,5,0,0,0,0,0,0,568,0,0,0,0,0,0,0,0,0,1,0,20,68,0,29,0,0,0,0,0,0,0,0,0,130,0,0,909,0,0,0,0,0,180,0,0,0,0,1,0,0,0,0,0,0,0,0,0,44,9,26,0,0,0,10,0,0,4,0,0,0,0,0,9,0,0,211,0,0,0,0,4,0,1389,1,0,151,0,0,0,0,0,1,0,0,0,0,0,0,0,11,0,0,129,0
"130",0,0,0,0,0,0,8,149,0,0,0,0,0,0,78,0,0,0,0,0,0,0,0,21,0,1,0,0,49,6,935,0,0,0,0,0,0,0,0,0,0,0,0,0,0,0,0,0,0,0,0,0,0,0,0,0,5,0,0,0,0,0,5,0,0,0,172,0,0,34,0,0,0,0,0,638,0,0,0,0,0,0,45,0,0,1,32,0,0,63,0,24,40,0,0,1,0,0,0,0,0,0,42,0,0,0,0,91,0,0,0,0,0,91,0,1,0,0,95,6,0,0,0,2,38,0,0,0,0,0,0,0,0,0,1,0,55,0,0,0,2,0,0,0,0,0,2,0,0,0,2,0,0,0,4,0,0,0,0,0,0,0,0,0,0,0,0,0,0,18,0,0,14,0,0,0,0,0,211,0,0,0,0,0,0,0,0,0,0,0,0,125,1,1,0,14,0,0,0,0,0,0,0,2,839,5,0,0,2,6,18,0,0,0,0,2,138,0,349,0,55,18,0,0,0,0,0,0,241,0,0,0,0,282,0,0,0,0,0,1,0,0,0,0,2,29,0,0,0,0,0,0,0,0,0,0,6,0,0,0,0,0,0,3,0,0,0,0,0,10,0,0,15,0,38,0,0,0,0,5476,0,0,0,0,0,0,0,0,0,0,0,0,0,0,0,0,20,0,0,37,0
"131",0,0,0,2,0,0,0,0,0,0,0,0,1,206,42,0,0,0,0,0,0,0,0,0,0,2699,0,0,0,0,0,0,0,0,0,0,0,0,14,1,0,0,228,0,15,0,0,0,5,0,0,1,0,0,0,0,0,1,0,0,0,1,2,0,6,0,315,0,0,116,0,0,0,0,0,27,0,0,0,0,0,0,0,0,0,0,0,0,6,0,0,0,0,0,0,0,0,1,0,15,0,3,0,0,0,0,0,0,0,0,0,0,18,0,0,0,0,0,479,0,0,0,4,5,0,0,9,0,0,0,0,321,0,0,0,0,5,0,0,0,137,0,0,0,0,0,0,0,0,1,0,0,1,0,1,0,0,3,251,0,0,0,0,0,0,0,0,12,0,0,0,0,1,0,0,0,0,33,0,0,0,0,0,0,0,0,0,0,0,0,0,0,0,0,0,1,0,0,0,0,779,0,0,0,0,697,0,0,0,3,0,0,0,0,0,0,892,0,0,0,961,0,0,0,1,0,0,0,0,0,215,0,0,893,0,0,0,0,0,0,0,0,0,0,0,0,0,0,0,0,0,0,0,0,0,14,12,0,0,0,0,0,0,0,0,0,0,0,0,3,0,0,147,0,0,0,0,0,22,0,0,9,0,0,7,0,0,0,0,0,0,0,0,0,80,0,20,0,2,0,0
"132",0,3,0,0,0,0,0,20,0,0,0,1,0,0,66,0,0,0,0,0,31,22,0,0,0,4368,0,0,28,0,1,0,1,0,0,0,0,0,0,0,0,0,0,67,0,15,0,0,0,1,0,0,0,0,0,0,0,0,0,0,0,0,0,0,0,0,0,0,0,0,0,0,0,29,0,0,0,0,0,0,0,0,0,0,0,8,372,0,0,15,0,0,0,0,0,0,0,0,11,0,0,0,3,17,0,0,5,0,0,0,22,0,0,61,0,0,0,1,15,0,2,0,0,21,116,0,0,0,0,0,31,17,0,0,0,0,34,0,0,0,0,0,0,0,102,0,3,5,0,0,9,0,0,0,0,0,0,0,0,0,0,0,0,0,0,0,0,0,0,0,0,0,0,0,0,0,0,0,0,0,0,0,0,0,0,0,0,8,0,0,0,38,1,0,1,0,0,0,1,0,0,0,0,0,0,44,3,0,0,0,17,0,0,15,0,0,0,0,0,0,0,0,0,0,0,14,0,0,75,0,74,5,0,1570,0,0,0,0,0,179,0,0,0,0,0,31,0,0,0,0,0,0,0,0,0,133,0,0,0,30,6,0,0,0,0,2,0,0,10,43,27,0,255,0,8,0,0,0,0,1840,2,0,0,0,0,0,0,6,0,14,0,0,0,0,3,0,0,0,0,37,0
"133",0,0,0,0,0,0,0,0,0,0,0,0,0,65,133,0,0,0,0,0,0,12,0,0,0,1511,0,16,0,0,0,0,3,0,0,0,0,0,0,0,3,0,0,0,0,0,0,0,0,0,0,0,0,0,0,0,0,0,0,0,0,0,0,0,0,0,0,0,0,0,0,0,0,0,0,0,0,0,0,106,0,0,0,0,0,0,8,0,0,0,0,0,15,0,0,0,18,0,0,0,0,184,0,0,0,0,0,1397,0,0,0,0,0,28,0,0,0,0,165,0,0,0,63,4,210,0,0,0,0,0,0,0,0,0,0,0,0,0,0,0,1206,0,0,0,318,0,0,0,0,0,0,0,0,47,0,0,0,0,0,0,0,0,0,0,0,1,0,0,0,0,0,0,0,0,0,0,0,0,0,0,0,0,0,0,0,0,0,0,0,0,0,17,3,0,0,0,0,0,0,0,0,0,0,0,0,19,24,0,8,0,0,0,0,0,0,0,181,0,780,0,0,0,0,0,0,0,0,0,84,0,0,0,0,56,0,0,0,0,0,90,0,0,0,0,0,0,0,0,0,0,0,0,0,0,0,0,50,0,0,0,0,0,70,0,0,0,0,0,0,999,0,0,1696,0,0,0,0,0,5,0,0,1,46,0,0,0,0,9,0,0,0,0,0,0,0,0,6,0,0,0,0
"134",0,0,0,0,0,0,1,27,0,0,13,0,0,188,0,0,0,0,0,0,125,45,0,0,0,1366,0,0,45,0,46,0,0,8,0,0,1,23,0,0,0,0,0,67,0,238,0,0,0,0,0,0,0,0,0,0,0,0,0,39,0,1,0,0,0,0,417,0,5,0,19,0,0,10,0,0,0,0,0,21,0,7,56,1,46,0,0,0,0,30,1,0,0,1,0,0,0,0,6,0,0,0,0,0,0,0,125,852,0,0,0,0,0,28,0,0,0,0,635,0,0,0,0,0,43,0,0,0,0,23,0,50,0,1,0,1,77,0,0,0,0,0,0,0,0,0,0,0,0,0,79,0,0,0,0,0,0,0,9,23,0,0,0,1,0,0,0,0,0,0,0,0,1,0,0,0,0,170,29,0,0,0,0,0,0,0,0,0,0,0,0,7,0,0,0,0,0,0,0,0,0,0,0,0,0,0,0,0,0,0,0,0,0,0,3,0,254,58,0,0,0,0,0,0,0,0,0,0,49,0,60,0,0,2,0,0,0,0,0,0,0,0,0,0,0,0,0,0,0,0,262,0,0,0,0,0,0,0,0,0,0,18,0,0,0,0,0,0,0,185,0,0,353,0,0,0,0,0,1,3230,1,0,104,0,0,0,0,0,3,9,0,0,0,0,1,0,0,15,0,84,0
"135",0,0,0,0,0,0,0,0,0,0,0,0,1,0,963,0,26,1,0,0,0,6,0,1,0,2526,0,0,12,7,1,0,0,11,0,0,0,1,0,0,0,0,0,0,0,1,0,0,0,0,0,0,0,0,0,0,0,0,0,0,0,0,0,0,0,0,31,0,0,0,4,0,0,0,0,0,0,0,0,1,0,0,0,0,0,14,33,0,0,27,0,26,0,0,0,0,0,0,1,0,0,0,0,0,0,0,1,1337,0,20,0,0,0,0,0,0,0,0,70,0,0,0,0,3,0,0,0,0,0,0,1,6,1,0,0,0,0,0,0,0,527,0,0,0,0,0,1,0,0,0,0,0,0,0,0,0,0,0,0,1,0,0,0,1,0,0,0,0,0,0,3,6,0,0,0,0,0,1,1,0,0,0,0,5,0,0,0,0,0,0,0,20,1,0,0,0,0,0,0,0,0,0,0,0,0,35,1,0,1,1,0,0,0,0,1,0,19,1,0,0,1,0,0,0,0,0,0,0,0,0,1,0,0,287,0,0,0,0,0,4,0,0,0,0,6,0,0,0,0,0,0,1,0,0,0,183,6,0,0,4,0,0,0,0,0,0,0,0,0,740,0,0,2476,1,0,0,0,0,0,205,0,0,16,0,0,0,0,1,1,0,0,0,0,0,11,0,115,0,0,34,0
"136",0,5,0,0,0,0,0,0,0,0,3,0,0,182,412,0,1,1,0,0,0,57,0,0,0,5,1,0,0,38,119,0,0,101,3,0,3,209,1,0,0,0,0,0,0,185,0,0,0,0,0,0,0,0,0,0,0,0,0,0,0,0,0,0,1,0,29,0,0,0,23,0,0,0,0,0,0,0,0,41,0,0,192,0,0,137,1,0,0,153,665,0,0,0,0,0,0,0,157,0,1,0,0,2,0,0,0,120,0,0,0,12,0,18,0,0,0,0,60,0,0,0,0,50,187,24,0,0,0,0,26,3,0,0,0,1,0,0,0,0,2,12,0,0,208,0,0,0,0,0,3,2,0,0,1,0,0,0,130,19,0,0,0,0,0,0,0,0,0,0,0,0,14,0,0,0,0,102,48,0,0,0,0,0,0,0,0,0,0,0,0,15,0,0,0,0,0,0,0,0,0,0,0,0,0,32,0,0,4,147,0,0,0,0,4,0,0,178,0,0,131,0,0,0,0,0,0,0,60,0,22,0,3,1088,0,0,0,0,0,26,0,0,0,0,3,0,0,0,0,0,0,0,0,0,0,14,12,0,0,11,0,0,5,2,0,1,0,1061,0,170,0,3,1030,0,0,0,0,0,0,1268,0,0,198,0,0,0,0,0,0,12,0,1,0,0,104,0,8,0,0,0,32
"137",0,35,0,0,0,0,1,0,0,0,0,0,0,1,28,0,0,1,1,0,9,164,0,4,0,483,0,0,59,66,363,0,0,216,0,0,120,358,0,0,0,0,0,38,0,224,0,5,0,0,0,0,1,0,0,0,1,0,0,20,0,4,0,4,0,0,134,0,0,0,15,3,0,1,0,0,0,0,0,42,1,0,407,0,35,48,23,0,0,59,0,119,0,0,0,24,0,0,57,0,0,0,0,0,1,0,50,13,0,0,0,0,0,9,2,0,0,0,309,0,0,0,0,1,86,0,0,0,247,0,0,21,0,1,0,0,13,1,38,0,5,0,0,0,0,0,28,0,0,14,4,14,0,12,1,0,0,0,0,98,0,0,0,2,0,0,1,0,0,0,5,0,0,0,0,0,0,340,506,1,0,0,0,0,39,0,0,0,0,0,1,41,2,0,0,0,0,0,0,6,0,0,0,1331,0,70,0,0,0,25,0,0,0,0,22,0,38,125,15,0,87,21,0,0,0,0,0,0,78,21,61,0,0,152,0,0,1,0,0,6,0,0,0,0,0,0,0,0,0,0,0,7,27,1,12,46,38,0,8,0,1,0,0,9,0,0,0,0,0,260,0,59,21,15,0,0,0,3,52,590,1,1,363,0,0,1,0,1,49,0,0,0,0,0,126,1,3,0,0,275,0
"138",0,0,0,0,0,0,8,22,1,0,0,3,0,0,9,0,0,7,0,0,5,66,0,3,0,609,0,0,3,0,4,0,5,39,0,0,1,119,0,0,1,0,0,55,0,2,0,6,0,0,11,0,0,0,35,0,0,0,0,362,15,8,0,0,0,1,83,1,0,0,34,0,0,9,0,0,0,0,0,84,0,0,2,0,78,0,3,1,0,28,0,2,80,5,0,6,0,0,4,0,0,0,0,1,3,0,30,2635,0,0,0,0,0,210,0,0,0,0,111,17,0,0,0,1,22,0,0,0,8,33,3,1,0,1,1,23,348,0,0,0,460,0,0,0,0,0,0,0,0,5,9,2,0,0,0,1,0,0,0,1,0,0,0,1,0,0,0,1,0,0,0,1,1,0,0,0,0,59,0,3,9,1,3,0,0,0,0,0,59,0,0,85,1,0,0,1,0,0,0,0,0,0,0,0,1,16,0,0,2,3,0,38,0,0,2,0,40,83,61,3,0,0,0,17,0,0,0,0,73,0,101,0,0,57,0,0,5,0,0,0,0,0,1,0,0,0,0,1,0,15,12,6,22,0,10,0,0,2,6,59,0,0,0,0,0,0,0,0,0,231,0,7,0,0,0,0,65,1,1,2610,0,4,152,0,0,0,0,1,0,51,0,0,0,0,15,1,0,3,0,9,3
"139",0,1,0,0,0,0,15,0,0,0,0,0,2,4,398,0,0,0,0,0,0,0,1,4,0,1094,0,0,28,0,0,0,0,92,0,0,0,150,1,0,2,0,0,0,0,0,0,3,0,0,6,0,0,0,0,0,0,0,0,0,0,63,9,0,0,0,64,0,3,0,0,1,1,1,0,761,0,0,0,14,0,1,0,0,10,4,0,0,0,5,0,1290,201,0,0,0,0,0,0,0,0,103,0,1,0,0,1,0,0,0,0,13,0,0,0,0,0,1,121,3,0,0,0,0,95,0,0,0,0,0,0,1,0,0,0,6,3,0,0,0,14,0,0,0,0,0,0,0,0,0,1,0,0,0,1,0,0,0,0,0,0,0,0,0,0,0,0,0,0,7,0,0,50,0,0,0,0,0,0,0,0,0,0,0,0,0,0,0,0,0,0,0,1,0,161,16,0,4,0,0,0,0,0,0,0,7,5,0,0,49,0,0,81,0,0,1,14,5,0,3,0,0,41,0,0,0,0,9,0,0,0,1,0,327,0,7,0,0,0,101,0,0,103,0,0,0,0,0,0,0,0,4,0,0,0,0,0,11,0,0,0,0,0,0,0,0,0,85,14,3630,0,0,341,0,0,0,0,1,0,49,0,0,145,0,40,24,0,0,19,0,0,0,0,51,1,0,1,0,1,22,0
"140",0,0,0,0,5,0,0,0,0,0,0,0,0,0,1,0,0,0,0,0,0,0,0,1,0,3351,0,0,1,1,1,0,0,0,0,0,20,0,0,0,0,0,0,0,0,53,0,0,0,0,1,0,0,2,0,0,0,0,0,1,0,0,3,0,0,0,0,0,0,13,0,1,0,0,0,0,0,0,0,1,0,0,6,0,0,0,100,0,0,0,0,3,4,0,0,95,0,0,0,0,0,22,0,0,0,0,0,258,0,0,0,0,0,0,0,6,0,0,13,0,0,0,0,23,406,0,0,0,0,0,0,0,0,0,1,0,29,0,0,0,5,0,0,0,0,0,0,0,0,0,6,0,0,4,1,0,0,0,0,0,1,0,0,0,0,0,0,0,0,0,6,0,0,0,8,0,2,0,0,0,0,0,0,0,7,0,0,0,0,0,1,0,1,0,0,0,0,0,0,0,0,0,0,152,0,6,1,0,0,1,0,0,0,0,0,1,32,0,1,0,1,1,0,0,0,0,0,0,0,0,0,1,0,1883,0,0,1,0,0,0,0,0,0,0,1,4,0,0,0,0,0,0,0,0,0,7,0,0,0,5,0,0,0,0,0,0,0,0,1,75,0,0,226,0,0,0,0,0,0,3070,0,0,0,0,0,35,0,0,0,0,0,0,0,0,0,0,0,0,0,15,0
"141",0,0,0,0,0,0,1,0,0,0,3,8,1,0,170,0,8,1,0,0,6,8,0,0,0,2397,0,0,1,4,40,0,0,68,0,24,13,1,0,0,0,0,0,0,0,46,0,1,0,0,0,0,0,0,0,0,0,0,0,0,0,25,0,0,0,0,24,0,0,0,28,0,0,9,0,2,0,0,0,17,0,14,0,0,0,0,0,0,0,27,0,4,360,0,7,0,0,0,14,0,0,0,0,0,6,0,0,1248,0,0,0,0,0,112,0,3,0,4,126,0,0,0,0,1,161,0,0,0,3,0,3,45,1,0,0,0,3,0,0,0,0,0,0,0,0,0,10,0,0,1,3,3,3,0,0,0,0,0,49,49,0,0,0,0,0,0,0,3,0,7,0,0,58,0,1,0,0,10,185,4,0,0,0,0,6,5,9,0,0,0,0,52,0,8,1,0,0,0,0,0,0,4,0,441,0,4,0,0,0,1,0,0,0,0,7,0,0,7,0,0,0,0,0,0,0,0,11,0,73,4,363,0,0,639,0,0,5,0,7,0,0,0,63,0,0,0,0,0,2,0,82,1,0,0,4,41,0,0,1,56,7,0,0,0,0,0,0,0,0,0,0,1,251,10,0,0,0,0,2,2666,0,0,124,0,0,0,0,0,16,0,1,1,0,0,81,50,0,0,0,27,0
"142",0,0,2,0,0,0,4,0,0,0,0,0,0,0,54,0,0,0,0,0,7,0,0,0,0,4643,0,0,71,0,861,0,0,118,2,0,18,0,0,0,1,0,0,57,0,0,0,0,0,0,0,0,0,0,0,0,0,1,0,0,0,1,0,0,0,6,0,0,0,0,0,0,0,2,0,0,0,0,0,0,1,0,0,0,5,0,0,0,0,39,0,26,11,0,0,0,0,0,0,0,0,3,13,1,1,0,29,384,0,0,0,0,0,119,0,0,0,0,0,1,0,0,0,3,170,0,0,0,0,39,0,60,0,1,1,0,685,0,0,0,0,0,0,0,0,0,0,0,0,0,10,0,0,0,1,0,0,0,28,71,0,0,0,0,0,0,0,0,0,53,0,0,0,0,0,0,0,0,0,0,0,0,0,0,0,0,1,0,4,0,0,0,1,0,3,12,0,0,0,0,0,0,0,0,0,0,0,0,0,0,0,0,0,0,0,0,28,9,0,1,0,0,8,0,0,0,0,0,3,0,129,0,0,614,0,0,8,0,0,0,0,0,1,0,0,0,0,1,0,0,14,0,4,33,0,0,0,1,20,0,0,0,0,0,1,0,0,0,6,92,65,0,0,0,29,0,0,0,57,1190,0,0,0,0,0,0,0,0,0,13,0,0,0,0,0,0,0,0,0,149,0
"143",0,0,0,0,0,0,1,0,190,0,0,0,1,0,24,0,0,1,1,0,249,26,0,0,0,1373,1,0,78,16,0,0,0,40,0,0,3,44,0,0,0,11,0,74,0,3,0,7,0,0,1,39,0,0,55,1,0,0,0,502,4,31,0,0,0,8,19,0,0,3,30,1,0,125,0,0,0,0,0,28,0,17,4,0,52,1,0,0,0,68,0,82,0,0,0,0,9,0,17,0,0,0,0,1,6,10,217,183,0,0,0,0,0,139,0,0,4,0,73,0,0,0,0,1,22,123,0,0,3,0,10,349,0,0,0,0,12,0,0,0,0,0,0,0,221,0,4,24,0,2,1,15,3,0,1,0,0,0,8,95,0,0,0,0,0,0,0,0,3,116,0,0,1,0,0,0,0,12,0,4,100,0,0,1,1,0,0,0,9,0,0,45,0,0,0,0,0,0,0,0,0,0,0,2,0,79,14,7,0,21,0,2,7,15,10,0,0,174,1027,6,43,2,0,0,0,26,0,0,103,0,450,1,1,103,0,0,5,0,0,3,0,0,0,2,0,0,0,0,0,4,4,11,8,0,0,5,21,0,19,20,0,0,0,0,9,1,0,0,0,3,2,86,141,0,0,0,0,4,0,1581,0,0,104,0,0,0,0,0,0,9,0,0,17,0,25,0,1,18,0,49,98
"144",0,0,1,0,0,0,0,0,0,0,0,0,0,237,30,1,4,0,0,0,0,84,0,0,0,2952,0,0,11,0,192,0,0,106,0,0,5,70,0,0,0,0,0,0,0,589,0,0,0,0,0,0,0,0,0,0,0,0,0,0,0,0,0,0,0,0,0,0,0,0,0,1,0,0,0,0,0,0,0,193,0,0,0,0,18,0,0,0,0,39,0,4,0,0,0,0,5,0,49,0,0,10,0,0,0,0,0,550,0,201,0,0,0,92,0,0,0,0,244,0,0,0,11,0,62,0,0,0,0,0,33,237,0,0,9,0,72,0,0,0,8,0,1,0,0,0,28,0,0,0,11,0,0,0,1,0,0,0,188,61,0,0,0,1,0,0,0,0,0,0,1,0,1,0,49,0,0,0,585,0,0,0,0,0,0,0,1,0,0,0,0,155,0,0,0,0,0,0,0,178,0,0,0,96,0,18,0,0,1,0,0,0,24,0,1,0,239,0,69,0,0,0,0,0,0,0,0,0,36,3,109,0,0,465,0,0,0,0,0,0,0,0,0,0,3,39,0,0,0,0,0,4,0,0,6,0,12,0,14,0,0,0,0,3,0,0,0,0,0,0,0,20,268,0,0,0,0,0,1,1221,0,9,201,0,0,0,0,0,162,17,0,0,0,0,0,0,4,0,0,154,7
"145",0,4,0,0,0,0,4,0,0,0,0,0,0,0,0,0,0,0,0,0,0,1,0,0,0,3151,0,0,14,0,0,0,0,0,0,0,0,1,0,0,0,0,0,0,0,0,0,0,0,0,0,0,0,0,1,0,0,0,0,0,0,0,0,0,0,0,0,0,3,0,0,0,0,10,0,0,0,0,0,0,0,0,0,0,0,75,0,0,0,0,0,0,0,0,0,0,8,0,0,0,0,0,0,0,0,0,0,0,0,0,0,0,0,0,0,0,0,0,0,0,0,0,0,0,41,0,0,0,0,0,3,91,0,0,0,1,0,0,0,0,34,0,0,0,0,0,0,0,0,0,0,0,0,0,2,0,0,3,0,20,0,0,0,0,0,0,0,0,0,0,0,0,0,0,0,0,0,0,0,0,0,0,0,0,0,0,0,0,0,0,0,0,1,0,0,0,0,0,0,0,0,0,0,0,0,13,0,0,0,0,0,0,0,0,0,0,0,0,1,0,0,0,0,0,0,0,0,0,0,0,6,0,0,4290,0,0,0,0,0,0,0,0,0,0,0,0,0,0,0,0,0,0,0,0,0,6,0,0,0,0,0,0,0,0,0,0,0,0,0,1647,0,0,0,2,0,0,0,0,0,0,0,7,0,0,0,0,0,5,0,0,0,0,0,0,14,0,0,0,0,0,0
"146",0,0,0,0,0,0,1,0,0,0,0,0,0,164,14,0,0,0,0,0,64,21,0,3,0,1745,0,0,4,0,0,0,0,71,0,0,0,0,0,0,0,0,0,57,0,8,0,0,3,0,0,0,0,0,0,0,0,0,0,5,0,0,0,0,0,0,34,1,0,0,404,0,0,279,0,0,0,0,0,0,0,0,57,0,308,0,80,0,0,100,0,1,0,0,0,1,0,0,0,0,0,0,0,0,4,0,69,86,0,0,0,0,0,10,0,0,0,0,50,1,0,0,0,0,335,0,0,0,0,0,0,520,0,1,0,0,15,0,0,0,2,0,0,0,0,0,13,0,0,0,12,0,0,0,9,0,0,0,0,36,0,0,0,0,0,0,0,0,0,0,0,0,0,0,0,0,0,0,3,0,0,0,0,0,0,0,0,0,0,0,0,27,1,0,0,0,0,0,0,0,154,0,0,0,0,18,1,0,0,7,0,0,0,0,0,0,91,0,79,0,0,0,0,0,0,0,0,0,206,0,218,0,0,1581,0,0,0,0,0,1,0,0,0,0,0,0,0,0,0,0,188,0,0,0,0,0,0,0,0,0,1,0,0,0,0,0,0,0,0,1,0,105,132,0,1,0,0,0,0,1779,0,0,213,0,0,0,0,24,0,0,0,0,0,0,92,0,5,0,0,58,0
"147",0,0,0,0,0,0,1,1,0,0,0,0,0,0,35,0,0,5,0,0,1,5,0,4,0,2506,0,0,28,0,443,0,0,25,0,0,6,1,1,0,0,0,0,8,0,130,0,0,0,0,0,0,1,0,0,0,0,0,0,4,1,1,0,0,0,0,47,0,0,0,8,0,0,1,0,0,0,3,0,17,0,1,28,0,4,0,0,0,0,87,0,4,50,0,0,30,0,0,9,0,0,0,0,0,0,0,3,1241,0,31,0,0,0,264,0,10,0,0,43,0,7,0,0,3,286,0,0,0,0,0,4,79,0,3,0,0,104,1,0,0,14,0,0,0,0,0,8,0,0,1,14,1,0,1,0,0,0,0,0,5,0,0,0,259,0,1,0,0,0,0,7,0,1,0,0,0,0,1,68,0,0,0,0,0,1,0,0,0,0,0,1,75,0,0,0,0,0,0,0,0,0,0,0,93,0,18,0,0,3,3,0,0,0,0,1,0,134,1,2,0,1,15,0,0,0,0,0,0,30,0,5,0,0,1230,0,0,1,0,0,0,0,0,0,0,0,0,0,0,0,0,18,1,3,0,3,0,0,0,1,8,1,0,0,4,1,0,0,0,0,147,0,0,1932,11,0,0,0,0,1,476,0,0,58,3,0,0,0,0,5,1,0,0,0,0,8,0,54,0,0,14,0
"148",0,0,0,0,0,0,33,0,0,0,0,1,0,0,5,0,0,0,0,0,5,0,0,0,0,514,3,0,166,0,0,0,0,0,0,0,0,0,0,0,20,0,0,0,0,11,0,0,0,11,0,0,0,0,4,0,0,3,0,0,0,64,0,0,0,0,0,5,0,0,3,0,0,81,0,0,0,0,3,0,7,0,229,0,131,0,59,0,0,0,0,2,32,0,0,0,0,0,0,0,0,0,0,0,33,0,0,105,3,0,0,0,0,3,0,0,0,0,89,0,0,0,0,0,0,0,0,0,0,71,0,1479,0,0,0,1,16,0,0,0,0,0,0,0,0,0,0,0,0,0,31,1,0,0,0,1,0,0,0,261,0,0,0,455,1,0,0,25,0,0,0,0,2,1,0,0,0,18,0,0,0,0,0,0,9,1,0,0,83,0,0,0,0,0,0,0,0,0,0,0,0,0,0,0,0,4,0,0,0,0,0,0,0,0,0,0,18,97,1,18,2,0,119,0,4,0,0,0,3,0,32,0,0,252,0,0,1,0,1,0,0,0,0,0,0,0,0,14,4,0,0,1,0,0,0,1,3,0,0,16,2,0,0,1,0,0,0,0,0,1,1,5,1987,0,0,0,0,9,10,3123,0,1,0,0,0,0,0,0,0,2,0,0,0,0,32,0,0,0,0,0,23
"149",4,0,0,0,0,0,0,0,0,0,0,0,0,0,0,0,0,0,1,7,0,44,0,0,0,0,0,0,0,8,137,0,0,15,0,0,16,137,0,0,0,0,0,0,0,0,0,0,0,0,4,0,0,0,7,0,3,0,0,518,0,0,0,4,0,0,0,0,0,0,28,0,0,0,0,0,0,0,0,111,0,0,0,0,0,0,0,0,0,47,0,45,5,0,0,0,0,0,0,0,0,0,0,0,0,0,0,5091,0,36,0,0,0,0,0,0,0,0,0,10,0,0,0,0,68,0,0,0,0,0,0,0,17,0,0,1,15,0,0,0,0,0,0,0,0,0,21,0,0,4,0,0,0,0,0,0,0,0,15,0,0,0,0,0,0,0,0,0,0,0,0,0,0,0,0,0,0,0,0,0,0,0,0,0,0,0,0,0,0,0,36,0,0,0,0,0,0,1,0,0,0,0,0,41,3,0,0,0,0,1,0,0,0,3,0,0,128,0,0,5,0,0,0,0,0,0,0,0,40,0,0,0,0,0,0,0,0,0,0,0,0,0,0,0,0,32,1,0,0,0,0,0,5,0,0,0,0,0,0,0,0,0,0,3,0,0,0,0,0,38,0,0,0,0,0,1,0,0,2,2711,0,211,28,0,0,0,0,0,0,0,0,0,0,0,20,0,0,0,0,0,0
"150",0,11,1,0,0,0,0,0,0,0,0,0,0,0,11,0,1,0,0,0,103,40,0,0,0,4,0,0,3,12,714,0,0,0,0,0,4,932,0,0,0,0,0,0,0,206,0,0,0,0,7,0,0,0,67,0,0,0,0,50,0,0,0,0,0,0,0,0,0,0,0,0,0,0,0,0,1,0,0,19,0,0,19,0,0,1,0,0,0,0,0,34,2,0,0,0,8,0,0,0,0,1,0,0,0,0,0,314,0,113,0,0,0,0,0,11,0,0,75,1,0,0,0,0,31,0,0,0,0,0,13,12,0,0,6,0,2,0,0,0,16,0,0,2,0,0,6,0,1,1,0,0,0,0,4,0,43,0,0,0,0,0,0,0,0,0,0,0,1,3,0,0,18,0,0,0,7,0,0,0,0,0,0,30,10,0,0,0,0,0,0,402,1,0,0,0,0,0,0,146,0,0,0,2,0,12,3,0,1,2,2,0,0,0,0,0,64,0,340,0,0,0,0,0,0,0,0,0,0,0,242,1,0,107,36,0,1,0,0,3,0,0,0,0,4,0,0,0,0,0,0,0,0,0,35,1,5,0,18,4,0,0,0,3,2,0,0,0,0,753,14,69,12,3,14,0,0,0,0,4716,0,0,192,0,0,26,0,0,0,12,0,0,0,0,0,0,7,0,0,72,0
"151",0,0,0,4,0,0,0,5,0,0,0,0,0,61,6,0,0,0,0,0,0,34,0,0,0,2685,0,0,0,0,0,0,0,252,0,0,0,0,0,0,0,0,0,0,0,435,0,7,0,0,7,0,0,0,0,0,0,0,0,17,0,25,0,0,0,3,97,0,0,0,42,0,0,0,0,0,0,0,0,0,0,0,0,0,0,0,0,0,0,0,0,0,0,0,0,0,6,0,68,0,0,16,0,0,33,0,0,425,0,0,0,0,0,0,0,0,0,0,1204,0,1,0,0,1,0,0,0,0,0,0,61,0,0,0,0,0,0,0,0,0,0,0,0,0,0,0,0,0,0,0,0,0,0,0,0,0,0,0,0,104,0,0,0,0,0,0,0,0,0,0,0,0,0,0,0,0,0,0,0,0,0,0,0,0,0,0,0,0,0,0,0,125,0,0,0,0,0,0,0,0,0,0,0,0,0,0,0,0,0,0,0,0,0,0,0,0,0,60,0,0,0,88,0,0,0,0,0,0,98,0,0,0,0,2237,0,0,0,0,0,0,0,0,0,0,0,0,0,0,0,0,0,0,0,0,0,0,0,0,15,80,26,0,0,0,3,0,0,0,0,214,0,116,676,0,0,0,0,0,0,0,0,0,331,0,0,3,0,0,24,0,0,0,0,0,0,0,0,0,0,181,0
"152",20,0,0,0,0,0,3,1,0,0,0,0,0,167,21,0,0,0,0,0,1,4,0,26,0,4564,0,0,177,0,2,0,0,324,0,0,48,7,0,0,0,0,0,11,0,121,5,0,4,0,0,0,0,0,0,0,0,3,0,1,0,16,61,0,96,0,17,1,0,0,11,0,0,1,0,0,0,0,0,2,0,0,34,0,14,0,0,0,1,27,0,6,49,1,0,24,0,0,76,0,0,0,0,0,6,3,1,89,0,0,0,0,0,0,0,0,0,3,44,1,0,71,0,1,54,0,0,0,0,0,2,31,0,0,0,0,42,0,0,0,6,0,0,0,8,0,0,0,0,88,1,44,0,0,1,0,0,0,8,64,0,0,0,2,0,0,0,0,0,0,3,0,0,0,0,0,0,34,21,0,14,0,0,0,0,0,0,0,0,0,0,0,12,0,21,0,0,1,0,0,0,0,0,0,0,11,3,0,0,152,0,0,0,1,0,0,35,4,0,2,1,10,80,0,1,26,0,0,30,7,1,0,0,1379,0,0,0,0,0,0,0,0,0,3,0,0,0,1,0,47,0,0,0,1,0,0,0,2,0,0,0,33,0,0,0,0,0,0,17,938,0,1,261,0,7,0,0,0,16,132,0,0,85,0,0,0,0,1,10,1,0,0,0,0,26,0,1,3,1,47,28
"153",0,0,0,0,0,0,24,0,0,0,0,0,0,0,0,0,0,0,0,0,0,0,0,0,0,5268,0,0,192,0,0,0,0,0,0,0,0,0,0,0,0,0,0,0,0,0,0,0,0,0,0,0,0,0,0,0,0,0,0,0,0,1,0,0,3,0,0,0,0,0,0,0,0,0,0,0,0,0,0,0,0,0,0,0,0,0,0,0,0,0,0,0,518,0,0,0,0,0,43,0,0,0,0,0,0,0,477,1275,0,0,0,0,0,0,0,0,0,0,36,11,0,0,0,1,838,0,0,0,0,0,0,0,0,0,0,0,0,0,0,0,0,0,0,0,0,0,0,0,0,0,0,0,0,0,8,0,0,0,0,0,0,0,0,0,0,0,0,0,0,0,0,1,26,0,0,0,0,0,0,0,0,0,0,0,0,0,0,0,0,0,0,83,0,0,0,0,0,0,0,0,0,0,0,0,0,0,0,0,0,0,0,0,0,0,0,0,0,0,152,6,0,0,0,0,0,0,0,0,0,0,24,0,0,0,0,0,0,0,0,0,0,0,0,0,0,0,0,0,0,0,4,0,0,0,0,0,0,0,0,0,0,0,0,0,0,0,0,0,0,640,0,21,0,0,0,0,0,0,0,9,0,0,0,0,0,0,0,0,0,0,0,0,0,0,0,0,0,0,0,106,0
"154",0,0,0,0,0,0,7,0,0,0,0,0,0,0,33,0,0,0,0,0,0,0,0,0,0,25,0,0,15,0,0,0,0,0,0,0,0,0,3,1,0,0,0,10,0,0,0,0,0,3,0,0,0,0,24,0,0,0,0,1243,0,0,2,0,0,0,0,0,0,0,0,0,0,0,0,0,0,0,0,0,0,0,0,0,0,0,0,0,0,10,0,7,256,0,0,5,0,0,9,0,0,46,0,0,0,0,0,0,0,162,9,68,0,184,0,0,2,0,0,0,0,0,0,3,5,0,0,0,0,0,0,132,0,0,0,0,8,0,0,0,0,0,0,0,0,0,0,0,0,14,0,0,0,0,1,0,0,0,0,0,0,0,0,0,0,4,0,0,0,0,0,0,3,0,0,0,0,0,0,0,0,0,0,0,0,0,0,0,0,0,0,83,0,0,0,0,0,0,0,0,0,0,0,0,0,0,0,0,8,0,0,0,0,0,0,0,294,0,0,0,0,0,0,0,0,0,0,0,70,0,0,0,0,0,0,0,0,0,0,0,0,0,0,0,0,0,0,0,0,0,1,0,0,0,0,23,0,0,0,0,0,0,0,33,0,0,0,15,0,76,0,0,125,11,0,0,147,0,0,3643,0,0,0,0,2590,0,0,0,0,0,0,0,0,0,136,0,21,0,0,0,0
"155",31,0,0,0,0,0,0,0,0,0,0,0,0,0,21,0,0,0,0,0,0,67,0,0,0,252,0,0,0,44,554,0,0,25,0,0,0,0,0,0,0,0,0,0,0,0,0,24,0,0,0,0,0,0,0,0,0,0,0,257,0,0,0,0,0,0,0,0,0,0,0,0,0,0,0,0,0,0,0,22,0,0,0,0,0,0,0,0,0,110,0,428,0,0,0,0,0,1,0,0,0,66,0,0,0,0,0,1148,0,0,0,0,0,36,0,0,0,0,223,0,0,0,0,3,64,0,0,0,0,0,0,83,0,0,0,0,262,0,0,0,41,0,0,0,0,0,0,0,0,0,0,0,48,13,0,0,0,0,0,77,0,0,0,0,0,0,1,0,0,0,13,0,0,0,0,0,0,0,0,6,0,0,0,0,0,0,0,0,0,0,0,44,0,0,0,0,0,0,0,0,0,0,0,0,456,26,0,0,0,0,0,0,0,3,0,0,176,0,47,0,0,0,0,0,0,0,0,0,68,0,211,0,0,623,0,0,5,0,0,0,0,0,0,0,8,69,18,0,0,0,0,0,0,0,113,14,10,0,0,0,0,0,0,10,8,0,0,0,0,46,0,0,153,907,0,0,0,0,0,1941,0,46,210,0,0,0,0,0,0,47,0,0,0,0,234,0,40,0,0,127,0
"156",6,0,0,0,0,0,0,0,0,0,0,0,0,0,59,0,0,0,0,0,0,147,0,0,5,0,0,0,24,72,0,0,0,84,558,0,0,0,0,0,0,0,5,0,0,1098,0,0,19,0,0,0,0,0,0,0,0,0,0,138,0,0,0,0,0,0,0,9,0,0,0,0,0,0,0,1372,0,0,0,326,0,0,0,0,0,0,0,0,0,0,0,0,7,0,0,10,0,0,0,0,0,14,0,132,0,0,0,0,0,0,0,0,0,219,0,0,0,0,0,4,10,0,0,0,200,336,0,0,0,0,0,0,0,0,3,0,0,0,0,0,0,0,5,0,1546,71,102,10,0,0,80,0,0,0,0,0,0,0,0,0,0,0,0,0,0,0,0,0,0,0,0,6,0,3,0,0,0,0,78,0,0,0,0,0,0,0,0,0,0,0,0,0,9,19,0,0,0,0,0,0,0,10,0,0,0,225,0,0,0,0,0,0,0,0,0,0,0,772,0,0,0,0,0,0,0,0,588,0,0,0,0,0,0,0,0,0,0,0,0,429,0,0,0,0,0,0,0,32,0,0,0,0,0,26,0,0,0,0,0,87,0,0,0,0,0,0,0,0,30,80,0,0,0,0,0,0,0,0,0,0,0,0,441,0,0,0,0,6,0,16,0,0,0,0,0,0,26,0,0,0,0
"157",0,0,0,1,0,0,0,10,0,0,0,0,0,1,0,0,0,0,0,0,73,0,0,0,0,221,0,0,7,29,0,452,0,48,0,0,0,0,0,0,0,0,0,57,0,76,0,3,0,0,0,0,0,0,0,0,0,0,0,17,0,28,0,0,0,8,1,0,0,0,0,0,0,31,0,0,0,0,0,39,0,0,0,0,13,0,0,0,0,0,920,0,0,0,0,0,0,0,0,0,0,0,0,0,0,0,211,234,0,0,0,0,0,0,0,0,0,0,18,0,0,0,0,0,102,0,0,0,0,0,0,13,0,0,0,29,0,0,0,2,60,0,0,0,0,0,0,0,0,0,20,121,0,0,0,0,0,0,0,1,0,0,0,1384,0,0,1,0,0,0,0,0,0,0,0,0,0,94,15,0,0,0,0,0,0,0,0,0,0,0,1,20,1,0,0,0,0,0,0,0,0,0,0,0,0,0,0,0,0,5,0,0,21,0,0,0,1,0,52,0,0,0,0,0,0,0,0,0,49,0,186,0,0,0,0,0,0,0,1,0,3,0,0,0,0,0,0,0,0,0,55,0,21,0,0,0,0,0,0,0,0,0,0,1,38,0,0,96,0,4924,0,0,0,0,0,0,0,11,0,9,1,0,0,0,0,0,0,0,5,39,0,0,0,0,25,1,0,0,0,0,0
"158",0,84,0,0,0,0,0,26,0,0,0,0,0,0,40,0,0,0,0,0,17,20,0,13,32,650,0,0,150,4,115,0,0,15,0,0,2,26,0,0,0,0,0,17,0,2,0,12,0,0,2,0,0,0,31,0,0,6,0,11,0,0,0,0,0,8,0,0,6,0,6,0,0,0,0,0,0,0,0,3,0,0,62,0,0,2,0,0,0,73,0,0,0,0,0,8,0,0,45,0,0,0,0,0,0,1,0,1139,0,0,0,0,0,77,2,0,0,45,18,0,0,0,0,1,16,0,55,0,0,0,2,0,0,0,0,1,880,0,0,0,44,0,0,0,0,0,2,11,0,0,0,2,1,0,0,0,0,0,0,1,0,0,0,1,0,0,1,0,0,0,8,0,0,0,0,0,0,18,176,3,0,1,0,0,3,0,0,0,9,0,0,20,5,0,27,0,0,2,0,0,0,0,0,13,0,27,7,0,0,31,0,0,0,0,1,1,195,7,80,0,0,46,0,9,0,0,0,0,11,6,50,0,0,463,0,7,0,0,3,0,0,21,0,0,2,147,0,0,0,0,0,12,27,0,18,1,0,0,0,1,27,0,0,2,0,0,0,0,0,87,0,1,646,0,0,0,9,0,10,3183,0,0,2,0,0,199,22,0,34,12,107,0,0,0,142,51,0,0,0,70,19
"159",0,0,0,0,0,0,0,31,1291,0,0,0,0,345,368,0,0,0,0,0,6,0,0,0,0,462,0,0,0,18,424,0,38,207,0,0,5,114,0,0,0,0,0,11,0,112,0,0,0,0,3,0,0,0,8,0,0,3,0,0,0,79,0,0,0,0,35,0,4,2,13,0,0,0,0,0,0,0,0,0,0,0,0,0,73,8,0,0,0,13,1,9,0,0,0,0,0,0,39,0,0,0,0,0,28,0,163,80,0,0,0,34,1,17,0,0,0,0,391,0,0,0,0,0,185,0,0,0,0,156,16,35,0,0,0,0,78,0,0,0,2,0,0,0,0,0,0,0,0,0,4,0,0,0,1,0,0,0,13,87,0,0,0,0,0,0,0,0,0,0,0,0,0,0,0,0,0,184,188,0,0,0,0,0,0,0,1,0,0,0,0,20,1,0,0,0,0,1,0,0,0,0,2,0,0,0,0,0,1,1,0,0,0,0,4,0,0,19,0,0,0,0,0,0,0,0,13,0,55,0,133,0,0,187,0,0,0,0,0,2,0,0,183,0,0,0,0,0,0,0,0,0,0,0,21,1,0,0,0,82,0,0,0,0,0,0,0,16,307,0,0,0,123,0,1,0,0,0,67,2491,0,0,302,0,0,0,0,0,19,17,0,8,0,0,17,0,3,83,0,100,29
"160",0,0,0,0,0,0,0,4,0,0,0,0,0,0,74,0,0,2,0,0,2,26,0,1,0,1778,0,0,4,18,1,0,0,43,0,0,9,1,2,0,0,8,0,17,0,66,0,0,0,0,0,0,0,0,6,0,0,0,0,0,0,0,0,0,0,0,15,0,0,0,20,0,0,31,0,0,0,0,0,12,0,0,0,0,0,0,0,0,0,17,0,0,2,0,0,0,0,0,39,0,0,0,0,0,0,0,0,42,0,0,0,0,0,75,0,0,0,0,10,0,0,25,0,1,333,0,0,0,0,0,34,15,0,0,0,5,118,0,0,0,40,0,0,0,0,0,0,11,0,2,2,11,0,0,3,0,0,0,0,0,0,0,0,437,0,0,0,0,0,5,0,3,0,0,0,0,0,0,0,0,0,0,0,0,0,0,18,0,0,0,0,39,0,0,77,0,0,0,0,0,0,0,0,0,0,7,0,0,0,2,0,0,0,5,8,0,0,0,91,0,0,0,22,0,0,0,0,0,77,0,76,1,0,1273,0,0,0,0,0,19,0,0,0,0,0,0,0,0,0,0,0,0,0,0,3,0,365,0,0,1,0,0,0,0,0,0,0,0,0,1224,0,2,1975,0,0,0,0,0,1,910,0,0,142,0,0,0,0,0,0,56,0,0,3,0,2,0,51,0,0,21,0
"161",0,0,0,0,0,0,1,18,0,0,0,0,0,0,2,0,1,1,0,0,0,8,0,1,0,768,1,0,6,5,126,192,0,128,0,16,0,39,0,0,1,0,36,0,0,576,0,4,0,0,0,0,1,0,26,0,0,0,0,6,0,0,0,0,176,0,51,0,0,0,15,0,0,0,0,0,1,0,0,88,0,0,0,0,0,0,166,0,0,88,6,5,0,0,0,0,0,0,38,0,0,4,0,0,11,0,0,54,0,0,0,0,0,473,0,1,0,0,34,0,0,0,0,0,71,16,0,0,1,0,0,297,48,0,0,5,1,0,0,0,1,0,1,0,0,0,0,3,0,0,0,34,0,2,0,0,0,0,0,22,0,0,0,0,0,0,0,0,0,0,2,0,0,0,0,0,0,113,36,1,0,0,0,0,0,0,0,0,0,0,0,384,0,0,0,0,0,0,0,0,0,0,0,40,1051,4,0,0,0,0,1,0,4,7,50,1,19,95,81,0,45,0,0,0,0,11,0,0,386,0,578,0,0,1227,0,0,1,0,0,0,0,0,0,0,0,0,0,0,1,0,0,1,0,0,0,16,2,0,7,110,1,0,0,0,0,0,1,0,0,10,0,68,6,0,0,0,0,0,3,1403,1,0,102,0,0,0,0,1,0,34,0,0,0,0,45,0,3,113,0,40,0
"162",0,0,0,0,3,0,40,17,0,0,0,2,0,0,24,0,0,0,0,0,36,22,0,4,0,4223,0,0,102,13,0,0,0,151,0,0,0,0,0,0,0,0,0,44,0,31,0,0,0,0,0,0,0,0,4,0,0,0,0,9,6,73,0,0,0,0,182,0,0,0,0,0,0,0,22,0,0,0,0,29,0,1,137,0,16,0,32,0,0,0,0,2,9,0,0,7,0,0,0,0,8,0,0,0,1,0,19,568,0,0,0,0,0,30,0,2,0,0,224,1,0,0,0,1,34,133,0,11,5,0,0,895,0,1,0,0,19,0,0,0,4,0,0,0,0,0,17,0,0,0,29,0,0,168,0,0,0,0,0,11,0,0,0,0,0,1,0,0,0,0,0,0,128,0,0,4,0,0,112,8,0,0,0,0,11,0,0,0,0,2,0,37,1,0,0,0,0,0,0,0,0,0,0,2,0,4,1,0,0,0,0,0,0,0,4,0,62,25,0,21,0,56,0,0,1,0,0,0,0,0,125,1,0,270,0,0,0,0,0,0,0,0,0,0,0,0,0,0,0,0,169,2,0,0,0,5,0,0,0,0,9,64,0,0,0,0,0,0,14,114,41,0,479,0,1,0,3,0,0,150,0,0,130,0,0,0,0,44,0,2,0,0,0,0,0,0,0,55,0,45,0
"163",0,0,0,0,0,0,1,0,0,0,0,0,0,716,21,0,0,0,0,0,0,103,0,1,0,2035,0,0,40,22,14,0,0,34,0,0,0,0,1,0,0,0,0,122,0,0,0,0,3,0,0,0,0,0,0,0,0,0,0,369,3,0,0,0,0,0,79,0,0,2,0,0,0,0,0,0,0,5,5,249,0,0,0,0,104,1,0,0,0,139,871,29,164,0,0,1,0,0,0,0,0,0,0,0,4,0,0,251,0,0,0,0,0,128,0,0,0,0,67,10,0,0,0,1,33,0,0,0,0,0,0,0,0,1,0,2,295,0,0,0,70,0,0,0,0,98,18,0,0,1,3,0,0,0,16,0,0,0,0,0,0,0,0,0,0,0,0,0,0,0,28,0,408,0,0,0,0,8,94,0,0,0,0,0,0,0,0,0,0,6,0,90,0,3,0,0,1,0,0,0,0,0,0,11,37,17,0,0,1,4,0,0,0,0,24,0,79,26,142,0,0,24,0,0,0,0,0,0,61,0,0,0,0,468,0,0,0,0,0,0,8,0,105,0,0,21,0,0,0,0,0,0,17,0,20,2,0,0,0,0,0,12,0,2,0,0,0,0,14,2,0,0,11,0,0,0,0,0,0,995,0,0,287,0,0,0,61,0,0,87,0,0,0,0,0,0,9,0,0,127,0
"164",0,0,0,3,0,0,1,0,0,0,0,0,1,64,7,0,0,0,0,0,0,0,0,1,0,180,0,6,18,26,515,409,0,131,0,0,0,14,0,0,0,0,0,0,0,162,0,0,6,0,0,6,0,0,0,0,0,0,0,369,0,0,0,0,0,4,88,0,0,65,0,0,0,0,0,2,0,0,0,24,0,0,0,0,54,16,0,1,0,0,0,4,0,0,0,10,0,0,0,27,0,22,0,0,29,0,233,249,0,0,0,0,18,0,0,0,0,0,162,0,2,0,0,4,0,0,0,0,0,0,0,0,0,0,0,0,18,0,0,0,10,0,0,0,0,0,27,0,0,0,29,0,0,0,0,0,0,0,0,192,1,1,0,494,0,0,0,0,2,0,11,0,0,0,0,0,0,114,547,0,0,0,0,0,0,0,0,0,0,0,1,0,0,27,0,1,134,0,0,0,0,6,0,19,0,160,0,0,6,0,0,0,0,0,0,0,237,0,0,0,0,22,0,0,1,0,0,0,0,0,0,1,0,448,1,0,0,0,1,0,0,0,153,0,3,0,0,32,0,0,17,4,0,0,111,41,3,0,21,0,23,0,0,0,8,0,0,352,183,7,0,0,290,0,7,1,1458,9,0,1872,0,0,705,0,0,1,1,0,23,0,0,0,0,0,0,0,28,0,0,148,0
"165",0,0,0,0,0,0,1,21,0,0,0,1,0,0,27,0,37,1,0,0,6,16,0,0,0,919,6,0,1,116,532,0,1,0,0,0,145,63,0,0,1,0,0,36,0,127,0,1,0,0,4,0,0,0,19,0,0,0,0,0,1,20,0,14,0,0,39,0,0,0,0,1,0,48,0,0,0,0,0,117,0,2,19,1,0,0,0,1,0,41,1,1,0,0,20,0,0,0,1,0,0,0,0,5,3,0,3,587,0,1,0,0,0,146,0,0,1,0,148,0,0,0,0,1,1119,0,0,0,3,10,84,121,1,0,0,16,79,0,0,0,0,0,0,0,353,0,21,4,0,1,12,0,0,0,0,0,0,0,38,5,0,0,0,0,0,1,4,0,0,0,0,0,1,0,0,0,0,38,32,0,0,0,0,0,10,0,0,317,0,0,0,260,0,0,101,0,0,1,0,0,0,0,0,202,0,19,10,0,0,0,128,0,4,0,3,0,18,0,0,0,56,33,0,0,0,0,37,0,104,3,116,1,0,94,0,0,1,0,0,173,0,0,0,0,0,0,0,0,0,0,0,4,17,0,3,101,0,7,8,12,0,0,3,6,0,0,0,0,1,5,97,112,1012,0,0,0,0,0,1,1671,3,0,260,0,0,0,0,1,13,110,0,0,0,0,3,0,0,7,0,56,0
"166",0,0,0,0,0,0,0,0,0,0,0,0,0,0,189,0,0,0,0,0,0,0,0,0,0,2576,0,0,0,3,283,0,2,0,0,0,6,0,0,2,0,0,0,0,0,0,0,0,0,0,0,0,0,0,0,1,0,0,0,0,0,0,0,1,0,0,27,0,0,468,0,0,0,22,0,770,0,0,0,54,0,0,0,0,13,1,110,0,0,63,0,49,0,0,0,0,11,0,33,0,0,55,0,0,0,0,0,653,0,0,0,0,4,18,0,0,0,0,107,0,0,0,0,1,98,0,0,0,0,0,0,388,0,5,0,0,1476,0,0,0,4,0,0,0,0,0,0,0,0,0,19,0,0,0,15,0,0,0,172,0,0,0,0,8,0,0,0,0,0,32,0,0,0,0,0,0,0,13,0,0,0,0,0,0,0,0,0,0,0,0,0,0,0,0,0,0,0,0,0,0,0,0,0,0,0,20,0,0,0,0,0,0,0,0,0,0,213,0,1,0,0,0,0,0,0,0,0,0,0,0,39,0,0,926,0,0,0,0,0,4,0,0,0,0,0,0,0,0,0,0,208,0,0,1,0,5,3,0,0,0,0,0,0,0,0,2,0,0,0,0,0,0,259,0,0,0,0,0,0,600,0,0,0,0,0,0,0,0,0,0,0,0,0,0,33,0,0,0,0,1,0
"167",0,1,0,0,0,0,1,2,0,0,0,0,0,323,1365,0,0,0,0,0,0,0,0,4,0,637,0,0,34,35,9,0,0,7,0,0,97,2,10,8,0,0,0,23,0,1,0,1,0,1,2,0,0,0,3,0,0,0,0,1,0,0,0,0,0,0,11,0,0,10,0,1,0,0,0,649,0,0,0,1,0,0,1,0,0,59,1,0,0,37,86,40,0,0,0,1,0,1,19,0,0,0,0,0,0,0,0,728,0,0,0,0,0,8,1,0,1,0,7,0,0,0,0,1,132,0,0,0,0,0,6,27,0,1,0,0,604,0,0,0,12,0,0,0,0,0,0,0,0,0,1,2,0,0,66,0,0,2,0,38,0,0,0,0,0,1,0,0,0,0,1,0,0,0,0,0,0,32,20,0,0,0,0,11,1,0,0,1,0,4,0,18,6,0,0,1,0,0,0,1008,0,0,0,0,0,4,2,0,0,12,0,0,0,0,0,0,45,0,0,0,0,1,0,0,0,6,0,0,69,0,8,1,0,193,0,0,0,0,0,7,0,0,0,0,0,0,0,0,0,0,0,2,6,0,0,0,8,0,2,2,0,0,0,0,14,0,0,0,0,314,0,0,2202,0,2,0,0,0,0,880,0,0,16,0,0,5,0,0,40,38,0,0,0,0,0,0,1,0,0,62,0
"168",0,1,0,0,0,1,1,0,0,0,0,0,1,0,0,1,0,0,3,1,0,5,0,0,0,4135,0,0,5,10,320,0,0,111,0,0,30,71,0,0,0,0,0,0,0,27,0,1,0,0,1,0,1,0,1,0,0,0,0,0,6,0,0,3,0,0,7,0,0,0,8,0,0,0,0,0,0,1,0,5,0,0,34,0,0,0,91,0,0,0,0,6,0,0,0,0,0,0,22,0,0,9,0,0,1,0,0,0,0,0,0,0,0,0,1,1,0,0,0,0,0,0,0,1,0,0,0,0,1,0,0,7,0,0,0,0,93,0,1,0,50,0,0,0,0,0,1,0,1,0,7,1,3,20,1,0,0,3,0,17,7,6,0,0,0,0,0,0,0,0,0,0,0,0,0,0,0,1,146,1,0,0,15,0,1,0,0,0,0,0,6,51,4,5,0,0,0,0,0,9,0,0,0,0,0,4,1,1,0,1,0,0,0,0,5,0,59,1,11,0,48,1,0,0,0,0,0,0,0,0,91,0,0,238,0,0,1,0,0,13,0,0,0,0,90,33,0,0,0,0,0,1,0,0,3,14,5,0,1,19,0,0,0,1,1,1,0,0,0,0,0,1,383,0,0,0,0,0,1,2614,0,0,11,0,791,1,1,0,0,0,0,0,0,0,48,0,240,0,0,43,0
"169",0,0,7,0,0,0,0,0,199,0,0,0,3,0,2,0,18,0,0,0,6,24,0,1,0,1092,0,0,1,0,403,0,0,46,0,0,0,2,0,0,0,0,0,0,0,0,0,0,0,0,0,0,0,0,0,6,0,0,8,24,0,0,0,0,0,1,194,0,0,32,25,0,0,0,0,0,0,0,0,8,0,0,430,0,66,23,0,0,0,0,0,2,0,0,0,0,0,0,5,0,25,0,0,0,0,8,0,2964,0,23,0,0,2,0,0,1,0,0,338,0,0,0,0,0,0,0,0,0,0,0,0,2,0,1,0,0,0,0,0,0,23,0,0,0,0,0,79,0,0,1,18,0,3,27,0,0,19,0,0,1,0,0,0,1,0,0,0,0,0,0,3,0,0,0,0,0,0,0,117,0,3,0,0,0,0,0,0,0,0,0,5,97,0,17,0,0,0,0,0,0,0,0,0,0,0,46,0,0,0,1,0,0,2,0,0,0,41,0,0,0,0,7,0,0,6,0,0,0,0,0,103,0,0,95,0,0,9,0,0,0,0,0,196,0,158,25,0,0,0,0,159,1,0,0,0,245,28,0,0,0,1,0,0,0,0,0,0,0,0,447,0,0,148,0,3,0,0,4,0,1117,0,0,258,0,0,0,0,0,28,0,0,0,0,1,0,0,9,0,0,115,0
"170",0,0,0,1,5,0,1,0,0,0,0,0,0,214,6,0,0,0,0,0,0,41,0,0,0,2523,0,0,6,0,0,0,0,97,0,18,0,138,0,0,0,0,0,46,0,126,0,0,5,0,0,0,0,0,0,0,0,1,0,0,6,0,0,0,11,1,127,0,0,0,0,0,0,0,0,0,0,0,0,474,0,1,0,7,0,0,11,0,0,33,39,0,0,0,7,0,0,0,34,0,0,0,0,0,6,0,1,892,0,0,0,0,0,166,0,0,0,0,109,0,0,24,0,1,154,43,0,0,13,0,8,6,68,0,0,0,106,0,0,0,10,0,0,0,12,0,0,13,0,0,9,92,0,0,1,0,0,0,13,31,0,0,0,221,0,0,0,0,0,0,35,0,0,0,0,0,0,0,410,0,5,0,0,0,0,0,0,94,0,0,0,79,0,0,0,0,0,0,0,0,0,0,0,0,0,0,0,0,0,0,0,50,6,0,22,0,0,44,0,0,0,36,0,0,0,8,0,0,133,22,143,0,0,454,0,0,0,0,0,0,3,0,76,0,0,0,0,1,0,0,0,4,0,0,0,0,0,0,0,4,7,13,0,0,0,0,0,221,0,0,0,0,90,0,0,0,0,0,3,2169,0,0,215,0,0,0,0,0,19,98,0,0,0,0,0,0,0,59,0,110,41
"171",0,0,6,0,0,0,0,0,1085,0,0,0,0,0,52,0,0,0,0,0,0,6,0,0,0,3468,0,0,165,0,0,0,0,148,3,0,10,84,0,0,0,0,0,0,0,0,0,0,0,0,0,0,0,0,0,5,0,1,0,0,0,11,0,0,0,1,66,0,0,0,0,0,0,1,1,0,0,0,0,5,0,1,326,0,0,83,0,0,0,0,20,57,1,0,0,0,0,0,35,0,6,0,1,16,0,1,0,82,0,10,0,0,9,0,0,0,0,1,4,0,0,0,0,5,31,0,0,131,0,0,0,46,20,4,43,0,65,0,0,1,56,0,0,1,0,0,98,0,0,0,7,0,0,31,172,0,2,0,103,0,0,0,0,310,0,0,0,0,0,0,0,0,1,0,0,0,0,0,0,0,6,0,0,0,0,0,0,0,0,0,3,0,0,0,28,0,0,1,0,0,0,0,0,564,0,224,0,0,0,0,0,0,4,0,0,0,0,14,0,0,0,0,0,17,0,0,0,0,0,2,0,1,1,121,0,0,0,0,0,67,0,0,88,0,0,0,1,0,0,0,2,0,0,0,7,0,137,2,0,0,0,0,0,10,72,0,0,0,24,4,0,0,77,0,106,0,7,0,1,929,0,0,194,0,0,12,0,1,1,33,0,0,0,0,35,1,3,0,0,0,0
"172",0,0,1,0,0,0,0,0,0,0,0,0,0,0,14,0,0,0,1,1,23,15,0,9,0,1529,0,0,26,55,320,164,0,174,0,0,0,78,0,1,0,1,0,0,0,106,0,1,0,0,0,0,0,2,3,1,0,0,0,199,1,0,0,0,0,0,71,0,1,67,0,1,10,0,0,0,0,0,0,36,0,0,15,0,0,5,1,0,0,0,0,24,0,0,0,0,6,0,1,0,0,46,0,0,0,0,0,2194,0,0,1,0,0,121,1,0,0,0,118,0,0,0,1,1,29,0,0,9,0,0,1,7,0,0,0,0,1,0,0,0,7,0,0,0,0,241,6,1,1,0,8,0,0,0,1,0,18,0,0,0,0,0,0,0,0,0,0,0,0,1,4,0,0,0,5,0,0,0,406,1,0,0,0,0,16,0,0,92,0,0,0,41,3,0,0,0,0,0,0,0,176,0,0,0,728,46,1,0,0,3,82,94,0,1,0,1,180,0,3,0,75,12,0,0,0,0,0,0,0,0,0,1,0,635,0,0,1,0,0,3,0,0,0,0,4,0,0,0,0,0,0,0,0,0,0,9,35,1,1,5,0,0,0,1,4,0,0,0,0,71,0,8,103,0,0,0,0,0,1,1631,0,0,68,0,0,0,0,0,0,3,0,0,1,1,10,0,19,0,0,62,0
"173",0,0,0,0,0,0,1,5,0,0,8,0,0,3,265,0,0,25,0,15,1,8,0,7,0,1,0,0,529,21,1,0,0,2,0,0,86,6,0,0,9,0,0,41,0,1,0,1,0,0,0,0,0,0,4,0,0,0,0,2,0,1,1,0,0,0,2,0,0,0,31,3,57,3,0,0,0,0,0,1,0,4,1,0,64,119,1,0,0,17,1340,178,9,0,0,2,0,0,4,0,0,19,0,0,3,1,161,41,0,23,0,0,0,14,0,3,0,3,1,0,0,0,6,0,632,35,0,0,5,114,25,2,0,0,0,0,8,4,0,0,23,0,0,0,0,0,4,1,0,0,2,109,0,4,1,0,19,0,14,72,0,0,0,1,0,0,0,0,3,0,1,0,0,0,0,0,0,12,5,1,0,0,0,5,6,15,0,0,28,0,0,44,9,1,0,0,0,1,0,0,0,0,0,68,2,41,3,3,2,49,0,147,41,0,15,0,1,32,0,0,1,6,0,0,1,22,72,0,84,8,67,0,0,1034,0,0,2,26,0,215,0,0,0,141,4,78,0,0,0,68,61,2,0,0,25,377,3,2,2,1,1,0,0,4,169,0,0,0,13,396,0,5,1947,0,0,5,0,5,79,1,0,0,71,0,5,0,0,79,3,27,0,0,0,0,298,8,14,82,0,24,14
"174",0,0,0,0,0,0,0,0,0,0,0,1,0,2,5,0,0,0,0,0,0,3,0,10,0,6238,0,0,122,11,0,0,0,91,0,0,43,80,0,0,1,0,0,108,0,0,0,0,0,0,0,0,0,0,0,0,0,0,0,2,0,1,0,0,0,0,10,0,0,0,4,0,0,8,0,78,0,0,0,1,0,0,0,0,13,0,0,0,0,0,0,4,19,0,0,0,0,0,0,0,25,0,0,0,0,0,0,295,0,0,0,0,0,0,0,0,0,15,18,0,0,0,0,33,124,0,0,0,0,0,0,0,0,0,0,0,2458,0,0,0,5,0,0,0,4,0,2,0,0,0,4,0,0,0,0,0,0,0,0,36,0,0,0,0,0,0,0,0,0,0,0,1,0,0,0,0,0,0,19,0,0,0,0,0,0,0,0,0,0,0,0,7,4,0,0,0,0,0,0,0,0,0,0,0,0,6,0,0,0,0,1,0,7,0,0,0,75,0,0,4,0,0,0,0,0,0,0,0,0,0,30,0,0,47,0,0,0,0,0,21,0,0,0,0,0,0,0,1,0,0,0,2,0,0,0,2,0,0,15,13,0,0,0,0,0,0,0,0,1,2,1,1,262,0,0,0,0,0,0,157,0,0,44,0,0,0,0,0,25,0,0,0,0,0,0,0,9,0,0,36,0
"175",0,0,0,0,0,0,7,0,0,0,0,0,0,0,0,0,0,0,0,0,0,0,0,0,0,4307,0,0,0,0,115,538,0,0,0,0,0,0,0,0,0,0,0,0,0,0,0,0,0,0,0,0,0,0,0,0,0,0,0,0,0,0,0,0,0,0,99,0,0,0,0,0,0,0,0,0,0,0,0,0,0,0,0,0,0,3,0,0,0,0,0,0,0,0,0,0,0,0,0,0,0,88,0,0,0,0,0,0,8,0,0,45,0,0,0,0,0,0,74,0,0,0,0,3,0,0,0,0,0,0,0,0,0,0,0,0,0,5,0,0,0,0,0,0,0,0,0,0,0,0,0,0,0,0,0,0,0,0,0,0,0,0,0,0,0,1,0,0,0,0,0,0,0,0,0,0,0,0,109,0,0,0,0,0,0,0,0,0,0,0,0,0,0,0,0,0,0,0,0,0,0,0,0,0,0,24,4,0,0,31,0,0,0,0,0,0,152,0,0,0,0,0,0,0,0,1,0,537,0,0,0,0,0,1959,0,0,0,0,0,9,0,1,0,0,0,0,0,0,0,0,0,0,0,0,0,145,0,0,0,0,0,0,0,0,0,0,23,678,0,15,0,0,599,0,0,0,0,0,0,0,0,0,0,0,17,4,0,0,0,0,96,0,0,0,282,0,0,0,0,0,0
"176",0,0,0,0,0,0,34,1,1,0,0,0,0,9,1465,3,0,0,0,0,12,1,0,64,0,529,8,0,79,73,212,0,0,58,0,0,16,33,0,0,0,0,0,17,0,320,0,3,5,0,0,0,0,0,0,0,0,0,0,107,3,0,0,5,0,0,11,0,5,0,9,0,0,25,0,0,0,0,0,0,0,1,10,0,73,89,1,0,0,19,779,34,0,0,0,0,0,0,29,0,0,0,0,0,0,0,141,701,0,0,9,0,0,86,3,0,0,3,30,0,0,0,0,1,370,0,0,0,0,0,0,67,0,0,0,0,112,0,0,0,295,0,0,0,0,0,0,1,0,0,3,3,0,8,1,0,0,0,0,59,0,0,0,0,0,0,0,0,0,1,0,0,0,0,0,0,0,14,129,6,0,0,0,0,4,0,0,0,0,0,1,63,4,0,28,0,9,0,0,0,0,0,0,1,0,61,3,0,4,27,0,0,0,0,4,1,39,5,2,0,1,0,0,0,0,2,0,0,20,0,35,0,0,163,0,0,0,0,0,7,0,0,154,19,13,0,0,0,0,0,239,1,42,1,42,233,0,0,0,0,3,0,0,0,0,0,0,1867,0,207,24,0,292,0,0,0,47,2,13,515,0,0,135,0,0,0,0,21,0,0,0,24,0,0,62,0,175,0,0,14,36
"177",0,0,0,0,0,0,4,20,0,0,0,0,0,0,0,0,0,0,0,0,0,37,0,3,0,511,0,8,9,11,332,357,0,0,0,0,0,35,0,0,0,0,0,0,0,276,0,0,0,0,0,0,0,0,295,0,0,0,0,142,0,0,0,0,0,0,67,0,0,0,775,0,0,16,0,0,0,0,0,0,0,0,0,0,0,3,1,0,5,26,0,0,188,0,0,0,0,0,36,0,0,54,0,0,0,0,0,155,0,0,0,0,0,176,0,0,0,0,112,2,0,0,0,1,83,0,0,0,0,0,11,1,0,0,0,0,8,0,0,0,1,0,0,0,0,0,7,0,0,0,15,22,0,1,1,0,0,0,0,0,0,0,0,246,0,0,0,0,0,23,3,0,0,0,0,0,0,0,401,0,0,0,0,0,0,0,16,0,0,0,0,97,1,0,0,0,0,0,0,0,0,0,2568,0,0,3,0,0,0,0,4,0,0,11,0,0,172,0,0,12,0,0,0,0,0,3,0,0,44,0,0,0,0,143,0,0,0,0,0,0,0,0,0,0,0,43,0,0,0,0,0,0,23,0,0,0,1,0,33,232,0,0,0,2,0,0,0,0,8,7,0,39,148,24,0,0,1,0,0,166,0,28,851,0,0,0,0,0,43,91,0,0,0,0,40,0,1,0,0,138,0
"178",0,0,0,3,0,0,0,0,0,0,3,0,0,0,39,0,0,0,0,0,0,69,0,0,0,4770,0,0,147,37,0,0,0,12,11,0,37,0,0,0,0,0,0,0,0,20,0,0,0,0,1,0,0,0,65,20,0,0,2,151,0,14,1,116,0,0,0,0,0,42,37,0,1,0,0,41,1,0,0,57,0,13,54,0,0,0,0,0,0,0,0,103,2,0,0,0,56,1,0,0,13,1,20,7,0,0,0,1264,0,44,0,61,0,0,0,0,0,0,17,0,0,0,0,1,49,0,0,0,0,0,0,0,0,6,0,0,101,0,0,0,56,0,3,0,113,0,19,0,1,0,0,0,0,0,9,0,0,0,0,0,0,0,0,0,0,0,0,0,0,0,11,2,1,0,0,0,0,0,228,0,0,0,0,0,7,0,0,0,0,0,0,61,24,0,0,0,0,0,0,0,0,0,0,277,0,25,0,0,0,0,0,0,0,0,0,1,10,0,214,0,11,15,0,0,0,0,0,0,0,6,123,0,0,170,0,0,7,0,0,11,0,0,0,0,0,0,0,24,0,0,0,0,84,0,48,14,5,0,0,0,0,0,0,7,0,0,1,0,0,4,5,110,0,0,0,0,1,0,4,196,0,0,424,0,0,0,0,0,23,11,0,0,0,0,9,5,9,0,0,44,0
"179",0,0,0,0,0,0,33,0,0,0,0,0,0,0,0,0,0,0,0,0,0,0,0,21,0,4172,0,0,382,0,0,0,0,0,0,0,0,0,0,0,1,0,0,0,0,0,0,0,0,0,0,0,0,0,0,0,0,0,0,285,0,0,0,0,0,0,0,0,0,0,0,0,0,0,0,0,0,0,0,0,0,0,0,0,0,6,0,1,0,0,0,31,48,0,0,0,0,0,0,0,0,1,0,0,0,0,0,462,0,0,0,0,0,0,0,0,0,0,382,0,0,0,0,0,1213,0,32,0,0,0,0,0,0,3,0,0,0,0,0,0,0,0,0,0,0,0,0,0,0,0,35,0,0,0,0,0,0,0,0,0,0,0,0,4,0,0,0,0,0,0,14,0,1,0,0,0,0,0,307,0,0,0,0,0,27,0,0,0,0,0,0,0,0,0,0,0,0,0,0,0,0,0,0,1,0,116,0,0,3,0,0,0,0,0,0,0,100,0,0,0,118,0,0,0,0,0,0,0,105,0,0,0,0,55,0,0,8,0,0,9,0,0,0,0,0,0,0,0,0,0,0,0,80,0,0,0,12,0,0,0,0,0,0,0,0,0,0,0,0,121,0,0,153,0,0,0,0,0,0,651,0,0,671,0,0,0,0,0,0,0,0,0,0,0,0,0,50,0,0,313,0
"180",0,0,0,0,0,0,1,0,0,0,0,0,1,56,2148,0,0,0,0,0,0,0,0,34,0,7,0,0,42,10,0,0,0,45,0,0,1,0,0,1,0,0,0,0,0,995,0,0,0,0,0,0,0,0,0,0,0,4,0,584,0,81,0,0,0,0,241,0,0,0,0,0,0,0,0,0,0,0,0,0,0,0,0,0,41,50,27,0,5,20,0,40,26,0,0,57,0,0,135,0,0,0,0,0,0,0,470,396,0,0,0,0,0,137,0,0,0,0,24,0,0,0,59,1,13,0,0,0,0,0,0,0,0,5,0,0,129,0,0,0,0,0,0,0,0,0,0,0,0,0,0,0,0,0,0,0,0,0,0,0,0,0,0,0,0,0,0,10,0,0,0,1,0,0,0,0,0,0,0,0,0,0,0,0,0,0,0,0,0,0,0,177,7,0,0,38,0,0,0,0,572,0,0,0,0,0,0,19,0,0,0,0,0,0,0,0,572,0,295,0,0,0,0,0,0,0,0,0,0,0,0,0,0,0,0,0,0,0,0,0,0,0,0,0,0,0,0,0,0,0,0,0,0,0,0,192,0,0,0,0,0,0,0,0,0,0,0,0,0,14,0,0,1,0,8,0,0,0,0,1768,0,0,81,0,0,276,0,0,0,0,0,0,0,0,0,0,0,0,0,161,0
"181",0,0,0,5,0,0,0,29,0,0,0,0,0,0,7,0,0,0,1,0,0,49,0,0,0,1122,0,0,13,23,0,0,0,0,5,0,11,0,0,0,0,1,0,0,0,4,0,0,0,0,1,18,0,0,0,2,1,5,0,19,0,1,0,44,0,10,12,1,3,147,21,0,0,0,0,0,0,0,0,106,0,8,26,0,0,9,0,0,0,259,4,1,56,0,0,0,0,0,0,2,0,0,0,1,0,0,0,2528,0,0,8,0,0,47,0,0,0,0,1,2,0,0,0,0,116,17,0,0,0,0,0,0,0,15,0,0,13,0,0,0,184,0,0,0,136,0,47,0,0,2,0,0,0,33,1,0,0,0,8,0,0,0,0,0,0,0,0,4,0,2,11,10,2,0,0,0,0,0,108,0,0,0,0,0,51,0,0,0,0,0,21,2,2,0,0,0,0,1,0,0,0,0,0,54,0,62,0,0,0,0,5,0,2,0,0,1,0,7,0,0,0,0,0,0,2,0,0,0,22,2,70,0,0,278,0,0,4,0,1,0,0,0,0,0,0,12,0,0,3,0,0,0,0,0,0,2,12,0,0,0,0,0,0,6,3,0,0,0,0,259,0,0,0,0,0,0,9,21,0,2396,0,0,94,0,0,0,0,1,21,0,0,0,0,0,759,0,209,0,0,0,0
"182",0,0,0,0,7,0,0,0,0,0,0,0,0,22,19,1,0,0,0,0,0,0,0,0,0,2798,0,4,7,7,0,295,0,0,0,0,0,42,0,0,0,0,0,0,0,1073,0,0,0,0,0,0,0,0,0,0,0,0,0,182,0,0,0,2,0,0,33,0,0,0,19,0,0,0,0,0,0,0,0,36,0,0,0,0,0,107,0,0,0,0,0,12,0,0,0,0,0,3,46,0,0,0,0,0,0,0,0,49,0,0,0,0,0,0,0,0,0,0,79,0,0,0,0,1,176,0,0,0,0,0,0,0,0,0,0,0,324,0,2,0,48,1,0,1,0,0,65,0,0,0,16,17,0,0,1,0,0,0,0,37,0,0,0,0,0,0,0,0,0,0,6,4,0,0,0,0,0,234,0,0,0,0,0,3,51,0,0,355,0,4,0,67,0,0,0,0,0,0,1,2,0,0,0,0,0,23,1,0,1,1,0,0,0,0,0,1,0,83,44,0,0,0,0,0,0,7,0,0,0,0,0,1,0,302,21,0,0,0,0,44,0,57,0,0,0,0,0,0,0,0,0,0,0,0,0,192,15,0,0,0,0,0,0,35,2,0,0,2,0,5,5,0,59,5,0,0,0,0,0,2055,0,0,74,0,0,0,0,0,0,119,0,0,0,0,36,0,39,0,0,215,0
"183",0,0,0,0,0,0,0,0,0,0,6,0,0,0,10,0,0,0,0,0,0,2,0,5,0,498,0,0,30,0,153,0,0,33,5,0,0,0,0,0,0,0,0,0,0,1,0,0,0,0,0,0,0,0,0,0,0,1,0,0,0,0,0,0,0,0,0,0,0,0,0,0,0,0,0,0,0,0,0,0,0,0,0,0,2,1,0,0,0,53,0,47,113,0,0,0,0,0,0,0,0,99,0,1,0,0,0,1756,0,0,0,0,0,4,0,0,0,0,107,2,0,0,0,0,223,0,0,0,0,0,0,0,1,3,0,1,4391,0,0,0,0,0,0,0,0,0,11,1,0,0,10,0,0,0,0,0,2,0,0,0,0,0,0,0,0,0,0,0,0,1,0,16,0,1,0,0,0,0,16,0,0,0,0,0,0,14,0,0,0,0,0,100,1,0,0,0,0,0,0,0,0,0,0,73,444,71,0,0,1,10,0,0,0,0,2,2,0,3,0,0,0,0,0,0,0,0,0,0,1,0,0,0,0,10,0,0,39,0,0,1,0,0,44,0,3,0,0,0,0,0,0,0,0,0,8,3,0,0,0,3,0,0,0,0,0,0,0,0,0,671,0,0,33,0,0,0,0,0,0,337,0,0,43,0,0,0,0,0,0,15,0,0,0,0,0,0,0,0,0,12,0
"184",16,0,0,0,0,0,0,20,0,0,0,0,0,0,26,0,7,0,0,0,28,8,0,1,0,607,0,0,8,14,1,0,0,52,0,0,93,0,0,0,1,0,0,0,0,0,0,0,25,0,0,0,0,0,0,0,0,3,0,0,0,0,0,0,0,0,1,1,0,30,0,0,0,0,0,0,0,0,0,0,0,0,0,0,0,1,0,0,1,1030,0,2,3,0,0,0,0,0,82,11,0,4,0,0,0,0,0,115,0,0,0,0,0,57,0,0,0,0,13,47,0,0,18,25,1428,0,0,0,0,0,0,215,0,0,50,0,12,0,0,0,2,0,0,0,0,0,0,10,0,14,20,0,0,3,0,0,18,0,0,0,0,0,0,0,0,0,0,0,0,0,0,0,0,0,0,0,0,0,0,0,0,0,0,0,0,0,0,132,0,0,0,277,1,1,0,18,0,0,0,0,0,0,0,0,0,0,0,0,3,1,0,0,0,0,15,0,2,0,1,0,0,0,0,0,0,0,0,0,39,0,128,0,0,45,0,0,0,0,0,0,0,0,0,0,1,3,0,70,0,0,0,0,0,1,0,1,0,0,0,0,0,0,7,2,0,0,0,0,0,1,0,0,82,0,8,0,0,0,0,4455,0,0,496,0,0,0,0,1,0,0,0,0,0,0,63,0,260,0,0,34,0
"185",0,0,0,0,0,0,0,1,0,0,0,0,0,0,60,0,0,0,0,0,0,11,0,0,0,709,0,0,39,25,0,0,0,0,0,0,17,0,0,0,1,0,0,177,0,262,0,0,0,0,0,0,0,0,0,3,0,2,0,20,0,0,0,0,0,0,119,0,84,233,5,0,0,0,0,0,0,0,0,0,0,2,0,0,52,0,0,0,0,0,0,22,0,0,0,0,0,0,52,0,0,9,0,0,1,0,321,1602,0,909,0,0,0,0,0,0,0,0,220,4,0,0,4,0,83,55,0,0,0,0,0,43,0,0,0,0,637,2,0,0,41,0,0,0,0,0,0,9,0,0,6,0,0,5,0,0,0,0,0,36,0,0,0,1,0,0,0,0,0,4,0,0,0,2,0,0,0,0,204,0,0,0,0,0,0,0,0,0,0,0,0,43,3,0,0,0,0,0,0,0,0,0,0,12,0,0,0,0,1,13,0,0,10,0,4,1,82,12,0,0,147,0,0,0,0,0,276,0,5,0,0,0,0,293,0,0,0,0,0,1,0,0,201,0,0,0,0,0,0,0,0,1,0,0,0,0,0,0,0,0,1,0,0,3,0,0,0,0,0,2153,0,0,331,0,0,0,0,0,9,84,0,0,210,0,0,0,0,2,0,0,0,0,0,0,75,0,45,0,0,38,0
"186",0,0,0,0,0,0,1,0,0,0,0,0,0,0,0,0,0,0,0,0,0,0,0,6,0,2273,0,0,24,0,0,0,0,215,0,0,11,967,3,0,0,0,0,0,0,22,0,0,0,0,0,0,0,0,0,0,0,0,0,0,0,0,0,0,0,0,29,0,0,0,0,0,0,0,0,0,0,0,0,0,0,0,0,0,0,0,187,0,0,0,0,4,5,0,0,0,0,0,0,0,0,0,0,0,0,0,0,603,0,0,0,0,0,35,0,0,0,0,383,0,0,0,0,0,63,0,0,0,0,0,0,0,0,1,0,0,88,0,0,0,40,0,0,0,0,0,0,0,0,0,70,74,68,0,0,0,0,0,0,48,0,0,0,0,0,0,0,0,0,0,0,0,0,0,21,0,0,0,0,0,0,0,0,0,0,0,3,0,0,0,0,0,4,0,0,0,0,0,0,0,0,0,0,0,0,27,0,0,0,6,0,0,0,0,7,0,0,0,58,0,0,0,0,0,0,93,0,0,0,0,0,0,0,156,0,0,0,0,0,0,0,0,0,0,0,0,0,0,0,0,0,0,0,0,0,0,0,0,0,0,0,0,0,0,0,0,0,0,0,21,0,0,76,0,0,0,0,0,6,3933,0,0,255,0,0,0,0,0,0,0,0,0,0,0,0,0,41,0,0,81,0
"187",0,1,0,0,0,0,1,0,0,0,0,0,0,0,12,0,0,0,0,0,0,8,0,1,0,2093,0,0,2,0,63,0,0,27,0,0,88,49,0,0,0,0,0,0,0,110,0,1,0,0,0,0,0,0,0,0,0,1,0,12,0,0,0,0,0,0,0,0,10,118,0,0,1,0,0,0,1,0,0,60,0,7,61,0,0,2,0,0,0,15,0,4,7,0,0,0,0,0,18,0,0,0,0,0,1,0,0,3240,0,16,0,17,0,0,0,0,0,0,91,0,0,0,0,1,342,0,14,0,0,0,40,145,0,0,0,0,1,0,0,0,3,0,0,0,0,0,9,0,0,0,31,0,0,0,1,0,0,0,0,4,0,0,0,1,0,0,0,0,0,0,2,0,0,0,0,0,0,0,250,2,0,0,0,0,7,0,0,0,0,0,0,33,1,3,0,0,0,3,0,0,218,0,0,8,18,23,1,0,3,1,0,0,0,0,0,1,142,0,5,0,0,6,0,0,1,0,0,0,48,2,0,1,0,31,0,0,0,0,0,4,0,0,0,0,0,0,0,0,0,0,0,0,0,0,3,1,0,0,0,0,7,0,0,1,0,0,0,0,10,78,0,0,3,0,4,0,0,0,5,1886,0,0,154,0,0,1,0,0,0,21,0,0,0,0,53,0,6,0,0,78,0
"188",0,0,0,2,0,0,3,0,0,0,0,0,0,0,3,0,0,0,0,0,42,42,0,3,1,2762,0,0,36,0,360,0,0,32,0,0,0,0,0,0,0,0,0,15,0,1287,0,0,0,0,0,0,0,0,0,0,0,0,0,0,0,0,0,0,0,0,1099,0,8,190,12,0,0,0,0,0,0,0,0,355,0,0,0,0,214,3,0,14,0,17,0,13,0,0,0,0,0,0,0,0,0,0,0,0,0,0,0,300,0,0,0,0,0,0,0,0,0,0,215,0,1,0,0,0,29,0,0,0,0,0,0,259,0,0,0,0,12,0,0,0,20,0,0,0,0,0,0,0,0,0,8,0,0,0,1,0,0,0,0,60,0,0,0,0,0,0,0,0,0,0,10,0,0,0,0,0,0,71,286,0,0,0,1,0,22,0,0,0,0,0,0,165,1,4,0,0,0,0,0,0,0,0,0,72,0,21,0,0,0,10,0,0,5,0,0,0,76,0,0,0,0,0,0,0,0,0,0,0,38,0,161,0,0,234,0,0,1,0,0,14,0,0,27,0,0,0,0,0,0,0,47,0,0,0,7,14,92,0,0,0,14,0,0,0,0,0,0,0,0,3,0,29,34,0,0,0,0,1,4,1228,0,0,219,0,0,0,0,0,115,0,25,0,0,0,3,0,3,0,0,99,0
"189",1,1,0,0,12,0,0,0,0,0,0,0,0,0,12,0,0,1,1,0,19,8,0,0,0,2406,0,0,18,4,122,0,0,22,0,0,0,0,0,0,0,0,0,0,0,4,0,6,2,0,1,0,1,0,0,0,0,0,0,1,1,0,0,1,0,0,44,0,0,0,18,1,0,0,0,0,1,0,0,1,0,5,4,0,0,1,0,0,0,25,0,9,0,0,0,0,0,0,34,0,0,0,0,0,5,0,0,238,0,34,0,0,0,59,0,1,0,0,32,0,0,0,0,1,34,0,0,0,1,0,19,0,38,0,0,0,129,0,1,0,1,0,0,0,0,0,1,0,0,0,1,0,0,16,0,0,0,0,0,18,0,0,0,0,0,0,1,20,0,0,1,0,0,0,0,0,1,1,63,1,0,0,0,0,1,0,0,71,0,0,0,25,0,1,0,0,0,0,0,0,0,0,104,499,0,1,1,0,0,0,0,40,0,0,3,0,15,9,1,0,10,16,0,0,0,0,0,0,60,0,0,0,0,169,0,0,1,0,0,3,1,0,0,0,0,28,0,0,0,0,0,1,1,0,5,0,0,0,3,4,1,0,0,1,0,0,0,0,3,2791,0,0,426,0,4,0,0,0,1,2434,0,0,44,0,0,0,0,0,0,14,0,0,1,0,0,0,1,0,0,29,0
"190",0,0,0,0,0,0,33,5,1240,1,3,0,0,0,0,0,3,1,1,1,49,25,0,0,1,0,2,0,15,0,0,361,0,74,0,0,55,84,1,0,0,0,250,5,0,569,0,1,0,0,0,0,1,0,0,3,0,0,0,11,1,0,0,0,70,82,74,0,0,0,17,0,0,14,0,0,0,7,0,31,2,12,23,0,155,4,4,0,0,19,756,10,143,0,0,0,0,0,8,1,0,0,0,0,19,1,14,1332,0,0,1,0,0,14,3,3,0,0,147,1,0,0,0,1,59,3,0,0,3,0,0,214,0,1,0,0,7,5,0,3,25,4,1,0,0,0,8,0,0,0,7,1,0,7,0,0,0,0,0,23,0,0,1,4,0,0,1,0,0,0,3,0,36,1,0,0,0,40,144,1,8,5,6,0,23,0,0,0,77,0,0,45,4,4,128,0,0,0,0,0,0,0,0,1,0,49,0,0,1,12,0,0,4,0,5,0,79,0,124,24,0,28,0,1,0,2,0,0,1,6,135,0,0,642,0,0,1,0,0,0,1,27,0,0,1,0,0,43,2,0,32,1,13,0,5,14,27,0,0,11,4,33,0,1,0,0,0,0,0,0,0,24,64,0,7,0,5,0,29,2128,0,0,24,0,0,0,0,0,0,6,0,0,0,0,38,0,6,0,0,95,9
"191",0,0,0,0,0,1,0,0,0,1,3,0,0,73,23,0,0,0,0,0,42,16,0,3,0,987,0,0,13,83,1,0,0,205,0,0,5,54,1,0,0,1,0,39,0,157,0,5,1,0,2,0,0,0,0,0,0,0,0,6,3,0,0,0,0,0,17,0,4,0,27,1,1,9,0,0,0,0,0,7,0,0,4,1,68,1,0,0,0,34,9,8,171,0,0,0,0,0,32,0,0,0,0,22,2,0,144,2675,0,0,0,0,0,46,0,0,0,0,532,1,0,0,0,1,36,415,0,0,0,0,94,26,0,0,0,11,10,0,0,0,4,0,0,0,0,0,0,2,0,0,16,0,0,0,0,0,0,0,0,2,0,0,1,0,0,0,1,0,0,0,1,0,6,0,0,0,3,80,71,2,0,0,0,0,0,0,0,0,0,0,0,55,1,4,5,0,0,0,0,0,0,0,0,85,0,5,6,0,0,0,0,0,0,15,22,0,26,0,410,0,0,15,0,0,0,0,0,0,193,0,175,0,0,7,0,0,10,0,0,0,15,0,0,0,0,0,0,0,0,0,0,2,7,0,5,15,10,11,0,20,2,0,0,2,0,0,0,0,0,97,0,45,15,0,0,0,0,0,0,1898,1,0,143,0,0,0,6,0,0,72,0,0,0,0,35,0,1,0,0,34,0
"192",0,0,0,5,0,0,1,0,1,0,0,0,0,26,95,0,0,0,0,0,0,43,0,0,0,1240,0,0,0,0,353,0,0,0,0,0,0,47,0,0,1,0,0,56,0,109,0,0,0,0,0,0,0,0,0,0,0,0,0,189,0,8,0,0,0,0,572,0,1,0,61,0,0,0,1060,0,0,0,0,232,0,0,0,0,173,70,0,0,0,10,610,52,4,0,0,0,0,0,16,0,0,27,0,0,2,0,0,2061,0,0,0,0,0,61,0,0,0,0,87,0,1,0,0,2,746,0,0,0,0,0,0,0,0,0,0,0,0,1,0,0,0,0,0,0,0,0,0,0,0,0,8,0,0,0,0,0,0,0,0,1,0,0,0,0,0,0,0,0,0,0,0,0,94,0,0,0,0,0,385,0,0,0,0,0,0,1,0,0,0,0,0,81,0,0,0,1,1,0,0,0,0,6,0,16,0,0,0,0,0,0,0,0,28,0,21,0,138,0,0,0,0,0,0,0,0,0,0,0,78,0,13,0,0,12,0,0,0,0,0,0,0,1,0,0,1,0,0,1,0,0,0,0,0,0,0,0,0,0,0,0,1,0,0,0,0,0,0,27,0,5,0,0,22,0,1,0,0,0,46,246,0,0,48,0,0,0,0,0,49,0,0,0,0,0,0,0,3,0,0,111,0
"193",0,24,4,0,0,0,0,0,0,0,0,0,0,0,34,0,14,0,0,110,116,33,0,0,0,1254,0,0,195,22,29,0,0,299,0,0,11,93,0,0,0,0,0,0,0,0,0,13,0,0,0,0,5,0,49,0,0,10,0,165,0,0,0,0,0,10,106,0,0,0,0,0,0,0,0,0,0,0,0,73,0,0,298,0,0,5,953,132,0,26,0,12,0,0,0,3,16,0,0,0,7,31,0,0,0,0,0,41,0,0,0,0,0,0,0,4,0,0,282,0,0,0,0,6,0,0,2,0,7,0,31,88,0,3,0,0,14,0,0,0,11,0,0,0,0,0,4,0,1,0,23,35,0,0,0,0,56,0,0,0,0,0,0,592,0,0,0,0,0,0,5,0,0,0,15,0,0,0,0,0,0,0,0,44,14,0,0,0,0,0,1,213,0,13,0,0,0,0,1,0,0,0,0,1,0,4,0,2,0,0,0,34,0,26,0,0,60,308,0,0,0,20,0,0,0,0,0,9,0,0,0,0,0,39,0,0,0,1,0,6,0,0,0,0,0,78,0,0,0,0,0,0,4,0,73,0,7,0,13,0,2,0,0,6,0,0,0,0,0,26,0,74,67,0,26,0,0,0,9,2501,0,0,422,0,0,0,0,0,0,6,0,0,0,0,0,9,28,0,0,29,0
"194",0,2,0,0,11,0,0,0,0,0,0,0,0,0,0,0,0,0,0,0,3,0,0,91,0,281,0,0,162,19,0,0,0,62,0,0,0,0,0,0,0,0,0,21,0,27,0,0,2,0,0,0,0,0,0,0,0,0,0,0,0,0,89,0,0,0,0,0,0,0,0,0,0,0,0,0,0,0,0,88,0,0,312,0,0,0,8,0,0,0,0,0,26,0,0,0,0,0,10,0,0,38,0,0,0,0,0,5755,0,51,0,0,15,0,0,51,0,12,0,0,0,0,0,3,46,0,0,0,0,0,60,19,0,0,0,0,16,0,0,0,0,0,0,0,0,0,0,0,0,0,3,0,0,0,2,0,0,0,0,0,0,0,0,0,0,0,0,0,0,0,0,0,1,0,0,0,0,0,0,0,0,0,0,0,0,0,0,0,0,0,3,0,3,4,0,0,0,0,0,0,1,0,132,0,0,0,9,0,0,60,0,0,0,0,0,0,0,0,119,0,0,0,0,0,0,0,0,0,0,0,0,4,0,932,0,0,0,0,0,0,0,0,0,0,0,98,0,0,0,0,0,0,0,2,0,0,0,0,0,0,0,0,0,8,0,0,0,0,0,324,0,0,0,0,0,0,0,0,0,0,0,0,487,0,0,0,0,0,0,0,0,0,0,0,0,0,26,0,0,0,0
"195",0,0,0,0,0,1,1,10,0,0,1,1,1,0,61,0,3,1,1,9,13,4,0,2,0,3315,0,0,40,45,4,0,0,100,0,0,412,124,0,0,12,0,0,63,0,85,0,1,0,0,4,0,0,0,19,1,0,0,0,64,1,1,1,1,0,0,1,0,0,0,10,1,1,0,0,0,0,0,0,2,0,1,1,0,81,2,0,1,0,39,0,85,26,0,0,0,0,0,15,0,0,1,0,1,1,0,81,1,0,0,0,0,0,565,1,0,0,1,7,8,0,0,0,1,1074,4,0,67,1,0,14,3,0,0,0,0,776,0,0,0,19,0,1,0,2,0,1,1,1,0,1,26,0,1,1,0,0,0,0,31,0,0,0,0,1,0,2,0,0,0,1,0,0,0,18,0,1,0,4,1,0,0,0,0,1,0,1,0,0,0,0,310,2,1,225,0,0,1,0,5,70,0,0,1,0,2,2,0,0,13,0,0,0,0,13,1,26,2,325,1,2,2,0,0,0,4,9,0,72,1,95,0,0,224,0,0,1,0,0,1,0,0,0,0,0,1,8,0,1,0,0,2,11,0,3,122,4,1,2,1,1,0,0,11,0,0,0,0,1,2,98,5,51,0,7,0,0,0,3,703,0,0,61,0,0,0,0,1,1,35,0,0,0,0,104,0,43,0,0,56,0
"196",0,0,0,0,1,0,0,13,0,0,0,1,0,0,0,0,0,0,0,0,31,51,0,0,0,2130,4,0,180,7,0,0,0,0,0,0,11,170,0,0,0,0,0,33,0,201,0,0,0,0,0,0,0,0,19,0,0,0,0,54,1,65,0,1,0,0,44,0,0,274,5,0,1,0,0,0,0,0,0,88,0,1,17,1,353,4,98,0,0,12,0,34,0,0,0,0,0,0,41,0,6,0,0,1,11,4,0,1746,17,39,0,0,0,9,0,28,0,0,173,0,0,0,0,1,175,245,0,9,1,0,77,150,0,3,0,0,117,1,0,0,0,0,0,0,0,0,29,1,0,0,15,41,0,0,1,0,0,0,7,113,0,0,0,1254,0,1,0,0,0,0,18,0,1,0,0,0,0,62,115,1,0,0,0,0,8,0,0,0,32,0,0,16,0,0,9,0,0,1,0,0,0,0,0,1,0,66,3,0,0,3,0,0,10,7,7,0,84,15,0,3,0,8,0,0,0,0,76,0,19,21,34,1,0,194,0,0,4,0,0,35,0,0,0,0,1,0,0,0,0,0,1,0,0,0,10,4,0,0,6,0,4,0,0,3,0,0,0,0,42,60,6,44,292,0,0,0,0,0,27,641,0,0,423,0,0,0,0,0,0,14,0,0,0,0,0,0,8,0,0,97,0
"197",0,0,0,0,0,0,0,0,0,0,0,0,0,0,0,7,0,0,0,0,116,13,0,0,0,2138,0,0,55,75,9,0,0,19,0,0,2,0,1,0,0,0,0,79,1,88,0,0,0,0,1,0,3,0,0,0,0,0,0,11,0,0,0,0,0,0,116,0,0,0,6,0,0,322,0,0,0,0,0,21,0,0,218,0,0,0,180,0,0,20,0,49,12,0,0,0,0,0,45,10,0,2,0,0,0,0,0,587,0,0,0,0,0,516,0,1,0,0,201,1,0,0,0,1,35,0,0,0,0,0,0,583,0,1,0,0,1565,0,0,0,283,0,0,0,0,0,0,0,1,0,0,28,1,0,1,0,0,0,0,24,0,0,0,1,1,0,4,0,0,0,2,0,7,0,0,0,0,8,101,0,0,0,21,0,0,0,0,0,0,0,17,53,0,10,0,0,0,0,0,0,0,0,0,0,0,0,0,0,3,0,0,0,0,1,0,0,62,0,228,0,0,0,0,0,0,0,0,0,226,0,154,0,0,68,0,0,0,0,0,0,0,0,0,0,0,0,0,0,0,0,0,0,21,0,28,0,15,0,0,0,11,0,0,3,0,0,0,0,0,1,0,0,100,5,0,1,0,0,3,862,0,72,3,0,0,0,0,0,0,7,0,0,0,0,92,0,7,0,0,38,0
"198",0,0,0,0,0,0,207,0,0,0,0,0,5,0,22,0,0,0,0,0,68,0,8,147,0,1,0,0,55,57,0,0,0,151,0,0,20,1077,0,0,0,0,0,0,0,0,0,0,1,0,0,0,0,0,30,0,0,0,0,0,0,0,0,0,0,0,0,0,0,0,0,9,6,15,0,667,0,0,0,190,0,6,0,0,0,0,24,0,0,161,0,31,26,0,0,0,0,0,359,0,0,0,0,0,0,0,5,640,0,3,0,0,0,63,0,0,0,0,3,0,0,0,0,0,351,0,0,0,0,0,14,82,0,0,0,0,18,0,0,0,26,0,0,0,0,0,2,5,0,0,3,0,0,0,20,0,0,0,0,0,0,0,0,0,0,0,0,0,0,0,0,0,12,0,0,0,0,0,0,10,0,0,0,0,12,0,0,0,0,8,0,78,15,0,0,0,0,0,0,0,0,0,0,3,0,432,6,2,0,31,0,0,0,0,21,0,0,26,795,0,337,0,0,0,0,0,0,0,82,0,0,1,0,249,0,0,0,0,0,30,0,0,0,0,0,0,0,0,0,0,0,0,0,0,270,0,0,0,73,91,0,0,35,3,0,0,0,0,0,8,0,0,219,0,0,0,0,0,0,1327,0,0,350,0,0,0,0,0,0,14,0,0,0,0,650,0,7,0,0,246,0
"199",0,0,1,0,0,0,1,0,0,0,1,0,0,0,32,0,0,1,1,0,0,49,0,14,0,1441,0,0,5,12,464,0,0,45,2,0,57,40,0,0,0,0,0,10,0,64,0,0,0,0,15,0,0,0,0,1,0,0,0,276,0,35,1,0,24,0,124,0,0,36,16,0,0,7,0,0,0,0,0,204,0,16,23,0,133,0,0,0,1,20,0,14,1,0,0,8,0,0,0,21,0,0,0,0,0,0,0,854,0,0,0,0,0,0,0,0,0,0,130,1,0,0,0,0,45,0,1,0,0,0,0,0,0,1,0,1,174,0,0,0,0,0,0,0,0,8,19,0,0,1,5,0,1,0,0,0,21,0,90,36,3,0,0,0,0,0,0,1,0,0,0,0,0,0,0,0,0,0,400,0,0,5,0,0,7,6,0,0,0,0,0,101,0,0,0,0,0,0,0,249,0,0,0,10,0,6,0,0,0,6,0,0,0,0,0,0,70,0,128,11,28,0,0,0,0,0,0,0,0,0,142,0,0,756,0,0,3,0,0,654,0,0,0,0,0,0,0,1,0,0,0,0,15,0,0,0,0,0,0,4,0,0,0,0,0,0,0,0,0,20,0,19,0,0,3,0,0,1,1,3090,0,0,57,3,0,0,0,0,40,9,0,0,0,0,59,0,12,0,0,78,0
"200",0,0,0,0,0,0,0,0,0,0,0,0,1,0,10,0,0,1,0,54,44,16,0,0,0,3656,0,4,3,24,11,0,0,157,0,0,422,0,0,0,0,0,0,0,0,74,0,0,0,1,0,4,1,0,13,0,0,0,0,0,0,0,0,0,0,0,0,1,0,45,0,0,0,0,0,207,0,0,0,8,0,0,0,0,25,718,335,0,0,31,0,0,1,0,2,1,0,0,0,0,0,22,0,0,1,0,0,0,3,1,0,0,1,15,0,1,0,0,74,0,0,0,0,9,846,0,0,0,1,0,56,69,0,0,0,0,6,0,1,0,21,0,0,0,0,0,0,0,0,0,6,68,40,0,0,0,0,0,7,0,0,0,0,0,0,0,0,0,0,1,0,0,0,0,0,0,0,0,0,0,0,0,3,12,0,0,8,0,3,7,0,0,0,0,1,0,0,0,0,0,2,0,0,0,0,8,1,0,0,1,1,0,0,2,0,0,0,0,0,6,0,0,0,0,1,0,0,0,66,0,0,0,0,616,0,0,0,0,0,0,0,0,0,0,0,0,0,0,0,0,0,0,0,0,0,55,0,0,7,29,0,0,0,14,0,0,1,32,1,281,12,26,315,2,3,0,0,0,0,985,0,0,356,0,0,0,0,0,0,10,21,0,0,0,0,0,0,0,0,123,33
"201",0,0,0,0,0,0,1,32,0,0,0,0,0,437,3,0,0,1,0,0,72,26,0,0,0,868,0,0,3,1,0,0,0,12,0,0,20,182,0,0,0,0,0,35,0,502,0,1,0,0,0,0,0,0,13,0,0,0,0,249,0,0,0,0,0,0,8,0,0,0,0,0,0,221,0,0,0,0,0,169,0,0,10,1,0,0,1,0,0,136,17,0,1,0,20,1,0,0,222,0,0,0,0,0,0,0,151,1,0,18,0,0,0,7,0,0,0,22,7,0,1,0,0,1,61,0,0,0,0,0,23,178,0,0,0,0,1,0,0,0,1,0,0,0,0,0,9,1,0,0,12,0,0,0,0,0,0,0,0,28,0,0,0,2184,0,0,0,0,0,0,4,0,0,0,0,0,0,118,0,3,0,0,0,0,7,0,0,0,0,0,0,78,1,0,0,0,0,0,1,0,0,0,0,0,0,6,1,0,0,0,1,0,0,7,32,1,51,0,4,0,0,0,0,0,0,7,0,0,0,0,168,1,0,186,0,0,0,0,0,0,0,0,0,0,1,0,0,0,0,0,380,3,0,0,3,1,0,0,6,23,1,0,0,3,0,0,0,833,11,1,0,18,12,0,0,0,0,0,5,2238,0,0,157,0,0,0,0,1,0,36,0,0,0,0,182,0,3,38,0,98,0
"202",0,0,1,0,0,0,3,0,0,1,0,0,0,0,14,0,0,1,0,1,51,23,0,4,0,2840,0,0,52,68,381,0,0,23,0,0,9,0,0,0,0,0,0,0,0,145,0,1,0,0,16,0,0,0,12,1,0,0,0,5,1,0,0,0,0,0,44,0,0,206,29,0,0,0,0,27,1,0,0,2,0,0,1,0,0,0,31,0,0,180,0,6,2,0,0,10,0,0,0,0,0,22,0,0,2,1,8,18,0,0,0,0,0,182,0,1,0,0,55,14,0,0,0,1,52,34,0,0,2,0,7,34,0,0,0,0,287,0,0,0,1,0,0,0,0,0,10,0,0,0,21,0,0,18,0,0,0,0,0,9,0,0,0,1,3,0,0,0,0,0,4,0,0,0,0,0,5,129,362,1,0,0,0,0,0,0,0,0,0,0,0,52,0,0,0,0,0,0,0,70,0,0,0,105,0,2,2,0,0,31,1,0,0,8,39,0,113,93,19,0,0,41,0,0,2,0,0,0,143,0,18,0,0,193,0,0,1,0,0,0,3,0,0,0,3,0,0,0,0,0,0,1,15,0,0,1,1,0,6,4,0,0,0,3,1,0,0,0,0,13,0,17,53,914,0,1,0,0,0,2355,0,2,60,0,0,0,0,1,0,37,0,0,0,0,0,0,3,0,0,228,0
"203",0,0,0,0,0,0,1,0,0,0,1,1,0,214,6,0,0,0,0,0,16,172,0,0,1,1923,0,0,11,0,0,54,0,109,0,147,64,367,0,0,0,0,20,65,5,1055,65,0,0,0,0,0,0,0,0,0,0,0,0,6,0,1,1,0,1,0,0,0,0,0,3,0,0,1,0,0,0,0,0,43,1,1,0,0,37,0,0,0,0,37,3,0,0,0,0,0,0,0,40,0,0,0,0,1,2,0,124,159,21,0,0,0,0,75,0,0,0,1,104,1,0,0,0,0,191,0,0,0,0,2,108,300,0,0,0,0,0,0,0,0,0,0,0,0,11,0,56,2,0,0,15,0,0,0,0,0,0,0,35,40,0,0,0,0,0,0,0,0,0,0,0,0,0,0,0,0,0,0,520,0,0,0,0,0,28,0,1,0,5,0,0,94,0,0,0,0,0,0,0,0,83,0,0,0,265,11,0,0,0,3,0,0,4,0,4,0,164,19,80,2,0,18,0,0,0,1,0,0,16,0,74,0,0,256,0,3,0,0,0,0,0,0,78,5,0,0,0,0,0,0,0,6,27,0,0,0,0,1,8,0,0,4,0,0,0,0,0,2,6,4,0,110,269,0,0,0,0,3,24,1089,0,0,259,0,0,0,0,0,7,34,1,10,0,0,16,0,0,49,0,127,0
"204",0,0,0,0,6,0,1,12,5,0,1,1,0,0,36,0,0,0,0,1,3,9,0,3,0,597,0,0,2,40,1659,0,0,27,0,0,72,59,2,0,0,1,0,6,0,1,0,2,0,0,0,20,0,0,2,0,0,0,0,201,0,0,0,0,0,1,292,0,0,0,3,0,0,0,0,0,0,0,0,8,0,1,2,0,1,0,175,0,0,24,17,42,49,0,55,81,0,0,6,0,0,0,0,0,1,2,1,366,0,6,0,0,0,534,0,6,0,0,12,0,0,1,0,1,57,59,0,0,2,0,4,3,65,3,0,0,15,0,0,0,8,0,0,0,0,0,0,1,0,0,4,21,0,4,0,0,0,0,1,42,1,0,0,1,0,0,0,0,0,1,4,0,1,0,0,0,0,60,392,0,5,0,0,0,2,0,0,46,36,0,0,38,1,0,0,1,0,1,0,0,0,0,1,3,0,43,6,0,3,2,0,0,3,7,13,0,19,1,305,1,0,0,73,0,1,0,2,0,34,6,31,1,0,1455,0,0,2,0,1,0,1,0,0,2,0,0,0,0,0,0,0,3,21,0,0,12,11,1,15,3,2,0,0,4,0,0,0,656,0,516,2,21,15,0,0,2,0,1,8,458,0,0,117,0,0,0,0,0,8,29,0,0,0,0,40,7,3,2,0,48,0
"205",0,0,0,0,0,0,1,4,0,0,0,0,0,4,0,0,0,0,0,0,0,53,0,0,1,1981,1,0,13,34,0,0,0,39,0,0,12,36,0,1,0,0,110,97,0,119,0,0,1,0,0,0,0,0,144,0,0,0,0,10,0,1,0,0,0,0,191,0,0,0,92,0,3,2,0,0,0,0,0,52,0,9,269,0,13,0,0,0,0,105,0,36,0,0,0,7,0,1,0,0,0,0,0,0,0,0,75,965,0,213,0,225,0,49,0,0,0,0,0,0,0,0,0,96,486,0,0,0,32,0,48,12,0,0,0,0,392,0,0,0,0,0,0,0,0,0,0,0,0,0,4,0,0,0,178,0,0,0,14,9,0,0,0,380,0,0,0,0,0,0,0,0,0,0,0,6,0,0,74,0,0,0,0,0,0,0,0,0,0,0,0,88,0,0,0,0,0,0,0,0,3,0,0,0,429,0,0,0,0,24,0,0,4,20,0,0,70,0,85,1,0,88,0,0,0,0,522,0,92,0,124,0,0,619,0,0,0,0,0,0,0,0,0,5,0,12,171,0,0,0,0,0,0,0,0,0,0,0,5,0,0,0,0,0,0,0,0,0,0,0,0,7,0,0,0,0,0,0,3,1102,0,0,223,0,0,0,6,0,0,54,0,0,0,0,0,0,7,0,0,77,0
"206",0,0,0,48,0,0,3,1,0,0,0,0,0,158,840,0,0,0,0,0,1,12,0,0,0,1930,0,0,48,0,0,0,0,62,0,0,25,1,0,0,0,0,0,0,0,25,0,0,0,0,1,0,0,0,0,0,0,0,0,0,1,1,0,0,0,0,4,0,0,18,8,0,0,0,0,0,0,4,0,1,0,1,0,0,3,27,0,0,0,0,21,16,57,0,0,0,0,0,0,0,0,0,8,0,0,0,0,11,0,0,0,25,0,20,0,0,1,0,39,1,4,0,0,1,0,0,0,0,0,0,1,1,0,0,0,0,3887,0,79,0,10,0,0,0,0,0,1,0,0,3,1,0,0,5,1,0,0,0,6,0,0,0,0,0,0,0,0,0,1,12,0,0,0,0,0,0,0,1,13,1,0,0,0,0,0,0,0,0,0,0,0,8,1,1,18,0,1,0,0,0,0,0,0,34,0,6,0,0,0,0,0,0,0,0,1,0,14,5,0,0,3,17,0,0,0,0,0,0,43,0,0,0,1,375,0,0,1,0,0,1,0,0,0,0,0,19,0,1,0,0,0,0,0,1,7,18,5,0,1,0,1,0,0,0,0,1,0,0,0,97,15,0,678,0,6,0,0,0,2,332,0,0,98,0,0,0,0,0,10,0,0,0,0,0,0,0,35,0,1,15,0
"207",0,0,0,4,0,0,8,0,0,2,0,0,0,3,8,0,0,0,0,0,0,2,0,5,0,2710,0,0,13,0,251,0,0,599,0,455,3,16,0,0,0,0,0,0,1,0,0,0,0,0,0,0,0,0,0,0,0,9,0,0,0,0,0,0,0,0,67,1,4,0,0,0,0,70,53,0,0,0,0,0,0,0,0,0,0,3,0,0,0,3,0,10,553,0,0,0,0,0,0,0,0,0,0,0,0,0,0,1520,0,0,0,0,0,0,0,0,0,0,251,2,9,0,0,2,0,0,0,0,0,0,0,0,0,0,0,5,1,0,0,0,0,0,0,0,0,0,0,0,0,25,0,0,0,0,0,0,0,0,0,111,0,0,0,0,0,0,0,0,1,0,5,0,0,0,0,0,0,0,0,0,0,5,0,0,0,0,0,0,0,0,26,0,2,0,0,0,0,0,0,0,0,0,0,0,0,0,0,0,0,0,2,0,0,0,0,0,0,0,0,0,0,0,0,0,0,0,0,0,0,0,0,0,0,703,0,0,8,0,0,4,0,0,110,0,0,1,0,0,0,0,0,0,0,0,0,0,3,0,0,0,2,0,0,0,0,0,0,0,6,13,0,0,81,0,1,0,0,0,6,1254,0,0,677,0,0,0,0,0,34,0,0,0,0,4,0,0,0,0,0,54,0
"208",0,0,0,0,0,0,0,0,0,0,0,0,0,0,11,0,0,0,0,0,25,13,0,1,0,3595,0,0,6,0,0,0,0,60,0,0,28,0,0,0,0,0,0,0,8,54,0,0,9,0,0,0,0,0,0,0,0,0,0,54,0,40,1,0,0,0,16,0,0,0,20,0,0,0,0,0,0,0,0,2,0,0,0,0,0,1,0,0,0,25,0,8,9,0,0,2,0,0,44,43,0,66,0,0,0,0,0,169,0,0,0,0,0,1285,0,0,0,0,63,1,0,0,26,1,262,0,0,0,0,0,0,92,0,1,0,0,14,0,0,0,3,0,0,0,0,0,2,0,0,9,15,0,5,1,1,0,0,0,0,0,0,0,0,0,0,0,0,0,0,0,0,0,1,0,0,0,0,0,0,0,0,0,0,0,0,0,0,0,0,0,0,30,1,1,0,1,0,0,0,0,0,0,0,0,0,2,0,0,4,2,0,0,0,0,0,0,44,0,390,0,0,0,0,0,0,0,0,0,301,0,89,0,0,102,0,0,0,0,0,0,0,0,0,0,0,0,0,0,0,0,49,0,0,0,0,1,0,0,0,0,0,0,0,0,0,0,0,0,0,383,0,0,705,0,1,0,0,0,0,1343,0,0,309,0,0,0,0,0,0,0,0,0,0,0,10,0,1,0,0,109,0
"209",0,0,0,0,0,0,0,0,0,0,0,0,0,0,0,0,6,3,0,0,0,25,0,0,0,1808,0,0,14,0,0,70,0,249,0,0,0,0,0,0,0,0,0,0,0,14,0,0,0,0,0,0,0,0,0,0,0,0,0,11,0,0,0,1,0,0,35,0,0,0,158,0,0,0,0,0,0,0,0,24,0,0,0,0,0,8,23,0,0,84,224,0,19,0,0,0,0,0,0,0,0,9,0,0,0,0,0,934,2,0,0,0,0,45,3,8,0,0,89,10,0,0,0,0,495,18,0,0,13,0,0,0,0,1,0,0,15,0,0,0,84,0,0,0,0,0,5,0,0,19,45,0,0,0,0,0,0,0,11,0,0,0,0,0,0,0,0,0,0,0,0,0,1,0,0,0,0,0,17,7,0,0,0,0,0,0,0,0,0,0,0,0,0,0,0,0,0,0,0,0,0,0,0,9,0,10,0,0,0,0,0,0,9,0,0,0,0,0,216,0,0,0,0,0,0,7,0,0,0,0,0,0,0,0,0,0,5,0,0,0,0,0,0,0,10,10,0,0,0,0,0,0,0,0,0,5,0,0,0,0,0,0,0,0,0,0,0,0,0,7,0,0,538,0,0,0,0,0,0,4295,0,0,159,0,0,0,0,2,0,0,0,0,0,0,0,0,4,0,0,178,0
"210",0,0,0,0,0,0,0,0,0,0,0,0,0,0,60,0,0,0,0,0,0,1,0,0,0,2459,0,0,5,0,0,0,0,134,0,0,11,0,0,0,0,0,0,0,0,0,0,0,0,0,13,0,0,0,12,1,0,0,0,2,0,0,0,0,0,0,0,0,0,56,0,0,9,0,0,0,0,0,0,0,0,0,0,0,0,0,0,0,0,0,0,0,0,0,0,0,0,0,0,0,0,0,20,0,0,0,0,1018,0,0,0,0,0,0,0,0,0,0,113,2,19,0,0,4,166,0,0,38,0,0,37,0,0,0,0,0,128,0,0,0,176,0,0,0,0,0,44,0,0,0,0,0,0,4,0,0,0,2,0,265,0,0,0,0,0,0,0,0,0,0,0,0,0,0,0,2,12,257,13,0,0,0,0,0,0,0,0,0,0,0,0,0,0,0,0,0,0,0,0,0,0,0,424,0,0,19,0,0,0,0,0,0,0,0,4,0,0,0,0,0,0,5,0,0,0,0,0,0,9,18,38,0,0,300,0,0,0,0,0,0,0,0,0,0,0,0,1,0,0,0,0,0,0,0,0,0,0,0,0,0,0,0,0,12,0,0,0,0,0,1074,0,0,908,0,0,0,0,0,0,1724,0,0,58,0,0,0,0,0,0,8,0,0,0,22,0,0,0,0,0,0,0
"211",0,0,0,0,0,0,1,1,0,0,0,0,0,44,3,0,0,0,0,0,18,4,0,1,0,2493,0,0,2,0,0,0,0,158,0,0,149,48,1,0,3,0,0,24,0,31,0,0,0,0,0,0,0,0,1,0,0,0,0,0,0,36,0,0,0,0,11,0,10,0,2,0,0,12,0,57,0,0,0,0,0,0,0,0,44,1,29,0,0,83,221,4,2,14,0,0,0,0,29,0,0,0,0,0,1,0,1,1276,0,0,0,0,0,8,0,0,0,3,166,0,0,0,0,1,69,3,0,0,0,53,1,82,50,0,0,6,16,1,0,0,1,1,0,0,0,0,0,1,0,0,21,3,0,24,0,0,0,0,12,10,0,0,0,0,0,0,0,0,0,0,0,0,0,0,0,0,0,61,95,0,0,0,0,0,0,0,0,0,0,0,0,16,1,4,0,1,0,1,0,0,0,0,0,0,0,0,0,0,1,1,0,0,0,0,2,1,0,13,362,0,46,0,0,0,0,5,2,0,55,0,77,1,0,26,0,0,0,0,0,0,0,0,194,0,0,0,0,0,1,1,153,0,0,0,3,0,0,0,0,2,0,0,13,0,60,0,0,0,18,86,0,0,51,0,1,0,0,0,0,2785,0,0,20,0,0,0,0,0,0,3,0,0,1,0,38,0,2,26,0,167,16
"212",0,0,0,0,0,0,1,3,0,0,5,0,0,245,8,1,2,0,0,0,10,29,0,0,0,1,0,0,0,15,1,0,0,2,0,0,10,1,4,0,0,0,0,8,0,13,0,5,0,0,7,0,3,0,11,0,0,0,0,2,0,11,0,1,0,0,1,0,0,11,18,1,0,0,0,0,0,0,0,5,1,0,2,0,31,28,1,19,0,186,0,1,0,0,0,0,0,0,23,0,0,159,0,11,0,1,82,1,0,0,0,1,0,30,0,0,0,0,2,0,0,0,0,1,62,0,0,0,0,3,36,93,0,0,9,0,4,0,0,0,4,0,0,0,0,0,5,0,1,0,3,1,0,0,1,0,3,0,0,22,0,0,0,91,0,0,0,0,0,9,0,0,24,0,0,0,0,138,4,1,0,0,0,0,0,0,0,0,1,0,0,48,0,0,28,0,0,1,0,0,0,0,0,1,474,2,2,0,1,0,0,0,0,3,6,0,10,13,275,0,1,1,0,0,0,0,1,0,63,0,43,0,1,174,0,9,2,0,0,9,0,0,0,0,0,0,0,0,0,0,43,3,48,1,17,29,12,0,1,2,2,0,0,2,0,0,0,16,0,1,1,12,3823,0,0,0,47,0,10,3730,0,0,28,0,0,0,0,0,19,76,5,0,0,0,286,4,4,0,0,25,0
"213",0,0,0,2,0,0,8,84,0,0,1,0,0,286,3,0,0,0,0,0,228,45,0,0,0,1580,0,0,8,15,0,0,0,72,0,0,0,149,0,0,0,0,0,121,0,0,0,4,0,0,1,0,0,0,0,0,4,0,0,96,0,19,0,0,0,0,127,0,14,0,45,0,0,125,0,0,0,0,0,0,0,10,0,0,0,0,0,0,0,64,0,3,66,0,0,0,0,0,60,0,0,0,0,0,18,0,0,146,0,28,0,0,0,87,4,0,0,0,220,3,0,0,0,6,0,0,0,0,0,13,0,0,0,0,0,0,0,0,0,0,0,0,0,0,0,0,1,0,0,30,0,94,3,10,0,0,0,0,0,152,0,0,0,0,0,1,0,0,0,0,14,0,1,0,0,0,0,210,509,0,1,0,0,0,10,0,0,0,0,0,0,67,0,0,0,0,0,0,0,0,0,0,0,0,0,6,0,0,0,0,0,79,0,0,0,0,308,19,1,0,228,37,0,0,0,0,0,0,235,1,0,0,0,0,0,0,0,0,0,0,0,0,0,0,0,0,0,0,0,3,1002,0,17,0,10,0,1,0,3,0,0,0,0,0,4,0,0,0,20,7,0,0,95,0,0,0,0,2,48,2561,0,0,172,0,0,0,0,0,77,0,0,0,1,0,357,27,0,0,0,185,0
"214",0,0,0,0,0,0,8,0,0,0,0,0,0,0,8,0,0,0,0,0,20,0,0,11,0,776,0,0,23,7,0,0,0,327,0,0,13,188,0,0,0,0,0,0,0,8,0,0,0,0,0,0,0,0,0,0,0,2,0,281,0,0,0,0,0,0,280,0,13,77,23,0,0,0,0,0,0,0,0,19,0,0,0,0,4,27,0,0,0,99,0,6,102,0,0,4,0,0,134,0,0,3,0,0,11,0,14,2332,0,0,17,0,0,0,0,0,31,64,73,3,0,0,0,1,43,0,0,0,0,0,0,0,0,0,0,0,19,0,5,0,572,3,0,0,0,0,0,0,0,0,8,0,0,11,1,0,0,0,0,0,0,0,0,0,0,0,3,0,0,0,17,0,0,0,0,0,0,0,0,0,0,4,0,0,12,16,0,0,0,0,0,95,11,0,0,0,0,0,0,0,1,7,0,0,0,189,0,0,1,3,0,0,0,0,0,0,0,31,96,0,1,0,0,0,0,0,0,0,7,0,9,0,0,1231,7,0,0,0,0,0,0,0,0,0,10,0,0,0,0,0,0,0,0,0,38,18,0,0,0,0,0,0,0,0,0,0,0,0,0,6,0,0,343,0,4,0,0,3,0,1933,0,0,0,0,0,0,0,0,151,0,0,0,0,0,242,0,47,0,0,159,0
"215",81,1,0,20,0,0,0,5,0,0,0,0,1,1,557,0,0,0,0,0,0,8,0,6,0,5428,0,0,10,16,1,0,0,1,0,0,2,0,1,0,0,0,0,0,0,0,0,0,0,0,0,0,1,0,0,0,0,0,0,1,1,16,0,0,0,0,6,0,5,0,7,1,0,0,0,0,1,0,0,1,0,0,1,0,0,7,0,0,7,6,0,8,15,0,0,10,0,0,0,0,0,359,0,0,0,0,0,53,0,0,1,0,0,2,1,0,0,1,2,2,1,0,0,1,59,0,0,0,0,0,0,0,0,0,0,150,36,0,0,0,78,0,0,1,0,0,0,0,0,13,2,0,0,3,3,34,0,0,10,0,0,0,0,0,0,0,1,0,1,0,1,0,0,0,0,0,1,2,1,0,0,0,0,0,0,0,0,0,0,0,0,2,1,0,0,0,0,1,0,0,0,0,0,1,0,0,0,0,4,18,0,0,0,0,0,1,1,0,21,0,0,23,0,0,0,0,0,0,6,0,0,0,1,634,0,0,1,0,0,18,0,0,0,0,7,5,0,0,0,0,0,0,0,0,1,17,24,0,0,0,1,0,3,2,2,0,0,0,0,1390,0,0,536,0,12,0,0,0,0,297,0,0,1,0,0,21,0,0,2,0,0,0,0,0,200,0,2,0,0,96,0
"216",0,0,0,144,0,0,1,0,0,0,0,0,20,0,179,0,0,0,0,0,0,0,0,19,0,702,0,0,0,0,0,0,0,0,0,0,9,0,0,0,3,0,0,0,0,122,0,0,0,0,0,0,0,0,0,0,4,0,0,0,0,0,0,0,0,0,543,0,37,0,0,0,0,0,2,0,0,0,0,0,0,0,0,0,0,0,15,0,0,0,0,0,78,0,0,0,999,0,0,0,0,158,0,0,0,0,0,1322,0,0,0,0,0,0,0,0,0,0,369,0,4,0,0,0,0,0,0,0,0,0,0,0,0,0,0,1,0,0,0,0,3000,0,0,0,0,0,0,0,0,0,0,0,0,0,0,0,0,0,0,0,0,0,0,0,0,0,0,0,0,0,0,0,2,34,0,0,0,0,0,0,0,0,0,0,0,0,0,0,0,0,12,0,0,0,0,0,0,0,0,0,0,0,0,0,0,0,0,0,0,0,0,0,0,0,0,0,0,0,0,0,0,0,0,0,0,0,0,0,0,0,0,0,0,57,0,0,0,0,0,0,0,0,0,0,215,0,0,0,0,0,1,0,0,0,0,0,29,0,0,0,0,0,0,0,29,0,0,0,0,32,0,0,1041,0,4,0,0,12,0,1068,0,0,0,4,0,0,0,21,0,0,0,0,0,11,0,0,0,0,0,0,0
"217",0,0,0,0,0,0,0,0,0,0,0,0,0,0,0,0,0,1,0,0,82,64,0,0,0,1772,0,0,56,0,245,0,0,196,3,0,0,62,0,0,0,0,153,77,0,178,0,0,0,0,0,11,0,0,0,0,0,0,0,20,0,0,0,0,50,0,46,0,0,0,26,0,0,0,7,0,0,0,0,17,0,0,0,0,0,0,0,0,0,57,192,45,0,0,0,34,0,0,40,0,0,0,0,1,24,0,0,490,0,42,0,0,0,58,0,6,0,0,0,18,0,0,0,1,0,51,1,0,3,0,0,81,0,0,0,0,0,0,0,0,67,0,0,0,4,0,4,0,0,0,0,0,3,0,1,0,0,0,9,240,0,0,0,0,0,0,0,0,0,0,6,0,0,2,0,10,0,18,49,0,8,7,0,0,1,0,0,0,0,0,5,25,4,25,0,0,19,0,0,0,0,0,0,26,468,10,0,0,0,0,0,198,0,0,3,0,36,5,0,0,0,0,0,6,0,0,0,0,23,10,27,0,0,670,0,0,1,0,0,0,0,0,110,0,7,9,0,0,0,0,0,1,3,0,5,1,7,0,0,29,0,0,0,3,0,0,0,0,10,173,0,0,103,0,0,0,0,0,4,3039,0,0,241,0,0,0,0,0,16,14,253,0,0,4,43,0,44,53,0,141,0
"218",0,0,0,0,0,0,24,5,0,0,3,0,0,0,0,2,0,0,0,0,0,1,0,0,0,1266,0,1,116,0,0,1,1,0,0,0,401,91,0,0,0,0,0,0,0,30,0,0,0,0,0,0,0,0,18,17,0,0,0,95,0,1,0,0,0,6,6,0,0,0,20,0,0,2,76,0,0,0,0,1,15,3,368,0,12,0,0,0,0,0,15,182,0,0,0,0,0,0,17,0,0,0,12,18,0,13,0,1450,0,0,0,0,0,8,0,0,0,0,20,0,0,0,0,1,338,0,0,0,0,63,0,1,0,0,0,0,0,0,0,5,0,0,0,0,0,0,7,0,1,0,5,46,0,46,0,0,0,0,0,0,0,0,4,0,0,0,0,0,0,1,0,0,5,0,0,0,0,3,20,4,0,0,8,0,10,0,0,0,170,16,0,49,0,0,0,0,1,0,0,0,0,0,0,22,2105,12,0,0,0,0,0,0,0,0,8,0,59,33,0,10,0,71,0,0,0,1,114,0,0,4,58,0,0,73,0,0,6,0,0,0,0,0,0,0,0,0,0,0,0,0,248,0,17,0,27,10,9,0,14,0,8,0,0,0,0,0,0,104,0,101,12,0,0,0,0,0,9,0,6,1476,1,0,264,0,0,0,0,0,0,0,0,0,0,0,0,0,0,0,0,58,0
"219",0,0,0,0,0,1,0,0,0,0,3,1,0,0,0,8,0,0,0,0,0,49,0,0,0,1683,1,0,276,18,0,0,0,0,0,0,5,20,0,0,0,1,0,0,0,0,0,1,0,0,0,0,0,1,6,1,0,0,0,0,0,18,2,20,0,0,224,0,0,0,13,1,6,1,0,1,0,0,0,33,0,3,36,1,0,0,55,0,0,10,0,88,0,0,0,0,0,0,1,0,0,0,31,27,0,1,0,0,0,21,0,0,158,41,6,14,0,0,227,0,0,0,0,0,25,0,0,0,0,0,1,94,0,0,0,0,73,0,0,1,90,0,0,0,77,0,16,3,0,0,5,0,0,5,1,0,0,0,1,26,0,0,0,0,0,0,1,0,0,0,8,0,0,0,0,0,7,1,0,1,0,0,0,0,1,0,0,0,0,0,42,35,0,0,0,0,0,1,0,0,5,0,0,62,0,54,5,0,0,4,0,0,0,3,9,1,326,26,147,0,0,5,0,0,0,0,0,509,0,1,1,0,0,1483,0,0,1,0,0,37,0,0,0,0,65,287,0,0,2,0,0,5,0,0,5,19,23,0,11,0,0,0,0,8,0,0,5,0,3,36,0,18,930,0,0,0,0,0,0,2301,0,0,25,0,0,4,0,0,5,1,0,2,0,0,13,5,0,0,0,0,0
"220",0,0,0,0,0,0,2,25,0,0,0,0,3,2,9,0,0,0,0,0,0,30,0,0,0,3986,0,0,2,9,0,0,0,0,0,0,0,0,2,0,0,0,0,0,0,135,0,0,0,0,0,0,0,0,3,0,0,0,0,12,0,0,0,0,0,0,21,0,0,0,22,0,0,0,0,0,0,0,0,17,0,0,0,0,0,0,0,0,0,0,12,0,1,0,0,0,53,0,84,0,0,140,0,0,0,0,0,37,83,13,0,0,0,140,0,0,0,0,156,1,0,0,0,1,50,99,0,0,0,0,0,258,0,0,0,0,303,0,0,0,45,0,0,0,0,0,0,0,0,0,0,18,0,0,3,0,0,0,0,86,0,0,7,0,0,1,0,0,0,0,2,0,39,0,0,0,0,0,7,1,0,0,0,0,0,0,0,0,0,0,0,53,0,6,0,0,0,0,0,0,0,0,0,17,0,14,2,0,0,0,5,0,0,0,0,0,41,191,0,0,0,2,0,0,0,0,68,0,97,0,0,0,0,121,0,0,0,0,0,215,5,0,0,0,0,0,0,0,0,0,0,0,0,0,0,8,16,0,0,2,0,0,0,29,6,0,0,0,0,10,0,0,19,0,0,1,1,0,0,3090,0,0,2,0,0,0,0,0,0,23,0,0,0,0,7,43,91,0,0,0,0
"221",0,0,0,0,0,0,0,0,151,0,0,0,0,0,73,0,12,0,0,0,0,32,0,0,0,5450,0,0,294,117,0,0,0,24,0,0,0,0,0,0,0,0,0,0,0,0,0,2,0,0,8,0,0,0,5,0,0,0,0,0,3,0,0,0,0,0,0,0,0,0,19,0,3,0,0,0,0,0,0,19,0,9,0,0,0,1,0,0,0,6,0,0,0,0,0,0,0,0,0,0,0,76,0,31,2,0,0,0,0,0,0,0,0,117,0,0,0,0,0,0,0,0,0,0,104,0,0,0,20,0,2,0,0,0,0,0,463,0,0,0,0,0,0,0,0,0,31,0,0,0,0,0,0,0,3,0,0,0,0,0,0,0,0,2,0,0,0,0,0,0,0,0,41,0,0,4,0,0,0,1,0,0,0,0,0,0,0,0,0,0,0,75,0,8,0,0,0,0,0,0,0,0,0,4,0,15,11,0,0,59,0,0,0,0,7,0,0,184,268,0,0,47,0,7,0,0,0,0,0,0,0,0,0,130,0,0,0,34,0,4,0,0,1,0,0,69,0,0,0,0,0,0,14,1,5,30,0,0,3,0,0,0,0,24,0,7,0,0,1,16,0,26,146,0,0,0,0,0,39,1385,0,394,70,0,0,0,0,1,0,7,0,0,0,38,32,0,20,0,0,0,0
"222",0,0,0,0,0,0,0,0,0,0,0,0,0,0,0,1,51,0,0,0,0,213,0,0,0,3837,0,0,341,17,239,139,0,0,0,0,0,0,0,0,0,0,0,0,0,0,0,6,0,0,0,0,0,0,0,0,0,0,0,0,0,0,0,0,0,0,0,0,0,0,0,0,0,0,0,15,1,0,0,0,0,0,8,0,0,0,0,0,0,0,0,0,5,42,0,0,0,0,0,0,0,50,0,0,0,0,0,144,0,0,0,0,0,0,0,0,0,0,36,0,0,0,0,0,182,0,0,0,0,0,0,0,0,0,0,0,0,0,0,0,14,0,0,0,0,0,18,0,0,0,7,0,0,29,0,0,0,0,0,0,0,0,0,0,0,0,0,0,0,0,0,0,1,0,0,0,0,0,0,0,0,0,0,0,8,0,0,0,0,0,0,91,0,0,0,1,3,0,0,0,0,0,0,0,237,0,0,0,0,0,0,0,0,0,0,0,0,0,1,0,86,0,0,0,0,0,0,0,0,0,0,0,0,0,0,0,4,0,0,4,0,0,0,0,0,0,0,0,0,0,0,0,0,6,0,0,5,0,0,0,0,0,0,16,1,0,0,0,0,1,0,1,534,0,0,0,0,0,0,3430,0,0,0,0,0,4,0,0,0,29,0,0,0,0,0,0,0,0,0,60,0
"223",0,0,0,0,0,0,1,0,0,3,5,0,0,0,1,0,0,0,1,0,0,352,3,1,0,0,0,0,0,5,0,0,0,117,0,0,0,0,0,0,0,0,0,0,0,0,0,26,0,0,3,0,4,0,0,17,0,1,0,0,8,0,0,44,0,0,0,0,3,0,0,2,0,0,0,0,1,8,0,384,0,0,0,0,0,9,0,0,0,0,0,62,1,0,0,0,0,0,0,0,0,7,0,0,0,0,0,0,0,0,0,0,0,0,0,0,0,0,0,0,0,0,0,0,130,0,2301,0,0,0,0,0,0,5,87,0,32,0,3,0,39,1,0,1,0,14,118,0,4,0,0,0,0,40,58,0,5,3,0,0,0,0,0,0,3,0,4,0,1,0,0,0,0,0,0,0,7,0,568,14,0,0,6,0,76,45,0,0,0,0,0,501,0,0,0,0,0,0,0,0,0,0,0,0,0,0,0,0,0,0,3,0,0,0,0,4,0,0,299,0,0,0,0,0,0,0,0,0,0,0,0,0,0,659,0,0,25,0,3,6,0,0,668,0,0,0,0,0,0,0,0,97,45,6,161,237,5,0,0,0,45,0,0,56,1,0,0,0,277,1,0,0,0,1010,0,0,50,0,0,0,0,7,0,3,0,79,0,0,0,0,0,0,0,0,0,0,329,0,0,0,0
"224",0,0,0,0,0,0,1,0,0,0,0,0,0,0,193,0,0,0,0,0,0,6,0,6,0,12,0,0,103,0,198,0,0,2,0,0,2,57,1,0,0,0,0,41,1,28,0,2,3,0,0,0,0,0,0,0,0,0,0,0,0,0,0,2,0,0,0,0,3,0,24,0,0,0,0,0,3,0,0,0,0,0,0,0,0,2,270,0,0,57,8,239,9,0,0,0,0,0,20,0,0,0,0,0,0,0,383,247,0,0,0,0,0,0,0,0,0,1,0,0,0,0,0,7,20,0,0,0,0,0,0,330,0,13,0,0,657,0,0,0,10,0,0,1,0,0,15,7,0,0,8,2,0,2,1,0,0,1,0,132,0,0,0,0,0,0,0,0,0,0,0,0,0,0,0,0,0,35,0,4,0,0,0,0,0,0,0,0,0,0,0,592,9,15,0,5,0,0,0,0,0,0,0,38,0,41,0,0,1,25,0,0,0,0,4,0,54,576,1,0,0,6,0,0,0,0,0,0,15,0,190,0,0,1636,0,0,0,0,0,0,0,0,0,14,0,31,0,0,0,0,0,0,6,0,29,5,2,0,0,0,0,0,0,4,0,0,0,0,0,280,0,0,10,0,0,0,0,0,10,3252,0,0,15,0,0,17,0,0,5,0,0,0,0,0,126,0,9,0,0,11,0
"225",0,0,0,0,0,0,1,0,0,0,0,0,0,0,44,0,0,0,0,0,0,0,0,7,0,0,0,0,62,7,506,0,0,0,0,0,22,0,0,0,0,0,0,0,0,0,0,0,0,0,0,0,0,0,0,0,0,0,0,0,0,0,0,0,0,0,0,0,0,0,0,0,0,0,0,0,0,0,0,0,0,0,0,0,0,11,296,0,0,130,0,24,50,0,0,0,0,0,254,0,0,7,0,0,0,0,0,923,0,0,0,0,0,0,0,20,0,17,0,1,0,0,0,1,684,0,0,0,0,0,0,0,0,0,0,0,34,0,0,0,0,0,0,0,0,0,0,0,0,0,0,0,0,0,1,0,0,0,0,0,0,0,0,0,0,1,0,0,0,0,0,0,0,0,0,0,0,0,0,0,0,0,0,0,0,0,0,0,0,1,0,69,1,0,0,0,0,0,0,0,0,0,0,0,3,0,0,6,3,13,0,0,0,0,8,0,0,0,42,0,0,0,0,0,0,0,0,0,0,0,0,0,0,2422,0,0,0,0,0,0,0,0,0,0,3,0,1,0,0,0,0,0,0,0,74,50,0,0,0,29,0,0,0,0,1,0,0,0,0,0,0,0,0,482,1,0,0,0,0,2533,0,1,344,0,0,0,0,0,0,26,0,0,0,0,0,0,3,0,0,363,0
"226",0,0,0,0,0,2,0,63,0,0,1,0,1,260,3,0,0,1,4,0,10,11,3,1,0,2066,0,0,7,4,0,0,0,23,0,0,43,0,0,0,3,0,0,0,0,176,0,1,0,0,1,0,1,0,67,1,0,0,0,56,0,22,0,0,243,0,35,0,0,0,76,0,0,0,0,291,1,0,0,47,0,3,151,0,0,1,298,78,0,108,0,1,4,0,0,0,0,0,0,0,0,0,0,36,0,0,219,314,0,0,0,4,0,40,6,1,0,0,23,0,2,0,0,1,99,88,0,0,5,0,138,1093,94,0,0,0,1,0,0,0,1,0,0,0,302,0,3,0,0,0,28,23,0,1,0,9,0,0,35,95,0,0,0,0,0,0,0,0,0,0,0,0,13,0,0,0,2,22,11,3,0,0,0,0,4,0,0,0,0,0,0,145,4,0,0,0,0,0,0,0,0,0,0,43,0,10,1,0,4,1,1,0,0,0,0,1,88,126,1,0,7,1,0,0,1,0,99,0,65,0,211,0,0,1115,0,0,5,0,0,1,0,0,0,0,1,0,0,0,0,0,0,0,0,0,0,8,1,0,3,229,1,0,15,4,6,2,0,0,8,290,28,19,466,0,1,0,0,0,0,343,0,0,177,0,0,24,0,1,0,0,0,0,0,0,0,0,10,0,0,58,0
"227",0,0,0,0,0,0,0,0,0,0,0,0,0,0,0,0,2,0,0,0,0,154,0,0,0,768,0,0,0,18,0,0,0,121,0,0,0,39,0,0,0,0,0,43,0,122,0,0,0,0,0,0,0,0,77,0,0,0,0,0,0,0,0,0,0,0,0,0,0,0,0,0,0,0,0,0,0,0,0,478,0,0,0,0,0,0,0,0,0,45,0,0,0,0,0,0,0,0,0,0,0,0,0,0,0,0,0,1665,0,0,0,0,0,0,0,0,0,0,224,0,0,0,0,1,272,0,0,0,0,0,26,0,0,0,0,0,0,0,0,0,37,0,0,0,0,0,0,0,0,0,0,0,0,0,0,0,0,0,0,94,0,0,0,0,0,0,0,0,0,0,0,0,0,0,0,0,0,0,632,3,0,0,0,0,46,0,0,0,0,0,0,155,1,0,0,0,0,0,0,0,0,0,98,0,1552,188,7,0,0,2,0,0,0,0,31,0,0,0,0,0,0,0,0,0,0,0,0,0,0,0,209,0,0,55,0,0,0,0,0,0,0,0,0,0,3,0,0,0,0,0,0,0,0,0,0,0,0,0,0,0,0,0,0,1,0,0,0,0,0,1,0,0,33,0,0,0,0,0,21,1973,0,2,578,0,0,0,0,0,0,161,0,0,0,0,0,0,3,0,0,0,0
"228",0,0,0,0,0,0,0,0,0,0,0,0,0,0,0,0,1,0,0,0,0,38,0,0,0,3066,0,0,0,0,174,0,0,71,0,0,0,0,0,0,0,0,38,0,1,0,0,0,0,0,0,0,0,0,0,0,0,0,0,17,0,0,0,0,2,0,0,4,0,0,0,0,0,0,0,292,0,0,0,0,0,0,0,0,0,0,0,0,0,51,444,30,0,0,0,0,0,0,41,0,2,0,0,0,0,0,186,2,0,4,0,0,1,182,0,0,0,0,0,0,0,0,0,0,0,21,0,0,0,0,0,383,0,0,0,0,998,0,0,0,0,0,1,0,0,0,0,0,0,0,2,0,1,0,0,0,0,0,5,0,0,0,0,0,0,0,0,0,0,0,17,0,0,0,0,1,0,0,73,0,0,0,0,0,0,0,0,0,0,0,0,34,0,0,0,0,0,0,0,0,0,0,0,0,1,0,0,0,0,0,36,0,0,0,0,0,237,0,0,0,0,0,0,0,0,0,0,0,212,0,0,0,0,424,0,0,0,1,0,0,0,0,0,0,1,1,0,0,0,0,0,0,0,0,0,0,4,0,0,0,0,0,0,0,0,0,0,0,1,0,0,0,3,0,9,0,0,0,0,2619,0,0,47,0,0,0,0,0,0,11,0,0,0,0,248,0,32,41,0,0,0
"229",0,0,0,0,0,0,2,12,0,0,0,0,4,6,2,0,0,0,0,0,0,36,0,8,10,242,0,0,11,0,840,0,0,182,0,0,2,186,6,0,5,0,0,0,0,7,0,0,0,0,0,0,0,0,0,0,0,0,0,560,0,0,0,0,0,0,422,0,0,21,0,0,0,0,0,0,0,0,0,28,0,0,0,0,0,0,0,0,0,15,0,21,9,0,0,0,0,0,46,0,0,5,0,0,1,0,0,1917,0,2,0,0,0,56,0,0,0,0,364,0,10,0,0,2,7,7,0,0,0,0,17,13,0,0,0,0,41,1,0,0,795,0,0,0,0,0,42,29,0,0,0,0,0,0,0,42,0,0,0,0,0,0,0,100,0,0,0,0,0,0,5,0,0,0,0,0,0,0,0,0,0,0,0,0,0,0,0,0,0,0,0,90,4,13,0,0,0,0,0,0,0,0,0,0,0,19,0,0,1,3,0,0,0,0,4,0,1131,0,1031,0,0,0,0,0,0,0,0,0,59,0,0,0,0,38,0,0,0,0,0,0,0,0,0,0,0,0,0,30,0,0,0,0,0,0,0,8,9,0,0,0,0,0,0,6,0,9,0,0,0,0,0,0,1424,0,0,0,0,0,0,2,0,0,99,0,0,0,0,1,0,10,0,0,0,0,98,0,20,0,0,28,0
"230",0,0,0,0,0,0,0,13,1,0,1,3,0,0,1,0,0,1,1,13,31,4,1,10,0,230,3,0,4,3,589,0,0,29,0,0,4,101,0,0,0,5,0,191,0,59,0,1,0,0,0,0,0,0,56,1,0,1,0,88,4,102,0,0,0,0,143,0,0,54,21,1,0,169,0,0,0,0,0,13,0,0,158,0,792,1,0,0,0,12,0,1,2,8,0,2,0,0,86,0,0,0,0,0,0,3,109,770,0,0,0,0,0,12,0,2,0,0,7,8,0,0,0,0,10,0,0,0,1,206,45,141,0,0,0,59,2,0,0,0,22,1,0,0,0,0,11,2,0,1,32,17,0,7,0,0,9,0,5,330,0,7,0,282,0,0,0,0,1,0,4,0,1,0,0,0,10,268,3,11,0,0,5,22,1,0,0,0,55,0,0,13,0,0,0,4,0,0,0,19,0,0,0,3,0,4,1,0,0,0,0,22,3,0,2,0,43,204,16,2,75,0,0,0,0,0,96,0,50,0,160,0,0,243,0,0,1,0,0,3,0,0,0,0,136,0,0,0,0,53,0,2,22,0,20,2,4,0,7,7,20,0,0,4,3,0,0,0,0,75,0,13,82,0,1,0,0,1,1,1200,0,0,327,0,0,0,0,0,144,1,352,3,0,0,17,45,11,0,0,19,16
"231",2,0,0,0,0,0,0,10,0,0,0,0,0,0,3,0,0,1,0,0,57,43,0,5,0,889,0,0,56,16,0,0,0,206,0,0,2,41,0,0,0,1,0,9,0,97,0,0,1,0,1,0,0,0,0,0,0,0,0,141,0,0,0,0,0,0,47,1,0,0,3,0,0,5,0,0,0,0,0,72,0,0,253,0,0,0,92,1,0,51,0,56,2,0,0,36,0,0,0,0,0,36,0,0,0,0,101,1986,0,21,0,0,2,0,11,0,0,2,415,1,0,0,0,1,83,0,0,0,0,0,0,103,0,0,0,0,45,0,0,0,31,0,0,0,66,554,23,0,0,6,37,0,0,18,1,0,0,0,43,49,0,0,0,0,0,0,0,23,0,0,0,0,0,0,9,0,3,0,339,0,0,0,0,0,0,0,0,0,0,0,25,18,1,19,0,0,0,0,0,0,7,0,0,71,0,25,6,0,0,4,0,0,0,0,20,0,72,0,1,0,56,0,0,0,0,0,0,0,31,0,212,0,0,194,0,0,0,0,0,14,3,0,0,5,0,0,0,0,0,0,18,7,0,1,40,4,0,0,0,21,0,0,0,9,0,0,0,0,20,84,0,0,59,0,4,1,1,0,6,2041,0,0,216,0,0,2,0,3,33,0,0,0,1,0,19,5,16,0,0,46,0
"232",0,0,0,0,0,0,0,0,0,0,0,0,0,0,37,0,11,0,0,0,62,41,0,0,0,576,0,0,5,0,0,0,39,151,7,0,307,120,0,0,0,0,0,0,0,25,0,0,0,0,0,0,0,0,0,0,0,0,0,122,0,36,3,1,1,0,27,0,0,0,0,0,0,0,0,0,0,0,0,114,0,0,6,0,3,4,0,0,0,70,0,0,0,0,0,0,0,0,0,0,6,42,0,26,0,0,0,430,0,42,0,0,0,8,0,0,0,0,72,1,0,0,0,0,838,0,0,0,0,0,0,1,0,3,99,0,21,0,0,0,0,0,6,0,0,0,5,0,0,0,11,0,0,0,0,0,0,0,19,0,0,0,0,0,0,0,0,0,0,0,0,6,5,0,0,0,0,0,92,0,0,0,0,1,6,0,0,0,0,0,0,67,0,0,0,0,0,1,0,0,0,0,0,0,0,78,0,13,11,0,0,0,0,0,62,0,20,0,261,3,0,0,0,0,0,21,0,0,54,0,198,0,1,254,0,0,0,10,2,0,0,0,0,0,0,0,1,0,0,0,71,0,5,0,10,6,0,0,17,77,0,0,0,1,0,0,0,79,313,3711,0,70,146,0,0,0,104,0,38,402,0,0,377,0,0,3,0,0,0,34,0,0,0,0,0,0,1,0,0,212,0
"233",0,0,0,0,0,0,1,0,0,0,0,0,0,0,45,0,0,0,0,0,0,100,3,10,0,495,0,0,65,0,0,0,0,209,0,0,83,0,0,0,3,0,0,0,0,0,0,0,3,0,0,0,0,0,0,0,0,0,0,0,0,402,5,0,0,0,108,0,33,251,0,0,0,0,0,0,7,9,0,0,0,0,0,0,0,11,0,0,0,0,0,17,180,0,0,0,0,0,0,0,0,8,0,0,0,0,0,1041,0,0,0,0,0,0,0,0,0,0,0,0,0,0,0,22,153,0,15,0,0,0,0,0,0,8,0,0,62,0,0,0,0,0,0,0,0,0,13,0,0,0,0,0,0,0,3,0,0,65,0,0,5,0,0,0,0,0,0,14,0,0,0,0,10,0,0,1,0,0,0,0,0,0,0,0,0,0,0,0,0,0,0,110,0,0,0,0,8,0,0,2055,0,0,0,0,0,23,0,8,8,1,0,0,0,0,0,0,0,0,4,0,0,7,0,0,0,0,0,0,0,0,0,0,0,248,0,0,0,0,0,0,0,0,0,0,4,0,0,0,0,0,0,0,0,0,0,0,10,0,0,0,0,0,0,12,0,0,0,0,0,280,0,0,259,0,5,0,0,0,0,2704,0,0,504,0,7,3,0,15,0,38,0,0,0,0,0,0,1,0,0,156,0
"234",0,0,0,1,0,0,87,19,1,0,0,0,0,0,5,0,0,0,0,0,0,48,0,3,0,0,1,0,0,0,0,0,0,0,0,0,0,243,41,0,0,0,0,0,0,0,0,6,0,0,0,0,0,0,0,0,1,0,0,63,0,21,1,1,0,3,189,0,7,0,20,0,6,0,0,0,2,3,0,36,0,0,9,0,1039,18,0,0,4,59,842,4,0,0,0,0,0,0,3,7,0,0,0,0,3,0,26,2467,0,8,0,0,0,0,0,0,0,0,0,0,0,0,0,0,0,0,0,0,0,0,0,68,0,0,0,0,16,1,0,0,91,0,0,0,0,0,30,0,0,48,19,0,0,11,0,0,0,0,0,0,0,6,0,1353,0,0,1,0,0,9,43,0,0,0,0,0,7,42,21,0,0,0,0,0,31,15,0,0,0,0,6,0,0,1,0,0,196,0,0,0,0,0,0,34,0,65,0,0,1,0,0,0,0,0,5,0,0,72,128,0,0,26,0,0,0,0,0,0,1,0,0,0,0,82,0,0,0,0,0,0,0,0,0,0,0,2,0,0,0,0,0,11,23,0,9,17,0,0,13,0,0,0,0,4,29,0,0,0,19,46,0,0,487,0,0,0,0,2,1,1761,0,0,149,0,0,0,0,0,1,0,0,0,0,0,3,0,13,0,0,113,0
"235",0,0,0,0,0,0,1,0,0,0,0,0,0,1,4,0,30,0,1,0,7,22,0,0,0,1923,0,0,6,30,348,0,0,166,0,0,33,22,0,0,0,0,0,0,0,86,0,0,0,0,0,0,0,0,0,0,0,0,0,230,0,1,0,1,21,0,42,0,0,201,3,0,0,1,0,0,0,0,0,24,0,0,0,0,8,3,2,0,0,14,0,2,0,0,0,0,0,0,9,0,0,22,0,0,1,0,0,2610,0,0,0,0,0,46,0,25,0,0,54,2,0,0,1,1,451,331,0,0,0,0,0,2,0,0,0,0,8,0,0,0,32,0,3,0,0,0,53,0,0,0,11,6,1,5,0,0,14,0,0,27,0,0,0,0,52,0,0,0,0,0,0,0,1,0,0,0,0,7,177,3,0,0,0,0,48,0,0,0,0,0,0,56,0,21,0,0,0,0,0,5,0,0,0,0,0,41,1,5,2,8,0,0,0,0,21,11,0,0,98,0,9,0,0,0,0,22,0,0,53,0,9,0,0,93,0,0,0,0,0,77,0,0,0,0,34,0,0,0,0,0,0,2,0,0,0,159,12,0,6,33,0,0,7,30,0,0,0,0,0,721,0,11,33,0,0,0,0,1,0,108,0,0,701,0,0,0,0,0,0,67,0,0,0,0,4,0,32,0,0,16,19
"236",0,0,0,0,31,0,39,115,1807,0,8,14,0,134,43,0,0,0,0,0,33,120,1,0,0,0,4,0,29,0,0,0,0,0,0,0,0,316,0,0,0,0,206,50,0,201,134,0,0,0,0,0,0,0,7,0,0,0,0,139,0,13,0,0,286,6,56,0,0,0,38,2,34,21,0,177,0,2,1,293,10,0,0,0,24,0,0,0,0,74,0,3,5,0,0,0,0,0,0,0,0,0,0,39,3,0,400,0,0,0,0,194,0,172,0,0,0,0,0,0,11,0,0,1,86,0,0,0,1,42,80,96,0,0,0,0,34,0,6,0,21,0,0,0,14,0,25,0,0,61,22,6,0,0,1,0,0,3,0,32,0,7,0,833,0,0,0,0,0,0,0,0,0,0,0,0,0,317,227,67,11,0,0,0,4,0,0,0,90,1,0,217,4,0,209,0,0,0,0,0,0,0,0,0,0,24,0,0,0,0,0,0,0,0,16,1,131,48,0,8,0,10,236,0,0,0,150,0,46,0,165,0,0,0,0,0,0,1,0,0,7,0,0,32,0,0,0,4,3,76,28,12,23,0,52,7,3,0,20,0,0,30,0,7,0,0,0,0,1,259,0,0,0,0,0,0,7,1,2,386,0,0,209,0,0,0,0,0,41,15,0,0,18,0,11,0,0,125,0,79,0
"237",0,0,0,0,0,0,0,2,0,0,0,0,0,156,29,0,0,0,0,0,5,16,0,22,0,2779,0,0,16,6,8,0,0,75,0,0,5,4,29,0,0,0,0,49,0,210,0,0,0,0,0,0,0,0,12,1,0,0,0,2,0,9,0,0,0,1,12,0,0,0,13,0,0,0,0,0,0,0,0,18,0,0,0,0,38,1,154,0,0,22,0,10,181,0,0,0,0,0,25,1,0,1,0,0,6,0,1,732,0,0,0,0,0,37,0,0,0,0,6,0,0,0,0,1,33,0,0,0,0,0,16,75,0,0,0,0,54,0,0,0,21,0,0,0,0,0,1,0,0,0,7,0,0,0,0,0,0,0,0,160,0,0,0,186,1,0,0,0,0,0,3,0,0,0,0,0,0,0,28,0,0,0,0,0,1,0,0,0,0,0,0,4,1,0,0,0,0,0,0,0,0,0,0,0,0,1,0,0,3,2,0,0,0,12,24,0,47,0,254,0,0,0,0,0,0,1,0,0,14,0,80,0,0,733,0,0,0,0,0,0,0,0,0,0,0,0,0,0,0,0,0,1,0,0,7,5,5,0,2,57,1,0,0,1,0,0,0,0,0,4,0,4,177,0,1,0,0,0,4,2575,0,0,203,0,0,0,0,0,0,0,0,0,0,0,65,0,44,0,0,13,0
"238",0,0,0,0,0,0,0,113,0,0,0,5,0,0,0,0,1,4,0,0,0,14,0,39,1,0,3,0,27,0,304,0,0,43,0,0,35,9,0,0,1,0,0,0,0,0,0,1,0,0,0,0,0,5,6,3,0,0,0,53,0,0,0,0,0,0,266,1,0,0,32,0,0,42,0,0,0,0,7,0,0,0,48,0,218,0,0,0,0,24,0,3,188,0,0,14,0,0,0,0,0,0,0,0,0,0,0,549,0,110,15,0,0,158,1,3,0,3,81,0,0,16,0,0,244,401,0,0,0,25,0,0,0,0,0,0,1245,0,0,0,19,0,0,0,0,0,12,0,0,29,0,22,1,60,0,0,0,0,0,118,0,0,0,382,0,0,0,0,0,0,0,1,0,2,0,0,5,1,125,0,44,0,0,0,0,0,0,0,0,0,0,0,4,0,205,0,0,0,0,0,0,0,0,0,0,15,7,0,3,32,0,0,27,7,7,0,19,9,2,0,13,0,0,2,0,0,0,0,26,1,122,0,0,595,0,0,4,0,0,0,0,0,0,10,0,12,0,16,0,0,0,0,0,0,5,3,0,0,0,11,0,0,7,0,0,0,13,0,17,0,0,0,396,0,13,0,0,3,0,2823,0,0,58,0,0,0,0,278,0,0,0,0,0,0,59,0,0,0,0,18,0
"239",0,0,1,0,0,0,0,0,0,0,0,0,4,0,10,3,3,4,0,0,0,0,0,0,0,1975,0,0,11,0,0,0,0,200,0,0,32,0,0,0,0,0,0,0,0,0,0,5,0,0,0,0,0,0,0,0,0,0,0,0,0,0,3,1,0,0,641,0,0,0,0,0,0,0,0,0,0,0,0,506,25,7,234,0,0,1,52,0,0,0,0,9,9,0,0,1,0,0,0,0,0,0,0,0,0,0,0,2220,0,0,0,0,0,12,0,48,0,0,476,0,0,0,0,0,12,0,0,0,8,0,0,0,0,1,0,0,10,0,0,0,79,0,0,0,0,0,59,0,0,0,16,0,1,0,1,0,2,0,0,0,0,0,0,0,0,0,0,0,0,0,0,0,3,0,0,0,0,0,0,1,0,0,0,0,0,0,0,0,0,0,0,0,1,0,0,0,0,0,0,0,0,0,0,150,0,175,7,0,0,4,0,0,0,0,0,0,0,48,624,0,99,0,0,0,0,0,0,0,22,0,197,5,0,63,0,0,2,0,0,5,0,0,0,0,4,0,0,0,0,0,0,0,12,0,15,17,40,0,16,0,0,0,0,0,0,0,0,0,0,353,0,0,75,5,0,0,0,0,10,1018,0,0,78,0,0,0,0,0,0,0,0,0,0,0,0,0,4,0,0,59,0
"240",0,0,0,0,0,1,1,3,0,0,0,0,1,20,36,0,0,0,0,0,20,0,0,1,0,3412,0,0,10,20,1,0,0,110,0,0,1,33,3,1,0,0,0,35,0,47,0,0,3,0,1,0,0,0,0,0,0,0,0,0,0,0,1,0,0,1,93,0,2,151,17,0,0,14,0,0,0,0,0,0,0,0,52,0,22,50,0,1,0,61,0,36,1,0,0,0,0,0,32,0,0,40,0,0,1,0,0,1592,0,0,0,0,0,136,1,0,0,0,160,1,0,0,0,1,83,0,0,0,0,0,0,29,0,0,0,0,411,0,0,0,280,0,0,0,0,0,0,0,0,0,1,12,0,15,0,0,0,1,0,0,0,0,0,0,0,0,0,0,0,0,0,0,34,0,0,0,0,32,385,0,0,0,0,0,9,0,0,0,0,0,0,76,1,0,0,0,0,0,0,0,3,0,0,0,0,7,1,0,3,1,0,0,0,2,0,3,0,0,4,4,3,0,0,0,0,0,0,0,70,0,0,1,0,413,0,0,0,0,0,76,0,0,0,0,0,0,0,0,0,0,178,0,3,0,8,131,18,0,0,0,0,0,0,32,0,0,0,0,0,317,0,0,255,0,1,0,0,2,0,1139,0,0,36,0,0,7,1,0,0,0,0,0,0,0,64,0,11,0,0,42,0
"241",0,0,3,0,0,0,0,35,212,1,1,3,0,0,16,0,0,0,0,0,127,86,0,0,0,281,0,0,59,0,61,0,5,204,13,0,5,68,0,0,0,0,0,167,0,157,0,3,0,0,0,0,2,0,25,3,0,0,0,38,0,24,0,0,0,0,87,0,0,0,12,0,0,7,0,0,0,0,0,35,0,2,92,0,3,4,4,0,0,76,0,8,0,0,0,0,0,0,55,0,0,0,0,3,51,0,188,408,0,108,0,11,0,350,0,0,0,0,220,0,0,0,0,5,31,52,0,0,11,23,154,32,0,5,0,0,39,0,0,0,0,0,0,0,13,0,13,4,0,0,5,8,0,0,0,0,0,0,39,43,0,0,1,377,0,0,0,0,0,0,0,0,0,0,0,0,0,152,267,1,3,0,11,0,0,0,0,0,111,0,0,89,3,0,0,0,0,1,0,0,0,0,0,4,0,3,0,0,0,0,0,0,33,5,19,0,85,84,18,8,1,70,0,0,0,4,0,0,143,0,80,0,0,1342,0,0,1,0,0,6,0,0,0,0,0,0,0,0,0,6,481,3,18,0,24,4,3,0,1,20,3,0,0,0,0,0,5,0,35,0,0,4,0,0,0,0,0,2,1,2760,1,0,105,0,0,0,0,0,0,3,0,0,0,0,59,4,5,122,0,28,0
"242",0,0,0,0,0,1,20,0,0,0,0,0,3,0,3,0,0,0,0,0,0,0,2,5,0,3298,0,0,24,1,1,0,0,30,0,0,2,142,0,0,0,0,0,0,0,1833,0,0,0,0,0,6,0,0,0,0,0,1,0,0,0,55,0,0,0,0,0,0,0,16,0,0,0,12,0,15,0,0,0,0,0,0,0,0,122,0,0,0,0,16,0,4,41,0,0,0,0,0,0,0,0,0,0,0,0,0,411,498,0,0,0,0,0,0,0,0,0,0,175,8,0,0,0,1,18,0,0,0,0,0,0,108,0,8,0,0,25,0,0,0,1,0,0,0,0,0,5,0,0,0,0,0,0,0,0,0,0,0,0,46,19,0,0,1222,0,0,0,153,0,0,0,0,0,0,0,0,0,4,0,0,0,2,0,0,0,0,0,0,0,1,0,26,1,0,0,0,0,0,0,0,0,0,0,0,0,8,0,0,0,2,19,0,0,0,0,0,0,0,1,0,0,0,0,0,0,0,0,0,0,0,257,1,0,283,0,0,0,0,0,0,0,0,0,0,0,0,0,0,0,0,57,0,5,0,0,0,1,0,0,0,0,0,0,0,1,0,0,0,0,450,0,0,14,0,0,0,0,0,4,1,0,0,324,0,0,0,0,0,0,0,0,0,0,0,0,0,0,0,0,9,0
"243",0,0,0,0,0,0,0,0,0,1,0,0,1,1,1,0,0,0,0,0,119,3,0,3,0,1885,0,0,3,3,70,0,0,41,0,0,1,341,0,0,0,0,0,46,0,110,0,0,0,0,0,0,0,0,0,0,0,0,0,0,0,0,0,0,0,0,327,0,0,0,0,0,0,332,0,0,0,0,0,561,0,0,0,0,74,1,0,0,0,25,4,49,0,0,0,0,0,0,20,0,0,0,0,0,3,1,0,2280,0,0,0,0,0,104,0,0,0,0,58,0,0,0,0,0,2,0,0,0,0,0,0,3,0,4,0,1,1,0,0,0,3,0,0,0,0,0,0,1,0,0,15,0,1,0,0,0,0,0,0,11,0,0,0,0,0,0,0,0,0,0,4,0,0,0,0,0,0,130,487,0,0,0,0,0,0,0,0,0,0,0,140,38,2,1,0,0,0,0,0,0,0,0,0,0,0,55,0,0,0,1,0,0,0,0,129,0,49,114,125,0,0,0,0,0,0,0,0,0,61,0,200,0,0,216,0,0,0,0,0,0,0,0,0,0,2,0,0,6,0,0,0,7,7,0,11,1,2,0,0,11,0,0,0,1,0,0,0,0,0,0,0,0,1,0,0,0,0,3,0,955,0,0,23,0,0,0,0,0,69,59,0,0,0,1,1,0,7,0,0,103,0
"244",0,0,0,0,0,0,1,0,0,0,1,0,0,0,3,0,1,0,0,0,0,12,0,0,0,3353,0,0,0,0,0,0,0,105,5,0,575,32,0,0,0,0,0,0,0,0,0,0,0,0,0,0,0,0,0,1,0,0,0,0,0,0,0,0,0,0,137,0,0,0,0,0,0,0,1021,0,0,0,0,102,0,0,0,0,0,0,0,0,0,16,776,8,2,0,0,0,0,0,21,0,0,0,1,16,0,0,0,1278,0,0,0,0,0,0,0,0,0,0,23,0,0,0,0,1,34,12,0,109,6,0,0,77,0,0,2,0,0,0,0,1,0,0,0,0,0,0,0,0,1,0,0,0,0,0,1,0,0,0,5,0,0,0,0,0,0,0,0,0,0,0,0,0,1,0,11,0,0,0,0,0,0,0,21,0,48,0,1,0,39,0,0,34,2,0,0,0,0,0,0,0,0,0,0,10,0,0,0,0,0,0,0,0,12,0,5,0,103,0,0,0,0,0,0,0,0,0,0,0,0,0,75,0,0,56,0,0,0,0,0,0,0,0,0,0,0,0,0,0,0,0,0,0,0,0,0,0,0,0,91,0,1,0,0,0,0,0,0,0,0,1,1,0,11,0,0,0,0,0,0,758,0,0,714,0,0,0,0,0,0,0,0,0,0,1,0,0,6,0,0,0,0
"245",0,0,0,0,0,0,5,1,0,0,0,0,0,1,1,0,0,0,0,0,1,214,0,11,0,2313,0,0,14,44,481,0,0,217,0,0,4,366,0,0,0,0,0,60,0,76,0,0,0,0,2,0,0,0,0,0,0,0,0,44,0,0,0,0,0,0,65,0,1,0,43,0,0,0,0,0,0,0,0,68,0,0,757,0,3,0,0,0,0,80,0,0,1,0,0,0,8,0,0,0,0,0,0,0,0,0,0,93,0,26,0,0,0,62,0,0,0,0,288,0,0,0,0,1,145,0,0,0,0,0,0,8,0,4,0,4,0,0,0,0,2,0,0,0,0,0,0,0,0,0,22,0,0,34,0,0,0,0,0,92,0,0,0,4,0,0,0,0,0,0,0,0,1,0,0,0,0,0,521,0,0,0,3,0,47,0,0,0,0,0,6,119,1,25,0,0,0,0,0,0,0,0,0,0,0,0,0,0,1,0,0,0,0,0,16,0,65,0,334,0,0,0,0,0,0,0,0,0,47,0,0,0,0,31,0,0,0,0,0,3,0,0,0,0,1,0,0,0,0,0,152,0,0,0,35,0,0,0,0,0,1,0,0,0,1,0,0,0,0,1,0,0,82,0,1,0,0,0,29,1751,0,0,524,0,0,0,0,1,0,0,0,0,0,0,0,0,8,0,0,260,0
"246",0,0,1,3,0,0,0,0,0,0,0,0,0,0,3,0,0,1,0,3,118,18,0,0,0,3853,0,0,38,2,140,0,0,35,0,0,62,0,1,0,0,7,0,93,0,401,0,7,0,0,0,0,1,0,0,0,0,0,0,79,3,0,3,0,0,0,28,0,0,0,0,0,0,0,0,0,0,0,0,57,0,1,5,0,0,0,0,0,0,23,0,39,26,0,49,4,0,0,0,0,0,72,0,0,0,0,0,77,0,28,0,0,0,86,0,3,0,416,82,0,0,0,0,11,137,224,0,0,0,0,0,0,0,15,0,0,383,0,0,0,1,1,0,0,0,0,0,0,0,6,11,125,2,0,1,0,0,0,7,0,0,0,0,0,0,0,0,47,0,0,5,0,1,0,0,0,0,0,814,1,0,0,0,0,2,0,0,0,0,0,0,9,2,4,0,0,0,0,0,0,0,0,0,144,0,2,0,0,1,16,0,0,0,3,27,0,75,0,3,0,10,48,0,0,0,0,0,0,83,0,0,0,0,58,0,0,0,0,0,4,0,0,0,0,1,11,0,3,0,0,190,0,0,0,8,1,0,0,0,8,0,0,0,1,0,0,0,0,0,5,0,34,47,0,0,0,0,0,0,973,0,0,149,2,0,0,14,0,0,27,0,0,0,0,0,5,1,0,0,214,0
"247",0,0,0,0,0,0,40,20,0,0,4,0,0,2,9,0,0,9,0,0,106,115,0,0,0,1,0,0,12,0,0,0,0,50,0,0,58,0,8,0,0,0,0,53,0,65,0,0,0,0,0,0,0,0,0,7,0,0,0,84,4,0,6,0,0,0,119,0,0,0,0,0,0,171,0,0,0,0,0,208,0,1,267,0,0,1,0,0,0,57,0,1,252,0,0,2,0,0,173,0,0,1,1,0,0,0,0,3584,0,40,0,0,0,140,0,0,0,0,159,0,0,0,0,41,100,0,0,5,1,0,22,263,0,6,0,0,2,0,0,0,3,15,0,0,0,0,102,0,0,2,0,0,0,0,0,0,0,0,0,24,0,0,0,0,0,0,0,3,0,0,0,0,40,0,0,0,0,0,69,0,0,0,0,0,0,0,51,18,0,0,0,107,1,0,0,0,0,0,0,0,5,0,0,2,0,24,0,0,0,2,0,0,0,0,38,0,0,0,179,0,0,0,0,0,0,0,0,0,4,0,90,0,0,78,0,0,0,0,0,5,0,0,0,0,0,0,47,13,0,0,0,0,0,0,53,1,0,0,0,0,4,0,0,3,0,7,0,0,0,190,0,1,244,6,0,0,0,0,9,1725,3,0,151,0,0,0,0,5,0,14,0,0,0,0,0,0,8,0,0,327,0
"248",0,0,0,0,0,0,42,0,0,0,0,0,0,195,0,0,0,0,0,0,68,0,0,0,0,0,0,0,0,0,0,0,0,0,0,0,0,0,0,0,0,0,0,0,0,0,0,0,0,0,0,0,0,0,0,0,0,0,0,29,0,0,98,0,0,0,383,0,121,163,0,0,0,0,0,0,0,0,0,30,0,0,0,0,0,0,0,0,0,0,0,0,125,0,0,6,0,0,0,0,0,6,0,0,0,0,0,1441,0,462,0,0,0,0,0,0,0,0,134,1,0,0,0,1,0,17,0,0,0,0,0,0,0,0,0,0,0,0,0,0,0,0,0,0,0,0,0,0,0,0,4,0,0,0,0,0,0,0,0,0,0,0,0,0,0,0,0,0,0,0,7,0,19,0,0,0,0,0,22,0,0,0,0,0,0,0,0,0,0,0,0,0,0,0,0,0,0,0,0,0,0,10,0,30,0,0,0,0,3,0,0,0,136,0,0,0,102,65,0,0,0,50,0,0,0,0,0,0,0,0,0,0,0,382,0,0,0,0,0,0,0,0,0,0,9,6,0,0,0,0,0,0,0,0,0,0,0,0,0,0,0,0,0,11,0,0,0,0,0,359,0,0,604,0,0,0,0,0,0,4659,0,0,0,0,0,0,0,0,24,0,0,0,0,0,0,0,11,0,0,0,0
"249",0,0,0,0,0,0,1,20,98,0,0,0,0,65,0,0,0,0,0,1,0,16,0,0,1,2865,0,0,22,0,28,0,0,0,0,0,6,0,0,1,0,0,0,0,0,1,0,0,0,0,0,0,0,0,0,1,0,0,0,0,0,0,0,0,0,0,0,0,0,0,0,0,0,2,0,0,0,0,0,0,0,0,0,0,0,0,0,1,0,72,0,0,0,30,0,0,8,0,14,0,0,78,0,0,0,0,68,122,0,0,0,0,0,488,0,0,1,0,0,0,0,0,0,0,328,0,0,0,0,0,1,9,0,0,0,0,382,0,0,0,7,0,1,0,0,0,0,1,0,0,1,0,0,8,0,0,0,0,1,1,0,0,0,186,0,0,0,0,0,0,0,0,0,0,0,0,0,0,0,0,0,0,0,0,0,0,0,132,0,0,0,17,1,0,0,0,0,0,0,0,0,0,0,0,0,1,0,0,0,0,3,0,5,0,0,0,43,0,0,0,0,5,0,0,0,0,0,0,54,4,0,0,0,955,0,0,0,0,1,0,0,0,0,0,0,17,0,0,0,0,0,0,0,0,0,0,1,0,0,0,0,0,0,0,0,0,0,0,1,0,0,0,1400,0,7,0,52,0,1,2011,0,0,12,0,0,12,0,4,0,0,0,138,0,0,182,0,25,0,0,0,0
"250",0,0,0,0,0,0,1,0,0,0,0,3,0,5,6,0,0,0,0,0,26,9,0,0,0,4046,0,0,3,10,66,0,0,101,0,0,5,232,0,0,0,0,0,47,0,202,0,1,0,0,0,0,0,0,46,1,0,2,0,294,0,0,0,0,0,0,118,0,0,0,15,0,0,5,0,0,0,0,0,56,0,0,46,0,1,0,119,0,0,35,0,4,7,0,0,0,0,0,545,0,0,0,0,1,1,0,0,95,0,0,0,0,0,162,0,0,0,0,30,0,0,0,0,10,78,0,0,0,0,0,41,9,0,0,0,0,116,0,0,0,37,0,1,0,0,0,15,4,0,0,4,0,0,0,0,0,0,0,1,34,0,0,0,0,0,0,0,0,0,0,4,0,0,0,0,0,0,0,127,0,0,0,0,0,4,0,1,0,14,0,0,114,1,0,0,0,0,0,1,0,0,0,0,0,0,16,0,0,0,0,3,0,7,0,4,0,218,5,0,0,0,0,0,0,0,0,0,0,55,0,14,0,0,389,0,0,1,0,0,1,0,0,0,0,6,0,0,1,0,0,0,1,1,1,1,6,0,0,1,15,6,0,0,4,0,0,0,0,6,16,0,25,44,0,0,0,0,0,1,2033,0,0,82,0,0,0,0,0,87,40,0,0,0,0,131,18,13,0,0,75,0
"251",0,0,0,0,0,0,1,2,0,0,0,0,0,50,1,0,0,0,0,0,8,14,0,0,0,1,9,0,9,0,1,0,0,13,0,0,5,10,23,0,0,1,1,32,0,51,0,7,0,0,0,0,0,0,73,0,0,0,0,18,0,4,0,0,0,62,113,0,1,0,11,0,0,13,0,0,0,0,0,5,1,0,238,0,13,0,1,0,0,21,0,0,2,12,0,1,0,0,4,0,0,0,0,0,5,1,1,5303,0,0,0,0,0,22,5,0,0,0,166,1,0,0,0,1,13,0,0,0,0,0,101,100,0,0,0,1,1,0,0,0,11,0,0,0,0,0,18,11,0,0,11,5,0,15,56,0,0,0,8,7,0,0,5,1,0,0,0,1,0,0,2,0,0,0,0,0,0,47,12,1,0,0,0,0,44,0,0,0,17,0,0,110,1,1,3,0,0,1,0,0,182,0,0,109,0,39,0,0,0,3,0,0,3,0,3,1,34,305,502,2,10,20,0,47,0,0,36,0,5,1,4,0,0,2,0,1,3,0,0,0,1,0,0,0,0,0,0,0,3,1,1,3,4,0,38,8,0,0,4,42,1,46,0,0,0,0,0,0,0,1,0,5,594,0,0,1,3,0,7,968,0,0,154,0,0,0,10,0,6,20,1,0,0,0,136,49,1,2,0,55,19
"252",0,18,0,1,0,0,0,15,0,4,0,0,0,58,3,0,0,0,0,0,1,9,0,37,0,1984,0,0,10,6,614,0,0,78,0,0,4,226,1,0,0,0,0,8,0,9,0,6,3,0,5,0,3,0,24,0,0,0,0,9,4,40,0,1,0,8,122,0,0,77,1,0,0,1,0,0,0,0,0,15,0,0,218,0,49,12,0,324,0,6,1,8,0,0,0,2,0,0,26,0,0,0,0,0,1,31,17,690,0,1,0,0,0,51,0,0,0,0,13,0,0,0,0,1,125,35,0,0,0,0,11,89,0,3,0,0,6,0,0,0,468,0,0,0,0,0,99,14,0,0,44,18,0,29,1,0,0,0,6,50,0,0,6,294,0,0,8,0,0,0,1,0,0,0,0,0,0,10,5,2,0,0,0,0,29,0,0,0,0,0,9,19,0,5,31,0,0,1,0,0,0,0,0,96,0,463,0,0,0,0,0,0,4,3,3,13,28,21,426,2,1,41,0,4,0,0,21,0,3,28,13,1,0,101,0,0,1,0,3,57,0,0,165,0,51,0,0,0,0,1,14,3,27,0,26,32,196,0,7,6,35,21,0,19,0,0,0,29,9,3,4,13,689,0,0,0,0,3,7,1,0,0,238,0,0,0,0,0,3,2,0,0,0,0,1,1,1,3,0,87,0
"253",0,0,0,0,0,0,0,0,0,0,0,0,0,0,0,0,0,1,0,0,0,0,0,6,0,4477,0,0,0,44,363,3,0,0,0,0,0,0,0,0,0,0,0,0,0,0,0,3,0,0,14,0,0,0,0,0,0,0,0,121,0,0,0,0,0,0,138,0,0,0,0,0,0,8,0,0,0,0,0,101,0,0,0,0,0,0,0,0,0,6,0,124,13,0,0,0,0,0,0,0,0,0,0,0,0,0,0,580,0,0,0,0,0,15,0,0,0,0,0,0,0,0,0,1,0,0,0,0,0,0,0,252,0,0,0,0,0,0,0,0,0,0,0,0,0,0,0,0,0,0,0,0,0,5,0,0,0,0,0,117,0,0,0,0,0,0,0,0,0,0,0,0,3,0,0,0,0,210,284,0,0,0,38,0,0,0,0,0,0,0,11,0,0,0,0,0,17,0,0,0,0,0,0,3,0,400,0,0,0,0,0,0,0,0,0,1,224,0,0,0,192,0,0,0,0,1,0,0,0,0,0,0,0,608,0,0,5,0,0,0,0,0,0,0,0,0,0,0,0,0,0,0,0,0,47,20,10,0,0,0,0,0,0,3,3,0,0,0,0,888,0,0,122,332,0,0,0,0,0,0,2,0,0,0,0,0,0,0,0,0,0,0,0,0,0,0,0,0,0,22,0
"254",0,0,6,0,0,0,18,0,0,0,0,0,0,0,0,0,0,0,0,5,0,42,1,16,0,912,0,0,16,0,0,0,0,0,0,0,352,0,8,0,1,0,0,0,0,325,0,0,0,0,0,0,0,0,24,1,0,0,1,219,0,0,0,0,0,0,20,0,0,0,0,0,0,0,0,261,0,0,0,67,0,0,4,5,0,0,0,0,0,0,0,13,36,0,0,4,2,0,60,0,0,93,0,0,26,1,0,361,0,23,0,0,0,0,0,11,0,1,26,0,0,0,0,1,1036,0,0,0,0,0,48,152,0,0,0,0,2,0,0,0,8,0,0,0,0,0,0,1,0,0,10,0,0,0,1,0,0,0,0,35,0,0,0,102,0,0,0,0,0,0,0,0,1,0,0,0,0,0,3,0,0,0,0,0,2,0,0,0,0,0,0,110,2,0,0,0,0,0,0,0,0,0,0,1,0,26,1,0,0,17,0,0,0,0,27,0,41,0,386,0,0,0,0,0,0,0,45,0,0,12,192,1,0,132,0,0,0,0,0,18,0,0,0,0,0,0,0,0,0,0,0,0,0,0,0,0,0,0,6,26,0,0,0,3,0,0,0,0,0,1,4,23,235,0,0,0,0,0,0,3901,0,0,138,0,0,0,0,0,0,0,0,0,0,0,0,0,7,0,0,218,0
"255",0,0,4,0,0,0,1,0,0,0,0,0,4,0,0,0,0,0,0,0,0,77,0,18,0,1589,0,0,12,43,0,0,0,187,0,0,0,0,0,16,0,0,0,0,0,0,0,0,32,0,0,0,0,7,0,5,0,25,0,0,0,0,0,0,0,0,0,0,0,379,0,0,0,0,0,0,0,0,0,0,0,0,681,4,0,13,0,118,0,197,0,29,0,0,0,0,0,0,166,0,0,1,0,0,0,0,0,0,0,32,0,0,1,0,0,0,8,15,0,0,0,0,0,1,49,0,191,0,0,0,0,0,0,0,0,0,69,0,0,0,70,0,0,0,0,0,38,25,0,0,20,0,0,0,6,0,0,3,0,0,0,0,0,0,0,0,0,0,0,0,0,0,0,0,0,0,0,0,0,0,0,0,0,0,0,0,0,0,0,0,0,0,0,3,0,0,0,0,0,0,1,0,0,0,0,47,38,25,0,8,0,0,0,11,0,0,0,0,992,0,0,118,0,0,0,0,0,0,0,0,0,0,0,764,0,0,0,0,0,12,0,0,0,0,0,0,16,0,0,0,0,16,0,0,0,166,19,0,0,0,0,0,0,0,0,0,0,0,15,0,0,79,314,0,4,0,0,0,0,0,0,0,556,0,0,376,1,0,0,0,11,0,0,0,932,0,14,0,0,1397,0
"256",0,0,0,0,0,0,0,0,0,0,0,0,0,0,5,0,3,0,0,0,0,2,0,24,0,3445,0,0,3,0,300,0,0,78,0,0,0,18,0,0,0,0,0,0,0,98,0,1,0,0,0,0,0,0,0,0,0,0,0,328,0,0,0,2,0,0,42,0,0,0,0,0,0,7,0,0,0,0,0,15,0,0,0,0,0,0,156,0,0,0,516,38,2,0,0,0,0,0,65,0,0,0,0,0,0,1,0,32,0,0,0,0,0,250,0,0,0,0,138,0,0,0,0,0,290,0,0,0,0,0,0,0,0,6,0,0,8,0,0,0,6,0,0,0,0,0,9,0,0,16,9,0,0,0,1,0,1,0,0,83,0,0,0,157,0,0,0,0,0,0,1,0,0,0,0,0,0,0,583,0,0,0,0,0,12,0,0,0,0,1,0,50,4,0,0,0,0,0,1,0,0,0,0,814,0,18,0,0,1,0,4,0,0,0,0,0,160,0,183,0,75,0,0,0,0,0,0,0,0,0,122,0,0,300,0,0,9,1,0,121,0,0,0,0,4,0,0,1,0,0,0,1,0,0,12,38,5,0,31,6,4,0,0,0,0,0,0,124,0,18,0,0,111,0,0,0,0,4,0,1,0,0,244,0,0,0,0,0,66,0,0,0,0,0,367,0,4,0,0,34,0
"257",0,0,0,0,0,0,0,0,0,0,0,0,0,0,50,0,0,0,0,28,0,27,0,6,0,1,0,0,81,47,0,248,0,112,0,0,409,0,0,0,0,0,0,0,0,66,0,0,0,1,0,0,0,0,0,0,0,4,1,9,0,0,0,0,0,0,7,0,0,18,0,0,0,0,0,0,0,0,0,0,0,0,0,0,0,1,0,0,0,0,0,13,65,0,6,1,0,0,29,0,0,1,0,0,0,0,0,1052,0,0,0,0,0,58,0,0,0,0,109,5,0,0,0,1,352,0,0,0,0,0,81,134,0,0,0,0,266,0,0,0,1,0,2,1,0,0,0,0,0,0,1,0,0,0,1,0,0,0,0,0,0,0,0,0,0,0,0,3,0,0,0,0,1100,0,0,0,0,0,0,3,0,0,0,17,0,0,1,143,0,0,0,393,19,0,0,4,0,0,0,0,0,0,0,0,0,1,0,0,0,0,4,0,0,0,127,0,47,0,27,0,0,0,0,0,0,0,0,0,70,0,0,0,0,13,0,0,0,0,0,4,0,0,0,0,1,0,0,0,0,0,0,0,0,4,0,3,1,0,0,28,3,0,0,1,0,0,0,0,0,56,0,0,47,0,0,0,0,0,0,3136,0,1418,22,0,0,0,0,0,0,73,0,0,0,0,150,0,3,0,0,92,0
"258",5,0,0,0,0,0,1,0,0,0,0,1,0,0,12,0,0,0,0,0,1,30,0,0,0,2835,0,0,3,0,0,0,0,249,0,0,53,7,0,0,0,0,0,19,0,164,0,0,0,0,0,0,0,0,6,0,0,0,1,4,0,0,0,0,0,0,21,0,0,0,0,0,0,0,0,383,0,0,0,7,0,23,5,0,0,9,0,0,0,0,0,1,0,0,43,0,0,0,0,0,0,0,0,0,1,0,1,400,0,0,0,0,0,17,0,0,0,3,64,0,0,0,13,1,1160,0,0,0,0,0,24,0,271,0,0,0,7,0,0,0,70,0,0,0,9,0,3,1,0,0,11,0,0,1,5,0,0,0,0,54,0,0,0,4,0,0,0,0,0,0,1,0,0,0,0,0,2,3,0,0,0,0,0,0,6,0,0,0,0,0,0,80,0,0,0,0,0,0,0,0,0,0,0,0,0,24,0,0,0,0,0,0,0,0,0,0,1,8,79,0,0,0,0,0,0,0,95,0,0,0,131,4,0,263,0,0,0,0,0,0,0,0,0,0,0,20,0,0,0,0,0,1,3,0,0,34,15,0,0,0,0,0,0,0,0,0,0,0,11,1017,0,0,1045,0,0,0,0,0,27,506,0,0,527,0,0,0,0,0,12,68,0,0,0,0,17,0,7,58,0,0,0
"259",0,0,0,1,0,0,0,32,0,0,0,0,0,0,23,1,0,0,0,0,68,26,1,0,0,628,0,0,148,10,0,0,0,93,0,0,475,0,0,0,0,0,1,0,0,0,0,1,0,0,0,0,0,1,16,0,0,0,0,30,0,0,0,0,0,0,0,0,0,0,18,0,0,194,0,0,1,6,0,66,0,0,14,0,0,0,0,0,0,681,0,0,19,3,47,2,0,0,0,0,0,8,0,0,0,0,0,39,0,1,0,21,0,0,0,1,0,1,48,5,0,0,0,0,206,0,0,0,5,54,83,448,0,0,0,0,895,0,0,0,1,0,0,0,0,0,15,0,0,21,10,31,53,0,0,0,0,0,0,48,0,0,0,0,0,0,0,1,0,0,2,65,1,0,0,0,0,64,0,0,0,0,0,17,14,5,0,0,15,0,0,68,6,0,0,0,0,0,0,0,0,0,0,37,1,1,0,2,1,0,0,0,0,5,4,0,28,50,1,0,16,0,0,4,2,0,0,0,113,0,486,0,0,99,0,0,2,0,0,0,0,0,0,41,0,0,0,20,0,0,0,0,25,0,6,2,0,0,1,106,17,0,0,2,1,0,9,0,122,4,0,19,61,3,0,1,0,0,20,3065,0,3,157,0,3,0,0,0,0,74,0,0,0,0,303,8,71,2,0,26,0
"260",0,0,0,0,0,0,5,0,0,0,0,0,0,0,0,0,0,0,0,0,0,7,0,9,0,2520,0,0,9,0,0,0,0,134,0,0,0,0,0,0,0,0,110,1,0,24,0,0,0,0,0,0,0,0,0,0,0,0,0,39,0,0,0,0,0,0,247,45,0,1,0,0,0,3,0,0,0,0,0,0,0,0,4,0,0,0,129,0,0,0,0,19,84,0,0,9,0,0,8,0,0,0,0,0,1,0,1,2128,4,73,0,0,2,24,0,0,0,0,191,1,0,0,0,0,46,19,0,0,0,0,0,0,0,0,0,0,34,0,0,0,57,0,0,0,0,43,0,1,0,0,9,0,0,0,0,0,0,0,0,6,0,0,0,329,0,0,0,0,0,0,0,0,78,0,0,0,0,0,34,0,0,0,0,0,0,0,0,0,0,1,0,96,0,0,0,0,0,0,0,0,0,0,0,0,0,597,0,0,3,0,0,0,0,0,0,0,0,0,51,0,0,0,0,0,0,0,0,0,0,0,0,0,0,165,0,0,0,0,0,0,0,0,0,0,6,0,0,4,0,0,53,0,0,0,0,19,0,0,0,20,0,0,0,0,0,0,4,52,0,451,0,0,112,0,0,0,0,0,0,1151,0,0,162,0,0,0,0,0,0,0,0,0,0,0,1,0,3,0,0,97,0
"261",0,0,0,0,0,0,2,0,0,0,1,0,0,27,3,0,32,0,0,0,3,10,0,3,0,1302,0,0,6,13,8,0,0,49,0,0,5,3,0,1,0,0,0,0,0,1,0,0,0,0,0,0,0,0,0,1,0,0,0,51,1,0,0,0,0,0,127,0,0,78,0,0,0,0,0,0,0,0,0,0,0,0,4,0,29,0,0,0,0,0,0,4,3777,0,0,0,0,0,33,0,0,0,0,0,1,0,0,453,0,0,0,0,0,323,0,0,0,0,6,0,0,0,0,5,314,0,0,0,0,0,5,4,0,0,0,0,0,0,0,0,335,0,0,0,0,0,7,1,0,0,3,0,0,23,0,0,0,17,0,8,0,0,0,1,0,0,0,0,0,0,0,0,0,0,0,0,0,1,7,0,0,0,0,0,1,0,0,0,0,1,0,74,0,0,3,0,0,0,0,0,0,0,0,0,0,9,0,0,0,0,0,0,0,0,0,0,38,0,47,0,1,8,0,0,0,0,0,0,0,0,83,1,0,496,0,0,0,0,0,0,0,0,0,0,0,0,0,0,0,0,0,1,0,0,0,0,0,0,1,8,1,0,7,0,0,0,0,0,3,38,1,1,61,0,0,0,0,0,5,983,0,0,8,0,0,0,0,0,18,36,0,0,0,0,330,0,0,0,0,6,0
"262",0,1,1,0,0,0,0,146,0,0,0,0,0,0,4,0,0,3,0,0,127,176,1,22,0,193,0,0,49,1,0,0,0,29,0,0,1,421,0,0,0,0,0,252,0,84,0,0,5,0,0,0,0,0,0,0,0,14,0,306,0,0,0,5,0,0,15,0,0,109,0,0,0,0,0,0,0,0,0,216,0,0,3,0,0,0,2,0,0,248,0,76,1,0,0,0,0,0,0,0,0,1,0,0,0,0,475,386,0,73,3,0,0,129,0,0,0,31,12,1,0,0,0,3,1,0,2,0,0,0,0,35,0,3,0,0,1,1,0,0,1,0,0,0,0,21,10,0,0,7,8,0,0,0,0,0,0,0,0,0,0,0,0,0,0,0,0,2,0,0,0,1,1,14,0,0,0,0,760,0,0,0,0,0,3,0,0,0,0,0,0,74,2,0,0,1,0,0,0,246,0,0,0,0,0,31,0,0,2,54,4,0,0,0,45,2,0,0,21,0,30,0,0,0,0,0,0,0,0,0,261,1,0,594,0,0,0,2,0,4,0,0,0,0,1,0,0,0,0,0,0,0,0,0,0,1,3,0,0,12,0,0,0,1,0,0,0,988,0,32,0,0,4,0,0,0,0,0,0,1980,0,0,77,12,5,1,0,191,0,0,0,0,0,0,0,0,1,0,0,111,0
"263",0,0,0,1,0,1,4,4,0,1,0,0,0,0,5,0,0,0,3,0,86,26,6,1,0,1414,1,0,64,15,152,0,0,108,0,0,21,207,0,0,0,0,0,20,0,353,0,8,0,0,0,0,0,0,0,0,0,0,0,43,0,0,0,0,0,0,64,0,2,7,0,3,0,16,0,0,0,5,0,111,0,0,0,0,0,0,3,0,0,42,0,22,5,0,0,0,0,0,35,0,0,0,0,0,0,0,0,146,0,0,0,0,0,1236,0,0,0,1,308,0,2,0,0,0,85,0,0,0,0,0,0,63,0,0,0,0,4,0,0,0,13,0,0,1,0,629,15,0,0,0,28,39,0,4,0,0,0,1,0,34,0,0,0,0,0,0,0,0,0,0,7,0,1,0,0,0,0,3,587,0,0,0,0,0,34,0,0,521,0,0,0,332,6,27,0,0,0,0,0,0,0,0,0,0,0,60,0,0,1,18,17,85,90,7,61,1,56,0,62,0,1,31,0,0,0,0,0,0,105,0,304,1,0,205,0,0,4,0,0,0,17,0,0,0,0,0,0,0,0,0,0,3,8,0,10,0,5,0,0,100,6,0,0,7,3,0,0,0,0,3,0,0,148,0,0,0,0,0,0,1380,0,0,254,3,0,0,0,0,51,79,0,0,0,0,0,0,3,0,0,151,0
"264",0,0,0,0,0,1,1,0,0,0,0,0,0,245,1,0,0,0,0,0,200,112,0,0,0,1188,0,0,3,6,19,4,0,8,0,0,10,88,0,0,0,0,0,319,8,190,0,1,0,0,0,0,0,0,35,0,0,1,0,71,0,38,0,0,0,55,134,0,16,44,139,0,1,283,0,0,0,0,0,40,0,25,8,0,749,1,0,1,0,28,0,1,1,0,0,0,0,0,0,0,0,1,0,0,2,0,249,276,0,0,0,0,0,425,4,0,0,0,56,0,0,0,0,1,0,0,0,0,0,0,117,277,0,0,0,0,2,0,0,0,4,0,0,0,0,0,21,0,0,0,0,35,0,0,0,0,0,0,0,42,0,0,0,0,0,0,0,0,0,0,0,0,0,0,0,0,0,0,80,3,0,1,5,0,20,0,0,0,0,0,0,96,0,0,0,0,0,0,0,0,0,0,0,0,424,8,1,0,0,1,3,56,0,0,0,1,49,250,0,3,0,19,0,0,0,0,0,0,84,0,176,1,0,1,0,0,4,0,0,10,0,0,0,0,0,0,0,0,0,0,0,1,0,0,13,6,22,0,0,52,0,0,0,3,17,0,0,0,46,1,0,63,98,0,0,0,0,4,12,1273,0,0,402,0,0,2,6,0,0,77,59,0,0,0,0,39,0,0,0,141,0
"265",0,0,0,0,0,0,0,0,0,0,0,0,11,271,0,0,0,0,0,0,10,26,0,0,0,2076,0,0,52,0,0,0,0,120,0,0,7,0,0,0,2,0,0,0,0,245,0,0,0,0,0,0,1,0,0,0,0,2,19,81,0,1,1,0,47,0,26,0,0,0,0,0,0,4,0,0,0,0,0,1,16,2,0,0,14,7,1,0,0,55,0,0,0,0,0,0,55,0,22,0,6,13,0,0,3,0,0,1451,4,0,0,0,0,41,3,1,0,0,28,0,0,0,0,3,51,149,0,0,0,0,12,148,0,0,0,0,26,0,0,6,0,0,5,0,0,0,0,0,0,0,3,0,63,0,0,0,0,0,23,1,0,0,0,0,0,0,0,83,0,0,0,0,30,0,0,0,0,0,0,5,0,0,0,0,0,0,0,0,0,0,0,63,0,36,0,0,0,1,0,0,24,0,0,0,0,32,0,0,0,0,0,0,0,0,1,0,31,0,59,6,0,0,0,0,0,3,0,0,38,0,5,0,0,78,0,0,0,0,0,95,0,5,0,0,0,0,0,0,0,0,7,0,0,0,0,0,30,0,1,0,15,0,0,13,0,0,0,0,0,1034,0,0,1068,0,0,0,0,0,0,2241,0,0,79,0,0,0,0,0,1,9,0,0,0,0,0,3,0,61,0,4,0
"266",0,1,0,0,0,0,0,13,0,0,0,0,0,326,13,0,0,0,0,2,60,31,0,0,0,35,0,0,25,14,97,0,0,14,0,0,138,136,0,0,0,0,0,0,0,1,0,0,0,0,0,0,0,0,1,0,0,0,1,1,0,0,0,0,0,1,60,0,0,0,8,0,0,2,0,0,0,0,0,17,0,0,46,0,40,3,1,46,0,0,0,0,291,0,3,1,0,0,1,0,0,6,0,0,1,0,0,3448,0,0,0,0,0,139,0,0,0,1,52,0,0,0,0,4,172,26,0,0,0,0,8,260,0,0,0,0,444,1,0,0,20,0,0,0,0,0,0,0,0,29,1,10,0,0,0,15,0,0,0,1,0,0,0,188,1,0,7,0,0,0,1,0,0,0,0,0,0,1,0,1,0,0,0,1,6,0,0,0,0,0,0,46,0,0,22,0,0,0,0,0,0,0,0,1,0,9,0,0,1,0,0,0,0,4,4,0,31,0,17,0,93,0,0,0,0,10,4,0,35,0,11,0,0,30,0,0,0,0,1,18,0,0,0,0,3,21,0,0,0,0,0,0,20,0,18,0,22,1,5,6,6,0,0,1,0,0,0,0,40,673,0,1,239,0,0,1,0,0,1,2420,0,0,1,0,0,0,0,0,0,51,0,0,0,0,24,0,16,0,0,16,0
"267",0,0,0,0,0,0,3,0,0,0,0,0,0,0,0,0,0,0,0,0,0,303,1,0,0,643,0,0,87,0,0,0,0,0,0,0,5,0,0,6,0,0,0,0,0,145,0,0,0,0,0,0,0,0,0,0,0,0,0,484,0,125,0,0,0,0,0,0,1,0,0,0,0,0,23,0,0,0,0,0,0,0,0,0,0,0,0,0,0,36,111,59,14,0,0,0,0,0,2,0,0,207,0,0,0,0,0,829,0,0,0,0,0,0,0,0,0,0,193,1,0,0,0,1,111,0,0,0,0,0,0,0,0,20,0,0,1,0,0,0,6,0,5,0,0,0,0,0,1,0,0,0,0,0,0,0,0,0,0,0,0,0,0,0,0,1,0,0,0,0,0,0,6,0,0,0,0,489,0,0,0,0,0,0,33,4,0,0,0,0,0,110,33,0,56,0,12,0,0,0,0,6,0,0,0,0,0,0,0,14,0,0,0,0,0,0,0,0,511,10,15,0,0,0,0,0,0,0,0,0,0,0,0,253,0,0,0,0,0,0,0,0,0,0,0,0,1,1,0,0,335,0,0,0,5,0,0,0,0,0,11,0,0,0,0,0,0,0,60,112,0,0,12,0,1,0,703,0,0,3063,0,0,114,0,0,0,1,0,0,0,0,0,0,0,87,0,9,0,0,127,0
"268",0,0,0,0,0,0,1,2,0,0,0,0,0,0,25,0,0,0,0,0,1,14,0,1,0,375,0,0,1,0,409,0,0,8,0,0,10,45,0,0,0,0,0,7,0,1,0,0,0,0,0,0,0,0,0,0,0,0,0,29,0,0,0,0,0,0,155,0,0,11,0,0,0,11,0,0,0,0,0,215,0,0,81,0,11,0,0,0,0,27,0,2,3,0,0,1,0,0,26,0,0,0,0,0,0,0,0,3885,0,0,0,0,0,55,0,0,0,0,3,0,0,0,0,4,35,0,0,0,0,0,0,26,0,0,0,0,67,0,0,0,4,0,0,0,0,0,0,0,0,0,6,0,0,0,0,0,0,0,0,6,0,0,0,206,0,0,0,0,0,0,3,0,0,0,0,0,0,7,24,0,0,0,0,0,1,0,0,0,0,0,0,31,1,2,0,0,0,0,0,0,0,0,0,659,0,5,0,0,1,1,0,0,0,0,2,0,15,0,53,0,4,0,0,0,0,0,0,0,56,0,20,0,0,60,0,0,0,0,0,0,0,0,0,0,1,0,0,0,0,0,1,0,0,0,0,0,0,0,0,20,0,0,0,0,0,0,0,0,0,1259,0,10,24,0,0,0,0,0,0,1412,0,0,325,0,0,0,0,0,3,0,0,0,0,0,0,0,12,0,0,1,0
"269",0,0,0,0,0,0,1,0,0,0,0,0,0,0,1,0,24,1,0,0,0,8,0,0,0,2315,0,0,1,0,133,0,0,90,0,0,7,0,0,0,0,0,0,0,0,24,0,0,0,0,0,0,0,0,0,0,0,1,0,138,0,0,0,0,0,0,19,0,0,0,320,0,0,0,0,0,0,0,0,54,0,0,0,0,0,1,0,0,0,14,0,0,1,0,0,22,0,0,55,0,0,0,0,0,1,0,0,13,0,0,0,0,0,58,0,0,0,0,43,0,0,0,0,1,320,11,0,0,0,0,5,1,170,0,0,0,45,0,0,0,1,0,0,0,0,0,5,0,0,16,10,0,0,0,1,0,0,0,170,0,0,0,0,2164,0,0,0,1,0,0,3,0,0,0,0,0,0,198,355,0,0,0,0,0,0,0,1,0,0,0,0,91,2,0,0,0,0,0,0,0,0,0,0,0,0,4,0,0,1,1,1,0,0,7,0,0,86,203,158,0,0,0,0,0,0,0,0,0,296,0,392,0,0,182,0,0,0,0,0,0,0,0,0,12,0,18,0,1,0,0,0,3,0,0,0,6,0,0,67,0,13,0,0,0,0,0,0,0,0,2,7,53,17,0,0,0,0,0,0,843,0,0,108,0,0,0,0,3,76,41,0,0,0,0,0,0,1,0,0,78,0
"270",0,0,0,0,0,0,0,0,0,0,7,0,0,0,57,0,0,1,0,0,0,1,0,107,0,1097,0,0,62,102,7,0,0,9,0,0,12,2,0,0,0,2,0,13,0,137,0,6,0,0,0,0,0,0,1,0,0,0,0,1,4,0,0,4,0,0,24,0,0,0,1,0,0,0,0,0,0,0,0,1,0,5,0,0,0,0,305,0,0,7,0,14,187,0,0,0,0,0,28,0,0,233,0,0,2,0,26,850,0,0,0,0,0,1,2,2,0,0,0,0,0,0,0,0,52,0,0,0,1,0,2,5,29,1,0,0,94,0,0,0,39,0,0,0,0,0,8,2,0,0,25,2,0,94,0,0,0,0,0,40,0,7,0,0,0,0,0,0,0,0,9,0,0,0,0,0,6,0,1,4,0,0,0,0,0,0,0,0,0,0,0,13,2,0,0,0,0,0,0,0,0,0,163,547,0,46,18,0,4,294,4,0,0,0,2,0,0,5,157,0,0,38,0,0,0,0,0,0,3,0,2,0,0,1870,0,0,5,0,0,4,0,0,0,0,0,144,0,11,0,0,0,2,5,0,11,280,13,0,1,27,0,0,0,2,0,0,0,0,0,5,0,75,1254,0,0,0,0,0,6,843,0,0,9,0,0,0,0,0,0,7,0,0,0,0,13,0,24,3,0,49,0
"271",0,147,0,0,0,0,3,0,0,0,0,0,0,0,15,0,4,0,0,0,0,30,0,32,0,1384,0,0,127,78,674,0,0,37,0,0,0,0,0,0,0,0,0,0,0,0,0,0,0,0,0,0,0,0,0,0,0,0,0,272,0,0,0,0,0,0,107,0,0,80,0,0,0,0,0,0,0,0,0,35,0,0,218,0,0,73,0,0,0,0,0,28,1,0,0,14,0,0,0,0,0,101,0,0,0,0,0,1711,0,0,0,0,0,0,0,6,0,0,298,0,0,0,0,1,1,10,0,0,0,0,0,0,0,0,0,0,78,0,0,0,0,0,0,0,0,0,0,0,0,0,37,0,0,0,0,0,0,0,0,0,0,0,0,0,3,0,0,7,0,0,7,0,0,0,0,0,0,0,359,0,0,0,0,0,0,0,0,0,0,0,0,196,0,29,0,0,0,0,0,0,0,0,0,932,0,124,0,0,0,43,199,0,0,0,0,0,41,0,0,0,0,126,0,139,0,0,0,0,7,0,0,0,0,266,0,0,12,0,0,0,0,0,0,0,7,47,0,0,0,0,0,0,0,0,0,20,0,0,0,279,0,0,0,0,0,0,0,0,0,225,0,0,194,0,15,0,0,0,0,974,0,0,521,0,0,0,0,0,0,21,0,0,0,0,0,0,19,0,0,81,0
"272",0,0,0,0,0,0,1,0,0,0,0,0,0,0,72,0,51,0,0,0,0,0,0,0,0,4490,0,0,74,0,0,0,0,68,0,0,54,0,0,0,0,0,0,0,9,1,0,0,0,0,0,0,0,0,0,0,0,0,0,0,0,0,0,0,0,0,11,0,0,0,0,0,0,0,0,0,0,0,0,0,0,0,0,0,0,7,0,0,0,0,0,164,19,0,0,137,0,1,0,0,0,0,0,0,0,0,0,506,0,0,0,0,0,35,0,0,0,0,7,0,0,0,0,1,99,0,0,0,0,0,0,0,0,8,0,0,872,0,0,2,32,0,0,0,0,0,0,0,0,0,0,0,58,0,0,0,0,0,0,99,0,0,0,0,0,0,0,0,0,0,0,0,1,0,0,0,0,0,0,0,0,0,0,0,0,0,0,0,0,0,29,21,0,0,0,0,0,0,0,0,0,0,0,0,0,0,0,0,3,6,0,0,0,0,0,0,0,0,24,0,0,0,0,0,0,0,0,0,0,0,0,0,0,363,0,0,0,0,0,7,0,0,0,0,1,0,1,0,0,0,0,0,0,0,0,0,12,0,0,0,0,0,0,3,0,0,0,0,0,674,0,0,196,0,1,0,0,0,0,1591,0,0,106,0,0,0,0,0,0,7,0,0,0,0,0,0,0,0,0,28,0
"273",0,0,1,0,0,0,106,35,0,5,0,0,4,0,177,0,12,0,0,7,61,1,0,7,0,2,0,17,14,34,0,0,0,39,0,0,0,556,0,0,0,0,0,0,0,0,0,0,0,0,4,0,0,0,95,3,0,0,0,0,0,0,0,0,0,92,0,0,0,0,0,0,0,0,0,0,0,0,0,75,0,0,0,0,0,5,25,0,0,49,0,4,144,0,0,0,0,0,0,0,0,60,0,0,0,0,0,2090,0,0,0,0,0,25,0,0,0,0,9,0,1,0,0,4,0,0,0,0,0,0,39,204,0,0,0,0,3,0,55,0,17,0,0,0,0,0,3,0,0,0,6,0,0,0,0,0,0,0,0,0,0,0,0,2521,194,0,6,0,0,0,6,0,0,0,0,0,0,0,0,0,0,0,0,0,38,0,0,0,0,0,0,41,2,2,0,0,0,0,0,0,0,0,0,0,0,21,2,1,0,51,33,0,0,29,0,0,0,28,5,0,0,0,0,0,0,0,0,3,5,0,0,0,0,200,0,0,0,0,0,0,0,0,0,0,11,0,0,0,0,0,0,0,69,0,10,16,11,0,7,125,1,0,0,5,0,0,0,0,0,2135,0,0,17,1,45,0,0,0,0,5,3,12,223,0,0,4,0,0,0,0,0,0,0,0,0,0,4,0,0,5,0
"274",0,0,0,0,0,0,10,0,251,0,0,0,0,0,76,0,1,1,0,0,0,0,0,0,0,181,0,0,53,0,15,0,0,43,0,0,2,0,1,0,0,0,0,0,0,0,0,0,0,0,0,0,0,0,0,0,0,0,0,0,0,0,0,5,0,0,0,0,0,0,0,0,0,0,0,0,0,0,0,52,0,0,1,0,0,6,0,0,0,0,0,6,60,0,0,2,0,0,0,18,0,0,0,0,54,0,413,1,0,0,0,0,1,90,0,0,0,2,79,0,0,0,0,2,52,0,0,0,0,0,0,0,0,0,0,9,37,0,0,0,1,0,0,0,0,4,0,0,0,0,58,0,0,0,0,0,0,0,0,91,0,0,0,0,0,0,4,0,3,0,12,0,24,0,0,0,0,0,112,0,0,0,0,0,0,0,0,0,0,0,0,0,0,45,0,0,0,0,0,0,0,0,0,0,0,1,0,0,4,0,0,0,0,0,4,0,0,0,0,0,2,50,0,0,0,15,0,0,0,0,0,0,0,63,0,0,8,0,0,0,0,0,250,0,1,32,0,0,0,0,1089,0,42,0,18,4,0,0,0,31,0,0,0,0,121,0,0,0,0,214,0,0,564,1,1,0,0,0,0,4742,0,0,898,0,0,1,7,0,0,0,0,0,0,0,0,0,3,0,0,521,0
"275",0,0,0,0,0,0,0,0,0,0,0,0,1,0,75,0,0,0,0,0,0,34,0,5,0,4498,0,0,18,0,50,0,0,52,0,0,10,83,1,1,0,0,0,203,0,8,0,0,7,0,0,0,0,0,0,0,0,0,0,0,0,0,0,0,0,0,10,0,0,0,0,0,0,24,0,0,0,0,0,17,0,14,0,0,0,2,45,0,0,121,0,15,2,0,0,69,0,0,40,0,0,0,0,0,0,0,0,27,0,0,0,0,0,326,1,0,0,1,7,0,0,0,7,1,102,0,0,0,0,0,0,159,0,1,0,0,31,0,0,0,7,0,0,0,0,0,0,0,0,0,9,0,0,0,11,0,0,0,0,0,0,0,0,0,0,0,0,0,0,0,0,0,2,3,0,0,0,0,58,0,0,0,0,0,0,0,0,0,0,0,0,42,1,0,0,0,0,0,0,0,0,0,0,0,0,24,0,0,1,13,0,0,0,0,0,0,43,0,53,0,0,0,0,0,0,0,0,0,180,0,540,0,0,829,0,0,0,0,0,0,0,9,0,0,0,0,1,0,0,0,0,0,0,0,0,0,6,0,0,0,3,0,0,0,0,0,0,0,0,79,0,0,202,0,0,0,0,0,0,1534,0,0,49,0,0,7,0,0,0,0,0,0,0,0,70,0,12,0,0,75,0
"276",0,0,1,0,15,0,2,12,0,0,0,2,0,0,8,1,0,0,0,3,93,4,0,5,1,486,0,0,48,17,83,0,0,34,0,0,0,103,0,1,0,0,0,25,0,2,0,6,0,0,3,0,0,0,14,0,0,0,0,62,0,0,0,0,0,1,22,0,0,16,24,4,0,0,0,0,0,0,0,3,0,0,412,0,2,0,4,1,0,94,174,9,0,0,0,0,0,1,6,0,0,0,0,0,1,1,0,453,6,43,0,42,0,72,0,0,61,0,37,1,0,0,0,0,17,28,0,0,1,0,23,358,0,1,0,0,0,1,0,0,0,1,0,0,0,0,3,0,1,0,0,15,0,0,1,1,0,0,9,2,0,0,0,262,0,1,0,0,0,11,4,0,103,1,0,0,0,1,44,4,0,0,0,0,8,0,0,0,61,0,8,35,2,0,0,0,0,0,0,1341,0,0,0,443,35,5,0,0,0,25,0,0,7,12,2,0,86,32,556,2,85,26,1,0,0,0,503,0,0,1,19,0,0,189,0,0,1,0,0,0,0,0,0,0,0,0,0,0,0,0,0,1,37,1,9,5,0,10,4,12,1,7,0,3,0,0,0,0,0,2,2,8,889,0,0,0,0,0,5,1089,0,0,108,0,0,0,0,0,23,2,0,0,0,0,188,9,4,37,0,19,2
"277",0,0,0,0,0,0,26,0,1223,0,3,4,0,0,4,0,0,0,0,0,11,8,2,67,1,543,0,0,174,68,327,1,0,2,0,0,107,58,0,0,0,0,0,17,0,2,0,0,0,1,3,0,0,0,16,1,0,0,0,33,0,37,0,0,0,0,25,0,4,0,5,0,0,309,0,139,0,0,0,6,0,0,1,0,200,3,0,0,0,40,556,35,2,26,0,0,0,0,7,0,0,0,0,15,1,0,106,229,0,0,3,17,0,22,0,1,0,17,4,0,0,0,0,0,8,35,0,0,10,55,4,0,0,42,0,0,39,0,0,0,0,0,0,0,2,0,30,10,0,0,4,8,0,0,1,0,0,0,0,48,0,0,0,119,0,0,0,0,0,0,0,0,1,0,0,0,0,109,79,6,3,0,0,0,8,0,0,0,0,1,0,111,10,0,138,0,0,0,0,0,0,0,0,92,1108,29,0,0,0,18,0,0,0,1,8,2,19,16,128,2,41,0,0,1,0,0,15,0,13,0,75,7,0,1018,0,3,2,0,1,107,0,0,0,0,0,0,0,0,1,9,0,0,7,3,36,7,0,4,8,43,0,0,0,0,57,0,0,0,120,45,0,4,30,0,22,0,0,0,1,1005,0,0,3,0,0,0,0,0,0,2,0,9,0,0,143,0,0,0,0,0,0
"278",0,0,1,0,0,0,0,0,0,0,2,0,0,0,1,0,9,0,1,0,0,73,0,0,0,7,0,0,0,0,461,0,0,197,0,0,0,289,0,0,0,0,0,0,0,129,0,1,1,0,0,0,0,0,23,0,0,0,0,168,1,0,0,1,0,0,0,0,0,0,12,0,0,5,0,0,0,0,0,423,0,0,363,0,0,1,26,0,0,98,0,31,0,0,0,0,0,0,0,0,0,0,0,0,0,0,0,334,0,0,0,0,0,0,0,1,0,0,196,0,0,0,0,18,191,0,0,0,0,0,0,37,15,3,0,0,18,0,0,0,1,0,1,0,0,0,18,0,0,5,3,0,0,3,0,0,0,0,0,177,0,0,0,276,0,0,0,0,0,0,1,0,0,0,0,0,0,0,677,0,0,0,0,0,4,0,0,0,0,0,0,108,0,1,0,0,0,0,0,611,0,0,1,1148,0,1,1,0,0,0,1,65,43,0,49,0,100,212,1,0,0,0,0,0,0,0,0,0,45,0,194,0,0,256,0,0,1,1,1,0,4,0,0,0,1,6,1,0,0,0,0,3,4,0,19,1,1,0,8,26,1,0,0,1,0,0,0,0,14,495,0,48,85,0,0,0,0,0,4,2135,0,0,316,0,0,0,0,0,177,43,0,0,0,0,0,0,3,0,0,30,0
"279",3,0,0,0,0,0,1,0,0,0,0,0,0,0,21,0,0,0,0,0,0,0,0,0,0,2773,0,0,0,0,270,0,0,29,0,0,26,0,6,0,0,0,0,0,0,0,0,0,1,0,0,0,0,0,0,0,0,1,0,0,0,0,0,0,0,0,439,0,11,116,0,0,0,0,0,0,0,0,0,0,0,0,0,0,0,1,0,0,0,0,0,0,14,0,0,0,0,0,0,0,0,0,0,0,0,0,0,507,0,0,0,0,2,0,0,1,0,1,30,0,0,0,0,2,704,0,0,0,0,0,0,0,0,0,0,0,4,0,0,0,4,0,0,1,0,0,0,0,0,0,11,0,5,6,0,0,0,0,0,0,0,0,0,0,0,0,0,2,0,0,0,0,0,0,0,0,0,0,267,0,0,0,0,0,0,0,1,0,0,0,0,42,0,2,0,0,0,0,0,0,0,0,0,0,0,0,0,0,0,1,0,0,0,0,0,0,90,0,1,0,0,0,0,0,0,0,0,0,34,0,0,0,0,344,0,0,0,0,0,1,0,1,0,0,0,7,1,0,0,0,0,0,0,0,0,0,0,0,0,0,0,0,0,1,0,0,0,0,0,1736,0,0,21,0,3,0,0,0,0,2273,0,0,0,1,0,0,0,0,0,0,0,0,0,0,8,0,0,0,0,0,0
"280",0,0,0,0,0,0,0,14,0,0,1,0,0,0,1,0,0,0,0,0,1,2,0,1,0,2337,0,0,1,11,228,0,0,70,0,0,8,1,1,1,0,3,0,1,0,60,0,1,0,0,2,0,0,0,1,0,0,0,0,0,1,0,0,0,0,0,351,0,0,0,3,1,0,3,0,0,0,0,0,30,0,1,171,0,0,1,11,0,0,1,0,1,30,0,0,0,0,0,1,0,0,0,0,0,0,0,1,4928,0,0,0,0,0,17,4,0,0,0,7,0,0,0,0,1,4,0,0,0,0,0,5,151,0,0,0,0,1,0,0,0,15,0,0,0,0,0,3,1,0,0,5,34,0,19,1,0,0,22,0,1,0,0,0,237,0,0,0,0,0,0,4,0,0,0,12,0,1,1,0,1,0,0,0,0,5,0,0,0,0,0,2,5,1,0,1,0,0,1,0,0,0,0,0,0,0,11,3,0,1,1,1,0,0,0,4,1,0,5,1,0,1,19,0,0,0,0,0,0,50,9,4,1,0,6,0,0,0,0,0,40,0,0,0,0,1,0,0,0,0,0,0,1,2,0,1,1,3,0,0,16,2,0,0,1,169,0,0,0,1,166,0,0,20,0,0,0,0,1,1,675,1,0,20,0,0,8,0,0,16,2,0,4,10,0,1,0,1,0,0,2,0
"281",0,0,13,0,0,0,0,72,0,0,4,0,0,0,8,0,0,0,0,0,0,41,0,7,0,94,0,0,33,0,553,0,0,51,131,0,683,152,0,0,0,0,0,0,0,98,0,1,0,0,0,0,0,0,0,2,0,0,0,60,3,98,0,64,0,9,583,0,0,39,65,0,0,0,0,0,0,0,11,189,0,1,4,0,0,3,0,0,0,0,0,61,2,0,0,0,0,0,30,0,0,0,1,0,0,0,0,23,0,51,12,0,0,0,0,0,0,12,24,0,0,52,0,0,273,76,0,6,0,0,0,22,0,3,9,0,15,0,0,1,16,0,4,0,0,0,7,2,3,34,1,0,0,4,0,0,0,0,0,180,0,0,0,1548,0,0,0,0,0,0,33,0,0,1,0,0,1,0,503,0,0,0,0,0,10,0,0,0,0,0,1,86,4,0,188,0,0,0,2,0,0,1,0,62,0,29,0,0,0,13,1,0,21,0,151,1,308,0,0,5,38,43,0,0,0,0,2,0,162,25,13,7,0,1053,0,0,15,0,0,39,0,0,0,0,0,22,29,1,0,0,0,6,0,0,0,0,0,0,43,0,1,0,0,4,0,5,0,0,151,93,0,54,20,0,0,0,0,0,33,695,0,0,122,0,0,0,0,0,40,0,0,0,0,0,0,0,0,0,0,53,0
"282",0,0,0,0,0,0,0,4,1,0,0,0,0,124,76,48,58,0,0,0,0,1,0,0,4,1475,0,0,32,0,14,0,51,60,0,0,25,3,0,0,0,0,0,0,0,1,0,0,0,0,0,0,0,0,0,0,0,4,0,1,0,3,0,0,445,15,4,18,0,127,8,0,0,15,0,0,0,0,0,1,0,0,0,0,2,5,0,0,0,45,816,1,0,0,0,0,0,0,16,0,0,0,25,0,0,0,14,1427,0,0,0,31,0,94,0,0,0,0,179,0,3,0,0,0,144,0,1,0,0,0,9,70,0,0,0,0,324,0,0,0,0,0,0,0,0,0,4,2,0,0,11,0,0,0,1,0,0,0,1,1,0,0,0,660,0,0,0,0,0,14,0,0,0,0,0,0,0,3,6,3,0,0,0,0,0,0,0,0,0,0,0,2,25,0,0,0,0,5,0,0,0,0,0,0,1,5,0,0,1,0,0,0,0,0,0,0,3,6,0,2,14,0,0,0,0,0,0,0,7,0,9,0,0,10,0,0,0,0,0,11,0,0,81,0,0,0,0,14,0,0,1,8,5,0,0,5,1,0,2,0,3,0,0,2,0,9,0,4,0,684,0,0,409,0,0,0,0,0,0,1682,0,0,47,0,0,0,0,0,1,36,0,0,0,0,75,0,4,0,0,4,0
"283",0,0,0,0,0,0,0,0,0,0,0,0,0,0,9,6,82,0,0,0,0,42,0,0,0,1003,0,0,0,0,0,0,0,428,3,0,12,215,0,0,0,0,1,0,0,0,0,0,0,0,0,0,0,0,0,0,0,0,0,0,0,0,0,1,187,0,178,0,0,0,0,0,0,0,0,0,0,0,0,150,0,3,0,0,0,0,1,0,0,38,0,0,0,0,0,0,0,0,0,0,0,0,0,0,0,0,0,525,0,39,0,0,0,33,0,0,0,0,145,0,0,0,0,0,222,30,0,0,10,0,132,0,4,0,0,0,0,4,0,0,0,0,0,0,0,0,13,0,0,0,11,0,0,3,0,0,0,0,134,0,0,0,0,0,0,0,0,0,0,0,0,0,1,0,0,0,0,0,433,0,0,0,0,0,30,0,0,0,0,0,0,67,0,0,0,0,0,0,0,0,0,0,0,41,0,21,0,0,3,0,0,0,17,0,0,0,0,39,1,0,0,37,0,0,0,0,0,0,0,0,21,0,0,624,0,0,0,0,1,0,0,0,0,0,55,0,0,0,0,0,0,0,0,0,0,57,73,0,0,0,0,0,0,0,0,0,0,1678,82,756,0,0,457,0,0,0,0,0,0,2165,0,0,349,0,0,0,0,0,0,0,0,18,0,0,1,0,39,0,19,0,4
"284",0,0,0,0,0,0,4,0,0,0,0,0,1,582,6,0,0,0,1,0,34,30,0,0,1,2119,0,0,15,0,0,0,1,12,0,0,2,224,0,0,0,0,0,60,0,24,0,0,0,0,4,0,0,0,1,0,0,0,0,86,0,33,0,0,204,4,38,0,6,46,8,0,0,14,0,0,0,0,0,19,0,0,0,0,444,1,0,2,0,138,0,14,0,0,0,0,0,0,25,0,0,0,0,0,1,0,69,38,0,0,0,25,0,22,0,0,1,0,3,2,0,0,0,11,13,0,0,0,0,4,8,419,0,0,0,0,93,0,0,0,4,0,0,0,0,0,12,0,0,0,9,2,0,0,5,0,0,0,6,42,0,0,0,1,0,0,0,0,0,59,0,0,20,0,0,0,0,21,0,0,0,0,0,2,7,0,0,0,0,0,0,29,1,0,0,0,0,0,0,0,0,0,0,0,0,30,11,0,1,0,0,0,50,0,1,0,109,11,1,5,0,0,0,0,0,1,0,0,15,0,80,1,0,240,0,3,0,0,0,1,0,43,0,0,0,0,0,0,0,0,35,0,0,0,1,1,11,0,1,2,5,0,0,2,0,1,0,0,0,1,0,0,28,0,1,0,0,0,3,3843,0,0,22,0,0,0,0,0,0,47,0,0,0,0,66,0,3,0,0,26,0
"285",0,0,4,0,0,0,0,0,0,10,0,1,0,0,88,0,1,0,8,1,0,1,0,0,0,1192,0,0,41,0,151,0,0,9,0,0,4,72,0,0,0,0,2,13,0,5,0,0,0,0,0,0,0,0,0,0,0,0,0,0,22,0,0,0,0,0,332,0,0,0,18,0,0,0,668,0,0,0,0,32,0,26,0,0,19,0,0,19,0,0,0,21,0,46,0,0,0,1,3,0,0,0,1,0,2,2,8,1951,0,0,0,0,0,7,0,0,0,0,94,0,0,0,0,3,0,51,0,15,29,0,18,8,0,0,0,0,0,1,2,8,1726,0,0,0,0,0,0,0,0,0,8,5,0,0,0,41,0,0,0,9,0,0,0,1,0,0,0,0,0,0,5,0,0,0,0,0,0,0,0,20,0,0,0,0,0,0,0,10,0,0,0,20,0,0,0,0,0,0,0,768,0,0,0,0,0,70,0,0,0,38,103,38,7,0,0,0,0,295,0,0,21,78,0,0,0,0,41,0,20,0,12,0,3,1,0,0,0,0,0,4,0,0,1,0,8,0,191,0,0,0,0,0,0,0,0,8,0,0,0,5,0,0,10,0,0,0,0,0,0,657,0,60,93,0,0,0,0,0,1,1,0,0,329,0,0,0,11,9,0,32,87,0,0,0,1,0,11,4,16,8,0
"286",0,0,0,0,0,0,0,16,0,0,0,0,0,418,3,0,0,0,0,0,55,34,1,0,0,3006,0,0,6,0,0,0,2,69,0,0,10,169,0,0,0,0,0,214,0,104,0,7,0,0,0,0,0,0,0,0,0,0,0,0,1,16,0,0,0,0,184,0,0,0,0,0,0,10,0,0,0,0,0,0,0,0,0,0,14,0,0,0,0,18,0,4,4,0,0,0,0,0,80,0,0,0,0,0,0,0,67,1323,0,0,0,0,0,33,0,0,0,0,50,15,0,0,0,15,79,0,0,0,20,0,29,950,82,0,0,0,61,0,0,0,0,0,0,0,0,0,13,1,0,15,24,0,0,0,0,0,0,0,343,49,0,0,0,0,0,0,0,7,0,0,0,0,1,0,0,0,0,19,1,0,0,0,0,0,0,0,0,0,0,0,0,51,1,0,0,0,0,0,0,0,0,0,0,0,0,0,0,0,0,0,0,0,72,0,18,0,50,0,0,5,0,0,0,0,0,0,0,0,71,0,167,0,0,63,0,0,0,0,8,0,0,0,0,0,0,0,0,0,0,0,90,0,0,0,0,0,0,0,13,0,0,0,0,8,0,0,0,0,0,250,0,0,172,0,0,0,0,0,1,1654,0,0,130,0,0,0,0,0,0,68,0,0,0,0,6,0,5,0,0,4,0
"287",0,133,0,0,0,0,150,0,0,0,0,0,0,0,38,0,0,0,0,0,0,14,0,7,0,2713,0,0,13,3,28,0,0,59,0,0,0,0,0,0,0,0,0,6,0,0,0,0,0,0,0,0,0,0,0,0,0,0,0,0,0,0,0,0,0,0,0,0,24,0,0,0,0,0,0,0,0,0,0,7,0,0,61,0,0,10,0,0,0,23,0,4,0,0,0,5,0,0,0,0,0,20,0,0,0,0,0,273,0,0,0,0,0,0,0,0,0,0,0,0,0,0,0,0,20,0,0,0,0,0,4,8,0,3,0,3,2,0,0,0,0,0,0,0,0,0,0,0,0,2,0,0,0,0,1,0,0,0,0,156,0,0,0,0,0,0,0,0,0,16,0,0,0,0,0,0,0,0,4,0,0,0,0,0,0,0,0,0,0,4,0,34,7,0,0,0,0,0,0,0,0,0,0,834,1269,0,0,0,0,12,0,0,0,0,0,0,0,0,242,0,0,1,0,0,0,0,0,0,2,0,0,0,0,1107,0,0,1,0,0,0,0,0,51,0,100,0,0,0,0,0,0,0,0,0,1,8,0,0,0,0,0,0,0,0,0,0,0,0,3,3,0,0,181,0,0,0,0,0,0,2047,0,0,147,0,0,0,3,0,0,24,0,0,0,0,20,1,110,0,0,0,0
"288",0,0,0,23,0,0,1,0,0,0,0,0,0,52,115,0,0,0,0,0,0,4,1,0,0,1111,0,0,4,0,0,0,0,24,0,43,2,0,2,0,0,0,0,0,0,0,0,0,0,0,0,0,0,0,0,0,0,0,0,0,0,1,0,0,0,1,126,0,0,3,2,0,0,0,0,0,0,11,0,0,0,0,0,1,0,5,0,0,0,3,1,0,71,0,0,18,0,0,22,0,0,0,0,0,15,0,0,1176,0,0,0,0,4,34,0,0,4,0,215,6,4,0,0,4,0,0,303,0,0,0,21,0,0,1,0,2,0,0,0,0,0,0,0,0,0,0,0,0,0,0,0,0,0,0,1,0,0,0,1,3,0,0,0,0,0,0,0,0,0,0,0,0,0,0,0,57,0,21,3,0,0,5,0,0,0,0,0,0,0,0,0,41,0,0,0,0,0,0,0,0,0,0,0,742,0,19,0,0,0,0,0,0,1,0,0,0,282,0,0,2,0,0,0,0,3,0,0,516,13,0,0,0,0,301,0,0,10,0,0,0,0,0,6,0,0,0,0,0,0,0,0,0,0,0,0,12,0,0,1,0,0,0,0,0,0,0,13,42,0,1349,0,0,571,0,0,0,0,0,0,1767,0,0,128,0,0,0,0,0,0,0,0,0,0,9,10,0,0,0,0,35,0
"289",0,1,0,0,0,0,0,0,0,0,0,0,0,0,0,0,11,1,0,0,1,21,0,11,0,2476,1,0,83,10,1,0,0,140,0,0,0,1,0,0,0,0,0,6,0,69,0,2,0,1,0,0,0,0,0,1,0,0,0,0,4,0,0,2,0,0,39,0,0,0,0,0,0,4,0,0,0,0,0,7,0,0,1,0,0,0,1,0,0,93,0,53,58,0,0,0,0,0,6,19,0,0,0,0,0,0,0,654,0,54,0,0,0,1100,0,0,0,0,8,5,0,0,0,20,56,0,0,0,0,0,1,13,0,0,0,0,0,0,0,0,0,0,0,0,0,0,13,0,0,0,2,0,0,1,0,0,0,580,0,3,0,0,0,0,0,0,0,0,0,0,1,0,6,0,0,6,0,0,143,2,0,0,5,0,0,0,0,0,0,0,0,117,24,0,0,0,1,0,0,1,0,0,0,1,0,229,0,0,0,18,1,0,0,0,2,0,106,0,0,0,6,0,0,0,0,32,0,0,0,0,1,0,0,428,0,0,0,0,0,0,0,0,0,0,2,0,0,0,0,0,0,1,0,0,6,3,4,0,0,2,0,0,0,2,0,0,0,0,0,824,0,1,522,20,0,0,0,0,0,1585,0,0,12,0,0,0,0,10,0,2,0,0,0,0,1,0,30,0,0,0,0
"290",0,0,0,0,6,0,37,100,0,0,0,4,0,0,4,4,1,1,0,0,203,37,0,41,2,11,4,0,105,41,0,2,0,2,0,0,19,5,0,0,1,0,0,0,0,0,0,1,0,0,0,0,1,0,9,1,0,0,0,256,3,0,0,0,0,9,24,0,0,0,11,1,5,50,0,0,0,3,0,60,0,0,4,0,111,1,0,0,0,264,0,1,617,0,91,0,0,0,3,0,0,0,31,0,2,9,18,2924,12,111,0,0,0,131,0,14,0,25,141,0,1,5,0,2,35,3,0,0,1,0,0,205,0,4,0,0,43,0,0,0,3,0,1,0,0,0,2,5,0,0,52,0,1,2,0,0,0,0,0,1,0,0,0,33,0,0,8,9,1,0,13,3,3,0,0,60,0,1,9,1,1,0,0,2,11,0,0,0,0,0,2,207,7,31,0,0,0,0,0,0,0,0,0,1,0,32,1,0,0,46,15,0,7,0,2,15,138,22,73,4,0,46,0,113,0,65,0,14,20,1,0,0,0,92,0,0,1,0,0,1,0,0,0,0,2,160,0,30,0,0,0,1,18,1,7,9,3,0,0,42,3,0,0,3,0,0,7,0,18,71,0,0,303,0,2,1,0,1,3,1384,0,0,34,0,0,0,0,0,0,13,0,0,0,0,2,8,545,0,0,12,2
"291",11,0,0,0,0,0,0,0,0,0,0,0,0,0,0,0,11,0,0,0,0,17,0,0,63,0,0,0,0,50,107,0,0,8,14,0,21,0,5,0,2,0,0,0,0,0,1433,0,0,0,0,0,0,0,0,0,0,0,0,24,0,0,0,0,0,0,75,0,0,0,0,0,0,0,0,0,0,0,0,10,0,0,33,0,0,0,0,0,0,0,0,456,0,0,0,0,0,0,0,0,0,0,0,0,16,3,0,0,0,0,0,0,0,0,0,1,0,0,0,0,0,0,0,0,174,0,0,79,0,0,0,0,0,9,0,0,0,0,0,0,0,0,0,0,0,1495,0,0,0,0,0,0,0,0,0,0,0,0,0,0,0,0,0,0,0,0,0,0,0,0,0,0,0,4,0,0,0,0,433,0,0,0,0,0,0,0,43,0,0,0,0,0,58,0,0,0,0,0,0,0,0,0,0,0,0,0,0,0,0,74,0,0,0,0,7,0,4,0,0,0,230,0,0,6,0,0,0,0,78,0,0,0,0,978,0,0,0,0,0,196,0,0,3,0,11,0,0,29,0,0,0,0,0,0,0,5,0,0,0,0,0,0,0,0,0,0,0,0,0,1200,0,0,857,2,0,0,0,0,0,0,0,0,531,0,0,0,0,0,0,0,0,0,0,0,0,0,27,0,0,0,0
"292",0,0,0,0,0,0,0,25,0,0,0,0,1,164,1,0,0,0,0,3,124,32,0,13,0,44,0,0,13,0,506,0,0,69,0,0,2,298,0,0,0,0,0,95,0,6,0,0,0,0,0,0,0,0,34,0,0,0,0,297,0,10,0,0,0,0,17,0,0,0,43,0,0,111,0,0,0,0,0,89,10,0,0,0,555,1,2,1,0,271,0,0,1,17,0,4,0,0,36,0,0,2,0,0,0,0,0,206,0,0,0,0,0,35,2,0,0,0,79,0,0,0,0,1,11,0,0,0,0,0,44,103,0,0,0,0,0,1,0,0,1,0,0,0,0,0,68,0,0,0,46,78,0,11,0,0,0,0,3,70,0,0,0,1,0,0,0,0,0,0,0,0,1,0,0,0,0,301,26,0,0,0,0,0,0,0,0,0,0,0,0,53,1,5,0,0,0,0,0,0,0,0,0,0,0,4,0,0,1,0,0,0,0,0,4,0,4,0,428,0,526,0,0,0,0,0,0,0,59,0,0,0,0,156,0,0,0,0,0,0,0,0,0,0,0,0,0,0,0,0,18,0,60,0,8,0,2,0,0,0,0,0,0,6,0,0,0,0,0,1,0,0,19,0,0,0,1,0,3,3625,0,0,671,0,0,0,0,1,9,0,0,0,0,0,31,0,18,0,0,168,0
"293",0,0,0,0,0,0,1,0,0,0,0,0,0,48,1,0,0,1,0,0,0,19,1,1,1,1778,0,0,5,0,229,0,0,79,0,28,139,313,0,0,0,0,0,0,0,95,68,0,0,0,1,0,0,0,0,0,0,0,0,161,0,32,0,0,1,0,12,0,0,23,22,1,0,0,0,0,1,0,0,5,0,0,207,0,44,0,0,0,0,157,0,9,1,0,0,1,0,1,0,0,0,0,0,9,1,0,0,166,0,0,0,27,0,511,0,0,0,0,111,3,0,0,0,0,306,0,0,0,0,0,0,15,0,1,0,0,4,0,0,0,2,0,0,0,0,0,1,0,0,0,14,0,0,0,0,0,0,0,13,19,0,0,0,0,0,0,0,0,0,0,2,0,1,1,0,0,0,162,221,0,0,0,3,0,0,0,0,0,0,0,0,417,1,0,0,0,6,0,0,0,1,1,0,13,0,19,0,0,0,1,0,0,0,4,54,0,394,103,98,4,0,12,0,44,0,0,0,0,69,19,147,0,0,168,0,0,0,0,0,0,0,0,0,0,0,0,0,0,0,0,0,2,22,0,0,0,1,0,0,0,0,0,0,1,0,0,0,0,0,2,0,0,372,0,1,0,0,0,26,1727,0,1,182,0,0,0,0,0,52,142,0,0,0,1,136,0,2,0,0,244,0
"294",0,0,0,0,0,0,0,0,0,1,1,1,0,0,0,0,0,0,0,0,0,53,0,0,0,1777,0,0,47,0,0,0,12,58,0,73,116,181,0,0,0,0,0,89,0,144,0,0,0,0,0,0,0,0,19,1,0,0,0,176,0,8,0,0,0,0,0,0,9,14,62,0,0,0,0,0,0,0,0,51,0,1,15,0,356,1,191,0,0,33,0,10,0,0,0,0,0,0,27,0,6,0,0,13,5,0,108,1149,0,0,0,144,0,491,0,0,0,0,0,1,0,0,0,0,192,0,0,0,10,0,9,35,0,3,0,1,273,2,0,0,0,0,0,0,0,0,23,10,0,0,6,0,0,0,24,0,0,0,0,119,0,0,0,1,0,0,0,0,0,0,0,0,0,0,0,0,0,68,270,7,0,0,0,0,9,0,0,0,0,0,0,126,4,0,0,0,0,3,0,0,0,0,0,4,620,4,0,0,0,0,0,0,0,0,24,0,25,243,171,0,33,14,0,0,0,1,0,0,24,1,55,0,3,125,0,0,4,0,0,0,0,0,0,0,0,0,0,0,0,0,0,5,27,0,64,51,0,0,11,0,0,0,2,7,0,1,0,0,0,3,0,29,52,0,0,0,0,0,13,1497,2,0,300,0,0,0,0,0,0,36,0,0,0,0,9,0,5,0,0,315,46
"295",0,10,0,0,0,0,2,0,0,0,0,0,0,0,316,0,0,0,0,0,0,0,0,14,0,5491,0,0,93,187,0,0,0,0,0,0,48,0,0,0,3,0,0,0,0,0,0,0,0,0,0,0,0,0,0,0,0,3,0,10,0,0,0,1,0,0,0,0,0,0,0,0,0,0,0,0,0,0,0,44,0,0,0,0,0,8,0,0,0,0,0,0,0,0,0,0,2,0,0,0,0,137,12,0,0,0,0,75,0,2,0,0,0,0,0,0,0,0,0,0,0,0,0,0,0,0,0,0,0,0,0,124,0,0,0,0,672,1,0,0,10,0,0,0,0,0,4,2,0,0,50,0,0,0,0,0,0,0,0,0,0,0,0,354,0,0,0,0,0,0,3,0,0,0,0,0,0,0,0,0,0,0,0,0,0,0,0,0,0,0,0,0,5,0,0,0,0,0,0,0,0,0,0,142,0,55,0,0,0,8,0,0,0,0,0,0,75,0,0,0,0,2,0,0,0,0,0,0,212,0,0,1,0,44,0,0,0,1,0,278,0,0,0,0,0,1,0,0,0,0,0,0,41,0,0,0,0,0,0,0,0,0,0,0,1,0,0,0,0,6,0,0,388,0,0,0,0,0,12,1229,0,0,0,0,0,17,0,3,0,0,0,0,18,0,0,0,8,0,0,0,0
"296",0,0,0,0,0,0,10,0,0,0,0,0,0,0,149,0,0,0,0,0,0,0,0,11,0,0,0,0,27,17,0,0,0,183,0,0,3,128,0,0,23,0,0,0,3,318,0,0,0,0,0,0,0,0,0,0,0,2,0,0,0,0,0,0,0,0,22,0,18,0,0,0,0,0,0,0,0,0,0,0,0,0,0,0,0,164,0,0,0,209,0,17,105,0,0,0,0,0,276,0,0,92,0,0,0,0,0,462,0,0,0,0,0,0,0,0,0,0,23,0,0,0,0,3,228,0,0,0,0,0,0,116,0,0,0,0,12,0,0,0,1181,0,2,0,0,0,0,0,0,0,12,0,0,0,0,0,0,0,0,0,0,0,0,0,0,0,0,7,0,0,0,0,3,3,35,0,0,0,52,0,0,0,0,0,0,0,0,0,0,0,0,78,1,14,0,0,0,0,0,0,0,0,0,0,0,0,0,0,6,8,0,0,0,0,21,0,0,0,374,0,0,0,0,0,0,0,0,0,33,0,0,0,0,0,0,0,0,0,0,0,0,0,0,0,0,0,2,0,0,0,0,0,0,0,0,0,0,0,0,0,0,0,0,0,84,0,0,0,0,57,0,0,1072,0,14,0,0,0,0,3336,0,0,463,6,0,0,0,7,0,0,0,0,0,0,0,0,97,0,0,197,0
"297",0,0,0,0,0,0,0,0,0,0,0,0,0,0,2057,0,0,0,0,0,0,0,4,102,0,137,0,0,131,192,0,0,0,194,0,0,32,0,0,0,0,0,0,0,1,0,0,0,0,0,0,0,0,0,0,0,4,0,0,0,0,0,0,0,0,0,72,0,40,26,0,0,0,0,0,0,0,0,0,0,0,0,0,0,0,11,381,0,0,0,0,79,0,0,0,0,0,0,0,0,0,60,1,0,0,0,0,285,0,74,0,0,0,0,0,0,0,0,236,0,11,0,0,3,0,0,0,1,0,0,0,61,0,6,0,0,93,3,0,0,127,0,0,0,0,0,7,0,0,0,0,0,0,0,0,6,0,57,0,0,0,0,0,0,0,0,0,6,0,0,0,0,0,3,0,0,0,0,0,0,0,0,0,0,0,0,0,0,0,0,2,148,483,0,0,0,169,0,0,0,0,0,0,0,964,263,0,0,2,110,0,0,0,0,0,1,0,0,0,0,0,0,0,0,0,0,0,0,0,0,0,0,0,1189,0,0,0,0,0,0,0,0,0,0,9,0,0,0,0,0,0,0,0,0,0,0,0,0,0,0,0,0,0,5,0,5,0,0,0,84,0,0,87,0,4,0,0,0,0,912,0,0,0,0,0,735,0,39,0,0,0,0,0,0,0,0,30,0,0,0,0
"298",0,0,0,0,0,2,0,39,248,0,0,0,1,409,3,0,0,0,15,0,11,28,0,5,0,2980,0,0,109,23,0,0,0,143,0,0,0,252,0,0,0,0,0,241,0,0,0,0,2,0,0,0,0,0,0,0,0,0,0,0,0,24,3,0,0,0,117,0,0,0,0,0,0,4,0,0,0,0,0,96,0,2,0,0,50,1,0,1,0,39,0,5,53,0,0,47,0,0,0,0,0,0,0,0,16,0,36,22,0,0,0,8,0,108,0,0,0,0,122,0,0,0,0,0,298,0,0,0,0,177,307,677,0,0,0,0,1,0,0,0,1,0,0,0,0,0,3,4,0,5,11,0,44,0,0,0,4,0,19,543,0,0,0,0,0,0,0,0,1,0,0,0,55,0,0,0,0,12,130,0,0,0,0,0,48,0,0,0,0,0,0,0,0,0,0,0,0,7,0,0,0,0,0,0,0,6,0,0,0,31,0,0,0,0,0,0,0,0,8,19,43,0,0,0,0,0,0,467,257,0,268,0,0,0,0,5,0,0,0,0,0,0,0,0,0,0,0,0,0,0,6,0,14,0,0,0,1,0,0,0,1,0,0,4,0,0,13,0,0,57,0,0,0,6,0,0,0,10,23,0,0,8,1018,0,37,0,0,0,0,107,0,0,0,0,3,0,3,0,0,48,0
"299",0,0,0,1,0,0,1,12,0,0,0,0,0,2,13,0,0,1,0,0,23,1,0,3,0,3140,0,0,2,0,93,0,0,1,0,0,4,0,6,0,1,0,0,16,0,26,0,0,0,0,0,2,0,0,0,0,0,9,0,4,0,0,0,0,0,0,18,0,0,0,13,0,0,15,0,0,0,0,0,0,8,0,0,1,16,0,0,0,0,44,6,5,2,0,0,1,0,0,4,1,0,8,0,0,2,1,3,284,0,0,0,0,0,60,0,1,0,0,15,1,1,0,0,1,237,36,0,0,0,0,0,151,1,1,0,0,1,0,0,0,25,0,0,0,0,0,5,1,0,5,10,22,0,4,1,0,0,0,0,4,0,0,0,0,0,0,0,0,0,2,17,0,1,0,1,0,0,0,29,1,0,0,0,0,1,0,0,0,0,0,0,2,1,3,0,0,0,0,0,4,0,0,0,156,0,2,0,0,3,2,0,0,2,0,0,0,0,7,95,0,0,35,0,0,4,0,0,0,78,0,171,0,0,2250,0,0,0,0,0,0,1,0,71,0,0,0,0,2,0,0,201,1,0,0,3,7,0,0,1,0,1,0,0,0,3,0,0,0,0,0,0,0,141,0,1,1,0,0,0,1970,0,0,5,0,0,0,0,3,0,5,0,0,0,0,195,0,3,0,0,13,0
"300",0,0,0,0,0,0,0,0,0,0,0,0,0,0,0,0,0,0,0,0,0,53,0,2,0,4000,0,0,9,2,93,6,0,0,0,0,37,125,0,0,0,0,0,0,0,290,0,0,11,0,0,0,0,0,0,0,0,0,17,0,0,0,0,0,0,0,0,0,0,0,0,0,0,0,0,0,0,0,0,0,0,0,0,0,0,18,0,0,0,0,0,16,7,0,0,0,47,0,0,0,0,0,0,0,0,0,0,737,0,0,0,0,0,0,0,0,0,0,3,1,0,0,0,0,581,0,0,0,0,0,0,0,0,0,0,0,8,0,0,3,5,0,1,1,0,0,20,13,0,0,23,0,0,0,0,0,9,0,0,0,0,0,0,0,0,0,0,3,0,4,0,0,0,0,0,0,0,0,0,5,0,0,0,0,0,0,1,0,0,0,0,16,2,0,244,0,0,0,0,0,0,0,0,0,0,33,0,0,0,18,4,0,0,0,0,0,0,0,7,0,0,0,0,0,0,0,0,0,0,0,0,0,0,2633,0,0,0,0,0,33,0,0,0,0,0,0,1,3,0,0,0,0,0,0,0,0,0,0,0,12,0,0,0,5,0,0,0,0,0,348,0,0,0,0,0,0,0,0,0,121,0,0,184,0,0,0,0,0,0,0,0,0,0,0,230,0,5,0,0,123,0
"301",0,0,0,1,0,1,9,3,0,0,0,0,2,0,13,1,3,0,0,1,0,16,0,1,0,935,0,0,11,46,205,213,0,19,0,0,1,0,1,1,0,0,0,0,0,19,0,1,6,5,0,0,0,0,0,0,0,0,0,49,1,0,4,0,0,0,34,1,0,0,0,0,0,1,0,59,0,0,0,39,0,1,0,0,0,1,0,0,1,9,0,11,4,0,0,4,1,0,1,0,0,0,0,0,0,0,0,462,0,0,0,0,0,15,1,5,0,0,42,0,0,0,0,11,7,0,0,0,0,0,0,1,0,1,0,0,3,0,1,1,5,0,0,1,0,0,5,0,0,1,1,0,56,23,0,0,0,0,0,0,0,2,0,0,0,1,0,4,0,0,3,0,1,0,0,0,0,3,95,1,0,0,0,0,7,0,0,0,0,0,3,6,1,1,0,0,0,0,1,0,0,0,0,683,0,6,0,0,1,6,60,0,0,0,3,0,47,0,1,0,0,14,0,0,0,0,0,129,31,0,0,0,0,254,1,0,1,0,0,0,0,0,0,0,0,24,1,0,0,0,1,0,0,0,0,4,1,0,0,0,1,0,0,11,1,0,0,0,0,5138,0,0,60,0,4,0,1,1,0,1326,1,0,25,0,0,0,0,2,1,0,0,0,0,0,1,1,3,0,0,8,0
"302",0,0,0,0,0,0,5,0,0,0,0,0,1,193,59,10,0,0,0,0,17,10,0,9,0,5139,0,0,37,1,196,0,0,82,0,0,12,0,0,0,1,0,64,0,0,0,0,0,0,0,0,0,0,0,0,0,6,0,0,429,0,26,0,0,0,0,0,4,0,0,0,0,0,19,0,1,4,0,0,0,2,0,46,0,15,0,0,0,7,114,0,21,55,0,0,0,0,0,0,0,0,0,0,0,19,0,0,623,0,0,0,0,0,185,0,3,0,0,38,0,0,0,0,0,163,0,0,0,0,0,0,0,0,0,0,0,729,0,0,0,27,0,0,0,0,5,12,0,0,122,0,0,0,0,0,0,0,0,0,0,0,0,0,0,0,0,0,0,0,0,0,97,28,0,0,0,0,0,0,0,0,0,0,0,0,1,0,0,0,0,0,72,3,25,0,0,0,9,0,0,0,0,0,0,0,26,0,0,4,1,0,0,0,0,1,0,332,0,3,9,0,0,0,0,1,0,0,0,0,0,107,0,0,0,0,0,0,0,0,0,0,3,0,0,0,0,0,17,6,0,0,0,0,2,9,9,0,0,3,0,0,0,0,0,0,0,0,0,0,145,0,0,142,2,0,0,0,5,18,0,0,0,171,0,0,0,0,0,0,0,0,0,0,0,85,0,6,0,0,0,0
"303",0,0,0,1,0,0,0,10,0,0,0,0,0,0,15,0,0,0,0,0,1,0,0,68,0,1,0,0,91,15,394,0,0,0,0,0,3,119,1,0,0,1,0,11,0,0,0,0,0,0,1,0,0,0,1,0,4,0,0,123,0,0,0,0,0,0,145,0,0,0,7,0,0,1,0,0,0,0,0,36,0,0,18,0,0,1,103,0,1,15,0,290,10,0,0,0,0,0,0,0,0,14,0,0,1,0,0,1374,0,0,0,0,0,0,0,5,0,0,143,0,0,0,0,1,13,0,0,0,0,0,0,7,0,0,0,0,7,2,0,0,599,0,0,0,0,0,0,0,0,4,0,1,0,1,1,0,0,0,0,0,12,0,0,0,0,0,0,0,0,0,8,0,0,0,0,0,0,0,61,0,0,0,0,0,1,0,0,0,0,0,0,44,10,17,0,0,0,0,0,0,0,0,0,0,0,197,0,0,3,20,0,0,0,10,5,0,54,0,338,0,56,1,0,0,0,0,0,0,0,0,83,0,0,780,0,0,0,0,0,7,0,0,0,0,88,2,0,0,0,0,0,0,0,1,17,10,4,0,0,56,0,0,0,4,1,0,0,0,0,4193,0,0,24,0,3,3,3,1,2,1,0,1,49,0,0,0,0,2,0,0,0,0,0,0,9,1,8,0,0,17,0
"304",0,8,1,0,0,0,0,0,149,0,0,0,1,1,165,1,0,0,9,0,2,4,0,0,0,769,0,0,50,52,575,0,0,36,0,0,10,11,0,0,0,0,0,86,0,75,0,0,0,0,2,0,0,0,57,1,0,0,0,4,0,2,0,0,0,0,14,0,22,36,34,1,0,3,1201,265,0,0,0,2,0,3,202,0,0,5,0,2,0,22,0,98,96,0,0,0,0,0,51,0,0,0,0,0,0,1,2,202,0,0,0,63,0,1,0,0,0,5,1,0,0,0,0,40,765,0,4,0,0,0,56,2,0,0,0,0,26,0,0,0,67,0,0,0,0,0,1,3,3,0,3,17,56,0,5,0,0,0,0,89,0,0,0,197,0,0,0,0,1,4,3,0,0,0,0,0,0,23,0,4,0,0,0,0,3,0,0,0,0,0,0,29,0,0,0,0,0,4,0,2,0,0,0,0,0,22,5,0,0,0,0,4,0,0,1,0,97,5,296,4,117,0,0,0,0,0,0,0,8,3,50,1,0,1582,0,1,0,0,0,0,0,0,0,0,0,0,0,0,0,3,68,1,9,0,29,10,4,0,1,8,2,0,0,2,2,0,0,0,18,15,0,75,397,19,0,0,6,3,17,5,0,0,78,0,0,56,0,0,15,9,0,0,15,0,674,4,37,0,0,63,0
"305",0,0,0,0,0,0,6,0,0,0,0,0,12,0,35,0,0,0,0,0,10,0,0,0,0,0,0,0,34,186,0,0,0,163,0,0,18,0,0,0,0,0,0,0,0,0,0,0,6,0,0,0,0,0,0,0,0,0,0,0,0,0,0,0,0,0,0,8,0,0,0,0,3,2,0,0,0,0,0,0,0,0,0,0,3,249,0,0,0,58,0,25,11,0,0,0,0,0,0,0,0,148,18,0,0,0,0,0,0,0,28,0,0,47,0,0,0,11,445,1,0,0,0,0,180,0,0,0,0,0,0,0,0,0,0,0,163,0,0,0,55,0,0,0,0,0,9,0,0,0,11,0,0,0,0,0,0,0,0,0,0,0,0,0,0,1,0,0,0,0,0,0,1,0,0,0,0,0,0,35,0,0,0,0,0,0,0,0,0,24,0,29,3,0,0,0,0,0,1,0,0,0,0,0,0,122,37,0,5,21,0,0,0,0,0,0,531,0,184,0,0,0,0,0,0,0,0,0,0,0,0,0,0,0,0,0,0,0,0,0,0,0,0,0,0,0,1,64,0,0,0,0,0,0,0,85,0,31,0,0,0,0,0,0,303,0,0,0,0,58,0,0,332,0,207,0,11,0,0,4996,0,0,114,0,0,0,0,11,0,0,0,0,0,0,0,0,34,0,0,244,0
"306",0,0,0,0,0,0,1,0,0,0,0,0,0,0,891,0,0,0,0,0,0,0,0,0,0,2097,0,0,208,0,0,0,0,0,0,0,0,0,0,0,0,0,0,0,0,64,0,0,0,0,0,0,0,0,0,0,0,0,0,435,0,0,0,0,0,0,0,0,0,83,0,0,0,0,0,0,0,0,0,0,0,0,0,0,0,0,0,0,0,0,0,135,21,0,0,0,0,0,0,0,0,30,0,0,0,0,0,2358,0,6,0,130,0,0,0,0,9,0,549,8,1,0,0,1,0,0,0,0,0,0,0,0,0,0,0,0,0,0,0,0,0,0,0,0,0,0,0,0,0,0,0,0,0,0,0,0,0,0,0,0,0,0,0,0,0,1,0,0,0,0,0,0,4,0,0,0,0,0,0,0,0,0,0,0,0,0,0,0,0,0,0,167,2,0,0,0,0,0,0,0,0,0,0,1278,0,0,0,0,2,0,0,0,0,0,0,0,343,0,0,0,112,0,0,0,0,0,0,0,0,0,0,0,0,377,0,0,0,6,0,0,0,0,0,0,0,0,0,0,0,0,0,0,0,0,0,271,0,0,0,0,0,0,0,31,0,0,0,0,0,123,162,0,51,6,0,0,0,0,0,1,0,1,0,0,0,0,0,0,0,0,0,0,0,0,0,0,0,0,0,0,0
"307",0,0,0,0,0,0,0,0,0,0,0,0,0,0,19,0,0,0,0,7,23,142,0,2,0,117,0,0,3,11,1612,0,0,27,0,0,41,23,0,0,0,0,0,0,0,31,0,0,0,0,4,0,1,0,3,1,0,0,0,83,0,0,0,0,0,0,44,0,0,0,8,0,0,0,0,0,0,0,1,161,0,8,106,0,0,9,0,0,0,24,0,1,10,0,0,1,0,0,21,0,0,0,0,0,0,0,0,3295,0,48,0,0,0,0,0,4,0,0,59,0,0,0,0,1,386,0,0,0,0,0,1,23,0,4,0,0,0,0,0,1,9,0,0,0,0,0,25,0,0,0,0,25,1,0,0,0,12,0,0,17,0,0,0,0,0,0,0,0,0,0,0,0,3,0,3,0,0,15,105,0,0,0,0,0,5,0,0,0,0,0,7,19,0,0,0,0,0,0,0,0,0,0,0,3,0,53,0,0,0,12,0,0,0,0,9,2,38,7,333,0,12,0,0,0,0,0,0,0,0,0,74,6,0,296,0,0,0,0,0,0,0,0,0,0,3,0,0,0,0,0,0,0,18,0,11,44,15,0,0,29,2,0,0,5,0,0,0,0,0,4,0,11,190,0,0,0,0,0,0,1803,0,0,191,0,0,0,0,0,0,23,0,0,0,0,9,0,0,0,0,82,0
"308",0,0,0,0,0,0,1,0,0,0,0,0,0,0,0,0,0,0,0,0,0,0,0,0,0,2828,0,0,0,0,0,0,0,0,0,0,0,21,0,0,0,0,0,0,0,0,0,0,0,0,0,0,0,0,0,0,0,0,0,11,0,0,0,0,0,8,0,0,0,0,64,0,0,0,0,0,0,0,0,90,3,0,121,0,0,0,3,0,0,0,0,1,0,0,0,0,0,0,0,0,0,0,0,0,0,0,0,1119,0,0,0,0,0,1080,0,1,0,0,72,0,0,0,0,0,0,0,0,0,0,0,0,0,0,0,0,0,1,0,0,0,5,0,0,0,0,0,3,0,0,0,16,0,0,0,0,0,0,0,0,128,0,0,0,315,0,0,0,0,0,0,0,0,0,0,0,0,0,0,0,0,0,0,0,0,13,0,0,0,0,0,0,0,0,0,0,0,0,0,0,0,0,0,0,0,0,1,0,0,0,0,0,0,0,0,0,0,142,30,13,102,68,0,0,0,0,0,0,0,0,0,84,0,0,44,0,0,0,1,0,0,3,0,0,0,0,0,0,0,0,0,0,3,10,1,0,1,0,0,0,21,1,0,0,1,0,0,0,0,0,7,0,50,0,0,0,0,69,0,1,3516,0,0,0,0,0,0,0,0,0,0,0,0,0,0,0,0,0,0,0,0,0
"309",0,0,0,4,0,0,2,1,0,0,0,0,1,1,65,0,0,0,0,0,0,12,0,356,0,3334,0,0,405,167,187,0,0,12,0,0,7,1,0,0,0,0,0,0,0,2,0,0,0,0,1,0,0,9,3,0,0,0,0,0,0,7,0,0,0,1,46,0,0,181,2,1,0,0,0,0,0,0,0,0,0,17,53,0,1,121,0,1,0,1,0,47,154,0,0,0,0,0,0,0,0,50,0,0,5,0,2,209,0,0,0,25,0,0,0,0,0,0,139,4,0,0,0,0,5,0,207,0,0,0,0,2,0,0,0,85,499,0,0,0,24,0,0,0,0,0,1,0,0,0,1,0,0,0,1,0,0,0,0,13,0,0,0,0,0,0,1,0,0,140,0,0,0,0,0,0,4,26,168,0,0,0,0,0,4,0,0,0,0,0,0,1,6,0,5,1,0,1,0,0,0,0,0,0,0,75,0,0,0,19,0,0,0,0,0,2,0,4,156,0,0,0,0,0,0,0,0,0,0,0,1,4,0,527,0,0,0,0,0,4,0,0,53,0,0,0,0,0,0,0,0,1,0,0,0,42,0,0,1,0,0,0,0,0,0,0,0,0,3,553,0,0,641,0,0,0,0,0,0,410,0,31,1,0,0,0,0,0,40,0,0,3,0,0,90,0,3,0,0,124,0
"310",0,0,0,0,0,1,27,30,0,0,0,0,2,384,25,2,16,1,0,0,103,34,0,0,0,13,0,38,21,82,0,0,0,58,0,0,43,153,8,0,0,0,0,0,0,81,0,1,0,0,9,0,0,0,0,0,0,0,0,104,0,166,0,1,0,0,14,0,0,63,32,0,0,16,0,0,0,1,0,310,0,0,6,0,67,3,3,0,0,194,151,34,8,0,0,0,4,0,45,4,0,0,0,0,0,1,0,1070,74,0,0,0,0,262,0,0,58,0,98,4,0,0,0,3,68,0,0,0,0,0,0,73,0,0,0,0,10,0,0,0,18,1,0,0,0,0,10,0,3,33,5,1,0,0,44,0,0,0,6,0,0,0,0,0,0,2,0,0,0,53,10,0,1,0,0,0,0,101,227,0,0,0,0,0,0,0,0,0,0,15,0,126,0,0,0,5,1,0,1,1006,0,0,0,8,0,109,0,0,6,0,0,0,6,14,7,0,124,1,181,10,15,7,44,0,0,0,0,0,34,0,168,0,0,907,20,0,3,0,1,18,0,0,0,0,4,0,0,0,0,0,39,4,26,1,0,0,10,0,10,0,9,15,0,4,0,0,0,0,0,138,22,53,300,0,0,0,0,0,27,2043,0,0,79,0,0,0,0,0,33,69,0,0,0,0,0,0,9,0,0,79,0
"311",0,0,0,0,0,0,97,0,0,0,0,0,1,0,0,1,0,0,0,0,0,37,0,26,0,2320,0,0,41,0,0,15,0,9,0,0,20,21,0,0,0,0,0,30,0,143,0,0,0,0,0,0,0,0,0,0,0,0,0,1,0,141,0,0,0,0,16,0,0,10,12,0,0,0,0,15,0,0,0,7,0,1,0,0,0,0,0,0,0,0,87,33,67,0,0,0,0,0,1,0,0,0,0,0,0,0,0,224,0,0,0,0,0,23,1,0,0,0,1,0,0,0,0,0,59,0,0,0,0,0,0,0,0,4,0,0,6,0,0,0,1,0,0,0,0,0,2,0,0,0,2,1,0,0,0,0,0,0,0,68,0,0,0,89,0,0,0,0,0,0,0,0,0,0,0,0,0,24,118,1,0,0,0,0,4,0,0,0,0,0,1,7,2,0,0,0,0,0,0,0,0,0,0,0,0,5,0,0,0,15,0,0,3,0,57,0,30,11,1,0,0,0,0,0,0,0,0,0,0,4,0,0,0,2684,0,0,1,0,0,0,0,0,0,0,0,0,0,0,0,0,42,3,18,0,3,1,1,0,0,0,1,0,0,0,0,0,0,0,0,13,0,0,32,0,0,0,0,0,50,3035,0,0,67,0,0,34,0,0,1,0,0,0,0,0,0,0,0,0,0,90,0
"312",0,0,0,0,0,0,2,43,0,0,0,16,0,83,6,6,28,0,0,0,3,30,0,0,0,116,3,0,8,0,181,0,0,1,0,0,2,2,0,0,1,0,191,107,0,85,0,2,0,0,0,0,1,0,32,0,0,0,0,87,0,2,6,0,8,0,37,0,0,0,2,0,0,16,0,0,0,0,0,25,0,0,34,1,7,0,250,0,0,5,0,4,2,0,0,0,0,0,15,0,0,0,0,4,0,2,0,1802,0,0,0,0,0,1,4,0,0,0,3,5,0,0,0,2,12,150,0,0,0,12,34,117,0,0,0,0,11,0,0,3,31,0,0,2,405,0,44,3,0,0,45,0,0,2,0,0,0,0,971,0,65,0,7,0,0,0,0,0,0,0,3,0,1,0,38,0,0,27,0,0,0,0,0,0,3,0,7,0,339,0,0,2,4,0,61,0,0,1,0,0,0,0,0,0,0,68,0,0,2,0,0,0,0,0,3,0,172,35,0,11,0,0,352,0,0,0,197,0,1,0,3,0,0,106,0,0,0,0,0,32,0,17,0,0,0,0,0,8,4,0,137,2,0,3,1,0,1,5,3,11,0,0,0,7,0,0,0,0,0,2157,0,3,200,0,0,0,0,0,0,1,0,0,23,0,0,0,0,0,257,5,0,1,0,0,28,13,4,9,0,14,0
"313",0,0,0,0,0,0,3,0,0,0,0,0,0,318,279,0,0,0,4,0,324,5,1,12,0,2052,0,0,150,0,0,0,0,52,0,0,0,25,0,0,0,0,0,26,0,130,0,0,0,0,0,0,0,0,0,0,0,0,0,72,0,53,0,0,259,0,66,49,12,135,0,0,0,245,0,0,0,0,0,31,0,0,9,0,165,0,8,0,5,90,0,36,0,0,0,0,0,0,3,0,0,0,0,0,4,0,0,235,0,20,0,0,0,63,7,0,0,0,306,0,0,0,0,0,101,0,0,0,0,0,0,230,0,0,0,3,500,0,0,1,0,0,0,0,0,0,6,0,0,0,9,0,0,0,0,0,0,0,0,1,0,0,1,0,0,0,0,0,0,0,4,0,39,0,0,0,0,0,140,0,0,1,0,0,1,0,0,0,0,0,0,188,3,6,0,0,0,0,0,0,0,0,0,0,1,30,9,0,0,49,0,0,112,0,0,0,69,0,0,6,0,48,0,0,0,0,0,0,0,0,100,0,0,579,0,0,0,0,0,0,0,0,0,0,0,0,0,0,4,0,0,3,0,0,0,0,0,0,0,27,0,0,0,5,0,0,0,0,0,45,0,82,222,0,0,0,0,0,1,2461,0,0,0,0,0,0,0,0,17,0,0,0,0,5,3,8,6,0,0,19,0
"314",0,0,0,0,0,0,2,23,0,0,3,0,0,31,116,0,0,0,0,0,5,5,0,6,0,3563,0,0,19,9,15,0,50,120,0,0,15,243,0,0,0,1,0,29,12,8,0,0,0,0,0,0,0,0,0,0,0,0,0,24,0,63,0,0,0,0,50,0,25,0,6,0,0,5,0,0,0,0,0,14,0,0,34,0,4,0,344,0,0,48,0,15,0,0,0,0,0,0,117,0,0,0,0,0,2,0,5,46,0,0,0,0,0,11,4,0,0,0,10,0,0,0,0,6,203,0,0,0,0,39,4,4,0,0,0,1,1138,0,0,0,0,0,0,0,118,0,0,1,0,12,3,0,0,59,0,0,0,0,4,50,0,0,5,0,0,0,0,3,0,0,0,0,0,0,0,0,0,129,59,0,0,0,0,2,1,0,0,0,0,0,0,10,0,0,5,0,0,5,0,0,0,0,0,0,0,0,1,0,2,0,0,0,16,0,4,0,67,18,0,0,0,2,0,0,0,0,112,0,35,0,71,0,0,1301,0,0,0,0,0,0,0,0,0,0,0,0,0,0,0,0,70,2,0,0,17,0,0,3,1,2,0,0,0,0,2,0,0,0,0,390,0,8,251,0,0,0,0,0,7,163,0,0,177,0,0,2,0,0,92,0,0,0,1,0,88,0,0,0,0,112,0
"315",0,0,0,0,0,0,0,18,0,1,0,1,0,107,22,0,0,0,0,0,3,59,0,0,1,129,0,0,13,3,0,0,0,224,0,0,3,2,0,0,0,0,65,0,0,36,0,0,0,0,0,0,0,0,3,0,0,0,0,2,0,1,0,0,32,0,4,1,0,0,5,0,12,9,0,0,0,0,0,7,0,1,0,0,5,0,0,0,0,182,680,2,58,0,0,41,0,1,94,0,0,0,0,0,3,0,0,1420,39,374,5,0,0,10,0,0,0,4,19,1,0,0,0,1,46,28,0,0,0,34,0,70,0,81,0,0,685,0,0,0,957,0,3,0,0,0,4,1,0,8,3,0,0,1,0,0,0,0,156,142,0,0,0,0,0,0,0,0,0,0,7,0,0,0,0,0,0,2,1,0,0,0,0,0,0,0,0,0,0,3,0,27,4,0,25,0,8,51,0,0,1,0,0,0,0,44,0,0,2,4,0,0,0,0,4,1,18,1,11,5,0,1,0,0,0,0,0,0,6,4,64,0,0,84,0,1,2,0,0,0,0,0,0,0,0,0,0,3,3,0,182,2,0,0,15,1,20,2,0,0,8,17,0,2,0,0,0,0,3,39,0,0,79,0,0,0,0,0,8,3314,3,0,41,0,0,0,0,0,10,0,0,0,0,0,47,0,30,0,0,18,0
"316",0,0,0,0,0,0,1,0,0,0,0,0,0,0,26,0,0,0,0,1,0,21,0,3,1,3294,0,0,3,9,4,0,32,2,0,0,5,1,0,0,0,0,0,0,0,226,0,0,0,0,0,0,0,0,4,1,0,0,0,100,5,1,0,0,0,0,41,0,0,2,15,1,0,0,0,0,0,0,0,44,0,1,2,0,0,0,0,0,0,14,0,6,0,0,0,0,31,0,17,0,0,0,0,0,0,0,8,1871,0,0,0,0,0,46,0,0,0,0,3,0,0,1,0,0,388,0,0,130,0,0,8,229,0,0,0,0,0,0,0,0,478,0,0,0,0,0,3,2,1,0,0,4,0,0,1,0,0,22,0,0,0,0,0,1,0,0,0,0,0,96,0,0,1,0,0,0,0,41,0,0,0,0,0,0,1,0,0,0,0,0,0,0,2,0,0,0,0,0,0,0,0,0,0,0,0,7,1,0,0,1,0,0,1,0,3,0,1,2,201,0,0,0,0,0,0,0,0,0,35,3,100,1,0,172,18,0,0,0,0,9,0,0,0,0,0,0,1,0,0,0,0,1,4,0,0,0,8,0,11,0,0,0,0,2,0,1,0,0,3,1,0,0,57,0,0,0,0,0,1,1690,1,0,69,0,0,0,0,0,6,5,0,0,0,0,5,0,0,0,0,26,0
"317",0,0,0,0,0,0,1,0,0,0,0,0,1,0,8,0,0,1,0,0,23,9,0,0,0,622,0,0,16,71,34,0,0,124,0,0,5,0,1,10,0,0,0,31,0,148,239,0,0,1,0,6,0,0,0,0,0,1,0,0,0,0,0,0,0,0,278,0,0,160,0,0,0,13,0,0,0,0,0,85,0,0,320,0,12,4,214,0,0,0,0,0,9,0,1,2,0,0,78,0,0,93,0,2,1,0,12,3836,0,0,0,62,0,0,0,1,0,3,138,1,0,0,0,2,42,0,0,0,0,0,82,215,0,0,0,0,26,0,0,0,30,3,0,0,0,0,0,0,0,19,10,17,0,0,1,0,0,34,15,14,0,0,0,0,0,0,0,1,0,146,0,0,109,0,0,0,0,2,0,0,0,0,0,0,38,0,2,0,30,1,0,75,2,0,0,1,0,0,1,0,0,0,0,0,312,75,1,0,0,0,0,0,0,7,4,0,48,0,157,0,182,0,0,0,1,0,0,0,5,0,223,0,3,339,3,0,0,0,0,0,0,0,0,0,8,0,0,1,0,0,4,0,0,0,0,9,0,0,0,260,0,0,0,0,0,0,0,3,0,210,7,48,46,0,1,0,0,0,1,1,0,0,372,0,0,0,0,0,0,46,3,0,0,0,1,0,4,0,0,85,0
"318",0,0,0,0,0,0,0,16,0,0,0,0,0,0,2,0,0,8,5,0,38,29,0,0,0,1,0,0,6,31,42,0,0,61,0,0,0,70,0,0,0,0,0,3,0,14,0,0,1,0,0,0,0,0,0,0,0,0,0,0,0,0,0,0,0,0,296,0,5,0,1,0,0,15,0,0,0,0,0,177,0,1,159,0,0,0,0,1,0,17,0,28,20,0,0,32,0,0,16,0,0,0,0,0,2,0,0,228,0,218,0,0,0,17,0,0,0,0,163,0,0,0,77,2,5,0,0,0,0,0,2,20,0,0,0,0,52,0,0,0,18,0,0,0,0,0,6,0,0,0,1,0,0,13,0,0,0,0,182,45,0,0,0,1,0,0,0,0,0,0,0,0,2670,0,1,3,0,0,72,2,5,0,19,0,1,0,0,46,0,0,0,35,1,0,0,0,0,0,0,0,0,0,0,13,0,157,0,0,0,1,0,12,4,0,5,0,77,0,0,0,17,0,0,0,0,0,0,0,2,0,36,0,0,79,0,0,0,0,0,0,2,0,0,0,0,25,1,0,0,0,0,0,0,0,8,0,0,0,0,0,0,0,0,2,0,0,0,0,0,2438,0,0,27,0,4,0,0,0,0,1230,0,0,103,0,0,0,10,13,0,0,0,0,1,4,9,0,2,0,0,13,0
"319",0,0,0,0,0,0,0,0,0,0,0,0,0,0,0,0,0,0,0,0,0,0,0,0,0,2220,0,8,0,0,0,0,0,91,0,0,0,0,0,0,0,0,0,0,0,143,0,0,0,0,0,0,0,0,0,0,0,0,0,0,0,0,0,0,0,0,0,0,0,0,0,0,0,0,0,0,0,0,0,0,0,0,0,0,0,0,0,124,0,0,0,0,168,0,0,0,0,0,0,0,0,63,0,0,0,0,0,3505,0,0,0,0,0,0,0,0,0,0,36,15,0,0,0,0,750,0,0,0,0,0,0,0,0,0,0,0,0,0,0,0,0,0,0,0,0,0,0,0,0,0,0,0,0,0,0,0,0,0,0,0,0,0,0,0,0,0,0,0,0,0,0,0,1,0,0,0,0,0,0,0,0,0,0,0,0,0,0,0,0,0,0,92,0,0,0,0,0,0,0,0,0,0,0,4,0,0,0,0,0,0,0,0,0,0,0,0,0,0,417,0,1,0,0,0,0,22,0,0,0,0,0,0,0,510,0,0,0,0,0,0,0,0,0,0,9,0,0,0,0,0,36,0,0,0,0,0,0,0,0,0,0,0,0,0,0,0,0,0,0,0,0,0,1512,0,0,0,0,0,0,0,0,0,0,0,0,0,0,0,0,0,0,0,0,0,0,0,3,0,0,0,0
"320",0,0,0,0,0,0,18,33,0,0,0,0,0,0,19,0,0,0,0,0,0,0,0,3,0,600,0,0,20,14,99,0,0,10,0,0,5,0,0,0,0,0,0,0,0,1025,0,0,0,0,0,0,0,7,0,0,0,0,0,128,0,0,1,0,0,0,134,0,0,0,11,0,0,0,0,0,0,0,0,159,0,0,0,0,0,0,0,0,1,126,0,18,174,0,0,1,0,0,0,0,0,29,0,0,0,0,0,622,0,654,0,0,0,0,0,2,0,0,93,0,0,0,0,3,0,0,0,0,0,0,0,0,0,6,0,0,28,0,0,0,0,0,0,0,0,0,0,0,0,0,0,6,0,3,0,0,0,0,0,41,0,0,0,0,0,0,0,0,0,0,0,0,1,0,0,0,0,0,432,0,0,0,0,0,0,0,0,0,0,0,0,312,1,2,0,0,0,0,0,0,0,0,0,106,1837,0,0,0,1,5,0,0,0,0,0,0,47,0,0,0,38,0,0,0,0,3,0,0,73,0,0,0,0,1263,0,0,0,24,0,0,0,0,0,0,0,64,0,0,0,0,0,0,0,0,0,0,0,0,0,0,0,0,0,0,0,0,0,0,0,13,0,0,41,0,1,0,0,1,0,1102,0,0,304,0,0,0,0,0,0,0,0,0,0,0,0,0,0,0,0,157,0
"321",0,0,0,0,0,0,0,62,0,0,3,1,0,0,5,3,0,0,0,0,0,56,0,13,0,1147,0,0,8,5,255,0,0,0,1,0,9,84,0,0,0,0,0,38,0,0,0,0,0,0,0,0,0,0,13,1,0,0,0,283,0,0,1,0,0,0,0,12,0,0,18,0,1,59,0,0,0,0,0,415,0,1,0,0,144,0,47,0,2,33,15,3,7,0,0,0,0,1,63,0,0,0,1,1,0,0,1,1649,0,23,0,0,0,59,0,0,0,1,90,0,0,0,0,1,81,0,0,0,0,0,0,180,0,1,3,0,1,0,0,0,4,0,0,0,71,0,32,5,0,0,27,0,0,0,1,0,26,0,17,0,0,0,0,0,0,0,0,0,0,1,0,1,0,0,0,0,0,0,272,11,0,0,0,0,6,9,0,0,32,0,0,44,3,0,0,0,0,1,0,0,0,0,0,4,656,155,0,0,0,1,0,0,0,0,19,10,258,11,6,0,27,0,0,0,0,0,110,0,0,13,177,0,0,876,0,0,0,1,0,20,0,0,0,63,0,8,0,0,0,0,0,0,3,0,9,8,12,1,5,7,3,0,0,9,0,3,0,176,11,15,0,54,19,0,0,0,930,1,2,1466,0,0,123,0,0,0,0,0,0,36,0,0,0,0,43,17,0,0,0,76,0
"322",0,3,1,1,0,0,1,0,0,0,0,0,2,299,3,0,0,0,0,10,15,1,0,31,3,2768,0,0,11,20,0,0,0,194,0,0,192,0,0,1,0,0,0,0,0,69,0,0,0,0,18,0,0,0,0,0,0,1,0,0,0,0,0,0,0,0,0,0,0,0,0,0,0,0,0,0,0,0,0,114,0,0,0,0,0,0,0,0,0,35,0,1,64,0,0,31,0,0,49,0,0,10,0,0,0,0,0,2232,0,0,0,4,0,10,0,0,4,40,46,1,0,0,2,3,257,0,0,0,0,0,99,265,0,0,0,0,92,1,0,0,328,1,1,0,0,0,35,0,0,0,11,0,0,0,0,4,6,0,9,32,0,0,0,0,0,0,0,3,0,0,0,0,1,0,0,0,0,14,126,1,0,0,0,0,0,0,0,0,0,0,0,9,1,1,0,1,0,0,0,0,0,0,0,0,0,18,0,6,5,0,0,0,0,0,0,0,67,0,225,0,81,0,0,0,0,0,0,0,36,0,72,0,0,0,0,0,0,0,0,0,0,0,0,0,0,0,1,1,0,0,0,0,0,1,0,6,7,0,0,0,3,0,0,21,3,2,0,0,0,46,1,0,326,0,3,0,3,0,0,1599,0,0,180,0,0,0,0,14,0,11,0,0,0,0,30,0,13,0,0,11,25
"323",0,0,0,15,0,0,0,0,0,0,0,0,0,279,6,0,0,0,0,0,58,0,0,0,0,2504,0,0,3,0,0,106,0,0,0,0,0,0,0,0,0,0,0,237,0,236,0,0,0,0,0,0,0,2,14,0,0,0,0,0,0,0,0,0,0,1,57,0,0,0,26,0,0,9,438,0,0,0,0,0,0,0,158,0,21,0,0,0,0,0,0,1,4,1,0,0,0,0,0,0,0,0,10,0,3,0,56,961,0,0,0,0,0,29,0,0,0,0,404,0,0,0,0,1,0,0,0,0,0,89,39,0,0,0,0,0,206,0,0,0,0,0,0,0,0,0,18,5,0,0,20,14,0,0,0,0,0,0,0,45,0,4,0,0,0,0,0,0,1,0,0,0,1,0,0,7,1,3,0,0,0,0,0,0,0,0,0,0,57,0,0,0,0,0,0,0,0,0,0,0,0,0,0,160,0,34,0,0,0,1,0,14,61,0,0,0,0,27,0,0,15,58,0,0,0,0,0,0,73,0,262,0,0,0,0,0,4,0,2,0,0,0,130,0,0,0,0,0,0,4,0,0,0,0,0,0,15,0,0,0,0,0,0,0,0,0,16,0,0,34,0,0,129,0,1,0,0,3,0,2866,1,4,121,0,0,0,1,0,10,86,0,0,0,0,0,8,0,0,0,114,0
"324",0,0,0,0,0,0,26,0,0,0,0,0,6,0,45,0,0,7,0,0,0,0,0,7,0,63,0,0,32,12,0,0,0,0,6,0,0,0,0,1,1,0,0,0,0,0,0,0,0,0,0,0,0,0,0,0,0,3,0,147,0,0,0,51,0,0,44,0,0,0,202,0,0,0,0,0,0,0,0,178,0,0,18,0,0,4,8,0,0,13,0,40,10,0,0,0,0,0,0,0,0,11,0,5,1,0,0,2675,0,0,0,0,0,3,0,5,0,0,0,0,0,0,0,1,24,0,0,0,61,0,0,16,0,3,0,0,1,0,0,0,0,0,0,0,0,0,27,0,0,0,21,0,0,0,2,0,0,0,0,0,0,0,0,1048,0,0,0,0,0,0,0,0,1,0,0,0,0,101,0,0,0,0,0,0,0,0,0,0,0,33,0,0,4,0,0,0,0,0,1,0,0,0,0,1687,0,7,13,0,1,17,0,0,0,0,0,0,0,334,72,0,0,73,0,0,3,0,0,0,0,0,193,0,0,17,27,0,0,0,0,21,0,0,0,0,0,25,0,0,0,0,0,0,0,0,15,8,16,0,0,0,0,0,0,0,14,0,0,0,0,43,0,0,198,0,1,0,7,5,0,2423,0,0,121,0,0,0,23,1,0,0,0,0,0,0,26,0,7,0,0,29,0
"325",0,0,0,0,0,2,3,30,0,0,0,0,9,132,0,0,0,0,0,0,5,41,0,8,0,49,0,0,5,0,1075,0,0,253,0,0,0,319,0,0,0,0,0,0,0,34,0,27,0,0,0,0,0,0,0,0,0,0,0,233,0,15,1,0,0,0,57,0,57,0,15,1,0,0,0,0,0,0,0,104,0,4,229,0,66,7,115,0,0,26,0,20,15,0,0,0,0,0,0,0,0,1,0,0,5,0,0,886,0,0,0,0,0,37,6,1,0,0,386,0,0,0,0,1,417,0,20,0,21,0,10,6,0,5,0,37,23,0,0,0,7,0,0,0,153,0,24,3,0,0,8,0,0,1,2,0,0,0,0,153,56,0,0,0,0,0,0,0,0,0,10,0,1,0,0,0,14,0,582,6,0,0,0,0,11,0,0,0,0,0,0,98,1,0,0,0,0,0,0,466,0,0,0,0,0,29,9,0,0,5,12,0,0,0,0,0,90,245,252,0,0,0,0,0,0,0,0,0,51,12,78,0,0,126,0,0,9,0,0,12,0,0,0,0,0,0,0,0,0,0,0,10,45,0,0,357,1,0,102,0,11,0,0,4,0,0,0,0,287,23,0,94,432,0,0,0,0,0,0,570,0,0,888,0,0,0,0,1,51,0,0,0,0,0,24,0,6,0,0,123,0
"326",0,0,0,0,0,0,8,8,0,0,0,1,0,96,30,0,2,2,2,0,11,4,0,3,0,749,0,0,8,0,418,0,0,530,0,0,275,199,11,0,0,0,0,6,0,12,0,1,0,0,3,0,0,0,3,1,0,0,0,5,0,1,0,0,0,0,51,0,0,0,3,0,1,10,0,0,0,0,0,8,0,1,10,0,54,1,0,0,0,46,0,24,51,55,0,9,0,0,30,0,0,0,0,2,36,4,1,1171,0,0,0,0,0,21,0,0,0,0,114,1,0,0,0,0,317,0,0,0,1,36,44,129,1,0,0,0,1,0,0,0,51,0,0,0,9,0,3,0,0,0,9,0,0,7,3,0,0,0,6,223,0,0,0,443,0,1,0,0,0,0,7,0,9,0,0,0,8,1,3,0,0,0,0,3,14,0,0,0,0,0,0,96,0,2,0,0,0,1,0,0,0,0,175,1,0,225,3,0,3,0,0,0,6,0,11,0,2,2,289,4,0,24,0,0,0,0,1,0,26,41,157,0,0,763,0,0,1,0,0,8,11,0,0,0,0,0,0,0,0,0,0,2,2,0,5,2,0,0,8,12,9,0,1,2,0,0,0,0,3,131,0,61,46,0,1,2,0,1,37,1075,0,0,539,0,0,0,0,0,15,2,0,0,0,0,8,3,9,0,0,124,0
"327",0,0,0,0,0,0,6,0,0,0,0,0,1,0,32,0,11,0,0,0,0,1,1,2,0,4232,0,0,8,15,0,0,0,79,0,0,0,0,0,3,0,0,0,0,0,0,0,0,0,0,0,0,0,0,0,0,0,0,0,0,0,0,0,1,0,0,68,0,0,0,11,0,0,0,0,0,0,0,0,0,0,0,0,0,0,1,0,0,0,0,0,131,18,0,0,0,0,0,0,0,0,137,0,0,0,0,0,950,0,0,0,0,0,30,8,0,0,0,4,0,0,0,0,2,83,0,0,0,0,0,0,0,0,0,0,0,4,0,0,0,1047,0,0,0,0,0,56,0,0,1,14,0,1,30,0,0,0,2,0,0,0,0,0,0,0,0,0,0,0,0,0,0,7,0,0,0,0,0,78,0,0,0,6,0,0,0,0,0,0,0,1,0,5,0,0,0,0,0,0,0,0,0,0,5,1,58,0,0,0,0,2,0,0,0,0,0,0,0,146,0,0,0,0,0,0,0,0,0,69,0,166,0,0,462,0,0,0,0,0,31,0,0,0,0,1,0,0,0,0,0,0,0,0,0,0,0,0,0,0,29,0,0,0,0,0,0,0,0,0,221,0,0,120,3,0,0,0,0,0,1476,0,0,31,0,3,12,0,0,0,0,0,0,0,0,26,0,29,0,0,9,0
"328",0,0,0,0,9,0,1,0,0,0,0,0,0,67,1,0,0,1,1,0,82,28,0,0,0,1009,0,0,14,11,73,0,0,41,0,0,0,334,0,0,0,0,1,21,0,40,0,0,0,0,24,0,0,1,0,1,0,0,0,133,0,0,0,0,0,0,49,0,0,21,17,3,0,0,0,0,0,0,0,171,0,22,20,0,0,0,0,0,0,91,0,158,0,0,0,0,0,0,0,0,0,11,0,2,11,0,0,947,0,52,0,0,0,17,0,0,0,0,133,0,0,0,0,1,9,29,0,0,0,0,4,62,0,0,0,0,9,0,0,0,4,0,0,0,5,0,12,0,0,0,0,0,0,118,1,0,0,0,29,51,0,0,0,0,0,0,0,0,0,1,23,0,0,0,0,0,0,0,49,0,0,0,0,0,0,0,0,0,0,0,18,36,0,0,0,0,0,0,0,763,0,0,0,297,0,43,0,0,0,9,0,0,1,5,0,0,108,0,98,0,0,25,0,0,0,0,0,0,57,15,97,0,0,659,0,0,1,0,0,0,0,0,0,0,0,75,212,0,0,0,0,0,11,0,0,4,0,0,0,0,5,0,0,13,0,0,0,0,19,4,0,17,3,0,0,0,0,0,0,2872,0,1,20,0,0,0,0,0,34,5,0,0,0,0,0,0,15,0,0,107,0
"329",0,0,0,0,0,3,1,0,0,0,0,0,0,204,119,0,0,0,0,0,0,4,0,3,0,2999,0,0,0,0,111,0,0,46,0,0,38,1,2,0,0,0,0,11,0,2,0,0,0,0,0,0,0,0,0,0,0,0,0,0,0,0,0,0,0,0,34,0,0,2,15,0,0,439,0,0,0,0,0,2,0,0,1,0,64,26,2,0,0,124,0,5,0,0,0,0,0,0,5,0,0,0,0,0,15,0,0,99,0,0,0,0,0,500,1,0,0,0,61,0,0,0,0,88,349,0,0,0,0,0,0,268,0,0,0,0,0,0,0,0,14,0,0,0,0,0,0,0,0,0,1,55,0,0,1,0,0,0,0,1,0,0,0,1,0,0,0,0,0,0,2,0,0,0,0,0,0,11,9,0,0,0,0,0,1,0,0,0,0,0,1,157,2,2,0,0,0,0,0,0,0,0,0,1,0,32,0,0,5,11,0,0,0,0,6,0,36,0,135,0,0,5,0,0,0,0,0,0,89,1,62,1,0,429,0,0,1,0,0,0,2,0,0,0,4,0,0,0,0,0,0,0,10,0,3,32,9,0,0,7,0,0,0,0,0,0,0,0,0,36,0,3,232,0,0,0,0,0,7,2434,0,0,28,0,0,0,0,0,0,42,0,0,0,0,50,0,3,0,0,114,0
"330",0,0,0,0,0,0,19,29,0,0,0,0,0,0,0,0,45,0,0,0,0,43,0,5,0,1560,0,0,27,99,0,0,0,0,0,0,25,158,0,0,0,0,0,0,0,117,0,0,0,0,0,0,0,0,20,0,0,5,0,194,0,18,1,0,0,0,30,0,0,79,0,0,0,0,0,0,0,0,0,119,0,0,52,0,0,0,0,0,0,198,0,46,0,0,0,0,0,0,0,0,0,89,0,0,0,0,16,394,0,16,0,0,0,190,0,0,0,0,141,5,0,0,0,0,386,0,0,0,0,0,14,61,0,0,0,0,0,0,0,0,0,0,0,0,0,0,10,0,0,0,57,0,0,0,0,0,11,0,0,0,0,0,0,4,0,0,0,55,0,0,0,0,5,0,0,0,0,0,112,0,0,0,0,0,50,0,0,0,0,0,0,112,3,19,0,0,0,0,0,0,0,0,0,0,41,28,0,0,0,93,1,0,0,0,5,0,97,0,0,0,48,0,0,0,0,0,0,0,0,0,0,0,0,704,0,0,0,3,0,0,0,0,0,0,0,1,0,0,0,0,0,0,0,0,0,0,0,0,0,201,0,0,0,19,0,0,0,0,1,1071,376,0,179,0,16,0,0,0,0,2594,0,0,231,0,0,0,0,0,0,116,0,0,0,0,25,0,0,0,0,30,0
"331",0,0,0,0,0,0,8,0,0,3,5,0,0,168,182,0,0,0,0,0,69,34,0,0,1,865,0,0,0,55,314,0,0,56,0,24,11,177,0,0,0,0,0,26,0,53,0,0,0,0,0,0,0,0,0,0,0,3,0,11,0,3,0,0,79,0,15,0,0,0,23,0,0,1,0,0,0,0,0,1,0,3,0,3,5,0,0,40,0,310,0,19,0,0,0,0,0,0,47,0,0,0,0,16,10,1,379,38,0,0,0,372,0,122,0,0,0,0,40,5,0,0,0,0,23,3,0,0,3,138,20,198,0,0,0,15,0,0,0,0,0,0,0,0,0,0,5,17,0,0,3,14,0,0,0,0,0,0,0,51,0,0,0,825,0,0,0,0,0,0,0,75,1,0,0,0,0,73,0,1,0,0,0,0,0,0,0,0,0,0,0,75,0,0,11,0,0,0,1,0,0,0,0,0,168,20,19,0,0,0,0,0,13,2,5,0,136,38,0,3,0,0,1,0,0,0,119,0,29,0,6,0,0,488,0,0,0,0,0,0,0,0,86,0,0,0,0,0,0,0,0,1,13,0,0,0,0,0,3,9,0,0,0,0,0,0,0,0,0,310,15,1,111,0,0,0,0,3,1,3143,0,0,27,0,0,0,0,0,0,55,73,0,0,0,250,5,0,59,0,31,0
"332",0,0,0,0,0,0,1,18,0,0,0,0,2,26,26,0,0,7,0,0,29,28,0,0,0,2153,0,0,144,0,0,0,0,66,3,0,0,0,0,0,0,0,0,0,0,166,0,0,0,0,0,0,0,0,0,1,0,0,0,77,0,0,0,1,0,60,64,0,0,0,17,0,0,0,4,0,0,0,0,61,0,8,27,0,19,18,126,0,0,17,9,6,145,0,0,129,0,1,0,0,0,0,0,8,1,0,17,517,0,0,0,3,0,20,0,0,0,0,125,0,0,0,0,0,52,193,0,0,5,72,0,20,0,3,0,0,17,0,3,0,8,1,0,0,0,0,0,0,0,0,3,14,0,0,0,0,0,0,0,145,0,1,0,0,0,0,0,0,0,4,1,0,2008,0,0,0,0,75,143,1,0,0,0,20,4,0,0,0,135,0,0,27,0,0,0,8,51,0,1,4,0,5,0,5,0,17,0,0,3,0,0,0,4,0,20,3,0,16,24,0,0,3,0,0,0,1,0,0,51,0,114,0,1,1362,0,0,3,0,0,0,0,0,0,0,0,0,0,0,0,0,186,0,25,0,0,61,3,0,1,0,1,0,0,0,1,0,0,175,0,876,27,0,95,0,6,0,0,2,0,258,0,0,203,0,0,0,1,0,45,32,0,0,0,0,0,0,8,0,0,51,0
"333",0,0,0,0,0,0,1,8,0,0,1,0,0,180,0,0,1,1,0,0,45,13,0,0,0,2368,1,0,4,0,0,1,0,26,0,21,4,64,0,0,0,0,0,116,0,271,0,0,0,0,1,0,0,0,5,0,0,0,0,58,0,10,0,0,19,0,59,0,0,86,9,0,1,25,0,0,0,0,0,17,0,1,62,0,0,1,0,0,0,81,10,4,0,0,6,1,0,1,29,0,0,0,0,7,3,1,12,1436,17,350,0,17,0,31,0,0,1,0,4,1,0,0,0,1,17,24,0,0,1,6,5,27,0,0,0,0,1,0,0,0,0,0,0,0,82,0,4,0,0,1,14,9,1,0,1,0,0,0,54,36,0,0,1,1,0,0,1,0,0,0,1,0,1,0,0,0,0,11,180,0,3,0,0,0,14,0,0,0,1,0,0,37,0,0,1,0,0,1,0,0,0,0,0,1,0,14,1,0,0,0,0,0,34,0,4,0,63,0,0,2,4,7,0,34,0,1,11,0,33,1,57,0,0,1257,0,1,1,0,0,1,0,0,0,7,0,0,0,0,1,1,96,3,9,0,7,9,0,1,1,6,0,10,0,1,0,0,1,15,1,1,3,7,17,0,0,0,0,1,29,1589,0,0,20,0,0,0,0,0,16,3,135,0,0,0,4,1,4,13,0,51,0
"334",0,0,1,0,0,0,1,0,0,0,0,0,0,1,0,0,0,0,0,0,0,11,0,0,0,6300,0,0,102,0,27,0,0,133,0,0,0,0,0,0,0,0,0,0,0,0,0,0,0,0,0,0,0,3,7,0,0,0,1,0,0,0,0,0,0,0,15,0,0,0,0,0,0,26,0,146,0,0,0,0,0,0,0,4,0,0,0,0,0,6,0,0,0,0,0,0,0,0,23,0,0,602,18,0,0,0,20,0,0,0,0,0,0,21,0,0,0,3,0,0,0,53,0,1,172,90,0,58,0,0,20,13,0,0,0,0,13,0,0,0,24,0,0,0,30,0,4,8,0,0,10,0,0,17,1,0,0,0,0,60,0,0,0,0,0,0,0,0,0,0,0,0,0,0,0,0,5,0,0,1,0,0,0,0,0,0,22,214,0,0,0,0,1,0,0,0,0,0,0,0,133,0,0,0,0,61,1,0,0,31,0,0,0,0,0,0,0,35,14,0,0,1,0,0,0,0,0,0,41,0,0,0,0,104,0,4,0,0,0,1,0,0,0,0,0,31,0,0,0,0,0,0,0,0,0,0,33,0,1,0,0,0,0,3,0,0,0,0,0,0,0,0,39,0,47,0,0,0,0,440,0,0,0,0,0,0,0,0,5,0,0,0,0,0,15,0,6,0,0,37,0
"335",0,0,0,3,0,0,0,0,0,0,0,0,0,0,465,0,0,0,0,0,0,75,0,317,0,491,0,0,318,0,0,0,0,0,0,0,0,0,0,0,0,0,0,0,0,0,0,0,0,0,0,0,0,0,0,0,0,0,0,6,0,0,0,3,0,0,0,0,0,0,0,0,29,0,0,0,0,0,0,9,0,0,0,0,0,102,465,0,0,0,0,0,507,0,0,0,0,0,0,0,0,41,0,83,0,0,0,737,0,0,0,0,0,0,5,0,0,0,100,0,0,0,0,0,414,0,0,0,0,80,0,0,0,0,0,0,669,0,0,0,31,0,0,0,0,0,0,0,0,0,13,0,0,0,0,0,0,0,140,0,0,0,0,0,0,0,0,0,0,0,0,0,0,0,0,0,0,0,392,0,0,0,0,0,16,0,0,0,0,0,0,0,0,0,0,0,0,8,0,0,0,0,0,0,95,176,9,0,0,0,0,0,0,0,0,0,53,0,408,0,0,1,0,0,0,0,0,0,0,0,0,0,0,1282,0,0,2,5,0,33,0,209,0,0,0,0,0,0,0,0,0,16,0,0,0,0,0,26,32,0,1,0,0,7,0,0,0,0,0,16,0,0,286,0,0,0,0,0,89,0,0,0,1393,0,0,28,0,0,25,0,0,0,0,0,71,3,141,0,0,126,0
"336",0,0,0,0,0,0,5,0,0,0,0,0,0,0,8,0,0,0,0,0,0,0,0,0,0,3143,0,0,0,0,0,0,0,0,0,0,18,0,0,0,0,0,0,0,0,0,0,0,0,1,0,0,0,0,0,0,0,0,0,0,0,0,0,0,0,0,0,0,0,125,0,0,0,0,0,0,0,0,0,0,0,0,0,0,0,6,0,0,0,0,0,0,0,0,0,0,0,0,0,0,0,1,0,0,0,0,0,0,0,0,0,0,0,0,0,0,75,0,121,0,0,0,0,27,0,0,0,0,0,0,0,0,0,0,0,20,0,0,0,0,0,0,0,0,0,0,0,0,0,0,0,0,0,0,0,0,0,0,0,0,0,0,0,0,0,1,0,0,0,0,0,0,0,0,0,0,0,331,0,0,0,0,0,0,0,0,0,0,0,0,0,132,1,0,0,0,0,0,0,0,0,0,0,0,0,0,0,0,0,0,0,0,3,0,0,0,206,0,0,0,0,0,0,0,0,0,0,0,0,0,0,0,0,0,0,0,0,0,0,0,0,0,0,0,0,0,0,0,0,0,0,0,0,0,0,0,0,0,0,0,0,0,0,3,0,0,0,0,0,65,0,0,268,0,0,0,0,0,0,5056,0,0,0,0,0,0,0,0,0,0,0,0,0,0,0,0,0,0,0,0,0
"337",0,0,0,1,0,0,3,0,0,0,0,0,1,3,10,34,0,0,0,0,0,0,0,0,0,186,0,0,16,19,0,0,0,0,0,0,17,0,0,0,1,0,0,0,0,0,0,0,0,0,0,0,0,0,0,0,0,1,0,0,0,0,1,0,0,0,223,0,0,0,0,0,0,0,0,0,0,0,0,29,0,0,0,0,42,3,153,0,0,0,0,4,4,0,0,0,0,0,0,0,0,1,0,0,1,0,0,6333,0,0,0,0,0,0,0,1,0,0,177,0,0,0,0,1,8,0,0,0,0,0,0,53,0,0,0,0,12,1,0,0,34,0,0,0,0,0,17,0,0,0,7,0,0,0,1,0,0,0,0,0,0,0,0,0,0,1,0,0,0,0,0,0,0,0,0,0,0,36,0,0,0,0,0,0,24,0,0,0,0,0,0,0,3,0,0,0,0,0,0,0,0,0,0,0,0,264,0,0,0,9,0,0,0,0,5,0,0,0,5,0,0,0,0,0,0,0,0,0,0,0,14,0,0,169,0,0,0,0,0,3,0,0,0,0,138,0,0,0,0,0,0,3,0,1,0,25,6,0,0,0,0,0,0,4,0,0,0,0,0,3,0,0,45,0,0,0,0,0,4,1423,0,0,0,0,0,0,0,0,13,0,0,0,0,0,0,0,7,0,0,42,0
"338",0,0,0,2,0,0,4,0,0,0,0,0,0,0,16,0,0,0,0,0,0,0,0,3,0,2835,0,0,0,14,346,0,0,0,0,0,3,148,0,0,0,0,0,47,0,529,0,0,0,0,1,0,0,0,243,0,3,0,0,13,0,0,0,0,0,0,0,0,0,0,56,0,0,0,0,0,0,0,0,22,0,0,296,0,0,1,0,0,0,0,0,1,0,0,0,0,0,0,0,0,0,45,0,0,0,0,0,226,0,0,0,0,0,0,0,0,0,0,0,0,0,0,0,1,0,0,0,0,0,0,0,434,0,0,0,0,0,2,0,0,0,0,0,0,0,0,0,0,0,0,0,0,0,0,0,0,0,0,0,73,0,0,0,1535,0,0,0,0,0,0,24,0,0,0,0,0,0,25,84,0,0,0,0,0,17,0,0,0,0,0,12,68,1,0,0,0,0,0,0,36,0,0,0,213,0,0,0,0,1,1,0,0,0,0,9,0,5,0,0,0,0,0,0,0,0,0,0,0,75,0,0,0,0,162,0,0,0,0,0,16,0,0,0,0,3,0,0,0,0,0,0,0,0,0,3,0,4,0,0,0,6,0,0,4,3,0,0,0,0,123,0,0,388,0,0,0,0,0,0,1790,0,0,464,0,0,0,0,0,0,90,0,0,0,0,0,0,4,0,0,89,0
"339",0,23,0,0,0,5,0,0,0,14,21,0,4,0,49,0,0,0,0,0,84,67,0,4,0,812,0,0,0,33,234,0,0,140,0,0,61,251,10,0,0,0,0,0,0,0,750,3,0,0,8,0,0,5,54,0,0,0,0,0,3,0,0,0,0,0,0,0,0,0,97,0,0,0,0,0,0,6,0,47,0,0,38,0,0,21,0,0,0,361,0,4,0,0,0,0,0,0,0,0,0,0,0,0,7,0,0,731,0,0,0,0,0,0,0,0,0,11,28,0,0,0,0,8,109,0,0,0,0,0,0,156,0,0,0,0,25,0,1,0,24,0,0,4,0,0,29,0,0,24,26,0,0,0,0,0,0,0,0,99,0,0,0,0,0,0,3,0,0,0,11,0,0,0,0,0,11,576,0,0,0,0,0,5,32,0,0,0,0,0,0,52,4,0,0,0,0,0,0,0,0,0,0,0,0,18,5,0,0,21,0,0,0,32,13,0,163,0,36,0,0,0,0,0,0,0,0,0,257,0,0,0,4,956,0,0,6,0,0,13,0,0,0,0,6,52,0,0,0,0,0,0,72,0,40,52,9,13,0,0,0,0,0,13,0,0,0,0,0,640,0,51,1823,0,0,0,0,0,5,0,4,0,292,0,0,0,0,0,0,13,0,0,5,0,131,0,31,0,0,0,0
"340",0,0,0,0,0,0,0,0,0,0,0,0,0,0,23,33,0,0,0,0,7,20,0,0,0,1240,0,0,0,0,276,0,1,0,0,0,14,0,0,0,1,0,0,31,10,0,0,0,0,0,0,0,0,0,0,0,0,0,0,11,0,4,0,1,0,0,146,0,0,0,0,0,0,12,0,0,0,0,0,7,0,1,0,0,0,21,6,0,0,0,0,0,0,0,0,0,1,0,42,0,20,0,0,0,0,0,0,3596,0,72,0,0,0,17,0,0,0,0,253,0,0,0,15,1,51,0,0,0,0,0,0,117,0,0,1,14,0,0,0,0,90,0,0,1,0,0,14,0,0,0,0,0,53,0,1,0,0,0,0,0,1,0,0,239,0,0,0,0,0,0,0,0,3,0,0,0,0,0,0,0,0,0,0,0,0,0,10,0,0,0,3,43,0,0,0,0,0,0,0,0,0,0,0,0,0,63,0,0,4,0,0,0,0,0,0,0,0,21,541,0,0,0,0,0,0,0,0,0,10,0,38,1,0,484,0,0,0,0,9,1,0,0,0,0,8,42,0,0,0,0,34,0,0,0,19,0,39,0,0,0,0,0,0,0,0,0,0,0,0,219,0,0,236,0,0,0,88,0,0,1703,0,0,140,0,0,0,0,0,1,0,0,0,0,0,104,0,4,0,0,0,0
"341",7,1,0,0,0,0,1,0,0,0,0,0,0,0,17,0,10,0,0,0,0,48,0,3,0,1725,0,0,8,51,169,0,0,71,0,0,5,62,0,0,0,0,0,0,0,0,2,0,1,0,3,0,0,0,0,0,0,0,0,0,0,0,0,0,0,0,24,0,0,29,26,0,0,0,0,0,0,0,0,1,0,0,33,0,0,6,0,0,1,57,0,6,93,0,0,0,0,0,0,0,0,0,0,0,0,0,0,966,0,0,0,0,0,0,0,0,0,3,82,1,0,0,44,3,354,0,0,0,0,0,0,0,0,4,0,0,18,0,0,0,10,0,0,0,0,0,0,0,0,1,6,0,0,0,2,0,0,0,0,0,0,0,0,0,0,0,5,0,0,0,8,11,166,0,0,0,0,14,118,0,0,0,0,0,0,0,0,0,0,0,0,373,1,1,0,0,0,0,0,0,0,0,0,0,0,9,0,0,5,3,0,0,0,4,0,0,0,0,261,0,1,0,0,0,0,0,0,0,0,0,0,0,0,417,0,0,0,0,0,0,0,0,0,0,137,6,19,3,0,0,0,0,0,0,3,39,0,0,0,0,0,0,0,0,0,0,0,0,0,40,6,0,231,0,0,0,0,0,0,3958,0,0,247,0,0,0,0,0,0,0,0,0,0,0,11,0,1,0,0,202,0
"342",0,0,0,0,4,0,1,1,1,1,8,0,0,35,874,1,3,3,1,0,11,1,0,0,0,0,1,0,0,60,5,0,0,0,6,96,6,1,0,0,0,0,0,1,0,1,31,6,0,0,3,0,1,0,0,1,0,0,0,1,0,5,1,11,0,3,1,0,2,1,1,0,0,1,742,0,0,0,0,1,2,1,93,1,1,13,94,0,0,7,1,58,0,0,0,20,4,0,0,0,7,0,0,1,0,1,1,2822,0,12,0,21,0,22,0,0,0,0,116,0,0,0,0,0,23,139,0,0,1,37,1,1,0,1,8,0,12,0,0,0,0,0,0,3,0,0,1,1,0,1,1,1,0,0,1,0,8,0,1,4,0,0,1,1,0,0,0,0,1,1,1,0,3165,0,0,0,0,1,1,1,1,0,0,0,6,10,3,0,43,0,0,50,0,0,7,0,0,1,0,0,0,0,0,5,0,3,0,0,3,0,0,0,4,0,1,0,1,5,0,0,6,19,1,4,1,0,31,0,3,1,1,1,1,50,6,2,1,0,0,3,0,0,35,0,6,0,0,0,0,1,1,1,4,1,8,5,0,0,1,1,1,4,0,0,56,0,0,39,6,0,4,0,165,6,0,0,1,1,1,627,0,0,15,0,0,301,0,0,1,1,0,1,0,0,1,3,7,0,0,1,1
"343",0,0,0,0,0,0,0,0,0,0,0,0,0,425,22,0,0,0,0,0,85,72,0,0,0,403,0,0,75,0,0,0,0,153,0,0,0,106,0,0,0,0,1,100,0,0,2,0,8,0,0,0,0,6,0,0,0,0,0,0,0,0,0,0,0,0,57,0,7,0,0,0,0,0,0,0,0,0,0,43,0,0,432,1,0,40,0,0,0,225,0,0,118,0,0,1,0,0,154,0,0,0,0,0,5,0,121,1505,0,0,0,0,0,37,0,0,0,0,83,1,0,0,0,48,17,0,0,0,0,0,3,69,0,0,0,0,0,0,0,0,0,0,0,0,0,0,0,0,0,0,40,0,0,0,0,0,0,0,5,0,0,0,0,0,0,0,0,0,0,0,0,0,3,0,0,0,0,0,17,0,0,0,0,0,0,0,0,0,0,0,0,50,0,0,0,0,0,0,0,0,0,0,0,0,0,45,0,0,0,0,0,1,0,0,0,0,0,0,795,0,575,8,0,0,0,0,0,0,74,0,171,0,0,902,0,0,0,0,0,0,0,0,0,0,0,0,0,0,0,0,0,0,0,0,0,0,0,0,0,0,0,78,0,0,0,0,0,0,22,6,0,0,380,0,0,0,0,0,0,1900,0,0,384,0,0,0,56,2,0,13,0,0,0,0,232,0,20,8,0,97,0
"344",37,0,0,0,0,0,0,0,0,0,0,0,0,71,3,0,0,0,0,0,0,0,0,0,0,2522,0,0,7,0,0,0,0,34,0,0,7,0,1,0,0,0,0,0,0,0,0,0,0,0,7,0,0,0,0,0,0,0,0,0,0,3,0,0,0,0,0,0,0,0,0,0,1,0,0,0,0,0,0,0,0,1,6,3,0,0,0,0,0,0,0,0,1,0,0,0,0,0,0,0,0,0,0,0,1,0,90,112,0,71,0,0,0,0,0,0,0,1,42,8,0,0,0,1,0,0,0,0,0,0,0,0,0,3,0,23,28,0,0,0,12,0,0,0,0,0,0,0,0,29,7,0,0,5,0,0,0,0,0,104,0,0,0,547,0,0,0,0,0,0,0,0,1,0,0,0,0,0,101,0,0,0,0,0,0,0,0,0,0,0,0,0,0,0,0,0,0,0,0,0,0,0,0,0,0,6,4,0,0,0,0,0,0,0,0,0,0,0,0,0,0,1,0,0,0,0,0,0,0,0,286,1,0,1417,0,0,0,0,0,19,0,0,222,0,0,0,0,0,0,0,178,0,0,0,0,0,0,0,0,1,0,0,0,1,0,0,0,0,11,2632,0,0,204,0,0,0,0,1,0,1253,0,0,0,0,0,0,1,0,0,0,0,0,0,0,27,0,4,0,0,70,0
"345",0,2,0,52,0,0,87,184,0,0,0,0,0,74,29,0,0,0,0,0,80,0,3,16,0,7,0,0,22,33,0,0,0,24,0,0,7,58,0,0,0,0,0,505,0,21,0,0,4,0,0,0,0,0,0,0,0,6,0,0,0,0,0,0,7,0,302,0,0,0,0,0,0,105,0,0,0,0,0,0,0,0,0,0,0,0,242,0,0,0,0,4,373,0,0,0,0,0,116,0,0,15,0,0,0,0,334,3044,0,0,0,0,0,0,0,0,0,10,103,0,0,0,0,4,26,0,0,0,0,0,36,1201,0,0,0,0,7,0,0,0,349,0,0,0,0,0,0,0,0,0,0,34,0,0,5,0,0,0,0,306,0,0,0,0,0,0,0,0,0,0,34,0,57,0,0,0,0,0,4,0,0,0,0,0,0,0,0,0,0,0,0,96,5,0,0,0,0,0,0,0,0,0,0,0,0,0,0,0,0,8,0,0,0,0,0,0,0,0,0,0,0,0,0,0,0,0,0,0,0,0,423,16,0,306,0,0,0,0,0,0,0,0,0,0,0,0,0,0,0,0,0,0,0,0,0,0,6,0,0,0,0,0,0,38,0,0,0,0,0,69,0,0,264,0,0,0,0,0,14,510,0,0,79,0,0,0,0,54,443,51,0,0,0,0,0,0,25,0,0,0,0
"346",4,0,0,12,0,0,1,0,0,0,0,0,0,0,5,0,0,0,0,0,0,0,0,1,0,971,0,0,2,1,0,0,0,322,0,0,1,87,0,0,1,0,0,0,0,0,0,0,16,0,1,0,0,0,0,0,0,0,0,0,0,0,0,0,0,0,152,1,0,0,0,0,0,0,1315,0,0,0,0,0,0,0,75,0,0,2,0,0,0,0,0,5,6,0,0,29,1,0,0,3,0,0,0,0,0,0,0,353,0,0,0,0,0,0,0,0,0,0,347,1,0,0,0,17,0,0,50,7,0,0,0,3,0,0,0,1,8,0,0,0,4,0,0,0,0,0,6,0,0,0,5,0,0,0,0,0,26,357,0,0,24,0,0,0,0,0,0,1,0,0,3,0,0,0,0,0,0,0,622,0,0,0,0,0,0,1,0,0,0,0,1,114,1,24,0,0,70,0,0,0,0,0,0,0,0,0,0,0,0,1,0,0,0,0,0,0,70,0,0,0,0,0,0,0,0,0,0,0,0,0,0,1,0,115,0,0,0,0,0,0,0,0,1,0,0,0,0,0,0,0,0,0,0,0,0,0,0,0,0,0,0,0,0,0,0,0,0,0,0,825,0,0,25,1,0,0,0,0,0,3821,0,0,0,0,0,0,0,0,0,0,0,0,0,0,0,0,3,0,0,0,0
"347",0,0,0,0,0,0,0,0,0,0,0,0,0,0,58,0,0,0,0,0,0,33,0,0,0,1033,0,0,13,0,0,358,0,31,0,0,3,0,0,1,0,0,0,0,0,79,0,4,0,0,1,0,0,0,7,0,0,0,0,16,0,0,0,0,0,0,111,0,0,0,0,0,0,13,0,83,0,0,0,39,0,0,0,0,0,0,335,0,0,0,0,0,117,0,38,0,0,0,99,0,0,0,0,0,0,0,28,4040,0,0,0,5,0,71,0,0,0,0,174,0,0,0,0,1,48,0,0,1,0,0,0,0,0,0,0,0,10,0,0,0,66,0,0,0,0,0,28,0,0,0,0,57,0,44,1,0,0,0,0,0,0,0,0,0,0,0,0,0,0,0,0,0,1,0,0,0,0,0,0,0,0,0,0,0,33,0,0,359,0,0,0,8,0,0,0,0,0,0,0,0,0,0,0,0,0,18,0,0,0,0,145,0,0,0,0,0,19,0,494,0,0,42,0,0,0,0,0,0,0,0,84,1,0,134,0,0,0,0,0,0,0,0,0,19,0,0,0,0,0,0,0,0,0,0,0,0,0,0,0,0,0,0,0,3,0,0,0,0,0,5,0,0,155,1,0,0,7,0,0,1335,0,1,112,0,0,3,0,0,0,5,0,0,0,0,70,0,5,0,0,70,0
"348",0,0,0,0,0,0,0,0,0,5,0,0,0,0,11,0,0,0,0,0,3,16,0,0,0,3512,0,0,5,0,36,0,0,0,0,0,108,4,0,0,0,0,0,1,0,0,0,1,0,0,0,0,0,0,1,1,0,0,2,131,1,6,0,1,0,1,148,0,0,0,0,0,9,3,282,0,0,0,1,5,0,1,0,0,0,4,0,0,0,27,362,0,0,0,0,2,0,0,9,0,0,0,5,0,3,0,1,426,0,1,0,0,0,95,0,0,0,1,11,0,0,0,0,4,364,62,0,0,1,1,5,16,0,0,0,0,315,0,0,0,324,0,0,0,0,0,1,1,0,1,1,25,0,0,1,0,0,0,0,10,0,0,0,1,0,0,1,0,0,0,3,0,0,0,0,0,0,0,46,1,0,0,0,0,1,0,0,0,0,0,0,48,0,0,17,0,0,1,0,0,1,0,0,0,0,4,0,0,0,1,0,0,0,1,36,0,114,0,8,0,0,1,0,0,0,0,0,0,272,0,1,1,0,201,0,4,0,0,0,0,0,1,0,0,0,93,0,0,0,0,0,1,2,0,3,0,4,0,16,0,1,0,0,1,0,0,0,0,2,5,0,0,263,0,0,0,44,0,1,2064,0,0,120,0,0,0,0,0,0,2,0,0,0,1,9,0,5,0,0,29,0
"349",0,0,0,1,0,0,5,0,76,0,0,0,0,0,384,0,0,0,0,0,0,1,0,0,0,821,0,0,3,1,50,0,0,7,0,0,0,0,0,0,0,0,0,39,0,12,0,2,0,0,1,0,0,0,13,0,0,0,0,1,1,0,0,0,0,0,1,0,0,3,5,0,0,0,0,0,0,0,0,2,0,1,5,0,0,1,0,0,0,21,29,4,1418,0,0,0,2,0,0,0,0,43,0,0,1,0,70,1,0,0,9,0,0,3,0,0,1,0,1,0,0,0,0,1,646,0,0,0,1,33,20,0,0,0,0,0,3185,0,0,0,0,0,0,0,0,0,0,1,0,0,1,33,0,0,1,0,0,0,0,15,0,0,0,1,0,0,1,0,1,0,1,0,1388,0,0,0,0,1,2,1,0,0,0,0,1,0,0,0,0,0,0,4,0,0,0,0,0,1,0,0,0,0,0,1,604,1,1,0,1,4,0,0,0,0,1,0,10,1,0,0,0,1,0,4,0,0,0,0,37,0,0,0,0,23,0,0,1,0,0,1,0,0,68,0,0,3,0,0,0,0,0,0,0,1,0,1,1,0,0,20,0,0,0,1,1,0,0,0,1,4,0,0,11,0,1,0,0,0,0,843,0,0,1,0,0,0,0,1,0,14,0,0,0,0,0,0,1,26,0,4,0
"350",0,0,0,0,0,0,1,0,0,0,0,1,0,0,3,0,0,1,1,13,72,26,0,28,0,1383,0,0,8,13,156,0,0,2,0,0,8,22,0,0,0,0,0,0,0,180,0,0,0,0,4,0,0,0,0,0,0,10,0,170,1,7,4,0,0,0,423,0,0,0,101,0,0,0,0,187,0,0,0,14,0,1,447,0,203,0,0,0,0,0,0,31,1,31,0,2,0,0,0,0,0,0,0,0,2,0,0,224,0,0,0,0,0,0,0,2,0,0,11,2,0,0,0,0,27,0,0,201,0,0,30,55,0,0,0,2,26,0,0,0,12,0,3,0,103,0,28,2,0,0,11,0,0,0,0,0,0,0,0,47,0,0,0,0,0,0,0,1,0,0,3,0,0,1,0,0,3,145,0,1,0,0,0,4,33,0,0,0,0,0,0,219,1,1,0,0,0,0,0,0,0,0,0,0,0,3,1,0,0,3,72,0,0,0,3,1,93,184,245,0,81,0,0,0,0,0,0,0,26,16,330,0,0,74,0,0,3,0,0,14,0,0,0,0,0,0,44,0,0,0,0,2,24,0,0,12,0,1,13,84,1,0,0,5,2,0,0,0,11,715,0,62,157,0,45,0,0,0,1,1707,0,0,195,0,0,0,0,13,285,0,0,0,0,0,36,0,18,0,0,27,0
"351",0,0,0,0,0,0,1,0,0,0,0,0,0,0,12,0,1,1,0,0,0,0,2,0,0,2661,0,0,2,0,0,0,9,18,0,0,21,1,0,0,0,0,0,0,0,191,0,0,3,1,0,0,0,0,0,0,0,0,0,0,0,0,0,0,11,0,0,0,0,8,3,0,0,0,0,0,0,0,0,0,0,8,0,0,0,3,117,0,0,5,0,0,2,0,37,5,0,0,0,0,0,0,0,0,2,0,0,2225,0,0,0,0,0,88,0,1,0,1,206,1,0,0,0,1,84,0,0,0,0,0,13,70,0,1,0,1,3,0,0,0,0,0,0,0,0,0,2,0,0,0,10,0,2,4,0,0,0,0,0,11,0,0,0,1,0,1,0,0,0,0,0,24,1618,0,0,0,0,0,28,0,0,0,0,0,8,0,0,0,0,0,0,51,0,0,0,0,0,0,0,0,0,0,0,19,0,4,3,5,2,0,0,0,0,0,2,1,0,0,0,2,7,0,0,0,0,1,0,0,49,0,152,0,0,36,0,0,0,0,0,0,0,0,0,0,0,0,0,0,0,0,2,3,0,0,0,1,0,0,0,0,0,0,0,2,1,0,0,0,0,454,0,0,26,0,0,0,0,0,0,953,0,1,71,0,0,11,0,0,0,0,0,0,0,0,11,0,0,0,0,36,0
"352",0,0,0,0,0,0,0,0,1078,0,0,0,0,0,2,0,0,0,0,0,30,36,0,0,0,384,0,0,63,2,180,0,0,293,0,0,49,265,0,0,0,0,0,321,0,146,0,24,0,0,0,0,0,0,0,0,0,0,0,0,0,63,0,0,0,0,30,0,0,0,0,0,0,80,0,0,0,1,0,26,0,0,14,0,0,3,0,0,0,139,0,0,0,0,0,0,0,0,88,0,0,0,0,0,6,0,0,284,0,28,0,0,0,1,0,0,0,0,128,0,0,0,0,21,78,0,0,0,10,0,30,151,0,0,0,0,8,0,0,0,1,0,0,0,0,0,23,0,0,0,34,0,0,0,0,0,0,0,0,259,0,0,0,1,0,0,0,0,0,0,2,0,0,0,0,0,0,0,437,0,0,0,3,0,38,0,0,0,0,0,0,34,0,5,0,0,0,0,0,0,0,0,0,0,0,10,0,0,0,0,0,0,157,4,17,0,124,0,38,0,0,60,0,0,0,0,0,0,266,0,249,0,0,89,0,0,0,0,0,0,1,0,0,0,0,11,0,0,0,0,0,2,41,0,28,2,1,0,9,0,17,0,0,3,0,0,0,0,18,19,0,50,232,0,0,0,0,0,67,2376,0,0,602,0,0,0,0,0,0,18,0,0,0,0,140,0,3,0,0,133,0
"353",0,0,0,0,0,0,0,0,175,0,0,0,0,0,56,0,75,0,0,0,0,43,0,0,0,2590,0,0,55,0,0,0,0,112,6,0,0,1097,0,0,0,0,0,0,0,0,0,10,8,0,0,0,0,0,0,0,0,0,0,52,0,107,0,3,0,3,105,0,0,0,46,0,0,20,0,0,0,0,0,80,0,0,0,0,0,19,0,0,0,25,1,15,0,0,0,0,0,0,0,0,0,0,0,0,0,0,0,1398,0,0,0,0,0,54,0,0,0,1,266,0,0,0,0,0,119,0,0,0,0,0,0,0,0,7,0,0,7,0,0,0,64,0,0,0,0,0,223,0,0,6,96,0,0,52,2,0,0,0,0,0,0,0,0,0,0,0,1,0,5,0,0,0,62,0,0,0,0,0,379,20,61,0,0,0,0,0,0,0,0,0,0,0,4,11,0,0,0,5,0,0,0,0,0,103,1,60,0,0,0,4,0,0,0,0,0,0,49,0,75,9,0,153,0,4,0,0,0,0,0,0,587,0,0,104,0,0,3,0,1,74,0,0,0,0,10,18,0,0,0,0,0,0,70,0,33,119,47,0,0,0,16,0,0,0,0,0,0,0,155,20,0,0,155,0,0,0,8,7,55,31,0,0,260,0,0,0,0,0,0,91,0,0,0,0,0,0,114,0,75,119,0
"354",0,2,0,0,0,0,1,0,0,0,0,0,0,0,1033,0,0,0,0,0,0,19,0,228,0,1212,0,0,287,0,324,0,0,0,0,0,0,0,0,0,0,0,0,0,0,163,0,0,0,0,0,0,0,0,0,0,0,0,0,0,1,0,0,0,0,0,50,0,0,0,0,0,0,0,0,0,0,0,0,0,0,0,0,0,0,0,1,0,0,59,0,56,0,0,0,0,0,0,41,0,0,0,0,0,0,0,0,602,0,0,0,0,0,20,0,0,0,0,0,0,0,0,0,1,786,0,0,0,0,0,0,0,0,0,0,0,220,0,3,0,1,0,0,0,0,0,0,0,0,0,6,0,0,1,35,0,0,0,0,0,0,0,0,0,0,0,0,0,0,0,4,0,0,0,0,0,0,0,46,0,0,0,0,0,1,0,0,54,0,0,0,24,4,0,0,0,0,0,0,0,0,0,0,0,0,0,0,0,1,0,0,0,0,0,0,0,0,0,1,0,0,18,0,0,0,0,0,0,31,0,0,0,0,2416,0,0,0,0,0,0,0,0,0,0,0,179,0,0,0,0,0,0,0,0,0,0,0,0,0,0,0,0,0,8,0,0,0,0,0,328,0,0,400,0,0,0,0,0,4,1006,0,0,236,0,0,0,0,0,0,0,0,0,0,0,0,0,12,0,0,126,0
"355",1,3,0,0,0,0,1,0,0,0,0,0,0,0,1,0,0,0,0,0,0,18,0,1,3,1766,0,0,11,13,550,0,6,156,0,0,368,0,1,1,1,0,0,0,0,371,79,0,0,0,0,0,0,0,0,0,0,0,0,67,0,0,0,0,0,0,77,0,0,48,11,0,2,0,0,0,0,0,0,43,0,0,0,0,190,19,0,0,0,12,0,4,14,0,0,0,0,1,65,0,0,0,0,0,45,0,0,1722,0,38,2,0,0,14,0,9,0,6,109,0,0,0,0,1,57,0,0,18,0,0,0,0,0,4,0,0,29,4,0,0,12,0,0,0,0,0,8,0,0,0,7,9,0,0,0,0,0,0,0,322,0,0,0,730,0,0,0,0,0,0,6,29,0,28,0,0,0,48,145,0,0,0,0,0,0,0,0,0,0,0,0,40,0,0,0,0,0,0,0,0,0,0,0,0,0,23,0,0,1,1,0,0,0,0,5,1,105,0,5,0,117,0,0,0,0,0,0,0,37,10,103,1,0,403,0,0,0,0,0,9,0,0,0,0,47,0,0,0,0,0,0,0,5,0,38,139,0,1,0,0,6,0,8,1,0,1,0,0,0,10,0,0,172,0,0,0,0,0,4,1467,0,0,493,1,0,0,0,0,0,0,0,0,0,0,46,0,10,0,0,63,0
"356",0,0,0,0,0,3,1,0,0,0,0,0,0,192,2,0,0,0,0,0,0,0,0,2,0,772,0,0,7,0,91,0,0,249,0,0,2,5,0,0,0,0,0,0,0,84,0,0,0,0,0,0,0,0,0,0,0,1,0,0,0,0,0,0,0,0,50,0,0,49,0,0,0,0,0,0,0,0,0,194,0,0,148,0,0,0,3,0,0,121,0,12,2,0,0,0,0,0,17,0,0,0,0,0,0,0,0,2775,0,0,0,0,0,75,0,0,0,2,179,0,0,0,0,1,201,0,0,0,0,0,0,25,0,1,0,0,19,0,0,0,19,0,0,0,0,0,0,0,0,0,52,7,0,0,0,0,0,0,0,73,0,0,0,0,0,0,0,0,0,0,0,0,1,0,0,0,0,0,70,0,0,0,0,0,38,0,0,0,0,0,0,118,1,0,0,0,0,0,0,2,0,0,0,0,247,0,0,0,3,1,0,0,0,0,0,0,0,0,136,0,346,0,0,0,0,0,0,0,0,0,404,0,0,693,0,0,0,0,0,0,0,0,0,0,0,0,0,0,0,0,0,0,0,0,0,0,0,0,0,0,0,0,0,0,0,0,0,0,0,72,0,0,291,0,0,0,0,0,0,1141,0,0,455,0,0,0,0,0,0,0,0,0,0,0,0,0,118,0,0,148,0
"357",0,0,3,0,0,0,12,0,0,1,3,0,4,0,22,2,0,1,0,0,0,1,0,35,0,6102,4,0,1,13,0,0,0,98,0,0,12,25,0,0,0,0,0,24,0,0,0,4,0,0,1,0,0,0,7,1,0,1,0,0,2,0,2,1,0,0,74,0,0,0,5,5,0,52,4,0,0,0,0,0,0,0,32,3,1,1,0,0,0,64,1,16,0,0,0,0,0,0,50,0,0,0,0,0,0,1,0,0,0,0,0,0,0,26,0,0,3,0,25,0,0,54,0,3,100,0,0,46,0,313,24,381,0,0,0,0,4,0,0,6,78,3,0,0,0,0,4,4,0,0,0,0,0,0,4,0,0,0,19,0,0,0,0,0,0,2,0,0,0,0,0,0,39,0,0,0,0,0,11,6,0,0,0,0,41,0,0,0,0,0,0,182,3,0,0,0,0,0,0,0,0,0,0,5,0,37,1,0,0,1,6,0,3,0,3,0,0,3,809,5,0,0,0,0,0,0,0,0,0,6,46,1,0,0,0,0,1,0,2,0,0,0,0,0,0,0,1,0,0,0,0,3,11,1,1,3,36,0,10,23,0,0,0,1,0,2,0,0,0,12,0,76,262,0,1,0,0,0,3,0,0,0,4,0,0,0,0,0,0,9,0,0,0,0,0,0,7,0,0,124,0
"358",0,11,0,0,0,0,0,0,0,1,0,0,0,0,26,0,0,0,0,0,0,6,0,0,0,2799,0,0,0,52,0,12,0,23,7,0,27,63,1,1,0,0,0,13,1,193,0,1,1,0,3,0,0,0,0,0,0,0,0,4,0,7,0,3,0,0,19,0,0,0,8,0,0,0,0,0,0,0,0,23,0,0,0,0,0,2,0,0,0,0,363,1,2,0,0,0,0,0,0,1,0,65,0,0,0,0,0,2403,0,0,0,0,0,21,0,0,0,0,28,6,0,0,0,1,1193,0,0,0,0,0,4,0,0,0,0,0,1,0,0,0,0,0,0,0,0,0,0,0,0,0,38,0,0,0,1,0,0,0,36,0,17,0,5,0,0,0,0,0,0,0,0,0,12,0,0,1,0,6,244,0,0,0,0,0,0,0,6,0,94,8,0,28,0,0,0,0,0,1,0,0,0,0,0,0,0,0,0,0,1,0,0,0,0,0,0,5,56,0,0,0,0,9,0,3,0,0,0,0,31,0,34,6,0,53,0,0,0,0,0,0,0,0,1,0,0,0,0,0,0,0,9,1,23,1,2,11,0,0,0,0,0,0,0,0,1,0,0,12,0,3,2,0,338,0,0,0,1,0,0,1129,0,1,124,0,0,0,0,0,0,21,0,0,0,2,0,0,4,0,0,66,0
"359",7,0,0,0,0,0,8,196,0,0,0,0,0,101,7,0,0,0,0,0,0,0,0,0,0,1482,0,0,0,0,0,0,0,14,0,0,229,0,0,0,1,0,0,0,0,0,0,0,0,0,0,0,0,0,0,0,0,0,0,119,0,0,0,0,0,0,0,12,0,0,0,0,0,0,0,0,0,0,0,291,0,0,0,0,0,0,0,0,3,56,0,0,1,0,14,2,0,0,0,0,0,0,0,0,0,0,0,31,0,0,0,0,0,140,0,0,1,0,183,4,3,0,0,5,673,0,0,0,0,40,0,1094,0,0,0,0,1,0,0,0,0,0,0,0,0,0,0,0,0,9,24,0,0,0,0,0,0,0,0,0,0,0,0,1,0,0,5,0,0,0,0,0,1,0,0,0,0,0,0,0,0,0,0,0,0,0,0,0,0,0,0,178,4,0,589,1,0,58,0,0,0,0,0,0,0,0,0,0,1,0,0,0,0,0,0,0,0,0,0,24,0,0,0,0,0,0,0,0,47,0,395,0,3,0,15,0,0,0,3,0,0,0,411,0,0,0,0,0,0,0,130,0,0,29,0,0,0,0,0,84,0,0,10,0,0,0,0,0,0,16,0,0,67,1,0,0,0,0,0,2603,0,0,531,0,0,0,0,0,0,0,0,0,0,0,0,0,9,0,0,0,0
"360",0,0,0,1,18,0,1,0,0,0,0,0,0,0,20,0,0,0,0,0,0,0,0,0,0,3609,0,0,0,0,0,0,0,0,0,0,9,0,3,0,9,0,0,0,0,916,0,0,0,0,0,0,0,0,0,0,0,0,0,363,0,0,0,0,0,0,0,0,1,0,92,0,0,0,0,0,0,0,0,675,0,1,0,0,73,0,0,0,0,0,533,0,0,0,0,0,0,1,0,0,0,0,0,0,0,0,0,1167,0,0,0,0,0,0,0,0,0,0,0,0,0,0,0,1,162,0,0,194,0,0,0,180,0,0,0,0,0,0,0,0,303,0,0,0,0,0,0,0,0,5,0,0,0,0,0,0,0,0,0,63,0,0,0,1009,0,0,0,0,0,0,6,0,0,1,0,0,0,0,0,0,0,0,0,0,0,0,0,0,0,0,0,45,1,0,0,0,8,0,0,0,0,0,0,1,1,0,0,0,1,1,0,0,0,0,0,0,133,0,0,0,0,0,0,0,0,0,1,0,36,0,0,0,0,585,0,0,0,0,0,0,0,0,0,1,0,0,0,0,0,0,40,0,0,0,0,0,0,0,16,0,0,0,0,0,0,0,0,0,0,0,0,0,0,0,0,0,0,0,4,0,0,0,0,0,0,0,0,0,0,0,0,0,0,0,0,0,0,0,0,0,0
"361",0,0,0,0,0,0,23,72,131,0,12,1,0,0,0,0,0,0,0,0,305,0,0,4,0,875,0,0,6,3,0,0,0,239,0,0,6,76,0,0,0,0,0,82,0,155,0,0,0,0,0,0,0,0,113,0,0,0,0,0,0,127,0,0,0,8,271,0,0,0,0,0,0,0,0,0,0,0,0,0,0,0,28,0,145,0,11,0,0,51,0,0,10,0,0,0,0,0,23,0,0,9,0,0,0,0,22,374,0,0,0,7,0,233,0,0,0,0,319,3,0,0,0,3,64,0,0,0,10,0,9,62,0,0,0,0,1,0,0,0,18,0,0,0,0,0,0,0,0,0,21,28,0,0,0,0,0,0,0,135,0,0,3,1,0,0,0,1,0,1,0,0,1,0,0,0,0,204,0,5,0,0,0,0,0,0,0,0,0,0,0,174,3,0,37,0,0,0,0,0,4,0,0,0,0,9,0,0,0,4,0,0,0,0,4,0,0,0,0,11,0,0,0,0,0,0,0,0,0,0,300,0,0,1042,0,0,0,0,0,0,0,0,0,0,0,0,0,1,0,0,0,0,0,0,0,0,0,6,0,7,0,0,0,1,91,0,0,308,0,410,12,50,140,0,5,0,0,0,3,3051,0,0,212,0,0,0,0,1,0,0,0,0,0,0,34,0,0,0,0,181,64
"362",0,0,0,0,0,0,0,0,0,0,1,0,0,0,21,0,0,0,0,0,39,39,0,4,0,3256,0,0,0,28,118,0,0,48,0,0,0,1,0,0,0,0,0,20,0,362,0,0,0,0,0,9,0,0,0,0,0,0,0,9,3,0,0,0,0,0,10,0,0,0,18,0,0,12,0,0,0,0,0,7,0,0,0,0,8,4,0,0,0,0,942,0,0,0,0,0,0,0,41,0,0,0,0,0,1,0,0,396,0,0,0,0,0,155,0,0,0,1,130,0,0,0,0,1,545,0,0,0,0,0,0,0,0,0,0,6,0,0,0,0,15,0,0,0,0,0,0,0,0,1,31,0,0,0,0,0,1,0,118,71,1,0,0,0,0,0,0,0,0,0,0,0,0,0,0,0,0,0,17,1,0,0,0,0,3,0,0,0,0,0,0,166,0,0,0,0,0,4,0,0,0,0,0,0,0,8,0,6,0,0,0,0,0,3,0,3,0,0,0,16,0,0,0,0,0,0,0,0,308,0,0,0,0,560,0,0,0,0,2,1,0,0,0,0,22,7,0,0,0,0,0,0,0,0,3,25,10,0,1,14,0,0,0,9,0,0,0,0,5,9,0,12,0,0,0,0,0,0,0,2201,0,0,165,0,0,0,0,0,0,98,0,0,0,0,0,0,52,0,0,49,0
"363",0,0,0,0,0,0,1,0,0,0,0,0,0,0,14,0,0,0,0,0,0,169,0,0,0,874,0,0,0,0,0,0,0,0,0,0,0,61,0,0,0,0,33,57,0,0,0,0,0,0,0,0,0,0,0,0,0,0,0,0,0,9,0,0,0,0,115,0,4,0,0,0,0,0,0,0,0,0,192,252,0,0,0,0,107,0,0,0,0,0,1,26,0,0,0,0,0,0,0,0,0,29,0,0,0,0,0,70,0,0,0,0,0,0,0,0,0,0,0,7,0,0,0,1,632,0,0,0,0,0,0,0,0,0,0,0,0,0,0,0,0,0,1,0,0,0,0,0,0,0,5,0,0,0,1,0,0,0,0,0,0,0,0,0,0,0,0,0,0,0,0,0,27,0,0,0,0,0,303,0,0,0,0,0,0,0,1,0,0,0,0,52,1,0,0,0,0,0,0,0,0,0,0,0,1,0,0,0,0,0,0,0,9,0,0,0,86,0,15,25,0,0,0,0,0,0,0,0,486,0,0,0,0,430,0,0,0,0,0,0,0,0,0,0,0,0,1,0,0,0,108,0,0,0,0,0,0,0,0,0,0,0,0,0,0,0,0,0,0,382,0,0,0,2244,0,0,1,0,0,3459,0,4,682,0,0,0,0,0,0,0,0,0,0,6,0,0,0,0,0,89,0
"364",0,1,0,7,0,0,0,0,0,0,3,0,1,0,4,0,0,0,0,0,0,0,0,2,0,1429,0,0,25,1,2,0,0,25,0,0,83,86,0,0,0,0,0,29,5,474,0,7,14,0,2,0,0,0,1,0,0,1,0,166,0,0,0,0,0,0,219,0,0,0,345,0,0,75,0,0,1,0,0,388,0,20,0,0,0,1,138,41,0,15,0,64,1,0,0,0,0,0,14,0,0,8,0,0,7,0,0,1406,0,0,1,0,0,187,0,1,0,2,82,0,0,0,0,1,12,210,0,0,0,0,7,0,0,0,0,1,40,0,0,0,2,0,0,0,2,0,6,0,0,0,7,9,9,16,0,0,0,0,0,68,0,0,0,0,0,0,0,0,1,0,0,0,0,0,0,7,0,0,488,4,0,0,0,0,0,0,0,0,0,0,2,48,0,0,0,0,0,0,0,0,0,0,0,17,0,0,1,1,0,1,0,0,0,0,0,7,0,0,4,0,0,8,0,11,0,1,0,0,99,0,425,0,0,220,0,0,0,0,0,1,0,0,35,0,1,1,0,0,0,0,0,0,0,0,35,1,1,0,0,0,3,0,0,1,8,0,0,0,3,1,0,0,5,0,0,1,0,5,0,2075,1,0,108,0,0,0,1,10,0,28,0,0,1,0,3,1,6,32,0,30,0
"365",0,0,0,0,0,0,0,50,0,0,0,0,0,229,0,0,0,0,0,0,0,154,0,1,0,1764,0,0,5,0,428,0,0,0,0,0,18,0,0,0,1,0,0,0,0,0,0,0,0,0,0,0,0,0,0,3,4,0,0,0,0,0,0,0,0,0,156,0,0,39,0,0,0,0,0,0,0,0,0,0,0,0,4,0,152,3,93,0,0,0,0,20,11,0,0,0,0,0,0,0,0,0,0,0,0,0,0,885,0,0,0,0,0,0,0,23,0,1,156,1,0,0,9,0,318,0,0,0,0,0,0,12,0,1,0,0,41,0,0,0,8,0,0,0,0,0,0,0,0,0,17,0,50,23,0,0,0,0,0,0,0,0,0,0,0,0,0,0,0,0,1,0,1,0,0,0,0,0,452,0,0,0,0,0,0,0,0,0,0,0,1,0,1,0,0,0,0,0,0,0,0,0,0,0,0,0,0,0,0,1,0,0,0,0,56,0,224,0,267,0,0,0,0,0,1,0,0,0,0,0,138,0,0,260,0,0,0,0,0,0,0,0,0,0,4,0,1,0,0,0,0,0,0,0,0,34,1,0,0,0,0,0,0,0,3,0,0,0,0,1,0,0,141,161,0,0,0,0,3,3064,0,1,666,0,0,0,0,0,15,0,0,0,0,1,75,0,7,0,0,0,0
"366",0,0,0,0,0,0,1,1,0,3,0,0,0,1,0,0,0,0,0,0,3,13,0,0,0,2469,3,0,3,0,37,0,0,1,0,0,0,1,0,0,0,1,0,14,0,2,0,0,0,0,0,0,0,0,9,1,0,0,0,20,0,1,0,0,0,0,133,0,0,0,3,1,1,6,0,0,0,0,0,0,0,0,161,0,2,0,0,0,0,17,0,8,30,1,0,0,0,0,2,0,0,0,0,0,1,2,1,3054,0,0,0,0,0,251,0,0,0,0,92,0,0,0,0,1,147,0,0,0,0,0,2,81,0,0,0,0,0,1,0,0,0,0,0,0,0,0,0,1,0,0,15,1,0,5,0,0,0,0,0,2,0,0,3,1,0,0,0,0,0,0,0,0,0,0,0,0,0,0,3,1,0,0,0,0,1,0,0,0,0,0,0,16,0,0,0,0,0,1,0,0,0,0,0,0,0,0,0,0,0,0,0,0,1,0,1,1,46,12,0,1,0,15,0,0,0,3,38,0,9,0,37,0,0,205,0,0,0,0,0,0,12,1,0,0,0,0,0,0,0,31,1,1,0,0,32,0,0,1,2,5,0,0,0,0,3,0,0,0,0,2,0,0,1077,0,0,0,0,0,0,1654,0,0,37,0,0,4,4,0,1,5,1,0,0,0,25,4,23,0,0,33,0
"367",0,0,2,80,0,0,1,0,0,0,2,0,0,0,0,0,0,0,0,0,0,17,0,0,1,4514,0,0,0,0,0,0,0,0,0,0,0,1,0,1,0,0,0,0,0,193,0,0,0,0,0,0,0,0,0,1,0,1,0,1,0,0,0,0,0,2,0,0,0,0,0,0,0,0,4,0,0,0,0,23,0,0,0,0,0,0,0,0,0,0,0,0,0,0,0,3,11,1,0,0,0,0,0,0,0,0,0,1118,0,609,0,0,0,0,0,0,0,0,0,0,0,0,34,0,0,504,45,0,0,0,0,177,0,0,0,0,0,0,0,2,1444,0,0,0,0,0,0,0,0,0,0,0,0,0,0,1,0,0,0,54,0,0,0,469,0,0,0,0,0,0,0,0,26,0,0,0,0,0,0,0,0,0,0,0,5,0,0,0,0,0,0,24,0,0,0,0,0,0,0,26,0,0,0,0,1,0,0,0,0,0,0,0,0,0,0,0,0,0,23,0,0,0,0,0,0,0,0,0,0,0,0,0,0,0,0,0,0,0,0,0,0,0,0,0,0,0,0,0,0,0,0,0,4,0,0,0,0,0,0,0,0,0,0,0,0,0,0,0,0,0,0,0,0,0,0,0,13,0,0,0,0,0,157,0,0,0,0,0,0,71,0,0,0,0,32,0,22,0,0,0,0
"368",0,0,0,0,0,0,11,64,0,0,0,1,1,91,1,0,0,6,0,0,44,101,0,3,0,1301,0,1,24,1,0,7,0,93,0,0,7,52,4,0,1,0,0,48,0,440,0,1,0,0,1,0,0,0,35,0,0,1,0,85,0,0,0,0,0,1,94,0,0,0,378,0,0,8,0,0,0,0,0,67,1,0,271,1,14,0,0,1,0,169,98,5,24,1,4,0,0,0,393,0,0,1,0,0,3,3,50,228,0,0,1,0,0,673,0,7,25,0,193,1,0,0,0,1,338,29,0,0,3,70,32,29,121,0,0,0,5,0,0,0,1,0,0,0,200,0,4,1,0,0,22,9,0,1,0,0,0,0,115,27,0,0,0,162,1,0,0,17,0,0,0,0,1,0,0,0,0,0,261,0,0,0,0,0,3,1,0,1,0,1,0,237,0,0,12,0,0,0,0,0,0,0,0,0,0,4,3,0,0,4,0,0,15,0,75,0,42,87,0,4,13,0,0,0,0,1,295,0,74,0,138,0,0,275,0,0,0,0,0,1,1,0,41,0,0,0,0,0,0,0,93,1,0,1,0,1,1,6,12,144,0,0,0,1,0,0,0,1,1,1,1,20,424,0,1,0,0,2,0,1378,0,0,433,0,0,0,0,1,0,46,0,0,0,0,0,0,4,13,0,110,15
"369",0,0,0,0,0,0,0,29,0,0,0,0,0,0,0,0,0,0,0,0,0,0,0,0,0,3836,0,0,0,0,0,0,0,0,0,0,7,0,0,0,0,0,0,0,0,303,0,0,0,0,0,0,0,0,0,0,0,0,0,14,0,1,0,0,0,0,0,0,8,0,12,0,2,0,0,0,0,0,0,0,0,0,0,0,46,0,0,0,0,0,56,0,96,0,0,0,0,0,98,0,0,111,0,0,0,0,0,950,0,0,0,0,0,228,0,0,0,0,0,1,0,0,0,0,0,0,0,0,0,0,0,235,0,0,0,3,0,0,0,0,28,0,0,0,0,0,0,0,0,0,157,0,0,0,0,0,0,0,0,66,0,0,0,4,0,0,0,0,0,0,0,0,0,0,0,0,0,0,0,0,0,0,0,0,0,0,0,0,0,0,0,101,0,0,0,0,0,5,0,0,0,0,0,0,0,0,0,0,3,0,0,0,0,0,16,0,0,0,63,6,0,43,0,0,0,0,0,0,90,0,0,0,0,1537,0,0,0,0,0,0,0,0,0,0,0,18,0,0,0,0,0,0,0,0,0,0,0,0,0,0,0,0,0,0,0,7,0,0,0,3,0,0,958,0,0,0,0,0,0,0,0,0,590,0,0,0,60,0,0,0,0,0,0,0,0,0,0,0,0,122,0
"370",0,0,0,0,0,2,1,0,0,0,0,0,2,0,3,0,0,0,0,0,0,0,0,1,0,645,0,0,5,1,727,0,0,185,0,0,6,0,0,0,0,0,0,0,1,237,0,0,0,0,0,0,0,0,0,0,0,0,0,0,0,0,4,0,0,0,197,0,3,0,0,0,0,0,0,0,0,0,0,0,0,1,110,0,0,3,3,0,0,60,0,1,10,0,0,0,0,0,77,0,0,3,0,0,0,0,0,559,0,0,0,0,0,1491,6,5,0,1,99,0,0,0,0,1,625,0,0,0,0,0,0,0,0,0,0,0,1,0,0,0,13,0,0,0,0,0,0,0,0,0,41,0,0,7,0,0,0,0,0,169,1,0,0,0,0,0,0,0,0,0,0,0,0,0,0,0,0,0,176,0,0,0,0,0,0,0,0,0,0,0,0,206,1,0,0,1,0,0,0,0,0,0,0,0,1,23,0,0,0,1,0,0,0,0,0,0,0,0,116,0,62,0,0,0,0,0,0,0,314,0,0,0,0,206,0,0,0,0,0,0,0,0,0,0,6,0,0,0,0,0,0,0,0,0,0,0,7,0,0,0,0,0,0,4,0,0,0,0,0,19,0,0,139,0,0,0,0,0,0,2953,0,0,444,0,0,4,0,0,0,0,0,0,0,0,19,0,4,0,0,109,0
"371",0,0,0,0,0,0,55,3,0,0,6,0,2,229,19,1,0,0,0,0,9,21,0,0,11,2439,1,0,50,12,0,14,0,95,0,0,62,14,0,1,0,0,0,22,0,11,69,0,0,0,0,0,0,0,5,0,0,2,0,288,2,12,1,0,1,1,144,1,0,35,32,0,2,2,0,1,0,0,0,20,6,8,0,0,4,1,0,0,0,72,798,31,0,0,0,0,0,0,28,0,1,4,10,0,0,0,3,1833,5,0,0,33,4,35,4,0,0,0,54,1,0,0,0,1,43,0,0,0,1,0,1,58,0,0,0,0,1,0,0,0,18,0,0,0,4,0,15,8,0,3,11,10,0,4,1,0,0,0,5,0,0,0,0,0,0,0,0,0,0,0,0,0,0,0,0,0,0,119,131,1,0,0,0,0,4,0,0,0,0,0,0,33,7,0,2,0,0,1,0,0,1,0,0,0,0,41,1,0,0,20,0,0,0,0,5,3,263,32,105,3,0,43,0,0,0,8,0,0,27,13,78,0,4,538,0,1,0,0,0,31,0,0,0,12,0,0,1,0,0,0,23,5,0,1,10,4,1,11,5,0,14,9,0,1,0,4,0,0,0,470,0,0,135,0,3,0,5,0,45,1107,0,0,162,0,0,0,0,0,68,3,0,1,0,0,11,24,4,0,0,95,1
"372",0,0,0,0,0,0,1,0,0,0,0,0,0,0,105,0,37,0,0,0,0,17,0,3,0,2828,0,0,13,0,0,0,0,29,0,0,9,170,0,0,0,0,0,0,0,0,0,0,0,0,0,0,0,0,0,0,0,0,0,10,0,0,1,0,3,0,0,6,4,0,0,0,0,0,0,172,0,0,0,0,0,0,0,0,79,0,0,0,0,141,1,8,5,0,0,0,0,0,0,0,0,0,0,0,0,0,0,716,0,0,0,0,0,979,0,0,0,0,152,0,0,0,0,4,618,0,0,0,0,0,79,0,0,0,0,0,25,0,0,0,15,0,0,0,0,0,0,0,0,0,0,0,1,0,0,0,0,0,0,0,0,0,0,0,0,0,0,0,0,0,0,1,0,0,0,0,0,0,0,0,0,0,0,0,1,0,0,0,0,1,0,179,1,0,0,0,0,0,0,0,0,0,0,0,0,9,0,1,0,6,0,0,0,0,0,0,0,0,79,0,1,0,0,0,0,14,0,0,92,0,0,0,0,0,0,0,0,0,0,0,0,0,0,0,0,0,1,0,0,0,49,0,0,0,0,0,0,0,0,137,0,0,0,0,0,0,0,0,0,3,0,0,266,0,0,0,0,0,0,2637,0,0,242,0,0,0,0,0,0,0,0,0,0,0,0,0,0,0,1,131,0
"373",0,0,0,3,0,0,1,0,0,0,0,0,0,0,0,0,0,0,0,0,0,0,0,0,0,2659,0,0,23,52,0,0,0,39,0,0,17,207,0,0,0,0,0,0,0,310,0,0,0,0,0,0,0,0,42,0,0,5,0,0,0,21,0,0,0,0,161,0,0,119,0,0,0,0,0,175,0,0,0,0,0,0,0,0,1078,0,0,0,0,0,0,4,1,0,0,0,0,0,55,0,0,21,0,0,14,0,0,0,0,0,0,0,0,5,0,0,0,0,156,0,0,0,0,1,0,27,0,0,0,0,85,0,0,0,0,0,0,0,0,0,476,0,0,0,0,0,54,0,0,0,0,0,0,0,0,0,0,20,0,24,0,4,0,0,0,0,0,0,0,0,0,1,44,0,0,0,0,55,0,0,0,0,0,0,0,0,0,0,21,1,0,123,3,0,0,0,0,0,0,0,0,0,0,0,1026,172,0,0,0,0,0,0,7,0,22,0,39,0,0,0,0,0,255,0,0,0,0,0,0,0,210,9,0,281,16,0,0,0,0,16,0,0,45,0,0,0,0,0,0,0,0,4,0,0,0,47,27,0,0,274,0,0,0,9,5,0,0,0,208,169,103,0,19,0,0,0,0,0,0,1106,0,0,0,0,0,0,0,0,0,11,0,0,0,0,8,0,0,0,0,136,4
"374",0,0,0,0,0,0,0,0,0,0,0,0,0,7,0,0,0,0,0,0,0,100,0,8,0,1229,0,0,0,0,5,0,0,0,0,0,9,0,11,0,0,0,0,0,0,0,0,0,0,0,0,0,0,0,0,0,0,1,0,42,0,0,0,0,8,0,1,0,0,0,0,0,2,214,0,0,0,0,0,7,0,0,0,0,79,0,0,0,0,168,0,1,0,0,0,0,0,0,115,0,0,0,0,5,3,0,0,80,0,0,0,0,0,468,0,0,0,1,84,3,0,0,0,1,959,0,0,0,0,0,0,147,0,1,3,0,1889,0,0,0,20,0,0,0,0,0,0,0,0,0,17,0,0,0,0,0,0,0,19,82,0,0,6,0,0,0,0,0,0,0,0,0,0,0,24,0,0,16,1,0,0,0,0,0,0,0,0,0,0,0,0,44,0,0,0,0,0,1,0,0,29,0,0,0,8,0,0,0,0,0,0,0,0,0,37,0,34,0,0,0,0,0,0,0,0,0,0,0,0,0,42,0,0,20,0,0,0,0,0,0,0,40,0,0,0,0,0,0,4,0,0,7,0,0,0,0,0,1,0,0,32,0,0,0,0,0,0,0,0,3,0,0,604,0,0,0,0,0,6,2422,0,0,0,0,0,0,0,0,0,0,0,0,0,0,560,0,0,0,0,49,0
"375",0,0,0,0,0,1,33,0,0,0,0,0,1,0,23,0,0,0,0,0,57,36,0,0,0,479,0,0,135,54,0,0,0,106,0,0,19,350,0,0,5,0,0,13,1,1816,0,0,0,0,25,0,0,0,0,0,0,3,0,0,0,0,0,0,0,0,73,0,7,31,20,0,0,0,0,0,0,0,0,454,0,0,72,2,34,6,1,0,0,161,0,124,10,0,0,4,0,0,387,0,0,8,0,2,2,0,0,354,0,0,0,0,0,17,0,6,56,1,24,0,0,0,34,1,816,51,0,0,0,0,0,24,0,0,0,6,4,0,0,0,15,1,0,0,0,0,20,0,0,0,9,0,0,4,0,0,0,0,9,54,0,0,0,0,0,0,0,0,0,0,0,0,3,0,0,0,0,26,106,0,0,0,0,0,45,0,0,0,0,0,0,362,2,0,0,0,0,0,0,0,0,0,0,0,0,228,0,2,0,0,0,0,0,0,9,0,87,0,0,0,0,0,0,0,0,1,0,0,11,0,0,0,1,587,0,0,0,0,1,117,0,0,0,0,2,0,0,0,0,0,0,0,0,0,0,25,7,0,0,39,0,0,4,7,6,0,0,0,0,43,0,0,29,0,5,0,0,0,0,1067,0,0,387,0,0,0,0,13,0,56,0,0,0,0,24,0,13,0,0,293,0
"376",0,0,0,1,0,0,0,0,0,0,14,0,0,0,18,0,0,0,0,0,11,55,0,0,0,1131,0,0,150,5,0,13,0,109,0,0,19,0,0,0,0,0,0,0,0,58,0,0,0,0,48,0,0,0,0,0,0,0,0,80,1,15,0,3,0,0,96,0,87,690,0,0,0,0,0,0,0,0,0,13,0,0,0,0,11,10,0,0,0,35,0,0,21,0,0,0,0,0,0,0,0,7,0,0,11,0,0,210,0,0,0,0,56,63,0,0,0,0,280,4,1,0,0,0,9,0,0,0,0,0,0,118,0,0,0,0,76,0,0,0,170,0,3,0,0,0,25,0,0,0,16,0,0,85,0,0,10,0,0,0,0,0,0,0,0,0,0,13,0,0,0,6,35,0,0,0,0,0,58,2,0,0,0,1,0,0,3,0,0,0,0,35,0,17,0,0,0,0,0,0,0,0,0,2117,0,28,0,0,1,6,0,0,0,0,3,0,0,0,171,0,0,0,0,0,0,0,0,0,32,0,25,0,0,95,0,0,0,81,0,4,0,0,0,0,3,0,0,3,0,0,0,0,0,0,21,17,0,0,0,0,0,0,0,6,4,0,0,0,68,16,0,20,2319,0,0,0,17,0,0,230,0,0,251,4,0,0,0,0,0,15,0,0,0,0,0,0,48,0,0,61,0
"377",0,0,0,0,0,0,1,0,0,0,0,0,7,0,20,0,0,0,0,0,0,0,1,3,0,1113,0,0,6,0,148,0,5,124,0,0,7,0,0,0,0,0,0,0,5,0,0,0,0,0,0,0,0,0,0,0,1,0,0,0,0,0,3,0,0,0,0,0,1,0,0,0,0,0,0,352,0,0,0,0,0,0,477,0,0,165,4,1,0,0,0,1,11,42,0,2,4,0,0,0,0,26,0,0,0,0,0,1082,0,0,0,0,0,0,0,2,0,1,20,0,0,0,8,2,0,0,0,0,0,0,0,48,0,0,0,1,14,8,3,0,10,0,0,2,0,0,0,0,0,0,4,0,0,0,0,0,0,3,0,16,1,0,0,0,0,1,0,1,0,0,0,0,8,0,0,0,0,0,0,0,0,0,0,0,0,13,0,0,0,0,0,22,1,0,0,38,0,0,0,0,0,39,0,0,0,0,0,7,0,1,0,0,0,0,0,0,0,0,16,0,22,0,0,0,0,0,0,0,0,0,0,0,0,37,30,0,0,0,4,0,0,0,98,0,0,0,0,0,0,0,0,0,0,31,0,0,38,0,0,0,0,0,0,0,644,0,0,0,0,5297,0,0,27,8,2,0,0,0,0,0,0,0,0,0,0,21,0,0,0,0,0,0,0,0,0,0,0,0,0,0,0
"378",0,0,0,0,0,0,1,1,0,0,0,0,0,1,0,12,0,14,0,0,8,0,0,1,0,3442,1,0,66,9,11,0,0,0,0,0,19,0,0,0,0,0,491,14,0,45,0,1,0,0,1,0,1,0,0,0,0,1,0,3,0,0,1,0,346,0,71,0,0,0,6,0,0,102,0,0,0,0,0,0,0,0,18,0,0,0,0,414,0,0,0,4,3,29,0,0,0,0,0,0,0,14,0,0,0,0,108,704,0,15,0,0,24,42,0,1,90,0,43,0,0,0,0,1,139,0,0,0,0,0,45,232,0,0,0,0,2,0,2,0,62,1,0,1,0,0,18,0,0,22,22,1,23,1,1,0,22,0,0,68,0,3,0,0,0,0,0,0,3,0,2,1,0,0,0,0,0,21,0,1,0,0,0,6,8,9,0,0,0,0,0,259,6,0,0,0,0,0,0,0,0,0,0,5,0,11,0,0,1,3,0,0,0,0,0,0,7,18,3,0,2,2,0,0,0,0,0,0,75,0,303,0,0,75,16,0,1,0,0,1,0,0,0,2,5,46,0,2,0,0,54,0,2,0,16,11,8,0,0,8,0,0,0,1,1,0,0,0,1,501,0,9,350,1,0,0,1,0,0,187,0,0,0,2,0,2,0,6,0,31,0,150,0,0,128,0,9,0,0,64,3
"379",0,0,0,0,0,0,0,34,0,0,0,0,0,0,0,0,2,0,0,15,78,53,0,3,4,1,0,0,5,36,243,241,0,159,0,0,4,377,3,1,0,0,0,76,0,194,0,10,0,0,12,2,0,0,165,0,0,0,0,0,0,0,0,0,0,0,93,0,0,0,8,4,0,0,0,0,0,0,0,0,0,0,211,4,0,1,0,1,0,13,1,2,36,4,0,118,0,0,48,0,0,0,0,0,0,22,0,479,0,18,0,0,0,37,1,1,0,0,540,2,0,0,0,1,199,0,2,0,10,0,159,186,50,0,0,0,3,0,0,0,4,0,0,0,0,0,41,11,0,0,14,0,1,6,1,0,0,0,4,105,0,0,0,88,0,0,4,0,0,0,13,0,0,0,0,4,5,254,29,0,0,0,0,0,43,0,0,9,0,0,16,167,1,3,0,0,0,1,0,2,0,0,1,0,0,4,6,0,0,0,111,42,0,9,9,0,25,0,229,0,0,0,0,0,0,0,0,6,3,0,0,0,0,1,0,0,4,0,0,1,0,0,68,0,1,0,0,0,0,0,0,7,0,0,20,1,1,0,82,115,3,0,0,4,0,0,20,0,195,1,0,113,56,0,0,1,0,0,5,1844,0,1043,488,0,0,0,0,1,49,58,0,0,0,0,5,30,3,0,0,108,0
"380",0,0,0,0,0,0,0,0,0,0,0,0,0,0,0,0,0,0,0,0,0,8,0,81,0,1,0,0,67,144,420,0,0,172,0,0,80,646,1,0,0,0,0,103,0,157,0,0,0,0,0,0,2,0,188,0,0,0,0,335,0,0,0,0,0,0,66,0,0,0,47,0,0,0,0,0,0,0,0,167,0,0,362,0,196,1,0,0,0,63,0,388,0,0,0,0,0,0,63,0,0,0,0,0,0,0,0,578,0,0,0,0,0,27,0,0,0,0,277,0,0,0,4,0,85,0,0,0,3,0,0,13,0,0,0,0,10,1,0,0,26,0,0,0,0,0,0,0,0,0,1,0,0,0,0,0,0,0,0,58,0,0,0,0,0,0,0,0,0,0,0,0,0,0,0,0,0,49,256,0,0,0,0,0,7,0,0,0,0,0,0,126,4,0,0,0,0,1,0,371,0,0,0,0,0,16,5,0,1,24,0,0,0,0,11,0,229,0,483,0,0,0,0,0,0,0,0,0,0,0,129,0,0,126,0,0,0,0,0,6,0,1,0,0,0,0,16,0,0,0,0,3,0,0,5,1,7,0,10,0,3,0,0,1,0,0,0,0,0,751,0,54,135,0,0,0,0,0,11,2309,0,32,119,0,0,0,0,1,54,0,0,0,0,0,88,0,10,0,0,29,0
"381",0,0,1,1,0,0,1,0,1,0,0,0,0,0,513,1,5,0,0,0,0,1,0,1,0,1161,0,0,13,6,79,0,0,7,0,0,1,0,0,0,0,0,0,0,0,1,0,0,0,0,0,0,0,0,0,0,0,1,0,1,0,3,0,0,0,2,1,0,0,58,0,0,0,0,0,0,0,0,0,0,0,0,5,0,1,3,0,0,0,1,0,7,0,0,0,0,0,0,0,0,0,0,0,0,0,1,14,561,0,0,0,0,0,0,0,0,0,0,5,3,0,0,0,1,12,0,0,0,0,0,0,0,0,3,0,0,3150,0,0,0,29,0,0,0,0,0,1,1,0,62,0,0,0,0,1,0,1,0,0,0,0,0,0,0,0,0,1,0,0,12,0,0,5,0,0,0,0,1,0,3,0,0,0,0,1,0,0,0,0,4,0,8,1,0,0,0,0,0,0,0,0,0,0,0,0,11,0,0,1,1,1,0,0,0,0,0,0,0,1,0,0,0,0,0,0,0,0,0,0,0,7,0,0,218,0,0,0,0,0,1,0,0,0,0,4,0,0,1,0,0,4,0,0,1,1,133,1,0,0,5,0,0,0,0,0,0,0,39,1,2994,12,0,0,0,56,0,0,0,0,173,0,0,1,0,0,0,0,0,0,29,0,0,0,0,1,0,3,0,0,1,0
"382",0,0,0,0,0,0,0,0,0,0,0,0,0,0,0,1,30,0,0,0,0,21,0,9,0,3849,0,0,0,107,2689,0,0,0,0,0,63,0,0,0,0,0,0,0,0,0,0,6,0,0,0,0,0,0,5,1,0,0,0,0,0,0,0,0,0,0,256,0,0,0,0,0,0,4,0,0,0,0,0,69,0,0,0,0,0,0,4,0,0,0,0,174,0,0,0,0,0,0,0,0,0,0,0,0,0,5,0,485,0,0,0,0,0,0,0,0,0,0,41,0,0,0,0,0,141,0,0,0,1,0,0,16,0,0,0,0,0,0,0,0,58,0,0,0,0,0,0,4,0,0,0,0,0,0,0,0,0,0,0,59,0,0,0,0,0,0,0,0,0,0,4,0,0,0,0,0,0,0,0,0,0,0,0,0,0,0,0,0,0,0,14,77,0,0,0,0,0,0,0,0,0,0,0,0,0,215,0,0,0,0,0,98,0,0,3,0,0,0,2,0,156,0,0,0,0,0,0,0,0,0,0,0,0,460,0,0,12,0,0,0,0,0,0,0,11,9,0,0,0,0,0,0,0,0,18,0,4,0,3,3,0,0,0,0,0,0,0,0,0,165,0,0,301,0,0,0,0,0,6,0,0,0,135,0,0,0,0,4,0,3,0,0,0,0,102,0,1,0,0,133,0
"383",0,0,0,0,0,0,34,34,0,0,0,0,0,0,0,0,0,0,0,0,23,9,0,11,0,3803,0,0,10,0,0,0,29,33,0,181,0,177,0,0,0,0,0,19,0,224,0,0,0,0,0,0,0,0,0,0,0,0,0,0,0,18,0,0,0,17,32,0,2,0,1,0,0,0,0,0,0,0,0,0,0,0,0,0,28,0,0,0,0,11,0,0,250,0,0,0,0,0,8,0,0,52,0,0,0,0,0,923,3,0,12,24,0,30,0,0,0,0,57,0,0,0,0,0,66,0,0,0,0,0,1,33,0,0,0,0,0,0,0,0,0,0,2,0,0,0,0,0,0,0,17,4,0,0,0,0,0,0,0,1,11,0,0,0,0,0,0,7,0,0,0,0,1,0,0,0,0,1,0,3,0,0,0,0,1,0,0,0,19,0,0,22,1,0,0,26,0,0,0,0,0,0,0,0,1,0,0,0,6,1,0,0,0,0,0,0,7,29,0,0,0,0,0,0,0,0,0,0,3,0,0,0,0,151,0,0,0,0,0,0,0,0,0,0,0,0,0,0,0,0,290,0,0,0,0,0,0,0,0,6,0,0,0,0,0,0,0,0,0,3,6,1,1141,0,0,0,0,0,1,2118,0,0,25,3,0,0,0,0,0,0,0,0,0,0,0,0,0,0,0,103,0
"384",0,0,0,0,0,0,0,0,1767,1,0,0,5,0,7,0,0,0,0,0,0,0,0,45,0,2445,0,0,11,0,0,5,0,0,0,0,0,90,0,0,0,0,0,0,0,3,0,0,1,0,0,5,0,0,0,0,0,0,0,0,0,1,0,0,0,0,687,0,0,0,0,0,0,10,2,0,0,0,0,0,0,0,0,0,0,0,257,345,0,0,0,47,0,0,0,0,0,0,0,0,0,0,0,0,0,0,56,1091,0,0,0,0,0,4,0,0,0,0,40,0,0,0,0,4,0,0,0,0,0,0,0,51,0,1,0,0,0,0,0,0,6,0,0,0,0,0,17,0,0,0,2,0,0,14,0,0,0,1,0,0,0,0,0,5,0,0,0,0,0,0,0,0,0,0,0,2,0,0,0,2,0,0,0,0,0,0,0,0,0,0,0,19,1,0,0,0,0,0,0,0,0,0,1,230,510,28,0,0,0,0,1,0,0,0,0,0,30,0,0,4,0,0,0,0,0,0,0,0,0,0,2,1,0,53,0,0,0,0,0,0,0,0,0,0,0,0,0,0,0,0,0,3,0,0,0,5,6,0,0,0,0,0,0,0,0,0,0,144,0,395,3,0,3,0,7,0,0,0,1,976,0,0,33,0,0,0,0,3,0,0,0,0,0,0,0,0,0,0,0,10,0
"385",0,1,0,6,0,0,5,0,0,0,6,0,0,10,100,0,0,0,0,0,0,74,0,0,0,1985,0,0,117,31,8,0,0,36,0,0,1,0,0,0,5,0,0,43,0,11,0,0,0,0,3,0,0,0,0,0,0,13,0,126,0,116,0,0,0,0,133,0,9,0,47,0,0,0,0,0,0,0,0,39,0,1,0,0,68,0,0,0,0,0,0,0,0,0,0,0,0,0,16,0,0,101,0,28,3,0,357,0,0,0,0,0,0,0,0,0,0,0,257,0,0,0,0,26,0,0,13,0,0,0,0,442,0,0,0,0,0,0,0,0,1892,0,0,0,0,0,67,0,0,0,0,0,0,16,0,0,0,0,0,1,0,3,0,0,0,0,0,0,0,13,0,0,0,0,0,0,4,37,0,0,0,3,0,1,0,0,0,0,0,0,0,0,0,0,2,0,0,3,1,0,0,0,0,0,0,587,0,0,0,0,0,0,0,0,0,0,0,5,0,0,41,0,0,0,0,0,0,0,0,0,260,0,0,26,0,0,0,0,0,26,0,0,1,0,0,0,0,0,0,0,0,0,0,0,9,18,664,1,0,0,0,0,72,0,6,3,0,0,17,913,0,0,0,0,0,0,0,0,1,771,0,0,1,0,0,0,0,14,254,22,0,0,0,0,0,0,0,0,0,127,0
"386",0,11,0,0,7,1,3,16,0,1,0,1,0,0,31,0,0,0,0,0,88,31,0,1,0,2878,0,0,6,4,0,0,0,45,3,0,2,49,0,0,0,2,0,111,0,272,0,1,4,0,5,0,0,0,0,1,0,0,0,2,3,25,0,1,0,0,45,0,0,0,31,1,1,3,2,0,0,0,0,1,0,1,1,0,741,0,0,0,0,134,0,5,0,0,0,0,0,0,0,0,0,0,1,2,8,1,94,1,0,0,0,0,0,0,0,0,0,0,37,1,0,0,0,4,643,0,2,134,0,0,130,175,0,1,0,0,17,0,0,0,3,0,0,0,0,0,1,1,0,0,6,0,0,0,0,0,0,0,0,89,0,1,0,0,0,0,0,0,0,3,1,0,1,0,0,0,1,102,3,1,0,1,0,0,1,0,2,0,0,0,1,48,1,0,42,0,0,0,0,5,0,0,0,1,0,1,1,0,0,6,1,0,0,0,18,0,10,3,1,0,11,3,95,0,0,0,2,0,161,1,61,1,0,525,0,1,1,0,1,0,2,0,0,0,1,0,32,0,0,0,0,1,1,0,1,1,0,2,1,18,1,0,0,2,1,0,0,0,8,114,0,14,869,0,0,0,0,0,4,1299,0,0,83,0,0,0,0,0,4,41,0,0,0,0,0,0,3,0,0,71,0
"387",0,0,0,1,0,0,5,35,0,0,0,1,0,11,66,0,0,0,0,0,40,13,1,203,0,1619,0,0,0,0,5,0,0,21,0,0,103,106,1,0,1,0,0,61,0,95,0,1,0,0,0,0,0,0,0,0,5,0,0,137,1,24,0,1,0,0,8,0,0,0,0,0,0,8,0,0,0,0,0,337,0,0,0,0,21,0,0,0,0,35,0,722,14,0,0,0,0,0,45,0,0,0,0,0,2,0,0,451,0,0,0,0,0,164,0,0,0,0,16,0,0,0,0,1,212,0,0,0,0,0,0,79,0,8,0,0,101,0,0,0,0,0,0,0,0,0,5,0,0,0,7,0,0,12,0,0,0,0,0,77,0,0,0,0,0,0,0,0,0,0,0,0,0,0,0,0,0,83,419,0,0,0,0,0,0,0,0,0,0,0,0,0,0,0,0,0,0,0,0,0,0,0,0,1,0,4,0,0,4,23,0,0,15,0,8,0,0,1,0,0,43,11,0,0,0,0,0,0,64,0,148,0,0,1565,0,0,1,0,0,4,0,0,110,0,0,0,0,0,0,0,185,4,0,0,0,0,0,0,2,2,1,0,0,0,0,0,0,0,34,2,4,0,43,1,0,0,0,0,9,1683,0,0,0,0,0,0,0,0,8,1,0,0,0,0,43,0,0,0,0,99,0
"388",0,0,0,0,0,0,1,0,0,0,0,0,0,0,280,0,0,0,0,0,0,0,0,1,0,1231,0,0,3,0,0,0,0,0,0,0,0,0,0,0,0,0,0,0,0,21,0,0,3,0,0,34,0,0,0,0,0,0,0,0,0,0,0,0,0,0,31,0,0,18,0,0,0,0,0,0,0,0,0,0,0,0,0,0,0,0,0,0,0,0,0,7,382,0,0,0,0,0,0,1,0,88,0,0,0,0,0,1542,0,0,0,0,8,0,0,0,0,0,1,0,1,0,0,1,0,0,0,0,0,0,0,0,0,0,0,0,68,0,0,0,1329,0,0,0,0,0,0,0,0,0,1,0,0,0,0,0,0,0,0,0,0,0,0,0,0,1,0,0,0,1,0,0,0,0,0,0,0,0,1,0,0,0,0,0,0,0,0,0,0,0,0,0,0,0,0,0,0,0,0,0,0,0,0,0,0,0,0,0,3,0,0,0,0,0,0,0,0,0,0,0,0,0,0,0,0,0,0,0,0,0,0,0,0,0,0,0,0,0,0,0,0,0,0,0,0,0,0,0,0,0,0,0,0,1,0,18,0,0,0,5,0,0,0,0,0,0,0,0,0,3817,0,0,60,0,1,0,2,0,0,1079,0,0,0,0,0,0,0,0,0,0,0,0,0,0,0,0,23,0,0,1,0
"389",0,0,0,0,0,0,2,0,0,0,0,0,3,0,3,0,5,0,0,0,0,24,0,4,0,2311,0,0,1,36,103,1,0,34,0,0,1,0,0,0,0,0,0,0,0,0,0,0,0,0,0,0,1,0,22,0,0,0,0,5,0,4,0,0,0,0,1906,0,0,0,3,0,0,8,0,0,0,0,0,33,0,11,120,0,0,14,404,0,0,6,0,2,1,0,0,0,0,0,0,0,0,0,0,0,0,0,0,4,0,0,0,0,0,624,0,0,0,0,156,0,0,0,0,0,19,0,0,0,0,0,0,4,0,0,0,0,704,0,0,0,34,0,0,0,0,0,8,0,1,12,9,0,0,1,0,0,0,0,0,0,0,0,0,0,0,0,0,0,0,0,0,0,23,0,0,0,0,0,795,0,0,0,0,0,9,0,0,0,0,0,3,283,0,0,0,0,0,0,0,0,0,0,0,10,0,17,6,0,0,1,32,0,0,0,0,0,0,0,100,0,9,16,0,0,0,0,0,0,65,0,77,1,0,47,0,0,1,0,0,2,0,0,0,0,2,70,0,0,0,0,0,0,0,0,0,53,22,0,0,0,4,0,0,0,0,0,0,0,0,1,0,63,25,0,0,0,1,0,0,1506,0,0,47,0,0,13,0,0,27,12,0,0,0,0,0,0,20,0,0,63,0
"390",0,0,0,0,0,0,0,16,0,0,0,0,0,0,38,0,0,0,0,0,3,4,0,92,0,4486,0,0,108,68,0,4,0,25,0,0,3,2,0,0,0,0,40,11,0,254,0,0,0,0,59,2,0,0,8,0,0,1,0,27,0,11,0,0,2,0,54,0,0,111,3,0,0,0,0,0,0,1,0,3,0,1,315,1,6,30,77,0,3,5,0,60,0,0,0,0,0,0,9,0,0,0,0,0,1,0,1,235,8,0,0,0,0,3,0,5,0,0,20,0,0,0,0,7,169,0,0,0,0,0,9,75,1,0,0,0,42,0,0,0,384,0,0,0,0,0,10,0,0,0,8,0,0,3,1,0,0,0,0,32,0,0,0,46,0,0,0,0,0,0,0,0,0,0,0,0,0,1,58,0,0,0,0,0,20,0,0,0,0,0,2,19,0,0,0,1,0,0,0,0,28,0,0,0,0,249,20,0,3,21,0,3,1,0,0,1,30,1,94,3,0,1,0,0,1,0,1,0,3,0,8,0,0,264,0,0,0,0,0,0,0,0,0,2,0,0,0,0,0,0,2,0,2,0,0,210,150,0,0,0,1,0,0,19,0,1,1,0,0,20,4,1,327,0,0,0,0,0,1,916,0,0,62,0,0,0,0,1,8,81,0,0,0,0,4,0,6,2,0,21,0
"391",6,0,0,0,0,0,3,0,0,0,0,0,0,0,23,0,11,1,0,0,0,19,0,83,0,2971,0,0,50,14,197,0,0,14,0,0,350,293,0,1,0,0,0,19,0,120,0,0,0,0,1,0,0,2,0,0,0,0,0,0,1,0,1,0,0,0,23,0,0,0,8,0,0,179,0,0,0,0,0,29,0,0,47,0,127,3,0,0,0,46,0,24,19,0,0,3,0,0,0,0,0,0,0,0,0,0,0,1936,0,0,0,0,0,123,0,1,0,0,131,23,0,0,0,1,98,0,0,0,0,0,0,0,0,7,0,0,393,0,0,0,7,0,0,0,0,0,16,0,1,36,34,0,0,0,1,0,0,3,16,11,0,0,0,0,0,0,0,6,0,0,0,0,0,0,0,0,0,1,250,0,0,0,4,0,1,0,0,0,0,0,1,127,4,8,0,0,0,0,0,0,0,0,1,0,0,60,0,0,0,25,0,0,0,1,26,0,79,0,1,0,0,0,0,0,0,0,0,0,22,0,119,0,0,427,0,0,0,0,0,66,0,21,0,0,0,22,0,0,0,0,0,6,0,0,14,180,3,0,5,0,1,0,0,7,0,0,0,0,0,46,0,0,24,7,8,3,0,0,3,1165,0,0,105,0,0,0,0,0,18,38,0,0,0,0,8,0,31,0,0,52,0
"392",0,0,0,1,0,0,1,5,161,0,0,0,0,1,347,0,0,2,0,0,3,8,0,0,0,762,3,0,9,0,455,0,0,121,5,0,34,16,4,0,0,0,1,44,0,56,0,0,0,0,0,0,0,0,0,0,1,1,1,5,0,9,0,1,2,0,13,0,0,37,43,0,0,7,0,0,0,0,0,18,0,0,7,0,21,0,1,0,0,24,1,0,203,0,0,0,0,0,111,0,0,0,0,0,0,0,15,219,0,0,1,0,0,156,0,0,0,1,19,0,1,0,0,1,891,1,0,0,0,0,0,80,0,0,0,0,322,0,0,4,11,0,0,0,52,0,3,0,0,8,4,9,0,3,0,0,0,0,0,174,0,0,0,0,0,0,0,24,3,0,3,0,1,0,0,0,0,87,7,0,56,0,0,0,1,0,0,0,0,0,0,21,1,1,37,0,0,5,0,0,0,0,41,3,0,1,0,0,2,1,0,0,3,0,5,2,60,8,1,0,74,7,0,0,0,0,1,0,0,0,97,0,0,165,0,0,14,0,0,2,0,0,0,15,0,1,0,0,0,0,4,3,24,0,23,1,1,2,0,28,2,5,0,1,5,0,0,28,2,9,0,0,1875,0,0,0,1,0,3,2105,0,0,220,10,0,0,0,0,3,5,0,0,0,0,170,0,11,0,0,36,3
"393",0,1,0,0,0,0,1,37,0,1,1,1,0,0,46,0,0,0,0,28,251,8,0,0,0,615,0,0,19,0,213,0,23,17,0,0,66,15,0,0,0,0,0,47,0,9,0,1,0,0,5,0,0,0,5,0,0,0,0,7,1,35,0,1,0,77,79,0,27,0,8,0,1,139,1,0,0,0,0,85,15,8,63,1,747,1,0,0,0,15,0,25,0,0,56,0,0,0,22,0,0,0,0,1,3,0,83,737,0,234,3,26,0,13,1,0,0,0,29,0,0,0,0,1,45,0,0,0,1,25,6,983,1,0,0,0,461,0,0,0,0,0,0,0,0,0,3,1,0,0,1,112,0,33,0,0,0,0,0,7,0,1,3,502,0,0,0,0,1,0,4,0,0,0,0,44,2,3,81,1,79,0,0,0,10,0,0,0,0,1,9,1,0,0,9,0,0,0,1,0,0,0,0,1,0,18,3,0,4,0,1,0,7,0,1,1,75,19,0,4,0,9,0,1,0,38,75,0,33,0,239,1,0,1129,0,0,1,0,0,30,0,0,58,0,0,1,0,0,0,0,209,4,3,0,3,3,5,0,3,42,3,0,4,5,1,0,0,0,1,593,0,4,57,0,5,0,0,2,22,1498,3,0,1,0,0,0,0,0,55,9,5,0,7,0,43,0,0,0,0,11,0
"394",0,1,0,0,12,0,17,14,0,0,0,0,0,0,0,0,8,12,0,0,65,38,0,0,0,197,4,0,1,0,425,0,0,98,0,0,3,58,0,0,0,0,0,35,0,113,0,0,0,0,0,0,0,4,0,1,0,3,19,343,0,0,0,0,65,0,22,0,0,7,87,0,0,0,0,0,0,0,0,283,0,9,124,0,0,0,0,0,0,0,0,1,97,0,0,0,1,0,65,0,0,0,0,0,0,1,0,1691,16,41,29,0,0,146,0,38,0,0,90,0,0,0,0,0,45,26,25,0,2,0,11,0,0,1,11,0,0,0,0,3,58,0,0,4,0,0,19,0,0,0,57,124,0,0,0,0,0,0,0,89,0,0,0,476,0,0,0,0,0,4,9,0,1,0,0,0,0,47,41,3,0,0,0,0,6,0,9,0,0,0,0,30,1,0,0,0,0,0,3,1,0,0,0,4,0,8,2,0,3,1,0,0,0,0,0,1,172,76,24,5,65,0,0,0,0,0,129,0,0,1,239,3,0,2,0,0,0,0,0,6,0,0,0,0,3,12,0,10,0,0,0,0,0,0,0,3,0,0,0,63,3,0,0,1,3,0,1,0,97,2,4,8,45,0,1,0,0,0,0,2802,0,0,70,0,0,0,0,0,111,8,0,0,0,0,94,0,10,0,0,56,0
"395",0,0,0,0,0,0,1,0,0,0,0,0,0,0,27,0,0,0,0,0,20,25,3,0,0,2659,0,0,29,1,0,0,0,59,0,0,1,79,1,0,0,0,0,32,0,78,0,0,0,0,0,0,0,0,3,0,0,0,5,1,0,1,0,0,4,0,0,0,1,0,0,0,0,1,0,0,0,0,0,0,0,0,4,0,0,8,0,0,0,12,17,17,40,0,0,0,0,0,41,0,0,0,0,0,0,1,65,289,0,0,0,0,0,64,0,0,0,0,16,0,0,0,9,0,56,18,0,0,0,0,1,6,0,0,0,0,3520,0,0,0,1165,0,0,0,0,0,0,0,0,0,5,0,0,0,0,0,0,0,0,4,0,0,0,0,0,0,0,0,0,0,0,0,38,0,0,0,0,0,1,0,0,0,0,0,1,0,0,0,0,0,0,28,0,0,0,0,0,0,0,0,0,0,0,0,0,9,0,0,0,1,0,0,14,0,0,0,13,0,28,0,0,0,0,0,0,0,0,0,0,0,82,1,0,134,0,0,0,0,0,0,0,1,0,0,0,0,0,0,0,0,38,0,0,0,0,16,0,0,0,32,0,0,0,3,0,0,6,1,0,53,0,5,67,0,0,0,0,0,0,300,0,0,36,0,0,0,0,0,0,16,0,0,0,0,20,0,90,0,0,12,0
"396",0,0,1,0,2,0,27,0,0,0,1,0,2,221,50,1,0,0,3,0,31,39,0,0,0,1262,0,0,3,94,378,0,0,44,0,0,5,164,0,0,0,0,0,0,0,129,0,1,0,0,4,0,0,0,70,0,0,0,0,17,5,28,0,0,0,4,63,0,0,0,31,0,0,7,1059,0,0,1,0,33,0,2,12,0,32,1,0,0,0,140,0,7,59,0,0,0,0,0,48,0,0,0,0,0,1,0,0,350,0,0,0,0,0,299,0,0,0,0,169,0,0,0,2,1,318,0,0,0,0,0,23,120,0,0,0,0,153,0,1,0,13,0,0,0,0,0,8,0,1,0,46,0,0,37,0,0,0,0,0,28,0,0,0,627,0,0,0,0,0,0,8,0,3,0,0,0,1,54,161,0,0,0,26,0,14,0,0,0,0,0,0,116,1,24,0,0,0,0,5,5,0,0,0,0,0,16,0,0,1,0,0,168,0,0,12,0,43,21,106,0,55,0,0,0,0,0,0,0,183,0,207,0,0,0,0,0,5,0,0,4,1,0,0,0,0,0,1,0,0,0,0,7,21,0,21,0,5,0,13,0,8,0,0,5,1,0,0,0,0,489,0,0,362,0,1,1,1,0,10,1962,0,0,143,0,0,0,0,0,0,43,0,0,0,1,25,0,4,0,0,174,0
"397",0,0,0,0,0,0,76,77,0,0,0,6,0,0,6,0,0,0,0,0,43,122,4,16,0,3531,0,0,16,10,32,10,0,82,0,0,0,0,0,0,0,0,0,78,0,146,0,1,0,0,3,0,0,0,23,0,0,0,0,481,0,22,0,0,0,8,98,0,0,0,67,0,0,0,0,0,0,0,0,126,0,7,0,0,0,0,0,0,0,12,0,10,3,0,0,4,0,0,0,0,0,4,0,0,0,0,293,16,0,0,0,0,0,98,0,0,0,0,82,6,0,0,0,0,37,0,0,0,4,0,0,0,10,0,0,0,25,0,0,0,37,0,0,0,0,0,0,4,0,0,14,0,0,0,0,0,0,0,0,32,0,0,0,426,0,0,0,0,0,0,0,0,1,0,0,0,0,0,0,1,0,0,0,0,31,6,0,0,5,0,0,92,0,0,0,1,0,0,0,0,0,0,0,1,1,120,0,0,1,0,158,17,0,0,0,1,452,19,1,7,0,0,0,0,0,0,92,0,67,0,0,0,0,68,0,0,0,0,0,0,0,0,0,0,0,0,0,1,0,0,178,0,17,0,1,14,0,0,0,96,13,0,0,0,1,0,0,0,188,18,3,0,64,0,52,0,0,0,0,1547,0,0,70,0,0,0,1,0,0,0,0,0,0,0,0,0,0,29,0,36,0
"398",1,0,0,0,0,3,0,12,0,0,0,0,0,1,11,0,0,0,0,10,2,1,5,27,0,4968,0,0,5,48,0,0,0,10,0,0,0,1,0,1,5,0,0,0,0,5,0,0,0,0,0,0,0,3,1,0,0,0,0,1,0,0,1,0,0,0,296,8,0,0,0,0,0,0,0,0,0,0,0,0,0,0,0,0,0,0,0,0,0,6,0,42,48,0,0,9,8,0,15,0,4,10,0,0,0,0,209,3195,0,45,0,0,0,26,0,0,24,0,1,1,8,0,1,4,17,0,0,0,0,0,1,50,0,0,0,0,90,0,0,0,498,0,0,0,0,0,0,0,0,11,0,0,0,0,3,0,0,0,0,0,0,0,0,1,0,0,5,0,0,0,1,5,1,0,0,0,0,0,0,0,0,0,0,0,7,9,0,0,0,0,0,32,1,0,0,2,0,0,0,0,0,0,0,0,0,18,0,3,0,2,0,0,0,0,0,0,9,0,0,0,0,0,0,0,0,0,0,257,0,0,0,0,0,1,0,0,0,0,0,0,0,0,0,0,0,0,0,0,0,0,0,0,20,0,0,1,3,0,0,233,0,0,0,1,0,0,0,0,1,11,1,8,33,0,1,0,0,0,19,4,0,4,4,0,1,0,0,0,0,2,0,0,0,43,67,0,1,0,1,13,0
"399",5,0,0,0,0,0,0,0,0,0,0,0,1,0,3,0,0,0,0,0,0,4,0,21,0,1,0,0,3,159,192,0,5,52,0,0,2,27,0,0,0,0,0,97,0,12,0,13,0,0,21,0,0,0,99,0,0,0,0,284,0,0,0,0,0,0,0,0,0,134,0,0,0,3,0,205,0,0,0,79,0,0,127,0,0,1,0,0,0,26,0,6,49,0,0,0,11,0,0,0,0,18,0,0,0,0,0,1519,0,0,0,0,8,47,0,0,0,6,137,0,0,0,0,0,10,0,0,0,0,0,0,1,0,1,0,0,21,0,0,0,0,0,0,0,0,0,9,0,0,65,1,0,0,0,0,0,0,0,1,0,0,0,0,1,0,0,0,0,0,0,0,22,0,0,0,0,0,92,912,0,0,4,0,0,20,0,0,0,0,0,0,18,18,0,0,0,0,0,0,0,0,0,0,1,0,31,0,0,1,6,0,0,0,0,0,0,58,0,511,0,31,0,0,0,0,0,0,0,59,0,0,4,0,14,0,0,1,26,0,10,0,0,0,0,1,0,0,0,0,0,203,0,7,0,14,54,0,0,0,0,0,0,0,3,13,0,0,0,260,3006,0,0,34,0,0,0,0,4,1,799,0,0,6,0,0,35,0,0,0,0,0,0,0,0,22,1,3,0,0,10,0
"400",3,0,0,0,0,0,0,0,0,0,0,0,0,0,34,9,78,0,0,0,0,35,0,0,0,1,0,35,48,147,0,0,0,0,0,0,0,0,0,0,0,0,0,0,0,5,0,0,0,0,0,0,0,0,0,0,0,0,0,0,0,0,0,0,0,0,0,0,0,385,0,0,0,0,0,0,0,0,0,0,0,0,867,0,0,3,104,0,0,0,0,4,239,0,0,0,10,0,2,0,0,11,0,0,0,0,0,1263,0,0,0,0,187,0,0,0,0,0,581,0,3,0,0,2,54,0,0,0,0,0,0,20,0,0,0,0,12,0,0,0,26,0,0,0,0,0,0,0,0,0,36,0,0,0,3,0,0,0,0,0,0,0,0,0,0,0,0,0,0,0,41,0,0,0,1,0,0,0,0,0,0,0,0,0,0,0,0,0,0,0,0,328,0,0,0,0,0,0,0,0,0,0,0,0,0,0,0,0,1,0,14,0,0,0,0,0,0,271,0,0,165,0,0,0,0,0,0,0,0,0,0,0,0,328,0,0,0,0,0,0,0,0,0,0,212,0,0,0,0,0,0,0,0,0,0,55,4,0,0,33,0,0,0,0,0,0,0,0,0,3976,0,0,244,0,0,0,0,0,0,121,0,0,0,0,0,0,0,0,0,0,0,0,0,0,0,0,40,0,0,71,0
"401",0,0,0,0,0,0,1,0,0,0,0,0,0,0,140,0,0,0,0,0,0,13,5,0,1,2540,0,1,6,0,0,0,0,16,0,0,0,0,0,0,0,0,0,0,0,1,0,0,0,0,0,0,0,0,0,0,0,0,0,1,0,0,0,0,0,0,27,0,0,24,0,0,0,0,0,0,0,0,0,1,0,0,0,0,0,0,0,0,0,0,0,4,0,0,0,0,0,0,4,0,0,79,0,0,1,0,142,3844,0,0,0,0,0,157,0,0,0,0,7,0,0,0,0,25,232,13,129,6,0,0,13,66,0,0,0,0,0,0,0,0,39,0,0,0,0,0,1,0,0,0,0,0,0,0,1,0,0,0,0,0,0,0,0,1,0,0,0,0,0,0,2,0,63,0,0,0,0,0,14,0,0,0,0,0,1,0,0,0,0,0,0,9,0,0,0,0,0,0,0,0,0,0,0,0,0,4,0,0,0,0,0,0,3,0,0,0,2,0,0,1,0,1,0,0,0,0,0,0,9,0,12,0,0,212,0,0,0,6,0,0,0,0,0,0,0,0,0,0,0,0,0,1,0,1,0,0,0,0,1,0,0,0,0,0,0,0,0,0,23,34,0,2,459,0,0,0,0,0,0,1629,0,0,3,0,0,0,0,0,2,0,0,0,0,0,0,0,14,0,0,4,0
"402",0,0,0,20,0,0,2,0,0,0,0,0,0,0,6,0,0,0,0,0,0,0,0,1,0,3227,0,0,7,19,0,25,0,457,0,0,0,441,0,0,0,0,0,0,0,835,0,0,0,0,0,0,0,0,0,0,0,0,0,10,0,1,0,0,0,0,0,0,0,0,0,0,0,0,0,0,0,0,1,0,0,0,29,0,0,0,0,0,0,0,29,5,33,0,0,0,0,1,0,0,0,85,0,0,0,0,0,285,0,0,0,0,0,0,0,0,0,0,28,1,0,0,0,2,2382,0,0,0,0,0,0,1,0,0,0,12,3,0,0,0,21,0,0,0,0,0,0,0,0,0,0,0,0,1,0,0,0,1,0,0,0,0,0,0,0,0,1,0,0,0,0,1,9,0,0,0,0,0,0,0,0,0,0,0,13,25,0,0,0,4,0,185,0,0,0,0,4,0,0,0,0,0,0,0,1,11,0,0,0,0,0,0,0,0,0,0,69,0,345,0,0,0,0,0,0,0,0,0,0,0,42,0,0,0,0,0,0,0,0,0,4,0,0,0,0,0,0,0,0,0,0,6,0,0,0,0,5,0,0,0,0,0,0,0,0,0,0,0,0,463,98,0,94,0,0,0,0,0,8,697,0,0,0,0,0,0,0,0,0,0,0,0,0,0,1,0,0,0,0,72,0
"403",0,0,0,0,0,1,100,0,0,0,0,0,0,0,50,0,0,0,0,0,0,113,0,0,0,465,0,8,179,0,0,0,0,2,0,0,0,0,0,0,5,0,0,24,1,25,0,0,0,0,0,0,0,0,0,0,0,0,0,501,0,0,0,14,0,0,34,0,5,13,0,0,0,152,0,0,0,0,0,0,0,0,2,6,0,0,2,0,0,0,0,0,302,0,0,0,0,0,0,0,0,0,1,0,0,0,306,1010,0,0,29,0,0,332,0,0,0,0,215,10,0,0,0,1,77,0,2,4,0,0,0,217,0,0,0,1,516,0,0,4,6,0,0,0,0,0,12,0,0,0,0,0,0,0,0,0,0,0,0,13,0,0,0,1,0,0,0,0,0,0,5,0,0,0,0,0,0,0,272,0,0,1,0,0,4,0,0,0,0,0,30,295,0,0,0,0,0,0,0,0,0,0,0,427,0,8,0,0,0,0,11,0,0,0,0,0,65,0,0,0,0,42,0,0,0,0,0,0,0,7,155,0,0,27,0,0,0,0,0,2,0,0,0,0,1,0,0,0,0,0,0,0,0,0,0,1,0,0,0,0,0,0,0,2,0,0,0,0,0,3,0,0,36,0,0,0,0,0,0,3117,0,0,336,0,0,0,0,8,40,0,0,0,0,0,5,0,25,0,0,23,0
"404",0,0,0,1,0,0,6,0,0,0,0,0,0,0,17,0,0,0,0,0,0,4,0,0,0,1430,0,0,92,0,0,0,0,0,0,0,0,1,2,0,0,0,0,33,0,0,0,0,0,0,0,0,0,0,0,0,0,0,0,0,0,0,0,0,0,0,152,0,0,0,0,0,0,0,0,0,0,0,0,0,0,0,0,0,0,0,0,0,0,0,0,0,27,0,0,0,0,0,0,0,0,0,0,0,1,0,0,31,0,0,0,0,0,8,0,0,0,0,9,0,0,0,0,12,5,0,0,0,0,0,0,0,0,0,0,0,2052,0,0,0,5,0,0,0,0,0,0,0,0,0,0,0,0,0,0,0,0,0,0,23,0,0,0,0,0,0,0,0,0,0,0,0,1,0,0,0,0,0,0,0,0,0,0,0,0,0,2,0,0,0,0,1,0,0,0,0,0,0,0,0,0,0,0,0,0,1,1,0,0,10,0,0,0,0,0,0,62,0,1,0,1,0,0,0,0,0,0,0,45,0,2,0,0,298,0,0,0,0,0,0,0,0,0,0,0,0,1,0,0,0,0,0,0,0,0,1,0,0,0,0,0,0,0,1,0,0,0,0,0,5105,0,0,290,0,0,0,0,0,4,544,0,1,3,0,0,0,0,6,0,2,0,0,0,0,0,0,0,0,0,10,0
"405",0,0,0,0,0,0,0,0,0,0,2,0,1,0,1,2,57,6,0,0,23,134,0,0,0,2400,0,0,5,137,0,0,0,42,0,0,6,326,1,0,0,0,0,0,0,47,0,0,0,0,29,0,0,0,0,0,0,1,0,360,0,0,0,0,0,0,115,0,0,0,22,2,0,0,0,0,1,0,0,31,2,16,263,0,103,0,0,0,0,42,0,8,4,0,0,0,0,1,0,0,0,0,0,0,0,1,0,122,0,20,0,1,0,79,0,0,0,1,550,3,0,0,11,9,240,0,0,0,0,0,0,1,0,1,0,0,34,0,0,0,14,0,0,0,0,0,49,0,0,0,0,0,38,0,0,0,0,0,0,0,0,0,0,0,0,0,0,0,0,0,0,0,1,0,0,0,0,142,645,0,0,0,0,0,16,0,0,0,0,0,3,234,1,0,0,0,0,0,0,268,0,0,0,97,0,11,15,0,0,1,0,0,4,0,50,0,117,21,52,0,0,0,0,0,0,0,0,0,0,0,104,0,0,304,0,0,0,0,0,0,0,0,0,0,0,0,1,5,0,0,0,0,21,0,0,135,0,0,0,0,1,0,0,9,0,0,0,0,0,342,0,0,259,0,0,0,0,0,2,1396,0,0,303,0,0,0,0,0,15,153,0,0,0,1,120,0,39,0,0,256,0
"406",0,0,0,0,0,0,6,16,0,0,2,1,0,0,7,0,0,0,0,0,0,0,0,0,0,1956,0,0,0,1,0,0,0,76,0,0,3,0,0,0,0,0,0,334,0,103,0,1,0,0,0,0,0,0,0,0,0,1,0,206,0,43,1,0,0,11,151,4,0,45,41,0,0,350,0,0,0,0,0,79,0,8,0,3,0,0,0,0,0,85,0,0,1,0,0,0,0,0,0,0,0,0,0,0,5,0,195,133,3,0,1,0,0,90,0,0,0,0,76,1,0,0,0,0,74,25,0,0,3,0,53,0,0,1,0,0,6,0,0,0,0,0,0,0,0,0,0,0,0,0,0,32,0,0,0,0,0,0,21,0,0,0,0,589,1,0,0,0,0,0,14,0,30,0,0,0,0,48,155,0,71,0,0,0,12,0,0,0,0,0,0,167,0,5,91,0,0,0,0,0,0,0,0,0,0,0,0,0,1,1,46,0,26,8,0,0,0,87,0,4,0,0,0,4,0,5,0,0,76,0,0,1,0,340,0,0,0,0,1,0,0,0,0,0,0,2,0,0,0,0,14,0,20,0,0,1,0,0,0,12,0,0,0,0,0,0,0,0,0,0,0,0,88,0,7,0,0,2,0,3532,0,0,234,0,0,0,0,0,0,171,0,0,0,0,0,9,8,47,0,165,0
"407",0,164,0,1,0,0,11,3,0,0,0,0,0,0,1,0,14,1,0,9,34,190,4,0,4,2403,0,0,3,1,1,0,0,12,0,23,2,6,0,1,1,0,0,0,1,33,0,5,0,0,0,0,0,0,0,0,0,1,0,55,3,0,0,12,0,0,135,0,0,28,11,0,0,0,324,0,1,0,0,122,0,0,15,0,0,1,108,0,0,0,0,1,22,0,0,16,0,0,1,0,3,0,0,0,0,0,0,332,3,4,0,0,0,18,0,11,0,1,148,0,0,0,3,1,109,0,1206,0,302,0,21,53,0,1,0,0,1,1,0,1,8,10,0,0,0,0,13,0,4,0,0,4,0,0,0,3,0,2,0,14,1,0,0,1,0,0,0,0,0,0,17,0,2,0,0,2,0,88,14,3,0,0,0,0,12,0,0,0,0,0,0,30,1,0,0,0,7,0,0,1,0,0,0,4,1,4,7,0,1,1,7,0,0,5,0,1,30,13,101,0,27,16,0,0,2,0,0,0,28,1,56,2,0,35,0,0,4,0,0,10,0,0,0,0,3,0,0,4,0,0,0,4,8,0,3,11,5,0,10,0,4,0,0,3,0,0,0,0,0,2,27,0,104,0,1,2,0,0,1,2027,0,0,225,0,0,0,0,1,18,27,0,0,0,0,15,0,8,0,0,83,0
"408",0,0,0,0,0,0,3,0,0,0,5,0,0,0,0,7,0,0,0,0,0,12,0,10,0,2711,0,0,0,29,28,6,0,0,0,0,5,0,0,0,0,0,0,0,0,0,0,1,0,0,0,0,0,1,14,0,0,0,3,8,0,0,0,0,0,0,0,0,0,0,0,0,0,0,0,0,0,0,1,57,0,0,3,0,0,0,0,0,0,0,449,5,0,0,0,6,0,1,0,0,0,0,0,0,0,0,0,670,0,347,0,0,0,0,0,2,0,3,13,10,0,0,0,0,100,0,0,0,0,0,0,0,0,1,1,0,642,0,0,0,7,0,0,0,0,821,0,0,0,0,0,0,0,0,0,0,20,0,0,0,0,0,0,0,0,0,0,0,0,0,4,1,32,0,0,0,0,3,0,0,0,0,0,2,4,0,0,0,0,0,0,124,0,0,0,0,0,0,0,0,0,0,0,0,321,13,0,0,0,0,0,19,0,4,0,0,96,0,1,0,0,0,0,0,0,0,0,0,0,0,0,0,0,402,0,0,1,0,0,0,0,0,0,0,3,38,0,0,0,0,0,0,0,0,0,91,0,12,0,0,0,0,0,24,0,0,1,0,11,3,0,0,72,0,0,1,0,0,0,2569,0,32,49,0,0,0,0,0,2,59,0,0,0,0,5,2,37,0,0,14,0
"409",0,0,0,0,0,0,0,0,0,0,0,0,0,0,30,1,0,0,0,0,6,29,0,0,0,2864,0,0,89,10,287,194,0,296,0,0,8,72,0,0,0,0,0,0,0,643,0,6,0,0,0,0,0,0,3,0,0,0,0,4,0,0,0,1,0,0,6,0,0,0,0,0,0,0,0,1,0,0,0,0,0,0,0,0,0,9,0,0,0,79,0,28,3,0,32,108,0,0,0,0,0,0,0,13,0,0,12,2,0,0,0,10,0,114,0,0,1,0,41,3,0,0,0,0,1075,0,0,0,0,2,1,0,9,0,0,0,25,0,0,0,0,0,0,1,0,0,4,0,0,0,12,3,0,0,0,0,0,0,25,0,0,1,0,0,0,0,0,0,0,1,0,0,0,0,0,0,0,48,256,0,0,0,0,0,0,0,1,0,1,0,0,54,2,0,0,1,0,0,0,0,0,0,0,3,0,0,0,0,1,0,0,0,0,0,7,0,0,2,0,0,26,21,0,0,0,0,0,0,43,0,0,0,0,441,7,0,0,0,0,2,0,0,90,8,0,0,0,0,0,0,14,0,0,0,10,0,0,0,6,5,0,0,0,0,252,0,4,0,0,2,5,0,206,1,3,0,0,0,0,1372,0,0,0,0,285,0,0,0,2,4,43,0,0,0,29,0,0,0,0,395,0
"410",0,0,0,0,0,0,40,0,0,0,0,0,4,1,36,0,0,0,0,0,0,0,0,0,0,1624,0,0,83,0,1572,0,9,264,0,0,1,215,2,0,0,0,0,78,1,99,0,0,0,0,0,0,0,0,0,0,0,0,0,0,0,0,0,0,0,0,25,0,10,0,0,0,0,0,0,0,0,0,0,0,0,0,6,0,14,35,0,0,0,61,0,13,3,0,0,0,0,0,29,0,0,0,0,0,1,0,0,2,0,0,0,0,0,39,0,0,0,0,108,1,0,0,91,1,637,0,0,0,0,193,198,0,0,0,0,0,4,0,0,0,0,0,0,0,0,0,0,0,0,0,26,0,0,0,0,0,0,0,0,153,0,0,0,0,0,0,0,0,0,0,0,0,1,0,0,0,0,0,126,0,0,0,0,0,0,0,20,0,0,1,0,19,5,0,1,0,0,0,0,0,0,0,0,0,0,0,0,0,0,0,0,0,0,0,0,0,85,0,4,0,19,0,0,0,0,0,0,0,135,0,0,0,0,1033,0,0,0,0,0,0,0,0,598,0,0,0,4,19,0,0,0,0,0,0,0,0,0,0,0,0,0,0,0,0,0,0,0,0,6,53,0,0,370,0,17,0,0,0,0,379,0,0,205,0,0,0,1,0,0,13,0,0,0,0,188,0,12,0,0,849,0
"411",0,0,0,0,0,0,0,51,0,0,0,0,0,155,3,0,0,0,0,3,73,36,0,0,0,2905,0,0,21,0,41,0,0,98,0,0,1,304,0,0,0,0,59,24,0,300,0,0,0,0,0,0,0,0,0,0,0,0,6,144,0,19,0,0,7,0,232,0,0,0,9,0,0,3,0,0,0,0,0,30,0,1,0,0,28,0,0,0,0,3,0,0,0,0,45,2,1,0,2,0,0,0,0,0,0,0,0,800,7,327,0,0,0,40,1,0,0,0,232,0,0,9,0,1,3,0,0,0,0,0,78,16,0,0,0,0,377,0,0,1,2,0,0,0,0,0,30,0,0,3,16,0,4,7,0,0,0,0,95,59,0,0,0,1,0,0,0,0,0,0,2,0,0,0,0,0,0,0,469,0,0,0,0,0,13,0,0,0,0,0,1,22,1,0,0,0,0,1,0,0,0,0,0,87,0,14,0,0,1,0,0,0,0,0,8,0,48,83,1,2,0,0,0,0,0,0,0,0,30,3,38,0,0,21,0,0,0,0,0,0,0,0,0,8,1,0,0,0,0,0,0,0,0,0,0,0,7,0,6,38,0,0,0,1,0,0,0,0,0,30,0,0,1,0,0,0,0,0,0,1688,0,0,229,0,0,7,0,0,4,0,0,0,0,0,1,1,3,0,0,34,0
"412",0,0,0,2,0,0,4,0,0,0,0,0,0,0,13,0,0,0,0,12,5,126,0,0,0,2242,0,18,150,7,0,0,0,0,0,0,10,0,0,1,0,0,0,0,0,174,0,0,0,1,0,0,0,0,0,0,0,0,0,146,0,0,1,0,0,0,481,0,8,0,0,0,0,0,0,0,0,2,0,0,0,0,0,0,0,77,525,0,1,39,1,7,27,0,42,7,0,1,34,0,0,40,0,0,0,0,0,1238,0,0,0,0,0,0,0,10,0,0,0,0,0,0,1,1,25,0,0,0,0,0,0,99,0,1,0,0,163,0,0,0,1037,0,0,0,0,0,0,0,0,1,66,27,0,0,26,9,0,1,0,0,0,0,0,0,45,0,0,0,0,0,0,0,1,0,0,0,0,34,0,0,0,0,0,1,0,0,0,0,0,0,32,25,3,0,0,1,0,0,0,0,0,0,0,497,0,0,0,5,4,17,0,0,0,0,8,0,0,0,99,0,0,0,0,0,0,4,0,139,0,0,84,0,0,670,0,0,0,0,0,0,0,0,0,12,0,0,6,0,0,0,0,0,0,0,0,53,141,0,0,0,0,0,3,5,0,0,0,0,0,6,0,0,698,6,0,0,0,0,2,707,0,19,0,0,7,0,0,1,0,0,0,0,0,0,42,0,0,0,0,137,0
"413",0,0,0,0,0,1,1,79,0,0,1,2,4,125,3,0,0,4,0,0,38,29,0,4,2,1,0,0,76,9,60,0,3,14,0,0,1,261,1,0,0,0,24,55,0,136,0,4,1,0,0,0,0,0,0,0,0,0,0,15,0,81,0,1,0,0,41,0,14,0,7,0,6,84,0,0,0,0,0,226,0,1,379,0,433,44,1,9,0,53,6,37,106,0,0,0,0,0,32,0,0,0,0,0,11,0,189,337,0,505,0,123,0,1,2,0,0,1,12,0,0,0,0,120,12,289,0,0,0,0,62,91,0,1,0,0,263,0,0,0,4,0,0,0,97,0,21,1,0,0,3,0,0,0,0,0,0,0,26,7,0,0,0,0,0,0,1,0,0,5,6,1,0,0,0,0,0,4,69,2,0,0,0,0,13,0,0,0,0,0,0,6,1,0,28,0,20,0,0,0,354,0,0,0,0,6,0,0,1,8,0,0,0,17,9,1,99,15,1,0,1,0,0,0,0,1,71,0,42,0,11,0,0,296,0,0,0,0,0,521,0,1,0,0,0,0,0,0,0,0,964,3,15,0,3,4,2,1,16,8,26,0,0,5,0,0,0,138,10,891,0,3,131,0,0,0,0,0,1,783,1,0,44,9,0,0,0,13,54,29,0,1,0,0,1,0,3,0,0,5,0
"414",0,0,0,2,0,0,0,0,0,0,0,0,3,0,3,0,0,0,0,0,0,24,7,0,0,3485,0,0,8,109,0,541,2,215,0,0,0,0,0,0,0,0,0,0,0,1391,0,0,0,0,0,0,0,0,0,0,0,0,0,0,0,0,0,0,0,9,242,0,0,0,0,0,0,0,0,0,0,0,0,0,0,0,0,0,129,7,0,1,0,0,0,0,5,0,0,0,4,0,0,0,0,20,0,0,1,0,0,0,0,0,0,0,14,0,0,0,0,0,72,0,0,0,0,0,0,0,0,0,0,0,0,20,0,0,0,0,1,0,0,0,18,0,0,0,0,0,44,0,0,0,19,0,0,0,0,0,0,0,0,0,3,0,0,0,0,2,0,0,0,0,0,0,1,28,0,0,0,0,0,0,0,0,0,0,0,0,0,0,0,0,0,81,1,0,0,0,0,0,0,0,0,0,0,0,0,12,0,0,1,1,0,0,0,0,0,22,0,0,63,0,0,0,0,0,0,0,0,0,52,0,26,0,0,531,0,0,0,0,3,3,0,5,0,0,0,0,0,0,0,0,8,1,0,1,5,12,10,0,0,0,4,0,0,0,0,0,0,0,0,44,0,5,408,0,0,0,0,0,0,1570,0,0,603,0,0,37,0,1,68,0,83,0,0,0,26,0,0,0,0,63,0
"415",0,0,0,0,0,0,13,3,0,0,0,1,0,87,1020,0,0,0,0,0,1,1,0,0,0,3284,0,0,3,0,0,0,0,68,0,0,1,1,1,0,0,0,0,42,0,101,0,1,0,0,5,0,0,0,19,0,0,0,0,1,0,39,0,0,0,0,0,0,0,0,39,0,0,0,0,0,0,0,0,7,0,1,0,0,7,0,0,0,0,28,0,5,252,24,0,0,0,0,0,0,0,0,0,0,3,0,1,358,0,3,0,0,0,81,0,0,0,0,22,0,0,11,0,1,1192,0,0,0,0,7,6,55,0,0,0,0,117,0,0,0,0,0,0,0,0,0,0,0,0,0,3,3,0,3,0,0,0,0,0,0,0,0,0,6,0,0,0,0,0,0,1,0,49,0,0,0,0,0,30,0,1,0,0,0,1,0,0,0,0,0,0,22,0,0,0,0,0,0,0,0,0,0,0,1,0,0,0,0,1,0,0,0,0,2,1,0,4,1,1,4,1,12,0,0,0,2,1,0,77,0,25,0,0,115,0,0,4,0,0,0,1,0,0,0,0,0,0,0,0,0,78,1,1,0,1,0,0,0,3,14,1,0,0,1,0,0,0,0,1,397,0,13,718,0,0,0,0,8,1,1541,0,0,1,0,0,0,1,1,0,5,0,0,5,0,10,0,0,75,0,11,0
"416",0,0,0,3,0,0,6,147,0,0,0,0,1,0,5,0,0,16,0,0,0,38,1,12,0,2592,0,0,40,16,0,0,0,3,0,0,1,233,0,0,0,0,0,0,0,14,0,0,0,0,1,0,0,0,0,0,1,2,0,132,0,0,0,4,0,0,28,0,41,79,0,3,0,0,0,0,0,0,0,0,0,0,38,0,0,1,0,0,0,54,0,4,7,0,0,0,0,0,0,0,0,3,0,0,0,0,0,419,0,0,0,0,0,325,0,0,0,0,110,0,0,0,0,1,39,0,0,0,0,0,0,0,0,0,0,0,159,0,0,0,9,0,0,0,0,0,40,0,1,0,9,0,0,0,0,0,0,0,0,0,0,0,0,0,0,1,0,0,0,0,4,0,5,0,0,0,0,0,541,5,0,0,0,0,16,0,0,0,0,0,0,139,0,0,0,1,4,0,0,0,0,0,0,0,0,19,0,0,1,31,56,0,0,0,0,13,0,0,511,0,0,92,0,0,0,0,0,0,37,0,137,0,0,161,0,0,0,0,2,0,0,0,0,0,1,0,0,0,0,0,0,0,35,0,3,4,1,0,7,0,5,0,0,6,1,0,0,0,0,150,0,0,910,0,1,0,0,0,5,2595,0,0,15,0,0,0,0,8,0,0,0,0,0,0,0,0,20,0,0,77,0
"417",0,0,0,0,0,1,0,9,0,0,0,0,0,0,4,0,0,0,0,3,2,4,0,0,0,649,0,0,2,7,1142,378,0,276,0,0,14,0,0,0,0,11,0,15,0,17,0,0,0,0,4,0,0,0,31,0,0,0,0,130,0,0,0,0,0,0,1,0,0,0,0,1,0,0,0,0,0,0,0,0,0,0,62,0,1,5,0,0,0,94,0,0,0,0,0,0,0,0,122,0,0,23,23,7,0,1,0,109,0,0,0,0,0,132,0,0,0,0,2,0,0,0,0,2,151,0,0,0,1,0,4,2,0,0,0,0,1,0,0,0,9,0,0,0,0,0,6,2,0,0,4,10,0,35,1,0,0,0,10,57,2,0,0,0,0,0,0,0,0,0,0,0,0,0,0,0,0,0,0,4,0,0,0,0,2,0,0,0,0,0,0,81,0,0,0,0,0,0,0,0,0,0,0,1,0,0,23,2,0,2,5,0,0,0,2,0,232,5,0,0,0,0,0,0,0,0,127,0,65,0,9,0,3,929,0,0,0,0,0,3,0,0,0,0,4,0,0,0,0,1,0,0,24,0,0,6,0,0,4,1,0,0,0,1,1,3,0,0,0,107,0,1,336,1,0,0,0,0,0,4180,6,0,91,0,0,0,0,0,0,8,0,13,0,0,0,0,0,0,0,125,0
"418",0,0,0,0,0,0,0,20,1,0,0,0,0,108,51,0,0,0,0,0,30,8,7,0,0,277,0,0,148,0,0,0,27,70,0,0,0,65,0,0,0,0,0,24,0,1,0,3,8,0,1,0,0,0,0,6,0,0,0,0,0,22,0,0,0,0,32,0,0,0,0,0,0,12,0,0,0,0,0,1,0,1,75,0,3,6,8,3,0,77,0,143,0,0,0,0,0,0,44,0,0,0,0,0,0,0,117,858,0,38,0,0,6,1,0,0,0,0,7,0,0,0,0,18,38,0,0,0,5,0,4,1,0,0,0,0,390,0,0,0,0,0,0,0,0,0,5,3,0,0,1,0,6,8,14,0,0,0,15,27,0,0,0,0,0,0,0,0,0,0,0,0,77,0,0,0,0,0,8,1,0,0,0,0,0,0,0,0,0,0,0,34,0,0,0,0,0,0,0,0,0,0,0,0,0,22,0,0,0,0,0,0,0,0,0,0,0,38,108,10,49,0,0,0,0,0,0,0,21,0,48,0,0,362,0,0,0,0,0,0,0,0,232,0,0,0,0,0,0,0,64,0,4,2,17,0,1,0,0,0,1,0,0,0,0,0,0,122,280,3345,0,26,298,286,0,0,0,1,0,1496,0,0,75,0,0,0,0,0,0,13,0,0,0,0,146,0,1,30,0,55,0
"419",0,0,0,0,0,0,0,0,0,0,0,0,0,48,95,0,0,0,0,0,1,0,0,19,0,3486,0,0,25,0,44,0,0,9,0,0,17,0,3,0,0,0,0,30,0,0,0,0,1,0,0,0,0,0,0,0,0,0,0,0,0,0,3,0,3,0,10,0,0,0,0,0,0,1,0,0,0,0,0,0,0,0,0,0,0,0,0,0,0,49,0,8,14,0,0,0,0,0,53,0,0,0,0,0,0,0,0,407,0,0,0,0,1,52,0,0,0,0,22,0,0,0,0,1,0,0,0,0,0,0,0,227,0,0,0,0,5,0,0,0,10,0,0,0,0,0,10,0,0,0,8,0,1,3,3,0,0,0,1,0,0,0,0,0,0,0,0,0,0,0,0,0,0,0,0,0,0,5,14,4,0,0,0,0,0,0,0,0,0,0,0,71,0,0,0,0,0,0,0,0,0,0,0,0,0,0,0,0,0,35,0,0,0,0,0,0,0,0,37,0,0,0,0,0,0,0,0,0,8,0,43,0,0,735,0,0,0,0,0,0,0,0,0,0,0,0,0,0,0,0,1,0,0,0,0,0,7,0,0,0,1,0,0,0,0,0,0,0,0,22,0,0,177,0,1,0,0,0,0,3779,0,0,0,0,0,29,0,362,10,0,0,0,0,0,63,0,15,0,0,25,0
"420",0,0,0,0,0,0,3,0,0,0,0,0,0,0,35,0,0,0,0,0,0,0,6,0,0,2466,0,0,22,16,0,0,0,0,0,0,0,0,0,2,0,0,0,647,0,0,0,0,0,0,0,0,0,0,0,0,0,0,0,0,0,0,0,0,0,0,0,0,0,0,0,0,0,0,0,0,0,0,0,0,0,0,107,0,0,0,0,0,0,0,0,0,17,0,0,306,29,0,0,0,0,3,0,0,0,0,0,1129,0,0,0,0,0,0,0,0,0,0,0,3,0,0,3,29,364,0,0,0,0,0,0,0,0,0,0,0,0,7,0,0,0,0,0,0,0,0,0,0,0,0,0,0,0,0,0,0,0,0,0,526,0,0,0,2035,0,0,0,0,0,0,0,0,3,0,0,0,0,0,0,0,0,0,0,0,0,0,0,0,0,0,0,27,0,0,0,17,0,0,0,0,0,0,0,0,3,0,0,0,0,0,0,0,0,0,0,0,129,0,0,0,90,0,0,0,0,0,0,0,0,0,0,0,0,865,0,0,0,0,0,12,0,0,0,0,6,0,0,0,0,0,0,0,0,2,0,6,0,0,0,0,0,0,0,0,0,0,0,0,0,493,0,0,543,0,0,0,0,0,0,75,0,0,0,0,0,0,0,0,0,0,0,0,0,0,71,0,12,0,0,0,0
"421",0,0,0,0,0,0,2,0,0,0,0,0,0,0,11,0,0,0,0,0,17,86,0,0,0,325,0,0,9,19,0,0,0,89,0,0,2,10,33,0,0,0,103,81,0,137,0,0,0,0,0,0,0,0,12,0,0,0,0,0,0,0,0,0,0,0,2146,0,0,0,32,0,0,0,0,0,0,0,1,99,0,0,0,0,0,1,0,0,0,11,0,0,0,0,0,2,0,0,32,0,0,0,0,0,13,1,0,151,0,0,0,0,0,102,0,0,0,0,249,2,0,0,0,46,0,0,0,0,0,0,0,4,0,0,0,0,4,0,0,0,13,0,0,0,0,0,0,0,0,1,0,0,0,0,0,0,0,0,0,222,0,0,0,0,0,0,0,0,0,0,0,0,0,0,0,0,0,197,352,0,0,0,0,0,0,0,0,0,0,0,0,107,0,0,0,0,0,0,0,0,0,0,0,426,0,0,0,0,0,0,0,0,0,0,6,0,344,46,0,0,0,0,0,0,0,0,46,0,101,0,48,0,0,514,0,0,0,0,0,0,0,1,0,0,8,0,0,0,0,0,0,0,0,0,0,0,0,0,0,22,0,0,0,5,0,0,0,0,0,10,0,57,774,20,8,0,0,0,0,1589,0,0,429,0,0,0,0,0,0,33,0,0,0,0,61,0,1,0,0,157,0
"422",0,0,0,0,0,0,1,13,0,0,0,0,0,0,2,0,39,0,0,0,10,79,0,1,0,123,0,0,2,11,384,1,0,100,0,0,31,308,0,0,0,0,0,0,0,82,0,0,0,0,0,0,0,0,0,0,0,0,0,37,0,0,0,0,0,0,83,1,0,123,6,0,0,0,0,0,0,0,0,372,0,0,104,0,0,0,0,0,0,0,71,1,0,0,0,4,0,0,110,0,0,0,0,2,1,0,70,2489,0,0,0,0,0,14,0,0,0,0,120,0,0,0,0,1,642,0,0,0,0,0,0,106,0,0,0,1,6,0,0,0,12,0,0,0,0,16,0,0,0,1,22,0,0,1,0,0,0,0,6,58,0,0,0,0,0,0,1,0,0,0,3,1,0,0,12,0,0,71,120,2,0,0,0,0,0,0,0,0,0,1,0,27,1,0,161,0,0,0,0,0,0,0,0,0,1359,5,0,0,1,1,0,0,0,4,7,0,51,3,0,0,107,3,0,0,0,0,0,0,20,3,116,0,0,35,0,0,3,0,0,0,0,0,0,0,3,0,0,0,0,0,0,7,0,0,0,2,0,0,0,27,0,0,0,2,0,0,0,25,18,96,0,35,65,0,0,0,0,3,22,982,0,0,384,0,0,0,0,0,12,14,0,0,0,0,149,0,66,0,0,154,0
"423",0,0,0,0,0,0,1,30,0,0,0,0,0,95,1211,0,0,0,0,0,0,0,0,0,0,1103,0,0,23,0,211,0,0,0,0,0,16,0,8,0,0,0,0,0,0,0,0,0,0,0,0,0,0,0,0,0,0,3,0,0,0,0,0,0,0,0,50,0,0,0,0,0,0,0,0,0,0,0,0,0,0,0,0,0,0,150,0,0,0,26,0,0,319,0,0,107,0,0,16,0,0,0,0,16,0,0,0,5031,0,0,0,0,0,56,0,0,0,0,16,0,0,0,0,1,196,0,0,0,0,0,0,0,0,0,6,0,41,0,0,0,0,0,0,0,0,0,0,0,0,0,0,0,0,0,2,0,0,0,0,0,0,0,0,0,0,1,0,0,0,0,0,0,14,0,0,0,0,0,0,0,0,0,0,0,0,0,0,3,0,0,0,34,0,0,0,1,0,0,0,0,0,0,0,0,1,0,0,0,0,40,0,0,0,0,0,0,4,0,250,0,0,0,0,0,0,0,0,0,20,0,0,3,0,305,0,0,0,0,0,0,0,0,0,0,0,0,0,0,0,0,0,0,0,0,17,0,0,0,4,0,0,0,0,0,0,0,0,0,0,0,26,0,0,0,0,0,0,0,1,31,0,0,234,0,0,0,0,0,0,0,0,0,0,0,1,0,0,0,0,11,0
"424",0,0,0,1,0,0,0,0,0,0,0,0,1,250,6,1,0,0,0,0,0,53,0,4,0,2996,0,0,6,0,137,0,0,68,0,0,27,0,0,0,0,0,0,0,0,0,0,0,0,0,0,0,0,0,0,0,0,1,0,49,0,0,0,0,0,0,28,0,0,0,0,0,0,0,0,0,0,0,0,14,0,0,0,0,0,1,134,0,0,0,0,11,8,0,0,0,0,0,26,0,0,17,0,0,0,0,0,57,0,0,0,0,0,0,0,1,0,1,367,0,4,0,54,10,380,0,0,0,0,0,0,0,0,1,0,0,1096,0,0,0,1,0,0,3,0,0,0,0,0,0,0,0,0,1,1,0,0,0,0,37,0,0,0,0,0,0,1,0,0,0,0,0,0,0,0,0,0,7,0,0,0,0,0,0,0,0,1,0,0,0,0,46,3,0,0,0,0,0,0,0,0,0,0,0,1214,1,0,0,0,0,0,0,0,0,0,0,115,0,52,0,0,0,0,0,0,0,0,0,0,0,0,0,0,573,0,0,0,0,0,0,0,0,0,0,3,0,0,1,0,0,0,0,0,0,1,7,1,0,0,0,1,0,0,4,0,0,0,0,0,6,0,0,256,0,0,0,28,0,3,1105,0,30,146,1,0,0,0,0,41,0,0,0,0,0,96,0,1,0,0,235,0
"425",0,0,0,0,0,0,1,4,0,0,0,0,0,0,98,0,34,0,0,5,12,20,0,0,1,4336,1,0,106,0,0,14,13,0,0,0,0,0,0,0,0,0,0,33,0,0,0,1,0,0,0,0,0,0,53,0,0,0,0,59,0,3,0,0,0,1,229,0,0,0,52,0,0,6,5,0,0,0,0,15,2,1,205,0,0,134,0,0,0,16,1,0,0,0,26,0,0,0,8,0,9,0,2,0,0,1,78,0,4,1,2,0,0,30,0,0,1,1,170,3,0,0,4,3,86,6,0,0,3,1,0,0,0,0,0,0,23,0,0,4,125,0,0,1,0,0,33,4,0,0,0,12,0,0,1,0,0,0,0,30,0,0,8,18,0,1,0,0,0,0,3,0,20,0,0,0,0,0,4,3,3,0,0,0,5,0,0,0,16,0,0,80,0,0,9,0,0,0,0,0,8,0,0,0,0,134,1,3,0,0,0,0,1,5,0,3,164,37,0,8,0,0,0,1,0,2,6,0,64,0,24,12,0,368,0,0,1,0,0,41,0,23,185,1,0,0,0,0,0,0,0,0,0,0,8,256,82,0,0,12,3,15,0,6,0,0,14,57,0,913,0,0,0,0,1,0,0,3,0,1143,1,0,77,0,0,0,0,0,0,12,6,6,0,0,27,0,0,22,0,187,0
"426",0,0,0,0,0,0,70,2,0,0,0,0,0,0,15,0,0,0,0,0,2,34,0,0,0,833,0,0,1,0,1,0,0,0,0,0,5,1,0,0,0,0,0,1,0,0,0,0,0,0,0,0,0,0,0,0,0,0,0,29,0,0,0,23,0,0,16,0,0,0,0,0,0,3,0,0,0,0,0,13,0,0,0,0,0,0,0,0,0,5,0,1,55,0,0,0,0,0,1,0,0,0,0,0,0,0,0,451,0,59,0,0,0,3,0,0,0,0,12,1,0,0,0,1,12,0,0,0,0,0,8,4,0,0,1,0,9,0,0,0,0,0,0,0,3,0,14,1,0,0,1,0,6,16,0,0,0,0,0,5,0,0,0,0,0,0,0,0,0,0,0,0,3195,0,0,0,0,0,6,0,0,0,0,0,0,0,0,0,0,0,0,24,0,0,0,0,0,0,0,0,0,0,0,0,0,0,0,0,2,0,0,0,0,0,3,0,0,0,0,0,3,23,0,0,0,0,0,0,3,0,4,0,0,447,0,0,0,0,0,0,0,0,78,0,0,79,0,0,0,0,0,0,0,0,0,0,0,0,1,0,0,0,11,0,0,0,0,0,49,91,0,0,56,0,0,0,0,0,0,3328,0,0,3,0,0,0,0,0,2,64,0,0,0,0,18,0,18,0,0,38,0
"427",0,0,0,0,0,0,1,0,0,0,0,0,0,0,0,9,0,0,0,0,5,1,0,33,0,3427,0,0,28,138,85,0,0,0,0,0,519,165,0,0,0,0,0,0,0,6,0,0,0,0,0,0,0,0,0,1,0,0,0,6,4,0,0,0,0,0,6,0,0,18,0,0,0,0,0,0,0,0,10,10,0,0,19,0,0,23,113,0,0,13,1,13,0,0,0,4,0,0,6,0,0,0,0,0,0,0,0,823,0,43,0,0,0,33,0,12,0,0,403,0,0,0,0,1,387,0,0,0,0,0,0,3,0,10,7,0,905,3,3,0,9,0,0,0,0,0,4,2,3,0,6,0,86,1,0,0,0,0,0,17,0,0,0,2,0,0,0,0,0,0,3,0,0,0,0,0,0,1,54,2,0,0,0,0,4,0,0,0,0,0,0,41,7,0,0,0,0,0,0,0,0,0,0,1,2,188,2,0,0,0,0,0,0,4,12,0,3,5,0,0,0,1,0,0,0,0,0,0,0,0,0,0,0,646,0,0,3,4,0,0,0,0,0,0,0,95,29,0,0,0,0,6,2,0,9,27,7,0,7,0,2,0,0,17,0,0,0,0,0,657,66,0,52,0,0,0,16,0,17,275,1,0,0,0,0,0,0,0,3,5,0,0,0,0,1,0,27,0,0,168,0
"428",0,0,1,0,0,0,1,19,1,0,0,0,0,0,0,0,41,0,0,0,0,19,0,73,0,3302,2,0,261,25,39,0,0,3,0,0,10,190,0,0,0,0,0,27,0,0,0,0,0,0,0,0,0,0,0,0,0,0,0,0,1,0,0,0,0,0,602,0,0,0,0,0,0,11,0,0,0,0,0,0,0,0,165,0,0,7,610,0,0,1,1,99,0,0,0,0,0,0,14,0,0,0,0,0,0,1,0,1113,0,0,0,0,0,0,0,0,0,0,138,0,0,0,0,1,38,0,0,0,0,0,11,80,0,0,0,0,399,0,0,0,57,0,0,0,0,0,91,17,0,4,21,0,0,177,1,0,0,0,0,53,0,0,0,4,0,0,0,0,0,0,4,0,0,0,8,0,0,0,74,1,0,0,0,0,3,0,0,0,0,0,0,110,5,7,104,0,0,6,0,0,0,0,0,36,0,226,8,0,0,18,0,0,0,0,7,0,0,0,0,0,0,85,0,0,0,0,0,0,0,27,117,0,0,620,0,0,0,0,0,10,0,0,0,0,0,21,0,0,0,0,0,0,0,0,0,252,23,0,10,0,0,0,0,42,0,0,0,0,0,14,0,0,319,0,0,0,1,0,2,24,0,0,86,0,0,0,0,0,103,11,0,0,2,0,7,0,30,0,0,32,0
"429",0,0,0,0,0,0,8,1,0,0,0,0,0,3,12,0,0,0,0,0,0,15,0,0,0,4357,0,0,166,9,265,0,0,100,0,0,27,484,0,0,0,0,0,0,0,91,2,0,0,0,0,0,0,0,0,0,0,0,0,108,5,0,0,7,0,0,79,1,0,74,7,1,23,1,0,206,0,0,0,15,2,0,0,0,1,0,0,0,0,47,1,116,0,0,8,0,0,0,46,0,0,0,0,0,0,0,135,187,0,0,0,0,0,54,0,0,0,0,0,0,0,0,0,0,0,42,0,0,3,0,1,46,0,0,0,0,35,0,0,0,8,0,0,0,137,0,65,13,0,0,0,4,0,0,1,0,0,0,0,0,0,0,0,8,0,0,0,0,0,0,3,0,0,0,0,0,0,3,0,3,0,0,0,0,0,1,3,427,0,0,0,191,8,0,0,0,1,0,0,0,0,0,0,0,0,78,12,0,0,24,0,0,0,1,5,0,93,8,0,0,0,59,0,0,0,0,49,0,8,0,110,0,0,892,0,1,0,3,0,0,0,0,0,0,0,0,0,0,0,0,0,4,27,1,9,6,0,0,5,16,0,0,0,14,0,0,0,57,23,267,6,8,213,0,0,0,0,0,0,0,0,0,125,0,0,0,0,0,0,7,0,1,0,0,22,0,18,0,1,251,22
"430",0,0,0,0,0,0,1,0,902,0,0,0,0,0,10,0,0,0,0,0,0,33,0,0,0,1792,0,0,0,0,119,0,0,170,0,0,50,126,8,0,0,0,0,86,0,8,0,0,0,0,0,0,0,0,0,0,0,0,0,0,0,0,0,0,0,0,34,0,0,0,0,0,0,0,0,0,0,0,0,0,0,0,0,0,0,0,0,0,0,133,0,0,0,7,0,0,0,0,67,0,0,0,0,0,3,3,17,698,0,0,0,0,0,5,0,0,0,0,469,0,0,0,0,3,0,0,0,0,0,0,155,107,0,0,0,0,5,0,0,0,0,0,0,0,0,0,0,0,0,0,14,0,0,0,1,0,0,0,0,61,0,0,0,1,0,0,1,0,0,0,0,0,0,0,0,0,0,316,136,0,0,0,0,0,0,0,0,0,0,0,0,38,0,0,148,0,0,0,0,0,0,0,0,0,0,0,0,0,1,5,0,0,0,0,0,0,0,20,0,7,0,68,0,97,0,0,0,0,37,0,126,0,0,247,0,0,0,0,0,14,0,0,35,0,0,0,0,0,0,0,0,0,0,0,5,0,0,0,0,7,0,0,1,4,0,0,0,0,0,0,0,0,1185,0,0,0,0,1,0,1803,0,0,511,0,0,0,0,0,0,60,0,1,0,0,153,0,5,44,2,153,0
"431",0,99,0,0,0,0,1,0,0,0,1,0,0,9,3,0,0,0,0,4,64,21,0,0,0,1,0,0,19,0,0,0,2,32,0,0,19,626,1,0,0,0,0,91,0,1,0,13,14,0,0,0,0,1,50,0,0,0,0,110,3,35,0,0,0,5,25,0,16,0,18,0,40,40,1355,0,0,0,0,20,0,3,74,0,313,6,0,4,0,42,1,39,0,0,0,0,0,0,10,0,0,0,2,15,25,0,128,432,0,20,20,6,0,35,0,0,9,0,82,0,0,0,0,3,0,0,50,0,25,164,149,10,29,0,0,0,25,0,0,0,5,0,0,0,0,0,67,22,0,0,15,18,0,0,1,0,0,0,0,245,0,1,0,1,0,0,1,0,5,1,5,0,0,0,0,0,7,234,0,3,0,3,0,0,0,0,0,2,76,1,0,83,0,0,21,0,4,56,1,0,0,0,0,1,0,19,0,0,4,0,0,0,0,0,5,0,0,25,703,0,0,83,0,0,0,0,33,0,44,11,107,1,2,256,0,9,0,0,3,3,0,0,21,0,0,26,0,0,0,0,0,10,27,0,118,0,0,0,21,15,3,0,0,3,0,0,0,0,92,558,0,0,90,0,0,0,0,0,8,1728,0,0,382,0,0,0,0,0,174,7,259,0,13,0,78,0,1,0,0,93,0
"432",0,0,0,0,0,0,21,0,0,0,0,0,0,0,908,0,0,0,0,0,0,21,2,4,0,2249,0,0,546,9,231,0,0,169,0,0,102,0,0,1,0,0,0,0,0,0,0,0,3,0,0,0,0,0,0,0,5,0,0,0,0,0,0,0,0,0,0,0,0,304,14,0,0,0,0,0,0,0,0,0,0,0,0,0,0,0,292,0,0,12,0,38,1070,0,0,0,0,0,35,2,0,0,0,0,0,0,0,64,0,0,0,0,0,1,0,0,0,0,44,0,0,0,0,0,42,0,0,0,0,0,0,0,0,4,0,0,34,3,0,0,0,0,0,0,0,0,0,0,0,1,0,0,0,0,0,0,0,0,0,48,0,0,0,0,0,0,0,0,0,0,11,0,0,0,0,0,0,107,221,0,0,0,0,0,0,0,0,0,0,0,0,4,0,0,0,0,0,0,0,0,0,0,0,0,0,0,0,0,1,0,0,0,0,0,25,0,0,0,6,0,0,0,0,0,0,52,0,0,68,0,0,0,0,217,0,0,0,0,0,0,0,0,0,0,0,1,17,0,0,0,0,3,0,0,0,0,0,0,16,16,0,0,0,0,0,0,0,0,0,2090,0,0,2,0,0,0,0,0,42,1,0,0,512,0,0,0,0,0,0,0,0,0,0,0,0,0,1,0,0,198,0
"433",0,0,0,0,0,0,3,37,0,7,0,0,1,241,121,0,0,0,0,2,0,0,0,0,0,7,0,0,132,126,0,0,0,36,0,0,48,419,0,1,3,0,0,0,0,213,0,0,0,0,0,0,0,0,92,0,0,0,0,0,6,5,0,0,0,18,23,0,0,0,0,0,0,0,0,0,0,0,0,59,0,0,0,0,111,4,0,3,0,42,1,20,164,0,0,0,0,0,4,0,0,19,0,0,5,0,0,2178,0,94,0,0,0,134,0,0,0,0,413,0,0,0,0,1,69,0,0,0,0,0,57,6,87,0,0,0,4,0,0,0,8,0,0,0,0,0,0,16,0,0,0,0,0,27,1,0,0,4,0,0,0,0,0,4,0,0,0,0,0,0,0,0,11,0,0,0,0,3,0,0,0,0,0,0,34,0,0,0,0,0,0,405,0,0,0,0,10,7,0,0,0,0,0,0,0,18,0,0,1,0,0,0,0,11,0,0,0,0,706,34,0,70,0,0,0,0,0,0,8,0,150,0,0,114,0,0,0,0,2,6,0,0,162,0,0,0,0,0,0,0,1,6,0,0,6,15,6,0,15,9,0,8,3,1,0,0,0,0,442,110,100,0,435,0,0,0,10,0,0,1488,0,0,527,0,0,1,0,0,7,78,0,0,0,0,10,0,58,0,0,65,0
"434",0,0,0,0,0,0,0,68,0,0,10,0,0,223,60,0,0,0,0,0,48,19,0,0,0,274,0,0,43,0,415,0,0,76,0,15,233,285,0,0,0,0,0,29,0,322,28,5,0,0,19,0,0,0,54,0,0,0,0,63,0,32,0,3,0,6,4,0,0,40,73,1,0,111,0,0,0,0,0,52,0,2,49,1,0,0,0,0,1,231,0,33,0,0,7,0,0,0,20,0,0,0,0,0,0,0,1,589,73,22,0,23,0,82,0,0,0,1,117,0,0,0,0,1,231,0,158,0,30,0,13,105,43,0,0,0,11,0,0,0,1,0,0,0,76,0,12,0,0,0,12,0,0,5,0,0,0,0,0,34,0,0,0,1,0,0,0,0,0,0,1,0,1,0,0,0,0,82,378,0,0,1,0,0,36,0,0,0,0,0,1,117,0,0,98,0,0,0,0,0,138,0,0,155,0,4,8,0,4,31,0,0,5,6,0,11,20,16,0,7,86,38,0,0,0,0,121,0,40,19,240,3,0,125,0,0,0,0,1,0,1,0,0,0,0,0,0,0,0,0,778,0,9,0,20,1,0,0,0,0,3,0,1,1,0,0,0,0,0,3,0,65,71,0,64,0,0,1,9,2562,0,0,391,0,0,0,0,1,15,16,0,0,0,0,61,0,0,0,0,109,0
"435",0,0,0,0,0,0,0,0,0,0,0,0,0,0,0,0,0,0,0,0,10,0,0,0,0,5134,0,0,0,0,0,0,0,73,0,0,6,72,0,0,0,0,0,28,0,21,0,0,21,0,0,0,0,0,36,0,0,0,0,0,0,0,0,0,0,0,330,0,0,0,0,0,0,0,0,0,0,0,0,0,0,0,187,0,0,0,0,0,0,23,0,92,5,0,0,0,0,0,0,0,0,0,0,0,0,0,0,745,0,0,0,0,0,0,0,0,0,0,84,0,0,0,0,85,61,0,0,0,0,0,1,146,0,0,0,0,11,0,0,0,103,0,0,0,0,0,0,0,0,0,10,0,36,0,0,0,0,3,0,82,0,0,0,0,0,0,0,0,0,0,0,0,0,0,0,0,0,0,0,0,0,0,0,0,0,0,0,0,0,0,0,26,0,0,0,0,0,0,0,0,0,0,0,0,0,0,0,0,0,0,0,0,0,0,0,0,114,0,164,0,0,0,0,0,0,0,0,0,5,0,268,0,0,0,0,0,0,0,0,0,0,0,0,0,0,0,2,0,0,0,21,0,0,0,0,0,0,0,0,0,0,52,0,0,0,0,1,0,0,361,7,0,0,0,0,0,0,0,13,1415,0,0,116,0,0,0,0,0,0,0,0,0,0,0,69,0,0,0,2,76,0
"436",0,0,0,0,0,0,0,60,0,0,0,0,0,0,21,0,0,0,0,15,49,11,0,3,0,1,0,0,6,0,341,13,0,34,0,0,27,330,0,0,0,0,0,30,0,110,0,0,0,0,0,4,0,4,83,0,0,0,1,32,0,53,0,0,0,0,10,0,0,1,3,0,1,0,0,0,0,0,45,414,0,0,131,1,0,0,0,0,0,47,0,2,0,0,24,1,0,0,86,0,0,11,0,0,0,2,198,79,0,221,0,0,0,63,5,0,0,0,27,0,0,0,0,1,0,0,0,4,0,0,45,609,0,0,0,0,14,3,0,0,13,0,0,0,103,0,22,0,0,13,3,0,0,2,0,0,0,0,2,1,0,0,0,3228,0,0,0,0,0,0,4,0,0,0,0,10,0,0,2,0,0,0,0,0,14,0,0,10,0,0,0,55,7,1,0,0,33,0,0,0,0,0,1389,3,0,38,6,0,0,113,10,0,18,0,4,0,84,0,0,0,0,23,0,0,0,0,0,0,35,9,149,0,0,120,0,0,0,1,0,0,2,0,0,13,0,3,0,0,0,0,0,6,0,0,0,0,0,0,9,4,3,0,0,13,0,0,0,13,0,137,0,24,4,0,1,1,0,0,9,405,0,0,39,0,0,11,0,0,42,24,0,0,0,2,51,0,3,0,0,7,0
"437",0,0,0,0,0,0,0,0,0,0,0,0,0,0,950,0,0,0,0,0,0,0,9,20,0,0,0,0,60,0,0,0,0,217,0,0,5,0,0,0,0,0,0,0,0,68,0,0,2,0,0,6,0,0,0,0,0,0,0,0,0,0,0,0,0,0,0,0,0,0,0,0,0,0,0,0,0,0,0,0,0,0,0,0,0,0,0,0,0,0,0,0,0,0,0,78,0,0,57,0,0,806,0,0,0,0,0,1480,0,66,0,0,1,0,0,0,0,1,0,0,0,0,59,0,0,0,0,0,0,0,0,0,0,0,0,4,0,0,0,0,25,0,0,0,0,137,0,0,0,0,0,0,0,0,0,0,0,0,0,4,0,0,0,0,0,0,0,74,0,0,0,116,422,0,0,0,0,0,0,0,0,1,0,0,0,0,0,0,0,0,0,0,3,0,0,0,0,0,0,0,0,0,0,0,843,0,0,0,11,27,0,0,0,0,0,0,0,0,19,0,0,0,0,0,0,0,0,0,11,0,0,0,0,334,0,0,0,0,0,0,0,0,0,0,3,0,0,0,0,0,0,0,0,0,0,0,0,0,0,0,0,0,0,0,0,0,0,0,5,2628,0,0,224,0,62,0,0,0,0,26,0,0,416,0,0,0,1,0,0,0,0,0,0,0,1,0,0,0,0,0,0
"438",0,3,0,0,6,1,1,0,0,0,0,0,0,0,29,0,0,1,1,0,2,8,0,0,0,254,0,0,22,0,37,0,0,169,0,0,0,203,0,0,0,0,0,7,0,427,0,0,0,0,0,0,0,0,0,0,0,0,0,0,1,0,0,17,0,0,33,0,39,21,0,0,0,0,0,125,0,0,0,34,1,1,229,0,0,12,26,0,0,97,0,13,0,0,0,0,0,0,311,0,0,34,1,0,0,0,0,4285,0,429,0,26,0,17,0,1,0,0,10,0,0,0,0,1,351,0,0,0,1,0,0,12,0,0,0,0,5,0,1,0,12,0,0,1,0,0,15,0,0,0,3,2,0,0,0,0,0,0,0,0,0,0,0,0,0,0,0,0,0,1,1,0,21,0,0,0,0,18,24,1,0,0,0,0,7,0,0,0,0,0,0,65,4,0,0,0,0,1,0,0,0,0,0,1,0,61,1,0,3,13,0,0,0,0,9,0,46,1,176,3,67,1,0,0,0,0,0,0,0,0,4,0,0,188,0,0,1,1,0,7,0,0,0,0,2,0,0,1,0,0,0,0,6,0,0,37,0,0,0,0,0,0,0,2,3,0,0,0,0,52,1,0,36,0,0,0,0,0,1,1749,0,0,136,0,0,0,0,7,0,9,0,0,0,0,0,0,13,0,0,18,2
"439",0,0,0,1,0,0,0,0,0,0,0,0,1,0,24,0,0,0,0,0,0,0,0,157,0,1832,0,0,238,6,250,0,0,317,0,0,17,1091,0,0,0,0,0,144,0,0,0,0,0,0,6,0,0,0,0,0,0,0,0,0,0,0,0,0,0,0,0,0,0,0,0,0,0,0,0,258,0,0,0,0,0,0,578,0,0,8,0,0,0,0,0,0,10,0,0,30,0,0,0,0,0,0,0,0,0,0,0,0,0,0,0,0,0,0,8,0,0,0,64,0,0,0,0,0,1087,0,0,0,0,0,449,183,0,0,0,9,422,0,0,0,15,0,0,0,0,0,0,0,0,16,0,83,0,0,0,0,0,0,0,205,7,0,0,0,0,0,0,0,2,0,0,0,107,0,0,0,0,172,0,0,0,0,0,0,0,0,0,0,0,0,0,0,0,0,0,0,0,0,1,0,0,0,0,0,0,0,0,0,4,88,0,0,0,4,0,0,0,0,3,0,0,0,0,0,0,0,0,0,88,0,0,0,0,0,35,0,0,0,0,0,0,0,0,0,0,0,0,0,0,0,1,0,0,0,0,0,0,0,0,50,0,0,0,0,3,0,1,0,0,20,0,0,158,3,0,4,0,0,0,0,0,0,1385,0,0,47,0,0,0,0,0,0,0,0,0,14,0,0,0,0,0
"440",0,0,0,0,45,0,0,0,0,4,3,0,0,0,50,0,0,0,0,0,15,146,1,0,0,539,0,7,84,1,5,0,0,40,0,0,8,45,5,0,0,0,0,0,0,12,87,0,0,0,0,0,0,0,26,0,0,0,0,2,0,0,0,0,0,0,146,0,0,0,11,0,0,0,0,0,0,0,0,21,0,0,212,0,20,0,103,0,0,95,0,9,3,0,10,0,0,0,56,0,0,0,0,0,1,0,0,440,1,0,0,0,0,129,0,28,0,0,78,0,0,0,0,1,13,270,0,0,7,0,5,193,2,0,0,0,52,0,0,0,36,0,0,0,0,0,26,3,0,0,52,14,0,0,5,0,0,0,0,31,0,0,0,819,0,0,0,0,0,0,3,0,0,0,0,0,0,0,4,0,0,0,0,0,7,0,0,58,0,5,0,47,0,0,0,0,0,1,0,0,0,0,0,1110,0,90,0,0,0,0,0,0,0,3,0,0,25,15,129,0,0,27,0,0,0,0,89,0,14,5,262,7,0,2354,0,0,0,0,0,0,3,0,0,0,0,0,0,0,0,0,0,6,14,0,34,0,0,0,2,44,2,0,0,1,0,0,0,0,0,66,2,31,650,0,0,0,0,0,4,121,0,0,144,0,0,0,0,0,11,14,0,0,1,0,20,0,34,36,0,60,0
"441",0,0,0,0,0,0,0,20,0,0,0,2,0,0,71,0,0,0,0,0,52,29,0,0,0,3326,0,0,3,13,0,213,0,24,0,0,18,89,0,0,0,0,0,0,0,6,0,0,0,0,0,0,0,3,38,0,0,0,2,368,0,0,0,0,0,1,279,0,0,41,157,0,0,6,0,0,0,0,0,122,0,0,0,0,0,3,0,0,0,40,0,18,2,0,0,28,0,0,39,0,0,6,0,0,0,0,168,131,0,276,0,0,0,0,0,1,0,4,48,0,0,0,0,3,3,47,0,0,0,0,1,4,0,0,0,0,97,0,0,0,19,0,0,0,0,0,28,0,0,0,4,0,0,26,62,0,0,0,0,30,0,0,0,352,0,0,0,0,0,0,0,102,0,0,0,0,0,0,0,2,0,0,0,4,7,0,0,155,0,0,2,153,1,0,0,0,0,0,0,0,27,0,0,0,0,152,13,0,1,0,1,0,0,0,6,0,128,0,41,0,0,0,0,0,0,0,2,0,140,0,72,0,0,39,0,0,0,0,0,17,1,0,0,13,1,53,0,0,0,0,144,0,0,0,35,199,6,0,17,12,35,0,0,11,0,0,14,0,11,88,0,42,61,0,0,0,0,0,0,1322,0,0,51,0,0,26,0,17,53,0,0,0,0,0,11,3,7,0,0,13,0
"442",0,0,0,0,0,0,0,119,0,0,0,7,0,0,0,0,0,0,0,0,238,0,0,0,3,0,2,0,0,40,157,40,0,209,0,0,0,354,0,0,0,0,0,91,0,139,0,0,0,0,0,0,0,0,0,0,0,0,0,57,0,67,0,0,0,0,6,0,0,0,0,0,0,137,0,0,0,0,0,196,0,0,0,0,582,0,0,0,0,139,22,8,298,0,0,0,0,0,73,0,14,1,0,0,3,0,0,100,0,0,0,0,0,26,0,0,0,0,59,0,0,0,2,3,467,0,0,0,0,0,151,62,0,0,0,0,3,0,0,0,0,0,0,0,0,0,0,0,0,0,14,106,0,0,0,0,0,0,107,0,0,0,0,0,0,0,0,0,0,0,0,9,87,0,0,0,0,0,1,0,6,0,0,0,47,0,0,0,0,0,0,268,0,0,0,0,0,0,0,0,4,0,0,0,0,0,0,0,1,0,0,0,18,10,25,0,37,0,219,12,0,23,0,0,0,14,0,0,107,0,319,0,0,47,0,0,0,0,0,0,0,0,0,0,0,0,0,0,0,0,245,0,0,1,0,5,0,0,91,0,0,4,0,1,0,0,0,0,0,3,99,163,404,0,0,0,1,0,2,3147,0,0,555,0,0,0,3,0,0,0,0,0,0,0,0,0,0,22,1,113,0
"443",0,0,0,0,0,0,0,0,0,0,0,0,0,2,3,0,0,0,0,0,0,0,0,11,0,3016,0,0,7,6,100,0,0,0,0,0,2,18,0,0,1,0,0,0,0,26,5,0,0,1,0,0,0,0,0,0,0,0,0,349,0,33,3,0,0,0,250,1,0,0,0,0,0,0,0,829,0,0,0,140,0,0,0,0,5,0,0,3,0,36,1,4,16,0,0,2,0,1,2,0,0,0,0,0,1,0,6,1643,0,0,0,0,0,47,0,0,0,1,202,0,0,0,7,2,42,0,0,0,0,0,0,16,0,4,0,0,37,0,0,0,463,0,0,0,0,0,0,0,0,0,50,6,0,0,0,0,0,0,0,0,0,0,0,1,0,0,0,0,0,0,0,1,1,0,0,0,0,4,227,0,0,0,0,0,0,0,0,0,0,3,0,25,4,0,0,2,175,0,0,0,0,0,0,0,107,207,2,0,1,7,0,0,0,3,0,0,13,0,121,5,0,0,0,0,0,1,0,0,0,0,217,0,0,387,0,0,0,0,0,0,0,0,0,0,0,0,0,1,0,0,62,0,2,0,0,6,58,0,0,0,0,0,0,0,0,0,0,20,1,341,2,13,54,3,15,0,0,0,0,129,0,2,41,0,0,0,0,1,0,0,0,0,0,0,5,0,0,0,0,38,0
"444",0,1,0,0,0,0,18,0,0,1,0,0,0,53,5,0,0,0,0,0,17,37,0,1,0,2149,0,0,1,8,160,0,0,69,0,0,1,25,0,0,0,0,0,0,0,174,0,0,0,0,14,0,1,0,0,0,0,0,0,8,0,1,0,1,0,0,30,0,0,8,6,0,0,1,0,0,1,0,0,37,0,0,2,0,1,1,2,0,0,26,0,0,0,0,0,0,0,0,0,0,0,0,0,0,1,0,10,24,0,0,0,0,0,28,0,0,0,0,5,0,0,0,0,0,18,0,5,0,3,0,0,4,0,1,0,0,1,0,0,0,4,0,0,0,0,0,1,0,0,0,3,0,0,1,0,0,0,0,0,1,0,0,0,1,0,0,0,0,0,16,10,0,2938,0,0,0,0,1,41,0,0,1,3,0,5,0,0,0,0,0,0,92,0,0,0,0,0,0,0,0,0,0,0,0,0,13,0,0,1,1,0,0,0,11,1,0,10,14,5,3,0,14,0,0,0,0,0,0,23,0,9,8,0,86,0,0,0,0,0,0,0,0,0,0,1,0,0,0,0,0,0,1,19,0,1,0,12,0,3,0,0,0,0,1,1,0,0,0,0,12,0,4,698,0,0,0,0,1,1,2034,0,0,64,0,0,1,0,0,1,0,0,0,0,0,1,0,1,0,0,64,0
"445",0,0,0,0,0,0,0,3,0,0,0,0,0,3,0,1,0,1,0,4,7,0,0,0,13,2264,0,0,14,6,561,34,0,173,0,0,3,46,1,0,0,0,0,0,0,11,0,0,0,0,0,0,0,0,20,0,0,0,0,44,0,0,0,0,0,0,180,0,0,0,0,0,0,7,0,0,0,0,0,63,0,0,17,0,0,0,0,0,0,47,0,16,0,0,39,99,0,1,56,0,0,0,0,0,0,0,0,151,13,16,0,0,0,64,0,10,0,0,87,0,0,0,0,1,283,0,0,0,0,0,3,13,0,1,0,0,582,0,0,0,1202,0,0,0,0,0,0,0,0,67,14,4,0,4,0,0,0,0,0,74,0,0,0,0,0,0,1,0,0,0,6,0,0,0,0,0,0,0,85,0,0,0,0,0,1,0,0,13,0,0,0,27,0,0,0,0,0,0,0,0,1,0,0,0,0,30,0,0,5,3,0,0,0,3,3,0,93,0,450,0,0,0,0,0,0,0,0,375,146,1,120,1,0,0,8,0,0,0,0,0,0,0,0,0,0,0,0,0,0,0,0,1,0,0,0,4,5,0,7,5,0,0,0,4,0,0,0,8,0,0,1,47,55,10,0,0,0,0,0,1413,0,1,201,0,10,0,0,0,11,0,0,0,0,0,383,0,250,0,0,117,0
"446",0,0,0,1,22,0,1,0,0,0,0,0,0,0,1,0,45,0,0,0,0,51,0,0,0,1933,0,1,6,13,0,0,0,15,0,0,0,0,0,0,0,0,0,0,0,0,0,5,0,0,0,0,0,0,0,0,0,0,0,108,1,0,0,0,0,1,20,0,0,0,0,0,0,0,1,0,0,0,0,95,0,0,278,0,0,1,0,0,0,0,0,0,5,0,0,0,21,0,0,0,0,1,0,0,0,0,0,1019,0,0,0,0,0,0,0,0,0,0,135,0,0,0,4,1,41,0,3,0,0,0,0,0,0,0,0,0,0,0,0,0,8,0,0,0,0,0,10,0,0,1,0,0,1,0,0,0,0,0,0,5,0,0,0,0,2,0,0,0,0,0,6,0,29,0,41,0,0,0,0,0,0,0,0,0,56,0,0,0,0,0,5,0,0,7,0,0,0,0,1,232,0,0,0,51,0,9,0,0,1,6,0,0,0,0,0,0,113,0,138,0,27,0,0,0,0,0,0,0,0,0,0,1,0,383,14,0,0,0,1,0,1,0,0,0,3,17,0,0,0,0,0,0,0,0,0,7,1,0,0,0,1,0,0,4,3,0,0,0,0,1,0,0,64,0,0,3,1042,1,0,4005,0,0,84,0,0,0,0,0,0,54,0,0,0,0,0,0,33,0,0,77,0
"447",0,1,0,0,0,0,0,0,0,0,0,0,0,0,3,0,48,4,0,0,0,48,0,0,0,1085,0,0,0,62,340,0,0,184,0,0,0,119,0,1,0,0,0,0,0,246,0,3,0,0,1,0,0,0,0,1,0,0,0,67,0,0,0,1,0,0,126,0,0,92,0,1,0,0,0,0,0,0,1,58,0,0,279,0,0,3,6,0,0,69,0,1,0,0,0,0,0,0,0,0,0,0,0,0,0,0,0,3218,0,28,0,0,0,13,0,0,0,0,198,0,0,0,0,0,132,0,0,0,0,0,54,0,0,0,0,0,1,0,0,0,45,0,0,0,0,374,15,0,0,0,0,0,0,0,0,0,0,0,0,63,0,0,0,508,0,0,0,0,0,0,13,0,0,1,0,0,0,158,155,0,0,0,0,0,24,0,0,0,0,1,0,41,0,0,0,0,0,0,0,288,0,0,0,31,314,90,0,0,1,0,0,0,0,0,22,1,0,32,60,0,0,0,0,0,0,0,0,0,0,10,96,0,0,116,0,0,0,0,0,0,0,0,0,0,9,33,0,0,0,0,0,5,15,0,10,15,0,0,18,3,12,0,0,4,0,0,0,0,0,98,0,26,147,6,0,0,0,0,11,375,0,0,312,0,0,0,0,0,156,49,0,0,0,0,0,0,1,0,0,134,0
"448",0,0,7,0,0,0,0,1,0,1,0,0,3,7,15,0,0,1,0,0,1,0,0,8,0,4118,0,0,53,14,181,0,0,124,0,0,2,23,0,1,0,0,0,0,0,18,0,0,0,0,1,0,0,0,3,2,0,0,0,66,0,2,0,0,0,0,54,0,5,0,5,0,0,0,0,576,0,0,0,1,0,0,49,0,0,5,54,2,0,2,0,23,2,0,0,0,0,0,1,0,0,84,0,36,2,0,0,77,0,0,0,0,0,1,0,0,0,2,122,0,0,0,0,0,7,0,0,0,0,31,4,0,0,1,0,0,2,0,0,0,273,1,0,0,0,0,0,0,0,0,6,6,0,0,0,0,0,0,8,4,0,17,0,3,0,0,0,0,0,0,0,1,6,0,0,0,0,1,36,0,0,0,0,3,0,0,0,0,0,0,0,13,0,0,24,2,0,1,0,0,0,0,0,0,0,233,10,0,1,27,0,0,5,0,1,0,0,23,474,0,10,29,0,0,0,0,0,0,1,8,1,0,1,81,0,0,2,0,1,0,0,0,0,0,10,0,0,0,0,0,0,0,0,0,1,13,40,0,2,71,1,0,19,3,2,0,0,0,9,79,5,0,1140,0,3,0,0,15,4,1420,0,0,44,0,0,0,0,0,8,10,0,0,0,0,0,0,0,0,0,52,0
"449",0,0,0,0,0,0,1,15,0,0,3,0,0,332,7,0,31,1,0,0,13,15,0,3,0,2868,0,0,15,15,82,0,0,66,0,0,13,21,0,0,0,0,0,9,0,2,0,1,0,0,0,0,1,0,0,1,0,0,0,12,0,45,0,0,0,0,32,0,0,0,5,0,0,9,0,0,0,0,0,1,0,5,2,0,78,3,2,0,0,98,0,60,37,0,0,1,0,0,10,2,0,0,0,2,2,0,4,1078,0,0,0,0,0,27,0,1,0,0,245,0,0,0,0,0,59,2,0,0,1,76,0,113,0,8,0,0,0,0,0,0,6,0,0,0,0,0,1,0,0,0,16,1,0,2,0,0,0,0,8,16,0,3,0,0,0,0,0,0,0,0,2,0,0,21,0,0,4,34,37,0,0,0,6,3,1,0,0,0,0,0,0,33,1,0,0,0,0,0,1,160,0,0,0,1,0,15,2,0,0,3,0,0,6,0,14,0,128,3,9,0,5,0,0,0,0,3,0,0,16,0,82,0,0,96,0,0,6,0,0,12,0,0,0,0,3,18,0,0,1,0,0,2,8,0,5,1,1,0,9,3,4,0,0,1,4,0,0,0,0,37,0,3,163,0,7,0,0,0,3,2884,0,0,88,0,0,0,0,0,47,1,0,0,0,0,31,0,4,0,0,76,0
"450",0,0,0,0,0,0,0,38,0,0,0,1,1,62,44,0,0,0,0,1,87,0,0,6,0,542,0,0,60,0,0,0,0,157,0,0,21,112,0,0,0,1,0,38,0,66,0,0,0,0,26,0,0,0,117,0,0,0,1,122,0,19,0,0,0,0,32,0,0,0,528,0,0,75,0,0,0,0,0,92,0,0,20,0,28,0,0,17,0,692,0,8,5,0,0,4,0,0,50,0,0,0,0,0,0,0,63,123,0,0,0,0,0,600,0,0,0,0,99,1,0,0,2,1,723,0,0,21,0,0,18,635,0,0,0,0,170,0,0,0,8,0,0,0,0,0,0,0,0,0,9,26,0,0,1,1,0,0,0,35,0,0,0,316,1,0,1,0,0,0,0,0,0,0,0,0,0,0,0,1,0,0,0,0,8,1,0,0,0,0,0,229,7,0,0,0,0,0,0,0,0,0,0,0,0,11,0,0,0,8,0,0,0,0,0,0,102,24,0,0,0,0,0,0,0,0,411,0,70,0,92,0,0,219,0,0,0,0,0,4,0,0,0,0,0,0,0,0,0,0,93,0,15,0,31,8,1,0,8,0,0,0,0,10,0,0,0,0,0,1,51,0,244,0,8,0,0,0,0,2459,1,0,225,0,0,0,0,1,12,43,0,0,0,0,0,0,195,0,0,50,0
"451",6,0,0,2,0,0,1,0,0,0,0,0,0,1,1123,0,0,1,0,0,1,18,0,47,0,745,0,0,178,91,443,0,0,217,0,0,0,0,0,0,0,0,0,0,0,22,0,0,0,0,0,0,0,0,0,0,0,0,0,9,0,0,1,0,0,0,68,30,0,48,59,0,0,4,0,0,0,0,0,85,0,1,0,0,0,4,246,0,0,207,0,83,310,0,0,91,0,0,0,0,0,0,0,0,0,0,0,676,0,0,0,0,0,26,0,0,0,0,54,0,0,0,0,1,1291,0,0,0,0,0,0,4,0,0,0,0,1335,0,0,0,66,0,0,0,0,0,0,0,0,28,0,0,0,0,0,0,0,0,0,0,0,0,0,0,0,0,0,0,0,6,0,0,1,0,0,0,0,103,175,0,0,0,0,0,0,0,0,0,0,0,0,25,0,0,0,0,0,0,0,0,0,0,0,0,0,20,0,0,0,0,0,0,0,0,16,0,20,0,0,7,34,0,0,0,1,0,0,0,0,0,22,0,0,329,0,0,0,0,0,35,0,0,0,0,0,0,0,10,0,0,0,0,0,0,0,47,5,0,0,7,3,0,0,0,0,0,0,0,0,99,0,0,283,0,0,0,0,1,0,1,0,0,575,0,0,0,0,0,0,48,0,0,0,0,349,0,29,0,0,58,0
"452",0,0,0,0,0,0,0,23,932,0,4,0,1,0,12,0,1,2,1,6,34,7,0,0,0,2637,0,0,8,8,6,0,3,14,0,0,575,3,2,0,0,0,0,127,0,1010,0,0,0,0,2,0,0,0,9,2,0,0,0,1,3,124,0,0,0,0,49,0,0,0,22,0,0,4,0,0,0,0,0,26,0,0,68,0,176,1,0,0,0,21,0,1,0,0,0,0,0,0,53,8,0,46,0,0,1,0,0,66,0,0,0,0,0,3,0,1,0,0,4,1,0,0,0,1,394,0,0,0,0,0,44,493,0,0,0,0,205,0,0,0,8,0,3,0,0,0,1,12,1,92,9,23,0,3,0,0,0,0,0,44,0,0,0,0,47,0,1,0,0,0,3,0,0,0,0,0,0,67,136,0,0,0,3,0,7,0,0,0,0,0,0,13,10,1,0,0,0,1,0,0,0,0,0,6,0,1,0,0,1,0,0,0,0,0,8,0,23,14,28,2,7,0,0,0,0,0,0,0,65,0,274,0,0,185,0,0,1,0,0,2,0,0,0,0,0,0,0,0,0,10,0,2,15,0,1,8,2,0,4,29,3,0,1,1,0,0,0,0,3,11,5,23,498,14,0,0,6,0,30,470,0,0,53,0,0,0,0,0,0,20,0,0,0,0,95,0,2,0,0,33,9
"453",0,0,0,0,0,1,0,1,0,1,1,0,0,0,1438,0,0,0,1,3,0,11,0,0,0,8,0,0,308,77,69,0,0,0,5,0,9,87,0,0,0,0,0,0,0,1,0,5,0,0,24,0,0,0,3,1,0,0,0,2,6,0,0,70,0,0,6,0,29,0,3,0,0,0,26,0,0,0,0,3,0,3,49,0,20,4,0,1,0,0,0,57,0,6,0,27,0,0,2,0,3,0,1,17,0,0,0,218,0,0,3,45,0,1,0,0,0,0,21,0,0,0,0,2,33,1,0,0,2,6,0,18,0,0,0,1,0,0,47,0,8,0,0,1,0,0,20,0,0,0,0,17,0,7,0,0,0,0,0,32,0,3,0,0,0,0,4,0,0,0,0,0,1,0,0,0,0,1,36,1,0,0,0,0,1,0,0,0,0,0,0,2,0,0,0,0,0,0,0,0,0,0,0,0,2,31,5,0,0,48,3,0,0,0,2,0,28,3,0,0,47,1,0,0,0,0,21,0,2,0,1,0,1,4,0,1,2,0,0,24,0,0,0,0,0,0,0,0,0,3,0,0,17,0,14,8,0,2,0,4,0,0,5,0,81,1,0,2,55,5216,3,3,99,2332,0,0,0,3,0,3,3,0,263,0,0,0,0,39,1,5,0,0,0,0,0,0,0,0,0,9,0
"454",0,0,0,0,0,0,2,0,0,0,0,0,1,0,323,0,5,0,0,0,0,0,0,0,0,68,0,0,12,29,4,0,0,108,0,0,123,2,0,0,0,0,0,0,0,2,0,0,0,10,3,0,0,0,2,0,0,0,0,0,0,0,1,0,0,1,10,0,0,22,0,0,0,0,0,0,0,0,0,2,0,0,13,0,0,47,0,57,0,0,0,0,2407,0,0,12,5,0,0,0,0,0,0,0,3,0,0,294,0,26,0,0,2,21,0,12,0,0,96,0,0,0,0,0,36,0,2,0,1,0,1,3,0,0,0,0,224,0,0,0,50,0,0,0,0,0,0,0,0,0,1,0,2,0,3,0,0,15,0,8,0,0,0,104,0,0,0,0,0,0,4,0,3,1,0,0,0,15,22,0,0,0,0,0,1,0,0,0,0,0,0,1,0,0,0,0,0,0,0,1,0,0,0,0,0,4,0,5,3,17,0,0,0,0,0,0,59,0,356,0,0,0,0,0,2,21,0,0,0,0,0,0,0,1501,0,0,0,0,0,0,0,0,0,0,40,0,0,0,0,0,0,0,0,0,0,8,11,0,0,7,0,0,0,3,0,0,13,0,41,2629,0,0,527,0,1,0,0,0,0,43,0,0,52,0,0,0,1,0,0,1,0,0,0,0,0,0,90,0,0,27,0
"455",0,0,0,0,0,0,1,0,0,0,0,0,0,0,23,0,0,0,0,0,0,0,0,0,0,4696,4,0,40,10,0,0,0,0,0,0,0,0,0,0,0,0,0,0,0,0,0,0,0,0,0,0,0,0,0,0,0,0,0,49,0,0,0,0,0,0,0,0,0,0,0,0,0,0,0,0,0,0,10,0,0,0,0,0,0,0,0,0,0,74,0,5,0,0,0,0,86,0,0,0,0,26,0,0,0,0,0,93,0,0,0,0,0,0,0,0,0,0,344,0,0,0,0,1,0,0,0,0,0,0,0,0,0,0,0,0,10,0,3,0,5,0,0,0,0,0,0,0,0,0,0,32,51,0,0,0,0,0,0,0,0,0,0,0,0,0,0,0,0,4,0,1,3,0,0,0,0,319,0,0,0,0,0,0,0,0,0,0,0,0,0,0,0,0,0,0,0,0,0,0,0,0,0,0,0,0,0,0,1,0,0,0,0,0,128,0,0,0,0,0,0,0,0,0,0,0,0,0,0,0,0,0,0,0,20,0,0,0,0,0,0,0,0,0,0,0,0,0,0,0,0,0,0,0,0,0,44,0,0,8,0,0,0,5,8,0,0,0,0,215,13,0,0,1,0,0,1586,0,0,1797,0,0,0,0,9,0,0,0,0,0,0,0,0,0,0,0,0,0,0,0,0
"456",0,0,0,0,0,0,0,0,0,0,0,0,0,1,0,0,0,0,0,0,54,2,0,0,0,3331,0,0,57,18,0,0,0,22,0,0,20,62,0,0,0,0,110,76,0,142,0,0,0,0,0,0,0,0,0,0,0,0,0,3,0,22,0,0,0,0,60,0,0,0,0,0,0,0,0,555,0,0,0,16,0,0,0,0,147,0,0,0,0,9,276,0,2,0,0,0,7,0,44,0,0,47,0,0,1,0,15,1364,0,0,0,74,0,13,0,0,0,0,23,0,0,0,0,1,122,16,0,0,2,0,45,1380,0,0,0,0,1,0,0,0,0,0,0,0,0,0,2,1,0,0,17,0,0,0,0,0,0,0,0,27,0,0,0,0,0,0,0,0,0,0,0,0,49,0,0,0,0,5,3,1,0,0,0,0,41,0,0,0,0,1,0,79,0,0,0,0,0,0,0,0,0,0,0,0,0,33,0,0,0,0,0,0,0,0,3,0,25,0,8,3,0,0,0,0,0,0,0,0,12,4,95,0,0,2,0,0,0,0,0,0,0,0,0,0,0,0,0,0,0,0,0,1,0,0,0,0,0,0,4,0,0,0,0,4,57,0,0,13,0,8,0,20,36,0,0,0,0,0,0,745,0,0,16,0,0,0,0,0,0,6,0,0,0,0,1,0,1,0,0,29,10
"457",0,0,0,0,0,0,42,66,0,0,0,0,1,199,8,0,0,0,0,72,143,0,0,4,0,1,0,8,92,2,12,0,0,49,0,0,5,758,0,0,0,0,0,0,0,166,0,0,0,0,0,0,0,0,0,0,0,0,0,9,0,0,0,0,0,0,34,0,0,37,0,0,0,391,0,0,0,0,0,0,0,0,488,0,118,0,168,0,0,135,0,9,2,0,0,9,0,0,117,0,0,0,0,0,0,0,242,80,0,0,0,0,0,27,0,1,0,0,107,0,0,0,0,36,32,0,0,0,0,0,173,1627,0,0,0,0,10,0,0,0,1,1,0,0,0,0,0,0,0,0,34,88,0,0,4,0,0,0,0,240,0,0,0,0,0,0,0,0,0,0,0,0,0,0,0,0,0,110,44,0,0,0,0,21,3,0,0,165,0,0,0,41,0,0,0,0,0,0,0,0,0,0,0,0,0,3,0,0,0,0,0,0,0,10,28,0,32,0,0,0,62,0,0,0,0,3,0,0,39,0,254,0,0,8,3,0,0,0,0,0,4,0,0,0,0,0,0,0,0,0,0,0,0,0,0,1,1,0,3,385,0,0,0,0,0,0,0,0,0,5,5,142,7,0,0,0,0,0,0,1837,1,0,390,0,0,1,40,0,180,0,0,0,0,0,0,0,1,0,0,15,0
"458",0,0,0,0,0,0,1,69,0,0,0,0,0,33,23,0,0,0,0,0,59,6,0,1,0,311,0,0,3,54,188,13,0,1,0,0,5,1,0,0,0,0,0,73,0,4,0,0,0,0,1,0,0,0,20,0,0,0,0,10,0,21,0,0,0,0,87,0,0,0,43,0,0,106,0,0,0,0,0,19,0,0,0,0,366,0,0,0,1,9,143,4,0,0,0,0,0,0,3,0,0,0,0,0,0,0,0,624,6,0,0,1,0,1,0,0,0,0,1,0,0,0,0,0,13,0,0,0,0,0,0,96,0,0,0,0,3,0,0,0,0,0,0,0,0,0,1,0,0,1,1,0,0,0,0,0,0,0,10,0,1,0,0,327,0,0,0,0,0,0,0,0,1,0,0,0,0,189,13,0,0,0,0,3,0,0,0,0,58,0,0,1,0,1,0,1,0,1,0,0,0,0,0,1,1072,1,0,0,0,0,0,0,0,22,0,0,13,0,0,4,0,1,0,0,11,0,0,0,5,1,26,0,0,226,0,0,0,0,0,0,0,0,0,0,0,0,0,0,0,0,16,0,0,0,7,0,1,0,9,0,1,0,0,0,0,0,8,0,1,3271,0,0,22,0,3,0,0,0,3,2323,0,0,1,0,0,0,0,0,36,0,0,0,0,0,7,27,0,19,0,47,0
"459",0,0,0,0,0,0,4,0,0,0,0,0,0,38,50,0,0,0,0,0,0,0,0,4,0,3877,0,0,40,0,24,0,0,80,0,0,0,0,0,1,0,0,0,0,0,29,0,0,0,0,0,0,0,0,0,0,0,0,0,0,0,0,0,0,0,0,27,0,0,35,0,0,0,0,0,0,0,0,0,19,0,0,0,0,0,0,0,1,2,0,0,0,0,0,0,15,7,0,42,0,0,16,0,0,0,0,0,496,0,50,0,0,0,76,0,0,0,0,0,0,0,0,3,0,0,0,0,0,0,0,0,0,0,0,0,0,26,0,0,0,0,0,0,0,0,0,0,0,0,3,1,0,0,0,0,0,0,0,66,0,0,0,0,253,0,0,0,0,0,0,1,74,1,0,23,0,0,0,89,0,0,0,0,0,0,0,0,0,0,0,0,6,0,0,0,3,0,0,0,0,0,0,0,0,262,0,0,1,1,3,0,0,7,0,0,0,0,0,1,0,0,1,0,0,0,0,0,0,0,0,0,0,0,441,19,0,0,0,1,0,0,0,0,0,0,30,0,0,0,0,0,0,0,0,0,0,4,0,5,0,0,0,0,0,0,0,0,0,0,2592,0,0,413,0,1,0,0,0,0,752,0,0,139,0,0,0,0,0,0,0,0,0,0,0,0,0,5,0,0,4,0
"460",0,0,0,0,0,0,1,28,0,0,0,1,0,5,39,0,0,0,0,0,18,90,6,4,0,13,0,0,14,0,19,3,0,174,0,0,313,0,0,2,0,0,0,29,0,29,0,0,0,0,0,0,0,0,0,0,0,0,0,30,0,0,0,0,0,0,80,0,0,0,47,0,2,0,0,0,0,0,0,30,0,0,0,0,256,0,0,0,0,0,0,0,131,0,80,69,0,0,47,0,0,6,0,0,0,0,0,2973,8,58,0,0,0,12,4,0,0,0,0,4,12,0,0,0,60,0,0,0,18,0,0,56,0,3,0,0,5,0,0,0,735,0,0,0,0,0,0,0,0,12,23,0,0,0,3,0,0,0,0,75,0,0,0,517,0,1,0,0,0,0,0,0,1,0,0,0,0,0,88,0,0,0,0,0,0,0,0,0,0,6,0,41,0,0,0,0,2,0,0,0,0,0,0,461,0,0,0,0,1,1,0,0,0,0,0,0,175,41,0,0,0,0,0,0,0,0,171,0,90,0,124,0,0,223,0,0,0,0,0,0,0,1,0,0,0,0,0,0,0,0,277,0,0,0,0,353,0,0,0,0,3,0,58,0,31,0,0,732,0,329,65,0,629,0,1,0,0,0,0,15,0,0,269,0,0,0,0,0,0,0,0,3,0,0,22,0,7,0,0,0,0
"461",0,0,0,0,0,0,0,0,0,0,0,0,0,13,11,3,0,0,0,0,0,20,0,0,0,86,0,0,0,0,885,0,0,0,0,0,283,0,0,0,0,0,0,0,0,0,0,0,0,0,0,0,0,0,0,0,0,0,0,0,0,0,0,0,0,0,101,0,0,0,0,0,0,0,0,0,0,0,0,0,0,0,0,0,0,0,0,0,0,247,0,0,219,0,0,0,7,0,0,0,0,178,0,0,0,0,0,4406,0,0,0,0,0,165,0,0,0,0,225,0,0,0,0,2,0,0,0,0,0,0,0,236,0,0,0,0,676,0,0,0,10,0,0,0,0,0,0,0,0,0,0,0,0,8,0,0,0,0,0,0,0,0,0,0,0,1,0,0,0,0,0,0,0,0,0,0,0,0,0,0,0,0,0,0,0,0,0,0,0,0,0,0,0,0,0,0,0,0,0,0,0,0,0,0,0,0,0,0,0,0,0,0,0,0,0,0,0,0,444,0,0,0,0,0,0,0,0,0,0,0,0,0,0,455,0,0,0,0,0,0,0,0,0,0,0,0,0,0,0,0,0,0,0,0,0,0,3,0,0,0,0,0,0,0,0,0,0,0,0,63,0,0,11,0,0,0,0,0,0,1367,0,0,0,0,0,0,0,0,0,0,0,0,0,0,63,0,0,0,0,147,0
"462",0,0,0,0,0,0,3,0,0,0,0,0,1,0,20,0,0,0,0,0,0,24,0,0,0,49,0,0,0,63,109,0,0,58,0,0,0,160,0,1,0,0,0,0,0,4,0,0,0,0,6,0,0,0,50,0,0,0,0,401,0,0,0,0,0,0,0,0,0,0,0,0,0,0,0,0,0,0,0,34,0,0,392,0,0,5,0,0,0,0,0,0,152,0,0,0,0,0,0,37,0,4,0,0,0,0,0,1211,0,0,0,0,0,0,0,0,0,0,533,8,0,0,4,5,1,0,0,0,0,0,0,0,0,0,0,0,0,0,0,0,1376,1,0,0,0,0,38,0,0,0,0,0,0,0,1,0,0,0,0,0,0,0,0,0,0,0,0,0,0,0,37,0,1,0,0,0,0,12,199,0,0,0,0,0,58,0,0,0,0,0,0,41,0,0,0,0,0,0,0,0,0,6,0,0,0,39,5,0,0,0,0,0,0,4,1,0,0,0,603,0,83,0,0,0,0,0,0,0,0,0,0,0,0,0,0,0,0,0,0,0,0,0,0,0,0,0,1,0,0,0,0,0,7,0,0,45,22,0,10,0,0,0,0,8,0,0,0,0,0,3448,0,66,100,0,0,0,0,0,0,1,0,0,222,0,0,0,1,0,0,11,0,0,0,0,0,0,34,0,0,56,0
"463",0,0,9,9,0,0,0,0,0,1,0,0,0,0,1,0,0,0,0,0,0,162,0,0,1,2917,0,0,0,0,0,11,0,0,0,0,5,1,0,0,0,0,0,0,0,237,0,1,0,0,0,0,0,3,0,0,0,0,0,300,0,9,0,0,0,0,621,0,0,0,118,0,0,102,1,0,0,0,0,200,0,5,0,0,10,1,76,0,0,0,0,0,0,0,0,0,0,0,47,0,0,0,7,18,0,3,75,955,0,0,0,0,0,179,0,0,0,1,108,0,0,0,0,1,87,59,0,0,0,0,5,105,0,1,0,0,0,0,0,0,19,0,0,0,0,0,4,1,0,0,10,0,0,133,0,0,0,0,0,94,0,0,0,13,0,0,1,0,0,0,0,0,0,0,0,0,0,138,0,1,0,0,0,0,0,0,0,0,0,0,0,67,1,0,0,0,0,0,0,0,0,0,0,0,0,13,0,0,0,0,30,0,0,0,13,0,86,19,0,0,0,0,0,0,0,0,0,0,69,0,210,0,4,398,0,0,4,1,0,0,0,0,0,0,0,0,1,1,0,0,0,0,0,0,0,1,6,0,5,42,3,0,0,3,0,0,0,0,3,172,0,0,33,0,0,0,0,0,0,1927,0,0,331,0,0,0,0,0,69,24,0,0,0,0,74,0,14,0,0,72,0
"464",0,3,0,0,0,0,0,8,0,0,5,0,3,0,33,8,17,0,0,0,116,14,0,10,0,1151,0,0,58,2,1,0,0,36,0,0,10,2,0,1,0,0,0,0,0,100,0,4,0,0,0,0,0,1,0,0,0,0,0,4,1,0,0,0,0,0,48,0,0,54,15,0,0,0,0,0,1,0,0,42,0,0,21,0,0,0,0,0,0,113,0,28,17,0,0,0,0,0,62,0,0,0,0,0,0,0,0,1148,0,0,0,0,0,130,0,0,0,1,36,0,0,0,0,1,46,0,0,0,0,0,0,1742,0,0,0,0,9,0,0,0,25,0,0,2,0,0,4,0,3,0,9,0,0,3,0,0,23,0,0,44,0,0,0,1,0,0,0,0,0,0,0,157,0,0,18,0,0,113,0,1,0,0,0,0,4,0,0,0,0,0,0,39,0,0,0,0,0,0,0,0,0,0,2,0,0,4,0,0,1,8,0,0,0,1,0,2,44,0,0,0,18,0,0,0,0,0,59,0,157,0,330,0,0,209,0,0,0,0,0,62,0,0,0,0,0,0,24,0,0,0,0,0,0,0,6,2,17,0,0,0,3,0,0,1,0,0,0,0,0,137,20,0,354,0,0,0,0,0,0,2307,1,0,6,15,0,1,0,0,15,0,0,0,0,0,14,0,11,0,0,13,0
"465",0,0,0,6,0,0,0,0,0,0,1,0,0,0,42,0,0,0,1,0,0,0,0,0,0,866,0,0,75,115,1,0,0,0,0,0,194,0,0,0,0,0,0,0,0,136,1,0,0,1,0,0,0,3,0,3,0,0,3,0,2,0,0,76,0,0,0,5,0,0,0,0,6,0,0,493,0,0,0,0,0,0,145,0,0,0,0,0,0,0,0,24,0,0,0,0,3,0,0,0,0,57,20,0,0,0,0,2612,0,0,2,0,16,23,0,0,16,0,118,0,0,0,0,0,407,0,65,0,0,0,1,1,0,0,0,0,201,0,0,0,99,0,0,0,0,0,8,0,3,0,1,0,0,39,0,0,0,0,0,0,0,0,0,0,0,1,0,0,0,4,1,0,0,0,0,0,5,0,46,3,0,0,0,0,11,0,0,0,0,0,0,42,0,0,0,0,0,0,0,0,0,0,0,669,0,15,4,0,1,182,0,0,0,7,0,0,0,0,94,0,0,25,0,0,0,0,0,0,0,0,0,0,0,0,6,0,6,0,0,0,0,0,0,0,0,0,1,0,0,0,0,0,1,0,16,226,18,0,0,0,6,0,0,3,143,0,0,0,0,1617,0,0,171,0,1,0,0,0,0,1019,0,33,12,0,0,14,0,0,0,0,0,0,0,0,0,0,13,0,0,12,0
"466",0,0,0,0,4,0,0,33,0,0,1,0,9,152,13,0,0,5,0,0,59,9,0,63,0,341,0,0,16,10,196,0,19,0,0,77,4,0,0,0,0,0,0,74,0,35,0,6,0,0,0,0,0,4,0,0,0,7,0,466,0,0,0,1,0,0,54,0,4,0,9,0,0,12,0,0,0,0,0,142,0,3,375,0,2,3,222,3,0,91,0,0,0,0,0,58,3,0,0,0,0,0,0,26,0,0,2,591,0,580,0,0,0,46,2,95,0,7,10,0,0,0,0,0,0,0,0,0,3,1,0,13,1,0,0,14,2,0,0,0,10,0,0,6,0,0,3,0,0,27,4,107,0,0,1,0,0,0,0,36,0,3,0,0,0,0,0,0,0,0,0,0,1,24,0,0,0,0,189,0,0,1,0,0,14,15,0,0,0,24,0,29,5,0,0,0,0,0,0,0,0,0,0,2,765,41,0,0,0,39,0,0,0,0,3,1,0,33,164,0,0,20,0,0,0,0,2,0,58,0,0,1,0,561,0,0,0,0,0,22,0,2,0,0,4,1,0,0,0,0,0,0,0,0,1,2,0,0,0,0,29,0,0,1,3,0,0,0,21,1552,0,0,205,0,15,0,0,0,3,1430,0,0,91,0,0,2,0,35,36,0,0,0,0,0,0,0,0,0,0,10,0
"467",0,0,0,0,0,0,0,0,0,0,0,0,0,0,38,0,0,0,0,0,0,20,0,10,0,3686,0,0,39,0,0,0,0,0,0,0,85,62,0,0,0,0,0,0,0,76,0,0,0,0,3,0,0,0,0,0,1,4,0,10,0,0,0,0,0,0,0,0,1,0,0,0,0,0,0,0,0,0,0,9,0,3,0,0,29,1,0,0,0,0,0,20,0,0,0,0,0,0,0,0,0,11,0,0,2,0,0,198,0,0,0,0,0,0,0,0,0,0,138,0,0,0,0,26,406,0,1,0,0,0,0,45,0,6,0,1,601,0,0,0,1,0,0,0,0,0,2,0,0,0,0,0,0,0,3,0,0,0,0,81,0,0,0,0,0,1,0,0,0,0,0,0,0,0,0,0,0,0,498,0,0,0,0,0,0,0,0,0,0,0,0,421,0,0,0,0,0,0,0,0,0,0,0,0,0,4,30,0,0,0,0,0,0,0,60,0,2,0,64,0,12,0,0,0,0,0,0,0,0,4,0,0,0,179,0,0,0,0,0,3,0,0,0,0,1,0,0,0,0,0,0,4,0,0,27,2,0,0,0,0,0,0,0,6,0,0,0,0,19,3,0,0,1032,0,0,0,0,0,7,1495,0,5,437,0,0,0,0,1,13,0,0,0,0,0,0,0,11,0,0,89,0
"468",22,0,0,0,0,0,0,0,0,0,0,0,0,0,24,0,0,0,0,0,0,0,0,8,0,1825,0,0,18,4,0,0,0,87,0,0,3,114,0,0,0,0,0,0,0,0,0,0,0,0,0,0,0,0,5,0,0,0,0,0,0,0,0,0,0,0,111,0,0,0,7,0,0,0,0,0,0,0,0,13,0,0,0,0,0,3,141,0,0,80,0,23,75,0,0,0,0,0,0,0,0,5,0,0,16,0,0,981,0,0,0,0,0,0,0,0,0,0,77,0,0,0,0,0,7,0,0,0,0,0,0,291,0,0,0,0,488,0,0,0,55,0,0,0,0,0,1,0,0,0,9,0,0,0,0,0,0,0,0,0,0,0,0,0,0,0,1,0,0,0,0,1,0,0,0,0,0,0,0,0,0,0,0,0,1,0,0,0,0,0,0,47,1,0,0,0,0,0,0,0,0,0,0,1,0,9,8,0,0,1,0,0,0,3,0,0,0,0,1,0,0,0,0,0,0,0,0,0,0,0,0,0,0,489,0,0,0,0,0,1,0,0,0,0,4,0,0,0,0,0,0,0,0,1,4,1,0,0,1,13,0,0,0,1,0,0,0,0,0,1,0,1,140,0,0,0,0,0,0,4652,0,0,87,0,0,1,0,1,0,0,0,0,0,0,9,0,29,0,0,65,0
"469",0,0,0,0,0,0,1,0,0,0,0,0,0,2,24,0,0,0,0,0,9,45,0,0,0,1011,0,0,0,0,36,0,0,66,0,0,0,12,0,0,0,0,297,30,0,31,0,0,0,0,0,0,0,0,0,0,0,0,0,0,0,0,0,0,0,0,125,0,0,0,12,0,0,6,0,0,0,0,0,7,0,0,0,0,51,0,0,0,0,7,3,0,281,0,0,24,0,0,28,0,0,6,0,0,10,0,100,5566,25,3,0,0,0,64,0,0,0,0,161,6,0,0,0,0,90,234,34,0,3,0,28,28,0,0,0,0,0,0,0,0,0,0,0,0,0,0,0,0,0,0,16,31,0,0,12,0,0,0,8,1,0,0,0,107,0,0,0,0,0,0,4,0,0,0,0,0,0,23,11,0,0,0,0,0,0,6,0,0,0,0,0,40,7,5,0,0,0,0,0,0,0,0,0,0,0,0,0,0,1,0,0,51,0,0,20,0,169,0,0,24,0,0,0,0,0,0,0,0,77,0,91,0,0,74,0,0,0,0,0,0,0,0,0,0,0,22,0,0,0,0,1,0,14,0,29,0,0,0,0,0,0,0,0,0,28,0,0,0,5,0,0,58,157,0,0,0,0,0,0,71,0,0,150,0,0,0,0,0,0,38,0,0,0,0,69,0,2,22,0,109,22
"470",0,9,0,0,0,0,0,0,0,0,1,0,0,0,27,0,0,0,0,0,70,59,0,0,0,3312,0,0,0,15,124,15,0,247,0,0,0,0,0,0,0,0,0,0,0,0,0,5,0,0,9,0,1,0,76,0,0,0,0,198,0,0,0,0,0,0,178,0,0,0,23,0,0,0,0,402,1,1,0,101,0,1,188,0,0,3,0,0,0,64,0,0,0,0,0,0,0,0,31,0,0,43,1,0,0,0,0,0,0,0,0,3,0,0,0,0,0,0,0,0,0,0,0,1,191,7,0,0,5,0,18,0,0,0,0,0,0,0,119,0,0,1,0,1,0,0,13,0,0,0,49,6,0,25,0,0,0,0,0,0,0,0,0,0,0,0,0,0,1,1,0,0,0,0,0,0,0,22,0,5,0,0,0,3,17,0,0,0,0,0,0,42,0,0,0,0,0,0,0,0,0,0,0,18,0,132,5,6,0,1,0,17,0,1,3,0,0,7,91,0,1,0,0,0,0,0,4,0,0,0,0,0,2,152,0,0,5,0,0,72,0,0,0,0,12,5,0,0,0,0,0,0,0,0,11,7,84,0,10,173,0,0,0,4,1,0,2,0,6,22,0,8,0,0,0,0,0,1,0,2897,0,0,433,0,0,0,1,0,0,12,0,0,0,0,9,6,13,0,0,145,0
"471",0,0,0,0,0,0,6,0,0,0,0,0,0,0,340,0,0,0,0,0,0,0,0,76,0,2651,0,0,299,0,0,0,0,94,0,0,3,0,0,0,0,0,0,0,0,22,0,0,0,0,0,0,0,0,0,0,7,1,0,0,0,0,0,0,0,0,47,0,0,0,5,0,0,0,0,0,0,0,0,14,0,4,0,0,0,3,0,64,0,0,0,59,341,0,0,74,0,0,29,0,0,20,0,0,0,0,0,240,18,0,0,0,0,0,0,4,0,0,64,0,0,0,0,0,213,0,0,0,0,0,0,0,0,3,0,0,225,0,0,1,1478,0,0,0,0,0,20,0,0,0,12,0,0,0,0,0,0,0,0,4,0,0,0,0,0,0,0,0,0,0,0,0,0,2,0,0,0,0,6,0,0,0,0,0,8,0,0,0,0,0,16,79,501,38,0,50,0,0,0,0,0,68,0,0,0,207,0,0,1,64,0,0,0,0,11,0,0,0,17,0,0,0,0,0,0,0,0,0,9,0,0,0,0,134,0,0,0,0,0,0,0,45,0,0,0,0,0,0,0,0,0,0,0,0,5,3,29,0,0,0,14,0,0,26,0,0,0,0,0,161,0,0,48,0,23,0,0,0,0,1914,0,0,19,9,0,0,0,8,36,0,0,0,0,0,0,3,90,0,0,103,0
"472",25,0,0,0,0,1,2,0,0,0,1,3,0,0,1240,0,0,0,0,0,0,53,0,0,0,1835,0,0,0,20,12,0,0,162,0,0,34,0,1,0,0,0,0,0,0,0,947,0,0,0,5,0,0,7,0,0,0,0,0,0,0,0,7,0,0,0,7,0,0,1,18,0,1,0,0,0,1,0,0,1,0,0,14,0,0,0,0,0,4,54,0,1,206,0,0,0,0,0,6,0,0,31,0,0,0,0,0,1664,0,41,0,0,11,231,0,0,0,0,208,0,0,0,0,1,699,0,0,0,0,0,0,0,0,0,0,0,514,0,0,0,19,0,0,0,0,0,0,0,0,0,0,0,0,3,0,0,2,0,167,0,0,0,5,0,0,0,0,0,0,0,0,0,0,0,0,0,0,26,3,0,0,0,5,0,0,0,1,0,0,0,0,0,0,6,0,0,0,1,0,0,0,0,0,0,255,0,0,0,0,11,0,0,0,0,3,0,34,0,0,0,358,20,0,0,0,0,0,0,0,0,0,0,0,45,0,0,0,0,0,31,0,0,0,0,0,0,0,0,0,0,0,0,0,0,16,0,0,1,0,0,0,0,5,1,0,1,0,0,0,6,0,0,1098,0,0,0,0,0,0,0,0,0,98,0,0,0,0,0,0,0,0,9,0,0,19,1,121,0,0,70,0
"473",0,0,0,0,0,0,7,0,0,0,1,0,0,0,50,0,0,0,0,0,0,6,0,0,0,6763,0,0,7,13,87,0,0,24,0,0,12,3,0,1,0,0,0,0,0,0,0,0,0,0,0,0,0,0,0,0,0,0,0,1,0,0,0,0,0,0,25,0,24,0,0,0,0,0,0,212,0,0,0,1,0,1,0,0,0,6,51,0,0,24,0,51,2,0,0,0,0,0,50,0,0,20,0,0,0,0,0,217,0,0,0,1,0,31,1,1,0,0,3,3,0,0,10,2,91,0,0,1,0,0,0,0,0,1,0,0,2,0,0,0,2,0,0,0,0,0,1,0,1,0,2,0,0,0,1,0,0,0,0,0,0,0,0,0,0,0,0,0,0,0,0,0,0,0,0,0,0,0,63,0,0,0,0,0,1,0,0,0,0,0,0,30,1,0,0,0,0,0,0,0,0,0,0,1,356,5,0,0,0,14,0,0,0,0,4,0,36,0,8,0,1,0,0,0,0,7,0,0,0,0,0,0,0,810,0,0,0,0,0,3,0,0,0,0,1,0,1,0,0,0,0,0,0,0,0,4,1,0,0,0,0,0,0,1,0,0,0,0,0,193,0,0,917,0,8,0,0,0,16,1,0,0,96,0,0,0,0,4,0,2,0,0,0,0,0,0,1,0,0,220,0
"474",0,0,0,0,0,0,5,65,0,0,0,0,9,0,10,0,0,0,0,0,0,1,8,19,0,10,0,0,15,0,0,0,8,0,0,0,89,103,1,3,3,0,0,10,0,0,0,0,0,0,1,0,0,0,6,0,1,0,0,210,0,37,4,0,0,0,4,0,33,0,13,0,3,57,0,0,0,0,2,133,0,0,0,0,68,10,0,0,0,163,0,7,215,0,0,0,0,0,0,0,0,0,0,0,0,0,0,1843,0,0,0,0,0,0,0,0,0,12,25,0,13,0,6,1,139,0,0,0,0,0,0,551,0,9,0,3,4,0,0,0,167,0,0,0,0,0,0,0,0,0,15,0,0,0,2,0,0,0,0,33,0,0,19,585,216,0,0,0,0,0,0,0,0,2,0,1,0,17,0,0,0,0,16,0,0,36,0,0,0,5,0,0,5,0,0,0,0,0,0,0,0,8,0,0,0,311,0,0,0,45,0,0,0,0,5,3,96,0,28,0,1,0,0,0,0,0,0,24,0,0,0,0,0,677,0,0,0,6,0,86,0,8,0,0,0,0,0,0,0,0,599,0,9,0,5,22,58,0,0,6,0,0,0,12,602,0,0,0,0,225,0,0,395,24,1,0,111,0,3,1858,0,0,0,12,0,0,0,0,0,0,0,0,3,0,167,0,22,0,0,9,0
"475",0,0,0,0,0,0,4,0,0,0,0,0,0,0,69,0,5,0,0,0,0,0,0,64,0,13,0,0,229,0,0,0,0,47,0,0,17,0,0,0,0,0,0,0,0,183,0,0,0,0,0,0,0,0,0,0,0,0,0,0,0,0,0,0,0,0,0,0,0,0,0,0,0,0,0,0,0,0,0,0,0,0,0,0,0,0,0,0,0,91,0,0,20,0,0,0,0,0,0,0,0,0,0,0,0,0,0,77,0,0,0,0,0,0,0,0,0,0,24,0,6,0,0,19,48,0,0,0,0,0,0,132,0,15,0,0,0,0,0,0,17,0,0,0,0,0,0,0,0,8,0,0,6,0,0,0,0,0,0,0,0,0,0,0,0,0,0,6,0,0,0,0,234,0,0,0,0,61,0,0,0,0,0,0,0,0,0,0,0,0,0,181,10,0,0,0,0,0,10,0,0,0,0,0,0,0,0,0,3,0,0,0,0,0,3,0,0,0,0,0,0,0,0,0,0,0,0,0,0,0,0,0,0,3665,0,0,0,0,0,0,0,0,0,0,13,4,0,3,0,0,0,0,0,0,0,0,2,0,0,0,0,0,0,0,0,0,0,0,0,558,0,0,1282,0,0,0,0,0,0,3446,0,0,1,0,0,0,0,0,0,0,0,0,0,0,0,0,0,0,0,0,0
"476",0,18,0,0,0,0,0,0,0,0,0,0,0,0,15,0,0,0,0,0,0,0,0,1,0,676,0,0,6,105,115,0,0,0,0,0,0,0,0,1,0,0,0,0,0,0,0,0,0,1,0,0,0,0,157,0,0,1,0,0,0,0,0,0,0,0,0,1,0,54,0,0,0,0,0,0,0,0,0,0,0,0,0,0,0,121,1,0,0,0,0,226,1,0,0,0,1,0,0,0,0,10,6,0,0,0,0,0,0,0,1,37,0,0,0,8,0,0,161,0,0,0,0,1,0,0,0,0,0,0,0,0,0,0,0,0,3,0,17,0,5,0,0,0,0,0,17,0,0,0,1,0,0,0,0,1,0,0,0,0,0,0,0,0,0,0,0,5,0,0,0,0,0,0,0,0,0,179,594,0,0,0,0,0,0,0,0,126,0,0,0,103,1,0,0,0,0,0,0,0,0,0,2196,0,0,25,9,5,0,5,54,0,0,0,0,0,85,0,185,0,0,0,0,0,0,0,0,202,0,0,0,0,0,89,27,0,0,0,0,44,0,0,0,0,2,0,289,0,0,0,0,0,0,0,0,10,3,0,0,0,0,0,0,12,0,6,0,0,0,551,86,0,115,0,8,0,0,0,0,1712,0,2,0,0,952,1,0,1,0,90,0,0,0,0,0,0,6,0,0,338,0
"477",0,0,0,0,4,0,1,0,0,0,4,0,0,0,1,0,0,2,0,0,10,6,0,0,0,1921,0,0,12,8,56,12,3,32,0,0,0,61,0,0,0,0,0,0,0,564,0,1,0,0,3,0,0,0,2,3,0,0,0,123,4,0,0,0,0,0,97,0,0,0,7,0,0,0,0,0,0,1,1,130,7,8,23,2,11,42,2,0,0,11,0,1,0,0,0,0,0,0,29,0,0,0,0,0,1,0,72,212,0,0,0,0,0,40,0,1,0,0,20,0,0,0,0,2,2,0,0,99,1,0,7,188,235,1,0,0,1,0,0,0,24,0,0,0,0,0,10,1,0,0,13,3,0,4,0,0,0,0,0,89,0,0,0,541,0,0,0,0,0,0,22,0,1,0,0,0,0,1,440,11,0,0,2,0,7,0,0,0,0,0,0,12,0,0,0,0,31,0,0,259,0,1,1444,1,0,24,18,0,0,1,1,20,46,0,1,1,272,13,1,0,1,12,0,3,0,6,4,0,3,0,54,0,0,88,0,0,1,0,0,0,1,0,0,0,0,78,0,0,0,0,0,6,6,0,3,2,16,0,0,0,27,0,0,8,0,0,0,0,0,3,5,0,29,0,0,0,0,0,0,1436,1,0,58,0,0,0,0,0,72,36,0,0,0,0,0,0,20,19,0,5,0
"478",0,1,1,0,0,5,4,61,0,0,0,0,0,364,25,0,1,1,1,6,51,71,0,9,0,1134,0,0,54,13,141,0,0,96,2,0,11,0,0,1,0,1,0,0,0,0,0,1,0,0,10,0,0,1,64,1,0,0,0,9,0,0,0,3,0,0,11,0,0,0,49,1,0,34,0,0,0,0,0,20,0,2,8,10,0,1,4,0,0,87,0,11,0,0,0,0,0,0,0,0,0,14,12,0,0,1,5,0,0,0,0,0,0,27,0,0,1,0,46,1,0,0,0,1,163,3,0,1,5,53,24,58,0,0,0,0,9,0,0,0,13,0,0,0,72,0,1,0,0,1,21,18,0,19,1,0,0,0,11,99,0,2,0,0,1,0,14,0,0,0,3,0,0,0,0,9,4,837,18,1,0,0,0,0,13,0,0,1,0,0,5,26,0,0,0,0,0,0,0,13,0,0,1,52,0,8,6,0,0,20,1,0,0,0,0,0,55,20,146,0,0,3,144,0,0,0,1,0,109,1,145,1,1,126,1,0,1,0,0,4,0,0,0,0,0,1,0,0,0,0,0,1,0,0,0,3,4,0,6,1,0,0,33,1,11,0,0,0,0,23,0,69,989,0,5,1,42,1,0,2612,0,9,418,0,892,457,0,0,0,7,0,0,0,0,0,5,1,0,0,73,0
"479",0,1,0,0,0,0,24,0,0,0,0,0,0,0,0,0,0,0,0,0,0,0,0,0,0,4021,0,0,11,0,0,0,0,179,0,0,0,0,0,0,0,0,0,0,0,0,0,0,0,0,0,0,0,0,0,0,0,0,0,0,0,0,0,0,0,0,0,0,0,0,0,0,0,0,0,0,0,0,8,0,0,0,0,0,0,0,0,4,0,0,0,3,0,0,0,1,0,0,0,0,0,4,0,0,0,0,0,411,0,562,0,0,0,58,0,0,0,0,0,4,0,0,0,66,0,0,0,0,0,0,0,0,0,1,0,0,0,0,0,0,0,0,0,0,0,0,0,0,0,0,0,0,15,0,1,3,0,0,0,0,0,0,0,0,0,0,0,0,0,0,0,0,1,0,0,0,0,0,1173,0,0,0,0,0,0,0,0,0,0,0,0,31,1,0,0,0,0,0,0,0,0,0,0,0,859,0,0,0,0,11,0,0,0,0,0,0,209,0,0,0,5,0,0,0,0,0,0,0,0,0,0,0,0,152,0,0,0,7,0,0,0,0,0,0,0,0,0,0,0,0,0,0,110,0,0,0,0,0,0,4,0,0,0,0,0,0,0,0,0,311,0,0,1056,7,0,0,0,0,0,91,0,0,274,0,0,0,0,0,0,0,0,0,0,0,0,0,1,0,0,0,0
"480",0,0,0,1,2,0,0,1,0,0,0,0,0,0,9,0,0,0,0,0,0,107,1,0,0,861,0,0,29,0,196,0,0,53,0,0,0,0,0,0,0,0,0,0,0,6,0,0,0,0,3,0,0,5,0,0,0,0,16,52,0,0,0,0,0,0,276,0,0,335,0,0,0,10,0,0,0,0,0,0,0,0,0,1,0,0,0,0,0,0,0,6,253,0,0,28,0,0,0,0,0,0,0,0,0,0,1,2774,0,0,0,0,0,10,0,0,0,0,490,1,1,29,0,1,0,0,0,0,0,0,0,9,0,1,0,0,26,0,0,0,0,0,0,0,0,0,0,0,0,4,16,0,0,11,0,0,0,26,0,39,0,0,0,0,0,0,0,0,0,0,40,0,1,2,0,7,0,20,22,0,0,0,0,0,0,0,0,0,0,0,8,29,0,0,0,0,1,0,0,0,0,0,11,19,0,0,21,0,0,0,1,0,0,0,0,0,110,0,0,0,0,0,0,0,0,0,0,0,0,0,0,0,0,463,0,0,0,0,0,0,0,0,63,0,0,0,0,0,0,0,0,0,0,0,0,7,0,0,0,8,0,0,0,9,0,0,0,0,0,395,0,0,469,907,0,5,0,0,0,1256,0,0,0,0,0,0,0,0,0,0,0,0,0,23,0,0,10,0,0,126,0
"481",0,0,0,0,0,0,2,3,189,0,0,1,0,182,88,0,0,0,1,62,18,26,0,0,0,509,0,0,39,56,49,0,0,40,0,0,31,92,0,0,29,0,0,7,0,4,0,5,0,0,0,1,0,0,26,0,0,0,0,26,0,40,0,0,0,0,38,1,0,0,16,0,0,11,922,0,0,0,0,24,0,0,0,0,37,0,0,0,0,26,678,227,0,0,5,0,0,0,27,0,0,0,0,0,4,0,1,105,32,0,1,96,0,35,0,2,0,0,144,0,0,0,0,0,586,60,0,0,12,0,2,3,2,0,0,0,28,0,0,0,28,0,1,0,0,0,2,0,0,0,2,11,0,0,0,0,0,0,0,146,16,0,0,0,0,0,0,2,0,11,12,0,0,0,0,0,0,88,16,0,12,0,0,0,4,0,0,0,3,0,0,9,16,23,0,0,0,4,1,0,0,0,0,19,0,10,0,0,1,0,1,16,0,0,25,0,30,3,0,2,1,0,13,5,0,0,2,0,3,0,45,0,0,2186,0,0,5,0,1,155,0,0,1,18,1,87,0,0,0,14,17,0,17,0,0,34,50,2,22,6,8,23,0,11,0,0,0,0,9,70,31,26,777,0,0,0,0,0,17,90,0,0,116,0,0,0,0,0,15,11,0,0,0,0,157,42,8,68,10,413,30
"482",0,0,0,0,0,0,0,0,0,0,0,0,0,0,0,0,0,0,0,0,0,0,0,0,0,594,0,0,0,13,0,0,0,0,0,0,0,0,0,0,0,0,0,0,0,703,0,0,0,0,0,0,0,0,0,0,0,0,0,0,0,13,0,0,0,0,0,0,0,0,0,0,0,0,0,0,0,0,0,0,0,0,0,0,0,1,1,0,0,0,0,0,55,0,0,0,4,0,0,0,0,1,0,0,0,0,0,52,0,0,0,0,0,1039,0,0,0,0,473,4,0,0,0,0,1547,0,0,0,0,0,0,0,0,0,0,0,0,0,0,0,0,0,0,0,0,0,0,0,0,0,0,0,0,0,0,0,0,0,0,0,0,0,0,0,0,0,0,0,0,0,0,0,0,0,0,0,0,0,0,0,0,0,0,0,0,0,0,0,0,6,0,279,0,0,0,0,0,0,0,0,0,0,0,0,0,0,0,0,0,0,39,0,0,0,0,0,0,0,37,0,0,8,0,0,0,0,0,0,0,0,0,0,0,0,0,0,0,0,0,0,0,0,0,0,0,0,0,0,0,0,0,0,0,0,0,0,1,0,0,0,0,0,0,0,0,0,0,0,0,53,0,0,686,0,0,0,0,0,0,3932,0,30,0,0,0,0,0,0,0,0,0,0,0,0,0,0,22,0,0,0,0
"483",0,0,0,0,0,0,4,14,0,0,0,1,0,0,0,0,0,0,0,0,65,45,0,0,0,619,0,0,8,0,231,30,0,133,0,0,2,107,0,0,0,0,212,38,0,261,0,0,0,0,0,9,0,0,23,1,0,0,12,170,0,9,0,0,75,0,152,0,0,61,10,0,0,0,0,0,0,0,0,221,0,0,2,0,62,0,29,0,0,12,1,2,0,0,0,0,0,0,33,0,0,0,0,0,15,1,91,742,0,26,0,0,8,3,1,0,0,0,188,0,0,0,0,1,63,48,0,0,13,0,106,138,0,0,0,0,0,0,0,0,49,0,0,0,0,0,0,1,0,0,8,50,0,1,1,0,0,0,132,32,0,0,0,1671,0,0,0,0,0,0,17,0,0,0,0,0,0,0,351,2,12,0,3,0,12,0,0,0,0,12,0,6,0,0,23,0,0,0,0,0,451,0,1,1,0,94,9,0,0,0,0,0,15,0,4,0,43,0,0,0,0,0,0,0,0,10,0,0,29,2,93,0,0,106,0,0,5,0,0,0,1,0,271,0,0,0,0,0,0,1,40,8,0,0,0,0,0,0,26,11,0,0,0,0,0,0,0,22,75,120,0,55,45,0,0,0,0,0,0,825,0,0,40,0,0,0,30,0,0,0,0,0,0,0,59,0,6,27,0,105,0
"484",0,0,0,0,0,0,1,0,0,0,0,0,0,0,13,0,0,0,0,0,0,0,0,0,0,1743,0,8,6,9,16,0,0,163,0,0,0,0,0,0,0,0,0,0,0,276,0,0,0,0,0,0,0,0,0,0,0,0,0,0,0,0,0,0,0,0,172,0,0,108,0,0,0,0,0,237,0,5,0,0,15,0,246,0,0,39,1199,0,0,14,0,0,2,0,0,0,8,0,0,0,0,8,0,0,9,0,0,226,0,0,0,0,1,298,0,0,0,0,341,0,0,0,0,1,0,0,0,0,0,0,167,170,0,0,0,0,5,0,1,0,975,0,0,0,0,0,0,0,0,0,58,3,0,3,8,0,0,0,0,134,0,0,0,0,0,0,0,0,0,2,15,0,0,0,0,0,0,127,0,0,0,0,0,0,0,0,0,0,0,0,0,0,0,0,0,0,0,0,0,0,0,0,0,0,0,91,17,0,0,0,0,40,0,0,54,0,0,183,0,0,9,60,0,3,0,26,0,0,0,0,0,0,0,475,0,0,3,0,0,26,0,0,0,0,5,15,0,0,0,0,0,0,0,1,0,384,126,0,0,0,0,0,0,43,1,0,0,0,0,7,0,0,63,0,0,0,0,4,7,2,0,19,1139,0,0,0,0,0,0,50,0,0,0,0,0,0,17,0,10,68,77
"485",0,0,0,0,0,0,0,0,0,0,4,0,0,0,88,0,4,0,1,0,0,68,0,0,0,3308,0,0,0,12,187,0,12,119,0,0,0,5,0,0,0,0,0,0,0,119,0,0,0,0,5,0,0,0,5,0,0,0,0,1,0,0,0,0,0,0,0,0,0,15,22,0,0,0,5,0,0,0,0,25,0,0,219,0,0,0,0,25,0,63,0,105,47,0,0,0,0,0,8,0,0,10,0,0,0,0,0,2802,0,0,0,0,0,0,0,0,0,0,210,0,0,0,0,0,0,0,5,0,0,0,4,0,72,267,0,0,0,0,0,0,12,0,0,0,0,0,7,0,0,0,0,0,0,0,0,0,0,0,0,0,0,0,0,0,0,0,0,0,0,0,0,0,18,0,0,0,0,6,84,1,0,4,0,0,12,0,0,0,0,0,0,20,0,0,0,0,0,0,0,0,0,33,0,0,293,115,0,0,0,0,0,0,0,0,0,0,0,0,0,0,66,0,0,0,0,0,0,0,21,0,0,0,0,0,0,0,0,0,0,0,0,0,0,0,4,0,0,0,0,0,0,0,6,0,0,5,0,0,0,0,5,0,0,0,0,0,0,0,5,511,0,0,137,0,0,0,0,0,0,0,0,0,641,0,0,0,0,0,0,60,0,0,0,0,0,0,44,0,0,66,0
"486",0,0,0,0,0,0,0,0,0,0,0,0,1,0,3,0,0,0,0,0,0,10,0,0,0,1451,0,0,1,0,0,0,0,0,0,0,18,0,0,0,0,0,0,0,0,0,0,0,0,0,0,0,0,0,0,0,0,0,0,1,0,0,1,0,0,0,170,0,4,0,0,0,0,0,0,0,0,0,0,0,0,0,0,0,0,1,0,0,0,0,1,3,25,0,0,31,0,0,0,0,0,0,0,0,0,0,0,3102,0,0,0,0,0,0,0,0,0,0,75,0,0,0,0,0,0,0,0,0,0,0,0,0,0,1,0,0,0,0,0,0,8,0,0,0,0,0,1,0,0,1,0,0,0,0,0,0,0,0,0,146,0,0,0,0,0,0,0,0,0,0,0,0,0,0,0,0,0,0,0,0,0,0,0,0,0,0,0,0,0,0,0,0,1,0,0,1,0,0,0,0,0,0,0,0,1,1,0,0,5,0,0,0,0,0,0,0,53,0,59,0,1,0,0,0,0,0,0,0,0,0,0,0,0,686,0,0,0,0,0,0,0,0,0,0,3,0,0,0,0,0,0,0,0,0,0,1,0,0,0,0,0,0,0,1,0,0,0,0,0,1,0,0,0,0,0,0,0,0,0,3875,0,0,87,0,0,0,0,1,0,0,0,0,0,0,0,0,0,0,0,101,0
"487",0,0,0,0,0,0,0,33,0,0,0,0,1,0,1,0,0,0,0,0,0,243,0,1,1,13,0,4,1,4,84,0,0,0,0,0,0,0,0,0,1,0,329,0,0,221,0,0,0,0,0,0,3,0,18,0,0,0,0,0,0,0,0,0,0,0,472,0,0,0,42,0,0,0,0,0,0,0,0,0,0,0,0,0,0,3,0,1,0,96,0,0,0,0,0,1,4,0,0,9,0,28,0,0,0,0,0,0,0,0,0,0,0,276,0,0,0,0,74,0,0,0,0,0,0,0,0,0,0,0,17,260,0,0,0,0,1,2,0,0,40,0,0,0,0,0,68,0,0,0,0,0,0,0,0,6,0,0,0,0,0,0,0,0,0,0,0,0,0,0,0,0,0,0,0,0,0,0,663,0,0,0,0,0,0,0,0,0,0,0,0,0,1,0,0,0,0,0,0,0,0,0,0,1744,0,58,0,0,3,1,1,0,0,0,0,0,168,0,0,6,0,0,0,0,0,0,0,0,37,0,273,0,2,229,0,0,0,0,0,46,0,11,0,0,0,0,0,0,0,0,0,0,0,0,0,3,15,0,0,168,0,0,0,0,0,2,0,64,0,231,0,0,172,1,3,0,0,0,0,3586,0,0,233,0,0,0,0,1,0,0,6,0,0,0,16,0,92,0,0,57,0
"488",0,0,0,0,0,0,19,51,0,0,11,0,0,3,16,0,0,1,0,0,35,29,0,0,0,2240,0,0,0,0,0,0,0,81,3,0,1,106,4,0,0,0,0,46,0,106,0,0,0,0,3,0,0,0,0,0,0,0,0,59,0,75,0,0,0,0,19,0,0,0,39,0,0,90,0,0,0,0,0,49,14,0,0,0,55,0,4,0,0,40,0,13,0,0,0,0,0,0,12,0,0,0,0,0,0,0,1,284,0,0,0,0,0,1,0,0,0,0,96,5,1,0,0,3,33,0,0,0,16,0,0,40,67,0,0,0,1,0,0,0,0,0,1,0,0,0,16,1,0,1,12,0,0,0,1,0,0,0,167,44,0,0,0,1,0,0,0,0,0,0,0,0,1,0,0,0,0,64,96,0,0,0,0,0,0,0,0,0,0,0,0,15,1,0,0,1,13,0,0,0,0,0,0,256,1023,20,0,0,3,0,0,0,66,0,8,1,31,31,0,9,0,47,0,1,0,2,72,0,39,19,54,0,0,172,0,0,0,3,0,0,0,0,0,5,1,0,0,0,0,0,1067,0,0,0,1,4,0,0,18,0,13,0,0,4,0,0,0,48,0,80,0,0,90,0,0,0,1,10,22,1969,0,0,100,0,0,0,0,0,116,22,0,0,0,0,0,0,1,81,0,609,0
"489",0,0,0,247,0,0,3,13,0,0,0,0,0,13,449,0,0,0,0,0,0,0,0,0,3,2909,0,0,0,17,203,0,0,371,0,603,0,0,0,0,0,0,340,0,0,134,0,0,0,0,0,0,0,0,0,0,0,0,0,105,0,0,0,0,0,0,718,0,0,0,0,0,0,0,0,0,0,0,0,0,0,0,0,0,74,0,0,0,0,0,4,0,58,0,0,0,0,0,0,0,0,1837,0,0,0,0,0,0,0,0,9,419,0,0,0,0,0,0,0,0,2,107,0,69,0,0,0,0,0,0,11,0,0,0,0,0,0,0,0,0,199,0,0,0,0,0,0,0,0,0,0,0,0,0,0,0,0,0,0,21,0,0,0,0,0,0,0,0,0,0,0,0,0,0,0,0,0,92,0,0,0,0,0,0,0,0,0,0,0,0,0,0,0,0,0,0,20,0,0,0,0,0,0,0,0,0,0,0,0,0,0,0,0,0,0,0,0,0,0,0,0,0,0,0,0,0,0,0,0,0,0,0,0,0,5,0,0,0,0,0,0,0,57,0,0,0,2,0,0,0,0,0,0,0,0,0,0,0,0,0,0,0,0,0,7,0,0,26,0,352,355,0,0,2,4,0,0,0,0,0,0,0,0,0,0,0,0,10,0,0,0,0,0,0,0,0,0,0,0,0,0
"490",0,0,0,0,0,0,0,0,0,0,0,0,0,0,0,0,0,1,1,0,63,0,0,1,0,1955,3,0,9,5,0,0,0,0,0,0,0,75,0,0,0,0,0,0,0,0,0,5,0,0,0,0,0,0,0,5,0,0,0,258,3,75,0,0,0,0,144,0,0,0,17,0,0,0,0,1,0,5,0,154,0,10,357,0,0,0,0,0,0,0,0,5,1,0,0,0,0,0,0,0,0,0,0,0,0,0,0,65,0,36,0,0,10,88,0,0,0,0,421,0,0,0,0,1,92,0,0,0,0,0,0,0,0,0,0,0,8,0,0,0,91,0,0,0,0,0,43,0,1,0,0,0,2,39,1,0,1,0,0,0,0,0,0,0,0,0,0,2,0,0,29,0,5,0,5,0,8,0,158,4,0,0,0,0,0,0,0,0,0,0,3,0,0,0,0,0,0,0,0,0,0,0,0,380,0,32,0,0,0,0,0,0,0,0,0,0,80,41,234,0,30,10,0,0,0,0,0,0,56,0,0,0,0,0,0,0,0,0,0,0,1,0,0,0,0,81,0,0,0,0,0,0,26,0,40,0,169,0,0,0,0,0,0,0,0,0,0,0,0,26,0,0,179,0,0,0,7,0,0,4327,0,0,0,0,0,0,0,0,0,89,0,0,6,0,0,0,4,0,0,0,0
"491",0,0,0,0,0,0,2,11,1,0,1,0,0,49,122,1,11,0,0,0,61,14,0,0,0,1546,7,0,7,0,153,0,0,6,0,0,5,2,0,0,0,0,0,0,0,189,0,6,0,0,0,0,0,0,0,0,0,1,0,116,0,15,0,0,11,61,55,0,0,0,17,0,0,3,0,0,0,0,0,0,0,22,0,0,25,0,0,0,0,5,369,9,0,0,0,0,0,0,3,0,0,0,0,9,0,0,114,61,0,0,0,0,0,8,0,1,0,0,108,0,1,10,0,0,23,0,0,0,0,48,0,3,0,1,0,0,1069,0,0,0,21,1,0,0,0,0,6,8,0,28,1,9,0,54,1,0,0,0,1,24,0,0,0,0,0,0,0,0,3,0,27,80,0,0,6,0,0,15,127,2,9,0,0,0,6,0,0,0,0,0,5,18,1,0,0,0,0,0,1,0,0,0,1,0,62,20,0,0,0,0,0,0,12,0,1,0,230,17,118,0,95,0,74,0,0,0,0,0,15,0,98,0,0,1362,0,0,4,0,0,0,0,0,47,0,0,0,0,11,0,1,99,1,2,0,16,43,12,0,3,15,7,0,0,3,0,0,0,0,0,14,0,55,79,14,20,0,0,3,3,2146,1,0,45,0,0,0,0,0,4,0,0,0,0,0,64,0,0,2,0,155,0
"492",0,0,0,0,0,0,6,0,0,0,0,0,0,0,0,0,0,0,0,0,0,65,0,0,13,0,0,0,245,0,0,1071,0,0,0,0,0,0,0,0,0,0,89,0,0,0,0,0,0,0,0,0,0,1,0,0,0,6,0,14,0,0,0,0,439,0,20,0,0,15,0,0,0,0,0,0,0,0,0,0,0,0,0,0,894,0,0,0,0,0,466,6,0,0,0,10,0,2,0,0,0,0,0,0,0,0,0,294,0,63,0,0,0,0,0,1,0,0,0,0,0,0,0,0,0,141,0,0,0,0,0,0,0,0,0,0,0,0,0,9,46,0,0,0,0,0,9,0,0,0,0,0,0,8,3,0,0,1,0,94,0,0,0,0,0,0,0,0,0,0,1,0,0,3,0,0,0,0,190,0,18,0,0,0,0,0,0,0,0,0,0,0,26,0,0,0,0,0,0,0,0,0,0,3,0,18,0,0,0,0,0,0,54,0,0,0,88,16,0,0,0,67,0,14,1,0,0,0,0,0,0,0,0,242,0,0,0,0,0,0,0,0,1,0,1,0,0,0,0,0,0,0,0,0,0,218,0,0,0,0,0,0,0,0,0,0,0,0,0,1013,0,0,552,0,21,0,0,0,0,3167,0,0,0,0,0,0,0,15,34,0,244,0,0,1,101,0,0,0,0,0,0
"493",0,0,2,0,0,1,1,23,0,0,0,0,0,0,96,0,4,0,0,0,0,12,0,5,0,2046,0,0,3,0,0,0,0,33,0,0,7,0,0,1,0,0,0,0,0,45,0,0,0,0,4,0,0,0,0,0,0,0,0,0,2,3,0,0,0,0,184,0,0,50,0,1,0,0,0,0,0,0,0,0,0,0,246,0,0,0,0,0,0,46,0,0,7,0,0,0,7,0,41,0,0,0,0,0,0,0,0,2686,0,0,0,0,3,277,0,0,0,0,150,0,0,0,0,1,24,0,0,0,0,0,0,301,0,0,0,0,6,0,0,0,218,0,0,0,0,0,0,0,0,1,13,0,0,0,0,0,0,0,0,98,0,0,0,1,0,0,0,0,0,0,0,0,3,0,0,0,0,224,0,0,0,0,0,3,0,0,0,0,0,0,0,38,0,0,0,0,0,0,0,0,0,0,0,0,0,13,0,0,6,0,1,0,0,0,1,0,0,0,140,0,0,0,0,0,0,0,0,8,109,0,76,0,0,0,0,0,0,0,1,0,0,0,0,0,0,0,1,0,0,0,0,5,0,0,0,6,23,0,0,0,7,0,6,0,0,0,0,0,0,20,0,0,240,0,0,0,0,0,0,2258,1,0,104,0,0,403,0,0,0,0,0,0,0,0,0,0,4,0,0,24,0
"494",0,11,1,3,0,4,139,4,0,1,4,0,5,130,224,4,0,1,0,0,44,14,7,67,0,336,4,0,166,11,0,0,53,1,13,0,2,2,2,0,0,0,0,0,0,74,0,8,0,0,5,1,1,0,0,1,0,0,0,1,0,39,0,3,0,8,0,0,0,63,32,4,1,22,51,0,5,1,0,4,6,0,164,8,38,1,1,0,0,15,0,4,96,2,0,0,0,0,3,4,0,0,27,1,45,0,0,681,0,43,0,4,0,0,0,13,80,1,44,2,0,0,0,4,13,0,81,0,0,178,0,1444,0,1,0,0,32,0,1,0,10,3,0,1,0,0,6,17,1,0,2,0,0,3,3,0,29,1,0,72,24,9,0,0,0,1,26,0,1,23,7,0,223,0,0,0,4,35,1,1,0,0,0,1,24,0,0,0,0,14,0,1,0,0,0,0,0,0,3,0,0,0,0,18,0,4,3,0,0,0,91,0,0,6,2,1,3,262,88,0,1,10,223,0,0,0,0,0,0,0,25,16,1,375,0,0,1,0,0,32,7,0,0,0,2,0,0,0,0,20,0,1,16,3,3,6,1,8,1,33,1,0,0,5,1,0,0,4,42,205,0,17,410,34,10,0,0,0,6,1840,3,0,55,18,0,0,0,0,1,10,0,0,0,0,98,0,4,0,0,2,0
"495",0,0,0,0,3,0,14,0,0,0,0,1,0,1,12,0,0,11,0,0,3,88,4,0,0,1985,0,0,10,2,43,223,0,29,0,0,0,23,0,0,0,0,0,8,0,15,0,1,0,0,0,9,0,1,10,1,0,0,1,48,0,1,0,0,0,0,36,0,0,0,3,0,0,3,0,0,0,0,0,14,0,0,5,0,15,0,0,0,0,72,0,0,0,0,86,265,0,0,54,0,0,0,0,0,2,0,17,1181,0,0,0,347,0,49,0,0,0,0,2,0,0,0,0,1,287,0,0,0,2,0,96,27,0,0,0,0,0,0,0,0,0,0,0,0,7,0,0,10,0,0,5,5,0,0,0,0,0,0,6,9,0,0,0,1,0,0,0,0,0,0,5,0,2,0,0,0,0,16,517,2,12,0,0,0,10,0,0,0,47,11,0,6,0,0,1,0,0,0,1,0,0,0,0,0,0,15,1,0,0,0,1,30,7,5,4,0,23,3,0,0,32,24,0,0,0,0,0,0,39,0,80,0,0,422,0,0,1,0,0,0,1,0,4,0,0,0,0,0,0,0,215,6,39,1,0,0,0,0,0,45,2,0,0,0,1,0,0,182,2,859,79,9,10,0,0,0,0,0,0,1044,0,0,131,0,0,0,1,0,3,51,0,0,0,0,171,0,0,49,0,36,0
"496",0,0,0,0,0,0,2,28,0,0,0,0,1,0,8,0,0,0,0,0,0,0,0,7,0,281,0,0,8,0,186,0,0,78,0,0,26,0,0,0,0,0,0,0,0,131,0,0,0,0,0,0,0,0,0,0,1,6,0,0,0,22,1,0,0,0,10,0,0,244,0,0,0,0,0,0,0,0,0,0,0,0,0,0,2,0,1,0,0,0,0,4,5,0,0,8,0,0,0,0,0,6,0,0,0,0,0,33,0,0,0,0,0,113,0,0,0,0,49,98,0,0,0,1,173,0,0,0,0,0,0,372,0,1,0,0,158,0,0,0,7,0,0,0,0,0,0,0,0,0,8,0,0,31,0,5,0,0,0,0,0,0,0,0,0,0,0,0,0,0,0,0,0,0,0,0,0,0,0,0,0,0,0,0,0,0,0,0,0,0,0,157,2,0,0,4,0,0,0,0,0,0,0,0,0,0,0,0,5,0,0,0,0,0,0,0,133,0,0,0,0,0,0,0,0,0,0,0,0,0,0,0,0,138,0,0,0,0,0,3,0,0,0,0,0,0,0,1,0,0,0,0,0,0,0,0,0,0,0,0,0,0,0,0,0,0,0,0,0,160,0,0,279,0,3,0,0,0,0,7127,0,0,5,0,0,0,0,17,56,0,0,0,0,0,331,0,46,0,0,60,0
"497",0,0,0,0,0,0,3,0,0,0,0,0,0,0,84,0,0,0,0,0,0,46,0,0,0,3458,0,0,46,23,0,0,0,0,0,0,67,0,0,1,0,0,0,0,0,0,0,0,0,0,0,0,0,0,0,0,0,0,0,96,0,0,0,0,0,0,127,0,0,0,0,0,0,0,0,0,0,0,0,64,0,0,10,0,0,0,0,0,0,0,0,4,1,0,0,105,0,0,81,0,0,1,0,0,0,0,0,407,0,0,0,0,0,0,0,0,0,0,264,4,0,0,0,1,209,0,0,0,0,0,0,0,0,0,0,0,22,0,0,0,4,0,0,0,0,0,0,0,0,0,19,0,0,1,0,0,0,0,0,0,0,0,0,0,0,0,0,0,0,0,0,0,164,0,0,0,0,352,0,0,0,0,0,0,0,0,0,0,0,0,0,410,0,0,0,0,0,0,0,0,0,0,0,666,0,29,0,0,3,0,0,0,0,0,98,0,56,0,0,10,32,0,0,0,0,0,0,0,0,0,390,0,0,0,0,0,0,0,0,6,0,0,0,0,0,0,0,0,0,0,15,0,0,0,0,0,0,0,0,0,1,0,0,0,0,0,0,0,0,17,7,0,0,0,0,0,2,0,0,2394,0,0,0,0,0,0,0,0,0,0,0,0,0,0,135,0,3,0,0,282,0
"498",0,0,0,0,0,0,0,0,0,0,0,0,0,352,1,0,0,0,0,1,67,52,0,0,13,183,0,0,3,0,0,35,2,87,0,0,10,142,0,0,0,0,0,67,0,221,0,0,0,0,0,0,0,0,0,0,0,0,0,370,0,87,0,0,0,0,50,0,0,89,0,0,0,102,0,0,0,0,0,391,0,0,43,0,0,0,0,0,0,35,0,0,1,0,0,1,0,0,33,0,0,0,0,27,0,0,189,763,0,0,12,0,0,327,0,0,0,0,119,0,0,0,0,1,42,0,0,0,0,0,6,48,0,0,0,0,0,0,0,0,0,0,0,0,89,0,31,0,0,0,16,0,0,0,0,0,0,0,231,56,0,0,0,0,0,1,0,0,0,0,0,0,0,0,0,0,0,0,705,0,0,0,0,0,23,0,0,0,0,5,0,55,1,0,0,0,0,0,0,0,0,0,0,0,987,17,0,0,0,1,0,0,145,0,0,0,115,0,0,0,0,0,0,0,0,7,0,0,90,0,119,0,0,82,0,0,0,0,0,0,0,0,0,0,0,0,0,3,0,0,0,0,0,0,0,0,0,0,0,1,0,0,1,1,0,0,0,0,55,9,0,5,209,0,0,0,0,0,2,3015,1,0,82,0,0,0,0,1,0,9,0,0,0,0,0,0,1,0,0,81,0
"499",0,0,0,0,0,0,0,14,0,0,0,0,0,68,122,0,0,0,0,0,222,73,0,0,0,2009,0,0,91,0,0,0,0,51,0,0,4,14,1,0,0,0,0,34,0,0,0,2,23,0,1,2,0,0,0,0,0,4,0,0,0,55,0,0,0,0,60,0,0,0,10,0,0,40,16,0,0,9,0,9,0,0,0,0,127,30,0,0,0,15,1,16,224,0,0,9,0,0,59,0,0,0,0,0,25,1,76,20,0,0,0,0,0,90,0,0,0,0,52,1,0,0,0,12,131,0,0,0,4,0,2,34,0,0,0,0,307,0,0,0,10,0,0,0,0,0,0,0,0,116,3,34,1,0,1,0,0,0,0,24,0,0,0,0,0,1,0,0,0,0,23,0,8,0,0,0,0,79,16,0,114,0,0,0,0,0,0,0,47,0,0,7,15,19,0,24,0,4,0,0,0,0,0,0,0,4,0,0,0,15,0,0,0,0,16,0,76,10,1,3,0,0,0,0,0,0,0,0,47,0,93,0,0,2185,0,0,0,0,0,0,0,1,0,0,0,0,0,0,0,0,29,2,7,0,6,9,0,0,4,0,7,17,0,0,0,0,0,0,0,101,0,0,536,0,1,0,1,0,7,1445,0,0,15,0,0,0,0,6,59,0,0,0,0,0,187,0,15,0,9,147,0
"500",16,6,0,0,0,0,87,0,0,1,3,0,0,294,1,0,0,1,1,0,101,63,0,0,0,838,2,0,12,7,31,260,0,46,0,0,10,320,1,0,0,0,0,80,0,135,0,1,0,0,66,0,1,1,3,4,1,0,0,355,2,0,0,3,0,0,84,0,0,0,40,2,17,98,0,2,0,0,0,271,2,6,276,0,158,1,108,0,0,42,0,30,0,0,0,0,0,0,0,0,0,1,0,3,6,0,0,1010,0,0,0,1,0,191,10,0,0,0,193,1,0,0,0,0,23,0,0,0,1,42,1,72,0,0,0,0,7,3,0,0,509,0,0,0,0,0,24,0,0,0,47,0,0,157,0,0,0,0,0,42,0,4,6,936,0,0,4,0,0,0,10,0,1,0,0,0,3,144,184,3,0,0,0,0,21,0,0,0,0,0,0,26,0,0,8,0,0,3,0,0,0,0,0,7,0,155,4,0,7,11,36,0,0,1,10,0,107,17,234,0,0,35,0,8,0,0,0,0,34,13,195,0,1,269,0,0,4,0,0,169,11,0,0,0,6,46,0,0,1,0,0,6,22,1,35,1,0,9,0,8,0,0,0,1,3,0,0,0,0,1,0,4,24,1,3,0,0,0,3,1212,3,1,60,0,0,20,0,0,237,1,39,0,1,0,0,0,16,0,0,187,0
"501",0,0,0,0,0,0,1,1,0,0,0,0,1,0,10,0,0,0,0,0,1,11,0,22,0,3569,1,9,12,28,322,0,0,49,0,0,61,264,0,6,0,3,0,33,0,4,0,7,0,0,5,0,0,0,55,0,0,0,0,113,0,1,0,0,0,5,24,0,0,0,27,4,0,4,0,432,0,0,0,17,1,3,79,0,1,0,79,0,0,17,14,12,4,0,0,0,60,0,10,0,0,20,0,0,1,0,0,179,0,0,0,0,0,56,7,0,1,0,58,0,0,0,0,1,99,0,0,0,8,0,10,1,0,0,0,0,382,0,0,0,7,0,0,0,0,0,18,0,3,1,1,11,0,1,15,0,0,0,172,0,0,0,0,279,0,0,0,0,0,0,6,0,0,0,20,0,0,13,583,0,0,0,0,0,16,0,0,0,0,0,0,85,3,0,0,0,0,8,0,0,0,0,0,126,0,8,5,0,1,1,0,0,0,0,11,0,97,143,271,1,0,24,0,0,0,1,0,0,45,42,22,0,0,306,0,0,7,0,0,4,8,0,0,5,0,0,0,0,0,1,0,3,0,0,8,9,1,1,6,3,0,0,0,6,4,0,0,0,0,73,0,9,704,0,0,0,1,1,69,373,0,0,223,0,0,4,0,4,21,87,0,0,8,0,11,8,50,0,0,75,23
"502",0,0,0,0,0,0,1,43,0,0,0,0,0,0,22,0,0,0,0,0,0,45,0,42,0,1369,2,0,26,45,235,0,0,150,0,0,0,0,1,0,0,0,0,50,0,46,0,0,0,0,0,0,0,0,0,0,0,0,0,313,1,0,0,0,0,0,224,0,0,23,0,0,0,0,0,0,0,0,0,0,0,0,0,0,0,4,0,0,0,0,0,11,76,0,0,0,0,0,0,0,0,0,0,0,0,3,0,4167,0,0,0,0,0,0,0,0,0,0,308,0,0,0,0,0,172,0,0,0,0,0,0,0,0,0,0,0,54,0,0,0,60,0,0,0,0,0,29,13,0,0,7,0,0,0,0,0,0,0,0,0,0,0,0,0,0,1,0,0,0,0,10,0,0,0,0,0,0,0,40,1,0,0,0,0,32,0,0,0,0,0,0,187,0,1,234,0,0,0,0,0,0,0,0,0,0,298,1,0,1,0,0,0,0,0,0,0,0,0,520,0,0,26,21,0,0,0,4,0,0,0,0,1,0,0,0,0,0,0,1,0,0,0,0,0,0,205,0,0,0,0,0,0,25,0,0,0,19,0,6,0,0,0,0,25,0,0,0,0,20,14,0,0,83,0,0,0,0,0,13,0,0,0,198,0,0,0,0,0,0,38,0,0,1,0,0,0,9,0,0,192,0
"503",0,0,0,5,0,0,4,0,0,0,0,0,0,0,0,0,0,0,0,0,0,209,0,0,5,616,0,0,59,0,0,0,0,256,0,0,0,7,0,0,0,0,0,6,15,133,0,0,0,0,0,0,0,0,0,0,0,0,0,0,0,0,25,0,0,0,600,20,0,0,25,0,10,6,0,0,0,0,0,0,0,0,0,0,55,0,9,1,0,92,0,0,0,0,0,0,0,0,8,0,0,0,0,0,49,0,0,0,15,0,0,59,0,69,0,0,0,0,0,0,0,0,12,38,53,0,0,0,0,0,5,118,0,0,0,0,0,5,0,0,0,0,0,0,133,0,26,19,0,0,0,0,0,5,1,12,0,0,132,0,0,0,4,0,0,0,0,0,0,48,0,0,0,0,36,0,0,122,0,0,0,0,0,0,0,0,0,0,0,0,0,353,3,0,0,0,0,0,0,0,2,0,0,0,0,421,0,0,0,1,0,0,12,0,4,0,0,0,94,4,0,0,0,0,0,1,0,0,9,0,32,0,0,423,0,0,0,0,0,0,0,51,0,0,0,0,0,0,0,0,0,3,0,0,30,0,187,0,0,0,0,0,0,4,0,4,0,0,0,872,0,0,903,0,0,0,0,0,8,3251,0,0,161,0,0,0,0,0,0,0,0,1,0,0,64,0,0,0,0,0,69
"504",0,0,0,0,0,0,1,0,0,0,0,0,0,0,127,0,0,0,0,0,0,0,0,1,0,3423,0,0,2,78,6,0,0,125,0,0,0,0,0,0,0,0,0,6,0,1,0,0,0,0,0,0,0,0,0,0,0,0,0,0,0,0,0,0,0,0,13,0,1,0,0,0,0,0,0,0,0,0,0,0,0,0,1,0,0,2,0,0,0,0,0,0,156,0,0,11,0,0,16,0,0,44,0,0,0,0,0,1385,0,0,0,0,0,0,0,0,0,0,0,0,0,0,37,6,1447,0,0,0,0,0,39,1,0,0,0,1,188,0,0,0,630,0,0,0,0,0,0,0,0,0,0,0,0,0,0,0,0,0,0,10,0,0,0,0,0,1,0,0,0,0,0,0,9,0,0,0,0,0,1,0,0,0,0,0,0,0,0,0,0,0,0,0,0,0,0,1,0,0,0,0,0,0,0,0,196,0,0,0,0,1,0,0,0,0,0,0,0,0,0,0,0,0,0,0,0,0,0,0,21,0,0,0,0,633,0,0,0,0,0,0,0,0,0,0,0,0,0,0,0,0,0,0,0,0,0,157,0,0,0,0,0,0,0,0,0,0,0,0,0,366,0,0,164,0,1,0,0,0,0,486,0,0,0,0,0,0,0,0,0,0,0,3,0,0,39,0,185,0,0,0,0
"505",0,0,0,0,0,1,1,0,0,5,5,0,0,63,10,0,0,1,1,0,13,32,0,30,0,1928,0,0,5,10,1558,0,0,127,0,0,13,211,0,0,0,0,0,13,0,25,0,1,0,0,6,0,0,0,0,0,0,0,0,0,5,8,0,0,0,0,53,0,13,0,156,2,1,4,0,0,0,0,0,193,0,0,0,0,28,0,0,1,0,15,1,11,0,0,0,0,0,0,67,0,0,0,0,3,10,0,20,906,0,27,0,21,0,68,4,0,1,0,18,0,1,0,0,1,77,0,0,0,3,0,1,1,0,0,0,0,0,0,0,0,7,0,0,0,0,0,40,1,0,1,15,0,0,0,0,0,0,0,6,53,0,0,0,0,0,0,0,0,0,0,7,0,1,0,0,32,0,163,349,1,0,0,13,0,6,0,0,0,0,0,0,31,1,0,0,0,1,4,0,0,0,0,0,11,933,24,0,0,0,1,0,0,0,0,22,0,70,123,353,0,0,39,0,0,0,0,0,0,85,0,22,0,0,280,0,0,3,0,0,0,0,1,0,0,0,0,0,0,0,1,57,5,53,0,32,0,3,0,15,6,0,0,0,1,27,0,0,0,6,32,0,46,61,1,0,0,0,0,40,1075,0,0,336,0,0,0,0,0,48,17,0,0,1,0,19,0,0,0,0,102,0
"506",3,1,0,0,0,0,0,0,0,0,0,0,0,0,947,0,0,0,0,0,3,8,0,0,0,2684,0,0,0,119,0,0,0,40,0,0,0,39,1,0,0,0,202,26,0,378,0,0,0,0,0,1,0,1,15,0,0,0,0,3,0,0,0,0,0,0,278,0,0,0,8,0,0,0,0,0,0,3,0,11,0,0,164,0,0,0,0,0,0,0,0,6,33,0,0,0,0,0,0,1,0,76,0,0,0,0,0,296,0,0,0,0,0,0,0,0,0,0,115,0,0,0,0,1,82,0,0,0,0,0,53,0,0,0,0,0,29,0,0,0,23,0,0,0,0,627,0,0,0,0,7,0,0,0,1,0,0,0,0,30,8,0,0,0,0,0,0,0,1,0,4,0,0,0,0,0,6,0,55,0,0,0,0,0,0,0,0,0,0,0,0,48,0,1,0,0,0,0,0,0,0,0,0,0,0,0,0,2,2,0,0,59,0,9,0,0,79,0,1,0,0,34,0,0,0,0,0,0,71,0,72,0,0,245,0,0,0,0,0,0,0,0,47,0,2,1,0,0,0,0,0,0,0,0,0,0,0,0,9,7,0,0,0,0,0,0,0,0,12,96,0,0,871,0,0,0,0,0,3,3,0,1416,234,0,0,0,0,0,0,5,103,0,0,1,0,0,26,0,0,13,0
"507",0,0,0,0,0,0,0,0,0,0,0,0,1,0,1,0,0,1,0,3,3,13,0,16,0,1,0,0,30,23,23,0,0,27,0,0,1,0,1,0,0,11,0,50,0,182,0,2,0,0,0,0,0,0,28,0,0,0,0,886,5,0,0,28,0,0,181,0,0,0,58,0,0,8,0,8,0,0,0,144,0,67,40,0,0,1,2,0,0,13,0,57,57,0,0,0,0,0,0,0,0,0,0,0,0,0,155,1063,0,0,0,0,0,218,0,2,0,0,84,0,0,0,0,4,7,0,0,0,2,0,0,2,188,0,0,0,5,0,0,0,47,0,1,0,8,0,13,2,0,0,36,14,0,7,0,0,0,0,12,140,0,0,0,0,0,0,0,1,0,20,7,0,0,0,0,0,24,70,627,3,0,0,0,0,0,0,0,0,0,0,17,0,1,0,0,0,0,0,0,0,0,0,0,151,0,82,9,0,0,6,8,0,0,0,0,6,194,329,201,0,0,125,0,0,0,0,941,0,8,0,0,1,0,143,0,0,3,0,4,8,9,0,0,171,7,0,0,0,0,0,0,0,0,0,34,9,5,0,1,15,5,0,0,1,478,0,0,0,28,135,0,0,739,1,0,1,0,0,4,363,0,0,193,0,0,25,0,1,0,134,0,0,1,0,10,13,29,0,0,46,0
"508",0,4,1,0,0,0,0,14,0,1,1,0,0,0,437,0,0,0,0,0,1,1,0,1,0,696,1,0,30,37,1,0,0,0,0,0,9,1,1,0,0,0,0,0,0,1,0,1,0,0,1,0,1,1,3,1,0,1,0,4,1,0,0,0,0,1,7,0,0,0,4,0,1,2,0,0,0,0,0,1,0,1,20,0,1,13,0,0,0,15,1602,33,0,0,0,0,0,0,4,0,0,0,1,0,1,0,1,254,0,0,0,0,0,7,0,0,0,0,13,0,0,0,0,4,32,0,1,0,0,0,1,9,0,0,0,0,147,0,0,0,29,1,0,0,0,0,1,1,0,3,1,1,0,1,1,0,0,0,0,8,0,0,0,1,0,0,0,0,1,1,1,0,0,0,0,0,2,1,9,1,0,0,0,0,0,0,0,0,0,0,0,1,0,0,0,0,0,1,0,466,0,0,0,47,0,4,0,0,1,8,1,0,0,1,1,0,22,1,1,0,0,14,0,0,0,0,11,0,1,0,1,0,1,106,0,0,1,0,0,0,0,0,0,15,1,24,0,0,0,0,0,1,1,0,1,1,10,0,1,1,1,0,0,1,0,0,4,0,0,4697,31,1,177,0,3,0,0,0,0,728,0,16,1,0,0,0,0,0,12,1,0,0,0,0,22,1,4,0,0,1,0
"509",0,0,0,0,0,0,0,71,0,0,0,0,0,0,23,0,0,0,0,0,0,227,0,0,0,1,0,0,24,0,569,0,1,0,0,294,19,816,0,0,0,0,0,0,0,143,0,0,0,0,0,0,0,3,0,0,0,0,0,0,0,0,0,0,0,0,217,0,3,22,0,0,0,0,0,0,0,0,0,1007,0,0,70,0,0,6,0,0,0,37,0,0,0,0,0,1,0,0,81,0,0,0,0,0,0,0,0,297,0,16,0,0,0,48,0,0,0,0,516,0,0,0,142,0,112,0,0,0,0,0,153,6,151,0,0,3,77,4,0,0,19,0,0,0,0,0,88,21,0,2,14,0,0,0,1,0,0,0,0,74,0,0,0,462,0,0,0,0,0,4,0,0,0,0,0,0,0,0,798,0,0,0,0,0,0,0,0,0,0,0,0,0,0,0,0,0,190,6,0,0,0,0,0,249,1,313,0,0,1,0,0,0,0,0,0,2,0,0,0,0,155,42,0,0,0,0,0,0,92,0,0,0,0,3,0,0,44,0,0,0,0,0,0,0,1,38,0,0,0,0,0,0,0,0,0,34,0,0,0,0,4,0,0,51,0,0,0,0,13,86,0,0,524,0,0,0,0,0,0,244,0,0,755,0,0,55,0,6,0,0,0,0,0,0,24,0,6,110,0,167,0
"510",0,0,0,0,0,0,0,19,0,0,0,0,0,84,9,0,0,0,0,0,43,149,0,3,0,1532,0,0,15,4,650,0,0,53,0,0,46,131,0,0,0,0,358,0,0,9,0,4,0,0,3,0,3,4,5,1,0,0,0,199,0,0,0,0,0,0,55,0,0,0,32,0,1,10,0,0,0,0,0,119,0,0,1,0,5,0,4,0,0,168,0,3,121,0,0,15,0,0,0,0,0,1,0,0,3,0,0,796,0,3,0,0,0,203,0,27,0,0,103,3,0,0,0,0,48,0,0,0,0,0,0,99,0,1,0,0,23,0,0,0,51,0,1,1,0,0,52,0,0,0,19,0,1,0,1,0,0,0,0,0,13,0,0,0,0,0,0,0,0,0,22,0,0,0,0,0,2,0,0,4,0,0,0,0,3,0,0,0,0,0,0,40,5,18,0,0,0,1,0,0,0,0,0,0,0,23,1,0,4,9,1,0,0,0,18,1,431,0,538,0,0,0,0,0,0,7,0,0,89,0,126,0,0,497,0,0,0,0,0,4,0,85,0,0,0,51,0,0,0,0,0,5,49,0,27,1,12,0,1,1,14,0,0,1,1,0,0,0,0,27,0,0,66,4,4,0,59,0,0,2489,3,0,63,0,0,0,0,0,0,0,0,0,0,0,331,12,4,0,0,187,0
"511",0,0,0,0,0,0,3,0,0,0,0,0,0,0,13,0,0,0,0,0,0,1,0,0,0,3655,0,0,15,0,0,0,0,16,0,0,62,0,0,0,0,0,0,0,0,276,0,0,0,0,0,0,0,0,0,0,0,0,0,0,0,0,0,3,0,0,30,0,0,0,0,0,0,0,0,0,0,0,0,0,0,0,0,0,0,6,0,0,0,0,0,14,0,0,0,0,3,0,0,0,0,0,0,0,5,0,0,416,0,0,0,0,0,35,0,0,0,0,147,0,0,0,0,1,29,0,0,0,0,0,0,0,0,351,0,0,31,0,0,0,1,0,0,0,0,0,0,0,0,0,0,0,0,0,0,0,0,0,0,67,0,0,0,131,0,0,0,0,0,0,0,0,1,0,0,0,0,0,0,0,0,0,0,0,0,0,0,0,0,0,0,198,0,0,0,0,0,0,0,0,0,0,0,1,0,28,0,0,1,8,0,0,0,0,0,0,0,0,229,0,0,59,0,0,0,0,0,0,0,0,0,0,0,413,0,0,0,0,0,0,0,0,0,0,1,1,0,0,0,0,0,0,0,0,0,9,19,0,0,0,4,0,0,0,0,0,0,0,0,0,0,0,124,0,0,0,0,0,0,3477,0,0,18,0,0,0,0,0,0,0,0,0,0,0,0,0,4,0,0,173,0
"512",0,0,0,0,0,0,2,0,0,0,0,0,0,0,27,0,0,0,1,1,99,20,0,0,0,131,0,0,2,1,0,0,6,98,0,0,73,7,0,0,0,0,0,164,0,228,0,4,0,0,4,0,0,0,33,2,0,0,0,83,0,0,0,0,0,0,0,0,0,0,47,1,0,138,0,0,0,0,0,17,0,0,2,0,1021,0,1,0,0,66,0,1,0,0,0,0,0,0,20,0,0,0,0,0,13,0,446,48,0,0,0,3,0,71,0,0,0,0,28,2,0,0,0,1,73,0,93,1,3,0,19,195,0,0,0,0,0,1,0,0,1,0,0,0,0,0,1,0,6,0,0,0,0,1,1,0,0,0,0,73,0,0,0,704,0,0,0,0,0,0,0,0,0,0,0,0,0,59,0,0,0,0,0,0,19,0,0,0,0,0,0,25,4,0,0,0,0,0,0,1,0,0,0,1,0,7,1,0,0,6,0,0,0,0,2,0,50,37,86,0,1,2,0,0,0,0,0,0,103,0,175,0,0,233,0,0,0,0,0,0,0,0,0,0,2,0,0,0,0,0,0,0,32,0,21,3,0,0,85,0,0,0,22,1,12,0,0,0,0,174,0,140,223,8,0,0,0,0,68,3488,0,1,228,0,0,0,0,0,0,12,0,0,0,0,48,0,2,0,0,121,0
"513",0,0,0,0,0,0,2,0,0,0,0,1,0,0,836,0,3,0,0,0,3,13,1,0,0,2879,0,0,12,0,0,0,1,10,0,0,6,1,0,0,0,0,0,9,0,3,4,0,0,0,1,0,0,0,0,1,1,0,0,0,0,0,3,0,0,0,7,0,0,2,2,0,0,4,0,0,0,0,0,1,0,0,1,1,50,0,0,2,0,9,0,5,0,0,0,0,0,1,0,0,0,0,0,0,1,0,19,56,0,0,0,0,0,13,0,0,0,0,2,0,0,0,0,1,49,0,0,4,0,0,0,17,0,3,0,0,0,0,0,0,0,0,0,0,0,0,1,0,0,0,1,1,0,0,1,0,0,0,3,63,0,0,0,0,0,0,0,0,0,0,0,0,10,0,0,0,0,62,3,0,0,0,7,0,1,0,0,0,0,0,0,2,0,0,0,0,0,0,0,0,0,0,0,0,0,4,0,0,1,1,0,0,6,0,1,0,23,0,146,0,28,1,0,0,0,1,0,0,8,0,41,0,0,372,0,0,0,0,0,0,0,13,0,0,0,0,0,0,0,0,126,1,8,0,1,3,0,0,1,1,0,0,0,2,0,0,0,0,0,4273,0,2,100,0,0,0,0,0,0,617,0,0,19,0,0,0,0,0,0,2,0,0,0,0,0,0,3,0,0,17,0
"514",0,0,0,0,0,0,4,3,0,0,0,1,0,34,70,0,0,0,0,4,0,5,0,0,0,7,0,0,1,1,126,1,0,1,0,0,6,70,3,0,0,0,0,12,0,4,0,0,0,0,0,0,0,0,11,0,0,0,0,166,0,0,0,0,0,0,115,1,0,0,13,1,0,8,0,0,0,0,0,31,0,0,0,0,47,0,0,0,2,1,0,72,21,24,0,0,14,0,1,0,0,119,0,0,6,1,1,1470,0,20,0,0,0,1,0,0,0,0,18,4,0,0,0,9,18,0,0,0,0,0,1,1,0,0,0,0,221,0,0,0,8,0,0,0,0,0,5,6,0,0,0,1,0,0,48,0,0,0,9,60,0,0,5,1,0,0,0,0,0,0,3,0,0,0,0,0,0,1,391,0,0,0,0,0,1,0,0,0,0,9,0,8,0,20,0,0,0,0,0,0,0,0,0,0,0,10,0,0,1,0,3,0,0,1,0,0,105,0,235,3,24,18,0,0,0,0,29,0,7,1,1,1,0,789,0,0,0,0,0,88,0,0,0,0,74,0,0,1,0,1,3,0,0,0,5,14,1,0,3,1,0,0,0,1,0,0,0,0,1,3312,0,5,57,0,0,0,1075,0,3,1016,0,0,70,0,0,0,0,0,5,7,0,0,1,0,10,4,1,0,0,69,0
"515",0,0,0,0,0,0,25,23,0,1,0,3,0,122,0,0,0,0,1,0,129,147,9,0,0,377,1,0,0,0,0,0,0,89,0,0,2,80,2,0,0,0,0,0,0,85,0,0,0,0,1,0,0,0,124,2,0,0,0,549,3,4,0,0,0,0,321,0,0,0,8,1,5,0,0,0,0,0,119,0,0,0,46,9,11,0,0,0,0,9,0,35,0,33,0,0,0,0,40,0,2,0,0,0,0,3,233,491,0,0,0,4,0,1363,0,0,0,0,307,0,0,6,0,19,133,0,0,20,0,5,85,18,0,0,0,0,0,0,0,0,0,0,0,0,0,0,0,0,0,0,24,0,0,0,0,0,0,0,0,49,0,0,1,336,0,0,0,0,0,0,0,0,1,0,0,0,0,2,295,0,0,0,0,0,60,0,0,0,0,0,0,322,0,0,0,0,0,0,0,0,0,0,0,0,0,53,0,0,0,0,0,0,30,0,4,0,151,35,0,8,0,99,0,0,0,0,40,0,20,20,22,0,0,0,0,0,0,0,0,0,7,0,0,0,0,0,0,0,0,0,0,1,12,0,0,0,0,1,19,0,0,0,10,7,0,0,0,0,0,104,2,51,504,0,0,0,0,0,9,1471,0,44,187,0,0,0,0,0,261,93,0,0,0,0,1,13,0,0,0,55,0
"516",0,0,0,0,0,0,0,1,0,1,0,0,1,0,20,0,0,0,0,0,3,4,0,3,0,596,0,0,1,43,0,0,0,0,0,0,258,1,0,0,0,0,0,10,0,1,0,0,2,0,0,0,0,0,13,0,0,0,0,6,0,1,0,0,0,0,0,0,7,0,4,0,1,0,0,0,0,0,0,0,0,0,1,0,1,1,1,0,0,0,0,1,88,0,0,0,0,0,1,0,0,0,0,0,1,0,1,1963,0,0,0,0,0,43,0,0,0,0,34,0,0,0,0,1,49,0,0,0,0,0,4,7,0,0,0,0,242,0,0,0,63,0,0,0,0,0,15,1,0,0,0,0,0,16,0,0,0,1,0,0,0,0,2,0,0,0,0,0,0,0,0,0,0,0,0,0,0,1,0,1,0,0,0,0,0,0,0,0,0,1,0,0,1,0,0,0,0,0,0,0,0,0,0,0,0,10,0,0,1,1,0,0,0,0,1,1,10,1,163,0,0,26,0,0,0,0,1,0,9,0,0,0,0,722,0,0,0,0,0,0,0,0,0,0,0,0,0,0,0,8,1,1,4,0,16,4,10,0,0,1,0,0,0,1,0,0,0,0,0,4844,0,0,185,0,0,0,19,0,1,338,1,0,33,0,0,0,0,0,0,0,0,0,0,0,23,0,60,0,0,31,0
"517",0,0,0,0,5,0,12,19,112,1,0,1,0,0,0,0,0,0,0,1,1,1,0,7,0,4600,2,0,30,12,1,0,0,29,0,0,0,1,0,0,1,1,0,13,0,6,0,1,0,0,1,6,1,0,1,3,0,0,0,1,1,12,0,0,0,0,0,0,0,0,11,0,0,2,38,0,0,3,0,0,0,0,239,0,1,5,218,0,0,9,11,15,0,63,34,0,0,0,0,0,0,49,0,0,1,0,118,277,0,0,1,0,0,1,0,0,0,87,18,0,0,4,0,0,247,0,0,0,1,13,6,4,0,0,0,0,348,1,0,0,42,0,0,0,0,0,1,1,0,0,1,5,3,0,0,0,0,0,0,80,0,1,1,1,0,0,0,0,1,180,4,0,0,0,0,1,3,1,50,1,3,0,22,1,3,0,0,0,4,1,0,0,3,0,2,0,0,1,1,0,0,0,0,1,0,7,4,0,0,25,4,0,0,0,1,0,68,1,1,0,37,0,18,8,0,0,0,1,10,4,89,1,0,1649,0,1,1,0,1,3,0,0,15,0,0,0,0,0,2,0,0,1,3,0,3,5,1,1,1,8,1,0,0,1,1,0,1,45,1,466,18,4,155,0,0,0,0,0,12,9,1,0,44,0,0,0,1,0,21,5,0,0,1,0,79,1,0,13,0,37,0
"518",0,0,0,0,0,0,1,0,0,0,1,0,0,0,27,0,0,1,0,0,3,34,0,10,1,0,0,0,84,0,0,0,0,50,0,0,24,1,8,0,0,0,0,0,0,6,0,0,0,0,1,0,0,0,0,0,0,0,0,17,0,19,0,0,0,0,53,0,6,0,12,0,0,0,0,0,0,0,0,1,0,0,1,0,75,0,0,0,0,78,0,1,288,0,0,120,0,0,0,0,0,47,0,0,4,0,3,1998,0,10,0,11,0,8,0,0,0,0,7,0,0,0,0,0,96,0,0,0,0,0,65,610,0,3,0,0,0,0,0,0,636,0,0,0,0,0,0,0,0,0,4,1,0,0,0,0,0,0,0,83,0,0,0,0,0,0,0,0,0,0,0,1,0,0,0,0,0,0,65,0,0,0,6,0,0,0,4,0,0,1,0,28,3,0,0,0,40,0,0,0,0,0,0,0,0,9,0,0,1,8,0,0,0,0,5,0,25,0,161,0,1,0,0,0,0,0,0,0,3,0,1,0,0,0,0,0,0,0,0,0,0,0,0,0,0,0,0,0,0,0,1,0,7,0,8,7,0,0,1,0,0,0,0,0,20,0,0,0,0,0,0,1,2188,0,0,0,0,1,16,2555,0,0,134,0,0,0,0,0,0,0,0,0,0,0,0,0,3,0,0,67,0
"519",0,0,0,0,0,0,121,10,0,0,0,0,0,98,10,0,1,0,1,0,10,5,0,24,2,2619,0,0,29,0,40,0,0,25,0,0,0,11,0,0,0,3,0,0,0,176,0,0,0,0,0,0,0,0,0,0,0,0,0,119,0,0,0,0,0,0,3,0,0,37,14,0,0,8,0,0,0,0,4,151,0,0,1,0,32,0,0,0,0,8,0,5,0,0,0,2,0,0,45,0,0,0,0,1,0,0,125,206,0,0,0,0,0,1,0,0,0,0,1,0,0,0,0,0,3,0,0,0,0,0,0,59,0,3,0,0,0,0,0,0,10,0,0,0,0,0,2,0,0,1,3,0,0,47,0,0,0,0,1,38,0,0,0,2494,0,0,0,0,0,0,11,1,0,0,0,0,0,0,3,10,8,0,0,0,1,0,0,0,0,0,0,1,1,0,0,0,0,0,0,0,0,0,1,5,0,4,0,0,3,4,0,0,10,0,2,0,130,0,0,0,0,1,0,0,0,0,0,0,31,0,67,0,0,441,0,0,1,0,0,0,0,0,0,0,0,18,0,0,1,0,472,6,0,0,6,0,0,0,2,0,0,0,0,0,0,0,0,0,1,1,0,0,2,0,18,0,0,7,0,1646,0,0,1,0,0,0,0,0,24,0,0,0,0,0,49,0,11,0,0,35,0
"520",0,0,0,0,0,0,0,23,92,0,1,1,0,1,9,0,0,1,1,0,65,25,0,0,1,7,0,0,24,42,114,1,14,139,3,0,258,374,0,0,0,8,0,36,0,8,1,8,0,0,4,6,1,0,125,0,0,0,0,71,2,34,0,0,0,5,15,0,0,0,81,0,0,22,757,0,0,1,0,29,1,9,251,0,233,13,1,0,0,40,309,37,13,0,0,0,0,0,61,0,0,0,0,26,15,3,120,367,0,0,0,30,0,66,1,0,0,0,153,1,0,23,0,1,71,0,0,18,21,37,29,7,47,0,0,0,7,0,0,0,0,0,0,0,100,0,42,12,1,0,1,28,0,7,0,0,0,0,36,59,0,0,0,0,0,0,10,0,1,0,5,0,0,0,0,0,2,94,64,4,5,0,0,0,25,0,0,0,40,0,0,178,1,0,0,0,0,1,0,0,0,0,1297,80,0,7,0,0,0,0,0,72,0,2,55,1,67,324,305,10,72,0,0,3,0,1,0,0,75,16,216,0,1,373,0,0,9,0,0,4,0,0,0,0,0,8,0,0,0,15,0,6,36,0,43,14,3,7,70,9,1,17,0,0,0,0,0,0,154,79,0,69,191,0,1,0,0,5,18,1169,3,0,221,0,0,0,0,0,6,54,0,0,8,0,132,7,4,56,0,110,0
"521",0,0,0,12,0,0,1,122,1379,0,6,0,0,80,46,0,1,0,0,0,36,1,0,0,2,38,0,0,81,0,1,0,0,0,0,0,67,81,0,0,3,0,0,59,11,32,0,0,0,0,0,0,0,0,0,0,0,0,0,4,0,50,1,0,2,5,58,0,6,0,29,0,0,103,394,0,0,0,0,15,0,3,0,0,265,0,0,0,0,32,102,105,1946,0,0,0,0,0,24,14,3,0,0,0,10,0,0,287,0,0,0,0,0,72,0,0,0,1,49,0,0,0,8,1,16,0,0,0,0,0,56,310,0,0,0,0,63,4,0,0,2,0,0,0,0,0,0,0,0,0,1,86,8,0,0,0,0,0,9,66,12,0,0,0,0,0,0,0,0,9,1,0,9,0,0,0,0,13,6,1,0,0,0,0,0,0,0,0,149,0,0,40,0,0,73,0,0,45,0,0,0,0,0,0,0,1,0,0,0,0,0,0,0,0,8,0,22,0,65,34,0,0,24,0,0,0,0,0,0,0,50,0,0,13,0,0,0,0,0,4,0,0,0,0,0,0,4,3,1,0,49,1,0,0,8,0,1,5,0,0,3,24,0,1,0,0,0,0,90,984,1,0,0,0,0,0,1,0,5,1133,0,0,88,0,0,0,0,0,11,6,0,0,0,8,31,0,0,0,0,8,0
"522",0,0,0,1,0,0,0,0,0,0,0,0,0,0,314,0,8,0,0,0,0,12,0,0,0,928,0,0,60,0,0,0,0,11,0,0,1,0,0,0,0,0,0,0,0,45,0,0,16,0,0,0,0,0,0,0,0,0,0,0,0,0,0,0,0,0,0,0,0,0,0,0,0,0,0,0,0,0,0,0,0,0,0,0,0,13,0,0,0,45,3,6,0,0,0,5,0,0,4,0,0,0,0,0,0,0,0,201,0,0,0,0,0,0,0,0,0,0,0,0,1,0,0,6,5,0,0,0,0,0,0,0,0,0,0,0,283,0,0,0,0,0,0,0,0,0,0,0,0,0,0,0,0,0,0,0,0,0,0,0,0,0,0,0,0,0,0,0,0,0,0,0,626,0,0,9,0,0,0,0,0,0,0,0,0,0,1,0,0,0,0,18,4,0,0,0,0,0,0,0,0,0,0,0,52,0,0,0,0,9,0,0,0,0,2,0,56,0,0,0,0,0,0,0,0,0,0,0,0,0,0,0,0,37,0,0,0,0,0,0,0,0,0,0,0,37,0,0,0,0,0,0,0,0,0,0,0,0,0,0,0,0,0,0,0,0,0,0,0,7241,0,0,66,0,0,0,0,0,0,2,0,0,5,0,0,0,0,0,0,21,0,0,0,0,13,0,3,0,0,9,0
"523",0,0,0,0,0,0,0,0,0,0,0,0,0,0,15,0,0,0,0,0,0,81,0,1,0,797,0,0,8,0,13,0,0,27,0,0,93,9,0,0,0,0,0,0,0,564,0,0,0,0,0,0,0,0,0,0,0,0,5,0,0,0,0,0,0,0,42,0,0,0,0,0,0,0,0,0,0,0,0,0,0,0,0,0,0,0,224,0,0,61,0,21,213,0,0,0,0,0,0,0,0,10,0,0,0,0,0,216,0,0,0,0,0,24,0,0,0,1,184,0,0,0,0,4,79,0,0,0,0,0,0,0,0,0,0,0,1,0,0,0,104,0,0,6,0,0,0,36,0,0,109,0,0,0,3,0,0,0,0,0,0,0,0,0,0,0,0,0,0,0,0,0,0,0,0,0,0,0,0,0,0,0,0,0,0,0,7,0,0,0,0,163,0,0,0,0,0,0,0,0,0,0,0,0,0,15,0,0,0,0,0,0,0,0,0,0,857,0,203,0,0,0,0,0,0,0,0,0,188,0,0,0,0,1361,0,0,0,0,0,0,0,0,0,0,0,0,0,3,0,0,0,0,23,0,0,21,31,0,4,6,0,0,0,2,0,0,0,0,0,0,0,0,747,0,0,0,0,0,0,3094,0,0,186,0,0,0,0,0,0,0,0,0,0,0,0,0,3,0,0,113,0
"524",32,0,0,0,0,0,1,0,0,0,0,0,0,0,4,0,9,0,0,14,0,0,0,0,0,390,0,0,4,4,34,0,0,177,0,0,3,227,0,0,0,0,0,0,0,0,0,0,0,1,0,0,0,1,1,0,0,1,0,2,0,0,1,0,0,0,0,0,0,50,0,0,0,0,0,0,0,0,0,84,0,3,71,0,0,0,1,1,0,0,0,4,3,0,60,6,0,0,0,0,0,0,4,0,1,0,0,1,0,0,0,0,0,0,0,1,0,0,83,0,0,0,0,0,0,0,0,93,0,0,0,0,0,0,1,0,3,1,0,0,5,0,0,0,0,446,8,0,0,0,0,10,0,0,0,0,0,0,0,2,0,0,0,0,0,0,0,0,0,0,0,0,0,1,0,0,0,0,0,0,0,0,0,0,1,0,0,0,0,0,0,31,0,0,0,0,0,0,0,0,0,0,0,1,0,26,3,2,0,101,0,0,0,0,0,0,65,0,108,0,70,0,0,0,0,0,0,0,0,0,60,1,0,933,0,0,0,3,0,1,0,44,0,1,1,0,0,0,0,0,0,0,0,0,0,1,0,0,0,1,0,0,0,2,0,0,0,0,0,6867,0,27,7,0,0,0,0,0,0,58,0,0,12,0,0,0,0,0,0,0,0,0,0,0,4,0,4,0,0,8,0
"525",0,0,0,0,0,0,0,0,0,0,0,0,0,0,0,0,0,0,0,0,0,0,0,0,0,326,0,0,44,0,575,0,0,181,0,0,7,0,0,0,0,0,0,0,0,0,0,0,0,0,0,0,0,0,0,11,0,0,0,0,0,0,0,0,0,0,1846,0,0,0,0,0,0,0,0,0,0,0,0,100,0,0,515,0,0,0,0,0,0,63,0,62,1,0,0,0,0,1,0,0,0,0,0,0,14,0,0,2911,0,0,0,0,18,95,0,0,0,0,0,0,0,0,0,2,0,0,0,0,0,0,0,0,0,3,0,0,0,3,0,0,0,0,0,0,0,0,0,0,0,0,53,0,37,0,0,0,0,0,0,0,0,0,0,0,0,0,0,0,0,0,0,0,1,0,0,4,0,0,0,0,0,0,0,0,0,0,0,0,0,0,0,0,0,0,0,0,0,0,0,0,0,0,0,0,0,0,0,0,1,0,0,0,0,0,0,0,0,0,80,0,0,0,0,0,0,0,0,0,0,0,0,0,0,0,0,0,0,0,0,0,0,0,0,0,0,0,24,0,0,0,0,0,0,0,0,0,12,0,0,0,0,0,0,0,5,0,27,0,0,0,0,0,61,0,0,0,0,0,0,2095,0,1,446,0,0,0,0,0,0,0,0,0,0,1,19,0,1,0,0,352,0
"526",0,0,0,20,0,0,0,0,0,0,5,0,0,0,2,3,0,0,0,0,0,19,0,0,0,7,0,0,9,10,108,593,0,34,0,0,1,6,2,0,0,0,0,0,0,269,0,8,0,0,3,0,0,0,0,0,0,0,2,43,0,0,0,0,132,0,0,0,0,0,0,0,0,0,0,0,1,0,0,11,0,0,3,0,0,4,0,0,0,0,184,0,0,0,0,0,0,0,0,0,0,199,0,0,0,0,0,147,0,2,3,0,0,517,0,0,0,33,298,0,0,0,0,2,69,0,0,0,0,0,0,8,0,0,0,0,36,0,0,4,1,0,6,1,0,0,1,0,0,0,22,0,2,1,0,0,0,0,0,0,2,0,0,0,0,0,0,0,0,6,2,0,2,0,0,0,0,0,651,4,0,0,0,0,1,0,0,0,0,0,1,50,2,0,0,0,0,4,0,0,192,0,0,0,3269,4,0,0,1,2,0,0,0,0,0,1,160,0,3,0,0,0,0,0,2,0,0,0,0,2,0,1,0,950,0,0,4,0,5,25,0,0,0,0,4,0,0,0,0,0,0,0,0,0,6,40,1,0,0,0,2,0,0,7,0,0,0,62,0,135,0,0,415,0,0,0,0,0,0,1277,0,2,145,0,0,0,0,0,18,0,0,0,0,0,27,23,2,0,0,62,0
"527",0,0,0,0,0,0,1,0,976,0,0,0,0,214,5,0,9,0,1,0,0,14,0,5,0,1,0,0,10,0,1,0,0,111,0,0,0,29,0,0,0,0,0,0,0,15,633,0,1,0,1,0,1,0,0,3,0,0,0,0,3,0,41,0,0,0,0,0,0,0,2,0,0,0,0,0,0,0,0,43,0,0,0,0,0,3,0,0,0,7,0,1,30,0,0,0,0,0,0,0,0,1,0,0,0,0,0,5441,0,0,0,0,0,21,0,0,0,0,126,0,0,0,0,1,10,0,0,0,0,0,1,361,0,1,0,0,6,0,1,0,429,0,0,0,0,0,0,0,0,0,15,0,0,0,0,0,0,0,0,0,7,0,0,0,0,0,0,0,0,16,0,0,0,0,0,0,0,7,2,2,0,0,0,0,39,0,0,0,0,0,0,30,4,0,0,0,0,0,0,6,0,0,0,0,0,34,1,0,0,1,0,0,0,0,2,0,0,0,91,0,0,0,0,0,0,0,0,0,3,0,62,0,0,1,0,0,0,0,0,0,0,0,0,0,0,0,1,0,0,0,0,1,3,0,0,0,38,0,0,4,28,0,0,0,0,0,0,0,0,3,2,0,182,3,1,0,0,0,0,1509,0,0,20,0,0,0,1,8,0,2,0,0,0,0,0,0,50,0,0,4,0
"528",0,0,0,21,0,0,1,0,0,0,0,0,1,0,74,0,9,0,0,0,0,0,0,4,0,4292,0,0,63,10,1,6,0,0,0,0,9,3,0,0,0,0,0,0,0,0,0,0,0,0,1,0,0,0,1,0,0,0,0,2,0,0,1,2,0,0,10,0,0,46,1,0,0,0,0,0,0,0,0,0,0,0,6,0,0,40,0,1,0,0,0,5,3,0,0,8,0,0,0,0,0,109,21,0,0,0,0,2,0,0,1,0,0,0,0,1,0,0,16,0,0,0,0,0,0,0,0,0,0,0,0,0,0,0,0,3,137,0,0,0,38,0,0,3,0,0,15,0,0,3,0,1,0,0,0,0,0,0,0,0,1,0,0,0,1,0,0,0,0,0,0,45,21,0,0,0,0,1,0,0,0,0,0,0,2,0,0,0,0,0,0,93,0,27,0,6,0,0,0,0,0,2,0,0,1,30,0,8,1,22,4,0,0,0,0,0,0,0,0,0,1,0,0,0,0,0,0,0,0,0,0,1,0,235,26,0,1,0,0,27,0,0,65,0,8,0,0,0,0,0,1,0,0,0,1,82,17,0,0,0,0,0,0,0,1,0,0,0,7,844,0,0,1327,1,0,0,0,1,0,1308,0,0,0,0,1036,36,0,0,1,0,0,0,0,0,0,0,0,0,0,15,0
"529",0,0,0,0,0,0,1,0,0,0,0,0,1,0,157,0,0,0,0,0,5,0,0,389,0,2150,0,0,443,46,0,0,0,0,0,0,3,0,0,0,0,0,0,119,14,961,0,0,0,0,0,0,0,0,0,0,1,0,0,0,0,0,0,0,0,0,97,0,0,0,0,0,0,1,0,0,0,0,0,0,0,0,0,0,4,5,183,0,0,0,0,24,2,0,0,0,0,0,0,0,0,5,0,0,1,0,0,118,0,0,0,0,0,24,4,3,0,1,213,0,0,0,0,1,0,0,0,0,0,0,0,13,0,8,0,0,573,7,0,0,38,3,0,0,0,0,0,0,0,0,23,0,0,0,0,0,0,1,0,248,0,0,0,0,0,0,0,0,0,0,0,0,0,0,0,0,0,0,0,0,0,0,0,0,2,0,0,0,0,0,0,196,6,0,0,0,0,0,0,0,0,0,0,0,0,242,0,0,0,51,54,0,0,0,0,0,0,0,276,0,0,0,0,0,0,0,0,0,0,0,0,1,0,626,0,0,0,0,0,31,0,1,0,0,10,0,0,0,0,0,0,0,0,0,0,46,36,0,0,8,0,0,0,14,1,0,0,0,0,26,0,0,282,1,0,0,0,0,0,1237,3,0,0,0,0,0,0,245,0,0,0,0,0,0,0,0,428,0,0,109,0
"530",0,1,1,0,0,1,6,0,0,0,0,0,1,0,388,0,0,0,7,0,0,0,0,34,0,3913,0,0,56,1,34,0,0,0,0,0,14,46,0,1,0,0,0,0,0,59,40,0,0,0,0,0,0,0,0,0,0,2,0,0,0,0,0,0,0,0,61,0,0,0,0,0,0,0,0,1,0,0,0,14,0,0,1,0,0,0,16,1,0,0,0,24,214,0,0,0,0,0,0,0,0,0,0,0,0,0,0,476,0,0,0,0,0,0,0,5,0,0,0,4,0,0,4,4,256,0,0,0,0,0,9,147,0,0,0,0,417,0,0,0,7,0,0,0,0,0,0,0,0,0,10,0,0,0,0,52,1,0,0,0,0,0,0,0,1,1,0,0,0,0,0,0,0,0,0,0,0,3,0,1,0,0,0,0,1,0,0,0,0,0,0,70,3,0,0,0,0,0,0,0,0,0,0,0,0,13,0,0,6,3,0,0,0,0,0,0,0,0,1,0,69,0,0,0,0,0,0,0,0,0,58,0,0,381,7,0,0,0,0,0,0,0,0,0,0,0,0,0,0,0,0,0,1,1,0,1,0,0,1,0,0,0,0,0,1,0,0,0,0,431,9,1,180,0,0,0,0,0,0,2367,0,1,49,0,0,0,0,97,0,0,0,0,0,0,8,0,21,0,0,105,0
"531",0,0,0,0,0,0,0,21,0,0,0,0,0,3,54,0,0,0,0,1,25,0,0,5,0,2241,0,0,10,7,0,0,0,201,0,0,10,21,0,1,0,0,0,17,3,87,0,0,11,0,0,0,0,0,0,0,0,0,0,0,0,1,1,0,0,0,162,0,0,0,0,1,6,0,0,76,0,0,0,0,0,0,0,0,1,0,0,0,1,77,0,40,323,0,0,0,0,0,60,0,0,3,0,0,0,0,0,904,0,0,0,0,0,68,0,0,0,0,18,0,0,0,0,1,57,0,0,0,0,0,15,1,0,0,0,0,62,0,0,0,10,0,0,0,124,0,0,0,0,1,6,0,0,21,1,0,0,0,167,0,0,0,0,0,0,0,0,0,0,0,0,0,0,0,15,0,0,0,0,0,0,0,0,0,0,0,0,0,0,0,0,22,1,0,0,1,3,0,0,0,307,0,0,0,0,17,0,0,3,1,0,0,0,0,0,0,0,0,8,0,0,0,0,0,0,0,0,0,0,0,25,0,0,903,0,0,0,0,0,0,0,0,0,0,0,0,0,0,0,0,0,0,0,1,0,0,0,0,0,0,0,0,4,0,0,2,0,0,0,2846,0,0,16,0,0,0,0,0,1,763,0,0,243,0,0,55,0,0,5,0,0,0,0,0,61,0,8,0,0,53,0
"532",0,0,0,1,0,0,0,2,0,1,0,1,0,0,81,0,0,0,0,0,0,33,0,5,0,2549,0,0,192,4,13,0,0,189,0,0,34,0,0,0,0,1,0,5,0,398,0,0,0,0,2,0,1,1,1,1,1,0,10,1,1,6,32,1,0,0,44,3,0,0,2,0,1,0,0,0,0,0,0,3,0,1,18,0,0,0,96,0,0,0,0,18,1912,0,0,0,0,0,0,0,0,10,0,0,1,0,0,289,0,0,1,0,0,5,1,3,0,1,12,0,0,0,0,0,864,0,0,79,0,0,0,15,0,22,0,0,641,1,0,0,17,0,0,0,2,0,3,0,0,0,1,0,0,1,0,0,0,0,8,19,0,4,0,0,0,0,1,1,0,0,1,0,0,0,0,0,1,25,19,1,0,0,0,0,0,0,0,0,0,0,1,7,0,0,0,0,0,1,0,0,0,0,0,1,0,8,0,0,0,79,0,0,0,0,0,1,18,2,7,0,0,1,0,54,0,0,0,0,7,1,11,0,1,459,0,0,1,0,0,2,0,0,0,0,1,4,0,0,0,0,0,1,6,0,1,3,2,1,0,0,3,0,0,2,1,0,0,0,20,488,0,1,372,0,0,1,0,1,7,85,1,0,42,0,0,0,0,4,20,16,0,0,0,0,29,1,4,0,0,56,0
"533",0,0,0,0,0,0,1,14,0,0,0,0,0,121,1,0,0,0,1,0,0,26,0,0,0,2047,0,0,5,0,0,0,1,19,0,0,5,81,0,0,0,0,0,5,0,270,0,0,0,0,0,0,0,1,0,1,0,0,0,116,0,4,0,0,0,1,395,0,5,175,9,0,0,0,0,0,0,0,0,115,0,14,205,0,55,0,0,0,0,0,0,1,1,0,0,0,0,0,17,0,0,0,0,0,1,0,0,1610,0,11,1,0,0,151,1,0,0,0,153,1,4,0,0,0,0,8,0,0,0,0,0,477,0,0,0,1,0,0,0,0,511,0,0,0,0,0,58,0,0,0,21,0,0,18,0,0,0,1,0,36,0,0,0,0,0,0,0,0,1,0,7,0,0,1,0,0,0,0,284,0,0,0,0,0,8,0,0,0,0,0,1,96,0,0,0,0,0,0,0,0,0,0,0,12,0,191,0,0,0,0,0,0,0,0,3,1,319,13,0,0,37,18,0,0,1,0,0,0,19,1,83,0,0,649,0,0,7,0,0,19,0,0,0,0,0,0,0,0,0,0,0,0,0,0,5,168,0,0,0,11,9,0,0,10,1,0,0,0,1,1,0,0,258,0,0,0,0,0,1,1313,0,0,167,0,0,0,3,0,83,0,0,0,0,0,40,0,0,0,0,59,0
"534",0,0,0,0,0,0,0,0,0,0,0,0,0,0,45,0,0,0,0,4,0,56,0,0,0,412,0,0,7,1,88,0,0,68,0,0,0,1,0,0,0,0,0,0,0,186,0,0,0,0,0,0,0,0,0,0,0,0,0,10,0,19,0,0,0,1,1,0,0,0,16,0,0,0,0,0,0,0,0,50,0,0,0,0,119,0,1,0,0,42,0,3,0,0,0,0,0,0,522,0,0,30,0,0,19,0,0,2585,0,0,0,0,0,28,0,0,9,0,1,5,0,0,0,0,0,0,0,0,1,0,3,204,0,0,0,0,0,0,0,0,0,0,0,0,0,0,0,0,0,0,3,47,0,0,0,0,0,0,17,0,0,0,0,530,0,0,0,0,0,0,1,0,24,0,0,0,0,25,17,0,0,0,0,0,0,0,0,0,0,1,0,11,0,0,0,0,0,0,0,0,0,0,0,12,0,10,0,0,0,0,0,0,0,0,3,0,193,46,1,6,7,0,0,0,0,15,0,0,49,4,36,0,0,732,0,0,0,0,0,0,0,0,0,0,0,0,0,8,0,0,0,0,3,0,0,0,0,0,1,0,0,0,0,0,0,0,0,0,0,212,0,1,448,0,0,0,0,0,3,3191,0,0,14,0,0,0,0,0,13,0,0,0,0,0,0,0,0,0,0,18,0
"535",0,0,0,0,0,0,0,0,0,0,0,0,15,0,15,0,0,0,0,1,0,0,0,20,0,6413,0,0,0,0,0,0,0,107,0,0,0,0,0,0,0,0,0,0,0,0,0,0,0,0,0,0,0,0,0,0,0,0,0,0,0,0,0,0,0,0,0,0,0,0,0,0,0,0,0,0,0,0,0,0,0,0,0,0,0,0,3,0,0,0,0,0,0,0,0,0,0,0,0,0,0,90,0,0,0,0,0,98,0,0,0,0,0,132,0,0,0,0,0,0,0,0,0,5,49,0,0,0,0,0,0,848,0,0,0,0,3,0,0,0,15,0,0,0,0,0,0,0,0,0,0,0,6,11,0,0,0,0,0,0,0,0,0,0,0,0,0,0,0,0,0,0,0,0,0,0,0,0,0,0,0,0,0,0,0,0,0,0,0,0,0,0,0,0,0,0,0,0,0,0,0,0,0,0,0,0,0,0,4,0,0,0,0,0,0,0,0,0,1,6,0,0,0,0,0,0,0,0,17,0,0,0,0,0,0,0,0,0,0,0,0,0,0,0,0,0,2,0,0,0,0,0,0,0,0,0,6,0,0,0,0,0,0,0,0,0,0,0,0,23,0,0,1444,6,0,0,0,0,0,0,0,0,72,0,0,0,0,0,0,0,0,0,0,0,0,0,1,0,0,0,0
"536",0,0,0,0,0,0,14,0,0,0,0,0,0,0,0,0,1,0,0,0,0,0,1,0,0,3753,0,0,0,0,0,28,0,0,0,0,0,0,0,0,0,0,0,0,0,0,0,0,0,0,0,0,0,0,0,0,0,0,0,0,0,0,0,0,0,0,172,0,0,0,0,0,0,0,0,0,0,0,0,0,0,0,0,0,0,0,0,0,0,0,0,8,0,0,0,0,0,0,24,0,0,0,0,0,0,0,4,4932,0,0,0,0,0,0,0,0,0,0,0,1,0,0,0,3,0,0,0,0,0,0,0,0,0,0,0,0,0,0,0,0,0,0,0,0,0,0,0,0,0,1,30,0,0,0,1,0,0,0,7,0,0,0,0,1,0,1,0,0,0,0,0,0,0,0,0,0,0,0,201,0,2,0,0,0,0,0,0,0,0,0,0,27,0,0,0,0,3,0,0,0,0,0,1,0,0,43,0,0,0,0,0,0,4,0,0,0,108,0,0,0,0,0,0,0,0,0,0,0,0,0,0,0,0,136,0,0,0,0,0,0,0,1,0,0,0,0,0,0,0,0,0,1,0,0,0,0,0,0,0,0,0,0,0,0,0,0,0,0,0,24,0,0,0,0,0,0,0,0,5,0,0,0,0,0,0,0,0,0,0,0,0,0,0,0,8,0,0,7,0,0,0
"537",0,0,0,0,0,0,22,58,0,0,0,0,1,340,9,0,5,0,0,0,73,73,0,0,0,2148,0,0,872,0,0,0,0,29,0,0,12,604,0,0,0,0,0,103,3,414,0,1,0,0,0,0,0,0,0,0,0,0,0,501,0,16,1,0,14,51,45,1,0,0,13,0,0,11,0,0,0,0,0,157,0,0,28,0,40,3,3,0,0,179,0,23,29,0,0,1,0,0,0,0,0,12,0,0,0,0,230,672,3,0,0,0,0,39,0,0,0,0,56,0,0,0,0,1,64,71,0,0,0,0,50,20,0,17,0,0,14,0,0,0,9,0,0,0,0,0,13,0,0,5,12,0,0,0,0,0,0,0,1,0,0,0,0,0,0,0,0,0,0,0,0,0,0,0,0,0,0,0,202,4,0,0,0,0,7,0,0,0,2,0,0,117,13,0,8,0,0,0,0,0,219,0,0,1,0,70,0,0,0,216,0,0,31,0,0,0,43,0,147,11,0,0,0,0,0,0,0,0,32,0,135,0,0,1009,0,0,0,0,0,0,0,0,0,0,0,0,0,1,2,0,17,0,0,0,0,47,0,0,0,6,5,0,0,12,0,0,0,0,0,16,0,4,30,0,1,0,0,0,50,352,1,0,235,0,0,0,0,38,0,78,0,0,0,0,0,0,23,0,0,163,0
"538",0,0,1,1,0,0,0,53,0,0,5,0,0,0,10,3,0,0,0,0,0,37,0,0,0,595,0,0,0,10,37,0,3,46,0,0,46,1,1,0,0,0,0,357,0,53,0,3,0,0,1,0,0,3,30,18,0,0,0,25,0,0,13,0,0,0,8,0,59,0,49,0,0,34,654,0,0,0,0,10,3,1,8,1,0,3,3,1,1,125,0,1,95,0,0,0,0,0,8,0,44,0,15,17,0,13,0,1143,0,350,0,0,0,324,3,0,0,8,34,0,0,0,0,3,87,0,0,0,0,265,0,193,0,5,0,0,353,0,0,1,1,0,0,1,0,0,7,12,0,0,3,0,0,1,3,0,1,0,192,7,16,0,0,943,0,0,0,0,0,0,6,0,0,0,0,0,0,95,387,3,0,0,0,0,16,0,0,0,83,0,1,58,0,0,0,0,0,1,0,0,0,0,0,9,0,9,0,0,0,0,0,0,0,0,8,0,59,27,1,0,0,29,58,0,0,0,124,0,166,7,60,0,0,337,0,0,6,0,0,54,0,0,0,0,1,0,0,0,0,0,0,3,28,0,21,35,7,0,3,3,4,0,0,16,0,7,0,0,0,92,0,9,147,0,0,1,0,1,7,2070,1,0,78,0,0,0,0,0,1,108,0,0,0,0,50,1,6,0,0,4,0
"539",0,0,1,1,0,0,1,3,1,1,2,0,0,0,36,0,0,0,0,0,5,18,1,5,1,3883,1,0,32,8,0,0,0,25,0,0,0,1,0,1,0,1,0,62,0,311,0,0,10,0,1,0,0,0,0,1,0,0,0,1,1,1,0,0,0,1,16,8,0,0,0,1,1,1,0,0,0,0,0,0,0,4,68,5,0,6,0,1,0,31,0,3,1,0,0,1,0,0,22,0,0,0,0,11,1,1,11,351,0,0,0,26,0,187,0,0,1,0,18,3,0,0,0,1,741,1,0,0,23,0,5,0,0,3,0,0,316,0,0,0,0,0,0,0,73,0,1,1,0,0,5,1,0,5,0,1,0,0,32,13,0,0,2,0,0,0,0,0,0,0,0,0,18,0,0,1,0,6,321,1,1,0,0,0,5,0,0,0,0,0,0,68,7,0,1,0,0,1,0,0,46,0,0,0,0,1,0,0,0,12,0,0,47,6,0,0,29,7,62,3,0,9,0,0,0,0,0,0,180,0,115,1,0,374,0,1,0,0,0,7,0,0,0,0,0,0,0,0,0,0,8,0,7,0,5,117,1,0,0,0,1,0,0,3,0,0,0,0,0,1,0,11,257,0,1,0,1,1,0,1644,1,0,140,0,0,0,0,3,1,11,0,0,1,0,268,3,0,5,0,31,0
"540",0,0,0,0,0,0,9,0,0,0,0,0,0,0,45,0,0,1,0,0,0,5,0,56,0,1126,0,0,84,6,27,0,0,29,0,17,17,0,0,1,1,0,0,0,0,18,0,1,0,0,1,0,0,0,0,0,0,0,0,0,0,0,0,1,0,0,43,0,8,0,0,0,0,0,0,0,0,0,0,0,0,0,0,0,0,1,98,0,0,0,367,11,15,0,0,0,0,1,0,0,0,0,0,0,0,0,0,607,0,28,0,0,0,0,0,0,0,0,0,0,0,0,0,0,22,182,0,0,0,0,0,0,0,3,0,0,4061,0,0,0,26,0,0,0,0,44,12,0,0,0,0,0,0,0,0,0,0,0,0,0,0,0,0,0,0,0,0,0,0,0,0,0,1,1,0,0,0,0,83,1,0,0,0,0,0,0,1,0,0,1,0,0,10,0,0,0,0,0,0,0,0,0,0,16,834,31,0,0,0,17,0,0,0,0,3,0,0,0,86,0,40,6,0,0,0,0,0,0,0,7,8,0,0,279,0,0,0,0,0,1,0,0,0,0,0,0,7,0,0,0,0,0,0,0,0,5,0,0,1,18,0,0,0,5,0,0,0,0,0,505,0,0,197,0,0,0,0,0,5,0,0,0,16,0,0,0,0,1,0,0,0,0,0,1,0,0,12,0,0,16,0
"541",0,0,5,0,0,0,7,0,0,0,0,0,8,0,22,1,51,7,0,0,0,112,0,5,0,0,0,0,19,15,0,0,0,0,0,0,12,0,0,1,1,0,0,0,0,0,0,0,0,0,0,0,0,0,0,0,7,1,0,282,0,0,0,7,0,0,126,0,5,0,0,6,23,0,0,66,0,0,0,0,0,0,0,0,0,5,206,0,0,209,0,9,279,0,0,6,0,0,0,0,0,5,0,0,0,0,0,0,0,0,0,0,0,0,0,0,0,0,147,0,0,0,0,3,365,0,0,0,0,0,0,590,0,3,15,0,349,2,0,0,789,0,0,0,0,72,106,0,0,20,33,0,0,28,1,0,13,0,0,0,0,4,0,0,0,0,0,6,0,0,7,1,0,1,7,0,0,0,0,0,0,0,0,0,69,1,0,0,0,0,1,102,3,0,0,1,0,0,1,0,0,7,0,0,0,184,6,0,9,6,0,0,0,0,34,11,0,0,392,0,0,0,0,0,0,0,0,0,0,0,0,0,0,488,39,0,0,3,0,78,0,0,0,0,8,2,0,0,0,0,0,0,0,0,41,10,46,0,0,0,0,0,0,6,3,2,0,0,0,0,0,0,62,0,14,0,47,3,0,3632,0,0,0,0,0,1,0,5,0,0,0,0,0,0,0,0,60,0,0,383,0
"542",0,0,0,0,0,0,0,0,0,0,0,0,0,0,56,0,0,0,0,20,0,0,0,0,0,4209,0,11,75,1,0,0,0,0,0,0,0,0,0,0,0,0,0,0,0,0,0,0,0,0,0,0,0,3,0,0,0,0,0,0,0,0,0,0,0,0,0,0,0,0,0,0,0,0,0,0,0,0,0,0,0,0,0,0,0,0,0,0,0,0,0,27,0,0,0,0,0,1,0,0,0,3,3,0,0,0,0,0,0,0,0,0,0,0,0,15,0,0,0,0,0,0,0,3,0,0,0,0,0,0,0,0,0,0,0,0,17,0,60,0,27,0,2,0,0,0,88,0,0,0,0,0,0,12,1,0,0,3,0,0,0,0,0,0,0,0,0,0,0,0,0,0,0,0,0,0,0,0,0,0,0,0,0,0,0,0,0,3,0,0,0,0,0,10,0,1,0,0,0,0,0,0,0,0,0,60,0,0,0,52,247,0,0,0,0,0,0,0,531,0,0,0,0,0,0,0,0,0,0,0,0,0,0,0,0,0,0,0,0,0,0,0,0,0,0,34,0,0,0,0,0,0,0,0,0,5,0,0,0,0,0,0,0,0,0,0,0,0,0,269,0,0,30,0,0,0,0,0,0,3723,0,1,0,0,0,0,0,0,0,0,0,0,0,0,0,0,16,0,0,0,0
"543",25,0,0,0,0,0,14,0,0,0,0,0,0,0,65,0,0,1,0,0,0,31,0,0,0,2888,0,0,105,9,165,0,0,75,0,0,3,223,1,0,0,0,0,0,0,0,0,1,0,0,0,0,0,0,0,0,0,0,0,9,0,0,0,6,0,0,6,0,0,0,0,0,0,0,0,106,1,0,0,19,0,0,0,0,0,0,0,0,0,146,0,17,7,0,0,0,0,0,20,0,0,0,0,0,0,0,0,159,0,15,0,0,0,0,0,4,0,3,29,0,0,0,0,34,283,0,0,0,0,0,0,9,0,0,0,0,207,0,0,0,1,0,0,0,0,0,4,0,0,0,3,0,0,0,0,0,0,0,0,0,0,0,0,0,0,0,0,0,0,0,6,0,0,1,0,0,0,31,81,0,0,0,0,0,0,0,0,0,0,0,0,0,0,0,0,0,0,0,0,0,0,6,352,0,0,13,0,0,0,65,0,0,0,2,0,1,43,0,30,0,0,0,0,0,0,0,0,0,0,1,0,0,0,922,0,0,0,0,0,0,0,0,0,0,0,0,0,0,0,0,45,0,5,0,4,0,0,0,0,3,0,0,0,11,0,0,0,0,0,2348,0,0,67,0,0,0,0,0,4,1358,0,0,154,0,0,1,0,0,1,0,0,0,0,0,11,0,9,0,0,47,0
"544",0,0,1,0,0,0,1,1,0,0,8,0,0,0,3,0,40,2,0,1,1,10,0,0,0,1140,0,0,17,93,358,70,0,23,0,0,20,1,0,0,0,0,0,0,0,6,0,1,0,0,1,0,0,0,1,1,0,0,0,5,1,0,0,0,0,1,61,0,0,0,3,0,0,5,0,0,0,0,0,1,0,6,25,1,27,4,0,0,0,21,0,0,0,0,8,0,2,0,2,0,2,85,0,0,0,0,0,1901,0,0,0,0,0,66,0,7,0,2,35,0,0,0,0,1,296,3,0,0,1,0,1,1,0,0,4,0,26,0,0,4,10,0,1,1,0,0,6,1,0,0,6,1,16,22,1,0,0,1,21,0,0,0,0,1,0,0,0,3,0,0,1,0,1,0,0,0,0,4,106,1,0,0,0,2,1,0,1,0,81,0,0,78,1,0,1,0,0,1,0,0,106,0,0,3,0,109,11,0,1,0,0,0,9,3,6,0,216,1,107,1,34,0,0,0,0,0,1,0,53,0,10,1,0,1260,1,0,7,0,0,36,0,0,0,14,119,0,0,0,0,0,19,1,0,0,3,53,36,0,1,1,2,0,0,1,0,0,0,0,0,11,2,15,311,0,1,0,1,0,0,2299,1,0,6,0,0,0,0,0,3,24,0,0,0,0,0,8,3,0,0,41,0
"545",0,0,0,0,0,0,4,0,0,0,0,0,12,0,45,0,0,0,0,0,0,0,0,4,0,1084,0,0,7,0,242,0,0,150,0,0,207,0,0,0,0,0,0,0,0,0,0,0,0,0,0,0,0,0,0,0,0,7,0,0,0,0,0,0,0,0,104,0,0,1,0,0,0,0,0,0,0,0,0,0,0,0,0,0,0,31,206,0,0,93,0,0,171,0,0,0,0,0,0,0,0,0,0,0,0,0,0,1775,0,0,0,0,0,0,0,17,0,0,89,0,0,0,67,0,272,0,0,0,0,0,0,0,0,0,0,0,5,0,0,0,40,0,0,0,0,0,0,0,0,5,0,0,0,0,1,0,0,0,0,0,0,0,0,0,0,0,0,0,0,0,0,1,0,0,0,0,0,0,0,0,0,0,0,0,0,0,0,0,0,0,0,109,0,0,0,0,0,0,0,0,0,0,0,0,0,0,0,0,7,3,0,0,0,14,0,0,0,0,413,0,0,0,0,0,0,0,0,0,101,0,0,0,0,45,0,0,0,0,0,0,0,0,0,0,1,0,0,0,0,0,0,0,0,0,0,6,0,0,0,0,0,0,0,0,0,0,0,0,0,0,0,0,228,0,12,0,0,0,0,4024,0,0,360,0,0,0,0,5,0,0,0,0,0,0,3,0,3,0,0,116,0
"546",0,0,0,0,0,1,1,26,0,0,0,0,0,0,50,0,3,0,0,4,3,1,0,0,0,2197,0,0,7,15,0,0,0,40,9,0,12,0,0,0,1,0,0,0,0,435,0,0,0,0,0,0,0,0,23,4,0,3,0,4,3,1,1,5,0,0,28,0,0,6,11,0,0,1,0,135,0,0,0,17,0,11,12,0,24,1,0,0,0,35,0,22,10,0,0,0,9,0,0,0,0,59,13,0,0,1,0,2360,0,0,0,0,0,78,0,1,0,0,46,1,0,0,85,0,176,15,3,32,6,0,10,10,0,0,0,0,8,0,0,0,14,0,0,0,142,0,11,0,0,1,19,0,0,28,1,0,0,0,0,0,0,2,0,0,90,0,0,7,0,7,3,0,0,0,0,0,12,1,119,0,0,0,0,0,9,0,0,0,0,0,19,31,3,0,0,0,0,0,0,167,0,0,0,350,0,8,5,0,0,4,5,0,0,0,0,0,0,35,51,4,82,46,0,0,0,0,199,0,0,0,51,1,2,178,0,0,0,0,0,87,0,0,0,0,1,0,0,1,0,0,0,0,5,0,0,6,4,0,0,0,0,0,2,3,91,0,0,0,0,20,0,5,196,0,1,0,1,0,0,2054,0,0,128,0,0,0,0,4,16,14,0,0,0,0,28,0,4,0,0,50,0
"547",2,0,0,0,0,0,2,0,0,0,0,0,0,0,5,0,0,0,0,0,0,10,0,0,1,1,0,0,0,13,63,0,0,29,0,0,41,0,2,0,0,0,0,1,0,3,0,0,0,0,0,0,0,0,0,0,0,0,0,0,0,0,0,0,0,0,41,0,0,0,0,0,0,0,0,642,0,0,0,16,0,0,0,0,0,0,0,0,0,19,0,0,385,0,0,1,0,0,2,0,0,91,0,0,0,0,0,601,104,0,0,0,0,8,0,0,0,0,5,8,6,0,55,46,187,0,0,0,0,0,2,214,0,0,0,0,0,0,0,0,51,0,0,0,0,0,0,0,0,0,0,0,0,0,0,0,0,0,0,57,0,0,0,0,0,0,0,0,0,0,7,0,0,0,0,0,0,0,1,0,0,0,0,0,0,0,0,0,0,0,0,11,1,0,0,0,0,3,0,0,0,0,0,0,1,0,0,0,3,1,0,0,0,0,0,0,80,0,0,0,0,0,0,0,0,0,0,0,5,0,0,0,0,2059,0,0,0,0,0,0,0,2,0,0,0,0,0,0,0,0,0,0,0,0,0,0,0,0,0,1,0,0,0,0,0,0,0,0,0,427,0,0,2471,0,0,0,0,0,4,2470,0,0,17,0,0,0,0,0,0,6,0,0,0,0,52,0,1,0,0,0,0
"548",0,0,0,1,0,0,15,0,0,0,0,0,0,302,6,0,0,0,0,0,38,63,0,1,0,4,1,0,1,32,0,0,0,269,0,0,15,0,1,0,0,0,0,0,0,265,0,5,0,0,0,0,0,0,0,0,0,0,0,0,0,0,0,5,0,0,25,0,1,0,0,0,0,0,334,0,0,0,0,200,0,0,14,0,0,2,3,0,0,0,85,5,3,0,0,1,0,0,0,0,0,0,0,0,0,5,0,3963,0,0,0,0,0,0,0,0,0,5,353,0,0,0,0,0,28,0,7,0,0,143,0,21,0,1,0,1,3,0,0,0,44,0,0,0,0,0,0,0,0,0,0,0,0,0,1,0,0,0,0,32,0,1,0,0,0,0,1,0,1,0,30,0,1,0,0,0,6,177,121,7,0,1,0,0,0,0,0,0,0,4,0,30,1,0,0,0,0,0,0,0,0,0,0,5,482,58,0,0,0,1,1,0,0,0,0,0,249,174,57,0,58,65,0,0,0,0,0,0,0,0,18,0,0,1,0,0,4,0,0,13,0,0,0,0,2,0,0,1,0,0,0,0,0,0,35,3,13,0,0,0,7,0,0,3,0,0,0,185,0,9,0,0,74,0,0,0,0,0,3,1338,0,0,276,0,0,0,0,0,60,0,0,0,0,0,0,0,3,0,0,129,0
"549",0,0,0,0,0,0,1,20,0,0,0,0,0,0,74,0,3,0,0,0,48,34,0,0,0,436,1,0,141,93,0,0,0,56,0,0,13,219,0,0,0,0,0,0,0,267,0,6,0,0,48,0,0,0,0,0,0,0,0,215,0,12,0,17,0,0,208,0,7,0,61,1,0,2,0,0,1,0,0,330,0,0,463,0,0,0,0,0,0,26,83,0,104,0,0,0,0,0,53,0,0,0,0,0,0,0,32,2677,0,0,0,0,0,117,0,0,0,0,260,0,0,0,18,0,51,0,0,0,0,0,0,12,0,0,0,0,117,0,0,0,0,0,0,0,0,0,0,0,0,3,5,0,0,93,1,0,0,0,0,22,0,2,0,0,0,0,1,0,1,9,0,0,15,0,0,1,0,96,0,0,0,0,0,0,31,0,0,0,0,3,0,69,0,0,0,0,30,0,0,0,0,0,0,1044,172,136,0,0,1,27,3,0,0,0,16,0,0,166,128,0,144,56,0,0,0,21,0,0,39,0,12,0,0,0,7,0,7,0,1,0,0,0,0,0,4,0,0,0,0,0,3,31,0,0,63,136,3,0,0,0,0,0,0,0,10,0,0,0,0,0,0,0,16,0,0,0,0,1,0,1087,0,0,136,0,0,0,13,0,0,0,0,0,0,0,13,0,4,0,0,300,0
"550",23,0,0,1,0,0,0,0,0,0,0,0,0,0,3,0,0,0,0,0,0,0,0,1,0,147,0,0,1,4,134,0,0,60,0,0,0,0,0,0,0,0,0,0,0,0,0,1,19,1,0,0,0,0,0,0,0,0,0,17,0,0,0,0,0,0,45,12,0,0,0,0,0,0,0,0,0,0,0,0,0,0,0,0,0,4,0,0,0,28,0,8,17,0,0,4,0,0,0,0,0,4,0,0,13,0,200,2163,0,28,0,0,0,26,0,1,0,4,0,0,7,0,0,0,0,0,0,0,0,0,0,0,0,1,0,0,1,0,0,0,0,0,0,0,0,0,7,0,0,0,9,0,1,0,0,0,0,1,0,0,0,0,0,0,0,0,0,0,0,0,0,0,0,0,0,6,0,0,111,0,0,0,0,0,0,0,0,0,0,0,0,0,1,2,0,0,1,0,0,0,0,0,0,0,3,12,0,3,1,0,0,0,0,0,0,1,374,0,464,0,0,0,0,0,1,0,0,1,70,0,0,0,0,453,0,0,0,0,0,0,0,0,300,0,0,0,0,1,0,0,1390,0,0,0,0,2,0,0,0,0,1,6,0,0,0,0,4,39,309,694,1,0,261,0,0,0,0,0,0,2114,0,0,12,0,0,0,0,0,0,0,0,0,0,0,16,0,0,44,0,252,0
"551",0,0,0,1,0,0,20,0,0,0,0,0,0,0,29,0,0,0,0,1,0,86,0,2,0,1273,0,0,15,2,0,405,0,145,0,0,2,336,0,0,0,1,0,23,0,8,0,0,0,0,0,0,0,0,0,0,0,0,0,310,1,9,0,0,0,0,74,0,1,0,31,0,0,0,38,0,0,0,0,61,0,0,36,0,0,4,0,0,0,0,1,0,2,2,0,0,0,0,35,1,0,0,0,0,1,0,6,105,0,87,0,0,0,0,0,0,1,0,120,3,0,0,0,1,46,0,2,0,0,14,0,153,0,1,0,0,0,0,0,0,6,0,0,0,0,873,60,0,0,0,27,0,0,0,0,0,0,0,0,0,0,3,1,2,0,0,5,0,0,0,10,0,2,0,0,0,0,7,187,0,0,1,0,0,13,0,0,0,0,0,0,270,1,0,269,0,0,2,0,0,0,0,0,0,0,330,0,0,0,1,0,0,0,0,4,0,0,20,206,0,78,22,0,3,0,0,0,0,0,4,26,0,0,550,0,0,41,0,0,0,0,0,70,0,0,0,1,0,3,0,0,2,60,0,0,4,5,1,0,13,0,0,7,9,1,0,0,0,69,13,0,0,149,0,0,0,0,0,6,1478,0,0,909,0,0,0,0,0,10,68,0,0,0,101,7,0,0,0,0,284,0
"552",0,0,0,0,0,0,0,0,0,0,0,0,0,0,148,0,137,6,0,0,0,19,0,0,0,0,0,1,0,0,0,0,0,127,7,0,0,0,0,0,0,0,0,0,0,0,0,79,0,0,35,0,0,5,0,4,0,0,0,0,0,0,0,110,0,0,0,0,0,0,0,0,0,0,0,0,0,0,0,696,0,34,1083,0,0,24,464,0,0,0,0,105,13,0,0,0,46,0,0,0,0,8,0,0,15,0,0,0,0,0,0,0,0,0,0,0,0,0,261,0,0,0,0,4,187,215,0,0,0,0,219,38,0,0,1,0,26,0,0,0,29,0,0,0,0,0,16,0,0,0,37,0,10,0,4,0,0,1196,0,0,0,0,0,0,0,0,0,0,0,4,8,0,57,5,0,0,0,0,0,0,90,0,0,0,0,0,10,5,0,0,0,0,0,3,0,0,0,0,0,0,0,0,0,0,0,11,22,0,0,0,16,0,18,0,60,0,0,295,40,0,0,160,0,0,0,130,0,0,112,0,0,0,0,147,0,0,0,6,0,0,0,0,0,106,3,69,713,0,0,0,0,0,70,4,83,16,27,0,374,121,0,0,0,9,0,0,0,0,0,105,0,403,58,0,0,0,0,0,0,0,0,0,412,0,0,0,0,0,0,405,0,0,0,0,0,0,10,0,0,72,0
"553",0,0,0,0,0,0,0,0,0,0,0,0,0,0,69,1,0,0,0,0,0,0,0,0,0,162,0,0,38,97,0,0,0,92,0,0,18,0,0,0,0,0,0,0,0,1505,0,0,0,0,0,0,0,0,0,0,0,3,0,25,0,0,0,0,0,0,174,0,0,197,0,0,0,0,0,0,0,0,0,43,0,0,0,0,0,5,1,0,0,0,0,8,5,0,0,3,11,0,0,0,0,188,0,0,0,0,0,555,0,0,0,0,10,54,0,0,0,0,52,0,0,0,0,0,0,29,0,0,0,0,0,0,0,1,6,0,21,0,0,0,18,0,2,0,0,0,18,0,0,1,18,0,0,4,0,0,36,0,0,0,0,0,0,619,0,0,0,0,0,0,10,1,1,0,0,0,0,0,84,0,0,0,0,3,8,0,0,0,0,0,0,184,4,26,0,1,0,0,0,368,0,0,0,7,0,68,0,0,3,0,1,0,16,0,0,0,99,0,0,0,0,0,0,0,0,0,0,0,0,0,0,0,0,3007,1,0,0,10,0,80,0,0,0,0,118,17,0,0,0,0,0,0,0,0,0,0,1,0,0,0,0,0,0,14,6,0,0,0,0,24,0,0,412,0,6,0,1,0,0,1155,0,0,159,0,0,48,0,0,0,0,0,0,0,0,0,0,20,0,0,96,0
"554",0,0,0,0,0,0,4,0,0,0,0,0,2,0,25,0,0,0,0,0,64,0,0,1,0,2886,0,0,6,24,281,0,0,0,0,0,30,0,0,0,0,0,0,0,0,0,0,0,0,0,0,0,0,0,0,0,0,0,0,0,0,0,0,0,0,0,0,0,0,0,0,0,27,0,0,630,0,0,80,75,0,0,5,0,0,0,0,0,0,0,0,0,4,0,0,3,0,0,0,0,0,0,0,0,1,0,0,1447,0,0,0,0,0,35,1,0,0,0,0,0,0,0,0,3,79,0,0,0,0,0,0,118,0,0,0,3,28,0,0,0,9,0,0,0,0,0,0,0,0,0,24,0,0,0,0,0,0,0,0,24,0,0,0,1,0,0,0,0,0,0,0,0,0,0,0,0,0,0,0,0,0,0,0,0,10,0,0,0,0,0,0,42,0,5,0,0,0,0,0,0,0,0,0,105,0,7,0,0,3,3,0,0,0,0,1,0,0,0,102,0,0,0,0,0,0,0,0,0,104,0,0,1,0,18,0,0,0,0,0,0,0,19,0,0,0,0,0,0,0,0,139,0,0,0,6,1,0,0,0,1,0,0,0,0,0,0,0,0,0,0,0,0,89,0,0,0,0,1,0,3381,1,0,0,0,0,0,0,0,0,0,0,0,0,0,34,0,0,0,0,108,0
"555",0,0,0,0,0,0,1,0,0,0,10,0,1,0,183,5,0,0,0,0,0,7,0,52,0,1229,0,0,56,84,8,0,0,0,0,0,21,1,0,0,0,0,0,0,0,8,0,0,0,0,1,0,0,0,24,11,0,0,0,0,0,0,1,0,0,0,107,0,0,0,0,0,0,0,0,0,0,0,0,0,0,0,49,0,0,0,526,0,0,14,1,9,10,0,0,0,83,0,0,0,0,29,0,0,0,0,0,1556,0,0,0,0,0,3,0,0,0,0,121,0,0,0,0,2,89,0,0,0,0,0,0,22,0,0,0,0,43,0,0,0,2862,0,0,0,0,0,0,0,0,0,18,2,0,10,1,0,7,0,0,0,0,0,0,0,0,0,0,0,0,0,0,0,1,0,0,0,0,45,0,0,0,0,0,0,4,0,1,0,0,0,0,96,5,0,0,0,0,0,0,0,0,0,0,0,0,379,0,0,1,10,0,0,0,0,5,0,0,0,269,0,28,20,0,0,0,59,0,0,0,0,0,0,0,61,0,0,0,0,0,49,0,0,0,0,8,0,0,0,0,0,0,0,0,0,85,332,18,0,0,0,0,0,0,11,4,0,0,0,0,25,0,0,840,0,0,0,3,0,0,1,0,0,18,0,0,0,0,0,0,0,0,0,0,0,0,0,95,0,0,42,0
"556",1,195,0,2,44,0,7,0,0,0,0,0,0,0,57,0,0,0,0,0,100,14,0,0,0,1989,0,0,11,0,51,0,0,424,0,0,0,141,0,0,0,0,0,0,3,1123,0,48,0,0,11,0,0,0,101,0,0,0,0,343,0,0,0,4,0,0,15,0,0,51,25,0,0,0,0,0,0,0,0,244,0,5,132,0,0,59,0,0,0,4,0,3,0,0,0,0,0,0,144,0,0,0,0,0,4,0,0,659,0,138,0,0,0,0,9,0,0,11,317,0,0,0,29,3,59,0,8,0,0,0,160,228,0,0,0,4,7,0,0,9,75,5,0,0,0,0,4,0,0,0,47,162,0,5,0,0,0,0,0,251,0,10,0,0,0,0,0,0,0,0,10,0,0,0,0,0,0,46,30,0,0,0,0,0,0,0,0,0,0,0,10,0,0,4,0,0,0,8,0,1,0,0,0,0,0,51,3,0,0,0,0,0,61,0,0,0,38,0,265,0,37,7,0,0,0,0,0,0,34,0,427,0,0,257,0,0,7,0,0,6,0,0,0,0,0,10,0,0,0,0,0,3,41,0,8,23,9,0,0,0,41,0,0,5,5,0,0,0,0,191,0,0,244,0,0,0,0,4,11,404,0,0,281,0,0,0,0,0,140,0,0,0,0,0,1,61,7,0,0,29,0
"557",0,6,0,0,0,3,0,105,0,0,0,1,0,0,32,0,0,0,0,23,30,36,0,6,0,1460,0,0,74,79,0,0,0,93,0,0,57,52,0,0,1,0,0,23,0,116,0,0,0,1,7,0,0,0,0,0,0,0,0,41,2,1,0,0,0,0,118,0,0,0,18,0,0,8,0,0,0,0,0,13,0,0,0,0,0,0,0,0,0,25,0,26,240,0,5,0,0,0,1,0,0,283,0,0,3,0,3,1773,0,0,1,0,0,3,0,0,0,0,126,0,0,0,0,1,334,9,5,0,0,0,9,20,0,0,0,0,54,0,0,0,47,0,0,0,93,0,0,0,0,1,16,1,1,0,0,0,0,0,0,75,0,0,0,1,0,0,0,0,0,0,5,0,46,1,0,0,4,16,389,0,0,0,0,0,0,0,0,0,0,0,0,63,1,0,0,0,0,0,0,0,0,0,0,1,0,10,0,0,1,6,0,0,0,0,4,0,46,0,86,7,0,0,0,0,0,0,0,0,9,4,107,0,0,251,0,0,0,0,0,0,0,0,0,0,0,0,1,0,0,0,0,0,0,0,9,0,0,0,0,214,0,0,0,1,3,0,0,0,0,65,0,74,741,0,0,0,0,0,0,2298,0,0,250,0,0,0,0,2,21,0,0,0,0,0,8,0,17,0,0,85,0
"558",0,1,0,2,0,0,0,0,0,0,0,0,0,0,19,12,0,0,0,0,0,0,0,12,0,3624,0,0,75,6,46,0,0,0,0,0,42,0,0,0,0,0,0,0,0,135,0,0,0,1,0,0,0,0,0,0,0,2,0,0,0,0,0,0,0,0,23,0,0,0,0,0,0,0,0,0,0,0,0,0,0,0,0,0,0,7,1,0,0,0,0,57,5,0,0,1,7,0,0,0,0,99,0,0,0,0,0,827,0,0,0,0,0,83,0,1,0,0,46,0,0,0,0,3,90,0,0,0,0,0,0,0,0,0,0,0,13,0,0,1,27,0,0,0,0,0,23,0,0,0,17,0,59,0,0,0,0,0,0,0,3,0,0,0,0,1,0,0,0,0,0,0,0,0,0,0,0,0,0,0,0,0,0,0,0,0,0,0,0,1,0,102,0,0,0,3,0,0,1,0,0,0,0,0,0,18,0,0,6,0,0,0,0,0,0,0,0,0,1,0,0,3,0,0,0,0,0,0,84,0,0,1,0,285,0,0,0,0,0,10,0,0,0,0,6,37,0,0,0,0,0,0,0,0,0,7,11,0,0,0,1,0,0,0,0,0,0,0,0,56,0,0,587,0,1,0,0,0,0,3346,0,0,24,0,0,0,0,1,22,0,0,0,0,0,59,0,0,0,0,66,0
"559",0,0,0,8,0,1,14,26,871,0,1,0,0,0,32,0,0,1,0,0,33,11,0,1,0,2427,1,0,53,84,1,72,12,42,0,2,46,155,1,0,0,0,0,73,0,872,0,1,0,0,0,0,1,0,9,0,0,0,0,1,2,41,0,0,0,1,22,0,0,0,31,0,0,5,971,0,0,0,0,11,0,1,14,0,645,3,0,1,0,29,28,7,19,24,0,1,0,0,18,0,0,0,0,3,1,0,120,346,0,0,0,21,0,51,0,0,0,0,33,0,0,0,0,0,822,0,0,0,1,1,0,173,0,0,0,1,7,0,0,0,0,0,0,0,0,0,6,3,0,3,12,25,1,0,0,0,0,0,0,14,0,3,2,0,0,1,0,0,1,0,1,0,1,0,0,0,0,7,1,1,1,0,11,3,26,0,0,0,4,0,0,129,0,0,12,0,1,0,0,0,0,0,0,18,1,6,0,0,0,10,0,0,3,0,29,0,1,13,4,12,41,1,0,0,0,1,0,0,56,0,137,3,0,34,0,0,1,0,0,39,0,6,38,0,0,0,0,0,0,22,3,1,3,0,5,11,18,0,4,35,1,8,0,0,55,0,0,29,0,5,0,13,167,6,0,0,0,1,1,921,1,0,131,0,0,0,0,0,1,38,22,0,0,0,1,1,0,16,0,20,0
"560",0,0,0,0,0,0,0,0,0,0,0,0,3,0,12,0,0,0,0,0,0,664,0,18,0,987,0,0,0,22,0,121,0,474,0,0,0,0,0,0,0,0,0,0,0,0,0,0,0,0,0,0,0,0,0,0,0,0,5,905,0,0,0,0,0,0,118,0,0,0,0,0,0,0,0,2,0,0,0,465,0,0,0,0,0,10,0,0,0,0,0,0,0,0,0,0,0,0,0,0,0,11,35,0,0,0,0,0,0,0,2,0,4,360,0,0,0,0,101,0,8,0,0,0,0,0,0,0,0,0,0,0,0,0,0,0,0,0,0,0,12,0,0,0,0,0,7,0,0,11,0,0,0,0,0,0,0,0,0,0,0,0,0,0,0,0,0,0,0,0,0,0,0,0,0,0,0,0,0,0,0,0,0,0,0,0,0,0,0,0,15,0,0,3,0,0,0,0,0,0,0,0,0,0,0,8,0,0,10,0,8,0,0,0,0,0,0,0,0,0,0,0,0,0,0,0,0,0,1036,0,0,0,0,0,0,0,0,0,0,142,0,0,0,0,24,1191,0,0,0,0,0,0,0,0,0,10,35,0,0,0,0,0,0,0,0,0,0,0,0,38,0,0,1348,10,0,0,0,0,0,0,0,5,1367,0,0,3,0,0,0,0,0,0,0,0,0,0,123,0,0,0,0
"561",0,8,0,0,0,2,0,22,0,0,0,0,0,1,55,0,0,0,3,7,42,9,0,0,0,0,0,0,87,25,462,0,2,64,0,0,13,29,0,0,0,5,0,11,0,158,0,7,0,0,7,0,0,0,6,0,0,0,0,372,1,0,0,0,0,0,118,0,10,0,15,2,0,4,0,0,0,0,0,8,0,0,39,0,0,0,0,0,0,12,0,69,0,1,0,0,0,0,3,0,0,0,0,0,0,0,16,2771,0,0,0,1,0,29,0,0,39,0,57,0,0,0,0,0,147,0,0,0,3,0,1,4,1,0,0,3,74,0,0,0,1681,0,0,0,0,0,14,3,0,0,15,50,0,62,0,0,0,0,0,4,0,0,0,4,0,0,1,0,0,0,0,0,0,0,0,0,6,19,166,4,0,0,0,5,4,0,0,0,0,0,0,36,14,0,0,0,7,61,0,1,0,0,0,136,0,457,7,0,10,40,0,0,0,0,22,0,54,5,335,0,68,0,0,0,0,0,3,0,14,0,117,0,6,772,0,1,5,0,0,0,0,0,175,0,0,0,0,0,0,0,0,5,5,0,5,108,0,0,0,0,0,0,1,6,0,2,0,0,0,11,0,0,114,0,0,0,0,0,1,0,1,0,64,0,0,0,0,4,0,12,0,0,0,0,23,0,13,0,0,345,0
"562",0,0,0,0,0,0,0,37,0,0,0,3,0,1088,0,0,0,0,0,53,0,0,0,0,0,7,0,0,0,0,0,0,0,68,0,0,0,62,0,0,0,0,0,110,0,121,0,0,0,0,0,0,0,0,64,0,0,0,0,81,0,0,0,0,0,0,0,0,0,0,0,0,0,868,0,0,0,0,0,156,0,0,166,0,1262,0,73,0,0,46,0,0,11,0,4,0,0,0,21,0,0,0,0,0,3,0,44,669,0,0,0,0,0,0,0,0,0,0,190,22,0,0,0,29,34,0,0,0,0,0,10,123,0,0,0,0,1,0,0,0,41,0,0,0,0,0,0,0,0,0,31,55,0,0,0,0,0,0,16,65,0,0,0,4,0,0,0,0,0,0,0,0,0,0,0,0,0,0,0,0,0,0,0,0,0,0,0,0,6,0,0,149,0,0,0,0,0,0,0,0,6,0,0,775,0,460,0,0,0,0,0,0,0,0,0,0,92,0,0,0,179,0,0,0,0,12,0,0,29,0,220,0,0,161,0,0,0,0,0,0,0,0,0,0,0,0,0,3,0,0,449,0,0,0,0,0,0,0,0,359,0,0,0,0,0,0,0,0,0,169,0,0,989,0,12,0,0,0,2,0,0,0,418,0,0,0,0,7,105,17,0,0,11,0,11,56,14,80,0,0,0
"563",0,0,0,0,0,0,2,0,0,0,0,0,0,215,104,0,0,0,0,0,0,0,0,0,0,244,0,0,34,156,0,0,0,0,0,0,174,102,0,0,0,0,0,0,0,0,0,0,0,0,0,0,0,3,0,0,0,0,0,0,0,0,0,0,0,0,0,0,0,0,0,0,0,0,0,0,0,0,3,0,0,0,310,0,0,0,0,0,0,38,888,21,49,0,0,6,0,0,0,0,0,0,0,0,0,0,0,754,0,0,0,0,0,0,0,0,0,0,118,0,0,0,0,24,0,0,0,0,0,0,0,0,0,0,5,1,218,0,0,0,53,0,0,0,0,0,0,0,0,42,3,0,3,20,1,0,0,0,0,123,0,0,0,0,0,0,0,0,0,0,0,0,0,0,0,0,0,0,118,0,0,0,0,0,39,0,0,0,0,0,0,0,0,0,0,0,0,0,0,0,0,0,0,0,3,0,0,0,0,0,0,0,0,0,0,0,61,0,0,0,0,30,0,0,0,0,0,0,0,0,0,0,0,0,27,0,0,0,0,0,0,0,0,0,0,0,0,0,0,0,0,0,0,0,0,0,0,0,0,0,0,0,0,0,0,0,0,0,0,3,0,0,522,0,0,0,0,0,35,5464,0,0,0,0,0,1,0,0,98,0,0,0,0,2,14,0,0,0,0,281,0
"564",0,0,0,0,0,0,70,0,0,0,8,0,2,0,21,0,0,1,0,0,0,0,5,0,0,3311,0,0,12,0,0,0,0,0,0,0,0,182,0,0,0,0,0,0,0,0,0,0,0,0,4,0,0,0,0,0,6,0,0,0,0,0,0,0,0,0,0,0,0,0,0,2,0,0,0,0,0,0,0,0,0,0,0,0,0,0,1,0,0,0,0,37,251,0,0,0,0,0,0,0,0,0,0,0,0,0,0,1141,0,0,0,0,0,0,0,0,0,1,0,0,5,0,0,3,0,0,0,0,0,0,0,0,0,4,0,0,8,0,0,0,15,0,0,0,0,0,15,0,0,0,0,0,0,0,0,0,0,0,0,27,0,0,0,0,0,0,0,0,0,0,30,0,208,0,0,0,0,0,0,0,0,0,0,0,12,0,0,0,0,0,17,173,1,0,0,0,0,0,0,0,0,0,0,0,0,8,0,0,0,1,1,0,0,0,0,0,0,0,0,0,0,45,0,0,0,0,0,0,0,0,0,0,0,45,0,0,0,0,0,0,0,0,0,0,0,0,0,0,0,0,0,0,0,0,0,8,0,0,0,0,5,0,0,0,336,0,0,0,0,20,0,0,583,0,1,0,0,0,0,3256,0,0,0,0,0,0,0,0,0,0,0,0,0,0,0,0,0,0,0,222,0
"565",0,0,0,0,0,1,3,0,0,1,0,0,4,0,35,0,0,0,0,0,75,0,1,0,0,7,0,0,327,16,0,0,0,38,0,0,0,0,0,0,0,0,0,0,0,0,0,10,0,0,0,0,0,0,7,0,0,0,0,0,0,47,0,1,0,0,0,0,0,0,35,0,0,20,0,722,0,0,0,106,0,0,263,8,0,7,0,0,0,47,0,15,7,0,0,0,0,0,0,0,0,0,0,0,0,0,0,1184,0,0,0,67,0,27,0,1,0,0,72,0,0,0,0,1,34,29,0,0,3,0,68,2000,0,0,0,0,21,0,0,0,17,0,0,0,0,0,0,0,0,0,0,0,0,0,1,0,0,1,0,0,0,0,0,0,0,0,4,0,0,0,0,0,131,0,0,0,0,32,0,0,0,0,0,0,34,0,0,0,0,0,0,102,0,0,0,0,0,0,0,0,0,0,0,3,0,42,0,0,0,28,0,0,0,21,0,0,0,443,109,0,0,7,0,0,0,0,0,8,43,0,56,0,0,0,0,0,0,0,0,0,0,0,0,0,0,0,0,0,0,0,0,0,43,0,12,0,22,0,0,0,0,0,0,0,0,0,0,0,0,5,16,0,24,0,0,0,0,0,6,3504,0,0,49,0,0,0,0,0,0,61,0,0,0,0,57,0,6,0,0,6,0
"566",0,0,0,0,0,0,0,0,0,0,0,0,0,0,126,1,104,1,0,1,106,96,0,6,0,2609,0,11,15,4,50,19,2,3,0,0,1,0,0,0,0,0,0,69,0,410,0,1,0,0,0,0,0,1,0,0,9,0,0,0,0,0,0,0,0,0,62,0,0,0,0,0,0,14,0,0,0,0,0,0,0,2,1,0,84,1,9,1,0,50,0,7,0,0,0,0,0,0,48,0,0,0,14,0,0,0,150,146,0,0,0,12,0,56,0,18,0,0,22,4,0,0,0,3,68,0,0,316,1,0,5,193,0,9,0,0,195,0,0,0,81,0,0,0,0,0,3,0,1,0,5,0,3,12,17,0,0,0,0,8,0,0,0,0,0,0,0,0,0,0,32,0,0,0,1,1,2,182,55,3,0,0,4,0,1,0,19,8,0,0,43,61,1,10,0,0,219,0,0,0,0,0,0,3,255,43,0,0,0,1,0,0,0,0,3,0,450,33,23,0,51,0,0,0,0,0,0,0,6,0,3,0,0,678,0,0,0,0,0,0,0,0,0,0,6,0,0,0,0,0,0,1,13,0,1,9,0,0,4,0,0,0,0,0,0,0,0,0,0,27,0,1,40,1,5,0,0,0,2,2536,1,4,20,0,0,0,0,2,0,0,80,2,0,0,0,0,13,0,0,150,0
"567",0,1,0,0,0,1,2,22,0,0,0,0,0,1,4,0,0,1,0,7,38,30,0,1,0,412,0,0,12,55,34,0,0,82,0,0,3,386,0,0,1,0,0,30,0,112,0,10,0,0,3,0,0,0,19,0,0,0,0,252,0,12,0,2,0,0,97,0,12,0,49,0,0,96,0,0,0,0,0,416,3,0,201,0,22,1,0,1,0,26,0,0,1,0,0,0,0,0,0,0,0,0,0,0,0,0,59,3073,0,0,0,0,0,13,0,0,0,0,552,0,0,0,0,0,22,0,0,0,0,0,5,180,0,0,0,1,1,0,0,0,26,0,0,1,0,0,39,8,0,0,12,32,0,0,0,0,0,0,0,4,0,0,0,1,0,0,0,0,0,0,3,0,0,0,0,0,0,54,692,5,0,0,0,0,35,2,0,0,0,0,0,37,1,0,0,0,0,2,0,5,0,3,0,23,0,114,0,0,1,2,0,0,0,0,15,0,325,43,490,0,450,43,0,0,0,0,0,0,19,0,238,1,0,14,0,1,3,0,0,29,0,0,0,0,1,0,0,0,0,0,0,6,16,1,11,9,2,0,64,8,1,0,0,5,5,0,0,0,3,3,0,75,7,0,0,0,0,0,22,6,0,0,56,0,0,1,0,0,51,5,0,0,0,0,0,0,4,0,0,530,0
"568",0,0,0,0,0,0,0,0,0,0,0,0,0,0,29,0,0,0,0,0,149,74,2,3,4,0,0,0,5,0,1082,478,9,330,0,0,0,3,0,0,0,11,0,190,0,0,0,4,1,0,0,4,0,0,248,0,0,0,0,48,0,16,0,0,0,0,22,0,0,0,0,0,0,200,0,0,0,0,0,45,0,0,0,0,0,27,0,0,0,0,0,0,7,43,0,0,0,0,0,0,0,0,0,2,1,4,0,41,0,0,0,0,0,0,0,0,0,21,179,4,0,0,0,0,0,0,0,0,0,90,100,0,123,0,0,60,5,0,0,0,5,0,0,0,0,0,2,2,0,0,8,216,0,0,0,0,0,0,320,17,0,0,1,0,0,0,0,0,1,0,0,0,0,0,0,0,0,0,0,0,105,17,0,4,0,0,0,0,208,0,0,0,0,9,0,28,0,0,0,0,0,0,0,2,225,8,0,0,0,0,0,115,18,0,0,1,0,21,71,33,0,0,20,0,0,0,630,0,276,0,0,1,0,1506,0,0,0,0,3,0,0,0,226,2,0,41,0,0,0,21,486,3,34,0,16,0,31,0,0,0,0,18,0,0,0,0,0,323,55,143,0,0,386,0,0,1,0,3,3,0,0,0,248,0,0,0,0,0,13,0,108,0,1,0,14,3,48,54,0,0,0
"569",0,0,0,0,0,0,1,0,0,0,1,0,0,23,1,0,0,0,0,0,11,22,0,1,0,421,0,0,1,0,38,0,0,6,0,0,1,20,0,0,0,0,0,6,0,11,0,0,0,0,1,0,0,0,0,0,0,0,0,133,0,1,1,0,4,0,362,0,16,21,2,0,0,0,0,0,0,0,0,104,0,1,313,0,1,0,0,0,0,33,15,1,2,0,0,0,0,0,0,0,0,49,0,0,1,0,1,4710,0,56,0,0,0,96,0,0,0,42,71,0,0,0,0,1,12,0,0,0,0,0,0,0,0,1,0,1,1,0,0,0,523,0,0,0,0,0,21,0,0,1,17,0,0,25,1,0,0,0,10,1,0,1,0,0,0,0,0,0,0,0,3,1,1,0,0,0,0,10,27,0,0,2,0,0,0,0,0,0,0,0,0,167,5,21,179,0,12,0,0,0,0,0,0,0,0,249,7,0,1,1,0,0,0,0,2,0,63,8,0,2,59,40,83,0,5,3,0,0,0,5,66,0,0,201,0,0,0,0,1,0,0,0,1,0,0,0,0,0,0,0,161,0,0,0,3,8,0,0,0,0,1,0,7,0,1,0,0,752,4,8,0,0,54,0,0,0,1,1,1,232,0,0,1,0,0,0,0,0,33,0,0,0,0,0,9,0,124,0,54,7,0
"570",0,0,0,0,0,0,1,22,2,0,0,0,0,76,6,0,1,0,0,0,39,36,0,0,0,2291,0,0,15,0,0,0,0,231,0,0,119,182,0,0,0,0,0,74,0,218,0,0,0,0,0,0,0,0,29,7,0,0,0,13,0,9,0,0,0,0,11,0,0,0,35,0,0,9,0,0,0,0,2,8,0,1,26,0,847,0,0,0,0,111,0,1,0,0,0,1,0,0,47,1,0,0,0,1,0,7,129,129,0,0,0,0,0,84,0,0,0,0,25,0,0,0,0,0,433,0,0,0,0,0,16,53,0,0,0,0,4,0,0,0,7,0,0,0,0,0,3,9,0,4,13,0,0,0,1,0,0,0,0,58,0,0,0,0,0,0,0,0,0,0,3,0,0,0,0,0,0,103,20,0,0,0,0,0,20,0,0,0,4,0,0,76,0,0,0,0,0,0,0,0,0,0,0,4,1,6,0,0,0,0,0,0,22,0,22,0,25,26,0,0,1,0,0,0,0,0,0,0,0,0,140,0,0,31,0,0,1,3,0,0,0,0,0,0,0,0,0,0,0,0,0,4,20,0,0,0,6,0,3,36,0,0,0,0,0,0,0,0,6,3,0,0,305,0,0,0,0,0,4,3506,0,0,242,0,0,0,0,0,3,69,0,0,0,0,115,0,5,0,0,85,0
"571",0,1,0,0,0,0,8,0,0,0,0,0,0,253,5,0,0,0,0,0,0,0,0,16,2,487,0,0,0,28,27,0,0,0,0,0,270,3,0,0,0,0,0,0,0,6,0,0,0,0,0,0,0,0,0,0,0,0,0,0,0,0,0,0,0,0,74,0,0,81,0,0,0,0,0,0,0,0,0,0,0,0,0,0,78,0,0,0,0,20,0,26,0,0,0,0,106,0,0,0,0,196,0,0,0,0,0,1770,0,0,0,0,0,0,0,0,0,0,75,0,0,0,0,1,0,0,0,0,0,0,0,0,0,0,0,0,0,0,0,0,0,0,0,0,0,0,0,0,0,0,0,0,0,0,0,0,0,0,0,0,0,0,0,0,0,0,0,0,0,0,0,0,0,0,0,0,0,0,125,0,0,0,0,0,0,0,0,0,0,21,0,107,0,0,0,0,33,0,0,0,0,0,0,0,766,0,0,0,5,25,0,0,0,0,0,0,0,0,0,0,0,0,0,0,0,0,0,0,7,0,0,0,0,170,0,0,0,0,0,0,0,0,0,0,0,0,0,0,0,0,0,0,0,0,0,0,0,0,0,0,0,0,0,0,0,0,0,410,0,534,0,0,1521,0,2,0,0,0,0,2614,0,0,0,0,0,0,0,0,67,0,0,0,0,0,0,0,39,0,0,3,0
"572",0,0,0,0,0,0,0,0,0,0,0,0,0,0,8,0,0,0,0,0,29,272,0,0,0,2723,0,0,296,89,1,0,0,0,0,0,0,0,0,0,0,0,59,60,0,0,0,0,0,1,0,0,0,0,5,0,0,0,0,0,0,27,0,0,0,0,0,0,0,0,24,0,0,1,0,0,0,0,0,7,0,0,0,0,16,14,0,337,0,48,0,222,120,0,0,0,0,0,28,11,0,0,0,0,0,0,0,140,60,0,0,91,0,8,0,1,0,0,658,0,0,0,0,29,133,0,0,0,3,0,6,1,0,0,0,0,18,0,0,0,0,0,0,0,0,0,13,0,1,1,5,5,0,0,0,3,0,0,0,11,0,0,0,0,0,0,0,0,0,0,0,0,0,0,0,0,0,0,221,0,0,0,9,0,0,0,0,0,0,0,0,265,0,0,0,0,0,0,0,0,0,0,0,353,0,0,0,0,0,0,0,0,0,7,0,0,75,0,218,0,0,0,0,0,0,0,0,0,29,0,109,0,0,1105,0,0,0,0,0,0,0,0,0,0,0,0,0,9,0,0,5,0,18,1,37,0,0,0,1,0,0,0,0,1,0,0,0,0,0,341,0,13,50,0,0,0,0,0,1,205,0,0,0,0,0,0,0,0,0,210,0,0,0,0,12,0,0,39,0,657,0
"573",0,0,0,0,0,0,1,5,0,0,12,0,1,124,8,0,3,0,0,0,0,110,0,4,0,442,0,0,23,4,237,0,0,28,0,0,46,320,0,0,0,0,0,0,0,294,0,1,0,0,5,0,0,0,32,0,0,0,0,434,0,0,0,11,0,0,232,0,0,0,31,0,0,0,0,0,0,0,0,180,0,0,308,0,0,17,1,0,0,64,0,7,0,0,0,0,0,0,33,0,0,0,0,0,5,0,0,1359,0,0,0,0,0,17,0,5,0,0,276,0,0,0,0,4,39,0,0,0,0,0,0,9,0,4,0,0,11,0,0,0,9,0,0,0,0,0,13,0,1,0,13,0,0,0,1,0,0,0,0,0,0,0,0,375,0,0,1,0,0,0,12,0,0,0,0,0,0,7,156,1,0,0,0,0,16,0,0,0,0,0,0,63,1,0,0,0,0,1,0,0,0,0,0,298,0,82,29,0,1,18,0,0,0,6,12,0,408,244,14,0,72,46,0,0,0,0,0,0,36,0,20,0,0,158,0,0,13,0,0,46,0,0,0,0,0,0,0,0,0,0,47,5,18,0,17,12,18,0,6,47,4,0,0,8,0,0,0,0,0,532,0,42,370,0,0,0,55,0,2,1672,0,0,725,0,0,0,0,0,76,0,0,0,0,0,0,37,26,0,0,108,0
"574",0,70,0,0,0,0,0,0,0,0,1,0,2,0,62,0,0,0,1,0,5,1,0,4,0,399,0,0,18,74,185,0,38,110,0,0,22,1,0,0,0,0,0,23,0,24,0,0,14,0,3,0,0,0,0,0,0,0,0,0,0,0,0,3,0,0,12,0,3,42,16,0,0,134,0,1,1,0,0,1,0,1,65,0,22,1096,240,25,0,129,0,15,26,0,0,0,0,0,50,0,0,155,0,0,1,0,0,1480,0,27,0,0,4,33,0,1,0,0,70,0,0,0,0,3,86,0,3,0,0,0,1,47,0,4,0,0,82,0,0,0,32,0,0,0,0,0,3,0,0,0,10,0,18,1,0,0,0,0,0,43,0,0,0,0,0,0,0,0,0,0,0,0,0,0,0,0,1,1,62,0,0,1,7,31,5,0,0,0,0,0,15,39,1,7,0,0,0,0,0,1,0,0,0,1,0,6,6,0,3,1,0,0,0,0,1,0,0,3,41,0,1,0,0,0,1,0,0,0,5,0,87,1,0,1698,0,0,0,0,0,15,0,0,0,0,131,0,0,0,0,0,0,0,0,0,83,10,18,0,0,0,0,0,0,3,1,0,0,0,11,346,0,0,402,0,4,0,0,0,0,1935,0,0,67,0,0,20,0,0,0,0,0,0,0,0,153,0,126,0,0,28,0
"575",0,0,0,0,0,0,1,0,0,0,1,0,0,0,456,0,0,1,0,0,238,3,0,1,0,416,0,0,9,1,0,345,0,30,0,0,5,0,0,0,0,0,1,133,0,1314,0,7,0,0,0,0,0,0,0,1,0,0,0,32,1,0,0,0,77,0,11,0,0,2,0,0,1,0,0,0,0,0,0,18,0,7,0,5,830,0,0,0,0,9,351,12,35,0,0,1,0,0,25,0,0,0,0,23,0,3,0,15,0,13,0,0,0,61,1,0,0,0,33,0,0,0,0,0,15,215,0,0,3,0,0,1617,0,0,0,0,30,0,0,0,3,0,3,0,0,0,3,1,0,117,15,0,0,0,0,0,2,0,303,0,0,0,0,0,0,0,0,0,0,0,1,0,125,0,0,0,0,0,4,1,0,0,0,0,1,0,0,0,0,0,0,32,1,1,0,0,0,0,0,0,0,0,0,416,1,2,0,0,0,1,0,0,175,1,1,1,28,0,1,0,0,1,0,0,0,0,0,0,0,0,268,0,0,1,0,0,1,0,0,2,0,1,0,0,0,0,0,0,3,0,0,1,0,0,2,1,0,0,1,19,2,0,0,1,0,0,0,0,0,19,0,2,65,0,0,0,0,0,4,1300,0,0,22,0,0,0,0,0,0,5,0,0,0,0,5,0,3,0,0,9,0
"576",0,0,0,0,0,0,0,0,0,0,0,0,0,3,1,0,21,0,0,0,0,25,0,0,0,1897,0,0,11,0,0,0,0,20,0,0,0,0,0,0,0,0,0,0,0,0,0,8,0,0,0,0,0,0,0,0,0,0,0,13,8,0,1,36,0,0,74,0,2,1,39,0,0,0,0,220,0,0,0,4,0,5,0,0,38,3,0,0,0,0,4240,3,0,0,0,0,0,0,0,0,0,12,0,0,0,0,0,394,0,0,0,19,0,35,0,1,0,0,66,0,8,0,0,0,26,0,0,0,5,0,0,0,0,3,0,77,1,2,0,0,5,0,0,0,0,0,7,21,0,0,1,0,0,20,1,0,0,0,0,28,0,0,0,0,0,0,0,0,0,1,0,0,0,0,0,0,0,1,0,5,0,0,0,0,0,0,0,0,0,0,0,0,3,0,0,0,21,1,0,0,0,0,0,251,396,144,1,0,1,1,0,0,0,0,99,1,0,46,24,0,1,0,0,0,0,0,0,0,0,0,19,0,0,488,0,0,4,0,0,1,0,0,4,0,3,0,0,0,0,0,0,0,0,0,0,25,0,0,0,0,0,0,0,7,0,0,0,0,1,242,0,0,55,0,0,0,0,0,0,9,0,0,153,0,0,0,0,1,23,0,0,0,0,0,0,0,1,0,0,106,0
"577",0,0,0,0,0,1,1,0,0,0,7,5,0,0,50,0,0,0,0,0,3,6,0,0,0,552,0,0,0,0,887,0,0,205,0,0,301,0,0,0,0,0,0,52,14,135,0,3,0,0,0,0,1,6,0,0,0,0,0,4,0,0,0,1,0,0,7,0,0,0,15,0,0,18,0,0,0,0,5,30,0,0,61,0,0,0,0,1,0,67,0,1,29,0,0,0,0,0,0,0,0,0,0,0,6,0,0,2537,0,0,1,0,0,157,0,0,0,0,213,42,0,0,0,1,534,0,0,0,0,239,0,134,0,1,0,1,201,0,0,0,152,0,0,0,0,0,35,0,0,0,8,0,0,4,0,0,0,0,0,19,0,0,0,0,0,0,4,0,0,0,0,0,0,0,0,0,5,26,106,0,0,0,0,0,44,0,0,0,0,0,0,0,0,3,434,0,0,0,0,0,0,0,0,0,0,0,0,0,0,0,113,0,0,0,0,0,98,11,339,8,122,56,0,0,0,0,0,0,26,0,25,0,0,657,0,0,7,0,0,0,0,0,74,0,0,0,1,0,0,0,0,3,31,0,50,0,19,0,0,0,0,0,0,0,0,0,0,0,124,219,0,0,0,0,0,0,0,0,11,45,6,0,34,0,0,0,0,0,0,9,0,0,0,0,308,0,254,0,0,81,0
"578",0,1,1,0,0,1,21,0,0,0,0,0,0,0,269,0,0,0,0,0,0,40,0,0,1,3721,0,0,710,0,0,0,0,191,0,0,1,261,0,0,0,0,0,13,0,290,0,1,0,0,0,0,0,0,0,0,0,0,0,0,3,6,0,0,0,0,88,0,1,0,0,0,0,0,0,0,0,0,0,1,0,0,13,0,0,26,0,0,0,29,0,0,29,0,0,6,0,0,40,0,0,5,0,0,0,0,0,219,0,0,0,0,0,58,0,0,0,0,147,0,0,0,0,0,348,0,0,0,0,0,1,1,0,0,0,9,606,0,0,1,45,0,0,0,0,0,0,0,0,0,6,0,3,0,1,0,0,0,0,62,32,0,0,0,0,0,0,0,0,0,0,0,0,0,0,0,0,10,201,3,0,0,0,0,4,0,0,0,0,0,0,82,4,0,2,0,0,1,0,0,61,0,0,0,339,97,0,0,0,29,0,0,0,0,0,0,32,5,1,7,0,0,0,0,0,0,0,0,0,0,97,0,0,600,0,2,0,0,0,0,0,0,0,0,0,0,0,14,0,0,0,0,11,0,0,67,11,0,0,0,12,0,0,0,0,0,0,0,0,27,0,24,177,0,0,0,0,0,1,246,0,0,393,0,0,0,1,0,5,26,0,0,0,5,8,0,8,0,0,177,0
"579",0,0,0,0,0,0,28,0,0,0,0,0,0,604,28,0,0,0,0,0,105,18,0,13,0,1141,0,0,38,32,0,0,0,15,0,0,16,146,0,1,0,0,0,0,0,0,0,0,0,0,0,0,0,0,0,0,0,0,0,104,0,0,0,0,0,0,361,0,0,0,0,0,0,35,0,0,0,0,0,0,0,0,0,0,59,0,0,0,1,67,704,9,3,0,0,350,0,0,7,0,0,0,0,0,5,0,0,371,0,68,0,0,0,279,0,1,0,0,15,0,0,0,0,2,23,0,0,0,0,0,0,14,0,3,0,0,5,0,0,0,0,0,0,0,0,0,42,0,0,0,0,0,0,54,0,0,0,0,0,31,0,0,0,0,0,0,0,0,0,204,0,0,1,0,0,0,0,0,795,0,0,0,0,0,64,0,0,0,0,0,0,36,4,0,0,0,0,0,0,0,0,0,0,0,0,17,0,8,0,0,0,0,4,0,3,0,46,0,13,7,14,0,0,0,0,0,0,0,116,0,23,0,0,125,0,0,0,0,0,0,0,0,0,0,0,0,0,1,0,0,0,0,0,0,29,0,0,0,231,0,3,0,0,0,0,0,0,0,0,144,0,0,70,0,0,0,0,0,7,2412,0,0,308,0,0,0,0,0,14,0,0,0,0,0,0,0,8,0,0,78,0
"580",1,0,0,1,0,0,0,0,0,0,0,0,0,0,62,0,0,0,0,0,0,128,0,1,0,2822,0,0,8,1,1,0,0,380,0,0,2,0,0,1,0,0,0,0,0,0,0,0,0,1,0,0,1,1,0,0,0,0,0,20,0,0,0,0,0,0,13,0,0,0,3,0,0,0,0,182,1,0,0,7,0,1,13,0,0,0,0,0,1,18,0,4,67,0,0,1,0,0,0,0,0,2,0,0,0,0,0,1286,0,43,0,0,0,0,0,23,0,1,219,0,0,0,0,5,175,0,0,0,0,0,0,0,0,1,0,0,10,0,0,0,1719,0,0,1,0,0,0,0,1,1,7,0,31,12,0,0,0,0,0,0,0,0,0,0,0,0,0,0,0,0,0,0,0,0,5,0,0,54,9,0,0,0,0,0,0,0,0,0,0,0,1,0,0,0,0,0,0,0,0,0,0,0,0,0,0,115,0,0,1,1,0,0,0,0,0,1,50,0,451,0,8,0,0,0,0,0,0,0,0,0,0,0,0,279,0,0,0,0,0,0,0,0,0,0,0,3,1,0,0,0,0,0,0,0,9,120,6,0,0,0,4,0,0,0,1,0,0,0,0,43,0,0,771,0,1,0,0,0,0,299,1,0,396,2,0,7,0,0,0,0,0,0,0,0,45,0,0,0,0,45,0
"581",0,0,0,0,0,1,0,0,0,0,1,0,0,296,0,0,51,1,0,0,0,9,0,1,0,5584,1,0,14,3,0,0,0,15,3,208,5,0,0,0,0,0,0,0,0,210,0,1,0,0,6,0,0,0,82,0,0,0,5,10,0,33,2,1,0,0,44,0,0,198,0,0,0,14,0,629,0,0,0,4,0,8,0,1,11,0,0,0,0,0,0,7,4,0,0,0,4,0,0,0,0,5,6,0,0,0,0,486,0,0,0,41,0,0,0,0,0,0,29,0,0,0,0,3,67,0,3,0,1,0,0,96,0,0,0,0,98,0,0,0,272,0,0,0,0,0,5,0,0,0,0,0,1,0,48,0,0,0,0,1,0,0,0,0,0,0,0,0,0,59,1,0,3,0,0,0,0,1,0,3,0,0,0,0,7,0,1,0,0,0,0,33,0,0,0,0,1,0,0,0,0,0,0,35,0,11,9,0,0,0,13,0,0,0,4,1,0,37,0,0,0,28,0,0,0,0,0,0,14,34,0,1,0,153,0,0,1,0,0,7,0,0,0,0,1,0,0,0,0,0,0,0,0,0,0,12,29,0,1,0,0,0,0,17,1,0,1,6,3,168,7,0,144,0,0,0,0,0,3,422,0,0,58,0,0,4,0,0,17,0,0,0,0,0,0,0,0,0,0,29,0
"582",0,0,0,0,0,0,0,10,0,0,0,0,0,86,19,0,0,0,0,0,3,20,0,0,0,1405,0,0,6,0,1,0,0,27,0,0,23,1,0,0,0,0,0,179,0,12,1,0,0,0,0,0,0,0,0,1,0,0,0,3,0,0,1,0,240,0,39,0,0,66,0,0,0,8,0,0,0,0,0,1,0,0,0,0,4,0,197,0,1,60,655,2,17,0,0,0,0,1,63,12,4,0,0,0,0,0,0,471,0,0,0,0,0,8,0,0,0,1,15,9,0,0,0,2,74,0,0,0,0,0,0,4,0,1,0,0,400,0,0,0,0,0,0,0,146,0,0,0,0,0,12,2,2,0,0,0,0,0,52,41,0,0,0,1,0,0,0,0,0,0,0,0,0,0,0,0,0,1,42,0,0,0,0,0,0,0,1,0,0,0,0,45,1,0,0,0,0,0,0,0,0,0,0,0,0,0,0,0,1,2,0,0,4,5,1,0,30,0,124,2,1,0,0,0,0,0,0,0,12,22,88,0,0,1392,0,0,0,0,0,0,0,0,0,0,0,19,0,6,0,0,0,0,1,0,0,0,6,0,0,0,0,0,0,2,0,0,0,0,0,1100,0,5,2364,0,1,0,1,0,7,92,0,1,167,0,0,0,0,0,0,88,0,0,0,0,0,0,83,0,0,23,0
"583",0,0,0,0,0,0,7,0,0,0,0,0,0,0,5,0,42,0,0,0,0,45,0,0,0,2184,0,0,6,0,0,0,0,146,0,0,0,76,0,0,0,0,0,0,0,331,0,0,0,0,0,0,0,0,0,0,0,0,0,0,0,0,0,0,0,11,89,0,0,0,0,0,0,10,23,0,0,0,0,0,0,0,0,0,0,8,0,0,0,0,0,13,2,0,0,0,3,0,0,0,0,0,0,0,0,1,0,260,0,0,0,0,0,21,0,0,0,0,572,1,0,0,7,1,4,0,0,0,0,0,2,10,0,0,0,0,294,0,0,0,6,0,0,0,0,0,0,0,0,0,0,0,0,0,0,0,0,0,0,228,0,0,0,339,0,0,0,0,0,0,0,0,1,0,0,0,0,0,0,0,0,0,0,0,0,0,0,0,0,0,0,63,0,21,0,0,0,0,0,0,0,0,0,0,0,185,0,0,0,0,4,0,0,0,0,0,168,0,0,4,0,0,0,0,0,0,0,0,0,0,0,0,0,489,0,0,0,0,1,0,0,0,0,0,5,0,0,0,0,0,0,0,0,0,0,210,114,0,0,0,0,0,0,4,0,0,0,0,0,1,0,0,275,0,0,0,1,0,0,2931,0,0,290,0,0,0,0,0,0,35,0,0,0,0,0,0,7,0,0,243,0
"584",0,0,0,0,0,0,0,0,0,0,0,0,0,0,3,0,0,5,0,0,0,37,0,0,0,2721,0,0,23,16,1,0,0,40,24,0,5,0,0,0,0,2,0,0,0,36,0,6,0,0,0,0,0,0,4,0,0,0,0,7,0,0,0,0,0,0,0,0,4,0,16,0,0,3,0,940,0,0,0,24,18,0,2,0,0,9,0,0,0,45,0,0,1,0,0,1,0,0,53,0,0,208,0,0,1,0,23,1055,0,0,0,0,0,40,0,0,0,3,45,0,0,0,0,1,9,461,0,0,356,79,53,122,0,0,0,3,17,0,0,0,0,0,0,0,0,0,0,0,0,0,6,0,0,0,0,0,0,0,0,1,0,0,0,938,0,0,1,0,0,0,28,0,0,0,0,0,0,0,0,0,0,9,0,0,12,0,0,0,0,0,0,56,0,0,0,0,0,0,0,0,0,3,0,5,0,170,0,0,1,13,1,0,0,9,4,1,0,0,67,0,1,31,0,16,0,75,24,0,45,4,30,0,0,17,0,0,2,0,3,0,0,0,0,0,3,0,0,0,0,0,0,0,11,0,23,28,177,0,0,4,0,0,0,13,81,0,0,42,3,116,0,3,399,0,0,0,0,9,0,124,0,0,96,0,0,0,1,0,0,34,82,0,0,0,5,0,8,33,0,42,0
"585",0,0,0,0,0,0,75,92,0,0,0,0,0,237,40,0,0,0,0,0,0,0,0,23,0,3346,0,0,0,0,1,0,0,25,0,0,5,2,0,0,0,0,0,0,0,81,0,0,0,0,0,0,0,0,0,0,0,1,0,212,0,0,0,0,0,0,16,0,0,7,0,0,0,29,0,0,0,0,0,9,0,0,0,0,804,4,2,0,0,35,0,68,0,0,0,0,0,0,2,0,0,221,0,0,0,0,0,663,0,0,0,0,0,0,0,0,0,0,23,1,0,0,1,2,57,0,0,0,0,0,0,0,0,45,0,0,447,1,0,0,24,0,0,0,0,0,0,0,0,0,6,0,0,0,0,0,0,0,0,73,0,0,0,0,0,0,0,0,0,0,0,0,0,0,0,0,0,159,144,0,0,0,0,0,0,0,0,0,0,0,0,0,1,0,0,0,0,0,0,0,0,3,0,0,0,5,0,0,0,0,0,0,0,0,0,0,33,0,0,0,0,0,0,0,0,0,0,0,0,0,50,0,0,326,0,0,0,0,0,0,0,0,0,0,0,0,0,0,0,0,0,0,0,0,0,0,5,0,0,0,0,0,0,0,0,0,0,0,0,720,0,0,38,0,0,0,8,0,8,1268,0,0,88,0,0,0,0,0,17,0,0,0,0,0,5,0,2,0,0,51,0
"586",0,0,0,0,0,0,4,0,0,0,0,0,1,0,58,0,11,0,0,0,0,106,0,4,0,2624,0,1,61,5,97,0,0,35,0,0,10,0,0,1,1,0,0,0,0,946,0,0,0,7,1,0,0,0,0,0,0,0,0,0,0,0,0,0,0,0,0,1,0,0,0,0,0,0,0,511,0,0,0,0,0,0,1,0,0,4,0,0,0,0,0,0,8,0,0,1,0,0,43,0,0,0,0,0,0,0,0,378,0,0,0,0,0,0,0,0,0,1,46,11,0,0,14,1,78,0,0,0,0,0,0,0,0,4,0,0,315,0,0,0,10,0,0,0,0,0,0,0,0,0,0,0,1,0,0,0,0,0,0,0,0,0,0,2220,0,0,0,0,0,0,4,0,98,0,0,0,0,0,155,0,0,0,0,0,0,0,0,0,0,25,0,17,0,0,0,0,0,0,0,0,0,0,0,0,0,4,0,0,4,5,9,0,0,0,0,0,0,0,4,0,0,0,0,0,0,0,0,0,0,0,0,0,0,152,0,0,0,0,0,18,0,0,0,0,0,0,1,1,0,0,20,0,0,0,0,0,9,0,0,0,1,0,0,0,0,0,0,0,0,20,0,0,43,0,11,0,1,0,0,1836,0,0,109,0,0,0,0,1,0,57,0,0,0,0,11,0,0,0,0,142,0
"587",0,0,1,0,0,0,30,1,0,1,0,0,0,0,52,0,8,0,0,5,1,1,0,0,0,2628,0,0,7,13,641,0,0,111,0,0,50,4,0,1,0,0,0,11,0,4,0,1,0,0,0,0,0,0,1,0,0,0,0,1,1,0,0,0,0,0,0,0,0,0,2,0,0,0,0,0,0,0,0,1,0,0,14,1,0,0,16,0,0,90,0,26,254,0,0,45,0,0,46,0,0,239,0,0,0,0,2,1765,0,0,0,4,0,10,0,0,0,0,1,0,0,0,0,2,107,4,0,0,1,0,2,5,0,6,0,0,365,0,0,0,5,0,0,0,0,0,1,1,0,0,1,1,0,0,1,0,0,0,0,14,0,0,0,1,0,0,0,0,0,0,0,0,1,0,0,0,0,1,85,1,0,0,0,0,1,0,0,0,0,0,0,10,0,0,0,0,0,0,0,0,0,0,1,1,0,6,1,0,0,6,0,0,0,4,1,0,46,1,1,0,1,2,0,0,0,3,56,0,0,0,1,0,0,732,0,0,0,0,0,0,0,0,0,1,0,0,0,0,0,0,0,1,2,1,2,1,0,0,1,1,1,0,0,1,0,0,0,0,0,688,4,1,80,0,0,0,0,0,0,1277,0,0,12,0,0,0,0,0,0,1,0,0,0,0,36,0,14,4,0,13,0
"588",0,0,0,0,0,1,1,0,0,0,0,0,0,0,1,0,0,0,0,0,55,122,0,0,0,2334,0,0,7,0,0,0,0,162,0,0,0,32,0,0,0,0,0,55,0,542,0,0,0,0,1,0,0,0,0,0,0,0,0,350,0,0,1,0,0,0,123,0,0,0,0,0,5,106,0,0,0,1,1,192,0,0,0,0,0,0,0,0,0,57,0,11,25,0,0,0,0,0,0,0,0,0,0,0,0,0,16,380,0,26,0,0,0,134,0,6,0,1,340,0,0,0,0,1,335,0,0,0,0,0,0,0,0,1,0,0,66,0,0,0,18,0,0,0,0,0,0,9,0,0,17,19,0,0,1,0,30,0,0,0,0,0,0,1,0,0,0,0,0,0,0,19,86,0,0,0,0,164,0,0,0,0,0,0,0,0,0,0,0,0,0,200,1,14,0,0,0,0,0,0,0,0,0,0,0,25,1,0,1,1,0,0,0,6,0,0,0,0,6,0,173,0,0,0,0,0,0,0,0,0,261,1,0,382,0,0,0,0,0,0,0,0,0,0,0,0,0,0,0,0,192,0,14,0,24,122,15,0,0,108,0,0,0,0,0,0,0,0,0,19,0,50,68,0,0,0,46,2,0,2108,0,0,346,1,0,0,0,0,0,139,0,0,0,0,170,0,21,0,0,142,0
"589",0,0,0,0,0,0,0,14,0,0,0,0,0,82,1,0,26,1,0,0,18,31,0,0,0,1844,0,0,6,0,0,0,0,93,4,0,170,368,0,0,0,0,0,20,0,214,0,0,0,0,4,0,0,0,0,0,0,0,0,372,0,0,0,0,0,0,81,0,0,0,0,0,0,0,0,0,0,0,0,229,10,34,0,0,0,1,80,0,0,53,0,4,4,0,0,1,0,0,0,0,0,0,0,0,1,0,0,1426,0,0,0,15,0,339,0,0,0,0,145,3,0,0,0,0,305,63,0,0,3,0,49,151,0,4,0,0,8,0,0,0,1,0,0,0,0,0,17,0,0,0,0,8,0,0,1,0,0,0,60,34,0,0,0,0,0,0,0,0,0,0,0,0,1,0,0,0,0,1,208,0,0,0,0,0,0,0,0,0,0,0,0,401,1,0,0,0,0,0,0,0,0,0,0,47,0,44,1,3,0,0,0,0,3,9,0,0,268,8,0,4,0,0,0,107,0,1,0,1,141,41,141,0,0,256,0,0,0,0,0,0,0,0,0,0,0,0,0,0,0,0,0,0,0,0,0,3,1,0,99,35,0,0,0,4,0,0,0,47,0,3,0,0,75,0,0,0,0,1,0,1646,0,0,317,0,0,0,0,0,32,50,0,0,0,50,19,0,23,46,0,54,0
"590",0,0,0,0,0,0,2,13,0,0,1,0,0,236,2,0,0,1,0,0,42,7,0,7,0,3364,0,0,13,0,21,0,0,271,0,0,6,0,1,0,0,0,0,6,0,5,0,6,1,0,1,0,0,0,9,0,0,0,0,6,0,31,0,0,0,0,118,0,0,0,5,0,0,110,0,0,0,0,0,1,0,1,172,0,7,1,0,1,0,15,6,1,26,12,0,208,0,0,0,0,0,1,0,9,1,0,113,549,0,0,0,3,0,179,0,0,0,0,112,0,0,0,4,1,25,26,0,0,2,18,5,1258,0,45,0,1,2,0,0,0,0,0,0,0,105,0,0,0,0,1,10,31,0,0,1,0,0,0,15,24,0,0,0,0,0,0,0,0,0,1,0,0,15,0,0,0,4,3,3,0,31,0,0,0,0,0,0,0,0,0,0,22,0,0,0,4,0,0,0,0,0,0,0,1,0,4,0,0,0,3,0,0,5,0,11,0,29,3,9,1,0,28,0,0,0,5,0,0,61,0,177,0,1,60,0,0,4,0,0,1,0,0,0,5,0,0,0,0,0,2,10,1,12,0,6,0,0,0,19,0,0,0,0,1,1,0,0,0,0,1,0,9,173,11,15,0,8,1,8,1459,0,0,49,0,0,0,0,0,23,1,0,0,0,0,20,21,2,0,0,11,0
"591",0,0,0,0,0,0,1,13,0,0,0,0,8,1,329,0,0,0,0,0,35,45,0,1,2,1,0,0,36,0,188,0,0,24,0,0,125,35,2,0,0,0,0,6,0,51,0,0,0,0,0,0,0,0,88,0,0,5,0,14,0,0,0,0,0,0,10,0,0,20,87,0,0,6,0,0,0,0,0,0,0,0,235,0,610,13,1,0,0,52,0,4,19,0,0,0,0,0,58,0,0,0,0,0,0,0,16,978,0,0,0,0,0,14,0,0,0,0,130,0,0,0,0,1,350,0,0,0,0,0,88,218,0,1,0,0,7,1,0,0,176,0,0,0,0,0,0,0,0,1,4,0,0,0,0,0,0,0,8,26,0,0,0,301,0,0,0,0,0,0,0,0,0,0,0,0,0,138,6,0,0,0,0,0,23,0,0,0,0,0,0,20,4,0,0,1,0,0,0,0,0,0,0,0,0,9,2,0,2,6,0,0,9,0,0,0,45,0,0,2,0,0,0,0,0,1,0,0,19,0,85,0,0,282,0,0,0,0,0,5,0,0,0,0,0,0,0,0,0,0,2,6,0,0,0,118,11,0,4,41,5,0,0,29,0,0,0,0,0,3,5,0,185,0,1,0,0,0,0,3601,0,0,59,0,0,0,0,0,6,0,0,0,0,0,286,0,5,0,0,147,0
"592",0,0,0,0,7,0,1,0,0,1,0,0,0,0,33,1,0,0,0,0,109,4,0,1,0,1613,1,0,54,12,25,0,0,50,0,0,0,104,0,0,0,0,0,81,0,298,0,1,0,1,1,0,0,0,17,1,0,0,0,0,1,44,5,0,0,0,86,35,0,0,0,0,0,14,31,0,0,0,0,9,0,1,6,0,0,1,136,0,0,23,0,37,4,0,0,0,2,0,22,0,0,44,0,3,0,1,5,130,0,0,0,386,0,113,0,0,0,1,148,0,0,0,3,1,37,0,0,0,0,0,37,1345,0,0,4,0,5,0,0,0,6,0,0,0,0,0,4,1,0,0,9,80,0,0,1,0,2,21,0,0,0,0,0,298,0,0,0,0,0,3,1,0,35,0,5,0,0,31,0,1,0,0,0,0,3,0,0,0,140,5,0,90,6,0,0,0,0,0,0,0,0,0,0,0,0,3,1,0,0,9,0,0,0,3,4,0,72,86,11,0,0,24,70,0,0,0,0,0,0,0,370,1,7,16,0,0,0,0,0,0,0,0,0,0,0,0,4,0,0,0,5,4,18,0,0,2,3,2,9,15,1,25,0,0,0,0,0,0,0,19,4,5,140,0,0,0,1055,0,5,774,0,0,149,0,0,0,0,185,0,2,0,0,0,0,16,0,3,0,0,34,0
"593",0,1,0,0,0,1,1,0,0,0,0,0,0,0,5,0,1,0,0,0,0,142,0,1,0,1527,0,0,1,0,643,0,0,0,0,0,0,357,4,0,1,0,0,0,0,155,0,0,0,0,0,0,0,0,0,0,0,0,0,199,0,0,1,0,0,0,327,0,1,0,0,0,6,0,0,0,0,0,0,0,0,0,0,0,0,3,0,0,0,0,133,1,8,0,0,5,0,0,0,0,0,0,0,0,5,0,0,3213,0,0,0,0,0,0,0,0,0,0,61,0,0,0,0,3,86,0,0,0,0,0,0,0,0,0,0,0,19,2,0,0,49,0,0,0,0,0,0,0,0,0,0,26,0,0,0,0,0,0,0,42,0,0,0,0,0,1,0,0,0,3,0,0,0,0,0,0,0,106,199,1,0,0,0,0,0,0,0,0,0,0,0,260,1,0,190,0,0,0,0,0,0,0,0,0,0,83,0,0,1,1,0,0,0,0,0,0,0,0,153,0,38,0,0,0,0,0,0,0,0,0,0,3,0,130,0,0,0,0,0,20,0,81,0,0,0,0,0,0,0,0,0,0,31,1,0,6,0,0,0,0,0,0,0,0,0,0,0,0,0,16,4,0,22,0,1,0,0,0,0,1412,0,0,264,0,0,0,0,0,0,0,0,15,0,0,0,0,1,0,0,274,0
"594",0,0,0,0,0,0,3,37,0,0,0,0,0,70,143,0,0,0,0,0,0,170,0,0,0,2934,0,1,35,0,0,0,0,272,0,0,0,0,0,0,0,0,0,0,0,232,0,0,0,0,0,0,0,0,0,0,0,0,15,82,0,3,0,0,0,0,60,0,0,6,0,0,0,0,0,0,0,0,0,0,0,0,0,0,59,1,0,0,0,0,0,4,0,0,0,0,0,0,71,0,0,5,0,0,0,0,0,714,0,0,0,0,0,38,0,0,52,0,122,4,0,0,0,1,1046,0,0,0,0,0,0,79,0,0,0,0,0,0,0,0,63,0,0,0,0,0,0,0,0,0,8,117,0,0,1,0,0,0,0,20,0,0,0,0,0,0,0,0,0,0,0,0,46,0,0,0,0,0,478,0,0,0,0,0,0,0,0,0,0,0,0,19,0,0,0,3,0,0,0,0,0,0,0,0,0,0,0,0,6,0,9,0,0,0,0,0,52,0,0,0,0,51,0,0,0,0,0,0,99,0,197,0,0,643,0,0,6,0,0,15,0,0,0,0,0,0,0,0,0,0,13,0,0,0,0,14,22,0,0,0,8,0,0,0,0,0,0,0,0,621,0,0,25,0,0,0,65,0,0,1242,0,0,0,0,0,0,0,0,1,0,0,0,0,0,35,0,0,0,0,166,0
"595",0,0,3,0,0,0,0,1,0,0,0,0,0,0,18,0,16,1,0,28,0,24,0,0,0,6,0,0,7,14,1,0,0,15,0,0,7,54,0,1,0,0,0,0,0,0,0,0,0,0,0,0,0,0,0,0,0,0,0,0,0,0,0,0,0,0,209,0,0,0,0,0,0,0,0,0,0,0,0,0,0,0,0,0,0,26,3,0,0,18,0,0,164,0,0,1,0,0,35,0,0,2,1,0,0,0,0,2546,0,7,0,0,0,0,1,0,0,0,46,0,0,0,50,17,204,8,0,0,3,0,0,263,0,0,0,0,3,3,0,0,1092,0,0,0,0,0,38,0,0,3,0,0,0,1,3,0,0,0,0,20,0,0,0,1210,0,0,0,0,0,0,4,2,78,0,0,0,0,0,0,0,0,0,0,0,0,0,0,170,0,0,1,82,1,0,0,38,0,0,1,0,0,0,0,33,0,68,1,35,1,1,1,0,0,0,8,0,0,0,103,0,45,4,0,0,0,0,0,0,25,0,106,0,0,350,0,0,5,0,0,32,0,0,0,0,4,25,0,0,0,0,0,0,0,0,9,283,263,0,6,0,0,0,87,7,0,0,0,0,0,208,0,72,182,0,0,0,0,0,0,1039,0,31,9,0,1,12,0,1,10,0,0,0,0,0,9,0,1,0,0,38,0
"596",0,0,0,0,0,4,1,0,0,0,0,0,0,0,1,0,0,0,0,0,0,0,4,66,0,230,0,0,3,0,1566,0,0,71,0,0,4,106,0,0,1,0,0,0,0,8,0,0,0,0,2,0,0,0,0,0,0,0,0,348,0,0,0,3,0,0,12,0,0,7,48,1,21,0,0,1,0,0,0,26,9,0,158,1,483,1,0,1,0,9,0,8,3,0,0,78,0,0,0,0,0,0,0,1,3,0,302,314,0,0,0,23,0,164,0,0,1,0,152,0,0,0,0,1,10,0,5,0,2,0,38,24,0,3,0,0,7,0,0,0,1,0,0,0,0,0,5,0,0,0,14,4,0,0,1,0,0,1,0,123,0,0,0,0,0,1,0,0,0,0,3,0,1,0,0,0,0,72,322,0,0,0,0,0,5,0,0,0,0,7,0,50,1,0,0,0,1,0,0,1,0,0,0,13,0,7,3,0,0,1,0,0,0,0,27,0,390,0,37,0,367,11,0,0,0,0,0,0,213,0,86,1,0,32,0,0,0,2,0,0,0,0,0,0,0,0,0,0,0,0,159,1,7,0,40,1,0,0,0,0,0,0,0,0,1,0,0,0,126,1,0,35,7,0,0,0,0,0,0,2792,0,0,329,0,0,0,0,0,0,0,0,0,0,0,49,0,3,0,0,54,0
"597",0,0,0,0,0,0,0,5,152,0,0,0,0,212,167,0,0,1,0,0,43,8,0,0,0,799,3,0,0,8,44,0,0,24,0,0,39,103,1,0,0,20,0,17,0,1,0,3,0,0,4,0,3,0,5,0,0,0,0,1,0,19,0,0,0,0,1,0,0,0,13,0,0,13,0,0,0,0,0,1,18,0,1,0,5,3,1,0,0,219,0,30,0,61,0,0,0,0,9,0,0,0,0,0,4,0,0,1117,0,0,0,0,0,57,0,0,0,0,29,8,0,0,0,3,61,0,0,0,0,157,10,69,0,0,0,67,375,0,0,0,0,0,0,0,0,0,0,0,0,0,3,18,0,1,1,0,0,0,0,49,0,0,4,0,0,1,4,0,0,0,1,0,0,0,0,0,0,23,1,0,0,0,0,0,0,0,0,0,0,0,0,44,0,3,0,0,0,0,0,0,0,0,11,1,0,0,0,0,4,0,0,0,0,0,3,0,48,23,111,0,0,0,0,0,0,0,0,0,88,0,31,0,0,438,0,0,1,0,0,0,6,0,0,0,0,0,0,0,0,24,797,3,11,0,13,0,1,0,1,1,0,0,0,0,3,0,0,0,0,0,0,0,965,0,0,0,0,8,3,3171,0,0,56,0,0,0,0,0,1,3,0,0,0,0,182,0,3,0,0,52,0
"598",0,12,0,0,0,0,1,0,1,0,0,0,0,0,8,0,0,0,0,0,0,32,0,3,0,1661,0,0,5,8,337,0,0,122,0,0,7,131,0,0,0,0,0,0,0,336,0,3,0,0,0,0,0,3,88,0,0,0,0,137,0,1,0,0,0,0,78,0,0,0,84,0,0,6,0,0,0,2,0,48,0,2,206,0,0,0,242,0,0,69,0,0,243,0,0,94,0,0,0,0,0,0,0,0,23,0,223,31,0,0,0,0,0,0,0,1,0,1,206,0,0,0,0,18,362,0,98,0,23,0,0,1,0,0,0,0,50,0,0,0,4,0,0,0,0,0,1,0,0,0,15,0,0,92,0,0,0,0,0,50,0,0,0,0,1,0,0,65,0,0,15,0,0,0,0,0,0,287,502,1,0,0,0,0,13,0,0,0,0,0,6,55,1,1,0,0,0,0,0,0,0,0,928,277,0,15,4,0,0,1,0,1,0,2,80,1,78,98,1,0,0,29,0,10,0,21,0,0,265,0,444,0,0,157,0,0,0,0,0,0,3,0,0,0,0,2,0,0,0,0,0,5,4,0,5,3,1,0,0,0,13,12,0,0,0,0,0,0,3,0,0,68,49,0,0,1,0,0,3,1322,1,0,413,0,0,0,7,0,13,105,0,0,0,0,20,4,1,0,0,80,0
"599",0,0,0,3,0,0,0,4,0,0,0,0,0,0,3,0,0,0,0,0,68,33,0,29,0,1498,0,0,6,3,100,445,0,71,0,0,3,0,1,0,0,0,0,0,0,0,0,0,0,0,0,0,0,0,0,0,0,2,0,0,0,0,0,0,0,0,10,0,0,0,0,0,0,24,0,0,0,0,0,39,0,0,0,0,0,1,0,1,0,0,0,1,0,0,0,6,0,0,0,0,0,0,0,5,0,0,0,130,0,0,0,0,0,56,0,0,0,1,13,8,0,0,4,0,0,0,0,0,0,0,0,1036,0,0,0,13,13,0,0,0,12,0,0,0,0,0,0,0,0,1,10,0,0,0,0,0,0,0,57,233,0,4,0,0,0,0,0,0,4,0,8,0,1,0,0,0,0,0,87,0,0,0,0,0,0,0,0,0,0,1,0,69,0,0,0,0,0,0,0,0,0,0,0,8,275,8,0,0,0,1,0,0,0,0,3,0,99,0,61,0,1,0,0,0,0,0,0,0,73,0,78,0,0,245,0,0,0,0,0,0,0,0,0,0,1,0,0,0,0,0,0,0,0,0,3,1,24,0,0,1,0,0,0,17,6,0,0,0,0,3,0,0,273,1,1,0,0,2,0,4716,0,0,80,0,0,0,0,0,0,0,0,0,0,0,0,0,10,0,0,25,0
"600",0,0,0,2,0,0,0,0,0,0,0,0,0,0,129,0,0,0,0,0,0,50,0,0,0,1493,0,0,7,0,0,0,0,0,0,0,0,0,0,0,0,0,0,0,0,0,0,0,5,0,0,0,0,0,0,0,0,0,0,0,0,0,0,0,0,0,375,0,0,0,0,0,0,0,0,0,0,2,0,28,0,17,4,0,0,37,221,5,0,0,0,10,0,0,0,0,4,0,0,0,0,0,0,0,0,0,0,992,0,0,0,0,0,0,0,0,0,0,69,0,0,0,0,5,0,0,0,0,0,0,0,0,0,1,0,0,0,0,0,0,570,0,0,0,0,0,16,0,0,0,18,0,0,25,2,0,0,3,27,0,0,0,0,0,0,0,0,0,0,0,0,0,0,0,0,0,0,0,91,0,0,0,0,0,0,0,0,0,0,0,24,0,1,8,0,0,0,1,0,0,0,0,0,0,0,15,0,0,0,0,0,0,0,0,0,0,0,0,64,0,0,37,0,0,5,0,0,0,0,0,0,0,0,474,0,0,0,0,0,300,0,0,0,0,0,0,0,1,0,0,0,0,0,0,0,0,156,0,0,0,0,0,0,0,0,0,0,0,0,998,0,0,1029,0,0,0,0,0,5,2631,0,0,4,0,0,0,0,0,214,0,0,0,0,0,0,0,8,0,0,149,0
"601",0,0,0,0,0,0,1,0,0,0,0,0,0,306,10,0,0,0,0,0,0,0,0,0,0,790,0,0,0,0,0,372,0,31,0,0,0,86,0,0,0,0,0,39,0,5,0,0,8,0,0,0,0,0,25,0,0,0,0,514,0,224,0,0,1,15,14,0,0,0,0,0,0,186,0,0,0,0,0,77,0,0,0,0,49,0,0,0,0,0,0,0,20,0,0,0,0,0,8,0,0,1,0,0,0,0,447,280,20,0,0,87,0,141,0,0,0,0,234,14,0,0,0,0,15,0,0,0,0,0,15,0,0,0,0,0,40,0,0,0,0,0,0,0,0,0,0,0,0,0,12,23,0,0,0,0,0,0,20,1,0,0,0,227,0,0,0,0,0,0,0,0,10,0,0,0,0,27,0,0,5,0,0,0,0,0,14,0,71,0,0,10,0,22,0,0,0,0,0,0,0,2,0,6,0,8,0,0,0,0,0,111,39,0,4,0,69,0,16,27,1,7,0,0,0,105,0,0,0,0,49,0,0,1,0,0,0,0,0,0,0,0,0,0,0,0,0,0,0,0,212,1,0,0,0,0,0,0,0,15,0,20,0,0,0,0,3,0,0,1443,0,0,18,0,0,0,7,0,0,2635,0,0,14,0,0,0,1,0,0,21,0,0,0,0,2,105,0,52,9,28,19
"602",0,0,0,0,15,0,0,0,0,0,0,0,0,0,9,0,51,1,0,0,0,8,0,0,0,1,0,10,3,0,299,0,0,13,0,0,4,170,0,0,0,0,0,0,0,0,0,0,0,0,0,0,0,0,0,0,0,0,2,162,0,0,0,0,0,0,0,0,0,0,0,0,0,0,0,0,0,0,0,13,0,0,9,0,0,0,3,0,0,0,0,0,195,0,0,18,909,0,0,0,2,8,0,0,0,0,0,525,0,0,0,0,0,0,0,0,0,0,95,0,0,0,6,3,17,0,2422,0,0,0,0,0,0,0,0,0,0,0,31,3,16,0,0,0,0,1280,5,0,0,0,0,0,0,0,0,0,0,0,0,0,0,0,0,0,0,0,0,0,0,3,3,1,0,0,9,0,0,0,15,0,0,0,0,0,0,0,0,0,0,0,0,13,0,0,0,33,0,0,0,2,0,93,0,0,0,32,3,0,0,0,0,0,7,0,0,0,127,0,364,0,56,0,0,0,0,15,0,0,0,0,0,0,0,1,0,0,0,3,0,0,0,0,0,0,0,8,0,0,0,0,0,0,17,1,0,1,0,0,0,0,1,0,0,0,0,0,0,0,0,1157,14,1,1483,0,0,0,0,0,12,0,0,0,334,0,0,0,0,0,70,0,0,0,0,0,0,0,0,21,0,58,0
"603",2,0,0,0,0,0,2,9,180,0,0,0,0,0,159,0,1,0,0,0,0,14,0,0,0,337,0,0,45,0,61,0,0,19,0,0,27,39,0,0,0,0,0,0,0,179,0,0,0,0,0,0,0,0,0,0,0,0,0,6,0,0,0,0,0,0,13,0,0,2,0,0,0,0,0,0,0,0,0,8,0,0,14,0,0,7,0,0,0,0,918,29,0,0,0,42,0,0,42,0,0,0,0,0,0,3,0,334,0,25,0,0,0,0,0,0,0,0,29,0,0,0,0,0,32,77,0,0,0,0,0,27,0,1,0,0,29,0,0,1,77,0,0,0,0,0,0,10,0,0,5,0,0,1,0,0,0,0,0,0,0,0,0,159,0,0,8,0,0,0,7,0,0,0,0,0,0,0,0,0,0,0,0,0,0,0,0,0,0,0,6,32,0,0,0,0,0,4,0,0,0,0,0,154,0,49,0,0,0,0,0,0,0,0,1,0,26,0,0,0,0,0,0,0,0,0,0,0,0,0,0,0,1,91,0,0,2,0,0,4,0,0,0,0,1,1,0,0,0,0,282,0,0,0,0,18,6,0,0,0,1,0,0,6,0,0,0,0,0,5001,1,0,43,0,0,0,593,7,0,1,0,0,483,0,0,0,0,0,2,0,0,0,0,0,0,0,6,0,0,46,0
"604",0,0,0,81,0,0,2,0,129,0,0,0,0,824,13,0,0,0,1,0,0,4,0,27,0,1618,0,0,86,20,251,1,0,82,0,0,0,303,0,0,0,0,0,0,0,0,0,15,0,0,0,30,0,0,0,0,0,0,0,150,1,11,1,0,0,0,14,6,0,0,11,0,0,1,0,0,0,7,0,9,0,0,0,0,108,5,0,15,0,0,0,10,16,0,0,0,0,0,0,0,0,141,0,0,1,0,0,778,0,0,28,0,0,1,0,10,0,0,42,0,0,0,0,1,30,0,0,0,2,0,0,0,0,0,0,0,106,0,0,0,3,0,5,0,0,0,99,12,0,0,16,0,0,2,0,1,0,1,0,17,16,0,0,0,3,0,0,33,5,0,3,0,0,0,0,0,0,0,45,3,0,1,34,0,13,0,0,0,0,0,0,55,5,22,0,1,0,0,0,0,0,0,0,2,250,41,0,0,0,18,4,0,0,0,0,0,16,13,260,1,39,23,0,0,6,0,0,0,3,0,0,0,0,12,0,0,2,0,0,0,0,0,0,0,1,0,0,2,0,0,0,0,7,0,0,8,7,0,3,0,7,0,0,0,0,0,0,0,201,626,1,0,47,0,3,1,0,0,8,2009,0,0,164,0,0,0,7,0,0,25,0,0,3,0,0,0,301,0,0,64,0
"605",84,0,0,0,0,0,0,0,0,0,5,0,0,0,1629,0,22,0,0,0,0,10,0,135,0,654,0,0,1675,16,80,0,0,30,4,0,17,285,0,0,0,0,0,0,0,388,83,0,0,0,1,0,0,0,0,0,0,0,0,4,1,0,0,0,0,0,34,0,0,0,26,0,0,0,0,0,2,0,0,29,0,1,440,0,0,0,0,0,0,0,0,0,215,0,0,7,0,0,0,0,0,99,0,0,0,0,0,1224,0,0,0,0,0,0,0,0,0,0,57,3,0,0,0,0,277,0,0,0,0,0,0,0,0,6,0,0,411,0,0,0,0,0,0,0,0,5,0,0,0,0,15,0,0,0,0,0,0,0,0,0,0,4,0,0,0,0,0,0,0,10,1,0,0,4,0,0,7,0,1,0,0,0,0,0,0,0,1,0,0,0,0,167,433,0,223,0,5,0,0,0,0,0,0,4,0,0,1,0,0,0,0,0,0,0,7,0,0,0,0,0,1,0,0,0,0,0,0,0,0,0,0,0,0,0,0,0,1,0,0,4,0,0,0,0,0,0,18,18,0,0,0,1,0,0,0,4,0,0,0,0,0,0,0,9,7,0,0,0,10,15,0,0,603,0,0,0,0,0,45,26,0,85,191,0,0,0,0,0,0,20,0,0,0,11,0,0,61,0,0,1,0
"606",0,0,0,0,0,1,35,1,0,0,6,0,2,0,208,0,0,0,0,0,0,1,0,0,0,1070,0,0,130,158,20,0,0,15,0,0,40,51,0,0,1,0,0,0,0,0,495,1,0,8,4,0,1,0,1,1,0,0,0,1,0,0,1,0,0,0,52,13,0,0,1,0,1,0,0,851,0,0,0,1,2,0,195,0,0,0,0,0,0,32,0,122,24,0,0,201,0,0,1,0,0,0,0,0,0,0,0,0,0,0,0,36,0,1,1,1,0,0,146,0,0,9,0,10,0,0,0,0,0,0,0,6,0,0,0,0,246,0,0,0,101,0,0,0,0,0,1,0,0,0,1,3,1,0,0,0,0,0,0,5,0,0,0,0,0,0,0,0,0,0,3,0,142,0,0,0,2,6,0,0,0,0,0,0,0,0,0,0,0,0,0,20,272,0,31,0,0,1,0,0,0,0,0,15,0,49,21,10,0,208,0,0,0,3,1,0,1,25,0,3,24,3,0,4,0,0,0,10,0,6,16,0,0,1157,0,0,5,0,0,96,0,0,0,0,0,0,0,0,0,16,1,1,4,0,0,106,3,1,1,1,1,0,0,1,6,1,5,0,0,1903,0,21,1063,0,7,0,0,1,2,9,0,0,1,0,0,0,0,0,1,3,0,0,0,26,20,1,0,0,0,55,0
"607",0,3,0,0,0,0,1,0,0,0,0,0,0,0,9,0,29,0,0,3,3,27,0,0,0,1816,0,0,549,13,0,0,0,6,0,0,2,181,1,0,0,0,0,44,0,3,0,0,0,0,0,0,0,0,1,0,0,0,0,1,0,0,0,0,0,0,99,0,0,147,2,0,0,0,0,0,0,0,0,0,0,0,232,0,0,720,0,0,0,16,0,42,2,0,0,0,0,0,55,0,0,52,0,0,1,0,1,437,0,7,0,0,0,5,0,0,1,0,40,1,0,0,0,1,152,0,883,0,0,0,20,3,0,0,0,0,1334,0,0,0,7,0,0,0,0,0,24,0,0,0,9,0,0,0,1,0,0,0,0,21,0,0,0,0,0,0,0,0,0,0,2,0,37,0,0,0,0,1,24,0,0,0,0,0,0,0,0,0,0,0,0,14,9,0,0,0,0,0,0,0,0,0,0,3,0,34,0,0,2,148,0,0,0,0,2,0,34,0,0,0,165,12,0,0,0,1,0,0,2,0,0,0,0,1226,0,0,0,0,0,58,0,0,42,0,3,0,1,0,0,0,0,0,0,0,0,39,0,0,0,1,0,0,0,12,0,0,0,0,2,261,0,8,158,0,0,0,0,0,0,76,0,0,71,0,3,0,0,111,0,17,0,0,0,0,0,0,19,0,0,100,0
"608",0,0,0,0,0,0,0,0,0,0,0,0,1,0,37,0,0,0,0,0,83,82,0,0,0,809,0,0,16,54,289,0,3,50,0,0,128,54,0,0,0,0,166,36,0,0,0,0,0,0,0,0,0,0,0,0,0,0,0,0,0,0,3,0,0,0,0,0,0,0,0,0,10,0,0,263,0,0,0,179,0,0,157,0,93,0,0,0,0,33,0,13,11,0,0,16,0,0,0,0,0,111,0,0,0,0,0,295,0,0,0,0,0,1588,0,0,0,0,341,13,0,0,0,0,182,0,0,0,0,0,0,0,0,0,0,0,0,0,0,0,47,0,0,0,0,82,0,0,0,0,32,0,0,0,0,0,4,0,0,0,1,0,0,0,0,0,0,0,0,0,0,0,1,0,0,0,0,0,113,0,0,0,0,0,31,0,0,0,0,0,0,99,1,9,0,0,0,0,0,0,0,0,0,0,0,45,0,0,0,0,0,0,0,0,0,0,109,109,321,5,102,0,0,0,0,0,0,0,57,0,195,0,0,563,0,0,0,4,0,0,0,0,0,0,10,0,0,0,0,0,8,0,0,0,0,0,0,0,0,8,0,0,0,0,0,2,0,0,0,3,0,0,899,0,0,0,0,0,0,1384,0,0,674,0,0,0,0,0,0,0,0,0,0,0,0,0,13,0,0,191,0
"609",0,0,0,0,0,0,18,3,0,0,0,0,0,4,170,3,0,0,0,19,3,43,0,1,0,3886,0,0,34,114,54,0,0,148,0,0,5,22,0,0,0,0,0,22,0,217,0,0,0,0,0,0,0,0,0,1,0,0,0,2,0,0,0,0,0,0,9,0,5,243,36,0,0,3,0,0,0,0,0,2,0,0,323,0,8,79,216,0,0,97,0,16,2,0,0,2,0,0,26,0,0,0,0,0,2,0,0,1,0,37,0,0,0,26,0,1,0,0,92,0,0,0,0,6,406,0,0,0,0,0,132,4,0,1,1,0,0,1,0,0,21,0,0,0,0,0,7,0,0,0,25,7,0,5,0,0,0,0,0,45,0,0,0,2,0,0,0,0,0,0,0,1,0,0,0,0,0,0,45,0,0,0,0,0,9,0,10,0,0,0,4,113,0,0,0,0,0,0,0,0,0,0,0,0,0,6,1,0,1,0,0,0,0,0,4,0,38,0,1,0,2,1,0,0,0,0,0,0,0,1,78,1,0,305,0,0,0,0,0,0,0,0,0,0,8,0,0,0,0,0,0,1,0,0,11,274,17,0,4,253,0,0,0,3,0,0,0,0,0,503,0,6,920,0,0,0,4,1,5,197,0,0,319,0,0,3,0,1,25,0,0,0,0,0,0,39,41,0,0,52,0
"610",0,0,0,8,0,0,0,0,0,0,10,0,0,0,38,0,191,0,0,15,0,177,0,4,0,2502,0,0,22,4,140,0,0,1,0,0,0,180,0,1,0,3,0,97,0,195,0,15,0,0,4,0,0,0,243,1,0,1,0,0,4,0,0,0,0,5,0,0,0,0,0,0,0,3,0,0,0,0,0,87,0,0,2,2,0,11,0,0,0,2,0,186,4,0,0,0,2,0,0,0,0,393,0,0,0,2,0,588,0,0,0,0,0,0,0,0,0,0,15,2,0,0,0,218,170,171,0,0,11,0,107,6,192,0,0,0,1136,0,0,0,10,0,0,0,0,10,21,32,0,0,0,0,0,0,0,5,0,0,0,0,0,0,0,0,0,0,0,4,0,0,4,82,25,3,30,0,0,0,106,0,0,0,0,0,2,0,0,11,0,0,0,30,1,0,0,0,0,0,0,0,0,0,0,26,0,36,1,0,0,2,2,75,0,6,7,0,0,0,11,0,0,0,0,0,0,0,0,0,0,1,0,0,0,728,0,0,0,0,4,0,0,0,0,0,0,4,4,3,0,0,0,0,23,7,80,20,0,0,39,44,0,0,0,7,0,0,0,0,61,0,0,5,284,0,3,1,0,0,4,2,0,0,510,0,0,0,13,3,0,164,0,0,0,0,0,0,1,141,0,200,0
"611",0,0,2,0,0,1,1,0,0,0,2,0,0,115,1,0,0,0,0,0,0,35,0,0,0,3280,0,0,37,0,335,0,0,16,0,81,14,0,0,0,0,0,0,0,0,0,0,0,0,0,0,0,0,0,0,0,0,0,1,227,0,0,0,109,0,0,506,0,0,0,0,0,0,0,0,0,1,0,0,56,0,2,0,0,0,0,0,0,0,10,0,8,1,0,0,0,0,0,8,0,0,1,7,14,0,0,0,1666,20,18,0,7,0,0,4,1,0,1,0,0,0,0,0,1,11,0,0,17,0,0,0,0,0,0,0,0,32,0,0,0,7,0,2,0,10,0,57,0,0,0,0,0,0,0,42,0,0,0,174,0,0,0,0,0,0,1,0,0,0,0,20,1,0,0,9,0,0,0,630,3,0,0,0,0,0,0,0,0,0,0,0,108,0,0,0,0,0,0,0,0,2,0,0,1302,0,30,0,0,0,0,0,0,0,0,0,0,53,0,1,0,0,19,0,0,0,0,0,0,0,0,0,0,0,469,0,0,0,0,0,1,0,0,0,0,0,0,0,0,0,0,0,0,0,0,29,163,0,0,0,0,4,0,0,4,0,0,0,0,0,11,0,0,14,0,0,0,0,0,30,285,0,0,214,1,0,0,0,0,0,0,0,0,6,0,9,0,0,0,0,50,0
"612",0,0,0,0,0,0,1,0,5,0,0,0,0,0,130,0,0,0,0,0,105,54,0,0,3,2550,0,0,0,0,1,0,0,0,0,0,0,0,0,0,0,0,0,141,0,185,0,0,0,0,0,0,0,0,0,0,0,0,0,0,0,0,0,0,0,0,6,0,0,0,0,0,0,0,0,0,0,0,0,40,0,0,6,0,0,0,0,3,0,235,1,0,18,0,0,30,0,0,0,0,0,0,0,0,0,0,0,375,0,0,0,0,0,103,0,0,0,0,189,0,0,0,0,1,247,0,0,0,0,0,0,110,0,0,0,8,0,0,0,0,10,0,0,0,0,0,0,0,0,0,42,0,0,0,0,0,0,6,307,0,0,0,0,0,0,0,0,3,0,0,0,0,36,0,0,0,0,0,9,0,0,0,0,0,0,0,0,0,0,0,0,155,3,0,0,1,0,0,0,0,0,0,0,0,594,15,0,0,0,4,0,0,0,0,0,0,8,0,0,0,0,15,0,0,0,0,0,0,469,0,0,0,0,5,0,0,0,0,0,0,0,0,0,0,0,0,0,0,0,0,0,0,0,0,0,0,3,0,0,0,0,24,0,0,0,0,0,0,0,17,0,97,0,0,0,0,0,0,21,3564,0,0,0,0,0,0,0,1,0,0,0,0,0,0,29,0,0,0,0,0,0
"613",0,0,3,0,0,0,0,5,0,8,0,0,0,1,3,0,0,0,0,0,108,0,0,0,0,1,0,0,38,0,73,0,0,49,0,0,10,0,0,0,0,0,0,0,0,4,0,0,18,0,1,0,0,0,0,0,0,0,0,54,0,49,0,0,0,0,73,0,0,0,19,0,0,0,1729,0,0,0,0,0,0,0,0,0,0,0,3,0,0,0,1,0,0,0,0,0,0,1,0,0,8,4,0,0,0,0,0,257,0,0,0,0,0,0,0,0,0,0,48,0,0,0,0,3,0,3,0,0,0,186,161,183,0,1,0,1,5,0,0,0,3,0,0,0,0,0,0,0,0,0,9,0,0,0,3,0,0,1,9,0,0,0,0,0,0,0,0,0,0,0,0,0,1,0,0,0,0,0,51,1,0,0,0,0,0,0,0,0,0,15,0,16,2,0,0,0,0,0,0,0,0,0,0,0,0,1,0,0,4,0,0,0,6,0,3,0,144,0,0,0,0,0,0,0,0,0,0,0,105,0,94,0,0,25,0,0,0,0,0,4,0,0,0,0,0,0,0,0,0,0,15,0,0,0,0,1,1,0,0,7,0,0,0,0,1,0,0,33,0,362,0,0,1638,0,0,0,0,0,0,4116,0,0,280,0,0,3,0,0,16,0,0,0,0,0,90,0,0,0,0,19,0
"614",0,0,3,2,0,0,0,20,47,1,0,1,5,1,7,16,0,0,0,1,43,182,0,0,1,293,1,0,3,6,143,0,4,123,0,0,477,415,0,0,0,1,0,110,1,608,0,3,0,0,20,13,0,0,27,6,0,0,0,0,3,8,0,0,0,6,54,0,3,0,77,1,0,10,41,0,0,0,0,0,0,18,88,1,0,11,0,1,0,98,541,1,0,20,0,0,234,0,270,0,0,7,0,0,0,6,70,226,0,3,0,0,0,66,0,0,0,3,209,0,0,19,0,1,968,0,1,0,0,34,96,56,0,0,1,19,1,0,0,1,5,0,0,3,0,0,6,1,0,0,31,49,33,3,1,0,29,0,0,46,1,0,2,0,0,0,1,0,1,12,0,0,1,0,0,31,0,0,0,3,55,0,0,0,0,0,0,42,40,0,3,195,3,0,154,0,0,3,0,0,0,0,0,0,0,29,1,0,0,0,4,0,132,0,104,0,20,300,74,0,0,0,185,0,0,0,0,0,110,6,192,3,3,74,21,5,5,0,1,0,0,0,2,0,0,0,1,0,0,10,108,4,12,0,12,89,1,0,0,47,1,0,0,0,4,0,0,61,48,0,0,0,646,0,0,0,1,1,0,21,3,0,596,0,7,12,0,1,63,0,0,0,0,0,13,6,4,36,1,457,5
"615",0,0,0,0,0,0,1,0,0,0,0,0,0,0,24,0,0,0,0,0,102,148,0,0,0,784,0,0,2,1,0,0,0,12,0,0,0,14,0,0,0,0,37,0,0,0,0,0,0,0,0,0,0,0,104,0,0,0,0,23,0,40,0,0,0,0,141,0,0,0,586,0,3,298,0,15,0,0,0,83,0,0,86,0,0,0,0,1,0,0,0,4,0,0,0,0,0,0,0,0,0,0,1,0,0,0,0,4,0,0,0,0,0,0,0,0,0,0,54,0,0,0,0,0,386,0,0,0,0,0,50,0,0,0,0,0,161,0,0,0,7,0,0,0,0,0,2,0,0,0,21,0,0,1,0,0,0,0,0,322,0,0,0,0,56,0,0,0,0,0,4,0,0,0,0,0,4,556,89,0,0,0,0,0,1,0,0,0,0,0,0,62,0,1,0,0,0,0,0,0,0,0,0,0,1,1,0,1,0,0,152,0,0,0,0,0,79,0,20,0,64,15,0,0,0,0,0,204,0,0,337,1,0,412,1,0,8,0,1,4,0,0,0,0,1,0,0,0,0,41,0,7,0,0,35,0,6,0,9,18,0,0,0,1,0,0,0,0,4,3,0,0,327,0,0,0,0,1,10,2380,0,14,370,0,1,1,0,0,38,106,0,0,0,0,446,0,135,0,0,0,0
"616",0,0,0,0,0,0,2,0,0,0,0,0,0,145,20,0,0,0,0,0,0,133,0,4,0,560,0,0,44,0,395,0,0,309,0,0,4,154,0,0,0,0,0,0,0,185,0,2,0,0,0,0,0,0,0,0,0,0,0,0,0,0,0,0,0,0,11,0,0,0,0,0,0,0,0,0,0,0,0,19,0,0,0,0,0,1,7,0,0,0,0,0,226,0,0,0,0,0,0,0,0,1,0,0,0,0,0,458,0,0,0,0,0,24,1,1,0,2,90,0,0,0,0,1,828,0,0,0,0,0,0,228,0,0,0,8,2,0,0,0,3,0,0,0,0,0,0,0,0,0,86,0,0,0,0,0,0,1,0,148,0,0,0,0,0,0,0,0,0,0,0,1,0,0,0,0,0,0,28,1,0,0,0,0,32,0,0,0,0,0,0,38,1,0,0,0,0,0,0,0,0,0,0,0,1048,4,0,0,0,3,0,0,0,0,26,0,22,0,1,0,0,0,0,0,0,0,0,0,76,0,0,0,0,15,0,0,0,0,0,0,0,0,0,0,0,16,0,0,0,0,0,0,0,0,0,1,0,0,0,253,1,0,0,1,0,0,0,0,0,3,0,0,55,0,0,0,0,0,24,3231,1,0,622,1,0,0,0,1,0,0,0,0,0,0,0,0,0,0,0,413,0
"617",0,0,0,0,0,0,13,0,0,0,0,0,0,0,7,0,0,0,0,0,0,73,0,3,0,179,0,0,6,0,0,0,0,0,0,0,43,5,0,0,0,0,0,0,0,0,0,0,0,0,0,0,0,0,0,0,0,1,0,0,0,0,1,0,0,0,54,0,0,18,0,0,0,0,0,0,0,0,0,232,0,0,0,0,58,0,1,0,0,0,0,9,287,0,0,0,0,0,0,0,0,0,0,0,0,0,0,1342,0,0,0,0,0,0,0,0,0,72,187,0,0,0,0,5,0,0,0,0,0,0,0,0,0,1,0,0,0,0,0,0,15,0,0,0,0,563,5,0,0,0,0,0,0,0,0,0,0,0,0,101,0,0,0,552,0,0,0,0,0,0,0,0,0,1,0,0,0,234,210,0,0,0,0,0,5,1,0,0,0,0,3,31,3,0,0,0,0,0,1,0,0,0,0,0,364,27,0,0,0,4,0,0,0,0,18,0,599,0,0,0,117,0,0,0,0,0,0,0,0,0,164,0,0,1184,0,0,0,3,0,0,0,0,0,0,0,0,0,0,0,0,0,0,0,0,0,9,0,0,6,69,0,0,0,1,0,0,0,0,0,522,0,0,495,0,0,0,0,0,7,2230,0,0,0,0,0,0,0,0,76,0,0,0,0,0,0,0,0,0,0,52,0
"618",0,0,0,0,0,0,1,0,0,0,0,0,0,41,0,0,0,0,0,0,75,33,0,6,0,2218,0,0,7,0,155,0,0,82,0,0,2,24,0,0,0,0,0,85,0,17,0,0,0,0,0,0,0,0,0,0,0,0,19,248,0,16,1,0,22,0,96,0,0,38,13,0,0,13,0,0,0,0,0,57,0,0,0,0,1,0,0,0,0,57,0,2,209,0,0,0,0,0,0,0,0,0,0,0,1,0,0,2045,0,0,0,0,0,1,2,0,0,0,10,0,0,0,0,2,182,0,0,0,0,0,0,37,0,0,0,0,11,0,0,0,69,0,0,0,253,0,0,0,0,5,8,0,118,0,0,0,0,0,0,30,0,0,0,0,0,0,0,0,0,0,0,0,0,0,0,0,0,5,7,0,0,2,0,0,1,0,2,0,0,0,0,10,0,0,0,0,0,1,0,0,0,0,0,0,0,14,0,0,1,8,0,0,0,0,1,0,93,0,81,5,0,0,0,0,0,0,0,0,0,1,63,0,0,800,0,0,0,0,0,0,0,0,0,0,0,0,0,0,0,0,0,0,4,0,0,0,38,2,3,0,0,0,0,0,0,0,0,0,0,0,0,3,1141,0,0,0,9,0,1,616,0,0,118,0,0,0,0,0,15,0,0,0,0,0,122,0,12,0,0,112,0
"619",0,0,0,0,0,0,0,0,0,0,0,0,0,0,5,0,0,0,0,0,0,0,0,3,0,2084,0,0,35,0,0,0,0,58,0,0,5,0,0,0,0,0,0,0,0,3,0,0,0,0,0,0,0,0,0,0,0,0,2,0,0,0,0,0,0,0,657,0,0,0,0,0,0,0,0,1,0,0,0,0,0,0,0,0,0,0,0,0,0,0,0,0,22,0,0,23,334,0,0,0,0,30,0,0,0,0,0,5021,0,15,0,0,0,0,0,0,0,0,157,0,0,0,6,9,0,0,0,0,0,0,0,0,0,0,0,0,229,0,0,0,258,0,1,0,0,0,0,0,0,5,15,0,0,22,0,0,0,0,0,0,0,0,0,0,0,0,0,1,0,0,0,1,1,0,0,0,0,0,0,0,0,0,0,0,0,0,0,0,0,0,0,0,2,0,0,1,0,0,0,0,0,0,0,117,0,341,0,0,1,9,5,0,0,0,0,0,0,0,155,0,86,0,0,0,0,0,0,0,0,0,0,0,0,119,1,0,0,0,0,0,0,0,0,0,26,0,0,0,0,0,0,0,0,0,0,0,6,0,0,0,0,0,0,26,1,0,0,0,0,506,0,0,25,0,0,0,0,0,0,1,0,0,115,0,0,1,0,27,0,0,0,0,0,0,0,0,0,0,0,21,0
"620",0,0,0,0,0,0,10,0,0,0,0,0,0,4,261,0,0,0,0,0,0,0,0,169,0,78,0,0,48,84,212,0,4,6,0,0,68,0,4,0,0,0,0,0,0,1,0,0,0,0,0,0,0,0,0,0,0,0,0,4,0,7,0,0,0,0,332,0,25,1,0,0,3,0,0,0,0,0,0,0,23,0,327,0,96,3,481,0,0,0,0,214,518,0,0,0,0,0,0,0,0,0,0,0,0,0,0,2102,0,0,0,0,0,23,10,0,0,0,12,0,12,0,0,4,0,0,0,0,0,0,0,0,0,0,0,114,84,0,0,0,0,0,0,0,0,0,17,0,0,0,0,0,0,0,2,0,0,0,0,24,0,0,0,0,0,0,0,0,0,0,0,0,0,0,0,0,0,54,4,0,0,4,0,0,0,0,0,0,0,4,0,96,0,0,0,0,6,0,0,0,0,0,0,37,1,345,0,0,0,94,0,0,0,0,0,1,9,168,1255,0,37,48,0,0,0,0,0,0,14,0,0,1,0,72,0,0,0,0,0,10,0,0,0,0,0,0,0,0,0,0,0,0,0,0,30,4,0,0,0,0,0,0,15,1,663,0,0,0,0,215,0,0,845,0,0,0,0,0,0,437,7,0,19,0,0,3,0,0,0,0,0,0,0,0,0,0,0,0,0,11,0
"621",0,0,8,0,0,0,0,97,0,0,0,0,0,1064,0,0,0,0,0,0,70,65,0,49,0,1556,0,0,128,1,148,0,0,0,0,0,0,0,0,2,0,0,0,91,0,625,0,0,0,0,0,0,0,0,0,0,0,3,0,105,0,0,0,0,0,0,46,0,0,152,0,0,0,0,0,0,0,0,0,23,0,0,0,0,0,0,0,0,0,234,0,28,0,0,0,0,0,0,0,0,0,1,0,0,0,0,389,392,0,20,0,0,0,0,0,0,10,0,0,31,0,0,0,1,192,0,0,0,0,0,0,0,0,21,0,0,196,0,0,0,7,0,0,0,0,0,19,0,0,3,21,0,0,1,2,0,0,0,257,0,0,0,0,0,0,1,0,0,0,0,1,0,0,0,0,0,0,0,73,1,0,0,0,0,0,0,0,0,0,0,0,0,0,3,0,0,0,0,0,0,0,0,0,0,0,6,0,0,0,0,0,0,0,0,0,0,7,0,0,13,0,31,0,0,0,0,0,0,0,0,0,0,0,173,0,0,0,0,0,0,0,0,0,0,0,0,0,0,0,0,0,10,0,0,0,0,1,0,0,0,3,0,0,0,0,0,0,0,11,174,0,0,60,0,0,0,92,0,0,3433,0,0,0,0,0,0,0,13,7,65,0,0,0,0,13,0,0,0,0,54,0
"622",0,0,0,0,0,0,1,11,0,0,0,0,0,0,4,27,23,0,0,0,0,35,0,2,0,2327,0,0,3,82,344,0,0,41,0,0,10,1,0,1,0,0,0,2,0,2,0,4,0,0,0,0,0,0,2,0,0,0,0,101,1,0,0,0,0,71,149,0,0,26,0,0,0,9,0,0,0,0,0,27,0,0,40,0,20,0,0,0,0,28,0,0,1,0,0,24,5,0,12,0,0,0,0,0,0,0,122,1489,0,0,0,0,17,8,0,0,0,0,330,1,0,0,0,1,241,0,0,0,0,0,6,84,0,0,0,0,11,0,0,0,4,0,0,0,0,0,9,1,0,28,16,0,0,0,1,0,1,0,0,1,0,0,0,393,0,0,0,0,0,0,0,0,0,0,9,0,0,8,0,0,0,0,0,0,1,0,0,0,0,0,5,45,1,1,0,1,0,0,0,0,0,0,0,0,0,36,0,0,2,0,0,0,0,0,0,0,115,0,144,0,0,0,0,0,0,0,0,0,3,0,89,0,0,909,0,0,0,0,0,9,0,0,0,0,5,0,4,0,0,0,46,0,0,0,14,13,0,0,0,0,1,0,0,4,0,0,0,0,5,51,0,0,321,0,0,0,0,0,0,915,0,0,104,0,0,0,0,0,55,0,0,0,0,0,37,0,4,0,0,309,0
"623",0,0,0,1,0,0,0,0,0,0,0,0,0,468,50,1,0,0,0,0,0,0,0,0,0,2926,0,0,183,0,0,0,0,48,0,0,3,54,0,0,0,0,0,0,0,136,0,0,0,0,0,27,0,0,0,0,0,1,0,214,0,0,0,0,0,3,1154,0,0,0,0,0,0,65,4,0,0,0,0,0,0,0,0,0,0,4,0,0,0,0,0,0,10,0,0,0,0,0,1,0,0,0,0,0,0,0,67,109,0,0,0,0,0,0,0,0,0,0,266,0,1,0,0,0,30,0,118,0,0,0,1,29,1,0,0,0,235,0,0,0,64,0,0,0,0,0,16,0,0,0,9,0,0,0,0,0,0,0,0,22,0,0,0,140,0,0,0,0,0,0,20,0,1,0,0,0,0,0,0,0,0,0,0,0,3,0,0,0,0,0,0,84,1,0,0,12,0,0,1,15,0,0,0,4,0,104,0,0,1,0,5,0,0,0,0,0,0,0,87,0,0,0,0,0,0,0,0,0,36,0,0,0,0,319,5,0,0,0,1,0,0,0,0,0,0,0,1,1,0,0,0,0,0,0,0,0,0,0,1,1,5,0,0,0,1,0,0,0,0,49,0,0,219,521,16,0,0,0,1,1667,0,0,165,0,0,0,0,63,0,36,0,0,0,0,0,0,18,0,0,65,0
"624",0,0,0,0,0,0,19,30,0,0,0,4,0,0,27,0,0,0,0,0,96,22,0,29,0,10,0,0,60,0,0,3,0,114,0,0,0,0,0,0,0,0,1,19,0,106,0,0,0,0,0,0,0,0,95,0,0,0,0,334,0,5,0,0,6,0,70,0,0,151,86,0,0,1,0,0,0,0,2,0,0,0,0,0,59,0,0,0,0,0,0,0,199,0,0,0,0,0,0,0,0,0,0,0,0,0,4,1457,0,0,0,0,0,0,0,0,0,0,185,0,8,0,0,0,36,6,0,0,3,0,0,107,0,0,0,0,0,0,0,0,0,0,0,0,0,0,0,0,0,0,0,0,72,0,0,0,0,0,0,82,0,0,0,2672,0,0,0,0,0,0,0,0,20,0,0,0,0,20,0,3,0,0,0,27,1,0,4,0,0,0,0,80,0,0,0,0,0,0,5,0,0,0,0,0,0,4,0,0,0,0,14,0,0,0,7,0,73,7,60,1,0,0,0,0,0,0,29,0,48,0,48,0,0,122,0,0,0,0,0,0,0,0,0,0,0,0,0,0,0,0,22,9,0,0,0,4,0,0,0,9,4,0,0,0,90,0,0,0,0,15,0,84,0,0,0,0,0,0,0,3062,0,0,235,0,0,0,0,0,0,13,0,0,0,0,11,0,0,0,0,17,0
"625",0,0,0,0,0,0,0,0,0,0,0,0,0,0,17,0,0,0,0,0,0,26,0,0,0,5086,0,1,3,19,5,0,39,35,0,0,25,0,1,0,0,0,0,0,0,35,0,0,11,0,0,0,0,0,0,0,0,0,0,0,0,0,0,4,0,0,29,0,0,0,25,0,0,0,0,1038,0,0,0,0,0,0,1,0,8,3,4,381,0,0,0,3,0,0,0,0,0,0,6,0,0,171,0,0,1,0,0,476,0,0,0,0,0,30,18,15,0,0,140,0,0,0,127,1,171,0,0,0,0,0,0,0,0,4,0,0,20,0,0,0,46,0,0,0,0,0,0,4,0,0,0,0,0,3,1,0,0,0,0,0,0,0,0,0,0,0,0,0,0,82,0,0,0,0,0,0,0,0,0,0,0,0,0,0,0,0,0,0,0,0,0,17,3,0,0,0,1,0,0,0,0,9,0,0,0,13,0,0,1,0,0,0,0,0,7,1,0,60,74,0,0,0,0,0,0,0,0,0,1,1,135,1,1,168,0,0,0,0,1,0,0,3,0,0,1,0,0,0,0,0,0,0,11,0,15,3,6,0,10,37,0,0,0,0,0,0,0,0,0,753,0,0,272,0,0,0,0,0,55,0,0,0,88,0,0,0,0,0,0,0,0,0,0,0,0,0,1,0,0,106,0
"626",0,0,0,0,0,0,1,0,323,0,6,3,4,0,18,0,0,0,0,0,0,15,3,0,0,0,14,0,13,12,1357,0,105,58,0,0,0,732,0,0,0,0,0,0,0,0,0,0,0,0,0,0,0,1,70,0,0,0,0,0,0,0,0,0,0,122,0,0,29,0,0,0,47,0,0,0,0,5,1,0,0,24,129,0,0,6,122,0,0,93,0,0,5,0,0,12,0,0,0,0,0,0,0,4,0,0,537,0,0,0,0,0,0,97,0,0,0,0,0,0,12,0,0,4,4,0,0,0,0,0,0,0,0,4,28,0,5,0,0,0,0,0,0,0,0,836,65,40,0,0,45,0,0,0,2,0,74,4,0,0,0,0,0,0,0,0,0,0,0,0,0,0,1,0,38,0,0,0,0,0,0,8,0,0,61,0,0,0,0,0,0,82,10,0,257,0,0,9,1,0,0,0,0,0,673,429,0,13,0,0,0,0,0,0,10,3,0,408,756,0,154,0,0,0,0,0,0,0,0,0,0,0,0,0,0,7,0,0,0,0,26,0,0,0,0,0,1,6,0,100,0,0,112,1,124,10,0,0,26,35,0,0,0,0,0,0,17,0,0,0,0,0,0,0,0,0,0,0,115,0,0,0,92,0,0,0,13,0,0,21,0,0,0,0,85,111,0,109,0,251,0
"627",0,0,1,0,3,0,7,9,0,0,0,1,1,0,1,0,0,1,0,0,109,40,0,0,0,244,0,0,3,24,33,0,16,211,0,0,2,318,1,0,1,0,0,108,0,592,74,12,0,1,14,0,0,0,28,0,0,1,0,26,0,0,1,0,0,0,97,0,0,0,48,0,0,0,0,0,0,0,0,327,0,0,0,0,60,0,0,0,0,98,0,1,1,0,1,0,0,0,484,1,0,0,0,0,17,0,0,187,0,11,1,0,0,583,0,1,0,7,345,0,0,6,0,1,0,0,0,0,146,0,106,350,0,1,0,0,1,0,0,0,0,0,0,0,0,0,31,0,0,2,25,103,1,0,0,0,0,0,0,150,0,0,0,125,3,1,0,0,0,1,14,0,0,0,0,0,0,274,438,0,0,0,0,0,41,0,0,0,0,0,0,77,1,3,0,0,0,0,0,0,0,0,0,82,0,15,11,0,1,1,0,0,6,1,75,6,136,128,86,4,0,0,0,0,1,0,0,0,66,0,397,2,0,117,0,0,1,0,0,0,0,0,0,3,0,7,0,0,0,0,128,4,33,1,63,5,0,0,55,0,15,0,0,5,182,1,0,0,0,9,35,45,10,3,1,0,0,0,30,757,1,0,390,0,0,0,0,0,67,0,0,0,0,0,21,16,2,0,0,342,0
"628",0,14,17,0,0,0,0,0,0,0,0,0,0,0,0,0,0,0,0,32,0,0,0,0,0,5982,0,0,0,0,0,0,0,0,0,0,349,0,0,0,0,0,0,0,0,0,0,0,0,0,0,0,0,0,0,0,0,0,0,0,0,0,0,0,0,0,0,0,0,0,0,0,0,0,0,0,0,0,0,0,0,0,0,0,0,0,0,0,0,0,0,0,359,0,0,3,0,0,0,13,0,78,0,0,0,0,0,630,0,0,0,0,0,0,0,0,0,0,0,0,0,0,0,8,0,0,0,0,0,0,0,0,0,0,0,0,0,0,0,0,125,0,0,0,0,0,0,0,0,0,0,0,0,0,0,0,0,0,0,0,0,0,0,0,0,0,0,0,0,0,0,0,0,0,0,0,0,0,26,0,0,0,0,0,0,0,0,0,0,0,0,0,0,0,0,0,0,0,0,0,0,0,0,0,0,0,0,0,0,0,0,60,0,0,0,0,0,0,514,0,0,0,0,0,0,0,0,0,0,0,0,0,0,0,0,0,0,106,0,0,0,0,0,0,0,0,0,0,0,0,0,0,0,0,0,0,0,0,0,18,0,0,0,0,0,0,0,0,0,0,0,0,0,0,29,0,0,0,0,0,0,795,0,0,0,0,0,0,0,0,0,0,0,0,0,0,531,0,0,0,0
"629",0,0,0,0,0,0,0,0,0,0,0,0,0,0,16,0,0,0,0,0,6,1,0,0,0,3527,0,0,0,68,16,0,0,0,0,0,452,11,0,0,0,0,0,76,0,197,0,0,0,0,0,0,0,0,0,0,0,0,0,0,0,0,0,0,0,0,41,0,0,0,2,0,0,11,0,0,0,0,0,1,0,0,64,0,8,0,0,0,0,131,0,0,0,0,0,0,0,0,73,0,0,0,0,2,0,0,0,2197,0,0,0,0,0,66,0,0,0,0,13,0,0,0,0,0,54,0,0,0,1,0,7,175,0,0,0,0,0,0,0,0,0,0,0,0,0,0,1,0,0,0,2,3,0,0,0,0,0,0,0,62,0,0,0,1,0,0,0,0,0,5,0,0,0,0,0,0,0,7,58,0,0,0,0,0,0,0,0,0,0,0,0,85,0,0,0,0,0,0,0,0,0,0,0,1,34,0,0,0,0,25,0,3,0,0,2,0,80,2,0,0,0,0,0,0,0,3,0,0,31,0,107,0,0,1120,0,0,0,0,0,0,0,0,0,0,0,1,0,0,0,0,0,1,3,0,12,0,0,0,1,2,0,0,0,1,0,0,0,0,0,56,0,0,315,0,0,0,0,0,3,549,0,0,9,0,0,0,0,0,0,2,0,0,0,0,0,0,0,0,0,0,0
"630",0,0,1,0,0,0,0,25,3,0,0,0,0,259,5,0,0,0,0,25,88,29,0,0,0,1,0,0,22,10,1,0,0,151,0,0,1,48,0,0,0,0,0,19,0,44,0,3,0,0,0,0,0,0,5,1,0,0,0,116,0,16,0,0,6,0,191,0,16,0,12,0,0,12,0,0,0,0,0,101,2,38,53,0,1,0,0,0,0,76,753,5,21,0,0,0,0,0,34,0,0,0,13,0,3,1,0,828,0,0,0,0,1,61,0,0,0,0,293,0,0,0,0,0,9,3,0,0,0,136,1,305,0,0,0,0,512,0,0,0,119,0,0,0,0,0,4,0,0,0,10,7,0,0,0,0,0,0,137,31,0,0,0,0,0,0,0,0,6,0,18,0,0,0,0,0,0,0,343,6,0,8,0,0,36,0,0,0,0,0,0,104,0,0,19,0,0,3,0,0,0,0,0,32,0,526,5,0,1,0,0,0,19,0,3,0,638,8,44,9,50,0,16,0,0,0,0,0,7,6,124,0,0,1135,0,4,0,0,0,4,0,0,0,0,6,0,0,0,0,51,0,0,23,0,8,0,25,0,1,7,6,0,2,10,1,0,0,0,12,151,0,0,210,0,7,0,0,0,11,1578,0,0,65,0,0,29,0,0,24,12,0,0,1,0,179,0,93,0,0,12,0
"631",0,0,0,0,0,0,0,0,0,0,0,0,0,28,29,0,0,0,0,0,0,0,0,0,0,3520,0,0,0,0,0,0,0,50,0,0,0,0,0,0,0,0,0,324,8,78,0,0,0,0,0,0,0,0,0,0,0,0,0,0,0,29,0,0,50,0,0,0,0,0,0,0,0,0,0,0,0,0,0,0,0,0,0,0,155,0,0,0,0,0,0,7,0,0,0,0,0,0,0,0,0,4,0,0,0,0,0,1205,0,0,0,0,0,0,0,0,0,0,242,3,0,0,0,3,191,0,0,0,0,0,0,322,0,0,0,0,0,0,0,0,0,0,0,0,0,0,0,0,0,0,0,0,0,0,0,0,0,0,13,63,0,0,0,0,0,0,0,0,0,0,0,0,0,0,0,0,0,0,0,0,0,0,0,0,0,0,0,0,0,0,0,34,0,0,0,0,0,0,0,0,0,0,0,0,0,0,0,0,0,0,0,0,0,0,0,0,222,0,0,12,0,0,0,0,0,0,0,0,8,0,150,0,0,527,0,0,0,0,0,0,0,0,0,0,0,0,0,0,0,0,69,0,0,0,0,0,0,0,0,0,0,0,0,0,0,0,0,0,0,1971,0,0,0,0,0,0,0,0,0,964,0,0,0,0,0,0,0,0,7,0,0,0,0,0,0,0,0,0,0,0,0
"632",0,0,0,0,0,0,6,28,0,0,6,0,0,0,36,0,0,0,1,0,24,4,7,2,0,2014,0,0,22,0,8,0,0,30,0,0,5,2,0,0,0,10,0,17,0,68,0,0,0,0,0,0,0,0,5,1,0,0,0,0,0,23,1,0,0,0,18,0,4,0,3,0,0,0,0,0,0,0,31,13,0,0,2,1,91,0,0,2,0,80,0,6,154,0,0,3,0,0,0,0,0,0,0,0,2,0,0,901,0,0,0,0,0,71,0,0,0,0,0,29,0,0,0,15,83,0,0,0,0,0,3,537,0,86,0,6,17,0,0,0,0,0,0,0,0,0,0,3,0,0,10,29,0,0,5,0,0,0,0,14,0,0,0,0,0,0,1,10,0,0,0,0,21,0,0,0,0,4,4,0,0,0,0,0,1,0,0,0,0,0,0,20,0,0,8,1,0,0,0,0,0,3,0,2,7,8,0,0,0,1,0,0,0,0,3,0,46,4,1,0,125,3,0,0,0,0,4,0,36,3,0,0,0,439,0,0,0,0,0,0,0,0,0,0,0,0,0,0,0,0,0,0,1,0,0,0,0,0,0,0,0,0,0,1,0,3,0,0,0,1377,8,0,582,0,28,0,0,0,1,2285,0,0,1,0,0,0,0,0,0,1,0,0,0,0,0,0,0,0,0,22,0
"633",0,0,0,0,0,0,5,0,0,0,0,0,0,0,0,0,63,0,0,0,0,1,0,13,0,2683,4,0,92,0,201,0,0,0,0,0,0,0,0,0,0,0,0,0,0,0,0,0,0,0,0,0,0,0,0,0,0,4,0,0,0,0,0,0,46,2,12,0,0,0,0,0,0,0,0,0,0,0,0,1,0,1,1,0,0,1,0,0,0,0,0,13,0,0,0,0,0,0,0,0,0,0,0,0,0,4,0,426,0,0,0,0,0,0,0,0,0,0,65,0,0,0,0,0,506,0,5,0,0,0,0,33,0,0,0,0,5,0,0,0,1,0,0,0,0,0,0,0,0,21,0,0,0,0,0,0,0,0,0,7,0,0,0,0,0,0,0,0,0,33,1,0,0,0,0,0,0,1,54,1,0,0,0,0,16,0,0,0,0,0,1,275,0,0,0,0,0,7,0,212,0,0,2671,1,0,6,0,0,0,0,0,0,0,0,0,0,1,0,280,0,0,0,0,0,0,0,0,0,0,0,0,0,0,0,0,0,0,0,0,0,0,0,0,0,0,0,0,0,1,0,0,0,8,0,0,0,1,0,0,0,4,0,0,1,0,0,0,0,0,69,0,0,0,0,0,0,0,0,5,2026,0,0,0,0,0,92,0,0,16,39,0,0,0,0,0,0,0,0,0,0,0
"634",0,0,0,11,0,2,1,0,0,0,0,0,1,0,6,0,16,0,0,154,105,26,0,1,0,0,0,0,6,72,0,0,0,65,0,0,1,282,1,0,0,0,0,43,0,577,0,0,1,0,0,0,0,0,0,0,0,0,0,134,6,49,1,0,0,0,65,0,0,9,0,2,1,0,0,0,0,0,0,106,0,0,0,0,0,9,0,0,0,43,0,4,8,0,0,1,0,0,51,0,0,0,0,0,25,0,0,1598,0,0,0,0,0,17,0,0,0,1,284,1,0,0,29,26,13,0,0,0,0,0,107,260,0,0,0,0,5,0,0,0,811,0,4,0,29,0,59,28,0,0,4,0,0,32,0,0,0,0,0,0,0,0,0,0,0,0,20,0,0,0,13,0,194,0,0,0,0,0,130,6,0,0,0,0,30,0,0,0,0,0,0,84,1,9,0,0,0,0,0,0,0,0,0,0,0,22,0,0,1,1,0,0,0,0,4,0,123,0,51,8,1,31,0,0,0,0,0,0,0,0,0,0,0,5,0,0,0,1,0,0,0,0,0,0,0,0,1,1,0,0,0,0,19,0,0,18,122,0,0,10,0,0,0,14,0,3,0,0,35,125,0,0,233,0,0,0,0,0,0,3466,2,0,88,3,0,0,0,0,0,128,0,0,0,0,0,0,1,0,0,87,0
"635",0,0,4,0,0,0,0,0,0,0,8,0,3,0,22,0,0,0,0,5,53,15,0,0,0,18,0,0,126,52,0,0,93,350,0,0,66,988,1,0,0,0,0,59,0,739,0,1,0,0,1,0,0,0,206,0,0,0,0,0,0,6,4,0,0,0,0,0,0,0,38,0,0,0,0,0,0,0,0,42,0,2,783,0,0,8,252,0,0,105,0,20,616,0,0,0,0,0,46,0,0,0,0,0,7,0,0,0,0,30,0,14,0,16,0,20,0,8,145,0,0,0,0,3,109,0,0,480,0,0,138,4,0,6,0,0,16,0,0,0,66,0,0,0,0,0,7,0,0,0,23,7,0,0,9,0,0,6,0,0,0,0,0,0,0,2,0,3,0,0,0,0,0,0,0,0,0,31,268,0,0,0,0,0,68,0,0,0,0,0,0,45,7,0,0,0,0,0,0,0,0,0,0,3,0,71,14,0,0,47,0,0,0,0,33,0,103,428,467,0,125,10,0,0,0,0,0,0,74,0,19,0,0,258,0,0,0,0,0,32,0,0,0,0,0,0,32,0,0,0,108,0,41,0,14,38,1,0,19,146,0,0,0,11,0,0,25,0,0,10,0,26,78,0,0,0,149,0,30,780,0,0,583,0,0,0,0,0,0,20,0,0,0,0,38,55,8,0,0,117,0
"636",0,0,0,0,0,0,0,0,0,0,0,0,1,0,141,0,0,0,0,0,0,0,0,0,0,3174,0,0,74,10,0,0,0,0,0,0,0,0,0,0,0,0,0,0,0,91,0,0,0,0,8,0,0,0,0,0,0,0,0,0,0,0,0,0,0,0,125,0,0,0,0,0,0,0,0,0,0,0,0,0,0,0,265,0,0,4,0,0,0,31,0,71,10,0,0,0,0,0,27,0,0,0,0,0,1,0,0,389,0,0,0,0,0,5,0,0,0,0,51,0,0,0,1,1,0,0,0,0,0,0,69,0,0,0,0,0,65,0,0,0,52,0,0,0,0,0,3,0,0,0,0,29,1,0,2,0,0,0,0,0,0,0,0,0,0,0,0,0,0,0,0,0,3476,0,0,0,0,0,0,0,0,0,0,0,0,0,0,0,0,0,9,52,0,0,0,0,0,0,0,0,0,0,0,678,0,6,0,0,0,18,0,0,0,0,0,0,0,0,91,0,0,82,0,0,0,41,0,0,0,0,92,3,0,426,0,0,0,0,0,0,0,0,0,0,0,0,0,0,0,0,0,0,0,0,0,0,5,0,0,0,0,0,0,0,0,0,0,0,0,27,0,0,45,0,1,0,0,0,0,339,0,0,88,0,0,0,0,2,0,0,0,0,0,1,8,0,6,0,0,195,0
"637",0,0,0,0,0,1,17,5,0,0,0,1,0,465,1,0,0,0,0,0,23,23,0,2,0,2730,1,0,5,17,426,0,0,17,0,0,10,20,1,0,0,1,0,0,0,213,0,0,0,0,0,0,0,0,8,0,0,0,0,35,0,3,0,0,0,0,68,0,0,0,6,4,0,11,0,0,0,0,0,29,0,0,129,0,119,0,1,0,0,7,0,5,1,36,12,0,0,0,4,0,0,0,0,0,1,0,0,42,0,0,0,0,0,36,1,0,0,0,104,0,0,0,0,1,50,0,0,0,1,0,7,75,0,0,0,0,6,0,0,0,1,0,0,0,0,0,8,0,0,5,20,26,0,104,0,0,0,0,24,18,0,0,0,417,0,0,0,0,0,0,4,0,1,0,0,0,0,7,263,0,0,0,0,0,0,0,0,235,0,0,10,28,0,4,0,0,0,0,0,0,0,0,0,5,0,1,0,0,1,0,0,0,0,6,1,1,41,0,1,3,0,24,0,0,0,0,0,0,18,9,75,1,0,200,0,0,0,0,0,0,1,0,0,0,0,0,0,0,0,0,6,1,3,0,1,0,0,2,2,0,0,0,4,0,0,0,0,0,0,7,0,0,293,0,0,0,0,0,0,2706,0,4,136,0,0,0,0,0,3,0,0,0,0,0,3,21,2,0,0,66,0
"638",0,0,0,0,0,0,0,14,0,0,0,0,0,4,42,0,0,0,0,8,5,62,0,0,0,0,0,0,221,0,0,0,0,1,0,0,0,130,0,0,0,0,0,1,0,293,0,0,0,0,0,0,0,0,27,0,0,0,0,0,0,0,0,0,0,0,113,0,0,0,42,0,0,0,0,0,0,0,0,81,0,0,0,0,39,0,0,0,0,0,0,0,14,0,0,18,6,0,0,0,0,0,0,0,15,0,1,2702,0,26,0,0,0,40,0,0,0,7,40,3,0,0,6,0,0,0,0,0,0,0,11,15,0,0,0,0,0,0,0,0,0,0,0,0,0,0,46,0,0,0,0,0,0,0,0,29,0,0,0,182,0,0,0,0,0,0,0,0,0,0,0,0,1,50,0,0,0,0,799,0,0,0,0,0,0,0,0,0,0,9,0,26,0,0,0,0,0,0,0,0,0,0,0,0,0,0,0,0,0,0,0,0,4,0,0,0,203,0,202,4,194,0,0,0,0,0,0,0,3,0,16,0,0,894,0,0,0,0,0,0,0,0,0,0,0,0,0,3,0,0,1,0,0,0,19,33,0,0,0,0,0,0,0,9,0,0,0,0,0,142,0,17,0,0,0,0,0,0,25,2363,0,1,627,0,0,0,8,0,0,0,0,0,0,6,0,0,9,0,0,208,0
"639",0,1,0,0,0,3,1,0,0,0,0,0,0,0,3,0,0,0,0,0,124,23,0,4,0,618,0,0,6,13,219,0,0,39,0,0,28,274,1,0,0,0,0,30,0,86,0,0,0,0,4,0,0,0,21,0,0,0,0,209,0,0,0,76,0,0,31,0,10,0,11,1,6,0,0,0,1,0,0,279,5,15,78,0,0,2,0,0,0,27,2,31,42,0,0,0,0,0,3,0,0,20,0,12,1,0,95,588,0,1,0,0,0,3,0,0,1,0,123,2,0,0,27,1,259,0,26,0,0,0,0,16,0,0,0,8,5,0,0,0,2,0,0,0,0,48,18,0,1,0,66,14,0,0,1,0,0,0,0,28,3,3,0,1,0,0,2,0,0,5,12,0,1,0,0,0,1,219,261,0,0,1,0,0,0,0,0,0,0,0,0,24,0,1,99,0,15,2,1,0,0,0,0,934,66,56,2,0,1,17,0,0,0,0,9,0,32,145,406,2,263,20,0,0,0,0,0,0,32,0,397,0,0,140,0,0,6,1,0,0,0,0,88,0,0,3,15,0,0,0,0,0,21,0,29,76,0,0,0,0,0,0,32,2,206,0,0,0,3,1,0,0,10,0,7,0,17,6,3,1012,0,1,471,0,0,0,0,0,0,39,0,0,1,1,11,0,2,0,0,386,0
"640",0,10,0,0,0,0,0,23,0,0,0,0,0,0,6,0,0,0,0,0,18,12,0,17,0,449,0,0,8,74,50,0,4,96,0,0,12,0,0,0,0,0,0,20,0,12,0,0,2,0,0,0,0,0,47,0,0,0,0,79,0,0,0,0,0,0,147,0,0,0,18,0,0,22,0,0,0,0,0,96,0,0,0,0,0,0,1513,86,0,30,0,11,11,4,66,159,0,0,44,0,0,19,0,0,0,0,26,2572,0,0,0,203,0,346,0,6,0,1,131,1,0,0,0,1,45,0,0,0,30,0,4,179,0,0,0,4,5,0,0,0,333,0,0,0,334,0,0,0,0,0,11,92,0,0,1,0,0,0,78,75,0,0,0,0,0,0,0,5,0,0,0,0,1,0,0,0,0,5,84,4,0,0,0,45,0,0,0,211,0,0,0,40,4,0,0,0,0,0,0,0,0,0,0,0,0,36,0,0,0,1,0,0,0,0,8,0,155,9,71,0,0,0,0,0,0,118,0,0,25,0,59,0,0,475,0,0,0,0,0,0,0,0,0,0,0,0,0,0,0,0,0,0,0,8,31,10,0,0,0,21,0,0,0,0,0,0,0,0,0,265,0,0,142,0,5,0,0,0,1,403,1,0,90,0,0,0,0,9,0,1,0,0,0,0,45,80,16,9,28,18,0
"641",0,0,0,0,0,0,1,0,0,0,0,0,0,0,108,0,31,0,0,0,0,0,0,0,0,5,0,0,9,17,23,0,0,170,0,0,0,0,0,0,0,0,0,0,0,4,0,0,0,0,2,0,0,0,0,0,0,0,0,0,0,0,0,0,0,0,25,0,0,0,3,0,0,0,0,0,0,0,0,5,0,0,0,0,0,17,0,0,0,0,0,0,2025,0,0,0,0,0,0,0,0,1,0,1,0,0,0,4855,0,0,0,12,0,2,0,7,12,0,84,0,0,0,0,0,110,0,0,0,0,0,53,0,0,0,0,0,0,0,0,0,913,1,0,0,0,0,7,0,0,0,5,10,0,0,0,0,0,0,0,19,0,0,0,0,0,1,0,0,0,0,0,0,0,0,0,0,0,0,2,0,0,0,0,0,0,0,0,0,0,0,0,19,0,0,0,0,0,0,0,0,0,0,0,1,0,0,0,0,0,0,0,0,0,0,0,0,0,0,0,0,0,0,0,0,0,9,0,0,0,0,0,0,0,147,0,0,2,0,0,70,0,0,0,0,0,0,0,0,0,0,0,0,0,0,0,97,0,0,0,0,0,0,0,1,1,0,0,23,0,87,53,5,430,0,0,0,0,0,0,398,0,0,75,0,0,0,0,0,0,2,48,0,0,0,0,0,0,0,0,93,0
"642",0,0,0,0,0,0,55,0,5,0,0,0,0,0,162,0,0,0,0,0,0,91,0,122,0,2271,0,0,0,13,10,0,0,74,0,0,0,0,0,0,14,0,0,44,0,127,0,0,2,1,0,0,0,0,0,0,0,0,0,271,0,0,0,0,0,0,242,0,0,0,0,0,0,0,0,0,0,0,0,77,0,0,0,0,0,3,1028,0,0,0,0,167,605,0,0,0,4,0,0,1,0,109,0,0,0,0,0,1313,0,0,0,0,0,0,0,0,0,0,138,0,0,0,0,0,81,0,0,0,0,0,0,0,0,0,0,0,262,1,0,0,0,0,0,0,0,0,0,0,0,0,0,0,0,0,1,0,0,3,28,0,0,0,0,0,0,1,0,0,0,0,0,0,0,2,0,0,0,0,82,0,0,0,0,0,0,0,0,0,0,0,0,77,3,0,0,0,0,0,0,0,0,0,0,0,0,0,0,0,0,0,0,0,0,0,41,0,46,0,410,0,0,0,0,0,0,0,0,0,16,0,0,0,0,183,0,0,0,0,0,0,0,0,0,0,0,0,0,0,0,0,0,0,0,0,0,0,57,0,0,381,0,0,0,0,0,0,0,0,0,22,0,0,173,0,0,0,0,0,18,879,0,0,0,0,0,0,0,0,0,0,0,0,0,0,0,0,515,0,0,84,0
"643",0,0,0,0,0,0,0,0,0,0,0,8,0,0,0,0,0,0,0,0,59,20,0,0,0,60,0,0,4,0,0,0,0,74,0,0,0,21,0,0,1,0,0,21,0,8,0,0,0,0,0,6,0,0,0,0,0,0,1,72,0,6,0,0,0,0,110,0,0,0,210,0,0,0,2,0,0,0,0,34,0,0,0,0,0,0,0,0,0,28,32,5,0,0,0,41,0,0,13,0,0,0,0,0,20,0,0,1833,0,11,0,0,0,85,0,0,61,0,26,1,0,3,0,0,0,2,0,0,4,0,7,16,0,0,0,0,0,0,0,0,0,0,0,0,0,0,4,0,0,0,18,0,2,0,1,0,0,0,8,134,0,0,0,1587,0,0,0,0,0,0,15,0,0,0,0,0,0,0,61,0,3,0,0,0,0,0,0,0,65,0,0,14,1,3,0,0,0,0,0,0,0,0,0,0,4,3,0,0,0,0,0,1,31,0,17,0,138,193,0,3,0,0,0,0,3,80,0,0,76,4,21,0,0,228,0,0,6,0,0,0,0,0,0,0,0,147,0,0,0,0,0,2,15,1,0,0,0,0,34,6,0,0,0,0,0,0,0,0,3,2,0,0,33,0,0,0,0,0,7,4102,0,0,83,0,0,0,0,0,10,9,0,0,0,0,0,0,0,10,0,0,0
"644",0,0,3,0,0,0,1,106,0,0,0,0,0,2,0,0,0,0,0,0,19,4,0,23,0,159,0,0,98,0,172,0,0,82,0,0,34,3,0,0,1,0,0,60,0,19,0,0,0,0,0,0,0,0,205,2,0,0,0,392,0,98,6,0,107,0,48,0,0,91,97,0,0,9,0,0,0,0,0,8,4,30,0,0,131,1,0,0,0,34,1123,87,0,0,0,0,0,0,40,0,0,0,0,0,5,4,0,293,0,0,0,0,0,257,0,1,0,0,92,0,0,0,0,1,25,405,0,0,0,0,48,0,0,8,0,0,0,3,0,0,0,0,0,0,752,0,0,0,0,0,14,77,0,0,1,0,0,0,0,91,0,0,0,455,0,0,0,0,0,0,0,0,0,0,0,0,0,0,5,0,1,0,0,0,0,0,48,0,0,0,0,117,2,0,0,0,0,0,0,0,0,0,0,43,0,22,0,0,0,7,0,0,5,0,27,0,104,110,0,8,38,59,0,0,0,89,132,0,250,0,0,0,0,21,0,0,0,0,0,13,0,0,0,18,0,0,0,0,0,18,1,1,0,0,0,0,9,6,3,0,0,0,0,0,0,0,0,50,4,8,0,13,673,0,5,0,9,0,3,1509,0,0,232,0,0,0,0,0,0,0,0,0,0,0,117,0,36,0,0,9,2
"645",21,0,0,9,0,0,0,14,0,0,0,1,3,579,47,0,1,0,0,0,1,14,0,0,1,1089,0,0,6,8,82,259,3,137,0,0,1,12,1,0,0,0,0,3,0,68,0,1,0,0,1,0,0,0,13,0,0,0,0,63,0,0,0,0,0,1,10,0,0,0,8,0,0,1,0,0,0,0,0,16,0,0,2,0,26,2,0,11,0,25,0,1,18,0,0,228,0,0,58,0,0,59,0,0,1,0,0,1749,0,9,0,0,0,13,0,0,0,2,31,2,0,0,15,1,140,0,0,0,0,0,5,146,0,1,0,0,25,0,0,0,725,0,0,0,0,0,19,1,0,0,15,1,0,0,1,0,0,0,4,28,0,0,0,366,0,0,0,0,0,0,0,0,0,0,0,0,0,1,59,0,0,0,0,0,1,0,0,0,0,0,0,1,2,0,0,0,0,2,0,0,394,0,0,0,0,4,0,0,1,2,0,0,0,3,1,1,95,2,1,1,19,1,0,1,0,25,2,0,15,1,13,1,0,25,0,0,0,0,0,8,0,1,0,0,1,0,0,1,0,0,2,3,2,0,1,1,0,0,4,1,1,0,0,2,0,0,0,0,0,154,0,3,558,0,0,0,0,1,6,1777,1,0,34,0,0,0,0,0,18,4,0,0,0,0,104,1,11,9,0,5,0
"646",0,0,0,0,0,0,1,0,0,0,0,0,0,0,1,0,2,0,0,0,0,23,0,0,0,0,0,0,1,4,76,0,0,71,0,0,0,45,0,0,0,0,0,0,0,0,0,0,0,0,0,0,0,0,0,0,1,0,0,251,0,0,1,0,0,0,0,1,3,36,0,0,0,0,0,43,0,0,0,444,0,0,563,0,0,1,0,0,0,78,0,1,8,0,0,0,0,0,0,0,0,0,0,0,0,0,0,1752,0,0,0,0,0,0,0,0,0,0,165,0,0,0,0,1,52,0,0,0,0,0,0,1009,0,0,0,10,1,0,0,0,0,0,0,0,0,421,21,0,0,2,0,0,0,0,0,0,0,0,0,0,0,0,0,0,0,0,2,1,0,3,3,1,1,0,0,0,0,0,228,0,0,1,0,0,21,5,0,0,0,0,0,85,1,1,0,0,0,0,0,0,0,0,0,389,1,3,0,0,1,0,0,0,0,0,0,1,0,0,110,0,0,20,0,0,0,0,0,0,0,0,0,0,0,1,0,0,0,0,0,0,0,0,0,0,1,18,0,1,0,0,0,0,28,0,30,2,0,0,0,0,0,0,0,3,0,0,0,0,2,1,4,0,124,0,0,0,0,0,5,2986,0,0,492,0,0,0,0,0,124,122,0,0,0,0,0,0,0,0,0,16,0
"647",0,15,1,1,0,0,2,44,0,1,0,0,0,279,1,0,0,0,0,0,0,77,0,0,0,347,0,0,17,0,112,0,0,47,0,0,2,313,5,0,0,0,7,34,0,8,0,12,0,0,0,0,0,0,204,0,0,0,0,489,3,11,0,0,0,0,133,0,0,2,21,0,0,0,0,0,1,0,0,160,13,0,2,0,580,11,0,0,0,25,0,0,0,18,0,1,0,0,1,0,0,5,0,0,1,0,45,425,0,0,0,8,0,1085,0,0,0,0,19,0,6,0,0,0,21,7,0,0,7,0,51,3,1,0,0,0,2,0,0,0,14,0,0,0,0,0,48,9,0,0,14,4,0,0,0,0,0,0,0,33,1,0,0,744,0,0,2,0,0,0,23,0,0,0,0,0,0,29,32,7,0,0,0,0,9,0,0,0,0,0,0,505,1,3,0,0,0,33,0,0,0,0,0,0,205,274,0,0,2,1,0,0,0,0,22,1,26,151,248,0,0,13,0,0,0,0,41,0,29,2,0,0,1,389,0,0,1,0,1,0,0,0,0,0,43,0,0,0,0,0,1,0,32,0,15,188,5,0,24,252,4,0,0,32,0,1,0,30,3,5,23,0,37,0,0,0,0,0,3,324,0,0,418,0,0,0,1,0,0,57,0,0,0,0,0,0,216,0,0,40,10
"648",0,1,3,0,0,0,1,0,0,8,2,0,0,0,5,0,3,5,0,0,34,38,0,0,0,10,0,0,16,101,393,0,0,77,0,0,17,154,0,0,0,0,0,79,0,197,0,1,0,0,4,0,0,2,73,1,0,0,0,53,1,0,0,1,0,0,12,0,0,111,25,6,0,0,0,0,1,0,0,39,0,1,34,0,0,22,0,0,0,56,0,4,1,0,0,0,0,0,86,0,0,118,0,0,13,0,0,63,0,3,0,0,0,151,0,3,1,1,87,0,0,0,0,0,233,27,92,0,743,0,173,0,306,1,0,0,0,0,0,0,1,0,0,0,0,0,4,1,3,0,5,1,6,5,15,0,0,1,0,123,0,4,0,0,0,0,0,0,1,0,3,0,0,0,0,0,0,73,103,1,0,0,0,0,15,0,0,0,0,15,0,285,0,0,0,0,0,0,1,18,0,0,0,1,0,3,17,3,0,4,6,0,0,0,17,0,0,98,14,11,3,1,0,0,0,0,0,0,0,0,0,1,0,236,0,0,1,0,0,0,0,0,20,0,1,3,0,0,0,0,0,4,6,0,13,1,1,0,29,21,0,0,0,7,1,0,0,0,18,134,0,223,1113,0,0,0,0,0,0,3319,0,0,304,0,0,0,0,0,0,12,0,0,0,1,53,0,4,0,0,18,0
"649",0,0,0,0,0,0,0,0,0,0,0,0,0,0,42,16,7,0,0,0,0,85,0,5,0,25,0,0,27,1,0,0,0,70,0,0,17,0,0,0,0,0,0,0,0,0,0,3,0,0,1,0,0,0,0,0,1,0,0,0,2,0,0,0,0,0,0,0,0,0,0,0,0,0,0,15,1,0,0,0,0,0,9,0,0,1,4,0,0,0,0,4,99,0,0,0,0,0,0,0,0,0,0,0,0,0,0,646,0,0,0,0,0,201,0,0,0,0,19,3,0,0,0,1,205,0,0,0,0,0,0,0,0,0,0,0,14,0,0,0,4,0,0,0,0,0,11,0,0,0,5,0,0,25,2,0,0,0,0,0,0,0,0,0,0,0,0,0,0,0,0,0,29,0,0,0,6,16,0,0,0,0,0,0,18,0,0,0,0,0,0,182,0,0,0,0,0,0,0,0,0,0,0,0,0,6,0,0,1,0,0,0,0,0,0,0,0,0,3,0,0,0,0,0,0,0,0,0,0,0,79,0,0,0,0,0,0,0,0,0,0,0,0,0,3,0,0,0,0,0,0,0,0,0,16,1,3,0,0,19,0,0,0,4,3,0,0,0,0,7,0,20,509,0,0,0,0,0,0,6436,0,5,136,0,0,24,0,0,0,83,0,0,0,0,258,0,30,0,0,69,0
"650",0,0,0,0,0,0,9,0,1110,0,0,0,1,0,41,0,0,0,0,0,0,0,4,0,0,768,0,0,8,0,0,0,0,0,0,0,0,0,0,8,10,0,0,0,0,0,0,0,0,1,0,1,0,0,0,0,0,0,0,0,0,0,2,0,23,30,0,0,0,0,0,0,0,0,0,0,0,0,0,0,0,0,0,0,0,0,3,0,0,0,0,4,4,0,0,0,0,0,0,1,0,0,0,0,0,0,253,1,0,0,0,0,0,14,0,0,58,0,0,0,0,0,0,1,29,0,0,0,0,0,20,0,0,0,0,0,3,0,0,0,0,0,0,0,0,0,0,0,0,0,0,0,0,0,0,0,0,0,0,0,0,0,0,2039,0,1,0,0,0,0,0,0,30,0,0,0,0,0,0,0,0,0,0,0,0,7,0,0,6,9,0,0,0,0,0,0,0,0,0,0,0,0,0,0,1,48,0,0,1,6,0,0,0,0,0,0,0,0,2,0,0,0,0,0,0,0,0,0,0,0,112,0,0,533,0,0,0,0,0,0,0,0,0,0,0,0,0,3,0,0,0,0,9,1,0,0,0,0,0,0,0,0,0,0,0,0,0,49,0,1777,0,0,969,831,0,0,0,0,9,461,0,0,30,0,0,0,0,39,0,0,0,0,0,0,0,0,0,0,0,0,0
"651",0,0,0,0,5,0,0,0,0,0,0,0,0,20,29,0,0,0,0,0,0,77,0,3,0,1949,0,0,8,13,129,0,0,226,0,0,5,304,0,0,0,0,0,64,0,345,0,0,0,0,0,0,0,0,6,0,0,0,0,163,1,20,0,0,0,0,79,0,0,31,15,0,0,119,0,0,0,3,0,70,0,16,19,0,0,22,0,0,0,80,0,3,0,0,0,0,0,0,63,0,0,3,0,0,4,0,162,1,0,23,0,0,0,634,0,0,0,1,418,0,0,6,0,14,213,317,0,0,3,0,12,15,17,1,0,0,12,0,0,0,1,0,0,0,0,0,6,0,0,4,7,12,0,3,1,0,0,0,42,62,0,0,0,1,0,0,0,0,0,13,3,0,0,0,0,0,0,32,734,0,45,0,0,0,7,0,0,0,0,0,1,0,1,0,0,0,0,0,0,0,0,0,126,20,273,38,0,0,0,1,0,0,5,2,31,1,23,9,0,4,0,24,0,0,1,0,0,0,47,3,111,4,0,420,0,0,3,0,0,0,0,0,35,0,0,6,0,0,0,0,0,3,0,0,8,7,0,0,7,0,1,0,0,1,1,0,0,0,162,9,0,0,183,0,0,0,0,0,3,873,0,0,635,0,0,0,0,0,36,27,0,0,0,0,7,4,30,0,0,481,0
"652",0,0,0,0,0,0,3,6,0,0,0,0,4,0,0,57,0,0,0,0,0,44,0,0,0,284,0,0,23,139,1001,0,0,0,0,0,0,0,0,1,0,0,0,0,0,0,0,0,0,0,0,0,0,0,56,1,0,0,0,119,0,0,0,0,0,0,0,0,0,0,58,0,0,0,0,21,0,0,0,61,0,0,0,0,0,0,0,0,0,46,0,9,777,0,0,0,0,0,81,0,0,11,0,0,0,0,0,0,0,0,0,0,0,30,0,0,7,0,123,0,0,0,0,1,1500,0,0,0,0,0,0,166,0,0,0,0,0,0,0,0,37,0,4,0,0,0,8,0,3,5,14,0,0,0,0,0,0,0,0,0,0,0,0,0,0,0,0,0,0,0,0,11,0,0,13,0,0,0,0,0,0,0,0,23,0,0,0,0,0,0,0,95,8,0,0,0,0,0,0,0,0,0,0,0,0,36,0,0,0,0,0,0,0,0,10,0,146,0,0,0,158,0,0,0,0,0,0,0,0,0,0,0,0,0,0,0,7,0,0,0,0,0,0,0,0,0,2,0,0,0,0,0,0,0,0,0,9,0,0,92,0,0,6,0,8,1,0,0,29,15,0,0,0,1496,0,0,1,0,40,1928,0,0,0,0,0,0,0,0,22,0,0,0,0,0,168,0,0,0,0,0,0
"653",0,0,0,0,0,0,14,0,0,0,0,0,0,1,75,0,0,0,0,0,0,0,0,1,0,1940,1,0,12,0,0,0,0,202,0,0,93,0,0,0,0,0,0,0,0,19,0,0,0,0,0,0,0,0,0,0,0,0,0,1,0,1,0,1,107,0,4,0,0,15,0,0,0,0,0,0,0,0,0,1,0,0,0,0,0,0,93,0,0,0,29,0,0,0,0,0,0,0,47,0,0,12,0,0,0,0,0,291,0,1,0,0,6,8,0,0,0,0,9,0,0,0,0,1,1024,0,0,0,0,0,36,61,0,0,0,0,11,1,3,0,249,0,0,0,0,0,6,0,0,0,15,21,0,1,1,0,0,0,0,0,0,0,0,0,0,1,0,0,0,0,1,0,1,0,0,0,0,105,0,1,0,0,0,0,0,0,0,0,0,3,0,0,0,0,0,0,0,0,0,0,0,0,0,1,0,27,0,0,1,4,0,0,0,0,0,0,0,5,0,0,0,17,0,0,0,0,0,0,5,0,0,4,0,626,0,0,0,0,0,561,0,0,0,0,0,0,0,0,0,0,0,0,0,0,0,167,15,0,0,0,0,0,0,3,1,0,0,0,3,3,0,0,2011,0,0,0,0,0,0,1926,0,0,130,0,0,10,0,0,10,22,0,6,0,0,0,0,5,0,0,0,0
"654",0,0,0,0,0,0,157,0,0,0,0,0,0,4,20,0,52,1,0,0,226,82,0,0,0,0,13,2,0,12,284,0,0,269,0,0,16,650,15,0,0,0,0,0,0,0,0,9,0,0,0,0,0,0,0,0,0,0,0,225,0,0,0,0,0,13,28,0,0,0,63,0,0,34,0,136,0,0,0,0,18,0,855,0,0,1,0,0,0,188,0,15,0,0,0,0,0,0,0,0,0,0,0,0,0,0,0,0,107,0,0,0,0,47,0,0,11,0,66,0,0,0,0,1,125,0,0,0,28,209,0,0,0,0,0,0,353,0,5,0,19,0,0,0,0,0,0,0,0,1,29,166,0,0,1,0,0,0,0,304,0,0,0,1134,135,0,1,0,0,0,25,0,0,0,0,0,0,292,17,0,11,3,0,0,18,0,0,0,0,0,0,103,0,0,16,0,0,0,0,135,0,51,0,8,0,13,0,0,1,39,0,0,0,6,8,0,0,507,496,0,0,0,0,6,0,9,0,0,106,0,406,0,0,0,0,0,0,0,0,1,0,33,0,43,0,3,0,0,3,0,0,0,48,0,149,11,0,0,14,14,0,0,0,35,0,0,0,0,0,0,0,0,290,4,43,0,0,2,38,0,0,0,482,0,0,1,0,0,5,0,89,0,0,0,0,0,16,0,1,110,12
"655",0,8,0,0,0,0,0,0,0,0,0,0,0,0,33,0,1,5,0,0,70,5,0,20,0,401,0,0,14,13,0,0,0,51,0,0,26,7,0,0,0,0,355,67,0,4,0,0,15,0,0,0,0,0,0,0,0,0,0,59,0,18,0,6,0,0,92,15,0,0,0,0,0,64,0,0,0,0,0,48,0,0,0,0,0,4,0,0,0,18,6,7,19,0,0,39,0,0,0,0,0,0,0,7,0,0,83,0,0,0,0,0,0,27,0,0,0,0,0,4,0,0,0,6,99,29,0,0,0,0,6,343,0,0,0,0,170,0,0,0,18,0,0,0,0,0,12,0,0,0,21,0,0,0,0,0,0,0,0,0,0,0,0,0,0,0,0,0,0,0,1,0,0,0,0,0,0,7,0,0,0,0,0,0,0,0,0,0,0,0,0,0,4,0,0,0,0,0,0,0,20,0,0,0,0,6,0,0,9,0,0,0,0,0,0,6,1,0,403,0,0,31,0,0,0,0,0,0,17,12,69,0,0,381,0,0,0,0,0,54,0,0,0,0,0,0,0,0,0,0,0,1,0,0,0,1,0,0,0,0,7,0,0,14,0,0,0,0,10,567,0,0,95,0,0,0,2,0,0,5638,0,0,65,0,0,0,0,2,0,10,0,0,0,0,28,0,6,0,0,28,0
"656",0,0,0,0,0,0,0,0,0,0,3,1,0,0,191,0,0,0,0,0,0,9,0,0,0,3594,0,0,0,19,0,0,0,132,0,0,0,0,0,0,0,0,0,0,0,0,0,1,0,0,3,0,0,4,6,1,0,0,0,9,0,0,0,0,0,54,0,0,0,0,11,0,1,0,0,0,0,0,0,7,0,1,0,0,0,0,0,0,0,0,0,23,0,0,0,0,0,0,0,0,0,0,0,0,1,0,0,40,0,0,0,0,5,0,0,0,0,1,111,0,0,0,0,48,0,0,0,0,0,0,0,0,0,0,0,0,0,0,0,0,111,0,0,0,0,0,0,0,0,0,0,0,3,1,2,0,0,0,0,89,0,0,0,0,0,0,0,0,2,0,0,0,0,0,0,0,1,17,130,0,0,0,0,0,0,0,0,0,0,0,8,0,0,0,0,0,0,1,0,0,0,0,0,40,0,17,0,0,0,0,0,0,0,0,0,0,97,8,0,0,1,0,0,165,0,0,0,0,7,0,0,0,0,2943,0,0,4,0,0,66,0,0,67,0,0,1,0,0,0,0,0,0,7,0,1,284,0,1,0,42,3,0,0,6,0,0,0,0,11,34,0,0,0,0,0,1,7,2,0,1300,0,0,75,0,0,0,0,0,0,0,0,0,0,0,161,1,0,0,0,0,0
"657",0,0,0,0,0,0,9,64,0,0,8,0,0,0,19,0,0,1,0,0,0,35,0,7,0,43,17,0,130,10,1,0,0,31,5,36,17,14,0,0,17,0,0,0,0,8,0,0,0,5,0,0,0,0,24,0,0,0,0,11,0,0,1,1,0,0,10,0,0,0,15,0,41,0,0,43,0,0,0,4,0,0,77,0,0,42,485,0,0,86,0,9,673,0,13,11,0,0,13,0,0,0,0,9,0,0,0,650,0,3,0,0,0,249,0,3,0,0,0,0,0,0,0,1,132,80,0,0,18,0,44,302,0,5,0,0,62,2,0,0,0,0,0,0,0,0,1,0,0,0,0,0,108,0,5,0,0,0,0,71,85,0,0,0,0,1,0,0,0,0,10,0,55,0,0,0,0,1,1,0,0,0,0,0,5,0,0,0,0,0,0,46,11,0,0,0,0,0,0,0,0,0,0,166,242,43,13,26,4,17,0,0,0,6,36,0,98,12,177,0,5,1,0,0,0,0,4,0,37,6,430,3,0,2221,0,0,0,0,0,196,0,0,0,0,0,13,0,0,0,0,0,0,7,0,9,105,0,0,4,10,0,0,3,6,4,0,0,0,0,53,0,0,1517,0,0,0,0,0,4,161,0,0,199,0,0,0,0,0,0,10,0,0,0,0,161,0,38,0,0,81,0
"658",0,0,0,0,0,0,0,0,0,0,0,0,0,253,8,0,0,0,0,0,0,35,0,3,0,2512,0,0,51,0,118,0,0,41,0,0,0,253,0,0,1,12,0,43,0,585,0,3,11,0,15,0,0,0,0,0,0,0,0,280,2,0,1,0,0,0,63,0,0,0,0,1,0,115,0,0,0,0,0,182,0,0,43,1,0,0,11,153,0,30,0,29,0,0,0,0,0,0,38,0,0,1,0,0,16,0,121,315,0,12,0,0,0,49,0,0,0,1,63,0,0,0,0,1,36,0,0,0,0,0,47,0,0,0,0,0,5,0,0,0,36,0,0,0,6,0,0,3,0,0,29,54,0,17,1,0,0,0,13,127,0,0,0,0,0,0,0,0,0,0,0,0,0,0,1,0,0,0,102,1,0,0,0,0,0,0,0,1,0,0,0,0,1,0,6,0,0,0,0,0,0,0,0,0,0,24,9,0,0,4,0,0,0,0,0,3,275,0,259,0,0,28,0,0,0,11,0,0,77,3,0,0,0,79,0,0,0,0,0,9,0,0,0,0,0,17,0,0,0,0,0,7,20,1,0,0,0,0,0,0,0,0,0,4,0,0,0,0,8,1,0,47,154,0,0,0,0,0,0,2876,0,0,360,0,0,0,0,2,0,45,0,0,1,0,14,4,0,15,0,163,0
"659",0,1,0,0,6,0,0,0,0,0,0,0,0,0,0,0,5,0,0,0,0,1,0,0,0,2803,0,0,4,77,249,0,0,22,0,0,46,1,0,0,0,0,0,0,0,21,0,1,0,0,2,0,0,4,0,0,0,0,2,11,0,0,0,0,0,0,19,0,0,21,0,0,0,0,0,0,0,0,0,1,0,1,29,0,0,0,120,0,0,0,0,0,0,0,57,0,0,0,10,0,0,0,0,0,0,1,0,40,0,1,0,0,0,0,0,0,0,0,10,0,0,0,0,1,494,4,0,5,0,0,1,9,0,0,0,0,0,0,0,0,2,0,0,0,0,0,0,0,0,0,0,8,0,12,1,0,0,0,108,2,8,0,0,1308,0,0,0,0,0,84,4,0,84,0,0,0,0,0,10,1,0,0,0,17,3,0,0,1,0,0,1,42,0,0,0,0,0,0,0,0,0,0,1,15,1,3,3,0,0,1,11,0,2,1,16,0,30,0,0,0,42,35,0,0,0,0,0,0,0,12,7,1,0,111,0,0,4,0,0,44,3,0,0,0,3,11,0,0,0,0,0,0,0,0,0,0,0,3,4,269,0,0,0,1,0,0,0,0,0,1,0,3,1676,0,0,0,0,0,0,1602,0,0,66,0,0,0,0,0,23,5,0,0,0,0,0,0,5,0,0,66,0
"660",0,0,0,0,0,0,0,0,0,0,0,0,1,0,164,0,0,0,0,0,0,0,0,0,0,13,0,0,91,9,83,0,0,158,0,0,0,0,0,0,0,0,0,0,0,0,0,0,0,0,0,0,0,0,0,0,0,0,0,9,0,0,0,0,0,0,15,0,0,0,0,0,0,0,0,65,0,0,0,7,0,0,0,0,0,0,91,0,0,0,1,0,0,0,1,15,0,0,0,0,0,3,0,0,0,0,0,5766,42,0,0,0,0,82,0,1,0,0,0,0,0,9,0,3,0,0,0,0,0,0,10,15,0,0,0,0,81,0,0,0,8,12,0,0,0,0,0,0,0,0,11,6,0,0,0,0,0,0,0,0,0,0,0,0,0,0,0,0,0,0,3,0,0,0,0,0,0,0,0,0,0,0,0,1,0,0,0,2,0,0,0,0,278,0,0,0,0,0,0,0,0,0,0,3,0,0,3,0,0,11,0,0,6,1,0,0,0,0,53,0,0,0,0,0,0,0,0,10,92,0,0,0,0,814,12,0,0,0,1,0,0,0,0,0,0,9,0,0,0,0,0,0,0,0,0,0,1,0,0,0,0,0,0,0,0,0,0,0,0,146,0,0,414,1,0,0,0,0,0,620,1,0,314,0,0,0,0,0,0,0,0,0,0,0,0,0,11,0,37,0,0
"661",0,0,0,0,0,0,1,49,0,0,0,0,0,0,1,0,0,0,0,0,0,42,0,2,0,499,10,0,2,39,209,0,0,0,0,0,22,134,0,1,0,0,0,51,0,1,0,0,4,0,2,0,0,0,107,0,0,0,0,188,0,22,0,0,0,1,58,0,0,50,15,0,0,10,0,0,0,0,0,64,0,0,0,0,142,0,0,0,0,78,0,10,6,0,0,0,0,0,16,0,0,0,0,0,7,0,0,1929,0,33,0,0,0,22,0,0,0,0,220,6,0,0,0,1,131,0,0,0,6,0,52,2,0,0,0,0,38,0,0,0,5,0,0,0,0,0,0,0,0,3,12,0,0,2,1,0,0,0,186,32,0,0,0,0,0,0,0,0,0,1,0,0,1,0,0,0,0,79,312,0,0,0,0,0,0,0,0,0,0,0,0,74,1,0,0,0,0,0,0,0,0,0,0,5,0,11,20,0,1,1,0,0,0,0,27,0,259,0,57,2,0,21,0,0,0,0,102,0,49,14,61,0,0,47,0,0,0,0,0,0,0,0,0,0,0,0,1,0,0,0,0,0,0,0,14,2,14,0,0,2,0,0,0,1,0,0,0,17,0,175,7,0,421,0,0,0,7,0,11,2640,0,0,491,0,0,0,0,1,0,0,0,0,0,0,10,0,16,0,0,60,0
"662",0,0,0,0,0,0,1,0,489,0,0,0,0,0,3,0,1,7,0,0,147,11,1,8,0,2042,0,0,25,1,80,0,0,15,0,0,0,40,0,0,0,0,0,0,0,195,0,0,1,0,0,0,0,0,0,0,0,0,0,0,1,0,0,0,0,0,0,0,0,0,0,0,0,0,0,0,0,0,0,48,0,0,89,0,0,1,0,0,0,44,0,0,0,0,0,7,0,0,32,0,0,1,0,0,3,0,69,1896,0,0,0,0,0,325,0,0,0,0,0,0,0,0,0,0,222,0,0,0,10,0,4,1024,0,0,0,0,10,0,0,0,0,0,0,0,0,0,0,0,0,0,22,0,0,0,0,0,0,0,0,104,0,0,0,154,1,0,0,3,0,0,1,0,0,0,0,0,0,0,275,0,0,0,0,0,1,0,0,0,0,0,0,30,0,1,0,0,0,0,0,0,0,0,0,0,197,1,0,0,1,1,0,0,0,2,3,0,0,0,0,0,0,0,0,0,0,0,0,0,38,0,196,0,0,448,0,0,0,0,1,0,0,0,0,0,1,17,0,0,0,0,351,0,10,0,20,1,0,0,1,4,0,0,0,1,0,0,0,0,0,0,0,8,45,0,0,0,0,0,0,1607,0,0,79,0,0,0,0,0,0,1,0,0,0,0,0,0,1,0,0,54,0
"663",0,0,0,0,0,0,1,0,0,0,0,0,0,0,6,0,11,0,0,0,0,1,0,0,0,2,0,24,3,0,0,1,0,0,0,0,0,1,0,0,0,0,0,0,0,5,0,0,0,0,0,0,0,0,10,0,0,0,0,0,0,0,0,0,0,0,0,0,0,0,0,0,0,0,0,0,0,0,0,0,0,0,0,0,0,1,0,0,0,0,0,0,2972,0,0,166,6,0,0,0,0,115,0,0,0,0,0,1654,0,0,0,3,0,0,0,0,9,0,65,0,1,0,0,2,72,0,0,0,0,0,5,0,0,0,0,0,0,0,1,0,1,0,0,0,0,0,1,0,0,0,1,0,0,0,0,0,0,1,0,0,0,0,0,0,0,0,0,0,0,0,0,0,0,0,0,5,0,0,0,0,0,0,0,0,1,0,0,0,0,0,0,3,1,0,0,0,0,0,0,0,0,0,0,0,475,1,0,0,0,1,1,0,0,0,0,0,0,0,0,0,0,1,0,0,0,0,0,0,0,0,0,0,0,0,0,0,0,0,0,0,0,0,0,0,1,0,0,0,0,0,0,0,0,0,0,1,0,0,0,0,0,0,0,0,0,0,0,0,0,2521,0,1,234,0,0,0,0,0,1,1107,0,114,66,0,5,0,0,0,0,5,0,0,0,0,0,0,0,0,0,1,0
"664",0,0,0,0,0,0,1,29,0,1,0,0,0,283,1,0,0,0,0,0,48,16,0,0,0,773,0,0,0,6,89,0,0,50,0,0,1,38,1,0,0,0,0,3,0,15,0,5,0,0,2,0,0,0,9,0,5,0,0,283,0,11,0,2,0,0,0,0,0,0,2,1,0,0,0,0,0,0,0,98,0,0,0,0,15,18,0,0,0,0,0,0,33,0,0,0,0,0,12,0,0,4,0,0,14,0,0,626,0,0,0,0,0,278,0,0,0,0,55,0,0,0,0,1,27,0,0,0,0,0,5,124,0,4,0,0,0,0,0,0,1258,0,0,0,0,0,9,0,1,0,5,0,0,0,0,0,0,0,0,14,0,0,0,1576,0,0,4,0,0,0,3,0,0,0,0,0,0,54,3,0,0,0,0,0,3,0,0,0,0,0,0,63,0,0,0,0,0,0,0,934,0,0,0,1,1,132,0,0,0,0,0,0,0,5,0,0,228,13,0,15,0,20,0,0,0,0,0,0,59,0,0,9,0,335,0,0,1,0,0,0,0,0,0,0,3,0,0,0,0,0,256,0,15,0,35,13,183,0,9,2,0,0,0,6,0,0,0,0,0,8,0,0,80,0,0,0,0,0,0,961,0,0,3,0,0,0,0,0,83,5,0,0,0,1,0,0,6,0,0,44,0
"665",0,0,0,0,0,11,0,0,0,0,1,0,1,0,8,0,0,8,0,0,0,7,0,0,0,2643,0,0,28,28,648,0,0,0,0,0,0,0,0,0,0,0,0,0,0,0,0,4,0,1,1,0,0,0,2,0,0,0,0,0,0,0,0,0,0,0,21,0,0,0,19,0,0,0,0,1020,0,0,0,5,0,0,0,0,0,2,361,2,0,35,0,0,5,0,0,0,0,0,14,0,0,66,0,0,1,0,0,2458,0,0,0,0,0,1,4,1,0,0,0,2,0,0,0,2,0,0,0,0,3,0,0,55,289,0,0,118,8,0,0,0,54,0,0,0,0,0,0,0,0,0,0,0,0,0,0,0,0,0,0,31,0,0,0,299,5,1,0,0,0,0,0,0,0,0,0,0,7,55,0,0,0,0,16,0,0,0,0,0,0,0,0,0,0,0,0,0,0,0,0,0,0,0,0,201,0,0,7,0,0,2,0,0,0,3,0,0,0,15,1,0,0,0,0,0,2,0,0,0,13,0,0,0,0,52,0,0,3,0,0,26,2,0,0,0,0,0,0,0,0,0,0,15,11,0,10,2,14,0,2,0,0,0,0,4,0,0,0,0,0,1132,0,0,152,0,0,0,0,0,0,1,0,0,1,0,0,0,0,1,0,0,0,0,0,0,50,0,0,0,0,0,0
"666",0,0,0,0,0,0,1,0,0,0,0,0,1,0,22,0,0,0,0,0,3,0,0,0,0,0,0,0,0,20,0,0,0,19,0,0,0,46,1,0,0,0,0,1,0,0,0,0,0,0,14,0,0,0,0,0,0,0,0,0,0,0,0,0,0,0,0,0,0,1,0,0,0,2,0,0,0,0,0,11,0,0,66,0,0,0,0,22,0,0,0,4,1111,0,0,0,0,0,0,0,0,1,0,0,0,1,0,2552,0,0,0,0,0,0,0,0,0,28,96,0,0,0,10,0,0,0,0,0,0,0,1,1,0,0,0,9,1,0,0,0,196,0,0,0,0,0,1,0,0,0,1,0,0,0,0,0,9,0,0,0,0,0,0,1,1,0,0,0,0,0,1,0,29,0,0,0,0,0,0,0,0,0,0,0,1,0,0,0,0,0,0,0,0,1,0,0,0,0,0,0,0,0,0,1,0,25,0,0,0,1,0,0,0,4,0,0,14,0,230,1,228,0,0,0,0,0,0,0,1,0,78,1,0,28,1,0,1,1,3,0,3,0,0,0,55,0,0,0,0,0,0,0,1,0,6,0,0,0,0,24,0,0,0,0,0,0,0,0,0,4727,0,17,48,0,0,0,0,5,0,0,0,0,8,0,0,0,13,0,0,0,0,0,1,0,0,0,5,0,0,1,0
"667",0,0,0,0,0,0,0,0,0,0,0,0,0,0,387,0,0,1,0,0,4,2,0,0,0,2115,0,0,344,12,1,0,0,8,0,0,15,2,0,0,0,0,0,57,0,63,0,1,0,0,1,0,0,1,3,18,0,0,0,1,0,0,0,1,0,0,7,0,0,151,10,1,0,29,0,0,0,0,0,1,0,10,26,1,25,1,1,15,0,37,0,0,0,1,80,0,0,0,15,0,1,6,16,0,2,1,0,863,0,7,0,0,4,43,2,1,0,4,89,0,0,0,1,1,142,34,22,0,1,68,20,104,0,0,0,1,38,0,0,0,234,0,0,0,196,0,3,0,0,0,15,0,4,82,1,0,0,0,9,6,0,0,0,1,0,0,0,0,0,0,4,0,5,0,0,1,0,11,37,0,0,0,0,2,1,0,0,0,0,0,1,4,0,1,0,0,0,0,1,0,0,0,0,1,0,3,1,5,0,0,16,28,4,6,2,0,29,17,0,2,36,3,0,6,0,0,3,244,130,3,17,1,0,17,0,0,2,0,0,0,4,0,0,0,1,7,0,0,0,0,0,0,10,0,1,1,10,3,1,57,0,0,0,1,3,0,1,0,9,4,0,5,2382,0,0,1,0,0,0,1077,0,0,30,0,0,1,0,0,2,14,0,0,0,0,63,1,6,0,0,18,0
"668",0,0,2,0,0,0,3,3,0,0,0,0,0,1,0,0,0,1,0,0,1,24,0,0,0,3621,0,0,45,0,15,0,0,91,0,0,28,1,0,0,1,0,0,0,0,301,0,0,0,0,0,0,0,0,0,0,0,0,0,4,1,22,0,0,0,0,121,0,10,90,17,0,0,1,825,0,0,0,0,1,0,0,0,0,7,0,0,0,0,12,114,0,4,0,0,0,0,0,1,0,8,9,0,0,1,0,0,547,0,0,1,0,0,46,0,0,1,0,107,1,1,1,0,0,59,46,0,20,0,0,16,10,0,0,0,1,0,0,0,0,8,0,0,0,0,0,0,0,0,0,5,0,0,16,0,0,0,0,14,1,0,0,0,0,0,1,0,0,0,0,1,0,0,0,0,0,0,0,13,0,0,0,0,0,12,0,0,0,0,0,0,269,1,0,0,0,0,0,0,0,0,0,0,0,0,0,0,0,0,0,0,0,9,0,3,0,4,0,0,0,0,0,0,0,0,2,0,0,26,1,15,0,0,107,0,0,1,0,0,0,0,0,13,0,40,6,0,0,0,0,0,0,0,0,0,60,0,0,1,0,3,0,0,1,0,0,0,0,0,113,0,0,1420,0,0,0,0,0,2,1588,1,0,147,0,0,0,0,1,21,0,0,0,0,0,1,0,5,0,0,154,0
"669",0,0,0,0,0,0,0,0,0,0,0,0,8,0,1,0,0,0,0,0,0,8,0,0,1,785,0,0,0,45,0,249,0,121,0,0,0,0,0,0,0,0,116,0,0,26,0,0,0,0,1,0,3,0,4,0,0,0,0,0,0,0,0,0,0,0,370,0,0,0,64,0,0,0,0,0,0,0,0,93,0,0,213,0,0,4,0,0,0,56,0,0,0,0,0,0,0,0,0,0,0,0,0,0,0,0,0,3462,0,0,0,0,106,205,0,0,0,0,143,0,0,0,0,1,6,499,0,0,0,0,0,0,0,0,0,0,1,0,0,0,5,0,0,0,0,0,0,0,0,0,10,0,0,0,0,0,0,0,0,0,0,0,0,0,0,0,1,0,0,0,0,0,0,0,0,0,0,54,404,0,0,0,0,0,0,0,0,0,0,0,0,9,0,5,0,0,0,0,0,0,0,0,0,0,0,25,0,0,1,0,1,0,0,0,0,0,0,0,33,0,0,0,0,0,0,0,0,0,43,0,0,0,0,1717,0,0,3,0,1,5,0,0,0,0,85,0,0,0,0,0,0,0,0,0,0,11,5,0,9,2,0,0,0,0,0,0,0,0,0,79,0,0,46,0,0,0,0,0,0,636,0,0,61,0,0,0,0,0,0,5,0,0,0,0,5,0,5,0,0,64,0
"670",0,0,0,0,0,0,2,0,0,0,0,0,0,0,19,0,5,0,0,0,0,14,0,0,0,1,0,0,3,0,769,0,0,52,0,0,3,41,0,0,0,0,0,0,0,0,0,0,1,0,0,0,0,0,0,0,0,0,0,0,0,0,3,0,0,0,4,0,0,16,0,0,0,0,0,0,0,0,0,0,0,3,43,0,0,0,0,0,0,0,3,4,20,0,0,0,0,0,0,0,0,0,0,0,0,0,0,1416,0,0,0,0,0,0,1,0,0,0,126,0,0,0,0,1,29,0,0,245,0,0,0,14,0,0,0,0,3,0,0,0,19,0,0,0,0,0,3,0,0,0,18,0,0,0,0,0,0,0,0,0,0,0,0,839,0,1,0,0,0,0,0,0,1,0,0,0,0,0,3,0,0,0,0,0,7,0,0,0,0,0,0,13,1,0,0,0,35,0,0,0,0,0,0,0,0,112,0,0,2,5,0,0,0,0,0,0,104,0,0,0,104,0,0,0,0,0,0,0,0,0,23,0,0,585,0,0,0,0,0,0,0,0,0,0,80,0,0,0,0,0,2,1,0,0,7,0,0,0,0,0,0,0,0,0,0,0,0,0,0,3,0,0,491,0,9,0,0,0,0,4427,0,0,126,0,0,0,0,5,3,0,0,0,0,0,71,0,44,0,0,104,0
"671",0,0,0,0,0,0,1,0,0,0,0,0,0,0,26,0,0,0,0,0,0,0,0,0,0,1130,0,0,8,0,0,0,0,143,0,0,157,5,0,0,0,0,0,23,5,46,0,0,0,0,0,0,0,0,0,0,0,0,0,0,0,9,0,0,0,0,0,0,6,0,0,0,0,0,0,0,0,0,0,0,0,0,0,0,0,1,0,0,0,0,0,1,1691,0,0,0,0,0,56,0,0,9,0,0,1,0,0,1271,0,0,0,0,0,246,0,0,1,0,135,5,0,0,0,1,982,0,0,0,0,0,0,0,0,3,0,7,53,0,0,0,0,0,0,0,0,0,0,0,0,0,0,0,1,0,0,0,0,0,0,0,0,0,0,0,0,0,0,0,0,0,0,0,1,0,0,0,0,0,0,0,0,0,0,0,0,0,0,0,0,0,0,88,1,5,0,1,1,0,0,0,0,0,0,0,0,0,0,0,1,0,0,0,0,0,0,0,34,0,0,0,0,0,0,0,0,0,0,0,50,0,0,0,0,489,0,0,0,0,0,0,0,0,47,0,0,0,1,0,0,0,21,0,0,0,0,0,0,0,0,0,0,0,0,0,0,0,0,0,0,20,0,0,895,0,0,0,1,0,0,2233,0,0,287,0,0,0,0,0,0,0,0,0,0,0,0,0,218,0,0,19,0
"672",0,0,0,0,1,0,1,12,0,0,0,0,0,0,1,1,0,0,0,0,0,2,0,0,0,1303,0,0,13,1,425,0,0,0,0,0,0,52,0,0,0,0,0,0,0,45,0,19,0,0,0,0,1,1,9,1,0,0,0,7,0,0,0,2,0,1,56,0,0,0,3,0,0,0,0,0,0,0,0,0,0,6,204,0,0,0,0,0,0,146,453,33,3,0,0,194,1,0,0,0,0,0,0,13,0,0,0,319,0,0,0,0,0,0,1,0,7,0,16,0,0,0,0,4,308,0,0,0,0,67,0,1174,0,0,3,0,0,0,0,0,1,0,0,1,0,0,11,1,1,0,7,0,4,20,1,0,0,0,0,126,0,9,0,0,0,0,1,0,0,0,5,0,0,0,5,0,0,54,0,1,0,0,0,0,16,0,0,0,0,0,1,250,0,0,0,0,0,2,0,0,0,0,0,8,0,16,0,0,0,0,0,0,0,0,0,1,42,16,0,0,0,61,0,0,0,0,0,0,0,0,0,0,0,985,11,0,1,0,0,0,0,0,0,0,1,1,0,0,0,0,0,6,0,0,46,3,1,0,0,210,0,0,0,0,190,0,0,0,2,3,0,0,198,0,0,0,0,0,0,1497,0,0,259,0,0,7,2,0,9,0,81,1,0,0,344,0,0,0,0,33,0
"673",0,0,0,0,0,0,1,0,0,0,0,0,0,0,53,0,0,0,0,0,0,1,0,34,0,2183,0,0,17,10,1,0,0,0,0,0,0,1,0,0,5,0,0,63,0,0,0,0,0,0,0,0,0,0,0,0,0,0,0,0,0,0,0,0,0,0,1,10,0,0,0,0,0,0,0,0,0,0,0,0,0,0,0,0,0,0,0,0,0,0,0,1,0,0,0,0,0,0,0,0,0,5,0,0,0,0,0,6322,0,0,0,0,0,47,0,1,0,0,0,1,0,0,40,1,0,0,0,0,0,0,8,176,0,0,0,0,0,0,0,0,0,0,0,0,15,0,0,0,0,0,0,0,0,0,0,0,0,0,0,14,0,0,0,0,0,0,0,0,0,0,0,0,116,0,0,0,0,7,0,0,0,0,0,0,0,0,0,0,0,0,0,1,4,0,0,0,0,0,0,0,0,0,0,0,0,9,1,0,2,14,0,0,0,0,0,0,2,0,0,0,0,0,0,0,0,0,0,0,0,0,0,0,0,120,0,0,0,0,0,0,0,0,0,0,0,0,0,0,0,0,0,0,0,0,0,5,0,0,0,0,0,0,0,3,0,0,0,0,0,12,0,0,388,0,0,0,0,0,0,805,0,0,1,0,0,0,0,3,0,0,0,0,0,0,10,0,2,0,0,0,0
"674",0,0,0,0,0,0,1,0,0,0,0,0,0,0,79,0,0,0,1,0,0,11,0,62,0,1742,0,0,0,10,395,0,0,146,0,0,14,1,1,0,0,0,0,0,0,0,0,0,0,0,0,0,1,0,18,0,0,0,0,4,0,1,0,0,0,0,73,0,0,0,2,0,0,1,0,0,1,1,0,11,0,0,0,0,12,0,0,0,0,24,0,5,106,1,0,0,0,0,21,0,0,0,0,0,1,0,0,4055,0,0,0,0,0,17,0,7,0,0,3,0,0,0,0,0,0,0,0,0,1,0,0,5,0,4,0,0,0,1,0,0,22,0,0,0,0,0,3,0,1,0,3,0,0,0,0,0,0,0,0,24,0,0,0,214,0,0,0,0,1,0,0,0,0,11,0,0,0,1,17,0,1,1,5,21,0,0,0,0,0,0,1,9,0,1,0,0,0,0,0,94,0,0,0,1,0,17,0,0,3,0,0,1,0,0,2,0,36,3,0,0,0,0,0,8,1,15,0,0,37,0,6,0,0,532,0,0,1,0,0,0,1,0,0,0,4,0,0,0,0,1,0,0,0,0,9,81,11,0,0,15,0,0,0,0,2,0,1,0,0,132,0,0,37,5,0,1,0,0,1,1491,0,0,60,0,0,0,0,0,0,0,54,0,0,0,4,0,20,0,0,24,0
"675",0,0,0,0,0,0,0,0,0,2,0,0,1,0,104,0,0,4,0,0,0,5,0,15,0,825,0,0,133,34,164,0,0,62,0,0,7,0,1,0,0,3,0,0,0,12,0,0,0,1,0,0,0,0,0,0,11,0,0,0,8,0,3,2,0,0,6,0,0,0,0,0,0,1,0,0,0,0,0,54,0,0,66,0,0,1,1,0,0,208,0,78,139,0,0,309,0,0,39,0,0,0,0,0,2,0,0,653,0,0,0,0,0,48,1,3,0,3,28,0,0,0,0,2,67,0,0,0,0,0,0,59,0,3,0,0,287,0,0,0,8,0,0,0,0,0,0,0,0,9,1,22,0,6,0,0,0,0,0,4,0,0,0,0,0,0,0,0,0,0,3,0,0,0,0,0,0,0,0,0,0,0,0,0,1,0,0,587,0,0,1,100,35,24,0,0,0,2,0,0,0,0,0,0,0,7,1,0,6,257,0,0,0,43,4,1,133,0,391,0,0,35,0,0,0,0,0,0,101,0,70,1,0,693,0,0,2,0,3,0,0,0,0,0,0,0,0,0,0,0,0,0,48,0,11,4,4,0,2,1,0,0,0,2,0,0,0,0,0,919,0,62,166,0,0,0,0,0,1,2136,3,0,1,0,0,0,0,0,0,11,0,0,0,0,173,7,13,0,0,13,0
"676",0,17,1,0,0,0,0,0,0,0,0,0,1,253,29,0,0,0,0,0,0,38,0,0,0,916,0,0,15,0,31,0,0,189,0,0,17,1,0,0,0,0,0,85,0,253,0,0,0,0,1,0,0,0,144,1,0,0,0,0,0,0,0,0,0,0,352,0,0,111,0,0,0,95,0,0,0,0,0,263,0,2,327,0,883,3,0,0,0,25,0,33,14,0,0,10,0,0,18,0,0,0,0,1,0,0,0,769,0,0,0,0,1,87,0,0,0,0,165,1,0,0,0,1,72,0,0,0,0,0,58,325,0,0,5,0,7,0,0,0,51,0,0,0,0,0,15,1,0,0,6,0,0,4,1,0,0,0,0,98,0,0,0,0,0,0,0,0,0,0,0,0,0,0,0,4,0,45,404,0,0,0,0,0,0,0,0,0,0,0,0,67,3,0,0,0,0,1,0,0,0,0,0,0,328,0,0,0,0,1,0,0,0,0,22,0,307,159,1,0,0,18,0,0,0,0,0,0,103,0,0,0,1,1134,0,0,0,0,0,0,0,0,0,0,0,0,1,0,0,0,3,0,0,0,6,0,0,0,3,0,0,0,0,3,19,0,0,0,0,6,0,0,165,0,0,0,0,0,0,1861,1,0,96,0,0,0,1,1,0,10,0,0,0,0,42,0,98,0,0,17,0
"677",0,1,6,0,0,0,3,0,0,0,0,0,0,0,1,0,0,0,0,0,0,9,1,6,1,495,0,0,13,0,299,0,2,51,0,0,44,36,1,9,0,0,0,60,0,57,0,0,0,0,3,0,0,0,1,6,0,0,0,30,0,0,0,0,0,0,29,0,0,0,25,0,0,0,0,0,0,0,0,1,0,0,0,0,35,1,0,0,0,65,0,7,0,0,0,0,0,0,0,0,0,103,0,4,4,0,0,896,0,0,0,0,0,28,0,0,0,0,30,0,0,0,0,0,114,0,1932,0,5,0,4,0,0,1,5,0,4,1,0,0,9,0,0,0,0,0,1,0,1,0,28,0,30,0,2,0,0,0,22,84,0,0,0,0,0,0,0,0,1,0,0,0,0,0,0,0,0,82,21,0,0,0,0,43,0,0,1,0,0,0,0,85,0,0,0,0,0,0,0,18,0,0,0,0,0,8,4,0,3,27,0,0,0,0,14,1,24,149,146,0,0,1,0,18,0,0,0,0,58,10,167,3,0,290,0,0,7,0,0,1,0,0,176,0,4,24,0,0,0,0,0,1,0,0,5,1,3,0,1,13,0,0,0,1,28,0,0,0,10,285,0,0,970,0,10,0,0,0,0,2822,1,0,201,0,0,0,0,0,13,46,66,6,0,0,68,0,4,0,0,22,0
"678",22,0,0,0,0,0,0,0,0,0,0,0,0,0,5,0,0,0,0,0,95,28,0,19,0,3,0,0,0,0,570,0,29,145,1,0,2,0,0,0,1,0,0,79,1,41,0,0,0,0,6,0,0,0,0,1,0,0,0,0,0,0,1,0,0,0,216,0,3,0,64,0,0,0,0,0,0,0,0,466,0,3,168,5,0,4,55,1,0,0,0,30,3,0,0,0,0,1,75,0,2,0,0,33,32,0,0,614,0,0,0,0,0,45,0,4,0,12,110,0,0,0,0,1,7,0,0,0,0,0,0,230,0,1,0,3,3,0,0,0,0,0,0,0,0,0,0,0,0,0,10,0,0,0,1,0,0,0,15,254,0,0,0,0,0,0,0,0,0,1,0,0,1,0,0,0,0,521,275,0,0,0,0,0,0,0,0,0,0,0,0,0,0,0,0,0,0,0,0,0,0,0,0,0,114,29,0,0,0,0,0,0,17,0,0,0,561,247,0,0,0,117,0,0,0,0,0,0,156,12,244,1,0,223,0,0,0,0,0,22,0,0,0,0,2,0,0,0,0,0,0,0,0,0,114,2,6,2,0,0,0,0,0,3,0,0,0,0,0,55,0,58,50,0,0,0,0,0,6,3255,0,2,0,0,0,0,0,0,126,0,0,0,0,0,0,57,0,0,0,18,0
"679",0,0,0,0,0,0,0,0,0,0,0,1,0,132,47,0,0,0,0,0,34,36,0,0,0,6,4,0,8,0,0,0,6,294,0,385,36,274,0,0,0,0,0,149,0,58,0,21,14,0,0,0,0,0,0,0,0,0,0,274,0,0,0,0,0,0,94,0,0,0,0,0,10,3,0,0,0,0,0,71,0,0,444,8,0,0,0,0,0,50,0,26,55,0,0,0,0,0,94,0,1,0,0,0,11,0,4,873,0,0,0,0,0,210,0,2,0,0,282,0,0,0,0,3,51,0,0,0,0,0,14,12,0,0,0,0,423,0,0,0,0,0,0,0,0,0,0,1,0,0,3,0,0,0,0,0,0,0,0,137,0,0,0,0,0,0,0,0,0,0,0,0,1,0,0,18,0,0,557,5,0,0,0,0,2,0,0,0,0,0,0,87,0,0,0,0,0,0,0,0,0,0,0,0,0,43,23,2,0,4,0,0,0,0,12,1,0,0,0,0,0,52,0,0,0,0,0,0,0,31,94,1,0,1056,0,0,0,0,0,39,0,0,0,0,0,0,0,0,0,0,0,1,0,0,0,157,0,2,0,0,12,0,0,17,0,0,0,0,49,214,0,0,175,0,5,0,0,0,0,1732,0,0,599,0,0,20,0,0,0,49,0,0,0,0,0,0,0,11,0,78,0
"680",0,0,0,34,0,0,8,33,0,0,0,0,0,0,6,0,0,0,0,0,144,0,0,42,0,1550,0,0,19,0,191,22,0,91,0,0,0,179,0,0,0,0,0,39,0,90,0,0,0,0,0,0,0,0,0,0,0,0,0,254,0,0,0,0,0,0,59,0,0,0,0,0,0,0,0,0,0,0,0,0,0,0,133,0,0,5,0,0,0,46,0,14,85,0,0,20,0,0,0,0,0,30,0,0,0,0,1,2034,0,0,0,0,0,9,0,0,0,0,94,0,0,0,0,1,73,0,0,0,10,0,4,28,0,0,0,0,0,0,0,0,1,0,0,0,0,0,46,0,0,0,4,0,0,0,0,0,0,0,0,65,0,0,0,0,0,0,0,0,0,0,0,0,1,0,0,1,0,0,277,0,0,0,0,0,24,0,0,0,0,0,0,35,0,0,0,0,0,0,0,0,0,0,0,991,0,8,0,0,0,50,0,0,0,0,77,0,60,52,0,0,0,23,0,0,0,26,0,0,11,0,0,0,0,1189,0,0,0,0,0,0,0,0,0,0,55,0,0,0,0,0,0,0,0,0,27,16,0,0,0,0,17,0,0,10,1,0,0,0,10,7,0,0,45,1,0,0,0,0,13,1499,0,0,274,0,0,0,0,3,0,0,0,0,0,0,56,0,3,0,0,340,0
"681",2,0,0,0,0,0,1,1,0,0,0,0,0,0,21,0,0,0,0,0,2,4,0,1,0,278,0,0,3,0,0,0,0,78,0,0,6,39,0,0,0,0,0,22,0,220,0,1,0,0,10,0,0,0,3,0,0,0,0,1,0,4,0,0,0,0,88,0,11,0,2,0,0,0,0,0,0,0,0,7,0,0,53,0,0,4,0,0,0,105,0,4,9,0,0,1,0,0,4,0,0,0,0,0,1,0,0,268,0,53,0,0,0,19,0,0,0,0,197,0,0,0,0,1,354,0,0,0,0,0,5,34,0,0,0,1,13,0,0,0,124,0,0,0,0,0,8,1,0,1,10,0,0,0,0,0,0,0,0,3,0,0,0,1,0,0,1,0,0,0,2,2,0,0,0,0,0,3,24,0,0,0,0,0,0,0,0,0,0,0,0,107,1,1,0,0,0,0,0,0,0,0,0,0,0,56,0,0,1,0,0,0,1,0,2,0,16,3,95,0,24,1,0,0,0,0,0,0,1,0,0,0,0,105,0,0,1,0,0,0,0,0,0,0,0,1,0,1,0,0,43,1,11,0,3,1,0,0,1,3,1,0,0,1,0,0,0,0,165,6251,0,2,295,0,0,0,0,0,3,321,0,0,145,0,0,0,0,0,8,16,0,0,0,0,1,0,24,0,0,54,0
"682",0,0,0,19,0,0,3,0,0,0,0,0,0,0,30,12,0,0,0,0,1,21,0,0,0,522,0,0,32,34,292,0,0,123,0,0,3,9,0,0,0,0,0,10,0,4,0,0,0,0,0,0,0,0,0,0,0,1,1,10,0,0,0,7,0,0,203,0,4,62,0,0,0,0,0,3,0,0,0,0,0,0,127,0,0,150,0,0,0,10,0,0,0,0,0,0,0,0,9,0,0,47,14,0,0,0,15,3312,0,81,0,0,0,15,0,0,0,51,122,0,0,0,15,0,31,0,0,0,0,0,4,1,0,0,0,0,0,0,0,0,0,0,0,0,0,0,8,1,0,0,11,0,0,0,0,0,0,0,0,83,0,0,0,649,0,0,0,0,0,25,0,29,1,0,0,0,0,0,103,1,0,0,0,0,16,0,3,0,0,0,0,1,3,6,0,0,0,0,0,0,0,0,0,3,1388,60,6,0,0,3,0,0,3,0,4,0,0,0,0,0,61,8,0,0,0,0,0,0,0,0,0,0,0,652,0,0,4,0,0,178,0,0,143,0,55,53,0,21,0,0,0,0,0,0,0,94,25,0,0,5,0,0,0,14,0,0,0,0,90,280,13,0,53,0,0,0,0,0,0,379,0,0,86,0,0,0,0,1,0,5,0,0,0,0,29,0,13,0,0,29,4
"683",0,0,0,0,0,0,1,0,0,0,0,0,1,358,16,1,0,7,0,0,0,0,0,22,0,6316,0,0,9,3,0,0,0,119,5,0,0,0,0,1,0,0,0,0,0,0,0,0,0,0,0,0,0,0,0,0,1,0,0,0,0,0,0,1,0,0,198,0,0,0,0,3,0,0,0,519,3,0,0,7,0,0,181,0,0,1,314,0,0,0,0,1,398,0,0,12,0,0,0,0,4,0,0,0,0,0,0,164,0,0,0,0,0,0,0,40,0,17,5,0,0,0,0,0,442,0,0,0,0,0,0,0,1,1,0,0,8,0,0,0,23,0,0,0,0,0,2,0,0,1,18,0,0,0,8,0,0,0,0,0,0,0,0,0,0,1,0,0,0,9,7,0,1,0,0,0,0,10,0,0,0,0,0,0,16,0,0,0,0,0,30,0,0,7,0,0,0,2,0,0,0,31,0,0,102,7,0,1,0,5,0,0,0,0,0,2,0,7,56,0,0,83,0,0,1,0,0,0,0,0,0,3,0,0,0,0,1,0,3,14,0,0,0,0,1,0,0,0,0,0,0,1,0,1,0,3,7,0,0,0,0,0,0,1,17,0,0,0,0,7,0,0,183,0,41,0,0,0,0,0,0,0,456,0,0,0,0,0,0,63,0,0,0,0,0,0,10,0,0,43,46
"684",0,0,1,0,0,0,0,0,0,0,16,0,0,0,1366,6,14,0,0,19,0,9,0,0,0,3544,1,0,17,24,67,0,0,51,0,0,27,76,0,0,0,0,0,0,0,0,0,5,0,0,2,0,0,0,3,5,0,0,0,2,0,0,0,0,0,1,78,0,0,0,0,0,0,3,0,0,0,0,0,3,0,1,0,0,0,0,183,0,0,0,24,56,0,0,0,0,0,0,68,0,0,0,0,0,0,3,4,66,0,6,0,0,0,0,0,0,0,1,26,0,0,0,0,0,1370,0,42,0,0,0,131,91,73,0,0,0,29,0,0,0,5,0,0,0,0,0,15,4,0,0,0,52,0,5,3,0,0,0,0,5,0,0,0,1,0,0,0,0,0,0,1,0,0,0,0,0,3,36,0,0,0,0,0,3,1,0,0,0,0,0,6,191,1,1,48,0,0,0,0,0,0,0,0,0,0,4,1,0,0,0,0,0,0,5,3,0,23,107,36,0,0,0,0,0,0,0,0,0,110,2,0,0,0,215,0,0,0,0,0,11,0,0,0,0,0,4,1,0,0,0,0,0,9,0,1,9,2,0,1,3,0,0,0,2,0,0,0,0,1,149,0,32,425,0,0,0,0,0,1,714,0,0,87,0,0,0,0,0,2,23,0,0,0,0,36,1,6,61,0,35,0
"685",0,0,0,0,0,0,1,25,0,0,0,0,1,644,74,0,0,0,0,0,24,11,1,0,0,391,0,0,4,0,0,0,0,78,0,0,31,211,0,0,0,0,0,10,0,106,0,0,0,0,0,0,0,0,0,0,0,0,0,0,0,38,0,0,36,58,68,0,4,0,27,0,0,8,0,0,0,0,0,212,0,0,0,0,0,0,88,0,0,8,80,0,61,0,0,0,0,0,13,0,0,0,0,0,0,0,78,2896,0,0,0,138,0,87,0,0,0,0,114,0,0,0,1,1,27,0,0,0,0,0,7,99,0,0,0,1,0,0,0,0,0,0,0,0,0,0,13,0,0,0,14,0,0,0,0,0,0,1,16,51,0,0,0,0,0,0,0,0,0,0,0,1,1,0,0,0,0,557,0,0,0,0,0,2,0,0,0,0,0,0,0,75,1,0,0,0,0,0,0,0,0,0,0,0,1445,55,0,0,0,1,0,0,1,0,3,0,91,27,0,0,0,0,0,0,0,1,0,0,71,0,62,0,0,2,0,0,0,0,0,0,0,0,0,0,0,0,0,0,0,0,1,0,0,0,0,55,4,0,0,30,0,0,0,2,0,0,0,0,0,8,0,0,25,0,0,0,0,3,4,1116,0,0,285,0,0,0,0,0,11,14,0,0,0,0,17,0,0,0,0,40,0
"686",1,0,0,0,0,0,1,47,0,0,0,0,0,250,39,0,4,0,0,0,0,14,0,5,0,1047,0,0,10,0,449,0,0,31,0,0,19,44,0,0,0,0,0,0,0,0,0,0,0,0,9,0,0,0,0,0,1,1,0,80,0,0,3,0,0,0,515,0,0,52,18,0,0,0,0,0,0,0,0,47,0,0,0,0,24,3,0,0,0,26,0,11,0,0,0,0,0,0,3,0,0,0,0,0,0,0,0,2583,0,6,0,0,0,21,0,1,0,0,185,1,0,0,24,0,38,0,0,0,0,0,0,159,0,3,55,0,5,0,0,0,999,0,0,1,0,0,24,0,0,4,36,0,0,0,0,0,0,0,0,21,0,0,0,0,0,0,0,0,0,4,6,0,0,1,0,0,0,29,103,0,0,0,0,0,0,0,0,0,0,0,4,24,1,5,1,0,0,4,0,284,0,0,0,0,1,216,0,0,0,6,0,0,0,0,1,0,34,0,0,0,0,0,0,0,0,0,0,0,0,0,0,0,0,82,0,0,1,0,0,3,0,0,0,0,6,28,1,57,0,0,0,0,0,0,0,4,44,0,0,0,3,0,0,1,0,0,0,0,0,40,0,0,267,0,10,0,0,0,5,1943,0,0,167,0,0,0,0,0,40,0,0,0,0,0,0,0,11,0,0,77,0
"687",0,0,0,0,0,0,0,27,0,0,1,1,0,0,1,1,0,0,1,11,45,64,0,0,0,888,0,0,131,48,112,0,0,95,0,0,0,222,0,0,0,0,0,0,0,20,0,0,0,0,0,0,0,0,22,2,0,1,0,24,0,0,0,1,0,0,122,0,0,118,25,1,0,0,0,1,0,0,0,19,0,5,172,0,13,1,4,0,0,92,0,26,0,0,0,0,0,0,15,0,0,0,0,0,0,0,0,1749,17,4,0,17,0,38,0,27,0,0,126,0,0,31,0,0,219,50,0,0,3,0,23,26,7,0,0,0,151,0,0,0,1,0,0,0,0,0,7,0,0,0,29,8,0,0,0,1,0,0,1,61,0,0,0,1,0,0,0,0,0,59,6,0,0,0,0,0,0,19,156,1,0,0,0,0,18,0,0,65,0,0,0,159,5,0,0,0,0,0,0,0,0,0,0,262,2,4,3,0,0,0,0,0,8,3,28,1,35,67,0,3,51,8,0,0,0,0,1,0,12,2,96,0,0,1113,0,0,3,0,0,1,0,0,0,7,0,0,0,0,0,0,0,4,0,1,0,1,1,0,68,25,1,0,0,2,0,0,0,0,0,4,1,52,14,0,0,0,0,0,6,1654,0,0,402,0,0,0,0,0,20,0,0,0,0,0,0,5,0,6,0,72,0
"688",0,0,0,0,0,0,0,0,0,0,7,0,0,336,0,0,1,0,0,0,0,33,0,5,0,8,0,0,12,0,19,0,0,16,0,0,0,1,0,0,0,0,0,0,0,2,0,0,0,0,0,0,1,0,0,1,0,0,0,288,0,0,0,11,0,0,21,0,0,46,15,0,0,0,0,328,1,0,0,28,0,0,4,0,5,1,21,0,0,0,0,4,72,0,0,0,0,0,0,0,0,0,0,0,0,0,0,3815,0,0,0,3,0,0,0,55,0,0,10,0,0,0,0,0,23,74,0,0,10,0,10,0,0,0,0,0,0,0,0,0,72,0,0,0,0,0,28,0,0,0,2,0,0,1,0,0,0,4,0,63,0,0,0,0,0,0,1,0,0,0,7,1,1,0,0,0,0,7,0,4,0,0,0,0,17,0,0,0,0,14,0,5,0,0,0,0,11,0,0,402,0,0,0,3,0,29,11,0,0,0,0,0,0,0,0,1,0,85,397,0,128,2,0,0,0,0,0,0,0,0,8,0,3,1,0,0,0,0,0,1308,0,0,0,0,0,0,0,0,0,0,0,1,0,0,0,25,0,0,0,0,0,0,0,5,35,0,0,0,5,1344,1,0,739,0,0,0,0,0,4,1,3,0,136,0,0,0,1,0,161,5,0,0,0,0,0,0,5,0,0,10,0
"689",0,0,0,1,0,0,156,4,1,1,1,0,0,121,27,0,0,0,1,1,90,21,0,0,0,0,0,0,206,0,1,44,0,167,0,170,9,0,1,0,0,0,0,129,0,366,0,1,0,0,1,46,0,0,1,0,0,0,0,9,1,12,1,0,0,1,74,0,2,266,16,0,0,14,1071,0,0,6,0,19,2,4,109,8,48,0,0,1,0,346,14,0,0,0,1,5,0,0,62,0,0,0,0,1,3,1,13,540,66,0,1,67,0,0,0,0,0,0,432,1,0,0,0,0,0,57,1,38,1,41,4,219,1,0,0,1,459,0,0,0,0,0,0,0,0,0,7,1,0,8,21,1,0,0,1,0,0,1,143,4,0,0,0,1,2,0,0,53,0,0,4,0,0,0,0,1,1,1,280,1,1,1,0,0,28,0,0,0,0,0,0,77,0,1,0,0,0,0,0,0,0,0,80,1,1,0,0,0,0,31,0,0,7,2,3,0,51,1,0,5,0,26,0,1,1,0,1,0,3,3,115,1,0,332,0,2,0,0,1,0,0,0,1,1,0,0,0,0,0,0,6,0,1,0,1,1,0,0,0,0,0,13,4,1,0,2,0,0,14,0,0,4,55,0,0,1,0,0,10,2792,0,0,184,0,0,0,0,0,5,50,52,0,0,0,1,0,0,4,0,213,0
"690",0,0,0,0,0,0,2,0,0,1,0,0,0,0,153,0,0,0,0,7,9,3,0,2,0,1205,0,0,2,12,1,0,0,37,0,0,49,0,0,0,0,0,0,2,0,128,0,0,4,0,0,0,0,0,0,0,0,0,0,3,3,9,0,0,0,0,7,0,0,13,11,0,0,9,0,0,0,0,0,5,0,0,12,0,21,0,1,0,0,3,0,43,0,0,0,9,0,0,1,0,0,0,0,0,1,0,3,6025,0,0,0,0,2,7,0,2,0,0,19,0,0,0,0,1,1209,29,0,0,12,0,5,6,0,1,0,0,1,0,0,0,18,0,0,0,0,0,0,1,0,1,18,13,0,1,0,0,0,0,0,13,0,0,0,1,0,0,0,2,0,0,1,0,0,0,0,0,0,1,11,0,0,0,0,0,0,0,0,0,0,0,1,22,0,1,0,0,0,0,0,0,0,0,0,22,0,4,0,0,1,1,0,0,6,0,14,0,0,21,242,2,0,1,0,0,0,0,0,0,43,0,41,0,0,60,0,0,0,0,1,0,0,0,0,0,0,1,0,0,0,0,36,1,0,0,89,9,1,0,42,17,1,15,0,0,0,0,0,0,0,0,0,0,56,0,0,0,0,0,0,495,0,0,62,0,0,0,0,0,2,0,0,0,0,0,4,0,1,11,0,13,0
"691",0,1,1,0,3,0,0,0,0,0,20,1,0,0,118,0,0,0,0,1,24,9,0,0,0,1886,0,0,11,18,8,0,0,6,0,0,1,14,0,0,0,0,0,47,0,224,0,0,0,0,0,0,0,5,42,0,0,0,5,417,3,0,0,0,0,0,529,0,0,0,0,0,0,0,0,0,1,0,0,140,0,3,12,0,0,0,0,0,0,16,0,30,7,0,9,5,27,0,11,0,0,0,13,1,0,0,0,215,0,334,0,0,0,71,0,1,0,0,74,0,0,0,0,0,1,0,5,300,6,0,5,19,0,1,5,0,120,0,0,3,772,0,0,5,0,0,17,16,1,0,1,1,0,0,1,0,0,0,0,4,0,5,0,0,0,0,0,0,0,3,5,0,0,0,0,0,3,1,920,3,0,0,0,0,4,0,1,17,0,0,5,92,3,0,13,0,0,1,5,6,298,0,0,110,0,0,1,0,0,1,0,0,0,0,1,0,118,21,59,0,22,1,0,0,0,0,0,0,3,0,14,3,0,940,0,0,1,0,0,21,0,0,0,0,0,0,0,4,0,0,0,0,0,0,0,122,0,0,3,0,4,0,0,26,0,0,0,0,0,1385,76,5,25,0,0,0,0,0,0,9,1,0,8,0,0,0,0,0,64,51,0,0,0,0,18,0,43,0,0,32,0
"692",0,0,0,0,0,0,1,20,0,0,0,0,0,0,412,0,0,5,0,0,48,41,0,1,1,424,0,0,53,47,0,42,0,135,0,0,9,0,0,0,0,0,349,23,0,86,0,0,0,0,0,0,0,0,53,1,0,3,18,91,3,40,0,0,17,10,210,0,0,0,52,0,0,2,0,0,0,0,0,112,0,17,13,0,37,61,0,0,0,54,488,3,0,0,0,21,0,0,51,0,0,8,0,0,0,0,334,1030,3,47,0,0,0,123,0,0,0,0,0,3,0,0,0,0,116,396,0,0,6,0,0,73,112,1,0,0,3,0,0,0,0,0,0,0,0,0,19,0,0,3,11,0,0,0,1,0,0,0,10,56,0,0,0,873,0,0,0,0,0,0,19,0,44,0,0,0,0,0,14,0,8,0,0,5,5,0,0,0,4,0,10,210,3,0,0,0,0,0,0,0,0,0,0,160,409,280,0,0,0,24,0,0,25,5,53,0,102,151,0,4,0,48,0,2,0,18,54,0,45,0,49,0,0,981,0,0,0,0,0,0,0,0,1,0,0,0,0,0,0,0,0,1,0,0,19,0,0,0,3,7,3,6,0,0,0,0,0,6,0,177,0,0,511,0,0,0,0,0,3,237,0,0,224,0,0,0,0,6,32,117,2,0,0,0,17,0,0,80,0,91,0
"693",0,0,0,0,0,0,0,31,154,0,0,0,0,0,82,0,0,0,0,0,70,0,0,10,0,0,0,0,257,0,0,0,0,58,0,0,28,289,0,0,0,0,0,37,0,0,0,0,0,0,0,0,0,0,0,0,4,0,0,439,0,0,2,0,0,0,583,0,0,403,927,0,0,25,0,0,0,0,0,1012,0,0,0,0,0,0,22,0,0,18,0,450,0,0,0,1,0,0,105,0,0,0,0,0,0,0,8,817,0,0,0,0,0,0,0,0,0,0,51,0,0,0,0,1,59,0,0,0,0,0,0,64,0,0,0,0,66,0,0,0,59,0,0,0,0,0,0,0,0,3,4,22,0,0,2,0,0,0,0,269,0,0,0,0,0,0,0,1,0,0,0,0,0,0,0,0,0,0,1034,0,0,0,0,0,14,0,0,0,0,0,0,106,3,0,0,13,0,0,0,0,0,0,0,787,0,0,0,0,0,23,0,19,0,0,35,0,263,0,0,0,0,0,0,0,0,2,0,0,0,0,167,0,0,81,0,0,0,0,0,0,0,0,0,4,0,6,0,0,0,0,0,0,0,0,0,0,0,0,0,0,0,0,0,3,0,0,0,0,0,285,0,0,148,0,0,0,0,0,83,458,0,0,0,0,0,0,0,1,248,0,0,0,0,0,78,0,0,0,0,0,0
"694",0,0,0,0,0,0,35,0,0,0,0,0,0,0,25,0,0,0,0,0,59,11,0,0,0,605,0,0,83,0,0,0,0,80,0,0,0,40,0,0,0,0,0,69,0,4,0,3,0,0,0,0,0,0,0,0,0,0,0,43,0,0,0,0,0,7,18,0,34,0,0,0,0,49,3114,0,0,0,0,13,0,0,0,0,0,0,0,0,0,85,14,0,223,0,0,0,71,0,0,0,0,0,0,0,0,0,41,686,0,0,0,70,0,1,0,0,0,0,216,0,1,0,0,6,144,0,0,0,0,0,4,327,0,0,0,0,0,0,0,0,0,0,0,0,0,0,3,6,0,0,29,33,0,0,0,0,0,0,0,179,0,0,0,8,0,0,3,0,0,12,0,0,0,0,0,0,0,0,4,3,0,0,0,0,8,0,0,0,0,0,0,68,0,0,0,0,0,0,0,0,0,0,0,4,0,0,0,0,0,0,0,119,15,0,0,0,0,0,659,0,46,0,0,0,0,0,0,0,6,0,0,0,0,0,0,0,0,0,0,0,0,0,0,0,0,0,41,0,0,0,0,0,4,0,0,0,0,0,0,0,1,0,0,4,0,0,0,16,0,457,0,16,1258,0,0,0,0,0,0,569,0,0,111,0,0,0,24,0,6,1,0,0,0,0,0,0,9,346,0,132,5
"695",0,0,0,0,0,0,1,0,0,0,0,0,0,0,4,0,0,0,0,0,0,0,0,0,0,2249,0,0,33,74,113,330,0,0,0,0,21,0,0,1,0,0,0,0,0,0,0,0,0,0,0,0,0,0,0,0,0,0,0,391,0,0,0,1,0,0,156,0,0,105,0,0,0,0,0,0,0,0,0,0,0,0,0,0,0,0,0,0,0,0,8,0,7,0,0,0,2,0,0,0,0,2,12,0,0,0,0,167,0,279,0,0,0,73,0,0,0,0,248,1,0,0,0,8,166,0,0,0,0,0,0,1,0,0,0,0,0,0,0,0,0,0,0,0,0,0,32,0,0,0,21,0,0,0,0,0,0,0,0,0,0,0,0,0,0,0,0,0,0,0,0,1,1,0,0,0,0,0,129,0,0,0,0,0,0,0,0,0,0,0,0,440,0,0,0,2,0,0,0,335,0,43,0,1369,73,0,0,0,0,10,3,0,14,0,0,0,0,0,0,0,0,44,0,0,0,7,0,0,0,0,0,0,0,342,0,0,0,0,0,2,0,0,0,0,34,0,0,0,0,0,0,0,0,0,0,99,0,0,0,0,0,0,0,0,1,0,0,0,0,28,0,0,118,0,5,0,0,0,0,865,0,0,755,0,1,1,0,0,0,0,0,0,0,2,0,0,0,0,0,299,0
"696",26,0,0,4,0,0,1,110,0,0,0,0,0,0,18,0,0,0,0,0,57,35,0,0,0,374,0,0,36,99,0,5,0,40,0,0,42,0,0,0,0,0,0,82,0,5,0,0,0,0,2,0,0,0,43,0,0,3,0,0,0,42,0,0,0,64,16,18,0,16,19,0,0,11,0,0,0,0,0,27,0,0,0,0,608,0,2,0,1,22,0,8,5,0,0,149,0,0,7,0,0,0,17,0,1,0,203,807,0,0,0,0,0,38,0,0,0,0,186,1,7,0,0,1,42,0,0,0,0,0,0,270,0,0,0,0,283,0,0,0,8,0,0,0,7,0,0,2,0,0,11,0,0,25,0,0,0,0,258,11,0,0,0,0,0,0,0,48,0,0,3,0,0,0,0,0,0,141,143,0,0,0,0,0,0,0,0,0,0,0,0,17,2,0,37,0,0,0,0,0,0,0,0,1232,0,13,0,0,0,0,0,0,0,10,23,0,48,4,0,91,544,20,0,0,0,3,0,0,189,0,134,0,0,24,0,0,0,0,0,0,0,0,0,0,0,0,0,0,0,0,0,0,0,1,0,5,0,0,10,58,0,0,7,1,0,0,0,0,0,4,0,34,167,0,0,0,0,0,0,2056,0,0,73,0,0,0,0,0,0,3,0,0,0,0,47,0,2,0,0,22,0
"697",0,0,0,0,0,0,50,0,0,0,0,0,1,0,14,0,44,1,0,0,19,27,0,0,0,10,0,0,35,0,2812,0,0,16,0,0,3,468,0,0,0,0,0,0,0,29,0,0,0,0,0,0,0,0,0,0,7,0,0,230,0,10,0,1,0,0,29,0,54,0,0,0,0,5,0,0,0,0,0,25,0,0,0,0,44,0,3,0,0,117,1,19,13,0,0,4,0,0,57,0,0,0,0,0,4,0,0,644,0,0,0,0,0,48,0,3,0,3,70,6,7,0,0,0,29,0,0,0,0,0,0,9,0,1,0,0,25,0,0,0,13,0,0,0,0,0,31,0,1,0,19,0,3,0,0,0,0,0,0,0,0,0,0,0,0,0,0,0,0,0,7,0,0,0,0,0,0,117,0,0,0,0,0,0,8,0,0,0,0,0,0,72,0,0,0,0,0,0,0,0,0,0,0,1149,1425,46,0,0,1,0,0,0,0,0,5,0,130,0,13,0,0,0,0,0,0,0,0,0,6,16,125,0,0,201,0,0,1,0,0,0,0,0,0,0,9,0,0,13,0,0,0,0,27,0,0,11,0,0,1,0,3,0,0,3,0,0,0,0,0,294,0,0,451,0,0,0,0,0,5,464,0,0,349,0,0,0,0,0,0,0,0,0,0,0,0,0,8,0,0,63,0
"698",0,0,0,0,0,0,0,0,0,0,0,0,0,0,0,0,0,0,0,0,0,0,0,0,0,4380,0,0,0,3,65,342,0,0,0,0,0,0,0,0,0,0,0,0,0,0,0,0,0,0,0,0,0,1,0,0,0,0,0,0,0,0,0,0,0,0,0,0,0,0,0,1,0,0,0,0,0,0,0,0,0,1,0,0,0,0,0,0,0,0,0,0,0,0,0,0,0,0,88,0,0,4,0,0,0,0,0,215,0,0,0,0,0,0,0,0,0,0,0,0,5,0,0,4,177,0,0,0,0,0,0,0,0,0,0,0,0,0,0,0,0,0,0,0,0,0,0,0,0,0,0,0,0,8,0,0,0,0,0,0,0,0,0,0,0,0,0,0,0,0,0,0,0,0,5,0,0,0,0,0,0,0,0,0,6,0,0,0,0,0,0,94,0,0,0,0,0,0,0,0,0,0,0,1,377,0,1,0,0,0,0,0,0,0,0,0,0,0,10,0,19,0,0,0,0,0,0,0,0,0,0,0,0,529,0,0,0,0,0,1,0,0,0,0,0,0,1,0,0,0,0,0,0,1,0,0,0,0,0,7,0,0,4,0,0,0,0,0,14,3,0,0,93,0,0,0,0,0,0,3187,0,11,189,0,0,4,0,0,0,36,0,15,0,0,35,0,0,0,0,0,0
"699",0,0,0,0,0,0,1,0,118,0,0,0,0,181,1,0,0,0,0,0,0,19,0,1,0,648,0,0,2,0,1,0,0,154,0,0,1,0,0,0,0,0,0,0,0,113,0,0,0,0,0,0,0,0,0,0,0,0,0,200,0,0,1,0,0,0,0,1,0,30,0,0,0,0,0,0,3,5,0,99,0,0,0,0,0,3,1,0,0,0,0,2,1,0,0,0,0,0,0,0,0,1,0,0,0,0,0,437,0,0,0,0,0,0,0,8,0,7,181,0,7,0,0,0,0,0,0,0,0,0,0,0,0,1,0,0,1,0,54,0,5,0,0,0,0,0,8,0,0,0,0,2,0,4,1,0,0,1,0,0,0,0,0,2031,0,0,0,0,0,0,5,1,9,0,0,0,0,0,102,0,0,1,0,0,0,0,0,0,0,0,0,58,1,0,0,0,0,0,0,0,0,0,0,0,0,4,7,0,1,1,0,0,0,0,0,0,0,188,1,0,4,51,0,0,1,0,0,0,104,0,109,0,0,85,0,0,0,0,0,3,0,0,105,0,0,3,0,1,0,0,3,0,0,0,23,21,5,0,0,0,1,0,0,0,436,0,0,0,4,15,0,0,739,0,1,0,1,1,1,2960,0,0,169,0,0,132,32,1,0,0,0,0,0,3,1,0,0,0,0,6,3
"700",0,0,0,0,0,0,0,0,0,0,0,0,0,0,50,3,5,0,0,0,0,81,0,0,0,0,0,0,223,16,259,1,0,0,0,0,0,0,0,0,0,0,0,0,0,0,0,0,2,0,0,0,0,3,25,0,0,0,0,36,0,0,0,0,0,0,60,0,0,0,42,0,0,0,0,0,0,9,1,117,0,0,0,0,0,8,0,0,0,51,0,39,0,0,0,0,0,1,0,0,0,0,15,0,0,0,0,4190,0,0,0,0,0,20,0,0,0,0,143,1,0,0,0,1,285,0,0,0,0,0,0,0,0,0,0,0,1566,0,0,0,131,0,0,0,0,0,22,15,0,0,0,0,0,0,1,0,0,0,0,0,0,0,0,0,0,0,5,0,4,0,0,1,0,0,0,0,0,0,226,0,0,0,0,0,0,0,0,1,0,0,0,27,0,44,0,0,1,0,0,0,0,0,0,0,0,67,0,0,4,0,0,0,0,0,29,0,18,0,109,0,26,0,0,0,0,1,0,0,24,0,0,0,0,0,0,0,0,68,0,0,0,0,0,0,0,34,324,0,0,0,0,11,0,1,144,148,0,0,0,0,0,0,0,22,0,0,0,0,0,11,0,0,0,0,0,0,0,0,0,0,0,65,459,0,0,0,0,0,0,15,0,0,0,0,1,0,45,0,0,49,0
"701",0,0,0,0,0,0,0,0,0,0,0,0,0,0,139,0,0,0,0,0,0,0,0,9,0,3028,0,0,1217,3,1,0,0,0,0,0,1,160,0,0,0,0,0,0,0,0,0,0,0,0,0,0,0,0,0,0,0,3,0,0,0,0,0,0,0,0,4,28,0,0,0,0,0,0,0,388,0,0,0,0,0,0,0,0,0,7,0,0,0,2,0,140,0,0,0,0,0,0,0,0,0,0,23,0,0,0,0,545,0,0,5,0,0,12,0,1,0,0,0,0,0,0,0,1,6,0,0,0,0,0,0,48,0,0,0,0,135,0,0,0,1176,0,0,0,0,0,0,0,0,2,0,0,0,7,0,0,0,0,0,1,0,0,0,0,0,0,0,0,0,1,0,0,0,0,0,0,0,0,0,0,0,0,0,0,0,0,0,0,0,0,0,66,58,0,0,0,0,0,0,0,0,0,0,0,0,161,7,0,0,30,0,0,0,0,0,0,0,0,0,0,0,0,0,0,0,0,0,0,0,0,0,0,0,24,0,0,0,0,0,8,0,0,0,0,1,84,0,0,0,0,0,0,0,3,2,140,22,0,0,0,0,0,0,24,0,0,0,0,1,1290,0,0,344,0,81,0,0,0,3,1,0,483,0,0,0,0,0,168,0,0,0,0,0,0,1,0,9,0,0,0,0
"702",0,0,5,0,0,0,3,142,230,0,0,0,0,363,7,0,0,0,0,0,46,31,0,0,1,2944,0,0,8,0,0,419,0,197,0,15,4,0,0,1,0,0,83,47,0,240,0,0,0,0,0,0,0,0,15,0,0,4,3,14,0,50,0,0,3,13,8,1,0,0,0,0,0,11,0,0,0,0,0,9,0,0,0,0,74,0,0,0,0,44,652,0,67,0,13,0,0,0,7,0,0,36,0,0,0,0,300,0,0,0,0,48,0,79,0,0,1,32,87,2,3,0,1,0,214,0,0,0,0,85,0,0,0,0,0,0,370,0,0,0,20,0,0,0,0,0,0,0,0,19,0,0,0,0,1,0,0,0,55,40,0,0,0,0,0,0,0,0,0,0,0,0,2,0,0,0,0,0,173,0,52,0,0,0,0,0,0,0,19,21,0,27,0,0,0,0,0,0,0,0,37,0,0,0,0,0,0,2,0,0,157,0,2,0,0,0,2,0,259,0,0,0,0,0,0,0,0,0,105,0,0,0,0,50,0,4,0,0,0,0,0,0,0,18,0,0,34,2,0,0,394,0,0,0,0,6,19,0,0,0,8,36,0,1,0,0,4,187,11,2,0,0,54,0,159,0,9,0,1,0,0,32,730,2,1,0,0,0,13,19,0,10,0,0,1,0,3,3,1,137,17
"703",3,0,0,0,0,0,0,0,0,0,7,3,0,0,37,0,0,0,0,0,0,5,0,0,20,1499,0,0,15,31,62,26,6,133,0,316,3,0,0,0,0,2,94,72,0,179,0,4,0,0,1,0,4,1,1,1,0,0,1,12,0,18,0,0,0,0,65,0,0,0,15,0,0,10,0,0,0,0,0,53,0,1,25,0,22,1,1,30,0,0,733,19,0,0,14,0,0,0,56,0,0,18,21,2,7,1,229,46,0,2,0,132,0,29,2,0,0,0,85,1,0,0,0,0,45,32,0,0,452,17,17,416,16,0,0,0,6,4,0,1,7,0,0,0,198,0,1,1,0,0,6,0,0,1,0,0,0,0,10,320,0,0,0,0,0,0,0,0,6,0,0,0,0,0,0,0,6,0,160,2,56,0,0,4,7,0,0,0,132,0,36,0,1,0,0,0,0,2,0,0,336,0,0,2,1,5,1,0,0,0,0,0,6,0,5,1,133,19,1,0,0,1,0,91,0,4,0,0,114,3,92,1,1,455,0,0,2,0,0,2,0,0,0,1,3,0,0,0,6,0,0,3,0,0,2,1,1,0,40,15,2,0,0,0,0,0,1,0,0,67,0,0,344,0,0,0,0,0,6,652,1,0,82,0,0,0,0,0,48,1,379,0,0,0,10,1,0,95,0,12,0
"704",0,0,0,0,0,0,0,0,0,0,0,0,0,0,0,0,0,0,0,0,0,57,0,5,0,435,0,0,37,23,0,0,0,0,0,0,0,0,0,0,0,0,0,0,0,74,0,0,0,0,0,0,0,0,0,3,0,0,0,0,7,0,0,0,0,0,66,0,0,0,0,0,0,0,0,0,0,0,1,0,0,0,91,0,0,0,170,0,0,0,0,17,114,0,0,0,0,1,0,0,0,0,0,0,0,0,0,1680,0,0,0,0,0,54,0,0,0,0,0,0,0,0,0,5,123,520,0,0,0,0,289,590,0,0,0,0,0,0,0,0,54,0,0,0,0,0,0,0,0,0,24,0,1,21,0,0,0,0,0,0,0,0,0,0,0,0,0,0,0,0,0,0,3,0,0,0,0,0,0,0,0,0,0,0,118,0,67,0,0,0,0,154,4,0,0,0,0,0,0,0,8,0,0,0,0,12,0,0,1,31,0,0,0,0,18,0,0,0,104,0,0,0,0,0,0,0,0,0,0,0,777,0,0,0,0,0,0,0,0,0,0,0,0,0,1,1,0,0,0,0,0,0,0,0,0,0,4,0,0,0,0,0,0,8,0,0,0,0,0,1059,0,170,0,0,0,0,0,0,0,2487,0,16,523,0,0,0,0,0,0,0,0,0,0,0,0,102,12,0,0,33,0
"705",0,0,0,0,0,0,1,1,0,0,0,0,0,70,40,0,0,1,0,0,2,4,0,0,0,3473,0,0,2,11,1,0,0,61,0,0,12,0,0,0,0,0,0,11,0,120,0,0,0,0,0,0,0,0,0,0,1,0,0,3,0,15,0,0,0,0,20,0,5,0,0,0,0,0,0,0,0,0,0,0,0,0,0,0,0,0,0,0,0,24,0,0,2,0,0,0,0,0,56,0,0,140,0,0,0,0,0,94,0,0,0,0,0,1,0,0,0,0,17,0,3,0,0,2,269,0,0,0,0,0,111,100,0,0,0,0,2,0,0,0,0,0,0,0,0,0,0,0,0,7,5,0,0,0,0,0,0,0,6,40,0,0,0,0,0,1,0,0,0,0,0,0,0,0,0,0,0,0,1,0,0,0,0,0,0,0,0,0,0,0,0,14,0,0,0,0,0,0,0,0,0,0,0,0,0,0,0,0,0,1,0,0,0,0,16,0,33,0,0,0,0,7,0,0,0,1,0,0,43,1,107,0,0,767,0,0,0,0,0,0,0,0,0,0,0,0,0,0,0,0,0,0,0,0,0,0,0,0,15,14,0,0,0,5,1,0,0,22,0,4,0,12,852,0,0,0,0,0,7,3351,0,0,45,0,0,0,0,0,0,0,0,0,0,0,0,0,0,0,0,121,0
"706",0,0,0,0,0,0,5,0,0,0,0,0,0,0,48,0,0,0,0,0,0,0,0,12,0,3624,0,0,26,0,0,56,0,0,0,0,21,0,0,0,1,0,0,0,0,125,0,0,0,0,0,0,0,0,0,0,0,0,0,0,0,0,0,0,0,0,0,0,0,0,0,0,0,0,0,0,0,0,0,0,0,0,55,0,25,0,3,4,0,0,0,16,0,0,0,0,0,1,0,0,0,0,0,0,0,0,0,209,0,0,0,0,0,0,0,0,0,0,238,0,0,0,0,1,0,0,0,0,0,0,0,0,0,0,0,0,37,0,0,0,19,0,0,0,0,0,129,0,0,0,42,0,0,0,0,0,0,0,0,0,0,0,0,0,0,0,0,0,0,0,0,0,0,0,0,0,0,0,0,0,0,0,0,0,0,0,0,0,0,0,0,193,10,0,0,0,0,0,0,0,0,0,0,0,76,61,0,0,0,73,0,0,0,0,31,0,64,0,871,0,97,0,0,0,0,0,0,0,0,0,0,0,0,221,0,0,0,0,0,169,0,0,0,30,0,0,0,0,0,0,0,0,0,0,0,0,0,0,0,0,0,0,0,0,0,3,0,0,0,14,0,93,0,0,0,0,0,0,13,2867,0,1,0,0,0,0,0,0,79,0,0,0,0,0,0,0,0,0,0,308,0
"707",0,0,2,0,0,0,0,28,0,1,0,1,0,247,1,0,3,1,0,1,0,40,0,1,0,1737,0,0,1,4,40,39,0,174,0,0,0,1,0,0,0,17,0,0,0,332,0,1,0,0,1,0,0,0,0,0,0,0,0,20,3,0,0,0,0,0,75,0,0,0,0,0,0,0,0,0,0,0,0,0,0,0,5,0,54,0,0,0,0,0,0,1,59,0,0,1,0,0,0,0,0,0,0,0,0,11,170,302,0,0,0,0,0,702,0,0,0,0,118,0,0,3,0,0,1224,7,0,0,0,0,17,0,0,0,0,0,4,0,0,0,10,0,0,0,0,0,0,0,0,1,0,3,0,1,0,0,0,0,0,222,0,0,0,0,0,0,0,0,0,0,1,0,0,0,0,0,0,0,39,1,0,0,0,0,1,0,0,0,0,1,0,113,0,0,0,0,0,0,0,0,0,0,0,0,0,0,0,0,0,0,124,0,0,0,19,0,0,0,5,0,86,0,0,0,0,0,0,0,0,0,0,0,0,0,0,0,0,0,1,0,1,0,328,0,0,0,0,0,0,0,0,1,4,0,0,7,0,0,3,64,1,0,0,0,6,0,0,59,0,0,0,12,964,1,0,0,0,0,0,2129,1,9,360,0,0,0,0,0,26,6,0,0,0,25,0,0,5,0,36,15,0
"708",0,1,0,0,0,1,53,4,0,1,0,0,0,133,34,0,0,1,0,0,1,47,0,14,0,2346,0,0,0,103,0,0,0,179,0,0,73,79,3,0,0,0,0,41,0,35,0,0,0,0,6,0,0,0,7,0,0,0,0,139,2,15,0,4,0,0,31,0,0,0,31,0,0,15,0,0,0,0,0,23,3,0,0,1,0,0,0,0,0,45,0,46,0,0,0,0,0,0,0,10,0,0,0,0,0,0,1,1111,0,0,0,0,0,40,0,0,0,0,39,0,0,0,0,63,241,16,0,0,5,0,11,63,0,0,0,0,45,0,0,0,0,0,0,0,6,0,24,1,0,0,8,0,0,28,2,0,0,0,0,266,0,0,0,6,0,0,3,0,0,19,14,0,3,0,0,0,2,14,187,0,0,0,0,0,0,0,0,0,0,0,0,28,0,0,0,0,0,0,0,0,0,0,0,3,0,83,3,0,0,10,0,0,4,4,8,0,0,30,153,0,0,84,0,0,0,0,0,0,51,50,37,0,0,504,0,0,8,0,0,0,0,0,0,0,0,0,0,0,1,0,0,12,9,0,10,26,0,0,9,0,0,0,0,6,0,0,0,0,7,15,15,11,1247,0,0,0,0,0,0,1855,0,0,174,0,0,0,0,0,10,16,0,0,0,0,0,0,4,0,0,220,0
"709",0,0,0,0,4,0,1,20,97,0,6,1,0,37,894,7,0,9,0,0,87,41,0,17,0,1198,7,0,53,11,37,86,0,22,4,0,11,126,1,0,0,0,0,37,0,4,182,1,0,0,3,4,2,0,7,0,0,0,0,14,2,131,38,73,1,6,51,0,0,39,33,2,1,135,0,0,0,2,0,52,9,2,36,1,46,0,262,0,0,114,0,11,5,0,45,0,0,0,37,0,0,0,0,3,4,1,4,543,6,3,1,19,0,80,3,7,0,3,305,3,4,7,0,28,100,32,0,0,451,0,10,379,189,0,0,0,223,0,0,0,397,0,3,0,90,0,17,3,3,6,17,54,18,3,31,0,0,0,34,17,0,0,0,6,0,0,4,0,1,0,5,0,10,0,0,5,3,139,25,4,5,0,0,0,3,0,0,0,1,0,7,30,17,24,0,0,0,3,0,0,56,0,134,5,0,245,0,0,3,17,0,0,4,9,4,3,51,30,111,6,15,20,10,1,1,39,1,0,27,3,289,1,0,383,0,0,1,0,0,0,0,1,0,79,0,16,0,0,3,0,190,1,24,0,36,39,125,7,5,8,4,45,0,10,0,0,10,41,0,37,0,38,81,0,3,1,1,0,38,231,0,0,16,0,0,0,0,80,37,24,0,7,8,0,48,22,12,12,0,124,0
"710",0,0,0,0,0,0,1,0,1179,0,0,0,0,0,0,0,0,0,0,4,132,25,0,0,0,0,0,0,15,0,0,0,50,59,0,0,0,0,0,0,0,0,0,104,0,22,0,0,0,1,0,0,0,0,0,0,0,0,0,0,2,0,1,0,0,0,0,0,0,0,0,0,0,0,0,0,0,0,5,200,0,0,17,0,90,0,0,1,0,107,0,57,35,0,0,0,0,0,34,0,0,0,0,0,0,0,116,1346,0,0,0,0,0,56,0,35,0,0,143,0,0,0,0,1,428,0,0,0,5,0,15,251,0,0,0,0,0,0,0,0,0,0,0,0,0,0,0,0,0,0,25,0,0,0,0,0,0,0,0,47,0,0,0,257,0,0,0,0,0,0,0,0,1,1,0,0,0,0,287,0,0,0,19,0,7,0,0,0,0,1,0,92,0,0,0,0,0,0,0,0,0,0,0,42,1,0,0,0,0,1,0,0,0,0,11,0,244,0,23,0,88,0,0,0,0,26,0,0,80,0,0,0,0,960,0,0,0,0,0,0,0,0,0,0,0,0,1,6,0,0,94,0,0,0,24,0,0,0,0,174,0,0,0,0,0,0,0,0,0,600,0,0,0,4,0,0,0,0,0,2291,0,0,0,0,0,0,7,0,0,44,0,0,0,0,43,0,0,0,0,102,73
"711",0,0,0,0,0,6,7,37,0,0,3,8,4,95,21,3,0,4,0,1,49,29,0,2,19,1,0,0,24,13,1,0,0,375,0,0,1,37,1,1,0,0,0,65,0,375,5,0,0,0,12,0,0,5,148,1,0,0,0,14,0,0,1,0,0,0,73,0,0,57,3,7,0,120,0,0,0,0,0,13,5,0,0,0,20,18,768,0,0,64,0,9,0,0,0,0,0,1,143,0,0,31,0,0,0,0,186,1,0,0,0,73,0,30,19,0,4,0,237,2,7,0,0,38,15,0,0,0,0,0,0,6,0,0,0,0,9,0,0,0,11,0,0,0,0,0,4,19,0,3,6,1,0,0,1,0,0,0,49,0,0,0,0,0,0,3,0,0,0,1,0,0,0,0,0,0,0,49,121,3,0,0,0,0,0,10,0,17,0,0,0,232,6,0,1,2,0,2,0,0,0,0,0,0,0,14,0,0,0,1,0,0,0,4,6,0,69,24,237,0,0,0,0,0,7,0,0,0,3,4,178,0,1,359,0,6,3,0,0,0,0,0,0,12,0,0,0,0,0,0,0,0,6,3,21,33,7,0,16,0,3,0,0,0,0,1,0,1212,0,0,9,29,918,0,3,0,1,0,6,156,0,2069,0,0,0,0,0,0,132,0,0,3,0,0,63,0,10,0,0,62,0
"712",0,0,0,0,0,0,1,0,0,0,0,0,0,0,36,0,4,0,0,0,0,50,0,4,0,4162,0,0,0,11,0,0,0,0,0,0,0,0,0,0,0,0,0,0,0,0,0,0,0,0,0,0,0,0,0,0,1,2,0,0,0,0,0,0,0,0,34,0,4,52,0,0,0,0,0,0,0,0,0,79,0,0,0,0,0,3,570,0,0,0,0,3,52,0,0,0,0,0,0,0,0,57,0,0,0,0,0,2859,0,0,0,0,0,0,0,0,0,0,104,3,0,0,0,0,105,0,0,0,0,0,0,0,0,0,0,0,142,0,0,0,10,0,0,0,0,11,0,0,0,0,0,0,0,0,0,1,0,0,0,0,0,0,0,0,0,0,0,0,0,0,4,0,3,0,0,0,0,0,0,0,0,0,0,0,0,0,0,0,0,0,0,63,1,0,0,1,0,0,0,0,0,0,0,0,0,15,0,0,72,0,0,0,0,0,0,0,0,0,1,0,0,0,0,0,0,0,0,0,0,0,0,0,0,601,0,0,0,0,0,3,0,0,0,0,4,0,0,0,0,0,0,0,0,1,0,41,0,0,0,0,0,0,0,5,0,0,0,0,0,234,0,0,56,0,0,0,0,0,0,390,0,0,0,0,0,0,0,0,0,0,0,0,0,0,0,0,150,0,0,0,0
"713",0,0,0,0,0,0,12,0,0,0,0,1,0,0,0,0,47,4,0,0,0,72,0,3,0,0,0,0,97,97,92,0,0,92,0,0,3,164,3,1,10,0,0,0,0,205,0,0,0,1,7,0,0,0,0,0,0,0,0,344,3,0,1,0,0,0,71,0,149,55,0,0,0,0,0,0,0,0,9,242,0,0,48,4,0,0,0,0,0,69,1,9,5,0,0,4,0,0,0,0,0,5,0,0,0,47,0,31,0,0,0,0,0,0,0,10,0,0,148,0,0,0,0,0,48,0,0,30,51,0,0,58,0,1,1,0,3,0,0,0,18,0,0,0,0,3,0,0,0,1,10,0,0,0,6,0,0,0,0,0,0,0,0,1167,4,0,0,0,0,0,7,0,63,1,0,0,6,0,24,0,0,0,0,0,17,6,1,0,0,0,0,127,1,0,0,0,1,0,0,0,0,0,0,1214,1245,58,8,0,1,19,0,0,0,11,3,1,164,0,466,0,0,29,0,0,3,0,0,0,0,0,244,0,0,239,0,0,0,0,0,0,5,0,0,0,6,0,0,0,0,0,0,4,0,1,52,11,0,0,5,0,0,0,0,23,0,0,0,0,0,0,20,87,861,0,51,0,0,0,12,901,0,0,346,0,0,0,0,179,0,0,0,0,0,1,0,0,35,0,0,82,0
"714",0,0,0,0,0,0,0,0,203,0,0,0,10,0,7,0,0,0,0,0,57,0,0,1,0,1301,1,0,18,6,0,0,0,216,0,0,0,0,0,0,0,0,0,0,0,318,0,1,0,0,0,0,0,0,0,0,0,0,0,376,1,0,0,0,0,0,171,0,0,0,0,0,0,3,0,132,0,0,0,243,0,0,0,0,10,2,0,0,0,24,0,10,14,0,0,0,0,0,0,0,0,0,0,0,0,0,0,495,0,0,0,0,0,0,0,2,0,1,204,0,0,0,22,31,326,0,0,0,0,0,146,0,0,0,0,0,8,0,0,0,601,0,0,0,0,0,0,0,0,3,21,0,58,32,0,0,0,0,0,0,0,0,0,0,0,0,1,0,0,0,4,0,12,0,0,0,0,10,0,4,129,0,0,0,32,0,0,0,0,0,0,131,1,0,0,0,0,0,0,0,0,0,0,0,0,44,5,0,1,2,0,0,0,0,1,0,0,0,576,9,0,0,0,0,0,0,0,305,0,0,85,0,0,1,0,0,0,0,1,13,0,0,0,0,0,0,0,0,0,0,151,0,0,0,0,12,5,0,0,0,0,0,0,8,0,0,0,0,0,3,41,0,724,0,0,0,0,0,0,1508,0,0,654,0,0,0,0,0,0,111,0,0,0,0,6,0,46,0,1,21,0
"715",0,0,0,0,0,0,0,0,3,0,0,0,0,0,0,0,43,0,0,0,0,39,0,8,0,2,0,0,37,0,0,0,0,0,0,0,2,92,0,0,0,0,0,0,0,0,0,0,0,0,0,0,0,0,0,0,2,1,0,0,0,3,0,0,0,0,150,0,0,0,0,0,0,3,0,0,0,0,0,0,0,0,0,0,0,1,0,4,0,13,38,116,4,0,0,5,0,0,0,0,0,46,0,0,0,0,0,3056,0,0,0,0,14,13,0,0,0,0,1193,0,0,0,10,1,0,0,4,0,0,0,0,3,0,1,0,0,0,0,0,0,197,0,0,0,0,0,0,0,0,5,54,0,0,0,0,0,0,0,0,44,0,0,0,0,0,0,0,3,0,0,0,0,0,0,0,0,0,0,92,0,0,2,0,0,0,30,0,0,0,0,0,52,7,0,0,1,0,0,0,0,0,5,0,0,0,18,0,0,2,23,0,0,0,0,10,0,0,0,318,0,0,0,0,0,0,0,0,0,0,0,0,0,0,271,0,0,0,0,0,0,0,0,0,0,22,0,0,0,0,0,2,0,0,0,0,0,0,0,0,0,0,0,0,0,0,0,0,0,0,2342,0,0,1732,0,2,0,0,0,0,1,0,0,321,0,0,0,0,9,0,0,0,0,0,0,105,0,0,0,0,127,0
"716",0,4,1,0,0,1,0,18,0,0,0,0,0,0,1,0,0,0,0,0,0,52,0,10,0,1838,0,0,33,4,131,0,0,33,0,0,26,0,1,1,0,20,0,89,0,39,0,3,0,0,0,0,0,1,0,0,0,0,0,100,0,0,0,0,0,0,7,0,4,0,23,1,1,14,0,0,0,0,0,20,0,0,200,0,0,1,0,1,0,54,0,1,5,0,0,3,0,0,25,0,0,1,0,0,5,0,0,1328,0,77,0,0,0,0,0,4,0,68,116,0,0,0,0,0,69,281,89,0,0,0,27,254,0,4,0,14,32,0,0,0,1,0,0,0,18,0,0,0,0,0,8,3,0,0,0,0,0,0,0,72,0,0,1,0,0,0,0,0,6,0,0,0,0,0,0,0,0,11,201,0,0,0,0,0,3,0,0,204,0,0,0,73,0,0,0,0,0,1,0,0,0,0,0,0,0,8,4,1,1,1,0,0,0,0,0,1,0,0,2,0,1,0,0,0,0,0,0,0,71,0,98,5,0,470,0,0,0,0,0,3,0,0,0,0,0,0,0,0,0,46,0,0,0,0,35,14,3,0,1,3,0,0,0,3,0,0,0,0,13,12,0,0,239,0,1,0,0,12,0,3406,0,0,61,33,0,1,28,0,18,49,0,0,0,0,117,3,6,0,0,19,0
"717",0,0,0,0,0,0,1,0,0,0,0,0,0,0,9,0,0,0,0,0,0,0,0,8,0,3061,0,0,3,0,85,0,0,189,0,0,0,264,0,0,0,0,0,0,0,228,0,0,0,0,0,0,0,0,0,0,0,0,0,4,0,0,0,0,0,0,24,0,0,0,0,0,0,0,0,0,0,0,0,49,0,0,181,0,0,15,123,0,0,6,0,6,5,0,0,0,0,0,0,0,0,1,0,0,0,0,0,2891,0,0,0,0,0,23,0,0,0,0,50,0,0,0,0,1,488,0,0,0,0,0,0,15,0,0,0,1,2,0,0,0,883,0,0,0,0,0,26,0,0,0,0,0,0,0,0,0,0,0,0,0,0,0,0,0,0,0,0,0,0,0,0,0,1,0,0,0,0,0,0,3,0,0,0,0,0,0,0,0,0,0,0,61,4,0,0,0,0,0,0,0,0,0,0,5,0,658,0,0,2,3,0,0,0,0,0,0,61,0,0,0,0,0,0,0,0,0,0,0,40,0,0,0,0,6,0,0,0,0,0,107,0,0,0,0,0,0,37,0,0,0,0,0,0,0,0,151,142,0,0,0,0,0,0,49,0,0,0,0,0,58,0,0,8,0,0,0,0,0,0,1,1,0,107,0,0,0,0,1,0,0,0,0,3,0,0,0,9,0,0,0,0
"718",6,0,0,0,0,0,0,0,0,0,0,0,0,0,0,0,0,0,0,1,1,8,1,7,3,3202,0,0,0,13,126,0,0,56,0,0,0,14,9,0,7,0,0,21,0,0,0,0,0,0,0,0,0,0,7,0,0,2,0,0,0,0,0,0,1,0,78,0,0,0,0,0,0,1,0,0,0,0,0,1,0,0,0,0,0,0,0,0,0,19,0,33,0,0,0,85,0,0,6,0,0,16,0,0,0,0,0,976,3,1,0,0,0,41,0,3,0,1,10,0,0,0,0,0,252,20,0,0,0,0,11,1,0,0,0,0,862,2,0,0,62,0,1,0,117,0,15,11,0,0,5,0,0,0,1,1,0,0,11,109,0,0,0,0,0,0,0,1,0,0,1,0,0,0,0,0,0,0,174,0,5,0,0,0,0,0,0,0,3,0,0,46,1,1,0,0,0,3,0,0,0,0,0,0,1371,72,0,0,0,0,0,0,1,4,5,0,53,0,0,0,0,0,0,0,0,0,0,0,63,0,0,0,0,982,0,0,0,0,0,0,0,0,0,0,0,41,0,0,0,0,0,0,3,0,9,10,0,0,8,6,0,0,0,4,0,0,0,0,1,11,0,0,100,0,0,0,0,0,46,9,0,0,281,0,0,0,0,0,1,19,0,0,0,0,42,4,25,77,0,0,0
"719",0,0,0,0,0,0,0,0,0,0,0,0,0,0,14,0,0,0,0,0,0,0,0,1,0,2608,0,0,0,0,0,0,0,0,0,0,0,0,0,0,0,0,0,45,0,0,0,0,0,0,0,0,0,0,0,0,0,0,0,0,0,0,0,0,0,0,152,0,0,0,0,0,0,7,0,0,0,0,0,0,0,0,0,0,1,0,116,0,0,0,0,4,4,0,0,0,0,0,0,0,0,0,0,0,1,4,3,5117,0,0,0,0,1,36,0,0,0,0,0,1,0,0,0,1,45,0,0,0,0,0,0,114,0,0,0,0,1,0,0,0,39,0,0,0,0,0,0,7,0,0,0,0,0,24,1,0,0,0,0,0,0,0,0,0,0,0,0,0,0,0,0,0,0,0,0,0,0,12,0,0,0,0,0,0,0,0,0,0,0,0,0,0,0,0,0,0,0,0,0,0,0,0,0,0,0,35,0,0,0,0,0,0,0,0,0,0,66,168,267,0,0,17,0,0,0,0,0,0,3,0,0,0,0,194,0,0,0,0,0,0,0,0,0,0,0,0,0,0,0,0,1,0,0,1,28,0,0,0,0,0,0,0,0,0,0,0,0,0,0,315,0,0,60,0,0,3,0,0,0,0,0,0,0,0,0,0,0,1,0,0,0,0,0,0,147,0,1,0,0,47,0
"720",0,0,1,0,3,0,0,15,0,1,0,0,0,0,3,0,0,0,0,3,0,19,0,0,0,2420,0,0,2,0,0,0,1,135,5,0,2,151,0,0,0,0,0,41,0,226,0,12,0,0,4,0,0,0,6,1,0,0,1,64,0,0,0,2,0,0,0,0,0,93,6,0,0,0,0,0,0,0,0,85,0,32,132,0,0,12,2,0,0,0,0,4,47,0,0,0,6,0,62,0,3,1,0,0,0,0,0,1907,0,52,0,52,0,0,0,7,0,0,157,0,0,55,0,0,23,0,2,1,7,0,5,15,1,6,0,0,3,1,2,1,4,0,0,1,0,0,2,0,1,13,0,0,5,21,0,0,0,0,8,34,0,0,0,0,0,0,0,0,0,0,0,0,0,0,0,1,5,173,405,2,0,0,0,11,18,0,0,0,0,1,23,21,2,0,0,0,0,0,0,0,0,0,4,73,0,31,0,0,0,0,0,0,22,0,4,0,171,10,98,0,11,0,0,0,0,0,0,0,29,0,47,3,0,68,0,0,0,0,0,11,0,0,0,0,0,0,0,0,0,0,0,7,0,0,34,1,6,0,11,1,15,0,0,1,0,0,0,0,0,254,0,4,14,0,0,0,0,0,4,1832,0,0,53,0,0,9,0,0,0,3,0,0,0,29,0,4,1,0,0,97,0
"721",0,0,0,0,0,0,0,0,0,0,12,0,0,0,0,0,0,11,3,0,0,75,0,1,0,1,0,0,0,50,732,0,0,94,0,0,57,741,0,0,0,0,0,0,0,85,0,0,0,0,0,0,0,0,0,0,0,0,8,159,0,0,0,0,0,0,66,0,0,0,118,0,0,0,0,0,0,0,0,115,0,0,277,0,0,1,1,0,0,43,0,26,0,0,0,0,0,0,0,0,0,1,0,0,0,0,0,329,0,0,0,0,0,133,0,0,0,0,182,0,0,0,0,0,129,0,0,0,0,0,72,69,0,1,0,0,0,0,0,0,0,0,0,0,127,0,21,0,0,0,0,0,0,0,0,0,0,0,155,0,0,0,0,0,0,0,0,0,0,0,5,0,0,0,0,0,0,0,217,0,0,0,0,0,0,0,1,0,0,0,0,107,0,0,0,0,0,5,0,0,0,0,0,0,0,1,1,0,0,0,0,0,0,0,60,0,200,0,1,0,266,0,0,0,0,0,0,0,551,38,276,0,0,109,0,0,1,0,0,3,0,0,0,0,1,35,0,0,0,0,0,9,0,0,0,4,1,0,13,0,0,0,0,4,358,0,0,0,0,0,0,93,0,0,0,0,0,0,23,3103,0,0,545,0,0,0,0,0,0,68,0,0,0,0,0,34,20,0,0,29,0
"722",0,0,3,0,0,0,37,9,0,0,0,0,17,0,218,0,0,0,0,0,47,0,0,0,0,413,0,0,149,13,0,0,0,84,0,0,0,0,0,0,0,0,0,0,0,356,0,1,0,0,0,0,0,0,0,0,0,5,0,1,0,0,0,0,0,0,1,0,0,54,25,0,0,0,0,0,0,0,0,0,0,1,20,0,58,1,4,0,0,0,0,0,492,0,0,12,905,0,0,0,0,0,0,0,0,0,547,155,0,0,0,0,1,6,0,0,0,0,5,0,0,0,0,0,125,6,0,0,0,0,6,451,0,0,0,0,65,0,0,0,10,3,0,0,0,0,1,19,0,0,7,15,0,12,2,0,0,0,0,12,0,0,0,0,0,0,0,0,1,0,0,0,0,0,0,0,7,0,26,0,0,0,0,0,14,0,0,0,0,0,1,6,5,0,0,0,0,0,0,0,0,0,0,1,0,9,0,0,0,76,3,0,0,0,0,0,0,40,133,0,104,57,0,0,0,0,91,0,0,0,325,3,0,657,0,0,0,0,0,1,0,0,0,10,1,0,0,0,0,0,212,0,0,1,0,0,1,0,3,6,1,0,0,0,219,0,0,0,0,134,0,4,578,0,0,0,0,19,0,2943,0,0,14,0,0,38,0,4,5,1,0,0,0,0,0,0,36,0,0,22,0
"723",0,0,0,0,0,0,0,14,0,0,1,0,0,11,10,0,1,1,3,0,15,13,0,0,0,1712,0,0,0,7,139,144,0,12,3,0,1,36,0,0,0,0,19,21,0,247,0,0,0,0,0,0,0,0,0,0,0,0,0,173,0,26,0,3,1,0,266,0,0,46,3,0,0,4,0,0,0,0,0,55,0,0,145,0,2,0,0,0,0,7,0,23,0,0,0,0,0,0,14,0,0,14,0,0,0,0,104,2209,0,0,0,10,0,18,0,0,0,0,8,0,0,0,0,0,8,0,0,0,0,0,3,19,0,0,0,0,1,0,0,0,477,0,0,0,0,57,52,0,0,9,10,0,0,0,1,0,0,0,3,11,0,0,0,1,0,0,0,0,0,0,5,0,0,0,0,0,0,47,244,0,0,0,0,0,3,0,0,0,0,1,0,17,0,0,0,0,0,0,0,0,0,0,0,751,0,66,0,0,1,0,0,0,2,0,1,0,344,177,72,11,20,0,0,0,0,10,0,0,17,0,12,0,0,232,0,0,10,4,0,0,0,0,0,0,2,0,0,0,0,0,0,3,10,0,12,10,0,0,0,3,0,0,0,3,0,0,0,0,43,236,0,1,37,0,0,0,0,5,1,503,0,0,157,0,0,0,0,0,60,4,0,0,0,0,4,0,2,0,0,37,0
"724",0,0,0,0,0,0,0,0,0,1,0,0,0,464,0,0,0,0,0,0,0,11,1,0,0,2355,0,0,0,0,0,0,0,0,0,0,12,0,0,0,0,0,0,0,1,0,0,0,0,0,0,0,0,0,0,0,0,0,0,0,0,88,0,0,0,0,0,0,1,0,0,0,0,0,930,0,0,0,0,0,0,0,0,0,604,4,0,0,0,0,1894,0,5,0,0,0,1,0,0,0,0,1,0,0,1,0,0,231,0,0,0,0,0,76,0,0,0,0,15,0,0,0,1,0,0,60,0,0,0,26,0,0,0,0,0,0,0,1,0,0,0,0,0,0,0,0,0,0,0,0,4,0,0,0,0,0,0,0,0,0,0,0,0,2314,0,0,0,0,0,0,0,0,1,0,0,0,0,0,0,0,0,0,0,0,0,0,0,0,0,0,0,0,0,0,0,0,0,1,0,0,0,0,0,1,0,0,0,0,0,0,0,0,18,0,0,0,0,0,1,0,0,16,0,5,0,0,0,0,0,3,0,0,0,74,0,0,0,0,0,0,0,0,0,0,0,0,0,0,0,0,689,0,0,0,0,0,1,0,0,0,0,0,0,0,0,0,0,0,0,0,0,0,14,0,0,0,0,0,0,0,0,0,65,0,0,0,0,0,18,0,0,0,0,0,0,0,3,0,0,30,0
"725",0,0,0,0,2,0,0,0,0,0,2,0,0,0,1,0,0,0,0,0,0,28,0,0,0,0,0,0,0,102,2212,0,0,259,0,0,16,59,0,0,0,1,0,0,0,0,44,1,0,0,0,0,0,0,0,0,0,0,0,0,0,0,0,0,0,0,0,0,0,0,43,0,0,0,5,0,1,0,0,27,10,0,39,0,31,1,0,28,0,51,43,3,0,0,0,0,0,0,34,0,4,0,0,0,0,0,0,1961,0,0,0,15,0,0,0,0,0,1,110,0,0,0,0,0,95,0,0,0,0,0,3,1,0,3,1,45,0,1,0,0,0,0,0,0,0,0,0,4,0,0,12,5,0,0,0,0,0,0,31,89,0,0,0,0,0,1,0,0,0,4,0,0,0,0,0,0,0,53,947,1,0,0,0,0,14,0,0,0,63,3,0,196,0,0,0,1,10,0,0,0,0,0,0,1,1336,175,0,0,0,0,0,0,0,0,5,0,88,103,71,0,43,0,0,0,0,0,0,0,102,0,0,0,1,135,0,1,0,0,0,0,0,0,0,0,0,7,0,0,0,0,0,1,7,1,5,0,0,0,103,0,0,6,0,1,0,0,0,79,0,0,19,20,0,0,0,0,0,0,35,0,0,0,411,0,0,0,0,0,25,0,0,0,0,0,0,0,0,15,0,222,0
"726",0,3,0,0,0,1,1,20,0,0,0,0,0,0,24,0,0,0,0,0,130,12,0,1,0,2007,0,0,5,0,20,0,0,29,0,0,7,31,3,0,0,0,1,69,5,89,0,1,0,0,0,0,0,0,9,0,0,0,0,91,0,0,0,1,0,0,66,0,1,0,7,1,1,27,0,0,0,0,0,176,0,3,178,0,41,0,3,0,0,76,0,10,35,0,0,0,0,0,4,0,0,38,0,0,1,0,0,1735,0,172,0,13,0,100,1,0,0,0,143,0,0,0,0,1,105,0,0,0,0,0,0,263,0,0,0,1,56,2,0,0,7,0,0,0,0,0,0,11,0,0,14,1,0,3,1,0,0,0,0,38,0,0,0,1,0,0,0,3,0,0,1,0,15,0,0,0,0,63,341,1,0,0,0,0,1,0,0,0,0,0,0,29,0,0,0,0,0,1,0,0,0,0,0,18,262,7,0,0,1,3,0,0,0,0,1,3,105,0,284,0,0,36,0,0,0,0,29,0,53,0,152,0,0,447,0,0,0,0,0,0,3,0,0,0,1,0,0,0,2,0,0,0,0,0,7,7,5,0,0,3,0,0,0,9,1,0,0,0,0,219,0,0,117,0,0,0,0,0,0,2217,0,0,48,0,0,117,0,0,0,29,0,0,0,0,39,0,3,0,0,10,0
"727",0,0,0,0,0,0,0,0,0,0,0,0,0,0,27,0,0,0,0,0,0,0,0,0,0,2076,0,0,90,15,0,0,0,0,0,0,61,499,0,0,0,0,0,0,0,480,0,0,0,0,4,0,0,0,6,0,0,0,0,29,0,140,0,0,0,0,22,0,0,150,40,0,0,0,0,613,0,0,0,97,0,5,163,0,0,1,0,0,0,0,455,162,0,40,0,0,0,0,111,0,0,0,0,0,1,0,225,354,0,0,0,0,0,0,0,0,0,0,19,1,0,0,0,1,0,0,0,0,0,10,4,187,1,0,0,0,9,0,0,0,10,0,0,0,0,0,24,0,0,0,22,3,0,0,1,0,0,0,0,59,0,0,0,340,0,0,1,0,0,0,3,0,1,0,0,0,5,80,0,0,0,0,0,0,24,0,0,0,0,0,0,131,0,0,0,0,0,0,0,0,0,0,0,149,0,284,0,0,3,0,0,0,0,0,52,0,94,25,0,0,0,7,0,0,0,0,104,0,31,0,0,0,0,679,21,0,3,0,0,4,0,0,0,1,0,0,0,0,0,0,266,0,0,0,36,14,5,0,27,0,0,0,0,0,7,0,1,0,17,1,22,0,52,0,0,0,7,0,0,1341,0,1,0,0,0,1,0,0,48,0,0,0,0,0,212,0,3,0,0,273,0
"728",0,0,0,0,0,0,2,19,0,0,0,0,3,30,18,7,0,0,0,0,12,16,0,0,0,4751,0,0,13,4,0,87,0,21,0,0,6,2,0,0,0,0,0,19,0,1,0,0,0,0,1,0,1,0,1,0,0,0,0,127,0,12,0,0,0,0,59,0,0,0,3,0,0,9,0,172,0,0,0,0,0,0,0,0,12,0,0,1,0,19,105,8,124,0,0,0,0,0,23,0,0,12,0,0,0,0,99,1456,0,0,0,6,0,48,0,0,0,0,93,1,0,0,3,1,46,0,0,0,0,1,1,193,0,0,0,0,31,0,3,0,12,0,0,0,0,0,0,0,0,0,11,15,2,0,0,0,0,0,0,0,0,0,0,0,0,0,0,0,0,0,0,0,29,0,0,0,0,5,0,0,0,0,0,0,0,0,0,0,0,0,0,9,1,0,0,0,0,0,0,0,0,0,0,0,0,27,0,0,0,9,0,0,0,0,4,0,0,3,3,0,1,0,0,0,0,1,2,0,17,0,90,0,0,0,0,0,0,0,0,0,0,0,0,8,0,0,1,0,0,0,244,0,0,0,8,21,6,0,0,20,0,0,0,0,0,0,1,0,0,5,6,0,118,20,0,0,4,7,0,1372,0,1,1,0,1,0,0,0,0,5,0,0,0,0,34,0,0,0,69,23,0
"729",0,0,0,0,3,0,15,10,0,0,0,0,0,191,21,0,0,1,0,0,23,19,0,6,0,1380,0,0,3,0,364,20,0,102,0,0,156,22,0,0,0,0,54,45,0,35,0,0,0,0,2,1,0,0,3,0,0,0,0,8,0,0,0,0,1,62,3,0,0,91,20,0,0,9,0,0,0,0,0,21,0,4,0,0,122,0,0,0,0,0,899,2,62,0,0,0,0,0,40,0,0,0,0,0,0,0,205,483,4,0,3,0,0,3,0,0,0,0,66,0,0,0,1,1,413,0,0,0,0,0,6,0,0,0,0,0,5,0,0,0,1,0,0,0,164,0,1,0,0,0,13,28,78,0,0,0,0,0,0,20,0,0,0,1,0,0,0,0,0,0,1,1,0,0,0,0,0,115,95,1,0,0,0,0,0,0,0,0,0,0,0,9,0,0,0,0,0,0,0,0,27,0,0,0,0,4,1,0,0,2,0,0,168,0,0,0,8,14,0,0,65,0,0,0,0,6,0,0,80,0,94,0,0,14,0,0,5,0,0,3,0,15,0,0,0,0,0,0,0,0,70,2,0,0,0,3,1,0,0,19,1,0,0,1,0,0,1,835,0,309,26,4,149,0,1,0,0,4,0,988,1,0,467,0,0,0,0,1,3,6,0,0,0,0,46,0,3,0,1,105,0
"730",0,0,0,0,0,0,8,36,0,0,6,0,0,0,50,7,0,0,0,0,23,26,0,4,0,1226,0,0,6,8,0,0,0,50,0,0,8,1,0,0,3,0,0,0,0,6,0,0,0,1,0,0,0,0,0,0,0,0,0,8,0,7,3,0,66,0,51,0,0,0,0,0,0,0,0,129,0,0,0,14,0,0,0,0,81,146,0,0,0,5,11,10,154,0,0,0,0,0,27,0,0,0,0,0,0,0,0,262,0,0,0,0,0,70,0,1,0,1,104,0,0,0,0,1,435,0,0,0,0,0,0,101,0,1,0,0,78,0,0,0,461,0,0,0,0,0,0,0,0,0,5,23,0,0,84,0,0,0,0,0,0,0,0,576,0,0,0,0,0,4,0,0,1,0,0,0,0,1,0,0,0,0,0,0,6,0,0,0,0,0,0,85,1,0,0,0,0,3,1,0,0,0,0,0,1,16,0,0,0,3,0,0,0,6,7,0,52,7,0,3,0,0,0,0,0,0,63,0,0,0,307,0,0,1527,0,0,0,0,0,878,0,0,0,0,0,0,0,0,0,0,37,0,0,0,0,72,17,1,7,0,3,0,0,2,5,0,0,0,0,39,9,97,0,0,0,0,1232,0,5,1,6,0,190,0,0,0,0,0,115,34,0,0,0,0,0,1,0,0,0,63,0
"731",0,0,4,0,0,0,0,52,0,0,0,0,0,0,5,0,7,0,0,0,0,133,0,8,0,0,0,0,6,6,0,0,0,2,13,0,8,123,1,0,0,0,0,0,0,0,0,0,0,0,2,2,0,0,16,0,0,0,0,121,0,0,0,150,0,0,162,0,1,30,11,0,0,0,0,0,0,1,0,137,0,7,51,0,0,3,139,0,0,0,0,1,2,0,0,2,0,0,0,0,0,0,1,0,0,3,0,4328,0,0,0,0,0,0,0,1,0,0,88,1,0,0,0,0,0,69,0,5,0,0,0,0,0,0,1,0,11,0,0,0,20,0,0,1,7,95,105,0,0,6,48,0,0,12,1,0,0,0,0,0,0,0,0,464,0,0,0,0,4,0,8,0,0,0,0,0,5,71,24,0,0,8,0,27,52,0,0,0,0,0,32,39,0,6,0,0,0,0,0,0,0,5,51,730,0,100,3,0,1,0,66,32,0,0,4,1,47,289,37,0,7,38,0,1,0,0,402,0,0,4,0,0,0,43,0,0,1,0,0,47,2,0,0,0,3,35,0,0,0,0,0,0,31,0,138,15,0,0,6,0,17,0,7,10,0,0,0,0,4,7,0,0,4,0,1,1,0,8,0,699,0,0,75,0,0,0,0,6,76,0,0,0,0,0,0,47,8,0,0,23,0
"732",0,1,0,0,0,0,12,0,0,0,2,0,0,457,10,0,0,0,0,0,0,0,0,43,0,0,0,0,0,0,423,0,0,0,0,0,0,0,0,0,0,0,0,0,0,0,0,0,0,0,0,0,0,0,0,0,0,0,0,0,0,0,0,0,0,0,557,16,0,0,0,0,0,0,0,1,0,0,0,455,0,0,0,0,0,0,0,0,0,20,0,11,17,16,0,1,0,0,0,0,0,0,0,0,5,0,0,0,0,0,0,0,0,10,0,0,0,0,0,1,0,0,0,1,0,0,0,0,0,0,0,0,0,0,0,21,4,0,0,0,949,0,0,0,0,0,0,0,0,0,0,0,0,0,0,0,0,0,0,0,0,0,0,0,0,0,0,0,0,0,0,0,1,0,0,0,0,61,110,0,0,1,0,0,0,0,0,0,0,0,0,0,0,0,0,0,0,0,0,0,0,0,0,0,0,0,0,0,0,25,0,0,0,0,0,0,0,0,2,0,0,0,0,0,0,0,0,0,5,0,0,0,0,5162,0,0,0,0,0,0,0,0,0,0,0,137,0,5,0,0,0,0,0,0,0,0,10,0,0,0,0,0,0,0,0,0,0,0,165,0,0,0,49,0,86,0,0,14,0,0,0,0,93,0,0,0,0,0,0,0,0,0,0,0,204,0,124,0,0,0,0
"733",0,0,0,0,10,0,3,12,0,0,5,0,0,330,21,0,0,2,0,0,110,34,0,1,5,2,3,0,4,12,42,0,0,24,20,10,149,60,0,0,0,0,0,0,0,9,147,25,0,0,2,0,0,0,0,8,0,1,0,167,0,6,0,0,0,5,16,10,0,0,22,0,0,106,0,0,0,0,0,230,0,3,15,0,167,0,0,0,0,23,0,10,33,0,0,18,0,0,57,0,0,0,0,20,11,0,0,136,8,0,0,3,0,122,0,0,0,0,27,1,0,13,0,0,34,0,0,0,4,77,0,262,0,4,0,0,247,0,0,0,4,1,0,0,16,643,0,0,0,6,1,50,0,0,0,0,0,0,34,57,0,1,0,2018,0,1,0,0,0,1,2,0,1,3,0,0,3,8,131,0,0,0,0,0,9,0,0,0,0,2,0,11,2,0,0,0,6,0,0,971,0,0,0,5,0,2,0,0,0,3,0,0,170,8,6,0,201,23,6,4,278,7,21,0,0,0,0,0,112,1,73,0,0,155,0,0,5,0,0,0,0,0,0,0,0,0,0,14,0,0,0,64,15,1,35,0,0,0,19,0,2,0,0,0,1,0,0,0,0,11,0,9,44,0,1,0,0,0,4,1644,0,0,15,0,0,0,0,0,3,10,0,0,0,0,0,0,9,0,0,13,0
"734",3,0,0,0,0,0,0,0,0,0,0,0,1,4,55,0,0,10,0,0,0,24,0,0,0,4886,0,0,14,0,343,0,0,124,0,0,3,123,1,0,0,0,0,0,0,0,0,19,0,0,6,0,0,0,0,0,1,0,0,16,0,1,0,1,0,0,24,0,0,0,34,0,0,0,0,540,0,0,0,23,0,10,0,0,0,0,0,0,0,20,0,11,5,0,0,0,0,0,0,0,0,0,0,0,1,0,0,291,0,45,0,103,0,35,0,4,0,3,49,0,0,0,0,1,138,0,0,0,0,0,0,12,83,1,0,0,197,0,0,0,213,0,0,0,136,0,26,0,0,1,7,0,49,33,0,0,0,0,16,0,0,0,0,0,0,0,0,0,0,0,0,1,21,0,0,0,0,26,32,0,0,0,0,0,0,0,0,0,0,0,155,0,0,0,142,1,7,1,0,0,0,6,0,0,0,21,3,0,1,17,0,0,28,0,0,1,5,48,192,0,1,0,0,9,0,0,0,0,76,0,17,0,0,95,0,0,11,0,0,0,0,0,94,0,0,17,0,0,0,0,1,0,19,0,0,0,0,0,0,0,3,0,0,0,0,0,0,0,10,1,0,0,147,1,3,0,0,7,4,545,0,0,350,0,37,0,0,0,5,0,0,0,0,0,1,0,0,0,15,108,0
"735",0,0,0,0,0,0,0,0,0,0,0,0,0,0,27,0,0,0,0,0,0,29,0,0,0,3733,0,0,12,0,150,0,0,58,0,0,0,32,0,0,0,0,0,186,0,360,0,0,0,0,0,6,0,0,0,0,0,0,0,337,0,0,0,0,0,0,448,0,0,132,0,0,0,0,0,0,0,1,0,71,0,0,0,0,0,28,0,0,0,0,0,0,0,0,0,0,0,0,44,34,0,0,0,0,0,0,0,386,0,0,0,0,0,51,0,0,0,0,189,0,2,0,0,0,45,0,0,0,0,0,45,107,0,0,0,0,0,0,0,0,100,0,0,0,0,0,17,0,0,1,28,0,0,0,0,0,0,0,0,0,0,0,0,4,0,0,0,0,0,0,3,0,0,0,0,0,0,306,502,0,0,0,0,0,0,0,0,0,0,0,0,12,3,0,0,0,0,0,1,0,0,0,0,0,254,0,0,0,8,0,0,0,0,0,7,0,182,0,0,10,0,0,0,0,0,0,0,0,320,0,340,0,0,380,0,0,0,0,0,0,0,0,0,0,0,2,0,0,0,0,0,3,0,0,0,0,0,0,0,0,0,0,0,1,11,0,0,0,0,511,0,0,374,0,0,0,46,0,0,18,0,0,203,0,0,0,0,0,0,0,0,0,0,56,0,0,0,0,0,84,0
"736",0,2,1,0,0,0,0,32,101,0,1,0,0,41,8,0,27,0,1,0,53,22,0,0,11,1,1,0,57,0,0,0,0,22,2,0,1,427,0,0,0,0,0,43,0,18,36,4,0,0,1,0,0,0,148,1,0,0,0,81,1,13,0,3,139,6,215,0,0,0,20,2,1,1,0,0,0,0,0,47,2,2,62,0,13,1,171,0,0,36,0,120,0,0,0,0,0,0,15,0,0,0,0,3,1,1,264,2590,0,0,0,12,0,12,0,0,0,375,55,0,1,0,0,0,1,84,0,0,15,163,9,1,0,0,0,0,1,0,0,0,1,0,0,0,0,0,1,1,1,0,1,1,0,1,1,0,0,0,156,14,0,3,0,831,0,0,1,0,1,0,3,0,0,0,0,0,4,6,442,1,3,0,0,0,1,0,0,0,41,0,0,110,3,1,29,0,0,1,0,189,0,0,0,5,0,71,1,0,0,0,0,0,62,20,4,1,159,177,0,4,82,33,33,60,0,0,79,0,9,14,34,0,1,673,0,1,3,17,0,1,0,0,0,30,0,7,0,58,0,13,0,4,6,1,26,6,1,1,16,8,4,0,0,1,0,0,0,0,59,762,0,81,17,0,0,0,3,2,7,9,0,0,20,0,0,0,0,0,32,9,0,0,0,0,7,9,1,0,0,22,25
"737",0,0,0,0,0,0,1,0,0,0,2,0,0,0,272,0,0,0,0,0,0,9,0,0,0,3323,0,0,73,0,11,0,0,58,0,10,20,1,5,0,0,0,0,0,0,6,0,0,0,0,0,0,0,0,0,1,0,0,0,0,0,0,0,0,0,0,0,0,0,7,0,0,0,0,0,0,0,0,138,1,0,0,1,0,0,5,0,0,0,6,0,4,0,0,0,0,0,0,26,0,0,0,0,0,0,0,0,2186,0,0,0,19,0,18,0,0,0,0,23,0,0,0,0,0,78,0,5,0,0,0,0,17,0,0,0,0,914,0,0,0,89,0,0,0,0,0,4,0,1,0,0,0,0,0,0,0,0,0,0,41,0,0,0,512,0,0,0,0,0,0,0,0,0,0,0,0,0,1,17,0,0,0,5,0,0,0,0,0,0,1,0,17,0,0,0,0,0,0,0,0,0,0,0,3,493,0,0,0,0,0,0,0,0,0,3,0,82,0,2,0,3,0,0,0,0,0,0,0,13,0,1,0,0,461,0,0,0,0,0,0,0,0,0,0,0,0,0,0,0,0,0,4,1,0,5,10,0,0,9,0,0,0,0,5,0,0,0,0,0,72,0,0,605,0,0,0,0,0,6,1,0,0,29,0,0,0,0,0,0,0,0,0,0,34,0,0,0,0,0,30,0
"738",0,0,0,0,0,0,20,0,0,0,0,0,0,0,115,12,0,0,0,0,0,59,0,72,0,3697,0,0,12,44,0,0,0,245,0,0,29,142,0,0,0,0,0,0,0,230,0,0,0,0,0,0,0,0,0,0,1,7,0,357,0,0,0,2,0,0,38,0,5,0,90,0,0,0,0,1,0,0,0,0,0,0,2,0,0,5,1,0,0,30,0,79,1,0,0,35,0,1,145,0,0,14,0,0,0,0,0,294,0,0,0,445,0,0,0,0,0,0,0,2,0,0,0,1,145,0,0,0,0,0,0,0,135,0,0,0,28,1,0,3,1,1,0,0,0,0,12,0,0,0,0,63,0,0,0,0,0,0,0,0,0,1,0,0,0,0,0,0,0,0,0,0,1,0,17,0,0,0,0,0,0,0,0,0,13,9,0,0,0,0,12,57,2,0,0,1,0,0,0,0,0,0,0,488,0,0,0,0,0,30,0,0,0,0,31,0,0,218,0,0,0,0,0,0,0,0,0,0,0,0,143,0,0,94,18,0,0,26,0,0,0,0,0,0,0,0,0,0,0,0,0,12,0,25,20,5,1,0,0,0,0,0,0,2,1,3,0,0,0,193,0,0,59,0,2,0,0,0,0,1236,0,0,438,0,0,1,0,6,0,0,0,0,0,0,0,0,1,0,0,0,0
"739",0,0,0,0,19,0,0,23,0,0,0,0,0,25,14,0,0,1,0,0,19,1,0,0,0,968,0,0,12,17,39,0,0,89,0,0,13,17,0,0,0,0,287,5,0,18,0,0,0,1,1,0,0,0,0,0,0,5,0,6,0,1,0,0,0,0,7,0,0,0,8,0,0,0,0,0,0,0,0,1,0,0,0,0,22,0,574,4,0,34,17,0,3717,0,0,0,0,0,35,0,0,15,0,0,1,0,14,1271,0,16,0,126,0,16,0,31,1,0,59,0,0,0,0,1,245,0,6,0,3,0,9,21,66,7,0,0,227,0,0,0,24,12,0,0,0,0,4,0,0,0,1,13,0,3,0,0,0,0,0,14,0,4,0,4,0,0,0,0,0,0,1,0,59,0,0,0,0,1,49,0,0,0,0,0,0,0,0,0,0,1,0,6,0,0,0,0,0,0,1,946,0,0,0,114,0,7,1,0,1,0,5,0,0,0,11,0,86,8,90,0,0,0,0,0,0,12,0,0,37,0,82,0,0,112,0,0,0,0,0,0,0,0,0,0,0,0,0,0,0,0,0,1,12,0,1,7,1,0,6,3,5,0,0,5,1,0,0,0,1,272,0,0,79,0,1,0,0,0,4,9,0,0,55,0,0,0,0,3,0,6,0,0,0,0,33,0,4,0,0,9,0
"740",0,0,0,0,0,0,0,37,0,1,3,0,0,0,0,0,0,0,0,0,48,51,1,0,0,2836,0,0,0,0,175,0,0,49,0,0,22,264,4,0,0,0,136,102,0,659,0,3,0,0,6,0,1,0,151,0,0,0,0,44,0,10,0,0,0,0,149,0,0,0,49,0,0,50,0,0,0,0,0,92,0,6,8,0,161,5,6,0,0,88,0,0,0,1,0,0,0,0,29,0,0,0,0,0,0,0,0,65,0,0,0,36,0,22,0,0,0,0,52,0,0,0,0,0,47,0,0,0,13,0,105,157,57,0,0,0,0,0,0,3,0,0,0,0,0,0,21,0,0,0,6,107,0,1,0,0,0,0,0,41,0,2,3,286,0,0,1,0,0,0,0,0,3,0,0,0,0,129,349,0,0,0,0,1,0,0,0,0,0,0,0,221,0,0,0,0,0,3,0,0,0,0,0,1,205,8,0,0,1,0,0,0,0,21,11,0,38,121,116,0,58,1,0,1,0,0,537,0,28,0,130,9,0,320,0,0,0,0,1,0,0,0,0,0,0,0,0,0,0,0,0,52,19,0,6,0,4,0,85,44,1,19,0,1,0,0,0,0,0,19,0,0,0,0,0,0,0,0,4,1138,0,0,101,0,0,0,0,0,169,109,0,0,0,0,1,5,1,49,0,290,0
"741",0,1,0,0,0,0,24,0,0,0,0,0,0,0,8,13,10,0,0,0,0,79,0,0,0,0,3,0,6,0,424,0,8,58,4,0,0,0,0,0,0,0,0,0,0,0,0,3,0,0,0,0,1,0,0,5,0,0,0,392,0,0,0,1,0,1,24,0,0,215,289,0,0,0,0,0,0,0,0,173,0,29,268,0,0,3,1,0,0,0,0,1,0,0,0,0,9,0,0,0,0,0,0,15,0,0,0,1512,0,0,0,0,0,0,0,0,0,0,51,5,0,0,0,0,381,0,0,0,13,0,0,0,0,1,16,0,0,0,0,0,0,0,0,5,0,0,34,0,0,0,18,0,0,0,0,0,0,0,0,148,0,1,0,0,0,0,1,0,1,10,1,0,0,0,0,0,0,18,392,1,0,0,0,18,36,0,3,0,0,0,0,0,4,0,0,0,0,0,0,20,0,0,0,1925,0,4,0,0,0,0,0,0,0,0,8,3,131,75,0,0,57,0,0,5,0,51,0,0,0,0,47,0,2,172,0,0,4,0,0,80,0,0,0,0,4,1,0,1,0,0,0,0,45,0,0,3,1,0,0,0,7,0,0,0,1,0,0,0,10,749,13,0,107,0,0,0,0,0,0,1886,0,0,409,0,0,0,0,0,0,0,0,0,0,0,0,0,1,0,0,25,0
"742",0,0,0,0,0,0,32,0,0,0,0,0,0,0,58,0,30,2,0,0,78,20,0,8,0,1,0,8,6,0,0,1,0,40,0,0,116,0,0,0,0,0,1,0,0,77,0,0,0,1,0,0,4,0,0,0,0,3,0,200,0,0,0,0,7,0,6,0,0,0,16,0,0,0,0,0,0,0,0,248,0,0,108,0,5,2,3,0,0,141,0,12,2,0,0,1,0,0,0,0,0,4,0,0,0,0,0,642,0,0,0,0,0,46,0,2,0,0,64,0,0,0,8,0,264,2,0,0,2,0,0,146,0,1,0,0,17,1,58,0,18,2,0,3,0,0,15,0,0,1,7,7,0,0,1,9,0,0,0,1,0,7,0,0,0,1,0,0,0,0,0,7,1,0,0,0,0,0,10,3,0,0,0,0,5,0,0,0,0,1,0,199,18,0,0,33,0,0,0,426,0,0,0,1,0,20,0,0,1,6,1,0,0,0,3,1,370,0,248,0,76,0,0,0,0,13,0,0,22,0,38,0,0,2,17,0,0,0,0,29,0,3,0,0,17,0,0,0,0,0,0,3,0,0,0,6,16,0,0,11,8,0,0,4,16,0,0,0,0,16,96,5,358,0,3,0,0,0,0,5153,0,0,9,0,0,33,0,4,0,0,0,0,0,0,57,0,348,0,0,57,0
"743",0,0,0,0,0,0,1,0,0,0,0,0,0,0,3,0,0,2,0,0,89,142,0,0,0,1419,0,0,16,0,0,0,0,200,0,0,2,167,0,0,0,0,0,47,0,84,0,13,0,0,1,0,0,0,0,0,0,0,0,437,0,0,0,0,0,0,16,0,0,0,29,3,0,38,0,0,0,0,0,287,0,17,22,0,27,0,17,0,0,38,0,10,1,0,0,0,0,0,71,0,0,0,0,0,4,0,393,38,0,89,0,83,0,94,8,0,0,0,434,3,0,0,0,2,76,0,0,0,0,0,123,97,0,0,0,0,3,0,0,0,1,0,0,0,216,0,11,21,0,0,22,0,0,1,0,0,0,0,0,58,0,0,0,0,0,0,0,0,0,0,0,0,0,0,0,0,0,56,299,1,0,0,0,0,17,0,0,0,0,0,0,250,0,1,0,0,0,0,0,0,0,0,0,144,0,138,2,0,0,0,0,0,0,0,40,0,420,57,0,0,2,0,0,0,0,0,0,0,122,0,193,0,0,185,0,0,5,0,0,0,4,0,0,0,0,0,0,0,0,0,205,12,0,0,0,0,12,0,0,7,0,0,0,7,1,0,0,0,0,5,0,110,27,0,0,0,0,0,0,1613,0,0,308,0,0,0,0,0,0,43,0,0,0,0,0,0,3,98,0,231,0
"744",0,16,0,0,0,0,0,0,0,0,0,0,0,0,36,0,0,0,0,0,0,65,0,0,0,5961,0,0,123,0,84,0,0,0,0,0,56,0,0,0,0,0,0,0,0,0,0,0,0,0,0,0,0,0,10,0,0,0,0,0,0,0,0,0,0,0,0,0,0,0,0,0,0,0,0,0,0,0,0,0,0,0,0,0,0,40,0,0,0,0,0,0,135,0,0,0,27,0,0,0,0,0,0,0,0,0,0,0,0,0,0,0,0,1,0,0,0,0,43,5,0,0,0,4,0,0,0,0,0,0,52,48,0,0,0,21,5,0,0,0,156,0,0,0,0,0,17,0,0,0,0,0,0,0,0,0,0,0,0,0,0,0,0,0,0,0,0,0,0,0,0,0,0,0,0,0,0,14,0,0,0,0,0,0,0,0,0,0,0,0,0,0,26,0,0,0,0,0,0,0,0,0,0,0,0,59,9,0,0,0,0,0,0,0,0,0,0,0,207,0,0,0,0,0,0,0,0,0,1,0,0,0,0,0,0,0,0,0,0,12,0,0,0,0,0,0,0,0,0,0,0,0,0,0,0,0,0,0,0,0,0,0,0,0,0,0,3,0,0,422,0,0,1554,0,0,0,0,0,0,38,0,0,0,0,0,0,0,0,0,0,0,0,0,0,49,0,43,0,0,130,0
"745",0,0,0,0,18,0,1,0,0,0,0,0,0,0,0,0,0,0,0,0,0,41,0,0,0,2525,0,0,14,56,0,0,0,5,0,0,50,0,0,0,0,0,0,0,0,120,0,0,0,0,0,0,0,0,0,0,0,0,0,439,0,0,0,0,0,0,0,0,0,25,82,0,0,106,0,0,0,0,0,252,0,0,103,0,0,0,0,0,0,38,389,0,0,0,0,0,0,0,36,0,0,0,0,0,0,0,0,749,0,0,0,0,0,0,0,0,0,0,70,0,0,0,0,10,0,0,0,0,3,0,8,277,0,0,0,0,0,0,0,0,0,0,0,0,0,0,0,0,0,0,16,0,0,0,0,0,0,0,0,73,0,0,0,6,0,0,0,0,0,0,7,0,0,0,0,0,0,67,0,0,0,1,0,6,0,0,0,0,0,0,0,151,0,0,0,0,0,0,0,0,0,0,0,266,0,0,0,0,0,3,0,0,0,0,0,0,279,7,0,0,0,0,0,0,0,0,0,0,0,0,0,0,0,617,0,0,6,0,0,0,0,0,0,0,4,193,0,0,0,0,0,0,0,0,0,0,0,0,0,4,0,0,0,0,0,0,0,0,0,1,0,0,145,0,0,0,0,0,0,2722,0,0,118,0,0,0,0,0,0,0,0,0,0,0,222,0,4,0,0,116,0
"746",1,0,0,0,0,0,142,0,0,0,0,0,0,0,47,0,0,0,0,0,0,32,0,0,0,2606,0,0,10,1,57,0,0,224,0,0,0,56,0,0,0,0,0,0,0,40,0,0,0,0,28,0,0,0,0,0,0,0,0,0,0,0,0,0,0,0,0,0,155,0,0,0,0,0,31,33,0,0,0,57,0,0,0,0,0,5,0,0,0,0,12,2,81,0,0,0,15,0,0,0,0,14,0,0,0,0,0,42,0,0,0,0,0,0,0,0,0,0,13,0,0,0,61,0,35,0,0,0,0,0,0,0,0,0,0,110,22,0,0,0,4,0,0,0,0,0,0,1,0,0,3,0,0,0,0,0,0,0,0,0,0,0,0,1,0,1,0,0,0,0,5,0,1,0,68,0,0,0,173,0,0,0,0,0,12,0,0,0,0,0,18,2,0,0,0,0,0,3,0,0,0,0,0,194,274,0,0,0,2,0,0,0,0,0,0,0,46,0,59,0,0,0,0,0,0,0,0,0,0,7,0,0,0,0,0,0,3,0,0,4,0,0,0,0,0,0,0,0,0,0,0,0,37,0,0,18,2,0,0,0,0,0,0,2,5,0,0,0,0,3139,0,0,267,0,0,0,1,0,8,1008,0,0,447,0,0,0,0,0,0,0,0,0,0,0,0,0,48,0,0,81,0
"747",0,0,0,0,0,1,0,0,0,0,0,0,0,0,1483,0,0,0,0,0,0,7,0,0,0,993,0,0,4,23,1,0,82,0,0,0,2,0,2,0,0,0,0,6,0,0,0,0,0,0,114,0,0,4,0,0,0,0,0,0,0,0,0,109,0,0,12,0,0,0,0,0,0,0,0,0,0,0,0,23,0,0,20,0,0,150,0,0,0,11,0,83,14,0,0,0,0,0,0,0,0,0,0,0,0,0,0,238,0,10,0,0,0,22,0,0,0,4,52,0,0,0,0,2,505,0,0,0,0,0,0,2,0,10,0,9,27,0,0,0,569,0,0,0,0,0,1,0,0,12,12,0,7,0,1,0,2,0,0,0,0,0,0,0,0,0,0,0,0,0,0,1,4,0,0,0,0,24,6,0,0,0,0,0,0,0,0,0,0,0,0,39,0,0,0,0,0,0,0,0,0,0,0,0,0,59,0,0,2,3,0,0,0,0,0,0,38,0,645,0,12,0,0,0,0,0,0,0,0,0,27,0,0,489,0,0,23,0,0,0,0,0,0,0,0,0,0,0,0,0,0,0,0,0,10,86,0,0,0,0,0,0,0,0,5,0,0,0,0,1460,0,0,1337,8,0,0,0,0,0,141,0,3,397,15,0,461,0,0,6,0,0,0,0,0,8,0,44,0,0,17,0
"748",0,0,0,0,0,3,41,42,0,0,1,0,0,0,48,0,72,0,0,0,24,147,0,0,0,4567,0,0,8,1,4,0,0,412,0,0,0,6,0,0,0,0,0,0,0,245,0,11,0,0,0,0,0,0,5,0,0,0,0,16,3,0,1,0,0,0,0,0,0,0,0,0,0,0,0,0,0,0,0,0,0,0,0,0,0,30,0,0,0,37,0,4,0,0,0,0,0,0,0,0,0,0,3,0,0,0,95,340,0,0,0,0,0,29,0,0,0,0,16,6,0,0,0,1,376,0,0,0,0,0,1,1,0,0,0,0,0,0,3,0,126,0,0,0,0,0,8,0,0,0,0,29,0,0,0,0,5,0,0,0,4,0,0,0,0,0,0,0,0,2,0,0,167,0,0,0,0,145,0,15,0,0,0,0,0,0,0,0,0,0,0,54,1,0,0,0,0,0,0,0,0,0,0,0,0,54,0,0,1,3,79,0,0,0,0,0,0,94,336,0,2,0,0,0,0,0,71,0,0,0,0,0,0,684,0,0,0,0,0,15,0,0,0,0,0,0,1,0,0,0,0,0,34,0,0,214,12,0,0,10,0,0,0,0,0,0,0,0,3,4,0,0,355,1,0,0,0,1,0,233,0,1,546,0,0,0,0,1,0,9,0,0,0,0,0,0,9,0,7,0,0
"749",1,0,0,0,0,0,1,14,0,0,0,0,0,0,10,0,1,8,0,0,19,64,0,5,0,4604,0,0,14,1,89,0,0,240,0,0,2,3,0,0,0,0,0,29,0,468,0,4,0,0,1,0,0,0,2,0,0,0,0,82,1,0,0,0,0,0,173,3,0,0,32,0,0,66,0,0,1,0,0,36,0,0,24,0,0,0,0,0,0,22,0,1,104,0,0,14,0,0,0,0,0,0,0,0,1,0,19,18,0,0,0,0,0,14,0,0,0,0,115,1,0,0,0,1,34,0,0,0,0,0,0,228,0,0,0,1,76,0,35,0,64,0,0,0,0,0,5,1,0,0,28,0,0,0,1,0,0,0,0,45,0,0,0,0,0,0,1,0,0,0,0,0,1,0,0,0,0,12,0,0,0,0,0,0,0,15,0,0,0,0,0,5,1,0,0,0,0,0,0,0,0,0,0,0,0,4,0,0,1,1,0,0,0,4,10,0,152,6,57,0,28,1,0,0,0,0,0,0,118,0,250,0,0,840,0,0,0,0,0,0,0,0,48,0,0,22,0,0,0,0,2,0,13,0,2,4,0,0,0,44,0,0,0,1,0,0,0,0,1,4,0,40,204,0,0,0,0,0,0,657,0,0,355,0,0,0,0,0,0,2,0,0,0,0,12,0,2,0,0,80,1
"750",0,36,0,0,0,0,2,0,0,0,7,0,0,0,6,0,1,0,0,0,0,18,0,6,0,2310,0,0,45,3,160,0,0,0,0,0,0,0,0,0,0,0,0,0,0,1959,0,0,0,0,0,0,0,0,0,2,0,1,0,24,0,0,0,0,0,0,0,0,52,0,0,0,0,0,0,3,0,0,0,24,0,0,215,0,0,21,0,0,0,0,0,2,0,0,0,0,0,0,0,0,0,10,12,0,0,0,0,4,0,0,0,0,0,0,0,0,1,0,0,1,0,0,25,0,12,0,1174,0,0,0,9,0,0,0,2,0,4,0,0,0,5,0,0,0,0,0,13,0,0,0,0,0,0,0,0,0,0,0,0,0,0,0,0,0,0,0,0,0,0,0,0,0,1,0,29,0,0,0,0,2,0,0,0,0,4,1,0,0,0,0,0,44,1,0,0,0,0,0,0,107,0,0,0,1407,188,9,6,0,2,1,0,0,0,0,3,0,0,0,1,0,0,0,0,0,0,0,0,0,0,0,0,0,0,296,0,0,0,4,0,35,0,0,0,0,3,61,23,0,0,0,0,0,0,0,0,12,0,0,0,0,0,0,0,1,1,0,0,0,7,15,0,0,116,0,11,0,0,0,0,537,0,0,414,0,0,0,0,0,0,40,0,0,0,0,0,0,19,0,0,0,0
